0.0,0.45636482609120793,0.32600936014164583,0.0,0.4206450434457538,0.4426430583030663,0.43060000167148443,0.39995584768073533,0.40390312723893584,0.34361605090657943,0.38367208080326426,0.37954172889487986,0.4871032281900798,0.33464949448089987,0.7110451848684726,0.4047981996556565,0.32065413157997075,0.25649565715700107,0.0,0.5627971159528846,0.33947921205262016,0.5059289551233809,0.44144891984238355,0.4579752989233281,0.1972523662481908,0.6539236414821241,0.6073004403555817,0.473306737210063,0.2803170003097495,0.5624453414771228,0.298698042165415,0.280769482596682,0.1845177598161276,0.09172605874643022,0.22097724734627983,0.5983318702080996,0.49593365072855417,0.43447391818296494,0.642206847752866,0.6958981245344797,0.441299698081861,0.4936062978316997,0.4743367467744499,0.0,0.4227292520429,0.2880888459448373,0.5193084239402033,0.0,0.0,0.0,0.44176636047626866,0.0,0.5541446772231006,0.0,0.4223425577185174,0.0,0.5034423045985309,0.7132298319201194,0.0,0.669330203163031,0.569442667543848,0.27658598995888223,0.5806934590185504,0.0,0.42501500535990033,0.6841420708022599,0.5746124428362742,0.39121358085273517,0.45462101288836904,0.6393336171531568,0.4220353346707275,0.4644944071007999,0.402754124957995,0.4635823181154679,0.0,0.4517668065867771
0.45636482609120793,0.0,0.5016608265794942,0.32100698791045534,0.38404482120147976,0.5435168868046596,0.37323446935652127,0.6274171111382832,0.39193546546622215,0.41070737494000203,0.32289117182526794,0.4370206650766789,0.44535187530649406,0.4988902860738168,0.801151060919883,0.6837336102164846,0.8182671565767589,0.4869554282488831,0.6174323369112138,0.7408391926617892,0.7487089527849522,0.7501769166570837,0.6808753327801504,0.42883525450295723,0.3240838398589619,0.4561019065814277,0.769780089154084,0.3814016139098264,0.5385316963510381,0.47777885571759904,0.5170782847201081,0.5173831926335021,0.5508643129207151,0.45158937063362437,0.6352545217922048,0.43478351498031875,0.24977877841580065,0.0,0.6756281454219082,0.9032145866765067,0.6073550359706684,0.5337916088747867,0.6179369129976083,0.0,0.0,0.5319164159913223,0.6830729385874774,0.04889322767599491,0.0,0.0,0.4177607963232367,0.5949409846327536,1.0020010828581207,0.559516275434602,0.6209683439605622,0.0,0.42644205576251815,0.6010910784564316,0.0,0.9603200112864398,0.5792458363822923,0.619791190304063,0.6756101214825322,0.0,0.7470979197929796,0.9653227550083188,0.9214270158056641,0.7542726184771481,0.3724888142850625,0.4132596752222013,0.7824891160358369,0.8454854091958419,0.5838865853756692,0.33561276443032495,0.0,0.8824844823248069
0.32600936014164583,0.5016608265794942,0.0,0.44853989037174813,0.0691741273281016,0.1637427973639758,0.14753159003211497,0.27390079728341465,0.10510531818994179,0.4081377670593932,0.22240811435954982,0.4817148987048815,0.17882910030435367,0.10216953359168407,0.3339931469457226,0.37651478544242023,0.5820952006827302,0.505086761262181,0.11939326215750556,0.3685327527100434,0.3406160403572256,0.5015454415349818,0.014078191433356702,0.39563907872021403,0.5078688140830341,0.43218031169717375,0.009490262987505355,0.1813299287187014,0.5475175294635747,0.55816890336855,0.15922251434713142,0.02353008011212887,0.45951409408295085,0.05388748411729344,0.5022292157967536,-0.04543070735431315,-0.14041843578987379,0.42910811716044295,-0.22720057477966737,0.46982891567390844,0.38086608647949133,0.5247205214814235,0.16639321351297445,0.6133945744660618,0.0,0.0,0.19401307994698208,0.18733184657057256,0.4724204783136462,0.3431950496694071,0.4871691154762147,0.37489347423100866,0.3851500245100915,0.39527583316263804,0.3860725116680821,0.1974027058883763,0.455586877780847,0.4399924212423724,0.22597366225335128,0.2431211004249152,0.0,0.0,0.0,0.0708086250291616,0.5889016577520311,0.43736076729876244,0.09578117920007795,0.4827475862302292,0.0,0.6245174099983408,0.3356327668276382,0.44583698152114604,0.4442563019016169,0.5955352568264854,0.6792739283963347,0.3523565539868167
0.0,0.32100698791045534,0.44853989037174813,0.0,0.37614153559355373,0.06298101192326461,0.5871592853104792,0.6860985592346605,0.051511776714098734,0.21362868478109803,0.15128056728592532,0.16280064997840868,0.5111048109293986,0.5713631905344337,0.5438294896281491,0.07467381247157279,0.534904834512087,0.4729241072920192,-0.006168439064718201,0.5463619413361178,0.43030115993902396,0.497983745807673,0.4650571299732579,0.2191096047219097,0.8651223069003986,0.5884626810273232,0.0004071217231091939,0.381544621651388,0.3825578522246669,0.4767254743211515,0.3029457965308344,0.1636113789886732,0.16297532858645475,0.15716440927275838,0.16842083477226705,0.4076942332561691,0.361231180345348,0.13292228932125416,0.13049707401469102,0.2826743353303569,-0.44209612393118347,0.27057264629335587,-0.06191771206290536,0.22330528422345924,0.0,0.0,0.0,0.3738685721761552,0.0,0.0,0.5759981457321941,0.0,0.4682894086435587,0.02118495035675582,0.0,0.17487865620567833,0.4552557410416841,0.4469314103916201,0.0,0.0,0.0,0.0,0.0,0.0,0.0,0.0,0.45407518554236703,0.5269576424587263,0.0,0.0,0.0,0.4639423433297697,0.5185068852999923,0.5585586225552098,0.0,0.0
0.4206450434457538,0.38404482120147976,0.0691741273281016,0.37614153559355373,0.0,0.23966295535044946,0.3782047752276844,0.5781187447090992,0.14465033895970314,0.6606865682315656,0.2792142650048202,0.5120034215151907,0.6239759927343077,0.3578315909901506,0.44190480713538827,0.489175560410394,0.7097939022502717,0.3334170818096241,0.1367047236795805,0.33051840130993304,0.4658700398149088,0.26486137322130177,0.2965474295617727,0.4993370512311365,0.3993954869395166,0.7911974958695664,0.2241892543165208,0.674594724544322,0.14254908088119936,-0.14606497207593228,0.3655799254690857,0.2397559944459828,1.070315045088379,0.4059005406733403,0.2575492860085723,0.3149120065641387,0.17439417922446745,0.43078491765623284,0.48035283031372034,0.7103558558628948,0.5203900865390846,0.41802736976993404,0.2684002779869917,0.6843879485553175,0.2480190078934137,0.0,0.38801764347221257,0.08999809900165856,0.0,0.28381608358997534,0.5086542924877011,-0.14632303696749377,0.44727059395509283,-0.07198862597820493,0.0,0.20266726176216945,0.3326393961075599,-0.2714896624055977,0.0566235253103296,0.24742607126846283,0.44680537862292,0.0,0.0,0.12862363159138807,0.3253559967354269,0.4924132330269886,0.3798594493391506,0.5173391238697832,0.0,0.4706204407631067,0.5688730168979602,0.42691988648411505,0.5449559616722598,0.4200112190283451,0.0,0.4661605135655863
0.4426430583030663,0.5435168868046596,0.1637427973639758,0.06298101192326461,0.23966295535044946,0.0,0.25402065776856153,0.44193099785694223,0.25884114420918297,0.3723045035934428,0.24548833658229896,0.5980627217714264,0.30206795641006,0.1332416058500977,0.5375459384242469,0.5719377858466189,0.48115112841001045,0.37528668017820926,0.07720076179622659,0.412839607120292,0.4437258084225114,0.3762248310395523,0.5183876800064313,0.29784982081775,0.727369867848858,0.4884815453193295,0.4777997148681571,0.2599326352207565,0.30217180038438707,0.2611822492287067,0.25691543370117637,0.1941435118665967,0.25479820671269543,0.20924222114471902,0.3032801704580178,0.20425871530341483,0.15642687388156165,0.1567268092869673,0.47307140274843495,0.2986235570933064,0.3535757539694293,0.42254215734010026,0.6304656813466221,0.48581814545306584,0.19310235149812835,0.5806094324438111,0.4762134973949984,0.4046770791090653,0.5527249787987344,0.43178892865638163,0.5390805679616256,0.5072476949784402,0.5401568104612735,0.3559069532447946,0.6313594564754137,0.5883025468885891,0.3215212946618836,0.44484025270628796,0.5535679067331474,0.5994725500242875,0.5580956036070934,0.0,0.5208064527938367,0.3093367350587858,0.47397020090603437,0.3117052498753534,0.6705810999469677,0.5620486769809786,0.5816997185119649,0.4644446356737981,0.6384162695808209,0.5225034613152996,0.3466271544416927,0.4587656905235867,0.3173517141632646,0.32533433957817603
0.43060000167148443,0.37323446935652127,0.14753159003211497,0.5871592853104792,0.3782047752276844,0.25402065776856153,0.0,0.34910728330092566,0.29796633674377915,0.5058907688518428,0.2729817696262741,0.5736662757055038,0.6394072862281848,0.2587854088388665,0.4816211087782159,0.38491034798316137,0.6968181697830764,0.5874791776719227,0.19343225175510437,0.3016567986769052,0.24139342688948512,0.298348935271616,0.3657994446943988,0.3981568082727342,0.6088772425231709,0.5384253255133906,0.25657226523379106,0.691805726652758,0.17031927029042354,0.3285039311079798,0.44347157192975795,0.5300655229733651,0.5330671515172792,0.385677538114692,0.28471949864480856,0.6931733356089428,0.4790606616859684,0.7691396482146995,0.43824267372796616,0.39524135263313726,0.5679961681830015,0.5138102434724584,0.5796457023166104,0.7547773207352513,0.3203695655345522,0.0,0.5530813886102356,0.3898420127010346,0.0,0.5081158336474872,0.3675459749804483,0.5406710946632574,0.48640877911803726,0.5952234656941021,0.5537303664428811,0.46726046459831255,0.43109172688073194,0.45612420668453524,0.3797617597773544,-0.10742919829206182,0.5764896959746086,0.0,0.5232104120659095,0.5626305162444394,0.5646414684750373,0.49092146021414607,0.5872041238948615,0.4967113478500779,0.4692494955009241,0.5966644195505428,0.5059090435519912,0.4210608477012502,0.5288673461612838,0.10315159453521583,0.7554377865918899,0.15847867391847442
0.39995584768073533,0.6274171111382832,0.27390079728341465,0.6860985592346605,0.5781187447090992,0.44193099785694223,0.34910728330092566,0.0,0.2745162663353242,0.5171032049928691,0.4024946709326259,0.6273521510126898,0.41999680455998134,0.7039423530411203,0.6050764781376691,0.4837433702797066,0.43096219124754365,0.20476520787382263,0.19265640725967662,0.6006691329204521,0.7138756336760057,0.4299468827556876,0.6042736981498757,0.20712730827265288,0.28650737114987623,0.4165739619968878,0.47534933598809637,0.4093002110380851,0.3079693812681553,0.543326421821286,0.368265972363934,0.2906767420925184,0.1716461434010219,0.30579742088716244,0.36277057679886365,0.4620036991790901,0.4931299574809459,0.5925305973436557,0.7006511714127108,0.42680744376867474,-0.046176058635272826,0.47865882198258886,0.49965164572380877,0.4272443433753086,0.0,0.5468161276312185,0.33594696381113154,0.41801394320723567,0.0,0.5528417398742661,0.6194468549986145,0.5757364109489179,0.4740105799472828,0.2688013976595579,0.8237649672594298,0.5104376119647329,0.9366680721015932,0.43034641697541925,0.5774047414792238,0.608934727043122,0.3668134754454462,0.0,0.6412599846628415,0.4353223706803636,0.711238333097505,0.562756385176699,0.41787193505476844,0.6962752135214261,0.0,0.4095918979098637,0.3544648728168284,0.5757391061298004,0.3923653441430958,0.6291823852514615,0.4660010291113908,0.36709903528667764
0.40390312723893584,0.39193546546622215,0.10510531818994179,0.051511776714098734,0.14465033895970314,0.25884114420918297,0.29796633674377915,0.2745162663353242,0.0,0.2997445152074745,0.1993425544294474,-0.09171823569309284,0.3478654019497808,0.22786879029022578,0.5623819053719207,0.47782740399314705,0.39518256240319527,0.5460936496032114,0.19812284952333337,0.3454261640123143,0.2827766919726147,0.29309219390375124,0.22456286547819054,0.4215795145629881,0.5356388268590861,0.5800422439151189,0.10948632381671758,0.23408131080679598,0.14556230570206594,0.23658187216620932,0.17615717983708912,0.19520176632140931,0.016395114666798605,0.15372318215055764,0.13697868107283054,0.08234293726645292,0.09142413350793382,-0.08416132018134886,-0.16441048768522754,0.47771040641712603,0.3893902312201506,0.3433691895881703,0.2589218148071771,0.4334278289121911,0.2724449564016288,0.0,0.4772810852265438,0.35359042270845087,0.4671647615629593,0.6580695869507638,0.5031886964256,0.31783137102660014,0.4048753164307246,0.24024453535465795,0.19215095486104614,0.2004870216914862,0.40794282909420787,0.2571567630932621,0.5602231677758936,0.45495851539608034,0.6583006051532783,0.0,0.0,0.27794152204155764,0.5781341026393323,0.6852347720232594,0.5290770698949998,0.47548432824545694,0.31453296247778223,0.5360725564889791,0.2781042734519648,0.42655735743889345,0.13193643307544234,0.30321492084281865,0.5013169313258352,0.1856516331965365
0.34361605090657943,0.41070737494000203,0.4081377670593932,0.21362868478109803,0.6606865682315656,0.3723045035934428,0.5058907688518428,0.5171032049928691,0.2997445152074745,0.0,0.3745052211013699,0.5752102091256452,0.6451645958966312,0.25061355486884573,0.4591008343659918,0.5917995700485377,0.5716984906665684,0.5231670319613491,0.20108534401698247,0.37808089170294656,0.4995287773137097,0.43653858265370793,0.4130569852122199,0.3971953618999211,0.7354871540357124,0.5314595533939,0.3452051114256262,0.6143748597454318,0.38182936907332254,0.36746551859609616,0.6767155232420239,0.21725190061130767,0.6591303357076795,0.4220163081969327,0.3454477336004713,0.25534393151512824,0.16071029747895033,0.41829672854962097,0.39739140190657884,0.4451392027617897,0.5951743321053413,0.42796363821683536,0.564096816235953,0.28743992052650863,0.5284108205714388,0.7789830394895114,0.4403691817120563,0.1464679866662303,0.4772946555942576,0.4122728401151069,0.498716921482108,0.4171562599804003,0.5628905668833417,0.21565636951849929,0.4368902370877818,0.41310457696684144,0.5572482984971083,0.223341662934391,0.0,0.8967262288566985,0.9231677751370668,0.5749562275225084,0.6319611817053565,0.468533527709445,0.4646019894641231,0.5466487577837886,0.9756548810409913,0.5336283394245847,0.2348171337896463,0.4425029359265371,0.48407845611330313,0.5544658948598593,0.469149652125426,0.3932233881203304,0.0,0.6036539207969538
0.38367208080326426,0.32289117182526794,0.22240811435954982,0.15128056728592532,0.2792142650048202,0.24548833658229896,0.2729817696262741,0.4024946709326259,0.1993425544294474,0.3745052211013699,0.0,0.5058020351213861,0.2728795443999754,0.28700932577367144,0.0,0.5117206108541174,0.46372321929333177,0.49297651607088155,0.24673925989326445,0.4462421867715284,0.4981719210092692,0.3763688818111681,0.15463532345141467,0.4422100248925761,0.5293665498940572,0.5347818993462601,-0.07348326872691724,0.28362561177408013,0.40003873397387724,0.5000640030128529,0.15981750893099397,0.16700543433625015,0.39300864404680597,0.2209733700883197,0.25221872545783275,0.42147854291063763,-0.16783607547641893,0.5051476802994543,-0.06760149868082777,0.5343808501275961,0.48439797313629235,0.43524476651832444,0.4145414115091789,0.552788901966129,0.18067667838330878,0.0,0.0,0.4641730646179491,0.4682738622124816,0.3182642897610303,0.4979611062096212,0.3241178920157489,0.5750706198860054,0.38378903731465097,0.44406643917395605,-0.10093327807414187,0.3759361969489266,0.40825820093268483,0.3259915321772229,0.0,0.0,0.0,0.0,0.0072525014003630706,0.34638118845136634,0.0,0.6603796315956874,0.537312822890375,0.0,0.0,0.8819964070297601,0.5130952943197795,0.2545416098235773,0.3485234226268782,0.0,0.5263506288004514
0.37954172889487986,0.4370206650766789,0.4817148987048815,0.16280064997840868,0.5120034215151907,0.5980627217714264,0.5736662757055038,0.6273521510126898,-0.09171823569309284,0.5752102091256452,0.5058020351213861,0.0,0.6224875499334838,0.6056977521769847,0.4067762152947913,0.5800854939315503,0.8746728146198752,0.6842472197269209,0.46849923233372875,0.5584812558801493,0.4477840636454643,0.42549424707784594,0.440471731733153,0.36048767708547824,0.606616561144564,0.4203079881111358,0.4818713940792734,0.4811661312711239,0.5909089179583841,-0.16553771507756224,0.6172959117443724,0.03929005569586627,0.32254836454955016,0.4436186776271049,0.37669814204629337,0.004638716471957238,0.1955166303224411,0.025802483138852195,0.30043423373205086,0.29057316219901086,0.5693038485143489,0.6880466333659383,0.37381800540558585,0.41072045633097987,0.6210660508282577,0.3868289850510702,0.5764004167106349,0.2476781233658521,0.1973039061603571,0.25772720989126763,0.3441646856367814,0.4748305049592134,0.2391864628411006,0.3835814141572368,0.40675626081461425,0.22728052230490048,0.6052770059640517,0.44444491435455746,0.6744376329579957,0.6240470447847413,0.5283637582098912,0.529384368212019,0.6688773414680846,0.3376387507728124,0.7347078449090653,0.7597878541740897,0.4096097318014352,0.5406165487750867,-0.00946971799149024,0.5392176742642674,0.5244978833424556,0.3438710168640903,0.5770507862716645,0.4654259827818428,0.0,0.4898870567808895
0.4871032281900798,0.44535187530649406,0.17882910030435367,0.5111048109293986,0.6239759927343077,0.30206795641006,0.6394072862281848,0.41999680455998134,0.3478654019497808,0.6451645958966312,0.2728795443999754,0.6224875499334838,0.0,0.5129332588703266,0.42984510832944534,0.4196138250594573,0.5983171931403899,0.39061577662480684,0.2184345710161102,0.3337950394658691,0.3665970513656761,0.30201517866364036,0.43958209144626736,0.34629678908476813,0.6375438512545759,0.5111215939277549,0.37042281610955097,0.5815050720009287,0.21111498453651426,0.3671153627113137,0.38227373337933535,0.5382065061249576,0.6505660192372438,0.4183090486913732,0.3561654924296375,0.7317562801424917,0.6010194946330915,0.49015610257273945,0.47893724689412265,0.4639073171179877,0.6736700674072458,0.5254909164108849,0.5570311329328038,0.3755348678908421,0.36481244342806496,0.5776637061701945,0.6232158613787102,0.46119994356072946,0.0,0.6162444436776627,0.46318566237054226,0.5055989711244857,0.40153125451658606,0.5386156197374796,0.4915476734248819,0.4270510508245311,0.43201175237795675,0.23827948336101762,0.4147358469254182,0.48126504628700006,0.4772624335319388,0.3771417262985801,0.5398109917561534,0.5056388893901901,0.4465224786424849,0.4667962174566474,0.5091738555989215,0.5561873794789516,0.4822412299663292,0.46663729561325606,0.455111569848818,0.5351755379962825,0.5194885972015124,0.35745044527792336,0.506714265974767,0.30708637530540406
0.33464949448089987,0.4988902860738168,0.10216953359168407,0.5713631905344337,0.3578315909901506,0.1332416058500977,0.2587854088388665,0.7039423530411203,0.22786879029022578,0.25061355486884573,0.28700932577367144,0.6056977521769847,0.5129332588703266,0.0,0.5137333364759047,0.55460426687109,0.4551073609218522,0.4989108576551557,0.12337661573445985,0.3866675312167741,0.4926546241416161,0.2498727262048814,0.49013862116127044,0.6025647593115004,0.5176197741439478,0.416725981058919,0.33382364627004046,0.362659029496601,0.37826391853442687,0.7605263221823755,0.32820859454211065,0.242323104393562,0.2439063865137053,0.36062393253084024,0.35461962994246365,0.1685767154197163,0.25165304937280814,0.40227570277836056,0.1075079137445002,0.0,0.6876657787630167,0.8174544733556557,0.48551860879556646,0.47164917198358314,0.0,0.0,0.0,0.27750359570116884,0.0,0.5721954588035059,0.4463293506936372,0.2662263072348609,0.5457953202346142,0.14340801896818153,0.0,0.4060449622209842,0.38337258416861375,-0.22872276078233938,0.234112473516846,0.0,0.0,0.0,0.0,0.30137929378635586,0.0,0.0,0.0,0.5797135099432869,0.0,0.0,0.0,0.46493004070153454,-0.47699058136877204,0.0,0.0,0.0
0.7110451848684726,0.801151060919883,0.3339931469457226,0.5438294896281491,0.44190480713538827,0.5375459384242469,0.4816211087782159,0.6050764781376691,0.5623819053719207,0.4591008343659918,0.0,0.4067762152947913,0.42984510832944534,0.5137333364759047,0.0,0.6186729579784278,0.3799002420875397,0.3602960127551177,0.0,0.688913361610574,0.7443195617263821,0.4962031431972147,0.39176451125507106,0.3521042149849435,0.6642506601197379,0.6175368636515489,0.5734713008794952,0.23117472339614237,0.5929500105355323,0.39326031001786327,0.45939344394896964,0.4222328117574159,0.6030870228407129,0.47108396699944427,0.522408721626,0.5000337523548652,0.3627407395731156,0.3722848112924402,0.6011399706583709,1.0047645406326111,0.6551286360698002,0.5663703367839292,0.44912339059054696,0.5980317570373066,0.0,0.573173505360328,0.7951227616410519,0.4455815860798839,0.0,0.0,0.531505154002085,0.679613405087173,0.6510143990949024,0.5263273317981889,0.0,0.0,0.6510179689243117,0.5220554059364899,0.4708609889169082,0.8768800420379704,0.45402265377247886,0.6150113919547526,0.7218309067545583,0.0,0.9547211213679302,0.760209782745355,0.9146835633989501,0.8589287320405706,0.4400508853619144,0.5501105084588184,0.748389625020587,0.8415116019121822,0.4364024932736651,0.6344309113266677,0.49269474976758965,0.569085282988266
0.4047981996556565,0.6837336102164846,0.37651478544242023,0.07467381247157279,0.489175560410394,0.5719377858466189,0.38491034798316137,0.4837433702797066,0.47782740399314705,0.5917995700485377,0.5117206108541174,0.5800854939315503,0.4196138250594573,0.55460426687109,0.6186729579784278,0.0,0.7636240933469478,0.7218392034659513,0.445821557971008,0.6041158278955506,0.5587893136869949,0.7176228967739128,0.5009846575136622,0.6999462714859361,0.5803689492868096,0.6521850896292642,0.6712839255090375,0.3556949728030905,0.6153024727515286,0.41177452724581226,0.5329882579285539,0.41373351330268243,0.3029851892505856,0.40910202890001324,0.6057963893870977,0.6320691591488308,0.3521531332912222,0.5844988009090815,0.6948707851836222,0.580449230820089,0.6039358692363503,0.4043599935626383,0.4716096303206393,0.0,0.0,0.4430104603718288,0.6732272558234522,0.0,0.0,0.0,0.5141934070721145,0.5814696701672304,0.8615116474519557,0.0,0.5970126315649694,0.0,0.4517291742909608,0.5819611903241273,0.0,0.7879438048254732,0.6201643034666501,0.5828086167473561,0.7022812776581551,0.0,0.14095010097320906,0.8186744120072746,0.7725449016708215,0.5468432522671074,0.3655648073369365,0.5946061985554146,0.7803917850884067,0.6707145963236659,0.5865708004953458,0.6404031171406179,0.0,0.5021412917849327
0.32065413157997075,0.8182671565767589,0.5820952006827302,0.534904834512087,0.7097939022502717,0.48115112841001045,0.6968181697830764,0.43096219124754365,0.39518256240319527,0.5716984906665684,0.46372321929333177,0.8746728146198752,0.5983171931403899,0.4551073609218522,0.3799002420875397,0.7636240933469478,0.0,0.6111428207429557,0.6115405918719715,0.39471161236374425,0.45587359219180223,0.6402204549168402,0.4743374894713893,0.6120167745321439,0.5200817729815681,0.5693796377039316,0.5384099385597874,0.7692718013092144,0.33046920627221354,0.49901079268117576,0.7861576745633831,0.5357387958590597,0.6532683283044494,0.7090834264292005,0.77997046199238,0.5770975573460045,0.2389158390890906,0.4027940278913785,0.4802553871723466,0.22480572832044862,0.015319336934627392,0.5823802809681451,0.0,0.0,0.506987629506129,0.6173344344844831,0.522037564474452,0.0,0.0,0.0,0.0,0.0,0.0,0.0,0.1636609066998238,0.0,0.2595854040723129,0.3111213897114744,0.0,0.7629759457556627,0.49420921657935446,0.43862111708613005,0.1815819273724303,0.0,0.0,0.0,0.563562347798602,0.0,-0.11555455274737547,0.37538878899947953,0.43724678524336935,0.0,0.27656376167807034,0.4669608491890657,0.0,0.6711411779449201
0.25649565715700107,0.4869554282488831,0.505086761262181,0.4729241072920192,0.3334170818096241,0.37528668017820926,0.5874791776719227,0.20476520787382263,0.5460936496032114,0.5231670319613491,0.49297651607088155,0.6842472197269209,0.39061577662480684,0.4989108576551557,0.3602960127551177,0.7218392034659513,0.6111428207429557,0.0,0.47472871880723944,0.31518642281157505,0.26604546255165956,0.49560961170324663,0.3263878908290728,0.44576714716671084,0.42558467476600736,0.42662683163648124,0.48918260679898473,0.25509989874475336,0.2847176832079498,0.4002770734421196,0.4347670386065169,0.2187465186977676,0.4335732092192096,0.454735809986325,0.4497142380315785,0.5014175112291913,0.2500967417027148,0.3949821758325206,0.5726774519710254,0.4577212536045278,0.455334996254148,0.5627942032083921,0.0,0.0,0.5880525314510099,0.325387246452964,0.5185656826461057,0.0,0.0,0.0,0.470172925292103,0.549924761463474,0.8595459128168723,0.0,0.3516591928987636,0.0,0.6447505145147181,0.5129198020664667,0.0,0.4962558101330152,0.48049818975577085,0.7078939294833821,0.27758200622233964,0.0,0.46912626676925334,0.8010585498876943,0.519080917094258,0.7063692124474248,0.49612895639239374,0.509081983596764,0.5396199947273939,0.4639142079776627,0.670043874298101,0.4394855640587436,0.0,0.7270576547128147
0.0,0.6174323369112138,0.11939326215750556,-0.006168439064718201,0.1367047236795805,0.07720076179622659,0.19343225175510437,0.19265640725967662,0.19812284952333337,0.20108534401698247,0.24673925989326445,0.46849923233372875,0.2184345710161102,0.12337661573445985,0.0,0.445821557971008,0.6115405918719715,0.47472871880723944,0.0,0.5389267424659386,0.45107686229427474,0.6789709906708152,-0.052562476032160244,0.4356661828987715,0.5050277371487619,0.4744126511489288,-0.13151719986014399,0.21986269009035103,0.5769607481299533,0.581179814112879,0.09298953212686345,0.033037002509909374,0.44452762771057375,0.13542396663266196,-0.12453227150030899,0.19393242786803538,0.42914880565334534,0.37013472480252235,0.6674367983665239,0.3845620088575252,0.3891399632106868,0.2025590915162394,0.14733458215519318,0.35149602743319636,0.4016762976377285,0.0,0.0,0.37784608348610704,0.0,0.47102927339844547,0.30216005089569187,0.45321523516720064,0.24978551534674254,0.1536108681668249,0.8628562976962926,-0.24995065333911304,0.4959327367673534,-0.06458745124466608,0.4247229748725501,0.0,0.0,0.0,0.0,0.3086357995913099,0.46983559329420216,0.0,0.49229150073256156,0.35784956939647605,0.0,0.0,0.0,0.2615131412986498,0.48430661530377067,0.4266441071486513,0.47035684922731236,0.5267964993257493
0.5627971159528846,0.7408391926617892,0.3685327527100434,0.5463619413361178,0.33051840130993304,0.412839607120292,0.3016567986769052,0.6006691329204521,0.3454261640123143,0.37808089170294656,0.4462421867715284,0.5584812558801493,0.3337950394658691,0.3866675312167741,0.688913361610574,0.6041158278955506,0.39471161236374425,0.31518642281157505,0.5389267424659386,0.0,0.6890850349763279,0.47605524573596736,0.4141818690419649,0.786843074894104,0.90579583398257,0.6228512869418714,0.5933831757667236,0.2857831327486834,0.4920155970414626,-0.02554670235845624,0.5115250076264499,0.38404670339266483,0.3918892893788095,0.48179622547642037,0.5655430527826804,0.5041224889147009,0.28409453752431,0.7664931960599981,0.5840518507043191,0.6007701830973986,0.5666581519734797,0.4690410316164936,0.4932496374706955,0.2592799878342661,0.1961460087982935,0.44304521035200894,0.483958589384586,0.4504260779082584,0.0,0.0,0.4156642661976877,0.6062936402028927,0.672218055259606,0.3966213470716218,0.9270658503062803,0.0,0.5238878783731438,0.07296661575145841,0.0,0.783177038068867,0.5251842705315956,0.4724842121105501,0.5595731246906658,0.0,0.6685624076648957,0.6477727104047077,0.7717228855376583,0.674605900857365,0.0,0.5316306211295356,0.6014525079145213,0.6585260877592463,0.380908104607621,0.5609396896513874,0.39026655906071556,0.48583578225298973
0.33947921205262016,0.7487089527849522,0.3406160403572256,0.43030115993902396,0.4658700398149088,0.4437258084225114,0.24139342688948512,0.7138756336760057,0.2827766919726147,0.4995287773137097,0.4981719210092692,0.4477840636454643,0.3665970513656761,0.4926546241416161,0.7443195617263821,0.5587893136869949,0.45587359219180223,0.26604546255165956,0.45107686229427474,0.6890850349763279,0.0,0.7931180079833642,0.5847887071331294,0.20151902816637254,0.24793647847035583,0.6966564917933306,0.6247238488473809,0.3843737317975241,0.35396022401490856,0.48790482845266925,0.4439329567137862,0.3115128053650325,0.40058823763770923,0.3990529847529558,0.5483950865525802,0.2876534893806969,0.31139034140673577,0.5143463998126772,0.31026382903537525,0.5255668262265398,0.4151465117302705,0.3873794516871901,0.5623399297877204,0.0,0.0,0.5597883492167919,0.5487720115878852,0.6191868446519025,0.0,0.0,0.49887692243054294,0.3996090337608318,0.5223694601409662,0.49481335090405243,0.5565500951805373,0.0,0.7392541302296558,0.4809441246273262,0.0,0.671177509865005,0.5625344560364638,0.0,0.5042989367126722,0.0,0.6027900922017346,0.689597199318649,0.7616096561060139,0.4983432288205317,0.7645194717643251,0.46774761714721214,0.679622682282025,0.5096410429794286,0.4681010007551537,0.32114068462188206,0.35038917204159814,0.33454774484771754
0.5059289551233809,0.7501769166570837,0.5015454415349818,0.497983745807673,0.26486137322130177,0.3762248310395523,0.298348935271616,0.4299468827556876,0.29309219390375124,0.43653858265370793,0.3763688818111681,0.42549424707784594,0.30201517866364036,0.2498727262048814,0.4962031431972147,0.7176228967739128,0.6402204549168402,0.49560961170324663,0.6789709906708152,0.47605524573596736,0.7931180079833642,0.0,0.5902625280508993,0.996665846283268,0.5852172061253709,0.669856390601768,0.5660269855273825,0.45933006774608803,0.464483628571352,0.06945547456344259,0.3603287865305669,0.4243906786235234,0.46877292257102676,0.47681023918273646,0.6153557352832788,0.5114383991492883,0.41460317951581227,1.016028876959981,0.6387241184445656,0.7658084856375258,0.5933328636316166,0.4359383314940445,0.44223741899039315,0.345862196137277,0.23278399247932213,0.581763198973688,0.7430438470345315,0.5689810286869242,0.4708894609587694,0.2394521158444864,0.603913055873037,0.643896478038369,1.0002598682608115,0.6313718129484005,0.4079185889751217,0.0,0.4986028621002305,-0.3599960751250748,0.0,0.8239113652367087,0.6661752201823047,0.4134033367962995,0.8178328206158837,0.0,0.7339548629148425,0.7889032735154837,0.7996057523846407,0.7459475072981858,0.7117371676945548,0.7468320765506697,0.7656603716100326,0.7974081281233569,0.5145559282439696,0.5513231445491852,0.5566740037281522,0.636510458887992
0.44144891984238355,0.6808753327801504,0.014078191433356702,0.4650571299732579,0.2965474295617727,0.5183876800064313,0.3657994446943988,0.6042736981498757,0.22456286547819054,0.4130569852122199,0.15463532345141467,0.440471731733153,0.43958209144626736,0.49013862116127044,0.39176451125507106,0.5009846575136622,0.4743374894713893,0.3263878908290728,-0.052562476032160244,0.4141818690419649,0.5847887071331294,0.5902625280508993,0.0,0.2641360394447183,0.41440728011798644,0.6452650129750246,0.4551841796775022,0.3832504067876862,0.4276123289133203,0.49289361787752717,0.42088580816818283,0.4493403149310277,0.36791637783331055,0.3697593819452341,0.4583374252771708,0.4692026955768085,0.3994993844164121,0.32380839264631445,0.5590414981520837,0.7048184145782264,0.44553458606260243,0.49446779179280975,0.5953956544024761,0.5437837715049088,0.5271439142041179,0.19328604377558117,0.6818367340048642,0.4229750736569876,0.44912816945146916,0.6179462925871021,0.6475680928677554,0.4676384604776624,0.6421896349321343,0.35435066723234077,0.5583720581698258,0.22762275699054202,0.43588405082575615,0.4577335662877848,0.6629901333946947,0.7533470138732654,0.5854990365795305,0.464601989464123,0.5298640365399161,0.43707938635288146,0.6555130900187692,0.604855854079154,0.767459670783174,0.7961159937334186,0.2116197546407364,0.5842346481739215,0.6380733872535764,0.609486409099639,0.43840393244335124,0.5949775255239216,0.49989785207949844,0.47815652878093495
0.4579752989233281,0.42883525450295723,0.39563907872021403,0.2191096047219097,0.4993370512311365,0.29784982081775,0.3981568082727342,0.20712730827265288,0.4215795145629881,0.3971953618999211,0.4422100248925761,0.36048767708547824,0.34629678908476813,0.6025647593115004,0.3521042149849435,0.6999462714859361,0.6120167745321439,0.44576714716671084,0.4356661828987715,0.786843074894104,0.20151902816637254,0.996665846283268,0.2641360394447183,0.0,0.5877248898651577,0.2914976767263975,0.3762086235692937,0.5371109407895418,0.5528990422930853,0.8089416108252672,0.6304747404905442,0.4290590094177662,0.4773221253802251,0.4209349726220907,0.6755726283755482,0.37171504061881505,0.3532705844402957,0.37560887646200347,0.7914951452605623,0.6765999065326808,0.6022883241064818,0.596366882554591,0.5794850089397301,0.3576596688356004,0.5002474996984063,0.30225705045937923,0.526076185225571,0.0,0.0,0.4749317980599135,0.5768883906688491,0.29958182136246914,0.0,0.012327561329412606,0.5412433795206933,0.5440126903649908,0.5367528814677766,0.41589888580949774,0.0,0.22777700181377603,0.397226268083359,0.5402757211854241,0.6268232229225594,0.472235005227943,0.34356003428444004,1.3095176955834846,0.16340359239682611,0.840949769720685,0.3674310561418593,0.5349249737398593,0.5311244258985832,0.541117990223455,0.5958963170644156,0.5837648385686409,0.0,0.4459839946555585
0.1972523662481908,0.3240838398589619,0.5078688140830341,0.8651223069003986,0.3993954869395166,0.727369867848858,0.6088772425231709,0.28650737114987623,0.5356388268590861,0.7354871540357124,0.5293665498940572,0.606616561144564,0.6375438512545759,0.5176197741439478,0.6642506601197379,0.5803689492868096,0.5200817729815681,0.42558467476600736,0.5050277371487619,0.90579583398257,0.24793647847035583,0.5852172061253709,0.41440728011798644,0.5877248898651577,0.0,0.25219012752653,1.0152166192896117,0.46359994059625964,0.6118685947098069,0.3770138075835078,0.5086029058119564,0.16978818243598784,0.4499571032877791,0.36497591107379496,0.48622023547714754,0.4170114826143988,0.594380415312597,0.49810657981514705,0.47045217339571627,0.44660244535099103,0.4296499326504197,0.38798569014395906,0.09604550264635339,0.0,0.7785445326100291,0.2731856263533748,0.5202186964178095,0.0,0.0,0.0,0.532482137707533,0.5158545651706761,0.6377017357574156,0.42899264327305253,0.33683475410750696,0.44863796460344985,0.5030039401457145,0.40984145925404947,0.0,0.8475406573048507,0.4364381062795163,0.5075479427627603,0.503160360128617,0.0,0.4209952748510175,0.7599456800628772,1.0324100295709053,0.5346523284881282,0.41078471007407497,0.46913617353661186,0.51910535823341,1.2921529186630172,0.6394729210009638,0.47852861804802294,0.0,0.4204692063961767
0.6539236414821241,0.4561019065814277,0.43218031169717375,0.5884626810273232,0.7911974958695664,0.4884815453193295,0.5384253255133906,0.4165739619968878,0.5800422439151189,0.5314595533939,0.5347818993462601,0.4203079881111358,0.5111215939277549,0.416725981058919,0.6175368636515489,0.6521850896292642,0.5693796377039316,0.42662683163648124,0.4744126511489288,0.6228512869418714,0.6966564917933306,0.669856390601768,0.6452650129750246,0.2914976767263975,0.25219012752653,0.0,0.8291377414363771,0.42913388406006514,0.5061903760450196,0.016898052803703906,0.3971305152143731,0.3916324881132316,0.39297656091657385,0.3202828074541205,0.3893540086637657,0.40006332465203626,0.42649815035889616,0.32564896053362913,0.6608625776499923,0.4086222999232209,0.6339343224639635,0.37653455219774173,0.1914899579259991,0.5332753428424496,0.5399585842061378,0.5488213691663226,0.6889001414961786,0.6459041221346827,0.0,-0.0012266806793342034,0.5962995582314925,0.5476426782385024,0.65253135525481,0.40122370873714763,0.2858004531919276,0.0,0.47779399261197303,0.5964516908828669,0.0,0.8609476389734096,0.5650941020005766,0.5452708077192573,0.4746812717059764,0.0,0.7424726812678865,0.9612944345804666,0.8637823975073242,0.7527987978075965,0.39825202805255927,0.49039245873165416,0.6212493614516407,0.8271200983851004,0.5898037084700587,0.5824763912684889,0.43957624930116457,0.43545528600600875
0.6073004403555817,0.769780089154084,0.009490262987505355,0.0004071217231091939,0.2241892543165208,0.4777997148681571,0.25657226523379106,0.47534933598809637,0.10948632381671758,0.3452051114256262,-0.07348326872691724,0.4818713940792734,0.37042281610955097,0.33382364627004046,0.5734713008794952,0.6712839255090375,0.5384099385597874,0.48918260679898473,-0.13151719986014399,0.5933831757667236,0.6247238488473809,0.5660269855273825,0.4551841796775022,0.3762086235692937,1.0152166192896117,0.8291377414363771,0.0,0.3834476177017103,0.5108704973734917,0.6147514721377361,0.5485307544190446,0.4711071425506211,0.5182422714059167,0.4861907019638646,0.5897451635423925,0.23741032739150683,0.4212494240883117,0.3642653365379418,0.5684461752338339,0.6480571255654317,0.4470421581765324,0.4616628535629772,0.5978056641343517,0.521976622083498,0.40339871820526463,0.39663061824255513,0.638384247440895,0.3995178762474235,0.47489453357085676,0.48928484064980443,0.5965438997077936,0.4057421233327762,0.5521553729729842,0.38573915714351126,0.6844960276673389,0.44953696871299903,0.3406486450820475,0.4198905717712745,0.24007172765690687,0.7093921054945971,0.5650500430780888,0.0,0.41455568584697244,0.4173395209175413,0.634705606176512,0.5959765287526807,0.727934913433159,0.6164692414954142,0.0,0.5561707026099142,0.6571011634845798,0.6211111570642823,0.4304996026483276,0.5813524018129577,0.4017924570782836,0.41981080145770205
0.473306737210063,0.3814016139098264,0.1813299287187014,0.381544621651388,0.674594724544322,0.2599326352207565,0.691805726652758,0.4093002110380851,0.23408131080679598,0.6143748597454318,0.28362561177408013,0.4811661312711239,0.5815050720009287,0.362659029496601,0.23117472339614237,0.3556949728030905,0.7692718013092144,0.25509989874475336,0.21986269009035103,0.2857831327486834,0.3843737317975241,0.45933006774608803,0.3832504067876862,0.5371109407895418,0.46359994059625964,0.42913388406006514,0.3834476177017103,0.0,0.1619905429454495,0.4604328029307067,0.4785260842915342,0.4364350140944655,0.48612590230464225,0.03556538840260154,0.29173267412310017,0.5752512843359561,0.3183401053406122,0.3842579566901,0.3714618987525836,0.2897576516676617,0.6645154702079713,0.3599348914011452,0.4989526606921337,0.4371313979357002,0.5570666640937318,0.5992064324784006,0.5926442153031167,0.5200956473712506,0.0,0.6348901632826494,0.4349888359602857,0.5135570983352206,0.4945667267750442,0.4913865292423651,0.5579608281264843,0.45432675497946884,0.4211983633383275,0.3363004020837027,0.3348739427140492,0.5236293591671564,0.4611064482065719,0.17417883486793673,0.5626782636466653,0.6626235738819879,0.5462788257225085,0.5226399474009873,0.77227364499559,0.5670475178221452,0.4897579640960692,0.5805273410276341,0.37988972612189303,0.5571237598414317,0.43659006286733903,0.41145069959810215,0.1068464774464801,0.4383074301129004
0.2803170003097495,0.5385316963510381,0.5475175294635747,0.3825578522246669,0.14254908088119936,0.30217180038438707,0.17031927029042354,0.3079693812681553,0.14556230570206594,0.38182936907332254,0.40003873397387724,0.5909089179583841,0.21111498453651426,0.37826391853442687,0.5929500105355323,0.6153024727515286,0.33046920627221354,0.2847176832079498,0.5769607481299533,0.4920155970414626,0.35396022401490856,0.464483628571352,0.4276123289133203,0.5528990422930853,0.6118685947098069,0.5061903760450196,0.5108704973734917,0.1619905429454495,0.0,0.4745179286564547,0.42913521006394323,0.26039735629409066,0.4105073938783354,0.2756741997096286,0.29159397906775175,0.35193406378909536,0.23802722624496164,0.5026723356726899,0.5581033386924337,0.40192733636973044,0.40964189626830877,0.4354127302603582,0.35971307927663776,0.5127959355227955,0.6106706135839775,0.403294034672086,0.47220747908246286,0.5044366127012153,0.47396109483069665,0.41523551672059134,0.43353363615373025,0.5235481502738436,0.48776539357658616,0.49235028664388064,0.596275971094178,0.4161816752829207,0.5488730439420122,0.48352604650755293,0.7800499831546746,0.6577646597105911,0.5449443167346135,0.4697518673590235,0.5203905754896313,0.48459266475021157,0.545184679505122,0.48878595685699044,0.6467569902146153,0.5572183982684202,0.4635902712076466,0.5725789715565122,0.6710414852726299,0.5533911144616555,0.4137345140679862,0.5112367638341917,0.41703910201671573,0.3823076164543471
