0.0,0.5909420659206734,0.3302451369626537,0.0,0.4129889160992357,0.6146505461545835,0.44458718623588106,0.9646571774619992,0.3972746993535726,0.4944338911211351,0.36777564403215657,0.5245730491726472,0.7140457415528332,0.949079367809037,0.43519020528405405,0.5429321485423384,0.1659263998334053,0.4356695096459654,0.0,0.7819701330467339,0.37906168471717994,0.46157507107574025,0.78294535393048,0.5095406742161942,0.36360767184225157,0.5012979432057394,0.6531481462044602,0.7909069929249031,0.5407012698563822,0.5299932595713123,0.5689904806299655,0.628511550568293,0.46262890588002675,0.5170275498592778,0.3507345643234846,0.5931853862842313,0.5055562125491433,0.44594140216888734,0.5571867537946404,0.5944914562722742,0.553751094574664,0.4976398292022572,0.48475229583828994,0.0,0.4357711670159219,0.49122845433653645,0.5205349083403185,0.0,0.0,0.0,0.45228147418427045,0.0,0.5720891157303902,0.0,0.22710787989318368,0.0,0.5270227035432788,0.7386239985589905,0.0,0.5504952582202547,0.5405481299512747,0.2990725408582251,0.4965069540694989,0.0,0.43741265886469105,0.5723689550317215,0.48549850235791026,0.594499457324035,0.581700822318818,0.6175219188754085,0.6148141182364365,0.4867398520055993,0.3991542025613503,0.4931755655447162,0.0,0.4751052541878621
0.5909420659206734,0.0,0.3441136812043469,0.3073716695047141,0.18229159238227316,0.28729386061055107,0.0974630337676814,0.518349525653505,0.20379492902893612,0.4427199949309102,0.3254571261898501,0.4333586596933844,0.17842071640393015,0.4760301131726804,0.48770553401884,0.4355315870027411,1.0152750889004383,0.4825244875823341,0.6089811353175368,0.35492439751327065,0.5840746379946766,0.6109612484838751,0.5278027976625952,0.3003940061875448,0.4092269852285791,0.40874341056278735,0.3943098729810978,0.1843477787687364,0.25474351770406267,0.4561703478525515,0.5561333285830838,0.5550972314636528,0.42167579218799234,0.5144443903322323,0.5139181194939652,0.45201429468508275,0.24231599366248682,0.0,0.42884870188323665,0.49229560225110225,0.42418212982312137,0.5074307814306488,0.6062050616111793,0.0,0.0,0.5688100140957058,0.5374061159457342,0.0421962884199725,0.0,0.0,0.5207970930958138,0.5821981631486501,0.539003240363912,0.5645436260488735,0.6424204638582611,0.0,0.42918416835593554,0.5980565860270213,0.0,0.3284536020765608,0.46921006065407556,0.6537190770251327,0.6487252755919828,0.0,0.349308911162576,0.7968791915674157,0.3637536172467387,0.6651833829728186,0.5649205397865198,0.713804950701918,0.5088275637882755,0.5963568932625195,0.5776703051730573,0.2785308751207205,0.0,0.5902982873371825
0.3302451369626537,0.3441136812043469,0.0,0.45522176022189054,0.45646415196479473,0.44346380699616805,0.2327060294204119,0.5322473521799189,0.315661811913934,0.4281939783872596,0.3484641702157606,0.4950330453775674,0.22217954579060273,0.46408320788716334,0.34990026909650307,0.36935331363486956,0.5413587911545434,0.5125214152711268,0.3403941178500948,0.3621989770715061,0.5426662766144424,0.0554557575738861,0.3937818374125656,0.39439486609018937,0.5498685701992492,0.47173310811710556,0.4701401629907861,0.24278082459426675,0.3876216418832671,0.2682104075866696,0.38306666728466243,0.4986533615392371,-0.08434253314407791,0.46377054772209536,0.4322902466675276,0.4774982033066712,0.47607216250911444,0.42036997133204185,0.5626003022974895,0.46480480377478256,0.36653843398975666,0.49432048974541143,0.7269906812757767,0.6132901358760012,0.0,0.0,0.18603411617064358,0.47628048219789854,0.46820850086881594,0.5767346765341873,0.5686127568417411,0.5202586449252221,0.5334094404875248,0.7087333989876514,0.3739576684339103,0.23658020209241573,0.45324190019366095,0.29750777556643254,0.6548723421408345,0.24402633193289747,0.0,0.0,0.0,0.18695130625799652,0.5768659335773634,0.4220937764617168,0.09785914784192981,0.5434117608427733,0.0,0.6275849108211363,0.3420528687535074,0.4947783275343615,0.7021097630613333,0.5984999332127411,0.6622180634613375,0.3663994114086329
0.0,0.3073716695047141,0.45522176022189054,0.0,0.39345684579727114,0.36142742407457923,0.4300429990153,0.022428220636761143,0.44601092351002103,0.08062669081233964,0.6005403999171035,0.3157770909088455,0.5130080624895644,0.4939090471727408,0.5666184078518539,0.07865459394277975,0.5201159542471568,0.4805270489225383,0.46784930224502763,0.5481651061555675,0.46355359693534687,0.5112981499415982,0.2350733844376648,0.20948603385063708,0.8652331850284207,0.6068262705704943,0.5068345796062002,0.27455207280472027,0.3895123664560989,0.44521169283190587,0.4587640450982127,0.26445724204156756,0.162328893755798,0.28956502355947983,0.2905616353875713,0.21240202192821098,0.1229846292395613,0.2899837846948687,0.18700762267186333,0.2776250276302772,0.37150320005734033,0.2677671633402712,0.1962650754083345,0.22151535913701167,0.0,0.0,0.0,0.36043974409110896,0.0,0.0,0.5844437997074583,0.0,0.4742800525031116,0.046706790322815064,0.0,0.1594700232013344,0.44591995303613396,0.4455513323820324,0.0,0.0,0.0,0.0,0.0,0.0,0.0,0.0,0.4499959551136554,0.5101834082669771,0.0,0.0,0.0,0.44305980737838874,0.512413477700733,0.5586140867015215,0.0,0.0
0.4129889160992357,0.18229159238227316,0.45646415196479473,0.39345684579727114,0.0,0.3327086151212261,0.440737407086331,0.5949962579059975,0.34184854168151935,0.650231143240092,0.4588684609193592,0.30614076315868977,0.37686849127952227,0.42557105185832234,0.4402182877437706,0.15631598751769904,0.15820759616999433,0.6389727793231144,0.5078759072913533,0.19324193012282798,0.45223647359303876,0.07753938110015529,0.4334035317397623,0.5128337440339704,0.7579937687573272,0.6646592589713767,0.3528307572244927,0.4126401346129783,0.12547275544298994,0.1616889129746038,0.4966176192350017,0.32970356254080624,0.5284994992645057,0.5947427700794325,0.49627452416880535,0.36505331572029787,0.1547398861552111,0.44549963418790445,0.21599110328357102,0.7242206568363503,0.5023705730722856,0.40937362443052694,0.538581082094262,0.6895916796505119,0.24515020115429034,0.0,0.3804125341408121,0.5659816608833005,0.0,0.49987086819302107,0.6028764068182457,0.6699271829457345,0.6114373470381392,0.45143766187244494,0.0,0.48597581567940895,0.32569956619489593,0.6368376264056246,0.60839592441898,0.24238030024041252,0.4477581186710996,0.0,0.0,0.5943997374556987,0.29086089731190345,0.49568543700148165,0.4053264352908382,0.5814468386943465,0.0,0.46416575007722055,0.5535196296296003,0.4722327130155899,0.5271547677202576,0.41666734684733053,0.0,0.4383407027041838
0.6146505461545835,0.28729386061055107,0.44346380699616805,0.36142742407457923,0.3327086151212261,0.0,0.23775589597198088,0.41532622845758344,0.30734889605443183,0.36919425600824074,0.4770673117309857,0.6336126569195847,0.27184390026787564,0.32402794034211346,0.3975748897559514,0.3379373618788153,0.5140219958612906,0.3384177456762356,0.4091310571580415,0.3820294119883161,0.5071046628830729,0.24222885039372308,0.41159918573241816,0.2984769863704955,0.29345665938851406,0.47133411015499416,0.38329978326893355,0.3465449008942737,0.23696258470809328,0.2918101397545355,0.3350038115959461,0.40381923558338445,0.519249088377412,0.40472639510863007,0.43520061946369937,0.4519522739892773,0.3692785856560159,0.4022039031070407,0.5870143293974621,0.31414391793633667,0.483663362983243,0.438062003674179,0.39317816670340733,0.4616870668502152,0.1848913933710032,0.5713709381829517,0.4900962152801006,0.5644328234902609,0.5550314557517978,0.5109598604033351,0.5150441566627537,0.5807486346488274,0.5257303944046489,0.5613579089820461,0.599778853098046,0.5536881604098306,0.3328520697073135,0.5768505481390453,0.5617692651730853,0.443743563144565,0.5779878007839981,0.0,0.5399242411198438,0.5399014961657067,0.47901166113828053,0.3143527992150791,0.366727672191929,0.47315930899473596,0.5736470938515124,0.47796589341086737,0.6021210843712077,0.5111449233791767,0.47035223844977436,0.533328443364649,0.44617264113927013,0.517791999365315
0.44458718623588106,0.0974630337676814,0.2327060294204119,0.4300429990153,0.440737407086331,0.23775589597198088,0.0,0.23739072790858778,0.30915574603135676,0.8004541440362316,0.4391168755409216,0.4624750810382948,0.5129475337917458,0.3076916787959881,0.012038168987124176,0.0832753265617856,0.6142130016246073,0.22821926690063415,0.4280689879130525,0.043808076530777396,0.04244051576081248,0.040049725275360826,0.22116672907529683,0.5797173404923882,0.2821677854465351,0.6575325037562343,0.09593370235363208,0.5023251056191476,0.12879084408728841,-0.08978752572188481,0.49337825454208445,0.4387956191784248,0.8711585881852746,0.5036749135969327,0.3700959199950471,0.35660509406188745,0.6508315332612016,0.7096511681537456,0.5937393163004618,0.39273853636652334,0.5456774926510786,0.48450460952832275,0.016331683713830314,0.7272618424108783,0.32270056980700024,0.0,0.5436746635794957,0.3956510413740801,0.0,0.4912129049565424,0.551454580386339,0.5453754340845921,0.09517932404048468,0.6241444326119708,0.5567080624419455,0.3456316216554306,0.4168431492820568,0.46103361630794293,0.3504411807990383,0.2984922702938666,0.5908154591242794,0.0,0.5105723916948162,0.5538105991319471,0.557113611677503,0.4773754832552198,0.5693536955535936,0.36290123069226266,0.46412192108542216,0.5873045534727135,0.5125993069870103,0.3781038548760731,0.5353539470661912,0.42168787409583697,0.7699942595848596,0.46813017717051236
0.9646571774619992,0.518349525653505,0.5322473521799189,0.022428220636761143,0.5949962579059975,0.41532622845758344,0.23739072790858778,0.0,0.5273149021369128,0.538174647372068,0.630005940732659,0.6685873495089036,0.2946849595271068,0.6357115706038061,0.9717502267597573,0.6858597347777757,0.442119792866828,1.0392765862573832,0.5544285738679229,0.3316137893556857,0.8974613176317585,0.5777991570693323,0.6332156477503178,0.762765906893719,0.8657714923353277,0.9830469430536148,0.4652312655013857,0.30023009122399674,0.2506826512085203,0.29439713797586864,0.45097799930009497,0.3966529031549495,0.7699892208164998,0.47746067522119023,0.35261776393480015,0.43925325724749953,0.15020202955184653,0.6206852044134646,0.5924152832326093,0.4289754599614243,0.43237006027739433,0.48270314779270973,0.46098026113452845,0.43075741137344076,0.0,0.5517985936484309,0.3615255697486366,0.5639465909984314,0.0,0.5128784850615533,0.6107148567139598,0.5420063384486191,0.37441196504367147,0.5888041788415654,0.8273599176595536,0.5577956853344055,0.9580349912951577,0.4159620192881571,0.6931025176700858,0.6314445754904525,0.38726980149609636,0.0,0.6599234562492379,0.5867441435175669,0.8066995479645855,0.6127129433042559,0.43272682715704336,0.5722678755303083,0.0,0.38685324565750623,0.38337409822073787,0.5831489454147434,0.3871042722245616,0.5306133422080392,0.45593001889141826,0.4746824031102276
0.3972746993535726,0.20379492902893612,0.315661811913934,0.44601092351002103,0.34184854168151935,0.30734889605443183,0.30915574603135676,0.5273149021369128,0.0,0.5216571714554631,0.3571980827961018,-0.006866320439801066,0.353628246372908,0.4094374172390219,0.5278481442233776,0.3090326546858253,0.3081564030395937,0.5631701783175699,0.3586089657928294,0.39031791119992243,0.3510815313499156,0.22870038797692369,0.4897270532723321,0.45511800546900694,-0.03806295782831742,0.3476883893512806,0.15522765621474705,0.36002316003486634,0.29988381180159585,0.4044170071393044,0.48191941199205224,0.5357044939878359,0.47420040486013276,0.5675944551070294,0.5503452782154594,0.43045480341162023,0.45083002171576375,0.5877801108977732,0.6153345843008202,0.4716820128652467,0.32224784976304965,0.2705290067342304,0.5903894878509426,0.4216342593598906,0.26484407726173287,0.0,0.460465275733848,0.5925682137404897,0.45963537553836664,0.6879044407022488,0.6525475798108822,0.6398424926458439,0.5318487255840442,0.5240026390232291,0.17470658342610032,0.6839170645419941,0.4051465830747253,0.4978882923712295,0.6937425584033711,0.47526376641424206,0.6707797746023064,0.0,0.0,0.5854978278797556,0.5745356373082573,0.6642823769791568,0.5183110620836295,0.5332617347581344,0.3039159484286342,0.5403855685190938,0.2919226076169529,0.5088475377736049,0.4953743906478325,0.542624878590571,0.49169039617934696,0.5974911898000236
0.4944338911211351,0.4427199949309102,0.4281939783872596,0.08062669081233964,0.650231143240092,0.36919425600824074,0.8004541440362316,0.538174647372068,0.5216571714554631,0.0,0.5628170499007777,0.39573771562583715,0.6441077969125641,0.7797470254917364,0.4768030454193629,0.26318788397779114,0.4626128493829489,0.3542703643711045,0.523987875396708,0.38021611066313743,0.8675414202694214,0.48118211860591,0.4918424521305614,0.16274743100279043,0.5401384758000327,0.45522942806526895,0.3851783480787484,0.6710442294142044,0.41855722909688226,0.3766636678282045,0.6277620718044377,0.4991393900498923,0.45340472301555346,0.6400466847893668,0.6662160214786399,0.1831482315797024,0.3245152231909289,0.34249061494014077,0.25878766459705815,0.4160408997835999,0.4567481631055661,0.31270183366657706,0.24914981517864426,0.2731851156672065,0.17771146541079103,0.6194625325366991,0.5353818310595754,0.13158860754069612,0.46567278861324607,0.41475067327736514,0.518547814104255,0.4297488972111414,0.5615838220973919,0.23105889790135267,0.368126531148612,0.36909925806198707,0.4253764938990226,0.11442775170935982,0.0,0.8960519860166614,0.3119422500630553,0.3047263392544207,0.315573820692026,0.4730415883622977,0.4665140420805637,0.552149095505732,0.34118049388590443,0.5173994594287308,0.15198105554232844,0.31555766453808914,0.39501403317924305,0.5261746291043724,0.2829110815980842,0.39391949656323705,0.0,0.42668928375046977
0.36777564403215657,0.3254571261898501,0.3484641702157606,0.6005403999171035,0.4588684609193592,0.4770673117309857,0.4391168755409216,0.630005940732659,0.3571980827961018,0.5628170499007777,0.0,0.28349463202416364,0.4657143395703097,0.5516016264009975,0.0,0.5081626682903243,0.36692790198790126,0.14953000173425657,0.5625686169048617,0.44835861618052386,0.4994191651998933,0.36378074347694844,0.15787121879979876,0.3619115119435838,0.40058003187816493,0.5576302093348567,0.42746361230379054,0.5272903195073412,0.3237453594503625,0.49910372917425405,0.5690092530003911,0.5562814583476151,0.6342924233989555,0.6861918265475634,0.5609522922813278,0.5484684899536917,0.5975815898821818,0.4683682278113739,0.43080545087375177,0.5372790088083338,0.4673382039242214,0.3947552959228683,0.6822007583048322,0.5563756390680124,0.16999714680508893,0.0,0.0,0.6466369728258805,0.4724863623001657,0.4970474957694286,0.640107201145665,0.384641236986152,0.5738039744666811,0.631131060950765,0.4042864850191626,0.43857278458968,0.3513033566666479,0.3248520968646056,0.7504313197857733,0.0,0.0,0.0,0.0,0.3166436787707937,0.33868835858186475,0.0,0.6605563430488898,0.5446170774351295,0.0,0.0,0.8643291135048639,0.5790390960430265,0.322164258730163,0.35039600447855124,0.0,0.5233603917114676
0.5245730491726472,0.4333586596933844,0.4950330453775674,0.3157770909088455,0.30614076315868977,0.6336126569195847,0.4624750810382948,0.6685873495089036,-0.006866320439801066,0.39573771562583715,0.28349463202416364,0.0,0.49847773019875397,0.5988243666738833,0.4005230343743177,0.5974021567918288,0.4474139049624969,0.5195257191311141,-0.1183708017315036,0.5708431014412579,0.649131166157141,0.4288613890776455,0.480306551010936,0.14295891624588877,0.37334939228947683,0.41755386557058505,0.4801924177952096,0.4280349892793627,0.5681428168380978,0.29172948281103983,0.5027687190489063,0.44206750711073173,0.4931470982427277,0.4617331488433547,0.5656623326070878,0.4048247789010524,0.4897046202925176,0.230079664461327,0.34998274194992324,0.5624511677348958,0.4591344941007415,0.2275120835886073,0.37903798548284684,0.40581550025858937,0.28848843991171064,0.419351862576151,0.5706356552733223,0.24202492461293348,0.19776659976493616,0.2565626697731942,0.35268003398386794,0.4628682547932186,0.2534370643328945,0.37918408354374045,0.4003739979573603,0.21638403762594396,0.5294827452353847,0.4288713312575222,0.6802067707998508,0.6305878670784706,0.5243379951804988,0.22746277591327563,0.4184529601934238,0.34571174820339734,0.7454650280987658,0.7577776293393582,0.4271225973156927,0.5180484143287867,0.1781790972262002,0.31338620041541904,0.3751355664749143,0.3155810839929408,0.4581592832551527,0.4319214671893683,0.0,0.4079572847022387
0.7140457415528332,0.17842071640393015,0.22217954579060273,0.5130080624895644,0.37686849127952227,0.27184390026787564,0.5129475337917458,0.2946849595271068,0.353628246372908,0.6441077969125641,0.4657143395703097,0.49847773019875397,0.0,0.4145298600672595,0.17916451540061806,0.1709643159975796,0.5209235921069035,0.2868163357191087,0.4377776322880885,0.1433927381469668,0.29973865776397357,0.08419132841902399,0.23837337798372096,0.4536434718793576,0.26028239090274874,0.40935451882532914,0.16016110960917457,0.40110444661835787,0.3645501033205601,0.18972062397293676,0.37393031335446714,0.430232523323555,0.6687530079018253,0.528059505088437,0.4603952570194841,0.3003131604696222,0.4999534043429633,0.5269787919234779,0.5951106002578247,0.43487020043292346,0.45519093578139347,0.49540439600611674,0.20431409918574117,0.35738870189149996,0.361143611204431,0.5731942945431976,0.6146816730975007,0.4808295051498368,0.0,0.5886733917496679,-0.014966979009897519,0.5169300233011185,0.27853862319131883,0.43251525381572714,0.48932892339472117,0.4267783514456258,0.42545960900875235,0.5411140587267005,0.3830152392136102,0.25436879087298253,0.46021598365401273,0.3771381172014731,0.5502826226646113,0.48727106258929354,0.38028848166792084,0.20985986264135129,0.5000726052350035,0.3828809860719146,0.4948970018861618,0.4809046340330776,0.4627329833995454,0.42639255664484255,0.5304624941115597,0.4946984113435714,0.5107673212482187,0.4910632544345874
0.949079367809037,0.4760301131726804,0.46408320788716334,0.4939090471727408,0.42557105185832234,0.32402794034211346,0.3076916787959881,0.6357115706038061,0.4094374172390219,0.7797470254917364,0.5516016264009975,0.5988243666738833,0.4145298600672595,0.0,0.5244929377518085,0.5558812140904648,0.46001023729556834,0.49641345065162124,0.5373780041259011,0.39051980949302345,0.750641493314145,0.250514558042534,0.5938468110381383,0.5943044564009933,0.5216949339528489,0.40588033949305624,0.41073686924064784,0.4684720874338966,0.40082526204445523,0.7442432746445504,0.5282692458134484,0.3333927958160369,0.2509582243348264,0.6071965676328366,0.20726478252013988,0.502552311518641,0.2419569755591719,0.3972832014164034,0.4608926710747925,0.0,0.6905469257641199,0.8123844022274185,0.7342884528626654,0.46749218185722285,0.0,0.0,0.0,0.4968423309487014,0.0,0.5966815398100686,0.4383415400121131,0.8894425998119844,0.7901533023444509,0.4433619266851232,0.0,0.6488954501869031,0.39072860969228407,0.7138525681416272,0.41840366584913424,0.0,0.0,0.0,0.0,0.4388321066365669,0.0,0.0,0.0,0.5792616727343153,0.0,0.0,0.0,0.30877496436294993,0.7098455326755143,0.0,0.0,0.0
0.43519020528405405,0.48770553401884,0.34990026909650307,0.5666184078518539,0.4402182877437706,0.3975748897559514,0.012038168987124176,0.9717502267597573,0.5278481442233776,0.4768030454193629,0.0,0.4005230343743177,0.17916451540061806,0.5244929377518085,0.0,0.48110512933718363,0.41865968091955064,0.391681423791411,0.0,0.5144064083365464,0.6064779592036653,0.6553410104554022,0.47783951286713766,0.1633130633478242,0.3289352086517708,0.5965917467761233,0.41034612099366513,0.2473884688062799,0.49717140986710473,0.36791125762935023,0.5950791971489106,0.6343021978697032,0.5673008013634455,0.6009782408660271,0.6739705989771172,1.0010506760151754,0.3648377171141338,0.3727415540056017,0.6235828985369665,0.6145957852598236,0.7107912142229691,0.6370564636648505,0.43823685230052467,0.6223997351227011,0.0,0.60339360457323,0.7489647710016121,0.44083229336428975,0.0,0.0,0.83293760784521,0.6635195247120218,0.5414099972498155,0.5061217790847954,0.0,0.0,0.6286788448891656,0.5298148997175354,0.4738510510519559,0.5904541275384991,0.40908953461624903,0.6071417270525068,0.7415783850483275,0.0,0.589293062108525,0.6754506872898274,0.7477844077603268,0.7856129066801363,0.4429196741080692,0.5777200045552121,0.6533330873402341,0.6352685483913667,0.4738047734224193,0.5555927760760165,0.5032457991464129,0.6042204176901835
0.5429321485423384,0.4355315870027411,0.36935331363486956,0.07865459394277975,0.15631598751769904,0.3379373618788153,0.0832753265617856,0.6858597347777757,0.3090326546858253,0.26318788397779114,0.5081626682903243,0.5974021567918288,0.1709643159975796,0.5558812140904648,0.48110512933718363,0.0,0.5193623130797804,0.6737841089359393,0.4492122546229416,0.28038009540617187,0.5230949556563804,0.38016681492181376,0.6018890055546072,0.4715120770833714,0.5243673425857073,0.4882604380200535,0.4253686862613756,0.1794031595344899,0.2841308884225462,0.2859467405658409,0.23260020605956072,0.385993021282383,0.46467222855959756,0.15158586089647308,0.2930974941477142,0.6122221496525031,0.33061795892360246,0.5828478234686306,0.5863198045631793,0.5426687165937283,0.5056519843894067,0.5244628977746589,0.4751193490884231,0.0,0.0,0.4543383458929975,0.6008712000904735,0.0,0.0,0.0,0.5240035507997443,0.5801021056702987,0.8689916588831395,0.0,0.5858224507404421,0.0,0.4147348483429092,0.6045123353471669,0.0,0.5169880921608504,0.5671593169579191,0.577764644292394,0.716773871053178,0.0,0.32072750280519785,0.6759667403142593,0.42362891536974345,0.5728118858790865,0.3789450974411511,0.7967795922091482,0.6306669452353054,0.5732933729459757,0.6233127184999392,0.6729184482778983,0.0,0.5408795278374491
0.1659263998334053,1.0152750889004383,0.5413587911545434,0.5201159542471568,0.15820759616999433,0.5140219958612906,0.6142130016246073,0.442119792866828,0.3081564030395937,0.4626128493829489,0.36692790198790126,0.4474139049624969,0.5209235921069035,0.46001023729556834,0.41865968091955064,0.5193623130797804,0.0,0.7128376332404867,0.5462979932523967,0.38374766529735194,0.4159535439325476,0.557690677515406,0.4577263230412407,0.3935604082773764,0.4635641499466211,0.374233462422195,0.5496269925469311,0.6339745790468055,0.26138759365794206,0.5313593354265854,0.5627646680022385,0.4979319416760247,0.5499629305321715,0.5745731741184044,0.5209393142548485,0.5914319127902611,0.23939997835452506,0.48901248737562664,0.43262817738947185,0.5992872442414524,0.5080310752501027,0.44497238054691457,0.0,0.0,0.49870252753387184,0.6342801016880559,0.20779857804853022,0.0,0.0,0.0,0.0,0.0,0.0,0.0,0.5185027426918377,0.0,0.4319085565373638,0.3279943329579279,0.0,0.7882879210575846,0.11760189841093699,0.3059087294179864,0.290227588495901,0.0,0.0,0.0,0.5564119343485777,0.0,0.4767326530722621,0.4463592412339459,0.5080380621049114,0.0,0.2700545487515278,0.4613790174438398,0.0,0.5299918875411241
0.4356695096459654,0.4825244875823341,0.5125214152711268,0.4805270489225383,0.6389727793231144,0.3384177456762356,0.22821926690063415,1.0392765862573832,0.5631701783175699,0.3542703643711045,0.14953000173425657,0.5195257191311141,0.2868163357191087,0.49641345065162124,0.391681423791411,0.6737841089359393,0.7128376332404867,0.0,0.47823605086987214,0.3350224796142741,0.4759423102845102,0.32082811298442176,0.7345374314267858,0.43681860457715055,0.5659027735802808,0.4753406939725873,0.450350599790343,0.2499607814322035,0.28513123249623673,0.4170693796991566,0.41315191887639213,0.4229448086183226,0.5228474912866782,0.5628373561222386,0.29146533912510364,0.47159669844701235,0.24275453137904063,0.3891539805930835,0.6164267187453791,0.6020498829972096,0.5422220476676792,0.625055554358449,0.0,0.0,0.598162914899472,0.5711126421645611,0.5903833259520683,0.0,0.0,0.0,0.4590613074133698,0.535322727097724,0.8517139020219513,0.0,0.5800839423144181,0.0,0.6094569603078079,0.4962765693063994,0.0,-0.08610100102048229,0.5557587618760046,0.4820487869657867,0.4948096797433697,0.0,0.488555688659944,0.6269238800584913,0.24381200273709505,0.7181614827684808,0.48998081054789555,0.6129534311695957,0.6313417860995542,0.4886741876221645,0.6851223392613388,0.47847176796977153,0.0,0.6380466121988808
0.0,0.6089811353175368,0.3403941178500948,0.46784930224502763,0.5078759072913533,0.4091310571580415,0.4280689879130525,0.5544285738679229,0.3586089657928294,0.523987875396708,0.5625686169048617,-0.1183708017315036,0.4377776322880885,0.5373780041259011,0.0,0.4492122546229416,0.5462979932523967,0.47823605086987214,0.0,0.5368513896002978,0.45087288801236014,0.6669336914593845,0.3347907888089229,0.43305513908547094,0.5085622323305268,0.4479529633532007,0.26006790484383946,0.5135084038951168,0.5963364629606718,0.5877301273293294,0.5382201521149583,0.534007454405006,0.4513273366194327,0.6182991948031733,0.5399154080551496,0.5661338334385823,0.2795921612699008,0.46457114064247884,0.4686279304483313,0.39053621059820104,0.3631584990999729,0.17040501629337174,0.6803822114819792,0.3376575575368542,0.4033982820398075,0.0,0.0,0.6133865850080655,0.0,0.5906268320080824,0.6061520518681772,0.9182403453624823,0.5522553066672784,0.6781341046454248,0.8465762178051199,0.6229009772251731,0.4777158890045299,0.417268236285532,0.6694156806003241,0.0,0.0,0.0,0.0,0.573162129939525,0.47035419774727893,0.0,0.4939174012222042,0.5937803415411582,0.0,0.0,0.0,0.5680100163599978,0.48582660083256257,0.4311555567393505,0.45881995712632667,0.5360785921809423
0.7819701330467339,0.35492439751327065,0.3621989770715061,0.5481651061555675,0.19324193012282798,0.3820294119883161,0.043808076530777396,0.3316137893556857,0.39031791119992243,0.38021611066313743,0.44835861618052386,0.5708431014412579,0.1433927381469668,0.39051980949302345,0.5144064083365464,0.28038009540617187,0.38374766529735194,0.3350224796142741,0.5368513896002978,0.0,0.5434170002509705,0.42484066080943095,0.18807752108415315,0.5489888033903538,0.368210093780832,0.40523999005094413,0.7044420811899585,0.4337122170819069,0.6317492295607554,0.5081419194446541,0.34778186007388656,0.5726761371318229,0.4666862130517816,0.6317605109057108,0.6444960967249374,0.9762533812748467,0.38641791279870014,0.7570166809105177,0.6907171505783126,0.5563340611774417,0.7898956555721117,0.7072904713648877,0.49716900326722935,0.23263371925684911,0.18105741534583414,0.4298859386496037,0.38713680836150766,0.43784268246981095,0.0,0.0,0.4754623246650741,0.6210994366752131,0.6108007983256214,0.3957358350642814,0.9273541960468872,0.0,0.5100898246845429,0.552388310033154,0.0,0.7063699192772992,-0.18301162647980784,0.47919309408502964,0.5796061268245225,0.0,0.7379527373063772,0.6717974353984257,0.6214654093286299,0.6186013545854834,0.0,0.5763663017807623,0.4490961148154605,0.624846955260262,0.537754742579851,0.7216558051832621,0.3904254011607384,0.4065363661062705
0.37906168471717994,0.5840746379946766,0.5426662766144424,0.46355359693534687,0.45223647359303876,0.5071046628830729,0.04244051576081248,0.8974613176317585,0.3510815313499156,0.8675414202694214,0.4994191651998933,0.649131166157141,0.29973865776397357,0.750641493314145,0.6064779592036653,0.5230949556563804,0.4159535439325476,0.4759423102845102,0.45087288801236014,0.5434170002509705,0.0,0.3787698880812598,0.6048635011507911,0.5280654642237065,0.37254376061869443,0.6059144570223207,0.625930028708545,0.3642560674928017,0.36521289489191844,0.43175789972920264,0.6194753332735379,0.5048389545536509,0.3573237700437959,0.5271297354092399,0.6309941201027072,0.5355857012011335,0.30789777970737225,0.5276455409791094,0.634389340872515,0.5661224960654148,0.6177351933100057,0.6487128411699259,0.5563512842772703,0.0,0.0,0.6221899068041514,0.7230943401130961,0.6143637229137605,0.0,0.0,0.5882556566861071,0.39568345504769253,0.6664354081855135,0.47056966030352765,0.5610959822479105,0.0,0.7449157360706355,0.507729907598307,0.0,0.4944557580748733,0.5643079176344442,0.0,0.5131652767066378,0.0,0.5711921732370402,0.6291427479765125,0.5184265664717087,0.5916258518525601,0.7765921376067267,0.27780988935494394,0.6930341206355851,0.5775942563890126,0.49035486280806795,0.5813178836776141,0.35153920494914026,0.3504359387126187
0.46157507107574025,0.6109612484838751,0.0554557575738861,0.5112981499415982,0.07753938110015529,0.24222885039372308,0.040049725275360826,0.5777991570693323,0.22870038797692369,0.48118211860591,0.36378074347694844,0.4288613890776455,0.08419132841902399,0.250514558042534,0.6553410104554022,0.38016681492181376,0.557690677515406,0.32082811298442176,0.6669336914593845,0.42484066080943095,0.3787698880812598,0.0,0.5520378518506419,0.48731689417574126,0.42028194603086794,0.5145976627918131,0.47508386239872236,0.2678233815365023,0.28934450941927714,0.33451140163093274,0.37183350199206655,0.625949427790538,0.34190656309936596,0.6051674392925926,0.6289576628869447,0.8995021488161837,0.5349065998181721,0.5293370464286169,0.5340237245624426,0.34655883514130814,0.41188239727661746,0.5200456617960646,0.421358234948333,0.34162620779544756,0.22761337439335028,0.5228520890184876,0.5253203216919271,0.5688816958893846,0.46972131578647514,0.23762442537642417,0.483106757858479,0.61439521378498,0.5945548962514348,0.6396030823366567,0.38455139084752327,0.0,0.48695048550348285,0.5779695061974024,0.0,0.680614506829376,0.3443204402620506,0.4269172713468035,0.45907439454854837,0.0,0.53632997812278,0.527507336391636,0.485215743866703,0.5950367425503367,0.7142198106283266,0.4796695798286382,0.48246602517175585,0.5603640796655509,0.5369881660701623,0.36177464403761295,0.5545611641096877,0.3186231173503596
0.78294535393048,0.5278027976625952,0.3937818374125656,0.2350733844376648,0.4334035317397623,0.41159918573241816,0.22116672907529683,0.6332156477503178,0.4897270532723321,0.4918424521305614,0.15787121879979876,0.480306551010936,0.23837337798372096,0.5938468110381383,0.47783951286713766,0.6018890055546072,0.4577263230412407,0.7345374314267858,0.3347907888089229,0.18807752108415315,0.6048635011507911,0.5520378518506419,0.0,0.746843466054598,0.6763490254704823,0.6748909284843783,0.2956363487079514,0.2367414080672076,0.23668005473471704,0.2731435533493029,0.4324907150112032,0.527430137894686,0.6297026697981799,0.47890328011408345,0.47893103130179204,0.6316353180562895,0.4279641445218376,0.36301755156116383,0.6946079790845083,0.6865571997259308,0.6662772389000741,0.6777887115080461,0.7097112545293723,0.7152733164526179,0.48789320817720483,0.43388665519955455,0.9084658350071191,0.28476205255074105,0.46501123059788807,0.6572577186570038,0.5477317975730184,0.6109661809624787,0.5940269848092541,0.6727012008789759,0.5530053246933434,0.44496840431717005,0.4398341390187267,0.492139635886201,0.8531753994040786,0.746719617879221,0.6274484333983514,0.46651404208056224,0.5535072478455852,0.28917652270597544,0.7524650074776896,0.7256807811082719,0.6560699494379507,0.6629894207838939,0.20771924861757501,0.6286124965320559,0.777343869678613,0.5204115078656825,0.5159300651005805,0.6245536247612689,0.5821654275531656,0.5872824401774575
0.5095406742161942,0.3003940061875448,0.39439486609018937,0.20948603385063708,0.5128337440339704,0.2984769863704955,0.5797173404923882,0.762765906893719,0.45511800546900694,0.16274743100279043,0.3619115119435838,0.14295891624588877,0.4536434718793576,0.5943044564009933,0.1633130633478242,0.4715120770833714,0.3935604082773764,0.43681860457715055,0.43305513908547094,0.5489888033903538,0.5280654642237065,0.48731689417574126,0.746843466054598,0.0,0.4358221957393575,0.2408497256237333,0.7650334371153762,0.2955348077900727,0.5518437078091438,0.8101701148072932,0.5253740435386572,0.335774792382611,0.3557325452510778,0.2972388911525148,0.4957950972174898,0.34711403875660446,0.34914899833348784,0.3649633617883909,0.7761840345653038,0.8147265223748132,0.5503677924828767,0.7705771190083365,0.5992744993292647,0.3390170548295449,0.37519766661270837,0.3723539124556974,0.38909774371787403,0.0,0.0,0.49315802349496385,0.5904516521658455,0.3225117740230641,0.0,-0.01721995223927287,0.39550999369945994,0.5296654004813122,0.40863776288229,0.43260682451179966,0.0,0.258962984913085,0.4466657585621897,0.3115146298015104,0.48591266296884394,0.45541622462240383,0.3690596877018959,0.42077528439670864,0.18789864996960226,0.841747846074421,0.1830818063715356,0.5777210572702711,0.5391831916381551,0.5554704607163711,0.6404172051991355,0.5696723399465591,0.0,0.36341559640047655
0.36360767184225157,0.4092269852285791,0.5498685701992492,0.8652331850284207,0.7579937687573272,0.29345665938851406,0.2821677854465351,0.8657714923353277,-0.03806295782831742,0.5401384758000327,0.40058003187816493,0.37334939228947683,0.26028239090274874,0.5216949339528489,0.3289352086517708,0.5243673425857073,0.4635641499466211,0.5659027735802808,0.5085622323305268,0.368210093780832,0.37254376061869443,0.42028194603086794,0.6763490254704823,0.4358221957393575,0.0,0.2469484079491377,0.41464308552706053,0.27576636426480333,0.2513148311072581,0.3856464969645107,0.4824980556007864,0.4026726874317917,0.5460289377298729,0.5105211176054781,0.4159356753200146,0.428896657370691,0.5920073034926512,0.5875031206924782,0.6620367708598398,0.6368987435239971,0.5505414738115789,0.682040645996046,0.09615018400478745,0.0,0.5220719980453435,0.5323436188434106,0.5846638017840136,0.0,0.0,0.0,0.5394200559014518,0.5129381498536034,0.6407923718794944,0.43155798213354535,0.5197391279145309,0.46308473388580423,0.5112836951328419,0.43369016480290873,0.0,0.6335341812595352,0.5287254020607837,0.4386533056876717,0.4953209262536558,0.0,0.5235311455393955,0.5680385649437247,0.47880440255036016,0.5288373053739072,0.49349206731267925,0.6119615852896694,0.5799477897239248,0.4728794078796183,0.636850346675233,0.5166140304515808,0.0,0.5806614518660681
0.5012979432057394,0.40874341056278735,0.47173310811710556,0.6068262705704943,0.6646592589713767,0.47133411015499416,0.6575325037562343,0.9830469430536148,0.3476883893512806,0.45522942806526895,0.5576302093348567,0.41755386557058505,0.40935451882532914,0.40588033949305624,0.5965917467761233,0.4882604380200535,0.374233462422195,0.4753406939725873,0.4479529633532007,0.40523999005094413,0.6059144570223207,0.5145976627918131,0.6748909284843783,0.2408497256237333,0.2469484079491377,0.0,0.6637412506702083,0.45414737149634743,0.47668734536429713,0.36471782340176384,0.48952386447348695,0.6470604467567123,0.5112654091221722,0.5093749582406675,0.4664579525260167,0.6797238533390639,0.4261613967596555,0.284810695644486,0.5526341337550513,0.6252412507258152,0.6242843624402648,0.4379160671495703,0.20537711471561906,0.5417403731398709,0.669387139169427,0.5596824680866868,0.706092529198657,0.6473809006211024,0.0,0.005675330653778606,0.5399870606869769,0.5055218717330552,0.513509962429566,0.4276999552226648,0.49846879895083834,0.0,0.470509972621746,0.6091178081886912,0.0,0.6081794144761132,0.5407058024232451,0.3730125685726364,0.4631268937974623,0.0,0.5164975438962564,0.8481657580339567,0.6018386730994303,0.5842008054688886,0.38897165805636674,0.5675923219288281,0.5442871220916878,0.5802856604284825,0.14198120167919748,0.5501007329386862,0.44465594712282186,0.5532737851694929
0.6531481462044602,0.3943098729810978,0.4701401629907861,0.5068345796062002,0.3528307572244927,0.38329978326893355,0.09593370235363208,0.4652312655013857,0.15522765621474705,0.3851783480787484,0.42746361230379054,0.4801924177952096,0.16016110960917457,0.41073686924064784,0.41034612099366513,0.4253686862613756,0.5496269925469311,0.450350599790343,0.26006790484383946,0.7044420811899585,0.625930028708545,0.47508386239872236,0.2956363487079514,0.7650334371153762,0.41464308552706053,0.6637412506702083,0.0,0.19294496399969982,0.5256710185011171,0.25694460835416344,0.37257609547106146,0.47278552916751676,0.641992521921128,0.5099712426935046,0.568767656500596,0.21675768038912302,0.3902891543125534,0.38416344607828257,0.7035993376790537,0.6530429657702355,0.6525741714551316,0.6808499484824372,0.6307959844510992,0.5287669369221596,0.39144039859951407,0.38928506067491875,0.7131531008762974,0.560539489122594,0.48408849769141993,0.7324966042632305,0.5599076248269498,0.5623766145255813,0.4730103941342912,0.6087014013203765,0.6874337240448543,0.6042229262934886,0.3554485080710371,0.48191962223549833,0.6503939246437995,0.7552798392645057,0.6039545055422673,0.0,0.3889219242121228,0.6668848605989488,0.7332496567591951,0.6782670095235428,0.6170573274134007,0.4889372235405019,0.0,0.5857774350207907,0.6586858792506008,0.5398359409656219,0.547840475124733,0.6228472111508883,0.5537613776178039,0.6318005095929478
0.7909069929249031,0.1843477787687364,0.24278082459426675,0.27455207280472027,0.4126401346129783,0.3465449008942737,0.5023251056191476,0.30023009122399674,0.36002316003486634,0.6710442294142044,0.5272903195073412,0.4280349892793627,0.40110444661835787,0.4684720874338966,0.2473884688062799,0.1794031595344899,0.6339745790468055,0.2499607814322035,0.5135084038951168,0.4337122170819069,0.3642560674928017,0.2678233815365023,0.2367414080672076,0.2955348077900727,0.27576636426480333,0.45414737149634743,0.19294496399969982,0.0,0.452518993448598,0.34629840232719333,0.4969384810352996,0.4349095623195613,0.45511480244713964,0.5676388433418095,0.48882731280277625,0.43055904978071047,0.19261556686904605,0.5477938753979869,0.6414138693825991,0.27153088072269,0.8211415863200845,0.9710938162781297,0.50477759181945,0.4143041748449853,0.5385855894224347,0.5743722961944099,0.5840251011968125,0.5478275952527253,0.0,0.6144510460538775,0.6020194152991776,0.5133849817496886,0.3419996048588202,0.4989389320179445,0.5535599903227185,0.44719099999758627,0.4283929845526676,0.5178373717121139,0.35839047036005106,0.394051232881383,0.4565536489537928,0.17621863341348007,0.560160090664086,0.6573441396652531,0.581715138732657,0.40929247855118434,0.38543802785713555,0.43931426123805994,0.4887604306665758,0.6040401150555388,0.39111367426609545,0.4741601870773924,0.7284845780057994,0.5462994442697533,0.4813307113285072,0.08257584127591772
0.5407012698563822,0.25474351770406267,0.3876216418832671,0.3895123664560989,0.12547275544298994,0.23696258470809328,0.12879084408728841,0.2506826512085203,0.29988381180159585,0.41855722909688226,0.3237453594503625,0.5681428168380978,0.3645501033205601,0.40082526204445523,0.49717140986710473,0.2841308884225462,0.26138759365794206,0.28513123249623673,0.5963364629606718,0.6317492295607554,0.36521289489191844,0.28934450941927714,0.23668005473471704,0.5518437078091438,0.2513148311072581,0.47668734536429713,0.5256710185011171,0.452518993448598,0.0,0.3693145212816845,0.43369337265732566,0.39984389146446053,0.20979991821045663,0.4693807574450392,0.45521203710980374,0.6000684359720908,0.4287742264043584,0.49663851183318847,0.6269337305093015,0.4607472014715308,0.6748996838135739,0.6100858949158088,0.35555542401755647,0.5079712928618237,0.6246872182316601,0.39667969798803493,0.3334479267293443,0.5309446365878602,0.4869259948197633,0.41356038508783527,0.3912759595695804,0.542715799388842,0.3310757257276152,0.5078610353246523,0.587925860266407,0.4109951067457682,0.5598729616693755,0.500593952658146,0.7909839555964719,0.5671123498324657,0.572852818883257,0.4704410860802898,0.5693816153392288,0.4841099355177092,0.6258446553039424,0.4504446330966866,0.5575930218655448,0.46381238704855504,0.4437191453498799,0.6156595061304551,0.47471029674144644,0.4726573574088089,0.5295835994494006,0.5254535189346323,0.43113434322294353,0.6592761001816112
