0.0,0.45284925190737546,0.3462825041176679,0.0,0.3256290921644367,0.30143192731328966,0.4027649454814061,0.18142652737874382,0.3836919805449891,0.6266376648341366,0.391147474657479,0.5560861778626245,0.4438731460817041,0.4755592634417155,0.14767711600829034,0.5491212881780194,0.37378348161152775,0.5088804224989663,0.0,0.43560129509601714,-0.030916914656463595,0.3271689811534291,0.1943433742091058,0.3955718006975323,0.21564666594347054,0.4588218338718296,0.3990021249471727,0.16413903281640183,0.3073623270488656,0.6051213923207106,0.16475632371283438,0.37192377340219845,0.452402216599045,0.044954332016921145,0.13849932844043475,0.6168077133393629,0.4189300165497323,0.5319544607016302,0.06948183560011884,0.25762095125225654,0.12995889956195988,0.4606374025685071,0.4621808819135359,0.0,0.41272546820526457,0.39861407431197937,0.28325280572579015,0.0,0.0,0.0,0.47538166714145436,0.0,0.28662796345063013,0.0,0.41002868316309793,0.0,0.5055994137321693,0.7335329964792565,0.0,-0.06223127190743449,0.15313207802951662,0.2704823429992411,0.3225584638076736,0.0,-0.07028232603637735,0.49433133904161586,0.13873685066204228,0.560901723899472,0.7713277406234236,0.3789561316669401,0.35644697348322946,-0.16050121780960236,0.4384509800302261,-0.010629450463744305,0.0,0.1419696295932628
0.45284925190737546,0.0,0.44002309103890724,0.33947079202813335,0.3665359483161221,0.11514472601334436,0.22656653572731245,0.48361357294785573,0.316228875554492,0.3161134193263447,0.2961293679637836,0.4747038657304078,0.23416367791522508,0.6070742695574963,0.4180752428559587,0.4949988296399957,0.5430719180045884,0.4745660094046155,0.5408300783969242,0.4704112342150299,0.4477741592605824,0.5585018245840832,0.7133176822831948,0.3862438101394198,0.4907660465042276,0.2831718850698164,0.5851466445914182,0.23587458388922297,0.023439252999082283,0.43818837001876354,0.2826761559065962,0.2116593706646699,0.3438936807335667,0.2517320404072796,0.30005014853210027,0.4799183424465157,0.21547688360210857,0.0,0.008005339676648848,0.2838634140513887,0.15883520755232006,-0.07112725977855822,0.6271155896035903,0.0,0.0,0.38321038570660526,0.23217988641390475,-0.030525738588278437,0.0,0.0,-0.22567530162580718,0.5969537538806371,-0.37808583478465624,0.5213091900662136,0.5798351176745785,0.0,0.4181403125732751,0.5697283332365355,0.0,0.08040116797325464,0.21481249362760388,0.5760931342976727,0.2535972338420056,0.0,0.0909590510195914,0.36668846384234544,0.23729052665500722,-0.16426843672019426,0.3850334848325171,0.20678344132713455,0.09563304403503659,-0.08215641323084488,0.5317467662445577,-0.01657757712265956,0.0,0.06896547164302624
0.3462825041176679,0.44002309103890724,0.0,0.03355132371722386,0.36207070409644415,0.3204095223013813,0.39169824744097526,0.585643151432183,0.4371864977342709,0.45150380283841773,0.4181604623218419,0.5777582466692031,0.44693984857077795,0.3066548841314365,0.3598263499863653,0.3509703502449438,0.6946376681103952,0.5633402889536288,0.24359533321674817,0.3539769498404497,0.38790769152138826,0.43146770088256703,0.19305813534258753,0.4232177382097535,0.4289299146298971,0.41296667761359146,0.3992602203483363,0.44455178621696645,0.5796156043382977,0.5549505950768591,0.443825765370795,0.47293639396643333,0.4637633612834822,0.40788649046852177,0.3678657243437207,0.3828328187793998,0.34451880142390084,0.5543454274442052,0.07361687951360091,0.47543629278303146,0.4889265125376529,0.546315421876983,0.51400099762801,0.6244922246599252,0.0,0.0,0.1757366126263465,0.5521414138189866,0.4720942981469992,0.5739517536620267,0.4641943699361019,0.545572047472513,0.5274997220911749,0.6133315581148353,0.3371175876033161,0.6168424621780824,0.4860127007990297,0.22011638891471486,0.3636281796503261,0.2972740454192657,0.0,0.0,0.0,0.5484389952833366,0.707872268677644,0.47050171227751514,0.15830013209719468,0.5466843297462963,0.0,0.6113950534814593,0.39991038688763975,0.5216807628994686,0.5097237586043555,0.6286950799055397,0.6782215238622551,0.3315052911656886
0.0,0.33947079202813335,0.03355132371722386,0.0,0.0515988969708423,0.24142786326910715,-0.12633407002966185,0.29639717057259973,0.5787996045685202,0.04600937095184007,-0.17117989297989256,0.3266345046681143,0.020851192734517465,0.2600364685934554,0.5371447720975344,0.05543761178627707,0.5659511017258791,0.46418464349429756,0.5135965425118315,0.09911747032151408,0.32390937376023626,0.1796111939467564,-0.10676473384494439,0.2221109346153192,0.8376771050462681,0.5286617082653312,0.25927881728567603,0.019715531478458004,0.42355332603818274,0.4517526865872024,0.5658756878409813,0.26955108457997934,0.10888245657712495,0.39641831012212,0.3231774663245798,0.20578772232985773,0.10054304240379372,0.35539222726876074,0.42340625576354013,0.2882828032651772,0.3877394925184471,0.6893269210862527,0.26796915669925286,0.2264340418834009,0.0,0.0,0.0,0.5048324082559235,0.0,0.0,0.5415982945831748,0.0,0.4669404836334822,0.02128610288516889,0.0,0.23414246756100124,0.5026918568950838,0.514431318117428,0.0,0.0,0.0,0.0,0.0,0.0,0.0,0.0,0.45959226211885784,0.6322833940049649,0.0,0.0,0.0,0.4973911805151471,0.4519379758332205,0.6263364550717758,0.0,0.0
0.3256290921644367,0.3665359483161221,0.36207070409644415,0.0515988969708423,0.0,0.2775794191752249,-0.026999827696018053,0.13304288369295003,0.13218113408148527,0.031567074958927854,0.08599559110145275,0.010939400068849525,-0.29977984424352155,0.23355890775319638,0.479185485928717,0.4933922145600087,0.5198195377160154,0.4054266449280939,0.07150338917522434,0.009158365552527081,0.5098743118166904,0.16575093476610808,0.5081736590923384,-0.11393916492931566,0.3908661231333104,0.3914854434131326,0.43114526674449016,-0.18486475737341757,0.248836400134366,0.4032669918866559,0.07042977839012826,0.21203761712754118,0.3884934344152648,-0.02981286590671095,-0.06684057938248356,0.09763112240655095,0.09780671298811824,0.03689313133823263,0.5211486554092954,0.6311022293169664,0.46362445415964104,0.4049345945978,0.5484533899928224,0.6316982580344219,0.2556840655027756,0.0,0.43769070318738035,0.5494966866297292,0.0,0.5256497336469386,0.5780904084089249,0.597860158157655,0.5124415865756504,0.5716263912256119,0.0,0.47367521298026505,0.34313999466898026,0.6427816644215372,0.5042517272463762,0.2236318700760671,0.5110008404753246,0.0,0.0,0.5830014384714717,0.3062434414584213,0.4230959344191092,0.29739358739012256,0.586157640701784,0.0,0.4779652084744904,0.4684417767227048,0.5112358135948663,0.5954225338769821,0.48674521893668143,0.0,0.5278260596157175
0.30143192731328966,0.11514472601334436,0.3204095223013813,0.24142786326910715,0.2775794191752249,0.0,0.1768531911013978,0.39565454279417833,0.37930096229694327,0.10057537604532985,0.31705931656916164,0.24887386703218306,0.2818800659961539,0.37535402821908126,0.15483758075860898,0.2256891146461892,0.6066659008215709,0.34997136339517904,0.4194705733341976,0.02956355481811626,0.2157675336328601,0.09831671537063791,0.28237097962645197,0.2960113933535447,0.4153766868760429,0.2972111564328349,0.2034309465943665,0.40467128524414264,0.29077575929981314,0.2970552204633125,0.2745776535163114,0.1890201470065793,0.12989197813540904,0.18710261290961655,0.16474683247946442,0.3388355899219945,0.3432829555597846,-0.09148956052645407,0.3239667675614931,0.3075182595415772,0.299398202100481,0.3556109521165879,0.39193578132263496,0.55064420293807,0.26314014204106023,0.54973931123717,0.44528767098427363,0.5094280429963802,0.6089136353977518,0.42846131439644836,0.4531251029344433,0.33003787002701335,0.42419546809557335,0.5403279218341548,0.6537707371205568,0.6126477289481016,0.3400220358949896,0.41389873603733285,0.5707046604130634,0.5547655139969283,0.49010204032835664,0.0,0.5087496441268909,0.46023221559735505,0.5185177689338423,0.4124624347301913,0.5141580881139574,0.4318890020415552,0.5833127947740795,0.454446403944901,0.41883430986927733,0.4508024107666552,0.384304303022563,0.20323692183999034,0.450621457631305,0.34989165792778143
0.4027649454814061,0.22656653572731245,0.39169824744097526,-0.12633407002966185,-0.026999827696018053,0.1768531911013978,0.0,0.31430875347068865,0.16762451507984083,-0.24437978586634157,0.1579428679567086,0.4078690992005244,0.14712278534468637,0.07512934529564877,0.4884581497343217,0.1709709579598056,0.4909736787198562,0.013460195412338005,0.2621313292356263,0.17146529611198139,0.11243233781074902,0.23166937660964704,0.45858408829791386,0.45625053583137376,0.40976343236893653,0.3918911955971408,0.32094674687511204,-0.13857997906134728,0.28751583429922706,0.40923200056665904,0.0822596306928588,0.4319486986120721,0.43512891963973177,-0.013682671029058235,-0.03628411493097983,0.016599774818670476,-0.012495003472692168,0.23864958145241488,0.5996836730455869,0.43128941892770767,0.5285007574356166,0.5418076781917525,0.5703116368062817,0.8196232539430076,0.32564482683413254,0.0,0.5069527635518313,0.40275541400991466,0.0,0.540040314929732,0.580680202204228,0.5731400669632172,0.5225479832330163,0.5742725785553398,0.5439276058068001,0.5384151031759709,0.4378515712219505,0.4747087998706999,0.3747047339066757,0.3784549526954748,0.5571465806551071,0.0,0.5341871912161873,0.5725764645745928,0.5509619643564353,0.512790920207335,0.5158589317906279,0.35385272246102384,0.4759695575851268,0.5623506115422809,0.5307960029098028,0.5396932228843025,0.5339914372553916,0.4058966202859387,0.6691403881069944,0.5188715156193496
0.18142652737874382,0.48361357294785573,0.585643151432183,0.29639717057259973,0.13304288369295003,0.39565454279417833,0.31430875347068865,0.0,0.5013196066906234,0.4995488933781953,0.1687162765827496,0.4718274309156766,0.3143002370172844,0.3474619088612097,0.3207019011104809,0.31171555475591517,0.4347462688745382,0.398236426342733,-0.011518955020301647,0.4240357272776655,0.23172522303358517,0.09294993157763187,0.245680437458477,0.14445007966387474,0.3218867747320997,0.2748720618186538,0.4739519769427655,0.227129727264752,0.20388527204653945,0.24639588542050248,0.21092446289395644,0.26176786322623846,0.4830663249194318,0.17558212625230984,0.12001903195845959,0.35653331164715096,0.06539611339951235,0.5758011126592211,0.3094015915487542,0.45168541866079,0.39300163642229125,0.5662270109374599,0.4868001256045855,0.46967095408327664,0.0,0.5612342830024593,0.32811848879164324,0.5427449510315638,0.0,0.5886234721589958,0.5806757882457815,0.4277819818503298,0.4443237154724472,0.4143111916764653,0.7911219477328173,0.7117040520337318,0.874414293762589,0.31867615337286403,0.6519123666395521,0.6744897268352492,0.3670381503433717,0.0,0.7055505383561499,0.6264926777661926,0.12480944990084769,0.12057291661621405,0.4447875886018875,0.4455727025009002,0.0,0.5340821632967521,0.3719426588522857,0.40798309617298933,0.35631811994284,0.53756506099366,0.48561672924017674,0.4143535611566485
0.3836919805449891,0.316228875554492,0.4371864977342709,0.5787996045685202,0.13218113408148527,0.37930096229694327,0.16762451507984083,0.5013196066906234,0.0,0.14891913965820752,0.24574798736130993,0.5478999094667262,0.21479949167352513,0.34255319031586146,0.6558378760717867,0.4806301153604748,0.49305712774740634,0.5938748534896623,0.16193675231917676,0.42801789349250574,0.365158886638264,0.44714406478320645,0.463884599891065,0.4768795349750923,0.42681738955541193,0.5571594032997313,0.5220507221667854,0.3886452900557872,0.46980720974287987,0.6037577650752933,0.4030779192551722,0.5112963961062974,0.4526148910832464,0.3709690838030689,0.34788171961747316,0.3628931050617836,0.37666653003743567,0.6099632461076822,0.5614392477488214,0.554276227342422,0.44896709767667653,0.33522341778830445,0.5172145625332132,0.46757831960908924,0.31998181193921643,0.0,0.45891673797782856,0.7316824274533865,0.47630701487204985,0.642392581996533,0.6996156427593939,0.6014721128393097,0.5434043433200297,0.525183029670524,0.2769949748472983,0.5799422976805995,0.44154737480984674,0.5037090615676002,0.5497537794832504,0.38077177877272333,0.6215203234740732,0.0,0.0,0.5205038696836087,0.5779717473578677,0.6398642694684264,0.5236077341275462,0.5065844330560658,0.3320079383754422,0.5420886899381052,0.24108252813668057,0.21243748660309947,0.4934975288395713,0.5469420393799046,0.4915758302879327,0.6099097492711529
0.6266376648341366,0.3161134193263447,0.45150380283841773,0.04600937095184007,0.031567074958927854,0.10057537604532985,-0.24437978586634157,0.4995488933781953,0.14891913965820752,0.0,0.04476723645147451,0.36894139932217596,-0.2131102801401663,0.0888057873200292,0.5056916547248052,0.38858347834972984,0.3463096220189904,0.27059587096369,0.5041855701297168,0.41527537387233815,0.49422787062740675,0.4049740362354725,0.10707892596861834,0.27232911657667747,0.7002366062005703,0.4543561863694763,0.0792860742717143,0.13128319900659635,0.36938167654835385,0.3266584241125128,0.27373087201985474,0.0863218313751952,0.3559632667318674,0.2731515372025295,0.24279060240163527,0.10757322400608865,0.2964687302812791,0.5198304789913504,0.33336994076708903,0.46152391763248046,0.330278107929342,0.3435669138280738,0.310167522850027,0.3294417491800007,0.34251937041160807,1.0045832687409701,0.5109510257656901,0.22695619972466208,0.4696223044176693,0.38286593029389404,0.43992957044398195,0.4360432209837882,0.559167094749363,0.2839331403512756,0.43614786021224167,0.43790603712554543,0.48502748086191244,0.4916331456756805,0.0,0.857131038854047,0.507466285182624,0.6540813190235739,0.7167752127739816,0.4630598995217162,0.4788644339918016,0.5287639470719292,0.36746472114996764,0.5891719179974493,0.3566550359382888,0.6462614909113925,0.5810527563848886,0.5495866771929279,0.5090283517981613,0.4613118966850179,0.0,0.4749421738060043
0.391147474657479,0.2961293679637836,0.4181604623218419,-0.17117989297989256,0.08599559110145275,0.31705931656916164,0.1579428679567086,0.1687162765827496,0.24574798736130993,0.04476723645147451,0.0,0.5726247565288276,0.19697426335255003,0.11892455263662566,0.0,0.48206315243009656,0.5288772822464085,0.5553008046979984,0.1029600743137192,0.5090157061191711,0.5788241316835254,0.37835101501976487,0.2782229242473352,0.5009478891113072,0.6266022112947556,0.6467295672654438,0.35199391669874514,0.2187814228094767,0.39695198015911554,0.47873833823438205,0.260077676318875,0.08841161307466971,0.4190763138693603,0.24376123811587824,0.23990667889295425,0.17181900574182468,-0.1343090599484485,0.5743606238117369,0.5962162649075634,0.3794451380818375,0.4925382296480702,0.5034836354543051,0.31924622321966867,0.5649783690507844,0.23269348202169304,0.0,0.0,0.22154153906883478,0.4686000543855924,0.38375743583230104,0.6476453173112162,0.48323618541253777,0.5989187540549179,0.5305024445268468,0.5676498395476639,0.12422822466093672,0.4417672914476248,0.5335106930525055,0.5323186886338986,0.0,0.0,0.0,0.0,0.3311515996516592,0.41077124063658266,0.0,0.7369224795770091,0.5967538841794855,0.0,0.0,0.9959793462025488,0.3206491864458443,0.13963513702507185,0.3735332805025585,0.0,0.5462810277109389
0.5560861778626245,0.4747038657304078,0.5777582466692031,0.3266345046681143,0.010939400068849525,0.24887386703218306,0.4078690992005244,0.4718274309156766,0.5478999094667262,0.36894139932217596,0.5726247565288276,0.0,-0.19201697342269225,0.5935847606510042,0.3281509501336304,0.5535148042335931,0.4458821417190373,0.7437955493752595,0.5412602883053842,-0.28868765846352584,0.35412505211580836,0.33436466827803796,0.3369688212681974,0.3339041813008165,0.6595814154477179,0.3610576513526856,-0.4346721099770139,0.3175085211786661,0.5782593838412085,0.288715500040276,0.28950998232677266,0.14071720786978695,0.4429876301862226,0.7193376428122609,0.677054823321215,0.48334771227999246,0.2518359022848057,0.36845192436523755,0.6259926433796776,0.5702135334286058,0.4576562151679273,0.28202407989935174,0.36499819752404894,0.37723893968399447,0.5064762868127177,0.8283985485166023,0.5406232162757141,0.2650242913296742,0.20147758659858245,0.2400035630931748,0.33541753047830364,0.48258962690545537,0.23735110614012067,0.39385428356767604,0.520574707894473,0.2636354573442002,0.6449150994345794,0.48195297007671734,0.6533539570054594,0.6068287261566692,0.39123343180904346,0.6491703759680436,0.7875504487206744,0.34866403301166315,0.6952570175849839,0.7213792892518434,0.39466331032931723,0.4895838214758012,0.42915669461684103,0.6730345420773691,0.5892540069841651,0.3424297349305895,0.5996485281463476,0.5322302151746179,0.0,0.4729141227712339
0.4438731460817041,0.23416367791522508,0.44693984857077795,0.020851192734517465,-0.29977984424352155,0.2818800659961539,0.14712278534468637,0.3143002370172844,0.21479949167352513,-0.2131102801401663,0.19697426335255003,-0.19201697342269225,0.0,0.04964259353987205,0.24002514445057233,0.28941477179419045,-0.1483420577159822,0.09508073867152603,0.2843006437406271,0.25515257218596016,0.2003144282063257,0.27555537910124406,0.46684531633719795,-0.1414172894930027,0.28440893547831503,0.1289159947282461,0.4001502224134941,0.05817783334800827,0.41155443599758895,0.265394812192457,-0.026181125529496363,0.3432483403073323,0.0662993068634129,-0.20376034507332175,-0.1317880395638092,0.09161210694810604,-0.09987349874484369,-0.07996697249769918,0.4178869377126081,0.4742517154913442,0.47191995660804475,0.49767576709307537,0.5841703656882714,0.44490723812194416,0.40715375562853895,0.6004666744742517,0.5634127525351766,0.501405003803622,0.0,0.6427903800968344,0.3495907092761339,0.5310454623448828,0.3223247251158092,0.5962811693293474,0.48621797478219386,0.4961945686414672,0.4598374367498967,0.551742176317076,0.4496418120632099,0.45003470121685296,0.5512476222223051,0.38185968306335316,0.5046251640021812,0.5797470430783314,0.42657329840398267,0.5579524392226763,0.4833402066731609,0.34206192545572034,0.47230513629850734,0.448810176954636,0.46867019868536297,0.33820368579918936,0.5512456094504409,0.33199289412926214,0.5156520789738596,0.4793463586130022
0.4755592634417155,0.6070742695574963,0.3066548841314365,0.2600364685934554,0.23355890775319638,0.37535402821908126,0.07512934529564877,0.3474619088612097,0.34255319031586146,0.0888057873200292,0.11892455263662566,0.5935847606510042,0.04964259353987205,0.0,0.5114315182072895,0.6594306223122745,0.4493446218948244,0.46882132187425335,0.25130130684054647,0.3755372547512229,0.5259264111546332,0.26844286119262595,0.28115023809655126,0.5890513843704454,0.5286637145817809,0.508110795414453,0.29760609713885805,0.18767226631229403,0.3366903688298623,0.8621141083638635,0.6266443628300149,0.2542267781259903,0.21661845808382246,0.7484063234507866,0.4021226904861567,0.27997620851630634,0.2375983455259572,0.4097338617495808,0.7206918946654014,0.0,0.6714389521841495,0.7757150005245115,0.671314932681599,0.47125608462803714,0.0,0.0,0.0,0.5219322908416932,0.0,0.5959584262087632,0.46958625661849035,0.5116755560366385,0.6175406762006478,0.41051708382657637,0.0,0.5930551086392848,0.3545301044074871,0.7490939302429619,0.457227573463197,0.0,0.0,0.0,0.0,0.5066778195234103,0.0,0.0,0.0,0.6453091351421556,0.0,0.0,0.0,0.479200306639068,0.7831376228608774,0.0,0.0,0.0
0.14767711600829034,0.4180752428559587,0.3598263499863653,0.5371447720975344,0.479185485928717,0.15483758075860898,0.4884581497343217,0.3207019011104809,0.6558378760717867,0.5056916547248052,0.0,0.3281509501336304,0.24002514445057233,0.5114315182072895,0.0,0.3664848905436554,0.4334516372155234,0.4084889533702143,0.0,0.5655302423080791,0.12383567826714464,0.5040210669704436,0.5262886658833785,0.2520424626995338,0.44848493249696153,0.22590050185013602,0.47319579028967046,0.3905047135997645,0.2778083248476299,0.43002038815148347,0.12702775266344624,0.13746105924480936,0.28681171162937863,0.05969460356313261,0.11957132356544153,0.3173032712843511,0.3819652082707816,0.3430804785595565,-0.006464434419330256,0.06952962730598766,0.04871113056074439,-0.03686700779133384,0.23518223235058122,0.5846406475734839,0.0,0.2502841634718154,0.1231589210616959,0.40021276677070255,0.0,0.0,0.10002719712307567,0.6251858617314587,0.1812988768182618,0.5006437772734643,0.0,0.0,0.6600989492246598,0.007835194289946501,0.4672305149898943,0.390411462753005,0.1436293553372156,0.6251350452294004,0.6719554497566611,0.0,0.3459794959277559,0.3010255148335922,0.40595538812559573,0.41542626153275286,0.4375092550730375,0.5497561419465115,0.05803268866354555,0.2565987618271826,0.046983105185646745,0.15336772029200374,0.5476743837987004,0.09116787872164173
0.5491212881780194,0.4949988296399957,0.3509703502449438,0.05543761178627707,0.4933922145600087,0.2256891146461892,0.1709709579598056,0.31171555475591517,0.4806301153604748,0.38858347834972984,0.48206315243009656,0.5535148042335931,0.28941477179419045,0.6594306223122745,0.3664848905436554,0.0,-0.2197945100210577,0.5954249391730162,0.5121534036615545,0.49029971532214345,0.4244627848253371,0.4234727324276111,0.4547910964968798,0.38584092006921855,0.4634559765186199,0.45466128764786384,0.41837100103326275,0.2383872089524878,0.27366845745724844,0.3829605844131493,0.3374422792093016,0.28743174826106893,0.3092109157746794,0.1593655627440653,0.2976442890098484,0.39208158207644533,0.4614014830437846,0.5604453686631783,0.18817019100421203,0.23886684244694448,0.26792281421808756,0.10258141986226421,0.46784132368544606,0.0,0.0,0.3804692203139366,0.3712343384960731,0.0,0.0,0.0,0.5301226765133296,0.5583576353114914,-0.6995731104891076,0.0,0.6604271774045085,0.0,0.5727423872278505,0.5841041536285391,0.0,0.07480651003377486,0.3057833794624466,0.6139065642617259,0.3883459737233493,0.0,0.09532316369849417,0.34689405144944496,0.24043256393472665,-0.08081150752357652,0.37626643139080573,0.42515406095809666,0.37934230653149614,-0.42835935949661663,0.5095778896765566,-0.3522143407227438,0.0,0.0398494428763671
0.37378348161152775,0.5430719180045884,0.6946376681103952,0.5659511017258791,0.5198195377160154,0.6066659008215709,0.4909736787198562,0.4347462688745382,0.49305712774740634,0.3463096220189904,0.5288772822464085,0.4458821417190373,-0.1483420577159822,0.4493446218948244,0.4334516372155234,-0.2197945100210577,0.0,0.5173348759457559,0.7064054091047917,0.37468613095657577,0.5514777643457676,0.5102944280280861,0.45442199178432385,0.335530016657422,0.3376726963279273,0.4298780625761294,0.6560518591248097,0.31958218622567014,0.32937011059060084,0.5108371434894969,0.2189451510484705,0.04927636682020975,0.22466138850762346,-0.055996909466267675,-0.22120764248988783,0.202829759133698,0.2424952719565804,0.10359068844531033,0.5243923747064457,0.16926615351889096,0.5009870818251829,0.5713647732839725,0.0,0.0,0.4783042573170758,0.6033742993959017,0.6306035217247516,0.0,0.0,0.0,0.0,0.0,0.0,0.0,0.23296117483549378,0.0,0.20089022328809025,0.32505361252396536,0.0,0.7155160881873249,0.5084575243960618,0.4096976444755017,0.36082396410819106,0.0,0.0,0.0,0.5754904331764561,0.0,0.49069015689288054,0.47234473885091927,0.4817618774139437,0.0,0.3057441698705864,0.4737382723382536,0.0,0.26185654223873844
0.5088804224989663,0.4745660094046155,0.5633402889536288,0.46418464349429756,0.4054266449280939,0.34997136339517904,0.013460195412338005,0.398236426342733,0.5938748534896623,0.27059587096369,0.5553008046979984,0.7437955493752595,0.09508073867152603,0.46882132187425335,0.4084889533702143,0.5954249391730162,0.5173348759457559,0.0,0.5351795737421318,0.4162049196515097,0.4637435916813096,0.39761641331179054,0.4918289375278669,0.594543522872724,0.4943081218440621,0.41321421008445036,0.5274959994214192,0.11529624765979851,0.35183805186770983,0.382297413705205,0.37265493328704336,0.2910996704930222,0.4704640173990811,0.32616114688264797,0.17218561081403594,-0.026636479764951704,0.27604885623983916,0.3464337944644042,0.2383639220714699,0.2986434311367833,0.26559481168029797,-0.1259662297092795,0.0,0.0,0.5007174798305368,0.4996284890995601,0.45777358051689043,0.0,0.0,0.0,0.5739502706755236,0.5614777192016016,-0.9875680517289339,0.0,0.3736820223584312,0.0,0.36179653803453815,0.5549988742519072,0.0,0.14197249469971035,0.3205590456361759,0.5988146103228487,0.40260814459936317,0.0,-0.4974246506671962,0.6899822622027363,0.2830404336755912,0.7260792592095158,0.6384907740766106,0.4743391820261049,0.4757934939638623,0.4709897869890069,0.6378293152738126,0.5486230809514282,0.0,0.39884269249462956
0.0,0.5408300783969242,0.24359533321674817,0.5135965425118315,0.07150338917522434,0.4194705733341976,0.2621313292356263,-0.011518955020301647,0.16193675231917676,0.5041855701297168,0.1029600743137192,0.5412602883053842,0.2843006437406271,0.25130130684054647,0.0,0.5121534036615545,0.7064054091047917,0.5351795737421318,0.0,0.4782153115346775,0.43109930701833193,0.6228720478162217,0.12926054996436084,0.46382988710975215,0.5610904436143146,0.5621596181683889,0.36048237968842556,0.33111676131805984,0.5992918725195563,0.5708949812629767,0.2852560963990269,0.4432542963311098,0.4654622454628628,0.26466889964837614,0.5256579276483204,0.2628059962442262,0.45961647382562354,0.4278108172234007,0.6593479773978125,0.3835526550453058,0.3460767748365713,0.3027876079468157,0.3267198590205603,0.3510997615107784,0.4204906711633374,0.0,0.0,-0.36086069697559714,0.0,0.41465346306827755,0.527191135018419,0.47061915456894887,0.4768084688418023,0.5657388103287636,0.9749102531580129,0.5536643385980013,0.5179002449534216,0.4406187150250782,0.44038059610159663,0.0,0.0,0.0,0.0,0.6425159358663272,0.4746547313596002,0.0,0.4301587261155505,0.44123023357862723,0.0,0.0,0.0,0.5701388111075529,0.5634003725574636,0.4901508089724105,0.49034082488191116,0.5117362373814578
0.43560129509601714,0.4704112342150299,0.3539769498404497,0.09911747032151408,0.009158365552527081,0.02956355481811626,0.17146529611198139,0.4240357272776655,0.42801789349250574,0.41527537387233815,0.5090157061191711,-0.28868765846352584,0.25515257218596016,0.3755372547512229,0.5655302423080791,0.49029971532214345,0.37468613095657577,0.4162049196515097,0.4782153115346775,0.0,0.437568107696233,0.3467672785916308,0.293567015375225,0.4858933497807986,0.7027816791371051,0.4388299962440726,0.37904357834291524,0.22247008129255963,0.28482028895166267,0.42444096605432213,0.07647478680191505,0.16174198136060638,0.1761837028077224,-0.007158850883348444,0.16061085282963217,0.5545180364467563,0.18627528158900233,-0.20185727593936764,0.16193944540190236,0.4287418638192388,0.1624208579865458,0.04228332708093607,0.4828181247274038,0.23089267455859358,0.23412357667397654,0.49022593284739435,0.5096296967427106,0.45861513479862515,0.0,0.0,0.18380130775419218,0.4801341211885094,0.2549409785815036,0.4198248365524717,0.8922515224513852,0.0,0.5489577886459168,0.5017383044605972,0.0,0.2781754639481926,0.47042302915486967,0.4648306078199501,0.5150577170166564,0.0,0.3466782501806601,0.2752138241300982,0.21016718391557032,0.32167021849954647,0.0,0.4882746895977563,-0.020945253093058558,0.28338318493030146,0.3606084072280566,0.181865374633979,0.4194656296722671,0.424039759532622
-0.030916914656463595,0.4477741592605824,0.38790769152138826,0.32390937376023626,0.5098743118166904,0.2157675336328601,0.11243233781074902,0.23172522303358517,0.365158886638264,0.49422787062740675,0.5788241316835254,0.35412505211580836,0.2003144282063257,0.5259264111546332,0.12383567826714464,0.4244627848253371,0.5514777643457676,0.4637435916813096,0.43109930701833193,0.437568107696233,0.0,0.2541150275476165,0.3296105871490037,0.1298184790105772,0.2452286364185307,0.3716367641463517,0.49904440046142784,0.18466433183834702,0.1517021807702595,0.229989166140426,0.13347523821104723,0.07645233055962741,0.14376817519865365,0.044320239566794484,0.16902908794342208,0.5434018747569909,0.3166497415340355,0.5475864285958518,0.17803526418232066,0.14799468083055395,0.08282713043695042,-0.08200921020343391,0.5593478827865024,0.0,0.0,0.537284399968351,0.1858709399243788,0.6010020135674007,0.0,0.0,0.349043084601136,0.41345377079187706,0.5787109371990866,0.5304078235578076,0.5576551306198384,0.0,0.7078801477049498,0.24167091455755568,0.0,0.30471474609186544,0.07979217519780818,0.0,0.48151364851305173,0.0,0.2562027503847212,0.6401186665228573,0.3033081444581419,0.24884841535541943,0.7806726132038606,0.44867416352562317,0.3155133481785959,0.30092854621406373,0.43545648262566655,0.2632492756756768,0.3961829535728727,0.3658224541159667
0.3271689811534291,0.5585018245840832,0.43146770088256703,0.1796111939467564,0.16575093476610808,0.09831671537063791,0.23166937660964704,0.09294993157763187,0.44714406478320645,0.4049740362354725,0.37835101501976487,0.33436466827803796,0.27555537910124406,0.26844286119262595,0.5040210669704436,0.4234727324276111,0.5102944280280861,0.39761641331179054,0.6228720478162217,0.3467672785916308,0.2541150275476165,0.0,0.5951085180156965,0.3626904378017497,0.7248657911095603,0.4839433723627635,0.35268092473591345,0.3837267528413495,0.3297248259182708,0.5034680766778967,0.22254415143828093,0.21805924483775802,0.2996216691827637,0.11758781963176956,0.21228241036273338,0.4068230710609039,0.577031538070319,0.48174158728817573,-0.0982464611636108,0.04957751308781422,0.08646930262523433,-0.016742860151353678,0.09537666082461416,0.3315907256548116,0.25646382771967124,0.3427258573583918,0.09416509885178737,0.4846766177002629,0.472307794264066,0.26183392373393316,-0.12280933960900559,0.6646561743362501,0.03500867388038664,0.5518076756779315,0.4705407948167507,0.0,0.4666991126988206,0.5303575652494243,0.0,0.23519468298162113,0.12481837037727067,0.4268640662819538,0.581997501855205,0.0,0.022283303348721417,0.2718543114345687,0.1966233811946474,0.12555671860989776,0.6783357039137624,0.5464191030837838,0.1004940151675156,0.029629959796236116,0.4601926828659818,0.0075376946975574954,0.5604752828699293,-0.11443793494963306
0.1943433742091058,0.7133176822831948,0.19305813534258753,-0.10676473384494439,0.5081736590923384,0.28237097962645197,0.45858408829791386,0.245680437458477,0.463884599891065,0.10707892596861834,0.2782229242473352,0.3369688212681974,0.46684531633719795,0.28115023809655126,0.5262886658833785,0.4547910964968798,0.45442199178432385,0.4918289375278669,0.12926054996436084,0.293567015375225,0.3296105871490037,0.5951085180156965,0.0,0.10470644664209514,0.47017993463547747,0.3476032965679884,0.39067267397767413,0.33237209703739745,0.3169283632648102,0.398651820216277,0.3658119367016546,0.3438919908151382,0.3333839511632495,0.2912520601849137,0.37288542378578926,0.3150492120549022,0.23331425548496687,0.34081734732889274,0.36347948006485914,0.3716830736305956,0.34802024300420675,0.36275939031503346,0.5717074824025863,0.5194340835316082,0.5834194618634387,0.45036350342623555,0.4949799071983392,0.6784441943578474,0.4132503225034071,0.399651290599327,0.44665647099722416,0.38383877386275655,0.5083422790552862,0.5058964676012264,0.5255483907547072,0.6246417374308999,0.49559648868161604,0.3902222577589846,0.5874357575953915,0.4179404510070561,0.5269442195297999,0.47886443399180156,0.5708029175248578,0.6742821806323411,0.42706631725739336,0.3750623420422373,0.40371807220560385,0.5845748869882013,0.22095223381629936,0.42305271062859584,0.28869662731140777,0.4010413097526645,0.36488463007460153,0.38830549153507954,0.39883037716960246,0.3920968644501739
0.3955718006975323,0.3862438101394198,0.4232177382097535,0.2221109346153192,-0.11393916492931566,0.2960113933535447,0.45625053583137376,0.14445007966387474,0.4768795349750923,0.27232911657667747,0.5009478891113072,0.3339041813008165,-0.1414172894930027,0.5890513843704454,0.2520424626995338,0.38584092006921855,0.335530016657422,0.594543522872724,0.46382988710975215,0.4858933497807986,0.1298184790105772,0.3626904378017497,0.10470644664209514,0.0,0.4995461096685361,0.24879811138874883,0.33139687983630994,0.19019920279602992,0.5104046192036021,0.7893038461454387,0.20211626435472319,0.18278851102831373,0.3558507044622082,0.3053242800934393,0.31401875256722467,0.4064488368750279,0.2686044214989382,0.3280262553230595,0.5905394775112619,0.6094562928147269,0.4465117856255864,0.6188580773877009,0.5138332770509806,0.4090166895630075,0.4217112245806266,0.4745283680153667,-0.010774540200354898,0.0,0.0,0.45328615824268836,0.5588922013229216,0.2852188472170817,0.0,0.07976475100334066,0.4599675478287453,0.556459971568535,0.5793493850393878,0.4058931688456118,0.0,0.1950958340337871,0.12236368666220396,0.5287810590705991,0.4726298565683098,0.49315236606603596,0.28409422726084155,0.37790472307663836,-0.06261942796505712,0.8345258574216845,0.34419912256421925,0.5874204931297453,0.577040305612028,0.49949048407106045,0.5891752190140231,0.6555510683081891,0.0,0.39719506835851515
0.21564666594347054,0.4907660465042276,0.4289299146298971,0.8376771050462681,0.3908661231333104,0.4153766868760429,0.40976343236893653,0.3218867747320997,0.42681738955541193,0.7002366062005703,0.6266022112947556,0.6595814154477179,0.28440893547831503,0.5286637145817809,0.44848493249696153,0.4634559765186199,0.3376726963279273,0.4943081218440621,0.5610904436143146,0.7027816791371051,0.2452286364185307,0.7248657911095603,0.47017993463547747,0.4995461096685361,0.0,0.2426766629938019,0.590496718767737,0.19161160480413797,0.3137291427266269,0.3676704296102313,0.3434564964950932,0.1950978392730935,0.39618935157504953,0.19655699592318981,0.1840417974396743,0.14866024307635026,0.5419076275701562,0.42942598898502526,0.09545448346645241,0.22180283583875998,0.17849231967229942,0.04085716187054028,0.11055764591715989,0.0,0.44162004461681653,0.3626671314876866,0.4491500356044814,0.0,0.0,0.0,0.5221998659252457,0.5373564936309373,-0.7065313883071167,0.3556184904779699,0.3379377146057241,0.49621510503839666,0.4706662779561172,0.39176070821394615,0.0,0.22390517743149163,0.21052992421355282,0.5859081888633049,0.3520584435949643,0.0,0.21498274260014674,0.4369835770175799,0.34329490520270145,-0.23141318369076658,0.5330252669492,0.3908638935884021,0.32258358315893765,-0.24408809798843406,0.6614404694108914,-0.18407120444019492,0.0,0.08520569318303006
0.4588218338718296,0.2831718850698164,0.41296667761359146,0.5286617082653312,0.3914854434131326,0.2972111564328349,0.3918911955971408,0.2748720618186538,0.5571594032997313,0.4543561863694763,0.6467295672654438,0.3610576513526856,0.1289159947282461,0.508110795414453,0.22590050185013602,0.45466128764786384,0.4298780625761294,0.41321421008445036,0.5621596181683889,0.4388299962440726,0.3716367641463517,0.4839433723627635,0.3476032965679884,0.24879811138874883,0.2426766629938019,0.0,0.5648860269715025,0.13254359456289905,0.24752001299445925,0.3184077172910408,0.16894629845792064,0.27263308405848363,0.2373426096675872,0.14641877942896991,0.25144046480821575,0.41577870902475283,0.3915834482689641,0.16883612637564177,0.047080157708231485,0.10811370525045261,0.20005562825568146,0.05395480255311297,0.25555998142386144,0.5183056314686656,0.4629312291548203,0.30650641389686606,0.3266999970638384,0.5522119935296348,0.0,0.02609020999918267,0.12063107016270053,0.60884127637595,0.5513927156172379,0.397214636082588,0.32214165728900823,0.0,0.5115238885538027,0.5967584516144512,0.0,0.10589964542308594,0.18132402535455303,0.5815992049557006,0.3549613356047897,0.0,0.05966354767999649,0.4362965437179287,0.3035586280516877,-0.08317262056064306,0.5525827961457044,0.4012746155338778,0.3006599413757253,-0.021043762153287016,0.553079533148117,-0.11576315299699319,0.4667014960488358,0.13039476363657626
0.3990021249471727,0.5851466445914182,0.3992602203483363,0.25927881728567603,0.43114526674449016,0.2034309465943665,0.32094674687511204,0.4739519769427655,0.5220507221667854,0.0792860742717143,0.35199391669874514,-0.4346721099770139,0.4001502224134941,0.29760609713885805,0.47319579028967046,0.41837100103326275,0.6560518591248097,0.5274959994214192,0.36048237968842556,0.37904357834291524,0.49904440046142784,0.35268092473591345,0.39067267397767413,0.33139687983630994,0.590496718767737,0.5648860269715025,0.0,0.35320189472632807,0.21431007514989606,0.3463334804517289,0.25137904492664276,0.26920911942499215,0.2568019965157289,0.18525838568206116,0.22081525390594922,0.33037375259478313,0.47668880619753135,-0.30481317193465524,0.3641947378347037,0.32204200847337805,0.2865971500129728,0.21585493696304459,0.5840541177963601,0.5853935345878896,0.3820434207989704,0.4057113630254827,0.40910321175952186,0.48359516144200454,0.5211790763837757,0.5231962990950703,0.4152362274745507,0.4159577747746648,0.4583561098464963,0.48029409766549547,0.6085979964853541,0.41332833515935996,0.33368006448104554,0.38766648137740645,0.1695444856018195,0.2723766475332515,0.47900524242441456,0.0,0.5751412688043989,0.4975471024575548,0.3259134331831588,0.3585225046975523,0.21092702705445207,0.36184467004033705,0.0,0.3744017203631082,0.05764026140717954,0.3501637485608589,0.3374585689101296,0.2479925934519378,0.23541719582610424,0.3024668867457474
0.16413903281640183,0.23587458388922297,0.44455178621696645,0.019715531478458004,-0.18486475737341757,0.40467128524414264,-0.13857997906134728,0.227129727264752,0.3886452900557872,0.13128319900659635,0.2187814228094767,0.3175085211786661,0.05817783334800827,0.18767226631229403,0.3905047135997645,0.2383872089524878,0.31958218622567014,0.11529624765979851,0.33111676131805984,0.22247008129255963,0.18466433183834702,0.3837267528413495,0.33237209703739745,0.19019920279602992,0.19161160480413797,0.13254359456289905,0.35320189472632807,0.0,0.3995959418795925,0.23886620859877944,0.25870608342773127,0.36715616650995886,0.26078364845964713,-0.07768612341424358,0.20446314025757573,0.3671046748359871,0.17219430921646223,0.4142375410690321,0.3503487497337709,0.3386566687688184,0.45831863874343604,0.29786707028663606,0.5536739459099789,0.40951958129799093,0.6042804386176113,0.6224395035530625,0.502580049652322,0.5227369563728955,0.0,0.6539463075409853,0.2962947240730625,0.5415982505426653,0.28272894914082797,0.5271338598209568,0.560305670269963,0.5249105146135891,0.40490389835324553,0.22972151132587945,0.36299889485453785,0.2876006799907101,0.3898990475701509,0.17597687158368927,0.46717267897391074,0.6219630423125175,0.11802532403683502,-0.12995565893729005,0.4452679639343248,0.2861896502654865,0.5127085369341965,0.4966028048518113,0.38026970230431334,0.2849875032872836,0.2057279019549335,0.2527566005611624,0.49969079419476664,0.47181912344387833
0.3073623270488656,0.023439252999082283,0.5796156043382977,0.42355332603818274,0.248836400134366,0.29077575929981314,0.28751583429922706,0.20388527204653945,0.46980720974287987,0.36938167654835385,0.39695198015911554,0.5782593838412085,0.41155443599758895,0.3366903688298623,0.2778083248476299,0.27366845745724844,0.32937011059060084,0.35183805186770983,0.5992918725195563,0.28482028895166267,0.1517021807702595,0.3297248259182708,0.3169283632648102,0.5104046192036021,0.3137291427266269,0.24752001299445925,0.21431007514989606,0.3995959418795925,0.0,0.35014871659534164,0.08539363967858854,0.016640436660185,-0.048565679586382304,-0.024759187404561733,0.07900811981489131,0.3074791349466127,0.16741976718243096,-0.5531891763903751,0.18102107859781008,0.46385083303375385,0.14270732414563495,0.12235502196808021,0.10883035904991117,0.48555410128545573,0.5642072074886961,0.43347394611086265,0.48099766884199907,0.3485252691319306,0.3924306129506484,0.3883566286566543,0.3269538105069967,0.49721493291762936,0.29944092120178717,1.4282535915304413,0.6702448475255245,0.418059007350325,0.5169999225546249,0.2729870813112425,0.7543903032040704,0.20132658854417254,0.544704797910813,0.4689150353219219,0.49173383530821835,0.5052031805044782,0.17310341137503144,0.11170697717002881,0.48225945033899864,0.2700060338410429,0.48772229634014075,0.5226308645916787,0.48913837447191144,0.24312228727507576,0.2660520561499917,0.13427112183092735,0.1101234905868525,0.2825245735551306
