0.0,0.5830767070638065,0.32686507260318354,0.0,0.4190983513840969,-0.05485907502612403,0.43342569558241617,0.5465891084528666,0.40256405095323233,0.6153435741940816,0.38046067940319017,0.6099504424117765,0.34040550934669606,0.43510860786162414,0.5574412942781364,0.6527851505033548,0.1838272509027961,0.4779901936434632,0.0,0.2687507697647959,0.46908796115595747,0.43780048398010296,0.5065383181694556,0.31754250978450566,0.3544729774777171,0.6350086807469226,0.4368916393653221,0.29742734813896077,-0.17651446550291483,0.555889364838444,0.4235884390377679,0.5965524135774618,0.14491962538487468,0.2798035803779202,0.4045710045945746,0.5972921764987279,0.49787760257514746,0.4367905816090203,0.6610427521325131,0.573842517803588,0.19878853795173074,0.4935344874125035,0.4764408976556937,0.0,0.4253639823001004,0.35379318828145173,0.6510235894055927,0.0,0.0,0.0,0.4438906259661815,0.0,0.5577698162315683,0.0,0.4117910716134562,0.0,0.5082060213897936,0.7183599666894669,0.0,0.5509973937918197,0.5361011198038171,0.2811287285731826,0.43227436484434234,0.0,0.4275195818661799,0.7424693459944501,0.5757771790292483,0.5754790781076049,0.4276501213731142,0.5642120888976926,0.64182873630337,0.20051151363475833,0.4020268679428386,0.4695607519711258,0.0,0.4564816444887281
0.5830767070638065,0.0,0.5045937890848136,0.3182523789824544,0.09853854886602714,0.38471982832993956,0.20998022084236934,0.48907899944293054,0.17527331726787743,0.41717457093681387,0.3234095468639504,0.4362808664404848,0.3400777116494772,0.494272068715023,0.595069168861094,0.6944482396221878,0.5621795880160445,0.7039171872924729,0.6157250243124197,0.631746345974136,0.5519403686847597,0.746741022369579,0.5929019630341876,0.43441740687521424,0.5407789400877416,0.6170250704715846,0.37199224563874334,0.43587345764610613,0.43347155223429623,0.44302413177887057,0.512701895403245,0.4881494953219834,0.3456451603057865,0.49118004069159443,0.5660825771451439,0.4382644802987872,0.24827114561702007,0.0,0.5469908965303829,0.7759796869356217,0.5064286031312659,0.5431550406648342,0.6155668417382727,0.0,0.0,0.4775335511734988,0.5929766099107231,0.04754031177570323,0.0,0.0,0.4655845611919084,0.5923666773824001,0.7618598604108168,0.5605319027122876,0.625302106069766,0.0,0.4269960195971459,0.6004780501496044,0.0,0.7255063699060562,0.4769461454760948,0.6266453083043857,0.5384768110322103,0.0,0.7256266554511089,0.6748148746313767,0.7552692173358286,0.6986590307759646,0.3731780882180177,0.5130324624487633,0.6535855351426598,0.5637721944400913,0.5826307720179517,0.42664281102599616,0.0,0.5430044885107824
0.32686507260318354,0.5045937890848136,0.0,0.4498897634984716,0.2857414952402292,0.320391599314423,0.46006883176675073,0.4553377629393621,0.1424737881583339,0.3541586662712578,0.4110583762979191,0.4844054335665209,0.4656762769725364,0.38795450269080556,0.3372067074493796,0.37506802366428316,0.5738656238312727,0.506588712899689,0.24417635921875197,0.3672532029867112,0.3387536929085023,0.5065859616828083,0.3723287809352157,0.39538772355785956,0.5163536141622492,0.4401707765892565,0.409951566503423,0.4744564148265229,0.5548521482428311,0.5589935101877042,0.5029114044903562,0.6954073497696199,0.4629353664253538,0.4584824875229819,0.41857616832137234,0.4697680245562206,0.44856777470287945,0.42734283582640004,0.861866196406232,0.4688139439680855,0.37797161148320846,0.5185791015127706,0.9700187971577031,0.6133734770085886,0.0,0.0,0.19240116895214565,0.5520024370589579,0.47156957418660905,0.6718537881015292,0.6859245607237792,0.6742267790993783,0.7444810715258194,0.8385510305699648,0.383625068459281,0.55167856870567,0.4551131450913859,0.7443798011232308,0.5096104763874989,0.24330397498374542,0.0,0.0,0.0,0.4320461119977701,0.5864701983897292,0.4342765266563655,0.09620097059162394,0.6626898611241021,0.0,0.6251371067041138,0.33692975712460893,0.7813035721649442,0.4428298707663342,0.5961341818377355,0.6758282988992865,0.3551934949563292
0.0,0.3182523789824544,0.4498897634984716,0.0,0.3354796047224473,0.5811347588420022,0.5500893054805753,0.803042715128355,0.5780484878194827,0.13571319177038857,0.6337091898972975,0.32102574320052757,0.42879126134940937,0.7441153611339794,0.5464329596829649,0.07547801078746916,0.5319171821148796,0.4744600546772763,0.443504671649337,0.6435164927256759,0.4370188234255422,0.7337895269876649,0.7642519052000565,0.21716544902728177,0.8651447060290895,0.5921724964851487,0.6655913197966095,0.44525001896720173,0.38396280481149214,0.4703590539820498,0.5219407316238402,0.5948500774361143,0.16284473566195776,0.14009488012460372,0.7247607192672467,0.4857086255926663,0.41691039783070805,0.28849594406500434,0.17136613163037973,0.2816542731314421,0.3781181969496237,0.2700058820535619,0.2156720757274927,0.22294368319005975,0.0,0.0,0.0,0.3711556773455865,0.0,0.0,0.5777043385787685,0.0,0.4694996389557867,0.02634087783774773,0.0,0.17176580190714463,0.4533697231086835,0.4466526063669728,0.0,0.0,0.0,0.0,0.0,0.0,0.0,0.0,0.4532510984467143,0.523568908287273,0.0,0.0,0.0,0.45972365001093396,0.5172758946843309,0.5585698273859468,0.0,0.0
0.4190983513840969,0.09853854886602714,0.2857414952402292,0.3354796047224473,0.0,0.17109231710390005,0.3380028231177102,0.6152488658785111,0.28670030101719424,0.6913864318451439,0.32339500862863196,0.7072373363075706,0.4967299373128991,0.3910320787037797,0.4415640960528049,0.22005879326031458,0.5127985991098998,0.33594546755846294,0.33836696477765044,0.4298381144631803,0.46311578433164324,0.2382309612860048,0.4326745209690196,0.40681915332837776,0.35836716765324905,0.3517404091444982,0.41335434666255455,0.6561212198470814,0.22623904618564797,0.4475143470724603,0.4842041337930678,0.2521218072400502,0.10371527841316097,0.5204703554933113,0.4696109815332785,0.40348818688372745,0.4097562140986105,0.49877322093758114,0.8234185516950172,0.7131568245012293,0.5167497809028283,0.41627913851142817,1.1611503435576602,-0.8085925744107325,0.2474394509756061,0.0,0.3864812578801823,0.8377882440309761,0.0,0.5829457192272268,0.7575734187812755,1.1245925557405645,0.7806057036361914,0.8222278143053317,0.0,0.8073916944370497,0.33123741023825093,0.650016835886192,0.5108933445943766,0.24640672427612012,0.4469978512964677,0.0,0.0,0.9671763442298591,0.3183872910631528,0.49307428435852907,0.385004295909663,0.7920640451018468,0.0,0.4693164632550786,0.5657713231888863,0.7187436169934625,0.5413597618421234,0.41933568977428043,0.0,0.46054035017756634
-0.05485907502612403,0.38471982832993956,0.320391599314423,0.5811347588420022,0.17109231710390005,0.0,0.26654971443585385,0.5703539333532197,0.3010176900689903,0.461951054309163,0.28687774025920676,0.6052445277160363,0.43833910108093577,0.4368142550108426,0.5369629251338786,0.5507221110131624,0.4877917078674747,0.48937193459593353,0.31628197026040716,0.5127382143086264,0.5303220390688441,0.45531632897572305,0.4708402899449654,0.2979765206961502,0.39166100031285705,0.5171816154695432,0.5084388364108765,0.6281484571400945,0.45261656505582976,0.7409989047864383,0.581048565570185,0.5455802267462847,0.4833455860569953,0.4752172286156934,0.5329372090005702,0.7742691171844448,0.5982445306377248,0.2338234047390487,0.9503254671255459,0.30175898348656927,0.7013219572629303,0.425677479800716,0.9417458653860414,0.4809431806543205,0.19144357297770834,0.5787430703861935,0.7163373911376636,0.7233940012356666,0.553190933459168,0.6174517524921903,0.7692062146456309,0.7685940400245209,0.8414195601468049,0.778146058193951,0.6249795371430613,0.8001035493665867,0.3238103398779122,0.8444909775899323,0.9783767821807104,0.647831124226705,0.5621142301892995,0.0,0.5246686320062361,0.6778956289807604,0.7166030851546294,0.6178744001134877,0.6795309337998856,0.708342891875499,0.5800729253417247,0.46717620512319336,0.6327120629123928,0.7615992162774609,0.8006232227849613,0.7639138597681867,0.4329585268579597,0.7571407690953694
0.43342569558241617,0.20998022084236934,0.46006883176675073,0.5500893054805753,0.3380028231177102,0.26654971443585385,0.0,0.49702935642992174,0.39399709893276147,0.7185869253575429,0.48363222091581665,0.5064025934268649,0.4783176363374995,0.7602380734421856,0.4834024790137998,0.5045804505532958,0.7931852708823486,0.46166298052791027,0.45203536480603634,0.4331568687196133,0.3891874972734103,0.44072427646346374,0.5014516799624398,0.9941180004015631,0.4012797159983528,0.5635806677331014,0.4448161500454302,0.4606229277223839,0.4033872480547089,0.44207066357341807,0.4963969055663391,0.5587708230788531,0.2799278069337253,0.39585517844826246,0.33553499129725306,0.7623416626105993,0.5551071655255484,0.24998813315418628,0.599490398935705,0.39473573346906776,0.563487344245273,0.5078899120133435,0.5769179326856588,0.7492186373330743,0.3208404755131966,0.0,0.5511810416450573,0.39101555396936355,0.0,0.5047011010820038,0.7239655966222736,0.5416214667209223,0.7573092432351095,0.6010660861313317,0.5543319210680919,0.46275357258958716,0.42821322612966645,0.45711600717576534,0.37383841120383776,0.309227596630132,0.5793837890043149,0.0,0.5206572767934309,0.5608487157506893,0.5631206898714282,0.4881848993095334,0.5835979789279926,0.6994259620448076,0.46821362158189017,0.5947735376555314,0.5072606142658992,0.7242554459382882,0.5301777711747089,0.4164476249918358,0.758378488748775,0.47217647169954896
0.5465891084528666,0.48907899944293054,0.4553377629393621,0.803042715128355,0.6152488658785111,0.5703539333532197,0.49702935642992174,0.0,0.5869562332527167,0.4975819436976115,0.5207358319950618,0.8383081311399607,0.550692329283663,0.4386492288172833,0.6820236404328812,0.6022759683876597,0.4332162522962867,0.45599405832859197,0.5071388509158328,0.714503944376218,0.6094865531350411,0.7259640120392172,0.49473662047496597,0.35061479680097474,0.47289792754203636,0.6059945507773272,0.5834587990652735,0.5698791186184008,0.42601831565199394,0.5280580331580376,0.5401383250665472,0.721939291205403,0.45117911334676647,0.46951712673898083,0.4582056183911608,0.9002907208275964,0.755535498380181,0.5982183968744599,0.6732723211219025,0.4272454268942362,0.5010185197371572,0.47947585753641736,0.8173345103817379,0.42795405376191087,0.0,0.5478226862994919,0.3411143590953952,0.783675547066307,0.0,0.5497043486928458,0.8151384790929113,0.914733226286425,0.8130393138167482,0.7312490431142197,0.8244912193780303,0.8370182955139487,0.9409846214188389,0.8073100998307849,0.8754464768036145,0.7869321937245435,0.37094606618146586,0.0,0.6450303823679314,0.7656287131059765,0.78555546601677,0.6581962963849458,1.0070955470590386,0.7439751557175953,0.0,0.40499823186556816,0.3603051204501532,0.7295163313444495,0.7318832846123593,0.8794378338856235,0.46396648175110045,0.7673535146660557
0.40256405095323233,0.17527331726787743,0.1424737881583339,0.5780484878194827,0.28670030101719424,0.3010176900689903,0.39399709893276147,0.5869562332527167,0.0,0.4734163967804291,0.19293837527096017,0.36695565321661805,0.37912202169271714,0.48604910703966975,0.5554053883146777,0.4065591068581709,0.39361775652153635,0.5495434542305659,0.1381403708769032,0.475652733585602,0.3526820912790538,0.4156025883768262,0.48090626359622785,0.42835496767577574,0.18613380444551458,0.5871719567109897,0.3808220920826959,0.5025922498014614,0.36324203079141787,0.3948316878189583,0.4757868398264063,0.679560188275345,0.3624974318881736,0.45669731515533285,0.4638572092213747,0.5524320649145674,0.5665216359143569,0.38874376443016934,0.9194501046591159,0.4764925489731165,0.37582611491260776,0.3286540020654487,0.8577778483584857,0.4310452901608278,0.2709094260751309,0.0,0.4738839528473293,0.7331071905810338,0.4656436735485606,0.8479785481615185,0.7519098328672053,0.8244566406939182,0.7609659310895923,0.6452047114055659,0.18862683937033853,0.8480377674748119,0.40737793095115815,0.7174961739324317,0.5624412779698388,0.4590605868266927,0.6608216496387742,0.0,0.0,0.6982336515943443,0.5774071405891422,0.6810019646737135,0.5269021200087619,0.7381940694536212,0.31238811190386295,0.5369438720000537,0.28089585746273493,0.6769754338635419,0.48571923417664953,0.5382364228135115,0.49937217715569343,0.5897173589132347
0.6153435741940816,0.41717457093681387,0.3541586662712578,0.13571319177038857,0.6913864318451439,0.461951054309163,0.7185869253575429,0.4975819436976115,0.4734163967804291,0.0,0.5433650977620514,0.6137728021902087,0.5854792594377213,0.28399815506614806,0.4626770388867151,0.4965012134713789,0.6850679885070812,0.5342665338677592,0.3805982950795443,0.37851224963576224,0.5059543988952826,0.4455574788871535,0.5032729119160364,0.41048486832968023,0.6888583100789141,0.6139881551375084,0.4218709632078115,0.5192228618208892,0.38924913882712775,0.3693237305649336,0.6785549260699195,0.27309948983721005,0.5970403110069542,0.7013390646105391,0.5344198156354892,0.49574179988152534,0.3279123430545691,0.4756541221996201,-0.10594981848304086,0.4906665894517642,0.5191813512398575,0.3234323497458896,0.2606347116146768,0.2845601617134694,0.5179090553339181,0.5775309675563465,0.5315899832482989,0.14346205103916015,0.4749468045821309,0.4127734123656678,0.5027231623056689,0.4197002266779684,0.5626265781502559,0.21876799084611123,0.5326509965485545,0.4042146145060177,0.6259183726161599,0.5411912685512271,0.0,0.8965900177947369,0.5876316483319649,0.5319122406498984,0.26506891274021677,0.4694442469905138,0.46498826226714496,0.5477599369723992,0.3355912905203585,0.5303497791147211,0.6458460298802542,0.30447072992021174,0.5918188204953473,0.5487504876612599,0.5160295413228868,0.3933640166527995,0.0,1.0951210362170514
0.38046067940319017,0.3234095468639504,0.4110583762979191,0.6337091898972975,0.32339500862863196,0.28687774025920676,0.48363222091581665,0.5207358319950618,0.19293837527096017,0.5433650977620514,0.0,0.3597163573920136,0.4772918653244823,0.6810544726930532,0.0,0.511001834652529,0.46411917571642425,0.4890143261128987,0.3074525884648488,0.44666974819388816,0.4984238893817827,0.3738258237533729,0.23355212107147455,0.22281815011909722,0.5313257988115507,0.5393977215631933,0.44449301434623234,0.484804051469344,0.40611787060556237,0.49987000833998063,0.4696017503309673,0.6415056881707807,0.04743668217614794,0.5086711889017562,0.5446805668323642,0.7940607088118025,0.6168392698509357,0.2733480172550999,1.0050870523166116,0.5349663387120094,0.48095155637413745,0.42706507691324624,1.0419332660289609,0.5535134960009829,0.17851919769256627,0.0,0.0,0.5426685618664682,0.4691248719238953,0.0411877785570246,0.8133800924197319,0.6445387053775948,0.867249708358155,0.48298162089141167,0.43603008618838035,0.4895006938946593,0.3709598659092308,0.5014404243732218,0.7026831448535564,0.0,0.0,0.0,0.0,0.39177464416877456,0.34482708203010404,0.0,0.6604153307626953,0.7247296946544756,0.0,0.0,0.878427257068369,0.8048351954253335,0.445876325603765,0.3489017218040729,0.0,0.5257465410859132
0.6099504424117765,0.4362808664404848,0.4844054335665209,0.32102574320052757,0.7072373363075706,0.6052445277160363,0.5064025934268649,0.8383081311399607,0.36695565321661805,0.6137728021902087,0.3597163573920136,0.0,0.5088713282536395,0.6043091889721133,0.40551294700202356,0.5835838094279963,0.7733392019490664,0.7558763962497896,0.4694277783364742,0.5609785988143152,0.732219329817058,0.4261744782054619,0.797401268739544,0.44365830529535594,0.6965369781709865,0.37471503070850165,0.48153220742172054,0.4267116355397011,0.5863097062033822,0.29339690124716894,0.5945959300767387,0.4653658774253779,0.7324265400710611,0.3328001764588697,0.1420045034591799,0.5249271706364567,0.21235095294693435,0.39375525709322334,0.368175508464717,0.5049411650807314,0.6895680481793024,0.23721643950306737,0.3748725470242168,0.4097295557615297,0.5027909357444823,0.39339926332783814,0.5752358187109013,0.24653606301290515,0.19739737973084412,0.2574919492622109,0.3458849584103436,0.4724138888211326,0.24206537235492964,0.38269306439887374,0.5379985045817407,0.22507921247370383,0.6795915471051888,0.4412987356658392,0.6756031153195494,0.6253684226322868,0.5275504731155249,0.40382411058659595,0.2468816254765338,0.339269659560373,0.7368810129375291,0.7593817478463045,0.4131476844811799,0.5360573301168055,0.5687614730179903,0.3840440475470589,0.5865812347388912,0.3381558792457533,0.5749587520534329,0.4586573940877279,0.0,0.07597614971148242
0.34040550934669606,0.3400777116494772,0.4656762769725364,0.42879126134940937,0.4967299373128991,0.43833910108093577,0.4783176363374995,0.550692329283663,0.37912202169271714,0.5854792594377213,0.4772918653244823,0.5088713282536395,0.0,0.5298304804278925,0.5377742029131771,0.552672237923077,0.4850550465464254,0.5544544641965188,0.46629438615210134,0.5804628066200147,0.6133393315399396,0.49509435262068285,0.5429698275228703,0.37517538434769854,0.4741434937974312,0.5390012351611555,0.5188643471319292,0.327556823270635,0.550691402271075,0.618160854052699,0.42862382576807234,0.5908839444495313,0.2079600907234671,0.4269130095916722,0.410710441263129,0.5056844478702811,0.3894838050859337,0.16503974677452776,0.6093851081044139,0.45804123297721056,0.48354381796695195,0.5194128314243345,1.291659430225673,0.37186897559660076,0.3640712650483613,0.5767607949297816,0.6214917848232429,0.7095621086617715,0.0,0.6106745350330891,0.7816325115197906,0.9401260777859668,0.720856802927779,1.0545357840626821,0.4910994415780081,0.8878315358609945,0.43068808690794663,0.5420798278245694,0.4083276435308686,0.4374907388007774,0.47381870701069884,0.37714099709531884,0.5419264722608379,0.7338028994483965,0.8971733684252996,0.5525339103758101,0.5073352205416997,0.7854682740777499,0.4847979515887547,0.4695195867304687,0.4566512506196978,0.7883169385022205,0.5217055461399079,0.48024058684512844,0.5075330652003669,0.4890143829156734
0.43510860786162414,0.494272068715023,0.38795450269080556,0.7441153611339794,0.3910320787037797,0.4368142550108426,0.7602380734421856,0.4386492288172833,0.48604910703966975,0.28399815506614806,0.6810544726930532,0.6043091889721133,0.5298304804278925,0.0,0.5159069932335669,0.5548622353470947,0.4560978409191668,0.49840633106708787,0.4972313584641016,0.38744576914125584,0.40035009146322154,0.250002389180438,0.4521320818564243,0.6008960102863009,0.518443038704901,0.414534942383165,0.47738713768528906,0.5508066467500937,0.38282176536469725,0.757236817651088,0.646641045018792,0.3958887391664024,0.2453310002374006,0.672817014532304,0.36569719943127565,0.6446296332880377,0.5068538362936056,0.1810552633655504,1.2171988782116057,0.0,0.6882478286208282,0.8164302167916524,0.6468155442220717,0.47080937640522713,0.0,0.0,0.0,0.4527354272958443,0.0,0.4900361277159144,0.4403330825109031,0.46553096983425374,0.5380016624821746,0.7223477929098854,0.0,0.5493296973174071,0.3848586494888262,0.7071677431159641,0.416555150514057,0.0,0.0,0.0,0.0,0.4663894168677606,0.0,0.0,0.0,0.674643707372967,0.0,0.0,0.0,0.8161305380734661,0.7214086427830888,0.0,0.0,0.0
0.5574412942781364,0.595069168861094,0.3372067074493796,0.5464329596829649,0.4415640960528049,0.5369629251338786,0.4834024790137998,0.6820236404328812,0.5554053883146777,0.4626770388867151,0.0,0.40551294700202356,0.5377742029131771,0.5159069932335669,0.0,0.6024827275322102,0.38773043236422144,0.5271250932782787,0.0,0.6776162815015897,0.6922775034102996,0.7366900418978817,0.7690762615963423,0.5570967692121332,0.5428302804792902,0.719634997394226,0.6288853280784912,0.5667643333176626,0.6110653800332704,0.39535227408771484,0.44792605360546356,0.3743541422911735,0.41087215710905617,0.405811184982275,0.4259118631797733,0.622029730254384,0.5635952971192135,0.3723770826754301,0.5612773053298868,0.8566790707699037,0.6400846879433622,0.5054335005088351,0.4469240893840841,0.6029545798718721,0.0,0.9082638246453847,0.5828956731295487,0.44462213394988503,0.0,0.0,0.6726754307214423,0.6763621162417406,0.7100531893415486,0.5222454032207465,0.0,0.0,0.6465050147745393,0.523622980937252,0.4714650418451125,0.8528256600753756,0.5860783279515518,0.6134215602772737,0.7258202967315908,0.0,0.9878454778389021,0.6710292497214568,0.9166655306220381,0.9044876140727152,0.44063043847221484,0.5556881846829137,0.6305959775014265,0.7856670650568061,0.4439585098491811,0.7504001004586435,0.494826275293196,0.40124742660995827
0.6527851505033548,0.6944482396221878,0.37506802366428316,0.07547801078746916,0.22005879326031458,0.5507221110131624,0.5045804505532958,0.6022759683876597,0.4065591068581709,0.4965012134713789,0.511001834652529,0.5835838094279963,0.552672237923077,0.5548622353470947,0.6024827275322102,0.0,0.5850321207070606,0.5528409536193362,0.4465065467444699,0.652732055823831,0.6335982755511647,0.5427580063985029,0.7429139533688704,0.5150869429667967,0.6589415290744167,0.7255621658979727,0.5000785971513699,0.6340411381280225,0.5734721709731783,0.700933659810403,0.4325060971377708,0.5513906502001833,0.4684118591301622,0.35075796433174955,0.562046356110431,0.6280596622754049,0.3478025930695624,0.5841652699715855,0.6551534066654581,0.6892921848638611,0.4652715836609741,0.5512163111264893,0.4723186640342756,0.0,0.0,0.3742084738029274,0.6901821397942045,0.0,0.0,0.0,0.5161752557104922,0.5811933946845578,0.863022760980451,0.0,0.5947519891876782,0.0,0.4442555739208953,0.586516977094607,0.0,0.6557529762412599,0.526181543706833,0.5817896321794855,0.451169425321633,0.0,0.5397197234163353,0.6290650400354776,0.6702974631274462,0.5511437126155528,0.3682678961842333,0.5820958146866595,0.7441853220776291,0.20973803227189391,0.5939934102860964,0.6469718710280772,0.0,0.4876363409561908
0.1838272509027961,0.5621795880160445,0.5738656238312727,0.5319171821148796,0.5127985991098998,0.4877917078674747,0.7931852708823486,0.4332162522962867,0.39361775652153635,0.6850679885070812,0.46411917571642425,0.7733392019490664,0.4850550465464254,0.4560978409191668,0.38773043236422144,0.5850321207070606,0.0,0.6421759594656387,0.5983602710898346,0.5451102051122528,0.44780893642685005,0.3533171221584891,0.47098169938411305,0.7700690797508731,0.6018504217682317,0.6601149991734754,0.5406760101313116,0.6854391493849255,0.2964890529089108,0.5055458516971784,0.71792432227311,0.7475940697654591,0.7254629232082086,0.6651842387533564,0.6820794491650024,0.621105567870258,0.23901364499283972,0.5391332564020221,0.5552671765764164,0.6766826538507216,0.579806777646206,0.5829511084176577,0.0,0.0,0.5053138718256384,0.620757801561767,0.6181486653034562,0.0,0.0,0.0,0.0,0.0,0.0,0.0,0.7194249081739342,0.0,0.7085071309733377,0.31453006518448456,0.0,0.768089475964714,0.4971266901566044,0.6214001179202856,0.44637535831519154,0.0,0.0,0.0,0.5621178199414493,0.0,0.8544231440480907,0.6285743306394891,0.8148925645662273,0.0,0.27524876910466956,0.4658332064651767,0.0,0.677771867702399
0.4779901936434632,0.7039171872924729,0.506588712899689,0.4744600546772763,0.33594546755846294,0.48937193459593353,0.46166298052791027,0.45599405832859197,0.5495434542305659,0.5342665338677592,0.4890143261128987,0.7558763962497896,0.5544544641965188,0.49840633106708787,0.5271250932782787,0.5528409536193362,0.6421759594656387,0.0,0.47543727164990285,0.6413718990180591,0.48701744742810804,0.49363431301879945,0.5093825651087485,0.6616037967357772,0.5339385921894177,0.6368338439880521,0.47710010804081626,0.5573533500174326,0.3739891396184247,0.6687526390479213,0.5806260553309239,0.6131215463256896,0.6090014336416769,0.5674866328265514,0.5229012968457983,0.4953931048164549,0.24861346687138164,0.39380476298533873,0.657755790451938,0.5544593512307389,0.5008807699993226,0.4285112582512108,0.0,0.0,-0.6486464724658133,0.5148731208040965,0.7265120756404262,0.0,0.0,0.0,0.46792815565716894,0.546974855582175,0.8579636885580493,0.0,0.7404462778775751,0.0,0.7436361581321362,0.5095575329845472,0.0,0.7503879779920961,0.5200297105042926,0.7295663587441055,0.5119603286426263,0.0,0.47305140321023587,0.6028773563778409,0.6185520327664846,0.7087514898856437,0.7036350730871869,0.5443032823033669,0.7277744512615628,0.4689162246791201,0.6730900286443601,0.4473615659884741,0.0,0.6235474452191994
0.0,0.6157250243124197,0.24417635921875197,0.443504671649337,0.33836696477765044,0.31628197026040716,0.45203536480603634,0.5071388509158328,0.1381403708769032,0.3805982950795443,0.3074525884648488,0.4694277783364742,0.46629438615210134,0.4972313584641016,0.0,0.4465065467444699,0.5983602710898346,0.47543727164990285,0.0,0.5385074796612384,0.4510356552230528,0.6765392136942097,0.37805956174889677,0.4351386995246371,0.5057417773297306,0.46906726180523634,0.5046305120797466,0.505024585740071,0.5808750337717719,0.5825031099855102,0.48450265404059556,0.6458210123474629,0.44590130624483576,0.45425354654499717,0.4940754284989116,0.5354679858204829,0.3055027051880224,0.37319920150074776,1.0454242609945346,0.3857689186207933,0.38389118275122847,0.1960633196310085,1.127445767903453,0.34870037752729177,0.40202417315010897,0.0,0.0,0.5867863511492359,0.0,0.2954918589715224,0.818107863479642,0.760934569819312,0.6829718121796914,0.7210819188906323,0.8595673928895402,0.7479965530696366,0.4922525657988154,0.4186654741996648,0.4284770623615727,0.0,0.0,0.0,0.0,0.7531932709504703,0.4699403614977582,0.0,0.49261996515062967,0.6824818684116354,0.0,0.0,0.0,0.672004081130808,0.48461368314891284,0.42755551156859906,0.4680261633439069,0.5286716693651479
0.2687507697647959,0.631746345974136,0.3672532029867112,0.6435164927256759,0.4298381144631803,0.5127382143086264,0.4331568687196133,0.714503944376218,0.475652733585602,0.37851224963576224,0.44666974819388816,0.5609785988143152,0.5804628066200147,0.38744576914125584,0.6776162815015897,0.652732055823831,0.5451102051122528,0.6413718990180591,0.5385074796612384,0.0,0.6768721795473682,0.7216623788624564,0.9080186492446789,0.5393595341713634,0.6373251499248138,0.5535302290054709,0.8129875294683396,0.7710920150403154,0.6003949461610278,0.7600556958864069,0.6419095791831713,0.39052527521875025,0.22894785217723468,0.6391709688881548,0.5463251103739057,0.8851725569923146,0.5996029049678318,0.7645787485613678,0.656427018500051,1.0701887434288584,0.6790564589105916,0.49471696194822046,0.49404142803892925,0.2538969038140576,0.19309780920551387,0.4403867714339683,0.5073970710369375,0.44788397816496633,0.0,0.0,0.6800041623344578,0.6092847108477465,0.7092506466856795,0.3964424558169414,0.9271241014697781,0.0,0.5211003925020291,0.9700781592074705,0.0,0.8523907448687581,0.5281918370276535,0.47383954139176887,0.5636201963144427,0.0,0.7693608336297354,0.795893776873362,0.8251830742637274,0.7186600648174459,0.0,0.5406681329220481,0.7240900373287563,0.6978256288876648,0.6120950704537327,0.7564552034319891,0.39029864870338515,0.6198978264847298
0.46908796115595747,0.5519403686847597,0.3387536929085023,0.4370188234255422,0.46311578433164324,0.5303220390688441,0.3891874972734103,0.6094865531350411,0.3526820912790538,0.5059543988952826,0.4984238893817827,0.732219329817058,0.6133393315399396,0.40035009146322154,0.6922775034102996,0.6335982755511647,0.44780893642685005,0.48701744742810804,0.4510356552230528,0.6768721795473682,0.0,0.6072390505576284,0.5623865384033486,0.33126410525980976,0.3540524603151124,0.7233902642453458,0.6653327055099378,0.5721898142775479,0.558002126070072,0.4815748560454486,0.34401285010743293,0.3732060540031068,0.2943827093375204,0.30749655358936623,0.4476835171660886,0.49340902803810693,0.38389836600094296,0.5170330947661707,0.6643385220483613,0.5189736790398711,0.41601421464855426,0.3891756628947345,0.5611301023673754,0.0,0.0,0.7013438638649956,0.6133031445406123,0.6182124766621132,0.0,0.0,0.7224493367306177,0.39881598754320113,0.7169381126026312,0.4899156357552521,0.5574684559655254,0.0,0.7403978890753418,0.48635539433710306,0.0,0.7188752504413374,0.2831969803066848,0.0,0.5060901166491064,0.0,0.7616702052732861,0.741417160529761,0.8334274203288325,0.709390802070055,0.76695839334161,0.4027169435013359,0.6769960720594842,0.6189612177977277,0.8183146301087789,0.934780983092787,0.5080066919789336,0.3377574812110625
0.43780048398010296,0.746741022369579,0.5065859616828083,0.7337895269876649,0.2382309612860048,0.45531632897572305,0.44072427646346374,0.7259640120392172,0.4156025883768262,0.4455574788871535,0.3738258237533729,0.4261744782054619,0.49509435262068285,0.250002389180438,0.7366900418978817,0.5427580063985029,0.3533171221584891,0.49363431301879945,0.6765392136942097,0.7216623788624564,0.6072390505576284,0.0,0.8731143723421224,0.46784706242636487,0.6793525048734133,0.6306051262094421,0.5437310818692179,0.7248282032842195,0.49522316755373746,0.7011572363365874,0.6423738503874166,0.4264506439817744,0.44017866652175053,0.6281109154757036,0.5438643166035214,0.6243666857537932,0.7815742739147458,0.5295751747414227,0.5385955590522432,0.7473060098961514,0.5664518581761451,0.4423433703856434,0.438019401317074,0.3450064407712075,0.23173942364055256,0.8427313182484732,0.531935890021651,0.5689609623782951,0.47065347204614894,0.23908288552237916,0.6177553258942097,0.637936626627305,1.0322896249974909,0.6330346969012615,0.40319794301462614,0.0,0.4962488466661178,0.5767264444338811,0.0,0.720697253827572,0.5303348635033311,0.4161334241445447,0.6026705550252324,0.0,0.7083584611196599,0.6624902823901475,0.7720619700681592,0.7252924734661419,0.7122387107529092,0.5595083870934823,0.5729243673573401,0.6330488310863214,0.5190876939636864,0.658394879963045,0.5562471678402852,0.5436498421912126
0.5065383181694556,0.5929019630341876,0.3723287809352157,0.7642519052000565,0.4326745209690196,0.4708402899449654,0.5014516799624398,0.49473662047496597,0.48090626359622785,0.5032729119160364,0.23355212107147455,0.797401268739544,0.5429698275228703,0.4521320818564243,0.7690762615963423,0.7429139533688704,0.47098169938411305,0.5093825651087485,0.37805956174889677,0.9080186492446789,0.5623865384033486,0.8731143723421224,0.0,0.35422080975079956,0.51241166907441,0.6057991054158092,0.5102885296568018,0.4947790263397959,0.5187715807670669,0.5028263044902023,0.5598691012513156,0.5578706662301488,0.32096489708949516,0.49276435232752025,0.5178025976152631,0.7314249126705732,0.643994370682174,0.3317294351851149,0.7642136176330512,0.8408920463265399,0.6959811287481829,0.6984622341425887,0.8757016839057684,0.5475889115883157,0.5192144796976931,0.8897651329876328,0.6571197271680362,0.7554240933062257,0.4523368698422532,0.7647015380929769,0.7368156137522652,0.7842652688872758,0.5950632610183485,0.7521883895457455,0.5572878696779576,0.8633364262511725,0.43668204872971783,0.6751374659660628,0.7383336283793559,0.8272783842154012,0.5939736625670236,0.4649882622671433,0.5346404435893741,0.7126337778698579,0.806860043862802,0.7338561650975821,0.8218907902789218,0.6040304881329096,0.9490205677864872,0.5931998713591089,0.7534380523395091,0.6687331028991589,0.6867805483157414,0.8138361524665733,0.7103355762427026,0.6913766952392193
0.31754250978450566,0.43441740687521424,0.39538772355785956,0.21716544902728177,0.40681915332837776,0.2979765206961502,0.9941180004015631,0.35061479680097474,0.42835496767577574,0.41048486832968023,0.22281815011909722,0.44365830529535594,0.37517538434769854,0.6008960102863009,0.5570967692121332,0.5150869429667967,0.7700690797508731,0.6616037967357772,0.4351386995246371,0.5393595341713634,0.33126410525980976,0.46784706242636487,0.35422080975079956,0.0,0.5790008890302867,0.4254393828153569,0.4032243107089561,0.37659879091362825,0.5526858433023105,0.8091897928783842,0.6318617139706113,0.4452825617833304,0.5057408117662687,0.28305059513800496,0.2710646717425398,0.49509077612934116,0.35243794071567647,0.48134420740625883,0.9305505728907764,0.7423170059486971,0.4141919487542094,0.6093133043549248,0.5834828851588421,0.3538934841997782,0.7110249953607612,0.31056936228136517,0.49264463187819196,0.0,0.0,0.47861386328831634,0.579628443077927,0.3042141345203574,0.0,0.006358366781774413,0.5473522494739774,0.5411142477275412,0.6277004362757994,0.4192742270407662,0.0,0.23407720060731155,0.5395687722736195,0.37951540290250874,0.47355068288581625,0.4688372715838074,0.34871147999551266,0.40910180429818604,0.16835208886117625,0.8411109973658233,0.45131024473371556,0.4754968913519773,0.6238426896136265,0.5440174793311054,0.597877582720929,0.5809178690453447,0.0,0.5431247664726286
0.3544729774777171,0.5407789400877416,0.5163536141622492,0.8651447060290895,0.35836716765324905,0.39166100031285705,0.4012797159983528,0.47289792754203636,0.18613380444551458,0.6888583100789141,0.5313257988115507,0.6965369781709865,0.4741434937974312,0.518443038704901,0.5428302804792902,0.6589415290744167,0.6018504217682317,0.5339385921894177,0.5057417773297306,0.6373251499248138,0.3540524603151124,0.6793525048734133,0.51241166907441,0.5790008890302867,0.0,0.44384406769006857,0.3013163026855394,0.5284768096528322,0.2528306206594676,0.3787577851447349,0.544976023449746,0.44876185820689607,0.518547248022023,0.4679744265094825,0.4855844162636184,0.5764210071733462,0.5939009988524349,0.5986834370178784,0.6888429095379869,0.5662286119136415,0.4728492104288766,0.503071511033387,0.09606665039576887,0.0,0.5181705582186302,0.4726683074709494,0.7316591627055913,0.0,0.0,0.0,0.5338837388227189,0.5152653901247655,0.9388258741886464,0.4295108930880872,0.6184671787312039,0.45155650366220035,0.7286073092078615,0.4146593806088615,0.0,0.36290447794785063,0.5246990050106324,0.5877594650787723,0.5157659196896156,0.0,0.4917338639179002,0.45908263502685964,0.5975564563507041,0.5071332340308462,0.6672849070804042,0.5579295161955165,0.6704636370563797,0.25667017519004637,0.638943108457964,0.2698942877332324,0.0,0.5351917534054357
0.6350086807469226,0.6170250704715846,0.4401707765892565,0.5921724964851487,0.3517404091444982,0.5171816154695432,0.5635806677331014,0.6059945507773272,0.5871719567109897,0.6139881551375084,0.5393977215631933,0.37471503070850165,0.5390012351611555,0.414534942383165,0.719634997394226,0.7255621658979727,0.6601149991734754,0.6368338439880521,0.46906726180523634,0.5535302290054709,0.7233902642453458,0.6306051262094421,0.6057991054158092,0.4254393828153569,0.44384406769006857,0.0,0.5108486901384721,0.5015732386115614,0.40896234514739915,0.3593559865863794,0.5154407532036414,0.6700524383970546,0.4734783602416009,0.4691678146900037,0.5416727154870722,0.21075299790230706,0.42643011914432505,0.5080631614975774,0.5811909645226694,0.4745614894161746,0.588205157217113,0.3683405504931574,0.1942954450066752,0.5349854499172586,0.2400891297607915,0.48933738560329243,0.7190052522015085,0.6462024615481126,0.0,0.00016766479621132743,0.5335046551993128,0.5391334254573619,0.520133868155621,0.4065724460987211,0.6330942812514897,0.0,0.7484213375229563,0.5990105030976558,0.0,0.6153094205127674,0.5761925758951387,0.5960178457403994,0.5232182338912561,0.0,0.6157776858139581,0.5524463653133032,0.6606503905641868,0.6374394989131875,0.5661987990434549,0.5597474973712631,0.642221440412573,0.4426072520619704,0.5960374072140693,0.5200811782644297,0.44060245078363136,0.548638101808863
0.4368916393653221,0.37199224563874334,0.409951566503423,0.6655913197966095,0.41335434666255455,0.5084388364108765,0.4448161500454302,0.5834587990652735,0.3808220920826959,0.4218709632078115,0.44449301434623234,0.48153220742172054,0.5188643471319292,0.47738713768528906,0.6288853280784912,0.5000785971513699,0.5406760101313116,0.47710010804081626,0.5046305120797466,0.8129875294683396,0.6653327055099378,0.5437310818692179,0.5102885296568018,0.4032243107089561,0.3013163026855394,0.5108486901384721,0.0,0.5532185560458059,0.5776232337825654,0.5159762893427667,0.5216795850285227,0.4794658268610361,0.22778878831649452,0.4666921912621038,0.4196781933091708,0.5733236848843095,0.6566019738246036,0.5641749379132178,0.8838360447326021,0.8987683063045224,0.5826399008833099,0.6074301461837914,1.0413285740843201,0.5233484033208582,0.40098289678928517,1.4424759485331133,0.26850684919040574,0.7231821413472035,0.4767518996126192,0.7616225476272358,0.7376141934633644,0.7868921093396329,0.712177825660893,0.7010693773164373,0.6850895013761129,0.852927965025057,0.34363851644589183,0.7358170695576295,0.8500643959997857,0.7979062313501225,0.5729095321861587,0.0,0.4093771485235297,0.8021352883008817,0.7951577416315627,0.7343906714109194,0.6882843529140361,0.6569003383127424,0.0,0.5621518620798569,0.5531136181750608,0.71192453748241,0.7389191596001099,0.782339293111747,0.6128479505520714,0.6916873055150001
0.29742734813896077,0.43587345764610613,0.4744564148265229,0.44525001896720173,0.6561212198470814,0.6281484571400945,0.4606229277223839,0.5698791186184008,0.5025922498014614,0.5192228618208892,0.484804051469344,0.4267116355397011,0.327556823270635,0.5508066467500937,0.5667643333176626,0.6340411381280225,0.6854391493849255,0.5573533500174326,0.505024585740071,0.7710920150403154,0.5721898142775479,0.7248282032842195,0.4947790263397959,0.37659879091362825,0.5284768096528322,0.5015732386115614,0.5532185560458059,0.0,0.7062053663144936,0.719636080303437,0.6293096137432975,0.5424982986140221,0.5943729867067851,0.3229137435655235,0.4658207884628247,0.7009069940456965,0.37692625322756046,0.09483067315972094,0.1231154290141952,-0.1118807375454359,0.7819323905928306,0.0004905502622478131,0.9287002343780482,-0.2412402026385172,0.5533331130675982,0.5941894354665196,0.5909029813087752,0.5256980622073424,0.0,0.6307610499137599,0.7987301586184181,0.7566256141459352,0.575750006597475,0.4929122682797322,0.5570717701899816,0.45288518862463684,0.4226518221388356,0.9497623298002009,0.33962475586792845,0.7526615062362039,0.46018669022879977,0.1745909153942308,0.5621695418948593,0.6615570222317795,0.8002169846654417,0.6892710978666494,1.1078524785256483,0.768307578375068,0.4895564418738284,0.5852773967033083,0.382157190488287,0.7959854553491373,0.8402610291367285,0.7628775558927775,0.4765276808932175,0.7667531323913659
-0.17651446550291483,0.43347155223429623,0.5548521482428311,0.38396280481149214,0.22623904618564797,0.45261656505582976,0.4033872480547089,0.42601831565199394,0.36324203079141787,0.38924913882712775,0.40611787060556237,0.5863097062033822,0.550691402271075,0.38282176536469725,0.6110653800332704,0.5734721709731783,0.2964890529089108,0.3739891396184247,0.5808750337717719,0.6003949461610278,0.558002126070072,0.49522316755373746,0.5187715807670669,0.5526858433023105,0.2528306206594676,0.40896234514739915,0.5776232337825654,0.7062053663144936,0.0,0.5704666361267425,0.6302420697806567,0.3310774279672499,0.14136325953779347,0.6017811010955418,0.48002417016303545,0.6376698492971237,0.4177233898329522,0.5014533814971289,0.6364562980825709,0.4035101706510513,0.6391193818110279,0.6066277216782137,0.35887314882075705,0.5118212605211027,0.6135022508061845,0.40195780519613805,0.4143893134867757,0.5097917700547715,0.4765802661660954,0.41489710639267363,0.7694689446335318,0.720000086504713,0.7326221146460266,0.49548377211065253,0.5945890792586808,0.415133884509997,0.5510952504168856,0.8500617587891641,0.7822588666076771,0.7524341544615838,0.5505823986413043,0.4698911034577937,0.530287755181188,0.4844951441388483,0.7781809160359388,0.6720500898211116,0.7008078658816839,0.7598269148236194,0.45957590253529607,0.5812821101470893,0.6670490415883618,0.7394356461985025,0.7073536106544516,0.7128190088683918,0.41988662559109113,0.705483193982252
