0.0,0.018757534284500332,-0.0008470303377607347,0.0,0.00031035692141689886,-0.04475329249356197,0.01711496830943654,0.038816923687892135,-0.000884231199247798,0.05521744017443564,-0.001990547673927201,0.045679948126766956,0.003451332290848763,0.05044122147701885,0.05425027338560845,0.04329539585277414,0.12712076553236856,0.043974433800494706,0.0,0.05854000720520136,0.04440021850717518,0.022101127339810622,0.049007952521955944,0.022964934139128257,0.030693869501721704,0.019116386822170428,0.05294622978723762,0.018800959877387557,0.04006565006386359,-0.001404182044468072,0.03383803931387058,-0.0010542427784744346,0.021288149752317354,0.005462423249407988,0.0013973395203171757,-0.000609455676282511,0.0007130501151927371,0.04155434473839181,0.04289937155519974,0.06095079651181251,0.0576307346132498,0.09402664175667003,4.016136828954853e-05,0.0,0.001314058145926611,0.10348752289045365,0.059819439214811865,0.0,0.0,0.0,-0.001164486402595366,1.1102230246251565e-16,0.0013964666853431007,0.0,0.0070455193525931215,0.0,0.0041253561357535995,0.0011361040602254069,0.0,0.00016380091609391467,0.033075782267783904,-0.00012990982443322752,0.04405592299063721,0.0,0.07112354011641092,-0.0009025964062797098,0.062331013950865655,0.05476736428052792,0.004876083921675545,0.03536034273553412,0.0752168648647682,0.002134980280356358,-0.000341923246642839,0.004052093724267958,0.0,0.050740448224107004
0.018757534284500332,0.0,0.0036894271915765,-0.00021213099099515187,0.001417011842188065,0.0209236563129111,0.021619032618465484,0.06259118906593858,0.009794404601400186,0.03564599034283006,2.9813201307737902e-05,0.024141543200888793,0.017151877751025557,-0.0010748582055343792,0.026680109718632106,0.05784045351353051,0.005298451136948934,0.0596951367161106,0.0013800363882843225,0.02541060121202987,0.036476137027575406,0.047219647752774874,0.048119992577252024,0.0234763025322981,0.05317275117553749,0.04577866916715223,0.03235497006536603,0.004405298024269866,0.012001718056506183,0.0011781130888769975,0.020801188756878086,-0.006944147781157428,0.011655811274273564,-0.0039634404939259404,-0.006804297693316141,-0.001055662715961192,-0.00029814141401096617,0.0,0.028771651631276485,0.032013252533224956,0.024945110598267317,0.04629141042509516,-0.00016151796525459838,0.0,2.220446049250313e-16,0.049539835365870144,0.03640515855905463,7.175360820360632e-05,0.0,0.0,0.052402292276881035,0.0009691935961080866,0.06913212298704874,0.0006770395678927232,0.0024952402560495246,0.0,0.0006017196032172545,0.003668080470683399,0.0,0.0460252519095648,0.016003787877585107,-0.0013774777808959193,0.0022700889999427987,0.0,0.03908433411455209,0.06593887681933264,0.03826323140630489,0.057569520144620856,-0.0008843840366362654,0.010801071048056277,0.05422053323735426,0.05497630862802777,0.039753786811549785,0.039853806602276,-1.1102230246251565e-16,0.020961972020962227
-0.0008470303377607347,0.0036894271915765,0.0,0.0435710789008974,0.034155432393741525,0.03230383333068049,0.05236225938903116,0.08946178715307107,0.00469503737321314,-0.0010400092393513805,0.0683108136140031,-0.0003327043021066345,0.06200021142896339,0.06735889507175635,0.0004481832284879972,-0.000847633046067664,-0.0016232601919506373,-0.0004080645118150761,0.03384217807429368,-0.0005001638328410163,-0.005800056828948519,0.004848660076535227,0.00837584442141237,-0.0008603934196597662,0.001993086138534217,0.0007560017877292213,0.022893228187982784,0.0646563632703106,0.003069764118887708,0.00249533875592306,0.04185397727691198,0.05030018920528451,0.0014052618841609021,0.0396521362225416,0.05233607907676063,0.04135553870356978,0.025128245799178384,-0.0020593450807542824,0.06523859008798583,-8.225223350755151e-07,-0.0013416769831300357,-0.0018882198549688423,0.03653378090996834,0.0034359743405107945,0.0,0.0,-0.00026654727141595114,0.08533326352709042,9.020350667299226e-06,0.05005533849349442,0.037605189188156696,0.06375907592335639,0.0521539893676809,0.09730775591724283,-0.00020832757036870486,0.15442025222646993,-0.001311613706075354,-0.002031642322253724,0.08594552879118411,-0.0004301701538276803,0.0,0.0,0.0,-0.01621816049793917,-0.0004806934082809411,-0.0012361170862804638,-0.0005320356222493494,0.08447781433634172,0.0,0.00010857014227100281,-0.0008423536026497813,0.07436226274371982,-0.004684290017833881,0.0021312991063249798,-0.00010912762319437164,-0.004077538653807333
0.0,-0.00021213099099515187,0.0435710789008974,0.0,-0.018487694665972776,0.034391208762352354,-0.01588210016358138,0.02076861166563232,0.026708235538581815,0.049342754398343014,-0.0015655315504705114,-0.007094364264973452,0.006674373422293878,-0.03482118829911443,0.001624275477282111,0.0005552264538382645,0.04892771265690632,4.107587179530414e-05,0.026070930464202835,0.0026207612059163665,0.0010322410567220608,-0.0015072636534556039,0.04332402584937711,0.12458764740535139,0.0004256344041356219,0.01372312648708185,0.02854246974551966,0.030904502739118933,-0.001033197758055382,-0.00193114302454106,0.05647436699940095,0.009786642044625649,0.13844814615908863,0.01884729355644571,0.05378821426632491,-0.015162717000612141,0.004195171944629789,0.07646467760911241,0.02586155834113779,0.10359615057863675,-0.0006645874724616752,-0.00223015996859105,0.027719289909711176,-0.0015791417375762284,0.0,0.0,0.0,-0.0010895457533017794,0.0,0.0,0.0006964704997790561,2.220446049250313e-16,-9.4007602254087e-05,6.21661673128604e-05,5.551115123125783e-17,-0.001135030723186492,-0.0015474072900786284,-0.00045280702059080635,0.0,0.0,0.0,0.0,0.0,0.0,0.0,0.0,-8.28864308308197e-05,0.052983161645149546,0.0,0.0,0.0,0.0005131383648666055,0.0019830557120592007,-0.00015112234912162403,0.0,0.0
0.00031035692141689886,0.001417011842188065,0.034155432393741525,-0.018487694665972776,0.0,0.04988409081806777,0.025509682176433457,0.0557137573615778,0.014070013074482579,-0.022600006213205015,0.004550327131259635,-0.008294420962277782,0.005549892702405412,0.026790360998201923,-0.0006822972732347665,-0.002535069118286326,0.0011185035038433488,-0.0017487542084954066,0.018207816780872854,0.0009054914155607885,-0.0032254233326992066,0.024389168331176714,0.05600010263418648,0.004336618626602562,-0.0053976911275033235,-0.008133293401781372,0.05108586661380721,-0.013780080998685551,0.02531375717048323,0.0030065532115383653,-0.024316106822463268,-0.012303396273705358,0.011392665036873417,0.0007108744661393773,0.04571964173953891,0.014320828511900863,-0.04415030151895019,0.019646450596016607,0.09972010397471492,0.000756217059649622,0.07015378571849396,-0.00022210943353190293,-0.018422173684313925,0.002967469356887187,0.07255821538187796,1.1102230246251565e-16,-0.0003059195714838481,0.019997050207689382,0.0,0.053961562383122996,0.05569087464669559,0.05584729974295777,0.04983306599461268,0.04625640563173916,5.551115123125783e-17,0.019155754571601014,-0.0015824225114387525,0.0022395154543720097,0.04255221403202586,-0.00022123036287335918,-2.337344793207352e-05,0.0,-5.551115123125783e-17,-0.0018263770257390677,-0.0007669449055096034,0.0002072327342735325,0.0004487053407197794,0.058586841716248506,0.0,-2.637105915875848e-05,0.00046763549140488303,0.06196324929218078,0.001984569082673082,-0.002384104404309584,1.1102230246251565e-16,0.06875907715425822
-0.04475329249356197,0.0209236563129111,0.03230383333068049,0.034391208762352354,0.04988409081806777,0.0,0.0710503567964097,0.09898565031858914,0.07822336259863677,0.04057970097775815,0.04749871933211686,0.00510210748370421,0.06678110226868167,0.08914650044672773,0.031578472701832616,0.01816859383832975,0.0029981035818972823,0.00769073512139129,0.043094003991464125,0.015436532717948759,0.05440007071326186,0.028553744933132896,0.08368252019169337,-0.0014801468914057425,0.004040401110451175,0.03547949122520222,0.05963580200843549,0.06248328882319054,0.05761802362704388,0.060998586568493995,0.049779479971822416,0.03989416655857514,0.021616752557019614,0.03915340191892236,0.03346389017349494,0.027577319889033947,0.03303717045043486,-0.0001630219621074902,0.07189783092676694,-0.0001952997916866428,0.07917044041196042,-0.004933729553993738,0.06434421432752707,-0.0016980071793561424,-0.0017359773860814443,0.0009478191581314688,0.0026423840231331597,0.09762833847567576,-0.0005557641807186209,0.06681858517170625,0.09104971230202169,0.0800002733703723,0.09741583824365868,0.08044370475740115,0.0013185587607689175,0.09303821684778557,-0.0006517761194921312,0.09214052157238573,0.0005240770978591214,0.05308930350082719,0.003077281765619111,0.0,0.00029048732927916543,0.09041842512483633,0.04576623797652846,-0.0014586444734503434,0.05070867045804861,0.0931552262134907,-3.8347353451595456e-05,0.0007978141171597342,0.012959858928021262,0.08883905468422215,0.09197693449236333,0.05552452117035778,0.11751147016038233,0.09051114855208509
0.01711496830943654,0.021619032618465484,0.05236225938903116,-0.01588210016358138,0.025509682176433457,0.0710503567964097,0.0,0.10151145203471695,0.054665461406719684,0.023572262874310135,-0.0007571407734419111,0.02542821187905292,0.04108674286863706,-0.010035573433080147,0.0011753351938100232,0.04952120258310705,0.02720557440437954,0.03282872712052154,0.02086202902989287,0.05087499656770006,0.004110522952135154,0.055462392416138595,0.08180952490702165,0.03251718902238537,0.01815866631109292,0.024966781970707175,0.06756451508919536,-0.02647581766827345,0.06871263902007635,0.0020378188507878536,0.02365278381819924,0.017526479673285578,0.01840660672735267,0.017744896145208078,0.0379489349297909,0.007008897574662831,-0.028704649455774445,0.018952689655694133,0.07882343652106943,0.056135150922371424,0.04862300438422473,0.016522063715417312,0.08781984899398676,0.0012661347073458784,0.060444456545926395,0.0,0.002698139404919142,0.05749933615458691,0.0,0.07589949150087572,0.07414752367360833,0.08727753347325695,0.0967884610701304,0.06907439385742842,0.0004561691711666982,-0.0022617376435450365,-0.0003641365473576186,0.1144642728597483,-0.0023789011450857656,-0.0015116484851738221,0.0012560316389714221,0.0,-4.134557650897763e-05,0.04679190945463185,0.0009595578590708698,-0.00042639739281308264,0.0016101125560430973,0.08429413699820343,-0.00012671810908654324,0.0004609160105857879,0.0018977514272079943,0.08382723464358055,0.09319209280068758,0.09613138003349447,0.0017742878218650615,0.0994553071303187
0.038816923687892135,0.06259118906593858,0.08946178715307107,0.02076861166563232,0.0557137573615778,0.09898565031858914,0.10151145203471695,0.0,0.04706840945909252,0.0013998127055233067,0.07237251175695902,0.011131518862923517,0.08184154877902006,0.013082513512096827,0.0037719865729362034,0.03374328018972789,0.0001517420610199216,0.031768434874105855,0.051187927136245426,-0.002535658956915321,0.07432774069172182,-0.0006600967034732785,0.09075221353698587,0.033286760251748704,0.03233598341054722,0.0312687032975244,0.08240509432770837,0.0646931721811766,0.05385409766797772,0.05579385909991735,0.05740043683800533,0.007361691639684587,-0.02305931504869474,0.04563881111038215,0.03054765674095178,0.042975915702082146,0.007088237786326723,0.06085421878897146,0.07626328623401307,-0.0009519355737654944,0.05777319070082221,0.0969774611863764,-0.04986285329393725,-0.0015179589258947357,0.0,0.0007004516317112297,0.0016608620518561157,0.039649754042142216,0.0,0.02242678191294889,0.03785578500847503,0.06617347075542873,0.0567928835458712,0.03202793790500258,0.000496562181328819,0.030580355018450023,0.00023792712648290637,0.07210155265929574,0.0030772925484470748,0.08132054840331915,0.00027112142300333986,0.0,5.2402862655231974e-05,0.02041258202701468,0.09497738047861226,0.17226028672217153,-0.0005039383738806857,0.07716944582914381,-5.551115123125783e-17,-0.0004887779599201947,0.05257617911434814,0.07928656954739116,0.07804971641724057,0.08723482629484791,-0.0007396709763412557,0.09094996206627792
-0.000884231199247798,0.009794404601400186,0.00469503737321314,0.026708235538581815,0.014070013074482579,0.07822336259863677,0.054665461406719684,0.04706840945909252,0.0,0.02011899795891664,0.027952677506883905,0.005285027031157463,0.036486348672036095,0.03468340236746592,-0.0032118690822761087,0.003411873194648196,-0.001645976271957672,0.003179673104130587,0.03826710147730156,0.0029479899095477546,-0.0015783037950489742,-0.000438537548097806,0.08224071077257167,0.0012351575954043792,-0.003943096310546623,0.025949053191220095,0.05597052007411224,0.04286469521689107,0.07008688725784457,0.010233402521322765,0.031084205426850975,0.03264988607252334,0.04528652162828972,0.022889720008406056,0.03070689109140451,0.009854854099970334,0.03629740125679076,0.004210850462800564,0.022872782709367212,0.00032790470102583846,-0.003141071127841677,-0.007573108957910635,-0.04698247056614285,-0.003926113189894054,-0.0018453574092080482,-5.551115123125783e-17,0.0008259191217881434,0.06499698675213661,-4.333418755997354e-06,0.03184429544584533,0.04858461629471511,0.05926622618754829,0.04693682182383985,0.056073934720250684,-0.0026626721653486563,0.029010949766465455,-0.0014887911506719642,0.06730547019488309,0.011110970608532944,0.0008992751447360336,0.001051035045044002,0.0,0.0,0.054390833887765666,0.0006491144895944823,9.950889537330143e-05,0.0007509558743329925,0.06288031875629096,-0.00010763456902085355,0.0002171133268941694,8.904126033038029e-05,0.056143199831547475,0.06928511459983278,-0.000345487106367115,-0.0002301271649036707,0.07052132939836231
0.05521744017443564,0.03564599034283006,-0.0010400092393513805,0.049342754398343014,-0.022600006213205015,0.04057970097775815,0.023572262874310135,0.0013998127055233067,0.02011899795891664,0.0,0.008743260769093708,0.024842704418716055,0.021754098529678856,0.0443229725173096,0.0001202063091172989,0.02493503674585401,0.05125130735543992,0.05031776841161878,0.00013223305743947922,0.054909101593813625,0.042836998382364544,0.007167326357247261,0.0656486988384612,0.050200356049270256,0.038087977660033856,0.04185164234857469,0.05015906176056539,0.018238612245731978,0.004123983485569915,0.001201013143247276,0.02074234177476475,0.02959225962783124,0.015281170487496942,-0.0013830516145090233,0.016708953668811866,-0.06369975612267192,-0.0036025411066920587,-0.005788413457435915,0.07114409602569244,0.05795184501597106,0.06692984106400396,0.07460143447682077,-0.017856846148718852,0.03492689471020316,0.04664841577196538,0.010314328280643992,0.03691805601074161,-0.001057943849216314,-2.4605752010242732e-05,0.0004554789193068065,0.00274112817002653,0.001464242855108877,2.9745287056848202e-05,-0.0014836188926516947,0.0517254908810027,-0.0009628147473982329,0.054948340806195595,0.07336942973903793,0.0,0.0006752072655258901,0.009534719854320362,0.040339273153018385,-0.0026352273473337906,8.088039626985566e-06,-0.00013141020602852604,0.0010657186073367297,-0.0010606018999320677,-0.001147262703509233,0.031361356879441527,0.030250559988192094,0.037125593354977504,-0.0007438951885498368,0.052985011884322086,-0.0007085214848438492,-5.551115123125783e-17,0.053115410027890664
-0.001990547673927201,2.9813201307737902e-05,0.0683108136140031,-0.0015655315504705114,0.004550327131259635,0.04749871933211686,-0.0007571407734419111,0.07237251175695902,0.027952677506883905,0.008743260769093708,0.0,0.022692553690198514,-0.0020108622197951287,0.0324342992468602,0.0,7.795409566296874e-05,0.017065520931787814,-0.0008883128178720501,0.055873250774210514,-4.5993302651592405e-05,-0.00020320074558999313,-0.00024852618384957337,0.07804238841263023,0.001702665719202856,0.0006973491166019641,0.001922541719559856,0.037240570197687284,0.009779181929891967,0.0016302315409921775,0.00035159255190997385,0.006862159599019035,0.00497395976493048,0.030062262550957453,0.008244176858262231,0.0158561826116026,0.003217603250492196,-0.00046042234401549864,-0.008055986986145958,0.006089633801461103,0.0014285964205695834,0.06989732473873805,-0.0020309236497509375,0.03253616904990181,0.0004182678887300062,-0.0007778477324321131,0.0,1.1102230246251565e-16,0.04862292945636226,-8.3911367848577e-07,0.020279391931428303,-0.0017994060160586578,0.005060073850779612,0.03310451138511378,0.08710024673984901,-0.0014916860260190679,0.04824230364514481,-0.0030823618162181265,0.011379595679902876,0.05768163693179068,5.551115123125783e-17,0.0,0.0,0.0,0.02523802112135387,-0.0005697191166706417,0.0,-7.394711754238337e-05,0.05673898688997098,5.551115123125783e-17,0.0,-0.00012255511480130377,0.0233360743602411,0.0018095675615803497,-0.0014314922127419138,0.0,0.00031821218465583057
0.045679948126766956,0.024141543200888793,-0.0003327043021066345,-0.007094364264973452,-0.008294420962277782,0.00510210748370421,0.02542821187905292,0.011131518862923517,0.005285027031157463,0.024842704418716055,0.022692553690198514,0.0,0.014483474469840607,0.001316899475541533,-0.00029370980426524085,0.001924496456768121,0.03609952324780985,0.01460614168795138,-0.0020877669728884274,0.004650776278006141,0.05268726944322155,0.0018489795028712175,0.006238028467974832,0.056195559614439505,0.018651698757186475,0.04245757541968642,-0.0011331544200076649,0.02675478358410399,0.0021479446848168826,-0.0016106229680268314,0.008640148471898312,0.02084161936114476,0.00040554846352580665,0.015413875792526066,0.04692504967390604,0.025970459403498514,0.051262786786401615,0.014345888898937509,0.14897124395788014,0.05347457841115122,0.061041021490637504,-0.007483303420509513,0.0005568967141624248,0.000425459471467049,0.04579398470313145,0.004554060304612917,0.0012235020026169496,-0.0009690212917005669,-0.0006389397981208245,-0.00015051871673726902,0.0004850709896860872,0.08316766396922093,0.00010184934866480644,-0.0005177128263616493,0.04633013583366935,-0.001891232502171658,0.05232921277192637,0.06852042978665623,0.0004399549767447053,0.00013755890951500094,0.0015631208245069916,0.037912635501788416,0.021507849815291913,-8.454231101184817e-06,0.0006099302681834007,0.0010024549822857942,0.00035139045014614956,0.0004706666113971636,0.029148920210463836,0.03589797271738526,0.038891919741674386,-0.0019241646921787647,0.05232320441046123,-0.001889084238199168,0.0,0.056296461711243084
0.003451332290848763,0.017151877751025557,0.06200021142896339,0.006674373422293878,0.005549892702405412,0.06678110226868167,0.04108674286863706,0.08184154877902006,0.036486348672036095,0.021754098529678856,-0.0020108622197951287,0.014483474469840607,0.0,-0.010449964660582789,0.048807485666942985,0.051652178835687845,0.03407378598045929,0.03632435422387087,0.028022241243084334,0.04020876091244241,0.06733947417429975,0.04548792379316896,0.06694221428305214,0.036485307405884126,0.016835658519667784,0.018371115288220607,0.05540164192824637,0.03321566633576739,0.05654200754495098,0.03876286595357076,0.027138696817570918,0.01935042648010965,0.03565728592903089,0.02758544409173308,0.03774523029795579,-0.0062540858358918205,-0.010914897937910117,0.019785000658185115,0.04078603470188469,0.03268936506812781,0.02699623609618057,0.025299997360919757,0.053159886133699596,-0.006206746593921508,0.08085802493258493,0.0005290857229343637,0.0038281939990909564,0.0752384617359817,0.0,0.06316818564475413,0.08037369462076682,0.09205081978296503,0.07885563571933085,0.07360348397468996,0.01938182697671259,0.09637416685753142,0.07130648064062539,0.0027230136573271335,-0.0016701773541343279,0.06724213145252406,0.0008157238392368371,-0.00039504445686250333,0.0019610200535098987,0.07200517701258968,0.06276437291989939,0.0021787805864140752,0.020912389999629022,0.07962907731691471,0.0012841819391173903,0.029915659678216744,0.029298033794047884,0.07870072464404398,0.08891415673320202,0.07287140702493639,0.0015871249820124111,0.09267287564464033
0.05044122147701885,-0.0010748582055343792,0.06735889507175635,-0.03482118829911443,0.026790360998201923,0.08914650044672773,-0.010035573433080147,0.013082513512096827,0.03468340236746592,0.0443229725173096,0.0324342992468602,0.001316899475541533,-0.010449964660582789,0.0,0.0009037261314234213,-0.0006211669687140597,0.00011275251570447287,7.498891874163638e-05,0.02314546063783879,-0.00019269352440698384,0.07308433081789606,-0.0005122015898078036,0.07635696966158562,0.0591032734068645,0.00012688754019862802,0.02961540832875026,0.06001164920563262,0.04673482440768234,0.054970656543104846,-0.0006364771736607211,0.0686404815687886,0.04360111279231982,0.0005163825086741958,-0.06636205746982426,0.038068709386073596,-0.0033330225085180243,0.0023754297121324763,-0.0010235677073858196,0.006277145998967337,0.0,0.0007856999900953121,0.0008199679759571255,0.0057519767177722225,2.415387680032577e-06,0.0,0.0,0.0,0.042197306164297566,0.0,-0.009995767970893576,-0.0008804187949809084,-0.03850329793728646,0.026502022247456902,0.035286484505336335,0.0,0.0483961385740741,-7.761091594532532e-05,0.0018792303309699276,0.09841770057434168,1.1102230246251565e-16,0.0,0.0,0.0,0.033357415109391386,0.0,-1.1102230246251565e-16,0.0,0.06217199889985997,0.0,0.0,5.551115123125783e-17,0.0030946330480881024,-0.00014477890571329421,1.1102230246251565e-16,0.0,5.551115123125783e-17
0.05425027338560845,0.026680109718632106,0.0004481832284879972,0.001624275477282111,-0.0006822972732347665,0.031578472701832616,0.0011753351938100232,0.0037719865729362034,-0.0032118690822761087,0.0001202063091172989,0.0,-0.00029370980426524085,0.048807485666942985,0.0009037261314234213,0.0,0.033693176451815354,0.0016117429884656143,0.03524777424210934,-1.1102230246251565e-16,0.047885080232691224,0.03765372840882719,0.04763171856497739,0.04002833486426505,0.0382299087554453,0.027253109617217608,0.055643556639398795,0.06324800201409059,0.04845472046563498,0.028814757563764393,0.03255854363164179,0.02951157086770978,0.028726638452307662,0.06821189994573357,0.020235425925104578,0.03409972979035214,0.020400131716806325,-0.0022428590099806134,0.00013473856887352698,0.06483200902100916,0.06524551121404149,0.063842127752812,0.06702727858093882,-0.0006245045560017704,0.0007176408374562349,0.0,0.0060246049252237754,0.01793556294966847,0.0006559491354351521,0.0,0.0,0.06974791574097516,0.001185665026060434,0.10446773706406765,0.00028779492153402364,-5.551115123125783e-17,0.0,-2.2430722008470738e-05,0.0814796471973831,1.3755219220978887e-05,0.05720221770889938,0.034239821252228464,-0.00012301067989356484,0.004534576968219739,0.0,0.07050874524751066,0.06643250502914522,0.03871685743819747,0.0850625068155989,4.58693074057992e-05,0.06126452075382527,0.05964774221218794,0.07269155360296381,0.07496103109479618,0.07364499858556756,0.07046958461046965,0.06485123480081834
0.04329539585277414,0.05784045351353051,-0.000847633046067664,0.0005552264538382645,-0.002535069118286326,0.01816859383832975,0.04952120258310705,0.03374328018972789,0.003411873194648196,0.02493503674585401,7.795409566296874e-05,0.001924496456768121,0.051652178835687845,-0.0006211669687140597,0.033693176451815354,0.0,0.04713129254127296,0.02995628049072574,-0.00017801957435104043,0.0430439614283466,0.05172483067988587,0.05808161779663534,0.04866365442814452,0.039370984938983444,0.039671004529747755,0.04038147108093293,0.035923541816667015,0.052147217851685135,0.05008875836061605,0.05713704279664278,0.043450693929008966,0.022128618975147507,0.015622967087265571,0.021821641088544563,0.028884876369293766,-0.000739179537576018,-0.0007405978585954265,0.0014879633864131603,0.028973654720245545,0.029045298642458195,0.015370289927967684,0.05093698005311825,-1.7935756362608135e-05,0.0,0.0,0.042263767636767036,0.034433263992040386,0.0,0.0,0.0,0.0019832809656299966,0.0005940617753039112,0.0012651550847729842,0.0,-0.0028594071208054572,0.0,-0.0035858718612215568,0.002289707715024958,0.0,0.046401579096048085,0.007358464718363433,-0.00022977891206188428,0.0018951560756726438,0.0,0.027304835671509542,0.05592812479655018,0.04674730674640182,0.0036257971945379275,0.000736104427233264,-0.010833481271499967,0.0485654073247313,0.005236486994840417,0.005200351067927156,0.03947282654585421,-1.1102230246251565e-16,0.014391126569201551
0.12712076553236856,0.005298451136948934,-0.0016232601919506373,0.04892771265690632,0.0011185035038433488,0.0029981035818972823,0.02720557440437954,0.0001517420610199216,-0.001645976271957672,0.05125130735543992,0.017065520931787814,0.03609952324780985,0.03407378598045929,0.00011275251570447287,0.0016117429884656143,0.04713129254127296,0.0,0.05630356066024994,-0.0019963330952250113,0.02188383476991307,-0.003212527726174086,0.03674628849427586,-0.00024454649956462404,0.0669503190885487,0.057681782116092706,0.03387728247169042,0.0009293445196865147,0.036694721958758614,-0.0007422622805585699,0.0008319471403346879,0.04469364379706542,0.00011233098672114306,0.02327813762208303,0.03828252483561473,-0.010514657125876015,0.004551449602718138,-0.00030219241571927125,0.02787257109672392,0.04884412107671959,0.06235285863891482,0.04919399771765276,0.0012511143013691495,-5.551115123125783e-17,0.0,-0.0003296193667615688,0.0025653016750151747,0.0010439152334954516,0.0,0.0,0.0,0.0,0.0,0.0,0.0,0.0704397044921663,0.0,0.06500092646103317,-0.0003348983848480702,0.0,0.00048514069306421215,0.016907583616568134,0.05820874826963246,0.05452883223111499,0.0,1.1102230246251565e-16,0.0,-0.0003660447492800367,0.0,0.08899843819158837,0.05794458719779022,0.06037892661067906,0.0,0.08594493905678013,-0.00010809106284603853,0.0,0.051606108228615166
0.043974433800494706,0.0596951367161106,-0.0004080645118150761,4.107587179530414e-05,-0.0017487542084954066,0.00769073512139129,0.03282872712052154,0.031768434874105855,0.003179673104130587,0.05031776841161878,-0.0008883128178720501,0.01460614168795138,0.03632435422387087,7.498891874163638e-05,0.03524777424210934,0.02995628049072574,0.05630356066024994,0.0,-0.0007428287587993299,0.028594301268838773,0.04202653283589203,0.038957862800372445,0.04285423725326576,0.05679683618842796,0.046694149031521304,0.04258160710432918,0.032805569329398654,0.0352035037314779,0.03369569091900848,0.03371715256751068,0.04138396639133346,0.009970475350026431,0.012054782641171602,0.021212433717248735,-0.023482457985282312,-0.0033832508753973145,-0.000581065586403362,0.002602415388814616,0.033101040832802076,0.03638618443500874,0.02202775855243111,0.019498412378714858,0.0,0.0,0.0024207062416331526,0.053094789185318625,0.0413187480227285,0.0,0.0,0.0,-0.000545985254931991,-0.00019893178179369864,-0.0005696716534181467,0.0,0.06736088417435382,0.0,0.064915059310784,-0.0006786438908780168,0.0,0.07278122636429873,0.024375432316027623,0.05748756952472672,0.047001434592117086,0.0,0.002510668272964034,0.0044181196614024865,0.046919484955306456,0.0027013653091492174,0.06896882731611714,0.03990071518240035,0.05019361348276835,0.0012100198956052632,0.0023050848328388107,0.0005851296478652235,0.0,0.026001667539639894
0.0,0.0013800363882843225,0.03384217807429368,0.026070930464202835,0.018207816780872854,0.043094003991464125,0.02086202902989287,0.051187927136245426,0.03826710147730156,0.00013223305743947922,0.055873250774210514,-0.0020877669728884274,0.028022241243084334,0.02314546063783879,-1.1102230246251565e-16,-0.00017801957435104043,-0.0019963330952250113,-0.0007428287587993299,0.0,0.00047619581773972186,-0.00044194742958281186,0.0009921394142382578,0.020040962074522883,-0.000244187293779341,-0.0006873186321716407,-0.0007679694349095878,0.020685856235839906,0.03002364877995667,0.001403947159580643,0.0015265365588694735,0.029354705936921854,0.030965356117047205,0.01634543715883846,0.01998007962231979,0.031691643834076244,0.023242120592187776,0.005514011144321818,-0.002763838904283389,0.009271913405418386,3.616471526407539e-05,0.00044298110446183703,-0.003836618993586949,0.0030605565060436435,-0.0021619275037565444,-0.00015958664598680894,0.0,0.0,0.06639242482265373,-5.551115123125783e-17,0.013051572093813912,0.12622730226267742,-0.02511708095281806,-0.0004533412976618356,0.05514757142978666,-8.462539515713408e-05,0.09438421542057529,-0.0005621362758411186,-0.0038498497005164944,0.0984175930343219,2.220446049250313e-16,0.0,0.0,0.0,0.049599442419965944,-9.304546177868467e-05,0.0,8.54205265294894e-05,0.0561922907962521,0.0,0.0,-5.551115123125783e-17,0.05506928516978882,-0.0004902648245237451,-0.001109191206284721,-0.0003207796498793103,0.0013687262313791804
0.05854000720520136,0.02541060121202987,-0.0005001638328410163,0.0026207612059163665,0.0009054914155607885,0.015436532717948759,0.05087499656770006,-0.002535658956915321,0.0029479899095477546,0.054909101593813625,-4.5993302651592405e-05,0.004650776278006141,0.04020876091244241,-0.00019269352440698384,0.047885080232691224,0.0430439614283466,0.02188383476991307,0.028594301268838773,0.00047619581773972186,0.0,0.05150891773662297,0.04054111610487421,0.04188765148158502,0.07664083466994914,0.006806524082093424,0.05750306557153584,0.053659701297650575,0.05198986310184622,0.032792902271869484,0.06219875232089328,0.027415138954084706,0.014086240260004712,0.03443541707109993,0.016486656403617794,0.023976578480360222,-8.020259726859713e-05,0.0045637673522906375,0.004287496678211045,0.051800527811520614,0.04780853738224944,0.06268873570643063,0.07170252897431006,0.002653243192248411,-0.0022989608924486316,-0.000534086902752251,-0.002691997298917781,0.012115315640963464,-0.0015595458915829696,0.0,0.0,0.0068961276939542016,0.003262539585229929,0.08547222895554413,-0.0012507308157144181,0.000554448198229307,1.1102230246251565e-16,-0.0006733396153931759,0.07482240519483513,-1.1102230246251565e-16,0.061797412036196486,0.0077436307015421035,2.853191751156503e-05,0.0035824605552101096,0.0,0.061788493024559576,0.051236880139157004,0.04868690841848761,0.06842370183984536,0.0,0.00427884164896053,0.046921867052216515,0.06397838085188795,0.06417513639382644,0.0651149924445677,0.06133442551133028,0.04909922860951399
0.04440021850717518,0.036476137027575406,-0.005800056828948519,0.0010322410567220608,-0.0032254233326992066,0.05440007071326186,0.004110522952135154,0.07432774069172182,-0.0015783037950489742,0.042836998382364544,-0.00020320074558999313,0.05268726944322155,0.06733947417429975,0.07308433081789606,0.03765372840882719,0.05172483067988587,-0.003212527726174086,0.04202653283589203,-0.00044194742958281186,0.05150891773662297,0.0,0.03559517515056926,0.0618954654942942,0.0285792650736183,0.03783743166163023,0.044279451007676884,0.08448448285781618,0.05244568874002281,0.03060970256165174,0.051785422799340786,0.04488007613209233,0.032603816091671456,0.04679611366524766,0.02200603937197987,0.03446661440632248,0.0002489534851258246,-0.0013338226067491354,0.02776968943623076,0.04553611246684869,0.0554552723902173,0.04714562450072862,0.04429932572794848,0.0015835137627259188,0.0,0.0,0.05585569283223252,0.0424145809084463,0.0012190041818814779,0.0,0.0,0.04446853021046998,0.13817393370229225,0.03408085622429341,-0.002260177930658247,-0.00029741910172592645,0.0,0.0013485872431378554,0.04726657690774788,5.551115123125783e-17,0.04760177006922589,0.01230908515429624,0.0,0.0010511313026674851,0.0,0.05192381015829656,0.06574270009601768,0.053434078468911794,0.07216580990274829,0.0013639076626607016,0.005120549787442585,0.06348722904095705,0.05761856206615373,0.07256687692409819,0.05157963595377152,-0.001909492180099448,0.052950893323428394
0.022101127339810622,0.047219647752774874,0.004848660076535227,-0.0015072636534556039,0.024389168331176714,0.028553744933132896,0.055462392416138595,-0.0006600967034732785,-0.000438537548097806,0.007167326357247261,-0.00024852618384957337,0.0018489795028712175,0.04548792379316896,-0.0005122015898078036,0.04763171856497739,0.05808161779663534,0.03674628849427586,0.038957862800372445,0.0009921394142382578,0.04054111610487421,0.03559517515056926,0.0,0.04925341952414031,0.008592762019280609,0.0547372373919886,0.030147844867613738,0.041967144105549525,0.05244778707118053,0.03425096437939906,0.05365501551735635,0.028840655191997078,0.014007392794453066,0.03463536389874383,0.006278091836194377,0.025194107974452096,0.009587988777609358,0.019397283527715303,0.0034903723205222947,0.04052700678397575,0.043526709721337264,0.03543397970360529,0.05095602196897431,-0.0008265683662718737,-0.00019861661315889734,-0.0003549909113523264,0.013103243342865611,0.011544212345058702,0.0009842201319383848,-7.563826409762164e-06,-0.0001494047525001374,0.0463501000620154,0.0012205180292265694,0.0023930972606096557,0.0021975800934325163,-0.001612171973517873,0.0,0.00012803126534555176,0.0025224562315472876,0.0,0.053764946873909925,0.011895437965999622,-0.000465600586758097,0.0067299620847023345,0.0,0.04458614544269307,0.05789833860066812,0.031166397709110782,0.0818083553250461,0.001038527428186553,0.026925231156863405,0.04798638175994202,0.05193743842290599,0.051304746120794276,0.05607729643881454,0.0008481943859888208,0.044774935359286006
0.049007952521955944,0.048119992577252024,0.00837584442141237,0.04332402584937711,0.05600010263418648,0.08368252019169337,0.08180952490702165,0.09075221353698587,0.08224071077257167,0.0656486988384612,0.07804238841263023,0.006238028467974832,0.06694221428305214,0.07635696966158562,0.04002833486426505,0.04866365442814452,-0.00024454649956462404,0.04285423725326576,0.020040962074522883,0.04188765148158502,0.0618954654942942,0.04925341952414031,0.0,0.04018631175175963,0.017318151186748232,0.06101586826609651,0.052970806687168304,0.0655960032122413,0.058302780418704236,0.07259032536871945,0.06175272593810566,0.04732140306823901,0.06111256211193994,0.04594401833642414,0.03541968538211887,0.05624538170119081,0.03221315297516614,0.08205257439374719,0.08188922665909742,0.08247158787196818,0.07794849449995778,0.08109616543263476,0.10283895969191897,0.06957746203436183,-0.0009499811738690744,0.06605148317257736,0.0601864589950315,0.10409187607297843,0.0008571314620677839,0.06753302093820912,0.07325168443253793,0.07947541440096284,0.07108029462194221,0.07735828646150744,0.08389046257901389,0.09099572427114228,-0.002145186495479845,0.07504692130969892,0.11181329511062793,0.08277079305283813,0.007013056952697216,-6.940704479413418e-05,0.0012602678705536108,0.10266011106113937,0.07596569204321113,0.08106060838690216,0.07626187715618282,0.09127566987051927,-0.0008403195372404526,0.008725823863836912,0.07752314678998251,0.07934532092870228,0.08310303605534486,0.08021920290832896,0.07733998782955553,0.08557156409000155
0.022964934139128257,0.0234763025322981,-0.0008603934196597662,0.12458764740535139,0.004336618626602562,-0.0014801468914057425,0.03251718902238537,0.033286760251748704,0.0012351575954043792,0.050200356049270256,0.001702665719202856,0.056195559614439505,0.036485307405884126,0.0591032734068645,0.0382299087554453,0.039370984938983444,0.0669503190885487,0.05679683618842796,-0.000244187293779341,0.07664083466994914,0.0285792650736183,0.008592762019280609,0.04018631175175963,0.0,0.05109205070166173,0.053412539453915886,0.07056817432210977,0.031398699748275805,0.0013009245221300425,0.0004655610594924142,0.03180558779614806,0.035250814785755646,0.05556022009086914,0.050110061438905784,-0.0076626958416992075,0.07574607441497638,0.00014915778375929056,0.06869360022538051,0.07079464568029092,0.03774270885014547,0.0383467470379375,0.010017572743665881,0.0014779529995253005,-0.0005898050059864324,-0.022395431918999065,0.0806642765336244,0.036763510544199074,0.0,-5.551115123125783e-17,0.00027414511141188314,0.0004914882939585641,0.000110792460255138,-1.6653345369377348e-16,-0.0008595801075337306,0.019831039349729296,-0.0002758307711996921,0.015405955597873,0.0005418131002749571,0.0,0.0009913930330565646,0.05169039848669976,0.031481831337154154,0.04779672693188969,-3.3408030831016955e-05,0.0008819423631605261,0.001567315114039347,-0.00022376881485181022,0.0008662969874939641,0.007557701434521391,0.03823890150592946,0.05468461027324506,0.0014525868340473092,0.01923801824980237,-0.000967294310679101,0.0,0.02605400932699692
0.030693869501721704,0.05317275117553749,0.001993086138534217,0.0004256344041356219,-0.0053976911275033235,0.004040401110451175,0.01815866631109292,0.03233598341054722,-0.003943096310546623,0.038087977660033856,0.0006973491166019641,0.018651698757186475,0.016835658519667784,0.00012688754019862802,0.027253109617217608,0.039671004529747755,0.057681782116092706,0.046694149031521304,-0.0006873186321716407,0.006806524082093424,0.03783743166163023,0.0547372373919886,0.017318151186748232,0.05109205070166173,0.0,0.037166543940260754,0.015222464603607322,0.025088802184561887,0.013238595544949161,-0.003193828861280057,0.02660236102830804,0.007919633604595078,0.008198922788512197,0.01325443053698322,-0.019921260345629632,0.002640604627603127,0.0002867078159604075,0.01451811508557066,0.03668995064125541,0.04237349231331666,0.02911421353892829,0.02768276803568326,-0.001094196430090677,-5.551115123125783e-17,0.09606551655254797,0.056097016769327934,0.038518448290417284,5.551115123125783e-17,0.0,2.220446049250313e-16,0.003782059071888,0.0007459099987214834,0.0634459653482417,0.0003004372618899409,0.06573337205108393,-2.4101217917793516e-05,0.0618839445049183,0.03205995842547743,0.0,0.04605826539183577,0.03202870077621617,0.054369796998288755,0.04783840620251051,0.0,0.029482202279354164,0.07645045671403106,0.038211611793662004,0.06724799121726827,0.05784714035257327,0.0445824880592412,0.05200208230275549,0.003414860851544965,0.05231860640287461,0.04064415776562297,0.0,0.030465425137504054
0.019116386822170428,0.04577866916715223,0.0007560017877292213,0.01372312648708185,-0.008133293401781372,0.03547949122520222,0.024966781970707175,0.0312687032975244,0.025949053191220095,0.04185164234857469,0.001922541719559856,0.04245757541968642,0.018371115288220607,0.02961540832875026,0.055643556639398795,0.04038147108093293,0.03387728247169042,0.04258160710432918,-0.0007679694349095878,0.05750306557153584,0.044279451007676884,0.030147844867613738,0.06101586826609651,0.053412539453915886,0.037166543940260754,0.0,0.08261628122554276,0.03336535478945485,0.03101077433991034,0.05145107888408401,0.0293652855818059,0.0034521046405818767,0.026130130543285723,0.007192290784346911,0.0012738249614812625,-0.0197412849419335,0.023563755040401313,0.01623603866393064,0.04543048010131001,0.06094466477742866,0.03419483988668148,0.07853961810085952,-0.002197027781696892,8.581795743944909e-05,0.10284916850889686,0.058407254808207465,0.03961052431230111,0.002439608756877487,0.0,-3.230074711702002e-05,0.055934141885843114,0.0001695748008664899,0.04710245227053561,6.140061104781269e-05,0.059791508326171305,0.0,0.05603127573842537,0.05506414462470105,0.0,0.055679092139175324,0.03290890449759104,0.05881827616249513,0.057761594989393816,0.0,0.04238837814052715,0.06195749754297619,0.044719365325751825,0.058398980542285595,0.06217614954745532,0.05039845243405067,0.06231800930923398,0.06782365190405704,0.04662778036683707,0.04621235729587336,-0.00013853640583239013,0.038997671319488614
