0.0,0.7914373651192232,0.3307633184208278,0.0,0.4120523078502135,0.5719253632779492,0.4462983008319646,0.2952506163910066,0.39646381422347116,-0.062104368246263836,0.4622506652398802,0.1422828677954322,0.49266626344280334,0.44109632863191994,0.34884738285517125,0.5132114915059334,0.43192120853218385,0.39215333891450777,0.0,0.5489992214113558,0.21210840603137768,0.7891097910214739,0.2592160629530753,0.3551258328208099,0.2749576293493979,0.425805249969426,0.4052550708891427,0.599736290756715,0.5160317690280325,0.5260232519121233,0.5136981742436458,0.4438879973304495,0.45462562181543853,0.41733890450712724,0.3732726872334724,0.6717867052636781,0.5067333834200967,0.23338737025434558,0.6295777925602062,0.826056398550115,0.5322095842299983,0.49320735131514215,0.48602647646754354,0.0,0.4373666425944578,0.4520447733824443,0.8507919874470566,0.0,0.0,0.0,0.45356783487395214,0.0,0.5742843388670724,0.0,0.16379647416636023,0.0,0.529907398851742,0.7417305800897109,0.0,0.550418278226161,0.7534700776948784,0.30182342057465156,0.5765019901806104,0.0,0.43892931904824495,0.6349547047320394,0.8996189313614028,0.5974153804464166,0.44911585532003373,0.7320871731499718,0.7809600611421419,0.48887444419863557,0.39871380800640205,0.4967958393530312,0.0,0.47796035047063057
0.7914373651192232,0.0,0.5179550590663266,0.3057036000506405,0.4599596992522707,0.47346974506573464,0.44694648952932037,0.6112937061844077,0.48976120072811846,0.31951037306348684,0.32577103072216246,0.14870346579321003,0.515464806745634,0.4732335265072929,0.3942154696130554,0.6023497556593056,0.25073411574804766,0.3775995017811858,0.6079472619709579,0.6449977883426833,0.8425204283449291,0.7292311193530221,0.545820583256992,0.14481742353913762,0.6253758303588622,0.5676283832073867,0.5340254282329285,0.3058286009529487,0.38122729775492864,-0.26586263062564247,0.4788482380397433,0.30849964959003773,0.39207953925007655,0.44911424486019424,0.43495358958792524,0.4541222128061321,0.24140303783853806,0.0,0.6009463745645625,0.6898432073801459,0.6431278340839123,0.6375500561443463,0.6047698520215115,0.0,0.0,0.8161374815842514,0.7436683762914265,0.041377021739197224,0.0,0.0,0.6394376530078745,0.5806392769906097,0.5382954373021264,0.5651586440413088,0.6450447971487008,0.0,0.4295196228110461,0.5976853629382486,0.0,0.6884624218747201,0.704005612389796,0.01543370193515542,0.6617690149379597,0.0,0.37291163161397217,0.754416660003826,0.6867790571103152,0.7333226943382994,0.3763181144068831,0.8285326912010081,0.8640121769716859,0.8253469593178724,0.5769098397252965,0.5144995813494315,0.0,0.8321870246066838
0.3307633184208278,0.5179550590663266,0.0,0.5734156729009667,0.6346943761137663,0.5125051694077302,0.6448115196656938,0.6788044081469216,0.5380745193140076,0.6166943746788605,0.6209628769819375,0.4966623135591015,0.6852199176652004,0.7306889829262846,0.3518462581153702,0.36847721883198403,0.536375324474665,0.5134309293106547,0.6039331635439833,0.36142413786341077,0.3302696658353059,0.5295483293504006,0.430847116212731,0.39424265579909784,0.555006587299844,1.0248351141474497,0.5179087810270084,0.6839220040247764,0.5446751614959795,0.7032352272703348,0.647102839389003,0.5603718214460173,0.4785211578599944,0.7288454243066276,0.5949781795549944,0.7114888562673711,0.5714333472268094,0.8184605460656078,0.7760802246742408,0.4641901816879911,0.3647856683619728,0.49060151827407683,0.7916442379121293,0.613277359146102,0.0,0.0,0.1850580137746183,0.5501605091046133,0.467693230805559,0.5649619918156183,0.8030279263306399,0.7482510764127658,0.8118469553475932,0.6916031199302405,0.37247560571204574,0.8189466428885755,0.4529550286003867,0.8972573580349741,0.6963645679801171,0.24413707305206706,0.0,0.0,0.0,0.6558107719953428,0.5753935497962346,0.4202260974641818,0.09811335506386859,0.8335689078772514,0.0,0.627960171965169,0.34283826842585413,0.8826067092923818,0.6350805263082846,0.7938341109248563,0.6601315435593893,0.8151916023818173
0.0,0.3057036000506405,0.5734156729009667,0.0,0.2569862124382053,0.5688877634999757,0.2964124429395923,0.17140719745321725,0.7199948416202216,0.8646757574813057,0.6260709288499178,0.6865031428437112,0.40669711195932595,0.19731625449719972,0.7882159548303254,0.07914158066809648,0.5183067645875392,0.48145715074637113,0.6411573425981846,0.5668055652665066,0.4676215158443083,0.5115603578546846,0.4767260867861257,0.6887871990619573,0.8652467493592111,0.6090727704444063,0.5554467613612841,0.4315681664522715,0.5302789003089614,0.44135647148907514,0.4863711329712943,0.5212937270156016,0.16224981250954545,0.5474050814143795,0.42672369823709766,0.09409328571004605,0.22492228655112578,0.2902118784076114,0.22399176752280484,0.27700732333000994,0.3704890865884941,0.38365656940201837,0.1932898812242163,0.2212963896272398,0.0,0.0,0.0,0.3587969357797426,0.0,0.0,0.5854769941602058,0.0,0.4750129148390056,0.049828990672381925,0.0,0.15758501627042948,0.44477786452829327,0.44538250138032276,0.0,0.0,0.0,0.0,0.0,0.0,0.0,0.0,0.4494969247124489,0.5081313414558504,0.0,0.0,0.0,0.44050515351969644,0.5116680438074452,0.5586208718887362,0.0,0.0
0.4120523078502135,0.4599596992522707,0.6346943761137663,0.2569862124382053,0.0,0.4707953760379774,0.25058719577232585,0.7435982394759197,0.42807848097031137,0.6670601555486626,0.5281558325000201,0.5881195059802393,0.3355962579966899,0.28548716661149054,0.44001196833410006,0.47943103993960584,0.551906067129956,0.7389283279120465,0.6157988751274599,0.6411111368735183,0.4505686186158244,0.5969493108378535,0.5219190692903521,0.46993037737650445,0.6849545515555375,0.7075826788119908,0.4879221101897444,0.12557828413179906,0.5408984955361504,0.46362669405937496,0.5682332579763809,0.29013784648227864,0.43553035504162596,0.6834537170960813,0.5087571498745984,0.27306787476719996,0.34419990598903505,0.6351750869030115,0.1655291252045118,0.7259168000100149,0.5001661656741165,0.4083149731761263,0.4758784919511351,0.6902282752482362,0.24479924724363367,0.0,0.37948216719970607,0.819588097607791,0.0,0.3303566592729027,1.0117550282921557,0.5422193104884294,0.7494391662131046,0.2262900033690673,0.0,0.6837016323988798,0.32485058588673854,0.6348171849369543,0.5756588286892055,0.24176302842684583,0.4478746716211267,0.0,0.0,0.5946845428434073,0.28664095780084453,0.4960857402880233,0.40844192493866427,0.8862987779548426,0.0,0.4633761189101475,0.5516413811943981,0.8245511761582969,0.5249770681214114,1.4158457050127407,0.0,0.43493738118687436
0.5719253632779492,0.47346974506573464,0.5125051694077302,0.5688877634999757,0.4707953760379774,0.0,0.6345994608719483,0.7737851712499086,0.522221054224791,0.6807670253045628,0.6766394744434696,0.9913886390422515,0.6234818220285547,0.7401239601981184,0.5946459822707079,0.560991592632918,0.5180432354974803,0.3830972375670597,0.7167327036413355,0.4935420308376478,0.6156282622878202,0.4861510107620854,0.4809535722506897,0.7261929991700176,0.4057236695553609,0.7101146236447772,0.4875575092268437,0.7509768306988933,0.5199763515203377,0.6618985490320795,0.6472754414497053,0.47717933253669786,0.5702533426490869,0.6506940525953603,0.6172506956961005,0.6570582053927593,0.6418806171649473,0.5889611147355083,0.8129165850413083,0.31604259284111635,0.6012357911576907,0.7349762653159282,0.8369632433454065,0.4587350043500235,0.18388691006767094,0.5702407519182716,0.493355780862497,0.8306536019861471,0.5553136174197599,0.6954019733949898,0.7575432160683964,0.9418996349761579,0.8493291147597126,0.8962872997941026,0.595915457047464,0.796694708629591,0.3342382139627305,0.8673863975628828,0.8976564829646003,0.4383769693361523,0.5804213016895063,0.0,0.5422630054061477,0.6954106863958842,0.5116563630631603,0.4779542117264427,0.5587708585357998,0.7876671527000043,0.57266198046939,0.4796200085944887,0.6618661235568042,0.7589728249306599,0.6586317851524168,0.7573223912589497,0.543962576706524,0.6692622669449229
0.4462983008319646,0.44694648952932037,0.6448115196656938,0.2964124429395923,0.25058719577232585,0.6345994608719483,0.0,0.5887392831370803,0.6048765069160348,0.5586649651576252,0.5364337451889447,0.31762218889413546,0.3801120497357401,0.4756657106205512,0.49151760863487537,0.42913953527641113,0.5068664425864019,0.37557467144952195,0.528326386818813,0.5170280722168957,0.40151985609287655,0.4796039374811405,0.5087789643403359,0.4871243449259344,0.38976631778416343,0.5041885787180368,0.5068782482209501,0.1647082509304082,0.6263473905110015,0.46628001497085875,0.39194950229524644,0.4148736622095729,0.534782635108948,0.5114928923470861,0.3283950641582378,0.436704670720982,0.4510538392406701,0.5917925481147972,0.5928576454458441,0.39243235563454043,0.5429471497685254,0.48091952107209335,0.969544257954934,0.7238957515610558,0.3229857319400711,0.0,0.5425238966363131,0.717905544369542,0.0,0.4891450942581914,0.7864951295492231,0.5459509367799835,0.48201216250588075,0.6276824631565852,0.5570723372896911,0.44222217150278914,0.41510005735036826,0.4616342061291685,0.34685426356260246,0.296846488855839,0.5925679936865713,0.0,0.5090263263155057,0.5527316191523423,0.5561926952857823,0.4757183435147262,0.567169972610776,0.7370633059167229,0.4634946421305183,0.5861595193179963,0.5134177561744899,0.7438008119775374,0.10746238684204601,0.42249123151775086,0.7717750176580809,0.4675098591180774
0.2952506163910066,0.6112937061844077,0.6788044081469216,0.17140719745321725,0.7435982394759197,0.7737851712499086,0.5887392831370803,0.0,0.5139783457916103,0.5407524107717516,0.5775256576314018,0.26969687310566187,0.6885130271832554,0.5122081418178028,0.3720137714428786,0.4952845359731878,0.44348475196045123,0.4177322898736089,0.26956227105175623,0.2948876212553317,0.3781088747875979,0.502641847575539,0.5764172320944416,0.3169600948249997,0.4072595210584239,0.41386275306369424,0.5352558665179712,0.5655786596670769,0.5642712619895045,0.46797202579232694,0.605671852104519,0.35202643842893144,0.4106587280107931,0.5878151823646882,0.39772317970802396,0.46798885688585506,0.6569894988433104,0.6241294829151744,0.6138259808704527,0.42924068302906904,0.3524420929751739,0.4831979081806652,0.6585063717378459,0.43118718070959183,0.0,0.552408120945321,0.3646547145487363,0.6835686528312794,0.0,0.6091758945222197,0.5780139641767207,0.8155183569949346,0.7128406616731737,0.6160310695747037,0.827799704073936,0.4843846409080965,0.9606489017274624,0.6711558673736759,0.6498836055293911,0.34363327776801145,0.3897723150985981,0.0,0.662206642025857,0.6992095312233413,0.5831951367578552,0.6611312544350729,0.3507476475955976,0.7128558703269382,0.0,0.38407152475957407,0.3869106925562954,0.6230657983966822,0.5093732846246697,0.6397926059297467,0.4546979873009648,0.3842005371188516
0.39646381422347116,0.48976120072811846,0.5380745193140076,0.7199948416202216,0.42807848097031137,0.522221054224791,0.6048765069160348,0.5139783457916103,0.0,0.713665834423636,0.6491404568627923,0.7045852272451008,0.6691714287407919,0.404680056296669,0.5236234752700561,0.4999347776066816,0.3864891893087538,-0.0727982517254438,0.6076046575198069,0.6684722513433499,0.3508361571751484,0.6062918606033547,0.49724853284620246,0.5743271697611436,0.5077250890424687,0.8241424800100836,0.4564169118966905,0.7465743677765698,0.5898986390943706,0.7891697903194205,0.7209133841268927,0.7116195201368936,0.6737340783680578,0.8192239239725774,0.7723645152765581,0.6608632141703045,0.7760326504052613,0.6924068848517113,0.44308043277552034,0.47094453265914143,0.3140340228042533,0.26161814239589454,0.6034309406879027,0.42019149931917565,0.2639142276594107,0.0,0.45840812263373315,0.7375032805953555,0.4587142721807728,0.44091148075144726,0.877285248164392,0.9760397133548417,0.8232330201911318,0.744256688877928,0.1725725357536727,0.7711264826618229,0.4048045058300292,1.0108760371925491,0.8102543030432245,0.4777477981236114,0.6723064069683984,0.0,0.0,0.7379964133406037,0.5740954208603412,0.6617191771996411,0.5169940081007054,0.8246994707981038,0.30261712161887666,0.5409131985099144,0.29361306568919643,0.790599871599209,0.49659109201820084,1.2980962516324341,0.49051273914752,0.5986829584987114
-0.062104368246263836,0.31951037306348684,0.6166943746788605,0.8646757574813057,0.6670601555486626,0.6807670253045628,0.5586649651576252,0.5407524107717516,0.713665834423636,0.0,0.6030016551284223,0.42018801105809145,0.6450507211061209,0.6910626389749459,0.4789686357101154,0.3764534431790436,0.5216749044983131,0.38170364130064766,0.33993724517655927,0.38047732137970397,0.5352266777267636,0.4866435612566467,0.46501780402710874,0.21211399785740676,0.5437151844759047,0.4023766037757819,0.5860987421904469,0.6715274559841701,0.42305031184852576,0.3199023127644754,0.5353153531693772,0.18565289616641764,0.3467480311278807,0.4174687224556999,0.44285779568497774,0.7734539262422565,0.5191164808241511,0.30816321528812934,0.2483205030865862,0.28454433614808117,0.2367874673561407,0.04959046827709032,0.24738912078840786,0.2714412619338833,0.3539178459323916,0.6298043230980179,0.5359631410284051,0.1297683469000142,0.4642510336309983,0.4150537976731722,0.52097381558437,0.43128941073037397,0.5614239621589749,0.23294315795982218,0.47729548783480363,0.363715891104045,0.5442831181822286,0.4700241008427938,0.0,0.8959695029764132,0.6012174951934333,0.547039814925265,0.4920336616932891,0.4735930795183638,0.46674795210252695,0.552821976361825,0.34203734784258827,0.5154141079229697,0.3523545507424652,0.5015746346360215,0.5138903422326735,0.5227136325022366,0.4202066219701468,0.3940046544787088,0.0,0.5560881441793338
0.4622506652398802,0.32577103072216246,0.6209628769819375,0.6260709288499178,0.5281558325000201,0.6766394744434696,0.5364337451889447,0.5775256576314018,0.6491404568627923,0.6030016551284223,0.0,0.4916358352961606,0.5610961171644,0.3161496305127437,0.0,0.5077274093061885,0.286358095689063,0.3929429888387762,0.38197337583519486,0.44861752843764385,0.49957174617432387,0.36224078038115604,0.40249140337563816,0.19803216134764373,0.5606970949435568,0.5604253444283767,0.6057349610895602,0.599765001307808,-0.3740580418432845,0.4989862545870932,0.6159421986536326,0.6483348774935533,0.6207045977033738,0.7486991713833193,0.6787390898376648,0.8543700965258322,0.7747402290544723,0.6295227668837098,0.6822504755373313,0.5376335530092987,0.4652512060489945,0.389802038244126,0.665914132436151,0.5568144204397103,0.16869067202065396,0.0,0.0,0.7391794579427198,0.47300169630067035,0.6904630120383317,0.8414340326067862,0.8907434341410804,0.6692937369434637,0.7188372620387858,0.39942002565620316,0.2880216496537157,0.34828991148186256,1.0941505776284952,0.6743872828500728,0.0,0.0,0.0,0.0,0.05076502009411249,0.33774726028148283,0.0,0.6605779609755762,0.771073687538236,0.0,0.0,0.8621677947109107,0.8115506970250501,0.8363558514426664,0.3506250858037603,0.0,0.5229945825477306
0.1422828677954322,0.14870346579321003,0.4966623135591015,0.6865031428437112,0.5881195059802393,0.9913886390422515,0.31762218889413546,0.26969687310566187,0.7045852272451008,0.42018801105809145,0.4916358352961606,0.0,0.5922288804984628,0.5979835149113393,0.3997580547545341,0.16166473952613092,0.5446062617425329,0.5398045088862676,0.6894820313491206,0.5723553809962607,-0.11966532512245265,0.4292733064629651,0.20489684770792016,0.29218774336131337,0.39277604734595284,0.3528862882111188,0.5380000015628125,0.5355054958790008,0.5653577381112668,0.29147385888607535,0.4087630676196143,0.24472579890730917,0.4740641572549501,0.3851091431346832,0.32253719526791635,0.5348822719562134,0.31113050832789607,0.22767400974035684,0.3912294348521557,0.15291521143674044,0.22348845790553576,-0.05415979398623691,0.37967656886001233,0.4052154552099266,0.3209266687447925,0.5425218003505793,0.5699304262575757,0.24133334362043785,0.19782320310828883,0.256420206391546,0.35372175439979203,0.4614048594172501,0.25518040388090046,0.37864613852937334,0.5398784096876227,0.21505102205610913,0.66703494438768,0.5568164721501141,0.6809125351445975,0.6313880351054678,0.523845505566009,0.537294570740581,0.6144009464062634,0.34669935389921336,0.7467810023172615,0.757531709648739,0.42926502417372747,0.5152875537871999,0.40830665554797474,0.5554442709674209,0.4768918114887596,0.3121202503758085,0.5689920985340701,0.4278227104383918,0.0,0.6573665088021066
0.49266626344280334,0.515464806745634,0.6852199176652004,0.40669711195932595,0.3355962579966899,0.6234818220285547,0.3801120497357401,0.6885130271832554,0.6691714287407919,0.6450507211061209,0.5610961171644,0.5922288804984628,0.0,0.33522833901580307,0.32293835120504655,0.4739267788775227,0.6158505173896422,0.46350508622963743,0.6123143382359211,0.5704496577244151,0.5812721383767063,0.49661092192287914,0.5539205690381485,0.3633378500866302,0.46713872548348967,0.5584624456789826,0.5426556059521894,0.5315390336636128,0.6920434944944116,0.6263656400201862,0.4061771798603345,0.6032640514858191,0.5534660669325213,0.7116311004048073,0.5220727156606693,0.5224130871513581,0.46147575916152533,0.6826855311693618,0.3540069242901821,0.43131796056019966,0.6080854684457089,0.357541653920172,0.39039931851070797,0.2849333671042041,0.3606947866471372,0.5726475314580132,0.613637647378575,0.9780636582836466,0.0,0.5853005019243531,0.7646393135633685,0.518316201277826,0.6029941032189456,0.5490854525838786,0.1900712036892407,0.7182635741941804,0.4246580561496497,1.400090425990984,0.37913471589278913,0.4468202570294174,0.45813061531711136,0.37713767570623474,0.5515636640456509,0.485024044427376,0.5529133483104726,0.7147766474461017,0.4989592084030453,0.7540441923965383,0.49644523884977687,0.48265002098913834,0.463665344581627,0.6939364092208895,0.6391553293264538,0.6028172442973578,0.5112631495166761,0.6708659996147608
0.44109632863191994,0.4732335265072929,0.7306889829262846,0.19731625449719972,0.28548716661149054,0.7401239601981184,0.4756657106205512,0.5122081418178028,0.404680056296669,0.6910626389749459,0.3161496305127437,0.5979835149113393,0.33522833901580307,0.0,0.525809207732479,0.5560374288876675,0.4606100280262417,0.49610793170670686,0.6869339205205528,0.3909910758850226,0.5375286929192677,0.2505930761961577,0.5785250367015439,0.5932939369659249,-0.5705906758507149,0.4045535438300162,0.6254099409400816,0.340900234870639,0.30622607334056734,0.7422512968822954,0.26602295780767427,0.29779382010286237,0.2518209070708772,0.6351622250000554,0.34099692711193996,0.20830424469951728,0.11061687331706785,0.39667244647875727,0.6977577981682173,0.0,0.6908993893238834,0.8117641577820448,0.7037361580277559,0.46698363863774117,0.0,0.0,0.0,0.622559877283839,0.0,0.521985441873078,0.43803622615051935,0.4716946003684136,0.5258484284943422,0.6916889934353168,0.0,0.5984803912850263,0.39162850517402503,0.7148773866356137,0.5645736161968433,0.0,0.0,0.0,0.0,0.9126292142079534,0.0,0.0,0.0,0.7393564885042359,0.0,0.0,0.0,0.6117335946132001,0.7080728476839417,0.0,0.0,0.0
0.34884738285517125,0.3942154696130554,0.3518462581153702,0.7882159548303254,0.44001196833410006,0.5946459822707079,0.49151760863487537,0.3720137714428786,0.5236234752700561,0.4789686357101154,0.0,0.3997580547545341,0.32293835120504655,0.525809207732479,0.0,0.34645279823717884,0.4234012956275093,0.08360671660851826,0.0,0.17676011786268103,0.4167679329522763,0.23822835345229199,0.41671549703806865,0.0817095247203346,0.20703272593814442,0.28297349970322827,0.3902294525655705,0.2663954729492559,0.29619562439873326,0.32408814506683004,0.3353955122864095,0.2823323111751006,0.43615418116378896,0.42394769574296354,0.43624958538342684,0.44197236915508464,0.365094249755543,0.37279742934689825,0.338634454729426,0.5764013650565165,0.5087441601658127,0.3949563624512503,0.4369050536914481,0.6253807786963506,0.0,0.6070905639964086,0.718156298432735,0.440251291004335,0.0,0.0,0.3123243570874024,0.6615506885888522,0.5823300862138895,0.5036499434965461,0.0,0.0,0.6259460002632684,0.5307641530486457,0.47421683868228615,0.6734515927170938,0.729724220948023,0.6061789959702498,0.7439941819573217,0.0,0.5869808416828205,0.5747514691458957,0.6844326529316307,0.708877513208918,0.4432706258579316,0.6585598538110422,0.6852685796303193,0.5945076439337804,0.508424092146436,0.4344764152637847,0.7949937193252701,0.42556680633322824
0.5132114915059334,0.6023497556593056,0.36847721883198403,0.07914158066809648,0.47943103993960584,0.560991592632918,0.42913953527641113,0.4952845359731878,0.4999347776066816,0.3764534431790436,0.5077274093061885,0.16166473952613092,0.4739267788775227,0.5560374288876675,0.34645279823717884,0.0,0.39239973994252825,0.5303676447232916,0.4496270537572556,0.37565952814236836,0.5423199113981113,0.5524170368077433,0.48510006022113733,0.20130447912306487,0.5194167409992965,0.4710217453117691,0.434015755803981,0.4588381321009025,0.4136312008761367,0.463664816667644,0.37769017960317275,0.2363821766946547,-0.022832809746551747,0.28853161215689505,0.3598409616803143,0.7475910580798171,0.32798346507685056,0.5826458520752202,0.4486594804503946,0.46324736899337626,0.5741526775151176,0.27220864143189855,0.47554870871251953,0.0,0.0,0.44553769409961475,0.6285763074612489,0.0,0.0,0.0,0.525203669060364,0.5799348053714449,0.8699067219846868,0.0,0.5844535060105028,0.0,0.41020916742074043,0.6072711174223078,0.0,0.2488546277015529,0.5051703371929708,-0.16611999248219672,0.6108102471239174,0.0,0.213216733804632,0.5639648989219226,0.4928964934767393,0.5761337295792214,0.3805819679623812,0.7126634500041038,0.741061001336502,0.7031573701318534,0.6278075210175021,0.2110994396310618,0.0,0.3887987797203316
0.43192120853218385,0.25073411574804766,0.536375324474665,0.5183067645875392,0.551906067129956,0.5180432354974803,0.5068664425864019,0.44348475196045123,0.3864891893087538,0.5216749044983131,0.286358095689063,0.5446062617425329,0.6158505173896422,0.4606100280262417,0.4234012956275093,0.39239973994252825,0.0,0.648270162888444,0.5383165749560098,0.5297720128286434,0.41106994645348105,0.5040480198233848,0.45569420477817996,0.3774701446520251,0.5164800332151886,0.273455392310793,0.5509992247268507,0.7891164127894441,0.28112711184961514,0.5353166768241111,0.5818082854032409,0.25296329629917336,0.41774360668232313,0.3920719208444163,0.1751588193675192,0.7335119060024551,0.23945920527000808,0.17985988451348034,0.5681130955246183,0.5526782224416722,0.6044078792736962,0.5855515435546055,0.0,0.0,0.49768897402524126,0.6363531406694143,0.6215471405968807,0.0,0.0,0.0,0.0,0.0,0.0,0.0,0.6379339065379264,0.0,0.6424375377715994,0.3300584752691964,0.0,0.7913844478142762,0.5104174009671493,0.566042875517522,0.4588558021084802,0.0,0.0,0.0,0.5555371923850418,0.0,0.6399380380215927,0.6671469396076979,0.6350882849526679,0.0,0.2692582477460676,0.46069616708327926,0.0,0.7079783414468505
0.39215333891450777,0.3775995017811858,0.5134309293106547,0.48145715074637113,0.7389283279120465,0.3830972375670597,0.37557467144952195,0.4177322898736089,-0.0727982517254438,0.38170364130064766,0.3929429888387762,0.5398045088862676,0.46350508622963743,0.49610793170670686,0.08360671660851826,0.5303676447232916,0.648270162888444,0.0,0.4786651182155423,0.32977336240483524,0.4391040045102478,0.35678730012739535,0.3777239508756537,0.4113783387036756,0.391764672370554,0.38389215499230145,0.33844867255301847,0.40223625628318815,0.31452859749782536,0.38366434165425534,0.46697336270155176,0.17123724365171253,0.2569288840191155,0.43853526659935405,0.09446324151224902,0.5670219008843653,0.24185632608001445,-0.009873110700957477,0.5262350541042308,0.5645019668577109,0.4845657004617703,0.6108167604906507,0.0,0.0,0.5993997631070656,0.48993689827561326,0.6794184837886261,0.0,0.0,0.0,0.4577019733017574,0.5335363951599752,0.8507557772108423,0.0,0.6373880495626068,0.0,0.6882558392432304,0.49424052844812405,0.0,0.5301962928421997,0.5705220243357991,0.5129370759341334,0.5654675232926417,0.0,0.4909325762458549,0.6067498682422272,0.5592980013200155,0.7196040835976147,0.474091261971907,0.6450047393177909,0.6390740367780253,0.4917031861112424,0.6869669551097801,0.4832411237372012,0.0,0.7099539637210598
0.0,0.6079472619709579,0.6039331635439833,0.6411573425981846,0.6157988751274599,0.7167327036413355,0.528326386818813,0.26956227105175623,0.6076046575198069,0.33993724517655927,0.38197337583519486,0.6894820313491206,0.6123143382359211,0.6869339205205528,0.0,0.4496270537572556,0.5383165749560098,0.4786651182155423,0.0,0.5365975023434805,0.45084793496366654,0.6654611148625005,0.49870721576082727,0.43273571840932873,0.5089946226991371,0.4447160313512803,0.6435570527246864,0.6580528260336878,0.5987067805303687,0.5885314562671764,0.6176284783719155,0.5485168406106247,-0.4285980253846923,0.6703378475627211,0.5332478194993127,0.694118412171455,0.5116486416102795,0.4875739196478871,0.8864986974821951,0.3912670612411763,0.359980070791012,0.16647146479597957,0.8662134496056222,0.3359646357195566,0.40360894009341025,0.0,0.0,0.7065888795292857,0.0,0.627859340227562,0.700668527904424,0.9183073738015387,0.6880082587806213,0.7651965007720476,0.8445846030415212,0.6737396860526864,0.4754873407800836,0.7731213893490249,0.7773941844595856,0.0,0.0,0.0,0.0,0.741582458529897,0.47041764102796213,0.0,0.494116304950145,0.7587800303624614,0.0,0.0,0.0,0.7557219587060364,0.873469756355815,0.42410546424746143,0.45740859785385823,0.5372141120126657
0.5489992214113558,0.6449977883426833,0.36142413786341077,0.5668055652665066,0.6411111368735183,0.4935420308376478,0.5170280722168957,0.2948876212553317,0.6684722513433499,0.38047732137970397,0.44861752843764385,0.5723553809962607,0.5704496577244151,0.3909910758850226,0.17676011786268103,0.37565952814236836,0.5297720128286434,0.32977336240483524,0.5365975023434805,0.0,0.449407469621018,0.483877688015998,0.13092045686306278,-0.2677467516870522,0.3770159939166125,0.357722435249228,0.37693810133953404,0.591460447223561,0.5786120834346877,0.7105940282768578,0.4098596525704012,0.27691011542275856,0.37796349074252944,0.4806448946240336,0.4630312255318923,0.5016005148144447,0.48015154374505925,0.7558573765866003,0.39055357336727553,0.3987190293824105,0.5509232354532868,0.45286902502333015,0.1837768385465624,0.22937396236832935,0.17921156022062956,0.4282761063534158,0.6505258042537799,0.4363032995576276,0.0,0.0,0.501116362752261,0.6229106955752308,0.6848367615233248,0.39562750642085653,0.9273894707833645,0.0,0.5084018473621756,0.6564518408000742,0.0,0.43874843179810347,0.541892972604515,0.4800138216055634,0.5820568531223629,0.0,0.4865945182383785,0.4707186522572775,0.2783332582903968,0.599617248697095,0.0,0.5818390167935419,0.4337730127673336,0.5599865182236787,0.5458096160677504,0.5494798870860634,0.48965762018591774,0.5383582909994604
0.21210840603137768,0.8425204283449291,0.3302696658353059,0.4676215158443083,0.4505686186158244,0.6156282622878202,0.40151985609287655,0.3781088747875979,0.3508361571751484,0.5352266777267636,0.49957174617432387,-0.11966532512245265,0.5812721383767063,0.5375286929192677,0.4167679329522763,0.5423199113981113,0.41106994645348105,0.4391040045102478,0.45084793496366654,0.449407469621018,0.0,0.5679388276121033,0.38831038665587947,0.2612061534376164,0.36860012659807895,0.5077486409760896,0.4950470491592547,0.45634273988554563,0.5056193337097906,0.43411526136228856,0.566685021717461,0.3587398804170322,0.5985997490474548,0.4743890579610315,0.4828550407845922,0.49895000801754386,0.3074705190707357,0.5292724842287401,0.4194053219655058,0.7005267531843431,0.4617181432851224,0.36244900551199777,0.5556186665989702,0.0,0.0,0.5632552754606761,0.7378243086737566,0.6137736889323901,0.0,0.0,0.43347541074392615,0.3952032215156702,0.7841274021599146,0.4676038215815204,0.5616521009236668,0.0,0.7456083455183603,0.6326612943266472,0.0,0.37448794992407,0.5340754627495328,0.0,0.3259412773195034,0.0,0.40017314903841167,0.6619447151608999,0.5867010938168605,0.6003728165338942,0.778069040801687,0.5802913325329879,0.793278043402897,0.5587896411273113,0.5911433488410925,0.47063086818703387,0.8507938588387162,0.39491864302125645
0.7891097910214739,0.7292311193530221,0.5295483293504006,0.5115603578546846,0.5969493108378535,0.4861510107620854,0.4796039374811405,0.502641847575539,0.6062918606033547,0.4866435612566467,0.36224078038115604,0.4292733064629651,0.49661092192287914,0.2505930761961577,0.23822835345229199,0.5524170368077433,0.5040480198233848,0.35678730012739535,0.6654611148625005,0.483877688015998,0.5679388276121033,0.0,0.4468369316728189,0.09474909114034771,0.5768567909421393,0.6313211926277034,0.4403050976989746,0.5536963764905092,0.45028455162732717,0.6134462390567058,0.42434703647982774,0.4344661522142369,0.383373658214855,0.579403443497621,0.5466317143988177,0.4801139514330697,0.5657211362911241,0.5293005401683174,0.3718079642059971,0.5859720588420416,0.5867683813538305,0.4933297305757955,0.41880399149636227,1.0480355294201489,0.2269808295340364,0.5457641382399125,0.6361204265007105,0.5688695438497164,0.4695784113800932,0.23740083584023447,0.39760745808364106,0.610786192691964,0.6352961176104457,0.640610049904756,0.3816927773546547,0.0,0.48552499834593277,0.5781600739778824,0.0,0.494830274152444,0.5808553106356438,0.4285704912768329,0.10273427875190103,0.0,0.29149970914917034,0.5582461332268157,0.5484618475522925,0.4899749411710307,0.7145235236268357,0.3635102738631106,0.6905298046185309,0.49675517063011876,0.46654111971717643,0.3606188409590303,0.13896212801852487,0.6010533129717978
0.2592160629530753,0.545820583256992,0.430847116212731,0.4767260867861257,0.5219190692903521,0.4809535722506897,0.5087789643403359,0.5764172320944416,0.49724853284620246,0.46501780402710874,0.40249140337563816,0.20489684770792016,0.5539205690381485,0.5785250367015439,0.41671549703806865,0.48510006022113733,0.45569420477817996,0.3777239508756537,0.49870721576082727,0.13092045686306278,0.38831038665587947,0.4468369316728189,0.0,0.27862262564396806,0.36463368528909124,0.42330462167631683,0.2590167126706868,0.4201060697709106,0.4484049851459362,0.40188360245905946,0.39793379059276823,0.32361935895746996,0.36620860007024114,0.47140259140120927,0.3673155099786076,0.5847007299513538,0.546352560423988,0.3483692973959717,0.7112263465158817,0.5083322900878698,0.6455885001890473,0.7217268391081523,0.6347661978316675,0.5649234351689244,0.483091494174144,0.4344132504921425,0.5525898085287421,0.7915833206787314,0.46695427596405703,0.7797593301944623,0.7077491001279033,0.843413616632088,0.7802821308082147,0.747174842572786,0.5523487882539097,0.689678715194515,0.4403173708399995,0.7514637669871219,0.6756076709888091,0.5515870960915162,0.6325802899378028,0.46674795210252923,0.5563996270612935,0.7457293146894513,0.609540842889615,0.6801611352815198,0.48660104616660643,0.8394901216571025,0.20724208233665478,0.8253329408091448,0.5495987181185114,0.6578785176481209,0.6098689204280766,0.6723399169207054,0.6641555046414638,0.6478789396364788
0.3551258328208099,0.14481742353913762,0.39424265579909784,0.6887871990619573,0.46993037737650445,0.7261929991700176,0.4871243449259344,0.3169600948249997,0.5743271697611436,0.21211399785740676,0.19803216134764373,0.29218774336131337,0.3633378500866302,0.5932939369659249,0.0817095247203346,0.20130447912306487,0.3774701446520251,0.4113783387036756,0.43273571840932873,-0.2677467516870522,0.2612061534376164,0.09474909114034771,0.27862262564396806,0.0,0.3537410683844476,0.29081675684949126,0.34922048495115304,0.31757359214867087,-0.5061785727765101,0.8103204033064388,0.4272554235035236,0.2908125338708087,0.44378502691888994,0.1243837508673929,0.2054169906496462,0.2867407535298437,0.39211531270363204,0.18079024021246431,0.13518578207640036,0.4610520198582092,0.19787491092764278,0.6137877092230084,0.6016954360107383,0.3367364207901121,0.46712288724906703,0.2709573584368692,0.4958207807808556,0.0,0.0,0.4953877189831538,0.592110906476077,0.32531689741979875,0.0,-0.020834631254396933,0.5349678946118612,0.5279102326384552,0.6366383524439021,0.4346507810797291,0.0,0.26277810513611743,0.49120694065886034,0.50551412999359,0.5396345373844346,0.453358708296108,0.3721791737876465,0.42256488966999917,0.1908952395078278,0.8418454782875955,0.34915397980869833,0.6650512667145148,0.54262852457915,0.5572262623537314,0.6069033514438629,0.5679483418231173,0.0,0.5949114507518181
0.2749576293493979,0.6253758303588622,0.555006587299844,0.8652467493592111,0.6849545515555375,0.4057236695553609,0.38976631778416343,0.4072595210584239,0.5077250890424687,0.5437151844759047,0.5606970949435568,0.39277604734595284,0.46713872548348967,-0.5705906758507149,0.20703272593814442,0.5194167409992965,0.5164800332151886,0.391764672370554,0.5089946226991371,0.3770159939166125,0.36860012659807895,0.5768567909421393,0.36463368528909124,0.3537410683844476,0.0,0.309145005225447,0.45173108652847865,0.4815196495614368,0.2880497055682075,0.2955378672656317,0.5126573535708616,0.1570842609389987,0.29027608814720823,0.33286269228475296,0.06887001066894544,0.5463446200065409,0.5917169901337491,0.2932226122344478,0.6238843643484949,0.7065976189052632,0.6556329403362661,0.6622942723558326,0.09616299014173435,0.0,0.5226701090633074,0.6029973647620964,0.7837818597795363,0.0,0.0,0.0,0.5402688020009628,0.5125813718281146,0.6411704631769441,0.43187181157420473,0.6366038474741784,0.46485207158661357,0.6834977497275367,0.4366076829708877,0.0,0.5886829278963961,0.6755594394212558,0.5763061931341068,0.6407467121768647,0.0,0.574779439721673,0.6652211001401855,0.6943452883973312,0.5321646524410262,0.5304444873204026,0.7324833534470421,0.6799524858213851,0.4749957671716557,0.9298070956648972,0.34635082274655793,0.0,0.7206231687410133
0.425805249969426,0.5676283832073867,1.0248351141474497,0.6090727704444063,0.7075826788119908,0.7101146236447772,0.5041885787180368,0.41386275306369424,0.8241424800100836,0.4023766037757819,0.5604253444283767,0.3528862882111188,0.5584624456789826,0.4045535438300162,0.28297349970322827,0.4710217453117691,0.273455392310793,0.38389215499230145,0.4447160313512803,0.357722435249228,0.5077486409760896,0.6313211926277034,0.42330462167631683,0.29081675684949126,0.309145005225447,0.0,0.5653986225402178,0.5824795092186648,0.3920526141213174,0.36553982087488396,0.4032120599890751,0.37055198425829977,0.35297669128774745,0.4525972928749991,0.35971639708879755,0.3063810345505749,0.4261202002345381,0.23586781299663157,0.617977252739663,0.7283907281373188,0.9065489068495349,0.5432626560608862,0.20707599228095142,0.5427759380266151,0.5639966117335716,0.5395665950136999,0.8320567974641035,0.6475615614372945,0.0,0.006519684511314593,0.7079069450221319,0.5003690455493569,0.5124944832137942,0.43093891226136194,0.5969342089532175,0.0,0.6729408676520854,0.6106673106055187,0.0,0.6971461759578453,0.7706251990386059,0.5441308263988633,0.6255500251413764,0.0,0.5676795853016525,0.8035061673122936,0.7746075069915909,0.6526134271152477,0.45354706840720604,0.7248379317727166,0.7431329799709008,0.6313740457105137,0.7660685491200763,0.6243044335385233,0.4452773692136367,0.6841635670509525
0.4052550708891427,0.5340254282329285,0.5179087810270084,0.5554467613612841,0.4879221101897444,0.4875575092268437,0.5068782482209501,0.5352558665179712,0.4564169118966905,0.5860987421904469,0.6057349610895602,0.5380000015628125,0.5426556059521894,0.6254099409400816,0.3902294525655705,0.434015755803981,0.5509992247268507,0.33844867255301847,0.6435570527246864,0.37693810133953404,0.4950470491592547,0.4403050976989746,0.2590167126706868,0.34922048495115304,0.45173108652847865,0.5653986225402178,0.0,0.46864114356863096,0.48609528315996997,0.4081272332122283,0.32889354637226786,0.280136237405506,0.3153763548121086,0.4377300727659265,0.31598001629226596,0.4521755122934411,0.5827410184160312,0.6788746850902688,0.6585308938690811,0.402631439305544,0.6202585397928353,0.7184461893149978,0.8633841220773206,0.5295976262837195,0.3899774839098781,0.38838644590638915,0.5773850661802058,0.7967909618512716,0.48521323639215697,0.875882461537984,0.7112066960848145,0.8690190980338466,0.6391249867907154,0.7403462125657417,0.6877931056039015,0.7705125118325992,0.35725904124137,0.7767838110383276,0.9071018882510998,0.4830930861819691,0.6087138613734865,0.0,0.38578603184678384,0.8123096421846496,0.540827067276507,0.6222371312357564,0.44770005628650394,0.6987289800564889,0.0,0.5893993581852217,0.5417981491718149,0.6745713975390695,0.6155133240653059,0.6571684705468093,0.5111718249666303,0.614351325373771
0.599736290756715,0.3058286009529487,0.6839220040247764,0.4315681664522715,0.12557828413179906,0.7509768306988933,0.1647082509304082,0.5655786596670769,0.7465743677765698,0.6715274559841701,0.599765001307808,0.5355054958790008,0.5315390336636128,0.340900234870639,0.2663954729492559,0.4588381321009025,0.7891164127894441,0.40223625628318815,0.6580528260336878,0.591460447223561,0.45634273988554563,0.5536963764905092,0.4201060697709106,0.31757359214867087,0.4815196495614368,0.5824795092186648,0.46864114356863096,0.0,0.6110489993687476,0.4220106509988525,0.5668176820212834,0.5115566121758326,0.5362593292834357,0.5607525783304304,0.4002702822149874,0.6146296880765705,0.503844212605041,0.5789616082795443,0.16171277773293644,0.4182500513666678,0.4464425626285691,0.28979804634480644,0.08166323115215784,0.10722207722147237,0.5363247173497905,0.5713342255993216,0.5829706862885708,0.932484620020798,0.0,0.611950637487334,0.6683531377752825,0.5133639259101002,0.6302814657152491,1.069330929618149,0.553021616177402,0.68153735805548,0.42927313462983474,0.8342783166771376,0.36126735208858485,0.3569854897068321,0.45599668486478884,0.17646817105540422,0.5598520313282807,0.6566982827864415,0.48023518246536356,0.5879788933875862,0.2933828199079492,0.6815733129552952,0.4886383980316889,0.6069165373934466,0.5906001294561035,0.6210741282823696,0.629557619238659,0.5825560959610963,0.48206704089353036,0.6247037768736052
0.5160317690280325,0.38122729775492864,0.5446751614959795,0.5302789003089614,0.5408984955361504,0.5199763515203377,0.6263473905110015,0.5642712619895045,0.5898986390943706,0.42305031184852576,-0.3740580418432845,0.5653577381112668,0.6920434944944116,0.30622607334056734,0.29619562439873326,0.4136312008761367,0.28112711184961514,0.31452859749782536,0.5987067805303687,0.5786120834346877,0.5056193337097906,0.45028455162732717,0.4484049851459362,-0.5061785727765101,0.2880497055682075,0.3920526141213174,0.48609528315996997,0.6110489993687476,0.0,0.564266649549632,0.4764488021004206,0.25820893341676376,0.22914506712365593,0.5604475529325907,0.3587315709106723,0.4609752230072547,0.46716474741309955,0.49590036724650316,0.6103281538927741,0.41072086056238843,0.6724093765746584,0.6462434569648717,0.2843951125206045,0.5073810727618198,0.6264019319503417,0.395870536673418,0.3419569312061068,0.9401603986310769,0.4885120488914996,0.49416513674347085,0.6946983968296041,1.0372251375335695,0.7936533416864412,1.3559127170855478,0.5869043541811114,1.2878409191728315,0.5612186304126423,0.7088686365108273,-0.895898705365795,0.3975051812856466,0.5762669901466654,0.47052540127892584,0.5753749075496162,1.0405133198737737,0.5023569869957756,0.6575466082806002,0.3358683018679794,0.6893083299004018,0.44128822194062894,0.6209297398089421,0.5359587366837175,0.6301651833548961,0.6220775500112525,0.6103924101728124,0.556634674473059,0.5999308958037366
