0.0,-0.00038041309104946963,-0.0011013747212341163,0.0,0.0003776583685373702,-0.07803467167821365,-0.00028008490346081993,0.015577613126691814,-0.00048127270010245304,0.0387770145712954,-0.0010727989702172258,0.043686503088562534,-0.01484863407447612,-0.0035284005244976546,0.035663055545331834,0.0070417040412258936,-0.03381029763643362,-0.0018078746808334878,0.0,-0.03156657445057082,0.037940335558200644,-0.008757365855661448,0.023391896484421193,-0.007199943493735206,-0.011232880074878604,0.01699491920485985,0.011067646349350313,-0.015899952659925054,-0.12158430048451557,-0.0001551787862181797,-0.0022078012211135256,0.009074539793664904,-0.047786732277751376,-0.016065451728952018,0.0009150503040467051,-0.0003303739942103201,0.0005812545281218551,-0.002762439922223303,0.024783303171548754,-0.0005725308302220733,-0.040934957774640957,0.001397698076567977,2.155947911808287e-05,0.0,0.00047260692151673833,-0.0054875191687690505,0.014455839834864648,0.0,0.0,0.0,-0.0018652172766737696,1.1102230246251565e-16,0.00015209971793644916,0.0,0.00035086135126577433,0.0,0.002127274320221806,0.0006502015555722718,0.0,0.00024951487888547064,-0.00517036370373225,-0.0008645072334856341,-0.01532421672251244,0.0,-0.0009494168033450934,0.08987270748911458,0.003934603944450665,0.0032096673492210126,0.00233348511815884,-0.0031116933201724706,0.017044432466069404,-0.027096456065214714,-0.00029771324315924774,0.001932928582054294,0.0,0.00014917265657543588
-0.00038041309104946963,0.0,0.0025453163491369613,-0.00018539186711391542,-0.03865258877759964,-0.0017052299754325984,-0.026357141779811355,-0.008528546343329335,-0.020889841461598224,0.0022473863296504915,-9.615276522895178e-05,-0.0018713248296908236,-0.011502214247722742,-0.0007488891948843612,0.014281342185241741,0.0253540299302652,0.0028838949287547377,0.02928252181873664,0.0013328901012369387,0.025715656772824225,-0.0013479639575865177,0.02655585984775327,0.007749602651748011,0.0027512557246000546,0.0158094036883501,0.0355340178109777,-0.007071323076343894,0.0008601608416428097,0.00870873281907042,-0.0005386396823039985,0.008886347585074117,0.005608797874276872,-0.00246736157496924,0.009641332535814506,0.011735688465850824,-0.001872295332349172,-0.0002790300121610634,0.0,0.004927909803558894,0.014600523710538105,1.7505113719451515e-05,-0.0028788248696874352,0.00022334545867969124,0.0,2.220446049250313e-16,-0.005389487792472225,0.003420123165053135,3.85188673493464e-05,0.0,0.0,-0.0032000737911850874,0.0012102285951530733,0.023076693916585345,0.00047232896448412554,0.001753346109870213,0.0,0.00014907629414179224,0.0036132838621254493,0.0,0.025225885986439267,-0.011226777657278697,0.003196055470476078,-0.006986949960089139,0.0,0.018595902635449413,0.00863535678117272,0.015885592413260097,0.024632108622201887,-0.0010530899900262347,-0.008160713158223643,0.013853494258125543,0.006864416600363299,0.0003785097353681266,-0.013389196175085882,-1.1102230246251565e-16,-0.0035970065885552183
-0.0011013747212341163,0.0025453163491369613,0.0,-0.0017355198697566188,-0.010801920349353511,-0.008681337595938587,-0.0004622995140941555,-0.005843604232202093,-0.02583065331038198,-0.009581631420013947,0.0011854039393312532,-0.0009587966346728538,-0.0044223892653362795,-0.014977659029170753,-0.0001414642499605323,-0.0005884783981560116,-0.0010273382575501366,-0.0010000652437279767,-0.005792871744216388,-0.000686181195253488,-0.004767784973192912,0.0034591462359997993,0.008734694507925134,-0.001144979989580408,-0.0001079059389934578,-0.001039182835958996,0.011088164407788759,-0.006623630185798979,-0.0004306289369752081,0.001760278840635121,-0.006220683990885212,0.03131021557389152,0.0006067740664518206,-0.012263780734113328,-0.0100471883642958,-0.00404606126937912,0.0027638202054351413,-0.00202634733455459,0.043373390842545545,-4.415475334251795e-07,-0.0006705281129184559,-0.0006748509196244923,0.07431670435299703,0.002979439621246971,0.0,0.0,-0.0002951732737169199,0.07482509753421845,4.842316637332367e-06,0.04149251518010566,0.02744935994957498,0.035420780140409835,0.04344961670335756,0.06486180170894407,8.043327450141247e-05,0.02573703612989464,-0.0012976344051633948,0.043774793150351266,0.005219315751762599,-0.00038104645928310754,0.0,0.0,0.0,0.06844465693202223,-0.00035176320304453057,-0.0008898589653466016,-0.0005218003924733483,0.02773310843992538,0.0,0.00012437044840862832,-0.0009958451436609672,0.04293474841056455,-0.004167569019353556,0.0015157629726764155,0.0002891104342123141,-0.005361967848623972
0.0,-0.00018539186711391542,-0.0017355198697566188,0.0,-0.01925997157387488,0.012734529194912192,0.02122202883116764,0.056691093208913024,0.0052770040519976025,-0.05953555940394342,0.028674768370340997,-0.0066063966390424445,-0.01706789536100789,0.021031680202910796,0.0006130348451414136,0.00028438488137327855,-0.0003796848233212913,2.205040410585557e-05,0.0015032014202400745,0.013283192943339128,0.0006977686882399525,0.023997289933293198,0.030034260093058374,-0.0028027512246335817,0.0004922981070729082,0.002333779915272949,0.0186061642033018,0.0014043691786816415,-0.0014414752389601548,-0.000903730510130818,-0.0029561973706925815,0.02504153106048651,-0.016470015988227504,-0.0571982076469619,0.04599989834437318,0.004353255961315444,0.010862155628625081,-0.006970447640423982,-0.0026529786036781355,-0.0007773926177861434,-0.00048386317960752434,-0.0020301078762626212,-0.0030603517929196355,-0.0014658585712690742,0.0,0.0,0.0,-0.0008934892151042928,0.0,0.0,0.0005362750766302327,2.220446049250313e-16,-5.046528602131728e-05,-0.0001416777179735207,5.551115123125783e-17,-0.0010673912845521327,-0.0012224936223732552,-0.00038873946512180124,0.0,0.0,0.0,0.0,0.0,0.0,0.0,0.0,-4.449520399274487e-05,-0.0006366540514349261,0.0,0.0,0.0,0.0007300434523947463,0.0018109844370575723,-0.0001445003981126458,0.0,0.0
0.0003776583685373702,-0.03865258877759964,-0.010801920349353511,-0.01925997157387488,0.0,-0.022002513964900217,0.004564376362732325,0.012463642687481735,0.005842615307030619,0.016231679447278102,-0.00010186195544420462,0.029368998172116967,0.0025751524674297865,-0.008776561642023673,-0.0005988575086101622,-0.03436159120891541,0.000374171359400266,-0.002397526552934681,-0.0022561074038489615,-0.0016221771962524056,-0.00263575606715305,-0.026941375035546167,0.008743294990623984,-0.010585369738754069,-0.008737423117015142,-0.005258643105342187,0.007530982726417335,0.01701747507702417,-0.0379254095024516,0.0013635995659415645,-0.004424010964301506,-0.018052379737354796,-0.044053483975771635,-0.0015142982486466838,0.005185792598104699,0.0029095680876940755,-0.003936673732097273,0.0013195004975228297,0.04483833210771643,0.0007736860001767987,0.001701796110098519,0.00013245237194492443,0.13766378714712352,-0.18184466278205325,-0.0005821692737864037,1.1102230246251565e-16,-0.00024459473186805303,0.053250677648734146,0.0,0.004916594696052656,0.03092878569851143,0.04520976420766876,0.06599929336558769,0.042405075499851064,5.551115123125783e-17,0.0755969383583125,-0.0009532840417169619,0.0025240250911189865,-0.0002628530106629223,-0.0002553984799015252,-2.3516663653855296e-05,0.0,-5.551115123125783e-17,0.06247294301286632,-0.0004683467572141886,0.00018758747401292908,9.141634822962263e-05,0.04019742971202067,0.0,-1.4156547036903167e-05,0.0005521212142348131,0.034527523829930185,0.0021889791408494785,-0.002527803635519965,1.1102230246251565e-16,-0.0020713847379453254
-0.07803467167821365,-0.0017052299754325984,-0.008681337595938587,0.012734529194912192,-0.022002513964900217,0.0,-0.020316559979596416,0.012214976277141576,-0.008488811012730468,0.0006114453754599292,-0.020047414508241324,0.0033355135313977158,0.0023620413747374447,-0.009933389310217755,0.0021528524540369576,0.008657564555351993,0.0017153028516687652,0.001683970623860831,-0.02271706538693763,0.01786370044736013,-0.0022276051428661847,0.01275959117491099,0.011278326765771174,-0.0013464896678517801,-0.003673395281586167,0.0015206698275890829,0.014957092340334377,0.017035900599342846,0.004891580362866466,0.029204033151848774,0.0029285418356393422,0.011441327835176707,-0.012859337586402564,-0.006220864486095989,-0.0008213260200675698,0.033434868661081696,0.011289857426843408,-0.015212623391186841,0.06817505064499951,-0.0011745643381694815,0.046059170428982554,-0.0065788371212567864,0.05843796298095422,-0.0009538024409400658,-0.001789420481671633,0.001102213832734178,0.01947148069182314,0.03423869532285151,-0.000535320957748997,0.033964735950665625,0.03685579448087872,0.03304988142291043,0.054070992031700515,0.037379231458975815,0.00202820038317697,0.04182900340501006,-0.0010757666953338796,0.05534754312682599,0.09398131796493836,0.015383315493888328,0.002455655426976122,0.0,5.488304877399042e-06,0.038846584373527726,0.029796062235360354,0.04767494563334901,0.018822971404741817,0.03198848789116315,2.0239249839959506e-06,-0.00013716465450352988,0.022245696110486435,0.03711133613932216,0.05634950085220192,0.02920576227439664,-0.0009571858427007696,0.04851917529730587
-0.00028008490346081993,-0.026357141779811355,-0.0004622995140941555,0.02122202883116764,0.004564376362732325,-0.020316559979596416,0.0,0.0051227115148301805,-0.004534993634353279,0.028183972994203332,0.004115433943251534,0.014700132522770082,0.005073696635419178,0.06893217347013342,0.0004372085469359077,0.00604793033002371,0.03186166158884107,0.00844049486897197,-0.00013695680468034377,-0.0005512778091138482,0.002722048965391355,0.0001252527532503156,0.007948973315573593,0.05736965090136875,0.0017706286193555076,0.016420504087865773,0.007923416272201056,-0.009657540632160011,-0.011836911105352954,-0.00013008319012541847,0.004989213185431329,0.009613737902993857,-0.020093878374596585,-0.0026467242372630317,-0.002663276452451846,0.03543418923291469,0.020894622335830004,-0.043258039973344875,0.00580377556006767,-0.0008555445355974411,0.008984689539033641,-0.0012267220055344197,0.0014944416521084358,0.002442300322231916,-0.0009361148449229528,0.0,0.0025371291235428695,-0.0023425177819832443,0.0,-0.00011035747915133509,0.03000917103914269,0.0031973585005516947,0.04751910923325381,0.0026147328897748734,0.0004012303116168736,-0.001382573054277969,-5.337669532606837e-05,0.0009025513582475719,-0.0017749304045289183,-0.0012575665695102045,0.0011267432698268687,0.0,-1.3771945145013564e-05,-0.0016462429178457638,0.000985527877827408,1.738726359679088e-05,0.0014440830424401474,0.03292254856321086,-6.802498378644106e-05,0.0005803603167522375,0.0012860940471503546,0.03622053128386138,0.0024030241294399346,-0.00042475916796164137,0.001425529446596907,3.5818280363142385e-05
0.015577613126691814,-0.008528546343329335,-0.005843604232202093,0.056691093208913024,0.012463642687481735,0.012214976277141576,0.0051227115148301805,0.0,0.01555744289449762,-0.004237869561812657,0.012575756461377152,0.035182990820394944,0.006673460266741982,-0.03376840047602486,0.0567365283079071,-0.0012959941440597311,-4.974467146579009e-05,-0.010683609104925273,0.021329568005772348,0.0510787877669282,0.03326901502161694,0.039119713704396986,0.004803993934326234,0.005345221026137659,-0.009313715468450834,0.017388072182499548,0.027477311658219872,0.01781146503922787,-0.005581242120931362,0.014699312743692683,0.00862226671397337,0.029979412242197134,-0.010120866611614432,-0.004001666115517333,0.006365867441296413,0.042805491831455045,0.07866632442577198,0.002918881111592886,0.022812418543580626,-0.0011495464319582482,0.0342063350467432,-0.003928750853521956,0.055657286891423186,-0.0015012086109937317,0.0,0.0003388724622160888,0.0001426821150552482,0.04690310020833588,0.0,-0.0026596786047757837,0.04129402117314501,0.05700756534397072,0.07573440693542371,0.037385870256371856,0.0005261013284351135,0.07915302715201078,0.0001898585067066083,0.048472126662226,0.07105390528059136,0.03242386351166415,6.091337304370281e-05,0.0,-2.732794119331139e-05,0.04235677197401244,0.03907609622757208,0.03698076981136911,0.06662553005463329,0.03357231534201088,-5.551115123125783e-17,-0.0003479966565460013,-0.0015824252131438343,0.03513060972737042,0.04699546951429856,0.05908818908715785,-4.776837792719313e-05,0.07735280359906949
-0.00048127270010245304,-0.020889841461598224,-0.02583065331038198,0.0052770040519976025,0.005842615307030619,-0.008488811012730468,-0.004534993634353279,0.01555744289449762,0.0,-0.00916804699755075,-0.01545917126778873,-0.01395372513709231,-0.014224832302556,0.007403945570633175,-0.0018243181256326624,-0.008004298069350546,-0.0018892944505006781,0.0019490564600119775,-0.019381925975007153,0.005583985561649407,-0.0015098014901424595,-0.004209498809022161,0.013633009553286113,-0.0006485675671910607,-0.03237207215684679,0.0037039703112057287,-0.002453328095328444,-0.005317604065665504,-0.019186217576847853,-0.030039649827531545,-0.013600768951144704,0.02010878951308598,-0.011409616091523078,-0.017444153594909584,-0.009255500635908187,0.005414558800364344,0.0065588839232384455,-0.015831611626039854,0.05329647134703941,0.0004538379030075146,-0.00037007545075706805,-0.005727808362753051,0.06602407601957527,-0.0037339351596222814,-0.0018827399199049522,-5.551115123125783e-17,0.0009343134781850115,0.04062843027998608,-2.3262716176697396e-06,0.026163414956239528,0.02148514731907114,0.03245578229529278,0.04449392685193865,0.032286202476488945,-0.0021540875888758637,0.059254484083400394,-0.0013668883419069577,0.034198147722289685,0.0026413929651413204,0.0004717287089660016,0.0007846487466731666,0.0,0.0,0.03758583485924594,0.0005542992342849606,0.0005577693500493086,0.0007018104722206764,0.031682149046597385,-0.00010058051237138432,0.00015029658655335565,-0.0006059035111397604,0.020880207421405395,0.0010141849163316508,-0.00111444428811025,-0.000103983618536585,0.0036052364114416147
0.0387770145712954,0.0022473863296504915,-0.009581631420013947,-0.05953555940394342,0.016231679447278102,0.0006114453754599292,0.028183972994203332,-0.004237869561812657,-0.00916804699755075,0.0,0.0006257595778174085,0.02547903385458461,0.0095445856594501,-0.12127212421897876,-0.0005494098808201953,0.016184532333339885,0.020229193818266766,0.017443836982640903,-0.010898693487287225,-0.0036887839228220143,0.002612405010323171,0.0030546888866868627,0.005081772615976032,0.007040355284412825,0.024751425083872125,0.03759002944855655,0.006707003491114305,-0.01027474288273622,0.0015925818275096537,0.0007228492952185972,0.01789422311223704,-0.003314607371417422,0.0031098530584937056,0.011037057278937001,-0.0005656838369243467,-0.004988355639762576,-0.030986992104013428,-0.004843228165381852,-0.08246387603392935,0.0001929019613521321,0.007376248491194892,-0.005348214672306895,-0.01124812147837878,-0.002155227568021889,0.008760678794608623,0.00491321822646934,0.0005896251693061627,-0.0008499584038503816,-1.3208892506444414e-05,0.00041426034450420257,0.002324795525833312,0.0008927328255412537,2.909544445517387e-05,-0.001665000096956859,0.0007326068371537597,-0.00040651617184078725,0.02153195465947505,0.0038704379993416693,0.0,0.0007560837932773512,0.002310799091830684,-0.008870731082155636,-0.045889062558918836,4.341832185283945e-06,-7.054380150478545e-05,0.0008596335627005236,-0.0013621399102543008,-0.0011390393190851555,0.0590975448054078,-0.04308441718039113,0.013005442924022337,-0.00016586853653388633,0.005370364710723774,-0.0008712201229649219,-5.551115123125783e-17,0.08254143255908913
-0.0010727989702172258,-9.615276522895178e-05,0.0011854039393312532,0.028674768370340997,-0.00010186195544420462,-0.020047414508241324,0.004115433943251534,0.012575756461377152,-0.01545917126778873,0.0006257595778174085,0.0,-0.018179407354823707,-0.0008158809966983815,0.036740953858282965,0.0,9.39178352469261e-05,-0.000525129976743588,-0.0006034746529551827,0.011438221864262021,-4.8037207504902923e-05,-0.0001784693866055398,-7.163573184104655e-05,-0.0329858174622929,-0.028573277782173723,-0.00011683615869467756,0.0008107051366532114,0.014725726948112361,-0.0009197621264457334,0.00018480005561527513,0.00036663780003526325,-0.002288699642070402,0.028303650375928746,-0.05135664837458831,-0.0038320088098592886,0.009826794371042002,0.04752885562191245,0.008125407674578589,-0.03444514375483243,0.08931118060533455,0.0010769884863518486,-0.0010841202352728785,-0.0014684831452305702,0.10958756081139182,0.00015128507712330874,-0.0007123962924301397,0.0,1.1102230246251565e-16,0.03819011090478058,-4.5045412050415123e-07,-0.06108562170886095,0.044387391838181134,0.03727192825191489,0.0771701146247345,-0.0003003346922874628,-0.0010389861342057771,0.06328834175726489,-0.0021602988246321453,-0.003145254360225669,0.03501989973849018,5.551115123125783e-17,0.0,0.0,0.0,0.05470896599105718,-0.0005682158055768105,0.0,-6.909959512874098e-05,0.045358318461342195,5.551115123125783e-17,0.0,-6.57901996597432e-05,0.046326450854546675,-0.0002514507516674369,-0.0014133332797180431,0.0,2.2283288630631226e-05
0.043686503088562534,-0.0018713248296908236,-0.0009587966346728538,-0.0066063966390424445,0.029368998172116967,0.0033355135313977158,0.014700132522770082,0.035182990820394944,-0.01395372513709231,0.02547903385458461,-0.018179407354823707,0.0,0.0019949417075150744,0.0020444919845047926,-0.0003139384120030564,0.0013791658662831163,0.023698415450076005,0.014469730468958164,-0.002430511945680003,0.00404353738468749,0.03851989292931102,0.001486439491522551,0.04282386595960258,0.015313773022273214,0.02306606398297839,-0.007405679069387161,-0.001337168026885771,-0.02303602839095109,0.0025932024440117885,-0.0014578309193561956,0.013974263877410853,0.019550503960884424,0.013472241766316506,-0.021718046706206834,-0.05495230285706021,0.025166008358567804,-0.032770211553772355,0.008026916202124368,-0.016392788591366614,0.0009383266063816564,0.04529616352216703,-0.005684172318617675,-0.00014454221112031318,0.0007209875648613862,0.009673662959109597,0.0020489505783001793,0.001297978603982619,-0.0007804222455499166,-0.0006626457595377278,-5.0204634696071615e-05,5.675032903651456e-05,-0.0002823438696845648,-9.891825153857114e-05,-0.0003589183895283954,0.0003304678980621256,-0.0015466198863648972,0.024341538202928614,-0.0019404283856775395,0.00037231038979573805,0.00012564742717019461,0.001541680882852725,-0.019990323768433904,-0.05614859447924442,-0.00018531942579758098,0.0005280018446651713,0.0011873073500012765,7.990462128992792e-05,0.0011765925349734863,0.044470595778493716,-0.02764782553281986,0.01680255630020905,-0.0013093991645333203,0.004295954413338909,-0.0010885326680816765,0.0,-0.08107611457415648
-0.01484863407447612,-0.011502214247722742,-0.0044223892653362795,-0.01706789536100789,0.0025751524674297865,0.0023620413747374447,0.005073696635419178,0.006673460266741982,-0.014224832302556,0.0095445856594501,-0.0008158809966983815,0.0019949417075150744,0.0,0.0035764362764291735,0.01164364343634039,0.011346155694090365,0.010147981282501717,0.012438107860289982,-0.0033433239878921106,0.01622567123054064,0.025178738024704106,0.011151105186906651,0.009037748410460122,0.002881331528779618,0.0013710876486428547,0.01149652315616917,0.011169297370292042,-0.009732517093306026,0.012051064104408649,0.038953576902729325,0.008283802062051704,0.00858421398157777,-0.02496362725426282,-0.0025665104982979248,-0.0003250079380768822,-0.003423370843031903,-0.01843270762392868,-0.03752031195649336,0.031515059842958326,0.0006728718169420334,-0.0031812542320359127,-0.008144900716573589,0.09382008196204966,-0.005506432258808369,-0.0030005378592403154,0.0005785365149176269,0.0034998449089034267,0.026776738747225526,0.0,-0.0005816409979572112,0.03933237771225412,0.04313697913047421,0.04310906871302156,0.0469241239984326,0.0011310633741485332,0.05239647562841315,-0.0006632627009118264,0.002679579518283237,-0.000988739662865612,-0.00048037842368109374,0.0009457248663994333,-0.0003490632076973976,0.0018714997639039943,0.024262079738214593,0.0563240885986096,0.0016599914510109781,0.0013993337675491935,0.04029569680641221,0.0006627659532504881,0.0014406690062811478,0.003572578083187339,0.038513859675798456,0.0007488235240716845,-0.0014236964461942225,0.0011824381360403535,0.00318125042061157
-0.0035284005244976546,-0.0007488891948843612,-0.014977659029170753,0.021031680202910796,-0.008776561642023673,-0.009933389310217755,0.06893217347013342,-0.03376840047602486,0.007403945570633175,-0.12127212421897876,0.036740953858282965,0.0020444919845047926,0.0035764362764291735,0.0,0.0004508441409727393,-0.0005354610996152198,6.052795538041833e-05,8.47082222306117e-05,0.012764026130808181,-0.00031927304041240445,-0.012002975554123385,-0.000532584056512464,-0.010494131038818133,0.0006659100280226316,-2.3122654468077375e-05,-0.0033416260559925304,-0.001384507151865999,-0.0015760319944223555,0.0012164501637732528,-0.0004264178058471235,0.017107698350334766,0.005996159440239124,-0.001035644910764244,-0.001541252028101625,-0.000833262333897411,0.026024528574664252,0.02411393269323525,-0.0315457645395113,0.10384119476532383,0.0,0.0007140992407702051,0.0008573867144440195,0.0033080023341158227,1.2966316255691446e-06,0.0,0.0,0.0,-0.0018344963537833547,0.0,-0.003948851024603961,-0.0010345501387733491,-0.0012250093362831116,-0.0018281903477080363,0.05724351466377037,0.0,0.001214143006075863,-0.00011272703077780388,0.0017781138924640172,-0.0024781808810632744,1.1102230246251565e-16,0.0,0.0,0.0,-0.002528720015845254,0.0,-1.1102230246251565e-16,0.0,0.021120871132350394,0.0,0.0,5.551115123125783e-17,0.06353943549763241,4.9271788214344525e-05,1.1102230246251565e-16,0.0,5.551115123125783e-17
0.035663055545331834,0.014281342185241741,-0.0001414642499605323,0.0006130348451414136,-0.0005988575086101622,0.0021528524540369576,0.0004372085469359077,0.0567365283079071,-0.0018243181256326624,-0.0005494098808201953,0.0,-0.0003139384120030564,0.01164364343634039,0.0004508441409727393,0.0,0.014712803764795446,0.00023596749047538612,0.013763931416707786,-1.1102230246251565e-16,0.04179141911644202,0.04104532458571064,0.04889350025568101,0.06580502386307868,0.05406568998180522,0.013535143292896346,0.05445488886769567,0.04679552611749849,0.027701085507324585,0.02497377093737152,-0.000787468243687306,0.001997365632869119,0.0007704393374334817,-0.012547712244244058,-0.0016896686863728805,-0.006455033823365652,0.012249961995870917,0.02044563615086703,0.00011598856748840092,0.0314870483357354,0.05239584185533963,0.023789362993899665,0.019484139866639327,0.0012207541991292592,0.0005528058051171847,0.0,0.0531149823665501,0.0030376598891460604,0.0005097677444790283,0.0,0.0,0.03180764450827295,0.0015284321498091336,0.03309469714346902,0.0003749249685227052,-5.551115123125783e-17,0.0,0.00026509108496830525,0.0026702947798938337,7.384095069173924e-06,0.06554739170134771,0.003402410949425061,5.5007202720835924e-05,0.0036087805116172267,0.0,0.06785477602581247,0.030888273245807896,0.04656904965131181,0.05233726656602816,-1.3064731837486576e-06,0.005094532239302119,0.02202842859051457,0.04302730319308756,0.0009778322393380057,0.0423391651155704,0.00018717400462386902,-0.0008787043437384345
0.0070417040412258936,0.0253540299302652,-0.0005884783981560116,0.00028438488137327855,-0.03436159120891541,0.008657564555351993,0.00604793033002371,-0.0012959941440597311,-0.008004298069350546,0.016184532333339885,9.39178352469261e-05,0.0013791658662831163,0.011346155694090365,-0.0005354610996152198,0.014712803764795446,0.0,0.022527391098466354,0.004658779436232163,-0.0001672216166558882,0.03740284206125111,0.011234175215363518,0.017172860537420342,0.025339180992604793,-0.0018740728673599105,0.022842103704476202,0.03092198445424016,0.0024696925221054933,0.030113708114359206,0.019900302707776818,0.04304034995835054,-0.003512487629836636,0.014480840687230934,0.02457627227025777,0.004129363348726489,0.01905068093479323,7.714073020392842e-05,-0.0005498170523884349,0.0016130151998499098,0.009931789034305305,0.01720114562456332,-0.011534453512340448,-0.0008897365813478886,-9.628296575414641e-06,0.0,0.0,-0.008204040149263625,0.007343140710102447,0.0,0.0,0.0,0.0013196125328822084,0.0005850450474339519,0.0009005959285630083,0.0,-0.0024095015259228414,0.0,-0.00284659859694697,0.0018307618449295848,0.0,0.017166028633031905,-0.012246531381176984,7.859704522267252e-05,-0.0293138013956184,0.0,0.0029891729549159085,0.01100041721713163,0.013211298150275885,0.0016324697898013052,-0.00023372915069408418,-0.01808947799721644,0.018187153630071118,-0.02934967489189727,0.004271390295833011,0.006502549894513376,-1.1102230246251565e-16,0.0004286072424052878
-0.03381029763643362,0.0028838949287547377,-0.0010273382575501366,-0.0003796848233212913,0.000374171359400266,0.0017153028516687652,0.03186166158884107,-4.974467146579009e-05,-0.0018892944505006781,0.020229193818266766,-0.000525129976743588,0.023698415450076005,0.010147981282501717,6.052795538041833e-05,0.00023596749047538612,0.022527391098466354,0.0,0.012454701390606226,-0.0010749252382663,0.027337549316057252,-0.002070061998593331,-0.020130739275613763,-0.00018980739641322186,0.04016531285734454,0.00939481838542533,0.027648778987724165,0.0003891691993131996,0.011536042088513776,-0.0016307732277586195,-0.00011450347464869726,0.03428145912536634,0.03897761671367972,0.03501886845229041,0.024417258179932178,0.027335717372712953,0.005375811682296783,-0.000320938375677815,0.015115563145146838,0.0029345410668260574,0.020713161464770702,0.007151737956661741,0.0009622364472315903,-5.551115123125783e-17,0.0,-9.777872433058832e-06,0.001243163994614216,0.0006647183944705204,0.0,0.0,0.0,0.0,0.0,0.0,0.0,0.019737671783017385,0.0,0.031691265888981635,-0.0006112301470300729,0.0,0.00035563517158043734,0.002050627176036768,-0.0007624667682397113,-0.019658504354350625,0.0,1.1102230246251565e-16,0.0,-0.00010426587872031101,0.0,0.06841286342656511,-0.01176564229686089,0.02754800608478647,0.0,-0.0019834246938253974,-5.802558805972913e-05,0.0,0.006353739772533451
-0.0018078746808334878,0.02928252181873664,-0.0010000652437279767,2.205040410585557e-05,-0.002397526552934681,0.001683970623860831,0.00844049486897197,-0.010683609104925273,0.0019490564600119775,0.017443836982640903,-0.0006034746529551827,0.014469730468958164,0.012438107860289982,8.47082222306117e-05,0.013763931416707786,0.004658779436232163,0.012454701390606226,0.0,-0.0010690129159828254,0.033005697324436756,-0.010996358642963,0.012935321904665953,-0.00399492213259911,0.026451766562986923,0.005621479762145554,0.030982071274374634,-0.002339406702521696,0.024412029690923376,-0.00258041422830807,0.03654121966259838,0.024738108961844918,0.023047857471875433,0.021993818611843463,0.008801756864183219,0.016827764601360096,-0.0022124636194870706,-0.00048131888759656016,-0.0007115057480630016,0.00516074332709654,-0.0066588503516257225,-0.010059868211430623,-0.0245691005880444,0.0,0.0,-0.06895354830212297,0.0013902595281307661,0.009952720204202792,0.0,0.0,0.0,-0.0006983045175696923,-5.8788097263506867e-05,-0.0003538501129565774,0.0,0.009751603362944172,0.0,0.02109896900904007,-0.00044849272958052966,0.0,0.021863338340053384,-0.01449833454017696,0.008719228213092678,-0.015153813245172398,0.0,0.0013800489306939334,0.0031611043884378076,0.005249706336094173,0.0022051217097256437,0.03316852705496287,-0.016789342772353666,0.011334815436302326,0.0006114545175215369,0.0018448704168750885,-0.0006275611845748541,0.0,-0.00897728642257345
0.0,0.0013328901012369387,-0.005792871744216388,0.0015032014202400745,-0.0022561074038489615,-0.02271706538693763,-0.00013695680468034377,0.021329568005772348,-0.019381925975007153,-0.010898693487287225,0.011438221864262021,-0.002430511945680003,-0.0033433239878921106,0.012764026130808181,-1.1102230246251565e-16,-0.0001672216166558882,-0.0010749252382663,-0.0010690129159828254,0.0,0.00044192476412485693,-0.0004122043213929949,0.0011080487495207514,0.01661994676494072,-0.0002508064460085002,-0.0009429685455464853,-0.0007560025783265312,0.025376416222680664,-0.0038556557237353073,0.0006768469170674862,0.0011484029485214209,-0.002126876643643083,0.024055223368381118,0.0007868429378832809,-0.010911494472232108,0.003803287533480304,0.0020591924960876584,-0.01785198851872649,-0.003983789221066791,0.05118768787617284,1.1536273845647038e-06,0.001398221125029353,-0.003235343467283436,0.10352181439264019,-0.0019733034427655838,-0.0001605747505338817,0.0,0.0,0.04380825603771088,-5.551115123125783e-17,-0.02182972969381225,0.06281089982052157,0.03905223973916738,0.04802939041730714,0.033987939636237585,-4.891606511153723e-05,0.11102362965635981,-0.00015949181097785203,-0.003979050630000591,-0.005191631269484409,2.220446049250313e-16,0.0,0.0,0.0,0.06103304726451497,-4.994878849223783e-05,0.0,9.351491000275658e-05,0.03081341266170734,0.0,0.0,-5.551115123125783e-17,0.025467576562718808,-0.0006055559967473867,-0.001407728390394658,-0.0001722013581116899,0.0010880690133655557
-0.03156657445057082,0.025715656772824225,-0.000686181195253488,0.013283192943339128,-0.0016221771962524056,0.01786370044736013,-0.0005512778091138482,0.0510787877669282,0.005583985561649407,-0.0036887839228220143,-4.8037207504902923e-05,0.00404353738468749,0.01622567123054064,-0.00031927304041240445,0.04179141911644202,0.03740284206125111,0.027337549316057252,0.033005697324436756,0.00044192476412485693,0.0,0.036081274504923766,0.04634511155715765,0.11024085197331734,0.005245878078094901,0.02369149601225895,0.026674811646411556,0.05511996345929293,0.04712205096948685,0.020233392121653093,0.04569425370041552,0.026317107574284848,0.010958062451986106,-0.012555432625596885,0.02915401833000253,0.011960988246607684,0.02792133297497368,0.021532325952248133,0.004669303348386555,0.04097367121220424,0.07656241309979966,0.027653815029712814,0.016660188768700235,0.0028206336980685642,-0.0018564259704462183,-0.0005123735670866103,-0.0019435269836116098,0.002863126034452046,-0.0011197913888731925,0.0,0.0,0.036498359221536436,0.0027209563479551613,0.024115867124731794,-0.0012413520759295693,0.0006242738592465158,1.1102230246251565e-16,-0.0001422003145091777,0.04855392294640948,-1.1102230246251565e-16,0.0504299911027804,0.006764914397503485,1.5316541890575408e-05,0.003113288559411398,0.0,0.05227434472523962,0.059923250182293886,0.044117656675696504,0.042089826327755875,0.0,0.003012909640467132,0.03914837725965825,0.03859772928097632,0.034336384484772,0.03980876951250406,-0.00037032751391380403,0.029273180208592264
0.037940335558200644,-0.0013479639575865177,-0.004767784973192912,0.0006977686882399525,-0.00263575606715305,-0.0022276051428661847,0.002722048965391355,0.03326901502161694,-0.0015098014901424595,0.002612405010323171,-0.0001784693866055398,0.03851989292931102,0.025178738024704106,-0.012002975554123385,0.04104532458571064,0.011234175215363518,-0.002070061998593331,-0.010996358642963,-0.0004122043213929949,0.036081274504923766,0.0,0.022284441662607957,0.023995715586789867,0.010867110693815796,-0.018592350942760516,0.028063470924199696,0.04377692827516155,0.028928311149195474,0.019884824492843012,0.007105703509614425,-0.014718355833184149,0.0012717862416979364,-0.024273974927145947,-0.014779210839664714,-0.012797528532407398,-0.0004917346678737222,0.008198229232723675,-0.0014367161980566867,0.030599067871460606,0.0002888820281178872,-0.0012980266370127835,-0.0033050685554419923,0.0019310256632256717,0.0,0.0,0.066390600216439,0.011359086645829242,0.0014309145593260908,0.0,0.0,0.029462579521367604,-0.0005172550984546276,0.04127069881843787,-0.0013000826348948946,-0.0003925715824811271,0.0,0.0011209001429463572,7.072868144480937e-05,5.551115123125783e-17,0.031061823582986592,-0.02734960460057878,0.0,0.0006196691560211853,0.0,0.04823588903069048,0.03193917810417274,0.04358849855972241,0.03723920254170182,0.001295899041092563,-0.006120933287130204,0.009531790654204342,0.0264228985138919,0.054126927763097465,0.06107369040752464,0.016868572079596966,-0.0002928405974370052
-0.008757365855661448,0.02655585984775327,0.0034591462359997993,0.023997289933293198,-0.026941375035546167,0.01275959117491099,0.0001252527532503156,0.039119713704396986,-0.004209498809022161,0.0030546888866868627,-7.163573184104655e-05,0.001486439491522551,0.011151105186906651,-0.000532584056512464,0.04889350025568101,0.017172860537420342,-0.020130739275613763,0.012935321904665953,0.0011080487495207514,0.04634511155715765,0.022284441662607957,0.0,0.05597043235095034,0.005952319484872792,0.01694751880967904,0.015482084743103808,0.024564277092431364,0.041652340692915846,0.018223873317218697,0.04792891881893274,0.020416006381978213,0.0002748261340757008,0.010493891504786967,0.018063408519615576,0.004194047270187629,0.01859432904068481,0.024882239773633907,0.0038796489318221883,0.015058168166188879,0.02508466607412818,0.0076865114146499325,-0.0026971341507863733,0.0016915829248047576,-0.00010564365022713851,-0.000362114541174019,0.053707775079347875,-0.004375717882419972,0.0007853065905165657,-4.060423349161457e-06,-0.00014503258082909642,0.009335190707228602,0.0018217456732949056,0.05348438192183469,0.0017426256533670803,-0.0009849022973652533,0.0,0.00038463406515804044,0.0022499673770797757,0.0,0.02325962138465887,-0.0029385305042822774,-0.0005809403355118703,0.004791198942524277,0.0,0.03267549491870647,0.022311089697179265,0.026407598880536398,0.03360809680178911,0.0013037104234977503,0.0037670391429538985,0.007853697766074808,0.01965566157927845,0.005627669868076002,0.021326556377079697,0.0007565928947314005,0.0012382607052148775
0.023391896484421193,0.007749602651748011,0.008734694507925134,0.030034260093058374,0.008743294990623984,0.011278326765771174,0.007948973315573593,0.004803993934326234,0.013633009553286113,0.005081772615976032,-0.0329858174622929,0.04282386595960258,0.009037748410460122,-0.010494131038818133,0.06580502386307868,0.025339180992604793,-0.00018980739641322186,-0.00399492213259911,0.01661994676494072,0.11024085197331734,0.023995715586789867,0.05597043235095034,0.0,0.006668027991910075,0.0020729724997932686,0.03179666891722871,0.03229955708470483,0.015116335495272082,0.012331483748143135,0.015719078972925737,0.01595927987135659,0.016180625704757035,-0.015645900620012365,0.005778661564977361,0.005329291361418964,0.03961620180851755,0.018069633166917343,-0.004246463947469692,0.04218841885292779,0.05400514309832505,0.03559056179123521,0.03490829134521367,0.06143565887297203,0.0022570686092326375,-0.0004647652502604016,0.05434191309109715,0.01816837358593565,0.05940782861565774,0.0003611159254895968,0.03247095624999685,0.03396634659362108,0.04575243735657586,0.012392080469499078,0.03621040535014475,0.0017268216965993788,0.08300502337302973,-0.002445371220664072,0.03440615221189369,0.035683938604032794,0.04957859250805552,0.00514719834189481,-3.725918206026746e-05,0.0005360721770350518,0.059645875379179314,0.05606208548057856,0.044962217349513,0.04833517007773358,-0.002698746483281722,0.0656677241707167,0.007056217928357311,0.04489090662922357,0.03427335133593179,0.042392872820922856,0.046306250513563296,0.03371165912923668,0.041152837046020685
-0.007199943493735206,0.0027512557246000546,-0.001144979989580408,-0.0028027512246335817,-0.010585369738754069,-0.0013464896678517801,0.05736965090136875,0.005345221026137659,-0.0006485675671910607,0.007040355284412825,-0.028573277782173723,0.015313773022273214,0.002881331528779618,0.0006659100280226316,0.05406568998180522,-0.0018740728673599105,0.04016531285734454,0.026451766562986923,-0.0002508064460085002,0.005245878078094901,0.010867110693815796,0.005952319484872792,0.006668027991910075,0.0,0.016979677114432323,0.0162700490156929,0.02260698451625759,-0.016235280619725123,0.0015004255803530708,0.0005518700163098522,0.013366461612703107,-0.002338119088961088,0.007106075056566408,-0.00404976085328973,-0.030303715425640143,0.01435885322605479,0.0007443516772893677,0.014311922974365343,0.08028893487591582,0.019006546096916765,-0.008295631225109956,0.009317997920496868,0.0012512519352421148,-0.00039724180228756234,0.03502576194592116,0.01349243947547718,-0.0011568146600317575,0.0,-5.551115123125783e-17,0.00014716694317296053,0.00032486028988831794,-1.5780888676542038e-05,-1.6653345369377348e-16,-0.0006436130103697479,0.0044982988659273415,-0.0001071247861568203,0.026305126891704333,-0.0004940937368205223,0.0,0.0002838392166432113,0.003274094643680059,-0.016767290644393806,-0.007784259426960594,-1.7934143525244473e-05,0.0004440575855879647,0.0008697781412104755,-0.0013972504320494128,0.0007979630265834703,0.049698889045938,-0.012261094664287597,0.023345917964156693,0.0010131322773914708,0.003882357406467085,-0.0006317380034642217,0.0,0.0015356021764518224
-0.011232880074878604,0.0158094036883501,-0.0001079059389934578,0.0004922981070729082,-0.008737423117015142,-0.003673395281586167,0.0017706286193555076,-0.009313715468450834,-0.03237207215684679,0.024751425083872125,-0.00011683615869467756,0.02306606398297839,0.0013710876486428547,-2.3122654468077375e-05,0.013535143292896346,0.022842103704476202,0.00939481838542533,0.005621479762145554,-0.0009429685455464853,0.02369149601225895,-0.018592350942760516,0.01694751880967904,0.0020729724997932686,0.016979677114432323,0.0,0.02576313278508241,-0.02250073966118188,0.011256693341372415,-0.0224528856992533,-0.00031791791958407645,0.012390512308664947,0.021978408614722778,0.006961965677043436,0.007190258234158531,0.006777788709983967,0.015312201428240857,0.00030245664737604816,0.012390616223895479,0.005011267320200408,-0.011640885560511738,-0.01749504184443318,-0.01785843138170007,-0.0010990464455667426,-5.551115123125783e-17,0.0036294687867748365,-0.005562588641905397,0.004743387125931586,5.551115123125783e-17,0.0,2.220446049250313e-16,0.0032664372743239634,0.0008177712230185152,0.033277083052904055,0.0003408613021977924,-1.308219784057485e-06,-0.00010604387684615135,0.02051917149538851,0.0016236364903706169,0.0,-0.02182036239262619,-0.016496400745155904,-0.0077677289959953155,-0.018159134572068525,0.0,-0.013488039937857965,-0.005149826796749135,-0.0032105641074796076,0.005294928206341698,0.031596155732397824,-0.017037512865179016,0.006426541908531147,-0.01704614517598163,0.0011238374760235703,-0.021427032547112757,0.0,-0.011768746595693214
0.01699491920485985,0.0355340178109777,-0.001039182835958996,0.002333779915272949,-0.005258643105342187,0.0015206698275890829,0.016420504087865773,0.017388072182499548,0.0037039703112057287,0.03759002944855655,0.0008107051366532114,-0.007405679069387161,0.01149652315616917,-0.0033416260559925304,0.05445488886769567,0.03092198445424016,0.027648778987724165,0.030982071274374634,-0.0007560025783265312,0.026674811646411556,0.028063470924199696,0.015482084743103808,0.03179666891722871,0.0162700490156929,0.02576313278508241,0.0,0.006857053940386271,0.0033579024742368957,-0.011935015963315754,0.00010148382480174023,0.01891495137403354,0.024871535393164113,0.0014347456603008846,0.0065783098600047385,0.008216007774977163,-0.029478647623498666,0.0010320577359563265,0.011731100691199425,0.009497875639769393,-0.014364280141427432,-0.007314264982402452,-0.015667275905376365,-0.0031333689921088648,5.849164941773566e-05,-0.0612314035474949,0.006379248333087839,0.008968216794020267,0.00232063994995263,0.0,-3.4819025517718316e-05,0.0028802593822684908,0.00066353814919623,1.4370313909106702e-05,-0.0004985151716404013,0.013484015976251706,0.0,0.028111000841065048,0.002607387508373471,0.0,0.008210200658348876,-0.008716575429952966,0.005314295537595604,-0.007400215402907695,0.0,0.01695805818525875,-0.00783975210865967,0.0026689912564455964,0.024325846065785472,0.03334848040622623,-0.008237553279110743,0.013034453920994393,-0.005597142500658625,0.003090206387819927,0.0018557314589058849,-0.00021747423475720895,-0.0013346992738484942
