0.0,0.30154186450899645,0.3624387207850171,0.0,0.29825263628061427,0.22183273497528955,0.45277972655705867,0.22819986217736526,0.3599903292320546,0.44675455799640196,0.33430567049644017,0.43958595223439445,0.25619824918450573,0.4346302157001358,0.1834864099533174,0.8317450494758467,0.39356446051366495,0.7710812620485412,0.0,0.24247734975458363,0.02866833929914997,0.48260574604981055,0.12355669947949705,0.2704022899983673,0.4895906134585689,0.43175265247776784,0.18597714750315086,0.2514998593889054,0.2635730286772418,0.48908061538020703,0.6040735966659756,0.7048162219693657,0.5404902862476564,0.5093536960131231,0.49190703488206056,0.5984051344401469,0.4533379649352993,0.5832855901108184,0.7490762445859198,0.7486608188232076,0.7531559746258689,0.45936635900372713,0.4994243610865461,0.0,0.4593601945361917,0.7172711918863828,0.6590030590165262,0.0,0.0,0.0,0.5129811644938097,0.0,0.6273254358605497,0.0,0.5727901036626115,0.0,0.5899172041623526,0.8243363800685188,0.0,0.5505347178189215,0.7977341697271687,0.35088879605831347,0.7544920492622906,0.0,0.474130402074764,0.4574846144634231,0.7663380500759889,0.6461322836580425,0.495038980991131,0.6906266591318029,0.719875024846205,0.5371715477571746,0.42557853019354147,0.5461457194065027,0.0,0.7132817609175489
0.30154186450899645,0.0,0.4919365152158044,0.2907141975973481,0.41092132581314655,0.3258959324304167,0.39984673753962485,0.4977391803018163,0.6188157721468469,0.43058278771701974,0.3053045980594994,0.461609421557885,0.4423958629148277,0.5253318340880098,0.14149477687126305,0.6758654232250215,0.679505108863975,0.6161038788389194,0.5106106289249082,0.2902556227656535,0.5428302047659653,0.5298296385711586,0.285341523959331,0.48504790783027557,0.33563683811323575,0.37581889265327695,0.24178533416228243,0.46175039004473506,0.39470652918909577,0.4970967310545591,0.3394252666649662,0.5041057225002719,-0.007412370463853013,0.29469178676310426,0.46382823722024613,0.5415314339517001,0.18879177371885442,0.0,0.4388345751201023,0.467362167661573,0.3554957621278406,0.5565906292662544,0.585165333560659,0.0,0.0,0.4718514099540083,0.27948585300754447,-0.05447237163757157,0.0,0.0,0.6108628707371473,0.5513885132325825,0.5557551957145705,0.5392857757043995,0.656542697103716,0.0,0.42794543977716804,0.5588777232064492,0.0,0.5483463659197279,0.3636220483262427,0.697411033105537,0.2862130378433787,0.0,0.4414922189335856,0.6206936364817901,0.62029518270925,0.657147352600271,0.3972336350918153,0.32574091790080867,0.34170670657673446,0.2752407120268902,0.50951885391499,0.48662868788738617,0.0,0.5632199313143772
0.3624387207850171,0.4919365152158044,0.0,0.5254469860627047,0.6712272993047401,0.5419085527259633,0.6396945793315278,0.5037714437514434,0.6958812459393268,0.5232199520958187,0.5500948698154717,0.625380710244444,0.5951900455837256,0.5180034624543807,0.41670636177836706,0.3253626628547007,0.5489741418187024,0.5899248072450376,0.45990098118601763,0.33132890217982947,0.43325025285264784,0.5206849011896503,0.4748547761013398,0.4187687340123223,0.5791108593785032,1.2157924422482873,0.6952811117009791,0.6623347411041602,0.7094383487995475,0.6005030986343359,0.6812539921609209,0.6678798512171369,0.5243198657871154,0.685338705290863,0.5325751490173039,0.5771964698431427,0.5727382174470074,0.5230999352715537,0.3198374610336743,0.4574712859745923,0.4376943002033417,0.4424165187658148,0.7480391787977771,0.6241187756104369,0.0,0.0,0.14720577106823993,0.08779337389762268,0.4570332872466812,-0.07709095869537319,0.6005427933106968,0.1479067651593296,0.7064599357786057,0.0722947943848734,0.293797845336758,0.5674614899595756,0.4776276291796673,0.19455270633721894,0.5606496173898381,0.3005109346206196,0.0,0.0,0.0,0.2992217346604428,0.6648354366746805,0.4159106542422788,0.1657304446103811,0.6381145074453818,0.0,0.6223636934663874,0.4228671149721241,0.5620805297070749,-0.042645494472136836,0.6392960431816144,0.61723388595287,0.0024948203857975693
0.0,0.2907141975973481,0.5254469860627047,0.0,0.26153347006429223,0.40361014583057964,-0.1398237601169691,0.5372609226997078,0.5901045691297521,0.42088680133944034,0.6989903873389898,0.3792091201274032,-0.11467304888746516,0.26130560854007046,0.618632419715547,0.06967192122798321,0.5130696507948992,0.4913709202890816,0.6226851417530486,0.5874918143103326,0.4428120281356203,0.5613415766942957,0.6330551182088036,0.18769937810819579,0.8380735791311582,0.5943254536579575,0.4344898534972213,0.22789574544803118,0.44842098264456065,0.3390670434276694,0.5504299476978579,0.3088116114829963,0.20588098283143436,0.3500633575641773,0.3349149747705702,0.23418411539558015,0.30262167037445165,0.2539902909286706,0.14791773925123486,0.2702277030631537,0.3580976084740587,-0.028172646562755116,0.18100614413594773,0.22003370370471037,0.0,0.0,0.0,0.45681417492032017,0.0,0.0,0.5717979055711904,0.0,0.4883615750145425,0.11254601515141269,0.0,0.17904493001545135,0.46930934245189115,0.509496494329532,0.0,0.0,0.0,0.0,0.0,0.0,0.0,0.0,0.4450059232317488,0.5723027990025488,0.0,0.0,0.0,0.42272029310266984,0.43014942615556806,0.6265347814878259,0.0,0.0
0.29825263628061427,0.41092132581314655,0.6712272993047401,0.26153347006429223,0.0,0.49499899342244663,0.2753979059013122,0.3013547975956003,0.4511726137022527,0.47196286780254837,0.3777988849013667,0.3468196180019092,0.26139866665494016,0.32540895146827126,0.47315490158649687,0.5797027239073018,0.5372675613615167,0.40608497298318474,0.606019213744417,0.49819420256483954,0.46112398361035056,0.5446800411172334,0.4329177999891514,0.5694390066406443,0.6423652853489954,0.4144068696347383,0.5720785055172082,0.2074372155913442,0.2996374312145166,0.4658693550553589,0.5366713814854029,0.5538506542893485,0.21582815723286125,0.4640763602186745,0.2694055919077652,0.2582824149621415,0.09156710056491796,0.38985467529874696,0.5616441691696206,0.680679398416208,0.39919104218830237,0.3739908989472237,0.6270599003247557,0.6503055388308446,0.24542590807325565,0.0,0.41049667567355297,0.5944076495593154,0.0,0.5300330069390083,0.6432412675000854,0.5499693218699129,0.4958490046324938,0.6198701996574896,0.0,0.49914368274983095,0.31832484532909244,0.5837254624879697,0.5826974890895885,0.205589415007352,0.5144076080204916,0.0,0.0,0.5913261185224612,0.18289732634408007,0.43479654253311956,0.38845735388009545,0.48500274712492936,0.0,0.45488479871054804,0.41354178479710324,0.5620130003431957,0.5317697782167674,0.47478834189599095,0.0,0.42834915950502295
0.22183273497528955,0.3258959324304167,0.5419085527259633,0.40361014583057964,0.49499899342244663,0.0,0.3580504070539636,0.5486088110672065,0.4347324817048187,0.591903072916122,0.5702867214385051,0.6817132242180808,0.3739951743037715,0.3597529099058314,0.49302002078597307,0.5861140854785469,0.7242041538568755,0.5350208564353871,0.723934133880069,0.3310429184850391,0.5014024452841334,0.41393710129657535,0.38201662200955766,0.2982539856983417,0.41890683236189696,0.540090154999858,0.30537145060224224,0.5712790635858266,0.27885671557790503,0.5561445376206277,0.6176906478923544,0.5336575210428512,0.5137432629727903,0.5905730536436276,0.5386504523018386,0.5170100443583947,0.4498857694820618,0.13478436171749109,0.402961394606578,0.3630153074671743,0.40586882958963055,0.4430954368603306,0.5428482273507065,0.4643573149039343,0.2337797448939724,0.5167046947332183,0.4949289033937985,0.4450147414398468,0.6171610382774176,0.4806210004060152,0.5114283960537815,0.35581690054765025,0.5911525569115493,0.5536083691906353,0.5408461544913652,0.4304916870705491,0.3805381409939881,0.4765398591253823,0.6000307297753347,0.29461929038692536,0.5612317136770286,0.0,0.577110220955967,0.35307506591031795,0.4333262565649278,0.22218659363668697,0.16678023689528512,0.550616260523708,0.5545185616285134,0.5027951402112858,0.5073139737535031,0.5654686171505778,0.5100738691231845,0.5241140214778718,0.33384400233297007,0.47465916098793237
0.45277972655705867,0.39984673753962485,0.6396945793315278,-0.1398237601169691,0.2753979059013122,0.3580504070539636,0.0,0.4829215272052151,0.5380229094664795,0.38423553241817376,0.5360633511421482,0.3991650502712596,0.2376036212816734,0.166143231918004,0.51998839806853,0.4725042439253251,0.20231005046133888,0.43592938642727014,0.6762679125800438,0.3024502537022665,0.4086966132376384,0.40335217895939973,0.5223705197123867,0.4346118209203059,0.4113626748959588,0.39692573660847175,0.38687221725538384,0.25084987911211504,0.21556617048257504,0.503294188148327,0.399675859107942,0.3808989052431335,0.4457692910303829,0.13538100276044318,0.09005394270031336,0.2272407937543306,0.1852013400842665,0.4683329601111801,0.5739129974593923,0.42233995425363835,0.4486945852655943,0.43701783776582703,0.5220301060829797,0.721234575314678,0.33397993298159656,0.0,0.473316592850811,0.4235270921023092,0.0,0.4795995388157613,0.2943079613483152,0.5899616435657837,0.538263488248809,0.6776869437556234,0.5545751250265103,0.4586431007748586,0.38690211228669275,0.49226365762834434,0.2698614503703658,0.33034982110182753,0.6083720376121802,0.0,0.48899669388533423,0.5410385776529112,0.5240441725191028,0.46435379032195523,0.4520301239881165,0.5786592998779081,0.4576345949969054,0.5288819992839097,0.5547187593716011,0.4927029605012586,0.5571859486533066,0.4293782441370656,0.7211908058318959,0.5007400202166519
0.22819986217736526,0.4977391803018163,0.5037714437514434,0.5372609226997078,0.3013547975956003,0.5486088110672065,0.4829215272052151,0.0,0.8822327140675762,0.5748952628688564,0.7290322353685443,0.703408840855872,0.44865016813664305,0.41886722275456195,0.6075275025265643,0.590014999659386,0.4746431472095245,0.44726787917487326,0.6903828694642984,0.49293147005150906,0.592321508725051,0.6649498422982145,0.4545440878678234,-0.041694137651997976,0.3547052256335858,0.36396823096203923,0.40479455486467286,0.5428814194518428,0.43567479688643695,0.6668821959922513,0.5669910810282184,0.5145052573783435,0.5356456598495745,0.5900158530964061,0.5414943192425978,0.6059466591117988,0.48373255939909554,0.6764751619877346,0.644273164325457,0.4594377188974541,0.3775755813534906,0.6159818059019831,0.7563649614307248,0.48223283409715734,0.0,0.5790503738038024,-0.3107646173428442,0.5715021228193258,0.0,0.5330916457007203,0.5540565410883378,0.6692074933147745,0.7140197118830938,0.6460634463665051,0.8039766196302471,0.6282912189501737,0.950817216962931,0.4130970877483697,0.7140754319847311,0.5245178485477393,0.44018501379955366,0.0,0.7722865892109321,0.6217581301569727,0.692197863133165,0.6778582630650107,0.49790508132680744,0.646219799335713,0.0,0.4527742535417216,0.4753150404780513,0.5992038891182544,0.521012687028082,0.608215025266942,0.4507634109923758,0.43888913179778033
0.3599903292320546,0.6188157721468469,0.6958812459393268,0.5901045691297521,0.4511726137022527,0.4347324817048187,0.5380229094664795,0.8822327140675762,0.0,0.5830800920376269,0.43775343052765936,0.6560827997959846,0.6639042847401262,0.42482533389659144,0.5323535174783718,0.8375382500792539,0.4653600400482424,0.6549363790708146,0.47825337281222274,0.533636532916625,0.3579867576385009,0.7461734343330146,0.6510583704817832,0.5968050472730815,0.5821492010929804,0.6833553058669353,0.6444744919262428,0.7103355754464165,0.48111737252278564,0.5672555921935539,0.7251932788270837,0.7279045445815938,0.46650765661088245,0.7367439173916985,0.6120207890779674,0.7073715108758742,0.6614290206513761,0.5625713604606482,0.3440089371092575,0.5327201536835399,0.20888221669777268,0.07476458065620559,0.7367746354689844,0.42540737306543913,0.2928029094888262,0.0,0.39878747844713847,0.549194863827785,0.44938375564074284,0.7490747852789263,0.8069960228566204,0.6827388546002311,0.7497244832359129,0.6260987353331775,0.2146181316123083,0.8673127182688236,0.43154867685457077,0.566310674076723,0.685844289473293,0.45337843311091,0.6661428079300301,0.0,0.0,0.5941043082719291,0.5651045066739788,0.5649435845854114,0.48511109826153653,0.6971436875529032,0.2940440687744271,0.5575109754589608,0.29049353907805076,0.6261670526090806,0.5367624086722125,0.5666067671215375,0.45715367367025705,0.6447443849862591
0.44675455799640196,0.43058278771701974,0.5232199520958187,0.42088680133944034,0.47196286780254837,0.591903072916122,0.38423553241817376,0.5748952628688564,0.5830800920376269,0.0,0.31932686899070406,0.6193833775708573,0.4028839075948221,0.6815016863965321,0.5689904695841577,0.590929637365051,0.979562709571772,0.7924701284763369,0.6547443075246276,0.42291039834968835,0.5893878371090604,0.5646084979965021,0.6250920669777408,0.5765199753581484,0.7761570305260921,0.6594037352706085,0.5345429587712975,0.6084877876210059,0.500711600186736,0.35954877590782364,0.7039224725649691,0.79344951963875,0.8311880646278506,0.8126969646720446,0.824910847982065,0.6150472458947112,0.23550490125460216,0.6145376734415064,0.38528703729127173,0.34297420944533297,0.3235260726645032,0.4861121342334934,0.2587035565382088,0.27847002311699015,0.4006552648853174,0.7044856113147875,0.5279423450005866,0.17375114780480966,0.4280653240897204,0.39172606116180386,0.5108400351456676,0.4810714396231453,0.554494492003688,0.3390088487987916,0.5087773659621961,0.2805536831710974,0.6429924371986637,0.6157431662576889,0.0,0.8547201105222639,0.6134078282865565,0.4480600960842095,0.2907953677864332,0.4791796316206055,0.48570147133526825,0.5484318215859013,0.39251001236479177,0.5311413753449606,0.43177331084373416,0.4162655217323752,0.5605121277247981,0.44842396930092787,0.5981761535510466,0.4638010108324442,0.0,0.562865312299466
0.33430567049644017,0.3053045980594994,0.5500948698154717,0.6989903873389898,0.3777988849013667,0.5702867214385051,0.5360633511421482,0.7290322353685443,0.43775343052765936,0.31932686899070406,0.0,0.5782509667548863,0.4789466485112621,0.45406485632586047,0.0,0.46934081223676904,0.5358856900785501,0.485170023654247,0.2650706111708484,0.5165835447294839,0.6061101030575093,0.3333388837040633,0.6024857914531231,0.5863112347280108,0.6612808981784671,0.728429581615347,0.5720531031547853,0.5525775894514109,0.5045526818743012,0.4753046317149012,0.5683406619654701,0.3696345621642957,0.18263442692366993,0.6094771559641861,0.46313402353887934,0.5116613338057411,0.5420641643481549,0.3649055355343055,0.26197228436094533,0.38980824781037704,0.43153662865709286,0.3587031019852858,0.600497022961919,0.5778036703399263,0.19450606538664297,0.0,0.0,0.47395531624237663,0.48366293413006645,0.4082422840533556,0.4416216089272078,0.172614335646032,0.6213587809545527,0.5473816683187316,0.4254063649220079,0.48912115834886594,0.3536862256740592,0.5479211129838224,0.3765190369145742,0.0,0.0,0.0,0.0,0.4743298638112152,0.3832635449678824,0.0,0.7375543570784191,0.5290566040109722,0.0,0.0,0.9328053871498857,0.6819492640540223,0.5217146528021339,0.38022917953981855,0.0,0.5355886638610099
0.43958595223439445,0.461609421557885,0.625380710244444,0.3792091201274032,0.3468196180019092,0.6817132242180808,0.3991650502712596,0.703408840855872,0.6560827997959846,0.6193833775708573,0.5782509667548863,0.0,0.31220704227298124,0.5690072011203018,0.30579109016878864,0.6270513634613066,0.9921648226216283,0.9889292943375525,0.5576955500335088,0.5154539200287237,0.5035278334697638,0.3464047511283917,0.4794084779649767,0.5653272979620583,0.8295550620779698,0.5173383315420426,0.5302233939201935,0.6462127754402134,0.49685332435430885,0.28124377697770714,0.609920676511766,0.1801501176092505,0.4552439174453476,0.5336781565848125,0.4921069207592757,0.14909776036812278,0.12968915725797114,0.29473104538806383,0.28176840762657906,0.48555018666840494,0.38497534559043933,0.23853873795607586,0.38366358053238425,0.3597000064064481,0.5187632307647467,0.5143008799618123,0.5200098264668155,0.24480982305980303,0.20313206657880553,0.23583944994234746,0.36586635124028055,0.4398155201611816,0.28830780219159335,0.3781304955335794,0.631959437564193,0.22467226938068066,0.7969382388050852,0.426265612786241,0.6739829953976024,0.630217121646657,0.521539731361464,0.8134509706332986,0.3811062049163108,0.3775311143925308,0.7337220973315082,0.7141912130446553,0.4572850717852498,0.40888564309276326,0.45668692844421943,0.4544787336229583,0.5562632690494841,0.24127179261928,0.56261953191747,0.4124261892262174,0.0,0.7951601907389739
0.25619824918450573,0.4423958629148277,0.5951900455837256,-0.11467304888746516,0.26139866665494016,0.3739951743037715,0.2376036212816734,0.44865016813664305,0.6639042847401262,0.4028839075948221,0.4789466485112621,0.31220704227298124,0.0,0.4159941486734753,0.4312459981885412,0.4827674479878195,0.21698214876288,0.43859591468277265,0.6153183681086842,0.31501602081859126,0.29132138786087425,0.41428195419053204,0.5355297316833019,0.1156450785820726,0.5103954455152548,0.43667351718097835,0.4433326741783995,0.3524655794436559,0.27150432319155504,0.2716602424976756,0.26688317164240394,0.24108875663496365,0.14448802702276664,0.08472143037907942,0.07307548204340558,0.33841022122358955,-0.08468460871748096,0.3019974110935506,0.40525530601286,0.3704220254665307,0.3448703325638225,0.3900936639164268,0.5651484086126896,0.38002094785225426,0.3940349012518132,0.5844851416750223,0.5328965611590982,0.5715955566977686,0.0,0.5442029809739715,0.7059253473437453,0.5715625571733977,0.4527200598365054,0.6296380562934315,0.4782842617913682,0.4952194610592241,0.4364085606856424,0.5474145532547224,0.3362166084401958,0.48628329487388483,0.49029364878392245,0.3818467779534537,0.5420691783224634,0.51406814678292,0.46214510756058724,0.5575159238935523,0.4507963395566734,0.5812096210985308,0.5175591085824485,0.49982671956255553,0.4959225239289142,0.6138609793991674,0.5904856043552633,0.5757266742744616,0.5301448217879352,0.4885273789301354
0.4346302157001358,0.5253318340880098,0.5180034624543807,0.26130560854007046,0.32540895146827126,0.3597529099058314,0.166143231918004,0.41886722275456195,0.42482533389659144,0.6815016863965321,0.45406485632586047,0.5690072011203018,0.4159941486734753,0.0,0.5499052440855525,0.6639966770466794,0.46687611935459394,0.45989119973637765,0.4511235264308724,0.38931206815690605,0.5102882551157266,0.27073789628313183,0.39721041204915686,0.5595145451798405,0.5432354982149428,0.46932941038281084,0.2725347939699599,0.23421564103665285,0.4173642643474397,0.8038898777396324,0.28930034728048715,0.22016657771383338,0.2418341205602485,0.4135921978537947,0.33878396057360344,0.3130281924786672,0.26101177751667126,0.3918818871750875,0.7165037360032962,0.0,0.6817412354655871,0.7575856549155908,0.7260748268584933,0.45639169504911187,0.0,0.0,0.0,0.05058616660708398,0.0,0.5637283924286265,0.46066213064795136,0.5356235162620481,0.5703209169284617,0.5515681576728881,0.0,0.48358950933611466,0.38083346909933874,0.779048714716051,0.46551079459856587,0.0,0.0,0.0,0.0,0.5503918530179193,0.0,0.0,0.0,0.673682486337866,0.0,0.0,0.0,0.5371650986958376,0.7313231814817183,0.0,0.0,0.0
0.1834864099533174,0.14149477687126305,0.41670636177836706,0.618632419715547,0.47315490158649687,0.49302002078597307,0.51998839806853,0.6075275025265643,0.5323535174783718,0.5689904695841577,0.0,0.30579109016878864,0.4312459981885412,0.5499052440855525,0.0,0.5711040515238042,0.572045993282277,0.5519408482206408,0.0,0.6376276679842432,0.3703972325386303,0.4507883579051811,0.44098380264000603,0.3023090942500518,0.32497973823976495,0.13616656775129618,0.3214975760956909,0.39566468835944785,0.49808740502540066,0.46704814290974794,0.5012518730994686,0.38541335619750583,0.45108773722266327,0.5763382801960175,0.6376043314295682,0.71026276164122,0.3894634918380915,0.3447136795745111,0.20957857541062688,0.32726630681992575,0.3233314905923961,0.3295000599200473,0.42109183251290894,0.6717746314304496,0.0,0.12992962187949364,0.16518917375263337,0.3832304458731211,0.0,0.0,-4.959898814232977e-05,0.5676380468683953,0.6170769559966538,0.4283936170909478,0.0,0.0,0.5802196569032094,0.5876611004168946,0.4779222523660707,0.4951073351418896,0.2351903473593453,0.5969950319429936,0.7425676442002349,0.0,0.5015264040530643,0.44334537477140934,0.5362600622419831,0.6648705442355162,0.4477673484365347,-0.3072679231795373,0.42322206783175664,0.4908907753398911,0.6073570381054334,0.4507740778227288,0.5854023779178956,0.490589861307591
0.8317450494758467,0.6758654232250215,0.3253626628547007,0.06967192122798321,0.5797027239073018,0.5861140854785469,0.4725042439253251,0.590014999659386,0.8375382500792539,0.590929637365051,0.46934081223676904,0.6270513634613066,0.4827674479878195,0.6639966770466794,0.5711040515238042,0.0,0.7941420167068258,0.5972258898734618,0.5242777136109852,0.42493042466452036,0.6541196904265435,0.5635340864435767,0.5748558615151027,0.8744925236147821,0.7226507319805573,0.6901518332493248,0.5449438520851889,0.39252836292701954,0.3687489804733791,0.345373753023153,0.8626158693890288,0.783918100474783,0.4414712430955578,0.404494891917073,0.33383563439761954,0.5876930831667996,0.3843969200672448,0.5545418737964132,0.6751804302210337,0.51340623007298,0.5620916001375217,0.6620035322955825,0.480391227759493,0.0,0.0,0.7736680136283594,0.6168554460006983,0.0,0.0,0.0,0.5652013700235003,0.553467555927663,0.906554461589837,0.0,0.6204138032099679,0.0,0.4404596446460691,0.6647415814490945,0.0,0.6689061132019468,0.6832384184524154,0.5958705419127222,0.7685951572132206,0.0,0.6222183320575361,0.8015365495335316,0.6320054159567682,0.6750484237036527,0.4241111051956995,0.7820175734285663,0.690049465526163,0.6542305252394136,0.6409580811827362,0.6978134413112063,0.0,0.5204448634276226
0.39356446051366495,0.679505108863975,0.5489741418187024,0.5130696507948992,0.5372675613615167,0.7242041538568755,0.20231005046133888,0.4746431472095245,0.4653600400482424,0.979562709571772,0.5358856900785501,0.9921648226216283,0.21698214876288,0.46687611935459394,0.572045993282277,0.7941420167068258,0.0,0.8785885112730039,0.47311368940034726,1.124193199730971,0.4087333486491212,0.7456867144959035,0.39502448582576183,0.8251796398053146,0.8190495613506399,0.7606743964035905,0.6961613248039089,0.5911153306868432,0.36183937011845657,0.6265076904726683,0.8040535088283225,0.7044439800408675,0.8373415204180028,0.7297285678498198,0.5432640104406903,0.6354768841089663,0.24422643661603666,0.39640618330501304,0.5022594535970106,0.47369374477998377,0.4561629242129076,0.6069188388283782,0.0,0.0,0.4486787407101119,0.8107661738412364,0.6438078422509437,0.0,0.0,0.0,0.0,0.0,0.0,0.0,0.6555717708779337,0.0,0.5349171764436065,0.38538716705276665,0.0,0.8060255758752523,0.037340927911215294,0.8106793493759477,0.5079633478237857,0.0,0.0,0.0,0.5499222879350226,0.0,0.7893167578424598,0.6194390895150876,0.6850165854442283,0.0,0.2824688025357377,0.4537789951050899,0.0,0.6475989658035469
0.7710812620485412,0.6161038788389194,0.5899248072450376,0.4913709202890816,0.40608497298318474,0.5350208564353871,0.43592938642727014,0.44726787917487326,0.6549363790708146,0.7924701284763369,0.485170023654247,0.9889292943375525,0.43859591468277265,0.45989119973637765,0.5519408482206408,0.5972258898734618,0.8785885112730039,0.0,0.5477209414976545,0.5560812128774042,0.6906598958432857,0.5884592727718033,0.6755362628887063,0.8047539976451814,0.8164221670726669,0.7074147619298539,0.5739313277833366,0.39096112405949857,0.4980688053489546,0.4423426301786082,0.6970488752917252,0.7738226742507537,0.7234038704629109,0.7603651599915366,0.3880677531005122,0.36914936569837,0.24979489208131012,0.42966645623177435,0.7535901637451702,0.6000482919423658,0.6210696560265476,0.69378470236296,0.0,0.0,0.5368697597150645,0.8134091172259148,0.562997176730625,0.0,0.0,0.0,0.5342178162556188,0.5092643841159896,0.8843581538000205,0.0,0.7033292566938537,0.0,0.6291639404127702,0.4954867083683592,0.0,0.5531013682702155,0.6268557214027524,0.6541594692024647,0.6929608211659675,0.0,0.520590244066181,0.6523149429418087,0.24385265242882112,0.7682455581890701,0.7822659537463719,0.7056941031420078,0.8042359142008813,0.5595254708126602,0.6917462508996964,0.6880282931369087,0.0,0.8377797392658133
0.0,0.5106106289249082,0.45990098118601763,0.6226851417530486,0.606019213744417,0.723934133880069,0.6762679125800438,0.6903828694642984,0.47825337281222274,0.6547443075246276,0.2650706111708484,0.5576955500335088,0.6153183681086842,0.4511235264308724,0.0,0.5242777136109852,0.47311368940034726,0.5477209414976545,0.0,0.4707943521706549,0.43036994466438416,0.5798295829558167,0.371777077929649,0.4544934270592162,0.5737289403522898,0.4675461857171734,0.6032112141700536,0.6884986064897098,0.6685747318994835,0.5943173129386824,0.6323812292103905,0.6054269166664735,0.46938949229348453,0.6550084735644022,0.46180775421098574,0.6507856634683336,0.4578857836577629,0.2738345397997155,-0.06256250241745126,0.40491495167221875,0.2531733574466215,0.18781242847653778,0.7281170518357479,0.30161674702908225,0.426648070130854,0.0,0.0,0.5385181830245006,0.0,0.48163784545638905,0.4783020353065428,0.496204558080821,0.488280779754243,0.5415585294919789,0.9166966338030511,0.6788363364533541,0.45276121309064177,0.43435767495126637,0.537838334226596,0.0,0.0,0.0,0.0,0.529874563838182,0.4765091357501715,0.0,0.43597255262565093,0.5206815926475974,0.0,0.0,0.0,0.3819528619150082,0.5688354722299053,0.5062826582941637,0.44908769651503394,0.5449267515973684
0.24247734975458363,0.2902556227656535,0.33132890217982947,0.5874918143103326,0.49819420256483954,0.3310429184850391,0.3024502537022665,0.49293147005150906,0.533636532916625,0.42291039834968835,0.5165835447294839,0.5154539200287237,0.31501602081859126,0.38931206815690605,0.6376276679842432,0.42493042466452036,1.124193199730971,0.5560812128774042,0.4707943521706549,0.0,0.4760279745917518,0.5141499471974508,0.5087741158807074,0.5290422271787937,0.4516077745369558,0.4175587317622401,0.4390027482779735,0.4034618621164243,0.45330449208697055,0.7383668421914498,0.600075233145422,0.48410889382241973,0.360441752199508,0.6630281453835595,0.7009779279254915,0.937117984744512,0.41685388616805874,0.6716692444538763,0.36780163696589463,0.35161507434718675,0.5000958757937191,0.3587278461355287,0.4968328274587992,0.13561207697319494,0.18017042258457971,0.4431715676665107,0.16472844358021194,0.4136199626856578,0.0,0.0,0.6098603361341115,0.5330760590625147,0.7023256431623522,0.4166584601891673,0.8932825777092739,0.0,0.4996192940762833,0.6061004207449608,0.0,0.5140385926492677,0.5236569538608449,0.48881994401336937,0.5866908753951879,0.0,0.4774211309797548,0.47055862695582856,0.341030293657402,0.5428640475960737,0.0,-0.5874880603881149,0.2696758521891233,0.4877533368575821,0.31446927313242184,0.40366152281105006,0.420033609994457,0.4565911659752531
0.02866833929914997,0.5428302047659653,0.43325025285264784,0.4428120281356203,0.46112398361035056,0.5014024452841334,0.4086966132376384,0.592321508725051,0.3579867576385009,0.5893878371090604,0.6061101030575093,0.5035278334697638,0.29132138786087425,0.5102882551157266,0.3703972325386303,0.6541196904265435,0.4087333486491212,0.6906598958432857,0.43036994466438416,0.4760279745917518,0.0,0.4875290094882171,0.3613645197518822,0.026943771415549572,0.3771852384867646,0.40321409672909,0.3910890956917551,0.28406486746821413,0.31462382794076804,0.30004202652565903,0.5254901490707498,0.32091038668192867,0.40803963183139624,0.5775325735588803,0.7795899602715213,0.47021607994379827,0.3041611875634871,0.5951409337385465,0.45095674772860506,0.6768777745823735,0.4184074601969558,0.5535432474284332,0.5379339383042405,0.0,0.0,0.5595892413995561,0.4230840966562206,0.5837556994132534,0.0,0.0,0.26466366656340956,0.39941685298959445,0.5140406304180118,0.44371826303281603,0.5739101211164688,0.0,0.7281246775397873,0.5968879710694202,0.0,0.6088428892668554,0.6782669705569654,0.0,0.5132175306951787,0.0,0.5742296952288841,0.7377317098720714,0.5360812058192793,0.6580589095871554,0.8238415408364475,0.5400558493625811,0.7310176095551683,0.6328656353575554,0.5348687935977879,0.5950208445444883,0.40029519230018623,0.4195194644766542
0.48260574604981055,0.5298296385711586,0.5206849011896503,0.5613415766942957,0.5446800411172334,0.41393710129657535,0.40335217895939973,0.6649498422982145,0.7461734343330146,0.5646084979965021,0.3333388837040633,0.3464047511283917,0.41428195419053204,0.27073789628313183,0.4507883579051811,0.5635340864435767,0.7456867144959035,0.5884592727718033,0.5798295829558167,0.5141499471974508,0.4875290094882171,0.0,0.6022417870442827,0.4499350004527331,0.5229155438667906,0.46377224690812063,0.38983590644013677,0.46060544742871845,0.4393955506966314,0.6387354982115485,0.47800543038819004,0.5401333473459983,0.32864670131599266,0.5626181169103025,0.7073612724360485,0.7407132204438611,0.5943593666898547,0.48067452953088985,0.3050370819153724,0.30891228719256414,0.350623430059812,0.3853305485021574,0.3804306034909231,0.31644385848042456,0.23797495018288545,0.5228091648770115,0.3306071898762637,0.4843214262392647,0.46813079029716886,0.2552985455774621,0.6117624621264655,0.559166805261573,0.6376631500723715,0.5812406975803076,0.38698535888899355,0.0,0.42503303874429926,0.5359277427873574,0.0,0.5471479612978261,0.4225802662252338,0.4751866208235326,-0.1606896492727286,0.0,0.25469774477114815,0.579044239375157,0.4345882325852797,0.46846939870123405,0.6872130347215759,0.2197369977766574,0.40703854642159465,0.3268580544954832,0.5404049264210743,0.3712921305019232,0.5529202799683289,0.4938608221310077
0.12355669947949705,0.285341523959331,0.4748547761013398,0.6330551182088036,0.4329177999891514,0.38201662200955766,0.5223705197123867,0.4545440878678234,0.6510583704817832,0.6250920669777408,0.6024857914531231,0.4794084779649767,0.5355297316833019,0.39721041204915686,0.44098380264000603,0.5748558615151027,0.39502448582576183,0.6755362628887063,0.371777077929649,0.5087741158807074,0.3613645197518822,0.6022417870442827,0.0,0.05006564332696389,0.3873811132589595,0.3173662019782786,0.2769131790113547,0.4842144544076675,0.4306150213718293,0.549657365884371,0.5261587024359496,0.43676160289928423,0.17594127051396075,0.5345053895798801,0.4663272880218655,0.47017044079085635,0.5163008268352313,0.2784406821020463,0.46981659669871123,0.1314023904866999,0.5650745820583769,0.5568270252842848,0.6938876532417422,0.47097614958842426,0.4430684507687618,0.4657555447296116,0.11543006478598405,0.6698127937126674,0.4700442968776963,0.562251782984153,0.5633827718509237,0.49347846938345996,0.5839148522349141,0.6379889196036834,0.5063582527281992,0.7347085171757374,0.5097210460058776,0.4632643163652971,0.5452262450699139,0.5012802434791016,0.6769450924228506,0.485701471335269,0.6553453083214781,0.6526067825790828,0.49318550623408297,0.44170693726224175,0.21375960601263844,0.7154907885836141,0.2070049698563964,0.5817371360468225,0.27370322635556144,0.538186406917641,0.5047438150135954,0.5708489721721158,0.5445228820363661,0.5506831709207669
0.2704022899983673,0.48504790783027557,0.4187687340123223,0.18769937810819579,0.5694390066406443,0.2982539856983417,0.4346118209203059,-0.041694137651997976,0.5968050472730815,0.5765199753581484,0.5863112347280108,0.5653272979620583,0.1156450785820726,0.5595145451798405,0.3023090942500518,0.8744925236147821,0.8251796398053146,0.8047539976451814,0.4544934270592162,0.5290422271787937,0.026943771415549572,0.4499350004527331,0.05006564332696389,0.0,0.727280113521357,0.4532500943317722,0.292355488288915,0.48607410570297305,0.5066309990936866,0.7936966794652485,0.675962256715458,0.5428643046806823,0.6114059860001227,0.3914920046280126,0.5460356645800344,-0.11079600406092083,0.06275895965643427,0.7805665501693273,0.8076406605002715,0.4564060448301217,0.1852583841953549,0.6362427770977789,0.5845956982221479,0.3423552212801946,0.4260320835763738,0.6140009368674513,0.5545536007730674,0.0,0.0,0.518458722734358,0.607391137033731,0.3672107999616804,0.0,-0.025889994662635064,0.4618533735296618,0.5051575414491316,0.580636252284996,0.46563670711046784,0.0,0.30660934906235326,0.653694591539654,0.7175268072920011,0.8482441059616086,0.4330124841983186,0.3752748052376605,0.43021373422341624,0.2495573423710142,0.8373795848333867,0.27217287594137923,0.4892255944054521,0.6076548353598092,0.5508114389787604,0.6242436309723723,0.6051597097642352,0.0,0.738377941368999
0.4895906134585689,0.33563683811323575,0.5791108593785032,0.8380735791311582,0.6423652853489954,0.41890683236189696,0.4113626748959588,0.3547052256335858,0.5821492010929804,0.7761570305260921,0.6612808981784671,0.8295550620779698,0.5103954455152548,0.5432354982149428,0.32497973823976495,0.7226507319805573,0.8190495613506399,0.8164221670726669,0.5737289403522898,0.4516077745369558,0.3771852384867646,0.5229155438667906,0.3873811132589595,0.727280113521357,0.0,0.4598871269539713,0.4140559401279096,0.47090137714082864,0.43902393316263466,0.3985388342079901,0.7350050446676069,0.6145891305834044,0.7834687465650085,0.6724474270686749,0.4846239202358111,0.2295883211996839,0.5334219548927266,0.5667329139689506,0.7202198495809967,0.666901292030539,0.6193312713740455,0.7138884813648729,0.11093196107724734,0.0,0.45910244623725494,0.7073229073231344,0.5539372160868936,0.0,0.0,0.0,0.5470081771302155,0.526928099836933,0.667823766713312,0.3647915210687786,0.6911285070114433,0.5478732500453461,0.7155559178505877,0.47703789610716724,0.0,0.5590706673579027,0.6080074234815303,0.7172309947015878,0.7227666419416234,0.0,0.7265079102722258,0.6374635660900883,0.4522024976612736,0.5402978762897251,0.6384158274118905,0.727298641428898,0.7901063583247503,0.4990550680610377,0.652062778683834,0.6058700378750324,0.0,0.8382607962467405
0.43175265247776784,0.37581889265327695,1.2157924422482873,0.5943254536579575,0.4144068696347383,0.540090154999858,0.39692573660847175,0.36396823096203923,0.6833553058669353,0.6594037352706085,0.728429581615347,0.5173383315420426,0.43667351718097835,0.46932941038281084,0.13616656775129618,0.6901518332493248,0.7606743964035905,0.7074147619298539,0.4675461857171734,0.4175587317622401,0.40321409672909,0.46377224690812063,0.3173662019782786,0.4532500943317722,0.4598871269539713,0.0,0.4622576765357823,0.43859519184462853,0.5035477847386132,0.34243417641255913,0.5623051095206476,0.6277864532683302,0.6349516464695903,0.5179920039067567,0.5145920367606533,0.564320566663181,0.46957069537605534,0.6782552691287604,0.5535008110064523,0.6778943214772188,0.6900110260383125,0.5070055820525453,0.3052170861613136,0.5485745277720657,0.5395163847597787,0.7006675822549304,0.5763624948327043,0.5574925948765896,0.0,0.05077012970355976,0.6263073357974651,0.45822748174600436,0.5217109101244797,0.4918872739289606,0.7229326756622655,0.0,0.7509890560071173,0.6420494155190498,0.0,0.31715572495521444,0.6495776297663588,0.5580667973623344,0.751385301603963,0.0,0.1589394981733468,0.667950772032624,0.6007058369254351,0.16209057138545782,0.7056589595771604,0.7339499959225206,0.6815800915399588,0.24289330313430035,0.6634159971739664,0.46658014233520423,0.4848652641713984,0.7906089314279552
0.18597714750315086,0.24178533416228243,0.6952811117009791,0.4344898534972213,0.5720785055172082,0.30537145060224224,0.38687221725538384,0.40479455486467286,0.6444744919262428,0.5345429587712975,0.5720531031547853,0.5302233939201935,0.4433326741783995,0.2725347939699599,0.3214975760956909,0.5449438520851889,0.6961613248039089,0.5739313277833366,0.6032112141700536,0.4390027482779735,0.3910890956917551,0.38983590644013677,0.2769131790113547,0.292355488288915,0.4140559401279096,0.4622576765357823,0.0,0.4728986205722919,0.3943483759759163,0.5231031192582476,0.44216533415449655,0.4787985247915879,0.2937789962153715,0.4913623649088507,0.5139480606669504,0.5333439046522072,0.5066432276470819,0.5570779647799338,0.4076854868685499,0.457019330110634,0.4524160489379614,0.36528459147773384,0.5087245562929228,0.6096740535847397,0.33928336772811685,0.37944543002690695,0.47863897465124416,0.4224654615823539,0.554054463945292,0.6221888933372473,0.5235164610441752,0.31870149387903934,0.4623324686808248,0.5688861377053694,0.6191024870470871,0.5341182884331116,0.3866007866005132,0.43025679428774544,0.5162952947976126,0.4547519254073318,0.6181181660616321,0.0,0.48348115084252363,0.4424648914667898,0.4569542334251341,0.47516834287329623,0.27592602999059396,0.5094642658357034,0.0,0.4802682158529278,0.23781412580239408,0.5479040360303599,0.452416578254826,0.49699606748883385,0.2958798256821311,0.45895169427681554
0.2514998593889054,0.46175039004473506,0.6623347411041602,0.22789574544803118,0.2074372155913442,0.5712790635858266,0.25084987911211504,0.5428814194518428,0.7103355754464165,0.6084877876210059,0.5525775894514109,0.6462127754402134,0.3524655794436559,0.23421564103665285,0.39566468835944785,0.39252836292701954,0.5911153306868432,0.39096112405949857,0.6884986064897098,0.4034618621164243,0.28406486746821413,0.46060544742871845,0.4842144544076675,0.48607410570297305,0.47090137714082864,0.43859519184462853,0.4728986205722919,0.0,0.3176320483449999,0.43310271934471406,0.3792551496386595,0.30530652349490317,0.6421805962910672,0.07963696720622848,0.14271173518526192,0.5116742200819253,0.18732717906632182,0.5569241452407229,0.36089493808816914,0.2734821545821211,0.42841057141172517,0.2914767223673084,0.5745024873428886,0.327894965018013,0.5381965967811921,0.5336386522552291,0.47176018522935803,0.6218996773279664,0.0,0.5808609773376956,0.4828674670808595,0.5409828030152313,0.5864488134773769,0.5541394195194762,0.5445693408287221,0.49939478419178035,0.4306301197135579,0.5636124171729523,0.44708829754864127,0.6439121319549092,0.37361934202423,0.18327069666692178,0.45816830275513876,0.6030850642845103,0.5164755521702264,0.6114115212209337,0.41944213092583027,0.6618442213526377,0.5091415997176019,0.5806787842094294,0.14033132414153346,0.6613564558203227,0.5479149629517849,0.4637959023727337,0.4730731208554429,0.5673146698933051
0.2635730286772418,0.39470652918909577,0.7094383487995475,0.44842098264456065,0.2996374312145166,0.27885671557790503,0.21556617048257504,0.43567479688643695,0.48111737252278564,0.500711600186736,0.5045526818743012,0.49685332435430885,0.27150432319155504,0.4173642643474397,0.49808740502540066,0.3687489804733791,0.36183937011845657,0.4980688053489546,0.6685747318994835,0.45330449208697055,0.31462382794076804,0.4393955506966314,0.4306150213718293,0.5066309990936866,0.43902393316263466,0.5035477847386132,0.3943483759759163,0.3176320483449999,0.0,0.5251189306435596,0.4143333917509012,0.30522165138648355,0.30082969903998524,0.43458048604752825,0.4960303188930326,0.6100645648072648,0.4902223762822885,0.5652163819945608,0.3534239860049184,0.4918670011702485,0.5980927133233858,0.3085923409602665,0.37381967993679843,0.4683023482927611,0.6143271878709211,0.7708020809894782,0.3666089994675702,0.5758181796856976,0.43878995290480055,0.38236676386789603,0.7113047183354378,0.565753798723951,0.4989199756244923,0.46476039315674217,0.6403868766734109,0.3995130942681376,0.5563329603219233,0.5868707512648464,0.7934875377884394,0.4126471763473067,0.644498834847596,0.471379514396183,0.6669139173147209,0.5034770570905693,0.470619188859731,0.3385673098952685,0.2702972348093006,0.5439461801373842,0.41666796721885796,0.6766764119998067,0.34463268774620415,0.539596236712794,0.4513394418235815,0.402059899043266,0.49385208116799917,0.47626408328693115
