0.0,-0.00369199154434946,-0.001365280923635137,0.0,0.00044748994524879127,-0.005109763141099843,0.03347546263313378,-0.007561506066364465,-6.316538519979265e-05,0.0001330569944181792,-0.0001205484355407127,0.009968878688239202,0.02113788765801944,-0.02110193692911816,0.01506249435639384,-0.01881007263717116,-0.0018740793005829204,-0.0006416631467880962,0.0,-0.00452495883235754,0.022449092624790723,-0.032088211549915535,0.001422693300018485,0.017965994091974857,-0.0004194236202212931,-0.005823918411340001,0.00029172230871976623,0.008479837181464167,-0.009760537419690851,0.03823251360204599,0.018902127692953186,0.018082645647422957,0.014385537260569403,0.011675983902082465,-0.0009051500123822276,-4.080051957905395e-05,0.0004445042197324667,-0.00970183157376403,0.011610387547514589,0.004973696199999766,0.012195785205414422,0.008150769140863323,2.2582708048557443e-06,0.0,-0.0004004778075701876,0.04384836887285026,-0.00716101109009587,0.0,0.0,0.0,0.009432762639729753,1.1102230246251565e-16,-0.004804953482944407,0.0,-0.0012375883863429693,0.0,-0.0027448275896487795,0.0001460320394660597,0.0,0.000338451171105314,0.009799163615918205,-0.0008467573932919858,-0.004125958395940488,0.0,0.003484813574401946,0.07363634059850888,-0.0043245945781288375,-0.011917382278365252,-0.00030470010654265467,0.006458624827263115,0.025827195004587133,-0.009141728291817697,-0.0002518412094695277,0.0069680826126157225,0.0,0.01657482448665598
-0.00369199154434946,0.0,0.001358193820891418,-0.00015764751301161617,0.030797749907814198,0.001990606301210729,0.026156743866183996,-0.01317829707575291,-0.005218937462561302,0.0062450101640221245,-0.00022685429441737792,0.016995797923378186,0.014693629678136255,-0.0004106657101498046,0.009731240725950108,-0.00866978081889258,-0.03469241253063454,-0.001514333376782695,0.0012839713973832323,-0.00902875672439879,0.001964281095292897,-0.007047337089861605,-0.007269803098868488,-0.012264888328011925,-0.007641875320428149,-0.023569470064274234,-0.0020762462163664286,0.014153405558328447,0.006541759758806276,-0.0017825764325040683,0.01908344057579109,0.0145939976238188,0.01959351390604369,0.00019910556103680532,-0.015531417550806115,-0.0027196284230374124,-0.000259200136557336,0.0,0.009717492245661652,-0.012401051899237792,0.0038779379469758846,-0.0014826414525539455,0.0006226774323859763,0.0,2.220446049250313e-16,-0.0007381426097404775,-0.009195134612946576,4.0347001472040844e-06,0.0,0.0,-0.0005195059861262674,0.0014603250603276163,0.0005353979605774994,0.00025992247372924604,0.000983561206315764,0.0,-0.00032058368068832443,0.0035564272306894407,0.0,0.019929783754800423,0.00148130166706395,0.0024167851618616676,-0.022298393429181496,0.0,0.022331954848253344,0.02747660009127567,0.01580776536628309,0.008984864000020354,-0.001228138272490964,-0.007430935958874452,0.008014466993920277,0.0038078184171470575,0.00028430052028693975,-0.0017592268064618999,-1.1102230246251565e-16,-0.0007849757816170699
-0.001365280923635137,0.001358193820891418,0.0,-0.0027913424707661783,-0.00807709589931066,-0.026899502072027737,0.0005045972988930725,-0.04393497336807933,-0.01661520087717827,-0.004331894506005518,-0.01658029710961728,-0.0016084262729745835,-0.01729943788146232,-0.053284173020944514,-0.0007532789268469564,-0.00031958109430785253,-0.00040901324290898433,-0.001614321642254113,-0.00019851692648475971,-0.0008791916915912856,-0.0023563092435152644,0.002017395033038216,-0.07441270385254362,-0.0014402653027311696,-0.00228788268108987,-0.002901855603394954,-0.005816133779513122,-0.014050494416691428,-0.004062615716742768,0.00099758509394543,-0.024060258724898698,0.011604705259435244,-0.00022173209026887797,-0.01986667920839108,-0.0011936680876664663,-0.03842680597614817,-0.07899167985214034,-0.001992109071580539,-0.0001729845624885984,-4.625037081096295e-08,2.5851917827335313e-05,0.0005841333892290246,-0.07547735295970437,0.0025057419426123273,0.0,0.0,-0.00032487544151788006,-0.03359411600854584,5.072136589623355e-07,-0.04424345842091404,-0.0750454376947221,-0.05866604264322539,-0.06660657726648872,-0.066495352609649,0.00038004979023126273,-0.16429219756541402,-0.0012831295666231868,-0.10434556126340677,0.0033453510735366176,-0.0003300760093045696,0.0,0.0,0.0,-0.03736657815845057,-0.000217985997611303,-0.0005305836218212345,-0.0005111803796230552,-0.025504215294292587,0.0,0.0001407647510175969,-0.0011551070433567512,-0.05845423104202818,-0.014316994955289597,0.000877086382875647,0.0007023198471606262,-0.00669468385527594
0.0,-0.00015764751301161617,-0.0027913424707661783,0.0,0.029227163807197754,-0.015287892582671714,0.058013061619976436,-0.04732674812208054,-0.01732746955156489,-0.015644592735377244,-0.00323967993597285,0.027669345725761962,-0.023243222254062168,-0.10485734517515274,0.039309842612081536,3.361294905857015e-06,3.716210028203992e-05,2.309693270197144e-06,0.02415200950847768,0.03504363293052293,0.0003507221705667529,0.051090678598871564,0.008040624740816238,-0.0019852703337682742,0.000561467964255935,0.0018920538225026262,0.009206660692824054,0.0027296507545205295,-0.0018651014973425917,-0.00014397884061412292,-0.05393580198265363,0.007206115231273513,0.04848787248705122,-0.04022439689246313,-0.03691682644825489,-0.04243687142382008,0.013279668244158355,-0.06779707832536339,0.016736505630663367,-0.00035249690927485755,-0.0002963447404054076,-0.001822535028583483,-0.0021600029037119883,-0.0013483166393113422,0.0,0.0,0.0,-0.0006900621303579935,0.0,0.0,0.0003700572691525128,2.220446049250313e-16,-5.2860406068999666e-06,-0.0003531849072180293,5.551115123125783e-17,-0.00099720900987893,-0.0008853651551300468,-0.0003222633549359588,0.0,0.0,0.0,0.0,0.0,0.0,0.0,0.0,-4.660697950187309e-06,-0.00017167584250254997,0.0,0.0,0.0,0.0009551028665216177,0.0016324443171311098,-0.00013762950157708564,0.0,0.0
0.00044748994524879127,0.030797749907814198,-0.00807709589931066,0.029227163807197754,0.0,-0.004375327438640664,0.0339132905670233,-0.02414317299188601,0.011032340743289348,0.007220037070253593,0.015178458513549153,-0.006573715263248903,0.005826385157717273,-0.03127927989389129,-0.0005122809107290238,0.02948938265452944,-0.0003981431964880655,-0.0030706888351348383,0.028705567080159644,0.02102234019985849,-0.002023920859293038,0.040298014904207535,0.004043803067208862,0.005034963080565946,-0.004533377043354325,0.030235474904611037,0.0005996971048851107,-0.0026671438981464846,0.030153878306469484,-0.00034111925430174717,-0.012515573337000041,0.00851097274649687,-0.048732867009623315,-0.02511243709379385,-0.03349421907324035,0.01099962493039447,0.05116936072719519,-0.03715500077334427,0.009325753774994339,0.0007918116677915199,0.0026101141442324005,0.0005003435686050661,-0.08323355798257709,0.0020826862381032596,-0.00040803653893656255,1.1102230246251565e-16,-0.00018096444715387516,-0.0687662514342463,0.0,-0.0033827270192615666,-0.03213579503438552,-0.03017158309771134,-0.029901170138871724,-0.0275453911818479,5.551115123125783e-17,-0.049258038738848986,-0.0003004937498252147,0.002819230578871512,-0.04389381550260202,-0.00029085111260740426,-2.366526342523212e-05,0.0,-5.551115123125783e-17,-0.04242403794880206,-0.00015852311462194457,0.0001672036701335089,-0.0002793045612715095,-0.03417857316950501,0.0,-1.4828427299384828e-06,0.0006397830920583103,-0.018494925722967515,0.0024010737876790644,-0.002676905093467574,1.1102230246251565e-16,-0.0010533166760160473
-0.005109763141099843,0.001990606301210729,-0.026899502072027737,-0.015287892582671714,-0.004375327438640664,0.0,-0.006927336650937255,-0.05100068273042968,-0.03273150196477953,-0.001982211659723454,-0.029238168577663926,0.001502506272613502,-0.031083732427193977,-0.02906979787575864,-0.011985890754690531,-0.00017522873603442735,0.0003842765300782758,0.004278370640576068,-0.015270560736780125,-0.004414282129193037,-0.016182007987822544,-0.002766619281060312,-0.013823257338711592,-0.001207807736645361,0.010200767726812998,0.002146177676212724,-0.03306799415626582,-0.0459487756062526,-0.026305233948381357,-0.006611032917859916,-0.023758622334709323,0.010632272591043435,0.020547009707872876,-0.01178870321732528,0.007603443457131931,0.030953929132032765,-0.0034553705986719585,-0.002983143140596667,-0.05326263618430421,-0.002190643341286991,-0.052554466188654725,-0.008285790837665119,-0.1250831460293711,-0.00018162008077904357,-0.0018448727161937684,0.0012624128184122174,0.0004931735091188716,-0.0439983889305578,-0.0005141091925625618,-0.03597337286024499,-0.05987360830789007,-0.030687386253772708,-0.06640156986929452,-0.05985593890429192,0.0027645202620665277,-0.0008454424152924966,-0.00151569676650809,-0.04028170281667015,-0.0021534249228504776,0.0014693075235018282,0.0018106596771059191,0.0,-0.0002902249685620695,0.014862617505384534,-0.0028704991295389615,-0.005024738734155765,0.002999634973924137,-0.060988088069188096,4.3912920653976784e-05,-0.0011072930040488815,-1.6864932997684434e-05,-0.06661695616789398,-0.05598579162950573,-0.05697196581587105,-0.002796679946984848,-0.07079383178110454
0.03347546263313378,0.026156743866183996,0.0005045972988930725,0.058013061619976436,0.0339132905670233,-0.006927336650937255,0.0,0.0018376273084007022,-0.014241996111897581,0.0019426656119533314,0.006569389112438817,-0.010781398510304074,0.025745974640993152,-0.008021993505672842,-0.00030038784012992314,0.029517455495122025,-0.0022870159759230124,0.026486251231735036,0.012691864702980726,0.018950727524366384,0.024299473673814354,0.02964120108409296,0.008956456738887564,0.008637505406998536,0.028730437438071132,0.02680307356890904,0.0018391291090397166,3.9420482478846885e-05,0.035885793682226164,0.0030871533550199115,-0.007719787458226435,-0.026489039316631158,-0.039157958002955406,-0.012655334481915193,0.026850620875984776,0.006982044875725346,0.02984958638182228,-0.019186660554833923,0.006867361394682969,-0.0008887759204272982,0.011479487657060528,0.000709060738512568,-0.06200126952867485,0.003662682689557273,-0.0010509579957558857,0.0,0.0023700658240697337,-0.01836062813885886,0.0,-0.0308145088952409,-0.028972341362731024,-0.0128102257617283,0.005877907442698116,-0.014221890431388662,0.00034422608140732835,-0.04067931428223248,0.000269065857909756,8.923558017082112e-05,-0.038471784906061623,-0.0009939327021299404,0.0009925944356768968,0.0,1.4838288901808383e-05,-0.03396810304036196,0.0010124742130784847,0.00047785555370627453,0.0012718118177995619,-0.010866869677738089,-7.125350016401466e-06,0.0007042950103685053,0.0006514420287446199,-0.03258384229073047,0.0016301515559306035,-0.0013076138851813024,0.0010636598542134168,-5.629905137038982e-05
-0.007561506066364465,-0.01317829707575291,-0.04393497336807933,-0.04732674812208054,-0.02414317299188601,-0.05100068273042968,0.0018376273084007022,0.0,-0.038891594280342834,-0.01753040801008937,-0.001868002685125103,0.004168113457356959,-0.0019728004191125192,-0.047922560513252,-0.015544648727264576,-0.011779051232998328,-0.0002588060931427161,-0.018267606793641256,0.0006448753145333885,-0.0026518153775511033,-0.04415985171286951,-0.004344808303049175,-0.016974108263873577,-0.022460902001182614,-0.014716256343239309,-0.024492489780883808,-0.022606606457363343,0.011145114939685397,0.004648604400228684,0.023961146269429745,-0.008258474072345645,0.02998077695436019,0.0018305843280823075,0.0033683122395686826,0.002627540664440431,-0.044287109253307616,0.06064917163986466,0.0010339162669819602,-0.047198042175629173,-0.001354586269782243,-0.07279815569226983,-0.00438620888983432,0.001448849046975842,-0.001483828585006286,0.0,-3.629990913972536e-05,-0.0014325722554599518,-0.023387517725353635,0.0,0.014130668615307151,-0.06457352643320424,-0.0052504774021245315,-0.10519135288975179,-0.03387530834776742,0.000556750969793518,0.0011137758397842257,0.00013998279596133534,-0.038519340792782464,0.01401615141777729,-0.13425746323930915,-0.00015719723518514694,0.0,-0.00011005614368281291,0.0021944540422356162,-0.003608150945063171,-0.19209787579832566,-0.0028790828692725756,-0.06611458483459093,-5.551115123125783e-17,-0.00020192282296976893,-0.003783460514625858,-0.07516101660043073,-0.056547230854148756,-0.07641146018016687,-0.08433898005211071,-0.07284173395841159
-6.316538519979265e-05,-0.005218937462561302,-0.01661520087717827,-0.01732746955156489,0.011032340743289348,-0.03273150196477953,-0.014241996111897581,-0.038891594280342834,0.0,-0.015563170144085647,0.015518354854882899,-0.046126331579082136,-0.0492606544953717,-0.013512526309267026,-0.003818252759352103,0.016012480894687264,-0.002141759928988851,0.0006721760322798698,0.025630163623028335,-0.011571602253625746,-0.0014387239106153915,-0.007701476046999223,-0.026326132483961817,-0.002603109465222464,0.0014904031114391647,-0.01584640275615745,-0.03136039083331582,-0.027566616494071272,-0.01233843493418324,0.001732859841757417,-0.035146431574629655,-0.006869605973897963,-0.00020974053591599207,-0.022764272617307124,-0.01618845649536277,0.012226839689230218,-0.032856433376976635,-0.044685049883611605,-0.000349713451135214,0.0005845054358908364,0.0025050929961427104,-0.0038131355647700316,-0.00048044874381342195,-0.0035345323913703597,-0.0019215277881468595,-5.551115123125783e-17,0.001046782810386282,-0.0322753320181729,-2.4366781997686715e-07,-0.0097106610281944,-0.052380703329897416,-0.019452827758579927,-0.044803430768707964,-0.042876165954428114,-0.001626383291483069,-0.0375667028380296,-0.0012404027207824075,-0.03435977688940722,0.00044663344116713244,2.810909891892699e-05,0.0005082479258071704,0.0,0.0,0.027702307065017084,0.0004559194956931245,0.0010332576413673022,0.0006508174986003534,-0.03164383191220699,-9.326126562225756e-05,8.096793868095364e-05,-0.0013269740258982643,-0.030802886828268594,-0.05816882217835995,-0.0019123096345805557,2.6902166415876394e-05,0.002687785333223003
0.0001330569944181792,0.0062450101640221245,-0.004331894506005518,-0.015644592735377244,0.007220037070253593,-0.001982211659723454,0.0019426656119533314,-0.01753040801008937,-0.015563170144085647,0.0,-0.011869020411334918,0.04476543857285903,0.0021334403168798977,0.0264992449688759,-0.0012441996117327214,-0.000648094844589775,0.0092663206012773,0.007918584753715874,0.01220248947920638,-0.004212197536716367,0.0005858326490723598,-0.01445288977078385,-0.0007827609829755833,0.020549260636875177,0.010373583882934356,0.030717174921154167,-0.00732466139356619,-0.011528971132995391,-0.0010339853064176285,0.00022670936267749076,0.00247748587826091,0.02863191224426287,0.0023516334650156012,0.014890635118517181,-0.05056279036674177,-0.01004636342497034,-0.004204537780815754,0.007970603610090332,0.0176223472292818,-0.023957119416254224,0.006649218511715405,-0.0032106778572461026,-0.009000850818818795,-0.0012866232211860562,0.008009895803971934,-0.0006909410778622727,4.013420561521652e-05,-0.0006341539567790155,-1.383579637859178e-06,0.0003714921992202802,0.001892811278474904,-0.034777695133660635,2.8421171680503843e-05,-0.0018532001435291323,-0.01966266627911123,0.00017069588400075997,-0.0061729372408396155,-0.02681731440281665,0.0,0.0008400007919969754,0.0011459657310646798,-0.04275640798754893,-0.019656814557605762,4.5478987731328857e-07,-7.3891862846786616e-06,0.0006458009599952241,-0.0016750139360021676,-0.0011305067848706996,-0.00443843568274227,-0.0180709864826048,-0.010470905766480798,0.0004338884407457666,-0.02858462770942599,-0.0010400352512409672,-5.551115123125783e-17,-0.019734430255908708
-0.0001205484355407127,-0.00022685429441737792,-0.01658029710961728,-0.00323967993597285,0.015178458513549153,-0.029238168577663926,0.006569389112438817,-0.001868002685125103,0.015518354854882899,-0.011869020411334918,0.0,-0.017021004064811995,-0.01106747386457152,-0.03592418915549539,0.0,0.00011048171541677698,-0.001131504832750263,-0.00030792828634967906,0.011875409455122776,-5.015795088658681e-05,-0.02011607216423872,0.00011190473716021776,-0.019165130624405113,0.013592536387277365,-0.0009616299029874265,-0.00034292981403183376,-0.02796124596867211,-0.023439730068999243,-0.0013149709592870096,0.0003822486589922791,-0.01044450771702432,0.02740375892119945,-0.0011664330906462905,-0.013449396445953776,-0.021024467374623934,-0.027606171832426918,-0.01495950367344756,-0.01395440049172697,0.001403778311924675,0.0007121622087424284,-0.0009964344558031635,-0.0008848982608409828,-0.06767242983587579,-0.00012573468228815887,-0.0006444842719769417,0.0,1.1102230246251565e-16,-0.09251404960464443,-4.718330093300693e-08,-0.02977467179612253,-0.0700173884146349,-0.021555917214262865,-0.017569136169931054,-0.04418795581966506,-0.0005692674494672256,0.005056547005099832,-0.0012035718108060478,-0.040193270814588955,-0.03285051577107817,5.551115123125783e-17,0.0,0.0,0.0,-0.015137923421067956,-0.0005666559790283854,0.0,-6.406983503037811e-05,-0.03605911946117035,5.551115123125783e-17,0.0,-6.891265151909298e-06,-0.044697353915226,-0.06726619256021893,-0.0013944916800391338,0.0,-0.00028477075386174056
0.009968878688239202,0.016995797923378186,-0.0016084262729745835,0.027669345725761962,-0.006573715263248903,0.001502506272613502,-0.010781398510304074,0.004168113457356959,-0.046126331579082136,0.04476543857285903,-0.017021004064811995,0.0,-0.003581897846087867,0.002799437595308818,-0.0003349274937159974,0.025226443960271516,0.022909773602315386,0.022120282484254017,-0.014660545625143795,0.0034134699615447905,0.0011018288078724625,0.0011102701564389417,0.0006539472496421839,0.03113492065906137,0.022841448679059573,0.032014118652355705,-0.0015488513182330133,0.005707894646063694,0.0030551992167102693,-0.0012992948087054979,0.03404806900138124,-0.030530194926870702,-0.003605386600773308,0.03814848094030615,-0.06745455365407138,-0.025027257383274437,-0.003332345478229415,0.009146534488977426,0.05674186707749029,-0.025669563066951118,0.010663947972922638,0.009514950794467847,-0.0008723510208121232,0.0010276257369547515,-0.016437551892661717,-0.0005503362053926875,0.0013752550775800731,-0.0005847330096943604,-0.0006872429225116827,5.388065343681081e-05,-0.0003876726120886076,0.006853226066892926,-0.0003072335058849074,-0.0001941542370246241,-0.0045277835292097945,-0.0011890519090616558,0.0038819532514982047,-0.001713065398463498,0.0003021227732622478,0.0001132881447372669,0.0015194349283542685,-0.017901991675079554,-0.004614745285169197,-0.00036883368796369886,0.0004429934052251894,0.0013791090548489482,-0.000201787441733825,0.0019090570271052543,-0.009053826817518096,-0.005657729560631819,0.0024538403524063668,-0.0006715221508861724,0.004316811332181203,-0.0002578851742755517,0.0,-0.008756151369048892
0.02113788765801944,0.014693629678136255,-0.01729943788146232,-0.023243222254062168,0.005826385157717273,-0.031083732427193977,0.025745974640993152,-0.0019728004191125192,-0.0492606544953717,0.0021334403168798977,-0.01106747386457152,-0.003581897846087867,0.0,-0.011437842017088973,-0.01681645373191909,0.02055774537328109,-0.002294969273636871,0.007047763088628534,-0.008891579094653657,0.0159854705841882,0.003394749914302664,0.01890523042808978,-0.003752244741188293,0.01821734778737255,0.009059891627459515,0.022763685614523188,-0.014868526107012281,-0.007456600170735517,0.028486653102038573,-0.009993933521746712,-0.012999839767711185,-0.019444978281597247,-0.022364862590935175,-0.008091486876539322,-0.009017094828912608,-0.015556035817945013,-0.021822585233551517,-0.01518491871400185,-0.10296517455168563,0.0022283476605158836,-0.11581097603497437,-0.005934709348139278,-0.050067644320551274,-0.00477979031711212,-0.0026397038712821508,0.0006298463592310788,0.0031591518679570108,-0.014932159506944487,0.0,0.014382993601158134,-0.02017389901148231,-0.006502759214489728,-0.010362167424299795,-0.010331269419042166,0.019294838501426714,-0.053199715716665597,-7.163005518895371e-06,0.0023128487972722267,-0.0002816840132784937,-0.0018020724221559647,0.0010806131502222316,-0.00030135334014258497,0.0017786140498768366,0.005542408483676486,-0.001632743370579226,0.001121698964652862,0.0011453195143482642,-0.01721573144166544,1.7988464155516137e-05,0.0007074869861391497,0.0028775190027146014,-0.025952476734636798,-0.00021806437076871132,-0.03391659360183946,0.0007625374988662337,-0.026743987325297147
-0.02110193692911816,-0.0004106657101498046,-0.053284173020944514,-0.10485734517515274,-0.03127927989389129,-0.02906979787575864,-0.008021993505672842,-0.047922560513252,-0.013512526309267026,0.0264992449688759,-0.03592418915549539,0.002799437595308818,-0.011437842017088973,0.0,-1.906348821673065e-05,-0.00044653320536230945,6.340065720866761e-06,9.479291306874194e-05,-0.016824063350421192,-0.00045061118483907814,-0.025125055165549248,-0.000553732781363836,-0.0033082688385871473,0.0018354815399790336,-0.00017877233013724458,-0.0027987056466401428,-0.02395523075683309,-0.03544450066753413,0.0004066083644160279,-0.00020846146931868814,-0.029418772084464695,-0.09924723118760426,-0.0026460192256703152,-0.08648262914250349,-0.002984864998196113,-0.0715394715249904,-0.03877027321737178,-0.00018015639610696743,0.005890845686085389,0.0,0.0006398067339516977,0.0008962121724229166,-0.050953456226753846,1.3581707281051791e-07,0.0,0.0,0.0,-0.04050964542173252,0.0,-0.046825065042521874,-0.0011944758939865796,-0.052799549839994075,-0.00930032136721104,-0.0288709308869593,0.0,-0.015530924384627387,-0.00014916330030323444,0.00167319608408939,-0.031209835066879854,1.1102230246251565e-16,0.0,0.0,0.0,-0.016028621218212524,0.0,-1.1102230246251565e-16,0.0,3.209540010312706e-05,0.0,0.0,5.551115123125783e-17,-0.01679609624556022,0.000250617621011473,1.1102230246251565e-16,0.0,5.551115123125783e-17
0.01506249435639384,0.009731240725950108,-0.0007532789268469564,0.039309842612081536,-0.0005122809107290238,-0.011985890754690531,-0.00030038784012992314,-0.015544648727264576,-0.003818252759352103,-0.0012441996117327214,0.0,-0.0003349274937159974,-0.01681645373191909,-1.906348821673065e-05,0.0,0.0013374938013444582,-0.0011915288908979083,-0.0023018974667987635,-1.1102230246251565e-16,-0.0006086930309889271,-0.022610502139960242,0.006910706805892175,-0.0215472743701845,-0.001357710663130729,0.01727151452210879,0.022107814515023083,-0.0235452995189529,0.012744095217019913,0.010481876186519634,-0.0019645906624617404,0.036023276064596266,0.03665736032045214,0.00631349338419579,0.041727605125197686,0.05216575890037106,0.04651319091361117,0.044185393107204984,9.653367883311059e-05,0.00021170218708999045,0.008005943195434573,0.0023523831131364026,0.00396418276486088,0.024728522179095325,0.00038177396705108,0.0,0.0008177914372822226,0.012182295148669198,0.00035809081250959274,0.0,0.0,-0.017656376586450695,0.0018840852556536447,-0.09571121456436271,0.0004653305811876951,-5.551115123125783e-17,0.0,0.0005634219824329767,0.0017523003348423605,7.734549719584649e-07,0.010293295500374222,0.0007200346545052638,0.00023971748693729644,0.0026481796769469157,0.0,0.0071034225996787215,-0.0023410217673089373,0.01109689675199621,-0.04140484194585753,-5.025577935935388e-05,0.003095336224152534,0.018678791954836904,-0.03175208956733577,-0.002360838640497631,-0.045464564182074785,-0.0005868388949190062,-0.019618921328677763
-0.01881007263717116,-0.00866978081889258,-0.00031958109430785253,3.361294905857015e-06,0.02948938265452944,-0.00017522873603442735,0.029517455495122025,-0.011779051232998328,0.016012480894687264,-0.000648094844589775,0.00011048171541677698,0.025226443960271516,0.02055774537328109,-0.00044653320536230945,0.0013374938013444582,0.0,-0.0037117524776988375,-0.006937184926799622,-0.00015601772070150677,-0.04058623933646749,-0.02706817168068959,-0.05602769960432419,-0.013753655786250707,0.0031750678392166165,-0.026701072045577923,-0.019072807135336156,-0.006034996923521163,0.003200946696564344,-0.024903310101930587,-0.004645555192513695,-0.0004695737076736428,0.014586460131058243,-0.008385250665187749,0.007929191487023868,-0.005477780777094876,0.0009241497298552726,-0.00035186403542175615,0.0017427682092805985,-0.0029974432439603405,-0.012191330586905913,-0.0011907048431231693,-0.0009755534464806481,-1.008526269941079e-06,0.0,0.0,-0.008093883074747343,-0.016249143824943635,0.0,0.0,0.0,0.000630994159053655,0.0005756893448319866,0.0005223315409165763,0.0,-0.050083476691576034,0.0,-0.0020795331046921106,0.0013545623706953669,0.0,0.013593748768926106,-0.004550823348732469,-0.02962277678947317,-0.020706771634456334,0.0,0.0005073034749927263,0.005705687890080191,-0.006885413303824972,-0.00043579473541410785,-0.0012400226375661183,-0.00425988076704259,0.0008087564184092733,0.0011090057217228444,0.0033075061864420996,0.00437812416138994,-1.1102230246251565e-16,0.00011309984703833376
-0.0018740793005829204,-0.03469241253063454,-0.00040901324290898433,3.716210028203992e-05,-0.0003981431964880655,0.0003842765300782758,-0.0022870159759230124,-0.0002588060931427161,-0.002141759928988851,0.0092663206012773,-0.001131504832750263,0.022909773602315386,-0.002294969273636871,6.340065720866761e-06,-0.0011915288908979083,-0.0037117524776988375,0.0,-0.01813216715092103,-0.00011887798818882578,-0.0015312863409038258,-0.0008846464316298319,-0.007967563359635166,-0.00013301043224106524,0.00013224340863055017,-0.00640310079396772,0.007377537430892256,-0.00017131346393128855,-0.07020129471323727,-0.0025526868421466564,-0.0010965349398193713,-0.021052615410431685,0.017114045103017395,0.004669273226885928,0.016706322831325338,0.015490488714807682,-0.0008356250444743196,-0.0003403890709732238,0.0021565704941195474,-0.029756414528971264,-0.014020870859619894,-0.03409292674947184,0.0006624985233896208,-5.551115123125783e-17,0.0,0.0003220877382235643,-0.00012867810986194606,0.0002712660351814611,0.0,0.0,0.0,0.0,0.0,0.0,0.0,-0.030914887749304953,0.0,-0.02075898834546913,-0.0008979503213241702,0.0,0.00022126102146940996,0.0007198886674418259,-0.050793109054564856,-0.027518127324189734,0.0,1.1102230246251565e-16,0.0,0.00016735430276276775,0.0,-0.01973564844680753,-0.029957837968344114,-0.02093763633591189,0.0,-0.001563467836327992,-6.077952567129508e-06,0.0,-0.03011443193625357
-0.0006416631467880962,-0.001514333376782695,-0.001614321642254113,2.309693270197144e-06,-0.0030706888351348383,0.004278370640576068,0.026486251231735036,-0.018267606793641256,0.0006721760322798698,0.007918584753715874,-0.00030792828634967906,0.022120282484254017,0.007047763088628534,9.479291306874194e-05,-0.0023018974667987635,-0.006937184926799622,-0.01813216715092103,0.0,-0.001407459635466457,-0.0072416879844043325,-0.028915501861919768,-0.007800927672316937,-0.018146788464389052,-0.00888738624757418,-0.004305822825907191,-0.008576228210810721,-0.007739695264415147,-0.011809083879038784,-0.013368328023810105,-0.0021092392689767703,0.005511804547821908,0.01857786800954292,0.010845853296435726,0.02123693904972379,0.004622861818677937,-0.000997661805083927,-0.0003778223128947933,0.016281657201119015,-0.012967726898720111,-0.023615990013491017,-0.026471267687446676,-0.0281044320335343,0.0,0.0,0.0015416550336837531,0.0015504802604950352,-0.008377686011034613,0.0,0.0,0.0,-0.0008563500682765568,8.662414683552333e-05,-0.00012991498074843566,0.0,-0.041208239593065354,0.0,-0.017477690166938675,-0.00020968926898617957,0.0,0.0004961486017580619,-0.008374899327856233,-0.044811110728345926,-0.021424915332703798,0.0,0.00020692510187225732,0.0018568329022037866,-0.007337885295809976,0.0016902223358876145,-0.012737292460301974,-0.014269950245719809,-0.02069778962587071,-9.613318384837921e-06,0.00136735470707805,-0.0018858418979337266,0.0,-0.034098715694096726
0.0,0.0012839713973832323,-0.00019851692648475971,0.02415200950847768,0.028705567080159644,-0.015270560736780125,0.012691864702980726,0.0006448753145333885,0.025630163623028335,0.01220248947920638,0.011875409455122776,-0.014660545625143795,-0.008891579094653657,-0.016824063350421192,-1.1102230246251565e-16,-0.00015601772070150677,-0.00011887798818882578,-0.001407459635466457,0.0,0.0004063653250357402,-0.0003813430512411564,0.0012283155786108058,-0.021117557133393194,-0.00025767443854707306,-0.0012082293579204206,-0.0007435858399170714,-0.005777250345438911,-0.01654796442347317,-7.758792102885437e-05,0.0007560537889121366,-0.016912916114349197,0.008966936383638324,0.0002934174063554673,-0.00834094129488172,0.00892311485312558,-0.0005467071066590501,-0.01153031715163455,-0.008391837999083884,0.006080250499375772,-3.5173666806220805e-05,0.00238937242456555,-0.002611463597885777,-0.07484836347655205,-0.0017775882516621877,-0.0001616000018683783,0.0,0.0,0.0030933231008141715,-5.551115123125783e-17,-0.008320203835619433,-0.05234128173954827,-0.029823240792348882,-0.05379434878740291,-0.06798388725077692,-1.1864279049145221e-05,0.018078516456387417,0.00025828966384261465,-0.09446334950949009,-0.046630267760588595,2.220446049250313e-16,0.0,0.0,0.0,-0.029625861091601535,-5.23193951834644e-06,0.0,0.00010191359360656183,-0.06757282007378873,0.0,0.0,-5.551115123125783e-17,-0.03773080092159997,-0.0007251814235659237,-0.0017174887769147995,-1.8037416277594254e-05,0.0007968607721182686
-0.00452495883235754,-0.00902875672439879,-0.0008791916915912856,0.03504363293052293,0.02102234019985849,-0.004414282129193037,0.018950727524366384,-0.0026518153775511033,-0.011571602253625746,-0.004212197536716367,-5.015795088658681e-05,0.0034134699615447905,0.0159854705841882,-0.00045061118483907814,-0.0006086930309889271,-0.04058623933646749,-0.0015312863409038258,-0.0072416879844043325,0.0004063653250357402,0.0,-0.00983184395369413,-0.001547155607285522,0.029435589526358608,0.003942207119449592,-0.003749861880471328,-0.001015483236873449,-0.030377519717502355,0.024035787802389408,-0.019165028699913655,0.04247610786130679,0.005824888285463348,0.06353656743610325,0.02883312627256779,0.038749096258506144,0.045651768122118186,0.0480757909030064,0.04687619081393879,0.005065463652779267,-0.008378398865575731,0.024096355519212243,-0.002722501865034699,-0.019650011666333067,0.0029943170800473262,-0.0013972543972406992,-0.0004898439406064159,-0.0011669186865269632,0.0009819786619552628,-0.0006635047620013879,0.0,0.0,-0.0002614301000964381,0.00215901283860237,-0.07715860289343424,-0.001231620751942275,0.0006967245451140469,1.1102230246251565e-16,0.0004089066292651822,0.0005945333995783786,-1.1102230246251565e-16,-0.0002589763338065043,0.005749404247448353,1.6043476372407106e-06,0.0026264785186578266,0.0,-0.032629892468314325,0.001446404449455596,0.011928600072092788,-0.048268680128828734,0.0,0.0016993862030830198,0.03777848248140164,-0.04490985133619446,-0.0021172833796492263,-0.0323995261579515,-0.0005959000259159741,0.02353185345281078
0.022449092624790723,0.001964281095292897,-0.0023563092435152644,0.0003507221705667529,-0.002023920859293038,-0.016182007987822544,0.024299473673814354,-0.04415985171286951,-0.0014387239106153915,0.0005858326490723598,-0.02011607216423872,0.0011018288078724625,0.003394749914302664,-0.025125055165549248,-0.022610502139960242,-0.02706817168068959,-0.0008846464316298319,-0.028915501861919768,-0.0003813430512411564,-0.00983184395369413,0.0,0.015288620165759104,-0.03661757299102725,-0.02343785766142864,-0.011495490903813299,-0.01922095294599041,-0.02553284341506945,0.009772022337141084,0.009242529852530934,0.008803601675591688,0.011378520199725795,0.02887237962408734,0.007907778596479287,0.0027760808464075137,0.004833224079452081,0.07805019675429842,-0.0008135491066164624,-0.001983737388244089,0.002779878017304671,0.020536202093673683,-0.004887562688961566,0.021173527635891642,0.0022916019208870653,0.0,0.0,0.11388594340309433,0.011121423919731532,0.0016507914923138411,0.0,0.0,0.009650297579370637,-0.00018678391563842212,-0.15709071196517174,-0.0003038935310201163,-0.0004913012241670178,0.0,0.0008846533773341769,0.013030054090670706,5.551115123125783e-17,-0.006971144804343021,0.0011556326388489913,0.0,0.00017198662792200503,0.0,-0.015054979480649933,-0.016367427483478525,0.008134526611869364,-0.06538591162420326,0.0012253337044278445,-0.018819765388206677,0.04195805908934913,-0.06935977926034037,-0.05861954764136329,-0.052979780500042595,-0.002251992849211737,-0.03000826257675665
-0.032088211549915535,-0.007047337089861605,0.002017395033038216,0.051090678598871564,0.040298014904207535,-0.002766619281060312,0.02964120108409296,-0.004344808303049175,-0.007701476046999223,-0.01445288977078385,0.00011190473716021776,0.0011102701564389417,0.01890523042808978,-0.000553732781363836,0.006910706805892175,-0.05602769960432419,-0.007967563359635166,-0.007800927672316937,0.0012283155786108058,-0.001547155607285522,0.015288620165759104,0.0,-0.024370795568424586,-0.020128377846131973,-0.01114661630340441,-0.008110004536799553,0.000178783025919671,0.02153215356832383,-0.007078639055134617,0.03236893581399242,0.004368354108740757,0.06142023982887396,0.03785104670164785,0.0326960349127296,0.04386526552520531,0.05765601840609913,0.0696981976836537,0.09839731575714011,0.02301608482257439,0.0028527788482247685,0.010473017671336626,-0.001058046303250737,0.04506882866537343,-9.175463125010719e-06,-0.0003695059766281039,-0.021024799884206025,-0.005742483240536778,0.0005789150964096712,-4.253134065490549e-07,-0.00014049604180205177,0.0326826302157458,0.0024455758603733058,-0.05346544605886,0.001270567662923161,-0.00033405105444000993,0.0,0.0006508835867679585,0.0019672345807149605,0.0,0.007136191035699069,-0.011631073720552831,-0.0007006161650458531,-0.02826857737968619,0.0,0.01566424357166507,0.024809628103588,0.015854822854548367,-0.008674834409126309,0.0015788627043469838,-0.010771413831423715,0.013512109558443841,0.0006226661287899171,0.0038746431657916136,-0.002092502286606124,0.0006615477383891122,0.010416331808782708
0.001422693300018485,-0.007269803098868488,-0.07441270385254362,0.008040624740816238,0.004043803067208862,-0.013823257338711592,0.008956456738887564,-0.016974108263873577,-0.026326132483961817,-0.0007827609829755833,-0.019165130624405113,0.0006539472496421839,-0.003752244741188293,-0.0033082688385871473,-0.0215472743701845,-0.013753655786250707,-0.00013301043224106524,-0.018146788464389052,-0.021117557133393194,0.029435589526358608,-0.03661757299102725,-0.024370795568424586,0.0,-0.016587157891396698,-0.0023014947694990906,0.0019103934233534736,-0.018360557193423,0.013884919011496244,0.0006404056161051774,0.016274061178015553,0.002642419126871298,0.010466199934201281,-0.03807198893672836,0.005550878592237962,0.012171258756213,0.051791417009493745,0.009684961087970234,-0.010461134762675961,-0.04648087173105819,-0.010862746943487434,-0.055608299649962,-0.04944949673430654,-0.04734399904214115,0.0004651831718672228,3.869187348393144e-05,-0.00041718193991630015,-0.0008691347229977109,-0.1211444929927934,-0.0001535468117118688,-0.00858430410471911,-0.07176632236005248,-0.008794425275618245,-0.04341914137163294,-0.017839350002094467,0.0019221803879062582,0.020207979213365146,-0.0027568410858928027,-0.02092447095999772,0.0003534609895283203,-0.03772226927852523,0.003211194670535933,-3.902753058171449e-06,-0.00021534891849550597,0.004378116063450399,-0.047793382130662865,-0.05275200990576301,-0.013123761683018986,-0.13588488370227064,-0.00041268919485515365,0.005323844852446191,0.003795424261712199,-0.06636133888564516,-0.0564693833102351,-0.05810770275311433,-0.05429856063034544,-0.053636324994636886
0.017965994091974857,-0.012264888328011925,-0.0014402653027311696,-0.0019852703337682742,0.005034963080565946,-0.001207807736645361,0.008637505406998536,-0.022460902001182614,-0.002603109465222464,0.020549260636875177,0.013592536387277365,0.03113492065906137,0.01821734778737255,0.0018354815399790336,-0.001357710663130729,0.0031750678392166165,0.00013224340863055017,-0.00888738624757418,-0.00025767443854707306,0.003942207119449592,-0.02343785766142864,-0.020128377846131973,-0.016587157891396698,0.0,-0.021684314633236113,0.017702597082772498,-0.0034494492766112272,0.024040564639373763,0.001707426678358881,0.0006414236707520393,0.022491448238798617,0.052571741216055456,0.02267820723254027,0.07620136349369644,0.013029213837448095,-0.009308688580649094,0.0013619212811025738,0.029175822607022672,0.051699889485316786,-0.016252021056515964,0.01528173355806789,0.022347741131707233,0.0010160282745573235,-0.00019743938040456266,-0.022832803811036362,0.04566043948021531,-0.020748124653462485,0.0,-5.551115123125783e-17,1.5415159586751326e-05,0.0001519680751387864,-0.00014711263418459852,-1.6653345369377348e-16,-0.0004195268494026072,0.004239381783462504,6.792352915080402e-05,0.015198713094691063,-0.0015689444399722419,0.0,-0.00045031436730447183,-0.01841679143150088,-0.016716384042137378,0.008523670595461219,-1.8785311328151089e-06,-1.0289025727860945e-05,0.00014601797391433635,-0.0026148478995176028,0.0007270601197740811,0.018768487162768355,0.008534775058146427,0.013412037018838141,0.0005571568727409937,0.003281359486816793,-0.0002835667974818157,0.0,0.007743085177595421
-0.0004194236202212931,-0.007641875320428149,-0.00228788268108987,0.000561467964255935,-0.004533377043354325,0.010200767726812998,0.028730437438071132,-0.014716256343239309,0.0014904031114391647,0.010373583882934356,-0.0009616299029874265,0.022841448679059573,0.009059891627459515,-0.00017877233013724458,0.01727151452210879,-0.026701072045577923,-0.00640310079396772,-0.004305822825907191,-0.0012082293579204206,-0.003749861880471328,-0.011495490903813299,-0.01114661630340441,-0.0023014947694990906,-0.021684314633236113,0.0,-0.0025505088131887454,0.0014193707392090027,-0.0027321897092977276,0.00203337931375952,0.022128214811667934,0.004972087942873238,0.022597768981494848,0.011770154991023518,0.010826163835724989,0.0012356948217741581,0.0009115239863443092,0.0003187975401230947,0.005744251431737735,-0.011466125079569678,-0.020162174864607918,-0.0230312957723669,-0.02121126779792154,-0.0011040787924516682,-5.551115123125783e-17,0.002910764809770927,0.014279317701408667,-0.00401903376054652,5.551115123125783e-17,0.0,2.220446049250313e-16,0.0027314311986560424,0.0008923339971011468,0.0013093603175657331,0.0003828050432691521,-0.04520282856716412,-0.0001910670868620623,-0.022329608771682274,0.00027002483826565893,0.0,0.001222382890278484,-0.01160469099606154,-0.04239738407952304,-0.02172679168342473,0.0,0.0022570030790558526,-0.012436446083288255,-0.025209016043347077,0.0032092157557547796,-0.009451441730702226,-0.015114811342213597,-0.0179493525380105,0.0009005342611532741,-0.030728975639488176,0.0021645253706940593,0.0,-0.020838050810347175
-0.005823918411340001,-0.023569470064274234,-0.002901855603394954,0.0018920538225026262,0.030235474904611037,0.002146177676212724,0.02680307356890904,-0.024492489780883808,-0.01584640275615745,0.030717174921154167,-0.00034292981403183376,0.032014118652355705,0.022763685614523188,-0.0027987056466401428,0.022107814515023083,-0.019072807135336156,0.007377537430892256,-0.008576228210810721,-0.0007435858399170714,-0.001015483236873449,-0.01922095294599041,-0.008110004536799553,0.0019103934233534736,0.017702597082772498,-0.0025505088131887454,0.0,0.01184546782250434,0.010239327304568169,0.001149223691161716,-0.011120323384199438,0.004797463031841087,0.019866791612238976,0.006971698267285331,0.006619818464204952,0.0022334192339141246,0.05584002052069925,0.0011701554954868243,0.008750139269434742,-0.002640427245623078,-0.010341209761480286,-0.019608002888475917,-0.031490342927386616,-0.004104910999904732,3.0138036583193806e-05,0.0006448212908597983,0.017302135446418176,-0.01484945449971059,0.0021971986314892056,0.0,-3.743197603867099e-05,-0.0001341523724198712,0.0011760715482150297,0.0007276209681111312,-0.0010794804198431263,-0.021250296618725295,0.0,-0.005284628115398982,-0.03340745634217268,0.0,0.021721299858742382,-0.005784324232898819,-0.03165618751416627,-0.012155286844079738,0.0,0.0054504707172617906,0.033619420168039094,0.01250296193089051,0.006595707615695445,0.019827248126364605,-0.010705646076513697,-0.010660401795807462,-0.0023493806658365646,-0.041397495220135694,0.028169939857320914,-0.0002993796512356095,-0.010775392939303408
