0.0,-0.03624607995757839,-0.001852933688941294,0.0,0.0005765265543895559,-0.04167617674146795,-0.002778512535262345,-0.00534363729213766,0.0007094242184246813,-0.012484171162315205,0.001639044943752832,-0.05310346954216566,-0.00023951910469749427,-0.0007985916967305218,-0.010109021199028345,-0.025952620751772848,-0.022045466229876354,-0.003457642202544353,0.0,0.00519482177928543,0.02031504711311466,-0.027427880830394935,-0.017968463069196694,0.0417885790328934,-0.0066075708985939285,-0.01191436625081932,-0.017149529284065768,0.032954803974027114,0.0006236727198177805,0.0035354849768810537,-0.020359105628985075,-0.035416324122677034,-0.03333812357135879,-0.04144674719109126,-0.03396577586141769,0.0004942809009352844,0.00019181343249119465,-0.006538537742170614,-0.0017005439053591753,-0.002363834679322163,-0.0272924790271018,0.0016572675281839033,-3.340700542608932e-05,0.0,-0.0020137865461004045,0.0012103432524804836,-0.010180137502397435,0.0,0.0,0.0,-0.0039357979797776665,1.1102230246251565e-16,-0.0035248643286110992,0.0,-0.008473366426789752,0.0,-0.0037768320971014457,-0.000785585544643308,0.0,-0.017043997386876564,-0.028777676406787522,-0.0030351597279037468,-0.03205683534425213,0.0,-0.003754464796286161,0.06762893198126174,0.0032410264891138407,0.005384511984884821,-0.01978877071525742,-0.031766249718776285,0.0019306787461695896,-0.002887647912671709,-0.00016707766895590614,-0.004328965409599594,0.0,-0.05028451537276979
-0.03624607995757839,0.0,-0.0008354021552144375,-0.00010638077173558136,-0.00779235567446962,-0.012616292864733036,-0.014074894891455136,-0.018886979673172766,0.0018065142809570167,-0.004689279159034776,-0.00046836798965688153,-0.002055266055183358,-0.014133007345564996,0.00021431246816411287,-0.01147517091153255,-0.011623567079201647,-0.0042508463480898095,-0.00821626437174311,0.0011935781402622747,-0.021179091027480335,-0.03354044270768336,-0.011425888662243477,-0.03991611128316497,-0.0059527231363201705,-0.002826584573247748,-0.01546905172027524,-0.023942880074444117,-0.006230465263803608,-0.02657726683446554,-0.007678730144608292,-0.022202715645976312,-0.02649194867434318,-0.021523019777160646,-0.03953229833368904,-0.038330129479856034,-0.004285352612352689,-0.0002225579751157225,0.0,-0.021585833240196806,-0.015850940224699517,-0.03661260865127969,-0.028436947126664003,0.0013605734707562989,0.0,2.220446049250313e-16,-0.032570845246011004,-0.03345660306727738,-5.96860435959079e-05,0.0,0.0,-0.00310115997410354,0.0019224598329327103,0.0013013056482770735,-0.00013256778092640698,-0.00043886741981757904,0.0,-0.0011884336341788648,0.0034513660639053922,0.0,-0.016904111190798266,-0.03948371125351957,0.000976829156813297,-0.029162627079449943,0.0,-0.015338551541621004,-0.039713728242853186,-0.03156692175078757,-0.009726057017673928,-0.0015515970553062752,-0.02732209371427713,-0.01759755358649806,-0.029787623335560953,0.00011021827502816217,-0.007668079444662079,-1.1102230246251565e-16,-0.03429370682981414
-0.001852933688941294,-0.0008354021552144375,0.0,-0.009376075481296209,-0.004329947104225129,-0.004342336121508139,-0.0007338012548022688,0.04088240668203197,0.0038482077234286427,-0.012903799291546003,0.03377100695491814,-0.0028088288654887217,-0.008917849942595202,0.04839910996738822,-0.0018838060471805806,0.00017729435845509345,0.0007335438493626389,-0.0027493606395306847,0.0434809693186094,-0.001235841521780634,-0.0017175380610728874,-0.0006467104506951427,0.050230557927240516,-0.001985901207466223,-0.006316100574094097,-0.006343750934526493,-0.00747597909605302,0.00018016450288943497,-0.010773895635878494,0.007421318473720462,-0.006162357427278331,-0.012881614882195358,-0.0017526673798614056,-0.0075394802665766925,-0.014627656201732175,0.015165294790978778,-0.002904995000614974,-0.0019288427160849553,-0.02514181133775817,6.841900383469657e-07,0.0013126411050750075,0.0029105174381975907,-0.002385323078748225,0.0016304310147005063,0.0,0.0,-0.00037975988201965905,0.0829574362645637,-7.503302714262361e-06,-0.0025326751517560364,-0.007989005698384344,3.6916416512489114e-05,0.002350302834110529,0.03338818750523975,0.0009336890040799739,0.1169200048168324,-0.001256327147581504,0.00020159446352530086,0.011104835728701135,-0.00023589148217023626,0.0,0.0,0.0,0.061487232377545775,2.9211012428420613e-05,0.00013329473034517925,-0.0004915564428343844,0.00911390218106678,0.0,0.00017105857105587097,-0.0014493953362729184,-0.007758527463713194,-0.002640716745648586,-0.0003030768808865991,0.001465858979782464,-0.009157311258871759
0.0,-0.00010638077173558136,-0.009376075481296209,0.0,-0.0438798558678751,-0.024831417586716864,-0.0018001108543460598,-0.09729149305204374,-0.01098584959028548,-0.04164033244870316,-0.0034277359556055265,0.04342035720363441,-0.053230104548942,-0.0783882373342657,-0.0017440911737955367,-0.0005159214192186901,0.0008074227199839079,-3.4167707187005014e-05,-0.00234074368507442,-0.11142466250123245,-0.00029055943817712926,-0.007994529373638704,-0.02264019564572095,-0.0004747078180388775,0.0006892818307898119,0.0010758208249921908,-0.02164150470173537,-0.015588894492356786,-0.03010283108150652,0.0012599101139276758,-0.0047433681548709195,-0.026219173276234076,-0.015906968069690275,-0.03399319104046758,-0.01764809803835976,-0.03527542244059345,-0.0005359561006518243,-0.00747745822398288,0.025614507687695798,0.0004326364651482395,5.0156723337635434e-05,-0.0014389765056981307,-0.0004963147388718503,-0.0011311195911285488,0.0,0.0,0.0,-0.000314164256370264,0.0,0.0,6.291566837851592e-05,2.220446049250313e-16,7.819734765890374e-05,-0.000744013409082922,5.551115123125783e-17,-0.0008675243718958559,-0.0002624103787023935,-0.00019942706437514612,0.0,0.0,0.0,0.0,0.0,0.0,0.0,0.0,6.89465414763224e-05,0.0006875230218290063,0.0,0.0,0.0,0.0013709735230604814,0.0013025332259625766,-0.00012493327971779822,0.0,0.0
0.0005765265543895559,-0.00779235567446962,-0.004329947104225129,-0.0438798558678751,0.0,-0.010937456635530696,0.007675555332295414,0.025278688798008986,0.010523601831575469,0.009173618448449883,0.00041416417349871004,0.029023125603570454,0.008130501474474527,0.019992417262112316,-0.0003523024146442344,-0.03284041518963682,-0.0018252461801948061,-0.0043145756609394015,0.0011089265833789663,-0.008953421532713224,-0.0008933558012909626,-0.02548314070306934,-0.02087800346487484,-0.0034776530447231946,-0.022334353650168837,-0.00702843101718742,-0.021299822745774577,0.012071027219774488,-0.036596920040409375,-0.003491143161273136,0.008427776556606759,-0.011610281743302142,-0.0023291319567830815,-0.0015890447478659753,-0.015844862481864952,0.002834901912575072,-0.05902634670710358,0.02383853748207454,-0.05216571525823832,0.0008253047492534638,0.004288527902958028,0.0011801425189553183,-0.014938861428363925,0.0012501412370335419,-8.626952888796113e-05,1.1102230246251565e-16,-6.338674713862735e-05,0.020672544617461264,0.0,-0.04359030097761901,-7.605259893850302e-05,-0.01155535202111041,0.0037406546016695574,-0.018250706046896215,5.551115123125783e-17,0.026036959930551273,0.0009057491808442952,-0.07086999083474282,0.002786518129720028,-0.0003563614121726566,-2.393984995940901e-05,0.0,-5.551115123125783e-17,0.019217252986740485,0.0004139770945159049,0.00012953794557379883,-0.0009643323288279215,-0.010908949122965694,0.0,2.1935958706753578e-05,0.0008017669967322338,-0.03228732390503308,0.0027929878089946736,-0.0029524186570664135,1.1102230246251565e-16,0.0008278960471143071
-0.04167617674146795,-0.012616292864733036,-0.004342336121508139,-0.024831417586716864,-0.010937456635530696,0.0,-0.01175383177553374,-0.03684816391457413,-0.011038987757162999,-0.019619041426402195,-0.018711146244616172,-0.006705420650691241,-0.014301973436547433,-0.020459482917922045,-0.027764859725997182,-0.03970007567662509,-0.002075228629382364,-0.03329599191408539,-0.023654315378240753,-0.023147096752319074,-0.045962657328855516,-0.019941125645439428,-0.05506556262567869,-0.0009515476463726191,-0.040770013443250264,-0.020467784948133116,-0.016542455884068497,-0.015993139388128352,-0.01556510171890979,-0.01722767997501995,-0.029478273994158644,-0.03569513880010544,-0.031635780483891596,-0.030384695038670917,-0.0487202269099023,-0.017941153979794844,-0.02262822258660946,-0.010331206040114116,-0.038312099617252626,-0.004068180629656304,-0.0270561614178349,-0.01674203036074967,-0.03332659914100633,0.0012452386282141847,-0.0019473388017238191,0.001558432683252009,-0.001529146347241439,-0.009052961522824421,-0.0004749135395005766,-0.09429743926708806,-0.056600234521082926,-0.040425295954410134,-0.039077607663367375,-0.031636249522840165,0.004125111342623278,-0.030707320451147768,-0.002328611028460381,-0.035190635928817604,-0.07782129785416603,-0.03702650725895845,0.000618819704519713,0.0,-0.0008366516694827686,-0.022884326297546442,-0.030425247769975794,-0.06946143631900142,-0.02211454204586688,-0.04144512785644283,0.00012131649960939184,-0.00289992147603485,-0.003869788122653317,-0.0566434048848829,-0.03500798341337541,-0.05043923510389281,-0.02060300845118035,-0.03382080364864276
-0.002778512535262345,-0.014074894891455136,-0.0007338012548022688,-0.0018001108543460598,0.007675555332295414,-0.01175383177553374,0.0,-0.003910075392268231,0.010624334023750015,0.003254830061008962,0.0179671639502349,0.0010805879761862647,0.007591658085542297,-0.02495076553959269,-0.001743872447210859,-0.03069767635748638,-0.011394626261171825,-0.01029537163475891,0.006020757211334327,-0.014469707176712365,-0.0013807350706259713,-0.022366394269058676,-0.02359266795436593,0.001538689713612762,-0.023890941154020573,-0.018823542451248065,-0.015871118850653843,-0.03199200840116717,-0.022724680655161644,-0.006535989220794014,-0.002174564714797045,-0.004467232057350501,-0.0008427135183432521,-0.0146145695163305,-0.033611861671280996,-0.024898793735159463,-0.016811160933655922,0.020796142979883858,0.02071585127833908,-0.0009501817402214896,-0.0793525771551164,0.004286050591642887,0.0035424221292631453,0.005917737063962869,-0.0012631681657732097,0.0,0.00206136190113021,0.039207343633077874,0.0,0.002145281382606723,-0.03140992424016853,0.04260544509103681,-0.002460619334165526,-0.0054094670707593995,0.0002388921777591868,0.0012152591531051082,0.0008648836193236864,-0.0014136305314926823,9.735016815670683e-06,-0.0005067831645793608,0.0007447107203997216,0.0,6.770502572739368e-05,-0.002071666452791887,0.0010622663543033983,0.0013287208723868904,0.0009534845548766491,-0.017250608761271602,0.00010540658194990726,0.0009333047703116715,-0.0005212845270050059,-0.026973024833845338,0.00020201745270687077,-0.0029389758626523488,0.0003949877813309577,-0.00022651586000832502
-0.00534363729213766,-0.018886979673172766,0.04088240668203197,-0.09729149305204374,0.025278688798008986,-0.03684816391457413,-0.003910075392268231,0.0,0.0090775896162954,-0.001922151522378679,0.07512679200237177,-0.0023841683818293102,-0.0089806315200896,0.031653423952466064,-0.013702904704627705,-0.016508798709086003,-0.0006451152418934791,0.002225060690766001,0.0515167162308125,-0.029473428329221674,-0.020983093531863783,-0.027202813291239247,-0.0005638336910408492,0.008467358032181904,-0.010229865080367606,-0.023574864544833873,-0.019073097195240418,0.000774173623915575,-0.030319335107003964,0.0026517745816304616,0.0009175236566912881,0.00092602424138849,-0.08937857285146189,-0.010559664021532855,-0.02611134095486628,-0.005520703066533628,-0.024324075365991016,-0.05551416823082511,-0.0104307009932329,-0.0017334642309788095,-0.027596119496725968,-0.00523151178302006,-0.02902245835644207,-0.0014517133195946497,0.0,-0.0007295532040363928,-0.004343368374890133,0.026224766658217824,0.0,-0.03637203031895292,-0.045454838926516916,-0.021730189322369142,0.014800148466298624,-0.02054715518450445,0.0006133861766514093,0.03733841364189766,4.782115654067276e-05,-0.009442101750277487,0.017170178660695812,0.009357243386480918,-0.0005602277069123307,0.0,-0.0002629234743699027,0.01230018864213489,-0.01760593278040018,-0.08433640229555883,-0.0051139974313571535,-0.0006948680572041455,-5.551115123125783e-17,6.799621733410977e-05,-0.007850590963016602,-0.004816440117535292,-0.008395305725506896,-0.016717926628876667,0.001996725766258811,-0.009771931466994455
0.0007094242184246813,0.0018065142809570167,0.0038482077234286427,-0.01098584959028548,0.010523601831575469,-0.011038987757162999,0.010624334023750015,0.0090775896162954,0.0,-0.013704836776469054,0.009493162511185704,-0.008350409576731554,-0.0024409660776052444,-0.020789296789927192,0.0022757384605394115,-0.02771521380578401,-0.0026082722261953073,-0.001687276932007653,0.015412178896918871,-0.013627920320940401,-0.0013073849049675679,-0.009657288451730417,-0.01081689797139812,-0.006214762972454435,-0.033010896416505286,-0.031732524732552836,-0.021593299840594438,-0.005034332063097557,-0.038179290985674685,-0.018453736347606053,-0.005479900629952461,-0.013358177506714308,0.012969047624929841,-0.007278245984645437,-0.0158502032534526,-0.011383364336991275,-0.005312096747303929,-0.0006297744890553236,-0.04064956347448173,0.000825956311870768,0.007817904256718466,-0.00027515322067095394,-0.017870101122482274,-0.003166070754383077,-0.0019932010229416486,-5.551115123125783e-17,0.0012546065764103553,0.025729186729200992,3.604621806096997e-06,-0.03177730260272077,-0.03478365848435783,0.00403706762299616,-0.015335023430116612,0.006081438946029194,-0.000651277524561511,0.027334928764307098,-0.0010066792904435684,0.0011818473262555917,-0.009682120713427,-0.0007916227892115213,-2.492721445201962e-06,0.0,0.0,0.02813058355612419,0.0002741308482951954,0.001911877310107002,0.0005565913516932253,-0.008652255341566772,-7.973657054238803e-05,-4.71393454311575e-05,-0.0026593869336042353,-0.012213683913537499,-0.003078119787638278,-0.019355437209306936,0.0002687563342625987,0.0009924952973842105
-0.012484171162315205,-0.004689279159034776,-0.012903799291546003,-0.04164033244870316,0.009173618448449883,-0.019619041426402195,0.003254830061008962,-0.001922151522378679,-0.013704836776469054,0.0,-0.010194104762696665,0.0026111010861463724,-0.026163682795835308,0.01591996740077256,-0.0025280502014624617,-0.010353217992051689,0.0048551464081367235,0.004479397102259031,0.0002445446903391879,-0.005179374866738473,-0.0031589206271520065,-0.009097691007525499,-0.027458247400469427,-0.00683100539639081,-0.011458420397921165,-0.00010581604658455035,-0.022125241896288395,-0.027084315046814467,-0.005887424575630962,-0.00069007094745277,0.0070353197117518085,0.004746409986807032,-0.013200049856395668,-0.026638686718702842,-0.01066111313479512,0.01686506279623945,0.047043894683391596,-0.005352472107709283,-0.025009312665865202,0.005391531090719992,-8.097738850376679e-05,0.000739118431453134,-0.004848285469631897,0.0003184065501409261,-0.005864720966163084,-0.008971992963702269,-0.0009752295316397541,-0.00023538486979923778,2.046754196716183e-05,0.00029246410467392847,0.0010945795170517747,-0.000796014855812599,2.7175232857779008e-05,-0.002200961099151799,-0.016529309849614593,0.0012372833784906057,0.00179048210767635,-0.0017388815896086651,0.0,0.0009950648113701277,-0.0708845671353231,-0.027024245855255813,-0.029961255127858355,-6.72778830046461e-06,0.00010930955923077468,0.00025067549847457293,-0.002253150722710151,-0.0011147401455613437,0.010850090258655187,-0.026149854408335116,-0.02376172867206544,0.0015421350291974223,-0.004802219216514914,-0.0013519762491423504,-5.551115123125783e-17,-0.0047972764829510295
0.001639044943752832,-0.00046836798965688153,0.03377100695491814,-0.0034277359556055265,0.00041416417349871004,-0.018711146244616172,0.0179671639502349,0.07512679200237177,0.009493162511185704,-0.010194104762696665,0.0,-0.01229142183986831,-0.002108322659064077,0.02721834799318812,0.0,0.00014108888529579255,-0.002251980110153984,0.0002381899997691561,0.03168702183956873,-5.4076715831019584e-05,-0.00010539101005757612,0.0004510556037930491,0.040976291801017695,-0.04272659310918758,-0.002522661821789285,-0.0024746465707325416,-0.0003769844889379148,0.00240896696005799,-0.004086286965084729,0.0004110948114129376,0.004791854375853999,0.00165236484316994,0.02411559111798056,0.00419641348826294,-0.010830510447057962,0.027089450728270514,0.0032458129686233073,0.015653476673379796,-0.0014877225275100603,3.802669576852269e-05,-0.0008344063850440064,0.00019346511248757858,0.02217728209687858,-0.0006376190203309928,-0.0005189946689656,0.0,1.1102230246251565e-16,0.1266786028865433,6.979910395776834e-07,0.018069200279713482,-0.08426113828048448,-0.006772340844500957,0.04528278144291403,0.024692567695415668,0.00029869098972368224,0.10107463842191483,0.0005642933234378256,-0.032179472021946265,0.02105888747780499,5.551115123125783e-17,0.0,0.0,0.0,0.1294586154401044,-0.0005637736908410407,0.0,-5.477571310946727e-05,0.025049294015523693,5.551115123125783e-17,0.0,0.00010194372252553263,0.07878382053948463,-0.0041713106497313635,-0.0013596756806324994,0.0,0.03752170772820501
-0.05310346954216566,-0.002055266055183358,-0.0028088288654887217,0.04342035720363441,0.029023125603570454,-0.006705420650691241,0.0010805879761862647,-0.0023841683818293102,-0.008350409576731554,0.0026111010861463724,-0.01229142183986831,0.0,-0.018548785463556317,0.004194445789185763,-0.0003737116664464524,-0.00023222452514998215,-0.016663544100565253,-0.019914762807027475,0.010033479278375335,0.0022492149405203277,-0.0024057045052746084,0.0004151746459583605,-0.04353307140091689,0.01747731616531273,-0.02705714464102643,0.0022571518148741254,-0.0022845240313779103,-0.009537744234025591,0.003908888905392205,-0.0010063476477205069,-0.004113547481727153,0.013670946622501345,-0.03269243166205488,0.014615994263375953,0.014517193062307088,0.013098297590899977,0.07981839391412349,-0.00883377378997019,-0.007602599381996866,0.011677322260453482,-0.009934908181852165,-0.020411734088290556,-0.0022172151256775186,0.0015942397506055195,-0.020353652190983562,0.017258639480821403,0.001518048561401475,-0.00022313333474383024,-0.0007326942019200422,0.0002462121641172432,-0.0012088889163415217,0.0015138741391322874,-0.0006921638671770758,0.00011030126216698966,-0.015863020956518536,-0.0005283284727404247,0.007140829203596766,0.0021080751375389117,0.00017242826445029724,9.045034024168785e-05,-0.0629867679128997,-0.02554275294775593,-0.031475993437279304,-0.000707936128922948,0.00028591259321653073,0.0017335252485892183,-0.0007223053842776994,0.0032625240234357977,0.027032631155810116,-0.025655906550673624,-0.02228293389462732,0.0005071636352009246,0.008976274690900565,0.0012770069338444712,0.0,-0.0007484598610354443
-0.00023951910469749427,-0.014133007345564996,-0.008917849942595202,-0.053230104548942,0.008130501474474527,-0.014301973436547433,0.007591658085542297,-0.0089806315200896,-0.0024409660776052444,-0.026163682795835308,-0.002108322659064077,-0.018548785463556317,0.0,0.0017147473224636278,-0.00670075221327926,-0.023036360858451177,-0.0216105048932409,0.00015208685949480438,-0.004722172388874457,-0.009324877955235567,-0.020372942213287837,-0.020198237166048683,-0.02247082661667793,-0.005623926566725446,-0.01829632320276625,-0.007026763188479335,-0.019040415848086245,-0.004269581069879347,-0.009623189641544516,0.01910272020034459,0.005496856941523465,-0.018197587762818546,-0.023114908877056306,-0.02334061572981244,-0.061456164459567975,-0.029172852013910233,-0.011251929945119754,-0.005867864167649894,0.020721969168145782,0.005102596501902368,-0.044045338818631485,-0.0018506600803802065,0.0019607079853991016,-0.003437082381368972,-0.031833157774875775,0.0007246580280712012,0.0025296103792516456,0.018859294819405403,0.0,0.001233831417686404,-0.03455675139489983,-0.0018022051759393198,-0.008403345506709958,-0.00285597606186061,0.00046756814826542925,-0.003625319344561284,0.0012051951272723516,0.002551236535995649,0.0010248318609585305,-0.0042443330715117855,0.0013298632398948684,-0.00021319380226964002,0.0016069774043917517,-0.0016860340380845384,-0.011479182440763902,0.00012702806594766525,0.0006759453508247693,-0.020365051824216662,-0.0011734482004764901,-0.0006473058771666595,0.0015931707018410068,-0.02645546585771702,0.023134355455890154,-0.03088052453832052,-1.3365852433611103e-05,0.005594134781054583
-0.0007985916967305218,0.00021431246816411287,0.04839910996738822,-0.0783882373342657,0.019992417262112316,-0.020459482917922045,-0.02495076553959269,0.031653423952466064,-0.020789296789927192,0.01591996740077256,0.02721834799318812,0.004194445789185763,0.0017147473224636278,0.0,-0.0008873710638928611,-0.0002822099225036623,-9.378973038920435e-05,0.000113427667878363,0.022424573746993748,-0.000693301234323096,0.00971514555339964,-0.0005928119468501247,0.028798720476688855,0.023614605830324098,-0.0004663858612651284,-0.001795483151097732,0.008341084707494062,-0.06297700799217312,-0.0010898384387441062,0.00019428393513593045,-0.011573474556613561,-0.023614589488806015,-0.005621710894518461,-0.007433076668557914,0.001889306530765189,-0.020059101302057986,-0.022045933044321203,0.0006134594133989646,-0.05419860653201991,0.0,0.0005025271017870536,0.0009679548665144089,-0.006493169846868263,-2.009166339911328e-06,0.0,0.0,0.0,0.009354912367114165,0.0,-0.01435345587541037,-0.0014899908764458014,-0.06968295023018184,0.037414638256759614,0.08265182946284622,0.0,0.03272386191111887,-0.00021649118964367497,0.0014793262207885571,-0.006140955698288986,1.1102230246251565e-16,0.0,0.0,0.0,0.016416519917022365,0.0,-1.1102230246251565e-16,0.0,0.027654601483355135,0.0,0.0,5.551115123125783e-17,-0.04855970018552741,0.0006226697033539508,1.1102230246251565e-16,0.0,5.551115123125783e-17
-0.010109021199028345,-0.01147517091153255,-0.0018838060471805806,-0.0017440911737955367,-0.0003523024146442344,-0.027764859725997182,-0.001743872447210859,-0.013702904704627705,0.0022757384605394115,-0.0025280502014624617,0.0,-0.0003737116664464524,-0.00670075221327926,-0.0008873710638928611,0.0,-0.012181965312966336,-0.0038292939434355078,-0.005516078403460634,-1.1102230246251565e-16,0.027128243139046826,-0.021715722070331345,0.02403439848296407,0.020235092654140363,0.03798110909441643,-0.023549728508920786,0.008473516896734312,0.010000319744246255,-0.009775134256583273,-0.01435343603658129,-0.0041397081754144804,-0.0009216919209621977,-0.011164787887268879,-0.01652047328769707,-0.014554790660160688,-0.00924587333909549,-0.0054712639111313965,-0.0023113930104845526,6.058442805706443e-05,-0.0019286277688424502,0.0033298698013377592,-0.01161222401056311,-0.005222135152041285,0.006673285708651888,6.573687497246627e-05,0.0,-0.0449249531949219,-0.015631693728606233,7.781822082686407e-05,0.0,0.0,-0.023032069984606718,0.0025412703425402583,0.008592153312240502,0.000632384430677313,-5.551115123125783e-17,0.0,0.0011146855973132586,5.600625159496442e-05,-1.1441858251304282e-05,0.011421010997716974,-0.01592743369102162,0.000581029968641622,0.0008731563954910149,0.0,-0.002798624565910901,-0.023051277699172146,0.003249786120147702,-0.00785453915837303,-0.00014070558424911228,-0.023296556820883108,0.00765216512429534,-0.01022063000723622,-0.020986141074471776,-0.02492408243369104,-0.002017080122335091,-0.018901508252394228
-0.025952620751772848,-0.011623567079201647,0.00017729435845509345,-0.0005159214192186901,-0.03284041518963682,-0.03970007567662509,-0.03069767635748638,-0.016508798709086003,-0.02771521380578401,-0.010353217992051689,0.00014108888529579255,-0.00023222452514998215,-0.023036360858451177,-0.0002822099225036623,-0.012181965312966336,0.0,-0.013910102424552928,0.014755987353643363,-0.0001353148694814843,-0.013299161147746541,-0.014037361201928167,0.014746351897140964,-0.031085365519027686,0.010003259416773658,-0.00965183025351729,-0.018444202658885078,-0.03223902113543775,-0.010081015483004219,-0.03009425161183521,-0.016830652645918265,-0.015453179932809535,-0.01959311592544266,-0.012518563476925482,-0.033519007236112563,-0.029053012902229225,0.0024892750552980014,1.391871332107053e-05,0.0019825292049676646,-0.031098705336933263,-0.03174114716306947,-0.047781109755506035,-0.0415750193566683,1.4919310164118738e-05,0.0,0.0,-0.03664023023259777,-0.04724771374452513,0.0,0.0,0.0,-0.0006414528360642602,0.0005584016335024033,-0.00017663526234318327,0.0,-0.0010800812342771637,0.0,-0.0006621294776993913,0.0004746285596102795,0.0,-0.01199957912370192,-0.05930693676777865,0.000989813219755109,-0.04388559389977548,0.0,-0.012226979579907593,-0.016674958525959127,-0.02154276454613019,-0.015259882520490153,-0.003099477993742661,-0.0464734460634883,-0.02060358127313011,-0.016666215891460223,0.0015264159843067504,0.0004525548719227501,-1.1102230246251565e-16,-0.050217295882724944
-0.022045466229876354,-0.0042508463480898095,0.0007335438493626389,0.0008074227199839079,-0.0018252461801948061,-0.002075228629382364,-0.011394626261171825,-0.0006451152418934791,-0.0026082722261953073,0.0048551464081367235,-0.002251980110153984,-0.016663544100565253,-0.0216105048932409,-9.378973038920435e-05,-0.0038292939434355078,-0.013910102424552928,0.0,0.009544825752355324,0.0016477310608674078,-0.004531643260427098,0.001305795376889629,-0.016715271470047144,-2.805952018380964e-05,-0.02802067688574572,-0.0017905266114627283,-0.02032181414719536,-0.0012069879503612824,-0.014884013215094694,-0.03551683815131612,-0.0029111582993739393,-0.007141826171517762,-0.014800842894468202,-0.010630144103478512,-0.02169474790209197,-0.007701982122851003,-0.06203380082387272,-0.0003763305731493971,-0.02450832830507732,-0.01814907912923508,0.0014521367084474046,-0.01965225037154522,0.00010863496846430509,-5.551115123125783e-17,0.0,0.0009353176709586686,-0.0026636037376984167,-0.07573508769385146,0.0,0.0,0.0,0.0,0.0,0.0,0.0,-0.04338391985882961,0.0,-0.035755511574623644,-0.00142775933904149,0.0,-2.7039038518361647e-05,-0.07153750539351172,-0.03631907199303869,-0.03245150750285686,0.0,1.1102230246251565e-16,0.0,0.0006692611598509979,0.0,-0.011360139407257608,-0.042080557614713576,-0.04184881667707968,0.0,-0.00078746059964796,8.991224345178406e-05,0.0,-0.02099508217975815
-0.003457642202544353,-0.00821626437174311,-0.0027493606395306847,-3.4167707187005014e-05,-0.0043145756609394015,-0.03329599191408539,-0.01029537163475891,0.002225060690766001,-0.001687276932007653,0.004479397102259031,0.0002381899997691561,-0.019914762807027475,0.00015208685949480438,0.000113427667878363,-0.005516078403460634,0.014755987353643363,0.009544825752355324,0.0,-0.0020328503127732267,-0.016143442220769633,0.014759986869028519,-0.002973546971482721,-0.015969617848576534,-0.0032138745143742153,-0.0008139965988456788,-0.01730595367662202,-0.020865570369453523,0.0065113510199618085,-0.01982502296792321,0.012155903864900952,-0.01568105349931881,-0.023484096522845666,0.0008891617909686511,-0.026218413404797136,-0.017249536249184794,0.0012470806780522925,-0.00018657864225019027,-0.00037857389804729635,-0.02921873523785601,-0.022263528643522434,-0.03758748915614202,-0.03979619424688802,0.0,0.0,0.0007145035280486933,-0.019264787417448026,-0.047405256886718594,0.0,0.0,0.0,-0.0011483907597999998,0.00035532068484456225,0.00028387819833192163,0.0,-0.033882866462870254,0.0,-0.031088298068834397,0.0002315779951556074,0.0,0.0008503287720054153,-0.048135293621758335,-0.02966141085548668,-0.03156941177721628,0.0,-0.001960803712254655,-0.0005532339745329407,-0.015465081797784386,0.0007387778407522139,-0.020748451505780308,-0.037487387602299416,-0.03543762535103362,-0.0011572386673422974,0.0004849887215835902,-0.004210925824792544,0.0,-0.03380590192391425
0.0,0.0011935781402622747,0.0434809693186094,-0.00234074368507442,0.0011089265833789663,-0.023654315378240753,0.006020757211334327,0.0515167162308125,0.015412178896918871,0.0002445446903391879,0.03168702183956873,0.010033479278375335,-0.004722172388874457,0.022424573746993748,-1.1102230246251565e-16,-0.0001353148694814843,0.0016477310608674078,-0.0020328503127732267,0.0,0.0003406576658493421,-0.00032431679117800316,0.0014505477627989594,0.08940674285137501,-0.0002703652943247814,-0.001698385206872155,-0.0007206418667691228,0.0041963916683478986,0.002406175921218723,-0.001471652295772119,3.1060776590596806e-05,0.004422446247846323,0.0002554293759586268,-0.0006183471627720372,-0.001588816782357949,-0.010632116990535123,0.00695058468827886,0.0003672622627999278,0.013141045791826678,-0.029283801852403313,-0.00010230018868051527,0.004220847651969395,-0.001458642100085783,-0.001954156333085655,-0.0014159406159276466,-0.00016349448803004707,0.0,0.0,0.10364074224545966,-5.551115123125783e-17,-0.015448582372145359,-0.02849157524098067,0.003853751278809825,0.006309555465334293,0.022817126150101674,5.6600977805298935e-05,0.09294374772610758,0.0010302771716630965,0.02368248144590046,-0.004090337871072713,2.220446049250313e-16,0.0,0.0,0.0,0.05737629651843035,7.739702054215813e-05,0.0,0.00011743290026583475,0.0006064354601212907,0.0,0.0,-5.551115123125783e-17,-0.020418922552218555,-0.0009462284079043703,-0.0022898720998324462,0.00026683073711142313,0.0002587585872048104
0.00519482177928543,-0.021179091027480335,-0.001235841521780634,-0.11142466250123245,-0.008953421532713224,-0.023147096752319074,-0.014469707176712365,-0.029473428329221674,-0.013627920320940401,-0.005179374866738473,-5.4076715831019584e-05,0.0022492149405203277,-0.009324877955235567,-0.000693301234323096,0.027128243139046826,-0.013299161147746541,-0.004531643260427098,-0.016143442220769633,0.0003406576658493421,0.0,-0.029225040165323457,0.023809875948074488,0.029136172303608654,0.0015332499132572064,-0.027337203751410577,-0.004841252200778801,-0.0153935310000205,0.011633902368952731,0.006352725774635304,0.029854189285295374,-0.007307915774189155,-0.021872039403219967,-0.018198617213467827,-0.022410327971214672,-0.02391535014425067,-0.019741833365632677,-0.02634698071924846,0.005797498997852646,-0.014588841770314276,-0.01376614817962668,-0.029192723205914484,-0.012391498662201295,0.0033152537641385482,-0.0005487851858826942,-0.0004482131090669528,0.00026811838417284406,-0.026178294327305618,0.00017963357026168358,0.0,0.0,-0.006996401456121959,0.0011206389626244317,-0.009171458210083194,-0.0012136389576178908,0.0008306008124778774,1.1102230246251565e-16,0.0014272564166743495,-0.003668551691032751,-1.1102230246251565e-16,-0.013755384806016124,-0.0025356128143155243,-2.3733402613468346e-05,0.0017269382259610944,0.0,-0.019070669047677513,-0.02797820806039697,-0.01589087732252481,-0.02424839149149194,0.0,-0.0007277766703441824,-0.016052135712124826,-0.028166481613963346,-0.021540008997520288,-0.038287865535138965,-0.0010127187980938923,-0.032735247037074644
0.02031504711311466,-0.03354044270768336,-0.0017175380610728874,-0.00029055943817712926,-0.0008933558012909626,-0.045962657328855516,-0.0013807350706259713,-0.020983093531863783,-0.0013073849049675679,-0.0031589206271520065,-0.00010539101005757612,-0.0024057045052746084,-0.020372942213287837,0.00971514555339964,-0.021715722070331345,-0.014037361201928167,0.001305795376889629,0.014759986869028519,-0.00032431679117800316,-0.029225040165323457,0.0,-0.00835708281439862,-0.001383757390690965,0.02861632775536077,-0.005900094241364617,-0.006086391125350865,-0.02053696735771926,-0.0080603937204482,-0.03750867950764597,0.006337371680920301,-0.0053142256059592885,-0.019220693324153493,-0.031156367380091532,-0.013898750954028372,-0.013728751530571126,-0.025314174757723684,-0.0003239928611041276,-0.0029945374135904035,-0.007035625238300203,-0.006948512494163561,-0.016080038672162955,-0.0033420514425800407,-0.07485614925888073,0.0,0.0,-0.05481503649539887,-0.0067259174350663975,0.03659049244633361,0.0,0.0,-0.020028786580283953,0.0004238693569568186,-0.008355216729692694,0.0015368906826614959,-0.0006737364316299899,0.0,0.0004481104408768366,-0.006136941287373021,5.551115123125783e-17,0.016437574800737542,-0.01723230720384311,0.0,-0.0006552528261743462,0.0,0.003286104448103788,-0.0355309356358986,0.01570152920487261,-0.016255494690313343,0.0010949412345039322,-0.062435347011625064,0.0017183875860392606,-0.013911768248141554,-0.015252457347752046,-0.03208852982457655,-0.0025742720766052107,0.009786567936390267
-0.027427880830394935,-0.011425888662243477,-0.0006467104506951427,-0.007994529373638704,-0.02548314070306934,-0.019941125645439428,-0.022366394269058676,-0.027202813291239247,-0.009657288451730417,-0.009097691007525499,0.0004510556037930491,0.0004151746459583605,-0.020198237166048683,-0.0005928119468501247,0.02403439848296407,0.014746351897140964,-0.016715271470047144,-0.002973546971482721,0.0014505477627989594,0.023809875948074488,-0.00835708281439862,0.0,0.006347901160842606,-0.001849890410031474,-0.012103856398522794,-0.001519799988047299,-0.011341093368204769,6.920105685542799e-05,-0.016216021781890355,0.003277339114697131,-0.00043113463956012676,-0.009604647047798731,-0.007943012296065588,-0.009768731733240277,-0.0059096980631996865,0.0031590417701392592,0.01474005655750904,0.00502991741483616,-0.006117561200470467,-0.0010591932174738306,-0.023393887270261593,-0.008375581819004496,0.00913243598791097,0.00016908096956375074,-0.00038316406388022584,-0.009548373576020508,-0.01755688788971066,0.00019753950947304366,6.291737574382061e-06,-0.0001321133066433111,-0.02404504043779576,0.0035983055538877373,0.027591510495922678,0.0003982865936247304,0.0008686088509653467,0.0,0.0011428663984385246,0.0014447935439538817,0.0,0.0007943101687148957,-0.036233114004587286,-0.0009217562848369276,-0.032174744343712036,0.0,-0.00595601578481747,-0.024426914100282526,-0.0097923798426518,0.005904435331907543,0.002087296266785721,-0.051105548275580726,-0.005114027453844816,-0.0131523713450023,0.0006353546941792465,-0.03001430947942929,0.00048592081906095874,-0.013880172636128563
-0.017968463069196694,-0.03991611128316497,0.050230557927240516,-0.02264019564572095,-0.02087800346487484,-0.05506556262567869,-0.02359266795436593,-0.0005638336910408492,-0.01081689797139812,-0.027458247400469427,0.040976291801017695,-0.04353307140091689,-0.02247082661667793,0.028798720476688855,0.020235092654140363,-0.031085365519027686,-2.805952018380964e-05,-0.015969617848576534,0.08940674285137501,0.029136172303608654,-0.001383757390690965,0.006347901160842606,0.0,0.006477609955418184,-0.03395859658806977,-0.032504969217355906,-0.0030560861459532074,-0.0171968352255914,-0.029544088457910622,-0.009616803429852216,-0.01643289187884961,-0.03184559146441085,-0.027246161732807472,-0.02591901869072394,-0.03141388981796145,-0.004290666129616538,-0.026172343616535587,-0.016704605957715946,-0.030871556424217406,-0.0044227182435217505,-0.0285937183806646,-0.02276441906411908,-0.014705204342761735,-0.01569931351085302,0.0009689930804027691,-0.013630767678235178,-0.020534115093718275,0.031197618352936662,-0.0011045540434972412,-0.03956600621868561,-0.052035554210039636,-0.03576185587822217,-0.017524458244277175,-0.017185154901283473,0.0022831692740167275,0.04382132463665356,-0.0033323832281633714,-0.02754696082988456,-0.0005330773467171479,-0.010551706193570654,0.014891166078144225,5.773412661957966e-05,-0.0016038444211062264,0.0248627786133071,-0.016352513012704795,-0.02377916023291915,-0.009806118284371057,-0.028835052298124608,-1.0306400359760826e-05,0.0021227206904364526,-0.018513713535807996,-0.0379801837629169,-0.0215589816468853,-0.03762661536891865,-0.02525616669853442,-0.026453041683113687
0.0417885790328934,-0.0059527231363201705,-0.001985901207466223,-0.0004747078180388775,-0.0034776530447231946,-0.0009515476463726191,0.001538689713612762,0.008467358032181904,-0.006214762972454435,-0.00683100539639081,-0.04272659310918758,0.01747731616531273,-0.005623926566725446,0.023614605830324098,0.03798110909441643,0.010003259416773658,-0.02802067688574572,-0.0032138745143742153,-0.0002703652943247814,0.0015332499132572064,0.02861632775536077,-0.001849890410031474,0.006477609955418184,0.0,-0.009650090697295832,-0.008882116423628184,0.016222056584791755,-0.005253337231546917,0.0020899287072826955,0.0008069032496125228,-0.0074565518293824296,-0.005706896506631365,0.013368603470593377,0.0014530061478071343,-0.027306997608354366,-0.0037813784364923997,0.002503082505540044,-0.009520148931938838,-0.019410833867679445,-0.03595475118764979,-0.019693360966514584,0.007250833217448627,0.0005813758580746065,0.00017176074698799226,-0.05403279348714435,0.008463257782862,-0.026678124018054472,0.0,-5.551115123125783e-17,-0.00022803922312697456,-0.00016750666950721138,-0.0003897908595799082,-1.6653345369377348e-16,-5.454595441656274e-06,-0.024819503218525774,0.00039138237265401443,0.00687352627420762,-0.0035550816088394943,0.0,-0.0018069025115556303,-0.04171267191409539,-0.05666040321205601,-0.04075488871976518,2.7789448287962593e-05,-0.0008498425466375581,-0.0011913649439154739,-0.00486475626331756,0.000596043878930641,0.020905595505337937,-0.042109350796633915,-0.033286817807369196,-0.0002854063749826441,0.0032103972028226235,0.0003597930396596061,0.0,-0.02925685745899259
-0.0066075708985939285,-0.002826584573247748,-0.006316100574094097,0.0006892818307898119,-0.022334353650168837,-0.040770013443250264,-0.023890941154020573,-0.010229865080367606,-0.033010896416505286,-0.011458420397921165,-0.002522661821789285,-0.02705714464102643,-0.01829632320276625,-0.0004663858612651284,-0.023549728508920786,-0.00965183025351729,-0.0017905266114627283,-0.0008139965988456788,-0.001698385206872155,-0.027337203751410577,-0.005900094241364617,-0.012103856398522794,-0.03395859658806977,-0.009650090697295832,0.0,-0.01023003891344959,-0.04086963672556432,0.006708354410330242,-0.04364767260651892,-0.0018472069397317825,-0.014503147726121601,-0.026372107400845946,-0.010028022833191597,-0.031037163690361802,-0.024230484098853533,-0.0007154707129952143,0.00034899266802529416,-0.028627610944696513,-0.025934185131408105,-0.013250411566271103,-0.034999968890975786,-0.03727291181718778,-0.0011133776943041962,-5.551115123125783e-17,0.0015827248522637394,-0.02234217494116192,-0.0357101117992456,5.551115123125783e-17,0.0,2.220446049250313e-16,0.001742833015356604,0.0010301130361668465,0.0009966530607886659,0.0004603097822052926,-0.03043254470606699,-0.00034817519232627214,-0.022985478808711435,-0.0022312140841022066,0.0,0.013807593293501175,-0.04520820630784872,-0.026072787236232187,-0.030535855104895704,0.0,-0.0024695976052391266,-0.0035638320117775124,-0.028894516360775002,-0.0006448181203297931,0.0007271221189003585,-0.0348834625560146,-0.030135993257085048,-0.0014653450028684345,-0.023443127545284437,-0.0034836022112564313,0.0,-0.023423889483008276
-0.01191436625081932,-0.01546905172027524,-0.006343750934526493,0.0010758208249921908,-0.00702843101718742,-0.020467784948133116,-0.018823542451248065,-0.023574864544833873,-0.031732524732552836,-0.00010581604658455035,-0.0024746465707325416,0.0022571518148741254,-0.007026763188479335,-0.001795483151097732,0.008473516896734312,-0.018444202658885078,-0.02032181414719536,-0.01730595367662202,-0.0007206418667691228,-0.004841252200778801,-0.006086391125350865,-0.001519799988047299,-0.032504969217355906,-0.008882116423628184,-0.01023003891344959,0.0,-0.022053886711406567,-0.004711498978175244,-0.03812257968965227,0.010704118896904313,-0.011914819143209854,-0.008720714385120454,-0.013447596138197793,-0.020715470591498364,-0.012994536168523252,-0.0017157743135208237,0.0014253361380975327,-0.03508622340383882,-0.01377473361560605,-0.02618074078625543,-0.03974379082301055,-0.035101025925343365,-0.005900151666484055,-2.22545088718884e-05,-0.004933238925039829,-0.02367519444699029,-0.026134602776162086,0.0019691005430242936,0.0,-4.226025417525259e-05,-0.002766480806207783,0.0021231441333584566,0.0020455841334844904,-0.0021530031610873523,-0.036716857267697856,0.0,-0.02954774276640748,0.0004959836997837641,0.0,0.01895590751209897,-0.047054181021948305,-0.02746471924804622,-0.037784846504169134,0.0,0.009743620756829274,-0.0015618663474349925,0.0008286710901093675,0.004699079055586364,-0.010093102738881532,-0.04012083836662922,-0.024544749457450443,0.00022059087515430287,-0.0041563002512553515,-0.0050982637119242336,-0.00045072661646738954,-0.035533819264938926
