0.0,-0.020337349159777973,-0.001220419366882386,0.0,0.0004091584819452265,-0.0009480064701209989,-0.000675828211551488,0.024955630701422926,-0.0002926699439235736,0.030605683569209507,-0.0006432511746837788,-0.004131329755597046,0.0010139722878201307,-0.003145803550113957,0.04708639728414615,0.007567162611171463,0.003792958078774722,0.0033854240017217596,0.0,0.05701602328284622,0.03796547928618238,-0.008939707302660194,0.029257183317462743,0.04875293224001187,-0.013943421490552166,0.008825154183200568,0.046020798600138635,-0.0018229262458964168,0.015005568027358362,0.0004294110846544408,0.009172385971923158,0.005751212839781861,0.022943429782407654,0.010000837840572041,-0.001427361812566974,-0.00019975117684950527,0.0005195682477070473,-0.003360562286833235,0.0040210934516034524,-0.01717068060111937,0.005315081227966367,0.0014388130851254455,1.2852955802888921e-05,0.0,7.876978828730286e-05,0.06783699533521947,-0.023123528058175746,0.0,0.0,0.0,-0.002193190937661571,1.1102230246251565e-16,-0.0004303201596655426,0.0,0.0012849443555883466,0.0,0.0011920818915236442,0.0004227772629809001,0.0,0.04279577875309398,-0.00894783314872194,-0.0012083319606549514,0.005128088423357824,0.0,-0.0013937278403949316,0.0034382812363781823,-0.013958189771880236,0.0023565317171756472,0.0011434341744076537,-0.0035503318076775536,-0.012559235891865583,0.00027059215357172484,-0.0002770209670927004,0.0009410636940633266,0.0,0.02960856330064271
-0.020337349159777973,0.0,0.013296035006605644,-0.00017287675086125054,-0.003478074726248337,0.008326795376895402,-0.012381511519350852,0.021774991318806003,-0.008639306418827541,0.0011486396969007107,-0.00015511052024330674,-0.0019004605581562362,-0.007099688184916575,-0.0005963209925312629,0.017026039532733184,-0.0008154179568259368,0.0017537736959720718,-0.0026659196913892957,0.0013108235119985712,0.015695526187030073,-0.007817069120416076,-0.009663850481851033,0.022622979870044746,0.0013725720500649685,-0.02860850691061967,0.006794960802144312,0.010407872407211971,-0.006111964403982428,-0.004745530011796395,-0.0010997633250572902,0.0018987787191732108,-0.014367749358781934,-0.022312118681668325,-0.006035346994027302,-0.014716917593141476,-0.0022545162373878713,-0.00027008501392677964,0.0,-0.021502392339562748,-0.028317177608133126,-0.0249653358723137,-0.030667694877615448,0.0004034789033406927,0.0,2.220446049250313e-16,-0.005327906357810441,-0.015710536739756753,2.296350931796365e-05,0.0,0.0,0.030235516914283445,0.0013230438484654883,0.0003078783239373606,0.00037651516702402743,-0.015506876642525258,0.0,-6.278119450442432e-05,0.0035876365772928853,0.0,-0.00781026599821022,-0.02122519466273126,0.0028445367986554837,-0.02675574787720042,0.0,0.0033427103150854287,-0.0007124208125171561,-0.0035229286423527073,0.0014806636170955345,-0.0011320519870076096,-0.032930722108906074,-0.024696385125044296,0.020792053409463496,0.00033601318726084184,0.01035834326745011,-1.1102230246251565e-16,-0.017847501680752553
-0.001220419366882386,0.013296035006605644,0.0,0.0017784840621947184,0.007471995799616937,0.0311232657380775,-0.0032769503532428246,-0.00781911652838202,0.02480110702066135,0.008031627834710675,-0.00763054984172612,-0.0012518360910807047,0.0034962570092670897,-0.031861186320304435,-0.0004174458705125672,-0.000467182331746252,-0.0007484199085543985,-0.001277148293063135,0.003387024996361787,-0.0007732457126232717,-0.004284635176044105,0.012753351222139109,0.024757746440916828,-0.0012781793427951715,-0.001091265012873932,-0.001879410225617606,-0.008566837134063976,0.0007056063387519407,0.015361907774911254,0.006949322315549844,0.008573878747816843,0.008658229282282437,0.00023304574575716552,0.007864499837309025,0.024710729756057648,-0.021311993927360662,0.008909250652196832,-0.002010902900713041,-0.007794405118032144,-2.6323413943041274e-07,-0.00035640016426685683,-0.00010693951943513413,0.019249716341722622,0.002765760777080295,0.0,0.0,-0.00030857153419233674,-0.02990272968217189,2.8868082285748997e-06,0.00846356308062346,0.03294013449595068,0.04335291378121042,0.018445115253459266,0.05596357326288537,0.0002155863767056565,-0.08915777953137732,-0.0012910914616914848,-0.0041801898625091205,0.040994632583189916,-0.0003580543541297221,0.0,0.0,0.0,-0.05980242788265211,-0.00029141805059368364,-0.0007277945440824496,-0.0005170098431984682,0.03704531746923667,0.0,0.00013176570447676061,-0.0010676861092845935,0.04670849366500385,-0.003925720281343081,0.0012276642935815096,0.0004755038107052689,-0.005963138655972422
0.0,-0.00017287675086125054,0.0017784840621947184,0.0,-0.04501168416389961,0.005533201911887109,0.006960145172853427,0.05381462207255833,0.007137446705936801,-0.044998099766642985,0.007338133301687144,0.05166891730962275,-0.005997576541197425,0.023712690131812764,0.00037394546088875824,0.00015761880704290299,-0.000191650613217631,1.3145626935440191e-05,0.011400242696443741,0.0009196396857769629,0.0005412205308112927,-0.0011092976240639207,0.0042715558543964804,-0.0024339962575584684,0.000523499727432597,0.0021345230364689383,0.009335803076073346,-0.018101151092847767,-0.0016325675185565602,-0.00056101644181622,0.00722539501356928,-0.00379984265350386,-0.03173303014753859,-0.018686540256419137,0.03837507341475588,-0.01577001391931504,-0.004647701740727372,-0.007050756568735828,-0.0034195711171081666,-0.0005857277057946253,-0.0003992760575761145,-0.0019364744721464544,-0.002654216152679245,-0.0014128369389185824,0.0,0.0,0.0,-0.0008017259105719821,0.0,0.0,0.0004612963917354218,2.220446049250313e-16,-3.0085517709388387e-05,-0.0002370858522522945,5.551115123125783e-17,-0.0010357329758680645,-0.0010704193681276841,-0.0003587529588966465,0.0,0.0,0.0,0.0,0.0,0.0,0.0,0.0,-2.652637789746226e-05,-0.00042690844631870783,0.0,0.0,0.0,0.0008315648185497904,0.0017304473177429114,-0.00014140102630583185,0.0,0.0
0.0004091584819452265,-0.003478074726248337,0.007471995799616937,-0.04501168416389961,0.0,0.014416358883154456,0.0008732910003357852,0.030064047078643685,0.0029075791997445477,-0.005463044115932514,-0.005911053484974449,-0.015132999013647785,0.008257611417181843,-0.0432932344780218,-0.00055980393456595,0.019725914296909453,2.5790336907138833e-05,0.028020496252243843,0.0044229861139887805,0.006925637951834596,-0.0023597651853466406,0.009057481432906911,0.029678578893118646,0.009346616711337463,-0.003452236636807826,0.003421015768366953,0.015716811040713874,-0.023330268032598467,0.019727439174812955,0.013428509110858189,7.198373373101807e-05,-0.010099362830008729,-0.013403925621994939,-0.011660486124254021,-0.001188992189691429,-0.05047304154592783,-0.04468916846286808,0.05213974265764343,-0.06472666550601258,0.0007818622524160546,0.0021115265276697714,0.00029840329217745154,0.003998252304355188,0.0023300010766563184,-0.0005036202683921798,1.1102230246251565e-16,-0.00021589194039373094,0.012791682111380376,0.0,0.00465766054774952,0.04107450098829135,-0.0006516548086281659,-0.06998854686287914,-0.036418578648175715,5.551115123125783e-17,-0.0022594858107810034,-0.0006588188557005714,0.0026571884361377696,-0.0012208462539938791,-0.00027139070008946886,-2.3583695072437738e-05,0.0,-5.551115123125783e-17,-0.022958197649339096,-0.0003285893532187778,0.0001783926059586438,-7.581101855624883e-05,0.05653060603678883,0.0,-8.439604333221329e-06,0.0005916643439051739,0.04664223965744119,0.0022846522695823546,-0.002595061358398487,1.1102230246251565e-16,-0.0016121475143576758
-0.0009480064701209989,0.008326795376895402,0.0311232657380775,0.005533201911887109,0.014416358883154456,0.0,0.0038329762060057004,0.022067813590811558,0.008275945468389834,0.011201501107217737,0.01110305574867887,0.013979708916901923,-0.008096652987735764,-0.0008331962312996266,0.031121821346804968,0.0343903073489058,0.001114894239212183,0.028203327152420687,0.0038079384752647827,0.023938967917695952,0.023211821046441983,0.029521630173631797,0.025874161523666117,-0.0012839320575793178,0.015958414633275797,0.014362623370337113,0.01655549488314928,-0.010990115030071357,0.0025840517561970255,0.017241035667304783,0.00505028512824951,0.018958128886320813,0.021777189218114834,0.007432100568758482,0.01810627732436154,-0.016746098111603103,0.013361706895636538,-0.0021948620362772786,0.03417496014886057,-0.0016329043232714002,0.05389983963523326,-0.007348821678114903,0.03242680148002974,-0.0006054810502152397,-0.0018144342613745645,-0.00175109078628638,0.0010939214664494323,0.05118827581564145,-0.0005257526071485996,0.04751155212730562,0.028540069789473765,0.03589156294348228,0.042518954262460884,0.025602250565067042,0.002360344676371695,0.0292192621177777,-0.0012742134122222804,0.03524039106529464,0.06486953584355853,0.031771886165153695,0.002164706257197724,0.0,-0.00012790409564150673,0.0328510686341269,0.037952113760680806,-0.005242757131706077,0.05217318316055897,0.0429531220149052,2.0919504552519008e-05,-0.0005747768991353763,0.0010322066786535578,0.04550758699463964,0.03152152792233387,0.020380748894877343,0.040078503175465685,0.024340709802221805
-0.000675828211551488,-0.012381511519350852,-0.0032769503532428246,0.006960145172853427,0.0008732910003357852,0.0038329762060057004,0.0,-0.0010747850498601386,-0.009428989890070294,0.004442265230707898,-0.00607865586981754,0.008478495110604611,0.006222137523807292,-0.03481839329306913,9.173197725237392e-05,0.005829624603072681,0.003346660569810256,0.014858176464796535,-0.015159932057319525,-0.0011172609246298815,0.0020721805016710726,0.0022664464161046283,-0.001371055948325206,0.014275099256486179,-0.0006112127263139255,-0.0004484584958956428,0.004243248813121214,-0.01842096779981739,0.005817168691729047,-0.011344258916445416,-0.008162246280093821,0.0013219064665501157,-0.03810377541087007,-0.008215357750593955,-0.015372892145613826,-0.02688601860147566,0.00564699026463783,0.01620997912098493,0.006283545257203926,-0.0008705347798413365,0.010110060429230572,-0.0003535156590349642,0.001818835506314287,0.0029927988901015112,-0.0009879190923095527,0.0,0.002461769048237028,0.05658007080852567,0.0,0.00024692882910426484,-0.00048094770666562425,0.0029531618090082867,-0.0006114413564791699,0.0013437241174002468,0.0003755164469028127,-0.0009710843649405887,9.207293466617639e-05,0.000535675219223819,-0.0014922448511480169,-0.0011386447706375757,0.0010662304805092448,0.0,-8.662417435023606e-07,-0.0017136287067780476,0.0009976830181852026,0.0002250985031570507,0.0013663737400207432,0.03717746465822247,-4.055395333585343e-05,0.0006362656405030642,0.0009998107997173378,0.0333678608375938,0.0020543913924764845,-0.0008230034154030896,0.0012622947935109208,-5.734646451371894e-06
0.024955630701422926,0.021774991318806003,-0.00781911652838202,0.05381462207255833,0.030064047078643685,0.022067813590811558,-0.0010747850498601386,0.0,0.013208642552255123,-0.0016164377758391968,-0.0490613882119576,0.006114526591938729,-0.00409251701890484,0.020586253424297818,-0.0223499196343393,0.009321347809654934,-0.00014404955189611934,0.0005877083720988163,-0.01717089558116397,0.012517408418863063,0.029433002110176687,0.021765275738043766,0.008915478836956814,0.03052271469343404,0.003326102806654574,0.01532363328812203,0.01600170988505334,0.002402718416450178,0.008385580807446336,0.014987123102767397,0.00880649800882416,-0.013337464050333758,-0.0002612723905539016,0.00621516269629796,0.019520903278329726,0.009042920648336006,-0.045937797835153504,0.0020685980566868545,0.009845342972150228,-0.0012420372283679648,0.00766388056224665,-0.003932949144570985,0.035659647096065505,-0.0014933687079667912,0.0,0.00016963709905015723,-0.0005678945846880334,0.035639243509421714,0.0,0.039339213374938786,0.01121597567832916,0.014309446922608715,0.017271294874318943,0.023459477275861063,0.0005399269818739394,0.04025629172321066,0.00016736022414215457,0.002834053756846866,0.012927903263505791,-0.00474245373012655,-3.747347740734597e-05,0.0,-6.464555427282415e-05,0.0496328606387636,0.046114194262181885,0.002673880377923765,-0.002215181778770947,0.007592469430571569,-5.551115123125783e-17,-0.000282104655530635,-0.002575283528486294,0.0054009134429738315,0.0061750207078457575,0.03842778505655564,0.025003025287678393,0.005478963603855802
-0.0002926699439235736,-0.008639306418827541,0.02480110702066135,0.007137446705936801,0.0029075791997445477,0.008275945468389834,-0.009428989890070294,0.013208642552255123,0.0,0.00354065094433903,0.008195339141763347,0.0018970418206611939,0.010728066128487146,0.005452243190247175,-0.0011748816816397611,0.03556551818759218,-0.0020031783348187227,0.0013730723540241185,-0.005172018843554005,0.017991822358286724,0.0015143852471694585,0.005292374773540776,0.03184257887073516,-0.0015302359233683172,-0.015237118380832693,-0.01571287273326788,0.024110465458579367,-0.0005071300529292389,0.024524309207810013,0.017801712447131912,-0.00031212361147126,0.013030689238630433,0.0025764622438494422,0.004074467732107956,0.02484049307352959,-0.0052063190055812725,0.010863018297706861,-8.592499355780658e-05,0.06440708786263905,0.0005127803227320538,0.000926875533442284,-0.004864124437575945,0.033487952034860935,-0.0036439871717695027,-0.0019002366213401456,-5.551115123125783e-17,0.000985046926949673,0.043098727397767544,-1.3868362089275443e-06,0.028883859924204502,0.014356398445593332,0.04307097979820651,0.03162196004074502,0.02704024427557683,-0.001916047063421522,0.051077710529634945,-0.0013098323280301138,-0.00026805749546576774,0.039043020829933495,0.00027161768921651896,0.0006599679416086079,0.0,0.0,0.04212380913885605,0.0005099214174201783,0.0007722559162416931,0.0006788082069462686,0.033453307381254405,-9.727889563126979e-05,0.00011902333778485152,-0.0009311690150797247,0.02398401998238453,-0.0025181892537865513,-0.0014743509389636977,-4.494274815047827e-05,0.003191386196810475
0.030605683569209507,0.0011486396969007107,0.008031627834710675,-0.044998099766642985,-0.005463044115932514,0.011201501107217737,0.004442265230707898,-0.0016164377758391968,0.00354065094433903,0.0,-0.0038123645530524497,0.013550267409122407,0.018220905694275424,-0.07746343427208252,-0.0008628204659600902,-0.02890754577317345,-0.019760026154676535,-0.020418363882743262,-0.004850950917420771,-0.003924888976915675,0.0016982446517154748,0.0011297890179470804,-0.003628509493329435,0.013844022219994312,0.0026620340442381485,0.010166058242972342,0.00928529292854513,-0.014586174266925156,0.032177245093693296,0.0004990470430397131,0.018199210998856796,0.00911572321078985,0.0018085208287479393,-0.004527916353515571,-0.003988270731094479,-0.0875124234701504,-0.0023685683207536057,0.00292038020983848,-0.00684352230590396,-7.375767731759852e-05,0.007816493416771486,-0.004383999695947938,-0.01023440699607725,-0.0017634114767861586,-0.003951364429036042,0.0023852550620154234,0.00034175696285865254,-0.0007526118326171005,-7.87464811463634e-06,0.00039496819201201294,0.002129933066427059,0.0006252403492962855,2.8791288801399695e-05,-0.0017498946831824291,-8.367450367652296e-05,-0.00014614334230356185,-0.009228949851766088,0.0029819389041453315,0.0,0.0007939376568302237,0.001785357956267719,-0.04340404017147548,-0.04085359628457491,2.588438100692425e-06,-4.2055578334865285e-05,0.0007631764647410555,-0.0015032733023035982,-0.001135190404194908,-0.008004714993103734,-0.023559632440684486,-0.013974801147687121,0.00010467401299985024,0.019879065827342723,-0.0009473704253938342,-5.551115123125783e-17,-0.0023887485133830544
-0.0006432511746837788,-0.00015511052024330674,-0.00763054984172612,0.007338133301687144,-0.005911053484974449,0.01110305574867887,-0.00607865586981754,-0.0490613882119576,0.008195339141763347,-0.0038123645530524497,0.0,-0.00709722095473736,-0.002354855712868642,-0.011852646877274942,0.0,0.00010138958554090083,-0.0007986577650509474,-0.00047015754193202586,-0.028398723756834554,-4.8993847182543515e-05,-0.0001668939949004411,1.1156979719317839e-05,-0.013690793380866262,0.019603850133037004,-0.0004979115976962989,0.0002903154578116074,0.008092873155327529,-0.012567087444636138,-0.0004917270869765344,0.0003736796548908794,-0.013794148948491902,-0.019971868553591343,-0.03543979025676269,-0.005840505046014632,-0.004926651364016654,-0.020007245350495972,-0.0050271807425452675,-0.009501991300527757,0.008755656361636388,0.0009124201111258556,-0.0010445663238816683,-0.0012052356158591682,0.02356029006034327,2.6325076953992443e-05,-0.0006817620658126633,0.0,1.1102230246251565e-16,-0.10835001279591638,-2.685439138283563e-07,0.04942181530526635,-0.05262171187915665,0.009765831118736135,-0.0021935496237602825,0.012969151843778115,-0.0008271021622856534,0.008799573201067001,-0.001728731747743184,-0.001305863697821874,0.05264900889744173,5.551115123125783e-17,0.0,0.0,0.0,-0.015392950497516211,-0.0005675121881664191,0.0,-6.683073595392663e-05,0.02431145625003228,5.551115123125783e-17,0.0,-3.922165855024806e-05,0.011107804175117253,-0.0012161003005371485,-0.00140483407986286,0.0,-0.00011622478488493293
-0.004131329755597046,-0.0019004605581562362,-0.0012518360910807047,0.05166891730962275,-0.015132999013647785,0.013979708916901923,0.008478495110604611,0.006114526591938729,0.0018970418206611939,0.013550267409122407,-0.00709722095473736,0.0,0.016365654306984556,0.0023850381024218548,-0.0003234063129931575,-0.013150567107229838,-0.0034493155089058702,-0.021706897635625944,-0.0025909320551257276,0.0037593221883785444,0.002143772527366139,0.001316754411022858,0.002214811280227824,-0.008260202343072398,-0.022149310255119514,0.010548628133606353,-0.0014326555985261225,0.003253296934494665,0.002801603162131183,-0.0013863173477040025,0.015609681972256928,-0.014848904540228691,-0.013172877730547095,0.0036992974665603917,-0.001371854199279432,-0.0006833763499581869,0.010689067466459423,-0.003365493609094161,-0.014744669413009837,-0.01173268817741091,0.022517798625480423,-0.004842097799123202,-0.00047284727201390986,0.0008593080446643864,-0.0027514547946688728,0.0008764462139169704,0.0013328370132684175,-0.0006921493837237502,-0.0006737412189227188,-3.253118853518977e-06,-0.00014372306288401582,2.171578276866093e-06,-0.0001928865456187201,-0.0002845954294316,0.011183159381053631,-0.0013853256357335697,0.011844314153053426,-0.0012991577894428397,0.0003406496714681295,0.00012007231607275015,0.0015316460229430895,-0.03032697198730866,-0.041187620391424595,-0.0002681003157964379,0.0004896556464394908,0.00127382659729669,-4.716299409579516e-05,0.0015069977134894441,0.006573537174330346,-0.01905325391798879,0.001998496358486479,-0.001021661163812082,0.030678624152996936,-0.0007138384181582524,0.0,-0.001114267789280643
0.0010139722878201307,-0.007099688184916575,0.0034962570092670897,-0.005997576541197425,0.008257611417181843,-0.008096652987735764,0.006222137523807292,-0.00409251701890484,0.010728066128487146,0.018220905694275424,-0.002354855712868642,0.016365654306984556,0.0,-0.029835564606724707,0.020533945373220563,0.008399989785099982,0.008217073700727662,0.00719138743576847,-0.0050158011524352175,-0.0002003166222587227,-6.113136631030747e-05,0.014922334223595457,0.00037756774533931337,0.026746705004782045,-0.0006837637734164459,0.010484907235699559,0.004599649755141988,-0.010030795084711497,-0.001537472364651793,0.02295449998183985,0.02047393118833396,0.01947098709080447,-0.006691220833100808,0.015708837125728403,0.013556909485185065,-0.02140858486724334,0.018868701083438466,0.022027105142212344,0.06372180155291363,0.0013745266811628354,-0.0010139961224806537,-0.007147912218855912,-0.020960680536823595,-0.005178653556847546,-0.002837770353802671,0.0006016817164286037,0.0033461627219547596,-0.0021720032681092905,0.0,-0.00029407571074646643,0.013991871886486318,0.00075350054161194,0.007773194778843973,-0.0006231366385556214,0.010677506838366657,-0.0027020642562232133,0.03161330248204186,0.002659250381775835,-0.0006697960818018434,-0.0010765773469061934,0.001006571211819518,-0.00032754190874600964,0.0018296002298591185,-0.004458923192962927,-0.0010322673164639418,0.0014171747316211736,0.0012847512511596215,0.03501174107123628,0.00037191523806090476,0.0011099401602387982,0.003259045997974108,0.024532795871947455,0.0003126730062904537,-0.0022851699193204844,0.0009930264355759721,0.0029685910860819953
-0.003145803550113957,-0.0005963209925312629,-0.031861186320304435,0.023712690131812764,-0.0432932344780218,-0.0008331962312996266,-0.03481839329306913,0.020586253424297818,0.005452243190247175,-0.07746343427208252,-0.011852646877274942,0.0023850381024218548,-0.029835564606724707,0.0,0.00023887493867530418,-0.0004953468864468125,3.6084505153521906e-05,8.925729472825106e-05,-0.016767383890703424,-0.0003785179642570302,-0.0035282073396232794,-0.0005421239704399561,-0.018703236523292643,0.0011934884817855762,-9.333419294926815e-05,-0.0030967217409042513,-0.0015673729076295384,-0.05484523000405561,0.0008511410912371287,-0.0003281005453478758,-0.004718030459328226,-0.018779141260339416,-0.0017620637593360189,-0.01294187608558528,-0.01697576086046071,-0.008863549956519251,0.01704035724284747,-0.00041590697481314054,0.007214594213968029,0.0,0.0006805868599770726,0.0008749003721192916,0.044500686220552366,7.730033218522614e-07,0.0,0.0,0.0,0.029377771257002472,0.0,0.008602912334326862,-0.0011066905609619648,-0.0014793271724020673,0.002001381927424495,0.021116062051193207,0.0,0.0033074109132048,-0.0001291629567050645,0.001730786837599363,0.07088228793151619,1.1102230246251565e-16,0.0,0.0,0.0,0.004220385918594138,0.0,-1.1102230246251565e-16,0.0,-0.004974956307060685,0.0,0.0,5.551115123125783e-17,0.0001286717543883542,0.0001400962671391226,1.1102230246251565e-16,0.0,5.551115123125783e-17
0.04708639728414615,0.017026039532733184,-0.0004174458705125672,0.00037394546088875824,-0.00055980393456595,0.031121821346804968,9.173197725237392e-05,-0.0223499196343393,-0.0011748816816397611,-0.0008628204659600902,0.0,-0.0003234063129931575,0.020533945373220563,0.00023887493867530418,0.0,0.012410297103330137,0.021723417726118133,0.019091520057140543,-1.1102230246251565e-16,0.039841917594116705,0.027873435280579395,0.06550187389046197,0.06205728340573902,0.05540861194496688,0.005981567934597698,0.04758784388702458,0.05259346308033813,0.0012449148358985584,-0.005275671703000806,0.005204722221999192,0.01568387061353632,0.011593546588321568,0.025724013675449464,0.007852943137371393,0.008719030636462677,0.00992696252145897,-0.0022682986746163647,0.00010721272097541368,0.03961238476252016,0.037545284056231254,0.0360076671633488,0.03248942827006529,0.0020844185412864924,0.0004756555738156254,0.0,0.03615773925452037,0.021780450817628305,0.00044134825886238405,0.0,0.0,0.03065062656897949,0.0016888626269020435,0.010956367474399265,0.0004157057611922643,-5.551115123125783e-17,0.0,0.00039966426154203205,0.028802239538866625,4.402121547064652e-06,0.05108943720556969,0.021800860419381674,0.0001383276026662994,0.003175466004673555,0.0,0.0560391881220611,0.03921641681743043,0.04301991660136156,0.032333545258018126,-2.3386866730368272e-05,0.004192720993337895,0.029051404596153296,0.03772013396465568,0.029905955899280856,0.033750818505902946,0.029161659092672487,0.03075593329195192
0.007567162611171463,-0.0008154179568259368,-0.000467182331746252,0.00015761880704290299,0.019725914296909453,0.0343903073489058,0.005829624603072681,0.009321347809654934,0.03556551818759218,-0.02890754577317345,0.00010138958554090083,-0.013150567107229838,0.008399989785099982,-0.0004953468864468125,0.012410297103330137,0.0,-0.008988593022509705,-0.03703603067647637,-0.00016216768532861803,0.0037463505513310458,0.005398085129769581,-0.0039752098209910325,0.020566537981444755,-0.009158711312067691,-0.03474395811301889,0.006664703848267672,0.015629938051128722,0.006116106205233729,0.0042825759889342785,0.019578108022107632,0.01342187619294849,0.018578317494018115,0.049189406999812835,0.004745758271240519,0.007107222426415094,0.0004592154420031691,-0.0004605230284306372,0.0016715450899735251,-0.009870356069496378,-0.011616505906488883,-0.0129585039581806,-0.023733662524830557,-5.7400306224253406e-06,0.0,0.0,0.0130418645050831,-0.008074936434278701,0.0,0.0,0.0,0.0010089857664269397,0.0005808248120210968,0.0007299657971789886,0.0,-0.02697163525127161,0.0,-0.0025005853585928772,0.0016159544734000164,0.0,0.014842923802076302,-0.006491173630740532,0.0002229309049291417,-0.016070703139874742,0.0,0.00172301891338128,0.008481889289292444,0.004081208829075256,0.0006995026398400328,0.029731931761107167,-0.020002431474581528,-0.009746765573596994,0.0022627205056293676,0.003836594746488231,0.017500514545939483,-1.1102230246251565e-16,-0.010193490490289003
0.003792958078774722,0.0017537736959720718,-0.0007484199085543985,-0.000191650613217631,2.5790336907138833e-05,0.001114894239212183,0.003346660569810256,-0.00014404955189611934,-0.0020031783348187227,-0.019760026154676535,-0.0007986577650509474,-0.0034493155089058702,0.008217073700727662,3.6084505153521906e-05,0.021723417726118133,-0.008988593022509705,0.0,-0.01749174826997657,-0.0006436647939378481,-0.0006400038442219147,-0.0015353364982782503,-0.014683797188675685,-0.00016418702670512042,-0.011754022589525182,-0.0067717328252535625,-0.025786593555961856,0.00013634278056706695,0.010927752000042756,-0.002046636434248905,-0.0005574850594811109,0.021523071195847343,0.02779340743467351,0.02564712555023929,0.009493082604041081,0.00901718651885125,-0.00013634739017892583,-0.00032971233062084604,-0.007197442036668389,0.002411856345499286,-0.015749089430818985,-0.016158927113590182,0.0008270285794115817,-5.551115123125783e-17,0.0,-0.07448133569812132,0.0006243439148776453,0.0004872371671825193,0.0,0.0,0.0,0.0,0.0,0.0,0.0,0.0012032268742975805,0.0,-0.0017306345042285565,-0.0007405658778257829,0.0,0.0002950207451716258,0.0014503483922684302,-0.03519396494115079,-0.028011859603179257,0.0,1.1102230246251565e-16,0.0,1.8258442274765585e-05,0.0,-0.038058152348684315,-0.027024069252720828,-0.009510059237384016,0.0,-0.001793987633106453,-3.4592687266854494e-05,0.0,0.004909142011771561
0.0033854240017217596,-0.0026659196913892957,-0.001277148293063135,1.3145626935440191e-05,0.028020496252243843,0.028203327152420687,0.014858176464796535,0.0005877083720988163,0.0013730723540241185,-0.020418363882743262,-0.00047015754193202586,-0.021706897635625944,0.00719138743576847,8.925729472825106e-05,0.019091520057140543,-0.03703603067647637,-0.01749174826997657,0.0,-0.0012216818166194687,0.010452577187401946,0.011500113596158879,0.013971563323306513,0.011423662926027034,-0.021259547771044107,-0.023193718204463087,-0.01781303420473862,0.01684526619488208,0.005172686272466309,0.00924129182790051,-0.0013649639071423025,0.002075015930357582,0.013984789874310732,0.02389222644090694,0.005118305575043169,-0.004447820120052626,-0.0016644823662508856,-0.00043463293270390446,-0.0006587703596063199,-0.004098306809765917,-0.013629308549327979,-0.021116760385251676,-0.028650054191935004,0.0,0.0,0.001787367686828245,0.009231230716820693,-0.012227322697256737,0.0,0.0,0.0,-0.0007695968040298817,6.805469368154071e-06,-0.00025283589571051257,0.0,-0.0015970056325447235,0.0,-0.007726339193518006,-0.0003407716033341779,0.0,0.00040197371228495316,-0.01164731793595869,-0.015009374693290778,-0.013395498952529172,0.0,0.0008508680731276197,0.0025727645332344617,0.005178603242715407,0.0019728573182660747,-0.015329977578757648,-0.016548988989757596,-0.008627492447512042,0.0003312989176290082,0.0016294693086514322,-0.001195155202013909,0.0,-0.0021963204009470827
0.0,0.0013108235119985712,0.003387024996361787,0.011400242696443741,0.0044229861139887805,0.0038079384752647827,-0.015159932057319525,-0.01717089558116397,-0.005172018843554005,-0.004850950917420771,-0.028398723756834554,-0.0025909320551257276,-0.0050158011524352175,-0.016767383890703424,-1.1102230246251565e-16,-0.00016216768532861803,-0.0006436647939378481,-0.0012216818166194687,0.0,0.0004258843649705413,-0.00039828320496582137,0.0011622995474254716,-0.02753219165430365,-0.0002539045078601143,-0.0010626242380847306,-0.0007504015495874983,0.01693464408780382,-0.013924092114393605,0.00033653120205662246,0.01280065113135348,-0.018006060451294104,-5.346746828538418e-05,0.0005642651165962409,-0.008284087760257852,0.0034124746742786316,-0.02506709272314428,0.00884441183294049,-0.004554781004674047,0.009855094692389488,-1.5233141190618138e-05,0.0018453165481897016,-0.0029539193957616727,0.019145015667172915,-0.0018850188728656847,-0.00016103722803806342,0.0,0.0,0.03965039489703476,-5.551115123125783e-17,0.008070176453648714,0.036791206686711986,0.017175111424758027,-0.0011842060281618272,0.013859845427471207,-3.2202487702914784e-05,0.03597891098505418,2.8963962990069536e-05,-0.004039522493612502,0.0432761318652351,2.220446049250313e-16,0.0,0.0,0.0,0.026553487743091297,-2.9777601183389457e-05,0.0,9.730344662839396e-05,0.014461648607889455,0.0,0.0,-5.551115123125783e-17,0.03374724259302986,-0.0006595174664535408,-0.001547457260401064,-0.0001026600147844281,0.0009567087741072511
0.05701602328284622,0.015695526187030073,-0.0007732457126232717,0.0009196396857769629,0.006925637951834596,0.023938967917695952,-0.0011172609246298815,0.012517408418863063,0.017991822358286724,-0.003924888976915675,-4.8993847182543515e-05,0.0037593221883785444,-0.0002003166222587227,-0.0003785179642570302,0.039841917594116705,0.0037463505513310458,-0.0006400038442219147,0.010452577187401946,0.0004258843649705413,0.0,0.034086524029748766,0.005395449906854255,0.024558694327506347,0.004657809113053801,0.014028432921958212,0.02187770831133362,-0.03176951339885814,0.0010656132228485937,-0.038042037537147466,0.018881733975474435,-0.004371860268684635,0.014213494636366064,0.018820648763226366,0.011130244640975617,0.01172821078012648,0.012469500242862086,0.022738837187167682,0.00484800609438979,0.042988805997753066,0.024256952456237157,0.029264977026802252,0.03442472815224701,0.0028989800062437787,-0.0016492996629676737,-0.0005022107464460746,0.04054145596464526,-0.008171766732820662,-0.0009139664430560246,0.0,0.0,0.027690093676056737,0.0024674709605840284,0.00263982922366085,-0.0012369624026091763,0.0006569554186324211,1.1102230246251565e-16,0.00010639683947599732,0.0018609204412011193,-1.1102230246251565e-16,0.026647093211792705,0.006306831014598169,9.131149917629422e-06,0.002893694899723631,0.0,0.044561313136091574,0.03209708727708127,0.029532491565820773,0.0292218668529039,0.0,0.002420396350777565,0.011615169878861298,0.03751573755320864,0.024039864121249588,0.03204690163721691,0.023522175248362476,0.03920493202681863
0.03796547928618238,-0.007817069120416076,-0.004284635176044105,0.0005412205308112927,-0.0023597651853466406,0.023211821046441983,0.0020721805016710726,0.029433002110176687,0.0015143852471694585,0.0016982446517154748,-0.0001668939949004411,0.002143772527366139,-6.113136631030747e-05,-0.0035282073396232794,0.027873435280579395,0.005398085129769581,-0.0015353364982782503,0.011500113596158879,-0.00039828320496582137,0.034086524029748766,0.0,0.005864700599963468,0.024036620020792543,0.03994851580689529,-0.0004969524662739588,0.025674645737218504,0.035586182774377695,0.015282087010375422,0.0001568703086211598,0.01573503093016715,0.006444625227303991,0.007677377970942423,0.018235086650612464,0.002593329708921621,0.004959592374766064,-0.034732806164176566,-0.0009589761089597859,-0.0016834703218912561,0.01729787847983577,0.01798961479829675,0.03034772062806035,0.030850249448441835,0.0020936769098881536,0.0,0.0,0.06277165658786232,0.01334340706101489,0.0015300981758369359,0.0,0.0,0.014416056666854193,-0.0003681838583798891,-0.0006670982009864268,-0.0008507147239079083,-0.00043710723606771307,0.0,0.0010143323084582656,-0.0009125472868984907,5.551115123125783e-17,-0.011115094396501879,-0.013142858000909363,0.0,0.0004177254069329672,0.0,0.02190790382432628,0.0029982101468291056,0.024145352185908853,-0.014940935187742699,0.001264067938140545,0.000905053312473314,0.019662782744738982,0.007976223960465156,0.006565386722098221,0.017126938920380197,0.047374302493089604,-0.0011730946515324803
-0.008939707302660194,-0.009663850481851033,0.012753351222139109,-0.0011092976240639207,0.009057481432906911,0.029521630173631797,0.0022664464161046283,0.021765275738043766,0.005292374773540776,0.0011297890179470804,1.1156979719317839e-05,0.001316754411022858,0.014922334223595457,-0.0005421239704399561,0.06550187389046197,-0.0039752098209910325,-0.014683797188675685,0.013971563323306513,0.0011622995474254716,0.005395449906854255,0.005864700599963468,0.0,0.03275002453035358,0.004716473261061616,-0.012508034760558562,0.009705967002667515,0.01613713298194397,0.011929998496509553,-0.0007647694723398324,0.021093926774069904,-0.0016613659685694726,-0.004177568175006363,0.0034447881200909136,-0.00579261744780768,-0.0062852595443250725,-0.003030616267460373,-0.0037467566810991393,0.004061847947261388,0.011378513445417404,0.006563325438574963,0.010225313103774392,0.010713801626982822,0.0028701913298387893,-6.212810930605883e-05,-0.0003654487212972901,-0.0005036033410740215,-0.004358000493194236,0.0006922060795879204,-2.4206726685349622e-06,-0.0001429862072462318,0.026334496819607367,0.002103147333770483,0.0009666620095466483,0.001529686451155976,-0.0006913117910457012,0.0,0.0005047357515364226,0.0021224303004586664,0.0,0.016284656675639997,-0.005521387341855977,-0.0006349245412255455,-0.028540109399257718,0.0,0.015948915716934964,0.011951721681259186,0.01752691524785216,0.015520695655136252,0.0014278280284460432,-0.01873678303921439,0.008495219665862142,0.02358001582268726,0.004836902388241193,0.021326849992427455,0.0007137192644248169,0.0021682753113393405
0.029257183317462743,0.022622979870044746,0.024757746440916828,0.0042715558543964804,0.029678578893118646,0.025874161523666117,-0.001371055948325206,0.008915478836956814,0.03184257887073516,-0.003628509493329435,-0.013690793380866262,0.002214811280227824,0.00037756774533931337,-0.018703236523292643,0.06205728340573902,0.020566537981444755,-0.00016418702670512042,0.011423662926027034,-0.02753219165430365,0.024558694327506347,0.024036620020792543,0.03275002453035358,0.0,0.02668583192423163,0.031449169997600224,0.037322198022891995,-0.0015784895011574096,0.008042314518070859,0.016061666582184053,0.020250109062215305,0.013408456857761597,0.013842860255307066,0.011956393772796337,0.014989923248980408,0.024246474360207604,-0.02790985544106711,0.011761092651984162,-0.005563835668023209,0.03564339669232397,0.04004082525857633,0.03381290139576498,0.049290299064217225,0.005325709334096929,0.0014487724608558405,-0.000237662308571418,0.010188240379965685,0.01946550620511689,0.06612164852980251,0.00012895827773024005,0.02181193768629186,0.02635081141389095,0.030659169311551215,0.012187790287978284,0.028207016930592133,0.0018149454540910548,0.05686929052644224,-0.002585871214218327,0.020717641507234208,0.08084928117658924,0.03285100095442661,0.004273892337966656,-2.2212532021281817e-05,0.0001971159219859575,0.06625472173822744,0.06004611972418605,0.041286925898697424,0.04890115659138683,0.03611748530038472,-0.0005322205543964453,0.006274767029984363,0.03871322143064032,0.03501420029198565,0.03318023866926645,0.042162593494402656,0.031518594949084044,0.032671473961802366
0.04875293224001187,0.0013725720500649685,-0.0012781793427951715,-0.0024339962575584684,0.009346616711337463,-0.0012839320575793178,0.014275099256486179,0.03052271469343404,-0.0015302359233683172,0.013844022219994312,0.019603850133037004,-0.008260202343072398,0.026746705004782045,0.0011934884817855762,0.05540861194496688,-0.009158711312067691,-0.011754022589525182,-0.021259547771044107,-0.0002539045078601143,0.004657809113053801,0.03994851580689529,0.004716473261061616,0.02668583192423163,0.0,-0.03938887716141365,-0.0063376074971217555,-0.0034660076803694206,0.017478401723672543,0.0015938010756491594,0.0005922665017376039,0.0283042754428241,0.0242455164159332,0.025376077448050538,0.0335476651377023,0.011189284872154592,-0.11669672861867078,0.014599031437820098,0.003661185983165477,0.06899216654942308,0.003907651807212753,-0.012888831807115586,0.008990565343487356,0.00114514561004192,-0.0003071135358946875,-0.020031970012248212,0.067146762534528,-0.00191570270290925,0.0,-5.551115123125783e-17,8.773543209872336e-05,0.0002468708669306485,-7.50229260524371e-05,-1.6653345369377348e-16,-0.0005425306660204465,0.01856521633585978,-2.8162774360462883e-05,-0.002139343199621835,-0.000978944869220455,0.0,-4.732788915928765e-05,-0.012904703210327328,-0.01432878383596553,-6.291574152078594e-05,-1.0691666196049887e-05,0.00023910775548358076,0.0005432993700931754,-0.0019464927679181954,0.0007659796501422456,0.04370157192849933,0.0024739619157675974,0.013545672265945274,0.0008074477198589114,0.0037759209619966927,-0.0004746825138091104,0.0,0.016327112258448184
-0.013943421490552166,-0.02860850691061967,-0.001091265012873932,0.000523499727432597,-0.003452236636807826,0.015958414633275797,-0.0006112127263139255,0.003326102806654574,-0.015237118380832693,0.0026620340442381485,-0.0004979115976962989,-0.022149310255119514,-0.0006837637734164459,-9.333419294926815e-05,0.005981567934597698,-0.03474395811301889,-0.0067717328252535625,-0.023193718204463087,-0.0010626242380847306,0.014028432921958212,-0.0004969524662739588,-0.012508034760558562,0.031449169997600224,-0.03938887716141365,0.0,-0.02503277249809127,0.007137277813845988,-0.012405598042972532,-0.004835459876482651,-0.0005601526307906779,0.0015800338800733282,0.001699073798463402,-0.009495738277446764,-0.009684250411565676,-0.013063188097789058,0.0013948371176186747,0.00030982781095217904,-0.031589584820932104,-0.014740124385789588,-0.02413247706213989,-0.025540690245510977,-0.028190295741057192,-0.0011013164716072166,-5.551115123125783e-17,0.0033052707971480966,0.0012205754943673819,-0.030580178420550608,5.551115123125783e-17,0.0,2.220446049250313e-16,0.0030251030119302635,0.0008514055178492907,0.0014022527673730467,0.0003597815767028001,-0.015937421369555116,-0.00014439673788596563,-0.011712595364132994,0.0010130399299101978,0.0,0.016610363254921878,-0.022169796334962022,-0.03352588885826663,-0.015793741472199696,0.0,0.01036112590624405,-0.016721193918300403,-0.007524912429987318,0.004354090524826937,-0.02768987480128432,-0.023102263534789558,-0.01793032437592529,0.001603339571936202,0.024734694096171628,0.0074220053568537225,0.0,-0.010204869364039026
0.008825154183200568,0.006794960802144312,-0.001879410225617606,0.0021345230364689383,0.003421015768366953,0.014362623370337113,-0.0004484584958956428,0.01532363328812203,-0.01571287273326788,0.010166058242972342,0.0002903154578116074,0.010548628133606353,0.010484907235699559,-0.0030967217409042513,0.04758784388702458,0.006664703848267672,-0.025786593555961856,-0.01781303420473862,-0.0007504015495874983,0.02187770831133362,0.025674645737218504,0.009705967002667515,0.037322198022891995,-0.0063376074971217555,-0.02503277249809127,0.0,0.03456949425468081,-0.005482749506814821,0.0026559272805960488,-0.00018865971936549153,-0.0035761977038272774,-0.0023175740943544576,-0.007114144520375343,-0.007244667372758862,-0.010262817636573607,0.0024336324581841207,0.0010943518340054137,-0.013209673474628314,-0.003475576707788086,-0.014465137689904872,-0.022495880170497196,-0.020961880816169565,-0.003571618919538555,4.570170449780253e-05,-0.0934035880016369,0.006146996779616332,-0.0041906826130259645,0.002264957181297933,0.0,-3.5997693415723564e-05,0.03816143434695668,0.0008947352802753383,0.0003361083807502663,-0.0007605810172970351,-0.008633625879302997,0.0,0.002461956866853632,0.0022729475921273723,0.0,0.005530305504993671,-0.017217834905213558,-0.029645318683604094,-0.015683041272077813,0.0,0.016779368868465927,0.025734466983579063,0.009474443056145643,0.027609896593694616,-0.011324176291328814,-0.022920817359179446,-0.013849797178686118,0.029152818777535616,0.001942381862928222,0.02634821854606606,-0.000254420699799085,-0.01020418040755866
