0.0,0.4708459086521782,0.3192539853178108,0.0,0.43285532204006694,0.6052972271714676,0.4082927188002148,0.5971836117753744,0.4144743912508148,0.5180423987535164,0.4090243103528671,0.5793369358084545,0.4791981560032935,0.4556759038305087,0.4428282208519151,0.6670944344650677,0.3485730102363069,0.5505185716956783,0.0,0.6261683660315986,0.4001504516947404,0.5026746989143558,0.5255371387236342,0.49019942532205174,0.4750035433545414,0.610424948037373,0.4913438509546161,0.3732837309705017,0.4672622308191515,0.6142011287844675,0.45794157045248696,0.4466197978534929,0.3358488867210707,0.37350378717456445,0.1881990605534166,0.6065396745897926,0.4805872304299076,0.4161851474031485,0.5768167606717958,0.5181793100863769,0.5523709723997694,0.4941732006561078,0.4577256391192308,0.0,0.4019295199092333,0.4369585293140571,0.6288514054569565,0.0,0.0,0.0,0.7124081721678226,0.0,0.5255262176947166,0.0,0.3497487167615415,0.0,0.46583540500232024,0.6727302691466492,0.0,0.5521280815987264,0.6001541809446108,0.2407236052470266,0.5145321521910613,0.0,0.40524276576979723,0.3428193867218885,0.7286577578984983,0.734493947034795,0.3857395845113383,0.5278074427746744,0.6670344270116915,0.44146299723615734,0.40849541548350443,0.4163859045618968,0.0,0.41454578073867954
0.4708459086521782,0.0,0.4785067247149252,0.342753105428957,0.3642483309773823,0.450092670665307,0.4005713921370212,0.6466215167298326,0.4525377318605085,0.3596524559077663,0.3187988939942967,0.4428609695643996,0.4038939527683994,0.5353485389979358,0.43321048771474746,0.5976196408074304,0.49362041074041796,0.5879233945429831,0.6309106317850328,0.46677087809555107,0.5160528775972653,0.599807049986713,0.5840584002499939,0.53032919649052,0.555182223069626,0.4697339048293495,0.44880400857378133,0.4002804673984464,0.4541716317760036,0.4134220335629568,0.47171091282554506,0.3709107586047677,0.23824753965115858,0.3589703285001275,0.30010998982371867,0.40730322426716203,0.26168070769557583,0.0,0.4989474971872657,0.6810571969895165,0.47881786794840697,0.38301030798111857,0.6366473055668176,0.0,0.0,0.3738675197201137,0.5307774777235221,0.05957376075184951,0.0,0.0,0.4701333375370316,0.6152637116681228,0.5540164576326639,0.5514984731726871,0.5867557060145068,0.0,0.4220688396969549,0.6059306020562654,0.0,0.47856340857817464,0.4500447837735014,0.5656817300857405,0.4510026297704807,0.0,0.4899406587101069,0.5449980735590467,0.6927009282339474,0.5754112380626495,0.36704737847386015,0.3333521045183871,0.5594503847107744,0.5010082891756678,0.5938005442103759,0.6824944807542772,0.0,0.7148681058352778
0.3192539853178108,0.4785067247149252,0.0,0.43788339720277314,0.7962381352941756,0.5924711156996764,0.48813188923282125,0.7104490627694628,0.601268815919551,0.46325274742731093,0.6353378508024328,0.12144989108610826,0.5219040580098966,0.6833688163915557,0.3086238778475101,0.38793616840046696,0.6470631480651706,0.4932297037426747,0.6361645274309536,0.37863409801354264,0.35531823842071864,0.46175333924526624,0.5440294063349798,0.39762339935221647,0.4408860417626645,0.36910004232873744,0.4370583465838214,0.5893869163863532,0.6804716467531495,0.6079840901770035,0.6030995514298743,0.5290438869714849,0.4325050597334052,0.5947062462395459,0.42356396041927397,0.5738679127169541,0.41352878627388695,0.4430440405204956,0.5555866175026175,0.4778415582321392,0.4037163616309925,0.5732036273520071,0.5304542747002511,0.61356114237618,0.0,0.0,0.20673823245943426,0.19122445134957367,0.4791378986354449,0.244122492458114,0.40860686204733015,0.2948138237100867,0.6702168746080743,0.3248049591174617,0.4053937145120927,0.6313892092549729,0.45932673608576124,0.32279354148844197,0.5021484913415026,0.24167740136831478,0.0,0.0,0.0,0.03488531471868664,0.6080966794222327,0.4617091328594468,0.0924671562946726,0.5261957468546179,0.0,0.6196252435400973,0.325393749091882,0.43274462360095844,0.4741424924972312,0.5908070825553975,0.706475256389318,0.32996048203966555
0.0,0.342753105428957,0.43788339720277314,0.0,0.6311910432515754,0.5810856988284339,0.5227782277415439,0.6705940028146868,0.8652520689392499,0.4600736878243867,0.6035062607452806,0.22955678851752903,0.701570643604289,0.7871334958553691,0.728502987590283,0.06832511401829741,0.558490692593872,0.4607986508845968,0.6700498247124878,0.7940770720466905,0.3772689320071717,0.6432601269574021,0.5538526244635766,0.2344576342947099,0.8649454722136218,0.5591757415440997,0.6372858470632252,0.5067593395905401,0.37146653472347857,0.5269848279940844,0.6165103404150118,1.0921563827820062,0.16400628681526036,0.8634771730660231,0.9895158616741105,0.569712221257803,0.4734394387914372,1.0013543954383246,0.1361452774397471,0.29072715923521153,0.3930135699726206,0.2750469350140576,0.2593719461913427,0.2261599234215817,0.0,0.0,0.0,0.395285366434449,0.0,0.0,0.5625287026082162,0.0,0.4587353032886089,-0.019518230079868408,0.0,0.1994529219349429,0.47014480295697203,0.4491324085667389,0.0,0.0,0.0,0.0,0.0,0.0,0.0,0.0,0.460580893625878,0.553709816218255,0.0,0.0,0.0,0.4972465932683966,0.5282248823022918,0.5584701660649358,0.0,0.0
0.43285532204006694,0.3642483309773823,0.7962381352941756,0.6311910432515754,0.0,0.5230161504550144,0.5387756428563972,0.6695737014296601,0.5062755390984062,0.2851017937111,0.45319745096430636,0.6987418810014763,0.6440831512423075,0.5589177082664496,0.4445945306982815,0.4506798820677907,0.5040307782869572,0.3134568804439199,0.6243730190670921,0.3785825597161103,0.4876133606025736,0.46124090594906897,0.5522182287558354,0.8261190058540249,0.3675004905261525,0.3405081257513117,0.7424148871075056,0.7545730849521803,0.5099901721517442,0.41605597214053164,0.6925332383642617,0.34190719756460924,0.39793051162514037,0.7098737889065259,0.30824650849386387,0.4282535861426987,0.47528802332482245,0.56303797874572,0.5965442707048418,0.6882437492588804,0.5491282785420697,0.43182868581757616,0.15139237679336898,0.6760888445489561,0.2525942877735319,0.0,0.4001465557761281,0.06465152152425313,0.0,-0.4996165847539839,-0.20918934911630743,0.5786109361894631,0.5126493470485134,0.5108654722206293,0.0,0.08206198726292432,0.343707295319014,0.6796932283400832,0.4714734878970194,0.25547325787916864,0.44528591302124626,0.0,0.0,0.611081421336615,0.3803700721380765,0.48719460030237327,0.3392437551701146,0.42605570362155504,0.0,0.4809146237330867,0.5933591739594746,0.256318096528692,0.5733459732422759,0.42534415303842377,0.0,0.5105285863483003
0.6052972271714676,0.450092670665307,0.5924711156996764,0.5810856988284339,0.5230161504550144,0.0,0.4417998572980732,0.4272526354696746,0.3786842063914345,0.3989971187595814,0.5688222835132967,0.5413663642624726,0.4714384915899994,0.39769069873986784,0.39713940686720495,0.5295998466940613,0.4287274449292503,0.5796769139933929,0.6627686424564188,0.4840405367547709,0.5265169367973042,0.40413917375864594,0.48212600783305937,0.2968495928238321,0.5118491811418644,0.5725554852644464,0.5332174686860496,0.6084670640168179,0.37082526881540084,0.5210105184854348,0.5689130428673435,0.4206486290301997,0.46646003954985116,0.4997584947593337,0.3864676466599778,0.4908578366622372,0.44743738520477744,0.35569161967168517,0.521089303829409,0.2738711071385663,0.4558239103416076,0.5317039050121621,0.6165385952598978,0.5243032912397386,0.2061974973316436,0.5953433291311268,0.45407282499249124,0.36565245025747406,0.5490465222111212,0.4085249892480328,0.41627906249189595,0.5305101083403121,0.579056229885158,0.3931235240849641,0.6817253818083091,0.23182465530555893,0.30345055135450805,0.42533189317978115,0.540488075271358,0.5930625301939845,0.5263707901559985,0.0,0.49031669055203597,0.42277700040674204,0.4995396907820989,0.3342423692744366,0.48881907260719343,0.4122587092093529,0.5945423430446611,0.4428804395834466,0.4015237360520355,0.427527144580087,0.4093787851091576,0.5377161482038686,0.4032035382058387,0.44383929568951
0.4082927188002148,0.4005713921370212,0.48813188923282125,0.5227782277415439,0.5387756428563972,0.4417998572980732,0.0,0.24337390099148076,0.5819849584043629,0.6982965470966415,0.4744567569203385,0.7528242142376537,0.5085008487914511,0.4347593619385328,0.467558183475167,0.4058000508039972,0.39084365937779497,0.34062172488781167,0.5563118608563542,0.4193001529980144,0.36510931881324266,0.38859119159803407,0.2780474885845987,0.8023089042179619,0.3460877464202087,0.550960626543604,0.3897321995354245,0.639661595832226,0.4479385617301026,0.3765941292136665,0.5797235399458415,0.6730209278641537,0.8996791853671091,0.5177085204027869,0.2725007292382763,0.6294113082117964,0.5200308706422616,0.8449085867781319,0.6124404452322005,0.39923293849171676,0.6035908209821055,0.5605479545805889,-0.3061693663388497,0.7986600269186589,0.31665199316978343,0.0,0.5680835907476618,0.3805775578449017,0.0,0.5350732563131191,0.4749073911766446,0.5331684408266764,0.47007015524585777,0.5490992336970497,0.5489814253861478,-0.5355580417411738,0.4538158883881035,0.4482944997202563,0.4265233147300429,0.33340095510365525,0.5536424328038121,0.0,0.5433659985350665,0.5766968527470524,0.5766471773447011,0.5125250894288955,0.6156726614737618,0.47463602098893687,0.4774271409532924,0.6115918833390122,0.49523917219447894,0.4704521899556778,0.5185222758623835,0.4046478521533147,0.7322225833937214,0.4812877487025383
0.5971836117753744,0.6466215167298326,0.7104490627694628,0.6705940028146868,0.6695737014296601,0.4272526354696746,0.24337390099148076,0.0,0.7349791998357926,0.48349768415515293,0.5531822758124518,0.7933409267231317,0.28698705591840357,0.5432583389173511,0.5494816151938753,0.7042645895918206,0.4131676329320949,0.5644394360090728,0.6979045797965617,0.555252019289002,0.5474605678252904,0.7149518044323387,0.47217381050484925,0.40045933260851785,0.5758109886640201,0.5482419918000594,0.4171688180741882,0.38038522237040107,0.3637052720883808,0.2706385638109192,0.4366383402045889,0.38890592052366024,0.35189330022186627,0.41174440136698287,0.38036734312360404,0.4101724997902433,0.5601237992519654,0.5476285814326645,0.570091246549735,0.4233498110026789,0.3798406419007945,0.47220878064018534,0.48963991432786635,0.4216415702557317,0.0,0.5388699046444727,0.29515325058867464,0.6842688880075847,0.0,0.5776097018666059,0.48158222856697463,0.3442254416722093,0.6040044457498059,0.4203090333384938,0.8180316043155716,0.44076388664243393,0.9025913131446898,0.3746650726776609,0.5758419248051305,0.6749488746950483,0.33418896277243293,0.0,0.6114947821930298,0.5521529146439628,0.5359755059017348,0.65578679511173,0.5310653476845003,0.5416684967513595,0.0,0.44585635242289656,0.30835936327188396,0.4762891510926993,0.39620019699701203,0.5586339568966663,0.48206265215323546,0.3423154316160905
0.4144743912508148,0.4525377318605085,0.601268815919551,0.8652520689392499,0.5062755390984062,0.3786842063914345,0.5819849584043629,0.7349791998357926,0.0,0.872352146540658,0.5276346633683625,0.4770657394147207,0.6385305952847575,0.5385110631245962,0.6174576359188229,0.4448859935926455,0.40753585041669255,0.5188593689466813,0.4755295692252491,0.484983766899018,0.3562861651521775,0.5673019721631207,0.5788598236731108,0.36809108130773643,0.4663586965758922,0.5237571311423675,0.5635500498661983,0.7868062482096171,0.5457140873427544,0.5582684437260659,0.8169535074142353,0.7531727428942108,0.7549477045708057,0.8371967411316941,0.6403363250710411,0.8426714580769057,0.7027583662807877,0.9077256371685152,0.5893467566095791,0.4873247123904496,0.49647140796695033,0.4595374313415666,0.4949934634013548,0.45223665545030756,0.28456712516330684,0.0,0.5040995684433919,0.5934705063170516,0.4791729072577732,0.6104878533266213,0.5148790519054399,0.567212632729637,0.5987031696078282,0.4696435770220968,0.21997188821737898,0.5720056845692953,0.4124023866217143,0.45245987939771287,0.494435414695941,0.4225749466909572,0.6383983613773292,0.0,0.0,0.5442990525413406,0.583873071993388,0.718650431198705,0.5462471054042856,0.5392691785068339,0.33146537530489006,0.5291940039769967,0.2560662850335169,0.4299594706364019,0.4639781580359105,0.5283546826922118,0.5166696900146552,0.5722125727428626
0.5180423987535164,0.3596524559077663,0.46325274742731093,0.4600736878243867,0.2851017937111,0.3989971187595814,0.6982965470966415,0.48349768415515293,0.872352146540658,0.0,0.6706039276130795,0.6913869288970815,0.6467283606171738,0.08939145380532393,0.43086868971536124,0.5124318966253911,0.7530210743179208,0.5929997838034307,0.6443519418861874,0.37467556737807106,0.44880205895420855,0.8811967914219734,0.20929871272118,0.7124450418289549,0.810485288889371,0.5808366271136529,0.1694446375154629,0.7529677010029368,0.3232544095959786,0.3527959674756812,0.8564934379935911,0.4782053196256716,0.8171272406602073,0.6454091616048918,0.3223389101524111,0.3280316516225812,0.3849243782596772,0.5606784519730686,0.4586705954250878,0.25024984602283973,0.5489233179894983,0.4339797312556193,0.28649592004391866,0.31017401337443656,0.533041037579189,0.48311122700570996,0.52305165970215,0.17019817299124915,0.49582964598083534,0.40832109900751024,0.46708987452637796,0.3970730511024656,0.5649746126424066,0.19109184089443726,0.5662690872412169,0.48328590335689553,0.6942260441450319,0.4788246189646953,0.0,0.8978015347992478,0.5761689860052802,0.5481492243073284,0.5540889159196765,0.4613439044196752,0.4615525747617636,0.5378766135937407,0.32300575670710524,0.559510767558004,0.5868105837374649,0.5340994453992278,0.5673606047635794,0.5995858597679742,0.47123179004516896,0.39211321085932493,0.0,0.6554643867783517
0.4090243103528671,0.3187988939942967,0.6353378508024328,0.6035062607452806,0.45319745096430636,0.5688222835132967,0.4744567569203385,0.5531822758124518,0.5276346633683625,0.6706039276130795,0.0,0.5547056456676234,0.5896845523069981,0.4838132659269456,0.0,0.5173949505464671,0.46059737649293087,0.5242558164486677,0.5227570166468967,0.4428668259692832,0.49618276885237933,0.3964449147017198,0.37025687869119506,0.656578297552022,0.5138993801447149,0.4983425718727515,0.5662742358116103,0.6578025319601419,0.3520473380997398,0.501595483692161,0.6582137211270624,0.4742214839267534,0.7467074665819466,0.7768339916889921,0.5447243248049083,0.7602747176424313,0.7325502440087425,0.7743138695695055,0.32601269081902806,0.5297587671823791,0.5116055341588669,0.49981888903621824,0.3789725664416721,0.5470686429116834,0.19770879515188133,0.0,0.0,0.6584176832281481,0.4615556083602158,0.23432332628947955,0.3570579154370749,0.17196511879802123,0.5828942413436817,0.5336301755159635,0.5075089982836352,0.24232100259594963,0.4152215699062527,0.5100042375172272,0.44060741944828224,0.0,0.0,0.0,0.0,0.2953717713877515,0.35865000284816817,0.0,0.6600978050856519,0.36576581011624587,0.0,0.0,0.9101728661076562,0.3912447644104094,0.42175139361303515,0.34553695851288224,0.0,0.5311195728471823
0.5793369358084545,0.4428609695643996,0.12144989108610826,0.22955678851752903,0.6987418810014763,0.5413663642624726,0.7528242142376537,0.7933409267231317,0.4770657394147207,0.6913869288970815,0.5547056456676234,0.0,0.6023992816085888,0.6166596814426578,0.41674902371951505,0.5524682337573634,0.8479010708067665,0.8445991105561992,0.5888179188675408,0.5633074096847054,0.7269238810310221,0.9529041203317363,0.37694167795544853,0.6529685305830875,0.9239824098280822,0.6685488000105613,0.17420412384778605,0.6835536921275838,-0.20551986893278973,0.29715152421565416,0.849075985540152,0.29888256971101296,0.7058226708243265,0.4898886435105837,0.49030774986369535,0.1556474033801333,0.1539907663039743,0.220998971831822,0.26413705517865316,0.007003968922727921,0.044375460232048525,0.12296759486633152,0.09793777863786757,0.19319591595916397,0.35563362708062507,0.3349602880749803,0.2733117718663576,0.25669405538875034,0.17934819574864563,0.25958446186776585,-0.5095660820758479,-0.33151903881421296,0.21645907310487023,0.3905944402721121,0.6389744356695388,0.24465864297005954,0.7923338030613882,-0.38005830327466844,0.6652367968291026,1.660053614351531,0.5347841966666712,0.5777280646555134,0.672599344191432,0.324763634584473,1.0297182940393932,0.7629938343543688,1.2703819301848926,-0.2475553390155255,0.5595693814175983,0.5638256317964703,0.6034364214984747,0.3889888573722432,-0.28422519687774317,0.5188602340271705,0.0,0.7144193938864594
0.4791981560032935,0.4038939527683994,0.5219040580098966,0.701570643604289,0.6440831512423075,0.4714384915899994,0.5085008487914511,0.28698705591840357,0.6385305952847575,0.6467283606171738,0.5896845523069981,0.6023992816085888,0.0,0.39827942622335805,0.32513586379407877,0.4240052613954489,0.6598790146422803,0.5111466755846789,0.6697965178763461,0.48808412762530967,0.41537785482291856,0.3860853147005427,0.32911134703177225,0.4860625022498085,0.5608079250516407,0.544973726748014,0.36832111515238225,0.543478106820175,0.45626982733970456,0.49334030610116975,0.509050453184158,0.6841398010416913,0.4723023087519773,0.5853625513889523,0.3320389639804312,0.6820959967138054,0.556058180989162,0.7156314736540225,0.6366739527259695,0.5102167929371793,0.5473876496973906,0.5734740199797699,-0.09423245008527809,0.4044750488367468,0.37066363310904404,0.5847916912257671,0.6368265109382196,0.42989398912442833,0.0,0.6602157882190007,0.5025125553552989,0.48752778916672174,0.35364619009890874,0.5237379895643313,0.4950862207178196,0.42748596389137883,0.4424613541525054,0.5442545063768154,0.46532505484981546,0.41927542390940586,0.504448750093436,0.37714748182307506,0.5231104425045625,0.5349325852408019,0.31836103804281446,0.5527532660444179,0.5236888747287969,0.36541459592936487,0.4620573334318888,0.4438832149424309,0.44295666096559994,0.4078586019394279,0.5019870177959722,0.44768506389634916,0.5002503031763272,0.4844008202998449
0.4556759038305087,0.5353485389979358,0.6833688163915557,0.7871334958553691,0.5589177082664496,0.39769069873986784,0.4347593619385328,0.5432583389173511,0.5385110631245962,0.08939145380532393,0.4838132659269456,0.6166596814426578,0.39827942622335805,0.0,0.49657352315993075,0.5525677410350053,0.44728807065690535,0.502893815741969,0.6055186030027745,0.3805237738031417,0.4422804783312242,0.2488491087803601,0.5156251173166573,0.615738594053175,0.5111205572327921,0.43402301445789404,0.6397327305033417,0.5197241219503117,0.3422822457607232,0.7864951332201529,0.4635013999977307,0.27577292523618285,0.23265985289090046,0.6737664697804346,0.37397749070045094,0.4287522250043185,0.5448200621752751,0.4102379299988968,0.3692523873055621,0.0,0.7723988154012946,0.8255404126948926,0.32840136515992263,0.4782788964787684,0.0,0.0,0.0,0.33914239757309195,0.0,0.506232076434454,-0.07524499894588937,0.4534968572159456,0.458342944115522,0.2735252667316621,0.0,0.23198437808784034,0.3716409186690267,0.6921151339138569,0.13145153989161032,0.0,0.0,0.0,0.0,-0.054244531373000726,0.0,0.0,0.0,0.3743748504106031,0.0,0.0,0.0,0.14697463958460605,0.7474459699763589,0.0,0.0,0.0
0.4428282208519151,0.43321048771474746,0.3086238778475101,0.728502987590283,0.4445945306982815,0.39713940686720495,0.467558183475167,0.5494816151938753,0.6174576359188229,0.43086868971536124,0.0,0.41674902371951505,0.32513586379407877,0.49657352315993075,0.0,0.5338762209865139,0.31808524743729505,0.5099557254354523,0.0,0.6195228315864877,0.45426490076686654,0.21716834120296352,0.2829388417368361,0.3266813858430791,0.4889252950734855,0.4368405333503505,0.37168008360363747,0.37192785703033193,0.48110001676192016,0.46588241421099275,0.5140440660412647,0.4027251636414231,0.5096168542342681,0.4253561143988185,0.31294964612953585,0.45098490000205105,0.2740859168860632,0.37155638154316306,0.43290782854443394,0.6127537916264365,0.47762436950531817,0.3698234012624767,0.8394569802923798,0.5591687932163677,0.0,0.5348616124569147,0.4913732724971941,0.453155939119921,0.0,0.0,0.4635285400972497,0.7052805257034955,0.6984812353849457,0.5585519055788695,0.0,0.0,0.6866452371866736,0.5096802782682991,0.466092326287996,0.6238648951833846,0.6038368822609317,0.6275622251277091,0.6903368943654649,0.0,0.7096286384370358,0.5449687529564189,0.6526304281939881,0.7072355198056235,0.43547563343694085,0.5060778563646902,0.43914731982105526,0.6184249704375449,0.5499747581297059,0.6224014627512275,0.47586754478110027,0.5241261939601956
0.6670944344650677,0.5976196408074304,0.38793616840046696,0.06832511401829741,0.4506798820677907,0.5295998466940613,0.4058000508039972,0.7042645895918206,0.4448859935926455,0.5124318966253911,0.5173949505464671,0.5524682337573634,0.4240052613954489,0.5525677410350053,0.5338762209865139,0.0,0.5004484785853757,0.7160304179750919,0.44041394668011813,0.5483420807735291,0.5360675111908544,0.721356180056568,0.6032308627650245,0.7889996417199929,0.7433632942762471,0.6723346743324727,0.5762238882341065,0.42045250630191106,0.5231030356237372,0.46056522167720904,0.6598983981281767,0.4457323129068621,0.424417002518243,0.5335656186910959,0.3497710411366986,0.6637219093994713,0.3864982320401751,0.5871318406418781,0.6755488390602746,0.5273002764460237,0.6696401695497586,0.47872837197483964,0.4660121984175443,0.0,0.0,0.4226929430925366,0.7084120821445801,0.0,0.0,0.0,0.4985478304126826,0.5836507137282008,0.849582246968839,0.0,0.6148591498234164,0.0,0.5107291073465257,0.5459957835102841,0.0,0.4732680520898941,0.6480163648045698,0.5908529309621022,0.6165931358505544,0.0,0.49079710786677705,0.47050001313878714,0.6625728241522746,0.5023522285055764,1.0260012503414002,0.5981063587326857,0.6286386827677042,0.49513211513120875,0.5279734210010588,0.5885464559979289,0.0,0.42175213000161255
0.3485730102363069,0.49362041074041796,0.6470631480651706,0.558490692593872,0.5040307782869572,0.4287274449292503,0.39084365937779497,0.4131676329320949,0.40753585041669255,0.7530210743179208,0.46059737649293087,0.8479010708067665,0.6598790146422803,0.44728807065690535,0.31808524743729505,0.5004484785853757,0.0,0.6847175412206608,0.7155919285079533,0.3430703135634806,0.5195395745641507,0.45216233363478464,0.500829601418948,0.7056865238508356,0.8227604309782313,0.5385104770588072,0.5205205631499126,0.8350680644609627,0.2801728935074437,0.447420130821107,0.6218489720272231,0.6017793702469096,0.6931826047764342,0.6589511795011779,0.47465938083115217,0.5542365941469594,0.238143715712505,0.5715473346041744,0.5301863032680281,0.424353299823063,0.5317746269978605,0.5778739175317941,0.0,0.0,0.5202010201075331,1.1153600816790303,0.6115133497002703,0.0,0.0,0.0,0.0,0.0,0.0,0.0,0.6556574815687468,0.0,0.6674776181460745,0.28421179140991004,0.0,0.7226074637166716,0.47117738803659615,0.6423454368811699,0.6009896396320031,0.0,0.0,0.0,0.5749660940869659,0.0,0.7579847993623321,0.6326017038609884,0.6097609146767924,0.0,0.2869448967260123,0.4758629626709734,0.0,0.6187955698517758
0.5505185716956783,0.5879233945429831,0.4932297037426747,0.4607986508845968,0.3134568804439199,0.5796769139933929,0.34062172488781167,0.5644394360090728,0.5188593689466813,0.5929997838034307,0.5242558164486677,0.8445991105561992,0.5111466755846789,0.502893815741969,0.5099557254354523,0.7160304179750919,0.6847175412206608,0.0,0.4691350988548809,0.512642554109626,0.6868683594985723,0.49253307764883714,0.47654152843024244,0.6460842774057206,0.6640106006078066,0.573060985974333,0.6848082381876996,0.4439195354347406,0.46681232225926184,0.3734960772808663,0.5519661669952307,0.4886495010179873,0.6132293495427898,0.7552192318712037,0.4483646376226196,0.5489768555236306,0.26180637222943326,0.40427720019492774,0.6292079611680157,0.6592640505926441,0.4661739087451734,0.5549030384731498,0.0,0.0,0.5719281160831645,0.42624845399434885,0.6357172727737546,0.0,0.0,0.0,0.4878941546190301,0.5732126301834067,0.8720366960840377,0.0,0.61459120002119,0.0,0.7077611120622402,0.5394630505217816,0.0,0.543119722080682,0.5295835753047742,0.6219444233896068,0.6028777264663019,0.0,0.4381395037967387,0.5487304023260966,0.8955250509799826,0.6875624629415051,0.6789316331460087,0.4947537113339404,0.561826038859347,0.424426072472018,0.6459961757052988,0.3773089182685637,0.0,0.5424377743746196
0.0,0.6309106317850328,0.6361645274309536,0.6700498247124878,0.6243730190670921,0.6627686424564188,0.5563118608563542,0.6979045797965617,0.4755295692252491,0.6443519418861874,0.5227570166468967,0.5888179188675408,0.6697965178763461,0.6055186030027745,0.0,0.44041394668011813,0.7155919285079533,0.4691350988548809,0.0,0.5422365942658463,0.4514021674545616,0.6981685267362152,0.43544891917750217,1.3151731568953908,0.49939079575290296,0.5166115563169456,0.4912750532944341,0.7351898387231816,0.5460596353659899,0.5707331316940814,0.6995107016721931,0.6722004665591705,0.1058128470526443,0.7091588713778746,0.5673071164067482,0.7796989675625752,0.5571714320687764,0.7344539008080053,0.6386818032417518,0.37503413069036784,0.43057617100815854,0.25383961259850896,0.6087433826076769,0.37356613734797095,0.3989300122155788,0.0,0.0,0.6546283065621852,0.0,0.4411533154185382,0.32173450873755877,0.4418037927224139,0.5516392995958285,0.44641479032344794,0.8888203766789354,0.6099458184171243,0.5249856456401116,0.42181171622570834,0.44208143077091905,0.0,0.0,0.0,0.0,0.6857516667973711,0.469008501988147,0.0,0.4896984526432102,0.48136302371326767,0.0,0.0,0.0,0.3678536651752242,0.4818824860096933,0.419449081222084,0.4887563120114815,0.5119930707695047
0.6261683660315986,0.46677087809555107,0.37863409801354264,0.7940770720466905,0.3785825597161103,0.4840405367547709,0.4193001529980144,0.555252019289002,0.484983766899018,0.37467556737807106,0.4428668259692832,0.5633074096847054,0.48808412762530967,0.3805237738031417,0.6195228315864877,0.5483420807735291,0.3430703135634806,0.512642554109626,0.5422365942658463,0.0,0.6030946704797763,0.5158151055600297,0.605353507395261,0.5176767493832267,0.398614762486909,0.37663340180314697,0.5240027425221816,0.5447299666117729,0.784941646963266,0.6910539545644621,0.5851546898972884,0.38146698730609285,0.36732988738937306,0.46214450645559274,0.23437904559163475,0.5731991867320831,0.444301481953268,0.7816066955567058,0.5751429800650011,0.3815515839331372,0.6439507593731353,0.3620357253429139,0.4869988847031088,0.3017764521632691,0.22020986460172087,0.46403210638049325,0.5029489388434727,0.47049454731182677,0.0,0.0,0.36649130477027025,0.5826808070945618,0.5345393085922798,0.39803359487369866,0.9266059836233139,0.0,0.5458935273409964,0.4766553510689079,0.0,0.6082468122122051,0.5014412053531198,0.46178463539218706,0.527623748512293,0.0,0.5402910262844184,0.47555490996611277,0.6028736534923196,0.5417497345922665,0.0,0.4602844930683487,0.4807710309136739,0.5072550069416977,0.44201021396916307,0.5991725461494569,0.3900132331753929,0.5947613979924007
0.4001504516947404,0.5160528775972653,0.35531823842071864,0.3772689320071717,0.4876133606025736,0.5265169367973042,0.36510931881324266,0.5474605678252904,0.3562861651521775,0.44880205895420855,0.49618276885237933,0.7269238810310221,0.41537785482291856,0.4422804783312242,0.45426490076686654,0.5360675111908544,0.5195395745641507,0.6868683594985723,0.4514021674545616,0.6030946704797763,0.0,0.4681812456399843,0.6041932303708373,0.42768055811765493,0.5313671654599468,0.5682122812698289,0.4918378704545661,0.49089618508416516,0.4958670525634343,0.38175588041915864,0.3537690960217549,0.30331687681118435,0.33236988494490877,0.24507861870215647,0.27872009251194674,0.48259060245754326,0.31696040898443534,0.49313643294013976,0.5602117304101857,0.7620282152927507,0.4197419686988268,0.3753359648411912,0.5718908446027271,0.0,0.0,0.42469368775579924,0.605454499138101,0.6268789390802798,0.0,0.0,0.3848695071124245,0.4058696929099003,0.5862227107731628,0.5334780925625431,0.5493001440742036,0.0,0.7302247906605401,0.4382251616810886,0.0,0.592149622654834,0.6998745137604673,0.0,0.4901585679166679,0.0,0.5433536498835136,0.6113274005720802,0.5969836685225229,0.5308357328341174,0.7452655309343592,0.3806535079173399,0.7135601245193409,0.47227162164679676,0.43255195879762437,0.5821009184192592,0.34855505712789125,0.4026461356824669
0.5026746989143558,0.599807049986713,0.46175333924526624,0.6432601269574021,0.46124090594906897,0.40413917375864594,0.38859119159803407,0.7149518044323387,0.5673019721631207,0.8811967914219734,0.3964449147017198,0.9529041203317363,0.3860853147005427,0.2488491087803601,0.21716834120296352,0.721356180056568,0.45216233363478464,0.49253307764883714,0.6981685267362152,0.5158151055600297,0.4681812456399843,0.0,0.5740129806571357,0.6644483075054846,0.595684848675512,0.6487583224468105,0.4671452897420732,0.4760460754799395,0.4999585688284424,0.49281265690019915,0.6509221971814081,0.4178882881057652,0.31517104935395784,0.5124263935456258,0.3081388954318471,0.39294700356055634,0.5521019382122956,0.5301113814596861,0.4943662619914997,0.6725837300459524,0.4823621546998088,0.4413008487323896,0.7607007408029819,0.35261790755959266,0.24103028889182768,0.49781975697620945,0.6196039882805229,0.5691394522964541,0.4727524624539362,0.24236698502942242,0.5221351144254369,0.690946193330509,0.5722544805762592,0.6182442831761418,0.44518546778632073,0.0,0.5171865066533967,0.5739273707867207,0.0,0.5714273607765696,0.6602162336597643,0.39185080853811083,0.5523130020288949,0.0,0.5466646107911972,0.4675253674855532,0.589391231463625,0.5416906443400149,0.7077777520788522,0.33933952622719665,0.5560869201804262,0.5124027887588458,0.47878016165592746,0.6061574841292656,0.5600436407906073,0.6067709386861213
0.5255371387236342,0.5840584002499939,0.5440294063349798,0.5538526244635766,0.5522182287558354,0.48212600783305937,0.2780474885845987,0.47217381050484925,0.5788598236731108,0.20929871272118,0.37025687869119506,0.37694167795544853,0.32911134703177225,0.5156251173166573,0.2829388417368361,0.6032308627650245,0.500829601418948,0.47654152843024244,0.43544891917750217,0.605353507395261,0.6041932303708373,0.5740129806571357,0.0,0.37867218937933744,0.624917718768919,0.49317567421330455,0.1760242353595474,0.3579366015637815,0.43235355062947717,0.34014782462971116,0.4196076862402119,0.3745309433400244,0.2898238348540194,0.4074839644746774,0.366586540770455,0.4639263952813199,0.3035545666356715,0.20521793082250042,0.5007881082054075,0.6035983891531547,0.4472593156263818,0.43687827584297106,0.41863260251022305,0.5137443118091026,0.5897424072427973,0.6853694090286632,0.8740472916968085,0.4316504429226558,0.42379727672745077,0.24499775937919,0.39054593333861154,0.2797605790362422,0.5750442952224551,0.5352900095533867,0.5669311250737317,0.496367911877156,0.42958430423082744,0.3908553313418487,0.473213025193505,0.6034570020349814,0.518596577012842,0.4615525747617656,0.4921569652803567,0.5249769018744396,0.4965307462705257,0.4818456044516958,0.6039126741235794,0.5343976112304626,0.21784042698055722,0.5134592075841747,0.5368967546020024,0.38766901531154646,0.39120214421669486,0.5191183468655574,0.49261551026173517,0.4330828329872953
0.49019942532205174,0.53032919649052,0.39762339935221647,0.2344576342947099,0.8261190058540249,0.2968495928238321,0.8023089042179619,0.40045933260851785,0.36809108130773643,0.7124450418289549,0.656578297552022,0.6529685305830875,0.4860625022498085,0.615738594053175,0.3266813858430791,0.7889996417199929,0.7056865238508356,0.6460842774057206,1.3151731568953908,0.5176767493832267,0.42768055811765493,0.6644483075054846,0.37867218937933744,0.0,0.6548923755432868,0.5433827396191993,0.41930864014180735,0.7019069097357391,0.5545821286001644,0.8069823444542483,0.885193062373749,0.8387925633019518,0.9772241908859802,0.37815005700545745,0.3482437112959059,0.743574643402768,0.35984384325372065,0.32322488947442507,0.921101638034413,0.7776886768809685,0.3224966706485299,0.22663874068341072,0.5479239895878861,0.3873916043552218,0.5328330155166304,0.4496032650728955,0.314838608908351,0.0,0.0,0.445863932384429,0.5552571940491324,0.26301227626176915,0.0,0.05945103743730831,0.6749528701686061,0.5668942818570408,0.8313369140375085,0.38925244294448075,0.0,0.17804043473568373,0.5133869282861283,0.4701517356088227,0.594639727927383,0.4990582224217035,0.30289223933227005,0.3828159507433875,0.12433796179269875,0.8396769682388621,0.6821985511908143,0.5311258062862696,0.6222782996992833,0.5182281359982928,0.5802553191904307,0.6062400800294444,0.0,0.7289917195002857
0.4750035433545414,0.555182223069626,0.4408860417626645,0.8649454722136218,0.3675004905261525,0.5118491811418644,0.3460877464202087,0.5758109886640201,0.4663586965758922,0.810485288889371,0.5138993801447149,0.9239824098280822,0.5608079250516407,0.5111205572327921,0.4889252950734855,0.7433632942762471,0.8227604309782313,0.6640106006078066,0.49939079575290296,0.398614762486909,0.5313671654599468,0.595684848675512,0.624917718768919,0.6548923755432868,0.0,0.4260788723782681,0.5742465975372253,0.6110536152809488,0.21280552700499714,0.36324607249893637,0.6219389550807315,0.3322637265283037,0.5974798256869538,0.5966550520022769,0.4962958196382634,0.3980565646828199,0.598165142765457,0.6686698081881209,0.542928827082355,0.6380088110163071,0.5293462885971529,0.4961554381218222,0.09587855291635505,0.0,0.5093854596703573,0.5257124090300074,0.6442945032561074,0.0,0.0,0.0,0.5214172936075717,0.5205057719823061,0.6327726739285646,0.42490134329626017,0.6476268177251101,0.42559771782712924,0.7010096824946882,0.3718066594783895,0.0,0.5116958230097997,0.5744672496505598,0.5861089239406123,0.5978110409395094,0.0,0.5904128643642094,0.4749534455695942,0.6864395799893899,0.4582609160708385,0.666147925877267,0.48713936888499026,0.51676010004353,0.42798929127503205,0.6436555021972857,0.41778858392080764,0.0,0.4568436423434338
0.610424948037373,0.4697339048293495,0.36910004232873744,0.5591757415440997,0.3405081257513117,0.5725554852644464,0.550960626543604,0.5482419918000594,0.5237571311423675,0.5808366271136529,0.4983425718727515,0.6685488000105613,0.544973726748014,0.43402301445789404,0.4368405333503505,0.6723346743324727,0.5385104770588072,0.573060985974333,0.5166115563169456,0.37663340180314697,0.5682122812698289,0.6487583224468105,0.49317567421330455,0.5433827396191993,0.4260788723782681,0.0,0.5524718870104521,0.6041285473154021,0.5359902019984699,0.34728242734736103,0.5195012816068225,0.5044908793767799,0.5069204712009718,0.5567246043725556,0.42813290808896454,0.5662968345006999,0.06776236746457023,0.618467537843506,0.678298654998267,0.6306103470790899,0.7103022395317669,0.4607766943586215,0.16934220651539267,0.5197749968640708,0.5058005475525207,0.5179755971757737,0.761975816166291,0.6435489021737171,0.0,-0.012234266598473736,0.48438445249277334,0.6148185144808205,0.7870600066923574,0.3589984072926591,0.582646279616979,0.0,0.7150430156256455,0.576251297782884,0.0,0.4922127672778644,0.6813916735434671,0.5447322196630078,0.5316791163094979,0.0,0.5624390588957755,0.6237615421883748,0.7231105865516594,0.5911871342455647,0.6663544811888307,0.46075403301522866,0.5513578292921292,0.5812420271835113,0.5405921224182211,0.7919352280456828,0.4314749575187826,0.5138391871701656
0.4913438509546161,0.44880400857378133,0.4370583465838214,0.6372858470632252,0.7424148871075056,0.5332174686860496,0.3897321995354245,0.4171688180741882,0.5635500498661983,0.1694446375154629,0.5662742358116103,0.17420412384778605,0.36832111515238225,0.6397327305033417,0.37168008360363747,0.5762238882341065,0.5205205631499126,0.6848082381876996,0.4912750532944341,0.5240027425221816,0.4918378704545661,0.4671452897420732,0.1760242353595474,0.41930864014180735,0.5742465975372253,0.5524718870104521,0.0,0.42854788048718795,0.5246225112137317,0.39562463527417024,0.45369945008234125,0.352291019917654,0.33670273288073604,0.452271925685654,0.2809314925409401,0.27492068308996676,0.4298319908909888,0.18987787419154617,0.4728253375517586,0.6279704741091046,0.45489570115690214,0.4355784463149947,0.23580782544085555,0.5111471769440008,0.42247029501633304,0.40834558682611327,0.4029522172559684,0.3732466685733138,0.4602316550907205,0.5163623497018067,0.37740205490257184,0.19374176764431703,0.488931965299507,0.4259258269958458,0.6798108787042155,0.4831303983269053,0.3170452723492815,0.4025002881831844,0.602499076329313,0.5298572890879831,0.5030037641769439,0.0,0.45543736568828663,0.46037814997460513,0.46902966300283266,0.44418318938029894,0.4806255881086043,0.3748249860467243,0.0,0.5089527886096754,0.4153819907139638,0.4208437787683054,0.3613877786372386,0.474804408553271,0.3214342889257721,0.3843540913170481
0.3732837309705017,0.4002804673984464,0.5893869163863532,0.5067593395905401,0.7545730849521803,0.6084670640168179,0.639661595832226,0.38038522237040107,0.7868062482096171,0.7529677010029368,0.6578025319601419,0.6835536921275838,0.543478106820175,0.5197241219503117,0.37192785703033193,0.42045250630191106,0.8350680644609627,0.4439195354347406,0.7351898387231816,0.5447299666117729,0.49089618508416516,0.4760460754799395,0.3579366015637815,0.7019069097357391,0.6110536152809488,0.6041285473154021,0.42854788048718795,0.0,0.6697644864304511,0.7277615349418292,0.6500849977230976,0.7350758463084159,0.8736731173550597,0.6876318498902574,0.6102943100932474,0.8267599538611494,0.6038340215225592,0.8937199022014648,0.3989903823115575,0.31882638485198644,0.4661959064953323,0.3627850747749142,0.2952497145732273,0.47353710493005385,0.5865409680904212,0.6388128393137127,0.6063903047002341,0.4758677083747032,0.0,0.6674872342800078,0.39015159179587033,0.5138315972110717,0.5019394973463822,0.47934168061609905,0.7518361821390865,0.46570712423634797,0.7034213948673892,0.4806681980619918,0.2973689059653902,0.5692718427295584,0.468367419725488,0.17092568819323462,0.5666943400200034,0.671043415367323,0.3583246401574322,0.45453424697623984,0.40417918449919904,0.4665785050435675,0.49134886621707596,0.5430282942451624,0.3619893558074135,0.4754654738651097,0.5117408034547569,0.4506970376746433,0.46571241820784354,0.4193526681539972
0.4672622308191515,0.4541716317760036,0.6804716467531495,0.37146653472347857,0.5099901721517442,0.37082526881540084,0.4479385617301026,0.3637052720883808,0.5457140873427544,0.3232544095959786,0.3520473380997398,-0.20551986893278973,0.45626982733970456,0.3422822457607232,0.48110001676192016,0.5231030356237372,0.2801728935074437,0.46681232225926184,0.5460596353659899,0.784941646963266,0.4958670525634343,0.4999585688284424,0.43235355062947717,0.5545821286001644,0.21280552700499714,0.5359902019984699,0.5246225112137317,0.6697644864304511,0.0,0.5420693135778175,0.7140508194177324,0.42259417222043205,0.4269896623396816,0.6614526933727185,0.28918418286612335,0.5483265136377953,0.3872937338089896,0.5122953033426826,0.4538974747785607,0.3894317382132048,0.5197681278128883,0.4224238860131542,0.3663438623728761,0.5204904566282144,0.5883164098671674,0.41384282595067867,0.6474995865026434,0.46216063282538217,0.4532841876072323,0.4179070795083016,0.3909465946735368,0.4929788712237214,0.6690455961991464,0.4676131704918657,0.609593035721294,0.42445341169704476,0.5313299690258608,0.449052068336708,0.7626120770523759,0.5580202534696155,0.5004348004476669,0.46865267563295177,0.4422578393312812,0.48536254123057854,0.47300747033540247,0.47747148560009656,0.5186745973269691,0.5335600873883246,0.49528148395977983,0.5038725310293402,0.6345621436097154,0.48606422586327236,0.4197184493725928,0.5036315915025681,0.5872473040132464,0.44724251759298045
