0.0,0.7056449922139916,0.3293941783962222,0.0,0.41452701618548526,0.13034659719724184,0.6137100791769012,0.6975130728491628,0.3986063364518371,0.7073263214633682,0.37096920423976565,0.6230829337407178,0.5066371713337412,0.915537191827605,0.6754044777802736,0.9031678833118806,1.0913992354609108,0.7730981002917486,0.0,0.7434560530703453,0.5020451018967897,0.6553323435246621,0.6566680195035828,0.48845229132868123,0.6300382134573161,0.6500532622573925,0.6497070628202317,0.5300009518976357,0.6990865580121707,0.5365128129830727,0.6686658314635221,0.5224450184693028,0.6382540066625475,0.4439914194168651,0.4079143010844525,0.5942193039463038,0.5036230603518927,0.6729059784681375,0.8041738824207856,0.9788481454574887,0.905974011107499,1.0574755297146,0.48265983366701937,0.0,0.43315107405669717,0.7801678721702261,0.9962085939335663,0.0,0.0,0.0,0.45016901038508106,0.0,0.5684841161911824,0.0,0.45871610824099923,0.0,0.5222854514627759,0.7335223647552185,0.0,0.5506216748840309,0.8342814354090333,0.2945550421021556,0.8406292221701941,0.0,1.011672296624281,0.4496552030549291,1.0241745008486927,0.9592758586247236,0.4415766704462239,0.8043696300259323,0.9936780200500659,0.48323442103316916,0.39987741933904164,0.4872303452826682,0.0,0.7718796760307525
0.7056449922139916,0.0,0.5132623210308846,0.3101109769957364,0.38659865739883026,0.5443338580921971,0.5370909482279125,1.0713767015725266,0.39411976657980385,0.6928685204234671,0.32494163197199577,0.8286289845332758,0.5174132976157769,0.480622672370904,0.6967420907665136,0.9470519940423421,0.5849612758644646,0.9220811934703351,0.6106789648003836,0.6288442238047747,0.8369897970488567,0.9018083408677097,0.8634437465486989,0.5489010778707751,0.7894156661288585,0.6833080924460996,0.7210310737433714,0.4584116658126091,0.45550248922952685,0.45754451742647817,0.6015954939494739,0.3779133955829801,0.43171764427343906,0.3856600992862201,0.44419127586820356,0.44855266742604893,0.24381525183197086,0.0,0.7838307808537697,0.932071532656081,0.7148733959407332,1.0313368321266876,0.6085619651855356,0.0,0.0,0.9287892733486001,0.9029072268899219,0.04354169068466421,0.0,0.0,1.0045679708965105,0.5847581689668728,1.2000499910348963,0.5635336431824447,0.6381107793799908,0.0,0.4286332859733201,0.5986662096885103,0.0,0.9006014315726697,0.721856317205904,0.5305456524398784,0.6142690168309921,0.0,0.9458939485285931,1.1200460959930676,0.9698439687810658,0.9502475330897673,0.37521527584723746,0.6672473098546067,1.0196104943943913,1.0032720302818396,1.5656789208922153,0.8969484359066071,0.0,0.8155985524381701
0.3293941783962222,0.5132623210308846,0.0,0.7634369729389956,0.6366468274411541,0.6050914202437692,0.7654344350877564,0.9321591928583235,0.3365696084425147,0.4241647285777186,0.698216831185386,0.4923574583441183,0.8754307628715778,0.8176020227627862,0.34670456278888084,0.3707920383122274,0.54954265003498,0.5110278108569899,0.45087754341637415,0.363471420267927,0.3332494216489301,0.5214834981370317,0.3697818544848195,0.3946448269492048,0.5414309098736676,0.46378703691228473,0.48571089126373795,0.9080072206272076,0.5765300204280897,0.5614306804739961,0.7645169542269782,0.8115968653015873,0.4730471246997557,0.7836085830480617,0.8490877826461363,0.748272624459384,0.5959675822028658,0.4221254470374228,0.9908547034338514,0.46581413765223056,0.36941682915063584,0.5004277920499303,0.7795494569406201,0.6133111189784177,0.0,0.0,0.18763707411492495,0.5768789688635035,0.46905467868207773,0.7151166546218346,0.7332144792598743,0.8176646568837823,0.7835575444752223,0.9884088927958208,0.37639151443598334,0.8736427379174364,0.45371300139258924,0.48890946295978244,0.8716077314887707,0.24384447221576738,0.0,0.0,0.0,0.2637901621041653,0.5792838849851407,0.4251608822754992,0.097441688045587,0.9349517828212806,0.0,0.6269686558911642,0.34076308397857724,0.9452989658156767,0.43861397390726975,0.597904336680414,0.6656445500754735,0.36357823139657897
0.0,0.3101109769957364,0.7634369729389956,0.0,0.3380095549157049,0.7282833916496142,0.3335478066529892,0.6484286475410489,0.7297065235329335,0.525709894649878,0.4461893255643181,0.31709848163478954,0.5556407849667059,0.466049812729184,0.5620401622558023,0.07785486348422861,1.4524241337815733,0.47899963362038195,0.6292471058870707,0.5592277435700103,0.4568732525365804,0.4935263733877083,0.8751856438330579,1.1025794090825431,0.8652109092116178,0.7710728451324177,0.7550995688175798,0.5812621017435575,0.38811521965729856,0.44443693490121755,0.7775143757783665,0.46406105740540776,0.6506395525154844,0.47930655568948494,0.7687766497360076,0.3685744403475523,0.37176865935201003,0.7618639102729473,0.34738192788792344,1.1194011668099368,0.3731685792957693,0.26833077887418505,0.5914846765904678,0.2218749512624385,0.0,0.0,0.0,0.36313756667101066,0.0,0.0,0.5827470859942836,0.0,0.4730765439305838,0.04157950737533361,0.0,0.16256558581751476,0.44779549273932356,0.44582858661191604,0.0,0.0,0.0,0.0,0.0,0.0,0.0,0.0,0.4508154636266965,1.714330070484444,0.0,0.0,0.0,0.44725506537076437,0.5136376313514952,0.5586029440116617,0.0,0.0
0.41452701618548526,0.38659865739883026,0.6366468274411541,0.3380095549157049,0.0,0.6671428169011894,0.48249490248368687,0.8404316170173812,0.33856918205294384,0.4705253852539365,0.3485868581586115,0.45565294537405643,0.5186523532760964,0.5507111568665043,0.4405571057711797,0.4603839692314887,0.5157120801263807,0.3434182522224611,0.4551234009231764,0.44686994211543596,0.4549754283867586,0.6130440755989046,0.7478818966984575,0.5295110999702428,0.38083124700836524,0.32710267783434127,0.7171734480593844,0.4485358356298494,0.6855459664214815,0.4579677235338552,0.36042343197280746,0.2857002252469294,0.4967743050089102,0.5336159567741843,0.670623361066163,0.45356771316779315,0.2355637631386966,0.6299735996044401,1.1538893681744085,0.7214352462642403,1.292096204170944,0.4111121435748736,0.4820934642089162,0.6885462612433035,0.9965359164819619,0.0,0.38194038455801754,0.6336613718481745,0.0,0.862446970326611,0.9083795885043207,1.2529939277452902,0.7111471934740359,0.8450148162354808,0.0,0.5570040276101129,0.3270937631889493,0.6401555998983799,0.8080434163668677,0.24339398577203908,0.4475667151450996,0.0,0.0,0.5575261658733941,0.29779089088433497,0.495028058231224,0.4002101733136405,0.8971117303056854,0.0,0.465462484199508,0.5566040932816172,0.8769312087758968,0.5307309908766781,0.41733912425757536,0.0,1.4350204563707343
0.13034659719724184,0.5443338580921971,0.6050914202437692,0.7282833916496142,0.6671428169011894,0.0,0.8997398715709082,1.0233186373531036,0.7345800962562091,0.7517839960008348,0.7080325966600258,0.6264707518731184,0.8739238844658552,1.0114262945902568,0.7492626620437064,0.6173274674899176,0.5074183089106971,0.5325089823452872,0.7490077146842606,0.4939433748620984,0.8825165068592271,0.56241091358583,0.9193532241294033,0.2983509898468675,0.4466501530284903,0.7704354596636129,0.7916816500780681,0.9176275107473058,0.712469111078954,0.9541123592880949,0.9200972437734294,0.755868218163184,0.7598884256553304,0.8018120726411846,0.7788117452104204,0.7329483515386611,0.7433888273262594,0.39776152037867896,0.9707689140351276,0.3110259104878671,0.8784025389285167,0.4349440996005173,0.9726701961880786,0.4665349498274228,0.18654095851152963,0.573226932521399,0.4873072078761384,1.0383651554027353,0.554568089089011,0.7888484657504141,1.0553712264606332,1.045136870644174,1.0409379633229194,0.984940728360917,0.6061233296732631,1.0727812948472348,0.3305757408427128,1.0252057777855166,0.5601216299239462,0.9794746638837035,0.5739915019400925,0.0,0.5360835178928581,0.9232681205138478,0.8330348449201506,0.3705755304214903,1.0189922326421934,1.0229369312917447,0.5752648485740428,0.4752495044464693,0.5453878276557517,1.0433303022660794,0.9809521485001905,0.9394359985337342,1.1148234072243948,0.9671560165150261
0.6137100791769012,0.5370909482279125,0.7654344350877564,0.3335478066529892,0.48249490248368687,0.8997398715709082,0.0,1.0347321674375023,0.7701750226779448,0.6804022812829729,0.4577284845641877,0.6039518095398718,0.7995355021612005,0.29931723685783684,0.48866741704209676,0.7969252735440671,0.7386153200805103,0.6289329645722527,0.5538585623091037,0.8287143516372673,0.39718849124422967,0.7940284112589036,0.9816552842857424,0.740339917008518,0.5204303255047238,0.6311489308152927,0.8438661807609882,0.31861018258898754,0.9532647599104933,0.4577772184922265,0.6324603507222744,0.6285078499441292,0.5897636722283731,0.5674917738412495,0.6020750647944683,0.5327035003697114,0.2816224790528735,0.6941254528870688,1.177187232488184,1.4022934185618305,0.8591532615735685,0.7789737223785292,1.1903953486333168,0.7327896421520734,1.1916995974445437,0.0,0.5455644565509806,0.6685871169988247,0.0,1.1417404274768486,1.018822037158365,1.5265921363776418,1.0436204094100652,1.1700090342693188,0.5561098495077097,0.4494332009621561,0.4197056578452749,1.4749209479592431,0.3563316235156447,0.30119497609486,0.5879374431637012,0.0,0.5131113432392495,1.087949406153586,0.5586259427629263,0.4800968412659547,0.5729398113505657,0.9693531127673681,0.4651520394638883,0.5891849307905552,0.5112552503578112,1.0107956707367196,1.518931806388513,1.2229809254637019,0.7670698959019755,1.56650724676005
0.6975130728491628,1.0713767015725266,0.9321591928583235,0.6484286475410489,0.8404316170173812,1.0233186373531036,1.0347321674375023,0.0,0.7465798692960977,0.5339414397189348,0.7752110693507437,0.660303286167039,1.0152774851661412,0.7227719600883751,0.41676178224195426,0.8630115455847143,0.43987825464372077,0.7660700551838564,0.638742214925605,0.3897667375638004,0.8162228399755911,0.42977226415454306,0.9848064243893384,0.5254840600484898,0.7444464611364282,0.7024053671696464,0.9112523829542283,0.8824390324511253,0.7492553218859472,0.782387882103317,0.8269542694154075,0.5928962609444217,0.3871150121292911,0.7730939806156694,0.6021971136631499,0.8970929577804786,0.4850054440690157,1.1618817037630518,1.0281300342342816,0.42853991020424265,0.6012993257004047,1.0928142441483653,0.3926508659497673,0.43005164309032184,0.0,0.550797626691289,0.3563868825483989,0.7449212512506952,0.0,0.6502109255629631,0.7910181944255037,0.9654379444347264,0.7299159441827078,0.7026636620771818,0.8266376991601436,0.651362501964264,0.953742422773647,0.9489660423586447,0.5781878004389785,1.0510384613836512,0.38316016871632186,0.0,0.6561740038369546,0.6711665436409889,1.1279576831817177,0.9862727019680341,0.42974251121284784,0.9785909291571733,0.0,0.39142139379871543,0.8147224511797584,0.9841996435559088,0.9072438894399815,1.0486261469462606,0.45795326357418853,0.8337176835152555
0.3986063364518371,0.39411976657980385,0.3365696084425147,0.7297065235329335,0.33856918205294384,0.7345800962562091,0.7701750226779448,0.7465798692960977,0.0,0.6643912618283547,0.42669579204546526,0.549493266521706,0.7046543169619478,0.6319566218099653,0.5347859036449233,0.4943328839446948,0.38899288254543035,0.5597395412076926,0.43305064724239184,0.4543499477110758,0.3514844853647625,0.44226377888165497,0.854149799725475,0.44838019468743096,0.45349332647225626,0.8047379527039725,0.7475196878105478,0.791599356734729,0.845330009050904,0.6066408633425167,0.7125329090310135,0.7532698576957626,0.7862688455245814,0.6960193878088861,0.7023191422158563,0.5789649235364762,0.7533843614763533,0.5499864501392944,0.6834726580880225,0.4728931040668412,0.3357366125182777,0.2851624453479129,0.31484005949609284,0.4240035630474958,0.2663710787231109,0.0,0.4638435371029497,0.8488665376482254,0.4611480132269712,0.8920007147206979,0.8945536490933832,1.0124695977372906,0.7694995608055577,0.7520518933996352,0.17821112038466322,0.6854713305120161,0.4057083429924152,0.9448145537436854,0.6114677003647322,0.47118448545360303,0.6682727362679274,0.0,0.0,0.7801235371738902,0.5752585621507307,0.6684916681150308,0.5204739316288908,0.8939905500308234,0.30604888487920406,0.5395190935341145,0.28914653549616964,0.850620946086085,1.019387879175466,0.5415200500233895,0.493624347085614,1.2371979784669995
0.7073263214633682,0.6928685204234671,0.4241647285777186,0.525709894649878,0.4705253852539365,0.7517839960008348,0.6804022812829729,0.5339414397189348,0.6643912618283547,0.0,0.5926544596259985,0.6100802099821201,0.673894496101969,0.7904832612748014,0.4732467093133017,0.554047483915635,0.9239261274822355,0.799647009110529,0.4661270369390218,1.0011967523490612,0.8297450262422081,0.47221332753788337,1.0488008013946608,0.6737943904988511,0.759869271863662,0.635299758601058,0.8060285775579206,0.7020926362855371,0.4111786804052425,0.3748157792654936,0.6997610771485203,0.47606758873500654,0.6866247530576317,0.5936833870739155,0.6549221050307639,0.2527099662794548,0.4648613235078482,0.4671594808137409,0.7813780048084668,0.8643446911426141,0.942038023585918,0.7735705704601887,0.23439505333704397,0.7457139000554174,0.7303485363192953,0.6089059219467683,0.9284020303853195,0.13457784249587013,0.4680075980741808,0.4142528817426024,0.514563829922134,0.42721906270198373,0.5618463444838135,0.22796456206016447,0.8072501212573702,0.3779398340248021,0.8108166041809742,1.2144026992597172,0.0,0.8961874394650221,0.6600179595369869,0.8452533588678102,0.5665711436440755,0.4721359285350266,0.4661299142020183,0.5510440891937394,0.3397733668037414,0.5206598085000328,0.5051501437476604,0.7701340950932216,0.751141052477015,0.5318582840973142,0.8270382101892854,0.3937796505906405,0.0,0.9167105346479162
0.37096920423976565,0.32494163197199577,0.698216831185386,0.4461893255643181,0.3485868581586115,0.7080325966600258,0.4577284845641877,0.7752110693507437,0.42669579204546526,0.5926544596259985,0.0,0.7120418268242399,0.4684662345715835,0.656872219406594,0.0,0.5088774514598478,0.7281084692169038,0.4773038509751524,0.5166738078355004,0.4479334299292299,0.4991685963067128,0.3663096738724483,0.7465986524896653,0.4612868306798246,0.5371164652158289,0.5530400351877403,0.610522104431829,0.5421544562028999,0.42408509434816083,0.499296646194982,0.5118484723163766,0.5308791842286673,0.6443903795601961,0.57367049399857,0.5761799732194515,0.5912525438206883,0.5767729044801841,0.4505238281274053,0.5692245668339344,0.5366967774713557,1.3340575398708694,0.4028895460650841,0.7172057896477575,0.5556550721127721,0.17214264248944924,0.0,0.0,0.5798321330094468,0.4716400794890274,0.4881436701345858,0.595536195213384,0.4779938628749813,0.6772047795175313,0.8596730419619538,0.4122781947759835,0.44893943024985783,0.35625204217850387,0.5960885282991459,0.8215519362507607,0.0,0.0,0.0,0.0,0.3264707343814411,0.3402338325034502,0.0,0.6605208419442432,0.7702756809703846,0.0,0.0,0.8678784354171426,0.6917475953438328,0.45389285606872937,0.35001980653631637,0.0,0.5239611247238461
0.6230829337407178,0.8286289845332758,0.4923574583441183,0.31709848163478954,0.45565294537405643,0.6264707518731184,0.6039518095398718,0.660303286167039,0.549493266521706,0.6100802099821201,0.7120418268242399,0.0,0.6133458381822432,0.6002052145479677,0.40177928583639777,0.5939232758488617,0.8588025518635358,0.7565421612485237,0.47217214728530366,0.5683596335413927,0.8423606655010109,0.42818493797366297,0.4723038208570845,0.6964446519246594,0.6612100834320991,0.5946507476304496,0.48052972115849507,0.7539103149807017,0.5727164787717073,0.29214926890726733,0.5582144535107507,0.47304529990569666,0.6309024837360797,0.633090675027699,0.8147284528385716,0.5282924149790464,0.6376367081592156,0.43731375830812536,1.0229189829324588,0.8017487900199771,0.7899627857427134,0.22995523358127765,0.37798930286070564,0.40680089501806505,0.6929041044413369,0.4128180858199192,0.571793783902601,0.2431606401888362,0.1976736457550872,0.25679662340071596,0.3509693191507538,1.3955853226352162,0.25057414903877023,0.3800674977067121,0.8110657651760764,0.2185731184267808,0.8331044547093209,1.028188636786311,0.6790477632700078,0.6292738293188436,0.5251467628615921,0.8100798521918691,0.795296918161106,0.3440899005135436,0.7433039325566844,0.7581814788335302,0.42360430004433086,0.5225823049590645,0.4886725812341104,0.8472508984077856,0.7360356239138284,0.32126447161380844,0.8738149567380235,0.4386524533320947,0.0,0.9599584721243706
0.5066371713337412,0.5174132976157769,0.8754307628715778,0.5556407849667059,0.5186523532760964,0.8739238844658552,0.7995355021612005,1.0152774851661412,0.7046543169619478,0.673894496101969,0.4684662345715835,0.6133458381822432,0.0,0.4362564337146433,0.7959955415448201,0.8158878757408965,0.6916736010102562,0.7278475445629109,0.634624475289448,0.776824894599889,0.8732396729373664,0.7091822791505211,0.9333524080557853,0.6091688242008036,0.591965559756515,0.5928067183905943,0.814281524277578,0.6877798807481064,0.8447560447103213,0.6164496980599532,0.5627203730765151,0.6885667190765353,0.7078567190112499,0.6894400687382483,0.6990733742927744,0.48304333765341156,0.4339878401460479,0.6669352708049519,0.6664538180231867,0.8221397238713726,0.6231880554826214,0.808299415977118,0.9620403676527559,0.3610342277214444,1.1610014670674904,0.5740921900660139,0.6163961757609936,1.1272138845057733,0.0,1.6825136759128898,1.0313510420538134,1.440853273384892,0.9216468694230805,1.3413161252286228,0.6648674134413834,1.253539970480555,0.9951840841566222,0.541357199083209,0.3893878418980402,1.006918066961282,0.4636405800233816,0.37713884214153615,0.5481788937158809,1.110244963082535,0.9483641540259385,0.5524610212377996,0.8634226080501057,1.013031629226301,0.49235448432411155,0.9633962331418358,0.9754175072909597,1.023653077789407,1.187676151991677,0.9963279875885525,0.509953071319884,1.333564805571497
0.915537191827605,0.480622672370904,0.8176020227627862,0.466049812729184,0.5507111568665043,1.0114262945902568,0.29931723685783684,0.7227719600883751,0.6319566218099653,0.7904832612748014,0.656872219406594,0.6002052145479677,0.4362564337146433,0.0,0.5223313567146557,0.5556246772651212,0.4590252597861124,0.4969151744955694,0.5512209824649433,0.3897458948584432,0.9258654864341083,0.25038561536664855,0.9461715945350136,1.2261714475209793,0.5208762429766358,0.8110568687728481,0.8730023622873956,0.7478222735790157,1.1411883372166656,0.7475145042005376,1.0068311124237392,0.5125726815877321,0.24954152518317768,0.2926498096287618,0.47552655011326755,0.42995351926844455,0.36480421872328184,0.39828618429996965,0.6981363891063149,0.0,0.6899681094219514,0.8134029690021913,0.6562418455402039,0.46832731283480267,0.0,0.0,0.0,0.7302671338582933,0.0,0.42132770669936953,0.43884292736386266,0.09468427090000953,0.6641201691395344,0.5999668786335731,0.0,0.7808017005743744,0.38925079927940065,0.7121696089908454,1.0105589156657404,0.0,0.0,0.0,0.0,0.6176911117649502,0.0,0.0,0.0,0.849887232738606,0.0,0.0,0.0,0.4939829479515685,0.7127566396536322,0.0,0.0,0.0
0.6754044777802736,0.6967420907665136,0.34670456278888084,0.5620401622558023,0.4405571057711797,0.7492626620437064,0.48866741704209676,0.41676178224195426,0.5347859036449233,0.4732467093133017,0.0,0.40177928583639777,0.7959955415448201,0.5223313567146557,0.0,0.7471106799602155,0.41087299310328057,0.6809486906076094,0.0,0.7112865806704891,0.6693772322335634,0.72831083011222,0.6042523544266761,0.4832814774389852,0.6412869043793229,0.7293861098004188,0.7303022613332508,0.7188372067785298,0.6442085819621001,0.6763839128697448,0.6920369595732948,0.6029928062417755,0.9943878932580148,0.5800199278749154,0.7092412993702633,0.6840374733592514,0.36441643860233386,0.3726497955336742,0.7869193847289268,0.9473315760938611,0.9384728057303795,0.797332893510752,0.44042393392791374,0.6175042589688597,0.0,0.5973224508862987,0.7023628003046455,0.4417864173631336,0.0,0.0,0.9181894393327507,0.6667527511143398,1.079574521085162,0.5101810331710152,0.0,0.0,0.6331667275305526,1.2560385319409626,0.47325035390849945,0.8104543141742009,0.8808581917511377,0.6087227254534121,0.7376111593156747,0.0,1.003523527846648,0.8741422063998453,0.8594706933539971,1.0691381500269226,0.4423433403445031,1.086397537832679,0.9090466113394302,0.9699525672967552,1.0187765553551411,0.9562242903366318,1.3583530244710738,0.8958357934131294
0.9031678833118806,0.9470519940423421,0.3707920383122274,0.07785486348422861,0.4603839692314887,0.6173274674899176,0.7969252735440671,0.8630115455847143,0.4943328839446948,0.554047483915635,0.5088774514598478,0.5939232758488617,0.8158878757408965,0.5556246772651212,0.7471106799602155,0.0,0.7711196216775997,0.7609058267206683,0.44853107031552764,0.6981821380269229,0.9522648886455032,0.8847437781586271,0.920054638054121,0.8584648298905533,0.7762647192685039,0.7931356049190448,0.7753442146407259,0.7919562144697738,0.805828773173666,0.7977399774603766,0.8412760840531953,0.6307169656264335,0.4054689027767646,0.48622104655415954,0.6355267231813047,0.6162093715307642,0.33494432960228815,0.5831795011330114,0.8257257094904834,0.7809571770265724,0.7020951005252736,0.9580755514779951,0.47441425357999134,0.0,0.0,0.7477633334102134,0.91350925728065,0.0,0.0,0.0,0.5220327156804376,0.5803768466854264,0.867488940676905,0.0,0.5880705344817077,0.0,0.4221669306125684,0.5999818582679637,0.0,0.8996573178949507,0.6807605649703306,0.5787779673008295,0.6783969517160289,0.0,0.7381209677885674,0.9845349367890588,0.9613847656144967,0.5673567482961773,0.3762570256108561,0.6318616885848728,0.9453442940083343,0.5672419610988331,0.6159313456425888,0.9730297687659459,0.0,0.619229050125131
1.0913992354609108,0.5849612758644646,0.54954265003498,1.4524241337815733,0.5157120801263807,0.5074183089106971,0.7386153200805103,0.43987825464372077,0.38899288254543035,0.9239261274822355,0.7281084692169038,0.8588025518635358,0.6916736010102562,0.4590252597861124,0.41087299310328057,0.7711196216775997,0.0,0.9392925684358662,0.5594050949956373,0.5096791280316515,0.4239733970812417,0.8141534035757617,0.4610634723903284,0.9348827188119893,0.974102986944531,0.7066240027359267,0.5473735103967703,0.8722194586102516,0.3019107874392561,0.5248605820093303,0.80446153287254,0.40775843313329674,0.6420470724514935,0.781353686412759,0.35429830411623564,0.6125772178923454,0.239302715797561,0.6352231662583728,0.947465275429486,0.9687428136026309,0.8858083008536344,0.5846382201872353,0.0,0.0,0.5003669872322336,0.6308757532377486,0.6203535299887143,0.0,0.0,0.0,0.0,0.0,0.0,0.0,1.0330681213985557,0.0,0.9173497851324567,0.3246045947302403,0.0,0.7832027989952896,0.6256090560608897,1.0438625722746533,1.0159820771705077,0.0,0.0,0.0,0.5578484373083508,0.0,0.9683683776222631,1.1241266371889629,1.0389435548926824,0.0,1.2194767942205023,0.4625003956069599,0.0,0.9962646351305168
0.7730981002917486,0.9220811934703351,0.5110278108569899,0.47899963362038195,0.3434182522224611,0.5325089823452872,0.6289329645722527,0.7660700551838564,0.5597395412076926,0.799647009110529,0.4773038509751524,0.7565421612485237,0.7278475445629109,0.4969151744955694,0.6809486906076094,0.7609058267206683,0.9392925684358662,0.0,0.47753143651478785,0.6084348888273416,0.85553605470048,0.6908122784326517,0.828932402310929,0.8442898401440115,0.8395767896128378,0.7098809663303386,0.7924813250609538,0.6358432922095444,0.6292199320025302,0.6494176758121519,0.7066095881360798,0.47658954235644924,0.5356740080247948,0.6790499551287432,0.17081815996315775,0.47758763641530155,0.24422956575240498,0.42267549390055326,0.9102375627265233,0.8497584207040942,0.7446369984395741,0.7433620931288261,0.0,0.0,0.5961317606905361,0.836200859439435,0.954403778053833,0.0,0.0,0.0,0.4612936098876349,0.5382562447300479,0.8532873364757454,0.0,1.073027539571662,0.0,1.0476737158218086,0.4996201594873402,0.0,1.2593930397054751,0.818106493042155,1.025365918064897,0.9601184742756735,0.0,0.4846523601458647,0.6208699733680474,0.9517057792370642,0.7157924415900174,0.9308001114787545,0.9582407216087102,0.9873717937502329,0.4836999613011511,0.6820931075562349,0.47063952421245714,0.0,0.8966224289972138
0.0,0.6106789648003836,0.45087754341637415,0.6292471058870707,0.4551234009231764,0.7490077146842606,0.5538585623091037,0.638742214925605,0.43305064724239184,0.4661270369390218,0.5166738078355004,0.47217214728530366,0.634624475289448,0.5512209824649433,0.0,0.44853107031552764,0.5594050949956373,0.47753143651478785,0.0,0.5372683240830269,0.4509138658224836,0.6693519600317415,0.3893548587745692,0.4335796925098396,0.5078521607552908,0.45326866096083956,0.4739050840792596,0.6961108892776962,0.5924439229326905,0.5864141837255393,0.6500265589849252,0.6854947631279913,0.5710843444196287,0.6352374956584357,0.6811276329948897,0.6519658964015287,0.4624759273429927,0.3822564317849866,0.6811488706725278,0.38933600662257184,0.3683781200543943,0.17686470258559742,0.6442213787749228,0.34043767737665576,0.40305233888468084,0.0,0.0,0.6577598094512993,0.0,0.5243015246110885,1.1320726573587,0.2758371064764836,0.4765881563071389,0.8291667326982131,0.8498468514256615,0.6898167950767772,0.48137561525725486,0.41762000248331055,0.9166916079755887,0.0,0.0,0.0,0.0,0.7092366128264623,0.47025001073670913,0.0,0.49359076085794407,0.8078239573185808,0.0,0.0,0.0,0.8324130966626744,0.48552123906064426,0.43024921673433936,0.46113769335875743,0.5342138392168874
0.7434560530703453,0.6288442238047747,0.363471420267927,0.5592277435700103,0.44686994211543596,0.4939433748620984,0.8287143516372673,0.3897667375638004,0.4543499477110758,1.0011967523490612,0.4479334299292299,0.5683596335413927,0.776824894599889,0.3897458948584432,0.7112865806704891,0.6981821380269229,0.5096791280316515,0.6084348888273416,0.5372683240830269,0.0,0.7826691010571579,0.6741305540933722,0.5461396667708975,0.968092795933742,0.49256190257015436,0.7737280830204871,0.802749944619679,0.8074843465618989,0.7039852907686659,0.8720629509348723,0.6512321167208935,0.4155331644626302,0.5568041422100098,0.5277802362076263,0.6392110094157974,0.5912507670450593,0.4493855778451691,0.7589204926041533,0.7367494088068529,0.8238580647876477,0.9364460312436199,0.897131887310787,0.4963816103880098,0.23798689849164384,0.1840886830226793,0.43252960802739915,0.6053231236815861,0.4403706602263592,0.0,0.0,0.4677166345802499,0.6181249845769639,1.081745454303133,0.3959137326157174,0.9272962673546368,0.0,0.5128618238885375,1.2197678378194996,0.0,0.9238306226419365,0.5370808665796194,0.4778452934719648,0.5755815400425344,0.0,0.8304335088613801,0.7390794732658894,0.8602007373014631,0.8652481878958267,0.0,0.567378999644495,0.787409565856324,0.856592762252949,0.8020638659351624,0.93874622647296,1.0944848620167045,0.7647911904210274
0.5020451018967897,0.8369897970488567,0.3332494216489301,0.4568732525365804,0.4549754283867586,0.8825165068592271,0.39718849124422967,0.8162228399755911,0.3514844853647625,0.8297450262422081,0.4991685963067128,0.8423606655010109,0.8732396729373664,0.9258654864341083,0.6693772322335634,0.9522648886455032,0.4239733970812417,0.85553605470048,0.4509138658224836,0.7826691010571579,0.0,0.6996237561601686,0.7849459908017608,0.43244917010659295,0.7084834308795178,0.8476443506071174,0.8872689988703242,0.7123549403650741,0.6258501326506227,0.7839962635620179,0.8237074527466955,0.5819767464425127,0.7569314694157182,0.5633587091622885,0.7553646045125821,0.49700390768834535,0.30859942791759315,0.8653697527563118,0.7683279675932538,0.8481255052994404,0.7092148774250037,0.6624583968344946,0.5575543903324123,0.0,0.0,0.6687062520556766,0.8433495286989792,0.615332677835223,0.0,0.0,0.8121306728628929,1.460564653710994,0.6881529152398179,0.4754401662073679,0.5601827229213598,0.0,0.7437783316464207,0.911588138799148,0.0,0.8085300570417246,0.6482018809132417,0.0,0.5113840480892615,0.0,0.7814862566319117,0.863796038753351,0.9006321710066185,0.8767241682262725,0.7741667637297098,0.48816938796091147,1.0082381799606766,0.7768151328167432,0.9312066644802717,0.8760518877197696,0.3513081659166017,0.6517775437519455
0.6553323435246621,0.9018083408677097,0.5214834981370317,0.4935263733877083,0.6130440755989046,0.56241091358583,0.7940284112589036,0.42977226415454306,0.44226377888165497,0.47221332753788337,0.3663096738724483,0.42818493797366297,0.7091822791505211,0.25038561536664855,0.72831083011222,0.8847437781586271,0.8141534035757617,0.6908122784326517,0.6693519600317415,0.6741305540933722,0.6996237561601686,0.0,0.8252953185181655,0.482415206622455,0.9826911501530855,0.7553610495069678,0.684966124804129,0.7967035890577385,0.6160797766964471,0.7317631655128727,0.7282193672162587,0.5344286689033773,0.6101180091480091,0.5186588656529205,0.6963879476806334,0.5650702665341657,0.736178492465255,0.5293969965212693,0.7590146496015325,0.9134170120317738,0.7784507495952788,0.8300194918556946,0.42555281760049257,0.34247720863230835,0.22865214115021348,0.5595256379823654,0.6753895261580773,0.5689016528297264,0.46995599367491536,0.23799160459157806,0.9614553166401378,0.620321954803533,0.5928283506464433,0.6379494394823282,0.389245811285013,0.0,0.4892914231654952,0.5776565560772868,0.0,0.917239537184636,0.6635247847851018,0.42420235014488794,0.6194039831899376,0.0,0.8004903680231579,0.8936790566797448,0.812757252722485,1.0368164030857125,0.713721051705101,0.777197188598965,0.8917508215642909,0.885324528101614,0.9762320700223448,0.9376610725997614,0.5549856295988111,0.9401856308428089
0.6566680195035828,0.8634437465486989,0.3697818544848195,0.8751856438330579,0.7478818966984575,0.9193532241294033,0.9816552842857424,0.9848064243893384,0.854149799725475,1.0488008013946608,0.7465986524896653,0.4723038208570845,0.9333524080557853,0.9461715945350136,0.6042523544266761,0.920054638054121,0.4610634723903284,0.828932402310929,0.3893548587745692,0.5461396667708975,0.7849459908017608,0.8252953185181655,0.0,0.5515631123225282,0.6092997775347941,0.8061806875203692,0.6435545487696419,0.8218728359342629,0.8341540951203505,0.8447814775011528,0.8745485511687071,0.8017154491767666,0.8642010103374327,0.7767479156208614,0.7255515479980443,0.8122847582151413,0.7517073492293067,1.1214762847076871,0.995548856464465,1.029833377807517,0.9246798512150779,0.9747555502860348,1.0487235987933683,1.151227352493521,0.49577859268133406,0.9895416932792058,1.0443883151347921,0.9342925163273066,0.4618203589943556,0.9808115066082466,0.9569872015673518,0.962768288428907,0.8597604974253863,0.9369422270335078,1.6720108267335612,0.8927084206049116,0.4390405750978542,0.8792633475685327,1.0358270068794138,1.0053809144272212,0.6190208895068257,0.4661299142020187,0.5487573780489912,0.8698622372823437,0.9141530974822046,0.9156057601148972,1.0067819022466342,1.0354125354493733,0.20850285195865426,0.6196970831030143,0.995862991132338,0.9040830757238864,0.8971721457334407,1.011549759062544,0.9461109884459948,0.9112139757039663
0.48845229132868123,0.5489010778707751,0.3946448269492048,1.1025794090825431,0.5295110999702428,0.2983509898468675,0.740339917008518,0.5254840600484898,0.44838019468743096,0.6737943904988511,0.4612868306798246,0.6964446519246594,0.6091688242008036,1.2261714475209793,0.4832814774389852,0.8584648298905533,0.9348827188119893,0.8442898401440115,0.4335796925098396,0.968092795933742,0.43244917010659295,0.482415206622455,0.5515631123225282,0.0,0.753879832238628,0.6238083641617205,0.7087978866808358,0.6869015083825203,0.5520557221206653,0.8099233102409703,0.785136240813771,0.6572336813221452,0.971661180999172,0.682153998366264,0.39966326502645805,0.7898228038382973,0.3499770161071547,0.821997752622972,0.89446413082172,0.8396995371175988,0.6947168291867117,0.612216210866753,0.5952988320991521,0.342762316244525,0.3754257096602028,0.5872819004066461,0.7181791723413455,0.0,0.0,0.48949641300436897,0.5877268213128841,0.31790519476988544,0.0,-0.011283919625833506,0.6258758260544666,0.5325477401183547,0.5666229543686102,0.4292502353575799,0.0,0.25269778765300266,0.9151231809516732,0.7314881281694228,0.8829758763541041,0.45879508153749227,0.36393686245141926,0.4178363910389557,0.18297764511797682,0.841587514364657,0.2978383065358485,0.8568709714104794,0.8208646725319778,0.5525870801540922,0.7466012570597954,0.5725034927330874,0.0,0.6642836369654316
0.6300382134573161,0.7894156661288585,0.5414309098736676,0.8652109092116178,0.38083124700836524,0.4466501530284903,0.5204303255047238,0.7444464611364282,0.45349332647225626,0.759869271863662,0.5371164652158289,0.6612100834320991,0.591965559756515,0.5208762429766358,0.6412869043793229,0.7762647192685039,0.974102986944531,0.8395767896128378,0.5078521607552908,0.49256190257015436,0.7084834308795178,0.9826911501530855,0.6092997775347941,0.753879832238628,0.0,0.5157450330956255,0.6238310755624368,0.6403199733862663,0.49239479288736765,0.3544752150847763,0.6489961294593791,0.339702502677073,0.5272175473550085,0.5132380430623735,0.23712290576069803,0.42650895159706803,0.5924840566861017,0.6103940646879205,0.9754337945728723,0.9442725154628292,0.8785311146323427,0.8693004145678045,0.09612915374341083,0.0,1.030988238890734,0.9036714012525389,0.9770646855209979,0.0,0.0,0.0,0.538026244843771,0.5135240511688219,1.2242296793168523,0.4310426104326318,1.0006526679795622,0.46018240849795566,0.9848060878543388,0.9159470932073888,0.0,0.8300118143715598,0.8918037044035706,0.9908134871209537,1.027176871150842,0.0,0.8594765058631805,1.109462392617155,0.9475299161239745,1.0517787583090392,0.8447847875278979,1.0413525379217894,1.0292402595480763,0.46940391909956597,1.1845926805683957,0.7726099203892675,0.0,0.9319090499965912
0.6500532622573925,0.6833080924460996,0.46378703691228473,0.7710728451324177,0.32710267783434127,0.7704354596636129,0.6311489308152927,0.7024053671696464,0.8047379527039725,0.635299758601058,0.5530400351877403,0.5946507476304496,0.5928067183905943,0.8110568687728481,0.7293861098004188,0.7931356049190448,0.7066240027359267,0.7098809663303386,0.45326866096083956,0.7737280830204871,0.8476443506071174,0.7553610495069678,0.8061806875203692,0.6238083641617205,0.5157450330956255,0.0,0.9889602418393924,0.7556015811559751,0.738951397042988,0.7901292000178879,0.5907835912274306,0.48309903729638787,0.6890174069261941,0.4734932949616241,0.49608689180619514,0.2679232652312178,0.688680636992921,0.5375422521709017,0.8708664361102423,1.0593531159760123,0.943855335269747,0.9060479363108015,0.2025872156422242,0.5400397665318986,1.0083706574641578,0.8518226574804435,0.923669203095927,0.6470842193926858,0.0,0.004288730974177019,0.9761486664244063,0.5139838533078973,0.8748533001057723,0.42238093466449034,0.9287660150474881,0.0,0.9388630818467105,1.4898460705641943,0.0,0.9717681784798308,0.8750767439886835,0.9651491445063567,1.0452099538417163,0.0,0.8270978897320533,1.042403037162593,0.961248297336089,0.9042657438539305,0.7486590057114049,1.0416720388620724,1.0335373992725512,1.0333172814473015,0.9467594272343582,0.9558987262035501,0.44363544653635584,0.9105784163241235
0.6497070628202317,0.7210310737433714,0.48571089126373795,0.7550995688175798,0.7171734480593844,0.7916816500780681,0.8438661807609882,0.9112523829542283,0.7475196878105478,0.8060285775579206,0.610522104431829,0.48052972115849507,0.814281524277578,0.8730023622873956,0.7303022613332508,0.7753442146407259,0.5473735103967703,0.7924813250609538,0.4739050840792596,0.802749944619679,0.8872689988703242,0.684966124804129,0.6435545487696419,0.7087978866808358,0.6238310755624368,0.9889602418393924,0.0,0.8375668469730417,0.7877746684679473,0.8147653270116737,0.8241033523758493,0.6425838523298784,0.792665449219752,0.7194744940919962,0.6525650060885887,0.662682857507073,0.7961581482936924,0.38016595866944525,0.9769988813595285,0.9349071020084944,0.9429650750846119,1.059823680626862,0.96021641961585,0.5274027777479046,0.3938428004470169,0.39076076742641885,0.8652221886431595,0.976997466265922,0.48224144932712226,0.9919471000909925,0.9731303872757977,0.933364950171716,0.8057277440907027,0.9194371712357676,0.6868435467104398,0.9560096775063733,0.3524752472247173,0.9104822991417258,1.1651946524000392,1.0276282736022928,0.5961386842452705,0.0,0.39407169275406617,0.9903079610792539,0.9106127193747824,0.8680715385249056,0.8912739373402009,0.9565004172335781,0.0,0.5798295074324757,0.9518759686634417,0.9926658979722568,1.0237715664891673,1.0277608135608491,0.8644412861934732,0.9003638600341511
0.5300009518976357,0.4584116658126091,0.9080072206272076,0.5812621017435575,0.4485358356298494,0.9176275107473058,0.31861018258898754,0.8824390324511253,0.791599356734729,0.7020926362855371,0.5421544562028999,0.7539103149807017,0.6877798807481064,0.7478222735790157,0.7188372067785298,0.7919562144697738,0.8722194586102516,0.6358432922095444,0.6961108892776962,0.8074843465618989,0.7123549403650741,0.7967035890577385,0.8218728359342629,0.6869015083825203,0.6403199733862663,0.7556015811559751,0.8375668469730417,0.0,0.7842838201808757,0.7466469139625032,0.7924757675404395,0.7951476648219595,0.8935780337026169,0.5716194970126791,0.6726285345018643,0.7688530554082398,0.7236355216216991,0.8563788743209452,0.8954253924383451,0.5839973155192975,0.8635938713970116,1.1108700864889496,1.1250629204765517,0.41889011559724076,1.1052348791213513,0.5793614214973883,0.5857566643643466,0.5422563075108517,0.0,0.6185572227003588,1.0148366373683664,1.4987195976254435,0.9247609452347558,1.019472729136501,0.857213465583069,0.44862455835519405,1.1041414247758747,1.124932010911185,0.3536660494417643,0.9500680802657999,0.4574682959004689,0.1758088422509836,0.5606659863276817,0.6584047676677457,0.9800209381151284,0.9511275907184698,0.7584889206984263,1.0081244623084662,0.48896083259531714,1.210267950442281,0.5896750793139691,1.0062263938350693,1.0478288998066012,1.0154284026710039,1.306095484078489,0.9350319903439599
0.6990865580121707,0.45550248922952685,0.5765300204280897,0.38811521965729856,0.6855459664214815,0.712469111078954,0.9532647599104933,0.7492553218859472,0.845330009050904,0.4111786804052425,0.42408509434816083,0.5727164787717073,0.8447560447103213,1.1411883372166656,0.6442085819621001,0.805828773173666,0.3019107874392561,0.6292199320025302,0.5924439229326905,0.7039852907686659,0.6258501326506227,0.6160797766964471,0.8341540951203505,0.5520557221206653,0.49239479288736765,0.738951397042988,0.7877746684679473,0.7842838201808757,0.0,0.7287386984531022,0.719809535136864,0.28818370364707474,0.4523408703570758,0.5794703247512427,0.5597947929986241,0.5183697992677899,0.4259920888286831,0.49785069435085894,0.91449710051115,1.004868026465052,0.938598134959107,0.9174839246612252,0.7485440741529106,0.508940553650376,0.6218713121435933,0.3980085043263706,1.0540172683706603,0.5256192324246493,0.484321373568229,1.5238760716657531,1.0485379682982776,1.3278636224972533,1.0610045436929605,0.5047449601338665,0.5896033787444719,0.4120370784043583,0.5576631027833266,1.0215054784670254,0.7887873440187609,0.938211679643415,0.567246061173524,0.47030262350045615,0.5595394198054042,0.484206915367162,0.872400747898071,0.7813208771402443,0.9344576943437424,1.0391010550827344,0.4477112124035312,0.6070047189794374,0.8483291036751301,1.0120430006386314,0.9562591587793634,0.9664455091924649,0.8604902877678837,0.8627244190991352
0.5365128129830727,0.45754451742647817,0.5614306804739961,0.44443693490121755,0.4579677235338552,0.9541123592880949,0.4577772184922265,0.782387882103317,0.6066408633425167,0.3748157792654936,0.499296646194982,0.29214926890726733,0.6164496980599532,0.7475145042005376,0.6763839128697448,0.7977399774603766,0.5248605820093303,0.6494176758121519,0.5864141837255393,0.8720629509348723,0.7839962635620179,0.7317631655128727,0.8447814775011528,0.8099233102409703,0.3544752150847763,0.7901292000178879,0.8147653270116737,0.7466469139625032,0.7287386984531022,0.0,0.8687959000003973,0.4169598834729061,0.9468510985178815,0.6549849582394729,0.38992159172996044,0.5007120945183664,0.25334889908907376,0.9000187173709719,0.9702718413116312,1.266366566135157,0.9318955151627833,1.0893852958203514,0.626919652249402,0.04873033862925565,0.0,0.0,0.0,0.1939158426193045,0.0,0.0,0.5036201124785257,0.5187337116310814,0.3988855633999684,0.6638250229029412,0.4788832930383139,0.0,-0.007090214165697675,0.41600400339206944,0.0,1.0208154244837673,0.0,0.0,0.9126527808329883,0.91716540960948,0.9484541991776689,0.8723600721459093,0.5378074929817698,1.019448419740793,0.0,0.36225561320743604,0.4680506773849321,1.0371148399594738,1.2017014421015046,0.9966958751185039,1.399696694522028,0.9197186742363295
