0.0,0.4285638671422983,0.3547397957872158,0.0,0.31034261685302156,0.5502465080006823,0.43069221992367185,0.4563531508512895,0.3704574429073809,0.5441677354054546,0.3594081243573786,0.7448277398282412,0.8625227776771345,0.2951459319970968,0.10830416009485647,0.5587561756207156,0.2744542151022104,0.5635604496995598,0.0,0.5558080604641147,0.1735414668247754,0.5511653040361122,0.37350232329162575,0.561182074683124,0.44479962297741416,0.5749025479772722,0.4632390071852245,0.6314981704365885,0.5364669165094802,1.1664445196441058,0.5604132270627291,0.44158990803011694,0.40762050736038385,0.49829658211957717,0.31285107380045063,0.3057812730454509,0.4381427408640265,0.5422908753214466,0.5023021878922334,0.40035925315190196,0.07197715929142451,0.4599276765399308,0.48297690927622594,0.0,0.4387653858365831,0.3356120417965219,0.39886279217415915,0.0,0.0,0.0,0.49637649046858756,0.0,0.5989889315252237,0.0,0.8817852797309023,0.0,0.5526808157462346,0.7842358278484786,0.0,0.5515283953023074,0.5123252196146535,0.3153797362578483,0.5600495841128572,0.0,0.45455296291019953,0.3950008137219786,0.5568819897166826,0.6084927987508888,0.6948473246423779,0.5302106524864328,0.47566251493618034,0.4836772538567242,0.4312632563106321,0.5042360452500448,0.0,0.4988626844114622
0.4285638671422983,0.0,0.46901053313220314,0.3122460683952168,0.4514948271494168,0.5561813740583361,0.4520979205562725,0.7073056605646049,0.45374957689223094,0.02996778710715267,0.3012526386028782,0.46739218647616654,0.5549660986765548,0.5614308918687421,0.4750587535376365,0.4284560748035052,-0.15318727204354354,0.5552921232735468,0.5239561334619234,0.2570715253864483,0.30540105092625314,0.4526402596988943,0.6752590635488724,0.24216736921314566,0.4386430933625194,0.31720943088426723,0.3505284172779979,0.5754470876071631,0.40210647889104423,0.47108164567318334,0.45189994971820224,0.22450120564092713,0.2617231579179482,0.38504083382875604,0.2674080979741076,0.5143218847759624,0.20057644303465416,0.0,0.2884555890435,0.46269920080848015,0.19672285872424278,0.42877106600605863,0.6036913870492946,0.0,0.0,0.21778502075893097,0.38733032663532285,-0.04389706451016127,0.0,0.0,0.580030732791804,0.5715110164611472,0.5648916993577389,0.5313469673457608,0.6226671299305654,0.0,0.42361531106299743,0.5636695671781844,0.0,0.16060012577565835,0.43558166600732584,0.6438346705556242,0.4653210018596258,0.0,0.2853155942353004,0.4592971481161098,0.2502001353558083,0.6021514855287193,0.4394904165664988,0.4065745687115725,0.27021592055508803,0.5966805296872906,0.51933513899807,0.4616590116727466,0.0,0.3735324938067675
0.3547397957872158,0.46901053313220314,0.0,0.5148954833492331,0.39473923515818476,0.47246929409865723,0.518874449369803,0.5161138620280736,0.308158465960246,0.6807203348655259,0.3625104875251278,0.6043496984088031,0.5981685217524306,0.4377498523097584,0.3915870366310265,0.3366715200495937,0.6133020116270258,0.5781845691892347,0.3707805455746583,0.34133072763472405,0.36950149111473807,0.4812848396021919,0.5141461620440924,0.4207335054941863,0.5127880166033199,0.4919390994882544,0.44298945777643456,0.6697498661931653,0.6521060839984794,0.5940574267556235,0.7120276674720634,0.7033942585835018,0.49757693102047684,0.6872644452893135,0.6537539729728421,0.45091622653419616,0.4659127729401794,-0.19273957829161886,0.6963983838923133,0.46540498658632684,0.46031944971309263,0.48561771748405763,0.530140027859898,0.6242837035461708,0.0,0.0,0.1598055533872312,0.6280233435783702,0.46368452644290326,0.5598881066099467,0.6209434151421412,0.5945292224896754,0.5991537232350463,0.5247168588343114,0.31292869138801055,0.6740226875889475,0.48133064172647216,0.5753799956849424,0.4572863409383653,0.2990814587695597,0.0,0.0,0.0,0.5615804784732645,0.68384134488929,0.44001913436754103,0.16244907195591923,0.48048966350853844,0.0,0.6175197253170708,0.41272897426617783,0.558301967887075,0.4956258632828412,0.6346144523348245,0.6441672203770155,0.4679734169713244
0.0,0.3122460683952168,0.5148954833492331,0.0,0.5369443034072994,0.6002057146400099,0.4225013029605716,0.5307480782243124,0.6704065227089657,0.29508220185711465,0.412927626154989,0.28722973027404336,0.5158894100120969,0.40052387970628256,0.5826458767524593,0.06338577156187677,0.5364231360491087,0.47936492614080095,0.39806382126044926,0.32735235333902724,0.3903022847252976,0.43717435174645236,0.6728746339075293,0.20289619559921807,0.8378984862276861,0.5653270549167739,0.6067422458418663,0.46176192580343856,0.4374389393966587,0.38883123119749063,0.7947429590483045,0.536646972831977,0.20690178381064067,0.6069954716202034,0.4003141920895207,0.3086386830037622,0.37740758221685256,0.3481719294369652,0.20387489838974354,0.27820118876892197,0.37118804618991064,0.28265604696921465,0.21941071603994844,0.22286021837362177,0.0,0.0,0.0,0.47801996604569574,0.0,0.0,0.5584611664288288,0.0,0.4789015981039684,0.07224385145855189,0.0,0.20337708549747036,0.7516043416418083,0.5116758074564025,0.0,0.0,0.0,0.0,0.0,0.0,0.0,0.0,0.45144753554663264,0.5987914045552871,0.0,0.0,0.0,0.4556964230615392,0.43977168005936895,0.6264471964487822,0.0,0.0
0.31034261685302156,0.4514948271494168,0.39473923515818476,0.5369443034072994,0.0,0.4208110132304296,0.37762499333160215,0.5482060335476027,0.17550850993460385,0.6617995065160795,0.22207567173734433,0.5941698934415343,0.4911110188173371,0.459308777101719,0.4758181253274922,0.5415863135288015,0.5295621772321217,0.4304155243586514,0.314785690760544,0.40415065656660026,0.39226809463449247,0.41795024982910356,0.4935030493417538,0.5422717777186725,0.43079659601253006,0.4039665387603724,0.4751990392861901,0.5335498200421191,0.5256855955840218,0.397562473481319,0.6884907436031034,0.5483566040356442,0.7199017561455469,0.6957446086772283,0.568249359713117,0.47373688244343815,0.4648363767638537,0.6085920084675682,0.5437605576255158,0.6587851439837333,0.4276460993947286,0.38765624154525563,0.651323464160305,0.6420881994454,0.24995611130359915,0.0,0.4225060914192712,0.5171612222663641,0.0,0.5280972690949655,0.6144693731490067,0.5711188551667619,0.5031766146132634,0.598564791195379,0.0,0.753110787441843,0.329283701173806,0.6098058418438181,0.5480543049531692,0.2135573195935926,0.512903112467912,0.0,0.0,0.5876497780052261,0.23736939227040527,0.4296293249298023,0.34824181513952895,0.5706676713203733,0.0,0.46507756151499335,0.4377866995328206,0.47017325564071377,0.5598800860842837,0.4800687351027313,0.0,0.47228010878655297
0.5502465080006823,0.5561813740583361,0.47246929409865723,0.6002057146400099,0.4208110132304296,0.0,0.5007165506807957,0.4646877488256575,0.3453483057690969,0.5804559769387874,0.22280591935967461,0.6255754522663346,0.5901673683032658,0.4004502007603299,0.6779836163127758,0.7539954255958816,0.6722969600207157,0.7520808172928095,0.468433217599814,0.48490903225252746,0.5537069673611307,0.467842571247306,0.6304720267013286,0.7271412002818893,0.6687358756173598,0.6988991621052241,0.5644600943360389,0.5081951852813537,0.525454351590899,0.6482500675923304,0.607018722684959,0.6189054401334277,0.6368747489873257,0.5758588933113353,0.5585381948519178,0.8204761892503807,0.7161532583873036,0.48576428713096315,0.5679645720031589,0.4450545694814294,0.4607810080594432,0.5994497676515393,0.5826521119105736,0.5024632971950065,0.24674587529710912,0.53129343024276,0.5899545593166745,0.6239138584795132,0.613518822397418,0.4575862625898276,0.5874307450643592,0.5016597586497032,0.7273568380606263,0.7763985896054203,0.5907158642840125,0.4260044276732229,0.3626454343503255,0.7002764004472712,0.5870797637646774,0.33049311496945,0.5298194607409858,0.0,0.5469208502444842,0.47343963407011835,0.5506189210341359,0.31254996583016564,0.384743642719074,0.5427030287986748,0.567234657570551,0.4814434012007618,0.3978058947463695,0.5408689951830503,0.5838291173879846,0.47120466897636776,0.483684621480177,0.49304974596958695
0.43069221992367185,0.4520979205562725,0.518874449369803,0.4225013029605716,0.37762499333160215,0.5007165506807957,0.0,0.418564765434223,0.47764709004795447,0.48340292602409807,0.49693440567572744,0.5373479179117262,0.4920967678936644,0.38805076107101266,0.5060640239725819,0.5888720595250013,0.5197278631024588,0.61256779582666,0.4811162487076518,0.41227872908298263,0.33644095034877336,0.4273732038800559,0.5291024693761488,0.16413772838761775,0.5802003788009208,0.5683667939553638,0.46414056923536834,0.4059917305030043,0.4985556741983449,0.5380519445108394,0.6189809566931592,0.6060149274732012,0.6269178822632125,0.5239904934594495,0.4378138507671744,0.4650437166794433,0.4261973355223373,0.40532350510593096,0.5852938302485106,0.42629221439077875,0.48393855130839725,0.48329507761871204,0.38096833229870225,0.7646849387689889,0.3302989869670257,0.0,0.4881709913727027,0.0051824698246985546,0.0,0.5062913715496146,0.48956933279620823,0.5825329079001612,0.5313232144841417,0.6320171384382307,0.5498729714598611,0.49387198260321563,0.40940239023215924,0.48451109112924606,0.31616230097215997,0.35159399183985507,0.5857498701625972,0.0,0.5089537032840341,0.5549663303824973,0.5359315990204824,0.4857445759839384,0.48021818526045074,0.5554532617820991,0.46573167225219336,0.5436623945866006,0.5441540119442896,0.5207758865325864,0.5469428007425866,0.4190083010984434,0.698204324320626,0.5087472461454757
0.4563531508512895,0.7073056605646049,0.5161138620280736,0.5307480782243124,0.5482060335476027,0.4646877488256575,0.418564765434223,0.0,0.5552531862514245,0.4649967138363682,0.42409050976373724,0.8386202704000602,0.5173094409640279,0.5361253659364027,0.4420942277310974,0.6653115409443839,0.45702390484038896,0.663323680375126,0.4068988333975182,0.6352970625139411,0.39693220879726177,0.485393602383282,0.5747900989991177,0.4147772397407419,0.6418882767677774,0.6483254065413906,0.6473176531242374,0.5305861050944647,0.4447004852089341,0.5512025673252254,0.580944785247308,0.6291310495055704,0.6235257511105327,0.5392904514764094,0.3664649748571214,0.6170529450791749,0.6480309162600172,0.632015530577089,0.5483864197058412,0.16545238374381377,0.31770718563681505,0.4120711515315787,0.5984785231241505,0.4766852604334062,0.0,0.571182438620842,0.37918957792952157,0.47433024757667985,0.0,0.36894665521585374,0.7274531704740478,0.5686655106551884,0.505734471643297,0.4083681379785986,0.7982997425953859,0.4961970666925756,0.9170761896084745,0.5894619634809279,0.6644646682786329,0.5535232776036105,0.4078819245604442,0.0,0.7428146394480031,0.4484744199277678,0.5260413771748095,0.7148216348507095,0.4145595766502528,0.6405177781661358,0.0,0.4886814237288547,0.34487895814233255,0.6417252835217389,0.4637119087293689,0.5897373193388131,0.46550861848865766,0.40262516783462976
0.3704574429073809,0.45374957689223094,0.308158465960246,0.6704065227089657,0.17550850993460385,0.3453483057690969,0.47764709004795447,0.5552531862514245,0.0,0.5441014419757276,0.14828186201308047,0.6083071192423259,0.7109947455009117,0.5244520278962936,0.7708221807026931,0.8059750193243562,0.4775916218586901,0.6279704171892032,0.29249506719144897,0.5205391857651269,0.37748168482569866,0.5173011979686707,0.5975293656657554,0.5438435940088204,0.5135516343653674,0.6276247268550528,0.42675152991629534,0.6234019441404,0.5218268258226357,0.7039532246925522,0.6453723190489098,0.6807006601496968,0.5795656876557265,0.653096944268349,0.6318976542354011,0.6738490410108856,0.6574015757915275,0.6847861923347849,0.6200151752575378,0.5422397372901957,0.3149084074926041,0.1897883085264206,0.524895380549609,0.44403089144955776,0.30480564872579446,0.0,0.425341740897681,0.4626026281180956,0.4612735945437117,0.7019618377831547,0.5369047158171909,0.6468498727208251,0.5811135683773044,0.5744265397339601,0.24216496706003282,0.46907166837087705,0.43596429789197927,0.5386645778339092,0.5716760952855212,0.4213139147956968,0.6464366455065116,0.0,0.0,0.3696856425371754,0.5707869350191535,0.5980300252082911,0.502111971895091,0.5052920480026442,0.3108096604540638,0.5507001918931166,0.26867267487737745,0.49444935018654423,0.51765579260449,0.5579224410317347,0.4723551740061448,0.6293607292845695
0.5441677354054546,0.02996778710715267,0.6807203348655259,0.29508220185711465,0.6617995065160795,0.5804559769387874,0.48340292602409807,0.4649967138363682,0.5441014419757276,0.0,0.5250792646186541,0.5784903014473349,0.5439900406870973,0.11999849703984938,0.5410364743753696,0.46693292939754605,0.5697858752071177,0.5145927594109606,0.4815678347164469,1.0489370344908284,0.2920701988445077,0.1880059320352114,0.4402756593654442,0.46474689116535683,0.5956806978989357,0.544617699281184,0.464913182965875,0.5479607514040755,0.4427137339516596,0.3450237523870584,0.5729985188965021,0.25298762820127985,0.5293184420251806,0.5752600197947597,0.15970073459155196,0.3303666549865035,0.8049050571309344,0.40372104038980355,0.793611528804747,0.28679293037584197,0.3589737064716976,0.31671798251465255,0.28143105201329577,0.3009801345315277,0.22047078355523125,0.5653339737479587,0.3104957623279554,0.19724753879778065,0.4464177045218187,0.3878132533721086,0.47952458461549197,0.034586788824011755,0.5565580053904495,0.3146863347394463,0.5697832847833177,0.3500435687546533,0.5587252244629225,0.560933748926224,0.0,0.8557848219796782,0.1605450913077695,0.6031921978414682,0.6106654670555799,0.4720608420205224,0.4826820997323328,0.5397461023315967,0.38144952151628964,0.5567688053256994,0.3714286574070003,0.6193363479903241,0.5913433819507834,0.49309940255665546,0.23153841074637382,0.4627017717708243,0.0,0.5426455748301671
0.3594081243573786,0.3012526386028782,0.3625104875251278,0.412927626154989,0.22207567173734433,0.22280591935967461,0.49693440567572744,0.42409050976373724,0.14828186201308047,0.5250792646186541,0.0,0.32758277760573157,0.5158566199139443,0.32419511611304486,0.0,0.4749592471690772,0.7875877077518353,0.5161411544354106,0.2799954861476424,0.5132414386485037,-0.1923479479981529,0.35321712333427857,0.4900920569926045,0.1886874177016138,0.34739431948319666,0.6923492640547089,0.4327879018654242,0.486929956030543,0.45703410838879505,0.47682102395125947,0.5696997380358944,0.5008061570254208,0.547113991538318,0.6208245159308732,0.5317479526840343,0.2903276038242589,0.48927788740779626,0.38899768575694055,0.6019583165353095,0.3852317043580672,0.45847613599129267,0.4226410274947628,0.6512959949355456,0.5721397691117981,0.2113703784297703,0.0,0.0,0.35779021077536255,0.477010869615467,0.3974292966186416,0.6870113707481236,0.4874378752090075,0.609107558616006,0.31828587299059374,0.48822387540053525,0.5245866810761092,0.08856571730193669,0.5415571920620607,0.5654373424055239,0.0,0.0,0.0,0.0,0.6391810561140152,0.3954114848897565,0.0,0.7372753070825953,0.28497874381409144,0.0,0.0,0.9607042458601194,0.35727316497354644,0.5005130432013856,0.3772721385545838,0.0,0.5403106237489641
0.7448277398282412,0.46739218647616654,0.6043496984088031,0.28722973027404336,0.5941698934415343,0.6255754522663346,0.5373479179117262,0.8386202704000602,0.6083071192423259,0.5784903014473349,0.32758277760573157,0.0,0.5214576019795516,0.5798611306666109,0.3156656448295308,0.5880898238666175,0.802497462589082,0.8075003733319304,0.5504374171370463,0.49593302789137694,0.7628692952630686,0.3410876165896839,0.6069899947994815,0.41053230708136146,0.702686207052527,0.44925360618168464,0.5328747090486138,0.5232606993106956,0.5328038372396077,0.28454343630680545,0.466302946052661,0.4009240107912614,0.5953047476412723,0.37409409062445664,0.40207076687000975,0.2898720240053789,0.34902102548512826,0.21220122857000923,0.31777012650457614,0.5146141235468972,0.5036551947110528,0.2577427162663384,0.3754205826574447,0.3674455412925314,0.4163326529762606,0.46294320462109584,0.5291131043306271,0.253736928167248,0.20240141632441846,0.23767840387056402,0.3524195573133404,0.45870540371229834,0.26580432773125096,0.3850744276733864,0.7346769187939821,0.24187917721322483,0.775569767529932,0.4508582391783909,0.6648728078736935,0.6198883463785505,0.5278969145864558,0.6220460614106608,0.701923491167342,0.3647828468278093,0.7167351634551198,0.7173656069510026,0.42963007565999867,0.4445235410625948,0.5344907487882996,0.7062833378903333,0.6477795216323607,0.28594512267624106,0.5789722597249373,0.4653339949209012,0.0,0.7036046533513183
0.8625227776771345,0.5549660986765548,0.5981685217524306,0.5158894100120969,0.4911110188173371,0.5901673683032658,0.4920967678936644,0.5173094409640279,0.7109947455009117,0.5439900406870973,0.5158566199139443,0.5214576019795516,0.0,0.3998565319669102,0.6333095206048776,0.691835910771813,0.554016137081293,0.7471004832779591,0.5290049890040026,0.6098961285869586,0.5663356732117266,0.561322195254305,0.5905266960389577,0.488738484576838,0.6741173464724779,0.6742345883866219,0.5685319253749594,0.5866868009697036,0.5914267946745972,0.461775201964976,0.4697001497241167,0.5817869187398372,0.6792885640983654,0.5778981914166037,0.39104493342203017,0.4153377382259195,0.4671661356509944,0.3473286072377453,0.6072442759813614,0.41627525032561347,0.7203572900997628,0.4376040274995443,0.389726841168359,0.40867600371161306,0.39982844361055075,0.5915429004508495,0.5463731172942503,0.5405980356787069,0.0,0.5877411110275808,0.6534704386131089,0.5536694168778082,0.6404963989541509,0.6149070042646767,0.4573850658685213,0.4956500896619206,0.1464990651247898,0.5493257171059439,0.38630740068319674,0.4702752088522974,0.5172121204963551,0.38185247669234457,0.5255331660769857,0.5430732350479376,0.44643590171583597,0.5991108240761399,0.4651683547762371,0.6377673954332976,0.49757406819110145,0.4772968174866361,0.4756095292359707,0.604024578459976,0.5731564543625364,0.5471160435449355,0.5237445435095279,-0.21552432211784178
0.2951459319970968,0.5614308918687421,0.4377498523097584,0.40052387970628256,0.459308777101719,0.4004502007603299,0.38805076107101266,0.5361253659364027,0.5244520278962936,0.11999849703984938,0.32419511611304486,0.5798611306666109,0.3998565319669102,0.0,0.5329144929123537,0.6619802149292402,0.45913386636392706,0.4638349169260338,0.3741067338578514,0.38322884027598725,0.2609566806913791,0.26972436374019065,0.5313548749369166,0.5725585876062798,0.5368003129565597,0.1713896262025194,0.5515815888030103,0.35731087181772275,0.3817370905131375,0.8296028384413902,0.39193889777224944,0.30038936852855835,0.23069839024396743,0.6936842240778152,0.3778879021864676,0.28647585413700144,0.29867028716897454,0.39976566881138764,0.7183533099346244,0.0,0.6771915452079822,0.7655919300281965,0.4776627631455484,0.462956102416586,0.0,0.0,0.0,0.23668273107448184,0.0,0.5779618113376404,0.6938309071048512,-0.10819642540308216,0.5911740889350435,0.23292834964598513,0.0,0.7520297235686537,0.3692173861252174,0.7658200935532009,0.461852762705521,0.0,0.0,0.0,0.0,0.3297234126368461,0.0,0.0,0.0,0.4698589454992672,0.0,0.0,0.0,0.5981210807611457,0.7542054557227289,0.0,0.0,0.0
0.10830416009485647,0.4750587535376365,0.3915870366310265,0.5826458767524593,0.4758181253274922,0.6779836163127758,0.5060640239725819,0.4420942277310974,0.7708221807026931,0.5410364743753696,0.0,0.3156656448295308,0.6333095206048776,0.5329144929123537,0.0,0.5956297727048161,0.510840013893181,0.5173991146062199,0.0,0.4776058967940873,0.20398431400581363,0.3981999038078178,0.4186532783168551,0.438722348590869,0.4393807158836218,0.26415639360477783,0.5217346397477789,0.6460640101307108,0.5461889420122708,0.4506959633242732,0.5841432246345475,0.4277605063312965,0.5149263252892504,0.46087299894682243,0.48713113687463505,0.5745806752385634,0.3861521022863575,0.3439924265845463,0.26676803370180213,0.45373266830227127,0.33268122878489753,0.29530330829042784,0.4382830299326662,0.6332945530614912,0.0,0.6207610300493391,0.4040174008400993,0.39073017556898015,0.0,0.0,0.48475742920354403,0.5930522895531545,0.2837872498685591,0.4603007084888878,0.0,0.0,0.6154959177716909,0.5754078956247334,0.4732005716102231,0.7464216736425013,0.4839792413793135,0.6094222112519527,0.7113839180164077,0.0,0.6055164614780533,0.40092965268291825,0.7020598255788866,0.6463236206420453,0.44323717273531954,0.6048821737413175,0.34940980569476865,0.4745743334229045,0.10125188311983241,0.41405984389883277,0.568740958550041,0.1652536935097318
0.5587561756207156,0.4284560748035052,0.3366715200495937,0.06338577156187677,0.5415863135288015,0.7539954255958816,0.5888720595250013,0.6653115409443839,0.8059750193243562,0.46693292939754605,0.4749592471690772,0.5880898238666175,0.691835910771813,0.6619802149292402,0.5956297727048161,0.0,0.4329593600043291,0.7177919509900093,0.5189233788866545,0.4103824334288909,0.421034446817966,0.5432981683842059,0.555155180288491,0.6058935046536321,0.6243809328384515,0.44997107986958074,0.5172313526552758,0.6569488311592337,0.5885908539132498,0.5926100709121342,0.564513184331807,0.31220148573199863,0.22119390592371013,0.5341645149943273,0.4367923712364886,0.6190339836564916,0.41840364350673825,0.5571489721276153,0.5594676628693293,0.5980403922825908,0.5799366840103055,0.5623107911017745,0.4748489426363601,0.0,0.0,0.35335762116360847,0.6315962632353811,0.0,0.0,0.0,0.5497099382162955,0.5556271115259456,0.8947425922402615,0.0,0.6380844938886636,0.0,0.49887829829870844,0.6291305135288737,0.0,0.4985525760993096,0.6631584439981308,0.6038356015964235,0.6019309109861773,0.0,0.5811591943242639,0.42424694777264216,0.46943287991153343,0.6321692124525303,0.6225194842986657,0.5892326141000004,0.615266215800603,0.6066643975406546,0.5829380158531676,0.3702223788846477,0.0,0.5149253328891119
0.2744542151022104,-0.15318727204354354,0.6133020116270258,0.5364231360491087,0.5295621772321217,0.6722969600207157,0.5197278631024588,0.45702390484038896,0.4775916218586901,0.5697858752071177,0.7875877077518353,0.802497462589082,0.554016137081293,0.45913386636392706,0.510840013893181,0.4329593600043291,0.0,0.553742588143637,0.5761398916096945,0.40598587580946643,0.9482756687983043,0.5117485084722677,0.421255592713618,0.6012152471452339,0.600509472303697,0.6001151475824394,0.6784481994495344,0.7122412711602191,0.34750030954006095,0.5754253108868204,0.46049922154561235,0.32546684155846606,0.40528486889734683,0.5857768314679554,0.4154085585094882,0.6128411522743199,0.24346192035893055,0.1681770890984337,0.5522617535802518,0.087590446104861,0.6104203986814117,0.5770064501242962,0.0,0.0,0.4617619503796391,0.637208577562079,0.6379765566084179,0.0,0.0,0.0,0.0,0.0,0.0,0.0,0.47466484140641546,0.0,0.41033795762331465,0.3587426880071045,0.0,0.7660548127358755,0.5372918858942461,0.636523310927376,0.5062451401716431,0.0,0.0,0.0,0.5612136821414268,0.0,0.5212579333632914,0.5902333247134179,0.5569074067112205,0.0,0.2927476603361189,0.46259340308163854,0.0,0.6444994461486181
0.5635604496995598,0.5552921232735468,0.5781845691892347,0.47936492614080095,0.4304155243586514,0.7520808172928095,0.61256779582666,0.663323680375126,0.6279704171892032,0.5145927594109606,0.5161411544354106,0.8075003733319304,0.7471004832779591,0.4638349169260338,0.5173991146062199,0.7177919509900093,0.553742588143637,0.0,0.5421824318963485,0.45995590572149725,0.5314850388868217,0.5803683406975901,0.5587990337097862,0.6219787944725232,0.6463908899428199,0.5407349191689296,0.518619527223468,0.6350357568989754,0.6094437798899595,0.41582548610765024,0.522638093702724,0.36523042356618185,0.4415701251314347,0.7406748554027012,0.4135669823809276,0.5839857244045834,0.26138915677391134,0.4388699042896518,0.5932297840565123,0.4660100406237869,0.4324521790888123,0.5961546110924788,0.0,0.0,0.52090420576207,0.5575800295951752,0.5950524269635238,0.0,0.0,0.0,0.5517644536333443,0.5323228157503396,0.8967258752889111,0.0,0.46729605854319667,0.0,0.5087743225735133,0.5217684471285204,0.0,0.5606120109471652,0.5719306776742201,0.7716776338547996,0.6330042123563955,0.0,0.4899087700144938,0.6047292065548167,0.48978968889160474,0.7496240973842004,0.576135315151652,0.6145781656034813,0.6476827831735872,0.5204263815108197,0.6679354752783826,0.07970219796632078,0.0,0.534697373946806
0.0,0.5239561334619234,0.3707805455746583,0.39806382126044926,0.314785690760544,0.468433217599814,0.4811162487076518,0.4068988333975182,0.29249506719144897,0.4815678347164469,0.2799954861476424,0.5504374171370463,0.5290049890040026,0.3741067338578514,0.0,0.5189233788866545,0.5761398916096945,0.5421824318963485,0.0,0.47407159494272133,0.43069204472067124,0.598837981295014,0.3799561417189935,0.4586165916721007,0.5681475359796575,0.5093293399839288,0.43295922310279944,0.6024384897323749,0.6379780634369219,0.8901593541917554,0.6201127698681995,0.711628608170976,0.6106155431198885,0.646203018079904,0.5385873741082171,0.3325584425693692,0.4534257192594031,0.4580980599101766,0.6936088997748746,0.39548094450579796,0.2942013268910841,0.23858772352425772,0.6536341619635031,0.3234694179419062,0.4239288415993724,0.0,0.0,0.5197467984256665,0.0,0.45205623229081976,0.5475727882608872,0.48490554385120943,0.49526443880439663,0.41782970339850756,0.942404909245432,0.6542981215960775,0.48152788666691504,0.4371226739512088,0.47748349210953195,0.0,0.0,0.0,0.0,0.5183012170832015,0.47569019280157243,0.0,0.4334050515224696,0.3716852551249359,0.0,0.0,0.0,0.4376432892772703,0.5664352260367733,0.4991585197259269,0.46730588327103506,0.5302691694233421
0.5558080604641147,0.2570715253864483,0.34133072763472405,0.32735235333902724,0.40415065656660026,0.48490903225252746,0.41227872908298263,0.6352970625139411,0.5205391857651269,1.0489370344908284,0.5132414386485037,0.49593302789137694,0.6098961285869586,0.38322884027598725,0.4776058967940873,0.4103824334288909,0.40598587580946643,0.45995590572149725,0.47407159494272133,0.0,0.42732358856859065,0.4815517077737653,0.6005587496020728,0.7799300931382447,0.40912563313289824,0.42213025501663304,0.42510120872336027,0.6724151592778568,0.4023224860317819,0.8299004153569158,0.5181007835371697,0.39317561479746654,0.2433643253088754,0.3496515075789868,0.30852272727421104,0.49972850837152416,0.3909044557184829,0.6866338424832212,0.24834088036143473,0.19981553597167523,0.33475609512196286,0.21327796211345426,0.49064365802442544,0.17768985739660298,0.20399719702887986,0.4639516960803789,0.3968801120540981,0.43349071348017465,0.0,0.0,0.24378910537234044,0.5096958652716639,0.2671060025146887,0.4180567942720991,0.8928272412950831,0.0,0.5214081383786692,0.4175464072079037,0.0,0.4402820048062174,0.5001478106097363,0.47822578148563577,0.5550562718197154,0.0,0.34082789916300954,0.29726088116410343,0.40133560328794116,0.5119480165300797,0.0,0.5775954276613856,0.25829071342384746,0.4307745461964423,0.3273524546746803,0.35264319715309184,0.4197827802182488,0.2886070207425311
0.1735414668247754,0.30540105092625314,0.36950149111473807,0.3903022847252976,0.39226809463449247,0.5537069673611307,0.33644095034877336,0.39693220879726177,0.37748168482569866,0.2920701988445077,-0.1923479479981529,0.7628692952630686,0.5663356732117266,0.2609566806913791,0.20398431400581363,0.421034446817966,0.9482756687983043,0.5314850388868217,0.43069204472067124,0.42732358856859065,0.0,0.38853093649524345,0.4824645502293058,0.4058484135832306,0.4462985743616457,0.27460952796785587,0.5376088039945228,0.5464697230791495,0.484160674487919,0.5524652838868518,0.42393020780975954,0.319077233765045,0.3184425449186021,0.22192666903855934,0.3439630444163835,0.2959839984040804,0.30967637763653383,0.5741399318547153,0.2786888619933737,0.42730636672593814,0.41535265573856317,0.334527700505053,0.547390755397507,0.0,0.0,0.35499774685467744,0.42430818482420557,0.5913720096933379,0.0,0.0,0.5298929244573447,0.40561583075642965,0.6987855553734996,0.48200207138419626,0.566731597891519,0.0,0.7191842970596893,0.2565753373071061,0.0,0.45773544030218016,0.4539756003763321,0.0,0.585233465504571,0.0,0.47470268387595976,0.41199666487290865,0.47324530671014425,0.5603739171728419,1.1238382301883825,0.4667652987974841,0.44571280711483774,0.49118220474970303,0.49978196576999256,0.5562341608328484,0.3984791475693793,0.19684579595131113
0.5511653040361122,0.4526402596988943,0.4812848396021919,0.43717435174645236,0.41795024982910356,0.467842571247306,0.4273732038800559,0.485393602383282,0.5173011979686707,0.1880059320352114,0.35321712333427857,0.3410876165896839,0.561322195254305,0.26972436374019065,0.3981999038078178,0.5432981683842059,0.5117485084722677,0.5803683406975901,0.598837981295014,0.4815517077737653,0.38853093649524345,0.0,0.6864225005736048,0.4114060930372265,0.5277334034358512,0.49018343892779015,0.47403076986117,0.6876126157833364,0.3549145816984124,0.6600674037388483,0.7775917009731992,0.625175394189733,0.5903749420411755,0.78833937992927,0.6156328474014854,0.7129009357499785,0.7955640577799257,0.48114576043133434,0.3877130981491222,0.5935394106255498,0.552176658336363,0.45479610672579146,0.41340143264281504,0.32313301104253905,0.24614000270726438,0.21954215712303105,0.48210685454220215,0.4844782898307297,0.46997543710746925,0.2581846969052693,0.4424162572852619,0.6057529765198963,0.6240919206926394,0.5682425041660104,0.4238850764424574,0.0,1.2458258609279855,0.5334678464027174,0.0,0.6337609580760952,0.4943213018124106,0.45384643236147176,0.6379538343515734,0.0,0.3783081896459046,0.5380339227579036,0.6392341772997191,0.4536084938236158,0.683292627281362,0.14476243313466192,0.3676046118514965,0.426291490750921,0.5049816308781713,0.3821477805689929,0.5562567189840191,0.5556530507332451
0.37350232329162575,0.6752590635488724,0.5141461620440924,0.6728746339075293,0.4935030493417538,0.6304720267013286,0.5291024693761488,0.5747900989991177,0.5975293656657554,0.4402756593654442,0.4900920569926045,0.6069899947994815,0.5905266960389577,0.5313548749369166,0.4186532783168551,0.555155180288491,0.421255592713618,0.5587990337097862,0.3799561417189935,0.6005587496020728,0.4824645502293058,0.6864225005736048,0.0,0.40191078358181465,0.6462024389700327,0.4554323124580142,0.6175038187793805,0.5376954158725693,0.4615991641157586,0.5064527386463332,0.5826795046582547,0.5411364636834993,0.4932663998586784,0.5251949118923221,0.4281299314766613,0.5683612059926358,0.6285513550191473,0.3132754225998034,0.5263540689765139,0.3623701731102459,0.5236791539732326,0.4823397068678547,0.7328275035103666,0.5570415475606518,0.5050502108061979,0.4589581170532988,0.5762568156094093,0.738942544688381,0.44496297061967016,0.5708093474122911,0.6983860930569643,0.6041120980074259,0.7621094239111219,0.5827379166595367,0.514832993927681,0.7471566523224101,0.35521472771716067,0.6067320388861245,0.6836650090709635,0.5494422344104922,0.610701770709581,0.482682099732333,0.6180097359337081,0.7170570673247836,0.4921244381361321,0.5111375174116175,0.570771431807919,0.7457019395722435,0.21316435478305942,0.5116589915680998,0.4266885263608626,0.5802885415980715,0.5723559268964156,0.5574620288858155,0.5725459108132878,0.5092139656071433
0.561182074683124,0.24216736921314566,0.4207335054941863,0.20289619559921807,0.5422717777186725,0.7271412002818893,0.16413772838761775,0.4147772397407419,0.5438435940088204,0.46474689116535683,0.1886874177016138,0.41053230708136146,0.488738484576838,0.5725585876062798,0.438722348590869,0.6058935046536321,0.6012152471452339,0.6219787944725232,0.4586165916721007,0.7799300931382447,0.4058484135832306,0.4114060930372265,0.40191078358181465,0.0,0.6684000783059841,0.47358068294795796,0.5690080725391192,0.5722953331511663,0.5082975031779151,0.7917567157141723,0.6396314523261943,0.3376730606281966,0.4365155716082919,0.39679596727774297,0.4042322082289778,0.09433607906992011,0.3981309520173886,0.11596390356226738,0.7090051470205732,0.3798043297596448,0.16597446353638312,0.6285653529670148,0.5533456243263628,0.3717942313370729,0.06503358046953639,0.35278457275641634,0.48905666044089857,0.0,0.0,0.48967723952157527,0.5859730552863393,0.3310015454998384,0.0,0.020769210843049352,0.3498283213448964,0.5278136983356757,0.27508263390052434,0.43925279084533525,0.0,0.2573627975871847,0.5732020960310159,0.462954640021378,0.40133051180895946,0.4595714330779508,0.3350076787189314,0.4071130489591875,0.21087659481393586,0.8361193233539739,0.2855530230228888,0.5020100762947721,0.4746358422347904,0.5281471006627831,0.6087567311542701,0.6274135201833202,0.0,0.5514179487638438
0.44479962297741416,0.4386430933625194,0.5127880166033199,0.8378984862276861,0.43079659601253006,0.6687358756173598,0.5802003788009208,0.6418882767677774,0.5135516343653674,0.5956806978989357,0.34739431948319666,0.702686207052527,0.6741173464724779,0.5368003129565597,0.4393807158836218,0.6243809328384515,0.600509472303697,0.6463908899428199,0.5681475359796575,0.40912563313289824,0.4462985743616457,0.5277334034358512,0.6462024389700327,0.6684000783059841,0.0,0.32686881124768263,0.4960363411325226,0.6980154381870094,0.6081569466750293,0.3849067417537586,0.5356966995270583,0.2093875140951544,0.4771755218901841,0.5126072163802307,0.39591222174458635,0.46603472302950183,0.5371693944507092,0.3544815151551239,0.45138090406456666,0.4259722637526967,0.3388908266968437,0.5679389062957508,0.11076665617238184,0.0,-0.12272798925817763,0.4401016339452718,0.4872457669672339,0.0,0.0,0.0,0.5360523475642581,0.5315334817463656,0.6629432670334494,0.36074052906486054,0.5603449148111803,0.5250600006082142,0.5784384046462839,0.4393778243321673,0.0,0.0872951711085197,0.47926480495352114,0.6939674359464174,0.5731200393810096,0.0,0.3836463995723786,0.3714187533827314,0.35747024639734926,0.4973476260443283,0.5515656851856318,0.5216717607041591,0.5198452303260023,0.4717365594376288,0.6562041525781858,0.2688209190627563,0.0,0.38235244856208495
0.5749025479772722,0.31720943088426723,0.4919390994882544,0.5653270549167739,0.4039665387603724,0.6988991621052241,0.5683667939553638,0.6483254065413906,0.6276247268550528,0.544617699281184,0.6923492640547089,0.44925360618168464,0.6742345883866219,0.1713896262025194,0.26415639360477783,0.44997107986958074,0.6001151475824394,0.5407349191689296,0.5093293399839288,0.42213025501663304,0.27460952796785587,0.49018343892779015,0.4554323124580142,0.47358068294795796,0.32686881124768263,0.0,0.5696450901611748,0.658225630273222,0.6336080014348386,0.5442195666749745,0.4399480812879798,0.39352408864114197,0.5364187288112421,0.5188877475716054,0.43061538172709435,0.7089908583324159,1.1833141216610326,0.5893159755406914,0.47127188220401367,0.45042426107416444,0.5141718380218829,0.44871047022715865,0.28328753994910466,0.5352071900795867,0.2229016389827856,0.4076269140919769,0.5847333643025621,0.5551605793370267,0.0,0.03987099269007845,0.5924695898179069,0.5247414880129992,0.2374980091586134,0.45007798591558323,0.5931484900242765,0.0,0.5978677772874272,0.6220480416269536,0.0,0.5726670512185994,0.6130108482014783,0.6297336962653879,0.5675098017744123,0.0,0.4487593552849211,0.49218510232414014,0.6048743546325454,0.4188033260627145,0.4516963418386031,0.5620334979334657,0.512721024285499,0.4735101775969035,0.6146892545039021,0.5523276082208355,0.47684378798636995,0.4688404352634947
0.4632390071852245,0.3505284172779979,0.44298945777643456,0.6067422458418663,0.4751990392861901,0.5644600943360389,0.46414056923536834,0.6473176531242374,0.42675152991629534,0.464913182965875,0.4327879018654242,0.5328747090486138,0.5685319253749594,0.5515815888030103,0.5217346397477789,0.5172313526552758,0.6784481994495344,0.518619527223468,0.43295922310279944,0.42510120872336027,0.5376088039945228,0.47403076986117,0.6175038187793805,0.5690080725391192,0.4960363411325226,0.5696450901611748,0.0,0.5691510328244872,0.4327359464130899,0.45996576994377913,0.4658693660320763,0.5336453293620265,0.4265368617688892,0.47065451295308536,0.3575552182246144,0.5327612620848914,0.7268279433652581,0.5256563723789371,0.5064141509893584,0.4133978237882452,0.4770848682398894,0.363607581189692,0.6243815403778145,0.5989513028891018,0.35816704786480374,0.3910449801333095,0.16412297583084126,0.4804959173076981,0.5395360469317956,0.5784718267377789,0.6096625351883768,0.7108066618043143,0.65235059649779,0.5365592010403155,0.6144634969192283,0.638175945203879,0.36322995945811065,0.5861412068602362,0.6940819711197086,0.42740799563664544,0.5566831820685416,0.0,0.5239600558451074,0.45631444211176153,0.47459124051232726,0.44546225963495634,0.34525111111566664,0.5607647246789645,0.0,0.4335155042038532,0.1714508979592595,0.571891036988641,0.5900938921054468,0.5367405160017382,0.47443771718713834,0.43166145030188185
0.6314981704365885,0.5754470876071631,0.6697498661931653,0.46176192580343856,0.5335498200421191,0.5081951852813537,0.4059917305030043,0.5305861050944647,0.6234019441404,0.5479607514040755,0.486929956030543,0.5232606993106956,0.5866868009697036,0.35731087181772275,0.6460640101307108,0.6569488311592337,0.7122412711602191,0.6350357568989754,0.6024384897323749,0.6724151592778568,0.5464697230791495,0.6876126157833364,0.5376954158725693,0.5722953331511663,0.6980154381870094,0.658225630273222,0.5691510328244872,0.0,0.47092737392319467,0.46958683821076097,0.6664031300533294,0.5504762827095182,0.7621943602281456,0.543501808344103,0.49697140522186883,0.6055254671825799,0.4905570837492835,0.4043164798542367,0.5138244185985563,0.30226449625046625,0.6636015759938967,0.2942988251041448,0.4137110474700568,0.3639419953061106,0.5673805130336869,0.5728548483753159,0.4853708462028914,0.5781074825525101,0.0,0.613136895993333,0.6690307827787607,0.5412545976581318,0.6566483856791316,0.5422132403150888,0.16737994896235833,0.510663031853004,0.08220299340294718,0.5409925959122137,0.409952768104395,0.40455180538916746,0.38080877639536115,0.18004960070888454,0.4621448119284226,0.6114219522921012,0.558630262760835,0.5970171471234667,0.43084732422206806,0.645700435623871,0.5107168276491846,0.5435491864399422,0.31198128649389223,0.6247865809064281,0.5871118742194903,0.5024919099753212,0.5117085029121115,0.4464385870156794
0.5364669165094802,0.40210647889104423,0.6521060839984794,0.4374389393966587,0.5256855955840218,0.525454351590899,0.4985556741983449,0.4447004852089341,0.5218268258226357,0.4427137339516596,0.45703410838879505,0.5328038372396077,0.5914267946745972,0.3817370905131375,0.5461889420122708,0.5885908539132498,0.34750030954006095,0.6094437798899595,0.6379780634369219,0.4023224860317819,0.484160674487919,0.3549145816984124,0.4615991641157586,0.5082975031779151,0.6081569466750293,0.6336080014348386,0.4327359464130899,0.47092737392319467,0.0,0.4326240299633447,0.559208339416415,0.5245690200463164,0.3255892800064301,0.45365535414201735,0.35561640871794314,0.5137908715081755,0.6907241280258116,0.574744542219509,0.47990877253613284,0.4794945122937345,0.4498658895158225,0.5096388621891806,0.3803851350330428,0.47592106155575364,0.5921932225442471,0.42026754379371545,0.42014912923690195,0.533958712810754,0.4183167587217549,0.3850120059298011,0.6542479903122704,0.5354856952382054,0.6956584170929081,0.44026699320695833,0.6535727380308276,0.40770333648466384,0.5389627243444894,0.5555042157484359,0.7762214338314015,0.4918118728080957,0.6004278365424363,0.47029115213954253,0.5895509617418201,0.504239348969951,0.5659545480660474,0.4420147448842841,0.4175774383292149,0.6204066266484656,0.448046951437825,0.6086468824722793,0.389870055547611,0.5824479757288805,0.573548972753774,0.6262502684477956,0.4715939398344835,0.5594781536081384
