0.0,0.8404137734506435,0.32163096445740197,0.0,0.42855895424229595,0.3637975805944088,0.4161418683804545,0.7573223355649632,0.41075473474308266,0.4813623879293475,0.40010375100135087,0.4201934570092136,0.481979673629655,0.44925263832649587,0.6059679650281226,0.9706018483396988,0.6050577274419151,0.8912825644073665,0.0,0.79085499109191,0.41584212756512473,0.7320021648406984,0.621509418947066,0.8319552409194146,0.733120769192025,0.8900055372032566,0.6132220164308997,0.3800334263197937,0.2716711420166491,0.5959900840019678,0.981994172686161,0.8741871068652354,0.8902942574034202,0.8634696366843518,0.7513057360237193,0.6036516364716675,0.4859870967756788,1.0687403380969438,0.775764987747902,0.7147381827306706,0.822796450847107,0.49397372739782885,0.46357050396577776,0.0,0.409248215185012,0.7144173059215437,0.7769625509134019,0.0,0.0,0.0,0.43089720292965616,0.0,0.5355960485167028,0.0,0.3752919403318501,0.0,0.8091829633557674,0.6869806432314439,0.0,1.2145820769577254,0.8837190753894997,0.2533423205549121,0.7575851985631392,0.0,0.41219992261396926,0.47875899941888866,0.8607732115378446,0.5460255793358453,0.8220256085977597,0.8181734067556459,0.8245879900500693,0.4512547048001441,0.406475257007708,0.43299266518067836,0.0,0.8364121812577235
0.8404137734506435,0.0,0.44251966642232143,0.3351014114990455,0.7135441716069342,0.5868614493707688,0.671973868564347,0.5229166913735896,0.6344500288815279,1.0246267785351109,0.320238823442744,0.44080597210471734,0.7341640702944139,0.5225201592146724,0.8275577825226239,0.9260571598305544,0.8966140322698926,0.7884188929977387,0.6261680943149048,0.9370716224751303,0.8886856839091646,0.9683883424326979,0.5529984580592536,1.1228301046930238,0.5579580586000887,0.6343139559376568,0.7467003545923387,0.6894550077056487,0.7040969687324039,0.42266691133308104,0.9380748151194414,0.8696563267991444,0.5774890720493906,0.7050206904539487,0.6457658308812755,0.416972573180069,0.25749283740694723,0.0,0.5526417040613001,0.4300053227191468,0.4801444695740567,0.7525555057773291,0.6300637750787701,0.0,0.0,0.7766460340825718,0.5364241473351958,0.05581565778345414,0.0,0.0,0.48109003223785407,0.6081128578470508,0.5507696545517976,0.5543196574760414,0.5987939326085754,0.0,0.4236076232212189,0.6042277442971733,0.0,0.48325813257844535,0.5995453961482393,0.5847209482851583,0.5579824505972171,0.0,0.5947644872090099,0.9578127298470365,0.6100826763230108,0.4879152468310997,0.3689620285347702,0.6779422225629095,0.5864820916377902,0.5133278530487331,0.5903121713851892,0.45950108935840106,0.0,0.5815954265365952
0.32163096445740197,0.44251966642232143,0.0,0.6464822310915057,0.812479661611518,0.8004313749502949,0.7212172443716388,0.8099625425311456,0.40873828986224614,0.8466800653449682,0.5125940166715357,0.46794833033808814,0.8245945196429054,0.5479701183650872,0.3175504334323344,0.38391738509524864,0.6242032099611377,0.4974017877669102,0.4214595122485918,0.37507979059022617,0.35014505115975875,0.4757547831529755,0.6720003657707045,0.39692518789165854,0.46445492837106966,0.39129577533547066,0.6735584315288121,0.8670424805466619,0.5099887338659282,0.553949668560464,0.8316706587030668,0.8258136501350521,1.1074601750825175,0.8862586336268649,0.8492911229588263,0.7499353798767412,0.7300978626417173,0.43814047937336564,0.7898865206895089,0.47502219123918077,0.39567615257223254,0.5561441257483338,0.6382057770062167,0.6135025347161998,0.0,0.0,0.20226069937325236,0.7680900393125095,0.4767742748814071,0.44027969654650356,0.6412769465267527,0.7289539669595075,0.833335831506751,0.7593493069063275,0.3985952615340751,0.4071653116472424,0.45801081149553113,0.7957049612832285,0.6369693763200464,0.24218538768189252,0.0,0.0,0.0,0.7066478396905039,0.6013426254443341,0.4531417979421565,0.09363324422656956,0.7355124010720795,0.0,0.6213466245235086,0.3289964998909908,0.7296527791610035,0.45155487591351323,0.5924707617273308,0.696904063970843,1.0532335564948379
0.0,0.3351014114990455,0.6464822310915057,0.0,0.3588450411667897,0.7612130937990873,0.5044464035727882,0.42219260809404985,0.8361152523007365,0.2421197344294055,0.710557462546705,0.32915340317936803,0.6301802060236792,0.6389512806611835,1.244335068334048,0.07055899811655954,0.5501916576315976,0.4650651726117704,0.8622511681475316,1.0990506823337787,0.39592910995981534,0.8990762356276616,0.7694876171201724,0.22905720170269428,0.8650076934430262,1.4598844864942708,0.8468731072437301,0.4572895798880844,0.3753691801703012,0.5093003265780465,0.8317540264688927,0.6252103255850877,0.8061257451454154,0.6748395744909667,0.9248954633776691,0.44807201747940906,0.32215595168716493,1.0293312046922938,0.14714491938597862,0.28789365323503824,0.38836167357825524,0.273472589923341,0.13460306965535263,0.22515547612347225,0.0,0.0,0.0,0.3877495482362441,0.0,0.0,0.5672681268222199,0.0,0.46209705638633247,-0.005196209922055342,0.0,0.19080610196731967,0.46490586470027606,0.4483579540610903,0.0,0.0,0.0,0.0,0.0,0.0,0.0,0.0,0.4582917632109188,0.544296665716817,0.0,0.0,0.0,0.4855279983633608,0.5248054615560176,0.5585012907317002,0.0,0.0
0.42855895424229595,0.7135441716069342,0.812479661611518,0.3588450411667897,0.0,0.7037078852520126,0.6553989594875987,0.6197082652321806,0.5867045823853297,0.7780058131546327,0.5867094914785488,0.5001015243209764,0.813428665782822,0.45403700370643163,1.5003445194685199,0.8218029484696469,0.5067690118961876,0.32048017431833614,0.7849756028115922,0.9016145002837852,0.4799626500030315,0.8063783534399402,0.5488133362880401,0.48155381206756176,0.6694583355024013,0.34401602199470893,0.679044066018429,0.7052787475990361,0.8368586908549088,0.42588057403364854,0.704986154013301,0.7027698662258186,0.40412859090909425,0.7536838128017967,0.7521423770205309,0.5260353695778235,0.3416796152202,0.46896152743255276,0.6028994988667862,0.6960242213324401,0.5390163181095856,0.42697248752067196,0.5521730425456385,0.6790090078954152,0.25098440744864214,0.0,0.39587881763987476,0.49407073696130926,0.0,0.581430973128211,0.5813091304339453,0.571095111345187,0.5100453637168836,0.5184366914378116,0.0,0.4119530966182935,0.3398128902086035,0.6704251490566485,0.4837844988788981,0.2526417364583603,0.4458205595203286,0.0,0.0,0.6211307791469851,0.36101255267078525,0.4890308539328905,0.3535349929698696,0.6265695489047209,0.0,0.4772924628066092,0.5847433561076922,0.4868199793087288,0.5633565264668515,0.42346768150029424,0.0,0.4949170201589436
0.3637975805944088,0.5868614493707688,0.8004313749502949,0.7612130937990873,0.7037078852520126,0.0,0.6866477080843509,0.7132754849238203,0.5076521940453839,0.703131531477746,0.6633715891074685,0.5613158227181665,0.6840561221780834,0.6577480740315808,0.7675160388265181,0.678100355176725,0.4471734984729855,0.7487724002913828,0.5229538617219662,0.7446305668130533,0.7712611603169935,0.6738576171516208,0.6583435536075994,0.29720153760574175,0.5550370504514935,0.6872200056353943,0.7227764685278305,0.7162690613823889,0.5231581779815002,0.8307706962630945,0.8300178514205769,0.7811098968589685,0.8133906827133653,0.7929544615320127,0.8443649258609164,0.7353711117511559,0.7763878889217026,0.3572340821208626,0.8197500708615723,0.28258062501247116,0.7567041702781838,0.859816908979188,0.876595094673694,0.5107617206882169,0.20158977661641506,0.5901589888683569,0.4618633512110048,0.46032796843163143,0.5503408415216328,0.4167107529358027,0.6188889486035638,0.6379305170348731,0.701410989947671,0.31499523890421227,0.6640033820943344,0.5511365176766615,0.3098090110049316,0.5554711496880739,0.5450904088359522,0.8697939571658357,0.5375336391972059,0.0,0.5010449668581922,0.2549145746818847,0.827036535684285,0.691735714270739,0.9982950769346255,0.6625705613672178,0.5900234740233734,0.45046812604379305,0.41540943349837756,0.6852008381303363,0.6819197202702771,0.8252150091246939,0.6618028220859864,0.7188335293606255
0.4161418683804545,0.671973868564347,0.7212172443716388,0.5044464035727882,0.6553989594875987,0.6866477080843509,0.0,0.6430616548919301,0.7581229502425071,0.7329925062828897,0.6446729460983343,0.8242556141548116,0.7882929690971954,0.2052236372675736,0.47250643340349685,0.6924762399968563,0.3989252173925707,0.7086930486623435,0.6818757899900729,0.800249060948561,0.3726290499170835,0.6833294699277295,0.5932997225659989,0.451888584826456,0.6581128896849289,0.7748216303254225,0.6213936468048118,0.819705503069639,0.7676971007539166,0.7767565951048814,0.7393516601608972,0.9034138692571411,0.7470885388632116,0.6965096795165675,0.6560595265672979,0.4575469991875032,0.5116569358773905,0.9703475070431479,0.6083960830198873,0.39782843999241885,0.5910663117748672,0.5441025933804065,0.59360279424063,0.7832192423315611,0.3179600763725427,0.0,0.5628048447607013,0.3838373943474634,0.0,0.525587886618471,0.4914617144098221,0.5358083618850402,0.4725364931638516,0.5653287324282903,0.5506524108095533,0.49032073538347043,0.44582005362292076,0.45104949944257244,0.4100695666226676,0.32585149949610337,0.5616815816597953,0.0,0.5362739556598644,0.5717474042010046,0.5724227907500734,0.5049235310791858,0.6056555858317185,0.6725056462420305,0.4745497142680895,0.6063394332227379,0.4989935285057291,0.6263426498066629,0.5221623436414606,0.40833297836485527,0.7403911989268168,0.47844225357654624
0.7573223355649632,0.5229166913735896,0.8099625425311456,0.42219260809404985,0.6197082652321806,0.7132754849238203,0.6430616548919301,0.0,0.8944025130060045,-0.24465642020913514,0.697377480309181,0.8031941349914464,0.70941063807361,0.7610686771152726,0.8402380248095567,0.6052214639671392,0.41942891328854626,0.9766172041136634,0.6711967854115934,0.3811686456572668,0.8598160827843141,0.4015743323612392,0.8302855541447325,0.7318842236487745,0.8713127484282682,0.8359930719362383,0.7663190894341726,0.6595567374162501,0.7273639052445662,0.8047653079596955,0.7776905384488757,0.3630239054644405,0.033720658687005245,0.6484604956137787,0.5739023893803954,0.545772882527509,0.21379252334217855,0.563428024218424,0.7405588749156962,0.4245664306328757,0.5393422666737835,0.47447832373922316,0.22733899984330452,0.4236129889228729,0.0,1.248130634010246,0.3095071259574774,0.7541925066882287,0.0,0.5229998177338762,0.6421083122236013,0.6615240759439627,0.7890765193076423,0.7644347193272898,0.8200489727228271,0.4493506486551849,0.9145817279576237,0.6745353361273245,0.2712730344569029,1.0192129502438212,0.3456683825990078,0.0,0.6219681108745423,0.7259205669433354,0.9434684952050585,0.8016836931460378,1.0717729415554194,0.7977753175360962,0.0,0.43309616584775157,1.1691976966631055,0.7626299379789765,0.6775855039675974,0.7631552996708648,0.47641113124802237,0.7159711533906075
0.41075473474308266,0.6344500288815279,0.40873828986224614,0.8361152523007365,0.5867045823853297,0.5076521940453839,0.7581229502425071,0.8944025130060045,0.0,0.8064205190973386,0.6665899507189289,0.860634831659179,0.9124548890911925,0.791008217615649,0.5980784208678904,0.45647691993732964,0.4031891638694719,0.5284421571273171,0.3456767301809089,0.9286129105045065,0.3551605956429605,0.8915160320708995,0.7091069889834929,0.3869117832278895,0.4907359426841965,0.5435618868186287,0.5090806195815345,0.8545520995297818,0.8023010404990963,0.5462223354093608,0.7974690403775119,0.8152170904991114,0.5304589617019851,0.8291147054214032,0.783937426581946,0.8680093767259265,0.7429232199714149,0.7576686710359655,0.6927086097612876,0.4839417755114578,0.458793303759002,0.41866190774542994,0.6454908616424219,0.4456184906538001,0.28030176079219765,0.0,0.4946630871469865,0.7553347038282591,0.4749476625666249,0.6272301954220532,0.7301423578503672,0.5799663587679489,0.8530552014958459,0.7205979370257217,0.21018267866369117,0.707981036190344,0.41083322498962455,0.46228436352734015,0.5488738469788452,0.43396958805472197,0.6454012622848888,0.0,0.0,0.5760953212525945,0.5818537311038936,0.706892633786895,0.5402055745071386,0.7360332705012123,0.32550745487544086,0.531614324987463,0.2638206811521321,0.7414799268414585,0.47076800113923534,0.5314407982406105,0.5112675939254965,0.5776794020011082
0.4813623879293475,1.0246267785351109,0.8466800653449682,0.2421197344294055,0.7780058131546327,0.703131531477746,0.7329925062828897,-0.24465642020913514,0.8064205190973386,0.0,0.756453250102755,0.6674093733812119,0.6892454414331113,0.18517514265542312,0.4408025903874224,0.6164511329407243,0.8012107068792214,0.7293271425236636,0.7173760303951152,0.8844726131000458,0.4666510091607357,0.7055312007635024,0.6322984308938426,0.4053780605549838,0.7369972643444069,0.7054145968917489,0.3038859761404037,0.7387547547974308,0.34386488098358026,0.3579576673811433,0.7067588448486115,0.6340857909700517,0.7161084554004613,0.43837810225027435,0.4649281515185771,0.316789833332763,0.432767799400112,0.3591719571667179,0.3901173224095801,0.4606568780574736,0.587276058259981,0.34004880213595096,0.27841934027103277,0.30217468407812353,0.4812849380113797,0.9770125478757876,0.5257182195857099,0.16184835310814433,0.4893078349992055,0.40971157778654377,0.47821832157750943,0.4041396264774522,0.5642413102802244,0.19973523511509875,0.5968286193079686,0.4585915604254973,0.6507262633133248,0.4983020232814757,0.0,0.8974231718591028,0.5693901643070706,0.7368225014150431,0.6760507623239177,0.463873680324117,0.46262555608096656,0.5409632228827591,0.3269362795049392,0.5504036518071963,0.5213786657203585,0.6904031298283981,0.6948489305116416,0.5837097285891645,0.5870137919063434,0.3925038440385138,0.0,0.650790938662657
0.40010375100135087,0.320238823442744,0.5125940166715357,0.710557462546705,0.5867094914785488,0.6633715891074685,0.6446729460983343,0.697377480309181,0.6665899507189289,0.756453250102755,0.0,0.7172502685876174,0.6928334825712903,0.6313742741631694,0.0,0.5153983497725055,0.46169725231434466,0.5132497304111093,0.5868874242945022,0.4440544968023313,0.4968826814349063,0.38938086398671284,0.5711526816212028,0.8827574166286677,0.5193417354026295,0.5111642944138095,0.7213103423976697,0.720000874228393,0.3689338262409613,0.5010566094792811,0.6994901088784352,0.7056770671099023,0.3729479783156927,0.7880529009060704,0.7371980053010619,0.6562651996100016,0.7529656109926461,0.6785077408040829,0.534687682576981,0.5313851186232306,0.5020321506152183,0.47709752489911894,0.6288730800956199,0.5490814021484748,0.19171579197055388,0.0,0.0,0.7653060896007085,0.4639195254043102,0.4749832162431239,0.4772635602291379,0.46084972904252364,0.7551519292811164,0.7439581270255391,0.4851857915247588,0.6809904519117725,0.40139842717272134,0.5122657598729796,0.7717462070172094,0.0,0.0,0.0,0.0,0.7133520594433929,0.3543330387632264,0.0,0.6601969697755966,0.7379903565623003,0.0,0.0,0.9002585599482313,0.6750370775956659,0.4292857264999346,0.3465877901013233,0.0,0.5294415497208222
0.4201934570092136,0.44080597210471734,0.46794833033808814,0.32915340317936803,0.5001015243209764,0.5613158227181665,0.8242556141548116,0.8031941349914464,0.860634831659179,0.6674093733812119,0.7172502685876174,0.0,0.7546704536671737,0.6128025628098346,0.4132399434493871,0.5621857774772403,0.8185994099486718,1.0732662990110502,0.46374817316783384,0.5457031882186203,0.6456418307323065,0.42201373504967077,0.39929567305233127,0.5547902190706221,0.9094821101839554,0.6559226409629901,0.4836069035160656,0.9385077848125583,0.6144415569439994,0.29597893742243414,0.6324834401598682,0.551038360424849,0.6114079537186368,0.6774552278609041,0.8361006298604029,0.5159606860985495,0.8330879231532538,0.4293619683505042,0.5479883954324978,0.5368891614110911,0.6733233135764819,0.2522438597026754,0.3684222692120296,0.41579056096635936,0.5347955170674319,0.9102213856457081,0.5823592789888064,0.25352166551604327,0.19682563412677645,0.2589309601179048,0.3353626268116871,0.48719552472935773,0.22445604362477026,0.3881268024581792,0.6196504833524137,0.23854389284566313,0.7454355553079925,0.4605428593276778,0.6684742479224033,0.6172859911406529,0.5325250703447303,0.6659949588540757,1.1389775653627008,0.32929393614767344,0.723588465777068,0.7618657620916938,0.3915072077269335,0.5639445548291755,0.5977989515504102,0.6825586920044822,0.6876811914807865,0.37311347412810236,0.703592609053608,0.5000585978554457,0.0,0.6835411317996647
0.481979673629655,0.7341640702944139,0.8245945196429054,0.6301802060236792,0.813428665782822,0.6840561221780834,0.7882929690971954,0.70941063807361,0.9124548890911925,0.6892454414331113,0.6928334825712903,0.7546704536671737,0.0,0.35220209659984114,0.4189715449215143,0.7331096868569081,0.7128454384998562,0.823258676149278,0.7637847800762283,0.8889871214104312,0.7398931845891488,0.696298715398585,0.7034954788409356,0.470628755996634,0.7871239602097315,0.7670270059292695,0.7201949492742248,0.795950335132777,0.7710194611319358,0.78406691159034,0.7096406144125235,0.8882897939189739,0.7075448931914026,0.7233615546955467,0.7601209494916745,0.4930515937214196,0.6101449963672132,0.8193713044434443,0.4466517635060617,0.4939221146582854,0.5274489139683678,0.5565904507356423,0.5625299490681578,0.39429201518733514,0.36860480471858015,0.5822836038696761,0.6320374039381512,0.4409094557355824,0.0,0.6447438173423453,0.5211532483206595,0.4938864042433924,0.46389874648335616,0.5289729059875308,0.4938411308577111,0.42733293388412946,0.43878450603835184,0.5435753439597478,0.4475244893335024,0.42496415495172213,0.49488284098602314,0.3771454565269024,0.5289867786493123,0.5246251627593954,0.40714020412705004,0.5526847609144007,0.5185815511308591,0.7577463852524793,0.4691593378736129,0.4518895776303725,0.44723354833200457,0.7786745787300973,0.5081452090956027,0.4578523105418543,0.5025247449472818,0.485841658440899
0.44925263832649587,0.5225201592146724,0.5479701183650872,0.6389512806611835,0.45403700370643163,0.6577480740315808,0.2052236372675736,0.7610686771152726,0.791008217615649,0.18517514265542312,0.6313742741631694,0.6128025628098346,0.35220209659984114,0.0,0.502611458788218,0.5532843220432954,0.4500394042091002,0.5014923527677446,0.6741872440276441,0.3826855461372659,0.7946249392371052,0.24920928377599885,0.7011601605339084,0.6111031828803875,0.51340740337122,0.4279367958434426,0.6572734162684332,0.5370428325936615,0.3549429323946259,0.7773576205701125,0.7763299033121354,0.479705309403304,0.23661711316948641,0.7384658097128092,0.36716613928518893,0.4607972098178947,0.41535072431991393,0.4074363018490954,0.7002830509535005,0.0,0.6846876232725088,0.822695254908087,0.6278919282352204,0.4759461298058595,0.0,0.0,0.0,0.5434087562386759,0.0,0.5011740047322579,0.443417032946748,0.4572551686384913,0.5543196027714672,0.4636518076039049,0.0,0.5969777080856042,0.3757688791717325,0.696816135822427,0.41369268191114683,0.0,0.0,0.0,0.0,0.5909073075664001,0.0,0.0,0.0,0.8091630947408209,0.0,0.0,0.0,0.7442165001363378,0.7393143879012911,0.0,0.0,0.0
0.6059679650281226,0.8275577825226239,0.3175504334323344,1.244335068334048,1.5003445194685199,0.7675160388265181,0.47250643340349685,0.8402380248095567,0.5980784208678904,0.4408025903874224,0.0,0.4132399434493871,0.4189715449215143,0.502611458788218,0.0,0.8105223558121304,0.33983577420727984,0.8156447639219165,0.0,0.4614711411668777,0.7260585456856793,0.46582453476028085,0.31824462603743997,0.6890364455115974,0.7066294196149444,0.7318963243154195,0.3530053918570041,0.5867537330117729,0.7668069010381386,0.8288089563819674,0.8459449390593994,0.6957482507167235,0.8655327794952143,0.6794745187836916,0.74127883372752,0.856873290133674,0.7578640834441547,0.37181269057039024,0.6900282985935933,0.8290548317744801,0.7750789662915436,0.7613008428900204,0.46037647672904247,0.5728433040458907,0.0,1.0624242586280124,0.7872854783603238,0.45049079158214655,0.0,0.0,0.752788874786525,0.6962491674543346,0.5527457917500137,0.5472132114280474,0.0,0.0,0.6741092528561534,0.5140346518243766,0.46777025117068466,0.9045073007147636,1.0104704854674713,0.6231460271354594,0.5493517875680132,0.0,1.0162421403064565,0.9320769197265448,0.838580575295545,0.9442685147425859,0.4370855036849495,0.7194210970474997,0.7832723315449622,0.891686070982667,0.3977408786957023,0.8084181515594759,0.4817884478651363,0.7568433507797994
0.9706018483396988,0.9260571598305544,0.38391738509524864,0.07055899811655954,0.8218029484696469,0.678100355176725,0.6924762399968563,0.6052214639671392,0.45647691993732964,0.6164511329407243,0.5153983497725055,0.5621857774772403,0.7331096868569081,0.5532843220432954,0.8105223558121304,0.0,0.6482446249220444,0.6954819173708076,0.4423166945732421,0.5782721116780128,0.8400818790626223,0.6671555518280037,0.7067388996173658,0.9051283256676274,0.8025822723435097,0.9025897296020258,0.6982792330492227,0.7126608089117243,0.6613258239295587,0.7815128446908548,0.5827097684783342,0.8140661406555396,0.6273243416629918,0.516908295215211,0.689608861886466,0.6525844181002642,0.3744133979329874,0.5862053662249471,0.7073119473958727,0.3363425624236708,0.5412748756894797,0.549083133917272,0.4679817376134819,0.0,0.0,0.7663596396321419,0.6907777641162434,0.0,0.0,0.0,0.5040529614068066,0.5828832813303064,0.8537797842352048,0.0,0.6085795870461836,0.0,0.48996910391141485,0.5586507470593746,0.0,0.49240385983931245,0.731151664568046,0.5880224189495944,0.6673766484684156,0.0,0.5053881310015333,0.5404976740106788,0.6551000938091789,0.5175900438928389,0.3517340021528245,0.8471073331464151,0.7553749456788381,0.512035501687079,0.548591781262136,0.6067929942200273,0.0,0.5926691480739255
0.6050577274419151,0.8966140322698926,0.6242032099611377,0.5501916576315976,0.5067690118961876,0.4471734984729855,0.3989252173925707,0.41942891328854626,0.4031891638694719,0.8012107068792214,0.46169725231434466,0.8185994099486718,0.7128454384998562,0.4500394042091002,0.33983577420727984,0.6482446249220444,0.0,0.7269592982904366,0.6789799200499717,0.788822096198077,0.4971377516949902,0.7357052519216862,0.491507959072344,0.6721743124016373,0.616515758934188,0.6587351982711666,0.5268152062334435,0.9370432885834621,0.4300541353130545,0.46557307289257455,0.8080920141541295,0.7045474240795566,0.7431793515330354,0.7409011661701022,0.6419117478398471,0.5622805646276109,0.23841539880296342,0.3389114662309979,0.5380191807835512,0.1610970965122958,0.5467752988745702,0.5794595488250247,0.0,0.0,0.5155516923670894,0.5998182059513465,0.6135855908645886,0.0,0.0,0.0,0.0,0.0,0.0,0.0,0.6320439367777386,0.0,0.6276682042816395,0.2936803341887688,0.0,0.7368117147459754,0.4792814802304936,0.7426816894151784,0.8121031512790968,0.0,0.0,0.0,0.5709535163801862,0.0,0.7579656712624149,0.8459043221002351,0.7983644675345343,0.0,0.2832921397600109,0.4727306216180802,0.0,0.6372141516027411
0.8912825644073665,0.7884188929977387,0.4974017877669102,0.4650651726117704,0.32048017431833614,0.7487724002913828,0.7086930486623435,0.9766172041136634,0.5284421571273171,0.7293271425236636,0.5132497304111093,1.0732662990110502,0.823258676149278,0.5014923527677446,0.8156447639219165,0.6954819173708076,0.7269592982904366,0.0,0.471103298559034,0.6848361066148863,0.9953006430009119,0.5945321054961099,0.9039343402715019,0.7084175560503572,0.7329584482250611,0.6920965876059773,0.7454794192533243,0.7822163093724439,0.646155350889414,0.8959036199436778,0.7104500519059658,0.7860878593383243,0.8372985936701349,0.8265149112601016,0.6427580203315232,0.532242392658349,0.2576861644180832,0.6202183294832916,0.7826813784933497,0.6055577776159955,0.651860357933133,0.5827476246383336,0.0,0.0,0.5776017319111929,0.8010517992800648,0.76743307538531,0.0,0.0,0.0,0.4816586786238575,0.5650184470316568,0.8676416282810222,0.0,0.7870066652648042,0.0,0.6399309178241188,0.5301234137126091,0.0,0.5404506951096452,0.7978412756194933,0.7757535523814405,0.715969510948193,0.0,0.44904265853503944,0.5656407565968188,0.5161155064050349,0.6941798985166008,0.7383305967699132,0.8012967028591623,0.8166122105254514,0.43832056153880805,0.6544577161111381,0.3991866981077925,0.0,0.7761647174028723
0.0,0.6261680943149048,0.4214595122485918,0.8622511681475316,0.7849756028115922,0.5229538617219662,0.6818757899900729,0.6711967854115934,0.3456767301809089,0.7173760303951152,0.5868874242945022,0.46374817316783384,0.7637847800762283,0.6741872440276441,0.0,0.4423166945732421,0.6789799200499717,0.471103298559034,0.0,0.5410719742046175,0.4512877037892564,0.6914135888320584,0.42864425141564266,0.4383651415826153,0.5013742385280896,0.5017632464181212,0.7359505163806108,0.8330923093024535,0.5569326515661974,0.5744089527712307,0.7749291294184979,0.8019995871917568,0.4374989722352473,0.7988298752292635,0.7639115164476985,0.793288780591684,0.6304031391420928,0.7690056211127585,0.8344424358993676,0.3783866568821934,0.41599622479832116,0.23579579923837973,0.662611852975429,0.365800441491151,0.39989633344341596,0.0,0.0,0.6852444068716882,0.0,0.4516656165439209,0.6017459037933381,0.904761827400123,0.7448255534557148,0.6819401986277533,0.879684529351556,-0.14620833698778102,0.5147629476464761,0.4208291299308233,0.40551456349778947,0.0,0.0,0.0,0.0,0.667911977464914,0.46929952585502693,0.0,0.4906108547520023,0.671848280637707,0.0,0.0,0.0,0.6820280619424186,0.48273545206803503,0.42198075882834807,0.4822821863247543,0.5172018771129623
0.79085499109191,0.9370716224751303,0.37507979059022617,1.0990506823337787,0.9016145002837852,0.7446305668130533,0.800249060948561,0.3811686456572668,0.9286129105045065,0.8844726131000458,0.4440544968023313,0.5457031882186203,0.8889871214104312,0.3826855461372659,0.4614711411668777,0.5782721116780128,0.788822096198077,0.6848361066148863,0.5410719742046175,0.0,0.7724189195355303,0.6735104366673107,0.317630360163627,0.5244483873991874,0.6738790818766867,0.7411474359657004,0.781597656823291,0.8054286491036609,0.9275178758735279,0.5480151975325109,0.9407331052525023,0.7637019671694335,0.6669246137816124,0.8706373763258516,0.8903613471011074,1.16561643058654,0.9473426971383101,0.7762887858200069,0.776139010575842,0.8319112139565419,0.7643875456530222,0.8345521996453524,0.4891983044007038,0.2868234394303007,0.21174264031288764,0.45664755438119625,0.7328276977379946,0.46343315813651154,0.0,0.0,0.6602235077203313,0.5909893347807318,0.5510318455505994,0.39753667454831576,0.926767793861856,0.0,0.5381505118355121,0.49303358659137747,0.0,0.8999340334535991,0.7067977748297654,0.4655494401396939,0.5388656127281427,0.0,0.8112692641394649,0.849233153400418,0.7630905146849328,0.7967302571494932,0.0,0.48538869090035186,0.7267438133473132,0.7828143950835031,0.36137753624935903,0.7990699129965324,0.39010237011778426,0.7822112991556112
0.41584212756512473,0.8886856839091646,0.35014505115975875,0.39592910995981534,0.4799626500030315,0.7712611603169935,0.3726290499170835,0.8598160827843141,0.3551605956429605,0.4666510091607357,0.4968826814349063,0.6456418307323065,0.7398931845891488,0.7946249392371052,0.7260585456856793,0.8400818790626223,0.4971377516949902,0.9953006430009119,0.4512877037892564,0.7724189195355303,0.0,0.699355379540478,0.7406080200235471,0.6963059959554698,0.8453795174541037,0.8705056165157281,0.590064138336302,0.731931079901923,0.7944109090470916,0.39256946601129916,0.7592946623123451,0.5700794886736091,0.8461019053876027,0.5107006039605104,0.6387681649154635,0.5849906453317346,0.31500049781643524,0.5005994751481712,0.7046373236184685,0.7260045645350617,0.6085198093101469,0.7011233178468514,0.568530213008352,0.0,0.0,0.8739700274259082,0.7054465663564045,0.6241723612205243,0.0,0.0,0.6262948094165333,0.4036667867873196,0.6232497015753115,0.5198733279012766,0.5518511469457686,0.0,0.7334018983048931,0.4532564652068345,0.0,0.739926106714889,0.9364210690118968,0.0,0.4951340673357784,0.0,0.7765385633679822,0.8155123768924084,0.6959202971741258,0.6868133163804333,0.752040315453041,0.7854270226327751,0.8624889400067702,0.6926498249811988,0.6893596817279122,0.7571928048714027,1.1165789968965136,0.42951331347980376
0.7320021648406984,0.9683883424326979,0.4757547831529755,0.8990762356276616,0.8063783534399402,0.6738576171516208,0.6833294699277295,0.4015743323612392,0.8915160320708995,0.7055312007635024,0.38938086398671284,0.42201373504967077,0.696298715398585,0.24920928377599885,0.46582453476028085,0.6671555518280037,0.7357052519216862,0.5945321054961099,0.6914135888320584,0.6735104366673107,0.699355379540478,0.0,0.7587448002317275,-0.04467208485283719,0.716603582958639,0.9040572858583814,0.7390143841235318,0.6443846905946808,0.7486381339470303,0.6954926287146534,0.7552543297152329,0.6526445319389096,0.48623992852171827,0.6572374852473235,0.6827892197218939,0.7786599352079511,0.9402702040783621,0.5299439209658514,0.5545855534259001,0.4701019957533542,0.5582823906691121,0.6909308111634205,0.4638196029597008,0.35024080974168875,0.2381287074191849,0.7704029678886792,0.578784051089081,0.5690837098778513,0.4720969376645981,0.24134134502729976,0.5294623008394002,0.6743910506573054,0.5770772351847665,0.62286340165432,0.43207256197608723,0.0,0.5106475747762484,0.5748015355896312,0.0,0.8879435954194015,0.6566978532480581,0.39943438577837653,0.592839604785675,0.0,0.7500323916994538,0.8783632636821239,0.6203942251783556,0.8486123229115439,0.7091709300449934,0.56909727585688,0.6820028639675138,0.8681800420660075,0.4913683983122137,0.6782726758248753,0.5588579843924251,0.5292842455874242
0.621509418947066,0.5529984580592536,0.6720003657707045,0.7694876171201724,0.5488133362880401,0.6583435536075994,0.5932997225659989,0.8302855541447325,0.7091069889834929,0.6322984308938426,0.5711526816212028,0.39929567305233127,0.7034954788409356,0.7011601605339084,0.31824462603743997,0.7067388996173658,0.491507959072344,0.9039343402715019,0.42864425141564266,0.317630360163627,0.7406080200235471,0.7587448002317275,0.0,0.6971873395164045,0.6491125884993966,0.7177458585254611,0.43519145589053376,0.5984572624813578,0.5505680390992798,0.6556139658757074,0.6631996757369387,0.6638168675831697,0.5099473139942305,0.6347765449700311,0.673479856270421,0.5730167951811238,0.7221508724491467,0.2832790614243076,0.7264372995133574,0.7739347629199934,0.7186594405602502,0.8263933422215604,0.7735925395989982,0.5243141436411105,0.5677161972278093,0.9358420640834009,0.7335945806338782,0.6677329016548892,0.4327103299837437,0.6475306829024494,0.650115994170891,0.6722146890958193,0.7429984134075965,0.6565674862634294,0.5639194901157737,0.39507844832732764,0.43180096423794956,0.6492717495419555,0.5837581574019166,0.8323722061144269,1.6694500567072719,0.4626255560809672,0.5054247605410461,0.7034445539748682,0.7229964281597994,0.739361703752228,0.8485049362425172,0.7753221782790547,0.2156515908285161,0.5383626015731207,0.8748554354993829,0.6411949629171494,0.6569850566782998,0.7408397113585719,0.6985703356938255,0.6727542305337452
0.8319552409194146,1.1228301046930238,0.39692518789165854,0.22905720170269428,0.48155381206756176,0.29720153760574175,0.451888584826456,0.7318842236487745,0.3869117832278895,0.4053780605549838,0.8827574166286677,0.5547902190706221,0.470628755996634,0.6111031828803875,0.6890364455115974,0.9051283256676274,0.6721743124016373,0.7084175560503572,0.4383651415826153,0.5244483873991874,0.6963059959554698,-0.04467208485283719,0.6971873395164045,0.0,0.5991592003441264,0.541237250045746,0.5446475639939943,0.6737552016557156,0.5539899094856695,0.807671740694835,0.6409379008196405,0.7386249843920207,0.43011613546733446,0.3853542532802436,0.5596140260491845,0.3971443595072228,0.6335007708430542,0.4556400146937394,0.6952575393531562,0.7177595221113695,0.6087651565128351,0.6033055972458945,0.559029203123391,0.37692998033247915,0.6653353628949588,0.5631224848691796,0.4740948327479648,0.0,0.0,0.4560918928460507,0.5628684519527465,0.27587981429043384,0.0,0.04286994114540137,0.6425104879367762,0.5588430529937749,0.703311193259077,0.39862839057959665,0.0,0.19554098639685458,0.48970648795972005,0.5953526760270105,0.6816830806118752,0.4896200739558064,0.31720180908387197,0.3910251489349545,0.13808378534819962,0.8401248225223164,0.43711870325817603,0.7580362514899273,0.7040771955765639,0.526282272063431,0.5857588363801541,0.5983318316566835,0.0,0.6989732311259014
0.733120769192025,0.5579580586000887,0.46445492837106966,0.8650076934430262,0.6694583355024013,0.5550370504514935,0.6581128896849289,0.8713127484282682,0.4907359426841965,0.7369972643444069,0.5193417354026295,0.9094821101839554,0.7871239602097315,0.51340740337122,0.7066294196149444,0.8025822723435097,0.616515758934188,0.7329584482250611,0.5013742385280896,0.6738790818766867,0.8453795174541037,0.716603582958639,0.6491125884993966,0.5991592003441264,0.0,0.4671758865591227,0.6106448867268699,0.6952788491545476,0.5848992873264368,0.36809045487832703,0.7687556286919488,0.662199117027617,0.8301761686665988,0.6458297618598565,0.6753263583032281,0.8899746664296933,0.596833430176035,0.51818778564179,0.6683547059089474,0.3278365759718792,0.534109859920924,0.6585004169191588,0.09593729666404628,0.0,0.11360930646986939,0.7348455109215302,0.6982321607916513,0.0,0.0,0.0,0.525310625754287,0.5188691753110252,0.6345070376383286,0.426340927446835,0.5657576854711942,0.4337047713187138,0.5693222335796904,0.38518977133680854,0.0,0.5177200449717506,0.6723057115856081,0.6104696236281444,0.6146985159942288,0.0,0.6053278542509686,0.4950843106512206,0.6148443527247933,0.4735239762064476,0.5909921030139398,0.6733773144652638,0.6857726003907287,0.43769736177205376,0.6421837993802502,0.43916086920132025,0.0,0.6855097704817934
0.8900055372032566,0.6343139559376568,0.39129577533547066,1.4598844864942708,0.34401602199470893,0.6872200056353943,0.7748216303254225,0.8359930719362383,0.5435618868186287,0.7054145968917489,0.5111642944138095,0.6559226409629901,0.7670270059292695,0.4279367958434426,0.7318963243154195,0.9025897296020258,0.6587351982711666,0.6920965876059773,0.5017632464181212,0.7411474359657004,0.8705056165157281,0.9040572858583814,0.7177458585254611,0.541237250045746,0.4671758865591227,0.0,0.6547456143568168,0.772069654781903,0.7383392560903541,0.3510530581162769,0.7713434758469164,0.8591137622054421,0.8431562080372601,0.7199595409258398,0.7084381589942151,0.6248623278357514,0.9054386896742996,0.47404567538186254,0.7586935678642128,0.42422705134250804,0.8681858032197445,0.685666713098753,0.17713522369286966,0.5245252944561443,0.21875644474652883,0.8590722150291317,0.8041798899248278,0.6443776218250219,0.0,-0.008361084003149333,0.49640923814510074,0.5911816981362475,0.5303911398427529,0.37385600905476624,0.5658805872022715,0.0,0.6683522057288038,0.5833591076442101,0.0,0.8179241054117679,0.8823325593234719,0.5756639484383739,0.6548338628776487,0.0,0.8660067196256074,1.0958042277979123,0.8102845080266035,0.9552365335332622,0.5499934449615984,0.7553857292472204,0.71043967455159,0.9817378682435225,0.3808849916191659,0.9691882161705369,0.4343255174750204,0.7848822164768972
0.6132220164308997,0.7467003545923387,0.6735584315288121,0.8468731072437301,0.679044066018429,0.7227764685278305,0.6213936468048118,0.7663190894341726,0.5090806195815345,0.3038859761404037,0.7213103423976697,0.4836069035160656,0.7201949492742248,0.6572734162684332,0.3530053918570041,0.6982792330492227,0.5268152062334435,0.7454794192533243,0.7359505163806108,0.781597656823291,0.590064138336302,0.7390143841235318,0.43519145589053376,0.5446475639939943,0.6106448867268699,0.6547456143568168,0.0,0.7129909868775345,0.8765691890631955,0.7805345974398852,0.7963767523781708,0.7085812896803622,0.6242691563457499,0.7295685162527168,0.7667553740586946,0.5349288542571528,0.7632740765716122,0.34369725816310676,0.7132728582570091,0.7641664919194691,0.6957494780989267,0.7072789521072642,0.5581559613884655,0.5149576790441126,0.41575967786864043,0.40422350065803014,0.5271088436232482,0.5857401901508252,0.46539100650136794,0.49618654136701,0.6485920630702426,0.6605002108652906,0.6512160843390076,0.6148135541318844,0.6814594176724966,0.4750828826678498,0.32535047042894316,0.7005769684657841,0.6103083304568283,0.718863925927465,0.5248356733246428,0.0,0.44105253868819205,0.5826934097727827,0.6638611971866468,0.6695971274534661,0.6750182360059187,0.6534685013496491,0.0,0.5255671163973283,0.5416932149959535,0.6891874236494657,0.6654837617652548,0.7440750922492279,0.6511364531371135,0.6949855888876899
0.3800334263197937,0.6894550077056487,0.8670424805466619,0.4572895798880844,0.7052787475990361,0.7162690613823889,0.819705503069639,0.6595567374162501,0.8545520995297818,0.7387547547974308,0.720000874228393,0.9385077848125583,0.795950335132777,0.5370428325936615,0.5867537330117729,0.7126608089117243,0.9370432885834621,0.7822163093724439,0.8330923093024535,0.8054286491036609,0.731931079901923,0.6443846905946808,0.5984572624813578,0.6737552016557156,0.6952788491545476,0.772069654781903,0.7129909868775345,0.0,0.6561429750733829,0.653651835405987,0.875537032641406,0.8647705170327963,0.9468384762395816,0.7308669676482463,0.7896068582457414,0.6295910778489182,0.5840431995947477,0.9511623680390826,0.8778019469465743,0.3085981183359431,0.4615022361395792,0.3617821953129986,0.4929316043973908,0.4607272154009546,0.5761699947184501,0.6248767358741746,0.6015535401929605,0.49142996855847926,0.0,0.6560174713823507,0.8511883336477821,0.5137350109985118,0.7839255425220992,0.4835798414161613,0.5625098431460507,0.46170277235861923,0.41376149885738894,0.4887065142425932,0.31056561065266086,0.7586051784495483,0.4658125380545972,0.17207035628696862,0.5652812238608117,0.6680807698195497,0.8644888022106398,0.9154588178123049,1.1979714441368876,0.7777192801626478,0.4907890831848858,0.5562228924280688,0.6592933297174761,0.8095449015659166,0.43465043728738745,0.7816366568556934,0.46909007670820474,0.4372401165576459
0.2716711420166491,0.7040969687324039,0.5099887338659282,0.3753691801703012,0.8368586908549088,0.5231581779815002,0.7676971007539166,0.7273639052445662,0.8023010404990963,0.34386488098358026,0.3689338262409613,0.6144415569439994,0.7710194611319358,0.3549429323946259,0.7668069010381386,0.6613258239295587,0.4300541353130545,0.646155350889414,0.5569326515661974,0.9275178758735279,0.7944109090470916,0.7486381339470303,0.5505680390992798,0.5539899094856695,0.5848992873264368,0.7383392560903541,0.8765691890631955,0.6561429750733829,0.0,0.9171421955395775,0.8898779148084086,0.6221461703996229,0.5899296972151566,0.785906696046019,0.6327940308437483,0.6316278038939458,0.7918926256475664,0.5089093191295887,0.8151788955263375,0.7928169572895469,0.7732960748677835,0.8664829461797008,0.364010722508604,0.5177830252477273,0.5961820690503493,0.4101310769513445,0.5047947262325425,0.4770360669867469,0.4605596646376339,0.41696705052165156,0.7548943015397085,0.5037351276878927,0.7024893783247441,0.4763172942271974,0.6049072272647611,0.4215428793095776,0.5375027622611748,0.46019866977472756,0.7687478640413803,0.860790055564117,0.5160961371536941,0.4690394425929033,0.469750005361273,0.48509164935325155,0.8088118070369399,0.9086885985238137,0.9828350381091804,0.8103279781853663,0.4841304593262709,0.5280479151555546,0.769695713949215,0.8500711869957249,0.8435482415860278,0.8287562635759742,0.40246927397522336,0.6988225411255624
0.5959900840019678,0.42266691133308104,0.553949668560464,0.5093003265780465,0.42588057403364854,0.8307706962630945,0.7767565951048814,0.8047653079596955,0.5462223354093608,0.3579576673811433,0.5010566094792811,0.29597893742243414,0.78406691159034,0.7773576205701125,0.8288089563819674,0.7815128446908548,0.46557307289257455,0.8959036199436778,0.5744089527712307,0.5480151975325109,0.39256946601129916,0.6954926287146534,0.6556139658757074,0.807671740694835,0.36809045487832703,0.3510530581162769,0.7805345974398852,0.653651835405987,0.9171421955395775,0.0,0.8164176372893313,0.6734038478948169,0.4073258554482039,0.91820698433559,0.5597962040700599,0.4981405786717156,0.2741612438024751,0.47995131964532567,0.9562525761498828,0.4490631348664651,0.45798364670134833,0.6847259470766026,0.6105317406697414,0.07462691397686648,0.0,0.0,0.0,0.20316050682427106,0.0,0.0,0.4653476512702974,0.515920495303689,0.3953918529011565,0.6397121938306498,0.5434476955342314,0.0,0.01123232458852069,0.3804831646251211,0.0,0.3936415526252858,0.0,0.0,0.9512862387473386,0.9485092311602608,0.4696309380653239,0.9011460211849052,0.5483420399722906,0.8190657323971827,0.0,0.36934712231303646,0.4789217315895672,0.9129446578796332,0.5253953199095893,0.4615355780384445,0.41345075139036247,0.3583004462514629
