0.0,-0.015463648738607616,-0.0012328497314882392,0.0,0.0004124476504135388,-0.001805799954899101,-0.0007171508059706233,0.021794079069394456,-0.0002729764834389914,0.008922330810382573,-0.0005983987944273017,0.007631988417336033,0.0009893382921999372,-0.0031058536652385227,0.06530393316578187,0.026218901312924647,0.008917584546259849,0.01457029426613582,0.0,0.049767154759789045,0.015994503619402467,-0.0011429118435236085,0.06424555323768577,0.022293757493437538,0.007215708621135908,0.025125353152785412,0.07228792867080236,-0.012234309014545308,0.06498624352361193,0.0004904525972756479,0.0073966562940497305,0.006138530695940558,-0.008578355723171671,-0.01054893684349012,-0.010911154314185323,-0.0001861118465226741,0.0005131271099930723,-0.0034230168309291042,0.014191089667182799,0.016625021101149884,0.028253902274205933,0.001443106218549095,1.1943840918571258e-05,0.0,3.764623220714469e-05,0.09879855571175128,0.02473835066145591,0.0,0.0,0.0,-0.0022274371833872486,1.1102230246251565e-16,-0.0004911350866440567,0.0,0.0010931710522310012,0.0,0.0010944312764789021,0.0003990301480917835,0.0,0.0002938219085240057,0.02033989121487806,-0.001244233337789058,0.0213561829927979,0.0,-0.0014401217639423147,-0.03510378514063406,0.01370167738234146,0.0022674492817010283,0.0010191718268673378,0.03500438224313657,0.038594153084340554,0.00020852545536886868,-0.0002748603278246997,0.0008374954728272987,0.0,0.03649460328792836
-0.015463648738607616,0.0,0.0019539056693044787,-0.00017156995157380228,0.00040689609680638616,0.004756217326883416,-0.006830142256352978,0.022128673801229792,-0.011375555751352073,0.0010339111328385164,-0.0001612667516905919,-0.0019035028430562373,-0.009284524719176956,-0.0005803901762213015,0.012560487082768135,0.03364518241811565,0.0016357690692558324,0.026117713848775592,0.0013085193701503628,0.019672423318656318,-0.009869794936172127,0.02271396079541438,0.03518270683671121,-0.018253526086462246,0.01650741897256708,0.011779130903286084,0.03163602649921243,0.0035391163472389686,0.011997723846262132,0.026172531754750317,0.01311354456296715,0.0031743709172706858,0.024188815752461235,0.004601705205879436,0.010739812873643007,-0.002294426853978293,-0.00026915099804686315,0.0,0.023410444644579365,0.011462292896956161,0.016904245990681854,0.03241145717867505,0.00042228801804422567,0.0,2.220446049250313e-16,0.028463244452221703,0.026851421649331908,2.133925506569989e-05,0.0,0.0,0.03573934368613496,0.0013348237544338892,0.0003274014610747944,0.0003665105134739721,0.0013698481959617537,0.0,-8.490285998552505e-05,0.0035849585475513646,0.0,0.045794364417100664,0.018513678203115225,0.002807832037742486,-0.0036300416895062027,0.0,0.029775160214244978,0.00696922847380721,0.034823485856211533,0.053508764323576374,-0.0011402970148048364,0.01729461131980159,0.030510526653266146,0.043271324439150605,0.0003315757966954047,0.03245873551541184,-1.1102230246251565e-16,0.01923693595195136
-0.0012328497314882392,0.0019539056693044787,0.0,-0.002261518448158084,0.05559039133059773,-0.002152155445956039,0.039910178903488525,0.09373739214017413,0.021846846255014152,0.029804283247001684,0.02540053856247665,-0.0012824345885369404,0.0313871506133534,0.01671654015271984,-0.00044626322848184685,-0.0004545168790287546,-0.0007192959042415792,-0.0013060806596603691,0.03049152446592779,-0.0007823367867261233,-0.004234185799635026,0.0027408825026403183,0.03550015911343396,-0.0012920877089942495,-0.001193945076813252,-0.0019671448124896074,0.020667804077234786,0.02478287230110232,-0.0022400426406637974,0.001380313658860377,0.01580451163641733,0.019364861643098252,0.0001940219050420855,0.013750672948719622,0.0171437925864642,0.03601396235491178,0.029724285170780185,-0.0020092902289062797,0.01718601563868072,-2.446150701440608e-07,0.08199430320323375,-4.7639533873211626e-05,0.025126893342177603,0.0027434489298981957,0.0,0.0,-0.00030997054934239765,-0.06541279522051868,2.6826185955952653e-06,-0.02807768683743883,0.07589933101253477,0.07641733531834938,0.0653105180703144,0.011059444254572282,0.00022969874882333707,-0.11796815584809467,-0.0012904082627747115,0.11113277274235989,-0.030808104210024445,-0.0003556535720655174,0.0,0.0,0.0,-0.09106142798079997,-0.0002851169503377826,-0.0007108721547134933,-0.0005165096252018886,0.0668631478008459,0.0,0.0001325378998895399,-0.001075187575574621,0.06673815949492656,0.010243268714227982,0.0011975817005836498,0.0004949665729093722,-0.0060259115113582284
0.0,-0.00017156995157380228,-0.002261518448158084,0.0,0.011433804563243555,0.01426956372699606,-0.009604872303103529,0.020765709485558115,0.022217111966272685,-0.0356294423238748,0.0027507534090156494,-0.006354157734660804,-0.01724232550959609,-0.02189373390032001,0.00033232115816628216,0.0001443821888397201,-0.00017201651898990367,1.2215810845372932e-05,0.02711351272065826,0.000911276690099605,0.0005248741368629184,-0.001149350693835871,0.054759322725912773,-0.002395491722843812,0.0005267577279521318,0.002113717097316725,0.017951500259989206,-0.029715456599481882,-0.001652520929277479,-0.0005252310370926216,-0.11283076891989388,0.0010829698977798397,-0.016371518419781073,-0.013368354084298206,-0.012563507736728874,-0.03845892199294915,-0.040052109177893896,-0.007059142239965177,0.04850704649071419,-0.0005657145021328858,-0.0003904436673238254,-0.0019266974901905876,-0.002611808415144079,-0.0014073005435727426,0.0,0.0,0.0,-0.0007921442000585754,0.0,0.0,0.0004534672921078231,2.220446049250313e-16,-2.7957509773191003e-05,-0.00024704814739789915,5.551115123125783e-17,-0.001032427289017479,-0.0010545401287285205,-0.0003556218377647191,0.0,0.0,0.0,0.0,0.0,0.0,0.0,0.0,-2.4650114931690226e-05,-0.00040500729879655584,0.0,0.0,0.0,0.0008421654431282066,0.001722037819340605,-0.00014107739712121425,0.0,0.0
0.0004124476504135388,0.00040689609680638616,0.05559039133059773,0.011433804563243555,0.0,0.05474962033823072,-0.0018763711533729688,0.05481413924569828,0.03107531616646725,-0.1424182110077018,0.025081289495569647,-0.00013344649158708588,0.0016776107446223598,0.039057730085018616,-0.0005557260513324169,0.0005858590226777705,-1.0586797971667838e-05,-0.0027328881971466767,0.060434646868735065,0.03732935437750562,-0.002330946860338745,0.0018674701752665057,0.06358960857765211,0.00012859073548010524,-0.0035450077608019104,-0.00555175814233011,0.06557501895478984,-0.03446006941247026,0.015995988933737104,0.0005143284145522342,0.03334814284149751,0.017087765411016587,-0.00017161061015308343,0.029315187212914984,0.03221282508089102,0.0091618187146566,-0.045374396087941055,0.00020086947239089659,-0.01675510206223585,0.0007827159976298015,0.002154309623480455,0.00031573150071578793,0.0015294520391943012,0.0023087793413349433,-0.0004954183642144616,1.1102230246251565e-16,-0.0002128948617658999,0.031499075468214066,0.0,0.004630623247123489,0.0738318671906183,-0.0006331646199734253,0.03173568547481076,0.04978151353508242,5.551115123125783e-17,0.014618758908011342,-0.0006280714868796,0.0026710930424449497,-0.0013208776769922936,-0.0002730605704705513,-2.3590694337050078e-05,0.0,-5.551115123125783e-17,0.01700295959295539,-0.0003139962106329386,0.00017743249925417093,-9.327251067042797e-05,0.05781675769847494,0.0,-7.842654492662415e-06,0.0005957933453968889,0.05242373867648331,0.002294642234831612,-0.002602084253156889,1.1102230246251565e-16,-0.0015641950331798382
-0.001805799954899101,0.004756217326883416,-0.002152155445956039,0.01426956372699606,0.05474962033823072,0.0,0.04543987318137843,0.06711094279276941,0.03900999093787938,0.01776589364713066,0.053319904624844316,0.0024223305673294893,0.04240132107443234,0.05355905076110884,0.02079427264254735,0.0030809377691915496,0.001052200970441619,0.0015191404960600563,0.05597548459992202,0.03899600889734889,0.031297591912148204,-0.00011736117049071515,0.035079686552388245,-0.0012773999376311518,0.017445562198465325,0.028352666241142965,0.042569019665649854,0.03025670981386147,0.0631467516282137,0.01814639862050066,0.004128829210417795,0.01741516243800395,-0.008484940625590909,0.01582473178862548,0.008594612051260386,0.019634584130785893,0.024158855825862524,0.030469000813746316,0.03293975460577242,-0.0016807631168964665,0.06276055936295988,0.07749636582184116,0.06140146901844845,-0.0005691101419467715,-0.001817046141986134,0.0011820231100194145,0.0010423721367774919,0.0660172189468905,-0.0005247535022666061,0.08332202618127293,0.06806604513784897,0.059682049366991285,0.06509050787127668,0.0710360730995635,0.0023950264097976626,0.07111619882804221,-0.0012949347561543867,0.06488512735431773,-0.0014692292957872444,0.025458480135926775,0.002134326022602384,0.0,-0.00014183261939043623,0.06407023977933768,0.03153195926921948,0.05022803381710128,0.022759291319646602,0.06284960020757069,2.2892536957253018e-05,-0.000620471350382068,0.0009421873324392815,0.05812426635693679,0.04200032456455205,0.04267614759104521,-0.0018736004779872362,0.057230221237879686
-0.0007171508059706233,-0.006830142256352978,0.039910178903488525,-0.009604872303103529,-0.0018763711533729688,0.04543987318137843,0.0,0.058361143869710086,0.03859898523487698,-0.009092971855894805,0.03691290761249777,0.0011009978868236625,0.010641662733246682,0.013531518875950166,5.565811857055625e-05,0.00653591915222107,0.008800514015540162,0.010503482532003061,0.03568616019986859,0.009980788026262066,0.0020043227504392136,-0.004811530874289538,0.0407590329297669,0.008859384997398745,0.015597542586217983,0.00492648955404662,0.042106433991635384,-0.012371316948972033,0.021219484014792733,0.032738167218579195,-0.02205376661864572,0.03023624339587877,0.032974648881440805,0.0049537179170248136,0.00347417240579323,-0.02589387761521983,-0.0056049654511222124,0.04572676315906671,-0.06307963181091752,-0.0008721000262282286,-0.09667752907817101,-0.0002623374863081618,0.001852707956954247,0.0030502806682726202,-0.0009933283711531238,0.0,0.002453900124711139,-0.0028265104299888266,0.0,0.00028423583317915835,0.06869839954469326,0.0029276633592888457,0.06114564400146649,0.00121100834197152,0.0003728314650450759,-0.000928117674487694,0.00010726044623166064,0.0004973668673579068,-0.00146272748412829,-0.0011262272334058854,0.0010599118760021287,0.0,4.813417442406376e-07,-0.0017206649738955582,0.0009989522296282027,0.0002467872269665272,0.0013582595156717558,0.05411041332255817,-3.7685492324912584e-05,0.0006421031441878888,0.0009699177698648809,0.058790752740136454,0.00201798797415903,-0.0008645871520837622,0.0012452502112609842,-1.007350627946213e-05
0.021794079069394456,0.022128673801229792,0.09373739214017413,0.020765709485558115,0.05481413924569828,0.06711094279276941,0.058361143869710086,0.0,0.04159352992310145,-0.00171685072400235,0.029298915472217246,0.017603312548421346,0.0526575383416224,0.044994176090910054,0.09547786746843279,0.040170968520850725,-0.00015389664784470902,0.014821175772530448,0.07277506739161976,-0.0035341718829393076,0.06046224905063685,-0.002656636482184893,0.05946535257021468,-0.0005424693808374625,0.02056073422054716,0.02238356543063097,0.07435380445792505,0.04040925616411645,0.040524862332720624,0.03443652597416147,0.04138172858532141,-0.05176302323835663,0.07700591642085008,0.03331867199068389,0.027638455663735906,0.05099009871393356,-0.07038465849317432,0.0019798134806725542,0.039529583738559526,-0.0012516949018886447,0.04356771858156805,0.025236931264625118,0.062161600573359566,-0.0014925500835543115,0.0,0.0001519659366312487,-0.0006420913485166158,0.07207285580654677,0.0,-0.0015973046122163548,0.05130957939886727,0.04576103807082388,0.0691166127067731,0.04425029126950797,0.0005413706244016825,0.046536646605373766,0.00016501100588239836,0.04501306355167001,0.0021937153459775094,0.06462100090068079,-4.7746803157278084e-05,0.0,-6.854217250601424e-05,0.08699393187790805,0.07357552668967915,0.11779246053439102,-0.0022721501891770357,0.05037616561194641,-5.551115123125783e-17,-0.00027522436626797875,-0.0026789554810923155,0.06331724346182377,0.05128253920976483,0.05019629731502295,0.0003098880404259763,0.052980381918537156
-0.0002729764834389914,-0.011375555751352073,0.021846846255014152,0.022217111966272685,0.03107531616646725,0.03900999093787938,0.03859898523487698,0.04159352992310145,0.0,0.025064203826152598,0.05248419956855238,0.0017842535806190662,0.01874842099511337,-0.0035546840804799307,-0.0011070690409015205,0.0003040121848403854,-0.002015069824747473,0.0012160820924673743,0.02866159327291129,-0.013915848711520795,-0.0014743914641099365,-0.020903126913367043,0.030099650989140747,-0.001622297679435003,-0.011914075763376664,0.002345710699128034,0.04654626396456901,0.005125816096701208,0.0028916043040388417,-0.004792703887309513,0.012672541569355766,0.011495687021147394,0.04901272798253509,0.014789263293127408,0.02072037045122216,0.014312394795146288,0.030119247378360747,0.06529386162040351,0.02854818167004497,0.0005189349529041154,0.0010623001342020544,-0.004773940573902791,0.01828901023875329,-0.0036345950123953252,-0.001902063586148639,-5.551115123125783e-17,0.0009903443954953906,0.0495335437772908,-1.2887425517860152e-06,0.003403501632068817,0.061779206297482236,0.0010478705457548365,0.04448909337082729,0.0573287367154105,-0.001891191426225458,-0.00920423876361165,-0.0013038746719626904,-0.0003637602912054394,-0.05312396289279159,0.00025072256265634696,0.0006469490623648988,0.0,0.0,0.055614056297674686,0.0005052875891531916,0.0007946521038761922,0.0006764063639859152,0.04730343676244686,-9.693414850181492e-05,0.00011575785799372573,-0.0009651324813546025,0.06093021372923901,0.000298291917863569,-0.0015119315531090805,-3.8777837989667496e-05,0.003148172921387027
0.008922330810382573,0.0010339111328385164,0.029804283247001684,-0.0356294423238748,-0.1424182110077018,0.01776589364713066,-0.009092971855894805,-0.00171685072400235,0.025064203826152598,0.0,0.0226535265889804,0.011160322506437781,0.0053056360020362625,-0.1957993261064894,-0.000895546069227704,0.03484861010638107,0.03647251544857133,0.0438377449046356,0.02140331060877687,-0.003949542516700544,-0.008381170048242181,0.015218134042351117,0.027525124822643576,0.033982889835293906,0.04781329197649514,0.038381922362477006,0.029374212558485158,-0.031535303334359555,0.00028405653433938305,0.0004756781331736737,0.02981037059932068,0.02253854657065485,0.025722419380955375,0.00827428232078442,0.041294398136959454,-0.07332748781235415,0.011974048861248698,0.020641972735097602,0.007149237130046948,-0.023474272701557664,-0.0037418554806109006,0.02169461101903608,0.048317945648620964,0.061913139938973405,-0.026507739183362578,0.034688658704809194,0.00031587514210507095,-0.000742447130399948,-7.317658740402244e-06,0.00039295375038633784,0.0021095859823123675,0.0005973094080016228,2.875952957648309e-05,-0.0017587591781296763,0.007210072738323747,-0.00011895581793419652,0.009385466722271196,0.002889163898221192,0.0,0.0007978902690887746,0.009952078860033076,0.02597197870086898,0.005940210164587512,2.405352774570435e-06,-3.908090442955592e-05,0.000753104639251323,0.011266792234879364,-0.0011347885094674104,0.0406760870256917,0.00801591883816638,0.023342847201159533,0.0001329234358427578,-0.027574852271022965,-0.0009553218625952264,-5.551115123125783e-17,-0.028292505169793813
-0.0005983987944273017,-0.0001612667516905919,0.02540053856247665,0.0027507534090156494,0.025081289495569647,0.053319904624844316,0.03691290761249777,0.029298915472217246,0.05248419956855238,0.0226535265889804,0.0,0.031355132203381375,0.0372818376670887,-0.0009162103777812791,0.0,0.00010216976830257352,-0.0008272188995729901,-0.0004562368797368377,0.02691923710568156,-4.909373726935673e-05,-0.00016568531946137277,1.9802001809954284e-05,0.11579986770237488,-0.001331490007219327,-0.0005377026073912772,0.00023597757969961997,0.044703687365784006,0.03136524946916969,-0.0005623684753595648,0.0003744149489721682,0.020340542508164527,0.0036010059919743265,0.05596318679271489,0.028927355466935922,0.03943409931484437,0.05122753529900331,-0.061539789976181036,0.03965358923960305,0.048933490856503614,0.0008952362647167145,-0.0010404361965877795,-0.0011777479220292375,0.025952996721580912,1.327704480780234e-05,-0.0006785633112260658,0.0,1.1102230246251565e-16,0.13706069147486993,-2.495492738008309e-07,1.0874070039801342e-05,0.10323386549105873,0.13589961617925406,0.05465465961294452,0.10928367174346104,-0.0008049777314827478,0.16075984954698125,-0.0016836685188311162,-0.001355498983538872,0.025962052199380525,5.551115123125783e-17,0.0,0.0,0.0,0.2199599027513025,-0.0005674387180753526,0.0,-6.659382696377891e-05,0.08233081133319464,5.551115123125783e-17,0.0,-3.6447433374164895e-05,0.07477178660449069,0.07447616284558145,-0.0014039466132113598,0.0,-0.0001306874752922127
0.007631988417336033,-0.0019035028430562373,-0.0012824345885369404,-0.006354157734660804,-0.00013344649158708588,0.0024223305673294893,0.0011009978868236625,0.017603312548421346,0.0017842535806190662,0.011160322506437781,0.031355132203381375,0.0,0.010233044489311838,0.0024205971348147948,-0.00032439492916075396,0.0010972750535324094,-0.00688525904022691,0.039546350477699055,-0.00260768274928469,0.003729645099607326,-0.0030065010146498317,0.0012990362901674768,0.052446033564665595,0.02939328591793605,0.058003353193490814,0.017211945327458567,-0.0014426261883359603,0.0010036191333028799,0.0028233638796858473,-0.0013788500671298443,-0.0007889431734860453,-0.00696063911911482,-0.020173044817927532,0.020180606283963398,0.04931974274638373,-0.004312991292610147,0.07794256149614948,0.005100494933872629,0.011155265794217495,-0.027403034745456967,0.0017664098605732481,0.02940544650188881,-0.000507128121745748,0.000873751146973134,-0.020927299084722684,0.030917165855539552,0.0013364768471697541,-0.0006829321371073505,-0.0006748997809468416,1.64944906577702e-06,-0.0001646560275022635,3.188001862625134e-05,-0.0002026984960045719,-0.00027683479906004393,0.0022593231886895992,-0.0013684836657881227,0.01621755679207293,-0.0012321978075067186,0.00033734373300819964,0.00011949017595813682,0.0015305982062456813,0.009425368990426453,-0.00011761796775927591,-0.00027674410350714274,0.00048565162574126797,0.0012828607355684918,-6.043109851361361e-05,0.0015414978526115952,0.017144091646705717,0.008036045999320063,0.02648976580681006,-0.0009916162320098287,-0.019470597061931494,-0.0006747137173630513,0.0,-0.030510741311632728
0.0009893382921999372,-0.009284524719176956,0.0313871506133534,-0.01724232550959609,0.0016776107446223598,0.04240132107443234,0.010641662733246682,0.0526575383416224,0.01874842099511337,0.0053056360020362625,0.0372818376670887,0.010233044489311838,0.0,-0.007516955821157745,0.011411598723774008,0.006322466781424119,0.01901408591785214,0.00821855459668186,0.029727918786596974,0.012862464130683648,0.014580061166780567,-0.001707454533352859,0.03825026734152698,0.011455204241617944,0.013489296502031345,0.009594687726170503,0.032150982948710216,0.04650831863409316,0.038258305771153356,0.027520357966759612,0.013027334890612252,0.02302494359341345,0.05228979993750993,0.009193574150250905,0.007576633298920388,-0.027998163931853115,-0.00765150063090575,0.03899174961529278,-0.024563548964485205,0.001447791847707991,-0.0007876960789126031,-0.026085292603577337,0.011103740971287801,-0.005144427668289431,-0.002820774550022054,0.0006040984844578601,0.0033301155859681852,-0.0022552611587617344,0.0,-0.00026404881328667695,0.06712512139645532,0.0007032750324235115,0.053918087131246795,-0.0006670170807369091,0.0010149939166944066,-0.0027202083471504768,-0.00033640143962004876,0.002657127660694758,-0.0006364927359879813,-0.0011388310497328913,0.0010129246454778085,-0.0003252947048394961,0.001825225178111456,-0.004404429528543585,-0.001083793314506809,0.03784881146665642,0.0012727868116972907,0.05309943093684755,0.0003415452838644306,0.051103389941301036,0.0032263077079518476,0.050043310230607374,0.0002671311851566438,0.07274082647356456,0.0009732485070134134,0.002946385693721465
-0.0031058536652385227,-0.0005803901762213015,0.01671654015271984,-0.02189373390032001,0.039057730085018616,0.05355905076110884,0.013531518875950166,0.044994176090910054,-0.0035546840804799307,-0.1957993261064894,-0.0009162103777812791,0.0024205971348147948,-0.007516955821157745,0.0,0.00021674160831491873,-0.0004911582537464598,3.353217701740352e-05,8.973229828218576e-05,0.03900095424870431,-0.00038470418120467587,-0.00671573718881302,-0.0005431201060308033,0.08900977608614741,0.001248576995029893,-0.00010066551825255177,-0.0030711494027825803,0.06958878185537537,-0.00706828305472984,0.000812996368803609,-0.00031783448601863107,-0.00827955088328397,0.053900313559188506,-0.001837914723443912,0.030295003550649457,0.08057368967886164,0.015611534487088824,0.0007367892016715838,-0.0003956775522179212,0.008775023762115586,0.0,0.000677087575235602,0.0008767291074588957,0.030326713377413606,7.183272741073665e-07,0.0,0.0,0.0,0.056200834714566716,0.0,-0.004072425112237543,0.08607846401657032,-0.0015058824484626698,0.06095520950034278,0.038590975162843044,0.0,0.046310729318828237,-0.00013087915780585213,0.0017258450567701478,0.01168862912316726,1.1102230246251565e-16,0.0,0.0,0.0,0.05120795651053356,0.0,-1.1102230246251565e-16,0.0,0.05110280447964488,0.0,0.0,5.551115123125783e-17,0.06672409299168258,0.0001495799476694537,1.1102230246251565e-16,0.0,5.551115123125783e-17
0.06530393316578187,0.012560487082768135,-0.00044626322848184685,0.00033232115816628216,-0.0005557260513324169,0.02079427264254735,5.565811857055625e-05,0.09547786746843279,-0.0011070690409015205,-0.000895546069227704,0.0,-0.00032439492916075396,0.011411598723774008,0.00021674160831491873,0.0,0.02751711157864356,-0.00047519465604212163,0.019215559087497114,-1.1102230246251565e-16,0.0585762142349715,0.05564766688213657,0.0512074747623259,0.07368391943730107,0.07077130609707488,0.01915874946664592,0.025935104917838292,0.08777363299015167,0.031826817686118614,0.040473001425313015,-0.001373896984924572,0.01556407490795464,0.013509167856660897,0.03140619624749852,0.0138848532224084,0.01853197361829706,0.014013815734337465,-0.0022691455776643887,0.00010629636752423899,0.035571624312209116,0.05611475572001284,0.02792335696696191,0.023823706016696145,-0.05412611075996615,0.0004675997263705045,0.0,0.0021483148101233973,0.023929005983786833,0.00043420405554500663,0.0,0.0,0.04219527685132335,0.0017056144036265986,0.06342656469403557,0.00041996399657140415,-5.551115123125783e-17,0.0,0.00041371607917622955,0.05292547906646472,4.090750817864475e-06,0.047857398658735284,0.002066082179311035,0.00014702772474894932,0.003130220313185439,0.0,0.07321579318957239,0.053505411751330834,0.052656186171346764,0.07937352392128444,-2.5692449992231747e-05,0.05235648156275463,0.02310781970373066,0.06392921645965904,0.041938515408330435,0.04949610612578692,-0.00019843024786581065,0.06165359769758305
0.026218901312924647,0.03364518241811565,-0.0004545168790287546,0.0001443821888397201,0.0005858590226777705,0.0030809377691915496,0.00653591915222107,0.040170968520850725,0.0003040121848403854,0.03484861010638107,0.00010216976830257352,0.0010972750535324094,0.006322466781424119,-0.0004911582537464598,0.02751711157864356,0.0,0.027639371644478494,-0.0035688593033293414,-0.0001616399655916534,0.03609350297380909,0.027353084985114406,0.045471914257853296,0.04734297241006408,0.026644742582258463,0.032682109273729,0.0314976427425776,0.03450527424548622,0.02289569587302598,0.024918202500746334,0.036008751327830324,0.03353434720258597,0.027392586785694506,0.047754506949866105,0.012465284206561011,0.03034908237195494,0.0004991107934360084,-0.00045119915444308267,0.001677656644765546,0.028699830562329942,0.01838874181828698,0.027014539807393212,0.04472563149683306,-5.334026948577986e-06,0.0,0.0,0.050914390046462255,0.028626581819769847,0.0,0.0,0.0,0.000976550843022006,0.0005803841448695501,0.0007121489963116123,0.0,-0.002176937543605706,0.0,-0.0024644554622185177,0.0015935247880194403,0.0,0.0445251162798424,0.01836740157077149,0.00023800191036033036,0.00910662180778865,0.0,0.025912222762144388,0.03697300621918709,0.0389467644572033,0.05944591541132477,-0.0007350528986828642,0.016074520817693505,0.045115935700118404,0.03882570378304684,0.0037911944080024074,0.03141366841962895,-1.1102230246251565e-16,0.010930804945455896
0.008917584546259849,0.0016357690692558324,-0.0007192959042415792,-0.00017201651898990367,-1.0586797971667838e-05,0.001052200970441619,0.008800514015540162,-0.00015389664784470902,-0.002015069824747473,0.03647251544857133,-0.0008272188995729901,-0.00688525904022691,0.01901408591785214,3.353217701740352e-05,-0.00047519465604212163,0.027639371644478494,0.0,0.021110481348817378,-0.0005986335828834788,0.00538523884258002,-0.03207771428210704,0.012493979979379621,-0.0001615118073781674,0.018585033908613602,0.059355772047129496,0.025865243671471916,0.00010994323483454194,0.012116815648098411,-0.020294073689613112,-0.0006037401647246976,0.03896564171200467,0.015942902169872097,0.031163534544544902,0.012660155547611796,0.004025046383184794,-0.0001963514133197508,-0.0003306284865586817,-0.02912956193696692,0.02261104880053255,-0.03744994995953005,-0.027581483050183597,0.0008129104887958372,-5.551115123125783e-17,0.0,-0.08795913123745869,0.0005597281635798534,0.00046870499083917494,0.0,0.0,0.0,0.0,0.0,0.0,0.0,-0.003152857431267142,0.0,0.004735048964142008,-0.0007540708135714835,0.0,0.00028869152795624187,0.0013876686799070281,0.024248246848975308,0.005826303846437397,0.0,1.1102230246251565e-16,0.0,3.1052146475085696e-05,0.0,0.049195142913042,0.01406466526719996,0.025730722894893532,0.0,-0.001774207056485233,-3.214587834871052e-05,0.0,-0.07990505878089177
0.01457029426613582,0.026117713848775592,-0.0013060806596603691,1.2215810845372932e-05,-0.0027328881971466767,0.0015191404960600563,0.010503482532003061,0.014821175772530448,0.0012160820924673743,0.0438377449046356,-0.0004562368797368377,0.039546350477699055,0.00821855459668186,8.973229828218576e-05,0.019215559087497114,-0.0035688593033293414,0.021110481348817378,0.0,-0.0012376231476096122,0.02453145040163157,0.0012181095631852434,0.028291640547014718,0.04149702136395561,0.02030168314287073,0.04825489509529207,0.02625459926794166,0.02852591052283676,0.009362881548164337,0.01772477434310321,0.012968482145644167,0.025499485177757075,0.011421714349325651,0.022721825488293657,0.004845244534234627,-0.00926656916321772,-0.001607263440210116,-0.0004297580940403889,0.01489443081076336,0.0017044459008512258,-0.04017076542190867,-0.014471767598057628,-0.03419706146403095,0.0,0.0,0.0017662834327630272,0.0396321422504452,0.024374764180271236,0.0,0.0,0.0,-0.0007770409785196608,1.3654596807577413e-05,-0.00024228822643984627,0.0,-0.009585433360777718,0.0,-0.01813426068518681,-0.0003295236142482061,0.0,0.05954589650929054,0.015497553574905287,-0.01700640322894592,-0.012253713313716497,0.0,0.004537400203289799,0.041778916330296345,0.032052187847476765,0.0019486048115273658,0.04954336833000411,-0.0006097652022191702,0.00947207647230236,0.00030204572245950967,0.0016069776266682267,-0.0012544220472083811,0.0,-0.01866971286586583
0.0,0.0013085193701503628,0.03049152446592779,0.02711351272065826,0.060434646868735065,0.05597548459992202,0.03568616019986859,0.07277506739161976,0.02866159327291129,0.02140331060877687,0.02691923710568156,-0.00260768274928469,0.029727918786596974,0.03900095424870431,-1.1102230246251565e-16,-0.0001616399655916534,-0.0005986335828834788,-0.0012376231476096122,0.0,0.0004242094638540195,-0.0003968295944151712,0.0011679642893753783,0.06950226707807594,-0.0002542280002623132,-0.0010751184067834818,-0.0007498167032131131,0.028769363678673276,0.019556413994641086,0.0003009962277984446,0.000952939146179832,0.01977822849535721,0.015119410665359712,0.045964728967017754,0.018894133145487935,0.020084348355774495,0.0486817841696503,0.018875573519576305,0.09283763466394485,0.02643126317991168,-1.6944209395242105e-05,0.0018920012108489814,-0.002924533749739333,0.020307874480466226,-0.0018758004037194853,-0.0001610855188617366,0.0,0.0,0.10140195647221117,-5.551115123125783e-17,0.003986460545487458,0.0543759580456159,0.09385032885865241,0.050771253836182306,0.051750674327641466,-3.045729488115878e-05,0.096269696090862,4.8642075934524076e-05,-0.004045836824752791,-0.020488188617957814,2.220446049250313e-16,0.0,0.0,0.0,0.07546413484762382,-2.767137278963938e-05,0.0,9.769903679812675e-05,0.06495159739940126,0.0,0.0,-5.551115123125783e-17,0.05292905921080715,0.04578382158506866,-0.0015620474235342185,-9.539866969798805e-05,0.0009429924439036119
0.049767154759789045,0.019672423318656318,-0.0007823367867261233,0.000911276690099605,0.03732935437750562,0.03899600889734889,0.009980788026262066,-0.0035341718829393076,-0.013915848711520795,-0.003949542516700544,-4.909373726935673e-05,0.003729645099607326,0.012862464130683648,-0.00038470418120467587,0.0585762142349715,0.03609350297380909,0.00538523884258002,0.02453145040163157,0.0004242094638540195,0.0,0.07240494149848953,0.031951179128588136,0.10291878720454689,0.004596404321523417,0.030909616992451816,0.04221411423326271,0.08536744860186052,0.04238076360672666,0.05915230899901652,0.051794793412190177,0.011623282871478013,0.011267722096773958,0.013565084570837105,0.02540932039400201,0.022739637595711626,0.015001739822209315,-0.0011243497482535947,0.0048666658188720735,0.06170807913311688,0.03689598024696511,0.062356771105580744,0.053667406966726006,0.014841314736126099,-0.0016276720164036251,-0.0005011495683872047,-0.0015566297341582103,0.03208372194347253,0.09905473023478018,0.0,0.0,0.04637526110245643,0.002441002606882625,0.07596046858885352,0.10973513988170691,0.000660367950937768,1.1102230246251565e-16,0.0001323547752334897,0.0017522535663423988,-1.1102230246251565e-16,0.06010511972176397,0.006258999014776723,8.485285695525313e-06,0.0028707654412823413,0.0,0.04909801416764481,0.09390422614093702,0.0449083467409645,0.07580448211267932,0.0,0.0023585274932195754,0.028314914301992122,0.05830065875359469,0.06896059159860929,0.04625338977677673,0.06562574873787769,0.06333707225232832
0.015994503619402467,-0.009869794936172127,-0.004234185799635026,0.0005248741368629184,-0.002330946860338745,0.031297591912148204,0.0020043227504392136,0.06046224905063685,-0.0014743914641099365,-0.008381170048242181,-0.00016568531946137277,-0.0030065010146498317,0.014580061166780567,-0.00671573718881302,0.05564766688213657,0.027353084985114406,-0.03207771428210704,0.0012181095631852434,-0.0003968295944151712,0.07240494149848953,0.0,0.011704315495537632,0.07346573412414376,-0.007080470775460368,-0.01051354428493917,0.015361061871363269,0.08410172175233155,0.030274681374184098,0.03343989550447252,0.04936885097513616,-0.0067183309423132775,-0.007910425941802857,0.019224334463394777,-0.012490779375398608,-0.016271813708377436,0.04154574617873602,-0.04739970819630618,-0.0017092358127334117,0.022760525974758028,0.04227405867301165,0.0017664011145717695,-0.0037976274475960414,0.0021106605741982865,0.0,0.0,0.010736977805263392,0.02707098744752512,0.0015404546980428702,0.0,0.0,0.0077928664037709705,-0.0003526181867255507,0.05867450537299601,-0.0008037927733630656,-0.0004417575452775324,0.0,0.0010032047434113123,-0.0010152186731511859,5.551115123125783e-17,0.05134339269018362,-0.020138045162167606,0.0,0.00039663891104424476,0.0,0.0580096091958322,-0.0013732655983955677,0.044568104698291366,0.06615342298150739,0.001260744208515019,-0.021921067180982745,0.01973073148233656,0.051139537497177534,0.04559061960577426,0.045449191476234996,-0.0021644719217725483,-0.0012650087294701629
-0.0011429118435236085,0.02271396079541438,0.0027408825026403183,-0.001149350693835871,0.0018674701752665057,-0.00011736117049071515,-0.004811530874289538,-0.002656636482184893,-0.020903126913367043,0.015218134042351117,1.9802001809954284e-05,0.0012990362901674768,-0.001707454533352859,-0.0005431201060308033,0.0512074747623259,0.045471914257853296,0.012493979979379621,0.028291640547014718,0.0011679642893753783,0.031951179128588136,0.011704315495537632,0.0,0.05523266925092429,0.004587429077049232,0.03457595167867439,0.006936016010855417,0.04100442880375904,0.021379279884026436,0.02241684749811873,0.0400313675693596,0.016237500748455758,0.004198529855126976,0.014944283137659053,0.013739959666514312,0.020273046975494258,0.0015424972872798426,-0.0037193019917203807,0.004080872744054276,0.023297984695872742,0.02171508168652414,0.001348425979345036,0.005655417763890447,0.0029932588741394817,-5.758431788455143e-05,-0.00036579686861942795,0.0014131289914041112,0.021207211065466802,0.0006824847410973334,-2.2494537219586164e-06,-0.00014277252968336596,0.029877661161179847,0.0021325306396836052,0.0009191750485637584,0.001507451835664031,-0.0006606557542412905,0.0,0.0005172764898730975,0.0021091131759922166,0.0,0.03771194659496796,0.0031786261656619463,-0.0006405614462398623,-0.027466459150590372,0.0,0.034046723855751915,0.035416978388578546,0.024034190186295545,0.06326409366867608,0.0014407880996454847,-0.01335861373174052,0.009507518984187557,0.04153585142491234,0.014564108489038385,0.024973285030410852,0.0007092424998145219,0.00780420637443574
0.06424555323768577,0.03518270683671121,0.03550015911343396,0.054759322725912773,0.06358960857765211,0.035079686552388245,0.0407590329297669,0.05946535257021468,0.030099650989140747,0.027525124822643576,0.11579986770237488,0.052446033564665595,0.03825026734152698,0.08900977608614741,0.07368391943730107,0.04734297241006408,-0.0001615118073781674,0.04149702136395561,0.06950226707807594,0.10291878720454689,0.07346573412414376,0.05523266925092429,0.0,0.020964434931633247,0.040933646168612225,0.04364165530695846,0.03885007764245646,0.03886074512238985,0.04489179364691914,0.06437001527764158,0.03850073169927609,0.03724499592615682,0.08712190221044319,0.034420015305540175,0.03493580001505847,0.05357476741051859,0.042729749610044,-0.00570139255450669,0.06314713967966057,-0.0021806454835548994,0.06290227847630925,0.06051373158015372,0.06759463980672314,0.0644509725567497,-0.00021394874839503197,-0.0003366678000698009,0.05598347933857967,0.09385719528054315,0.00010471691691998908,0.05685174749887745,0.07069192298715199,0.0567913789549126,0.07875721092739457,0.06259562265309304,0.0018241471315801894,0.07289255902642383,-0.0026005418962762317,0.05335223343534434,0.023445875900731827,0.07528320564305574,0.004182703759243234,-2.0641395872600388e-05,0.00016172289937038675,0.07736678768009264,0.06671683661432115,0.08107341004530927,0.06814700863216938,0.07777334083293497,-0.0005219637380661779,0.006193169747423344,0.0602868681297557,0.06855931546067284,0.05576984759460879,0.06286615232643172,0.04929649656500912,0.05756101826229976
0.022293757493437538,-0.018253526086462246,-0.0012920877089942495,-0.002395491722843812,0.00012859073548010524,-0.0012773999376311518,0.008859384997398745,-0.0005424693808374625,-0.001622297679435003,0.033982889835293906,-0.001331490007219327,0.02939328591793605,0.011455204241617944,0.001248576995029893,0.07077130609707488,0.026644742582258463,0.018585033908613602,0.02030168314287073,-0.0002542280002623132,0.004596404321523417,-0.007080470775460368,0.004587429077049232,0.020964434931633247,0.0,0.0358369265480053,0.05415609580513825,0.08784293074656646,0.0036337443529075864,0.0016035511273668202,0.0005964846086496944,-0.0009338942624726454,-0.0049370850486839535,-0.010545878086631627,0.002133709847140064,0.015269452982665188,-0.010809732609993628,0.0010520176936818504,-0.01904737786380692,0.023358194751355532,-0.04973523730933538,-0.047423746612469564,0.03462617192423695,0.0011340662347198438,-0.00029770255225525233,-0.01832665012058693,0.10820637957592183,-0.0019949440246554984,0.0,-5.551115123125783e-17,8.152973214720083e-05,0.0002387273930475331,-8.120884160173203e-05,-1.6653345369377348e-16,-0.0005319758830763521,-0.031740769962889936,-1.991774501625132e-05,-0.028517550888975007,-0.0010295718950935617,0.0,-8.190758695392208e-05,-0.031004408415883034,0.0013474352215015473,-0.005360913744467899,-9.935423583351533e-06,0.0002177073716172484,0.0005092092172857554,-0.0020038433732699756,0.0007626400204737149,0.05335145048371892,0.008011961817146251,0.029683450179242343,0.000785970617465992,0.0037648071163893793,-0.0004582831454113534,0.0,-0.04529870026558325
0.007215708621135908,0.01650741897256708,-0.001193945076813252,0.0005267577279521318,-0.0035450077608019104,0.017445562198465325,0.015597542586217983,0.02056073422054716,-0.011914075763376664,0.04781329197649514,-0.0005377026073912772,0.058003353193490814,0.013489296502031345,-0.00010066551825255177,0.01915874946664592,0.032682109273729,0.059355772047129496,0.04825489509529207,-0.0010751184067834818,0.030909616992451816,-0.01051354428493917,0.03457595167867439,0.040933646168612225,0.0358369265480053,0.0,0.033419266292795735,0.0330452509758673,0.017662822496878228,0.027065940847461223,-0.000585446215093377,0.029817761029444778,0.01965942048151803,0.023110176743590283,0.010838862393395376,-0.0009356430499352086,0.016682537596099778,0.0003105974906830178,0.02218413945269171,0.007192750491096744,-0.03770643537627316,-0.01704778330576917,-0.01827177203652025,-0.0011015535024387346,-5.551115123125783e-17,-0.09986301545776205,0.04647883141527048,0.03109588126517293,5.551115123125783e-17,0.0,2.220446049250313e-16,0.0029999034503951916,0.0008549175325705538,0.0013942817980826527,0.0003617571876952663,-0.02093744304655082,-0.00014840145429972917,-0.01917129338766771,0.0009492828593400393,0.0,0.05344820990338833,0.019841152609491375,-0.015606450865669974,-0.009148967289494603,0.0,0.024938254517219982,0.019212849045348757,0.038098605660458806,0.004255850445632592,0.039031915998822164,0.004378205667299184,0.013364090677940588,0.0355197616385608,0.0010409504435156536,0.024475470083579087,0.0,-0.018530402457406836
0.025125353152785412,0.011779130903286084,-0.0019671448124896074,0.002113717097316725,-0.00555175814233011,0.028352666241142965,0.00492648955404662,0.02238356543063097,0.002345710699128034,0.038381922362477006,0.00023597757969961997,0.017211945327458567,0.009594687726170503,-0.0030711494027825803,0.025935104917838292,0.0314976427425776,0.025865243671471916,0.02625459926794166,-0.0007498167032131131,0.04221411423326271,0.015361061871363269,0.006936016010855417,0.04364165530695846,0.05415609580513825,0.033419266292795735,0.0,0.06822775288435323,0.00772639108998302,0.02133839510024854,-0.00021895583241104966,0.008292765234146404,0.001707201449376472,0.0056073036106057406,-0.006262453401136181,-0.017703265862807516,0.046269443742827654,0.0011008564386209563,0.008851997160630898,0.009934069134747592,-0.037918397757395306,-0.028018850816713625,-0.0061209715202582005,-0.0036173799561375897,4.436620824110893e-05,-0.06683211635009556,0.04723092977738269,0.024885840844001916,0.0022591429162978627,0.0,-3.6120767172187485e-05,0.027959825727745413,0.0009188763461711602,0.0003697035202597787,-0.0007879453224660105,-0.008995780947679943,0.0,-0.005229301579865009,0.0022380261550896674,0.0,0.02284036253600097,0.014036253032084334,-0.005524916730860641,-0.007235050383629094,0.0,0.017660826002990848,-0.00877305563253078,0.024934882721752483,0.0015170029546527353,0.05534462422178904,0.006604743205518848,0.010350588263083882,0.04243816490852792,-0.106597156087748,0.0255682934731567,-0.00025827856361870793,-0.016464699503068003
