0.0,0.4835888026625891,0.3195962703598562,0.0,0.4322366445243233,0.3599604241617291,0.4094229962404973,0.5719578894944772,0.41393876062237356,0.3314251219685952,0.4077397498598933,0.25819018788216264,0.4795986941594537,0.4547509536979102,0.37585056319489385,0.7706603223584211,0.493355421391875,0.437266001739471,0.0,0.40967960817841065,0.5741868552601203,0.4837177357603966,0.5356449862131525,0.7675409212799852,0.32547887957084787,0.6268450374435715,0.32030991537387304,0.34427997472241,0.5855727503606024,0.6115787391629535,0.6376101597382035,0.9677114207897084,0.77516277446177,0.6255318958869389,0.6452801218852939,0.6061237970797382,0.4813648112443156,0.41711181278491716,0.6486837067509715,0.3733319775231684,0.5272991355363591,0.7632481602964081,0.4585673003987423,0.0,0.4029834120962731,0.43522864428913377,0.588733281908341,0.0,0.0,0.0,0.4258461717301196,0.0,0.5269762734729981,0.0,0.3534269407746803,0.0,0.4677408920674556,0.6747823228567471,0.0,0.5520772324683529,0.4972113220162736,0.2425406984858245,0.351224782586396,0.0,0.4062445962875538,0.48638693871732464,0.5748870171179254,0.5345758997877115,0.4745311145784876,0.3578353855061445,0.41059444041418025,0.44287300267806873,0.40820451260518226,0.4187772780383671,0.0,0.30982738977310365
0.4835888026625891,0.0,0.4796799084016736,0.34165126008422975,0.36525138984113836,0.3164194342006713,0.25074332617449346,0.6825508896275174,0.3175993862648443,0.36223933422509735,0.3190062431352867,0.4425650492113399,0.26458659140479307,0.5335012533280554,0.4160644237609675,0.5599508380944875,0.49670364674054956,0.4465145507394268,0.6302277049646132,0.40995382913070066,0.48651174106414913,0.3176752385446658,0.6578925496288051,0.38700012330083744,0.2668173948634448,0.40671111892183465,0.5483243160513321,0.35684566869676093,0.27002723023597563,0.41475329573098385,0.5572809878594168,0.7225892351873312,0.6840963243828988,0.3699788653857616,0.45155264470325135,0.40869561097490537,0.26107765356580587,0.0,0.733079905449305,0.6559427046814508,0.6038592040178562,0.8670410104126139,0.635699277630359,0.0,0.0,0.618634262123794,0.6689794295343228,0.05903259205506596,0.0,0.0,0.4717111012460298,0.6142339885175165,0.5535489180677632,0.5519047222268044,0.588489209787509,0.0,0.42229042169901987,0.6056853897606418,0.0,0.4643338851553189,0.6493978310818405,0.5684233783888051,0.5465508452278706,0.0,0.7018943897301511,0.5503080598997024,0.6166594130595516,0.41584200040925384,0.36732308822498727,0.5262076936780561,0.48153384842546454,0.6307519493488911,0.5932982171485905,0.4829624045317912,0.0,0.8534182190422017
0.3195962703598562,0.4796799084016736,0.0,0.4384233455578247,0.4199308131745001,0.4304560312332284,0.4553929093028153,0.6147204669470647,-0.037835623321235246,0.37777207841512866,0.25101771528100714,0.4615508364798744,0.5348759582176921,0.9168358444057294,0.30990930106273246,0.3873574632657296,0.6437713155925981,0.4938304816201129,0.20346664377912313,0.37812227622608585,0.35457329951078453,0.4637695466222945,0.291897783088522,0.3975228553603811,0.4442799599939731,0.37229622626625336,0.43162121916997664,0.632666551497607,0.49254864065760146,0.551988937088495,0.6557868579823347,0.797915368143014,0.43387356694529594,0.665323096611545,0.4275498139804354,0.8858610723977263,0.6411273554272137,0.44233792662903115,0.5809749944717614,0.47743556872652204,0.40255857110273907,0.570747058147207,0.4464426873168118,0.6135527007929512,0.0,0.0,0.20609346622911984,0.21232536181402625,0.4787975361357871,0.42981697462523016,0.5300383336248958,0.44612778694812766,0.5730183921902494,0.6013860335805221,0.40441473750200196,0.6839200803586251,0.4591372426839344,0.46489748580323664,0.6394616902560226,0.24175055221995892,0.0,0.0,0.0,0.038269659885635715,0.6071240955378288,0.4604754367468321,0.09263507337916621,0.6500378189972138,0.0,0.6198731231189198,0.32591254519208696,0.6214692358439422,0.4549466122879944,0.5910466515411888,0.7050970050432948,0.33109525826862013
0.0,0.34165126008422975,0.4384233455578247,0.0,0.20090359597738736,0.6400759235780653,0.03992437563495205,0.5745024969279248,0.49275185317998216,-0.07833265617121421,0.30069395605450727,0.33231292931873235,0.18283320643189466,0.1936042889258249,1.1836457392337814,0.06864679326361156,0.5572956312565666,0.46141303071174417,0.3761658274630997,0.543631897279401,0.3799559985546421,1.1735863580881454,0.8977122902833594,0.23367997193986337,0.8649544328928895,0.5606596690017296,0.4695704795655635,0.17343798207461822,0.3720285153062711,0.5244382595171007,0.5171947494157048,0.3435910692190706,0.16395404970676808,-0.052846948904778424,0.793872233527091,0.116744046939708,0.17708268960257303,0.28529635431025013,0.13772922626789016,0.2903191344333501,0.39234369645283673,0.2748202293324117,0.2574066795043789,0.22601528302038243,0.0,0.0,0.0,0.39420020906064945,0.0,0.0,0.5632111794877804,0.0,0.4592193970194052,-0.01745585953583081,0.0,0.1982077784359111,0.4693903961049512,0.4490208877621054,0.0,0.0,0.0,0.0,0.0,0.0,0.0,0.0,0.4602512590801462,0.5523543225315465,0.0,0.0,0.0,0.49555911424690846,0.527732484350032,0.5584746480958281,0.0,0.0
0.4322366445243233,0.36525138984113836,0.4199308131745001,0.20090359597738736,0.0,0.3515095243859073,0.239349157861871,0.37151327608219975,0.19254131220563858,0.6228505645755313,0.3523954445179681,0.05944300817923803,0.3402728601121747,0.33002901558424835,0.4444582464619514,0.4526304016805652,0.5044250821016488,0.31446823483535746,0.6748692187936502,0.38088761836310475,0.4865116577441276,0.42795732324475927,0.47278131079655583,0.47328972162807703,0.36911656314549923,0.341013262594263,0.41010287153787833,0.4962315268532178,0.4477840134844774,0.4174707146246653,0.3962077690048707,0.5387717734620151,-0.07493266132633197,0.20485228484945234,0.1260583201908335,0.2649268546354439,0.1704545303862509,0.06441027540565761,0.5974594233849944,0.689364139330507,0.5476721560486908,0.4311293930574154,0.5416132219313957,0.6765093479764142,0.2523624650081031,0.0,0.3995320012652718,0.558673774087363,0.0,0.5808421335553404,0.5725569116538398,0.577528656651869,0.5122743731407369,0.5119557269478896,0.0,-0.013862773665360484,0.3431465010304131,0.67835862344422,0.4732462732117706,0.2550655176439327,0.4453629022228993,0.0,0.0,0.5885468554785485,0.3775825871972692,0.48745902078587944,0.3413016918731232,0.640475240238948,0.0,0.4803930318788636,0.5921184950407112,0.4799986867904019,0.5719074912921891,0.42507394033747475,0.0,0.5082805201127957
0.3599604241617291,0.3164194342006713,0.4304560312332284,0.6400759235780653,0.3515095243859073,0.0,0.21442542892714148,0.7901874362413999,0.40115907648985927,0.49440285734845557,0.5142822895839083,0.5442390848391965,0.26015916136440076,0.8458468836231681,0.4171152327954166,0.5038128469839045,0.43138367634879643,0.44542130512987504,0.4628184093235054,0.3018103343387888,0.5371600822719755,0.32743620780257576,0.39275916703951763,0.2969002732613664,0.468950320748558,0.4778081457258447,0.3561587069949702,0.3294084733631222,0.22680131184595448,0.7695369916485445,0.6303287192360352,0.8305956443520297,0.5395719093278778,0.7211209034231554,0.5653721318408182,0.8222345184921276,0.6913976205104315,0.3466120706992827,0.5647770452712251,0.27512527777855655,0.44625870305334203,0.3990446570292294,0.6707575664463488,0.5223533041206354,0.20553398404935283,0.5945967834341198,0.4551946594582695,0.677755222176224,0.5492329046579976,0.40970373880126376,0.7198157891135095,0.8936437441308016,0.8279570691413719,0.6669639102163876,0.6791734129460119,0.5988753331906417,0.3043661699571676,0.870376094449649,0.5411508110820121,0.49767788968388804,0.5279782389341363,0.0,0.4918615627526315,0.558020511371575,0.45888662803788416,0.35812408646021465,0.4904221291845815,0.8146476618164535,0.5938916264217193,0.4439730627158619,0.40352327599658244,0.7183381246950924,0.47428240032573293,0.5067870027169077,0.40454167629090665,0.8678751770895479
0.4094229962404973,0.25074332617449346,0.4553929093028153,0.03992437563495205,0.239349157861871,0.21442542892714148,0.0,0.42332315440555024,0.25239836485093453,0.5098146262778107,0.4536579656392995,-0.14683063777095792,0.25561541638380053,0.5084101825794767,0.4682707310466302,0.3577301467805025,0.39200740332517325,0.3432232747477229,0.44689137848226285,0.3461675979194947,0.36619215978686454,0.30694606515921563,0.5939318839111117,0.4073189626149786,0.3481135861837216,0.38503863782896314,0.35475011122646694,0.4489131937351566,0.24341305263837826,0.396929080227428,0.322681554398395,0.3596878931875059,0.43985524533757786,0.11599419465701444,-0.06584363743745136,0.22824251383742244,0.16477667288477554,0.14654003568689894,0.6118580579349603,0.3990306902347348,0.6017872926532597,0.5581798248510423,0.6000888245990792,0.7964365554594329,0.3168403571099383,0.0,0.5673234487813374,0.38104697409741956,0.0,0.5337073622377468,0.7209652290603319,0.5335485886964332,0.4704253075107212,0.5514362800839752,0.5492220474906613,0.5010371236308044,0.45266448855887426,0.44869121873435613,0.4241539738103597,0.3323138325715146,0.5548000711325882,0.0,0.5423447441008984,0.5759841305838975,0.5760388647623463,0.5114304648644858,0.6142301989584806,0.5574403064464232,0.4770127920104034,0.6108355302873124,0.4957797955963258,0.5355155163072474,0.519046444641839,0.4051785095901588,0.7333988631265351,0.48087799648464563
0.5719578894944772,0.6825508896275174,0.6147204669470647,0.5745024969279248,0.37151327608219975,0.7901874362413999,0.42332315440555024,0.0,0.6357341021796449,0.4852004267295168,0.3464415988537234,0.5649208574287802,0.6027977288939308,0.7313331152468743,0.7515629137788864,0.8967713718973652,0.41406925711075465,0.5547987161508889,0.2611933217553275,0.34183633629547305,0.40959198378183576,0.6612896401507469,0.40341617705254107,0.4704101751111102,0.7495753116771802,0.6492301046977293,0.5996911944053265,0.6828344529675731,0.45396097959814574,0.701891608362317,0.6219506905009897,0.7902962173676584,0.8142685352397458,0.7116977993377094,0.3816189653539973,0.5379341621947449,0.7370002734922158,0.5499037009891247,0.6813738719349447,0.4235250041355219,0.3262887047655938,0.47253559478536766,0.20766766881090382,0.4219254550775097,0.0,0.5392725283683114,0.2972202083993909,0.5464530405243375,0.0,0.5763547451186714,0.533758704941713,0.5677321923960372,0.5827705310401831,0.44226352566468274,0.8183221061790347,0.3384118609795712,0.9043179329024077,0.47829574030869904,0.5509754903837252,0.559394146455958,0.3358419998699374,0.0,0.6130029425155717,0.5850509648306558,0.4971188742552665,0.5856487934759931,0.39538119534359834,0.6743100892885736,0.0,0.44401888375966897,0.3106954621647728,0.43987214684769216,0.43125611758181126,0.4738245400603982,0.4812488328779462,0.3435711805543046
0.41393876062237356,0.3175993862648443,-0.037835623321235246,0.49275185317998216,0.19254131220563858,0.40115907648985927,0.25239836485093453,0.6357341021796449,0.0,0.5528229711256635,0.22756402154179894,0.47951054950771826,0.5567958140996843,0.8579286919449244,0.6146670283737399,0.44655508603003147,0.40690992551334676,0.5202392890329718,0.20821529473656272,0.39063845641117145,0.3561240829687872,0.4015879168311527,0.40876448759132156,0.37080126170978644,0.4698690186863901,0.5266090147558825,0.2627969404817558,0.5921282656163356,0.41145051018555634,0.5303869825188086,0.5519729134768241,0.6794035139055861,0.4280522270777314,0.5979913089014796,0.4541102575288106,0.6671753809552196,0.5316033935683452,0.4680690852278583,0.4817962835799513,0.48683756974799064,0.49104575902929704,0.4536513543887025,0.3964536760753862,0.45128363879900324,0.28395291133850514,0.0,0.5027407137167266,0.5824179465227471,0.47856447190327656,0.17900039870343484,0.5707337520220042,0.5690491681687527,0.6097144304917547,0.48385035052183833,0.21856224212385664,0.4511314219304912,0.4121764272754903,0.6728742541548604,0.4770420231781455,0.42421577418388773,0.6394067788539817,0.0,0.0,0.4836321568605608,0.5835822858332543,0.7169573088214742,0.5453771229763189,0.5479684382134409,0.33060743351395133,0.5295425302868121,0.25718291582168823,0.4921468036280112,0.4649558945992991,1.4074017089461641,0.5158917875026848,0.5729997955191752
0.3314251219685952,0.36223933422509735,0.37777207841512866,-0.07833265617121421,0.6228505645755313,0.49440285734845557,0.5098146262778107,0.4852004267295168,0.5528229711256635,0.0,0.47802666430633733,0.7209125347480722,0.4715133370110153,-0.05582483749649114,0.43229917096608794,0.42674408013358467,0.6346428615600868,0.5964732574645715,0.39676943055681047,0.3748481093691992,0.9268508356755656,0.3689469667051597,0.7261154333270494,0.622501754581811,0.7574354469224148,0.4558394140998111,0.38230071969865426,0.6490148466091072,0.3262223173889641,0.3535392522574739,0.774336896267737,0.7638309335531179,0.7990168625531178,0.8074282476129808,0.7689511152928463,0.036847781829429604,0.23859094604761327,0.8429350458858276,0.27540451431042445,0.35076855457168044,0.5162058649313686,0.5109891516302246,0.2853328925586454,0.3090221103819537,0.408355839826456,0.4873574614297311,0.5234356436390917,0.16899579967872536,0.49489050369346455,0.40852132812751674,0.4686923710854948,0.39809063865634653,0.5648690169145724,0.19233649060913582,0.21032961118093044,0.4797299163836066,0.14467076815646068,0.48162936573728415,0.0,0.8977470511814822,0.5622990140923178,0.2440930079459656,0.2641399325871998,0.46170819222117565,0.4617070848267547,0.5383210855800582,0.3235717518840443,0.5581993407132049,0.22141278071540446,0.24725741047909414,0.22796820752603744,0.5972996968369895,0.5160299115488813,0.39216946109638995,0.0,0.4496572061579819
0.4077397498598933,0.3190062431352867,0.25101771528100714,0.30069395605450727,0.3523954445179681,0.5142822895839083,0.4536579656392995,0.3464415988537234,0.22756402154179894,0.47802666430633733,0.0,0.08885872143488738,0.4564087399891082,0.561537796369787,0.0,0.5171074399117582,0.4607557568074008,0.5226709384343984,0.4396193941424289,0.44303785069331947,0.4962835565157776,0.39542769107938713,0.2761625429215902,0.4353618526050646,0.514683077662423,0.500188896555219,0.518639807204971,0.38579740090622955,0.35447899095072255,0.5015178857354835,0.3925366452527629,0.5735690628907482,0.10561310570010835,0.4301070076760608,0.23937488233436452,0.44955905267362445,0.4756777445374988,0.13704224352443212,0.5479981230612936,0.5299929584847322,0.5102269648268866,0.49654701022563064,0.22390496735125826,0.547358479106407,0.19684580196651194,0.0,0.0,0.6443051222403102,0.4618960130937657,0.36425342816156847,0.5499299933508001,0.5074888614160524,0.22605983785423842,0.3922046264204748,0.5042944541941659,0.33828925682345545,0.41323103680162254,0.6371239210103464,0.35317337501594226,0.0,0.0,0.0,0.0,0.28257230605003003,0.35802835898103164,0.0,0.660112084995202,0.38392481798423217,0.0,0.0,0.9087452056110934,0.42902429985304447,0.6467326624249017,0.3456882785730484,0.0,0.5308779365394642
0.25819018788216264,0.4425650492113399,0.4615508364798744,0.33231292931873235,0.05944300817923803,0.5442390848391965,-0.14683063777095792,0.5649208574287802,0.47951054950771826,0.7209125347480722,0.08885872143488738,0.0,0.3147050126230379,0.616104257154819,0.4162437151934505,0.553867560441361,0.8244355045373339,0.6141639916278812,0.414862973829202,0.5397650620076997,0.4152049059783031,0.4203962969315683,0.6996119284408855,0.4759818472827206,0.6230642976623139,0.2732493555280557,0.48441341439430013,0.5535781979688301,0.6253774609305991,0.29698267168509096,0.6605969477904499,0.5746781819044608,0.6817937616238705,0.635581953465165,0.3664224264726963,0.3273418951720697,0.5415260870807849,0.5296535681284472,0.3365199181284512,0.3910582314407608,0.5804098858897786,0.2580855818750919,0.36591480373859986,0.41814670203442716,0.17793966582279916,0.33758839940887875,0.5851284344518088,0.2562372312451161,0.1966033748412876,0.2594903576143569,0.3312722007471655,0.4929417009261622,0.2176106366570737,0.3902391006594609,0.18076473490810852,0.24377811861040882,0.2751709709408908,0.4680237728674053,0.6657029898377942,0.6141440479396775,0.5344588818658598,0.14234557566213163,0.157915690077702,0.32541599764987783,0.7184211548943811,0.7628313924496986,0.3830947425072243,0.5747853639807295,0.2095446027867579,0.21938912015143974,0.2237900709153715,0.3867028016258004,0.5927294155525287,0.516152797894113,0.0,0.3348028258229485
0.4795986941594537,0.26458659140479307,0.5348759582176921,0.18283320643189466,0.3402728601121747,0.26015916136440076,0.25561541638380053,0.6027977288939308,0.5567958140996843,0.4715133370110153,0.4564087399891082,0.3147050126230379,0.0,0.583622763248417,0.67502436290211,0.41748273336351954,0.3392114038938861,0.34679613478879556,0.48985671363729255,0.4097314853109732,0.5659370960527725,0.3149252164768248,0.7774797827678578,0.36002758057901757,0.42521022350837,0.3818747016691346,0.5828651019588451,0.39600809086302324,0.34879387151027613,0.3021914607253064,0.3203034130092899,0.4498678596109037,0.1523345088106089,0.26118126293018484,0.1998140842228385,0.5271680577986889,0.22497661286255555,0.28018637089734644,0.7653201043136904,0.5078703592016189,0.5445164717946358,0.5710427861024787,0.5650853146933099,0.4030086922799573,0.37036716207543563,0.5844305263140405,0.6361368763869192,0.6568503672134891,0.0,0.6579878230191263,0.6465694843638254,0.48844342885770625,0.6483163291829669,0.5244918165601836,0.494906926973539,0.10220750796758027,0.4419318882623304,1.0316130884567136,0.4627617731093473,0.4200946000902852,0.5030712579700832,0.3771471903350483,0.5239566357212855,0.5334483159157094,0.40236156740528906,0.5527434000243849,0.5229534178298362,0.6440701610121657,0.46308002203404847,0.4450361302902086,0.443572530636003,0.6586415431742989,0.9629675212525808,0.4491491469503716,0.5005778224904553,1.0033422148821929
0.4547509536979102,0.5335012533280554,0.9168358444057294,0.1936042889258249,0.33002901558424835,0.8458468836231681,0.5084101825794767,0.7313331152468743,0.8579286919449244,-0.05582483749649114,0.561537796369787,0.616104257154819,0.583622763248417,0.0,0.4974429860000386,0.5526709297993679,0.44768426281878093,0.5026920049414428,0.5244317632381971,0.38083506920454024,0.4417968852550761,0.24890097401632866,0.8148153771633349,0.6150710964490886,0.5114498631549342,0.4331465989366949,0.7900209918180388,0.39326054590547777,0.34410538520870015,0.785179331362182,0.2976424860508533,0.1411567595428575,0.23322969833357005,0.5915860059780788,0.37299665608157406,0.2427712916152704,0.14085791007465887,0.40983449553740925,0.7008456782534014,0.0,0.6833036380214893,0.8251307095907983,0.08050846425833785,0.4779429773996473,0.0,0.0,0.0,0.4051270046903571,0.0,0.5055037123218471,0.44461587902906097,0.4540380537426876,0.5606629973326511,0.36296885475301865,0.0,0.5041751110544255,0.37223534571863687,0.6927920788120407,0.41257993248815417,0.0,0.0,0.0,0.0,0.44541052272573944,0.0,0.0,0.0,0.580386218293141,0.0,0.0,0.0,0.4564859497428325,0.7462750213638907,0.0,0.0,0.0
0.37585056319489385,0.4160644237609675,0.30990930106273246,1.1836457392337814,0.4444582464619514,0.4171152327954166,0.4682707310466302,0.7515629137788864,0.6146670283737399,0.43229917096608794,0.0,0.4162437151934505,0.67502436290211,0.4974429860000386,0.0,0.5421094930947147,0.32121732226899247,0.42311238583503147,0.0,0.4085605159929968,0.4883353587413254,0.4927014710337649,0.4578000724515351,0.28213024970449835,0.4144902693053442,0.6046354021882803,0.21579030519463357,0.4636374107468249,0.6462336579377369,0.3775822063785387,0.6284300175859556,0.9010633020600116,0.6684263101155384,0.5681364368154997,0.4583101967400519,0.9091623913786391,0.35956585399025426,0.3715932898299845,0.5195442019006773,0.39481063657638593,0.43936371466190194,0.3479762329773909,0.4656059258252566,0.5611379244783171,0.0,0.5274193929099549,0.5318069873432645,0.4527721563007207,0.0,0.0,0.40226103685930237,0.7039800099167919,0.5554233407066337,0.5569191315141832,0.0,0.0,0.6848400551083327,0.5103073072274551,0.4663339475183934,0.4671321629947298,0.5189038343059964,0.6269262932572544,0.6919326494752085,0.0,0.7392166818296854,0.7727866111034933,0.39111279140028954,0.5550462404150169,0.43570745503902564,0.5083089263436431,0.4256451088806944,0.5563800663934484,0.37977435070503895,0.408778782797458,0.47672015416063684,0.34231339042227615
0.7706603223584211,0.5599508380944875,0.3873574632657296,0.06864679326361156,0.4526304016805652,0.5038128469839045,0.3577301467805025,0.8967713718973652,0.44655508603003147,0.42674408013358467,0.5171074399117582,0.553867560441361,0.41748273336351954,0.5526709297993679,0.5421094930947147,0.0,0.2743179280257876,0.1940957621761843,0.4406879431256291,0.6472886361996052,0.6460176783439988,0.5473966019193344,0.7448055297778944,0.6735868103599774,0.34988442534781083,0.6939445833232761,0.7255140658642555,0.48605114247330905,0.4849584000611655,0.33745025788166255,0.42313773080500444,0.5494769566717412,0.3338778493915109,0.0860210884472665,0.2507449603901557,0.6621181106615246,0.38475801583765545,0.5869984285616809,0.8711898792660574,0.6452600166355233,0.8200504700806543,0.9018177613621445,0.46629581269680864,0.0,0.0,0.633957059481948,0.921889905166214,0.0,0.0,0.0,0.49934056690704937,0.5835402031739962,0.8501866921550305,0.0,0.6139548924274734,0.0,0.5077396654653507,0.5478180984328606,0.0,0.4586173141291545,0.7940567462674663,0.5904453376216909,0.5308526295212439,0.0,0.6523889507280294,0.5938175625875142,0.7177562767477146,0.5045464734870346,0.3453066575095876,0.5837750249944023,0.700818312847562,0.49756620207544144,0.5309424647238339,0.5911739572979048,0.0,0.7742116142460135
0.493355421391875,0.49670364674054956,0.6437713155925981,0.5572956312565666,0.5044250821016488,0.43138367634879643,0.39200740332517325,0.41406925711075465,0.40690992551334676,0.6346428615600868,0.4607557568074008,0.8244355045373339,0.3392114038938861,0.44768426281878093,0.32121732226899247,0.2743179280257876,0.0,0.5672551963568598,0.7103197956696249,0.3443370821688616,0.5163137113222778,0.4554486831872023,0.49948728306903123,0.671680263580233,0.661474678287317,0.4500995343067422,0.5214269916556166,0.5769064699365318,0.28090666194954494,0.4500341546869597,0.6601142803151144,1.0280578539050254,0.8035283824907293,0.7066621298276285,0.8828302602635797,0.5553949255142927,0.23818283809163698,0.6683929312823231,0.9535814590169415,0.426339557992616,0.4569946141883825,0.5781022481436997,0.0,0.0,0.5195315164231986,0.5916781997618024,0.6118117520822389,0.0,0.0,0.0,0.0,0.0,0.0,0.0,0.22508042410972268,0.0,0.1892266502681052,0.2855752614538733,0.0,0.7246528761232971,0.472344376692603,0.2889181857746469,0.5429079642056794,0.0,0.0,0.0,0.5743882827095286,0.0,0.4920255882416173,0.47216887497628357,0.5645683196774883,0.0,0.286418899827933,0.47541190547111134,0.0,0.621447845100505
0.437266001739471,0.4465145507394268,0.4938304816201129,0.46141303071174417,0.31446823483535746,0.44542130512987504,0.3432232747477229,0.5547987161508889,0.5202392890329718,0.5964732574645715,0.5226709384343984,0.6141639916278812,0.34679613478879556,0.5026920049414428,0.42311238583503147,0.1940957621761843,0.5672551963568598,0.0,0.469418518093608,0.45012396181083386,0.4687770676016498,0.34816293066737114,0.526114954762307,0.5700526365720446,0.44732837902552836,0.3254631079553456,0.5987539468323091,0.39039052725322887,0.30764537588260854,0.3748530314928908,0.4728081043871162,0.7351913587360538,0.6444486584705003,0.6430428676602076,0.6084081668140027,0.5465670925210053,0.2612130623353942,0.40380623436304985,0.669697524682022,0.5302552760177792,0.5935082882860161,0.6890271052084249,0.0,0.0,0.5727451164190696,0.37709838520891725,0.6711091941588675,0.0,0.0,0.0,0.4869962433184011,0.5720326677242242,0.8714038060799845,0.0,0.5731219785429111,0.0,0.5535875926652898,0.5381181425502528,0.0,0.5427353819253913,0.49089044459151254,0.5403038894844105,0.4670646955937531,0.0,0.439709556902745,0.5511654931564485,0.6524834646910597,0.6885153726544249,0.483779360073805,0.4597172397329535,0.5439683597049516,0.42642687787777345,0.6472146378434898,0.3804593166652405,0.0,0.5326344466887093
0.0,0.6302277049646132,0.20346664377912313,0.3761658274630997,0.6748692187936502,0.4628184093235054,0.44689137848226285,0.2611933217553275,0.20821529473656272,0.39676943055681047,0.4396193941424289,0.414862973829202,0.48985671363729255,0.5244317632381971,0.0,0.4406879431256291,0.7103197956696249,0.469418518093608,0.0,0.5420688883092853,0.4513856849294965,0.6971958146077915,0.29834079074621084,0.43961938000975265,0.4996764102614878,0.5144733961397006,0.40954969814510866,0.5358071352827862,0.5476253500032298,0.5712624494734182,0.5114453551942093,0.6603901103648218,0.4342326699157725,0.5273684471561654,0.40318631173706865,0.7419598067951703,0.4029893655049613,0.4375934522234197,1.056523245153712,0.3755168939272523,0.4284766584722104,0.2512413019955839,0.13773842621305943,0.37244787618050695,0.39906916267980874,0.0,0.0,0.7548905944735105,0.0,0.39388394499159335,0.49496111807177945,0.7024097494765429,0.6005027499734366,0.4338050495692778,0.8875048142940103,0.2988708974855283,0.5235135766343553,0.6698583251893203,0.179073000748939,0.0,0.0,0.0,0.0,0.5644131971662529,0.4690504100466145,0.0,0.4898298390926296,0.6238781427509714,0.0,0.0,0.0,0.4491157247241176,1.4644562198477191,0.72308119891102,0.4878240389304881,0.5127431392737576
0.40967960817841065,0.40995382913070066,0.37812227622608585,0.543631897279401,0.38088761836310475,0.3018103343387888,0.3461675979194947,0.34183633629547305,0.39063845641117145,0.3748481093691992,0.44303785069331947,0.5397650620076997,0.4097314853109732,0.38083506920454024,0.4085605159929968,0.6472886361996052,0.3443370821688616,0.45012396181083386,0.5420688883092853,0.0,0.38552794832272397,0.2451590796498664,0.3215941060989984,0.5186518651781141,0.4317945095445898,0.45962409731641846,0.47854554767254537,0.6523376431758603,0.46694640147427696,0.414559949905221,0.4865716306257716,0.9228177085673743,0.7989590954146142,0.5932078294577647,0.5976287357420376,1.0894600557258431,0.4163604616142113,0.7808409165440908,0.46676670909334717,0.07032781893753381,0.440578126993256,0.33286277394299535,0.48731560197620316,0.2996232174278656,0.21899058246220432,0.46296873120986504,0.4728115804289714,0.469477706694867,0.0,0.0,0.3785330149538912,0.583877233996839,0.5369142333978654,0.39796203824691095,0.9266292851334672,0.0,0.5447785335708318,0.47901381605452,0.0,0.42705504687789597,0.5026442317056782,0.46232676796043587,0.5292425761496626,0.0,0.501517578725034,0.3712130769681058,0.2515363224582518,0.39023961302381316,0.0,0.4638994966393728,0.3689093405951856,0.43242487177101097,0.3470356400612117,0.41765320107292836,0.39002606834564335,0.3451232458080107
0.5741868552601203,0.48651174106414913,0.35457329951078453,0.3799559985546421,0.4865116577441276,0.5371600822719755,0.36619215978686454,0.40959198378183576,0.3561240829687872,0.9268508356755656,0.4962835565157776,0.4152049059783031,0.5659370960527725,0.4417968852550761,0.4883353587413254,0.6460176783439988,0.5163137113222778,0.4687770676016498,0.4513856849294965,0.38552794832272397,0.0,0.26208159386736796,0.4737290495496602,0.5763902206985358,0.47806228488870695,0.29917861903291765,0.567015460172005,0.5265573906002894,0.41056819798264427,0.7507580299479351,0.5334778107100814,0.7042607987668777,0.7012038278420727,0.5225704186686301,0.484381845283527,0.8781581464278428,0.3166781817601414,0.49421111140433305,0.666975082425133,0.3933033552277837,0.42263379850209293,0.5473270031312518,0.5714069137273299,0.0,0.0,0.5693498390894138,0.48737334713677016,0.6264891918049174,0.0,0.0,0.5181208637935656,0.405552474449851,0.5885638405796922,0.5315190062445113,0.5496674888857499,0.0,0.7306822940113762,0.44038966868398244,0.0,0.3262263988172275,0.6221972863267169,0.0,0.49087503960013235,0.0,0.4832129122545276,0.43988027967323706,0.4229550939161959,0.3240850386565908,0.7462411012641542,0.4290552466419532,0.7465100291306246,0.35125759927296174,0.4343531767068411,0.6368503020537508,0.34864798891553506,0.31049255630503564
0.4837177357603966,0.3176752385446658,0.4637695466222945,1.1735863580881454,0.42795732324475927,0.32743620780257576,0.30694606515921563,0.6612896401507469,0.4015879168311527,0.3689469667051597,0.39542769107938713,0.4203962969315683,0.3149252164768248,0.24890097401632866,0.4927014710337649,0.5473966019193344,0.4554486831872023,0.34816293066737114,0.6971958146077915,0.2451590796498664,0.26208159386736796,0.0,0.7306919598866685,0.42597733983583835,0.3623687050255681,0.34099936511302426,0.5027954825780453,0.5558694399922667,0.385231144215272,0.5320251687109578,0.43710592996168074,0.912824481282321,0.7356972072492588,0.4853771320582657,0.5984928245282223,0.841229458457392,0.5532452738574805,0.530087268167428,0.4290306321222661,0.2685313212611359,0.4038081424469991,0.39748348235103825,0.47384911108617506,0.3522756057164115,0.24061246037355433,0.6967993038205732,0.5447315689354495,0.5691314238488672,0.4726580668658018,0.24221929274326479,0.5231902289827176,0.6885622528635051,0.9865938268737857,0.6189094341558536,0.4432972091397456,0.0,0.5162449003964313,0.5740532493459048,0.0,0.23270853945702072,0.6331957442250467,0.3929428443939098,0.5545776762862056,0.0,0.37555215745843123,0.2183801063442133,0.2933870317755612,0.38732223907596375,0.7079783713211047,0.5041172305170145,0.3387566493053583,0.478930027606124,0.4805928668969075,0.43154861140321266,0.559872905604502,0.5634988916326122
0.5356449862131525,0.6578925496288051,0.291897783088522,0.8977122902833594,0.47278131079655583,0.39275916703951763,0.5939318839111117,0.40341617705254107,0.40876448759132156,0.7261154333270494,0.2761625429215902,0.6996119284408855,0.7774797827678578,0.8148153771633349,0.4578000724515351,0.7448055297778944,0.49948728306903123,0.526114954762307,0.29834079074621084,0.3215941060989984,0.4737290495496602,0.7306919598866685,0.0,0.48229083805665085,0.547475788541139,0.4858915945177126,0.2948706160757282,0.7412447584185083,0.685181107683264,0.8124166209815125,0.8394979990776268,0.9875036526428377,0.38587133948194274,0.8759843311604807,0.6512813914787252,1.0391255793453251,0.8542439136232993,0.26444458276925364,0.609963786367505,0.4189640712457705,0.5718641557920938,0.6860881179511201,0.37292520351361225,0.5152663665946966,0.5865706312422883,0.4230648807635019,0.4380742336269297,0.7014785648927435,0.42508075444672777,0.2945223788392011,0.6673213625601921,0.6697900226476404,0.6998109074741052,0.6120260955063399,0.5664974494909908,0.5311998313647582,0.4299035027896173,0.6252920387538186,0.5139822688903735,0.518429409643679,0.5219864266418315,0.4617070848267544,0.49406752658891984,0.5745495786136474,0.5052236034955647,0.4091128203610033,0.42934737511910237,0.8703715122669553,0.21752523457646486,0.5170452941599148,0.3296499209223209,0.5349098201379239,0.6089867891843128,0.5930828891072778,0.4768225381385775,0.6264354048388858
0.7675409212799852,0.38700012330083744,0.3975228553603811,0.23367997193986337,0.47328972162807703,0.2969002732613664,0.4073189626149786,0.4704101751111102,0.37080126170978644,0.622501754581811,0.4353618526050646,0.4759818472827206,0.36002758057901757,0.6150710964490886,0.28213024970449835,0.6735868103599774,0.671680263580233,0.5700526365720446,0.43961938000975265,0.5186518651781141,0.5763902206985358,0.42597733983583835,0.48229083805665085,0.0,0.5660684824096075,0.3801124788857826,0.23401447762696267,0.7212009474877287,0.5544968492229678,0.8070816184624809,0.8691970716033951,0.5862621124627054,0.8315751174780018,0.5881274856834657,0.4581601593173146,0.08484025759292238,0.552344515397788,0.7823396799434774,0.9330693304105349,0.7363288969691484,0.6693534472905849,0.7875111011563378,0.5495231413828693,0.38588513047616335,0.6788190205107518,0.3677755842738632,0.46688382972400605,0.0,0.0,0.44733675955134816,0.5563532158852091,0.2648652025897846,0.0,0.05706335938335383,0.41117842090540024,0.5657349052954086,0.4157309669266581,0.3906025792717347,0.0,0.18056051386206945,0.22032637322296092,0.26712958409984255,0.5252555537642392,0.49769912935687044,0.30495281641570726,0.3839980758232026,0.12631736040969882,0.8397414590907291,0.4523618363579252,0.4654566839872212,0.5413720875565653,0.5193879313929531,0.5810478265166098,0.6051012924383277,0.0,0.41182443594482265
0.32547887957084787,0.2668173948634448,0.4442799599939731,0.8649544328928895,0.36911656314549923,0.468950320748558,0.3481135861837216,0.7495753116771802,0.4698690186863901,0.7574354469224148,0.514683077662423,0.6230642976623139,0.42521022350837,0.5114498631549342,0.4144902693053442,0.34988442534781083,0.661474678287317,0.44732837902552836,0.4996764102614878,0.4317945095445898,0.47806228488870695,0.3623687050255681,0.547475788541139,0.5660684824096075,0.0,0.0321044221450843,0.6377541673849049,0.5239097216479385,0.40289643984886847,0.36394366371413445,0.5484376682274561,0.6207818282840352,0.630849838986294,0.6483142887039793,0.729064633465207,0.3990169822056781,0.5979733760373298,0.8291113744769343,0.6598125160486823,0.5676248965254643,0.5947667545155667,0.6802247132117283,0.09588701201562734,0.0,0.5097805419817527,0.3565073065767107,0.5585639661159862,0.0,0.0,0.0,0.5219779309689085,0.5202701024524445,0.6330224223725396,0.42510864418061967,0.503674630584058,0.4267651338470722,0.5335663099634227,0.3737338258487526,0.0,0.5125633104955486,0.3944179071625374,0.45631350443049246,0.5054664494447489,0.0,0.5925606225329643,0.4778522898020996,0.5894872137247615,0.4604587963908159,0.4760077710865017,0.5281967410192204,0.539633353892018,0.4293872528160947,0.6434435762378188,0.4208661927317273,0.0,0.41636245622149703
0.6268450374435715,0.40671111892183465,0.37229622626625336,0.5606596690017296,0.341013262594263,0.4778081457258447,0.38503863782896314,0.6492301046977293,0.5266090147558825,0.4558394140998111,0.500188896555219,0.2732493555280557,0.3818747016691346,0.4331465989366949,0.6046354021882803,0.6939445833232761,0.4500995343067422,0.3254631079553456,0.5144733961397006,0.45962409731641846,0.29917861903291765,0.34099936511302426,0.4858915945177126,0.3801124788857826,0.0321044221450843,0.0,0.5127969200561286,0.5214702700943087,0.5341047436158625,0.3478253979020559,0.4671529765009309,0.7707185323879131,0.31440492201393455,0.49521099802241075,0.5313311926461911,0.5935628442335693,0.42700800465384503,0.6997598225391473,0.5209872554249414,0.5161870008578682,0.6368511964999,0.3584140528105306,0.17046439955409368,0.5204590398106731,0.5075312853396048,0.23383524795655508,0.2965362754827229,0.6436682372611691,0.0,-0.011676527890745702,0.4861160213324162,0.6114148111625533,0.5343785261960574,0.36113790078285946,0.3893768529806906,0.0,0.4775951108299283,0.5772748213393757,0.0,0.5154404105248556,0.2956003542243756,0.41030713816652775,0.5102608132031297,0.0,0.4498006403101784,0.5725786790281437,0.7988905853634953,0.3990385181873536,0.5128218867230554,0.5288649561806944,0.4450415558061546,0.42865627939817086,0.5430856015111619,0.4555243581041347,0.4318854383153254,0.3487073764988786
0.32030991537387304,0.5483243160513321,0.43162121916997664,0.4695704795655635,0.41010287153787833,0.3561587069949702,0.35475011122646694,0.5996911944053265,0.2627969404817558,0.38230071969865426,0.518639807204971,0.48441341439430013,0.5828651019588451,0.7900209918180388,0.21579030519463357,0.7255140658642555,0.5214269916556166,0.5987539468323091,0.40954969814510866,0.47854554767254537,0.567015460172005,0.5027954825780453,0.2948706160757282,0.23401447762696267,0.6377541673849049,0.5127969200561286,0.0,0.7157918165891966,0.5678863405218483,0.8580654292823354,0.8741390509102736,1.0014490756122232,0.8934204610466938,0.8666886800273894,0.7001868783725138,1.0479354476947373,0.8015007443321152,0.3341390187925813,0.6552356400662944,0.32980491698950537,0.4043324357769271,0.37445876365035563,0.5131498063735818,0.5116958884763044,0.42150396493556064,0.40775200654680765,0.4045236465226377,0.676683144648841,0.46097460243956645,0.23427582023774518,0.6297499501320912,0.4400525807068729,0.5706302938666328,0.6264844994914331,0.6800482688273399,0.5367680060693705,0.3182412207844868,0.6799216460337029,0.7866502746195109,0.44486034635530586,0.506147556190375,0.0,0.4533659499657276,0.6426921107251975,0.5307104841979542,0.40629590203010485,0.38813745834851665,0.7289514290407786,0.0,0.5113452494648775,0.32785841710371394,0.5836090317889636,0.6267380046069919,0.4472532877281923,0.3242794328746633,0.4165613158860234
0.34427997472241,0.35684566869676093,0.632666551497607,0.17343798207461822,0.4962315268532178,0.3294084733631222,0.4489131937351566,0.6828344529675731,0.5921282656163356,0.6490148466091072,0.38579740090622955,0.5535781979688301,0.39600809086302324,0.39326054590547777,0.4636374107468249,0.48605114247330905,0.5769064699365318,0.39039052725322887,0.5358071352827862,0.6523376431758603,0.5265573906002894,0.5558694399922667,0.7412447584185083,0.7212009474877287,0.5239097216479385,0.5214702700943087,0.7157918165891966,0.0,0.36041601232980897,0.48843968428331264,0.5716256490680349,0.565012463668552,0.4866492630835545,0.40688614847740384,0.5931583189453021,0.6446402125488673,0.26711188924597745,0.6277552410927711,0.7300360818001845,0.31735351458073746,0.8934636355332681,0.3626406601563965,0.4901335452770199,0.47169248043674594,0.585047548904416,0.6368060400562561,0.6056938086459456,0.940417206493265,0.0,0.665835586383918,0.7296553332931377,0.5138176884344605,0.6191018111035552,0.479951973932357,0.5646238255173267,0.4651304970521133,0.4103054967957651,0.876477604053861,0.29926923229402164,0.3898254719976677,0.46799951768688464,0.1710905203786523,0.5664908511882725,0.6706167932132606,0.6145299498689362,0.6129423706857543,0.4035955499953756,0.6599110252227885,0.49126825798948337,0.544928315855775,0.362896341356309,0.672358078868322,0.8127905850571715,0.5562147961917394,0.46619880112744916,0.7473113899173384
0.5855727503606024,0.27002723023597563,0.49254864065760146,0.3720285153062711,0.4477840134844774,0.22680131184595448,0.24341305263837826,0.45396097959814574,0.41145051018555634,0.3262223173889641,0.35447899095072255,0.6253774609305991,0.34879387151027613,0.34410538520870015,0.6462336579377369,0.4849584000611655,0.28090666194954494,0.30764537588260854,0.5476253500032298,0.46694640147427696,0.41056819798264427,0.385231144215272,0.685181107683264,0.5544968492229678,0.40289643984886847,0.5341047436158625,0.5678863405218483,0.36041601232980897,0.0,0.7591055610518116,0.4823774441190416,0.7000453230567486,0.31069404267761636,0.4781791982613354,0.3868567144442528,0.673946816012734,0.3939586513221385,0.5118077213901523,0.5805953884144804,0.3900648720724478,0.620133326790981,0.4230820117090912,0.36600789040000925,0.5201005860369731,0.5894490649235283,0.41330833383267584,0.40322042874593506,1.4412376140595797,0.45433185693247646,0.41777171516258227,0.6198381850647262,0.49452777138780263,0.5433151737557249,0.46886656283447053,0.6089182805693847,0.4240342936147471,0.5322188497954883,0.8525950794305022,0.7634956301596549,0.5300765895558006,0.5026900318253009,0.468708370086082,0.44621671136638286,0.4853235320570844,0.5564590600706738,0.4319787543875214,0.4105156009997396,0.49256057634339867,0.49367573609941706,0.5073537858552915,0.39562486520772966,0.5408914497344991,0.5486466418837448,0.5654434038122282,0.3956984957781067,0.5899412291028481
