0.0,0.001118104688939081,-0.0007614520583589801,0.0,0.0002877122615774774,0.04200557317476228,0.00084992912084636,0.08004871948590975,-0.0010198131002760458,0.016667412015036964,-0.00229933906107771,0.029005684817460076,0.026118979906382844,0.054196165323171175,0.01631611731917615,-0.008632643972465381,-0.036926220372680674,-0.008359639064181301,0.0,0.06586124029058826,0.019522188190467415,-0.005099796204501905,0.07059296875055604,0.026601076364699883,-0.009773936495407864,-0.0011399475203758835,0.05361586527272194,0.05776140482453107,0.010851238901519122,-0.001824429381360404,0.019201793646060616,0.013532768726203903,-0.0031430969798448283,0.01502596891211977,-0.007318034815040564,-0.0007033572196865068,0.0007573948709929668,-0.0010545483509875608,0.011905009202164196,0.0028336434670406807,0.008628679699511144,0.0020016143086487026,4.642027460849407e-05,0.0,0.00159717801278636,0.029458544167588252,-0.002396440291365376,0.0,0.0,0.0,-0.0009287141724073078,1.1102230246251565e-16,0.001815154067233704,0.0,-0.025413878366501608,0.0,0.004797643062408097,0.0012995938127308704,0.0,0.000134961067711048,-0.004383579194756293,0.00011725734891337991,-0.0057890908859536405,0.0,0.000319278567508019,0.037126175710955556,-0.0073683773875644065,0.005645729334699978,0.03408776015181597,0.005668141967456797,0.012668558317696366,0.0025622856256757864,-0.0003567984169878802,0.004765121093546598,0.0,0.0031405665865875676
0.001118104688939081,0.0,-0.01077793116255582,-0.00022112780147398592,-0.02667496875801051,-0.015078558266059638,-0.0423826907109876,-0.004863520445531233,-0.016365404953578133,0.0053847712930444325,7.219648704093196e-05,-0.0017881300387715404,-0.03721781305725813,-0.0011845357485913977,0.0015620448426115763,-0.008115304853111627,0.05133040153877527,-0.0017964171958504416,0.0013958995187006717,-0.005451321754173177,0.003195011750275367,0.008409670331483043,-0.0013393988487563346,-0.02163143498120984,-0.00432950095134893,0.002926029301885069,-0.0043577468134289865,-0.0378264462752389,-0.017243815491231163,0.0010636049361601452,0.014633141358031898,0.013306615330864524,0.010018210543247752,0.0126643445327001,0.0038236490734395723,-0.0007808934709735427,-0.0003045717541070858,0.0,-0.006477969892604851,-0.016138850422193762,-0.009155751920707,-0.006206039612660308,-0.00029101148571369917,0.0,2.220446049250313e-16,0.00582739957346573,-0.0020872118811787743,8.293597401731745e-05,0.0,0.0,0.002677189098986732,0.0008880934742489521,-0.0004129759703681568,0.0007459177596411681,0.0027448625345572464,0.0,0.0007540187617219862,0.003686517675442591,0.0,-0.020978617078537543,-0.011808739821952186,0.004199789509289231,0.006475563906366777,0.0,-0.0156290314378581,0.024760092824227975,-0.02410732122569259,0.020737592768920288,0.021680300469217983,0.01653436376291817,-0.0017615296721151807,0.010802797924710728,0.0004998553004455508,-0.029933075254874764,-1.1102230246251565e-16,0.0009071133202512849
-0.0007614520583589801,-0.01077793116255582,0.0,-0.00037557445432578884,0.011212085730604504,0.009058104372810905,-0.038949853845679616,0.00973855806560825,0.0014379045114222833,-0.0004964230191197849,-0.013457199011277232,-0.00012204541577331973,-0.04306099052499468,-0.00021742883023062598,0.0006465796545073177,-0.0009348298166996227,-0.001823767760104178,-0.00020887629562638121,0.012519774074228052,-0.0004375752842097347,0.031802049718066216,-0.032570388168684405,0.012997516449398727,-0.0007646396677503664,0.0026999988864241375,0.0013600206742709342,0.020412257138108958,-0.04397928447737692,-0.023594222538150023,-0.03956239891354252,-0.027457979724095638,0.00026549126444774807,-0.026093578943250317,-0.010891776584023294,-0.007746917901349182,-0.0024426342480191043,0.007370239951886903,-0.002070447705885381,-0.0058227406033076745,-9.507074656966985e-07,-0.0015674958699116726,-0.0022964774478760885,0.02614725400989415,0.003589582826879656,0.0,0.0,-0.0002569155901906428,0.04252639078969006,1.0426117756257014e-05,0.024210987926332583,0.0039954419056158486,0.005717993529083976,-0.00036351628922037804,0.03777801069412423,-0.00030548582456374485,-0.09984971144064392,-0.0013163172678483659,-0.036492343918508696,0.03794234787976436,-0.00044669861496199337,0.0,0.0,0.0,-0.05486863814247883,-0.0005240740600428451,-0.0013526212284743488,-0.0005354794307642075,0.0036557122107765405,0.0,0.00010325387385251572,-0.0007907088924223316,-0.010651197207211416,0.038670338619904876,0.0023384061888871988,-0.0002431212552918005,-0.0036453716878822595
0.0,-0.00022112780147398592,-0.00037557445432578884,0.0,-0.005213655176425247,-0.018912677060015093,0.0005763171088334351,-0.12618185914963365,-0.012529150942635625,-0.07427709456736256,0.023592390863080293,-0.007258548860916425,-0.0011531295432261057,-0.02905715639198944,0.0019108427921789017,0.0006463554791601434,-0.0009166017847017094,4.7477297953957276e-05,0.005264857060736372,0.0012284272184800993,0.0011447796919820674,0.0003695849521318517,-0.03290569440738533,-0.0038557021547155346,0.00040320432363605274,0.002902742328243446,0.0017786029353131227,-0.035357662196860457,-0.0008958261996306338,-0.0018823236931496679,-0.01729518651840245,-0.013662804003494067,-0.016724676974283426,-0.023399387000010152,-0.02965352309345387,-0.04146437770088812,-0.03277466041547236,-0.006741131784883059,-0.00046403371593217724,-0.001324676764075161,-0.0007253950822754263,-0.0022974707289797336,-0.004220040307822914,-0.0016172576901494762,0.0,0.0,0.0,-0.0011555121449133288,0.0,0.0,0.0007503708395227293,2.220446049250313e-16,-0.00010865811843013828,0.0001307527377381601,5.551115123125783e-17,-0.001157789105734497,-0.0016567297459419428,-0.0004743635853068362,0.0,0.0,0.0,0.0,0.0,0.0,0.0,0.0,-9.58037797105793e-05,-0.0012355662009836954,0.0,0.0,0.0,0.0004401571418073402,0.0020409518741368315,-0.0001533504115851514,0.0,0.0
0.0002877122615774774,-0.02667496875801051,0.011212085730604504,-0.005213655176425247,0.0,0.0015093932402683308,0.019484559691263115,0.009251684533538918,0.014607447380577232,0.009350844283891713,0.02485636914849304,-0.03069524253274708,-0.012375421812463039,-0.0005082911850843308,-0.0007103719308810263,-0.04245722104614319,-0.023184792788998154,0.025050441995796424,0.027438081316103757,-0.030813929890447955,-0.0034238264164074272,-0.04858479308482161,0.009080432638157443,0.002426808994168528,0.04635574084982946,0.03285549169178764,-0.0009580749872397654,-0.019093755005003432,-0.05126087578631655,-0.04012673677102657,-0.001951479798903144,-0.00510853590299537,0.015856135123934356,0.010016751394108403,0.0107109961753718,-0.0053015401531988915,-0.06280862883313082,-0.005824845361120157,-0.055636493644223295,0.000750339352216578,0.0005318429900456612,-0.0003414074846228021,-0.005183036098145355,0.0031135728423690168,-0.0008064598072614615,1.1102230246251565e-16,-0.00032655330511399683,0.008974125134612265,0.0,-0.008965010379031524,0.006187722210520663,0.008847324149579672,0.026275786019324066,-0.010876726595234976,5.551115123125783e-17,0.003164928631822217,-0.001794106319860156,0.002143787587872592,0.01395404541494788,-0.00020973394755746666,-2.3325260687379057e-05,0.0,-5.551115123125783e-17,0.004098094439969335,-0.000867413079466195,0.00021384269966195912,0.0005689209979674592,0.004824892242578094,0.0,-3.0480829214807326e-05,0.00043920890421211833,-0.006938353862398272,0.0019157920142265361,-0.0023357544750113868,1.1102230246251565e-16,-0.003382700665539029
0.04200557317476228,-0.015078558266059638,0.009058104372810905,-0.018912677060015093,0.0015093932402683308,0.0,-0.02429611133624532,-0.01713228821989987,-0.007002522757630969,-0.011654552207070068,0.0105715309902919,0.0056965065766795275,-0.022206408729660898,-0.029184957413558865,-0.01639367752503068,-0.020840223674233938,0.0034297226245869616,-0.01870469534339747,-0.008245594078972407,0.0006084703984071127,-0.005328183939434905,-0.01835837680603858,0.0018399089338983488,-0.0015251180248948004,-0.01725413632788325,-0.0043310984840723155,-0.004686329252585053,-0.02662223537731795,-0.038281467815071635,-0.03690962092289157,-0.03051576208491752,-0.007442141886652709,-0.007976720042561336,-0.015636238999952534,-0.014104357457519867,-0.014089660280457883,-0.022495221586890046,0.000302662254635655,0.005388757135111333,0.00013418959519390095,0.00579276201275547,-0.004380206519143948,-0.04155231542303173,-0.0019484068939735755,-0.001717995592640409,0.00089587057400764,0.0029972813312591495,0.002937494179309108,-0.0005626426335598733,0.014228183513854575,-0.010414218600700964,0.001914717340998906,-0.013372028452526163,-0.006995703821126464,0.0010797883652594598,-0.0035909343485733825,-0.0005091176362671535,0.0016935096619699053,0.0009662107341201764,-0.006967577757167831,0.003286437996102398,0.0,0.00038637985816625253,0.010550740842732997,-0.001920581573464586,-0.012618210651591355,-0.010129529004147264,-0.01317908210994806,-5.1930922699672255e-05,0.0011124028392043295,0.019221189109795755,-0.008137747494085468,-0.00805106982375492,-0.004619683265997154,0.0014121625416216865,0.0010499280472215933
0.00084992912084636,-0.0423826907109876,-0.038949853845679616,0.0005763171088334351,0.019484559691263115,-0.02429611133624532,0.0,-0.040989095531297426,-0.017385454394417355,0.03844220175981028,-0.004365299075727691,0.009825667974062202,0.009029406833796494,-0.008423513888502099,-0.048398687864659895,-0.05603043898582544,0.016287379823000492,-0.025583101689056975,-0.004523338482289474,-0.050584965318006214,-0.04860636084903547,-0.06214545822163581,-0.03463632993496013,0.01687782726845155,-0.014447337745720767,0.02829794538714675,-0.043836264499779565,-0.004494099689285935,-0.05175386587245606,-0.0701526528322517,0.004790306132882449,-0.0035129578157806485,0.05336258422388207,0.010271121851735454,0.0025926124939469886,-0.014780398268058548,0.038260348672573385,0.021098437517365398,0.004433830762220814,-0.0008127410670938362,0.005771281093531533,-0.003720094344334124,-0.0764080767886558,0.0008703947730138717,-0.0007881918734696791,0.0,0.0027523139168859623,-0.0010911767902305192,0.0,-0.0011305605521220174,0.004969367527351443,0.0038946430294168888,-0.06534693389072854,0.006243998902459302,0.0004746542385715702,-0.013335894592110709,-0.00046869672313520905,0.0019501374419659823,-0.0025821168641828596,-0.001597138453038105,0.001299532800770109,0.0,-5.062317052056953e-05,-0.0014538280747499188,0.0009508198264441825,-0.0005757159144246793,0.0016659758698305271,-0.030312021341980633,-0.00014646635989240542,0.0004207270429095189,0.0021035534404229006,-0.02040941838324206,0.003398517607275331,0.0007123960928049344,0.0018916332150473725,0.00015446940873720116
0.08004871948590975,-0.004863520445531233,0.00973855806560825,-0.12618185914963365,0.009251684533538918,-0.01713228821989987,-0.040989095531297426,0.0,0.004462954833768518,0.0020911172332619965,0.03839007433228969,0.012281380087643456,-0.034161124687566435,-0.0008673430317251984,0.1145679609819969,0.010103731653996917,0.00021953552928105635,0.06923379268441737,0.032179421514586415,-0.012106219062775425,0.09046215851712996,0.01928739092226217,0.029107130011580606,0.07128308149724727,0.050933845689815016,0.07168290602329447,0.00780601797986108,-0.022339164651609622,-0.03753581059270178,-0.02284277149720626,-0.006238300706578936,-0.027351084991370067,0.05446313655205409,-0.0024402010620958037,-0.011220033158053866,-0.025718895584232238,-0.08155297384700816,0.005346797786444979,0.010862957680210727,-0.0008854462060653434,0.018177233812318394,-0.003339525013271949,-0.03263144574158694,-0.0015235948401189359,0.0,0.0008221107883646384,0.0021716782335992613,0.0032213903160036583,0.0,-0.011447217826539402,0.008652567154941615,-0.007300304782651701,-0.027018414795051793,0.009360602126100903,0.00048662325777237836,0.00601912794037851,0.0002541005906557259,-0.014515833945141443,0.029679578774785775,0.004669604878519751,0.0003418493195123662,0.0,7.92295804915022e-05,0.0007541649354082525,0.042869393594589855,0.019271632398348726,-0.0001117327791619327,0.0025466183218900706,-5.551115123125783e-17,-0.0005361461052284522,0.0012526039523520494,0.010398583220703583,-0.012832218100098935,0.0020012251952694626,-0.0009724727904693031,0.018293418267529726
-0.0010198131002760458,-0.016365404953578133,0.0014379045114222833,-0.012529150942635625,0.014607447380577232,-0.007002522757630969,-0.017385454394417355,0.004462954833768518,0.0,-0.0012060645479862742,0.015080273039854597,-0.051836015808920444,-0.017752463736523283,-0.006448458271694435,-0.0036787330319738576,-0.019422396970920186,-0.006083749160304075,0.0035937339674712576,0.023758365063679343,-0.005996498818204243,-0.0016013525029028308,-0.02841576430194137,0.015397328780672292,0.0018689673775558746,-0.054900215897998705,-0.019505445162043666,-0.0383168490228884,-0.028227677060446543,-0.03045833590957764,-0.027605974274973077,-0.011753270608857613,-0.002723862837241242,0.0037631559930856873,0.001692826950176085,0.005650314568931558,-0.012547887828255055,-0.011134276696640522,0.008949866274393148,0.01411169210027785,0.00028553243945678153,-0.004073417417687852,-0.008193990173198606,0.01075905466138799,-0.0039907745948163376,-0.0018327794591803115,-5.551115123125783e-17,0.0007894480883388066,0.01249805558128636,-5.008755857016656e-06,0.008279338452836349,0.003675903556058846,0.007689725948322845,-0.004620918830870124,0.00659381850348606,-0.0028337936675829067,0.0288880589360877,-0.0015298073212902108,0.003265584193381188,0.023802377343533854,0.001043130054515784,0.0011406650213755531,0.0,0.0,0.015634515805818427,0.0006810166149712193,-5.46802425721582e-05,0.0007674916393294318,-0.007844423353928875,-0.00011000802041233326,0.00023959489930208688,0.0003228666627611565,-0.012037381141109083,0.002865093723279921,-8.675903205879187e-05,-0.00027257020024151757,0.004786953289364626
0.016667412015036964,0.0053847712930444325,-0.0004964230191197849,-0.07427709456736256,0.009350844283891713,-0.011654552207070068,0.03844220175981028,0.0020911172332619965,-0.0012060645479862742,0.0,0.00428313575597189,-0.006545209382533057,0.017712151388617592,0.0409237817435375,0.0003455095008443876,-0.01954554115827528,-0.008790034845448769,-0.004970714178912705,0.007479225280218715,-0.0030146044310124798,0.04743764889338198,0.008551089716702764,0.004011545289084206,-0.03363341211919918,-0.0030672599874884687,0.005414571013160507,0.0030022224874353687,0.013418275684260905,0.004975714494578953,0.0013618990996329128,0.011073559391215404,0.033331359081803236,-0.015744680472449757,0.004307966348385872,0.018367387150813652,-0.0804921647043097,-0.03165854527953313,-0.023879011950850737,-0.01993441678054164,-0.010600568534684995,-0.0016099865033512573,-0.008101455026488402,-0.014142703795311962,-0.00327402773215274,-0.051283603561494084,0.012131619069548627,0.0012973934214515759,-0.0011279239144804665,-2.844040962524108e-05,0.0004693475751144649,0.0028812100183547296,0.0016565366432528816,2.996393710513745e-05,-0.001422590254361089,-0.029026999976870638,-0.0011499903959410473,-0.014081234740110138,-0.04067668718280326,0.0,0.0006479950503613385,-0.023778537959702528,-0.043418302411038334,-0.03790753850132922,9.34851167977424e-06,-0.000151889691761109,0.0011350592520545932,-0.0009591445618725158,-0.0011500295941331284,-0.038446467460871436,-0.040691887513957414,-0.015817311907758702,-0.0009383815996604761,-0.031787936927156146,-0.0006537788979572579,-5.551115123125783e-17,-0.028593261067087705
-0.00229933906107771,7.219648704093196e-05,-0.013457199011277232,0.023592390863080293,0.02485636914849304,0.0105715309902919,-0.004365299075727691,0.03839007433228969,0.015080273039854597,0.00428313575597189,0.0,-0.02655632033539762,-0.0023735204689753764,0.012129463744753433,0.0,7.258283741951033e-05,-0.0061342575741071825,-0.020910324151446336,0.06561150159549761,-4.5305597823119825e-05,-0.00021152201111296343,-0.0003080438359351345,-0.049318016957069444,-0.010761384609621671,-0.007745175071490362,0.002296637111176947,0.012311569146857937,0.007189641074275888,-0.004224859589553709,0.00034653033496556684,0.018927523955585224,0.010477379451028834,0.028745301746145868,0.028526344811455884,0.013134504315348516,-0.006086889426106412,0.004322415920255063,-0.005317126848047804,-0.02032824311617254,0.001546900593924816,-0.001197063331655035,-0.00222016584958018,0.024366303987389426,0.0005080985715826269,-0.0007998699274703869,0.0,1.1102230246251565e-16,0.06805649421087467,-9.698844696259812e-07,0.02200320552073093,0.0079142135205304,-0.013093985043760414,0.009034943849038968,0.03445654940095583,-0.0016440042227006124,0.04439799109102249,-0.00339260481526682,-0.028121061218313204,0.04463492129679175,5.551115123125783e-17,0.0,0.0,0.0,0.020775530697529798,-0.0005702249299897599,0.0,-7.557814482067604e-05,0.0022157023252256103,5.551115123125783e-17,0.0,-0.00014165458812903653,0.00015698323644253165,-0.01917416180386894,-0.0014376020793044342,0.0,0.0004177822455365132
0.029005684817460076,-0.0017881300387715404,-0.00012204541577331973,-0.007258548860916425,-0.03069524253274708,0.0056965065766795275,0.009825667974062202,0.012281380087643456,-0.051836015808920444,-0.006545209382533057,-0.02655632033539762,0.0,0.0008503367057849376,0.0010720892140670402,-0.0002869035621880234,0.002107981749431276,-0.022771494178365714,-0.01962709776674415,-0.05684552637245849,0.004855091619931029,0.027601145221555046,0.0019709619502986664,0.007160123060300949,-0.03344859635572278,-0.01696633099467565,0.002371392696089991,-0.001064510744009206,-0.02280237213472175,0.001998130513959917,-0.0016620323227486966,0.00044876228443324617,0.016336867694962565,-0.017996591718173582,-0.005691222049023115,0.00919759013025817,0.0011020176864094955,0.022018511474301006,-0.014540753466113249,-0.02139613252622674,0.011663963567344504,0.00697335273464611,-0.008088650163439237,0.0007929071796241027,0.00032602426711070276,-0.031085035671826744,0.005396944968165451,0.0011984431461423695,-0.001032478489559563,-0.0006309635441854311,-0.00018427101125861878,0.0006291863999422498,-0.0010947554500082002,0.0001694008532444613,-0.0005711417816119946,-0.022343842175346684,-0.0020071829875653036,-0.002495022461603047,-0.003771526353239185,0.0004627150915264,0.0001415667203039095,0.0015703346394621565,-0.044452090742795713,-0.03129313553914942,5.105492275342405e-05,0.0006374964106829473,0.0009402584149529325,0.00044273624594548533,0.0002331464228254032,-0.03016267595282307,-0.03668370457127451,-0.013847042960940803,-0.0021310124918940687,-0.01547304287525647,-0.002158442755212431,0.0,-0.029170335570071204
0.026118979906382844,-0.03721781305725813,-0.04306099052499468,-0.0011531295432261057,-0.012375421812463039,-0.022206408729660898,0.009029406833796494,-0.034161124687566435,-0.017752463736523283,0.017712151388617592,-0.0023735204689753764,0.0008503367057849376,0.0,-0.013618165767268764,-0.03949237436750913,-0.04678177227861435,0.014419150741880715,-0.024415186151112434,-0.007885595734408057,-0.036885382393772204,-0.025042207028246832,-0.05451710786414993,-0.035572054608160264,0.01422534602992026,-0.02658086306247709,-0.004810523237909425,-0.041947156377940054,-0.0009024656013840171,-0.016019534115864542,-0.024992294040223628,0.0007278580815505697,-0.008422245190178146,0.030939409444858235,0.009230734619276315,0.0063080873432588835,-0.03253605639495355,2.333610535920627e-06,0.0038547895422966216,0.0285339584273267,-0.0013306486989655975,-0.009369690038838308,-0.010991723294393907,-0.04117093678743455,-0.006442378672841087,-0.0034653077241646457,0.0005124472045791029,0.003938672358383355,0.0009021342329045279,0.0,-0.0014027611554143782,-0.09016345600742154,0.0026079808808782134,-0.03459982615684781,-0.009585518628606127,0.0014311556805117198,-0.002032128591215987,-0.0015083476346515745,0.002737627775539264,-0.0018994580810837713,-0.021330906254020232,0.0007719828921275984,-0.00041051559145000027,0.0019911406020803324,-0.006470996956140063,-0.004733779456621012,-0.02989437363157227,0.0017265151697699599,-0.028381811600583506,0.001493267393008646,0.002385039325703109,0.004467844398796272,-0.022337102573569523,0.0019942171712302725,0.0010361735915276338,0.0017232884132699633,0.00378848249631647
0.054196165323171175,-0.0011845357485913977,-0.00021742883023062598,-0.02905715639198944,-0.0005082911850843308,-0.029184957413558865,-0.008423513888502099,-0.0008673430317251984,-0.006448458271694435,0.0409237817435375,0.012129463744753433,0.0010720892140670402,-0.013618165767268764,0.0,0.0010561055981352374,-0.0006500040938431928,0.00013032431325710192,7.171870196626129e-05,0.02052007138632178,-0.00015010380003671608,0.044782521510550566,-0.0005053435793940797,0.014558433337738041,-0.0008405489303127123,0.00017736089517106368,-0.004040931148473592,-0.01154705047622745,-0.021247624431865453,0.0022595616118584183,-0.0007071550436581475,0.0008214369981268121,-0.01350874648806294,0.001038587223109344,-0.012211595112191831,-0.0568859755442383,0.007040564621441703,-0.01652229147120174,-0.001162839501406998,-0.03835443700982272,0.0,0.0008097912196614598,0.0008073778365038087,0.021837852114573175,2.791811239688524e-06,0.0,0.0,0.0,0.005659668608790691,0.0,0.00767051777792116,-0.0008285588127650012,0.041734321327846935,0.05445792592672982,0.0069551479964151675,0.0,0.021880304567563402,-6.579553144342443e-05,0.0019132525912943232,-0.001869975579172345,1.1102230246251565e-16,0.0,0.0,0.0,-0.008608275919431807,0.0,-1.1102230246251565e-16,0.0,0.0001061089265493309,0.0,0.0,5.551115123125783e-17,-0.031703372322426426,-0.00021007039859494148,1.1102230246251565e-16,0.0,5.551115123125783e-17
0.01631611731917615,0.0015620448426115763,0.0006465796545073177,0.0019108427921789017,-0.0007103719308810263,-0.01639367752503068,-0.048398687864659895,0.1145679609819969,-0.0036787330319738576,0.0003455095008443876,0.0,-0.0002869035621880234,-0.03949237436750913,0.0010561055981352374,0.0,-0.0009723224271349085,0.002074644894744293,-0.005014616252405679,-1.1102230246251565e-16,0.012464591841566397,0.02810807829035261,0.037218107844415926,0.020267516465604818,-0.030076110737094375,-0.01564523505033949,0.0373838096420146,0.011573404397030973,-0.015415167907562255,0.012571243434356838,-0.0034557290418122943,0.018635170920514532,0.032561626293087786,0.009396563203839303,0.02289079108125719,0.029079757218721636,0.06309320781403327,-0.00223702840822676,0.00014104730994113357,0.04073826749242043,0.018997514412339822,0.03346981739629279,0.041029361610156245,-0.0012453716935365011,0.0007731022487131312,0.0,0.006884401617420766,0.023732927520180358,0.0007051342275049555,0.0,0.0,0.05674074927989159,0.0010703354863028647,0.0012441154384259523,0.00025847860873140505,-5.551115123125783e-17,0.0,-0.00011917208187472994,0.00385271153792216,1.5898886933651823e-05,0.01188816165846096,-0.014817884534328696,-0.00018290767423190246,0.004846076151926226,0.0,0.007949656044069442,0.03196268610386743,0.02274578234253316,0.02990099936481133,6.174236140116252e-05,0.007669583628380605,0.025370102037507447,0.01974625019034837,0.00527818549216974,0.013047281110383668,0.0011841362719697823,0.02622530563091885
-0.008632643972465381,-0.008115304853111627,-0.0009348298166996227,0.0006463554791601434,-0.04245722104614319,-0.020840223674233938,-0.05603043898582544,0.010103731653996917,-0.019422396970920186,-0.01954554115827528,7.258283741951033e-05,0.002107981749431276,-0.04678177227861435,-0.0006500040938431928,-0.0009723224271349085,0.0,0.013829877348825848,0.019024857823655095,-0.00018165272177100844,-0.010216939820960613,-0.0025920683414048518,-0.0026064503558370644,0.0074042185738922295,-0.0070595082681508825,0.0027473535653533276,-0.002351941578454697,-0.006429596009385141,-0.03355060132531934,-0.017787273404505588,-0.018124840050192825,-0.0266123817828825,-0.0017428529937886794,0.023932874100538126,-0.021886701233576777,-0.017823853186493155,-0.0010138436878252555,-0.0008047891448944022,0.0014458876822680544,0.0025365819030770953,-0.0014130824537454956,-0.006717172812461147,-0.00405853928477623,-2.073093550153393e-05,0.0,0.0,0.002671143910217444,-0.003001055853551926,0.0,0.0,0.0,0.0022065829383026703,0.0005970955991548843,0.0013878169061293244,0.0,-0.0030107851311136913,0.0,-0.0038346123016448352,0.0024441274720682915,0.0,0.0009353909296365703,-0.006893900084564197,-0.00033353698791516173,0.007198817677131597,0.0,-0.02323633296565536,0.016972565729079292,-0.01481523984583949,0.004296484422823377,0.0010624206122877844,0.012294855772726154,0.0014112552469670026,0.005918054474441936,0.005512914936733226,0.009238902605112564,-1.1102230246251565e-16,0.006160013156775668
-0.036926220372680674,0.05133040153877527,-0.001823767760104178,-0.0009166017847017094,-0.023184792788998154,0.0034297226245869616,0.016287379823000492,0.00021953552928105635,-0.006083749160304075,-0.008790034845448769,-0.0061342575741071825,-0.022771494178365714,0.014419150741880715,0.00013032431325710192,0.002074644894744293,0.013829877348825848,0.0,0.022703614889716728,-0.0023063556636377935,0.0021838614917999433,-0.003596928788649534,0.005225722904819374,-0.0002629643557001682,-0.020668489665535528,-0.008815843833342385,-0.010314906329223217,0.0011110952383835415,0.004392798039014212,-0.006697735027940022,0.0011503957495113681,0.015549168967734617,0.010435011073072986,0.010237673599646946,0.013879211846281325,0.00868960251423384,0.0020791857719452134,-0.00029588503445499015,0.008722938116912882,-0.011183368894627399,0.009944598003262195,-0.0023350798963401864,-0.012292453160753947,-5.551115123125783e-17,0.0,-0.000437235207898401,0.0030101562704883955,-0.04105487955636583,0.0,0.0,0.0,0.0,0.0,0.0,0.0,-0.012404195258047701,0.0,-0.011878895699857728,-0.0002419220964447466,0.0,0.0005287149192777507,-0.040522684974620804,-0.04404241585745844,-0.03918388499571601,0.0,1.1102230246251565e-16,0.0,-0.0004541244820435719,0.0,0.0005123321292441196,-0.0363479423244738,-0.016350007016331825,0.0,-0.0025243473852759046,-0.00012493640116700844,0.0,-0.014063875743284382
-0.008359639064181301,-0.0017964171958504416,-0.00020887629562638121,4.7477297953957276e-05,0.025050441995796424,-0.01870469534339747,-0.025583101689056975,0.06923379268441737,0.0035937339674712576,-0.004970714178912705,-0.020910324151446336,-0.01962709776674415,-0.024415186151112434,7.171870196626129e-05,-0.005014616252405679,0.019024857823655095,0.022703614889716728,0.0,-0.0006330788262131071,-0.007232389545595408,-0.012525227011657647,-0.010037399596576402,0.029084594845131206,-0.010667859981016214,0.009538340247405741,0.005306271681796537,-0.005272398669679101,-0.018203085154685772,-0.015284478158749282,0.0009931362491649165,0.00257808325490283,0.004832185710165859,0.01032013441134727,0.008345826976036086,-0.009742925485812015,-0.0037771811739084615,-0.0006146269756635014,-0.0008620875199212286,0.0008929122956140567,0.0005955585363658922,-0.004176213666282402,0.003072555432667934,0.0,0.0,0.0025658632215436183,0.01045979874344577,-0.008148203430646705,0.0,0.0,0.0,-0.0004947349767136511,-0.0002460853899344806,-0.000642288299550875,0.0,-0.01742387758284142,0.0,0.0020084457583189885,-0.000756081969585265,0.0,-0.0614622859480331,-0.009584939398279313,-0.031224742516573978,-0.017081589881101644,0.0,0.0028910834276000275,0.0048410627701631626,-0.041267161092974625,0.0028683344901582752,-0.00043842774771502,-0.006923571516462224,-0.002598243431029157,0.0014114168931183557,0.0024599314126462213,0.0009931590820884684,0.0,-0.006679789681902304
0.0,0.0013958995187006717,0.012519774074228052,0.005264857060736372,0.027438081316103757,-0.008245594078972407,-0.004523338482289474,0.032179421514586415,0.023758365063679343,0.007479225280218715,0.06561150159549761,-0.05684552637245849,-0.007885595734408057,0.02052007138632178,-1.1102230246251565e-16,-0.00018165272177100844,-0.0023063556636377935,-0.0006330788262131071,0.0,0.00048772686773418394,-0.00045195497914291005,0.0009531398446601669,0.004006679171122796,-0.00024196017301053585,-0.0006013010861301016,-0.0007719958772561264,-0.010491229624719212,-0.0017317518163729173,0.00164859179005028,0.0016537657247572835,0.0085382730858522,0.006165777452609544,0.0014223964757750784,0.017275152010790273,0.01092043700528672,0.007885779298635986,-0.02127020684707759,0.00615479808592595,-0.01527512302781936,4.794476174990736e-05,0.00012157515769189997,-0.004038927864279285,0.010891716612648428,-0.002225393118262864,-0.0001592541822388882,0.0,0.0,0.052188056741390265,-5.551115123125783e-17,0.023186014932023435,0.020933949931701945,0.060247841919384815,0.01765204950999555,0.026449587514020156,-9.664037650708446e-05,0.07550039284845578,-0.0006976125149585899,-0.0038063779592051317,0.04635046396597392,2.220446049250313e-16,0.0,0.0,0.0,0.01402714435537844,-0.00010754603418144937,0.0,8.269704036084624e-05,0.014001797823634643,0.0,0.0,-5.551115123125783e-17,0.007374443068239422,-0.00045147324589966953,-0.0010087435447138637,-0.0003707712179741307,0.0014631578893199437
0.06586124029058826,-0.005451321754173177,-0.0004375752842097347,0.0012284272184800993,-0.030813929890447955,0.0006084703984071127,-0.050584965318006214,-0.012106219062775425,-0.005996498818204243,-0.0030146044310124798,-4.5305597823119825e-05,0.004855091619931029,-0.036885382393772204,-0.00015010380003671608,0.012464591841566397,-0.010216939820960613,0.0021838614917999433,-0.007232389545595408,0.00048772686773418394,0.0,0.017043907053656326,0.011114433895083486,-0.025561900717833597,0.006925062954176053,-0.007676385979541789,0.005876689270906066,0.038552858629160414,0.0014416677537650857,0.023909840008583094,0.008092152632972027,-0.0061607487414394035,0.03441910503483725,0.02147027807071178,0.028276022768867315,0.02463716613471162,0.036640901267352755,-0.002551932685877223,0.004159031651967793,0.045572142779630176,0.01638676231466446,0.04291048238666223,0.04579169870172067,0.0025969219506284946,-0.0024478589207163615,-0.0005413927055420431,-0.00294383223583472,-0.008085729512900541,-0.0017075084028330134,0.0,0.0,0.008078049137805743,0.003444764020328006,0.008489328118159778,-0.0012538864443262243,0.0005309542258193911,1.1102230246251565e-16,-0.0008520500192620295,0.005873235820599787,-1.1102230246251565e-16,0.028386646591672726,-0.06453900743256646,3.297844427124774e-05,0.0037403210575558954,0.0,0.047687140715130305,0.04079123503631166,0.018860836212139187,0.024567878827627232,0.0,0.0047047849375325135,0.006217319380030117,0.027281151539519433,0.023008522291748434,0.03531313833532812,-7.978031095451366e-05,0.0005544957801419392
0.019522188190467415,0.003195011750275367,0.031802049718066216,0.0011447796919820674,-0.0034238264164074272,-0.005328183939434905,-0.04860636084903547,0.09046215851712996,-0.0016013525029028308,0.04743764889338198,-0.00021152201111296343,0.027601145221555046,-0.025042207028246832,0.044782521510550566,0.02810807829035261,-0.0025920683414048518,-0.003596928788649534,-0.012525227011657647,-0.00045195497914291005,0.017043907053656326,0.0,-0.01012201670223889,0.031300595623548255,0.04544350427245969,-0.015607600736238403,0.012890769743503616,0.03670635685701368,-0.005704218643951542,-0.00999331757381794,-5.379750024331331e-05,0.01957386524112198,0.021059446166268203,-0.01436419517342613,0.016854566852563424,0.015489849142125756,0.008876043649199639,-0.0014197349282655258,-0.0007321291215653392,0.026531504615137758,0.008534072319521746,0.032171376018551134,0.04191601161184377,0.0014665877661291793,0.0,0.0,0.04078428452059346,0.026379018607494864,0.0011477035097712251,0.0,0.0,0.007635469930533212,-0.0009429163502342464,0.02836032261560245,-0.002583217513255298,-0.00026540351139664464,0.0,0.0014251962486533931,0.0028783962055093926,5.551115123125783e-17,-0.008929862401175437,0.0033632339956117807,0.0,0.001196303716670677,0.0,0.015676085620976,0.001875717539053412,-0.0007479895463990416,0.013210286778895797,0.0013867902627748285,-0.02180718501738199,0.012564637216619712,0.01876582887097128,0.0014457417776593262,0.002806739198025987,-0.0018529353352921274,0.0022206559184742014
-0.005099796204501905,0.008409670331483043,-0.032570388168684405,0.0003695849521318517,-0.04858479308482161,-0.01835837680603858,-0.06214545822163581,0.01928739092226217,-0.02841576430194137,0.008551089716702764,-0.0003080438359351345,0.0019709619502986664,-0.05451710786414993,-0.0005053435793940797,0.037218107844415926,-0.0026064503558370644,0.005225722904819374,-0.010037399596576402,0.0009531398446601669,0.011114433895083486,-0.01012201670223889,0.0,0.010286062497156356,0.009481181593827603,-0.015516751008650687,0.0019041777699259077,0.016196233079784517,-0.028446983973489326,-0.00934378251377177,-0.02372225565270053,-0.006031348170018325,0.02565931343594302,-0.003671292559387529,0.01565616483269805,0.01593059457305246,0.06022022322465681,-0.004760468288930175,0.003359393911833042,0.014563819794671418,-0.019001264956017505,-0.012131141596088468,0.008095601407566932,-0.0016738410751115929,-0.0002298988694836579,-0.0003525940509423453,0.007845830154413869,-0.004896792802264904,0.0010511478084694326,-8.742603003486504e-06,-0.00015087584033685042,-0.004934425735507009,0.0010182252692862992,0.0027200267227611152,0.0023506568693192342,-0.0018232269961331315,0.0,4.169310525825587e-05,0.002614139511527891,0.0,0.017664728411424413,-0.02333615450821508,-0.0004267926637751551,-0.010788026170742038,0.0,0.011114793153814029,0.002093767342339903,-0.005391019483572457,0.013908794568632088,0.0009493023226213593,-0.004420197091612954,-0.0032377179107788145,0.010696116704895953,0.007885644479170506,-0.014973918006875975,0.0008790151884984221,-0.023254829710852076
0.07059296875055604,-0.0013393988487563346,0.012997516449398727,-0.03290569440738533,0.009080432638157443,0.0018399089338983488,-0.03463632993496013,0.029107130011580606,0.015397328780672292,0.004011545289084206,-0.049318016957069444,0.007160123060300949,-0.035572054608160264,0.014558433337738041,0.020267516465604818,0.0074042185738922295,-0.0002629643557001682,0.029084594845131206,0.004006679171122796,-0.025561900717833597,0.031300595623548255,0.010286062497156356,0.0,0.07345721392451815,0.027815263329068918,0.041896349075677575,-0.0011398246457067218,-0.024413920952893298,-0.02837959549618968,-0.022196990453234478,-0.002190329588037221,0.012460355657609556,0.028159327443888493,0.0041031988908872274,-0.00010748701736412736,0.01938176296493216,-0.009890977146271962,-0.00048481216709406194,0.0305804620115257,0.031039725228306503,0.030393246763237403,0.031613438477758216,0.022568175481925634,0.021467929853457357,-0.001113239915083275,-5.007234198822763e-05,0.04557291007706743,-0.05806447818913468,0.0010240239076458324,0.01551059704850788,0.0011078106627374629,0.0136425871366459,0.012643238616834862,0.019536414247791956,0.0014751912083399987,-0.02435846907541178,-0.00204418449208138,-0.001331713295017356,0.06541583538636597,0.035169587572679406,0.0076408552446777245,-8.022371289445607e-05,0.0015039352185607924,-0.057027130778059654,0.04637143044985159,0.04364456775604131,0.023740760008631956,0.010515460264239218,-0.0009109337727450373,0.009287589770699378,0.04832857652480371,0.006411202943197858,0.009787005710803709,0.01435573964633341,0.010416944967696073,0.020589797160987966
0.026601076364699883,-0.02163143498120984,-0.0007646396677503664,-0.0038557021547155346,0.002426808994168528,-0.0015251180248948004,0.01687782726845155,0.07128308149724727,0.0018689673775558746,-0.03363341211919918,-0.010761384609621671,-0.03344859635572278,0.01422534602992026,-0.0008405489303127123,-0.030076110737094375,-0.0070595082681508825,-0.020668489665535528,-0.010667859981016214,-0.00024196017301053585,0.006925062954176053,0.04544350427245969,0.009481181593827603,0.07345721392451815,0.0,-0.010667650008168827,-0.01838417916103069,0.07935812909855677,-0.02890466273860448,0.0012337991660738012,0.0004365210157512567,0.0006856916785148437,-0.02183822038791311,-0.007838796435422762,-0.0021047819462250983,0.009299453240578848,-0.01615279908267847,-5.110482327436161e-05,-0.003847041051555894,0.04449225778616417,0.03312111429964604,0.013974294990544978,0.054355234641357664,0.0015542302373198202,-0.0006545960087347424,-0.022299216598900606,0.027698978312571676,-0.018352850325261794,0.0,-5.551115123125783e-17,0.00031686896877047843,0.0005475529795386236,0.00015338010961374327,-1.6653345369377348e-16,-0.0009322457285719787,-0.02351710839469945,-0.00033259462706936027,-0.013261794731905419,0.0008903607014781878,0.0,0.001229460952488881,-0.008236468294817778,-0.02534857069435492,-0.0056619867101969645,-3.8614470356801434e-05,0.001029275775163263,0.0018020127045212386,0.00017106804506994422,0.0008892890532889997,-0.02388536962476684,0.0016757294204508555,0.010156942889395837,0.0016004484235987992,0.007862096120644979,-0.001080197654648063,0.0,-0.03439943909785825
-0.009773936495407864,-0.00432950095134893,0.0026999988864241375,0.00040320432363605274,0.04635574084982946,-0.01725413632788325,-0.014447337745720767,0.050933845689815016,-0.054900215897998705,-0.0030672599874884687,-0.007745175071490362,-0.01696633099467565,-0.02658086306247709,0.00017736089517106368,-0.01564523505033949,0.0027473535653533276,-0.008815843833342385,0.009538340247405741,-0.0006013010861301016,-0.007676385979541789,-0.015607600736238403,-0.015516751008650687,0.027815263329068918,-0.010667650008168827,0.0,-0.005862465990510213,-0.009128159118500345,-0.01989957690477473,-0.02267537760589272,0.0003737643280781189,0.003857406673589636,0.016019383116855135,0.010572433891247679,0.012935934915026537,-0.000749104588901206,0.002926126246408811,0.0002814088670442527,0.011155727666813664,0.0025681593626931676,-0.0011517892757132997,-0.008130345151690421,0.004730291123558383,-0.0010925645639812687,-5.551115123125783e-17,0.004555190757154826,0.003003061117533734,-0.014587266946698763,5.551115123125783e-17,0.0,2.220446049250313e-16,0.003955548360917993,0.0007217311281403349,0.0016965654796338159,0.0002868359400570175,-0.016475042226404724,3.4697143155848487e-06,-0.01397042900881279,0.003367147150962313,0.0,0.01773431742311532,-0.015556201292359462,-0.029938338076371807,-0.020214651498970337,0.0,-0.009534956695018304,0.008736740800114218,-0.016789003427494786,0.007981416525847662,0.006124673483652532,-0.00954727846731418,-0.004583058306487808,0.0038300494674859964,0.001338138130980493,0.009158236288344557,0.0,-0.0066098007770630796
-0.0011399475203758835,0.002926029301885069,0.0013600206742709342,0.002902742328243446,0.03285549169178764,-0.0043310984840723155,0.02829794538714675,0.07168290602329447,-0.019505445162043666,0.005414571013160507,0.002296637111176947,0.002371392696089991,-0.004810523237909425,-0.004040931148473592,0.0373838096420146,-0.002351941578454697,-0.010314906329223217,0.005306271681796537,-0.0007719958772561264,0.005876689270906066,0.012890769743503616,0.0019041777699259077,0.041896349075677575,-0.01838417916103069,-0.005862465990510213,0.0,0.03117033104459821,-0.002270980392158062,-0.0030263786651280045,0.000929965993086479,0.015291347507522035,0.022240997480071023,0.005938007441593007,0.011633270321000588,-0.003233228166449831,0.050181013994362256,0.0008541818174306326,-0.02032438972790085,0.006179688198713895,0.005195446522038627,-0.002717595735232059,-0.0032441154787041238,-0.0018819806451109145,9.501233551439947e-05,0.030593952956416315,0.016448196539426196,0.007593272193647083,0.002479637735147311,0.0,-3.145343164012715e-05,0.003859829031264528,3.3728471992011677e-06,-0.0009043275396011241,0.00024979332740338034,-0.007149691232366195,0.0,-0.0121136694582058,0.0035623544981363553,0.0,0.00774907544526976,-0.013217478623553214,-0.026435319109262723,-0.014450454007118974,0.0,0.005389641474705942,0.03453273294911291,-0.0049588819024590225,0.017859623569310423,0.0051190950469008345,-0.006826109738575614,0.0010058966819784243,0.011764558056221064,-0.052815996530945264,0.005000954465559981,-0.00011197649722799463,-0.0005314105313533046
