0.0,0.6854157136252503,0.3307918420786148,0.0,0.4120007525423684,0.3690240384461626,0.44639249082547217,0.605570138763023,0.39641917852803416,0.6999349653273638,0.365723915280724,0.6174788029834303,0.8547957815985243,0.42449737311152286,0.4070186505789891,0.9075142771727346,0.6052274293127755,0.817245985371052,0.0,0.49118810093792065,0.4405405141350729,0.5503661928231757,0.5429728284495308,0.628791662235323,0.6488768678500785,0.8483620704400204,0.5396940396837437,0.5387144270152755,0.4883997893742201,0.5258047177204024,0.7742645688571955,0.605443437529892,0.8192427813560461,0.6655261365519243,0.44246495874089353,0.5925211375565211,0.5067981816950151,0.556995132314847,0.5477425401634319,0.6688794324551196,0.6758141684299924,0.8494614980824489,0.4860966133624803,0.0,-0.14933577286454974,0.5923988338807167,0.7030991559513615,0.0,0.0,0.0,0.48378810262411875,0.0,0.574405176557105,0.0,0.6885472344103407,0.0,0.546374217963253,0.7419015848949541,0.0,0.5504140407077135,0.5808021539477934,0.30197484868942215,0.6323564399410629,0.0,0.4390128050659831,0.5524922701560461,0.6108836773804689,0.6733545702507546,0.5060343465425496,0.6779619058264031,0.6480564019692436,0.48899194558400905,0.3986895662203067,0.4945528053174699,0.0,0.8564826046968692
0.6854157136252503,0.0,0.5180528265658548,0.30561178256112165,0.6136248270890357,0.6732547447567169,0.7968255933539818,0.7876126009899748,0.6639247106080293,0.44685181469163004,0.32578831127471664,0.432886011625531,0.7248356813028849,0.4730795839120752,0.563335049209424,0.6688775859462506,0.5975511559428068,0.6065091439153748,0.60789035437076,0.5579406646940881,0.5348292297731911,0.6548187744056226,0.7008151463175163,0.46003328396298615,0.46549694107747436,0.4607804214623715,0.6839511882693039,0.6514684332845586,0.5403801155057955,0.4582966701725629,0.7399094365884211,0.4319699397664689,0.4536154624481017,0.6705568318059658,0.5265765282611545,0.45423824406451835,0.24135278501148855,0.0,0.5826473376836221,0.84751528979753,0.6437787733072572,0.6783224509035106,0.604690848748016,0.0,0.0,0.6106992313531601,0.708172709894367,0.04133192824224917,0.0,0.0,0.700179986995823,0.5805534671455008,0.5382564755076676,0.5651925012240782,0.6451892575809148,0.0,0.4295380938641941,0.5976649302017688,0.0,0.5517475984385185,0.6118866116522309,0.6580980955565952,0.5707552152086348,0.0,0.5910532517889682,0.582698463282074,0.6777103637739996,0.689816650710559,0.37634108992290183,0.5670905417528628,0.7085921870469845,0.5302587891813022,0.5768679820013108,0.7434345256731736,0.0,0.6662896668314738
0.3307918420786148,0.5180528265658548,0.0,0.2899903610357799,0.3939988418013095,0.6616017445514575,0.7323892918671244,0.477599320123313,0.20061851751461926,0.4307826034108118,0.2571172469033351,0.4967519986494422,0.8029443566390766,0.31893685448882014,0.35195337836037355,0.36842899410989294,0.5361010079885979,0.5134809987630486,0.0999930954517321,0.36138148921132784,0.330207587476886,0.5297163477686567,0.2826772841163803,0.39423428034460106,0.5552894168197494,0.47683812973762923,0.39603675563720986,0.769557971427022,0.5885098978389969,0.5627775383424761,0.7280377656213317,0.6483005095059085,0.47863520300277007,0.7190830763588181,0.5579204535905747,0.43096823508952176,0.4817616855930799,0.41924215430497247,0.25586449256816796,0.46415635060133814,0.3646891867008516,0.4903968062025751,0.3388230383150347,0.6132766600145652,0.0,0.0,0.18500428630939103,0.6314543966594818,0.4676648686786542,0.4873863882001492,0.5132258821127011,0.5109361880739685,0.5860619061461354,0.4833697706539608,0.37239402383882086,0.4676179260597748,0.4529392380269724,0.4923347528001106,0.552607607161679,0.24414316724285207,0.0,0.0,0.0,0.22696404529637576,0.5753125013716662,0.4201232892142229,0.09812734727445394,0.5525547997892566,0.0,0.6279808271025454,0.3428815014651797,0.5035312463057425,0.4362841364119091,0.5988825809503486,0.6600166885258901,0.18188623205357807
0.0,0.30561178256112165,0.2899903610357799,0.0,0.6203591818574448,0.7129295437153347,0.5867546852647018,0.6366711546443071,0.7116574531539921,0.31691607848108305,0.4317874547343571,0.3149281529769298,0.6383430495592735,0.5864353409374926,0.569559737237794,0.07916838740694646,0.5182071767734668,0.481508347610221,0.451673217163619,0.5483978379821752,0.4678454361351593,0.5130166195161929,0.5568462218396736,0.2082439344699663,0.8652474943694948,0.60919642894171,0.7153677440854674,0.38554976196742907,0.39040997558677426,0.4411442580182314,1.0092665718978016,0.4131747625244633,0.16224545931499362,0.2614930932690418,0.2349943891069573,0.48484131864049707,0.4205507234894059,0.29022443396032366,0.18953753959221098,0.27697332113368106,0.3704332647097518,0.26740506394799984,0.1931261108257709,0.22128433624020538,0.0,0.0,0.0,0.3587065050678824,0.0,0.0,0.5855338676652766,0.0,0.4750532533067326,0.05000085563164883,0.0,0.15748125727820972,0.444714996755324,0.44537320663789265,0.0,0.0,0.0,0.0,0.0,0.0,0.0,0.0,0.4494694546794259,0.5080183836788363,0.0,0.0,0.0,0.44036453309116136,0.5116270134880821,0.5586212452269804,0.0,0.0
0.4120007525423684,0.6136248270890357,0.3939988418013095,0.6203591818574448,0.0,0.4120216608770584,0.5277167227102175,0.4779279106064584,0.37809124391011734,0.6595352652696058,0.35388698415131026,0.5250037570550086,0.7527623894941708,0.601504251002475,0.4400006109865685,1.0713102566864656,0.5173221635417755,0.3475479489379055,0.42328298454850244,0.7743471516069425,0.4504768111528531,0.7137647942305625,0.5928935227557747,0.5187615253197073,0.4219756197278454,0.35753545403572545,0.4597596572303641,0.7820280678842914,0.9637597420829489,0.46374458965904275,0.6504780200534002,0.7016272956386165,0.42801598849753986,0.667958034220748,0.6351085776329799,0.4149685878552588,0.27656259171304476,0.5211387610576981,0.6273925481372317,0.7260101614888294,0.5000448225311295,0.40825669920737595,0.5997169048400108,0.6902633173972577,0.24477992867702475,0.0,0.3794309547805393,0.5566857626047628,0.0,0.5840821242593788,0.6207145621280329,0.5421291221103365,0.5000096118412739,0.5476161699858269,0.0,0.5086226710109873,0.3248038529308177,0.63470597094365,0.5312311351030695,0.2417290524710717,0.447881087167541,0.0,0.0,0.594700221140169,0.2864086718422765,0.49610777541016515,0.4086134228725733,0.5966705055482726,0.0,0.4633326543406501,0.5515379936763911,0.5175317303211628,0.5248571979889575,0.4162357598925462,0.0,0.43475004380107746
0.3690240384461626,0.6732547447567169,0.6616017445514575,0.7129295437153347,0.4120216608770584,0.0,0.7078099327961505,0.7692764988067542,0.38825566713746995,0.45438440233871824,0.3302724771632772,0.6382010350660744,0.7059314933228196,0.5630385765715196,0.7362665664473705,0.6273512880210164,0.5182645887215087,0.6004551824833617,0.5249446151415281,0.657369416880093,0.7419553095465141,0.5913611635693692,0.6272659763357359,0.2985579329410729,0.6801237732400324,0.8555951561636171,0.5315836609187062,0.5494440547574776,0.5181324962758267,0.7986606568096888,0.7749606598621122,0.6647827997515072,0.9732743946735418,0.7912649163306678,0.7562446971127669,0.6721196034095741,0.6911152829009208,0.40505794899250136,0.5721382075093528,0.3161471069233065,0.5027198728096413,0.4400651262807852,0.6403253929920937,0.4585725074227725,0.18383162041768453,0.5701785412334545,0.4918880387660237,0.4411323758449411,0.5553291483191594,0.44825868603179075,0.6455518118985704,0.5849813297330636,0.7116356066399077,0.45170076064142206,0.5957027948578674,0.6288986678226205,0.3343145146525389,0.6063095040591407,0.562827802310406,0.6464489475710675,0.5805552588455936,0.0,0.5423917438968067,0.5258316682227785,0.7525384620060933,0.3474070806700228,0.7542133973923205,0.645122587194545,0.5726077530088847,0.47971106826776067,0.8314214599705576,0.6410883584287959,0.5330204999859747,0.6308657414103356,0.44830994528116574,0.524001285342583
0.44639249082547217,0.7968255933539818,0.7323892918671244,0.5867546852647018,0.5277167227102175,0.7078099327961505,0.0,0.7568048752007369,0.6368777856553607,0.5596765961583445,0.600007603247461,0.8120601517273831,0.9348808007528855,0.42720697012916575,1.2952944617536817,0.8185775055903995,0.5545684937104701,0.6751576007457435,0.5892054363490922,0.8208384715532223,0.7478780292502369,0.7921372886490292,0.8524737187137208,0.3913242432466652,0.7273090066001806,0.9040195501888758,0.7400853953506519,0.4977866185402983,0.7958431817906073,0.4664571569020415,0.6575811422792486,0.5490351116933718,0.49713933767583984,0.43703083605149506,0.7721110674183855,0.4529328664202705,0.2620687574776495,0.5272199153883116,0.5928091113766312,0.3924155025987167,0.5427968536640458,0.48072217217113156,0.5644004998687178,0.72371045910338,0.32300142902058776,0.0,0.5424605567728757,0.39640080415188983,0.0,0.4890312715005426,0.5552620759137366,0.5459826173579787,0.6988984431244475,0.627877220002105,0.5570923887076856,0.4420719441393155,0.41500410657926967,0.461667268017663,0.34665682096975725,0.29675589723785356,0.5926644616858161,0.0,0.5089412223212837,0.5526722289148378,0.5561420044721064,0.47562712513863237,0.5670497749487239,0.6635573321286056,0.46346011201073445,0.586096490386512,0.5134628162641696,0.5540140466006603,0.5361911644942505,0.42253545450752583,0.7718730428523801,0.46747571501606616
0.605570138763023,0.7876126009899748,0.477599320123313,0.6366711546443071,0.4779279106064584,0.7692764988067542,0.7568048752007369,0.0,0.710975133597668,0.540894306489857,0.21456119169856322,0.6739095134265534,0.8205500012102516,0.5277080877312096,0.44232675076990735,0.9035900548357361,0.44355988771006793,0.6840476875479757,0.4415164607975113,0.5928230690512006,0.5629651074818159,0.7975066346299085,0.5363482951985542,0.500726073015275,0.666167361155018,0.6924569767791913,0.682975163385998,0.7864982443378583,0.7263043748440737,0.7343562688212404,0.6994740436570177,0.6301774302362106,0.5735272226238239,0.6972179562900445,0.7210173470336605,0.34020903996673757,0.15781544152175475,0.6243190766379814,0.5012859821855629,0.42925528265244167,0.48416789468997495,0.43783173667049086,0.2949993488472634,0.43121083666617793,0.0,0.552441672494759,0.3648269615379448,0.4296639883554217,0.0,0.5353072088314192,0.7902964990354489,0.4483088037659966,0.4153014820502693,0.43510457834352567,0.8278239108691879,0.36928180858764487,0.9607927866559087,0.5953099373135973,0.40660969891159227,0.5912300820488692,0.3899100668515626,0.0,0.6623323199852296,0.6308330584717945,0.7065970204522685,0.7503184440750557,0.4346441257243892,0.6529276948273952,0.0,0.38391840611348826,0.3871053677314381,0.6673962026410518,0.5679624426308335,0.5680093293428227,0.45463016957997937,0.4518882616325118
0.39641917852803416,0.6639247106080293,0.20061851751461926,0.7116574531539921,0.37809124391011734,0.38825566713746995,0.6368777856553607,0.710975133597668,0.0,0.592174375414437,0.3085270552814754,0.6185385711805745,0.6685503697661549,0.43218684932894297,1.3229000325263556,0.717345503194226,0.3864370331512783,0.5653742222460933,0.24457664635593873,0.8380449472126813,0.35082265068916374,0.8376350397320198,0.6413237075967227,0.4594467681752399,0.8386641871555535,0.9888282397170411,0.5866051999735526,0.7347381713232983,0.743918428723799,0.7438848337457515,0.6940697329719228,0.6910706137572178,0.5182018925873909,0.7193501669460562,0.6936913892395703,0.6822880451366826,0.6604086770411424,0.4989821889000678,0.5593377705873327,0.47090393688036547,0.31358188941717646,0.2611276392227828,0.544976812848114,0.4201120831828327,0.26386304599768073,0.0,0.4582948876981453,0.5980113000274793,0.4586635694825422,0.6917551814455727,0.725284504045914,0.6291192185032015,0.7181856291546229,0.4847701735731852,0.17245506507460914,0.5127437464381132,0.4047856760328502,0.5001479250892769,0.9944499322050475,0.47788453554688004,0.6723904422873628,0.0,0.0,0.5540948399907801,0.5740711909137596,0.6615780827305577,0.5169215136874907,0.6932615993416731,0.30254562907191807,0.5409422421934234,0.2937061229484391,0.5814079572891628,0.008767070251273601,0.5433346871645663,0.4904479153447119,0.5987485617235602
0.6999349653273638,0.44685181469163004,0.4307826034108118,0.31691607848108305,0.6595352652696058,0.45438440233871824,0.5596765961583445,0.540894306489857,0.592174375414437,0.0,0.5938749639702605,0.49624960305898363,0.5995889517231989,0.6467235429762855,0.4790878434102795,0.7656625650833773,0.7653372064443298,0.6152606626384802,0.4865203931496157,0.3804917018489622,0.9661082709585926,0.48694419139999673,0.4583551805539817,0.5090130047027667,0.8113928269839465,0.7103408253983305,0.3903376334524602,0.7325386746827209,0.4232976376788352,0.3778508588150736,0.7644966079181381,0.26809237929695273,0.9974583362922971,0.871625711748771,0.5102004706756387,0.7812323324096981,0.48949478567242266,0.5764785841836468,0.5072339812188513,0.45884322121384324,0.6519056862150637,0.4578268555816826,0.6704110712781122,0.2713452691299549,0.4048215367499635,0.607492535903754,0.5359951411195898,0.1296681475601259,0.46417277491124964,0.4150704830668708,0.5211073565814766,0.09263935276666202,0.5614151629059881,0.23304687679662361,0.5183254961092549,0.36341956217120264,0.505131823005172,0.3705654819887898,0.0,0.8959649613298974,0.7193841686892948,0.5628291212263106,0.7290076963108384,0.47362343668669216,0.466760826368305,0.5528590151758966,0.34208451432806,0.5153048268873276,0.42033561747091774,0.6063974307246027,0.5745523322518855,0.5225231190105647,0.5299425369129804,0.3940093439583328,0.0,0.722419488026296
0.365723915280724,0.32578831127471664,0.2571172469033351,0.4317874547343571,0.35388698415131026,0.3302724771632772,0.600007603247461,0.21456119169856322,0.3085270552814754,0.5938749639702605,0.0,0.5075785484899251,0.5931640485388661,0.4343863065268365,0.0,0.5077034503434266,0.46593617305364277,0.47083227421303653,0.31551659327333537,0.44863178023948014,0.499580144622285,0.3621560124113167,0.16597583804427002,0.46916405132860023,0.5403165719518428,0.5605792118257571,0.5174494631452042,0.6045902031715926,0.4340143509967208,0.4989797882365841,0.5132411011488415,0.4625209789872678,0.41492072976106953,0.5324641603783894,0.5593024354188867,0.3715949148942807,0.66569011075676,0.5962937915069182,0.16491736233689352,0.5376530758368477,0.46513632964985974,0.38952938662417086,0.29764271894415173,0.5568385758212999,0.16861875743699595,0.0,0.0,0.4227659435211616,0.47303006194686226,0.38753943045434586,0.38282070912672717,0.46540096768218225,0.2610122622820614,0.30042395855136717,0.39915215180747826,0.19684276556744984,0.34812403487106397,0.5209816666423965,0.23912117895508803,0.0,0.0,0.0,0.0,0.3701653746211704,0.33769545879027274,0.0,0.6605791505634538,0.4050421610849868,0.0,0.0,0.8620488238562002,0.36026978685637456,0.45832304503609067,0.3506376951599609,0.0,0.522974448225259
0.6174788029834303,0.432886011625531,0.4967519986494422,0.3149281529769298,0.5250037570550086,0.6382010350660744,0.8120601517273831,0.6739095134265534,0.6185385711805745,0.49624960305898363,0.5075785484899251,0.0,0.4473393511886604,0.5979372278971689,0.3997159477256238,0.5996371911192715,1.0551336315718114,0.7365109170792314,0.47368877244582697,0.5724386270694078,0.7964407361863823,0.429295982221818,0.4854479701102993,0.462080623999517,0.9491476593925423,0.5144324191996847,0.4799757163662173,0.6085806685610684,0.5652044330081168,0.2914597879092364,0.5178802903662044,-0.03254256430545621,0.7496206368176772,0.528381743508852,0.42850280949452974,0.4530015127077741,0.3398294888432513,0.3826500300097694,0.9367405138828402,0.3902479212172673,0.5596357972558295,0.22594246174555277,0.3797117208706091,0.40518242402668625,0.35354165750288774,0.048156792139785465,0.5698916072166714,0.24129527494589414,0.19782631927352554,0.25641236437340537,0.3537790980802775,0.46132430573431055,0.2552763679324669,0.3786165264104939,0.5047834773228945,0.21497764573809025,0.5537308825368538,0.5868884936528894,0.6809513844552078,0.6314320797348068,0.5238183972710495,0.6648216735790633,0.6643529028473769,0.34675371823736395,0.7468534402856715,0.7575181717792776,0.4293829560966992,0.5151355812237939,0.3932613860418523,0.5504388413667617,0.5460385180346009,0.3119297468954505,0.6858282035610397,0.4275970918529914,0.0,0.7389026978434716
0.8547957815985243,0.7248356813028849,0.8029443566390766,0.6383430495592735,0.7527623894941708,0.7059314933228196,0.9348808007528855,0.8205500012102516,0.6685503697661549,0.5995889517231989,0.5931640485388661,0.4473393511886604,0.0,0.5706423852060722,0.8088105678454224,0.7591466025699726,0.5642755052470712,0.689464281145951,0.6210823969927092,0.8195322230194455,0.840210642979263,0.7132826378202394,0.88241077839707,0.3621955160247067,0.7470596925282321,0.8624471418054442,0.8063720660378715,0.6711408929973895,0.8417853112251836,0.7664391409493947,0.5194196820366485,0.5041857969530223,0.24119050178009938,0.44172383627867223,0.6634410327767912,0.5790350622856908,0.14772995137470235,0.44859270044790606,0.4369966315980848,0.4311224245476525,0.45060502648454714,0.4915211749039735,0.551024829334493,0.35504660361077484,0.360670080197215,0.5726174350746384,0.6135801843811565,0.48336306379087507,0.0,0.5851148410611056,0.792908454883625,0.5183925064188581,0.7191068215501875,0.6462983614759928,0.4890425542351923,0.42674315595415263,0.42461393349575294,0.5409578518987704,0.37892110971883186,0.4468885239803535,0.4580158268315926,0.37713765109343755,0.5516341784556302,0.48490035633313794,0.42865523114837456,0.5524207416628235,0.498897925121586,0.7163591656368001,0.49653046297797415,0.48274609909996585,0.4637166714507438,0.7248023251090439,0.5318788783220614,0.49703687894003235,0.5112904434197056,0.4913946483982735
0.42449737311152286,0.4730795839120752,0.31893685448882014,0.5864353409374926,0.601504251002475,0.5630385765715196,0.42720697012916575,0.5277080877312096,0.43218684932894297,0.6467235429762855,0.4343863065268365,0.5979372278971689,0.5706423852060722,0.0,0.5258816627407503,0.5560460256614291,0.4606430437681474,0.49609111441549825,0.4238922499925886,0.39101701678246326,0.42597936659969093,0.25059739822291294,0.537018091530824,0.5932383088222616,0.5222209084180462,0.40448050928807866,0.5196746614331765,0.253135860266683,0.40373721889644953,0.742141646803224,0.2759857239498142,0.43768966523404396,0.2518683942691139,0.6714359390436291,0.340915190925115,0.3644471180897567,0.29492498683087454,0.3966388269567917,0.6977499116464293,0.0,0.690918790849186,0.8117300166541924,0.3748788944397308,0.46695564679412044,0.0,0.0,0.0,0.4784545631673819,0.0,0.4816801957216858,0.43801942123881715,0.4717397007416932,0.30078878846667223,0.4672297712320457,0.0,0.57372321564258,0.39167803922561817,0.7149337974118164,0.41870265273938667,0.0,0.0,0.0,0.0,0.4777226852521005,0.0,0.0,0.0,0.19297573459067816,0.0,0.0,0.0,0.4993318650157952,0.7079752702863593,0.0,0.0,0.0
0.4070186505789891,0.563335049209424,0.35195337836037355,0.569559737237794,0.4400006109865685,0.7362665664473705,1.2952944617536817,0.44232675076990735,1.3229000325263556,0.4790878434102795,0.0,0.3997159477256238,0.8088105678454224,0.5258816627407503,0.0,0.7419204964368458,0.4236623039951087,0.6520790126600302,0.0,0.6544679969843685,0.3797222708419342,0.6846794857183587,0.6408863134329793,0.3177993388420321,0.6455634258567515,0.6481148721326135,0.592171073318259,0.5039963367567952,0.4878013548540162,0.3183475170702984,0.5831459259480322,0.38307483612396404,0.5479580448875092,0.6402528962884885,0.6044105602345603,0.51020377128085,0.3651083703122484,0.3728005054814225,0.3895509346088765,0.4778322252754075,0.5439228258644432,0.46250847841304804,0.4368317418632538,0.6255448694213075,0.0,0.24127431352604473,0.576626085998148,0.44021931238140233,0.0,0.0,0.563072078120024,0.661442312687512,0.5098883640801685,0.5035138833806705,0.0,0.0,0.6257955691207953,0.5308164071971564,0.4742369736863222,0.5515085071321735,0.47646336280076723,0.6061260003134845,0.7441271630182491,0.0,0.6440168926428556,0.3609227764696423,0.6206144471911111,0.6517375658953394,0.443289943728164,0.5812835205234982,0.43833450176022615,0.5517987681773734,0.43700509184534986,0.4374564898606732,0.5046076081017994,0.1792760694780705
0.9075142771727346,0.6688775859462506,0.36842899410989294,0.07916838740694646,1.0713102566864656,0.6273512880210164,0.8185775055903995,0.9035900548357361,0.717345503194226,0.7656625650833773,0.5077034503434266,0.5996371911192715,0.7591466025699726,0.5560460256614291,0.7419204964368458,0.0,0.6132771266674558,0.781446582079668,0.44964988523417865,0.5478162329441566,0.8231954468631857,0.637827683021122,0.8123079266512618,0.6532456537513236,0.7748242532336207,0.8909543737793122,0.6608288156521696,0.6018841773307155,0.5376373462422733,0.6184304980218842,0.8063906327589987,0.5815875995339465,0.7556153632269169,0.6367368001908139,0.6498084728762422,0.6096605266365493,0.32783844724973055,0.5826347339105342,0.8045779005534187,0.8244024203211412,0.8929955147212211,0.7284414388507692,0.47557234191277376,0.0,0.0,0.6918242461903286,0.8935735503642257,0.0,0.0,0.0,0.5252697353698681,0.5799255967604873,0.8699570927922139,0.0,0.5843781519692188,0.0,0.40996005015255643,0.6074229766418838,0.0,0.6506822980786171,0.7614395598213725,0.5771136257994116,0.6543807984884609,0.0,0.7165090815808822,0.7380494393715584,0.8539468910688132,0.7512080293571808,0.38067207071722653,0.8325746150287472,0.8567278303804539,0.5771811532034735,0.6280549416502745,0.8856306928426692,0.0,0.769306441485327
0.6052274293127755,0.5975511559428068,0.5361010079885979,0.5182071767734668,0.5173221635417755,0.5182645887215087,0.5545684937104701,0.44355988771006793,0.3864370331512783,0.7653372064443298,0.46593617305364277,1.0551336315718114,0.5642755052470712,0.4606430437681474,0.4236623039951087,0.6132771266674558,0.0,0.684849871356053,0.5378772380952702,0.38577097676363065,0.8839825696164139,0.6049050085898999,0.4555823487740307,0.6848093948232534,0.7582306208434153,0.7297166857340313,0.5510747606405016,0.8935266794670995,0.30490700928794023,0.5355345117138463,0.7412905643010363,0.5661677744932136,0.857380527016455,0.7639461875347351,0.44387122612974206,0.50446661470123,0.23946246543888128,0.49461772241228774,0.6388909441278348,0.563605177181971,0.5574856013623346,0.5855705717187644,0.0,0.0,0.49763318307177695,0.8949041647882133,0.65845599820102,0.0,0.0,0.0,0.0,0.0,0.0,0.0,0.5997430426998187,0.0,0.5793712475392934,0.33017209801492486,0.0,0.7915548983098144,0.4663012267968083,0.7458312582662987,0.5692345066974475,0.0,0.0,0.0,0.5554890418278825,0.0,0.8564800349307868,0.6547631373395733,0.6087477479267012,0.0,0.2692144144524256,0.46065857916713204,0.0,0.7081993654746819
0.817245985371052,0.6065091439153748,0.5134809987630486,0.481508347610221,0.3475479489379055,0.6004551824833617,0.6751576007457435,0.6840476875479757,0.5653742222460933,0.6152606626384802,0.47083227421303653,0.7365109170792314,0.689464281145951,0.49609111441549825,0.6520790126600302,0.781446582079668,0.684849871356053,0.0,0.47868873964933456,0.548624855246213,0.7822046450189433,0.6003260906587692,0.7223454839796375,0.6718332729121619,0.762487859426273,0.7641129186739923,0.6886913890931958,0.5984998972435764,0.5412435895709996,0.6553267921962905,0.603946243563797,0.5967458232804548,0.8254749588214769,0.8156887156312794,0.5255273351230765,0.9006475461894294,0.2418068835246852,0.38840174542551453,0.6971631101151758,0.5219134505251058,0.6857104729234286,0.6738034916861336,0.0,0.0,0.5994678471836627,0.7932095664951585,0.8566071557089698,0.0,0.0,0.0,0.4576271531044642,0.5334380651328167,0.8507030368780437,0.0,0.6586375250157241,0.0,0.6140245581906207,0.4941284533484331,0.0,0.5301642650614702,0.7108794141137353,0.4520018163472667,0.5259510385638375,0.0,0.4910634164553339,0.9297531156874862,0.7409729660835718,0.719683494844304,0.5498403001345576,0.6930098191207217,0.7224487969723943,0.49186992201976826,0.6870684929551498,0.4835036608956176,0.0,0.6505153546929304
0.0,0.60789035437076,0.0999930954517321,0.451673217163619,0.42328298454850244,0.5249446151415281,0.5892054363490922,0.4415164607975113,0.24457664635593873,0.4865203931496157,0.31551659327333537,0.47368877244582697,0.6210823969927092,0.4238922499925886,0.0,0.44964988523417865,0.5378772380952702,0.47868873964933456,0.0,0.5365835282382366,0.4508465609142037,0.665380057748101,0.15396158406288604,0.43271813637108025,0.5090184265145231,0.44453785873612134,0.2941052830836778,0.6277851910032017,0.5988372561159511,0.5885755670316473,0.5841506487660076,0.572918368766266,0.4522049644902265,0.5888184092115121,0.39788719207804435,0.46345292366521484,0.4891725953210176,0.22421322811722957,0.6868108786261349,0.3913072926249436,0.35980511199995857,0.16625494199379157,0.6324974261683478,0.3358714492974373,0.4036205355333027,0.0,0.0,0.5681053567962966,0.0,0.49218002479402506,0.4892406032671805,0.46129399182186914,0.5418705458078703,0.4352764468007702,0.8444749736131614,0.38062834103125753,0.475364669393505,0.41704224219823277,0.022437325153556675,0.0,0.0,0.0,0.0,0.5408012812281802,0.4704211320710926,0.0,0.49412725268394225,0.6161898809691142,0.0,0.0,0.0,0.654082323921611,0.4860227832184,0.4317378440338698,0.45733090630982187,0.5372766169071959
0.49118810093792065,0.5579406646940881,0.36138148921132784,0.5483978379821752,0.7743471516069425,0.657369416880093,0.8208384715532223,0.5928230690512006,0.8380449472126813,0.3804917018489622,0.44863178023948014,0.5724386270694078,0.8195322230194455,0.39101701678246326,0.6544679969843685,0.5478162329441566,0.38577097676363065,0.548624855246213,0.5365835282382366,0.0,0.5071035450402804,0.617509132493621,0.7441328496949311,0.5505462802829202,0.5467250783354265,0.7023694364625914,0.49168405859201525,0.6108744891437092,0.5431637179870792,0.5217736571155761,0.5862489215512252,0.44578401140779167,0.5970675995412448,0.6895848127347728,0.5933545358037104,0.5752735421752837,0.38488068386638696,0.7557935616908205,0.3830076346388419,0.260179620834009,0.549229628424899,0.3547407466789989,0.4976748682289754,0.2291945280192474,0.1791099572130086,0.42818749109488274,0.7716974878400815,0.4362185640389528,0.0,0.0,0.6538595639497902,0.6230104000765302,0.6145940827943083,0.3956215435768163,0.9273914108346217,0.0,0.5083089302508597,0.5561553059463661,0.0,0.432792160575066,0.5419932252103359,0.48005899789331374,0.5821917571123794,0.0,0.43453452687435246,0.3700964633427567,0.5149545181311288,0.5075984291000004,0.0,0.5821402690010955,0.43233008901478603,0.4935683459517167,0.42594957675064454,0.4700805414521302,0.3904459036877146,0.409689272391646
0.4405405141350729,0.5348292297731911,0.330207587476886,0.4678454361351593,0.4504768111528531,0.7419553095465141,0.7478780292502369,0.5629651074818159,0.35082265068916374,0.9661082709585926,0.499580144622285,0.7964407361863823,0.840210642979263,0.42597936659969093,0.3797222708419342,0.8231954468631857,0.8839825696164139,0.7822046450189433,0.4508465609142037,0.5071035450402804,0.0,0.5814255910062212,0.6243530390480592,0.5130477786150032,0.7432183982242359,0.7402270759120385,0.5951125936127155,0.6431638911397667,0.5835449036177008,0.4342450248054066,0.6439069460488007,0.3671799638976258,0.5478266988787512,0.5227887529773394,0.5395451325292554,0.3815307798671761,0.3074470001689239,0.5293620399627629,0.5102505530396915,0.6626266676204366,0.5679734892451985,0.5173206704183497,0.5555783388714521,0.0,0.0,0.5583541631179557,0.6836028671691465,0.6137412101251889,0.0,0.0,0.6898374150079588,0.3540651892026642,0.48376972794952827,0.46744056481920426,0.561682712162044,0.0,0.7456464711099944,0.41688798397613663,0.0,0.36480198525669877,0.5665264928587661,0.0,0.514309642009697,0.0,0.556374191493124,0.5646712379765286,0.5786528157256822,0.509730724978566,0.7781503354977011,0.5299408593824653,0.6751512679632383,0.5000388729047203,0.5492880257275856,0.6242736371470304,0.35168763823091775,0.3524866041749357
0.5503661928231757,0.6548187744056226,0.5297163477686567,0.5130166195161929,0.7137647942305625,0.5913611635693692,0.7921372886490292,0.7975066346299085,0.8376350397320198,0.48694419139999673,0.3621560124113167,0.429295982221818,0.7132826378202394,0.25059739822291294,0.6846794857183587,0.637827683021122,0.6049050085898999,0.6003260906587692,0.665380057748101,0.617509132493621,0.5814255910062212,0.0,0.7874326018438971,0.49046602322470884,0.7139185213091099,0.8970225967282155,0.5700090640145208,0.6376543659122724,0.46532961016258,0.6113541321812967,0.6603426059320596,0.5679309438827578,0.610192859525986,0.8576177717768723,0.7137924066844628,1.1938806214536735,0.5339651052463195,0.5292985286046834,0.5657546867430415,0.6676031731748848,0.6666841483429921,0.552397203140483,0.41866338861333974,0.34107947484245876,0.22694601212879065,0.7469958448589253,0.8131435036324579,0.5688688780193106,0.46957054511956065,0.23738852841191335,0.782579010169917,0.6105875308240103,0.5956641311735269,0.640665483488787,0.38153542290473536,0.0,0.4854465312967205,0.5781705663003887,0.0,0.5688638018983065,0.676554267999184,0.4286614927373149,0.6286514042384401,0.0,0.4871132380612961,0.527264410737635,0.5962111054271959,0.5109541345862249,0.7145402385321726,0.5722521913908013,0.645996771381447,0.5144345200677839,0.5398834620714682,0.6284554345468059,0.5542884643845429,0.5905150632297996
0.5429728284495308,0.7008151463175163,0.2826772841163803,0.5568462218396736,0.5928935227557747,0.6272659763357359,0.8524737187137208,0.5363482951985542,0.6413237075967227,0.4583551805539817,0.16597583804427002,0.4854479701102993,0.88241077839707,0.537018091530824,0.6408863134329793,0.8123079266512618,0.4555823487740307,0.7223454839796375,0.15396158406288604,0.7441328496949311,0.6243530390480592,0.7874326018438971,0.0,0.5950902115967969,0.7140422851840873,0.6343838780398529,0.5064883924078433,0.676660974576496,0.7173544373956656,0.6671760162516205,0.6691503963232763,0.5834770600184761,0.6240383813877173,0.7056694230765994,0.7160676624594529,0.45097325699610163,0.6555625860100601,0.41375339849901016,0.5867892466552007,0.5761489785232374,0.5796175463260724,0.5894489259291142,0.34806999639670466,0.5650502751473379,0.48282718317066553,0.4344422368044787,0.42453263689759757,0.5521159728149203,0.4670612365023916,0.5456756878905105,0.6674061845753214,0.49037311876752643,0.641573338752526,0.47965895994194524,0.5523126489320043,0.5407662070381469,0.4403439717245573,0.49658442220509885,0.45020652329812205,0.545956171817692,0.6328627786835652,0.46676082636830285,0.5565588430223746,0.6063412802442982,0.612662066430953,0.5552586004036401,0.48887533834492153,0.7345404229395085,0.20721581629922725,0.6343402811970151,0.5812387876853558,0.5583050535762267,0.5138817177767598,0.6155257459662881,0.5146143906218827,0.5306329082070376
0.628791662235323,0.46003328396298615,0.39423428034460106,0.2082439344699663,0.5187615253197073,0.2985579329410729,0.3913242432466652,0.500726073015275,0.4594467681752399,0.5090130047027667,0.46916405132860023,0.462080623999517,0.3621955160247067,0.5932383088222616,0.3177993388420321,0.6532456537513236,0.6848093948232534,0.6718332729121619,0.43271813637108025,0.5505462802829202,0.5130477786150032,0.49046602322470884,0.5950902115967969,0.0,0.7290361872489388,0.4641559002117799,0.23991389871827,0.6314041400224151,0.5517074970841405,0.8103286741621492,0.5568566063716086,0.04523385813127101,0.5890500096559681,0.34505078880861095,0.2569508123324099,0.34393882561800704,0.34861703134536287,0.5239332449598834,0.7681991734834572,0.6794698662407854,0.6246268281800981,0.6138204485838996,0.6018286964814245,0.3366108813414064,0.5004722485687958,0.5038387443517444,0.506561193698439,0.0,0.0,0.4955104527878016,0.5922022401750109,0.32547130617236814,0.0,-0.021033604034064353,0.5206403494579162,0.5278136171027434,0.5324395998045298,0.4347632927157562,0.0,0.2629881123816965,0.5970132730557399,0.604079956314633,0.6178966409197107,0.45324544988597576,0.3723508905462539,0.42266339896783867,0.19106018934047753,0.8418508528688968,0.4602462604392663,0.6366843905959406,0.570166654478787,0.5573229123839544,0.4247602391994335,0.5678534424935219,0.0,0.5756109617073716
0.6488768678500785,0.46549694107747436,0.5552894168197494,0.8652474943694948,0.4219756197278454,0.6801237732400324,0.7273090066001806,0.666167361155018,0.8386641871555535,0.8113928269839465,0.5403165719518428,0.9491476593925423,0.7470596925282321,0.5222209084180462,0.6455634258567515,0.7748242532336207,0.7582306208434153,0.762487859426273,0.5090184265145231,0.5467250783354265,0.7432183982242359,0.7139185213091099,0.7140422851840873,0.7290361872489388,0.0,0.4755084265307946,0.7415416492143969,0.7390126497251782,0.5477190187950615,0.38676070462570966,0.7777352645011397,0.42368846027821666,0.9184479220510062,0.699462739725031,0.46161831019572325,0.6603503009434473,0.5917010098131805,0.7954063056620233,0.6660560935072151,0.6472160269655246,0.7857206147986883,0.6758354514873104,0.09616369506749783,0.0,0.522703033034076,0.7893338420668582,0.7807375373127481,0.0,0.0,0.0,0.540315526922303,0.5125617318864586,0.6411912754019233,0.43188908505065876,0.6657366824408852,0.46494935559420614,0.7101934264252787,0.43676828378768673,0.0,0.5409373962343192,0.6413966848682531,0.5147769835365021,0.7078892348521927,0.0,0.6781420837381611,0.6338378521709618,0.6557803693190931,0.5323478098417549,0.6747474522203525,0.7175458672762758,0.7026063024291417,0.47511226523863714,0.6365118564407151,0.5218844637405544,0.0,0.6576519753282107
0.8483620704400204,0.4607804214623715,0.47683812973762923,0.60919642894171,0.35753545403572545,0.8555951561636171,0.9040195501888758,0.6924569767791913,0.9888282397170411,0.7103408253983305,0.5605792118257571,0.5144324191996847,0.8624471418054442,0.40448050928807866,0.6481148721326135,0.8909543737793122,0.7297166857340313,0.7641129186739923,0.44453785873612134,0.7023694364625914,0.7402270759120385,0.8970225967282155,0.6343838780398529,0.4641559002117799,0.4755084265307946,0.0,0.7208713091025505,0.8285283273438101,0.8156070443419685,0.6378322138703783,0.7446865862697215,0.6309372520951578,0.7285232823396576,0.7375183176065527,0.635258804207516,0.4182971444414254,0.4261179319187951,0.6732607087165524,0.7028684541033723,0.6805871013527127,0.9400060677115837,0.5799297529288963,0.20716951135679287,0.5428329414110181,0.2307831731571935,0.7294047979470113,0.8054209911210577,0.6475715071577797,0.0,0.006566161874476282,0.7767258104193926,0.5000854072825176,0.512438585174538,0.43111720580959556,0.6541706577811981,0.0,0.7141842041530575,0.6107526064509321,0.0,0.628580675541659,0.677190241604679,0.5716678458115353,0.705683606900473,0.0,0.6506530722353635,0.7073341694794002,0.7852563994455436,0.5720921104256982,0.6534221972366802,0.7252541621717874,0.7614351657417128,0.6276710131790635,0.6246431576337912,0.8687193137580471,0.44531157560742274,0.6359618956694882
0.5396940396837437,0.6839511882693039,0.39603675563720986,0.7153677440854674,0.4597596572303641,0.5315836609187062,0.7400853953506519,0.682975163385998,0.5866051999735526,0.3903376334524602,0.5174494631452042,0.4799757163662173,0.8063720660378715,0.5196746614331765,0.592171073318259,0.6608288156521696,0.5510747606405016,0.6886913890931958,0.2941052830836778,0.49168405859201525,0.5951125936127155,0.5700090640145208,0.5064883924078433,0.23991389871827,0.7415416492143969,0.7208713091025505,0.0,0.7466899734366885,0.4909612044814068,0.7033504842832211,0.7002277709649145,0.5529819021052357,0.746776310238376,0.7438198540126717,0.6516210860309315,0.47863184325693,0.6985337666384512,0.3867316653600123,0.5019730764646886,0.4028174579156697,0.5506216326193627,0.5837636909036197,0.5218357870564452,0.5296433538491476,0.3898969589271163,0.388336980614575,0.45592249238021687,0.43436443112891643,0.4852751471176553,0.5917719624572605,0.7048181120810265,0.3531717849961997,0.6382014518226223,0.49297976132593324,0.687812887048135,0.5372582378573809,0.3573587037948574,0.5081581438765934,0.5102094131165651,0.522103231748195,0.6089758500909344,0.0,0.385613415191873,0.629104589007036,0.5229631304533515,0.6915103502461564,0.5684288913284274,0.6670400113004938,0.0,0.5895987348111141,0.5668343399652667,0.6469230261794712,0.5250513901359642,0.5703981794028835,0.41733935382906173,0.49945570497074365
0.5387144270152755,0.6514684332845586,0.769557971427022,0.38554976196742907,0.7820280678842914,0.5494440547574776,0.4977866185402983,0.7864982443378583,0.7347381713232983,0.7325386746827209,0.6045902031715926,0.6085806685610684,0.6711408929973895,0.253135860266683,0.5039963367567952,0.6018841773307155,0.8935266794670995,0.5984998972435764,0.6277851910032017,0.6108744891437092,0.6431638911397667,0.6376543659122724,0.676660974576496,0.6314041400224151,0.7390126497251782,0.8285283273438101,0.7466899734366885,0.0,0.6191706910087078,0.37402766492699724,0.5026400194822698,0.36532561606753944,0.4181376245999607,0.17257698687999753,-0.10772449959208319,0.44424405621605534,0.24840235675849098,0.5897318234726834,0.6252623649389887,0.26917837922326027,0.4434128307198677,0.35791709787577475,0.5055294070649243,0.41135790100538766,0.5362002637102093,0.5711669930823731,0.5829126490449664,0.5514069186047896,0.0,0.611813004410217,0.6610110803056931,0.513362767599554,0.664100075548758,0.4999137124499947,0.5529919815915705,0.4462700000291615,0.7294129311907003,0.5196861847411355,0.36142571083751446,0.5697133351799287,0.45596602444073064,0.17648190711268885,0.5598350741439839,0.6566627334302368,0.5686942450038889,0.5071615113183141,0.3845058333647739,0.6302753200728017,0.4886316795772148,0.6070748736270941,0.6742558441948844,0.6743914988773901,0.5270986600429465,0.5497433162537958,0.4821075726044275,0.5061783426834439
0.4883997893742201,0.5403801155057955,0.5885098978389969,0.39040997558677426,0.9637597420829489,0.5181324962758267,0.7958431817906073,0.7263043748440737,0.743918428723799,0.4232976376788352,0.4340143509967208,0.5652044330081168,0.8417853112251836,0.40373721889644953,0.4878013548540162,0.5376373462422733,0.30490700928794023,0.5412435895709996,0.5988372561159511,0.5431637179870792,0.5835449036177008,0.46532961016258,0.7173544373956656,0.5517074970841405,0.5477190187950615,0.8156070443419685,0.4909612044814068,0.6191706910087078,0.0,0.34686294674314266,0.3158556335656624,0.3385789237120943,0.7058637105952439,0.5571566325223645,0.5190847300960991,0.09311841220754058,0.43056163285481175,0.495859735887636,0.41142893925516855,0.4107736214728004,0.49913091443337504,0.44460821093029057,0.3550188015345458,0.507348584530158,0.6264963195925739,0.3958259962096229,0.4204229948376585,0.5343659896113686,0.48859935335012733,0.4133441787427347,0.6012344168694822,0.545189739813275,0.5966008880596944,0.5098629865499353,0.5868481219479693,0.4103256869563435,0.5612927068439809,0.5031576715955273,0.7923951870148274,0.4121167510654068,0.5764549284032061,0.47053004246064134,0.5757048132884091,0.4840476317793475,0.46465789766870647,0.49489600856064686,0.5567446174071304,0.6514513153518539,0.4411544102713054,0.6212198453949018,0.7821008842544941,0.5816369770109915,0.5194134634952344,0.5718223773425593,0.4329535946375017,0.48704040529147075
0.5258047177204024,0.4582966701725629,0.5627775383424761,0.4411442580182314,0.46374458965904275,0.7986606568096888,0.4664571569020415,0.7343562688212404,0.7438848337457515,0.3778508588150736,0.4989797882365841,0.2914597879092364,0.7664391409493947,0.742141646803224,0.3183475170702984,0.6184304980218842,0.5355345117138463,0.6553267921962905,0.5885755670316473,0.5217736571155761,0.4342450248054066,0.6113541321812967,0.6671760162516205,0.8103286741621492,0.38676070462570966,0.6378322138703783,0.7033504842832211,0.37402766492699724,0.34686294674314266,0.0,0.49354640891886364,0.37367020426965986,0.4393902082873793,0.5074367458755511,0.3966329829347483,0.501175062549827,0.2496019125675672,0.43654038669634737,0.5727552432063638,0.4477149931875053,0.47038857889433194,0.6809732312624439,0.6298700786001268,0.04406800653120865,0.0,0.0,0.0,0.1922514634164892,0.0,0.0,0.5105105620616655,0.5192401944103427,0.39951455996284124,0.6681662173732342,0.4672593290367336,0.0,-0.010388941378281155,0.4223990588437248,0.0,0.3945780014708994,0.0,0.0,0.9056973398315027,0.9115223693044345,0.4913399151157408,0.46388625169175457,0.5359108880894563,0.5771702598264183,0.0,0.36097888204535233,0.4660934883325457,0.7512348175878736,0.5270841014743464,0.48956588027187153,0.3822460345337072,0.34390000220883465
