0.0,0.38336643880158927,0.32188767823893566,0.0,0.4280949461054903,0.1260639415858852,0.4169895764606661,0.23198612419218478,0.41035301177175154,0.5501458976501434,0.39914033063162035,0.5008725839672894,0.48228007724677585,0.44855892572704714,0.13466849830856922,0.4863909213230525,0.3676456669187158,0.6685504623484849,0.0,0.22004845283613178,0.16786707035875895,0.24119320641996045,0.2659079972219722,0.45997088856763335,0.3953743184783971,0.4415185957785678,0.13711529187618526,0.38076239346477975,0.4720872029405278,0.5940232917858319,0.3036419441881527,0.3371260368808354,0.2716227886432032,0.15915588855252846,0.3574746689948179,0.6033397283391266,0.48657028238648425,0.42331532263872124,0.25308710430465586,0.4469326303001575,0.3526528326106807,0.4108625172204036,0.4642017499254181,0.0,0.41003863432529164,0.3033138348512289,0.26800913948697885,0.0,0.0,0.0,0.1187945837352874,0.0,0.5366835903504139,0.0,0.9260571568106228,0.0,0.48049706742777726,0.6885196835140184,0.0,0.28252920385776004,0.35068781098020263,0.25470514048400983,0.4821354666479515,0.0,0.22337105345778913,0.34673081238088344,0.3499175012218682,0.11364018293815714,0.5246041028930608,0.4187375419849249,0.43968488361750374,0.19508785653111063,0.40625707984896514,0.48193658870996053,0.0,0.3107334440113496
0.38336643880158927,0.0,0.3834952236817571,0.33427502749050014,0.32454428659947365,0.2819684788391523,0.3151982175615931,0.22802708447747067,0.21875494052265979,0.3795570478571947,0.3203943352984858,0.440584031839923,0.3592682838948089,0.5211346949622637,0.2376816474373719,0.23783087391107882,0.5173441985118372,0.5447082749199121,0.6256558991995889,0.38796129973176713,0.2825157347552919,0.5283604063934499,0.2868730297665245,0.6075401554181665,0.46553997399276503,0.4414621818536899,0.20655720797527094,0.48343453889797194,0.2837133282196209,0.803911481519332,0.44881203116896307,0.3895912754811576,0.37623199258196605,0.4046591198456159,0.5416466767053869,0.6624125069309965,0.25704054680961974,0.0,0.16489336202597946,0.3801264063895883,0.16163450126877643,0.2854364949062367,0.6293527541264261,0.0,0.0,0.18869163348952012,0.26510369872953105,0.05540978126086302,0.0,0.0,0.27563495199866445,0.6073405654840957,0.5504189998781222,0.5546243442666285,0.6000940604383279,0.0,0.423773809722768,0.6040438350754558,0.0,0.3791267781327601,0.30568538560965874,0.586777184512457,0.4776177034215268,0.0,0.21405753365008048,0.26383095272294266,0.40117914847755587,0.3066589704789956,0.2519357025341162,0.3558861126757812,0.2454168331363093,0.2936353472385764,0.5899354260888496,0.39768170012535353,0.0,0.13834204668102973
0.32188767823893566,0.3834952236817571,0.0,0.44203800479935285,0.4842522608742227,0.37818233410024243,0.5517899854075972,0.8362246084311026,0.29460072687972116,0.3886217910057458,0.442057771744514,0.46875549051476106,0.531171055704302,0.8101065550169917,0.31851450084375066,0.3834833562441955,0.6217343356067089,0.4978523711749888,0.4407238492895826,0.3746959242496336,0.30165562116499056,-0.0346505445602478,0.5100148345407158,0.3968497798977833,0.46700036704455095,0.39369291328860795,0.5053301544108179,0.47516594415104413,0.38052990407312903,0.16407002165575693,0.522782035315736,0.4478300432710909,0.44303497203084574,0.5235737342728731,0.4704623203528732,0.7151725265262894,0.4638835455263651,0.4376108939547674,0.6722065488356805,0.4747176991099631,0.8931215127718193,0.5543016988447338,0.3450524824027329,0.6134962035287783,0.0,0.0,0.2017771247005157,0.6803324031052929,0.4765190030066548,0.4045693886984012,0.5818997269864532,0.570688495698181,0.6445185302975129,0.7724634164863184,0.39786102877650686,0.5832895776282472,0.45786869144416154,0.5997435127302069,0.27839437836650627,0.24224025082062547,0.0,0.0,0.0,0.4300973126453606,0.6006131875310321,0.45221652585769534,0.0937591820399373,0.5618922660956586,0.0,0.6215325342076293,0.32938559696614433,0.6759410878624532,0.45112694634251205,0.5897432319614379,0.6958703754613282,0.7358898929195213
0.0,0.33427502749050014,0.44203800479935285,0.0,0.08489195050476228,0.43639342892078725,0.4710387787977456,-0.1597926918594073,0.6104263425361238,0.26241307408813697,0.20118281774307695,0.32875477128604125,0.5399567996332189,0.2172281012557837,0.5216544131459773,0.07080025755054474,0.5492953616286185,0.46552595748213194,0.45406465534439155,0.1719094235222572,0.39794440987041757,0.48502797873309,0.2586178065670828,0.22847395493655936,0.8650144139524791,0.5705937318458638,0.3761271868888865,0.35641253052792515,0.22110170621389888,0.5073904002203086,0.3068642492780056,0.18737078747190847,-0.06107546864239079,0.21787513476222628,0.49929696717270516,0.2044222619808171,0.23190385628736698,0.08919172671370934,0.14833288100708564,0.2875876346336419,0.3878592684384186,0.27330256066210634,0.24425031693487786,0.2250469958225727,0.0,0.0,0.0,0.3869356802058914,0.0,0.0,0.5677799844818937,0.0,0.46246012668442826,-0.0036494320140271486,0.0,0.18987224434304395,0.46434005956126057,0.4482743134576157,0.0,0.0,0.0,0.0,0.0,0.0,0.0,0.0,0.45804453730161876,0.543280045451785,0.0,0.0,0.0,0.48426238909724373,0.5244361630918232,0.5585046522548675,0.0,0.0
0.4280949461054903,0.32454428659947365,0.4842522608742227,0.08489195050476228,0.0,0.4696912697922858,0.7750552564405381,0.09655423331233459,0.3456290362506014,0.6879848028044744,0.49289565009845715,0.5320979229346091,0.8269686986329285,-0.03975881644104906,0.44354589812038964,0.6015862896445053,0.6072234798752827,0.8471373172294723,0.6067140803213016,0.4597735189076404,0.47913637285919686,0.3817123833989244,0.49008526053226864,0.4825964772619513,0.7318485460258821,0.34439487462692253,0.49900404783570185,0.5372667510425395,0.6042728461899325,0.09858375865322061,0.47783259565839786,0.17637486443414302,0.4239287819356634,0.31742325077508604,0.31080255488634034,0.16456231916786487,0.14829573101907778,0.08434636685621802,0.6035858633769007,0.6968645138861618,0.5379242262395516,0.4264480179505513,0.553505355831911,0.6793243854660093,0.2508105403745705,0.0,0.39541790175673247,0.350148306283691,0.0,0.5815052654792755,0.4602765453248966,0.5702834016919898,0.5097641332860512,0.3739548343739681,0.0,-0.007397588660257692,0.33939229449215275,0.6694241953847515,0.4851140878649618,0.25233593128193477,0.4458783014215686,0.0,0.0,0.5898062705031704,0.3589219389651801,0.48922916929551724,0.35507844549712864,0.37802808193756465,0.0,0.4769012689159407,0.5838128469186211,0.45417787038201607,0.5622776650042867,0.4517556312818817,0.0,0.493230970482316
0.1260639415858852,0.2819684788391523,0.37818233410024243,0.43639342892078725,0.4696912697922858,0.0,0.4521952954248498,0.4074088180171224,0.2587628355410063,0.4948317255253063,0.5313835896563947,0.5634703631507086,0.4113912873950448,0.5849538282134151,0.3528830500700073,0.38873593381503213,0.4491656720376453,0.42230470933182884,0.426572128524153,0.37045936686830455,0.39694662800123504,0.2752218355154511,0.3912363613252921,0.2972395479338927,0.36656301418348075,0.4057283482198988,0.2543470554958948,0.6087376684871713,0.40807407450894456,0.2653302668278925,0.6043272158573453,0.3817451707800963,0.36437273270032344,0.5268975465734849,0.4411415107874071,0.6030780894657949,0.578757793504074,0.33069268747158564,0.3900916810832895,0.47993148528183394,0.370017112123531,0.510304524886923,0.7273231868966772,0.5092992303488904,0.2010921416546957,0.10355256428760057,0.4627047270603387,0.43402518206152374,0.5504806283567905,0.41759481510072627,0.4229701366773785,0.5161000330387967,0.339438307391972,0.6773768680320791,0.6620894054476107,0.21516769065496597,0.3104957249569261,0.46317062584650737,0.5455874606939429,0.13964091083344327,0.5387392257808081,0.0,0.5022036210086375,0.7741266785073566,0.22775041265074022,0.2174051099129474,0.16107228061249138,0.3337355162879583,0.5895354365561672,0.4512875933931046,0.2225696984043639,0.452292081756864,0.39985375006828666,0.4262347388747525,0.36014405327739557,0.37348785330689677
0.4169895764606661,0.3151982175615931,0.5517899854075972,0.4710387787977456,0.7750552564405381,0.4521952954248498,0.0,0.38587273394844657,0.4648261040745493,0.7192970947353428,0.6480871625665829,0.3286792458479778,0.696248820054736,0.5660876782447245,0.4730408440820943,0.48601067236720363,0.692255189918112,0.809528188369677,0.6097861296086459,0.39046449061458166,0.3734411806472997,0.3493167987959529,0.43597101437680646,0.40404530871117045,0.5327227649645594,0.3899655775258346,0.4470272189284495,0.830827999043392,0.5371927538339927,0.29125167062470547,0.5379592470169197,0.6545625140147421,0.5746227605624314,0.5265772990749094,0.5951694855580263,1.0293626751951435,0.8595612782052948,0.5903228546879078,0.6079592925469566,0.3976767537996821,0.5897136655282328,0.5423264960832463,0.5927844626819825,0.7815516387371415,0.3181013493276594,0.0,0.5622347382859578,0.3841894565368516,0.0,0.5245634660619412,0.4391150839408966,0.5360934727873574,0.18220854183078194,0.27321467538998745,0.5508328773879385,0.48896866665815,0.4449565037509993,0.45134703870314774,0.40829256093290417,0.3250361575969978,0.5625498104063763,0.0,0.5355080148342317,0.571212862578638,0.571966556313307,0.5041025626558785,0.6045737389452573,0.37107779237447414,0.4742389525609239,0.605772168433964,0.49939899605711324,0.4638557463026125,0.5225554702260523,0.4475159610066062,0.7412734087264269,0.478134939413127
0.23198612419218478,0.22802708447747067,0.8362246084311026,-0.1597926918594073,0.09655423331233459,0.4074088180171224,0.38587273394844657,0.0,0.7126822509282333,0.49659934397536676,0.7008121663001555,0.5872276651696438,0.3868184119298536,0.46568221542648824,0.38842429170962556,0.3252072708923856,0.42010513142254335,0.5252288461967975,1.0243132029998268,0.21608016651642353,0.27473647411067803,0.2042345867654789,0.2901814422105571,0.14489503801747533,0.28540547438731423,0.33427421127668555,0.4773299270710231,0.281115737468713,0.2857369288981192,-0.011971165936038586,0.3826710874547229,0.4093278425293113,0.37088532008780917,0.3648337691903882,0.16406300039388855,0.46894507450689493,0.37918716223484555,0.5651343638857688,0.3457610879126688,0.3666762283953187,0.25899305979232995,0.4747234343481105,0.22501290145033942,0.42382590253920627,0.0,0.5419678690944032,0.686226619369377,0.5134006024225661,0.0,-0.3723462382429143,0.6097383957729369,-0.30740573320852604,0.16081012892562946,0.6576238956927472,0.820266849120422,0.12520916171282603,0.9158766927759163,0.4902313940570373,-0.03591843669564654,0.37162275294450653,0.34690816042213746,0.0,0.6230992311164465,0.3759321585935352,0.16085437395155783,0.37957440568140494,0.30049892431990466,0.21104867395389695,0.0,0.4317180643503298,0.18802656843680138,0.5475480484021544,0.3072404143113228,0.503105500552361,0.47580076679155553,0.4370286633696274
0.41035301177175154,0.21875494052265979,0.29460072687972116,0.6104263425361238,0.3456290362506014,0.2587628355410063,0.4648261040745493,0.7126822509282333,0.0,0.7645962544136243,0.3282560861770557,0.4958772017912562,0.6077898683846488,0.7958914476184081,0.5959854652090785,0.45772873926536867,0.40271972019196256,0.5294770971920346,0.24304743637557322,0.3397939741576793,0.3550390340054177,0.3062259260655392,0.5033823975316961,0.3889444185294274,0.49336868426707037,0.5457007995287648,0.3123727298140161,0.6249634243680505,0.3801898452773912,0.4562640533987114,0.5861603671202296,0.615759724187485,0.4379823262369217,0.6107969606496553,0.4994590218955125,0.6534817655864119,0.5624738916522012,0.4883415189256328,0.7861430661306212,0.4835764185296138,0.45472406705576157,0.4142473500307809,0.5343034327845637,0.44490372816532203,0.27984110042359545,0.0,0.49364394610198753,0.6295638041905676,0.47449133605072513,0.6290383675438095,0.6596563573781191,0.6087026151272473,0.5472378965185231,0.6234562332998224,0.2091254440935503,0.3908117860613922,0.4106637554799568,0.7362448921693014,0.9434351751704338,0.43520020867442066,0.6461575753923774,0.0,0.0,0.6421617071002996,0.5816356414837925,0.7056227920039722,0.5395530876861648,0.5260072173747186,0.32486399853223324,0.531875719719827,0.2646581542432614,0.6735005683319466,0.4715013035617772,0.5317740979206922,0.5106841670415194,0.5782698190833431
0.5501458976501434,0.3795570478571947,0.3886217910057458,0.26241307408813697,0.6879848028044744,0.4948317255253063,0.7192970947353428,0.49659934397536676,0.7645962544136243,0.0,0.5656173984331557,0.5853327766467922,0.8735250714419371,0.6940483101895176,0.4418754513254676,0.544434941080185,0.859610675360711,0.6160656387692762,0.5754422319037035,0.3760031887097958,0.4685786963743723,0.39309756642574245,0.4181325105975716,0.6459557795914846,0.802352463897406,0.6554470535094792,0.3942273167789671,0.7228257972227206,0.7368258101638115,0.3585151309674885,0.8374479919186232,-0.09172067005099616,0.9198805246961961,0.5493957382037892,0.4567063242661564,0.7744945496398035,0.5241637369819236,0.3546160721334407,0.1956845188914861,0.4601150179132084,0.21721745089100375,0.07359298064168948,0.2775470696570779,0.3013107568337615,0.5800374617605035,0.7334558554400858,0.5260062075384158,0.16094657312375155,0.4886034782836779,0.40986174962654776,0.479420193996846,0.40490281714286325,0.5641621134843483,0.20066872240112232,0.6829692164312919,0.45592457019553195,0.7407394388252289,0.5004055833609171,0.0,0.8973823091457795,0.37288045074170423,0.7417502697086198,0.5053687690685802,0.46414689617526883,0.462741438629709,0.5412965768724967,0.3273607758876431,0.5494200816735967,0.3295029591000218,0.7631587136324771,0.7004803362468643,0.5819951063909247,0.486733323117174,0.39254603171631286,0.0,0.7665299536896698
0.39914033063162035,0.3203943352984858,0.442057771744514,0.20118281774307695,0.49289565009845715,0.5313835896563947,0.6480871625665829,0.7008121663001555,0.3282560861770557,0.5656173984331557,0.0,0.5042709863349095,0.5645215082979634,0.7157770045218375,0.0,0.5151827167964695,0.5416623323268326,0.5120610719004071,0.602511721340182,0.44418276534537815,0.4969582721824558,0.38861794626996526,0.6563215840857393,0.41898026378124786,0.6932700364732646,0.5125490379256605,0.47150808931878463,0.5079988737699295,0.37075756587919884,0.5009984110117734,0.4459583618565689,0.283862440705464,-0.2947524469059991,0.3850607077144156,0.38520365408339335,0.35719498362945873,0.5841568474767724,0.22526712322591153,0.5495538669558305,0.5315607620999955,0.5009982236162331,0.4746436157911777,0.5825652044625251,0.549298779294517,0.1910685470815261,0.0,0.0,0.5713413137187996,0.46417482895442497,0.013778509142442885,0.34573722419136715,0.0064159749900805085,0.3567197434917338,0.6320061364320113,0.48277488345765823,0.49310428035487874,0.3999055273442482,0.034142482351892434,0.4625482504254251,0.0,0.0,0.0,0.0,0.575606004979842,0.353866805862874,0.0,0.6602076797077544,0.3220610990992081,0.0,0.0,0.899187814575807,0.5315767290744519,0.43009943363181025,0.3467012801464475,0.0,0.5292603224900334
0.5008725839672894,0.440584031839923,0.46875549051476106,0.32875477128604125,0.5320979229346091,0.5634703631507086,0.3286792458479778,0.5872276651696438,0.4958772017912562,0.5853327766467922,0.5042709863349095,0.0,0.8826226557849299,0.6123859945939559,0.41286096205483785,0.5632352724902386,0.8186029943296367,0.9270649066748228,0.46402673676429584,0.546452390478972,0.4715291857107856,0.42221780373051304,0.40170990443196253,0.5201334329931697,0.7874124364914605,0.4819588435697609,0.4835051467832707,0.509060249209172,0.6130617924912798,0.29585229802451163,0.7987868660503021,-0.07692537442334971,0.6770628796102622,0.4403267502671066,0.2882073124803629,0.21183773899882272,0.1573022315190367,0.1750553589416154,0.48622020539550526,0.3049750129086779,0.37917131980813357,0.20717790079502574,0.3687386314023675,0.41549329134701574,0.5418488563700588,0.3551821445986363,0.5820098991661604,0.25317904740831754,0.1968536760181337,0.2588603819278482,0.33587870804942516,0.4864705397987248,0.22531971628892342,0.387860297748692,0.799889422178234,0.23788349957592558,0.8426313000675711,0.45959900616699473,0.6688238926789214,0.6176824051101943,0.5322810842441215,0.8038477552599506,0.699464498768778,0.3297832084467283,0.7242404166431244,0.7617439306631909,0.39256859345175926,0.5625767885723838,0.38380009419601924,0.8664348202386591,0.7874556902015459,0.3713989323182701,0.5871274139741189,0.4980280207556511,0.0,0.9200033842762352
0.48228007724677585,0.3592682838948089,0.531171055704302,0.5399567996332189,0.8269686986329285,0.4113912873950448,0.696248820054736,0.3868184119298536,0.6077898683846488,0.8735250714419371,0.5645215082979634,0.8826226557849299,0.0,0.6230159075122361,0.38457913555133744,0.4996460714455619,0.7010977343869069,0.6358757177003356,0.6445286068775988,0.40547229540535223,0.43441219894179656,0.35731576543131044,0.4389429521409489,0.6691490059053282,0.6747696607946808,0.5350395866622328,0.4790891189677884,0.4561413174534136,0.5991763595482521,0.14730465238763724,0.41621740038831023,0.6823663846509029,0.6292691126648289,0.49965354166428505,0.4627378138126312,0.7870434904127748,0.5546863500106078,0.604169285519395,0.5048467321366688,0.49216228935661477,0.5252955305413016,0.5547670253276742,0.5622075424170047,0.3931922477697434,0.3683824514433742,0.5820127301858827,0.6315201780246766,0.4420991256013981,0.0,0.6430728434424402,0.4686758432067642,0.49457313401162994,0.2785004408691356,0.5295382762344202,0.4937066605495009,0.4273164060792689,0.43838740662072095,0.5435019942075068,0.4456020280281502,0.4255785370873817,0.4938497218935082,0.3771452379108823,0.5296214235618533,0.5235119607655756,0.4077431156501576,0.5526773613993761,0.5180299584566389,0.4184930244062881,0.46992635432523266,0.45275426414120523,0.44769545058480675,0.5142811771792472,0.5088102936713284,0.3578666697076449,0.5027703844328775,0.48599726848363517
0.44855892572704714,0.5211346949622637,0.8101065550169917,0.2172281012557837,-0.03975881644104906,0.5849538282134151,0.5660876782447245,0.46568221542648824,0.7958914476184081,0.6940483101895176,0.7157770045218375,0.6123859945939559,0.6230159075122361,0.0,0.5032635559182992,0.5533617136165674,0.4503365483305075,0.5013409946673502,0.9532906099264975,0.38291901768831504,0.4385594992891176,0.24924818270297516,0.5985560113321551,0.6106025596773226,0.5136543828128266,0.42727948420254347,0.5698066549803313,0.1490913958931885,0.35631028698060924,0.7763707691766353,0.35749220437963725,0.1267748274277865,0.23704449725148857,0.6732344899749004,0.004843579922612751,0.22684335476344747,0.2510102481337326,0.4071337260029797,0.70021206492342,0.0,0.6848622382945687,0.8223879775800169,0.6288200615988189,0.47569419049651873,0.0,0.0,0.0,0.42013502310347667,0.0,0.5006277316478027,0.44326577607336914,0.4576610660335478,0.5535192674549164,0.38430803175220657,0.0,0.5184095851712873,0.37621469945893943,0.6973238444960661,0.41383307526818885,0.0,0.0,0.0,0.0,0.4520238825652435,0.0,0.0,0.0,0.5846787343028214,0.0,0.0,0.0,0.46525526236748815,0.7384361764419403,0.0,0.0,0.0
0.13466849830856922,0.2376816474373719,0.31851450084375066,0.5216544131459773,0.44354589812038964,0.3528830500700073,0.4730408440820943,0.38842429170962556,0.5959854652090785,0.4418754513254676,0.0,0.41286096205483785,0.38457913555133744,0.5032635559182992,0.0,0.30583766748801033,0.34218483033105274,0.40481547594094247,0.0,0.5479327675199632,0.024070140508235804,0.15081824079483952,0.23061016968235665,0.27168034750769937,0.33069723912496285,0.019880314940466465,0.09316868161692354,0.21905854835602437,0.22998827755128282,0.38318402013434716,0.09611770479307691,-0.0024819123608931792,0.21757617271345908,0.08667957035543006,0.16093884951755383,0.23863478821077638,0.36070024583513516,0.37184037178550744,0.09549930535062681,0.37783872986313377,0.16777370180571957,0.19848113868682743,0.4597166872140409,0.5743201524923536,0.0,-0.013989397711355489,0.18945980461019568,0.4502029544677466,0.0,0.0,0.16994142899432169,0.6952737806143072,0.14790007014223017,0.5459886308795346,0.0,0.0,0.6727553662973957,0.5145049235437442,0.4679514670934759,0.41588560726506446,0.2785022015423283,0.6226690782326182,0.7026153482991535,0.0,0.3218535715333348,0.07177283959984065,0.44542957063648314,0.43977190135127675,0.4372593698865129,0.5603055645668407,0.15635262605238817,0.2447239805469661,-0.007844186986234458,0.2192045036584756,0.4824279048997888,0.1345553352709553
0.4863909213230525,0.23783087391107882,0.3834833562441955,0.07080025755054474,0.6015862896445053,0.38873593381503213,0.48601067236720363,0.3252072708923856,0.45772873926536867,0.544434941080185,0.5151827167964695,0.5632352724902386,0.4996460714455619,0.5533617136165674,0.30583766748801033,0.0,0.6855307596835163,0.9230968470415115,0.4425221919073721,0.4852641121962129,0.34523095756083716,0.3078797445044982,0.519005336129214,0.7334846599376494,0.643702171341047,0.5021708765107789,0.4821854349690937,0.40484507729035774,0.40261086525393247,0.4096541527440096,0.5002546718294716,0.38531981152630773,0.4422396304822548,0.2009967327707992,0.6101447243484213,0.6513815690468041,0.3731082357810985,0.5861053071647992,0.38256468764896323,0.4317201094643649,0.3852478934663266,0.40004046974617913,0.46819444832293033,0.0,0.0,0.2910129987265202,0.347265637436209,0.0,0.0,0.0,0.5046475137775817,0.5828003984146548,0.8542331181248481,0.0,0.6079013939992262,0.0,0.4877270225005343,0.5600174832513073,0.0,0.3618690956169067,0.4253446014581132,0.5877167239442856,0.6439073858809519,0.0,0.3434879315042723,0.5411573460864622,0.38576270364964116,0.6105469949830171,0.7493640947854197,0.5314781642097315,0.4618268776991222,0.5835887598279522,0.5508185640542183,0.5340982614379679,0.0,0.344540322265039
0.3676456669187158,0.5173441985118372,0.6217343356067089,0.5492953616286185,0.6072234798752827,0.4491656720376453,0.692255189918112,0.42010513142254335,0.40271972019196256,0.859610675360711,0.5416623323268326,0.8186029943296367,0.7010977343869069,0.4503365483305075,0.34218483033105274,0.6855307596835163,0.0,0.6539880786060681,0.6750258204212256,0.3528173952202522,0.49471835426358535,0.47744896961018674,0.49050122030990634,0.787573479673827,0.9144661849127419,0.7205185996128789,0.5274950276127215,0.7238208804299657,0.2858188349670839,0.4675335907919643,0.7864464660239142,0.6247004408336344,0.9067929426172031,0.7784420430402885,0.6749029661516032,0.7865334699099329,0.2384447405873127,0.7607107148354888,0.5388651313425203,0.5311317580011781,0.5483953711368781,0.5796307967839536,0.0,0.0,0.5150495646038384,0.6008452161285374,0.6138093926510655,0.0,0.0,0.0,0.0,0.0,0.0,0.0,0.8260751463731897,0.0,0.94344341442688,0.294702936721742,0.0,0.7383457740509429,0.48015672172249846,0.653592977616818,0.5402415041393894,0.0,0.0,0.0,0.570520157847108,0.0,0.35458993474914063,0.7908922991608669,0.7570859222294839,0.0,0.28289764208645096,0.4723923287181829,0.0,0.639203358039288
0.6685504623484849,0.5447082749199121,0.4978523711749888,0.46552595748213194,0.8471373172294723,0.42230470933182884,0.809528188369677,0.5252288461967975,0.5294770971920346,0.6160656387692762,0.5120610719004071,0.9270649066748228,0.6358757177003356,0.5013409946673502,0.40481547594094247,0.9230968470415115,0.6539880786060681,0.0,0.4713158629880789,0.6237347014518082,0.6203861739277783,0.6224224848449483,0.5764411064401593,0.6811763367285428,0.7843719350295598,0.651918272726707,0.6465296358218857,0.4708258846387281,0.5902176848067222,0.38393708490296263,0.7199709086387849,0.6584492357797295,0.8094731073160615,0.8777068550796652,0.5144083583378847,1.072587083439476,0.25724118199755325,0.7581658613679235,0.8643328373710354,0.7784423257730109,0.6146402869055538,0.9130803877403662,0.0,0.0,0.5782144821631217,0.6940336094087891,0.4927886402337599,0.0,0.0,0.0,0.48098524514838553,0.5641334751872702,0.8671669607779819,0.0,0.8262966663528686,0.0,0.909780038025739,0.5291147327339629,0.0,0.5401624399931771,0.5390232479629895,0.7410861772555442,0.6097834033517445,0.0,0.4502201983645441,0.5674670747195825,0.6540545726547042,0.6948945808012892,0.99766625075939,0.6703347731338605,0.7616444553805262,0.439821165593124,0.6553715627147818,0.4015494969052999,0.0,0.7944378690013096
0.0,0.6256558991995889,0.4407238492895826,0.45406465534439155,0.6067140803213016,0.426572128524153,0.6097861296086459,1.0243132029998268,0.24304743637557322,0.5754422319037035,0.602511721340182,0.46402673676429584,0.6445286068775988,0.9532906099264975,0.0,0.4425221919073721,0.6750258204212256,0.4713158629880789,0.0,0.5409461947371971,0.4512753418954598,0.69068405473574,0.9929411495090611,0.4382068962194275,0.50158844940953,0.5001596262851875,0.6205226362832995,0.6583880887278769,0.5581069375441277,0.5748059411057334,0.6043773721897169,0.7217060161328571,0.4379110758473985,0.5746000059811549,0.5320176773546514,0.798163556469778,0.5018633108019404,0.3553741644948503,0.9827660136692169,0.37874872930985215,1.4456440185227115,0.23384706628618565,0.6787416482623875,0.3649617456155536,0.40000069629158697,0.0,0.0,0.7767729599124138,0.0,0.5155796617406495,0.6498653314551268,0.565904181362098,0.7768851738791804,0.8175662981215212,0.8786978575628683,0.4433378877353235,0.5136588958921599,0.6725071628744914,0.22250264115716858,0.0,0.0,0.0,0.0,0.817503764769147,0.4693309568988767,0.0,0.4907093945890689,0.7371387890086347,0.0,0.0,0.0,0.8254676942702883,0.9948443960854276,1.3250691593898338,0.48158298151401563,1.0035244776562806
0.22004845283613178,0.38796129973176713,0.3746959242496336,0.1719094235222572,0.4597735189076404,0.37045936686830455,0.39046449061458166,0.21608016651642353,0.3397939741576793,0.3760031887097958,0.44418276534537815,0.546452390478972,0.40547229540535223,0.38291901768831504,0.5479327675199632,0.4852641121962129,0.3528173952202522,0.6237347014518082,0.5409461947371971,0.0,0.18439456753365963,0.3487493304739024,0.7135978783816047,0.525179724245353,0.5001160450667342,0.3278475972420086,0.5297780211043681,0.2714337284909026,0.5182071111675264,0.10436642209284963,0.5275844866238457,0.10634655460099524,0.23701197574619148,0.4043848047191272,0.35745868594936214,0.34165612714753707,0.23760304947193878,0.5034635768802453,0.19503340257044322,0.10513375813369347,0.21068048838569517,0.12569664644438305,0.4894358423555247,0.28520851337874764,0.21082817870825285,0.11033235630049273,0.21304486668395722,0.46267052767379147,0.0,0.0,0.29161085742578374,0.5918866549574399,0.20913873608699335,0.3974830070782249,0.9267852699944684,0.0,0.5373142665078889,-0.037744402664147414,0.0,0.1952327076113072,0.46955596745984596,0.4659560395658817,0.5400797334561682,0.0,0.19542823962249076,0.07028859816336314,0.25913031855633983,0.3062454362735303,0.0,0.4880999435786185,0.11175383706241315,0.24226344998385568,0.25716587795412427,0.29538705144163124,0.04438311726187383,0.09072986174320072
0.16786707035875895,0.2825157347552919,0.30165562116499056,0.39794440987041757,0.47913637285919686,0.39694662800123504,0.3734411806472997,0.27473647411067803,0.3550390340054177,0.4685786963743723,0.4969582721824558,0.4715291857107856,0.43441219894179656,0.4385594992891176,0.024070140508235804,0.34523095756083716,0.49471835426358535,0.6203861739277783,0.4512753418954598,0.18439456753365963,0.0,0.0907055771263271,0.3666626580908108,0.22604910730978803,0.3772912023525558,0.4927267008056415,0.3186139742177281,0.36827600020007706,0.1552842446469916,0.3937373330992456,0.1785899491837819,0.016620624353141905,0.12332502835651915,0.1440745086735587,0.34191456180283,0.48633414261186075,0.31478882739821445,0.501405483996316,0.2627182733912019,0.5640125756853989,0.22391911888863245,0.2957036828728305,0.5681672648518044,0.0,0.0,0.49614948178272755,0.25251236364858975,-0.6787683614471112,0.0,0.0,0.3266074704752421,0.4034288729422827,0.3282947563104059,0.5184040131627525,0.552126655554428,0.0,0.7337450258180189,0.45487984545900495,0.0,0.34222469744265044,0.37652448151300083,0.0,0.49567142109837686,0.0,0.25982545347785524,0.3283957244406942,0.2950337573137133,0.3489312579164874,0.752771993200387,0.44545851597779684,0.4059507327940063,0.32474516672826576,0.4464113319987928,0.40770316176274246,0.34927011673584524,0.044929516543918385
0.24119320641996045,0.5283604063934499,-0.0346505445602478,0.48502797873309,0.3817123833989244,0.2752218355154511,0.3493167987959529,0.2042345867654789,0.3062259260655392,0.39309756642574245,0.38861794626996526,0.42221780373051304,0.35731576543131044,0.24924818270297516,0.15081824079483952,0.3078797445044982,0.47744896961018674,0.6224224848449483,0.69068405473574,0.3487493304739024,0.0907055771263271,0.0,0.393833784000863,0.5584383925114744,0.6161975978663468,0.3388513689244328,0.23438692750310064,0.3608664914436086,0.39173110550045476,0.42806332675055214,0.4399017783598004,0.12968986613160843,0.27005128280801155,0.23368713683264802,0.29663907117820054,0.270116752609275,0.3377753602409935,0.529925835996658,0.20340949805890865,0.3617724686637359,0.2304677377663693,0.3073652364457057,0.46255419874429515,0.34998408335930187,0.23781533603048116,0.13630012825449822,0.30269029772938616,0.5690776885421592,0.4720261409735022,0.2412305758126783,0.29495993894246186,0.6726030953070542,-0.05954839043342108,0.6233622648891024,0.4306563679911553,0.0,0.5099413700835237,0.5748959445090193,0.0,0.43173611651586974,0.3324049266624993,0.4002534126702251,0.5697384138391808,0.0,0.19521196175895064,0.1674494074163263,0.38772510939178806,0.31323822759686915,0.7093213944766825,0.39596377469046384,0.31600690902927775,0.22977472796622794,0.49272792724294845,0.25734641132666064,0.5587299330028458,0.2690739226052876
0.2659079972219722,0.2868730297665245,0.5100148345407158,0.2586178065670828,0.49008526053226864,0.3912363613252921,0.43597101437680646,0.2901814422105571,0.5033823975316961,0.4181325105975716,0.6563215840857393,0.40170990443196253,0.4389429521409489,0.5985560113321551,0.23061016968235665,0.519005336129214,0.49050122030990634,0.5764411064401593,0.9929411495090611,0.7135978783816047,0.3666626580908108,0.393833784000863,0.0,0.20156950155889009,0.29843199082249083,0.3692857814492445,0.35316246899162473,0.23516025610804991,0.32499654025165364,0.1670847362576134,0.3853368193204446,0.3000022532112305,0.31194990913473075,0.4572231089944232,0.37452280334105126,0.5157021044757992,0.38349455466464355,0.2856553736641966,0.34666255587888206,0.32786482376841697,0.42293097683152436,0.3614476095383298,0.5232962256541005,0.575445435564879,0.5653373652274281,0.15371412669275708,0.3002089527549632,-0.1109217681435794,0.43367293827320147,0.40130401853648257,0.459095810200285,0.5015636287894141,0.27888675030335797,0.681730785674342,0.5635942334287181,0.3510199711480205,0.43204036315704186,0.4628055949690311,0.5854624853634356,0.3123510149432083,0.614866371237272,0.46274143862971007,0.5068576815224677,-0.27941139152521366,0.28907781205704997,0.28324091615599867,0.28423618536102785,0.4347613943099149,-0.009722696184975232,0.5410521665049257,0.24929090087527278,0.39539732856493875,0.4002316317672471,0.41449447202770096,0.4467775516985815,0.35583261979815534
0.45997088856763335,0.6075401554181665,0.3968497798977833,0.22847395493655936,0.4825964772619513,0.2972395479338927,0.40404530871117045,0.14489503801747533,0.3889444185294274,0.6459557795914846,0.41898026378124786,0.5201334329931697,0.6691490059053282,0.6106025596773226,0.27168034750769937,0.7334846599376494,0.787573479673827,0.6811763367285428,0.4382068962194275,0.525179724245353,0.22604910730978803,0.5584383925114744,0.20156950155889009,0.0,0.5875582750663777,0.4214095398855695,0.23522191748510937,0.6367824934427065,0.5539259499527722,0.8077461962010093,0.878642370046423,0.32009390345315925,0.3180885819493993,0.3262139812047982,0.4641977743696432,0.7388052519546691,0.005552608499879735,0.1945109498020166,0.9160045887341866,0.409427462188929,0.23751343430148336,0.6036002532423304,0.5602285669696265,0.3758001249231855,0.4050206229553699,0.39756822031834793,0.3276158112735702,0.0,0.0,0.4571965132212372,0.5636904683298033,0.2772695090364443,0.0,0.04107918260494093,0.3589593629781115,0.5579735205725498,0.44275145005350036,0.3996409928250372,0.0,0.19743104574164327,0.41885001100848396,0.16994449910822806,0.2578431830043616,0.48860075415718174,0.3187472418964507,0.39191174274481544,0.13956833431094964,0.8401731906612179,0.45204022619023465,0.38378384570445556,0.5023653438152242,0.5271521186094266,0.5863532168747889,0.5974777409633464,0.0,0.4092953744563218
0.3953743184783971,0.46553997399276503,0.46700036704455095,0.8650144139524791,0.7318485460258821,0.36656301418348075,0.5327227649645594,0.28540547438731423,0.49336868426707037,0.802352463897406,0.6932700364732646,0.7874124364914605,0.6747696607946808,0.5136543828128266,0.33069723912496285,0.643702171341047,0.9144661849127419,0.7843719350295598,0.50158844940953,0.5001160450667342,0.3772912023525558,0.6161975978663468,0.29843199082249083,0.5875582750663777,0.0,0.4425622532799371,0.33449093741853614,0.5883472465940048,0.3953434221595745,0.3686136482897255,0.7254356205073103,0.38445844327500484,0.6530676111640834,0.7001881273115278,0.6285666459876724,0.7568777449493163,0.5966896051299377,0.6913050792917209,0.5250634842236572,0.603821679018654,0.43343220990346554,0.5332505584936015,0.09594364098849993,0.0,0.13710240195991957,0.37815481119418076,0.43676485192450976,0.0,0.0,0.0,0.5257311037752898,0.5186924231636273,0.6346943489713097,0.4264964031101041,0.7110286297973352,0.43458033333366985,0.8455347400905453,0.38663514611458105,0.0,0.4884384829542038,0.4553743229907786,0.6335319815712527,0.45258592780347506,0.0,0.5267052013873619,-0.1415901873487871,0.5885900725232285,0.39569034029917916,0.6829791745520957,0.49269796534717314,0.4758295622851702,0.4387458329278511,0.64202485491065,0.41042404723492476,0.0,0.4173057054366618
0.4415185957785678,0.4414621818536899,0.39369291328860795,0.5705937318458638,0.34439487462692253,0.4057283482198988,0.3899655775258346,0.33427421127668555,0.5457007995287648,0.6554470535094792,0.5125490379256605,0.4819588435697609,0.5350395866622328,0.42727948420254347,0.019880314940466465,0.5021708765107789,0.7205185996128789,0.651918272726707,0.5001596262851875,0.3278475972420086,0.4927267008056415,0.3388513689244328,0.3692857814492445,0.4214095398855695,0.4425622532799371,0.0,0.32653536251636406,0.4380579869222272,0.4395016488515195,0.3514602860322982,0.3502121297656202,0.3100208042597179,0.4704210796161138,0.38048125174059677,0.49974160632880843,0.4146432992313603,0.4268258326170295,0.6445314503788907,0.4293532819939883,0.6198439573456738,0.4706372733654244,0.397523150206695,0.17797686847189523,0.5250383266660983,0.5191176146565508,0.37285987751915717,0.40823704619121115,0.6444671231406118,0.0,-0.007942779972353315,0.3110683669817487,0.5886289206475478,0.529888058430958,0.3754606291724154,0.8331741001068875,0.0,0.8621435373732871,0.5841267503115779,0.0,0.3257785144749876,0.4401831423130572,0.6783755381365308,0.5209572742995858,0.0,0.19017562670938803,0.2013392387542175,0.4842979077492309,0.2645811937990674,0.654182424332869,0.5807578183983529,0.4705182203761749,0.22220555383893942,0.5597780610203678,0.28366378340844167,0.43463337807242663,0.48224825430775287
0.13711529187618526,0.20655720797527094,0.5053301544108179,0.3761271868888865,0.49900404783570185,0.2543470554958948,0.4470272189284495,0.4773299270710231,0.3123727298140161,0.3942273167789671,0.47150808931878463,0.4835051467832707,0.4790891189677884,0.5698066549803313,0.09316868161692354,0.4821854349690937,0.5274950276127215,0.6465296358218857,0.6205226362832995,0.5297780211043681,0.3186139742177281,0.23438692750310064,0.35316246899162473,0.23522191748510937,0.33449093741853614,0.32653536251636406,0.0,0.3495867853754897,0.3287353540411512,0.24668436445014527,0.3932499740920934,0.28509253743227103,0.24719815882210436,0.45341101904901837,0.33470129932236437,0.4291109267221531,0.48399674069550774,0.3808909342003143,0.3134443749123583,0.259051950822219,0.33471381308185055,0.21310599782644202,0.5526638977478028,0.5153692126933391,0.4150349303080608,0.3684327094065325,0.4150434952787303,0.498709975199992,0.4659482170130053,0.5335757507479615,0.44467658215039507,0.43986132360975216,0.23934838650428958,0.6338994224732666,0.6816374602648407,0.30638581920744495,0.3262474317553466,0.4130394443154093,0.6111517295311681,0.21122152975152048,0.5271935173347155,0.0,0.4394989768962738,0.7102122391359864,0.2132540820459519,0.2417398993291303,0.13020838110914715,0.2902229117468971,0.0,0.5273614620387308,0.06082461277595791,0.4148338294028403,0.3045420884518323,0.3387746066269647,0.22390107996823158,0.30981826448100525
0.38076239346477975,0.48343453889797194,0.47516594415104413,0.35641253052792515,0.5372667510425395,0.6087376684871713,0.830827999043392,0.281115737468713,0.6249634243680505,0.7228257972227206,0.5079988737699295,0.509060249209172,0.4561413174534136,0.1490913958931885,0.21905854835602437,0.40484507729035774,0.7238208804299657,0.4708258846387281,0.6583880887278769,0.2714337284909026,0.36827600020007706,0.3608664914436086,0.23516025610804991,0.6367824934427065,0.5883472465940048,0.4380579869222272,0.3495867853754897,0.0,0.41507933602599617,-0.11586516841254763,0.2122546900975867,0.3489931366388947,0.24787414974942412,0.489985992740213,0.5114339732444314,0.34758233628696494,0.17011433103216875,0.24547798406949334,-0.04461443879819227,0.30749346563250635,0.4609953200038796,0.3616738843491101,0.49328463038723364,0.45934374703097375,0.5750499303289467,0.6233716364310804,0.6010311681522442,-0.1783115517310791,0.0,0.6547787354602828,0.4246182555591367,0.5137245794160531,0.1827304183144419,0.4840375614033541,0.5622431254436018,0.4612703019704431,0.4141975365454863,0.4895746522671053,0.3119908553991285,0.40015994542264804,0.46553661152564346,0.1721939804260319,0.5651286072370135,0.6677608032040029,0.44319876056842766,0.4665472276741272,0.39968844024727057,0.31730720541924606,0.49072862701419123,0.5576479086360283,0.36896810682342623,0.3954411617004825,0.4372410983879399,0.24952592028653525,0.46945486389790864,0.439171960941512
0.4720872029405278,0.2837133282196209,0.38052990407312903,0.22110170621389888,0.6042728461899325,0.40807407450894456,0.5371927538339927,0.2857369288981192,0.3801898452773912,0.7368258101638115,0.37075756587919884,0.6130617924912798,0.5991763595482521,0.35631028698060924,0.22998827755128282,0.40261086525393247,0.2858188349670839,0.5902176848067222,0.5581069375441277,0.5182071111675264,0.1552842446469916,0.39173110550045476,0.32499654025165364,0.5539259499527722,0.3953434221595745,0.4395016488515195,0.3287353540411512,0.41507933602599617,0.0,0.08897739077051886,0.7003697828743346,0.21997427200692932,0.2284485916301015,0.7566612615127026,0.43841713537533455,0.49121964088706277,0.400331617700242,0.5085436326651914,0.19843976924232976,0.3943033507039665,0.31834356553925175,0.42201206797405305,0.3637587435289539,0.517490622304295,0.597031560342618,0.4097302078628427,0.4067412936525628,0.4786426126096165,0.4613454166315679,0.4168655272623615,0.36698411481170495,0.5048968028109541,0.2676319761120715,0.47725733848415125,0.6044011609008291,0.421228540747855,0.5381694228383945,0.461402502487379,0.7694105288718371,0.22250448458697894,0.5177875606869187,0.46908121343275283,0.4727191593876003,0.4850623924731308,0.2278310553753981,0.25437014906864486,0.2941614987079729,0.3846376631564595,0.48292614843099924,0.5306588562750186,0.05409996210506257,0.32276095144768696,0.2550869693644643,0.30148929290913073,0.28849108192118067,0.2533065660389511
