0.0,0.020262801101858186,0.001391465594871577,0.0,-0.002662170781756179,-0.004646213167798174,-0.002844926548983051,0.058916055698517655,-0.0029509667541074425,0.06024481596110931,-0.00047623953281544784,0.06988154841706012,-0.0033796859034248006,0.030414866124395867,0.035910553321627736,0.013838735286248072,0.001721358170379772,0.023630783494991425,0.0,0.06724433265399182,0.040638933754055306,0.008586088250830348,0.06312370952512536,0.05485828428589784,0.019783003175414038,0.03315905577641315,0.06182709620011673,0.040693055527760535,0.04824512613165843,0.002164945757925585,0.024311667200375253,0.021655783660773253,0.03694796878928963,0.02121776785119256,0.017228314803791722,0.0012781937252455133,-0.0012137817710276,0.05767924815961312,0.05830777139611887,0.06594445384240749,0.0517072284139618,-0.003855812288655558,-1.4856600004775622e-05,0.0,-0.00044224201989040424,0.147242030516687,0.055051302826311266,0.0,0.0,0.0,0.0018167537272089085,1.1102230246251565e-16,0.0018033809120631128,0.0,0.054323817769873495,0.0,0.04372184428057313,0.0019082408059362677,0.0,0.0003115568448152084,0.04393080170081837,-0.0017249514519681597,0.05284982037992869,0.0,-0.00011511735893199315,0.15559298443490466,0.0349881822057751,0.03564068458772779,0.1396900636282148,0.04562418906445781,0.05979431877191266,0.07466205808715731,0.0005111489817391512,0.00038830093100872265,0.0,0.0006890926824393295
0.020262801101858186,0.0,0.02948295677992052,2.1355490526786536e-05,0.05341456790838722,0.031970861216266966,0.07715530199483561,0.018251112653260293,0.048921764013483415,0.003983231884415073,-0.0007534933261228449,0.0008697506978208591,0.08021028446106343,0.0011958335816535381,0.020867554473012362,0.014180616089483844,0.0023350190077044974,0.013105626116088842,-0.0020294146257223145,0.025655691626621235,0.017961531162922706,0.004554453621242793,-0.01181748498328189,-0.007955451178823458,0.021997322993226376,0.0001285692567806196,0.022479489034563815,0.07909655532437176,0.041524390837763214,-0.0004502915974427535,0.02884743606036999,0.01627643352084923,0.024976182259298263,0.016271113624800493,0.016498646424614516,0.00353379004622989,-0.0009425959788046945,0.0,0.01869787418258345,0.029607465177254766,0.01292532910755173,-0.0011884858794448672,0.0003073753366207299,0.0,2.220446049250313e-16,0.055363666574444304,0.017777040209273287,-0.0006422798218036485,0.0,0.0,0.005197418649289798,0.0011224149508027303,0.003308978735095225,-2.4970616068153983e-05,-0.00014406374479492,0.0,-0.0003791080649563905,0.002293174247273211,0.0,0.030578451734143197,0.01786328643380386,0.0014902422904422008,0.0056506839872618175,0.0,0.002801130014236153,0.03515673698294186,0.005587906366019246,0.004339963110281619,0.0006764774805825269,0.01473842838977979,0.02071835935647587,0.0028362188923076737,-0.0021938910775380904,0.005293686094801742,-1.1102230246251565e-16,0.0009296946052323452
0.001391465594871577,0.02948295677992052,0.0,0.00558322984841364,0.05425961067191998,0.03499354313638364,0.05220235233925674,0.09217137963199923,0.02585432691153472,0.07025288734846968,0.10272510551606401,0.005758274285165621,0.057006193263264726,0.08253783504583934,0.0010773372879754883,0.05975892834356461,0.002342462159960812,0.0011756020316417426,0.07308007565548935,0.006962214220717522,0.0037937850283314978,0.04335850837668792,0.08418528572074413,-8.163563178575917e-05,0.019591617515245685,-0.0057949521988358565,0.02570870067825376,0.05049455458338781,0.025883479558670985,0.036683895620653384,0.05619815533379546,0.048999826331283414,0.010175163363010387,0.06158704697608708,0.04497791184782013,0.06476166448728204,0.015776071779140588,0.006250734390517265,0.030485602417794744,3.042696463673167e-07,0.009790301709362681,0.0005554927810770827,0.034360773433734115,0.002976547310827027,0.0,0.0,-0.0010276950547475905,0.006925563865293027,-3.3368320722093614e-06,0.04604451543044685,0.01334765999416343,0.011955455533584236,0.0833252830057214,0.07000879546060412,-0.001567137199603108,0.16958470031176154,1.1164719888434593e-05,0.010147840392806362,0.06808749037987005,0.00023003625081302603,0.0,0.0,0.0,0.15149814185115162,0.0017431250120351072,0.00011373318001023369,0.00019213623053287998,0.07523574893701246,0.0,-9.275461119173656e-05,0.0015876147685148223,0.070430059970644,0.00646391885135178,0.005344149830730338,0.0003180571323178061,0.007325915016462625
0.0,2.1355490526786536e-05,0.00558322984841364,0.0,0.005047981743786983,0.009761540867887053,0.04849196523341387,0.0006155635353773392,0.005096566270570035,0.006679336528308322,-0.015259853420043823,0.00450022882369383,-0.008226651023766018,-0.03505299601867087,0.0006870662770356306,-0.0016916463064658438,0.0011643787044328113,-1.5194895570058709e-05,-0.06602858286645358,0.005546088235220292,-0.0013300557384602896,0.03741840576588673,0.012699849028113164,-0.0024845541024339224,5.324168745707292e-05,-0.0011236300142151712,0.003128486599916047,-0.010699163539217516,0.001672489114165343,-0.0025221052391028453,-0.15406813542988304,0.005434017820526604,-0.001898715321031974,-0.054148702832842455,0.04078054172425305,-0.014370566665342893,-0.01860171622592019,0.0030323037226344662,-0.009135614104349321,0.020410369318751564,-0.00020278529306222426,-0.004609524651873864,0.00044161279483140303,-0.0011739343051258566,0.0,0.0,0.0,0.0016901884479446627,0.0,0.0,-0.0004069436498829737,2.220446049250313e-16,3.477554185971066e-05,-0.00016280212397795646,5.551115123125783e-17,0.00011163830715354983,-0.016857975785232515,0.0008647286873377236,0.0,0.0,0.0,0.0,0.0,0.0,0.0,0.0,3.066156859504732e-05,0.0038468563914136333,0.0,0.0,0.0,0.0012404028254586752,-0.0038463771354415033,0.0012322912875456504,0.0,0.0
-0.002662170781756179,0.05341456790838722,0.05425961067191998,0.005047981743786983,0.0,0.032911810398543906,0.05505652712213738,0.006121328476577537,0.05609908207555775,0.0456161979889394,0.031113913574540686,0.009382351710931158,0.04976280025061608,0.025839545049007984,0.0012531547840573531,0.0027119628099877002,0.0005176500759953018,0.004495274538889371,0.0487481063370227,-0.006695230290108267,0.001438579183816735,0.04008937673198343,-0.006716974482190385,0.002162059420493634,-0.003352137703495073,-7.314172927241902e-05,0.03429861195735817,0.0432350772462467,0.015241192064630982,0.04197156584218731,0.052725706182563836,0.022766181433063526,-0.003150323609218797,0.03641024173297103,0.011650055322859676,0.003812437202658281,-0.08073752661077604,-0.02751892363015851,-0.0050880661025263785,-0.0006986937108922064,-0.0036329725998369145,-0.0010080808037278843,0.031044721593365465,-0.003912581017930017,0.00013403411576190516,1.1102230246251565e-16,0.00024895830496601823,0.0059423446881662345,0.0,-0.004999717991811592,0.002504702916870216,0.0023359574995989174,0.0019681301924200367,0.006408155565888807,5.551115123125783e-17,0.00714935136843442,0.0005024682442796857,0.0007744631917700473,-0.0003178939538842629,-0.00080753326378874,6.115160463160407e-05,0.0,-5.551115123125783e-17,0.0020416998997914715,-0.0011914125576475976,-0.0004420687984283411,-0.0011308940807023826,0.040776325447395956,0.0,9.7552522313471e-06,-0.001533598862232033,-0.00033140063589265356,0.0042666880800816265,0.003386343151364768,1.1102230246251565e-16,0.0009908552845006025
-0.004646213167798174,0.031970861216266966,0.03499354313638364,0.009761540867887053,0.032911810398543906,0.0,0.03892397700649686,0.04696827474095422,0.016071755734850146,0.06271903956579072,0.02955624591662187,0.0010137755425758677,0.025527677103735713,0.012745839046742202,0.046235693020375834,0.030167215891978683,0.009373199559512324,0.04848188298000006,0.023282969336236636,0.02967506990564117,0.018447049992631248,0.03418511812684505,0.040025493436962045,-0.001630169545059068,0.04238173451803395,0.028040813402480935,0.03592138535443751,0.03135992167480889,0.023944200875106736,0.03690456411779752,0.031939917505531046,0.03814670251220453,0.0026966088260639842,0.03354008486819232,0.034881738821301966,0.03860731797281891,0.020812275880661868,0.00387541653414325,0.04950452671075606,-0.00021911773163657555,0.05701377133957242,-0.002106138734875085,0.008594304778198003,0.0028805746061095205,0.00024761755403401864,-0.0015001367858312187,-0.0011329597213623477,0.03620665075616847,0.0011624082213939069,-0.001375684423539525,0.017299725595218418,0.044319907902121924,0.033564938539219824,0.02674032166861995,0.0024573205359228467,0.008723598772969132,0.000889718052098365,0.0567066355798449,0.00343105392502957,0.005614210822288024,-0.0003361260823961931,0.0,-0.00040497524023880294,0.0017864371055226203,0.003669890335213699,0.006391492975245827,0.0041788145610701655,0.021914667966974166,3.2242958221628815e-05,-0.0011447647541132921,-9.531161447340342e-05,0.020939710187933946,0.04385265368379265,0.042625391663459355,0.0030125692640028956,0.044255480648165924
-0.002844926548983051,0.07715530199483561,0.05220235233925674,0.04849196523341387,0.05505652712213738,0.03892397700649686,0.0,0.058171893465700064,0.05291334428710687,0.027299506035262155,0.0670370871403222,0.003782762528575012,0.05643257167736032,0.049647291747329736,0.0012145975237244921,0.05113068458167974,0.00633796124997843,0.06027842456038823,0.0649140563572757,0.050708508714823575,-0.0008297977071881069,0.04797930394889793,0.047871588210459115,0.005753870930263916,0.07270484264250798,0.05900751029186341,0.042073790704218406,0.05969579015755222,0.020478013444471477,0.03585943935470576,0.053910977223706524,0.027225897413485467,-0.0005140427363714006,0.06752096813922925,0.058228815864571626,0.04745445823164279,-0.026138394255623254,0.017761870125585777,0.005969798521399672,0.000983672995127527,0.0035881054371091348,0.0009278852905534873,-0.0002338996821807937,0.0055462953864148234,-8.839751001715745e-05,0.0,0.0009445925194702665,0.0007416828094951589,0.0,0.002814848467601161,0.009795373403994057,0.006085463258408974,0.007418391514624478,-0.0002704202688675883,-4.3877514456891475e-05,0.006104088429858601,0.0002481917173368653,0.0023271519232963556,-0.0023926710806758678,0.0017212392207432425,0.0007023931716461096,0.0,2.20219789547893e-05,-0.0013323017969483208,-0.0004105808803818167,0.0012074906289012977,-0.001049216855397661,0.09719108867231835,4.687589940866044e-05,-0.0005073353253151613,0.001395650867137721,0.007087057285786735,0.002611222761802312,-0.002042019650397353,-0.000989668522314302,0.003620355528111907
0.058916055698517655,0.018251112653260293,0.09217137963199923,0.0006155635353773392,0.006121328476577537,0.04696827474095422,0.058171893465700064,0.0,0.06119431397476688,0.05309853531794001,0.08151009212716492,-0.0013546639859198795,0.05473096074731221,0.05116391026678485,0.1362201457487307,0.012398828788203087,8.756533645448705e-05,0.03265994308342118,0.06705367116469324,0.053126158501982323,0.08065259154706556,0.03985013541415111,0.047535478023033595,0.055024285959372365,0.04106759816572869,0.03658456683894479,0.05046986088527594,0.052202353054875916,0.02319275853648517,0.0379578707881113,0.0722213572396958,0.043765915358227936,0.030051289561409178,0.0650612008563437,0.031998167856601534,0.055581338092437205,0.028172220741329523,0.0013457551512309207,0.031230842323737296,0.0016770881806180693,0.03942537757250697,0.039602223977720064,-0.034886306556763724,0.0017343796577495851,0.0,0.05901961290820845,0.04433408555566781,0.03308714052120043,0.0,-0.016179206122298395,-0.010393232236500849,-0.009735394692481525,0.05658743216146489,0.02863735651961974,2.3591759363617015e-05,0.051150884231922655,-3.839052314608127e-05,0.00930637736459966,0.034943827125472504,0.05479402049180454,0.0001899969642398247,0.0,0.0007019367886565431,0.014338273461344198,0.06937441206534423,0.15506999623973106,0.030402826997524446,0.040537304504228044,-5.551115123125783e-17,0.0020505210031817045,0.07108492489161955,0.05225931416805474,0.039321732555472166,0.05171781813862597,0.04807763681733235,0.048614126831093285
-0.0029509667541074425,0.048921764013483415,0.02585432691153472,0.005096566270570035,0.05609908207555775,0.016071755734850146,0.05291334428710687,0.06119431397476688,0.0,0.05005183603035834,0.05894167601436068,-0.015060047523484277,0.04683720919666312,0.047182045181613674,0.004702393353926804,0.05347374755322337,0.002757032926263392,0.004872229772775294,-0.003172457726210831,0.056498227267481105,0.0002719182591813807,0.058576968741734625,0.04372007727590088,0.004281206922359226,0.05293116289325106,0.030399985927908046,0.00021406108008470426,0.042322225652479784,0.01627393473294364,0.035553952081075924,0.04565134651673319,0.046059850254964396,0.006519220422616212,0.050634712680204086,0.041208149823197704,0.034223452184283853,0.023710487475558928,0.03363013547079913,0.003400792200030589,0.0027180144036516585,0.003020886681980972,-0.007342835288715599,0.007702365628873664,-0.0026610948225987974,-0.00020691991820925848,-5.551115123125783e-17,-0.00012012910712300151,0.036869186515045116,1.6030297735336596e-06,0.007009597940129564,0.012918359397387946,0.002411154756861489,0.03987557361666927,0.05763073955611553,0.000768158092950888,0.054777664378749646,0.0029682820500429585,0.004278357799328836,0.010672994796624646,-0.0011551814054059362,-0.0006803846260630131,0.0,0.0,0.03206471534544586,0.0008836494172549392,-0.0005696821696627441,0.00042639074656569687,0.03051697153896782,5.633798647264321e-06,-5.336391243460081e-05,-0.00259774387256434,0.020142960026041323,0.00240453725587364,-0.0008106030299745992,-0.0007189960444662358,0.005654818896037583
0.06024481596110931,0.003983231884415073,0.07025288734846968,0.006679336528308322,0.0456161979889394,0.06271903956579072,0.027299506035262155,0.05309853531794001,0.05005183603035834,0.0,0.0601992362929723,0.039434153348466894,0.03383056085751979,-0.17126011116030682,0.001911916605260966,0.007516136396940654,0.0008789331668300204,-0.04120076034274567,0.055091709526193244,0.04553831146133702,0.0011091392416908152,0.02204972505824271,0.051051360528981515,0.061929366238843764,-0.00014234341800084538,0.035992839347718575,0.05484382723769737,0.058154346753770014,0.0006469143822515622,0.060397874802183005,0.05877982081347888,0.036392168139430414,0.03508700102144974,0.020965268496724976,-0.011555566713421006,-0.10657682592713372,-0.09267346503551857,0.025290127427428588,-0.018531317245255974,0.030702492906172885,0.021243283601581342,-0.02475732621531035,6.871882618564307e-05,0.0012167397380001277,0.04613443212887142,-0.002006436437953951,-0.0016174004821171706,0.0001661098257351723,9.102225123458485e-06,-0.0011932592575195633,7.133156349026226e-05,0.003824863296769787,-5.190038231961402e-07,0.0002177149538536427,0.005715091167021957,2.185070280774637e-05,0.012246562740265532,0.00015756627796587042,0.0,-7.976283072819168e-05,-0.019622876205024342,-0.026449073306103854,-0.017631747844975565,-2.9919490963647988e-06,4.8611612369131585e-05,-0.0005939292481257907,0.0006705992574797537,0.00018378325303020082,0.014642817119885132,-0.008106878446024701,-0.00042852125497822025,-0.0010520208039295764,0.05508731654354254,0.0015241127643893515,-5.551115123125783e-17,0.039933286274947466
-0.00047623953281544784,-0.0007534933261228449,0.10272510551606401,-0.015259853420043823,0.031113913574540686,0.02955624591662187,0.0670370871403222,0.08151009212716492,0.05894167601436068,0.0601992362929723,0.0,0.06084486623329427,0.058153892185161316,0.029708882564429828,0.0,-0.00020908213449172264,0.003233497910640981,0.0025157260023916383,0.07311469857293479,0.00012876595350597153,0.04012691854579925,-9.891658208999177e-05,0.05269645096461478,0.007526238366212246,0.006029815221611279,0.005203410283568521,0.04519220574471339,0.05866554805956831,4.0963039652286426e-05,-0.000856665712832716,0.06054530620456561,0.05979534911711565,0.0002049573570406249,0.06301300269128751,0.048008959658104755,0.05275673136458853,0.06290964902447976,0.04073401547279076,-0.02617454808922648,-0.0025915771157108414,-0.0018000299040212275,0.000497285044603557,-0.011165656169481564,0.0006037577025551633,0.0002001514564710094,0.0,1.1102230246251565e-16,0.0978260413658395,3.104071600867897e-07,0.05042973179282528,0.009789029089868562,-0.0008463074244760005,0.014666047207899269,0.044561060232221505,0.002486570381696196,0.002871118488378843,0.0022723962888485105,0.018569361959155428,0.054142858827398055,5.551115123125783e-17,0.0,0.0,0.0,-0.03195922156877645,0.0008214409241852905,0.0,0.00044853427869595563,0.0510839986008782,5.551115123125783e-17,0.0,0.0006333126619931795,0.05246584483533706,0.004536937689360254,0.00042514734924081754,0.0,0.0014733144435071788
0.06988154841706012,0.0008697506978208591,0.005758274285165621,0.00450022882369383,0.009382351710931158,0.0010137755425758677,0.003782762528575012,-0.0013546639859198795,-0.015060047523484277,0.039434153348466894,0.06084486623329427,0.0,0.06013585123395865,0.0004462151021861205,-0.004098338844802318,0.007795461426839789,0.017746127254195276,0.008340824001912717,0.004023190514195529,-0.0012465973889945747,-0.0012630895026874978,-0.004256658257131396,-0.0075059262048156605,0.03590243906534557,0.015425981678448386,0.026398201357837048,0.0034547318487362366,0.06382556271279338,0.0008598417056807084,0.08344745190174496,0.0827262785476599,0.007378432660392287,0.024950107199100013,0.05193806421321984,0.004017399356313789,0.006561547796515466,0.0015150051345586557,0.012680050410297489,0.02470147585185467,0.017461552526264357,0.02967827759562447,0.02269830267656714,-0.001444613525731886,-0.0010374467589592262,0.019454926325593924,0.0047845970707300345,-0.0004948114800544245,0.00015062666829784854,-0.0009081747532823092,-0.002645968549477129,-0.00047821822929561275,0.0003295139411541026,-0.00016034521562008353,0.00012682289466786623,0.00474457079820495,0.0008908175514387162,0.013915951820808015,0.06306399325801137,-5.4025081083208804e-05,-9.513234222102707e-06,0.0026219655573644918,-0.013224496079712156,-0.017948613122699908,0.00017828386507756644,-0.00012127577693932245,-0.0008993664488888276,-0.00021682509389781002,-0.0024206516057133642,0.013046261812364901,-0.004658494285872894,0.01251130116396304,-0.0013699023374095787,0.06680649495144886,0.0018144707741200028,0.0,0.04026366912948137
-0.0033796859034248006,0.08021028446106343,0.057006193263264726,-0.008226651023766018,0.04976280025061608,0.025527677103735713,0.05643257167736032,0.05473096074731221,0.04683720919666312,0.03383056085751979,0.058153892185161316,0.06013585123395865,0.0,0.024162533687591414,0.007461854005420543,0.04889464710953495,0.005226755534839589,0.05489315610507256,0.05140113195935314,0.04465361769025483,0.004792882407093413,0.046518957910800074,0.04126250765919004,0.0017157605096403405,0.06215550009765253,0.05735220046849138,0.04811817814648672,0.03849726305784812,0.019989551966152208,0.060111903728478466,0.05129632039234894,0.009619788892412162,0.025069180125085855,0.044397544534954925,0.024089379864842497,0.019873380072833013,0.02637644947962947,0.019126563488093384,0.0018688780803154392,0.0012456660537620845,-0.05860444037671925,-0.012019253554483522,0.005062392395138227,-0.0032172796448664,0.0014932652765674015,0.0009796124785463878,0.0005065641770755636,0.06476329563751537,0.0,0.00012026035890144726,0.009059735820050818,0.0035882662611189664,0.06014664160607447,0.004823775704130173,-0.0001751981566663896,0.005851734477982928,-0.04078994118564244,0.003493357611810799,0.00021758854249975812,0.00043345610388551004,0.0024140835159602303,3.6723422028372976e-05,0.0006587372403671354,0.00349227480628278,0.00032749897705769415,0.001359194117884266,-0.0005272627447919231,0.047909187901132855,-0.00016295839622271213,0.00013333046393826375,0.0038041412558093013,0.045914573648651646,0.005132731755438602,0.003579445296209127,0.001893879039113533,0.0018261990653201665
0.030414866124395867,0.0011958335816535381,0.08253783504583934,-0.03505299601867087,0.025839545049007984,0.012745839046742202,0.049647291747329736,0.05116391026678485,0.047182045181613674,-0.17126011116030682,0.029708882564429828,0.0004462151021861205,0.024162533687591414,0.0,0.022282533273308702,0.0016954707023295046,-4.1709710019599555e-05,-0.00024051513043255035,0.0369849531987162,-0.0012447669318789156,0.06606004463997939,0.0011810781476515597,0.04797701124214854,-0.00011859276636405625,0.0007438488340983374,0.02386135644871462,0.0461109726339764,0.02275185015480119,-0.0005932015005483127,0.004266811699869311,0.06046168615633829,0.030819898784240296,-0.010426449258133075,0.08495024737144713,0.010695274624906492,0.020392547481924428,-0.005651610648665123,0.00033017976412819117,0.009999408994687764,0.0,-5.718471295901306e-05,-0.00035064996041295204,-0.021743399454179246,-8.935066245774337e-07,0.0,0.0,0.0,0.011113887809092338,0.0,-0.008464402275387528,0.0020651154500542224,0.003720961125557587,0.01475381409354426,-0.01881243791221565,0.0,0.03333390687423449,-0.0004005288461520484,0.004105915697105111,0.004562362911639861,1.1102230246251565e-16,0.0,0.0,0.0,0.008316639366656109,0.0,-1.1102230246251565e-16,0.0,0.05233592124865799,0.0,0.0,5.551115123125783e-17,0.0012231469450389998,0.001996084881654925,1.1102230246251565e-16,0.0,5.551115123125783e-17
0.035910553321627736,0.020867554473012362,0.0010773372879754883,0.0006870662770356306,0.0012531547840573531,0.046235693020375834,0.0012145975237244921,0.1362201457487307,0.004702393353926804,0.001911916605260966,0.0,-0.004098338844802318,0.007461854005420543,0.022282533273308702,0.0,0.0334441034499825,0.0029292450866835185,0.042061691181840555,-1.1102230246251565e-16,0.050657491278435274,0.07008494812053295,0.04146002304802204,0.06721796108497347,-0.009241952070345227,0.013119826010683566,0.0411502135150017,0.06215908194406522,0.0927550438317487,0.04157034625265954,0.003648383516641207,0.042420014406378104,0.0342437872473329,0.050593651654214866,0.04214874138869068,0.049436448854279946,0.051543640628351706,5.930790513197781e-05,-0.00035592317769023163,0.05356450423798048,0.05379494052024236,0.05849741963720517,0.06258871557789358,0.12216556197807038,0.00043234877860726106,0.0,0.06169031201805769,0.0454238992249999,-0.0015371314268701197,0.0,0.0,0.010267525209257555,-0.00027946162387337825,0.08882546828263105,-0.0006909910075344472,-5.551115123125783e-17,0.0,0.00022963240128631712,0.006555832504247128,-5.088367220684731e-06,0.050818461458527586,0.004729993764226836,0.0001421759075826423,0.00030162415943246756,0.0,0.059833137891001476,0.05977191072086513,0.05748267342864627,0.061012763646164925,-3.7677447471740066e-05,0.005218925749189363,0.05145700537319575,0.051895671210672234,0.006282227666096207,0.04224933138628428,0.005068349368350267,0.0114317163800155
0.013838735286248072,0.014180616089483844,0.05975892834356461,-0.0016916463064658438,0.0027119628099877002,0.030167215891978683,0.05113068458167974,0.012398828788203087,0.05347374755322337,0.007516136396940654,-0.00020908213449172264,0.007795461426839789,0.04889464710953495,0.0016954707023295046,0.0334441034499825,0.0,-0.0026871694292961434,0.011240308067830884,0.0004088437945641843,0.05031485000983549,0.02896109315925327,0.020477643583217853,0.0010694348133958864,0.029456358077436795,-0.0014285012394472107,0.01337000616960854,0.02659976776217199,0.06362429217008897,0.05169906792992718,0.07321934960192827,0.024257168941504925,0.006894457624818606,0.02271375608632631,-0.007797340770924921,-0.003066221475175157,0.0017198571503213578,0.0008667570940318337,9.987398349592391e-05,0.016333307954837395,0.008454869247673857,0.005135460280160931,0.004828234802810805,6.634842621422443e-06,0.0,0.0,0.04876381313815675,0.003921021578729311,0.0,0.0,0.0,0.0013154184615168374,0.0003959085343727131,0.002128508103867832,0.0,0.0028660476475912966,0.0,0.0022727953898794007,0.0016981454156317355,0.0,0.03660696721514323,0.005112744057580332,0.002210704475688441,0.02193365159227928,0.0,0.002404171227010532,0.009826814872146261,-0.005799657923805934,0.005456200496516406,0.07301062082839282,0.016003003979753183,0.01817828785079112,0.003750254673022424,0.0015034176408815214,0.0008630139351218924,-1.1102230246251565e-16,-0.005140621684448898
0.001721358170379772,0.0023350190077044974,0.002342462159960812,0.0011643787044328113,0.0005176500759953018,0.009373199559512324,0.00633796124997843,8.756533645448705e-05,0.002757032926263392,0.0008789331668300204,0.003233497910640981,0.017746127254195276,0.005226755534839589,-4.1709710019599555e-05,0.0029292450866835185,-0.0026871694292961434,0.0,-0.019960336257747457,0.0017725191524715078,0.04196311897592242,0.002951796431528708,0.020207361419353864,-0.000884336501150218,0.021673720072688918,-0.0013757807195055594,0.005537673118780839,0.009393552251317994,0.002321594012450745,0.003708897721144133,0.0007027751530443993,-0.0033865415234434204,0.03252832972248115,0.012634316201052986,7.902154142702678e-05,0.004560731197887191,0.001355552706458596,-1.497166369729408e-05,0.0033050699982499765,-0.00023328524655646943,-0.025825552956885656,-0.002677083749873521,-0.00020273085041561112,-5.551115123125783e-17,0.0,-0.0035873205181859436,-0.00019559802466506682,-0.07903156874251555,0.0,0.0,0.0,0.0,0.0,0.0,0.0,-0.006312733130220294,0.0,0.00829856436957005,-0.0002631530120843495,0.0,-0.00010343098560372521,-0.06011232892286916,0.0017165356063187365,-0.053037442770221654,0.0,1.1102230246251565e-16,0.0,0.0005931984987923578,0.0,0.02219635534199904,-0.028372565299189856,-0.010353913834059592,0.0,0.0003936215684559041,3.998533299992557e-05,0.0,0.00449842014382984
0.023630783494991425,0.013105626116088842,0.0011756020316417426,-1.5194895570058709e-05,0.004495274538889371,0.04848188298000006,0.06027842456038823,0.03265994308342118,0.004872229772775294,-0.04120076034274567,0.0025157260023916383,0.008340824001912717,0.05489315610507256,-0.00024051513043255035,0.042061691181840555,0.011240308067830884,-0.019960336257747457,0.0,0.0006874741483082758,0.045457252939631654,0.028399456482695984,0.021411125212864313,0.07946666691751553,0.02539720454267763,0.015416237741054994,0.017170485230055488,0.038084323357988836,0.06718383729939698,0.05049078122966549,0.05071637055243816,-0.014240886648304474,0.024446734586869134,0.0317609272281843,-0.003249292419064076,0.0033616033244830423,0.007767757511858875,7.966377996926344e-05,-0.01107171172561966,0.02726975174857249,0.0024738336878680767,0.006338383405432468,0.01902676543941484,0.0,0.0,-0.0030363076514942633,0.05357683281508968,-0.00642976422687197,0.0,0.0,0.0,0.0017521767115887266,0.00011192726959446953,0.0026289958658495816,0.0,0.029857765647191115,0.0,0.03180055181009939,0.00011199554043755944,0.0,0.0033277313228370353,0.0026340597506002705,0.03448080989325969,0.007422177101842009,0.0,-4.296098227130063e-05,-0.0002081469255298951,-0.0341383869468585,0.002760108136326933,0.03392066246509656,0.007602369266658138,0.025924330346772884,0.0008073881136105854,0.00013106615665581245,0.0031899212233156837,0.0,0.026464807694317027
0.0,-0.0020294146257223145,0.07308007565548935,-0.06602858286645358,0.0487481063370227,0.023282969336236636,0.0649140563572757,0.06705367116469324,-0.003172457726210831,0.055091709526193244,0.07311469857293479,0.004023190514195529,0.05140113195935314,0.0369849531987162,-1.1102230246251565e-16,0.0004088437945641843,0.0017725191524715078,0.0006874741483082758,0.0,-0.0008849385264368959,-0.0009967605427659287,-0.0017343538250444435,0.077761593526539,0.0021722061348632415,0.0003772345884280326,0.0016104806542892036,0.02971823128388995,0.052675684502234255,0.002276243995787408,0.0008760627090824702,0.05330922140875394,0.04221628667117733,0.0036960389713137087,0.04904247233290698,0.054262897383498265,0.04124487243950564,0.04780896087450165,0.0024949430983872145,-0.08080039484788126,-2.796198405236039e-05,-0.002469450205684731,0.0008919231542735551,-0.0035193278889883994,-0.002169682977561649,-7.891603849286e-07,0.0,0.0,0.11499169608849058,-5.551115123125783e-17,-0.014675010525822096,0.004954201714599593,0.0013524291970327118,0.07139433188888167,0.023117396390930578,0.0004196143661359675,0.13831735190176897,0.00032157635729729295,-6.244209670547285e-05,0.11063883809508651,2.220446049250313e-16,0.0,0.0,0.0,0.07991226306295002,3.441962429995282e-05,0.0,-0.000259723464278494,0.03591246808625703,0.0,0.0,-5.551115123125783e-17,0.04466874713585234,0.005661302833193438,0.00132818156492287,0.00011866365990254035,-9.032061775393618e-05
0.06724433265399182,0.025655691626621235,0.006962214220717522,0.005546088235220292,-0.006695230290108267,0.02967506990564117,0.050708508714823575,0.053126158501982323,0.056498227267481105,0.04553831146133702,0.00012876595350597153,-0.0012465973889945747,0.04465361769025483,-0.0012447669318789156,0.050657491278435274,0.05031485000983549,0.04196311897592242,0.045457252939631654,-0.0008849385264368959,0.0,0.055485804622808554,0.04089906662779047,0.04497310382458336,-0.003094941426531106,0.022366169964250004,0.042779530088730255,0.03596804688135041,0.029818616370482887,-0.0012909918586872515,0.013984421569307681,0.045693732908911044,0.04919894807115055,0.05414700438053921,0.049458440704159445,0.057936943101681015,0.04705744959509234,0.060290140941783976,0.0004828567541564355,0.05692736686708888,0.04312196819427577,0.05525376404339155,0.035221247711075154,0.0014337639033499272,-0.003515787303240314,0.00014562103049342578,0.0014793336320166328,0.0034270542837606666,-0.0007177245372971819,0.0,0.0,0.008825755340764407,-0.0023443844254923407,0.04515746059725301,0.0016045680487092873,5.576701948067919e-05,1.1102230246251565e-16,0.029966455405347203,0.0008650045405013684,-1.1102230246251565e-16,0.03407315405712835,0.0012588768060082245,-1.0554602691337234e-05,0.00164707062308167,0.0,0.04724682473235359,0.04519640363835803,0.04311917478317717,0.05203205994767568,0.0,0.0011056808986311673,0.03549215416628898,0.042349111414078155,0.06526060468445849,0.032462557869886055,0.0021692253880390977,0.0407115195410126
0.040638933754055306,0.017961531162922706,0.0037937850283314978,-0.0013300557384602896,0.001438579183816735,0.018447049992631248,-0.0008297977071881069,0.08065259154706556,0.0002719182591813807,0.0011091392416908152,0.04012691854579925,-0.0012630895026874978,0.004792882407093413,0.06606004463997939,0.07008494812053295,0.02896109315925327,0.002951796431528708,0.028399456482695984,-0.0009967605427659287,0.055485804622808554,0.0,0.04082599000332965,0.058629186617732976,0.04682582373196731,0.03566486445492556,0.04322440086136564,0.05387914933775284,0.004197002836025754,0.05025349598520368,0.0021566257856034388,0.002944403535807605,0.019840405246151716,-0.0023546039198508173,0.024155208469194944,0.008981457952284222,0.04520491382953712,-0.0004653952665786276,0.001997654688917827,0.055102146305760935,0.0429765359249053,0.070299419864155,0.06894534942380537,0.001954458242809265,0.0,0.0,0.11297228782832591,0.04777238046186921,-6.979341896029556e-05,0.0,0.0,0.039842627708141065,0.001334557340549658,0.06013030523459245,0.0009598448435986229,0.0003540541661349317,0.0,-0.00018184476547578043,0.002560855584973931,5.551115123125783e-17,0.04665943720891125,0.031387595654810974,0.0,-0.0008794623402844648,0.0,0.04851279523289015,0.07303258659591194,0.04431429920534019,0.06378275960652785,0.0024076346049864417,0.0006248165408411777,0.043192525984871555,0.054793090409535616,0.06351884814946868,0.06159981547321847,0.003453803241887765,0.009579948594350685
0.008586088250830348,0.004554453621242793,0.04335850837668792,0.03741840576588673,0.04008937673198343,0.03418511812684505,0.04797930394889793,0.03985013541415111,0.058576968741734625,0.02204972505824271,-9.891658208999177e-05,-0.004256658257131396,0.046518957910800074,0.0011810781476515597,0.04146002304802204,0.020477643583217853,0.020207361419353864,0.021411125212864313,-0.0017343538250444435,0.04089906662779047,0.04082599000332965,0.0,0.059999867732902556,0.003572227433315589,0.019177904624413544,0.008318724200593819,0.04267678617693871,0.0673267536791996,0.02301476830207594,0.08000362094046304,0.024665292831420493,0.028665082742837966,0.034339134510715574,0.031622838896525285,0.04808905086005011,0.048097498475765055,0.04747084914498928,-0.00018894826125165354,0.0480620633163798,0.03792415505081753,0.044831890057412394,0.05199700337484897,0.07948620592089528,-0.00040021954320007547,-5.68936401401654e-06,0.04082487648221922,0.017783816177520395,-0.00224612460120438,2.79803075081686e-06,3.491882199169183e-06,0.004140283480316365,0.0027919845102840624,0.003875473110844019,-0.0012351174886228167,0.001529468498871922,0.0,-0.0007883473029107191,0.00048561427569215887,0.0,0.044717510503909486,-0.000979907031234739,-0.0001646229732815696,0.0034225905303750803,0.0,0.03106108837677929,0.042109554966334006,0.028715280775030216,0.04750166147952262,0.00021179126770903833,0.011263356120312595,0.031075293293106765,0.04502589451535072,0.0004961534093849695,0.04491187871709179,0.0008946455984780166,0.0079998510699828
0.06312370952512536,-0.01181748498328189,0.08418528572074413,0.012699849028113164,-0.006716974482190385,0.040025493436962045,0.047871588210459115,0.047535478023033595,0.04372007727590088,0.051051360528981515,0.05269645096461478,-0.0075059262048156605,0.04126250765919004,0.04797701124214854,0.06721796108497347,0.0010694348133958864,-0.000884336501150218,0.07946666691751553,0.077761593526539,0.04497310382458336,0.058629186617732976,0.059999867732902556,0.0,0.05732842405314742,0.01624040060996451,0.041325658073931626,0.01767509249367133,0.03647314158861059,0.019060881575574062,0.0284746124573782,0.052463595326109114,0.03296336582117915,0.04830210659050399,0.045359752108297624,0.023652877892948065,0.06244516310554782,0.02178317191354051,-0.0026026976654076606,0.03952387446187128,0.04767467065496578,0.04870985701668096,0.039847796710794636,0.02904757775726713,-0.0006610974519994928,0.0009652772519290198,0.032054266598988634,0.05509214852137462,0.07701535067227905,-0.0006277921530569164,0.006569668780043392,0.006336460820591694,0.018197071445843704,0.025922604693618734,0.02729933852955091,-0.000942806984670308,0.09130662319759508,-0.010663877670093747,0.03183988753989109,0.08080045412076892,0.05177040695780988,0.001750105549896963,2.5675238318145777e-05,0.0024102605604738314,0.10979361075064653,0.06206966784442264,0.0503617464074439,0.0555050515450195,0.027452805369858835,0.00016761513882301848,-0.00043748516981767516,0.053351990307112684,0.02332556394237628,0.03849942563683939,0.03720026807765264,0.035481224190317406,0.04497799047625983
0.05485828428589784,-0.007955451178823458,-8.163563178575917e-05,-0.0024845541024339224,0.002162059420493634,-0.001630169545059068,0.005753870930263916,0.055024285959372365,0.004281206922359226,0.061929366238843764,0.007526238366212246,0.03590243906534557,0.0017157605096403405,-0.00011859276636405625,-0.009241952070345227,0.029456358077436795,0.021673720072688918,0.02539720454267763,0.0021722061348632415,-0.003094941426531106,0.04682582373196731,0.003572227433315589,0.05732842405314742,0.0,0.0257521319470147,0.025703577413440093,0.00466608158254711,0.058642702945686354,-0.00472860211510695,0.0002332406258565567,0.055192092777890056,0.02996065461220282,0.037921566506257,0.0209368708835323,0.05683746172802345,-0.04041926746400698,-0.0035361217641886045,0.016597810362906307,-0.00031736263143467003,0.021360276858478744,0.01026339306069618,0.05835038054209912,-0.0005264701834611918,0.00046948063107782323,0.007395970577823596,0.15237244704557606,-0.042985858508203245,0.0,-5.551115123125783e-17,-0.00010141248759598653,-0.0001330792578777551,-0.00010108917427742448,-1.6653345369377348e-16,0.00017248445828177417,0.025508164491918728,0.00013473885985920697,0.021689858706838983,0.04230313686083603,0.0,-0.0008655355732468117,-0.033711686870400714,-0.015323945326450816,0.004328235678338843,1.2358387479038946e-05,-0.0008290305381597474,-0.0017631701353719165,-0.0012130456927585964,0.0003800004042155969,0.04344799045224146,4.2716192765523964e-05,0.0344588576558042,-0.0008767225066543816,0.05177071190533844,0.002469478382445156,0.0,0.03150868279729502
0.019783003175414038,0.021997322993226376,0.019591617515245685,5.324168745707292e-05,-0.003352137703495073,0.04238173451803395,0.07270484264250798,0.04106759816572869,0.05293116289325106,-0.00014234341800084538,0.006029815221611279,0.015425981678448386,0.06215550009765253,0.0007438488340983374,0.013119826010683566,-0.0014285012394472107,-0.0013757807195055594,0.015416237741054994,0.0003772345884280326,0.022366169964250004,0.03566486445492556,0.019177904624413544,0.01624040060996451,0.0257521319470147,0.0,0.024070877026095838,0.018312959288248,0.055771216452271344,0.05121545722069021,-0.001038032608550843,0.006022940564548662,0.02538186897693462,0.03864783385363885,0.010477539883788578,0.0017278231520449494,0.0037746059481975625,-0.0005976133032867259,0.019185464005971653,0.031530962993052025,0.025764896753798172,0.008053506984472547,0.027592730567168156,-3.873517322894315e-06,-5.551115123125783e-17,-0.010072869582012978,0.06421169577756808,0.013187167767929997,5.551115123125783e-17,0.0,2.220446049250313e-16,0.0025789380798589834,0.0016995560286436895,0.0033696276852394624,-0.0011315393069092905,0.020621770415916174,0.0004545724985912658,0.019190040935946062,0.00027467166200889626,0.0,0.0012521116583427139,0.010392224156473229,-0.0007087572856445123,0.020843433797735567,0.0,0.0035431099714780534,-0.0011415000129894604,-0.012701839418066352,-0.0011037245690135866,0.04266096691302118,0.018424846543817208,0.03011405365634595,0.00031233714259998324,0.0026035274484964566,0.004638771690975374,0.0,0.026430924141499335
0.03315905577641315,0.0001285692567806196,-0.0057949521988358565,-0.0011236300142151712,-7.314172927241902e-05,0.028040813402480935,0.05900751029186341,0.03658456683894479,0.030399985927908046,0.035992839347718575,0.005203410283568521,0.026398201357837048,0.05735220046849138,0.02386135644871462,0.0411502135150017,0.01337000616960854,0.005537673118780839,0.017170485230055488,0.0016104806542892036,0.042779530088730255,0.04322440086136564,0.008318724200593819,0.041325658073931626,0.025703577413440093,0.024070877026095838,0.0,0.04258259164247591,0.05711485012709239,0.04121067754763946,0.055913078335567135,0.026406716046028178,0.0240033723090341,0.031249789634070935,0.015305428280005584,0.012821416014352549,0.022478691750229596,-0.0017331280763971946,0.03396833859840448,0.04156752792480928,0.023040609987427296,-0.0016988243524603264,0.0222792195610379,0.0002791096148795358,-2.1824451492125085e-05,2.3554649514201387e-06,0.06811869702966378,0.035152063783565,-0.0010862068864120888,0.0,-2.0112502850389014e-06,0.005789650637535282,0.0021176381245472387,0.00391540184146516,-0.0003687774269406363,0.012267583892310807,0.0,0.01670416783966039,0.0029266675667449227,0.0,0.043457521212392436,0.013211064882394596,-0.018405205978629824,0.00025037258190035994,0.0,0.02507507313592683,0.044142244190286006,0.01459053764488183,0.038200969302552235,0.04465012103951749,0.01167980037541072,0.03472060185521303,0.02551079447045329,0.038065276365784606,0.008833338040338312,0.0007362285463002327,0.025007869537509497
