0.0,0.5630578716725583,0.3242408876158457,0.0,0.4238415416401571,0.35309613175834315,0.7845606361598234,0.3962974830481698,0.40667055177201683,0.4005009717507745,0.39030897690714744,0.4085115537875573,0.6722984636290426,0.27836168846376685,0.4267163669842807,0.4745357377349405,0.36423135343798735,0.48557120400234377,0.0,0.4115072479514952,0.3913344166689343,0.27379789303837865,0.3777011231210869,0.4559112100160392,0.42599697206369724,0.4681669651742265,0.38203840252249,0.46034847056351746,0.42966733274442237,1.2584762816554729,0.5674717956562882,0.6625153924961393,0.5921464126663978,0.493481008434643,0.39243426336997556,0.6004805705890297,0.4919161501066839,0.3997833448318414,0.5572859599430675,0.6119145456965638,0.5812085238697395,0.5342904780968016,0.4699881665870014,0.0,0.4172841426903928,0.5457890148681699,0.4872752761107556,0.0,0.0,0.0,0.556884275573734,0.0,0.5168847798327307,0.0,0.40128837486517244,0.0,0.47557755901846144,0.7026275537591453,0.0,0.5513872374428931,0.6546408193248765,0.2896227995035443,0.5106817474241687,0.0,0.46378389416400245,0.6900244131085982,0.5144022115106099,0.46236134736002416,0.413200017564134,0.6256917459074924,0.6954113582100849,0.37738753984625384,0.40425712292179655,0.5123268917871214,0.0,0.5589102034467769
0.5630578716725583,0.0,0.49559937314669555,0.3266998496131287,0.6041030946134375,0.41271790735363,0.5721806052141303,0.45156657499525643,0.29192153715109836,0.4505019925346149,0.321819865015209,0.7263738024367116,0.5043902336964798,0.5084345996136515,0.5586265474448884,0.42989573515231816,0.21074730988242651,0.48298042779248246,0.6209607862137119,0.3236433508051966,0.5788468705578376,0.49467737017393004,0.49403503428013373,0.3513864827662123,0.38418243890676623,0.23744362712685207,0.41777985303137577,0.52256436795392,0.41918387074114355,0.4328177868072296,0.5875471493523401,0.5671623875635693,0.480447449200526,0.4181478794758105,0.3872192003410016,0.4275895189248317,0.25289455471874667,0.0,0.5978738980295796,0.5325864721066579,0.5425851580255838,0.5590593579130734,0.6228350592268956,0.0,0.0,0.5166101953576268,0.47610835346122415,0.051689258153815684,0.0,0.0,0.4931204825684668,0.6002612200760032,0.5472046648772793,0.5574173157984701,0.6120119042311181,0.0,0.4252972036458964,0.6023580054075104,0.0,0.6827025555528574,0.5940136756063604,0.6056260110813476,0.4129893082797905,0.0,0.7691888289004798,0.8253758964333247,0.7571818495610813,0.5805809712038804,0.3710643144973893,0.5212022196918741,0.602283171813272,0.5384840022198066,0.5864819361325673,0.5308798313351106,0.0,0.5769145316974933
0.3242408876158457,0.49559937314669555,0.0,0.44575015421852193,0.3084401689864819,0.1939413255596812,0.46815132153914624,0.26533391994496863,0.20166667561920598,0.3997641303835832,0.33503492458277795,0.4761544606797199,0.38849947395919404,0.18850560185523635,0.3273517903796061,0.3795047605602886,0.5991029960177225,0.5019827329702015,0.27238734352232685,0.37117715895148895,0.35192703429521766,0.4911283678133279,-0.06278986251140356,0.3961585495883837,0.490333563886683,0.4156666879556164,0.3017209686116161,0.43152351674821143,0.5323593188918047,0.5564647173472494,0.4074384279051242,0.5748396510054676,0.4524434677379462,0.41311660241563997,0.48163563747485927,0.2593217305049331,-0.09688085633896376,0.4327563677401851,0.6025687955174464,0.471926525375301,0.3868480024430009,0.5374127916484273,0.2310326809767255,0.6134381806452782,0.0,0.0,0.19734436602900574,0.2968940742568985,0.47417901506573434,0.21779734787926697,0.18854740765784053,0.19452580499036537,0.2242028427506505,0.22529914945049556,0.3911305604649832,0.07605984986424605,0.45656592593681244,-0.0735826664738839,0.5028158871920951,0.24274315778512187,0.0,0.0,0.0,0.22126066802736274,0.5939266740231718,0.4437348643617509,0.0949136093564488,0.40746836330495895,0.0,0.6232367018294698,0.3329523202479695,0.24726783833168256,0.38217188546824693,0.5942974803375338,0.6863948951934407,0.34649354294104945
0.0,0.3266998496131287,0.44575015421852193,0.0,0.5396252627306142,0.39030488077348896,0.7647774128005619,0.3621380209651042,0.4180402730765163,0.29516319229514487,0.4387689762899748,0.565663305253916,0.39674580680283567,0.12363995404588254,1.0285743713000373,0.0730118027673016,0.5410793168267563,0.46974981442856095,0.6215201987851743,0.8152646899834446,0.41641798661996465,0.9890256345085648,0.5802780434053838,0.22312752663196586,0.8650760134834878,0.5807957267445696,0.5811355115421735,0.4518651606891372,0.37965428437378096,0.4898827436477581,0.30288186594654704,0.44458673520380687,0.3670679099195477,0.217638307378096,0.2503791633478621,0.21061416829450313,0.43347833037746,-0.05664628021040097,0.28815089543132566,0.2847824637323222,0.3832538907336256,0.27174395902943205,0.23073911393840835,0.22405259300352448,0.0,0.0,0.0,0.3794752204688795,0.0,0.0,0.5724720143242259,0.0,0.46578826305412724,0.010529367718029474,0.0,0.18131189168528705,0.4591535108477218,0.44750760389963884,0.0,0.0,0.0,0.0,0.0,0.0,0.0,0.0,0.4557782983370711,0.5339610264462986,0.0,0.0,0.0,0.4726609792942801,0.5210509357000157,0.55853546572426,0.0,0.0
0.4238415416401571,0.6041030946134375,0.3084401689864819,0.5396252627306142,0.0,0.29352433845326104,0.541221447263552,0.42513295735570555,0.32008819579697223,0.6423431774579877,0.40648564145787525,0.46808000101311276,0.5239324580138187,0.2909521485277062,0.442608943012104,0.7072012237164405,0.509775589889698,0.3281917510935368,0.5170091769273193,0.6133723337805685,0.47156216903308035,0.7327513153915179,0.4024009824582801,0.5396263265714896,0.3910457765739902,0.6452981299739313,0.36575503600148673,0.5242572027375138,0.7260429116908165,0.43666798665313755,0.4367922624534203,0.4195146487466045,0.07023188168616981,0.3657579220724119,0.27784315741735544,0.4410306225036802,0.648463053178848,0.2220301336439832,0.6098775391477459,0.7045671825471318,0.5279133852919538,0.4216403815082377,0.2065902311772186,0.6822153471199837,0.2492167588537764,0.0,0.391192840864821,0.10357048659737703,0.0,0.5377750835124532,0.3709003441830647,0.19465978567754344,0.3779237070147684,0.34566159609028,0.0,0.25893111655367884,0.3355368334624075,0.660248795969747,0.2081022429850921,0.2495327243561846,0.446407601521826,0.0,0.0,0.30430381169258214,0.339757993356612,0.49104706036516993,0.369226769956289,0.3593075932527998,0.0,0.4733153291732204,0.5752831865277909,0.4106945782345925,0.5523881116876007,0.4214073146521724,0.0,0.477775519514704
0.35309613175834315,0.41271790735363,0.1939413255596812,0.39030488077348896,0.29352433845326104,0.0,0.36038192618990533,0.2406896020826495,0.18043595969204312,0.4453974587945058,0.23030944491073724,0.5832203261212859,0.21229914913014664,0.3264603320192766,0.43653504898063855,0.48901887716009973,0.46742726486422304,0.5094120244269084,0.3676200937701322,0.3453736128253798,0.44576984477184517,0.35007301644006655,0.3157113824248202,0.29758797351106986,0.49183984685904736,0.5233910944942388,0.2039687234783667,0.22643101982385724,0.2994654269551368,0.5007795134241544,0.38883691247302316,0.5407096191534304,0.7567847630046367,0.4367533002378465,0.5951997252932546,0.7595565905208892,0.5002660152765817,0.37085904411128356,0.25131621208645427,0.29214367572897265,0.17217396433492638,0.4160624908025932,-0.0603060412174678,0.49589307490308143,0.19653049720955823,0.5844665822984797,0.47041734719811223,0.3342800687457239,0.5517620047655499,0.2506016336229562,0.256895144246638,0.3924617352695958,0.283719652441863,0.30931691342063455,0.644544625166097,0.5732908608417122,0.3167906002689698,0.372495835470775,0.5501437707837368,0.5280494078466889,0.5497904454042304,0.0,0.5128246148095489,0.5648051397574907,0.4765160964414872,0.3536780079770807,0.5121747225162882,0.2294749195199322,0.5850617565476753,0.45879940066517433,0.4306559286238363,0.19489670499832934,0.2291385856603173,0.1849205665995561,0.42269946766812216,0.15899995247852672
0.7845606361598234,0.5721806052141303,0.46815132153914624,0.7647774128005619,0.541221447263552,0.36038192618990533,0.0,0.4800332694210831,0.3341072120185271,0.5071114405358946,0.49743157695428863,0.2749972733217724,0.6635616908863089,0.3169047308014724,0.478211153422309,0.6646009685707015,0.4077987675335135,0.5854896862654249,0.5171188290091765,0.5859236410795283,0.5355860086000417,0.6311509416668601,0.50987953395828,0.48704370761287513,0.5986747498804985,0.6476464784353126,0.4051960833857965,0.5430359413079457,0.7310386415754149,0.4672195025440883,0.40415945890421245,0.2355436473689533,0.12658755022965879,0.3123203270553917,0.5291394056885,0.5321539499946176,0.6044981650065357,0.4208643722475869,0.6039553744950992,0.39628629998969866,0.5773144020361901,0.5260455899221155,0.126621206313151,0.7662652629467364,0.3193963516727403,0.0,0.5570087781687394,0.31740086090916253,0.0,0.24968715058236451,0.3291308832363976,0.35691395002157156,0.5156578537297907,0.4618212511458824,0.5524871530843241,0.10605943415940416,0.4370406275690688,0.454074487837045,-0.36877317169040247,0.3175621959676136,0.5705085683322444,0.0,0.5284868922252065,0.2116622865443851,0.5677844130141698,0.49657701978838253,0.5946568317953694,0.4696462223005498,0.471390300454937,0.6005722426720046,0.503115806363393,0.3092728791459749,0.5261591367143814,0.4123792459309018,0.74936033753922,0.47531789866355
0.3962974830481698,0.45156657499525643,0.26533391994496863,0.3621380209651042,0.42513295735570555,0.2406896020826495,0.4800332694210831,0.0,0.30972967027450404,0.4104627006321888,0.4597845176248828,0.6101361086849151,0.4990319953987573,0.35566884400741733,0.31992948860046977,0.5251777496479701,0.4263037988550119,0.3998979177347662,0.4161577482544732,0.39145273922291907,0.2196294184988538,0.4036020770299369,0.37063070966833933,0.17657169601714018,0.43825437488571906,0.3151533424109668,0.2846339993994489,0.526237029680273,0.4826546886623101,0.5861177283965333,0.44162954634225865,0.7235114339733215,0.5103736802246082,0.516047564646179,0.4363186367473103,0.3261726168930599,0.6877495354813794,0.5807758121157403,0.20821014516427375,0.42590227885771303,0.044929200271204894,0.4769702819779835,0.6023337523278162,0.4257776073532451,0.0,0.5447359059131487,0.32526768077913387,0.4393921049145675,0.0,0.6186120529198835,0.16830080366818245,0.5586277086251714,0.05090800158638986,0.37710606248556705,0.8222640443516158,0.5436071499991636,0.9277472034561238,0.27672716422119914,0.6296738265637559,-0.1203125564126089,0.35827278645199584,0.0,0.6334678271313923,0.5937707178273252,0.5245607481323307,0.10150747684592304,0.41166989283516886,0.20462214372341378,0.0,0.4190854785181819,0.3423950280020998,0.09051260831182889,0.14230395998076517,0.05858300517854137,-0.1267329639337273,0.026509049934355045
0.40667055177201683,0.29192153715109836,0.20166667561920598,0.4180402730765163,0.32008819579697223,0.18043595969204312,0.3341072120185271,0.30972967027450404,0.0,0.4345451521790027,0.3602514482602571,0.05893761864961844,0.15491762578635299,0.3745449406093848,0.5320056842463807,0.6043047138951836,0.398416499234873,0.5389640566085389,0.36908684759071664,0.35738258115876664,0.3539247200825033,0.3911405943323307,0.2637882678714875,0.4075769130088463,0.5175021570836054,0.3967941276082797,0.19952504272177424,0.37077479995699814,0.4021157368705516,0.5665345038193437,0.363203250024422,0.5175893657751285,0.4481802493245803,0.42791732362688617,0.42469103502769856,0.600136166525174,0.31818153403192584,0.15528192004517044,0.5139652990819668,0.4802273111869828,0.4174227426825738,0.37378058069871695,0.5418437782973926,0.4383517444413997,0.2756183888490961,0.0,0.4843018287310553,0.3813674999722249,0.47030834373223285,0.5446985858761881,0.3583428573945089,0.4560900838876246,0.3537065179479908,0.3025052879494794,0.19943412668678018,0.3389969734036179,0.409110285419686,0.2434844312920489,0.555639077361928,0.44648090308489014,0.6530904471320907,0.0,0.0,0.651052772970844,0.5796364933331626,0.6939825728475761,0.5335719708612535,0.41908289614047034,0.31896565652639336,0.5342718375728821,0.27233500499262364,0.42133498715698814,0.023717723733206852,0.5348293516476523,0.505336091491299,0.5836819796509597
0.4005009717507745,0.4505019925346149,0.3997641303835832,0.29516319229514487,0.6423431774579877,0.4453974587945058,0.5071114405358946,0.4104627006321888,0.4345451521790027,0.0,0.46593661028026034,0.7449301428367293,0.532144873708579,0.7378037249923799,0.4517100127120285,0.3860755075797433,0.6003625441691351,0.4570206020183297,0.5682252317982729,0.37718942080879125,0.4862491575716109,0.33017670639203456,0.45169510225070614,0.4926601697811638,0.6122958924049959,0.5797570191153623,0.2997976283239858,0.5114408684770184,0.3664951784477763,0.3636252138710253,0.5637570892524022,0.4700612780756629,0.5931024840914154,0.7374555745613562,0.18353453080942725,0.4759339624522382,0.4619080648315449,0.565570586527049,0.465787325762997,0.3363756269270942,0.5130725527502589,0.3317632145606111,0.26955125568318467,0.293391421096779,0.5149273544181562,0.5449765036052947,0.528646101394208,0.1526802519086195,0.482146884470605,0.41123832372768093,0.49043735669231203,0.1376277743403938,0.5634361440284851,0.20922568327140462,0.4242386752072234,0.43147716969896766,0.47292554985938773,0.24249896828411338,0.0,0.8970077302385493,0.578486053829115,0.3173814856347806,0.4552440490430979,0.4666513743652511,0.46380369060761095,0.5443523202240612,0.33125199339128053,0.5404040357198694,0.32498739647222885,0.4676421353279175,0.4369121694162632,0.5662777364981295,0.29277260561752444,0.39293275797575017,0.0,0.4849707158564789
0.39030897690714744,0.321819865015209,0.33503492458277795,0.4387689762899748,0.40648564145787525,0.23030944491073724,0.49743157695428863,0.4597845176248828,0.3602514482602571,0.46593661028026034,0.0,0.3724756743512159,0.42299447814175994,0.30879782512678183,0.0,0.5132060819532105,0.4629049134860137,0.5011650457076862,0.3091316071111596,0.44535855954765546,0.2139746990743541,0.38162453586250233,0.29758172024258855,0.5588425523821674,0.5253174392216007,0.525242541139157,0.13017013376163117,0.3622745321059718,0.3874751882381619,0.5004649254972579,0.43216623419841804,0.6385438727980222,0.41749923155137975,0.45750853277161296,0.37828092535700614,0.454460729890406,0.5154123193049898,0.4151649827213204,0.5511515701229179,0.5331708479607327,0.4915205725944615,0.4521494638111714,0.30319514634970535,0.5512914102293306,0.1851354734774746,0.0,0.0,0.09530354143298359,0.46651510725253853,0.21573683224882773,0.2817771941954045,0.3468027020069914,0.4648271333712556,0.29477002656605844,0.46067490731874994,0.33270725709817367,0.3862206156936757,0.2531730776483535,0.3409153584617715,0.0,0.0,0.0,0.0,0.23587457363017744,0.34959301076946775,0.0,0.6603058528721744,0.3900015235776616,0.0,0.0,0.8893726512219797,0.36682224863856794,0.0352440337525704,0.347741603613648,0.0,0.5275990789839855
0.4085115537875573,0.7263738024367116,0.4761544606797199,0.565663305253916,0.46808000101311276,0.5832203261212859,0.2749972733217724,0.6101361086849151,0.05893761864961844,0.7449301428367293,0.3724756743512159,0.0,0.4625561614062663,0.6085674476445166,0.40938697198293267,0.9599625667148036,0.7689912506328649,0.8091134266878433,0.33858833762403073,0.5533200819981807,0.4426881409973629,0.42408843768785276,0.42384035950218213,0.5410267333611642,0.6943424909376255,0.5490449126512297,0.4825723816361769,0.615858580230021,0.6004139578494785,0.29469143707901135,0.7305465059770337,0.1262022561153598,0.6111643125006152,0.8189336897024415,0.05937289581711622,0.27679374058819556,0.361189452619057,0.4034804954135201,0.6559939582635623,0.3560650442693892,0.47303270684474197,0.30320992656462137,0.3716386201154742,0.4127683161597549,0.36533040215880985,0.37325040990323244,0.57880725361008,0.25003838143310986,0.19711072788750056,0.25821341519459284,0.34060945669089393,0.551817375104962,0.2332367169769589,0.3854173364582474,0.5106987309572613,0.23182989673918816,0.5677589882069165,0.44103488906546273,0.6720289692933251,0.6213161957291351,0.5300445488038674,0.42136579170666416,0.6174448582961883,0.3342682067694873,0.7302166298651969,0.7606271394363643,0.4022979631233138,0.5500389356138411,0.2883882241144702,0.5488216290221156,0.49007954170933127,0.35568230255701744,0.5713975135561009,0.4794144006179367,0.0,0.5446596800774777
0.6722984636290426,0.5043902336964798,0.38849947395919404,0.39674580680283567,0.5239324580138187,0.21229914913014664,0.6635616908863089,0.4990319953987573,0.15491762578635299,0.532144873708579,0.42299447814175994,0.4625561614062663,0.0,0.4409239195435869,0.34035949251342895,0.6137882381671244,0.3780544497788993,0.5153579466326095,0.43892384271598256,0.5791391912879471,0.47987871601879184,0.5440108500321448,0.45823198697424905,0.4827468311620598,0.5331624593414452,0.6286411845522327,0.3456630963998525,0.3471409716625021,0.6597575900248629,0.29110692116730413,0.27720379223786473,0.33316272090070487,0.22990870973671648,0.38022702693155613,0.34526047720414377,0.4249937641724185,0.37011970694856905,0.36167051154949537,-0.1853163416280334,0.47603055782088455,-0.03714651489112214,0.5380522918346524,0.1413198930409451,0.38311104463727874,0.36634421149595164,0.579529723495573,0.6267789601300523,0.3506504438778236,0.0,0.8700057900842851,0.41876653820007825,0.432055193941858,0.4197462206437029,0.43440768346041814,0.6711658700059326,0.005248363423250746,0.4347473271366237,0.5390925596692774,0.42797946797567477,0.4312103801385159,0.4843794711197393,0.37714323296431035,0.535438996852581,0.5875752884719485,0.41326980879672814,0.5526095405198406,0.5129737066566449,0.45201222207026004,0.4769573386991345,0.4606805626527135,0.4519295677585726,0.409690397656269,0.5149069029874334,0.2557412279831785,0.5050220815980664,0.20855097923588034
0.27836168846376685,0.5084345996136515,0.18850560185523635,0.12363995404588254,0.2909521485277062,0.3264603320192766,0.3169047308014724,0.35566884400741733,0.3745449406093848,0.7378037249923799,0.30879782512678183,0.6085674476445166,0.4409239195435869,0.0,0.5092411122588247,0.5540711295017545,0.45306036862865773,0.4999535462402197,0.3427732614365854,0.3850591724149006,0.3198689017969408,0.2496047559715299,0.4938555515522916,0.6060135036192593,0.5159183605387498,0.42125412774878856,0.3324696231302205,0.4130959321918419,0.3688443671061079,0.7673246316303696,0.32181282084593976,0.067456047701667,0.24096218490388427,0.1807359176077934,0.3596872754104977,-0.04820925308324364,0.10065481955482902,0.4043601141297287,0.6995613620923455,0.0,0.686462875565343,0.8195712711318327,0.38329633922520356,0.47338475106645417,0.0,0.0,0.0,0.20939382489707797,0.0,0.06617252464951845,0.4418792589567512,-0.044179243867485674,0.5066189733908035,0.24915654976288926,0.0,0.46856323360036967,0.38030138081738096,0.7019778367751446,0.2483835894295982,0.0,0.0,0.0,0.0,0.41031713130349723,0.0,0.0,0.0,0.5862251999021466,0.0,0.0,0.0,0.39046621533000836,0.730385909691586,0.0,0.0,0.0
0.4267163669842807,0.5586265474448884,0.3273517903796061,1.0285743713000373,0.442608943012104,0.43653504898063855,0.478211153422309,0.31992948860046977,0.5320056842463807,0.4517100127120285,0.0,0.40938697198293267,0.34035949251342895,0.5092411122588247,0.0,0.500850751272502,0.36371785119385075,0.4122240620594242,0.0,0.44221380063946597,0.2748865374735974,0.4413561605782255,0.2099408360412205,0.29695626269393216,0.5713343698242521,0.48262138709683833,0.19396409185679675,0.45748588310667154,0.481898403982653,0.388936919445741,0.7512408838711313,0.6684934152236753,0.5496891937171169,0.7527541488062623,0.8365328309401621,0.8743665872413882,0.7720126301457001,0.37209411758928,0.34966800701761946,0.5395458238268735,0.4810296410348235,0.41067552875024316,0.5758054718082215,0.587857919277641,0.0,0.5605563592929419,0.6597565177631595,0.4475644574217498,0.0,0.0,0.35216671932608223,0.6863327358233731,0.041572953437483795,0.5347633223533662,0.0,0.0,0.6603447416009655,0.518815752843687,0.46961261275690325,0.5874303787252876,0.5618269738384862,0.618297042620557,0.713586169083986,0.0,0.5881338577848418,0.4812798181637433,0.673492672517382,0.42742991179053696,0.438853141611024,0.5385833118652776,0.6073211354113315,0.31707625216137103,0.42078672715097054,0.17139354059266593,0.48828959853763143,0.26102761014885667
0.4745357377349405,0.42989573515231816,0.3795047605602886,0.0730118027673016,0.7072012237164405,0.48901887716009973,0.6646009685707015,0.5251777496479701,0.6043047138951836,0.3860755075797433,0.5132060819532105,0.9599625667148036,0.6137882381671244,0.5540711295017545,0.500850751272502,0.0,0.38657865867008534,0.4553676980241419,0.44440591278962666,0.03918009513779888,0.33224617400177514,-0.06803883804576366,0.4445581260216187,0.5574435171718637,0.31770592049221413,0.3687670310730607,0.4308258957629514,0.4412279073959379,0.22875159531209918,0.37554797575466814,0.4582942951977167,0.5516098465893853,0.2337639228751001,0.3798415197364282,0.38065452030036817,0.6403554526663017,0.36114424995805294,0.5851880976394377,0.5398748623812677,0.4605434238236771,0.5588055352428909,0.5519339783297155,0.4701442925238141,0.0,0.0,0.37536383512231913,0.4960821738257901,0.0,0.0,0.0,0.5100975919812731,0.5820406401601701,0.8583886799059463,0.0,0.05277918525164943,0.0,0.46717461823320106,0.5725458972720977,0.0,0.6275749503627239,0.5885084209141125,0.1265099732833299,0.515714602954779,0.0,0.521409073749267,0.5874405343333619,0.49654778195363886,0.5343211645908804,0.35997842347981746,0.683441678981123,0.6297082471400324,0.5305954191356822,0.5712307406159233,0.6268276929073828,0.0,0.4855108052661272
0.36423135343798735,0.21074730988242651,0.5991029960177225,0.5410793168267563,0.509775589889698,0.46742726486422304,0.4077987675335135,0.4263037988550119,0.398416499234873,0.6003625441691351,0.4629049134860137,0.7689912506328649,0.3780544497788993,0.45306036862865773,0.36371785119385075,0.38657865867008534,0.0,0.4345467064294841,0.6387799297850876,0.3615264302810775,0.47254054915517074,0.45337451828342695,0.4812727932292655,0.5234604946845614,0.4791897136988399,0.5080305698005461,0.5337267242039647,0.08075290707938976,0.29086349385865534,0.4855050035724433,0.25875368804256493,0.5566525501060564,0.5124829938029101,0.6011110091275095,0.5789666707235331,0.5711128436902806,0.23871370685568294,0.44154525506463244,0.2763959918528996,0.4332965632441962,0.27970922380230945,0.5812005715803015,0.0,0.0,0.5104467298347297,0.6102594757260825,0.6158609111876832,0.0,0.0,0.0,0.0,0.0,0.0,0.0,0.4061286923904202,0.0,0.37896248093521767,0.3040767940001946,0.0,0.7524079827314585,0.48817977260700984,0.26348388130129635,0.3896596204076167,0.0,0.0,0.0,0.5665477058001079,0.0,0.3652103445166206,0.5026832888283126,0.48281206909455093,0.0,0.2792814127557506,0.46929131102066457,0.0,0.4216321101533439
0.48557120400234377,0.48298042779248246,0.5019827329702015,0.46974981442856095,0.3281917510935368,0.5094120244269084,0.5854896862654249,0.3998979177347662,0.5389640566085389,0.4570206020183297,0.5011650457076862,0.8091134266878433,0.5153579466326095,0.4999535462402197,0.4122240620594242,0.4553676980241419,0.4345467064294841,0.0,0.4732643797460209,0.3331467431863827,0.36270639268213145,0.336374657765823,0.41340902917575906,0.44878673363117605,0.4582589082385465,0.38785110441782744,0.4289068958171834,0.2950289334349857,0.2978572663768939,0.39326614405224813,0.43512321216643063,0.5664689519371706,0.5271384445738624,0.6800883021792287,0.4150301437942194,0.5138679519509854,0.25316217628356336,0.5567451071305807,0.4946596134611284,0.4393288174124116,0.3777407931396055,0.40453208326367796,0.0,0.0,0.583831361618288,0.5159807716630205,0.594424524744403,0.0,0.0,0.0,0.47481212218983504,0.5560212338137063,0.8628158435027347,0.0,0.4465467871749371,0.0,0.4761064912231955,0.5198684921235002,0.0,0.5375201031221867,0.5689049589083282,0.404737352768465,0.46897052044787635,0.0,0.4610143208202675,0.584208325332201,0.5187627055541686,0.7014458413894487,0.4123033478353504,0.5658523888323077,0.5142014838078431,0.45357670913183246,0.6637484879164064,0.4232084977585302,0.0,0.4282924293500515
0.0,0.6209607862137119,0.27238734352232685,0.6215201987851743,0.5170091769273193,0.3676200937701322,0.5171188290091765,0.4161577482544732,0.36908684759071664,0.5682252317982729,0.3091316071111596,0.33858833762403073,0.43892384271598256,0.3427732614365854,0.0,0.44440591278962666,0.6387799297850876,0.4732643797460209,0.0,0.539793220459239,0.45116202301852143,0.6839966655417338,0.25023133675103637,0.43675631606318804,0.5035520569750631,0.48545979726546806,0.2888612929305125,0.4352566010349508,0.5688712237725894,0.5784450036872528,0.4081027053101345,0.5565358150874224,0.4416886919462999,0.4721973367719134,0.5305563842842188,0.5223240276214898,0.35057166906609044,0.33452648890789183,0.6602726268425507,0.38206772990554927,0.3999874434725381,0.2159836901352417,0.2797080217539059,0.3572737061147513,0.4009573544367931,0.0,0.0,0.45904539713651604,0.0,0.3888644624258959,0.2462029788382176,0.24396529447102344,0.25573262233483784,0.1902808496367343,0.869653368477638,0.4156431527977855,0.5035384245692905,-0.08531758172846893,0.23468311958445914,0.0,0.0,0.0,0.0,0.4068633084545675,0.4696190709156091,0.0,0.4916126730178615,0.18851272182646323,0.0,0.0,0.0,0.32618594341556684,0.4836720086589871,0.4247605397803001,0.47517359772034184,0.522921147015422
0.4115072479514952,0.3236433508051966,0.37117715895148895,0.8152646899834446,0.6133723337805685,0.3453736128253798,0.5859236410795283,0.39145273922291907,0.35738258115876664,0.37718942080879125,0.44535855954765546,0.5533200819981807,0.5791391912879471,0.3850591724149006,0.44221380063946597,0.03918009513779888,0.3615264302810775,0.3331467431863827,0.539793220459239,0.0,0.3598273571817552,0.3131606457970055,0.47691355313716405,0.5318836458315219,0.40112384508150445,0.35572759155124556,0.25884687155983443,0.5999244597355434,0.27751220979577423,0.737453214525547,0.45744527308780036,0.7952061401943784,0.5166512179132917,0.7234769236508657,0.8043346297568995,1.096812348491187,0.8238244715443477,0.7704497209146327,0.29096895477892565,0.627009516591366,0.45612799023077555,0.22944346049692374,0.49161326837904396,0.2704050302094504,0.20244562551110604,0.44853931672221575,0.4889358199516556,0.4556797520304079,0.0,0.0,0.4208097719885124,0.6001120966889146,0.09303316794942462,0.39699105589363853,0.9269454626530029,0.0,0.5296486814465994,0.5110168879168165,0.0,0.5260096665150442,0.518968633557161,0.46968319669379277,0.5512091785237869,0.0,0.2158394391600764,0.42273983432989926,0.5696061997564017,0.21266125994939683,0.0,0.5129530988593113,0.713975028819605,0.17268305746003798,0.37977403314058156,0.2334126549205502,0.39020024172503043,0.5788731906002829
0.3913344166689343,0.5788468705578376,0.35192703429521766,0.41641798661996465,0.47156216903308035,0.44576984477184517,0.5355860086000417,0.2196294184988538,0.3539247200825033,0.4862491575716109,0.2139746990743541,0.4426881409973629,0.47987871601879184,0.3198689017969408,0.2748865374735974,0.33224617400177514,0.47254054915517074,0.36270639268213145,0.45116202301852143,0.3598273571817552,0.0,0.5591655063156753,0.20623983243322136,0.13634716349513443,0.39885900524144724,0.36007080941149683,0.2870818910596112,0.458137875072434,0.4907180206315861,0.494042385146219,0.5551232659388863,0.5577005202895897,0.5057691013961352,0.430867415346344,0.5640529260928456,0.8434692003725413,0.3128485153318303,0.5087938960236654,0.46982908606908824,0.64220138103389,0.3955566567128962,0.529955591219865,0.564840239619743,0.0,0.0,0.8479296885831276,0.6133183168539349,0.6212005386431187,0.0,0.0,0.6036640385108424,0.40124799589442905,-0.0033316258822223555,0.5049352960188436,0.5546521486460523,0.0,0.7368903622922092,0.6071490042020964,0.0,0.5101481088095594,0.5504225614631997,0.0,0.5005971653777415,0.0,0.39696535809968647,0.5659285560362799,0.5859949061524521,0.2152329941606075,0.7594790307233215,0.30599545885063767,0.8793703006924012,0.1309206886874525,0.12148104081850292,0.2482058258266738,0.3499090237936215,0.16330030741240661
0.27379789303837865,0.49467737017393004,0.4911283678133279,0.9890256345085648,0.7327513153915179,0.35007301644006655,0.6311509416668601,0.4036020770299369,0.3911405943323307,0.33017670639203456,0.38162453586250233,0.42408843768785276,0.5440108500321448,0.2496047559715299,0.4413561605782255,-0.06803883804576366,0.45337451828342695,0.336374657765823,0.6839966655417338,0.3131606457970055,0.5591655063156753,0.0,0.3110401263063531,0.32110831083296293,0.45363672028930013,0.4297887924574427,0.3456805520461862,0.5918940549672023,0.30477730352904187,0.6199697933982123,0.4786485517218685,0.9061884061899299,0.6311276615835947,0.7639005957149917,0.8325586849292155,0.882139346600631,1.1548259707891775,1.646352825375429,0.6077592990382523,0.5468944202922263,0.5894933980800086,0.45445176972889434,0.7345369268411539,0.3476307566711997,0.23494276988118004,0.3215543900622121,0.5209547826719277,0.5690225025856738,0.4713771714205065,0.24021519213191617,0.8366286255716926,0.6562135041092938,0.12227419701524919,0.6279351908817815,0.4176745911078365,0.0,0.5034678274834858,0.5757613669311301,0.0,0.6181674618773421,0.4527650329565637,0.4077611545963407,0.30172786846360483,0.0,0.5761202266556913,0.6808408917050166,0.6796238514974442,0.45228278425133744,0.7107006416726175,0.42354371890524267,0.6195899453244191,0.4850502141555766,0.5051902810092181,0.4709415050172293,0.5575561327531661,0.628520846174134
0.3777011231210869,0.49403503428013373,-0.06278986251140356,0.5802780434053838,0.4024009824582801,0.3157113824248202,0.50987953395828,0.37063070966833933,0.2637882678714875,0.45169510225070614,0.29758172024258855,0.42384035950218213,0.45823198697424905,0.4938555515522916,0.2099408360412205,0.4445581260216187,0.4812727932292655,0.41340902917575906,0.25023133675103637,0.47691355313716405,0.20623983243322136,0.3110401263063531,0.0,0.21698630897396115,0.4853282567242207,0.4008453400296757,0.18413093692694732,0.4877046330319803,0.43955156551185476,0.5070527587057272,0.4695056056043511,0.5138925040216547,0.1634978410448174,0.4926625509750284,0.5661538907983228,0.7915969784686656,0.5805539353609929,0.2771992047748109,0.24609700389249115,0.4092385363969328,0.20232506170061168,0.19329851345175025,0.41862671731449064,0.5359198176201098,0.5435314162136214,0.42778491358179827,0.48271028662398985,0.032358507968515304,0.4424968597784158,0.5114387686664369,0.14049232120775154,0.49469195241746255,0.3434829435166432,0.5087730226536951,0.5606127147273421,0.6215541778829905,0.43423485626269454,0.3967178195033014,0.6010854937128747,0.3559229257755173,0.5679848109430599,0.4638036906076107,0.5199927980749387,0.5107994817778725,0.2420696536052689,0.24000687171468965,0.41342741456370924,-0.007889500187009624,0.2132482487360533,0.5657065252048139,0.44784559863515927,0.1415205296338866,0.17433272192074703,0.20240290595430235,0.23351747493759312,0.22083012684317388
0.4559112100160392,0.3513864827662123,0.3961585495883837,0.22312752663196586,0.5396263265714896,0.29758797351106986,0.48704370761287513,0.17657169601714018,0.4075769130088463,0.4926601697811638,0.5588425523821674,0.5410267333611642,0.4827468311620598,0.6060135036192593,0.29695626269393216,0.5574435171718637,0.5234604946845614,0.44878673363117605,0.43675631606318804,0.5318836458315219,0.13634716349513443,0.32110831083296293,0.21698630897396115,0.0,0.3807234067531856,0.4328578612104834,0.23646192345548034,0.6372427551807005,0.5533396531389789,0.8084286990726826,0.7085298999261053,0.754299000642116,0.6606850149846712,0.8747000603901335,0.5156794495979738,0.3819861661708821,0.3549913812163944,0.5765182077722213,0.7914313081079123,0.5576798905198769,0.5519782827586819,0.6553898091533062,0.571222729023444,0.3654431171283036,0.37764997151987756,0.4386885161687918,0.37649373914902295,0.0,0.0,0.4673221946160223,0.5712256140906048,0.29000837221725323,0.0,0.02466389715850692,0.5487257477921009,0.5500028042445853,0.5678510212503846,0.4089231809011745,0.0,0.21475659169068786,0.37267253935243644,0.38359133360634856,0.5970332084451344,0.4792569873723299,0.3329137153500412,0.4000388492921102,0.1531766996465255,0.8406165662987449,0.3376046382756598,0.6366825027396765,0.5621041987411864,0.535125713189712,0.588354318429962,0.5896485751834128,0.0,0.5747825640006858
0.42599697206369724,0.38418243890676623,0.490333563886683,0.8650760134834878,0.3910457765739902,0.49183984685904736,0.5986747498804985,0.43825437488571906,0.5175021570836054,0.6122958924049959,0.5253174392216007,0.6943424909376255,0.5331624593414452,0.5159183605387498,0.5713343698242521,0.31770592049221413,0.4791897136988399,0.4582589082385465,0.5035520569750631,0.40112384508150445,0.39885900524144724,0.45363672028930013,0.4853282567242207,0.3807234067531856,0.0,0.2662033531377913,0.5075275230056445,0.4153717739987803,0.4172132176770631,0.5727798640615455,0.49068456453990217,0.45341700465784857,0.55901740991244,0.4965426833503625,0.4335413995996986,0.412049322775991,0.595371209594376,0.5573285149849994,0.5414970078906112,0.5087009593816166,0.42775076850628435,0.4791859480396402,0.09600179729846652,0.0,0.5151415922744,0.6115898262615687,0.670659097518721,0.0,0.0,0.0,0.5295855010581679,0.5170721927033102,0.6364113690875823,0.42792159189834894,0.35631296205628304,0.4426063164885588,0.4632200490186763,0.39988442576863537,0.0,0.5243346400304107,0.5643737433468099,0.3646372230862628,0.4913687633653044,0.0,0.6287753593777929,0.40240805690264325,0.4129189676740234,0.49028281576846494,0.3893789590523139,0.5771751554275613,0.47979897134548094,0.44835682233833524,0.3008107433197621,0.46262763806879575,0.0,0.45202717771298495
0.4681669651742265,0.23744362712685207,0.4156666879556164,0.5807957267445696,0.6452981299739313,0.5233910944942388,0.6476464784353126,0.3151533424109668,0.3967941276082797,0.5797570191153623,0.525242541139157,0.5490449126512297,0.6286411845522327,0.42125412774878856,0.48262138709683833,0.3687670310730607,0.5080305698005461,0.38785110441782744,0.48545979726546806,0.35572759155124556,0.36007080941149683,0.4297887924574427,0.4008453400296757,0.4328578612104834,0.2662033531377913,0.0,0.5429245360518984,0.559640553860521,0.5103647606877231,0.2662012296598727,0.4136978587317696,0.6264035711220359,0.5234629300888096,0.47019661281999653,0.5021853041066895,0.7134979062171445,0.42663874749765895,0.48915649273159495,0.4842213449354794,0.5070236704564048,0.4848715524730768,0.27898875787846983,0.18569195458081209,0.529741121340596,0.5310164381608236,0.5652271899245538,0.5606267189092012,0.6452875552564453,0.0,-0.00410832894424666,0.509612452386704,0.5652284713635142,0.5252764785090008,0.3901696541896857,0.4117815528963211,0.0,0.5204304925440479,-0.01097676627191918,0.0,0.7203705034822019,0.599677659108365,0.3416646962260156,0.4875398956305078,0.0,0.5211808028400726,0.8473327631344387,0.7345370227076743,0.4994767705778455,0.48026317836355736,0.5423112988918976,0.4549369310672937,0.4707099919938835,0.2376837736158034,0.7797645622044743,0.43745543253087893,0.46548822653083965
0.38203840252249,0.41777985303137577,0.3017209686116161,0.5811355115421735,0.36575503600148673,0.2039687234783667,0.4051960833857965,0.2846339993994489,0.19952504272177424,0.2997976283239858,0.13017013376163117,0.4825723816361769,0.3456630963998525,0.3324696231302205,0.19396409185679675,0.4308258957629514,0.5337267242039647,0.4289068958171834,0.2888612929305125,0.25884687155983443,0.2870818910596112,0.3456805520461862,0.18413093692694732,0.23646192345548034,0.5075275230056445,0.5429245360518984,0.0,0.4813544545197985,0.27829578142763983,0.4912993896308656,0.5078678821181335,0.5913378937478065,0.5481895717374199,0.5789095758103537,0.6612384121073245,0.8670792026608958,0.6839541525303019,0.3559577088096973,0.28461511774656195,0.3600950456243919,0.20930330930842392,0.1342353395894682,0.3231651374546322,0.5191416092911285,0.4083914185746531,0.3996974502227105,0.42584707403588246,0.4951729081527172,0.4710559753756196,0.5128341808819736,0.3241084486783441,0.4043341549310834,0.2708529476156743,0.42967432998379534,0.6832695141632468,0.3845890306627755,0.3344695777990452,0.39341434403314135,0.6188828908078824,0.3314547029799206,0.5488071055760391,0.0,0.4252579977695894,0.46385827392591394,0.4387407640253784,0.24280293303458253,0.4970930117124631,0.23583443384267117,0.0,0.5438096450821206,0.4690582439580707,0.2166144969176182,0.1622991282872993,0.1911024823554573,0.3628864573248033,0.1675198740778448
0.46034847056351746,0.52256436795392,0.43152351674821143,0.4518651606891372,0.5242572027375138,0.22643101982385724,0.5430359413079457,0.526237029680273,0.37077479995699814,0.5114408684770184,0.3622745321059718,0.615858580230021,0.3471409716625021,0.4130959321918419,0.45748588310667154,0.4412279073959379,0.08075290707938976,0.2950289334349857,0.4352566010349508,0.5999244597355434,0.458137875072434,0.5918940549672023,0.4877046330319803,0.6372427551807005,0.4153717739987803,0.559640553860521,0.4813544545197985,0.0,0.41043058755677747,0.4760522795918124,0.4759632483827331,0.4001412476606043,0.3550435061649947,0.26602213325446217,0.3283067513610414,0.30659489523404615,0.36034996933778035,0.5264001684184016,0.26851606243244797,0.29736748184853673,0.610652560538897,0.1633401489126118,0.0621696825142668,0.07883421959107204,0.5647826673029194,0.6095748937995831,0.5962427700617695,0.573223135406485,0.0,0.6434236689173345,0.37706839176514106,0.6856342127859798,0.4303851794143264,0.4684391016984084,0.6256262533675473,-0.09404399897574178,0.4181945483667454,0.39027154087208027,0.3250555935730624,0.41077314906823836,0.46300727924771307,0.17332720182627825,0.5637296221739104,0.6648277833647165,0.4592655922639269,0.47728084761993467,0.3956759521457266,0.3955729227182018,0.49017444214297523,0.570710560507278,0.2069058521674726,0.3009957785442678,0.3326617329541926,0.3115979302783979,0.47279874587298654,0.37500601682549783
0.42966733274442237,0.41918387074114355,0.5323593188918047,0.37965428437378096,0.7260429116908165,0.2994654269551368,0.7310386415754149,0.4826546886623101,0.4021157368705516,0.3664951784477763,0.3874751882381619,0.6004139578494785,0.6597575900248629,0.3688443671061079,0.481898403982653,0.22875159531209918,0.29086349385865534,0.2978572663768939,0.5688712237725894,0.27751220979577423,0.4907180206315861,0.30477730352904187,0.43955156551185476,0.5533396531389789,0.4172132176770631,0.5103647606877231,0.27829578142763983,0.41043058755677747,0.0,0.5747843907431379,0.4502743723433888,0.5606375825510868,0.30023857076206084,0.4965406156386605,0.5303164069010298,0.6011700752768903,0.43089363376667256,0.5051915081530763,0.3736074893149802,0.3986561452526892,0.34411726281219185,0.43201241359177633,0.3614489351680675,0.5148102649423308,0.6048185630177076,0.4060555761896899,0.4103571196492644,0.5198067963501543,0.46854813928720956,0.41593489845830134,0.26602831589747605,0.5155454962312596,0.27515353692927413,0.48587442006007786,0.5997622113200067,0.4183471127976989,0.5442804872311967,0.4724376377088058,0.775484957853992,0.1555953400200726,0.5332922833333631,0.4694641127299174,0.4999364038365329,0.4847942090501026,0.4489758810662312,0.1409475262291104,0.43674503457481995,0.2839502359640502,0.47188663384811436,0.5545924862548317,0.41680045664383725,0.25138766568610194,0.2647400768102681,0.3589779320243505,0.24926380327150421,0.32365355298697507
