0.0,0.01408276218408716,-0.001416914745843989,0.0,0.00046115264504020814,-0.0025097140717423305,-0.001329043069484337,-0.003668167729405092,1.863821988984382e-05,0.007946167382708813,6.576145167858094e-05,0.014023065435249726,0.042735403086094026,0.00535790802234315,0.02444553534759558,0.01735748698677475,0.020394563158977363,0.04398335336939996,0.0,0.014224559190433694,-0.0023913896241465338,0.021374456408521647,0.007248401868740206,0.012711678401441218,0.03505370155117049,0.018898649839333814,0.03266252558726457,0.035098893009112286,0.002085376944032935,0.0013943365341669844,0.025139219216535225,-0.009494748321231927,-0.0050426020087260826,0.0006668495144126485,-0.0016931999430130906,1.5855160240108024e-05,0.00041774872461280976,-0.004347824503117215,0.0046892149445334486,0.011001411930002813,-0.004903081921515395,-0.003792096509149745,-1.5180525607672024e-06,0.0,-0.000571298732826353,-0.007228024871796079,0.017440959823451396,0.0,0.0,0.0,-0.011429457127125897,1.1102230246251565e-16,-0.001391663813056776,0.0,-0.022166764238273406,0.0,-0.00035154898476125185,4.739017761917763e-05,0.0,0.00035585175001789926,-0.007999344191967461,-0.0017758498838138514,0.003065152250857739,0.0,-0.002127108708778358,-0.07144655180450138,0.013158443754561377,0.022748105345032854,0.02480418017705549,0.018310240742755335,0.013069881507060843,-0.00021800035631525105,-0.00024286624635633247,0.02654712872591447,0.0,0.02310050770030575
0.01408276218408716,0.0,0.001125930717539081,-0.0001522192698176772,-0.0005599619543507628,0.01566436742103544,0.007663067956262759,-0.007156237354582318,-0.029219705175204058,-0.000664954142698293,-0.0002524263327368659,-0.0019485520617678609,0.009392088012527722,-0.000344491550093029,0.024789518447025483,0.018674330157753438,-0.0001116071340426239,0.05414152432285835,0.0012744003466292342,0.0153137290614207,0.010359286885890162,0.0221580318423103,-0.006158746363165879,-0.0009030865452519521,0.026678304424040178,0.017783205012602166,0.010107900961126903,0.004855711002515195,0.009535485337130944,-0.0020259553618909854,0.007573225232973879,-0.0013383255441199449,-0.00010272143717982019,0.01726210153686264,0.011594180847530333,-0.0028854109842590403,-0.00025532037828707166,0.0,0.003319492169119642,0.00497283574381463,0.002954829638702805,0.005411764881442904,0.0007008076011545961,0.0,2.220446049250313e-16,0.0021760867270895767,0.009776505640672561,-2.7122021314940348e-06,0.0,0.0,0.005338600184588871,0.001509256977426987,0.000616494068686857,0.00021836468205982396,0.000832951116489844,0.0,-0.00041247367576380256,0.0035453031071475682,0.0,0.020848763589089603,-0.004805265886506205,0.0022643192319153904,0.004981674005688996,0.0,0.00100026856051183,0.0014230345171557524,0.03121013875812023,-0.014262380504820538,-0.001262386849494923,0.012074364425992246,0.0070796282517614495,-0.016603971858495048,0.0002658682825536496,0.0016521506924056517,-1.1102230246251565e-16,0.009955088786122668
-0.001416914745843989,0.001125930717539081,0.0,-0.002997916457920191,0.02650902753812384,0.01574005528395256,0.0043638843204500954,0.035161886742752724,0.02695540002560204,-0.02791986847041633,0.001660397290743243,-0.0017355277239466949,0.005958047317007442,0.02417873994779174,-0.0008729817984117205,-0.00026697075225057265,-0.00028803660960963207,-0.0017345022419657519,0.008379440523692328,-0.0009169546147878016,-0.0034871469566539748,0.0017353132759370116,0.0296759457353164,-0.0014980385161736942,-0.0027143998697609084,-0.0032662915796323744,0.0182563657407403,0.004509308286507474,-0.0050451383655338855,-0.0008188837717310604,-0.00458296718243717,-0.027108727116226194,-0.0003838311209315992,-0.008704918792064642,-0.018903236366322518,0.006743719297220396,-0.01827646193652893,-0.001985410280998634,-0.026930633368641488,3.109037838289197e-08,0.0001621001847124104,0.0008304564061786812,0.0024711577655376904,0.0024130619620099103,0.0,0.0,-0.00033068673521807757,0.1378170310003891,-3.409586629699035e-07,0.02699245116371829,0.03499378869648195,0.0029584605021852894,0.015495115667017112,0.029272192888674442,0.00043867041287409814,0.08042424347368549,-0.0012802916634305772,-0.005313552954658851,0.009838309626362562,-0.0003201035299609245,0.0,0.0,0.0,0.1798513246472705,-0.00019181219654829107,-0.0004602906198271639,-0.0005091025510218783,0.03697451903541271,0.0,0.0001439723319627828,-0.0011862669802537584,0.026974503268036742,-0.003526524171614809,0.0007521279196537889,0.0007831651670853201,-0.006955432639186077
0.0,-0.0001522192698176772,-0.002997916457920191,0.0,-0.03231206150276483,-0.017925143097223872,-0.019298540551461296,-0.008332469474996107,-0.0016801260915921823,-0.01620623128632695,-0.06279374354487616,-0.028272001319884665,-0.03253081836335897,-0.06438656204144508,-0.00028403870906984485,-5.162158070731726e-05,0.00011871910707400568,-1.5526197194026814e-06,0.0479543752905921,0.0007874400233384704,0.0002828217649350484,-0.0017424442269977636,-0.043269352695103014,-0.0018253284203381126,0.0005750011971830116,0.0018056291521779677,-0.037167508768198076,-0.01044134351011633,-0.0019479848957217327,4.6682251609309056e-06,-0.0037065362495460885,-0.0037539776246519607,-0.018347465495537285,-0.00431304026009488,-0.04563345813517161,-0.03645166383372517,-0.011756423331100052,-0.012179621939408358,0.012479801548131886,-0.0002693651402182473,0.0269158413228352,-0.0017819229496897626,-0.0019838476862583665,0.03323581554571514,0.0,0.0,0.0,-0.0006502611789945822,0.0,0.0,0.00033753639377648303,2.220446049250313e-16,3.5533769742190913e-06,-0.0003945667485919513,5.551115123125783e-17,-0.000983477695268964,-0.0008194052376259142,-0.00030925715946478194,0.0,0.0,0.0,0.0,0.0,0.0,0.0,0.0,3.1330097537973778e-06,-8.070184510272638e-05,0.0,0.0,0.0,0.0009991362301551288,0.001597512554536773,-0.00013628519573311015,0.0,0.0
0.00046115264504020814,-0.0005599619543507628,0.02650902753812384,-0.03231206150276483,0.0,0.019278460082710835,0.06556860067020198,0.02946032090336409,0.01014372534400293,0.05849663379272246,0.03274276384831937,0.02645536501592899,0.05853672513790831,0.015198952074770622,-0.0004953420111435403,-0.015293120189737719,-0.0005492482182923308,-0.003202394499043526,0.06566107296897195,-0.008081115287205065,-0.0019042139707987071,0.002305882376574697,0.005601687161807034,0.035181277349964735,-0.0019135014736126887,0.06268696856397521,0.02656513383877135,0.05689198456480338,-0.022597634599493766,0.014838969857541073,0.04360377722031683,0.016862282301914444,0.06832260431516657,0.03468929924852726,0.030096168777220766,-0.00012287783954212372,0.029642666691818254,0.04068454365898505,0.013894790572251015,0.0007953579940639388,0.0027878285422150983,0.0005723222809950745,0.00890359405265001,0.0019945344144605692,-0.000373967090813776,1.1102230246251565e-16,-0.0001685150436228633,0.02009898261292742,0.0,0.028240159073904147,0.028817723117092187,-0.0008317837982699805,0.031128840645119837,0.008534703255809739,5.551115123125783e-17,0.018987733262691542,-0.00017277391010728227,-0.0035120815107124725,-0.0028021122098534357,-0.0002977874972672767,-2.3694337293600487e-05,0.0,-5.551115123125783e-17,0.01645463032846073,-9.790544541909973e-05,0.00016321553459192062,-0.0003518369131303989,0.041634416496812876,0.0,9.96795069208023e-07,0.0006569343290238061,0.01477413591160015,0.011757773203713406,-0.011803247355435642,1.1102230246251565e-16,-0.0008541294465080895
-0.0025097140717423305,0.01566436742103544,0.01574005528395256,-0.017925143097223872,0.019278460082710835,0.0,0.011583359087039391,-0.0015147717566099117,0.0036985926544059744,0.024071158146499683,0.028653659715866087,0.006984232688597547,-0.003749147350391391,-0.0026316304518761435,0.010009200475333657,0.002992361758985651,0.00012385833672362567,0.009301307994556196,0.010105680439174758,0.012176602887168486,-0.009080954626106197,0.020279003771221216,0.018163567729091668,-0.001180674315322372,0.0118417348480781,0.0022982037371026,0.03771978426643702,-0.00036780305255645906,-0.01259958117944232,-0.008350423829224074,-0.013356104898737287,-0.022278626123597767,-0.022195780134138976,-0.017025861817636267,-0.01772380341982932,-0.0051910582020721074,-0.014531439562959991,-0.0032641146233243767,-0.012347651970781248,-0.0023894414071143344,-0.00013241250091167167,0.01587060762995679,0.00024467436189007374,-3.054092335619263e-05,-0.0018557220664263685,0.0012937560982187457,0.0002790455243277812,0.025092975157960384,-0.000509959064591281,0.0033981967551157677,0.028426814597107275,0.0027138353459618125,0.022847687439972897,0.011835088453858167,0.002908582847066632,0.007082608436851157,-0.001601770041303019,0.0021825117123223103,-0.002420187116795758,0.00100333139151898,0.001684464856479162,0.0,-0.0003480819133654389,0.007651705228537642,-0.06583595761055577,-0.01608794387790835,-0.004012655843355195,0.0419488836922598,5.210859371984622e-05,-0.001297100724612088,-0.00039079144804166077,0.03474454399057869,0.009182115553492243,-0.014853125090408537,0.029845894781753812,-0.01696245329958046
-0.001329043069484337,0.007663067956262759,0.0043638843204500954,-0.019298540551461296,0.06556860067020198,0.011583359087039391,0.0,0.004825230357734522,0.005486035752638396,0.054273453611301536,0.037802396628271284,0.019573258091558854,0.016606263254790865,0.0037349023091138855,-0.0004785124811409469,0.014242246538225867,0.0456794337836714,0.03647834324732285,0.03810800456543334,0.012234764799624265,0.01614728353336159,0.01594996768971746,0.0017262330323211117,0.049832043506968515,0.03481795261894072,0.037324510583503,0.012159362360811221,0.03062370867069869,0.006324298300801112,-0.002819585722085516,0.04206630054750932,0.022155228807213823,0.04478395864802831,0.031658440596006754,0.0002277355162306205,0.0038945008976095097,0.01798008244059912,0.023804913092520363,0.02240209624530437,-0.0008952777131113754,0.04496138963548241,0.0010878008406087214,0.023888806738873503,0.0039014531527296614,-0.001073427307875352,0.0,0.0023373795263467168,0.024686473628892647,0.0,0.014013171294368187,0.02335374930968681,0.002800794882483859,0.021201169695061695,0.011849232534576926,-0.012911443319469196,0.003482572244779547,0.00033215244441242575,0.005770808057371513,-0.0010256433955674882,-0.0009423521628598719,0.0009663479246475593,0.0,2.0435943389185418e-05,0.022390697327436926,0.0010177463221493488,0.000567947175684258,0.0012381065781959522,0.037316751525383496,4.7897957212161835e-06,0.0007285431025977895,0.0005272709816652732,0.028768112839986704,0.01892840034493176,-0.0038039821359506787,0.0009928592817906035,-0.021217096585506745
-0.003668167729405092,-0.007156237354582318,0.035161886742752724,-0.008332469474996107,0.02946032090336409,-0.0015147717566099117,0.004825230357734522,0.0,0.015629820777612102,0.03581186181819812,0.004402359196029326,0.0034743424390901723,0.0036582794066060687,0.03188510217508578,0.020575975305760996,-0.0013602329466121943,-0.00029970941477514,0.019888934028442662,0.0637615038270527,-0.007422950370893133,0.021917244031078364,0.008034740100420268,0.030232163100327003,0.011260040837164143,0.020429811915379126,0.013272371266624894,0.015839732304180343,0.00023592795834787017,-0.012688534064728973,-0.009670455997726868,-0.00781971711274676,0.016986682601632053,-0.06107220043316253,-0.007111363044127239,-0.022696691300690575,0.008341778579508241,0.010547560774794296,0.0006651187973841233,-0.0021744519933084017,-0.0013947027597913109,-0.005416463440231889,-0.0686532788495951,-0.038414629104140785,-0.0014804281451391565,0.0,-0.00010970319918762739,-0.0017407741975172253,0.020465334327049445,0.0,0.015132909751435664,0.03267704815879169,-0.010212067737048414,0.023007147163508546,0.013289531705721891,0.0005627476387549124,0.006422289894697064,0.00013022450472854885,-0.00161587968390825,0.003801131128470747,-0.006681767661710025,-0.00019987104983859583,0.0,-0.00012624209634382044,0.009947696294259178,-0.00420327176177776,0.042365432241025125,-0.0031157208817285675,0.05024692809883902,-5.551115123125783e-17,-0.00017334315987876936,-0.004214097856220178,0.0335496990451305,0.008775211850562847,0.042291142768772216,0.0008106070261203469,0.006819080728195925
1.863821988984382e-05,-0.029219705175204058,0.02695540002560204,-0.0016801260915921823,0.01014372534400293,0.0036985926544059744,0.005486035752638396,0.015629820777612102,0.0,0.021953725691547077,0.028604083506223565,-0.0009028965698869573,0.014395558703263367,0.01595630259311398,-0.00010292032227798842,0.025774735879727062,-0.0021911553486930746,0.0004223516007670902,0.04384209614149798,-0.0031304995466095997,-0.0014248174276644265,0.011913140826478541,0.015862699917453427,-0.002985519836576467,0.0008199996079417127,0.000444147242219306,0.0353984921228952,0.024163974615717843,-0.0074710140241753265,0.01345888563397285,0.013588716172024784,-0.006501161887417117,-0.00017812835881586553,0.012204961127068537,0.003187520440130598,0.005843123683599849,0.0060293600226064,0.0012508695746232812,-0.020641149184382923,0.0006100708227592677,0.015997195720268476,-0.003438525669512471,-0.005034413651064773,-0.0034955188062775755,-0.001929116718889845,-5.551115123125783e-17,0.00106878767973001,0.02767484397826725,1.6379814044009677e-07,0.01159079343973457,0.022621309979443782,-0.0008034861873223997,0.018657610306417993,0.01316644636616926,-0.0015231367985149014,0.002128124862913805,-0.0012156555340406827,-0.01678005759580603,-0.0014218726900341316,-5.8686042177236164e-05,0.0004541695043333571,0.0,0.0,0.01319475697632655,0.00043667128596863725,0.0011262879592338626,0.0006408406124572275,0.0348587241883318,-9.182923908440666e-05,6.740363801027716e-05,-0.0014680530396553593,0.029873578278412527,-0.00070395827999159,-0.013964995474000652,5.251025477603921e-05,0.0025082840353106706
0.007946167382708813,-0.000664954142698293,-0.02791986847041633,-0.01620623128632695,0.05849663379272246,0.024071158146499683,0.054273453611301536,0.03581186181819812,0.021953725691547077,0.0,0.03723435338786363,0.004169056644725833,0.05613668998904486,0.00896622644347217,-0.0013801367329982495,0.0037663730117097893,0.0013334836434819586,0.02020860852789097,0.041209206376334906,-0.00431460454813043,0.017985902060577874,0.08259500530654762,0.003959145204442016,0.09730067796701475,0.057663433441566936,0.04474258238061468,0.004737323404546245,0.06567829335175734,-0.0015478788760990292,0.00012963850631075857,0.043636592830309906,0.05506619542227603,0.009028487822088205,-0.0024303269616773315,0.015891981477558548,0.01611482650559659,0.019052601822620863,0.009404044614513773,0.005924921619659962,0.009841350072156863,-0.007677214509036856,-0.0009170150037497993,-0.008561167428904892,-0.0011166788924573123,0.0331123959659983,-0.04350561084933713,0.012589128856365595,-0.0005919313475694077,9.300685320789981e-07,0.0003631245186212495,0.0018082926213830453,0.0001837166234461285,2.828924874637151e-05,-0.0018900218917715095,0.01512312146514555,0.0002836286775350083,0.026841371553986026,0.04692556219042848,0.0,0.000856419335224734,-0.01686430452793164,-0.04668268596265812,-0.03710459009871836,-3.057184003729674e-07,4.967151475798737e-06,0.0006039641464224421,-0.001736228419300656,-0.0011288373760026116,0.008256404015959562,-0.05436850923614839,-0.02831210367343251,0.0005512321971700707,0.0321424139213734,-0.001073064298077575,-5.551115123125783e-17,0.019022394432037015
6.576145167858094e-05,-0.0002524263327368659,0.001660397290743243,-0.06279374354487616,0.03274276384831937,0.028653659715866087,0.037802396628271284,0.004402359196029326,0.028604083506223565,0.03723435338786363,0.0,0.008316643141084434,0.03603625915826658,0.0012632244965829487,0.0,0.00011372247458041329,-0.0012501433915341753,-0.00025010399723118804,0.07213896366441719,-5.057287893955875e-05,-0.00014778762545947233,0.00014781482892134434,-0.05274586430765421,0.04306128956534472,-0.001126915635566439,-0.0005686410000354525,0.040254200696755504,0.03609050014636023,-0.0016084044187243962,0.00038530295748390175,0.023848584442218324,0.026725425046799867,0.024031095794104007,0.016376710419852947,0.008627672833094846,0.009481217280079335,0.023578382143177146,0.03057691087704567,0.033370302520150774,0.0006407831544275044,-0.0009792785424286854,-0.0007707186095473606,-0.005751938568383574,-0.0001799342004338289,-0.0006311971375404513,0.0,1.1102230246251565e-16,0.10275107170328623,3.1717511617124217e-08,0.08600044191735551,0.009889001748974557,0.014787893246090644,0.1157563815050427,0.04602812304496423,-0.00047736596767050665,0.12746438793127862,-0.0010163860907096423,-0.0026446110142507306,0.003993718614226371,5.551115123125783e-17,0.0,0.0,0.0,0.20562532547002443,-0.0005663507955732672,0.0,-6.308575153285423e-05,0.03169320415198418,5.551115123125783e-17,0.0,4.632439425666934e-06,0.029948848280929363,-0.0028083531703582687,-0.0013908052801019921,0.0,-0.000344846544784172
0.014023065435249726,-0.0019485520617678609,-0.0017355277239466949,-0.028272001319884665,0.02645536501592899,0.006984232688597547,0.019573258091558854,0.0034743424390901723,-0.0009028965698869573,0.004169056644725833,0.008316643141084434,0.0,0.017319191896865316,0.002947144345248731,-0.0003390340531815861,0.0007026279156814308,0.00012306671698575355,0.0004668930300067986,0.01090398138334081,0.003290195900495174,0.018996212163726378,0.001036671808270384,9.759967438399686e-05,0.022163335353241387,0.00787114924166804,0.04617923757213438,-0.0015902676143661476,-0.016902280954743776,0.003145589889629541,-0.0012682768740129857,0.004616478142755953,-0.012308417716832887,-0.030850582099015145,-0.034183175527073784,0.0031765106270930654,-0.0456182834872918,-0.015045285008804754,-0.02514047839377717,-0.007535995058637279,-0.025531747343206068,-0.0145297390278456,-0.012576539184771363,-0.0010147483966214121,0.0010876201619295367,-0.05561965645870598,-0.0010588923152456409,0.001390374387631732,-0.0005464459852878023,-0.0006920554109196286,7.424516633242062e-05,-0.00047462492665656386,0.00047179346226144947,-0.0003479908382570396,-0.0001619177724043741,0.006799017601229251,-0.001119092956980594,0.0027405625282662105,-0.0002406749980675693,0.0002883904135057014,0.00011087002426130033,0.0015150824589958423,-0.08273552918713606,-0.004145356238802744,-0.0004047386523005625,0.0004263613192477811,0.0014166354753626376,-0.00025690110623849405,0.002052365297304959,0.00508122646630188,-0.043727783844710155,-0.018282536074877342,-0.0005467201264769406,0.006260974377200634,-9.536718635694275e-05,0.0,0.02855253089948462
0.042735403086094026,0.009392088012527722,0.005958047317007442,-0.03253081836335897,0.05853672513790831,-0.003749147350391391,0.016606263254790865,0.0036582794066060687,0.014395558703263367,0.05613668998904486,0.03603625915826658,0.017319191896865316,0.0,0.05698887518842671,0.015316681857363956,0.021131275785086723,0.04649670742186618,0.04789906141322792,0.03393004681352996,0.01781641684608215,0.007644691973767159,0.019001273843419264,0.0036249808095539793,0.04202889458265785,0.03870007680700677,0.028690215670287678,0.012269834980995709,0.040206370039170436,0.028007664590229353,0.020573971306513172,0.042615041895854244,0.024340279350400007,0.020914957594050432,0.03821165173898661,0.014875039640828702,0.00308598035629587,0.03496862227172537,0.02673759984678381,0.02695860688669449,0.002532679890780376,0.038890508670626656,0.04205023516793299,0.025931129760470628,-0.0046376212415628615,-0.0025691059171164543,0.0006398852418141865,0.0030924945338587917,0.018234548619006752,0.0,0.00760014932281905,0.022601716533894645,0.00041812082920400506,0.022061714171682567,0.016458924948684617,0.022781865545461022,0.05300926433557879,0.09522488244828015,0.0072751404522153895,-0.0001433470383592761,-0.002060664726205419,0.0011070043361876003,-0.0002920188008384006,0.0017604407580019132,-0.0035975041131027785,-0.0018467744393727559,0.01433077189322074,0.0010956210735045824,0.032034315971050886,-0.00010816365327609434,0.0005640383300244411,-0.03098937468864943,0.020929950520005902,0.007608630046440079,0.011268267767578666,0.0006803830263756305,0.01103144516046689
0.00535790802234315,-0.000344491550093029,0.02417873994779174,-0.06438656204144508,0.015198952074770622,-0.0026316304518761435,0.0037349023091138855,0.03188510217508578,0.01595630259311398,0.00896622644347217,0.0012632244965829487,0.002947144345248731,0.05698887518842671,0.0,-0.00011100193740593012,-0.00042913426953022915,-4.261912690817216e-06,9.676600475444497e-05,0.06310133099647808,-0.00047630777831381144,0.008044573165434388,-0.0005578705753565005,0.02667851012902006,0.002064310748840059,-0.00020922552755081592,0.013720364441488497,0.006251326988865824,-0.010734449792913991,-0.03220517111937388,-0.00016581783825880825,-0.008475701382638423,-0.01679616441071441,0.02005186402117054,0.02355816586639803,-0.13360054070112004,-0.02881734446888365,-0.006060114168894237,-0.08295346706112972,0.0058523582010381325,0.0,0.0006252712434872132,0.0009038084576796779,-0.014998597222508792,-9.129881795022499e-08,0.0,0.0,0.0,-0.0022126865453703792,0.0,-0.004245428834924625,-0.01769786392586764,-0.0018991048055140292,-0.00033708939689786055,0.02639774050980631,0.0,-0.02306501050202836,-0.0001562921356451641,0.0016526686867986973,-0.003042759642312265,1.1102230246251565e-16,0.0,0.0,0.0,0.010987632716923657,0.0,-1.1102230246251565e-16,0.0,-0.0015411483446298724,0.0,0.0,5.551115123125783e-17,-0.008048262757509195,0.00029001137090656215,1.1102230246251565e-16,0.0,5.551115123125783e-17
0.02444553534759558,0.024789518447025483,-0.0008729817984117205,-0.00028403870906984485,-0.0004953420111435403,0.010009200475333657,-0.0004785124811409469,0.020575975305760996,-0.00010292032227798842,-0.0013801367329982495,0.0,-0.0003390340531815861,0.015316681857363956,-0.00011100193740593012,0.0,0.014650259090992712,-0.001470821661166577,0.02764852319578459,-1.1102230246251565e-16,0.01567254479471597,0.009159817245950885,0.037122419247723915,0.05655980722454146,-0.0016956564945563857,0.027377894301564065,0.05359074930460889,0.07186659218512254,0.006701541992135629,-0.011329167000671991,0.03037724110731871,-0.006829871222830242,-0.021986769363265657,-0.01818141990893546,-0.008384439811503053,-0.02371008249081774,-0.03306724708310638,-0.002281686257414428,9.27272875744789e-05,-0.004233826238860927,0.01128079841316404,-0.00504841239181375,-0.012045089594457159,0.0035099849855700915,0.00034831121612510785,0.0,-0.013550631738581287,0.006917449382887186,0.0003284148910372986,0.0,0.0,-0.010804080789864556,0.001953669558971083,0.001852355515906845,0.0004830186358395494,-5.551115123125783e-17,0.0,0.0006217910710673569,0.0015726927260279466,-5.199311340353674e-07,0.02869069450281203,0.006160296435903878,0.0002758564555883636,0.002460236035381036,0.0,-0.01217670173693991,0.00423275760148617,0.017755750840618645,-0.007044028600283914,-5.983281752414138e-05,0.002704189177710259,0.019633864800721268,-0.014372277806287415,-0.014380350408706222,-0.02070527795768612,-0.0007382762013512512,0.005914918972440064
0.01735748698677475,0.018674330157753438,-0.00026697075225057265,-5.162158070731726e-05,-0.015293120189737719,0.002992361758985651,0.014242246538225867,-0.0013602329466121943,0.025774735879727062,0.0037663730117097893,0.00011372247458041329,0.0007026279156814308,0.021131275785086723,-0.00042913426953022915,0.014650259090992712,0.0,0.01648098933352754,0.028555702264636385,-0.00015382565410171356,0.02139748226975352,0.01321972564044499,0.03202165080686037,-0.004113738666130351,-0.023742702838735752,0.01691015081560604,0.030254309658120593,-0.000492156285348988,0.03884916687470841,0.03831822126941148,0.038876695851788934,0.0481047515446576,0.015293020994846196,0.024590362745756766,0.030267364657538154,0.02376724481863085,0.001089868881960998,-0.000313134097319534,0.001768154667647459,0.011990943042578417,0.016207813945953276,0.009746679922412127,0.007999133520235846,6.779505289933319e-07,0.0,0.0,0.01752496603819753,0.014325242314342845,0.0,0.0,0.0,0.03264434605362582,0.0005738588812794765,0.00044832329115962466,0.0,-0.0018513479683616718,0.0,-0.0019294550735987626,0.0012613929083451492,0.0,0.012176424269568942,0.004730727265097989,0.00046116872155305133,0.009347788849510597,0.0,-0.007852057444428684,0.005798470792852062,0.030394179078378214,-0.050895336433365246,-0.0014369061458671673,0.009946426419628285,0.021154545024783034,-0.02417075091040244,0.0031189201650395626,0.01486387112316323,-1.1102230246251565e-16,0.018770672964361967
0.020394563158977363,-0.0001116071340426239,-0.00028803660960963207,0.00011871910707400568,-0.0005492482182923308,0.00012385833672362567,0.0456794337836714,-0.00029970941477514,-0.0021911553486930746,0.0013334836434819586,-0.0012501433915341753,0.00012306671698575355,0.04649670742186618,-4.261912690817216e-06,-0.001470821661166577,0.01648098933352754,0.0,0.00617541801158733,6.81747346524264e-05,-0.0018489711912063056,-0.0006527172989631014,0.05384457909577878,-0.00012189798272910224,0.06142136674720844,0.020919588073582795,0.03085971166389795,-0.0002809731154356232,0.06156917635340564,-0.0027330612449616987,-0.0012886715308310648,0.01860456915941755,0.010559408318970398,0.01808756306966003,0.00845588006225112,0.016982838135214284,-0.0010848725252132763,0.06335744889406092,-0.02183664050264844,0.005635671447086155,0.006711839816355036,-0.014721737253347245,-0.003027406343964145,-5.551115123125783e-17,0.0,0.00038701796639550867,0.039480102222857194,0.04599551071982222,0.0,0.0,0.0,0.0,0.0,0.0,0.0,-0.010055953439051801,0.0,-0.013178482756380006,-0.000954047746729525,0.0,0.00019497042688243482,0.0010320076569956815,-0.051840032989600604,-0.023112755211276648,0.0,1.1102230246251565e-16,0.0,0.00022049738174856337,0.0,0.04302834900152258,-0.03478612353617416,-0.03312605577622951,0.0,-0.0014813023642089584,4.085715246626709e-06,0.0,0.0025246854668994345
0.04398335336939996,0.05414152432285835,-0.0017345022419657519,-1.5526197194026814e-06,-0.003202394499043526,0.009301307994556196,0.03647834324732285,0.019888934028442662,0.0004223516007670902,0.02020860852789097,-0.00025010399723118804,0.0004668930300067986,0.04789906141322792,9.676600475444497e-05,0.02764852319578459,0.028555702264636385,0.00617541801158733,0.0,-0.0014736774718872026,0.033209001561683604,0.02294235664360572,0.05019101781716556,0.01159968061974953,0.037328767567110566,0.011647202330768769,0.05245338547736206,0.007476882617298952,0.06016683663758482,0.05356202817541528,-0.0023745255365613116,0.052120185648456774,0.02843512495073136,0.030156427912246875,0.029461189965390433,0.032919752999166385,-0.0007599831892224351,-0.00035757298306182683,-0.030001515988780703,0.012467442699481912,-0.003057552302091482,-0.0018831991969667228,-0.007273937568096855,0.0,0.0,0.0014540742860282285,0.05307037983695223,0.03317949270883602,0.0,0.0,0.0,-0.0008872720238495835,0.000115074368507051,-8.610158531635603e-05,0.0,-0.018805864518781468,0.0,-0.013418772782237187,-0.00016296685278288647,0.0,0.02758720328369263,0.015068705774060664,-0.027051383686023445,-0.004709467576037907,0.0,-0.007023467381416071,0.03185745345744895,0.04465495253643054,0.0015894811540497766,-0.007841834300240547,-0.004699232947547649,0.0002632481068731152,-0.00013112659062736176,0.0012739277203786536,0.015012044138845326,0.0,0.016287677252044108
0.0,0.0012744003466292342,0.008379440523692328,0.0479543752905921,0.06566107296897195,0.010105680439174758,0.03810800456543334,0.0637615038270527,0.04384209614149798,0.041209206376334906,0.07213896366441719,0.01090398138334081,0.03393004681352996,0.06310133099647808,-1.1102230246251565e-16,-0.00015382565410171356,6.81747346524264e-05,-0.0014736774718872026,0.0,0.00039940804347482484,-0.0003753049766462291,0.0012518460451718672,0.031511607164765254,-0.00025901817621765133,-0.0012601282125153102,-0.0007411564780543389,-0.003100612261980884,0.03687261947448195,-0.00022519473717813598,0.0006792898229016076,0.033732401382701394,0.010797005550927219,0.04904814675775693,0.023383637809210767,0.006677237171516637,0.04171667304940535,0.020990260821678985,0.003804137244818151,-0.011658732027434893,-4.228118088700494e-05,0.00258329333099655,-0.002489400145177567,0.010601222402327248,-0.0017392961490549919,-0.0001618005945208112,0.0,0.0,0.08650490731618504,-5.551115123125783e-17,0.02457026356810932,0.029399197875021654,0.0031161382200826093,0.042670396729058147,0.011064153190739279,-4.615016558684459e-06,0.08525012282001532,0.00034002951761186173,-0.009116308360972214,0.026386728409372173,2.220446049250313e-16,0.0,0.0,0.0,0.05152853221827747,3.5170091939318304e-06,0.0,0.00010355681431167829,0.0402106964127239,0.0,0.0,-5.551115123125783e-17,0.02404381715588544,-0.0007485863983781593,-0.018702023754477604,1.2125094081216758e-05,0.0007398852466568018
0.014224559190433694,0.0153137290614207,-0.0009169546147878016,0.0007874400233384704,-0.008081115287205065,0.012176602887168486,0.012234764799624265,-0.007422950370893133,-0.0031304995466095997,-0.00431460454813043,-5.057287893955875e-05,0.003290195900495174,0.01781641684608215,-0.00047630777831381144,0.01567254479471597,0.02139748226975352,-0.0018489711912063056,0.033209001561683604,0.00039940804347482484,0.0,-0.01480707947184412,0.035381892927267344,0.025286724547544992,0.003687141062323318,0.01306281940389592,0.030703427119177618,0.02550249685206263,0.043154598249493636,-0.000804085045967573,-0.0245297875280015,0.002316953614904249,-0.011009898408267993,-0.012795025471264876,0.008274617438928489,-0.013942887511811664,-0.0068779851243515044,-0.015151065367630834,0.0051429732775517545,-0.029819386633434697,-0.03151805500626714,-0.03552995357344624,-0.02668700044060135,0.0030282986113040478,-0.0013074164807440058,-0.0004854359702081146,-0.0010149735849234731,0.006911558807689788,-0.0005742312915264502,0.0,0.0,-0.0339290921965984,0.0020490673693811523,0.0001355125094534837,-0.0012297167972490919,0.0007108996793054878,1.1102230246251565e-16,0.0005167319008732019,-0.03237105106884014,-1.1102230246251565e-16,-0.03226628625310679,0.0055507174789592995,-1.0784729775337176e-06,0.0025312330759016954,0.0,-0.04495829045053268,-0.029109697258567546,-0.016319315868120188,-0.03392563984516461,0.0,0.0014423924870730631,-0.023329379360354174,-0.03169131777192291,-0.027508634175720248,-0.034143794313889475,-0.0006400337782642151,-0.04324878583892949
-0.0023913896241465338,0.010359286885890162,-0.0034871469566539748,0.0002828217649350484,-0.0019042139707987071,-0.009080954626106197,0.01614728353336159,0.021917244031078364,-0.0014248174276644265,0.017985902060577874,-0.00014778762545947233,0.018996212163726378,0.007644691973767159,0.008044573165434388,0.009159817245950885,0.01321972564044499,-0.0006527172989631014,0.02294235664360572,-0.0003753049766462291,-0.01480707947184412,0.0,0.012270186718750187,0.01824935393888394,0.024516024640184875,0.02045287644599192,0.02287388247155553,0.03238103142618448,-0.0034330004396093683,-0.013862413004546603,-0.008465734951996373,-0.0002902240203232487,-0.012650395294127037,-0.012274208708394185,-0.006839900161910661,-0.015462599759217877,0.0033849655901629916,-0.0007617137394445583,-0.0020907632732807824,-0.009646104993086435,0.042170337351666864,0.0017502482908267614,0.004999591484116661,0.002362149449559925,0.0,0.0,0.04078089171223398,0.004934942803264508,0.0016938108922462947,0.0,0.0,-1.1539217379785693e-05,-0.0001221265103047986,0.06488579700041186,-0.0001089869672185606,-0.0005106178931925109,0.0,0.0008384311840621828,-0.013064064774639728,5.551115123125783e-17,0.021692567697941256,0.008196420318868636,0.0,8.439656807651685e-05,0.0,-0.026716429207015002,-0.033419851423392155,0.01686767731746136,0.022177743713152454,0.0012115274429064793,0.03127836489999003,0.01697830056401628,0.0032838924844557082,0.022132528685865238,0.009238927311250422,-0.002286116532112248,0.008897375086492298
0.021374456408521647,0.0221580318423103,0.0017353132759370116,-0.0017424442269977636,0.002305882376574697,0.020279003771221216,0.01594996768971746,0.008034740100420268,0.011913140826478541,0.08259500530654762,0.00014781482892134434,0.001036671808270384,0.019001273843419264,-0.0005578705753565005,0.037122419247723915,0.03202165080686037,0.05384457909577878,0.05019101781716556,0.0012518460451718672,0.035381892927267344,0.012270186718750187,0.0,0.037645423044969706,0.0026765825060962034,0.03794024861246126,0.03392832502867843,0.025842364888966296,0.05069796425282913,0.03723912318445172,0.043256854956386315,0.024944902737395747,-0.00043515526822740513,0.014203005675274771,0.016127886801441726,-0.0035528191765907824,-0.015391127566013352,-0.0033127613989964444,0.004362586081179176,0.013004789671123507,0.01854438830771271,0.015142500719949936,0.01801562011688812,0.004815605203208118,9.698747394981666e-06,-0.0003709521270430227,0.015111147226377186,0.021347788115855526,0.0005385341519105191,2.859037561697697e-07,-0.0001396084580793655,0.004335477414949718,0.002567629592627796,0.00021600274170169298,0.0011782084908797952,-0.0002067105938676761,0.0,0.0007029758844742662,0.001911917294469656,0.0,0.013405107400352723,0.011660738391200742,-0.0007240310012590623,0.029063017286567516,0.0,-0.0049156136368327386,0.002190195517747795,0.02387817382412777,-0.0011935614501086822,0.001632696846252224,0.007249941317200137,0.013463438412049389,-0.001432244186270859,0.0035316596805620715,-0.003755763228842801,0.0006429519469308698,0.017098325082104016
0.007248401868740206,-0.006158746363165879,0.0296759457353164,-0.043269352695103014,0.005601687161807034,0.018163567729091668,0.0017262330323211117,0.030232163100327003,0.015862699917453427,0.003959145204442016,-0.05274586430765421,9.759967438399686e-05,0.0036249808095539793,0.02667851012902006,0.05655980722454146,-0.004113738666130351,-0.00012189798272910224,0.01159968061974953,0.031511607164765254,0.025286724547544992,0.01824935393888394,0.037645423044969706,0.0,0.0329769729763994,0.0036937585679256424,0.02096222823778654,0.062443143998534956,-0.002897527865152738,-0.0008915681547872478,-0.010910095942146925,-0.010127754334528116,-0.013821837934989478,-0.030176507812677056,-0.015376586535980785,-0.020009616142278364,-0.010737990782575701,-0.020734210692048227,-0.007738292604358432,-0.0072954560362650245,0.004767389349126072,-0.005859686304578338,-0.009016959537301972,-0.0425960529540827,0.00011459689064352574,0.00013719435421649662,-0.007202235936945078,0.0031029572636461222,0.04909524973921964,-0.00025424169507737293,0.016448390737221708,0.022578096460989405,0.004079658357330929,0.04701551328995868,0.012986677742865771,0.0019604027405532576,0.006191960313193023,-0.002817780842133244,0.00470310955511799,-0.0028310067003859962,0.005554779927241238,-0.008363464516923436,2.6235047900780017e-06,-0.00036236608936013326,0.034754909193740136,-0.03675860848259899,0.026124258010301715,0.01685274872713305,0.044422217793929075,-0.0003700839577909787,0.004984902294115745,-0.005863083349261944,0.014414840558877429,0.004900487022927225,0.00470614483104792,-0.00046708634502723445,-0.010141859159586875
0.012711678401441218,-0.0009030865452519521,-0.0014980385161736942,-0.0018253284203381126,0.035181277349964735,-0.001180674315322372,0.049832043506968515,0.011260040837164143,-0.002985519836576467,0.09730067796701475,0.04306128956534472,0.022163335353241387,0.04202889458265785,0.002064310748840059,-0.0016956564945563857,-0.023742702838735752,0.06142136674720844,0.037328767567110566,-0.00025901817621765133,0.003687141062323318,0.024516024640184875,0.0026765825060962034,0.0329769729763994,0.0,0.03863362056517977,0.04835726551257541,0.046425202112185926,0.06719493087909617,0.0017479268931860914,0.0006589450379254624,0.05233700978358968,0.011855576883512187,0.005256033961860029,0.017736471263550657,0.02354153010727733,-0.008723443977150191,0.0014827501166312373,-0.00800328513139073,0.06939057516892422,0.036463831039048045,0.0036600712836626914,0.07223195711696623,0.0009700062539885757,-0.00015834760221006272,-0.004496421913487203,0.03926844419136033,0.0034441265522372477,0.0,-5.551115123125783e-17,-1.0362363288829446e-05,0.0001181413374703455,-0.00017280797569702022,-1.6653345369377348e-16,-0.0003756839048655869,0.006912160784105781,0.00010217211258056746,0.02132042538537804,-0.0017792413166758392,0.0,-0.0005939531119898978,-0.002956370305619793,-0.014607504692205397,-0.009837074220901965,1.2627843352652768e-06,-9.918292794180994e-05,4.412723791147322e-06,-0.002853073490978797,0.0007131878119200352,-0.041735267992760006,-0.010571637868365014,0.007084681350900901,0.0004679442935702771,0.05492474551203147,-0.00021544634413739328,0.0,0.05168856244187664
0.03505370155117049,0.026678304424040178,-0.0027143998697609084,0.0005750011971830116,-0.0019135014736126887,0.0118417348480781,0.03481795261894072,0.020429811915379126,0.0008199996079417127,0.057663433441566936,-0.001126915635566439,0.00787114924166804,0.03870007680700677,-0.00020922552755081592,0.027377894301564065,0.01691015081560604,0.020919588073582795,0.011647202330768769,-0.0012601282125153102,0.01306281940389592,0.02045287644599192,0.03794024861246126,0.0036937585679256424,0.03863362056517977,0.0,0.0411039547860248,0.00325269816589141,0.05176185078073059,0.050497605638465504,-0.0009599858288064089,0.053950273606054366,0.024450616983624718,0.019262592419279856,0.017581980507364703,0.014109381801769239,0.0007392539593554237,0.00032199467131277526,-0.021075955041974404,0.0033862861493118013,-0.004899285573913392,-0.007461112337477094,-0.004458513565188504,-0.0011050633820595679,-5.551115123125783e-17,0.002770148814270179,0.03441473086743713,0.026080305429641293,5.551115123125783e-17,0.0,2.220446049250313e-16,0.002626756096894889,0.0009069223659434189,0.0012762501374363744,0.0003910114273917853,-0.01664078690634302,-0.00020770206273473812,-0.012458320421868285,5.187775897308455e-06,0.0,0.034138825503080505,0.00951916218767851,-0.026233228849843637,-0.010921471716284548,0.0,0.008589985430707825,0.017443593627526566,0.0393329850858441,-0.037790576771364215,0.002817749158169569,-0.011235788864375484,-0.00434382424752866,0.0006500293979039284,0.0009249085980045368,0.016536228770454298,0.0,0.016929035663557246
0.018898649839333814,0.017783205012602166,-0.0032662915796323744,0.0018056291521779677,0.06268696856397521,0.0022982037371026,0.037324510583503,0.013272371266624894,0.000444147242219306,0.04474258238061468,-0.0005686410000354525,0.04617923757213438,0.028690215670287678,0.013720364441488497,0.05359074930460889,0.030254309658120593,0.03085971166389795,0.05245338547736206,-0.0007411564780543389,0.030703427119177618,0.02287388247155553,0.03392832502867843,0.02096222823778654,0.04835726551257541,0.0411039547860248,0.0,0.02323591069456099,0.049192564573479036,0.01945334456511444,-0.0006675713525089444,0.03133200173794548,0.0011056642316650267,-0.004614989319957852,0.002319009945606687,-0.015015664859986955,-0.019058673174460306,0.0011971746223514712,-0.0014016679749571659,0.008263684529888904,-0.0015748548794867756,-0.0116803667207373,-0.011455895576450104,-0.004294995305777871,2.459059059384261e-05,0.026638421550080782,0.017508486507002707,0.009442252850446586,0.0021730470691812,0.0,-3.794320548844432e-05,0.011613703687939236,0.0012763498219360847,0.0008671700091507084,-0.00119314753362193,0.0033853828731760793,0.0,0.022587397742801996,0.012361735139884311,0.0,0.01598794515990387,-0.0031958304562863526,-0.01026674956351109,-0.008642562060749204,0.0,0.0027735098517762125,0.024407880888637767,0.027406458978663062,-0.006807377504636725,0.060818568494552805,-0.011703106299005561,-0.0045771073920514715,-0.013637241000570177,4.77799362997855e-05,0.012775701219450597,-0.0003154046240248509,0.014537218917651584
