0.0,0.5333607301719989,0.32779684839144496,0.0,0.41741417562201766,0.5686107307846857,0.43650256229232454,0.4674777516376087,0.40110594567069724,0.6272598932506149,0.3769638200971622,0.5783167186363678,0.48919492997040265,0.43259068770906606,0.23627877372309064,0.4058618063822428,0.41043864941036357,0.33199447337083965,0.0,0.4769192230396865,0.277359304580294,0.36845171674302263,0.4497054099179183,0.6342259720397052,0.3587317972102124,0.5019448675005999,0.5141399654329998,0.6678656274922136,0.513995834851556,0.54875063466333,0.2576783920996775,0.286753091057288,0.12163591720594236,0.28707483608115325,0.21528016074367065,0.5961600655722064,0.49999435013722787,0.5727969222291767,0.27013982794913394,0.5997295406275891,0.3555552732706725,0.13580547979983074,0.4787320841193311,0.0,0.4282329107977101,0.39593476594529503,0.5957421280868733,0.0,0.0,0.0,0.4462037150661235,0.0,0.38697290444215726,0.0,0.7697826532879093,0.0,0.7697453660970959,0.7239461134492917,0.0,0.550858971007608,0.5634426959457275,0.28607526629802693,0.46352597201550405,0.0,0.43024678739994826,0.6102352994803741,0.4575738717986994,0.5807223892564761,0.5330625791953905,0.6119733822651157,0.5234319810782997,0.47665439377382185,0.401234965863682,0.4760706021731639,0.0,0.46161557909339257
0.5333607301719989,0.0,0.5077874594414605,0.3152529160260419,0.39577003968339086,0.3462661040039586,0.38891909808989816,0.5165739098529503,0.35393064782180517,0.4242166288045308,0.3239739997324311,0.4354753079754387,0.47796197297992066,0.48924334307580164,0.5264896120744901,0.5630233018823564,0.5705728414016062,0.5703267144309949,0.6138659506926709,0.44037004838735383,0.33338508504243447,0.5743192426653663,0.5025231653475615,0.9309471845069355,0.6090970161238287,0.4795408883066099,0.3351840071475488,0.5240638844186509,0.3062413007605086,0.446648124037912,0.2586836971320598,0.13525245650861611,0.20470271771856086,0.21239792326168797,0.07291394902512494,0.44205486472443334,0.24662950107003181,0.0,0.3024005501231034,0.543119406263135,0.3524614836463753,0.3029830753232664,0.6129860974465942,0.0,0.0,0.4501225718377161,0.631171017878832,0.04606713681409322,0.0,0.0,0.4482476194968947,0.5895635428348192,0.5423474474387742,0.561637808073374,0.5637743815719984,0.0,0.42759922485772983,0.5998105304917771,0.0,0.42419834238908716,0.6123068580376685,-0.5370088229820291,0.5631945537810336,0.0,0.5555677188313459,0.4895339088244493,0.40682170107196813,0.5666869556373396,0.291675153729068,0.7144829578151285,0.5237947723533446,0.5459246953674031,0.581263330901697,0.5589140755907096,0.0,0.33356293525297315
0.32779684839144496,0.5077874594414605,0.0,0.45135962539732843,0.4202729057103831,0.6837788058811136,0.5887827587351923,0.6174645518187647,0.40392238038054906,0.5470398461805935,0.5122777480715937,0.4873351271034038,0.7402727660516282,0.44366803389427084,0.3407059178303755,0.3734926608627268,0.5649045291336849,0.5082241715037279,0.3130011242488346,0.36585991561564507,0.3367258034604731,0.5120745281038916,0.49844262788264193,0.39511402582145727,0.5255926187929704,0.44887150513948604,0.8648361917681568,0.7522609946714311,0.5628387331834362,0.7857864975457061,0.731973975063412,0.7321577528700719,0.4666607519606972,0.6938451927125658,0.653341373808084,0.5612042887271287,0.5211202889651365,0.4254206406714326,0.5681080541526472,0.46770875260082395,0.37481984985001865,0.511891777614534,0.6498232338444201,0.6133505043660205,0.0,0.0,0.19064597708178976,0.7106816976005881,0.47064303418433057,0.5344040443627018,0.5812557556209584,0.49359890863226746,0.5807178400276956,0.7166162148065133,0.38096007472784,0.7192911849981451,0.4545973028476413,0.4849948467793396,0.5593377761082996,0.24350310500179959,0.0,0.0,0.0,0.6596423107347708,0.5838226093140804,0.4309181312821805,0.09665807674420301,0.6306899525563685,0.0,0.6258118875117016,0.33834203544901104,0.6693400698098064,0.4412766457694275,0.5967863446843583,0.672076391199566,0.3582826084652895
0.0,0.3152529160260419,0.45135962539732843,0.0,0.4058061355260029,0.5735186219232487,0.3265372861123273,0.21038440913419604,0.7009249525091525,0.3367926289955834,0.4546346163904984,0.16913884824795136,0.5378554466288542,0.21573939573972975,0.13734345641357198,0.07635369340261476,0.5286639606367205,0.4761325306705036,0.5154576862314515,0.4660677416954185,0.4443336124912606,0.2712868252261324,0.6719580255571236,0.21504847949740868,0.8651690961343412,0.5962120732461973,0.5597602384100918,0.5340593142220291,0.3854926420978085,0.4634267296317687,0.6581586966684909,0.3169989730890077,0.6537896494273215,0.6954374382147586,0.5405970200252415,0.15721076854792868,0.3063943550839102,0.2889060941960373,0.17567799098238795,0.2805435387327514,0.37629465389227884,0.2693887387694383,0.21032218612209508,0.22254993984190435,0.0,0.0,0.0,0.3682016362768352,0.0,0.0,0.5795621930260986,0.0,0.47081744520655255,0.03195511000862608,0.0,0.16837624954760624,0.45131605911935135,0.44634901971762275,0.0,0.0,0.0,0.0,0.0,0.0,0.0,0.0,1.521283709104853,0.5198789533015846,0.0,0.0,0.0,0.45512996182453047,0.515935482775389,0.5585820281961592,0.0,0.0
0.41741417562201766,0.39577003968339086,0.4202729057103831,0.4058061355260029,0.0,0.49968092805735886,0.32410117745376404,0.43143544007460327,0.35617815475962283,0.25575046936065216,0.34001234162716987,0.14589064007842795,0.5958801636113538,0.5095441561011109,0.4411930995297311,0.5805043540434198,0.513871988053496,0.1959109658643947,0.44507076205771906,0.5743729725499709,0.46011670617570644,0.6492447729645927,0.5731822151004307,0.5065970935384928,0.4625604611335399,0.35311550463398367,0.6166754996352997,0.4198909360942308,0.480874375185817,0.5176350431074068,0.5400786020513924,0.4848758531108202,0.05104330818734984,0.48071742109399074,0.3529153585973141,0.41153111978030277,0.3861225936634482,0.027602077480447018,-0.04160780398012881,0.7162067679842906,0.512785892556621,0.41437550893309616,0.3745230301384377,0.686583911521699,0.24680837788723323,0.0,0.3848083046951978,0.8252328890703615,0.0,0.5832153748966407,0.607831623603867,0.5515990609391135,0.5032906306466138,0.485463252569454,0.0,0.31265865225769773,0.32971080339949643,0.6463837499163722,0.2539714861560806,0.24529676874214287,0.44720743264479024,0.0,0.0,0.7111242408126501,0.3107991450351132,0.4937940958111585,0.3906064622822848,0.4595072968781062,0.0,0.46789657668250806,0.5623939234520688,0.4299050700509436,0.5374438999169755,0.41860011353092763,0.0,0.45442061675951706
0.5686107307846857,0.3462661040039586,0.6837788058811136,0.5735186219232487,0.49968092805735886,0.0,0.5368270786346532,0.5545886997606697,0.466820708569883,0.5368097479096627,0.3621063669806115,0.2269847457793891,0.6312843064624928,0.4844192197691989,0.49987085426462896,0.5777599599308338,-0.5346084521212484,0.44991161415791037,0.4565033769198177,0.4164683229951378,0.5075269289173735,0.4857780750494328,0.714366819590136,0.29811448275895414,0.39902963370148625,0.4013842179177899,0.7655462271525332,0.6550159759346262,0.5006432787711096,0.5908270896937319,0.604784170311066,0.5575475652072952,0.4475004521709226,0.5083727877829981,0.5101373741944659,0.7885924680644709,0.610347710642741,0.3589438596506265,0.6224677757018378,0.42547035454431636,0.5427316065892581,0.42909149758756127,0.6514777736421873,0.4756348857178872,0.1896373475818117,0.576710809527564,0.4820719749121417,0.5994711887732792,0.5536983062792664,0.4379446235240708,0.6081761485516535,0.5708417045275256,0.6295934610777714,0.7245593014933442,0.6180325139327973,0.634372139054706,0.3263028557511287,0.5896887652216358,0.5570288618798624,0.30708214461741623,0.5664900681262995,0.0,0.5288741160088668,0.6172764072229275,0.43055808372414645,0.28179297146016863,0.28406531055437934,0.5907479407854013,0.5783015282982829,0.4701505810040548,0.49824963792622207,0.5947579435535243,0.5987381476647309,0.6207182135459615,0.5980022466692312,0.6205337804843559
0.43650256229232454,0.38891909808989816,0.5887827587351923,0.3265372861123273,0.32410117745376404,0.5368270786346532,0.0,0.3803024985991763,0.609086741116936,0.16918954374858225,0.4099053641061786,-0.16849438570404707,0.49259195424886143,0.38724725044761005,0.48534219329936723,0.531898331873987,0.41988877847614875,0.4045062562468676,0.4851375158242517,0.4811952119320002,0.39213523209511425,0.5220275115571354,0.582375086661698,0.39560308570179037,0.4392674044612758,0.4221303436619518,0.5463620161501423,0.2946308244553339,0.43548495986434116,0.5060479740609152,0.43010263495017576,0.5425098556086803,0.3107622157212081,0.366401236172547,0.23753184387643453,0.2886944156862244,0.22722273989554237,0.20090043334189794,0.5979050083024786,0.3941851704121555,0.5585777358882884,0.501443328710412,0.06604615026199862,0.7431658486339449,0.32135324415945965,0.0,0.549111775126321,0.3922934100312562,0.0,0.5009828367912093,0.5344036282453433,0.5426563163477862,0.3622368776739968,0.607428050706758,0.55498694720141,0.4578460680410268,0.42507885861899813,0.4581959677763485,0.3673885428399129,0.30626821072546107,0.5825351346857246,0.0,0.5178771961814492,0.5589085331000314,0.5614647310108811,0.48520508855798505,0.5796712879934324,0.5324848537605734,0.4670856699464543,0.5927145773861693,0.5087323248701382,0.5323230822287742,0.5316046784796562,0.4178921950199733,0.7615805867157124,0.4710610382999725
0.4674777516376087,0.5165739098529503,0.6174645518187647,0.21038440913419604,0.43143544007460327,0.5545886997606697,0.3803024985991763,0.0,0.6812340630445359,0.4002244815955869,0.5349753085937904,0.1568458025116552,0.5568365380435925,0.48952008961426596,0.4968843404188942,0.35310817530492183,0.43567067434051865,0.5882782511360718,0.6285593036024737,0.44698282521455535,0.5367938373973244,0.43747305130266845,0.6343898126143224,0.3593905809547362,0.3005523997156053,0.4204646936010774,0.7451942997657371,0.47847376680279763,0.4517327206540361,0.4638713481948068,0.49080108110140197,0.4275357606343183,0.23336416703835355,0.44984468001902045,0.3973027460685652,0.5044746920393057,0.6661496365263387,0.17150986035920704,0.5533000337160194,0.13675120598375662,0.4081279734395065,0.32254827542034603,0.6368837969506864,0.42872684947914774,0.0,0.28388090272175187,0.3201119887629616,0.7730212507833294,0.0,0.3527569231886579,0.7190754266150692,0.577967387437057,0.7195845006959176,0.7274581178266168,0.8252820271840606,0.674283707615781,0.9456848640070286,0.6329577855356989,0.7331534092764479,0.41325514114107875,0.8264829269160385,0.0,0.6491359264667811,0.7534355192969503,0.5511995523627176,0.2854074233152457,0.4241406665222921,0.7866668203906706,0.0,0.3999962400754176,0.2875175284525452,0.7474752539327991,0.628018873199299,0.6331610542236107,0.48410105311337825,0.5181497971285558
0.40110594567069724,0.35393064782180517,0.40392238038054906,0.7009249525091525,0.35617815475962283,0.466820708569883,0.609086741116936,0.6812340630445359,0.0,0.5904176989677007,0.3634117989247004,0.46562239864840804,0.8434523889250427,0.484926836021614,0.5478087364480231,0.6953005311877662,0.39191385692543523,0.42428903073456475,0.2977897285306733,0.6000831929146042,0.3522408681619882,0.7082032239054551,0.6512478794224152,0.4357326833343143,0.5825843865431946,0.5949354218389844,0.6349222720919774,0.70217012655478,0.5065482050152745,0.5706172733789338,0.7116001347775892,0.7668201254160084,0.5408031301847345,0.6994420707146614,0.7058811302214181,0.8039801222521868,0.6826091210016723,0.5624224261950842,0.5506601940983776,0.47516643751546717,0.36105629951187374,0.3126307979820281,0.5489185446627125,0.428450970251052,0.2692374042581776,0.0,0.47018485324412673,0.6001312859920688,0.46398737771894155,0.6706598297182036,0.6692410384621157,0.613049523000928,0.6046551012127045,0.5932335221500513,0.18478946916363664,0.5611035753012491,0.40676281964478106,0.4877690746298688,0.5098987628503553,0.46352728688887823,0.6635667869850649,0.0,0.0,0.6004905797607424,0.5766155597644946,0.6763929077507322,0.5245338413811613,0.636434722477647,0.31005260803234586,0.5378926377729254,0.2839355824309141,0.6291970735248826,0.4883808533057702,0.5394461809076294,0.4972545559950913,0.5918603564601239
0.6272598932506149,0.4242166288045308,0.5470398461805935,0.3367926289955834,0.25575046936065216,0.5368097479096627,0.16918954374858225,0.4002244815955869,0.5904176989677007,0.0,0.48546090354465865,0.3957337849349301,0.2509685395077964,0.6221864553924805,0.7921418396692477,0.36555080470877066,0.5857663989257813,0.44230632682498083,0.4450578310298184,0.42071196685818507,0.6288194117728776,0.3938305312648781,0.4578534339136163,0.37637819212361556,0.4652915763448571,0.43256078466223,0.42370479876016076,0.4267186333046889,0.28809116410926344,0.37134711693131983,0.6868317572283695,0.1907336321856353,0.5245124312555085,0.5051166161998284,0.2772145573860058,0.4094397998841332,0.42850686419188894,0.4291762872798446,0.006830042668186376,0.43846438798327164,0.5235830770404647,0.5603910622798953,0.25746869234218894,0.2814244243096752,0.4150491961410969,0.7534970664293625,0.5326352752373725,0.14018892108199738,0.4723902558068432,0.41331847991517967,0.5070855134118981,0.4224703237000511,0.5623391237650412,0.22215620067041844,0.5520129777987058,0.394534433270284,0.5675621161725598,0.49825898882992636,0.0,0.89644169903799,0.590878997688927,0.5867134319124476,0.39403398082068875,0.4704359190916005,0.46540887037800177,-0.25352842466259445,0.3371320555365712,0.5267797913729181,0.39684200653757895,0.4083230367334155,0.4865272662318013,0.5425270442700929,0.5100175800627382,0.3935171455645944,0.0,0.6082691423079294
0.3769638200971622,0.3239739997324311,0.5122777480715937,0.4546346163904984,0.34001234162716987,0.3621063669806115,0.4099053641061786,0.5349753085937904,0.3634117989247004,0.48546090354465865,0.0,0.29023619626789354,0.5465725139570283,0.40630609116126315,0.0,0.5102191672415837,0.4645503283912782,0.4846999416048222,0.35957974467704307,0.447135315067375,0.49869825492549713,0.3710567161126178,0.4905254491879903,0.4522842934538913,0.5334592033022265,0.5444238393218714,0.5894161021332478,0.47880423061740596,0.4127373750379362,0.4996587697010489,0.54625496158642,0.5533895885723721,0.4011984496235203,0.5331477171998004,0.5073734698875105,0.6979090953577214,0.6652792271242259,0.4227634038941627,0.3941206722089744,0.5356038709556691,0.4771987916012982,0.4181583039526376,0.548923881441013,0.5543024984733355,0.1761699409909317,0.0,0.0,0.6293885981224276,0.47005152689582763,0.233866649607823,0.5039492618518275,0.46391301693793285,0.4644744875016866,0.6247564694455081,0.4272793908760436,0.6445621046363874,0.3655411943709376,0.5181321478247307,0.5883833238274991,0.0,0.0,0.0,0.0,0.6439644736986747,0.3431348328879833,0.0,0.6604542031755051,0.5713957212936108,0.0,0.0,0.8745408493610767,0.5374660978581913,0.4488297849153392,0.34931364755316924,0.0,0.5250887567535214
0.5783167186363678,0.4354753079754387,0.4873351271034038,0.16913884824795136,0.14589064007842795,0.2269847457793891,-0.16849438570404707,0.1568458025116552,0.46562239864840804,0.3957337849349301,0.29023619626789354,0.0,0.014716757934356561,0.38397678265623375,1.0692648607288897,0.5873930862749366,0.4994938165990561,0.5393531016378911,0.35447257810645205,-0.45985874514781316,0.5617608515685406,0.06000679306972395,0.0757828510799089,0.31722265533938887,0.2946932776472113,0.44200603185634096,0.28169245463501064,0.31534845180037097,-0.273727255771967,0.29293724724848136,0.23322210190542275,0.08623548832398512,0.3482257073845324,0.11814552255532879,0.2423350536712163,0.16438965611788905,0.15284872231397928,-0.025266756876338087,0.34753027488367944,0.08750970669356181,0.08025851130212075,0.08276863188381803,0.32075925854853826,0.45597983191993136,0.021233189463697205,0.7287829093863438,0.5739677009202817,0.24529248618427682,0.19749916207647014,0.2572357765773372,0.3477581443633597,0.4697824623662751,0.2452001849507291,1.3155955474747025,0.6274495624484562,0.2226822306812435,0.6727015321372933,0.5915938821684696,0.6768721961096815,0.6268072562429305,0.5266648960551626,0.5590922029658241,0.6262856389320104,0.3410455380429208,0.7392473514235194,0.7589395431434693,0.41700012184942536,0.531092847626625,0.2827181166176679,0.5072673738557865,0.5090882066163209,0.3319327294335142,0.5188362491360117,0.45128715310165834,0.0,0.7133444948575256
0.48919492997040265,0.47796197297992066,0.7402727660516282,0.5378554466288542,0.5958801636113538,0.6312843064624928,0.49259195424886143,0.5568365380435925,0.8434523889250427,0.2509685395077964,0.5465725139570283,0.014716757934356561,0.0,0.5690948753912911,0.4342842619076032,0.5643179196083604,0.2650664517104379,0.5573575115677021,0.5982528253427938,0.5175609514466577,0.5465640705142907,0.5442754289272462,0.6939533915130217,0.11289681691087514,0.5922064077706102,0.41843082913836593,0.6478080806470341,0.33799592060956474,0.45976547768874076,0.5746898304221643,0.29491697190394106,0.4727563742211271,0.11875540457478445,0.26963357946291217,0.0631406159750128,0.384989729740595,0.3595457640038845,0.026912881652598253,0.10202122798571944,0.45165371913943386,-0.1569467646233006,-0.11928262925642108,0.021726253087518743,0.36787722618948704,0.3632642041283356,0.5757776249355314,0.6196144572366858,0.4694835754206639,0.0,0.6046095234946682,0.6663450577341182,0.5103806508722186,0.5603144473213579,0.5425522782202223,0.4906113669561638,0.42693597329322175,0.4292467622685011,0.5418135963682773,0.4013498220780635,0.439720722186276,0.4700688715495071,0.3771402030632531,0.5442299954206695,0.4978877083548554,0.6792354713120607,0.552507057325826,0.5053331514169518,0.6416235975275819,0.4875819373579966,0.4726580815636064,0.45832779205009877,0.6729227681272756,0.524119557213998,0.5888772087772052,0.5084246466002476,0.4895791919434638
0.43259068770906606,0.48924334307580164,0.44366803389427084,0.21573939573972975,0.5095441561011109,0.4844192197691989,0.38724725044761005,0.48952008961426596,0.484926836021614,0.6221864553924805,0.40630609116126315,0.38397678265623375,0.5690948753912911,0.0,0.5182738639176296,0.5551431342779675,0.4571763635738545,0.4978569576803704,0.5442668150841508,-0.21150144348611544,0.4302108046443418,0.2501435777512811,0.48551058529996016,0.5990789279029707,0.5193394823325084,0.4121491447168387,0.7647347754776055,0.5389583846839952,0.38778475409566604,0.7536549127195453,0.500669229610133,0.2229833994417426,0.24688224629469135,0.5977752674824046,0.23822709461855984,0.019850216694677125,0.12326560337744824,0.4001688784205941,0.6985780783303732,0.0,0.6888816162389844,0.81531491522632,0.46245399362181616,0.4698949323781133,0.0,0.0,0.0,0.4850065229537519,0.0,0.6999517951621357,0.43978407842753936,0.46700422815047016,0.5350967436404328,0.4393383157246054,0.0,0.423517958412313,0.38647680945297186,0.7090105353966103,0.9037070531036415,0.0,0.0,0.0,0.0,0.6426809243296188,0.0,0.0,0.0,0.3589922045464584,0.0,0.0,0.0,0.19641576806581384,0.7182210632049073,0.0,0.0,0.0
0.23627877372309064,0.5264896120744901,0.3407059178303755,0.13734345641357198,0.4411930995297311,0.49987085426462896,0.48534219329936723,0.4968843404188942,0.5478087364480231,0.7921418396692477,0.0,1.0692648607288897,0.4342842619076032,0.5182738639176296,0.0,0.3509109871221953,-0.014809715198219553,0.24421258545181734,0.0,0.6340855426420653,0.46292529223552015,0.3062402771844076,0.5000297599240753,0.38456633354448067,0.3338419648926583,0.5231642421537119,0.507189367482312,0.32983489781192704,0.3956050709766862,0.3735224716555892,0.311771846756712,0.17220418003137103,0.322364646207352,0.19793136989102522,0.21665135142181235,0.35378343277924174,0.3636256590549412,0.37247755597392673,0.3211634988418619,0.4328032090940258,0.36132459362142477,0.34189557245523367,0.4445292946743111,0.6083149868401699,0.0,0.5859263190571937,0.6199939337472838,0.44357739729539847,0.0,0.0,0.46049174965864903,0.6728218239571878,0.5914205243052293,0.5178006366938507,0.0,0.0,0.6415909091680354,0.525329895995924,0.4721227883636793,0.44056634140611306,0.44169849247422865,0.6116904101839903,0.7301642991999738,0.0,0.5057286308464104,0.49786036856498184,0.5853533691593457,0.7372986717494316,0.4412615073946554,0.44680013841079846,0.43375530025612946,0.643152868839582,0.598305170741398,0.5060107615606281,0.4971472698005612,0.3248808642745682
0.4058618063822428,0.5630233018823564,0.3734926608627268,0.07635369340261476,0.5805043540434198,0.5777599599308338,0.531898331873987,0.35310817530492183,0.6953005311877662,0.36555080470877066,0.5102191672415837,0.5873930862749366,0.5643179196083604,0.5551431342779675,0.3509109871221953,0.0,0.3502179379603319,0.6548553924438042,0.44725242335690185,0.4703601485648983,0.3994063244524863,0.5192581479773206,0.4654989530142738,0.43160980963461576,0.36284773002773235,0.3767551523031817,0.5375705169098484,0.4481282595327271,0.516089390965282,0.3893976305668676,0.38483265035430547,0.2387193075552049,0.15377017280458777,0.35980665597653744,0.19963789846271981,0.6236937656792614,0.3430653381678608,0.5838020918232685,0.38335221660290225,0.37241957965941774,0.3718779811915589,0.32389637341191135,0.47309072292279414,0.0,0.0,0.30106429412291263,0.6301685056364043,0.0,0.0,0.0,0.5183332688367798,0.5808925614012641,0.86466819572399,0.0,0.5100933866197793,0.0,0.7929005238400428,0.5914777226772219,0.0,0.40933474706745154,0.576665756804819,0.2383863582991354,0.5748390789042019,0.0,0.49720779115029057,0.12540934136333443,0.41438255596116,0.5571169365730908,0.3132383775372362,0.6562522770262367,0.5523882078602875,0.6970022370764837,0.6020758076245535,0.6541245141641443,0.0,0.22437820200115083
0.41043864941036357,0.5705728414016062,0.5649045291336849,0.5286639606367205,0.513871988053496,-0.5346084521212484,0.41988877847614875,0.43567067434051865,0.39191385692543523,0.5857663989257813,0.4645503283912782,0.4994938165990561,0.2650664517104379,0.4571763635738545,-0.014809715198219553,0.3502179379603319,0.0,0.5806718441271975,0.5840083664895896,0.34072714274391647,0.439027422423674,0.3565567120355242,0.4673276169732492,0.40451353137437224,0.5504524881121423,0.29968131047937685,-0.11216812694654932,0.529022180167036,0.37471839094889603,0.5126618048335231,0.42778984220836747,0.23324501912581772,0.29856219571452636,0.4460233316008029,0.34988400398734043,0.5831466236725407,0.23912014475371995,0.18301470533275258,0.5583376647752093,0.037630711652047455,0.10239371436640174,0.5835726761053441,0.0,0.0,0.5034913357186671,0.6244854679308083,0.6189609840991384,0.0,0.0,0.0,0.0,0.0,0.0,0.0,0.3283355029491464,0.0,0.30238631705417873,0.3182417340409408,0.0,0.7736575421743951,0.5003034947615486,0.4662102456367948,0.42007774305485823,0.0,0.0,0.0,0.5605448896211378,0.0,0.08953706939669528,0.5014133406013304,0.42321039436611363,0.0,0.2738168882952279,0.4646053288386257,0.0,-0.15855922539096096
0.33199447337083965,0.5703267144309949,0.5082241715037279,0.4761325306705036,0.1959109658643947,0.44991161415791037,0.4045062562468676,0.5882782511360718,0.42428903073456475,0.44230632682498083,0.4846999416048222,0.5393531016378911,0.5573575115677021,0.4978569576803704,0.24421258545181734,0.6548553924438042,0.5806718441271975,0.0,0.47620880707293345,0.4051259844082533,0.31886247098823495,0.32759513404424545,0.38007682568500434,0.44129790164221466,0.6223435208044572,0.4191994961711598,0.4106115514086015,0.4418110521751808,0.45818850846879006,0.33429814870731855,0.3509566041788187,0.17989568038800666,0.3205567977922059,0.4374042375229497,0.256760434119192,0.488833195635783,0.24699834538623527,0.3925226912569076,0.4974829153032796,0.49622905536139095,0.47768896956035145,0.5147074679606991,0.0,0.0,0.5923190910257667,0.5012486878079567,0.6530553304720568,0.0,0.0,0.0,0.4654838511350543,0.5437627358506888,0.8562408221595817,0.0,0.5782807001841913,0.0,0.5319611796062219,0.5058963955586081,0.0,0.37977338511954395,0.6246493205856974,0.6134760532161073,0.5774322944035433,0.0,0.477325440749882,0.6095062153904389,0.5452550318939058,0.7113455253885003,0.42779337852605626,0.6335084630426464,0.6529734911779287,0.47436286515819975,0.6764069522436362,0.4559376571105801,0.0,0.6250932270387067
0.0,0.6138659506926709,0.3130011242488346,0.5154576862314515,0.44507076205771906,0.4565033769198177,0.4851375158242517,0.6285593036024737,0.2977897285306733,0.4450578310298184,0.35957974467704307,0.35447257810645205,0.5982528253427938,0.5442668150841508,0.0,0.44725242335690185,0.5840083664895896,0.47620880707293345,0.0,0.5380509490980456,0.45099078528419795,0.673891278838448,0.4295154136344395,0.43456432876546425,0.5065192878358863,0.4632467269887557,0.6958024301214398,0.668103327847386,0.5851372558939458,0.5839440321895821,0.6315524494221254,0.7434894919412176,0.44739708953385626,0.6338437167171171,0.6283792647501132,0.7454000998157764,0.5716996350282055,0.4115702663486993,0.7703255104214458,0.387083109289038,0.37817584404827087,0.18899014590313784,0.8383753811533108,0.3456562254744799,0.402402970915857,0.0,0.0,0.6611031709185505,0.0,0.4789345248975086,0.5314713060052756,0.456234730948895,0.6254959925892236,0.7152620304929148,0.8559861410145442,0.5903339377497194,0.48824526855631495,0.4182803006762792,0.5722941738075371,0.0,0.0,0.0,0.0,0.7137322153152542,0.4700544423873483,0.0,0.4929776263679581,0.5461960321099679,0.0,0.0,0.0,0.5979578327204332,0.48494804592075047,0.42854792976828526,0.4654883053112862,0.5307135211586873
0.4769192230396865,0.44037004838735383,0.36585991561564507,0.4660677416954185,0.5743729725499709,0.4164683229951378,0.4811952119320002,0.44698282521455535,0.6000831929146042,0.42071196685818507,0.447135315067375,-0.45985874514781316,0.5175609514466577,-0.21150144348611544,0.6340855426420653,0.4703601485648983,0.34072714274391647,0.4051259844082533,0.5380509490980456,0.0,0.37559389416465855,0.5839704566184978,0.5297120638800572,0.6235888921797632,0.37031295924620117,0.549074788656527,0.5814962844757414,0.4589398510097948,0.5037045579268729,0.5746280920129021,0.5719952314623657,0.3155987153420225,0.2811609351902561,0.4457369590412443,0.3530290321876535,0.5288647337911642,0.3786584682866101,0.7624941279524794,0.41127015924203714,0.5066519288180568,0.43813449522298675,0.34835057174105427,0.49490359993290606,0.24803532349912555,0.1897786586657359,0.4374920268122906,0.46138827911495417,0.4451159140400288,0.0,0.0,0.4186712724616588,0.6125416545141231,0.6501585874565257,0.3962476631243408,0.9271875304564361,0.0,0.5180651300769108,0.5355187286070395,0.0,0.5464826877905445,0.5314667427814643,0.47531534433933453,0.5680270076943398,0.0,0.48094666733645264,0.3928458561817233,0.46403071088293496,0.5501250015607304,0.0,0.5505089791597815,0.4031577127065239,0.508442827082113,0.4504670756660024,0.5236764841250846,0.3903335907968929,0.34994440565551166
0.277359304580294,0.33338508504243447,0.3367258034604731,0.4443336124912606,0.46011670617570644,0.5075269289173735,0.39213523209511425,0.5367938373973244,0.3522408681619882,0.6288194117728776,0.49869825492549713,0.5617608515685406,0.5465640705142907,0.4302108046443418,0.46292529223552015,0.3994063244524863,0.439027422423674,0.31886247098823495,0.45099078528419795,0.37559389416465855,0.0,0.2819808707527489,0.6083900055345544,0.40009603561340434,0.3626885049452454,0.5215654328886814,0.47204095260980583,0.37309074547810395,0.31046209252198836,0.31879983180796767,0.3539638008518497,0.21418686884123722,0.3463225967159915,0.25309924414621454,0.27645542620270375,0.5880046245378798,0.3099164882305404,0.27923200008588667,0.27068899754692777,0.3000559616403231,0.2121920283550818,0.24538477365067307,0.5598127347267348,0.0,0.0,0.5653707996565367,0.4784080754860925,0.6171514981887581,0.0,0.0,0.45760386508169343,0.3979524483269479,0.6281573643250089,0.4845825681631433,0.8915715925239155,0.0,0.7416433153843915,0.49224766584780544,0.0,0.5153672095338038,0.40746169440995184,0.0,0.5080405125960631,0.0,0.5304059399304538,0.5307668970163179,0.44013681474151334,0.5953665255655199,0.7696141078536036,0.5424285704651025,0.50559864764393,0.5815104870309646,0.5496253711546539,0.6464375613405086,0.35087448356244716,0.34125252749988977
0.36845171674302263,0.5743192426653663,0.5120745281038916,0.2712868252261324,0.6492447729645927,0.4857780750494328,0.5220275115571354,0.43747305130266845,0.7082032239054551,0.3938305312648781,0.3710567161126178,0.06000679306972395,0.5442754289272462,0.2501435777512811,0.3062402771844076,0.5192581479773206,0.3565567120355242,0.32759513404424545,0.673891278838448,0.5839704566184978,0.2819808707527489,0.0,0.5708371151293734,0.7369953887709846,0.40798163597920367,0.374299292270197,0.37485903878608484,0.5292584837110706,0.4529233818201199,0.5840740217561201,0.4315814973979555,0.24518885841329852,0.20887298743435473,0.3330546774979498,0.2486009163894134,0.3344507604645534,0.3315732047669582,0.529509529463699,0.3025856053923296,0.3865053290177133,0.3425407655382559,0.2996402914296398,0.4334264486589722,0.3440746182446426,0.23060200429293742,0.3400974419907495,0.5276177443120734,0.5689391125046825,0.47039650634258534,0.23868083473592905,0.5363153419931453,0.6314470106409567,0.6221508692080906,0.634845392905566,0.3980576840944403,0.0,0.49368558542026797,0.5770691179159488,0.0,0.5626167108271842,0.478553647623665,0.41910618587283,0.5491987953570538,0.0,0.5090234630160128,0.4449989520348435,0.4530623406938279,0.597378032297734,0.7127848353042903,0.49596562136274,0.4032876288091878,0.5997428634392782,0.5240222833610944,0.5034660209394273,0.5557823910307739,0.2711094914274874
0.4497054099179183,0.5025231653475615,0.49844262788264193,0.6719580255571236,0.5731822151004307,0.714366819590136,0.582375086661698,0.6343898126143224,0.6512478794224152,0.4578534339136163,0.4905254491879903,0.0757828510799089,0.6939533915130217,0.48551058529996016,0.5000297599240753,0.4654989530142738,0.4673276169732492,0.38007682568500434,0.4295154136344395,0.5297120638800572,0.6083900055345544,0.5708371151293734,0.0,0.4046606309322168,0.29825063034968374,0.4448411252986675,0.7810085572158291,0.5540625688840489,0.571977096329322,0.5814530401421042,0.5953802425188883,0.5739150086720213,0.3254930252331816,0.5154851363395017,0.48556556078257584,0.7748587813605143,0.6289143630399975,0.3598244708968752,0.599055111094976,0.5489004261025074,0.6268961139913178,0.4959889602098747,0.6875956490401289,0.8267053001689239,0.5105802066905809,0.48950826221606386,0.5739110993627203,0.6819678471408996,0.455830788180941,0.6878772611073867,0.7189361832744621,0.6608928646291181,0.7177174444773587,0.7220379028914081,0.9011746181279099,0.5907539314968994,0.4375509798141871,0.629290043502555,0.7478673926055617,0.6012119714258117,0.619947992698929,0.4654088703780008,0.5398414202382964,0.6534155391498939,0.5435688748766311,0.5026844905653745,0.5503637364569356,0.7930083832452418,0.20997374985192468,0.6029620034217766,0.42340160658923254,0.6057260552210182,0.6251323606575285,0.6351363940982327,0.5801832390536327,0.5787081783502259
0.6342259720397052,0.9309471845069355,0.39511402582145727,0.21504847949740868,0.5065970935384928,0.29811448275895414,0.39560308570179037,0.3593905809547362,0.4357326833343143,0.37637819212361556,0.4522842934538913,0.31722265533938887,0.11289681691087514,0.5990789279029707,0.38456633354448067,0.43160980963461576,0.40451353137437224,0.44129790164221466,0.43456432876546425,0.6235888921797632,0.40009603561340434,0.7369953887709846,0.4046606309322168,0.0,0.511322447536297,0.39008305327769777,0.23833570979587312,0.23348707287744702,0.656228238788332,0.8094600354925023,0.3928857134405518,0.004346164255396967,0.0916256592451336,0.26671793006078415,0.14460549486972163,0.1692808395324836,0.08114636341063916,0.0711143502036401,0.6694692264497117,0.7112020458152357,0.3823881443509218,0.6103827961663558,0.587836128080359,0.34979252759769913,0.45196308058976187,0.25661973039946895,0.495946866955475,0.0,0.0,0.482623223143938,0.5826120556526786,0.3092582087886792,0.0,-0.00014142282371426562,0.5482457417023444,0.5379581657171347,0.6688914946355973,0.4229495986128836,0.0,0.2409374170931079,0.4513549200937705,0.5872895105162366,0.540585251702907,0.4651375171494633,0.3543208320587376,0.7846812270638752,0.17374045167617624,0.8412865563686492,0.403978166385351,0.55825993643246,0.537573250754761,0.54717470081768,0.6248004874573749,0.577817835552302,0.0,0.43741896522844326
0.3587317972102124,0.6090970161238287,0.5255926187929704,0.8651690961343412,0.4625604611335399,0.39902963370148625,0.4392674044612758,0.3005523997156053,0.5825843865431946,0.4652915763448571,0.5334592033022265,0.2946932776472113,0.5922064077706102,0.5193394823325084,0.3338419648926583,0.36284773002773235,0.5504524881121423,0.6223435208044572,0.5065192878358863,0.37031295924620117,0.3626885049452454,0.40798163597920367,0.29825063034968374,0.511322447536297,0.0,0.3455837338274633,0.328720640176111,0.3613776179524465,0.36622947924133537,0.38065678292303157,0.37875602873667225,0.042526588740677385,0.3297697010145768,0.32506189491251575,0.15704521727776127,0.4220270005200889,0.5933789676038208,0.4383903394113716,0.5740189593641726,0.5307426036443703,0.5430731820564977,0.5566226834147057,0.09608967794516046,0.0,0.10881339013073532,0.5205224645832294,0.7790200950567254,0.0,0.0,0.0,0.5354099268750734,0.5146238439365235,0.639005977171226,0.4300752095001044,0.5191808596769635,0.4547344683930341,0.5450894221660053,0.41990556176029825,0.0,0.5181254339304661,0.6993793867972573,0.5877650527764419,0.6510510750785908,0.0,0.6294454155146585,0.48971184180085825,0.681182372250108,0.5131163538586682,0.35809364396690796,0.7079782499381032,0.6578984150035341,0.46288009603082103,0.6383662015190462,0.5832973794485843,0.0,0.5637553078403297
0.5019448675005999,0.4795408883066099,0.44887150513948604,0.5962120732461973,0.35311550463398367,0.4013842179177899,0.4221303436619518,0.4204646936010774,0.5949354218389844,0.43256078466223,0.5444238393218714,0.44200603185634096,0.41843082913836593,0.4121491447168387,0.5231642421537119,0.3767551523031817,0.29968131047937685,0.4191994961711598,0.4632467269887557,0.549074788656527,0.5215654328886814,0.374299292270197,0.4448411252986675,0.39008305327769777,0.3455837338274633,0.0,0.49667373366348566,0.3147589749130524,0.42812824561162555,0.36083407405481605,0.2810459822139738,0.20899614552322102,0.3298101874464783,0.265434329918806,0.21020122433894323,0.34678359420557003,0.0027045794694071923,0.3517773965527561,0.40851236666743385,0.4337000419367233,0.5073898681746227,0.3153498748238943,0.1973503088163873,0.5368475665033413,0.358280701539296,0.4145180953886675,0.7191772688764493,0.6465273200581749,0.0,0.0016859520631285754,0.6114372402500092,0.529867794773776,0.0977724198287177,0.4123966268621264,0.4901742745006069,0.0,0.5270984372622506,0.6017967653609496,0.0,0.43012034546421896,0.6732133828652443,0.522410383189095,0.5940331360738211,0.0,0.4924639365483299,0.2889620702385449,0.5328291473772399,0.48092139774684656,0.300059907874739,0.6543755561245974,0.5271008938092697,0.6120525759038097,0.4995015420132437,0.5601875116770818,0.4417198701643432,0.44592033044943014
0.5141399654329998,0.3351840071475488,0.8648361917681568,0.5597602384100918,0.6166754996352997,0.7655462271525332,0.5463620161501423,0.7451942997657371,0.6349222720919774,0.42370479876016076,0.5894161021332478,0.28169245463501064,0.6478080806470341,0.7647347754776055,0.507189367482312,0.5375705169098484,-0.11216812694654932,0.4106115514086015,0.6958024301214398,0.5814962844757414,0.47204095260980583,0.37485903878608484,0.7810085572158291,0.23833570979587312,0.328720640176111,0.49667373366348566,0.0,0.5370383245920571,0.5215283598293897,0.4163157936331474,0.40347483971223386,0.4436506305287994,0.3306104466247414,0.3917245708352042,0.34375889584105535,0.5996849788880416,0.6041199034252078,0.3672558916360362,0.572358523695214,0.521032761548355,0.5818490529743785,0.3583361352971678,0.6949518953883369,0.5248421207216871,0.39835233577601864,0.3935308092669216,0.44217248247365937,0.6617932568447357,0.4787743648063096,0.1871624165847004,0.7320844291986842,0.6166772376526595,0.6186615285460149,0.6546029224485358,0.6857357282679095,0.6794196988343415,0.34689415415931807,0.5248513662957259,0.8479854048534059,0.4685309948908206,0.5814676427499349,0.0,0.40373829681540213,0.7182802713871844,0.48715270761365087,0.4576609383157223,0.3700105929091644,0.6491082816134763,0.0,0.5686646803322821,0.32003523915624066,0.6515292459721852,0.6281202480548227,0.5278994249724673,0.2875512151340307,0.5619826483197498
0.6678656274922136,0.5240638844186509,0.7522609946714311,0.5340593142220291,0.4198909360942308,0.6550159759346262,0.2946308244553339,0.47847376680279763,0.70217012655478,0.4267186333046889,0.47880423061740596,0.31534845180037097,0.33799592060956474,0.5389583846839952,0.32983489781192704,0.4481282595327271,0.529022180167036,0.4418110521751808,0.668103327847386,0.4589398510097948,0.37309074547810395,0.5292584837110706,0.5540625688840489,0.23348707287744702,0.3613776179524465,0.3147589749130524,0.5370383245920571,0.0,0.39666275967160797,0.42203059520190633,0.34878491287785673,0.30050250781792603,0.339332998674181,0.04143685372641931,0.008220596311504458,0.5423311935076762,0.361089884959932,0.366670523443248,0.353794028256768,0.7527590623929219,0.3725391401092462,0.05881704682675809,0.12684453635376491,0.4274983615613542,0.5492676907711165,0.5887264831898411,0.5890069710958541,0.5317984696033012,0.0,0.6262649043869987,0.7067725200765861,0.5134844660011281,0.5490877784796868,0.4945736286925707,0.5561036849051599,0.45131548307394886,0.42423447727361485,0.5095579062510831,0.3447978634650932,0.4268108796058268,0.45918517592230745,0.17503962530203454,0.5616156004390612,0.6603956660734408,0.5382747493639117,0.473481507691268,0.3896126366048663,0.6206942452218762,0.4893370065284271,0.5904496795868025,0.384626207253786,0.5932795485816025,0.5942388730614918,0.4898956533182792,0.47785172295369427,0.48808632402259583
0.513995834851556,0.3062413007605086,0.5628387331834362,0.3854926420978085,0.480874375185817,0.5006432787711096,0.43548495986434116,0.4517327206540361,0.5065482050152745,0.28809116410926344,0.4127373750379362,-0.273727255771967,0.45976547768874076,0.38778475409566604,0.3956050709766862,0.516089390965282,0.37471839094889603,0.45818850846879006,0.5851372558939458,0.5037045579268729,0.31046209252198836,0.4529233818201199,0.571977096329322,0.656228238788332,0.36622947924133537,0.42812824561162555,0.5215283598293897,0.39666275967160797,0.0,0.28292635989524084,0.3598470994531815,0.28304926076925085,0.14630376453968355,0.4272684122286531,0.309154124648883,0.5179093730482331,0.42076975251703813,0.5001260758549799,0.4700973159008921,0.5665229716923368,0.4747651684075249,0.41233077397531565,0.39147827695456583,0.5107599477742892,0.6165855891055039,0.6900279874765217,0.41582103448366614,0.6237285586759311,0.4794322526873621,0.4145286151586378,0.5857142644362019,0.5316368561891947,0.6905159935801019,0.4988957897213653,0.5927522413943465,0.4139929568779877,0.5535149864573239,0.45064444289791694,0.7846640952717191,0.5215411019476328,0.5567216434610915,0.47004271609791975,0.5410646841698576,0.48438895508030533,0.5232822293763004,0.4753337621082219,0.42628859941984254,0.62203668514847,0.45520470111381756,0.5907588610907328,0.3923960226476221,0.5929312631344622,0.49066003940669073,0.519280553601497,0.3621751114261693,0.431636412358272
