0.0,-0.027614844734495658,0.0005548064387090879,0.0,-0.0024407844425441416,-0.00784582278981294,-0.005626255019500037,0.07094400197813844,-0.001625445375339929,-0.017235423064234645,0.002542670676756842,-0.012501935145947773,-0.005037743300934927,0.02920081767206595,0.004155283571741608,-0.009217304791595882,-0.009100234963063447,0.012813811418791399,0.0,0.00441148407020725,0.060533505609923044,0.006784719459850597,0.06726290577878552,-0.016645768746484713,-0.0008594894980263335,0.0018679118565774755,0.01690431288641986,-0.005352642296059917,-0.007430075939235281,0.006273509107431741,0.009308839617549525,0.016792146248099216,0.01932813916737869,0.009505587295853879,0.02708559721999343,0.0021962255741671544,-0.0016473198863924954,-0.001819390406044008,0.011350853006458717,0.013298265480230553,0.03195460400580713,-0.0035668513851390693,-7.604702491087467e-05,0.0,-0.0032101736791334545,0.06175309079096497,0.017143093307888213,0.0,0.0,0.0,-0.0004882820427858925,1.1102230246251565e-16,-0.0022899314807219295,0.0,-0.010650320293093207,0.0,-0.0032580627544267493,0.0003098773037878422,0.0,0.03389836507549626,0.009651688805254965,-0.004141390297535408,0.034877331940766365,0.0,0.019728477466721406,0.0688350843821729,0.007309686410345795,-0.0033437990995462408,-0.00624187155460354,0.013900074623706793,0.03666401207670361,-0.005267395318398538,0.0006565766247772498,0.04532508747635833,0.0,0.01068977726721937
-0.027614844734495658,0.0,-0.006595459577203366,0.00010931313487294592,0.009525031043496668,0.004733561660487162,0.00370547847063335,0.018594920253904523,0.015921582993229044,-0.016252251594316702,-0.001167855058151368,0.0006649815218590649,0.011483257712568973,0.0022681000640548676,-0.016572095411159837,0.003404190332439494,-0.005607600098197496,0.004727345974830766,-0.0021845010962729394,0.007162296423862291,0.004038637701756331,0.007995867532457457,-0.009925329257664761,-0.014109059881890429,0.021451577067628957,0.015991861724898304,-0.007018079475409167,0.006749626517936869,0.01625102200525108,-0.004393931656953731,0.015583660156135382,0.019533173059127495,-0.0038169190721659696,0.017368972412484474,0.005394831758835317,0.0008474985449536954,-0.0008797295253509807,0.0,-0.005066115125974435,-0.02102458702516774,-0.002951245800932756,-0.005223320775791573,0.0015733734416678025,0.0,2.220446049250313e-16,-0.012555489884584159,-0.00905808562993854,-0.0007516046272452725,0.0,0.0,0.0007681103365837494,0.001915293237134963,0.004623036042422923,-0.0006983607588597618,-0.031604964796847324,0.0,-0.012418789572035072,0.002112922245437854,0.0,-0.007491567121999276,-0.006573888440072451,-0.0009802704633172787,-0.017876020398299997,0.0,-0.0014295163696257385,-0.0034168627509266747,-0.00603440516846615,-0.0007386593035032529,0.00012152368653667311,-0.023740934271453518,-0.014279405517469868,-0.00685654383216544,-0.0024925615963644066,0.005983663208087409,-1.1102230246251565e-16,-0.003696310369130762
0.0005548064387090879,-0.006595459577203366,0.0,0.018243850345450507,0.01784776247381742,-0.005489390803958438,0.016284979871306282,0.004345435283200583,0.010317491948199753,0.007905357942346147,0.10467181185181584,0.003698760033303161,0.010026728533607254,0.006601447823325002,-0.000862292575341983,-0.002431918991152693,0.004302731681015137,-0.0007717687970190679,0.05215753569741738,-0.0020214745607359808,0.007189416132790782,0.026315920503771906,0.048813594468562094,-0.001017775664419518,-0.012698305290265943,-0.007883546413842979,0.038134234675210266,0.02916706928866364,0.023788047550258817,0.03675281054068569,0.029329137725632004,0.03376577028371314,-0.0020668618490075064,0.025921590217739765,0.03724816523924074,0.02039169696541865,0.022607777374420823,0.006359279608279311,0.002245572610109714,1.557476230651389e-06,0.01199802825611107,0.004546837963130934,0.011402615538402106,0.0014747883658802197,0.0,0.0,-0.001121859536000691,-0.10686047502754409,-1.7080365065424985e-05,0.004490120959358301,0.04464453868181828,0.0015634217416222729,0.010732476430402982,0.03962473814035716,-0.0006172659993725071,0.0808777602848037,5.714926236188855e-05,0.005333553330774454,0.0027621110145749084,0.0003916273512885038,0.0,0.0,0.0,0.1442018755488521,0.0021672375292601243,0.001252740156766352,0.00022580474953298735,0.019031947138277272,0.0,-4.077991994955177e-05,0.0010827083836096318,0.025817809011775106,0.00816365897793181,0.0033193599174126676,0.0016280507422083978,0.003100818980881548
0.0,0.00010931313487294592,0.018243850345450507,0.0,0.03496114366785591,0.010542273124564794,-0.01472662304180844,-0.007565171633519774,0.017256660854364336,0.025714164462777467,0.01677474337344298,-0.027592339865723597,0.0018058569559369908,0.0033328026902955665,-0.0021145694831287143,-0.002582572531679539,-0.045822885452621254,-7.777867086428136e-05,0.008757416865975254,0.0629799287040016,-0.0024302937926777846,0.03438822101136835,0.0017286515210311881,0.00010709727259200497,0.0002725301839612282,-0.002524029764845781,0.005480814077321483,0.00873142329062987,0.00032947108487324517,-0.00011347222885954578,-0.001654559647258802,0.006144207339706886,-0.03450382038551153,-0.03284027109138807,0.05512909037188346,-0.01189877889741936,0.0073960064155891014,-0.02908668666242578,-0.007899873405183722,0.0012277989740821504,0.0003917025123791884,0.0006523758849094063,0.003295979744312061,-0.0008012923106945347,0.0,0.0,0.0,0.002335111270962753,0.0,0.0,-0.0009339022786619133,2.220446049250313e-16,0.00017800684525692834,-0.0008333412203146984,5.551115123125783e-17,0.00033413646055596713,0.00254618698074216,0.001075477225064625,0.0,0.0,0.0,0.0,0.0,0.0,0.0,0.0,0.00015694849898356678,0.005320972090021747,0.0,0.0,0.0,0.0019539064028537556,-0.004412401066367866,0.0012540740211277046,0.0,0.0
-0.0024407844425441416,0.009525031043496668,0.01784776247381742,0.03496114366785591,0.0,0.013564026555073883,0.0030556097211585365,-0.0424529133093835,0.04268644967456259,0.0028145693068284405,0.028694683015030642,-0.016463238967857008,0.004306602257830361,0.03132098206013906,0.0015276276940067168,-0.004234175483159741,-0.001930810925462323,0.0023611549848128743,0.026444161043173042,0.003376010208088198,0.003378274136271342,-0.0009519813780393127,0.03197754634823147,-0.0027037282551854447,-0.00959634797232789,-0.0019384192373775866,0.018603190952500293,-0.009812969841796915,0.0035218426467056307,0.039745711893062974,-0.0004941055992305765,0.02093165414187753,-0.006061397130115054,-0.000248614811775405,0.041601765116542955,0.01167066389107524,0.08067957976216472,0.003913535228185772,-0.009189607265475797,-0.0006412300907369106,-0.0007533411510429189,0.00015824092481420138,-0.014737288050349906,-0.005340967049177137,0.0006860853584923499,1.1102230246251565e-16,0.0004506847510706846,0.00015173559643355539,0.0,-0.006819536303178886,-0.004223900249199164,0.0035804894282854827,0.0030831556245781155,0.0007957317812788967,5.551115123125783e-17,-0.004313483934076601,0.002572002684153918,0.001710350154753515,-0.007050778194162055,-0.000919928385591906,6.0680500283794014e-05,0.0,-5.551115123125783e-17,0.00026572134783681145,-0.00020918180667583997,-0.0005066913650749738,-0.002306186819157008,0.02824885064689464,0.0,4.993456842178334e-05,-0.0012556853002915203,-0.0065543653991461115,0.004939089587240764,0.0029136483118569756,1.1102230246251565e-16,0.004218426133008379
-0.00784582278981294,0.004733561660487162,-0.005489390803958438,0.010542273124564794,0.013564026555073883,0.0,0.017389840522414435,0.023911677371289686,0.032240652713973694,0.016671147870179315,0.03185095601580484,0.031381490352207775,0.021376658866111897,-0.007423237800225246,-0.015518427963390202,-0.0005907069814920507,0.005153460315339586,-0.0015090135128483784,0.026219863178882474,0.03010970005122826,0.01998169372790226,0.009938571011956554,0.025069606573319414,-0.0011905076254735136,0.028110203953489732,0.0006113619598304143,0.029091109272010973,0.01815163146057358,0.03423894410022482,0.019623790494804505,0.012338388909358955,0.022405502760299734,0.026935653187652064,0.017010066185425388,0.0328527907887598,0.007045637332802057,0.01674580000149062,0.027471785521313352,0.014267769040091027,-0.0034403826871722276,0.03865473008005693,0.034295874726253894,0.004633080715345683,0.00532861650879396,7.181789748739176e-05,-0.0009922595667433698,-0.004602626141588351,0.0038270929938728493,0.0012296556653728086,-0.007945761900415405,0.00040892570572970133,0.004232882917041159,0.018637251323554704,0.02286566378070376,0.004791667978054581,0.005783659231416105,-0.000504987789486433,0.000653239670119321,-0.0008914816250090163,-0.043338975881360375,-0.002380949564774526,0.0,-0.0013424720310341032,0.03083043662358631,0.016178710316561817,0.01594226183890235,-8.447357727192628e-05,0.018902089761104635,0.0001650432162333404,-0.004220352818795126,-0.006154306071204874,0.011906310041267298,-0.001998064976403535,0.014884142385830024,-0.005555233094058698,0.02781925424515852
-0.005626255019500037,0.00370547847063335,0.016284979871306282,-0.01472662304180844,0.0030556097211585365,0.017389840522414435,0.0,-0.020764084566872676,0.010765797643606023,-0.007442304126605959,0.0007291617719074606,0.015916204746051654,0.000328315358724518,0.017856827811917053,-0.0012134506567823555,0.008890464070864135,0.006966784377176072,-0.0070287817838878275,0.014061640499792305,-0.002999860323013026,-0.005397146347792647,0.005585501895103651,-0.009651745494607011,0.01590951397249124,0.01777296161293268,0.011791618018428485,0.0036674482800110875,-0.01242676471407117,-0.013182940954062194,-0.007415260757803244,-0.04430685158525699,-0.0012952284207027875,-0.017503145230738593,-0.023156726081308754,0.023885130590729275,0.01486004300187882,-0.007671576549470094,-0.03403712677769338,0.009341673902879266,0.0008783198729315767,0.01149733860114377,0.007064877685630022,0.0020459768032013437,0.009415261224855753,-0.0004524835860272858,0.0,0.0004149534359956242,-0.0023382704050860514,0.0,0.005325896818794917,-0.00014009707468276567,0.00436922145037244,0.0049723888986372144,-0.009203212845798281,-0.0002245974471865031,0.008996077210342346,0.001270428072703944,-0.0002512948369106649,-0.00040592522358107175,0.0025570349959525562,0.0002771024836705771,0.0,0.00011272471370465942,-0.0018058966990829317,-0.00032515318710379937,0.0026673085776179883,-0.001595366571196799,0.0017231800049587465,0.00023994539052740738,-0.00011442642345194098,-0.0006163799883150967,-0.003989372390396206,0.000160992682741945,-0.004840925003901653,-0.002136900019906851,0.0033283168858408985
0.07094400197813844,0.018594920253904523,0.004345435283200583,-0.007565171633519774,-0.0424529133093835,0.023911677371289686,-0.020764084566872676,0.0,0.030786331873672468,-0.009784921162432347,0.04090618251236117,-0.012596324004131576,-0.013645976751613387,0.020252330291118448,0.0747648758275326,0.03059117160469299,-0.0005752199677748204,0.02124119754498488,0.0012645285121564709,0.054013057839587264,0.047822848546619,0.05526724591597598,0.030964155997710463,0.034764585371624745,0.03205803589691619,0.03143699716555576,0.01832796308245699,-0.0014420633834917318,0.021796720211535725,0.00771135174083476,0.010897275904331982,0.028981425862963817,-0.026987285127541838,0.008948508288415535,0.017146034387174103,-0.058515551418535816,0.0202769452390949,-0.0046301297728073565,0.03975378265456481,0.0010270524628789302,0.015936728790573118,0.008967630355344092,0.06367123174012002,0.0017894793778185925,0.0,0.0017698753363769582,-0.005304562233167109,0.022660775277692502,0.0,0.012731363532071549,0.01710280830620997,0.011272846400351255,0.053931956197513786,0.025793789634546926,0.00012076000642374796,0.021774781360994255,-0.00019651098293643754,-0.01096079542228473,-0.08405190886804353,0.0024575735658610154,-0.0005014768843117356,0.0,0.0004396644075757572,0.03342483261727014,0.010452482748837921,0.07230709705832783,-0.007227645547626782,0.04247575690681754,-5.551115123125783e-17,0.0025136173958599795,-0.005773592468667155,0.03267479710109483,0.0016768409344871116,0.0142494722556048,0.004715628013394091,0.015371504253305246
-0.001625445375339929,0.015921582993229044,0.010317491948199753,0.017256660854364336,0.04268644967456259,0.032240652713973694,0.010765797643606023,0.030786331873672468,0.0,0.013151072605902925,0.012188592403546084,0.005877291289016318,0.013267114202930141,0.04535557270254231,0.009266705711306666,0.02001059276704026,0.0019566441810562885,0.0008241487065956399,0.023528610613507694,0.02437930922910997,0.0004972547884791179,0.02568175883446605,0.046645005807546824,0.029539972094920097,0.022970723544919636,-0.024005512169933185,0.02648609071361646,0.01681002216706584,0.02131000567740443,0.01395137550835307,0.022835231420535285,0.030865081828749308,-0.0034230457944257053,0.022965911412573425,0.03866940193577656,0.03358770054796806,0.025779430289238237,0.0029052627744064474,-0.04300256216869941,0.003132268357538881,0.012136004040811887,-0.0012727675414868078,0.014814417038028327,-0.0020289302493363137,-0.0003298887033963971,-5.551115123125783e-17,0.00023643127576145062,-0.11032401202802972,8.205487465384742e-06,-0.005853980657634761,-0.04905770086472261,-0.006007483637586297,0.015800578702925394,-0.00434486735448214,0.0024411336734534994,0.009780693378305005,0.0022466061923359093,-0.0021631765292984273,-0.028952772122935455,-0.00256158415464941,-0.0015566553443882025,0.0,0.0,-0.03644779113508556,0.0005717571300525304,0.0009377535365083234,0.00026472823961726233,0.0163100106636338,2.8837932362690832e-05,-0.0002731558214504326,-0.004883746410295153,-0.0008947437182068585,-0.0021511454616501835,-0.0033400674436033784,-0.0003040501682585184,0.0027462330502356913
-0.017235423064234645,-0.016252251594316702,0.007905357942346147,0.025714164462777467,0.0028145693068284405,0.016671147870179315,-0.007442304126605959,-0.009784921162432347,0.013151072605902925,0.0,0.010190282943492834,0.02356352731427047,0.02801349883907639,-0.08550828672308236,-0.0002907682300596348,0.026879562584220695,0.016701494838431308,0.03566277104840626,0.005305939628741929,-0.04750887191425879,-0.005315682555752932,-0.012450304922550004,-0.004735266212260614,0.01919424983807838,0.013417670760890121,0.037218232764906545,-0.0018975984176755611,0.02559307929700455,0.03363245536422105,-0.004136573368751728,0.03703751946617051,0.02607906594767717,0.030778404480930333,0.005980206763498641,-0.02988050897699096,-0.0019446505331787156,-0.02051056530549797,0.0014990049270930395,0.012527136017300378,0.008058335339354017,0.03481851078986509,0.004915435184302652,0.00719321819979063,0.003970467286845469,0.015581801831687558,-0.019773245826686436,-0.003359446109760522,0.0008502724749651636,4.659189454381263e-05,-0.0013288466746333993,-0.0012981837134611873,0.0019448960942447524,-2.6566439602082603e-06,-0.00037893374451858364,-0.001691442119930553,0.001851780227667743,-0.001803829892164599,-0.006086905274618748,0.0,0.00018627837898071986,-0.003939014290372855,-0.01891170246152002,-0.01497259682910801,-1.5314999891546943e-05,0.0002488300483025063,-0.001271840579166128,-0.0003213020922643306,0.0002108338596883974,0.019878227627078915,-0.021591888369247025,0.005193002574818917,0.0008493826566491891,0.018084947673312313,0.0009889198758331053,-5.551115123125783e-17,0.021049561196466338
0.002542670676756842,-0.001167855058151368,0.10467181185181584,0.01677474337344298,0.028694683015030642,0.03185095601580484,0.0007291617719074606,0.04090618251236117,0.012188592403546084,0.010190282943492834,0.0,0.005012126678273443,-0.0017024188247752314,0.034851319259081304,0.0,-0.00015656983322864804,0.0013111138562718616,0.003452693650144556,0.05296507591662275,0.00012204258227782594,0.005967027748841225,0.0004829599047800337,0.07043403075566379,0.0009465945976387946,0.003351574184451256,0.001546053102954581,0.06804390891980622,-0.0007646615045571181,-0.0047137457938242755,-0.0008071747650522099,0.013463244848152534,-0.0419935139840798,-0.005544371744020338,0.014143745400928942,0.02509741017872863,-0.017597256775790826,0.013179382304709275,-0.003741412987091075,0.007095940744066498,-0.003748182162479796,-0.001522040566934335,0.002347418283157432,-0.027110605186068115,-0.0002744752303615039,0.0004154522459512422,0.0,1.1102230246251565e-16,0.15731287212515893,1.588892548198828e-06,-0.0020707758827258615,-0.00011149824487111104,0.0034595833622285133,-0.016587688852482962,0.015897244405229383,0.0039757147626609535,0.06726969132596672,0.005305498234855155,-0.0018308309211876872,-0.0348168336072493,5.551115123125783e-17,0.0,0.0,0.0,0.1381795009836156,0.0008263860264675071,0.0,0.0004644800761092749,-0.0313497542482179,5.551115123125783e-17,0.0,0.0008200393565378494,-0.03754333348591232,-0.0022427278147442165,0.0004848806815561657,0.0,0.0004998641276346971
-0.012501935145947773,0.0006649815218590649,0.003698760033303161,-0.027592339865723597,-0.016463238967857008,0.031381490352207775,0.015916204746051654,-0.012596324004131576,0.005877291289016318,0.02356352731427047,0.005012126678273443,0.0,0.01849107751737794,0.002839611513249518,-0.004164880317624131,0.05847199682853432,0.021592227832100686,0.003381889813448058,0.05487204268243723,-0.0032440937485954113,-0.007280916265439807,-0.005449224083936277,-0.01652081747057399,0.023969459629256007,0.01956013650076488,0.02507476588563956,0.04146546749259811,0.025714278780350652,0.002324505387242881,-0.0016315240895474203,0.018262050246503625,0.037781024906846095,0.003850395984423438,-0.004191220897367259,0.07696892341493144,-0.0059311232869406205,0.013806627231906399,0.0038409017070928086,-0.010196188858375033,-0.002599456191240024,0.0016478408886269613,0.02564952511046248,0.007137819756416863,0.04251263893108481,0.03692907240694243,-0.00345589545003544,-0.00024982265977263607,0.0007710182674776633,-0.0009861548895221395,-0.0023159880164470015,-0.0018871677709060286,0.002329120503132165,-0.0008207649531311034,0.0006491730158300069,-0.0055861899128353265,0.002024411682381988,0.01019078747728347,0.007335123246800634,-0.00027654016973110984,-4.869574193522297e-05,0.001977996458444098,-0.015274441748282852,-0.02210283194890733,-0.00040350953852891225,-0.00039077717009144974,-0.0002912994498246446,-0.0011098705835564382,-9.852685710709519e-05,0.014547360426206246,-0.012604165962733338,0.015301426657500727,0.0006523526877398877,-0.008034787853176073,0.004447864096874921,0.0,0.017051669902250988
-0.005037743300934927,0.011483257712568973,0.010026728533607254,0.0018058569559369908,0.004306602257830361,0.021376658866111897,0.000328315358724518,-0.013645976751613387,0.013267114202930141,0.02801349883907639,-0.0017024188247752314,0.01849107751737794,0.0,-0.0010263849445488193,0.003927750513080419,0.01146223890203707,0.02988066770205078,0.01638048731361408,0.013166212846515979,0.007805823854923455,-0.0038916435969599816,0.011586726421093041,-0.00779710064549749,0.023958656179658866,0.025815834296436746,0.029298760395040035,0.000671159753463324,0.01752081090879909,0.006092095105074191,0.028108460908106092,0.007505820021041443,0.0010780308455254906,-0.02283994260558414,0.008947572646181623,0.03828661848607273,0.009539014233427512,0.03916950198971941,-0.0018228220730870937,0.004730299351285772,0.006176975340454582,0.006781225358620191,-0.005012306281367507,0.004921162363175358,-0.0009136140688364991,0.002637213607956379,0.0011422795574386746,-0.0005735315143307051,-0.0016511628022259917,0.0,0.0021413015340772112,-0.0026165640292042935,0.00020770314266482792,0.004693896083608096,0.0018702844034620414,-0.0009138219768288769,0.004630497588646865,0.004790079878543352,0.003350482154429568,0.002459159895357388,-0.0037566969709896814,0.00284171847373188,0.0001879775311241505,0.0003642626035055829,0.007160117603741023,-0.0031405970450603116,-0.00034734909067857256,-0.0013325615547586378,0.003978359869560966,-0.002207089928679573,-0.002191069056439343,0.0016006025043105443,0.003276060183007301,0.0020674168714336916,-0.002475087145441035,0.0005626723089421359,0.0003316053487468773
0.02920081767206595,0.0022681000640548676,0.006601447823325002,0.0033328026902955665,0.03132098206013906,-0.007423237800225246,0.017856827811917053,0.020252330291118448,0.04535557270254231,-0.08550828672308236,0.034851319259081304,0.002839611513249518,-0.0010263849445488193,0.0,-0.0010570813189897388,0.0019773979033124722,-0.00021350102687506256,-0.00020854373737683174,0.002872752973892556,-0.0016611469187388095,0.009604711940258193,0.0011140305598074107,0.01912110936145195,0.003589287932773355,0.0002503942463789599,0.006031349809545894,-0.0010034163648105499,0.007122156048457617,-0.003817351678212677,0.0025271845208585386,-0.013603030009644856,-0.05336999209258472,-0.015531802611549017,-0.011572119645487045,-0.007849255165554514,-0.015391305359096358,-0.01005020442605467,0.0016917755157315195,0.009375769190681005,0.0,-0.0002927134936336895,-0.00022756200486384603,0.001189943419572681,-4.573625224768563e-06,0.0,0.0,0.0,0.0003676878141150586,0.0,0.005467332923576151,0.0015581044507368969,0.0019335867753240699,0.01870749085705603,-0.011880888317532645,0.0,2.988819239729823e-05,-0.0005160423817852089,0.0037732958335987,0.00306537377196453,1.1102230246251565e-16,0.0,0.0,0.0,0.0016803569873671265,0.0,-1.1102230246251565e-16,0.0,0.008708128598059195,0.0,0.0,5.551115123125783e-17,-0.005422733034441851,0.0026344095327326955,1.1102230246251565e-16,0.0,5.551115123125783e-17
0.004155283571741608,-0.016572095411159837,-0.000862292575341983,-0.0021145694831287143,0.0015276276940067168,-0.015518427963390202,-0.0012134506567823555,0.0747648758275326,0.009266705711306666,-0.0002907682300596348,0.0,-0.004164880317624131,0.003927750513080419,-0.0010570813189897388,0.0,-0.014574456548511638,-0.0015963322093369148,-0.005338881524270478,-1.1102230246251565e-16,0.031653569226177736,-0.009095899069562097,0.0038482766731464113,0.02145282577596619,0.030612124756642767,-0.00524774291513147,-0.019258869479125584,0.005792770765789934,-0.021928933052869748,-0.010415165362836654,0.015755692384263165,-0.007205138394668964,-0.020050514833714728,-0.02828313720659026,-0.02029577969002444,-0.018484135577413074,0.00747701241632881,0.048408195772767115,-0.00041760081382563596,-0.006320057614548624,-0.006542655884631654,-0.0067056839864770845,-0.017912205354204846,0.04170606805733734,-0.0001098717225079815,0.0,-0.006230128876831109,-0.026327564320287766,-0.0020179912655414745,0.0,0.0,-0.02945909563474386,0.0008480618095104697,-0.007646263302468148,-0.00040437901086104455,-5.551115123125783e-17,0.0,0.0011754278189731182,0.003645524028087488,-2.6046012456593104e-05,0.0013495769855166317,-0.04515876527654594,0.0007277610477616214,-0.002743758921496864,0.0,-0.003792440226299043,-0.0072942066289005125,-0.0026338474929609723,0.007477444681104117,-0.00019286093625314749,-0.07237386253446665,-0.030247294278016923,-0.008785548326856074,0.011321616091082565,0.003747229512910899,0.03537150779908593,0.0011038177355471301
-0.009217304791595882,0.003404190332439494,-0.002431918991152693,-0.002582572531679539,-0.004234175483159741,-0.0005907069814920507,0.008890464070864135,0.03059117160469299,0.02001059276704026,0.026879562584220695,-0.00015656983322864804,0.05847199682853432,0.01146223890203707,0.0019773979033124722,-0.014574456548511638,0.0,0.010984096173588698,0.010528513208217682,0.00044436339224557253,-0.004216629384823589,-0.0051522595047055475,-0.0033893585560069717,-0.006380668026252367,-0.017301249555886078,0.021184543456008176,0.0019484881618663241,-0.0001848754294387911,0.009628401467913994,0.008886576670093627,0.015091143926001582,-0.002064282228064762,0.01950616688235335,-0.002651166650815162,0.0116525434729578,0.00948312776056548,0.004405121189071104,0.0014943255355023277,0.0005112286329590487,-0.006515659059966428,-0.01068772006958979,0.0009570780553193048,0.013173281944754145,3.396201297400925e-05,0.0,0.0,-0.009457177361159474,-0.010399247193033645,0.0,0.0,0.0,-0.0008677013830482583,0.00036624824532682787,0.0009293003531771205,0.0,-0.014508001336260512,0.0,-0.0095991031147451,0.0001884550534760332,0.0,-0.0020916048117332053,-0.0069524322246514725,0.003225099072019122,-0.01284613981666699,0.0,-0.004617287575563456,-0.017632628473345735,-0.0019403127748305882,-0.0011007975453803387,-0.0016893173196804168,-0.023334282061501066,-0.0029532654285371884,-0.0029131145409588277,-0.001552374372585985,-0.005872031414454193,-1.1102230246251565e-16,-0.002987027034359213
-0.009100234963063447,-0.005607600098197496,0.004302731681015137,-0.045822885452621254,-0.001930810925462323,0.005153460315339586,0.006966784377176072,-0.0005752199677748204,0.0019566441810562885,0.016701494838431308,0.0013111138562718616,0.021592227832100686,0.02988066770205078,-0.00021350102687506256,-0.0015963322093369148,0.010984096173588698,0.0,0.033756634003134944,0.004803466050362026,-0.0034148468911235907,0.006709907377517976,0.010294786194589733,-0.000704273661836341,0.01707598032009977,0.015831917231210246,0.015299519931385952,0.007616659750090016,0.030885881064063647,0.000786164342196527,-0.002410549238348214,0.02280447794919338,0.0435034961912068,0.03877418526813853,0.02963984634226302,0.03339750456297852,-0.002683179620330156,-7.663600566631956e-05,0.02404719453354376,-0.003906772243832901,-0.009447846846968755,-0.01063396924652471,-0.0011529869495522371,-5.551115123125783e-17,0.0,-0.0025352103394737924,-0.004544735131247146,0.0005442509410247265,0.0,0.0,0.0,0.0,0.0,0.0,0.0,0.0018093305490934353,0.0,-0.017457202864254895,-0.0011721390718935076,0.0,-0.0005294359904846613,-0.0009106894997697457,-0.013610464943173861,-0.015786448983020895,0.0,1.1102230246251565e-16,0.0,0.0014543132045810037,0.0,-0.010689484013995276,-0.006630187106594521,0.01466893245116696,0.0,0.0017250065333481168,0.0002046743947970997,0.0,-0.005654375363533082
0.012813811418791399,0.004727345974830766,-0.0007717687970190679,-7.777867086428136e-05,0.0023611549848128743,-0.0015090135128483784,-0.0070287817838878275,0.02124119754498488,0.0008241487065956399,0.03566277104840626,0.003452693650144556,0.003381889813448058,0.01638048731361408,-0.00020854373737683174,-0.005338881524270478,0.010528513208217682,0.033756634003134944,0.0,-0.0003855000529532915,0.006705385026028077,0.049342845964121584,-0.0004380109154442091,0.05451092702241256,0.00018196838632944523,0.015357604382639556,0.010209519071598006,0.005739566576254629,0.014462500854758698,0.010360001780203298,0.026028149196269668,0.013902841415368905,0.03961589631210449,0.007243290972705929,0.02352384887186676,0.031291597162216966,0.011619031379984712,0.0004077779207811161,-0.07951403293104184,0.02624837565414334,-0.006146613271322432,0.02286032349805278,-0.00400480420393412,0.0,0.0,-0.004455440136652444,0.012216150947966575,-0.003115323874410436,0.0,0.0,0.0,0.0012511265055435428,0.0005729262318648898,0.0033389351436835524,0.0,-0.034721582942310314,0.0,-0.04347827192720932,0.0008690717289161487,0.0,0.0038716457009820293,0.0078003334497740995,-0.04386252757051046,0.008891128295716588,0.0,-0.0037621035555283067,-0.004343065586597861,-0.0024240974153531547,0.0011277278750651543,-0.018585940017006863,-0.006474671713310842,0.0023020763814557976,-0.001161576945875209,-0.0013827970537513279,-0.0007991933570792864,0.0,0.0006922121870713283
0.0,-0.0021845010962729394,0.05215753569741738,0.008757416865975254,0.026444161043173042,0.026219863178882474,0.014061640499792305,0.0012645285121564709,0.023528610613507694,0.005305939628741929,0.05296507591662275,0.05487204268243723,0.013166212846515979,0.002872752973892556,-1.1102230246251565e-16,0.00044436339224557253,0.004803466050362026,-0.0003855000529532915,0.0,-0.0009976722554331796,-0.0008989213710889343,-0.0013530731168785448,0.06902051644904184,0.0021504326077936287,-0.00046371907398928824,0.0016498453141018388,0.051668298205929275,0.017111823865731013,-0.00011553311774270547,-0.0003677978512731106,0.02633833471059782,0.04038078130739048,0.002131737014477275,0.028585552377688617,0.02950643548816201,0.0173509770353385,0.024978856590284038,0.01828896819003678,0.0017314889808018319,-0.0001431300362876864,0.0006727867040768332,0.0028698031750087893,0.06140770917605337,-0.0015492090927229918,-4.03950428967681e-06,0.0,0.0,0.011194575311482102,-5.551115123125783e-17,-0.010064776644431839,-0.0005949535674210082,-0.0012798583736881586,0.0167549426626743,-0.02324548704118734,0.0005370792676018254,0.13457747688509003,0.0016460647285578833,-0.0004874451542190572,-0.04941781877597495,2.220446049250313e-16,0.0,0.0,0.0,-0.013933352239535235,0.00017618499695276624,0.0,-0.00023309720285330515,-0.0022701126057527166,0.0,0.0,-5.551115123125783e-17,-0.00894138897753638,0.005282055556142029,0.0003461513540347627,0.0006074080407171278,-0.0010135351506936896
0.00441148407020725,0.007162296423862291,-0.0020214745607359808,0.0629799287040016,0.003376010208088198,0.03010970005122826,-0.002999860323013026,0.054013057839587264,0.02437930922910997,-0.04750887191425879,0.00012204258227782594,-0.0032440937485954113,0.007805823854923455,-0.0016611469187388095,0.031653569226177736,-0.004216629384823589,-0.0034148468911235907,0.006705385026028077,-0.0009976722554331796,0.0,0.001347474841313312,0.011945114270467294,0.024071153797940392,-0.0072279562410768605,0.025603135021325274,0.009947297789729581,0.02413512826312303,0.021789794773675986,-0.0013671497382438114,0.037014202717430944,-0.008324371703232691,-0.0016212945262231715,-0.004150883751784518,-0.0041475933497239215,0.004705371761606625,0.022212856329819453,0.014520355149442332,0.00173879974815494,0.023521792947463815,0.018899638369058114,0.021016876144146213,0.012298742121201467,0.001984390567231875,-0.0020600803229692266,0.00021704647676207278,0.00394140703762913,0.0002154373519102637,0.000728836326879645,0.0,0.0,-0.019804887830824847,-0.004125908232317288,-0.0004425142679713723,0.0016354191664226803,0.00028545669387947115,1.1102230246251565e-16,0.0029659125160895194,-0.006449112036527538,-1.1102230246251565e-16,0.007498067594623237,-0.001960584720434644,-5.40262330234742e-05,0.00010374168953330987,0.0,0.021460835779733012,0.02449029032167388,0.001358188910143887,0.019979108373442633,0.0,-0.003058569129307631,-0.023313558579894644,0.01233183083370748,-0.0005464314160898431,0.008640872862087923,0.0170562812544115,0.02221119763239121
0.060533505609923044,0.004038637701756331,0.007189416132790782,-0.0024302937926777846,0.003378274136271342,0.01998169372790226,-0.005397146347792647,0.047822848546619,0.0004972547884791179,-0.005315682555752932,0.005967027748841225,-0.007280916265439807,-0.0038916435969599816,0.009604711940258193,-0.009095899069562097,-0.0051522595047055475,0.006709907377517976,0.049342845964121584,-0.0008989213710889343,0.001347474841313312,0.0,0.0005687896244536139,0.03675169028498193,0.040441468620771304,0.019814201805336884,0.0082321310792704,0.009311694077578647,0.012909156489090301,0.002274617135025303,0.011324191186743826,-0.007822015870612653,0.002884167127731929,0.021218298607417196,-0.004953686915123323,-0.02148860359908339,0.008960405325717236,0.0003745296644473428,0.0002634389591570363,-0.00548082047000048,-0.0014791760358920936,-0.00470273156921841,-0.014565123542604419,0.003097589494453157,0.0,0.0,-0.07198820418472213,-0.008788726035327654,0.0006272801910551795,0.0,0.0,-0.04216472620612205,0.0023822467788257584,-0.0850780561075184,0.004118053053346504,4.105258470338269e-05,0.0,-0.0009308154897898491,-0.004349718489727872,5.551115123125783e-17,0.010401539264874915,-0.014683145180133028,0.0,-0.002298745717410511,0.0,-0.013636965144156299,-0.010075166582784845,-0.010364163441270502,-0.001952039674625372,0.002183922034038499,-0.06595734534580139,-0.006167568827665837,-0.02283890572099473,0.002045735592256903,-0.019456724509232637,0.002900873194889131,0.0033934241177759894
0.006784719459850597,0.007995867532457457,0.026315920503771906,0.03438822101136835,-0.0009519813780393127,0.009938571011956554,0.005585501895103651,0.05526724591597598,0.02568175883446605,-0.012450304922550004,0.0004829599047800337,-0.005449224083936277,0.011586726421093041,0.0011140305598074107,0.0038482766731464113,-0.0033893585560069717,0.010294786194589733,-0.0004380109154442091,-0.0013530731168785448,0.011945114270467294,0.0005687896244536139,0.0,0.007392594695491084,-0.02004422541690054,0.026700272448003826,0.019384494924240436,0.005795368726212224,0.02642544040760031,0.015522634873749164,0.024135739614255025,0.001731763945473197,-0.005739809943719032,0.0010978635100512557,-0.008959363980479806,-0.010651359834990604,0.007582582168642826,0.02391844001331045,0.0010915669074980094,-0.004476840695772644,-0.0077250492594260756,-0.018834220313506955,-0.017663157123582962,0.022337669217423195,-9.438742829298574e-05,-2.912235684854325e-05,-0.0142703029990775,-0.008481719570691992,-0.0029004454611446517,1.4322382923925847e-05,1.7874025853847897e-05,-0.02841274781265357,0.004769707023666692,-0.02123559223482846,-0.0027316781467328632,-0.04371781260091068,0.0,5.574085436715892e-05,-0.0004107306403194899,0.0,-0.014745654984614609,-0.006454666671621312,-0.000544030041550625,-0.05953594881015939,0.0,-0.003286645491699658,-0.010840699607877202,-0.01633476779234172,0.012669227583670173,0.0010841037522852925,-0.060888679877123486,-0.018694006282067244,-0.009415309765736346,-0.0050614493605382616,0.005230456838016262,0.0005933249035522947,-0.02419618716180233
0.06726290577878552,-0.009925329257664761,0.048813594468562094,0.0017286515210311881,0.03197754634823147,0.025069606573319414,-0.009651745494607011,0.030964155997710463,0.046645005807546824,-0.004735266212260614,0.07043403075566379,-0.01652081747057399,-0.00779710064549749,0.01912110936145195,0.02145282577596619,-0.006380668026252367,-0.000704273661836341,0.05451092702241256,0.06902051644904184,0.024071153797940392,0.03675169028498193,0.007392594695491084,0.0,0.04625632370319771,0.009060778034777228,0.004470509654229071,0.035708159562157615,0.006320944036988574,0.008390598359984791,0.011960036813961183,0.0005791577611635734,0.014007259214053935,-0.0003687826196608346,0.006383072505967646,0.017285628103419104,0.015926516905851895,0.005659938830822442,-0.011861334255643063,0.016305923445644244,0.011441600320556633,0.013021932109759327,0.015344023087610403,0.012722031197704708,-0.006341893675531174,0.0025613822637996497,0.0019123497844700799,-0.006925428261217448,0.06441023450399108,-0.0022594222075905668,-0.00618965002571048,0.011399000893524192,0.013345875914117511,0.01693281895717691,0.018259561844815808,-0.00032346330751992225,0.04662096088386486,0.0006089992351340778,0.006279269483502881,-0.02252916071197919,0.007583434654225729,-0.004387587248795122,0.0001314247867849061,2.803788442595767e-05,0.058715845888972884,0.020991380993897746,0.010225645802429684,0.0007840480851024068,0.029099815718327204,0.0008579777764376462,-0.005929609957579407,-0.018768462918054396,0.019786600353576045,0.008911472522806885,0.010806002748994736,0.002614937194400313,0.016627810240217644
-0.016645768746484713,-0.014109059881890429,-0.001017775664419518,0.00010709727259200497,-0.0027037282551854447,-0.0011905076254735136,0.01590951397249124,0.034764585371624745,0.029539972094920097,0.01919424983807838,0.0009465945976387946,0.023969459629256007,0.023958656179658866,0.003589287932773355,0.030612124756642767,-0.017301249555886078,0.01707598032009977,0.00018196838632944523,0.0021504326077936287,-0.0072279562410768605,0.040441468620771304,-0.02004422541690054,0.04625632370319771,0.0,-0.003350260255521209,0.020594112300608924,0.00476171592768504,0.03089214909248522,-0.004072348634110212,0.000517151668019189,0.02665999216577236,-0.01648979381163873,-0.015966982718645745,0.008719994451613255,0.05762322492714139,-0.009651756404867984,0.015951402799496195,0.0027933766992113696,0.1122855753341993,-0.022137393813704664,0.02713812079484157,0.010171849395642418,-0.0012721973686031784,-0.014771351854326181,0.015121277856876447,0.058174618789104016,0.02654819985241691,0.0,-5.551115123125783e-17,-0.0005191038304871443,-0.0006811976923193352,-0.0005174488747105577,-1.6653345369377348e-16,0.0008829025410579949,-0.0009179588404195083,0.0006896927580265499,0.003433080650458775,-0.004952397876421877,0.0,-0.0031930152325012062,0.03973869804335395,0.014180252121283099,0.03598997686708488,6.32593325637365e-05,-0.0022694409907009216,0.08185162575373839,0.048658341709800934,0.00015521763806264355,0.020652274705806606,0.020757344239170195,0.030468859050938824,-0.002322296706180227,0.021960054645013438,0.0035732820245995,0.0,0.01627116182131244
-0.0008594894980263335,0.021451577067628957,-0.012698305290265943,0.0002725301839612282,-0.00959634797232789,0.028110203953489732,0.01777296161293268,0.03205803589691619,0.022970723544919636,0.013417670760890121,0.003351574184451256,0.01956013650076488,0.025815834296436746,0.0002503942463789599,-0.00524774291513147,0.021184543456008176,0.015831917231210246,0.015357604382639556,-0.00046371907398928824,0.025603135021325274,0.019814201805336884,0.026700272448003826,0.009060778034777228,-0.003350260255521209,0.0,0.02635765092848741,0.009161490698395114,0.021072271238600004,0.030962773336008498,0.0552843098461665,0.018070464925302787,0.028795109735650637,0.013066503128361051,0.024915490368533744,0.030997196825980344,0.015402184951725517,-0.0005458079367878788,0.0019482448781700246,0.00896419131668208,-0.017550267962453514,0.006763562696401659,0.020160173961995098,-1.9827515599368795e-05,-5.551115123125783e-17,-0.004653749702103915,0.0042525699087352375,-0.0054263027495671246,5.551115123125783e-17,0.0,2.220446049250313e-16,0.0008828137457668195,0.0019359416348839198,0.002833120136847389,-0.0009985654901070729,-0.03149562345894741,0.0001850242784321443,-0.018111730380964253,-0.00401666962636732,0.0,-0.002787138899936259,0.006158876883609943,-0.03921845371659877,0.003870517376796445,0.0,-0.003154991997321943,-0.010570322799152598,0.01658421784700348,-0.007716037591707636,0.003331794119609044,-0.00989697674355905,0.0004995115645437531,-0.0037467694378294225,-0.025015767964725988,-0.005051643278057405,0.0,0.0008499042949297597
0.0018679118565774755,0.015991861724898304,-0.007883546413842979,-0.002524029764845781,-0.0019384192373775866,0.0006113619598304143,0.011791618018428485,0.03143699716555576,-0.024005512169933185,0.037218232764906545,0.001546053102954581,0.02507476588563956,0.029298760395040035,0.006031349809545894,-0.019258869479125584,0.0019484881618663241,0.015299519931385952,0.010209519071598006,0.0016498453141018388,0.009947297789729581,0.0082321310792704,0.019384494924240436,0.004470509654229071,0.020594112300608924,0.02635765092848741,0.0,0.001529185643701081,0.024636525963547595,0.00796582126751083,-0.006572232857663063,0.01685482366682839,0.014107110333671125,0.003776511693285023,0.013323849313245817,0.0066635872073453895,0.0264877399464315,0.01295397263914777,0.009936352678426963,0.002643089423266687,-0.0006912924575463997,-0.0015197480874873937,0.007261572092808144,-0.002800960156212451,-0.00011171362261608309,-0.01272740286711449,0.015493746714068501,-0.0020178854687443737,-0.0014775516460333593,0.0,-1.029506081351439e-05,-0.03193165179689683,0.00374251755984234,-0.043406451044369354,-0.0022106056594675128,-0.0055010171379686335,0.0,0.003291463295866104,0.0005761862276660312,0.0,-0.026948402561617624,0.0003711174685571139,-0.011711749673117944,0.016216246034590154,0.0,-0.018308596054430137,-0.016598154865241244,-0.017952426977715374,0.0013979141673174378,0.04117490131514401,0.008268682565035157,0.010440447980848977,-0.02553079367348504,0.003987391868098711,-0.00024138499391118673,0.00047656463536333016,0.007504604687160521
