0.0,0.0477881055149037,0.002785100703565191,0.0,-0.0030309371696436993,0.046022065792649336,0.0017879720176208758,0.042399037144676854,-0.005158906650740203,0.006134050414341119,-0.0055048813961886545,0.026775019872904038,-0.0006178360098580415,-0.003784749513004171,0.08041076477795422,0.04788646511187389,-0.010140683167763564,0.022464838653499464,0.0,-0.0003335366630105585,0.07816565619931004,0.07486605502760996,0.06738093472053669,0.06822861782281181,0.015709678914947123,0.026513341575457483,0.005181443008835995,0.003694795253999017,0.0005098186024592444,-0.004678746907108955,0.035478749228658624,0.08465699223824502,0.07374984385949146,0.063530499276992,0.08427860025992912,-0.0002509850402439562,-0.000491631138862636,0.00938639606345626,-0.004113332334607367,-0.02925884683679858,-0.011093823906134948,-0.014268059631442565,8.706916491019179e-05,0.0,0.004168341286791555,-0.014365306871837902,-0.01324629210485373,0.0,0.0,0.0,0.005656284738371653,1.1102230246251565e-16,0.008621669840616575,0.0,0.023758235866992772,0.0,0.014262711060339772,0.004570657725229188,0.0,-0.00015809766935287461,-0.040479957600597305,0.002300145253648078,-0.025169199419183275,0.0,0.005086355223398231,-0.025433278340176613,-0.005642730523944095,0.012639645573111091,-0.021332796867854387,-0.03089637155914854,-0.026998596592631707,0.005868802647607141,0.0002689080791928866,0.011999891888814729,0.0,-0.017430916059061274
0.0477881055149037,0.0,0.0034370161370454455,-0.00012515681419839053,0.006174688710575804,0.04706009281705026,0.023204632922812607,-0.01004304255209093,0.007679081061513826,0.05461725045496657,-6.328506962954838e-05,0.001210837639494311,0.034358336501425724,-0.000590256016174906,0.01056186005816645,0.06501253953046021,0.016510465409410147,0.04513215761732875,-0.0017710848762050313,0.04764768461444141,0.026450392803443468,0.01722124317379392,0.014209662685949087,0.011720495707290723,0.0541794168281583,0.022259003791586796,0.044277054503580326,0.04048910878090084,0.045170875010613065,0.006118685987399786,0.05569936059192304,0.07336009026708162,0.11442718023657089,0.07040050852669277,0.0907003063783623,0.008008384175498484,-0.001047313528414806,0.0,0.01680917151766237,-0.0033007782837179422,0.016661709353297527,0.03538140357316466,-0.0018014157926434238,0.0,2.220446049250313e-16,0.022401877135568904,0.020104869939004566,-0.0004601759315966958,0.0,0.0,0.012575380781597312,-0.00019829373757357383,0.0011201347060322275,0.0010967049646389837,0.003921014142635071,0.0,0.0021010709687934725,0.002593422581758875,0.0,0.036729896911847526,0.019916076235204472,0.005605410677418654,0.020047874933190657,0.0,0.018918911617988865,0.0019935339699689303,0.01911741464874478,0.020926005853203422,0.0016008719432360485,0.02824443214654987,0.02280417514261457,0.01898001943211375,-0.001696391327607516,0.022180260055932655,-1.1102230246251565e-16,0.020177815392104614
0.002785100703565191,0.0034370161370454455,0.0,0.011158814779469561,-0.03166449210096767,-0.018331242502468592,-0.0528407009313166,-0.05680989023775068,-0.033631366485667724,0.011633541134879355,-0.038847163988273925,0.009188836596125072,-0.042460461223182144,-0.05404176220589074,0.0043082064603015,-0.0047043934883478356,-0.0009227867851096527,0.004419365440525291,-0.013688839448969314,-0.00039032607266398234,-0.0018623662113821382,0.005945348648081827,-0.0010191794508434548,0.0014777061940012826,0.005724867720385607,0.00785806311530296,-0.004938829828415536,-0.04014615519519121,0.023813175212990034,0.00989846910116754,-0.05430129555129842,-0.054633491434021964,0.004934915725452571,-0.05897980214344806,-0.034747719180014736,-0.0418648040128784,0.02340747159716028,0.006069929070645075,0.02306517336406494,-1.7832144640905767e-06,0.006112860061493142,-0.0060929479078868365,0.02155198747670989,0.005478048639124156,0.0,0.0,-0.0008708439331174822,-0.15268176720183413,1.955596717073682e-05,0.029741578922636236,-0.0811634852273238,0.029265614678480878,-0.11682766194564798,-0.02738207203481785,-0.003149351227415831,0.027228549003226965,-6.54323894316855e-05,0.01816706712756222,0.018599149463713605,-3.912835369329626e-05,0.0,0.0,0.0,-0.16217637377013006,0.0010366747333431792,-0.0017835270127006253,0.00013605409745565122,-0.09972592338361269,0.0,-0.00017932959688943262,0.0024286445467998075,-0.08690985925583894,0.0036326374405056816,0.008716871314913721,-0.0018640179378711652,0.014363717841444856
0.0,-0.00012515681419839053,0.011158814779469561,0.0,-0.12391854820599862,0.021804020013868497,0.030239557913240345,-0.09438642242078948,-0.05839414146057631,0.02183837704699812,-0.08448921285193878,0.0018264964372485815,-0.03457235048555066,-0.048334019399868894,0.005353790986109441,-0.00020761776560979106,-0.0010369053214798751,8.905179299151245e-05,0.02672392621175146,0.006483708712126113,0.0005026265061363056,0.005704983190952362,-0.025179417888668454,-0.0068015048214056795,-0.00031203029386278613,0.0012090358561209769,0.009775451850129235,-0.07238240298989221,0.003909573431528979,-0.006534199653308037,-0.07895636808251946,-0.025120815279219277,-0.00907857736342238,-0.04050464480685781,-0.04298458058121793,-0.06112007908677941,-0.03853124411816827,0.00397246647777072,-0.01268421033435041,-0.002363031605999766,-0.0011930321232689889,-0.0011018403006397004,-0.004312947009589174,-0.0017946493987071044,0.0,0.0,0.0,0.0006159312884601587,0.0,0.0,0.0004708188660546009,2.220446049250313e-16,-0.0002038068863705056,0.0009541244279201444,5.551115123125783e-17,-0.0002589800455138347,-0.0003029150114489676,0.0005136818373526753,0.0,0.0,0.0,0.0,0.0,0.0,0.0,0.0,-0.00017969637545217632,0.001391400813446464,0.0,0.0,0.0,5.190972368340763e-05,-0.0029035429876412833,0.0011960074770360762,0.0,0.0
-0.0030309371696436993,0.006174688710575804,-0.03166449210096767,-0.12391854820599862,0.0,-0.04302066984466002,-0.0554176192994037,-0.035138115880698206,-0.023572027110051574,0.02231322313276135,-0.053185657837226785,0.01541721182898137,-0.03323596099375864,-0.12941626921335056,0.0007959613369131202,0.014282244595430482,0.0045960865441374565,0.008050107967536857,-0.05346735291405774,0.007154683250183869,-0.0017923984084147748,0.011866650784608301,-0.03268126982356501,0.010267071463124722,0.007048932544303554,0.0030338776627998887,-0.03509948578263078,-0.018969305797285452,0.021289928583004436,0.004731152918950876,-0.0725182231242093,-0.05135078576040819,0.0016986931413026096,-0.06265885686354122,-0.03957826440372114,-0.11109138300702663,-0.10690563891054333,0.022889585163606285,0.0017439296060437481,-0.0007944116838937698,-0.008429615841685167,-0.0029508395686994593,0.017151283298125708,-0.0015332980001669938,-0.0007855255257005478,1.1102230246251565e-16,-8.706031811683834e-05,0.015587844975252452,0.0,-0.001968420633162604,0.013712633333494484,0.00026292288695828336,0.00011081640113957958,0.01575685004139593,5.551115123125783e-17,0.00747294902726503,-0.0029447848369965057,-0.0007844570922852512,0.010897167509207106,-0.0006203151037566523,6.193632987383513e-05,0.0,-5.551115123125783e-17,0.004999972744904546,-0.002827528351409203,-0.0003344260659854936,0.0008268078236376986,0.024372766588236783,0.0,-5.717200873722739e-05,-0.001996523452550081,0.010034280669755369,0.0031466592838708674,0.00417371769831637,1.1102230246251565e-16,-0.004385355586013828
0.046022065792649336,0.04706009281705026,-0.018331242502468592,0.021804020013868497,-0.04302066984466002,0.0,-0.014390972912835809,-0.013291676777252459,-0.032263294228942585,0.03136726938062423,-0.054841058436236045,0.010693514961698902,0.004781180858382639,-0.045774280001402934,0.03023615698373533,0.041355085969792316,0.016402079500520028,0.02531167382556998,-0.03875181571536351,0.07291282070183963,0.007541968224065165,0.04935635390877191,0.01043980617418322,-0.0023625206853972736,0.04860968395606807,0.027593585934238662,7.185828880268419e-05,-0.01000378599567725,0.013613087115188438,0.024083843822038042,-0.008998451225642967,-0.01722859358771639,0.02275218191500822,0.008031216070358282,-0.003863277137357346,-0.056469422090902555,-0.07064612512021012,0.011459044979988342,-0.047941520165925455,0.005146589322869932,0.016056246492323845,0.0069079375030419166,0.01519257228860621,-0.0011971637632191556,0.0005404495533674059,-0.002346115125054782,0.004646513201471358,-0.0693192128261847,0.001050393193280541,0.009568187487942303,-0.03545011664803949,0.025157436466038074,-0.05335157043944955,-0.047998819947526694,-0.0014310353462565484,0.03274655378943625,0.0032128994967954294,0.028112356065882416,0.010631163141236633,0.0181912517920107,0.00306996560396533,0.0,0.0011566265570002732,0.02965488860834864,0.012183120463949204,0.004294055256238605,0.01128023451722282,-0.04751622206872291,-0.00018896432869508484,0.003978286222199534,0.00999724200916785,-0.03556916850355857,-0.023801986786330775,-0.0068402465654308076,0.01272656439803943,0.026673020227938105
0.0017879720176208758,0.023204632922812607,-0.0528407009313166,0.030239557913240345,-0.0554176192994037,-0.014390972912835809,0.0,-0.04937436745127599,-0.04002500834648237,0.011425544805959198,-0.09107668250254963,0.0027715962685759266,-0.024562813230148306,0.010279555859593503,0.005259032064397429,0.030389153689557802,0.011349557438448787,0.01758391995977371,-0.08968439381820487,0.03277568674237552,0.006778100171304535,0.04282568951617011,-0.027382364810580928,0.0021681735507824706,0.008259194371830869,0.004832064970340166,-0.01758748876184435,0.008973321126314326,0.016369091673096414,-0.01926842179017252,-0.04901369447011783,-0.04084648235844007,0.0007948633951939121,-0.045486068457672724,-0.06518196491316675,0.029500789973027075,0.030070019330350306,0.010658067622903389,0.0003532175288207262,0.0011591611958139958,-0.00958641723326853,-0.00929459061324539,-0.004031522513545882,-0.0008982962816168616,0.0005180658680226102,0.0,0.001826819907086552,0.0058720048783547085,0.0,-0.001367840643101581,0.02634502851561865,0.008944231755795506,0.011492733014968948,0.014609059937848334,0.0002571502592040864,0.0012868614040814075,-0.0014545619831745626,0.0066221075267268725,-0.005702022036922327,0.0003290422580375374,0.0014108059461881983,0.0,-0.00012906286207142736,-0.0005434280028211447,-0.0005528790094705416,-0.0012241489828183072,-0.0001394874716522665,-0.04723476490132478,-0.0002747227100834415,-0.0011618092961331317,0.004747119406363465,0.025537224432114203,0.006692606007779933,0.0026201569812969727,0.0009212913722469462,0.004106808466523337
0.042399037144676854,-0.01004304255209093,-0.05680989023775068,-0.09438642242078948,-0.035138115880698206,-0.013291676777252459,-0.04937436745127599,0.0,-0.07119471738893096,0.008231478959918603,-0.08659890492877623,0.017370729701558507,-0.01394039625137039,-0.10583548673298404,0.02125972712318913,0.01308042237817253,0.0011915762860706391,0.02074708127388314,-0.10067088578173927,0.0066993210793509506,-0.0195372113609234,0.010535586180716261,-0.055987076306029615,0.056933118051361364,0.05781884986955638,0.054592938279625525,-0.04150652870734828,0.004615036851265852,0.010389926536468752,0.04014825937617994,-0.012379024473852307,-0.016816850051384558,0.06569942644692195,-0.00645075015465435,-0.010037104216737591,-0.11100437774897035,0.006738571295133944,0.011299872038986136,-0.058818139170836836,0.002759861961880772,0.013975257012894149,0.012833647999179021,0.025610346139077755,0.0016425992668918088,0.0,0.004940489670389625,0.00800804943069755,0.015533233991097628,0.0,-0.005290362559890183,0.034260406650254926,0.016268556121310562,-0.0734445965251499,0.027442753070431647,-0.00013826277788231423,0.02171988780262868,0.0002249929855903665,0.02559046399883863,0.022437487294807046,0.025907333780724573,0.0013417948319700002,0.0,0.0011388076405711711,0.032127932252475566,0.031458852261109505,0.04827514684236922,0.007748207940896534,-0.07093126947621137,-5.551115123125783e-17,0.001279134726234754,0.012827548258531551,0.015298431798924872,0.022786864920253225,0.029775255010070445,-0.0013515254106691854,0.017942808729658366
-0.005158906650740203,0.007679081061513826,-0.033631366485667724,-0.05839414146057631,-0.023572027110051574,-0.032263294228942585,-0.04002500834648237,-0.07119471738893096,0.0,0.03349385366638058,-0.03148670274005111,0.018192221605996428,-0.05327234280118737,-0.04444271644119119,-0.002900446944223034,0.013286657257531365,0.004090251893279884,0.01161517623444025,-0.03158636050857855,0.05187032181246093,-0.00010342801676310742,0.033693165765850575,-0.024461431752537843,0.014602746112144627,0.011613229366201572,0.015528038361928564,-0.039880422671236926,-0.049105776711772964,0.009425560427554658,0.019289212074951656,-0.06280167141347043,-0.06163537367214533,0.011251191978965347,-0.06756433648515725,-0.06558157703929612,-0.029499185629013325,-0.06367206477838327,0.029579034253912728,0.022293262917981338,0.002027985674748156,-0.012162294518586025,-0.017453833850528233,0.016850229050146104,-0.0037141003832045216,-2.089056026000069e-06,-5.551115123125783e-17,-0.0007140568306134298,0.02332202121771787,-9.394778324622877e-06,0.01721476048727444,-0.06872151470708909,0.016434200996756076,-0.11891271254732921,0.02835451154606672,-0.0020185412311434225,0.03101144231027797,0.0011776652094626083,0.01500811355244236,0.01233451326605245,0.001187483745476725,0.0007792320276042708,0.0,0.0,0.029131719166406445,0.0014031728556520018,-0.003080639360227677,0.0006956742938541427,-0.08091211178029484,-3.301765837021575e-05,0.0003127466102974541,0.0012100832117129534,-0.06735257978883913,0.009993003039634685,0.0034027619790126806,-0.0014101773182636501,0.01049969189061617
0.006134050414341119,0.05461725045496657,0.011633541134879355,0.02183837704699812,0.02231322313276135,0.03136726938062423,0.011425544805959198,0.008231478959918603,0.03349385366638058,0.0,0.035258855118995514,-0.052175110914595174,-0.056138185781826055,0.00954294433385311,0.0055809602023806915,0.002499259858379066,-0.0503507836192722,0.007408603633316024,0.025411533975622458,0.0023669352855137937,0.046118640056100335,0.021596043881343452,0.019425233090159477,-0.023583464973317758,0.013920292144944613,0.007921314772860732,0.02105076463391642,-0.13245271323758046,0.014517282489856453,5.634834375584097e-05,-0.07884103621080948,0.022022291397004956,0.002161684969868849,-0.025360799314000593,-0.04235553201845976,0.005004174944338746,-0.11682242157977124,-0.06256868527378362,0.005969080946507388,0.006191400402255631,0.012503122768120434,0.029847161586003146,-0.011798661558990675,-0.003370183579076591,-0.08738255381732946,0.027587991772420384,0.0012843498062145575,-0.0009735096728393788,-5.3344852796788356e-05,-0.0009674093598699418,0.002352552724812218,0.00695635152269003,3.0416938908151003e-06,0.0012115612142850618,-0.0004616938137864124,-0.003026289048601971,0.010189583086543719,0.010559071749842552,0.0,-0.0005229114743290353,0.00590509373131809,-0.006568021134328972,-0.006371601397487825,1.7534732656698804e-05,-0.0002848950966283792,0.0005352773404356248,0.002322823505767846,0.00013872467108244635,0.001209487552931432,-0.01497409356332896,-0.0010875353778891927,-0.0042192157111221595,0.014646637613353775,0.0024155912044702132,-5.551115123125783e-17,0.014017737471308245
-0.0055048813961886545,-6.328506962954838e-05,-0.038847163988273925,-0.08448921285193878,-0.053185657837226785,-0.054841058436236045,-0.09107668250254963,-0.08659890492877623,-0.03148670274005111,0.035258855118995514,0.0,0.008588273758036225,-0.0765018601421284,-0.08847689732161054,0.0,-0.0002965526248812633,0.006435640492632899,0.0009550056062775369,-0.014697462752442048,0.00013996516900888212,0.0057501634825586345,-0.0010681565587906672,-0.021969318602790333,0.018486044986436023,0.01049099957779498,0.01129552238727688,-0.012841529924127792,-0.08233370420406855,0.007960949467986034,-0.0009391034915641749,-0.09383418429793772,-0.07020193370450523,0.009781696973950704,-0.09293938414279318,-0.09027195820971812,-0.11608105576541736,-0.08610447221919487,0.02789246949233981,0.01520057946357184,-0.000665003566378497,-0.002263080714082988,-0.002584508321330503,0.029685312913844186,0.0020666428450992758,-0.00015847814429176266,0.0,1.1102230246251565e-16,-0.00248173208683794,-1.8191842150461213e-06,0.007281122240290816,0.02628047890744928,0.009474342375907996,0.02105992461596673,0.011636072099957762,6.081312831973662e-06,-0.08760273625873777,-0.002779884952642475,0.007074884766111511,0.017542779232308348,5.551115123125783e-17,0.0,0.0,0.0,-0.1231324693208748,0.0008132037966694927,0.0,0.0004219731361475576,-0.13719334722128096,5.551115123125783e-17,0.0,0.00032227933936590514,0.02137184984479129,0.015829923371911525,0.0003256486842698192,0.0,0.0030948045410890135
0.026775019872904038,0.001210837639494311,0.009188836596125072,0.0018264964372485815,0.01541721182898137,0.010693514961698902,0.0027715962685759266,0.017370729701558507,0.018192221605996428,-0.052175110914595174,0.008588273758036225,0.0,0.008056938417170423,-0.003540499491099469,-0.0039874997629305575,0.003194320781435722,-0.011879578251961898,-0.009327850129754622,0.005901201032405212,0.0020806608328548526,0.06666804015350908,-0.002270184322767821,0.0075103069607190265,0.0059058486887683115,-0.00411494476705393,-0.0341933213912089,0.004572588360107932,-0.10425279868195875,-0.0015798695124643602,-0.0029713265464052507,-0.06641383661334266,-0.015800376594603815,-0.007339300986814845,-0.021453604319109476,-0.019648211904754576,0.006555743097852229,-0.009699036819853402,-0.04260224641376889,0.005529557297245524,-0.004173362992726026,0.02396814331530711,0.07917520748052315,0.0023987971268980557,-0.0026567407293435763,-0.04725883585462021,0.018510903183890814,-0.0009028928578381779,-0.0008827684811930636,-0.0007782821263456474,-0.0031956218373529466,0.001868689150015479,-0.003001259274940715,0.0009397253757197355,-0.0007432631642965148,0.01340005751814094,-0.0009974263866753819,0.01926742656704883,-0.004679042742897044,0.0003166214808646428,5.575362862564326e-05,0.0021659989543413305,0.001805161614088835,0.014556242924685325,0.0011473854487992763,0.0003276365436540307,-0.0019122323359014315,0.0012707335360192529,-0.00628864797267753,0.008771808533074243,-0.005714334187196357,0.00855722201200082,-0.004738401422158478,1.8808612859466667e-05,-0.0025720101034975573,0.0,0.01778342953122114
-0.0006178360098580415,0.034358336501425724,-0.042460461223182144,-0.03457235048555066,-0.03323596099375864,0.004781180858382639,-0.024562813230148306,-0.01394039625137039,-0.05327234280118737,-0.056138185781826055,-0.0765018601421284,0.008056938417170423,0.0,0.023220934368990254,0.013348660679804225,0.047142338241095205,0.018463277357602503,0.019243391773431318,-0.06566757816848245,0.05823442206277335,0.017530731906263364,0.05474749943267071,-0.007921375438135092,0.01187754517817946,0.06645129448048093,0.02718785916261368,0.015153094147676793,0.0068931931911104805,0.031765008453000565,0.07855332088137262,-0.02698240251107864,-0.037588815327249225,0.006461444429137375,-0.00853781652900304,-0.01763678426324672,0.03288208784511004,-0.008721283835897486,-0.054634601950833694,-0.002897432208186612,-0.006968486272357133,-0.03382222476618024,-0.023690825726559728,0.005297641276950704,-0.007054528304367591,-0.00041222580114630425,0.0007086556014200829,0.0023056950001895116,0.013287224116762864,0.0,-0.0032462167986057056,0.02850911528323863,0.00921931854128677,0.020723040887500987,0.009743448356385742,0.001055138092347141,0.00788596621079135,-0.0007546756993695447,0.0037313473022486665,-0.003516228882403105,0.0074130539400347195,0.0017017658577291317,-0.0002152227082655167,0.001149247849767998,-0.0026173033391976297,0.006104356065328609,0.004201807519576051,0.0008141349872383685,-0.03720711379643621,0.0032419806992696754,0.004005115950738769,0.007474607233305841,0.02299668303662117,0.010238670547938145,0.013664566477586404,0.004111289106799032,0.004315765170355146
-0.003784749513004171,-0.000590256016174906,-0.05404176220589074,-0.048334019399868894,-0.12941626921335056,-0.045774280001402934,0.010279555859593503,-0.10583548673298404,-0.04444271644119119,0.00954294433385311,-0.08847689732161054,-0.003540499491099469,0.023220934368990254,0.0,0.0029141489168231782,0.0012258605361207264,0.0002444455406281909,-0.00029377033657962404,-0.07857816021340391,-0.0005511968394808497,0.005441902436248425,0.0012927602725462117,-0.06665061148594442,-0.006294862616641472,0.001565803190213766,0.001443082219638625,-0.06718122565615448,0.054350527334122656,0.0030266917891814127,0.0006852165681320854,0.015552439679962449,-0.0006924984844745019,-0.0019223892437287837,0.012753714176485076,-0.003234343028938713,-0.042544068564074305,-0.03070886031977696,-0.0019378497306853926,0.011038214725361872,0.0,0.0003351389417076134,-0.0005556793263704063,0.022115738217099445,5.236519500961823e-06,0.0,0.0,0.0,0.026888747747824127,0.0,0.00756359881016061,0.002909650914631301,0.0066982161146609265,0.008168118227466048,0.02776772544843714,0.0,0.03145943228620707,-0.00020811629965461487,0.004659965355460038,0.00705591910715625,1.1102230246251565e-16,0.0,0.0,0.0,0.01937078972987183,0.0,-1.1102230246251565e-16,0.0,0.024467334861934087,0.0,0.0,5.551115123125783e-17,0.01229328416800285,0.0009328183914310562,1.1102230246251565e-16,0.0,5.551115123125783e-17
0.08041076477795422,0.01056186005816645,0.0043082064603015,0.005353790986109441,0.0007959613369131202,0.03023615698373533,0.005259032064397429,0.02125972712318913,-0.002900446944223034,0.0055809602023806915,0.0,-0.0039874997629305575,0.013348660679804225,0.0029141489168231782,0.0,0.024377451701861008,0.01046756383976899,0.032689463989594825,-1.1102230246251565e-16,0.04091028464112639,0.021982540569307985,0.01575329689296373,0.04913153453258512,0.14772005228007662,0.03889625302388727,0.04049294139757281,0.033333881716422986,0.022236950843472436,0.05080047389526471,0.009864528173756215,0.014149516681883134,0.046829268767377585,0.056204032378955826,0.043330754040813546,0.032876492121012735,0.012758908694668114,0.00015425876609631572,-0.00025318585807038163,0.011878810524666772,-0.00015956428371938225,0.016102189759337415,0.03904028234047141,-0.0069596391397721,0.0013355332133221376,0.0,0.016177421788526214,0.02589652387811714,-0.0007361563241690128,0.0,0.0,0.029929623765165503,-0.002157593514338585,-0.07347863876133892,-0.001168404704850412,-5.551115123125783e-17,0.0,-0.0013457925373177582,0.011403574908821712,2.982108184379495e-05,-0.0568560947975707,0.018895078727435566,-0.0008332416259155262,0.005374362262809018,0.0,0.03095576769967162,0.03926648857035131,0.03784817448869249,-0.030827456571958067,0.00022081390669842493,0.015776274271220136,0.02292716517090093,-0.0007495006156741368,0.023913071171025202,0.027943629006559556,0.009155754444740372,0.027096697198882524
0.04788646511187389,0.06501253953046021,-0.0047043934883478356,-0.00020761776560979106,0.014282244595430482,0.041355085969792316,0.030389153689557802,0.01308042237817253,0.013286657257531365,0.002499259858379066,-0.0002965526248812633,0.003194320781435722,0.047142338241095205,0.0012258605361207264,0.024377451701861008,0.0,0.013780961070277986,0.04649206730853822,0.0003496782932834175,0.08230705815884853,0.040328291480591194,0.05966282851318394,0.023494175762516945,0.002404356303491617,0.04483812315395691,0.043510011110662605,0.04600139332407149,0.05217564568773431,0.045062209649149865,0.02208820180105503,-0.012755313449807126,0.05143632754117017,0.08463423867806297,0.04139558953360156,0.0688809340073267,-0.002753025519939001,-0.00017859262418895572,-0.000585325332609854,0.03246087456383445,0.013305881608382586,0.022452461301024185,0.011882483324976933,-3.888441542299059e-05,0.0,0.0,0.03753563317894426,0.022132042653530637,0.0,0.0,0.0,0.004951872374035271,0.0004453141015549611,0.004126045585732652,0.0,0.0004008694350295938,0.0,-0.0017779218382418804,0.004212858218879734,0.0,0.0035644937240891794,0.014946243297678907,0.0005210129052290458,0.011071718197090963,0.0,0.014099915461012413,0.014525215705906036,0.02218043243190676,0.016378285806304405,0.006814956441656417,0.011208138713957927,0.02390646692916032,0.014849523963739786,0.0065934940518859175,0.012081675188844287,-1.1102230246251565e-16,0.0240048342587455
-0.010140683167763564,0.016510465409410147,-0.0009227867851096527,-0.0010369053214798751,0.0045960865441374565,0.016402079500520028,0.011349557438448787,0.0011915762860706391,0.004090251893279884,-0.0503507836192722,0.006435640492632899,-0.011879578251961898,0.018463277357602503,0.0002444455406281909,0.01046756383976899,0.013780961070277986,0.0,-0.043668601706904175,-0.003276172394586163,0.010307373726107683,0.052917255143147046,0.01794413851990695,-0.00118426974492164,-0.00994455345143952,-0.02287475536872774,0.0028968459559183812,0.012353347474791943,0.014210703573955374,0.008577336463791108,0.005888684067849814,0.006184445056080401,0.06932811378809539,0.03146980769727742,0.02015866995868354,0.04036312706100542,0.008082926839366622,8.774351163964855e-05,0.021847757496825992,0.011769483766904343,-0.02905452734056757,-0.014640242259071456,0.0013801243090034165,-5.551115123125783e-17,0.0,-0.0053398354730122555,0.012858768273684318,0.003869351042625202,0.0,0.0,0.0,0.0,0.0,0.0,0.0,-0.03651771721968955,0.0,-0.02964989722435074,0.0012509580532549802,0.0,0.0006061716368122028,-0.0244793176871696,-0.003034618147717383,-0.0022852167278085145,0.0,1.1102230246251565e-16,0.0,-0.0008411725682784255,0.0,-0.0014479287365103954,-0.015377221051066425,-0.00978940925593752,0.0,-0.0018240853873502383,-0.00023433958993646087,0.0,-0.008798790724545369
0.022464838653499464,0.04513215761732875,0.004419365440525291,8.905179299151245e-05,0.008050107967536857,0.02531167382556998,0.01758391995977371,0.02074708127388314,0.01161517623444025,0.007408603633316024,0.0009550056062775369,-0.009327850129754622,0.019243391773431318,-0.00029377033657962404,0.032689463989594825,0.04649206730853822,-0.043668601706904175,0.0,0.002474742603552571,0.06460702450263761,0.03402595435306721,0.06021384267178703,0.03595390330455195,0.005106150531003384,0.0014526008820997527,0.03081403727328691,0.04666141596615514,0.044973867030397296,0.03793418800883447,0.004445865270790106,0.0043650151288109895,0.049182324293629454,0.041804613296756055,0.022552085353686913,0.06445283471486601,0.0013526356115234894,-0.00046688063172584116,0.004100340375964573,0.018343615766847787,-0.007521257518046387,0.0036661361750774946,0.01324156646826602,0.0,0.0,-0.000672438397645081,0.02087107992408227,-0.01867187551190591,0.0,0.0,0.0,0.00258678319765826,-0.0006559652875588462,0.0014464398687719093,0.0,-0.017585190154194075,0.0,-0.021191951781900475,-0.0011490770820852814,0.0,0.0024217253729554855,0.003924376634651894,-0.007243877673102195,0.0034608561289758977,0.0,0.006152067932611027,0.006679446158477598,0.02487118182226339,0.005479187257228624,0.027616493580780554,-0.0008669926726925792,0.00011401826488816047,0.004087121341268374,0.0026527297328483024,0.009834646367230748,0.0,0.005908786932405596
0.0,-0.0017710848762050313,-0.013688839448969314,0.02672392621175146,-0.05346735291405774,-0.03875181571536351,-0.08968439381820487,-0.10067088578173927,-0.03158636050857855,0.025411533975622458,-0.014697462752442048,0.005901201032405212,-0.06566757816848245,-0.07857816021340391,-1.1102230246251565e-16,0.0003496782932834175,-0.003276172394586163,0.002474742603552571,0.0,-0.0006971563435659855,-0.0011597326487307047,-0.0023694585475037555,-0.034229629176322884,0.0022084746099534924,0.0017780231175402172,0.0015449103780870166,0.013117833223532438,-0.07494108870245847,0.006260261302038994,0.002947979013903257,-0.06985230181589364,-0.06325316637356498,0.0063017190879869345,-0.08594660819615052,0.030977233295557405,-0.07378633201530449,0.028480779175983906,0.009179445304070777,0.015466827962987095,0.00016387508581389154,-0.0077035191153732585,-0.002402659851694078,0.014465461308128091,-0.003203215191450004,4.624983890699763e-06,0.0,0.0,0.019741916767925027,-5.551115123125783e-17,0.00906873490406701,0.014197508941508175,0.00573706820769071,0.003261891281017615,0.022772225710345206,0.00022395140169417793,0.06573408080353876,-0.0018846428439738827,0.0006454915676670225,0.013873810907865658,2.220446049250313e-16,0.0,0.0,0.0,0.016697191340017348,-0.00020172098214737977,0.0,-0.00030407520830955104,0.020909665296576896,0.0,0.0,-5.551115123125783e-17,0.01127871095879529,0.0062930204403961465,0.002963963316202134,-0.0006954448372830102,0.0014474910185428014
-0.0003335366630105585,0.04764768461444141,-0.00039032607266398234,0.006483708712126113,0.007154683250183869,0.07291282070183963,0.03277568674237552,0.0066993210793509506,0.05187032181246093,0.0023669352855137937,0.00013996516900888212,0.0020806608328548526,0.05823442206277335,-0.0005511968394808497,0.04091028464112639,0.08230705815884853,0.010307373726107683,0.06460702450263761,-0.0006971563435659855,0.0,0.04450390964698919,0.05537665997910268,0.0297974198272154,0.003789480393126543,0.06796807057350085,0.06298563995007012,0.009017849040671322,0.057671935697804766,0.04169711625687489,0.026517084232853483,0.014316720992920862,0.07598836753447802,0.0992364188364605,0.06730377364413709,0.05976400256213055,0.035930491266539244,-0.0008758758814231271,0.0481547856775138,-0.013370557873754019,0.004550103143479367,0.010319981456908434,0.0062868878225085245,0.0005165772032265092,-0.005940579216091868,2.664664428014829e-05,-0.0026217772121893135,0.008776690487385719,-0.0031272816339117937,0.0,0.0,0.02807324701019026,0.0006231252298760093,0.024776993849033646,0.0015531789012039332,-0.00032683035244640557,1.1102230246251565e-16,-0.0016915401880905345,0.013048233010238053,-1.1102230246251565e-16,0.01838377272976366,0.00662157986291162,6.185671297620488e-05,0.00421781567524937,0.0,0.0160928464363434,0.015607676550328409,0.03297229748217134,0.026867463567545824,0.0,0.008042131659454888,0.014714223124016546,0.02229688856796197,0.022937309675624185,0.02350247763213198,0.003360428055586673,0.015619320430278194
0.07816565619931004,0.026450392803443468,-0.0018623662113821382,0.0005026265061363056,-0.0017923984084147748,0.007541968224065165,0.006778100171304535,-0.0195372113609234,-0.00010342801676310742,0.046118640056100335,0.0057501634825586345,0.06666804015350908,0.017530731906263364,0.005441902436248425,0.021982540569307985,0.040328291480591194,0.052917255143147046,0.03402595435306721,-0.0011597326487307047,0.04450390964698919,0.0,0.0277700084765668,-0.003800391024069427,0.08143584639198281,0.045223356752610744,0.0291120168901019,0.011087428048351111,0.04069709250462894,0.0243773665216645,0.039914970388857496,0.026695159720766193,0.04657912808458681,0.06305048594136725,0.04511933971708143,0.05497640321763608,0.015455349374106087,-0.0018644702231162547,0.004886362604490768,-0.013188446347078109,-0.023852458853850067,-0.0015164274518588705,0.010751766319162082,5.0328186499415395e-05,0.0,0.0,0.029532042254199753,-0.019898273838362013,-0.0012309188893575573,0.0,0.0,0.036028244720441305,-0.00041059392377879034,-0.02426363515619906,-0.004300827688638598,0.0008754253717767058,0.0,0.0010657264695959068,0.01407189754369148,5.551115123125783e-17,-0.014915590016425062,0.016946422228462876,0.0,0.0014846582564712052,0.0,-0.07155937795346584,-0.02137273617844171,-0.002540345906645425,-0.05756370478281364,0.00278027583030821,0.012823041370027488,0.01895307413760583,-0.030356797612143993,0.022728152075188746,-0.04262940737638249,0.004374826720174085,0.019884930793902245
0.07486605502760996,0.01722124317379392,0.005945348648081827,0.005704983190952362,0.011866650784608301,0.04935635390877191,0.04282568951617011,0.010535586180716261,0.033693165765850575,0.021596043881343452,-0.0010681565587906672,-0.002270184322767821,0.05474749943267071,0.0012927602725462117,0.01575329689296373,0.05966282851318394,0.01794413851990695,0.06021384267178703,-0.0023694585475037555,0.05537665997910268,0.0277700084765668,0.0,0.03945400496362844,0.003109279137634091,0.06081535305056124,0.013135903856869302,0.047640359587376835,0.07287727276161482,0.06335657954038176,0.03073986716698468,0.01089923868404663,0.06511598835562943,0.07833866548293045,0.052260441151177006,0.047607094041734355,-0.060347577634864424,0.0022819389980264226,-0.002321920670911859,0.023923978031614168,-0.003101772795530977,0.01329395700060243,0.03200657239449928,-0.010237692425071332,-0.0009096484660310322,3.334330690751841e-05,0.07279276671012802,0.00982163124534341,-0.0011562129973609614,-1.6398247297544355e-05,-2.0464659945651498e-05,0.009457818668102635,-0.0005023361334361987,-0.04103095524472411,0.0012577249790291511,-0.0019075448582424048,0.0,-0.0021943570048907346,0.0019786688072200853,0.0,0.010776322765606583,0.012596531290380797,0.0004673608004350793,0.014045700604527589,0.0,0.04755870853859523,0.007575098190132246,0.02543306801090206,-0.016325130839937696,-0.0012412320994565906,0.015369306555004958,0.023859135555085176,0.017229192535557103,0.009753531737571375,0.019081186058379662,0.0013965597845971844,0.013713163384256155
0.06738093472053669,0.014209662685949087,-0.0010191794508434548,-0.025179417888668454,-0.03268126982356501,0.01043980617418322,-0.027382364810580928,-0.055987076306029615,-0.024461431752537843,0.019425233090159477,-0.021969318602790333,0.0075103069607190265,-0.007921375438135092,-0.06665061148594442,0.04913153453258512,0.023494175762516945,-0.00118426974492164,0.03595390330455195,-0.034229629176322884,0.0297974198272154,-0.003800391024069427,0.03945400496362844,0.0,0.062464254217602155,0.026368660018369516,0.01472306270356738,0.005386480411688932,0.018215146470774712,0.030343152159377718,0.019217856774484454,0.0006481037207574647,0.010311521901037568,0.04597152440778057,0.024415533039818194,0.013618976314762943,-0.04098906048194956,-0.020804422737045802,-0.06197530005010127,-0.04794455331370168,0.018466691931112333,-0.029466377788636533,-0.04721933120430638,-0.1086070599031756,0.008801485971768941,-0.0016933776678439982,0.0032683009122091433,0.017798908483885045,-0.007792794659254809,0.0020900373377805703,-0.07733993171712422,-0.028611240732253462,-0.043365434019412064,-0.07015956925649652,-0.10267516947339117,-0.0019744565954664672,0.060141604895568856,0.0032412581505184,-0.028196153457410777,-0.13565943523945384,-0.029614037700984974,0.011973748126004158,-0.0001504732952707366,0.006378362903719237,-0.015259229866117219,-0.030455494866113875,0.032362160253543326,0.030694560353423828,-0.057850215489496426,-0.0009823317689751088,0.008710825548082612,0.021417207611951983,-0.03485690914478068,-0.03362688535200581,-0.040773191203711534,0.026656911781898163,-0.03599183655984528
0.06822861782281181,0.011720495707290723,0.0014777061940012826,-0.0068015048214056795,0.010267071463124722,-0.0023625206853972736,0.0021681735507824706,0.056933118051361364,0.014602746112144627,-0.023583464973317758,0.018486044986436023,0.0059058486887683115,0.01187754517817946,-0.006294862616641472,0.14772005228007662,0.002404356303491617,-0.00994455345143952,0.005106150531003384,0.0022084746099534924,0.003789480393126543,0.08143584639198281,0.003109279137634091,0.062464254217602155,0.0,-0.012310669149420472,0.003158518965866053,0.004506782087645933,-0.07851820533634352,-0.005821732913452893,-0.0002396740529457264,-0.03704817544321709,-0.048710281719753334,0.03403737539924623,0.023835205255651748,0.0022405198343835586,-0.009348503499393312,-0.00679738153794851,-0.0006810192225948364,-0.03451703856711258,0.009379139882522924,0.044240727535465596,0.05540286194987415,0.0007156982420752911,-0.0005856354192646518,-0.004571545595252968,0.029382368082646382,0.009872312327651733,0.0,-5.551115123125783e-17,0.0005943419492770441,0.000779929448634975,0.0005924471267297893,-1.6653345369377348e-16,-0.0010108690910282658,0.02946053058385817,-0.0007896557762308576,0.007117258428295137,0.004131258881191757,0.0,0.0030113805448827025,0.01937217603715008,0.032709497519055775,0.0021480809529027534,-7.24280439049485e-05,0.0015702817299302896,0.0020588604582299497,0.005216839484179447,0.000754424268978926,0.0805949887089833,0.018055147466057908,0.019059499046649775,0.0015311910885558722,0.00486170306955952,0.000630856887085196,0.0,0.002482298160511376
0.015709678914947123,0.0541794168281583,0.005724867720385607,-0.00031203029386278613,0.007048932544303554,0.04860968395606807,0.008259194371830869,0.05781884986955638,0.011613229366201572,0.013920292144944613,0.01049099957779498,-0.00411494476705393,0.06645129448048093,0.001565803190213766,0.03889625302388727,0.04483812315395691,-0.02287475536872774,0.0014526008820997527,0.0017780231175402172,0.06796807057350085,0.045223356752610744,0.06081535305056124,0.026368660018369516,-0.012310669149420472,0.0,0.007042933520419403,0.06812342844855895,0.0689202416333855,0.06205971697604623,0.001797767323847732,0.013213144916766839,0.0512464623198538,0.026685187520886444,0.028109739230542607,0.04771872262033894,0.008424301584055105,-0.0006839062423404929,0.020313942123515505,0.0038301496632228704,-0.0251029109716423,-0.006275337890450261,-0.002035088781920713,2.2701285520454473e-05,-5.551115123125783e-17,-0.006277539703450741,0.012338457299131633,-0.009487069936901127,5.551115123125783e-17,0.0,2.220446049250313e-16,0.005404196613503998,0.0013058051473921473,0.004263295972989634,-0.0013530356931827359,-0.023692623095935506,0.0009035628195991907,-0.015375422242773495,0.007422820150932707,0.0,0.007980349016847466,0.0027823602490770205,-0.018952997925613335,-0.013549438861885088,0.0,0.014700234108079191,0.014564224799390846,0.02261897650068434,0.009910499694502528,0.006157949556464426,-0.01002166055827447,-0.009277876071641933,0.007073648960857992,0.003482129993080618,0.020780234339392745,0.0,-0.006788899698424555
0.026513341575457483,0.022259003791586796,0.00785806311530296,0.0012090358561209769,0.0030338776627998887,0.027593585934238662,0.004832064970340166,0.054592938279625525,0.015528038361928564,0.007921314772860732,0.01129552238727688,-0.0341933213912089,0.02718785916261368,0.001443082219638625,0.04049294139757281,0.043510011110662605,0.0028968459559183812,0.03081403727328691,0.0015449103780870166,0.06298563995007012,0.0291120168901019,0.013135903856869302,0.01472306270356738,0.003158518965866053,0.007042933520419403,0.0,0.013242289202487434,0.009314379039610687,0.02517853993038549,-0.0011364110362169777,0.03252352708238959,0.05930237930373511,0.05793474028591733,0.05193947922228381,0.07179779732900671,0.011234035190919922,-0.0024623943246424584,-0.03439247442418403,0.011346152382189612,0.001092665612139998,-0.004561479928432033,0.003972458888259367,0.00540962583358412,0.00012790522498007384,0.003610869856895127,0.03508835277781491,0.00648307346320437,-0.0004343383296716019,0.0,1.1787211252334284e-05,0.01500774706804997,-0.0005889467633872214,0.00014886985414830356,0.002699182171811254,-0.022320032718107397,0.0,-0.006847817558616909,0.0068418979115534295,0.0,0.006581757391427967,0.013711678691734452,-0.026544529146512896,-0.011409082913772794,0.0,0.020468879021920516,0.001036614470355135,0.016086320023654177,0.02078077860447558,0.013025586991792848,-0.007756086903083381,-0.008527631056418405,0.0165419966942838,0.012348821966861157,0.021728310001515094,0.0011687544322322996,-0.014282823890753138
