0.0,0.32794204441986474,0.322543724521664,0.0,0.4269091481095495,0.6403725606683985,0.41915594165794906,0.614653638379754,0.4093263864957057,0.6550496801270669,0.3966782562975412,0.2908322811320473,0.6800679085592343,0.4467861045354219,0.245282109142645,0.660405671289644,0.05830972195678191,0.3793292981551398,0.0,0.4405670400608944,0.210691149318933,0.5105235800885923,0.4477212424155288,0.5371716215359386,0.24521395060324175,0.4449716424228467,0.44883661368084826,0.5734559811676858,0.5539499564105603,1.101822166663425,0.5332104332692904,0.7092955138677681,0.39532614828541646,0.4040679996124518,0.5914978661386946,0.6025426298001103,0.48806064555095563,0.4250914312776558,0.5396213962950679,0.4099965867086748,0.4511443326790882,0.625515781054639,0.46581493327197365,0.0,0.4120585942803183,0.12849241049730728,0.3865809770055141,0.0,0.0,0.0,0.43316308575835305,0.0,0.7255088437415965,0.0,0.3851005378887469,0.0,0.4841492506787617,0.692452786623072,0.0,0.5516393646082877,0.6261980569618015,0.2581879043641394,0.3265755157413514,0.0,0.41487147073194997,0.26036913144757756,0.4987451927023124,0.6084772971320311,0.28981888108484977,0.428715091494104,0.3649060315509218,0.4550147197778476,0.40569951605906285,0.4543694481398102,0.0,0.3561794570489484
0.32794204441986474,0.0,0.4897823318858207,0.3321631587243773,0.3738888453254174,0.47903236602737825,0.3902080110161489,0.7179465110834742,0.35681984898967634,0.38451523136657373,0.3207917552141203,0.44001685191204365,0.4091268106093302,0.517594063033628,0.543000404078491,0.47291692352365156,0.5232537341276502,0.4663429340400039,0.6243469576112022,0.5383433008331485,0.5754421528733392,0.6233971613196588,0.6148054585524799,0.34804043663291506,0.42594178829829077,0.3833253366140694,0.5234872687002057,0.37737448726476375,0.3568658161079763,0.42621694402164356,0.6433190972362666,0.614888941191277,0.34599626743253287,0.5693749726728847,0.6834576985329677,0.42068560391708754,0.25588469390277635,0.0,0.7054830540863449,0.7171900093537957,0.5231460250906045,0.684202790801913,0.627535700108817,0.0,0.0,0.20886474184140014,0.612040469349493,0.05437254320591809,0.0,0.0,0.4298540488531123,0.6053669296541553,0.5495228822967041,0.5554029898344859,0.6034166102288168,0.0,0.42419851150321464,0.6035738456529217,0.0,0.45083166731582175,0.7534567758058042,0.5920320095075505,0.6099080198294963,0.0,0.5739293269985785,0.5428916069355872,0.8635248605945527,0.47460905436991746,0.3696972543894881,0.45041827631866127,0.48160899928124395,0.35702369684719204,0.5889726339860104,0.5133705974836231,0.0,0.7616421879466713
0.322543724521664,0.4897823318858207,0.0,0.44307290655956666,0.0832819261683597,0.32692413138535165,0.35292253255709205,0.4351402088870578,0.20207441890861072,0.39172813991461125,0.27533269142090516,0.4708182335016112,0.3803893628199485,0.2971963516177589,0.3209782294947941,0.38237417175551797,0.615424991477604,0.4990038644213837,0.151306855899937,0.37371493407211276,0.47432795128637023,0.4811313367268031,0.3207622295568631,0.39665707218584334,0.47350537848820673,0.3998189341849452,0.41079927654371734,0.3985218323989146,0.5447861006589055,0.5548292477626102,0.4189125923679309,0.3984148589115285,0.44565794562452804,0.41326553661469745,0.5135052715981006,0.31085104658548,0.22947248411969937,0.43625751012766645,0.5946783275623515,0.47393955324361114,0.39258871160500713,0.5495932755499826,0.5058721160960055,0.6134800259944557,0.0,0.0,0.2005413242860652,0.37551244531816863,0.475866642256345,0.5395634847126656,0.36943592486568033,0.5038512156232842,0.41893223972428,0.7167834086196229,0.3959846559459751,-0.0067926665587700885,0.457505496029028,0.4721208848376132,0.2847941683103687,0.24238045576285222,0.0,0.0,0.0,0.1858862837444882,0.5987490685354958,0.4498519415215648,0.09408102267865275,0.4488851242013465,0.0,0.6220076359866122,0.3303799561736884,0.5996928087142523,0.516757164009883,0.593109613205032,0.693228726670789,0.29205165071923106
0.0,0.3321631587243773,0.44307290655956666,0.0,0.4479637957044566,0.5095318749898415,0.5436150423430893,0.6133381808668583,0.4985305859797714,0.09453690645505583,0.22321215192435898,0.32773604544425605,0.5338965388440351,0.6206220171216875,0.5251840105088297,0.0714168095049338,0.5470048277141362,0.46670351808996746,0.3906026706878716,0.5448866247187998,0.40309461979235095,0.48709014238191994,0.8757913395672414,0.22698343548726602,0.8650315877312494,0.5734379250775701,1.1223339859533574,0.4755294896793543,0.3768677954343628,0.5025094775905412,0.13886748991606246,0.37348912346628677,0.16350422976973764,0.1255243589437406,0.1847884861077304,0.11670667257777143,0.10966008694730434,0.2865937680863895,0.20739243386414433,0.28680558703198733,0.38657534464945337,0.2728680414270582,0.2404835566975983,0.224769768376807,0.0,0.0,0.0,0.38485579477408544,0.0,0.0,0.5690880653836138,0.0,0.4633879716635335,0.00030344523567907636,0.0,0.1874857207862472,0.4628941128272392,0.4480605645777163,0.0,0.0,0.0,0.0,0.0,0.0,0.0,0.0,0.4574127375118574,0.5406820159006999,0.0,0.0,0.0,0.48102805571768603,0.5234924017716556,0.558513242731913,0.0,0.0
0.4269091481095495,0.3738888453254174,0.0832819261683597,0.4479637957044566,0.0,-0.07777291967596905,0.33904482877971626,0.20419474065691057,0.06438266244707344,0.4284304688337654,0.07384419271759085,0.502582701464775,0.3377309422120968,0.2727846495172077,0.4432846865035046,0.4694265457991905,0.5078204906364479,0.5951280503925314,-0.0011052204399673027,0.40073674016393557,0.47702477626812556,0.4389635559919145,0.10449685605296388,0.48526106659354046,0.383032747546102,0.6116385108372412,-0.0022235142279634634,0.35783488953529063,0.4004734808634972,0.42965322085433344,0.36077188363295254,0.5222489192541054,0.40650865347584303,0.1575045621357402,0.19050312537267053,0.14428942724471097,0.2747117960390162,-0.034279532892817266,0.6053399061963258,0.6990119260098686,0.5351333249929717,0.42510770704087564,0.5569101570819527,0.680130350467004,0.2503662134060865,0.0,0.39424000583929697,0.7339036235569494,0.0,0.5816951242949943,0.5852353586007077,0.5682090333699537,0.509045433617002,0.5213440382521867,0.0,0.49475330600498585,0.33831743872306513,0.6668662042083566,0.48851192666265075,0.2515544303629811,0.4460258639479169,0.0,0.0,0.5901668494670952,0.3535792617218786,0.48973597526316315,0.35902282578222233,0.5209381185202537,0.0,0.47590155190452355,0.5814348801869356,0.4898799971411977,0.5595205762816474,0.4227471151305322,0.0,0.4889221775978447
0.6403725606683985,0.47903236602737825,0.32692413138535165,0.5095318749898415,-0.07777291967596905,0.0,0.2790687512979053,0.40468935753192253,0.10793516445573875,0.3558336042766191,-0.04028180440324597,0.5689764124236962,0.3301880511345947,0.13000280001866393,0.6315447187762405,0.40489223182177947,0.4542567825613081,0.4586207149477925,0.1778682746979215,0.393898835540225,0.642464077602675,0.2873434975318117,0.38902075108039336,1.0409505265160373,0.531507780196966,0.6709728127049704,0.25850977193186264,0.425047434995562,0.2690265950766223,0.4989722170744555,0.4780197874587419,0.41075332119849056,0.6452744644639328,0.4455475380449673,0.5272731612780449,0.3951400546578684,0.4414212586288567,0.36199909560861526,0.5377965986412347,0.28592507998354166,0.481188115452305,0.5993919700727883,0.4603158316318927,0.5055617560369464,0.19982040942540663,0.5881682010713052,0.6858302162931198,0.5923576588843482,0.550837860894386,0.4198253600134271,0.4801881469781726,0.574575044297787,0.5499234061819457,0.6111865845493695,0.6571981327360046,0.30904886543382326,0.3122506601818167,0.5401560061862036,0.3481943896055289,0.6082686748920929,0.5418201708178598,0.0,0.505164625630082,0.5761146214521523,0.5981741008551323,0.32785387937307925,0.5392696724472349,0.46181295921122856,0.588288229157903,0.4533817916030199,0.5278820687428535,0.48289892310380794,0.4992147976225124,0.5055095700265463,0.42262790366759334,0.48694539844228024
0.41915594165794906,0.3902080110161489,0.35292253255709205,0.5436150423430893,0.33904482877971626,0.2790687512979053,0.0,0.4205366378520848,0.23957041798579465,0.35477750816674325,0.25990280006599087,0.32830223435567174,0.36333107958544647,0.22599747624830732,0.47440656069637344,0.3784354007359567,0.6116691412225631,0.3253377262107092,0.275540341518538,0.32025715693879087,0.37551662616479453,0.29637106599629426,0.3473259399179294,0.3291103492798342,0.42998471785253944,0.45249904783664907,0.2479846131990423,0.34420323398834696,0.364930681719564,0.4152337117463142,0.2507341716898305,0.4455741748694101,0.44192587628724944,0.01898115314445159,0.03694739244505185,0.660800505006059,0.6025826934792633,-0.2308581696868412,0.6068430493300241,0.39728911179992693,0.5862569018594073,0.5377875783898658,0.5906931716647299,0.7772899835222535,0.3184623802557095,0.0,0.5607778021673777,0.3850891712331884,0.0,0.5219455032917929,0.4132166021210492,0.5368220903321493,0.47348356628195365,-0.08887251474446045,0.5512940695428983,0.48551338116311143,0.4427496536856475,0.45210741779883257,0.403751325412075,0.3229525070402425,0.5647686162724515,0.0,0.5335506107730594,0.5698468134039706,0.5708006248145515,0.5020045324095632,0.6018090228980799,0.4752699850757709,0.47344478323311556,0.6043224919962848,0.5004351949804179,0.34603446851114905,0.5235601280749371,0.4097480656314574,0.7435279458226058,0.4773495819535709
0.614653638379754,0.7179465110834742,0.4351402088870578,0.6133381808668583,0.20419474065691057,0.40468935753192253,0.4205366378520848,0.0,0.30084807291959426,0.9847015487644364,-0.01461348948176433,0.5936142614490096,0.44731025368719235,0.4161389829179313,0.3567123458668813,0.29774031504054577,0.4218332446323374,0.7175622137256522,0.2703252188438005,0.24551956889372129,0.5121441103750466,0.4267434060012666,0.3187081833160804,0.5955340697440539,0.8196476773199464,0.7825600987555278,0.2996126361444815,0.4254548288179997,0.38908033170776934,0.4308085293258921,0.4580228405069506,0.4684377442046774,0.791739816887603,0.41225089697343814,0.44953477741102765,0.23677660844087342,0.7121003073107532,0.5694950099155359,0.5574253315677192,0.425033612418276,0.36860122324413785,0.4753498281900009,0.2801377398323544,0.42437001455833323,0.0,0.54273956435132,0.31501901370521135,0.4961696543684988,0.0,0.5204887184976589,0.41436837782645697,0.5450219804505331,0.3094581906403891,0.5034887226008041,0.8208236435120414,0.11776034841118804,0.9191860472858486,0.5456461689932796,0.14695849052381355,0.5719566812328003,0.3500764808564409,0.0,0.625989870700897,0.47827513291188095,0.5135591075268817,0.3263829772371175,0.4057179326478011,0.4357160092859913,0.0,0.42819625128373373,0.3308118703230216,0.415134838464538,0.5028263922535607,0.40288416126116555,0.47424094678989553,0.41223182722415586
0.4093263864957057,0.35681984898967634,0.20207441890861072,0.4985305859797714,0.06438266244707344,0.10793516445573875,0.23957041798579465,0.30084807291959426,0.0,0.2810120422956196,0.021345302745756856,0.5005630888436476,0.4185358224181918,0.10605376677508216,0.5906368013494909,0.4259803555391182,0.40152003291945204,0.5321219454946345,0.1821791266508374,0.31249642086360224,0.3547283766685684,0.25805180505932274,0.20224595555585456,0.39413893166924374,0.5000968030300018,0.5511669110420301,0.22381316299847978,0.35645169576785574,0.2957260802741525,0.5533260439187953,0.39248598700268117,0.3611572553251511,0.44082538332609866,0.34367882330447347,0.4161922553676028,0.3360916130019068,0.34480424344002614,0.4142930850176683,0.3715856335982453,0.4826427281856108,0.44432490860412244,0.4029657041576037,0.40467977954764184,0.4430771138759544,0.2786638586712281,0.0,0.49103947602169146,0.5021492320435963,0.47332516841186006,0.6336592530001741,0.39559886167001423,0.420333435033268,0.34075966015368964,0.43677919345565236,0.20642362232866573,0.2679153871069733,0.41023066680719683,0.2863382194237013,0.18493915779958423,0.4383451289352994,0.6480903758205818,0.0,0.0,0.38773895445210277,0.5810783024602508,0.7023776403121254,0.5378856234271228,0.4354655328684406,0.32321961140074196,0.532543728392485,0.2667983656007032,0.5050912533849554,-0.031593993776008134,0.646659661828614,0.5091931879301723,0.7394465958160584
0.6550496801270669,0.38451523136657373,0.39172813991461125,0.09453690645505583,0.4284304688337654,0.3558336042766191,0.35477750816674325,0.9847015487644364,0.2810120422956196,0.0,0.22721731948987803,0.4137884262729157,0.6060218652228585,0.6905614878486748,0.4446172075206636,0.450928347062318,0.6507405675743445,0.3647554049186733,0.3980306335229261,0.5193168503098377,0.47350500732126144,0.40001205335406537,0.28763687568383745,0.2917474096911988,0.6090935363232755,0.5405299490082562,0.31249973652394714,0.31997202232802224,0.35177930185532175,0.3599397601373765,0.5391384907338912,0.11494844935936133,0.3356390525753156,0.31268176587090557,0.3572490623046145,0.14807790757429745,0.18072262306709003,0.32155865612802126,0.5781966596281044,0.4023002766149267,0.9046679245951844,0.840713299221618,0.2230472676208416,0.2991029423208924,0.7715128614139333,0.5239222578955541,0.5267421774657737,0.15864202349282522,0.486803457134984,0.4102455219234079,0.48249164554374213,0.40685319255875746,0.5639597218681672,0.20305430003458272,0.5936444952389246,0.4491089301541948,0.658235350006942,0.5057813474344491,0.0,0.8972778815392164,0.5725712396672227,0.697751801474245,0.7687899016301016,0.46484511438727716,0.463037582134457,0.5421484812538768,0.32844560008713997,0.5469065158217753,0.1429446191029936,0.7319986013159991,0.6786293664764258,0.5776132941494923,0.4871250319394265,0.3926538456506251,0.0,0.5712216485567206
0.3966782562975412,0.3207917552141203,0.27533269142090516,0.22321215192435898,0.07384419271759085,-0.04028180440324597,0.25990280006599087,-0.01461348948176433,0.021345302745756856,0.22721731948987803,0.0,0.5045146823135513,0.26621294330182055,0.15229511212294788,0.0,0.5146316548750006,0.4621196016985705,0.5090233907322875,0.13106847838238028,0.44451056260386373,0.4971514482753082,0.3866682679931739,0.08291790884674632,0.4226777341807203,0.5214315971575917,0.5160878304039794,0.16327404128607004,0.2589453002263762,0.3754182353449918,0.5008496816677487,0.30532468281794733,0.40749157083294146,0.3771300060257737,0.31406904870352054,0.310732175366025,0.1545660360327138,0.5311729424523239,0.4800512038578182,0.5499992867359862,0.5320096322056831,0.49835596791920284,0.4683725172113499,0.5868916424115469,0.5498542998504194,0.18941447756712776,0.0,0.0,-0.147160168649626,0.46482727065290297,0.37420571618583875,0.5636494715866753,0.46130319881149295,0.21140508066477268,0.4895235035186897,0.47661367636554075,-0.03755062257998684,0.39609033946766725,0.5131341827691006,0.5349260311281915,0.0,0.0,0.0,0.0,-0.02441043885891131,0.35267532286639003,0.0,0.6602350493321015,0.05838408047095456,0.0,0.0,0.8964514657174034,0.25872676689674956,0.43217890855203356,0.3469913099373587,0.0,0.5287971872518261
0.2908322811320473,0.44001685191204365,0.4708182335016112,0.32773604544425605,0.502582701464775,0.5689764124236962,0.32830223435567174,0.5936142614490096,0.5005630888436476,0.4137884262729157,0.5045146823135513,0.0,0.43270198437973856,0.6113214305471739,0.4118924550540134,0.5659173148967185,0.49028656503406653,0.5264674218402848,0.4647386217378777,0.5483670191664228,0.4326456488501811,0.4227393133120474,0.40787960697273085,0.2979413680789295,0.512515671509352,0.3541051965303638,0.4832451026167158,-0.12052283277873549,0.6095357288079071,0.29552866404128575,0.2911300062860863,0.07514503810756881,0.14205320677217467,0.07465954652142892,0.09784783086088031,0.06493517589897005,-0.006797335329009058,0.030004214660334427,0.43343772435967676,0.28615326882985304,0.5245019849106902,0.7366087743075393,0.3695471128835101,0.41473360170703544,0.4485736475509538,0.36021935796928284,0.5811170400890946,0.2523034678017324,0.19692533882914603,0.2586800154436364,0.3371975829840114,0.48461780063067195,0.22752687997508547,0.3871792299155329,0.5442543531720396,0.2361958282425729,0.6843026293270223,0.4571869364831023,0.6697174292255202,0.6186954623487082,0.5316575648451203,0.7161220298489768,0.8262505847197802,0.3310335713634359,0.7259065127924755,0.7614325831572031,0.39528102372531226,0.5590813866487023,0.16353147020746953,0.7325500264036305,0.6780055872412776,0.3670173260535121,0.5855235221783367,0.49283876871346677,0.0,0.5263797773297985
0.6800679085592343,0.4091268106093302,0.3803893628199485,0.5338965388440351,0.3377309422120968,0.3301880511345947,0.36333107958544647,0.44731025368719235,0.4185358224181918,0.6060218652228585,0.26621294330182055,0.43270198437973856,0.0,0.11122692122796818,0.5846147562812118,0.4396726799927857,0.41196275974252317,0.4863303972020043,0.3253775451409183,0.4052927235915803,0.5196305549578174,0.31992145000666905,0.42544345671086387,0.3216940892469835,0.4824443315994328,0.46899560955387803,0.36523241635718284,0.4697925196160338,0.47907522754229326,0.5250195467026857,0.36324700032682267,0.5548150476585471,0.5834255359220375,0.3637653471901812,0.39643561669752736,0.6614454258340707,0.6776266340638398,0.27680326017155366,0.45169000783861535,0.4876649580961652,0.8734644497191604,0.5501071602984255,0.7171645379326375,0.3903817307351397,0.36781421503039713,0.5813204977847092,0.6301983817422782,0.6151284618413979,0.0,0.6388025782610518,0.49592438565657726,0.6867127882267985,0.48443098307309584,0.6698230375596346,0.493363015044239,0.4272741691391777,0.43737259674969486,0.7271173918144909,0.4406890716777926,0.42714862590199854,0.4912095299194625,0.37714467906443255,0.5312432930481983,0.587756833876302,0.5197162179372223,0.5526584528623452,0.5166203351303579,0.5339468642544711,0.47188650751838135,0.4549640194737014,0.44887586965136894,0.5060698860268286,0.5608686543936431,0.4502922629409503,0.5033981300983826,0.5706677408859835
0.4467861045354219,0.517594063033628,0.2971963516177589,0.6206220171216875,0.2727846495172077,0.13000280001866393,0.22599747624830732,0.4161389829179313,0.10605376677508216,0.6905614878486748,0.15229511212294788,0.6113214305471739,0.11122692122796818,0.0,0.5049300262476365,0.5535594909366262,0.4510959165049799,0.5009541907707539,0.029956446240134327,0.383515667014657,0.19465509776706708,0.24934759103379311,0.1916127204559803,0.6093231875978283,0.5142855524154647,0.425599687829327,0.3561164604067384,0.5532240005988371,0.3598046369926745,0.773848815653406,0.47026076619012247,0.12729628278334545,0.2381367010556123,0.6731019747400573,0.36455058031722487,0.13971990888925284,0.005571086088666993,0.4063604766267081,0.7000306565873251,0.0,0.6853084766123718,0.8216027136959138,0.6311919585849493,0.4750503463013439,0.0,0.0,0.0,0.4244319240581781,0.0,0.499231702293943,0.4428792314340718,0.4586983597078287,0.5514739666714529,0.040536490769683214,0.0,0.5224850150798375,0.3773540172027547,0.6986213215682631,0.4141918586029285,0.0,0.0,0.0,0.0,0.4539173338599114,0.0,0.0,0.0,0.538359501660707,0.0,0.0,0.0,0.4677659782013377,0.7361918590947694,0.0,0.0,0.0
0.245282109142645,0.543000404078491,0.3209782294947941,0.5251840105088297,0.4432846865035046,0.6315447187762405,0.47440656069637344,0.3567123458668813,0.5906368013494909,0.4446172075206636,0.0,0.4118924550540134,0.5846147562812118,0.5049300262476365,0.0,0.5329536622911735,0.4227408308295878,0.4774240615465495,0.0,0.6717076348709616,0.34621898810825485,0.3906503619519347,0.8707889137360565,0.2915208379992326,0.5221645363099932,0.41983567703612173,0.5763465338597535,0.4845577915506088,0.48343058860333604,0.3847878581679414,0.44008236076652135,0.4226019006550402,0.49031193663958983,0.462060363835307,0.5548698743082725,0.5845834418885132,0.36102503046098056,0.371911112890564,0.39489171266807266,0.42427220238656893,0.4058231022774986,0.42171396260855565,0.45803055751244015,0.5780943189709885,0.0,0.5484479694235522,0.6062847094631307,0.4494673723702797,0.0,0.0,0.34462610316571074,0.6927811255635667,0.5515446472940073,0.5428591494503107,0.0,0.0,0.669295434329271,0.5157067299164176,0.4684145744024585,0.3278253739821222,0.7338751355206784,0.6214502081471323,0.7056738796603865,0.0,0.4038685380765965,0.31548970671535304,0.6494289806463855,0.5234238666634103,0.4377036943255388,0.5275209210917815,0.37622638791551044,0.417072263165421,0.40580062824288077,0.44101199095711296,0.4840620735694889,0.41249053439958083
0.660405671289644,0.47291692352365156,0.38237417175551797,0.0714168095049338,0.4694265457991905,0.40489223182177947,0.3784354007359567,0.29774031504054577,0.4259803555391182,0.450928347062318,0.5146316548750006,0.5659173148967185,0.4396726799927857,0.5535594909366262,0.5329536622911735,0.0,0.4395450876982614,0.6112786881202912,0.44304735098116155,0.43442931296319104,0.5973837388110643,0.5234101197371903,0.6109107224844489,0.6034418886250685,0.6407119587969238,0.6580316548097497,0.49584873159512965,0.42468141426990486,0.37145426579084573,0.4923556344331849,0.5720525845098101,0.4558365969388587,0.45575265126404163,0.30042956102608775,0.5611370874814142,0.6483076214562202,0.36977282148781665,0.585849600432087,0.8642685947088316,0.7520724371217178,0.7977174692604075,0.8566112961333936,0.46873804169667566,0.0,0.0,0.3992425620219191,0.8310048826790731,0.0,0.0,0.0,0.5061669278592718,0.5825885868200394,0.8553916382527199,0.0,0.6061682343611909,0.0,0.48199726033924006,0.5635102533409238,0.0,0.38763878223700166,0.9332308355625054,0.5869355029695504,0.7563397155690592,0.0,0.590473820607869,0.5723864356156684,0.848589637772706,0.5234413642957978,0.3546172971626472,0.7296186842343579,0.7113342448003857,0.4694692445377961,0.5565092313508084,0.7084375139415353,0.0,0.7649949126913902
0.05830972195678191,0.5232537341276502,0.615424991477604,0.5470048277141362,0.5078204906364479,0.4542567825613081,0.6116691412225631,0.4218332446323374,0.40152003291945204,0.6507405675743445,0.4621196016985705,0.49028656503406653,0.41196275974252317,0.4510959165049799,0.4227408308295878,0.4395450876982614,0.0,0.5470428979162036,0.6649209029189921,0.5050809421696796,0.4885354504965728,0.446031176100671,0.48792844540174063,0.4971002848957475,0.6014042076818815,0.500735662156465,0.5292323490177426,0.45163648101712695,0.2872252246231324,0.47254380298530546,0.3957432052903408,0.5400128385407567,0.44225581708181133,0.4055129366526379,0.48444528264510106,0.5653694486716252,0.23851972513262196,0.4678080459729901,0.7472043434807355,0.49340660574835593,0.6253017051992573,0.5800684307633551,0.0,0.0,0.5137663497189793,0.6034697976324634,0.6143813309099365,0.0,0.0,0.0,0.0,0.0,0.0,0.0,0.5590443962199628,0.0,0.47302328053302556,0.2973162544270408,0.0,0.7422661475611342,0.4823934506255887,0.5722101623546911,0.5768529259924213,0.0,0.0,0.0,0.5694126862358335,0.0,0.5517164049056082,0.6000909908847312,0.5765798325871843,0.0,0.28188948125573154,0.4715278025103704,0.0,0.5982983042914539
0.3793292981551398,0.4663429340400039,0.4990038644213837,0.46670351808996746,0.5951280503925314,0.4586207149477925,0.3253377262107092,0.7175622137256522,0.5321219454946345,0.3647554049186733,0.5090233907322875,0.5264674218402848,0.4863303972020043,0.5009541907707539,0.4774240615465495,0.6112786881202912,0.5470428979162036,0.0,0.47185908477758753,0.496305937212201,0.47783881026545616,0.40842876328316,0.508765619487533,0.42351108355660105,0.463038264450771,0.42162554470002334,0.5459827348490629,0.3729253163948314,0.34569418403602825,0.5880672564385498,0.31346125152496856,0.4581117387294441,0.36290765066581415,0.3284449484959683,0.4745550334905786,0.5258163583492905,0.2561040046685676,0.4326756846904136,0.7063619839527704,0.5489381828888964,0.5900435005188861,0.6525787973095907,0.0,0.0,0.5797803998312432,0.38343460332197715,0.6737203906411076,0.0,0.0,0.0,0.4792642513610572,0.5618718805627242,0.8659539218539829,0.0,0.6438751429811231,0.0,0.49584437645150486,0.5265369927374977,0.0,0.46171383669310573,0.7495564206686443,0.6817857983935189,0.48688665302754863,0.0,0.45322946804304365,0.5721343323367476,0.7767156973462035,0.6967209921363575,0.5316920062783647,0.5103347444582885,0.5150635164916446,0.4436560436831789,0.6577069481465747,0.40758776247827716,0.0,0.6433523060678523
0.0,0.6243469576112022,0.151306855899937,0.3906026706878716,-0.0011052204399673027,0.1778682746979215,0.275540341518538,0.2703252188438005,0.1821791266508374,0.3980306335229261,0.13106847838238028,0.4647386217378777,0.3253775451409183,0.029956446240134327,0.0,0.44304735098116155,0.6649209029189921,0.47185908477758753,0.0,0.5406247590160206,0.4512437501362334,0.6888196909377454,0.08620556918207661,0.4378024917923331,0.5021358785208201,0.49606148964527486,0.20986956437840212,0.38131031881733246,0.5611078902817436,0.5758204673242251,0.4527340016180462,0.44238091439798854,0.4389642294652598,0.3085418204130354,0.24663354529586748,0.37556749123021205,0.2936914262863425,0.35772359591283454,0.6533973323016002,0.3796740260709013,0.4103975249959289,0.22886697250460708,0.626431408756829,0.3628184127155004,0.4002674011319638,0.0,0.0,-0.24047830113198848,0.0,0.45570233893187867,0.2927979500932427,0.3726914299507725,0.3217228216494206,0.6283947027339911,0.8761763633769508,-0.09456718230685779,0.510837430813078,0.420451816134467,0.3458991191659385,0.0,0.0,0.0,0.0,-0.11125283125718272,0.4694112800300672,0.0,0.4909612180486252,0.39936414271387755,0.0,0.0,0.0,0.48783767199575756,0.4830629908676751,0.4229529217767511,0.4797961237151388,0.5192020593838912
0.4405670400608944,0.5383433008331485,0.37371493407211276,0.5448866247187998,0.40073674016393557,0.393898835540225,0.32025715693879087,0.24551956889372129,0.31249642086360224,0.5193168503098377,0.44451056260386373,0.5483670191664228,0.4052927235915803,0.383515667014657,0.6717076348709616,0.43442931296319104,0.5050809421696796,0.496305937212201,0.5406247590160206,0.0,0.4431619186051754,0.4478404593011195,0.6645799873550546,0.5270486962682736,0.598788804160845,0.60889239748012,0.4274496270033775,0.3164899941039895,0.4458724289076083,0.44794090052374513,0.4470203120020393,0.5266702812947488,0.246200853365021,0.5715180281840787,0.6936391268621814,0.678526849081735,0.5512652081662651,0.7742467084640025,0.4492774823008949,0.4452484783688775,0.49429444661247546,0.4012822704998442,0.4900428829241214,0.28108148107532505,0.20849122319285246,0.453811886929031,0.6736143566588715,0.46072158375765415,0.0,0.0,0.24911469159504704,0.5941798076498561,0.557364978903424,0.39734585698097874,0.9268299303516356,0.0,0.5351771946331714,0.4993228275213673,0.0,0.41453859545012284,0.5130036268679561,0.466995126275224,0.543182487271244,0.0,0.4105996095086448,0.24133681456442493,0.5201032186934615,0.399082429221517,0.0,0.4950287013780652,0.40838594924889426,0.43062365897198474,0.3356578862520571,0.480422080732476,0.39013659781079957,0.3570709418340802
0.210691149318933,0.5754421528733392,0.47432795128637023,0.40309461979235095,0.47702477626812556,0.642464077602675,0.37551662616479453,0.5121441103750466,0.3547283766685684,0.47350500732126144,0.4971514482753082,0.4326456488501811,0.5196305549578174,0.19465509776706708,0.34621898810825485,0.5973837388110643,0.4885354504965728,0.47783881026545616,0.4512437501362334,0.4431619186051754,0.0,0.4058272216640525,0.4863741271095382,0.4699261997591515,0.48181926113569606,0.6272352581030085,0.5013262684222115,0.39154528658689924,0.44560528135742494,0.5113067852476347,0.532750297591839,0.41276798622265554,0.5067961785989334,0.49681941516240335,0.6710836676939156,0.20554507228269225,0.31424789190175706,0.5034652839836898,0.43708412878005287,0.5116821044723627,0.3582129549482799,0.4400100623357577,0.5672397305966747,0.0,0.0,-0.018953486230345984,0.5719120041141245,0.6231330352190958,0.0,0.0,0.27191736910482467,0.40282087087135254,0.40442239128618507,0.5146490979352847,0.5528307326952654,0.0,0.7346219073966533,0.45902848461539875,0.0,0.164385672962644,0.48545802945835786,0.0,0.4970446587342743,0.0,0.3598560981758051,0.20811158315229317,0.4846545017918096,0.3851483900701091,0.7546418349167594,0.32298585416428616,0.4864871360617256,0.3253183022417948,0.32687867041084295,0.4931860165787776,0.3494482361651169,0.35253918675488616
0.5105235800885923,0.6233971613196588,0.4811313367268031,0.48709014238191994,0.4389635559919145,0.2873434975318117,0.29637106599629426,0.4267434060012666,0.25805180505932274,0.40001205335406537,0.3866682679931739,0.4227393133120474,0.31992145000666905,0.24934759103379311,0.3906503619519347,0.5234101197371903,0.446031176100671,0.40842876328316,0.6888196909377454,0.4478404593011195,0.4058272216640525,0.0,0.6814647661661639,0.44295525217718246,0.6275977924053688,0.48356788073589463,0.35562355298425385,0.22697958754892045,0.3202705143275229,0.45394011844281623,0.42675543520449316,0.49915191727080976,0.4237852323160426,0.3724145913147198,0.5693749041459275,0.48249129043530725,0.5481693908854257,0.5298796177918569,0.6318737882921914,0.7040037415202245,0.5920218936034325,0.6904967355114877,0.4593203867642694,0.3493280045738334,0.23701449885609377,0.6095106198812357,0.8445165462247657,0.5690623022877292,0.47184521611548136,0.2409474990619705,0.5842050104555536,0.668033875997445,0.5789291717739161,0.6246371397680777,0.42703720580386784,0.0,0.5081366248271061,0.5751372129687418,0.0,0.41869429081445037,0.9268067068039367,0.4023464806300902,0.5740790397319231,0.0,0.41380767171205723,0.37746065376526267,0.6909031533530104,0.5414478284688454,0.7097059130085744,0.6044187979576932,0.6205528280140121,0.4243321554906093,0.4962022798272484,0.5430132018042393,0.558402691255277,0.7659975966239605
0.4477212424155288,0.6148054585524799,0.3207622295568631,0.8757913395672414,0.10449685605296388,0.38902075108039336,0.3473259399179294,0.3187081833160804,0.20224595555585456,0.28763687568383745,0.08291790884674632,0.40787960697273085,0.42544345671086387,0.1916127204559803,0.8707889137360565,0.6109107224844489,0.48792844540174063,0.508765619487533,0.08620556918207661,0.6645799873550546,0.4863741271095382,0.6814647661661639,0.0,0.5935942263271783,0.5733890010605691,0.6000841837597322,0.36005735849030646,0.3922165980131154,0.5133914936738976,0.4733074731970718,0.45836060560583236,0.4559577562396788,0.5814812402554279,0.4940428014490622,0.5918730472135345,0.29126336468921277,0.49025004647589154,0.2917281721903026,0.48745089258362573,0.3892564622271872,0.4724274612338298,0.502527438235092,0.44949580338402984,0.5283729574425021,0.5592581297247347,0.4260601934118876,0.5614506026525748,0.6226351884219973,0.4361329392660148,0.5673391038874424,0.4462629107245037,0.5861339324926754,0.44699815623185546,0.5989425961860617,0.5627630220501254,0.4383966654443888,0.4326521608970503,0.4716082449245014,0.39939625312528726,0.44574967760167244,0.44366842205590107,0.46303758213445856,0.5105195919565635,0.5717796086013881,0.4830103003018497,0.37423208805935604,0.5289977161705205,0.5663235935358744,0.21481107774906044,0.7655237278591382,0.38390535966948197,0.4250315270093451,0.4652740328412335,0.5172745977244686,0.4458619078423793,0.4784816730320578
0.5371716215359386,0.34804043663291506,0.39665707218584334,0.22698343548726602,0.48526106659354046,1.0409505265160373,0.3291103492798342,0.5955340697440539,0.39413893166924374,0.2917474096911988,0.4226777341807203,0.2979413680789295,0.3216940892469835,0.6093231875978283,0.2915208379992326,0.6034418886250685,0.4971002848957475,0.42351108355660105,0.4378024917923331,0.5270486962682736,0.4699261997591515,0.44295525217718246,0.5935942263271783,0.0,0.47765059104397173,0.36226693249772035,0.582647965548243,0.472901274937885,1.0072541084251596,0.8079364703943019,0.5084435938517248,0.1795290240150029,-0.1653408624725966,0.05536701529046317,0.15831005741062915,-0.11304433688906793,0.1129067037426868,0.09416135238977652,0.860771449532788,0.6769828876530807,0.7581609940315255,0.7490391211532119,0.5632936068205621,0.3729127166755982,0.5082460994106464,0.2436267421334034,0.47732967488790345,0.0,0.0,0.46001943106153576,0.5657911761219124,0.2808209502777574,0.0,0.03650279986394525,0.48870260794753473,0.5557513817516264,0.5541117401366386,0.40222875425665156,0.0,0.20226119772640744,0.6256394169948223,0.6732210596391776,0.5104489358897425,0.4859958254555544,0.3226966823071983,0.49898082562868984,0.14336218163415004,0.8402967982991202,0.15432366499974004,0.5230658971764712,0.519840341083198,0.5293750599895234,0.587872188363654,0.595295064565206,0.0,0.49539464758738283
0.24521395060324175,0.42594178829829077,0.47350537848820673,0.8650315877312494,0.383032747546102,0.531507780196966,0.42998471785253944,0.8196476773199464,0.5000968030300018,0.6090935363232755,0.5214315971575917,0.512515671509352,0.4824443315994328,0.5142855524154647,0.5221645363099932,0.6407119587969238,0.6014042076818815,0.463038264450771,0.5021358785208201,0.598788804160845,0.48181926113569606,0.6275977924053688,0.5733890010605691,0.47765059104397173,0.0,0.22521081008890306,0.6398034702673776,0.4335761851223306,0.40099075454727595,0.36995069795993235,0.5231494854586174,0.46247943787053747,0.4768318326869614,0.4336818585429052,0.672323181811425,0.40728724926226845,0.5963220523544144,0.5401981926932546,0.7226217997172915,0.6410638905386683,0.658685721830466,0.6702370781390838,0.09595985426251691,0.0,0.5131826413683512,0.34429119862486124,0.666203196258101,0.0,0.0,0.0,0.5268056612884662,0.5182407228243046,0.6915444140305418,0.42689372900650646,0.6819098326102809,0.436817880374854,0.6481073521107722,0.39032888346741146,0.0,0.26099263469170597,0.7472314109783911,0.7080323882672717,0.5792099249717064,0.0,0.5786270266324993,0.4913371825047809,0.6902848652368742,0.30701785563307815,0.08509518875908584,0.5870370868855053,0.5351448130147385,0.41503191188338906,0.6416186642735613,0.355889314846564,0.0,0.6623136125926581
0.4449716424228467,0.3833253366140694,0.3998189341849452,0.5734379250775701,0.6116385108372412,0.6709728127049704,0.45249904783664907,0.7825600987555278,0.5511669110420301,0.5405299490082562,0.5160878304039794,0.3541051965303638,0.46899560955387803,0.425599687829327,0.41983567703612173,0.6580316548097497,0.500735662156465,0.42162554470002334,0.49606148964527486,0.60889239748012,0.6272352581030085,0.48356788073589463,0.6000841837597322,0.36226693249772035,0.22521081008890306,0.0,0.6546482361201651,0.5132386196779553,0.5700688466480406,0.3525009798829938,0.5145790621223423,0.6235256703909358,0.47513185138491976,0.5134560478776428,0.6665856505870296,0.5299636670581018,0.42677367576892933,0.4861238206206268,0.6623523847307483,0.6005557432781341,0.6867160509444237,0.5844135432829263,0.18012773995737974,0.5263494088831888,0.522434862284807,0.26919702940552886,0.7580688455913938,0.6446958492898298,0.0,-0.006873781213782415,0.5377628665459698,0.5821051577923778,0.5643010553746428,0.379561326240655,0.6733545539141332,0.0,0.6786466988523847,0.5860885049027075,0.0,0.2789212530938764,0.6695275116897332,0.6344679148088288,0.5361042243372588,0.0,0.49178210087348884,0.4123993745721466,0.774672114927494,0.33425955109347294,0.155763154873364,0.587179430269887,0.4829293393542934,0.3996922201885298,0.5645572296190575,0.5311220967940904,0.43542013276283753,0.6225515100485641
0.44883661368084826,0.5234872687002057,0.41079927654371734,1.1223339859533574,-0.0022235142279634634,0.25850977193186264,0.2479846131990423,0.2996126361444815,0.22381316299847978,0.31249973652394714,0.16327404128607004,0.4832451026167158,0.36523241635718284,0.3561164604067384,0.5763465338597535,0.49584873159512965,0.5292323490177426,0.5459827348490629,0.20986956437840212,0.4274496270033775,0.5013262684222115,0.35562355298425385,0.36005735849030646,0.582647965548243,0.6398034702673776,0.6546482361201651,0.0,0.4293456206668195,0.20914415256650057,0.4896085344952457,0.5345922147707818,0.38706102960790995,0.5572824144822495,0.46519438023860493,0.5561771434505242,0.15096693084475737,0.4432299468960032,0.3479850654987007,0.4734500969692108,0.34902690252442503,0.5427441324486406,0.4403338269282394,0.5200634730144128,0.5164209105991207,0.4131827989152299,0.4026406197789464,0.5100191792290822,0.5064477354599926,0.46737219865484286,0.5766780720668718,0.5660245475367881,0.5571524964851807,0.4737447478548342,0.5652442041663424,0.6820924574678164,0.37686529129401314,0.3285396663481004,0.5439499232353924,0.3874124101968982,0.35851141586325674,0.5332191217186231,0.0,0.43552876408901964,0.5469492985073605,0.4922542719062717,0.4257306341942644,0.4691969258012602,0.5138566927514852,0.0,0.5319470144551798,0.36489885618825596,0.5620096831286652,0.4572013919155484,0.45320172899065103,0.3487792845741422,0.5108485532344771
0.5734559811676858,0.37737448726476375,0.3985218323989146,0.4755294896793543,0.35783488953529063,0.425047434995562,0.34420323398834696,0.4254548288179997,0.35645169576785574,0.31997202232802224,0.2589453002263762,-0.12052283277873549,0.4697925196160338,0.5532240005988371,0.4845577915506088,0.42468141426990486,0.45163648101712695,0.3729253163948314,0.38131031881733246,0.3164899941039895,0.39154528658689924,0.22697958754892045,0.3922165980131154,0.472901274937885,0.4335761851223306,0.5132386196779553,0.4293456206668195,0.0,0.46103911667071157,0.4314126706508399,0.3677605194919167,0.48345374207311764,0.008273477078075242,0.21791544556538509,0.5456492633446268,0.4096682500497043,0.25103553589591704,-0.0553419395200101,0.6685162706295048,0.3046704641677569,0.7168467959019567,0.8480208704239272,0.4941868081080736,0.45580821716996467,0.5721875425353965,0.6195252715648727,0.5996962194286525,0.8172316001571494,0.0,0.6516130791165551,0.4624586196940089,0.5171563914127933,0.4670959830234318,0.5919819550868166,0.5615615138945633,0.46016510040257863,0.4153118550284629,0.5100839406571679,0.3156331466397686,0.2599176512678326,0.4648314649912304,0.17250990880233247,0.5647385870853705,0.6669431119870322,0.4940337482840169,0.29912876785766584,0.39856980730031644,0.4649724581817112,0.4905741273602201,0.5612896172727505,0.37070649595686117,0.4388565263627083,0.4739189546731797,0.4321729302642453,0.4994542754869629,0.483949997279325
0.5539499564105603,0.3568658161079763,0.5447861006589055,0.3768677954343628,0.4004734808634972,0.2690265950766223,0.364930681719564,0.38908033170776934,0.2957260802741525,0.35177930185532175,0.3754182353449918,0.6095357288079071,0.47907522754229326,0.3598046369926745,0.48343058860333604,0.37145426579084573,0.2872252246231324,0.34569418403602825,0.5611078902817436,0.4458724289076083,0.44560528135742494,0.3202705143275229,0.5133914936738976,1.0072541084251596,0.40099075454727595,0.5700688466480406,0.20914415256650057,0.46103911667071157,0.0,0.25837678090763294,0.40890046698026433,0.25726922470276237,0.3414865888794203,0.3107940544973644,0.3079838762337278,0.3171668379922694,0.22038455608782212,0.5076091008247637,0.47345572318646556,0.37281379855099855,0.49181598458848386,0.46396045766758187,0.3631147970730548,0.5167433708298862,0.5992024823944122,0.4087057649096897,0.37517318752903983,0.43332910965513854,0.4633534488457184,0.4166060791118591,0.44269486619241116,0.5078655289241508,0.4412124072391115,0.4796596753442293,0.6031078788744287,0.42042523256772485,0.5398731124971168,0.45251617789568604,0.7711040058890575,0.3968569086168295,0.5221100886482524,0.4691879611232385,0.4803069973228141,0.48498762566472414,0.4732003880357467,0.3308939765221319,0.47202989150309765,0.44452772665570317,0.4798484653581534,0.5373312618666591,0.5727343440127253,0.4292084831760401,0.4231524741458162,0.5051481558260058,0.3467992331542934,0.4400560230597153
