0.0,-0.03163537448084924,-0.0016019359420925139,0.0,0.0005101106526259613,-0.0458723015767572,-0.001944113994107266,-0.03287290527574499,0.0003117678047944161,0.027360998220291533,0.0007333718808811285,0.025737392920350377,0.00025789811455551037,-0.0019196493912456147,-0.031009651556300755,-0.017221095920024354,-0.0013087869925191842,0.027730866791929376,0.0,-0.04088885872473258,-0.022462921432994887,-0.03689468626379305,-0.01763785466162271,0.01906705946588161,-0.005122054420375444,-0.009522449719204129,-0.047910297565930016,-0.003370590804298801,-0.001978432846509559,0.002302915972029196,-0.019897107032095185,-0.026661985718511916,-0.030557531870298582,-0.032029651892032884,-0.00620329812829995,0.00021887134625875326,0.0003218748671006688,-0.005277436371005029,-0.02673742157709791,-0.02019791303545937,-0.019725114252861442,-0.012084941825536433,-1.5049877954254054e-05,0.0,-0.0011834070483275339,-0.018060354101024967,-0.03602760185138437,0.0,0.0,0.0,-0.03471257549558249,1.1102230246251565e-16,-0.0022968706107755477,0.0,0.07228903020089811,0.0,-0.0018050408317740185,-0.0003060764939987748,0.0,-0.04035670182626333,-0.029172860051345784,-0.002310228074233589,-0.008419172881443504,0.0,-0.026196311630116154,-0.032749928249442006,-0.02591255561694078,-0.05876114299383073,0.02336671774309612,-0.02670919054100812,-0.016465975299246316,-0.028047333619566128,-0.00021070596186734125,0.003344727029436001,0.0,-0.023234312845226424
-0.03163537448084924,0.0,-0.008686728868646854,-0.00013276806503942362,-0.00807677029836329,-0.01657116743288578,-0.01157506343702458,-0.040518859337922764,-0.01573725253697572,-0.0023726446923936773,-0.00034405947004834125,-0.0019938353023948308,-0.008775547929409211,-0.00010736747655626377,-0.0290597264474578,-0.03335820329844896,-0.0018680606163192226,0.007202275559271054,0.00124010408142744,-0.0018009303396205323,-0.03733194696193087,-0.0025315509572919614,-0.0382479209532412,0.03425883839587612,0.004833535294988589,0.008335915950323458,-0.025984517677418995,0.008055041887714054,-0.013286247927096206,0.03914530305699654,0.00043269827870340283,-0.005723692530274493,0.0024996143605158228,-0.0015559984945626715,0.007965669280642962,0.020668996987518562,-0.0002414179111518422,0.0,-0.033633903679516575,-0.029395332502018756,-0.04133605158350562,-0.029113369461093663,0.0009807740392421826,0.0,2.220446049250313e-16,-0.04067327251997954,-0.031718770941994046,-2.688860196342624e-05,0.0,0.0,-0.02303313297843096,0.001684596347032996,0.0009070884560787862,6.944926191104761e-05,0.0002932649612804594,0.0,-0.0007417461581175622,0.0035054416644559883,0.0,-0.015917479099213483,-0.03052655698931056,0.0017179829829411797,-0.014448819777130695,0.0,-0.028897676863697375,-0.0446680348261701,-0.021126084466325024,-0.02682382079826423,-0.015344882506893975,-0.02772203974824522,-0.03133352624129526,-0.023105506236106133,0.00019981943067604035,-0.016926209703283845,-1.1102230246251565e-16,-0.04015564280396794
-0.0016019359420925139,-0.008686728868646854,0.0,-0.0037381399118888714,0.014209602143566091,-0.0004147956811102471,0.014484939732569979,0.06979289326957105,-0.0020978977424860323,-0.005835107796590189,0.008446091755850482,-0.0021909745899299504,0.005276415577432081,0.06548694859125404,-0.0013019170881853337,-7.845035987880111e-05,0.00014546299304635246,-0.002165149390932486,0.03235485384545539,-0.001052271756242007,-0.011345843648881748,-0.04044987746494688,0.034753496183885235,-0.0017050591976761065,-0.004242753129165444,-0.004572187161149988,0.02627598500882139,-0.00727984158878997,-0.026002440091362822,-0.055815895193440435,-0.0034646897423090683,-0.009093960632873821,-0.0009646859808064012,-0.002736580871678662,-0.0030297651956754934,0.03521227613192934,0.004306895119213117,-0.001961406281413558,0.011014970796267454,3.082280630173351e-07,0.05050882448275873,0.0017131138835814186,-0.05307568613690611,0.002080958698184532,0.0,0.0,-0.00035151053764376217,0.12954220619869694,-3.3802428163198783e-06,-0.00956990623876186,0.005214907525561974,0.014595025088585567,0.021463287027108646,0.04984372495963785,0.0006487276440108047,0.038056929878860446,-0.0012701225103235458,0.016969756439739525,-0.04681049164219281,-0.00028436881231291844,0.0,0.0,0.0,0.06768145859562119,-9.802274273906786e-05,-0.00020840736268168403,-0.0005016569985344388,0.006020363355101477,0.0,0.00015546616368322663,-0.0012979234208013724,0.022174817551865234,-0.003150638783622539,-3.189039389800419e-05,0.001072860896815353,0.049185641951531744
0.0,-0.00013276806503942362,-0.0037381399118888714,0.0,-0.07932617352115781,-0.008807327498206174,0.007903296442587804,-0.17033921419103257,0.009009830270458152,-0.02515279722795935,-0.04205905601239812,-0.0056460543376331,0.003095928700858064,-0.08628773493192446,-0.0009036004457462221,-0.0002486435516546037,0.0004109650480785265,-1.5392574598760422e-05,0.001990057745544005,-0.04663539257606136,3.9511978088102584e-05,-0.0023386187655266566,-0.03034722078471297,-0.0012522032305466446,0.0006234952818385264,0.0014959407501813904,-0.013203235465969798,-0.017996452207209523,-0.013270629665197653,0.0005373202108547304,-0.05322001318917308,-0.023204427227641378,-0.08748208029144594,-0.04047289601902149,0.006436558671641224,-0.04374615230127271,-0.016727480400904132,-0.042061302936157396,-0.005876361581835743,2.8523698901050665e-05,-0.00012818961829480502,-0.0016363963336538112,-0.0013526248237160643,-0.0012429121894579342,0.0,0.0,0.0,-0.0005076411032757244,0.0,0.0,0.0002210032570121867,2.220446049250313e-16,3.5227956639738434e-05,-0.0005428516801818661,5.551115123125783e-17,-0.0009342738179165533,-0.0005830488665695688,-0.0002626516256932221,0.0,0.0,0.0,0.0,0.0,0.0,0.0,0.0,3.1060462359733254e-05,0.0002452883122465721,0.0,0.0,0.0,0.0011569224498419461,0.0014723404052404687,-0.00013146809979242002,0.0,0.0
0.0005101106526259613,-0.00807677029836329,0.014209602143566091,-0.07932617352115781,0.0,0.021038904006776327,0.06769544230016866,-0.08700094485842452,0.014993702189764646,0.015021274357894632,0.031071405700469124,0.002962588690706258,0.04409755404210236,-0.1043562765109245,-0.00043464428762907126,0.015396651589984378,0.005769476304437027,0.044028544282331716,0.0441972754755961,0.001371823142756412,-0.0014752642870273225,-0.007775402104201412,0.01698327946198941,-0.00201791674201951,0.04190677152604083,-0.006374611991619927,0.019534866813625706,-0.0007998842643049398,0.013157851086093852,-0.049717911181193175,-0.006119308633253662,-0.03092090970312472,0.001245083989902085,-0.03263121599324559,-0.026983045822298435,-0.05080433807306367,-0.06428404467233728,-0.05636729914044275,0.00816560356033147,0.0008080656632069028,0.0034246384683198627,0.0008302460003926648,-0.003747713465848179,0.0016786570464076833,-0.0002518849017070779,1.1102230246251565e-16,-0.00012390468097001062,-0.028452892617833125,0.0,0.0038278233977660503,-0.01788586819071758,-8.414824914715346e-05,0.0010925277275637968,-0.02392136680202095,5.551115123125783e-17,-0.11004847101113951,0.0002848888488820589,0.003083952891258235,-0.004291041467560541,-0.0003226428756317179,-2.3798518655082646e-05,0.0,-5.551115123125783e-17,0.002313997128919998,0.00011930786922437209,0.00014892471556776643,-0.0006117445072915118,-0.03139831060241233,0.0,9.882163849617154e-06,0.0007183929281500689,-0.011489760040763963,0.002591267356846949,-5.8456724715383324e-05,1.1102230246251565e-16,-0.0001403752074380371
-0.0458723015767572,-0.01657116743288578,-0.0004147956811102471,-0.008807327498206174,0.021038904006776327,0.0,0.006184569923283034,-0.019334480301600343,-0.017251149647759312,0.004485704598112594,0.0188338264602666,-0.00014122306270930585,-0.0016839512257534328,0.015325443534168537,-0.023788517320855185,-0.01438269107133927,-0.000809306856130565,-0.007709000444032332,-0.006638116802764493,-0.0011476860980520476,-0.024389149468420468,-0.013826992184623854,-0.0017246443729503902,-0.0010834462222482633,-0.007288614299142182,-0.013722070609493597,-0.0251811550326545,0.013533377376881983,-0.00463173796471783,-0.0416922609116156,0.005597093315080126,-0.010902089504020718,-0.02820965981174184,0.00044136443539039005,-0.01393928594445304,0.007433726562762422,0.008041973333220653,-0.0067986554151711065,-0.02935402971518325,0.018319873973629774,-0.01590596382362547,0.008901794606681779,0.018729849223259987,0.0005108260574088752,-0.0018945989047598477,-0.028987236190605448,-0.0004882464211736215,-0.0243919306038618,-0.0004950877726942471,-0.004621434355411291,-0.02900854291004712,-0.010213543462804564,-0.054769174087032635,0.01591578771494717,0.003424807109983774,-0.06795489584345149,-0.0019101992759849584,-0.02224593197844882,-0.003376084978432836,-0.04258537442459709,0.0012322667492332129,0.0,-0.0005554026322441841,0.05819286192922468,-0.03668053651507275,-0.03224651952739538,-0.029959781231473304,-0.041055300140952655,8.147642220585061e-05,-0.0019772450566302724,-0.0229118271066579,-0.01996731283897807,-0.022761866335702485,-0.02144021280114744,-0.013711995014685951,-0.028213302031662058
-0.001944113994107266,-0.01157506343702458,0.014484939732569979,0.007903296442587804,0.06769544230016866,0.006184569923283034,0.0,-0.015220585338638126,0.005919544180997438,0.028062051811991173,0.03627982235869881,-0.004841625166556618,0.02934915661989601,0.034474641167618614,-0.0010154579930587437,0.00289429365708882,0.022653175957618732,0.059140730627077476,0.03115135159657173,-0.006570897930755937,-1.0530478444570335e-05,-0.014527882472704368,-0.0026240330094991493,0.0008928951598468071,0.019632784208252985,-0.0054729641154996345,0.007911530242738773,0.03427315244586904,0.0073931619589999165,-0.02021224348332845,0.010330210440353038,0.01995113000707438,0.01647203476631054,0.01246731454412775,0.03692135594712864,0.06850309294836077,0.07610792229950741,0.004675537025275511,0.007821120431158624,-0.0009185758035626934,0.013716670752030313,0.00244495287311991,0.0028584591836485207,0.004757047312430596,-0.0011539423429701712,0.0,0.002220253626172619,-0.004185209790935507,0.0,0.0013919668772486293,-0.013040231662947821,0.0021705555445435953,-0.05143411189530339,-0.03668491659415701,0.0002931081575781036,0.00034766251896001243,0.0005582127127135572,-0.0006400965034305539,-0.0005862887403128014,-0.0007575218971421771,0.0008722979267923869,0.0,4.049420530244374e-05,-0.0019295879821514816,0.001036638046319982,0.0008907754877718888,0.001117329469616346,-0.0298036794436205,4.748573461432759e-05,0.0008154320997527109,8.232472963082271e-05,-0.007409767705244263,0.0009370864764249864,0.0025255038288279352,0.0007391572306086891,-0.00013890426732698913
-0.03287290527574499,-0.040518859337922764,0.06979289326957105,-0.17033921419103257,-0.08700094485842452,-0.019334480301600343,-0.015220585338638126,0.0,0.0392823084221231,-0.004698342877154538,0.05448326299880124,0.0009883296236342098,-0.020342561825008543,-0.030614093030403522,-0.0018633976365176608,-0.03867924523349847,-0.00044627965062465913,-0.0009591103469777096,0.13793833169440733,-0.03189145077951827,-0.033213171385785834,-0.031248894435819352,-0.031095441190681417,-0.02746203098231198,-0.038195921912045905,-0.02173556506063412,0.009557962281357246,-0.025640887996404238,-0.031608518886924175,-0.07254380302525781,-0.018418628484928312,-0.025986857368083593,-0.026437505130638028,-0.021444592859806044,-0.04302686617693091,-0.023403399661268365,-0.02112356561059564,-0.0006564054686746257,-0.026672831272593567,-0.008268197416279821,-0.022648843768291405,-0.004796429411527359,-0.093231225496969,-0.0014682432356153408,0.0,-0.0003727316551925264,0.0320362097028305,-0.008958151852292873,0.0,-0.23109322206273103,0.006872532500465989,-0.15609645183411602,-0.07986917144483396,0.021933746131439946,0.0005842357025333533,-0.10990112311661793,9.525729447779074e-05,-0.004268152610688525,-0.1396096976321743,-0.04467878654411056,-0.00035278555234685705,0.0,-0.00018424176004566695,-0.04868115405606549,-0.0629523177810209,-0.07869958166385649,-0.015953684062701534,-0.06532863192995497,-5.551115123125783e-17,-7.093270046937272e-05,-0.022220818707386514,0.003158914682449443,-0.02803496424831886,-0.003448271708210382,0.001313927149402816,0.010147531215255245
0.0003117678047944161,-0.01573725253697572,-0.0020978977424860323,0.009009830270458152,0.014993702189764646,-0.017251149647759312,0.005919544180997438,0.0392823084221231,0.0,0.033668513001972156,0.009533517854846296,-0.0015646895467857358,0.020559231942246126,0.06429757729092955,0.0009064447533254638,-0.0026690593140092367,-0.0023681556026331485,-0.0004728526121537957,0.0009551618923465122,-0.014419830863590444,-0.0013749858637568946,-0.019109694925798726,0.017543641014955924,-0.004355823667261505,-0.0015822796129242866,-0.0014672944664136933,-0.013431230722296905,0.013961581934464673,-0.016676341100303915,-0.01942776372111149,0.005950230077872154,0.008702705471272942,-0.0017668139974011954,0.007189427921824754,-0.004184619398372169,0.019939667523229343,0.005199349330107295,-0.0044969025688200714,0.0348518629443727,0.0007016801257046512,0.005083369049069197,-0.002096173544839597,-0.0024850703564820997,-0.0033557201263618164,-0.001956310387385529,-5.551115123125783e-17,0.0011476384615450308,0.01821920737541105,1.6238844985361212e-06,-0.00041409068601694354,0.00326498789893781,0.0011374940707781223,-0.0032009775899509707,0.026522159793744504,-0.0011531701987123055,-0.02823829568728048,-0.0011269781148826596,0.035992109253978666,0.0574120575657604,-0.0003697019644384736,0.00026038849405229936,0.0,0.0,0.025519153662307614,0.00036769853445589584,0.0014596465982556484,0.0006050901037777945,-0.011153519799129263,-8.669781065706594e-05,1.8798227273630896e-05,-0.0019735861722849912,0.019139193310980795,-0.0017114149723811423,-0.002627786711578428,0.00014427257140026128,0.001865071051124767
0.027360998220291533,-0.0023726446923936773,-0.005835107796590189,-0.02515279722795935,0.015021274357894632,0.004485704598112594,0.028062051811991173,-0.004698342877154538,0.033668513001972156,0.0,0.003124655143772026,0.021507850784280413,0.048767653876132855,0.011931437802618239,-0.0018672447508663037,0.02360448044620017,0.0430499378475932,0.027709518512434916,0.012788549287416184,-0.004681563005697664,-0.0012314740879189046,-0.005039167187893545,-0.004636308258286648,0.04572048892931896,0.04594994506795058,0.04607151152471678,0.0029903184202875743,0.021344866083584657,0.04094943470200635,-0.00021819872900336046,0.039231679814005826,-0.062461126771893305,0.04572063200823778,-0.00799968697284048,-0.011921033436761319,0.06215228459107469,0.008236293494992053,-0.02308209009209472,-0.028722382512467615,-0.0054396995782852176,-0.03498786456660363,-0.04884230230572567,-0.006985635281713365,-0.000507711714512693,0.01935735960875029,0.03173130900709514,-0.00045261584334677085,-0.00044063366456814634,9.220641141061137e-06,0.0003331403298080793,0.001505434100137204,-0.0002320246950551219,2.781652489891595e-05,-0.002021966489640148,0.02761672139825211,0.0006883045210326344,0.04160920822760167,0.00013445987616672594,0.0,0.0009152524484574709,-0.018844352107994233,0.02263601377049229,-0.013156408619096172,-3.0308730619155178e-06,4.92440284507456e-05,0.000454048897786663,-0.00195558031778692,-0.0011228553275587916,-0.003624952044463503,0.02769761140848548,0.028454381964524267,0.0009717139910237482,0.0022042776341255066,-0.001191418382575471,-5.551115123125783e-17,0.026942825746702537
0.0007333718808811285,-0.00034405947004834125,0.008446091755850482,-0.04205905601239812,0.031071405700469124,0.0188338264602666,0.03627982235869881,0.05448326299880124,0.009533517854846296,0.003124655143772026,0.0,-0.002122811641868172,0.014187430274652468,0.042718452260098516,0.0,0.00012533519491686462,0.0034913540094469453,-4.290029455672473e-05,0.07436415253707879,-5.205970446253705e-05,-0.00012979695642378886,0.00027649265773205256,0.058419247314966116,-0.004234052858269999,0.009191159931282,-0.0013774394165483872,0.01854441405076168,0.0026767449595337944,-0.002659874315041777,0.00039624752707878574,-0.007847725651284443,-0.048463804379008435,-0.09826608258139624,-0.026827166364221056,-0.019970259430348858,-0.049344432277665606,6.884533561324346e-05,-0.042189821603967836,0.000543800569983599,0.00038500820979919803,-0.0009178031861700187,-0.0003615748590786172,-0.001425205015710973,-0.000374149140456026,-0.0005835849058096754,0.0,1.1102230246251565e-16,0.04751363955996174,3.1444542314407187e-07,-0.06669532686712432,-0.056767181944331446,-0.0886984221282901,-0.04331535686526672,0.03331676189998167,-0.00014805232456571726,0.06459828848970234,-0.0003456372603641844,-0.07288837481127641,-0.010732057445603072,5.551115123125783e-17,0.0,0.0,0.0,0.1375441578918809,-0.0005652572215257279,0.0,-5.95594523334908e-05,-0.05283796966397325,5.551115123125783e-17,0.0,4.5925714162120546e-05,-0.010991317932147249,-0.004307627770408828,-0.0013775956803270817,0.0,-0.0005601181289228152
0.025737392920350377,-0.0019938353023948308,-0.0021909745899299504,-0.0056460543376331,0.002962588690706258,-0.00014122306270930585,-0.004841625166556618,0.0009883296236342098,-0.0015646895467857358,0.021507850784280413,-0.002122811641868172,0.0,0.04629418780789296,0.003476426865866744,-0.00035374922459990854,0.0003059306628286351,0.02986711747596149,0.03912580616269701,-0.0031050495143131185,0.0028484638484005953,0.004943464667079345,0.0007729443939998304,-0.0018959791369579926,0.027800215395495598,0.03439438620601187,0.016769061959964138,-0.0017386760088433095,-0.010558563083173211,0.003469489800923542,-0.0011571292746980766,0.044102675950957515,-0.06057364077764846,0.00469074584242285,-0.008637000742975354,-0.032783904753666215,-0.03824944885256881,-0.04360950430121291,-0.022994509867848262,0.014064259594470052,-0.035075134088532633,-0.004058977170838196,-0.012253150586170158,-0.0015250056599379613,0.0013026001847558644,0.017131967545055915,-0.002881218375552108,0.001444551915316894,-0.0004092508144977747,-0.0007093001610480876,0.00014721800420819386,-0.0007862040538583748,0.0009139921705388909,-0.000494037945923731,-4.640377418163588e-05,0.04363743539555148,-0.0008684067120234285,0.05337151993229872,0.0007559985792128243,0.00023918279104467866,0.00010220509255559618,0.0014994861104616342,0.035899185296216385,0.006407776636053963,-0.0005333981078409766,0.00036676301116211896,0.001551105148869969,-0.00045439173738015537,0.002565886598853928,0.009192748539356477,0.03720099685634598,0.04576699551336155,-9.951287234394313e-05,0.007413190628737798,0.00048698893701798474,0.0,0.04912841575642235
0.00025789811455551037,-0.008775547929409211,0.005276415577432081,0.003095928700858064,0.04409755404210236,-0.0016839512257534328,0.02934915661989601,-0.020342561825008543,0.020559231942246126,0.048767653876132855,0.014187430274652468,0.04629418780789296,0.0,0.016719213999031146,-0.010644665768567263,0.0030216991154436434,0.03486004370838147,0.02364102662750034,0.028317244040786227,-0.005229201759008706,-0.004174178253468774,-0.011042362614610612,-0.006850682046184886,0.04485705786164601,0.027566449040099084,0.010860085650751028,0.004788572579390804,0.005472481820687769,0.019287113658702226,-0.031546492861710795,0.006394930486888273,0.017985104603189583,0.02596379425151102,0.005362388997790624,0.006407902613775884,0.03640016062386264,0.008353862823928304,0.012388854216163592,0.014589365013728872,0.0036232037158946406,0.0059316744454916415,-0.003952744262315011,0.0020030769949879734,-0.00412818205417792,-0.002316129914689269,0.0006758579044034985,0.0028536390866735206,-0.004727380065826958,0.0,0.000627519065133697,-0.012327263998924864,-0.0007880362404031338,-0.03557458888170112,-0.001969928671660237,0.000689155294314181,-0.003258948277760465,0.000581187264806271,0.0025940991732100183,0.0003523604551012305,-0.0029872871490492225,0.0012015727525633846,-0.00025857003499835107,0.0016953197954502341,-0.0027863868773220224,-0.002613719102549761,0.0006389910285165001,0.0009175349938148059,-0.023238369436713202,-0.0005602087407394207,5.0013978946605864e-05,0.0022542323272906617,-0.008547811559283414,-0.0010851105808157846,-0.019541216965221875,0.0003859961666177192,0.0022870563513245346
-0.0019196493912456147,-0.00010736747655626377,0.06548694859125404,-0.08628773493192446,-0.1043562765109245,0.015325443534168537,0.034474641167618614,-0.030614093030403522,0.06429757729092955,0.011931437802618239,0.042718452260098516,0.003476426865866744,0.016719213999031146,0.0,-0.0004404480470007188,-0.00036678808279855257,-4.22523353325599e-05,0.00010383624996163077,0.09981793985353898,-0.0005683872382651334,-0.006026843525984427,-0.0005726976704968911,0.014946114501823815,0.0028842820805922154,-0.0003183494849492985,-0.0023118476708622326,0.01269340409122216,-0.10006101502275672,-0.00031960846652934194,-1.3011493627479442e-05,-0.02471554896191036,-0.08061900355540574,-0.004090104888493651,-0.0023460768321379444,-0.12861832997418562,-0.03369362176329885,-0.01573698603071433,0.0002049806879179661,0.0057144447129520715,0.0,0.0005731857359894121,0.0009310284798496604,-0.0013885265304094396,-9.05130759842887e-07,0.0,0.0,0.0,-0.007786811412860195,0.0,-0.004419331278249006,-0.0013378875766506537,-0.0022943698761085374,0.0005372379788044501,-0.004579522410820269,0.0,-0.005839818980251821,-0.0001818371289537546,0.0015791121798404695,-0.0033738080977719354,1.1102230246251565e-16,0.0,0.0,0.0,-0.006499112959339859,0.0,-1.1102230246251565e-16,0.0,-0.0009812526252720444,0.0,0.0,5.551115123125783e-17,-0.0029018495162549396,0.0004311723080306362,1.1102230246251565e-16,0.0,5.551115123125783e-17
-0.031009651556300755,-0.0290597264474578,-0.0013019170881853337,-0.0009036004457462221,-0.00043464428762907126,-0.023788517320855185,-0.0010154579930587437,-0.0018633976365176608,0.0009064447533254638,-0.0018672447508663037,0.0,-0.00035374922459990854,-0.010644665768567263,-0.0004404480470007188,0.0,-0.02420835165020513,-0.002471620754629422,-0.003391641855863048,-1.1102230246251565e-16,0.018385509233449726,-0.06089153093953542,-0.03439651957825013,-0.01829837004986834,-0.006672734909517641,-0.01598831748157964,-0.04120866097331333,-0.03989275842790879,-0.01970739644658548,-0.017598719818372743,-0.003020162396688786,-0.03769289059961212,-0.045316973348030476,-0.03975105096872106,-0.04186519303610714,-0.04444629412585155,-0.039047725250835386,-0.0022942920835527514,7.908771889764132e-05,-0.03734077076944192,-0.01472035394095006,-0.03967552262248536,-0.030621614077375126,0.0048523066739830645,0.0002284030253070779,0.0,-0.08572854357559756,-0.04567796256485107,0.00022207617242825384,0.0,0.0,-0.04586240310334905,0.002203013312525093,-0.0756652901111658,0.0005464008316753421,-5.551115123125783e-17,0.0,0.000830946972007196,0.0009290987944429174,-5.15456468053177e-06,-0.02552770788822062,-0.028914368640780452,0.00040535442658795606,0.0017867713197697865,0.0,-0.03343557883306564,-0.07375536166514363,-0.022154323747414162,-0.039533406715379416,-9.415053761469006e-05,0.005211964435791805,-0.04209989006068893,-0.04363054108761999,-0.0575947192007632,-0.038364817466599255,-0.0012809265494003186,-0.03652103957038988
-0.017221095920024354,-0.03335820329844896,-7.845035987880111e-05,-0.0002486435516546037,0.015396651589984378,-0.01438269107133927,0.00289429365708882,-0.03867924523349847,-0.0026690593140092367,0.02360448044620017,0.00012533519491686462,0.0003059306628286351,0.0030216991154436434,-0.00036678808279855257,-0.02420835165020513,0.0,0.035837064367601645,0.05135727394062972,-0.00014597074878591743,0.016364214116055487,-0.025542116957554095,-0.010690247029994937,-0.004352649270598974,0.024272448141614777,0.021241881160353415,-0.0003652007851956407,8.153188313930748e-05,-0.0018373044935205418,-0.0022529023628358735,0.0004887586242869335,0.004426425867127659,-0.0015400879206793894,0.021061461948792715,-0.015429411243663427,0.02594975848701153,0.001683695843673061,-0.0001743518191200666,0.0018591228101287327,-0.020560151682391004,-0.015985113947588725,-0.020946963081558634,-0.020419118906543687,6.7211590583649006e-06,0.0,0.0,-0.019520906123270232,-0.03437539201983414,0.0,0.0,0.0,1.348311730525742e-05,0.0005672997202161856,0.00018312706286405245,0.0,-0.0015240670187008365,0.0,-0.0013916754621809413,0.0009275356682570401,0.0,-0.01822147175016242,-0.025226461140442802,0.0006854948408558936,-0.0033917207104131597,0.0,-0.021306828655363652,-0.00017343206348119367,-0.019747602849655876,0.007762264869689561,0.04893981004678877,-0.025762581062700907,-0.02456256485749647,0.005911243775220287,0.0024431535883470135,-0.005056401585260495,-1.1102230246251565e-16,-0.01483203501353042
-0.0013087869925191842,-0.0018680606163192226,0.00014546299304635246,0.0004109650480785265,0.005769476304437027,-0.000809306856130565,0.022653175957618732,-0.00044627965062465913,-0.0023681556026331485,0.0430499378475932,0.0034913540094469453,0.02986711747596149,0.03486004370838147,-4.22523353325599e-05,-0.002471620754629422,0.035837064367601645,0.0,0.014525861619437752,0.000738446991500219,-0.0029873419047901084,0.00017836209309285422,-0.005141969823903636,-8.20783719779894e-05,0.04280657967500634,0.05039439723779332,0.03559762421260754,-0.0006739201999929056,0.01699062132425433,-0.0033794028550490074,-0.001977160981956161,0.042582005421059554,0.024884215754087613,0.0605623218051779,0.03755020993550928,0.026597775515801114,0.024850059670335434,-0.0003578312705587172,0.043931011045947266,0.0007367462747412401,-0.00028237080415266513,0.002391247033808108,0.00039371179820529845,-5.551115123125783e-17,0.0,0.0006196846173450177,-0.0013588626057237652,-8.155809135496073e-05,0.0,0.0,0.0,0.0,0.0,0.0,0.0,0.03658337093289493,0.0,0.06852772543981833,-0.001155063521098787,0.0,0.00010076246294593583,-0.0004734366255916833,0.0029862718424317203,-0.008508096900436413,0.0,1.1102230246251565e-16,0.0,0.0004109267481143819,0.0,-0.021714438411167547,0.009653216609913917,0.018403531954093444,0.0,-0.0011868760891156627,4.050552491263737e-05,0.0,0.0002794672604140569
0.027730866791929376,0.007202275559271054,-0.002165149390932486,-1.5392574598760422e-05,0.044028544282331716,-0.007709000444032332,0.059140730627077476,-0.0009591103469777096,-0.0004728526121537957,0.027709518512434916,-4.290029455672473e-05,0.03912580616269701,0.02364102662750034,0.00010383624996163077,-0.003391641855863048,0.05135727394062972,0.014525861619437752,0.0,-0.0017109580523947399,0.03089261513224223,0.008082685863721517,0.030129519188144605,0.005596654712495819,0.02952636352563187,0.040132189764082726,0.03339668936274659,0.016456829291066566,0.012573518170377551,0.028277006545337047,-0.003325134662072682,0.0431864108836742,0.02738769669135388,0.049184882592097745,0.04310056675806262,0.016070831046442413,0.03908090133715891,-0.0002850128844937294,0.03737810065463182,0.027453230684213514,0.025254630784236676,0.003993876493850079,0.04259929100263837,0.0,0.0,0.001140243273596131,0.030175103468534692,-0.02252555541604706,0.0,0.0,0.0,-0.0009980756979864336,0.00021702099616344173,7.089641498175814e-05,0.0,0.0238852628647504,0.0,0.044693867451618075,4.455138612080578e-06,0.0,0.0006499986687191206,-0.012445109937664844,0.009820460655292629,-0.0023037088802367878,0.0,-0.0008450609402775311,0.0006872416237874712,0.009391536523290223,0.0012284919191307142,0.07941482088660046,-0.0004295183728806884,0.015788188601559172,-0.0005665491494965536,0.0009391476847057656,-0.003014191450674053,0.0,0.012022743226588362
0.0,0.00124010408142744,0.03235485384545539,0.001990057745544005,0.0441972754755961,-0.006638116802764493,0.03115135159657173,0.13793833169440733,0.0009551618923465122,0.012788549287416184,0.07436415253707879,-0.0031050495143131185,0.028317244040786227,0.09981793985353898,-1.1102230246251565e-16,-0.00014597074878591743,0.000738446991500219,-0.0017109580523947399,0.0,0.0003744777845482439,-0.00035366854268109593,0.0013361635503491565,0.1974834990748976,-0.0002638332362038809,-0.0014460991081469698,-0.0007324512647129411,0.04266891886818741,0.022006530445449812,-0.0007541191617130849,0.0004042189446972766,0.019479482825667138,0.03579142456249673,-0.0001490565757211182,0.008489953756497803,0.008897964357893029,0.04883937336721361,0.010436574732035742,-0.006384706479849178,0.0431713138571862,-6.774977300993967e-05,0.07223504230956901,-0.0020520061063064032,0.008030061542851796,-0.0016020827813792438,-0.00016251938485861706,0.0,0.0,0.10467147786245545,-5.551115123125783e-17,0.010252951390196774,0.02816254733962975,0.012701083294010762,0.06938097220562489,0.05144195364709747,2.1361507365535992e-05,0.026141125527519182,0.0006329306602849138,0.04080767337053681,-0.04965557082204669,2.220446049250313e-16,0.0,0.0,0.0,0.07772835588070759,3.486740874630856e-05,0.0,0.00010944502183829474,0.04052955291378779,0.0,0.0,-5.551115123125783e-17,0.05216984702285421,0.042739239736303,0.04253525852802986,0.0001202074228671135,0.036047845228914355
-0.04088885872473258,-0.0018009303396205323,-0.001052271756242007,-0.04663539257606136,0.001371823142756412,-0.0011476860980520476,-0.006570897930755937,-0.03189145077951827,-0.014419830863590444,-0.004681563005697664,-5.205970446253705e-05,0.0028484638484005953,-0.005229201759008706,-0.0005683872382651334,0.018385509233449726,0.016364214116055487,-0.0029873419047901084,0.03089261513224223,0.0003744777845482439,0.0,-0.035295377634163794,0.002836014920258978,0.07421884511094484,0.0027731543576209328,0.00780649666385963,-0.004903908700911175,0.01125575004390783,-0.020324750524340962,0.010410811794158759,-0.05144538343498456,0.013529448328611582,-0.0256574795872605,-0.011240708356953844,0.0025673417362732653,-0.012475898179432565,-0.023957105343617724,-0.01951103988108649,-0.013100393443920388,-0.021316635435774334,-0.03761081391232973,-0.036127576049389876,-0.03388685666036462,0.0031500657649739527,-0.0009854972799640538,-0.0004696407429475302,-0.028458948942890805,-0.02478034393420625,-0.00025433468899138667,0.0,0.0,-0.018697672678301303,0.0016550961046719048,-0.05849171499184197,-0.0012228942929319309,0.0007616939101582343,1.1102230246251565e-16,0.0009031057908019946,-0.0566060890009652,-1.1102230246251565e-16,-0.05158796762751994,0.0007072960591282262,-1.0691913513827256e-05,0.0021899369060255913,0.0,-0.03590810916874221,-0.053776836461774336,-0.02711367481466198,-0.03180881803812535,0.0,0.0005214983380374405,-0.03490161090934352,-0.034053271359192394,-0.021433135150830784,-0.024074963688456352,-0.03099021821508241,-0.04284856052153102
-0.022462921432994887,-0.03733194696193087,-0.011345843648881748,3.9511978088102584e-05,-0.0014752642870273225,-0.024389149468420468,-1.0530478444570335e-05,-0.033213171385785834,-0.0013749858637568946,-0.0012314740879189046,-0.00012979695642378886,0.004943464667079345,-0.004174178253468774,-0.006026843525984427,-0.06089153093953542,-0.025542116957554095,0.00017836209309285422,0.008082685863721517,-0.00035366854268109593,-0.035295377634163794,0.0,-0.051651169040689615,-0.009402096779767166,-0.007356922774339192,-0.014956914063065652,-0.002047413728288816,-0.01986021265508009,-0.0053315002720962235,-0.043207222724771455,-0.006095414543259348,-0.0354158989168763,-0.05225600619846649,-0.050874946065129156,-0.038433307495009394,-0.02932646235267855,-0.0019494423674799588,-0.0005759703404119576,-0.0024742726946621607,-0.026816437100640522,0.007232465882347272,-0.03332080530394915,-0.01963400577488983,0.0026149447606378384,0.0,0.0,-0.000272546598789003,-0.03743880145913597,-0.10420867756693386,0.0,0.0,-0.036230510262377946,0.00010956252547400513,-0.06675848096802678,0.0005894282197371203,-0.0005798359572005141,0.0,0.0006728016581710183,-0.004063769064962475,5.551115123125783e-17,-0.03760425863856687,-0.017874667464483462,0.0,-0.0002294678130365102,0.0,-0.038996828365745584,-0.08155332558095796,-0.03346943540966252,-0.03794730215861364,0.0011620550057883094,-0.001155838759805461,-0.03499360624361736,-0.03175491084269122,-0.006342555641461134,-0.026766073283346015,-0.0024083930625056205,-0.05023400614978801
-0.03689468626379305,-0.0025315509572919614,-0.04044987746494688,-0.0023386187655266566,-0.007775402104201412,-0.013826992184623854,-0.014527882472704368,-0.031248894435819352,-0.019109694925798726,-0.005039167187893545,0.00027649265773205256,0.0007729443939998304,-0.011042362614610612,-0.0005726976704968911,-0.03439651957825013,-0.010690247029994937,-0.005141969823903636,0.030129519188144605,0.0013361635503491565,0.002836014920258978,-0.051651169040689615,0.0,-0.012654075450245272,0.02190482437916086,0.009231917099459752,-0.01880549389090913,-0.013541808932157395,-0.013600373995295068,0.0045966618329987274,-0.004760124558311596,0.0005548809494915763,-0.03748588913469997,-0.01357091452736331,-0.02471895093766241,-0.029854074527740637,-0.03499421375206363,-0.02827846104448728,0.004645762864211256,-0.02368286729247704,-0.01767998093114964,-0.03636541059019621,-0.02143326897173209,0.006647418266453764,7.733133509157941e-05,-0.00037613416602982896,-0.047590522836239935,-0.029873535240393212,0.0003938357674551085,2.8344319224493653e-06,-0.00013642794973972583,-0.025566157687969937,0.0030049887998729874,-0.0751023056349373,0.0008472547910577388,0.0002495927231831452,0.0,0.0008896399512551278,0.001713697018757343,0.0,-0.02179245431685295,-0.025039259145093362,-0.000807934164356261,0.0009756256157189003,0.0,-0.03290001224208894,-0.05384073229910957,-0.016980399861423412,-0.030313752193943777,0.001825602521412839,-0.01384991545863895,-0.02469783003292869,-0.032025858264596974,0.0023026355251561936,-0.028713497781589492,0.0005763170275386864,-0.029050947050557496
-0.01763785466162271,-0.0382479209532412,0.034753496183885235,-0.03034722078471297,0.01698327946198941,-0.0017246443729503902,-0.0026240330094991493,-0.031095441190681417,0.017543641014955924,-0.004636308258286648,0.058419247314966116,-0.0018959791369579926,-0.006850682046184886,0.014946114501823815,-0.01829837004986834,-0.004352649270598974,-8.20783719779894e-05,0.005596654712495819,0.1974834990748976,0.07421884511094484,-0.009402096779767166,-0.012654075450245272,0.0,-0.01907146775202767,-0.03156053782319296,-0.002710931321435295,0.007965892015288967,-0.02511146566607919,-0.016161185496128383,-0.04025771827651775,-0.00975352359825954,-0.01685526090962719,-0.01737962623810413,0.00037274011309945676,-0.015585641038109888,-0.004669803562132702,-0.01608125440640651,-0.009785773953170485,-0.0295036007863001,-0.02318938210550492,-0.015142430889817815,-0.021515780508783167,-0.0228677096094152,0.004393513041876518,0.000490161576841619,-0.032855623690156766,-0.020759672984441757,-0.15694154544404298,-0.0006150650271371516,-0.026560976406494685,-0.015870560550827584,-0.007760784857272496,-0.05798757810948579,0.019593958770094844,0.0020973661708716396,-0.049961186202921615,-0.003036148301994668,-0.008157762917778588,-0.003961879142803104,-0.04607429513326272,0.006199794524320401,2.600926207957377e-05,-0.0008891776182918809,-0.2126440252736586,-0.0393700055087583,-0.04442392193305161,-0.03268421080465095,-0.04005947448155317,-0.020437487865146486,0.0037703581267650166,-0.022951328250223613,-0.018296000734021933,-0.013181352898114618,-0.02217943711588649,-0.015248514060564156,-0.02675934332476715
0.01906705946588161,0.03425883839587612,-0.0017050591976761065,-0.0012522032305466446,-0.00201791674201951,-0.0010834462222482633,0.0008928951598468071,-0.02746203098231198,-0.004355823667261505,0.04572048892931896,-0.004234052858269999,0.027800215395495598,0.04485705786164601,0.0028842820805922154,-0.006672734909517641,0.024272448141614777,0.04280657967500634,0.02952636352563187,-0.0002638332362038809,0.0027731543576209328,-0.007356922774339192,0.02190482437916086,-0.01907146775202767,0.0,0.01838545097046751,0.015594349407236585,-0.0034223984189865053,0.024100969261582228,0.0018930526629836741,0.0007217299369637331,0.04282578390578484,-0.024481101944769268,-0.013027792661304743,0.0017764324725524916,0.004013363167434669,0.06465007724478133,-0.06915890284815127,-0.03175974204560669,0.0803451852842268,-0.044592580985561237,-0.0370870230563175,0.007941203108733863,0.0008050940136171691,-1.8268730346382434e-05,-0.018491553062893296,0.03623451118829929,-0.029051237065145508,0.0,-5.551115123125783e-17,-0.00010273182025966054,-3.0711391747484384e-06,-0.0002648829494499849,-1.6653345369377348e-16,-0.00021858002027447254,-0.03207244563278061,0.0002248962032038726,-0.007754619481509517,-0.002532805124863702,0.0,-0.0011086586137792898,-0.01277384844903856,-0.04616007793531557,-0.03755730711458466,1.2519164762581081e-05,-0.0004177194108752058,-0.0005030060891501598,-0.003706715193714627,0.0006634787087765326,0.050221147065231286,-0.025053293071565896,0.003811441100315005,0.0001482658848751539,0.003434811392971082,2.8651947013291768e-05,0.0,-0.025679156018909577
-0.005122054420375444,0.004833535294988589,-0.004242753129165444,0.0006234952818385264,0.04190677152604083,-0.007288614299142182,0.019632784208252985,-0.038195921912045905,-0.0015822796129242866,0.04594994506795058,0.009191159931282,0.03439438620601187,0.027566449040099084,-0.0003183494849492985,-0.01598831748157964,0.021241881160353415,0.05039439723779332,0.040132189764082726,-0.0014460991081469698,0.00780649666385963,-0.014956914063065652,0.009231917099459752,-0.03156053782319296,0.01838545097046751,0.0,0.025750400781950622,-0.018866870918512246,0.018593257458764,-0.0012269794533650846,-0.0013364711028504006,0.037040231584893446,0.01373862853639024,0.02319470666030271,0.03748634740789997,0.022198488949465467,0.03038411849389111,0.00033345105807564,0.02578472712317803,-0.013600084308868776,-0.006974399112183616,-0.022740296616714617,-0.014912458521591454,-0.0011085914948212872,-5.551115123125783e-17,-0.06526364451016875,-0.01912529621680087,-0.0361992711152766,5.551115123125783e-17,0.0,2.220446049250313e-16,0.0022516703155842643,0.0009591973542947829,0.0011576053253062324,0.0004204176371646051,0.01521606724582697,-0.0002673107262785024,0.03873355432798936,-0.0009438116975893363,0.0,-0.004250538710520446,-0.026207588015897676,-0.0017072844187974168,-0.027093633325474598,0.0,-0.00979386866135351,-0.08070691080705411,-0.004824499228911261,-0.007677655581721232,0.03371184853972187,-0.026254853654980037,-0.01873637050279231,-0.00024761302873960167,0.0008082639377115508,-0.004400728493125061,0.0,-0.024754043974758
-0.009522449719204129,0.008335915950323458,-0.004572187161149988,0.0014959407501813904,-0.006374611991619927,-0.013722070609493597,-0.0054729641154996345,-0.02173556506063412,-0.0014672944664136933,0.04607151152471678,-0.0013774394165483872,0.016769061959964138,0.010860085650751028,-0.0023118476708622326,-0.04120866097331333,-0.0003652007851956407,0.03559762421260754,0.03339668936274659,-0.0007324512647129411,-0.004903908700911175,-0.002047413728288816,-0.01880549389090913,-0.002710931321435295,0.015594349407236585,0.025750400781950622,0.0,-0.022483241488773342,-0.004114881619665556,-0.008133032798097739,-0.00111851734284113,-0.004006738696568368,-0.01638943243349511,0.0007919876002264736,-0.004491325399371082,0.0018772333892793647,0.00507392012879726,0.001293993160283169,0.03105942823261132,-0.009562235772679728,0.004025947730405877,-0.02154744877872533,-0.010945586105946647,-0.004976130735156459,4.712242465287897e-06,-0.002062178519797342,-0.010298887580026395,-0.037739402642425035,0.002086503970910647,0.0,-3.977511101671549e-05,-0.024004873037452135,0.0016356803027699485,0.0013672207395423186,-0.0016004546913293005,0.0441543266964079,0.0,0.04430706436576459,0.0012011281015074093,0.0,-0.030762162751270805,-0.028117407759898683,0.01660353801666936,-0.008292770562730145,0.0,-0.03424934255144463,-0.058276238336179176,-0.022541087769668566,-0.023410790756216826,0.047492007363117705,-0.006377510980170753,-0.008884914271953759,-0.03335178742793804,-0.0017361883011824952,-0.022307449288875014,-0.000372827443186341,-0.009119335011150809
