0.0,0.9581472392375774,0.3199575711259006,0.0,0.43158359737925056,0.3606417885701566,0.4106160671131929,0.9014921599025959,0.4133733729587742,0.8557345291419056,0.4063838247647018,0.7504009140405531,0.4800214853639599,0.45377461720382806,0.5889074198687194,0.9150960287085645,0.3536682326311108,0.7571831109844603,0.0,0.7097433824001315,0.6092210563390392,0.8690967007432429,0.6760499995049943,0.8234987307288308,0.7031728881196927,0.7969302359491937,0.6877400366711228,0.3752816407702609,0.4685512125771202,0.6088106592186602,0.7537577894890559,0.8130894556738957,0.6366569768265313,0.6730112075867036,0.690318157810854,0.6056848153147196,0.4821855908455244,0.4180899595547216,0.5830448568138396,0.5132482224234465,0.6205128936102675,0.5635381321940907,0.45945571883570435,0.0,1.213763679516896,0.4600470306346629,0.7528134140399065,0.0,0.0,0.0,0.42674308400066946,0.0,0.9261968749130972,0.0,1.0500487315510791,0.0,1.1434712024140339,0.6769483799350402,0.0,0.9749781972068028,0.8036729544772105,0.24445874564023812,0.6859899764539839,0.0,0.40730208422109854,0.49160448363690534,0.7088913162785702,0.8263705615612468,0.5306964071204912,0.7388701060783401,0.7193183455807497,0.4443613428428361,0.40789744859634625,0.8632971930488096,0.0,0.631503468709073
0.9581472392375774,0.0,0.4809182715175903,0.34048820455775836,0.5025474057191386,0.5546558680265624,0.5881938674188232,1.1513435018898526,0.38454943206887227,0.6270542398123118,0.319225113373381,0.44225269058590805,0.6889854646501046,0.5315513381999977,0.7902005738245126,0.8603473956106389,0.49995817351033106,0.8198931895796959,0.6295068412281457,0.6662382047283624,0.9682021704709474,0.8319929709616367,0.8917801901227997,0.3893570320127845,0.7316533379171506,0.5855304968144903,0.7574141422510593,0.8669219197108577,0.7042607708009049,1.0847730197571588,0.7799232843189172,0.8423842345605415,0.5965326643015616,0.7019197282260784,0.7234536647620688,0.41016535137127563,0.26044109839321855,0.0,0.7728036978945456,0.9965862657986297,0.7867896711154309,0.9588573789270611,0.6346985803721734,0.0,0.0,0.9197727730664733,0.9002160544026575,0.05846136297420845,0.0,0.0,0.9082462780237747,0.6131470590122241,0.5530554038911981,0.5523335442835671,0.5903190214075545,0.0,0.4225243206796728,0.6054265564514412,0.0,0.9591529856375949,0.9842088419308128,0.5713173383418875,0.8678928147685672,0.0,0.9124171679162172,1.0216682346152657,1.0283063234468064,0.9072641922277784,1.1373358305148746,0.8317320137970552,0.9250763743346178,0.7567723888771328,0.5927679863697302,0.9523985906236127,0.0,1.0301219467411655
0.3199575711259006,0.4809182715175903,0.0,0.7559392379957793,0.7555444287691127,0.525678708711859,0.6641805978791159,0.7449542730024794,0.14674881586335942,0.803051304488042,0.7046344979271472,1.4990639592671888,0.7008654878599344,0.8480026379490255,0.31126613859649005,0.38674660866916727,0.6402966069059733,0.4944646414471182,0.460679324425591,0.3775820235856773,0.35378697497060807,0.4658977668465788,0.5435226120369436,0.3974167293379587,0.4478624327388657,0.3756699799045252,0.2958204668583595,0.7534115231290539,0.49564548045992657,0.5523371050933263,0.750365583565757,0.7592465778717625,0.43531810568992946,0.7695383843826418,0.6867696048114299,0.8221885198829673,0.7120578287346682,1.4369876301135736,0.7062742061272551,0.47700702584919397,0.40133645990852135,0.5681540152425213,0.7873458787265049,0.6135437952888971,0.0,0.0,0.20541288321563664,0.4504594329369356,0.4784382662589007,0.7223783450675306,0.7680110748886333,0.7828065543086928,0.787761738332401,0.853970406977477,0.40338137234857036,0.8515700312629997,0.4589372225048664,0.465782935351137,0.8008453657022819,0.2418277650087007,0.0,0.0,0.0,0.768414081554351,0.6060974794866181,0.4591732016806257,0.09281231816415245,0.8596257279728873,0.0,0.6201347720422317,0.32646016333399464,0.9264653280961396,0.8118127196690013,0.5912995318959022,0.7036421832976085,0.8033631350523159
0.0,0.34048820455775836,0.7559392379957793,0.0,0.497766984933631,0.7287912371403972,0.5288351243701345,0.8324718805068152,0.8433693438843168,0.31984565630988215,0.6596285099202539,0.33175189209083555,0.507651506515198,0.6712173161118297,0.5112702363710832,0.06898634373569648,0.5560341783585654,0.46206154105392605,0.7619432901965821,0.8619264454340952,0.38279234433529535,0.4789610335792587,0.8520561360065719,0.2328591062705719,0.8649638893891889,0.5622260343954789,0.9529496917831339,0.5356813082977361,0.9275026383557834,0.5217502156773407,0.42441239427206034,0.6697901447244121,0.16389891041748592,0.33376078360555156,0.6152607385164408,0.3518235881162646,0.5147324114370714,0.2854553920813144,0.8209282141201926,0.2898884414358489,0.3916366088045117,0.27458092886292446,0.25533223346451955,0.22586260701769356,0.0,0.0,0.0,0.3930547640802541,0.0,0.0,0.563931572253281,0.0,0.459730381723763,-0.015278911978649303,0.0,0.1968934637584109,0.46859407713663626,0.4489031697914991,0.0,0.0,0.0,0.0,0.0,0.0,0.0,0.0,0.45990331093529396,0.5509235236752671,0.0,0.0,0.0,0.4937778896846931,0.5272127342731932,0.55847937893672,0.0,0.0
0.43158359737925056,0.5025474057191386,0.7555444287691127,0.497766984933631,0.0,0.5654998904831416,0.49125794778222476,0.7654140350596653,0.4654043818358974,0.6876389608767093,0.6154703357660527,0.7319021585606713,0.7261432393005218,0.5514851003803662,0.4443143904966806,0.6220748249841774,0.9348162871962156,0.5706170471577114,0.6836674523142485,0.5562115933077447,0.485348750464651,0.5239171423036606,0.651716613732262,0.9363767786286236,0.7481562751361619,0.5936923562010268,0.6649300239623628,0.631920153856901,0.7148103203353551,0.4189640543715723,0.42401215723126673,0.6745648328633634,0.7474018811576123,0.7214886537953353,0.5842539413804976,0.38828862222119104,0.37570199717326835,0.9780737462557099,0.2966295250092142,0.6905467682077643,0.5461351383257173,0.43039125119871946,0.5627577987573606,0.6769532129349201,0.25211776319685664,0.0,0.398883305370009,0.42534895623158125,0.0,0.580946694526057,0.3712890637152507,0.5763862523205646,0.5614886010898342,0.5131065534239208,0.0,0.7359676766977747,0.3425545513885959,0.6769498774268294,1.031444935828032,0.2546351279700986,0.4454441683452865,0.0,0.0,0.9201707959083967,0.3746402471773287,0.4877381313917363,0.34347396213640113,0.7832650749263823,0.0,0.47984246435415545,0.5908088923058874,0.7753787758533464,0.5703890976021594,0.4247887177629346,0.0,0.50590756302034
0.3606417885701566,0.5546558680265624,0.525678708711859,0.7287912371403972,0.5654998904831416,0.0,0.616103456690736,0.8259440045220546,0.5942001373098871,0.7425397115499454,0.7440829151321939,1.2547505258862002,0.817482031028316,0.9358083533737014,0.6646896476533424,0.6520484570427951,0.43418747688722764,0.6567049261210436,0.7410380347685932,0.6294643155738752,0.5072905138100863,0.5104770928242639,0.6027523002248492,0.7751293924798618,0.752895872248325,0.6923364774159058,0.7644790395186909,0.9037277110604011,0.5922819209751755,0.8326838644205854,0.7905059805398975,0.7962540226016459,0.8286726600220176,0.8358531877611541,0.6940829166549651,0.7718712662108768,0.7752156705595185,0.928489002456248,0.756155074915021,0.27644912440443664,0.7677054316687352,0.8613308604820208,0.8003831412327932,1.501884436859458,0.20483361256217203,0.5938087646755343,1.0783065137038115,0.9055303348346255,0.5494296405522213,0.7385757996778721,0.8225492907240308,0.8792088024717843,0.8982340926223479,0.8436006201817349,0.6764796702317801,0.8570645796795211,0.9154642337415103,0.8079642262826272,1.007093992764991,0.8074994654237855,0.5296749940286193,0.0,0.4934922601839681,0.732371294898986,0.8275235487015948,0.7339598761420567,0.6893260463488555,0.8447181862675974,0.5932047576208153,0.445126396169912,0.8172212608976254,0.8065817866170556,0.7018638793648104,0.8536263834791475,0.8206581234757573,0.8058805601023649
0.4106160671131929,0.5881938674188232,0.6641805978791159,0.5288351243701345,0.49125794778222476,0.616103456690736,0.0,0.6006346310149848,0.5013282125731672,0.6590882247895375,0.6202611390979004,0.5383009529944134,0.7126236745323855,0.2937321339334282,0.4690228656107837,0.7145742373920196,0.3932358007026999,0.7049092278736029,0.6404700708345539,0.5525594957008011,0.36733515933447897,0.6337545433734466,0.6590374879910351,0.8510280943255132,0.822356080633996,0.6510125340127616,0.6350523041628378,0.5333052630121259,0.6957659970434042,0.39917287401147206,0.588780348553603,0.7348111457006863,0.5266283623804104,0.5682683110534361,0.42464641424696575,0.6137949188496463,0.5553885072379623,0.9917101607143542,0.6112433136943562,0.3988172071133316,0.5998835658828892,0.5556801268091052,0.598937100437107,0.7940895541103843,0.3170391858131904,0.0,0.566521082889598,0.38154246952610443,0.0,0.532265587198257,0.47980747109041827,0.5339498577459446,0.509917844505031,0.5539031658578866,0.549476036995147,0.4991342150021757,0.4514491211562503,0.4491099799927789,0.4216530057373429,0.33116631659056456,0.5560220205301154,0.0,0.5412667539415542,0.5752318165671187,0.5753967592549654,0.5102750282181514,0.6127076084422762,0.6578825532263926,0.4765754224670521,0.6100371581927031,0.496350463127723,0.609211609520651,0.5195997362927648,1.3377348879391031,0.734640493930501,0.4804454824901506
0.9014921599025959,1.1513435018898526,0.7449542730024794,0.8324718805068152,0.7654140350596653,0.8259440045220546,0.6006346310149848,0.0,0.6354435374157023,0.926848097653378,0.7814599109465816,0.5684381136013928,0.6653168809579146,1.1411323837623013,0.8314538581298363,0.595672250668525,0.41502097198985527,0.5046350741546612,0.5507557968692383,0.37931529089399696,0.7702870486328026,0.39549614988742277,0.754688505435696,0.7383809074522004,0.9849146037205478,0.8661402373164441,0.748890862422174,0.7307274182021063,0.7395619927981276,0.5228881208677196,0.7228787718336578,0.6657110040567102,0.488414158882315,0.6796465270837015,0.577995235819192,0.8518525893447262,0.4504127478432083,0.5523052165740076,0.8011236206749549,0.42370993044843164,0.5360081142029098,0.47288056542040546,0.7773717438769068,0.4222251099810644,0.0,0.5396975195780012,0.29940199778873744,0.9033091169123336,0.0,0.6772743181759009,0.8308114726672029,0.8353943907195154,0.8967559773851336,0.7422434018296385,0.8186287450593142,0.7383205804051554,0.9061404759200764,0.825824967485949,0.9098265830598643,0.7974057092902933,0.33758687080016925,0.0,0.6145948871106084,0.7751988342560994,0.770600314035093,0.6354186435767225,0.39664827964961,0.8766624337273567,0.0,0.4420793378703065,0.3131613446414573,0.7930547904863497,0.6336590415792828,0.8733071018275086,0.48038980206464427,0.6708016671440622
0.4133733729587742,0.38454943206887227,0.14674881586335942,0.8433693438843168,0.4654043818358974,0.5942001373098871,0.5013282125731672,0.6354435374157023,0.0,0.7732869524397473,0.5169273050818783,0.9524779005090476,0.8295180192710654,0.770792581796101,0.6117213884804019,0.448316908149265,0.4062492319639198,0.5216958747775444,0.2792284621207275,0.5599930930217645,0.35595299664272295,0.5065110819484067,0.6367629742535348,0.9364127932153643,0.473574361922362,0.573646131314213,0.42306913243490674,0.7731714086367953,0.7678821950522253,0.6933471267974132,0.7649426856108615,0.8256534267254576,0.8732132131074266,0.7957807484125644,0.699337817515,0.7606722802908139,0.7603660171559377,0.9106811539471747,0.47595804087186544,0.48632336297372725,0.48531868984578874,0.44743827694024285,0.5342509748053141,0.45027767901576876,0.2833045778177196,0.0,0.5013063705121514,0.7015288679900515,0.4779222348738158,0.5236912131929999,0.8770332019524604,0.5709877360533777,0.6890077434225261,0.705182935816761,0.217074282158659,0.7335214058063415,0.7155699458619975,0.45536792697372896,0.7764192398958942,0.4259477608584261,0.6404712201412295,0.0,0.0,0.817296848782755,0.5832753474921146,0.7151701229960321,0.5444588130007718,0.761781322520223,0.32970183132618747,0.5299104189644791,0.2583615871294675,0.7580429946816147,0.4659879519108038,0.529268173294111,0.5150706698254366,0.9610624564546375
0.8557345291419056,0.6270542398123118,0.803051304488042,0.31984565630988215,0.6876389608767093,0.7425397115499454,0.6590882247895375,0.926848097653378,0.7732869524397473,0.0,0.8264615350737707,0.7216585557002557,0.525625721379525,0.03668996382519546,0.43380912448156034,0.700460705168817,0.8793973776010549,0.7715078006605234,0.8056785592195319,0.37503023932483104,1.1604358166152997,0.8398454621188227,0.767400565616503,0.7129665792725876,0.751325668251928,0.7142919912652825,0.6772367721586785,0.723041327834852,0.8895029018547601,0.8345196095116505,0.6586403278009354,0.8119971972441026,0.8802421419615374,0.7145588176425459,1.0854047944687495,0.48870017480326483,0.4440451897756997,0.7614132069848869,0.9364323278401037,0.6192760789952122,0.8008147143970987,0.6766546704849257,0.28410525243038615,0.30780621174290773,0.7806486117516965,0.9957474188723421,0.523840961685043,0.16772662602435795,0.4938991904950282,0.40873268066017027,0.47038389478460574,0.7323951328817664,0.5647575552135808,0.19365028522865754,0.744244214471407,0.47597637844588914,0.8058157882471175,0.9034651768290314,0.0,0.897689539126858,0.5348524740665801,0.5432268865908702,0.2989216048727356,0.4620927180606734,0.46187017694911253,1.4319938205713174,0.3241691914949945,0.5568150621120215,0.6968972377149905,0.48416868561369125,0.6238925381327889,0.5948865249545114,0.7330144880729108,0.3922288386331405,0.0,0.7285361276890858
0.4063838247647018,0.319225113373381,0.7046344979271472,0.6596285099202539,0.6154703357660527,0.7440829151321939,0.6202611390979004,0.7814599109465816,0.5169273050818783,0.8264615350737707,0.0,0.8597641758932231,0.6343631761868219,0.8511327808599678,0.0,0.5168039567635985,0.4609229404124986,0.5209980155908736,0.42805603167041517,0.4432183764893296,0.49638994288248917,0.39435395580984045,0.6335243892293085,0.7310850178053256,0.5155103179158449,0.5021378030061958,0.5953695571512407,0.7218850423089056,0.35704573913004894,0.5014359769514065,0.7231898021867691,0.7328923450846038,0.7761954694191233,0.8008052932845497,0.6924565663501155,0.7397490704158238,0.8341129782687333,0.8120734025614955,0.7126755322125538,0.5302401684482951,0.5087718134180823,0.4930933661422031,0.7978537524705049,0.5476644200715394,0.19593486648293135,0.0,0.0,0.8598750136960638,0.4622553275505913,0.8069650347679727,0.8920462293158619,0.629658321762472,0.7473926499681544,0.8243810485212799,0.5009013299515795,0.5395206645235799,0.41112991986375336,0.8745132545896606,1.0114234687665795,0.0,0.0,0.0,0.0,0.27752878328966435,0.3573721818686129,0.0,0.6601271577610479,0.7630370000957524,0.0,0.0,0.9072382316380658,0.9034113130456218,0.9793560284174754,0.34584800454627473,0.0,1.2360476291664466
0.7504009140405531,0.44225269058590805,1.4990639592671888,0.33175189209083555,0.7319021585606713,1.2547505258862002,0.5383009529944134,0.5684381136013928,0.9524779005090476,0.7216585557002557,0.8597641758932231,0.0,0.609972046527631,0.6155179740291087,0.41571033632224397,0.5553446265528215,0.8680022648591038,0.9319649890203473,1.0144609648851997,0.5408194964257089,0.9774796440036765,0.4206835064090849,0.5808505937776202,0.6122779682218972,0.7787901922975448,0.4859297780846181,0.9614087051823753,0.8186390220607851,0.6234355726206731,0.2968044385369886,0.6254505669843912,0.4769095453072589,0.11176204433333484,0.40678965291744645,0.6169893879264564,0.6529060345018056,0.6524056825337956,0.11600773126773142,0.7272824378905297,0.5724646793657926,0.6463462169323364,0.6596504943521049,0.3663600549941721,0.417728321140374,0.654065760408189,1.0694913533343589,0.5846367157973734,0.25575502798716526,0.19664284167302054,0.2593910253503427,0.3319985388448401,0.4919213519958124,0.21882617645476105,0.3898640193919791,0.7516027559784471,0.24284867706138957,0.8220620511518881,0.8195344415634187,0.6661950823334987,0.6147019623016514,0.5341154955042962,0.572327901033388,0.47989036093143855,0.32610460398206603,0.7193387141863768,0.7626599247766839,0.3845885448435249,0.5728603613286338,0.6427504403615608,0.6544188327253542,0.6744816970956848,0.3842897441417099,1.0104437533109707,0.5132949499169643,0.0,0.777656256293339
0.4800214853639599,0.6889854646501046,0.7008654878599344,0.507651506515198,0.7261432393005218,0.817482031028316,0.7126236745323855,0.6653168809579146,0.8295180192710654,0.525625721379525,0.6343631761868219,0.609972046527631,0.0,0.5062965437897552,0.878491327114479,0.8270268662913113,0.523742911721754,0.7824766014404432,0.6785712436504192,0.7547871442496341,0.4231276547478988,0.7389457870705223,0.7452435226595966,0.5087445446592286,0.9678330898894958,0.7277572486384554,0.7340916589086872,0.8652142568445744,0.8663956609811798,0.5425148344513363,0.5901135009275835,0.7385780976371821,0.495844142078491,0.5064604443940535,0.5854302451862851,0.7343301471518731,0.4972307923131036,0.6854400850782125,0.39333668761436397,0.4274979778547589,0.3957274440350015,0.47545273885441586,0.41405745410356964,0.40146087076824916,0.7645353183371624,0.5840492974930324,0.6354089364449342,0.8821844199895824,0.0,0.6556360853621243,0.5080302006392049,0.48940993955943757,0.68951153533534,0.5252875251890061,0.40419318548242766,0.601699811046587,0.5066065469488761,0.5440534744069628,0.46005608757178107,0.42095928870638655,0.5016172414520988,0.3771468822774247,0.5248498376989532,1.3081739596142528,0.8958417078993255,0.5527329890064245,0.5221771078066293,0.8205452908179532,0.4641595267606826,0.4462530986277939,0.44422262041744087,0.8406803177034868,0.5038098424629802,0.8762291007898917,0.5009235380533634,0.4848273086278455
0.45377461720382806,0.5315513381999977,0.8480026379490255,0.6712173161118297,0.5514851003803662,0.9358083533737014,0.2937321339334282,1.1411323837623013,0.770792581796101,0.03668996382519546,0.8511327808599678,0.6155179740291087,0.5062965437897552,0.0,0.4983607520647916,0.5527798486012703,0.4481024653394694,0.5024789827511901,0.7624397726255604,0.3811636583445608,0.44128642625253134,0.24895572056534548,0.9154101400893826,0.6143665117442314,0.5117974636604393,0.43222149376328595,0.8893481037354403,0.3335655188412101,0.34602980878959816,0.7837904294893782,0.6681383951741295,0.405631662557564,0.1213524115042692,-0.11315882883344436,0.4639064185535429,0.3383004865275872,0.36421297746808867,-0.18334492424287274,0.7614873121358621,0.0,0.6835493923291969,0.824698246133547,0.8955632595554869,0.477588397797928,0.0,0.0,0.0,0.842587880770697,0.0,1.1738339367689645,0.44440300062720217,0.4546093175163085,0.8522149879793754,0.6057235887074022,0.0,0.9302507193966006,0.37286279470137046,0.6935066302450372,0.9418909830378834,0.0,0.0,0.0,0.0,0.649686710496177,0.0,0.0,0.0,0.8055341963013114,0.0,0.0,0.0,1.127775733522056,0.7450390219797612,0.0,0.0,0.0
0.5889074198687194,0.7902005738245126,0.31126613859649005,0.5112702363710832,0.4443143904966806,0.6646896476533424,0.4690228656107837,0.8314538581298363,0.6117213884804019,0.43380912448156034,0.0,0.41571033632224397,0.878491327114479,0.4983607520647916,0.0,0.7844819977292838,0.32452340374490257,0.7506974793050014,0.0,0.6968984855961549,0.5682171642825885,0.5622407146525381,0.8054698181892324,0.6379258673794286,0.7458930363332429,0.4142210572252562,0.7906545676465941,0.7083136826596457,0.7819798406078882,0.9094598977397275,0.6654117152829444,0.6943065773355135,0.6991463550615391,0.6209560876604462,0.7550905740631819,0.8279893357922167,0.3597447204173513,0.3716322490951325,0.6935488147078732,0.8553914947860379,0.7794074175235288,0.6890770511030204,0.4646773309787502,0.5632164477834691,0.0,0.840051703390166,0.7612078658162913,0.4523670560389005,0.0,0.0,0.6947569220461076,0.702607243736304,0.6870943031378698,0.5551956529003397,0.0,0.0,0.6829345859503705,0.8621132547993752,0.46658899203552895,0.8429296036021363,1.0430927483497716,0.6262550302818419,0.6936170593597948,0.0,0.9587295097114441,0.6311110310764345,0.8896121837326257,0.9063054250723996,0.4359521549229616,0.5106639456477586,0.7057749522303605,0.8280116669890483,0.8980820687004004,0.8145378473256588,0.47762013234318657,0.8214505928267004
0.9150960287085645,0.8603473956106389,0.38674660866916727,0.06898634373569648,0.6220748249841774,0.6520484570427951,0.7145742373920196,0.595672250668525,0.448316908149265,0.700460705168817,0.5168039567635985,0.5553446265528215,0.8270268662913113,0.5527798486012703,0.7844819977292838,0.0,0.7330183069976511,0.9504588345103794,0.44097715977564605,0.6605552621954223,0.863146062906268,0.9033510566603034,0.9325191749488999,0.8581291628662207,0.8727367639430215,0.8136494922641815,0.769863794118104,0.7654327741235323,0.7506404716022035,0.6837580190489121,0.746415797156841,0.701684084416987,0.5158905552321731,0.5650588912935495,0.8135210465119362,0.6604252119714784,0.38292112117860166,0.5868576041260263,0.7986010384453011,0.8782720294685569,0.9442346943717062,0.8163935207731645,0.4665951817813976,0.0,0.0,0.8398618891337519,0.8973586921321192,0.0,0.0,0.0,0.5001773500752387,0.5834235538467656,0.8508247180672457,0.0,0.6130003993748638,0.0,0.5045841468496762,0.5497416526565012,0.0,0.9580604181323511,0.9897451786425244,0.590015099260379,0.9783158080866694,0.0,0.9765385548711256,1.003861632436956,0.9118581001895061,0.5068626220230714,1.0595093085134377,1.0350070752710585,0.9757450504536155,1.1514919053739279,0.5340764556963956,1.0717339428002002,0.0,0.9114264233653309
0.3536682326311108,0.49995817351033106,0.6402966069059733,0.5560341783585654,0.9348162871962156,0.43418747688722764,0.3932358007026999,0.41502097198985527,0.4062492319639198,0.8793973776010549,0.4609229404124986,0.8680022648591038,0.523742911721754,0.4481024653394694,0.32452340374490257,0.7330183069976511,0.0,1.0699109387954326,0.7047547753620319,0.34567422715742047,0.5129086352756461,0.6837823716750774,0.4980703959788543,0.7292029379015474,0.7782379095739864,0.8004599011199837,0.522383777539509,0.7450839671148927,0.2816811956364783,0.45279340159642656,0.6339192483821912,0.6156078257706264,0.5945271987457594,0.7156299303957128,0.6754094287784751,0.7682398433886743,0.23822413390199057,0.47388087236611776,0.4533531975314389,0.6060501107466321,0.5284165807905442,0.5783432645049604,0.0,0.0,0.5188248192800031,0.5931236213526483,0.6121267332145435,0.0,0.0,0.0,0.0,0.0,0.0,0.0,0.9007274855357051,0.0,0.7880799194769714,0.28701448011602315,0.0,0.7268119219244389,0.4735761995584583,0.7220897192181683,0.3614408480751642,0.0,0.0,0.0,0.5737783711561321,0.0,0.7476535914330793,0.6999187436040156,0.7570936262987894,0.0,0.2858636806246914,0.4749357897524079,0.0,0.661704111241525
0.7571831109844603,0.8198931895796959,0.4944646414471182,0.46206154105392605,0.5706170471577114,0.6567049261210436,0.7049092278736029,0.5046350741546612,0.5216958747775444,0.7715078006605234,0.5209980155908736,0.9319649890203473,0.7824766014404432,0.5024789827511901,0.7506974793050014,0.9504588345103794,1.0699109387954326,0.0,0.4697176865368124,0.6497897436316868,1.047818131219527,0.7845964105900616,0.6921513255239918,0.7770881120615516,0.7463479087389215,0.7025462848531895,0.8597337046815539,0.6220404647563721,0.7890692304805671,0.7615121521986339,0.6530562597388284,0.658469922820569,0.6053954146994796,0.7060689735397168,0.5900220679178092,0.544023454646766,0.2605867907057243,0.40330910511024415,0.8286818724950026,0.8366567013515036,0.7916968619761293,0.8874872341313598,0.0,0.0,0.5736075064970096,0.7845446584753781,0.9084133181648844,0.0,0.0,0.0,0.48604845475845554,0.5707871520024883,0.8707357561045022,0.0,0.968926508371933,0.0,0.9030587489867276,0.5366985181278965,0.0,0.542329690199053,0.9259343310003894,0.8183581573750085,0.8485730147644295,0.0,0.44136683804039234,0.5537358672594678,0.9723010621563355,0.6895212242504446,0.7150482484659912,0.9476991452732265,0.9649663680347658,0.4285388416182358,0.6485007915455208,0.38378474181354005,0.0,1.0164417726273975
0.0,0.6295068412281457,0.460679324425591,0.7619432901965821,0.6836674523142485,0.7410380347685932,0.6404700708345539,0.5507557968692383,0.2792284621207275,0.8056785592195319,0.42805603167041517,1.0144609648851997,0.6785712436504192,0.7624397726255604,0.0,0.44097715977564605,0.7047547753620319,0.4697176865368124,0.0,0.5418918669781283,0.45136828611860386,0.6961690655179196,0.6079577370606957,1.2615901503479718,0.49997789528349923,0.5122164579188235,0.41483457375486477,0.7828925151310269,0.5492780480470978,0.5718211749038321,0.7553759179277773,0.815921206201152,0.8479968706242855,0.7958667846548262,0.7211488470953613,0.7863735896662778,0.738282042499987,0.8430959810032745,0.394037991910689,0.37602647864367367,0.42626050703569596,0.248498644398561,0.7283175531613495,0.3712674917358827,0.39921604322123216,0.0,0.0,0.8290121293408048,0.0,0.5912299981066396,0.7119159588294882,0.4429923175908167,0.5705857968085757,0.7798424106482018,0.8861161660087068,0.7006983969201547,0.5219597272194976,0.4215208708345275,0.6244807311433951,0.0,0.0,0.0,0.0,0.8152461748340514,0.4690946448196321,0.0,0.4899685234627552,0.7784570221381161,0.0,0.0,0.0,0.8416142762676809,0.48213496400144584,0.4201984580825542,0.48683997042649807,1.0537335323251533
0.7097433824001315,0.6662382047283624,0.3775820235856773,0.8619264454340952,0.5562115933077447,0.6294643155738752,0.5525594957008011,0.37931529089399696,0.5599930930217645,0.37503023932483104,0.4432183764893296,0.5408194964257089,0.7547871442496341,0.3811636583445608,0.6968984855961549,0.6605552621954223,0.34567422715742047,0.6497897436316868,0.5418918669781283,0.0,0.6770406910237008,0.5112384913469058,0.5881623963439262,1.125784480760207,0.8193881872727418,0.5772919420808587,0.8366037561802798,0.4541195325593687,0.8225900524402839,0.6666416193028395,0.5564661372395278,0.5771716415149606,0.4985025823432414,0.4756787149732333,0.5880688333092184,0.7896271450602941,0.7118624410886494,0.7800325942785915,0.7413464588138191,0.9514148670382654,0.7303852623362981,0.6928505599143114,1.2141055796156581,0.29735036073250587,0.21770356690294768,0.4618462788697247,0.7978094440818552,0.46840437633182663,0.0,0.0,0.7866796726545597,0.5851401316963682,0.8683032372670842,0.39788650649485957,0.9266538791404944,0.0,0.5436015945778881,0.983998716573776,0.0,0.912726637484685,1.2356836227824033,0.4628990173407209,0.5309513406238265,0.0,0.7671646554339618,0.7596500747919799,0.7689430468928108,0.8169468130673545,0.0,0.46771533597041565,0.733601811646942,0.734296116553257,0.6835534790920246,0.8077262165170525,0.3900396179163861,0.7774987761516585
0.6092210563390392,0.9682021704709474,0.35378697497060807,0.38279234433529535,0.485348750464651,0.5072905138100863,0.36733515933447897,0.7702870486328026,0.35595299664272295,1.1604358166152997,0.49638994288248917,0.9774796440036765,0.4231276547478988,0.44128642625253134,0.5682171642825885,0.863146062906268,0.5129086352756461,1.047818131219527,0.45136828611860386,0.6770406910237008,0.0,0.773572290786109,0.6380445839390207,0.7610073711794897,0.9561998608797114,0.6121114373858907,0.7714865983346502,0.7812778733886232,0.7521713058934502,0.3849567018324345,0.6811880658035567,0.63897488990902,0.5951409922603741,0.5254301479581087,0.8920800480460376,0.48359068173835607,0.31638027528474566,0.4953454932888781,0.6225833918164613,0.6905401667608524,0.44310017835665194,0.5255267999135012,0.5708960976229689,0.0,0.0,0.5683521226245455,0.8092337290773823,0.6260777920576267,0.0,0.0,0.6024811511190232,0.4052176326895156,0.8232911048473799,0.5294510823003616,1.4356943785121705,0.0,0.7311652145795,0.7835937972429947,0.0,0.7186972299196418,0.8898801726929026,0.0,0.4916313158320567,0.0,0.7688973288068608,0.7171118604028635,0.6702122832409827,0.7344634422350101,0.7472708666422245,0.4312350991928273,0.7752018223706254,0.6219876034677938,0.7050025700671828,0.8097008445733129,0.3487460839760521,0.3316578458821386
0.8690967007432429,0.8319929709616367,0.4658977668465788,0.4789610335792587,0.5239171423036606,0.5104770928242639,0.6337545433734466,0.39549614988742277,0.5065110819484067,0.8398454621188227,0.39435395580984045,0.4206835064090849,0.7389457870705223,0.24895572056534548,0.5622407146525381,0.9033510566603034,0.6837823716750774,0.7845964105900616,0.6961690655179196,0.5112384913469058,0.773572290786109,0.0,0.8669562667585725,0.42805850339127105,0.8405873456427386,0.6997400609036502,0.6462447099304478,0.7007973970465187,0.711429050580807,0.777360668942426,0.6730227206190708,0.6571418023598635,0.5356679942135525,0.6856613989568958,0.7797216734513892,0.687139899297701,0.8849578944080119,0.5300618127714407,0.7443967876232271,0.8925053272659056,0.7939425482715838,0.7921176858730143,1.0759777862376274,0.35191428651451856,0.2401714210707541,0.83122307823077,0.9926272969346168,0.5691229531177888,0.4725584271232205,0.24206339563598656,0.9880257643491525,0.6860458710700136,0.5736820162128042,0.6196115430261125,0.4413040477452048,0.0,0.5152509828427582,0.5741861240080448,0.0,0.8876751959155167,0.9550232981943456,0.39409554712627853,1.0002363032880477,0.0,0.7779478926111381,0.7581215789231998,0.8298244239534722,0.8380932223819311,0.7081901321511568,0.5910270260768895,0.8835642486705382,0.839012260160911,0.4825062800202603,0.8432167165265109,0.5596926867460323,0.90106663854641
0.6760499995049943,0.8917801901227997,0.5435226120369436,0.8520561360065719,0.651716613732262,0.6027523002248492,0.6590374879910351,0.754688505435696,0.6367629742535348,0.767400565616503,0.6335243892293085,0.5808505937776202,0.7452435226595966,0.9154101400893826,0.8054698181892324,0.9325191749488999,0.4980703959788543,0.6921513255239918,0.6079577370606957,0.5881623963439262,0.6380445839390207,0.8669562667585725,0.0,0.6966977255321023,1.0841219910285735,0.6194129222196108,0.5690582748344896,0.7207399925143219,0.852433699149849,0.607148565675725,0.7074886624370722,0.8517788188995419,0.7785338501447462,0.7533976648155046,0.7180816191039017,0.8160132865462879,0.8275886297433424,0.267789023570674,0.7952096158465825,1.0193323754783075,0.7389959769152807,0.7872010213119052,0.7952406216090904,1.0802854880200332,0.5832226497377433,0.42343204769761855,0.4415464348503513,0.8886690207865828,0.42643554122242544,0.8259072007874675,0.7885957867439705,0.7331515376121189,0.8382196833300485,0.8054874399287817,0.5660396811819746,0.8190336368446683,0.4302404357737741,0.7674881849659713,0.838372945278856,0.8666992259977848,0.5255646027396687,0.4618701769491117,0.4960842331308872,0.79709118657714,0.8208346044680086,0.7766903892856656,0.8395489451694449,0.8913380306473982,0.21719253147887765,0.5208306130144024,0.7214085859015762,0.7201915580619436,0.7176213935803339,0.8521118121183131,0.7727753601090996,0.7828518964553308
0.8234987307288308,0.3893570320127845,0.3974167293379587,0.2328591062705719,0.9363767786286236,0.7751293924798618,0.8510280943255132,0.7383809074522004,0.9364127932153643,0.7129665792725876,0.7310850178053256,0.6122779682218972,0.5087445446592286,0.6143665117442314,0.6379258673794286,0.8581291628662207,0.7292029379015474,0.7770881120615516,1.2615901503479718,1.125784480760207,0.7610073711794897,0.42805850339127105,0.6966977255321023,0.0,0.6659262045420263,0.6228397159299353,0.8874175521119099,0.7225902590416726,0.5544068316765403,0.807186405385365,0.8216848678463898,0.8942353583901832,0.491273848922601,0.7085231556525566,0.940704429546977,0.8726793334332892,0.37353050910720914,0.38224943783894194,0.7172149104098025,0.8041093681489204,0.8204927423364765,0.9271009301308051,0.5512111324021949,0.3842949636519102,0.7010411169079787,0.5311384882910632,0.9567961520794032,0.0,0.0,0.4488914083584007,0.557510126126869,0.2668210671987983,0.0,0.054543033005371125,0.7835632668330914,0.5645111179655118,0.8262405728415362,0.39202772349405157,0.0,0.18322059814469854,0.8272223625201229,0.5464129700432362,0.7317519240858277,0.49626453035794554,0.3071278723390407,0.3852458732055052,0.1284067255557485,0.839809533168621,0.5321907704235009,0.7788005799675188,0.7447606096150738,0.5206121603480947,0.8679541597833136,0.6038992384456473,0.0,0.6646316620806731
0.7031728881196927,0.7316533379171506,0.4478624327388657,0.8649638893891889,0.7481562751361619,0.752895872248325,0.822356080633996,0.9849146037205478,0.473574361922362,0.751325668251928,0.5155103179158449,0.7787901922975448,0.9678330898894958,0.5117974636604393,0.7458930363332429,0.8727367639430215,0.7782379095739864,0.7463479087389215,0.49997789528349923,0.8193881872727418,0.9561998608797114,0.8405873456427386,1.0841219910285735,0.6659262045420263,0.0,0.5493939654532766,0.9063880855290096,0.7144217549223356,0.9510478982796081,0.8309940550458572,0.6981780225589347,0.47561154070942147,0.5322472820640007,0.5822814641198468,0.6167629797735757,0.400030757795819,0.5977709558822057,0.49382817751885255,0.7282781443721551,0.7346871384305067,0.7477708023615441,0.8066422512029321,0.09589594106581983,0.0,0.5101975738294029,0.7474587465903141,0.8731851303929896,0.0,0.0,0.0,0.5225697208484201,0.5200213392210584,0.6332860455604912,0.4253274599173251,0.8640305676817126,0.42799740554170407,0.881556050813481,0.37576806123994955,0.0,1.1650827742957255,0.9130263512096777,0.7048759324887802,0.7441997352322728,0.0,0.8566674588183996,0.7233742818673647,0.9630143383378976,0.46277878199831035,0.6908257496528682,0.8386414808870778,0.891117044108255,0.4308628803710911,0.6432198784461233,0.8367666781203659,0.0,0.8852101580220271
0.7969302359491937,0.5855304968144903,0.3756699799045252,0.5622260343954789,0.5936923562010268,0.6923364774159058,0.6510125340127616,0.8661402373164441,0.573646131314213,0.7142919912652825,0.5021378030061958,0.4859297780846181,0.7277572486384554,0.43222149376328595,0.4142210572252562,0.8136494922641815,0.8004599011199837,0.7025462848531895,0.5122164579188235,0.5772919420808587,0.6121114373858907,0.6997400609036502,0.6194129222196108,0.6228397159299353,0.5493939654532766,0.0,0.6739925037834164,0.765729998248828,0.818181097348772,0.7207917563007455,0.684561974749087,0.7762061706965135,0.7393799381534651,0.6718488897227419,0.7080558318246402,0.15022090989384226,0.4269792800215836,0.5805129028661602,0.7425235646161883,0.9076951034241598,0.909742084992623,0.6876457922787038,0.1716489401379966,0.521181084916313,0.7331053052561987,0.7871635271998729,0.9106606842453038,0.6437942033938784,0.0,-0.011087804705467354,0.8464786749128025,0.6078220175045701,0.6751448182426057,0.36339625785057206,0.8997155940730932,0.0,0.9439566331474045,0.578355209900663,0.0,0.7545347516865087,0.9975536940872143,0.7652702952558033,0.8726223290836984,0.0,0.7325199026560556,0.7539137143207153,0.8475623313507142,0.6806880299308729,0.7213434427024076,0.9616459270887595,0.8590966798172428,0.713671760825709,0.8386928954021469,0.955787656086367,0.43231872320476267,0.9280510655994272
0.6877400366711228,0.7574141422510593,0.2958204668583595,0.9529496917831339,0.6649300239623628,0.7644790395186909,0.6350523041628378,0.748890862422174,0.42306913243490674,0.6772367721586785,0.5953695571512407,0.9614087051823753,0.7340916589086872,0.8893481037354403,0.7906545676465941,0.769863794118104,0.522383777539509,0.8597337046815539,0.41483457375486477,0.8366037561802798,0.7714865983346502,0.6462447099304478,0.5690582748344896,0.8874175521119099,0.9063880855290096,0.6739925037834164,0.0,0.76820354940158,0.9881852464467862,0.6599050963657496,0.6132357412705294,0.792968866515339,0.7868331754487721,0.6849044267828739,0.6524878286224589,0.734610930198923,0.8200274452749565,1.063058749850239,0.7638165713518122,0.9053596086129703,0.8317231511068225,0.8511476416743179,0.8165062665214076,1.4163622165852123,0.4204839527949308,0.4071254492720239,0.4061823784064332,0.8795501165889814,0.4617588228286297,0.9185157095963459,0.77880981225409,0.725717851612258,0.7593049246024508,0.7716330626669201,0.6802988460469419,0.8532320026654396,0.5696663072964754,0.796746205593341,1.0333214476783315,0.8687234284175853,0.5094660103736021,0.0,0.45117945713421415,0.8435823982067232,0.7782524184512466,0.8446573626052033,0.7604274016468339,0.7789465777924206,0.0,0.5138706305146534,0.6716583828361598,0.7440882614626658,0.7481226082009004,0.8256532654536457,0.7152212697528952,0.8382609385053048
0.3752816407702609,0.8669219197108577,0.7534115231290539,0.5356813082977361,0.631920153856901,0.9037277110604011,0.5333052630121259,0.7307274182021063,0.7731714086367953,0.723041327834852,0.7218850423089056,0.8186390220607851,0.8652142568445744,0.3335655188412101,0.7083136826596457,0.7654327741235323,0.7450839671148927,0.6220404647563721,0.7828925151310269,0.4541195325593687,0.7812778733886232,0.7007973970465187,0.7207399925143219,0.7225902590416726,0.7144217549223356,0.765729998248828,0.76820354940158,0.0,0.866613883148464,0.6530232609694184,0.6578796164607033,0.9137235829025503,0.7621104383114583,0.6265304132961036,0.936695005626868,0.5466985596714166,0.37609737718239766,0.9381108575008239,0.4529009924636259,0.4267729220481145,0.25268551283285334,0.44304984746982023,0.49063039711636525,0.46974537777985936,0.5834711596049835,0.6346877528314206,0.6049586231430463,0.4804741380910609,0.0,0.6640921852268615,0.7464143905681477,0.5138030078279051,0.7565023184903543,0.48059617690252565,0.902637474329692,0.46452183627323096,0.16894444947409265,0.48304753971294656,0.30127513023269836,0.8921817027781018,0.4676111744051542,0.1712645099565099,0.5662760576761848,0.6701664727333769,0.8722611655626772,0.6907954720386205,0.7795617288555847,0.7943304309259954,0.49118317024115576,1.3143194459069367,0.7862069493373958,0.7614798025531988,0.9006287626590361,0.7965992578536762,0.4667122050881175,0.424647352903341
0.4685512125771202,0.7042607708009049,0.49564548045992657,0.9275026383557834,0.7148103203353551,0.5922819209751755,0.6957659970434042,0.7395619927981276,0.7678821950522253,0.8895029018547601,0.35704573913004894,0.6234355726206731,0.8663956609811798,0.34602980878959816,0.7819798406078882,0.7506404716022035,0.2816811956364783,0.7890692304805671,0.5492780480470978,0.8225900524402839,0.7521713058934502,0.711429050580807,0.852433699149849,0.5544068316765403,0.9510478982796081,0.818181097348772,0.9881852464467862,0.866613883148464,0.0,0.6388583972555548,0.7208728063602179,0.6557836006236142,0.6742251494551321,0.7370443192516272,0.6233302058536478,0.7296366561836329,0.6456023216197394,0.511293052100299,0.7175137629191178,1.0788441299418632,0.6906078293493312,0.8062672354078166,0.6451955372538598,0.5196890571167596,0.5906446449351457,0.4127441483451626,0.7825845779348687,0.4665637619704247,0.4554377285709063,0.4176288309926192,0.770690166801576,0.9554935190269116,1.0255852299820964,0.4701895916707559,0.608206035943474,0.4235918946422924,0.5331571163696088,0.805374812499895,0.7644282700832957,0.9096645125228012,0.5050705565281634,0.46876715864901086,0.45039552042861497,0.48528235751357496,0.8393280920355707,0.8676943154822793,0.7220304945410583,0.8319347568061272,0.49198078078568586,0.5110284449137833,0.9037550837428701,0.7397299463403902,0.7052103200345397,0.7586949662680578,0.755588292593848,0.7780226764847377
0.6088106592186602,1.0847730197571588,0.5523371050933263,0.5217502156773407,0.4189640543715723,0.8326838644205854,0.39917287401147206,0.5228881208677196,0.6933471267974132,0.8345196095116505,0.5014359769514065,0.2968044385369886,0.5425148344513363,0.7837904294893782,0.9094598977397275,0.6837580190489121,0.45279340159642656,0.7615121521986339,0.5718211749038321,0.6666416193028395,0.3849567018324345,0.777360668942426,0.607148565675725,0.807186405385365,0.8309940550458572,0.7207917563007455,0.6599050963657496,0.6530232609694184,0.6388583972555548,0.0,0.5265375907525969,0.4809058611850428,0.8874967740764271,0.5710130517607135,0.3427897858713306,0.37571876654901465,0.43375380209174424,0.48788108000073516,0.5809020198443875,0.44930939634134237,0.45571767045687883,0.6854114459227696,0.606999257590954,0.08020902953196372,0.0,0.0,0.0,0.20515323297341825,0.0,0.0,0.4570978617271036,0.5153140947412773,0.39463876895930494,0.6345145723505232,0.5573648233480812,0.0,0.015181824785288338,0.3728264988047503,0.0,0.39347049412318114,0.0,0.0,0.9596138426912139,0.9552655233454365,0.4656654166539883,0.4963033578981841,0.5506128057889872,0.7208582053102969,0.0,0.37087572688604603,0.48126503292938394,0.7040536978448859,0.5250868347720156,0.45641535682861034,0.4191508346147113,0.3609309373253781
