0.0,0.4705600336089024,0.32821044272153277,0.0,0.41666660810896067,0.3027706220689222,0.43786831440614943,0.2589493669628082,0.4004587255182638,0.812849894959446,0.3754116427230596,0.5036225768197948,0.5968469744379508,0.29643371964128096,0.2324530150608916,0.5357964431539116,0.04894175995947883,0.5226411038183014,0.0,0.4211814841927298,0.227038888197216,0.45499045655272147,0.29941420042116174,0.41391959771381287,0.4164749913820793,0.4853737929344434,0.35878848327936513,0.4373135370157983,0.39055195855002045,0.5455819121474055,0.3440837083839555,0.3210777670501684,0.4231130300155852,0.14001834554202405,0.20738783795130353,0.5956575469580665,0.5009339268283521,0.44043289132304386,0.2931633871090792,0.40496284467750954,0.11688107308004181,0.4934215854281563,0.4797490899537238,0.0,0.42950636371678386,0.5312577134931564,0.5330522767280954,0.0,0.0,0.0,0.4472304434763843,0.0,0.5634693402494496,0.0,0.44599558315184107,0.0,0.5156956426102329,0.7264256786783947,0.0,0.55079752821749,0.37193763015855974,0.2882709243064447,0.4330371572545827,0.0,0.43145733275016274,0.6637957837208857,0.38225203027289006,0.5830497772829658,0.4350584166044766,0.5830682841261967,0.5559865119568137,0.4783581512813455,0.4008834583394737,0.47896017856688716,0.0,0.4638944174152881
0.4705600336089024,0.0,0.5092050585885802,0.31392152252370714,0.22755418711317227,0.365619293937841,0.26930173359861204,0.5918252170008881,0.4611432163494091,0.42734244024029566,0.32422454806859935,0.43511773904646156,0.36574782265924793,0.48701120410196774,0.27030982175195173,0.53691494251203,0.5742984181328872,0.5984751847133238,0.6130407504194992,0.5099557353552364,0.5931965843644335,0.5975114320872075,0.46441815853291957,0.4431937908437127,0.6441882705875744,0.42693188668266707,0.42916906744743,0.2938422544745068,0.3472027005307405,0.004066756166236807,0.4017760951410636,0.23214970981883748,0.28201715403429506,0.21175311629388197,0.3030448161430104,0.44373733102902996,-0.4018510780474414,0.0,0.11973447996592582,0.28141680069978153,0.24311056728638947,0.0756211584646751,0.6118405627445811,0.0,0.0,0.6322945856282782,0.5317458189383095,0.04541322853326542,0.0,0.0,0.2813068574800754,0.5883192944452775,0.5417825036338024,0.5621286954420277,0.6321157437138916,0.0,0.4278669756632014,0.5995142339227199,0.0,0.2785831767003443,0.27455758004532804,0.6374215043714406,0.3809904859354341,0.0,0.1881028826642527,0.7836089666262561,0.332840730845818,0.9283444206525363,0.3742617799211643,0.5242938852499354,0.46290016829970443,0.18087306142704157,0.5806563552332037,0.26538878187299103,0.0,0.26401780337817204
0.32821044272153277,0.5092050585885802,0.0,0.38469467104106875,0.6205259403738659,0.5951178768304533,0.5230815951638426,0.8303594105280239,0.662850812215646,0.4172653367763134,0.6240188301028768,-0.17060379326818909,0.47841304759902564,0.7198665032576343,0.3422591391925032,0.37279339286405655,0.560926901115977,0.5089501160682405,0.5621506820524682,0.3652414674526743,0.33582566882837733,0.5851208518259399,0.4840584524333603,0.39499253837614534,0.5296936063230966,0.4527335640961795,0.8464941714745045,0.5368915747178253,0.5387535232008007,0.6351941630063674,0.4739817760113461,0.5073558381725972,0.4683143677168494,0.5096533554150138,0.5836059453997982,0.7521638200503598,0.41213377081591684,0.41654357593408686,0.68855682843325,0.4672181833203539,1.0399616535791045,-0.718228604845513,0.841237760580992,0.613340308453352,0.0,0.0,0.18986688760745923,0.7017016511764127,0.4702317642453206,0.668636839736704,0.6343249633570314,0.5968517098099754,0.706335251742723,0.8825993608332643,0.37977714371826343,0.4793043134608218,0.45436833219717104,0.6334369568618959,0.745155153656551,0.24359149390068413,0.0,0.0,0.0,0.1616970661632855,0.5826474040195605,0.4294274149055307,0.09686097567484007,0.6168758759842474,0.0,0.626111407175252,0.3389689141010652,0.6725048550733465,0.7168227747899945,0.5970758255733708,0.6704110034017934,0.3596537966733596
0.0,0.31392152252370714,0.38469467104106875,0.0,0.14108770375327667,0.3460251736962383,0.31684658309433955,0.5519478309863756,0.3829001644136715,0.22632895630399713,0.4498878317308346,0.16267163484793545,0.2845812580302366,0.35111301572621345,0.5556715410641168,0.07674238929244306,0.5272199288181804,0.4768749048398986,0.33785871514998356,0.3788841591221948,0.44758048264801464,0.1272968067329065,0.4065511608367802,0.2141088042802946,0.8651799219088021,-0.280218982457457,0.3217906127869759,0.2914590821825104,0.032513976394026756,0.460349626624318,0.25176559931216125,0.4812875636988436,0.025544354600796126,0.327200736422221,0.45148181203481375,0.3732181803129719,0.23935172114206432,0.2448648855396997,0.2653504372583881,0.2800505086343284,0.37548522430378006,0.49955907575855907,0.42602876445254634,1.0847986212903151,0.0,0.0,0.0,0.36689040351945046,0.0,0.0,0.5803868530206815,0.0,0.47140238912142446,0.03444714182993755,0.0,0.1668717041189729,1.0789873575345736,0.44621426406997977,0.0,0.0,0.0,0.0,0.0,0.0,0.0,0.0,0.45195545025156675,0.5182410651270232,0.0,0.0,0.0,0.4530909274968232,0.5153405047597337,0.5585874438191573,0.0,0.0
0.41666660810896067,0.22755418711317227,0.6205259403738659,0.14108770375327667,0.0,0.5188210669326745,0.5051089417314437,0.6382976644572004,0.44419151125009837,0.14388264532515568,0.45028238826007383,0.31070421235455487,0.5221978573180764,0.2131968766419578,0.441028422416327,0.4789826059151288,0.5143484422984099,0.33992065177190944,0.5287355813724872,0.4541220580489586,0.4587854829969839,0.3164815950309586,0.5260771489953555,0.5082769440213059,0.20526688970275897,0.34555029522847025,0.5557633459536986,0.314490619984022,0.5609989224426984,0.45307507205023656,0.3900985107368652,0.16514775030193435,0.48177924580204645,0.39071135473213137,0.36059345554891126,0.21382374395273268,0.19260636790490848,0.3874388737762558,0.11957724166164663,0.7175605682936848,0.050841550979167316,0.3168744528481702,0.5802283949957174,0.6870920200266109,-0.031806906667718654,0.0,0.3840657184513194,0.6198137304071185,0.0,0.5833350692993526,0.5077579159986378,0.5502913080812256,0.5118987529706043,0.7311394435452874,0.0,0.5121371532746417,0.08908196035342614,0.6447711054152214,0.5178613772434089,0.24480408502172907,0.44730046104308496,0.0,0.0,0.6485949000706894,0.3074309385181346,0.4941136039772456,0.3930931390070776,0.5487324748789605,0.0,0.4672663212770104,0.5608947721504512,0.4622706041630418,0.5357057375906742,0.4182736081828199,0.0,0.45170420485877705
0.3027706220689222,0.365619293937841,0.5951178768304533,0.3460251736962383,0.5188210669326745,0.0,0.6021157727816441,0.4077369199591506,0.5749997222517078,0.4772025496398513,0.5609792638823873,0.35128863184587383,0.6796042947954594,0.5753147498807526,0.5336420713969898,0.4948901124504893,0.4982321746457004,0.4974836039982959,0.7282905652321584,0.5456468544740232,0.63513995457451,0.39651463880338256,0.5023553333752618,0.3438968672819753,0.3132329815871231,0.5671355778837025,0.5773156769876874,0.5847690012879332,0.35792598468574915,0.5160170691186458,0.5083528005403068,0.3059765144007333,0.5608258982689622,0.4635042422945178,0.4681660307666745,0.44231673284169115,0.40388718921828226,0.4110944399576486,0.6044903022383212,0.3066885704957086,0.4746084080563283,0.08973873707151875,0.5418928313984366,0.4732786532816458,0.18883560548924877,0.5758087349336143,0.5239913568341031,0.6626231840528607,0.5539235174314023,0.40970596516308266,0.5686060861929838,0.5870185824294369,0.6261912026236619,0.8006317775210665,0.6149488867731163,0.7780464695233448,0.34308563068282516,0.6001142635742762,0.5578296681149183,0.6455415760250585,0.5684324051577907,0.0,0.5307408357251929,0.4656458374844259,0.6778407038537335,0.44300489320720315,0.5551709067466799,0.5664334653999572,0.5775152446369722,0.47147084170129455,0.5267339458491269,0.5460095197270107,0.5321981291729586,0.627505157092769,0.43821815335196157,0.5444441908090951
0.43786831440614943,0.26930173359861204,0.5230815951638426,0.31684658309433955,0.5051089417314437,0.6021157727816441,0.0,0.4787737087458516,0.5966286419952391,0.1857302186822034,0.47010004090381907,0.1916492209026628,0.4486368071047217,0.36834788042113875,0.48620318915283617,0.5062941978043792,0.36676587986078746,0.5129262410739097,0.4662340654058119,0.5107570524062459,0.3934436655743475,0.40724465862601633,0.4417738349721493,0.480700446074073,0.33460804225486784,0.5416558563477925,0.43020908139367553,0.3519537248013802,0.5617140408810306,0.4504258424736192,0.44932892165487137,0.5275772550880089,0.5233248664292258,0.36453399062573233,0.3736306217138248,0.5310532754246464,0.36449544500872205,0.5754106259183853,-0.371790598741091,0.393940788087226,-0.1488371306189598,-0.3520474940278739,0.4090242054119657,0.7404791507846397,0.3215808506726511,0.0,0.5481932755507655,0.43411821090754227,0.0,0.49933238319876627,0.4753713093796083,0.6266561921475569,0.48672956151105773,0.762939599262933,0.5552776984869814,0.45566773758957235,0.01562002303132179,0.44816814091232793,0.3645255917124238,0.304954606258818,0.5839339458048424,0.0,0.5166431809487788,0.33227211604613544,0.5607296885420537,0.4838824175469312,0.5779283200016899,0.5173654166322261,0.4665849972659174,0.5918006512715244,0.5093855862868952,0.5075002630843086,0.5322380511313551,0.5151999373076952,0.763001926609425,0.4705659229528306
0.2589493669628082,0.5918252170008881,0.8303594105280239,0.5519478309863756,0.6382976644572004,0.4077369199591506,0.4787737087458516,0.0,0.8627816621526239,0.5280339849730744,0.8510749513750255,-0.036928230525743067,0.4713378926467067,0.9004180336933605,0.40638543965035623,0.4816257387639418,0.4367601372911255,0.4698562935369885,0.7261601337762259,0.39754821231276827,0.21650951745947028,0.5354909109990543,0.5095880619364339,0.25141081757002237,0.5285497345151512,0.35088768709297663,0.4249105067489408,0.40141929295074874,0.32284827097027324,0.27458379961780294,0.4242609516977652,0.32083460793027363,0.3876424986828898,0.424692930159701,0.340110640083139,0.6234120532238232,0.48784674168925435,0.6071608818238191,0.42413454693547603,0.42793403375752354,0.2711280460068146,0.48076041902972655,0.49659267590609746,0.42906987586023515,0.0,0.5494052200738953,0.34923865294802314,0.7418856516464085,0.0,0.544771672699121,0.43326664859467034,0.4732711903447556,0.4247538667214801,0.7254979692758261,0.8256330485757062,0.5225104585177026,0.9477711961629136,0.47862128956926553,0.577913950513819,0.5961091692649865,0.37744341675927995,0.0,0.6509582847890119,0.7418002799311258,0.8575417624426511,0.16725029185997764,0.4255911444272216,0.46925803000618743,0.0,0.39777596918319924,0.3694872876449958,0.40319859670559777,0.43837486649171997,0.5936275247836869,0.460767721349275,0.3444239935970955
0.4004587255182638,0.4611432163494091,0.662850812215646,0.3829001644136715,0.44419151125009837,0.5749997222517078,0.5966286419952391,0.8627816621526239,0.0,0.46086055401082937,0.5576015795791232,0.19995883700982803,0.5517362007926724,0.619498123786012,0.5444367535346916,0.4885606039398838,0.39115753525169633,0.5549673146348524,0.5685516469742815,0.7386490952064788,0.35204501921968934,0.6196140335326554,0.5125504686213503,0.4390074860585664,0.558212159745847,0.5983814503800371,0.8404915059868414,0.42522409108122905,0.43840302509471646,0.46473651707645147,0.3696395571764709,0.43472729172186614,0.7279609734858952,0.42338562523150414,0.39968700513385236,0.5059307212945778,0.37355149885100225,0.41962581655743525,0.6848888670659052,0.4745778062639232,0.3545003110699361,0.30551845823694357,0.7236046921900798,0.4272994103819909,0.2684952320435465,0.0,0.46854290674103705,0.7765059622481774,0.4632521852468061,0.8312663723336755,0.7343972404297673,0.6979175612304986,0.8159548358738651,0.7453254664537868,0.18308614662936118,0.8817798838166316,0.4064897855831001,0.5430891602464156,0.805334413852999,0.46550995524169414,0.6647852919652619,0.0,0.0,0.8114077461847488,0.5762641953877637,0.6743470506072664,0.5234826167364866,0.7016791051751025,0.30901593097057944,0.5383137735549766,0.2852848493268495,0.6775763624959852,0.7020751039405382,0.5399831659453875,0.4963145918663182,0.5928115853083241
0.812849894959446,0.42734244024029566,0.4172653367763134,0.22632895630399713,0.14388264532515568,0.4772025496398513,0.1857302186822034,0.5280339849730744,0.46086055401082937,0.0,0.4800997795207736,0.36986407325307213,0.3638262396086016,0.7360106091619989,0.4682996273919335,0.48146522409105363,0.7734237175792094,0.39275980483525175,0.3973297258435464,0.383877215247639,0.6498636352277078,0.43069107226876613,0.39124347079766286,0.45633479522732745,0.7510608823588353,0.4933620364319581,0.32384171685960617,0.6180400086352972,0.40091466577360735,0.37224525271888964,0.721444640349118,0.19391924172670563,0.5512924910712217,0.40938045204560936,0.4783817750672047,0.48020062945892994,0.37476510707550187,0.3676528284408168,0.06555271366812371,0.26752592955910803,0.35320333950363014,0.356829850845766,0.3798528860269468,0.2800325406392042,0.247918010872978,0.7282226122144089,0.5330992572576168,0.13873605176552295,0.4712554620138033,0.41356042306888463,0.5090218630380106,0.42369990720290135,0.5622115293182405,0.2236601504362545,0.45585828386526145,0.3902376189924921,0.4397762365498944,0.5522154784991941,0.0,0.8963758633214887,1.076809195673318,0.6843373168294954,0.9293367311544966,0.47087610003662106,0.46559556846689537,0.5495069574258482,0.3378159665961001,0.5251951551368759,0.5147380405216432,0.8811884975524331,0.6510344345034871,0.5397645974810628,0.5762202304214412,0.39358511656091755,0.0,0.6095938120480968
0.3754116427230596,0.32422454806859935,0.6240188301028768,0.4498878317308346,0.45028238826007383,0.5609792638823873,0.47010004090381907,0.8510749513750255,0.5576015795791232,0.4800997795207736,0.0,0.30736803902918963,0.4120723671495123,0.6707122176427688,0.0,0.509871758814763,0.5640065479278857,0.5514436103353855,0.39142641118322963,0.4473419696837617,0.49882003949478176,0.3698275715676554,0.6017942085117145,0.7000733934292566,0.5344061745516059,0.5466548219870295,0.7438181854100865,0.4436285235672802,0.415675625235693,0.49956500564927675,0.3721647345760439,0.4369493965748574,0.6526718274071541,0.4894276012003867,0.4126833122629318,0.45065844540669436,0.5742807384343915,0.460095671678157,0.5607486771592902,0.5358868589983641,0.4755330247036863,0.41420478867077215,0.8326355600912296,0.5546527195739894,0.1751271590737321,0.0,0.0,0.8041070965287038,0.47046284786725534,0.9266377176890597,0.703639144658571,0.8124974930603075,0.7301775906558091,0.8728239367328705,0.4233951549266661,0.5885243113147788,0.04750699155287305,0.89222857756237,0.5571168322445399,0.0,0.0,0.0,0.0,0.6866026803076395,0.3423836820462446,0.0,0.6604714576616285,0.7058765928656073,0.0,0.0,0.8728157604477376,0.6941059833841067,0.45014075979422097,0.34949649197705646,0.0,0.5247967815848666
0.5036225768197948,0.43511773904646156,-0.17060379326818909,0.16267163484793545,0.31070421235455487,0.35128863184587383,0.1916492209026628,-0.036928230525743067,0.19995883700982803,0.36986407325307213,0.30736803902918963,0.0,0.3802052719879686,0.6021260585335921,0.4035268091407753,0.5890839385424012,0.5057177017349896,0.5961867922221884,0.32268954713052594,0.5649049772966652,0.5695378845676577,0.42724395315101665,0.1245535808697178,0.6429732434885139,0.6748082816268672,0.47232826700777936,0.22134314782358971,0.5698117797499734,0.5790787239120934,0.2927332171747583,0.5182614654608476,0.172552305336736,0.5671768166590496,0.37172239987125383,0.423296241850679,0.37123025150806044,0.1937668527000216,0.15097436974667414,0.2700177731368788,0.43888696516316084,0.4126508476722125,0.24606363169785295,0.5060975242733972,0.40817163948835433,0.2317815478601217,0.40372920082883856,0.5734048121454097,0.2447404903481451,0.19754434107874208,0.2571220672741117,0.34858960990045074,0.46861443128738595,0.24659165799852253,0.38129638101828606,0.5497772061290676,0.22161826445861793,0.6114498139066674,0.43635224331080824,0.6774355125550675,0.6274459218265818,0.9245027001452684,0.6988589028643866,0.910171623955489,0.34183381082965225,0.7402977156910144,0.7587432581312539,0.41871013235963805,0.5288892256780315,0.5921409363473823,0.909773681678133,0.6680712601439408,0.3291704132384103,0.5716696088417784,0.44801566886656785,0.0,0.6776229317831493
0.5968469744379508,0.36574782265924793,0.47841304759902564,0.2845812580302366,0.5221978573180764,0.6796042947954594,0.4486368071047217,0.4713378926467067,0.5517362007926724,0.3638262396086016,0.4120723671495123,0.3802052719879686,0.0,0.6354499271376743,0.48712298724355396,0.5494093703961266,0.3555111083293692,0.5868888899345717,0.39593691628081173,0.5859608857506572,0.5116489170658218,0.46522824764661774,0.4292127430022502,0.4527331378036088,0.4650666061755456,0.5466692443129233,0.45662367570487095,0.509465939013964,0.5916989076858812,0.39397784151058596,0.3460728050866638,0.4421515173538718,0.39434820104977675,0.4772112482301645,0.4775884291351207,0.46708722149602555,0.29745229360091197,0.4708466521417259,0.19254553831657162,-0.06322165568553423,0.17814868083996777,0.29439078508070204,0.6017976240984005,-0.07390285982006031,0.8878527722602395,0.5753412180264639,0.6187811553690526,0.6342657402340424,0.0,0.6019174017815602,0.5487982653420579,0.5430637187316503,0.4681082808193644,0.7928810416491472,0.49039472202437673,0.6211888236048315,0.1575795036132801,0.6696623719163555,0.39825252394607946,0.33314226199351493,0.46840440442521625,0.37713985052642485,0.5452524771994616,0.7355032213719079,0.6177131453857685,0.5524951385543497,0.8738694906947384,0.5567065998755005,0.4888176861636244,0.47405118944068303,0.4590719722984182,0.5562691707147882,0.533934452945878,0.49013353295628437,0.508820399731672,0.4898298983359211
0.29643371964128096,0.48701120410196774,0.7198665032576343,0.35111301572621345,0.2131968766419578,0.5753147498807526,0.36834788042113875,0.9004180336933605,0.619498123786012,0.7360106091619989,0.6707122176427688,0.6021260585335921,0.6354499271376743,0.0,-0.42999709278683684,0.5552678184116346,0.4576550954978712,0.4976131032385619,0.7555791641351155,0.337003912485264,0.4087061953659379,0.18411137286030768,0.6577817455288731,0.5982723649547101,0.5197373934921627,0.18366717700713386,0.48886420926966645,0.8427077882963059,0.5662484233601865,0.7520649855502601,0.5526388807402037,0.3886210407742922,0.2475708096159314,0.9000579149588719,0.44134017450281243,0.22196915566285433,0.17519402622217048,0.3996813951294552,0.4836880585119687,0.0,0.6891629402973776,0.8148198581063612,0.8414952408899095,0.46948903157045774,0.0,0.0,0.0,0.8039711791080396,0.0,0.4871732620371435,0.43954038820576896,0.46765817461633463,0.6669144576929928,0.6375042267922042,0.0,0.7496259348840655,0.38719507393537456,0.709828509183271,0.41729091735970497,0.0,0.0,0.0,0.0,0.6907384415048236,0.0,0.0,0.0,0.581055762025136,0.0,0.0,0.0,0.3188010590593475,0.7168061686182972,0.0,0.0,0.0
0.2324530150608916,0.27030982175195173,0.3422591391925032,0.5556715410641168,0.441028422416327,0.5336420713969898,0.48620318915283617,0.40638543965035623,0.5444367535346916,0.4682996273919335,0.0,0.4035268091407753,0.48712298724355396,-0.42999709278683684,0.0,0.2725801244900894,0.40004123217869975,0.2730252336943586,0.0,0.524969347372345,0.3840598455592668,0.06457272137680065,0.38506298077420587,0.07824658134109766,0.29541869312170616,0.187060522245497,0.2858887955926716,0.2519349505797493,0.30830166824352345,0.3625818649293202,0.3220737077170194,0.15826110742776892,0.2677228489007393,0.16873301804915658,0.20260515711042387,0.33849810103882394,0.36383041422014184,0.372522153931123,0.3478786436448097,0.447495838025913,0.32700213913458964,0.36212438903994876,-0.02920847646394259,0.6106943502348213,0.0,0.3378868308522974,0.5780550431543434,0.4431136630008652,0.0,0.0,0.5171487035021521,0.6712503677958062,0.6459406553203504,0.5158277057552033,0.0,0.0,0.6394096481874287,0.6628539287413852,0.4724147472518889,0.792570710830947,0.2245783791967586,0.610921991172962,-0.6050221863955172,0.0,0.7999473588585679,0.6094590865315946,0.6641580263794016,0.8020337772531407,0.44154162456723356,0.23238670309024873,0.4811691986942753,0.6903918047930105,0.4000784306816088,0.5265481740220438,0.4981775075186773,0.41570137581881056
0.5357964431539116,0.53691494251203,0.37279339286405655,0.07674238929244306,0.4789826059151288,0.4948901124504893,0.5062941978043792,0.4816257387639418,0.4885606039398838,0.48146522409105363,0.509871758814763,0.5890839385424012,0.5494093703961266,0.5552678184116346,0.2725801244900894,0.0,0.5670719167476723,0.7701830944678867,0.44758350083501997,0.5597456652453469,0.39052841451231723,0.5524543505699523,0.44323452105872196,0.6458285322944722,0.751599376531188,0.38588195581031737,0.3967379516936942,0.5033775752238825,0.45293056622173694,0.4765116721139053,0.6781267542681295,0.43440473372531707,0.3377383461129889,0.33871605710172775,0.3606968474784035,0.6217558421852029,0.34096257711290767,0.5836408850683621,0.07313521128467476,0.17254222103925607,0.0876970376909259,0.10484456398285436,0.4734334221872205,0.0,0.0,0.4639860791417188,0.5512179702818093,0.0,0.0,0.0,0.519291163702446,0.5807590284168249,0.8653985673659825,0.0,0.1421232058010306,0.0,0.43250541422971556,0.5936796861846958,0.0,0.29055989417413586,0.2921253049519325,0.5801875617476475,0.4379379608728492,0.0,-0.08338814342833267,0.5574048262650162,0.10231074311674021,0.5597683168304933,0.37251775247149665,0.5850479950507164,0.4847376058367883,0.5588240755837514,0.6056634024454481,-0.23121425948076396,0.0,0.045332175932591035
0.04894175995947883,0.5742984181328872,0.560926901115977,0.5272199288181804,0.5143484422984099,0.4982321746457004,0.36676587986078746,0.4367601372911255,0.39115753525169633,0.7734237175792094,0.5640065479278857,0.5057177017349896,0.3555111083293692,0.4576550954978712,0.40004123217869975,0.5670719167476723,0.0,0.8402937429559518,0.5776378801857331,0.4021034535825512,0.4351295058995654,0.46221995264957294,0.46570565282544396,0.5084802088038403,0.6743666793087529,0.47721511348278933,0.5442387782763674,0.6634473935579277,0.13117303059876162,0.5158204165723421,0.60700936878983,0.4512446224167121,0.4510178381211445,0.29647936224280225,0.017037416138047268,0.5845462748703202,0.2391674175991172,0.20979388843599142,0.5597005857110691,0.07117764314487257,0.3250304706597372,0.5838485762078965,0.0,0.0,0.5026823531203268,0.6261400953184915,0.6193215543642112,0.0,0.0,0.0,0.0,0.0,0.0,0.0,0.2447832268680309,0.0,0.20661166302954664,0.319889260586131,0.0,0.7761290816273908,0.5017136073457121,0.43901451918788065,0.6087835261285455,0.0,0.0,0.0,0.5598467012643612,0.0,0.46747325538971174,0.8283681091745363,0.5987944958688532,0.0,0.2731813084912469,0.4640603015726358,0.0,0.3613793332843782
0.5226411038183014,0.5984751847133238,0.5089501160682405,0.4768749048398986,0.33992065177190944,0.4974836039982959,0.5129262410739097,0.4698562935369885,0.5549673146348524,0.39275980483525175,0.5514436103353855,0.5961867922221884,0.5868888899345717,0.4976131032385619,0.2730252336943586,0.7701830944678867,0.8402937429559518,0.0,0.8068785532452301,0.6184310841565381,0.38479264494177934,0.6135424800500744,0.3665509667731779,0.5821841759652902,0.7226573368749473,0.4352857693489942,0.4563738360434251,0.5108247491840157,0.5023486416201144,0.32090582739125406,0.6049759006813173,0.4621345340285036,0.42988947394559995,0.48301329087778627,0.22070953850230945,0.9699190955376848,0.24628142920011253,0.10496442626054231,0.40287030180352373,0.45894234198749584,0.38325898369272715,0.38025183384034766,0.0,0.0,0.5933063004802577,0.6339260200344476,0.6006615700780256,0.0,0.0,0.0,0.4643988807245525,0.5423369480569482,0.8554760805722236,0.0,0.3693617633936088,0.0,0.17637267900229753,0.5042712989909445,0.0,0.5330628284198816,0.44704469188507256,0.42158228875849746,0.5475298381540935,0.0,-0.34963064913482,0.6124486171950981,0.33149014397756327,0.7124969600622243,0.5286866258129665,0.6678829532762369,0.6978810407968701,0.47678050714819964,0.6778792599944711,0.45974439246525795,0.0,0.5236862745490588
0.0,0.6130407504194992,0.5621506820524682,0.33785871514998356,0.5287355813724872,0.7282905652321584,0.4662340654058119,0.7261601337762259,0.5685516469742815,0.3973297258435464,0.39142641118322963,0.32268954713052594,0.39593691628081173,0.7555791641351155,0.0,0.44758350083501997,0.5776378801857331,0.8068785532452301,0.0,0.5378483057916665,0.4509708683940367,0.6727159205795721,0.3873865401534552,0.43430937868243374,0.5068644079734297,0.4606631241741972,0.7961184828328329,0.42226195390455057,0.5870291604464233,0.5845836254558067,0.3183314418697717,0.45841230628466095,0.5146318486124772,0.4335794313455745,0.254541571126896,0.6478375602318701,0.3145465870394838,0.33325449410588964,0.3355621424118491,0.3876664493143078,0.3756389336542749,0.18585052367265803,0.7527489417939974,0.3443049952389633,0.40257111062800904,0.0,0.0,0.6952143858351884,0.0,0.7950838666193225,0.48704501616255597,0.5409030921404245,0.5778743768670456,0.7633294953683221,0.8543965039031467,0.6349423396857294,0.4864665195382611,0.41908405240775304,0.4343793224753286,0.0,0.0,0.0,0.0,0.6637910901907016,0.4701050799962521,0.0,0.49313638385735536,0.5759764199514827,0.0,0.0,0.0,0.5486454047469601,0.48509646210469715,0.42898844234614497,0.4643618065511338,0.5316198531205018
0.4211814841927298,0.5099557353552364,0.3652414674526743,0.3788841591221948,0.4541220580489586,0.5456468544740232,0.5107570524062459,0.39754821231276827,0.7386490952064788,0.383877215247639,0.4473419696837617,0.5649049772966652,0.5859608857506572,0.337003912485264,0.524969347372345,0.5597456652453469,0.4021034535825512,0.6184310841565381,0.5378483057916665,0.0,0.5782977265169837,0.6285356533759843,0.47939923387166217,0.5431922814174397,0.5036284755017567,0.36739716966680536,0.6329870392618839,0.4711953591652118,0.5969724796975622,0.5440436468369417,0.574515437667122,0.2353012689425775,0.25283763735369547,0.3748702072066171,0.35285977648436223,0.41883884275993605,0.22264509151779588,0.7615688116675088,0.4376850025305591,0.3931624275802943,0.3554712225912178,0.3808275033381365,-0.05806808843481395,0.24543350007271347,0.18830536325115999,0.43620711448680183,0.33435361510230477,0.4438872328272738,0.0,0.0,0.3816919339997938,0.6139873392804838,0.7865050719981608,0.3961611990751649,0.9272156847066151,0.0,0.5167178449741593,0.5383685424013698,0.0,0.6812476698075531,0.05578879605127274,0.475970419766366,0.5699830927763964,0.0,0.6054114750544862,0.6980850703454466,0.509402845916546,0.6409379791872738,0.0,0.35715474237458233,0.36517757825968145,0.5523700955267759,0.36573511726957264,0.49709586810170125,0.39034910110564147,0.3893651148251335
0.227038888197216,0.5931965843644335,0.33582566882837733,0.44758048264801464,0.4587854829969839,0.63513995457451,0.3934436655743475,0.21650951745947028,0.35204501921968934,0.6498636352277078,0.49882003949478176,0.5695378845676577,0.5116489170658218,0.4087061953659379,0.3840598455592668,0.39052841451231723,0.4351295058995654,0.38479264494177934,0.4509708683940367,0.5782977265169837,0.0,0.4934070609851076,0.4500124429966338,0.36976204129328494,0.38241849716963305,0.4858489290215079,0.5181141369320347,0.5222179613747806,0.44605301082267457,0.5395373604975604,0.4028871578395235,0.14018375390864685,0.2746757420635147,0.34577122518043196,0.2505286431463515,0.4953213417374571,0.309575463701398,1.4432582611666043,0.44270296054721114,0.5272451835085974,0.30446870476506543,0.49236833048884865,0.5592279847643958,0.0,0.0,0.6586350902852067,0.6041691536282028,0.6166805536967734,0.0,0.0,0.5135351116479925,0.3975691426427167,0.8439502735643242,0.4822153392930412,0.5589123229440143,0.0,0.7421961322457153,0.49486311327799687,0.0,0.7033991358843846,0.30201967567495785,0.0,-0.5074333240017588,0.0,0.8202391194089078,0.7561308615088866,0.6347725864619517,0.7089255012892055,0.770792919170637,0.21581185608514852,0.6055123995359479,0.6805886101618395,0.5858171933791587,0.6911182357989687,0.35098677647842497,0.34280390029428204
0.45499045655272147,0.5975114320872075,0.5851208518259399,0.1272968067329065,0.3164815950309586,0.39651463880338256,0.40724465862601633,0.5354909109990543,0.6196140335326554,0.43069107226876613,0.3698275715676554,0.42724395315101665,0.46522824764661774,0.18411137286030768,0.06457272137680065,0.5524543505699523,0.46221995264957294,0.6135424800500744,0.6727159205795721,0.6285356533759843,0.4934070609851076,0.0,0.4311627900986267,0.47559665803929274,0.6725992396953265,0.47738406913311976,0.38537433533394283,0.5337950860674172,0.4060578060516498,0.5509492090725145,0.3585454316509606,0.17537474137314601,0.19242863479200242,0.19831110575879624,0.22345238821211044,0.29827883603598593,0.36390790731372036,0.5294803904462742,0.13511185855168098,0.08687899036941868,0.17942541712125065,0.18728435382496983,0.43138773945284087,0.3436610030120537,0.23009712980463357,0.6150790142100251,0.4391094753918521,0.5689294146707408,0.4702824450454043,0.23850237348568248,0.403888038194116,0.6285664157476236,0.5904266198503055,0.6356491213417719,0.39577603866712413,0.0,0.49254781133196823,0.5772212236175366,0.0,0.640221817350507,0.14644241922092188,0.420425727671086,0.028153398744860336,0.0,0.3769310431831539,0.6698469064201833,0.3996620118091473,0.6168988022090333,0.7130272468571615,0.24752692356029754,0.37938844497720325,0.5749504798006086,-0.15734518384822155,0.336930548874663,0.5555760873991612,0.15812397371973344
0.29941420042116174,0.46441815853291957,0.4840584524333603,0.4065511608367802,0.5260771489953555,0.5023553333752618,0.4417738349721493,0.5095880619364339,0.5125504686213503,0.39124347079766286,0.6017942085117145,0.1245535808697178,0.4292127430022502,0.6577817455288731,0.38506298077420587,0.44323452105872196,0.46570565282544396,0.3665509667731779,0.3873865401534552,0.47939923387166217,0.4500124429966338,0.4311627900986267,0.0,0.2739758105408703,0.4158297192985275,0.29987755480056466,0.4066086080371708,0.40084509398958157,0.35210296786658524,0.383041863167594,0.421617299848587,0.30250215459928753,0.31306627129954423,0.39423394759181885,0.4022565223127561,0.5235658529370767,0.40183325046155915,0.2528578768167329,0.5978529464608271,0.6720615825584073,0.3624975847795142,0.3642047200476584,0.7442286483741877,0.5535714380273309,0.5067476476865309,0.4318189227490359,0.668809452943933,0.7565134943500573,0.4573816611534619,0.7373377972105267,0.5707280311467753,0.5924577846552366,0.621524241623663,0.8135583051826502,0.5555832845335462,0.7818933840330435,0.43793667907738276,0.563266591617252,0.6274394580426991,0.758265295306822,0.6072976582632252,0.46559556846689487,0.542150017671511,0.751155145751881,0.7200674876153494,0.7152641091488678,0.6919982781559092,0.7002283544655385,0.20959289235989248,0.607295195864687,0.6319649289997566,0.5214315620074575,0.5173075825473084,0.6482976780016854,0.5449706225424479,0.5332661892994492
0.41391959771381287,0.4431937908437127,0.39499253837614534,0.2141088042802946,0.5082769440213059,0.3438968672819753,0.480700446074073,0.25141081757002237,0.4390074860585664,0.45633479522732745,0.7000733934292566,0.6429732434885139,0.4527331378036088,0.5982723649547101,0.07824658134109766,0.6458285322944722,0.5084802088038403,0.5821841759652902,0.43430937868243374,0.5431922814174397,0.36976204129328494,0.47559665803929274,0.2739758105408703,0.0,0.6514426203023613,0.37982447010317466,0.4336852227539141,0.6271957960232122,0.5523506469986592,0.8095799896074757,0.5242537534768461,0.3285149227227301,0.45373558044284934,0.07033663768825987,-0.030768447028260426,0.668768910986242,0.3511288396772211,0.2789979372341904,0.6759042845552483,0.6482902424326824,0.7101626595926868,0.6108575195219008,0.5897684343204002,0.3479722050350527,0.4093049153148406,0.31539483871125695,0.4974126550628608,0.0,0.0,0.4844028875113694,0.5839364139171965,0.3114971596602666,0.0,-0.0030265334140788663,0.4950347910317192,0.5365572515495859,0.46465484684737546,0.42458101361707146,0.0,0.2439825133558705,0.35322125029670665,0.6365611117633356,0.5238273638293104,0.46349527904141447,0.3568106980362117,0.41374820959673964,0.17613222495295144,0.8413644831583018,0.4205994512348705,0.6253450628154642,0.5387349244051145,0.5485761206668947,0.6009925720676669,0.576441800182701,0.0,0.5267005445408924
0.4164749913820793,0.6441882705875744,0.5296936063230966,0.8651799219088021,0.20526688970275897,0.3132329815871231,0.33460804225486784,0.5285497345151512,0.558212159745847,0.7510608823588353,0.5344061745516059,0.6748082816268672,0.4650666061755456,0.5197373934921627,0.29541869312170616,0.751599376531188,0.6743666793087529,0.7226573368749473,0.5068644079734297,0.5036284755017567,0.38241849716963305,0.6725992396953265,0.4158297192985275,0.6514426203023613,0.0,0.33452124170549835,0.4211182803106206,0.37221322371242915,0.3812957204974695,0.38149970532355026,0.5157992399072358,0.26396139993034007,0.40709088966716067,0.3149489879881706,0.21895897015902793,0.42318750634536345,0.5931472497141052,0.41857497308224084,0.4913553052203589,0.5985145167896087,0.4669631035796874,0.4301336583857956,0.09609989935760443,0.0,0.2606884282201544,0.6054083636496173,0.7069901244548755,0.0,0.0,0.0,0.5360873688279187,0.5143390757737701,0.639307756395677,0.43032569647146446,0.36336224705357956,0.4561450954230583,0.351298958962003,0.42223422474375594,0.0,-0.10435870723510904,0.505166243583474,0.5042453177944437,0.6996828489323567,0.0,0.3423792847298318,0.3874530133388919,0.39131220693198276,0.5157721266193707,0.5549273534217888,0.8056812689199198,0.7262075080890791,0.46456930083149817,0.6381101258884687,0.18112259258421975,0.0,0.6147422237701238
0.4853737929344434,0.42693188668266707,0.4527335640961795,-0.280218982457457,0.34555029522847025,0.5671355778837025,0.5416558563477925,0.35088768709297663,0.5983814503800371,0.4933620364319581,0.5466548219870295,0.47232826700777936,0.5466692443129233,0.18366717700713386,0.187060522245497,0.38588195581031737,0.47721511348278933,0.4352857693489942,0.4606631241741972,0.36739716966680536,0.4858489290215079,0.47738406913311976,0.29987755480056466,0.37982447010317466,0.33452124170549835,0.0,0.444286752604756,0.6011168950367167,0.41368037834621785,0.3614901640501325,0.38169645791744855,0.17261606686801775,0.33120040386933264,0.2110152203726431,0.27195352320690713,0.2789407097125562,0.42632315875944715,0.36214974755444224,0.37308623418162346,0.4588849186351283,0.42923540368025304,0.27163006330867123,0.198706295060767,0.5376741182026892,0.24974743908741143,0.47279381233744067,0.6467688859407179,0.646671517752045,0.0,0.0023598854724587595,0.5000375187943614,0.5257549902738877,0.5174973486259522,0.4149818505868349,0.31458792913204237,0.0,0.3956015185846923,0.6030335252074173,0.0,0.702744862114353,0.4060680743006899,0.48195077296435007,0.5893090541134411,0.0,0.35263798994800266,0.7969916494852993,0.5368188232634765,0.6535073386287134,0.475951569018338,0.6939314219836306,0.5912621197709098,0.5539757792512323,0.6058381671139927,0.32997831225326746,0.4422158674542386,0.43223102209068925
0.35878848327936513,0.42916906744743,0.8464941714745045,0.3217906127869759,0.5557633459536986,0.5773156769876874,0.43020908139367553,0.4249105067489408,0.8404915059868414,0.32384171685960617,0.7438181854100865,0.22134314782358971,0.45662367570487095,0.48886420926966645,0.2858887955926716,0.3967379516936942,0.5442387782763674,0.4563738360434251,0.7961184828328329,0.6329870392618839,0.5181141369320347,0.38537433533394283,0.4066086080371708,0.4336852227539141,0.4211182803106206,0.444286752604756,0.0,0.4262461940092972,0.5021060081778729,0.3765201004154447,0.4272163918804762,0.24671578178305675,0.2776230597761039,0.3648719012634293,0.3167716599558935,0.2551950800682422,0.3896402761116524,0.3703047293777608,0.5508008170687358,0.5658238182910356,0.23177950636334735,0.08729781757315619,0.660038865214357,0.5255051487609546,0.39718468945238805,0.39281356616088864,0.5300918452359122,0.8012857227442576,0.47967209129926247,0.7187436652114431,0.5500976813150152,0.5007876508576523,0.5413114742601061,0.8241398823393222,0.6860225736006604,0.7967117916372023,0.34833925870241134,0.5681076898265354,1.010559078703034,0.6770256402143873,0.5852663974824928,0.0,0.4012353374726124,0.8632502669264364,0.6579639662726007,0.6533876766042407,0.5502683345344828,0.526066294894088,0.0,0.5715555754202775,0.47604743110559056,0.5415202513446722,0.5269115363265718,0.6126001248464013,0.4007527974000169,0.4870866777220523
0.4373135370157983,0.2938422544745068,0.5368915747178253,0.2914590821825104,0.314490619984022,0.5847690012879332,0.3519537248013802,0.40141929295074874,0.42522409108122905,0.6180400086352972,0.4436285235672802,0.5698117797499734,0.509465939013964,0.8427077882963059,0.2519349505797493,0.5033775752238825,0.6634473935579277,0.5108247491840157,0.42226195390455057,0.4711953591652118,0.5222179613747806,0.5337950860674172,0.40084509398958157,0.6271957960232122,0.37221322371242915,0.6011168950367167,0.4262461940092972,0.0,0.5025170702960705,0.536833965252959,0.5353255731394069,0.5173356468147413,0.6407816616402645,0.4845486957524364,0.5988679395465465,0.6576028585509663,0.36493061085394957,0.6632846323894352,0.6346718274611283,0.20097504805806748,0.16438429914861574,0.23836815981712298,0.5019795332728076,0.329548469545123,0.8695283823381635,0.5863016015082565,0.5881653757911742,-0.11921017568169268,0.0,0.6242691674267801,0.5939264614075546,0.7332480360944067,0.5400506624456988,0.4953110702808654,0.555673973765655,0.45061872629683564,0.30003830171525847,0.7173512313525922,0.347094089333724,0.5598277269439269,0.458740625704819,0.1752387975679141,0.5613697183190685,0.6598801667939136,0.6316939229231613,0.5543330236471143,0.5025509778018975,0.613885413287637,0.48923960381791276,0.5927455401323887,0.1783998539663808,0.5906297222393828,0.5359796559102173,0.5452502144324894,0.47843943544914763,0.5775589948566127
0.39055195855002045,0.3472027005307405,0.5387535232008007,0.032513976394026756,0.5609989224426984,0.35792598468574915,0.5617140408810306,0.32284827097027324,0.43840302509471646,0.40091466577360735,0.415675625235693,0.5790787239120934,0.5916989076858812,0.5662484233601865,0.30830166824352345,0.45293056622173694,0.13117303059876162,0.5023486416201144,0.5870291604464233,0.5969724796975622,0.44605301082267457,0.4060578060516498,0.35210296786658524,0.5523506469986592,0.3812957204974695,0.41368037834621785,0.5021060081778729,0.5025170702960705,0.0,0.36069516110203304,0.48924072609490993,0.10637949871219515,0.187713862327499,0.36828331339004183,0.2638940940735553,0.14170174687894327,0.2048715450208307,0.49953691479951634,0.4054678116912616,0.46974057590267226,0.07471943380601573,-0.08248730418640299,-0.08325114875233008,0.5102888551274791,0.6179542136861433,0.3998569556884252,0.18850939225239413,0.5182112685343119,0.4806981851368929,0.4143650502651478,0.49943375802953793,0.3459086793511555,0.6837306450915632,0.5004103085421863,0.5919369096153053,0.41348652548375836,0.5545890537544933,0.47255379404854686,0.7857317223995532,0.618436087967802,0.5594467170174705,0.4701100135394097,0.5458483209481402,0.4843418205439146,0.6025810390399067,0.5916410008318569,0.5440968010586456,0.6096758624765584,0.4532644231015823,1.6959176151653759,0.3438249640987373,0.5595720286514043,0.4581973652718299,0.5064250930809615,0.3810132418861881,0.3893534872162561
