0.0,0.5654890912332841,0.3202237928412218,0.0,0.43110240356392887,0.46296015213630765,0.41149517175449823,0.5862672781111465,0.4129567713271641,0.5907194342827031,0.4053847221776819,0.5938943293145489,0.7883716946887914,0.5197542548877156,0.4546964829486865,0.6895563117413338,0.48929386084032955,0.4898064057076949,0.0,0.5648642455196715,0.4799449497742961,0.6428575944107295,0.43492368568627815,0.6674667105309623,0.38893417387075335,0.6325502631728082,0.392720637535462,0.5225480149652593,0.44576984969391775,0.6067710231335822,0.5830106629023558,0.7403127527644296,0.36441432311163247,0.5838691165715197,0.6324228588269207,0.6053613550218147,0.48279037594444496,0.4188106992992488,0.5594446521417034,0.4777099697082361,0.577345169126284,0.6725139648520373,0.4601103445328307,0.0,0.4049155476322465,0.6230266791727535,0.4655181735400351,0.0,0.0,0.0,0.427403966389946,0.0,0.5296347087750239,0.0,0.36017035184248797,0.0,0.4712342844391534,0.6785444216546602,0.0,0.5519840089717508,0.656049510125613,0.24587203976849073,0.5038110220705995,0.0,0.40808128571136615,0.8503532000016216,0.5998632543004856,0.5381071093771909,0.3910798405168695,0.48711104139860295,0.5553940000392144,0.4454580135867866,0.4076711907820244,0.423161462854884,0.0,0.5574381223663915
0.5654890912332841,0.0,0.23640561171950764,0.33963121324143863,0.4645506784088066,0.43850103319697814,0.5532682366673781,0.5184031179854529,0.368050236432364,0.3669819446091933,0.31938638468457314,0.44202253006170045,0.6080305682209804,0.5301145608105454,0.6177161780670724,0.6404344821255334,0.5023562459719129,0.526978396704017,0.6289756754286798,0.28809655665826245,0.4967067444008908,0.5554329376641283,0.4867539859773957,0.39109370171980606,0.44775162431654747,0.46777696655431267,0.27647471607409,0.521252963054617,0.3767906229445138,0.4171939435200142,0.58200622809367,0.6717741990511223,0.3496907720793476,0.5947102087057669,0.7150810313020284,0.41124831897184116,0.2599720560116616,0.0,0.5712628175595339,0.5154563178323575,0.4863376213549701,0.5746827769708701,0.6339612254680589,0.0,0.0,0.6464779215523471,0.49365382931517665,0.05804045333874325,0.0,0.0,0.8659597118328367,0.6123461631588458,0.5526917620347281,0.5526495152542811,0.59166730182248,0.0,0.4226966612557832,0.6052358355068208,0.0,0.4836008796877189,0.6758129606257812,0.5734497317728634,0.5508738400080688,0.0,0.6053286049614511,0.7439148569882981,0.8291441887875648,0.4885614848740608,0.36782855580547835,0.3567806888108306,0.5217940304763029,0.7322030066183964,0.5923772870664803,0.7447839890704193,0.0,0.6910443963827853
0.3202237928412218,0.23640561171950764,0.0,0.05535615774595584,0.3683293800746925,0.381930250261334,0.3087347371165858,0.4880184597800832,0.06272475388756804,-0.3514428574110624,0.2952347709114445,0.46352389531578364,0.3240124494534501,0.5146134894217205,0.31226591193437336,0.3862965045578486,0.6377362922795322,0.4949319123580234,0.456483780835236,0.013023248370148288,0.35320757805998004,0.27284537059102154,0.4967444345420978,0.3973385279201733,0.45050214641866715,0.378155900183894,0.2230786384210902,0.31455843008277,0.29814150030766096,0.5525936486281521,0.32172319094869856,0.35327448895439306,0.4363824997088798,0.3122536364927294,0.2293628925642796,0.5865888102268293,0.08298608211486741,0.44104338675775845,0.5838924785127251,0.4766912560050338,0.4004359560171738,0.5662433499673053,0.6410691610468953,0.6135372288907646,0.0,0.0,0.20491139786084467,0.24479469047230712,0.4781735396344955,0.34439144366828994,0.26784418624974826,0.4014963212500269,0.4621209191233632,0.40248881199554043,0.4026199458611199,0.4358738422864592,0.4587898386573218,0.5353435705409528,0.5224552936130726,0.2418846604011207,0.0,0.0,0.0,0.17466550716599843,0.6053410253155607,0.45821366029979893,0.09294292048760978,0.3796890508828256,0.0,0.6203275675192397,0.3268636714067684,0.385753583783266,0.45390056273758367,0.5914858630463211,0.7025702101542581,0.333175681619788
0.0,0.33963121324143863,0.05535615774595584,0.0,0.4253721468355367,0.3564854696025852,0.5925935795565116,0.5729514266586765,0.2313762905178823,0.4073204028830888,0.33983440177895075,0.33133849601736803,0.40985530269950604,0.6233673986221153,0.5127025372675343,0.06923653868176197,0.5551046861022112,0.4625393922731118,0.39567141014124335,0.5438990328226416,0.3848822853035683,0.4797978536499197,0.47471288588974997,0.2322542577509702,0.8649708590918945,0.5633802005498847,0.36520947963962963,0.40691030728562205,0.37305881379461997,0.4486414718363174,0.4219868290152494,0.2112212431444747,0.1638582815723548,0.2435558660250103,0.059123755305429626,0.29654304357215167,0.2393778147251639,0.2855725778760838,0.1406331316447239,0.2895710888337634,0.3911155959144738,0.27440460222560825,0.2538036924037472,0.22575010893124964,0.0,0.0,0.0,0.3922107529446369,0.0,0.0,0.56446238753209,0.0,0.46010689951602146,-0.013674846124498128,0.0,0.19592501832038123,0.4680073163409479,0.4488164316115705,0.0,0.0,0.0,0.0,0.0,0.0,0.0,0.0,0.45964692859209166,0.5498692508027918,0.0,0.0,0.0,0.49246540553076934,0.5268297576142149,0.5584828649881344,0.0,0.0
0.43110240356392887,0.4645506784088066,0.3683293800746925,0.4253721468355367,0.0,0.27532507967646763,0.33753435112912783,0.4780372662710847,0.2857404244847357,0.6165559918278527,0.3485537590131499,0.4009900059785313,0.2705341316140445,0.2670122794096792,0.44420839170084025,0.7125586025610886,0.4705788448701741,0.5769752204848198,0.22298926197337984,0.3961777381918302,0.769138530696795,0.4297028398347839,0.32246172163482256,0.3186819238816132,0.7399678970908643,0.7429454505625834,0.32048943825964793,0.3429646135843655,0.4264080504231134,0.4200644095715671,0.3583936961661982,0.4193677848120389,0.23693645883837028,0.41154160570878173,0.3742386881720907,0.21268068468660978,0.8498097394529698,0.3887846613188536,0.5991372036635396,0.6914181834346695,0.5450025985422902,0.42984735675838404,0.5486616543087194,0.6772802711234873,0.25193745660199324,0.0,0.3984053184521097,0.5754201778211158,0.0,0.4519764781017405,0.4331273085352946,0.5755444790829847,0.44081481683521506,0.34854348531352364,0.0,0.5364916808802607,0.3421183780694401,0.6759118508831559,0.5134575450492198,0.2543179962765004,0.4455040488722064,0.0,0.0,0.6151664613013457,0.37247220259228264,0.487943791754153,0.34507457903729677,0.5627156209794072,0.0,0.479436781564475,0.589843919414867,0.38958872938153627,0.5692702777470834,0.42457855205127315,0.0,0.5041590668148643
0.46296015213630765,0.43850103319697814,0.381930250261334,0.3564854696025852,0.27532507967646763,0.0,0.3589198861456989,0.508721272375756,0.15644190073417305,0.3457695859224903,0.44273051109656236,0.5495057422317231,0.45163483411669564,0.46496081286464286,0.5511406515837772,0.6236458302946445,0.43625343455703003,0.6004619268265249,0.32040802606324437,0.27383583032007774,0.5490179721467994,0.3336756115992967,0.3699387848519456,0.2969931865865557,0.6097364450649048,0.5982803391566958,0.29671707149938753,0.378556816116317,0.21767055930733747,0.5065563582875321,0.5137738510455724,0.6014499621175652,0.5024513485829162,0.5150769344817475,0.6958396824736217,0.3972520104107792,0.3558784586404935,0.34988801811940473,0.5741507342911801,0.2774245904807305,0.5034079709446115,0.6274142716704404,0.5976742431071707,0.5187783297349549,0.20431754615535638,0.5932281177795403,0.4572513587073792,0.5146147442241406,0.5495746048394317,0.3707080669681414,0.5259592850598696,0.5122141149472355,0.621467666229393,0.5170837793254408,0.6744948052473936,0.45180005778066334,0.30604480320162986,0.5857041854271691,0.21289240443899624,0.5017813089873886,0.530925231451963,0.0,0.49469382759432967,0.37202619679569426,0.7793921901201398,0.5200473095927111,0.49336106721631634,0.552614480884707,0.5926986448710654,0.4459762128708625,0.4071891002443482,0.528876497208432,0.501570476146827,0.5410513903708848,0.5245671157567825,0.527932585507464
0.41149517175449823,0.5532682366673781,0.3087347371165858,0.5925935795565116,0.33753435112912783,0.3589198861456989,0.0,0.3964168868486269,0.27243481084488974,0.6098460240447112,0.23257915093246037,0.41826518347786673,0.42611454785944974,0.2807117378760407,0.6349092603471458,0.6369561018599859,0.394140934742761,0.5541677646258043,0.1879610717762994,0.47609881669064524,0.4801029480957569,0.49535726997265006,0.43649242793819704,0.038538283908923526,0.5481017829758202,0.6587988773840202,0.34470347035456206,0.6219531767933002,0.485402128136047,0.6103753970468385,0.4096905810498917,0.2090375676742122,0.440296089359102,0.4945565436591117,0.29775175084667527,0.529010598234336,0.7017723833831324,0.9976080853512564,0.6107903460955759,0.3986599027491903,0.5984808219732998,0.5538382489233745,0.08650456024993558,0.7923601879481104,0.3171856910857277,0.0,0.5659298604768301,0.4797691104141446,0.0,-0.43985756235270745,0.42448311826744867,0.5342455280465037,0.48985895089355974,0.5557208681066166,0.5496631875915542,0.16149601303311467,0.45055358808662704,0.44941853889752637,-0.12035350185266247,0.3303207765222847,0.5569224062071881,0.0,0.5404724448468756,0.574677476560872,0.5749236269295463,0.509423653500675,0.6115856918946878,0.4864925203371081,0.4762531512405649,0.609448883515354,0.4967709466392392,0.43650924150496356,0.5200074227806979,0.40615138309441007,0.735555377853262,0.48012678600132125
0.5862672781111465,0.5184031179854529,0.4880184597800832,0.5729514266586765,0.4780372662710847,0.508721272375756,0.3964168868486269,0.0,0.3051904829261824,0.2208049215347333,0.36539256659744956,0.571029775755761,0.6080695536494103,0.5474450082212969,0.4497750441341325,0.6893053348510322,0.41572223517302576,0.4386413638715808,0.5057054103416571,0.44654009946577344,0.42967409184710625,0.4665641277983401,0.448210539761569,0.47228614903858446,0.5058297076405203,0.5105683091467658,0.37087803146572385,0.6202252791719434,0.5061401796090506,0.5525077205623911,0.5455282294032231,1.033283597051473,0.6132210740493347,0.49866802062818094,0.6492190122184083,0.5009176444242417,0.7155841799623371,0.5540747539357375,0.7510603716491033,0.4238461917413706,0.47543568825889126,0.47313475417878387,0.6454910328657821,0.42244590947220734,0.0,0.5400106714344675,0.3010096315573526,0.5880349170979735,0.0,0.3828794695050497,0.5376176057489483,0.5159708551782378,0.7309617351915627,0.42762179155640323,0.8188546912353447,0.5690574891264858,0.9074834024068505,0.40271618939563547,0.7113702971702811,0.5620687508917551,0.3388725665435329,0.0,0.6157679010393902,0.7019836353854494,0.7944429885142317,0.5834963946664085,0.3975819201598322,0.6095071153483862,0.0,0.4406501949529318,0.3149783104024707,0.5048713907474912,0.5274806576580156,0.7099285925443262,0.47975683142520453,0.34587338731283
0.4129567713271641,0.368050236432364,0.06272475388756804,0.2313762905178823,0.2857404244847357,0.15644190073417305,0.27243481084488974,0.3051904829261824,0.0,0.25143058125825407,0.3370304515039897,0.330500860930785,0.31715627374205824,0.3413196258365785,0.6095509157447306,0.7181284911142356,0.40576240077501724,0.5227691454655901,0.2268963312665532,0.26164903010547624,0.37830370793498463,0.27255591356665065,0.2702802732688441,0.37576992718531976,0.4048711644280365,0.5318374705553823,0.24920186839718653,0.26085831572373686,0.2952536080364271,0.5352707829092376,0.2801214220527931,0.33155538446507027,0.43077167338693795,0.33782215356162626,0.3090982879498233,0.30752991910945915,0.20337986186988857,0.32998347506302544,0.48614255819787444,0.48594447434490745,0.48109874000132546,0.4428602165480776,0.4136305155198625,0.4495364435228771,0.28282685548337366,0.0,0.500249483009472,0.5287558115961777,0.4774490073345399,0.4677207129977129,0.36177330141123903,0.2752166339089845,0.3207618800770608,0.40931049539255354,0.2159778907811311,0.4963816638303437,0.411762168622419,0.45646826837530785,0.3588469852106778,0.42722395971978394,0.6412555447570867,0.0,0.0,0.36217138516546415,0.5830491801064397,0.7138532501922397,0.5437821593141661,0.48480340517593307,0.3290345428328533,0.5301814950124978,0.2592300769602297,0.4971950011940705,0.46674841338944917,0.5296138170368132,0.5144656343039291,0.5744430386025713
0.5907194342827031,0.3669819446091933,-0.3514428574110624,0.4073204028830888,0.6165559918278527,0.3457695859224903,0.6098460240447112,0.2208049215347333,0.25143058125825407,0.0,0.30770404158467235,0.5116612989364997,0.5117933321380246,0.7528378996830978,0.4349217208550251,0.5341680062500243,0.5397041877136619,0.3048478709919602,0.37496953425659707,0.37516443832293045,0.861085315780996,0.3755608239147142,0.307658586670744,0.3732368401365279,0.48267377958960134,0.46045003341968943,0.3305772285028676,0.5247062105688338,0.5436244167602677,0.35490194103366435,0.4685400524245596,0.547987900647084,0.7515626484581314,0.826824656599086,0.519466557943735,0.26061862491192833,0.5531760770154164,0.5254463563045791,0.6318313305389543,0.4491322174486626,0.5276627863073948,0.5487553099671434,0.28320067549809813,0.3069102873411804,0.33459583980408825,0.6261529317144727,0.5241396156199245,0.16679144704192672,0.49316874597081795,0.4088884144812248,0.47163028106105437,0.39995621438037265,0.5646754251378753,0.19461834644665954,0.35397413234613667,0.47321061024750993,0.3707307195948843,0.48677140033917143,0.0,0.8976471632038797,0.5644860043068266,0.42758476865075357,0.5028094655316246,0.462376053042156,0.46199035170626873,0.5391359503701839,0.32460940992915993,0.5557950626991626,0.29101408693901654,0.534230007846263,0.4232649718391761,0.5931083982160925,0.4769399362899398,0.3922725884908811,0.0,0.5583449914745038
0.4053847221776819,0.31938638468457314,0.2952347709114445,0.33983440177895075,0.3485537590131499,0.44273051109656236,0.23257915093246037,0.36539256659744956,0.3370304515039897,0.30770404158467235,0.0,0.1575916002239181,0.1868254281743046,0.4061444130262146,0.0,0.5165803373382472,0.18694827974429706,0.5197653321266982,0.23083873252306938,0.4433513957622187,0.527892255501477,0.39356278177046955,0.6599430137239017,0.09701585484624137,0.2421162357896658,0.5636397071615614,0.23724604770050386,0.1560992388881337,0.3589370241803438,0.5013756229607893,0.23056365586559377,0.5249166643775829,0.3665006846594567,0.3513948783750343,0.28180650962681836,0.4514155190299214,0.4193779133834473,0.3262163500755333,0.548424177534536,0.5304223160913989,0.5076995920967868,0.4905485706871478,0.6304450410474249,0.5478898478287639,0.19526364930845674,0.0,0.0,0.6366641484557691,0.4625200870235587,0.40261137436936845,0.21951567609337863,0.2953777281345592,0.3884005852282305,0.5080537255678812,0.4984011281888717,0.4220172404975761,0.4095817272577207,0.5109269378590722,0.5775199134560662,0.0,0.0,0.0,0.0,0.4283671648813414,0.3568886807223346,0.0,0.6601382644247963,0.5280540320168312,0.0,0.0,0.906127828887412,0.3389178904003416,0.42482540061098073,0.3459656980345392,0.0,0.5304349386784859
0.5938943293145489,0.44202253006170045,0.46352389531578364,0.33133849601736803,0.4009900059785313,0.5495057422317231,0.41826518347786673,0.571029775755761,0.330500860930785,0.5116612989364997,0.1575916002239181,0.0,0.3683624976012078,0.6150859776369318,0.4153173182439278,0.5564329918863251,0.6536617635328119,0.6666782138412537,0.46222123091276024,0.5415964466883327,0.719046894057178,0.4208951329457218,0.3860621078641448,0.38229362536227046,0.4970973798514433,0.5048449259381992,0.48416467734864344,0.6336341916488131,0.6220047054377719,0.29667310877976555,0.5269916884990691,0.476442703635461,0.5663384569642285,0.6575480790748487,0.6185591022250576,0.32879144650232905,0.4935502292763715,0.30567881803421243,1.101870464155677,0.6721673942290316,0.8720799389822546,0.25628392925088866,0.366688134193318,0.4174200417393843,0.4873626713007557,0.3545415581214899,0.5842743958247311,0.2553997203192124,0.19667192208635798,0.25931783315275075,0.3325337339823708,0.4911695157384116,0.21972183692499409,0.38958764421844405,0.4318625305903503,0.2421638246630032,0.48003508230182,0.4657165752614417,0.6665576769136115,0.6151130584979391,0.5338624726694802,0.3678501667493957,0.6098792175364869,0.32661199735248775,0.7200148115502574,0.7625335812470627,0.38568924112145797,0.5714419368181437,0.3169117327703592,0.5081371891184923,0.43714112429657753,0.38251170058916906,0.591195257295804,0.5111891660758585,0.0,0.7524825529345824
0.7883716946887914,0.6080305682209804,0.3240124494534501,0.40985530269950604,0.2705341316140445,0.45163483411669564,0.42611454785944974,0.6080695536494103,0.31715627374205824,0.5117933321380246,0.1868254281743046,0.3683624976012078,0.0,0.3741361882057902,0.688548657058388,0.6463298537282378,0.38777810491790565,0.6512628885871137,0.1922361672360146,0.5880010221394881,0.5307628833349334,0.5349315516765042,0.5288930430305729,0.341611908101524,0.6494605830758584,0.690003290267641,0.4367136350180771,0.2966800070803811,0.5808391446136261,0.00391292399444354,0.21974641094410144,0.17251480282448223,0.20109338176622904,0.37460985744289127,0.2641147410562821,0.297763615787452,0.37437988511685294,0.31977304617558266,0.8303035466774603,0.5035685641518409,0.5392526455516174,0.5665855237985633,0.30243534861303545,0.40032037132433096,0.3698236313166985,0.5837683913351459,0.6348725529247232,0.6612160265871749,0.0,0.6539032230560987,0.5650311417212638,0.49012210345796076,0.6427975131910384,0.5258738347381811,0.4945782234515767,0.4439844652927099,0.4409612003006282,0.5439774078994541,0.4580624238895698,0.4215964253577602,0.5005458582686981,0.37714665561820326,0.5255079882605286,0.530727156502561,0.9121361409704394,0.5527253149903881,0.5216050849751956,0.6431666296752556,0.46495495121602604,0.4471498102596466,0.44470162942832353,0.6448991690301835,0.7077962715288257,0.45183330018051726,0.5011782751932097,0.4849886817848975
0.5197542548877156,0.5301145608105454,0.5146134894217205,0.6233673986221153,0.2670122794096792,0.46496081286464286,0.2807117378760407,0.5474450082212969,0.3413196258365785,0.7528378996830978,0.4061444130262146,0.6150859776369318,0.3741361882057902,0.0,0.4337939455770198,0.5528601069107647,0.44841061484396966,0.5023220187493083,0.6470588689274025,0.38140577705442746,0.48140784917577334,0.2489960602060281,0.4885544463551032,0.6138473474982735,0.5120535905159274,0.43153983723266,0.4124402035227812,0.8599382951252907,0.34744780633687666,0.7827670280316623,0.4200296084683587,0.43263420338488634,0.23427441505647847,0.6240626866519946,0.35200549669313996,0.4330795411159418,0.26458476850222956,0.4090948657078408,0.7006721576614257,0.0,0.683730474598266,0.8243795880307809,0.5737797984332188,0.4773271271675643,0.0,0.0,0.0,0.3353781172229563,0.0,0.28598935993900104,0.4442461414128086,0.014186399500253188,0.27506718990076706,0.18544963234527867,0.0,0.5048712971840981,0.37332512710704513,0.6940331431600664,0.37928153194138936,0.0,0.0,0.0,0.0,0.4318217733912192,0.0,0.0,0.0,0.5718260173637608,0.0,0.0,0.0,0.4588875042814332,0.7441282838944872,0.0,0.0,0.0
0.4546964829486865,0.6177161780670724,0.31226591193437336,0.5127025372675343,0.44420839170084025,0.5511406515837772,0.6349092603471458,0.4497750441341325,0.6095509157447306,0.4349217208550251,0.0,0.4153173182439278,0.688548657058388,0.4337939455770198,0.0,0.8172830165618536,0.32695946159206357,0.6915548705387576,0.0,0.5329584859709575,0.4125598075613416,0.48592859217576906,0.231495770563462,0.2841295362098861,0.630083924887829,0.34440063590174647,0.4181223733714329,0.5667971574079782,0.5184425226485542,0.379116313195923,0.7586899676210843,0.6860621761409719,0.48694742536478103,0.7667280497875615,0.9339870162199191,0.8396395495381873,0.7022604433833474,0.3716609554664475,0.4759642855879789,0.3934009622703617,0.5330901420780795,0.4715514589456562,0.4639931051287257,0.5647479949116861,0.0,1.0717347724784099,0.5367388304945089,0.4520685577441891,0.0,0.0,0.6554294079643879,0.7015957313887189,0.5545975545516895,0.5539257167851087,0.0,0.0,0.6815305553287617,0.5114568620544897,0.46677691967559104,0.06637632029451201,0.7604059620505468,0.6257604168271937,0.6948582019781866,0.0,0.7420481649229655,0.7912332285861041,0.7871194502590128,0.7116184113408781,0.4361324607129068,0.5123992221561985,0.578825185033807,0.6170053284457049,0.37256737960646735,0.7335697618825602,0.4782832727409637,0.5925409281163536
0.6895563117413338,0.6404344821255334,0.3862965045578486,0.06923653868176197,0.7125586025610886,0.6236458302946445,0.6369561018599859,0.6893053348510322,0.7181284911142356,0.5341680062500243,0.5165803373382472,0.5564329918863251,0.6463298537282378,0.5528601069107647,0.8172830165618536,0.0,0.5887561895788117,0.5664018072117298,0.4411902683821864,0.6943277320497971,0.684349467997198,0.8271872774040969,0.6256857819770723,0.4702587372040569,0.7521722957389281,0.6578603662319065,0.6678347536267678,0.6220158964337554,0.6122864202315397,0.6466522611345626,0.6515606810255414,0.7883857660602946,0.4620576592764767,0.5762580116044971,0.8106855761593877,0.6591778129562489,0.381567619656127,0.5867538392566514,0.7493105807049432,0.5998907435617142,0.6881929454784064,0.7278811525814415,0.4668157708857752,0.0,0.0,0.6063796960554834,0.7116471559324334,0.0,0.0,0.0,0.5007939220816944,0.5833376010931797,0.8512948420383919,0.0,0.6122970879432893,0.0,0.5022590249051112,0.5511590087669432,0.0,0.5740597924101722,0.8253078566728246,0.5896980823530417,0.6707375488366187,0.0,0.49675024494890596,0.844075788691707,0.7531963938831404,0.5085692568578488,0.34728892268603295,0.6500610517203417,0.7219651726592705,0.5020286963061446,0.536385711871464,0.5959910434395406,0.0,0.6965892344490175
0.48929386084032955,0.5023562459719129,0.6377362922795322,0.5551046861022112,0.4705788448701741,0.43625343455703003,0.394140934742761,0.41572223517302576,0.40576240077501724,0.5397041877136619,0.18694827974429706,0.6536617635328119,0.38777810491790565,0.44841061484396966,0.32695946159206357,0.5887561895788117,0.0,0.5348360155622651,0.7006542263418127,0.7048174047910913,0.5103996302719971,0.8954815981209787,0.4970263699525293,0.29985884201910973,0.43297623550231146,0.37340828225595185,0.14169537241009114,0.5808848397061991,0.28225190437743897,0.45482653134193735,0.5618951743026652,0.8380230617402955,0.61989695441847,0.7855205196840618,0.7436445133677748,0.5575185338166544,0.24585064518803001,0.8182650982574737,0.9240663300217318,0.7151182137855965,0.6144715145621188,0.5785208548786923,0.0,0.0,0.5183040940221493,0.7785988772086213,0.6123588238360423,0.0,0.0,0.0,0.0,0.0,0.0,0.0,0.5379486415942547,0.0,0.3847812164473131,0.2880749567765403,0.0,0.7284027983304285,0.4744838571867704,0.43319745238527463,0.5525782853268958,0.0,0.0,0.0,0.5733289622418545,0.0,0.40677995678996437,0.6655020656352099,0.5916685961232034,0.0,0.28545457196265245,0.4745849674552075,0.0,0.6263103508136122
0.4898064057076949,0.526978396704017,0.4949319123580234,0.4625393922731118,0.5769752204848198,0.6004619268265249,0.5541677646258043,0.4386413638715808,0.5227691454655901,0.3048478709919602,0.5197653321266982,0.6666782138412537,0.6512628885871137,0.5023220187493083,0.6915548705387576,0.5664018072117298,0.5348360155622651,0.0,0.46993812319517236,0.6315708755693751,0.5687412794635651,0.6044289770726298,0.53918722827012,0.32356288686199486,0.4781952272736592,0.5362675472474864,0.6260454113944325,0.5832215054377383,0.4764801564946565,0.6753784926280053,0.5035925064212545,0.6366945218110343,0.484869879586862,0.6673192182953096,0.6264102901375816,0.5421491944120772,0.26012532746549843,0.40294279815961553,0.6724730894934474,0.561160266456616,0.5645475201940827,0.5476707114016881,0.0,0.0,0.5742429510835022,0.5417788660688255,0.6641404354648731,0.0,0.0,0.0,0.485350078345007,0.5698694033934933,0.8702435082400926,0.0,0.578232354452779,0.0,0.4878579968803518,0.5356524785003824,0.0,0.542030758872903,0.7066352853413309,0.4811081063236845,0.5706766358134725,0.0,0.44258799004773314,1.228658606449669,0.7247808582429408,0.6902623758987236,0.30843558852443465,0.5558021884977155,0.5981679311403936,0.4300950232463724,0.6494484844306938,0.38623505101783967,0.0,0.7721250103192558
0.0,0.6289756754286798,0.456483780835236,0.39567141014124335,0.22298926197337984,0.32040802606324437,0.1879610717762994,0.5057054103416571,0.2268963312665532,0.37496953425659707,0.23083873252306938,0.46222123091276024,0.1922361672360146,0.6470588689274025,0.0,0.4411902683821864,0.7006542263418127,0.46993812319517236,0.0,0.5417614287800565,0.45135546646117186,-0.5632839631798862,0.48790232192314076,0.43923255879073225,0.500200039466898,0.5105534432143644,0.29322375133809986,0.268285700771107,-0.5736357705628852,0.5722328663517289,0.25764704688324547,0.3451741683350025,0.43524003418575835,0.29143039844517554,0.24399466740371875,0.741360764753753,0.37218376901983163,0.34941546044760635,0.6439991714824219,0.37640196097558165,0.4246275527432462,0.24647773563827693,0.7045246537367593,0.37039773271532744,0.39932427143210225,0.0,0.0,0.28059059747327697,0.0,0.09622854026319602,0.10940434903299653,0.4434420291929585,0.484331290819231,0.4648840271145958,0.8850929506920251,0.5097972908157822,0.5208147844877039,0.4214108207131855,0.6093056882953439,0.0,0.0,0.0,0.0,0.30337974789671823,0.46912724019206253,0.0,0.49007071311291295,0.4975452845314768,0.0,0.0,0.0,0.38457750395778467,0.4822304960845303,0.42048200510740813,0.4861148694947205,0.5141182640507314
0.5648642455196715,0.28809655665826245,0.013023248370148288,0.5438990328226416,0.3961777381918302,0.27383583032007774,0.47609881669064524,0.44654009946577344,0.26164903010547624,0.37516443832293045,0.4433513957622187,0.5415964466883327,0.5880010221394881,0.38140577705442746,0.5329584859709575,0.6943277320497971,0.7048174047910913,0.6315708755693751,0.5417614287800565,0.0,0.35470418669609005,0.2595530351330827,0.2448493853589155,0.5204395776341805,0.5825162077851694,0.45775220981428133,0.4246432197652296,0.7283238241241416,0.6249003445580845,0.7744530774844156,0.5389489774096087,0.7650703652368945,0.28553477525923143,0.5725953001616042,0.8621272823543193,0.8822649866710135,0.7383216554287482,0.7794369883762345,0.6131987333449844,0.3174877952805004,0.5553346834277658,0.55685357079623,0.48789624856720804,0.2956756222918258,0.21675523571043437,1.023083899204666,0.6330338188116031,0.4676135000965125,0.0,0.0,0.4022131098552625,0.5860706855771205,0.32239213246497656,0.39783085130599327,0.9266720028274903,0.0,0.5427343773617272,0.48333767046485776,0.0,0.5096913923782707,0.5048497804284764,0.46332067624262663,0.532210428505074,0.0,0.580136186055439,0.4519997460135946,0.5928759683794331,0.560928958181738,0.0,0.4705270050962167,0.4650863781705659,0.5097298484606115,0.4021506565943602,0.5735780607808527,0.39004960063579786,0.49739259460380847
0.4799449497742961,0.4967067444008908,0.35320757805998004,0.3848822853035683,0.769138530696795,0.5490179721467994,0.4801029480957569,0.42967409184710625,0.37830370793498463,0.861085315780996,0.527892255501477,0.719046894057178,0.5307628833349334,0.48140784917577334,0.4125598075613416,0.684349467997198,0.5103996302719971,0.5687412794635651,0.45135546646117186,0.35470418669609005,0.0,0.5082914665246365,0.23047706996413986,0.6022477852997538,0.3741281552607439,0.4711939710118951,0.37186045148414026,0.4848583729397328,0.44759689536117064,0.6421997213554698,0.6785968609228381,0.6326674861720601,0.4144391223756533,0.6952811993158408,0.964212501238674,0.30646085059627887,0.9967045765884754,0.49618135445069433,0.5476691421413886,0.29422901647745175,0.4384577660258173,0.5343662246654418,0.5705197069678658,0.0,0.0,0.7906696324922291,0.5352705139143097,0.6257746552658316,0.0,0.0,0.46522273366175915,0.5049719443373977,0.8864454778309007,0.5279273484256393,0.5503409535443329,0.0,0.7315210504669725,0.37492458483031854,0.0,0.5776189838304113,0.7677984509565403,0.0,0.4921885715049991,0.0,0.5016913213410295,0.9681706047437995,0.6127103818068067,0.5360229934057907,0.7480296440373095,0.3450519399795834,0.6826191836457263,0.39153574857023593,0.4119093769110242,0.5414930679248937,0.3488183641987907,0.3451451774989598
0.6428575944107295,0.5554329376641283,0.27284537059102154,0.4797978536499197,0.4297028398347839,0.3336756115992967,0.49535726997265006,0.4665641277983401,0.27255591356665065,0.3755608239147142,0.39356278177046955,0.4208951329457218,0.5349315516765042,0.2489960602060281,0.48592859217576906,0.8271872774040969,0.8954815981209787,0.6044289770726298,-0.5632839631798862,0.2595530351330827,0.5082914665246365,0.0,0.46755040118255475,0.42959199216904254,0.7128525526172497,0.5149834342364525,0.2306741040919352,0.6488689626659334,0.43561688986909447,0.645371148810767,0.7570346534661758,0.8521334055185932,0.6576889355295776,0.8567447362511296,1.052375682690747,0.4754442658757163,0.552164601970127,0.5300430583423421,0.5971330603686922,0.5356714592361371,0.5534487019589329,0.5974058628817147,0.47075589836720566,0.35164805183183495,0.2398464430613289,0.7467051937765016,0.6399579060153999,0.5691167082351828,0.4724850083260389,0.24194852381416482,0.8108364435542446,0.6841916951782941,0.5742221639116761,0.6201288819543788,0.439835402058319,0.0,0.5145186223975284,0.5742840291469818,0.0,0.7084186545966028,0.7746958095406102,0.39494490860203924,0.4712661024957716,0.0,0.609137066296626,0.7019471296695476,0.7376632782095021,0.5500881387193581,0.7083461699003843,0.3708497181881868,0.6722671435296395,0.5668333311665525,0.48391616158354844,0.6865182450185192,0.5595598924815737,0.7604361241178454
0.43492368568627815,0.4867539859773957,0.4967444345420978,0.47471288588974997,0.32246172163482256,0.3699387848519456,0.43649242793819704,0.448210539761569,0.2702802732688441,0.307658586670744,0.6599430137239017,0.3860621078641448,0.5288930430305729,0.4885544463551032,0.231495770563462,0.6256857819770723,0.4970263699525293,0.53918722827012,0.48790232192314076,0.2448493853589155,0.23047706996413986,0.46755040118255475,0.0,0.37168086716896553,0.42864845076211494,0.31942300985262556,0.3322244228260447,0.44991378923311753,0.3342616813248894,0.4374800479006902,0.5074848308676018,0.6440512015802666,0.4862297795185654,0.5279841049449621,0.6559448640689081,0.5368672176846438,0.5351999600953072,0.27025334718176197,0.5551125896728593,0.09449296073365368,0.47144806370726905,0.5205457292037234,0.5882087580277248,0.5180568024479008,0.5807557122379184,0.423702592377074,0.4441048980252182,0.710475179265742,0.42743380099379646,0.5323960421919709,0.564912492216853,0.4930540803632254,0.6063636116143007,0.5745390798041831,0.5657023778992887,0.6944451043976863,0.4304887011520563,0.5047998932839921,0.6675450109136858,0.5841848648986573,0.5282011522383243,0.46199035170626696,0.49757022483998536,0.6209082190175551,0.5154578873187846,0.5376295770672785,0.41652775782613327,0.652375112628071,0.21694738183187584,0.5236197907126641,0.336685767366643,0.4582051371283714,0.42881245207269525,0.5454266340582505,0.4809866599125817,0.471096142102292
0.6674667105309623,0.39109370171980606,0.3973385279201733,0.2322542577509702,0.3186819238816132,0.2969931865865557,0.038538283908923526,0.47228614903858446,0.37576992718531976,0.3732368401365279,0.09701585484624137,0.38229362536227046,0.341611908101524,0.6138473474982735,0.2841295362098861,0.4702587372040569,0.29985884201910973,0.32356288686199486,0.43923255879073225,0.5204395776341805,0.6022477852997538,0.42959199216904254,0.37168086716896553,0.0,0.26241973256619355,0.3778738914875807,0.23434514574069248,0.45381053883095746,0.5543405033329187,0.8072636188325986,0.4832096262798926,0.5995768905264764,0.3545232989948129,0.4714577618729012,0.42499719218528975,0.40531708277765344,0.35890018052795225,0.2624992155925597,0.8891332512519291,0.7965521701838674,0.574223666992352,0.8221144969276736,0.5524549174947745,0.3831232617391055,0.8132414343084671,0.43886869752626156,0.46910778391813296,0.0,0.0,0.4500369408981044,0.5583625877972742,0.2682622324163799,0.0,0.052685950009271454,0.3877633746367882,0.5636093807768364,0.3337204708114273,0.3930778294804558,0.0,0.18518065957882485,0.4858874156368859,0.20155895535963958,0.4354533746625275,0.495207458083322,0.3087305430703281,0.3861653040107189,0.12994625782209873,0.8398596926627988,0.27613798422302527,0.4336340717049683,0.3899117190676774,0.5215142233638297,0.582500754841982,0.6030135148242788,0.0,0.7085380516914929
0.38893417387075335,0.44775162431654747,0.45050214641866715,0.8649708590918945,0.7399678970908643,0.6097364450649048,0.5481017829758202,0.5058297076405203,0.4048711644280365,0.48267377958960134,0.2421162357896658,0.4970973798514433,0.6494605830758584,0.5120535905159274,0.630083924887829,0.7521722957389281,0.43297623550231146,0.4781952272736592,0.500200039466898,0.5825162077851694,0.3741281552607439,0.7128525526172497,0.42864845076211494,0.26241973256619355,0.0,0.3851932110765227,0.5649683881956731,0.45741638293195136,0.4908054847961629,0.36522258062415236,0.591423047366986,0.5776343720887502,0.49710198365531166,0.5885029733944416,0.6753584360587672,0.40077774898273866,0.5976218039425338,0.6806967139207194,0.6084463554325037,0.5173582495384401,0.5332585858960749,0.48669879174420777,0.09590252036511673,0.0,0.5105048599974629,0.5534548504540004,0.5605884422603167,0.0,0.0,0.0,0.5230057712725883,0.5198380408335258,0.6334802943744753,0.4254886942047024,0.46232567468898306,0.42890539588955934,0.5028433207615874,0.37726696781368724,0.0,0.06206076164900903,0.6608160264448458,0.3811743957076348,0.5311567810877688,0.0,0.6121712739841159,0.49131361045906274,0.6256016115254057,0.46448824435150415,0.0649424465910603,0.5191188778225782,0.5012723663628766,0.43195018357993553,0.643055046882575,0.4775421901265906,0.0,0.6821454214133207
0.6325502631728082,0.46777696655431267,0.378155900183894,0.5633802005498847,0.7429454505625834,0.5982803391566958,0.6587988773840202,0.5105683091467658,0.5318374705553823,0.46045003341968943,0.5636397071615614,0.5048449259381992,0.690003290267641,0.43153983723266,0.34440063590174647,0.6578603662319065,0.37340828225595185,0.5362675472474864,0.5105534432143644,0.45775220981428133,0.4711939710118951,0.5149834342364525,0.31942300985262556,0.3778738914875807,0.3851932110765227,0.0,0.5344652603979398,0.6156994633672566,0.6412824878051671,0.34882084449405687,0.5791727523801518,0.7370440902913791,0.4794431261254691,0.6378557832543292,0.6743014224749404,0.37800511539723314,0.4269581151605547,0.5227536657583302,0.5298163183434877,0.45973506199273884,0.5385275611696045,0.36552981847776617,0.1725217564476616,0.5217131183516411,0.5107043050219489,0.5748076581315333,0.5759707234518328,0.6438870193846974,0.0,-0.010654007789059967,0.7444144787306801,0.6051746920887475,0.5331487715292798,0.3650603079389402,0.4436403283397767,0.0,0.5127945209539893,0.5791512834086503,0.0,0.485260490786498,0.666327003517426,0.3721240287576316,0.5046910463545751,0.0,0.5100807598827652,0.7074652047855724,0.6946764217955901,0.40530433863404236,0.19914176727255112,0.5217427499023093,0.43053713003021804,0.434338050314797,0.841851317775393,0.7350159929084941,0.43263798610306037,0.5735294559956923
0.392720637535462,0.27647471607409,0.2230786384210902,0.36520947963962963,0.32048943825964793,0.29671707149938753,0.34470347035456206,0.37087803146572385,0.24920186839718653,0.3305772285028676,0.23724604770050386,0.48416467734864344,0.4367136350180771,0.4124402035227812,0.4181223733714329,0.6678347536267678,0.14169537241009114,0.6260454113944325,0.29322375133809986,0.4246432197652296,0.37186045148414026,0.2306741040919352,0.3322244228260447,0.23434514574069248,0.5649683881956731,0.5344652603979398,0.0,0.4890168933151822,0.2678857810605352,0.5102124392377222,0.5639692448709773,0.7082832220818112,0.6471445989414477,0.5504553143270667,0.7219032543796762,0.29526277606566376,0.6354902343911524,0.33708688698204936,0.5890251544406386,0.2888675234099193,0.5262639620946921,0.5538988432532594,0.6391336344397487,0.5127018612232619,0.4197323623114453,0.7046455162160705,0.2442613569037346,0.4976455283390507,0.46233667102554993,0.37712941360896274,0.5040945929036544,0.4264480337468192,0.438384214553995,0.4877996733062714,0.6804834829870436,0.5058330748090858,0.3204337930995838,0.5272967546473692,0.6246599945807421,0.5433363461411933,0.5119111809313269,0.0,0.4495683557963397,0.46068424692978227,0.4903410854048883,0.5236837532934959,0.4539985549286022,0.4826241919077362,0.0,0.515731432587373,0.32989914713168167,0.5033943982509861,0.42326508085521264,0.5224157427467603,0.503888612291843,0.4735751097340502
0.5225480149652593,0.521252963054617,0.31455843008277,0.40691030728562205,0.3429646135843655,0.378556816116317,0.6219531767933002,0.6202252791719434,0.26085831572373686,0.5247062105688338,0.1560992388881337,0.6336341916488131,0.2966800070803811,0.8599382951252907,0.5667971574079782,0.6220158964337554,0.5808848397061991,0.5832215054377383,0.268285700771107,0.7283238241241416,0.4848583729397328,0.6488689626659334,0.44991378923311753,0.45381053883095746,0.45741638293195136,0.6156994633672566,0.4890168933151822,0.0,0.44924263274184795,0.30319209773370626,0.3474937440962522,0.19331549243185175,0.6572343766841845,0.36155315453786224,0.5937798922399947,0.20895524290991763,0.3394600036267843,0.5601991245605151,0.869610472424761,0.31465325219373674,0.8607467726281941,0.3623758999724511,0.6084158258353651,0.46831066970134316,0.5823096116893264,0.6331269088387593,0.6044169033073354,0.4822171091257651,0.0,0.6628075694886437,0.6162293938139228,0.513792189764845,0.6629253098802488,0.48107084884331114,0.5639718496257807,0.8213857415843511,0.4113713665934588,0.4839478309406839,0.30275316211804437,0.3926556598209923,0.4673250286952672,0.171392712760418,0.5661177885484483,0.6698346550874441,0.7145077893955614,0.6974328707595565,0.40252555310911337,0.6041133196758549,0.49112047513672485,0.5484116899079944,0.36455914852538757,0.6114665884142769,0.6387944334374278,0.6364329265479317,0.4670905029476561,0.7506994518273922
0.44576984969391775,0.3767906229445138,0.29814150030766096,0.37305881379461997,0.4264080504231134,0.21767055930733747,0.485402128136047,0.5061401796090506,0.2952536080364271,0.5436244167602677,0.3589370241803438,0.6220047054377719,0.5808391446136261,0.34744780633687666,0.5184425226485542,0.6122864202315397,0.28225190437743897,0.4764801564946565,-0.5736357705628852,0.6249003445580845,0.44759689536117064,0.43561688986909447,0.3342616813248894,0.5543405033329187,0.4908054847961629,0.6412824878051671,0.2678857810605352,0.44924263274184795,0.0,0.5355432277040131,0.6551013634973528,0.6677816301949728,0.33758298911603,0.5156747416348776,0.6300571823123866,0.4758572568695352,0.4457204427996283,0.5109138216143569,0.6184947037660044,0.39122561723653615,0.6493198044079792,0.4242885757714291,0.3653919414339444,0.5193858242706365,0.5915255989143926,1.0565736068435716,0.5823452461524867,0.5761011190653327,0.456252582710286,0.4175235475530169,0.58661969843033,0.49736742328603367,0.6475420587281834,0.4711644518694189,0.6076812268204026,0.42326591341908204,0.5338484675736732,0.2889769079972698,0.7651154779795346,0.45808862709182896,0.5068246249927009,0.46881047656078534,0.4534746431666052,0.48525201678726015,0.3175014995207888,0.6032806026016959,0.5428281097162195,0.5521461010226703,0.49073186567445104,0.5137360873866685,0.6801161929846196,0.5438566658313473,0.5848421658928933,0.6005665369410715,0.3977866796984779,0.6494441001925082
