0.0,0.7414728215532549,1.1902130526459949,0.0,0.4083918049743984,0.8217947678025723,1.4169901145066086,0.9469927771557431,1.499294678259927,0.5065464202273001,1.2097569704179274,0.6782680203312512,1.076759270004921,1.1323163700592205,0.4151517825560255,0.7047397391476495,0.5496543272643378,0.7384784607075577,0.0,0.5924369318548317,0.4923465198680094,0.6584998712730591,0.6954935643544354,0.6383993537061474,0.6364912764970823,0.6792798061132881,0.6272485022562806,0.6541060685165911,0.6371605173823118,0.5105074380351884,0.6637729987927067,0.7958122373036414,0.6497059932253892,0.6131901955824235,0.6116392732321152,1.4650085947937683,0.511334069273921,0.452827040662369,0.9971338919228798,0.8126732289931893,0.9352942786749054,1.0960075020917297,0.4910062979795451,0.0,0.4436021706664473,0.794032757925579,0.8329459054413836,0.0,0.0,0.0,0.4585952636753411,0.0,0.5828638340977847,0.0,0.4951918321554736,0.0,0.5411815277485411,0.7538718995214646,0.0,0.5501174204168668,0.9620936557788231,0.31257457396189103,0.9732098462151593,0.0,0.4448568169845979,1.039309021298784,0.8733773756407195,0.608811556266267,0.4602675639096357,0.8615246714826383,0.8853325647755317,0.49721698105601514,0.3969926332451559,1.0250305718791273,0.0,1.0437478480427052
0.7414728215532549,0.0,0.524896406841083,0.2991843632070472,0.9410765751031974,0.8320592783160482,0.9817697874448855,1.0335636595478455,0.9453785966437691,0.4619419387520187,0.3269978537603779,0.43115981555656213,0.9023357458100898,0.46230374234686183,0.7945815179758348,0.7402242701087873,0.6155366988680638,0.7252970364328746,0.6039066264576567,0.6740451980945332,0.6970971823535205,0.6900706525162114,0.9451823182570624,0.403065724975351,0.6492998006709989,0.480802711937212,0.9342775063459117,0.9307527297073233,0.7338098738782268,0.4660623680766442,0.749265498996202,0.7805216084610436,0.4651208622193942,0.6866226551464094,0.7378856506310145,0.462360495990649,0.2378349759895531,0.0,0.898380873014896,0.5376015263149098,0.6802367350259306,1.0087061793850234,0.5991606820035076,0.0,0.0,0.7572828605186823,0.6607400468463696,0.038175126422133575,0.0,0.0,1.0332540656596045,0.5745467504367294,0.5355291607228797,0.5675622997528077,0.6553013700612902,0.0,0.43083067908814887,0.5962345316299177,0.0,0.859611588847932,0.8293133245598027,0.6740910366382362,0.6692015183356994,0.0,0.9296221453449567,1.0390030619402848,0.8270796682450867,0.8655041449538363,0.37794939561817664,0.5533809765388764,0.7987402641388617,0.7042639487448709,0.5739377522655504,1.0204408089127743,0.0,0.9677086860270728
1.1902130526459949,0.524896406841083,0.0,0.4592338849300346,0.9803589579184173,0.924825978150783,1.0770509417776484,0.9088714163515719,0.8042703751229521,0.44023671063505887,1.015518759358671,0.5030299136397334,1.0561393922691285,0.7876501480353697,0.359451687024107,0.36505321698047444,0.5168986634451895,0.5169855548985376,0.9926311367110889,0.35839587477198875,1.1495690187129484,0.5414775620153378,0.8618378584130933,0.3936477865715179,0.5750872851715645,0.4954825495019205,0.5958333261372208,1.0206438116941547,0.6056240090384859,0.5647016215591171,1.0691294122129913,1.0430247820239942,0.4866181732392686,0.9887989298547812,1.0838940631984357,0.8208846553646331,0.7876313728627284,0.4151231656570775,0.5561326529734298,0.4617880839738218,0.3579354121509728,0.47606682729016797,0.8861954356910119,0.6132274347806608,0.0,0.0,0.18124316218175435,0.8324959593249004,0.4656794264229452,0.6918696719015598,0.8882289607280358,1.1492807728255663,0.9201000426995413,0.9898226722467598,0.36668332279042576,0.8122873424193224,0.4518338620232646,0.49722802439054503,0.6917293049676981,0.24456987369003064,0.0,0.0,0.0,0.7931408916294527,0.5696390963091916,0.41292672759501037,0.09910686008149916,0.9475801756706659,0.0,0.6294267853355837,0.3459078121735995,1.0042670150468167,1.1490728617435866,0.6002800734921897,0.6519768859887772,1.0969284823032592
0.0,0.2991843632070472,0.4592338849300346,0.0,0.21982129184667104,1.0023260532034477,0.26330305235402096,0.7725435226040372,1.022262343395564,0.9186997658345353,0.6421704315872727,0.31182768355812635,0.3671452973530789,0.3560505243032255,0.5803019866121463,0.08104485021157548,0.5112359881619999,0.48509222411495534,0.4228393763353791,0.5492478148169503,0.48351998330965146,0.5192927694885433,0.846792156238594,0.20370757124666383,0.8652997581466098,0.6178526639478872,0.5157347131805116,0.2655028126515126,0.3936881986659795,0.4262892775114453,0.459222393388227,0.43837749201874354,0.16194074244007872,0.373071332539135,0.2212951751560827,0.1300629692095407,-0.04454517232994376,0.2911033270695542,0.19877723785733112,0.27459317593812654,0.3665256728359721,0.2660826140432554,0.18166206245369015,0.22044060048547248,0.0,0.0,0.0,0.35237641666453784,0.0,0.0,0.5895149845231701,0.0,0.4778771226970136,0.062031353460932345,0.0,0.1502179320646418,0.4403142879773402,0.44472266324269283,0.0,0.0,0.0,0.0,0.0,0.0,0.0,0.0,0.4475465845458074,0.5001113372938802,0.0,0.0,0.0,0.43052091675883936,0.5087547034732012,0.5586473897498687,0.0,0.0
0.4083918049743984,0.9410765751031974,0.9803589579184173,0.21982129184667104,0.0,0.8511982110273151,0.6011628270579115,0.96366103808771,0.6181182051450066,0.974124940201777,0.9067630536066672,0.9947354218995395,1.0212712141406226,0.39239451960277927,0.43920561829662275,0.5278066941200791,1.2066793949318018,0.3534475156086104,0.9432597932505079,1.0372796727215334,0.44405021557951724,0.9332092540818708,1.0193757812540212,1.1019459651142678,1.1430540805272402,1.0107377732025549,0.9305244768496559,0.6203801702940601,0.988303010248279,1.1325910174420695,1.0651912931032275,1.0732221918981888,0.43322237490881443,1.0322160920153551,1.0155014685691952,0.22033163532939928,-0.008401988391959825,0.5325110701027417,0.6327309402311836,0.7325457527980315,0.4915507762455962,0.40417749315149265,0.2520970348297668,0.6927162548443634,0.24342762920072955,0.0,0.3758460552941731,1.142432009732312,0.0,0.5846599583383117,1.0163839548852347,0.5358158311411909,0.9494234536461899,0.5539759962282953,0.0,0.5119800973878106,1.2527417930897182,0.6269207880431857,0.541572384994446,0.23935057735418688,0.4483301899623324,0.0,0.0,0.5957976377861441,0.27014836083354876,0.497650228558026,0.42061806647476285,0.5911414622540123,0.0,0.46029004086442826,0.5443007095511601,0.5242255229537836,0.5164660667336645,0.4146595257991647,0.0,0.4216363299626125
0.8217947678025723,0.8320592783160482,0.924825978150783,1.0023260532034477,0.8511982110273151,0.0,0.8707035474024478,0.9323753128677322,0.5909415486947878,1.120468392409767,0.992628432157078,0.6549585837710972,0.7814810252695162,0.990239951837186,0.8962996493950662,0.8604405626605234,0.5337592744251256,0.9019305578674277,0.4727857350425946,0.8198174412055541,0.9587134781563075,0.7280896740741727,0.7934198121292719,1.276205347239431,0.9293166337411373,1.035242118333811,0.8055342025473422,0.7672279671450715,0.6153832274645117,0.8745545301312041,0.9820143553155714,1.0054153442424338,1.0838362051705728,0.9771133040651756,1.0480512891517253,1.0633189412999666,1.0297174347605627,1.0089797149346769,0.9936539908293048,0.3234631017720162,0.9703239820110136,0.8944973908233167,0.9215447069117336,0.44719759055870456,0.17996113876513886,0.5658236971606478,1.4624053117062212,1.0332208177918059,0.5564163753745823,0.45513472857403725,0.9762849150853419,1.0437674399004018,0.9873586689353883,1.010896147321005,0.5808163173568429,0.7915898075736814,1.0360066080055965,1.0008310694871942,0.5666937630612834,1.148155169789878,0.5899320557496968,0.0,0.5514034949627054,1.1049520487903581,1.0259493135934725,1.1343898556089185,1.177626354744461,0.9916745286372385,0.568811901740702,0.48608473418913745,1.011988758164545,0.9755161693013947,1.0310229597195937,0.9970783057944596,0.8804845275619793,1.0104733688790077
1.4169901145066086,0.9817697874448855,1.0770509417776484,0.26330305235402096,0.6011628270579115,0.8707035474024478,0.0,0.9333856537254852,0.9384152590324053,0.8051313084934327,1.0384960296156924,0.48004558477640674,0.8859366329503444,0.12979223560808265,1.1236116362086581,1.0849251616182103,0.8064656094182445,0.9505015380894853,1.04013959803448,1.0056313575017168,0.9547437037050803,0.9491122983643558,0.9510631259182081,0.6009364788943238,1.1393937461044732,1.0300370928523113,0.9210496205365838,0.3125234703352343,0.9505621829248876,0.7908020384341008,0.8847683977445746,0.479062619636143,0.7288106469024423,0.6050963214291029,0.522459206685437,0.012852847544862933,0.09184394083029856,0.5784589161683928,0.5894118449649561,0.3912357250420161,0.5322762634374745,0.46690806305477894,0.558035704806901,0.7107401962469295,0.32410021901351,0.0,0.5380264165043351,1.204511330276929,0.0,0.48106356305539644,1.0406557138190182,0.5482001529536212,0.48411348419098604,0.6415100025122795,0.5584960159544874,0.43155586403307045,0.4082876044341225,0.46398147014919233,0.3328356755401165,0.2904143568391411,0.5994173444910571,0.0,0.5029839069564594,0.548514696067468,0.5525935220144416,0.4692418165300053,0.5586354404664737,0.9193614057228977,0.4610430723457074,0.5816844328762337,0.5166164853330494,0.5684746905184934,0.5392488238805045,0.42563096236926506,0.7787346821600558,0.46508550140960836
0.9469927771557431,1.0335636595478455,0.9088714163515719,0.7725435226040372,0.96366103808771,0.9323753128677322,0.9333856537254852,0.0,0.8814443599940733,0.5508269735212776,0.7581347686447273,0.6933469810606632,1.03780988535467,1.0605518827564855,0.6265865861036012,0.9291306339789548,0.4488193636911607,0.9628907965406787,0.9164495878649577,0.9727933199541308,0.9690657434185639,1.1352787178495793,1.0030241449522157,0.9315054534307712,0.9983355662893862,0.8125884926552134,0.8961922707244041,1.0036810731463883,0.9771292294570502,0.888990927638916,1.0283071761099052,1.0559359615317683,0.7826571158481259,0.9012426395245784,1.0414073025259498,0.5452776589573418,0.5435790166566016,0.6375906090897421,1.0371952951235035,0.4302772433765696,0.7186329488371365,0.4851315591759021,0.6876648559618264,0.43286682701230295,0.0,0.5547903091736232,0.37688421745371753,0.9694465736205993,0.0,0.5279866296375777,1.0457179643667702,1.087997440514205,0.9376468558730031,0.9512783572632548,0.8295184982992376,0.6371632690887226,0.9708647350371541,1.1587019319541791,0.5789730602290103,0.61562162463987,0.3995527778996912,0.0,0.6711299135966897,0.9692663586998109,0.5799695719728425,0.5403994994751438,0.4416464324021942,1.0656313010391454,0.0,0.3731998538813873,0.4007326123428969,1.0285980542243267,1.1403335832497894,0.9588452377719463,1.2376235006334528,1.0348471736439082
1.499294678259927,0.9453785966437691,0.8042703751229521,1.022262343395564,0.6181182051450066,0.5909415486947878,0.9384152590324053,0.8814443599940733,0.0,1.0942165793407947,0.7154242729634464,1.2281090785685242,1.0348528748616435,0.7362087247162019,0.5071123866465294,0.5108847302313044,0.3827858215529756,0.5734237678471296,0.6179870641679515,0.9980549878203531,1.0949171796310242,1.0113576504999402,0.8409073110306239,0.4752561594742989,0.6051627387409118,1.3436146855956483,0.7579780239065501,1.0622659160348158,0.8321834620989269,1.0444481545512923,1.0753993438817422,1.071995736171116,0.8554156574576005,1.0667269995810895,1.0554281246050312,0.9670006688671724,1.0689165144520714,0.9759259624503974,0.5731668276720887,0.46806226923172567,0.2819322867117724,0.226792203289579,1.0947313084441568,0.4145528270552843,0.2602801433143529,0.0,0.450368246959125,0.9047767798499132,0.45511436423950424,0.7058187515542353,1.0100954411181369,0.6398323511513855,0.9315876043586067,1.1273368682009979,0.16423212884398966,0.7831317828759118,1.1733189022362576,0.5084004935824742,0.8511707989619424,0.4874560364510727,0.6782728796848052,0.0,0.0,0.9879075992258988,0.5723749472467006,0.6517015317794619,0.5118466326808292,1.0215774162003382,0.29754097903392734,0.5429753116314446,0.30021982132035085,1.0824219898226657,0.5026395264586592,0.5459270268890399,0.48591015631764534,0.6033406998926748
0.5065464202273001,0.4619419387520187,0.44023671063505887,0.9186997658345353,0.974124940201777,1.120468392409767,0.8051313084934327,0.5508269735212776,1.0942165793407947,0.0,1.0946646146954393,0.5860987679155613,0.893082757566341,0.6361114761092317,0.4874323210899355,0.836691410790315,0.8378591414624592,0.7960586454474848,1.0178733624840044,0.38149820467719786,0.550433979754732,1.104140448856696,0.47726695247429995,0.33853824793168696,0.7374198334959496,0.867355703735192,0.4091802381403903,0.8709625896196045,0.44061043386149334,0.38218668674714573,0.6571770024089998,0.4772868162000006,0.8966218286586891,0.8869582867635561,0.8810311726729241,0.6589323048130644,0.47547487556717005,0.5885180093626429,0.7314818781874264,0.524633075099964,0.7526948593374025,0.7606863566290119,0.24050787481280858,0.2646258314555866,0.2768348437394856,0.7881895203996264,0.5382350531375069,0.12265429698170452,0.45869445745172077,0.4162384848016951,0.530455251645044,0.2409585207566738,0.5607991893909534,0.24030732557467122,0.6934851946824141,0.34267631808674504,0.5792247452734316,0.6879738175284489,0.0,0.8956471348461357,0.6082755115105942,0.7924435466684643,0.6415086571652944,0.47574844826823903,0.4676621287888672,0.555451766356925,0.3453861537431129,0.507654855098357,0.4785765566873891,0.8776811661646201,0.8132319406005543,0.5091871689234547,0.6121554662927015,0.39433747818069376,0.0,0.814934772974867
1.2097569704179274,0.3269978537603779,1.015518759358671,0.6421704315872727,0.9067630536066672,0.992628432157078,1.0384960296156924,0.7581347686447273,0.7154242729634464,1.0946646146954393,0.0,1.0775528714499947,1.057928324709063,0.7610073398854569,0.0,0.5060263060014477,1.4659944449640112,1.3786171919892518,0.9397164837293172,0.4496294234290631,1.2748909490150548,0.3562222106091373,0.8561883531772616,1.03739954175472,1.4661361687679102,0.5713494671688558,0.9731304045316878,1.0342455348793886,0.4481990046387293,0.49852713407282156,1.0381980027747177,1.0334671542137785,0.6151077571597893,1.0522983471336234,1.0376241148866,0.728041568344045,1.0623253741633585,0.8146072088200862,0.5569549485452717,0.5390192193099831,0.457094692727432,0.3704434466861194,0.5748740870555065,0.5585292964186392,0.16358463658282796,0.0,0.0,0.8469382997238099,0.4750157505659962,0.7127233196053838,0.9003660115891119,0.46639293591686454,0.9158526602028705,0.8197887036754609,0.3804006639204994,0.5273314010401775,1.3805751966310553,0.5228813480189012,0.612735105674971,0.0,0.0,0.0,0.0,0.7906699256481736,0.3340692115561805,0.0,0.6606624484175054,0.9160227530482039,0.0,0.0,0.8537208077062813,1.038993397992614,0.4646518873941179,1.4087417998119733,0.0,0.5215649112429219
0.6782680203312512,0.43115981555656213,0.5030299136397334,0.31182768355812635,0.9947354218995395,0.6549585837710972,0.48004558477640674,0.6933469810606632,1.2281090785685242,0.5860987679155613,1.0775528714499947,0.0,0.8584473677398867,0.5946972462573779,0.3967683227166301,0.607799926873129,0.8166179978168213,0.9565155249981034,0.9824799502899433,0.5782657612712374,0.49326629428603375,0.4308831889167465,0.5042253262944542,0.4590643867536385,0.7277216874943402,0.6268921398051199,0.47918428164918075,0.5970460932288084,0.5544729399422446,0.2904748150837806,0.5682458471424463,0.5515276334373606,0.8772258419278,0.6124628887081114,0.35633600643049496,0.16749579126038433,0.1521175253249076,0.5307953630027047,0.38259814807291637,0.646614696281492,0.6917955813752997,0.22020993042308923,0.382172318308806,0.40287032208520207,0.4700431028670998,0.5904463112739798,0.5671742123536545,0.23863046745772992,0.19804442447109366,0.25586342290709474,0.3577930685456254,0.45568553484457586,0.26199382367584173,0.3765437100654011,0.650979952663751,0.20984125648794053,0.6625711242188581,0.5929652936393726,0.6836708432454401,0.6345152940287837,0.5219207326867494,0.6751440535211712,0.6280057285615661,0.35055917244969254,0.7519241651770656,0.7565705898257432,0.43763817910398617,0.504497405087033,0.4998153293562154,0.7982286789984003,0.6915880229873471,0.298594426368589,0.7200845150567956,0.41180371877956673,0.0,0.9191410251381859
1.076759270004921,0.9023357458100898,1.0561393922691285,0.3671452973530789,1.0212712141406226,0.7814810252695162,0.8859366329503444,1.03780988535467,1.0348528748616435,0.893082757566341,1.057928324709063,0.8584473677398867,0.0,0.36791519098769687,0.9273544858324484,1.0263348061262443,0.8668593224256369,0.9698434234975746,1.0799898460352146,0.9932749192045903,0.9764048412486568,0.869496891963939,0.9620437456393518,0.7187931630750747,1.0332971432037235,0.9364492382548526,0.9346449564225565,0.7085420691175023,0.8357500744349335,0.6798805331683351,0.6639766503816256,0.6251886177671292,0.6448415868539841,0.7070163409774897,0.6702583783300323,0.18534663891450734,0.19695019683247905,0.6191802657801996,1.0491175503055477,0.41743489495188046,0.4338564883666065,0.4773389765042476,0.5485172287796436,0.3464928546234547,0.3589406637126795,0.5705106425266433,0.609557342359327,0.4926160575048749,0.0,0.5721183890088037,0.9380125083457085,0.5237337452834021,0.839538173675126,0.5535456057373427,0.9651246412481903,0.4266146126283215,0.6422475274568508,0.5403873561724282,0.363968635450426,1.3536348935021996,0.44998046621107884,0.3771359494580978,0.5565702987875207,0.47624212266818106,1.1804025127685551,0.552363200556885,0.49460777905146347,0.9861303258273142,0.5024961468026438,0.4894714459560529,0.8265607292899702,0.9102552662344516,0.5370517592958663,1.023661049846058,0.5132009752595316,0.4926049540250841
1.1323163700592205,0.46230374234686183,0.7876501480353697,0.3560505243032255,0.39239451960277927,0.990239951837186,0.12979223560808265,1.0605518827564855,0.7362087247162019,0.6361114761092317,0.7610073398854569,0.5946972462573779,0.36791519098769687,0.0,0.5309535283944257,0.5566479509604721,0.46295416362608743,0.49491388584774887,0.9375181516141333,0.39283290507991664,1.059918821325486,0.25089994512775754,0.9293489101788504,1.4589863555060294,0.5241418589788049,0.7205509926088179,1.0010728824284225,0.40245347169530765,0.41437219423718974,0.7344661362681051,0.46686831308139265,1.0746416607311744,0.2551924929967432,0.7757079204238888,0.3351936557739927,0.4284052089814752,0.04274990528072642,0.39428545933074854,0.6971978013386875,0.0,0.6922769071121726,0.8093400850702632,0.6580616346237368,0.4649961244844228,0.0,0.0,0.0,0.7372414898426497,0.0,0.4774314199605676,0.43684298452056425,0.47489668313189326,0.6123202933808618,0.7119472646059781,0.0,0.48158179113610655,0.39514552420484317,0.7188826374566406,0.43347156352843963,0.0,0.0,0.0,0.0,0.7227619624559405,0.0,0.0,0.0,0.5977066145982999,0.0,0.0,0.0,0.8237882220711804,0.7011447433274509,0.0,0.0,0.0
0.4151517825560255,0.7945815179758348,0.359451687024107,0.5803019866121463,0.43920561829662275,0.8962996493950662,1.1236116362086581,0.6265865861036012,0.5071123866465294,0.4874323210899355,0.0,0.3967683227166301,0.9273544858324484,0.5309535283944257,0.0,0.8729899401173684,0.4419327490398448,0.8288094880777725,0.0,0.49115553961826625,0.8526703987829602,0.7731197101035939,0.6894983941513609,0.80043578095997,0.7411469832845928,0.707312071487062,0.6460009712205331,0.755712450024187,0.8909669131402262,0.8927526120620266,1.0367359538297298,0.9791811737454519,0.8107912429306154,0.9611454244144988,1.0484429763690668,0.5144497030275319,0.3660968439583816,0.3730158055970403,0.9779987271313482,0.975300785472591,1.0350085569400471,1.0362206482039813,1.145162085897806,0.6370314542618589,0.0,0.9509720487623917,0.947636574564565,0.4379805923840718,0.0,0.0,0.9029504540685123,0.6538559722552784,0.5380630625593215,0.49398938556139715,0.0,0.0,0.6152653431200255,0.5344740830665586,0.47564643046958555,1.0605387998907867,1.1137287666990896,0.6024163923989198,0.7534357403655484,0.0,1.0475904945327517,1.0021634414648182,1.0866251126278015,1.060070417040621,0.4446422340205618,0.594298098805291,0.9516333896459622,1.0382589686979187,0.49626293541080024,0.9976463939166895,0.5095811683538003,1.0045265344587695
0.7047397391476495,0.7402242701087873,0.36505321698047444,0.08104485021157548,0.5278066941200791,0.8604405626605234,1.0849251616182103,0.9291306339789548,0.5108847302313044,0.836691410790315,0.5060263060014477,0.607799926873129,1.0263348061262443,0.5566479509604721,0.8729899401173684,0.0,0.6899791613741457,0.7316513344954838,0.4512481915921489,0.736505697382182,0.8884567795268379,0.8588125288015787,0.8893620250771912,0.7200648120017122,0.710902721056881,0.7181478757179274,0.9385086897766046,0.9079039113262464,0.7954802346731736,0.97013291626557,0.557382303270892,0.9033445770317836,0.5887357536969775,0.4643591019793879,0.7271147351484124,0.6003050339223688,0.3176871868274016,0.5818564948107099,0.8890680049087158,0.5339965802555259,0.8700137779224286,1.0230144908016297,0.4772267532497442,0.0,0.0,0.6158975362767358,0.7058574719404946,0.0,0.0,0.0,0.5298940513269015,0.5792809542685271,0.8734830245463743,0.0,0.5791033201263966,0.0,0.39252165073335843,0.618053145594353,0.0,1.1032839264706393,0.8269571434076359,0.5747359947354307,0.8457912228787787,0.0,0.5738783946071575,0.5691689793263346,0.8762094513936248,0.5891163502435535,0.38697927791877895,0.7019833562088444,0.8037745124259874,0.5913799997099353,0.645374364656629,0.6924422450680692,0.0,0.8325710294845713
0.5496543272643378,0.6155366988680638,0.5168986634451895,0.5112359881619999,1.2066793949318018,0.5337592744251256,0.8064656094182445,0.4488193636911607,0.3827858215529756,0.8378591414624592,1.4659944449640112,0.8166179978168213,0.8668593224256369,0.46295416362608743,0.4419327490398448,0.6899791613741457,0.0,0.8453930288480105,0.5071231600415125,0.6038757242874551,0.39198359673816796,0.8704706554489028,0.4477521738328947,0.874612047810081,0.8446057529616784,0.9664207698383038,0.5563622610764786,1.0032931600847104,0.5992509048858934,0.5507829825349764,0.7835085056885195,0.8696786367548317,0.9127236059258821,0.9187879705478845,0.9797369514033898,0.600038962875287,0.2396906791996021,0.5988706381788402,1.089678917713567,0.7783161524179933,0.9090247512695377,0.5869025027408776,0.0,0.0,0.4937277489940803,0.644455109244966,0.6233126916244978,0.0,0.0,0.0,0.0,0.0,0.0,0.0,0.8990635453426292,0.0,0.7998847642120909,0.33812567423964657,0.0,0.8034864685284171,0.5173220903059665,0.8308541608668109,0.8471023438897116,0.0,0.0,0.0,0.5521184770233399,0.0,0.7808722752391968,1.0250522803903426,1.0205472472857773,0.0,0.26614609833842195,0.4580274129033125,0.0,0.7958782918899168
0.7384784607075577,0.7252970364328746,0.5169855548985376,0.48509222411495534,0.3534475156086104,0.9019305578674277,0.9505015380894853,0.9628907965406787,0.5734237678471296,0.7960586454474848,1.3786171919892518,0.9565155249981034,0.9698434234975746,0.49491388584774887,0.8288094880777725,0.7316513344954838,0.8453930288480105,0.0,0.4803420311974983,0.8049723413271953,0.766821478870766,0.7419574070954561,0.7766951712672152,0.8897359573921434,0.9471736216094013,0.7456651480731838,1.0038005747832233,0.7930688423990746,0.7807784244396966,0.8622807272770322,0.602219600099835,0.8755644718192471,0.8528773515268508,0.8697258839385729,0.7117873161154714,0.45369082471251765,0.2383459088861602,0.38565444935959353,0.867664688752735,0.5511554165496606,0.7360159989305569,0.6838686139999127,0.0,0.0,0.6042336853375332,0.828682261915461,0.8055958345065595,0.0,0.0,0.0,0.4523893601618296,0.526554951498676,0.8470111805245593,0.0,0.7583560566139762,0.0,0.7543125364632337,0.4862831591062498,0.0,0.5279222830844523,0.8805141246101921,0.6957746788496338,0.68604327440515,0.0,0.5002220693762809,0.6450179599359331,0.8175857979787013,0.7252421432521192,0.8403591849139136,0.7722104971516852,0.8582769333347402,0.5035412953855285,0.69417618609668,0.5018810007109992,0.0,0.8967850714583077
0.0,0.6039066264576567,0.9926311367110889,0.4228393763353791,0.9432597932505079,0.4727857350425946,1.04013959803448,0.9164495878649577,0.6179870641679515,1.0178733624840044,0.9397164837293172,0.9824799502899433,1.0799898460352146,0.9375181516141333,0.0,0.4512481915921489,0.5071231600415125,0.4803420311974983,0.0,0.535605249056168,0.4507504108284961,0.6597059125841719,0.8319601283211793,0.43148734222137397,0.5106845215732871,0.43206528730064175,0.9365733702054047,1.0678922173858063,0.6079705889631011,0.5916632578758828,1.087336585141986,1.079540305288587,0.45541021434586815,1.0699441669310645,1.0772313555787965,0.9559236744247092,1.1108345801738264,0.39441218996157856,0.6948994620820317,0.39412341596291567,0.347557957888025,0.15109814246894746,1.0625556678952828,0.32934826718791166,0.40443224484613416,0.0,0.0,0.9078665530326959,0.0,0.5010103596534843,0.9488848816936597,0.46466683324289065,1.1166545535140266,0.7068433612071017,0.8368008627826213,0.8959809795372521,1.5639795267011762,0.4162168707245613,0.4544636899637917,0.0,0.0,0.0,0.0,1.0257002195972347,0.47066559056518203,0.0,0.49489366909095045,1.107483453498436,0.0,0.0,0.0,1.110928992738654,0.4867392749639648,0.4338644551499019,0.45189263818823655,0.5416520132587133
0.5924369318548317,0.6740451980945332,0.35839587477198875,0.5492478148169503,1.0372796727215334,0.8198174412055541,1.0056313575017168,0.9727933199541308,0.9980549878203531,0.38149820467719786,0.4496294234290631,0.5782657612712374,0.9932749192045903,0.39283290507991664,0.49115553961826625,0.736505697382182,0.6038757242874551,0.8049723413271953,0.535605249056168,0.0,0.9337522927321293,0.7432607148075064,0.37203607721862697,0.5562344564148543,0.8503293009270372,0.7061029851993945,0.9423577688002565,0.9545895491103857,0.7687088332837286,0.9538048349295292,0.8784715678916738,0.9855863355250317,0.8923787733953165,0.9894097027997381,1.0546634832886246,0.756765305540867,0.37926645615572807,0.7513265175383197,0.9942418822891862,0.7462454659514288,1.0941905211150653,1.0248883620129599,0.4995223786833538,0.21663399957819393,0.17199749341519815,0.42198446662229716,0.738242964529443,0.43028699857097374,0.0,0.0,0.49861285384184967,0.6299895660442429,0.6284478151303277,0.3952041307533247,0.9275273293454883,0.0,1.585389293390279,0.5699130261092988,0.0,1.048131378407157,0.5490108805726917,0.4832214321696935,0.5916349250779751,0.0,0.9916743294781383,0.9431724526708043,1.0008880324879885,0.9210292618087376,0.0,0.6032277974719389,0.72973110875413,0.9444061768184472,1.0825046020535725,1.0705633043445684,0.3905207800929581,0.9992730930150595
0.4923465198680094,0.6970971823535205,1.1495690187129484,0.48351998330965146,0.44405021557951724,0.9587134781563075,0.9547437037050803,0.9690657434185639,1.0949171796310242,0.550433979754732,1.2748909490150548,0.49326629428603375,0.9764048412486568,1.059918821325486,0.8526703987829602,0.8884567795268379,0.39198359673816796,0.766821478870766,0.4507504108284961,0.9337522927321293,0.0,0.7038493423261469,0.8560447828194133,0.8282943689406467,0.7909994549739393,0.7917145129536017,0.8219376292267129,0.8993015152966337,1.0051909299502784,0.8770192887588769,0.867853701718559,0.7371219737212428,0.5836409950853148,0.6402645450318469,0.789331633001854,0.7775155547243446,0.3058006748280596,0.5356309944519171,1.0280317884543417,0.858328115962036,0.7135305366583966,0.9516757778485858,0.5527554081466948,0.0,0.0,0.6846959858201414,0.8514667556252209,0.6114676848818872,0.0,0.0,0.9132708360822944,0.39332634540202127,0.5787554023488967,0.4560125630207642,0.5638255535790562,0.0,0.7483152419061279,0.5238134054544133,0.0,1.0547505156025367,0.9757052415612266,0.0,0.5184890621039674,0.0,0.9722594388739986,0.8572495955794004,0.9998870908138624,0.8459103493777635,0.7838411510956307,0.5086485246072927,0.8677191789455967,0.7819540914571508,1.0137930518344402,1.0242940974334394,0.35222974168247234,0.6897219321534086
0.6584998712730591,0.6900706525162114,0.5414775620153378,0.5192927694885433,0.9332092540818708,0.7280896740741727,0.9491122983643558,1.1352787178495793,1.0113576504999402,1.104140448856696,0.3562222106091373,0.4308831889167465,0.869496891963939,0.25089994512775754,0.7731197101035939,0.8588125288015787,0.8704706554489028,0.7419574070954561,0.6597059125841719,0.7432607148075064,0.7038493423261469,0.0,0.93225518393942,0.501967189865256,0.8581474855207067,0.8418621596493823,0.8375141603463685,0.9218337698535757,0.6347377892390809,0.8975292395528525,0.819065959009212,1.0369395643347277,0.8108181602828187,1.0074957944136416,1.0927139400099632,0.5136108350497658,1.2947682186645575,0.529157859242728,1.0145291882428944,0.677290876912795,0.8658874008579649,1.0270909599846914,1.1991386968413338,0.3390827120689265,0.2245086856572993,0.5794303051154857,0.8310734950220766,0.568822058235954,0.46901990434270063,0.23652699112475606,1.0782933267225485,0.5966812107836771,0.5997152468608532,0.6445455482133223,0.3705205825488942,0.0,0.47995382868655745,0.5789048676659229,0.0,1.0410290155149096,0.7949208574931587,0.43503169578613865,0.3203097118078783,0.0,1.0326260250483146,0.9860227915572332,0.9999789664733673,0.8709497986248784,0.71571050398591,0.09218474865692167,0.7818848600980879,0.891349750344526,0.5504575829565627,1.1143333446412378,0.5532925146719874,0.9873421120142395
0.6954935643544354,0.9451823182570624,0.8618378584130933,0.846792156238594,1.0193757812540212,0.7934198121292719,0.9510631259182081,1.0030241449522157,0.8409073110306239,0.47726695247429995,0.8561883531772616,0.5042253262944542,0.9620437456393518,0.9293489101788504,0.6894983941513609,0.8893620250771912,0.4477521738328947,0.7766951712672152,0.8319601283211793,0.37203607721862697,0.8560447828194133,0.93225518393942,0.0,0.8727183674825335,0.9088589485523999,0.5884244548488612,0.7011443663247472,0.7822659649376831,0.8442082019041217,0.7248047851046466,0.8972944572790011,0.8899154129987534,0.8443171446739812,0.8833336134377852,0.9411814222587627,0.5895778573469176,0.8941353206396743,0.3865606516191522,0.9955710323765475,0.5245395542440517,1.015868141691183,1.0338253044557975,0.8974937326208076,0.573928936381761,0.464325171153954,0.43647131871485173,0.8528558195121911,1.008662385302713,0.47454820611175186,1.1280718751422434,1.0465602347708298,1.0311872890161702,1.0528005343728806,1.0910383555999807,0.5497828759393086,0.8048363089354866,0.9796879732808444,1.0419928113153383,0.8167146262274103,1.0056642135163631,0.6526369066260552,0.4676621287888678,0.5677037940637947,0.9739085232358469,0.9018987314210363,0.9092473459319054,0.9399183972922638,1.1422061459587725,0.2053771939270081,0.6552591375443992,0.9012376850631185,1.0336493019506903,1.0199762945313933,0.9722786669437806,1.0025712053727698,1.0455091851766
0.6383993537061474,0.403065724975351,0.3936477865715179,0.20370757124666383,1.1019459651142678,1.276205347239431,0.6009364788943238,0.9315054534307712,0.4752561594742989,0.33853824793168696,1.03739954175472,0.4590643867536385,0.7187931630750747,1.4589863555060294,0.80043578095997,0.7200648120017122,0.874612047810081,0.8897359573921434,0.43148734222137397,0.5562344564148543,0.8282943689406467,0.501967189865256,0.8727183674825335,0.0,0.7365765002177789,0.5645046735287584,0.7807535975571522,0.6022611976892154,1.1551540621596603,0.8109077646302709,0.7326876415659684,0.5429090679566351,0.6716042409464292,0.5174674229089067,0.6315029156318086,0.33234239421721923,0.34553837199146437,0.5128163119845962,0.9290863597387401,0.7413410892263415,0.7249429171802866,0.616112216667994,0.6111570732365752,0.3278231172117624,0.6188447269025023,0.5881217487503239,0.5136374118667679,0.0,0.0,0.5041019374244504,0.5985956950691593,0.3362800359867286,0.0,-0.03496172444947292,0.6798145866345352,0.5210505838709113,0.6268292521030217,0.7825792357101282,0.0,0.27768857655913526,0.5959978455298176,0.6485703723795175,0.7582046825701563,0.4453174043889896,0.38437093153958557,0.4295591240981809,0.2026066810645777,0.8422270508793738,0.4209484403292481,0.8612796538450187,0.7800492383911631,0.5640883871754712,0.9256152667677189,0.5612105134239985,0.0,0.7043994650629345
0.6364912764970823,0.6492998006709989,0.5750872851715645,0.8652997581466098,1.1430540805272402,0.9293166337411373,1.1393937461044732,0.9983355662893862,0.6051627387409118,0.7374198334959496,1.4661361687679102,0.7277216874943402,1.0332971432037235,0.5241418589788049,0.7411469832845928,0.710902721056881,0.8446057529616784,0.9471736216094013,0.5106845215732871,0.8503293009270372,0.7909994549739393,0.8581474855207067,0.9088589485523999,0.7365765002177789,0.0,0.5148837102161938,1.0057842982495508,0.9567502175740938,0.8201381631725637,1.0736055691803228,0.7001067545080757,0.6529980117852517,0.7151872251527904,0.6690138571405506,0.7763538751923997,0.4360331006022439,0.5905823715261911,0.5193969864543817,0.900985394577271,0.5824157200237751,0.8738291648563694,0.9467949922491624,0.09621303981654596,0.0,0.5250076816298237,0.9158382817376023,0.6884503715352677,0.0,0.0,0.0,0.5435859320950189,0.5111869897055802,0.6426481407437026,0.4330983338204488,0.8307100313959239,0.4717592797342558,0.8101807057494106,0.4480101020918814,0.0,0.21517426991104344,0.8077027567967839,0.7973243286468165,0.8313324762237689,0.0,0.6834611430013966,0.5895785920652794,0.7684925019958222,0.5451687812045432,0.9160694302157999,0.8370393911342658,0.9091760634457042,0.4832670459824066,0.6352756279589389,0.6686810779583979,0.0,0.9573411057023309
0.6792798061132881,0.480802711937212,0.4954825495019205,0.6178526639478872,1.0107377732025549,1.035242118333811,1.0300370928523113,0.8125884926552134,1.3436146855956483,0.867355703735192,0.5713494671688558,0.6268921398051199,0.9364492382548526,0.7205509926088179,0.707312071487062,0.7181478757179274,0.9664207698383038,0.7456651480731838,0.43206528730064175,0.7061029851993945,0.7917145129536017,0.8418621596493823,0.5884244548488612,0.5645046735287584,0.5148837102161938,0.0,0.7875208622684415,0.9050748667776154,0.9301791498322765,0.9783970648079361,0.6158470644998109,0.8368690429128154,0.702652763976082,0.7149322909577807,0.7449188536022806,0.42590967364908877,0.42595919209781824,0.525075458641711,0.9635249236313443,0.7878005540755211,1.0351087404265544,0.9743318163133904,0.21371564937301188,0.5468231911550019,0.5742368123372681,0.827905901970405,0.8276652502847193,0.6482676330207141,0.0,0.009819634219525062,1.0381265888249411,0.4802304859646983,1.1665147038010089,0.443597594198627,0.8298101094177275,0.0,0.8344290988218672,1.0595861097674453,0.0,1.086008009977504,0.9273436018134387,0.8398331033388708,0.8697110836605882,0.0,0.9957554412764602,1.074005795335603,0.9094308921935848,0.9606960672832328,0.7888905618299558,0.9059068954317249,0.8716130240771409,0.9408534774207369,0.6391884550403679,1.0236528284007114,0.4477060455635503,1.0023387840298188
0.6272485022562806,0.9342775063459117,0.5958333261372208,0.5157347131805116,0.9305244768496559,0.8055342025473422,0.9210496205365838,0.8961922707244041,0.7579780239065501,0.4091802381403903,0.9731304045316878,0.47918428164918075,0.9346449564225565,1.0010728824284225,0.6460009712205331,0.9385086897766046,0.5563622610764786,1.0038005747832233,0.9365733702054047,0.9423577688002565,0.8219376292267129,0.8375141603463685,0.7011443663247472,0.7807535975571522,1.0057842982495508,0.7875208622684415,0.0,0.8360904294497968,0.8289389068835891,0.7670311484648603,0.8618751993409834,0.979635174541202,1.0140147276672669,0.9412050135575909,1.0363068881213773,0.8040813916448537,0.8158088718604068,0.39611124676857534,0.9857433735189313,0.795887634273158,1.0236297302963546,1.0572420518489616,0.9866940332282645,0.5328441775385233,0.3842600435518173,0.38487442791113946,0.7625775536098053,1.073254280341247,0.48960900043831795,0.6048218354321175,1.0356126301489987,1.0732926746097897,0.9299563571464672,1.030784641752379,0.6891976585022601,0.8673610470712443,1.0605327215395912,1.0633541723358784,0.9538430920339633,1.0421831098654097,0.6273146610345959,0.0,0.3735301620981566,1.1551267328818011,0.9340118884854083,0.8898295104232186,1.0478260717306844,1.0091734362802112,0.0,0.6035547760182939,0.8885462317371178,1.0268330581563756,1.0606620285719317,1.0257509892635999,1.0522397279087246,1.0546399329364757
0.6541060685165911,0.9307527297073233,1.0206438116941547,0.2655028126515126,0.6203801702940601,0.7672279671450715,0.3125234703352343,1.0036810731463883,1.0622659160348158,0.8709625896196045,1.0342455348793886,0.5970460932288084,0.7085420691175023,0.40245347169530765,0.755712450024187,0.9079039113262464,1.0032931600847104,0.7930688423990746,1.0678922173858063,0.9545895491103857,0.8993015152966337,0.9218337698535757,0.7822659649376831,0.6022611976892154,0.9567502175740938,0.9050748667776154,0.8360904294497968,0.0,0.7254933308149834,0.622296035989883,0.644796780732845,0.24354731881864672,0.4166317474890653,0.10479275602769172,0.1153269205569602,0.09363099184295914,-0.024967578295886556,0.23568610443690946,0.8628592980343709,1.0926262503307795,0.8040446084454652,0.35707467906777046,0.5082751662936429,0.40059759480373824,0.5274886436288564,0.559460667098569,0.5788497717719581,0.5644792218388902,0.0,0.6021784086732525,0.9956023645583785,0.5132816360860095,0.9151716102197971,0.5034737721194265,1.0044686201943889,0.4429063457364737,0.3519706318496672,0.5264383707428185,0.3725109406406638,1.0212371363560528,0.4538199215321721,0.17744342836162494,0.5586480568322783,0.6541741141580659,1.0337722685776343,0.516268825759975,0.38110129757545896,0.9910636949128533,0.9802141277959815,0.6181583374200499,0.5857799653245639,0.882319795770182,0.5472482468954044,0.9380171168226936,0.48494480550584684,0.8746288536909465
0.6371605173823118,0.7338098738782268,0.6056240090384859,0.3936881986659795,0.988303010248279,0.6153832274645117,0.9505621829248876,0.9771292294570502,0.8321834620989269,0.44061043386149334,0.4481990046387293,0.5544729399422446,0.8357500744349335,0.41437219423718974,0.8909669131402262,0.7954802346731736,0.5992509048858934,0.7807784244396966,0.6079705889631011,0.7687088332837286,1.0051909299502784,0.6347377892390809,0.8442082019041217,1.1551540621596603,0.8201381631725637,0.9301791498322765,0.8289389068835891,0.7254933308149834,0.0,0.8526969420231476,0.7036417425068526,0.7378127815119496,0.664273611211722,0.8585367231479232,0.862654594704291,0.5409067507020182,0.4370895527512459,0.49301550971324887,1.009148819115138,0.7802920663299919,1.0425492940099776,0.9981188567450956,0.9509560205110621,0.5050743433516761,0.6331034729714913,0.3927081277054294,0.7477933529147534,0.546861358528774,0.4947107524734943,0.412554554823053,1.0024702608017244,0.5542249971600776,1.0227065754690097,0.5171744541758234,0.5829120396799009,0.4078808432971288,0.5664778568022906,1.0799793304570247,0.7975492486334363,1.0336513892947496,0.5896104540063535,0.4708549266797556,0.5987982324366428,0.4838200844602907,1.0257536565335,0.9184665793429057,1.0658747868394176,0.993281710385356,0.4317875503620012,0.6415271692814793,1.1069164910849623,0.9718092850781574,1.043720114830467,1.015886913978796,1.0739607234737973,1.0313925253679825
0.5105074380351884,0.4660623680766442,0.5647016215591171,0.4262892775114453,1.1325910174420695,0.8745545301312041,0.7908020384341008,0.888990927638916,1.0444481545512923,0.38218668674714573,0.49852713407282156,0.2904748150837806,0.6798805331683351,0.7344661362681051,0.8927526120620266,0.97013291626557,0.5507829825349764,0.8622807272770322,0.5916632578758828,0.9538048349295292,0.8770192887588769,0.8975292395528525,0.7248047851046466,0.8109077646302709,1.0736055691803228,0.9783970648079361,0.7670311484648603,0.622296035989883,0.8526969420231476,0.0,0.7571333074032784,0.6772718240607529,0.44637880593706925,0.7748878863168615,0.7020568083384019,0.5018364458973223,0.24424907481927427,0.4270787398537599,1.000183041478927,0.4474211584287271,0.47309230009472913,0.680155308049726,0.6340849734755751,0.0374075340008181,0.0,0.0,0.0,0.18987377885595683,0.0,0.0,1.0883480337765006,0.5199637415428846,0.4004131266773986,0.6743679232979668,0.4506536666159855,0.0,-0.015101406921799322,0.43153485193655416,0.0,0.39478210666345787,0.0,0.0,0.8957609961203482,0.903460882651808,1.0132158600566643,0.45791205992970013,0.53320145293115,1.0378815009022968,0.0,0.35915498104732224,0.46329750405572057,0.9887571323885365,0.5274521815827203,0.7627348204333133,0.37544479906679096,0.34076134806873265
