0.0,0.05695263889518265,-0.001796040866322235,0.0,0.00056147228332315,-0.003959594317603898,-0.0025893821992671873,0.07056915392292096,0.0006192887646684908,0.08274895910193913,0.001433759049501937,0.06795420584747469,-0.00012677120166681988,-0.0012958165735758032,0.040727344970013624,0.044529488934118455,-0.003819396599478053,0.04147122640242956,0.0,0.051988131837227114,0.06673320861818155,0.05133053210875277,0.05261180827794687,0.08439299024014235,0.04160923278094947,0.03887759276238617,0.060522210595390924,-0.0041579990883982565,-0.0026694504636431415,0.0032561026691146355,0.04622189829760981,0.038679917649811324,0.02020778859593564,0.03488737550717119,0.04449692946002837,0.00043185473520857,0.0002212940243360162,-0.006252688098039749,0.01462833403202285,-0.010318374344634562,0.017485559577472776,0.01304722657707319,-2.924605653248369e-05,0.0,0.08909064918017173,0.022199415830886915,0.0273098881003892,0.0,0.0,0.0,-0.003779055547418031,1.1102230246251565e-16,0.04572878008769732,0.0,0.08960166004610942,0.0,0.10131511783122582,-0.0006768968264972419,0.0,0.064545456789325,0.028555649487662038,-0.0028708418864051843,0.021015324541560854,0.0,-0.003542123376973183,0.012167226175394452,0.02037590857389815,0.03722656308235023,0.02492700867385339,0.024123292726971335,0.029666958413820443,-0.0026035734093587948,-0.0001769667486825055,0.04847551479730522,0.0,0.02821296560761133
0.05695263889518265,0.0,-0.0005794826246687257,-0.00011236189155111598,0.01625127502100293,0.021531096636322633,0.02801077087394699,0.07208726029158152,0.006846126045615186,0.027553058237168748,-0.0004401913918789524,-0.002041341751217951,0.04402794336325638,0.00014139834736082157,0.03735125702901165,0.04693507891553489,-0.0037107482488884513,0.04574993660657645,0.0012041240202597114,0.02954262597731777,0.05293156264201232,0.03799428524909565,0.05082787265055139,-0.005293834151301358,0.04518699285758315,0.030875859834928965,0.03588403051612665,0.06712782980882648,0.04797223396289502,0.07011493072642228,0.045207656755446524,0.04596508999764315,0.03857341731069813,0.036801085120883203,0.03563687625479389,-0.004102684790265931,-0.00022683289395059036,0.0,0.02668170911568113,0.038018492135176274,0.031985482199501036,0.03830249171231537,0.0012744855996130733,0.0,2.220446049250313e-16,0.048094747827592765,0.03511951416879544,-5.225195682584394e-05,0.0,0.0,0.041943235742798124,0.001868544109462078,0.0012119497513787825,-8.677725121658542e-05,-0.00027291741343532516,0.0,-0.0010871844729383184,0.003463623200030186,0.0,0.05189648447186118,0.04419716745340779,0.0011448240240689578,0.03307251831306268,0.0,0.03505508689994491,0.051907692811975936,0.04329932537605874,0.05075980954073683,0.09014232373472464,0.029816880075357932,0.043093822943674254,0.02705944238914959,0.00013052787030837232,0.04560969279426613,-1.1102230246251565e-16,0.03934411612580124
-0.001796040866322235,-0.0005794826246687257,0.0,0.040831393101446234,0.04871160701284566,0.020787411485584273,0.033468665154608945,0.05144805474050812,-0.02535085007541532,0.043485320963935314,0.06983693676847458,0.06738732387949842,0.03227649251103887,0.0726235889273813,-0.0017519112164749995,0.00011932555563276548,0.0006002455219309422,-0.002616939423181752,0.03631670527162739,-0.0011942323749252193,-0.0019484409761761357,-0.0003358981442596054,0.04104941085238967,-0.0019222436852471825,-0.005846141819910278,-0.005942196479227835,-0.00657253552683118,0.03791518170959013,-0.00999091297864596,-0.0002473190107057377,0.037642273283071404,0.040539298723606065,-0.0015740582627422617,0.03593155948415283,0.028010560578763666,0.05235698658120824,0.04103946662833918,0.06603444543630921,0.016359121078431738,5.98971990561914e-07,0.0011625156998961161,0.0026391059658179006,0.03567646439350791,0.0017325506229568521,0.0,0.0,-0.0003733566972944913,0.031835585245910014,-6.568742470736133e-06,0.04978858198028113,0.043042251337662374,0.055836079195733634,0.05126533883388407,0.06688377142716306,0.0008690977624642993,0.14504078948833155,-0.0012594540964697143,-0.007492419361187053,0.06892033456688562,-0.0002468796770025983,0.0,0.0,0.0,0.23777826142692515,3.713612571343283e-07,5.5842255925753204e-05,-0.0004938459021264219,0.06725512255144239,0.0,0.00016752429205141306,-0.0014150617020993739,0.06920175260854022,0.05597989657835756,-0.00016539116678104815,0.0013767794143099144,0.05882048634469417
0.0,-0.00011236189155111598,0.040831393101446234,0.0,0.018962733435050505,0.03355743310276926,0.017854804364934806,0.06249658829368526,0.04103967268034553,-0.009511600559392763,0.03225854696952596,-0.005273657991527847,-0.0030655408118985816,0.005236418984593871,-0.0015535799421043106,-0.00045533843590417344,0.0007175589810187177,-2.9912010466981442e-05,0.04162471502717885,0.04090697795430631,-0.00021574325049034115,-0.002964062855042804,0.040290559255215574,-0.0006509401115406543,0.0006743702130275198,0.0011710480080350805,0.048985082564943716,0.020675977676341772,0.03699325646203788,0.0010961230692311807,-0.026157458405016043,0.033477248442489116,-0.015949590653854318,-0.014851132851244231,0.026599087872954452,-0.01904747866806747,0.025284748397317036,-0.007439077651817783,0.10435162571375578,0.00034103757146553004,9.731552567615598e-06,-0.0014837250000347413,-0.000690411691436521,-0.0011564592467498414,0.0,0.0,0.0,-0.00035801900833548617,0.0,0.0,9.87488551354998e-05,2.220446049250313e-16,6.845761902790626e-05,-0.0006984167505320049,5.551115123125783e-17,-0.0008826542463272191,-0.0003350884359522577,-0.000213757964940553,0.0,0.0,0.0,0.0,0.0,0.0,0.0,0.0,6.0359030209899966e-05,0.000587283154323659,0.0,0.0,0.0,0.0013224552797976297,0.0013410228532655943,-0.0001264145056013577,0.0,0.0
0.00056147228332315,0.01625127502100293,0.04871160701284566,0.018962733435050505,0.0,0.03483736390020614,0.02661040650851937,0.039690458027869524,0.03379823607427346,0.01472438202310511,0.05362416044552892,0.032876443998528904,0.031156912959713734,0.025044772973055462,-0.00037096657252078113,0.01792675005641109,0.027791576018113162,0.018968297087385677,0.057491602169540745,0.013185638785665144,-0.001025255058057839,0.01146437793592886,0.04099762256309086,0.05205218962005753,0.043940319529266914,0.023781473593727398,0.043161832308924564,0.013220732737607377,0.028029692712335907,-0.0031236403721264794,-0.015166734250803782,0.04894534377542009,0.04694831694172208,0.028162211974521678,0.0278959992528377,-0.0011847517296310062,-0.01178760106792881,0.06718226187465237,-0.04279012714040731,0.000821397223082887,0.004092712964440026,0.0011008326414144176,-0.002076541320108205,0.0013472714871583524,-0.0001238090133935943,1.1102230246251565e-16,-7.710414547373867e-05,-0.016407312558481935,0.0,0.0034056255495288346,-0.03254579447623862,0.0002045831583081803,0.0131253316143089,-0.004065003949137225,5.551115123125783e-17,0.05835345176644652,0.0007650208389328728,0.0033010786666703984,0.0739934810934067,-0.00034871854389006973,-2.3907814863777244e-05,0.0,-5.551115123125783e-17,0.05418240157405174,0.0003471854034498012,0.00013393228010571967,-0.0008844124226130012,0.0374705124848298,0.0,1.9203765205810797e-05,0.0007828688745202816,0.04297521533619342,0.0027472645065078627,-0.0029202754079799,1.1102230246251565e-16,0.0006084212294157343
-0.003959594317603898,0.021531096636322633,0.020787411485584273,0.03355743310276926,0.03483736390020614,0.0,0.029706256666726383,0.060488958396625436,0.04958023466659456,0.03813189440939968,0.052781322507297,0.04394921323562667,0.05831925864442322,0.07564726136386846,0.018563276117202654,0.022294017568637026,-0.001788286360778657,0.024121655942884235,0.04072192115658929,0.033170263217338014,-0.00713293048474356,0.0205941529642103,0.03231565086211463,0.04741500711259472,0.04641860870916659,0.024339713750869463,0.05514860412732342,0.05941932942929917,0.032348129851693,0.04205542073530916,0.03097073251329363,0.044778256458357035,0.028850861656568916,0.042948784460132894,0.02097425849049972,0.03230376334744639,0.03709895774190697,0.04725446948503259,0.034010894645110645,-0.003849134612679883,0.05794845361626566,0.07280974661328776,0.031900205985905594,0.07251613589281053,-0.001935384425078679,0.0015238970323540046,0.04557393203036619,0.0696532744175935,-0.00047948636569111747,0.05599485457984166,0.04582583271166296,0.05065447912871823,0.06523621472413305,0.050025096483602205,0.003966375716558335,0.05140135411686331,0.04986377589599478,0.0471597207096649,0.09981942631346341,0.03213318965524975,0.0007578677013214685,0.0,-0.0007729018877086768,0.04919588022861454,0.04405885004758253,0.07051458848477954,0.01921838143733029,0.057654655747813366,0.00011228608206459434,-0.002690781487636462,0.04172269873576023,0.0444143635003823,0.036251287456306125,0.04174041505275178,0.06621842266729439,0.05780036960451629
-0.0025893821992671873,0.02801077087394699,0.033468665154608945,0.017854804364934806,0.02661040650851937,0.029706256666726383,0.0,0.023002224356896916,0.011387931990205213,0.020541095333890425,0.030529807521886665,0.018282624031057182,0.03113649718689021,-0.012863915712916563,-0.0015787651709363582,0.036564776906679586,-0.003836054797813848,0.04388646941438962,0.03710261836891554,0.014207143260610344,-0.0010701553630648175,0.029714426577134856,0.03134998414225504,0.04436153468021964,0.05924385497958928,0.027037517631279928,0.035799212328851915,-0.0013559015553047393,0.03044574977123249,-0.00605106376427389,0.01712124427875772,0.028752078199682507,0.010497133080253018,0.01726693088727499,0.01094010739944773,0.017114811874014313,0.020937351808453908,0.061058303133853964,0.008603395519661938,-0.0009430177279121654,0.01555161284608636,0.0038687351087776656,0.0033873905282571504,0.0056546473869488745,-0.001238410312604521,0.0,0.002097377358806496,-0.004899758936718346,0.0,0.0019745300947255906,-0.007316551395995297,0.0017723874450791266,0.004396936280335606,-0.004802037175528073,0.00025118113318484125,0.0010186039160322014,0.0007953715471587519,-0.0012382961517986013,-0.00012536370146681852,-0.0005636172772935932,0.0007736304871820421,0.0,6.153723976443093e-05,-0.0020394619994467122,0.0010564572711604936,0.0012294532518741796,0.00099062273555095,0.02420636784522867,9.227785655385734e-05,0.0009065869649849678,-0.0003844664288342181,0.01630035779038086,0.00036863309808299327,0.10838464601599535,0.00047299952316726124,-0.00020665723233392885
0.07056915392292096,0.07208726029158152,0.05144805474050812,0.06249658829368526,0.039690458027869524,0.060488958396625436,0.023002224356896916,0.0,0.02392385871780034,0.06001386932143499,0.07326965249385686,-0.001619735500590913,0.024294073914043424,0.07878156295785788,0.08658912066030555,-0.0026288325049657058,-0.0006000458412058762,-0.0037004621891288947,0.03084715180212333,-0.004991728545710394,0.06521108168415563,-0.0055710402731666275,0.05034240758408576,0.06770302488196656,0.0687672733222352,0.0548615736281598,0.05493175727823335,0.04150249700215014,0.05150962684278043,0.013608188150444622,0.03908152595371178,0.01927730786206633,-0.0026678657305378994,0.029672461488582602,0.026231154063501128,0.03373451012040263,-0.00231020482609412,-0.0020428107710515064,0.04161617549894159,-0.0016892618021724926,0.04227087556004483,-0.005132893112148373,0.04428630181370996,-0.0014554601005593026,0.0,-0.0006486736529651149,-0.0040037754942899295,0.06950391337317874,0.0,0.028232233170315868,0.04250712112120131,0.0422532363378717,0.09358524793710354,0.03859337167401233,0.0006067787358513543,0.051742185281588804,5.8573347806401e-05,0.04996017290660926,0.07774464226702571,0.03287653815399777,-0.0005132074852108315,0.0,-0.00024508895245639595,0.044360369702488134,0.035914972589242034,0.025701961054874656,-0.004853257399113908,0.05682360502608863,-5.551115123125783e-17,3.6505662631969304e-05,-0.00737609241070436,0.04514139065594547,0.028793530745124585,0.057319267544359676,0.001841958079771444,0.05736954789554283
0.0006192887646684908,0.006846126045615186,-0.02535085007541532,0.04103967268034553,0.03379823607427346,0.04958023466659456,0.011387931990205213,0.02392385871780034,0.0,0.0345804857702503,0.04448742512486731,0.0450958661562193,0.05464685573793693,0.05945535220553616,0.001965365220237547,-0.004232617641124425,-0.002553845791521181,-0.0014120074195074772,0.00796296826627263,0.016489977857597482,-0.0013227077889598204,0.007008511246495153,0.041938981061585334,0.04036757693090687,-0.004102500190887093,0.0009229507931658998,0.004162200905806879,0.038071606156231674,0.05462480034861217,0.024759836122418277,0.038895372839255093,0.04260996065665301,0.056081881113079546,0.03757890834580341,0.028634653655332076,0.03589446888387865,0.036023451850668964,0.04663254530446098,-0.00617085044390131,0.0007977870430064815,0.007198076276317966,-0.0006879178274825093,-0.0028477208169578327,-0.003209057945364968,-0.0019848391455489223,-5.551115123125783e-17,0.0012303604703742255,0.03257884249568177,3.1556546830624477e-06,-0.013099862312013877,0.04336124469486646,-0.004619075756336355,0.02722689054916072,0.04391869433129303,-0.0007650398640356992,0.03620275315578114,0.026196456646121247,-0.004699833113561369,0.03155790490728594,-0.0006959874022629542,5.709368740086651e-05,0.0,0.0,0.0601934027572637,0.00029533952382493345,0.0018093716820873351,0.000567584402165755,0.034762974957589066,-8.131445163506168e-05,-3.2193495618060286e-05,-0.002503938761038549,0.035643238343867845,-0.0027683333628466533,-0.0032146224555402725,0.00024054001468043484,0.041039237254451355
0.08274895910193913,0.027553058237168748,0.043485320963935314,-0.009511600559392763,0.01472438202310511,0.03813189440939968,0.020541095333890425,0.06001386932143499,0.0345804857702503,0.0,0.043165511645435584,0.04152394471681237,0.0010614682907592043,-0.2028256267454766,-0.0023782676326606356,0.04749246682782016,0.045667327353066944,0.047043591875622515,0.04130919814804157,-0.0050665375115692135,0.08596928302446616,0.062321942604490366,0.03393541279767559,0.056734068865057774,0.03636515419813563,0.0580106262604535,0.034534872607606404,0.021347095389049442,0.05824174076884514,0.04107317339747352,0.015219023400224962,0.08409201238643393,0.04026315609250436,0.011398857736121981,0.07723571939496754,-0.007362428804059518,-0.007785301541069989,0.036046397335942004,0.10056631454884968,0.018587789840205315,0.04748310660659344,0.059578244355316,-0.005332751427037041,0.00013115307681943467,0.05477021527852555,0.07685258286927038,-0.0008567704289599853,-0.0002819079299468674,1.7918244446579745e-05,0.0003016840490376871,0.0011877065558845157,0.041949773957478065,2.732059238713669e-05,-0.002160388987662465,0.03859163574481039,0.0011128481708001514,0.053079983979486656,0.042083124785249004,0.0,0.0009769740091099544,-0.0035103430104767575,-0.008613092343736417,-0.04282292489663325,-5.889820846372018e-06,9.569470558729032e-05,0.08395667131459977,-0.0021857014309275558,-0.0011165795868141037,0.06895936961601995,-0.016319911897309858,0.01675283428671026,0.001412839593878057,0.04100397054447963,-0.0013155831327205103,-5.551115123125783e-17,0.02031696535501598
0.001433759049501937,-0.0004401913918789524,0.06983693676847458,0.03225854696952596,0.05362416044552892,0.052781322507297,0.030529807521886665,0.07326965249385686,0.04448742512486731,0.043165511645435584,0.0,0.03858561580012554,0.026527776944095638,0.06869806111646304,0.0,0.0001375180488099037,-0.0021212579944568932,0.00017447619972199568,0.037307283492065524,-5.361952658750058e-05,-0.00011092302456727765,0.00041148800268586694,0.0534634962788717,0.034970862929803226,-0.0023405414312623884,-0.002225946282450819,0.03545094589525477,0.04119460443285555,-0.0037629667644083487,0.000407729426963821,0.04992523792792414,0.047083175712090475,0.04736482101341927,0.047215123534136705,0.036364902868389226,0.03462699294105592,0.0557032325282123,0.043809945319254306,0.031458455395729945,0.00011667583894880984,-0.000853309659965884,6.765605226588534e-05,0.049598860346822427,-0.0005778991808926826,-0.0005336351226502556,0.0,1.1102230246251565e-16,0.13247919840760825,6.110540332060488e-07,0.07687314025538444,0.05991059926268694,0.03315399034408295,0.04785545811350539,0.07743463392677963,0.0001974291718180865,0.08182169424865021,0.00035804239110937,0.04968159863677507,0.09096072061813737,5.551115123125783e-17,0.0,0.0,0.0,0.00381710955209974,-0.000564109957796266,0.0,-5.5860027333598516e-05,0.05367276078408589,5.551115123125783e-17,0.0,8.924630729650884e-05,0.065618053286709,0.0836778288435156,-0.001363737547229904,0.0,0.08356770235412292
0.06795420584747469,-0.002041341751217951,0.06738732387949842,-0.005273657991527847,0.032876443998528904,0.04394921323562667,0.018282624031057182,-0.001619735500590913,0.0450958661562193,0.04152394471681237,0.03858561580012554,0.0,0.013828228640072326,0.004031694833233457,-0.0003691868462945558,-0.00011024268254145042,0.036820771141554076,0.039803134813857444,0.047894030014065614,0.0023850446929731817,0.07061572601938204,0.0004962691221810922,0.018251546996602086,0.04276112590056125,0.033362402046681505,0.01762502748440281,0.038383864794771294,0.0365095669950411,0.00380929177504602,-0.0010405248165020753,0.018399516437280217,0.020809742050956204,-0.07223779806699399,-0.012844182434158052,0.01702258814288532,0.05064412827827186,0.05425861555138811,-0.03142364022747496,0.0752864573979316,0.011476280096724467,0.03990127250169978,0.09104795682243622,-0.0020603143134432234,0.0015281347823462577,0.038475859929885003,0.0896609707630226,0.001501389321622304,-0.0002653199634880532,-0.0007273915526557206,0.00022377348787117057,-0.0011130803475120077,0.0013779008929177827,-0.0006472553250262969,7.478145392797453e-05,0.03534103624450541,-0.000605412873644573,0.04947722007186872,0.04431293172102835,0.0001875592904783674,9.31147507661767e-05,0.0014831240497254483,0.0028273925216710794,-0.024882972556352467,-0.0006683741774777263,0.00030423868795087516,0.0016921766926528692,-0.0006615782909809576,0.00310461954053054,0.05867043643603981,0.007980371130158925,0.0290678494762589,0.00036965029349073086,0.07670211851357561,0.0010979361878971639,0.0,0.02680984402528841
-0.00012677120166681988,0.04402794336325638,0.03227649251103887,-0.0030655408118985816,0.031156912959713734,0.05831925864442322,0.03113649718689021,0.024294073914043424,0.05464685573793693,0.0010614682907592043,0.026527776944095638,0.013828228640072326,0.0,-0.00248344944526413,0.059973032367542145,0.05292085438219446,0.014332527518412408,0.04382753529866806,0.034166026044851194,0.037241414144751184,-0.006188988286409125,0.04998212627574944,0.038165156310570936,0.02181542212354215,0.06591028434559904,0.03518436677628789,0.04259247857811649,0.0541422183120856,0.05963841781427537,0.02747024474938936,0.03068726876955269,0.023866255793253355,0.009754910860074073,0.005994613550160788,0.02253084128994698,0.028436267834653528,-0.00124767670085002,0.021593441471681962,-0.004022742854367323,-0.002077178596951279,-0.022074890672144243,-0.01311192335380107,-0.016804303621298255,-0.0035937316405389996,0.039517203036883775,0.0007135966667065063,0.0026030568862672743,0.045695058707244995,0.0,0.0010964006177744956,-0.006149340053857477,-0.0015723268838844229,0.0367743387227808,-0.0026551386534152677,-0.00880192058831869,0.017226833812879816,0.009395952669453644,0.002560952067097555,0.0008724050089641833,-0.003959402662420286,0.0013007840627664025,-0.00022347908168812713,0.00162700167969837,0.09596669539126546,0.05521699058894741,0.0002430730041299567,0.0007307056699025205,0.045514977648483,-0.0010344472562693885,-0.0004892467097810105,0.0017430113369429345,0.046476753322331366,-0.0017962636339049487,0.054570025784668574,7.715620521797639e-05,0.0019403106090795652
-0.0012958165735758032,0.00014139834736082157,0.0726235889273813,0.005236418984593871,0.025044772973055462,0.07564726136386846,-0.012863915712916563,0.07878156295785788,0.05945535220553616,-0.2028256267454766,0.06869806111646304,0.004031694833233457,-0.00248344944526413,0.0,-0.0007860685133972978,-0.0003013809721705285,-8.210792084301088e-05,0.0001112536131505637,0.06329030933681201,-0.000664987395216643,-0.005664549708486455,-0.0005882527108767577,0.07046184608596334,0.003744510402792056,-0.00043283094930018917,-0.001912525775577656,0.06209460230836544,-0.05532724047631962,-0.0009152529783754138,0.00014729697128290642,0.019095019106666222,0.008179396942481765,-0.04518794240819865,-0.1376920273047812,0.03386847619192623,-0.01861265763064679,0.0015931986904771933,-0.08275119879032183,0.017024483262269796,0.0,0.000518543058872889,0.0009595848855370459,0.05258946887384591,-1.7589182750854526e-06,0.0,0.0,0.0,0.05827409631316671,0.0,0.061814849333689637,-0.0014555141284922635,-0.0027090407253627102,0.06595601512311028,0.0354053643498331,0.0,0.07706631082434456,-0.00020863626922063006,0.0015019443715069691,0.08595612215311693,1.1102230246251565e-16,0.0,0.0,0.0,0.03976087142282653,0.0,-1.1102230246251565e-16,0.0,0.04932509637272536,0.0,0.0,5.551115123125783e-17,0.12166388123568311,0.0005792636270806617,1.1102230246251565e-16,0.0,5.551115123125783e-17
0.040727344970013624,0.03735125702901165,-0.0017519112164749995,-0.0015535799421043106,-0.00037096657252078113,0.018563276117202654,-0.0015787651709363582,0.08658912066030555,0.001965365220237547,-0.0023782676326606356,0.0,-0.0003691868462945558,0.059973032367542145,-0.0007860685133972978,0.0,0.03815027122432585,-0.0035215546873061387,0.044728310341943356,-1.1102230246251565e-16,0.04516841350313516,0.021893731816717665,0.02424025997179763,0.07154785831299854,0.0715443208507272,0.04097865870609896,0.012979700354708024,0.07275291573629644,0.04651827080938048,0.04346443846399545,0.05834518768976393,0.026254381394391735,0.03975281650618773,0.026461597416303106,0.025063605871015693,0.04042131323290815,0.040620519751543904,-0.002307516800379994,6.477850731423374e-05,0.05089679818012721,0.05159213600938628,0.04193955281523937,0.04898861556697265,0.006260530460793612,0.0001026078690483101,0.0,0.043278998082202036,0.024167773536237447,0.0001105166898565102,0.0,0.0,0.03453030943876606,0.0024645987490701793,0.02758406091131188,0.000612894814903564,-5.551115123125783e-17,0.0,0.0010503715089105747,0.03785136079486173,-1.0016738375306922e-05,0.06238677438750767,0.05055978673201206,0.0005412101791094637,0.0010802424449942172,0.0,0.06267903251564505,0.023323007953824748,0.041590446246970614,0.05111224305272921,-0.00013015310701197658,-0.00016784422811150224,0.031539893236680716,0.04856635228708034,0.05816876453003855,0.051643624357175066,-0.0018502186458032033,0.05446580698764936
0.044529488934118455,0.04693507891553489,0.00011932555563276548,-0.00045533843590417344,0.01792675005641109,0.022294017568637026,0.036564776906679586,-0.0026288325049657058,-0.004232617641124425,0.04749246682782016,0.0001375180488099037,-0.00011024268254145042,0.05292085438219446,-0.0003013809721705285,0.03815027122432585,0.0,0.04212467499566347,0.05508539337148327,-0.00013773020212382026,0.038801804763781145,0.03996107713252256,0.06099681688243441,0.04917456974855117,0.03920681206814619,0.05495995112796287,0.0432985094392625,0.03484102415146689,0.04864068469896221,0.04304776961373863,0.0408734548501809,0.0328070378601682,0.02934615579968608,0.03150240152240663,0.03212295853873498,0.053790315911767084,0.0023066771006630127,-2.8755940698954596e-05,0.0019545570888042096,0.02535219313625492,0.04107884896064007,0.04194209022900247,0.03231230324588352,1.3061062580144167e-05,0.0,0.0,0.054530846937690114,0.03144281982992225,0.0,0.0,0.0,-0.0004930006866338266,0.0005604185331575251,-9.508913529621132e-05,0.0,-0.0011807180120798622,0.0,-0.0008274932341819086,0.0005772875042369119,0.0,0.05256351583617558,0.04571484862537878,0.0009208343872046387,0.04210184977217224,0.0,0.05528415190987673,0.05823171807340738,0.04040214756561644,-0.003811712012984969,0.08890927819398853,0.0443015616364954,0.052406391606855396,0.06014465067328456,0.0017342098412225782,0.04909190738347846,-1.1102230246251565e-16,0.04487016460983939
-0.003819396599478053,-0.0037107482488884513,0.0006002455219309422,0.0007175589810187177,0.027791576018113162,-0.001788286360778657,-0.003836054797813848,-0.0006000458412058762,-0.002553845791521181,0.045667327353066944,-0.0021212579944568932,0.036820771141554076,0.014332527518412408,-8.210792084301088e-05,-0.0035215546873061387,0.04212467499566347,0.0,0.0762615661523221,0.0014416266718108028,-0.004181601619816011,0.0010502438325623586,0.020144429733186697,-4.030379325714595e-05,0.033280253903152646,0.03278690200743595,0.046196701705360665,-0.0010861592602777748,0.01996955655516014,-0.004057476998964804,-0.002699452240759237,0.024209625065554186,0.02383122514079372,0.016143228272724353,0.03002425719111873,0.02669099546524112,0.02250048621603401,-0.00037213739789554445,0.006163806725349441,-0.009351657703288996,0.01022962346912809,-0.0005200926591322763,0.000173252383205591,-5.551115123125783e-17,0.0,0.0008637741788062314,-0.0023678624144508054,-0.0003709451527160734,0.0,0.0,0.0,0.0,0.0,0.0,0.0,0.04848002671979135,0.0,0.04374385188356994,-0.0013659482869745054,0.0,1.9293018135302376e-06,-0.0014522044416959146,0.012210451039762815,-0.03202208368946413,0.0,1.1102230246251565e-16,0.0,0.0006107053598573553,0.0,0.04899490128049261,-0.0035013711944793524,0.018103907874339187,0.0,-0.0008779947772606378,7.871338724957377e-05,0.0,0.0032081204169727706
0.04147122640242956,0.04574993660657645,-0.002616939423181752,-2.9912010466981442e-05,0.018968297087385677,0.024121655942884235,0.04388646941438962,-0.0037004621891288947,-0.0014120074195074772,0.047043591875622515,0.00017447619972199568,0.039803134813857444,0.04382753529866806,0.0001112536131505637,0.044728310341943356,0.05508539337148327,0.0762615661523221,0.0,-0.001959888067087412,0.034379503106517384,0.06949114190114963,0.051651813261893165,0.022436981746954576,0.045348228978002,0.0352187007976173,0.04144909010095321,0.04016706029583733,0.03354411343613456,0.05660822528462345,0.04987513929331633,0.03434795887803027,0.02738885640109484,0.021437936494620446,0.024041465411732243,0.024787195226775582,0.0009851940550197336,-0.00020889040382537916,-0.00040377675437797134,0.02338123784302254,0.033481186713394506,0.026737617550696646,0.03889014899202203,0.0,0.0,0.000811004537039417,0.044721071213302266,0.033829426268037366,0.0,0.0,0.0,-0.0011143193457889278,0.00032397275541018455,0.0002356023274392438,0.0,0.04819666082940344,0.0,0.043622448094727706,0.00018009681433911462,0.0,0.0007761868044487419,0.03758404773277102,0.02215293204072477,0.030389099295109245,0.0,-0.0017079020172731663,-0.00027205950558034653,0.048949340077638126,0.0008497796985180162,0.03488889520473504,0.0369884386457614,0.04576883268449922,-0.0010233490432972614,0.0005879314198912744,-0.003939666033325684,0.0,0.03991916721444988
0.0,0.0012041240202597114,0.03631670527162739,0.04162471502717885,0.057491602169540745,0.04072192115658929,0.03710261836891554,0.03084715180212333,0.00796296826627263,0.04130919814804157,0.037307283492065524,0.047894030014065614,0.034166026044851194,0.06329030933681201,-1.1102230246251565e-16,-0.00013773020212382026,0.0014416266718108028,-0.001959888067087412,0.0,0.00034832355942110427,-0.0003309698548520368,0.0014246206746436618,0.08405321906346164,0.0748608653319498,-0.0016412003578277767,-0.0007233186636363964,0.012920749409573717,0.04340240644408183,-0.001309011452052089,0.0001156432946947672,0.047456000870355564,0.051003759483063016,0.05094046376805639,0.04539744050860406,0.036636725916145474,0.04654103473001464,0.04496536952154173,0.04577589638833157,-0.025468068260239618,-9.446876112850777e-05,0.004007175542105612,-0.0015931379414957925,0.01783343798351089,-0.0014581328400966598,-0.00016327346464450887,0.0,0.0,0.12142609360757739,-5.551115123125783e-17,0.02123720423037101,0.04024925211429753,-0.0037947324639192592,0.020090692118377662,0.04384910973252565,4.8613364505623036e-05,0.09860315441189693,0.0009402119624173366,-0.004331924597181791,0.03488095467470276,2.220446049250313e-16,0.0,0.0,0.0,0.07708863189600312,6.775697520178259e-05,0.0,0.0001156223144889168,0.048281606425377155,0.0,0.0,-5.551115123125783e-17,0.05467172417538835,-0.0009204395930649811,-0.0022230940454920356,0.00023359611921602852,0.039813464777726404
0.051988131837227114,0.02954262597731777,-0.0011942323749252193,0.04090697795430631,0.013185638785665144,0.033170263217338014,0.014207143260610344,-0.004991728545710394,0.016489977857597482,-0.0050665375115692135,-5.361952658750058e-05,0.0023850446929731817,0.037241414144751184,-0.000664987395216643,0.04516841350313516,0.038801804763781145,-0.004181601619816011,0.034379503106517384,0.00034832355942110427,0.0,0.03566036573969933,0.022128862372265135,0.05083659333883994,0.10266445493000559,0.04498713119501768,0.030053939294584997,0.058438851666093916,0.004412509060533754,0.047762439060470785,0.0321845836188811,0.01667698164584147,0.03546438229583765,0.0263625767361938,0.0106783104703424,0.017623520683852645,0.01874010098461565,0.03414436222941086,0.005712094874260776,0.05251839533697472,0.061866291747719626,0.03409165951829929,0.043538792974979645,0.09638665888166997,-0.0006477732605411624,-0.0004530700394131948,0.00010069739259122024,0.02938314440090789,8.126743149766691e-05,0.0,0.0,0.050765100163685295,0.001241782581488493,0.04915083746933463,-0.0012157368336224161,0.000814981914618762,1.1102230246251565e-16,0.001308448941476581,0.0488495140217472,-1.1102230246251565e-16,0.05877042074479977,0.07757604957684289,-2.077733175087637e-05,0.0018318845934423567,0.0,0.05148705721554997,0.05375061905510914,0.03657081308696786,0.05898314137721272,0.0,-0.0004446076684443412,0.03989558013000227,0.043851194521298154,0.04493298830505793,0.046264990792676264,-0.0009640899413397852,0.05019091374172907
0.06673320861818155,0.05293156264201232,-0.0019484409761761357,-0.00021574325049034115,-0.001025255058057839,-0.00713293048474356,-0.0010701553630648175,0.06521108168415563,-0.0013227077889598204,0.08596928302446616,-0.00011092302456727765,0.07061572601938204,-0.006188988286409125,-0.005664549708486455,0.021893731816717665,0.03996107713252256,0.0010502438325623586,0.06949114190114963,-0.0003309698548520368,0.03566036573969933,0.0,0.04564147763317361,0.0366879916953371,0.08754752671266164,0.07713652571189389,0.013413211019743632,0.06291555895955175,0.0636275018665946,0.04977907651111296,-0.007490691289257334,0.026866357172025512,0.04097442795135453,0.021264063973636282,0.01612465904582605,0.05474480323650377,-0.002514704378979604,-0.00038110775641392314,-0.0028766107439666677,0.024265294539036975,0.02810885288158327,0.0025661025464036036,0.02035396545510626,0.002880151211019144,0.0,0.0,0.02310874637354432,0.03698137140673513,0.0020096848195275685,0.0,0.0,0.009080505844853981,0.00035262647515404977,0.06851744614565458,0.001322132524398667,0.08537777440600303,0.0,0.0004990404501301615,0.03189966623221169,5.551115123125783e-17,0.03002653874438188,0.03725357511645222,0.0,-0.000558741556529796,0.0,0.04876382865668061,0.024159213460845597,0.01958628069927104,0.04169364988927737,0.0011101536893283748,-0.0031859600876636973,0.02454007273313863,0.026129694621778554,0.035256611217366673,0.039683721301631114,-0.0025366728334093036,-0.0020882309728781356
0.05133053210875277,0.03799428524909565,-0.0003358981442596054,-0.002964062855042804,0.01146437793592886,0.0205941529642103,0.029714426577134856,-0.0055710402731666275,0.007008511246495153,0.062321942604490366,0.00041148800268586694,0.0004962691221810922,0.04998212627574944,-0.0005882527108767577,0.02424025997179763,0.06099681688243441,0.020144429733186697,0.051651813261893165,0.0014246206746436618,0.022128862372265135,0.04564147763317361,0.0,0.054795050523470334,-0.0012592651062823812,0.03731620793327195,0.02352314410266021,0.03702404831066214,0.038497368931150966,0.047290362519509965,0.06338372656712349,0.02335310057725354,0.029731833454190892,0.024411122541333652,0.024136482658232206,0.03655488517516631,0.028174515472029982,0.037391420391740204,0.004942842383361179,0.038746370900324234,0.0408146175894572,0.03670067221919998,0.045585850727007216,0.09538005522966753,0.00014828438575004155,-0.00038157062036747735,0.05204913054576138,0.045834105523681,0.00024203332794897614,5.5080816265817845e-06,-0.00013309129241184658,0.04870164296280244,0.0034638204229777148,-0.0012323495682765584,0.0005000527183762205,0.0007282985286680699,0.0,0.001085468403743628,0.0015057449982426307,0.0,0.047720272062289903,0.0436685994840067,-0.0008959566041946698,0.048027803986019635,0.0,0.040933119583589916,0.036113341693978396,0.032298705772657976,0.05025999901675682,0.0020279790178345247,0.006603048973071679,0.04628086694664768,0.04526577566999329,0.0010132716825340116,0.043462515456864526,0.0005064106263159007,0.04007325892650765
0.05261180827794687,0.05082787265055139,0.04104941085238967,0.040290559255215574,0.04099762256309086,0.03231565086211463,0.03134998414225504,0.05034240758408576,0.041938981061585334,0.03393541279767559,0.0534634962788717,0.018251546996602086,0.038165156310570936,0.07046184608596334,0.07154785831299854,0.04917456974855117,-4.030379325714595e-05,0.022436981746954576,0.08405321906346164,0.05083659333883994,0.0366879916953371,0.054795050523470334,0.0,0.06554053593109815,0.0907446029110362,0.0337116248456667,0.04157059927809598,0.049518049902915195,0.06027497521573838,0.03264134124168,0.03673017297821507,0.053264428011920106,0.048165708749186076,0.04189077994275403,0.033868705040033587,0.05658937149324961,0.04163837970223866,-0.011933777642105126,0.04691727476208973,0.08039938167197813,0.04295179278369066,0.049394223783778335,0.041339523472698314,0.05992500635172515,0.0008604579395956047,-0.0006790708929908518,-0.0056444031918803095,0.09260137975893212,-0.0009936031997889172,0.041625919320583016,0.04201667892719929,0.03542842785910916,0.0649947707647876,0.04632191954502696,0.0022410539039705024,0.07044579106125021,-0.0032652366448984727,0.05180000853313549,0.060175388416220166,0.05592769506231837,5.1159692466440365e-05,5.054315732383463e-05,-0.0014418532791349858,0.08342023899309914,0.05803356774228896,0.0528123559117859,0.05043043041979883,0.0588412571630883,-5.725105971754463e-05,0.002496185176004251,0.040118063560076744,0.043313758046277906,0.04775345179594326,0.0522131925663013,0.04459293766678096,0.058819269550710485
0.08439299024014235,-0.005293834151301358,-0.0019222436852471825,-0.0006509401115406543,0.05205218962005753,0.04741500711259472,0.04436153468021964,0.06770302488196656,0.04036757693090687,0.056734068865057774,0.034970862929803226,0.04276112590056125,0.02181542212354215,0.003744510402792056,0.0715443208507272,0.03920681206814619,0.033280253903152646,0.045348228978002,0.0748608653319498,0.10266445493000559,0.08754752671266164,-0.0012592651062823812,0.06554053593109815,0.0,0.03351390189927389,0.053382014963976765,0.09963606795997121,0.03741983504281604,0.0020453034705749107,0.000787597298745446,0.03594869358641356,0.07748966826299036,0.004534343397234908,0.053631319102249664,0.0883114939080547,0.092328858710163,0.00527398656144018,-0.002118238630442054,0.03831554593076508,0.0298555516941878,0.061085214735284554,0.09867964372388294,0.000632085306664254,0.00012868739879223767,0.03220557935848123,0.06954461321596639,0.07631305881743972,0.0,-5.551115123125783e-17,-0.00019963621181040558,-0.0001302346159651746,-0.0003614783999504323,-1.6653345369377348e-16,-5.376302507043018e-05,0.04775421854725037,0.0003536455075786593,0.06184405019606415,-0.0033233656058049843,0.0,-0.0016486338947263035,0.03932833300693539,0.0045598649332509456,0.026124602258308816,2.432818402220427e-05,-0.0007518946358647804,-0.0010353369368353293,-0.004602266954207568,0.0006113291070290461,0.07226882314170407,0.02657850959827962,0.04205450416377632,-0.00018710732941484842,0.03355313368399632,0.00028473439199311334,0.0,0.025552428916720216
0.04160923278094947,0.04518699285758315,-0.005846141819910278,0.0006743702130275198,0.043940319529266914,0.04641860870916659,0.05924385497958928,0.0687672733222352,-0.004102500190887093,0.03636515419813563,-0.0023405414312623884,0.033362402046681505,0.06591028434559904,-0.00043283094930018917,0.04097865870609896,0.05495995112796287,0.03278690200743595,0.0352187007976173,-0.0016412003578277767,0.04498713119501768,0.07713652571189389,0.03731620793327195,0.0907446029110362,0.03351390189927389,0.0,0.04291354347366516,0.047723725504479675,0.0341341702531015,0.08155701856103353,0.052024610174702335,0.03331535749826903,0.025487711663299217,0.00818687273081109,0.02190122211169615,0.020962806433095116,-0.0005256546647389171,0.000345469903103357,-0.004496106545074652,0.008327205283531758,0.01134533027757162,0.012785333505477114,0.018490226253453312,-0.0011122928224214235,-5.551115123125783e-17,0.0017376628473062539,0.033669102267612716,0.022682910116016974,5.551115123125783e-17,0.0,2.220446049250313e-16,0.001858169470074833,0.0010140388149425528,0.0010331355740793025,0.00045126756266272716,0.04116189743552001,-0.0003298459133554421,0.04430179958973274,-0.0019394028764926352,0.0,0.09341249827435572,0.03366775335975858,0.008841663012858048,0.009974436795150476,0.0,0.02844615541007034,0.027428981834176913,0.03897006393381519,-0.0001951808347865902,0.034791670378074846,0.017113107530954075,0.03342701436893403,-0.0011893257553992065,0.0006858925369907509,0.048007457003849174,0.0,0.024552618675570403
0.03887759276238617,0.030875859834928965,-0.005942196479227835,0.0011710480080350805,0.023781473593727398,0.024339713750869463,0.027037517631279928,0.0548615736281598,0.0009229507931658998,0.0580106262604535,-0.002225946282450819,0.01762502748440281,0.03518436677628789,-0.001912525775577656,0.012979700354708024,0.0432985094392625,0.046196701705360665,0.04144909010095321,-0.0007233186636363964,0.030053939294584997,0.013413211019743632,0.02352314410266021,0.0337116248456667,0.053382014963976765,0.04291354347366516,0.0,0.03244611943949599,0.034627734537252375,0.040989526630628215,0.04267528452281916,0.04245807840089738,0.0370271157452729,0.031306923748828375,0.03128403549628589,0.03353929209671014,-0.039841323330185585,0.0013955650631262695,0.021602134714120536,0.028996729660429377,0.040914416970406986,0.029077925084892486,0.03963224804545662,-0.005690706922049815,-1.6142045235478797e-05,0.04345005656621037,0.04921302872795452,0.03619969262312989,0.0019957119866785278,0.0,-4.169695505928939e-05,0.03986529717274162,0.002012652331758402,0.020683764882290068,-0.00202775884127554,0.05432714983693293,0.0,0.056079946630328836,0.0006558164308411163,0.0,0.02562663501886464,0.048710361672723246,0.028903180097636483,0.03516007732091975,0.0,0.030317895417821705,0.019807893098655716,0.027504499212810507,0.029222755706340364,0.05821507686956462,0.03942762162578989,0.03971564408798889,0.02737332147074567,0.032615610068481404,0.04593646426638742,-0.0004330694705236837,0.040126043075131124
