0.0,0.03944623312757495,-0.0014374726565382634,0.0,0.00046659242366081655,-0.002588333051026126,-0.0013973842833313599,0.026423598416849492,5.12081737681358e-05,0.05734042364480707,0.0001399403882566541,-0.007971864329818501,0.0005838248258374645,0.025159729637489248,0.01961523054881925,0.03107227086214026,0.013453676169834339,0.022061469621329932,0.0,0.012695980220982173,0.024530573762427677,0.03632684474842446,0.0311582837414503,0.05665276459735019,0.029868015600303666,0.01321502608811298,0.010635482803247331,-0.002703427135012537,0.07388459463420605,0.0014952898050406005,0.025307103760554506,0.02433716729662816,0.007957994914610966,0.02854971245866772,0.03912281743774776,3.841251424219205e-05,0.00040709607377809043,-0.004451114710660287,0.019600764267243165,0.03833064013038329,0.036707289155136436,0.0035568848102394135,-3.0215887156237464e-06,0.0,-0.0006393107678820398,0.02437004177095664,0.028741143742578634,0.0,0.0,0.0,-0.0027911830745631083,1.1102230246251565e-16,0.02914315568135939,0.0,-0.002063712556883035,0.0,-0.0005130480788737568,8.11610299494836e-06,0.0,0.00036277975828863385,0.02901672545115591,-0.0018352252383049272,0.027348154292473503,0.0,0.07511011215966579,-0.032486767843973585,0.04351885124626864,0.06909166083199436,0.05248335494912548,0.02179977188968235,0.03844157127615849,-0.0008131878842774776,-0.00023929288141311122,0.03683828802398831,0.0,0.026303890721975143
0.03944623312757495,0.0,0.0010334555930561762,-0.00015005802484230335,0.06803626445315192,0.06913398434784473,0.06491085017332177,0.04993562905214061,0.05891243260609785,-0.0008546975371088728,-0.0002626077924381409,-0.0019535835329486106,0.07753633320974862,-0.0003181444308111847,0.04126691024045376,0.02339302937826787,-0.0003067686320733509,0.008906249625710738,0.0012705896504957015,0.0348109256809524,0.05244538427128298,0.008281619009738839,0.053725933848472185,-0.0011411724810150292,0.00022762768832268465,0.019433285696536906,0.044947096943122766,0.06984465826559566,0.059988529099959886,-0.002122856231924708,0.05499361703227151,0.03060425253543303,0.026862548747062065,0.059748801222684056,0.05266359964379619,-0.002951417004004697,-0.00025377565971645977,0.0,0.015000843845477452,0.024078410451317422,0.02097170653411118,0.02526685080009189,0.0007319149831643279,0.0,2.220446049250313e-16,0.04037722766070756,0.025385486716151817,-5.3984687794494945e-06,0.0,0.0,-0.000901692017679756,0.0015287391296054387,0.0006487823339526577,0.00020181852426554014,0.0007729859881332457,0.0,-0.00044905950713647336,0.0035408740579596087,0.0,0.019626358031195557,0.030425572284060065,0.0022036152042516077,0.040876158960840625,0.0,0.03602277186130931,0.028776704236445794,0.023665226208631818,0.04157459956595855,0.05809229090499357,0.03500047393407518,0.034029050735429,0.03869861698708055,0.0002585295212338967,0.03642512402627496,-1.1102230246251565e-16,0.019385790084776533
-0.0014374726565382634,0.0010334555930561762,0.0,0.0020548720925645525,0.02480875138826255,0.05255941633369143,0.01749107883600487,0.025612030704563082,0.02249077414379208,0.023398101532256077,0.02310756439355599,-0.0017861329312781615,0.016139478558258424,0.03341851105408261,-0.0009206412750532023,-0.0002460240419870363,-0.00023986998709230045,-0.0017823519251842779,0.021658734432467852,-0.0009319898527271331,-0.003403711449515845,0.0016230029467207974,0.04889645488612093,-0.0015210408141184129,-0.002884216898583647,-0.00341139108868993,0.03250524385499076,0.004639546933401406,0.02871969431446142,0.0007889496668618268,0.020381811110577852,0.013493695586985488,-0.0004483705498065649,0.007231430414521012,-0.009926958776988015,0.03782696906949201,0.012270518007667042,-0.0019827431699336318,0.026472530580365694,6.188345447188937e-08,0.0002163471798610761,0.0009285294592233928,0.030050208509181997,0.0023761615993626584,0.0,0.0,-0.0003330004910431228,-0.027194572207798806,-6.786569022310118e-07,0.019629140894679042,0.0037633516670889655,-0.01071919815075717,0.02033288122068766,0.0509402541218239,0.0004620101052226211,0.12137598556916529,-0.0012791617575297898,0.04626870743107303,0.041134734922229854,-0.0003161330057778189,0.0,0.0,0.0,0.2504216048015899,-0.0001813911461250317,-0.00043230359125545625,-0.0005082752674121505,0.03127045992449928,0.0,0.00014524942437615929,-0.0011986732514257525,0.005705707499107038,-0.0034847591285045443,0.0007023759389265249,0.0008153535814997559,-0.007059249284631752
0.0,-0.00015005802484230335,0.0020548720925645525,0.0,-0.02643827642538754,0.028967188194313376,-0.011327050091273605,-0.12023673542792845,0.01996675128603903,-0.04694565110255436,0.052506872474682,-0.005961582276205024,0.023159281657430086,-0.0904035648558825,0.05586614298235981,-7.351291081258982e-05,0.00015119087829673639,-3.090392483751092e-06,0.02934024259775636,0.05465501765028935,0.0002557873441743075,0.0475295518948039,0.04954248132518885,-0.0017616478436945915,0.0005803894288114453,0.0017712193297338974,0.05680800389665269,0.010446350136596338,0.04897207704899631,6.385177912687778e-05,0.003189071238688612,0.02501735413553069,0.1900531955213573,0.07033386612869191,0.06680337108684087,-0.031071664842493046,-0.009948250199282749,-0.0071971832894328625,-0.004817294013081008,-0.00023626638031609692,-0.00024504893547872,-0.0017657533256857372,-0.001913711812642549,-0.0013161629586490031,0.0,0.0,0.0,-0.0006344145039147153,0.0,0.0,0.000324588267469339,2.220446049250313e-16,7.072774714844687e-06,-0.00041104285210197267,5.551115123125783e-17,-0.0009780105977853504,-0.0007931434186196906,-0.0003040787668235345,0.0,0.0,0.0,0.0,0.0,0.0,0.0,0.0,6.236060043351976e-06,-4.448071650836605e-05,0.0,0.0,0.0,0.0010166680323425714,0.0015836045379483132,-0.00013574996285081742,0.0,0.0
0.00046659242366081655,0.06803626445315192,0.02480875138826255,-0.02643827642538754,0.0,0.04202008542887836,0.033323472629548156,0.022009451965216642,0.03187470005581755,0.030086971901242765,0.04630492351935622,-0.004468253607716133,0.054499994801210205,0.00041180435985394004,-0.0004885978196419449,0.06495344736824449,-0.0006094104028995795,-0.003254832865229429,0.0257867364764805,0.03337796279266486,-0.001856552894824115,0.04209039323637076,0.026460925730911133,0.04931916866883729,0.07961986945711153,-0.006007951727169558,0.016586202954545937,0.011110680938205386,0.02467772159561249,-0.000807446322882821,0.03379893966010866,0.03297807544558201,-0.0008835760198351306,0.03277010199740871,0.01671893329325591,-0.01665653949563331,0.007567265327435291,0.009377315508957984,-0.008730672813014428,0.0007967699573020459,0.002858585200671171,0.0006009804720392697,0.01770227122445045,0.001959436929121372,-0.0003604024031352293,1.1102230246251565e-16,-0.00016355833666142905,0.02072670833508994,0.0,0.040079491579531945,0.0032651794875269147,-0.0003287876682718238,0.017547808067878867,0.014535347691968736,5.551115123125783e-17,0.040818761506576096,-0.00012192249244180609,0.002899984253963206,0.05274079630500811,-0.000300549205974443,-2.3705913000382495e-05,0.0,-5.551115123125783e-17,0.0514024653214058,-7.37706326809362e-05,0.00016162766581145904,-0.0003807155347038682,0.004188354122324434,0.0,1.984058267068267e-06,0.0006637630622600699,0.0030728927075197587,0.0024590924320110896,-0.0027176919053336634,1.1102230246251565e-16,-0.0007748234199447257
-0.002588333051026126,0.06913398434784473,0.05255941633369143,0.028967188194313376,0.04202008542887836,0.0,0.027038350404889167,0.012490424456859661,0.02289540935902895,0.027055964947622024,0.044226978915599735,0.0010010858087069474,0.04729450855417211,0.0004615017881454686,0.055007553126138475,0.06699931247457941,2.0173315295357597e-05,0.06625266865033763,0.018549305181286224,0.04678954091836163,0.0024650666593786785,0.04384374560647136,0.032080948836312795,-0.001169871193869687,0.08193139742051547,0.06591489504348025,0.04276334051317898,0.04563291642904005,0.01753410518418358,0.044778643346006675,0.033913003039412026,0.026676785267523484,0.03719053332129724,0.029828668075845277,0.026144794555660766,0.039582127817924695,0.03789969014345429,-0.003375982898854879,0.056271746647051424,-0.002468592488878929,0.06909174616687841,0.07756874440564754,0.027254259181642593,2.9610963395432233e-05,-0.0018600417151301007,0.0013062353670306726,0.00019379086371651422,0.028995603556007388,-0.0005083066988249563,-0.01664390376717695,0.01914459472075225,0.03182024623581903,0.01720438676652236,0.036975471422626804,0.002965941098501901,0.013731740515522284,-0.0016360399562677097,0.0488383763881276,0.027354642568831466,0.044099479162632904,0.001634220622340754,0.0,-0.0003711175487964291,0.03730428164031452,0.04317293358300611,-0.004916089301713167,0.020383283276912745,0.027279620407049232,5.5371685773852874e-05,-0.0013726723170585653,0.06788397499842741,0.02258600682822487,0.05376398856014253,0.04900645690900457,0.02841795020820359,0.05464486307732597
-0.0013973842833313599,0.06491085017332177,0.01749107883600487,-0.011327050091273605,0.033323472629548156,0.027038350404889167,0.0,0.03683206504921688,0.0410596716568804,0.005371741874859892,0.054121524301705026,0.016274044834423518,0.05827449982492555,0.00539827279546351,-0.0005381730935762885,0.06485248759143941,0.04694227407434398,0.048328024508944356,0.03931199641483557,0.04388189065909609,0.0008872797686227951,0.05563840996574215,0.03341801138247502,0.03306090781506654,0.06562621597305363,0.09129349789417174,0.019444063349384477,0.005776336532193949,0.03737105012819003,-0.0029948108870465617,0.031943618633048065,0.043797812847480744,0.03926846546681184,0.025171336073646744,-0.011322550442627921,-0.009293651491037558,0.00038024364996991356,0.03336402825640028,0.007158306070456366,-0.0008978663898281947,-0.057472046424820955,0.00019805897229679958,-0.0357701471114652,0.003996519170474222,-0.0010823734228858628,0.0,0.0023243655374384775,0.04700028515241561,0.0,0.000898366515642568,0.08510301863826686,0.0025079196485233712,0.04211942858255929,-0.0009736974997006653,0.0003286325329260875,-0.00022081984703226087,0.00035727025200144036,-0.00013324754028132269,-0.0009768262116502946,-0.0009218154666690292,0.0009558979248858734,0.0,2.2664639157343736e-05,-0.0018364927556747679,0.0010198454026127957,0.0006038169881384392,0.0012246868994648663,0.027695543773670006,9.533788931537224e-06,0.0007381974356149845,0.00047783250921701326,0.028941895300654275,0.0014187317033945712,-0.00154911943282654,0.000964670164992576,-8.149781421773472e-05
0.026423598416849492,0.04993562905214061,0.025612030704563082,-0.12023673542792845,0.022009451965216642,0.012490424456859661,0.03683206504921688,0.0,0.018011415506731743,0.004173414405051423,0.06639221175530857,0.0031981187929283617,0.04321189574262946,-0.016526152022513896,-0.01975100298181809,0.05087385510758996,-0.000315994996536173,0.0013636114109040198,0.0848201709535294,0.036095830810623175,-0.01030737513646457,0.02390203175356581,0.03338888658079797,0.030832628595447442,0.020222474868025808,0.02528068843153841,0.02866185889909234,0.04134733553601877,0.04050167781546932,0.04866933487920877,0.036285819621805826,-0.04144293705976071,-0.09887518905005233,0.03109641633147492,0.03381638275166593,-0.029455839608915013,-0.021631869415520588,0.0005182827678220647,0.03141722474754577,-0.0014106750659985678,0.06118408247878582,0.031117584861033776,-0.05590132156497618,-0.0014790742663031708,0.0,-0.00013892858318814705,-0.001863484230003043,0.05782358269283994,0.0,-0.008050866957862723,0.03804041785960943,-0.0021656855064395852,0.004085559584520004,0.04372220582925401,0.0005651352013970046,0.023929434300187014,0.00012633925914512512,0.04456910794421365,0.029615067119108662,0.03664336209864877,-0.00021686155011729769,0.0,-0.00013268650342179722,0.07012746783793866,0.023899375465201655,0.029586402947099744,0.047726959765954424,0.029025946012719128,-5.551115123125783e-17,-0.00016196421994441046,0.03712256966019073,0.02351142477422241,0.06159485280021526,0.03960909227208975,0.0008665314842628558,0.06109462535026822
5.12081737681358e-05,0.05891243260609785,0.02249077414379208,0.01996675128603903,0.03187470005581755,0.02289540935902895,0.0410596716568804,0.018011415506731743,0.0,0.037691240216027155,0.03601689705948985,0.04878141381797341,0.022369497545165595,0.02732397947206383,9.231352789074165e-06,0.06681720363544641,-0.002210822043575311,0.0003228844659980967,0.028398378515927414,0.019948291720748912,-0.0014192805872302872,0.027368041634964924,0.023813549388580768,-0.0031377758177636994,0.0005530796945121264,0.00023176483014897276,0.034791185776752054,0.013399888281737937,0.0022873203915731444,-0.005079362887374206,0.027437572372003394,0.02485953840987004,0.06388726418342167,0.019787292757374786,0.02079792062957303,0.04387910377574816,0.025398753993816692,0.05026979677297039,0.021782786397206266,0.000620249634197656,0.003291597408247582,-0.0032893754334377134,0.018812043162124203,-0.0034799856196202628,-0.0019321382376115692,-5.551115123125783e-17,0.0010775488777094444,0.010153017108586626,3.260299579754822e-07,0.007068951900736309,0.01911566286499511,0.015378419082143546,-0.0051281993210609,0.03801167305636277,-0.0014820293985368105,0.05058631333789021,-0.0012058024874675444,-0.001939175544149685,0.028855092977730257,-9.324336687294155e-05,0.000432638280968789,0.0,0.0,0.06388288690484578,0.00042900764691167215,0.0011633278080140363,0.0006368683337150682,0.005050303560536595,-9.125908037027619e-05,6.200303681730412e-05,-0.001524223387725343,-0.015378256827269898,-0.0008158979124793797,-0.002130566278270851,6.270606773428611e-05,0.0024368159259566813
0.05734042364480707,-0.0008546975371088728,0.023398101532256077,-0.04694565110255436,0.030086971901242765,0.027055964947622024,0.005371741874859892,0.004173414405051423,0.037691240216027155,0.0,0.03324777041284377,0.052534829127004745,0.0238883568342938,-0.1427806031216539,-0.0014342598460946876,0.030661001808406196,0.033487830022125575,0.044672773035399405,0.030381581363008392,-0.004355377710082375,0.053184323302351955,0.021075758138847545,0.027654911195013843,0.06945242351872644,0.03021592112565663,0.05454639902596958,0.02656185593305538,0.012049700418669929,0.04694503678460055,0.009026778282481385,0.011492826531202538,0.01565254300528085,0.023223881406183755,-0.023479154066589458,-0.02308006573588617,0.010843736471789822,0.007849418295453103,0.021115621092881676,-0.014857350770471067,0.0029157067946897763,0.029137709045547855,-0.029304369216925696,-0.04491208587214701,0.010824990440850779,0.03974766636190269,0.06299860382293049,-0.0001101794456842553,-0.0005751204939025145,1.851243266404179e-06,0.0003597929420864898,0.0017746416745779703,0.018764371761452625,2.8236723874419667e-05,-0.0019046824026457965,0.05842668760631309,0.0003285926601458433,0.06578796496776468,0.03718591200317267,0.0,0.000862956347806143,0.0008273247211449952,0.02232172982682684,0.0077779005074816165,-6.085133627542483e-07,9.88680447300272e-06,0.0005873068965740469,-0.0017606008524657657,-0.001128172703953323,0.06558520875054336,0.011646625455899284,0.04431072615182141,0.0005979523964871336,0.040606853001115106,-0.0010862147519106746,-5.551115123125783e-17,0.044481818255036776
0.0001399403882566541,-0.0002626077924381409,0.02310756439355599,0.052506872474682,0.04630492351935622,0.044226978915599735,0.054121524301705026,0.06639221175530857,0.03601689705948985,0.03324777041284377,0.0,0.030904509836621852,0.052119714540414086,0.0036433839445381144,0.0,0.00011501277684000666,-0.0012973791140130086,-0.00022708136360072295,0.032815061256627864,-5.073808177541439e-05,-0.00014578866223330378,0.00016211236545587981,0.02145350213337399,0.022982749163585336,-0.0011927238439081167,-0.0006585074907591304,0.05173781609864525,0.04421222268474717,-0.0017252344072041237,0.00038651902077219136,0.050419347032412354,0.03957960446087494,-0.006098617746749191,0.03654415983249859,0.03627261401681803,0.04107149515436914,0.05603694324846542,0.02768814376391615,0.04342487223060182,0.0006123637161354889,-0.0009724479472888459,-0.0007252581928285928,0.05421805182007838,-0.0002015136382140792,-0.0006259068895703712,0.0,1.1102230246251565e-16,0.11611741898195976,6.31317240151752e-08,0.05860320936426644,-0.0087863495922893,0.026516915053967194,0.06344794439710028,0.09445368319807951,-0.00044077556288107944,0.11434838215172921,-0.0009418584428934618,0.05887101502790326,0.07765658282395271,5.551115123125783e-17,0.0,0.0,0.0,0.0764587625964755,-0.000566229287345732,0.0,-6.269394051072741e-05,0.06271935142515783,5.551115123125783e-17,0.0,9.220581063063005e-06,-0.004989024806034914,-0.0029749392370305716,-0.0013893375467936564,0.0,-0.0003687656096884595
-0.007971864329818501,-0.0019535835329486106,-0.0017861329312781615,-0.005961582276205024,-0.004468253607716133,0.0010010858087069474,0.016274044834423518,0.0031981187929283617,0.04878141381797341,0.052534829127004745,0.030904509836621852,0.0,0.02780416324960172,0.0030059535142062943,-0.0003406690722280725,0.0006585504431422251,0.035106047041375266,0.03349269976025754,-0.0028834249454403604,0.003241114561373548,0.0005825763272007123,0.001007368762240335,-0.00012390908243181675,0.041855299285493974,0.026251559745474495,0.040957028001731344,-0.0016067574359747705,0.028715694903680533,0.0031815787686622077,0.07204816056052799,-0.003502307172825403,-0.0011471446516657102,-0.03636875027448727,-0.028282341424425345,-0.0092002193038494,0.05541560240486443,0.006384125269929264,-0.030736405464215327,-0.029381211830484644,-0.023892363028352626,0.03463938340376238,-0.0033067490768320384,-0.0010714436481010225,0.001111506831132425,0.0022573971932438597,-0.0012613729886130631,0.0013963941129300772,-0.0005312020774222437,-0.0006939714942672259,8.235325942973493e-05,-0.0005092448296789565,0.0005209266520700417,-0.00036421829466443123,-0.00014908288371295875,0.04493173377396831,-0.0010912389297631497,0.06334240166011162,0.04659101356163564,0.0002829228998988964,0.00010990725407178381,0.0015133495313809364,0.0056169439094042595,-0.015771309383901366,-0.0004190341473606085,0.00041973928501604085,0.001431576550196767,-0.00027884450969867247,0.0021094232196993135,0.06263436245995119,-0.00011101215077202742,0.038557564568448444,-0.0004970304315732865,0.04402041046123012,-3.066095042641992e-05,0.0,0.02111526905824518
0.0005838248258374645,0.07753633320974862,0.016139478558258424,0.023159281657430086,0.054499994801210205,0.04729450855417211,0.05827449982492555,0.04321189574262946,0.022369497545165595,0.0238883568342938,0.052119714540414086,0.02780416324960172,0.0,0.053100711117595234,0.08575465515099823,0.07922803019226343,0.019802531359235542,0.06915351166078904,0.04434509520371088,0.06358330170481752,0.03989953684174863,0.07550616132618021,0.04332927200412107,0.037068605411513134,0.07552731598103585,0.06633472619894909,0.02903585703606054,0.04023459716290234,0.061538648057192114,0.07209772467095371,0.04427566550660722,0.0449993656174521,0.038934760479148456,0.035641925681779374,0.021079493652261527,0.04302210254342359,0.02628470049724202,0.038492945883418284,0.10567356275733764,0.019096063344272607,0.014102175236695158,0.0063540995369925635,-0.0054192370337449725,-0.004581016887408973,-0.0025409974724023288,0.0006438822043240977,0.0030659550397271196,0.03762015801208973,0.0,0.00023024011412775547,0.04060711836898756,-0.00012351411883271268,0.039251298392197986,0.07362700876563777,0.0008343476338203981,0.025930510080522717,0.00017231354159036316,0.0026221844059752253,-8.826842797476919e-05,0.07635432267783199,0.0011175119380071319,-0.00028830227130061115,0.001753205095496202,0.06120193591217493,0.05797181116674388,0.0009744486649425621,0.0010758337313168664,0.04591861024905031,-0.00015839088521646394,0.0005069245132379718,0.002687385087585259,0.03772595848573446,0.08307993666438435,0.06244997215255832,0.0006476733752914798,0.06813838235865222
0.025159729637489248,-0.0003181444308111847,0.03341851105408261,-0.0904035648558825,0.00041180435985394004,0.0004615017881454686,0.00539827279546351,-0.016526152022513896,0.02732397947206383,-0.1427806031216539,0.0036433839445381144,0.0030059535142062943,0.053100711117595234,0.0,0.05843090241871329,-0.0004222069154489194,-8.483070762121958e-06,9.755158755525573e-05,0.06242551803436425,0.07061852108170469,-0.006333811686623059,0.0738990294739969,0.01382611289542146,0.002155418674590348,-0.0002213504117061782,0.02047471347032087,0.014161180356059844,-0.004762772937129456,0.00018507555335994796,-0.00014883935552201244,0.04618279921001489,0.06664160376645156,0.3050442088328037,0.026009022043577357,0.22799357652334884,-0.005196891652480884,-0.012869146909663481,-6.267013411148659e-05,0.01293119969075096,0.0,0.0006194839648763217,0.000906832904587429,0.021087897258714405,-1.8172458926546398e-07,0.0,0.0,0.0,0.04752823938947548,0.0,0.01982278019269057,-0.0012382237002134255,0.0006023416805139847,-0.00023994191070875193,0.004332206018760665,0.0,0.04230949340739182,-0.00015913046823501364,0.0016444957415811534,0.05967684108037147,1.1102230246251565e-16,0.0,0.0,0.0,-0.005194609451639631,0.0,-1.1102230246251565e-16,0.0,0.025333365402065433,0.0,0.0,5.551115123125783e-17,-0.001595459394574117,0.00030569591947587904,1.1102230246251565e-16,0.0,5.551115123125783e-17
0.01961523054881925,0.04126691024045376,-0.0009206412750532023,0.05586614298235981,-0.0004885978196419449,0.055007553126138475,-0.0005381730935762885,-0.01975100298181809,9.231352789074165e-06,-0.0014342598460946876,0.0,-0.0003406690722280725,0.08575465515099823,0.05843090241871329,0.0,0.05626099544033508,-0.0015820215604402388,0.03579977967509762,-1.1102230246251565e-16,-0.006613428777366037,0.0010430121366638567,0.044039929892175866,0.048139758386141374,0.020259667086743927,0.030241199985723,0.031039017556188653,0.028037353100058282,-0.005325859301949731,0.04963311725517483,-0.0022865933531047156,0.04281895572569805,0.04027359140698722,0.04059582992269545,0.046057351468856034,0.039034435243361254,0.044551414466467154,0.020297145242989423,9.121177994370067e-05,0.03613773835406542,0.02402725254515853,0.022989294964887275,0.02617949581385204,0.08032084140395451,0.0003349880838119934,0.0,0.01071477467948484,0.03401888060186875,0.0003165994778585035,0.0,0.0,0.04113851630916565,0.001981374420477078,0.0022716710585050093,0.0004900611020435264,-5.551115123125783e-17,0.0,0.0006450306156162156,0.0015011822891851656,-1.0348904170287554e-06,0.05713973133256012,0.0510146174004531,0.0002902451190327504,0.0023854066225353354,0.0,0.046145177258270276,0.0222463527571784,0.03610746930173431,0.028474539792437303,-6.364589753421468e-05,0.06756291299489853,0.028321160475074825,0.02986819627154791,0.052829438273559126,0.039245353961282925,-0.0007985706844678142,0.022943195781631787
0.03107227086214026,0.02339302937826787,-0.0002460240419870363,-7.351291081258982e-05,0.06495344736824449,0.06699931247457941,0.06485248759143941,0.05087385510758996,0.06681720363544641,0.030661001808406196,0.00011501277684000666,0.0006585504431422251,0.07922803019226343,-0.0004222069154489194,0.05626099544033508,0.0,0.030870154927474636,0.04513499232327106,-0.00015295288684441521,0.05467906982745785,0.053999547914638235,0.03385242402980404,0.05426754530897426,0.03401562389784352,0.029405300091048636,0.04569860778900181,0.054240101241172234,0.06905600702398629,0.057038255228643864,0.06031890804498491,0.017411861635782677,0.027440741575777472,0.02425069260960283,0.03294877476187741,0.04383029298208807,0.001155849655484542,-0.0002977138441863092,0.0017782622390342673,0.014668082946678818,0.02747248717632872,0.025956152156834056,0.020768080344769124,1.349418143337111e-06,0.0,0.0,0.0461262594022977,0.026985972802849867,0.0,0.0,0.0,0.00044262210389406365,0.0005731300856057775,0.0004188570435712524,0.0,-0.001814983418399363,0.0,-0.0018697017834412022,0.0012242976594464827,0.0,0.04946009756633535,0.025697947648764985,0.000486093845920077,0.030497228965419065,0.0,0.0396638787904523,0.05077203707964695,0.03378680670270928,-0.0010015699950292056,0.03805320863619771,0.027816388096918554,0.04413018395959639,0.0005340521495450501,0.0030438349898515016,0.022266921019773178,-1.1102230246251565e-16,0.02268057328783124
0.013453676169834339,-0.0003067686320733509,-0.00023986998709230045,0.00015119087829673639,-0.0006094104028995795,2.0173315295357597e-05,0.04694227407434398,-0.000315994996536173,-0.002210822043575311,0.033487830022125575,-0.0012973791140130086,0.035106047041375266,0.019802531359235542,-8.483070762121958e-06,-0.0015820215604402388,0.030870154927474636,0.0,0.011576715243006297,0.0001426494298577552,0.023509539375816513,-0.0005603751442901928,0.01704152374630319,-0.00011747358153452181,0.04274203478254157,-0.03463015553841886,0.034712284050620046,-0.0003246339026086731,0.017952422108872323,-0.002804876979415838,-0.001365170358733847,0.01497491876310525,0.0268453245784413,0.020730660045558902,0.009841384863051139,0.01788921669045085,-0.0126403330425231,-0.0003457098227659383,0.006937841770416342,0.002531011813796613,0.00563947690386879,0.0447834267787553,0.0005805049971213116,-5.551115123125783e-17,0.0,-0.10135260614003727,-0.000503946511629938,0.0001636368571875102,0.0,0.0,0.0,0.0,0.0,0.0,0.0,0.04436607731063558,0.0,0.044412429437890644,-0.0009763828327705726,0.0,0.00018450287533394727,-0.024856926329274387,0.03072057863076444,0.01919839920712657,0.0,1.1102230246251565e-16,0.0,0.00024165620023364198,0.0,0.03425557809522667,0.013795384435934754,0.034668089715831574,0.0,-0.0014485883336430305,8.132360765078506e-06,0.0,0.02831760212483525
0.022061469621329932,0.008906249625710738,-0.0017823519251842779,-3.090392483751092e-06,-0.003254832865229429,0.06625266865033763,0.048328024508944356,0.0013636114109040198,0.0003228844659980967,0.044672773035399405,-0.00022708136360072295,0.03349269976025754,0.06915351166078904,9.755158755525573e-05,0.03579977967509762,0.04513499232327106,0.011576715243006297,0.0,-0.0015000419808324783,0.03750858007548907,0.043123743832693795,0.02177255269954731,0.04481888363010739,0.0382242442326739,0.020874684052654024,0.03737395244431174,0.04613855804971012,0.040154172061759474,0.05349499764732374,0.041651147266394906,0.012843699365016892,0.022763666217142653,0.021484203683282133,0.026377109818439326,0.0359931050324096,0.03374530767776501,-0.0003495107498875938,-0.017171146493460854,0.019882645185490766,0.02559241119913347,0.019522521845951157,0.02128315787787105,0.0,0.0,0.001419204173535804,0.03382512483510325,0.010267546284707885,0.0,0.0,0.0,-0.0008995835431981347,0.0001264017715800203,-6.865736306099768e-05,0.0,0.022426809946956228,0.0,0.0493555151247454,-0.00014436440929460614,0.0,0.0005430806423866175,0.014312099068875539,0.040500327929881785,0.03475049936412933,0.0,-0.00011398377159160811,0.001500048492020234,0.02895685005355897,0.0015493712390587389,0.043607535643208295,0.016671663409397464,0.028442022258399202,-0.00017950687494616702,0.0012367299386372155,-0.002230045498870681,0.0,0.011519760690973824
0.0,0.0012705896504957015,0.021658734432467852,0.02934024259775636,0.0257867364764805,0.018549305181286224,0.03931199641483557,0.0848201709535294,0.028398378515927414,0.030381581363008392,0.032815061256627864,-0.0028834249454403604,0.04434509520371088,0.06242551803436425,-1.1102230246251565e-16,-0.00015295288684441521,0.0001426494298577552,-0.0015000419808324783,0.0,0.0003966380147051862,-0.00037290092842789946,0.001261214656858245,0.05259435540103902,-0.00025955318288278795,-0.0012807916453632662,-0.0007401892321275416,0.0387804980880489,0.034030824393320114,-0.03862353402891505,0.0006487263919899844,0.03652681970596949,0.045253565745446034,0.00015844049465130183,0.028050593397104417,0.02248566021457188,0.059639534040318354,0.05151710540329668,-0.00559586642538773,0.021419418604327833,-4.511102445625692e-05,0.002660502580779267,-0.0024408008075251786,0.036452919889629176,-0.0017240502193132667,-0.00016188046011389456,0.0,0.0,-0.09550558243173785,-5.551115123125783e-17,0.0003389210743824922,0.04371202915732042,-0.03504915398518371,0.052648010748881924,0.04761276557728089,-1.728736122641461e-06,0.09468658692295345,0.00037257408901997247,-0.004149780429676064,0.05413617201348536,2.220446049250313e-16,0.0,0.0,0.0,0.08673489649943744,7.000386921973689e-06,0.0,0.00010421105959240728,0.03679100209600272,0.0,0.0,-5.551115123125783e-17,0.012630707993275814,-0.0007579050457572345,-0.001802223955111426,2.4134241724094174e-05,0.0007172005467045439
0.012695980220982173,0.0348109256809524,-0.0009319898527271331,0.05465501765028935,0.03337796279266486,0.04678954091836163,0.04388189065909609,0.036095830810623175,0.019948291720748912,-0.004355377710082375,-5.073808177541439e-05,0.003241114561373548,0.06358330170481752,0.07061852108170469,-0.006613428777366037,0.05467906982745785,0.023509539375816513,0.03750858007548907,0.0003966380147051862,0.0,0.009826434737020884,0.041151509391644636,-0.011895845359524038,0.07850098953231943,0.04065150256816136,0.028729870518257372,0.033838692087031774,0.06403230122462855,0.04376481479695343,0.06714766890729112,0.04067451090090923,0.04231453894631659,0.03514531144311295,0.045935548191034625,0.03514540766452956,0.04150463572317187,0.04611005189524642,0.0051738335911185596,0.053215011423881076,0.05141918215894087,0.047184066640835076,0.05027288887473513,0.08855936452605723,-0.0012716476806573507,-0.00048368094495693237,-0.0009544769240998341,0.056684414567619856,-0.000538687224578116,0.0,0.0,0.05697491086549111,0.0020052927844134705,0.021866544552585965,-0.0012289587412138148,0.0007165434827335893,1.1102230246251565e-16,0.0005596623330875183,0.06051656046889359,-1.1102230246251565e-16,0.04571406559685964,0.005471610710023889,-2.146633037103385e-06,0.002493311279248789,0.0,0.04073230629986946,0.029812515591371602,0.04151135151706015,0.031102773986273646,0.0,0.0013400709149580248,0.04286333525434499,0.03464997585659757,0.04858611412018676,0.04400798150189705,-0.0006576055500325251,0.04681612226110099
0.024530573762427677,0.05244538427128298,-0.003403711449515845,0.0002557873441743075,-0.001856552894824115,0.0024650666593786785,0.0008872797686227951,-0.01030737513646457,-0.0014192805872302872,0.053184323302351955,-0.00014578866223330378,0.0005825763272007123,0.03989953684174863,-0.006333811686623059,0.0010430121366638567,0.053999547914638235,-0.0005603751442901928,0.043123743832693795,-0.00037290092842789946,0.009826434737020884,0.0,0.035518386262336,0.007727327360940339,0.0443054168652951,0.05097032762927983,0.02408039015265362,0.012900123085716364,0.042334077555618355,0.03249708991413891,-0.004913209615615699,0.057438787842104655,0.024231815603112494,0.03515177064226216,0.0514080647396285,-0.0007327390940526923,-0.0014705011557659686,-0.0007410755839964978,-0.002133375431212059,0.023249345487446338,-0.004497296917780613,0.005756215579706292,0.0010884339100489804,0.002390237817457508,0.0,0.0,-0.09039459759252799,0.030446796992455505,0.0017109389866637459,0.0,0.0,0.0468258309723259,-9.63832841071599e-05,-0.09030840356021275,-3.1385279779028163e-05,-0.0005183087891934002,0.0,0.0008200279034076274,0.0370414370517787,5.551115123125783e-17,0.01836766787877958,0.016704375060990206,0.0,4.9522747952834845e-05,0.0,0.021127832133079394,-0.06926875935606674,0.015777527268478475,0.001974555646467979,0.0012060305054489295,-4.7480285986223336e-05,0.006937536288387891,0.015808108530208975,0.02604577992026863,0.025237977471593342,-0.002299702813267024,0.07787801767742275
0.03632684474842446,0.008281619009738839,0.0016230029467207974,0.0475295518948039,0.04209039323637076,0.04384374560647136,0.05563840996574215,0.02390203175356581,0.027368041634964924,0.021075758138847545,0.00016211236545587981,0.001007368762240335,0.07550616132618021,0.0738990294739969,0.044039929892175866,0.03385242402980404,0.01704152374630319,0.02177255269954731,0.001261214656858245,0.041151509391644636,0.035518386262336,0.0,0.06004771805144249,-0.011070680444541126,0.030344792557948697,0.031301566672949144,0.03198213761797142,0.06232557434095276,0.04540502280670761,0.07820077293904537,0.03974413846137187,0.035759095669665786,0.028547234854599868,0.05165097139329766,0.04220996398605481,0.049388090496919834,0.05336257332583355,0.004394050168182784,0.03358637963636396,0.03758056096009471,0.03159150625837054,0.03511231532994097,0.09027731007248252,1.7213479361288808e-05,-0.0003715279091526802,0.0511064789771144,0.048121421317412705,0.0005224565536376957,5.690735523922186e-07,-0.00013925506826384382,0.0523854163918967,0.002616225060099453,0.00013746661392227688,0.0011414358575662642,-0.0001560102253064799,0.0,0.0007237163363387755,0.001889892819390504,0.0,0.043906782348339224,0.03498136017645759,-0.0007333535749364795,-0.0050942449197879935,0.0,0.03671471502683449,0.04362177288633129,0.03533159934821306,0.032238256000391374,0.0016541308101589713,0.030919514446389795,0.039430958238311664,0.036398956436033414,0.06556023350263929,0.038517688072492506,0.0006355480669983926,0.03041235808513515
0.0311582837414503,0.053725933848472185,0.04889645488612093,0.04954248132518885,0.026460925730911133,0.032080948836312795,0.03341801138247502,0.03338888658079797,0.023813549388580768,0.027654911195013843,0.02145350213337399,-0.00012390908243181675,0.04332927200412107,0.01382611289542146,0.048139758386141374,0.05426754530897426,-0.00011747358153452181,0.04481888363010739,0.05259435540103902,-0.011895845359524038,0.007727327360940339,0.06004771805144249,0.0,0.03767864979275737,0.037289374083919025,0.028261415605524753,0.026826637862121083,0.041128481743665346,0.041271003673262474,0.04141100918217533,0.0359582263942565,0.03496538572750829,0.028343911528847132,0.03369170046778441,0.03194041033760375,0.045578279486787165,0.047384102779453374,0.06940300271617372,0.045475788927524685,0.036556309191920544,0.05632650865204669,0.05899680314560074,0.05734120504872192,0.0599806732290345,0.00017641293450820772,-0.0004610723193993471,0.0524151665784543,0.06544105082364826,-0.0002943331764173607,0.022960872952641598,0.02912248465359213,0.03655735196641585,0.02470051274957219,0.045017206009954736,0.0019756208994775037,0.0715828582094602,-0.0028420438932289516,0.051139737953894926,0.048720420714991164,0.03720726832079124,0.0026815994633345164,5.221922266651635e-06,-0.00042090070368588917,0.0854416200351159,0.03130813768425006,0.013092146556137663,0.03314797450352991,0.036738617429061926,-0.0003531207615524168,0.004849952942187874,0.05933725869041395,0.028060053042032518,0.055129987303740635,0.035720840414925736,0.04562272697920722,0.056998711704881244
0.05665276459735019,-0.0011411724810150292,-0.0015210408141184129,-0.0017616478436945915,0.04931916866883729,-0.001169871193869687,0.03306090781506654,0.030832628595447442,-0.0031377758177636994,0.06945242351872644,0.022982749163585336,0.041855299285493974,0.037068605411513134,0.002155418674590348,0.020259667086743927,0.03401562389784352,0.04274203478254157,0.0382242442326739,-0.00025955318288278795,0.07850098953231943,0.0443054168652951,-0.011070680444541126,0.03767864979275737,0.0,0.031923498009090945,0.04267918865898079,0.03745322826106129,0.03997878558817397,0.00176405197871915,0.0018361583642946266,0.01683868258800164,0.05524700343933664,0.01599593448679687,0.033682858819575445,0.045539341788236376,0.040676907038597,0.001530857893739912,-0.011638622580831176,0.08401990027422895,-0.07254997955063774,0.03678120506536514,0.10017537543066524,0.0009516826717250737,-0.0001427832831140674,-0.06515890516972739,0.06346320836573277,0.0400240696847336,0.0,-5.551115123125783e-17,-2.062563628557612e-05,0.00010467328450980418,-0.00018303852833623235,-1.6653345369377348e-16,-0.0003582279176888026,0.048673756033545845,0.00011580812264982976,0.051829727465540376,0.001422645468628192,0.0,-0.0006511426121886821,0.03602505875571721,0.006336244030882843,0.03484745956428209,2.5134932716275316e-06,-0.00013457587048998354,-5.1967144313436187e-05,-0.0029479225690605126,0.0007076645782374547,0.08416597473298365,0.035882949405891984,0.042100121264101176,0.00043242447038194243,0.031154362382822043,-0.00018832431178733566,0.0,0.029201784043688228
0.029868015600303666,0.00022762768832268465,-0.002884216898583647,0.0005803894288114453,0.07961986945711153,0.08193139742051547,0.06562621597305363,0.020222474868025808,0.0005530796945121264,0.03021592112565663,-0.0011927238439081167,0.026251559745474495,0.07552731598103585,-0.0002213504117061782,0.030241199985723,0.029405300091048636,-0.03463015553841886,0.020874684052654024,-0.0012807916453632662,0.04065150256816136,0.05097032762927983,0.030344792557948697,0.037289374083919025,0.031923498009090945,0.0,0.032800969670494395,0.05580819387517688,0.012694978504771748,0.06524397391653203,-0.0010018175259223772,0.015031173603561543,0.026535672724803006,0.014209767513325589,0.01603904694198277,0.024799432982427205,0.022827855916628115,0.00032326760317530345,-0.008362527227610106,0.01577104649640032,0.024965415762375653,0.022505348724280227,0.018811052939089135,-0.001105455394588617,-5.551115123125783e-17,0.007136084137208343,0.04048653373795752,0.006010037115809552,5.551115123125783e-17,0.0,2.220446049250313e-16,0.0025850798989714985,0.0009127306979824223,0.0012630673805330561,0.0003942787840331974,0.04136070277760606,-0.00021432524757292182,0.04798108913656052,0.042951385562605915,0.0,0.06301033729279659,0.009824342860195623,0.04275603527339433,0.029826744860128984,0.0,0.0285171113539735,0.024693489618970776,0.02888353178621489,0.0026386676035108914,0.039985922600803026,0.014825154276497887,0.02797937221379021,0.0005502913504991103,0.039768996426460756,0.016545922415720116,0.0,0.013044852962045939
0.01321502608811298,0.019433285696536906,-0.00341139108868993,0.0017712193297338974,-0.006007951727169558,0.06591489504348025,0.09129349789417174,0.02528068843153841,0.00023176483014897276,0.05454639902596958,-0.0006585074907591304,0.040957028001731344,0.06633472619894909,0.02047471347032087,0.031039017556188653,0.04569860778900181,0.034712284050620046,0.03737395244431174,-0.0007401892321275416,0.028729870518257372,0.02408039015265362,0.031301566672949144,0.028261415605524753,0.04267918865898079,0.032800969670494395,0.0,0.029231248652486164,0.02481136763845848,0.05621502471009354,-0.0007176764625458354,0.03413783822996702,0.03375011564450653,0.03815201326248063,0.040195078980261645,0.03734417407989932,0.0012025882900095763,0.001207932237677234,0.004678697048463576,0.0255550855384315,0.039143905452407535,0.03213651155371622,0.03204590604811092,-0.004370677020153257,2.238188524622542e-05,0.03329672498579983,0.04426534888888278,0.034772366777963304,0.002163431169373342,0.0,-3.814675054714112e-05,-0.0006116592544122557,0.0013162754309176128,0.000922731201416449,-0.001238403884478323,0.04978096013626182,0.0,0.05860217171462828,0.023495527401369898,0.0,0.022263861702883636,0.0325266132906597,0.046634441018780504,0.04023604927247726,0.0,0.03328639207126827,0.025657710380661225,0.03584566471523887,0.02853690201353437,0.04990316938999528,0.03098982918666271,0.036142170319602096,0.03664446699921392,0.046257319246234996,0.042392927677010306,0.03644477753611225,0.02714607228037924
