0.0,0.39993059484123433,0.33428124760485267,0.0,0.4056936828184354,0.17566156599210686,0.45791504208662925,0.3443775244123603,0.39095872247786756,0.15347541252923252,0.3526285343270432,0.24333234099171222,0.0928418250111527,0.41506801967656587,0.37556146813790436,0.38609866427449396,-0.12745811463928672,0.18475554737771188,0.0,0.36613092389552626,0.19726932625423968,0.3892623319253524,0.2527763508319109,0.18345263872229475,0.1598586788995945,0.46088336300198607,0.31607008082219845,0.3678599518165908,0.30448296272641806,0.49907090666798165,0.2063728869905006,0.35554280238952496,0.11435830016568638,0.1482174376811594,0.19899185674268827,0.5882814975307183,0.5147251856876109,0.4568683313676889,0.10539653494769902,-0.02868480988533667,-0.10786589801798202,0.08416851196512995,0.4946768773674505,0.0,0.4481983116867697,0.07019530383387218,0.148640267787283,0.0,0.0,0.0,0.46230092573157755,0.0,0.589187688658506,0.0,0.5112329755169589,0.0,0.5494915689477484,0.7628211335375676,0.0,0.5498956617700147,0.032416341868775955,0.32049911702339884,-0.030854265400125758,0.0,-0.15363167352559393,0.4203755708777096,-0.010046448441705824,0.11539715092595104,0.4684873716014431,0.0011173729548653588,0.014050515773155692,-0.19904336495489894,0.3957239733899619,-0.3118936028107426,0.0,-0.030425084843410388
0.39993059484123433,0.0,0.5300127897912036,0.29437909126085127,0.40828542233910875,0.18318797294084616,0.4207196202596709,0.3991988699682624,0.3648409435297513,0.09242407922787982,0.3279021254313841,0.42986927301840566,0.15358638003673403,0.45424752570170174,0.5406256744606527,0.21928830646742653,0.6289830337145546,0.20138791604031586,0.6009283047342655,0.18914210227935652,0.33171015356534184,0.42902457542323263,0.45000998133158543,0.01916325545094963,0.14110338648332352,0.17496372814880454,0.20416399110041433,0.20377072493020668,0.146717361985785,0.47186814998877513,0.4024224207282198,0.39367958793703256,0.10812527904852343,0.33761535175390806,0.41344475147624715,0.4684328497775898,0.23520498880110757,0.0,0.37294935315176475,0.2902261861718073,0.15813102631442322,0.2519657247823268,0.5950262274664752,0.0,0.0,0.23381008488359717,0.26345659741060773,0.03581502700930378,0.0,0.0,0.5394015602469199,0.570056013084959,0.5334901688408741,0.569333994953314,0.6628613714372453,0.0,0.4317970188951698,0.595165132481902,0.0,0.5561074952570091,0.17971625168375618,0.6860476707409727,0.06664804778795175,0.0,0.28184722894785796,0.41365480581945924,0.48284508109531377,0.40021228612593684,0.3791517966749752,0.09751549918310964,0.1201303302845988,0.45553631083506696,0.5717470462253221,-0.05271463236842888,0.0,0.3393922987155848
0.33428124760485267,0.5300127897912036,0.0,0.46158865870552257,0.0964333795152855,0.14180684893499063,0.1708094879452966,0.2421022705120981,0.33493181933299754,0.44730477854494205,0.43298379676159093,0.5077234001754645,0.1834559381917406,0.25732427549659853,0.3650575593946689,0.3625294191167785,0.502542614348706,0.5196056108889595,0.18589729278838044,0.3561637609787799,0.3226133487586404,0.5502704656517073,0.2313147104326565,0.3932093009105796,0.5898885376799061,0.5094214605412914,0.2687687154643203,0.17486159333328866,0.6184188393278175,0.5661400981500745,0.21056129204614943,0.16749556879433716,0.49258638332993593,0.10502377294473109,-0.12212222388363425,0.045334390277633474,0.5089149542487701,0.4120437230105837,0.6492485365560328,0.46001751771514654,0.35288615842526877,0.46535345468330125,0.27743292706009937,0.613190617209092,0.0,0.0,0.17843126297468787,0.48161228463153877,0.4641950668007251,0.1086787748282943,0.26464784530740826,0.531135493210978,0.2559777421479705,0.22273778923606996,0.3624138955780094,0.5120227394174737,0.4510074598808038,0.5008863241090166,0.18232390602096823,0.2448888938242727,0.0,0.0,0.0,0.3650742561458971,0.5653975497694641,0.407546441930936,0.09983916573094789,0.19790627178733064,0.0,0.6305078167171413,0.34817033958994986,0.2355811151049267,0.4304674658017531,0.6013248593261042,0.6459661792328488,0.379780315765476
0.0,0.29437909126085127,0.46158865870552257,0.0,0.13508291003768663,0.543311721772017,0.4091857545208948,0.4568818948327836,0.6305689280598263,0.3285028829841773,0.11401669714975649,0.30950971277537864,0.5539358876661138,0.5234728901553758,0.5883331019780135,0.08244772905247885,0.5060241924649508,0.48777160377563544,0.4969190503976777,0.5498832732136001,0.49523858036708224,0.5239849391420157,0.2634084053369216,0.20031609922469906,0.8653388378065225,0.6243242378875464,0.5209583384625771,0.3090035343425661,0.39613905792767207,0.4151834090519947,0.5267829369025483,0.31776939720852176,0.16171293067393921,0.21241699795558133,0.4098261422116794,0.2358536253138779,0.2480365030465066,0.29176040454371965,0.20568501522990698,0.2728137345274573,0.36360427937609163,0.26509392539193244,0.17309131485189744,0.21980980763819788,0.0,0.0,0.0,0.3476439254048198,0.0,0.0,0.5924913417378681,0.0,0.4799883110295418,0.07102558005758863,0.0,0.14478772093872738,0.4370242362295629,0.4442363095171933,0.0,0.0,0.0,0.0,0.0,0.0,0.0,0.0,0.4461090119908353,0.49419987869559495,0.0,0.0,0.0,0.4231616313662877,0.5066072993969661,0.5586669364941418,0.0,0.0
0.4056936828184354,0.40828542233910875,0.0964333795152855,0.13508291003768663,0.0,0.003581960946607954,0.24884506840005652,0.49721955055221567,0.1099608576684929,0.43364532610807155,0.005893955317530064,0.3220037362183267,0.32805842260605456,0.2755112396188525,0.43861126781785015,0.5363131263525504,0.5213418845487563,0.3578581445844941,0.01176561373183066,0.20713699626107662,0.43924556626336225,0.19477106724851767,0.08323031998167563,0.13149355950838792,0.31333815369558055,0.18681293268615842,0.12006644097868549,0.3513842872580498,0.5838459804445197,0.4781671046255939,0.2274510844226744,0.18183760241513564,0.4371147691298052,-0.10597817582002206,-0.06255655392554821,0.026522943515740777,0.07881451490610572,0.021771768867453134,0.6367220225096712,0.7374319012951781,0.4852004639951635,0.4011277994399504,0.5714716946678144,0.6945501168829558,0.2424166243644912,0.0,0.3731659144840062,0.3178105368732106,0.0,0.5850919538216144,0.14502366191384436,0.5310958887688766,0.24734824167033054,0.20331418331757944,0.0,0.5144901703778485,0.3190868663824532,0.6211004257486616,0.54930369835789,0.23757237528575123,0.4486659485720378,0.0,0.0,0.5966180838204731,0.2579918263173545,0.49880339561207365,0.4295929549571073,0.28048548484307806,0.0,0.4580153198879411,0.5388899693386319,0.20690549158786845,0.5101926848757525,0.41348109707633085,0.0,0.41183226234632975
0.17566156599210686,0.18318797294084616,0.14180684893499063,0.543311721772017,0.003581960946607954,0.0,0.006000469872884551,0.21718448217920228,0.1089495672047707,0.051153275862432346,0.26618660923535153,0.667486835396121,-0.002223086135270669,0.16765938851741885,0.34858411028274133,0.25027030854728594,0.5453433943787694,0.1969308597064902,0.39016152195464504,0.1451219347210699,0.27805610167204176,0.13935626074940405,0.09626587564319927,0.2990745891449694,0.22405785568051775,0.3366307236153331,0.1189334635501445,0.0826339223123394,0.09666982515528033,0.3141361110516654,0.18786924213946615,0.16761799653684348,0.6456842484482465,0.13937980837106567,0.1703510351881728,0.13327100848835677,-0.016275017278883475,0.4232741998741898,0.24328519220487746,0.3289326793771812,0.4589521823833007,0.4528502748377068,0.381652026992188,0.4386934787341671,0.17706748153500876,0.5625679274554128,0.5033245269983158,0.2682040444835,0.5572292105820223,0.07035267868278858,0.19481887919965918,0.09023806870978246,0.38898234185073705,0.23158379052943312,0.5696868963414239,0.28840595984198714,0.3436487347616062,0.1773321292465806,0.24410656204105433,0.5937041111275861,0.5969423164157485,0.0,0.5581408548548941,0.1828515380296317,0.040598259204433995,0.3440668330363042,0.5591977281044768,0.2772044005033808,0.5659740549630458,0.4908497799084567,0.4893091135397989,0.3129594191612581,0.1914299306589078,0.25663159134270663,0.46195152016043506,0.5466725864353075
0.45791504208662925,0.4207196202596709,0.1708094879452966,0.4091857545208948,0.24884506840005652,0.006000469872884551,0.0,0.22064716774058812,0.10713575800722819,0.3993321208808239,0.1165164694099492,0.3215570063123412,0.1981114948637987,0.449251714862535,0.49884101800603253,0.1998999438662829,0.441935267672739,0.08798417655912838,0.10950478161427418,0.18414136683171048,0.1726063347850142,0.17358145245969003,0.14244710378355013,0.3863390550730913,0.3147928121771304,0.4514596687883809,0.07097514554918699,0.43848837227251186,0.08535911761146248,0.48812747831224446,0.23465296795108054,0.2442487763814115,0.4501716631016606,0.1356019399328532,0.3979462897346192,0.8164951830751022,0.4206051258993797,0.5277600130587219,0.586871990448286,0.39035369726422464,0.5244108773880589,0.4565803893499224,0.5532772573445988,0.7010433922737956,0.32492169502885393,0.0,0.5347113493953559,0.13391295582800422,0.0,0.4751067460609318,0.04634966678910679,0.5498580189930524,0.24785652224368943,0.015751035501887944,0.5595453959707603,0.4236938331151644,0.4032662223690954,0.46571160453580535,0.32250271487340854,0.2856732934008461,0.6044659351103165,0.0,0.49853010253504254,0.5454064333385358,0.5499406019848225,0.4644680369545899,0.5523446961320194,0.2374697738502783,0.45923605126114564,0.5783858928522163,0.5189741986314255,0.26937683828805087,0.5415347808065587,0.42794521738880764,0.7838645675171191,0.46329852518192227
0.3443775244123603,0.3991988699682624,0.2421022705120981,0.4568818948327836,0.49721955055221567,0.21718448217920228,0.22064716774058812,0.0,0.213987012878354,0.5582528227459795,0.10642786078952468,0.7078788010729811,0.25946460587748466,0.4020960864761375,0.42709557474152526,0.45190197689265355,0.4527514466471656,0.41875991781383576,0.3145475280591733,0.43147109234755887,0.31068890522316855,0.235041435350136,0.25514328284530424,0.05320065739192942,0.3608038690931143,0.21592511175216095,0.205621647685028,0.372284904177442,0.4048771325830705,0.4683335001415969,0.3282721585168018,0.580841079500365,0.46999007776095936,0.29324135318469874,0.22753324844135944,0.06782888482458466,0.47483104270166143,0.6475126579822365,0.348408973318739,0.4310412799643799,0.346366077082422,0.48655683189089305,0.26653356001235984,0.4341048810040982,0.0,0.5565461962542864,0.38589844979157445,0.22229815121813543,0.0,0.522513623514234,0.14037297756382933,0.05165566287332907,0.3771820872751218,0.1439037354504521,0.8307854103326935,0.14074933393642225,0.9783947156814092,0.042718064334180905,0.07390936992202035,0.6219839369872977,0.4067618572450278,0.0,0.6777071697149957,0.1930776889816912,0.6075940518994252,0.5475487833602732,0.4468814882656936,0.36233696463224996,0.0,0.3651864463828483,0.4109205990030603,0.293477403143688,0.17496172748257421,0.23735438742750725,0.44633373603007603,0.3974463053833187
0.39095872247786756,0.3648409435297513,0.33493181933299754,0.6305689280598263,0.1099608576684929,0.1089495672047707,0.10713575800722819,0.213987012878354,0.0,0.2618145225750897,0.08759187518502337,0.5843997338812041,0.021760005478521027,0.33553253722878873,0.49494223627249073,0.12035345144132198,0.38005609066818496,0.5794417507071734,0.1857366135563222,0.2043566950432691,0.3491703140839281,0.17004831713144766,0.16378401542827692,0.4870755564020549,0.6204716416546144,0.6489627921636749,0.08482842162174087,0.16206375606024806,0.10456797252929897,0.6446753064538984,0.20176883197057072,0.15836144499080448,0.49169138798442213,0.1226111078623019,0.05094122026261205,0.14908900058156627,0.07124922800403322,0.597989305436689,0.5835056875337385,0.46593778641337436,0.25827042616185286,0.20112236552983492,0.20859540233924417,0.4103966142695858,0.25760148669596566,0.0,0.44444212854007287,0.2251068311034196,0.45246090988919785,0.003606113131562838,0.17501685097040887,0.06447812010044501,0.2598991922330437,0.17759183187550648,0.15808450571697644,0.34281418963617555,0.4024821465255327,-0.0722046230183293,0.5816648869652521,0.49461186626266995,0.6826706999940437,0.0,0.0,0.12897331618270896,0.57110679500383,0.6443176375927513,0.5080525398994552,0.23242152362038737,0.29379939782191417,0.5444952737107921,0.30508956912861296,0.268698559876905,0.5069035430774795,0.5478651013266513,0.48251763609165355,0.6067738650048218
0.15347541252923252,0.09242407922787982,0.44730477854494205,0.3285028829841773,0.43364532610807155,0.051153275862432346,0.3993321208808239,0.5582528227459795,0.2618145225750897,0.0,0.21709444662839097,0.2604319152187522,0.35852304549060166,0.6281776911219847,0.4936708081472053,0.15078715437670726,0.3494032631842736,0.16846450002539848,0.5147065655456736,0.3822506781585061,0.18219796193814708,0.18967952194087181,0.4914057510740574,0.2737138569087275,0.4971468539710451,0.4272047000061141,0.4232673234684602,0.6039556700405233,0.45355380939363954,0.38542823426136397,0.5005918754537445,0.26066419952265535,0.25004861864041883,0.4654385516290204,0.3838994952964333,0.6566554408293996,0.49627353808795316,0.3866607395628314,0.38588807045336115,0.26041454857836754,0.3417884167703167,0.3171264200945106,0.23543578272706447,0.2596022551080738,0.5372015582857373,0.3123399677999798,0.53990964879821,0.11741061441131229,0.4545987514956671,0.4171117064859226,0.5374439174497367,0.4417479431602082,0.5603386744283467,0.24573538259005606,0.3021885780581579,0.32716826157661966,0.2887723083836763,0.6019607710526537,0.0,0.8954095266320227,0.2683153021085398,0.26384161433655345,0.37939435673360516,0.47733714794609006,0.46833596539872874,0.5573901584204446,0.3478545214509464,0.5019355738909191,0.45133831726915025,0.2947455727823736,0.31598811214226374,0.49921695830605173,0.5596800674165165,0.39458279040798844,0.0,0.33020965511877387
0.3526285343270432,0.3279021254313841,0.43298379676159093,0.11401669714975649,0.005893955317530064,0.26618660923535153,0.1165164694099492,0.10642786078952468,0.08759187518502337,0.21709444662839097,0.0,0.5088747293884948,0.05046772324883286,0.2684020341342503,0.0,0.5047724400066504,0.46755078489708507,0.45467533462910315,0.1828962456044471,0.4503752814256849,0.500607617110858,0.35178598492373453,0.23880087910466627,0.48883030744923184,0.5483059441423079,0.5794014895848387,0.41478552952647324,0.04389467436332756,0.45880371090363636,0.4981887206645036,0.08233053370578414,0.23753793521704308,0.43090827404664,0.03924552433637174,0.03436443150507906,0.027018255858612394,-0.021680228446109284,0.5650487354705918,0.5579684372645103,0.5400405490103464,0.4510825957772755,0.3561744163526628,0.4207246706118073,0.5597933026909432,0.15982102640321322,0.0,0.0,0.3291621273514179,0.47650029437485064,0.39318032012291765,0.28889257333631707,0.46713454634384033,0.6752644942964109,0.12860294077306225,0.36638167675782746,0.37565379103038854,0.32783165954748317,0.5243015780836651,0.31969798526705306,0.0,0.0,0.0,0.0,0.38310250610125096,0.3313581521371415,0.0,0.6607247249594392,0.2896476349489448,0.0,0.0,0.8474946210829559,0.2900374956991959,0.4693834421611174,0.35218031694394064,0.0,0.5205111070988147
0.24333234099171222,0.42986927301840566,0.5077234001754645,0.30950971277537864,0.3220037362183267,0.667486835396121,0.3215570063123412,0.7078788010729811,0.5843997338812041,0.2604319152187522,0.5088747293884948,0.0,0.42486640586586166,0.5922749803288717,0.39456461474578636,0.613902546562141,0.398417363741173,0.4883862726082909,0.47747517543745077,0.5826222327556514,0.5020991877071772,0.43206980953136404,0.518263634518917,0.18155215017184223,0.3969415100567989,0.4038696244211295,0.4785925840021444,0.6495550316043586,0.5464498637894408,0.2897384303916848,0.4762377519727267,0.4774899306503243,0.30513803031905884,0.5684274640597119,0.25185407927387116,0.4056998761244723,0.3447684907996328,0.211010052982409,0.825139976489309,0.31879413430619985,0.2965733160765314,0.35401925562656766,0.384011905422619,0.40114175511566874,0.48487189783648155,0.45034167519511026,0.5651426327586784,0.2366382066063766,0.19820748261004031,0.255453023799966,0.3607939844919785,0.45146988159725154,0.26701591999702434,0.37499403485544924,0.281755078052305,0.20600119144483137,-0.037813411527447494,0.41403185716531277,0.6857039628267544,0.6368203687631733,0.5205019978464709,0.24003815879158485,0.4679322669401552,0.3534041997631311,0.7557151394093535,0.7558621633264244,0.44380994042376043,0.4965440966170874,0.4054214072968313,0.32768847299950593,0.3196193306017895,0.28862468247537176,0.5568277947780162,0.3999962882488259,0.0,0.307528731196009
0.0928418250111527,0.15358638003673403,0.1834559381917406,0.5539358876661138,0.32805842260605456,-0.002223086135270669,0.1981114948637987,0.25946460587748466,0.021760005478521027,0.35852304549060166,0.05046772324883286,0.42486640586586166,0.0,0.5321052579968666,0.28018650877517004,0.2013708733952626,0.012224180427892029,0.1410924190445583,0.09834783103506767,0.22273453813312405,0.26330897169077716,0.19137056376318823,0.2273527805331799,0.1954011163759379,0.11675710673689146,0.31602541273688234,0.12450686600314143,0.20448234178163097,0.06419021080175427,0.1819414464723953,0.15435285647955774,0.23689656901461092,0.40549186895527334,0.06768220706263822,0.14885217305327497,0.6120758736517296,0.43970142447468374,0.11314563827698748,0.5274087333984018,0.40720183662818654,0.4213349625715711,0.46673609555865037,0.5466424926861384,0.34009791115179555,0.35764772094752373,0.56893556175544,0.6065497650893601,0.4995337664872295,0.0,0.5624019832848599,0.17981052686689886,0.5277269504912273,0.330986208326019,0.556833127678855,0.4872147597061721,0.4265185054591747,0.419216321238532,0.5399608405553222,0.35278987854599564,0.4552395776105279,0.4439730683232832,0.3771346784611776,0.5602606425547295,0.469769058545181,0.43685036650107995,0.5523201719676996,0.49140036660202535,0.2779635171505097,0.5069562053767184,0.4944994366681834,0.46999513524595604,0.3456844478476713,0.5409191027831687,0.4093754409366379,0.5146293229615758,0.4935097967245191
0.41506801967656587,0.45424752570170174,0.25732427549659853,0.5234728901553758,0.2755112396188525,0.16765938851741885,0.449251714862535,0.4020960864761375,0.33553253722878873,0.6281776911219847,0.2684020341342503,0.5922749803288717,0.5321052579968666,0.0,0.5347453525993874,0.557097970153899,0.46468200184644215,0.4940337663395586,0.12745054283493412,0.39419049917113236,0.42104940486721354,0.2511261352354486,0.1446502355197488,0.5864335304361932,0.5255779988034349,0.3955459402297309,0.1187368717434582,-0.09615786815971794,0.4223231087362784,0.7287277781147814,0.46637400272089724,0.4870287374655428,0.2576776522363757,0.6707311124708397,0.3309161269985035,0.07022937312982619,-0.01226433731448684,0.39252603680715603,0.6967850301760727,0.0,0.6932922612252137,0.8075533237790795,0.20538317840829662,0.46353114311406707,0.0,0.0,0.0,0.025365194072503927,0.0,0.4742549406535188,0.4359634528740253,0.4772569008761502,0.5148808754885303,-0.06836541025472104,0.0,0.12445050366734706,0.3977378876395553,0.7218348702394866,0.4206109645189513,0.0,0.0,0.0,0.0,-0.2166850183150884,0.0,0.0,0.0,0.6078957214451925,0.0,0.0,0.0,0.17738390709621493,0.6960381052207687,0.0,0.0,0.0
0.37556146813790436,0.5406256744606527,0.3650575593946689,0.5883331019780135,0.43861126781785015,0.34858411028274133,0.49884101800603253,0.42709557474152526,0.49494223627249073,0.4936708081472053,0.0,0.39456461474578636,0.28018650877517004,0.5347453525993874,0.0,0.4495042050034469,0.45559207396811285,0.35683125586132497,0.0,0.4662398184268935,0.49951248589389985,0.5631917370158654,0.6258949042083919,0.3289165839220956,0.3616844557333793,0.5754560443267557,0.4694158289807957,0.3859196860600288,0.3160175922687761,0.27679227643233356,0.5518909268755394,0.5189894254768637,0.6489321624170834,0.5596100566352107,0.563803552934093,0.5684353577439496,0.20466466225321045,0.37317676644082637,0.5164523437826792,0.4705758160445455,0.39920175986686207,0.3256150199177874,0.4278634855153647,0.6456190568521673,0.0,0.6321891877055629,0.4466366834391038,0.4363068706812277,0.0,0.0,0.23749989760650986,0.6481842781315637,0.7668239483879933,0.4868686735196214,0.0,0.0,0.6073927430356649,0.5372086248704921,0.47670016756778244,0.47119375032857613,0.6546147632149748,0.5996430237422565,0.760395004726296,0.0,0.6592848475295097,0.507881733475586,0.7354020123926421,0.6057741271037594,0.4456532341829488,0.6040280423127418,0.5129096346207581,0.45088502260960683,0.5094439821701966,0.3360759058833734,0.5132994916693298,0.46137633180486926
0.38609866427449396,0.21928830646742653,0.3625294191167785,0.08244772905247885,0.5363131263525504,0.25027030854728594,0.1998999438662829,0.45190197689265355,0.12035345144132198,0.15078715437670726,0.5047724400066504,0.613902546562141,0.2013708733952626,0.557097970153899,0.4495042050034469,0.0,0.135986180230336,0.28644274392549557,0.4524431215752031,0.26691894382247494,0.4045477905486397,0.3472865343281647,0.45506153701913055,0.11027358055075953,0.25876695149692974,0.46484036964640113,0.2970617007399667,0.26503209870375477,0.18288455108227217,-0.28089720695985687,0.14137676131016513,0.03404961455587899,-0.06444495521673588,0.08007159226965935,0.1304519880297704,0.593310689439016,0.31009791048435686,0.5812746702329624,0.4092392290888927,0.21206793637587099,0.1719673036863016,0.21347111648890899,0.4784636275163157,0.0,0.0,0.08446951200352121,0.4056499112862876,0.0,0.0,0.0,0.5333512599706847,0.5787990050614273,0.8761190769137,0.0,0.5751597526551704,0.0,0.3794843606036301,0.6260004636893433,0.0,0.43170905288992045,0.26623260533870424,0.5729584354305678,0.214667453968395,0.0,0.24097692963279868,0.2753999759694831,0.3846916915713344,0.5986856958094853,0.3916946669557778,0.2616359160432976,0.3269588882918829,0.6019953223281013,0.6583226940103736,-0.14176119938272003,0.0,0.14601282168241492
-0.12745811463928672,0.6289830337145546,0.502542614348706,0.5060241924649508,0.5213418845487563,0.5453433943787694,0.441935267672739,0.4527514466471656,0.38005609066818496,0.3494032631842736,0.46755078489708507,0.398417363741173,0.012224180427892029,0.46468200184644215,0.45559207396811285,0.135986180230336,0.0,0.49071905852740416,0.4841307979127242,0.39868497993385427,0.37791524767123164,0.07470744081664199,0.4418981717902023,0.1315592661325382,0.20111884165523497,0.1531350207769661,0.5603152963675713,0.42425164361433937,0.31238737185283416,0.5621830313493347,0.2046885137980447,-0.01307967056747178,0.1252157486760776,0.07068741756807506,0.022755400107016044,0.6050905741413215,0.23986129626151964,0.5303937405561521,0.049824803414277086,-0.021863908349201155,-0.02615485340499124,0.5878982775006867,0.0,0.0,0.4908079683572457,0.0035983970135045618,0.6246140570879564,0.0,0.0,0.0,0.0,0.0,0.0,0.0,0.0038061302198466596,0.0,0.024166378387637966,0.3440719184366703,0.0,0.8124067396606525,0.5224114566392237,0.148536546283616,0.06448187845730297,0.0,0.0,0.0,0.5495985771444316,0.0,0.41575237001099563,0.17726914189676768,0.1862588574256041,0.0,0.26385216756766655,0.4560603022146877,0.0,0.25764570970481565
0.18475554737771188,0.20138791604031586,0.5196056108889595,0.48777160377563544,0.3578581445844941,0.1969308597064902,0.08798417655912838,0.41875991781383576,0.5794417507071734,0.16846450002539848,0.45467533462910315,0.4883862726082909,0.1410924190445583,0.4940337663395586,0.35683125586132497,0.28644274392549557,0.49071905852740416,0.0,0.48157805187935004,0.18457946869735198,0.386831015350737,0.18768704799382716,0.4330367129642581,0.1878436590997138,0.21394356749327725,0.29548551997495376,0.21637045166551072,0.10022526508520699,0.10824667723066791,0.4330701296853072,0.08632055695999602,-0.029794840650674836,0.14330087680625175,0.015361503469796478,-0.05567138295857804,0.44318158002048,0.23575841855771135,0.3836005142672334,0.14286899131658698,0.06029634045088933,-0.07382046192515379,0.20164829452766392,0.0,0.0,0.6077967141033831,0.15356723153420132,0.4430306896420368,0.0,0.0,0.0,0.4484734653822448,0.5214090039887205,0.8442510765618549,0.0,0.0539763973149926,0.0,-0.05295794030776391,0.4804178656317882,0.0,0.5262461325857384,0.20293727131604827,0.1453446870190142,0.08700554602415278,0.0,0.5070692437881523,-0.033783360691669206,0.30565608474534744,0.729397886986386,0.33451208741034233,0.08222448537775612,0.14788081413552995,0.5122670286552635,0.6994900353101103,0.5156202355240445,0.0,0.06964756836915509
0.0,0.6009283047342655,0.18589729278838044,0.4969190503976777,0.01176561373183066,0.39016152195464504,0.10950478161427418,0.3145475280591733,0.1857366135563222,0.5147065655456736,0.1828962456044471,0.47747517543745077,0.09834783103506767,0.12745054283493412,0.0,0.4524431215752031,0.4841307979127242,0.48157805187935004,0.0,0.5348738638181798,0.4506785290424413,0.6554638054265649,0.32101154379594143,0.4305671742192112,0.511930116442613,0.4227405282612532,0.3423908364440545,0.14143431047844984,0.6147988448871877,0.5939716708916408,0.07303248071605689,0.12126459302925408,0.45780652061189103,0.03345268345037211,0.562383209029837,0.1287497369691205,0.5105942981249982,0.39975799568953396,0.7009466354669972,0.3962287993366485,0.33840175004828754,0.13976661917415528,0.4345355319331652,0.32447140464636237,0.4050390957698897,0.0,0.0,0.39181209215038915,0.0,0.5076120803577087,0.2146311574056783,0.46718843066535853,0.30515741700264476,0.2096516440574725,0.8310635485347821,0.3127235214106212,0.4603577471311623,0.41559980419909986,0.164056038804885,0.0,0.0,0.0,0.0,0.3495084042908666,0.4708483571279869,0.0,0.49546666075334456,0.20900879006961232,0.0,0.0,0.0,0.2664124631303757,0.48727493705851976,0.4354543442550612,0.4478268931098779,0.5449231458894768
0.36613092389552626,0.18914210227935652,0.3561637609787799,0.5498832732136001,0.20713699626107662,0.1451219347210699,0.18414136683171048,0.43147109234755887,0.2043566950432691,0.3822506781585061,0.4503752814256849,0.5826222327556514,0.22273453813312405,0.39419049917113236,0.4662398184268935,0.26691894382247494,0.39868497993385427,0.18457946869735198,0.5348738638181798,0.0,0.38624741440385674,0.22212363055926349,0.5757480486399114,0.5604870446322647,0.15999257515435272,0.4078176872781455,0.08118008165657928,0.21187133134818514,0.06118877420749369,0.174980539978642,0.23589820776654713,0.38118031120920665,0.3393099997596638,0.1799352445836925,0.3136791475802466,0.38331247833799337,0.19413816459749336,0.7479868701631239,0.3638206639903589,0.30984171093825447,0.3376583211586641,0.3002272356685466,0.5009036190641263,0.20724350239621664,0.166680065970754,0.41734696979104446,0.2726265553348767,0.42585244285851753,0.0,0.0,0.307763624248527,0.6352073151950968,0.5160769781515308,0.3948920642143751,0.9276289509811608,0.0,0.49694218499234033,0.5801985526720753,0.0,0.36791123753194743,0.5542574118926108,0.48558573348763634,0.5986948111496779,0.0,0.3328031042454193,0.380555866410599,0.447365076619404,0.3958502624315815,0.0,0.6189932284389237,0.3830991201768577,0.3788331516350456,0.4505452570566089,0.2558374907992244,0.39057675493341926,0.42981303510387703
0.19726932625423968,0.33171015356534184,0.3226133487586404,0.49523858036708224,0.43924556626336225,0.27805610167204176,0.1726063347850142,0.31068890522316855,0.3491703140839281,0.18219796193814708,0.500607617110858,0.5020991877071772,0.26330897169077716,0.42104940486721354,0.49951248589389985,0.4045477905486397,0.37791524767123164,0.386831015350737,0.4506785290424413,0.38624741440385674,0.0,0.40000673667528097,0.2677154047336571,-0.01554494337019413,0.29602460787567353,0.5371186408145338,0.3374300739376944,0.3168675583945675,0.2662058466760531,0.29658744232624945,0.3623943526079525,0.35092151910056585,0.38717360166662784,0.3161888996077298,0.43163016794154496,0.6193640270214427,0.3045698505219676,0.5403177871794218,0.4132083628491727,0.23613784655328507,0.14870300191865662,0.25606513688898486,0.5506449319320369,0.0,0.0,0.34937339609892826,0.15462402975181483,0.6097679536205027,0.0,0.0,0.13661839297002354,0.3919429204812541,0.5107246907482395,0.4474687696243347,0.5654275856711334,0.0,0.7503104646445626,0.5332530600159047,0.0,0.4671237188358498,0.6191868683192818,0.0,0.5216136744000672,0.0,0.42217893240436777,0.42162844459762927,0.4570758699721452,0.386782250039813,0.7880957235882156,0.5176547520733424,0.5157780153891127,0.3672606517539359,0.048826211443148304,0.2821975689687256,0.3526350273079819,0.16783601503832793
0.3892623319253524,0.42902457542323263,0.5502704656517073,0.5239849391420157,0.19477106724851767,0.13935626074940405,0.17358145245969003,0.235041435350136,0.17004831713144766,0.18967952194087181,0.35178598492373453,0.43206980953136404,0.19137056376318823,0.2511261352354486,0.5631917370158654,0.3472865343281647,0.07470744081664199,0.18768704799382716,0.6554638054265649,0.22212363055926349,0.40000673667528097,0.0,0.5693111336237011,-0.015335646016514992,0.26110280131369923,0.5861616789845282,0.0893331309031091,0.18300033939303645,0.12068945068138462,-0.08843087323298376,0.23017439674170154,0.6093153754275729,0.4975564611233055,0.3965564113761815,0.5478826017289052,0.4942931228880514,0.6830873213575028,0.5290526999110098,0.5527047896871292,0.4192466486934675,0.3652129321328422,0.4715544345297994,0.4014632565995662,0.337589896034217,0.22268648797175833,0.18046892936304487,0.3931211563069964,0.5687870431460467,0.4686082346687806,0.2358828884797684,0.46450707293584714,0.5862845816330454,0.5164429523780296,0.6474463426510255,0.3622856764931329,0.0,0.47584737908443175,0.5794538364206476,0.0,0.5792091281810613,0.2620093160660656,0.43979418650892754,0.6517385016920034,0.0,0.42191978465782765,0.4005398110006347,0.5567730915159536,0.3948570540418886,0.7165854290356353,0.04059910134796196,0.4919590347124393,0.4364769399282161,0.5583629907609385,0.3656014475228067,0.5525479186315191,0.5001800093373896
0.2527763508319109,0.45000998133158543,0.2313147104326565,0.2634084053369216,0.08323031998167563,0.09626587564319927,0.14244710378355013,0.25514328284530424,0.16378401542827692,0.4914057510740574,0.23880087910466627,0.518263634518917,0.2273527805331799,0.1446502355197488,0.6258949042083919,0.45506153701913055,0.4418981717902023,0.4330367129642581,0.32101154379594143,0.5757480486399114,0.2677154047336571,0.5693111336237011,0.0,0.1524775350224311,0.46156044793796003,0.3554072353200115,0.10775080521166017,0.317390034441053,0.35373012149296534,0.4052603371781489,0.3641686007076389,0.4140409332392317,0.4719601851458405,0.2760248127866458,0.36518455490358603,0.15955919228790233,0.22473899280284693,0.40037846646331887,0.355704659027123,0.5364857517956958,0.24186458422323295,0.36114607387984,0.1801584624744727,0.5805667850325275,0.45049270115402273,0.43798830121927323,0.5792009144111588,0.3973774018095344,0.48014559234633436,0.20875710043228934,0.245849539417244,0.232497934208113,0.4217204117831155,0.2650585138997128,0.5478915683301366,0.17617952737076337,0.4435980270477443,0.20704975113462626,0.277556603212177,0.4737298810131477,0.6674204166569151,0.4683359653987297,0.576035962535892,0.2828491531361453,0.4425315830704807,0.42510451240849767,0.4778476443971773,0.4779049516031695,0.20400260483388705,0.6708984565571166,0.49429938551388486,0.33110900273839344,0.20215491988919407,0.292255075490086,0.46690831852601133,0.19349325465083606
0.18345263872229475,0.01916325545094963,0.3932093009105796,0.20031609922469906,0.13149355950838792,0.2990745891449694,0.3863390550730913,0.05320065739192942,0.4870755564020549,0.2737138569087275,0.48883030744923184,0.18155215017184223,0.1954011163759379,0.5864335304361932,0.3289165839220956,0.11027358055075953,0.1315592661325382,0.1878436590997138,0.4305671742192112,0.5604870446322647,-0.01554494337019413,-0.015335646016514992,0.1524775350224311,0.0,0.2543614624975994,0.346197984559644,0.24175261545069404,0.4719402315488058,0.5508381199937564,0.8113407109294933,0.39142234290992894,0.5076373012987765,0.3092558988162837,0.46239099585114196,0.3104186656380677,0.32367267980227343,0.3452216959129767,0.37306376112103456,0.46340343220106195,0.41330092790390005,0.2525664036164835,0.41788654783521084,0.6181311533506206,0.3212532172117244,0.4811561920329505,0.08390583054786382,0.5189277261122376,0.0,0.0,0.5105251015419073,0.6033755690458719,0.3443608547670841,0.0,-0.04537465400131148,0.4147328120942394,0.5159944144141636,0.38069916268965537,0.4485271834144469,0.0,0.28867892120362104,-0.21658449900922505,0.055159032874444236,0.10489515135608879,0.43939024895937273,0.393357335819029,0.4347145036688047,0.21123905840122936,0.8425083024209218,0.5403344707588154,0.13795270821258665,0.2682619575319504,0.5691463834817359,0.6150485579482279,0.5562441344496334,0.0,0.19943950956291492
0.1598586788995945,0.14110338648332352,0.5898885376799061,0.8653388378065225,0.31333815369558055,0.22405785568051775,0.3147928121771304,0.3608038690931143,0.6204716416546144,0.4971468539710451,0.5483059441423079,0.3969415100567989,0.11675710673689146,0.5255779988034349,0.3616844557333793,0.25876695149692974,0.20111884165523497,0.21394356749327725,0.511930116442613,0.15999257515435272,0.29602460787567353,0.26110280131369923,0.46156044793796003,0.2543614624975994,0.0,0.08355672382649029,0.267073549897421,0.11661980561675955,0.13603020329987692,0.3938722584544938,0.09720149164336475,-0.03303768923687117,0.11437612564368221,-0.007243435485726812,-0.0817435688761651,0.4402215872534954,0.5897460553573406,0.07781390319767761,0.12538795745136533,0.06353594265616513,-0.06558841105958313,0.17344195689914232,0.09624993088782303,0.0,0.5267306791913076,0.1166037677286435,0.42170228214814365,0.0,0.0,0.0,0.5460309304933616,0.5101592092431187,0.6437373215546067,0.43400239707540306,-0.008027323072548165,0.47685051115060206,-0.04195945550579744,0.4564146863497864,0.0,0.5497809525249536,0.20141009328124165,0.03630380701440833,0.08511129529785982,0.0,0.25573253991040334,0.100172806190363,0.33497184136111025,0.5547539810172899,0.4409932481726152,0.08858550207681165,0.10406740807883658,0.48936371074411283,0.6343513942554132,-0.1239907336728599,0.0,-0.0632446995687167
0.46088336300198607,0.17496372814880454,0.5094214605412914,0.6243242378875464,0.18681293268615842,0.3366307236153331,0.4514596687883809,0.21592511175216095,0.6489627921636749,0.4272047000061141,0.5794014895848387,0.4038696244211295,0.31602541273688234,0.3955459402297309,0.5754560443267557,0.46484036964640113,0.1531350207769661,0.29548551997495376,0.4227405282612532,0.4078176872781455,0.5371186408145338,0.5861616789845282,0.3554072353200115,0.346197984559644,0.08355672382649029,0.0,0.3630730179659295,0.2926354422739962,0.3859040728957005,0.3711203540678433,0.2632271909691498,0.5190296583783109,0.2633248713873215,0.3587900901996157,0.5633994290390553,0.7497001899576401,0.4258405175268858,0.040525442853833915,0.40190097479479964,0.09493510347647255,0.0822328824086695,0.20631968819248991,0.2186096559100475,0.5498063785795742,0.5817847518602588,0.1701544209006568,0.4682353293515327,0.6487880658433096,0.0,0.012251995269865706,0.5604051463199763,0.46538655515357624,0.5056004041543957,0.45292816141484804,0.008727108250656868,0.0,-0.03359494480826414,0.6211868678708565,0.0,0.7005509881606855,0.1722301034186575,0.045664041530180166,0.19111322325241425,0.0,0.6605193756876444,0.7944559054205379,0.7056141848743154,0.5456682069920363,0.5630017354161051,0.2072514446762588,0.14286929295040857,0.6118991334835086,0.650062793968291,0.5859468677204975,0.44949619815242337,0.04622326573984592
0.31607008082219845,0.20416399110041433,0.2687687154643203,0.5209583384625771,0.12006644097868549,0.1189334635501445,0.07097514554918699,0.205621647685028,0.08482842162174087,0.4232673234684602,0.41478552952647324,0.4785925840021444,0.12450686600314143,0.1187368717434582,0.4694158289807957,0.2970617007399667,0.5603152963675713,0.21637045166551072,0.3423908364440545,0.08118008165657928,0.3374300739376944,0.0893331309031091,0.10775080521166017,0.24175261545069404,0.267073549897421,0.3630730179659295,0.0,0.26475786206443935,0.28099013532239187,0.41786449491301403,0.2928574105690883,0.28709786312724367,0.37987047162458587,0.20512945014734246,0.34198783041965647,0.13012058662633652,0.24627629382119104,0.40312359688691213,0.3064406732955328,0.42557380928948685,0.1228295467384237,0.4289146976375797,0.2573104978926295,0.5352371684292423,0.3800457690169106,0.38228575853874935,0.47194234356965215,0.22647490869777887,0.4928490774120601,0.16252036482125087,0.2043087287437646,0.17709899192186498,0.3788432681388656,0.28433565172714265,0.6902329439165731,0.19332172077277837,0.36955073428893614,0.16358729009841916,0.14625889994316998,0.3695930130804278,0.6410250832822835,0.0,0.36449648709346216,0.12474794190061333,0.39242648191922436,0.2730171348456669,0.4855586150604577,0.29494754564021164,0.0,0.6139885603781746,0.4356741671132679,0.32401942481144963,0.17583750695894013,0.18382427563779719,0.44634401664680423,0.5185785625486653
0.3678599518165908,0.20377072493020668,0.17486159333328866,0.3090035343425661,0.3513842872580498,0.0826339223123394,0.43848837227251186,0.372284904177442,0.16206375606024806,0.6039556700405233,0.04389467436332756,0.6495550316043586,0.20448234178163097,-0.09615786815971794,0.3859196860600288,0.26503209870375477,0.42425164361433937,0.10022526508520699,0.14143431047844984,0.21187133134818514,0.3168675583945675,0.18300033939303645,0.317390034441053,0.4719402315488058,0.11661980561675955,0.2926354422739962,0.26475786206443935,0.0,0.16805524942129152,0.18658223952936986,0.29036864070982693,0.24461237432912492,0.4446254830914463,0.03667058197000855,0.22876008661469904,0.4206280374264897,0.32859497561573453,0.10227846005215857,0.39205801566267945,0.2541632843256574,0.026665327690478968,0.3564448709036764,0.5103279467944026,0.39255298187303833,0.5209756779837218,0.5507087920560948,0.5758122723612573,0.5742523104709252,0.0,0.5949753858502664,0.29800134973107034,0.5132209778630081,0.44254649725015444,0.5061353265278917,0.549366598906417,0.4403916098026701,0.43524846544947654,0.5314864323612878,0.380798476092814,0.45605615147392536,0.45221546114437267,0.1781622798090305,0.5577606192816703,0.652313565881756,0.48751047226844174,0.7432565390246586,0.3785560028532875,0.35041967699345067,0.48780991980535204,0.6264445420444906,0.40180854717733844,0.45808783308818424,0.30273049795739343,0.2943151668085832,0.48706597559350623,0.40125609167630805
0.30448296272641806,0.146717361985785,0.6184188393278175,0.39613905792767207,0.5838459804445197,0.09666982515528033,0.08535911761146248,0.4048771325830705,0.10456797252929897,0.45355380939363954,0.45880371090363636,0.5464498637894408,0.06419021080175427,0.4223231087362784,0.3160175922687761,0.18288455108227217,0.31238737185283416,0.10824667723066791,0.6147988448871877,0.06118877420749369,0.2662058466760531,0.12068945068138462,0.35373012149296534,0.5508381199937564,0.13603020329987692,0.3859040728957005,0.28099013532239187,0.16805524942129152,0.0,0.20351265669888785,0.027387343121108354,0.19631610726826962,0.35612564429224547,-0.04491251349958175,0.028825605500318874,-0.006996811503077682,0.4419699512094306,0.490889110328819,0.33788543009344063,0.4172280686116702,0.2580235144037064,0.4513174377298266,0.35159375275845706,0.503374073728133,0.6380431077089292,0.3903771478267798,0.4257846439002595,0.5562031214718354,0.49927975568757843,0.4119642156324951,0.3142769997372938,0.5609799218107111,0.5469303056344312,0.5226406353987317,0.5799693592477333,0.4060530208014092,0.5703543625805859,0.3440937025985382,0.8014025216024873,0.4612319630304992,0.599445767086542,0.47109781639327164,0.6160633134324836,0.4836499600881635,0.4382230451791667,0.3899985111400266,0.4934457136791416,0.39210029624522025,0.4247847050916184,0.6567093077054612,0.46257614648712264,0.4361934828903669,0.21021853027272397,0.2687529009935792,0.4445651620397088,0.2341462030392884
