0.0,-0.006371236906414002,-0.0017549250449336862,0.0,0.0005505927260818777,0.01703949742631411,-0.002452699771573197,0.015444240973144785,0.0005541488569119069,0.02134039856318265,0.0012854011763457907,-0.0156279435211521,-4.528952384635909e-05,0.009153559919232945,-0.006599248306992211,0.006058783217736674,0.003198283097585408,0.013389308004437828,0.0,0.015954750374949866,0.018211333309378075,-0.0021065406797534103,0.022900245311178846,-0.0014699483726688944,0.0128632288990429,-0.008058113267861655,0.008127340207207068,0.05072743770011384,0.024843246294987964,0.0030541961273675144,0.019366328354182782,0.023817165456549494,-0.029303276857259974,0.01110255966053686,-0.01008419665203869,0.00038674002720445744,0.00024259932600539935,0.022691061700148896,-0.0056368891093456774,-0.003722336606461707,-0.013803239488527463,-0.03614785626503758,-2.623898422282611e-05,0.0,-0.0016895431231604974,0.06635547543842951,-0.018729608363436345,0.0,0.0,0.0,-0.0032955810036680022,1.1102230246251565e-16,-0.0030453620197419817,0.0,0.01922370607030449,0.0,0.023583248128143774,-0.0005983486772487834,0.0,0.00046976109530666443,-0.02022669037747371,-0.0027520911774230328,-0.010900567609300416,0.0,-0.0033886665529318516,0.009652239244689942,0.006529987629146972,-0.028994906569265733,-0.004199846769824767,-0.010395907890534184,-0.001258687760341437,0.005121235630137111,-0.000184113478568948,-0.003512369819084926,0.0,0.009964205410771643
-0.006371236906414002,0.0,0.020160765222282273,-0.00011668438150180815,0.020934115420385535,0.005423631311694044,0.027829305698021556,-0.04438466984556938,0.018731889406662705,-0.003784688557774918,-0.0004198284724764023,-0.002031278808856396,0.02302127808584492,8.870410879707746e-05,-0.004500985174832162,-6.955848269751819e-05,-0.01079585117509213,-0.0034757164950052766,0.0012117454125267768,0.011441135463077512,0.009317213702928928,-0.0062534559321912875,-0.017786955307742935,-0.0672401194863817,-0.012649024232259387,0.013636615405838715,0.008260659605250242,0.02389071960019995,-0.00404043117370223,0.015002306426849188,0.010043285080187536,0.0287013426441165,0.010274127213800832,0.006700704736853136,-0.0143843878196242,0.047555082590276854,0.013029767576693663,0.0,0.00073904846150602,-0.006269508802406898,-0.01244797836334488,-0.01179767040509011,0.0012122708355936096,0.0,2.220446049250313e-16,-0.006233205200469383,-0.011270504904270673,-4.6879423529877506e-05,0.0,0.0,-0.011472673688597168,0.0018295798051051748,-0.07462567649249213,-5.368493562796228e-05,-0.0001529871567221286,0.0,-0.0010140128101930324,0.003472481298406105,0.0,-0.009120943676228843,-0.014757540482716491,0.0012662320793965787,-0.015542268231584278,0.0,-0.019594849325997254,0.015040776403634881,0.004703485429286225,-0.03451823265345405,-0.0014865881822894722,-0.028673732077865943,-0.0083321620919663,-0.009299852224174454,0.00014520539294782253,-0.002794613269040125,-1.1102230246251565e-16,-0.0005170626041443582
-0.0017549250449336862,0.020160765222282273,0.0,-0.0043502109849378745,0.024646589656101947,-0.013533841753171238,0.008893358175037835,0.013246399915993967,0.03186862495169229,-0.006806882045048979,0.011241483689092169,-0.0025675714816991158,0.003292793326879151,-0.0010785721790531055,-0.001656592263191925,0.05255206158773118,0.0005039122768962789,-0.0025212400567447,0.029856410026344538,0.000509951981871648,-0.002115311990452451,0.013252168338889536,0.007414314129191746,-0.0018762390893577452,-0.005506507762264801,-0.005651997461112834,-0.017920282855279468,0.001640008753670874,0.002524556373645792,0.00315296586622682,-0.01204796411555964,-0.01482436811364457,-0.0014449794049923304,-0.01578106283152325,-0.0329195349078088,0.004421170842556166,-0.009189374803526273,-0.0019415580130227594,-0.003810278156159197,5.373858384394303e-07,0.0010540217095987847,0.002442959859728422,0.02436045478471993,0.0018063513482514115,0.0,0.0,-0.0003687291856443453,-0.13375251222733842,-5.893345992213916e-06,0.042395400985246745,-0.008266274266477636,0.01855376265646902,0.01806138952643821,0.035152731989325225,0.0008224183777672534,-0.15206490110077658,-0.0012617139082712892,0.02447512874872937,0.03651042609319788,-0.0002548207253688095,0.0,0.0,0.0,-0.1735298244996701,-2.047073958938439e-05,-1.3180121771760867e-07,-0.0004955004693458775,0.022814670594925035,0.0,0.0001649701072246601,-0.0013902491597554967,-0.01881736279618207,-0.002839829160476537,-6.588720532657577e-05,0.0013124025854810428,0.03151933496070358
0.0,-0.00011668438150180815,-0.0043502109849378745,0.0,0.0353521084862809,-0.007193731191711794,-0.017030320737445648,-0.011317248690064896,0.0019690503362672085,-0.019882883652266453,0.007367938728563228,-0.005352539976170856,-0.022657023230708728,-0.06559744515575469,-0.00141589955617627,-0.00041155577569368385,0.0006526154385732563,-2.683646493822911e-05,0.023418132391324953,0.000560030871649797,-0.0001616744089688038,-0.007753323980880411,-0.012826924862745337,-0.0007783012648276411,0.0006635937497707078,0.001239867652923221,-0.008660531275453687,-0.01915107138863173,-0.002490564179555732,0.000977755961299176,-0.020628772112309623,0.03793778205568943,0.14005536129783724,-0.017586287768997455,-0.0010257227120650803,-0.04959632810905146,-0.010329905828476899,-0.0074113404315976905,-0.006945856852435817,0.00027484005166122927,-1.9483276728404775e-05,-0.0015160642480427367,-0.0008306834386681561,-0.0011747719390476363,0.0,0.0,0.0,-0.0003897123584952755,0.0,0.0,0.00012464510774978788,2.220446049250313e-16,6.141882354671058e-05,-0.0006654645435120177,5.551115123125783e-17,-0.0008935884412943906,-0.0003876120739648159,-0.00022411475022315885,0.0,0.0,0.0,0.0,0.0,0.0,0.0,0.0,5.415292963079077e-05,0.0005148408971349383,0.0,0.0,0.0,0.0012873916754227444,0.0013688388864425138,-0.00012748497136599868,0.0,0.0
0.0005505927260818777,0.020934115420385535,0.024646589656101947,0.0353521084862809,0.0,0.01673966819455741,0.0041466665193051755,0.02256894899211731,0.0016369882547503933,-0.026312678050619043,0.0002471041011490871,-0.0023941899732031757,-0.015761811443650076,0.012996315864433006,-0.0003844549555240273,0.01803940841713675,0.005670075458031942,-0.004064578798890439,0.028511015152932806,0.00402320748160917,-0.0011205772100070788,0.002108722239167693,0.008234283162551315,-0.002907660774143672,0.02201407819146267,-0.00671569130738775,0.012514128507685629,-0.021259951460921966,-0.005693926956441442,-0.002858050121146538,-0.019104747081313544,0.04470115868231117,-0.0019881204871923797,-0.008484778294472084,-0.06521403137244886,-0.027309730304699326,0.0061201293009708335,0.01975545584651589,0.007415607461963569,0.0008185732966067283,0.003951199647527881,0.0010435162593260827,0.008480346171921782,0.0014174664578367469,-0.00015093838875068766,1.1102230246251565e-16,-8.701755939660716e-05,0.006998213055361413,0.0,0.003495056620830328,-0.026814589149976087,0.0001434233035270127,0.0012964180923012436,0.08261276321429678,5.551115123125783e-17,-0.004473862728037792,0.0006633180036019204,0.0032550865073466273,-0.005522197442925647,-0.00034319512647573713,-2.3884663450102206e-05,0.0,-5.551115123125783e-17,0.0019892467651340118,0.00029891577797347413,0.00013710801766664282,-0.0008266551794660626,-0.004398755881319105,0.0,1.722923881014582e-05,0.0007692114080477541,-0.006911295210837776,0.0027142207752989256,-0.0028970458330098148,1.1102230246251565e-16,0.00044980917628911765
0.01703949742631411,0.005423631311694044,-0.013533841753171238,-0.007193731191711794,0.01673966819455741,0.0,0.012093573727478324,-0.0037480580311359812,0.004821289886778601,0.014520558814927309,0.013190350118859384,-0.001203835966352318,0.0014746627057083406,-0.0016963222764433405,0.00721160540179111,0.002145236032548903,-0.0015809163179221764,0.00216328043042191,0.008595248500190056,-0.00427653946571227,-0.004355262679883565,-0.008083676378294435,-0.005041001697167924,-0.0010030508998097876,0.007763509592130513,-0.006231397281435125,-0.0017784176684299546,-0.002516315753596954,-0.04370876524493811,0.011228692966100406,-0.010837381149665315,0.00022970913465175657,0.0010220253450075045,-0.016829653710438874,-0.014588839006832055,-0.01035426906915049,-0.015865204851185144,-0.022386593150988177,-0.02279474603412779,-0.0036908324491507494,-0.017626405222547104,-0.010610480924738042,0.01823401992819662,0.0009584680053282835,-0.0019267451276712144,0.001498938494730262,-0.0011226997094435087,-0.01263474824449562,-0.0004827910972238225,0.004617682926988942,-0.026506665847744637,-0.020850179543295932,-0.030518532396526576,-0.020101400838084094,0.0038516592136878525,0.0068264584968088515,-0.002165231201303297,-0.015452269651733241,0.08054392092008161,-0.0217670113023965,0.0008583561695983399,0.0,-0.000726830616846752,0.00900182408135819,-0.018636390540827497,-0.027586180639056768,0.00101416078378197,-0.01646164137609607,0.00010575989795658103,-0.0025396383027435077,-0.002838625208561152,-0.037127561216444394,-0.016513179184794946,-0.02337369691992336,-0.03902354259561025,-0.018786761047084877
-0.002452699771573197,0.027829305698021556,0.008893358175037835,-0.017030320737445648,0.0041466665193051755,0.012093573727478324,0.0,-0.0034240854408809085,0.007512715520229862,0.002840097120199281,0.00862634675142726,0.02679894109033154,-0.012455462853569521,-0.0012488013889215832,-0.0014594439460657305,0.034193911471189165,0.019434921540306238,0.03463680958989357,0.018859731459847373,0.015569803101982582,-0.0008457028012979761,0.022456064354824112,-0.0016208947746049196,0.0012865223164279516,0.02840266566901456,0.02734327571708156,0.007790188916501795,-0.017546638164486983,0.004403876963078812,0.013241976035932801,-0.015835225683128507,0.012666905740225387,-0.00021013299805078267,-0.009274014464274727,0.01749794579433772,-0.03031071952776826,-0.024308601919936668,0.03664755424091787,0.008437691929486346,-0.0009378403744785269,0.015162930530596641,0.003567145768219593,0.003275350883832684,0.005464515351459809,-0.0012205180825834439,0.0,0.0021234053366229744,-0.009899081256995679,0.0,0.0018511300043240198,-0.028248214104393765,0.0018567284710740983,-0.0035032119206371837,-0.004363054226033225,0.0002600622270217956,0.015354118848050602,0.0007451359319807227,-0.0011115839110112935,-0.00022299806930115018,-0.000604690669675334,0.0007945304867054137,0.0,5.7079848228169805e-05,-0.0020161881928275616,0.0010522591102336554,0.0011577136269657617,0.0010174620930130662,-0.011915412569413975,8.278987013315975e-05,0.0008872782989505779,-0.00028558948393769823,-0.028757428345517533,0.0004890444048253895,-0.0026111040926704576,0.0005293777567632052,-0.0001923056190565875
0.015444240973144785,-0.04438466984556938,0.013246399915993967,-0.011317248690064896,0.02256894899211731,-0.0037480580311359812,-0.0034240854408809085,0.0,0.027328729695380805,0.04593442217139915,-0.02619268149023657,0.0072197987549181275,-0.010496202575908775,0.009842368291494485,-0.0175590206927711,-0.03176998070152609,-0.0005674746776837547,0.0339482606024879,0.06736872745940614,-0.0007984526370042877,-0.028398987188184843,-0.032667620623964,-0.015397427150259324,0.015549542081164991,0.03935583649393015,0.018363482876415094,-0.011996987957992644,0.000801455872247836,-0.03920322725880826,0.012842736273670163,-0.019839199930262452,0.03992676802800155,-0.04535564647384238,-0.022569953093468598,-0.004868414302255986,-0.033699810128449886,-0.03789970694973632,-0.0017491387119273338,0.0004845128570049595,-0.001657317189757923,-0.008169189226675644,-0.005061622476056238,0.04289501369902088,-0.001458167858231274,0.0,-0.0005902228849640201,-0.003758355429318405,0.03987685847660105,0.0,0.019674967440317104,0.0011894253550199796,0.006674118230486914,0.03922916414049532,0.037151306331688505,0.0006020036105672255,0.023137000604437574,6.634383897324847e-05,0.01433329728910504,0.04086007218545801,-0.010017765106064058,-0.00047922648465342776,0.0,-0.0002322001383004424,0.05807990342416336,-0.008099108960085477,0.09470277235904528,-0.04824036255440628,0.03551623975937784,-5.551115123125783e-17,1.3747782763251504e-05,-0.007033177490545883,-0.009582356034368578,0.008563962928822388,0.01664778604046696,-0.014208710594003193,-0.0018527407528041717
0.0005541488569119069,0.018731889406662705,0.03186862495169229,0.0019690503362672085,0.0016369882547503933,0.004821289886778601,0.007512715520229862,0.027328729695380805,0.0,0.00512765833984119,0.021549675614620456,0.0111213922621472,-0.008059547048142712,0.01946124805519156,0.0017410618701034775,0.027945255817295733,-0.0025145124017567633,-0.0012130731499694902,0.05324500486423761,0.00029189395701761933,-0.0013337814698281547,0.0026951269211398787,0.03250784095235426,-0.005488891434236254,0.007566354132960584,-0.0030478147422858815,-0.028786585110339213,0.000700452974142618,0.0010999123983027603,0.0034432144662573383,0.0029981253418963627,-0.00042284912012252596,-0.002773406942199741,-0.0018644067036213685,-0.015363560839190882,0.009704014535498628,-0.00457468694199159,-0.009065406488465988,-0.08348914409758273,0.000777429420129705,0.006750133366112576,-0.0009862182996320246,0.08498178044760596,-0.003240124318679538,-0.001978796108105474,-5.551115123125783e-17,0.0012128380744153011,0.015492451979617572,2.8311910479361657e-06,-0.0487539982167885,0.0025022089156631067,-0.004205359812380682,0.01209833005260752,0.0260486927744058,-0.0008472546639918255,0.019279840054759134,-0.001053653117129294,-0.004383277712268763,0.024632224322187257,-0.0006268727528715989,0.0001001561341300028,0.0,0.0,0.044661839179099494,0.00031066680193891916,0.0017352919845269321,0.0005755289596500734,0.025142090917929294,-8.245476906337812e-05,-2.1392293232114223e-05,-0.002391598064898637,-0.0005424863593240792,-0.002544454097871185,-0.0030903173472133783,0.00022014838876394105,0.0013332153536067537
0.02134039856318265,-0.003784688557774918,-0.006806882045048979,-0.019882883652266453,-0.026312678050619043,0.014520558814927309,0.002840097120199281,0.04593442217139915,0.00512765833984119,0.0,0.010320793413398865,0.013788460304464067,0.01014956892621649,0.014383292156434135,-0.0022700214064677593,0.019334440007426068,-0.001988940132896855,0.007730514754918372,0.014529331078282692,-0.004984991187665377,0.039180838074811486,-0.007512934087478718,-0.018574466790601707,0.00866162244101143,-0.00027195459180390236,-0.006963565430016583,-0.008682313399502484,-0.02043001837023467,-0.004911978447994958,-0.0005058160812010937,0.0055199424070240255,0.002185614547327852,0.02803975880419446,0.009342924279511167,0.005839027410505737,0.07043528528120896,0.04708841272058839,0.027242457769043993,-0.006246370390660616,-0.008376745444287959,0.01813859462321904,0.07460767435574472,-0.005682869681968461,-4.1729627238140665e-06,-0.01169971844643547,0.024874297439859694,-0.000771161329544412,-0.0003155296372804317,1.6075894977929384e-05,0.00030834720210726196,0.0012550084494946656,-0.0005757901263739873,2.7425642130984862e-05,-0.002131067965913891,-0.015117539260639856,0.0010229202055784259,-0.001729209052080627,-0.0010073863505916103,0.0,0.0009638999839471363,-0.0005738516403561711,0.00011053486133200119,-0.0016290364994790418,-5.284230921609456e-06,8.585539959282684e-05,0.00033008796868216894,-0.002136956564597281,-0.0011179089309127366,-0.005028775233903493,-0.006670075947130982,0.008111964057345544,0.0013193991952438755,-0.010775389007860514,-0.0012892822250543112,-5.551115123125783e-17,0.004478195117913142
0.0012854011763457907,-0.0004198284724764023,0.011241483689092169,0.007367938728563228,0.0002471041011490871,0.013190350118859384,0.00862634675142726,-0.02619268149023657,0.021549675614620456,0.010320793413398865,0.0,0.002827159810298241,0.0033437602547670142,-0.026395499409565037,0.0,0.00013493744429066146,0.005773794151938738,0.0001284309324609545,0.03902956440842309,-5.328912091573379e-05,-0.00011492095101961475,0.0003828929296168515,-0.06406079012148205,0.015417941858895223,-0.0022089250145790884,-0.002046213301003519,0.006808749898501498,0.011690317148067397,-0.003529306787448949,0.00040529730038718625,0.01539388858439189,0.07107339215006259,-0.007926145649264527,0.02492551051895736,0.013706045702520875,-0.02124230183655096,0.018533126889007434,0.016227516268173314,0.01550016351101835,0.00017351471553284092,-0.0008669708502456186,-2.3264781171594695e-05,0.031527454044991465,-0.000534740305332182,-0.0005442156185904157,0.0,1.1102230246251565e-16,0.10189815969696786,5.482256084099468e-07,0.03157225015715254,0.009379468140367164,0.04625786597058995,0.03785132555460885,0.054833099091775805,0.00012424836223923208,0.042265755974125296,0.000208987095477009,0.026229863654726793,0.047039845522679646,5.551115123125783e-17,0.0,0.0,0.0,-0.032985619618665585,-0.000564352974251281,0.0,-5.664364937790767e-05,0.03422652875852106,5.551115123125783e-17,0.0,8.00700240217167e-05,-0.007387340531545772,-0.005547338034016469,-0.0013666730138465755,0.0,-0.0007381204723966306
-0.0156279435211521,-0.002031278808856396,-0.0025675714816991158,-0.005352539976170856,-0.0023941899732031757,-0.001203835966352318,0.02679894109033154,0.0072197987549181275,0.0111213922621472,0.013788460304464067,0.002827159810298241,0.0,-0.006317999168597932,0.0039140764953183305,-0.0003659168082015829,-0.006696504410213466,0.005970075700628297,-0.005457996793937381,-0.003311211903962219,0.0024832073712164338,0.024026830287239842,0.0005548752142412461,0.031895851502055095,0.010182697927411277,-0.003972752734933305,0.0027547294009788725,-0.0018613909603489298,-0.04284288671492825,0.0037373140169806307,-0.0010652242830165304,0.006565474550261352,0.005365879291820919,-0.013107236965648694,-0.009236126621859408,-0.030246135369630278,-0.007866627167320284,-0.006911366513791317,0.008107819226115281,-0.019953586345754393,0.03125445538882332,0.06077485990276327,-0.021700654417286136,-0.0019469238104840025,0.0014803614439404256,0.01746376983519654,0.02280249770823356,0.0014893498710256137,-0.00029580777921917045,-0.000723559385960526,0.00020755730167654196,-0.001043840541467167,0.0012796345133005982,-0.0006148004122114581,4.911167654514381e-05,-0.0018218015118540154,-0.0006611209280795172,0.010096375289701365,0.0015801214338115877,0.00019849431769192183,9.504029114520973e-05,0.00148658990495526,-0.0055904627315327415,-0.0058060429554691595,-0.0006397831873576343,0.00031748275641435564,0.0016622945429845548,-0.0006176914840605452,0.0029905036957418862,0.00658882211273476,-0.009326202133103034,0.01552163265112877,0.00027027090368342277,0.008365927580913146,0.0009685237160360627,0.0,0.03240837428656285
-4.528952384635909e-05,0.02302127808584492,0.003292793326879151,-0.022657023230708728,-0.015761811443650076,0.0014746627057083406,-0.012455462853569521,-0.010496202575908775,-0.008059547048142712,0.01014956892621649,0.0033437602547670142,-0.006317999168597932,0.0,-0.0005665633212463828,-0.006906400646978894,0.03168746711056292,0.012916419188709338,0.031028852272137364,0.004825798798876346,0.015457432145753514,-0.00788815083075195,0.017763752549671996,-0.005811852288906572,0.003413599088693542,0.021520043177928216,0.034633591136786435,0.0017616589469877653,-0.0086155427204338,0.011200998661929196,0.01846206798772182,0.00272140102109919,-0.0014168254413868264,0.010089867731420898,-0.002756722341382467,-0.018121080298020675,-0.04317363657587292,-0.039440230595724546,0.0006043187820338747,-0.06597628556462465,0.004524928842604137,0.008716905750944193,-0.002671473903802346,0.001977252074857605,-0.0037069403488467767,-0.002106950791235296,0.0007056027416866284,0.002656135874530674,-0.019701836886745427,0.0,0.000997080880023038,-0.01903128035973295,-0.0014061963534918176,-0.002719248514621131,-0.0025099956523538802,0.0005540926529130075,0.02827775826409712,0.0009615349143093921,0.0025679733752888567,0.000762247788195225,-0.003753486568454978,0.0012797688591273393,-0.00023091214076370603,0.001641473004709848,-0.002115695622929681,-0.003247885232308456,0.0003269374132364722,0.0007702803542780634,-0.011380261575384965,-0.0009339927923886493,-0.00037501907620812736,0.00185129952701657,-0.01875775513708644,-0.0016456253024624279,0.0001237722610544778,0.0001425755073863888,0.0020137592145797467
0.009153559919232945,8.870410879707746e-05,-0.0010785721790531055,-0.06559744515575469,0.012996315864433006,-0.0016963222764433405,-0.0012488013889215832,0.009842368291494485,0.01946124805519156,0.014383292156434135,-0.026395499409565037,0.0039140764953183305,-0.0005665633212463828,0.0,-0.0007128582668207151,-0.00031523568033309246,-7.36656047004014e-05,0.00010968244754894219,0.020806760375351174,-0.0006445252930052381,-0.015505804722662775,-0.0005849578008455536,-0.02301938482354632,0.0035622945512915893,-0.0004085811809894091,0.01527902690145938,-0.013064759802240034,-0.05357495762880349,-0.0007890819734031052,0.00011334000580925929,0.026610861999773805,-0.00979932539816436,-0.00502365521597542,-0.0025612116146959685,0.0009096936254346932,-0.03925925947722647,-0.02520290232090308,0.00045395819678256677,0.005600407720219414,0.0,0.0005301176160946164,0.0009535359917214881,0.029466044211611586,-1.5780667324549746e-06,0.0,0.0,0.0,0.039616577730312685,0.0,-0.004563126580222621,-0.0020126518522064485,-0.0026212040430083627,-0.032217916401450775,0.02210442482006214,0.0,-0.0020646721165014648,-0.00020295960404093094,0.0015182902619421124,0.014039772080888135,1.1102230246251565e-16,0.0,0.0,0.0,0.10808911210665079,0.0,-1.1102230246251565e-16,0.0,0.06441598180259728,0.0,0.0,5.551115123125783e-17,-0.004117096141074306,0.0005478945299419724,1.1102230246251565e-16,0.0,5.551115123125783e-17
-0.006599248306992211,-0.004500985174832162,-0.001656592263191925,-0.00141589955617627,-0.0003844549555240273,0.00721160540179111,-0.0014594439460657305,-0.0175590206927711,0.0017410618701034775,-0.0022700214064677593,0.0,-0.0003659168082015829,-0.006906400646978894,-0.0007128582668207151,0.0,0.0012078694569088722,-0.0032991548887588706,-0.019573871639407048,-1.1102230246251565e-16,0.011082292064238719,0.004383078168089027,-0.00012079780669482787,-0.02299728332992207,-0.003874499813326604,-0.01601662533666731,0.013604952891980271,-0.0010725917761918446,-0.014574917411892874,-0.013827387536876012,-0.00370255220467397,0.003712954621181208,0.017739241137862183,-0.006584966508219603,-0.005207954930689096,-0.00893934569040844,-0.004791178208509106,0.005135399366822169,6.780952257573469e-05,-0.017119219274104425,-0.0353918310635668,-0.029487579603235226,-0.03019979060210204,0.005962236752257377,0.00012925413367453897,0.0,-0.003096925345625834,-0.0459876984607433,0.00013414751621404486,0.0,0.0,-0.023010469359261432,0.002409189026058134,-0.05871823747133048,0.0005988098824956101,-5.551115123125783e-17,0.0,0.0010038924198128019,0.0003969281016594217,-8.986819809431168e-06,-0.035103186926003505,-0.046369410280788226,0.00051243285222069,0.0012299012706855628,0.0,-0.04080447094228318,-0.006781375276835477,-0.02809000760195718,-0.046553897256671084,-0.00012252694699182998,-0.06580721803718337,-0.031903373420875125,-0.0340051162298492,-0.007290216841704167,-0.05807905168161137,-0.0017296296795700772,-0.014594759666570478
0.006058783217736674,-6.955848269751819e-05,0.05255206158773118,-0.00041155577569368385,0.01803940841713675,0.002145236032548903,0.034193911471189165,-0.03176998070152609,0.027945255817295733,0.019334440007426068,0.00013493744429066146,-0.006696504410213466,0.03168746711056292,-0.00031523568033309246,0.0012078694569088722,0.0,0.010888176239950031,0.009771333615253286,-0.00013947573663847246,-0.011968591854736088,-0.0052857224159230665,-0.022042315250629385,-0.0050895326882686165,0.04875256003127648,0.006970955954595903,0.005305263590732967,0.019973545480223842,0.03189710177406463,0.014696355011663498,0.03880750124886251,0.022665734673419813,0.03269637875768061,0.03727128598598384,0.01691529693285937,0.0026506839460851417,0.028909271644592505,-5.959644696551525e-05,0.0019343419460305933,0.0016859817699785284,-0.0054288661316931885,-0.018888733288665693,-0.013384291004941096,1.1718127351401098e-05,0.0,0.0,0.021364799226051834,-0.010374782859907727,0.0,0.0,0.0,-0.00038571593998665277,0.0005618761245049231,-3.615664011941133e-05,0.0,-0.0012534471120045354,0.0,-0.0009469998144969738,0.0006514780020342448,0.0,-0.036292312468442944,-0.015342100144769721,0.0008709841384706984,-0.0004233879661995621,0.0,-0.023536269412937405,0.04263700291674832,0.0070171039957724335,-0.0034894823949260245,-0.002725763927060143,-0.003827237411793416,-0.008680405595564489,-0.010351380212560712,0.0018843801915987002,0.0012415173271588253,-1.1102230246251565e-16,-0.005799746826782082
0.003198283097585408,-0.01079585117509213,0.0005039122768962789,0.0006526154385732563,0.005670075458031942,-0.0015809163179221764,0.019434921540306238,-0.0005674746776837547,-0.0025145124017567633,-0.001988940132896855,0.005773794151938738,0.005970075700628297,0.012916419188709338,-7.36656047004014e-05,-0.0032991548887588706,0.010888176239950031,0.0,0.007513357498826756,0.0012926772814002008,-0.003928630350130746,0.043006244129275895,0.004333457524062334,-4.915259564630681e-05,-0.010416747834311457,-0.02443505898749715,-0.003254748057030521,-0.0009988376859317305,0.01011902116491109,-0.003913845530056526,-0.0025464545849536724,0.017408399199701108,0.0029893379797483743,0.013126056851821277,0.010672616800736334,-0.006121572626441807,0.02559394891582778,-0.0009947630949737052,0.026567222670396518,0.023904518314873613,0.03992790699009713,0.04158278299452045,0.00021995068293456654,-5.551115123125783e-17,0.0,0.0008120704785952726,0.06877055573874646,-0.0003096464155805112,0.0,0.0,0.0,0.0,0.0,0.0,0.0,-0.017748438436251623,0.0,-0.008950041212723525,-0.0013212781148924657,0.0,2.2864404910560854e-05,-0.0012448792392699137,0.007755342906314244,-0.0005458269432498941,0.0,1.1102230246251565e-16,0.0,0.0005683877228871981,0.0,0.006549843933764732,0.0019361712838569245,0.01133937906041066,0.0,-0.0009434228383924936,7.062009621267018e-05,0.0,0.037279440026382615
0.013389308004437828,-0.0034757164950052766,-0.0025212400567447,-2.683646493822911e-05,-0.004064578798890439,0.00216328043042191,0.03463680958989357,0.0339482606024879,-0.0012130731499694902,0.007730514754918372,0.0001284309324609545,-0.005457996793937381,0.031028852272137364,0.00010968244754894219,-0.019573871639407048,0.009771333615253286,0.007513357498826756,0.0,-0.0019071590491968604,0.007437401013092371,-0.008824725414474821,-0.00313935183318792,-0.02483658296137875,-0.010087690106159675,-0.004143383533208422,0.004747611662148599,0.005737473034618135,0.021919699180269314,0.041653721158591506,0.06960788343248875,0.012753452437634538,0.025772468203967724,0.023066948076912508,0.015148199398806184,-0.0015739546037168428,0.0007959314535004314,-0.00022501487017384525,-0.0004219905833228732,0.0004045928960352829,0.010686176000131109,-0.0005875285974431543,-0.0055998012248109075,0.0,0.0,0.0008807447620243214,0.03395574524211814,-0.013773765660553994,0.0,0.0,0.0,-0.0010896963070918808,0.00030131794926430144,0.0002007138829285271,0.0,-0.014348805981058976,0.0,-0.0040060010253145095,0.00014289192736244294,0.0,-0.04744303850957893,-0.017988624042001966,-0.006432205498943244,-0.004924870069129339,0.0,-0.0015251327251016855,-6.885778852211422e-05,-0.006924091073084893,0.0009299995285000362,0.001909822253827187,-0.0011275712639357005,-0.002131578447742921,-0.0009265884746596509,0.0006623269833741507,-0.003743629545374827,0.0,0.010996357657348688
0.0,0.0012117454125267768,0.029856410026344538,0.023418132391324953,0.028511015152932806,0.008595248500190056,0.018859731459847373,0.06736872745940614,0.05324500486423761,0.014529331078282692,0.03902956440842309,-0.003311211903962219,0.004825798798876346,0.020806760375351174,-1.1102230246251565e-16,-0.00013947573663847246,0.0012926772814002008,-0.0019071590491968604,0.0,0.000353863616960326,-0.00033577795128875154,0.0014058834512709062,0.047752463822240465,-0.0002678146811537774,-0.0015998734921318647,-0.0007252531554900465,0.005550834239900493,0.0072326420271533465,-0.001191472691044304,0.01066156864785095,0.0026348634358756007,0.013871932132629106,-0.00043510036211408254,0.002924193374042039,0.013371106971891922,0.02460004870283572,0.01724861432886815,-0.01764068340036351,0.0036806146428953745,-8.880907399011484e-05,0.0038527570425402335,-0.001690336616800514,0.050112323644709966,-0.0014886246995801655,-0.00016311373345834213,0.0,0.0,0.1100423786555289,-5.551115123125783e-17,-0.025431016791779892,0.0033701645739958597,0.02160943965248885,0.032275372966377947,0.04154862137369897,4.284080363353704e-05,0.09241696872895622,0.0008751228196011152,0.014863280817402402,0.034860485570173294,2.220446049250313e-16,0.0,0.0,0.0,0.07836900685751191,6.079021974569887e-05,0.0,0.00011431382392745881,0.03936922061200765,0.0,0.0,-5.551115123125783e-17,0.007937572475242516,-0.0009018022983069418,-0.002174834275128379,0.0002095778239302737,0.0003669065753492129
0.015954750374949866,0.011441135463077512,0.000509951981871648,0.000560030871649797,0.00402320748160917,-0.00427653946571227,0.015569803101982582,-0.0007984526370042877,0.00029189395701761933,-0.004984991187665377,-5.328912091573379e-05,0.0024832073712164338,0.015457432145753514,-0.0006445252930052381,0.011082292064238719,-0.011968591854736088,-0.003928630350130746,0.007437401013092371,0.000353863616960326,0.0,-0.016910167402247545,-0.027017263490014487,0.041215360830494985,0.06722529509971625,-0.0007840576341990868,0.02347318492228201,-0.003955955208304662,0.021408051163821662,-0.004239988058707733,-0.04813660822602306,0.013440056016325419,0.03140642565377916,0.040748878498122865,0.016387865616108388,0.01777500219798367,0.0015246086741887988,0.0004567055944290077,0.00565037424712711,-0.02132742588144393,-0.005024074557787195,-0.016779897271646693,-0.06483193816888583,0.0032507517835123623,-0.0007193108607144727,-0.0004565800899155592,-2.0295929056002304e-05,0.0024128396512340666,1.017929760099845e-05,0.0,0.0,-0.05283552591483287,0.0013293317514239122,-0.01132734494471943,-0.0012172529456929149,0.0008036943077626146,1.1102230246251565e-16,0.0012225880770480035,-0.0028117551777236405,-1.1102230246251565e-16,-0.04470567338941983,0.004250055022276378,-1.8641011631737037e-05,0.00190772818674817,0.0,-0.03191905692195601,-0.027246073568825135,-0.03888323290782253,-0.03211336089200045,0.0,-0.000239964524214209,-0.012507795313155434,-0.024608163288202645,-0.006687235396079072,-0.02762453100767598,-0.0009289463978032209,-0.0078362990614535
0.018211333309378075,0.009317213702928928,-0.002115311990452451,-0.0001616744089688038,-0.0011205772100070788,-0.004355262679883565,-0.0008457028012979761,-0.028398987188184843,-0.0013337814698281547,0.039180838074811486,-0.00011492095101961475,0.024026830287239842,-0.00788815083075195,-0.015505804722662775,0.004383078168089027,-0.0052857224159230665,0.043006244129275895,-0.008824725414474821,-0.00033577795128875154,-0.016910167402247545,0.0,0.013129553965413099,0.005386708567452381,0.04153496479817825,0.015144553876827338,0.016456828571770388,-0.011901679297834977,-0.023762828226872312,-0.03392308547393447,-0.03737449355645539,0.007942364885652198,0.018358568132063657,-0.014162513100042795,-0.0027803275267342387,-0.02042033159115081,0.02231980702207398,-0.0004223840673100443,0.02642878333195353,0.008200749536707241,-0.003980399786368549,-0.02016976463941106,-0.011361661440401627,0.002823974475224089,0.0,0.0,0.09680740488925516,-0.0003597605987937791,0.001975428630692555,0.0,0.0,-0.03028081088093848,0.0003011400227587724,0.00884868478874351,0.0011669291495196021,-0.0006370705320908332,0.0,0.03779343941439184,-0.0053274168957651025,5.551115123125783e-17,-0.012607221029848681,-0.00549112678237873,0.0,-0.0004889939162824319,0.0,-0.0350111673916908,0.06584687168148351,0.0010975207050638036,-0.014194130328867016,0.0011211475642435298,-0.021508618811276137,0.008490836492200726,-0.016821502816950662,-0.0077612851751242,-0.030245204440635554,-0.002509500271099696,-0.005125400002852776
-0.0021065406797534103,-0.0062534559321912875,0.013252168338889536,-0.007753323980880411,0.002108722239167693,-0.008083676378294435,0.022456064354824112,-0.032667620623964,0.0026951269211398787,-0.007512934087478718,0.0003828929296168515,0.0005548752142412461,0.017763752549671996,-0.0005849578008455536,-0.00012079780669482787,-0.022042315250629385,0.004333457524062334,-0.00313935183318792,0.0014058834512709062,-0.027017263490014487,0.013129553965413099,0.0,-0.01287910371026707,-0.0008324266514720957,-0.017507154129450253,-0.007589311040159863,0.007851013810727447,0.03240098280191567,-0.002102892518358712,0.0596462386381465,0.01874664838618073,0.03583942781341293,0.02582392581398557,0.011705361788717394,0.005014529813634094,-0.003482636464055222,0.012118029503617012,0.004879914209354075,0.006828049404320802,-0.011421529465806657,-0.008712456143628866,-0.0056836271763000545,0.008162095734770503,0.00013325492181748277,-0.0003804190561481624,-0.014982224743748718,-0.0061247023772105225,0.00027418852449462294,4.941742034081376e-06,-0.00013379807204283445,-0.0253948351014342,0.003366629488034345,-0.03782765910053004,0.0005735979850033379,0.000626897791545622,0.0,0.0010439875000144982,0.0015497939484009349,0.0,-0.02869985686264165,-0.007904109165048967,-0.0008773114568397244,-0.00019054770288445821,0.0,-0.03914606971897849,-0.008502895062896365,-0.011496386275642145,-0.048260756002368954,0.0019851110900210855,-0.030914668769921605,-0.007410186984609102,-0.026340287338496693,0.0012863881615131079,-0.04018937850499876,0.000521218386180855,-0.010541946577762362
0.022900245311178846,-0.017786955307742935,0.007414314129191746,-0.012826924862745337,0.008234283162551315,-0.005041001697167924,-0.0016208947746049196,-0.015397427150259324,0.03250784095235426,-0.018574466790601707,-0.06406079012148205,0.031895851502055095,-0.005811852288906572,-0.02301938482354632,-0.02299728332992207,-0.0050895326882686165,-4.915259564630681e-05,-0.02483658296137875,0.047752463822240465,0.041215360830494985,0.005386708567452381,-0.01287910371026707,0.0,0.024041004657968768,0.007344652668181018,0.012532261682442092,0.007992308816150706,0.002239295369546923,-0.027173143274164258,0.0012129066085505014,-0.01056520199019223,-0.00422970300132991,-0.01785853481750921,-0.02047514288925445,-0.023938316650500113,-0.013522422833249892,-0.02029422444139367,-0.03043938802050844,-0.017660533856012406,-0.05281700642876841,-0.029668708829575507,-0.024031326899642935,0.020258798885534224,-0.002180444783663249,0.000782020779012238,-0.0006540737232190175,-0.04303691487205863,0.04252528614075857,-0.0009134202371089972,-0.003675179873488532,0.004195879846739969,-0.0037457915600076497,0.0067784724642490635,0.016340609934599848,0.00221061758612201,0.006553174551777952,-0.003216710542707002,-6.182824540679199e-05,0.013504126231629665,-0.049980404986235516,-0.03339211862898683,4.534632237063185e-05,-0.001324784050483474,0.056932113008504315,-0.029659279464835153,0.0059666204905270415,-0.03877160163943516,0.012582562998657676,-9.117745219461293e-05,0.002766083879859993,-0.015316168244373318,-0.01964880044264561,-0.0010875619731378627,-0.014962232679356202,-0.03043747648623424,-0.010132478887244778
-0.0014699483726688944,-0.0672401194863817,-0.0018762390893577452,-0.0007783012648276411,-0.002907660774143672,-0.0010030508998097876,0.0012865223164279516,0.015549542081164991,-0.005488891434236254,0.00866162244101143,0.015417941858895223,0.010182697927411277,0.003413599088693542,0.0035622945512915893,-0.003874499813326604,0.04875256003127648,-0.010416747834311457,-0.010087690106159675,-0.0002678146811537774,0.06722529509971625,0.04153496479817825,-0.0008324266514720957,0.024041004657968768,0.0,-0.020154884663212025,-0.0119916875310343,0.03328058760880065,-0.019347293388370546,0.03391895635013126,0.0007736450989591637,0.008336716497379382,-0.021436011800529176,-0.023775469907313856,0.007793092434034532,-0.06315743907181817,0.06230486952518166,0.002273731475138374,0.014426873806624274,0.058772962570312726,0.043417494331889905,0.03787572988338411,0.0075204062226171264,0.0006687324711912024,9.755876060030255e-05,0.04116740724390233,0.0650224698352792,0.001148575105312133,0.0,-5.551115123125783e-17,-0.00017910966581685672,-0.00010329851004403645,-0.00034101729467200803,-1.6653345369377348e-16,-8.867499942399881e-05,0.0035816190631208222,0.0003263734874401347,0.024973443251362526,-0.003155906981763268,0.0,-0.0015342548943286793,-0.009610094782135148,0.012445184088736405,0.004495708902282014,2.182676614947976e-05,-0.0006811087507684332,-0.0009225772006261623,-0.004412568798044025,0.0006223755743942627,0.017092483925741808,0.009039142518510568,0.021853599395129486,-0.00011606768303817905,0.0032980256008806053,0.0002304903272929426,0.0,0.023400617964879633
0.0128632288990429,-0.012649024232259387,-0.005506507762264801,0.0006635937497707078,0.02201407819146267,0.007763509592130513,0.02840266566901456,0.03935583649393015,0.007566354132960584,-0.00027195459180390236,-0.0022089250145790884,-0.003972752734933305,0.021520043177928216,-0.0004085811809894091,-0.01601662533666731,0.006970955954595903,-0.02443505898749715,-0.004143383533208422,-0.0015998734921318647,-0.0007840576341990868,0.015144553876827338,-0.017507154129450253,0.007344652668181018,-0.020154884663212025,0.0,0.006451697115457011,4.986504858889296e-05,0.023220053454988343,0.009397102182215122,0.044805363782885854,0.004290185559068849,0.020017304949882908,0.013073925414218923,0.0075180141165117065,-0.004186802403403023,0.0007417471581017687,0.0003429240393783006,0.019746592738673963,-0.009959435505469516,0.007446170172416389,-0.00968747015131649,-0.02534235863075096,-0.0011115087973632698,-5.551115123125783e-17,0.0018496348437235244,0.026548195508793615,-0.028414159791474713,5.551115123125783e-17,0.0,2.220446049250313e-16,0.0019415218659216693,0.0010024221508644349,0.0010595010878859945,0.000444732849379903,-0.008982468693991719,-0.0003165995436790192,-0.002444056131046146,-0.0017285141046067265,0.0,-0.0550992587792018,-0.02794657361774705,-0.008663894560219931,-0.010487416367899849,0.0,-0.05351130141958782,-0.03360067244947079,-0.019815095365220248,0.011617391251772635,0.004059995896732338,-0.00582079253682255,-0.0038014460791736537,-0.0009898496605895146,0.0007118135726114083,-0.0023484393148840432,0.0,0.018281430237380936
-0.008058113267861655,0.013636615405838715,-0.005651997461112834,0.001239867652923221,-0.00671569130738775,-0.006231397281435125,0.02734327571708156,0.018363482876415094,-0.0030478147422858815,-0.006963565430016583,-0.002046213301003519,0.0027547294009788725,0.034633591136786435,0.01527902690145938,0.013604952891980271,0.005305263590732967,-0.003254748057030521,0.004747611662148599,-0.0007252531554900465,0.02347318492228201,0.016456828571770388,-0.007589311040159863,0.012532261682442092,-0.0119916875310343,0.006451697115457011,0.0,0.0031671356207363943,0.024224397086956118,0.012389610161930409,-0.0014913925803251016,0.015860748878451625,0.027352550966993572,0.009188484200676583,0.011984893197963475,-0.008405052828243165,0.03665159208275287,-0.016935859953686627,0.0012326838976768895,0.010301998671448487,0.0009302433801445242,-0.008458880952843917,-0.010503771075031254,-0.005539343493298987,-1.1724634540244416e-05,-0.003812158195373727,0.02788729115951194,-0.009955738880011222,0.0020149437862941877,0.0,-4.128986494189579e-05,-0.0035488099117986227,0.001932801113795346,0.0017806993796594672,-0.0019372461395628093,-0.022065305262398693,0.0,-0.009804282037755407,0.000771325799504452,0.0,-0.021156271694853124,-0.020638931436222585,-0.008786771607123656,-0.010678689845768419,0.0,-0.023026615563751907,0.02471920125226723,0.002182447283258393,-0.03342180597213035,-0.0024542121458804855,-0.00725358037019086,-0.00985678928190048,-0.008624148546001631,-0.003211304156464978,0.02644301498097512,-0.0004203088440433711,0.013755812352509444
