0.0,0.001111803744198836,0.0017992771721325185,0.0,-0.0027700808088121365,-0.0030866320206103803,-0.0014892275859254012,0.05801975847954144,-0.0035970637461581467,0.01153983433298389,-0.0019477426235383621,0.002276069145588866,-0.0025715013548099352,-0.0006164163355775187,0.012861822280717528,-0.015548681445260282,0.006996111851995279,-0.04649967710747288,0.0,0.07619539333602876,0.02306176418236422,0.03725980484119218,0.044155607072386804,-0.033611029925257774,0.01566659405537507,-0.005383103755716434,0.07028135597516455,-0.0003043079031760376,0.051795917078855946,0.00016231459385201985,-0.012454992240744367,-0.012865208005194861,-0.04579129017848255,-0.015639688740758273,-0.02445219115540942,0.0008307187725997145,-0.0010024629067954538,0.0044332702970876214,0.04209341759346469,0.04537077597155276,0.030573462752138958,0.0145928461917188,1.4969361392336289e-05,0.0,0.000906926954586329,0.051986385771199295,0.024209547524115194,0.0,0.0,0.0,0.0029402940196692207,1.1102230246251565e-16,0.0037985783240892523,0.0,0.00854913773149496,0.0,0.006518266128710926,0.002687328844412029,0.0,0.00017412449470016744,0.023650992721686193,-0.0005471101175288373,0.015422153456258803,0.0,0.0014069602097567802,-0.01397247206724378,0.02239542997022198,0.005574723190470254,0.05669375533077653,0.017813638131691012,0.02166396485976302,0.0009464360439835895,0.0004402633934468825,0.018988745077475,0.0,0.02844541445845772
0.001111803744198836,0.0,-0.0009974886695528484,-2.151757840307411e-05,-0.00898297987082558,0.007745741404062423,0.016118279149507586,0.02787503197573088,-0.006972300203406778,-0.00791589870848225,-0.0005515215790254935,0.0009695610447325032,0.026680932677133007,0.0006731802619459604,0.01833642014397696,-0.015061276240381838,-0.03513548922053761,-0.029655696357971773,-0.001953821048933879,0.010476689999331767,0.012709503182495252,0.00915101779729438,0.03645978936793398,0.00030344455511677193,-0.015228752068593976,-0.0045949794850190795,0.012868405457725385,-0.0004748332672394051,-0.008837225163290552,-0.010947936939310343,-0.004759135473277998,-0.005676743498721881,-0.038999316869384404,-0.001984544194595095,-0.009566249911748481,0.004843165275137673,-0.0009732388844024276,0.0,0.018996581453512185,-0.00028515202064305356,-0.0006010858205430791,0.023672774043632328,-0.00030970831115367803,0.0,2.220446049250313e-16,0.013391675903611344,0.0012643441084472795,-0.0005889917880655959,0.0,0.0,0.007356390072568775,0.0007359434203790816,0.002668469659009187,0.0003032589792468232,0.0010454770572557726,0.0,0.00034665272948225523,0.002381034223024936,0.0,0.004771845521708895,8.710041963394533e-05,0.0026944407927032565,0.010985694353216613,0.0,0.009519766070612667,0.016730124763903398,0.0181203644026231,0.00919344319937676,0.0009469778156231401,-0.004833132110031446,0.0069669326751811145,0.0075598707823937294,-0.0020483105332188,0.029579953757055744,-1.1102230246251565e-16,-0.0015717313910217912
0.0017992771721325185,-0.0009974886695528484,0.0,0.06067945347250081,0.004530380134321554,-0.021240878893027393,0.04141504623193848,0.05514629924464459,-0.02557379097201895,0.005371670821373076,0.012637294292235812,0.0067621403747877284,0.048039300948259034,0.05609650821997364,0.002022768301352562,-0.003699925661291792,0.0013869707876983384,0.0021248062126975054,0.05075143359731238,-0.001111318180360532,0.0021386574099864775,0.0005596765819463889,-0.01077958346440322,0.0003746657669779774,-0.0024184511966483524,0.0009000354949173506,0.017331581997523937,0.020613672452481913,0.010245862278423556,0.007049421083641871,0.02389059322192827,0.022160141818352352,0.0018400249733546703,0.01848000745250805,0.01387309223530342,0.05456312518397538,0.010048206453442121,0.0061978263500881425,0.013862597425231993,-3.0657904875885933e-07,0.008714192712576119,-0.0013900028990896929,0.04235014423878136,0.003708547527992545,0.0,0.0,-0.0009817965961710917,0.040776083150964815,3.3621585810994503e-06,-0.08558874663365867,0.052531461291476456,0.017020829719037733,0.07297312042377468,0.055551037308505524,-0.0020301315617726745,-0.09920901743941823,-1.1249459957229924e-05,0.012494461457899564,0.022397351618763883,0.00015127213155269326,0.0,0.0,0.0,-0.12289079335509406,0.001536400453639175,-0.0004414513635171424,0.00017572523241460303,0.06018696525334555,0.0,-0.00011808856069434048,0.001833720566414343,0.05996961903996467,0.005635416949653083,0.006331090285621732,-0.0003204711815316674,0.009385347541234434
0.0,-2.151757840307411e-05,0.06067945347250081,0.0,0.0633020874861755,0.013285463581959867,-0.004294402538757791,0.04895065466165127,0.0695408681158523,0.011115241009420629,0.015574445369723855,0.00371782960392103,-0.026862492745790167,0.008734343839099601,0.002052663593275772,-0.0012573834092616254,0.0005202293822703652,1.5310224616260637e-05,-0.0033904103116150774,0.025666692661633073,-0.0007937682754616815,0.03661726979072194,0.04621935381753173,-0.003747799029803711,-5.364579112471235e-05,-0.00044103516433635637,0.03529252833579172,0.008269767153983004,0.0023271144735859672,-0.0036961417863813906,0.0022888711238654436,0.020385016833298242,-0.002204236869703835,0.004388945429239566,0.029201249380210348,0.007658073126901366,0.013332294849543513,0.0033074182441203415,0.00011394311071333263,-0.0007758306079013733,-0.0004925556348002735,-0.00032645042398327107,-0.0009496872096868558,-0.00135557066012576,0.0,0.0,0.0,0.0013758346376392394,0.0,0.0,-0.0001500889582552456,2.220446049250313e-16,-3.503948773903032e-05,0.00016403778983647976,5.551115123125783e-17,3.186350095163437e-06,0.0009564308208978578,0.0007620038286628716,0.0,0.0,0.0,0.0,0.0,0.0,0.0,0.0,-3.089428947433692e-05,0.0031283302823206793,0.0,0.0,0.0,0.0008926207960198163,-0.0035704808993957116,0.00122167376083393,0.0,0.0
-0.0027700808088121365,-0.00898297987082558,0.004530380134321554,0.0633020874861755,0.0,0.018985972055150402,0.030301263488793972,0.04078586929999928,0.023273896367059455,0.050382968768592606,-0.00044859051033402375,0.01114829877120449,0.02844907318513651,0.015121477432038621,0.001119368845664881,0.006097709075161883,0.0017110999241343183,0.005535505384390682,0.008771447235214724,0.012586780727522562,0.0004931164441345781,-0.003985015253288593,0.006364400000586745,0.004533783356124588,-0.023269347743485158,0.0008360478218211176,0.01673946984864977,0.03525399366523335,-0.013276950799330833,-0.0016368365871030077,0.014439735200513892,0.027571200832310183,-0.0017313832016048192,0.015274900470688302,0.02738778046134216,0.047949123598148014,-0.09230019861664843,0.014501886349707616,-0.0030888577528144223,-0.0007267031211736219,-0.00503658724316336,-0.0015765793376972814,0.046865101580328694,-0.0032163448552707252,-0.00013505143283759624,1.1102230246251565e-16,0.00015063107152191169,0.027938601208006175,0.0,-0.004112686552042277,0.027321007572292055,0.001729337079502069,0.0014246349389167023,0.009143811273472857,5.551115123125783e-17,0.002263168798693427,-0.0005062819712704503,0.00031828514638443384,0.00296390619294834,-0.0007527486701326969,6.138123435084353e-05,0.0,-5.551115123125783e-17,0.002907362588258522,-0.0016701798894069864,-0.0004105699130857454,-0.0005580228201870763,0.046035679895467585,0.0,-9.829294460306226e-06,-0.001669061872709321,0.0027018501887103863,0.00393894037402065,0.003616748121707758,1.1102230246251565e-16,-0.0005823549633721115
-0.0030866320206103803,0.007745741404062423,-0.021240878893027393,0.013285463581959867,0.018985972055150402,0.0,0.027240573478448493,0.02617674264999509,0.01849730872860411,0.015101647997525725,0.028150246212738483,0.0038463030638492546,0.029441773773658808,0.05071361849106493,0.026535849630032637,0.0026024085091314597,0.011430021031100468,0.035710998480684375,0.049883283649286625,0.01801814651940048,0.05432797594470273,0.016049115169312456,0.011552639972843337,-0.0018444733264341706,-0.01419433346106519,0.005535903794795127,0.010289215237224592,-0.004742882536461102,-0.0016564455265186129,0.018801087673632477,0.01958417365624099,0.025746444194236273,0.04455997593673666,0.018643123373092374,0.0049572479229717525,0.02300896087055776,0.017684442677733225,0.01446974356650943,0.06723153003519455,0.0013510188438330961,0.06608187938731125,0.00053159952616888,0.05147033684028579,0.0016873290386867357,0.0003333073294821687,-0.0017476906531923575,0.0005582548251821251,0.025840160084151464,0.0011296298958430873,0.0018267590551891422,0.025233723354447235,0.015908469816942328,0.052880983635151146,0.032894616297400536,0.0013194928969866848,0.015753300532504788,0.0015695375280251889,0.04111666905988509,0.005537981253134039,0.009294559346189724,0.0006605793064430321,0.0,5.1987481217430354e-05,0.009941424800860688,0.07864047559705767,0.005777731611845083,0.006256863007930602,0.044864480529341055,-3.248768182639861e-05,0.00035436474255728934,0.0028580153978648437,0.0378045874351165,0.04618286679923572,0.05267179550607509,0.005855120841818773,0.04325363574735247
-0.0014892275859254012,0.016118279149507586,0.04141504623193848,-0.004294402538757791,0.030301263488793972,0.027240573478448493,0.0,0.05893411884362787,0.0338516558367718,0.009278136992618702,0.0030373186704051314,0.03044507723325801,0.03679871437313814,-0.0023201586286816234,0.0023980975797087134,0.02542404860020453,0.007804476361047141,0.022359424409441997,0.010327674321120417,0.01579469059957117,0.0013964585159179643,0.03010680156449652,0.03993082215697269,0.0047046085410022975,0.014908505347736467,0.016033419300335194,0.029495183942692627,-0.029900133246825666,0.030782612751185212,0.00017359170103198318,0.029900305945105954,0.03824618615244413,0.011580481343262672,0.0013193579198306216,0.0012431180604540182,-0.008845914547392475,0.005071066779493205,-0.00320160748201459,0.004326250121169883,0.0010350251169750635,-0.00026708078513176803,-0.002063460145446616,-0.0013451766204841675,0.0036604508948775982,8.906844588951746e-05,0.0,0.0012027537413010214,0.05026788224821832,0.0,0.0015908917569906755,0.014638205585886244,0.006922008551126235,0.06862386273622978,0.004083678055773476,4.421054418213277e-05,0.0046944504699999445,-0.00025007548902206134,0.0035839605441286837,-0.0033610677755911977,0.001313848480026969,0.0009096920041278822,0.0,-2.2189125469029847e-05,-0.0011014581103649945,-0.00045222077887674406,0.0004959336516124901,-0.0007830078796395856,0.05886893658053399,-4.7231686833792974e-05,-0.0006988503500519605,0.002376372192681331,0.09506243526729313,0.003805534908910002,-0.0006777532123749541,-0.0004304751123449524,0.003762703506316023
0.05801975847954144,0.02787503197573088,0.05514629924464459,0.04895065466165127,0.04078586929999928,0.02617674264999509,0.05893411884362787,0.0,0.0342425662984418,0.0002679597632867514,0.05542821628375927,0.004124842297242803,0.062021334441224596,0.061935101107355006,0.06268892420216998,0.00496034031362852,0.0004106258304588106,0.006869855564790361,0.07480822977499335,-0.008263246035698113,0.06487896292000667,0.00543414253300456,0.04711523472989815,0.036579840795030516,0.006620701858877309,0.007711159295074321,0.03641897439776581,0.029927031929848746,0.029297707287898656,0.05038936774697411,0.042045749413682554,0.05225177247513485,-5.9093335064375196e-05,0.026434497114489697,0.00507707792427281,0.018351142574652146,-0.15055755090208714,0.004258572202776478,0.07230467618169673,0.0019939341618932516,0.1491863050424292,0.011124810189621137,-0.010693597008343547,0.0017075224799102395,0.0,0.003539030558549483,0.002123675314751383,0.0017008822380794042,0.0,0.002675510795227709,0.020654399301452298,0.028729995808129904,0.015520386497279492,-0.0028185952481536436,-2.377082048915513e-05,0.012830763729899386,3.868190668310234e-05,0.033190026297113207,0.03306648427568515,0.08880511550347148,0.000527041074419532,0.0,0.0008297758406919375,0.014802407890191494,0.08452926940591193,0.2054318267387676,0.003230174777152983,0.016200531835625864,-5.551115123125783e-17,0.0018247945900647933,0.004605564940314277,0.03995245986423224,0.040342642235620396,0.08469435673879527,0.0013302474425823663,0.054173953245695905
-0.0035970637461581467,-0.006972300203406778,-0.02557379097201895,0.0695408681158523,0.023273896367059455,0.01849730872860411,0.0338516558367718,0.0342425662984418,0.0,0.01888100602963938,-0.0170687735240877,0.015328525609210553,0.0020632514916963385,0.025102665802951896,0.0024776171020153837,0.005345629497650717,0.003147165268927221,0.006845380143890301,0.031803547723447845,-0.009515931174414738,0.00016208279661511504,-0.012234323992201535,0.018908991980994883,0.01184947188131008,-0.0011865115987227393,0.005343560834277006,-0.014322766725598679,0.0057965088994227365,-0.0034239593813983893,0.003119360594081022,0.009222805329404837,0.010561873341059513,0.05003895172179845,0.005276687574392924,0.0038556666860795064,-0.0003892204774999519,0.02078790097914912,0.02303356864209888,0.01147232382604596,0.0025160951906997853,-0.0014220819506378102,-0.010301559739222033,0.03383757556888567,-0.0029692298974518527,-0.0001469814189151153,-5.551115123125783e-17,-0.0002939268251804239,0.023623154553885972,-1.6151967471289552e-06,0.0070180307464806635,0.011228285728173915,0.006514639642840936,0.053967004052107415,0.01340905810512405,-4.729800428837638e-05,0.013135176512413027,0.0016501531637358458,0.007418145674939813,0.03335151014525983,-0.0004696605224889794,-0.00025326524164509534,0.0,0.0,0.011708991603354924,0.001035674629245531,-0.0013044494024421205,0.0005051896713811344,0.03909374533458365,-5.676559100886713e-06,5.37689437885569e-05,-0.0014834809213161715,0.029393858204036616,0.0046251071747580585,0.00042233019563986396,-0.0009212525201263144,0.00707254673973412
0.01153983433298389,-0.00791589870848225,0.005371670821373076,0.011115241009420629,0.050382968768592606,0.015101647997525725,0.009278136992618702,0.0002679597632867514,0.01888100602963938,0.0,0.019147180751759363,-0.010236991784117244,0.01619972573942613,0.02534208082625411,0.00298556812784867,-0.033090189868672015,0.0004980552615820311,-0.009411625595014905,0.009731322054312541,0.04557727610432516,0.025230114763776845,-0.025441586410038353,-0.0021560004826792767,-0.01625287305837786,-4.925212471146301e-05,0.004171646715225963,0.009456196299524822,0.02277998836682782,0.004705721927976081,-0.0017969859694683121,0.006960055934822684,0.03902111913543577,0.007275757258897342,0.0028100945534724753,-0.03892821092218696,0.035337502408794574,0.020128686001774587,0.018526020216968253,0.06686226978565485,0.021489605848133697,0.019607297267937362,-0.0051642900504857425,-0.0034039657256343947,-0.00012550574723707575,0.0397530875682372,0.03214401213193713,-0.000768277670471551,-0.00016737059700377976,-9.171310885458528e-06,0.05224845138040757,0.000738872438484306,0.0047412130246290984,5.229430550257597e-07,0.0005085385765459249,-0.0018595087194321902,-0.0008701092313097569,0.010235384462039088,0.04393195611080758,0.0,-0.0002094389175177347,0.0015538502713552393,-0.03230292597288176,-0.018056096752598005,3.014657948330335e-06,-4.898057383151411e-05,-0.00026349589648161365,0.0011540803153836099,0.00017059801447050216,0.01660098760985701,-0.02879526913717284,-0.0035237215790559495,-0.001978819176428781,0.03569811951886659,0.0017849810694970936,-5.551115123125783e-17,0.004463255019795054
-0.0019477426235383621,-0.0005515215790254935,0.012637294292235812,0.015574445369723855,-0.00044859051033402375,0.028150246212738483,0.0030373186704051314,0.05542821628375927,-0.0170687735240877,0.019147180751759363,0.0,0.022809302902350226,0.0076923563857184685,0.011611243702141893,0.0,-0.0002346781304787826,0.0041705228239991565,-0.020689720670714784,0.07384836298731517,0.00013204311673892244,0.005846020742381719,-0.00038253980683294886,0.041748624898170605,0.03735466903670659,0.012525620202811005,0.006986110669319201,0.040766882993363396,0.0025157790674397162,0.0023585439739125524,-0.0008807890148079811,0.02446835703081257,0.02391829538968565,0.04698674925441154,0.014050954239156976,0.02396039593375643,0.020250072645359718,0.024137836485207176,0.023170195668430482,0.011618207536536473,-0.002027814770057146,-0.0019355298494698192,-0.00040452275681729377,0.04174006305910549,0.0010318335264282719,9.520770022725111e-05,0.0,1.1102230246251565e-16,0.0007922452942724645,-3.1276314627071145e-07,0.003147442941328238,0.053837697596209044,0.006815728638243035,0.01653705147173512,0.0645992422792902,0.001760718863431654,-0.13389037224663805,0.0007939757403093162,0.003138424798863726,0.06529971078202701,5.551115123125783e-17,0.0,0.0,0.0,-0.1453833434073801,0.0008190305400442854,0.0,0.0004407618414425385,0.06375562996126283,5.551115123125783e-17,0.0,0.0005422967360236841,0.05596680330688614,0.00784154036078949,0.00039603161640372475,0.0,0.0019478019403295632
0.002276069145588866,0.0009695610447325032,0.0067621403747877284,0.00371782960392103,0.01114829877120449,0.0038463030638492546,0.03044507723325801,0.004124842297242803,0.015328525609210553,-0.010236991784117244,0.022809302902350226,0.0,0.03202602264376608,-0.0007203946913207915,-0.004065904629764028,0.0010806522145559438,-0.02533794565013825,-0.028909904148652354,0.004572742134103858,-0.00027296059200054845,0.0016701711993855062,-0.003675367599837387,-0.04174191546609196,-0.005079329870991245,0.00262505637874777,0.013735018618342254,-0.011376675590066165,0.0418753136628483,0.00014592277975350454,-0.0023791137562571563,0.01775586482865854,0.056667921340073146,0.03237314956976972,0.03842243919932581,0.03896484223591595,-0.04111606690136238,-0.046743387278242565,0.018141045057811833,-0.025043358266327753,0.041856546458982014,0.05500035893560301,0.0009557534522084965,-0.0003199379556827475,-0.001511291615473087,0.054694888086628535,0.022227453251199347,-0.0006142260307404057,-0.00015176992261661804,-0.0008701650068751177,0.12259312141609185,0.00020854403298653512,-0.00064515142877003,0.0001615622335781608,-0.00012778547867575707,0.013588099160073919,0.0003382713836132534,0.03177289178227305,0.0508467685041043,5.4435130697749745e-05,9.585439537440621e-06,0.002082899030109775,-0.022265609643204065,-0.017893765117858507,0.00046186659266406194,1.0086902122841135e-05,-0.0011957556775755718,0.00021847079334719188,-0.003552521554605448,0.03266683672133536,-0.015357920094203503,0.01700093355273047,-0.002355607215382416,0.05641725137147274,0.0005308796287999962,0.0,0.011971477596779967
-0.0025715013548099352,0.026680932677133007,0.048039300948259034,-0.026862492745790167,0.02844907318513651,0.029441773773658808,0.03679871437313814,0.062021334441224596,0.0020632514916963385,0.01619972573942613,0.0076923563857184685,0.03202602264376608,0.0,-0.010831170789447508,0.009184477021972615,0.027062966638804975,0.009594483432236178,0.015368848283635828,0.020069486268925296,0.012885515919153434,0.07412650356741579,0.02989067838589271,0.049588938427803986,0.017820451308710128,0.02030788856654414,0.01368247378147136,0.032137599136158934,0.02056123287739048,0.02028232321006196,0.013177386711187067,0.018128979276275436,0.019019806034988984,0.04260364382120546,0.0009669913620520831,-0.004064289992896819,0.016765654452156276,-0.002547440613690888,0.008093412279773338,0.0004741395979510066,-0.001157994987122879,-0.01587489054167035,-0.015434639853893817,0.005131231947860693,-0.004340152065639813,0.0009356721756103581,0.0009003238966634464,0.0010330336769439064,0.006684232942710366,0.0,-0.0008648528539129119,0.06212989768915317,0.005236049312571156,0.06797530629441706,0.0062633917495414915,0.0001848281968185317,0.006447000230327904,0.0016961894671162492,0.003562999191894345,-0.000875017379778853,0.002475856431238932,0.0022056420194006554,-3.7002152290910306e-05,0.0008022725919345497,0.0017044634312931572,0.002017948066695807,0.0021910120361151586,-0.00013473709627670472,0.06536411762893857,0.0008334097164547916,0.001266309201585214,0.004878209001539846,0.0599380197715772,0.006626853810327793,0.06648676692411931,0.09054428761489564,0.002554706745455604
-0.0006164163355775187,0.0006731802619459604,0.05609650821997364,0.008734343839099601,0.015121477432038621,0.05071361849106493,-0.0023201586286816234,0.061935101107355006,0.025102665802951896,0.02534208082625411,0.011611243702141893,-0.0007203946913207915,-0.010831170789447508,0.0,0.0011588055628583005,0.001558051329507537,4.202628613908521e-05,-0.00025609890087624487,0.04621460196726829,-0.0010418114297123804,0.007281926701472041,0.0012137590576121737,0.06084360241992204,-0.0019259197585721477,0.000984372698855318,0.0034711653429802536,0.056736176220658685,0.0327751685774485,1.5218792636106926e-06,0.0014993940426276664,0.0662361246501138,0.022984810419720447,-0.007937954166439498,0.011367439421377024,0.006619129218824182,0.013010922881935866,-0.004527382679329589,-0.00033350090793904386,0.010303388853440787,0.0,5.761874413551249e-05,-0.0004106465467462739,0.012866222917528147,9.002883274433771e-07,0.0,0.0,0.0,0.015166041299097821,0.0,0.006637017833067971,0.0023122470971499998,0.004592178451700013,0.01282667907681534,0.010242443222192865,0.0,0.017567102185149064,-0.0003442242484977265,0.004268044122002823,0.00529203818943591,1.1102230246251565e-16,0.0,0.0,0.0,0.011551353006389542,0.0,-1.1102230246251565e-16,0.0,0.01750152922075293,0.0,0.0,5.551115123125783e-17,0.004462538729323118,0.001684947208872467,1.1102230246251565e-16,0.0,5.551115123125783e-17
0.012861822280717528,0.01833642014397696,0.002022768301352562,0.002052663593275772,0.001119368845664881,0.026535849630032637,0.0023980975797087134,0.06268892420216998,0.0024776171020153837,0.00298556812784867,0.0,-0.004065904629764028,0.009184477021972615,0.0011588055628583005,0.0,-0.017070881133618987,0.0051351407629723345,-0.04270687345495616,-1.1102230246251565e-16,0.03614912328380643,0.034531142682210136,0.04653672316792917,0.06643641939476319,-0.006620440289535678,-0.027799058148334888,0.015469859145021303,0.028339370420834564,-0.004105739843890843,0.027741271761046737,0.03262798220756907,0.006898288345012771,0.01433742826930351,-0.01488110297027695,0.012754615040215411,-0.006659339911655626,0.012997530678801106,8.709283974689397e-05,-0.0003258597356196602,0.05664215719313109,0.04915094791451574,0.04316692192268212,0.05329295778172782,0.00019247280210804574,0.0006966425428651668,0.0,0.006272948161094971,0.04789684063940147,-0.001302746602649174,0.0,0.0,0.016021134152032657,-0.000829048760259965,0.017926372911997557,-0.0008306938836272204,-5.551115123125783e-17,0.0,-0.00023137530802047612,0.007974400007198124,5.1269878572623995e-06,0.06283564913231804,0.030493253695354494,-0.00014325502074463703,0.0017860308840225714,0.0,0.030315440610716227,0.04409890017878837,0.054653413414544105,0.06005160569373713,3.796341877426723e-05,0.008308263069701283,0.035436948194805806,0.06126563186054723,0.011441441906132055,0.056126667439458044,0.006264423649708972,0.04438716266294834
-0.015548681445260282,-0.015061276240381838,-0.003699925661291792,-0.0012573834092616254,0.006097709075161883,0.0026024085091314597,0.02542404860020453,0.00496034031362852,0.005345629497650717,-0.033090189868672015,-0.0002346781304787826,0.0010806522145559438,0.027062966638804975,0.001558051329507537,-0.017070881133618987,0.0,-0.044779595103807024,-0.018146121893479195,0.0003915305278086034,-0.01657236927058553,0.0015423723495159303,-0.014569727476441308,-0.010485617152465876,0.006264239377725522,-0.0032483150529118987,-0.04248815581413201,0.0044481005082123715,0.014713508226714689,0.004003306087798308,-0.02073537332759562,-0.017837899988801975,0.011114385368485857,-0.021728818011680695,-0.0063774274642309225,0.01283251887084369,0.0004109827360050389,0.0005608623051322481,-0.00010063202564242202,0.01011449153659949,-0.0008949055579788312,-0.005913359521071637,0.019132555543740493,-6.685200984679618e-06,0.0,0.0,0.0106272154775649,-0.015140735621715196,0.0,0.0,0.0,0.0023795334486105824,0.0004103658066905713,0.002713036224633092,0.0,0.0021446764588039513,0.0,0.0010874568665217854,0.002434011632156785,0.0,0.0075269107541179325,-0.0030064374983459485,0.0017162595667341018,-0.0032802861407049133,0.0,0.005826630860493787,0.011201681393997742,0.001496205740042611,0.00865226868493807,0.003055939829464227,-0.0054744742187171624,-0.0018107965892785738,0.006998171209894433,0.002992897976588804,0.004145867468372366,-1.1102230246251565e-16,-0.0033047939072189947
0.006996111851995279,-0.03513548922053761,0.0013869707876983384,0.0005202293822703652,0.0017110999241343183,0.011430021031100468,0.007804476361047141,0.0004106258304588106,0.003147165268927221,0.0004980552615820311,0.0041705228239991565,-0.02533794565013825,0.009594483432236178,4.202628613908521e-05,0.0051351407629723345,-0.044779595103807024,0.0,-0.017734457454848584,0.00029514903595684316,-0.04868092623800446,0.0011199857818550707,-0.03474231579529918,-0.0009721042736843821,-0.02169351931756397,-0.006966271682586067,-0.012043329056542318,-0.08376723744136277,-0.02011350067189438,-0.020231117923350694,-0.054804255615308106,-0.023722948150340317,0.0003361589986129454,-0.006425698583675699,-0.006682026065271074,0.017062209074936663,0.0033241462348875817,1.5085298416706028e-05,0.00810645493869927,0.0015572772726873962,-0.03972062746852573,0.0012013295807798974,0.00026045112247785607,-5.551115123125783e-17,0.0,-0.004100149079581061,0.0654590821482593,0.002399606903396856,0.0,0.0,0.0,0.0,0.0,0.0,0.0,0.0030152742736735405,0.0,-0.00718643367636379,0.00017991276449697002,0.0,0.00010421602534677055,0.00536451401086907,0.009187353588442804,0.00801121778422742,0.0,1.1102230246251565e-16,0.0,0.0001734665879136732,0.0,0.028493300029152124,-0.0032138111639966604,-0.013976682815891539,0.0,-0.00025533350300299684,-4.0288821121725604e-05,0.0,0.009447182753990147
-0.04649967710747288,-0.029655696357971773,0.0021248062126975054,1.5310224616260637e-05,0.005535505384390682,0.035710998480684375,0.022359424409441997,0.006869855564790361,0.006845380143890301,-0.009411625595014905,-0.020689720670714784,-0.028909904148652354,0.015368848283635828,-0.00025609890087624487,-0.04270687345495616,-0.018146121893479195,-0.017734457454848584,0.0,0.0012104724304088932,-0.0319195942505231,-0.0792000628014245,-0.03495805151416148,-0.0626159226313805,-0.010531414856384758,-0.003391973894190381,-0.031723282231346184,-0.0014192493759429547,-0.016366729646034694,-0.018901834648660076,-0.07553133783458882,-0.020052766548127376,0.00562480235187246,-0.00969148346220855,-0.008793571598320005,0.01970272288241165,0.005890536592138063,-8.026842695213476e-05,0.004537048693224355,-0.009423411643630697,-0.03427480264320126,-0.03344687522740952,0.005542994289276348,0.0,0.0,-0.0023445819315857097,-0.009647267540846605,-0.03054571376788401,0.0,0.0,0.0,0.0019964028977353387,-0.00011277679601506829,0.0022829511778539313,0.0,-0.006367005576866369,0.0,0.0038949651141435004,-0.00025702502457514154,0.0,0.003062611914518343,-0.026113918448930684,-0.030683070966333492,-0.05004083731178999,0.0,0.0017698553691505303,0.0018073305704077725,-0.05191904003845993,0.003555776915101949,0.027552546249914267,-0.04390618463754975,-0.03547803455112497,0.0017671179397485415,0.0008689663386428625,0.0051343296445025,0.0,-0.04446280280102699
0.0,-0.001953821048933879,0.05075143359731238,-0.0033904103116150774,0.008771447235214724,0.049883283649286625,0.010327674321120417,0.07480822977499335,0.031803547723447845,0.009731322054312541,0.07384836298731517,0.004572742134103858,0.020069486268925296,0.04621460196726829,-1.1102230246251565e-16,0.0003915305278086034,0.00029514903595684316,0.0012104724304088932,0.0,-0.0008299888859604199,-0.0010444501504461856,-0.001920200935939087,0.10027293245715102,0.0210553882952641,0.00078713943073766,0.0015912931943919961,0.05880471509345342,0.005131793511317151,0.003442064497410968,0.0014823558850728946,0.010058307498208852,0.023089858447695066,0.035162940176753255,0.010364312774688855,0.006026434995442698,0.03910130041910237,0.013161121793528796,0.01263395181461685,0.009395602029168004,2.8174215122911406e-05,-0.0040010662536999475,-7.215207869054607e-05,0.06033711561695104,-0.0024721196768572873,7.951501012071205e-07,0.0,0.0,0.12936888462809343,-5.551115123125783e-17,0.0006114356944196819,0.05741749524286677,0.002635481367218473,0.09139269628676383,0.05175715435652484,0.000362358617021441,-0.0287828645901963,-0.0003240171173800044,0.00014471653647107896,0.09126744058717867,2.220446049250313e-16,0.0,0.0,0.0,0.08292490350919157,-3.4680868770231577e-05,0.0,-0.0002727018648474022,0.06599737762787894,0.0,0.0,-5.551115123125783e-17,0.06197832062820918,0.005846158791664724,0.0018068511477157267,-0.00011956431543169721,0.00035968052315893395
0.07619539333602876,0.010476689999331767,-0.001111318180360532,0.025666692661633073,0.012586780727522562,0.01801814651940048,0.01579469059957117,-0.008263246035698113,-0.009515931174414738,0.04557727610432516,0.00013204311673892244,-0.00027296059200054845,0.012885515919153434,-0.0010418114297123804,0.03614912328380643,-0.01657236927058553,-0.04868092623800446,-0.0319195942505231,-0.0008299888859604199,0.0,0.04892706464970081,0.02290688001676422,0.09352748263490007,-0.0010803919197839296,-0.020611469272405036,-0.024326396177850595,0.005279934798979591,-0.034394277884365665,0.01882637874587717,0.05448230996341097,0.011254609621960288,0.036293070234391156,0.017143302311554698,0.03371146082406945,0.01543639657098822,0.012913130041599497,0.033590669532171435,0.017457311328124114,0.04579599009013113,0.03474406739699043,0.03734303412390161,0.04339086106871176,0.001165372735183412,-0.0042253404770524194,0.00011080622725501144,0.00027924870916667954,0.03177754491913343,-0.0014228196328073817,0.0,0.0,0.01445804021006808,-0.0014760188213656655,0.012212757681891173,0.0015895303324753307,-5.6190290383395514e-05,1.1102230246251565e-16,0.00036712379390713146,0.004430113934904556,-1.1102230246251565e-16,0.034031796491699184,0.00282813433861151,1.0634711979096156e-05,0.0023993332404055323,0.0,0.04759895846046325,0.04082808507971308,0.039501527358096256,0.03758778393351131,0.0,0.003135455340820714,0.025352337260064528,0.047050053257451374,0.011375050708902157,0.04361078786194389,0.0025178003024192153,0.0326252560787515
0.02306176418236422,0.012709503182495252,0.0021386574099864775,-0.0007937682754616815,0.0004931164441345781,0.05432797594470273,0.0013964585159179643,0.06487896292000667,0.00016208279661511504,0.025230114763776845,0.005846020742381719,0.0016701711993855062,0.07412650356741579,0.007281926701472041,0.034531142682210136,0.0015423723495159303,0.0011199857818550707,-0.0792000628014245,-0.0010444501504461856,0.04892706464970081,0.0,0.04447600828728743,0.049498913452743765,0.01664362725842361,-0.037136648282543816,-0.014759252052832739,0.04197243076971374,0.046768343231993026,0.04550583488409271,0.05670481935454785,0.025310676596232373,0.056557484962084015,-0.017099580030836392,0.03433164996170196,0.02322416119260412,0.012584486645750736,-0.0008747986758159132,0.0028429609846240544,0.08071329192834659,0.055266857440674,0.049307795831259105,0.06000228981473621,0.0013972634098650127,0.0,0.0,0.026131087430302125,0.03843723422135947,-0.0004095670128707596,0.0,0.0,0.04956482025883918,0.0008238835743499817,0.02760612429417908,-0.000579556072352827,0.000506620079827047,0.0,0.00018322496471845362,0.0497612656693287,5.551115123125783e-17,0.045826354051987594,0.013008029831324708,0.0,-0.00018766307131962146,0.0,0.08382179125542377,0.11596143700529626,0.03051825707195327,0.08800719909748195,0.002516678503854175,0.004194314235282326,0.01895469625002283,0.07886321697874199,0.013586213642647393,0.07587972173674495,0.0037233171447962343,0.06962113741680687
0.03725980484119218,0.00915101779729438,0.0005596765819463889,0.03661726979072194,-0.003985015253288593,0.016049115169312456,0.03010680156449652,0.00543414253300456,-0.012234323992201535,-0.025441586410038353,-0.00038253980683294886,-0.003675367599837387,0.02989067838589271,0.0012137590576121737,0.04653672316792917,-0.014569727476441308,-0.03474231579529918,-0.03495805151416148,-0.001920200935939087,0.02290688001676422,0.04447600828728743,0.0,0.0398578701381791,-0.0071249173021195045,-0.027429210956756878,-0.007696614474565988,0.013907845094131677,0.020083575310499036,0.009939543760817737,0.022880308793248316,0.01632975033209233,0.0005194623825210964,-0.007004863593002897,0.01633718808883544,-0.0036752142208911764,0.025975738931021564,0.04641150141357464,-0.000813107940647928,0.03925830463544844,0.010898689794586247,0.02640033825097282,0.04691928772732934,-0.00047748948860509843,-0.0005492908540662422,5.732546207615208e-06,0.032575979285204504,0.03403028684110604,-0.0019271899191877218,-2.819267765574729e-06,-3.51838553652728e-06,0.023267127933307485,0.0018279860509038404,0.0054334107153981015,-0.000505651064984014,0.0005237146760182498,0.0,-0.0011997799875724247,0.0009225183976109275,0.0,0.03204031205179986,0.013172424647773129,2.0310871994666524e-05,-0.02964352026827949,0.0,0.02745852642053681,0.035648582788657845,0.027638408412798965,0.04261320408748026,-0.00021339876048731554,-0.006218880450153785,0.03073404248387296,0.040348613971949665,0.0032050877880960837,0.037091847843618075,0.001041517914347534,0.028088149879832658
0.044155607072386804,0.03645978936793398,-0.01077958346440322,0.04621935381753173,0.006364400000586745,0.011552639972843337,0.03993082215697269,0.04711523472989815,0.018908991980994883,-0.0021560004826792767,0.041748624898170605,-0.04174191546609196,0.049588938427803986,0.06084360241992204,0.06643641939476319,-0.010485617152465876,-0.0009721042736843821,-0.0626159226313805,0.10027293245715102,0.09352748263490007,0.049498913452743765,0.0398578701381791,0.0,0.021443426424730627,-0.019684032937439255,-0.0007291153151996466,0.011205929595478392,0.018938709059430403,0.023663045540932348,0.03248128700272834,0.029222505727824755,0.03805463275866089,0.021695913444500503,0.0233998593676375,0.02402486161206996,0.04423688840095075,0.03059020116256833,0.0015075879983630358,0.07259193289647348,0.04939221979444414,0.07034851679268928,0.052696651448709164,0.012381559859953373,0.00210788493581332,0.0001872900661429866,0.010930243945398932,0.048444717959614136,0.07022229844527395,0.0001675109535242969,0.015433667762828951,0.039410952134311006,0.04874059237259287,0.048930901492028556,0.03629957043179066,-0.0012446927884470216,0.047500858479211705,0.002077760211928348,0.06529171934715378,0.054033137660620234,0.06317139655374149,0.004741792382630949,-2.5870113020187713e-05,0.0035714239562845695,0.09745286584693641,0.07248658710240669,0.08715071103155131,0.05112033536399602,0.05611199752860874,-0.00016888733539716094,0.0022395333695884867,0.04808257303201291,0.05385822829637382,0.058656889995449824,0.0707866059404611,0.06470444894602845,0.05955668048940321
-0.033611029925257774,0.00030344455511677193,0.0003746657669779774,-0.003747799029803711,0.004533783356124588,-0.0018444733264341706,0.0047046085410022975,0.036579840795030516,0.01184947188131008,-0.01625287305837786,0.03735466903670659,-0.005079329870991245,0.017820451308710128,-0.0019259197585721477,-0.006620440289535678,0.006264239377725522,-0.02169351931756397,-0.010531414856384758,0.0210553882952641,-0.0010803919197839296,0.01664362725842361,-0.0071249173021195045,0.021443426424730627,0.0,0.016367520663982615,0.033645955269256844,0.004619466670316985,0.019813539253265733,-0.00504847881184417,9.48542721624368e-05,0.017960099951079223,0.06692521600786794,0.025625328409394077,0.028237917450804728,0.05865870112121441,0.050241270177177,-0.0044904458077622555,-0.0018980534880828626,0.06698587657713156,0.0498425783640008,0.05373671801498642,0.013594769066147872,-0.0001629814469319979,0.00016072797552302287,0.047049374635861785,0.03923068060028445,0.0035878659645455224,0.0,-5.551115123125783e-17,0.00010218220696756042,0.00013408932759578773,0.00010185643970511693,-1.6653345369377348e-16,-0.00017379361292285678,0.006813323867584653,-0.0001357615259331424,0.031018178001923746,0.00011614629079531591,0.0,0.00026894451209263925,0.004111640111660209,-0.0036481869493357744,0.003918882258999168,-1.2452187467981712e-05,-0.00012693332900681753,-0.0006447508913436373,0.0006684953212819367,0.000489565946803272,0.06628174375912255,0.00751535658331598,0.021987109345431577,-0.00017210833968545058,0.02950549218700349,0.0019314529500121802,0.0,0.005966653778854081
0.01566659405537507,-0.015228752068593976,-0.0024184511966483524,-5.364579112471235e-05,-0.023269347743485158,-0.01419433346106519,0.014908505347736467,0.006620701858877309,-0.0011865115987227393,-4.925212471146301e-05,0.012525620202811005,0.00262505637874777,0.02030788856654414,0.000984372698855318,-0.027799058148334888,-0.0032483150529118987,-0.006966271682586067,-0.003391973894190381,0.00078713943073766,-0.020611469272405036,-0.037136648282543816,-0.027429210956756878,-0.019684032937439255,0.016367520663982615,0.0,-0.014962150584368061,-0.020812383141452118,-0.006017485984068205,-0.022191014426912237,-0.02878298196708473,-0.009217276723529733,-0.006073310105367324,-0.008764951968997015,-0.002543237801713061,0.011773776428873728,0.016088483128581965,-0.0006228647190715808,0.0038753006361407216,0.010686920297336533,-0.010072015852369054,-9.556858934389734e-05,0.021689636838858495,3.902917265541372e-06,-5.551115123125783e-17,-0.008962263617548594,0.01780332887448849,-0.0004809764507782144,5.551115123125783e-17,0.0,2.220446049250313e-16,0.0034056775409908036,0.0015843349302877563,0.0036311367931128324,-0.0011963545444706458,-0.012961579674693247,0.0005859580024745181,-0.0054407790848741144,0.00236639401571459,0.0,0.007182035772670126,0.0036312350641776736,-0.02377051514867423,-0.01865531008415633,0.0,0.037009503730374205,0.0034543776079232202,0.01021042898872504,0.0021193057214767275,0.026519080825126995,-0.02163434482098958,-0.010917501684844344,0.002290861664374977,0.0028606279529665435,-0.002691905130109584,0.0,-0.012112354028925132
-0.005383103755716434,-0.0045949794850190795,0.0009000354949173506,-0.00044103516433635637,0.0008360478218211176,0.005535903794795127,0.016033419300335194,0.007711159295074321,0.005343560834277006,0.004171646715225963,0.006986110669319201,0.013735018618342254,0.01368247378147136,0.0034711653429802536,0.015469859145021303,-0.04248815581413201,-0.012043329056542318,-0.031723282231346184,0.0015912931943919961,-0.024326396177850595,-0.014759252052832739,-0.007696614474565988,-0.0007291153151996466,0.033645955269256844,-0.014962150584368061,0.0,0.014791460721044924,-0.015154202277108897,-0.044247930902426846,-0.07314680582430061,-0.01877363763492007,-0.014022763162478802,-0.016342487910818326,-0.011852737272509517,-0.012310743113377931,-0.04020599760957283,-0.0019465291432079201,0.012768997166245633,0.02361523700895496,0.01891180447697588,0.013639017277562837,0.025425725703991597,0.0017804236233032178,2.1990098775681588e-05,-0.0076655616775999635,0.016508995811424954,0.012092780292879246,-0.0008954542692938827,0.0,2.0265156467913492e-06,0.04407610808907925,0.0013256254626576869,0.0028132228414029514,0.0005289822772567288,0.011356259990153772,0.0,0.022042820844447197,0.004072359328021635,0.0,0.02245522733363109,0.00251578876679337,-0.0053504718659713735,-0.010609175123475978,0.0,0.025395884998421547,0.03267479180677901,0.020825644816396205,0.007522711514683422,0.050112272319016715,-0.002576936428390353,0.011951396660618452,0.045354954646012524,0.019555348187829447,0.019126117636348805,0.0008627961554597552,0.0033848224697263785
