0.0,-0.007978607257379311,-0.0010076688957439406,0.0,0.00035286309854559716,0.033646873906221064,3.142388523708073e-05,0.003335706538921901,-0.0006297310945244106,0.04086190364526765,-0.0014109169136893307,0.038274853036291356,0.001435592597472668,-0.00382956119509692,-0.015051399933329213,-0.028534358930886294,0.0063776360159779055,-0.02444926205665532,0.0,0.007944171084353857,-0.0008143737618026003,-0.018435414778100734,0.013637286712913588,0.049291655553158675,-0.010566190195555547,-0.0011199192933893376,0.026268721856900712,0.03942115082884706,0.0058737885933738965,-0.0006153378813628652,-0.02657606938317536,-0.03346232542755645,-0.05095131617825144,-0.01507390200588471,-0.027916832242341594,-0.00043319356128956876,0.000629810797042718,0.022766296427149946,-0.024292248352422607,0.0034237246388418296,-0.01906941075936891,-0.05741343311681463,2.8412806707567295e-05,0.0,0.0007826152673519604,0.0052353004501345946,0.007282199811973533,0.0,0.0,0.0,-0.0016070532704343665,1.1102230246251565e-16,-0.020909110152999844,0.0,0.050620944901183185,0.0,0.042681165662597165,0.0008292182678129034,0.0,0.00021793605048858744,-0.0016180815435044016,-0.000593866082782113,-0.010731586998094678,0.0,-0.00059967799506494,0.04888034438729183,-0.011272709497675337,0.0038812118627988834,0.02426579049873251,0.004575917635079307,-0.002485340715534079,0.0013328875651199557,-0.00031400113917950945,0.002713673634448799,0.0,0.000973804457253924
-0.007978607257379311,0.0,0.0029668308700357415,-0.00019524312328073057,0.0024850302953917103,-0.007019511558641167,-0.00016350215637284116,-0.005147934278813937,0.0039643852807271784,0.0031122631971964854,-4.9744251241767845e-05,-0.0018483906819831142,0.01070355922303251,-0.0008689830409133181,0.006081023487591042,0.008387594597176196,0.003773468268615743,0.010569475182150623,0.0013502597859386123,0.00415665858172215,-0.030089964952634995,0.0035442705233089677,-0.005458316766815352,0.09282885260450152,0.026057170342251468,0.014057618309288533,-0.01115732133783498,0.014483277312409948,-0.009812998906443937,-9.695199563880541e-05,-0.025444520802388848,-0.034684969343697525,-0.025549084428284297,-0.026336621724026565,-0.06336686518920354,-0.001571430684206232,-0.00028607105494787843,0.0,-0.019323522785496372,-0.01084119142215445,-0.017971515030120178,-0.02690383110295319,8.15536709144471e-05,0.0,2.220446049250313e-16,-0.00868591210278502,0.00755086032349922,5.076324555880474e-05,0.0,0.0,-0.0049296770730216655,0.0011214262270838882,-2.6267677068869677e-05,0.0005477486604767434,-0.0009445013286439874,0.0,0.00031583961853803855,0.0036334720863310244,0.0,-0.010009116723105671,0.0037859586560618497,-0.05011814012763843,-0.0039669544750230434,0.0,0.003069332966851801,-0.01490516150020782,-0.01992550846950275,0.0076511812649464606,-0.010785435803838117,0.016372738903238537,-0.00031452875394599733,0.005030983799231836,0.00041196083347666557,0.0015969632774897047,-1.1102230246251565e-16,-0.022228581759868082
-0.0010076688957439406,0.0029668308700357415,0.0,-0.0013606263375141037,0.006431511158306313,0.043609457434168386,0.02178213765832565,0.026566798198165154,0.015219258024646742,0.013507595549715978,0.0248460695118215,-0.0007281310384642525,0.039960451722851065,-0.004265618797406001,7.57742947310458e-05,-0.0006839564263340092,-0.001246888443908245,-0.0007819597109179899,0.00739872653658441,-0.0006176484827857265,-0.0051480956568923375,0.003971072387775998,0.03284255791419721,-0.001040132305925423,0.0006661437737798814,-0.0003777990272317844,0.08253845090799339,0.03894329732311819,0.0008589895572900796,0.034531755027559174,0.03565140387942278,0.03733583041892685,0.0009009537887657015,0.025176708442911255,0.023929008946021346,0.010870326543860942,0.013725296819082189,-0.0020385043989439855,-0.00531292894139751,-5.819066708490084e-07,-0.0009177934861542836,-0.0011218815800145276,0.009945234989185703,0.0031476366230810404,0.0,0.0,-0.00028462685181657177,0.1422824155056871,6.381592332571628e-06,0.01583722551845479,0.006147607524873533,0.00021859616421726624,0.009138675684729813,0.039010617064655695,-2.595229992441439e-05,0.09270558834195364,-0.0013027846739204207,-0.0029559854381638884,0.016389976506471227,-0.00039914466253637704,0.0,0.0,0.0,0.18277722085792042,-0.00039926380497373737,-0.0010174277467432935,-0.0005255712666013546,0.021277982540422014,0.0,0.00011854928298948852,-0.0009392956285515508,0.02192935245428307,-0.004357939913530506,0.001742539442967983,0.0001423911499045527,-0.004888757092638918
0.0,-0.00019524312328073057,-0.0013606263375141037,0.0,-0.002433724123721892,0.011715835795714447,-0.017018892501936,-0.08241222447509194,0.02247039181820537,-0.0034621791237895994,-0.00033844317636250176,-0.02790446990876927,0.0032344538367606313,-0.08568900783278555,-0.03210103544686921,0.00038416861859724705,-0.0005276956874993299,2.9059786938845367e-05,0.011011743356677373,-0.00922377001851632,0.0008209953503123257,-0.02506188674789317,0.01906700695842134,-0.0030930161786364985,0.00046773779546444016,0.002490624687343568,0.00725477456715512,0.02063784338167457,-0.0012910572196794812,-0.001173497407278068,0.02868306819497335,-0.007614531146841408,0.13949191266493394,0.0668892364722245,0.01389100247038616,-0.05106626777160447,-0.0055511603551601785,-0.00690723258038739,-0.0020495563842714004,-0.0009282613838517695,-0.0005504458138169688,-0.002103811278699408,-0.0033800408912614266,-0.0015075944746453795,0.0,0.0,0.0,-0.0009657205712823025,0.0,0.0,0.0005952944430535068,2.220446049250313e-16,-6.650719200179678e-05,-6.657733918380426e-05,5.551115123125783e-17,-0.0010923110777332212,-0.0013421986578436296,-0.00041234330134720665,0.0,0.0,0.0,0.0,0.0,0.0,0.0,0.0,0.011817252251099308,-0.0008017550096790504,0.0,0.0,0.0,0.0006501310517264547,0.0018743791173213564,-0.00014694006427384831,0.0,0.0
0.00035286309854559716,0.0024850302953917103,0.006431511158306313,-0.002433724123721892,0.0,0.025589447299257162,0.0025699951416559563,-0.02227777326831537,0.016801775420237197,-0.060856827119074086,0.0029625652203133512,-0.05479823680130819,0.015227004255330356,0.017428940621262157,-0.0006295984745244843,0.013128268502639873,0.0006483989915634925,-0.01511039654587315,0.016371749419572257,0.016671563455706195,-0.0028530019018279673,0.029196999801908263,0.029795409476546353,0.0014381827327628605,0.005632073525431824,-0.005049732024434372,0.03664196441362377,-0.018085600199506835,-0.0029305829451993226,0.011625641384268581,0.004827797236426734,0.019513395062590366,-0.051506712447729364,-0.00742450090253044,-0.018228614804191967,0.004796260446275263,-0.009393525779414796,-0.0638213468143099,-0.09844017080533923,0.00076725007471945,0.0013792773878336106,1.824338348166421e-06,-0.04362814508028595,0.0026932192388877674,-0.0006439990129721851,1.1102230246251565e-16,-0.00026718809383174946,0.05136479203169242,0.0,0.0051204143469257835,0.006721759056839083,-0.0009681214990655551,0.0003005410920366436,-0.006438001398094029,5.551115123125783e-17,-0.03653272905808208,-0.0011850718989828701,0.0024192057512648635,-0.03707596094027382,-0.00024281022625954884,-2.3463899966880142e-05,0.0,-5.551115123125783e-17,0.022200330751103003,-0.000578356601323049,0.0001948252014773444,0.0002230491349365371,-0.01643517645608744,0.0,-1.865663045019783e-05,0.0005209948952974996,-0.014591344185001354,0.0021136701720476103,-0.0024748618134950995,1.1102230246251565e-16,-0.0024328726729782035
0.033646873906221064,-0.007019511558641167,0.043609457434168386,0.011715835795714447,0.025589447299257162,0.0,0.018676018235796343,0.009279055620620036,0.024669344573502505,0.010969458663083409,-0.0079571854867993,-0.02081004775856793,0.03089452535999626,-0.0016883701622386615,-0.0027775432769316932,0.012511135562342846,-0.06102774294300872,-0.003643258689029316,-0.0013776354281198055,0.005113681584053564,-0.005697388396752212,0.01725981852493802,0.050576368372635405,-0.001395731802845357,-0.0026250778677832654,-0.013845598388148694,0.055484084784201415,0.021320003254736986,0.014686224028327477,0.007080551085595688,0.006288728685900247,0.01310663322874872,-0.017160263256191077,-0.001549522158919514,-0.003908680645494711,0.03566815090978126,0.013154309765595673,-0.0038003544094217245,0.01136784262668089,0.012306554117823942,0.01661826714868253,-0.005972744859633561,0.00544439081495679,-0.001227983134040711,-0.0017697309201384348,0.0010453315841963406,0.001976208070449792,0.0095843263589942,-0.0005428526714746362,4.519781816403334e-05,0.006721221358420126,-0.0001171119995718728,0.008610718017456553,0.026422718951443325,0.001766753469658211,0.011077980749517047,-0.0009195596410764284,0.0039987424909949665,-0.00030584972774833075,-0.022748092900498618,0.0026846756570024777,0.0,0.00011048794544643581,0.026335077602634982,-0.008709176856335099,-0.019196305462398255,-0.01803175257756734,0.009323624456337831,-1.2849703913353494e-05,0.000207301208740851,0.0076759309322184666,0.0067958573565850555,0.016862844149097722,0.008069271161900649,0.027724913679817997,0.02136458869852076
3.142388523708073e-05,-0.00016350215637284116,0.02178213765832565,-0.017018892501936,0.0025699951416559563,0.018676018235796343,0.0,-0.015663042766321078,0.0292491598893585,-0.03966253191821806,-0.010448468431132563,-0.05969974566225844,0.006693353578072769,0.004808746784114748,0.0007091499431526871,0.010166875992902169,-0.0010010214822778196,0.0001102983258773893,0.006705027092369531,0.005756466450514253,0.0032335920131390528,0.01288677663700788,0.020450592667701717,-0.0006361003264981346,0.006998973275328779,-0.0012005024386961827,0.02311999423657146,-0.029425996190842352,-0.007083073188020872,0.008343869166587414,-0.0039687483563100034,0.007864393404805436,-0.016257471003166435,-0.006063627255050552,-0.017601989910868643,-0.023161076841900108,-0.03857312704521215,-0.050179792475180784,0.005426125517341951,-0.0008437449859114987,0.008098855424661766,-0.0019140651537830067,-0.06986954032094189,0.0020089761483265134,-0.0008953372044098185,0.0,0.00259644870089204,-0.0019975630219500884,0.0,-0.0003915948944850367,0.0020455005007693483,0.003389577583051806,-0.01995098632145209,0.0036152056583911296,0.00042147094408262475,-0.0017064757976921752,-0.00016786716712713368,0.0011913373953907902,-0.0019974459405235345,-0.0013511756963336397,0.0011743758268801252,0.0,-2.3930651437020778e-05,-0.0015932002888067176,0.000975959976180274,-0.00014611234665951045,0.0015052518106096757,0.0014609819390233314,-8.964876679173894e-05,0.0005363545197435426,0.001511441502961064,0.004691666079375989,0.002677449898294715,-0.0001112817683691647,0.001554019374327309,6.852660829748114e-05
0.003335706538921901,-0.005147934278813937,0.026566798198165154,-0.08241222447509194,-0.02227777326831537,0.009279055620620036,-0.015663042766321078,0.0,0.034080380667489196,-0.018849994886287857,0.015969280820698317,-0.05717004249871854,0.007777923522987118,-0.025260330096484318,0.01977240517106532,-0.03456277687523224,2.4487282607899008e-05,0.007433747632810184,0.048809159384624656,0.006822379080400176,0.018830614537552304,0.00032574287323899886,0.02929763349616804,0.0067218374279546245,-0.03564974338655985,-0.009331532267526588,0.05456873772705234,0.004189904848521497,-0.0008091245597237062,0.004386618279610399,0.00033090663794177466,-0.02213301951706914,-0.054205493013965655,-0.007131672481822504,-0.00380611657471408,-0.016532680192414162,0.05501862232706739,-0.0408367249204214,0.0048452024890945355,-0.034825576059433816,0.012442802406577691,-0.02971909286417629,0.010792305112988732,-0.0015073797796414934,0.0,-0.04558895172936106,-0.001773828815307632,0.04496418394831192,0.0,-0.05126521238675941,0.025827750556660423,-0.0013923526112423756,0.05390118001072264,0.03676105394216678,0.0005152184847643793,0.036329750680861916,0.00020756799820315086,0.020282966340980424,0.038465190387810155,-0.03580215077580334,0.010209600432134258,0.0,2.046565487745511e-06,0.03954419776689733,0.001096549512031142,-0.11566903281361879,-0.001240145523743852,0.041584901800344076,-5.551115123125783e-17,-0.00039986345252596145,-0.010222236631501569,0.038344726132010676,0.028959707115543465,0.01862385002751643,0.002880144613178759,0.02694368216889287
-0.0006297310945244106,0.0039643852807271784,0.015219258024646742,0.02247039181820537,0.016801775420237197,0.024669344573502505,0.0292491598893585,0.034080380667489196,0.0,0.008647658115188361,0.016180505900839692,-0.003631784174851771,0.05777636533778546,0.0072893297814705105,-0.002335521109659233,0.02803882609903835,-0.0017996509110374537,-0.007308678745867714,0.011813651577389228,0.023356473572069936,-0.0015350391814237807,0.034343277283617635,0.04493475031669092,4.5436440080925955e-05,0.009111628747252631,0.004672038980177484,0.03801784964974647,0.02780419622780672,0.007373562425548208,0.0031655032724991483,0.03057770234430196,0.03454785636782748,0.012434675237276094,0.023135839696160954,0.031030415382818977,0.04374808753169673,0.024940861461497987,0.005470146232915307,0.005156648513618134,0.0004074414601721865,-0.0013909685949461403,-0.006407655950442681,0.0016460272688854638,-0.0038047375918277004,-0.0018689674159639846,-5.551115123125783e-17,0.0008943787153019578,0.013500830067508796,-3.065746879138409e-06,0.005732628551522678,0.006277530227866923,0.0033136869364890353,0.010668679111974,0.021162413597604846,-0.002341460853892141,0.005163518236165676,-0.0014117999030309192,0.0013699326623851649,-0.004801932121546337,0.0006292458168812853,0.0008827910671255768,0.0,0.0,0.018209020945693544,0.0005892311704516207,0.00038893655095817437,0.000719916672998866,0.011886984773501141,-0.00010317937534748411,0.00017491328036312037,-0.0003498712269139337,0.01151968587427643,0.0015244213806943074,-0.0008311442737838348,-0.000150457556671868,0.003930998026171473
0.04086190364526765,0.0031122631971964854,0.013507595549715978,-0.0034621791237895994,-0.060856827119074086,0.010969458663083409,-0.03966253191821806,-0.018849994886287857,0.008647658115188361,0.0,-0.00816692514919043,-0.00645270635982248,-0.03620881964827666,-0.010794498569248967,0.01711890314380421,-0.0038516082359403847,0.007288147310572701,0.006010569208795724,-0.0027159988923260436,0.00039826084830790753,0.01788071940587871,-0.00471972455077363,0.00010526200478938597,0.0014353242881197104,-0.017121423642036504,0.0008769258586522333,0.007027567001587465,-0.024662264538047485,-0.009870528007722368,0.0008990149234396894,0.01900584662976179,-0.016673625637560197,-0.0064794579313045,-0.012249496364351797,-0.037031258907151476,-0.0258338647745876,-0.010874095282138674,-0.011516101226955233,-0.06309963537203156,-0.007630716834152174,0.007949524444262002,0.03683675667150965,-0.012046065408222506,-0.002463645053492558,-0.009401538243671681,0.035187205174723624,0.0007847342796022394,-0.0009265846205641637,-1.7407735481533848e-05,0.00042944613522094555,0.002478181236851895,0.001103289152224074,2.9334860150553865e-05,-0.0015981754427391581,0.004450085959801231,-0.0006114682786251269,0.011163437189952774,-0.0006691962757632286,0.0,0.0007262871777899971,0.0027243993431171343,-0.00015799096900309673,-0.027424946263766736,5.7220138743319104e-06,-9.296826632931854e-05,-0.07422863476707048,-0.0012510469590829576,-0.001142068987030842,0.009890312081650587,-0.026657628496128127,-0.0025458692086612333,-0.0003788257241187365,0.004176991908400984,-0.0008112785194466232,-5.551115123125783e-17,0.0013738021867008565
-0.0014109169136893307,-4.9744251241767845e-05,0.0248460695118215,-0.00033844317636250176,0.0029625652203133512,-0.0079571854867993,-0.010448468431132563,0.015969280820698317,0.016180505900839692,-0.00816692514919043,0.0,-0.02607005649549038,0.011879251861921292,-0.016450739296564487,0.0,8.80364575054915e-05,-0.00030982296265424925,-0.000708415029503473,0.02249995026395285,-4.728418992738792e-05,-0.0001875809399156103,-0.00013680589837050672,0.02262158853585855,0.0004393741156367703,0.00018312683746724012,0.0012203291408819927,0.03441518227071794,-0.0018933860682950887,0.000717327444964666,0.00036109481388385545,0.013865351298955164,0.009610389894211202,-0.0031451052542613156,0.0007118330047682364,0.003051440620183976,0.026484347774905048,0.019102321266371958,-0.012353995874415102,-0.027957738117725173,0.0012065282515899556,-0.0011152550410266082,-0.0016756980679485944,-0.008078313202934506,0.0002496471656099897,-0.000736509980851896,0.0,1.1102230246251565e-16,0.06344881003756542,-5.936444839593769e-07,-0.026030238569607955,-0.02173032358874244,0.002021860522287644,-0.01701459402724581,0.03259127836873471,-0.0012057703048738433,0.120867500166144,-0.0025000062425848957,-0.0004563366922810119,0.013957779785153002,5.551115123125783e-17,0.0,0.0,0.0,0.16789066562011584,-0.000568769657032453,0.0,-7.088552443901275e-05,0.008359208745983115,5.551115123125783e-17,0.0,-8.670358944873335e-05,-0.008832414260728116,0.0005078717847922798,-0.0014200234129373435,0.0,0.00013130972400832164
0.038274853036291356,-0.0018483906819831142,-0.0007281310384642525,-0.02790446990876927,-0.05479823680130819,-0.02081004775856793,-0.05969974566225844,-0.05717004249871854,-0.003631784174851771,-0.00645270635982248,-0.02607005649549038,0.0,-0.05672736308662013,-0.01925567485194979,0.027643241174451605,0.0015800771364617994,-0.015466634685676994,-0.016801146216955443,-0.013062968697601207,-0.05629579678345642,0.01638211107661325,-0.024633559180034126,-0.03849581679326036,-0.005179331737840465,-0.026650921955866713,0.007853905173075215,-0.018100546436477682,-0.03996533080051495,-0.03856219031390096,-0.0015141227267611579,-0.039509492532060764,-0.036185674701477655,-0.03822699556561285,-0.04816070065023448,-0.03976099169604841,-0.047529320780950624,-0.04453784183322762,-0.050453170254721236,-0.021726777535121977,-0.07210065967589113,-0.054132924354984346,-0.04096060429317033,-0.008520585195213315,0.0031587557715952452,-0.08186943470732513,0.04549190054566549,0.0012705398561110304,-0.0008499061046580714,-0.0006539119842788599,-8.716245439543968e-05,0.0002145526776969331,-0.0005062998046260758,-2.495124093732093e-05,0.040332816057150334,0.015410287710904191,-0.0016735824290305401,0.023180126232128728,0.016075657415695555,0.00039723207972430785,0.00013003586803406186,0.001549579808725332,0.0021345325813800775,-0.0026015499701977918,-0.00012015856459363095,0.0005581860006981798,0.0011192038461060871,0.00017992571613167918,0.0009165145631295779,-0.01017190751009639,-0.010698018005268262,0.0055431773523509364,-0.0015358917273500805,-0.005044793784186097,-0.001383472720230261,0.0,0.017856485955463408
0.001435592597472668,0.01070355922303251,0.039960451722851065,0.0032344538367606313,0.015227004255330356,0.03089452535999626,0.006693353578072769,0.007777923522987118,0.05777636533778546,-0.03620881964827666,0.011879251861921292,-0.05672736308662013,0.0,0.010131038052919872,-0.0031165401073920407,0.013166995165616924,-0.015180978926295385,0.012839971824935237,0.02103214190224556,0.008595497743866642,0.014506612532629914,0.019049102223195225,0.03142782073532924,-0.03467289353042835,0.016843528818587583,-0.003729032010916955,0.03046005193489615,-0.008469547248153853,-0.0016740797452429734,0.032480548639977236,-0.010411134483517659,-0.004064921458145965,-0.03574940902474011,-0.020447097720581342,-0.046112350203473707,-0.02071787553987464,-0.023284654400971938,-0.05323933494274774,-0.054771830412452815,0.00012056517683245449,-0.14179027646349218,-0.08221010173699794,-0.0643621946232133,-0.005764442803323722,-0.0031286600723559044,0.0005603178020817112,0.0036208156263409785,-0.0007470124473267781,0.0,-0.0008079976095768382,0.020646273394055892,0.0016131294488760384,0.014869929281708383,0.00012789400647139626,0.0012137892420067131,-0.002391521161506316,-0.0008962256362324839,0.0026955815695099417,-0.0012397956543856448,-1.1081279295055424e-05,0.000897829751129009,-0.00036600366791611494,0.0019044809232324766,-0.0053916032186023255,0.030512064039280584,0.0018511242903699876,0.0014895272342654864,0.01572528320122879,0.0008917086848856393,0.0017010017525634358,0.0038193744233552263,0.019093322296626525,0.0010921387910802771,0.014261142682729877,0.0013315332898194976,0.00334864491686776
-0.00382956119509692,-0.0008689830409133181,-0.004265618797406001,-0.08568900783278555,0.017428940621262157,-0.0016883701622386615,0.004808746784114748,-0.025260330096484318,0.0072893297814705105,-0.010794498569248967,-0.016450739296564487,-0.01925567485194979,0.010131038052919872,0.0,0.0006176954006124613,-0.00056703694612531,7.976858286817823e-05,8.112742620836055e-05,0.021777389622624765,-0.05113705006813635,-0.007136033711082845,-0.000525074726673902,-0.00458629939497901,0.0002506273897191491,3.2144259356492455e-05,-0.0035344021433712514,0.04316637973362669,-0.0043548614616120696,0.0015040026867334522,-0.0005038080992521565,-0.003474943180780954,-0.04909895270055917,-0.0004638453351816785,-0.014260152993670616,-0.045948085492843904,-0.061094335337301214,-0.035020184643818064,-0.0007621413230780028,0.006157407156598016,0.0,0.0007404784642057738,0.0008436008634225001,-0.034082372763242386,1.708804908795436e-06,0.0,0.0,0.0,0.00339176381784706,0.0,0.017172847442367023,-0.0009777649068498095,-0.001024823409056963,-0.002271002145221357,0.005984942093166912,0.0,-0.024057114887745257,-9.978951478689657e-05,0.001815367317176686,0.08016845848544368,1.1102230246251565e-16,0.0,0.0,0.0,0.039045027629041995,0.0,-1.1102230246251565e-16,0.0,-0.05128834548977984,0.0,0.0,5.551115123125783e-17,-0.05304655862587937,-2.2220572706344033e-05,1.1102230246251565e-16,0.0,5.551115123125783e-17
-0.015051399933329213,0.006081023487591042,7.57742947310458e-05,-0.03210103544686921,-0.0006295984745244843,-0.0027775432769316932,0.0007091499431526871,0.01977240517106532,-0.002335521109659233,0.01711890314380421,0.0,0.027643241174451605,-0.0031165401073920407,0.0006176954006124613,0.0,-0.018066069324008505,-0.01974628677066198,-0.02561150231170911,-1.1102230246251565e-16,0.033969883400024936,0.00615667622771221,-0.01242557678287487,0.023754854677536186,0.0172185543058479,-0.015141900901953165,0.027458598668143763,0.0271568736033882,-0.0043698847273049846,0.0011506029736746415,-0.003194864969783051,-0.013283322358015548,-0.02390477908596389,-0.024654053408448118,-0.0277249280744154,-0.036339273269701655,-0.024015776281781587,-0.002253803603216975,0.00012289646273555555,-0.003937319714928944,-0.006533766195095714,-0.013404228486860681,-0.007039776934172792,0.0005409220261862746,0.0006135345012420745,0.0,0.004410684877300952,0.007679080134554983,0.0005636240464102493,0.0,0.0,-0.000680610776329249,0.0014021495252701244,0.010458780998396311,0.00034282442489530496,-5.551115123125783e-17,0.0,0.00015916199818738486,0.0029962493292237657,9.73135133564007e-06,-0.019473919211197344,-0.011570782177870498,-1.0578332979183092e-05,0.0039498634166812985,0.0,-0.004963395605801668,0.0008634187141434713,-0.0010568980737517553,0.019908021202655835,1.6074077559768973e-05,-0.006322387554633435,-0.004333951116607504,0.020579394647509408,0.02087904629930054,0.005398113939945048,0.00046200467185281147,-0.010954719212666941
-0.028534358930886294,0.008387594597176196,-0.0006839564263340092,0.00038416861859724705,0.013128268502639873,0.012511135562342846,0.010166875992902169,-0.03456277687523224,0.02803882609903835,-0.0038516082359403847,8.80364575054915e-05,0.0015800771364617994,0.013166995165616924,-0.00056703694612531,-0.018066069324008505,0.0,-0.008533337741304547,0.01711684429343374,-0.0001711998115961899,0.014121632596493794,-0.018382222923274905,0.01428217449913377,-0.010613434917332354,-0.011880678524405497,-0.02055132358439643,-0.01796903405057232,0.007052255606204261,0.004089481522245864,0.0124221984077299,-0.002794068249887316,-0.009024956068848122,-0.016013533944633174,-0.019775734610331552,0.005310852099424723,-0.030385466299851338,-0.00022360884213606935,-0.000620104717833081,0.0015669434791100723,-0.020084879520692767,-0.02331088826671618,-0.02199426005987426,-0.029688202286205,-1.2688939654947884e-05,0.0,0.0,-0.018061021902174956,0.00024293504771860652,0.0,0.0,0.0,0.0015641219554735075,0.0005883669998070773,0.0010349071966403445,0.0,-0.009784202008870757,0.0,0.01331878372749018,0.0019998471654910643,0.0,-0.01207968265290793,-0.005837633202814219,-0.02245215095654679,-0.01236250886014778,0.0,-0.0020744522282939992,-0.05259083808155418,-0.016048572554558937,0.0023668535704937654,-0.007339225014035666,-0.007622781684962554,-0.010521936381147512,0.017490736856110245,0.004613639001341374,0.007256874973665894,-1.1102230246251565e-16,-0.027295462983625396
0.0063776360159779055,0.003773468268615743,-0.001246888443908245,-0.0005276956874993299,0.0006483989915634925,-0.06102774294300872,-0.0010010214822778196,2.4487282607899008e-05,-0.0017996509110374537,0.007288147310572701,-0.00030982296265424925,-0.015466634685676994,-0.015180978926295385,7.976858286817823e-05,-0.01974628677066198,-0.008533337741304547,0.0,0.003283865567620725,-0.0014143912908300416,-0.00465237579996125,-0.002490970424544159,-0.019677320010837607,-0.0002099744344163379,-0.018989911636079604,0.00264681293584651,-0.020271666137089084,-0.049086612422239884,-0.009690740931884989,0.00995549991399386,0.00023418885718728966,-0.0007030379297381373,-0.01986489791828444,-0.02556022503216082,-0.001445589624554544,-0.010994976449125393,0.000890644544347341,-0.00031403196937729305,-0.031589785124302605,0.0033459716105210258,-0.06997352315177519,-0.05798127819377208,0.0010686651303348782,-5.551115123125783e-17,0.0,-0.00012761421244883442,0.0017302673505513733,0.0008044224930586208,0.0,0.0,0.0,0.0,0.0,0.0,0.0,-0.043207587275646386,0.0,-0.03260865263024615,-0.0005094237083314579,0.0,0.00040334773212707953,0.002523135776914709,-0.022157149299652845,-0.022874622552474577,0.0,1.1102230246251565e-16,0.0,-0.00020071072576860471,0.0,-0.06926480645747313,-0.02926842350833314,-0.029012361759855,0.0,-0.0021325398098933634,-7.647076298100686e-05,0.0,-0.11151101448557427
-0.02444926205665532,0.010569475182150623,-0.0007819597109179899,2.9059786938845367e-05,-0.01511039654587315,-0.003643258689029316,0.0001102983258773893,0.007433747632810184,-0.007308678745867714,0.006010569208795724,-0.000708415029503473,-0.016801146216955443,0.012839971824935237,8.112742620836055e-05,-0.02561150231170911,0.01711684429343374,0.003283865567620725,0.0,-0.0009488398054415259,0.0020413994347460163,-0.035151686095171275,-0.009068838704749282,-0.022867275885604443,-0.010008246693669287,0.01747729341938231,-0.003606914789009541,-0.009729144997083827,0.008402896869850907,0.009385185536005869,-0.010551434485620514,-0.00563389527146918,-0.018450636900924855,-0.0171889532389482,-0.005600824415554706,-0.013600970810410506,-0.0026438062927171546,-0.0005180676713674726,-0.00075301633496061,-0.012371006709206711,-0.014994264253730683,-0.012937373170409994,-0.012487172716851125,0.0,0.0,0.002148232804482786,-0.0007949272418699693,6.936147459829511e-05,0.0,0.0,0.0,-0.0006421868944926357,-0.00011041998103777928,-0.0004333633120739977,0.0,-0.018055018793399158,0.0,-0.009258704613912483,-0.0005332852626901419,0.0,-0.015081305888393903,-0.0008507011601159853,-0.01011798021981647,-0.006000563276647941,0.0,0.001796592898898719,0.0036242152784774495,-0.0038333175985138523,0.0023879482989869194,-0.010258463489335679,-0.004511807027558878,0.00033086526467396293,0.0008319786041839916,0.002014423096440676,-0.00018078035157065298,0.0,-0.008654838807884202
0.0,0.0013502597859386123,0.00739872653658441,0.011011743356677373,0.016371749419572257,-0.0013776354281198055,0.006705027092369531,0.048809159384624656,0.011813651577389228,-0.0027159988923260436,0.02249995026395285,-0.013062968697601207,0.02103214190224556,0.021777389622624765,-1.1102230246251565e-16,-0.0001711998115961899,-0.0014143912908300416,-0.0009488398054415259,0.0,0.0004545509417724358,-0.00042316230862082804,0.0010653453102061339,0.031806080091413225,-0.0002483678109767018,-0.0008487817353557414,-0.0007604114202255929,0.05310067491899989,0.024825318876839253,0.0009447259537828656,0.0012877153312812473,0.02561063119273599,0.040267649490985435,0.0009620447570489743,0.0194720369908552,0.0237366347645373,0.03989662532196858,0.021384551016230213,0.00022606709412564818,0.01938736321482365,1.4052449234913666e-05,0.0010462905911360343,-0.003456866029605765,0.04324963689719846,-0.0020427965178674845,-0.0001602107120165508,0.0,0.0,0.06751597102610807,-5.551115123125783e-17,0.005918268463888987,0.0055100733130075685,-0.0013143654901370816,0.03456963517289968,0.03306034862271856,-6.20721340757191e-05,0.06666333415529024,-0.00030783450855903505,-0.003931450287559146,0.02536524493880621,2.220446049250313e-16,0.0,0.0,0.0,0.05073468077013554,-6.582651022934982e-05,0.0,9.053276872311722e-05,0.004036506373212734,0.0,0.0,-5.551115123125783e-17,0.012262268363817719,-0.0005630803017175889,-0.0012977410067752104,-0.00022694072876294769,0.0011914690410548268
0.007944171084353857,0.00415665858172215,-0.0006176484827857265,-0.00922377001851632,0.016671563455706195,0.005113681584053564,0.005756466450514253,0.006822379080400176,0.023356473572069936,0.00039826084830790753,-4.728418992738792e-05,-0.05629579678345642,0.008595497743866642,-0.05113705006813635,0.033969883400024936,0.014121632596493794,-0.00465237579996125,0.0020413994347460163,0.0004545509417724358,0.0,-0.007327811816181251,0.03005397853696906,0.03897415814053623,0.019282103785947913,-0.007392239531529732,0.02604386175836787,0.01949739383327631,0.004902661109756179,0.008353025518735402,0.01809899348891786,0.018600441081074892,0.0012031185255197974,-0.005088538496496597,0.007194694156927417,-0.013245771398136763,-0.0060453788305608325,-0.003463806620077281,0.004528637733058727,0.007839680242443192,0.010284638645414457,-0.0048953014200247,-0.003309367007398978,0.0027589635117137856,-0.0020194651522366103,-0.0005203732170686592,-0.0022192792050402255,-0.0013486903078854806,-0.0012818062056609847,0.0,0.0,-0.0001784834172302019,0.002920487014319517,0.014576593357777223,-0.0012448074011134347,0.0005985486157139008,1.1102230246251565e-16,-0.0003378832148348554,0.003720795799359855,-1.1102230246251565e-16,0.0033931659959391403,0.007125494088465079,2.018536448777919e-05,0.0032861413999688005,0.0,0.008184853839141693,-0.002959236143901367,-0.0010284591324289383,0.012154000655920316,0.0,0.0034793056435962755,0.0005422448481741116,0.00862693775202028,0.00919538721782831,0.007854926126177442,-0.00029023292631885633,-0.007286948127624815
-0.0008143737618026003,-0.030089964952634995,-0.0051480956568923375,0.0008209953503123257,-0.0028530019018279673,-0.005697388396752212,0.0032335920131390528,0.018830614537552304,-0.0015350391814237807,0.01788071940587871,-0.0001875809399156103,0.01638211107661325,0.014506612532629914,-0.007136033711082845,0.00615667622771221,-0.018382222923274905,-0.002490970424544159,-0.035151686095171275,-0.00042316230862082804,-0.007327811816181251,0.0,-0.024056634503804797,0.03183975425288804,0.022980965241561235,-0.01720648091530158,0.0018625550666503399,0.008451602074113718,-0.0043152516266344865,-0.018670889621380915,-0.016821602654015277,-0.013450968081099524,-0.022541787171450278,-0.016242483636739635,-0.022530430500575516,-0.03894036866933792,0.020690095023181476,-0.0011725570199921376,-0.021524296580921254,-0.025345532874416266,-0.0361050233352187,-0.03474405766710298,-0.028327027079364853,0.001802994963041482,0.0,0.0,0.022302985688023746,-0.0066307275463940996,0.0013528423150044322,0.0,0.0,-0.014117704068196346,-0.0006345963155415246,0.017172078523018164,-0.0016538019543866356,0.03199983846330995,0.0,0.0012047848640695524,0.0008447129778114126,5.551115123125783e-17,-0.005513252134650315,-0.01383956481092885,0.0,0.0007786288942592812,0.0,0.008373179132295516,-0.02536681169688787,-0.012158321472273415,0.013723322775970381,0.0013209548490387135,0.011921006857204208,-0.018097674152599608,0.01921802321394367,0.010814403613685075,0.01336775881107305,-0.0020156547491231858,0.0004000501439394011
-0.018435414778100734,0.0035442705233089677,0.003971072387775998,-0.02506188674789317,0.029196999801908263,0.01725981852493802,0.01288677663700788,0.00032574287323899886,0.034343277283617635,-0.00471972455077363,-0.00013680589837050672,-0.024633559180034126,0.019049102223195225,-0.000525074726673902,-0.01242557678287487,0.01428217449913377,-0.019677320010837607,-0.009068838704749282,0.0010653453102061339,0.03005397853696906,-0.024056634503804797,0.0,0.012864353749169999,0.053702011190509436,-0.016968904548138486,-0.014584580057551144,0.003833764268951989,0.011692755855086334,0.012551631143411401,0.025061508646131825,-0.0002059376592513651,-0.022827488000071228,-0.02255015356283624,-0.013837502658748946,-0.03639815265762297,-0.025316352279210697,-0.029114265661294214,0.003736231232922216,-0.012176190497741213,-0.014697182639214323,-0.021335127084498307,-0.02242151804617759,0.0007638429754607268,-0.0001398968470966988,-0.00035949004597651824,-0.018361601074955214,-0.0047935054078337425,0.0008585905268298499,-5.3511507925319e-06,-0.0001466433809184653,0.0006455400138684619,0.0016002407517960449,0.005592678151840058,0.0019102404470753842,-0.0012160016517372974,0.0,0.0002900961915429101,0.0023503580076730812,0.0,-0.0007992105024075546,-0.008617081540648164,-0.000538446743865717,-0.0010239186032750536,0.0,0.007442334173144882,-0.010785359548572848,-0.009187972635716635,0.014018400963319133,0.0012060114252251952,-0.002874070145428398,-0.013335503910590518,0.015498908286682711,0.006250121378307383,0.002282521925596581,0.0007903408125631284,-0.028566439381199904
0.013637286712913588,-0.005458316766815352,0.03284255791419721,0.01906700695842134,0.029795409476546353,0.050576368372635405,0.020450592667701717,0.02929763349616804,0.04493475031669092,0.00010526200478938597,0.02262158853585855,-0.03849581679326036,0.03142782073532924,-0.00458629939497901,0.023754854677536186,-0.010613434917332354,-0.0002099744344163379,-0.022867275885604443,0.031806080091413225,0.03897415814053623,0.03183975425288804,0.012864353749169999,0.0,0.015217387424763418,-0.031240701108870395,0.008355508642367948,0.07437298164846218,0.024291161040819353,0.020123402358462328,0.028815159650648514,0.02118381128985314,0.01826423437141894,-0.014921217248454965,0.009051520659229706,0.0007265326827188834,0.04852968032639937,0.016151244913823692,-0.0010884509232592654,0.01406767808250814,0.010268028574572374,0.022934241876203743,0.0011866264946760463,0.01696375883300255,0.03334008151228263,-0.0006435290115899273,0.006707737052596363,0.009253921532149212,0.041078199137170035,0.0005438584915973266,0.02019300081786246,0.03095630641630709,0.022734101764022463,0.039552685205677784,0.029805058792908845,0.027076778074851704,0.012845574574947505,-0.0023347768482277487,0.025463029300682227,0.03824525234123033,0.008000916464828922,0.006961920104041175,-4.9103131488537066e-05,0.0008028811167524186,0.04329263956609286,0.007832159987986809,-0.0005887114050147635,0.007694278587709824,0.03844764265856537,-0.0007077699108184454,0.007671335904586629,0.0007725980319220338,0.022382476777485394,0.030603649639642017,0.01594101996039521,0.009834689952745168,0.018616358628970597
0.049291655553158675,0.09282885260450152,-0.001040132305925423,-0.0030930161786364985,0.0014381827327628605,-0.001395731802845357,-0.0006361003264981346,0.0067218374279546245,4.5436440080925955e-05,0.0014353242881197104,0.0004393741156367703,-0.005179331737840465,-0.03467289353042835,0.0002506273897191491,0.0172185543058479,-0.011880678524405497,-0.018989911636079604,-0.010008246693669287,-0.0002483678109767018,0.019282103785947913,0.022980965241561235,0.053702011190509436,0.015217387424763418,0.0,0.0038768036500747005,0.00962782173532506,-0.0034903261281330478,-0.03832113115211694,0.016277864849079227,0.0005200719795876441,-0.015259453793276645,-0.08064161350537391,-0.035463590426764224,-0.006260005325984752,-0.052690451122466675,-0.05325348178446454,-0.054112254146787914,-0.05078326692619675,0.022844245406540842,0.01323260986819036,-0.013794075166831565,0.009575736013243352,0.0013347733799780603,-0.00046818614049243257,-0.009462363275132002,-4.455442038808766e-06,-0.0005594570037907864,0.0,-5.551115123125783e-17,0.00019394837357677996,0.00038624955454580334,3.085139777198043e-05,-1.6653345369377348e-16,-0.000723179835640686,0.004851139507470403,-0.00016927962275153918,0.03387599816024495,-0.00011244384946956787,0.0,0.0005445169384797333,-0.007920716375913628,0.011607395619488536,0.0013855199846333766,-2.3635049374748363e-05,0.0006053835562725984,0.041836510427691764,-0.0009649150993976674,0.0008231386963925558,0.036692343874290156,-0.0012451642846065814,0.009750250071662303,0.0011750365877383762,0.006588554966163618,-0.0007553640113854843,0.0,-0.019665547651708026
-0.010566190195555547,0.026057170342251468,0.0006661437737798814,0.00046773779546444016,0.005632073525431824,-0.0026250778677832654,0.006998973275328779,-0.03564974338655985,0.009111628747252631,-0.017121423642036504,0.00018312683746724012,-0.026650921955866713,0.016843528818587583,3.2144259356492455e-05,-0.015141900901953165,-0.02055132358439643,0.00264681293584651,0.01747729341938231,-0.0008487817353557414,-0.007392239531529732,-0.01720648091530158,-0.016968904548138486,-0.031240701108870395,0.0038768036500747005,0.0,0.010009620514836282,-0.01926163950515314,-0.009358669715388124,-0.00555841143633129,-0.00012724320714835313,-0.010316403744456804,-0.030324127744518314,-0.016223105195667942,-0.011551749486217233,-0.02848771924815935,0.002104653432526582,0.0002966544463282039,-0.01184518085240538,-0.007401309609064655,-0.016553492919804347,-0.009352117939540439,-0.01111181630602609,-0.0010972595977597477,-5.551115123125783e-17,-0.06996235975211629,0.0012895748236779747,0.011343252374994839,5.551115123125783e-17,0.0,2.220446049250313e-16,0.003456403199742275,0.0007912960351196263,0.0015386789725355676,0.0003259682347159232,-0.016878455269809967,-7.585447618835284e-05,-0.008813666465621095,0.0021042667146687344,0.0,0.0007467357531059093,0.006560363835609984,-0.00759056620841525,-0.0006566012828516099,0.0,0.00260222165231927,-0.0012474441189312402,0.006724075574325972,0.006035507264883444,-0.0139202985839747,0.0021171722777953428,0.004954466449459793,0.002635512388102501,0.0011829133246474277,0.017232512438356273,0.0,-0.008650680701420055
-0.0011199192933893376,0.014057618309288533,-0.0003777990272317844,0.002490624687343568,-0.005049732024434372,-0.013845598388148694,-0.0012005024386961827,-0.009331532267526588,0.004672038980177484,0.0008769258586522333,0.0012203291408819927,0.007853905173075215,-0.003729032010916955,-0.0035344021433712514,0.027458598668143763,-0.01796903405057232,-0.020271666137089084,-0.003606914789009541,-0.0007604114202255929,0.02604386175836787,0.0018625550666503399,-0.014584580057551144,0.008355508642367948,0.00962782173532506,0.010009620514836282,0.0,0.004644892657692634,-0.018729096117547972,-0.009414727573145376,0.0003298699077606826,-0.01365618515469652,-0.02795848276554269,-0.014871110841994328,-0.018450494740927137,-0.042151228076856395,-0.00637301803412893,-0.03560266556676456,-0.010840269364653043,-0.011771287546654685,-0.019563277272903523,-0.016560437462922906,-0.024860981786224257,-0.002788401177746591,6.855923658360963e-05,-0.03595055012208914,-0.0043736436181389116,0.009140616217650999,0.0023644705630301854,0.0,-3.3891238738481544e-05,0.01225049242590065,0.00048155165244317955,-0.05609833410629239,-0.00029223040959736046,-0.008685391612443638,0.0,-0.004052374291772409,0.002870641418350306,0.0,-0.016131370755052166,0.004808760757292807,-0.005186822437002081,0.0015121637778265917,0.0,0.0023181867612336315,-0.04507112255135015,-0.014901396289407787,0.004545397522689676,-0.008880850276237973,0.003335448805343033,-0.001336572589504148,0.015482062338135871,-0.008781183949810256,0.0059572738995885,-0.00018839187673225233,-0.012639650120281787
