0.0,0.005519373203502265,-0.0018744477815282878,0.0,0.0005822193459693037,-0.01314241051179127,0.023431712864029564,-0.003235475988978609,0.0007435090538787104,-0.021661237276750067,0.0017166740634275146,0.0026704704181483296,0.027077394302243596,-0.0010438249920539655,0.017442849986098574,-0.006888429379577399,-0.04009288211438794,-0.02660118902288361,0.0,-0.013928928761830661,0.031944986622505445,0.006046563589635734,0.005825393295690151,-0.004499430593167819,0.005346346806786195,0.0075525391901447025,-0.025034000107591436,0.0265851470801578,-0.011011822425328166,0.003641133748725489,-0.021144314699263478,-0.010749500740899531,-0.020147255571993483,-0.009298280231209044,0.013772414156036528,0.0005178874341932316,0.00018066530952470794,-0.02588504438324174,0.008869600173121384,-0.004920113712478524,0.0030093319509401084,0.03340169612637478,-3.4980473495094255e-05,0.0,-0.00208496193162383,0.036013949721852345,0.005238825725261076,0.0,0.0,0.0,-0.003995070328148942,1.1102230246251565e-16,-0.003630120932996972,0.0,0.0032006160527786043,0.0,-0.0024289053175994835,-0.0008266863204128283,0.0,0.020371327898744573,-0.0033733647387116927,-0.0030972967267897666,-0.03219010091224217,0.0,-0.0038347619716566084,0.14744965050348502,0.01913822064952103,-0.02500739001629343,-0.0053946770346352535,-0.03279459169627719,0.012157957153866195,-0.002995071044176567,-0.00016333810099206092,-0.004508218100200356,0.0,-0.0019559951374332196
0.005519373203502265,0.0,-0.0009321784482779205,-0.00010411900373807903,0.009667158885942995,-0.009270247983408808,0.023720496946258607,0.0071199210072329655,0.015909018525030405,-0.004887847827603986,-0.000479023005623358,-0.0020605315482795095,0.02031396939471186,0.0002418850348544499,-0.010143483723052682,0.018930762428446435,-0.03200596409015316,-0.007326165027846998,0.0011895902024480765,-0.007562036330925059,-0.0010753011235741239,0.008650351464479178,-0.016974345952983805,-0.013788419407523012,0.03759384864253351,-0.005239356338224532,-0.011353131999598087,0.002293459889167959,-0.016570713600280396,-0.004182563097292147,0.015699982922005695,0.0018638077630152017,0.010063656895953288,0.014740904039088287,0.018243677858850227,-0.004354428679528344,-0.00022094140916978366,0.0,-0.0030214690455061533,-0.011812689370365559,-0.013221630533273798,0.004200186504137393,0.0013931277077431914,0.0,2.220446049250313e-16,0.011641261198021113,-0.007436214370128313,-6.249725287865715e-05,0.0,0.0,-0.003215056473573119,0.0019428481317240731,0.00133509569332263,-0.00014988352745531897,-0.0005016216239116522,0.0,-0.0012267211321269622,0.003446731012429649,0.0,-0.023378568588393656,-0.0011278926184483673,0.0009133016860023435,-0.030003705988203344,0.0,-0.0034721459230332985,0.01283022453118321,-0.011613414006991285,-0.021131964052921615,-0.00156586729572461,-0.018340655160468955,-0.001982814300421687,-0.0020905609775919154,0.00010253817597266623,-0.007928764119876808,-1.1102230246251565e-16,-0.005971194778280786
-0.0018744477815282878,-0.0009321784482779205,0.0,-0.004828391510757424,0.001956657217402069,0.0158004910367886,0.002729199038669028,-0.0035966687770714323,0.008332331801137294,0.0004572044763054284,-0.03937120523505516,0.017703022010934877,0.00290871384665492,-0.028616660547758466,-0.0019336822436658574,0.0001992153343122749,0.0007839507799040635,-0.002799435889410562,0.0014971257900426305,-0.001251576073112548,-0.0016302218326725293,-0.0007642445161539779,-0.004591457971669988,-0.0020099733797339647,-0.006493816069373659,-0.006495599257958784,0.01157378160920447,0.0030454291275519574,-0.011069981514663874,-0.00047391642820049373,0.001344739436524911,-0.004370124844110923,-0.0018202086426375441,-0.0063410460652431055,0.007623360902203891,-0.01466904943898728,-0.026913716238836538,-0.012990936543173681,-0.004926012387346579,7.164153504879422e-07,0.0013694112162770944,0.003013152028593258,0.003300172566982784,0.0015918143561161613,0.0,0.0,-0.00038218125439476447,0.0053286314184526895,-7.856707848308275e-06,0.03020447562493722,-0.0035401711997888885,0.024845960813442813,0.009494167389993646,0.030930009095537336,0.0009581142635144979,0.055642658038501214,-0.0012551446879179307,0.027199694015175524,-0.011225482294404232,-0.00023173628244377298,0.0,0.0,0.0,0.20652454862626202,4.0116762871356126e-05,0.00016258348117603738,-0.0004906906809172829,0.017931894046652408,0.0,0.00017239506311639285,-0.001462378643313389,0.008815547315668248,-0.0025970091423936914,-0.02090818229809449,0.0014995445297510956,-0.009265956585501
0.0,-0.00010411900373807903,-0.004828391510757424,0.0,-0.06571353461230159,-0.0018942703998275356,-0.009998274062743007,-0.04363250916451339,-0.009067029963886253,-0.09067053529268132,0.0027648499892740652,-0.02617133908517144,-0.038571433681131695,-0.07927356445133368,-0.001816133236199724,-0.0005388309507242117,0.0008414048061472501,-3.5777004265991064e-05,-0.014108772211154308,0.00047961745167501846,-0.0003188512738570015,0.015355153004227018,-0.008395203974688847,-0.02529203524840984,0.0006949206778427697,0.0010398105456902451,0.0067039948038628006,-0.04733623452784683,-0.0026824238980260318,0.0013218463913339251,-0.00479452762388366,-0.004338776398776112,-0.046712064077976456,-0.05557379245256844,-0.0307315902662475,-0.042125085542815466,-0.046788950783868605,0.0039966870430444,-0.007631211913783964,0.00046727470225516043,6.544355262039225e-05,-0.0014220548061590899,-0.0004229167315994986,-0.0011215373684145824,0.0,0.0,0.0,-0.00029758052663553247,0.0,0.0,4.9365303638471136e-05,2.220446049250313e-16,8.188043831769409e-05,-0.0007612558429886951,5.551115123125783e-17,-0.0008618029908083469,-0.00023492707974231974,-0.000194007816262165,0.0,0.0,0.0,0.0,0.0,0.0,0.0,0.0,7.219391968626976e-05,0.0007254288540789466,0.0,0.0,0.0,0.0013893207579077638,0.001287978324881589,-0.00012437315228280843,0.0,0.0
0.0005822193459693037,0.009667158885942995,0.001956657217402069,-0.06571353461230159,0.0,0.014771814182067022,0.0028776930114957633,-0.02576536121823647,0.006318205612287742,-0.009669996893028554,0.01580925231340846,0.0012872785550516186,0.010186165841504558,-0.05863878445370227,-0.0003452445398169912,0.021546699560771432,-0.001888206605946574,-0.004369453020901359,-0.012126416935012096,0.012186730103150245,-0.0008434779310849683,0.02348709213598238,0.006043999110879217,-0.003602773299240636,-0.008333425006958273,0.018942559692834315,0.027930453412510214,-0.00654228763517245,0.007077039313236888,-0.0036301148042277576,-0.002159716428650038,0.00837188119641491,-0.022282402922324862,-0.008500986160629609,0.0006171485193038895,0.0017167390408448502,-0.006559963391433832,-0.032778247846967645,0.006829673010113668,0.000826782385200342,0.004362575568784166,0.0012101336491178172,-0.025140367297014743,0.0012134113105157773,-7.207392550345748e-05,1.1102230246251565e-16,-5.819949566732152e-05,0.004249267291585812,0.0,0.003235082576349302,-0.000249073823208823,0.00032121357905368075,-0.008780904388507316,-0.004590968235237747,5.551115123125783e-17,0.0022136971580599685,0.0009589657807267948,0.00338878464491571,-0.006484038048679641,-0.0003592515724475942,-2.395196407123379e-05,0.0,-5.551115123125783e-17,0.07348780399187177,0.00043923445668375694,0.00012787622243143337,-0.0009945541421024773,-0.019667964854643616,0.0,2.2969141123041492e-05,0.0008089133454678432,0.015663961543735172,0.0028102781334645166,-0.00296457366722519,1.1102230246251565e-16,0.0009108907260758636
-0.01314241051179127,-0.009270247983408808,0.0158004910367886,-0.0018942703998275356,0.014771814182067022,0.0,0.014204279128614494,-0.05484244408759453,-7.996400255982916e-05,0.002875306217441531,-0.007280808738597155,0.014978636292055258,0.006508295076149806,-0.046415224407440336,-0.03009275614279544,-0.0032860112574746303,-0.0021837362099468294,-0.012331305337264231,0.006096173116928227,-0.023269736753950276,-0.029796612745816964,-0.002562833664361719,-0.017594146342051198,-0.0009402420541547163,0.01259525729780503,0.004626534299562446,-0.01754181642626601,-0.017091839404518194,-0.023487351297802384,-0.002071992958124491,0.0042262581643557895,-0.007950946984960072,-0.017201274336624994,0.006236410518327906,0.011985206178582453,-0.020373864766608074,-0.0040006918316661255,0.009649362806567807,-0.03124762312076912,-0.004151013157084382,0.009479914495548636,-0.011579098279648481,-0.0018282905299806806,0.0013081882771403541,-0.0019518593643207405,0.008257396641506098,-0.001618366340904398,-0.017668510914281343,-0.0004731843195125429,-0.011405959712766367,-0.047187584834796736,-0.007971035768137846,-0.03616580094040722,-0.01868649675070222,0.004185137419706664,-0.050653360915081325,-0.002364474892958268,-0.01613057312528371,-0.004783996557588266,-0.04169526639986143,0.0005662385292585781,0.0,-0.0008607587298175012,0.0034267491180266507,-0.02171329601861155,-0.03129577364543129,-0.027487760046540688,-0.05157164605920378,0.00012473136338680968,-0.002979008026269492,-0.0201014667346448,-0.0433239842006341,-0.03997225683105565,-0.04438303130922666,-0.011709232510693002,-0.04046342999943553
0.023431712864029564,0.023720496946258607,0.002729199038669028,-0.009998274062743007,0.0028776930114957633,0.014204279128614494,0.0,-0.007615968126785999,-0.0109461279369239,0.007929600427477757,0.0015636705645597493,0.02195101568675828,0.015410219141474668,-0.03259999232981575,0.00301600608627417,0.018305038360043102,0.010541496707931974,0.014278876990000411,0.00046169403260698516,0.00964717232528084,0.002011637006666067,0.02574524185078919,-0.008479127457635904,0.0015940435325069724,0.03403009373848309,0.026136323220339486,0.0064072845633803,0.03323237001644758,0.009751255470011433,0.017047309431850344,0.02072989375535017,0.01340013527945727,0.0297371949292638,0.013847662476755784,0.03821685058997942,0.02541533094430598,0.01678196070718585,0.018559976075308293,0.008919388412554852,-0.0009528908205065356,0.016292820982601597,0.0044438589675162565,0.0036010475246015528,0.006017224756951378,-0.0012725303791563114,0.0,0.0020477426104122953,0.014719296066639131,0.0,0.002209851197351731,-0.008247646915139906,0.0016115510699259428,0.010968882630699173,0.01882569209848184,0.00023424509377473202,0.004976518349661285,0.0008911696970331229,-0.0014799334481836457,6.082276742663817e-05,-0.00048529127321683685,0.0007337746741374884,0.0,7.003738176386554e-05,-0.04865204646665022,0.0010644630664162213,0.001366259048211027,0.0009394407050418163,-0.019091564136972772,0.00011037122600726645,0.0009434081420738871,-0.0005730224632880532,-0.03324132275276437,0.00013901153638817831,-0.008692700057280456,0.0003654875428213966,-0.00023402542509531887
-0.003235475988978609,0.0071199210072329655,-0.0035966687770714323,-0.04363250916451339,-0.02576536121823647,-0.05484244408759453,-0.007615968126785999,0.0,-0.02570789259633116,-0.028665160119297484,-0.04977817122296774,-0.00025405169236053515,-0.014543224555320589,-0.006415319910380579,-0.030594276956171618,-0.0002987551499308849,-0.0006621582925736558,-0.009803319027119561,-0.029923481131644336,-0.031981811736107424,-0.017424825330915605,-0.0005546138352766627,-0.03259236929712328,-0.005517730079869887,-0.002205352789876436,-0.0027852608446237714,-0.03378984438993321,-0.020533492926975816,-0.05746768714814221,-0.01983349434064363,-0.010504791693543625,-0.0076825946398383915,0.007637709024011952,-0.015191439227121295,-0.005624739317136529,-0.012678621632722153,-0.019615543518312073,-0.0026028365582185242,0.041268108120786406,-0.0017501794351492128,-0.007057473665584346,-0.0052688045577193865,-0.011123443275229683,-0.0014502964696500031,0.0,-0.0007601379082229909,-0.004471785850747367,0.031458296342933734,0.0,0.04822451707262554,-0.00651716288787374,0.01924862352323664,0.08511574564842883,0.020189238862671544,0.0006158847887187124,-0.0025159683744943595,4.375520186034043e-05,0.013782585705149786,0.0007243713488100934,-0.05380901396217208,-0.0005780084630179205,0.0,-0.0002696676213119753,0.05602846547579898,-0.005963956255772285,0.026425135565852353,-0.005212596603213826,0.016148233662552802,-5.551115123125783e-17,7.990441028871142e-05,-0.008030023188680901,0.028591189998656175,0.009287845904190573,-0.0038898623815314948,0.0020552513619893076,-0.009258462295807346
0.0007435090538787104,0.015909018525030405,0.008332331801137294,-0.009067029963886253,0.006318205612287742,-7.996400255982916e-05,-0.0109461279369239,-0.02570789259633116,0.0,-0.00791686056116192,-0.00904853857435034,-0.0038573908703891657,-0.011883049576468685,-0.010980510544659317,0.0023931064925862833,0.03177484936379671,-0.002628853651072016,-0.0017913704451379964,-0.02053884120400712,0.024543219503251057,-0.001301590537071351,0.03162877694974364,-0.003771907880609049,-0.006374100627185242,0.031119468979275755,0.020142803846653345,0.02919229452662936,-0.007729140328432915,-0.010273615612227116,-0.0066186880860443775,-0.00040415788492553784,-0.009344781994760909,0.012613950335637891,-0.006899842474291984,0.0007952189435379564,-0.011081752819269874,-0.010272253152032562,-0.012002173770781943,-0.005938607792993211,0.000836608556399332,0.008052292988802723,-0.00011906576431364169,-0.018037358474391252,-0.0031498150939277547,-0.0019963630774179064,-5.551115123125783e-17,0.0012637752719702466,0.013399268279128407,3.774399289613317e-06,-0.0032327793146553763,-0.016888681165961872,-0.005408022440158922,-0.009079000727965192,0.04443540887039821,-0.0006082581524914366,-0.014808057935261965,-0.0009963679626344701,0.0343467473506891,-0.02216080902382761,-0.0008277874313349365,-2.5025397059286192e-05,0.0,0.0,0.012086390770540967,0.00026611076090998775,0.001950639942551402,0.0005524343158002654,-0.007709725898466746,-7.913989281832512e-05,-5.27911373772727e-05,-0.0027181698560030387,-0.010107272482726692,-0.00319526591466035,-0.003451669406303204,0.00027942637107936097,0.000917703089920674
-0.021661237276750067,-0.004887847827603986,0.0004572044763054284,-0.09067053529268132,-0.009669996893028554,0.002875306217441531,0.007929600427477757,-0.028665160119297484,-0.00791686056116192,0.0,-0.012155314202228706,0.01288070962632315,0.012114491557649154,0.037119509268378925,-0.0025846906686564086,-0.020005428668336045,0.03127139213400232,0.004792425200621897,-0.01545181636932147,-0.005222044454827657,0.01692667203074044,-0.009445564477779667,-0.016813870533427533,-0.008993163534094961,0.010615676884557501,-0.0020015486625911683,0.00017117472932348665,0.020926967039308075,-0.006101546896331578,-0.0007305171376055797,0.007203367434674979,0.024745836471315008,-0.03026907140667151,-0.007564275203698789,0.012273945053682789,-0.03003799107296451,-0.045711043333595686,-0.008223625405361923,0.025511064463927813,-0.04581426425948898,-0.021145371058203577,-0.013398968040882475,-0.0046650840571677565,0.0003892166871112268,-0.04247556357081678,-0.011503313648719427,-0.0010200249906363035,-0.00021779211596184567,2.1431562037987906e-05,0.0002889775710909759,0.0010593634099301807,-0.0008443568695918335,2.71202649685387e-05,-0.0022163034942527804,-0.05230904503108502,0.001284338709129862,-0.04441771390332899,-0.032543610143303314,0.0,0.0010019058710483697,-0.0011014029812828063,-0.07456938573632599,-0.05790408815621356,-7.04466674950055e-06,0.00011445803329762638,0.00023324349281927947,-0.0022786567574178407,-0.0011140445585329783,-0.041635259669122515,-0.03912365623898412,-0.027538381287079583,0.00159102826104085,-0.03238386252693609,-0.0013657383519909416,-5.551115123125783e-17,-0.061426128589682716
0.0017166740634275146,-0.000479023005623358,-0.03937120523505516,0.0027648499892740652,0.01580925231340846,-0.007280808738597155,0.0015636705645597493,-0.04977817122296774,-0.00904853857435034,-0.012155314202228706,0.0,-0.019841252077981264,-0.009297455123667864,-0.02785532819078712,0.0,0.00014243920161399748,-0.0023014128429806324,0.0002622834535685459,-0.028926188364834626,-5.424960251970701e-05,-0.00010329907179762454,0.0004660181420268472,-0.03838191769220922,0.007087917878329852,-0.002591530877030568,-0.0025686928982340818,0.008998113904155336,-0.01786309573528816,-0.004208550906517006,0.00041236743578443313,-0.018569798055168507,-0.03316169039912448,-0.009101410202960458,-0.014279306725718477,-0.01831433298023999,-0.06190169319926281,-0.012331743823833397,-0.019270423475213128,-0.00044647682982734693,8.285423137299741e-06,-0.0008272580878045943,0.00024103996719326837,-0.017700065011217236,-0.0006602021528917534,-0.0005134583629504141,0.0,1.1102230246251565e-16,0.07878874817568471,7.30866378140238e-07,0.01321584468535597,-0.013957253583119056,-0.0026035952780567584,-0.003916198171182161,0.05757025861469228,0.00033698327380565773,-0.10704454831318244,0.0006422873734779899,-0.019055588791831557,-0.07544001396577249,5.551115123125783e-17,0.0,0.0,0.0,-0.06636944798353561,-0.0005636465310681071,0.0,-5.43656783188462e-05,0.0006834615736379668,5.551115123125783e-17,0.0,0.00010674526609955048,0.025603658241808547,-0.006515861677459989,-0.0013581396806586765,0.0,-0.0008771848032355645
0.0026704704181483296,-0.0020605315482795095,0.017703022010934877,-0.02617133908517144,0.0012872785550516186,0.014978636292055258,0.02195101568675828,-0.00025405169236053515,-0.0038573908703891657,0.01288070962632315,-0.019841252077981264,0.0,0.02535358331892279,0.004255990268327403,-0.00037542273289042916,-0.0233570822562445,0.005105793553323523,-0.004541595324147163,-0.017616497122049157,0.0021978507484162746,0.011210957218416362,0.00038450866755485036,-0.01754090137277764,-0.0008237754937895914,0.00019860103922181294,0.009637337748824748,0.027365334770116767,-0.02149822808906715,0.003946551685775235,-0.0009934235082652565,0.005540085692154029,0.03995718660927078,-0.00686515132209653,0.021373412373639267,0.07015345940475998,-0.0005349956354784302,0.0017622830904659992,0.01750146301907332,-0.013766169456469135,-0.01640429659011161,0.023531502285803085,0.006482593920189295,-0.0022765473655980695,0.0016192374276783328,-0.0012705020263447109,-0.005565264510887125,0.001524348273923004,-0.00020718040790779213,-0.0007346994054233391,0.0002546973778236872,-0.0012451190474114804,0.001565292593583123,-0.0007091460889987466,0.0001237331224254734,-0.02889511751801732,-0.0004991789093733434,-0.01765559833154523,-0.01244383524692827,0.00016670644788507882,8.944279004330369e-05,0.0014765147444034676,-0.042896584498492596,-0.046207899006353526,-0.0007228965307299884,0.00027898255739261524,0.0017491612571365889,-0.0007452694111546587,0.003322235802685647,-0.013917344251637376,-0.01889201506306243,-0.00885769105162404,0.0005591644787047434,-0.001478837361364005,0.0013447227621438684,0.0,-0.040153130726025554
0.027077394302243596,0.02031396939471186,0.00290871384665492,-0.038571433681131695,0.010186165841504558,0.006508295076149806,0.015410219141474668,-0.014543224555320589,-0.011883049576468685,0.012114491557649154,-0.009297455123667864,0.02535358331892279,0.0,-0.040135139733156244,0.004343073159641053,0.019666056211516958,0.01286567171867542,0.008956726273195381,-0.008238032964480169,0.005836007547188327,-0.006394507454050957,0.023727591708427254,-0.0059928365061373,0.005796668340683264,0.025917264626457104,0.03301433005311727,0.007209516726440657,0.011813149635023945,0.008623189422352406,0.05037046537178619,0.01894735298785105,0.002638349609578816,0.02841855720489589,0.0025166022709534053,0.01198223704436896,-0.01641661373959602,-0.027265354972971056,0.00017745840505978272,0.038555379650032806,0.008653852703622456,0.01089286770832898,-0.0016704814362143439,0.0019570763560057824,-0.003377845266556767,-0.0019435296010368863,0.0007288408958140979,0.0025018364900440404,0.012311845622526074,0.0,0.0012858010479052107,-0.0072435761540162735,-0.0018891339418424247,0.008573246528715772,0.04107321591149393,0.0003932541574752646,-0.0047572006270323874,0.02468112508228021,0.0025475625956629666,0.0010824722671748943,-0.004352079864865743,0.001340859567380448,-0.00020930441089284102,0.001599405199443904,-0.0015917180804356779,-0.003743327521182449,0.05537198738627774,0.0006552376671399296,-0.020858326781870218,-0.0012260115827396612,-0.0007070761505478251,0.0015365082768024618,-0.02420619610282798,-0.0020835274287488437,-0.012074047437944047,-4.759688263811235e-05,0.0018002458264978483
-0.0010438249920539655,0.0002418850348544499,-0.028616660547758466,-0.07927356445133368,-0.05863878445370227,-0.046415224407440336,-0.03259999232981575,-0.006415319910380579,-0.010980510544659317,0.037119509268378925,-0.02785532819078712,0.004255990268327403,-0.040135139733156244,0.0,-0.0009256787510550368,-0.00027496036590696216,-9.820722139403104e-05,0.00011424978941404484,-0.03809345205352216,-0.0007040081482709293,-0.005518204422600592,-0.0005945360276804479,-0.03510780765995403,0.004091991794025529,-0.0004790746935207646,-0.0017512233351179018,-0.034178131678715584,-0.05045343566903304,-0.0011558581506482257,0.00021205211474423225,0.0022072046948272694,-0.026890219424125034,-0.0057529914093205625,-0.09469352689764654,-0.1406383391780337,-0.028823662681776913,-0.04027233598586791,0.0006484718755830343,0.005511316319647019,0.0,0.0004964706474268055,0.0009711199853713604,-0.0032375892759593516,-2.1037979610616375e-06,0.0,0.0,0.0,0.025167216061431796,0.0,-0.05614783534867157,-0.0015030283021425506,-0.002876543235898865,0.0018250069817768444,0.008761285565948018,0.0,-0.01168657500842113,-0.00021946153770280308,0.0014707731385840694,-0.003861398846123354,1.1102230246251565e-16,0.0,0.0,0.0,0.13060593029870438,0.0,-1.1102230246251565e-16,0.0,0.001024748901150896,0.0,0.0,5.551115123125783e-17,-0.005066507566714451,0.0006390837658102333,1.1102230246251565e-16,0.0,5.551115123125783e-17
0.017442849986098574,-0.010143483723052682,-0.0019336822436658574,-0.001816133236199724,-0.0003452445398169912,-0.03009275614279544,0.00301600608627417,-0.030594276956171618,0.0023931064925862833,-0.0025846906686564086,0.0,-0.00037542273289042916,0.004343073159641053,-0.0009256787510550368,0.0,0.009046684997338683,-0.003945665931047504,0.006231483977075292,-1.1102230246251565e-16,0.004162803278419558,-0.0065873880894961045,0.004365758627218441,-0.027650063516793666,-0.0015673466696229932,0.022529618880560265,0.03612331458973944,-0.03157894613104878,4.0213660724319755e-05,-0.01606522509756364,0.005126668386750577,0.013095478208192624,-0.0017198248537091954,-0.040190486353284705,0.0028982367756884564,-0.0006275820688710354,-0.00551447056226273,-0.0023128588042215514,5.899843169926422e-05,-0.00861185436788936,-0.030327045816903708,-0.00546796264809396,-0.011730188001513597,0.05618668226141588,5.179406208666304e-05,0.0,-0.004297758714616073,-0.004899408497320068,6.545325354673226e-05,0.0,0.0,-0.014904302372728884,0.0025702638022558344,-0.00847477834512611,0.0006397544534489374,-5.551115123125783e-17,0.0,0.00113900605091094,0.01971951907960251,-1.1980769128783209e-05,-0.03196152266866692,-0.004455202218845433,0.0005960878722462426,0.0007948465448385234,0.0,0.0006203126492744238,-0.002530469429018245,-0.016133880127583322,-0.006859979605929711,-0.0001446960168177691,-0.0007618082615979405,-0.012501144530135955,-0.014079994718999012,0.0013753507797295006,0.005551779917424837,-0.0020801790000152254,-0.001321043306809877
-0.006888429379577399,0.018930762428446435,0.0001992153343122749,-0.0005388309507242117,0.021546699560771432,-0.0032860112574746303,0.018305038360043102,-0.0002987551499308849,0.03177484936379671,-0.020005428668336045,0.00014243920161399748,-0.0233570822562445,0.019666056211516958,-0.00027496036590696216,0.009046684997338683,0.0,-0.0077875086628241275,0.03814583521593312,-0.00013440150839821863,-0.007455281220208443,0.008049136584662164,0.024106990767432945,-0.003986976941304454,-0.013168078607489031,0.011643567384335918,0.00478152902479706,0.001250476844415982,0.011103497396566409,-0.006076210408960336,0.011041800792464196,-0.014366028749236648,-0.009315462333851221,0.0017001953401974412,-0.021511057555493263,0.012805811292771418,0.0025583247020087296,3.0056187530269618e-05,0.001993106895953889,-0.005350260296211606,-0.01823070065070659,-0.02764085148993861,-0.008453495227590146,1.562200883037379e-05,0.0,0.0,-0.0033422666380319987,-0.01135335853352959,0.0,0.0,0.0,-0.000697590203495968,0.0005576389403554871,-0.00020747203307525108,0.0,-0.04250777324476546,0.0,-0.03398426290309192,0.00043580795029773967,0.0,-0.005264248028886587,-0.010071567582210061,-0.03673379872005833,-0.029885516309085647,0.0,-0.0037657557391451713,-0.0013781897567259893,-0.004572126596609549,-0.0044261964009112975,-0.02318214437251137,-0.039497610451389775,-0.017626717852399,-0.0029461303999285815,0.0014478384753890405,0.0002793679915050751,-1.1102230246251565e-16,-0.00961643265938017
-0.04009288211438794,-0.03200596409015316,0.0007839507799040635,0.0008414048061472501,-0.001888206605946574,-0.0021837362099468294,0.010541496707931974,-0.0006621582925736558,-0.002628853651072016,0.03127139213400232,-0.0023014128429806324,0.005105793553323523,0.01286567171867542,-9.820722139403104e-05,-0.003945665931047504,-0.0077875086628241275,0.0,0.02797712753325099,0.0017256696953845685,-0.004664011948053104,0.010298885136832026,0.0031488529923547337,-2.342933288718152e-05,-0.02345421291653471,0.013326143063654261,0.0008497508043270319,-0.001252679471821394,0.020259474750891793,-0.0043313788699061995,-0.0029912152122954505,0.005631837277750795,-0.008697533757625664,-0.02377263215109704,-0.013524680047922899,-0.004431999116364882,-0.012861573442639829,-0.00037791622765720456,0.0073534671958712106,7.235127188204293e-05,-0.029298919819710778,-0.04195969039412489,8.419981162932633e-05,-5.551115123125783e-17,0.0,0.0009623719326969926,-0.00867170764611469,-0.00048784041888166874,0.0,0.0,0.0,0.0,0.0,0.0,0.0,-0.0661168255346552,0.0,-0.05595721711272239,-0.0014511332662937582,0.0,-3.799345292959666e-05,-0.022882276374167176,-0.05703929897826526,-0.030729948198179646,0.0,1.1102230246251565e-16,0.0,0.0006914041094284173,0.0,-0.022256118755044352,-0.03880096505936759,-0.033359559470750366,0.0,-0.0007532249862650664,9.414710504085377e-05,0.0,-0.07950351997862204
-0.02660118902288361,-0.007326165027846998,-0.002799435889410562,-3.5777004265991064e-05,-0.004369453020901359,-0.012331305337264231,0.014278876990000411,-0.009803319027119561,-0.0017913704451379964,0.004792425200621897,0.0002622834535685459,-0.004541595324147163,0.008956726273195381,0.00011424978941404484,0.006231483977075292,0.03814583521593312,0.02797712753325099,0.0,-0.002060441077948505,-0.0037038930997457253,0.028320682091142635,-0.0007959093380499604,0.0025937889178438422,-0.018702972973899112,0.025637574358198134,-0.008814859494873817,-0.00010737241442221324,0.0058846317900629885,-0.008804689356590789,-0.0047252566298801035,-0.0026858913135934803,-0.010092969350700698,-0.02095847195790579,-0.026172623615897894,-0.006774473258716884,0.0013461134346612336,-0.00017814142148642187,-0.00036904340615750986,-0.012071744780077498,-0.018385352345209993,-0.02558946219757635,-0.012778751032041458,0.0,0.0,0.0006780115498589145,-0.015145753228314962,-0.020180171590703955,0.0,0.0,0.0,-0.001161274907955423,0.0003671749438743932,0.00030213377976195943,0.0,-0.04229931715939961,0.0,-0.053823949737490995,0.0002510456685736462,0.0,0.0008271593518863196,-0.0206547334754264,-0.03194234222691844,-0.018433234378905927,0.0,-0.0020564388069955197,-0.0006595604543889744,-0.005435701370997692,0.0006968023483197583,-0.022065355926626062,-0.028228636726253586,-0.017618766662087282,-0.001207869197443312,0.00044606081045883705,-0.0043135030568598465,0.0,-0.02003337201202099
0.0,0.0011895902024480765,0.0014971257900426305,-0.014108772211154308,-0.012126416935012096,0.006096173116928227,0.00046169403260698516,-0.029923481131644336,-0.02053884120400712,-0.01545181636932147,-0.028926188364834626,-0.017616497122049157,-0.008238032964480169,-0.03809345205352216,-1.1102230246251565e-16,-0.00013440150839821863,0.0017256696953845685,-0.002060441077948505,0.0,0.00033775879853231716,-0.0003218009267634825,0.0014603521238660822,-0.021312448985664756,-0.00027092518502086493,-0.0017200097296200534,-0.0007196296326597018,0.031901372958905105,-0.011791550211557533,-0.001533155135834352,-9.242092471328789e-07,-0.012347808552717054,-0.010947567556810367,-0.0006585720702335651,-0.01494585692399325,-0.017024193401832588,-0.02167297427615189,-0.01191744736706668,0.00632328912540947,0.002944530024343084,-0.00010526165288082812,0.004301648029648997,-0.001407782328124052,-0.011509619935153148,-0.0013999855731746669,-0.00016357806830186172,0.0,0.0,0.07529375109200065,-5.551115123125783e-17,-0.0015177564959028,-0.006427070035057159,0.020184031042098316,-0.011081963318707033,0.019373579456993473,5.962150384297704e-05,0.07284742259142257,0.0010643354440669217,-0.004371753455143068,-0.015628166171075375,2.220446049250313e-16,0.0,0.0,0.0,0.054362495460373306,8.104241583895e-05,0.0,0.00011811757555962865,-0.01461702253761632,0.0,0.0,-5.551115123125783e-17,0.011326307619431764,-0.0009559804807428574,-0.0023151243052552672,0.0002793984497609925,0.00023501878492915296
-0.013928928761830661,-0.007562036330925059,-0.001251576073112548,0.00047961745167501846,0.012186730103150245,-0.023269736753950276,0.00964717232528084,-0.031981811736107424,0.024543219503251057,-0.005222044454827657,-5.424960251970701e-05,0.0021978507484162746,0.005836007547188327,-0.0007040081482709293,0.004162803278419558,-0.007455281220208443,-0.004664011948053104,-0.0037038930997457253,0.00033775879853231716,0.0,-0.014590291821078072,0.007962775944827638,0.04643783417573227,-0.135502277388386,0.019431237632879073,0.00494410545136531,-0.014163475582588958,0.010597106996694583,-0.004590036000106212,0.03185453089247159,0.008934606565979053,0.01690248630547031,0.007247181731343366,0.002109546264336848,0.012675147328370329,-0.0035024700985770707,0.0008186688139076304,0.005829794674841182,0.013875456970347144,-0.03763582946114502,-0.006622488309932728,0.0033957981937274284,0.003329412735495474,-0.0005113527206757618,-0.00044637645473433185,0.00033142884317433063,-0.007387471666593259,0.00021683084962625943,0.0,0.0,-0.0072935325453584166,0.0010748283504489198,-0.005702412248364652,-0.0012128456431624302,0.0008365071183910056,1.1102230246251565e-16,0.001472183613177691,-0.0038566289744420557,-1.1102230246251565e-16,-0.017009517192616563,0.0037901319470702854,-2.4851244536328032e-05,0.001687252624812674,0.0,0.000370925120687815,-0.003042960361683278,-0.003810722729978122,-0.018369602416319575,0.0,-0.000834857385348331,-0.00572581420981777,-0.025832849179418305,-0.012303730899845322,-0.011395860152240811,-0.0010311078615723446,0.0030763650747840376
0.031944986622505445,-0.0010753011235741239,-0.0016302218326725293,-0.0003188512738570015,-0.0008434779310849683,-0.029796612745816964,0.002011637006666067,-0.017424825330915605,-0.001301590537071351,0.01692667203074044,-0.00010329907179762454,0.011210957218416362,-0.006394507454050957,-0.005518204422600592,-0.0065873880894961045,0.008049136584662164,0.010298885136832026,0.028320682091142635,-0.0003218009267634825,-0.014590291821078072,0.0,-0.022946914487491865,-0.008550554475961036,0.017469542616543765,0.029289614366846517,0.01932477294963275,-0.03284747666169552,-0.013691975280055335,-0.030503221339099273,-0.008981826710505236,0.011027211849303997,-0.017442819963531697,-0.03128904553407402,0.002388964112493286,0.001023241884866799,-0.0027430368171222907,-0.0003023947914491676,-0.0030391315323556878,0.013611321522465913,0.030466617377934435,0.01358038748248519,0.02189133991395975,0.0029872789397447086,0.0,0.0,0.08215537317201493,0.020722536139370418,0.002075010574980385,0.0,0.0,-0.005349385865485334,0.00045080994251250894,0.06489471998953061,0.0016181017509121487,-0.0006817850437239592,0.0,0.00042885119368019087,0.05966644010402289,5.551115123125783e-17,0.0070263682990791,0.0067073621571338005,0.0,-0.0006917486844432719,0.0,0.012852079341000522,0.07220491721934585,0.005050347088843443,-0.0006433136458277033,0.0010891886255366967,-0.0038722410042971722,0.028589998581884934,0.0037202734480679678,0.018926848748396563,0.00858995565171261,-0.002588490277813771,0.01603780216337264
0.006046563589635734,0.008650351464479178,-0.0007642445161539779,0.015355153004227018,0.02348709213598238,-0.002562833664361719,0.02574524185078919,-0.0005546138352766627,0.03162877694974364,-0.009445564477779667,0.0004660181420268472,0.00038450866755485036,0.023727591708427254,-0.0005945360276804479,0.004365758627218441,0.024106990767432945,0.0031488529923547337,-0.0007959093380499604,0.0014603521238660822,0.007962775944827638,-0.022946914487491865,0.0,-0.029441051763625048,0.025659123540340223,0.04029969316834214,0.006393396744725499,-0.020934893731699822,0.021561475917037554,-0.004153782833193398,0.02217126816663434,0.01825084074143951,0.01076034781894547,-0.01993768576289051,0.004328773415228693,0.01532392032444263,-0.002029932769368581,0.02712642116901831,0.005062844947746892,-0.0065642745327882945,-0.02746898139150411,-0.01978898177907784,-0.0047452287597953835,0.009345437506892984,0.00017694522394706702,-0.0003837666265530948,0.013057386564225615,-0.009323292585549536,0.00018071411593173492,6.588078058811231e-06,-0.0001317434800922057,-0.0013575692328285371,0.003649161275660451,-0.013089350476190198,0.00035980360527332333,0.0009216673762038052,0.0,0.0011645715224827824,0.0014217446746849771,0.0,-0.019335494197711134,0.00033871478221136897,-0.0009315124665924546,-0.04445498630071337,0.0,-0.010108713724709117,-0.006189820155531323,-0.021896285441292795,-0.013050589577946414,0.002109727159246233,-0.03307214576468853,-0.009595588098167962,-0.014181940197775134,0.014862654210290593,0.0015228981367637617,0.0004781725726200059,-0.00735553805959871
0.005825393295690151,-0.016974345952983805,-0.004591457971669988,-0.008395203974688847,0.006043999110879217,-0.017594146342051198,-0.008479127457635904,-0.03259236929712328,-0.003771907880609049,-0.016813870533427533,-0.03838191769220922,-0.01754090137277764,-0.0059928365061373,-0.03510780765995403,-0.027650063516793666,-0.003986976941304454,-2.342933288718152e-05,0.0025937889178438422,-0.021312448985664756,0.04643783417573227,-0.008550554475961036,-0.029441051763625048,0.0,-0.0008698156077033281,0.00466414929693465,-0.008489615634178604,0.01403019174487069,-0.011875200127463625,-0.03895638537848084,-0.016885272794698147,-0.0023921570014440174,-0.014246411305868678,-0.007279614852116978,-0.006459764491552,-0.004935645577597625,-0.056006604066565546,-0.019324289712070508,-0.029539501973063154,-0.022184548228381396,-0.05097593884133467,-0.03059076834091551,-0.02756327757316368,-0.006004937161458168,-0.0029919871013106003,0.0010100357807080185,-0.0007267399144161857,-0.0018256008620142206,0.043532695963931944,-0.0011465102448995346,-0.011810836337656228,-0.050506301202970505,-0.011612389876519469,0.01910212190244287,0.007395237583949221,0.002299095254286343,0.009961658672300477,-0.0033577747932634905,-0.022903885903246934,-0.0029843801726383568,-0.03369196509037942,-0.0005240298040967151,6.0453400723026185e-05,-0.0016651015756331544,0.048620119471789236,-0.015372138405317981,-0.019836369384057584,-0.02398984619140787,-0.015644811811416748,7.445781750325953e-06,0.001981494624465452,-0.004772401340729093,-0.0285795679821918,-0.02717396816776646,-0.035711454550961474,-0.03243254104035209,-0.033728923347288886
-0.004499430593167819,-0.013788419407523012,-0.0020099733797339647,-0.02529203524840984,-0.003602773299240636,-0.0009402420541547163,0.0015940435325069724,-0.005517730079869887,-0.006374100627185242,-0.008993163534094961,0.007087917878329852,-0.0008237754937895914,0.005796668340683264,0.004091991794025529,-0.0015673466696229932,-0.013168078607489031,-0.02345421291653471,-0.018702972973899112,-0.00027092518502086493,-0.135502277388386,0.017469542616543765,0.025659123540340223,-0.0008698156077033281,0.0,-0.011543910480318553,0.013932232442087522,-0.003391248946570169,0.011175876036892629,0.011257142606130477,0.0008142038192681111,-0.008741307622080363,0.05972839437432448,0.02596949484608224,0.01668515359268785,0.03988669143339868,-0.003537526518367806,0.0025534278536769595,-0.0014130606085922537,0.04128929886640359,0.00287970851925734,0.023295997107228628,0.007191658655338495,0.0005622000161709662,0.00018804898790242275,-0.03647258096948186,-0.0018882616896239157,-0.006085015324019505,0.0,-5.551115123125783e-17,-0.00023877985765846654,-0.00018160114353571455,-0.00040049725187674134,-1.6653345369377348e-16,1.2813298115477156e-05,-0.031191548360367916,0.0004056526157497631,-0.008405914683018045,-0.003642705307466021,0.0,-0.0018667519885078865,-0.027690513453103027,-0.030330910213416606,-0.03562219396019095,2.9098329733023842e-05,-0.0008868816725600692,-0.0012503671314668119,-0.004964016926426396,0.0005902637506581265,0.02558305013059281,-0.029211554936561024,-0.005331694025415945,-0.00032257828297044266,0.003191161700809908,0.0003881765618864441,0.0,-0.019978068572979235
0.005346346806786195,0.03759384864253351,-0.006493816069373659,0.0006949206778427697,-0.008333425006958273,0.01259525729780503,0.03403009373848309,-0.002205352789876436,0.031119468979275755,0.010615676884557501,-0.002591530877030568,0.00019860103922181294,0.025917264626457104,-0.0004790746935207646,0.022529618880560265,0.011643567384335918,0.013326143063654261,0.025637574358198134,-0.0017200097296200534,0.019431237632879073,0.029289614366846517,0.04029969316834214,0.00466414929693465,-0.011543910480318553,0.0,0.008851959184740799,0.0063657597576616265,-0.0015050351755865887,-0.003131160067909755,-0.001890984297178766,-0.025098693853518317,-0.006579765839895835,-0.019253645978387746,-0.03703259539412096,-0.014559302471688684,-0.0007872498909072267,0.00035032480602098515,-0.026264666177070295,-0.007078279442769342,-0.011241463783280725,-0.02062364449474474,-0.004646676446503906,-0.0011137879399741868,-5.551115123125783e-17,-0.08590588921104181,0.011640566787584461,-0.018212941781850178,5.551115123125783e-17,0.0,2.220446049250313e-16,0.0016992183896227808,0.0010361915231844598,0.0009828571524014285,0.0004637291089230611,-0.04746671922608814,-0.00035510643227321115,-0.04344560392528907,-0.0023415628600890193,0.0,-0.0012357895923312823,-0.003001193107527389,-0.04191497441923231,-0.01849954135858778,0.0,-0.0026418345130082566,-0.003806287454850288,-0.004642470323579562,-0.0008148490266276509,-0.014734930644881405,-0.02652324385834648,-0.01273221155675558,-0.0015697220292222869,-0.02580247656519724,-0.0037327843104601466,0.0,-0.01937790245582105
0.0075525391901447025,-0.005239356338224532,-0.006495599257958784,0.0010398105456902451,0.018942559692834315,0.004626534299562446,0.026136323220339486,-0.0027852608446237714,0.020142803846653345,-0.0020015486625911683,-0.0025686928982340818,0.009637337748824748,0.03301433005311727,-0.0017512233351179018,0.03612331458973944,0.00478152902479706,0.0008497508043270319,-0.008814859494873817,-0.0007196296326597018,0.00494410545136531,0.01932477294963275,0.006393396744725499,-0.008489615634178604,0.013932232442087522,0.008851959184740799,0.0,-0.018769170855754802,0.017417672465420198,-0.002035735410818862,0.04948700162716685,0.006426830087820634,0.024120694282272814,0.012839135877458274,0.014584328436882621,0.05382787395685956,-0.058621350464095,0.0014365941076244781,-0.01929647790745498,0.013357043880743047,-0.003754549860723433,-0.010531533358703327,0.015061111036550001,-0.005979353460597858,-2.4565944700793985e-05,-0.06953017692588132,0.008053182070406562,-0.00018311731652365104,0.0019590373920626014,0.0,-4.247326644596372e-05,-0.003501998924220262,0.002164926747408924,-0.008306093691822225,-0.0022003644584951965,-0.05953685703461875,0.0,-0.048892061831630584,0.0004355427510646104,0.0,-0.0058753148021079005,-0.006091375107636909,-0.050992667167600814,-0.026273171043683874,0.0,0.006479649866614257,0.02876253168084053,0.009070374345016174,0.0004940826376175211,-0.005181174381595488,-0.029793457481398944,-0.00047770659832163664,-0.008481934964299553,-0.08237511134887432,-0.00529732845918085,-0.0004574036884629207,-0.0183224930050771
