0.0,0.015751446389373147,-0.0007064715995254156,0.0,0.0002731640164292948,-0.0019503966338811352,0.001032702134623198,0.024581013650298855,-0.001106918790880762,0.053777215517697874,-0.0024977245891353306,0.04461422430123291,0.04149932034011877,-0.004797577636308725,0.011861060122638045,0.04399455987559486,0.04095932292064636,0.050827175009781844,0.0,0.010700773000681008,0.031885636424628216,0.0074512891533203285,0.029507868086260325,0.047842465957678604,0.03358581779109593,0.04619102851093143,0.0312723827944828,0.02007991043987778,0.001209439067015372,-0.0020944206871850723,0.04937336344583532,0.010375035838408209,0.046672229875913296,0.034415676371788384,0.006643336499317476,-0.000763685026901384,0.000785884518574087,0.01979114821519401,0.010746153925848823,0.014140533959628554,0.025646208007831406,0.059810931720184535,5.044135967380292e-05,0.0,-0.06411060247464428,0.05531994700362464,0.021541781473451038,0.0,0.0,0.0,0.002256436657022076,1.1102230246251565e-16,0.002084143167330965,0.0,0.039353970857568255,0.0,0.007762594486490859,0.0014046291285862988,0.0,0.00011643267349858988,0.0007928995936796746,0.0002760519016220542,0.013945947818071014,0.0,0.0005244824601213782,0.030961513613099456,0.00894223845723252,0.016237813841677884,0.018165114653827696,0.015342684157870767,0.01817241376203188,0.0028368114061882443,-0.0003663550906732316,0.004934051303368381,0.0,0.06431205078096613
0.015751446389373147,0.0,0.00432169897292467,-0.00022690787524531908,0.032922960021278425,0.03914358103891136,0.05964488130201778,0.02800606109062237,0.04732715677775379,0.005892224557165815,9.94259722885138e-05,-0.0017746737786368816,0.05055623333239928,-0.001254998974577759,0.010702514486058246,0.021945699970567667,0.006632811146740414,0.015519743098067695,0.0014060909153368328,0.01743229975671501,-0.0032508508275425063,0.014255572800391414,0.0243097928371529,0.007324720444142119,0.004128359289590711,0.0110216879115968,0.02826629314477469,0.03420970675535118,0.024422298723005886,0.0013227584257851643,0.03942827405366306,-0.0007487055582666713,0.015255562604088724,0.03281766558330562,0.005756885165090653,-0.000604365743746782,-0.00030870297819118875,0.0,0.008890436885441999,0.022895285876376403,0.01678503434215739,0.010980629250696039,-0.00037420564690254787,0.0,2.220446049250313e-16,0.010937935288568179,0.01599711698271511,9.012017551779383e-05,0.0,0.0,0.021165454573539466,0.0008359900440042534,-0.0004993283077068256,0.0007901691118817333,0.0029052343894644395,0.0,0.0008518645898115684,0.003698362806991762,0.0,0.005263852392930868,0.003980380801793082,0.0043621374902505505,-0.0030167884166740766,0.0,0.0066317167749660455,-0.0025340481771658485,0.008304283823700187,0.024001799064124085,-0.0007911517992366113,-0.0012110501741636748,0.02020296764831747,0.00367489457173642,0.0005194822202541083,0.02259371273130717,-1.1102230246251565e-16,0.007740354757578061
-0.0007064715995254156,0.00432169897292467,0.0,-0.023918990458304423,0.0032746879905999893,0.04044765715070653,0.04691369731190148,-0.0011252620601242547,-0.016598531658208793,-0.00014719164857990297,-0.0348139101008782,1.3294092206239672e-05,0.05056469071868014,-0.02795113154883866,0.0007740410455253088,-0.0009908500883346605,-0.0019525854714878,-8.09062126000959e-05,-0.03379442259613341,-0.00039736476413937405,-0.006370522854497684,0.005616549304199525,-0.008172463810787789,-0.000703121894177261,0.0031541607076942535,0.0017480775008200666,0.00874471302198393,0.04223609623493596,0.005004191860285612,0.00290155607752951,0.03545351419649623,0.024330165471027787,0.0018465314676316957,0.029648916677707027,0.010439370012112204,-0.009927394686324864,0.008300398541584542,-0.00207758067733832,-0.05673059633544575,-1.0330610412112584e-06,-0.0017125750429837217,-0.002558765845553923,-0.05203931204054002,0.003688269843261871,0.0,0.0,-0.0002507276385654289,0.10850381580753027,1.1329264210102608e-05,0.007523744463669213,-0.007266994451770481,0.003959728329323564,0.010827086556363441,-0.010216826041726246,-0.0003679059320074729,-0.007584449545413541,-0.001319339109210893,-0.0012228420958323438,0.015312672885283596,-0.00045731745870752905,0.0,0.0,0.0,-0.034784932267203694,-0.000551944311174779,-0.001427470258375474,-0.0005376919334413865,0.005641809878787818,0.0,9.983839414229312e-05,-0.0007575293299856845,-0.008903985626521616,-0.004969846359099361,0.0024714638117623866,-0.0003292065496560692,-0.030141820946394504
0.0,-0.00022690787524531908,-0.023918990458304423,0.0,0.04891018970191119,0.0322913179035455,0.0273374428518407,0.01823048362742885,0.024417080146222903,-0.008478500853814769,-0.0037786561354570813,-0.007364030584566916,0.022131201355441166,-0.010260721258869898,0.0020949502849897383,0.0007049020596741618,-0.001003444893785732,5.158994604476108e-05,0.003261550289504034,0.0012654173916685219,0.0012170810498306484,0.0005467427607386832,0.005442324208092486,-0.00402601067364583,0.00038879393672291984,0.002994768597570585,0.02438689535593197,-0.011343463707830292,-0.0008075707291342882,-0.002040605290965669,0.11028682516556282,0.003874519349442773,-0.016765866866542856,-0.02959581916615389,-0.0393306429472885,0.004645040556012198,0.011471416338254076,-0.006704041315984011,-0.00010998496474962094,-0.0014131967033483295,-0.0007644614237758418,-0.0023407150722462022,-0.004407612993074461,-0.0016417455926406865,0.0,0.0,0.0,-0.0011978927875688217,0.0,0.0,0.0007849995494139117,2.220446049250313e-16,-0.00011807046122480624,0.00017481673549740728,5.551115123125783e-17,-0.0011724104129580692,-0.0017269648432842732,-0.0004882127749288867,0.0,0.0,0.0,0.0,0.0,0.0,0.0,0.0,-0.00010410263513610518,-0.0013324366611779381,0.0,0.0,0.0,0.0003932697638642235,0.002078147732454849,-0.0001547818483634278,0.0,0.0
0.0002731640164292948,0.032922960021278425,0.0032746879905999893,0.04891018970191119,0.0,0.013008331080497038,0.032075670270203416,-0.012883446550265631,0.020325742204593933,0.011066430755801604,0.005534159955232321,0.0021459294912510862,0.035361733801666906,0.03822442030038081,-0.0007284087221062774,0.07794092200311792,0.001529844952088244,-0.001390222123410556,0.012739317192407229,0.04224450450456235,-0.0035512920847116103,0.03824126397933214,0.032942142157093235,0.0031898662960073154,0.0003834925283323076,-0.004378232121516501,0.014354456070769017,0.03585350606533538,0.06360093997484784,0.003914501278841909,0.023259637811167078,0.05478913447309708,0.0016598705021364513,0.021117863306396478,0.03864812800526779,0.005869443720026318,-0.03468830830993053,0.004679461322101064,0.012555424473591092,0.0007465631714635435,0.00034261006626779,-0.00041805148392698444,0.009055565019831291,0.0032074382101366927,-0.0008427374603551807,1.1102230246251565e-16,-0.0003398096144294205,0.0075484144432472755,0.0,0.005775548939018049,0.009144056196624062,-0.0014161529933927053,-0.00010086806354026034,0.003243975368077523,5.551115123125783e-17,0.008386099242638223,-0.001930104297337587,0.0020822864445907974,0.002915068350748229,-0.0002023479824104224,-2.32943024016663e-05,0.0,-5.551115123125783e-17,0.004214801601954921,-0.0009319596716728662,0.00021808932547012772,0.0006461545207801511,0.0075218446894657065,0.0,-3.312118427872823e-05,0.0004209460129989129,0.0008869686324850523,0.0018716056294703631,-0.0023046916712722854,1.1102230246251565e-16,-0.0035947981784409944
-0.0019503966338811352,0.03914358103891136,0.04044765715070653,0.0322913179035455,0.013008331080497038,0.0,0.043464144716639175,0.050553132800444545,0.00918369421257137,6.859713317297622e-05,-0.012898015582224809,0.00607838308892622,0.04196639921953882,0.012001894772515065,0.030015311980480797,0.0196786994243891,0.0037070197749182743,0.017018618493480853,0.009351822176200786,0.037159471316171866,0.03222910460600692,0.032849415476448984,0.03663283538007561,-0.0015540100938961632,0.03656082536021482,0.04694075336404019,0.01868736951687905,0.005116309756355464,0.01853660422147152,0.03814207350486065,0.029987950165876687,0.02771573461350768,0.0481453997727091,0.03783051086132466,0.03044551653538974,0.018693540215197813,0.025368235729513355,0.000601844851984612,0.002846412031067669,0.0003458727208433543,0.009374318943697113,-0.004024591161558899,0.003701578261761096,-0.002109278219007138,-0.001706443043781647,0.0008624957853247128,0.003225287981731162,-0.021649470965176998,-0.0005670617513070519,0.0024104257098392923,0.014208234230239924,0.0027087119523826475,0.026735979605379045,-0.029590317269511446,0.0009263883904908066,0.010510863592491981,-0.0004174655381058434,0.007707047599104344,0.0012502630702656004,0.01590628855546594,0.0034208121106586997,0.0,0.00044798679013280385,0.00769547574440943,0.0350463689119625,-0.006016254746777361,0.026091230708411906,0.02016716699219634,-6.065779679759187e-05,0.0013145129120262777,0.04426281256813641,0.015639690286776198,0.0042949684003770194,0.009909535044400397,0.0017953904800142029,0.0023206882242283733
0.001032702134623198,0.05964488130201778,0.04691369731190148,0.0273374428518407,0.032075670270203416,0.043464144716639175,0.0,0.05194354923888411,0.03397909637928648,0.008713786899261333,0.02770324911589972,0.04835362379406749,0.05626867933259755,0.012290275575432053,0.0852852856483709,0.05283956173565291,0.011061241659354015,0.0395696549604182,0.028224324664413658,0.049995476059932764,0.056399581261042664,0.05527594201138286,0.06216489065520964,-0.0014110537910173027,0.04652939504314457,0.05909794379046418,0.052194652668641095,-0.00500618751806059,0.04579312107299904,0.003235869978660988,0.027156833528472146,0.0087783038979104,0.00691252748142579,0.0024456059487198978,0.06385771552008956,-0.0028694902914102594,-0.03224945700125126,-0.004515080943310379,0.00421225038000933,-0.0008058178619209655,0.0052515314856093065,-0.004123382416010568,0.0004183399510080954,0.0006161484464877742,-0.0007642662170461723,0.0,0.002787118770942898,-0.0008887798647009282,0.0,-0.0012955723009147047,0.005622269873093055,0.004007424633944989,0.03798528636651921,0.006831010986086183,0.0004865301198652694,-0.0027475917586663456,-0.0005358722550592998,0.0021195782290652776,-0.00271267444907769,-0.0016520621754089748,0.0013274804745513347,0.0,-5.65836359469607e-05,-0.0014227061240382755,0.0009452060066001966,-0.0006716468081975346,0.0017018657082973343,0.026625743903923582,-0.00015915378359449006,0.00039490731507274557,0.0022357726109240583,0.00867918076280183,0.003559532726756409,0.0008963241588924031,0.001967022713460609,0.000173660519515062
0.024581013650298855,0.02800606109062237,-0.0011252620601242547,0.01823048362742885,-0.012883446550265631,0.050553132800444545,0.05194354923888411,0.0,0.04034782337290388,0.0025352514270605697,-0.05895022749220047,0.013020117745983106,0.05063730752528428,-0.018300078990762914,0.008871717728683892,0.0392618201615495,0.0002630899921304275,0.020447264309524815,0.0066944358391284875,0.031217801603341366,0.024026416967776965,0.048871614612482406,0.012125153705594749,0.0292748984202571,0.020411863537195596,0.029834059776817967,0.044256038398543085,0.0504179643658999,0.04972869448454248,0.04810288378035499,0.0359033906751825,0.014121084871603573,0.014696616586007183,0.0333924785028018,0.05048292787245434,-0.04048616086399867,-0.07952302463843947,0.005739498795738929,-0.0027940447817456637,-0.000842729573185319,0.03033473385755836,-0.01070908841410223,-0.073961450278334,-0.0015272156788663227,0.0,0.0009002716990638149,0.002499856227456576,-0.023828096386505515,0.0,-0.00585066376060861,0.03800931969994831,-0.023508604203273664,-0.017197350327532834,-0.021324721298193072,0.00048023791582268993,-0.043690474800927415,0.00026449136372763693,0.014813818470466311,-0.03616990080201071,-0.0025780736420255024,0.00038728902956003397,0.0,9.646462267681732e-05,0.0110533375828612,0.0266625933866087,0.07586801799255238,0.00014024288224956383,0.01748071236689025,-5.551115123125783e-17,-0.0005665781538901626,0.0017111529734941122,0.024966372074456566,0.018892343656247035,0.008221172793152653,-0.0011220382017805841,0.013711341772234764
-0.001106918790880762,0.04732715677775379,-0.016598531658208793,0.024417080146222903,0.020325742204593933,0.00918369421257137,0.03397909637928648,0.04034782337290388,0.0,0.009528478241892901,0.006064346222141137,0.012640299939162714,0.031070232677333998,-0.0021798816633137874,0.057306584531805094,0.031388898268119525,-0.0015115109627628631,0.0038597507232487893,0.0015114761923766262,0.05752820810820358,-0.0016161603319709839,0.05166983467719316,0.04324235905292234,0.0022761636063124424,0.03647769197230322,0.04461766437862491,0.03037314129390467,0.03373661286436025,0.05154687458005808,0.03628362811814201,0.02793136088141951,0.022765071958539107,0.009673972074224213,0.027054799591575973,0.02951002315360457,0.025766047741428988,0.021886637580667556,-0.0017777022996758318,0.006881738570536422,0.00025831003677279085,-0.004672410844125285,-0.008592880339445053,0.001367974928492166,-0.004032316838202155,-0.001824698653296597,-5.551115123125783e-17,0.000766016977463535,0.013740344489973966,-5.442631648200358e-06,0.008848021246333548,0.01734020565948413,0.0063443967584903005,0.03608493694046133,-0.0018357798280079773,-0.002943732062873128,-0.003382261684278687,-0.0015561584923578509,0.0036888850206909796,0.06903854918248287,0.0011355508066089315,0.0011982485257225894,0.0,0.0,0.009451782882150983,0.0007015123938444723,-0.0001537403032634277,0.0007781151755003046,0.02373346854171854,-0.00011153286348508651,0.00025403836760884424,0.0004730896866691481,0.0025905955202415454,-0.05885857084874613,7.946291512250792e-05,-0.0002998380721065397,0.004978088930660096
0.053777215517697874,0.005892224557165815,-0.00014719164857990297,-0.008478500853814769,0.011066430755801604,6.859713317297622e-05,0.008713786899261333,0.0025352514270605697,0.009528478241892901,0.0,0.00919862303191571,0.008137608388531004,0.0116407108110273,-0.0024195722120602947,0.0004902573614511407,0.057259576749304875,0.030585907811487845,0.027404163429477046,0.002869164035537164,-0.0029055599281178623,0.059720710063813354,0.009440099696241155,0.00033429502413090395,0.02315617447000623,0.04775894128300179,0.05700230600327644,0.003648864271361185,0.023001659854040235,0.005522915980813781,0.0014652615855789697,0.029435968432851567,-0.004136962997034477,0.05685702862040687,0.03208076782682817,-0.0037530857974000797,0.06464513391050347,0.0013253088456506856,0.01032418682183639,0.02311703365742579,-0.003935628200628427,0.02590725650158332,0.01774057144306712,0.09192012104908681,-0.003454986971076879,-0.010961916613991984,0.010073080219385522,0.0014118707055538748,-0.0011728831742869872,-3.090401647287688e-05,0.0004782576053819487,0.002971206736554377,-0.04154186008457966,3.0104410599862685e-05,-0.0013833819113251988,-0.0012705882597085494,-0.0012702429075747146,0.0002767952106227378,-0.014193429236511346,0.0,0.0006305123422947756,0.01538526243380317,-0.0032169975325011535,0.020676831461137635,1.0158312160613026e-05,-0.00016504690326529792,0.0011796077109515468,-0.0008939624731750806,-0.0011518072054277906,0.014637097417927403,0.004909855654320117,0.011019194064316451,-0.0010633309699270566,0.006438929767091872,-0.0006186090795664012,-5.551115123125783e-17,0.020872662877126247
-0.0024977245891353306,9.94259722885138e-05,-0.0348139101008782,-0.0037786561354570813,0.005534159955232321,-0.012898015582224809,0.02770324911589972,-0.05895022749220047,0.006064346222141137,0.00919862303191571,0.0,-0.0006869866728659302,0.020794468069363414,-0.010540730409364929,0.0,6.913202905078908e-05,0.00038223529691860936,-0.0010457233826945411,0.013034178835992616,-4.486377628526439e-05,-0.0002168680755550434,-0.00034628143364373587,-0.047557905166306425,0.002808045872323195,0.0011472936108448684,0.002536977725903,0.024538091504939352,0.021261749543032615,0.0024290226250162084,0.00034327807268286215,0.007325328737529058,-0.009458782161666068,-0.001075346777879349,0.0011186221742390812,0.012881945373613757,-0.044958198955680484,0.019642212497769207,0.013562608701281786,-0.07132964982396117,0.0016229060684267993,-0.0012153312023778784,-0.002341746033827974,-0.06745803091984554,0.0005658110214599721,-0.0008140182650647754,0.0,1.1102230246251565e-16,0.0023072644736530368,-1.0538992237241196e-06,0.0022180423087196366,-0.04710550464467289,0.002834143090051422,-0.06413977420168893,-0.04183038929642652,-0.001741862282021167,-0.045352666890175364,-0.003591922943147252,0.0007463644616307885,-0.05036902363862811,5.551115123125783e-17,0.0,0.0,0.0,0.04477532480315183,-0.0005705498938540221,0.0,-7.662601150781878e-05,-0.031505339449711456,5.551115123125783e-17,0.0,-0.00015392519948481675,-0.04500996913330668,0.0029485513662699248,-0.0014415274125708644,0.0,0.0004817518377224217
0.04461422430123291,-0.0017746737786368816,1.3294092206239672e-05,-0.007364030584566916,0.0021459294912510862,0.00607838308892622,0.04835362379406749,0.013020117745983106,0.012640299939162714,0.008137608388531004,-0.0006869866728659302,0.0,-0.005214508059561251,0.0009148088784828867,-0.000282530836831163,0.002225863362036118,0.06430913395595034,0.01173402843834559,-0.0018983552773983448,0.0049863556664190845,0.0466734240421085,0.0020493305617744206,0.007752530200622221,0.018215870393852973,0.054239134895449403,0.02432272211706904,-0.001020410058311827,0.004663679094542406,0.0019018811863144025,-0.0016950606791342193,0.0026974103052056497,-0.05347527539446137,0.01681972112557012,0.0025495647869293037,-0.0115791293087954,0.010849215399638068,-0.007607308654052625,0.006833374933139819,0.127000845633167,-0.018436180106569056,0.02320693823057718,-0.008477560082081281,0.0009445340149765724,0.00026214131459123546,-0.018723151557605067,-0.04269126963468528,0.0011823438808095665,-0.0010732470803627714,-0.0006258391352325365,-0.00020595544628632112,0.0007217745126766872,-0.0012261581669381627,0.00021279986456662625,-0.0006054676467169284,-0.004801485021427854,-0.0020816763161701224,0.0019391149818762665,0.015212963715704075,0.00047733751163758775,0.00014414157081077406,0.0015749692133159576,0.01755607540647719,0.0033994731050211446,8.928706070471248e-05,0.0006552065022329412,0.0009002997264430102,0.0005014220924087764,8.054965363130107e-05,0.010911908280988813,-0.004293760362997445,0.011209480131951444,-0.0022639035364038773,0.02142970562584179,-0.0023314943164219892,0.0,0.022207318533356724
0.04149932034011877,0.05055623333239928,0.05056469071868014,0.022131201355441166,0.035361733801666906,0.04196639921953882,0.05626867933259755,0.05063730752528428,0.031070232677333998,0.0116407108110273,0.020794468069363414,-0.005214508059561251,0.0,0.011382407208413992,0.050739704372880334,0.04305239720031029,0.019439813976536047,0.03104104513976541,0.025823181100488257,0.045450442159820525,0.062155541079656706,0.046184087731115264,0.05957019681669651,0.001138000516526072,0.03716370626823923,0.05251579623310354,0.05435175957491167,0.03126423021033581,0.05611881144839648,0.061215563022593844,0.02111775177776537,-0.0003984022078764027,-0.020847476225105188,-0.0005818471607827447,0.03308373409276133,0.007876384161411398,-0.05789336018837293,-0.0050650804346134,0.001601367947564658,-0.001654706166376807,-0.010370632539235314,-0.011452179829484377,0.0021542334806259333,-0.0065937624106944814,-0.0035404814716559208,0.0005017576536804902,0.004009650075247229,0.0012703902877134743,0.0,-0.001535572432640131,0.04166033862184887,0.002830132171519506,0.04325489989768977,0.010097915877303465,0.001479693817265204,-0.0019518758813453219,-0.0016450350711917916,0.0027470167341671625,-0.002046761341414405,0.0014973738276600201,0.0007438811663311728,-0.0004204551471905793,0.0020104917925026777,-0.006712026625687373,0.0010981345256942943,0.002465479845452645,0.0017794348058534637,0.02889323816178313,0.0016275960365700892,0.0025377855798993654,0.004612648373894801,0.028271860440805208,0.002195652149322047,0.0014340428662646398,0.0018107677126811828,0.003886698654834153
-0.004797577636308725,-0.001254998974577759,-0.02795113154883866,-0.010260721258869898,0.03822442030038081,0.012001894772515065,0.012290275575432053,-0.018300078990762914,-0.0021798816633137874,-0.0024195722120602947,-0.010540730409364929,0.0009148088784828867,0.011382407208413992,0.0,0.001154003020883032,-0.0006685307384792227,0.00014161345693619598,6.961772470831518e-05,-0.0011592229327878623,-0.00012274168661452478,-0.007698213772717566,-0.0005009375950499884,0.004612055368165224,-0.0010842096619703145,0.000209787910935455,-0.004154039567088652,0.005352058389385295,-0.0736644384153479,0.0024282786533911804,-0.0007525626137682706,-0.03491561114565339,0.019873753648797177,0.0013740818720480719,-0.0010868660579781975,-0.00956977516183205,-0.01212777302242965,-0.008307268644654447,-0.001252315793655201,0.006381917486040445,0.0,0.0008252688252486373,0.0007992891994248463,-0.05131628948254391,3.0336476048442584e-06,0.0,0.0,0.0,0.002861408363310669,0.0,-0.003577679401384537,-0.000795240947095599,-0.0003813686429728902,-0.05327418764720937,0.0113394172641339,0.0,0.006779159816683977,-5.820464195899211e-05,0.001935110468039014,-0.0017716020071365524,1.1102230246251565e-16,0.0,0.0,0.0,0.0006036052671791747,0.0,-1.1102230246251565e-16,0.0,-0.0886721736228448,0.0,0.0,5.551115123125783e-17,0.004211140884640863,-0.0002520174470943548,1.1102230246251565e-16,0.0,5.551115123125783e-17
0.011861060122638045,0.010702514486058246,0.0007740410455253088,0.0020949502849897383,-0.0007284087221062774,0.030015311980480797,0.0852852856483709,0.008871717728683892,0.057306584531805094,0.0004902573614511407,0.0,-0.000282530836831163,0.050739704372880334,0.001154003020883032,0.0,0.03307802999423842,0.002372039974197049,0.03126184446803182,-1.1102230246251565e-16,0.03767845271698267,-0.006399728422710804,0.04138091869579791,0.04574166603913654,0.002871244450675714,0.02793916490655718,0.04441696224532976,0.04096600159317043,0.019403535688714668,0.011568617523517621,-0.0091758718629244,0.017308897173632598,0.0018876955542048712,0.0067881617523931626,0.027832957027887018,0.01915177590326511,-0.0031688294797328487,-0.0022332824908988247,0.00014510041174431443,0.006205257236321315,6.1191747974254085e-06,0.011204633164443256,0.012698325791974163,-0.0016442528154163027,0.0008087338816435974,0.0,-0.047797683724103424,0.0026761029448567064,0.0007367335883319281,0.0,0.0,0.015358899313973218,0.000996241089251948,-0.004722740042416573,0.00023964410609289555,-5.551115123125783e-17,0.0,-0.00018132435217987908,0.004043960380641254,1.7276103620567085e-05,0.003930418687951853,-0.007771682653991585,-0.00022138898344364888,0.005046201325815847,0.0,0.01628796245381503,-0.022675279480629862,0.004494667315925849,0.0038879046212247914,7.194013352107564e-05,0.008086082798203442,-0.0034641708655578363,0.006598798877815559,0.0006419037848865439,-0.0048041516464106815,0.0013453889593745272,-0.030098979746883137
0.04399455987559486,0.021945699970567667,-0.0009908500883346605,0.0007049020596741618,0.07794092200311792,0.0196786994243891,0.05283956173565291,0.0392618201615495,0.031388898268119525,0.057259576749304875,6.913202905078908e-05,0.002225863362036118,0.04305239720031029,-0.0006685307384792227,0.03307802999423842,0.0,0.026249535003157243,0.032250111429990125,-0.00018398686676146525,0.023811885223312457,0.035447014286503264,0.028313095637674757,0.034821591125976714,0.01475914288965996,0.03928437764578441,0.0540850040349109,0.022114842488265063,0.02553119772712048,0.01518139662788992,0.030711752683051374,0.039396292166584634,0.01729692662801524,0.06489572634225921,0.04148048600711801,0.030733170454216086,-0.0011903038960859869,-0.0008460293567624788,0.0014188558053033207,0.02672521162192093,0.03466778954061439,0.037007907223459424,0.021876111282580768,-2.2526720981852488e-05,0.0,0.0,0.03473731683016518,0.03219594799199027,0.0,0.0,0.0,0.0023500450995169175,0.0005990447038636271,0.0014666219868890162,0.0,-0.0031080391600826762,0.0,-0.00399441761253122,0.0025433356958671216,0.0,0.01689051473286063,0.017595301450815337,-0.0004001972042454449,-0.0012748527302086643,0.0,0.02482251472614816,0.02482070036929568,0.03453489967900403,0.023981738832970445,0.0012720650887194651,0.01735889423174053,0.035374757097020926,0.006355933022789251,0.005713724126189701,0.03070879961202777,-1.1102230246251565e-16,0.030263162548434253
0.04095932292064636,0.006632811146740414,-0.0019525854714878,-0.001003444893785732,0.001529844952088244,0.0037070197749182743,0.011061241659354015,0.0002630899921304275,-0.0015115109627628631,0.030585907811487845,0.00038223529691860936,0.06430913395595034,0.019439813976536047,0.00014161345693619598,0.002372039974197049,0.026249535003157243,0.0,0.018522456072080085,-0.002505532174070624,0.002522137026844229,0.022433547432042178,0.011069838946107136,-0.0002747970565693536,0.026512242300506195,0.029498892026370238,0.03697227537831965,0.0012278624598928145,0.039507291219263996,-0.0002512430728953685,0.0013549856380886127,0.03706689521975781,0.018245721000831605,0.05391157063260521,0.03629672336023554,-0.00020893439078084608,-0.008321996398346299,-0.0002918328062684883,0.009489305621367072,0.012916481505513555,0.004913494686415054,0.004472599694369528,0.0014107573260240813,-5.551115123125783e-17,0.0,-0.0005063738767852044,0.037925817567001585,0.005021894916687031,0.0,0.0,0.0,0.0,0.0,0.0,0.0,0.0007213838442235443,0.0,0.01154028834785209,-0.00018218872680014764,0.0,0.0005567095338842032,-0.0009653793987815518,0.017065301800634924,-0.002983094737813663,0.0,1.1102230246251565e-16,0.0,-0.0005107120198525328,0.0,0.06889459552153399,-0.007157348438856459,-0.0016846377785028066,0.0,-0.00261183839725454,-0.00013575882522798288,0.0,0.011145859252008727
0.050827175009781844,0.015519743098067695,-8.09062126000959e-05,5.158994604476108e-05,-0.001390222123410556,0.017018618493480853,0.0395696549604182,0.020447264309524815,0.0038597507232487893,0.027404163429477046,-0.0010457233826945411,0.01173402843834559,0.03104104513976541,6.961772470831518e-05,0.03126184446803182,0.032250111429990125,0.018522456072080085,0.0,-0.0005625690929873528,0.020709401086407064,0.03151107434641243,0.02693978307538253,0.02732514489723009,0.028278227172165216,0.03608733068455572,0.05119506632997234,0.021269286146861854,0.030000270214000146,0.021151804979420763,0.03449112573699309,0.02780285941040772,0.021480892113479866,0.051444071901597666,0.03638270355075102,0.016959716874799025,0.02710199445445638,-0.0006361887620597306,-0.0008864432214172879,0.009806297512442663,-0.010954134521057757,0.014571384364998663,0.009906897992042585,0.0,0.0,0.002659120499139689,0.04618897792689075,0.028180951326684134,0.0,0.0,0.0,-0.0004618088203163784,-0.000276379607455135,-0.0006889414520942494,0.0,-0.003823563938811947,0.0,0.0026946001290162336,-0.0008058326905424074,0.0,6.78548799958878e-05,0.010581699840691239,-0.03605222940374031,-0.012714477351713716,0.0,0.0031354842252712123,0.025103554838718678,0.02073236125142497,0.0029756051930411864,0.00899385532588054,0.004049428054263671,0.010999845913178541,0.001540806025598862,0.00255941385218722,0.0012553008973715807,0.0,-0.005024141728908527
0.0,0.0014060909153368328,-0.03379442259613341,0.003261550289504034,0.012739317192407229,0.009351822176200786,0.028224324664413658,0.0066944358391284875,0.0015114761923766262,0.002869164035537164,0.013034178835992616,-0.0018983552773983448,0.025823181100488257,-0.0011592229327878623,-1.1102230246251565e-16,-0.00018398686676146525,-0.002505532174070624,-0.0005625690929873528,0.0,0.0004951350842110624,-0.00045838441042450606,0.0009280842552664148,-0.04921759157469974,-0.00024052934123164338,-0.0005460384168855525,-0.0007745826977580972,-0.005588398506457204,0.018346181014315233,0.0018057657146536843,0.0017355051330092408,0.017246784811589033,0.012651253069839385,0.0015251934615100327,0.012407304422468846,-0.010002458631277633,-0.010528524240195458,0.009599661686688743,-0.01959049680097935,0.010137548916835826,5.5512948039626586e-05,-8.491469637811333e-05,-0.004168902837070443,0.0010257844915565473,-0.0022661671164094233,-0.00015904058821081257,0.0,0.0,0.03770420848121603,-5.551115123125783e-17,0.008502215361113896,-0.0024069048524589798,-0.0003667419646775638,0.015290348034868728,-0.019859153669339435,-0.00010435949860343463,0.007443329562878409,-0.0007846503222128653,-0.003778449186854216,-0.0902021488875927,2.220446049250313e-16,0.0,0.0,0.0,0.005576216506478104,-0.00011686204438438041,0.0,8.094731461005811e-05,0.018560210877516803,0.0,0.0,-5.551115123125783e-17,0.023080906290019576,-0.00042655128197910397,-0.000944210130855494,-0.00040288870585625247,0.0015238262729130314
0.010700773000681008,0.01743229975671501,-0.00039736476413937405,0.0012654173916685219,0.04224450450456235,0.037159471316171866,0.049995476059932764,0.031217801603341366,0.05752820810820358,-0.0029055599281178623,-4.486377628526439e-05,0.0049863556664190845,0.045450442159820525,-0.00012274168661452478,0.03767845271698267,0.023811885223312457,0.002522137026844229,0.020709401086407064,0.0004951350842110624,0.0,0.011839753556149857,0.03375907671213152,0.07897770701413992,0.007196661070560495,0.01308625579955458,0.04749648602828582,0.005798683672675997,0.025381165429421593,0.013039998272608322,0.010088116520239998,0.020256578387722268,0.01794495239380739,0.040172002768829485,0.03483138109485451,0.017958254785290784,-0.0015894928560411525,-0.0027184357668373904,0.004076498255219274,0.0039902791045959285,-0.018438234607011217,0.01036750258306246,-0.002354813628714869,0.002560737912716271,-0.002543519665134164,-0.0005460863777254077,-0.0031056256310607044,0.027649761898113523,-0.0018025681167646579,0.0,0.0,0.0332429543294841,0.003561835584776518,0.009190049339896644,-0.0012559138034902162,0.0005158603329303291,1.1102230246251565e-16,-0.0009668639658816924,0.006353877767090288,-1.1102230246251565e-16,-0.013718964071684658,0.008284500237984493,3.58351514073707e-05,0.0038417398160461858,0.0,0.0012756887010912377,-0.006290535343904613,0.005566277990628754,0.004845180711595287,0.0,0.004978435653654245,0.004229210934103056,0.0064980042824227535,0.00560958027512426,0.0007391091880895595,-3.278603762074672e-05,0.0010188564186325855
0.031885636424628216,-0.0032508508275425063,-0.006370522854497684,0.0012170810498306484,-0.0035512920847116103,0.03222910460600692,0.056399581261042664,0.024026416967776965,-0.0016161603319709839,0.059720710063813354,-0.0002168680755550434,0.0466734240421085,0.062155541079656706,-0.007698213772717566,-0.006399728422710804,0.035447014286503264,0.022433547432042178,0.03151107434641243,-0.00045838441042450606,0.011839753556149857,0.0,0.018811118786928538,0.03462749912563989,0.04273867993487712,0.04338207690136525,0.030359323556472695,0.031090560196320838,0.04093130181567656,0.02409033845094971,0.0003414163563817407,0.0226240686093806,0.0004399104589413172,0.014867406958519458,0.01625833910677571,0.00153091929631044,-0.025673112918497054,-0.0014749299951615225,-0.0006181663736096188,0.008903597244149242,0.024686191462195917,0.02403308820677147,0.019048177873814964,0.00139146771244969,0.0,0.0,0.02008856835514866,0.021137395106169632,0.001101895815398879,0.0,0.0,0.024429839654038665,-0.00638245357278755,-0.02160613942104095,-0.002790756909895886,-0.00024483483604542666,0.0,0.0014744143248225927,-0.007058517536619124,5.551115123125783e-17,-0.03223844227846395,0.0036671444194836256,0.0,0.0012895709100246844,0.0,0.013172750859169857,-0.015619784685238891,0.007870731729141989,-0.003692510336148924,0.001401491374579955,0.010632692306984604,0.009739912655956195,0.0036683178725073207,0.011007917584300475,0.009978919304834799,-0.0018165999322036774,0.0026271989555062825
0.0074512891533203285,0.014255572800391414,0.005616549304199525,0.0005467427607386832,0.03824126397933214,0.032849415476448984,0.05527594201138286,0.048871614612482406,0.05166983467719316,0.009440099696241155,-0.00034628143364373587,0.0020493305617744206,0.046184087731115264,-0.0005009375950499884,0.04138091869579791,0.028313095637674757,0.011069838946107136,0.02693978307538253,0.0009280842552664148,0.03375907671213152,0.018811118786928538,0.0,0.04390899238748319,0.010051953946190184,0.021129311062779044,0.04678567330475675,0.02787017091103039,0.02803486232919633,0.014102362489441522,0.030098181722116812,0.02221016655988922,0.018262318808244193,0.034586960130179756,0.04298041526597168,0.02760200158293985,0.10479065076803318,-0.00488190249195164,0.0032752457721723083,0.018232052305998836,0.016455962913896838,0.021021405665174686,0.012577507081137862,-0.00221817829028792,-0.0002499964084632933,-0.0003510541685560753,0.03998552160663077,0.026768788043785574,0.0010941460364083944,-9.49991757487334e-06,-0.00015182095263410744,0.027229632201668186,0.0008882606469782783,0.0029300652040316066,0.0024490022839950276,-0.0019588210050758836,0.0,-1.3775545077143736e-05,0.002673042177437246,0.0,0.0006389920933541626,0.013399783101570861,-0.0004018601992888948,0.007801383821169183,0.0,0.004911137328930559,0.002119809082404722,0.007066036476393089,0.0010250704283908951,0.0008919789307777481,0.005391340342912498,0.017292864440491218,0.004902541453742804,0.00825085837547973,0.01802294941862781,0.0008988162627363572,0.006544313999524876
0.029507868086260325,0.0243097928371529,-0.008172463810787789,0.005442324208092486,0.032942142157093235,0.03663283538007561,0.06216489065520964,0.012125153705594749,0.04324235905292234,0.00033429502413090395,-0.047557905166306425,0.007752530200622221,0.05957019681669651,0.004612055368165224,0.04574166603913654,0.034821591125976714,-0.0002747970565693536,0.02732514489723009,-0.04921759157469974,0.07897770701413992,0.03462749912563989,0.04390899238748319,0.0,0.04752703381810536,0.03372047812379869,0.036000188599313976,0.0316327950768705,0.043322752219627836,0.04144627338061546,0.043203442938443415,0.03213024830897754,0.01961639547582522,0.02741237539738961,0.0360561769930316,0.03412197718252585,-0.017497899286691265,0.019764097652442247,0.005099454367433087,0.012217669178733737,0.014512042968033323,0.014466226074550392,0.016906887922833347,-0.0631137008669369,0.0049384044267395955,-0.001218126815863363,-1.6645894037492504e-05,-0.006647761831363785,0.008690364100764403,0.0011312453112294896,-0.0024043122706746134,0.022330171834107015,-0.00889649593438957,0.023198244249818922,-0.02272283207006709,0.0014344914809844012,0.00044191680054556093,-0.0019792949368254154,-0.00038614811501813673,-0.03713717880138878,-0.001791928900566453,0.008044189342877539,-8.717296893656634e-05,0.0016604812801296331,0.030110626955404007,0.02076665231786301,0.010051661196777806,-0.0012863058241652792,0.02611801189077312,-0.0009563004603597158,0.009648500828180862,0.022113333809023417,0.013683439290171018,0.00943830748755281,0.01286615904338606,-0.001969962383220336,0.009266516790737644
0.047842465957678604,0.007324720444142119,-0.000703121894177261,-0.00402601067364583,0.0031898662960073154,-0.0015540100938961632,-0.0014110537910173027,0.0292748984202571,0.0022761636063124424,0.02315617447000623,0.002808045872323195,0.018215870393852973,0.001138000516526072,-0.0010842096619703145,0.002871244450675714,0.01475914288965996,0.026512242300506195,0.028278227172165216,-0.00024052934123164338,0.007196661070560495,0.04273867993487712,0.010051953946190184,0.04752703381810536,0.0,0.04633671957797886,0.023464355755427213,-0.003524754492382709,0.02277620717543427,0.0011906739373225839,0.00041786400440912974,0.004473773304356332,-0.07343266652760727,0.016312945127686385,0.00438492109787908,-0.03293909646249371,-0.016775976206774568,-0.00017976515740208976,0.021468099365043236,0.0423998139810865,0.007593882021876108,0.026342424089989047,0.01040417988278558,0.0016032351666291356,-0.0006962215132937377,-0.000627283900724418,0.059801045949990805,0.0013606211769836563,0.0,-5.551115123125783e-17,0.0003443172570176123,0.0005835721909447922,0.0001807408899279217,-1.6653345369377348e-16,-0.00097893034544011,0.00022808425565290502,-0.0003690630260917982,0.009304506929044998,0.0011142879313014165,0.0,0.0013824096158113197,0.011092025832222185,0.014459164734432817,0.01221922305027262,-4.195938960527279e-05,0.0011239313191874212,0.0019527960727079297,0.0004247341841258634,0.0009040604922076478,0.05188854430304318,0.00950650031685174,0.015094474446203876,0.0016954432995676672,-0.015058652064842137,-0.0011527333225610503,0.0,0.008306463825722865
0.03358581779109593,0.004128359289590711,0.0031541607076942535,0.00038879393672291984,0.0003834925283323076,0.03656082536021482,0.04652939504314457,0.020411863537195596,0.03647769197230322,0.04775894128300179,0.0011472936108448684,0.054239134895449403,0.03716370626823923,0.000209787910935455,0.02793916490655718,0.03928437764578441,0.029498892026370238,0.03608733068455572,-0.0005460384168855525,0.01308625579955458,0.04338207690136525,0.021129311062779044,0.03372047812379869,0.04633671957797886,0.0,0.03067638304564252,0.029012908214683497,0.03728559558648331,0.021481878061965,0.00048563979710930516,0.04419040762440496,0.01872059513971247,0.056471359712463254,0.03779505317360288,0.00414369565845224,0.022908214723552367,0.00027800451438864116,0.042831210279873966,0.003085937626892965,0.00038671222806585526,0.018750406630869187,0.004050391682347998,-0.0010915161583802124,-5.551115123125783e-17,0.004704920752364006,0.039759234128900645,0.012127191055717967,5.551115123125783e-17,0.0,2.220446049250313e-16,0.004067007960015467,0.0007061972168731501,0.0017318216899567251,0.0002780976606671648,0.00858332862833222,2.1182883068904257e-05,0.01799121126496972,0.0036491495784841677,0.0,0.0044030041870261605,-0.0006908753102089493,-0.01818953518628924,0.007132791224220558,0.0,0.008492298064202375,0.01701357067927317,0.004075147925303724,0.008415939953053286,0.03285067619275733,0.0039100228745798105,0.010959635501840481,0.0040967907570571005,0.0013727999809383662,0.009838741552326613,0.0,0.001592297928538211
0.04619102851093143,0.0110216879115968,0.0017480775008200666,0.002994768597570585,-0.004378232121516501,0.04694075336404019,0.05909794379046418,0.029834059776817967,0.04461766437862491,0.05700230600327644,0.002536977725903,0.02432272211706904,0.05251579623310354,-0.004154039567088652,0.04441696224532976,0.0540850040349109,0.03697227537831965,0.05119506632997234,-0.0007745826977580972,0.04749648602828582,0.030359323556472695,0.04678567330475675,0.036000188599313976,0.023464355755427213,0.03067638304564252,0.0,0.04023112273000884,0.04197528462400468,0.04101379178724501,0.03342635534055649,0.050737775729543466,0.020394141225502427,0.03071180223585196,0.03971237069591105,0.022409584990298548,0.00580522148281204,0.0008254114508617905,0.03603889574263386,0.024768167267427477,0.012340332223090389,0.033921568532711,0.021627557311540924,-0.0016795760601534537,0.00010091933818823229,-0.06293533430801662,0.04081480320336939,0.02235735918904841,0.0025053546764938206,0.0,-3.090906694824813e-05,0.032185726539120996,-0.00010340494426308577,-0.001052921425893194,0.00037082775411229063,0.017157861856551937,0.0,0.023413380426501762,0.0037168147004186802,0.0,0.01052308960534476,0.005717723074586345,0.002263652161840768,0.015751400712855468,0.0,0.021446103487891444,0.014639120203304934,0.02054515392452455,0.016369943115241092,0.04702287543352479,0.012318271436692396,0.028288958298523237,0.017684917086846497,0.006897849189267891,0.03739279068320933,-9.491286879498295e-05,0.0086801738794135
