0.0,0.05788628200988333,-0.0017721363190033035,0.0,0.0005551469593456648,-0.003868176899832043,-0.002509915671538132,0.04539686201283977,0.000581416725275119,0.07535200276773313,0.0013475044720855367,0.0759028713726892,-7.939813316654165e-05,-0.0013726432752592665,0.04369836897801016,0.04715986598309191,-0.0035102082242368104,0.042149677734918345,0.0,-0.0035410283169369783,0.06649747465520828,0.02943629488890226,0.05940400776658267,0.051233019183320516,0.03447214168323959,0.07115917988575521,0.07100888284429724,-0.004061027624839175,0.06161385539405667,0.0031387151448430406,0.06630687800134072,0.058175270486168884,0.06435323342482602,0.05239600111533882,0.06561435641576385,0.00040562525381082626,0.00023368082763214337,0.04231168559961279,0.052727868901630726,0.04293727126443653,0.05453085418109477,0.08102964322419343,-2.7497758678052264e-05,0.0,-0.0017464834315792377,0.08968530890642329,0.04807524228458959,0.0,0.0,0.0,-0.00371319738256104,1.1102230246251565e-16,-0.003129567303250702,0.0,0.06762755941791487,0.0,0.07547314229668001,-0.0006312292978644107,0.0,0.0004755612882775262,0.03387352847659025,0.0005425365476039445,0.028238753772392544,0.0,0.04919886139797752,-0.03440668405900921,0.02963339142543714,-0.0015973579188900966,-0.004371902327957478,0.03672309178742339,0.05874450617045651,-0.0024842143743533662,-0.00018112182419788292,0.06410336432432678,0.0,0.05120945011448036
0.05788628200988333,0.0,0.02933717091356386,-0.0001148749671038285,0.028066394703648412,0.011774561610765788,0.01739567048294549,-0.006462119017461354,0.0008729016986506744,-0.003943543492630319,-0.00042835248524958347,-0.0020354912033333505,0.03233103373509427,0.00011076216214933599,0.014514196958898662,0.03345504760357604,0.05564896169007433,0.045274741512620176,0.0012085550622754626,0.015303051365063602,0.040458060241303606,0.02546181547743337,0.0024779691586753194,-0.005016990039948932,0.04026582081988628,0.06389226451704977,0.00039541454843550206,0.029247838878271093,0.02359815133075638,-0.003700312255729088,0.03688829268577232,0.04280894807425456,0.03647409177638211,0.03562526422304885,0.04329949110443865,-0.004025933604515142,-0.00022862907833498536,0.0,0.030546864680243535,0.027435250697369573,0.0375912945106211,0.044888052530703826,0.001238314225183168,0.0,2.220446049250313e-16,0.05788898158102018,0.03484765506027321,-4.912839095611021e-05,0.0,0.0,-0.00267341534276222,0.0018458904441382984,0.001174405256883726,-6.753753285110298e-05,-0.00020319051999745374,0.0,-0.001044642808551488,0.0034687732572254992,0.0,0.026448418375804472,0.02795022226134153,0.0012154101027477826,0.040300227850606996,0.0,0.013387355924295297,-0.007339562253690424,0.022799374887277735,0.03022858751915869,-0.0014980043746241067,0.02140871216645618,0.04474072867739409,0.023153579539568925,0.00013906131370339248,0.046515125987984185,-1.1102230246251565e-16,0.03112864215203548
-0.0017721363190033035,0.02933717091356386,0.0,0.04919681497756451,0.020924468099692395,0.03854991249828721,0.04344066441236938,0.055497025552740664,0.003179033478552473,0.07271622683462459,-0.004626321572813841,-0.0026099386320231344,0.05889925550079944,0.05556040330623502,-0.0016964932203801797,9.496891579141575e-05,0.0005442378213293964,-0.0393934120628035,0.008260527692273034,0.02913220878206807,-0.00204545900773212,0.016427217363809976,0.009405516153083271,-0.001895496827171883,0.025457486976890875,-0.006036251225990441,0.020944667546456797,0.06691859668308542,0.0401844076836253,-0.0001782344322012186,0.06329056273011607,0.041273858764514726,-0.001499012415213219,0.06357970619286485,0.04659198032068479,0.03625244811705092,0.04893839636886982,-0.0019393250828287911,0.015256223601967545,5.631660881522116e-07,0.044759465042570556,0.0025250675320449556,-0.0006211611296720876,0.0017754580213839022,0.0,0.0,-0.00037066628354437414,0.16306156202270516,-6.176070099450648e-06,-0.004541743167659096,0.01509213799191289,0.04574360975922365,0.018974545221821515,0.03838323988894066,0.0008419585853148281,0.13386194413243424,0.054027113526888715,0.05154450443760761,0.02080955746608737,-0.0002514965655875945,0.0,0.0,0.0,0.22898186810336646,-1.174613923499157e-05,2.3299199446991103e-05,-0.0004948078598121519,0.03213446811686771,0.0,0.0001660393008730554,-0.0014006358053877954,0.017311193125089552,0.05334134335499896,-0.00010754002640050997,0.0013393510254559038,0.06285615316436977
0.0,-0.0001148749671038285,0.04919681497756451,0.0,-0.014308275239592882,0.018006466302340096,0.02770849239934725,0.0496201973541176,0.04423486682118799,-0.003184327093836592,0.0075687538664178655,-0.0053195196105063625,0.026418224322865724,-0.028408760571403957,-0.0014735332060996087,-0.00042988340089805677,0.0006798011075039301,-2.812390260142905e-05,0.0392324359969079,0.0005484513391734169,-0.00018430787751272382,-0.0028870377208659592,0.025206758177291955,-0.0007249872936842539,0.0006681048274130852,0.0012110594294816313,0.023380482390560453,0.010127238279187212,-0.0025181919790154828,0.0010273049832241754,0.014630130665967911,0.0014339483096481587,-0.01596749930266278,-0.01388158737426426,0.015359596152971222,-0.011513744798529874,0.022493495398914515,-0.007422951360992136,-0.006972373368105189,-0.020227062257479833,-7.253813302188217e-06,-0.001502526888411515,-0.0007719650328502636,-0.0011671061608764521,0.0,0.0,0.0,-0.0003764453747074348,0.0,0.0,0.00011380481595774095,2.220446049250313e-16,6.436529607373176e-05,-0.0006792584906366583,5.551115123125783e-17,-0.0008890113364243835,0.045343025997370834,-0.00021977935173278507,0.0,0.0,0.0,0.0,0.0,0.0,0.0,0.0,5.675083219874866e-05,0.0005451655629348795,0.0,0.0,0.0,0.0013020694633005814,0.0013571949655777349,-0.00012703686941800685,0.0,0.0
0.0005551469593456648,0.028066394703648412,0.020924468099692395,-0.014308275239592882,0.0,0.01989790369407146,0.006215248206816126,-0.023479140926546627,0.016288657196484202,-0.006884920866374378,0.002599571747210039,-0.002468719978091616,0.035796285036512665,-0.047076532392723025,-0.00037880865566219946,0.04175476212605328,-0.0015887948034826183,0.0466613719314819,0.03652010393170979,0.009575354265193847,-0.0010806749138422833,0.009368747948857947,0.024384312654131768,-0.003007756977757625,0.03842744003563975,0.017361690204487135,0.012179107103148512,0.014506910274359963,0.01984389711432677,-0.002969227435510202,0.04342899777366066,-0.02569441065714312,-0.0020480054281936666,0.02868020319727055,0.02242781222687118,-0.050315016975665455,-0.015585381371115203,0.021177589502957728,0.0073312329008971555,0.0008197554053641642,0.00401043778018878,0.001067509163456104,-0.006181225019986969,0.0013880825166225352,-0.00013958190604307363,1.1102230246251565e-16,-8.28677582195847e-05,-0.01392103265040634,0.0,0.003457620358425062,0.0005737382210990738,0.0001690251032028245,-0.02160762664730459,-0.0039046489838626686,5.551115123125783e-17,0.017870115195692315,0.0007058912835078979,0.003274339039156582,-0.0056607024901542125,-0.0003455072546956761,-2.3894354739539825e-05,0.0,-5.551115123125783e-17,0.014185123726302984,0.00031912166770775574,0.00013577863915281707,-0.0008508326300857294,-0.011131217421344486,0.0,1.8055784743231662e-05,0.0007749284870362527,-0.012830244752410569,0.0027280530348747223,-0.0029067698411368026,1.1102230246251565e-16,0.0005162049194583629
-0.003868176899832043,0.011774561610765788,0.03854991249828721,0.018006466302340096,0.01989790369407146,0.0,0.019866931474499916,0.020131292637704246,-0.004076695600940261,0.027874871187707373,0.013252622623848742,-0.0013233799180121242,0.023694841322322635,-0.004294502793433241,0.03340090785117644,0.04077446050942224,-0.0016677223823737264,0.03483774338028395,0.06289451023225034,0.009436066890231298,-9.526121383657271e-05,0.010888218747446832,0.060497176709156775,-0.0009940064260354764,0.03172575433101771,0.0054496607783109385,0.034026131249347114,0.01391363073149432,0.021805457480506885,0.022631441013030273,0.036284507099887175,0.017182178003955217,0.0403239623475839,0.04716179584767033,0.03692856764842617,0.012691206704398716,0.027633467097420428,0.03645582328158642,0.018090701826895206,-0.0037570984710931787,-0.001738973829949697,-0.010917344483794555,0.04200398111098563,0.0010088277244692523,-0.0019303615777487293,0.00150938625466579,-0.0011940757043739092,0.01573054006195973,-0.0004814077212333956,-0.0059579758307072295,0.015002865213125549,-0.007289322315723212,0.0038048284066923843,0.025096135336125425,0.0038996800753545724,0.04955224596155017,0.004601839367323335,-0.005413289045302028,-0.004255412210326381,-0.0022024118127705328,0.0008162912293894209,0.0,-0.0007461162651145603,0.03710605891743646,-0.018383036625405136,-0.004412416436085365,0.0009264588563646092,0.008128148388060086,0.0001084917889785375,-0.0026029075429312987,-0.002963267380242496,0.006170287294483989,0.02558117580748631,0.004307934343007802,-0.00563256669108958,0.0369609250073043
-0.002509915671538132,0.01739567048294549,0.04344066441236938,0.02770849239934725,0.006215248206816126,0.019866931474499916,0.0,0.035001578602207595,0.02628729963266707,0.005299079253185013,0.042899340127645735,-0.0047181345358329185,0.022965506215820664,0.011908767773577245,-0.0015093923657790165,0.033607206583548266,-0.0037500925990407996,0.04296978378524968,0.07253075671944514,0.006323448128254527,-0.0009396596876189989,0.006936148972420231,0.04042511778828717,0.026913922911470045,0.03449417776428443,0.01908917687609657,0.02352101769732229,0.01363460023350338,0.01438589680800123,-0.005847313572458768,0.025845913792354236,-0.003341408398226886,0.00011286512386954328,0.013784270577247182,0.007897068899686943,0.03901388442328402,0.015512829945204809,0.02254853138857199,0.008507056223048204,-0.0009400076387066081,0.01532563475568538,0.0036933924689183106,0.0033222512001033766,0.005544105505850605,-0.0012280078532899696,0.0,0.0021125099040485984,-0.004811760273444654,0.0,0.0019027858561200262,-0.005010993716460299,0.0018214229253087355,-0.0022244053672501596,-0.004546814530472898,0.00025634455983425397,0.0009359756651612372,0.0007661647941482608,-0.0011646262443640865,-0.0001821278688123873,-0.0005874971565852927,0.000785781649695616,0.0,5.894573305731399e-05,-0.002025930716528568,0.0010540164799239804,0.0011877441676251266,0.0010062270131452333,0.01375363006039143,8.67615853790138e-05,0.0008953609963603393,-0.0003269798329641471,0.018397142345625395,0.0004386396717704355,-0.0026686815742282266,0.0005057775659556007,-0.00019831327112618258
0.04539686201283977,-0.006462119017461354,0.055497025552740664,0.0496201973541176,-0.023479140926546627,0.020131292637704246,0.035001578602207595,0.0,0.043027114723473814,0.0536384950703761,-0.03021513653610408,0.05994578491752567,0.034959761555385716,0.027398227567226152,-0.01229926562387279,0.03732575315826986,-0.000581109118227896,0.035014721256062975,0.07123610551932119,0.033598730454806325,0.019507040085653404,0.03441587821061892,0.026945086922703754,0.053046486438188545,0.03397516253560623,0.045459914487355646,0.04012033840232676,0.03787780001164642,0.013239816760019951,0.026191887498602573,0.044046747597802194,-0.005816966713351357,0.008971273828783766,0.034308933188178514,0.03279849577779109,0.016963060946784014,0.08787189158967218,-0.0018720712017932795,0.031591890525135724,-0.001670689353094279,0.04366658647896948,0.04869978448251011,0.07123267959082868,0.08090046164490255,0.0,-0.0006146906483133208,-0.0038610894100041815,0.014267628535621801,0.0,0.0027603603463544624,0.013237104983268466,0.03440808500712261,-0.014764025738137454,0.018074887147705332,0.0006040025002210236,0.02948784187163772,6.309107522900481e-05,0.021582505373612393,-0.008293700916079616,-0.0032204605039015677,-0.0004934510895379107,0.0,-0.00023759545585411157,0.03433126466271208,0.01573365687552941,-0.018807572637966896,0.017018329635202778,0.011057477427929896,-5.551115123125783e-17,2.3274337126899525e-05,-0.007176723271077323,0.017876275565002153,0.029754581305958427,0.030801795266238163,0.0017769296400708678,0.04774800022864045
0.000581416725275119,0.0008729016986506744,0.003179033478552473,0.04423486682118799,0.016288657196484202,-0.004076695600940261,0.02628729963266707,0.043027114723473814,0.0,0.03461553877233148,0.031535224215189284,0.011796082832301713,0.037119748950797116,-0.0018941864473349668,0.001834956295740986,0.010235243869692545,-0.0025309775416581526,-0.0012963479604737316,0.04063040573574889,-0.00866032863243349,-0.0013291459755112034,-0.014342281901259801,0.07350394405331823,0.027175009209948475,-0.014590183306476656,-0.017298936204004633,-0.002491472238712822,0.0671095048971952,0.010649536001787141,-0.00494053667144384,0.06650930174001185,0.03556379979751484,0.05131200343264186,0.05651210603575246,0.05711610983102733,0.02947304442620019,0.03768926934281058,0.04398299423241547,0.02868568209044614,0.0007859512157525339,0.006937644351779959,-0.0008613483345461526,0.0004905692065232392,-0.0032271197903153137,-0.0019813257516864136,-5.551115123125783e-17,0.0012201730308632475,0.017339233444562563,2.967013034704813e-06,-0.002174534811973494,0.03131137141331908,0.05496545367313421,0.02473740328542995,-0.006125666308407163,-0.0008128391663357881,0.05431670073423023,0.0643308361520038,-0.00451578927560059,-0.0029369541582930925,-0.00065580446657032,8.212999363876872e-05,0.0,0.0,0.024400903048914513,0.00030425073203071973,0.0017663020904824522,0.0005722033309357166,0.02789028139385563,-8.197742688409448e-05,-2.5913726789061897e-05,-0.0024386244028176685,0.016950390925610126,-0.0026381709994888203,-0.0031423520437223185,0.00022868441821743968,0.0012733815876359023
0.07535200276773313,-0.003943543492630319,0.07271622683462459,-0.003184327093836592,-0.006884920866374378,0.027874871187707373,0.005299079253185013,0.0536384950703761,0.03461553877233148,0.0,0.027257882117802446,0.054396078898616806,0.01642711882403125,-0.1898637894060532,-0.002315333780222917,0.042250850152113606,0.04193872597975168,0.04619503544779918,0.041243190154580556,-0.005019126858136769,0.08651941423483611,-0.007791232863682052,0.03847082588638079,0.05954450055635685,0.04079769333377242,0.05264860012293715,0.026438180146322765,0.012751975022902873,-0.005083276304555406,-0.0005381730333233192,0.040268851677911444,-0.004523837713740597,0.058257419583461756,-0.023298771017177033,0.010393188269178733,-0.009253962276664307,0.020070053307221558,-0.00720657284830889,0.015107951351962079,0.05090435870307042,0.07584762141071633,-0.010703044833994424,-0.00553630855199716,5.247514685241539e-05,0.059926091206908116,0.09136229376954846,-0.0008069976967416403,-0.0003014554342105624,1.684711103455694e-05,0.035889537884027656,0.0012268355637973793,0.07367616401068261,2.738166781962592e-05,-0.0021433418819947203,0.055180965976996676,0.001060564470089842,0.05749857272300707,0.060548436939958095,0.0,0.0009693728316896855,-0.019915035590043262,0.035234516864191656,0.02231374880843684,-5.537733680838208e-06,8.997417884631931e-05,0.00031614236415788977,-0.002157361392363444,-0.001117352461290022,0.04541175790219143,0.01258403372179806,0.030940972040479242,0.001358513780718662,0.06178405091448741,-0.001300291907333162,-5.551115123125783e-17,0.05524191176413601
0.0013475044720855367,-0.00042835248524958347,-0.004626321572813841,0.0075687538664178655,0.002599571747210039,0.013252622623848742,0.042899340127645735,-0.03021513653610408,0.031535224215189284,0.027257882117802446,0.0,-0.017877567709716102,0.04934982251489167,-0.008819957244417198,0.0,0.0001360176973452254,-0.002066332735760623,0.0001477056955004885,0.05051106264083133,-5.342743026670593e-05,-0.0001132474004116868,0.0003948629602039122,-0.018044438950560293,0.025761822078177066,-0.002264020258772148,-0.0021214503630047066,0.026826826459102338,0.065298754740794,-0.0036271179405947263,0.0004063153998843938,0.05053638110695813,-0.018882133180517735,0.02079955157355018,0.046317175852022774,0.049061440862263495,0.034607838133237534,0.047293966567349854,0.02981879559079531,-0.004288497814662284,0.00014972169742788477,-0.0008612522124540889,1.479510259294603e-05,0.008782733706633239,-0.0005528068113807572,-0.0005397865737782337,0.0,1.1102230246251565e-16,0.08864227379472694,5.745258792599905e-07,-0.0022504209101880113,-0.05070166146345628,0.050334283221948384,-0.007891694593627874,0.049606304762024545,0.00015488218950482358,0.188297978914636,0.0002713823355091627,-0.003508906763876163,0.022186591843031955,5.551115123125783e-17,0.0,0.0,0.0,0.2295050985350875,-0.0005642512464328897,0.0,-5.631562154539971e-05,0.004986256420335455,5.551115123125783e-17,0.0,8.391125888096429e-05,0.016983506751424793,-0.005686805438672338,-0.0013654442138675282,0.0,-0.0007581457360374411
0.0759028713726892,-0.0020354912033333505,-0.0026099386320231344,-0.0053195196105063625,-0.002468719978091616,-0.0013233799180121242,-0.0047181345358329185,0.05994578491752567,0.011796082832301713,0.054396078898616806,-0.017877567709716102,0.0,0.017798658982613957,0.003963312078631653,-0.00036728566135679763,-5.898980749591276e-05,0.04217046358599319,0.018096698079955564,0.07125496408364379,0.0024421160175331913,0.0838867433704939,0.0005303424315183936,0.0909488975652305,0.04813133079292359,0.03314355800328078,0.028697583582543373,-0.0018751963923933634,0.02158547329636057,0.0037674442412870546,-0.0010548849714523412,0.03846159564258861,0.004759100477592038,-0.012523233184762228,0.005279354270709358,0.03304313654282537,0.04246340981961205,0.061395261276786295,-0.02542961563958565,0.03542603056388427,0.06239428996250024,0.09616286047069733,0.1781047437777421,-0.001994389602420432,0.0015003595855986873,0.07709781097308516,-0.004557569996919253,0.0014943896410428148,-0.00028304543775031776,-0.0007251635487631747,0.00021434547264176373,-0.001072824646323134,0.0013207692768612556,-0.000628386189668817,5.9857164751930814e-05,0.04870194911640496,-0.0006378012773858299,0.057836174249748296,0.07010133624442283,0.00019391686443970269,9.42342509865357e-05,0.00148513908183584,0.026927928061528272,0.031057539955367586,-0.0006517515088032555,0.00031193872775520104,0.0016748033498224513,-0.0006360627055621015,0.0030382731191417878,0.06536355359775986,0.025468898043159827,0.03997088470675625,0.00031187157848650005,0.07833513712820167,0.0010226963786755805,0.0,0.05258000421504544
-7.939813316654165e-05,0.03233103373509427,0.05889925550079944,0.026418224322865724,0.035796285036512665,0.023694841322322635,0.022965506215820664,0.034959761555385716,0.037119748950797116,0.01642711882403125,0.04934982251489167,0.017798658982613957,0.0,0.04533153929481876,-0.006345700955535938,0.0401192224874522,0.01705164714995533,0.04963972306845105,0.07454804748955479,0.023158806666967735,0.04604328230729471,0.027429318543793935,0.04484388726873262,0.010472218010969037,0.03901742962225346,0.03393806211326511,0.03998521897416368,0.03243735654300495,0.02940208054851895,0.07309322939971358,0.0408274427889439,-0.002188582533135197,0.0261399841744398,0.01086645200687214,0.017002117374810888,0.045671700341170574,0.03936825482090034,0.02822251947558352,0.019341784938523177,0.0046263729193589676,-0.05571708378941531,-0.011963257640445313,-0.0013245256707044573,-0.0036595506569970238,-0.002083418139846749,0.0007089490358810346,0.002633916763164601,-0.005867372722452968,0.0,0.0010386565841979944,0.02494172029720687,-0.001475739366214368,0.019548602213808053,-0.0025707531876818512,0.0005388981057554143,0.07438366480980385,-0.010077930365135435,0.002565034223022733,0.0008083601131682605,-0.0038396840031381108,0.0012885659211157585,-0.00022780062766231124,0.0016354152407515588,-0.0020402428568104813,-0.0033192289219063364,0.0002918313815174489,0.0007537142073301695,0.023064432114562328,-0.0009760434981991861,-0.0004228352949130487,0.0018059695869857562,0.024831675628550043,0.07751856614318614,0.03322451885538186,0.00011519068322285442,0.0019830132866959227
-0.0013726432752592665,0.00011076216214933599,0.05556040330623502,-0.028408760571403957,-0.047076532392723025,-0.004294502793433241,0.011908767773577245,0.027398227567226152,-0.0018941864473349668,-0.1898637894060532,-0.008819957244417198,0.003963312078631653,0.04533153929481876,0.0,-0.0007435044165504667,-0.00030943603505573236,-7.719959750429606e-05,0.00011034014477750986,0.03693104456080909,-0.0006530908241634825,-0.005709167173695573,-0.0005863370655097566,0.027375565345759745,0.0036385709542453015,-0.0004187322467939514,0.023996512419103777,0.022564017540250725,-0.072617905664279,-0.0008418977429264229,0.00012755454949592293,-0.008854246372301755,0.002856841837983959,-0.0051286796278171565,-0.002585414277733733,0.0010817232088098372,-0.025500154873271758,-0.004818799335752133,0.00048196816652984475,-0.002174788857678134,0.0,0.0005252724526064734,0.0009560680868070937,0.022031578374510696,-1.6537720293752223e-06,0.0,0.0,0.0,0.02358934488151665,0.0,-0.004579303551694669,-0.0014410280999403446,-0.0026579728867845986,0.001341528794696012,0.030409920282715053,0.0,0.0355343262798089,-0.00020533588248827783,0.0015114477961785666,0.030665732950621194,1.1102230246251565e-16,0.0,0.0,0.0,0.04946931596100057,0.0,-1.1102230246251565e-16,0.0,0.020596480982650267,0.0,0.0,5.551115123125783e-17,0.020947236895201504,0.0005610257799070206,1.1102230246251565e-16,0.0,5.551115123125783e-17
0.04369836897801016,0.014514196958898662,-0.0016964932203801797,-0.0014735332060996087,-0.00037880865566219946,0.03340090785117644,-0.0015093923657790165,-0.01229926562387279,0.001834956295740986,-0.002315333780222917,0.0,-0.00036728566135679763,-0.006345700955535938,-0.0007435044165504667,0.0,0.04657651902242255,-0.00339225247884839,0.03362583350944415,-1.1102230246251565e-16,0.04910942854800515,0.03666982065318414,0.06536022342371822,0.07613683048714776,0.07207548629479993,0.01617640893713279,0.05161844544277788,0.021825648112087204,0.0335900978750997,0.03927688884136121,0.038902681148797635,0.049142756369447205,0.02876778132713903,0.03896627137961378,0.033218050271354216,0.033575925386298056,0.04630689266905952,-0.00230588814067223,6.654072548956114e-05,0.038211214033245844,0.03973572550489013,0.041726385963468005,0.04209635652123289,0.006087103886063261,0.00011809988336591859,0.0,-0.003269845350760414,0.05544066489870869,0.00012425554238998382,0.0,0.0,-0.002691296481551697,0.0024323837938305948,0.031952650222484,0.0006047059007128763,-5.551115123125783e-17,0.0,0.001023348782690947,0.00033705889872126527,-9.417948511392105e-06,0.04261196676053419,-0.0034152954668293933,0.0005244791751043421,0.0011672533901636029,0.0,0.035536360073424866,0.03289008297489954,0.038191051374023344,0.027830123008243834,-0.00012571929304677765,0.06093381506282608,0.046927923401846816,0.029162758452690396,0.00915212265090809,0.020828462170160267,-0.0017801087817141958,0.036102085881265844
0.04715986598309191,0.03345504760357604,9.496891579141575e-05,-0.00042988340089805677,0.04175476212605328,0.04077446050942224,0.033607206583548266,0.03732575315826986,0.010235243869692545,0.042250850152113606,0.0001360176973452254,-5.898980749591276e-05,0.0401192224874522,-0.00030943603505573236,0.04657651902242255,0.0,0.035393940746875574,0.0280314018467005,-0.00013874504777183772,0.021658699347652077,0.049803048554608376,0.023076242545787273,0.032250071591640284,-0.005420447902894865,0.05736277837204262,0.04595490238949285,0.022077700945706213,0.041110302984853964,0.04189356527404997,0.030268641246938288,0.02864225616905508,0.031071773872132613,0.028521061166164985,0.02879062540023991,0.03049125841909678,0.0022299552709844628,-4.6686467598089365e-05,0.0019428040988195283,0.03259066777866093,0.03764953895937723,0.03799706330791425,0.05242989481469695,1.228028628436073e-05,0.0,0.0,0.052452184064258556,0.03262570389684877,0.0,0.0,0.0,-0.0004306258339319968,0.0005612659699874012,-6.0826056705043374e-05,0.0,-0.0012230023725011696,0.0,-0.0008969738041325059,0.0006204215145841907,0.0,0.025179595101241348,0.0295271214216814,0.0008918516844523272,0.02512570957056981,0.0,0.04408379516448152,0.03646420820690238,0.025380201436325578,0.04452101651044427,-0.0027913917631604557,0.02685372982277784,0.04752107093964386,0.03630331526198327,0.0018215181844644657,0.03459859836304302,-1.1102230246251565e-16,-0.002551929555807575
-0.0035102082242368104,0.05564896169007433,0.0005442378213293964,0.0006798011075039301,-0.0015887948034826183,-0.0016677223823737264,-0.0037500925990407996,-0.000581109118227896,-0.0025309775416581526,0.04193872597975168,-0.002066332735760623,0.04217046358599319,0.01705164714995533,-7.719959750429606e-05,-0.00339225247884839,0.035393940746875574,0.0,0.06048103063800053,0.0013550281890139515,0.06440716581612188,0.0009428692341055256,0.04511520454220225,-4.54484458089488e-05,0.05318845088549656,0.02392009909666798,0.03446017539530044,-0.001035390903099842,0.024699765629588644,0.08435424676876752,-0.0026105001152909035,0.03602551046804203,0.05112531123759617,0.05847306449627304,0.04065803867932799,0.04414274143683433,-0.002799602878815588,-0.0003703755595535485,0.03455289957127672,0.042594567088233726,0.01870668621116922,0.0007725891842036425,0.00020040255746661684,-5.551115123125783e-17,0.0,0.0008337138879859207,-0.0022436013542627697,-0.0003353063520558641,0.0,0.0,0.0,0.0,0.0,0.0,0.0,0.007996244598618585,0.0,0.01573913604889321,-0.0013399772566942136,0.0,1.410087338160615e-05,-0.0013316665333086841,-0.033932644640329135,0.007140904575429485,0.0,1.1102230246251565e-16,0.0,0.0005861020825491114,0.0,-0.008684875959720617,-0.02127053005075663,-0.015254088430889046,0.0,-0.0009160343476861676,7.400798548395926e-05,0.0,-0.001785901425655212
0.042149677734918345,0.045274741512620176,-0.0393934120628035,-2.812390260142905e-05,0.0466613719314819,0.03483774338028395,0.04296978378524968,0.035014721256062975,-0.0012963479604737316,0.04619503544779918,0.0001477056955004885,0.018096698079955564,0.04963972306845105,0.00011034014477750986,0.03362583350944415,0.0280314018467005,0.06048103063800053,0.0,-0.001929231661337072,0.03351625219865917,0.047773768314268716,0.023773396483521614,0.021685198341028333,0.03338209795044855,0.0425870355124513,0.0487492066023032,0.01833680315010372,0.04848202648882688,0.04995584508187734,-0.004199596803369954,0.03478736910825725,0.04778651703411846,0.05085230339584318,0.0367675104705088,0.0332040999155393,0.0008751576587875953,-0.00021826509356287493,-0.0004143661898110551,0.018897330430720283,0.005474050746765546,0.019799064093918406,0.014361833947381109,0.0,0.0,0.0008515511794724984,0.04339827128043694,0.024766630869641648,0.0,0.0,0.0,-0.001100003625616186,0.000310801356488144,0.00021531834807253514,0.0,0.006348720518837059,0.0,0.033738669509678076,0.00015846606609687397,0.0,0.050085417751495276,0.010397686439538367,0.017817341596414016,0.01099739260720406,0.0,-0.016003649843265688,-0.0001539189724069634,0.0175732573282269,0.0008964191345540717,0.055036481717381625,0.010112272455341853,0.01996314376802083,-0.0009670928987404737,0.0006311846544743704,-0.003825691331028669,0.0,0.00785258835228575
0.0,0.0012085550622754626,0.008260527692273034,0.0392324359969079,0.03652010393170979,0.06289451023225034,0.07253075671944514,0.07123610551932119,0.04063040573574889,0.041243190154580556,0.05051106264083133,0.07125496408364379,0.07454804748955479,0.03693104456080909,-1.1102230246251565e-16,-0.00013874504777183772,0.0013550281890139515,-0.001929231661337072,0.0,0.00035154452310670603,-0.0003337652597570906,0.0014137269401246488,0.010350474217158012,-0.0002682625937105998,-0.0016171731103301612,-0.0007244433682024876,0.012803335469167787,0.08084814524521466,-0.0012406749630941016,0.00015118216784776317,0.07672427400133885,0.026732230607671825,0.0762922079530085,0.07309916984392179,0.054162709066954084,0.044682277024459205,0.04514960343665614,0.06891623953468523,0.029681317570713905,-9.117824535037622e-05,0.003917397344683882,-0.0016496487992310738,0.01631619502844317,-0.001475860665377804,-0.00016318059767578275,0.0,0.0,0.08942047969460842,-5.551115123125783e-17,0.053222064876423336,0.018117982098239227,0.06610579965083418,0.029810252317469255,0.03791077140735222,4.5257224463690626e-05,0.11964351175097576,0.0009023694375241975,0.05354121756672903,-0.02004080625353777,2.220446049250313e-16,0.0,0.0,0.0,0.08570298984657565,6.370653598308795e-05,0.0,0.00011486156416251614,0.039340541206921875,0.0,0.0,-5.551115123125783e-17,0.02442371138883981,0.046625539859633025,-0.0021950360394666912,0.00021963199404995137,0.06728431063081097
-0.0035410283169369783,0.015303051365063602,0.02913220878206807,0.0005484513391734169,0.009575354265193847,0.009436066890231298,0.006323448128254527,0.033598730454806325,-0.00866032863243349,-0.005019126858136769,-5.342743026670593e-05,0.0024421160175331913,0.023158806666967735,-0.0006530908241634825,0.04910942854800515,0.021658699347652077,0.06440716581612188,0.03351625219865917,0.00035154452310670603,0.0,0.03356619186850457,0.02044676120959349,0.029621152230835557,0.0019323810582047574,0.025334510208668615,0.0407960516116192,-0.002453964979856449,0.04412324452741667,0.04091734376534517,0.03561364549815593,0.035332380029671706,0.0199019467665974,0.03487551082608625,0.024545475552608775,0.02014384038032041,0.037716465644814456,0.022868034366234025,0.005676210788717939,0.01964066732386255,0.017404203651652572,0.019163305200029346,0.012678435099342245,0.003262078960597936,-0.0006893648885488712,-0.00045511076644944026,3.0352438145142546e-05,0.02686239033689075,3.9937121092625816e-05,0.0,0.0,-0.00013747625610760483,0.0012926832616835249,0.02029775804216266,-0.001216618294128502,0.0008084193524930949,1.1102230246251565e-16,0.0012585298342506768,-0.0029622170044510954,-1.1102230246251565e-16,0.014954766847867451,0.00418382609944673,-1.9535285169958172e-05,0.001875979705829478,0.0,0.02696606761421122,0.005530569261057217,0.023037285060733437,0.022155946894127587,0.0,-0.0003256290962175279,0.021103616283959625,0.023775473412143477,0.029145598566834408,0.023365117550101233,-0.0009436576485860049,0.026574249716281917
0.06649747465520828,0.040458060241303606,-0.00204545900773212,-0.00018430787751272382,-0.0010806749138422833,-9.526121383657271e-05,-0.0009396596876189989,0.019507040085653404,-0.0013291459755112034,0.08651941423483611,-0.0001132474004116868,0.0838867433704939,0.04604328230729471,-0.005709167173695573,0.03666982065318414,0.049803048554608376,0.0009428692341055256,0.047773768314268716,-0.0003337652597570906,0.03356619186850457,0.0,0.03897371011808898,0.0434895825492389,0.08266047462174231,0.04993135117563019,0.06345197446013828,0.034614425650926706,0.02351270691624535,0.021083815329173694,-0.007318859177681214,0.047588278497840975,0.03109111801811676,0.061127171354569576,0.0344293868922374,0.03734770614773819,-0.0024450908307653285,-0.0004051056115860763,0.06759014096981986,0.04176477303737436,0.07491161991741191,0.06109383027890247,0.059112989211653644,0.0028474903181150424,0.0,0.0,-0.10086452441883281,0.06137166149764356,0.0019897684306700025,0.0,0.0,0.0017550111899378162,0.00032269249120331356,0.022339061987386333,0.0012318980041201577,0.07412864586850715,0.0,0.0005204396136819778,-0.00546957727673042,5.551115123125783e-17,0.03991100496269884,0.0412966892021252,0.0,-0.0005181906028975947,0.0,0.028429134312066506,-0.020787038920963397,0.05485162081576589,0.00718051766124056,0.0011165454770697414,-0.002976728100885173,0.05517143528333346,0.015019359507930208,0.03322141207258461,0.02428189065220071,-0.0023777798928616978,0.029254296194362983
0.02943629488890226,0.02546181547743337,0.016427217363809976,-0.0028870377208659592,0.009368747948857947,0.010888218747446832,0.006936148972420231,0.03441587821061892,-0.014342281901259801,-0.007791232863682052,0.0003948629602039122,0.0005303424315183936,0.027429318543793935,-0.0005863370655097566,0.06536022342371822,0.023076242545787273,0.04511520454220225,0.023773396483521614,0.0014137269401246488,0.02044676120959349,0.03897371011808898,0.0,0.03913487685507255,-0.0010111032139508147,0.044621965764009286,0.0435363254347938,0.00702892970175123,0.0444024735730108,0.04126655570071702,0.0454719560267412,0.026365984475643034,0.013680930022634652,0.023344940350388255,0.007632860620991111,0.012797759779284545,0.0163020622185851,0.022305939811736453,0.004906256235682638,0.029468622856600735,0.03412898849709001,0.0354026580299302,0.03865725261132957,0.008332496949956136,0.0001395463253241469,-0.00038090110628646867,0.08330390949718536,0.036270147390313034,0.00026072820966155374,5.178814421635813e-06,-0.00013350221080193903,0.0035840882925460837,0.003407314065452527,0.011281410203575593,0.0005428115943222345,0.0006693446117363999,0.0,0.027972847144765056,0.0015313548529858334,0.0,0.017864115290877836,0.03496796842905625,-0.0008851164022440905,-0.00032174220122732633,0.0,0.015484293780869907,0.011444518961153949,0.023581486819421182,0.017079034524209002,0.002003055803989462,-0.024452300903369306,0.03671573482923274,0.016057540277459648,0.001172060333103242,0.012360532519105405,0.0005150197890280706,0.037193942688133086
0.05940400776658267,0.0024779691586753194,0.009405516153083271,0.025206758177291955,0.024384312654131768,0.060497176709156775,0.04042511778828717,0.026945086922703754,0.07350394405331823,0.03847082588638079,-0.018044438950560293,0.0909488975652305,0.04484388726873262,0.027375565345759745,0.07613683048714776,0.032250071591640284,-4.54484458089488e-05,0.021685198341028333,0.010350474217158012,0.029621152230835557,0.0434895825492389,0.03913487685507255,0.0,0.07334371077426771,-0.005144199323163623,0.057508897985923124,0.02981667444309649,0.04151403789942082,0.03507920267328307,0.035610143744107814,0.04233609302945085,0.029570947853924556,0.026286031321174463,0.04072599578254971,0.047614248859239594,0.01884821057719499,0.03522903298243568,0.046112367327020565,0.025909291174552873,0.044889515649474854,0.03523261663625543,0.031946086765467396,0.037118492998135244,0.03719081245602679,0.0008148549392564264,-0.0006645376547514403,0.016678968875528888,0.03420734844316031,-0.0009469851982308319,-0.005425404390005828,0.014108881966522935,0.04580909140010392,0.012308167653141577,0.016724895886276014,0.002223358370337658,0.06302884438637191,-0.007486254356079913,0.027442772357479606,0.030930322562311763,0.021317018701619284,0.00022652234385767134,4.752174165334466e-05,-0.0013737897741050165,0.05424230427115484,0.0309777520191572,0.024874732204445582,0.030028710472767173,0.023983808787304328,-7.697570650655461e-05,0.002653103027083159,0.0456703579856339,0.017336367176970513,0.034773959030462764,0.026257017862382548,0.027910492251289054,0.042016346935977666
0.051233019183320516,-0.005016990039948932,-0.001895496827171883,-0.0007249872936842539,-0.003007756977757625,-0.0009940064260354764,0.026913922911470045,0.053046486438188545,0.027175009209948475,0.05954450055635685,0.025761822078177066,0.04813133079292359,0.010472218010969037,0.0036385709542453015,0.07207548629479993,-0.005420447902894865,0.05318845088549656,0.03338209795044855,-0.0002682625937105998,0.0019323810582047574,0.08266047462174231,-0.0010111032139508147,0.07334371077426771,0.0,0.05343767222126644,0.039276262267265216,-0.0034029436607755925,0.022140061272339362,0.002026553371117845,0.0007794855546836565,0.03454351076014783,0.009054973204021821,-0.023611615128498797,0.008113534486039797,0.0028069430563374964,-0.004697177862337976,0.0023140077536479287,0.019718705293684635,0.10460749776660855,0.029963218217413712,0.06849431368180858,0.13865275635397267,0.0006533917976683234,0.00011058935333180253,0.025893749532683863,0.09006735574016911,-0.0054327982911849815,0.0,-5.551115123125783e-17,-0.0001877021734420503,-0.00011457408926685009,-0.00034958240850951894,-1.6653345369377348e-16,-7.406068457832538e-05,0.04151633473066957,0.00033778968191672254,0.06187310338555885,-0.003226005940664467,0.0,-0.001582134475890451,0.022379933852201606,0.04352841635848226,0.024046896257276407,2.2873871305506555e-05,-0.0007107400515064533,-0.0009697789506671883,-0.004491977328531072,0.0006177514717762289,-0.01737238637101951,0.017930112110947805,0.031112737461592765,-0.0001458052094284179,0.039337565668512764,0.00025319714507437974,0.0,0.04299916794525227
0.03447214168323959,0.04026582081988628,0.025457486976890875,0.0006681048274130852,0.03842744003563975,0.03172575433101771,0.03449417776428443,0.03397516253560623,-0.014590183306476656,0.04079769333377242,-0.002264020258772148,0.03314355800328078,0.03901742962225346,-0.0004187322467939514,0.01617640893713279,0.05736277837204262,0.02392009909666798,0.0425870355124513,-0.0016171731103301612,0.025334510208668615,0.04993135117563019,0.044621965764009286,-0.005144199323163623,0.05343767222126644,0.0,0.04665034315974986,0.010346043805740501,0.029702156711673977,0.04601436492908961,-0.0016827986417642382,0.04011836338959135,0.052763993843569224,0.04614868211196155,0.04209784125710031,0.04894118647081003,-0.00044590002261446493,0.0003439897497748423,0.01495165649765079,0.015750942468861384,-0.0017627157527320692,0.011679311248582736,0.022850185292739023,-0.0011118369938992179,-5.551115123125783e-17,-0.035155838080217605,0.03276011503843074,0.0159113863563764,5.551115123125783e-17,0.0,2.220446049250313e-16,0.0019066301653346551,0.0010072849404785256,0.0010484643611762268,0.00044746831075409554,0.014699459207216214,-0.0003221445356366148,0.023305344125781835,-0.0018167931253961767,0.0,0.006564790108949725,0.005248362442027088,0.024615014442872174,0.008867904224049927,0.0,0.01869162085663062,0.06350897451142717,-0.005011619421420699,-6.257605566772906e-06,0.031558618387237114,0.005264198432779865,0.01618790890709465,-0.0010733512816726298,0.0007009629065376499,0.024742205764601177,0.0,0.010568106454179105
0.07115917988575521,0.06389226451704977,-0.006036251225990441,0.0012110594294816313,0.017361690204487135,0.0054496607783109385,0.01908917687609657,0.045459914487355646,-0.017298936204004633,0.05264860012293715,-0.0021214503630047066,0.028697583582543373,0.03393806211326511,0.023996512419103777,0.05161844544277788,0.04595490238949285,0.03446017539530044,0.0487492066023032,-0.0007244433682024876,0.0407960516116192,0.06345197446013828,0.0435363254347938,0.057508897985923124,0.039276262267265216,0.04665034315974986,0.0,0.009606998612150475,0.021810163260285065,0.027747372312084573,-0.001533341044542058,0.044586397793509036,0.04903542128568111,0.048016282222465734,0.04196445059812187,0.050259528379069274,0.05228511367217953,0.03729784343231385,0.021558687884641214,0.04578758532484983,0.029874832624087133,0.048449559974434064,0.06477998928532747,-0.005602704928590052,-1.3573783203324474e-05,0.0008329007344137218,0.07278139118560772,0.05151072432705489,0.002006893265524834,0.0,-4.1460274758486904e-05,0.05202014978459235,0.0019662272050356977,0.0018272157266726041,-0.0019751351774890402,0.03408706175896259,0.0,0.04310607014675727,0.0007229730405290957,0.0,0.048169071856132395,0.03265901146564293,0.03206216355387653,0.022364646573835134,0.0,0.031071341515304995,0.04201233559946821,0.04430082601882862,0.028399563516980086,0.041958488010006845,0.023221635747313285,0.0472243875985644,0.03484887485972055,0.03312269709507876,0.04457476066594834,-0.0004256505016397849,0.02922888650939548
