0.0,0.3999523502809338,0.3235468097415434,0.0,0.4250960806224593,0.5620598465493136,0.4224682827311742,0.47639930550209314,0.4077566914037785,0.3838668517773053,0.39291378027802376,0.30194112263040496,0.4842215760246777,0.510552302738629,0.4324697084271303,0.05482268310938321,0.3796607520348833,-0.21126271002607444,0.0,0.5340887371215408,0.2955718832231789,0.29615396403979516,0.4136475067277714,-0.3362237979613999,-0.18318899013598167,-0.41635772950858,0.43170662528065307,0.711090056621384,0.5648451581769764,0.5813119836650009,0.24171147091584666,0.31208600608122045,-0.046020524429207066,0.19058395259365032,0.13495229038944753,0.6013238777037389,0.4903393891791803,0.42780707563827647,-0.02140946464234289,0.10924743352880534,-0.08580721634743166,0.4938129521087905,0.46828146660802294,0.0,0.4151470837203608,-0.22742741611592315,-0.020024552917270177,0.0,0.0,0.0,0.4356531967776006,0.0,0.543712332456544,0.0,0.39587977814492414,0.0,0.48973338570564134,0.698466444407799,0.0,0.5514903483007065,0.03988956402632454,0.2635130013412978,-0.09120337285807173,0.0,0.4178073908862885,0.02206229813253141,0.1749505190324538,0.556806469674469,0.4093780701648312,-0.1412928835649515,0.4225550898282888,0.45914682014619823,0.40484700915337324,0.4463777141275686,0.0,-0.16547645533582922
0.3999523502809338,0.0,0.4932204144143906,0.3289341431765488,0.4356337827523762,0.384626158452553,0.33020170333632015,0.6467838593572184,0.2232894872053054,0.3920962221492392,0.3213994050915726,0.43914964262462547,0.32572920929826044,0.5121804872745455,0.3445352743654865,0.15747022592738846,0.5322893283976784,0.056068418385800844,0.6223456060864468,0.4583309644959138,0.48750575183008926,0.4511140209341701,0.5545432960613459,0.4720234844073551,0.2460945535955857,0.2124161684233601,0.6266793222237554,0.3506172761496895,0.3447547934699139,0.4301182823252004,0.17732692250529924,0.2959796111470846,0.06949626280061355,0.34930199529253547,0.44600569491964387,0.4247660693904761,0.2541174122368718,0.0,0.1151307948861027,0.3310076097871931,0.1345328451921552,0.1470598136636064,0.6247574504697697,0.0,0.0,0.16760831449911573,0.09041852511056009,0.052786622818589674,0.0,0.0,0.4899211274698863,0.6023492692414765,0.54815273143595,0.5565935288677195,0.6084967414232423,0.0,0.42484787673773855,0.6028552392894293,0.0,0.2929189430134756,0.1582735683153785,0.6000665600288795,0.31917392746780526,0.0,0.2233406516207758,0.3912420625412536,0.25888000339344636,0.4348051448367498,0.3705052367863705,0.2788107653673941,0.19642210898757512,0.5317940237881585,0.5875005399663027,0.27120708724170006,0.0,0.1578432888226563
0.3235468097415434,0.4932204144143906,0.0,0.7026219034773298,0.5155890919831845,0.5143984482930161,0.5580849774315112,0.7322254557088073,0.41408670867122244,0.3964777026768458,0.5436311992783132,0.47397213788554776,0.5475428203077671,0.8674294854031428,0.32474523555709345,0.38067824503132275,0.6057780969049058,0.5007644827685849,0.5909490640853793,0.3722150155802241,0.345975462345669,0.7338986475664595,0.6224157753569968,0.3963624261787304,-0.12393608485042701,0.19242566194802696,0.4514879690599626,0.6286782827360298,0.4426626965936799,0.6664537040493572,0.6742549207769848,0.6257985625444782,0.44966843539145634,0.7056253434876225,0.4735532111385746,0.7302772461763567,0.5617521123142695,0.43418820678043896,0.7819408004920576,0.4727497800432666,0.5571582273040216,0.5423941653862968,0.6286939419409793,0.6134552925218493,0.0,0.0,0.1986518045907419,0.3922725625956892,0.47486919269260175,0.6285450351659438,0.6316794826769476,0.6677429642912842,0.6424564804761193,0.5054762610549075,0.39311570889862335,0.560049217830595,0.4569501757215335,0.6259300037230887,0.616011732340507,0.2425948263984264,0.0,0.0,0.0,0.5376126713801221,0.5958988577010312,0.4462365262442064,0.09457311199706166,0.7922175789408055,0.0,0.6227340591202182,0.33190031700347833,0.8460226327789785,0.7363544978288801,0.5938116854081046,0.6891896836513144,0.3441924685682247
0.0,0.3289341431765488,0.7026219034773298,0.0,0.49462478524672976,0.6537415129986424,0.09550511337906167,0.7946587379207055,0.5298272783657686,0.6001601694589807,0.776252735740087,0.3261784284830413,0.40698254329092143,0.4403828768339332,0.5305807131600753,0.07235950856198281,0.5435026348086878,0.4685039906080558,0.5512457915679663,0.572619540284726,0.41096921534951214,0.24232262900915885,0.6850688587886564,0.44640660763339085,0.8650578455011757,0.5777866544543744,0.5819215203480679,0.11464742488073754,0.5229611128016775,0.49504661785643533,0.5738452831249137,0.5567044727640844,0.16335114590203245,0.6813233508162839,-0.014974909015307292,0.2768036140505157,0.244740488401123,0.4451338844322005,0.1560106316188978,0.28560984753099566,0.38461224415153417,0.27220366780448413,0.23472423561968242,0.22434589162186885,0.0,0.0,0.0,0.381675679717813,0.0,0.0,0.5710881022982977,0.0,0.4648066321131351,0.006347337562933358,0.0,0.1838367620480626,0.4606832810113856,0.447733745098425,0.0,0.0,0.0,0.0,0.0,0.0,0.0,0.0,0.45644672459375774,0.5367096663818423,0.0,0.0,0.0,0.4760828079901782,0.5220494055343307,0.5585263773807257,0.0,0.0
0.4250960806224593,0.4356337827523762,0.5155890919831845,0.49462478524672976,0.0,0.44788089408686205,0.3258909483925601,0.8420562164404075,0.3453847115002714,0.521880580443524,0.5182245540268856,0.4344124841786401,0.5702448726584571,0.3664468285822348,0.4428852975951145,0.47514265280229456,0.5089760243070244,0.32614094933734916,0.564789731149743,0.6143319925949158,0.47379617612906255,0.38850605187523773,0.5295923495676479,0.2047489607240633,0.5013709715225456,0.41897764040093144,0.41085624895540485,0.7961947055615153,0.6826199629140686,0.43379920275899114,0.7090750599785558,0.49880853929384167,0.6287691217096607,0.7548156861021164,0.4278622960605057,0.11782359172270082,0.32300842958016257,0.4684775569463935,0.6080218123930825,0.7022952862714295,0.5308660775949131,0.4230583912568786,0.3961775530914837,0.6813626593519935,0.24968684390966045,0.0,0.39243902023617994,0.7508505375477867,0.0,0.581985416143372,0.776223773797412,0.5650373549056591,0.6888354715833938,0.9217774974390744,0.0,0.7602500451785719,0.33667399979012097,0.6629550740112232,1.0224464833535438,0.2503595277480819,0.44625148482342447,0.0,0.0,0.9858449801242595,0.3454103874379207,0.49051087427559203,0.36505372736364267,0.737013940073906,0.0,0.47437299965314317,0.5777990044794319,0.7575116493513773,0.5553050289352056,0.4219552437417118,0.0,0.482334096313819
0.5620598465493136,0.384626158452553,0.5143984482930161,0.6537415129986424,0.44788089408686205,0.0,0.5611178150949603,0.6716893219466662,0.36046437828482436,0.5371574913795243,0.5276830703575186,0.5773950831715509,0.5543192403750524,0.8754699953218619,0.615525873777168,0.331801570637749,0.46204101701138856,0.21140264022513305,0.6343206334652556,0.2850990089307197,0.5782162420269155,0.29557536641507237,0.5174761144493876,0.44289695822715147,0.3852514640933685,0.5189118125221982,0.5480623645745527,0.6006710984965409,0.32482521341274984,0.8590147365619214,0.6905527233720288,0.6293587533965715,0.6071422899589793,0.6823911395333768,0.41766427366883285,0.6933810130376382,0.6436650922499653,0.5375210158050336,0.6682423187435638,0.2896004965594037,0.5536056009466721,0.41351939593048237,0.7399235725406206,0.4998472127843629,0.1978759505339301,0.5859804091308327,0.46814251256004047,0.6455166015118123,0.5513840638765035,0.5039300172493602,0.6435261605850569,0.6969810639913914,0.7012472976261164,0.7036369702633618,0.649719448404964,0.7485912700865296,0.3149339303607953,0.6841777085229805,0.5487998892158895,0.3543358761915586,0.5465308923713512,0.0,0.509691958437533,0.5931606564756827,0.5844858902606359,0.30524260818875815,0.5089240787145527,0.590920793555018,0.5863812666889785,0.45658379343034794,0.31922763769852547,0.581381147032711,0.587879139046146,0.5997833368511272,0.44533982861720345,0.5627559314096373
0.4224682827311742,0.33020170333632015,0.5580849774315112,0.09550511337906167,0.3258909483925601,0.5611178150949603,0.0,0.6258955781683995,0.38788969450351096,0.07373751991931582,0.5970936611016142,0.3277257892054182,0.4916617293387743,0.3128103862986781,0.4764947219570207,0.398530060699852,0.4054389522881363,0.3732494961247763,0.5337990885733527,0.3969467225086931,0.5184309509586609,0.40501588794677956,0.5377278207311811,0.4016749670722239,0.3816032858174808,0.37176650937747757,0.43348448432148445,0.6212539369649039,0.556177544432978,0.42146319113448244,0.47273552312426004,0.3592746987371954,0.7077425808201132,0.5123126199822146,0.7410890502007096,0.3199314727933975,-0.148540964315794,0.4364989390446443,0.6051363289070946,0.39669641319668136,0.5809715594724509,0.5308476371050287,0.5874956186061389,0.7707739731871555,0.3190143913467537,0.0,0.5585501700887786,0.4881776586567347,0.0,1.1078021381818015,0.6469201274071139,0.7642214019970103,0.47452436068568327,0.853673636637309,0.5519992254933475,1.0931290720105493,0.43937541160322063,0.4532700272086937,0.396807843114651,0.31976663631152913,0.5681611375364326,0.0,0.5305577685496596,0.9898755499840735,0.5690179332152538,0.4987966747049595,0.597581815165726,0.6865487422249316,0.4722305094218505,0.6021059579297385,0.5020195313902786,0.6787749628551059,0.5250962361873424,0.29972220146994205,0.7469751011255951,0.4761487825505275
0.47639930550209314,0.6467838593572184,0.7322254557088073,0.7946587379207055,0.8420562164404075,0.6716893219466662,0.6258955781683995,0.0,0.7582388557770303,0.19348805016793968,0.8030354925778047,0.6033792747138887,0.6796815657292216,0.8787381163218418,0.3655051502259973,0.5506240867035517,0.42447550484642727,0.5429313744572483,0.8137522229812071,0.4723534663956715,0.6091726447451498,0.44582113937895307,0.6304283676800313,0.05235655740924475,0.14764479514696108,0.27355628670409954,0.5252800639467643,0.6765290841410316,0.5372054825133318,0.7264547994536971,0.7423881637562301,0.9228090913392302,0.5443206841906835,0.8238853252221661,0.8764463535522835,0.665304591777456,0.7859749061412085,0.5761623746687813,0.7507756758240427,0.4255470258552668,0.41029194073865216,0.4763075753472553,0.24054903159886587,0.4252019535027217,0.0,0.5439194750432073,0.3210763489896501,0.6626267865143285,0.0,0.4155886549626471,0.5749207252709798,0.6021457506552796,0.48670454474883695,0.5559767419649553,0.8216749733863116,0.4772252795976578,0.9242460023492336,0.4983906368790103,0.3337714277128482,0.5762319952943735,0.354920796344494,0.0,0.6304096159006962,0.690367234101368,0.5200614774997625,0.7469024669754802,0.4092357576877268,0.6524710652256589,0.0,0.4228114516508166,0.337657938223873,0.5519789313232664,0.5121602539428074,0.5070591721907238,0.4718560048354259,0.49006347127275907
0.4077566914037785,0.2232894872053054,0.41408670867122244,0.5298272783657686,0.3453847115002714,0.36046437828482436,0.38788969450351096,0.7582388557770303,0.0,0.5675880381898478,0.36047377782531054,0.5077277430725219,0.5278945599483142,1.0266209344084407,0.582458772309123,0.4658192045391167,0.39968573017625236,0.5361658814010029,0.28228705698754997,0.4163270775131779,0.3542533862486475,0.2781348134101195,0.4654952295367679,0.6585233710762911,0.06660219057836314,0.32311000341042306,0.5597813004025038,0.5949457272792851,0.46397473096359254,0.7078216596019551,0.6643331124790921,0.6597398565872054,0.6400284225510102,0.6583949596608991,0.5187349134151612,0.6709367601288364,0.5628743439362287,0.6588209809987844,0.5091580555322179,0.4812151289567338,0.4284247476625132,0.3857162324225234,0.5197901817587958,0.440284247871524,0.27686387422893927,0.0,0.48705728020461736,0.6945830826944457,0.4715421150927044,0.8989576704424365,0.7099184512781229,0.8202148681879949,0.5934760097338553,0.5894807808158229,0.20229257593811417,0.7860851671620519,0.4095684805628538,0.4702028961851553,0.5538399431151019,0.44315366715908205,0.6510455998765551,0.0,0.0,0.7669022362995103,0.5802261400688603,0.6974158500293766,0.5353360963991375,0.7831340254461276,0.3207053683549697,0.5335651039010564,0.27007071963630475,0.7259544817898003,0.4762406128880995,-0.0872737193597955,0.5069135030429845,0.5820856650298953
0.3838668517773053,0.3920962221492392,0.3964777026768458,0.6001601694589807,0.521880580443524,0.5371574913795243,0.07373751991931582,0.19348805016793968,0.5675880381898478,0.0,0.4894757134113182,-0.2548531163180761,0.12788914960219122,0.6563119759096308,0.44880931338124885,0.35935528566333097,-0.3906208444662799,0.3837714971043041,0.4209696528681036,0.3768395413667858,0.48103726470263725,0.41058420377135246,0.38973246752203744,-0.15865646395722963,-0.5911927558651958,-0.4635801913272261,0.32196590109615875,0.14264932932793,0.3604769207374751,0.3621179974951852,-0.3712766267808792,0.47989233587802915,-0.2972252888335959,-0.20818814225382132,-0.08156084115128864,0.4874658820401597,0.1355536263501565,-0.2504017607247811,0.3603702555368113,0.24855437706199282,0.24734642972791782,0.33396666861363045,0.27190961697838406,0.29572722557094183,0.39326552847370877,0.5363660837882459,0.5278674653934904,0.1551183998774724,0.4840512521477288,0.41083230405607263,0.4871878502911968,0.409835287716943,0.5636502681774848,0.20670181286916428,0.09030079656337614,0.4386879166415605,0.06157555439427698,0.5140008123316168,0.0,0.8971182127012841,0.5760671097937934,0.5719695281749766,0.5895560717813766,0.465912679854584,0.4634903806286732,0.5434510304981917,0.330104280654852,0.5430633118865922,0.32124779281736127,0.5844135159995631,0.4621203661246393,0.5709135667714157,0.4964987302687377,0.39281869238187345,0.0,-0.27047164041109323
0.39291378027802376,0.3213994050915726,0.5436311992783132,0.776252735740087,0.5182245540268856,0.5276830703575186,0.5970936611016142,0.8030354925778047,0.36047377782531054,0.4894757134113182,0.0,0.36958809872977944,0.5659825433712717,0.6962886446740493,0.0,0.5137890892867575,0.4625837483933012,0.5043788216120078,0.4849162637764874,0.44501175975745166,0.49744681151089265,0.38368723843175645,0.5830435570779107,0.24205216777303262,0.07732429061670493,0.5214985956345848,0.5134574851844875,0.5835806067242639,0.3825443326199102,1.6131800223024013,0.6782488023968702,0.7145154105748381,0.675257572089494,0.6659554251605266,0.31589584745460275,0.6204886018027156,0.6718119903112478,0.5031714554203113,0.587526980569904,0.5326959508611564,0.494315999012936,0.45878410035807127,0.639580392919568,0.5507036836806574,0.1868854298609779,0.0,0.0,0.7899124316891117,0.46582484398507923,0.6232077992397191,0.7620083793755854,0.6635121082563253,0.543152263015049,0.7638953433814727,0.4671932819551995,0.7271077532095068,0.39025697295861556,0.5140885446836934,0.6916327641038078,0.0,0.0,0.0,0.0,0.7119841141414832,0.3508535635030925,0.0,0.6602768969283601,0.7539909278531292,0.0,0.0,0.8922676283133324,0.8835680781987766,0.43535839648369856,0.34743476102339593,0.0,0.5280890610037412
0.30194112263040496,0.43914964262462547,0.47397213788554776,0.3261784284830413,0.4344124841786401,0.5773950831715509,0.3277257892054182,0.6033792747138887,0.5077277430725219,-0.2548531163180761,0.36958809872977944,0.0,0.15006339935588608,0.6096937268817673,0.4104116226964354,0.5700181185406739,-0.3895295188293345,-0.4423001144247573,0.5443667064002489,0.5512944592353104,0.4385811275289378,0.42353669449167175,0.4173129928430607,-0.14583495125104406,0.5048606018498818,-0.33978597963983426,0.48284749951216643,0.21069396967624562,0.6041444293661826,0.29503383239837677,-0.17200897925051994,0.3121753823144321,-0.18209172525083916,-0.05261562620602861,0.5061218966060148,0.21466216512062772,0.12431246048236669,-0.07361626522452241,0.3208709961642716,0.5077155914677765,0.44124850825790274,0.2758617727965605,0.4360191139027272,0.7771912612989582,0.45167568514803236,0.36792118419436365,0.5797518718780466,0.2509647192744678,0.19703491038927146,0.2584042377044806,0.33921412417602936,0.4817849893737397,0.23090160143315053,0.3861378868743312,-0.07406375091030926,0.23361540351920862,-0.017029220795614475,0.45349891649542323,0.6710836336125213,0.6202444116345314,0.530704213232035,0.5412703289333237,0.639733569459831,0.3329453584432595,0.7284539492496154,0.7609565369129315,0.3994282903736821,0.5537369683546273,0.30147897612342556,0.568500170480287,0.45746461166446,0.360317914044842,-0.05571015028886356,0.48490447798683345,0.0,0.6389042638838265
0.4842215760246777,0.32572920929826044,0.5475428203077671,0.40698254329092143,0.5702448726584571,0.5543192403750524,0.4916617293387743,0.6796815657292216,0.5278945599483142,0.12788914960219122,0.5659825433712717,0.15006339935588608,0.0,0.28570455488756086,0.3289089332452432,0.3738258515715833,0.3705653138053739,0.13017149571337164,0.5413250740141716,0.40299740851534693,0.5374215485526059,0.3605917831405725,0.5590523617217567,-0.10002220980912688,0.29311966081687135,0.40069646917444357,0.4893261441598007,0.5227252642562835,0.5322810076033825,0.37887636991342954,0.43800379302432907,0.5425549173612094,0.6341271018055035,0.5787885022332694,0.7903358491183596,0.686379036139932,0.6402217207159746,0.2892730023876796,0.6628174668709118,0.4807886038307717,0.5113782930605022,0.5429822941243352,0.5601238429765447,0.3860844906794517,0.36694538957693024,0.580262084754215,0.6281773770166045,0.6045816363928035,0.0,0.632273405854286,0.6515992479721663,0.661324574976325,0.47048431880740565,0.6216729148690123,0.4928375867210607,0.4272095901000672,0.435820966964654,0.5430279384531964,0.4331772328768487,0.4295492698572492,0.48717271567019116,0.37714382446675865,0.5337231073072224,0.6834788946993169,0.7923721804680467,0.5526295430568229,0.514465043421599,0.6134760955322514,0.47488355337406496,0.4583427040883697,0.4506807150648119,0.6092776644823414,0.4795666745873922,0.3710755927118837,0.504357944375281,0.4870029726325126
0.510552302738629,0.5121804872745455,0.8674294854031428,0.4403828768339332,0.3664468285822348,0.8754699953218619,0.3128103862986781,0.8787381163218418,1.0266209344084407,0.6563119759096308,0.6962886446740493,0.6096937268817673,0.28570455488756086,0.0,0.5074780351375908,0.5538618886717093,0.4522569793291865,0.5003627733295116,0.8055759295619193,0.3844279350322998,0.7139992029623394,0.24949958490025093,0.8285191451936544,0.6073670448853097,0.5152506015249849,0.4230313035536695,0.9595069071578544,0.8059055024507442,0.36514744703852975,0.7699927852969062,0.6156005836858398,0.35272375091300423,0.239806664874452,0.6787779497776558,0.3616761900124449,0.20490446911203952,0.16999375764027766,0.23519195475444307,0.6997532861982685,0.0,0.6859907684752304,0.8204020569184836,0.5160472288582554,0.4740659184262726,0.0,0.0,0.0,0.7069486642551432,0.0,0.49709719514187084,0.4422882108487664,0.4602843669690906,0.38516370468689953,0.5663314731557233,0.0,0.607350556965176,0.379096016903505,0.7006051446853555,0.4147404333722904,0.0,0.0,0.0,0.0,0.45681239369388726,0.0,0.0,0.0,0.6745363806541465,0.0,0.0,0.0,0.47160482652663954,0.7327603310622609,0.0,0.0,0.0
0.4324697084271303,0.3445352743654865,0.32474523555709345,0.5305807131600753,0.4428852975951145,0.615525873777168,0.4764947219570207,0.3655051502259973,0.582458772309123,0.44880931338124885,0.0,0.4104116226964354,0.3289089332452432,0.5074780351375908,0.0,0.42566466246451795,0.3573666966096301,0.4082170156376032,0.0,0.13301624201568507,0.45662912287951046,-0.0861767562010472,0.046128352662598904,0.22795778273262707,0.43217579433574327,0.2922483130979361,0.07000978114498879,0.3350802871397909,0.253099467575606,0.3872401039496041,0.49107847269640614,0.45960726214314984,0.4922299774374811,0.6007697428308102,0.5661439714035563,0.5946837436071046,0.22339184487221697,0.37201927519350464,0.3110599818449019,0.3741631847965949,0.38210005934970814,0.345990941479837,0.6635552645675727,0.5838649633922941,0.0,0.5556044689231473,0.3213734957494037,0.448342679322459,0.0,0.0,0.4362808901863261,0.6889698922830099,0.550224640203902,0.5380742194651814,0.0,0.0,0.6640052487744175,0.5175442751406232,0.4691226587266132,0.5642195372841377,0.3849634628636549,0.6195865729146175,0.7103503303757419,0.0,0.5161783810323757,0.4471460228923379,0.4503012043637655,0.6393191420400817,0.43838305971338454,0.5340591966064344,0.3478748426273913,0.5240507801457177,0.5834966538160785,0.4234391732648393,0.48656069433866983,0.3237853295565925
0.05482268310938321,0.15747022592738846,0.38067824503132275,0.07235950856198281,0.47514265280229456,0.331801570637749,0.398530060699852,0.5506240867035517,0.4658192045391167,0.35935528566333097,0.5137890892867575,0.5700181185406739,0.3738258515715833,0.5538618886717093,0.42566466246451795,0.0,0.3977998141560359,-0.02665560438177872,0.4438503109665096,0.09302436468417549,0.31639654403355083,0.20912418281394773,0.44650614111593856,-0.22433296545234782,0.13037639441191856,0.11739533237308769,0.394739040237748,0.3140203247072232,0.26214786079985686,0.2720048261526579,0.01638091512037032,0.10140244757466674,0.11052151793631379,0.33743773600869803,0.3300535650699229,0.6436076001325248,0.3646730214490408,0.5854586283460623,0.23462269233772517,0.28085389682687145,0.09726305538499436,0.20030139785704554,0.46956918755488536,0.0,0.0,-0.007844891832416323,0.2293182615309019,0.0,0.0,0.0,0.5084900919543984,0.5822647302036745,0.8571629988890428,0.0,0.6035182586911878,0.0,0.4732365381963648,0.5688506480443932,0.0,0.5078273200200252,0.19779665052450784,0.5857410270949664,0.3046124972508175,0.0,0.5171484946370667,0.5454207825117694,0.1694636667900755,0.5298717221720691,0.357785918106843,0.37850467379759634,0.31619479636323206,0.525659629721509,0.5652101793035742,0.6214997035935257,0.0,0.05683698105221163
0.3796607520348833,0.5322893283976784,0.6057780969049058,0.5435026348086878,0.5089760243070244,0.46204101701138856,0.4054389522881363,0.42447550484642727,0.39968573017625236,-0.3906208444662799,0.4625837483933012,-0.3895295188293345,0.3705653138053739,0.4522569793291865,0.3573666966096301,0.3977998141560359,0.0,-0.48405768619926126,0.6494706335395346,0.35895770465401866,0.47908188087142994,0.49337863715030494,0.4839947114054718,-0.24013635478684842,-0.3014698673702654,0.4304323765777033,0.5318886883498305,0.04523958939967987,0.28937557413900583,0.4802043446432447,-0.301011327143609,0.42010341786814615,-0.34493991786868783,-0.36793724236215564,0.4555652521817417,0.5687640040235197,0.23863437540384888,0.42033617856325106,0.544332479458392,0.541747794327203,0.5588658395561311,0.5807375670219386,0.0,0.0,0.5118043331676564,0.6074827446662872,0.6152558165084321,0.0,0.0,0.0,0.0,0.0,0.0,0.0,-0.009232665734951684,0.0,0.5016204519734022,0.30131197942162324,0.0,0.7482603416247009,0.48581337722145557,0.657141781859553,0.5937243446018641,0.0,0.0,0.0,0.5677193783497416,0.0,0.4580408513219204,-0.13475057440729538,-0.18676685318986302,0.0,0.28034801786859176,0.4702059545419268,0.0,0.652059527381773
-0.21126271002607444,0.056068418385800844,0.5007644827685849,0.4685039906080558,0.32614094933734916,0.21140264022513305,0.3732494961247763,0.5429313744572483,0.5361658814010029,0.3837714971043041,0.5043788216120078,-0.4423001144247573,0.13017149571337164,0.5003627733295116,0.4082170156376032,-0.02665560438177872,-0.48405768619926126,0.0,0.4726896642934051,-0.04397793089852403,0.469604196379073,0.02324416166573398,0.5229464697830515,-0.2500529471118152,-0.19247832629809675,-0.23925173842373065,0.17456160853791391,0.04869927597080459,0.05930403711799975,0.39051454292603555,-0.21547948469121503,0.36088663982552227,-0.07681452544743894,-0.3540644655944328,0.3633906460363131,0.5187544148451294,0.25436527698757655,0.39837050949516895,0.2656980459624319,0.22527753866960454,0.12303640378803107,0.08723328132277774,0.0,0.0,0.5821746655390053,-0.24818855989464733,0.16419434243648684,0.0,0.0,0.0,0.476632879112433,0.5584139352300193,0.8640992031209016,0.0,-0.13232641271918077,0.0,-0.091918013961929,0.5225956658685226,0.0,0.5382994587941337,0.11295053587015857,-0.18420024536253793,0.09783299728161321,0.0,0.45783059875445187,0.5792705017466759,0.13919244467771505,0.6995135494441005,-0.22248562689869839,0.014444340974597236,-0.2106034705286976,0.44951951755943315,0.6612777183577138,0.4168201846203459,0.0,0.12270049659968124
0.0,0.6223456060864468,0.5909490640853793,0.5512457915679663,0.564789731149743,0.6343206334652556,0.5337990885733527,0.8137522229812071,0.28228705698754997,0.4209696528681036,0.4849162637764874,0.5443667064002489,0.5413250740141716,0.8055759295619193,0.0,0.4438503109665096,0.6494706335395346,0.4726896642934051,0.0,0.5401332890163086,0.45119544659084376,0.6859691066070785,0.6097581179607388,0.44661151738124605,0.5029728907464276,0.4897955010920642,0.5015960792752674,0.6422495060931186,0.5656963032704357,0.5773716635908959,0.6812118069586777,0.6667854465711636,0.6539591592066849,0.6632493595469581,0.26257562516235605,0.5961568190443676,0.5189353605793366,0.4034230988384503,0.6574608812536951,0.38108879185648337,0.40424478755451154,0.22125248252709967,0.6000895725775326,0.3595412885818815,0.4006751887938248,0.0,0.0,0.4977029058448669,0.0,0.6789238887602314,0.6308447332827851,0.7285483525739151,0.5893254339353978,0.7827356182878702,0.8723210356198974,0.5956835100189406,0.5065234520124279,0.5502591459934678,0.3989862049570857,0.0,0.0,0.0,0.0,0.6197037888904644,0.4695340924127077,0.0,0.49134625201141746,0.7908593998847472,0.0,0.0,0.0,0.797532518738381,0.4834229424929849,0.4240212893412395,0.47706404318428575,0.5214001758562284
0.5340887371215408,0.4583309644959138,0.3722150155802241,0.572619540284726,0.6143319925949158,0.2850990089307197,0.3969467225086931,0.4723534663956715,0.4163270775131779,0.3768395413667858,0.44501175975745166,0.5512944592353104,0.40299740851534693,0.3844279350322998,0.13301624201568507,0.09302436468417549,0.35895770465401866,-0.04397793089852403,0.5401332890163086,0.0,0.36619287688284036,0.15006054269909028,0.16223029024256863,0.4749338475737651,0.376499415752874,0.3298979350813126,0.17037853188775584,0.5029494862034085,0.45592271250372685,0.6129263989866396,0.44144923831545924,0.30967686878900286,0.23597314179330037,0.43769147621420096,0.4485038628426647,0.5457238423521512,0.36183646602871616,0.7720025505498507,0.3432113412080692,0.31482952618650073,0.4522818994968244,0.3937116520964875,0.6187708237525724,0.2747713092510835,0.20491805362200344,0.4506956061439633,0.023388603642528483,0.4577416772378139,0.0,0.0,0.4144920576818234,0.5976860057911544,0.5643248292416286,0.3971361565537016,0.9268982146901996,0.0,0.5319096423211702,0.506234442447038,0.0,0.44639968962299725,-0.2056324429267964,0.46858387422097775,0.547926553565476,0.0,0.3037124009926627,0.34375338974319386,0.27154278487664074,0.43164194314006166,0.0,-0.13276158659499426,0.2219755765909038,0.42923756369956023,0.5276000649608571,0.4431173233969219,0.3901742133257615,0.35288260117828774
0.2955718832231789,0.48750575183008926,0.345975462345669,0.41096921534951214,0.47379617612906255,0.5782162420269155,0.5184309509586609,0.6091726447451498,0.3542533862486475,0.48103726470263725,0.49744681151089265,0.4385811275289378,0.5374215485526059,0.7139992029623394,0.45662912287951046,0.31639654403355083,0.47908188087142994,0.469604196379073,0.45119544659084376,0.36619287688284036,0.0,0.3412982500941215,0.5096832757850193,-0.020088401163696645,0.5297465459544474,0.29945824538634414,0.3896631003325251,0.49117310301101946,0.45294645505313974,0.5752202423550354,0.6568857095917131,0.5118700884761322,-0.07768575252254778,0.7157246178882268,0.4103398248596343,0.7601079522777878,0.3134208093808099,0.5066146879885978,0.3721775866738447,0.3172854984992177,0.4156052188808434,0.3285146272398258,0.5658215441009448,0.0,0.0,0.13213086816840755,0.2945895524891996,0.6219908593304999,0.0,0.0,0.5441396193460081,0.4018912444984246,0.3389572787403933,0.5089078871448258,0.5539072561060864,0.0,0.7359626467475946,0.46537169435085685,0.0,0.4456140311921423,0.27477193486951157,0.0,0.49914431937269577,0.0,0.3942686693829539,0.39552713917267224,0.2970962523834165,0.47627708812460134,0.7575007946631958,0.45289020565704385,0.5200536153168933,0.4455259386265217,0.4091222033856467,0.48079424139711013,0.4669101633857543,0.3063560092392863
0.29615396403979516,0.4511140209341701,0.7338986475664595,0.24232262900915885,0.38850605187523773,0.29557536641507237,0.40501588794677956,0.44582113937895307,0.2781348134101195,0.41058420377135246,0.38368723843175645,0.42353669449167175,0.3605917831405725,0.24949958490025093,-0.0861767562010472,0.20912418281394773,0.49337863715030494,0.02324416166573398,0.6859691066070785,0.15006054269909028,0.3412982500941215,0.0,0.2295690744843294,0.049630034275989915,0.40974491372397,0.23374150463978138,0.4050424135716096,0.45304242517244336,0.270545295150919,0.5232219109536711,0.5007403034567701,0.42786874546911896,0.20328859534998883,0.5645940854365571,0.42689798737035084,0.5230747425526301,0.5687677116270551,0.5298089499728859,0.25963918622169435,0.2323048479610391,0.39115399558175473,0.3342052276469647,0.6142306422272605,0.3483248694159774,0.23579003108153196,0.18686462900776535,0.07487298898376549,0.5690387782174239,0.4715685846451459,0.24051467891815187,0.5353680124806038,0.6610476058283212,0.5809643738554703,0.6265864067252949,0.42150355944699847,0.0,0.5053771955416207,0.5755061099293526,0.0,0.4846791173628431,0.08653844508326736,0.4055467505920832,0.06867347147696762,0.0,0.2637397582789123,0.38651747672640313,0.23958270524466085,0.47876272107007467,0.7102938349178505,0.13534452688505993,0.23865486934544355,0.3224017634489529,0.5015145152774387,0.3652824562448949,0.5579023439228603,0.3712457743009753
0.4136475067277714,0.5545432960613459,0.6224157753569968,0.6850688587886564,0.5295923495676479,0.5174761144493876,0.5377278207311811,0.6304283676800313,0.4654952295367679,0.38973246752203744,0.5830435570779107,0.4173129928430607,0.5590523617217567,0.8285191451936544,0.046128352662598904,0.44650614111593856,0.4839947114054718,0.5229464697830515,0.6097581179607388,0.16223029024256863,0.5096832757850193,0.2295690744843294,0.0,0.13908410347923128,0.2685009166112106,0.31019684205980136,0.3069844351193465,0.5013834795626779,0.4294657255954452,0.5715887257878867,0.5924034494565046,0.6418152676748177,0.5932307977700375,0.7158472122359789,0.449408616463039,0.8761162813308156,0.8575197604890683,0.3010133935914458,0.6129172683715622,0.45057964789615357,0.614037969172044,0.6160871843475254,0.6261273786317323,0.5328334259765023,0.5499630682192342,0.4270795660259006,0.4760400061088026,-0.028615790826131637,0.4398942467653548,0.723604831560058,0.613526939897787,0.6414965353423239,0.6162496530295054,0.6779272617663349,0.5614921120234693,0.6399933060330106,0.4335875911789371,0.5887893120913026,0.33158452930176907,0.4932111211693661,0.5611109474931479,0.46349038062867287,0.5161186009520857,0.07149139052612374,0.48023418361507586,0.48456021924515363,0.3772871733826973,0.7196348984971236,0.21388738889380016,0.558434732541041,0.4207721160283817,0.5498199947806328,0.5585124657896747,0.5700110224004378,0.5694915498560122,0.5303749733848012
-0.3362237979613999,0.4720234844073551,0.3963624261787304,0.44640660763339085,0.2047489607240633,0.44289695822715147,0.4016749670722239,0.05235655740924475,0.6585233710762911,-0.15865646395722963,0.24205216777303262,-0.14583495125104406,-0.10002220980912688,0.6073670448853097,0.22795778273262707,-0.22433296545234782,-0.24013635478684842,-0.2500529471118152,0.44661151738124605,0.4749338475737651,-0.020088401163696645,0.049630034275989915,0.13908410347923128,0.0,-0.3388538428662927,-0.28031066736815224,0.16737642428811336,-0.1973494767288419,0.4499875594556665,0.808227396082623,-0.2547192143178073,0.6417070759215096,-0.07387929592989562,0.2696466617992857,0.5980695281666435,0.38601730663231754,0.3556667478200521,0.0334522707359019,0.675907709071062,-0.2253496949016469,0.4906166169442485,0.6055046037103293,0.5679800074554799,0.3684979113281075,-0.0514273899453192,0.2103179607739832,0.48088463182425695,0.0,0.0,0.4643356308065618,0.5690031273062149,0.28625105175179955,0.0,0.0295055771348049,-0.012597315576805046,0.5523537633686668,-0.08839866359583481,0.406185404092569,0.0,0.20964643037100877,0.5079576230338019,0.4874368445586982,-0.18392354279961082,0.4820129269600475,0.3287353202619769,0.3976417638253451,0.1491629191870752,0.8404857927242635,-0.2003763683286235,-0.22020029436629718,-0.3241818106751172,0.5327739053096521,0.5901946730431467,0.59195778383918,0.0,0.5300800294707254
-0.18318899013598167,0.2460945535955857,-0.12393608485042701,0.8650578455011757,0.5013709715225456,0.3852514640933685,0.3816032858174808,0.14764479514696108,0.06660219057836314,-0.5911927558651958,0.07732429061670493,0.5048606018498818,0.29311966081687135,0.5152506015249849,0.43217579433574327,0.13037639441191856,-0.3014698673702654,-0.19247832629809675,0.5029728907464276,0.376499415752874,0.5297465459544474,0.40974491372397,0.2685009166112106,-0.3388538428662927,0.0,-0.11033761920701671,0.6739393977139307,0.18792786908367792,0.3027007882834319,0.37199502740031787,-0.32253335738203387,-0.12935535996885075,-0.34938941488546194,-0.2848276652629865,-0.13158053389617913,0.41010180770776805,0.5957600695840526,-0.2171533988147053,0.3404658484818935,0.27381736396537737,0.1868035771333356,0.33601543806519174,0.09598464412384501,0.0,0.5143404525498678,0.19295957775608952,0.2603915404824154,0.0,0.0,0.0,0.5284486462204844,0.5175500792244259,0.6359049349366579,0.42750123390138695,-0.09308930900015566,0.4402390571068783,0.04956298439017287,0.3959765558030405,0.0,0.5225755668599419,0.19614864134456678,-0.14149937760333997,0.16077748847156997,0.0,0.6148790738941653,0.5113097871861074,0.19739678468781305,0.4858260019542038,-0.035788504713211655,0.12005773756786087,-0.06510871987645811,0.44552206529532323,0.021607949393774972,0.4563869305647805,0.0,0.04837076262494944
-0.41635772950858,0.2124161684233601,0.19242566194802696,0.5777866544543744,0.41897764040093144,0.5189118125221982,0.37176650937747757,0.27355628670409954,0.32311000341042306,-0.4635801913272261,0.5214985956345848,-0.33978597963983426,0.40069646917444357,0.4230313035536695,0.2922483130979361,0.11739533237308769,0.4304323765777033,-0.23925173842373065,0.4897955010920642,0.3298979350813126,0.29945824538634414,0.23374150463978138,0.31019684205980136,-0.28031066736815224,-0.11033761920701671,0.0,0.4612042108040914,0.46137648740239967,0.5036027797198475,0.3540921859294619,0.1226116701889517,0.2658876752119702,0.24079269332696945,0.38189946138137354,0.4639581481248567,0.6941767631780879,0.42669392844643883,0.4093128404221539,0.3062568429650117,0.5408297654017054,0.5598028658332245,0.4089265895209325,0.18341639248884656,0.5283540345137279,0.5275068859956498,0.1764907791848641,0.38953236967127963,0.6450455687115128,0.0,-0.0052392979515906045,0.506101214755505,0.5721304204126436,0.5266366617248184,0.3858312336024915,0.5334051512847833,0.0,0.5462666580812925,0.5890880001324181,0.0,0.4730333700894488,0.38827767985828054,-0.07885406764774927,-0.09988480412005413,0.0,0.448060847402834,0.5665174993932871,0.4864730745103111,0.5308914283264476,0.04605409124162718,-0.05062601200684347,0.5996021904687437,0.5070542055803036,0.5718645094143826,0.507826010522499,0.43662306914579196,0.2600901540350269
0.43170662528065307,0.6266793222237554,0.4514879690599626,0.5819215203480679,0.41085624895540485,0.5480623645745527,0.43348448432148445,0.5252800639467643,0.5597813004025038,0.32196590109615875,0.5134574851844875,0.48284749951216643,0.4893261441598007,0.9595069071578544,0.07000978114498879,0.394739040237748,0.5318886883498305,0.17456160853791391,0.5015960792752674,0.17037853188775584,0.3896631003325251,0.4050424135716096,0.3069844351193465,0.16737642428811336,0.6739393977139307,0.4612042108040914,0.0,0.4430404966924722,0.5575340249136563,0.49957057497831764,0.415984361903211,0.5025200902893583,0.5342813403333881,0.5968152684040062,0.7903773986823657,0.6965938938069078,0.7012883918626422,0.3526971877096594,0.5683236201580318,0.3551580761539549,0.5942984334764825,0.5422169627533642,0.9197001373176763,0.5180289421003113,0.41035091787315137,0.4009010994804644,0.18931300078662702,0.7514802097335819,0.46954944532299336,0.7927589572481166,0.6169514937466775,0.7259589719880655,0.4953408078239787,0.735199410718061,0.6827881411682765,0.7706248786651767,0.3320444598935848,0.6316504932835094,0.6166025882312166,0.3879429723284025,0.5424321859270332,0.0,0.42945836677770743,0.9063002981143318,0.4519728961653114,0.39585387877376266,0.24201482592571208,0.5512836764583846,0.0,0.5389582596084607,0.2734874507528694,0.5400912884887181,0.5790553714467603,0.5349828844562218,0.45703031143567363,0.5088433763747982
0.711090056621384,0.3506172761496895,0.6286782827360298,0.11464742488073754,0.7961947055615153,0.6006710984965409,0.6212539369649039,0.6765290841410316,0.5949457272792851,0.14264932932793,0.5835806067242639,0.21069396967624562,0.5227252642562835,0.8059055024507442,0.3350802871397909,0.3140203247072232,0.04523958939967987,0.04869927597080459,0.6422495060931186,0.5029494862034085,0.49117310301101946,0.45304242517244336,0.5013834795626779,-0.1973494767288419,0.18792786908367792,0.46137648740239967,0.4430404966924722,0.0,0.5362839061073851,0.5185743649949702,0.6020527975586891,0.580876356367356,0.8924026117761137,0.5156764795766758,0.5312958113628607,0.2879136068288163,0.10592820604205211,0.13961273053387074,0.7733701842162302,0.30035413575151726,0.8115027501610159,0.36097387451769036,0.4955662249220252,-0.16864355084778382,0.5678109922622042,0.613644235732306,0.5976551038239634,0.5039731462888328,0.0,0.6467728381543313,0.7321003910994347,0.5136571617419331,0.615971928806912,0.4869957951132388,0.5605193400018417,0.45847526365325564,0.41701563179654144,0.9274561784692318,0.3212021564446265,0.4076427895994469,0.4637533053871156,0.17299295872784828,0.5641422520137886,0.6656928749682791,0.6501699442549962,0.4741149716688957,0.3968594336174834,0.6682602242641331,0.4903378991851582,0.5668577374420738,0.3733644678803282,0.605824875210689,0.6559009691735751,0.5656560060543314,0.579601859433905,0.5820357157142428
0.5648451581769764,0.3447547934699139,0.4426626965936799,0.5229611128016775,0.6826199629140686,0.32482521341274984,0.556177544432978,0.5372054825133318,0.46397473096359254,0.3604769207374751,0.3825443326199102,0.6041444293661826,0.5322810076033825,0.36514744703852975,0.253099467575606,0.26214786079985686,0.28937557413900583,0.05930403711799975,0.5656963032704357,0.45592271250372685,0.45294645505313974,0.270545295150919,0.4294657255954452,0.4499875594556665,0.3027007882834319,0.5036027797198475,0.5575340249136563,0.5362839061073851,0.0,0.670023375393028,0.45589280649514585,0.41721581114320666,0.4915253615157831,0.6772856185449146,0.35466506240594214,0.6297477662681209,0.5171003070300753,0.5061802153739157,0.5742006132078146,0.4260174571340067,0.5925722614190583,0.5548249065691087,0.5930196480450325,1.0304876593986219,0.6025217906367053,0.4071394067009213,0.1388942805896395,0.48902566333222697,0.4664237004689813,0.41620938679367203,0.5820649195381101,0.5124046687686514,0.6304343437878082,0.4833328148228976,0.601130468338688,0.4191969871909616,0.5424780305142909,0.7019367022142757,0.773693307888848,0.4712662769131822,0.5287191721841779,0.46935117678578364,0.4919086914508618,0.4848733089209126,0.47306948319710973,0.526860055084126,0.3469721700533013,0.5727716712537644,0.475142732806246,0.5475332737238091,0.24017819981680805,0.6014395569164734,0.5981336590679148,0.5629051853313727,0.5414786132447937,0.48279439413699266
