0.0,0.7428573522782511,0.325676583033388,0.0,0.4212465352829813,0.4511641912507186,0.4295011207922963,0.8828267655107758,0.40442387920709827,0.37800039840302846,0.3849209590789486,0.23709615395003786,0.48671381596116114,0.9736312275962229,0.47366497216720543,1.0221191947114616,0.324911311802646,0.7258394253954785,0.0,0.5991860832408011,0.6844981279385085,0.8888102350261877,0.805261856125467,0.7053244699797927,0.6716148156362495,0.7137125465699781,0.2039664059826608,0.7721728468820158,0.9458373452699245,0.5649948872296939,0.9207891228899561,1.0519188440279854,1.0331197956761757,0.9121793478276999,0.9105379491891756,1.1009363640323788,0.4951776694022615,0.4335729935093974,0.6801972702796868,0.6249772960129929,0.5957963312688036,0.8487978688789004,0.4735184652324247,0.0,0.42170463466221103,0.43664100741722567,0.5871451705025644,0.0,0.0,0.0,1.1014963691703459,0.0,0.5527349008205749,0.0,0.4072334630803985,0.0,0.5015897478264908,0.7112347796470692,0.0,0.5511739534238119,0.7179255211514814,0.2748193709192392,0.6409525603350132,0.0,0.7347304263984669,0.627326235282025,0.6029845760704458,0.5687911810831465,0.42110569036966183,0.7279977761313248,0.6572563979149273,0.46792019029126874,0.40303694718073807,0.8404686200554318,0.0,0.6172972905070205
0.7428573522782511,0.0,1.19375633808059,0.32207822594740804,0.7890238411158985,0.4829228123573056,0.6665695002107159,0.4625054681687165,0.617341893483953,0.408192354331099,0.3226895821397258,0.43730836517032556,0.677938093005183,0.5006862586066531,0.7357027787496921,0.5827798048210608,0.5514739076303838,0.47374507662322174,0.6180962930474834,0.5284644986015943,0.6971760098737124,0.7912069360559153,0.4802229317681667,0.5604771392729508,0.4203193104446421,0.6175186004822617,0.27440798198164507,0.8215299257578246,0.5250166815071833,0.43840169289380826,0.8482761676851396,0.8315328059284226,0.779869491956831,0.7474855476661295,0.8442272078454361,0.4334298058423339,0.2503650807613357,0.0,0.8199426388444087,0.7812713906935392,0.7856416995917908,1.0033189856532418,0.6188586069822969,0.0,0.0,0.7735709237414434,0.8986694455504772,0.04941936325990441,0.0,0.0,1.0519232245625236,0.5959421042929358,0.545243595845965,0.5591213105606089,0.6192829927727317,0.0,0.42622662783501475,0.6013294790291506,0.0,0.894862580476161,1.0200296741682433,0.6171256992046774,0.8528288671297153,0.0,0.8443558474781061,0.9015606230452218,0.8133968841783377,0.5211785608813502,0.37222076318756236,0.9128677014157836,0.9414723001294396,0.8486644670266685,0.5843749584305453,1.0428177677748858,0.0,1.0622883651936679
0.325676583033388,1.19375633808059,0.0,0.6400786809039917,0.41743786485326834,0.4120217826002005,0.5299970920156901,0.541314303836178,0.26965466712223113,0.40656208289515133,0.46302938806675586,0.4806685798529661,0.5764701605380405,0.6539800258716724,0.33274342965696724,1.2102478621116406,0.5852955928832898,0.5045026708875711,0.38467002823419955,0.23433324444839257,0.4087905126509148,0.8462650462539181,0.34236381791550285,0.39573682928813925,0.504569170858046,0.429072910085889,0.39472712033715224,0.6310710750754431,0.4280723431958744,0.16540198276830967,0.734753389692723,0.7161656678291397,0.4581836004810934,0.8111198526053895,0.7719739600437896,0.7647044668481495,0.7014991325147358,0.429794616399965,0.4476578798926609,0.4702236274645649,0.7814918222116924,0.5271088523146074,0.43898162055853357,0.6134027808385785,0.0,0.0,0.19463993549523817,0.07350759373954402,0.47275138606363964,0.15518211339108479,0.3825363491358048,0.38932254725907434,0.352487789946907,0.005317040560135877,0.38702429494828905,0.3993375986493561,0.45577110738650095,0.4797986592080915,0.39242963521428265,0.2430499818269583,0.0,0.0,0.0,-0.09657254937860557,0.589847225378677,0.4385601941150113,0.09561792662567707,0.33553945117612627,0.0,0.6242764162124059,0.33512838172505477,0.2749563061950312,0.44481102533424255,0.5953023422517688,0.6806138951085223,0.3512532992756521
0.0,0.32207822594740804,0.6400786809039917,0.0,0.3844899422675496,0.6491211383859117,0.21315093916104885,0.7598187017714985,0.6256045519175655,0.29993051547130356,0.6585902242247881,0.8999549932833208,0.558119793804734,0.6694851864150572,0.5420391140325155,0.07436106873833838,0.5360666995960168,0.4723267938136919,0.5678912830776408,0.5693793001941709,0.42768873444922173,0.49693772075917547,0.9644594174632173,0.21986566532328977,0.8651135954143858,0.5870199741308775,0.8548802804764111,0.40933354155501833,0.38201148208808083,0.47920130469006883,0.5211647371220027,0.45852553195336027,0.3138790877163923,0.3590749404569984,0.6260203923038952,0.3818495204426694,0.3039163138035692,0.28797279335691917,0.16586631065726418,0.2830710261315288,0.38044414514680636,0.27079305459892067,0.22249591534811414,0.2234459068391142,0.0,0.0,0.0,0.3749235864446905,0.0,0.0,0.5753346264717665,0.0,0.46781876240692505,0.01917986775884121,0.0,0.17608921189095622,0.455989192237032,0.4470398336197969,0.0,0.0,0.0,0.0,0.0,0.0,0.0,0.0,0.4543956636541964,0.5282754835379919,0.0,0.0,0.0,0.46558294746345086,0.5189856050574676,0.5585542650525648,0.0,0.0
0.4212465352829813,0.7890238411158985,0.41743786485326834,0.3844899422675496,0.0,0.42911793406887594,0.41468963576368933,0.5177239708997635,0.4612265017947214,0.7942711171993664,0.49291773000986905,0.7054890739262508,0.6215606437389721,0.2353846214079028,0.4420373057531265,0.853029594251163,0.5114294823052846,0.3324338206212551,0.4612111927643362,0.6251300494098597,0.4669411396314147,0.7286771963816526,0.3390745589981342,0.6750143618170751,0.9000178668609449,0.898542607456043,0.3764293802929558,0.7315687242567612,0.39578802653125306,0.4426020461259018,0.7540499595867962,0.6608965248045551,0.9833797291806659,0.7486254106193506,0.6727277875571649,0.4178265701004064,0.7227084591192676,0.9298475168228676,-0.12754731202935105,0.7092665884644493,0.5993238643407027,0.4187072376598796,0.27533601810085767,0.683979125745833,0.24824439113805127,0.0,0.38861512694830885,0.20480671083224525,0.0,0.5826017712067486,0.5987113209716841,0.5583031761301943,0.5056133835474111,0.5313229050754311,0.0,0.41349976205277456,0.33318461279345624,0.6546508755279093,0.28256636556020964,0.24782248498652612,0.4467305280469474,0.0,0.0,0.591888746554835,0.3280660507967973,0.4921561575432736,0.37785867700978204,0.5692701549531032,0.0,0.47112754371832155,0.5700792321147775,0.4234827109711055,0.5463544852298354,0.42027392554334486,0.0,0.4683461332722447
0.4511641912507186,0.4829228123573056,0.4120217826002005,0.6491211383859117,0.42911793406887594,0.0,0.34894704042605973,0.6116478650031256,0.2983021438984939,0.7504733030502406,0.48497556563134003,0.9184026915282926,0.2677816002067397,0.5961114282608992,0.18540633318386857,0.6559001247885894,0.47856868109560763,0.661156936243346,0.5763357304099017,0.0485669630916952,0.5966490050896931,0.3807373911309233,0.21357925166878544,0.5469402807609525,0.6400353913026963,0.8482885832205005,-0.08156673282284749,0.24739854375996764,0.1034359267087554,0.42968463177289684,0.6881184822361813,0.8136458520188639,0.8918016292259092,0.7108814196823228,0.8245855271899594,0.8723251642053613,0.8374796388532659,0.3783540142756467,0.6820574912138043,0.297404224549617,0.6343942941411844,1.043808793532973,0.24079986613867954,0.48771396593008126,0.19374743333532266,0.5813352405175787,0.4751228245429612,0.2765026774327514,0.5525437738039105,0.4211735170471968,0.5988721310968367,0.5254323516831727,0.5606335763802219,0.3372474956149551,0.6338405370000488,0.3966282437822929,0.32063111005269984,0.6896839198406125,0.5529235801732588,0.5374375329842263,0.5565328056686962,0.0,0.5193044938531574,0.0337406084178552,0.9481940873395106,0.3523036827663917,0.5188986560556257,0.5625944360847182,0.582332359852364,0.4633823618930215,0.4390428896985292,0.5347257139565929,0.7193181386262684,0.688703130848167,0.613850059876238,0.6673781370110323
0.4295011207922963,0.6665695002107159,0.5299970920156901,0.21315093916104885,0.41468963576368933,0.34894704042605973,0.0,0.6114427262572144,0.4381009852425042,0.7165948443064081,0.525344962947956,0.6401958078232614,0.5274672814132845,0.005344745623960756,0.4809283540496354,0.7347951847907745,0.41268002842190693,0.38943691752425724,0.4890794091488353,0.5938058241764619,0.38542763172149,0.6238272591352002,0.5657545434948273,0.5192431008721821,0.5895169236079392,0.7303227819403373,0.3621192998071126,0.420436959264225,0.33716234201500095,0.434689763725225,0.6851914127431379,0.5175681151129722,0.7308522464171721,0.4848830517104556,0.5092063769360484,0.08085345570230507,0.2588333410712734,0.9538324687314532,-0.14656141926046196,0.39543798271871655,0.43631708058576857,0.5161125926134345,0.31947419673226407,0.756939029626623,0.32018643391181695,0.0,0.5538204146385375,0.3893856357180832,0.0,0.5094437859293282,0.676402014440468,0.5403015061917411,0.4767341996084536,0.5929513367657115,0.5534964283563898,0.4690131458634681,0.43221114351225753,0.4557385073146067,0.38206528525752603,0.3130023244339077,0.5753642145763243,0.0,0.5242032982310315,0.5633234400237128,0.5652328831687419,0.4919856784843879,0.588606516749014,0.6313071148321906,0.4696523349244916,0.5973997627136678,0.5053834361102744,0.6577795154222204,0.5283577372851697,0.4146050618860656,0.7542941809822273,0.4735992192625449
0.8828267655107758,0.4625054681687165,0.541314303836178,0.7598187017714985,0.5177239708997635,0.6116478650031256,0.6114427262572144,0.0,0.460372617349246,0.49365701205555557,0.6268971261620448,0.624112573214276,0.8552042637600665,0.808925914011712,0.4273439026686145,0.8494178465338091,0.43008561211805973,0.5839706630303422,0.4511522990319382,0.4108344222161646,0.6115452262900729,0.7410136679215986,0.555139765498375,0.6524451983147859,0.5719570601124655,0.6429067512534863,0.3870729317671886,0.9083809339611333,0.6097844649407332,0.8952141143682542,0.8935422630753258,0.8182444275298681,0.6393726313023074,1.0377543699516194,1.0170146467874601,0.3194575667869741,0.937267935951813,0.5903186754815802,0.7398835843544445,0.42663711707913776,0.5084176416587125,0.7164252461482448,0.5259341144780363,0.42696834442834,0.0,0.5464246879709664,0.33393742141099414,0.12939899286811027,0.0,0.4502659641119987,0.5911652748991292,0.5968499558553872,0.42343739532497704,0.16723411476173874,0.8234825351744028,0.40635026821980624,0.9349894140123719,0.646985061442451,0.5945997577188189,0.24338686298964107,0.365206356268176,0.0,0.6397937180271775,0.2389905432192977,0.5297298289639331,0.5647933522374189,0.41670488421333773,0.5689731768513121,0.0,0.4113783251531405,0.35219366551528664,0.33119988544535434,0.6536673560082872,0.5013896402512344,0.4667922422037072,0.5195111078535006
0.40442387920709827,0.617341893483953,0.26965466712223113,0.6256045519175655,0.4612265017947214,0.2983021438984939,0.4381009852425042,0.460372617349246,0.0,0.7639329697071685,0.3543781415627755,0.836616366394114,0.4001310800567186,0.5869482160264126,0.5650949958401434,0.8380183369866,0.3957910997951477,0.5447520601402479,0.24764443251868365,0.4095502185635568,0.7256001702625513,0.7316483628736121,0.4013454038192979,0.7829712987443278,0.9166446301631501,1.2125046567755318,0.4037401013027052,0.651744494129751,0.24659892112314336,0.45796643565949374,0.67778619478414,0.6703259398887416,0.888045189979604,0.6816996451243387,0.6846035530918952,0.6623242354702784,0.6359506620858959,0.956279608607471,0.3313554894884365,0.4781840174126136,0.39466516701658166,0.34909176386351704,0.5464441507144746,0.43435437255908144,0.2730421082606865,0.0,0.47860219349553085,0.2066093540248104,0.46775629589407997,0.655725659744528,0.5071467211322458,0.38646982246444084,0.39273803467450197,0.21615946743811681,0.19352144414718253,0.3809582902436025,0.408162511767203,0.47900563423894776,0.39192866417069544,0.4533632661448105,0.6573201991849923,0.0,0.0,0.18326196829466712,0.578416811033891,0.6868808633796195,0.5299228854573346,0.42590638765477695,0.3153670721185875,0.5357337114948204,0.27701865940342646,0.3322648925455696,0.4823243126249865,0.5366933650393123,0.5020732252002726,0.5869839442841117
0.37800039840302846,0.408192354331099,0.40656208289515133,0.29993051547130356,0.7942711171993664,0.7504733030502406,0.7165948443064081,0.49365701205555557,0.7639329697071685,0.0,0.6754080223640418,0.49281624851602646,0.7472539770977427,0.8258027865196073,0.4577100885506845,0.3378126890705281,0.43885183642634784,0.43707122016681277,0.7249552848999201,0.3779131422165729,0.09389984567678816,0.43303123423641876,0.5490409560057294,0.5073715611433854,0.6640801634872562,0.5394493939230076,0.34206467797315243,0.7470065620367135,0.37894390313332693,1.3277226363777095,0.6468324738637641,0.29675274214666647,0.6886323299150467,0.732204601833344,0.6180239124247666,0.9557247144435186,0.4739357786040528,0.46030654014001804,0.47737177364996763,0.2645874451723179,0.18911765452641444,0.3272053864823822,0.26467300150112005,0.28855982636162614,0.2964132720630746,0.5939575914400133,0.5302567033065192,0.14763696098071571,0.4782077100729455,0.41207817297615096,0.49715893878010375,0.4161669389904751,0.562993229331347,0.21444629373578059,0.41486186149120285,0.41656178597171634,0.314810222005394,0.27345190016037896,0.0,0.896779199264809,0.5834896217237607,0.5678561042190491,0.6835518945254786,0.46817935903827534,0.46445177160754336,0.5462166323278898,0.333626029121442,0.5349033369901256,0.2968311787359526,0.6194579410348302,0.5482555441011747,0.5566885532506641,0.3047192727044489,0.39316870006320404,0.0,0.39879146895158435
0.3849209590789486,0.3226895821397258,0.46302938806675586,0.6585902242247881,0.49291773000986905,0.48497556563134003,0.525344962947956,0.6268971261620448,0.3543781415627755,0.6754080223640418,0.0,0.6770174728803557,0.5953786512324979,0.6647368052154803,0.0,0.51200013503951,0.46356923780571735,0.8909609648876073,0.2677114525312086,0.4460759127773543,0.49807393309051895,0.37735784911087544,0.6533835763937506,0.6981226694558718,0.637325737685851,0.9244305307626881,0.3332059879725361,0.6251912739143575,0.397674626534952,0.5001394454464202,0.6553349452267141,0.7851216256729427,0.6572188059191852,0.6582413430192516,0.6545687252177989,0.7143357771112646,0.6849680291647103,0.7794980084842416,0.3117587969159491,0.5341531629915826,0.8569234242344554,0.4384257589817966,0.43945373677955124,0.5525071163825879,0.1815156992832314,0.0,0.0,0.0005899639596003148,0.467942913401848,0.2947100265540102,0.5782319495415357,0.16753017373446127,0.3526961656184878,0.18447576241060434,0.44719168956781774,0.40104189976841015,0.37787143727599726,0.5161148691040982,0.5156087202198815,0.0,0.0,0.0,0.0,0.07302779415398916,0.34698556407257497,0.0,0.6603657484177277,0.5499493416523675,0.0,0.0,0.8833844101480857,0.44790989300815526,0.4421091591603151,0.3483763060098525,0.0,0.5265855526490933
0.23709615395003786,0.43730836517032556,0.4806685798529661,0.8999549932833208,0.7054890739262508,0.9184026915282926,0.6401958078232614,0.624112573214276,0.836616366394114,0.49281624851602646,0.6770174728803557,0.0,0.7561680606711676,0.6062377482885246,0.40726748713708744,0.5787250375680577,0.7219379354878046,0.65411968431964,0.4681381312996629,0.5575100675352866,0.31133133827925463,0.4252297133591816,0.43734217249528323,0.45034814945886137,0.5515420853195176,0.516660949127193,0.482003300682701,0.7445595864239514,0.5926975011651615,0.29398319464377887,0.4769647654714421,0.4105406607875476,0.44798824378206575,0.589127156630012,1.000851711560065,0.7691425328999641,0.7605922440689014,0.4548527039218955,0.42598312572439057,0.29944449611144497,0.39037009350116963,0.37943139557599564,0.3734079061606102,0.4111058060417926,0.2406270194882346,0.38427387681622194,0.576853316324166,0.24812225794925824,0.19726755549386082,0.25781870013714125,0.3434956912195914,0.4757703002066235,0.23806688709497964,0.38392688330584024,0.4016487543231825,0.2281365875359017,0.32709164034204546,0.11720062897033143,0.6739843897728988,0.6235331750521065,0.5286800362764952,0.6169169609768892,0.717411319414782,0.3370045087787727,0.7338627235854794,0.7599457839776418,0.40823386138810625,0.5423895788637767,0.3249179001579974,0.6939173189709106,0.5216849990402794,0.346093570867823,0.49952170559551656,0.46805821217359095,0.0,0.39361895684290216
0.48671381596116114,0.677938093005183,0.5764701605380405,0.558119793804734,0.6215606437389721,0.2677816002067397,0.5274672814132845,0.8552042637600665,0.4001310800567186,0.7472539770977427,0.5953786512324979,0.7561680606711676,0.0,0.5796112013167455,0.637992362082822,0.751819305955339,0.6247878168407879,0.6237528220046453,0.5549924305291624,0.6281694067531424,0.7162008506060771,0.6129324127803082,0.6911730048912146,0.5920595632303495,0.6284542850571793,0.6691947871402677,0.4083562850780398,0.3406236960825332,0.26587510917651724,0.2825262461991032,0.5840975669759978,0.5795016969650453,0.945381820698331,0.7268864492178726,0.7743160656234037,0.5665125626056781,0.5890022020486734,1.0342224408491771,0.6899855158647822,1.1109995022227275,0.6320461519646003,0.5278546160463983,0.0691094984079797,0.3769604924213061,0.36510067924359296,0.5780148386078264,0.6238863383232776,1.1896947988957383,0.0,0.618410520471417,0.8096807747322062,0.5047087655637869,0.7402401833596488,0.5378827320439122,0.28426788227766875,0.4270724754956108,0.4002988571068213,0.5424194090331032,0.4172279262890258,0.43464637327961964,0.4786016615644041,0.37714200974340556,0.5389883041884631,0.5070819288424433,0.41664164987219654,0.5525681629408187,0.5098888823406682,0.7808635287749054,0.30528097764325934,0.4655164053864975,0.45451280693649576,0.8249604078067729,0.5186264504900927,0.4751569635223757,0.5063958443148896,0.4882939638451462
0.9736312275962229,0.5006862586066531,0.6539800258716724,0.6694851864150572,0.2353846214079028,0.5961114282608992,0.005344745623960756,0.808925914011712,0.5869482160264126,0.8258027865196073,0.6647368052154803,0.6062377482885246,0.5796112013167455,0.0,0.512888025419423,0.5545039448429494,0.4547221741430669,0.4991070625542001,0.5542309109158852,0.3863648829741937,0.6932448634174531,0.2498223016826192,0.5817191262102005,1.2677828939532936,0.5172996156356874,0.5106787267848639,0.5366814380907597,0.5120028775333065,0.33017175046381503,0.7618055739761078,0.8645617862322532,0.1862850692659378,0.24335237009810762,0.8378644794949083,0.3555732191500248,0.4070293447451274,0.3769706030379993,0.4026679307242802,0.5088079034353856,0.0,0.6874394259806111,0.8178527956850551,0.6422361640304693,0.4719757597416817,0.0,0.0,0.0,0.4449511854601431,0.0,0.16258143054118113,0.441033343467645,0.46365181412298095,0.5385658361216842,0.41959293601491876,0.0,0.5400784109825871,0.3827946692374733,0.7048172421616778,0.6247563918980301,0.0,0.0,0.0,0.0,0.46295925101393426,0.0,0.0,0.0,0.38507950871109375,0.0,0.0,0.0,0.4797555569674371,0.7254744338206227,0.0,0.0,0.0
0.47366497216720543,0.7357027787496921,0.33274342965696724,0.5420391140325155,0.4420373057531265,0.18540633318386857,0.4809283540496354,0.4273439026686145,0.5650949958401434,0.4577100885506845,0.0,0.40726748713708744,0.637992362082822,0.512888025419423,0.0,0.8715191611664448,0.3768551689792291,0.7489700359995753,0.0,0.4345442077828235,0.5684515518237403,0.4974414844622275,0.08589940658320067,0.19596331437509135,0.7176798029205883,0.5998492028881195,-0.026569947895115298,0.6961263830028014,0.6661740275661512,0.18724016386108777,0.9376504697132197,0.9398130938562216,0.826573261746215,0.8342642289926503,0.9017600412313498,1.2104537886216895,1.0509848810159306,0.37224892816181265,0.6669890240642392,0.7982619452560218,0.6940939250013651,0.6841746800601588,1.0717140505261809,0.5961173244571092,0.0,0.5707993110965748,0.6526770620334839,0.4459547077187731,0.0,0.0,0.40220291889039944,0.6808777953663205,0.5317729439313104,0.5279147502961583,0.0,0.0,0.6527730069398008,0.5214457941592131,0.470626079403782,0.2842884115300549,0.8557076899932219,0.6156296592734003,0.7202794779309005,0.0,0.6206615291630845,0.61488210504044,0.4405181192504391,0.7377653417454062,0.4398255033482108,0.5479414125040907,0.5803423788914279,0.6515637572543636,0.9696601155179732,0.7439975378717665,0.4918658237511777,0.715131931489517
1.0221191947114616,0.5827798048210608,1.2102478621116406,0.07436106873833838,0.853029594251163,0.6559001247885894,0.7347951847907745,0.8494178465338091,0.8380183369866,0.3378126890705281,0.51200013503951,0.5787250375680577,0.751819305955339,0.5545039448429494,0.8715191611664448,0.0,0.4379778512789314,0.7401442697794789,0.445555172797908,0.6620146160809286,0.8493494946888915,0.6516075995911005,0.6438779519896638,0.6644403135642806,0.7208253842104186,0.8165176574594402,0.4993790754512859,0.7171884950808225,0.603524843709333,0.40791781930802407,0.6910861765463279,0.726845780226237,0.46768646562702637,0.5360444839369454,0.6177968530868694,0.6336284079250081,0.35384501012315606,0.5846285071800519,0.9729830081367712,0.8066167957853976,0.9397831024566732,0.9447537009810432,0.47133389443630436,0.0,0.0,0.7956670937974957,1.0020383402343511,0.0,0.0,0.0,0.5134226902134292,0.5815771108835035,0.8609239923472682,0.0,0.8484961164223446,0.0,0.45463557563845014,0.5801894953200628,0.0,0.9009292640301303,1.0993362271976803,0.583204888185739,0.984463035016182,0.0,0.9992124012610195,0.8833916087180782,0.8564771456618494,0.5435248049219218,0.364513606027872,1.1167355217998836,0.9486773302720333,0.5408050643454987,0.5836842301555569,0.996434072569776,0.0,1.0437093164956572
0.324911311802646,0.5514739076303838,0.5852955928832898,0.5360666995960168,0.5114294823052846,0.47856868109560763,0.41268002842190693,0.43008561211805973,0.3957910997951477,0.43885183642634784,0.46356923780571735,0.7219379354878046,0.6247878168407879,0.4547221741430669,0.3768551689792291,0.4379778512789314,0.0,0.5808688704378442,0.616666275318825,0.36683982136960014,0.34293680826424644,0.7118933141445579,0.47564252055741685,0.5838536052698687,0.6304355145935393,0.5131736646559925,0.5375286885895458,0.8138006552198758,0.2939412453448786,0.4964693806614451,0.6368076610675915,0.7077503906498657,0.893999912906218,0.6374667117171324,0.47038295943620045,0.5759714017173888,0.23887780344761023,0.4421722229150292,0.5513507378186544,0.6983764948619144,0.6406904170042703,0.5821582927710426,0.0,0.0,0.5076385356958601,0.6160031250155341,0.6171125447212968,0.0,0.0,0.0,0.0,0.0,0.0,0.0,0.12495918309134424,0.0,0.05141588257664209,0.3097957937950553,0.0,0.7609873504500593,0.49307464405965595,0.42438486101503536,0.6701941508681928,0.0,0.0,0.0,0.5641241087948401,0.0,-0.17426588872973547,0.6772863859580126,0.5760725309488983,0.0,0.27707514758766993,0.4673993769916249,0.0,0.8681668125172204
0.7258394253954785,0.47374507662322174,0.5045026708875711,0.4723267938136919,0.3324338206212551,0.661156936243346,0.38943691752425724,0.5839706630303422,0.5447520601402479,0.43707122016681277,0.8909609648876073,0.65411968431964,0.6237528220046453,0.4991070625542001,0.7489700359995753,0.7401442697794789,0.5808688704378442,0.0,0.47445317179782664,0.5915213285097913,0.5573056590305904,0.6711939051009161,0.6249988215022572,0.4602805761438948,0.5529252798156825,0.45091281298652,0.5072592328315113,0.5563226943452086,0.5569866339803913,0.3989578124614502,0.5386468811236881,0.6515898726061564,0.7859826150643805,0.6392308824188945,0.39399849492386296,0.5037603362490961,0.25067357077705793,0.3954400590876782,0.8615667898192885,0.6983029426059615,0.7205212116533872,0.8911479923549737,0.0,0.0,0.5872582254496674,0.6894362194801116,0.9158352946473549,0.0,0.0,0.0,0.47104589365475535,0.5510719471580516,0.8601612224595561,0.0,0.1797797459980837,0.0,0.11656833304899794,0.5142273513891324,0.0,0.5359080107298827,0.9583822047745276,0.41601921341770787,0.7540328671600149,0.0,0.467599825841085,0.5944221792424798,0.6770527373591329,0.7054427720980958,-0.17970026353307283,0.7199453330963604,0.6817862496187912,0.46196898014572585,0.6688592584414403,1.009706178123277,0.0,0.883879777387624
0.0,0.6180962930474834,0.38467002823419955,0.5678912830776408,0.4612111927643362,0.5763357304099017,0.4890794091488353,0.4511522990319382,0.24764443251868365,0.7249552848999201,0.2677114525312086,0.4681381312996629,0.5549924305291624,0.5542309109158852,0.0,0.445555172797908,0.616666275318825,0.47445317179782664,0.0,0.5390897896918512,0.45109288705570444,0.6799166826462881,0.49564691474061784,0.43587131564699777,0.5047500559421365,0.4764914167546474,0.43476324727784277,0.5974948143514341,0.1644209546391237,0.5806651994469358,0.6292141466608105,0.6540211568139493,0.4439934193436642,0.6574611058232998,0.5740899250041904,0.6157048066998634,0.4941027621569366,0.8168800715678926,0.06422818921399953,0.3840926555248807,0.3911811558561467,0.20508522631107312,0.4089038193288972,0.3525832254557023,0.40154101253619057,0.0,0.0,0.016974616325985625,0.0,0.13269203839642638,0.323532814520604,0.45265309534988285,0.25847002698028204,0.21340717305715934,0.8641353165532362,0.3532916071911629,0.49736391479563313,0.4191567673471073,0.28518340998486374,0.0,0.0,0.0,0.0,0.29935380393748134,0.46979484956431833,0.0,0.4921637640962334,0.3299813031920228,0.0,0.0,0.0,0.15409793601733657,0.4841872001197421,0.42628967276546725,0.47126322618726624,0.5260672661934191
0.5991860832408011,0.5284644986015943,0.23433324444839257,0.5693793001941709,0.6251300494098597,0.0485669630916952,0.5938058241764619,0.4108344222161646,0.4095502185635568,0.3779131422165729,0.4460759127773543,0.5575100675352866,0.6281694067531424,0.3863648829741937,0.4345442077828235,0.6620146160809286,0.36683982136960014,0.5915213285097913,0.5390897896918512,0.0,0.5224424416473644,0.45353833811830024,-0.05993232971860102,0.5359737151633829,0.723148626512564,0.6096959895516727,0.06606200086419137,0.7065016926501134,0.3704523727197607,0.8211610330001553,0.4330938102025103,0.7532072709338145,0.6007157778282098,0.4821289991180854,0.7619462344842575,0.5669841899582474,0.3992638009263758,0.7672377034297172,0.7303805958230744,0.6621899997856182,0.7240671520279339,0.6673111770505928,0.49294171819013155,0.261373410180541,0.1973314213499317,0.4440790474336169,1.0417623153950826,0.45141467275262404,0.0,0.0,1.0883391681964572,0.6051304470046617,0.5791021425499376,0.3966909159796329,0.9270431963505097,0.0,0.524971900254771,0.5209093418237796,0.0,0.6804021179322537,0.7259910751124412,0.4719571390180154,0.557999264206518,0.0,0.7373809024672575,0.480327867153404,0.677277704287973,0.5967880662924518,0.0,0.5281160340060465,0.6724042954587983,0.6701611404102111,0.3898937819991172,0.7906207645306979,0.3902540802321893,0.5222594901289042
0.6844981279385085,0.6971760098737124,0.4087905126509148,0.42768873444922173,0.4669411396314147,0.5966490050896931,0.38542763172149,0.6115452262900729,0.7256001702625513,0.09389984567678816,0.49807393309051895,0.31133133827925463,0.7162008506060771,0.6932448634174531,0.5684515518237403,0.8493494946888915,0.34293680826424644,0.5573056590305904,0.45109288705570444,0.5224424416473644,0.0,0.8820790811211269,0.39576557882186636,0.5107149277980773,0.4257128856358739,0.5998623859013938,0.14709048225855537,0.7045119157197031,0.8464019163668991,0.4109741883251117,1.043893684395067,0.9946295958641288,0.954837014615608,0.8831952919707932,1.0472504551407844,1.1912174385953778,0.31166472898032016,0.5133015736621546,0.7156766374156605,0.6463659152129564,0.5346565061006419,0.6580369074462864,0.5628104181645623,0.0,0.0,0.4608394462495719,0.6365342088166523,0.6195657655919917,0.0,0.0,0.5993508678356427,0.3999174406044914,0.40681021035266485,0.4967180180858852,0.5561929545297427,0.0,0.7388093352531659,0.4788397425742301,0.0,0.5632019298690802,0.6429369864808652,0.0,0.503602366939551,0.0,0.6303303727716938,0.25631480183714256,0.6465342087275735,0.456266336132225,0.7635710010822694,0.4657398591191694,0.696098868719686,0.5160166069925844,0.5793254352645809,0.7249914855972851,0.5781326144399119,0.3455231375075176
0.8888102350261877,0.7912069360559153,0.8462650462539181,0.49693772075917547,0.7286771963816526,0.3807373911309233,0.6238272591352002,0.7410136679215986,0.7316483628736121,0.43303123423641876,0.37735784911087544,0.4252297133591816,0.6129324127803082,0.2498223016826192,0.4974414844622275,0.6516075995911005,0.7118933141445579,0.6711939051009161,0.6799166826462881,0.45353833811830024,0.8820790811211269,0.0,0.4418581729816939,0.4610011300120612,0.7602602031839456,0.9869812747816678,0.16787906889753754,0.7294353697481788,0.2784240210610475,0.6761409983171206,0.7124989330897438,1.0410966667870158,1.0894177398268656,0.9295630956806379,0.9672760557210001,1.0993518712385004,0.5427742184600832,0.5296589049883399,0.8624194896102846,0.9125409859647636,0.7915606992314714,0.8340980702353984,0.4438777581905816,0.3461949896801596,0.23319021437687382,0.861827593624911,1.0678887750437007,0.5689888335875973,0.47098123444081763,0.23959570552343692,0.8141061229061375,0.6462141979639067,0.5852855622571195,0.6307251376621722,0.40975439591974294,0.0,0.4995183126046911,0.5762893620324252,0.0,0.7679629153711014,1.0641746524982059,0.4123416355244104,0.5948071019665806,0.0,0.7449384928050986,0.7715684185587612,0.842552564679123,0.6271243311752297,0.7115421217698394,0.9414414829484494,0.8542205770344874,0.6417574676332372,0.512793575635543,0.8611620126167453,0.5568399960393768,0.8880375004102352
0.805261856125467,0.4802229317681667,0.34236381791550285,0.9644594174632173,0.3390745589981342,0.21357925166878544,0.5657545434948273,0.555139765498375,0.4013454038192979,0.5490409560057294,0.6533835763937506,0.43734217249528323,0.6911730048912146,0.5817191262102005,0.08589940658320067,0.6438779519896638,0.47564252055741685,0.6249988215022572,0.49564691474061784,-0.05993232971860102,0.39576557882186636,0.4418581729816939,0.0,0.5689526527600819,0.526336559814648,0.43973060578347367,0.10748791470376079,0.575761919362956,0.25642461339239897,0.4087017082487172,0.5716100146540182,0.7553762621791298,0.5065175110200135,0.6966124218044007,0.7719552870388617,0.9445308298861006,0.9550511376677497,0.32072798769766164,0.6433481265958458,0.5355744312445261,0.6455985686314741,0.6707826797514511,0.5594105312391782,0.5423039956723117,0.5302275847051862,0.42924392073108036,0.9284210828612527,0.2056429542460862,0.44788034321410564,0.5584884336574091,0.6103649605108019,0.5794258352934664,0.5535001295985634,0.37970616788188005,0.5587936871569368,0.4789673451419768,0.43557371872615724,0.6443988464929775,0.6476966073555022,0.5134851015879157,0.5822033492274559,0.4644517716075428,0.5280065459590298,-0.0350069234940808,0.49849359611486865,0.41586695190736056,0.46384367726500225,0.6890643583228317,0.21192619170089605,0.5807481743646365,0.6062820233000874,0.5007899551589914,0.5723485656616278,0.611654131176965,0.6595596306969825,0.6390276462416042
0.7053244699797927,0.5604771392729508,0.39573682928813925,0.21986566532328977,0.6750143618170751,0.5469402807609525,0.5192431008721821,0.6524451983147859,0.7829712987443278,0.5073715611433854,0.6981226694558718,0.45034814945886137,0.5920595632303495,1.2677828939532936,0.19596331437509135,0.6644403135642806,0.5838536052698687,0.4602805761438948,0.43587131564699777,0.5359737151633829,0.5107149277980773,0.4610011300120612,0.5689526527600819,0.0,0.535872533767459,0.4599924357048133,0.5698281673694034,0.6338225541783574,1.0225173092201143,0.808845094758091,0.6791470059552764,0.258892610765149,0.44639011284309416,0.5358875057745552,0.6421500327025884,0.6079634994452489,1.1189473599797237,0.4102094894318973,0.16668576623529696,0.4775097727490125,0.31279943842534075,0.5801955482724508,0.5779302783910913,0.3591242962111478,0.15962097220542082,0.3410042594727084,0.48843259749681983,0.0,0.0,0.47349988305750856,0.575822814126121,0.2977803655060248,0.0,0.014648914927727867,0.24053148771283608,0.5451398621591759,0.0683247509699558,0.511951869923118,0.0,0.22532692477672628,0.5282467274877851,0.46431480018881854,0.5413462038731167,0.47355634581673545,0.34155669511971176,0.4049972052024027,0.16147917708342616,0.8408870702240956,0.11839445686386205,0.642598884089675,0.5159622416443366,0.5399904112985364,0.31706577740703723,0.5848719932317261,0.0,0.4562601622562003
0.6716148156362495,0.4203193104446421,0.504569170858046,0.8651135954143858,0.9000178668609449,0.6400353913026963,0.5895169236079392,0.5719570601124655,0.9166446301631501,0.6640801634872562,0.637325737685851,0.5515420853195176,0.6284542850571793,0.5172996156356874,0.7176798029205883,0.7208253842104186,0.6304355145935393,0.5529252798156825,0.5047500559421365,0.723148626512564,0.4257128856358739,0.7602602031839456,0.526336559814648,0.535872533767459,0.0,0.3805294692929695,0.5621199180268734,0.6077588132612969,0.6433292952140165,0.3763355939550398,0.6447369892887893,0.5208899931532975,0.711478943105915,0.558524341541462,0.6488706308091998,0.4160777431363167,0.5945668551471459,0.6186765330169506,0.8483971859420736,0.7206304669584849,0.7751461692418373,0.9080829086976755,0.09603727852192362,0.0,0.13719391370620843,0.7152108963755853,0.8614326399424491,0.0,0.0,0.0,0.5319370727493615,0.5160836884604063,0.6374589247944431,0.42879110101279866,0.29606823370344654,0.44750297691640584,0.3037254143087277,0.4079678246796514,0.0,0.5279732699166396,0.953811520221918,0.4058087294716892,0.7408162045427302,0.0,1.0107769735968632,0.529347042426463,0.7820489614218187,0.4995017039630416,-0.15293761918136595,0.735909595487456,0.6389897030227609,0.4542204966895959,0.2584189477167309,0.7676846583488124,0.0,0.8971171881232575
0.7137125465699781,0.6175186004822617,0.429072910085889,0.5870199741308775,0.898542607456043,0.8482885832205005,0.7303227819403373,0.6429067512534863,1.2125046567755318,0.5394493939230076,0.9244305307626881,0.516660949127193,0.6691947871402677,0.5106787267848639,0.5998492028881195,0.8165176574594402,0.5131736646559925,0.45091281298652,0.4764914167546474,0.6096959895516727,0.5998623859013938,0.9869812747816678,0.43973060578347367,0.4599924357048133,0.3805294692929695,0.0,0.38884963312439547,0.7385935903102826,0.8793575946433769,0.3574706712019215,0.6854689774578235,0.9290867301282777,0.8813285355698086,0.7248210388712517,0.8871019744384645,0.9769925116646508,0.4265246066754147,0.4573554325597963,0.7906122170483633,0.7561941769387115,0.7885312218697293,0.6633565120943974,0.1903989364179366,0.5326103011212215,0.3993005939821189,0.7091263005990689,0.963106662256598,0.6457881017224585,0.0,-0.0017689265013998007,0.9267859803999718,0.5509518336296482,0.5224629489401365,0.39914364521766843,0.35139182730028734,0.0,0.3891447725224073,0.5916387583411946,0.0,0.6862822885969004,1.0595305496426408,0.49211890882578857,0.6670670849267164,0.0,0.6843589231579282,0.8731880938014489,0.8570312447461562,0.4597505196079536,0.19697161349545872,0.7050279771725103,0.6684790664968685,0.762941165947932,0.48678202954203387,0.9515118596083905,0.4391771708055134,0.8176591148138916
0.2039664059826608,0.27440798198164507,0.39472712033715224,0.8548802804764111,0.3764293802929558,-0.08156673282284749,0.3621192998071126,0.3870729317671886,0.4037401013027052,0.34206467797315243,0.3332059879725361,0.482003300682701,0.4083562850780398,0.5366814380907597,-0.026569947895115298,0.4993790754512859,0.5375286885895458,0.5072592328315113,0.43476324727784277,0.06606200086419137,0.14709048225855537,0.16787906889753754,0.10748791470376079,0.5698281673694034,0.5621199180268734,0.38884963312439547,0.0,0.4552169830270957,-0.23171665723040252,0.20067265162458792,0.47017732698277726,0.5678193458766085,0.2757860341070491,0.49052876070556556,0.4876471502830644,0.7037733886261676,0.7583777655051523,0.3627020734622268,0.5529687725577097,0.4527137683805844,0.6027186665585873,0.6212504536639316,0.4233463433762023,0.5214431522708032,0.404338205363133,0.39720771022552526,0.7058741866526457,0.17917595881552428,0.47417222390729424,-0.02296760348666449,0.5262902626120995,0.4336403795728654,0.37603868535962404,0.267019759618492,0.6842652318919722,0.37522870653972007,0.3394859174060606,0.5653390647480858,0.6235996801151857,0.3331969881476927,0.5619935776123098,0.0,0.4165695620235768,0.5837765011213838,0.37302741921998483,0.19545132251691713,0.28494247143701845,0.47729266699614364,0.0,0.5538446981860305,0.4780086200680109,0.5173527666083336,0.658015642824741,0.560181971530793,0.3748202560467522,0.6572915154684146
0.7721728468820158,0.8215299257578246,0.6310710750754431,0.40933354155501833,0.7315687242567612,0.24739854375996764,0.420436959264225,0.9083809339611333,0.651744494129751,0.7470065620367135,0.6251912739143575,0.7445595864239514,0.3406236960825332,0.5120028775333065,0.6961263830028014,0.7171884950808225,0.8138006552198758,0.5563226943452086,0.5974948143514341,0.7065016926501134,0.7045119157197031,0.7294353697481788,0.575761919362956,0.6338225541783574,0.6077588132612969,0.7385935903102826,0.4552169830270957,0.0,0.37432275016443317,0.5395875474531744,0.653682640053258,0.5121299393741984,0.7702526286699998,0.4908790171848167,0.7774772850045728,0.6667177149092447,0.4742859390766393,1.0499461096400067,0.693798665615712,0.4377494510268881,0.6138372238745325,0.4259809658269888,0.027555657908915843,0.4389247827204725,0.6294895122531996,0.6011574871862904,0.5933213635624117,0.5179169321154549,0.0,0.6364959313625895,0.8943023097704049,0.5135706206312298,0.7152368159305894,0.4907931878797014,0.5298406067370752,0.4548873645635019,0.6782106376187265,0.5023877280949933,0.333026403524296,0.4172482753356164,0.461464131064244,0.17401858134736378,0.5628760999744556,0.6630383450056669,0.7995382925946325,0.4838294399920541,0.39322792910105964,0.8260281352024739,0.8478992920409114,0.5786800976118556,0.3790079345611166,0.8298628897169648,0.9937075101315879,0.8742251209520902,0.4748388516430369,0.9768400025588949
0.9458373452699245,0.5250166815071833,0.4280723431958744,0.38201148208808083,0.39578802653125306,0.1034359267087554,0.33716234201500095,0.6097844649407332,0.24659892112314336,0.37894390313332693,0.397674626534952,0.5926975011651615,0.26587510917651724,0.33017175046381503,0.6661740275661512,0.603524843709333,0.2939412453448786,0.5569866339803913,0.1644209546391237,0.3704523727197607,0.8464019163668991,0.2784240210610475,0.25642461339239897,1.0225173092201143,0.6433292952140165,0.8793575946433769,-0.23171665723040252,0.37432275016443317,0.0,0.4543712954645135,0.7028967847199485,0.7297726923705964,0.5204710052307767,0.6301949945663328,0.693142995865812,0.9499422391592536,0.4138377229931117,0.5031463736036762,0.957892435408227,0.4013117896028865,0.9083598321788959,0.956335384485268,1.0566739755877288,0.513174976211347,0.6095694212145926,0.40381367969580495,0.9653867028023018,0.5023540529740887,0.47294252765089473,0.41536712088599903,0.8110108510867247,0.522042274848084,0.8546742211978102,0.49113171024298685,0.596931983486947,0.41658915070373065,0.5480088537992296,0.8375478198593033,0.7791909731131748,0.9067970664530047,0.5427517302882905,0.46969771997781773,0.5165416721661921,0.4846305900775123,0.9364674788177108,0.8515889287414085,0.780993761356911,0.7871342938618175,0.46515141485204664,0.5691944180839816,1.0305235234707912,0.8709957928802412,0.8473088785306359,0.9791273084534688,0.8981618988469313,0.8561828470872633
