0.0,-0.028036232047298604,-0.0003555528448835332,0.0,0.00018030826043974324,-0.03640997003621588,0.0021992707616857454,-0.0158476794135321,-0.0016628803291752203,-0.04527144107772002,-0.00376394178560735,-0.018737978391209165,-0.04129980524249577,-0.005925393617022212,0.006846074859757412,-0.03105111783061243,-0.08886684268752576,-0.04726306197141883,0.0,-0.012968519985057547,-0.01746069006606321,-0.014910109797670934,-0.020261925949002446,-0.03236418329285062,-0.040650134211872746,-0.0065373479086933695,-0.012790155451527452,-0.00549900178102064,-0.03266451366525691,-0.003817669543492219,-0.03403269189137964,-0.02388226121425646,-0.0513776805793974,-0.03287908432495368,-0.030465580694741146,-0.0011487338138204684,0.0009677227909614117,0.000984832723526008,-0.04466323331564054,-0.09117437415731122,-0.0833131890956223,-0.06603559661218233,7.610637217725369e-05,0.0,0.0029400202863276714,-0.07861069682912775,-0.050808164301351044,0.0,0.0,0.0,0.00018955746686444286,1.1102230246251565e-16,0.0038009953366476834,0.0,0.014627940731493094,0.0,0.007986311222908993,0.0020750284489159943,0.0,-1.8268165183910057e-06,-0.06901885408291286,0.0012895753945628696,-0.08199716564622467,0.0,-0.07250894415141823,-0.010012834415093042,-0.07110698989485403,-0.05897805405309242,0.009789225970576187,-0.09218089358609094,-0.08644608337570725,-0.06753757421267625,-0.000427351599238901,-0.09050838840868725,0.0,-0.07793857143093702
-0.028036232047298604,0.0,0.005900227842004724,-0.0002637998243596451,0.005015167587386737,-0.0293309866178057,0.005200675502770757,-0.019290122497571616,0.00658934497222291,-0.0369529532753301,0.0002732211216079361,-0.0016887877356906444,-0.040917741730055635,-0.001704738173482101,0.008183384498639923,-0.0361031290146685,0.009964172531730153,-0.04125284373445981,0.0014711386121277759,-0.024099008653721,-0.029726373692305186,-0.015900489685955643,-0.012201134744445008,-0.07273733832664714,-0.04515189657060242,-0.033682757577560785,-0.025511934722897756,-0.03471980402663538,-0.032866399549459635,0.002976833742174334,-0.006261759818568746,-0.0050695136698684085,-0.0413136962163736,-0.010135576548237712,-0.011439664827997242,0.0005223416630741884,-0.0003350709649541095,0.0,-0.011618486846491527,-0.03784950412415078,-0.03987319462651473,-0.031529411948876485,-0.0009052014235337302,0.0,2.220446049250313e-16,-0.03473165845871318,-0.030577239967502223,0.00013597412248589347,0.0,0.0,0.004826036388979549,0.0005034342370511813,-0.0010504814868945722,0.001072608177486889,0.003928825185132934,0.0,0.0014763762230096678,0.0037739656466186933,0.0,0.006143002435262723,-0.043431516018214766,0.0053983411252559454,-0.06438902798981366,0.0,-0.02141760255734526,-0.02360443936082013,-0.011411679235208139,-0.01307206248688364,-0.0005583883221910724,-0.05783384143717052,-0.04409249313130814,-0.004049059384612641,0.000644753169293244,-0.06712147285741055,-1.1102230246251565e-16,-0.021171588644841643
-0.0003555528448835332,0.005900227842004724,0.0,0.0012483266113573754,-0.03447843436419934,-0.034303416485825244,-0.04892823059218576,-0.047861186941889844,0.004573179930782878,0.0020818155338224176,0.006290891165582291,0.0008771132127016745,-0.04860887259335739,-0.03953358573365501,0.001587577228196746,-0.001348405561205246,-0.0027747785163185767,0.0007358767521067899,-0.017474072444382982,-0.00014071674908150422,-0.0077947475577394565,0.007533660505239015,-0.017796518488564395,-0.0003104780176326205,0.006052897897365905,0.004224892376359868,-0.011395332667389957,-0.054458214440404995,0.009833681527585236,0.003915717689975617,-0.05817074617567425,-0.05222607475976293,0.0029482045093580656,-0.06709747364881052,-0.08739211819500714,-0.07206806063982968,0.01287073272929562,-0.002123107642959643,0.009252738222581769,-1.5586916885523827e-06,-0.0026385586345913925,-0.004232850053341064,-0.0635283209743035,0.004318150452170988,0.0,0.0,-0.0002112323647141534,0.04467996363323484,1.709369461988519e-05,-0.06300349614729789,-0.057626522551564585,0.008318444216923626,-0.058027764006346516,-0.06519785566140734,-0.0007663090525613092,0.010352327653033011,-0.0013386263401683474,0.0007964074490427464,-0.06641541883939034,-0.0005250933831355553,0.0,0.0,0.0,0.034467534812012535,-0.0007298292183994248,-0.0019052023274834795,-0.0005518134722676815,-0.06709112076996127,0.0,7.80387236441471e-05,-0.0005457571662597638,-0.05896030177159739,-0.0056827659321906365,0.003320718552548174,-0.0008786552980329931,-0.0015955965254774718
0.0,-0.0002637998243596451,0.0012483266113573754,0.0,-0.06653285556268101,0.007943771841874281,-0.003143112418289795,-0.02345302894262702,0.01369762447011047,-0.004661438850137811,-0.05509619345979977,-0.008037279151170973,0.0067950536202334155,-0.022463355880405184,0.0032700363695386536,0.001078581973563808,-0.001557730476982988,7.783936951100134e-05,0.009756623078713,0.0015015111927144664,0.0016785523251424128,0.0016774717304550157,-0.02941127102937574,-0.005113023307513842,0.0002968180759034267,0.0035821362644065102,0.003714545816078496,-0.02775002482103847,-0.00024427059570553133,-0.0030508547935477193,-0.001182669111584267,-0.0071613918174722735,-0.017028765831050674,-0.04010411350713983,-0.00866733044081247,-0.03704994197888706,-0.014114290888932873,-0.006467307366663233,0.002149769673232882,-0.001978184837492014,-0.0010138065947438712,-0.0026167267936166305,-0.005604816045028049,-0.0017980422920192973,0.0,0.0,0.0,-0.0014683918459090228,0.0,0.0,0.001006021054284656,2.220446049250313e-16,-0.00017814576219254974,0.0004560599907609819,5.551115123125783e-17,-0.0012657324955851479,-0.0021752479863214047,-0.0005766067330383318,0.0,0.0,0.0,0.0,0.0,0.0,0.0,0.0,-0.000157070981939067,-0.0019507229027656003,0.0,0.0,0.0,9.400597768827179e-05,0.0023155543411976787,-0.00016391814919153314,0.0,0.0
0.00018030826043974324,0.005015167587386737,-0.03447843436419934,-0.06653285556268101,0.0,-0.04598394721066906,-0.008201059266638111,-0.008563181488659866,-0.021791061183343508,-0.02853924038342015,-0.058505380430671716,-0.02820392642088415,-0.018260528395045494,-0.03263090506183164,-0.0008435305026222029,0.007869381175778067,0.0025567994521281667,-0.0004951114075864571,-0.0587208467065613,-0.028448477919171267,-0.004364855567626835,-0.03226591102449028,-0.042956297724624226,-0.04277223052012763,-0.014135866116140872,-0.024931633034585732,-0.034038330995709576,-0.028087519674165617,0.012056648652677193,0.006181283188368358,-0.04540008420414754,-0.0283367730265649,0.002880857910329493,-0.09534406433228737,-0.10143651532024794,-0.08026854582573878,-0.08034082555650707,-0.06419078864135785,0.014275728024222445,0.0007224612873526493,-0.0008651896385406532,-0.0009072401403554808,0.00337650752820412,0.003806544122671174,-0.001074283524448938,1.1102230246251565e-16,-0.0004244194495384712,-0.03125711486673771,0.0,0.006538832733614386,-0.06769692407422084,-0.001938145242338929,-0.05962628236073697,-0.04615758586851271,5.551115123125783e-17,0.01024059909121805,-0.0027981261709763006,0.0016897487126880106,0.005739032369241892,-0.0001552062570369661,-2.309670777805861e-05,0.0,-5.551115123125783e-17,0.004959697748889047,-0.0013439353123662068,0.0002451938762808026,0.0011391058750805372,-0.04586135858233914,0.0,-4.997353746949429e-05,0.00030438112473357704,-0.05149929450452634,0.0015895812258961972,-0.0021064299500158645,1.1102230246251565e-16,-0.0049485336086151355
-0.03640997003621588,-0.0293309866178057,-0.034303416485825244,0.007943771841874281,-0.04598394721066906,0.0,-0.057488686377244025,-0.05466460161511261,-0.04634040555329977,-0.05465874354384209,-0.022975930603475303,0.008515751436657393,-0.0626676435771154,-0.05590848745846366,-0.022475332618624833,-0.032788621828012454,0.005476898977902767,-0.037769840816038236,-0.01061826982304842,-0.030721576167810682,-0.04114284370691257,-0.03329325825823076,-0.04886923738141652,-0.001738416864739467,-0.02681061311959787,-0.02197855129950188,-0.046250911190229615,-0.06745522005844173,-0.06617130844420094,-0.03318865790268788,-0.050301010537633306,-0.0389989774787487,0.00816941003732724,-0.05191473092893473,-0.05050280786634298,-0.06100027877899733,-0.07950273320010065,0.0025114102994118204,-0.0539549278654094,0.0016969632793366052,0.0014645803577157945,-0.0017548374879290396,-0.04326030994224139,-0.003136056937047327,-0.001632707644978637,0.0006494775688615784,0.004680565211700238,-0.05572878768390849,-0.0005952672506673307,-0.06878979505883243,-0.07000505568303389,-0.08009767708446824,-0.04218946386823713,-0.07463929815192372,-5.270362238041226e-05,-0.05242835072755575,0.00016751394059316693,-0.07851671717913372,-0.06983233797953742,0.010581729660055605,0.004278469502696225,0.0,0.0008411997298149454,-0.06335651091125222,-0.060670186293568684,-0.006544391723021403,0.008144814715740356,-0.05068324071739788,-0.00011635801930076628,0.0026045024202985267,0.00729547580564055,-0.043765499724034984,-0.062313534198033815,-0.04521161375591021,0.004241384452015218,0.007052970304491035
0.0021992707616857454,0.005200675502770757,-0.04892823059218576,-0.003143112418289795,-0.008201059266638111,-0.057488686377244025,0.0,-0.04360504277505184,-0.048493503715679065,-0.01095203190423183,-0.06809589088546819,-0.005745951217952072,-0.026114652934708937,0.016780805339250637,0.0026016400678449125,-0.03844122960328261,0.0013440273002517378,-0.04601813451475428,-0.06854902551574937,-0.032027232551677,-0.028922815371085542,-0.040991164266988345,-0.046262578782986286,-0.0023139360814253274,-0.00986683948486855,0.0027428846820840014,-0.04727883755974238,-0.011896109692594303,-0.05783533174620242,0.006226922794507539,-0.03014471956022663,-0.024889558287336022,0.0011041614263374022,-0.032887575904799515,0.006823645658772581,0.0420735307423557,-0.0034912966289372682,-0.004571803176077138,0.002797989505720133,-0.0007616297523827531,0.0019341731185227862,-0.006697412369145506,-0.000537905386289339,-0.0010066063680354564,-0.0006115581143081861,0.0,0.003009264535097367,-0.057034761880354945,0.0,-0.0023487777236440577,-0.06929171954404434,0.004727265483715715,-0.03876058837209584,-0.06290424739526551,0.0005623292230786947,-0.003960574481452095,-0.0009646273892532919,0.003201052470203525,-0.0035459724257105862,-0.0020026188034110715,0.0015058595402507868,0.0,-9.462695440776159e-05,-0.001224066890800124,0.000909375191248174,-0.0012839361649735759,0.0019309365033811088,-0.05353627258080995,-0.00024013264444089355,0.00023011009566270557,0.0030796758382968803,-0.03778991962499634,0.004587229228488032,0.0020702650328764394,0.002448204381593655,0.00029614987004478177
-0.0158476794135321,-0.019290122497571616,-0.047861186941889844,-0.02345302894262702,-0.008563181488659866,-0.05466460161511261,-0.04360504277505184,0.0,-0.05597704576746215,0.00536998619443585,-0.0840850003296861,0.017735191147907337,-0.039340277964648285,-0.03786223191987442,0.005820750631249871,-0.020926595261884617,0.0005410810854471482,-0.016123481648421867,-0.021822869953025736,0.004749793847337536,-0.026081467800770586,-0.02671136287625825,-0.037161411000827316,-0.04255025609490082,-0.0261795018035183,-0.03879656149906441,-0.03549948789249924,-0.011348471558385753,-0.009013317967539458,0.005347861580868474,-0.02673471677258571,0.005740461761951532,-0.0062212175230909605,-0.032122138702009806,-0.03205225470147838,-0.08058564286928427,0.0045169047755359015,0.008245955672449845,-0.02555544623492184,-0.0005700860207164538,-0.0019083368103345877,-0.0026359346639437398,-0.0803645239106826,-0.0015503260757409598,0.0,0.0013991422073521553,0.004594487944772019,-0.06498216576139215,0.0,-0.008686236526203484,-0.06717508547161555,-0.09195959371145052,-0.02522876287617415,-0.07910869563454037,0.00043948277677002823,-0.1034084345418616,0.0003308116022911478,-0.07441028245603531,-0.11213461102710004,0.00379335868406927,0.0006773129180381865,0.0,0.00020646915279870504,-0.0909119058044629,0.010945955799878115,-0.006326340303887845,0.0017485049298672783,-0.035401929710091595,-5.551115123125783e-17,-0.0007608140123049334,0.004637891943218453,-0.038901685534649844,-0.04935645223517643,-0.04586088563612278,-0.0020766556965849947,0.002903418784009515
-0.0016628803291752203,0.00658934497222291,0.004573179930782878,0.01369762447011047,-0.021791061183343508,-0.04634040555329977,-0.048493503715679065,-0.05597704576746215,0.0,-0.03951594311166484,-0.0348406392866199,0.009744500522053945,-0.06863031116872748,-0.019733818390425595,-0.005893076569925548,-0.04202453101145176,-0.0011758050547731602,0.005557631581863565,-0.009874945268017299,-0.03173630129837601,-0.001710672910544997,-0.035697766282002,-0.044247025850175814,0.004875137796810702,0.01460051606872348,0.011409006656082799,-0.049460643590272135,-0.06016059287720349,-0.06599910989492508,0.01829480277463752,-0.06316747069914941,-0.06356982517703519,0.006433772899754331,-0.0715327196213128,-0.07648125269917927,-0.05459609226972317,-0.07021006937752916,0.010838405884804336,0.01073361504652115,8.456009268520415e-05,-0.008495551496343512,-0.01113884018313993,-0.06829582922674315,-0.004297464722073374,-0.0017731220313952356,-5.551115123125783e-17,0.000616465365442298,-0.06213598494280248,-8.211891045828423e-06,-0.07046892503164565,-0.08444939229400389,-0.07122416652966312,-0.06291195834094326,-0.06800045542918193,-0.003645425820638204,-0.034825539147864015,-0.001724347705954643,-0.0778898785889427,0.00884397422854677,0.0017254363025773212,0.0015657815012944387,0.0,0.0,-0.07492245926356655,0.0008323289303053816,-0.0007860019080231373,0.0008459210498432679,-0.06607792771477922,-0.00012126534014056389,0.00034622537401890474,0.0014319044653516855,-0.05922231486318558,0.005075250653095775,0.001140392560610215,-0.0004738782281845655,0.006198032936842179
-0.04527144107772002,-0.0369529532753301,0.0020818155338224176,-0.004661438850137811,-0.02853924038342015,-0.05465874354384209,-0.01095203190423183,0.00536998619443585,-0.03951594311166484,0.0,-0.04850539793419889,-0.026492158662412613,-0.02121346773231303,-0.008043513136125446,0.0014141263152370742,-0.036803384141902984,-0.023609679911945736,-0.028121355386516222,0.006861166055076862,-0.002209571535729371,-0.0393045079661849,-0.03530385187788215,0.004196938295434105,-0.015478672150538442,-0.011069417848948215,-0.00033157192889704534,0.007776125744418161,0.0030382889906345745,0.009015488945130101,0.002124983887182519,-0.006003885382173113,-0.00535076433240228,-0.04250506898424683,-0.01584798591189629,-0.021465020421364223,0.03476137677975194,0.0026883563425924017,-0.016964928045445027,0.0011086977940619747,-0.03368441939089922,-0.018043853867664383,-0.008303592825623929,-0.017599103777135194,-0.004609978982992591,0.012809412946288068,-0.04069938155752739,0.0021425344145197256,-0.0014598405368783096,-4.662825496121181e-05,0.0005351268420457078,0.0035456205727157353,0.0025685893032207363,3.1000997948782416e-05,-0.0011331304001221953,-0.04051994081396981,-0.002037767634001708,-0.03816155747272182,0.009436938354788482,0.0,0.0005189270577654614,-0.02752405000043784,-0.048891416948408095,-0.027880217220826953,1.532695175127108e-05,-0.00024902423582251476,0.0014639430920849739,-0.0004779307070538197,-0.0011631530027347292,0.020885438469552875,-0.043161478430372824,-0.026990615350353464,-0.0018608339071069513,0.010087743736027777,-0.0003941338908804992,-5.551115123125783e-17,-0.04411761792856955
-0.00376394178560735,0.0002732211216079361,0.006290891165582291,-0.05509619345979977,-0.058505380430671716,-0.022975930603475303,-0.06809589088546819,-0.0840850003296861,-0.0348406392866199,-0.04850539793419889,0.0,-0.0001243088686759819,-0.07692994550402965,-0.04222698861672025,0.0,4.710686954961796e-05,0.0011885380945796942,-0.0014387143846663064,-0.015287326869766416,-4.204380229583249e-05,-0.0002509899129508608,-0.0005903370572795108,-0.03175960146190687,0.005567736458684858,0.002270624423002243,0.004070977823371957,0.010470495697965931,-0.07990274410497283,0.004423283358600094,0.0003225201551566581,-0.08241307732173347,-0.057073931503912545,0.0013360861136513247,-0.08650953418677831,-0.08334815568001641,-0.12035448398147056,-0.13362231203355907,0.009443866498048459,0.005073016677539954,0.002108019270900152,-0.0013319278729045925,-0.0031177447750271314,-0.03720608457944069,0.0009341670058947704,-0.0009043215676239336,0.0,1.1102230246251565e-16,-0.025783195314161345,-1.590132523654475e-06,0.0036894878011728416,-0.06655754006855447,0.0037805167483667135,0.03352564875798031,-0.08095110672886224,-0.0023664519823801133,0.021059079315759066,-0.004864092559358046,0.002147606758410525,-0.03462299421778964,5.551115123125783e-17,0.0,0.0,0.0,0.050379167144983306,-0.0005726240110398018,0.0,-8.331413453716019e-05,-0.05896168300627219,5.551115123125783e-17,0.0,-0.00023224371022528834,-0.05898255708904243,0.005792136783419999,-0.0014665812788105526,0.0,0.0008900447130654743
-0.018737978391209165,-0.0016887877356906444,0.0008771132127016745,-0.008037279151170973,-0.02820392642088415,0.008515751436657393,-0.005745951217952072,0.017735191147907337,0.009744500522053945,-0.026492158662412613,-0.0001243088686759819,0.0,-0.00779221730559615,-8.904995907171864e-05,-0.000254621441944769,0.002978255567705257,-0.029534348447938397,-0.024062294870823897,-0.0014254702961407073,0.005824162710960201,0.008364486020977002,0.0025495267428457535,0.011533633165803192,-0.027282455996633148,-0.014120419509029258,-0.0006370078305820148,-0.000738932638295775,0.010929260972925403,0.0012875593907334393,-0.0019058677538038582,-0.0033957605064808827,0.021806746294928736,-0.04236303510700626,0.007616535510493405,-0.038351441169015454,0.0014788315037264632,-0.006659592580340934,-0.016837462402354453,0.09835048036660121,-0.03030938278385098,-0.02045450068751614,0.02053444197377713,0.0019123087727914156,-0.00014559857366330808,0.006216879559161059,0.009394761053953982,0.0010795885699028118,-0.0013334570425330705,-0.0005931320380896388,-0.00034435870985433104,0.0013127282061292656,-0.002064850290647846,0.0004897987716141472,-0.0008245562118214811,-0.04176403707784326,-0.0025571380830914925,-0.10470860545057409,-0.005958027301846525,0.0005706666973904762,0.00016057583404588405,0.0016045498846961603,-0.04206339511580298,-0.023462060588565703,0.0003333078368459863,0.0007682430865607603,0.0006452590536926706,0.0008759908863570365,-0.0008934158123555802,0.013199978351930985,-0.034030641248450455,-0.021621819687089205,-0.003112095072666521,-0.00034863822851616266,-0.003436014715794633,0.0,-0.044216272590512584
-0.04129980524249577,-0.040917741730055635,-0.04860887259335739,0.0067950536202334155,-0.018260528395045494,-0.0626676435771154,-0.026114652934708937,-0.039340277964648285,-0.06863031116872748,-0.02121346773231303,-0.07692994550402965,-0.00779221730559615,0.0,0.00642752648546735,-0.024742654153788735,-0.04195419173256215,-0.0440759844116288,-0.044476304615929274,-0.06928245009652623,-0.0271040068217287,-0.030507386604154862,-0.03724791766684776,-0.036769197536499265,-0.022658388112010874,-0.0453136326920166,-0.01650593632588271,-0.04688746855796644,-0.02422927002607328,-0.061340766370666766,-0.026051155037240703,-0.029897225932819904,-0.028891604701851425,-0.000862054430139092,-0.04300998446170495,-0.03465322388852182,0.01326860277683567,-0.009593989974737371,-0.04320022934648238,0.016374448421207444,-0.003723038175766691,-0.01675925684611712,-0.014391093714322789,0.0022134693911749492,-0.0075599855722979226,-0.004020286086078517,0.0004335304331621881,0.004462673068099887,0.0036208245853636134,0.0,-0.0023832548455424707,-0.0578947656823981,0.004248036930916799,-0.024871631842521502,0.002429929511677864,0.0017894937509790876,-0.0014396542374752186,-0.002517457492239583,0.002806942783148747,-0.0029869404116986686,0.0032548437459219426,0.0005645188469001194,-0.00048389544209131996,0.0021340028687634738,-0.008250424690449787,0.0025527530858284186,0.0031812528255012462,0.002117200135290931,-0.04591494700714921,0.0024849632050406023,0.003512705150160611,0.005536875484523418,-0.035476586410323974,0.0034813327920989456,-0.01073725643849427,0.002369113849793103,0.004513573962242612
-0.005925393617022212,-0.001704738173482101,-0.03953358573365501,-0.022463355880405184,-0.03263090506183164,-0.05590848745846366,0.016780805339250637,-0.03786223191987442,-0.019733818390425595,-0.008043513136125446,-0.04222698861672025,-8.904995907171864e-05,0.00642752648546735,0.0,0.0017788439625950891,-0.000786779061634324,0.00021366764354868728,5.6208008992364444e-05,-0.05773870572685269,5.189997644555744e-05,-0.008353198161987319,-0.0004728159210627969,-0.06407663559423388,-0.0026394007666370456,0.00041675686372749654,-0.004875966343292737,-0.05658226059561888,-0.15838517520829473,0.003505133509782876,-0.0010423813656013081,-0.007344651749997044,0.036100007131785794,0.0035154129357093944,-0.000593400650485798,-0.013077267222868894,-0.05235679909910096,-0.05546283209927949,-0.0018234079546133874,0.0066434898381210195,0.0,0.0009240563252573275,0.000747662594068832,-0.08514792770719964,4.577194492039194e-06,0.0,0.0,0.0,-0.0677537042963236,0.0,-0.0032478489274824773,-0.0005825860479533596,0.00036830722735364807,-0.005352610776895694,-0.08549808049985425,0.0,-0.08343805662334369,-9.754964727715087e-06,0.0020746207422182583,-0.0011437219908383978,1.1102230246251565e-16,0.0,0.0,0.0,-0.16230321938164388,0.0,-1.1102230246251565e-16,0.0,0.00782566071447538,0.0,0.0,5.551115123125783e-17,-0.05612078232171658,-0.0005197490436035235,1.1102230246251565e-16,0.0,5.551115123125783e-17
0.006846074859757412,0.008183384498639923,0.001587577228196746,0.0032700363695386536,-0.0008435305026222029,-0.022475332618624833,0.0026016400678449125,0.005820750631249871,-0.005893076569925548,0.0014141263152370742,0.0,-0.000254621441944769,-0.024742654153788735,0.0017788439625950891,0.0,-0.004916048440402776,0.004270196394356496,-0.00976833171923347,-1.1102230246251565e-16,0.0038506268035849445,0.011972626131629527,0.023987016053000854,0.04337084897278104,0.005127035361712273,-0.010858489834647655,0.03424856478353777,0.021223003488742287,0.0035839847185953344,-0.007244016202875292,-0.013480562742355984,0.013892734682683039,0.01853271936470513,0.02109551684957872,0.01783408324081015,0.013433763520796893,0.004390403822745914,-0.020580941890054882,0.00017096977455766105,0.024992281024611707,-0.0006887043974473372,-0.007899976017274213,-0.009374582926749198,-0.004190154932458057,0.0010361566518256593,0.0,0.010962431738511524,-0.012887801112353436,0.0009384199435232277,0.0,0.0,-0.03429160904616729,0.0005233255463354958,0.04518029558140668,0.00011943084577387131,-5.551115123125783e-17,0.0,-0.000578017973083933,0.0052646269072133545,2.6066338822405832e-05,-0.012098614942352204,0.010983039608981005,-0.00046700012223871434,0.006323522000902748,0.0,0.018987204507499633,0.0031922165764953214,0.02159016911876893,-0.004287982751821795,0.00013702852252994724,0.01074443402124653,0.006850200760066594,-0.008813911294880517,0.010413206464960356,-0.019946694842794266,0.0023746017642014006,0.00750461300701033
-0.03105111783061243,-0.0361031290146685,-0.001348405561205246,0.001078581973563808,0.007869381175778067,-0.032788621828012454,-0.03844122960328261,-0.020926595261884617,-0.04202453101145176,-0.036803384141902984,4.710686954961796e-05,0.002978255567705257,-0.04195419173256215,-0.000786779061634324,-0.004916048440402776,0.0,-0.03689106154294858,-0.029620853819699644,-0.00019888480087471017,-0.012166594878566805,-0.01740409333412829,-0.006847750910936978,-0.011207907372188908,-0.05036198773840245,-0.03658038350702991,-0.005652301353005096,-0.021791738231401736,-0.0216604305909725,-0.03101664931981757,-0.1016422834060891,-0.03722538499856404,-0.03616329631479426,-0.05073688499505047,-0.031229166320818902,-0.04026225745548606,-0.002316580355767317,-0.0011092494916420947,0.0012463219123284852,-0.01679428426419949,-0.04354360365664178,-0.044033773924128605,-0.04327095045550966,-3.398851700403549e-05,0.0,0.0,-0.04718453543404627,-0.025985643115616464,0.0,0.0,0.0,0.003265707937180229,0.000611485076526308,0.001969603980607304,0.0,-0.0037287735710673786,0.0,-0.005014392379406374,0.003176542967765539,0.0,-0.00887570523106479,-0.044545783151308804,-0.0008256632806492581,-0.061020855028809606,0.0,-0.03250793165215632,-0.03355487160190451,-0.018990703166854583,0.00747756518714926,0.002610143746987703,-0.06192662259438447,-0.04385359018379109,0.00915074045311054,0.0069954106049812115,-0.07277265981015796,-1.1102230246251565e-16,-0.03533203141266772
-0.08886684268752576,0.009964172531730153,-0.0027747785163185767,-0.001557730476982988,0.0025567994521281667,0.005476898977902767,0.0013440273002517378,0.0005410810854471482,-0.0011758050547731602,-0.023609679911945736,0.0011885380945796942,-0.029534348447938397,-0.0440759844116288,0.00021366764354868728,0.004270196394356496,-0.03689106154294858,0.0,-0.01045966528368203,-0.0037767979015286834,0.004681217398344262,-0.005420149470446667,-0.05399268751408853,-0.0003503205560301259,-0.06293559240287638,-0.04322656658825447,-0.03965154070456495,0.0019731419432649777,-0.024212270457355023,0.000974634812903219,0.0026608028399641714,-0.027650884774716944,-0.048005276528299334,-0.04990819648295158,-0.04548567801880554,-0.048841418261726444,0.004038547912198709,-0.00026596901940834083,0.014380729519361701,-0.05562228376161554,-0.07799632089017533,-0.07493132664004026,0.0018093218841762626,-5.551115123125783e-17,0.0,-0.0009476589460279405,-0.08155320616598383,0.0017766489750700165,0.0,0.0,0.0,0.0,0.0,0.0,0.0,-0.09505378464625835,0.0,-0.07618380738766145,0.0001990659977141318,0.0,0.0007353882045028626,0.005811409917718169,-0.06529249357859146,-0.06758158682528909,0.0,1.1102230246251565e-16,0.0,-0.0008718881307375748,0.0,-0.010351553122716628,-0.07288320899503159,-0.062306513146286935,0.0,-0.003170259291100763,-0.00020483412314747929,0.0,-0.05197088081021961
-0.04726306197141883,-0.04125284373445981,0.0007358767521067899,7.783936951100134e-05,-0.0004951114075864571,-0.037769840816038236,-0.04601813451475428,-0.016123481648421867,0.005557631581863565,-0.028121355386516222,-0.0014387143846663064,-0.024062294870823897,-0.044476304615929274,5.6208008992364444e-05,-0.00976833171923347,-0.029620853819699644,-0.01045966528368203,0.0,-0.00011253305657249468,-0.02708613365719098,-0.025259744416715024,-0.02777970455163914,-0.014838705916462525,-0.051772201490103587,-0.038603455945016185,-0.02328985923386362,-0.031267572090139195,-0.03902488525227693,-0.04052659513131518,0.0030785810748991116,-0.04065574539990047,-0.0385342203812728,-0.04121125468966452,-0.05226808988649173,-0.049552784590055354,-0.005645599181930694,-0.00077380920740594,-0.001041896133574749,-0.0508046974948817,-0.07744856457038446,-0.08371065022292018,-0.05564096496000542,0.0,0.0,0.0032543452100574632,-0.05667693219416298,-0.027692543925736224,0.0,0.0,0.0,-0.00025165404818089376,-0.00046973574363029513,-0.0009867102691971663,0.0,-0.10750316413836586,0.0,-0.09293131030817453,-0.00112337207473856,0.0,-0.00016027835060894446,-0.055018448475100346,-0.08564982348430439,-0.07281832046936265,0.0,0.004695398881711554,-0.039256018713901164,-0.03332885477880965,0.0036602721140504,-0.024875482769957102,-0.07846805137370466,-0.07395081467098241,0.002366646227691782,0.003194371335866586,0.002928449527091481,0.0,-0.07822614246804693
0.0,0.0014711386121277759,-0.017474072444382982,0.009756623078713,-0.0587208467065613,-0.01061826982304842,-0.06854902551574937,-0.021822869953025736,-0.009874945268017299,0.006861166055076862,-0.015287326869766416,-0.0014254702961407073,-0.06928245009652623,-0.05773870572685269,-1.1102230246251565e-16,-0.00019888480087471017,-0.0037767979015286834,-0.00011253305657249468,0.0,0.0005424188311157763,-0.0004994209544307848,0.0007681642325270688,0.00010122827101788356,-0.00023139690187790052,-0.00019331842362024787,-0.0007910933607880866,0.0011290342002586717,-0.0660005142917302,0.002808945372557159,0.002257215790895495,-0.07798485170966246,-0.06114407296756996,0.0021813063965488433,-0.08046016626903946,0.014652486031281331,-0.07039497197470745,0.013151551294255825,-0.0004064912996717962,0.01229869335690531,0.00010381771966289088,-0.0014028586345295468,-0.00499848222862459,-0.03939089331727669,-0.0025264115915360486,-0.00015767730111021505,0.0,0.0,-0.018733022222372053,-5.551115123125783e-17,0.011512718571531522,-0.05682613013373311,0.0007373146506990391,-0.04020801064963536,-0.062290697739557255,-0.00015362763441822969,-0.012043827938006402,-0.0013401785876444583,-0.003600190761588573,-0.05961783452366998,2.220446049250313e-16,0.0,0.0,0.0,-0.044372713343731884,-0.00017632249211418927,0.0,6.977949981801235e-05,-0.06128440748193942,0.0,0.0,-5.551115123125783e-17,-0.046359372929267284,-0.0002674841383473181,-0.0005323186024029924,-0.0006078820632949844,0.0019110488255861258
-0.012968519985057547,-0.024099008653721,-0.00014071674908150422,0.0015015111927144664,-0.028448477919171267,-0.030721576167810682,-0.032027232551677,0.004749793847337536,-0.03173630129837601,-0.002209571535729371,-4.204380229583249e-05,0.005824162710960201,-0.0271040068217287,5.189997644555744e-05,0.0038506268035849445,-0.012166594878566805,0.004681217398344262,-0.02708613365719098,0.0005424188311157763,0.0,-0.005372745686012259,-0.013087726620988394,0.04691663755006281,0.008930165569918547,-0.03196899268496306,0.006208319788492789,-0.057285892253630455,-0.02863239999887035,-0.04612512011574105,-0.041614355928852986,-0.018443446604046787,0.009413220021753377,0.003055499430362818,-0.023037231787035928,-0.01858269890546932,-0.01985864487599065,-0.02426091009276704,0.0035497198794507967,0.0013620557417513557,-0.012231913284150908,-0.018018475425250702,-0.009706771490462895,0.0023297893576937345,-0.003154084764287912,-0.0005760442506175245,-0.004138289562329034,-0.018458958760865618,-0.002409297073510841,0.0,0.0,-0.015086491773530886,0.0043090575700390765,-0.006431570371514206,-0.0012688536437197029,0.0004195219209253698,1.1102230246251565e-16,-0.0016996764599584435,0.009421627234255547,-1.1102230246251565e-16,-0.023236456565702945,0.009634834386789692,5.406839521526763e-05,0.004489056065888786,0.0,-0.014069445120932056,-0.004398365647343805,-0.002640004130244622,-0.014749123584998136,0.0,0.006725041093943951,-0.0014998557273665503,-0.01143415670657777,0.009725340741455035,-0.028441851702645682,0.00026716002000531924,0.003982688667781287
-0.01746069006606321,-0.029726373692305186,-0.0077947475577394565,0.0016785523251424128,-0.004364855567626835,-0.04114284370691257,-0.028922815371085542,-0.026081467800770586,-0.001710672910544997,-0.0393045079661849,-0.0002509899129508608,0.008364486020977002,-0.030507386604154862,-0.008353198161987319,0.011972626131629527,-0.01740409333412829,-0.005420149470446667,-0.025259744416715024,-0.0004994209544307848,-0.005372745686012259,0.0,-0.006878904659803897,-0.025918470553361717,-0.05116694135522276,-0.02773296813569226,0.004061924628208591,-0.015910652001068115,-0.01348013824872063,-0.0252074122365204,-0.019751095614855996,-0.012176076501948851,-0.0019333053061119654,-0.009472965983277015,-0.01318297053511125,-0.014746616518281519,0.02755290918369696,-0.001827218509088957,0.00010921325247287283,-0.004701897758705886,-0.04602503837528532,-0.044632165567637105,-0.026394179144551666,0.0009120058046173662,0.0,0.0,-0.047628570977982565,-0.0494230599267233,0.0008095232269694774,0.0,0.0,-0.06646725229244027,-0.0014511953977178749,-0.013233172849853148,-0.004115399667584452,-0.0001135530298906895,0.0,0.0017885540457634463,0.006231011856607571,5.551115123125783e-17,-0.013274070919358782,0.009758457486030103,0.0,0.0018848589093449775,0.0,-0.009650592350023024,-0.054058031051197164,-0.008981468445469987,-0.028783294304987717,0.001495322818623246,0.009422359435608485,-0.015612709184153029,-0.02185210662825715,-0.06952095923703228,-0.04639016238327287,-0.0015846852724911153,-0.028128951247268885
-0.014910109797670934,-0.015900489685955643,0.007533660505239015,0.0016774717304550157,-0.03226591102449028,-0.03329325825823076,-0.040991164266988345,-0.02671136287625825,-0.035697766282002,-0.03530385187788215,-0.0005903370572795108,0.0025495267428457535,-0.03724791766684776,-0.0004728159210627969,0.023987016053000854,-0.006847750910936978,-0.05399268751408853,-0.02777970455163914,0.0007681642325270688,-0.013087726620988394,-0.006878904659803897,0.0,0.012924779403604536,-0.07956429181943248,-0.035530571869507754,0.010343732693310903,-0.031120524848006592,-0.04171337627995031,-0.03197087980184643,-0.10638750451482071,-0.019859076343174853,0.023501431460851874,0.0183675343615195,-0.006823550063346118,0.004824028351209264,-0.0011823351490065637,0.012952560447775208,0.002738161124251015,0.016760127902148814,-0.010805856441564565,-0.01787622652331955,0.0014436219012340934,-0.005692469733239558,-0.00037827113551575087,-0.00034122570184724754,-0.04124204744252863,-0.019179740734729944,0.0013685868999490647,-1.4333560143464652e-05,-0.00015785323460132394,-0.006716588382611188,5.8747318508078905e-05,-0.005835406938496379,0.0030767025828823402,-0.002824264505632279,0.0,-0.0003678102350439527,0.0030489948450672655,0.0,0.0027842918621907575,-0.03224459470973895,-0.0002427260346549165,0.010476293870715636,0.0,-0.003074668880217124,-0.016824099194458875,0.002942900535452986,-0.01648412129201332,0.000526106151532646,-0.05047996842079788,-0.001757485485603727,-0.004718250469409824,0.010581875765836135,-0.014095537037285555,0.0010251987713509325,-0.003193823931946227
-0.020261925949002446,-0.012201134744445008,-0.017796518488564395,-0.02941127102937574,-0.042956297724624226,-0.04886923738141652,-0.046262578782986286,-0.037161411000827316,-0.044247025850175814,0.004196938295434105,-0.03175960146190687,0.011533633165803192,-0.036769197536499265,-0.06407663559423388,0.04337084897278104,-0.011207907372188908,-0.0003503205560301259,-0.014838705916462525,0.00010122827101788356,0.04691663755006281,-0.025918470553361717,0.012924779403604536,0.0,-0.028220465348314072,-0.005413318732369832,-0.004610070373699149,-0.030430224229824054,-0.011782138914263995,-0.011094187833326774,-5.3977414362749165e-05,-0.011729885411095209,-0.001784466340640667,0.006315099010853753,-0.024115739962349114,-0.016310488509426013,-0.076870649161008,-0.0361531246572927,0.004006949241540103,-0.026949861209283776,0.008748221889327223,-0.04749729599948793,-0.021006563632613606,-0.10242070151688337,0.007321092671352281,-0.0018875788608422317,0.00019670204331734276,0.010324391366103303,-0.029905587850606874,0.0018155975741024344,-0.056310896631683316,-0.05156813295312923,-0.05684337645662335,-0.024754132946558427,-0.06903767680512851,0.0011747210472539127,-0.09303088381282304,-0.0015651302971915193,-0.05715888618912579,-0.08061020849723627,-0.014649246094598056,0.010618513065300372,-0.0001315273509791548,0.0026596535339691307,-0.05909289366401266,-0.01015029069751594,-0.015334623537485104,-0.0026607657688468844,-0.029179301949310954,-0.0012458582752221115,0.011952054882019225,0.01071924604979918,-0.029179524202150364,-0.05027635580034323,-0.041904487862239326,-0.010442370344423968,-0.05809779666499054
-0.03236418329285062,-0.07273733832664714,-0.0003104780176326205,-0.005113023307513842,-0.04277223052012763,-0.001738416864739467,-0.0023139360814253274,-0.04255025609490082,0.004875137796810702,-0.015478672150538442,0.005567736458684858,-0.027282455996633148,-0.022658388112010874,-0.0026394007666370456,0.005127035361712273,-0.05036198773840245,-0.06293559240287638,-0.051772201490103587,-0.00023139690187790052,0.008930165569918547,-0.05116694135522276,-0.07956429181943248,-0.028220465348314072,0.0,-0.04571990324331987,0.0012980626520951999,-0.0035648662691434296,-0.0019699425367071255,0.0009154224772931485,0.0002987836015820866,-0.01527100279258281,0.008607558457448927,-0.012002030018980953,0.020324761182493822,-0.023612833558251056,-0.020753471937961898,-0.0010009537247913647,-0.002160446355370327,-0.026218356372094742,-0.04234586824497866,-0.036701580204634154,-0.04465764175557296,0.001916014454568682,-0.0009619008206526725,-0.003399794955745994,-0.04419784082610667,0.0035976646447430927,0.0,-5.551115123125783e-17,0.0005195089402645348,0.0008134687228762982,0.0003553740442810427,-1.6653345369377348e-16,-0.001276899987015967,-0.01908862819075613,-0.0006018265468087924,-0.018006785219677857,0.0025435278155647723,0.0,0.002358621084321444,-0.09275228338960873,-0.05936532560458663,-0.056527607913992695,-6.330870028647961e-05,0.0017280806175675734,0.0029151873096560643,0.0020437858890564042,0.000998340806696918,0.07356792097371562,-0.05552557805034636,-0.032470138042724306,0.0023017584209688025,0.004549188142908167,-0.001615700107327478,0.0,-0.06713079868873828
-0.040650134211872746,-0.04515189657060242,0.006052897897365905,0.0002968180759034267,-0.014135866116140872,-0.02681061311959787,-0.00986683948486855,-0.0261795018035183,0.01460051606872348,-0.011069417848948215,0.002270624423002243,-0.014120419509029258,-0.0453136326920166,0.00041675686372749654,-0.010858489834647655,-0.03658038350702991,-0.04322656658825447,-0.038603455945016185,-0.00019331842362024787,-0.03196899268496306,-0.02773296813569226,-0.035530571869507754,-0.005413318732369832,-0.04571990324331987,0.0,-0.032154187269562484,-0.026144401529316297,-0.03950005840496662,-0.03984590066643329,0.00119969713857776,-0.048775883766704886,-0.04010130886057367,-0.042314312436442625,-0.054935404466920745,-0.05421203517490719,0.004280360069682576,0.0002562758635256679,-0.06576014190893686,-0.05548989887980699,-0.08201206890810997,-0.07772523957614208,-0.057340405766762415,-0.0010848245956745495,-5.551115123125783e-17,0.00566058872178582,-0.05641215252828424,-0.03596441817618817,5.551115123125783e-17,0.0,2.220446049250313e-16,0.004778410966429003,0.0006070503397415106,0.0019568482845394586,0.00022232464264837493,-0.1063025072666236,0.00013423910798138206,-0.10226588953268473,0.005449060724580235,0.0,0.006097181278327202,-0.05805618630495535,-0.0907258341135675,-0.07213665465571745,0.0,-0.04038508374127919,-0.04953581164716875,-0.03324172314567897,0.011189332958000398,-0.001450615442001535,-0.07494116476063473,-0.06413551667875572,0.005799296031362866,0.0015940330058868413,-0.06952314938435156,0.0,-0.0743209693227449
-0.0065373479086933695,-0.033682757577560785,0.004224892376359868,0.0035821362644065102,-0.024931633034585732,-0.02197855129950188,0.0027428846820840014,-0.03879656149906441,0.011409006656082799,-0.00033157192889704534,0.004070977823371957,-0.0006370078305820148,-0.01650593632588271,-0.004875966343292737,0.03424856478353777,-0.005652301353005096,-0.03965154070456495,-0.02328985923386362,-0.0007910933607880866,0.006208319788492789,0.004061924628208591,0.010343732693310903,-0.004610070373699149,0.0012980626520951999,-0.032154187269562484,0.0,-0.016282445701581105,-0.02138882843115747,-0.014684570402860142,0.001919250607536116,-0.016175769479541857,0.0075751473622349685,-0.02205870513482794,-0.006757721216617274,0.011469439972001727,0.06211125655571953,0.0006417814590223281,-0.05536896599799834,-0.012187397067535466,-0.06273658005216404,-0.06500771701034269,-0.043428086652560816,-0.00038770679616401127,0.00013862142481968487,0.012194687149663708,-0.03952622909832265,-0.02691841673435119,0.002669495849957848,0.0,-2.743460013232557e-05,0.0065446193810095865,-0.0007849258045525831,-0.002001338056661861,0.0011433431384978432,-0.08303331468874048,0.0,-0.08523129247945921,0.004702673730638041,0.0,0.020531267210536885,-0.06367706716465138,-0.07314868974522787,-0.047748801295930676,0.0,0.022913097787063352,0.027452715327854316,0.010047334349472525,0.013315525316325239,0.03255127618059894,-0.04985778109561945,-0.049044997843530946,0.01604237101221767,0.0102813961823221,0.008756642697134276,1.3997594420833703e-05,-0.0563848240435717
