0.0,0.047484283146814354,-0.0024601091908420525,0.0,0.0007371897834177465,0.017767254868475912,-0.004796962339580324,0.07507945070106081,0.0016713740190159587,0.05596272234442251,0.0038299112101281008,0.08838939425718795,0.03746511532258495,0.0008384291991912485,0.054078682675658796,0.0562292808453253,0.05455183747939801,0.05506597547974512,0.0,0.03684283158955898,0.0592388058712946,0.04184520365376582,0.09034447193320516,0.07956345740838894,0.05305577056051086,0.06211049342803959,0.0663367941822548,-0.006851866346068491,-0.005033547680880768,0.0065171280933798426,0.06023905538632823,0.03799738592092211,0.034758225389401876,0.04785679746774141,0.06081481723021964,0.001160509728438397,-0.00012281137123071328,0.08837100604103543,0.030794763719175056,0.05072965090970122,0.04126510254673199,0.001866970583878691,-7.781377092935804e-05,0.0,-0.004022514093093954,0.08095148120843831,0.053634620246657716,0.0,0.0,0.0,-0.005608595367145308,1.1102230246251565e-16,-0.006495439607946518,0.0,0.024790147877123747,0.0,0.06676694465096389,-0.0019455407719167206,0.0,0.0007074078906404435,0.05792750486973064,-0.004788803918686857,0.0465474022116798,0.0,0.07732348562731972,0.04371810454943503,0.06663884120890595,0.05233047439277494,0.12259396326542055,0.050723687633710435,0.06842870449808747,0.07426846326293696,-6.153875086539751e-05,0.07729092893053996,0.0,0.06375348979437323
0.047484283146814354,0.0,-0.0035666442038952417,-4.254865269576191e-05,0.060820657316901006,0.05828761184532166,0.054649258627798014,0.07759114009619195,0.06660401086792989,0.04840146887755237,-0.0007690762180433408,0.08011061525406277,0.050869155943130295,0.0009924715725353472,0.04550137185723607,0.051018160652326006,0.022040414463277036,0.05595887099214347,0.0010810296730626168,0.06452434599531215,0.0503527142824845,0.0463775470432064,0.0839575503461294,0.07027027348163478,0.05403784356424185,0.05792237702948794,0.057888890690025285,0.048558290236389745,0.06349458206629066,-0.006943111138949798,0.06297528464251845,0.032889264299843624,0.05020493282311128,0.04046843420525503,0.04468756290018311,-0.006234832730421691,-0.00017693489175213406,0.0,0.02346492268690137,0.02072516442867256,0.040045885041684326,0.030184817283216536,0.0022793263812761477,0.0,2.220446049250313e-16,0.04147411658197758,0.04394879323910389,-0.00013902461668779953,0.0,0.0,0.0578044827313835,0.002497862932156647,0.002254935808452041,-0.0006212566274094722,-0.00220993051314039,0.0,-0.002268991909603335,0.003320554611144888,0.0,0.054301880178708184,0.04337253017233256,0.001639822336111707,-0.029430595325631748,0.0,0.055941082667531616,0.037563355121234765,0.052149237864905384,0.07506166024024341,-0.001954334951556669,0.02568922683859448,0.0502569328410335,0.05156392258805781,-0.0001065311872057162,0.04235509576342755,-1.1102230246251565e-16,0.03061503733354315
-0.0024601091908420525,-0.0035666442038952417,0.0,-0.007171476087273254,0.0631641846826192,0.08135410134092125,0.06665531881383935,0.07546281126844756,0.06332816264581836,0.08202360710491596,0.031376559168839635,0.058645122248483006,0.07482819926824019,0.043122584306177714,-0.0032914231479880818,0.0007959530104246215,0.0021561394446421023,-0.004162595469473118,0.0631873740102104,-0.0016799055260360296,0.0007467199404489477,-0.0039637829647553025,0.10893231838651929,-0.002665271402577607,-0.011331626774207182,-0.010629248062504093,0.04945024877725035,0.08783516880724923,-0.019130097103821964,-0.002166488601560823,0.078729605621702,0.06925244762334076,0.054510766626195306,0.07448900785290813,0.061326284604492964,0.05206483752605867,0.11185062206911806,-0.0018500699009090238,-0.010393110120164306,1.593659959497895e-06,0.0029148197990009894,0.005807093656030937,0.032817817220558654,0.0005405830946533796,0.0,0.0,-0.0004480963912719127,0.10530279524177732,-1.7477180943581416e-05,0.003069247368080008,0.04526392054578188,0.0890645383015416,0.053675482068119784,0.09820101175798657,0.0016230241036759296,0.1439750813538032,-0.0012229555081865184,-0.011313587777851186,0.05183992667430304,-0.0001186225121109219,0.0,0.0,0.0,0.07166936885080588,0.00033699552492888474,0.0009598883649052925,-0.0004671227176172299,0.05873153569587941,0.0,0.0002087773469859333,-0.0018158131127470334,0.07149241672748696,-0.0014071910537876153,-0.0017724958465514251,0.0024165400566744655,-0.0122235238104077
0.0,-4.254865269576191e-05,-0.007171476087273254,0.0,0.07970331735603114,0.08338896749423258,0.07643331569900602,0.0931277098798246,0.06065201639480794,-0.017788679249011896,0.07815433375877895,0.1276207709855084,0.025516639090865323,0.01835225225181114,-0.00377727826831481,-0.0011624793083738205,0.0017664727072597697,-7.958564697196913e-05,0.08307934219768709,8.559169379862563e-05,-0.0010890179118092647,-0.00510382108247609,0.03220628235041051,0.0014060906084085167,0.000848422625395695,5.953072024883488e-05,0.060250239988485776,0.04356525364190872,-0.0036225365185304503,0.0030078894985042237,-0.006187202058119401,0.01143471569320248,0.073750080936969,-0.0025644835046251813,-0.035370504566918315,-0.0001083795599205184,0.005352104765033089,-0.00788706601095479,-0.011402600785076267,0.0014102044901652122,0.00048158501642942,-0.0009614085409291317,0.0015751401330369452,-0.0008606879723127014,0.0,0.0,0.0,0.00015386544947715297,0.0,0.0,-0.0003195057365067977,2.220446049250313e-16,0.00018214235069574647,-0.0012306332104244366,5.551115123125783e-17,-0.0007060542834266825,0.0005132293919477005,-4.648383985333959e-05,0.0,0.0,0.0,0.0,0.0,0.0,0.0,0.0,0.00016059477095825558,0.0017573098431045708,0.0,0.0,0.0,0.001888773262084309,0.0008917615732331741,-0.00010912523877537605,0.0,0.0
0.0007371897834177465,0.060820657316901006,0.0631641846826192,0.07970331735603114,0.0,0.07701162045057858,0.058134371294888465,0.043268937512978944,0.08152693969553815,0.081206543462232,0.0640718544271191,0.03407243296604562,0.06221356759207519,0.05223831360662018,-0.00015311350285240888,0.06200172608654142,0.07621649273868719,-0.00586333670875494,0.0726237028074968,0.07280993844471756,0.0005143085356332788,0.054530333637919814,0.05373103499312293,-0.007008824672215974,0.0539691816004666,-0.008287853778504939,0.07242811527013415,0.0763102609739118,0.06588800526419214,0.08430120708972749,0.08066027894942729,0.0897889625575975,-0.011440122683751108,0.07322784222276435,0.07639352651571141,0.04277895440614421,0.025988101419807952,0.05288192744098558,0.003958594196048992,0.0008670069193090213,0.006378317582939941,0.002026558859097305,0.001249679830486461,0.00021354108864279908,0.00031436194440787046,1.1102230246251565e-16,8.30090166059061e-05,0.02174071298627056,0.0,-0.007927956446407203,0.0547952435758442,0.0011923859291341765,0.03306483394314891,0.06016280271940311,5.551115123125783e-17,0.03022552207675372,0.002407639888638735,0.004043905519004132,0.018849508882543775,-0.0004379281577098215,-2.4281737114661972e-05,0.0,-5.551115123125783e-17,0.02898231103588489,0.0011267959823639817,8.264042577876829e-05,-0.0018172590590206927,0.06004962861916041,0.0,5.109466245634131e-05,0.001003452838826191,0.055115233366201055,0.0032809591884758738,-0.0032954600548806834,1.1102230246251565e-16,0.003170190320031352
0.017767254868475912,0.05828761184532166,0.08135410134092125,0.08338896749423258,0.07701162045057858,0.0,0.07618907521275314,0.06468103785358831,0.07153393163702243,0.06555407492592807,0.06141740238023158,0.04545668822857257,0.07407962255101941,0.04003081200323111,0.07326523285704178,0.06579002272868384,-0.0051375536808677125,0.055220572959069625,0.054843542315235305,0.06751862244491164,0.04282848301131248,0.06836132504080683,0.059407649954739516,-0.000632478710444806,0.053976040077642395,0.02827119044413845,0.056014561959022935,0.058293932346715704,0.05213174533917664,0.06994952704281765,0.06558760137211556,0.05671426409625341,0.045612446248061045,0.07063841904094487,0.06921673609106321,0.042820715546421084,0.058306348244805906,0.05124644441703413,0.03964527559102893,-0.006405898625959361,0.06715114101805342,-0.015367174914793724,0.031067136196446077,0.0030218176090194837,-0.002074919123903396,0.0019270064365329298,-0.004047132835062639,0.04640445614377853,-0.0004261111087273117,-0.011360456681692499,0.038773972379967825,0.0543473417632131,0.09070069235604006,0.0700155618891366,0.0058191806291988946,0.04030557606044416,-0.003340768982067699,0.04295454409324473,0.13148779818285034,0.06102337700919824,-0.0008651379084062549,0.0,-0.001517006483374217,0.05863512974492935,0.029147791941002976,-0.003377008930887604,0.04778447192305141,0.05270771055492329,0.00021769154399503554,-0.0051319196715467474,-0.007945491964949092,0.051481033108145446,0.04750903191219524,0.0589653685283128,-0.010427914546279449,0.054575246171298164
-0.004796962339580324,0.054649258627798014,0.06665531881383935,0.07643331569900602,0.058134371294888465,0.07618907521275314,0.0,0.05434491305440703,0.07437118856677732,0.07123939797105427,0.05678708763829993,0.05870173003475765,0.039993878572999186,0.07280382260954688,-0.003505941698207282,0.05436228055209913,0.07583131787609104,0.05425194026030172,0.06116310231519584,0.05948805563874571,0.10340474792581267,0.06541750390157597,0.06576176457095928,0.07405715310748395,0.07366146621966418,0.06914597265787881,0.06645145432215888,0.019457858980111542,0.05103655946037178,0.0808034462287679,0.07773755092222973,0.06429077607242845,0.025010790812129258,0.07683884966403859,0.05704834017213145,0.06218218742694798,0.05748895977091817,0.0424358638069533,-0.004827855410650617,0.024606434078267847,0.021829284197425858,0.008739753644069814,-0.009524031726998172,0.008725500843860035,-0.0015273906323634012,0.0,0.0016769952519800624,0.05745093463384876,0.0,0.003967585043187394,0.04765960784827816,0.0004101818043004135,-0.004235718375481978,0.052649519330747685,0.00010774114086403719,0.003314016725227631,0.001606735145790128,-0.003284846180328649,0.0014515448673930176,9.976576942966053e-05,0.00043607119255462123,0.0,0.0001335292960887302,-0.002415361038912378,0.0011242624517108224,0.002388131612312716,0.0005571359039824308,0.052675079858956364,0.0002455198697903782,0.001218444373378147,-0.001981444062105042,0.05573497772350078,-0.001576149518954073,-0.004970181462052636,-0.00043757450549331,-0.0004384524746849916
0.07507945070106081,0.07759114009619195,0.07546281126844756,0.0931277098798246,0.043268937512978944,0.06468103785358831,0.05434491305440703,0.0,0.05692330362171061,0.03720285178488858,0.08433245871452572,0.08453152662068081,0.05681005873674455,0.06374240203513587,0.12975138558975557,0.06982961004057736,-0.0011261080055341433,0.06949102929218387,0.08814769942897083,-0.006710358600539812,0.06351780000395202,0.10136750389019733,0.038337617959825265,0.08106745922412228,0.08562148754275412,0.07788931821001455,0.06950953402745202,0.07337344347447061,0.06309583879918629,0.08688246897388285,0.0727295233316893,0.10706400173594549,0.12274402258225975,0.062193130238368366,0.0735865191950339,-0.0025678618681669874,0.16991769372526289,-0.006785956005045335,0.05795363226532746,-0.0022052044375666102,0.05641711453703235,-0.006283996757869059,0.04348228136217813,-0.001411726665601687,0.0,-0.001592721522192031,0.1002545346917274,0.036230248650456875,0.0,-0.09147802789100967,0.05016729989793578,-0.006543312095888432,0.05372441648855031,0.05172463722553122,0.0006839025616607874,0.060971732628009034,-6.692911999289786e-05,0.03334345076107609,0.01651663517869395,0.06669256886969355,-0.0010620401570040072,0.0,-0.00045325828806858093,0.020475223721174274,0.07186786410574675,0.12236173517775839,-0.007896685170423245,0.05131783102793963,-5.551115123125783e-17,0.0004040718851635039,0.09057900515177314,0.07490194424176522,0.05659684741714438,0.069708269034096,0.003648448134653315,0.07198570008458449
0.0016713740190159587,0.06660401086792989,0.06332816264581836,0.06065201639480794,0.08152693969553815,0.07153393163702243,0.07437118856677732,0.05692330362171061,0.0,0.06403154806409966,0.03602018790815509,0.03690678533866032,0.07174915778426788,0.04585379419208374,0.005588125142752198,0.0732926290184715,-0.0031891257727170164,0.04589750784245544,0.06287958253061054,0.07814195151945347,-0.0011438549665629405,0.06620380820244032,0.09294019180863361,0.08654485274240298,0.05467223889626255,0.02703483920269334,0.07169916134819704,0.07326706850315229,0.07322883194531116,0.05721271953950424,0.06946505035724526,0.05921222012908822,0.03167788364077084,0.06585360831668419,0.05776052445872343,0.03711188423714906,0.05452375701013601,0.05026255101321647,0.043305399485354945,0.0011265863241203822,0.014432875139984369,0.004129981658746562,-0.006363933413618905,-0.002707299892644066,-0.0020824412270489256,-5.551115123125783e-17,0.0015133675399893742,0.06822914923204781,8.396119673903524e-06,0.029308378105093458,0.04730252748436181,0.10117943835068888,0.03948186268564713,0.06845691118748831,0.0005628247538603803,0.04047574247504626,-0.0007156707056099054,-0.009812570932111742,0.007606158428446919,-0.0018122693558053626,-0.0006384148998869188,0.0,0.0,0.048551980382912974,4.77861598683349e-05,0.003005844936871116,0.00043927056093634453,0.048004295745427306,-6.28969992174655e-05,-0.0002066454736883161,-0.004318371632414553,0.05646853289497222,-0.006384243816927038,-0.005222294495843327,0.0005698884844247409,-0.0011183070021405506
0.05596272234442251,0.04840146887755237,0.08202360710491596,-0.017788679249011896,0.081206543462232,0.06555407492592807,0.07123939797105427,0.03720285178488858,0.06403154806409966,0.0,0.06349720541416981,0.022231275460858013,0.06930605068597906,0.12916371069041488,-0.004126570053380851,-0.018966440604471113,0.007614124978384651,0.05906810164418824,0.07379417364047713,-0.006383605463922859,0.038914434524349395,-0.0189154533902543,0.055885502896845574,0.034493272750506676,0.07964202394182168,0.09601344933941919,0.06208744839131897,0.06387394188406781,-0.01193043229318097,-0.0018315523139875167,0.029691065589863286,0.0578685467466169,0.04093414742434026,0.032476902193736557,0.026717783508328485,0.04804219968620971,-0.0077336884894777524,-0.007616803631687374,0.02961248818511958,0.01457243580440254,0.02413427169164667,0.16147934248306323,0.00032206550435570636,0.002316825971303005,0.01277851080370429,-0.02394008022083216,-0.002239456929986672,0.000261121738499126,4.767433063224136e-05,0.00019406637911129065,0.00010070271606416048,-0.0021603339113593356,2.562391687266352e-05,-0.0026339575831133555,0.0510061550520588,0.0025652893765318874,0.08406021506288475,0.049077504524459414,0.0,0.0011881347178446244,-0.0036864045518232857,0.08190045466180623,0.060641592782390674,-1.5670802306133602e-05,0.00025461093845097205,-0.00024129443890896773,-0.0029729877022387496,-0.0010951091338722851,0.05087052438941658,0.08769410239755576,0.08790207129578109,0.0029220106834459414,0.05257248287774985,-0.0017403733739803084,-5.551115123125783e-17,0.04118826687695504
0.0038299112101281008,-0.0007690762180433408,0.031376559168839635,0.07815433375877895,0.0640718544271191,0.06141740238023158,0.05678708763829993,0.08433245871452572,0.03602018790815509,0.06349720541416981,0.0,0.021919987970664134,0.06366087161770478,0.033194131164683116,0.0,0.00017919781249808864,0.06936436177820393,0.0009181608069955827,0.03380521890250826,-5.8955962379425575e-05,-4.635186360979482e-05,0.0008733316828358761,0.07353265295859829,-0.010982887466606805,0.0642466419724449,-0.005128842924663812,0.03944663625430911,0.06048448176652749,-0.00753684708995056,0.0004470110992307319,0.06756886304804555,0.08799739736512374,-0.013125940573703143,0.06697401221965665,0.057207272486045346,0.06614609924843651,0.07535516497064615,0.018599207630966175,0.048553235666243144,-0.0008013381096009797,-0.0006326655518438251,0.0015361332341809475,0.03131919428225932,-0.0012749652059333982,-0.00036274781031425674,0.0,1.1102230246251565e-16,0.1502024528382191,1.625806149874176e-06,0.050545760316365984,0.027964454132286987,0.06325229242570463,0.05750088357198985,0.13342459300940218,0.0013793843404810158,0.13211022941557682,0.0027654587356826243,0.10151716437382452,0.05831822042544832,5.551115123125783e-17,0.0,0.0,0.0,0.2249742638683998,-0.0005601849594705222,0.0,-4.320362012955048e-05,0.04984111109114542,5.551115123125783e-17,0.0,0.00023745395228080834,0.0641710203460546,0.10991895806047314,-0.0013163263480379106,0.0,-0.0015586000243462683
0.08838939425718795,0.08011061525406277,0.058645122248483006,0.1276207709855084,0.03407243296604562,0.04545668822857257,0.05870173003475765,0.08453152662068081,0.03690678533866032,0.022231275460858013,0.021919987970664134,0.0,0.05683272815777213,0.0059313677560717815,-0.0004220017638656981,-0.0015340475513077045,0.05093187613558764,0.06170989755281736,0.03724602313115266,0.0007996032966957056,0.08718041616633504,-0.00045028741120856086,0.05123483386742961,0.04975620061117447,0.07636358639037016,0.0651358846292664,0.026121815718155084,0.04638029375586006,0.0049718162628688,-0.0006415997119842975,0.03084492262941707,0.03717308535015784,0.04193912623720064,0.020482152857104946,0.03349185298066404,0.04010050518616792,0.033189421162431676,0.030258875855021516,0.04980037844135293,0.0322742967802751,0.04031459573765617,0.026551740884409036,0.04200350360399696,0.0022997297479941947,0.054723203249136876,-0.011333609275422929,0.0016958404481202671,0.00022709371151807822,-0.0007892855007912425,-0.0008322166053662539,-0.002231383726538805,0.002965017186967789,-0.0011714399052564772,0.0004893782072389885,0.060550051565286866,-0.0235839783169976,0.09314887807137051,0.08544733750496081,1.0945885831503688e-05,6.201503464414726e-05,0.0014271464576994242,0.07697607135040363,0.06624963621980129,0.010109222443619559,9.033158218613169e-05,0.0021748081564815225,-0.0013704012539156873,0.004947723126710046,0.09113902581973166,0.07372250238197692,0.08694795693383756,0.0253150609564734,0.09269757471713003,0.0031880980880723553,0.0,0.06517748703181642
0.03746511532258495,0.050869155943130295,0.07482819926824019,0.025516639090865323,0.06221356759207519,0.07407962255101941,0.039993878572999186,0.05681005873674455,0.07174915778426788,0.06930605068597906,0.06366087161770478,0.05683272815777213,0.0,0.054689741001433256,-0.009251743770094467,0.05541161602853856,0.07764344794608252,0.05124519557585461,0.069385327683051,0.06253721051138128,0.038681541991246016,0.0674272678702243,0.07273428528248554,0.06008644643701416,0.06254093226823243,0.05669556048710461,0.07399823424528312,0.0867657285119805,0.06853709009433379,0.10274966028218285,0.09200415590566224,0.05428406008871817,0.02768080416091606,0.07074503956958739,0.04178292525975491,0.05559780247297136,0.045457296563413296,0.04711755675788154,0.017654261994424547,0.050649519885358985,-0.018465616003026264,0.003234381654966867,0.0031415164920943206,-0.0017652793633358699,-0.0011427657690645798,0.0008427078510387376,0.0017457695060596468,-0.010475376747410059,0.0,0.0027005298705283787,0.0321361117552198,-0.004255528124760377,0.03439107084483617,-0.004999366891488388,-6.846170979535326e-05,-0.004511588401393762,0.0027146998612379014,0.002447549775496105,0.002651572214175224,-0.007285187017278372,0.001640204037820614,-0.00010342653452583006,0.001393272953640834,0.000975771877785081,-0.006170994736665103,-0.0011114347196951035,9.152850016325154e-05,0.06201934095572714,-0.0026569036554594527,-0.0023341558148121666,-5.968849246695829e-06,0.06607502279205435,-0.004229247847552242,0.08262049155770024,-0.000979441593758068,0.000754030224896507
0.0008384291991912485,0.0009924715725353472,0.043122584306177714,0.01835225225181114,0.05223831360662018,0.04003081200323111,0.07280382260954688,0.06374240203513587,0.04585379419208374,0.12916371069041488,0.033194131164683116,0.0059313677560717815,0.054689741001433256,0.0,-0.001968499123803369,-7.761132521888481e-05,-0.0002184611431928496,0.00013662976455303122,0.06883111795044167,-0.0009954741390728605,0.0763306679369754,-0.0006414693391713078,0.018031104243470486,0.006687508283421684,-0.0008244929049243677,-0.0005463727890007708,0.04516909093926802,0.08237587812599295,-0.002953061419149361,0.0006957414485255775,0.07708156571990404,0.016389619125144472,-0.00932673875671175,0.059082697089074876,0.005780936494098332,0.03307423636328863,0.00011411093639060454,0.0016015889017053642,0.0050747684568422935,0.0,0.0003316005009545431,0.001057281554255718,-0.0001959985691358801,-4.679880981184326e-06,0.0,0.0,0.0,0.024921451787580318,0.0,-0.004859404379576493,-0.0018579360016646729,-0.004127705281062377,0.024249629115903726,-0.019835527064607117,0.0,0.005313389306256688,-0.00030032101264598765,0.0012379392341296258,0.022336944835153194,1.1102230246251565e-16,0.0,0.0,0.0,-0.011689850754062425,0.0,-1.1102230246251565e-16,0.0,0.0396217019757828,0.0,0.0,5.551115123125783e-17,-0.01390095494686866,0.0010859110215646894,1.1102230246251565e-16,0.0,5.551115123125783e-17
0.054078682675658796,0.04550137185723607,-0.0032914231479880818,-0.00377727826831481,-0.00015311350285240888,0.07326523285704178,-0.003505941698207282,0.12975138558975557,0.005588125142752198,-0.004126570053380851,0.0,-0.0004220017638656981,-0.009251743770094467,-0.001968499123803369,0.0,0.041135657407105175,0.06980335483615602,0.04248552759649027,-1.1102230246251565e-16,0.0727284814083099,0.07301429955153316,0.060936599824477855,0.09525323543571074,-0.008401563535267331,0.015161270228816803,0.05113078053539566,0.10605999528345078,0.08835167338399086,0.07468011974931837,0.0881629994464232,0.044656861196574194,0.03667555933941524,0.05169442343988773,0.040512800364096324,0.029414908445114074,0.03229904569079012,-0.002352760967062495,1.5824086404492288e-05,0.05969035136385037,0.0717131497587411,0.06321931606429565,0.04704846404497853,0.011078320706803091,-0.0003277602886940234,0.0,-0.010181842222668103,0.032883839153379335,-0.0002711486335232327,0.0,0.0,0.08907134818986634,0.0033595302056245724,0.002820393334333815,0.0008403828511203137,-5.551115123125783e-17,0.0,0.0018010628432916787,0.08341447208325864,-2.665112079391907e-05,0.06799312816417802,0.03739887857041724,0.0010059974703715557,-0.0013369216118119809,0.0,0.0748978971830288,0.08062552520489008,0.06423840319339591,0.0949266146075261,-0.0002533244589647543,-0.002148277179759961,0.057536517717638236,0.09089049403750282,0.06814416912359189,0.06580747870220732,0.06062983553606138,0.05337596605653633
0.0562292808453253,0.051018160652326006,0.0007959530104246215,-0.0011624793083738205,0.06200172608654142,0.06579002272868384,0.05436228055209913,0.06982961004057736,0.0732926290184715,-0.018966440604471113,0.00017919781249808864,-0.0015340475513077045,0.05541161602853856,-7.761132521888481e-05,0.041135657407105175,0.0,0.048070473865703234,0.05458317816990371,-0.00010953779002126351,0.05780357764624283,0.047120603256624094,0.04850453894454626,0.07075197661184252,0.0519382370312792,0.0804562892134239,0.05804921684379999,0.04694418778857873,0.057220950906117785,0.062455902289637766,0.06564613158161658,0.04782757725856046,0.03618400429801716,0.053114336182280564,0.061997462793267455,0.0563256982557474,0.004438009529133591,0.00046935409655962657,0.002281055150578082,0.015518184192214457,0.018702806907910652,0.03431519105669667,0.013978357113293705,3.475102807715125e-05,0.0,0.0,0.049897048516078735,0.046900080066275995,0.0,0.0,0.0,-0.002225774094691546,0.0005368767380233286,-0.001046917458558727,0.0,-6.058479576187548e-06,0.0,0.0011026769990464258,-0.0006209753032112575,0.0,0.07320181613894516,0.04032736612730453,0.0017259738696636662,-0.0005745101297360278,0.0,0.06360809574092618,-0.003066615424235475,0.05758251928886282,-0.009016095030239035,-0.005414682211727195,0.03045954573613141,0.05872916733051009,0.05045174461771651,-0.0006912159340382029,-0.004435163753198135,-1.1102230246251565e-16,0.028932361720583166
0.05455183747939801,0.022040414463277036,0.0021561394446421023,0.0017664727072597697,0.07621649273868719,-0.0051375536808677125,0.07583131787609104,-0.0011261080055341433,-0.0031891257727170164,0.007614124978384651,0.06936436177820393,0.05093187613558764,0.07764344794608252,-0.0002184611431928496,0.06980335483615602,0.048070473865703234,0.0,0.06334674984821298,0.0038473325239079537,0.03442022671150341,0.004033110177693311,0.03293491225736972,0.00010261465463257124,0.06063995930934035,0.04421717823682636,0.05803231478677989,-0.0024965042226809953,0.07898476843630198,-0.006377292235169529,-0.0051705422862702854,0.05533479581406309,0.06445794638878899,0.04140667836013989,0.035163838366052746,0.03392066885138478,0.06031911117808536,-0.00042108126703549464,0.017213340330283544,0.04040207034842569,-0.03855923369630426,-0.018809475206378323,-0.0005809794577663063,-5.551115123125783e-17,0.0,0.0016988490577954929,-0.005819834666475121,-0.0013609910350576016,0.0,0.0,0.0,0.0,0.0,0.0,0.0,0.01556466044061322,0.0,0.02996350807841669,-0.0020874235081601578,0.0,-0.00033619695634623525,-0.0048007475366930175,0.01418211289357274,-0.005435137829784997,0.0,1.1102230246251565e-16,0.0,0.0012941844034804473,0.0,0.04900960265731513,0.014900916556274957,0.030768106116692784,0.0,0.00017874448915949914,0.00020942944829888122,0.0,-0.00763785623361285
0.05506597547974512,0.05595887099214347,-0.004162595469473118,-7.958564697196913e-05,-0.00586333670875494,0.055220572959069625,0.05425194026030172,0.06949102929218387,0.04589750784245544,0.05906810164418824,0.0009181608069955827,0.06170989755281736,0.05124519557585461,0.00013662976455303122,0.04248552759649027,0.05458317816990371,0.06334674984821298,0.0,-0.0028115230188315854,0.03506750505148398,0.04184861210965107,0.04460883636686419,0.06941722277346624,0.043766303247833205,0.08033201338593504,0.06024125888734483,0.03818753134345332,0.06197111604729466,0.05862123038500783,-0.007734290683501288,0.06541757384654068,0.055241335435353145,0.04367085295317019,0.050880392593207036,0.05984565893019006,0.07090254924234879,5.153847708183612e-05,-0.00010960223804729052,0.026149026001854925,-0.015524326552636691,0.014181386817609443,0.021229002844909473,0.0,0.0,-0.00031538118975182883,0.06101213144091938,0.05168571530850302,0.0,0.0,0.0,-0.001512010052187096,0.0006898742174636929,0.0007990912742457112,0.0,0.013683826502800422,0.0,0.029553530791849747,0.0007809990005086531,0.0,0.001207899416587832,0.044433386474793946,0.040710685047718576,0.017310345035871144,0.0,-0.004659838608275457,-0.003554003517136528,0.06020997627240837,-0.0004458638345634647,0.04789122619193337,0.03694485507805001,0.05111136762230667,-0.002586144739083418,-0.0006136434368261279,-0.007105883263136326,0.0,0.03029802639746154
0.0,0.0010810296730626168,0.0631873740102104,0.08307934219768709,0.0726237028074968,0.054843542315235305,0.06116310231519584,0.08814769942897083,0.06287958253061054,0.07379417364047713,0.03380521890250826,0.03724602313115266,0.069385327683051,0.06883111795044167,-1.1102230246251565e-16,-0.00010953779002126351,0.0038473325239079537,-0.0028115230188315854,0.0,0.0002588451882349352,-0.00025331350658958085,0.0017272486195822334,0.13288675782382264,-0.0002861666539695773,-0.0023086772933121336,-0.0006920743707908295,0.05770067667908818,0.07208606709989407,-0.0032073991153054315,-0.0008716266014960339,0.07231167269034583,0.07078460833341393,-0.0017535834400190242,0.06077597996922318,0.05684857572713564,0.06211508762190859,0.0797703751070587,0.033887786324490354,0.057190451658134855,-0.00018587928944557852,0.006501213866482114,-2.3266313609382472e-05,0.018176585638153997,-0.0009656538537876069,-0.00016585330903517992,0.0,0.0,0.11293465678819092,-5.551115123125783e-17,-0.011132811433213152,0.03231404370275626,0.10597291675425013,0.034756352880677466,0.08250251378396012,0.00014184693486907207,0.11261471781391119,0.0019914773039493294,-0.004669255595402544,0.017394271966842678,2.220446049250313e-16,0.0,0.0,0.0,0.09258613834206236,0.00018027817669591384,0.0,0.0001367559585572775,0.05066180838903922,0.0,0.0,-5.551115123125783e-17,0.06909503038389297,-0.0012214535746788435,-0.0030025454528769258,0.0006215195163311593,-0.0004112313881285967
0.03684283158955898,0.06452434599531215,-0.0016799055260360296,8.559169379862563e-05,0.07280993844471756,0.06751862244491164,0.05948805563874571,-0.006710358600539812,0.07814195151945347,-0.006383605463922859,-5.8955962379425575e-05,0.0007996032966957056,0.06253721051138128,-0.0009954741390728605,0.0727284814083099,0.05780357764624283,0.03442022671150341,0.03506750505148398,0.0002588451882349352,0.0,0.0827515755221831,0.07127450097566268,0.06627389804497608,-0.0014661379807274222,0.05309785037791204,0.05295586740894481,0.08298043114027231,0.053205391449061556,0.04670624097824577,0.05240715915914268,0.0543969236433558,0.030413041958550602,0.02711266797835954,0.044149914581500305,0.023764448673871008,0.05004902651609722,0.0025922885893528425,0.006708954770640152,0.05641710754587498,0.06132350104910894,0.05125323053445846,0.034028787474324695,0.003714851400212882,0.0005076421655140217,-0.0003963786423462623,0.0020548802271030953,0.029341364404476378,0.001229423454550016,0.0,0.0,0.06441179804354785,-0.0001722383143285544,-0.013159911019501314,-0.0011912498607630773,0.0009972898904701544,1.1102230246251565e-16,0.002695201740213149,0.07557928157410077,-1.1102230246251565e-16,0.0590467635390024,0.001536508878560272,-5.528138576882391e-05,0.0006069223713288663,0.0,0.057602614984408274,0.07808982690898286,0.044484129729492006,0.08939465300326521,0.0,-0.003749832404905451,0.037914818590403854,0.07489099023079782,0.05571990551387196,0.04984104344968315,-0.0015316990340408787,0.04364012433584419
0.0592388058712946,0.0503527142824845,0.0007467199404489477,-0.0010890179118092647,0.0005143085356332788,0.04282848301131248,0.10340474792581267,0.06351780000395202,-0.0011438549665629405,0.038914434524349395,-4.635186360979482e-05,0.08718041616633504,0.038681541991246016,0.0763306679369754,0.07301429955153316,0.047120603256624094,0.004033110177693311,0.04184861210965107,-0.00025331350658958085,0.0827515755221831,0.0,0.039458996720388106,0.09643404894287949,0.08353831065605566,0.051755157104715455,0.0635241066690862,0.0980039855283748,0.07508164808458301,0.05554559570572565,-0.01226418734884166,0.03382977516261848,0.016449258930832933,0.03547502736386832,0.013087260830223268,0.014722871999093223,0.04925407514358321,0.00028555266026902837,0.052510737411524344,0.03748634891525776,0.05695602418909146,0.0624615006678817,0.039538323789221064,0.0037874708158954773,0.0,0.0,-0.03711825245794553,0.03727688382192185,0.0025629621019912507,0.0,0.0,0.08067840616486971,0.0011841925493057404,0.0708530842067236,0.00382884749773571,-0.0009008861507260324,0.0,0.05360439042833909,0.07250458989504821,5.551115123125783e-17,0.07020717061779702,0.04286599866263224,0.0,-0.0016852470484315374,0.0,0.07502380803804959,0.07299129460436138,0.06283792349702139,0.10236143001967496,0.0009325898258731313,0.05468080117069507,0.054998202510493366,0.10958341362052171,0.06731513579899034,0.06536201318730034,0.11407449456553426,0.04729755061526958
0.04184520365376582,0.0463775470432064,-0.0039637829647553025,-0.00510382108247609,0.054530333637919814,0.06836132504080683,0.06541750390157597,0.10136750389019733,0.06620380820244032,-0.0189154533902543,0.0008733316828358761,-0.00045028741120856086,0.0674272678702243,-0.0006414693391713078,0.060936599824477855,0.04850453894454626,0.03293491225736972,0.04460883636686419,0.0017272486195822334,0.07127450097566268,0.039458996720388106,0.0,0.09500576729150079,-0.00815320247525314,0.04509895142470072,0.04564788837477163,0.06984917561766957,0.06638515481531154,0.07814818831152892,0.06926952721649621,0.054026017120504366,0.027265579206624813,0.036008234535836625,0.03724447827102417,0.023692798076764165,0.011590939889701946,0.03339040825538098,0.00595920556587165,0.04356648270296237,0.03982261015768235,0.04267084506065383,0.041130160829615625,0.015143812190293204,0.00039102770438204093,-0.00040016972153728014,-0.013002862503895374,0.03430277315274727,-0.0002773104860265274,1.4655124579987522e-05,-0.0001216759795338862,0.023376168633524208,0.00503356703502833,-0.0037692491377087634,-0.0006877888554037148,0.0023660383410288865,0.0,0.0017554332325773192,0.0007943032334768452,0.0,0.058865083284615594,0.02863085535372306,-0.0011970974143807322,-0.0465094059429777,0.0,0.05497890819835155,0.05989545539786589,0.04687254073134184,0.08231736879183332,0.002720345898449661,0.004809361127113276,0.04762852547227192,0.06954609178460619,0.07917143017223283,0.03544837298221881,0.0002672480861720117,0.03284072222368334
0.09034447193320516,0.0839575503461294,0.10893231838651929,0.03220628235041051,0.05373103499312293,0.059407649954739516,0.06576176457095928,0.038337617959825265,0.09294019180863361,0.055885502896845574,0.07353265295859829,0.05123483386742961,0.07273428528248554,0.018031104243470486,0.09525323543571074,0.07075197661184252,0.00010261465463257124,0.06941722277346624,0.13288675782382264,0.06627389804497608,0.09643404894287949,0.09500576729150079,0.0,0.10291614459664417,0.06593099704326377,0.07741188505501073,0.05013269141006438,0.09520523768367328,0.08800305406421671,0.10233216324529998,0.08890967997742555,0.07091549601551755,0.08437457519040642,0.08428523367972207,0.08597439608923207,-0.005918331953175648,0.068262401501749,0.02481118582955627,0.05828673191959555,0.08814906957547719,0.0703153604304555,0.0750990668278213,0.0529093488585296,0.08810127531160361,0.0021273092890174428,-0.001082804251282321,0.0640120445344119,0.07578732296283008,-0.0022886512830730954,0.06600764622130928,0.05936429045154046,0.05684778455599859,0.06233366433836518,0.06745533801218895,0.0027326358282915852,0.07683241608825153,-0.004048989620990373,0.055776295221177996,0.042378174703052496,0.08943332761047251,-0.00482041476318118,0.0001344780846497251,-0.0033326574488666827,0.07474472138001997,0.08087082737500062,0.10033718030697719,0.07325102420604118,0.07195287207337164,0.0004906996280805709,-0.0018629927269677715,0.08099559898632042,0.07733602000436934,0.07240756696522943,0.06965917486025963,0.06837495563512352,0.07524980194764541
0.07956345740838894,0.07027027348163478,-0.002665271402577607,0.0014060906084085167,-0.007008824672215974,-0.000632478710444806,0.07405715310748395,0.08106745922412228,0.08654485274240298,0.034493272750506676,-0.010982887466606805,0.04975620061117447,0.06008644643701416,0.006687508283421684,-0.008401563535267331,0.0519382370312792,0.06063995930934035,0.043766303247833205,-0.0002861666539695773,-0.0014661379807274222,0.08353831065605566,-0.00815320247525314,0.10291614459664417,0.0,0.04723812503797559,0.07615908013992795,0.12405690375160278,0.046970426297433254,0.0025661812334917267,0.0010129415487819537,0.05590743822442085,0.017988441230974372,0.022625873378241457,0.0307883411173297,0.02692057244291679,0.002590537464467413,0.008194483759203341,0.03506922143277916,-0.011423180781775677,0.049628308727797554,0.10753681314275049,0.09355280260709875,-0.03240271021798102,0.0006314511016826674,0.04652011899695635,0.08481719608956972,0.09912650942613332,0.0,-5.551115123125783e-17,-0.0005311637976823103,-0.0005652840476448318,-0.0006919490421799512,-1.6653345369377348e-16,0.0005101059560588261,0.05480112777336266,0.0007941203444668532,0.10831859989330256,0.09015764190139436,0.0,-0.003495987749985996,0.07712138611965885,0.07618097209724495,0.054040309263669706,6.472899129233989e-05,-0.0018951689893388912,-0.0028565377925859337,-0.007666112755499832,0.00043291581435106474,0.104680108438716,0.06805322168654931,0.08543883210549841,-0.0013344802226385455,0.05033727766721524,0.0011608391113944738,0.0,0.05694731394738051
0.05305577056051086,0.05403784356424185,-0.011331626774207182,0.000848422625395695,0.0539691816004666,0.053976040077642395,0.07366146621966418,0.08562148754275412,0.05467223889626255,0.07964202394182168,0.0642466419724449,0.07636358639037016,0.06254093226823243,-0.0008244929049243677,0.015161270228816803,0.0804562892134239,0.04421717823682636,0.08033201338593504,-0.0023086772933121336,0.05309785037791204,0.051755157104715455,0.04509895142470072,0.06593099704326377,0.04723812503797559,0.0,0.0562240857654816,0.04271854257724711,0.06583257503948498,0.04406110850745387,-0.003082701249902009,0.05618360760195429,0.049078851131517665,0.03183619368813145,0.032054479220079646,0.017786253278004316,0.0609456673517782,0.00038658856257017815,0.03449063193307389,0.029471340774810784,0.004976649885259032,0.023687545524753217,0.02596180738599113,-0.0011249557387676967,-5.551115123125783e-17,-7.081509482853576e-05,0.06551015452551967,0.06127189376008302,5.551115123125783e-17,0.0,2.220446049250313e-16,0.0005119313557582217,0.0012016614475526266,0.0006073018685269771,0.0005568107806846467,0.02656766520201681,-0.0005437901863845629,0.05351587923325046,0.033208888587213437,0.0,-0.004063264983126591,0.05999427947183128,0.05080439234871037,0.02396484027189516,0.0,0.04682461837480245,0.05805917435274499,0.055303057196445904,-0.005443468142513452,0.06253589303997203,0.04737886045297646,0.05889626717569807,-0.00441109663552286,0.04393352838396425,0.0825637837269782,0.0,0.040453577674419205
0.06211049342803959,0.05792237702948794,-0.010629248062504093,5.953072024883488e-05,-0.008287853778504939,0.02827119044413845,0.06914597265787881,0.07788931821001455,0.02703483920269334,0.09601344933941919,-0.005128842924663812,0.0651358846292664,0.05669556048710461,-0.0005463727890007708,0.05113078053539566,0.05804921684379999,0.05803231478677989,0.06024125888734483,-0.0006920743707908295,0.05295586740894481,0.0635241066690862,0.04564788837477163,0.07741188505501073,0.07615908013992795,0.0562240857654816,0.0,0.06216253208339512,0.0671875751546741,0.05876820876735833,-0.003210114378102813,0.056053972356730264,0.03291896496947705,0.03444690894186403,0.04014600245446287,0.030205589430762902,0.01586219361293628,0.001743061055857864,0.059462131315181466,0.03351646043842427,0.017539354434789767,0.027177184162416268,0.03619731461894604,-0.008135402300362249,-8.748836448757569e-05,-0.01187847076248344,0.06174839575397567,0.05109421701097372,0.0016850960603277398,0.0,-4.827193381590211e-05,0.061171327378092055,0.003302342352115517,0.003686577486449294,-0.0034896442212639656,0.05222724719363725,0.0,0.06835927043847101,0.05777028061939782,0.0,0.05146233724853355,0.05396229580427547,0.05286092465901787,0.037095628990483964,0.0,0.05551876219046131,0.03410100645626102,0.051741643260735715,0.0699845837818312,0.07528788907667777,0.05224225853293152,0.056433307179051095,0.053073441065620064,0.05432427876657059,0.048237756584774305,-0.0006391684261187747,0.04314339941466411
0.0663367941822548,0.057888890690025285,0.04945024877725035,0.060250239988485776,0.07242811527013415,0.056014561959022935,0.06645145432215888,0.06950953402745202,0.07169916134819704,0.06208744839131897,0.03944663625430911,0.026121815718155084,0.07399823424528312,0.04516909093926802,0.10605999528345078,0.04694418778857873,-0.0024965042226809953,0.03818753134345332,0.05770067667908818,0.08298043114027231,0.0980039855283748,0.06984917561766957,0.05013269141006438,0.12405690375160278,0.04271854257724711,0.06216253208339512,0.0,0.08485144679097412,0.06224265615569019,0.09225953436652146,0.07219487700495603,0.06363923061982768,0.06348315835805751,0.07564627407590829,0.07557627398570049,0.045634502267881905,0.0608505050635082,0.04417871387372463,0.057805498092249774,0.09493293267879688,0.06559771958583849,0.08614242990018472,0.04797399971837435,0.00023855811795270299,9.68539687157266e-06,0.0017852941249429377,0.022648977128205794,0.05264204467428135,-0.00026739639505907187,0.04859176730122683,0.053840794098536704,0.06548205699236909,0.06644120852716273,0.0665449579065005,0.0017753271728225828,0.04956784497959177,-0.004104590313422862,0.055445454681235296,0.03250476491385468,0.07190846010003293,-0.004136924314329604,-1.1102230246251565e-16,0.0012757066668619421,0.04078208227114777,0.07106303019431248,0.10413829666754076,0.05299251693843676,0.06509965934897599,-5.551115123125783e-17,-0.0037771778753367125,0.06695369489577202,0.07215179768247015,0.06183839368276878,0.06229469286375933,0.05973067635487417,0.06692208265717037
