0.0,0.5444895294150017,0.0947909137260694,0.0,0.19093400261112978,0.16492224295389726,0.10812792261502015,0.7836454916717316,0.20747621446834807,0.524869350604092,0.24320738048008206,0.6806129087282793,0.4600103819243487,0.1697902610096537,0.4971161472940551,0.6628383740539314,0.44704794923565117,0.5593453493126046,0.0,0.31324966888941075,0.4722247832591465,0.41731545119502567,0.7311008876620653,0.6831676278562789,0.5433766130645276,0.6712843033771908,0.5660548409839926,0.06606808684159414,0.042778501523032385,0.33728540554867925,0.6496250352607613,0.5627491795166001,0.3970853986716152,0.6027977508740684,0.6668424652941444,0.21013407517324406,0.20660045090916368,0.7175626670677298,0.3989844494808189,0.5073060868916789,0.5065713750326442,0.19281558979438085,0.19565358830733046,0.0,0.1249609136447944,0.5624664000730848,0.5917370777002384,0.0,0.0,0.0,0.07439587320686555,0.0,0.17173408296060166,0.0,0.22021503687971,0.0,0.5712437333320156,0.248174948856366,0.0,0.2444953807288144,0.7193848790933848,0.047450134007492005,0.5086913729662598,0.0,0.712526694187956,0.29684839543935737,0.7341472535676213,0.7019829709097386,0.6537162622958778,0.5460894146790983,0.7105099813151863,0.6957705776995101,0.17594914121791072,0.7843635019000696,0.0,0.637599831754341
0.5444895294150017,0.0,0.1301418113749375,0.12464405822393684,0.5429024501486964,0.49767136567585685,0.4840483962465,0.7581102380277901,0.49138575288220016,0.5563070339522956,0.13219411608162523,0.7268062874177145,0.48504032570661654,0.27420113881975067,0.4948908212258727,0.5758206263159741,0.38520135420542867,0.6003939335308592,0.23290158479190481,0.6180679551842448,0.6155002985240225,0.5650465491637743,0.7321178981656576,0.7047251371357043,0.5046631505745113,0.5149206885457335,0.559138871027175,0.5209994150187153,0.5917793184166646,0.09975042474778147,0.679177075813601,0.5908645814280303,0.542351064637355,0.5466722484582043,0.6673947224176751,0.1763842841355403,0.11404072138444338,0.0,0.3610201304148506,0.38509171056788494,0.5180192882890268,0.49658603620817504,0.2757466078231336,0.0,0.0,0.5202828123788111,0.6386098610596509,-0.03349019158065464,0.0,0.0,0.7625956169226015,0.24271181824418636,0.2625910158739762,0.18690036541279895,0.1871022733039412,0.0,0.11989422605804642,0.19288088683327964,0.0,0.5917737512461273,0.6864377927607677,0.2708358314138342,-0.07493947626758887,0.0,0.7949608521503073,0.45965922419990224,0.7895193548026368,0.720073129347003,0.11952103403563284,0.33365399798505696,0.6227327927546391,0.6320961476286625,0.166498255715407,0.6149913916946351,0.0,0.5385468460734205
0.0947909137260694,0.1301418113749375,0.0,-0.010395833714223892,0.4532100328590272,0.5722373735698484,0.4523462659601528,0.47493370100773313,0.3944787389736141,0.7183708060319269,0.22176941771579609,0.6752581433532481,0.5457191087044746,0.3265590698231021,0.10181361490026976,0.1643417022964181,0.23092814447192347,0.12927549333261476,0.3390201191793291,0.12572583695419237,0.12161531090709517,0.12579071105518824,0.47874330675397964,0.12985243893061554,0.11337907390670034,0.030457621190528854,0.38058513041098946,0.6736861950053957,-0.009040569692425896,0.08858920649251434,0.6021542412669391,0.5232681536023505,0.6328626791622931,0.6016339170873054,0.5417232581230542,0.40367538456714935,0.7373622236522941,0.05458327959057814,-0.051781003625746114,0.21435895654447323,0.1291544630126752,0.2145804871328777,0.2317068355067833,0.21700518290850523,0.0,0.0,0.04901354653560082,0.28471768897570665,0.1859163190123676,0.1011923331849772,0.31551290589311937,0.5812418702514451,0.3423137628786582,0.5328826473821141,0.18458933638916908,0.433470865559448,0.16716501018037236,0.028585443175227696,0.32027185555859206,0.10196780780538449,0.0,0.0,0.0,0.14682624214575885,0.23546086988444423,0.21146788780702863,0.014837586470726676,0.35824575270343495,0.0,0.2734495318708856,0.13418046247831206,0.49108273113974094,0.08033066791568438,0.14431808914549019,0.32994755658504565,-0.022884691916371918
0.0,0.12464405822393684,-0.010395833714223892,0.0,0.5519429891725449,0.7646857181734362,0.6700426763472541,0.6464552645172275,0.611769758248731,0.016032807352843518,0.6501728268728505,0.7113167576008818,0.3253156048814438,0.29301983484334015,0.22792402946057258,-0.006316802470215627,0.21857908067447698,0.1986275668690493,0.57627190091193,0.17116786899643605,0.14414736429813682,0.09083010025873381,0.4519787761654114,0.06298659585353901,0.3848986298624749,0.2848826849701081,0.6717670562155763,0.48365526856573426,0.05347476355788969,0.2747123900836826,0.1306994782004532,0.17951805367078846,0.44451138359163267,0.09679732426115348,-0.09958848453311495,0.10171547902861691,0.17990739260401664,0.07496296876298776,0.042620384177489194,0.15443341633557742,0.1511233996970642,0.09260001700935858,0.06714960503703447,0.09547913668371148,0.0,0.0,0.0,0.17784387562638201,0.0,0.0,0.24349091520359764,0.0,0.23739652123890784,-0.04406818516112865,0.0,0.048757965396454654,0.20929854292871347,0.19728128102990755,0.0,0.0,0.0,0.0,0.0,0.0,0.0,0.0,0.2153559059498985,0.1860457733033833,0.0,0.0,0.0,0.15161996229708785,0.2377271435904348,0.21691453585504167,0.0,0.0
0.19093400261112978,0.5429024501486964,0.4532100328590272,0.5519429891725449,0.0,0.5289462730464269,0.44689683177522743,0.28037701724109076,0.513355196603075,0.6822398589665726,0.4255717353043389,0.3853221124978705,0.6162399943970704,0.3514905246557825,0.2005994207215195,0.6314552751489686,0.7273097546971643,0.08367835919101768,0.43057080310364726,0.6109350822206628,0.16681739932787418,0.5436083329103805,0.3909614494458875,0.07360138549693357,0.44432446732693853,0.044127203173134344,0.4931786202392048,0.6886578640198794,0.6676285372184819,0.7455535773863615,0.7019168422624991,0.5887916054044758,0.05272833609429034,0.6995032911632171,0.5281917633127152,0.33819001185394026,0.32239739103428455,0.4983712815259619,0.173284631926649,0.36580693158299044,0.23459467196319336,0.1914110211389878,0.059920274719506096,0.2954478005868991,0.12037699899520853,0.0,0.17983295121511572,0.14062702709974842,0.0,0.10656768490113903,0.49142335911864715,0.14534715443095098,0.2577490126336362,0.49501884114963224,0.0,0.19149845634160778,0.17715397915953646,0.18108108249657115,0.24709619298707994,0.1095358144100623,0.1948987905077659,0.0,0.0,0.2559600176733134,0.10072636046695284,0.21424792225176448,0.10210041851228244,0.45981144496964454,0.0,0.2165700190439049,0.20191889475325092,0.38616077822358497,0.11706020648393567,0.08556707891436074,0.0,0.177426230419953
0.16492224295389726,0.49767136567585685,0.5722373735698484,0.7646857181734362,0.5289462730464269,0.0,0.6506651006301694,0.5165732770849921,0.45607718389666446,0.6109859956594912,0.41026378358579246,0.6908307313346397,0.6860035480074486,0.38786006370315707,0.6581630103182925,0.6252797482619583,0.08319756832730657,0.6280694189767314,0.36173419660643275,0.5146943584382236,0.37088950932860043,0.5384914575575688,0.4309295908143942,0.1158211659360119,0.5366569471148338,0.31846387032687445,0.45885445394170243,0.5566009201694659,0.4027877722178025,0.6905170814078401,0.7979450388627898,0.6231495642464654,0.5477868559203672,0.7910399886622851,0.753913332461156,0.4369938436904524,0.6562531372328138,0.5310228761591886,0.3677811766861809,0.06719673995168482,0.440765511439099,0.08418441224845395,0.31226914468931,0.17973973427885842,0.04945725117476457,0.24443167656723058,0.05502485724700099,0.33219125992352966,0.2363260684923483,-0.0007740162280974114,0.30452029170586603,0.4520709468948867,0.7097796750059595,0.517672772074335,0.32030899103308746,0.3394750573412093,0.1214371959333865,0.35104656355434705,0.915966777092802,0.5910821460547621,0.12187607472876955,0.0,0.19223655520006375,0.4019568738752827,0.27281154899017673,0.040710775518124714,0.5583876078795923,0.4202299230344245,0.26887392601105464,0.06595466940706914,0.0036807633279640727,0.4143526394315241,0.3628538542057767,0.5841525837740652,0.028091694771615935,0.44504532721398604
0.10812792261502015,0.4840483962465,0.4523462659601528,0.6700426763472541,0.44689683177522743,0.6506651006301694,0.0,0.4161409181498027,0.5102096020159473,0.6633028863373085,0.3966022857810435,0.49128788178426647,0.46907259899517467,0.4249150973055784,0.12032392914128248,0.5514983680245361,0.6988229344763399,0.526974268947569,0.37805366784834216,0.5625387501623932,0.721374298820114,0.6007854730761796,0.5021147826687433,0.5892342998845111,0.6590841137574854,0.6379239266128248,0.4850410321187112,0.331999574671077,0.5229601624710383,0.7274301851719608,0.7939218612703397,0.7075692188448686,0.3665558119705525,0.7693398046482858,0.5465078932657552,0.7329371141482246,0.5763439086210362,0.615028931419652,0.19257572005596432,0.2726189979245251,0.29023723549181374,0.2712066891618402,0.02751454920576395,0.4077229424756017,0.11987640722497458,0.0,0.14223227577891256,0.3852042070242572,0.0,0.1651829026440492,0.4226952294347218,0.11683684056601727,0.05114143164731857,0.4617012919787146,0.2217778846609239,0.11240932605335653,0.19110304864512515,0.08181583920886146,0.1259632539770621,0.08109964268698122,0.24834108913772218,0.0,0.24824047471770355,0.13080572051134554,0.1782539849992036,0.2392335005001557,0.15926449993515002,0.40094646438506754,0.21399135288210458,0.2096755818839972,0.0812987661179709,0.4443004324210879,0.09949406732485164,0.038720280108065316,0.2671228027841486,0.08814588741395893
0.7836454916717316,0.7581102380277901,0.47493370100773313,0.6464552645172275,0.28037701724109076,0.5165732770849921,0.4161409181498027,0.0,0.3757855918165638,0.41473575323018774,0.5074744046978339,0.8775443173540551,0.5128679642544896,0.6291172294228569,0.7828734201035938,0.7773714048703847,0.17203424615551385,0.7210455964297011,0.4509525338210374,-0.016950153032604047,0.5550699495544061,0.7767707045726172,0.3762296544068954,0.6925939944051651,0.8219781911034061,0.7778840381214213,0.47934599916577075,0.6690825370171519,0.5087531385940792,0.6895455716748303,0.6833462835224914,0.6588680747795145,0.7100305967379632,0.6327670882025014,0.6031111228371905,0.024701068297999694,0.8214317538729203,0.1499846005919274,0.6372957299852602,0.14817284017226215,0.3490571575741186,0.11837867381270102,0.3071109772234212,0.22097035735297227,0.0,0.21070085858598434,0.6403273648986427,0.2598401226667359,0.0,-0.2961134890108384,0.3896552406628803,-0.00013709074817093436,0.29491245909141345,0.36211715086091933,0.36161272898377195,0.4062006226975217,0.3873977727116354,0.24709991497275163,0.15260779578530353,0.5069625444822586,0.13210635201898713,0.0,0.25891052133428677,0.23261621495890974,0.6286718118335849,0.5376687779401845,0.0814806787401588,0.4189160176096149,0.0,0.13612509687073296,0.6969039067757852,0.5523156189606011,0.43145541759029654,0.6030800840427837,0.2021403212842049,0.43889237511726437
0.20747621446834807,0.49138575288220016,0.3944787389736141,0.611769758248731,0.513355196603075,0.45607718389666446,0.5102096020159473,0.3757855918165638,0.0,0.5761372458496287,0.21552220997158084,0.3952986482426924,0.5527408057610177,0.3575956180899193,0.32779171986646,0.6458062435488906,0.08606541335885642,0.553433429362632,0.3223871637836762,0.5773567414548346,0.10024731375332734,0.5945195608271455,0.5246628022427436,0.7255576445561936,0.5285915634809352,0.32742775039786,0.5579120300315522,0.5840974823444193,0.609673282587116,0.4493092475520799,0.5305998293979396,0.48419309096287655,0.3150569845111592,0.5478947666669932,0.4476368523952981,0.31037378974003976,0.5009932387507428,0.48412262480550877,0.3059608908305842,0.2310997897988936,0.13976388537048928,0.17822770632705165,-0.04749804314856755,0.1406485182625967,0.07639906627993262,0.0,0.17090275736343485,0.3978325755068918,0.21616934647727726,0.352026204799566,0.36923300525968417,0.691640714678596,0.2616028310006766,0.4145871268245598,0.08951183128120122,0.26969077666456975,0.11541145202898209,0.03294743652554176,0.13250784624404816,0.13958835666893302,0.27624923568922355,0.0,0.0,0.3082130947847056,0.2002290681464461,0.331301595416941,0.1787350070507771,0.3375180756338798,0.12289630162527276,0.23153006733667636,0.04119002144590141,0.4016223928420838,0.017487891565029567,0.06041867868942783,0.19189477824094267,0.08468710010304444
0.524869350604092,0.5563070339522956,0.7183708060319269,0.016032807352843518,0.6822398589665726,0.6109859956594912,0.6633028863373085,0.41473575323018774,0.5761372458496287,0.0,0.562572904341238,0.3128662714241902,0.6841280008219971,0.7173780115873101,0.16660189050942686,0.01775489466296864,0.2290845792203926,0.5746361589076602,0.6322850896489572,0.01851951977680036,0.5330865051105632,0.0009208290365279731,0.5632548974116324,0.3249707051132516,0.6997445570862758,0.6441025873736939,0.480148834541362,0.6759326066397745,-0.05789344085477449,0.09796378623408165,0.4098322913294861,0.337870728550864,0.4988944947810134,0.4137066913306598,0.3495355551079671,0.3024339967935595,0.14445050405510634,0.11246500059496473,0.324079338036223,0.10798165644778482,0.31480913914640885,0.7010532486650736,0.15174123817951835,0.1877455434337323,0.18012368306787552,0.012529274879681331,0.15038807955433509,0.08260048268633341,0.1881927043558877,0.1843771321867551,0.1703813168934419,0.22701299295619481,0.21751952361215446,0.08350004876388072,0.37160266165714784,0.1615691916061558,0.6283797918970859,0.53352663544863,0.0,0.38855501512725205,0.10218193891927568,0.5973775491442366,0.4515812382553451,0.2014557604062875,0.20307229318413264,0.22977363634362352,0.08725674771536523,0.1480921356371948,0.28896131876003617,0.6719731924794707,0.6993071066096113,0.25153909796416557,0.407783328128225,0.13752056371428167,0.0,0.40501400419877015
0.24320738048008206,0.13219411608162523,0.22176941771579609,0.6501728268728505,0.4255717353043389,0.41026378358579246,0.3966022857810435,0.5074744046978339,0.21552220997158084,0.562572904341238,0.0,0.22427355923142672,0.4652276104939336,0.30150053552841877,0.0,0.2309789860432743,0.6818913466775827,0.10630718721491195,0.1958719587912295,0.19320614165989147,0.20486030992222057,0.18079680176651636,0.42359243299075655,-0.005748140619300093,0.6592103758815073,0.050210908922591564,0.29177050436839963,0.4479539162775998,0.0900432287715622,0.23358344765470151,0.48077274754471727,0.6411287955419497,-0.01951184669315731,0.5160139135961715,0.45348898619725336,0.48692435152356867,0.5963140518823606,0.14676115380293228,0.34163814330775566,0.15384419954205902,0.1195873482082942,0.1587404795025097,0.1402777497509963,0.17606403174474927,0.08597578205014032,0.0,0.0,0.5175535065361557,0.2368918775212039,0.24550408510644872,0.2260506639525025,0.38114221772352674,0.3590604754512673,0.6050357266318362,0.15624336873652572,0.4358119513920102,0.14532979977817137,0.6748332818605984,0.3646741127343194,0.0,0.0,0.0,0.0,0.5411403550613991,0.1386277405459032,0.0,0.2615617820832545,0.28854405365598607,0.0,0.0,0.415215315736513,0.4571290628226433,0.5535409571730014,0.13247637999418796,0.0,0.09620707489530204
0.6806129087282793,0.7268062874177145,0.6752581433532481,0.7113167576008818,0.3853221124978705,0.6908307313346397,0.49128788178426647,0.8775443173540551,0.3952986482426924,0.3128662714241902,0.22427355923142672,0.0,0.5804476542624575,0.28861897598279346,0.14766652288674278,0.2318196893023355,0.6232144802306372,0.7989812205166319,0.4980383837762394,0.13986950203711457,0.7709049959326177,0.09801235937068045,0.46468097380035606,0.41496625137698073,0.7693425373035256,0.45982762264507204,0.37839838342065657,0.5389855831174049,0.23061233303481884,0.0920638383802932,0.36678424132412635,0.29853031137872366,0.4091901635569686,0.3526588681510133,0.40153391490419543,0.23930732130189836,0.43846167658714286,0.26494332016015976,0.5428489698599235,0.21888595200914307,0.4169228356171324,0.21091297211136412,0.2857329168122317,0.20385631528131867,0.3403584656711087,0.04630470374566002,0.23155903952023205,0.12653877344304257,0.07764549891100221,0.10212089014306827,0.11079337071152824,0.19934750534275367,0.08136381208566634,0.18984633789402808,0.48392162029648356,-0.06991740941281192,0.6878061879709972,0.6650266783706357,0.2976617257300722,0.2727166468082447,0.1699191850114723,0.6041869508485622,0.5812795642523052,0.41511886852617236,0.29048566097972145,0.34057503265335615,0.14769688260226527,0.19821396418854875,0.4626509439885721,0.6611642838622798,0.670737729892652,0.2576112516054382,0.5879749030663252,0.27663143708336796,0.0,0.589141239011829
0.4600103819243487,0.48504032570661654,0.5457191087044746,0.3253156048814438,0.6162399943970704,0.6860035480074486,0.46907259899517467,0.5128679642544896,0.5527408057610177,0.6841280008219971,0.4652276104939336,0.5804476542624575,0.0,0.4129463694091898,-0.00014389316570590817,0.5798839712722776,0.7031368630042829,0.5936252342396515,0.4855172816824676,0.6444594014521738,0.354773967564009,0.6079503832219497,0.6224894365604003,0.42758351817867885,0.6924447936814707,0.6023262633173592,0.5765481379713439,0.7340628410132236,0.6453977944842065,0.6266246227619414,0.7412779170465225,0.7086248511979419,0.34378996619660634,0.7796815121731587,0.4823276067153875,0.6113507726783107,0.4947858523122556,0.5561459795910982,0.2945789662438787,0.4987430769780876,0.10756699760121637,0.25192907305870704,0.11187171901422352,0.20814407059239262,0.15457777692668903,0.2800722901652014,0.15266036729846422,-0.0024801391156365413,0.0,0.22593243113486175,0.2504580932665802,0.08635497581704417,0.29350663980869557,0.07785885738788897,0.12425671539842247,0.08549628860716171,0.18419588425004674,0.13346988590267103,0.2036970061723748,0.08340985596086249,0.1513206606537579,0.16631973387045682,0.22889698376131015,0.15099557741396147,0.05496290695251569,0.12908134135177335,0.11801112745424522,0.5392872969355448,0.18702475396571228,0.049517092327817314,0.04045528018481838,0.5708495754934235,0.07552346622701253,0.7298313431886826,0.14479741482258218,0.06919279951335246
0.1697902610096537,0.27420113881975067,0.3265590698231021,0.29301983484334015,0.3514905246557825,0.38786006370315707,0.4249150973055784,0.6291172294228569,0.3575956180899193,0.7173780115873101,0.30150053552841877,0.28861897598279346,0.4129463694091898,0.0,0.16997937942004213,0.2413157200734282,0.19511164767386338,0.22662722440975985,0.4539654765818511,0.17910541779736072,0.7193127495712638,0.09280176377368675,0.21189598882641325,0.3357226179067249,0.21980767239783494,0.1268728466656846,0.4222348881805815,0.6303582758498885,0.11399831262962737,0.364843196391388,0.6140675525296988,0.027451825042308177,0.056089847784635063,0.4704404185826871,0.13899887642804024,0.23099629084882392,0.056211331929107544,0.20552716171814767,0.2226507113095612,0.0,0.3019424148291218,0.36771879718757045,0.04199692409850246,0.18588799321770016,0.0,0.0,0.0,0.20106612229229834,0.0,0.09206994715148162,0.1040384543032819,0.11138077571851542,0.22013393379820045,-0.04499648424835861,0.0,0.1287016133701938,0.16270248798589698,0.34242143758829885,0.19894982572497144,0.0,0.0,0.0,0.0,0.05640568048000116,0.0,0.0,0.0,0.3008208493468951,0.0,0.0,0.0,0.0017130723165206235,0.3156153769413901,0.0,0.0,0.0
0.4971161472940551,0.4948908212258727,0.10181361490026976,0.22792402946057258,0.2005994207215195,0.6581630103182925,0.12032392914128248,0.7828734201035938,0.32779171986646,0.16660189050942686,0.0,0.14766652288674278,-0.00014389316570590817,0.16997937942004213,0.0,0.49693980557087625,0.664692590911927,0.4838721495411771,0.0,0.4592013678159104,0.6246731178730601,0.5073904006323132,0.6339050142119712,0.008353993674740937,0.18271770223239533,0.41391594756610867,0.5868635841505109,0.6375553446981219,0.6551614995925666,0.5369220687082158,0.5123878243152046,0.40113241601438804,0.4731402085406961,0.4347614586873637,0.3649623408171552,0.39319274555559885,0.15175983655466796,0.16158217791744345,0.5040041942488301,0.5921111334210867,0.6113967989221881,0.35699319593230977,0.3369809452675612,0.2957664857949814,0.0,0.12750644720761148,0.35914159921325006,0.15426366862402077,0.0,0.0,0.6764119233633604,0.2986811340555604,0.016894941084846085,0.19624322805330902,0.0,0.0,0.27486604124736264,0.7354280399350305,0.2099851744527264,0.48518373050782587,0.5087565848572942,0.28306032958350386,0.19250434226028973,0.0,0.5578729086714731,0.6363303502920872,0.5804274783641903,0.7029252398162742,0.1903333171812374,0.035177147416262565,0.489780018928068,0.6606761960035226,0.530321317775273,0.5745854521608575,0.6101138155128542,0.4559150354787679
0.6628383740539314,0.5758206263159741,0.1643417022964181,-0.006316802470215627,0.6314552751489686,0.6252797482619583,0.5514983680245361,0.7773714048703847,0.6458062435488906,0.01775489466296864,0.2309789860432743,0.2318196893023355,0.5798839712722776,0.2413157200734282,0.49693980557087625,0.0,0.47602098295789874,0.5309626091684819,0.23231201229908124,0.5074615913448025,0.5866864468335251,0.4997139998767568,0.7087171845697557,0.5488069254790359,0.6124093852343023,0.6538570820913674,0.5104094263151161,0.5522904969069911,0.5911478217158468,0.557356983873275,0.5576092738678468,0.6254925827513215,0.5427939003658178,0.5757478998594691,0.6479204203198837,0.31715677597937636,0.18052671191285913,0.2935103077527911,0.30336502685729355,0.32096507318338235,0.540484857863175,0.23729686412332596,0.20331690211550382,0.0,0.0,0.5090577854314754,0.6459582214863183,0.0,0.0,0.0,0.09948306656695852,0.25647719070953323,0.3394054604853378,0.0,0.23108345463987323,0.0,0.13802341926325992,0.22960682118380954,0.0,0.7154353328210273,0.6305294017524304,0.2602626699903667,0.18370480452524848,0.0,0.6248047841863001,0.11457151682476184,0.8063488702778331,0.04180335830331194,0.07753011407779241,0.4566425900450002,0.6675193760512559,0.5316444731209409,0.17166667806186348,0.02439116787897621,0.0,0.3955630215512837
0.44704794923565117,0.38520135420542867,0.23092814447192347,0.21857908067447698,0.7273097546971643,0.08319756832730657,0.6988229344763399,0.17203424615551385,0.08606541335885642,0.2290845792203926,0.6818913466775827,0.6232144802306372,0.7031368630042829,0.19511164767386338,0.664692590911927,0.47602098295789874,0.0,0.6283602974209324,0.18449377780182458,0.31920742646492367,0.2124152882705736,0.4489673179920025,0.12275599579081978,0.6434601020433413,0.5355516413997949,0.614104229846106,0.08961985303753406,0.6858809277139206,-0.004808461578829571,0.14003005137061522,0.6082243600929912,0.8092783359926272,0.462322800457829,0.4884839115398553,0.5478587961540563,0.6395509737741549,0.09355401280827108,0.2590907614247198,0.5205460035457945,-0.13551109896256242,-0.15996684753588847,0.2074054453049664,0.0,0.0,0.1865921572737752,0.18128610293198766,0.19283732655471988,0.0,0.0,0.0,0.0,0.0,0.0,0.0,0.1287656112799902,0.0,0.2718734328803184,0.10863974451443122,0.0,0.30593030143750644,0.07205844863037823,0.19010800533680364,0.015016240663257893,0.0,0.0,0.0,0.2599013407570368,0.0,0.4234776152612194,0.2223680952428223,0.3580013676715355,0.0,0.13113751026808007,0.2134203516885666,0.0,0.04878393548271335
0.5593453493126046,0.6003939335308592,0.12927549333261476,0.1986275668690493,0.08367835919101768,0.6280694189767314,0.526974268947569,0.7210455964297011,0.553433429362632,0.5746361589076602,0.10630718721491195,0.7989812205166319,0.5936252342396515,0.22662722440975985,0.4838721495411771,0.5309626091684819,0.6283602974209324,0.0,0.13126241429673086,0.4399401776153654,0.576190712934291,0.5129943781236845,0.7439189758614063,0.4595105084061485,0.6254681638301595,0.5675496082131114,0.5008647361081123,0.6211282366344786,0.6407932713610504,0.0855411280651533,0.6118377715016484,0.7733141455216358,0.4889340213653913,0.701224935314553,0.7385719091418983,0.7948808204721471,0.11457963795894938,0.1433020319925138,0.45339460849341384,0.10676670587487858,0.24133680814911673,0.34503601262573097,0.0,0.0,0.2357413402941565,0.6226267441531654,0.6257284274658875,0.0,0.0,0.0,0.12561455138494843,0.26333860883610966,0.3866667887041319,0.0,0.2875604976645397,0.0,0.46687076684212403,0.2138079717855537,0.0,0.15602643499214586,0.5926321007019895,0.4721944260259937,0.28526089216274375,0.0,0.049519459116512426,0.12717677874419012,0.7050477112360829,0.24639587426315024,0.5314426133459036,0.47566452530346126,0.6237731108841796,0.1238514294382486,0.27506577202507915,0.013968795225094583,0.0,0.4781894321862034
0.0,0.23290158479190481,0.3390201191793291,0.57627190091193,0.43057080310364726,0.36173419660643275,0.37805366784834216,0.4509525338210374,0.3223871637836762,0.6322850896489572,0.1958719587912295,0.4980383837762394,0.4855172816824676,0.4539654765818511,0.0,0.23231201229908124,0.18449377780182458,0.13126241429673086,0.0,0.2423933881112963,0.1967170514997144,0.27360191789376037,0.43284398396333207,0.10365119174904222,0.15168297543027026,0.12447151712443599,0.41271932049097304,0.560834444911446,0.18191165632672932,0.21214026418398588,0.5384113278232375,0.5436224134210514,0.13065924674492047,0.49359147027194145,0.4750574648329769,0.5157587662838083,0.5932859373094523,0.30694539524431197,0.5729340453175039,0.16065092114053772,0.1553662505258799,0.10268596489518496,0.12038911534964664,0.11479691010001722,0.17187662185457891,0.0,0.0,0.3649977683022075,0.0,0.09022705200250086,0.24668061479829037,0.6646967279203707,0.21957107508254706,0.48044265317718676,0.4048327182089248,0.3484528059775355,0.21317455105704444,0.08191650604713957,0.12818725506692805,0.0,0.0,0.0,0.0,0.3804620256357334,0.23920854785546702,0.0,0.2445226971654082,0.3317455166281824,0.0,0.0,0.0,0.4549283261781831,0.12457592367709727,0.13057866992334707,0.2478521731813897,0.15460420179118933
0.31324966888941075,0.6180679551842448,0.12572583695419237,0.17116786899643605,0.6109350822206628,0.5146943584382236,0.5625387501623932,-0.016950153032604047,0.5773567414548346,0.01851951977680036,0.19320614165989147,0.13986950203711457,0.6444594014521738,0.17910541779736072,0.4592013678159104,0.5074615913448025,0.31920742646492367,0.4399401776153654,0.2423933881112963,0.0,0.5986050386501223,0.5175666091999079,0.37764402787763257,0.16698807755674921,0.5955065010357945,0.43205333801167334,0.5701405957881144,0.48275241045892187,0.552263052856622,0.5110825727715204,0.5542847006695515,0.35439828342884655,0.3192244910380852,0.4388387952808436,0.35511955124909556,0.6593747837679164,0.1402768741023681,0.375842152128525,0.4475816405202608,0.44986348743430654,0.44500220833466897,0.25479522261100884,0.26083998642638356,0.06574670595190678,0.06645205654425879,0.23844723864370349,0.3737873347354935,0.1740367002001969,0.0,0.0,0.4603515274175863,0.1909775011772221,-0.08301666636417393,0.15490743968357698,0.41229444719388014,0.0,0.2769071498061083,0.6127355937303908,0.0,0.4866863658655368,0.09761044976079349,0.1994854657144478,0.12508864236506348,0.0,0.42491871539906445,0.5580791915889313,0.43644566978511884,0.6723902184443394,0.0,0.05022167466212751,0.344563480373011,0.5813831408823783,0.41569924888022747,0.4516543748862245,0.06590670981096342,0.3360368354371802
0.4722247832591465,0.6155002985240225,0.12161531090709517,0.14414736429813682,0.16681739932787418,0.37088950932860043,0.721374298820114,0.5550699495544061,0.10024731375332734,0.5330865051105632,0.20486030992222057,0.7709049959326177,0.354773967564009,0.7193127495712638,0.6246731178730601,0.5866864468335251,0.2124152882705736,0.576190712934291,0.1967170514997144,0.5986050386501223,0.0,0.3768565022519774,0.6606807217825178,0.6857902228840312,0.5295161737765075,0.7018274149535526,0.6661909670417118,0.6186076789093353,0.5001191866150951,0.0002256900750423011,0.44818653807323566,0.22934077407023556,0.31836643442648466,0.21568004940692573,0.2511009200039573,0.5350046219946203,0.10689817283417223,0.7670922580498714,0.3632685517445755,0.46465484098247145,0.4545891451395917,0.40434224615775444,0.21917033932704552,0.0,0.0,-0.05709453404792512,0.3612995823629127,0.27285614357909244,0.0,0.0,0.693282532919127,0.16061838406071344,0.3668832800562195,0.28011881106805103,0.2340467531525571,0.0,0.8920743171093387,0.5837430739201632,0.0,0.5978525603758653,0.5102666323371244,0.0,0.13158610497841067,0.0,0.5268367747942602,0.5687746322427687,0.5677562103682687,0.7829340618012949,0.39460009689859327,0.5259817879436515,0.5737667884384738,0.7205162167006904,0.5364231287503946,0.6137060599569085,0.766714739587265,0.23514002892822977
0.41731545119502567,0.5650465491637743,0.12579071105518824,0.09083010025873381,0.5436083329103805,0.5384914575575688,0.6007854730761796,0.7767707045726172,0.5945195608271455,0.0009208290365279731,0.18079680176651636,0.09801235937068045,0.6079503832219497,0.09280176377368675,0.5073904006323132,0.4997139998767568,0.4489673179920025,0.5129943781236845,0.27360191789376037,0.5175666091999079,0.3768565022519774,0.0,0.7456066755517096,0.05708288173734469,0.6023237537267755,0.5387884007939965,0.516382989601702,0.5566133094623132,0.6193809336915089,0.5172970248785725,0.610471995491003,0.3973927858564906,0.4355317463273517,0.4648331398339988,0.3722226562594725,0.25123527563858505,0.4965004299902594,0.27736331764864836,0.515502417006329,0.5025074221571734,0.576040552669096,0.48064484918210043,0.3023452804547567,0.177144687707488,0.10500324556353223,-0.01566969776843522,0.5521408742104409,0.19725884656548476,0.20931635809483456,0.11717759518617198,0.34074469755150044,0.25159580450857194,0.10279143516536532,0.19122972634143143,0.2132768073509394,0.0,0.2445037694545517,0.13744862871136368,0.0,0.5554312013839885,0.4953678725360861,0.13956279983909647,-0.305666360408134,0.0,0.4755288861658764,0.5188247780682348,0.5621744259989025,0.6969011518501613,0.363889669610971,0.09242471874422466,0.5298183120625405,0.6232994916496815,0.6032244286089362,0.37648173995738804,0.194898978675854,0.5310523017728787
0.7311008876620653,0.7321178981656576,0.47874330675397964,0.4519787761654114,0.3909614494458875,0.4309295908143942,0.5021147826687433,0.3762296544068954,0.5246628022427436,0.5632548974116324,0.42359243299075655,0.46468097380035606,0.6224894365604003,0.21189598882641325,0.6339050142119712,0.7087171845697557,0.12275599579081978,0.7439189758614063,0.43284398396333207,0.37764402787763257,0.6606807217825178,0.7456066755517096,0.0,0.7561963969815424,0.6063815785348389,0.6129113299825871,0.3490961998844338,0.7015462928465214,0.6707352027041531,0.6989158055313459,0.7390439282876123,0.6905776951356669,0.6672031123557045,0.7221959191094871,0.7382877053805582,0.044431730115224645,0.73137435923468,0.20947116197880053,0.48363191713747683,0.6514954229825874,0.5797469538749849,0.5632661908630865,0.45372024860515187,0.6771864068160036,0.21026828008065146,0.1441450498482064,0.6054175400824745,0.363831660573113,0.1259529185174377,0.5587037327796819,0.46160694535117763,0.46601200929600145,0.4394481926953832,0.46156702310470454,0.24734558280429852,0.3601373717104033,0.10200594176266027,0.41358510052833936,0.3352790903634485,0.716820621266301,0.09053111339698054,0.20307229318413123,0.13558228228196673,0.33221850720421375,0.620451596111795,0.8242427232601988,0.62241431231573,0.5317474720870795,0.11241368294630713,0.06122926516096878,0.6477430265662004,0.5571345851231672,0.5359815027650386,0.6274563473448843,0.5288949105282827,0.5365329483420802
0.6831676278562789,0.7047251371357043,0.12985243893061554,0.06298659585353901,0.07360138549693357,0.1158211659360119,0.5892342998845111,0.6925939944051651,0.7255576445561936,0.3249707051132516,-0.005748140619300093,0.41496625137698073,0.42758351817867885,0.3357226179067249,0.008353993674740937,0.5488069254790359,0.6434601020433413,0.4595105084061485,0.10365119174904222,0.16698807755674921,0.6857902228840312,0.05708288173734469,0.7561963969815424,0.0,0.4664416793497479,0.552336127588889,0.8324419338618477,0.47929130865770136,0.2307793829111083,0.37153533140890954,0.6701527075647578,0.30340360241004055,0.1842623058250661,0.33240172725761385,0.3003495330775023,0.11775931537122022,0.18802803386280548,0.32372515432617616,0.3309281977109234,0.4506724492074646,0.6022398961121562,0.6078151808250857,-0.06206455777555006,0.1806735196021729,0.3407534452099706,0.4290835459846514,0.7801443008692306,0.0,0.0,0.1849699692033529,0.2641317623974308,0.09730098379713141,0.0,0.02304162840646041,0.3717632737492449,0.25946034201470514,0.608099735543839,0.531045186643373,0.0,0.044782743365750305,0.600663078944362,0.5995138401779769,0.5384250747305453,0.23016234571600974,0.11189922356856898,0.1936202051006275,-0.010744947454502411,0.3691279232498875,0.36090067971924383,0.6736343484714753,0.6368331899998408,0.20813408103546321,0.5139861327927301,0.2858830742689331,0.0,0.4847842212572823
0.5433766130645276,0.5046631505745113,0.11337907390670034,0.3848986298624749,0.44432446732693853,0.5366569471148338,0.6590841137574854,0.8219781911034061,0.5285915634809352,0.6997445570862758,0.6592103758815073,0.7693425373035256,0.6924447936814707,0.21980767239783494,0.18271770223239533,0.6124093852343023,0.5355516413997949,0.6254681638301595,0.15168297543027026,0.5955065010357945,0.5295161737765075,0.6023237537267755,0.6063815785348389,0.4664416793497479,0.0,0.4253262769340932,0.4868677817592069,0.785368124020683,0.5284629080150863,0.12145151823469666,0.6659623353436517,0.5974552371311721,0.429463053901306,0.46652944751792497,0.4276306970133925,0.6044202804550408,0.26286254381802754,0.41760377982258234,0.4521124668187685,0.22524930828727927,0.3493726394084341,0.3509168033340529,0.02530066092881038,0.0,0.172245385648208,0.6931384241153675,0.7428426011728293,0.0,0.0,0.0,0.09350865519941916,0.22029060721304283,0.2692817481464913,0.18407082155039053,0.3152972193593833,0.17832002453552687,0.6314075227095307,0.3322654450199052,0.0,0.05717976784825905,0.7355364107738228,0.5019602105580686,0.34576098294734864,0.0,0.6431216310253146,0.6156255051622521,0.6726531266130138,0.04166196585748874,0.5639554615650781,0.5836310542527198,0.7060567488218251,0.03983584677304311,0.7536128103608032,0.8284088527384164,0.0,0.6202650432347744
0.6712843033771908,0.5149206885457335,0.030457621190528854,0.2848826849701081,0.044127203173134344,0.31846387032687445,0.6379239266128248,0.7778840381214213,0.32742775039786,0.6441025873736939,0.050210908922591564,0.45982762264507204,0.6023262633173592,0.1268728466656846,0.41391594756610867,0.6538570820913674,0.614104229846106,0.5675496082131114,0.12447151712443599,0.43205333801167334,0.7018274149535526,0.5387884007939965,0.6129113299825871,0.552336127588889,0.4253262769340932,0.0,0.5057574059277286,0.7451830490395517,0.6093465787106148,0.07952468795877102,0.5868647975998333,0.5135968188623616,0.4692367866817814,0.5245214591149001,0.4561726472928313,0.1952907781584856,0.18541068829441262,0.5723190913388835,0.4294670791366755,0.3051650097292799,0.4018821942322859,0.35773103256629735,0.038219655435396876,0.2258466477040438,0.06717666354062105,0.6419974208684305,0.5779629098606622,0.24286655356187173,0.0,-0.03186124454476335,0.6652825123357886,0.16803503184282284,0.20760190077003132,0.11506390930913041,0.5047807160078165,0.0,0.6690443035734945,0.8226094270104942,0.0,0.5045745269413863,0.6839099482168931,0.515193661219401,0.44085775762292234,0.0,0.5723525879925169,0.3826502694903651,0.5757302635392502,0.6068489992484352,0.4987200440080852,0.6272470441244791,0.6392700913156495,0.5150773046383499,0.6563406637653615,0.6130469679316712,0.18266409061817307,0.6187928309731574
0.5660548409839926,0.559138871027175,0.38058513041098946,0.6717670562155763,0.4931786202392048,0.45885445394170243,0.4850410321187112,0.47934599916577075,0.5579120300315522,0.480148834541362,0.29177050436839963,0.37839838342065657,0.5765481379713439,0.4222348881805815,0.5868635841505109,0.5104094263151161,0.08961985303753406,0.5008647361081123,0.41271932049097304,0.5701405957881144,0.6661909670417118,0.516382989601702,0.3490961998844338,0.8324419338618477,0.4868677817592069,0.5057574059277286,0.0,0.6514783303670753,0.5707046656686638,0.6527335655907429,0.6224159004895204,0.5761472500096537,0.6077219126448028,0.6581534310116935,0.6553737186664296,0.437550445540523,0.6790709778531382,0.5234335321507803,0.44865321287567866,0.648635818487051,0.5131316086627917,0.533312007937249,0.4564962459218028,0.15565307005525553,0.14554644791027113,0.20128059617517205,0.23194809802773542,0.3580427844881218,0.17493883266806812,0.41583195457712174,0.4221984668731109,0.5068735281796123,0.3955435784167847,0.46419064220321793,0.3209061078671801,0.34879079749883285,0.04882609120035341,0.432571659120255,0.37060275059366293,0.583197151558734,0.07948698659427735,0.0,0.13514029572053193,0.325916827279651,0.5430083695607915,0.7603982246579482,0.47761647777259025,0.4761896744673533,0.0,0.09832940235290522,0.4774431317170968,0.5458218462599449,0.49706608569469196,0.5777670947944915,0.4786299938081081,0.4944900820938761
0.06606808684159414,0.5209994150187153,0.6736861950053957,0.48365526856573426,0.6886578640198794,0.5566009201694659,0.331999574671077,0.6690825370171519,0.5840974823444193,0.6759326066397745,0.4479539162775998,0.5389855831174049,0.7340628410132236,0.6303582758498885,0.6375553446981219,0.5522904969069911,0.6858809277139206,0.6211282366344786,0.560834444911446,0.48275241045892187,0.6186076789093353,0.5566133094623132,0.7015462928465214,0.47929130865770136,0.785368124020683,0.7451830490395517,0.6514783303670753,0.0,0.48992847668282286,0.7062919887993623,0.8038701976112342,0.7663444807171235,0.5263747469486233,0.7829461190688881,0.1268615813327352,0.6114247864444415,0.5874447957694929,0.5888624322044711,0.4857937839230575,0.234148285567507,0.1403736942155393,0.22483293817697728,0.07114143733826934,0.22059276593073862,0.3328655018057285,0.30475812372660144,0.16081093288849493,0.5911256673358753,0.0,0.2390989161935146,0.5917895414498642,0.12340328848212141,0.6023701829069021,0.09734140566890058,0.4726492943560356,0.12181668808885085,0.633265302599096,0.08948778734399591,0.11097373204923831,0.6254638731308885,0.15870254527212024,0.04199974356296096,0.19075357489390174,0.20503707687185657,0.5316160500655454,0.7493490811532245,0.12088353620692555,0.6760751725656482,0.22509557262305435,0.08293025753271298,0.015546540560970708,0.6618959148199455,0.49658304916551943,0.5351903042175343,0.11739578650849292,0.6377715311996167
0.042778501523032385,0.5917793184166646,-0.009040569692425896,0.05347476355788969,0.6676285372184819,0.4027877722178025,0.5229601624710383,0.5087531385940792,0.609673282587116,-0.05789344085477449,0.0900432287715622,0.23061233303481884,0.6453977944842065,0.11399831262962737,0.6551614995925666,0.5911478217158468,-0.004808461578829571,0.6407932713610504,0.18191165632672932,0.552263052856622,0.5001191866150951,0.6193809336915089,0.6707352027041531,0.2307793829111083,0.5284629080150863,0.6093465787106148,0.5707046656686638,0.48992847668282286,0.0,0.30511803781120456,0.6196611901085276,0.4328542543323792,0.3538936449208768,0.5957298742640321,0.48134710383368606,0.39273288839861886,0.12143041761903084,0.21686419111566665,0.29122629650201554,0.11972582083799087,0.3483010276935979,0.026108647746502588,0.17512653416524898,0.18822275260824195,0.26781813177210856,0.19868017167108165,0.3708412450964275,0.035582077655416704,0.1924245921957352,0.16821858928313185,0.543013451048918,0.07468039027632789,0.4556414956758481,0.08866693441544253,0.3159231441052662,0.12897615122729075,0.17550387829941827,-0.07023932580495083,0.28437187292734906,0.5717178073359683,0.05675973993669841,0.20625877067632617,0.06733162516442098,0.15227703195816567,0.410293641724966,0.5341738481713717,0.4795833792804957,0.5697822904101696,0.21656614488410728,0.0808729738522576,0.6162343886835009,0.5645282260492308,0.3586067879515982,0.14357117866487232,-0.02929779337316992,0.2592622897669407
