0.0,0.4109076886642967,0.12649188926244212,0.0,0.09545264054944332,0.12168004465525312,0.11067294451583894,0.2430126834479579,0.14602250604789352,0.3143720330577457,0.18169525411197207,0.38866545447153444,0.04895379463460173,0.19165381664457826,0.296210981962949,0.21998773009444095,0.11131521892548442,0.21772471019312034,0.0,0.11257835536186218,0.0077425597159501355,0.16834554565325444,0.2957506935223283,0.3496560883180291,0.20797707532897727,0.3971692964835982,0.2829300340614284,0.28822358362552275,0.18383950484579883,0.3200842018210731,0.0970323813066509,0.07765472303768345,0.25157586892083217,-0.19306028511291226,0.005414576126384508,0.2173435412902492,0.15933629205605593,0.5405439949706522,0.09236517467947836,0.4461023941036319,0.22106410544498642,0.7023792482992801,0.20411331965342536,0.0,0.15645816093129677,0.1870386933174846,0.47783815107660665,0.0,0.0,0.0,0.1320339817779896,0.0,0.22539701148383898,0.0,0.4699959276666876,0.0,0.19731217701248682,0.4995871514083456,0.0,0.07622514403029897,0.30126202960330273,0.056965800116216034,0.18978597017444565,0.0,-0.025408166739510615,0.07474495825544226,0.11211964663366561,0.12460437358603414,0.3889122689762065,0.21956800914745694,0.30206650505730154,0.10637719536490296,0.22096337077409092,0.34489143643318015,0.0,0.15443988549110466
0.4109076886642967,0.0,0.11443445173666483,0.12204691711761534,0.11867994429125213,0.17761631409532244,0.16750920341827236,0.42763278184138825,0.06251197198164923,0.4136104717272012,0.11518583997335655,0.1615444210931656,0.1919736474989936,0.2889836749062311,0.32564717355130485,0.36111635551937754,0.16217133659469873,0.3862994191666159,0.1766992611910295,0.21002981022342762,0.14908760989326847,0.4428024591835883,0.42632399643411084,0.09077115177796065,0.3427627205653452,0.42171857056612244,0.3503681354687724,0.23102652113678487,0.150262659258531,0.12761425066448792,0.320076594876551,0.1894055098848379,0.1979613569162644,0.1676767324214971,0.4346041786776848,0.2275336038821552,0.05110580813160601,0.0,0.09721271606624768,0.27392158942263556,0.14070754219774284,0.6780387043556141,0.5031465350350499,0.0,0.0,0.4085339119803584,0.3463960097597259,-0.034655907263576535,0.0,0.0,0.08980704698834584,0.22655164799306526,0.306389182518486,0.1850559459475794,0.41246947077462504,0.0,0.12819621837057021,0.16863467325855688,0.0,0.0962818876158644,0.3337394165088674,0.24996695512161093,0.3879738215142245,0.0,0.2665243201688451,0.09463454275169952,0.19672196460628993,0.20471003937236798,0.1676361091807578,0.46602293644357734,0.24502691306638963,0.23487008252653008,0.13872863338095653,0.2505350641921237,0.0,0.03658436875309339
0.12649188926244212,0.11443445173666483,0.0,0.14245471121907471,0.28030937545261,0.1178303792837395,0.2427322406291285,0.46816205450057347,0.06615143773398362,0.27198362779842167,0.33810709612950546,0.14845537725698937,0.24817028938887242,0.3759774429082909,0.12259052181229112,0.10539627527146224,0.24626276363091135,0.16336225202002327,0.15931041898743784,0.12658586485196577,0.1609509931059146,0.12131349155990673,0.23202915540590052,0.1397807070696182,0.12147708840779534,0.06581674535898427,0.18762417505390588,0.28296329763185213,0.09675643898340146,0.4970861082286907,0.26079976871181365,0.45244437275347055,0.1269254581991036,0.21331971752203577,0.152934146973977,0.25486241554494465,0.08281808527765396,0.14480712647892946,0.6479380776546904,0.2101839537868249,0.1663365380804492,0.18349742471402597,0.5005541737127718,0.2252901289073357,0.0,0.0,0.04416248581507253,0.4417647581760893,0.18520330944097968,0.4782313450144408,0.4484658989945274,0.10781131314379191,0.4826845065777969,0.5723016718064575,0.12069824232865815,0.5685318264754355,0.17817719936797885,0.12828260435349698,0.4989551593002548,0.14848090319569443,0.0,0.0,0.0,0.5838246989210679,0.28144585050007825,0.21114964959658358,0.043536122109203455,0.6146203718129011,0.0,0.26726542198800673,0.20056684088553636,0.631545017844606,0.14061523584140542,0.18074338080626512,0.29826845344195674,0.10561249888368773
0.0,0.12204691711761534,0.14245471121907471,0.0,0.10266074419082277,0.23329844492328145,-0.043189346740228465,0.09399639149407302,0.24415232997070715,0.06616309670458252,-0.04931526887730547,0.3597759529106248,0.11355545696119587,-0.1276815349716115,0.26167717813069025,-0.04931602814869492,0.21760500652078044,0.2048491418290113,0.32638266105088626,0.2208966077185374,0.11416995857412049,0.15107557099758026,0.04629637366565245,0.6472421638057674,0.3618119446379013,0.2652403465622854,0.2629929682459127,0.17572184279852412,0.23995616012868243,0.2140691505349172,0.27242119143320975,0.09793695281523959,0.08804776810828958,-0.092928800919174,-0.1111533886604918,-0.12319114569073047,-0.2700093961624294,0.043021667557975256,0.10202326356933678,0.1485642002730424,0.14875786687265427,0.1169199531046687,0.0720655806476971,0.09597997274186108,0.0,0.0,0.0,0.26598290738709424,0.0,0.0,0.23018651288813602,0.0,0.23794496597791945,0.002582988673865596,0.0,0.05674998831085533,0.2515346151095626,0.25131859208131196,0.0,0.0,0.0,0.0,0.0,0.0,0.0,0.0,0.2108211335585311,0.22995759326592455,0.0,0.0,0.0,0.14858364548815053,0.17100296169815524,0.24723637209697746,0.0,0.0
0.09545264054944332,0.11867994429125213,0.28030937545261,0.10266074419082277,0.0,0.26886437221469905,0.23683774097482518,0.5082170425368501,0.1884995251777387,0.12345835145941092,0.2679100362338711,0.17853090010023867,-0.010664953131383229,0.19734401613910946,0.25722908544563006,0.1265850363699318,0.12635412041532149,0.14353468241267409,0.23470714188118885,0.19222813300761082,0.18010260903944925,0.14853161882922866,0.2661886043487868,0.45077588430554355,0.1934027949336644,0.09105622405416447,0.24352056756053475,-0.09233358454380845,0.31599891442973443,0.08598784534338111,0.08734166184822703,0.2656755567443768,0.10030919253410613,0.08303559449172167,0.195593387668421,0.040136592163844104,-0.13092861575734882,0.10812333515166321,0.6536913690893233,0.34618237501863997,0.18673269904112727,0.14211119363746488,-0.017817131110564592,0.2272453944380995,0.12630644001366903,0.0,0.20683202318055344,0.6478033880224535,0.0,0.11026543909479769,0.0961926652466122,0.15496170682085178,0.4738785798165485,0.008584589305703327,0.0,0.6392221243201994,0.1672431548281414,0.15435819396428307,0.09972759024095425,0.08093439933178058,0.25058518886187153,0.0,0.0,0.01880371235406518,0.08435039186187032,0.16193866523824066,0.10160644061410748,0.6568366063887052,0.0,0.21125962408198315,0.146466992096403,0.7015061751080637,0.12643552922759144,0.1447106115144995,0.0,0.17685193179616954
0.12168004465525312,0.17761631409532244,0.1178303792837395,0.23329844492328145,0.26886437221469905,0.0,0.3917013794542416,0.3817269906604835,0.3584861170188512,0.3070611399650309,0.2909373725264764,0.34732230353895444,0.49978657192898823,0.41009922798069776,0.3469752644207837,0.02816233506680212,0.201383917118209,0.019655822005622412,0.4360572964785601,0.2635362608322398,0.2783928782163403,0.18225605104377807,0.40017326405358306,-0.030900511969844495,0.13950997516869112,0.27309328333546273,0.3126429151697128,0.4344735749496769,0.24327999783067444,0.46496792092198486,0.13611495869579235,0.24275855106141156,0.43283861076389213,0.15123332314406918,0.18754025485189685,0.3873485748597805,0.2189482718640675,0.08453440606272333,0.4205001832119609,0.10868348284113427,0.04942230732166793,0.13129852450380036,0.31313102306556384,0.18764622322127983,0.06169628212973712,0.19482360809316657,0.057430350073544634,0.42917146736411216,0.2871161083099185,0.36935216612791016,0.4024168546223914,0.46862549099031964,0.44860371869012133,0.5611076741392071,0.28160896559526294,0.5289656699735694,0.1774402606154363,0.5240446461981408,0.19936351201774774,0.3106520486754472,0.10895373247878841,0.0,0.20094125507005314,0.5562271182576384,0.24687199178654232,0.10488019799610027,0.2884669366812982,0.4622543682222671,0.2554584523797495,0.08008214515098754,0.033440953555716066,0.45942352480191445,0.37703104176120983,0.4006991230429193,0.09934918618238274,0.03594014466999838
0.11067294451583894,0.16750920341827236,0.2427322406291285,-0.043189346740228465,0.23683774097482518,0.3917013794542416,0.0,0.24438028041837176,0.28959276597992833,0.2584844172556817,0.07582293366966777,0.25762182612827006,0.16835799390750664,0.06900128981457326,0.1464544203114937,0.22227268186084878,0.6371322721258684,0.22469933093928537,0.2592716252221001,0.3492232393555179,0.02557498865655533,0.3103738525496037,0.23576073966114797,0.4816406298535666,0.19720934190990858,0.17401820088925335,0.2959779927154693,0.21217723191881244,0.3934408294671176,0.3691643788047586,-0.05565184702688864,0.15155164614513633,0.48450933375476996,0.11781911319948077,-0.0008069652145408874,0.29395413467773807,0.14225696321881706,0.3201770576483328,0.28930114294972953,0.1634532565150889,0.23382515129480919,0.2506378439676995,0.09575740280044645,0.4052473146576699,0.12691785354846452,0.0,0.12295318158600249,0.4331314020281981,0.0,0.16327209063723555,0.029470303836798738,0.15097221382965567,0.5144234121046789,0.05612621297289823,0.21840254118182806,0.1323045692191402,0.18227312550793667,0.10564341831888095,0.0979800546667419,0.09455918172212664,0.2544466337560097,0.0,0.23459161342695828,0.13024664920748663,0.16473596793680245,0.22727840984804515,0.12267340586365408,0.5051957148634132,0.21012472121833917,0.1852743267530489,0.10087299762341037,-0.012915217441573902,0.11683713841500033,0.04378350830202235,0.23305659278702553,0.11689890481385651
0.2430126834479579,0.42763278184138825,0.46816205450057347,0.09399639149407302,0.5082170425368501,0.3817269906604835,0.24438028041837176,0.0,0.3953717148964789,0.4348447385454852,-0.29574931148629174,0.4175507133214648,0.24552280016226596,0.29376602999316614,0.04274847813784611,0.3453245533596423,0.20440668021802413,0.29463383792871567,0.14478864441468414,0.34638242031699507,0.22740014172176468,0.30585933866674764,0.4202529971951979,0.33847209721839777,0.3074067297712043,0.36481291309321406,0.3949889822494691,0.34676177752181536,0.2653694774191882,0.23789960114714104,0.17528619865595968,0.2571020163722537,0.41016990251493735,0.1656291312214645,0.2326257025366797,0.25756166353316523,0.19914123648383456,0.1948157875489556,0.20175354227565867,0.17297173990331832,-0.2775142258083353,0.39684117290297716,-0.20102199802947102,0.25168568591452006,0.0,0.26618293119612074,0.10390432079745539,0.4336706892281934,0.0,0.23315284807093276,0.13437611177788128,0.2517634480690325,0.44265345987005045,0.5868035791981873,0.340725768735134,0.4298719397106595,0.3741773751746661,0.19504906034012315,0.13944231997683193,0.1461007690630921,0.17356810243084522,0.0,0.3465575595069739,0.6577605090670924,0.14152269305989948,-0.15455595302497646,0.11836045345424041,0.3518288417344249,0.0,0.15910417230778948,0.07860166805438476,0.45181136205841205,0.05614678362367124,0.04324820502665798,0.1977010172441016,0.03501933397718946
0.14602250604789352,0.06251197198164923,0.06615143773398362,0.24415232997070715,0.1884995251777387,0.3584861170188512,0.28959276597992833,0.3953717148964789,0.0,0.1919391999080103,0.31339673372272475,0.2966215582252696,0.149725811010598,0.22708362909683907,0.3551129793245007,0.070717577629835,0.12557417973600443,0.15413397479233662,0.12276154030776819,0.20410385799638225,0.10878741815699612,-0.021628879872239964,0.2876090362188323,0.37018009865954693,-0.04965582730311363,-0.1696645065960494,0.21482009854144576,0.2861140775193273,0.311003200817292,0.36000000785420094,0.26971755720284113,0.29185305060660094,0.641798133748292,0.2753937698644215,0.2779671156276426,0.3079899167852819,0.17886595966674976,0.015817148725662818,0.6923230310974053,0.2520064419190455,0.11103758145215598,0.056721712798367144,0.5212356684326354,0.14571277014042547,0.09087610951849782,0.0,0.1438284303287353,0.5196445125380363,0.21020213087308406,0.10325074598216041,0.5100923005469944,0.0932798757767426,0.4597487340848436,0.03886176028873589,0.12269665640922972,0.5126252741712041,0.14272000975118523,0.08362495332494657,0.6748237479596971,0.13374180049131149,0.26780032431546325,0.0,0.0,0.5945365917338331,0.2011362539838055,0.25507351697940805,0.16952536655133535,0.6111001804670921,0.12600111840845804,0.24362739519451393,0.042741689457499524,0.581611623817341,0.0515378575350222,0.08165868252197721,0.16962844723671505,0.12291359750599053
0.3143720330577457,0.4136104717272012,0.27198362779842167,0.06616309670458252,0.12345835145941092,0.3070611399650309,0.2584844172556817,0.4348447385454852,0.1919391999080103,0.0,0.03622347542377199,0.2805201755228933,0.25011784739667164,0.06834550412832777,0.215915598298482,0.3394494715227088,0.3263223515556827,0.24655389284527252,0.2755932284657149,0.04588785534456174,0.44042271837325725,0.12447126521270878,0.17883277680689386,0.11592487075669503,0.23377067141290717,0.23425346852896964,0.23512680532521246,0.2768508872369489,0.4552767740188671,0.7917791413255681,0.36204087210999203,-0.056639780570523005,0.2282276021712214,0.03479478352211961,-0.060719972731857294,-0.005261803600716333,-0.02800168438747324,0.192180230401004,-0.03947180048336233,0.4596457711584794,0.22584358807254035,0.02293908703547755,0.18689282438090518,0.19368336157993984,0.42450922396288,0.6308485947258723,0.14439138289303363,0.10008358649936873,0.184960469875898,0.1356721327954525,0.15868806713077047,-0.004170961858160002,0.21531058005662101,0.15648144173182246,0.31327971304774704,0.12955349918245024,0.31497423458180085,0.31109798974331837,0.0,0.35450799499671726,-0.11841014662828553,0.16733792481422763,0.025968801600758568,0.2050266081870929,0.2173386377300366,0.2211698869017445,0.12806947481531125,0.158038624500347,0.282723508571455,0.06454857523547722,0.20088269314570936,0.22871335514883123,0.3037582992578655,0.15708318788313103,0.0,0.2119627212478182
0.18169525411197207,0.11518583997335655,0.33810709612950546,-0.04931526887730547,0.2679100362338711,0.2909373725264764,0.07582293366966777,-0.29574931148629174,0.31339673372272475,0.03622347542377199,0.0,-0.006317151201498394,-0.001269069595136424,0.2694731316560053,0.0,0.19982643502136202,0.12077765265301181,0.12342403392353471,0.2041803288922782,0.24981994111903522,0.3559604774118225,0.15971098502461137,-0.017497332408709564,0.27498056885155076,0.16729850837883575,0.12124670427352041,0.27994752757689056,0.09339761888735776,0.11621094737808182,0.19960431318925848,0.06853731750811642,0.1770408051753028,0.3698562270178401,0.16696362174407903,0.1587080863302154,-0.04020019028828173,-9.47052452563088e-05,-0.009821460720762454,0.42404468109436,0.11216369369796987,0.11219938378006852,0.15668388167720654,0.363894310972017,0.18670416773821247,0.10626099688413307,0.0,0.0,0.4969254926098059,0.23775050317736762,0.6104909481325769,0.3377327296762227,0.4857706853427971,0.4426690149706602,0.6054446992623199,0.17541668868361723,0.02856504212840169,0.15626289271871688,0.030549881981618454,0.2390640589759594,0.0,0.0,0.0,0.0,0.23142694746664622,0.15204586565883144,0.0,0.3080757010015552,0.5356274850155329,0.0,0.0,0.4787451484551177,0.5779156722801468,0.05979173302903362,0.16539316498123188,0.0,0.1091491397536177
0.38866545447153444,0.1615444210931656,0.14845537725698937,0.3597759529106248,0.17853090010023867,0.34732230353895444,0.25762182612827006,0.4175507133214648,0.2966215582252696,0.2805201755228933,-0.006317151201498394,0.0,0.4881320029487272,0.2667712501925393,0.07567802359439943,0.24105199735164345,0.1885565689247622,0.2507050065762098,0.1436851133112697,0.06694032515485218,0.2714736744432221,0.05396564762529921,0.5117023631708706,0.20660447977438967,0.23801173945941204,0.2917111334148965,0.10752076879815066,0.5670910469008671,0.19084760765195027,0.08191995195403076,0.32577979055308653,-0.07957665476776951,0.29622730711711537,0.1371785481132598,0.24919022825924275,0.1036854128453503,0.34760771375207916,0.1604918919530297,0.22496701137518368,0.4769685619622207,0.435592891237257,0.13502292194048235,0.10270763654959009,0.17413456568249588,0.4788900687920749,0.1101061269337637,0.1673018992081061,0.1399232681306829,0.08127537396154111,0.06837262846290135,0.11752756602068565,0.18224412155718528,0.10584518501674206,0.19103629745353667,0.3670001325420024,0.08104621585751524,0.40648607697439754,0.5294499003045362,0.28916348186107815,0.26966801967118037,0.1707127733451635,0.18943695327218435,0.1281711389948913,0.14174431668043957,0.2779921351408147,0.30451719821987056,0.15809829485814295,0.1533218161942716,0.42367386068566415,0.1267411078544073,0.303697505814275,0.1067876061006982,0.4641918514001258,0.2711324588791624,0.0,0.15548784209944033
0.04895379463460173,0.1919736474989936,0.24817028938887242,0.11355545696119587,-0.010664953131383229,0.49978657192898823,0.16835799390750664,0.24552280016226596,0.149725811010598,0.25011784739667164,-0.001269069595136424,0.4881320029487272,0.0,-0.05480672285035265,0.11112411539685366,0.29074938862241473,0.34465429021226324,0.33648872077652475,0.17491589529218632,0.40079208829986873,0.25018619885227233,0.3672789132323648,0.2600224525877345,0.2375444503074319,0.20958412735149115,0.2053542099355059,0.3381146209450546,0.2846655330944501,0.463220944234676,0.4890548409861238,0.165101612025325,0.07698966619310488,0.30169926694714283,0.3009401960021669,0.2192854940166636,0.01682865408132011,-0.04163445748439892,0.5830829222936956,0.21914319620796807,0.1741960241438463,0.21450307463560858,0.18135180999285308,0.11844451022178676,0.22181592853710377,0.17920814386140155,0.2887166199075128,0.11961515616297952,0.06260347944158152,0.0,0.20620065386396402,0.5063353009750197,0.12354625647191536,0.024063068797086216,0.13934051138749645,0.45798561276906363,0.13061258357659566,0.19393528728344714,0.1397146826585636,0.1663520529411806,0.1084154664511238,0.1697325114247721,0.177998238399346,0.21746243816880978,0.18207957714461076,0.08046110722405267,0.13477136925602773,0.10146563272842911,0.5437868726485167,0.19375217008451862,0.06027472549337574,0.062385153792406736,0.4547803944214106,0.1430367806883986,0.0070665747234155,0.1642211052440886,0.06653533348479193
0.19165381664457826,0.2889836749062311,0.3759774429082909,-0.1276815349716115,0.19734401613910946,0.41009922798069776,0.06900128981457326,0.29376602999316614,0.22708362909683907,0.06834550412832777,0.2694731316560053,0.2667712501925393,-0.05480672285035265,0.0,0.20310733655634589,0.33196117336832004,0.20381772495260628,0.16662505227599317,0.2421332040715607,0.17939819575478777,0.17650837089125512,0.15948655023641903,0.19287934777414914,0.3151115956157107,0.2540735060500007,0.21056526441998322,0.35887545969276247,0.09711257133616674,0.1258115425821725,0.4205576962250598,0.16490385353660417,0.23389238543375113,0.044435537624483365,-0.3528580576415923,0.17762329520932496,0.034476013234937444,-0.05704757850658341,0.200098535677882,0.44715945572146354,0.0,0.2936083886856778,0.33033763784802583,0.04853282174124693,0.18519594037089268,0.0,0.0,0.0,0.06833208467995874,0.0,0.14774720755836554,0.12449186828056893,0.163652984568348,0.16918446575101967,0.6542919973646011,0.0,0.12037932022242107,0.14968405838009308,0.3642366236537954,0.09348631727718185,0.0,0.0,0.0,0.0,0.12467515543094469,0.0,0.0,0.0,0.10617609668379527,0.0,0.0,0.0,0.06959642591190342,0.34411573221304853,0.0,0.0,0.0
0.296210981962949,0.32564717355130485,0.12259052181229112,0.26167717813069025,0.25722908544563006,0.3469752644207837,0.1464544203114937,0.04274847813784611,0.3551129793245007,0.215915598298482,0.0,0.07567802359439943,0.11112411539685366,0.20310733655634589,0.0,0.13657767249535321,0.1390271247281957,0.08017845352836575,0.0,0.4234186332840611,0.25205098268359777,0.30122505205170846,0.3125839706198633,0.38693921380466906,0.19347185852866883,0.2999089528909689,0.41324807914186307,0.02818501882621403,0.23132132306505926,0.09947970717025191,0.09278276490070636,0.09634471391818858,0.12117835868232003,-0.0480313829934734,0.07209305957525615,0.28412304388744225,0.1737397686547809,0.13811078229788135,0.3481389555606447,0.30708838098657393,0.2520237778891942,0.3375768077617358,-0.1992988570662412,0.30375577859139286,0.0,0.23806617493447285,0.24521759099825377,0.7322227418834538,0.0,0.0,0.2825945942180113,0.22933863755899558,0.47726029515806945,0.17795660982667114,0.0,0.0,0.25089907481849966,0.11410883600490312,0.21049816776153377,0.44020779692936296,0.2898220019308857,0.2764562899906353,0.18766285780745637,0.0,0.6146440385350138,0.35046255619871935,0.41476990232369615,0.4908890666470703,0.19855088733054962,0.5287138650336092,0.23570985784551604,0.5022930391591337,0.3714221650685177,0.646553856401139,0.14708357963601917,0.4047945796625955
0.21998773009444095,0.36111635551937754,0.10539627527146224,-0.04931602814869492,0.1265850363699318,0.02816233506680212,0.22227268186084878,0.3453245533596423,0.070717577629835,0.3394494715227088,0.19982643502136202,0.24105199735164345,0.29074938862241473,0.33196117336832004,0.13657767249535321,0.0,0.20888152365940432,0.221573646836001,0.2538253132455248,0.3326259296379829,0.20916671412305654,0.3974053600409608,0.2403157055839159,0.2893420147456027,0.31978641003296826,0.20836012814469324,0.28935923019183424,0.33822831462798036,0.2630067119511354,0.26098785366774085,0.3431851235061821,0.3057489178047239,0.2702069972802767,0.110061923724807,0.1921807758161745,0.3073387833262104,0.2338783438828376,0.2771526676824849,-0.09928113126621935,0.17467405857148985,-0.028819495276962814,0.12945787956008575,0.2062902919081973,0.0,0.0,0.16695220779497147,0.3343891185332871,0.0,0.0,0.0,0.12233093190406451,0.23563870817930724,0.4072407507135969,0.0,-0.32070977471923373,0.0,0.17169729958690777,0.2593050843526885,0.0,0.13504786351429798,0.21067516063790803,-0.49351192851628106,0.24604649264832157,0.0,-0.03276374618697615,0.13046088910029716,0.09313862841854183,0.1251832890746127,0.12718309951486215,0.29368915922614824,0.22431063864996273,0.11227239181338955,0.17429244293787508,0.04000420040331493,0.0,-0.07674248033564307
0.11131521892548442,0.16217133659469873,0.24626276363091135,0.21760500652078044,0.12635412041532149,0.201383917118209,0.6371322721258684,0.20440668021802413,0.12557417973600443,0.3263223515556827,0.12077765265301181,0.1885565689247622,0.34465429021226324,0.20381772495260628,0.1390271247281957,0.20888152365940432,0.0,0.2297051483064437,0.16861294755994227,0.25134489734509197,0.22157020005737493,0.3297910575763552,0.10614762944148043,0.05286184103097,0.2726541440050435,0.039993692169746034,0.2494424667743523,0.44427200123168253,0.29488664462518005,0.21513976970410775,0.30726015058053024,-0.023327503065299612,0.24711265662324272,0.1645416756469861,0.09755830453601981,0.17449460114251217,0.1151795604848654,0.08898995805057486,0.09267422565932965,0.32345561552795743,0.30994966176858024,0.19884013461332503,0.0,0.0,0.12751667060806846,0.21662463862973347,0.2204868833417244,0.0,0.0,0.0,0.0,0.0,0.0,0.0,0.1952231485704082,0.0,0.05129212907221859,0.15116775098507818,0.0,0.3118319746935838,0.11371672969441171,0.2246698646706945,0.16100720804803736,0.0,0.0,0.0,0.2520163792583585,0.0,0.4216630550526092,0.027965985163681747,0.16082980846483588,0.0,0.18847930543587843,0.20899827450063377,0.0,0.08045585875192111
0.21772471019312034,0.3862994191666159,0.16336225202002327,0.2048491418290113,0.14353468241267409,0.019655822005622412,0.22469933093928537,0.29463383792871567,0.15413397479233662,0.24655389284527252,0.12342403392353471,0.2507050065762098,0.33648872077652475,0.16662505227599317,0.08017845352836575,0.221573646836001,0.2297051483064437,0.0,0.16095283308010142,0.3614316140465046,0.23107598466354243,0.2805280460517305,0.23310909461925755,0.1240557760293955,0.3714187694770322,0.16848285391531254,0.2676582109631092,0.3395680228195773,0.20569068164549556,0.30176402435320404,0.237337215398616,0.1634972086656195,0.17878644458072424,0.1385812968034345,0.19048301568489145,-0.26440597998386195,0.12291976818606277,0.17847653089119103,-0.09176663439472528,0.21372194200641742,0.01073987250525757,0.4077237590239029,0.0,0.0,0.14538344697222857,0.29251449741876895,0.4104873543455766,0.0,0.0,0.0,0.1654111726490033,0.24654210682239475,0.44652265180497647,0.0,0.14822780365299207,0.0,0.08663026967980127,0.2176082703468705,0.0,0.1817903623510039,0.2527282198534871,0.15557854958963896,0.18796377210962356,0.0,0.06998598003269672,0.8157499519450929,0.10676066917267665,0.27575205142335135,0.36515147124121183,0.22402464832929397,0.19975135187448229,0.1612108374144016,0.27690998584765986,0.11248807757590898,0.0,-0.006820394375248527
0.0,0.1766992611910295,0.15931041898743784,0.32638266105088626,0.23470714188118885,0.4360572964785601,0.2592716252221001,0.14478864441468414,0.12276154030776819,0.2755932284657149,0.2041803288922782,0.1436851133112697,0.17491589529218632,0.2421332040715607,0.0,0.2538253132455248,0.16861294755994227,0.16095283308010142,0.0,0.18790830365832434,0.17933404214433954,0.20360541059413922,0.09451037136534801,0.12356601379350778,0.1775282448543817,0.14098482530192535,0.195151012809429,0.28804179830479576,0.2874976876773892,0.2162021346140524,0.18687117482409824,0.28229944076970714,0.16059379710935695,0.2771544464764525,0.21868338298819778,0.2557568285093184,0.12224219807855324,0.05970108681853813,0.6551660409096639,0.1708205812531488,0.09841803704757099,0.1279537408059527,0.5101803611102051,0.10903483205584395,0.19060021201371866,0.0,0.0,0.45276104227957986,0.0,0.7377697860129483,0.4556165937478694,0.5443862451168683,0.5781620674315986,0.5697798020616487,0.4692616694735404,0.47949906127265396,0.19804927975009787,0.659062639894006,-0.00035488879697869596,0.0,0.0,0.0,0.0,0.5707127202339383,0.23906631564595746,0.0,0.2243678496741685,0.5453998386674231,0.0,0.0,0.0,0.5695015183901907,0.21098317564375815,0.16855836060652835,0.24377428355803055,0.1617401991897604
0.11257835536186218,0.21002981022342762,0.12658586485196577,0.2208966077185374,0.19222813300761082,0.2635362608322398,0.3492232393555179,0.34638242031699507,0.20410385799638225,0.04588785534456174,0.24981994111903522,0.06694032515485218,0.40079208829986873,0.17939819575478777,0.4234186332840611,0.3326259296379829,0.25134489734509197,0.3614316140465046,0.18790830365832434,0.0,0.3006044919481789,0.30747643918282247,0.41281327924684036,-0.1756292550249955,0.3153204971071316,0.35835292431000093,0.24211354321939535,0.4983229421099853,0.2554870053568231,0.6266514195467234,0.24136708601308188,0.15417817741292794,0.06442111721984552,0.11658054770744604,0.298575507125602,0.38840348391540386,0.15777084220977114,0.16304224576348575,0.15394479331028008,0.028390780529060862,0.17982833617971078,0.2928911945838408,-0.0642829747616431,0.04886966362010802,0.07308314929751406,0.2734682396621136,0.08864840027283673,0.15802542969310626,0.0,0.0,0.26792017299548976,0.16183088108026825,0.43396539994244265,0.18145992092765034,0.38348598765989034,0.0,0.27260679670670096,0.03825001068777243,0.0,0.46871312637493134,0.07289259169203043,0.20499634776573594,0.1258455429869039,0.0,0.4315506018788563,0.48987963402924034,0.3058221355227678,0.3537453286226458,0.0,-0.32840355807287197,0.2756505430820022,0.3966560207200751,0.32038571679495065,0.3768797549034143,0.08682991907992857,0.22177260544528737
0.0077425597159501355,0.14908760989326847,0.1609509931059146,0.11416995857412049,0.18010260903944925,0.2783928782163403,0.02557498865655533,0.22740014172176468,0.10878741815699612,0.44042271837325725,0.3559604774118225,0.2714736744432221,0.25018619885227233,0.17650837089125512,0.25205098268359777,0.20916671412305654,0.22157020005737493,0.23107598466354243,0.17933404214433954,0.3006044919481789,0.0,0.24944999790579675,0.4265929264349536,0.2828540165114273,0.13919219881157321,0.2993091861146952,0.39278203491741875,0.250796388030404,0.14103101628987386,0.07025197652495428,-0.08470765175112972,-0.02130261786551714,0.14253471663206924,-0.13454027575917718,0.20461031634477037,0.2480838416168789,0.10427667730313517,0.21814577807971497,0.024275897652934877,0.41487981886655506,0.027808590512459333,0.111310415417331,0.21112530162543955,0.0,0.0,0.1966839847095719,0.3035053406938743,0.2472969271395157,0.0,0.0,0.18973552310016567,0.16606237512875494,0.40544902311007025,0.25540645151782726,0.24925472001062324,0.0,0.27094661524910857,0.5093997753369305,0.0,0.1831659240557303,0.2619503180991907,0.0,0.1292345939334982,0.0,0.37936293010354394,0.18668989214783024,0.16720050254000213,0.22343075835618423,0.40951123629007513,0.27632160012457907,0.3150517069477018,0.24228590259207047,0.1789404076377755,0.4102126117479028,0.13665696265737365,0.27585958488702245
0.16834554565325444,0.4428024591835883,0.12131349155990673,0.15107557099758026,0.14853161882922866,0.18225605104377807,0.3103738525496037,0.30585933866674764,-0.021628879872239964,0.12447126521270878,0.15971098502461137,0.05396564762529921,0.3672789132323648,0.15948655023641903,0.30122505205170846,0.3974053600409608,0.3297910575763552,0.2805280460517305,0.20360541059413922,0.30747643918282247,0.24944999790579675,0.0,0.28119442850430715,0.4301463937181511,0.41927177958804485,0.31765994918377527,0.2926849639844766,0.46353675756806245,0.23238143559103003,0.38466864780327736,0.2574208756979311,0.1352728587092321,0.1512970382407084,0.09293372566887784,0.15967970145267993,0.4201425176520729,0.268578603614592,0.2497905273499005,0.09248579464320353,0.062123206339739556,0.16106278828749632,0.343852353782034,0.2945761150188873,0.1561186324302281,0.11568009547106678,0.27907486322968483,0.21251039856489012,0.16463019682622482,0.20839135268188386,0.1236953836229538,0.34437985738330573,0.22385519381753258,0.6298749094885326,0.1650935428230973,0.22914870853744462,0.0,0.17624620835576277,0.12181017932350138,0.0,0.32571024780038965,0.2258845543593718,0.16668175143011243,-0.23572156590441218,0.0,0.464641368289127,0.2265949977779487,0.2801149828217421,0.42079165724556744,0.34241555509076,0.0025456323087913457,0.18197614894276348,0.4844551056662242,0.45221860998966934,0.43900438585597473,0.19704465423167333,0.28866303881819816
0.2957506935223283,0.42632399643411084,0.23202915540590052,0.04629637366565245,0.2661886043487868,0.40017326405358306,0.23576073966114797,0.4202529971951979,0.2876090362188323,0.17883277680689386,-0.017497332408709564,0.5117023631708706,0.2600224525877345,0.19287934777414914,0.3125839706198633,0.2403157055839159,0.10614762944148043,0.23310909461925755,0.09451037136534801,0.41281327924684036,0.4265929264349536,0.28119442850430715,0.0,0.37783244265813654,0.31175482353863215,0.2651338780063017,0.35773597993866674,0.2976599490005192,0.30078855273313293,0.29810566799313937,0.18199205645330904,0.27479674578703644,0.1448935723375977,0.16360786074376832,0.28871734721246534,0.17165735071894087,0.16193568376961132,-0.01837445311591047,0.4991779620002191,0.07686362717265642,0.18744037215706405,0.37076012096602456,0.4360884658628392,0.10593942990133629,0.20345964198535,0.30250206178379424,0.36889751900938983,0.5586701675942399,0.13200493962618418,0.3850630029702094,0.343231043452653,0.4088641304701679,0.5116774119003362,0.48698581416466763,0.22447980773013285,0.5341844437933377,0.14962772972382615,0.3922058522850505,0.6464326222202433,0.4837293450789259,0.11307352038684776,0.2173386377300359,0.17581237074900563,0.5861298487997272,0.4036811764973401,0.4198486376164677,0.39895216200959094,0.5180335485822124,0.11461283749121608,0.03594993864604179,0.30492923506541436,0.3613960179085149,0.30276870396189515,0.41070711702576546,0.15856050929759205,0.24490669837296578
0.3496560883180291,0.09077115177796065,0.1397807070696182,0.6472421638057674,0.45077588430554355,-0.030900511969844495,0.4816406298535666,0.33847209721839777,0.37018009865954693,0.11592487075669503,0.27498056885155076,0.20660447977438967,0.2375444503074319,0.3151115956157107,0.38693921380466906,0.2893420147456027,0.05286184103097,0.1240557760293955,0.12356601379350778,-0.1756292550249955,0.2828540165114273,0.4301463937181511,0.37783244265813654,0.0,0.31370414167282223,0.2933887130134137,0.0013304249251575515,0.4607269131005207,0.6064851670968047,0.3573220105207676,0.33673761551742254,-0.08230958397234889,-0.322334948491909,-0.02012597279611542,-0.09413611412434791,0.1959813823151205,0.23269974944981608,0.007510164045076331,0.18834037309166324,0.16446076048887653,-0.021139713698150944,-0.38069836119824946,0.4600051729037783,0.19601915125366193,0.08708715597871237,0.275610848774385,0.1329383935375228,0.0,0.0,0.19968904645234448,0.2653035026357693,0.12710335578823936,0.0,0.025897099058406963,0.3073765521772659,0.24369973361553512,0.28286079861788904,0.36094347708459185,0.0,0.3418786510973458,-0.35980415376495367,0.1325270108517262,0.038752719135831754,0.21699197175686846,0.29521494073949833,0.37540182873869044,-0.03243793247885792,-0.13522215292174483,0.38260498710474183,0.18428814864369525,0.3955740100797601,0.45873184895940694,0.17080681145280097,0.3315049240371503,0.0,0.10547812617650687
0.20797707532897727,0.3427627205653452,0.12147708840779534,0.3618119446379013,0.1934027949336644,0.13950997516869112,0.19720934190990858,0.3074067297712043,-0.04965582730311363,0.23377067141290717,0.16729850837883575,0.23801173945941204,0.20958412735149115,0.2540735060500007,0.19347185852866883,0.31978641003296826,0.2726541440050435,0.3714187694770322,0.1775282448543817,0.3153204971071316,0.13919219881157321,0.41927177958804485,0.31175482353863215,0.31370414167282223,0.0,0.21052902200353346,0.31166903120712997,0.33757457862844986,0.17137564427525367,0.2493056793223831,0.23225248590254063,0.12408755563527785,0.16465007756534145,-0.005608606451681548,0.1217242829333716,0.1307977175844137,0.21240476253742552,0.010365711875674574,-0.08885946630475071,0.3248856558833555,0.04431523755352702,0.2886726440923881,0.0759176725598703,0.0,0.2773400898621243,0.38619509219397824,0.48537270094163887,0.0,0.0,0.0,0.10028805727858003,0.23362148286437212,0.3080064523426843,0.12645310716110655,0.3960289188676636,0.24484337305902265,0.43781210655038993,0.35444078172702026,0.0,0.412041313064811,0.3397983982120193,0.3286056627765444,0.2930246296393257,0.0,0.1358822467741818,0.47637496059781165,0.22534142963848464,0.04170935036794038,0.4857243921615959,0.3103031585841576,0.31408260035626984,0.05864984435116506,0.3559023761875843,0.030409969932979706,0.0,0.07983125328673994
0.3971692964835982,0.42171857056612244,0.06581674535898427,0.2652403465622854,0.09105622405416447,0.27309328333546273,0.17401820088925335,0.36481291309321406,-0.1696645065960494,0.23425346852896964,0.12124670427352041,0.2917111334148965,0.2053542099355059,0.21056526441998322,0.2999089528909689,0.20836012814469324,0.039993692169746034,0.16848285391531254,0.14098482530192535,0.35835292431000093,0.2993091861146952,0.31765994918377527,0.2651338780063017,0.2933887130134137,0.21052902200353346,0.0,0.458163326132037,0.47497670489588395,0.2322115160403707,0.06297288513088266,0.09074411782640197,0.012461020567955769,-0.07302922431554515,-0.1095400768521389,-0.14188728885573657,0.08133819243010537,0.13851540050640562,0.012782401641121148,0.0796503578218797,0.37655530330990716,0.014198931264811934,0.0743112973961676,0.05638545645176653,0.22866244683255754,0.5222071364527077,0.33197041076280503,0.3816708133741834,0.19271107733693718,0.0,0.002343029904283608,0.07613443225545088,0.15850446040874122,0.22341915549914895,0.14034638506703676,0.4151566471539855,0.0,0.38757235669595913,0.469911924705076,0.0,0.2046693406479538,0.24735490602285498,0.33715597247587853,0.20583360260781763,0.0,0.32522123850078577,0.23274931488095954,0.2788510512083256,0.22600208737579242,0.4611124944776967,0.24262494850203084,0.29217363150358777,0.35327091056473053,0.29720105524544305,0.3167862655489424,0.24683225112892604,0.10677986602625811
0.2829300340614284,0.3503681354687724,0.18762417505390588,0.2629929682459127,0.24352056756053475,0.3126429151697128,0.2959779927154693,0.3949889822494691,0.21482009854144576,0.23512680532521246,0.27994752757689056,0.10752076879815066,0.3381146209450546,0.35887545969276247,0.41324807914186307,0.28935923019183424,0.2494424667743523,0.2676582109631092,0.195151012809429,0.24211354321939535,0.39278203491741875,0.2926849639844766,0.35773597993866674,0.0013304249251575515,0.31166903120712997,0.458163326132037,0.0,0.35811011681216753,0.33214230524479377,0.321268747600273,0.1977542814294099,0.26602844596768166,0.308074370602093,0.18672097334618026,0.3282630014231733,0.4413001433415997,0.26381406714269817,0.09400700923908395,0.6587947040556695,0.08600245568380424,0.25998943600134317,0.2837407999765893,0.507853735206738,0.19188346419563293,0.1386533299146444,0.1910807554131908,0.060302341754044954,0.5565858027783592,0.21913978831590347,0.5959277392096449,0.36269600987899636,0.39558373408206005,0.5622924438214747,0.5603156115910598,0.2781683383331922,0.6471781090685093,0.06983236392531988,0.368973757851892,0.7290142870059857,0.43607950645900884,0.08432427992147323,0.0,0.18073212315203815,0.6726732241329777,0.3088183759518605,0.4751940804355593,0.31454389039418773,0.5149616814575764,0.0,0.05852490770595209,0.3282704495262651,0.3871599355074215,0.35471540896383325,0.4121839850518152,0.000856309213002969,0.2998836714242069
0.28822358362552275,0.23102652113678487,0.28296329763185213,0.17572184279852412,-0.09233358454380845,0.4344735749496769,0.21217723191881244,0.34676177752181536,0.2861140775193273,0.2768508872369489,0.09339761888735776,0.5670910469008671,0.2846655330944501,0.09711257133616674,0.02818501882621403,0.33822831462798036,0.44427200123168253,0.3395680228195773,0.28804179830479576,0.4983229421099853,0.250796388030404,0.46353675756806245,0.2976599490005192,0.4607269131005207,0.33757457862844986,0.47497670489588395,0.35811011681216753,0.0,0.5432488081007929,0.38553154009411716,0.30468362568248686,0.269064414876601,0.5341742216714619,0.3034421810084183,0.32510053095541064,0.12025324609010955,-0.09170807879867562,0.35444906814491867,0.18018404592831258,0.1679517225719618,0.2466071341986058,0.036186553573626185,0.19932771638980312,0.16215954345600683,0.3362180199813904,0.27896961129641606,0.112354903858082,0.06251123194076635,0.0,0.22721378587939883,0.4095671369800754,0.14581236445460127,0.444773456496752,0.12715100131815082,0.5918468265641079,0.15852064211877503,0.13851697767152643,0.12771409010920756,0.17844178296064833,0.0938437806315825,0.11415272092828056,0.06410369677195252,0.14324714194236296,0.17827624669832712,0.05294566064615995,0.12404524382060778,0.15469951421047748,0.4035798735965309,0.23049984010321495,0.06121645037048991,0.04271441341524395,0.44972393101130537,0.0816631289967542,0.42943570854844065,0.1574636955435923,0.03616915478645244
0.18383950484579883,0.150262659258531,0.09675643898340146,0.23995616012868243,0.31599891442973443,0.24327999783067444,0.3934408294671176,0.2653694774191882,0.311003200817292,0.4552767740188671,0.11621094737808182,0.19084760765195027,0.463220944234676,0.1258115425821725,0.23132132306505926,0.2630067119511354,0.29488664462518005,0.20569068164549556,0.2874976876773892,0.2554870053568231,0.14103101628987386,0.23238143559103003,0.30078855273313293,0.6064851670968047,0.17137564427525367,0.2322115160403707,0.33214230524479377,0.5432488081007929,0.0,0.39290480880505435,0.3118783954259654,0.2011821075134799,0.2084163745918047,0.09699513380215094,0.26028122429897066,0.3609575860305649,-0.4530250482043697,0.2662030874891044,0.45955509556064733,-0.10401646671521236,0.3227067087773156,0.4127294774125099,0.07224826517453038,0.1726604885855646,0.2632460690674392,0.22132170635586507,-0.10432596029868438,0.4547246916947363,0.1470705392896774,0.5452254255678123,0.41311701391962063,0.513947111973724,0.2993648939279745,0.658277181369361,0.32944471327024366,0.12939263974324167,0.17710661086514923,0.5233267382468709,0.2807935529982855,0.276926435769065,0.09039434614109704,0.20680451830748167,0.10057213241838475,0.1666329783347954,0.1946665740972498,0.47872679948780134,0.0034304876398466577,0.374470501313634,0.213146991878262,0.1125083803742332,-0.0795040752484169,0.42508977134261783,0.3537787616976171,0.476053135252183,0.03784572054499376,0.2988328049808461
