0.0,0.03278461229077889,0.0009090718299756273,0.0,-0.002534525743890459,0.013443803830125556,-0.004448561078555402,0.014439077974817416,-0.0021867089991495225,0.024252649427656203,0.0012643778394464955,0.04147188486812098,-0.0043356744257606605,0.00224461003511528,0.03225759921764426,0.01107088638392345,0.0008563668564686711,0.013012759002521856,0.0,0.008421692835915928,-0.013281312934353973,0.01321525721698602,0.03177113132260939,0.02797050630557063,0.015220421863061717,0.03219736957728997,0.03357652965232988,0.021519199552870683,0.010985828453264568,0.004533825997726559,0.002165704812155944,-0.007052364397264033,0.02548185194215563,-0.021819138293394436,-0.01568343331404015,0.0018075046598523548,-0.0014637474615437074,0.06098128886180859,0.00932184782153267,0.046848222740073,0.01777986433025802,0.06044463192491434,-5.0137250707738e-05,0.0,-0.002038152330848253,0.017490749726610466,0.046061988866337555,0.0,0.0,0.0,0.0005014193834768088,1.1102230246251565e-16,-0.0005567060618341113,0.0,0.06097112713756769,0.0,-0.0004750202256503244,0.008828874621396143,0.0,-0.015913449092282483,0.027803524150544434,-0.0031182010492123435,0.020530538377179497,0.0,-0.020585044525914475,-0.019109031326461356,0.01706983819149932,-0.008155993813378892,0.05886026568216768,0.026783475792260147,0.028085761415096278,-0.0034984944196182477,0.0005949984056394242,0.02608618664336554,0.0,0.005948592973007649
0.03278461229077889,0.0,-0.0050018766180912055,7.20693551812257e-05,0.006358485947271841,0.014395548941525671,0.017373965266462954,0.034391413198145815,0.004176991987792644,0.03218483487728763,-0.0009924024619038518,0.0007516866415092083,0.01841119946232428,0.0018140717992209399,0.029677262636497503,0.024740153518665986,-0.0022444682367841473,0.0296635313413246,-0.002118833053599778,0.014245899523991523,0.008593497632813696,0.03082120549281009,0.04663212180088261,-0.010006230151647477,0.02677730177935106,0.043707239488486815,0.03388179473102654,0.018783995728008318,0.013880577665298599,-0.002724081780326515,0.02063555836260711,0.0034251382196115454,0.012005363735603347,0.0043881451274404015,0.024184402261552218,0.0019849511177797985,-0.0009063489779276845,0.0,0.01002335885847705,0.012228042971086206,0.012060732097332771,0.04349714877267896,0.013918235036447013,0.0,2.220446049250313e-16,0.032382070217204795,0.025702248868598343,-0.0007053133810554502,0.0,0.0,0.002643606027849521,0.0015795659170365628,0.0040666266340058654,-0.0004132281326834075,0.014136129330909242,0.0,-0.001237598852281807,0.002189246093072139,0.0,0.014130732287216341,0.019800279419991962,6.581522270315832e-05,0.025336271492023665,0.0,0.02161301262019022,0.006197247427130459,0.01302087472599367,0.02534883417081857,0.00035650697875838633,0.03853930407839323,0.021569549596143878,0.023145363629364646,-0.002366095965249948,0.01734603083980052,-1.1102230246251565e-16,0.0014134750922451533
0.0009090718299756273,-0.0050018766180912055,0.0,0.013779451037312429,0.03763641806634277,0.008472201549133473,0.03806629204240841,0.07551040413283733,0.008443306382702576,0.027897269284024306,0.06131536573806268,0.004570817210806044,0.037949854980795616,0.05217134394987183,-4.0997873217263336e-05,-0.002792884393601036,0.0034726975581001462,5.2803651002464314e-05,0.01932467827006712,-0.0017623789488042663,0.005751608905131156,-0.004303621859927664,0.04463818893511079,-0.0006213872277442967,-0.00977192346799527,-0.005383110687991521,0.016996747024926318,0.03898466075850665,-0.002005513417096705,0.05887020021815226,0.03777631953544358,0.06141550476420349,-0.0009546823886270039,0.03264239341161168,0.016905479257502798,0.036113391039385656,0.00952373155761388,0.006313318461786954,0.08321494099377463,1.0268327569340485e-06,0.011063213758316537,0.00285678837461556,0.07020256162784289,0.0021106760105691347,0.0,0.0,-0.0010819876042243992,0.17698038094011204,-1.1260960523729047e-05,0.09215698903233238,0.06518736814999793,0.005963705764390204,0.08458961017217503,0.10841788633850546,-0.0010194686047272916,0.19943512067754354,3.767809323457216e-05,0.007372060023897675,0.0907139180748231,0.00032320506245858693,0.0,0.0,0.0,0.309157582682922,0.0019876561719665564,0.0007704520597513476,0.00021154853663069018,0.10492935522338698,0.0,-6.278748921267896e-05,0.0012965001728751924,0.09334974912658789,0.007443940444334163,0.004176713817851785,0.0010733620193918991,0.004889845359376088
0.0,7.20693551812257e-05,0.013779451037312429,0.0,-0.0004994514636512681,0.022695723181139715,-0.036418101254130086,-0.0028273646972102884,0.026872748708110294,0.0014321763624908224,-0.010825883365630284,0.05198229688509154,-0.0016331960445128413,-0.052549847995979115,-0.0009282768555391452,-0.0022053289128890485,0.001926332591961455,-5.127891229683712e-05,0.042813318123126165,0.005221539672202069,-0.0019644215651491437,-0.0003399493392479136,0.0019192563629523152,0.12584320670012872,0.00017967716915573417,-0.00253222665393521,0.02138699500688046,0.00563302743045202,0.01392250376392512,-0.0011333562634825434,0.023718225448914443,0.006321221666415522,-0.001537318788077724,-0.03602089820194107,-0.0371200066380597,-0.041444311776206555,-0.038672456449521275,-0.01443701549923393,-0.005618567973651012,0.0006574226697219077,0.0001399793901894486,0.00037373189916628524,0.0020873592245605477,-0.0009590795780508587,0.0,0.0,0.0,0.0020620325213305257,0.0,0.0,-0.000710772939276072,2.220446049250313e-16,0.00011735861907558043,-0.000549415808665854,5.551115123125783e-17,0.00023992438531528215,0.002093628657866775,0.0009862402728042508,0.0,0.0,0.0,0.0,0.0,0.0,0.0,0.0,0.00010347500445906377,0.004696789385639666,0.0,0.0,0.0,0.0016517886023681427,-0.004172730361901356,0.0012448505893652428,0.0,0.0
-0.002534525743890459,0.006358485947271841,0.03763641806634277,-0.0004994514636512681,0.0,0.03799369386255852,0.028247364981774492,0.07842034693868544,0.029285646420987743,0.00920427142788427,0.037758866098000055,0.007293441296141234,-0.0003925607971893008,0.02466844397987239,0.0014114080218510239,0.00038421008675704194,-0.0008940625814165548,0.0032648021788532766,0.04110001037004518,0.017470125659149183,0.0025569518735463204,0.012308599003680976,0.038738867047169445,0.04770795071105055,0.012775575994715183,-0.0011486074468027851,0.03253498121237869,-0.03852838303442607,0.02896260160833758,-0.007387174346691894,0.014479086910059669,0.041779148092120466,-0.004828765427838444,0.01708940729907449,0.02732885756120651,-0.009251152404987945,-0.05701812428980277,0.00692773737226865,0.07139436329362392,-0.0006655618293284205,-0.0019726593816465354,-0.0003356130185284689,-0.009672029450302655,-0.004736147592517614,0.00045233108942760447,1.1102230246251565e-16,0.0003652680101772221,0.09512437297665166,0.0,-0.006048973235337096,0.010410714992787451,0.0030535190516245425,0.07645458263331562,0.003172192366648008,5.551115123125783e-17,0.14623623804671637,0.0016957026727557611,0.0013140688749987972,-0.004199882638707297,-0.0008723370797312779,6.08799793248016e-05,0.0,-5.551115123125783e-17,0.0010177214089787667,-0.000625086370373007,-0.00047932832399777414,-0.0018085342939028193,0.08593540107735109,0.0,3.2921497966298396e-05,-0.0013733618428046213,0.10810509074535835,0.004654375577637981,0.0031138008124714234,1.1102230246251565e-16,0.0028517804194402308
0.013443803830125556,0.014395548941525671,0.008472201549133473,0.022695723181139715,0.03799369386255852,0.0,0.04656524263161754,0.04770621521182872,0.054165957776919404,0.03288835386762934,0.040824910913855095,0.02088566656287877,0.052242336864630645,0.043860349211149285,0.038833712262855924,-0.007981623168173968,0.006940218475300686,-0.008986907630969931,0.06780512591618981,0.028755813871592262,0.03255160019394754,0.016934199711307718,0.05478485835888952,-0.01380015737178808,0.003847905954494857,0.02296697997012026,0.0357967474572119,0.04370166984938051,0.02756271004310773,0.04692403185464655,0.014061080894928524,0.02324831210027778,0.03518444762188572,0.01564780235240587,0.012688875913196174,0.038682454812003386,0.020624292705455793,0.001250414440881642,0.04735046773623913,-0.002076407068856867,0.011813672536063469,-0.005226276959251819,0.03301901809612623,0.004292045623143004,0.00014625649491656345,-0.0012073092920828477,-0.0031334702459383523,0.061673946191037055,0.001201181176236632,0.0462402439720393,0.05261380841405977,0.05822445305839574,0.05809725003271743,0.07826996039143685,0.0038032385754148135,0.06459735679040413,8.557051257890302e-05,0.06537162150149911,0.0009388034278930424,0.03408624930598314,-0.0015151128788074564,0.0,-0.0009455091041887798,0.08546115497384688,0.027364115892241914,0.0071175014344150855,0.02200375900261875,0.05987520372998845,0.0001088117926981158,-0.002918060958264135,-0.0035887547040974743,0.05876914487801177,0.05140159301597996,0.04408932411654043,-0.00034983934328453037,0.006957432373764338
-0.004448561078555402,0.017373965266462954,0.03806629204240841,-0.036418101254130086,0.028247364981774492,0.04656524263161754,0.0,0.034832146498795125,0.0432995325193401,0.019570202357269195,0.01632091312238676,0.023632384455484046,0.009910469482981632,0.0019931170247241004,-0.00018534568435057963,0.02159554477730169,0.06827666804884802,0.018215738503047196,0.046311102462649745,0.03900373561853798,-0.003463200437685221,0.03431783692849982,0.036557730236966846,0.05545281376367156,0.015179237487042085,0.009818822405975647,0.04385967285006703,0.008552734088589087,0.039196989726294984,0.035183652139182675,-0.005474007486081456,0.012481650364711161,0.0380129865712962,0.009867579858308662,-0.009065872814258413,0.01887791896169344,-0.0013908777437029451,0.010961307461291536,0.007913925527064158,0.0009229293949585271,0.008148343301401073,0.004466299762914794,0.0010806119599623965,0.007777030546978758,-0.0002983191389852591,0.0,0.0006392177564840118,0.06689932975306345,0.0,0.004262647202660896,0.004066864996574049,0.005095927267375289,0.06576644938254095,-0.005420813246080791,-0.00014807546424211449,0.0077715265324346805,0.0008375839930885309,0.0008404931912684432,-0.0012471701836423432,0.0022031351848496583,0.0004571827121219174,0.0,7.431858430484439e-05,-0.0016053630862361556,-0.0003613257132289438,0.0020491799490470752,-0.0013641111772498271,0.06794715976403154,0.0001581942517165369,-0.00028079527846947006,0.00023557136247948085,0.0007007044039190058,0.0011984901047897845,-0.0036557885085035102,-0.001651129425783382,0.003451974390939694
0.014439077974817416,0.034391413198145815,0.07551040413283733,-0.0028273646972102884,0.07842034693868544,0.04770621521182872,0.034832146498795125,0.0,0.062195740430008084,0.04031879117217002,-0.06521985993556567,0.026627979892080766,0.03182709076801221,0.024570904316909614,-0.010752539187012078,0.022142433999692623,-0.00029457773324115255,0.010408797924820357,0.02311994082704949,0.04578721948014158,0.02121852768748861,0.0289854230695602,0.044354399213729356,0.033425654500098934,0.01989743806266686,0.02792189242146803,0.05728972105058794,0.038063954521530996,0.03129104197848065,0.0261895845350954,0.019002415590362642,0.014477307330176103,0.054551586730145374,0.018900031760700653,0.021308504554689356,0.032986342172043825,0.01812647683770685,-0.0020997693564002717,0.018114645927111706,0.001302296158218752,-0.050534688846258,0.03571768582806256,-0.032006744003976906,0.0017661485820636424,0.0,0.002273503465316573,-0.0031899544640516253,0.06538978368976112,0.0,0.0098687485193934,0.026549783502414326,0.02603318557668327,0.08096732259481831,0.08377656329529581,7.961619438284773e-05,0.06869300633079789,-0.0001295582625338021,0.029382961357102055,0.01814113420621921,0.007391840185752507,-0.00020868710043930871,0.0,0.0005507180272219525,0.10339587922074711,0.00983612925381211,-0.054402779253126754,-0.0008496398450053566,0.0455441532318,-5.551115123125783e-17,0.002317529151874498,-0.002818941819395071,0.0639661338815728,0.009285997433867377,0.007975364086349968,0.0037519065370316684,0.002921335214643772
-0.0021867089991495225,0.004176991987792644,0.008443306382702576,0.026872748708110294,0.029285646420987743,0.054165957776919404,0.0432995325193401,0.062195740430008084,0.0,0.029393240138724075,0.05314833055791918,0.029301722484652792,0.020071255722800385,0.02734211219500049,0.007334045450267557,-0.0018251724853259321,0.0022955516440268386,0.0025382218894751674,0.02097495782633474,0.02265416113578933,0.0004018408637878612,-0.006370121838242315,0.04288051484784694,0.03718755482964653,-0.019146652324975144,-0.04463835285120743,0.02140224370920013,0.04007610179438553,0.035270531145276174,0.04364658580360503,0.04124685251299359,0.03951860857049444,0.07711646860417642,0.03987888385490723,0.038629402079339625,0.039606824034243704,0.0268088309324524,0.006496659734533228,0.0937928537155237,0.0029568613976357905,0.008276402919158321,-0.003843007656170516,0.07414705178541409,-0.002296606791500566,-0.0002778202063543067,-5.551115123125783e-17,8.545342220867003e-05,0.09230227860527385,5.4098182370454495e-06,-0.002189685440404876,0.06625000925196667,-0.0024427916088515245,0.07450475545933333,0.000849181898531115,0.0017327480133664253,0.09975478315575204,0.0020768129944132574,0.0005643531492803833,0.12346503957257715,-0.001966073047684036,-0.0011856172859430747,0.0,0.0,0.12503941986041622,0.0007038212356622053,0.00029946218892390464,0.00033318076398797247,0.09072187914046925,1.9012639172311108e-05,-0.00018008964740429123,-0.003915787621461719,0.08354388475888208,-0.00022213923668723545,-0.0022690199404611366,-0.00047975010784129246,0.003977811399800912
0.024252649427656203,0.03218483487728763,0.027897269284024306,0.0014321763624908224,0.00920427142788427,0.03288835386762934,0.019570202357269195,0.04031879117217002,0.029393240138724075,0.0,0.01321051082302177,0.017605448663476297,0.018614596115733628,-0.026393994776010232,0.0006419114630675238,0.032928777053758795,0.018545588672078728,0.01780123924114224,0.03889246235598848,-0.0023092245470358597,0.026212416650554682,0.0002297336781562076,0.016453220792499,0.0067213636863270865,0.00977969641786991,0.019586305626660527,0.029409069458689818,0.014162821653982194,0.03860147823048887,0.08212161416937819,0.024556878801910598,-0.022801336326406074,0.012910937159668345,-0.010139887613064003,-0.02373992503129496,-0.027592574058185437,-0.04332833532416108,0.005161854077484651,-0.04678637729079982,0.0728119273491939,0.009429846381324991,-0.039659300134895215,0.0041765016078813,0.0028044603647343624,0.05389092224278458,0.06696013754679853,-0.002621814218284113,0.0005605784617769283,3.071769737778007e-05,-0.0012714350883011871,-0.0007182918161920404,-0.032133633697319974,-1.7515060507511393e-06,-0.00012629563852212256,0.046149703625706195,0.0010769357831412751,0.04373950970468987,0.015197907034685987,0.0,7.362892961254586e-05,-0.026104430083449037,0.01934337463007224,0.0011205108240562311,-1.0097068097736361e-05,0.00016405184200157796,-0.000984793552708474,9.869727925587712e-05,0.0001993798599548291,0.050310994117744534,0.007468158406574332,0.027221229732740937,4.4274105626962434e-05,0.020849552792782444,0.0012155358360732005,-5.551115123125783e-17,0.021105592983060584
0.0012643778394464955,-0.0009924024619038518,0.06131536573806268,-0.010825883365630284,0.037758866098000055,0.040824910913855095,0.01632091312238676,-0.06521985993556567,0.05314833055791918,0.01321051082302177,0.0,0.0016555371947434283,0.014905038074425558,0.029967363245699152,0.0,-0.0001788050419349041,0.0021251061901504387,0.0030559547775817486,0.035828635894715855,0.00012488944975214133,0.005932580498827222,0.000236576775196784,-0.002952789057619254,0.02881653378772725,0.004485617960757304,0.003094682629145973,0.03730059369915878,0.022001112852043203,-0.002700466224906495,-0.0008281306463695515,0.02281852844057558,0.03544034888497216,0.047087704968920896,0.03280918468145899,0.02488437766444418,0.008018448249249854,0.005962026130757858,0.005498280935782418,0.06135939355398923,-0.0032584425398193284,-0.0016397491948094145,0.0015640190090040473,0.06133947992715444,9.739368580491403e-05,0.00032428774023418594,0.0,1.1102230246251565e-16,0.1424582682099046,1.0475453067204654e-06,0.13906297964637593,0.04667461134562856,0.08359161830074302,0.07421888043421204,0.13466064856691795,0.0033451684847781715,-0.008141147394777448,0.004021196210860334,-0.0004162252782533571,0.03936685173251292,5.551115123125783e-17,0.0,0.0,0.0,0.08357540123102497,0.0008242921288725835,0.0,0.0004577281698902591,0.0889781064452092,5.551115123125783e-17,0.0,0.0007409739390192294,0.08368756195684401,0.0006279762644222919,0.00045958788198724454,0.0,0.0009120508042412823
0.04147188486812098,0.0007516866415092083,0.004570817210806044,0.05198229688509154,0.007293441296141234,0.02088566656287877,0.023632384455484046,0.026627979892080766,0.029301722484652792,0.017605448663476297,0.0016555371947434283,0.0,0.04587604650816035,0.0018261790900506725,-0.0041367047568464654,-0.0008280048521415173,0.006630224923378836,0.004031440560317512,0.0033731347293332603,-0.0023982967186158555,0.017307406236040768,-0.0049442576395577476,0.05788936244242249,0.016599496326358487,0.011166264643272972,0.033924771098995554,0.0030677962672699954,0.04975881413179234,0.001704324936935675,-0.0018443415859100143,0.02538819458499325,-0.021962175938114864,0.028084673866028864,-0.0027295098825667607,0.011431087790631178,0.009436180475877243,0.021220880994275992,0.01473395194697999,-0.0019154887408746046,0.07988018837061056,0.043552816279242734,0.007252712308829901,-0.0027749741941722195,-0.0004769432885929348,0.09196712180892208,3.336452590008143e-05,-0.0003535579259605348,0.0005083267389106583,-0.000953135871834293,-0.002455711202147215,-0.0012905782792869691,0.0014824299531746021,-0.0005411243671335497,0.00042799505024077034,0.04850519283103305,0.0015444155389368608,0.05212127309251724,0.06177217598488105,-0.0001823209236236356,-3.210474866927049e-05,0.002007859234319731,0.023728960141885025,0.010301299420751975,-0.00015716158877326913,-0.00027666258019104495,-0.0005487723905712727,-0.0007317296076495561,-0.001081780822088374,0.08254321415069577,0.015590522364459403,0.03810384474043965,-0.0002039278686234436,0.05904597272258977,0.0033328101242112718,0.0,0.01243530799310738
-0.0043356744257606605,0.01841119946232428,0.037949854980795616,-0.0016331960445128413,-0.0003925607971893008,0.052242336864630645,0.009910469482981632,0.03182709076801221,0.020071255722800385,0.018614596115733628,0.014905038074425558,0.04587604650816035,0.0,-0.013884950093398463,0.005424190906122728,0.025845320188720766,0.03502224971793888,0.02656820089843509,0.035415230047859236,0.037424896237056804,0.028795553515945427,0.03900993877556974,0.033674428927294386,0.028956510042994765,0.0133251558379327,0.01329853454983887,0.044748627321726464,0.02238875472202695,0.04587676449887229,0.07688024778992597,0.016770832440980543,0.007981553970709876,0.024612997320125785,0.02621253576795718,0.015452896088072599,-0.0026895282660964748,-0.01972709126608596,0.050126674933033244,0.0035186918302634873,0.004088918093917926,0.00033167411693163507,-0.007979247955298363,0.004980963193852217,-0.0018890518927440203,0.0021528332002082595,0.0010734016686048675,-0.00011618813871239198,0.0007216870813689935,0.0,0.0012855349564742102,0.060683764692441966,0.0016391301545359838,0.007202632943123732,0.0031208770056306845,0.047148194116296394,0.005147604180074317,0.003909337352662634,0.00341097970524068,0.0015100145396616527,-0.00198246644042821,0.0026606456144697144,0.00012393221978701519,0.000488951578313801,0.005607048167788675,-0.001672106100837789,0.0003752500622042909,-0.000991575030081293,0.06474693410307153,-0.0013415462340792828,-0.001206851888096605,0.0025336437699451375,0.05622432885754863,0.0033653587737466073,8.857487699487354e-05,0.0011263432729746725,0.0009644590310216028
0.00224461003511528,0.0018140717992209399,0.05217134394987183,-0.052549847995979115,0.02466844397987239,0.043860349211149285,0.0019931170247241004,0.024570904316909614,0.02734211219500049,-0.026393994776010232,0.029967363245699152,0.0018261790900506725,-0.013884950093398463,0.0,-0.000426281403719142,0.0018580218713534213,-0.00014075967499510567,-0.00022208133866497004,0.03109676655832655,-0.0014848397357313248,0.008943481105859186,0.001142420424146029,0.017102711847515217,0.0020192653053100473,0.00045933701752187694,0.005302538173078297,0.038384750980154425,-0.007921809249733291,-0.002730227088858117,0.0022346018299753134,0.013553233031996292,0.05228584985029236,-0.013370050134474065,-0.13914925560625385,0.015516881558947648,0.0012036507563432386,-0.016449906279009552,0.0011152369717669086,0.04273561892315014,0.0,-0.00019298387850230636,-0.0002796809620420615,0.00451384780220232,-3.015357863178636e-06,0.0,0.0,0.0,0.00458035778429261,0.0,0.005800308919708841,0.0017727873938764294,0.0026904121430514905,0.017033391153191912,0.12192958175888802,0.0,0.0050222337815748475,-0.0004671306504113737,0.003914136587231998,0.0036992417448213355,1.1102230246251565e-16,0.0,0.0,0.0,0.004490348554826051,0.0,-1.1102230246251565e-16,0.0,0.011211359432256651,0.0,0.0,5.551115123125783e-17,-0.0026086775688445307,0.0023641246376192027,1.1102230246251565e-16,0.0,5.551115123125783e-17
0.03225759921764426,0.029677262636497503,-4.0997873217263336e-05,-0.0009282768555391452,0.0014114080218510239,0.038833712262855924,-0.00018534568435057963,-0.010752539187012078,0.007334045450267557,0.0006419114630675238,0.0,-0.0041367047568464654,0.005424190906122728,-0.000426281403719142,0.0,0.008189509955094598,0.00031992652000656374,0.005909857387363215,-1.1102230246251565e-16,0.06511245672431504,0.03276121869091059,0.029754369780819467,0.041704640366965584,0.06205011008636607,0.017298855984622663,0.0340024626630997,0.07059039708562131,0.00010066327491453642,0.024736547472330117,0.001496723153337931,0.0030240315542051643,0.0058550494252131435,0.013059252485455142,-0.015490794226024063,-0.0030460111287259894,0.011971689125814311,2.6441552228695375e-05,-0.0003914847404677402,0.04219891819837579,0.03896052615175216,0.02858470914787753,0.04484770375082614,-0.11046755531668451,0.00011971992967851897,0.0,-0.0026708587711441467,0.025025524801733923,0.06790189586563866,0.0,0.0,0.04091461885407177,0.00037063617286053896,0.06301646321012333,-0.0005257387191667795,-5.551115123125783e-17,0.0,0.0007749510163982953,0.004877831788564213,-1.7171946673832927e-05,0.06356724731520597,0.020102004063949408,0.00047980756840582117,-0.0014542567140862217,0.0,0.08428306905267252,0.047389521648675215,0.04615234184814104,0.06800663319991057,-0.00012715181328915026,0.04533560090240646,0.030574141676001143,0.07206697851872224,0.050712803462909906,0.07417317142459345,0.0036535323110337137,0.048246582402784566
0.01107088638392345,0.024740153518665986,-0.002792884393601036,-0.0022053289128890485,0.00038421008675704194,-0.007981623168173968,0.02159554477730169,0.022142433999692623,-0.0018251724853259321,0.032928777053758795,-0.0001788050419349041,-0.0008280048521415173,0.025845320188720766,0.0018580218713534213,0.008189509955094598,0.0,0.014181229550666752,-0.005617479877762177,0.0004293233797416085,0.032883003745101724,0.015087567451063488,0.03461274254241409,0.02033686088231379,0.015269138904805912,0.02100974206511086,0.011438521354581899,0.023012439079151237,0.03044276766886883,0.020742922727607804,0.02113523448659188,0.023035264075816964,0.012272806393651747,0.021708844887677603,0.005156512774664168,0.0051222670472756415,0.003268103673234768,0.0012285951268568018,0.00033704932138634014,-0.014601556511774416,-6.374294135247371e-05,-0.005881789593354392,0.004646406604502273,2.23909082704421e-05,0.0,0.0,0.016777532804147455,0.02224130523864426,0.0,0.0,0.0,5.6693933993323675e-05,0.0003788072591456859,0.0014370791778981484,0.0,-0.043972616759316074,0.0,0.0036749132914829508,0.0008277010868231183,0.0,0.011511974545180326,0.006344595353509286,-0.09941549071150207,0.006657665862452755,0.0,-0.005581107468668578,-0.0009950668012502217,0.006588849360653182,0.001675622768359919,-0.0003384776932816025,0.014595922859926946,0.014385944866644906,-9.165363378160762e-05,-0.00025846472574064805,-0.003020220783576555,-1.1102230246251565e-16,-0.010198608895352845
0.0008563668564686711,-0.0022444682367841473,0.0034726975581001462,0.001926332591961455,-0.0008940625814165548,0.006940218475300686,0.06827666804884802,-0.00029457773324115255,0.0022955516440268386,0.018545588672078728,0.0021251061901504387,0.006630224923378836,0.03502224971793888,-0.00014075967499510567,0.00031992652000656374,0.014181229550666752,0.0,0.0019071725173364085,0.0035200765353123886,0.02466361443069054,0.005118615828387685,0.021251021369096124,-0.0007805174126543912,0.0012505014307894746,0.008896589578544167,-0.005774751441946169,0.008369046803467117,0.036765199863849185,0.03344552892953562,-0.0010922787389071043,0.02301653033679657,-0.007805478306182945,0.019954327180117803,0.007458992901110406,-0.0042969974903552255,-0.0009730649608156172,-5.052556143830822e-05,-0.0031903707989537344,-0.002351312892414692,0.027641316390148662,0.026358975449811417,-0.00075062136700349,-5.551115123125783e-17,0.0,-0.002980703849431332,-0.0027031862192600786,0.0010724179668095135,0.0,0.0,0.0,0.0,0.0,0.0,0.0,0.02394098331106237,0.0,0.012195485905468983,-0.0007872484031400395,0.0,-0.00034905329984652456,0.0008756823025288796,0.019747179015262573,0.013285179961148141,0.0,1.1102230246251565e-16,0.0,0.0010896926348727964,0.0,0.049875879000412016,-0.0058504607388926155,0.014439330129839445,0.0,0.0011612600996422917,0.00013494034063044058,0.0,-0.002878742869450779
0.013012759002521856,0.0296635313413246,5.2803651002464314e-05,-5.127891229683712e-05,0.0032648021788532766,-0.008986907630969931,0.018215738503047196,0.010408797924820357,0.0025382218894751674,0.01780123924114224,0.0030559547775817486,0.004031440560317512,0.02656820089843509,-0.00022208133866497004,0.005909857387363215,-0.005617479877762177,0.0019071725173364085,0.0,6.882788026663089e-05,0.0267083256851669,0.007866307139624384,0.01996494125878756,0.016189714442716496,0.00462465509228599,0.03015602496496711,0.00895938716231992,0.01580205673706253,0.03023961081460913,0.013724630060601484,0.02148645026058693,0.018728644682831863,0.0075279136378537115,0.011209691304128355,0.0022328923232454723,0.005408488535108336,-0.05499050444319492,0.000268845018871644,0.004931399268751857,-0.020798464315914977,0.0016141891033514266,-0.011354370607556896,0.02932123763057848,0.0,0.0,-0.003854538895794013,0.024063376359187705,0.030938289651418704,0.0,0.0,0.0,0.0014632854785032734,0.0003777260998406584,0.003038326569469285,0.0,-0.00042315950384214096,0.0,0.0020420204316757284,0.0005485040399660912,0.0,0.003641336812864604,0.011788389320853854,-0.00045522170654554994,0.008320524089022452,0.0,-0.0021873123287949325,0.04314979984960704,0.0008820013643176527,0.0018189243171193858,0.03230311665536284,0.013519840890742152,0.012357761695427905,-0.00032786088354436194,-0.0007417841172303596,0.0008899117309622562,0.0,-0.010959237390771759
0.0,-0.002118833053599778,0.01932467827006712,0.042813318123126165,0.04110001037004518,0.06780512591618981,0.046311102462649745,0.02311994082704949,0.02097495782633474,0.03889246235598848,0.035828635894715855,0.0033731347293332603,0.035415230047859236,0.03109676655832655,-1.1102230246251565e-16,0.0004293233797416085,0.0035200765353123886,6.882788026663089e-05,0.0,-0.0009499375736124471,-0.0009403492717818818,-0.0015145182624504705,0.015151364767090059,0.0021596521412556857,-0.00010763526607426854,0.001633177192432611,0.019291409323459463,0.04323763473237735,0.0008972136486149473,0.00015888824885457176,0.033381867685661315,0.03823070996116246,0.0027941071573434617,0.04068077743851756,0.02811197605112109,0.034534147290386785,0.018576654266576398,0.00018116514794652705,0.06794226393581287,-9.43645924554315e-05,-0.0006577261817136693,0.0020323122633717494,0.0706744626240347,-0.001811935463388925,-2.663215813436537e-06,0.0,0.0,0.14817163656978372,-5.551115123125783e-17,0.1926689562103847,0.0655312045194516,0.08343393199908633,0.12170663514533941,0.10369238165185202,0.000487341272181141,0.16905164894697555,0.001085238509641262,0.12636764191681804,-0.006999602832032825,2.220446049250313e-16,0.0,0.0,0.0,0.18085854399825985,0.00011615748773236012,0.0,-0.0002443715226910226,0.09117159332295299,0.0,0.0,-5.551115123125783e-17,0.08927123251747116,0.005442639688882034,0.000761971003330808,0.00040045970575497414,-0.0006226197398889743
0.008421692835915928,0.014245899523991523,-0.0017623789488042663,0.005221539672202069,0.017470125659149183,0.028755813871592262,0.03900373561853798,0.04578721948014158,0.02265416113578933,-0.0023092245470358597,0.00012488944975214133,-0.0023982967186158555,0.037424896237056804,-0.0014848397357313248,0.06511245672431504,0.032883003745101724,0.02466361443069054,0.0267083256851669,-0.0009499375736124471,0.0,0.04014688700440483,0.032769008914071085,0.07539880163894969,-0.04125226071137966,0.02326418832269922,0.04229961857884368,0.021624374699472815,0.05563789607155056,0.012696965414301875,0.06605737951968638,0.018585593906538744,0.0073208325033693455,-0.003002116901130669,0.0011277646170521072,0.017215283851998164,0.021591967044766125,0.004805498811513209,-0.01210963788143804,0.016264129782672443,-0.005281701708341746,0.016195368224059647,0.039958154434687254,-0.05253803692295905,-0.0026764682500440284,0.0001868029020848927,0.002898894812738362,0.00640488963027902,0.00011632112667675498,0.0,0.0,0.039113928943991405,-0.0033715601518273797,0.057073662836434,0.0016223559217223293,0.0001881995231768907,1.1102230246251565e-16,0.0022261113470010696,-0.003352106103054142,-1.1102230246251565e-16,0.058668132439329335,-0.0005973727255236816,-3.5619102694284255e-05,0.0007572312551100691,0.0,0.05947940150714304,0.0703276258409638,0.03213011473628252,0.05226996761621233,0.0,-0.03600698331663088,0.031353007576354563,0.05448593780148964,0.044952011015963966,0.04369942023898887,0.00175690172026699,0.02891325361432595
-0.013281312934353973,0.008593497632813696,0.005751608905131156,-0.0019644215651491437,0.0025569518735463204,0.03255160019394754,-0.003463200437685221,0.02121852768748861,0.0004018408637878612,0.026212416650554682,0.005932580498827222,0.017307406236040768,0.028795553515945427,0.008943481105859186,0.03276121869091059,0.015087567451063488,0.005118615828387685,0.007866307139624384,-0.0009403492717818818,0.04014688700440483,0.0,0.02613375040746424,0.05921193972397415,0.023927865305054474,0.0036007608301183436,0.02392044455997555,0.05593604083941439,0.03030906050217852,0.01765089975811407,-0.001310946226002474,-0.012624780914905598,-0.00077183523740465,0.016362846839783174,-0.016319913213987736,0.010775840663177216,0.009992078110252323,1.8881450795760202e-05,0.0009977554481586104,0.0011157241943218765,0.05355776881282698,0.0012898770281430383,0.0037233987089341225,0.0026135550616142034,0.0,0.0,0.013497139079645337,0.034397973930409664,0.0003321193081857743,0.0,0.0,0.024214228089891487,0.0019386251366757534,0.08235854478331345,0.002780777462818962,0.00017358639718384472,0.0,-0.0006136798859517345,0.06267529616360629,5.551115123125783e-17,0.023013676324222687,0.02159582452262726,0.0,-0.001697780584581754,0.0,0.05745108819848138,0.01882319664934512,0.024132143261661687,0.03789407140600143,0.0022786483283656067,0.028514839746493215,0.031318733012518585,0.04236293836407112,0.025540059224518852,0.04830763902494761,0.0031349995747896875,0.0562035723701092
0.01321525721698602,0.03082120549281009,-0.004303621859927664,-0.0003399493392479136,0.012308599003680976,0.016934199711307718,0.03431783692849982,0.0289854230695602,-0.006370121838242315,0.0002297336781562076,0.000236576775196784,-0.0049442576395577476,0.03900993877556974,0.001142420424146029,0.029754369780819467,0.03461274254241409,0.021251021369096124,0.01996494125878756,-0.0015145182624504705,0.032769008914071085,0.02613375040746424,0.0,0.024932232279021416,0.04489662972147612,0.025761032398359474,0.02231470518109474,0.03435923008112185,0.05107754380544327,0.020159014346672832,0.042953942825418256,0.015068214421773585,-0.00016948860370025187,0.0022173663799401333,-0.0058107932529420925,-0.0015755099921916371,0.03427758440816797,0.00642548519503594,0.0005493601989017272,0.004086870438705648,-0.004940562426384909,0.011331050832161571,0.02641888834925349,0.013753805669243557,-0.00022388548380503082,-1.920015816830878e-05,0.01921950605237438,0.01277934804894132,-0.002623387314164227,9.442642946666524e-06,1.1784215312060642e-05,0.02436364429783161,0.0039322828051429615,0.07423686907078902,-0.002097991605213123,0.0027191585425523357,0.0,-0.00030167018822879754,-3.119259302541977e-05,0.0,0.03610763590920374,0.009163525279641871,-0.00038337824864354,-0.03886651978041933,0.0,0.05483881065200635,0.02558830378866256,0.02394674350696374,0.05301113040270239,0.0007147417231018749,-0.000961995766784296,0.016054396201257592,0.05551031765987302,0.05545407242661399,0.04218202336906346,0.0007209126949465627,0.01870096906020763
0.03177113132260939,0.04663212180088261,0.04463818893511079,0.0019192563629523152,0.038738867047169445,0.05478485835888952,0.036557730236966846,0.044354399213729356,0.04288051484784694,0.016453220792499,-0.002952789057619254,0.05788936244242249,0.033674428927294386,0.017102711847515217,0.041704640366965584,0.02033686088231379,-0.0007805174126543912,0.016189714442716496,0.015151364767090059,0.07539880163894969,0.05921193972397415,0.024932232279021416,0.0,0.045194352149013406,0.028126747822536824,0.028144132619187967,0.05180863731891777,0.03933276694394783,0.03631596498508549,0.038725482766895025,0.019341346290126737,0.027881971457159982,0.0134584757454701,0.016130293387266015,0.027529523501488018,0.011533650162394216,0.012184127612879181,-0.007940962990863387,0.0615572206882567,-0.0035420875305973154,0.02914599377690419,0.0463358623099005,0.053431762938973226,-0.003936482246024331,0.0018855457987733137,0.013829672311626517,0.038456097725392435,0.12160649883433955,-0.001568543424499469,0.04200363725896206,0.04730893367211719,0.05229279779823881,0.0760885792308631,0.07443961911400354,-0.0005857111159590089,0.12450770745767942,0.001027113673783553,0.055302682942879544,0.09203806541772502,0.06303659318091082,-0.0017887127551775017,8.66474065484013e-05,0.0010367390289696687,0.15310337439519817,0.05656030789431821,0.055000690077558034,0.049573965581609314,0.07065298922033303,0.000565658511024858,-0.003604087404590006,0.04078213143997139,0.0525020256313693,0.04408780450613037,0.049619587511344265,0.0152991395238804,0.037400925022267995
0.02797050630557063,-0.010006230151647477,-0.0006213872277442967,0.12584320670012872,0.04770795071105055,-0.01380015737178808,0.05545281376367156,0.033425654500098934,0.03718755482964653,0.0067213636863270865,0.02881653378772725,0.016599496326358487,0.028956510042994765,0.0020192653053100473,0.06205011008636607,0.015269138904805912,0.0012505014307894746,0.00462465509228599,0.0021596521412556857,-0.04125226071137966,0.023927865305054474,0.04489662972147612,0.045194352149013406,0.0,0.027606236986923105,0.034526112064661885,-0.0156537960173036,0.04374875824978458,0.0379339714583537,0.00039693562102344204,0.02493976892917632,-0.04563767220306292,-0.025311834871538097,-0.012468760128204692,-0.04928405361633503,0.025273714194938124,0.016067301144712054,-0.00800581919954485,-0.053393220750931725,0.0022260173415406537,-0.05790463887618713,-0.15820890840268476,0.02042715264902628,0.000834699188469068,-0.0029742523119286046,0.042346408367476884,-0.0020870317697434526,0.0,-5.551115123125783e-17,-0.0003422413818686687,-0.0004491086866501015,-0.00034115028155573546,-1.6653345369377348e-16,0.000582091227151027,0.04662615415180266,0.0004547094217168257,0.039955910767498326,0.0487316547160237,0.0,0.011612749103584952,-0.06660330541926834,0.02251247071388013,0.00897554118642463,4.170641810219422e-05,0.020388689649814218,0.01656918039928934,-0.010476464093382098,-0.019740101734810223,0.11277012422483135,0.02158271115719612,0.05027869431096321,0.02247417979500632,-0.01581813188301706,0.0031059000252643965,0.0,-0.0019426403572224138
0.015220421863061717,0.02677730177935106,-0.00977192346799527,0.00017967716915573417,0.012775575994715183,0.003847905954494857,0.015179237487042085,0.01989743806266686,-0.019146652324975144,0.00977969641786991,0.004485617960757304,0.011166264643272972,0.0133251558379327,0.00045933701752187694,0.017298855984622663,0.02100974206511086,0.008896589578544167,0.03015602496496711,-0.00010763526607426854,0.02326418832269922,0.0036007608301183436,0.025761032398359474,0.028126747822536824,0.027606236986923105,0.0,0.020732082708917243,0.023774685106485838,0.026142920985749885,0.011650066685420346,0.006303532806246015,0.013605654691013602,0.005724073541475472,0.010551177044871185,-0.006786834104009987,-0.001068423616618075,0.0021651572701254507,-0.0005677438091168385,-0.01783805742800021,-0.014347780252066289,0.01818831195017151,-0.0006167586350926957,0.021772695427909272,-1.3072136900604825e-05,-5.551115123125783e-17,0.019314123923941662,0.03217680458888039,0.03891814010035344,5.551115123125783e-17,0.0,2.220446049250313e-16,0.0016010012495166759,0.0018358492153273676,0.003060292761623673,-0.0010548704033930267,0.03748438271173232,0.0002991586962252657,0.03938520188608774,0.036542348307098016,0.0,0.046593664614421104,0.02315971525313726,0.031179391455263106,0.021149770397110412,0.0,0.004532297036727584,0.0443980355959821,0.01688287272864286,-0.0049161953346697485,0.05509742433379933,0.02459356181098038,0.026945028035468166,-0.0020280277372018984,0.016864400924144596,-0.0009484447111697825,0.0,0.005821736766855934
0.03219736957728997,0.043707239488486815,-0.005383110687991521,-0.00253222665393521,-0.0011486074468027851,0.02296697997012026,0.009818822405975647,0.02792189242146803,-0.04463835285120743,0.019586305626660527,0.003094682629145973,0.033924771098995554,0.01329853454983887,0.005302538173078297,0.0340024626630997,0.011438521354581899,-0.005774751441946169,0.00895938716231992,0.001633177192432611,0.04229961857884368,0.02392044455997555,0.02231470518109474,0.028144132619187967,0.034526112064661885,0.020732082708917243,0.0,0.05563798382792673,0.039061909173884135,0.014592376776698723,-0.00570879363586424,0.0010752074714824311,-0.008874124806407035,-0.006886319458226486,-0.0188265331340019,-0.02970172951228689,-0.001073048839442925,-0.0014806993818931025,-0.007709415056472824,0.006174116173198518,0.024878341531521186,0.0026716094131056245,0.008148649732556856,-0.0014967706131386316,-7.36519793002044e-05,0.06316358064516009,0.029310709145779268,0.03414041302272963,-0.0013118450935308834,0.0,-6.787458755486142e-06,0.0025988927307122323,0.003054497181811666,0.005219151678584499,-0.0014307229621518536,0.04523035142975368,0.0,0.04008271457568968,0.02985244081516858,0.0,0.02300635445074317,0.01898690944374637,0.036037423096642596,0.020192453943556177,0.0,0.03400384675177115,0.01932010002935386,0.025794261494450632,0.029207692903217786,0.06902319366022225,0.023008182153632817,0.027233224995050986,0.038222881318303537,0.018380094632403476,0.02494506383945283,0.0005865137542229171,0.012110947451004717
