0.0,0.39221217637230577,0.11169422713312824,0.0,0.167854424026015,0.00532996842286464,0.1573842628439371,0.40293611193951284,0.16335165536333696,0.5027565448115886,0.11602762763050092,0.38809487486691185,0.10179814310664739,0.6831387963333857,0.4405836632102223,0.4097460363390529,0.11282732926214355,0.25165358077468825,0.0,0.36482865727267577,0.2594226813443351,0.21342089582815255,0.3043033838715998,0.32167998049158336,0.1894977458868857,0.5185942872576351,0.39786933549692904,0.5738130351419045,0.44584577229747885,0.26900483779741585,0.38747686194941966,0.5377860637811078,-0.14230203560283122,0.1636591698702442,0.1304270978553702,0.1916945759817411,0.23587870723253723,0.13858002853347062,0.5732255296675951,0.05324916338130874,0.05685475265438919,0.413125877593439,0.22613092732705414,0.0,0.20590511439996434,0.6300156841117089,0.31261778009146435,0.0,0.0,0.0,0.11307780452902025,0.0,0.24490193384380246,0.0,0.0840653491828543,0.0,0.22326166276426557,0.317756679439447,0.0,0.24196558865236314,0.3755121717507187,0.07483448971931786,0.3526993931241909,0.0,0.12738258442205003,0.5124628825480505,0.6543028076330561,0.7883046917174212,0.5003091321673367,0.3837637312879087,0.5029368502183972,0.14504831024875087,0.15401599476366018,0.550770275092474,0.0,0.39106302437428364
0.39221217637230577,0.0,0.17137528033808713,0.1056095385631123,0.11126093223529354,0.08492421540666967,0.15849575423363788,0.3449525190375555,0.14786762275811202,0.17158554176845167,0.14088652926097245,0.14263158234058013,0.2430797641803825,0.24316296772921916,0.23519145342796724,0.54741782469556,0.2271153051477864,0.4479727714133535,0.21879390537738339,0.1907818620948107,0.19220075122076863,0.42675231023203714,0.2461595227834763,0.20649508126682084,0.3482455083273628,0.26155825983077435,0.13721641562013426,0.2671594388738721,0.09139001600159412,0.5447811502060198,0.36416838208801616,0.44760238817112735,0.1102763846074401,0.1446091400033747,0.2483136419981098,0.21109897490579888,0.0788773396304808,0.0,0.3811951535396296,0.21821946217379884,-0.047674564264497524,-0.11394958037940346,0.24094858875754577,0.0,0.0,0.5626592727331609,0.16859033281240848,-0.018479846799851284,0.0,0.0,0.07375744066557427,0.21431968261382814,0.2223971335405468,0.20110397690590684,0.24030709926838115,0.0,0.14181433633578064,0.1878969118674571,0.0,0.21368605667963386,0.3176212403638592,0.32721130425700107,0.49158746143403065,0.0,0.06184068928888764,0.39800534868930637,0.020785815607291792,0.4426037662183707,0.16223810800014069,0.5291416025661542,0.3912801522501898,0.28164311306253165,0.16404612588375234,0.2365335236900395,0.0,0.2713728321311499
0.11169422713312824,0.17137528033808713,0.0,0.5317117675617512,0.4231736551295649,0.0907795041246239,0.4615735557073277,0.5696750986489967,0.001193912097750851,0.028261165034962406,0.2729042593050889,0.09854714019546436,0.5698181749807568,0.6852411216250105,0.12512204414996703,0.1236104840405145,0.15722530480475727,0.15480284418715823,0.22350038324215785,0.13205269272527254,0.0743656024044378,0.1793038875060453,0.12886047627795422,0.13855724258551697,0.19266058890039764,0.10395825463521202,-0.032587222112517654,0.5494275637030305,0.11675098094373285,0.6159245662283156,0.6158034960975219,0.6668628139972516,0.14159639707950722,0.6391701227938628,0.5799915464810599,0.6147895103449766,0.42891481790093855,0.03219978621855608,0.5892406106665405,0.20008717237795634,0.5672830855848882,0.13764955000055484,0.7027792267048896,0.22613178226531766,0.0,0.0,0.05566942842161922,0.15296917117872225,0.18512024194481402,0.6897058054889351,0.49429280838268086,0.07777192822197707,0.6414983098803007,0.4426644270712914,0.14710598299924513,0.44771522336093167,0.1656729665939218,0.06682776705320245,0.6016296370597385,0.1037266506014794,0.0,0.0,0.0,0.17425236084028106,0.21382444448859259,0.16507832843909617,0.016625315503419988,0.6579406028899817,0.0,0.2817287248336741,0.15389858101409223,0.4190205436106031,0.046534225679230184,0.8798785427933984,0.27832370578031007,0.03149108129524151
0.0,0.1056095385631123,0.5317117675617512,0.0,0.3948507222258168,0.21791259159332727,0.23755135704279537,0.43484325058504286,0.528936741353893,0.03901550806244816,0.32378508569663544,0.08573575034148471,0.19834847450276627,0.09740294613957846,0.2920574502058361,0.07794877422220194,0.1669846314851742,0.2206397404919535,0.42935895138385094,0.31492552946834906,0.24778684693251726,0.36187628794810694,0.5608350733244614,0.04241263611554069,0.38412066340349027,0.31409643906662593,0.5089151013290857,0.25035285243545297,0.07601641736666608,0.20313312158849192,0.1388486732881859,0.17313387749880624,0.02246484710860297,0.0983776031622389,-0.09231140236331728,-0.03136443215389603,0.1357665558418542,0.07957881265129081,0.1496114642456348,0.13387632046660686,0.1435266096129763,0.07292782062183363,0.048799927400174185,0.07938102466528021,0.0,0.0,0.0,0.1351265318033371,0.0,0.0,0.26928005656852594,0.0,0.23700228812229335,0.033877348245055505,0.0,0.05178393106374905,0.1567270481338513,0.1922299626729584,0.0,0.0,0.0,0.0,0.0,0.0,0.0,0.0,0.19442583537166955,0.14684521020847352,0.0,0.0,0.0,0.13359399988406187,0.22091894461727105,0.21665317354405486,0.0,0.0
0.167854424026015,0.11126093223529354,0.4231736551295649,0.3948507222258168,0.0,0.2571817608819995,0.2881986682641124,0.2541299225192769,0.2179232412150338,0.45029238240108554,0.3947190557312138,0.12913953398886796,-0.04897022060033934,0.3797375723481626,0.19291667365991075,0.14528807848718153,0.13398811900386454,0.10975077494339026,0.41188454688823695,0.17795407845466543,0.12899964150028354,0.10423252298558644,0.3327813736423101,0.13016886149732193,0.10705250138155914,0.05980222954996485,0.3207524250609631,-0.01306854961921463,0.17821368665326862,0.15452648272185515,0.2954147909208809,0.2822504635496627,0.1444794140605646,0.2154965831348709,-0.02246886801789133,0.07702338638574069,0.3745562014111851,0.14461593559165925,-0.009695171768820478,0.36789718373403657,0.20358872427993557,0.1422541654946941,0.3398564352511924,0.32477353294183886,0.08782562278344352,0.0,0.15700653804728604,0.6300564523585339,0.0,0.15991495677517464,0.05453533126405432,0.12112479845098126,0.19614980184627628,0.5515153075604692,0.0,0.5368922761841198,0.12131561463064726,0.15077950786182084,0.13112306248068478,0.09581799293000669,0.19766239741858627,0.0,0.0,0.6036326361394697,0.08421690867848385,0.22427023894945122,0.13568551587128558,0.25010524295519315,0.0,0.19800444268475098,0.18320597624128104,-0.0860247160625105,0.08555299463213221,0.07369637273342017,0.0,0.12595546218304665
0.00532996842286464,0.08492421540666967,0.0907795041246239,0.21791259159332727,0.2571817608819995,0.0,0.335662293883738,0.41619171798252574,0.3331913946076455,0.03350094816007654,0.2515977534273393,0.12198827034712384,0.46374105684800865,0.3402417997105905,0.2701401882176686,0.18295068322193644,0.15683275853706286,0.12975147640938928,0.207224599309829,0.1393298861808235,0.29152377095136467,0.10206782265201264,0.3076051135252026,0.1221894926298594,0.22299132050433013,0.10504289043972616,0.4117344852304319,0.3543448342509723,0.15684211237305654,0.48218760356733537,0.4286484293706414,0.33442255284107203,0.25965581946179306,0.40145982792837115,0.2264798465370649,0.3393674474267517,0.26537218888748515,0.06352367840673881,0.6907699686472585,0.12189866229927061,0.4604433568635198,0.08921856605934353,0.36718380476158524,0.14259884328808534,0.055709606412185406,0.21218159153536778,0.09831809441051696,0.514379450285146,0.24269136553093348,0.05865862523807436,0.5009535798188178,0.5272283727241589,0.438867557019677,0.5212050516275152,0.22546482597286782,0.3973684707776691,0.177677824202373,0.547092737081485,0.19205419432269874,0.234590534326092,0.16715170241690974,0.0,0.21521739793147904,0.47999414512203764,0.6772193463148488,0.01982973874797351,0.11584051328986225,0.5775072498159112,0.24388834983090768,0.10203347817949682,0.08652369264353539,0.45553224334970394,0.6059519273373045,0.6639939984785933,0.10231216422409826,0.6375804010978428
0.1573842628439371,0.15849575423363788,0.4615735557073277,0.23755135704279537,0.2881986682641124,0.335662293883738,0.0,0.29983942995418345,0.40924587280353036,0.40564843862267613,0.36863266529964417,0.4183190380387036,0.5052291885580675,0.2911856914737814,0.5096541681756137,0.3310658376423423,0.28580431932334777,0.29391721585810465,0.38241990431463646,0.14207207091977347,0.24484342783128268,0.20009988890817426,0.33293683187330103,0.4038557810725293,0.29212241653161763,0.23627581461584646,0.308845455982956,0.23792558885434242,0.23445975985702686,0.10475503338246145,0.19644115852781352,0.27420170415697437,0.2783210920956461,0.21857381925059244,-0.1328854538178308,0.2610366692678674,0.21753749475152154,0.238394453694285,0.2794906280223916,0.15653821272148605,-0.07913452653881206,0.19267672385212647,0.0596776662191787,0.36100349159070033,0.12343750674547432,0.0,0.14227070817443005,0.036093638756060815,0.0,0.12465542674278138,0.0032811053899831216,0.13260130002576384,0.06524226955244475,0.11026815001816304,0.23279219122517392,0.07584765824127492,0.17055741651501558,0.10056750020941425,0.08619278454659406,0.07105455289755214,0.27800987552621353,0.0,0.21040338145636805,0.12385009226001681,0.17125068028854354,0.1650138476410298,0.15013706042612254,0.49654388463795773,0.19785241934559047,0.19592180942625015,0.11085440976739418,0.35901049059487594,0.12229739925683952,0.062486612227992996,0.30374266927630506,0.07765056179868629
0.40293611193951284,0.3449525190375555,0.5696750986489967,0.43484325058504286,0.2541299225192769,0.41619171798252574,0.29983942995418345,0.0,0.47974995737164655,0.09722405890789514,0.6883257984226268,0.28511091099091845,0.44192294150946093,0.6152511034139466,0.04506906012627725,0.413250088408332,0.2185516635672823,0.28858529797617005,0.4286510220112612,0.4857148228784174,0.4772566152810401,0.6533350662296247,0.465343341969989,0.10153050283431506,0.22156360309944112,0.3444731371363294,0.5343375853331797,0.4639701173772603,0.33354023930173604,0.4314927599391155,0.43938145298410347,0.3829829375708802,0.30692684619094035,0.49097112994540837,0.24282740136869965,0.5799570374672595,0.5332472139412734,0.25257841269297826,0.6204329287784381,0.15550843939895503,0.30094311882295083,0.1338210392945343,0.7293389926360884,0.2250666242825863,0.0,0.2549642800112001,0.12753064665261635,0.7281108320804683,0.0,0.21891889902434397,0.4871676107409925,0.31948443831509193,0.5804426482095173,0.6776093879745606,0.3713590936001609,0.5845840915248496,0.45196724102457664,0.5219977402344628,0.0011042659350073702,0.6913830509359982,0.20057876395530339,0.0,0.3146547186367621,0.7574343763441438,0.27796906463147764,-0.03705821436138333,0.5683730949221311,0.635620769219325,0.0,0.12264446396469936,0.097111727546853,0.28545814334820907,0.4105700934733129,0.42336455007978113,0.15208842591929012,0.34041161994428293
0.16335165536333696,0.14786762275811202,0.001193912097750851,0.528936741353893,0.2179232412150338,0.3331913946076455,0.40924587280353036,0.47974995737164655,0.0,0.30969004930020266,0.3541312376767385,0.016407960713353403,0.45148348159266016,0.274424358878924,0.1143600768738433,0.09678428385135925,0.09085586301673731,0.1445819162288064,0.12472620830086137,0.14930015172631608,0.08726320054521426,0.3575711370156014,0.21495291283378884,0.10785485306839895,0.14163495079883082,-0.11831269262168392,0.21567801738789508,0.49718052691500375,0.19236123777744363,0.14564589671902256,0.5044005781417293,0.6722761800197965,0.09082028671473152,0.5442569317622655,0.3522647503331867,0.47930592203964273,0.5129164305851229,0.3745574029649317,0.27670323331255925,0.2228162361665895,0.061113426630210306,-0.010974748227519659,0.47128261246406966,0.11713549125486682,0.08071879014042285,0.0,0.14599807964431064,0.5130146396953782,0.19360545675153462,0.15719794655834268,0.5079295015694076,0.12313566289634839,0.6967667922669148,0.5010530288333223,0.042085380554067756,0.5985676168598609,0.10545476576168174,0.08744965893502993,0.5361436204890526,0.170561394304009,0.31428183736543963,0.0,0.0,0.5720051950518668,0.19932663543807816,0.26693303665566204,0.16961029482427903,0.6620432858725244,0.12452771347783366,0.24442985459207456,0.06941835281957942,0.38667651694049604,0.05935035437476161,0.08061148701795273,0.16834110957577286,0.11717803086054644
0.5027565448115886,0.17158554176845167,0.028261165034962406,0.03901550806244816,0.45029238240108554,0.03350094816007654,0.40564843862267613,0.09722405890789514,0.30969004930020266,0.0,0.3322734203210016,0.6105945364813312,0.4547389906850964,0.16329216700801213,0.20508957004186304,0.25810536248778454,0.3192282247248923,0.2646130945757724,0.40145234653594636,0.037337250967678454,0.28800583510977323,0.1606800392853833,-0.003069975259212529,0.4544609209392764,0.24270937336296197,0.35211798430685676,0.02304075149629685,0.5051758047024267,0.09490843157986727,0.12189113202965629,0.6459340015689595,0.5667308563506426,0.5733471203435918,0.5376060297048892,0.5277569155852326,0.5915945738502704,0.16597828635940975,0.5146708624942883,0.7773853459338,0.5247898544398558,0.3950369120094573,0.13145884516663864,0.09100102038152322,0.14763922984699526,0.39503023454505093,0.23723084796551736,0.1698181330425237,0.05331736532542036,0.18373150702947963,0.21143164588157032,0.22104645642268195,0.27428583466416195,0.2161556144790972,0.12279083511534372,0.43742354510104997,0.08950657733534695,0.5645974045168753,0.561667607183534,0.0,0.385622896270231,0.15435948376788805,0.32930892918399446,0.23702389119881273,0.21495803092955626,0.20782705103839272,0.26613494155336986,0.10930586373107337,0.13707595801597072,0.25025231722616675,0.21233883699438977,0.411402632758617,0.22240173483878087,0.4291916664680976,0.14410023457504195,0.0,0.4943809548238967
0.11602762763050092,0.14088652926097245,0.2729042593050889,0.32378508569663544,0.3947190557312138,0.2515977534273393,0.36863266529964417,0.6883257984226268,0.3541312376767385,0.3322734203210016,0.0,0.5566868091089325,0.2499370019184942,0.4756104017584718,0.0,0.22038832555091808,0.09644475358248399,0.0646215785121252,0.24170570253202622,0.19949130104479,0.22057173689374587,0.1431041420243532,0.32709669877012365,0.07429610424886672,0.12999570791333254,0.09982559812809878,0.3074767507025342,0.26694269765939926,0.1374457646259365,0.22800909882202763,0.3512090198868026,0.5904467690778241,0.04492034844534396,0.4502398248367223,0.24949136808872568,0.2945049417665399,0.4827028715016317,0.3237910197155408,0.3512976097003008,0.17724066362895685,0.6121865309479017,0.756002156866701,0.6564449925356305,0.18668669272746646,0.06132000211927244,0.0,0.0,0.31142991868233183,0.23792766548750807,0.10494333638248138,0.40733177894367856,0.1140660817679014,0.6279888908550373,0.5271354856685306,0.11189315234826758,0.13388482785503217,0.08165227506913676,0.2352197369478224,0.6146095895483756,0.0,0.0,0.0,0.0,0.052168612824740265,0.13945949527227164,0.0,0.261316652642269,0.7276575486956001,0.0,0.0,0.3620981600697512,0.4925434193325063,0.2292175061491194,0.14111628966080716,0.0,0.09124381727799592
0.38809487486691185,0.14263158234058013,0.09854714019546436,0.08573575034148471,0.12913953398886796,0.12198827034712384,0.4183190380387036,0.28511091099091845,0.016407960713353403,0.6105945364813312,0.5566868091089325,0.0,0.4967097004943897,0.2679576046691228,0.1320604456976824,0.2827820852084549,0.4714975354377798,0.5120303573236381,0.07964283405670311,0.19045392268794892,0.18318984389238954,0.1107220136435762,0.12893995307661485,0.5584554521214236,0.4533947273131512,0.21013130974555844,0.054290215332975775,0.6817676868391249,0.18398924353212562,0.08410363575918467,0.6552735580145082,0.5639073436999725,0.6183530051066339,0.4114976562859163,0.5209707136366903,0.6609841829111052,0.171837153816305,0.35417671484363344,0.132247172258649,0.543807470632021,0.5154269778335944,0.07947313338715573,0.11570630869016316,0.18717504425629808,0.37299582618553556,0.13433571936357117,0.20187851965154166,0.07264866310102602,0.07929999542760409,0.11603172657957983,0.12881865147137248,0.15868224659670863,0.12489471570886954,0.17166077916015784,0.5613939421708682,0.06289047012367696,0.6513119747645579,0.15902223215995595,0.3184409144855106,0.2990967316930025,0.16153904603880223,0.4041997993628696,0.3657897007411188,0.14244850906804493,0.3190364172389047,0.3338300977398949,0.17471882339984368,0.16460064505829344,0.3779708838705107,0.34341257077096365,0.4996825098829058,0.09779606789212412,0.4909584777118732,0.16254995236405725,0.0,0.42866204599065105
0.10179814310664739,0.2430797641803825,0.5698181749807568,0.19834847450276627,-0.04897022060033934,0.46374105684800865,0.5052291885580675,0.44192294150946093,0.45148348159266016,0.4547389906850964,0.2499370019184942,0.4967097004943897,0.0,0.19760877883990338,0.3486530250112211,0.45834730372214394,0.38169324954309014,0.5104440543136081,0.33509323974424876,0.3221566186551563,0.3017199884025895,0.2918959654924161,0.4795075171620431,0.26358480869635054,0.4526652437340309,0.3744225923555531,0.45474564942430695,0.4653398846878492,0.4123119631796146,0.5016216556374136,0.29254087952049196,0.2951844646299797,0.13337070644544496,0.35576089235970443,-0.20637356176941424,0.17650877192225642,0.18765649298856887,0.23035161530554357,0.47827951898928284,0.1828314427570297,0.0992836961977983,0.31498253862791775,0.14509965274416395,0.167663735139032,0.14045794545398896,0.26935028229254004,0.1511794336027356,0.5058813401168564,0.0,0.16836704385190204,0.5777445343848127,0.11993498439370666,0.40403732966838085,0.10782412753369264,0.12326606658126252,0.09319622263910275,0.1624691969207552,0.13056859126079093,0.0784287692927167,0.11562034638902968,0.12603749514188384,0.17224817312133425,0.26076393950776644,0.09220398950049513,0.46704423805532325,0.4718696750400742,0.11574560284317678,0.5705891249552151,0.2062302700665131,0.0909619366505175,0.07087198207223161,0.46905346700904904,0.12318032225106987,0.647254285986019,0.15998435184719992,0.07934707590833653
0.6831387963333857,0.24316296772921916,0.6852411216250105,0.09740294613957846,0.3797375723481626,0.3402417997105905,0.2911856914737814,0.6152511034139466,0.274424358878924,0.16329216700801213,0.4756104017584718,0.2679576046691228,0.19760877883990338,0.0,0.2321117993800993,0.2438395808876509,0.22577766309532643,0.20956359468702057,0.570161817465869,0.21138275708176377,0.5660685901220897,0.1145428770913449,0.6970062032452738,0.43530002126732,0.24555552353499782,0.5379652584553554,0.6357942814918797,0.29335672563566073,0.23337341412923074,0.31545861651911933,0.6504914736914164,0.07954994833184201,0.0812241302103647,0.536798010629246,0.6795635916341866,-0.0412132090402792,-0.04796863396246788,0.17584648219704913,0.22093119912036374,0.0,0.3105492697935469,0.35548198652061724,0.5943605917176004,0.18515895570594787,0.0,0.0,0.0,0.7003306451206719,0.0,0.5780637813177383,0.10549417980687578,0.13445702836302975,0.6064534137654204,0.5982211332890847,0.0,0.6646457042418992,0.18970423683029364,0.5350533261108761,0.6539873198400015,0.0,0.0,0.0,0.0,0.8192325596835822,0.0,0.0,0.0,0.7816761272457906,0.0,0.0,0.0,0.10030313247599204,0.260053135399008,0.0,0.0,0.0
0.4405836632102223,0.23519145342796724,0.12512204414996703,0.2920574502058361,0.19291667365991075,0.2701401882176686,0.5096541681756137,0.04506906012627725,0.1143600768738433,0.20508957004186304,0.0,0.1320604456976824,0.3486530250112211,0.2321117993800993,0.0,0.3330522417032347,0.146449551223563,0.25349895446196785,0.0,0.30388955507816,0.24735008475024206,0.23069725065399868,0.5299882614985011,0.22297344368489685,0.2352400649953928,0.1354513808226624,0.3180472901214272,0.2608334052155755,0.19798459923813305,0.267954694356953,0.2621189236229574,0.2377666670229006,0.20659344507545024,0.11738972192983625,0.19085840473700516,0.3089570781468364,-0.09541811770230003,0.16324916046192253,0.41178585650853067,0.458883238784586,0.23430446566524255,0.3124459910156535,-0.07095809182051831,0.3135769553272172,0.0,0.3559529396852153,0.41569109992536163,0.16045220900139373,0.0,0.0,0.43092741463836826,0.25330384915537124,0.3916915727179401,0.1833599878616443,0.0,0.0,0.22767529086569574,0.4787043277254527,0.2120895999237857,0.5575831404744684,0.10156661660679073,0.2584635464535288,0.25022554063570546,0.0,0.5168249514547174,0.28471126290379506,0.40076694669296814,0.4963871631789602,0.2138839378089696,0.11187859735522857,0.37121684551922984,0.4036543976520912,0.5249324962402997,0.3566595685916286,0.12244826790347595,0.37048367153275
0.4097460363390529,0.54741782469556,0.1236104840405145,0.07794877422220194,0.14528807848718153,0.18295068322193644,0.3310658376423423,0.413250088408332,0.09678428385135925,0.25810536248778454,0.22038832555091808,0.2827820852084549,0.45834730372214394,0.2438395808876509,0.3330522417032347,0.0,0.28268911231416965,0.3608124996021007,0.2320984584806412,0.2666869547651268,0.4224792517239807,0.4301100913679654,0.47055406739344674,0.2585846572954575,0.4244584038569942,0.3995425365319019,0.3183576596193522,0.44983801512782023,0.2783358582082058,0.3699433102039175,0.43124719748177454,0.3502733116584729,0.0633179050439405,0.18274222471317422,0.2908266648250887,0.27522682985650754,0.11329174712484714,0.2892629823904973,0.47050318625569026,0.07350125718838749,0.12451039763317062,0.7216485071737238,0.21304495572378693,0.0,0.0,0.49909823151844823,0.29986732081002726,0.0,0.0,0.0,0.12931467649180078,0.25273591663453526,0.38745812990027856,0.0,0.1858801330162851,0.0,0.041283547723596506,0.2785459847208293,0.0,0.44299012871755283,0.34880514207953406,0.24812639370978024,0.3673428709999161,0.0,0.38764192986365303,0.46437731545736677,0.41299081002304927,0.1322608457725168,0.14050081002854986,0.4392154437290801,0.48162304290345337,0.4401152235406437,0.22867893516735946,0.19954833805619757,0.0,0.3372914955045451
0.11282732926214355,0.2271153051477864,0.15722530480475727,0.1669846314851742,0.13398811900386454,0.15683275853706286,0.28580431932334777,0.2185516635672823,0.09085586301673731,0.3192282247248923,0.09644475358248399,0.4714975354377798,0.38169324954309014,0.22577766309532643,0.146449551223563,0.28268911231416965,0.0,0.4229890963467282,0.08702336163155559,0.3165890815021514,0.12629134542414022,0.3079986814423121,0.11041363288496495,0.14297826010628314,0.031483198063753354,0.16621685299007535,0.13497683986441789,0.4433181765848961,0.37446495796357193,0.2468808260104165,0.4755005311146216,0.42878834683371925,0.4434125492278274,0.4544537593466754,0.3003224827952942,0.4475613110949739,0.1164121311185828,0.4586652786114053,0.14659344940968655,-0.1491105046926148,0.09735980080432238,0.21764364882809428,0.0,0.0,0.1460006753396967,0.2783502442021189,0.34581600027182957,0.0,0.0,0.0,0.0,0.0,0.0,0.0,0.3129581015535684,0.0,0.42192093426218025,0.16012577069773112,0.0,0.38223267619150264,0.12311653885632672,0.06699422454791279,0.01951532474487183,0.0,0.0,0.0,0.20538663130936627,0.0,0.06942042549451377,0.0162797187414499,0.14395114415749702,0.0,0.08338364287820813,0.19669929732462788,0.0,0.16171231888933751
0.25165358077468825,0.4479727714133535,0.15480284418715823,0.2206397404919535,0.10975077494339026,0.12975147640938928,0.29391721585810465,0.28858529797617005,0.1445819162288064,0.2646130945757724,0.0646215785121252,0.5120303573236381,0.5104440543136081,0.20956359468702057,0.25349895446196785,0.3608124996021007,0.4229890963467282,0.0,0.14413024661483767,0.26384323784227415,0.3260399209215773,0.29344943527844036,0.3680838577518205,0.16336766361491337,0.3208213546299444,0.3352179273918504,0.5665992437934069,0.41077133370559127,0.29597814182047266,0.34316945781035124,0.42314168354196446,0.5409195109036895,0.22105436958130995,0.34564687195799504,0.1213625832178988,0.6190950314765508,0.09232272793144679,0.4548811616809415,0.23808335054594687,-0.039345254467657784,0.019307742797327124,0.0733362409861272,0.0,0.0,0.2836717761524211,0.3318950287514499,0.20081076460426137,0.0,0.0,0.0,0.12064599347765849,0.21932113387425772,0.3340505830504682,0.0,0.14015000696758362,0.0,0.012457086842699437,0.16524940003988073,0.0,0.13716800233807785,0.1163281787330782,0.15238742596867583,0.06399216452899889,0.0,0.10743874881031992,0.23490880691859134,-0.019535936882770534,0.27631732354091887,0.29272617255770694,0.06500292537465016,0.14679037253460217,0.18005339954297794,0.35681580806818425,0.09368801146626501,0.0,0.08362238805597512
0.0,0.21879390537738339,0.22350038324215785,0.42935895138385094,0.41188454688823695,0.207224599309829,0.38241990431463646,0.4286510220112612,0.12472620830086137,0.40145234653594636,0.24170570253202622,0.07964283405670311,0.33509323974424876,0.570161817465869,0.0,0.2320984584806412,0.08702336163155559,0.14413024661483767,0.0,0.236966619783649,0.19577423402831512,0.23820555419397155,0.03984488270694023,0.0977745252187279,0.16298227348489075,0.1152183759616545,0.12045837466444828,0.3617778630555967,0.29712227372464417,0.22586279810114201,0.4304812305775988,0.6131802830612025,0.15081096613463654,0.5067166249755071,0.2911238327846596,0.5166001060802433,0.35295066114002926,0.4710200482232731,0.2833890867700137,0.1793990229760264,0.1051965831244385,0.01194424287183319,0.4623908432795402,0.1065267817482739,0.17679757456939718,0.0,0.0,0.452644212196307,0.0,0.14431582843763993,0.5053113095634936,0.10532288295082443,0.5919382661459733,0.5392665439254416,0.35587281489159245,0.5877623720411851,0.1584410437978387,0.08127127895504019,0.7159538257227556,0.0,0.0,0.0,0.0,0.4207047293950322,0.23633451743275022,0.0,0.2432937698429448,0.7079129558603448,0.0,0.0,0.0,0.42254637837974424,0.13023862927872296,0.14393946366822263,0.22925684228414936,0.1954262151300332
0.36482865727267577,0.1907818620948107,0.13205269272527254,0.31492552946834906,0.17795407845466543,0.1393298861808235,0.14207207091977347,0.4857148228784174,0.14930015172631608,0.037337250967678454,0.19949130104479,0.19045392268794892,0.3221566186551563,0.21138275708176377,0.30388955507816,0.2666869547651268,0.3165890815021514,0.26384323784227415,0.236966619783649,0.0,0.2009368521465761,0.1688006797293971,0.33662346306625873,0.36968466757303875,0.2456223609085268,0.18947429861840315,0.19574192900837992,0.4947183004146333,0.3566144457406403,0.5161219184720677,0.1558738769725288,0.15731811074111982,0.19878387101822964,0.07853616119465964,0.18527604966632177,0.25448996151423786,0.11442338260462982,0.34954673820168636,0.3023358275002254,0.5504313881101224,0.2643167417060485,0.2947777060708716,0.2628423434279524,0.053156329715969945,0.07320434676007281,0.1651444986739756,0.22489526970233442,0.1360019659728598,0.0,0.0,0.5221204037163951,0.2153056156712419,0.30112448284683574,0.14954885261623094,0.4120342797687291,0.0,0.23852165405923748,0.5684600138939074,0.0,0.3117946680654419,0.1558877532329576,0.2188100426425629,0.1571340701504671,0.0,0.28882205321088067,0.046615821084148926,0.2515787995981822,0.31189761051846876,0.0,0.13524745985563869,0.21599017417017488,0.2862678831901743,0.3751640866549586,0.34807502403085594,0.07313950603216865,0.24295835645404676
0.2594226813443351,0.19220075122076863,0.0743656024044378,0.24778684693251726,0.12899964150028354,0.29152377095136467,0.24484342783128268,0.4772566152810401,0.08726320054521426,0.28800583510977323,0.22057173689374587,0.18318984389238954,0.3017199884025895,0.5660685901220897,0.24735008475024206,0.4224792517239807,0.12629134542414022,0.3260399209215773,0.19577423402831512,0.2009368521465761,0.0,0.13388016132218086,0.46980263261084393,0.07956126494446439,0.21748601772017315,0.501565608310578,0.27554286861852284,0.34311053320660273,0.24208135809492565,0.4697375727841646,0.3863977001151619,0.48957003958931705,-0.09211095918134408,0.17549954408324925,0.1512520723015306,0.37454478826080606,0.0933315064798551,0.2046544849304749,0.5154507561623017,-0.06882809892586295,0.004513877476044217,0.056508212322346714,0.2071160843301308,0.0,0.0,0.6139812352835685,0.6393436064449852,0.2573972044580597,0.0,0.0,0.3854560778182421,0.14602414578678283,0.2310415491004304,0.15538422215086786,0.2597707969929282,0.0,0.2956477983650552,0.07197787791617793,0.0,0.3332541558756038,0.7298903462319251,0.0,0.1597767444351312,0.0,0.3312689107911453,0.3719774438721439,0.3675759101050211,0.3509643375601171,0.40643073181261397,0.04397433038608081,0.5160547090684475,0.30843735962368335,0.4826107039841686,0.5331370359958043,0.10735698168860232,0.6187914689416448
0.21342089582815255,0.42675231023203714,0.1793038875060453,0.36187628794810694,0.10423252298558644,0.10206782265201264,0.20009988890817426,0.6533350662296247,0.3575711370156014,0.1606800392853833,0.1431041420243532,0.1107220136435762,0.2918959654924161,0.1145428770913449,0.23069725065399868,0.4301100913679654,0.3079986814423121,0.29344943527844036,0.23820555419397155,0.1688006797293971,0.13388016132218086,0.0,0.40255849077419714,0.16611930342615386,0.5260382374207258,0.3045266774494239,0.1465620191096207,0.41632044700318543,0.1952462471946722,0.40654821779052114,0.2775502251643653,0.13254925236431667,0.03403943680365517,0.02433451932531535,0.06668246373662941,0.019193824341193967,0.19491227065617697,0.268851675782564,0.27706693945121774,0.2618878340150776,-0.1384666917492548,-0.02804698616031227,-0.2379207618022267,0.16312252779008596,0.09043378258771839,0.15090180964352518,0.15653288056699732,0.20481735271036977,0.20581870435930547,0.11535165750779836,0.44213439676545996,0.1804521710099407,0.44344241543056484,0.21434058358467623,0.1039320258895383,0.0,0.1943335331316744,0.14668578606844707,0.0,0.1623523187428542,0.07428839999787286,0.16946144571535823,0.19097229981731534,0.0,0.14567737920293272,0.1577555496887771,0.12072573829050944,0.33359149374447594,0.3656205319653495,0.11337046520187447,0.2143009574296015,0.19907906638454287,0.14523596861647795,0.2237320077561652,0.19512218343476703,0.25683213489126766
0.3043033838715998,0.2461595227834763,0.12886047627795422,0.5608350733244614,0.3327813736423101,0.3076051135252026,0.33293683187330103,0.465343341969989,0.21495291283378884,-0.003069975259212529,0.32709669877012365,0.12893995307661485,0.4795075171620431,0.6970062032452738,0.5299882614985011,0.47055406739344674,0.11041363288496495,0.3680838577518205,0.03984488270694023,0.33662346306625873,0.46980263261084393,0.40255849077419714,0.0,0.1797571071836443,0.3619670684827111,0.37418828864477993,0.18175950320290704,0.4204136807738231,0.36440796191616837,0.41640601528836985,0.34933901377537085,0.4984250907979295,0.39918712189453237,0.3543106422931155,0.2848339738230472,0.49065138095977623,0.48002078059587705,0.01688875215293028,0.7098049016602502,0.10727645252705041,0.572517924471246,0.5829074429235885,0.6438932799768301,0.1455420290070291,0.16551874441982498,0.16596912169154399,0.5727163902924253,0.5471435177268651,0.15219763412225237,0.155544259729015,0.5562547545511167,0.4703245409693787,0.7297114627283472,0.6500105384878745,0.23844029061117145,0.6355012325711281,0.11478286863304946,0.6074340436570802,0.7663273528679857,0.4489317012136315,0.18799464691947948,0.2078270510383916,0.17461878249781032,0.5205945591943976,0.49436001334254487,0.4026739272055002,0.43116759023476886,0.591457576453952,0.05795244181051241,0.1471674607840815,0.46150757017866023,0.44717169808986335,0.5626075047673526,0.6631991316125614,0.7104244455348075,0.5913819903367371
0.32167998049158336,0.20649508126682084,0.13855724258551697,0.04241263611554069,0.13016886149732193,0.1221894926298594,0.4038557810725293,0.10153050283431506,0.10785485306839895,0.4544609209392764,0.07429610424886672,0.5584554521214236,0.26358480869635054,0.43530002126732,0.22297344368489685,0.2585846572954575,0.14297826010628314,0.16336766361491337,0.0977745252187279,0.36968466757303875,0.07956126494446439,0.16611930342615386,0.1797571071836443,0.0,0.35755363537570284,0.28653470064654174,0.24608120388547272,0.46775770099503355,0.2283544392430551,0.3737058830906315,0.63803065220356,0.7042211963788372,0.45731431548454715,0.0769684651330278,0.001712971102835182,0.5725754803751689,0.1491887621638923,0.5357607291383226,0.7184198661620613,0.47658004539177007,0.30530121333884586,0.2820302347720152,0.27380642459458376,0.08288975141852505,0.3286478316765421,0.4532707425390074,0.3133625134519879,0.0,0.0,0.23912380402257855,0.27269628612956537,0.16673062901586672,0.0,-0.06889890032407525,0.3089957330991744,0.21558612207979855,0.4235241878679184,0.16251392157852373,0.0,0.12438503191522655,0.24227130753033396,0.2382983556168169,0.3126600116390026,0.17883413091939568,0.13558627609202095,0.24594784386880322,0.0442319260501333,0.3715209793514433,0.2685703571093131,0.42565471756422846,0.4687294708717438,0.23593660322445187,0.4754907683882822,0.2287119203082856,0.0,0.3058102031228224
0.1894977458868857,0.3482455083273628,0.19266058890039764,0.38412066340349027,0.10705250138155914,0.22299132050433013,0.29212241653161763,0.22156360309944112,0.14163495079883082,0.24270937336296197,0.12999570791333254,0.4533947273131512,0.4526652437340309,0.24555552353499782,0.2352400649953928,0.4244584038569942,0.031483198063753354,0.3208213546299444,0.16298227348489075,0.2456223609085268,0.21748601772017315,0.5260382374207258,0.3619670684827111,0.35755363537570284,0.0,0.2818791685118695,0.30570323293857077,0.5035590433563031,0.22072935805867128,0.4812432395357723,0.4789527882552975,0.30120231066073155,0.2441757772978859,0.24973731094565793,0.08470630677288143,0.12781469834982934,0.25545522513190094,0.4712158118966905,0.2740887697378613,-0.13658969875833038,-0.046234752948650384,-0.0004428489146952458,0.025673494718601055,0.0,-0.226137415347347,0.3997746548669674,0.22348580091670767,0.0,0.0,0.0,0.11762708144582086,0.21102558496761525,0.28641638161130994,0.19094151782095609,0.1790345210118116,0.22207199134044434,0.31264763841998006,0.10032682813822913,0.0,0.09641441305981946,0.156411650513843,0.14469783995237417,0.07679265323309722,0.0,0.1857761233227066,0.10368047270241693,0.12619725515575825,0.1453400432859555,0.3356988575544663,0.12238696114615136,0.2352331830094958,0.10086561197117669,0.10538703530714366,0.10303743005052388,0.0,0.03664530515362911
0.5185942872576351,0.26155825983077435,0.10395825463521202,0.31409643906662593,0.05980222954996485,0.10504289043972616,0.23627581461584646,0.3444731371363294,-0.11831269262168392,0.35211798430685676,0.09982559812809878,0.21013130974555844,0.3744225923555531,0.5379652584553554,0.1354513808226624,0.3995425365319019,0.16621685299007535,0.3352179273918504,0.1152183759616545,0.18947429861840315,0.501565608310578,0.3045266774494239,0.37418828864477993,0.28653470064654174,0.2818791685118695,0.0,0.0911162882102882,0.420038961071865,0.1416888820564222,0.11735138345708615,0.40140699654772666,0.4893951442530982,0.1823501876514873,0.2314757139936506,0.2015473112995383,0.2463320298917309,0.1875409848526823,0.49043433197333963,0.4343941416335017,-0.1669477050404116,-0.005082093076985289,0.003535365924338986,0.05738206262987919,0.2512698751515688,-0.13996993979784694,0.569906874010917,0.32124879130318196,0.24785457021974738,0.0,-0.01218312725714225,0.07517220492379821,0.10919499407909347,0.7456427311592122,0.15820505808266971,0.4568027297608859,0.0,0.6090585868993609,0.13802067004710444,0.0,0.29755065268155756,0.3528094515839896,0.2882587733310057,0.18965792154729677,0.0,0.28275989306824945,0.567825034415932,0.3068940047826346,0.3968578384986903,0.43389762312485736,0.2841624714315373,0.40961803742225006,0.4231590028572303,0.15714019632146958,0.3780047536990393,0.21545347476909688,0.2334282309024961
0.39786933549692904,0.13721641562013426,-0.032587222112517654,0.5089151013290857,0.3207524250609631,0.4117344852304319,0.308845455982956,0.5343375853331797,0.21567801738789508,0.02304075149629685,0.3074767507025342,0.054290215332975775,0.45474564942430695,0.6357942814918797,0.3180472901214272,0.3183576596193522,0.13497683986441789,0.5665992437934069,0.12045837466444828,0.19574192900837992,0.27554286861852284,0.1465620191096207,0.18175950320290704,0.24608120388547272,0.30570323293857077,0.0911162882102882,0.0,0.43929461582664137,0.37074337784192307,0.3748640035025251,0.32654000475582584,0.3654933886912769,0.322702327289704,0.3075213924725952,0.17810318421907412,0.3550046372379345,0.38912857936675876,0.05210660009453803,0.6066609176511554,0.11916000067958492,0.6154133286785392,0.49714658185677807,0.4867923115942944,0.17102997589559144,0.1436832872401567,0.1547694952174405,0.2357111281401743,0.6509523753185752,0.19514573065345975,0.08500029615769059,0.5590117450825056,0.6053229310983178,0.7287749623008525,0.6070166702338579,0.3256355490455107,0.651877609661351,0.09122605933839152,0.5357018861132476,0.18212254473009404,0.3161312465016673,0.14601917248853394,0.0,0.09963413827038281,0.6626885648479037,0.42708580632316834,0.1768172698317335,0.2327300507401626,0.6151139524644021,0.0,0.15157811932903092,0.23155640414352052,0.48194150802995495,0.5787899527207738,0.5577095114679743,0.02727830452434956,0.5976559831502927
0.5738130351419045,0.2671594388738721,0.5494275637030305,0.25035285243545297,-0.01306854961921463,0.3543448342509723,0.23792558885434242,0.4639701173772603,0.49718052691500375,0.5051758047024267,0.26694269765939926,0.6817676868391249,0.4653398846878492,0.29335672563566073,0.2608334052155755,0.44983801512782023,0.4433181765848961,0.41077133370559127,0.3617778630555967,0.4947183004146333,0.34311053320660273,0.41632044700318543,0.4204136807738231,0.46775770099503355,0.5035590433563031,0.420038961071865,0.43929461582664137,0.0,0.35616089712427795,0.5117143456510045,0.41141311023732074,0.4452238623460414,0.5877803186607795,0.29465267503028125,0.17793588728386225,0.38839974953514095,0.33160873924218504,0.45392028903950504,0.6107336123409763,0.18104956283271242,0.11604709062712391,0.1636956976843705,0.3307058398642124,0.16250377466351387,0.4496522118092715,0.23120068924770606,0.15530380817382833,0.4517578110182967,0.0,0.20549083727640594,0.5581778618063733,0.12454873818635963,0.46132752475468136,0.12089771415942799,0.20295836428296038,0.1093476477670639,0.15644357137026432,0.1391751004382237,0.18277030576806055,0.30136553402010813,0.14668693254131251,0.07272761467344815,0.18697899484592462,0.19975046813289785,0.47250155948370737,0.36483504410420675,0.09627711236292891,0.5812075669687063,0.2202082253262051,0.14342206887577585,0.0595680112940012,0.47845691403052293,0.5905052959608755,0.6112569195680378,0.14078047801034713,0.09375129761322509
0.44584577229747885,0.09139001600159412,0.11675098094373285,0.07601641736666608,0.17821368665326862,0.15684211237305654,0.23445975985702686,0.33354023930173604,0.19236123777744363,0.09490843157986727,0.1374457646259365,0.18398924353212562,0.4123119631796146,0.23337341412923074,0.19798459923813305,0.2783358582082058,0.37446495796357193,0.29597814182047266,0.29712227372464417,0.3566144457406403,0.24208135809492565,0.1952462471946722,0.36440796191616837,0.2283544392430551,0.22072935805867128,0.1416888820564222,0.37074337784192307,0.35616089712427795,0.0,0.44841885651866836,0.2930005380523867,0.12023443202576622,0.2219757024116868,0.18170042142561707,0.06580451490726602,0.09269143992030891,0.2524441612156191,0.2042205249810621,0.6031359247389885,0.14017058230676643,0.6994634582638287,0.4023324756170608,-0.10753711879009281,0.1849579993355884,0.28034163692484493,0.16238745003292787,0.31859418373594267,0.4823108119660984,0.2313274854198322,0.16405884020505343,0.5673453750367211,0.1327420995512327,0.38060527540429706,0.12797025873998785,0.29919669044126995,0.1352696505016143,0.19618041988146473,0.5236678998482467,0.3383710845638289,0.37433509562792777,0.11726864809937129,0.20832236498049847,0.14638175279079804,0.16011144988749768,0.4668920757435284,0.2823552668768374,0.32772932701403457,0.5173946287061865,0.2025259153960211,0.18789373777932017,0.4219556070717814,0.4650124515212992,0.5736261867943885,0.5573840494026059,0.47323807089277303,0.6063846103209842
