0.0,0.061134395783245504,0.09941520724462817,0.0,0.1846200487007794,-0.019454044139364895,0.12160313733921974,0.3082539627768267,0.19540491773628627,-0.039915532905133985,0.20841440822316934,0.11533651680694365,0.08856226412528868,0.152901892326437,0.4134598722737316,-0.07763994817480366,-0.1428010385604842,-0.3330028123489945,0.0,0.779738740072275,0.3736371739158021,0.518509975687212,0.36552961146230933,0.2879690116880318,-0.1574458316163898,0.1656648373096327,0.3993128315325015,0.0803803708416658,0.054081849687718245,0.31860567193834555,0.06881009240717847,0.15655911967703653,0.11497978368781,0.2519655647826089,0.05477091714624669,0.20508952236769393,0.21461019718090496,0.10210950608146052,0.3535799837227799,0.04533215959849125,0.0764085625508921,0.1929209136767649,0.20399137113652044,0.0,0.14710507761923264,-0.0580726333861976,0.18492597601385774,0.0,0.0,0.0,0.6862233961532953,0.0,0.978943412790209,0.0,0.17453589306071374,0.0,0.17109926653680255,0.26721064568777136,0.0,0.030540415494202444,-0.01183850164852978,0.054941759788164596,-0.09980769826044802,0.0,0.43031427239862236,0.010024151551991607,0.13510421733349998,0.3164664001407846,0.33728720233643156,-0.020100577467791717,0.09481924410790246,0.2723117126266729,0.16994882021256466,0.07470413675584503,0.0,0.282789407503036
0.061134395783245504,0.0,0.14142218371353502,0.1194367240605333,0.3841138617890072,0.3173344909245937,0.26932078516336405,0.08837513461194393,0.20997152995186413,0.08404536249515956,0.13457212772262792,0.1429954404049579,0.2784252928019662,0.26570992695187806,0.4042029490535736,0.03539479174138593,0.5326041283697212,0.05814696457077865,0.22904210221271207,0.1100359024256892,0.18939475683275073,0.1290661117390537,0.18514463746608079,0.10358509493312311,0.08660493910951561,0.179777662981317,0.2049765280336881,0.19528070412683046,0.21487933655126187,0.11291717565330431,0.41616045284068437,0.34640171306395723,0.3186685000332884,0.49765931918000106,0.2626931732964103,0.47527128485666287,0.10442096315143128,0.0,0.11706998190060422,-0.11095639109553247,-0.0494386867855478,0.05676445665597754,0.2662268021483795,0.0,0.0,-0.005654396998499038,0.08810088722792797,-0.029383763807268513,0.0,0.0,0.32975134795383176,0.23494449088132172,0.2515950466249251,0.19078609300426966,-0.23930967455658841,0.0,0.12589098077531646,0.19151740511478413,0.0,0.389571532430926,-0.03568345217639704,0.2533031263129872,-0.11122390209382418,0.0,0.2782389222207304,0.26321343462909125,0.2906985437775558,0.3853024440908979,0.33131345312002236,-0.06765077704516978,-0.030670989180992106,0.26636894651375376,0.1658274189142618,0.7009743600147088,0.0,0.1813892073728799
0.09941520724462817,0.14142218371353502,0.0,0.2943953610076969,0.500375562982464,0.5513449117888821,0.34481218842203554,0.6448867796164646,0.3675959034668728,0.004352183594487448,0.57845635472482,0.07404771261600929,0.29804456096686344,0.5132991318234436,0.10819017647421089,0.15319873293798367,0.2107650230377637,0.13625909255174398,0.53649380710144,0.31953663152801404,0.10868905680949567,0.18688791662530907,0.5515207811823517,0.13223383991810467,0.13506837197773944,0.05056542479586851,0.46247439431754284,0.34613622543499273,0.44000778139305474,0.5674588486643668,0.2841116148356604,0.31390155773288564,-0.09415247410296446,0.36277811389021253,0.25835134792005643,0.4963016087312256,0.2956312842784671,0.04845975613229915,0.6736747504142301,0.2104545791890297,0.4510577737916267,0.1935342447419244,0.6528072060908998,0.21950197627364598,0.0,0.0,0.050834417321956135,0.39985876221283473,0.18569853369906048,0.053924891542169964,0.38411886420413555,0.5541863241142945,0.5675064003776236,0.5331605227766818,0.17433489530876226,0.5166562612302119,0.16675682705851347,0.49359523322427257,0.461797477287436,0.10244897964429937,0.0,0.0,0.0,0.5063258362166677,0.22954172375532209,0.19877694750125052,0.015326661139240751,0.4951590406232277,0.0,0.2757144968401143,0.13957481129113747,0.4806431332779349,0.6504647045665646,0.5143007039765659,0.31582465429700635,0.760085927993925
0.0,0.1194367240605333,0.2943953610076969,0.0,0.08028250919879931,0.18867637073338417,-0.016012466474035706,-0.17653124200987738,0.23924020860787418,0.004720370207499616,0.24116237466863213,0.09598735068159003,-0.14583699560414184,-0.14409423470914315,0.2454692144012403,0.016736000778902475,0.20446422223472333,0.20464950732529935,0.33463270618762103,0.1110580596761306,0.17250034883469223,0.10887434523204419,0.3061530692437298,0.057358111788487154,0.3846857986853003,0.29287478502687847,0.20193509244629917,0.32032471042852617,0.33205871398521286,0.157163214615592,0.4746047336609823,0.016714545936033852,0.18787264827298147,0.00946149023896635,-0.30543925780663733,0.023609113372577838,-0.022874509195284193,0.07622573996100791,0.05125372433940978,0.14880954573064098,0.1490451215149976,0.08721823122598939,0.06212962486687889,0.09107512454443956,0.0,0.0,0.0,0.16615755490841455,0.0,0.0,0.2505461332593712,0.0,0.23728866954163844,-0.02274437590838124,0.0,0.049585788380440005,0.19491639042328832,0.19589937537799576,0.0,0.0,0.0,0.0,0.0,0.0,0.0,0.0,0.20962999921495756,0.1753215497810774,0.0,0.0,0.0,0.14668854216858151,0.23312887147275588,0.21684303411678288,0.0,0.0
0.1846200487007794,0.3841138617890072,0.500375562982464,0.08028250919879931,0.0,0.3078896658065813,0.37769798404113497,0.6481010226663624,0.23821524033859032,0.16010438485666573,0.4116188106454841,0.10474289038839088,0.24850355689540396,0.5789739647026622,0.19849762679566813,0.3102595187668989,0.30639064420255163,0.23820922398575292,0.4640565400027262,0.2950220423231802,0.15647147446507972,0.3804628611709938,0.4559146083643126,0.08907673111501398,0.19655515275120888,0.04979022227310511,0.39804162172764046,0.507357357541142,0.2196970547964241,0.10699323214378458,0.2759561761024283,0.5718658127150177,0.28219219043572574,0.32423934307346586,-0.1003546397632319,0.4000331639215222,0.3092352927929719,-0.3009948485872852,0.18587898970863323,0.3663787684705154,0.2261122756226245,0.17796302303274125,0.5708246212029563,0.303470535188206,0.11147181473252162,0.0,0.17358825640606165,-0.03339128825097576,0.0,0.1551083211282943,-0.002753424519188391,0.13872056714155664,0.0903516366129038,-0.05477568792540197,0.0,0.0782913228518476,0.16187809887613736,0.17279138413764072,0.07795688495833378,0.10578298664288283,0.19565483924416033,0.0,0.0,0.028713132008246562,0.09620981687486424,0.21698975953160618,0.1112884011245452,0.5478384923251247,0.0,0.21149097522491914,0.1967995419180608,0.4344466674884587,0.10844067811628293,0.08231957232024519,0.0,0.1633452077428305
-0.019454044139364895,0.3173344909245937,0.5513449117888821,0.18867637073338417,0.3078896658065813,0.0,0.22422156794152104,0.36907147459869194,0.09963537993938489,0.1938576010278952,0.38957914766618584,0.03927861852500836,0.18300034871241286,0.050232608154803855,0.2930116234530648,0.1854195649907317,0.1033421830750623,0.2974308160674833,0.24423167204835472,0.27940636332431074,-0.03903149518755522,0.2360206761808809,0.36635366423826393,0.11756336907397671,0.31868435104825227,0.36993800178519654,0.37677757907291765,0.18235791403041857,0.10444542354551606,0.3833361122095596,0.224647004115062,0.21268958849946096,0.2940948319550252,0.3205074884096833,0.19959770037688418,0.47415034445068444,0.17644812052033937,0.013918673052961496,0.5468028653546022,0.08216171990987844,0.6872861348205433,0.09690441922610855,0.6287653321778194,0.16957898196805457,0.051167727898415616,0.23560891799198125,0.5710750162458375,0.47443717165885596,0.23806744294881507,0.01548516221465478,0.4689553648881677,-0.11806649206569722,0.4659244589695951,0.4140707841770508,0.2943621696492298,-0.12712099478324432,0.13682312420862602,-0.10652667650969297,0.16784982610518334,0.39412906251741336,0.13426227350816458,0.0,0.19852349786476847,0.42273507230771096,-0.053908225447564836,0.03499828359623833,0.40822840370315994,0.5283259578302175,0.262038541703967,0.07582486485349142,0.3321526144868762,0.5020722536011156,0.49686482485844946,0.36954162045191574,0.04839642627098726,-0.10627449584930454
0.12160313733921974,0.26932078516336405,0.34481218842203554,-0.016012466474035706,0.37769798404113497,0.22422156794152104,0.0,-0.2664228885551855,0.24656614611866842,0.019315441759384235,0.4245376341411177,-0.011569786762935573,0.1919794673772527,0.09329518018889243,0.12908197142318706,0.2785032476646459,0.08900831583030987,0.31231088838438903,0.3981056574563646,0.31981276383976326,0.03477675148294503,0.2611849120868276,0.21471012179916604,-0.008302392361456301,0.37166241563952945,0.3716121397721449,0.2699285581798206,0.17441752225117044,0.16637902281610153,0.03421154959394787,0.10564432111636865,0.34693672591273184,0.3857394915805008,0.18706075777417966,-0.001551142798637964,0.14549493893132007,0.14169518267281803,0.005654350351228236,0.29846542620107636,0.15459364356619998,0.2741709665961064,0.2563479177952779,0.12230889568819817,0.3949417525530819,0.12085062861725485,0.0,0.14224279015053812,0.018965704969493784,0.0,0.15409567160387824,-0.09037347254744367,0.12114957449673008,0.05499904339395273,0.04487490523860217,0.2247911036334958,0.10240703373494729,0.18548231426426004,0.08694579145560963,0.11508311945652246,0.07835157532422148,0.25645767371467987,0.0,0.2378892601256778,0.12890284731055324,0.17633806864434748,0.21892899267722332,0.1567674776165965,-0.11803045244879762,0.20957617292911312,0.20591291836585046,0.08938439834445701,-0.08650373524642876,0.10573244825983993,0.045222112122513536,0.2771410171829054,0.0852746479501285
0.3082539627768267,0.08837513461194393,0.6448867796164646,-0.17653124200987738,0.6481010226663624,0.36907147459869194,-0.2664228885551855,0.0,0.39418637123628775,0.06899116836631075,0.22318140230661038,0.1691419455111567,0.006861884776282148,0.3695004446698039,0.01405442511851095,0.10769784691443018,0.18476016508856274,0.04969415269742773,0.4736113534746591,0.48420144723265524,0.3483175797655671,0.07458356519830016,0.3605630649915606,0.07998751033545426,-0.026349722764904153,0.04325013341540757,0.40144700200200756,0.19960553895047323,0.050818306640977966,0.3475894963096686,0.3709853690116826,0.29300757648314507,0.29337776493284584,0.25288896588478094,-0.31318792287446445,0.10297272436720944,0.0901380866572881,0.17805151830039817,0.40571931337228806,0.1501796635633527,0.30475701262367416,0.1226032912225532,0.42298523525472975,0.22209098609046013,0.0,0.22281014402874633,0.09173843286545107,0.48455614670018343,0.0,0.21185561358016586,0.34824341003091686,0.5276310430396849,0.20482033597073432,0.4254831512064706,0.36427907275163834,0.3819834383442706,0.40506224883228675,0.3489176558653452,0.4133779069148684,0.3241676225230627,0.15083856856771108,0.0,0.2741606393329072,0.5155686456369346,0.34908130993201764,0.12477204014394186,0.43121883626717616,0.5149994118674349,0.0,0.13243715704975365,0.34037087951956946,0.4625925269061454,0.3721767349537748,0.27694745035195417,0.18844746434868642,0.43520069020144847
0.19540491773628627,0.20997152995186413,0.3675959034668728,0.23924020860787418,0.23821524033859032,0.09963537993938489,0.24656614611866842,0.39418637123628775,0.0,0.3393558041249434,0.13245805636869637,-0.06891597238355353,0.3719645756270879,0.22781514841935716,0.26940254290848026,0.23580880277596333,0.08737595215553831,0.10752021759380534,0.14850475947492553,0.2201852033607148,0.09669520856555583,0.2188595903789197,0.3706218140343385,0.05232493282365525,0.23438421126161305,0.09695503599673116,0.35718270905147725,0.20681028625468093,0.21304029230322147,0.3607963557933153,0.2149737416776793,0.2441660498363631,0.141696407524987,0.2401586824113689,0.02309893495140658,0.4561984506998151,0.20236108850420603,0.16083680386688168,0.37812026724952696,0.22883363150042693,0.11824722766365173,0.1264669858099956,0.34941449014940146,0.13421598448309996,0.0775808268962074,0.0,0.16408950527130933,0.3444901468340883,0.20999647099656382,0.08538924220545678,0.24974816843342548,0.07207226386463791,0.2780788423868061,0.47954459229811464,0.07653722530999706,0.4176949969827971,0.1126875695384977,0.4137672210955756,0.6589067943608876,0.14806174980367398,0.2866539363965268,0.0,0.0,0.39127425947891575,0.19998218693086559,0.313692082530354,0.17623873067986176,0.311627200182014,0.1233426121264049,0.23505910338693567,0.04891253655620775,0.3161841308074724,0.5099702399145741,0.6303085433952939,0.18545112595745522,0.0935757483309511
-0.039915532905133985,0.08404536249515956,0.004352183594487448,0.004720370207499616,0.16010438485666573,0.1938576010278952,0.019315441759384235,0.06899116836631075,0.3393558041249434,0.0,0.3469811014512875,0.034490204905108804,-0.03352752751437404,0.5110966739998056,0.177131088314073,-0.25666027972190464,-0.15882208530022288,-0.24240464256692576,0.2959560205345131,0.5115937669548483,-0.2989466375449642,0.2832946359062436,0.09720764912311433,-0.015302886354099803,0.1657151246058717,0.16250116676321422,0.09351385146114356,0.009371389613371008,0.22483985037893825,0.10450966681569632,0.012671540628912849,0.16965076474818086,-0.3097081720362138,-0.1985596591274778,-0.024093786962488803,0.3429263866397508,0.03943681168553998,-0.29424988579144645,0.02028395121973786,-0.0760216377581632,0.3029712630532694,0.16433116622097085,0.1351243415582028,0.17677353075375304,0.05370599454621385,0.07400160350135288,0.1557036216994439,0.0745894063948448,0.18697224041210536,0.19177852167578222,0.1842419412216011,0.2399455751179157,0.2171463946595979,0.09424895456627908,0.20093425475143303,0.14185479187326092,0.2682649206912139,0.09733494515996823,0.0,0.38775286567418055,0.11645631720260535,-0.27199926281597253,-0.37472719346877487,0.20514961973907783,0.20437306713994347,0.23972111465944648,0.09328879500484757,0.14507840491277288,0.281989066254197,-0.2488529327062917,0.021560605018806085,0.24356789626709438,0.3104697731023043,0.13932058533159108,0.0,0.11370779923109314
0.20841440822316934,0.13457212772262792,0.57845635472482,0.24116237466863213,0.4116188106454841,0.38957914766618584,0.4245376341411177,0.22318140230661038,0.13245805636869637,0.3469811014512875,0.0,-0.04621426670171522,0.3064769633583734,0.664622874405599,0.0,0.2280816652123184,0.3459406323938775,0.09490312232139352,0.5418183723507037,0.1949255927700105,0.20915853482588853,0.17048510034416636,0.5355872189553349,0.3452661003630983,0.10831042758017606,0.06378415862821903,0.4745144032462651,0.36008912949942584,0.10301129223858559,0.23205845527768018,0.24220099859487282,0.5005671228671991,0.42467285130775917,0.3754206566787891,0.1268268366116808,0.44473455235397524,0.2291371718134308,0.287227644102382,0.17229189185908095,0.16024484533704636,0.1172103771505891,0.1491716909239612,0.17141264478960772,0.1789701072418505,0.07923062167915065,0.0,0.0,0.5264632632523951,0.23717524130596235,0.02206142258094434,0.16186997318086893,0.013831288969379296,0.42701978053876943,0.07454946396415046,0.1441103383511382,0.656967623053226,0.12790933566203916,0.009616111543412721,0.42834424848303976,0.0,0.0,0.0,0.0,0.6663252722808909,0.13885528632708974,0.0,0.2614947211788153,0.3953444165589915,0.0,0.0,0.400683885635551,0.06441762984553014,0.2517386468494212,0.21834949752743466,0.0,0.09484926104890168
0.11533651680694365,0.1429954404049579,0.07404771261600929,0.09598735068159003,0.10474289038839088,0.03927861852500836,-0.011569786762935573,0.1691419455111567,-0.06891597238355353,0.034490204905108804,-0.04621426670171522,0.0,0.03535855491769842,0.28296657816284265,0.14339711881941594,0.24576163490500041,0.018441488892089818,0.11623445061678384,0.06775781517637541,0.15370804447356634,0.12265714623327895,0.10148938030822362,0.04207444584066314,0.2011897979857502,0.09414525518804348,0.3197137808552314,0.05731044849048863,-0.04479255301395619,0.2178575054741552,0.08988614029167567,-0.11292534368099191,0.29412259981332733,0.29363181513682324,-0.2159414255315032,-0.24650432114519735,0.4098634033300306,-0.10190410540632433,-0.15557583935949837,0.33639497978652283,0.09610710844195604,0.22815449060558668,0.11002827357174687,0.10278720689913604,0.19929276648491978,0.2840066516465371,0.07038763047091805,0.22343924512170416,0.1117958834641054,0.07809812491252453,0.12540296488065228,0.11572460441054032,0.18822258039072812,0.09327270083202413,0.18487125618078779,0.2388238273974625,0.06889918862181374,0.3559629380396013,0.1925495778770388,0.3033463548800337,0.2799335306103642,0.16762660379667949,-0.2683985951636254,-0.2943927796542277,0.12645972511233405,0.2982963825534266,0.3387297989727775,0.15508936144649885,0.18901826095112279,0.2765247218003591,-0.15815192215385732,0.11176805538696268,0.11317072886423199,0.28582239791385167,0.24542180043642456,0.0,0.11704905627220276
0.08856226412528868,0.2784252928019662,0.29804456096686344,-0.14583699560414184,0.24850355689540396,0.18300034871241286,0.1919794673772527,0.006861884776282148,0.3719645756270879,-0.03352752751437404,0.3064769633583734,0.03535855491769842,0.0,0.012388579326322202,0.5032591755765785,0.2730523986695575,0.011091937959747146,0.1711430504726804,0.2753299345421484,0.4355542724330599,-0.089751190598167,0.28167037358948166,0.2176588148536639,0.028583024435306116,0.41873191958160455,0.2327506289891388,0.2229218549526755,0.1370616594038269,0.25816494195320827,0.051055803074068346,0.07126263157779655,0.26831550779370045,0.30743629529102545,0.08970019685906558,-0.0009645701990207544,0.018134354680906607,0.049992889072776756,-0.34331637636101087,-0.47848734800506304,0.1888979632237878,0.2856132348514159,0.2294813516271098,0.34022858887043356,0.197069735560773,0.15071496940333381,0.2771390362789792,0.1522552241586646,0.013160771724098994,0.0,0.21018408428637717,-0.16192072085627285,0.09554156651678454,0.2504622233065018,0.0860565526290642,0.12398570068367482,0.08760278428573275,0.1782520447788404,0.13267616957080772,0.16942697384710853,0.09222178310442941,0.1444038643865373,0.16794159563295252,0.23761492843320325,0.1349117747639067,0.06379949796257915,0.13086126714724197,0.11739134101080612,0.37019943718606396,0.1922788684824052,0.060855291272452636,0.04877647498138788,0.4175977777586619,0.08856110498743562,-0.06079177109765582,0.14895215403071302,0.07197073773002924
0.152901892326437,0.26570992695187806,0.5132991318234436,-0.14409423470914315,0.5789739647026622,0.050232608154803855,0.09329518018889243,0.3695004446698039,0.22781514841935716,0.5110966739998056,0.664622874405599,0.28296657816284265,0.012388579326322202,0.0,0.18697714427594067,0.2420061802035651,0.2035010474983744,0.22195907279232346,0.44151108595542016,0.18793563243037967,0.06737220397475563,0.0987495493196552,0.44258715385281705,0.32827319021612084,0.22685159434009575,0.11333080543867607,0.3111857809796165,-0.019215377884842445,0.146656140658152,0.3513328988140135,0.2223346686881361,0.03984290582129983,0.06296591390280756,0.43017988986577554,0.1285733754715508,0.13933522640022478,-0.007763284432356327,0.19740732322983678,0.42516838630302356,0.0,0.30429701965834977,0.36437113387389874,0.546069509541781,0.18568854812991142,0.0,0.0,0.0,0.3965517213642852,0.0,0.09028124297022502,0.10443670189620075,0.11769382009664048,0.09977034580170765,0.25871324813202046,0.0,0.5562683380078831,0.1700894423808071,0.34431158942362594,0.051754143108121695,0.0,0.0,0.0,0.0,0.06145624290388986,0.0,0.0,0.0,0.33252323987266563,0.0,0.0,0.0,0.2651322543732129,0.30041503720183393,0.0,0.0,0.0
0.4134598722737316,0.4042029490535736,0.10819017647421089,0.2454692144012403,0.19849762679566813,0.2930116234530648,0.12908197142318706,0.01405442511851095,0.26940254290848026,0.177131088314073,0.0,0.14339711881941594,0.5032591755765785,0.18697714427594067,0.0,0.19997401808009968,0.09987234631355003,0.1687116913047446,0.0,0.18657738044422403,0.27755285714200406,0.2634321423429706,0.3274519541752632,0.27704542980100344,0.0762439728796594,0.4311492708113759,0.2127257463352996,0.4657584575068589,0.2467819751931028,0.06712352925009724,0.43298710320497963,0.5583012356516583,0.4747763481109746,0.4165461460873591,0.48142323628598443,0.5506031745547456,0.15340277457946644,0.16203821977288685,0.24376676714334913,-0.04314791125844333,0.38264001404193815,0.49619936683183347,0.0710146208601054,0.30063895285346637,0.0,-0.18251496054419836,0.39588539021441377,0.1559566874559986,0.0,0.0,0.0025017778531906745,0.28626712506244695,0.38902795314930594,0.1927187189609885,0.0,0.0,0.2619559167072357,0.07384068198393261,0.21056088886559393,0.36658268125635285,0.3129338334516257,0.27633130857488036,0.20829531556045242,0.0,0.4602558542123313,0.20656162358344396,0.49702546263326697,0.3415201821429518,0.19677613540981717,0.29451780889379875,0.3036449795356322,0.3243060745015492,0.46127878645279724,0.3570171537431934,0.09957720400409402,-0.11619616169603367
-0.07763994817480366,0.03539479174138593,0.15319873293798367,0.016736000778902475,0.3102595187668989,0.1854195649907317,0.2785032476646459,0.10769784691443018,0.23580880277596333,-0.25666027972190464,0.2280816652123184,0.24576163490500041,0.2730523986695575,0.2420061802035651,0.19997401808009968,0.0,-0.2566198115781633,-0.5057523805023546,0.2322535896443715,0.18747341907505738,0.13463615081818991,-0.3194927012592903,0.12093155523998231,-0.5561826992816647,-0.5064555900359373,0.2273425964117782,0.09368619966462083,0.226526795909549,0.2405179570091218,0.1869633379340159,-0.12007448996058444,-0.15839997692204819,-0.16901170503135932,0.011012762274704855,-0.02604092949344231,0.3056858663997188,0.16213302742387475,0.29234835329229736,0.3378757717677292,-0.3176912220785287,-0.023718700015174406,0.33124490396121736,0.2059782365694264,0.0,0.0,-0.042563245991226975,0.09882443317321905,0.0,0.0,0.0,0.10764419609753581,0.2554536785268138,0.35255138345016285,0.0,0.16846860161945174,0.0,0.11155798346546855,0.24299526475454133,0.0,0.4391019773883899,-0.18730472246067142,-0.010538706058977101,-0.30261814449137564,0.0,-0.02701340651469613,0.12844014286157948,0.12271229809880867,0.0665501029093146,0.16883456194090776,-0.2934460928752952,0.006734512662243952,0.08056877597194721,0.1872637037573677,0.07230947596062813,0.0,0.30534231019980024
-0.1428010385604842,0.5326041283697212,0.2107650230377637,0.20446422223472333,0.30639064420255163,0.1033421830750623,0.08900831583030987,0.18476016508856274,0.08737595215553831,-0.15882208530022288,0.3459406323938775,0.018441488892089818,0.011091937959747146,0.2035010474983744,0.09987234631355003,-0.2566198115781633,0.0,-0.44879841281739385,0.15782848474219827,0.3324143106701768,-0.2949964608335133,0.5426817822957025,0.11937945624410073,0.09207829847525249,-0.1612567445436031,-0.09891117399884138,0.10202830918913365,-0.4288436338283862,0.41030366760368425,0.1692615597092263,-0.15002987036075274,0.16806850201828138,-0.06861838339127066,-0.039638989944326575,-0.017040998404691005,0.21079895283562194,0.0998073809708353,-0.240095143503678,0.10655467193117388,-0.09744917207368502,0.2293943611517355,0.21020634377502073,0.0,0.0,0.17548741609294027,0.20784025066932182,0.19387889122476964,0.0,0.0,0.0,0.0,0.0,0.0,0.0,0.1401631432667233,0.0,0.13135384357966118,0.12272494156130545,0.0,0.3268045862150801,0.08602657403628002,-0.16697731762790724,-0.2656293057118612,0.0,0.0,0.0,0.24498757754038672,0.0,0.07474831851932745,-0.11684599251746704,-0.07525502621257463,0.0,0.11807333145672143,0.20884591936549976,0.0,0.06391862375021673
-0.3330028123489945,0.05814696457077865,0.13625909255174398,0.20464950732529935,0.23820922398575292,0.2974308160674833,0.31231088838438903,0.04969415269742773,0.10752021759380534,-0.24240464256692576,0.09490312232139352,0.11623445061678384,0.1711430504726804,0.22195907279232346,0.1687116913047446,-0.5057523805023546,-0.44879841281739385,0.0,0.13478270858363292,0.1863285879027663,-0.2730836050626888,0.08935676146084257,0.09600449260376966,-0.09609129229349046,-0.4483558509860398,-0.10369584366516749,0.2008500907017039,-0.04945502282458818,0.20218088976848864,0.10294307436140812,-0.31511928502490527,-0.13351591937345472,-0.21116270735958478,-0.11125735620637921,-0.17631152777086437,0.21611590181795756,0.10849074382337588,-0.16233368026630035,0.112390712687997,-0.22156762559101462,-0.028936015427148472,-0.16865063668213595,0.0,0.0,0.24885382340302345,-0.14322126641069005,0.09200282373179973,0.0,0.0,0.0,0.1242552875545414,0.251296607353095,0.37227240525664207,0.0,0.32437533157697784,0.0,0.27090587319320286,0.20052364800427486,0.0,0.150867273399137,-0.28929634179154895,-0.013549798022462554,-0.17676975942043027,0.0,0.06536462488286535,0.15664937465384948,-0.03314149902090539,0.2545815812466197,-0.03520067136385836,-0.186037407712803,-0.038790398391943204,0.1392267825955473,0.2974303907036817,0.03577783673942162,0.0,0.1782165172389155
0.0,0.22904210221271207,0.53649380710144,0.33463270618762103,0.4640565400027262,0.24423167204835472,0.3981056574563646,0.4736113534746591,0.14850475947492553,0.2959560205345131,0.5418183723507037,0.06775781517637541,0.2753299345421484,0.44151108595542016,0.0,0.2322535896443715,0.15782848474219827,0.13478270858363292,0.0,0.24090877005922076,0.19645912178708064,0.26391842189984616,0.3579592977946422,0.10204349342330041,0.1547741607363358,0.12194010588229419,0.34122281642431496,0.3088989207645327,0.21343019331973223,0.2158943818033255,0.22040763127215807,0.3897298755610712,0.1361722171030303,0.2505241759229174,0.11331094105103176,0.44995347478101844,0.2582130150414809,-0.00046261468451603074,0.67137877367394,0.16577989963432307,0.14164117407600163,0.07786146221693921,0.6554683180998153,0.11253442464732426,0.173222862538928,0.0,0.0,0.48269929092756075,0.0,0.11564672158008345,0.33152183423531795,0.08946378595898082,0.41733269411446466,0.4046806125378675,0.39143860092086746,0.4626259238162136,0.19820093051069707,0.08173998930360299,0.4383974474180258,0.0,0.0,0.0,0.0,0.4677905750868816,0.23842229011300473,0.0,0.24418649554926605,0.3841035057426378,0.0,0.0,0.0,0.3697784669258104,0.4014009477423281,0.5681530972411725,0.24276498892386023,0.16577201033011635
0.779738740072275,0.1100359024256892,0.31953663152801404,0.1110580596761306,0.2950220423231802,0.27940636332431074,0.31981276383976326,0.48420144723265524,0.2201852033607148,0.5115937669548483,0.1949255927700105,0.15370804447356634,0.4355542724330599,0.18793563243037967,0.18657738044422403,0.18747341907505738,0.3324143106701768,0.1863285879027663,0.24090877005922076,0.0,0.4520455923001576,0.19283638754928964,0.15143182540554356,0.18345631176844185,0.22757622983672426,0.5159737789959875,0.2625852601918452,0.3699630207591493,0.4118981436285709,0.25877762294385553,0.31312551712787345,0.4872112046442998,0.3112394450784423,0.5195976595330827,0.38510686952685885,0.6062181427413034,0.3239083075248239,-0.3125462275233976,0.21799450443729132,0.43611511147170184,0.6805314789782534,0.5472571413637274,0.17831532256354246,0.062302316384624246,0.06829930201458602,0.21839357299067153,0.20476701815179899,0.16363141648476415,0.0,0.0,0.546282205333983,0.19763302142185432,0.37491779660494107,0.15344147397552912,0.41222327194908814,0.0,0.266405906702385,0.47697728480796997,0.0,0.4451615158340708,0.11355355837093205,0.20477215174683772,0.13385541272102328,0.0,0.4889989943521749,0.43574221934629664,0.5260652138407322,0.35241148503110564,0.0,0.07348245099730961,0.21998835207798093,0.3450977811005572,0.3648511144850086,0.43931240886621503,0.6537306302301131,0.6986069432175804
0.3736371739158021,0.18939475683275073,0.10868905680949567,0.17250034883469223,0.15647147446507972,-0.03903149518755522,0.03477675148294503,0.3483175797655671,0.09669520856555583,-0.2989466375449642,0.20915853482588853,0.12265714623327895,-0.089751190598167,0.06737220397475563,0.27755285714200406,0.13463615081818991,-0.2949964608335133,-0.2730836050626888,0.19645912178708064,0.4520455923001576,0.0,0.32068172584535104,0.295669903874532,0.09694385188219226,-0.11310288417188986,0.19238031541756556,0.2558368457841703,0.27815606650639574,0.18407537887162545,0.019050417075998877,0.18452636379572768,0.2821971038134085,0.23746087236129404,0.2281517376697074,-0.11940097390587853,0.1533301089192813,0.10318669651076409,0.173908775673257,0.295849137067154,-0.006623473290604399,-0.00441820724708681,0.2522892970757693,0.2158726181863227,0.0,0.0,0.48827371660458924,0.2074261769597336,0.2686269921512105,0.0,0.0,0.06142374122287208,0.15662579156573184,0.2558525003766506,0.24599477052099877,0.24108416175351421,0.0,0.2857885757548788,0.012737379413813591,0.0,0.2767285928771431,0.2791277158657487,0.0,0.13115240415788276,0.0,0.30929668376359554,-0.169629881939931,0.4335861204734897,0.1418134907002058,0.39783664136039026,0.19359638221684847,0.20017639791630468,0.18466068245176026,0.3337672629367301,0.08093642991151284,0.1038502683484081,-0.008354189523854888
0.518509975687212,0.1290661117390537,0.18688791662530907,0.10887434523204419,0.3804628611709938,0.2360206761808809,0.2611849120868276,0.07458356519830016,0.2188595903789197,0.2832946359062436,0.17048510034416636,0.10148938030822362,0.28167037358948166,0.0987495493196552,0.2634321423429706,-0.3194927012592903,0.5426817822957025,0.08935676146084257,0.26391842189984616,0.19283638754928964,0.32068172584535104,0.0,0.48243721375464493,0.08691232473869846,0.024500510335263806,0.4648365980915888,0.1939537523077051,0.2961323262307985,0.21216675116639724,0.29004196965413326,0.36865886875016723,0.5694167823693139,0.2585089867072014,0.46531867408758615,0.44956368710772004,0.6056827414884809,0.5206002379471875,-0.01496474578916996,0.08287265856221963,-0.21907711997715507,0.26298418938519974,0.4979861512381282,0.1210011455008551,0.17330860040540358,0.10101743132661745,0.02989980271499369,0.10556827380425614,0.19932665148892015,0.20835949377549348,0.11667806758485313,-0.06873009159971039,0.23213281293479437,0.6291096267413129,0.19755223793696475,0.18336300566522962,0.0,0.2307785373626881,0.13997566762065256,0.0,0.3715840347342883,-0.1735364801589002,0.14774226784597982,0.11460623308830409,0.0,0.45514052209350303,0.32754992010663303,0.5653682331288674,0.40589691834613006,0.3643631865561839,-0.1112777686839212,0.1380961759970044,0.4109340343746711,0.4967658688270976,0.4923719722063853,0.19496004166607597,-0.055661576116279726
0.36552961146230933,0.18514463746608079,0.5515207811823517,0.3061530692437298,0.4559146083643126,0.36635366423826393,0.21471012179916604,0.3605630649915606,0.3706218140343385,0.09720764912311433,0.5355872189553349,0.04207444584066314,0.2176588148536639,0.44258715385281705,0.3274519541752632,0.12093155523998231,0.11937945624410073,0.09600449260376966,0.3579592977946422,0.15143182540554356,0.295669903874532,0.48243721375464493,0.0,0.1410722001448788,0.12472230424934647,0.31084016815418003,0.08665126739185616,0.2430727121145172,0.122533823806724,0.24249206391251257,0.3187860048691233,0.3053949376752228,0.2866965271584501,0.37342608258970833,0.19517616652651346,0.586033576412895,0.26874775482400054,-0.06543663857023721,0.4541169564166614,0.23734853884249751,0.4794519303020586,0.4150275690394899,0.49310585000924334,0.6490125085398564,0.1980260065647681,0.15011553075219294,0.4041696648537677,0.457515555225147,0.13313276939360555,0.03040747390690659,0.40960094963034,0.3625046252756498,0.3679955177262294,0.42175105437960764,0.24490933353684188,0.49601211616007507,0.10550136667260945,0.3910118394649594,0.3004019985670514,0.2893816636611843,0.11719452441474176,0.20437306713994274,0.14626162274532026,0.38966111069814297,0.3489200383977717,0.1541533016831067,0.43489925574453137,0.4259565343451807,0.09751454694689622,0.5384283650896963,0.34226105439152277,0.33192801411763684,0.37641975464999733,0.28201636223522897,0.43775534316341164,0.47247758134634565
0.2879690116880318,0.10358509493312311,0.13223383991810467,0.057358111788487154,0.08907673111501398,0.11756336907397671,-0.008302392361456301,0.07998751033545426,0.05232493282365525,-0.015302886354099803,0.3452661003630983,0.2011897979857502,0.028583024435306116,0.32827319021612084,0.27704542980100344,-0.5561826992816647,0.09207829847525249,-0.09609129229349046,0.10204349342330041,0.18345631176844185,0.09694385188219226,0.08691232473869846,0.1410722001448788,0.0,0.2018233691498052,0.2347089612281046,0.07574229421677856,0.1256710658128142,0.2301159830689071,0.3721291357312647,-0.20265875649305307,0.23291463638236357,-0.008099544295811723,-0.18170163885323068,0.1395846799587319,0.10328760372180174,0.1602055768497889,-0.010576439926512728,0.5143471685168017,0.03787729043864296,0.28967444085856836,0.2673146214658269,0.2623922961878589,0.15392250115724182,-0.0598672825165333,0.01813101867293676,0.10218120567845805,0.0,0.0,0.19978500671625923,0.266474786555903,0.11629507365589777,0.0,-0.002110836243776279,0.3403876160405293,0.24745753103233714,0.31860739168541674,0.1017370043279751,0.0,0.06655979636730065,0.02386736346255037,0.1750843574423949,0.08790237777259663,0.21612032153824567,0.11837936630225716,0.20793564440734838,0.004295251813447031,0.36978259945515146,0.47177055136084245,0.319421673951539,0.40316124550234983,0.2157401060320744,0.32899553337077425,0.27024257854583317,0.0,0.015783169333076445
-0.1574458316163898,0.08660493910951561,0.13506837197773944,0.3846857986853003,0.19655515275120888,0.31868435104825227,0.37166241563952945,-0.026349722764904153,0.23438421126161305,0.1657151246058717,0.10831042758017606,0.09414525518804348,0.41873191958160455,0.22685159434009575,0.0762439728796594,-0.5064555900359373,-0.1612567445436031,-0.4483558509860398,0.1547741607363358,0.22757622983672426,-0.11310288417188986,0.024500510335263806,0.12472230424934647,0.2018233691498052,0.0,0.048513707231929215,0.19711204589464107,0.10437226799412824,0.3421375125459961,0.13608375965863867,-0.026791048714851048,0.0879029819278239,0.09769475124383097,0.18937486912457288,0.06683233534956605,0.10332079427397924,0.26083609999465196,-0.163359519544219,0.2243404032619523,-0.13263183368822398,0.02467098343004731,0.0933976953770547,0.02540265828412415,0.0,0.6640604989970039,-0.09322839089363037,0.14093495814560866,0.0,0.0,0.0,0.10010681090828462,0.21775594523120448,0.2739693245866524,0.1859504595391336,0.26753379906795743,0.19028938998607028,0.34256782482263665,0.06224195350624043,0.0,0.06791331565494829,-0.2302074267521359,-0.010295758650864566,-0.19652860024276703,0.0,0.038206843591325534,0.38396968231425227,0.0055741100222011855,0.07002550962769824,0.1515180624046897,-0.149291640476579,-0.03061529295598693,0.056531955338649964,0.12234449468598423,-0.011027197855647094,0.0,0.07565283190084185
0.1656648373096327,0.179777662981317,0.05056542479586851,0.29287478502687847,0.04979022227310511,0.36993800178519654,0.3716121397721449,0.04325013341540757,0.09695503599673116,0.16250116676321422,0.06378415862821903,0.3197137808552314,0.2327506289891388,0.11333080543867607,0.4311492708113759,0.2273425964117782,-0.09891117399884138,-0.10369584366516749,0.12194010588229419,0.5159737789959875,0.19238031541756556,0.4648365980915888,0.31084016815418003,0.2347089612281046,0.048513707231929215,0.0,0.3697925961265324,0.12567086250143147,0.5106430722994971,0.08549304294614783,0.1657295996910685,0.37404545333486505,0.09007062645946887,0.2517814363173874,0.1411543011003628,0.10572851047143168,0.18599347999627172,-0.07334291395884811,0.32646264683053794,-0.23712553182739118,-0.11420837059953579,0.07872738206638197,0.043461976402640254,0.23280176137065947,0.4957370581930325,0.006013759801372404,0.22719493176524763,0.24423114139192367,0.0,-0.02647783920447615,0.21688330717723373,0.15193797465450204,0.19659664842975558,0.12686617161682995,0.20552620107175035,0.0,0.3141209578877879,0.11104615205326336,0.0,0.4420629929512684,-0.002700409475670275,-0.09230765744910338,-0.21178895938414863,0.0,0.3685123004999395,0.3718409490301935,0.4649081884587735,0.3646559279738217,0.22465983878000775,-0.10386439571728973,0.14340178642654205,0.27542772802685134,0.062113696828300646,0.2322032600194397,0.19163438717206943,0.07350897895617844
0.3993128315325015,0.2049765280336881,0.46247439431754284,0.20193509244629917,0.39804162172764046,0.37677757907291765,0.2699285581798206,0.40144700200200756,0.35718270905147725,0.09351385146114356,0.4745144032462651,0.05731044849048863,0.2229218549526755,0.3111857809796165,0.2127257463352996,0.09368619966462083,0.10202830918913365,0.2008500907017039,0.34122281642431496,0.2625852601918452,0.2558368457841703,0.1939537523077051,0.08665126739185616,0.07574229421677856,0.19711204589464107,0.3697925961265324,0.0,0.21797837738528522,0.14584120591242974,0.19895651029094952,0.27985689284809956,0.24930153734269847,0.174643316353443,0.3539152287057684,0.19990571921459815,0.380454269173183,0.2826974483668688,0.007169761071658912,0.3813673260251878,0.25588377363557435,0.4490522345167248,0.3844993408693829,0.3703680111607987,0.1598597795227641,0.14503673706650144,0.18855640517296615,0.36027227658585165,0.39961214917648846,0.18046689816820022,0.010974564174071291,0.38890658601972117,0.30115618914657705,0.2482802210572172,0.34688673646126555,0.32219995607591506,0.3952283433275977,0.06042558623755769,0.40786655757956003,0.6773348804892192,0.22826959570355687,0.097688409954352,0.0,0.12542676265989178,0.3934673704491221,0.2888239095113591,0.12901172555416887,0.29897778327675856,0.31743311057159934,0.0,0.11289682455440761,0.26816416492308703,0.2876984713366598,0.3422985572929723,0.2480672455162608,0.34294625142916974,0.408349082587345
0.0803803708416658,0.19528070412683046,0.34613622543499273,0.32032471042852617,0.507357357541142,0.18235791403041857,0.17441752225117044,0.19960553895047323,0.20681028625468093,0.009371389613371008,0.36008912949942584,-0.04479255301395619,0.1370616594038269,-0.019215377884842445,0.4657584575068589,0.226526795909549,-0.4288436338283862,-0.04945502282458818,0.3088989207645327,0.3699630207591493,0.27815606650639574,0.2961323262307985,0.2430727121145172,0.1256710658128142,0.10437226799412824,0.12567086250143147,0.21797837738528522,0.0,0.24907258088193968,0.013738938840665578,0.25451966986242097,0.1645344175030048,0.17777005334128376,0.21099979418589676,0.053664683637623306,0.5359032860683429,0.21219382210422336,-0.1169030454791976,-0.12611022659399013,0.14092776011466931,-0.2734862931960215,0.08484987228554752,0.37596671219087785,0.20470117476992433,0.31846807265193566,0.2846347810939538,0.15930433150893156,0.03777542150986745,0.0,0.2299046469970841,0.578760828114281,0.12371665296144735,0.3709529272480735,0.10378578070615502,0.20761543332365232,0.11840549292627939,0.14347873041001016,0.10308090472282462,0.1306153501093766,0.029002472908194233,0.1554153954403297,0.05040606546724618,0.1897209509672414,0.2035908026762105,0.44728956062475156,0.03319078698095486,0.11415187799953307,0.44393745354287895,0.2237585253645987,0.09947919615462389,0.027589635366004776,0.44828046279055894,0.5624261514942716,0.43078299194352504,0.1237932113482622,-0.013909034577012517
