0.0,0.411934243217163,0.09513170640845993,0.0,0.19046868797874764,-0.028099877031929378,0.10912099387622058,0.44382921707343836,0.20658660613945629,0.5075789546760043,0.24064327288846887,0.3998795399546896,0.08394496472099766,0.16854565371089492,0.3419591044259779,0.593854750849121,0.36981747386895547,0.6428853372548322,0.0,0.4882784612705856,0.2811182486227185,0.5321600241797638,0.36872221050981074,0.31622682307679256,0.4217840088331394,0.640866806426688,0.4286417007660265,0.06712284712634908,0.04361151428337854,0.33590878144291797,0.4010660490020156,0.2623572369157357,0.46821960497631476,0.42362901005581527,0.360998788752992,0.20976231105132565,0.20719073839383864,0.33237137863982164,0.22255778934901968,0.4161006214429002,0.39611635827134634,0.46331832710762333,0.19626805149842502,0.0,0.12659285342588578,0.44571188795165495,0.710207522191752,0.0,0.0,0.0,0.07517575065160735,0.0,0.17320924146378652,0.0,0.44120840296307456,0.0,0.15290256417682666,0.24957780620054648,0.0,0.24444437698920402,0.5656696932300197,0.6038987823998739,0.7415340998863656,0.0,0.26401666392098216,0.5865496966309551,0.6212955317779899,0.14328363239628,0.4594731222780996,0.664642306021732,0.6716833624584133,0.09048758755154061,0.17550694053233304,0.04731301476404028,0.0,0.45693259519731433
0.411934243217163,0.0,0.13097313083288778,0.12426029714262873,0.03360067392627665,0.3515163001026475,0.561043497993999,0.6169090917943862,0.3795107929174418,0.053507221238353775,0.13236936567744823,0.1431223710012549,0.5844628372500804,0.27357536933829085,0.5640846764806271,0.4729273239131641,0.34938952589324135,0.5940509709676012,0.23261715491878274,0.5945167841738691,0.23552367878039504,0.48943423081782417,0.5716565228349209,0.06768524095513213,0.46823887642526174,0.45920161005656224,0.6614699095083137,0.6283279756768685,0.42273992323897214,0.10072076344783072,0.15986630815348782,0.048241603745568414,0.0976534539243443,0.1927256089840069,0.17208176858908467,0.17708417727100323,0.11333178092609512,0.0,0.04719424303543824,-0.1767369840756321,0.1778299001254097,0.2848027957164124,0.27504503526955093,0.0,0.0,0.6678263536761322,0.4161577768808249,-0.03318756308330553,0.0,0.0,0.3918304370978316,0.24213939602886755,0.26178065573107395,0.18718672829466926,0.18817495078937674,0.0,0.12033616379945725,0.19278040294668405,0.0,0.7182945269486596,0.21283750090457734,0.22752047125643088,0.47157854789195736,0.0,0.08677312052462562,0.2797730348073949,0.5167050743281126,0.536722758260945,0.12038226642721096,0.4790194983483156,0.7118908852813456,0.47213131551827,0.16644881721155452,0.12434073874499599,0.0,0.3169545842767072
0.09513170640845993,0.13097313083288778,0.0,0.5493011700658266,0.6009707129930899,0.24606930765316506,0.6021710287403358,0.6132294139598784,0.20763546904705635,-0.04149123151343795,0.5805946185630639,0.06550115715284754,0.6338940370073457,0.6717365732417534,0.10228354296010185,0.16352050759885298,0.22944219946825514,0.12979015740475816,0.37471580363424495,0.12585339461204262,0.12066269600480746,0.7118703817486868,0.5557536127159263,0.13002793902849638,0.4561687283177399,0.03193948872437371,0.4250722909192259,0.651491745112638,0.7002837165831076,0.08889244659368521,0.509682413213035,0.6270995999872858,0.10589997528879591,0.6111085733857478,0.5833867275948547,0.6782033061670095,0.49874173888853285,0.05413199855916229,0.4997069715432652,0.2140712183302604,0.12877007031353982,0.21302945951928706,0.4877546604458813,0.21718918621546515,0.0,0.0,0.04914773794984323,0.6208041935682879,0.18590026899672293,0.4578485461610994,0.5493091567924683,0.5103318922110502,0.4155939243550273,0.6219650878506953,0.18383362383313007,0.4505211891060866,0.16713492862110776,0.6041553831240161,0.3408791064917102,0.1020032691554328,0.0,0.0,0.0,0.5465084778481656,0.23502465158275324,0.21053261454366368,0.014873629561608946,0.523203187738172,0.0,0.27361645176946137,0.13457800517620225,0.579166368322056,0.0796492875529543,0.14454951677003208,0.3289067534846112,0.4092953378133633
0.0,0.12426029714262873,0.5493011700658266,0.0,0.05598409308956651,0.6839650476790202,0.12543410669110822,0.1463528131744153,0.7623215300734388,-0.10165270626909349,0.7908082360526715,0.09956359210313728,0.2672364524170298,-0.038936574687510876,0.2292170424894008,-0.004617899128498966,0.21753886965707672,0.1990713613607987,0.7118944330752935,0.615558918220699,0.14623687092740892,0.4797839664836974,0.7483754680784394,0.06257179836101072,0.38488294584095795,0.28547167226881637,0.7010627191249243,0.30466167936025446,0.2670770990487255,0.27326925951113756,0.13086377604029056,0.08096036068470455,0.022084859740301277,0.35829803068268645,0.06923636511134292,0.0365910944354179,0.18348838607852505,-0.11252314961994171,0.044777463427897964,0.1540189589233999,0.15097023860957542,0.09220340023860685,0.06677965209674089,0.09515457817755557,0.0,0.0,0.0,0.17698263930549624,0.0,0.0,0.24401085737126793,0.0,0.2373885731499133,-0.042496702975830414,0.0,0.04881897302197484,0.2082386345274483,0.1971794405581922,0.0,0.0,0.0,0.0,0.0,0.0,0.0,0.0,0.21493392936438566,0.1852554393616653,0.0,0.0,0.0,0.15125653542121106,0.2373882672870296,0.21690926648137476,0.0,0.0
0.19046868797874764,0.03360067392627665,0.6009707129930899,0.05598409308956651,0.0,0.6803679015394555,0.46334269682086154,0.6039307390725565,0.40207246589409085,0.34860488279842244,0.3982524315375651,0.25645701802203924,0.4176606364813788,0.1437259175649089,0.20044452705657076,0.055173597456119244,0.6152413615625846,0.08420401274469347,0.6248031097176522,0.5193916973402954,0.1660549441416606,0.514240512540087,0.6423964091736856,0.5113350740297777,0.5140369590184515,0.68501410069305,0.6516495825658752,-0.045472201383648214,0.7039165514445708,0.0904113932065303,0.4242953139732403,0.12820701317421232,0.795490654019769,0.4040001449572303,0.5250327988602356,0.059109186727054425,-0.08599481190605002,0.20941589441034847,-0.060101381915869806,0.3658490739280452,0.233969552017142,0.19041995502647813,0.11730409118644591,0.2960390449380141,0.11972072139680967,0.0,0.17937274106052786,0.5473180061430797,0.0,0.15343153931172748,0.151730956905122,0.1448588001447246,0.7731727123187305,0.407184172215138,0.0,0.18519044628521553,0.1760282059954869,0.1804701628547303,0.38245885197119284,0.10925924432422933,0.19495450849145968,0.0,0.0,0.4201929085880139,0.10039350865480375,0.21444998505035795,0.10277753736748328,0.46716772283991037,0.0,0.21619571241722466,0.20154161781499916,0.3160566731712731,0.1164249795933234,0.0853277491967181,0.0,0.17638851303146835
-0.028099877031929378,0.3515163001026475,0.24606930765316506,0.6839650476790202,0.6803679015394555,0.0,0.7196850691450287,0.5684396501913237,0.4812846776935228,0.5425172414465657,0.6220243008900054,0.010425590919409138,0.6196544170195322,0.60121591363013,0.47154562807148165,0.40957886004426564,-0.27938571839967635,0.3453529918259876,0.5885235254910466,0.38108777122944343,0.7246300823637395,0.36045391404589816,0.6465036776743595,0.11594956036236374,0.2914826454855624,0.6267493444526956,0.5472847453128872,0.6911639512394513,0.601058144800133,0.6094737883592116,0.5751858032292193,0.7061110559854227,0.5635783818418957,0.4621310938071497,0.5248866737158456,0.6754157870012704,0.7488137564462595,-0.003385891653795124,0.527033433402059,0.06829960136523566,0.47856764091111487,0.6526127582096063,0.570373854214495,0.1789909257482491,0.0495833069432981,0.24378147242169132,0.055897704004923915,0.5524529558505656,0.23645440154220765,0.513113120033481,0.5992566755174059,0.6155243342586654,0.42143607658771975,0.624478470626107,0.3183968094130958,0.5031102824557132,0.12257108039967303,0.5822377338489858,0.15940620071622374,0.3611678668770616,0.12278888905003556,0.0,0.19269987872584257,0.44209282436606445,0.6399954549050956,0.04028978658590257,0.3830997483202097,0.5612222226681861,0.2683701850493531,0.06668206427176024,0.5427098193087725,0.5898410304557206,0.5433355706365418,0.6388745706718655,0.5983113812367126,0.5481042152908284
0.10912099387622058,0.561043497993999,0.6021710287403358,0.12543410669110822,0.46334269682086154,0.7196850691450287,0.0,0.5432671500306482,0.6596739438856096,0.2803985095135038,0.5782343282999083,0.0784683037211706,0.5833473168298787,0.5306198628858567,0.12096936255798377,0.5749404693279181,0.423019797150588,0.5013170937770367,0.5853539966031758,0.5784358748165659,0.022749093592358587,0.5675635159460702,0.6801190569500943,0.33977475271752106,0.3731100444497591,0.42850615957284244,0.668036043343781,0.22178115853600727,0.7073049003539937,0.009602656685813712,0.4553157795969124,0.673742798496902,0.4455401786637307,0.3018395195922689,0.3066126459797586,0.4897657312279988,0.1099721953803561,0.5007324933174525,0.07297449264619296,0.15391528631852489,0.289053213539362,0.27011165496447337,0.29718970721352655,0.40678101844387216,0.11994820359134181,0.0,0.1422330500435807,0.5433479061129349,0.0,0.16436581590875732,0.6260952014294593,0.11715467183530559,0.5419370423883028,0.6999075065251442,0.22199994754883148,0.22969351305959623,0.19068882225455416,0.08219389626002052,0.12516142978866096,0.08089712070528474,0.24893925070975978,0.0,0.2474776298461786,0.13066548551478638,0.17811278908133615,0.23773713616757444,0.15908047795289518,0.5829138535923464,0.21366597163543383,0.20939828800862556,0.6662149576827108,0.5866355625117233,0.09995381109053536,0.03919943913084385,0.26786110595343504,0.08793428740408776
0.44382921707343836,0.6169090917943862,0.6132294139598784,0.1463528131744153,0.6039307390725565,0.5684396501913237,0.5432671500306482,0.0,0.710869628268301,0.7237430584491162,0.5604240870588232,0.1286865033403705,0.6386681516033159,0.40520133027843497,0.5231884929911048,0.7116542645928284,0.17297209702059127,0.6168577369217705,0.5810609740558103,0.5750127116219317,0.6224965316627667,0.062068027574611113,0.7710248266203538,0.33867407522326987,0.5355459358472058,0.49524823403292373,0.6344696554378568,0.6518117884649779,0.5724960458085031,0.6258194823598842,0.5000895460110717,-0.02345531934340247,0.5660454095054446,0.4424782291115199,0.5402055675654952,0.1922914237993901,0.19301016608511196,0.15205302396931927,0.13270750892706146,0.148320735260483,0.3632898033223629,0.7753455876722547,-0.10547564157547626,0.22105294361122294,0.0,0.2115932671415633,0.07925242159670268,0.40618811122100007,0.0,0.3135192665336608,0.6378790397127233,0.6421747605111723,0.2899718863479265,0.4742204437611999,0.3618092290478393,-0.08625929256680118,0.3886995765319114,0.5744653038032478,-0.028404422536428123,0.6708500462830255,0.1334868449063859,0.0,0.26003439724454824,0.28566510438855786,0.6599419307180799,0.3657041700013451,0.08225844276369268,0.502389468934761,0.0,0.13585330977149887,0.014736660514805731,0.5769281957951846,0.5350540000217613,0.4000943758191321,0.2011312099143123,0.49709391766738115
0.20658660613945629,0.3795107929174418,0.20763546904705635,0.7623215300734388,0.40207246589409085,0.4812846776935228,0.6596739438856096,0.710869628268301,0.0,0.5046114612126705,0.22229499361502153,0.708826007608512,0.34009880840058704,0.8528930388036238,0.32348866096964257,0.59571218141402,0.0861619947131992,0.4542200640729443,0.33925707441781405,0.4174182324730059,0.09998553683889264,0.5038331981388149,0.6212824679495038,0.6383161437358473,0.31113743551177697,0.0726108091641118,0.3698908237600459,0.705542318315714,0.5042988573482537,0.750622038233784,0.5889450505001187,0.7181842104982136,0.7907805903178858,0.6468084215797374,0.7273289428853346,0.7836995940178508,0.709408598853254,0.6828760146922471,0.3990370717210271,0.23093278269982373,0.13817819053968763,0.17441313951818424,0.5795279070033563,0.14017446474429698,0.07648615761883855,0.0,0.17040064631811516,0.6497541921328361,0.21571442923183465,0.687274082174221,0.6648944671488327,0.6735337949173371,0.4963560032425997,0.6377335780284578,0.08855565290562005,0.4492963161318468,0.1152107123026774,0.7207920265819809,0.4062435390692918,0.1402128129080197,0.2770160217699916,0.0,0.0,0.48714298369581255,0.20021087356943518,0.3300038426513827,0.1785510403737475,0.605506701737569,0.12292919311333704,0.23179014377329396,0.04175914076119568,0.6419312369842549,0.018331892054042963,0.06082579056111448,0.19141990540402207,0.08534215861046793
0.5075789546760043,0.053507221238353775,-0.04149123151343795,-0.10165270626909349,0.34860488279842244,0.5425172414465657,0.2803985095135038,0.7237430584491162,0.5046114612126705,0.0,0.51031310358144,0.4233639758995639,0.4551657504678037,-0.5030858323734458,0.1673778515635339,0.020455794274254986,0.6310216241327645,0.48474106456924415,0.6271577606205521,0.018898909394512043,0.710136053992604,0.06414047797622055,0.6788782235868179,0.6453357433505515,0.6781191529838966,0.6005104815772434,0.7230172078360046,0.4193427653898293,-0.054812758104395315,0.09844619239723881,0.24432687158517633,0.2236603120227809,0.4746718079920398,-0.015171405736490312,0.2724984183541424,0.13129341719327045,0.0797079599902588,0.14708463786268106,0.2641816614259583,-0.07244720672162167,0.3396232102137692,0.36674951473314255,0.1505166385940642,0.18693694858141296,0.059330127424323795,0.55861499560825,0.15077981408032412,0.08201009752899789,0.18810276068755202,0.18492258691907615,0.17140279162046898,0.22796607534864385,0.21749202537614473,0.08429220247440687,0.27339142975493375,0.1601163156839131,0.36311667874317805,0.5853626028471609,0.0,0.3884959004360898,0.4086531343666895,0.3785681479606552,0.3923722183963121,0.20172798367049277,0.20316815596051976,0.2305067278433723,0.5157860616431705,0.14787003479369404,0.7392877060891866,0.37910121218569437,0.5534209445424788,0.2509516511237931,0.328458607535054,0.1376532183717505,0.0,0.4040563826385763
0.24064327288846887,0.13236936567744823,0.5805946185630639,0.7908082360526715,0.3982524315375651,0.6220243008900054,0.5782343282999083,0.5604240870588232,0.22229499361502153,0.51031310358144,0.0,-0.0457155253730976,0.6890090921685157,0.22643533450746184,0.0,0.23076546454416566,0.07751586816274353,0.10546675055102452,0.4032223473904027,0.19333285870313707,0.20517707347064162,0.1800368688034967,0.35845227319965267,0.6908735040001069,0.6951445536725943,0.6628787867307756,0.5939153184410226,0.7161935975471786,0.7125770220850915,0.23347106144003774,0.5296462318103509,0.5492707127575529,0.5555810981404801,0.5401182854002036,0.592944591454487,0.2782399862769561,0.6003084034422718,0.7200133160687785,0.14056636668340133,0.1543159020120745,0.11941217432454249,0.15803529633514818,0.1352776184801445,0.17627819804500952,0.08547868919033952,0.0,0.0,0.48254978513787394,0.23691276043039647,0.3124512784607076,0.5061811207382285,0.6106436911837755,0.23516910194555068,0.5442655398017001,0.1553492106080062,0.36833548289052787,0.1440459784230746,0.6452059465735335,0.30038408528494065,0.0,0.0,0.0,0.0,0.036139771204963575,0.13864450983686824,0.0,0.2615568400718388,0.33484909813526564,0.0,0.0,0.4141444049448973,0.4782471589071467,0.7300536800490679,0.13265057219525805,0.0,0.09610700838340622
0.3998795399546896,0.1431223710012549,0.06550115715284754,0.09956359210313728,0.25645701802203924,0.010425590919409138,0.0784683037211706,0.1286865033403705,0.708826007608512,0.4233639758995639,-0.0457155253730976,0.0,0.3889958006975778,0.28820241672685515,0.14735188340565156,0.23284715730454952,0.749594255264108,0.0709344983875679,0.06361175991847971,0.14088934813716675,0.4582283635784077,0.09826860213763759,0.011771662017373213,0.41563016690979465,0.6974229820880234,0.4119183020909127,0.058364046777482435,0.2943421639408087,0.22967235085530321,0.09190335037934853,-0.027123663493965243,0.16551422063319932,0.16135786835958743,-0.35196808511704475,-0.41988558717466135,0.15824205370266484,0.2610082841652358,-0.011034339678653752,0.33976527096357645,-0.07373946158151178,0.47221305551367826,0.06352511566621305,0.0982804152288073,0.20351999950005284,0.34829144574625154,0.04807952261665306,0.23096064110467857,0.12545227926502187,0.07767885551320726,0.1286720945110062,0.11115678374182189,0.1985276411530005,0.08224145107630071,0.1894796939523414,0.25974562273189405,0.07099531319842517,0.3701547238008665,0.20424549663523886,0.29808066104949776,0.27324850426068303,0.16975023015023144,0.3613097232066341,0.4075691705890284,0.12088208309341734,0.29106128146942245,0.34043904654219725,0.7777420636197182,0.1975362761603183,0.62665637020339,0.41350665977601364,0.5752904860678477,0.11853413543611933,0.29552975333797615,0.27433140656058425,0.0,0.24012825511199903
0.08394496472099766,0.5844628372500804,0.6338940370073457,0.2672364524170298,0.4176606364813788,0.6196544170195322,0.5833473168298787,0.6386681516033159,0.34009880840058704,0.4551657504678037,0.6890090921685157,0.3889958006975778,0.0,0.4681413062347266,0.7730074630447562,0.6054962147075775,0.5705718180782565,0.6670999299539258,0.6791999257997837,0.6445595781400532,0.6337142640995138,0.548999946892195,0.6698461495537512,0.36348334384690134,0.42223264329320415,0.5406062856760762,0.6571301449133898,0.6152968516707273,0.6755131407979518,0.22474735959744405,0.5006330722222485,0.7725491289990336,0.6780946691736449,0.4620104861881167,0.5008882885007272,0.38730155538753613,0.20657488905771101,0.4097453442734911,0.10342858936116492,0.20503711161227617,0.32409257919270207,0.25027476258594306,0.10299624089681741,0.20732793496169571,0.1542931029634138,0.2798561204006706,0.1526305085309968,0.6650819024483642,0.0,0.22477183783554056,0.594847522042874,0.7443230623706524,0.47334510143667363,0.07846299517902812,0.49321396247600957,0.20890284847346383,0.1837578463387541,0.13341139180466227,0.2011714364498424,0.7448898596990294,0.1508109189195678,0.16643925951953895,0.22953946352287868,0.14981026265962535,0.7424290670214609,0.12921251422569274,0.1179654508202117,0.5772879738220122,0.6918270197847961,0.050352673439801196,0.6553481421986181,0.5857360475954089,0.0764842897250287,0.5657013839309228,0.14510360261416164,0.7879696632472217
0.16854565371089492,0.27357536933829085,0.6717365732417534,-0.038936574687510876,0.1437259175649089,0.60121591363013,0.5306198628858567,0.40520133027843497,0.8528930388036238,-0.5030858323734458,0.22643533450746184,0.28820241672685515,0.4681413062347266,0.0,0.1712320494856959,0.24136660544090174,0.19572991445741045,0.2262831992531766,0.6901069598464786,0.17975617137565694,0.07561904556081861,0.09324009348615606,0.5834374989705051,0.3351736241712254,0.22032678251844537,0.12587485034450654,0.6795673626735982,0.07194054766830824,0.11640506989415927,0.3638475395040803,0.012209302173090263,-0.031539445662655805,0.5811014727594741,0.39254271523075174,0.14698475793548052,-0.030648319212521632,-0.03883690403205693,0.204928760890294,0.14338458877036758,0.0,0.30211594019693655,0.3674720870014571,0.22711478908670693,0.18587329480669895,0.0,0.0,0.0,0.4899573015824287,0.0,0.08870237633426668,0.4235351416788906,0.7394645634235033,0.11530747276739925,0.39658086207203147,0.0,0.2529841586727377,0.16324687899876208,0.34256073458595515,0.24217582310120625,0.0,0.0,0.0,0.0,0.3544695865635823,0.0,0.0,0.0,0.32637659100281735,0.0,0.0,0.0,0.5227845950254525,0.3144951694172528,0.0,0.0,0.0
0.3419591044259779,0.5640846764806271,0.10228354296010185,0.2292170424894008,0.20044452705657076,0.47154562807148165,0.12096936255798377,0.5231884929911048,0.32348866096964257,0.1673778515635339,0.0,0.14735188340565156,0.7730074630447562,0.1712320494856959,0.0,0.5287359189898183,0.08362402170661418,0.5737283650763166,0.0,0.5645849979317679,0.7212771513475694,0.578916781305281,0.6072591995425919,0.2391715593421089,0.6216300785720326,0.5790752898320647,0.5330118017521295,0.5735131394786032,0.6501716973169543,0.6476605332848444,0.6031346489041535,0.4339709502148728,0.556934801886928,0.5691949113431051,0.5110891153940861,0.4899322249570188,0.7692387331363542,0.16161578623200817,0.5058672877603113,0.6102617713521084,0.6568923629395671,0.47801428145969066,0.0950947760988495,0.29612556804233564,0.0,0.13211222461077562,0.6083907721053377,0.15438843752181594,0.0,0.0,0.30728529995472337,0.2977662692661626,0.015751051091789092,0.19598348498334006,0.0,0.0,0.27391461463507977,0.06673853244405162,0.21002760238463128,0.6164622057265676,-0.07144774235569819,0.28256442731004505,0.1936680755217356,0.0,0.5762550588699665,0.635431162544911,0.6693550405531148,0.581214527869534,0.19080812894360472,0.005299617779666513,0.7106329117510392,0.5873719571990044,0.6571267120714384,0.47201520905804617,0.09159869840558703,0.7174891324679066
0.593854750849121,0.4729273239131641,0.16352050759885298,-0.004617899128498966,0.055173597456119244,0.40957886004426564,0.5749404693279181,0.7116542645928284,0.59571218141402,0.020455794274254986,0.23076546454416566,0.23284715730454952,0.6054962147075775,0.24136660544090174,0.5287359189898183,0.0,0.6899931877586614,0.5112290111381291,0.23230770688203306,0.6253975312656167,0.4858345284068663,0.5528247961186701,0.5707268679793598,0.058420494905136094,0.5813410697843902,0.5438301085068625,0.7479755392089414,0.6395738994842853,0.5953828054621317,0.7287056490640094,0.5737019538336274,0.33500298134927475,0.29516279458000505,0.4371031173930841,0.4609066939832373,0.31631141416507386,0.1791711681767919,0.2934246763208741,0.17344171504090658,0.1363421654779702,0.35608989380645245,0.30100784858191143,0.20351303283589164,0.0,0.0,0.6933382706655501,0.5704164571897258,0.0,0.0,0.0,0.10008450931469115,0.2564017615199978,0.34037426356877964,0.0,0.23017209682902973,0.0,0.1360730176066263,0.2305934979695055,0.0,0.545751047987617,0.4299551317623902,0.26001798708430873,0.5704850521050814,0.0,0.6912026714261673,0.5805150208587253,0.508302920391298,0.7176096551925144,0.07879968486123044,0.7149961591616216,0.7333861846163702,0.7056524156427969,0.172816118683747,0.2011770852936075,0.0,0.34437602821615754
0.36981747386895547,0.34938952589324135,0.22944219946825514,0.21753886965707672,0.6152413615625846,-0.27938571839967635,0.423019797150588,0.17297209702059127,0.0861619947131992,0.6310216241327645,0.07751586816274353,0.749594255264108,0.5705718180782565,0.19572991445741045,0.08362402170661418,0.6899931877586614,0.0,0.3190541400802755,0.1825286470885624,0.4442048512680784,0.21067891816828907,0.5148326977370495,0.12250715747521099,0.5605770367045183,0.6983482161290677,0.6180494162294988,0.09053430826486812,0.560174017482431,-0.004092591021387414,0.14218430107039914,0.5068774251957501,0.2894227971602241,0.5377867332012389,0.37650612989118665,0.4473712805419749,0.666875720103133,0.09401486281152058,0.28501934532818907,0.15371130487068466,-0.01075667259605144,-0.017081360693134234,0.20761185999620815,0.0,0.0,0.18577377971438394,0.18324304144271306,0.7126345402474479,0.0,0.0,0.0,0.0,0.0,0.0,0.0,0.34666379113481444,0.0,0.730063653738227,0.1096777691235827,0.0,0.30746865601554607,0.2720552658819119,0.1820491146618239,0.2232145883827323,0.0,0.0,0.0,0.2588022531934606,0.0,0.7550683664692333,0.27705345407362136,0.5507798903975505,0.0,0.13017473156149809,0.213083233572615,0.0,0.2936883909774337
0.6428853372548322,0.5940509709676012,0.12979015740475816,0.1990713613607987,0.08420401274469347,0.3453529918259876,0.5013170937770367,0.6168577369217705,0.4542200640729443,0.48474106456924415,0.10546675055102452,0.0709344983875679,0.6670999299539258,0.2262831992531766,0.5737283650763166,0.5112290111381291,0.3190541400802755,0.0,0.13152184599038197,0.6673339818130389,0.5239129150695429,0.5453531489629245,0.4106550567161439,0.7670588226590981,0.5960927104737375,0.6619658358141021,0.7680229050937936,0.7097963549715589,0.47185535993091626,0.08682358467268998,0.4627546617694955,0.2431385088615396,0.49884816346766314,0.4788315341819936,0.4705752118908896,0.23198145586378488,0.1141309099637671,0.1430384225695908,0.07762387555155081,0.15646669233637583,0.1998543801457034,0.39126844593046434,0.0,0.0,0.23670767905108875,0.62746178217783,0.5881920888176739,0.0,0.0,0.0,0.12551437794738532,0.2624511596623303,0.38560597740888947,0.0,-0.05231853660939186,0.0,-0.21452647754018783,0.21282896807540289,0.0,0.8666917545838094,0.4135898096818315,0.07109426829323395,0.2546179520157992,0.0,0.0506871861738073,0.7843028783654505,0.34066960637750215,0.24699912865213797,0.5950837725663785,0.41981893264306513,0.5672736062259679,0.12498453310100419,0.27671395894413986,0.015576036811429671,0.0,0.304790369562685
0.0,0.23261715491878274,0.37471580363424495,0.7118944330752935,0.6248031097176522,0.5885235254910466,0.5853539966031758,0.5810609740558103,0.33925707441781405,0.6271577606205521,0.4032223473904027,0.06361175991847971,0.6791999257997837,0.6901069598464786,0.0,0.23230770688203306,0.1825286470885624,0.13152184599038197,0.0,0.24228397681465216,0.1966980433153029,0.27288828050026387,0.4999748598516566,0.1035327102798594,0.1519107835302795,0.12428496145890179,0.4865739782362895,0.6924492600226014,0.18423445180703374,0.21241692799877687,0.5377208407198844,0.7138857482949399,0.8539169584417639,0.5905912697005133,0.6670679834735017,0.7367377037853402,0.5941920574144888,0.639201923691048,0.2953575184704703,0.16102890655299465,0.1543547651908646,0.10085649336717957,0.4117605346923974,0.11463017357667632,0.17197583480959694,0.0,0.0,0.550290938594141,0.0,0.45264868828586347,0.5792822029491881,0.6570649614195546,0.5539983195200878,0.5971589590780957,0.40384562302725535,0.360280156231304,0.21207105246594188,0.6073178286455431,0.31680443271676423,0.0,0.0,0.0,0.0,0.4640971738387649,0.23915060377173902,0.0,0.244497920472704,0.5218881901761686,0.0,0.0,0.0,0.6466661936395689,0.12469009099302412,0.13084804052131688,0.24747726743453946,0.15542722688053923
0.4882784612705856,0.5945167841738691,0.12585339461204262,0.615558918220699,0.5193916973402954,0.38108777122944343,0.5784358748165659,0.5750127116219317,0.4174182324730059,0.018898909394512043,0.19333285870313707,0.14088934813716675,0.6445595781400532,0.17975617137565694,0.5645849979317679,0.6253975312656167,0.4442048512680784,0.6673339818130389,0.24228397681465216,0.0,0.6233465162246593,0.6003392422586409,0.5106542021681196,0.16820172269201886,0.6601003853459021,0.7093767406008302,0.6158724510446024,0.6393399372045915,0.5400144633640109,0.6643174429796433,0.6990320243802086,0.5360222965708092,0.5787891281652389,0.681955612109922,0.6461950442887102,0.14385530513933478,0.1394285820561743,0.3753120026455557,0.5646699253382755,0.5769603688660364,0.5214086532117534,0.6154703893348243,0.4733688700063525,0.0654928677969194,0.06658819177518562,0.23696936167669153,0.7349528142991597,0.17326987034226218,0.0,0.0,0.4824665650658582,0.19146798718399927,0.6010692359878395,0.1547994034416869,0.41228920268223646,0.0,0.27613324899560615,0.5967170525599285,0.0,0.6839575847491713,0.0987853950946176,0.19987507477547342,0.12573471934386934,0.0,0.651727109266188,0.5853785610601948,0.7024099467478935,0.591345978703367,0.0,0.05193590398196099,0.7737114638617527,0.5874920488277341,0.5674244174791264,0.5224968304203406,0.5926665559940141,0.5584616584545127
0.2811182486227185,0.23552367878039504,0.12066269600480746,0.14623687092740892,0.1660549441416606,0.7246300823637395,0.022749093592358587,0.6224965316627667,0.09998553683889264,0.710136053992604,0.20517707347064162,0.4582283635784077,0.6337142640995138,0.07561904556081861,0.7212771513475694,0.4858345284068663,0.21067891816828907,0.5239129150695429,0.1966980433153029,0.6233465162246593,0.0,0.7536403330916213,0.5566143701157983,0.3350005074743594,0.45448428780804695,0.5149227494764802,0.5891397422689527,0.5980669783703737,0.44860640859450845,0.6270496608694264,0.5804061790143648,0.34281088212511135,0.590914568550908,0.5033098817480566,0.6783549301275608,0.14375393156579647,0.10662465130007323,0.431498065262755,0.43340281582700463,0.4933825689722092,0.4948456246106944,0.5620986296618173,0.21892731002295213,0.0,0.0,0.4559996203425183,0.6903926631760477,0.27254447135808524,0.0,0.0,0.6978223947149771,0.16032414541381748,0.29458689588231146,0.2776040003830364,0.23456538387863463,0.0,0.2823492139881331,0.6548833933760821,0.0,0.7983130241587053,0.665731312766959,0.0,0.13215446445635012,0.0,0.6477574962274132,0.3351648857317642,0.6061066441443062,0.5576476728775963,0.3948386181569428,0.582026313612247,0.6861847494607756,0.6205046270276043,0.6746595299187204,0.48422435736455727,0.10262696135712611,0.4547359896322562
0.5321600241797638,0.48943423081782417,0.7118703817486868,0.4797839664836974,0.514240512540087,0.36045391404589816,0.5675635159460702,0.062068027574611113,0.5038331981388149,0.06414047797622055,0.1800368688034967,0.09826860213763759,0.548999946892195,0.09324009348615606,0.578916781305281,0.5528247961186701,0.5148326977370495,0.5453531489629245,0.27288828050026387,0.6003392422586409,0.7536403330916213,0.0,0.6856474401436731,0.059281196504971045,0.6194045185292607,0.6193623001683156,0.632817058703628,0.5966301142104197,0.6114276083628778,0.5163510200767022,0.661832682484031,0.40768034568155753,0.4487610312612492,0.6739981243212719,0.5552301853632708,0.5113997030058862,0.20729776654346976,0.27719171218358374,0.4631581751165659,0.49636754711263553,0.4776531371882576,0.49301654961138314,0.3010404512578839,0.17686198312157225,0.1047095056369191,-0.012311401260883648,0.6486991760960648,0.19741123540668737,0.2092458408647703,0.11714078189887202,0.5602545712097357,0.25016145711232185,0.10341504394038634,0.1916956702595638,0.2110722750947433,0.0,0.24349227264998322,0.13763486132625913,0.0,0.750854253137551,0.528716777424512,0.14016559560847794,0.21061700457745566,0.0,0.5681523724755184,0.7155622086141077,0.7006371894817097,0.5370462841237367,0.3639245672192586,0.49827083213777734,0.7835366058769636,0.5442766191434603,0.5211883840057977,0.4131055764436279,0.19490347847929151,0.4639970724066622
0.36872221050981074,0.5716565228349209,0.5557536127159263,0.7483754680784394,0.6423964091736856,0.6465036776743595,0.6801190569500943,0.7710248266203538,0.6212824679495038,0.6788782235868179,0.35845227319965267,0.011771662017373213,0.6698461495537512,0.5834374989705051,0.6072591995425919,0.5707268679793598,0.12250715747521099,0.4106550567161439,0.4999748598516566,0.5106542021681196,0.5566143701157983,0.6856474401436731,0.0,0.3002602154800276,0.3275332179220547,0.49273072424635345,0.6450974280317929,0.5711340898111268,0.5810690468023622,0.5297023893584558,0.528770248702725,0.6957730803688497,0.506733750165026,0.5343144662315715,0.5966355799407937,0.6741290902391213,0.6726244147780491,-0.09415561599927764,0.5161068900668314,0.6120993460260751,0.3985242157960044,0.5831769603194866,0.4288373994235445,0.5273766894978756,0.20936607131432577,0.14458505186057138,0.6095689597646258,0.507010710432432,0.12648204581105507,0.6507823839037997,0.6445996596333632,0.7043076796490236,0.4664243584422111,0.6230361715824947,0.24716604057693453,0.33008500192733714,0.10226354084648907,0.5521246178487609,0.17607293044409425,0.5683554184411522,0.09249610365651183,0.20316815596051974,0.13636930821537724,0.4293939740397545,0.6336833433265442,0.4627804240735025,0.5435981082590446,0.5507410668892773,0.11131567391943913,0.06296188932508402,0.5966233731523148,0.5798580876463715,0.5453665283669797,0.5852472635648768,0.5399855181151275,0.4885758006976115
0.31622682307679256,0.06768524095513213,0.13002793902849638,0.06257179836101072,0.5113350740297777,0.11594956036236374,0.33977475271752106,0.33867407522326987,0.6383161437358473,0.6453357433505515,0.6908735040001069,0.41563016690979465,0.36348334384690134,0.3351736241712254,0.2391715593421089,0.058420494905136094,0.5605770367045183,0.7670588226590981,0.1035327102798594,0.16820172269201886,0.3350005074743594,0.059281196504971045,0.3002602154800276,0.0,0.4950376509603531,0.4785957284075628,0.07421560478941783,0.48121193246931043,0.23073049338766,0.3715790934082388,0.3479222262961189,-0.17402187884195086,0.0021744175237503743,0.4101358016887502,0.4879652519387531,0.3454163518015196,0.16404876151395767,0.08241563938409566,-0.04079890284284082,-0.07136517583490702,0.19136188960128803,0.13465796129117732,0.25841051031539947,0.1787020726196864,0.046398113389731765,0.30913616932183335,0.08775158000515886,0.0,0.0,0.18606178121807457,0.264304434274011,0.09870077586586473,0.0,0.02118798852784163,0.5463275758277302,0.25857578150707317,0.617234111033471,0.6144733463355138,0.0,0.04638762798766768,0.5579326801316649,0.5782695927506218,0.607871847959906,0.22912750297757561,0.11237678520357748,0.19467519846476372,0.5445068710904019,0.3691761699828911,0.3959993273352602,0.5363670882455905,0.6662746390707277,0.20869461574588272,0.5670459522727317,0.28473043028892864,0.0,0.3826391010254246
0.4217840088331394,0.46823887642526174,0.4561687283177399,0.38488294584095795,0.5140369590184515,0.2914826454855624,0.3731100444497591,0.5355459358472058,0.31113743551177697,0.6781191529838966,0.6951445536725943,0.6974229820880234,0.42223264329320415,0.22032678251844537,0.6216300785720326,0.5813410697843902,0.6983482161290677,0.5960927104737375,0.1519107835302795,0.6601003853459021,0.45448428780804695,0.6194045185292607,0.3275332179220547,0.4950376509603531,0.0,0.4867491167250437,0.5994198768474084,0.45613341141354335,0.16322077004961297,0.12252985854832772,0.5105410266180463,0.24810642058531754,0.5382300619958287,0.3363324822532907,0.4596633927890994,0.5674535232751853,0.2627132025976622,0.18000454115523284,0.030077509306563666,0.08264551443690495,0.3074310788403396,0.5823570697902741,0.025308177696139824,0.0,0.17260256806572716,0.613642638747116,0.5892575359447756,0.0,0.0,0.0,0.0939949125482325,0.22010381277842328,0.2696272046315715,0.1842093444003251,0.05749711084383972,0.17920212094888074,0.15933901826909946,0.04895615348372703,0.0,0.7326805601949767,0.3938918556226705,0.09960945163880283,0.475335485976556,0.0,0.4867732763983781,0.41181687096957337,0.5298687138446119,0.8387730739845953,0.5312959203738524,0.48836414154180746,0.5856460261445168,0.7978919050273342,0.12826005296326096,0.30471555769475783,0.0,0.38600326588034484
0.640866806426688,0.45920161005656224,0.03193948872437371,0.28547167226881637,0.68501410069305,0.6267493444526956,0.42850615957284244,0.49524823403292373,0.0726108091641118,0.6005104815772434,0.6628787867307756,0.4119183020909127,0.5406062856760762,0.12587485034450654,0.5790752898320647,0.5438301085068625,0.6180494162294988,0.6619658358141021,0.12428496145890179,0.7093767406008302,0.5149227494764802,0.6193623001683156,0.49273072424635345,0.4785957284075628,0.4867491167250437,0.0,0.7107450491711529,0.5518901099596469,0.6063683842306367,0.07996453263290453,0.404443624476768,0.22804108554112268,0.5365534438524177,0.39341405074687097,0.3164925149321909,0.22529532123158416,0.1854536384984633,0.31183638089753096,0.20065075006201416,0.22268709956032998,0.5905447963799322,0.526188531765009,0.11080320302802252,0.2263592128628923,-0.14694117310730515,0.6023144379243215,0.7198175181961262,0.2429671181281633,0.0,-0.03146450792726379,0.5521937493896741,0.1668487401943039,0.20679085623235416,0.11593369025482235,0.4634452776903245,0.0,0.627994752317716,0.10163616737910744,0.0,0.7009378816042698,0.5836251620397437,0.3720151912219148,0.6222436605136153,0.0,0.3522943628921154,0.49750379323600186,0.6857056544912543,0.664507491503083,0.690424036174844,0.6815100164533671,0.7372837712719189,0.49203067423925917,0.15287186512662676,0.5048316730749495,0.18332516735434626,0.6844747953922272
0.4286417007660265,0.6614699095083137,0.4250722909192259,0.7010627191249243,0.6516495825658752,0.5472847453128872,0.668036043343781,0.6344696554378568,0.3698908237600459,0.7230172078360046,0.5939153184410226,0.058364046777482435,0.6571301449133898,0.6795673626735982,0.5330118017521295,0.7479755392089414,0.09053430826486812,0.7680229050937936,0.4865739782362895,0.6158724510446024,0.5891397422689527,0.632817058703628,0.6450974280317929,0.07421560478941783,0.5994198768474084,0.7107450491711529,0.0,0.6515886707012746,0.6470994532426554,0.6094995223352656,0.6406853720722164,0.6595309295884338,0.49900743053554586,0.5992739562710356,0.6356260566388302,0.681102766375216,0.7421374931177618,-0.008506327056249485,0.5494637341551122,0.05627020571599473,0.4671199140926249,0.5835940355840148,0.49741316182316936,0.8065237073308699,0.14550888421691605,0.20034287281745505,0.7722722672924451,0.6061821069282308,0.1753462303199327,0.7250191297039148,0.607587218271231,0.6076160038175129,0.4154572804503339,0.6156055806523779,0.3210014598031355,0.3773663867142928,0.04968092920577654,0.5710630074662277,0.13368746592341338,0.6327966952695668,0.08082836073218737,0.0,0.13442444560027425,0.5385434864818983,0.6207497613989594,0.5281744401463276,0.594391378945011,0.564838104365575,0.0,0.09940296470794915,0.6849267759165439,0.6068692529825038,0.6063647734292009,0.6399995122362702,0.56682099884518,0.513436874757332
0.06712284712634908,0.6283279756768685,0.651491745112638,0.30466167936025446,-0.045472201383648214,0.6911639512394513,0.22178115853600727,0.6518117884649779,0.705542318315714,0.4193427653898293,0.7161935975471786,0.2943421639408087,0.6152968516707273,0.07194054766830824,0.5735131394786032,0.6395738994842853,0.560174017482431,0.7097963549715589,0.6924492600226014,0.6393399372045915,0.5980669783703737,0.5966301142104197,0.5711340898111268,0.48121193246931043,0.45613341141354335,0.5518901099596469,0.6515886707012746,0.0,0.6585508245577817,0.2899887168789727,0.4573616506462849,0.6537759056244812,0.5253877184785194,0.24400614205222695,0.20789748802869182,0.46559820933308294,0.21609436865056159,0.5012341310157422,0.24172320785196189,0.047345070831856996,0.7283111911301815,0.6545164901724503,0.497687384702469,0.2194216166739592,0.3318044673777815,0.3032751105939772,0.16069990145162003,0.644458558432039,0.0,0.2384213329185509,0.6040939114673385,0.12342638195841758,0.5418480801051294,0.09781633061879359,0.19223139245746163,0.12156529592910287,0.6639953052285814,0.7514880865507156,0.1124212444602254,0.7120970231977085,0.15846029539635986,0.04261925739616677,0.1906774744517088,0.20493049147272596,0.6842690689484902,0.5507870848398294,0.12038743909140061,0.5868796835115203,0.7156265410592003,0.6109536207120425,0.7376259675011183,0.5968585426111536,0.6018321045575067,0.5662665131641499,0.11786725219690707,0.7215663685121386
0.04361151428337854,0.42273992323897214,0.7002837165831076,0.2670770990487255,0.7039165514445708,0.601058144800133,0.7073049003539937,0.5724960458085031,0.5042988573482537,-0.054812758104395315,0.7125770220850915,0.22967235085530321,0.6755131407979518,0.11640506989415927,0.6501716973169543,0.5953828054621317,-0.004092591021387414,0.47185535993091626,0.18423445180703374,0.5400144633640109,0.44860640859450845,0.6114276083628778,0.5810690468023622,0.23073049338766,0.16322077004961297,0.6063683842306367,0.6470994532426554,0.6585508245577817,0.0,0.613835470281803,0.7013522159104917,0.4637296618113334,0.4498248600772986,0.635193941682051,0.5598110754998776,0.5750750564553272,0.47735005497896693,0.21660927840232824,0.42845717985130255,0.1201380136805909,0.4705120454781352,0.6588127383909979,0.4323055192755283,0.18815693089733918,0.26807062180102925,0.19794846302073726,0.05664347498754082,0.6938424706781195,0.19320892533753758,0.16813472323952647,0.6099213391633245,0.7105144956664163,0.5409648599809169,0.08945933991257764,0.31558591738122016,0.12910303627819988,0.17592074387042214,0.5612990011359772,0.28546056622464444,0.5573676452544246,0.0579796771388225,0.20630037541061522,0.0689253777794986,0.15243498383575468,0.5559830594517997,0.36579775288037797,0.44574809066367105,0.5396336441374308,0.2162830757486283,0.08303065022480532,-0.025143535161015165,0.5200758204269875,0.5378502381248511,0.4513291901908813,0.5395579873542689,0.5848533224459419
