0.0,-0.008922398086593009,-0.002038432976136151,0.0,0.0006256110684548788,-0.0048865669338104545,-0.0033951727904398266,0.021424184499114318,0.0010033112441171221,-0.028880394023497902,0.002308380464503712,-0.0020902484326054682,-0.0006071341162597332,-0.0005167938185052789,0.04459833109372796,-0.020377522386800906,-0.04034822837190227,-0.05580871785874236,0.0,0.1046212291038649,0.04328738603768906,0.05444176355197933,0.04057566629127596,0.018557540146419083,-0.02705856660218081,0.005741246242547349,0.04633883859390148,-0.005141289728886944,-0.003532371478142393,0.00444641216522873,-0.0015540358871806714,-0.00043350534525543605,0.01428317312030658,0.017111741624828924,-0.010264619026967736,0.000697821676581889,9.569183891317001e-05,-0.0074705517079082795,0.028081907958003416,0.006617930537322847,0.004691624033983932,0.0017213342885064042,-4.697379677670588e-05,0.0,-0.002627476536835427,-0.02546522074316726,0.022331104691472425,0.0,0.0,0.0,0.05483934471489771,1.1102230246251565e-16,0.08231657057814817,0.0,0.018427005456441714,0.0,-0.005234079737000574,-0.0011399655668339337,0.0,-0.019943437396935326,0.003596880067096353,-0.0035709187405209564,-0.005553103720079111,0.0,0.03987202594871431,-0.037938346241258025,0.018198646897124637,0.01164654653232422,0.045730318825764726,0.006587155324804805,0.006584927002504626,0.018363633036486804,-0.0001348342829566307,-0.0058745219418907535,0.0,0.02126727549059987
-0.008922398086593009,0.0,-0.001669828859850786,-8.687930544626354e-05,0.04057051453976401,0.03351760116002378,0.0289991202698609,-0.0099986204965537,0.025445170444441834,-0.006401382345809503,-0.0005602379051009576,-0.0021006663067680287,0.027538204807191435,0.0004520492654050967,0.03686027483785792,-0.015788358279537285,0.03812461575207027,-0.01116483555292147,0.0011591932542201477,0.0015724972086259559,0.011700391325361381,-0.010025534226583033,0.015368193594410717,-0.008101033440414962,-0.015884975384423183,0.006380304752540089,0.016358601811645668,0.014537338485859197,0.020809508596883575,-0.004955516548956318,0.03167080283579421,0.014650165770490609,0.025078007562264193,0.035776652895045225,0.008088869068835436,0.04146246386393082,-0.00020861958429285732,0.0,0.010611561989348373,-0.02044994300492864,-0.0032347452104904972,0.0008880017731838219,0.0016412633363324658,0.0,2.220446049250313e-16,-0.005067946104941101,0.008122813744124047,-8.3924914745237e-05,0.0,0.0,0.022213174579715722,0.0020982522758452027,0.0015926509255588805,-0.0002818679954424974,-0.03240553260408752,0.0,-0.0015185569498203377,0.0034114016200699204,0.0,0.03822190548688992,-0.005892500172422044,0.00042908118626550085,-0.03367211255946995,0.0,0.022071097513239157,0.020707957712641667,0.019076266935994735,0.042687067171475246,0.008669998471000695,-0.009895088118695106,-0.00046122610434046196,0.02490386688681545,4.399875428268141e-05,0.048930652341108605,-1.1102230246251565e-16,0.00980643298739875
-0.002038432976136151,-0.001669828859850786,0.0,0.03276376448209445,0.07043822431465574,0.07802111808551881,0.051935737470559906,0.10659314919607882,0.058882078129349036,-0.005199900686007564,0.12240121690718597,-0.003265452596758811,0.043431239169819114,0.07359516214588785,-0.0023138496968760913,0.00036630188362374305,0.0011681636060307254,-0.0031811205718280666,0.11139210076869782,0.04612488904855239,-0.0009646781361984935,0.005293494416268918,0.1277995099515462,-0.0021934568261302023,-0.007848403066727072,-0.007653020923231446,0.0631474719608705,0.046226556937224494,0.048991131880261884,0.06844132936446018,0.0396400105910395,0.042200398773207914,-0.025405060496181853,0.04861572737670539,0.028579645416012045,0.06402292362064727,0.04258488102476887,-0.0019047766906611363,0.08597695005087824,9.62043841035154e-07,0.07316172451597791,0.003795455684275806,0.08775773592339542,0.0012974696029065536,0.0,0.0,-0.000400637492720346,0.1579088654102842,-1.055044031506025e-05,-0.007556761835514569,0.05575739398827273,0.08480480579486926,0.10098193622127105,0.09903193438446345,0.001144289018759681,0.17805382843767847,-0.0012461317175931352,0.07037519882838361,0.08216085080823254,-0.00020006442675057912,0.0,0.0,0.0,0.2670493984256276,0.0001232428162474819,0.0003858288486202066,-0.0004840916511932303,0.08303766491742715,0.0,0.00018258210259985974,-0.0015613402947547983,0.0711415049501154,0.07511149728276068,0.04674329149889772,0.0017563032772895948,0.09113197063237555
0.0,-8.687930544626354e-05,0.03276376448209445,0.0,-0.0050019838941322,0.017210182176569555,-0.0318757707251745,-0.05186568044116202,0.025388802584811354,-0.02296669532553683,0.026104511474732695,-0.004808621175086125,-0.036979787964270205,-0.05541208978552023,-0.002365253845191928,-0.0007134524908660733,0.0011004238184587622,-4.804342422365382e-05,0.04400855675739496,-0.005605328696889733,-0.0005344979324836685,-0.003745097715596224,0.021445002067842667,9.989831539541916e-05,0.0007379012231575888,0.000765332194566648,0.015021893953828136,0.023511282217362928,0.022249593148476632,-0.004586179472568452,0.06503617250435523,-0.00011218861460998708,0.019219367007379362,-0.017684526029610292,-0.0730172493543407,-0.014326539830602003,-0.014290729949314518,-0.0076025982407900705,-0.011100361129580238,0.0007312950428699505,0.00018196316248692002,-0.0012930738518946994,0.000136539190498719,-0.0010484995375060757,0.0,0.0,0.0,-0.00017117565332397389,0.0,0.0,-5.391858760217527e-05,2.220446049250313e-16,0.00010995377378358873,-0.000892681505870685,5.551115123125783e-17,-0.0008181933527414698,-2.544326766912297e-05,-0.00015270110286769167,0.0,0.0,0.0,0.0,0.0,0.0,0.0,0.0,9.694615804245466e-05,0.0010143555310060948,0.0,0.0,0.0,0.0015291674590772186,0.001177037634420064,-0.0001201037365007318,0.0,0.0
0.0006256110684548788,0.04057051453976401,0.07043822431465574,-0.0050019838941322,0.0,0.043656185738839115,0.04821533474941336,0.09742483119188872,0.03688514446198127,0.013396657736681306,0.06175640303972846,-0.002400067215582502,0.025296618553402428,0.0968083943769158,-0.00029144784946688596,0.02260476276046014,0.022163243424891788,0.017630568372300426,0.07844015056286546,0.030694412706927576,-0.00046329772040387684,0.03718966530733736,0.06250161646600283,-0.004556467683673737,0.012948657894767235,-0.007347753914419941,0.057191056277780095,0.04971686895408317,0.01807399850498459,-0.004689387549415169,0.034589454336305836,0.08789510776864068,0.020149301994177693,0.03902695672739065,-0.01808562674764913,0.05455992232707535,0.02358507611305366,-0.04305859200794426,0.006025770942175546,0.00083804525475073,0.00492698333274777,0.0014387327079120604,0.0908997676650935,0.0009334476483913168,3.61281180716877e-05,1.1102230246251565e-16,-1.8661112230811128e-05,-0.0016702352307912394,0.0,0.002878398187321274,-0.0015678800437584073,0.0005651418370762329,0.0016742524244554025,-0.005691003297021324,5.551115123125783e-17,0.0013470848309988237,0.0013645945309421204,0.0035722184896604947,-0.00780368335977405,-0.0003812810163210667,-2.40443005233848e-05,0.0,-5.551115123125783e-17,0.001387443747243089,0.0006317516838741932,0.00011521019936866495,-0.0012249115188395776,0.07197647176421196,0.0,3.0844287096376544e-05,0.0008633844036081695,0.0638166875605023,0.002942068828867661,-0.0030572218557687325,1.1102230246251565e-16,0.0015434946123834559
-0.0048865669338104545,0.03351760116002378,0.07802111808551881,0.017210182176569555,0.043656185738839115,0.0,0.026413440444406355,0.04544853108709612,0.005914910254789962,0.01946356204874683,0.0579179913562361,-0.00317299050341574,0.014127638202115489,0.003953231915776345,0.03189903296230212,0.011290416681108861,-0.003010805101804681,0.020421784862204584,0.0359346395226397,0.03108689176371604,-0.009788107477469832,0.024508517935146912,0.04902644224982461,-0.0008540683179159569,0.026355981743864443,0.03555830430581275,0.04454645057616463,0.010939494926511473,0.004937753613983964,0.037307898715867205,0.020560519693650636,0.020035195997063826,0.020168266990975237,0.030090200944584977,0.01343394074029608,0.04770069997067777,0.01648461646144317,-0.006646178767269029,0.06275635494507831,-0.00478238108836937,0.10337163873690702,-0.012639759737489153,0.06756992763272601,0.001788004490066497,-0.001986316097003893,0.0016710363181126064,0.05156552380258972,0.0667136159242343,-0.0004600038204926604,-0.008049137633347137,0.05981187416742906,-0.009787709524038624,0.05947763241132681,0.059311206506954206,0.004642669518364506,-0.012448982951548282,-0.002637837237908891,-0.008691901656757484,-0.005631213525395806,0.041966626510364535,0.00016545312671245593,0.0,-0.0010445081008134127,0.06294492524172035,-0.0069825499087017295,-0.0040116367415786724,0.03328971353995441,0.06725266571227584,0.00015076021395710182,-0.0035818232869471167,0.03182952858787985,0.06329400810934827,0.06459929673458031,0.04071100883711598,-0.0074887228796515215,-0.010632776190588444
-0.0033951727904398266,0.0289991202698609,0.051935737470559906,-0.0318757707251745,0.04821533474941336,0.026413440444406355,0.0,-0.028918564348699438,0.03635945925890588,-0.011311652270324102,0.06162834187659477,-0.01678674857252549,0.01192054137596571,0.006572981562921021,-0.002282205415231775,0.02658271422187891,-0.004707711493372846,0.028313980564062036,0.0653107971606745,0.03516848248047666,-0.0023933815120856794,0.02808044066416926,0.033336744253422756,-0.030024599770672067,0.0368225505183411,0.034697742031274736,0.04005859436668441,0.004941552784590075,0.015505869687396534,-0.008117090709279629,0.00996223010986258,0.030430962364048852,0.027112610924885427,0.016687173720280113,-0.00948809148921298,0.004302110681098703,-0.0011124758764150533,-0.02245384426090663,0.00958027598732486,-0.0009735400324569765,0.017843030682752392,0.005646709476951284,0.004047903315736456,0.0067755420612857775,-0.0013438912500542965,0.0,0.0019439333500512745,-0.005792065382314249,0.0,0.002702016674185681,-0.010194999128960491,0.0012751676755508035,-0.003002933057024426,-0.007389994796387467,0.0001988239869597508,0.0018564543798638145,0.0010915280226850843,-0.0019853090131842777,0.0004502249554172444,-0.0003214753012758531,0.0006504176992943034,0.0,8.781511777483653e-05,-0.002176669208236559,0.0010812068942987474,0.0016523833661595266,0.0008323953607451418,-0.011146135065735252,0.00014821284626653775,0.0010204182868390754,-0.0009673805109568501,-0.008954495281681352,-0.0003412335591076454,-0.0035595331638864636,0.00014063016929333205,-0.0002912649989803562
0.021424184499114318,-0.0099986204965537,0.10659314919607882,-0.05186568044116202,0.09742483119188872,0.04544853108709612,-0.028918564348699438,0.0,0.06074099271106104,-0.003669538630752034,0.03164822119099542,-0.0048766050030099595,0.007008467929317697,0.032719061682716544,-0.01692546070068035,-0.00462538032587928,-0.0007920642122025701,-0.023969441765090915,0.09326039870054459,0.06493873373159936,0.03662704336371969,-0.00682537195570293,0.03646927020950119,-0.0011816575226857307,-0.02368526403989568,-0.011674509213098316,0.05780076168715781,0.02091114442540959,0.0017506627972135314,0.04062834115414232,0.039582842301990995,0.02272733769872859,0.028174051571055625,0.026685608798930227,-0.05663647805125116,0.00992727474566718,-0.008259976269095526,-0.00377411000333,0.0369395319562299,-0.001877586435826084,0.049289543505654954,-0.005553058373761299,0.06421344830990144,-0.001439496924516448,0.0,-0.000993261320134331,-0.005450612388947895,0.07124698923783046,0.0,0.00491215057855654,0.04767893625746922,0.0583295078415782,0.04232838758860341,0.06146815807951955,0.0006349297651424557,0.05951637848539171,1.2763591741460356e-05,0.04702891603174586,0.05717596049684076,0.037027188717016046,-0.0007135373373340359,0.0,-0.0003210730080038249,0.0747863030125504,0.03635670637750066,0.01705314324784163,0.05948945675920431,0.06442236128994361,-5.551115123125783e-17,0.00017067130325365554,0.03665863775769357,0.06450845350531298,0.04976699785891847,0.033692939572518066,0.0025013464583352185,0.07181077408690051
0.0010033112441171221,0.025445170444441834,0.058882078129349036,0.025388802584811354,0.03688514446198127,0.005914910254789962,0.03635945925890588,0.06074099271106104,0.0,0.0424987619969901,0.02223697475692693,-0.005525291975957414,0.0486675529804107,0.026360063835063452,0.0032877117146327683,0.019335205875540384,-0.002785729845132645,-0.002584794334109186,0.026049662459140255,0.024577145428487768,-0.001257424577329025,0.021845478925037798,0.06022854110041742,-0.00758860763991126,0.017303027117677006,-0.005976716378511604,0.04219408919074802,0.029523418195314843,0.021863690044165607,0.04311387135768796,0.03336772004221983,0.03286600795051542,0.008662980770463236,0.03489951855436885,0.0054795081849698946,0.053101907892289524,0.027993696466564355,0.019774554946568823,0.05337361422462433,0.0009178023313611838,0.009838855991133544,0.0010706675141432531,0.04929406579285278,-0.003025910837568313,-0.002020464959314572,-5.551115123125783e-17,0.0013336611070156046,0.06002614927437078,5.068480997239e-06,-0.004928937559607882,0.03685403241501517,-0.007058075565470667,0.043770860965128056,0.08167253708256017,-0.0002803549387129234,0.07623562602243772,-0.0009177727306676209,0.061094461502867015,0.11919379948931585,-0.0011034423701866136,-0.00019677445785104553,0.0,0.0,0.07082578994825872,0.00020497987261830497,0.0022460973409609286,0.000520748464438392,0.04579422153408019,-7.459188261005334e-05,-9.587035154434709e-05,-0.0031662263533982493,0.046800719800522916,0.06473750633065578,0.05308805794565413,0.000360755762816134,0.0003476202641435888
-0.028880394023497902,-0.006401382345809503,-0.005199900686007564,-0.02296669532553683,0.013396657736681306,0.01946356204874683,-0.011311652270324102,-0.003669538630752034,0.0424987619969901,0.0,0.04322764995760148,-0.016391151786753155,-0.015189712843499792,0.08082420540368956,-0.0030164168963792704,-0.06330716220483218,-0.035632024557927244,-0.04397758515756722,0.039989349770869265,0.06383640869414958,-0.07191078220677405,0.02435535608378392,0.007682384426057509,-0.010993518889729326,-0.0012769396863334115,0.00543604045093965,0.00982754526233498,-0.01946984154511522,0.015914377393279888,-0.0010388069869925465,-0.015313294939636013,0.023468542999216413,-0.04602599078687519,-0.037324225089817586,-0.019085125208696818,0.058408492913678334,-0.029425213034600356,-0.06874253326636054,-0.03402479074673176,-0.014698423354272794,0.022065826500521635,0.0022415899608799195,-0.003268682179941196,0.0009289472866849113,-0.0077617396624799495,-0.01498560828891099,-0.0013614659336544377,-8.369623671278248e-05,2.8779537244338904e-05,0.0002624024373366618,0.0007909384156477017,-0.0012128304412867275,2.6701287501706972e-05,-0.002333246639133757,0.03100514129749793,0.0016430048960024424,0.036811049329883105,-0.017039567364395047,0.0,0.0010540499481513366,-0.0018252034210341495,-0.04684899144232024,-0.056748984683265835,-9.459984705362245e-06,0.0001537008467405454,0.00010037287193537248,-0.0024730694219676774,-0.0011087426396279576,0.04978909523392988,-0.03560840381365704,0.00393869760547555,0.001963703339314282,0.02292544647812783,-0.0014706361581479643,-5.551115123125783e-17,0.009256251426451978
0.002308380464503712,-0.0005602379051009576,0.12240121690718597,0.026104511474732695,0.06175640303972846,0.0579179913562361,0.06162834187659477,0.03164822119099542,0.02223697475692693,0.04322764995760148,0.0,-0.002822709237543075,0.047688983629381954,0.0898676841415395,0.0,0.00015273161266154966,0.029136889744700578,0.0004459291125281095,0.11907136022028314,-5.556738328044153e-05,-8.735385350505664e-05,0.0005800659334533886,0.09308188356206326,0.03831141035822938,-0.00311646612031391,-0.0032855349056343797,0.07324259567540342,0.05171955033515985,-0.005140473837878412,0.0004220676615493968,0.04149439648454123,0.07334325627213178,0.055193022765972544,0.05373899255457559,0.01982283955880726,0.06347388761655304,0.03257932237502087,0.0334181019646424,0.03068693099708264,-0.00021840916602944294,-0.0007727721777355812,0.000603666081949783,0.03802527836055708,-0.0008323358077433896,-0.00047125940821224344,0.0,1.1102230246251565e-16,0.15323857759269854,9.814495142146384e-07,-0.0033670355413820685,0.020735907587836278,-0.0007579509318373367,0.07010807875542113,0.0014766522942969429,0.000628855572474718,0.2081854714847196,0.0012367753548952476,-0.004572247307890243,0.07029973016129043,5.551115123125783e-17,0.0,0.0,0.0,0.2818805154182911,-0.0005626772910207745,0.0,-5.124030202585672e-05,0.06709778732644733,5.551115123125783e-17,0.0,0.0001433436982303249,0.010036503565672317,0.04306353277419145,0.004395168391798876,0.0,-0.0010679810651465504
-0.0020902484326054682,-0.0021006663067680287,-0.003265452596758811,-0.004808621175086125,-0.002400067215582502,-0.00317299050341574,-0.01678674857252549,-0.0048766050030099595,-0.005525291975957414,-0.016391151786753155,-0.002822709237543075,0.0,-0.008814465106766145,0.004725095964895842,-0.00038846486156352,-0.0006299468355036586,-0.011994815119293734,-0.01068186599256249,-0.0036932565822807017,0.0018063414619345353,-0.003739942667530527,0.0001507657655010486,-0.006599176694465081,0.015627404579023063,-0.007271024707680207,0.03844828790559757,-0.0020887971048578202,-0.028249810074762294,0.004233625767361471,-0.000894912845306628,-0.034898679500141194,0.03666757534576259,0.027075142116132545,-0.041471660161931934,-0.06029712757188474,0.07861442749467362,-0.03390811007557626,-0.033885044939218456,0.015997391870618494,0.010994032568751977,0.0021519947495770575,0.0009442054251943,-0.002728790883214538,0.0018097752773668097,0.039544578804140196,-0.007180401044957152,0.0015723660826982289,-8.558365446853511e-05,-0.000749983512126351,0.00031937356229760905,-0.0015212731575671712,0.0019572154797308228,-0.0008385883575509068,0.00022611374617326208,0.03226448658601899,-0.00027699445970841285,0.04338102695182938,0.0031073240987399275,0.00012309349051009555,8.176301853157764e-05,0.0014626916241263221,-0.0372640347171278,-0.04455819565594876,-0.0008369280378368593,0.00022616028433480873,0.0018683423889531703,-0.0009203063271277512,0.0037773722534125143,0.04986555762316103,-0.017347420473026676,0.011244509628308808,0.0009555264636340599,0.010131468245413222,0.0018608678534038359,0.0,0.006717880050641445
-0.0006071341162597332,0.027538204807191435,0.043431239169819114,-0.036979787964270205,0.025296618553402428,0.014127638202115489,0.01192054137596571,0.007008467929317697,0.0486675529804107,-0.015189712843499792,0.047688983629381954,-0.008814465106766145,0.0,-0.0045464916246737985,0.05398974395166267,0.023255028678087486,-0.005366882698360997,0.009945035929998736,0.045998578420719693,0.04052567492801873,-0.008705019534440583,0.02805356817851762,0.02824090962868181,-0.005393259646825299,0.03429785125475526,0.015636603423992368,0.02947991221969337,0.0009533305999801511,0.01914183600621533,-0.0063886362290386245,0.00411135166640203,0.021692621916000687,0.024582212512132273,0.005644407086450198,-0.00772525469765678,-0.0034206464986467067,-0.008678419636233115,-0.04237226698958246,-0.11736341768116887,0.006195938218037655,0.013878287513860943,-0.00029711977068364037,0.03756568527815651,-0.0029263268136549003,-0.0017193157280846472,0.0007607236432770059,0.002290137734528408,-0.0076510129183536835,0.0,0.0016819251182397243,-0.00953213092447025,-0.0025517243130595,0.030811235313462748,-0.003510807275951655,0.0003038046955665119,-0.003896085009168382,0.001666366652294915,0.0025195590060162476,0.0015218202523349933,-0.005173349867541255,0.0014246760191036767,-0.00017965860551011348,0.00154168817061906,-0.0008728208921338076,-0.004423074341517619,-0.0002513369425793943,0.0004973991003864864,0.04615519279205582,-0.0016266613631011895,-0.001162658456541843,0.0011046146815086866,0.05153893749153737,-0.0026843291460137975,-0.008204772780842418,-0.0003085134017516422,0.001507305458049446
-0.0005167938185052789,0.0004520492654050967,0.07359516214588785,-0.05541208978552023,0.0968083943769158,0.003953231915776345,0.006572981562921021,0.032719061682716544,0.026360063835063452,0.08082420540368956,0.0898676841415395,0.004725095964895842,-0.0045464916246737985,0.0,-0.001217668455424592,-0.00021970263451431826,-0.00013187831949773576,0.00012051618245295659,0.06669276194937546,-0.0007856186256954834,-0.005212128611266131,-0.000607677354897862,0.04636822244389038,0.004818736411056457,-0.0005757917927137757,-0.0014138651822050985,0.03215520063481908,-0.02778574504544612,-0.0016590750658285747,0.00034748512820304,0.021285534133427875,0.022002761202835563,-0.006753640666590122,0.049698734084534624,0.0037434031515857225,0.018360970080681327,-0.009177662936360381,0.0009153446428972756,0.038644889901902735,0.0,0.0004503070064145742,0.0009952452246589916,0.07106402409861307,-2.8251012066937697e-06,0.0,0.0,0.0,0.05733368788862803,0.0,-0.004829597249192519,-0.0016024024580087448,-0.003226868608544653,0.0025999276274251693,0.041745995855361095,0.0,0.09360114954767412,-0.0002421021906869325,0.0014055796453368297,-0.004154808717499681,1.1102230246251565e-16,0.0,0.0,0.0,-0.009961356280648925,0.0,-1.1102230246251565e-16,0.0,0.04689849045171146,0.0,0.0,5.551115123125783e-17,0.02522543385095971,0.0007641953974215077,1.1102230246251565e-16,0.0,5.551115123125783e-17
0.04459833109372796,0.03686027483785792,-0.0023138496968760913,-0.002365253845191928,-0.00029144784946688596,0.03189903296230212,-0.002282205415231775,-0.01692546070068035,0.0032877117146327683,-0.0030164168963792704,0.0,-0.00038846486156352,0.05398974395166267,-0.001217668455424592,0.0,0.013457985377355375,-0.0048326790810674924,0.013561069054337849,-1.1102230246251565e-16,0.01147062202054644,0.03485691450332484,0.023730907193670492,0.04377560724238383,0.04121543678196665,0.005187287748457392,0.053584868878069014,0.02946850442501553,0.06352524144526284,0.02618699076785236,-0.004967105817596518,0.0367962490066413,0.052960817671137916,0.052562339245163625,0.03852960611589629,0.04274575914929013,0.061080869362651,-0.002324031409817018,4.690961501674362e-05,0.029957057624221906,-0.002946492032400938,0.04109958738375158,0.06716260102184479,-0.04923318346987293,-5.4481156131935826e-05,0.0,-0.034878910877799096,0.03662262032727115,-2.879527483284905e-05,0.0,0.0,0.005080704128044677,0.0027912583951991143,0.05120809051733677,0.0006959304047969295,-5.551115123125783e-17,0.0,0.0013243819527775647,-0.0005892507134049874,-1.6088467595043454e-05,0.05226472341486377,0.021692158659167016,0.0007108625597213591,0.0001979514609763977,0.0,0.06115214592737833,0.028997476536149536,0.055095452321127225,0.046116348599386126,-0.00017511198061892497,0.022881255628289354,0.037497250594666465,0.04791107761454083,0.06065309105233685,0.04587216413211126,-0.0025611326676658885,-0.011411590245961167
-0.020377522386800906,-0.015788358279537285,0.00036630188362374305,-0.0007134524908660733,0.02260476276046014,0.011290416681108861,0.02658271422187891,-0.00462538032587928,0.019335205875540384,-0.06330716220483218,0.00015273161266154966,-0.0006299468355036586,0.023255028678087486,-0.00021970263451431826,0.013457985377355375,0.0,-0.04543320629502767,-0.14685744468707632,-0.0001274396672527045,0.012064148548765419,0.00800736424534887,-0.06140577189191082,0.006492354262165045,-0.10531215498528568,-0.14657631065850665,0.013043443279891764,0.0007553139122851715,0.01600982868137102,0.017553461537012316,0.009660445789812067,-0.030484435292676804,-0.02299879910246727,-0.029373150560954686,-0.007299364876844461,-0.019461680234512946,0.003084636453603684,0.0001530596020585251,0.002073732407248674,0.01867792753122638,-0.06354469778493366,-0.005681493109022273,0.02341230208677214,2.09781342194737e-05,0.0,0.0,-0.004612345684410268,0.0026514186040263454,0.0,0.0,0.0,-0.0011254816930307276,0.0005518255237024761,-0.000442516752210631,0.0,-0.004785442907269122,0.0,-0.0001229602548825648,0.00013990863931517827,0.0,0.04390150266375098,-0.02622495849747708,-0.03464424575766539,-0.051707149587100876,0.0,-0.005141961664449635,-0.0016450066642436645,0.008468447995277406,-0.005711368017123075,0.003902246819416977,-0.04624882856760826,-0.008188050120786383,-0.004252150765868878,0.0008489032407494324,-0.0010407008970118037,-1.1102230246251565e-16,0.021692077597097292
-0.04034822837190227,0.03812461575207027,0.0011681636060307254,0.0011004238184587622,0.022163243424891788,-0.003010805101804681,-0.004707711493372846,-0.0007920642122025701,-0.002785729845132645,-0.035632024557927244,0.029136889744700578,-0.011994815119293734,-0.005366882698360997,-0.00013187831949773576,-0.0048326790810674924,-0.04543320629502767,0.0,-0.10240794956860344,0.0023197352873711163,0.03662319702239414,-0.03977403833727122,0.04293442888478838,1.1862983618382561e-05,0.004498308708394072,-0.048921222509369366,-0.021864437948604987,-0.0016009504020620957,-0.11722772919954255,0.04830729341864898,-0.0036014267930084,-0.02686974299208167,0.008321680240958196,-0.01407566991655701,-0.011123042789981219,-0.013951521564304958,0.003660456620392716,-0.00039000243868309026,-0.04393887080153519,-0.0011797643701235705,-0.03283995765557646,0.0183632083923142,-0.00010205038380139975,-5.551115123125783e-17,0.0,0.001168585527724586,-0.0036278695647577464,-0.0007323225914109277,0.0,0.0,0.0,0.0,0.0,0.0,0.0,0.018402432065174112,0.0,0.018715141563343363,-0.0016292945340163345,0.0,-0.00012149043388620662,-0.0026744588327423657,-0.025058876016863796,-0.03763671508799049,0.0,1.1102230246251565e-16,0.0,0.0008601825917629591,0.0,0.005342512758736373,-0.023395849242998035,-0.008612318262448238,0.0,-0.0004922735331461814,0.00012642616115310368,0.0,-0.0050173911957129835
-0.05580871785874236,-0.01116483555292147,-0.0031811205718280666,-4.804342422365382e-05,0.017630568372300426,0.020421784862204584,0.028313980564062036,-0.023969441765090915,-0.002584794334109186,-0.04397758515756722,0.0004459291125281095,-0.01068186599256249,0.009945035929998736,0.00012051618245295659,0.013561069054337849,-0.14685744468707632,-0.10240794956860344,0.0,-0.0022707440213957653,0.008105623197303014,-0.042960448372171,-0.0005237776277122186,0.0011778795853215618,-0.022276887214995544,-0.13144315718974117,-0.02669501993791551,0.00902037644982151,-0.013818955870551375,0.013013963274228268,-0.005567786164894006,-0.05063313051611856,-0.016607942949472265,-0.03170289221223821,-0.020124984598367257,-0.030887688294135185,0.002100963112813936,-0.00011383104988732518,-0.040627746057065095,-0.0031243320600378155,-0.06675011624849225,-0.016178518774086437,-0.03945086551273391,0.0,0.0,0.00039986158276789086,-0.026646506563308026,-0.001338639663604868,0.0,0.0,0.0,-0.0012594807483403136,0.0004575307404793838,0.0004412818782174033,0.0,0.019092569653522296,0.0,0.015553389348829216,0.00039943260151548143,0.0,0.0009337665700027697,-0.041387203948670015,-0.02364916346276913,-0.030658841638888434,0.0,-0.0027853907513539222,-0.0014700045119582783,-0.013113235337377183,0.00037685581711244254,-0.00771437098975486,-0.027818449668699397,-0.011005722380530103,-0.0015937863491025661,0.00014934362121904465,-0.005095369514617254,0.0,0.004990396328194813
0.0,0.0011591932542201477,0.11139210076869782,0.04400855675739496,0.07844015056286546,0.0359346395226397,0.0653107971606745,0.09326039870054459,0.026049662459140255,0.039989349770869265,0.11907136022028314,-0.0036932565822807017,0.045998578420719693,0.06669276194937546,-1.1102230246251565e-16,-0.0001274396672527045,0.0023197352873711163,-0.0022707440213957653,0.0,0.00031566298764901246,-0.0003026244491147745,0.0015350831426665934,0.10681610101321287,-0.0002751927963264844,-0.0018848366474538136,-0.0007119141593364131,0.04491121969134293,0.044428557403308366,-0.002001943450086252,-0.0002447208790768429,0.03619026858018415,0.05148974652706034,-0.000965175253773487,0.03679858913081924,0.01459598599420403,0.05543661999159866,0.03590479338565855,-0.00847834301974254,0.06927489300432094,-0.00012783459111898043,0.004917526463962263,-0.0010201178440599201,0.08735431381838887,-0.001278372691746299,-0.00016421513570719082,0.0,0.0,0.1597360813703701,-5.551115123125783e-17,-0.0029245720288363364,0.046110936257486745,-0.004557343777265244,0.08237808429076776,0.06630124470064824,8.264462453028143e-05,0.16137381163623682,0.001323935164833978,-0.004455054054415708,0.08119797155934055,2.220446049250313e-16,0.0,0.0,0.0,0.1330155485302098,0.00010882842887888211,0.0,0.00012333632279898366,0.06111851135926438,0.0,0.0,-5.551115123125783e-17,0.05689578935267969,0.021345895288161998,0.03964025046361164,0.00037519234840066584,5.4068736473067425e-05
0.1046212291038649,0.0015724972086259559,0.04612488904855239,-0.005605328696889733,0.030694412706927576,0.03108689176371604,0.03516848248047666,0.06493873373159936,0.024577145428487768,0.06383640869414958,-5.556738328044153e-05,0.0018063414619345353,0.04052567492801873,-0.0007856186256954834,0.01147062202054644,0.012064148548765419,0.03662319702239414,0.008105623197303014,0.00031566298764901246,0.0,0.06171922477875319,0.011740900913866092,0.007303388331618754,0.0006169014858036226,0.013593623119650788,0.06550644372671605,0.025341859280563594,0.03680534018919951,0.03041175434437776,0.020378587075262078,0.026574060305106784,0.04542466136547124,0.025946006238492247,0.05496115917618577,0.027063156113842357,0.04447182104532599,0.02389004295792313,-0.054292724339395027,0.025018389034332456,0.05922172074365406,0.08316380401119755,0.07927743265065279,-0.010725591375819299,-0.00022603415254257575,-0.0004323770672656768,0.0008139952306743803,0.015727710318281407,0.0005003567790048957,0.0,0.0,0.07660530820315375,0.0007256496843112137,0.048677211099899254,-0.0012067988240905825,0.000881526294573165,1.1102230246251565e-16,0.0018146286887475993,0.057144986522663865,-1.1102230246251565e-16,0.0553650714799504,0.0031591174878874972,-3.3371684081406894e-05,0.0013847601538372056,0.0,0.06592424123071089,0.06288338738317689,0.05405770623581513,0.05140984529033904,0.0,-0.0016510503908243046,0.025119067658341487,0.047832411735627134,0.04994595043428707,0.04930484425208648,0.08740321106551457,0.09281221959790803
0.04328738603768906,0.011700391325361381,-0.0009646781361984935,-0.0005344979324836685,-0.00046329772040387684,-0.009788107477469832,-0.0023933815120856794,0.03662704336371969,-0.001257424577329025,-0.07191078220677405,-8.735385350505664e-05,-0.003739942667530527,-0.008705019534440583,-0.005212128611266131,0.03485691450332484,0.00800736424534887,-0.03977403833727122,-0.042960448372171,-0.0003026244491147745,0.06171922477875319,0.0,0.03353567078044983,0.0376147095078701,-0.003243204203497607,-0.0283743457474816,0.012377798807243823,0.03378190784943036,0.03333659202981576,0.021944488940159546,-0.009233068900639074,0.010655019223215434,0.020804762817711375,0.02675014923889607,0.014589243466890445,-0.023236745575571538,-0.0032205857578719854,-0.00013776950496807716,-0.0033790378153887857,0.03057390150161271,0.005545323117135181,-0.003649512314454706,0.021019577386048205,0.0032113326650669016,0.0,0.0,0.0684945007342756,0.02610465145893537,0.002211637002543454,0.0,0.0,0.008860609297112021,0.0006561570724146204,0.05642943485614421,0.002237110560022737,-0.000743133353684533,0.0,0.000282052931714627,-0.007669114282221223,5.551115123125783e-17,0.033419295381966196,0.022759267891632795,0.0,-0.00163007836031287,0.0,0.047562333149501534,-0.03684630926402227,0.050279219539498765,0.0271648812301305,0.0010453409616308917,0.019154282598105477,0.01910539513885412,0.03322814349290343,0.04367264520579861,0.01673925613091215,-0.002696864567025503,-0.007221748011200624
0.05444176355197933,-0.010025534226583033,0.005293494416268918,-0.003745097715596224,0.03718966530733736,0.024508517935146912,0.02808044066416926,-0.00682537195570293,0.021845478925037798,0.02435535608378392,0.0005800659334533886,0.0001507657655010486,0.02805356817851762,-0.000607677354897862,0.023730907193670492,-0.06140577189191082,0.04293442888478838,-0.0005237776277122186,0.0015350831426665934,0.011740900913866092,0.03353567078044983,0.0,0.054765347340516135,-0.0037756266945244144,-0.01671112065378888,0.03774237860896479,0.018445873197663276,0.023437635996783335,0.01686225641545669,0.02419052395992627,0.02720071529832041,0.045542236108460976,0.014603453075399064,0.037381910365101856,0.033114755512059335,0.05923285251585031,0.03619680036404349,-0.046451005980680915,0.003064662643938121,-0.03357918328899173,0.018954965385835965,0.043129886854771704,-0.030690858199581728,0.00023688831846885305,-0.00038835949314869334,-0.008049646882993866,0.005611713160230236,5.246722738339038e-05,8.846851084765017e-06,-0.00012892457993585182,-0.012011929195688387,0.004036794888283457,0.07379837978624676,6.647771628376375e-05,0.0013260912463547991,0.0,0.0013300128013092327,0.0012460610711467202,0.0,0.040318803456248054,-0.02010843066995982,-0.0010058762519731812,-0.0023516126339213073,0.0,0.05337933452229304,0.037217816638958734,0.04771250196928406,0.0505994569296106,0.0022807004062231906,-0.009469145158930548,0.011551153746312215,0.04699859892801572,0.06238110282502363,0.04662089882263859,0.0004191137164145653,-0.0026032803362862067
0.04057566629127596,0.015368193594410717,0.1277995099515462,0.021445002067842667,0.06250161646600283,0.04902644224982461,0.033336744253422756,0.03646927020950119,0.06022854110041742,0.007682384426057509,0.09308188356206326,-0.006599176694465081,0.02824090962868181,0.04636822244389038,0.04377560724238383,0.006492354262165045,1.1862983618382561e-05,0.0011778795853215618,0.10681610101321287,0.007303388331618754,0.0376147095078701,0.054765347340516135,0.0,0.008967082613438981,0.0031213429046792474,0.03407536036205011,0.0025028690019096023,0.03129847303417438,0.010744255442108941,0.02944967656315073,0.03620018357213506,0.030719653940527947,0.03257860754794201,0.04165821717386475,0.015079930173384937,0.0661107449561793,0.0226101680921052,-0.014616136928533308,0.05573140254602227,0.02204116502117537,0.060418096968622104,0.05281340955486724,0.0595588615977079,0.08399237142397903,0.0013228723630346884,-0.0008264379287387102,0.041797495845774246,0.09754915035919587,-0.0014663097355880894,-0.010052445499578067,0.054491523401269726,0.04602857573136787,0.05196165502711003,0.06316738261889332,0.0024204866150077664,0.11359491082679629,-0.0035513149450270287,0.05418146202311491,0.038802998635101726,0.03873288540259151,-0.0017270175926403786,8.118031222248412e-05,-0.00213201722013856,0.0921640694494249,0.04915693013643685,0.023245081950218183,0.05287272533535431,0.05242897711902872,0.0001427568587227812,0.045868359793608426,0.04443290274838235,0.04779247872529879,0.052752530917886564,0.03581642255571471,0.05563324311599349,0.067496702333677
0.018557540146419083,-0.008101033440414962,-0.0021934568261302023,9.989831539541916e-05,-0.004556467683673737,-0.0008540683179159569,-0.030024599770672067,-0.0011816575226857307,-0.00758860763991126,-0.010993518889729326,0.03831141035822938,0.015627404579023063,-0.005393259646825299,0.004818736411056457,0.04121543678196665,-0.10531215498528568,0.004498308708394072,-0.022276887214995544,-0.0002751927963264844,0.0006169014858036226,-0.003243204203497607,-0.0037756266945244144,0.008967082613438981,0.0,0.011815668230578391,0.024490139466235794,-0.003372504614923111,-0.006180058298318025,0.0022354294790693507,0.0008698503835319893,-0.026528341566570246,0.006369654139026459,0.00462788752030846,-0.032566442185691935,-0.004166549555430998,-0.0016788330091072612,0.002937171285031903,-0.010801241143736817,0.03797407041958695,-0.01968703205951633,0.024673422528076527,0.006740616993032134,0.000416037487883103,0.0003122015797608624,-0.03191839967684418,-0.02922670678251238,-0.007130391222441135,0.0,-5.551115123125783e-17,-0.0003206473608651228,-0.0002890323566862585,-0.00048210375316165566,-1.6653345369377348e-16,0.00015205524233957712,0.05101433646284076,0.000514423579790535,0.047300504074665795,-0.014479160547133163,0.0,-0.0023229380017217305,-0.0091848417009458,0.02665598214830045,0.012559511681565105,3.9074914969627894e-05,-0.001169202121258095,-0.0017000949165801305,-0.005720603758566922,0.0005462063284921714,0.14607195980859422,0.03398837027819551,0.05068907295539732,-0.000605910826077527,0.014649222456136701,0.0006045220757486813,0.0,-0.016614938525636946
-0.02705856660218081,-0.015884975384423183,-0.007848403066727072,0.0007379012231575888,0.012948657894767235,0.026355981743864443,0.0368225505183411,-0.02368526403989568,0.017303027117677006,-0.0012769396863334115,-0.00311646612031391,-0.007271024707680207,0.03429785125475526,-0.0005757917927137757,0.005187287748457392,-0.14657631065850665,-0.048921222509369366,-0.13144315718974117,-0.0018848366474538136,0.013593623119650788,-0.0283743457474816,-0.01671112065378888,0.0031213429046792474,0.011815668230578391,0.0,-0.006214799723178288,0.010793125524631686,0.004628643015051892,0.02693054470127293,-0.002224665043941254,-0.0126893531431449,0.0016464685317453265,0.003807179549531914,0.00897380772341777,-0.004576664796127172,-0.0013343667358812206,0.00036047865785476807,-0.04099614915879074,0.011428684524724952,-0.038335195921868404,-0.002666258573583491,0.0029021496248483603,-0.0011169149236363585,-5.551115123125783e-17,0.08924275636189466,-0.02167580191143481,0.006545520402849725,5.551115123125783e-17,0.0,2.220446049250313e-16,0.0013667780201407354,0.001082523102007571,0.0008777016729165643,0.0004897919770163184,0.022992714977333406,-0.00040793788342435855,0.030377425533709534,-0.0031826657526107804,0.0,-0.002027482701754013,-0.031466671337626095,-0.011563473362671606,-0.02275199238419534,0.0,-0.003954662498893091,0.03465108060808497,-0.0029068898427340173,-0.002110862379075651,0.017547078649445214,-0.017752366292422495,-0.003394978800152215,-0.002365306918986454,0.0005330789897852184,-0.005632105644390539,0.0,0.004983228578859911
0.005741246242547349,0.006380304752540089,-0.007653020923231446,0.000765332194566648,-0.007347753914419941,0.03555830430581275,0.034697742031274736,-0.011674509213098316,-0.005976716378511604,0.00543604045093965,-0.0032855349056343797,0.03844828790559757,0.015636603423992368,-0.0014138651822050985,0.053584868878069014,0.013043443279891764,-0.021864437948604987,-0.02669501993791551,-0.0007119141593364131,0.06550644372671605,0.012377798807243823,0.03774237860896479,0.03407536036205011,0.024490139466235794,-0.006214799723178288,0.0,0.0412457612895506,0.001053011933626058,0.047251916440657515,-0.0021823770047875723,0.00893863610167267,0.021067381304382182,0.004972123201805345,0.014577120642381147,-0.0016672109194008633,0.0022354176178644436,0.0015224048531298218,-0.018857076538543904,0.025634201965400227,-0.030383554294058868,-0.006833927066207557,0.007886235435561162,-0.006583047135731879,-4.2184222241059555e-05,0.05827370185646363,-0.006073285559044184,0.01880080647541854,0.0018823338191768513,0.0,-4.409689330953093e-05,0.01624489413515895,0.0024834031167267345,0.0025469269846264964,-0.0025613627920704762,0.023075897963394154,0.0,0.03162697990387814,-2.5151591394823036e-05,0.0,0.04609300741896938,-0.0022529297010673854,-0.00998101690849773,-0.014150203361051883,0.0,0.03745445487647969,0.03361270177336295,0.04236148898375841,0.04379292898986892,0.026924224370096728,-0.005907476205683382,0.013565403410206733,0.029777400594173997,-0.005944878225785377,0.017288797316182547,-0.0005082978150065531,0.009225373748286969
