0.0,0.7694595651719428,0.7710675000463459,0.0,0.1905617511854401,0.565752002262627,0.10892237968246894,0.45373866320079775,0.2067645279496469,-0.023452962556393654,0.24115609423869275,0.21075912609924818,0.08387149522633386,0.3972713964733031,0.2798202164783483,0.5353112514546318,0.03325892828813981,0.32204471257267603,0.0,0.2615172766679462,0.28565711074874284,0.7487034059105645,0.3983157209575387,0.5853810369156106,0.4166499342587661,0.3516322006261653,0.3641085636696603,0.0669118950073036,0.04344491194140915,0.3361841061392713,0.496477610057507,0.505125113321002,0.726311800049098,0.47884036399925245,0.12034271180093933,0.20983666388865446,0.20707268086683586,0.08918442769301382,0.40917868986011013,0.5004026503870495,0.2189239685108769,-0.32315142762059473,0.19614515849671657,0.0,0.1262664653419668,0.4607786155152961,0.4387874539326359,0.0,0.0,0.0,0.07501977526640119,0.0,0.17291420965103843,0.0,0.5284537981727678,0.0,0.15261302041838273,0.2492972347967798,0.0,0.01932362941393777,0.6004815020560677,0.04789181720274921,0.616473628919656,0.0,0.08582365756985696,0.07777642243899606,0.35972513923136795,-0.013393044752518799,0.4227776757552106,0.5089797406807224,0.4883644087281636,0.09026305791188799,0.1755953807472867,0.04687717076653295,0.0,0.008566279450063743
0.7694595651719428,0.0,0.5808949121753871,0.12433704966787906,0.25548455246381785,0.35008264543719697,0.3050752418086891,0.048888795728342774,0.28798337072180974,0.05302130228834931,0.13233431610082527,0.14312439081283146,0.3354851782821095,0.273700523184994,0.2068941521056859,0.3954202595156068,0.5334450912857253,0.3741147389008484,0.7410099463601106,0.33732798128508407,0.7827027022637321,0.4415520421881216,0.4035221370699128,0.06711400689657636,0.39140738958008514,0.3272271473308768,0.33799894596396557,0.45798092870119633,0.3120179380827301,0.7566080481649041,0.5255609075612647,0.42858189293729165,0.46374813043934715,0.349611939240667,0.37563470367508023,0.17694419855371787,0.11347356968766219,0.0,0.40317795224593056,0.37785670127620186,0.4601038782857226,0.31424303050915403,0.27518534956987756,0.0,0.0,0.6645594930372123,0.4696494118810744,-0.033248089078524556,0.0,0.0,-0.008688991226268058,0.24225388053635952,0.2619427275612478,0.18712945584770094,0.187960415526175,0.0,0.12024777623368804,0.1928004999900793,0.0,0.12739465546104445,0.6340669975767456,0.22711022032993752,0.6226375951856229,0.0,0.3562665569008182,0.5259390900465275,0.38497939123266817,0.4162680954489007,0.12021001940603088,0.5425713750223063,0.5240256691962669,0.3205314469457059,0.1664587051180921,0.5545586130995992,0.0,0.6784576801334289
0.7710675000463459,0.5808949121753871,0.0,0.3363392578937533,0.18921817748811334,0.4522307579271258,0.23811807934826892,0.17588952489148685,0.4090017120924717,0.37031604689722963,0.2787859979668299,0.06536516555466824,0.22917878328189645,0.1714046426365883,0.6942945463427062,0.16368474693778126,0.22973938880419242,0.12968722472307428,0.17742414355966385,0.12582788303863437,0.774220364220352,0.4418857420876378,0.23529787688619377,0.6889911610551062,0.11465780788727054,0.585371249278282,0.4128545269511447,0.3142143524780175,0.48962912741342407,0.4395559111900145,0.25857425974366427,0.327617856665137,0.0875658996145463,0.24633841084169325,0.22802323297172977,0.16030411532523725,0.1449516174096806,0.054222255237468,0.37671141404927,0.21412876629534938,0.12884694886333314,0.21333966537707497,0.29282137377416123,0.21715238591831645,0.0,0.0,0.04912089954059865,0.24273673235568932,0.18590347903808307,0.03633536161057958,0.07803236465897717,-0.01639664121988223,0.35142664329585555,0.3361877926470273,0.18398476623495164,0.16806899450167118,0.16714094495103343,0.029202254682081492,0.052800583809388485,0.10199617647133748,0.0,0.0,0.0,-0.14138571707945163,0.23511189526750328,0.2107196691395834,0.014866420858123392,0.2235641746970683,0.0,0.2735830674391617,0.13449849664405142,0.2249196021242595,0.07978556387039641,0.14450323165528975,0.32911491392920045,-0.022007663378802503
0.0,0.12433704966787906,0.3363392578937533,0.0,0.4130472303329691,0.11157106031041221,0.5540611075290952,0.515357303374129,0.26571201507212905,0.6043183881100795,0.350045948388603,0.09962049681413845,0.5406974849623548,0.09543808744681298,0.22895843962090723,-0.0049576800963958235,0.21774691203863653,0.19898260212051372,0.25156428545238135,0.17128907448580147,0.14581896912549805,0.09189393333566422,0.30601641570340005,0.06265475781715955,0.38488608224328347,0.2853538746449569,0.2004678159607443,0.23127576508205486,0.0288162842218666,-0.35961212766981615,0.13083091670151692,0.004482309399377122,0.022083295812367697,0.08534204830813363,-0.07086296794009118,-0.00020123133459292591,0.06961865866736082,0.07503741785220448,0.04434604705459836,0.15410185032104193,0.15100087082558186,0.09228272354576518,0.06685364256316768,0.09521948977452785,0.0,0.0,0.0,0.17715488633970303,0.0,0.0,0.24390686903926434,0.0,0.23739016268624372,-0.04281099923747373,0.0,0.04880677136740154,0.208450615814999,0.19719980833336287,0.0,0.0,0.0,0.0,0.0,0.0,0.0,0.0,0.21501832435224286,0.1854135061542806,0.0,0.0,0.0,0.15132922090597925,0.23745604322478006,0.21691032034191127,0.0,0.0
0.1905617511854401,0.25548455246381785,0.18921817748811334,0.4130472303329691,0.0,0.2060743672221368,0.33320359770105923,0.22970370259370176,0.27066855334380974,0.4852226969173825,0.23232969202724585,0.7635109385070172,0.3917875711280069,0.14271147938196738,0.20047550557017751,0.4146134471091041,0.11063337101253864,0.08409888202870108,0.23482675945404288,0.3624821733748845,0.1662074353789919,0.264582502425761,0.05486907804231079,0.07451376406514004,0.04545825024861033,0.0444610772716771,0.15634396087088986,0.36738278280454933,0.2344539304227918,0.35716553691384867,0.2710100891917768,0.4476636785404732,0.25388468543129283,0.09761978610775121,0.2075681751734896,0.08825823005573072,0.0739677834948975,-0.023603080217888463,0.17402715630686472,0.36584064537487304,0.23409457602326852,0.19061816849162125,-0.03897492528031164,0.2959207961970658,0.11985197684090988,0.0,0.17946478319969064,-0.045523478607848195,0.0,0.15340485888689542,-0.02305644343272715,0.14495647117327806,0.09732485988729872,-0.06717375338500958,0.0,0.07133457962369727,0.17625336046755377,0.18059234719135164,0.059114900387232036,0.10931455890611028,0.19494336484233413,0.0,0.0,0.027506892480222117,0.10046007899758544,0.21440957251009832,0.1026421136185155,0.09813662403320271,0.0,0.21627057407580066,0.20161707338435392,-0.02440559314960712,0.11655202540363709,0.08537561563317583,0.0,0.17659605665588599
0.565752002262627,0.35008264543719697,0.4522307579271258,0.11157106031041221,0.2060743672221368,0.0,0.2171958709175603,0.2527270964952093,0.1693808138969488,0.29538004387839484,0.1283309993314366,0.30389902728877766,0.32291525281203093,0.03137686005529619,0.4058656456271074,0.2604730736112559,0.08438523265376174,0.28188809868073983,0.18395665792358068,0.4468187587442163,0.43638953325253105,0.3527798283756651,0.3659997624438754,0.11592388109716308,0.3236443677029551,0.44624223157157256,0.2945059259851215,0.18661172519672395,0.20822394233723096,0.30901859245443736,0.2697779919969281,0.15539463555718563,0.17068435528115747,0.16984841740012765,0.3334322993127645,0.12190065641092061,0.10160648612365338,-0.0036612394675152177,0.2677937526487821,0.06807902904371628,0.29186804314686754,0.4585175066885847,0.1729905953746486,0.17914068757939597,0.04955809567740739,0.24391151366922018,0.05572313504478854,0.1053491389192417,0.23642873470301565,0.0001845744965413114,0.10942271257229505,0.2154303752305986,0.29496424713570163,0.1705192991269115,0.3187792461833967,0.09159586098921063,0.12234430308106747,0.20454130750349886,0.3812885136910993,0.39219032509171287,0.12260632657086856,0.0,0.19260721397793204,0.21835768596703375,0.37270174314709625,0.43659030181416636,0.04817766148678393,0.17106854292525325,0.2684709329893283,0.0665365855409224,0.005016939472114821,0.13837015265762714,0.14498358191024624,0.08533342957372628,0.24023887614354036,0.1773639745692614
0.10892237968246894,0.3050752418086891,0.23811807934826892,0.5540611075290952,0.33320359770105923,0.2171958709175603,0.0,0.235510761964727,0.380639221379534,0.6282172387197908,0.3104125654713523,0.6330169456921596,0.4591364750936976,0.36337127968495714,0.12084027613989112,0.2686224407167099,0.07910644181498244,0.4096904899693434,0.2057828802306657,0.23881651332792317,0.02255771126901613,0.26372020005994845,0.24594708047085204,0.1821894442080157,0.2854729343690275,0.38250834808714335,0.23331775249575967,0.452056241114899,0.14694659164447438,0.3717411082646474,0.3758454547688528,0.3491497575488995,0.3847691395864901,0.3085657969397364,0.34646152889393145,0.6664645044771865,0.599239204394537,0.17479831648628993,0.30519005658062287,0.15390449232385037,0.28929001786495934,0.27033066181693605,0.1396598199454413,0.40696940305525814,0.11993384431547746,0.0,0.1422328954882553,0.012895599927882298,0.0,0.16452923352560123,0.34860356322895397,0.11709110587529373,0.05136886430024272,0.02169967228923836,0.22195553484056926,0.11181962163318901,0.19077166750011385,0.08211828517208863,0.12532179473267344,0.08093762510680656,0.24881961811097517,0.0,0.24763019894796934,0.13069353279840726,0.17814102839702922,0.23803640922003835,0.15911728287316917,0.2580990149673853,0.21373104764041972,0.20945374682246976,0.081775469943041,0.18776608332241704,0.09986186276166768,0.03910360778598024,0.2677134456215938,0.08797660776559126
0.45373866320079775,0.048888795728342774,0.17588952489148685,0.515357303374129,0.22970370259370176,0.2527270964952093,0.235510761964727,0.0,0.26193567774958676,0.007332697427561902,0.03715008442522591,0.4532140941513564,0.2988830422904132,0.25155489369836287,0.1422995496427514,0.08131334829660614,0.17278452699710187,0.12936149629020546,0.25517604274177236,-0.016719947166614735,0.34436678465683496,0.06186888201247272,0.231728781154872,0.5444635029526167,0.5336185968988469,0.4965920669465852,0.33875649592116563,0.31282200296898377,0.4897538267548445,0.34068985567983434,0.3604203089590998,-0.4201403450598154,0.1459153025629251,0.29402323884822434,0.012360661747437314,0.12708347067002496,-0.06030096029166994,0.1516393394235567,0.36623198396683665,0.14829115627222986,0.26586058832713166,0.11862774419322031,0.27358754717693307,0.2210364262412263,0.0,0.21141478498785438,0.0790537457241616,0.3096667348858278,0.0,0.2578527021421035,0.289552093131174,0.3162784194050461,0.42696471293954663,0.293463129780119,0.36176992863748675,0.2855944683467307,0.3884392157557721,0.2869499350701145,0.16410515146366242,0.009542590319297588,0.1332107459652085,0.0,0.259809621569235,0.3087403330886464,0.21811301495236837,0.11544225214869354,0.08210288991235329,0.342710945138,0.0,0.13590766726573708,0.014397668498379479,0.36392182011131563,0.27639147816985027,0.11737044537769802,0.201333032482948,0.15141258499181542
0.2067645279496469,0.28798337072180974,0.4090017120924717,0.26571201507212905,0.27066855334380974,0.1693808138969488,0.380639221379534,0.26193567774958676,0.0,0.3450437258423421,0.2685902090818799,0.30685676822935076,0.12862882384963772,0.3493620766440584,0.3243492735561143,0.13601820660374636,0.08614267859163438,0.09438562678987551,0.21872731469107914,0.37606379082534047,0.10003789244598396,0.3353383986795108,0.2791639455343861,0.03264524267027774,0.21688534460581105,0.37540474081554465,0.24672964127382024,0.24210362879527397,0.22370467854431167,0.27310636543736205,0.27623560204489483,0.24658971409762143,0.12149880718894997,0.20407804510896693,0.22069017159032617,0.2593742297991872,0.29119219210902075,0.37136304242224505,0.28843902832056606,0.2309661841039831,0.13849532955602828,0.1751760534899085,0.3060989389016535,0.14026927573146153,0.07646873928353935,0.0,0.17050106883778424,0.22020366883564862,0.21580541273912746,0.05994038353612306,0.1060342322167141,0.0539754990949813,0.2507349581602419,-0.03832649869228505,0.08874688854673334,0.2663158592503643,0.11525086029079847,0.03382650449966506,0.0556294807729126,0.1400879217444951,0.27686266467827303,0.0,0.0,0.24635724948407262,0.20021451267361468,0.33026339298192187,0.1785878340695058,0.18743420912651237,0.12292261475432822,0.23173812844472363,0.041645317035611834,0.09909774496792609,0.018163092353710837,0.06074436880010548,0.1915148802193032,0.08521114720578007
-0.023452962556393654,0.05302130228834931,0.37031604689722963,0.6043183881100795,0.4852226969173825,0.29538004387839484,0.6282172387197908,0.007332697427561902,0.3450437258423421,0.0,0.5557102200525734,0.38651002545626284,0.6117433032558387,0.2888655996872794,0.16722265946867876,0.35645088541408476,0.5010743643722896,0.3233623802684565,0.34514728034154923,0.30703052010834175,0.18181430710184474,0.3144204195644729,0.43623332426201256,0.1623475587533237,0.3894181290573849,0.3543114464470158,0.2994679672964507,0.41317139119202406,0.47634602060377884,0.09834971116566903,0.5415353657249921,0.14573984130133485,0.252329283335228,0.18056809402363092,0.08942898450710027,0.4299769169737925,0.46964420439362864,0.06347594204609626,0.015259871423995243,0.08688161151877394,0.42241446275474775,0.17598104928240094,0.15076155770332553,0.18709866746000361,0.2900665437059005,0.6372208639949314,0.15070146739161225,0.08212817442070332,0.18812074951011612,0.18481349554964055,0.17119849660360717,0.22777545840667468,0.21749752505812045,0.08413377134373837,0.15507347316851258,0.16040689119282014,0.3645521974477761,0.5577902283541412,0.0,0.38850772306323483,0.10302351204344792,0.06564942268470447,0.12646780654857886,0.2016735389828163,0.20314898303560736,0.23036010920138317,0.08761237859517408,0.14791445521204832,0.18893599847194875,0.1295633853814869,0.2749629046556726,0.2510691404934872,0.41441504468858853,0.13762668743871376,0.0,0.37920204453341644
0.24115609423869275,0.13233431610082527,0.2787859979668299,0.350045948388603,0.23232969202724585,0.1283309993314366,0.3104125654713523,0.03715008442522591,0.2685902090818799,0.5557102200525734,0.0,0.39328477399236633,0.20106941992608587,0.30907026162807755,0.0,0.2308081689044361,0.07743797184659773,0.10563483839747223,0.15391523977897967,0.19330751523303968,0.2051137202967286,0.1801888555530452,0.17110503781676836,-0.004457104501564387,0.10062520820672524,0.051011145640482175,0.29572890793989615,0.2877612972454101,0.09080778580249833,0.23349353875940995,0.29627728735504294,0.10143899692816907,0.5080495137078667,0.2043177465360878,0.22035753823715948,0.0026546039540616337,0.2562947565737042,0.3815883654449804,-0.09841469622507285,0.15422156174048507,0.5229775213552782,0.15817633313398782,0.10069287962769156,0.17623536491371844,0.08557810802946864,0.0,0.0,0.1456158041875062,0.23690858380392268,0.1354107804791101,-0.2823034961622254,0.1651592457274203,0.15639949429762398,-0.1613295176064735,0.15552804250985763,-0.08161859654402052,0.14430274284361688,0.24642515519891692,-0.16153070295695598,0.0,0.0,0.0,0.0,-0.1898040916850435,0.13864115595696885,0.0,0.26155782841561764,-0.10349316825426015,0.0,0.0,0.4143585873052572,-0.16390031084155487,0.19485529639373428,0.13261573351270906,0.0,0.531619800772955
0.21075912609924818,0.14312439081283146,0.06536516555466824,0.09962049681413845,0.7635109385070172,0.30389902728877766,0.6330169456921596,0.4532140941513564,0.30685676822935076,0.38651002545626284,0.39328477399236633,0.0,0.5186634325129926,0.28828572824588683,0.147414811725304,0.23264166352881094,0.268233514547507,0.4338610459133341,0.06354578859859425,0.14068537947476747,0.44997600070955535,0.36505343213388,0.6243932385351784,0.4259564124461877,0.40014334557105014,0.3790546502801753,0.05838081211238016,0.2302667572571723,0.22986034756544652,0.09193544800248327,0.4792590658628851,0.09511603639487505,0.26323600695794774,0.33373440717243996,0.23260776656770912,0.05624775471273104,0.36929982845666737,0.2261215585169381,0.17641874483825273,-0.23355223732232072,0.05695325456831218,0.04898627380751028,0.033437299154408684,0.4235319320740834,-0.13128084379899682,0.7614872439023709,0.23108032121606487,0.12566957810977972,0.0776721842860367,0.12872411250368052,0.11108410107862185,0.7715125759517494,0.08206592337804772,0.18955302254247033,0.3219479227159593,0.5772562892840709,0.32885931547346214,0.35360646515276933,0.29799687395377855,0.2731421323087942,0.16978402135077758,0.095773994006187,0.2666146980220778,0.12079333257094174,0.29094615716498673,0.34046624351906857,0.1481327203552569,0.19767181383885082,0.07798129880412553,0.28589026948593693,0.3523821007538474,0.11861947724586147,0.3006675143657353,0.27479141296628234,0.0,0.15381218045099862
0.08387149522633386,0.3354851782821095,0.22917878328189645,0.5406974849623548,0.3917875711280069,0.32291525281203093,0.4591364750936976,0.2988830422904132,0.12862882384963772,0.6117433032558387,0.20106941992608587,0.5186634325129926,0.0,0.25835933098277236,0.26177551809517907,0.3603410691826102,0.4721103970231468,0.3807228217240351,0.1925490729626882,0.39131879748869264,0.33673672222451123,0.31282871830986786,0.29741645819478824,0.6612358628363849,0.31268378240494693,0.47429725611282364,0.2780437837257786,0.44093805250494894,0.2874533645987782,0.41284484826146134,0.4311622907455436,0.36080904767211625,0.4307937234343694,0.4389352502696713,0.44086079084168023,0.5760232129129121,0.5517169622596996,0.5662375276435663,0.6457902866452585,0.20529391570016095,0.3247048575494079,0.25060562464916847,0.21498348719037244,0.20749116200360035,0.1543500377262315,0.27989935448190734,0.15263648091511553,0.2312845934646009,0.0,0.22500395691152156,0.10980480900743983,0.08689658870981128,0.4193599314502545,0.07834216798889698,0.12424073704901137,0.08562048104758531,0.18384545384957773,0.13342309075436015,0.20167655061453363,0.08392937990333947,0.15091286751902314,0.16641535405009744,0.22941096715378714,0.15004732585690106,0.055483884975233225,0.12918628004303656,0.1179745865226574,0.31158533960259926,0.1873345203542755,0.05018555743563419,0.040945871983060406,0.22886442572252702,0.07629212513390428,0.1909184058694423,0.14504236528844697,0.06935657798483559
0.3972713964733031,0.273700523184994,0.1714046426365883,0.09543808744681298,0.14271147938196738,0.03137686005529619,0.36337127968495714,0.25155489369836287,0.3493620766440584,0.2888655996872794,0.30907026162807755,0.28828572824588683,0.25835933098277236,0.0,0.17098151531487085,0.241356427816763,0.19560626092500297,0.22635200447051243,0.10250439839387082,0.17962602026619198,0.31940015356718165,0.09315242712695257,0.05865832561219718,0.33528342273666123,0.22022296038251887,0.12607444965093426,0.20516707158154215,-0.207631205552375,0.11592371783484899,0.36404667089946113,0.14794068768906168,0.11064312228346343,0.056495239425216295,-0.2272646317252402,0.14727771770625953,0.04234217274331137,0.04725520590695127,0.20504844107174575,0.22253678486612025,0.0,0.30208123508956825,0.367521429188827,0.5257790060708553,0.1858762345267737,0.0,0.0,0.0,-0.061408525545805434,0.0,0.090032670161836,0.10406193368652156,0.1117529732994117,0.11555469833417181,-0.042867843684759634,0.0,0.016810337611750343,0.16313800032821124,0.3425328751402579,0.04909668960610846,0.0,0.0,0.0,0.0,0.049364253066880553,0.0,0.0,0.0,0.2956588157699705,0.0,0.0,0.0,0.041301703611815205,0.31471921145460396,0.0,0.0,0.0
0.2798202164783483,0.2068941521056859,0.6942945463427062,0.22895843962090723,0.20047550557017751,0.4058656456271074,0.12084027613989112,0.1422995496427514,0.3243492735561143,0.16722265946867876,0.0,0.147414811725304,0.26177551809517907,0.17098151531487085,0.0,0.4144163776216955,0.43509218644916314,0.3844938404344358,0.0,0.33652151916706524,0.09668329581229934,0.35733882363047537,0.5467581259892019,0.6404762367092235,0.18794778934720974,0.34508002879658894,0.46268421238304147,0.10672017414669357,0.2591059506560817,0.05840902644534916,0.37586193024670916,0.11439644029982994,0.23156306931745818,0.304472753816329,0.17739969541315118,0.2722588122860636,0.15185669918965397,0.1616090646736523,0.1339699451104883,0.34802765269739044,0.23485784370504006,0.13508871963463928,-0.05410284966408078,0.2960537514904265,0.0,0.1311910684423151,0.1258937162196065,0.1543634837736666,0.0,0.0,0.35032794551511864,0.29794924231325837,0.3496140318383455,0.19603543376309482,0.0,0.0,0.2741049000563772,0.06662552441963959,0.2100191167987498,0.1524848418737922,0.28986273676698043,0.28266360745168134,0.19343532916437114,0.0,0.24765442106524418,0.22273656857259308,0.27416798996362246,0.2509790877560699,0.1907131661500425,0.6629613935781723,0.26127143557159666,0.1838815733031603,0.06480271550016921,0.08189681862904534,0.09147174560834795,0.1660723996564474
0.5353112514546318,0.3954202595156068,0.16368474693778126,-0.0049576800963958235,0.4146134471091041,0.2604730736112559,0.2686224407167099,0.08131334829660614,0.13601820660374636,0.35645088541408476,0.2308081689044361,0.23264166352881094,0.3603410691826102,0.241356427816763,0.4144163776216955,0.0,0.2437606917253717,0.38541922944215873,0.2323085679125257,0.3069248081284965,0.6376289842217248,0.45691294308400676,0.43703236898437126,0.05759677409797764,0.39532067224593304,0.4398875431953784,0.3270220895182759,0.38219995448508526,0.34375847470166604,0.379552206414421,0.5380837307836124,0.3032981400276332,0.41001019395668153,0.25039377076496344,0.36181272023372746,0.31648048652655825,0.17944227697061105,0.29344180254190494,-0.09730664879169179,0.05294403290331316,-0.12467127061314365,0.05982178555977859,0.20347380638127072,0.0,0.0,0.3552203314647397,0.22085027689617848,0.0,0.0,0.0,0.09996422127687012,0.25641684749941007,0.34018050332813526,0.0,0.23035436865711845,0.0,0.13646309845990512,0.2303961625604738,0.0,-0.06860360597261114,0.2702206378952272,0.2600669236228388,0.37924089580329917,0.0,-0.0532957272635322,0.11538916819279255,0.01873736937756256,0.04326234992100207,0.07854577055085453,0.3692480159399471,0.3532322341759242,0.057369267708536384,0.17258623058266986,0.02721628332444459,0.0,-0.0423668037909314
0.03325892828813981,0.5334450912857253,0.22973938880419242,0.21774691203863653,0.11063337101253864,0.08438523265376174,0.07910644181498244,0.17278452699710187,0.08614267859163438,0.5010743643722896,0.07743797184659773,0.268233514547507,0.4721103970231468,0.19560626092500297,0.43509218644916314,0.2437606917253717,0.0,0.4686828356461427,0.18292167392407632,0.3156412417656688,0.21102619233541478,0.3811396348638759,0.12255692531924328,0.17856115664588493,0.44614468249887757,0.2500253714571631,0.09035141729724756,0.41589092760019125,0.3287411233096993,0.14175345102250914,0.38015673430139546,0.25828487244527887,0.40068237720056843,0.35826951451067346,0.2259379164355593,0.14010885525079303,0.09392269237941936,0.11865498549446497,0.09236501071972551,-0.015453947637936769,-0.01755231061117677,0.20757057741710963,0.0,0.0,0.18593745569030096,0.18285165364920863,0.1928987335463755,0.0,0.0,0.0,0.0,0.0,0.0,0.0,0.20713817473913193,0.0,0.31855207919197376,0.10947016425916853,0.0,0.3071609849729629,0.07288196608719913,-0.13201969013853487,0.1418496983192793,0.0,0.0,0.0,0.25902207105365727,0.0,-0.12171212280719737,0.16156870711826005,0.2182082803416725,0.0,0.13036728685391402,0.213150657238972,0.0,0.02926073735478861
0.32204471257267603,0.3741147389008484,0.12968722472307428,0.19898260212051372,0.08409888202870108,0.28188809868073983,0.4096904899693434,0.12936149629020546,0.09438562678987551,0.3233623802684565,0.10563483839747223,0.4338610459133341,0.3807228217240351,0.22635200447051243,0.3844938404344358,0.38541922944215873,0.4686828356461427,0.0,0.13146995986106422,0.34850861457000454,0.517968192022283,0.35221055273934154,0.4433282472857237,0.17089162767638738,0.31446301701794205,0.2869243478786521,0.29081202525499333,0.36005651665694144,0.21195150979376753,0.6270128089050253,0.31343640493513303,0.2613164389730646,0.4334751771757094,0.3134763972004188,0.16393086579647118,0.23223390664251767,0.11422065554768578,0.14309114464257197,0.12688737664024652,-0.004456809916797037,0.12648528720915653,0.08545542834560223,0.0,0.0,0.23651441164521228,0.4179587138394028,-0.09795206088622668,0.0,0.0,0.0,0.1255344130946493,0.2626286495389165,0.38581814002454007,0.0,0.12860000336576952,0.0,0.39681320027327893,0.21302476894400796,0.0,0.1557222666142943,0.15441003089981403,0.247963394453371,0.2836318989175272,0.0,0.05045364104742056,0.128914392038413,-0.020723345229960003,0.24687847809994812,0.5592224347537396,0.20230987540916673,0.33532714656685286,0.12475791266156691,0.2763843211980353,0.015254588840131346,0.0,0.06228923310679245
0.0,0.7410099463601106,0.17742414355966385,0.25156428545238135,0.23482675945404288,0.18395665792358068,0.2057828802306657,0.25517604274177236,0.21872731469107914,0.34514728034154923,0.15391523977897967,0.06354578859859425,0.1925490729626882,0.10250439839387082,0.0,0.2323085679125257,0.18292167392407632,0.13146995986106422,0.0,0.2423058594037309,0.19670184483337577,0.27303100850491785,0.05419311952703072,0.10355640672154276,0.15186522207825903,0.12432227279662421,0.3167253529763932,0.27666643469939395,0.1837698923148376,0.21236159532554585,0.31026579145150984,0.07421502722101375,0.13098427448875438,0.19124342114296836,0.25670817797870427,-0.13815504515949187,0.23646722097611902,-0.012537632495006874,0.13060812160097018,0.16095330973213007,0.15455706231163338,0.10122238835077815,0.34469542192355657,0.11466352091439569,0.1719559921170042,0.0,0.0,0.3806873076302627,0.0,0.10548644874728318,-0.0007098501441740179,0.08384335433572847,0.3117027838954609,0.21299438408150928,0.4040430422460033,0.31778122657937796,0.2122917524198268,0.08190609910366638,0.11923918242133598,0.0,0.0,0.0,0.0,0.3621778280100797,0.239162192548589,0.0,0.24450287577655969,0.21113170650321048,0.0,0.0,0.0,0.0844012908211714,0.12466725759923653,0.1307941665263163,0.24755224852356436,0.1552626215421241
0.2615172766679462,0.33732798128508407,0.12582788303863437,0.17128907448580147,0.3624821733748845,0.4468187587442163,0.23881651332792317,-0.016719947166614735,0.37606379082534047,0.30703052010834175,0.19330751523303968,0.14068537947476747,0.39131879748869264,0.17962602026619198,0.33652151916706524,0.3069248081284965,0.3156412417656688,0.34850861457000454,0.2423058594037309,0.0,0.38331396813366136,0.2580818895342223,0.35965759504448946,0.16795899378477053,0.22565370210714875,0.26342796407474833,0.41043540760284397,0.4232163178879148,0.4672665019219828,0.09881957349843713,0.3000192468106506,0.21237147130757614,0.49339891185015183,0.2985756330221086,0.2546701456858394,0.3184049201096216,-0.04270320610307874,0.37541803254656586,-0.010265850097406702,0.01896879383540047,0.2234613683726815,0.22782606965963567,0.2608722826132894,0.06554363538927191,0.06656096455128735,0.2372649366329194,0.4578370215423791,0.1734232365893775,0.0,0.0,-0.12369394750216595,0.19136989007086924,0.6573736547488961,0.1548210107986259,0.4122902511758274,0.0,0.2762880289974395,0.004170167284170977,0.0,0.2723578819016916,0.09855040618161075,0.19979715262822903,0.12560550404745477,0.0,0.1836435633743638,0.18925517835396644,0.2838397419735424,0.27894447992891397,0.0,0.051593058230672215,0.2219635540797971,0.16052727505793202,0.16619102357399887,0.06488200896974987,0.06602336779474435,0.2883171312798884
0.28565711074874284,0.7827027022637321,0.774220364220352,0.14581896912549805,0.1662074353789919,0.43638953325253105,0.02255771126901613,0.34436678465683496,0.10003789244598396,0.18181430710184474,0.2051137202967286,0.44997600070955535,0.33673672222451123,0.31940015356718165,0.09668329581229934,0.6376289842217248,0.21102619233541478,0.517968192022283,0.19670184483337577,0.38331396813366136,0.0,0.31054106413263177,0.42650386076985386,0.6218287775901087,0.5455013200701724,0.3878042313454053,0.4243072833881579,0.3601539607390239,0.34362294471457394,0.3241885056763881,0.5483763046327652,0.316652315854021,0.5045696272669068,0.3984797019602119,0.07104787553529088,0.14360155647979514,0.10667935562480028,0.16301255970351702,0.22949162910322782,0.4191492553796555,0.36116813810307563,0.01460154510849376,0.218975915868164,0.0,0.0,0.3225703489624197,0.4902383284208473,0.8650020783985624,0.0,0.0,0.15271952371350245,0.16038299312888846,0.07883766406534952,0.2781069627371476,0.2344616573192639,0.0,0.2822944873730437,-0.008257332237765595,0.0,0.19041346564608302,0.15482629450766422,0.0,0.13204079265716318,0.0,0.2846224560032698,0.3448101175976063,0.3284047260354199,0.219068761671912,0.3947909137042408,-0.05817447729412283,0.42040293399025597,0.18101339685243334,0.13202013901236867,0.13158133349942547,-0.058688351493282234,0.20769429106817766
0.7487034059105645,0.4415520421881216,0.4418857420876378,0.09189393333566422,0.264582502425761,0.3527798283756651,0.26372020005994845,0.06186888201247272,0.3353383986795108,0.3144204195644729,0.1801888555530452,0.36505343213388,0.31282871830986786,0.09315242712695257,0.35733882363047537,0.45691294308400676,0.3811396348638759,0.35221055273934154,0.27303100850491785,0.2580818895342223,0.31054106413263177,0.0,0.4524757231985387,0.05884153364644111,0.4162633343471124,0.4229708219913011,0.3525701914114369,0.4666433797996912,0.3190792440940834,0.4617982536586731,0.3902368207903752,0.19455511288587798,0.35834866856689007,0.3405633453035645,0.21489075099166205,0.10367212917439085,0.1120377121212621,0.27722603316526795,0.24053168360940394,0.10378916048210937,0.2161297268392673,0.0961224330707135,-0.14280541864340668,0.1769185239103431,0.10476825400764522,0.7316414124948366,0.4638121822785235,0.1973807578407279,0.20925994431980754,0.1171481445704742,0.032328714063924874,0.2504483265643076,0.103290322403442,0.1916024818770082,0.2115131817361459,0.0,0.24369457206433695,0.13759761500594236,0.0,0.16583305211854807,0.427334490032274,0.14004503620423933,0.7016764847247282,0.0,0.14536059979760607,0.36703741934371553,0.20022111547653526,0.20680070304299772,0.36391758708918115,0.6484748695292295,0.3784633552907543,0.20373078287224772,0.08536228137196947,0.0321359114529913,0.19490257866817512,0.15874450408318436
0.3983157209575387,0.4035221370699128,0.23529787688619377,0.30601641570340005,0.05486907804231079,0.3659997624438754,0.24594708047085204,0.231728781154872,0.2791639455343861,0.43623332426201256,0.17110503781676836,0.6243932385351784,0.29741645819478824,0.05865832561219718,0.5467581259892019,0.43703236898437126,0.12255692531924328,0.4433282472857237,0.05419311952703072,0.35965759504448946,0.42650386076985386,0.4524757231985387,0.0,0.5095163578478873,0.4357283935798568,0.3137276492949901,0.4364016119866236,0.3203188491670269,0.41467114255577536,0.36908854698706617,0.3497076925270423,0.3619522887886425,0.40012479274181806,0.3218690169826775,0.38068624005053525,0.1641388780721097,0.1582514349965935,-0.09461258854188409,0.25070227342390117,0.36511011753952016,0.2818975481281247,0.27280075770183837,0.19827010924962274,0.09240380054672724,0.20954651326500276,0.1444970511697484,0.3986223825604076,0.2524615876750548,0.12637622037131507,0.512148743948376,0.1814460417943938,0.10438758871388194,0.2985465129450956,0.23156390954300318,0.2472019490459549,0.3371582703360753,0.10221202115665613,0.23919180745027557,0.2502372183424801,0.29699054569511585,0.09210310577625258,0.2031489830356066,0.13621190317218673,0.3033093023186081,0.24686897339221953,0.29710904614874567,0.23786019544531317,0.32724062666430076,0.111535275792822,0.06261536487456039,0.3447685796078236,0.2210694116141334,0.21225741788903382,0.2047887350454567,0.22113525351047658,0.20922277500304334
0.5853810369156106,0.06711400689657636,0.6889911610551062,0.06265475781715955,0.07451376406514004,0.11592388109716308,0.1821894442080157,0.5444635029526167,0.03264524267027774,0.1623475587533237,-0.004457104501564387,0.4259564124461877,0.6612358628363849,0.33528342273666123,0.6404762367092235,0.05759677409797764,0.17856115664588493,0.17089162767638738,0.10355640672154276,0.16795899378477053,0.6218287775901087,0.05884153364644111,0.5095163578478873,0.0,0.34541772271451165,0.20172751288504343,0.34577967628151957,0.3462514990735069,0.23074027105209186,0.37157034056007343,0.3423282923193704,0.054732326652379086,0.4668102563867083,0.13229427965487342,-0.07473173077970631,0.11855296893998687,0.5204069046943226,0.24409337864774247,0.5348061247092388,0.547647021955968,0.39190226441040554,0.26209943843304173,0.2583471525721106,0.17909636203832544,0.566662341418093,0.3363237814042448,0.0875219778291996,0.0,0.0,0.18584341839130528,0.26426989988481625,0.09842081702541337,0.0,0.02155871659891358,0.3459753668197247,0.25875269341523566,0.42991488925250215,0.13671961359533918,0.0,0.04606665117980428,-0.0097379264182615,0.21716934174564,0.401552866907057,0.22933447137091598,0.11228127282943186,0.19446419946108093,-0.009858223689833277,0.369166520823348,0.3704765986788341,0.37781706068635496,0.4170489228165162,0.2085825088094919,0.2836659421671475,0.284960958955523,0.0,0.4713130959312305
0.4166499342587661,0.39140738958008514,0.11465780788727054,0.38488608224328347,0.04545825024861033,0.3236443677029551,0.2854729343690275,0.5336185968988469,0.21688534460581105,0.3894181290573849,0.10062520820672524,0.40014334557105014,0.31268378240494693,0.22022296038251887,0.18794778934720974,0.39532067224593304,0.44614468249887757,0.31446301701794205,0.15186522207825903,0.22565370210714875,0.5455013200701724,0.4162633343471124,0.4357283935798568,0.34541772271451165,0.0,0.2175502685052961,0.28897508865303556,0.4187039976171823,0.1220925547798084,0.1223141902263465,0.3735508526632586,0.24448162288698624,0.43649501844302124,0.26815249592374485,0.2567739591783522,0.09464020452996563,0.2627430709019825,0.1222045862884072,0.22821659105228487,0.06572589573060741,0.32023226664373117,0.4170242605301564,0.025306674364635986,0.0,0.14900181121091025,0.5343467770813872,0.19367990298173532,0.0,0.0,0.0,0.09389766171501947,0.2201411714768074,0.26955811325006923,0.18418163944800608,0.36392581317591444,0.1790257015085039,0.4634514101774339,0.04874475172523385,0.0,0.0578125845226191,0.37913638967616087,0.1706526708373433,0.3913560189428859,0.0,0.006419940234139054,0.14927663759290363,0.16968322623608445,0.0433341927689054,0.5070082981732005,0.32236496708500834,0.4113441947828773,0.04082019763049483,0.12835418184129466,-0.051451468762297586,0.0,0.3250400510036492
0.3516322006261653,0.3272271473308768,0.585371249278282,0.2853538746449569,0.0444610772716771,0.44624223157157256,0.38250834808714335,0.4965920669465852,0.37540474081554465,0.3543114464470158,0.051011145640482175,0.3790546502801753,0.47429725611282364,0.12607444965093426,0.34508002879658894,0.4398875431953784,0.2500253714571631,0.2869243478786521,0.12432227279662421,0.26342796407474833,0.3878042313454053,0.4229708219913011,0.3137276492949901,0.20172751288504343,0.2175502685052961,0.0,0.3271553446423833,0.5018820249156143,0.3872800007086815,0.07987656373807447,0.4627233436284311,0.3787336728656756,0.48736632141790825,0.38664728558708333,0.32438588807091867,0.4360613138077015,0.18544504811164636,0.08177368851913641,0.297956529671354,0.23152609183776732,0.6596116312194092,0.37304280548883806,0.0385287265798497,0.2262566997854376,0.3371705356735235,0.5086201316202822,0.4597577829081598,0.24294700536098518,0.0,-0.03154385544600926,-0.012437433589066757,0.1670859988126962,0.20695306507291392,0.11575973420864438,0.3456935392439503,0.0,0.46098467203810334,0.10148643744042067,0.0,0.14431116831188698,0.6117413734636449,0.10826041256683334,0.43347438627084306,0.0,0.24463876880105279,0.26267976773094953,0.3470298592271164,0.3153625192533246,0.37373270804486436,0.43146461496916094,0.3864935309003399,0.4141946204444378,0.7260241127982257,0.716195388177803,0.18319295178068545,0.45157162865612027
0.3641085636696603,0.33799894596396557,0.4128545269511447,0.2004678159607443,0.15634396087088986,0.2945059259851215,0.23331775249575967,0.33875649592116563,0.24672964127382024,0.2994679672964507,0.29572890793989615,0.05838081211238016,0.2780437837257786,0.20516707158154215,0.46268421238304147,0.3270220895182759,0.09035141729724756,0.29081202525499333,0.3167253529763932,0.41043540760284397,0.4243072833881579,0.3525701914114369,0.4364016119866236,0.34577967628151957,0.28897508865303556,0.3271553446423833,0.0,0.3569425262357119,0.2850992620837837,0.4254276817820663,0.3605516502643281,0.3615148589864433,0.5483573220363497,0.34626863554594933,0.3832683543364513,0.11026143900313005,0.2828828037435962,-0.008755762805354509,0.28413005402813835,0.55143494594814,0.2930469297520522,0.3236574155662377,0.31431185261794076,0.1559010846005554,0.1455163969403322,0.20053041725791648,0.04604447045421074,0.11059647600037838,0.1752647505261889,0.2873911630114866,0.1647625814686746,0.19813021825210597,0.2796548232104216,0.15463486561618006,0.3209823892629027,0.2104700386705529,0.04950996163633146,0.2770398173678664,0.35061915729814236,0.34705111447121717,0.08056008620000688,0.0,0.13456761571210576,0.42703148098139193,0.2916970919191209,0.3565382730995638,0.2902525789636998,0.2650840973396138,0.0,0.09918825248607378,0.3759084665148464,0.2516348060022191,0.26547864751523004,0.2278099878577149,0.2512359499317459,0.2426524718626394
0.0669118950073036,0.45798092870119633,0.3142143524780175,0.23127576508205486,0.36738278280454933,0.18661172519672395,0.452056241114899,0.31282200296898377,0.24210362879527397,0.41317139119202406,0.2877612972454101,0.2302667572571723,0.44093805250494894,-0.207631205552375,0.10672017414669357,0.38219995448508526,0.41589092760019125,0.36005651665694144,0.27666643469939395,0.4232163178879148,0.3601539607390239,0.4666433797996912,0.3203188491670269,0.3462514990735069,0.4187039976171823,0.5018820249156143,0.3569425262357119,0.0,0.3819574931071819,0.39383407438087314,0.4421152853645538,0.18924809148050115,0.3364114327214011,0.08283321588649607,0.461983220487612,0.13748967120290223,0.3748913588273525,0.17022048645175894,-0.2225424589659252,0.15778166563856144,0.2598505990754982,-0.24044042500665885,0.2876332727708776,0.055944699554950524,0.3320166739675346,0.303571713394722,0.16072210809522494,0.354271262820336,0.0,0.2385568501046889,0.4351033944248254,0.1234217634000648,0.4129043678828112,0.09772134594815392,0.20926588895025156,0.12161557447241031,-0.1367279546882909,0.09028919557073194,0.11213174154641656,0.296090334843049,0.15850874517673788,0.04249535447471686,0.1906926945595781,0.20495180883149955,0.20999220325302972,0.01305094488157266,0.12048665844322788,0.2836301536697603,0.2250167444487886,0.08390593181965027,0.016256564201220007,0.19071214730886504,0.3708424065723563,0.12517699050055234,0.11777295899073445,-0.05206363580742925
0.04344491194140915,0.3120179380827301,0.48962912741342407,0.0288162842218666,0.2344539304227918,0.20822394233723096,0.14694659164447438,0.4897538267548445,0.22370467854431167,0.47634602060377884,0.09080778580249833,0.22986034756544652,0.2874533645987782,0.11592371783484899,0.2591059506560817,0.34375847470166604,0.3287411233096993,0.21195150979376753,0.1837698923148376,0.4672665019219828,0.34362294471457394,0.3190792440940834,0.41467114255577536,0.23074027105209186,0.1220925547798084,0.3872800007086815,0.2850992620837837,0.3819574931071819,0.0,0.5023367538643871,0.3685794416692708,0.2621201181031428,0.390055765623453,0.28901787843490817,0.29772388541359057,0.1902727509858648,0.18874329562173175,0.2166602609908409,0.11208433722305647,0.12005557507573882,0.1699150001113544,0.026621462618736394,-0.104309369153973,0.18817009527651082,0.26802012379234075,0.19809480503347632,-0.24802675860174986,0.40519915666920064,0.1930520583936177,0.16815149651716269,0.1500972400378708,0.07561686932214273,0.33547785101078564,0.08930085893342528,0.31565336264199506,0.12907765927574164,0.17583737085168752,0.22560745370428878,0.28524282781354415,0.1955435963955806,0.05773568993486511,0.20629205445842916,0.0686066272350245,0.15240339350973103,0.12709991093516265,0.181908725576608,0.12218195696053971,0.2299298416881566,0.21633968957192592,0.08259911511368483,0.19382777214855373,0.11941669343793682,0.1595894813405248,0.04878994500542856,0.21793395261279247,0.16907889820886135
