0.0,0.07402077487198289,0.06558829881511258,0.0,0.000730611446481122,0.06800611631660369,-0.004714317150742109,0.03801491259816692,0.0016319870980468498,-0.025948736475343293,0.003740206449615091,0.013545853634970684,-0.0013935270533645405,0.017055521504148408,0.029902312145063836,0.04299511509776249,-0.012087093753428646,0.025575128741214537,0.0,0.02935089424140891,0.03017023317725076,0.08138445055733834,0.045249876888613205,0.06466821262612915,0.03854700628316382,0.02638120111657627,0.04227023699435012,-0.006751016023967105,-0.00494504296144499,0.006395045068137373,0.04392617751128591,0.032535396295998,0.05991826370826825,0.03686995724432185,-0.0025679761563731085,0.0011332310677847346,-0.00010992909580276322,-0.009464292923274886,0.031596719148809294,0.05012212567404606,0.016369259481045173,-0.05747570454619133,-7.599554116072271e-05,0.0,-0.003940266980933582,0.06360256203615755,0.0416100016799551,0.0,0.0,0.0,-0.0055401028756940085,1.1102230246251565e-16,-0.00637380975398949,0.0,0.06888564336341246,0.0,-0.008351387832661095,-0.0018980465421385984,0.0,-0.020951020890529304,0.049003754496152074,-0.004717001164418533,0.05599604072191111,0.0,-0.005927841676312995,-0.01862138462096624,0.035750885880258765,-0.022739884999776416,0.06679850966423712,0.04782182780053024,0.04601908526112236,-0.0057952340054037155,-6.58600294013989e-05,-0.009180738235193997,0.0,-0.011589208587775957
0.07402077487198289,0.0,0.056996382822989244,-4.516225127065843e-05,0.023190696126231314,0.037728046264968895,0.03279235468173469,-0.015268452144034217,0.03642757522923967,-0.010063871121642087,-0.0007567637551487705,-0.0021977854016527187,0.03363936208639001,0.0009606099399154244,0.016927674390810943,0.02875330271868659,0.03825098824304979,0.028018443366348122,0.03473066135353914,0.02972342932278793,0.06580215789648042,0.030410273857019887,0.042303830057985436,-0.012696645688865194,0.035151962296896766,0.02913645015988664,0.031832324098786335,0.04194229122216525,0.03163250764767905,0.08868025602153529,0.044786826128444035,0.020709895403920764,0.041350825636850164,0.021453234906055163,0.018246152338789956,-0.006155011497240903,-0.00017880292351191152,0.0,0.025919537634405243,0.020156522724220638,0.03558152027225775,0.017790427650159923,0.002241708151869082,0.0,2.220446049250313e-16,0.05433687973654322,0.032741650156219215,-0.0001357761081832165,0.0,0.0,-0.00618395855974696,0.002474303120219956,0.0022158895341771734,-0.0006012473203093616,-0.002137414543964933,0.0,-0.002224748578641078,0.0033259106706280406,0.0,0.015408831956146174,0.03979066030202866,-0.0007426477198032577,0.052954119980578473,0.0,0.026667080736557824,0.043631254415789134,0.024749008390273275,0.04494158482049798,-0.0019378448959622152,0.04462092369991344,0.04254325394583136,0.028208095923058674,-9.765640607489745e-05,0.03808016614730053,-1.1102230246251565e-16,0.03902196854635415
0.06558829881511258,0.056996382822989244,0.0,0.03732422476920555,0.023377803726949864,0.06205936439228843,0.03553071626026355,0.02134674572857198,0.0657715900351023,0.03938083699542422,0.0459276774136444,-0.004242250784784962,0.03341497820626932,0.018150680529910146,0.0920232546850403,0.0007706221049896267,0.0020978914360164636,-0.0041047307362785945,0.023749115831067036,-0.0016617233778303264,0.08028482614778609,0.043355003400110725,0.04563406853400409,0.11519009238675837,-0.011126266646328542,0.06971598126130318,0.05489250255922318,0.04115879329963251,0.05585510145239214,0.04916644963873029,0.03520239870303704,0.04321392312329808,-0.00558560970668831,0.03430671419795833,0.02446760764729461,0.02283298283275892,0.01824678017940312,-0.001853295244522546,0.04599757552361994,1.5564218209807024e-06,0.0028492187816119285,0.005688493684907037,0.040605331560917834,0.0005852067890175228,0.0,0.0,-0.0004452983609718464,0.08609410401078771,-1.7068801677511125e-05,-0.012049518557812777,0.014719626772523364,-0.017513182637381886,0.055604950282939214,0.056324346361846356,0.0015947993594404575,0.03598749963546677,-0.0012243219060200095,-0.011170534676579358,-0.004252353545793008,-0.00012342407623933127,0.0,0.0,0.0,-0.08490042023689476,0.0003243933244170272,0.0009260435861673799,-0.00046812315361033363,0.035864542481111816,0.0,0.00020723295616043025,-0.0018008101801669785,0.034012701103154686,-0.001457697617548881,-0.0017123306605557054,0.002377614532266259,-0.012097978099636197
0.0,-4.516225127065843e-05,0.03732422476920555,0.0,0.05461442831198071,0.007598960060330728,0.05814742815613949,0.06989906057763101,0.026931536058589278,0.2192742332632976,0.03946618279628439,-0.0040473183000433455,0.054509152245242665,-0.015421681381441565,-0.003694029662869913,-0.0011360060719674547,0.0017272045188043705,-7.77260147917791e-05,0.029938378216039063,0.0001023176851533969,-0.001056325123912516,-0.005023714942932134,0.021126385288240068,0.0013290815389791488,0.0008419066243566808,0.00010114259855326102,0.014404664057861727,0.011892226554123031,-0.005896863073150349,-0.038298986184092554,-0.006128084449482429,-0.0016760267064027112,-0.015470713384716783,-0.004612984917192919,-0.03009190438079823,-0.018936906520775232,-0.00543451133484657,-0.007870294668496092,-0.011242509175845905,0.0013701780828416776,0.00046392023592484177,-0.000980962504840921,0.0014903246579666685,-0.0008717607630043811,0.0,0.0,0.0,0.00013470202845033974,0.0,0.0,-0.0003038475372516558,2.220446049250313e-16,0.0001778863348234072,-0.0012107086201332828,5.551115123125783e-17,-0.0007126656571277978,0.0004814709131494288,-5.274608211719434e-05,0.0,0.0,0.0,0.0,0.0,0.0,0.0,0.0,0.0001568422450267115,0.0017135075480602668,0.0,0.0,0.0,0.0018675720129274764,0.0009085805700378424,-0.00010977249714466675,0.0,0.0
0.000730611446481122,0.023190696126231314,0.023377803726949864,0.05461442831198071,0.0,0.028124096434803625,0.041719502668250585,0.03613870466878788,0.04207194406972531,0.05529747427411047,0.03147504070716245,0.08346687453476737,0.0393973762199451,0.012459521875870905,-0.00016126926931947505,0.035167519297850613,-0.0035293750372092925,-0.005799922870576679,0.04034694149939877,0.0392811361786633,0.00045667188561748784,0.024056506724705495,0.010675778230483546,-0.0068642412669958075,-0.012518829947153087,-0.008232428389692681,0.01803822434020269,0.0289728775848363,0.01885892987709875,0.030052528045566185,0.032940122610614075,0.06830014569018383,0.01632003316480063,0.01633715596936719,0.027880659650481532,-0.0018333631803222894,-0.019076905569630653,-0.010029519721088787,0.004080468562033812,0.000865299428881583,0.0062927513913186295,0.001991902442020632,-0.01566235009187028,0.0002559845592855492,0.00029795813605243415,1.1102230246251565e-16,7.701485935024399e-05,-0.004416638400013051,0.0,0.0020152843596442094,-0.004759160402522777,0.0011554055518246953,0.0022030930579932106,-0.008352895720579068,5.551115123125783e-17,-0.0007499654064960226,0.002346145150996737,0.0040160963063897714,-0.010996994170877239,-0.0004345884169476566,-2.4267738585492804e-05,0.0,-5.551115123125783e-17,0.0005451224911731667,0.0010976096971922478,8.456063918771406e-05,-0.0017823360747923345,0.016844634331806163,0.0,4.9900762775278995e-05,0.0009951948358428164,-0.011971454558329042,0.0032609792579774144,-0.00328141426536388,1.1102230246251565e-16,0.003074285357675677
0.06800611631660369,0.037728046264968895,0.06205936439228843,0.007598960060330728,0.028124096434803625,0.0,0.025203834181552698,0.028861024797148138,0.018508266119734662,0.030197262223383647,0.012054368825268391,0.016269052290530883,0.030733491117403033,0.001114921168917704,0.04412849700263316,0.020288440685382603,-0.005012167143326585,0.018480471929069264,0.025659474407287386,0.05699717162095019,0.05148090633892005,0.04134952923526791,0.048841128141231205,-0.0006455429503410826,0.026871769847162053,0.04559660486232803,0.03279014561379656,0.010921242639221285,0.020913208805253602,0.028375894257024192,0.023150024899181443,0.014144098657594306,0.006726251160733054,0.015894641969018464,0.026449124684170044,0.009302529095912893,0.00886971436005829,-0.008805496643787492,0.02716987379821123,-0.006310181038709117,0.045689383002259776,0.06536273389578207,0.01560762790333492,0.0029490757924825473,-0.0020696953626803127,0.0019119152277371487,-0.003944034175718758,0.016344436861752465,-0.00042810931849124323,-0.011165231522379693,0.01592891806155783,0.027277092185184815,0.035144880655607225,0.028099288085496665,0.00574981716234696,0.011602294181444761,-0.0032993262942034307,0.02603048829343413,0.03316000748679432,0.04097120466048132,-0.0008043774392155756,0.0,-0.0014891494358763024,0.029179800790390842,0.04041520829299999,0.059259870448963414,-0.0024525015138527895,0.02226817964537431,0.00021374547918556752,-0.005040530769053364,-0.007765453272520539,0.018802262388989632,0.022155100736643507,0.013571810840143361,0.018762721842018548,0.02251513914213321
-0.004714317150742109,0.03279235468173469,0.03553071626026355,0.05814742815613949,0.041719502668250585,0.025203834181552698,0.0,0.03209262271692459,0.05540992769178571,0.06674255212523561,0.0453741797708741,0.0799811696798769,0.038989970351434255,0.06043362990472412,-0.003433793980843647,0.025037587982700893,-0.006134683993005929,0.040075253435957636,0.03621418050179981,0.0261803999708628,-0.004559609724486713,0.02779744776221149,0.0361020155931443,0.0030369330783497905,0.025616278850733087,0.03595184902557402,0.03494462674013943,0.03087333890609073,0.012899571617031202,0.035096979365910386,0.036253544833187934,0.03026774988669434,0.02697234976754731,0.028949808368841035,0.03277849433335783,0.05563559935387963,0.06057691866820397,-0.004235642804775286,0.011179508311112363,-0.0010235075132699056,0.021594266983408827,0.008557397298616098,0.005666401669577825,0.008610537287517817,-0.001516572074676259,0.0,0.0016927330990318956,-0.007252843192658398,0.0,0.0038929710350376068,0.03922251063705395,0.00046117870373918457,-0.004163037154892635,-0.011626690704303111,0.00011311110457939977,0.003228083344321786,0.001576360122659215,-0.0032082294765967134,0.0013925101333536194,7.49306949662798e-05,0.0004487084015687426,0.0,0.00013083412911329972,-0.002401288504677579,0.0011217240288248775,0.0023447541646937076,0.000573364352680461,0.03482616317876819,0.00023978294776855202,0.0012067693660084977,-0.001921658002400184,0.024038963487802545,-0.0015033426823191087,-0.004887013988691347,-0.0004034853409934369,-0.00042977475502892215
0.03801491259816692,-0.015268452144034217,0.02134674572857198,0.06989906057763101,0.03613870466878788,0.028861024797148138,0.03209262271692459,0.0,0.03979368279700152,-0.011429872440553823,-0.0036949761779009327,0.03089824867988189,0.0352993640145145,0.016645336157589563,0.007551962759401565,-0.007893890565244754,-0.0011064138136370194,-0.01272801739345425,0.04600907793238879,-0.0066460182385159605,0.03612475256645736,-0.008878814355121334,0.02054736265433621,0.06124603393805628,0.04840480746810305,0.04359783204700052,0.048049930418838704,0.03324883071858831,0.06056165605703501,0.03937146327447277,0.03774779107221199,-0.14199033869776498,-0.005340303683659731,0.029732865316414725,-0.010499973934111673,0.012242924457324722,-0.045079234520524036,-0.0066083868530167345,0.03272971641068312,-0.0021858890905252504,0.04215692785040126,-0.006240902884883104,0.03843408532566989,-0.0014133639144265908,0.0,-0.0015573791973541584,-0.007819201388092112,0.043755147959770646,0.0,0.013063519089649311,0.03992517016723057,0.03179531622611065,0.07410533330794589,0.0430546880751429,0.0006810152766053013,0.04337415227923802,-6.223068347338545e-05,0.03825096456272287,0.01834446543301599,-0.01673222672320096,-0.0010414935055041985,0.0,-0.0004454650516021452,0.03504995380632936,0.018917968916421612,0.011940127806127743,-0.007782748349611068,0.04205578417283096,-5.551115123125783e-17,0.00039031130663819136,-0.012707223204330209,0.050893765827243476,0.03636427163473249,0.0148746512767029,0.0035808185573646956,0.022278038905309328
0.0016319870980468498,0.03642757522923967,0.0657715900351023,0.026931536058589278,0.04207194406972531,0.018508266119734662,0.05540992769178571,0.03979368279700152,0.0,0.04163978522287526,0.044916043246458315,0.028713270055349238,0.0158766980934813,0.04461446238061273,0.0054524998612757725,0.00528432882031582,-0.00316534279285946,-0.004504741354068698,0.04087487388592148,0.04768746389825118,-0.001150550680576401,0.035247471574453515,0.04065466556444253,-0.010527502160501967,0.014325389449174497,0.034048724345251136,0.025833525893657394,0.032472084584553695,0.022278307601737934,0.027308370308642527,0.039097611231418194,0.03179898934753178,0.005614679439686909,0.029439126624307366,0.02922966313372194,0.03204088982392417,0.03497366115422473,0.03935481537796959,0.041116846050597955,0.001114277063776259,0.014162025938464828,0.003949613931400309,0.041787847110984655,-0.002726084211392421,-0.002078787297431939,-5.551115123125783e-17,0.0015027726028979393,0.03685097623559752,8.199932359620465e-06,-0.009033343808327099,0.01919419040880921,-0.011050915489694502,0.03782725242123752,-0.01584786106404734,0.0005131134794683079,0.03970258896587853,-0.0007275860177448079,-0.00962116534063262,-0.008451685063641357,-0.0017704791026849631,-0.0006123771413995005,0.0,0.0,0.03220064441580317,5.705381640236373e-05,0.002961052561602062,0.00044407424685710684,0.02625977186191697,-6.358649347643075e-05,-0.00020011451410617553,-0.004250444699864853,0.015956703068767286,-0.006248874959034922,-0.005147133267552673,0.0005575586641031194,-0.0010318804512938762
-0.025948736475343293,-0.010063871121642087,0.03938083699542422,0.2192742332632976,0.05529747427411047,0.030197262223383647,0.06674255212523561,-0.011429872440553823,0.04163978522287526,0.0,0.06289120688552335,0.03238909227517056,0.06077192552014887,0.025286381986059092,-0.004061118846845624,0.03569114478084673,0.03784250729875227,0.027400244779619443,0.04429970807493999,0.03464915010336622,-0.007630596598172834,0.02897472929129924,0.04268756164544396,0.012806221567661702,0.03258389515964022,0.041560022514274486,0.03752513659834189,0.030982381645804857,0.040512151100820404,-0.0017848144942553823,0.04461530325570773,0.018494883943667995,0.014278987901021778,0.005638532271444507,-0.005472357066375166,0.07960693506098904,0.05946315549417264,-0.015007162978410538,-0.034460750535541096,0.011180261915622935,0.04186435297287483,0.0054556398820763685,0.00011036609439718514,0.0022350009241373092,0.031033573032293926,0.06698005374345317,-0.002187693288479564,0.00024079233406493206,4.6560351883717654e-05,0.00019809526236269637,0.00014139688429359865,-0.0021044720287700103,2.568743532244122e-05,-0.002616228593218861,0.02374135118546311,0.0025109143277932122,0.04885220358922232,0.052734652646122926,0.0,0.0011802294933275226,-0.003576673872910552,0.002586926192435668,0.014121250100073368,-1.5304631653889622e-05,0.0002486615906403533,-0.0002211507879295027,-0.0029435140621320577,-0.0010959129233272247,0.032509679787429246,0.014397707858152642,0.0348052642989542,0.002865511837760182,0.05458753089672014,-0.0017244704995774685,-5.551115123125783e-17,0.03832502312260372
0.003740206449615091,-0.0007567637551487705,0.0459276774136444,0.03946618279628439,0.03147504070716245,0.012054368825268391,0.0453741797708741,-0.0036949761779009327,0.044916043246458315,0.06289120688552335,0.0,0.03787718283743252,0.03435926500753611,0.034411080054216,0.0,0.00017763744697485429,-0.0035899594119948586,0.0008903194826052063,0.023469310064415605,-5.8756182205799146e-05,-4.876921448798699e-05,0.0008560416386546033,0.02981438200619485,-0.010787378051769159,-0.004386717583652666,-0.005020167168439893,0.04017786659708056,0.04198086432000814,-0.0073955643131843884,0.0004455405110680988,0.046268931045664374,0.022413800628492075,0.06779776303078688,0.033663124397159405,0.029748877992765266,0.009059999437171007,0.03432665845055055,0.041655597326636096,-0.0035889255280056043,-0.0007669704167826974,0.07151308648626864,0.0014811578465210862,0.02716635642979387,-0.001248869141641018,-0.00036914531948734064,0.0,1.1102230246251565e-16,0.011980149360587,1.5878168697636141e-06,0.023929659777474688,-0.044014064877410886,0.025123759845723848,0.024441787839181772,-0.0579699974961565,0.0013351354788752046,-0.04606617716299721,0.0026753322778583777,0.03266295840915745,-0.03141033338436461,5.551115123125783e-17,0.0,0.0,0.0,-0.10832471148376882,-0.0005603318996526552,0.0,-4.367743810984592e-05,-0.006597933785317367,5.551115123125783e-17,0.0,0.000231905501928642,-0.02365853289881753,0.029752335862703705,-0.001318101281341022,0.0,0.0582686465962185
0.013545853634970684,-0.0021977854016527187,-0.004242250784784962,-0.0040473183000433455,0.08346687453476737,0.016269052290530883,0.0799811696798769,0.03089824867988189,0.028713270055349238,0.03238909227517056,0.03787718283743252,0.0,0.04938605788608241,0.0058602496912859015,-0.0004200245315303941,-0.0014807445612602943,0.013772321760676054,0.022948407740295107,-0.004227990280433025,0.0008589574742381423,0.04223759522811599,0.031469326471343595,0.07311858629310197,0.05150013748425575,0.030668464312625876,0.04968862816522268,-0.0024070890103256026,0.006877290663904245,0.004928294827759527,-0.0006565342731325585,0.04629291212710401,0.005199063158298545,0.0219051118518922,0.018427290260379647,0.009050331317722482,-0.0012540835872739131,0.024649812102960522,0.024328205081979276,-0.008493770526538935,-0.04882443347795623,-0.03164668542987392,-0.01444199862834511,-0.019651266411981727,0.021688700666421812,-0.07227661430265125,0.11223677930081027,0.001688560780317594,0.00020865921828533418,-0.0007869683767429692,0.00047587861510617335,-0.002189517797302365,0.057774862804109484,-0.001151816004484718,0.0004738569464958764,0.04121858531154371,0.08594187362473882,0.038786416481805974,0.031219002027740916,1.7557762751363448e-05,6.317931487337392e-05,0.0014292420910942405,0.010002384123435848,0.02608719410992799,-0.001112864337833086,9.833962358263282e-05,0.002156739879937919,-0.001343865045080106,0.004878722848465744,0.0058529658632884285,0.03155665305992905,0.04361079287199604,0.0019146531327049465,0.013968425464876255,0.0031098486864818975,0.0,0.010658183729840065
-0.0013935270533645405,0.03363936208639001,0.03341497820626932,0.054509152245242665,0.0393973762199451,0.030733491117403033,0.038989970351434255,0.0352993640145145,0.0158766980934813,0.06077192552014887,0.03435926500753611,0.04938605788608241,0.0,0.03133252882406473,0.023471679405995483,0.03218911985836165,0.04989060631279307,0.03042551674681876,0.03457911337433783,0.035669699184389225,0.03677485790835355,0.031646277096199604,0.036404197698919116,0.09845378760764073,0.02323809123663051,0.04243304081294219,0.035947102921603136,0.044606365969475315,0.022773826643405326,0.06220376616119799,0.05125768606148917,0.027953818564737443,0.03558400395186917,0.038375363552517194,0.03752920507947938,0.052082438558242294,0.05250821109761872,0.04813775633938633,0.07866457981443253,0.008534787765440366,0.02110248121237851,0.0030261752217085602,0.018476426497982812,-0.001833731140452155,-0.0011767573766258144,0.0008378743149802248,0.001777863778032851,0.025609908825266814,0.0,0.0026404760756087997,0.01757048235623082,-0.004155077106383409,0.04811588085105356,-0.004911606007125591,-4.6514030567657016e-05,-0.00447530021953918,0.0026528933681936318,0.002451795217658259,0.0025849655225474444,-0.0071606796116249205,0.001627497170503922,-0.0001079209423389682,0.0014020230571361036,0.0008667845489463977,-0.006067942740579313,-0.001060726007212076,0.00011545737908796871,0.038952403134445146,-0.002596163747066449,-0.0022650879433495086,5.9507730797880853e-05,0.030679036204409482,-0.004138164205284678,0.020257928937855163,-0.0009398857366329505,0.0007984410096175676
0.017055521504148408,0.0009606099399154244,0.018150680529910146,-0.015421681381441565,0.012459521875870905,0.001114921168917704,0.06043362990472412,0.016645336157589563,0.04461446238061273,0.025286381986059092,0.034411080054216,0.0058602496912859015,0.03133252882406473,0.0,-0.001924232463082598,-8.598859061953457e-05,-0.00021335648692061282,0.0001356797574451063,0.005118347721254468,-0.0009831017051776247,0.026127242373069293,-0.0006394770679896689,-0.0004372818506739873,0.00657733125693305,-0.0008098302543178004,-0.0005975174652441129,0.019037255104773665,-0.06107766979175888,-0.002876771974282377,0.000675209329867088,0.009985056431491834,0.028895991834674062,-0.009175036828495964,-0.10924606887183702,0.007709640768289505,0.00178795304249324,-0.001214742020419629,0.00156113005651487,0.005093299468161339,0.0,0.00033859907043748416,0.0010536240835765653,0.06626226771341936,-4.570528885639025e-06,0.0,0.0,0.0,-0.017695966281982334,0.0,-0.005202566313686652,-0.0018428705319706862,-0.004074594728941172,0.004475100035262192,-0.01939357038382894,0.0,-0.01758294767382318,-0.0002968886104443569,0.001247822795788056,-0.00486480928088856,1.1102230246251565e-16,0.0,0.0,0.0,-0.013108850209111678,0.0,-1.1102230246251565e-16,0.0,0.03889153202318352,0.0,0.0,5.551115123125783e-17,-0.008070350241484725,0.0010669436605040827,1.1102230246251565e-16,0.0,5.551115123125783e-17
0.029902312145063836,0.016927674390810943,0.0920232546850403,-0.003694029662869913,-0.00016126926931947505,0.04412849700263316,-0.003433793980843647,0.007551962759401565,0.0054524998612757725,-0.004061118846845624,0.0,-0.0004200245315303941,0.023471679405995483,-0.001924232463082598,0.0,0.03338064201659535,0.039476150783411545,0.03330996829955962,-1.1102230246251565e-16,0.04515156202779613,0.014194540040323445,0.038102941379043576,0.08062018578288233,0.10883334316533483,0.015703281082135867,0.040550536008747806,0.08063461699670066,0.011131033126823398,0.027444605704291525,-0.006737054382058072,0.03090296772660789,0.007155402082622608,0.023998773361082193,0.025234033148645363,0.008222933136998845,0.01000933458609532,-0.0023510671609663913,1.7656793306786156e-05,0.01716180298753811,0.04282688070223817,0.02586700750695653,0.01549956744882397,-0.0769624729965186,-0.0003116485938037261,0.0,-0.00993206888191811,0.014220226605733521,-0.00025686022688842236,0.0,0.0,0.048093025772706854,0.0033260266521754622,0.04477886319980989,0.0008318663803620341,-5.551115123125783e-17,0.0,0.0017729592080232837,-0.0019695684478121533,-2.6028379335518714e-05,0.02066866289726732,0.019492231999919285,0.000988597226206256,-0.0012464302288358042,0.0,0.029692334451397406,0.03006837476372104,0.02780293011038415,0.032312986063837645,-0.00024871329244091633,0.05758031357459953,0.032334484828960286,0.028639683595411303,0.01287833342260708,0.018744739099611607,-0.0037249564115436895,0.020385812883456922
0.04299511509776249,0.02875330271868659,0.0007706221049896267,-0.0011360060719674547,0.035167519297850613,0.020288440685382603,0.025037587982700893,-0.007893890565244754,0.00528432882031582,0.03569114478084673,0.00017763744697485429,-0.0014807445612602943,0.03218911985836165,-8.598859061953457e-05,0.03338064201659535,0.0,0.018432544910827964,0.026318348595080976,-0.0001105932294952483,0.029232966851658715,0.05158984741581585,0.04276068565781749,0.04080175790505819,-0.017977241276279143,0.036430834699065884,0.03548435386563209,0.026536745622288305,0.03575660962241972,0.030816350771932788,0.03885534087252379,0.04556764173111527,0.01193764105901396,0.03776765777646057,0.02207538473852283,0.024314371634411025,0.004358218826267857,0.000450706348584462,0.00226883204099404,-0.015137519609757122,-0.015879293423284535,-0.013633402827547658,-0.0027026038885090697,3.393902072956756e-05,0.0,0.0,0.03465314857296986,0.011971301476556395,0.0,0.0,0.0,-0.0021609042478815677,0.0005377580723264219,-0.001011283856823919,0.0,-5.003421441435174e-05,0.0,0.0010304172062977623,-0.0005761159324501053,0.0,-0.011072059799568823,0.010835010750598228,0.0016958318588012888,0.020222056537900657,0.0,-0.008472139267956202,-0.0029828017558459763,0.0003246055341895038,-0.008821258516994057,-0.005319886448471145,0.02147519582698898,0.026676058727220064,-0.007412491593071446,-0.000600415257066611,-0.004235036691382199,-1.1102230246251565e-16,-0.007632745133671626
-0.012087093753428646,0.03825098824304979,0.0020978914360164636,0.0017272045188043705,-0.0035293750372092925,-0.005012167143326585,-0.006134683993005929,-0.0011064138136370194,-0.00316534279285946,0.03784250729875227,-0.0035899594119948586,0.013772321760676054,0.04989060631279307,-0.00021335648692061282,0.039476150783411545,0.018432544910827964,0.0,0.038797911398457174,0.003757270101799215,0.03388158783650608,0.003921440595298198,0.02595154862149096,9.726421597866519e-05,0.012999109134782638,0.03228386714773718,0.01719014290184151,-0.0024437051312159452,0.03149162577682102,0.03741523493273413,-0.005078032075783223,0.030620669136282364,0.016186046053528247,0.03495090032440756,0.023687954586827098,0.006722330246711483,-0.006000586728676094,-0.0004192489551598233,-4.9699235429856436e-05,-0.00292204677454605,-0.021316505322927393,-0.0055338109208564745,-0.0005527432765348173,-5.551115123125783e-17,0.0,0.0016675863553423653,-0.005690603163879537,-0.0013239266823709128,0.0,0.0,0.0,0.0,0.0,0.0,0.0,0.022438892116832088,0.0,0.0342363504849153,-0.002060413636668701,0.0,-0.0003235385219154674,-0.004675388111970269,-0.02215934870240699,0.009656739022982586,0.0,1.1102230246251565e-16,0.0,0.0012685969950798626,0.0,-0.019784832840178124,0.007856853263444097,0.017693085576619083,0.0,0.0001391833359170036,0.00020453583046259327,0.0,-0.009832717064919394
0.025575128741214537,0.028018443366348122,-0.0041047307362785945,-7.77260147917791e-05,-0.005799922870576679,0.018480471929069264,0.040075253435957636,-0.01272801739345425,-0.004504741354068698,0.027400244779619443,0.0008903194826052063,0.022948407740295107,0.03042551674681876,0.0001356797574451063,0.03330996829955962,0.026318348595080976,0.038797911398457174,0.0,-0.002779640356851243,0.025437977046885663,0.036033011649842295,0.02754948459009071,0.037641921557025004,0.009331789764065623,0.019019394157844316,0.023905215299257765,0.01772254944497348,0.03253467665664278,0.014179152927062455,0.06561818293147686,0.028065757779072997,0.014673737370649698,0.037698867298580796,0.016946129350580097,0.0030103149024602316,0.003927567290267886,4.1788799754860495e-05,-0.0001206152508976821,-0.0023446507722964527,-0.03297638225766858,0.0009756291776334969,-0.009653803757763701,0.0,0.0,-0.0002732126816213931,0.0375729727373042,-0.021315190710677057,0.0,0.0,0.0,-0.0014971217032074269,0.0006761759625847907,0.0007779959357043786,0.0,-0.004274970735547168,0.0,0.02428373673894013,0.0007585030223367095,0.0,0.0011917373893515215,0.0015269892744164126,0.010602467434948248,0.017192953370282926,0.0,-0.004549326943241505,-0.0034311373626362274,-0.012299015957433768,-0.0003973588210859913,0.0506309423785698,0.009777088682441148,0.02366671738568843,-0.002527638348744421,-0.0005686600728597724,-0.006987349572747437,0.0,-0.006188084678399486
0.0,0.03473066135353914,0.023749115831067036,0.029938378216039063,0.04034694149939877,0.025659474407287386,0.03621418050179981,0.04600907793238879,0.04087487388592148,0.04429970807493999,0.023469310064415605,-0.004227990280433025,0.03457911337433783,0.005118347721254468,-1.1102230246251565e-16,-0.0001105932294952483,0.003757270101799215,-0.002779640356851243,0.0,0.00026219499046792327,-0.0002562207276908257,0.00171591913568242,0.001157160069621077,-0.0002855196691652351,-0.0022836889559145757,-0.0006932440635395443,0.040744820399848725,0.03930220854695976,-0.003136329166789076,-0.0008346661734168759,0.04548398136105769,0.009174248934738838,-0.0017071013247301758,0.029259322396337828,0.03098112357314331,-0.01278636572839481,0.03246334683805202,-0.010381648965100132,0.005729153028594225,-0.00018245715303627508,0.006407844541163443,-8.203760565406171e-05,0.046334681919486975,-0.0009840907920799502,-0.0001657567273877225,0.0,0.0,0.11917894587494116,-5.551115123125783e-17,-0.006328819528354845,-0.004266398431947205,-0.00580580016795007,0.056624454273811464,0.023278588513222398,0.00013835654922556007,0.09947396400087044,0.0019521210780604203,-0.004656626933122188,0.015634287379724054,2.220446049250313e-16,0.0,0.0,0.0,0.08412847875755142,0.0001760657199084692,0.0,0.00013596477821775643,0.029129202207146543,0.0,0.0,-5.551115123125783e-17,0.01105407748000986,-0.0012101845127322486,-0.002973365126610561,0.0006069968261583902,-0.0003837987277212074
0.02935089424140891,0.02972342932278793,-0.0016617233778303264,0.0001023176851533969,0.0392811361786633,0.05699717162095019,0.0261803999708628,-0.0066460182385159605,0.04768746389825118,0.03464915010336622,-5.8756182205799146e-05,0.0008589574742381423,0.035669699184389225,-0.0009831017051776247,0.04515156202779613,0.029232966851658715,0.03388158783650608,0.025437977046885663,0.00026219499046792327,0.0,0.051483564632734014,0.02366737867680857,0.06158635233141885,-0.0013433283976666544,0.01346429500706714,0.02768466079483084,0.053013538832585916,0.04458241714913824,0.036963934675457166,0.0005364256168578496,0.024964585275418505,0.014056400680783676,0.047738000273077785,0.025319543663574196,0.012127611293632046,0.014029132587395687,-0.018572305736570094,0.006671635321675584,-0.006119659804738775,-0.006847922465667233,0.02155469928859055,0.02986406241515782,0.0036984899222003986,0.0004643868723859801,-0.0003985009984639465,0.00198172147447917,0.03629189615410533,0.0011864399317287888,0.0,0.0,-0.015038749604787738,-0.00011930160692574798,0.08538204170695307,-0.001192166579689402,0.0009904648258594606,1.1102230246251565e-16,0.0026432858686982197,-0.008759176828644855,-1.1102230246251565e-16,0.03466834063923907,0.0016321728782031641,-5.39896573246712e-05,0.0006527812882114459,0.0,0.028321636510874992,0.030516883986661636,0.029041688780352237,0.041580867834619784,0.0,-0.003626094689789583,0.02501879853248712,0.025409471574752263,0.02481798306216565,0.012236253510560513,-0.0015104494495769005,0.03722266183746781
0.03017023317725076,0.06580215789648042,0.08028482614778609,-0.001056325123912516,0.00045667188561748784,0.05148090633892005,-0.004559609724486713,0.03612475256645736,-0.001150550680576401,-0.007630596598172834,-4.876921448798699e-05,0.04223759522811599,0.03677485790835355,0.026127242373069293,0.014194540040323445,0.05158984741581585,0.003921440595298198,0.036033011649842295,-0.0002562207276908257,0.051483564632734014,0.0,0.03200109169569226,0.05862494919831701,0.07415518731618609,0.05375532127014637,0.0318983865658608,0.06000746616769276,0.043156219856643085,0.03862716637271868,0.036349332193931494,0.04274738845564685,0.022887532316439807,0.05724148467421858,0.02895154258505367,-0.003971682617772143,-0.004376170658228429,0.0002605948908899758,-0.004201551561503869,0.02281339064820659,0.05194461525238647,0.04892370208999197,-0.008302302406750783,0.0037535034872752115,0.0,0.0,0.036183747476716044,0.04756553992413137,0.05636632401587083,0.0,0.0,0.0183810578200016,0.0011530612059969525,0.026110935628656684,0.003735003596646025,-0.0008915855323063382,0.0,-7.317318324578936e-05,-0.010946700843365464,5.551115123125783e-17,0.02183343003007515,0.011004776781307846,0.0,-0.0016430740566540925,0.0,0.043462275891880786,0.03915562391549865,0.038629170818479885,0.03482129266170503,0.0009392372851241837,-0.008780823414120675,0.039889176646570546,0.031580938924526736,0.018642925315690173,0.020222175500947903,-0.031384447434519125,0.04115797797502735
0.08138445055733834,0.030410273857019887,0.043355003400110725,-0.005023714942932134,0.024056506724705495,0.04134952923526791,0.02779744776221149,-0.008878814355121334,0.035247471574453515,0.02897472929129924,0.0008560416386546033,0.031469326471343595,0.031646277096199604,-0.0006394770679896689,0.038102941379043576,0.04276068565781749,0.02595154862149096,0.02754948459009071,0.00171591913568242,0.02366737867680857,0.03200109169569226,0.0,0.05000733154186948,-0.007895114107228318,0.025244330607249232,0.033189882922713465,0.043722086922011905,0.051630499155604415,0.03302285503003877,0.05832993884898863,0.029570346489342925,0.0056453486942984465,0.026767593091612807,0.022688678577247712,0.004637644827268528,-0.008267973642149595,-0.012428036743719284,0.00592115597228593,0.017781868620473373,-0.0008478873734800163,0.014553270405884944,-0.00043303352006951457,-0.09816500441584874,0.00038194012153908163,-0.00039947342689306,0.06809205172245958,0.0285546440979651,-0.00025786780904540896,1.431268668683483e-05,-0.00012210333465961787,-0.0034973526891829976,0.004974800423202086,-0.0036742752157429837,-0.0006433196244198802,0.0023047262674199542,0.0,0.0017303517559039139,0.0008209374824097448,0.0,0.01725132293606524,0.023657929500269514,-0.0011858236043522097,0.05884836226313467,0.0,0.01991399184327053,0.041328148842208756,0.01605459423697425,0.02753522998407265,0.002694425756050778,0.0455431409527724,0.03352418951549574,0.023945221893258872,-0.003232736833687355,0.004300791579782193,0.0002762016153926572,0.009988156907411339
0.045249876888613205,0.042303830057985436,0.04563406853400409,0.021126385288240068,0.010675778230483546,0.048841128141231205,0.0361020155931443,0.02054736265433621,0.04065466556444253,0.04268756164544396,0.02981438200619485,0.07311858629310197,0.036404197698919116,-0.0004372818506739873,0.08062018578288233,0.04080175790505819,9.726421597866519e-05,0.037641921557025004,0.001157160069621077,0.06158635233141885,0.05862494919831701,0.05000733154186948,0.0,0.06538506701648827,0.043582550498625416,0.03444989293620926,0.06596255328765532,0.04183161648756473,0.05178203807648435,0.04949212457360114,0.039659780126598376,0.036369030209632114,0.04775364169674451,0.03486240415056807,0.03913972941748961,0.009934823532141146,0.011282557510237323,-0.01900737599704494,0.0318303142308326,0.04231240983235457,0.03777481910528113,0.030960441703164476,0.021057080829421704,-0.0067997436557121205,0.002079882168664726,-0.0010676896835132843,0.040885925723199434,0.04998225323307037,-0.002240168561452649,0.05929050112886336,0.0256212293498137,0.015194445667641387,0.03993529295299292,0.03346964375237216,0.0027142324733133716,0.07076488592983277,-0.0040196482568746195,0.03398919571414183,0.02964722414379317,0.03856397959039415,-0.004638037605734335,0.00013133581235241776,-0.003261871403635541,0.065818914276638,0.036015305797561625,0.03903904538349523,0.03021829487316502,0.033111175468286125,0.00047018599542003603,-0.0016997981618456781,0.04439779680776734,0.03181047921958002,0.030744247369814737,0.026973085167593558,0.023299522020098218,0.030903368442300017
0.06466821262612915,-0.012696645688865194,0.11519009238675837,0.0013290815389791488,-0.0068642412669958075,-0.0006455429503410826,0.0030369330783497905,0.06124603393805628,-0.010527502160501967,0.012806221567661702,-0.010787378051769159,0.05150013748425575,0.09845378760764073,0.00657733125693305,0.10883334316533483,-0.017977241276279143,0.012999109134782638,0.009331789764065623,-0.0002855196691652351,-0.0013433283976666544,0.07415518731618609,-0.007895114107228318,0.06538506701648827,0.0,0.030893537942174476,0.019217945612293008,0.042292098887994733,0.027057548680253285,0.002546681130056405,0.0010045053349576616,0.02488220051244,-0.02264995016407584,0.05024383051140274,0.006113431801424929,-0.045385976412199214,0.0028188801474123837,0.06813936574680424,0.02401861884987308,0.045192797855375,0.06610597787811862,0.05162843245272597,0.005649175069667001,6.234973721574999e-05,0.0006126291344038526,0.09096550758553834,0.05921988866314892,-0.009660018032032869,0.0,-5.551115123125783e-17,-0.0005187523977792652,-0.0005489970998785454,-0.0006795772110813614,-1.6653345369377348e-16,0.0004889963901705818,0.05076595236792458,0.0007776302857784856,0.07066241033521953,-0.005926763051663397,0.0,-0.0034268283543966715,-0.014460819846884299,0.030633498936596837,0.04116094948687632,6.321650606694318e-05,-0.0018523682216062265,-0.0027883574869710936,-0.007551411544796327,0.0004395950736881815,0.10824850151056692,0.03875946125263929,0.05249252687270284,-0.0012915260178525956,0.006122528411414696,0.0011280403745990153,0.0,0.05484428675560826
0.03854700628316382,0.035151962296896766,-0.011126266646328542,0.0008419066243566808,-0.012518829947153087,0.026871769847162053,0.025616278850733087,0.04840480746810305,0.014325389449174497,0.03258389515964022,-0.004386717583652666,0.030668464312625876,0.02323809123663051,-0.0008098302543178004,0.015703281082135867,0.036430834699065884,0.03228386714773718,0.019019394157844316,-0.0022836889559145757,0.01346429500706714,0.05375532127014637,0.025244330607249232,0.043582550498625416,0.030893537942174476,0.0,0.021867695469334536,0.020779529946258757,0.03283597356936763,0.006666047665459418,-0.0030321140812966108,0.02711066541041801,0.016261458455865463,0.032468330890340846,0.015300106712175687,0.007284329869665762,-0.0026582937951477037,0.00038504920310850066,-0.004232667854085048,0.010848603151212277,-0.01462904208446203,0.02128745624389411,0.03224709938794562,-0.0011244816771046051,-5.551115123125783e-17,-0.004263074048622917,0.047894857653668965,0.010248254273578228,5.551115123125783e-17,0.0,2.220446049250313e-16,0.0005623304788284211,0.001194637418110045,0.0006232438071077651,0.0005528595586996587,0.03182350803660555,-0.0005357807535569803,0.03934168738050975,-0.005217987620812048,0.0,-0.003943241537966324,0.02595905662129927,0.009727305233095451,0.02807576450470295,0.0,-0.007131476575523932,0.010077049263748139,0.010832223284935216,-0.005246987984124818,0.05629424615645767,0.02374014298429772,0.03360898985310451,-0.004290483182847249,0.0002829108553066839,-0.010228131029703214,0.0,0.020694721953134376
0.02638120111657627,0.02913645015988664,0.06971598126130318,0.00010114259855326102,-0.008232428389692681,0.04559660486232803,0.03595184902557402,0.04359783204700052,0.034048724345251136,0.041560022514274486,-0.005020167168439893,0.04968862816522268,0.04243304081294219,-0.0005975174652441129,0.040550536008747806,0.03548435386563209,0.01719014290184151,0.023905215299257765,-0.0006932440635395443,0.02768466079483084,0.0318983865658608,0.033189882922713465,0.03444989293620926,0.019217945612293008,0.021867695469334536,0.0,0.034501863171468417,0.04122558753030131,0.03248260445278267,-0.003149522152011641,0.04217501188456846,0.02145886911942846,0.03590236412262571,0.02713076281658966,0.016890074365701613,0.05268594602512944,0.0017300518466267234,-0.0004215874580471013,0.02284517992430657,0.010985433818629153,0.04486984978000602,0.03786573298867352,-0.008043880227164069,-8.481737197418848e-05,0.03185251520928467,0.0475370198538822,0.03989746374086656,0.0016967245903278805,0.0,-4.802578630302978e-05,-0.007211373577048319,0.0032540602203238733,0.003619387207430269,-0.0034349156109260703,0.03620485788084471,0.0,0.04649114445184527,-0.001139951312215115,0.0,0.015354215850346797,0.04800393789660612,0.010111657132929719,0.036573671313366085,0.0,0.02568216087151698,0.020796326205565707,0.03038749041002764,0.037918526122687146,0.053280576593361106,0.03641188589935662,0.034307526424799895,0.04306709061882941,0.06146437202596672,0.056671356816264895,-0.0006314526984795288,0.03249888960564423
