0.0,0.0040476346027540355,-0.0022703070851297635,0.0,0.000686966711036463,0.043925398965546036,-0.0041659981094116505,-0.024454546179500825,0.001370670026232701,-0.02213488176845113,0.0031450498654422843,0.02181301066625868,0.04910470996769528,0.00022842518782445476,0.02653623452688708,0.032998164326721424,-0.009953693964264154,0.03125388281604641,0.0,0.03357826203156794,-0.028615160542702578,0.02207079173913895,0.02099627792962122,0.027337058011228987,0.014720476167913277,0.039731010869507866,0.04420557228761807,0.03425440862058071,0.046881247805148796,0.005585071150663257,0.030692690974288284,-0.004633246497010524,0.02020204239307627,0.011744796772900135,-0.02573987646975634,0.0009522476461401586,-2.4460153059402412e-05,-0.008635569165080348,0.038746209405172705,-0.02687849448934332,0.024080461957349086,0.0018014177389095165,-6.39322859649627e-05,0.0,-0.0033945890252542466,0.018360779413393924,0.01660273482753094,0.0,0.0,0.0,-0.005085681538180786,1.1102230246251565e-16,-0.005566842453697596,0.0,0.06249613109491936,0.0,0.07478475120367517,-0.001582940594572202,0.0,0.000643444651489633,0.021264302999608353,-0.0042406175062924545,0.006922429676337327,0.0,0.019821583372942042,0.015643873173992406,0.03413332219032139,-0.005167507832911311,0.05066549030980877,0.014998803071426203,0.01700954106156294,-0.004971656663866342,-9.453005045745311e-05,-0.007806467607254675,0.0,-0.010137688326377625
0.0040476346027540355,0.0,0.08709415986825042,-6.25024725846024e-05,0.04224928841508441,0.06896207955719785,0.049110920804970926,-0.006052616297186619,0.055601301549757065,-0.00854151132927794,-0.0006750752994059694,-0.0021574166212488533,0.051543737574159365,0.0007492202619562849,0.028984110908759242,0.0058269610649214765,-0.025469047109315135,0.02964838392696567,0.0011162121466675723,0.049649514520635096,0.027525011109763575,0.022847602748247875,0.04043947695084538,-0.010786421320533479,0.00335224288880015,0.0245615484968989,0.05638152548226555,0.03679919963677747,0.05635928401471452,-0.006048468222592196,0.03810209470728765,0.005309048750673173,0.00684309701955943,0.030214457874189415,0.013205948700243497,-0.005625428315560732,-0.00019119659576422032,0.0,0.027068830111821873,-0.009923443434152857,0.027931355300101157,0.017573380105730063,0.0019921256683026467,0.0,2.220446049250313e-16,0.012907811828478721,0.01553550370591128,-0.00011422350368189838,0.0,0.0,0.048799200321178626,0.00231799282948586,0.0019568325221611116,-0.00046849326358761045,-0.001656298979243409,0.0,-0.0019312110943722205,0.003361446065275553,0.0,0.029103022873639972,0.008133025907250013,-0.0002556037769192443,-0.0024673107872407174,0.0,0.009316270712618813,0.02838256590521132,0.0312785166823874,0.04931941528497069,-0.001828439719421704,-0.012607101494896633,0.02486179948290046,0.04622339593508468,-3.877564664916955e-05,0.007833393668987998,-1.1102230246251565e-16,0.03310118685014224
-0.0022703070851297635,0.08709415986825042,0.0,0.044005711627502,0.08764275426928514,0.060760773033666005,0.06676665734628406,0.081365074669144,0.1121866099408354,0.06292390041421658,0.08934407988858589,0.03822064776414408,0.06446320790784488,0.03894798735308347,-0.0028514042589954935,0.0006025612900845689,0.0017114383018657642,-0.003720820487199794,0.08252592212297549,-0.001541091817619189,-2.3603230105528894e-05,0.06670844517919089,0.08567527941857767,-0.002452901349460135,-0.00976378118251825,0.07720575438671456,0.06224390687580578,0.05548375555102819,0.0737680684703868,0.08608351049880719,0.07403994335261321,0.05906130941328819,-0.003062967877718592,0.07012814354577934,0.06845719597796435,0.05399500820208325,0.054298053029244064,-0.0018746941588813626,0.03760321422415325,1.3093610943815115e-06,0.11400960616942601,0.004901628491873533,0.03984397548149088,0.0008812678381641681,0.0,0.0,-0.00042673450609620467,0.10639691918344396,-1.4359362315974344e-05,-0.010182047390110527,0.051229725117348135,-0.015464467404109339,0.09710413496449843,0.09339870760515034,0.0014075390371093288,0.14317362667340028,-0.0012333874301075909,-0.010221432370064454,0.0606414453324754,-0.0001552806074759383,0.0,0.0,0.0,0.08557946071358496,0.00024078257102122524,0.0007014964964640602,-0.0004747606616418154,0.07499095514329923,0.0,0.00019698651702981795,-0.0017012714928570927,0.05459448226572705,-0.0017927892425032566,-0.0013131577919302528,0.002119358649173564,-0.011265030595478787
0.0,-6.25024725846024e-05,0.044005711627502,0.0,0.006147015437239944,0.02379208007841116,0.018529774791971987,-0.04677683322608733,0.04691679242793284,-0.048054573029370745,-0.005714379971132777,-0.004508828313351643,-0.007490473436774947,0.007406259016820682,-0.0031417071844375144,-0.000960366330425344,0.0014666751915523024,-6.53880705194787e-05,-0.0006737132220636655,0.0002132882047186091,-0.0008394210503667732,-0.004492241517111806,0.004503822328286444,-0.02263852108832043,0.0007986754636172821,0.00037722140653473346,0.01036395330624812,0.0013299532432900496,-0.0033178632855996315,0.0024614738956090787,0.04921424191688606,0.004133257785757516,-0.015594283061494962,-0.004941427932255826,0.0011421519070373143,-0.01749320088643319,-0.0026492506007284033,0.015335369070797411,-0.010180362922298292,0.001104618265022117,0.0003467212114235396,-0.0011106955346403824,0.0009276066022119167,-0.0009452244704779567,0.0,0.0,0.0,7.560100483916532e-06,0.0,0.0,-0.00019996140757805314,2.220446049250313e-16,0.00014964930643934782,-0.0010785166268554858,5.551115123125783e-17,-0.0007565295787985149,0.0002707656211224374,-9.429365098340137e-05,0.0,0.0,0.0,0.0,0.0,0.0,0.0,0.0,0.00013194567875013385,0.0014228961674774832,0.0,0.0,0.0,0.0017269098790981263,0.0010201681449918953,-0.00011406680747938491,0.0,0.0
0.000686966711036463,0.04224928841508441,0.08764275426928514,0.006147015437239944,0.0,0.049494754586305756,0.042959155917942804,0.07128249918915303,0.06469282689564299,-0.03674988205603813,0.05723243861706384,-0.004625949564029286,0.04509197746823107,0.03788661831530149,-0.00021537964299522816,0.036309505242096474,-0.0030466784397790714,-0.005379196444201595,0.08222087852198562,0.05432619817931239,7.427488070499422e-05,0.03168732847355138,0.04410428778128894,-0.005904985982361943,0.04118567875150719,0.07688722936960657,0.05327754389886119,0.02117832609409398,0.045750327002271385,-0.006187193034592697,0.04186471620163429,0.02317305825701388,-0.0037813417760644286,0.05624702822445149,0.07381540784454993,-0.01540990614115792,-0.060505066156984644,0.05605805046677764,0.027562280883328016,0.0008539708866223683,0.0057250526199849605,0.0017619704441080297,0.018685946579654333,0.0005375806625885771,0.0001891251767712765,1.1102230246251565e-16,3.724593140386201e-05,0.0640087722272833,0.0,0.002374048541028073,0.045118445570684784,0.0009100549715979067,-0.0173337128717449,0.01848328315700576,5.551115123125783e-17,0.007149116641214648,0.0019381512185643879,0.003831592876544443,-0.009669654134936756,-0.0004124305215064683,-2.4174863728354534e-05,0.0,-5.551115123125783e-17,0.05128296241141844,0.000903969920572123,9.730051661233086e-05,-0.0015506355063541477,0.05481219904574519,0.0,4.197969758346076e-05,0.000940406162203089,0.042048533930069465,0.003128420103708951,-0.0031882258541466313,1.1102230246251565e-16,0.0024379928189698363
0.043925398965546036,0.06896207955719785,0.060760773033666005,0.02379208007841116,0.049494754586305756,0.0,0.03813002663233639,0.035031020509344035,0.03492928154296271,0.034593408278701665,0.06902856372726213,0.008704030349790448,0.022719107161772945,0.03587247629082152,0.06185692649918173,0.05574365011426752,-0.004180275692332536,0.05062788360300735,0.07988380935160605,0.07238316334490774,0.05817873796683448,0.0649276240473064,0.02805349446090527,-0.0007322191573450598,0.06867787232375544,0.07621668657974645,0.03710767440715684,0.03395402443433304,0.035559107088897535,0.04828282564636077,0.0426701157299596,0.03236262720386701,0.04948878213136443,0.04252597559279714,0.0491093025158994,0.024796005102742436,0.02874855911233526,0.05834683156833881,0.0272974942873902,-0.005675131661760702,0.05475709224813774,0.05230304341653874,0.035408928945884155,0.0024664618173819153,0.0008964351275960736,0.0018117908616884226,0.061291929918218746,0.060939811179119396,-0.0004413666717328346,-0.009869987676938474,0.02667147003589798,0.0465529894925355,0.023395417760134818,0.029630906601713636,0.005289617238041,0.00877909067894067,0.012671475152913725,0.041552657142711835,-0.006829173377835063,0.055774327689790126,-0.00040125509554667094,0.0,-0.0013043286399766485,0.023112535149860003,0.058100121179156194,0.05918213876378031,0.0664770743369959,0.024173226993608576,0.00018756485689180868,-0.004434200550587519,0.06879946367226686,0.03175160633796659,0.03497294630399228,0.029806462844992387,-0.009104945054611346,0.01793783958367634
-0.0041659981094116505,0.049110920804970926,0.06676665734628406,0.018529774791971987,0.042959155917942804,0.03813002663233639,0.0,0.06347817873102912,0.055451975753079086,0.005507041859428019,0.05447118921210681,-0.004334120996820567,0.04054178830776245,0.05193709028398735,-0.0029551216252579615,0.038727934263434294,-0.005541544821471678,0.04523338146077588,0.07367217493124806,0.041781116288370945,0.05231122445690928,0.041330247290308764,0.07209113278985224,0.002612553800160733,0.04334456390932889,0.06538659091546545,0.05451662852814959,0.009837734001830911,0.04967249387893974,-0.01009346756988666,0.03442390448613081,0.048339277608696996,0.039919532080817055,0.04673208165064857,0.05791409270084147,0.014465857035989071,0.010344252649049979,0.030222097426717998,0.055708127748906267,-0.0010027378977512935,0.020035018159641982,0.007347533083586766,0.017675851962285216,0.007847798307939413,-0.001444795105405683,0.0,0.0017971476612025916,-0.006645652416069625,0.0,0.003397935788659434,0.05540735700368893,0.0007995235173235971,-0.0036808252105980377,-0.009865654453422468,0.00014873874846038637,0.002657948413312128,0.0013748335268868317,-0.002699907115298772,0.0010008373786692393,-8.984047214638524e-05,0.000532551422912475,0.0,0.0001129527328340707,-0.002307922652542427,0.0011048825692929198,0.002056961483375308,0.000681033868080827,0.048842113970197776,0.0002017206766622981,0.0011293101824983443,-0.0015250004908965997,0.05045632608049888,-0.0010202973238758184,-0.004335229790429107,-0.00017731684575383877,-0.00037220142269556167
-0.024454546179500825,-0.006052616297186619,0.081365074669144,-0.04677683322608733,0.07128249918915303,0.035031020509344035,0.06347817873102912,0.0,0.09405145574868418,0.03422997708898212,0.04519230420436576,-0.006755553639085199,0.047290323737304796,-0.006579076143014118,0.00564279567219228,0.015205630428311523,-0.0009757504250889615,-0.019139455725401266,0.11831717800656344,0.05081946801130521,0.0019395124958814791,0.036210790346253685,0.013105492152773845,-0.008628428487838735,-0.0038999930403310623,-0.003161416802781758,0.03507701624224158,0.025347696721749746,0.041993155188851605,0.019143939491456485,0.027267953852511684,-0.08095715340032589,-0.06728428951217424,0.03587070208916465,0.024722556639561688,-0.028037133642010853,-0.06086215838805664,-0.005430283825134941,-0.0005198301503212543,-0.002057739191885233,0.0343090203576204,0.07877679958910988,0.041767172363730454,-0.0014242264306687513,0.0,-0.0013228964652567954,0.018530311561749113,0.08908379112288844,0.0,0.006785791983615785,0.04891624868549854,-0.005870194612213497,0.029297492783292634,0.0562056158415325,0.0006618592507562915,0.018171581497118117,-3.105836425759678e-05,0.05402708390395372,0.004307767234293269,0.03707927737706801,-0.0009051743753611952,0.0,-0.00039375992504625534,0.03131806331132059,0.05339939402665084,0.036664486523205086,0.045716404793617604,0.03112323191416183,-5.551115123125783e-17,0.00029901516065306,0.04252132727945296,0.030025202577057652,0.05143467738851093,0.06778255379408382,0.0031321223234307416,0.04603939907956478
0.001370670026232701,0.055601301549757065,0.1121866099408354,0.04691679242793284,0.06469282689564299,0.03492928154296271,0.055451975753079086,0.09405145574868418,0.0,0.04150899302776184,0.08048076624382378,0.04008948839986659,0.0659239193810151,0.031384814887494394,0.004552678282249478,-0.00805293749456848,-0.0030075518688043035,-0.003706691086736158,0.07189249520897534,0.07589871338505155,-0.0011949741677808046,0.05928860605818026,0.05637804633777399,-0.009305913474232375,0.032824866081328175,0.07915908070849298,0.04552674806255863,0.060230327927985494,0.05401223094330615,0.061024538796937644,0.07334814208996149,0.06325625736484686,-0.006164366924989784,0.07434327932926693,0.08678144206121108,0.050724825351493474,0.05456401325383953,0.06758635544954222,0.05318353202835424,0.0010326098557242314,0.012365045659152418,0.002752943432660915,0.03709866376938853,-0.002850710941549872,-0.0020545448797807397,-5.551115123125783e-17,0.0014324792702721245,0.09704390893217729,6.89830498612487e-06,-0.00732729542783539,0.05795464964575614,-0.009391241063360534,0.09217605056745659,0.07334866628585823,0.00018329829359775562,0.10130694716702981,-0.0008066395309476726,-0.008351262858703246,0.06315431575305064,-0.0014932168464055207,-0.0004396266283582806,0.0,0.0,0.06104492108836446,0.00011854115302223356,0.0026638723795283092,0.00047594485536983644,0.07206693952178367,-6.816102269463498e-05,-0.00015678410918590346,-0.003799775628140767,0.05437444517014389,-0.005350754651865852,-0.004648467426008718,0.00047575504850794204,-0.0004584735274072438
-0.02213488176845113,-0.00854151132927794,0.06292390041421658,-0.048054573029370745,-0.03674988205603813,0.034593408278701665,0.005507041859428019,0.03422997708898212,0.04150899302776184,0.0,0.03274806246829215,-0.01516127898535724,-0.0062900666507652025,0.09747632182937,-0.0036268752650252534,-0.05927474563777457,0.03304565695825862,0.01956268241425313,0.05094106084549416,-0.006007164875669158,-0.006363988872391091,-0.03954837126165944,0.046791344311770955,0.016270721015678724,0.04955032021798311,0.05949020996467225,0.03303816840608209,-0.013321711675827741,-0.01846718740156278,-0.0014747270364172116,0.03769520571570212,-0.04016146326643333,-0.005800833008547834,-0.0017411917411285782,0.0010061111129480715,-0.046189294989352925,-0.04685496517758103,0.007456556327477493,-0.0175211544972792,0.027621448964357476,0.024071069502507758,-0.03014585957477589,0.011258780381401323,0.0016921232073649484,-0.03410378001410619,0.0540699761505799,-0.0018442614361727228,0.0001059145546452589,3.916953134086576e-05,0.00022482535316514785,0.00041138703889259665,-0.0017338499231294158,2.6108855806561415e-05,-0.0024986035641111903,0.025684061736392427,0.0021501567928922105,0.02483097097024095,-0.007027067144049215,0.0,0.0011277813691277783,0.036699496125827014,0.02078533521551834,0.04882817042690435,-1.2875230211428779e-05,0.00020918995612778657,-8.750541123869748e-05,0.0313287648076207,-0.0011012457572112666,0.055667673301537324,0.03336261066648333,0.04343675690296517,-0.08332384172486151,-0.0038617600767595905,-0.001618961044404954,-5.551115123125783e-17,0.013508426665535589
0.0031450498654422843,-0.0006750752994059694,0.08934407988858589,-0.005714379971132777,0.05723243861706384,0.06902856372726213,0.05447118921210681,0.04519230420436576,0.08048076624382378,0.03274806246829215,0.0,0.0392813896755958,0.04870926836237832,0.007826281663366685,0.0,0.00016728502186869054,-0.003210975126990645,0.0007056030034767735,0.09432303932215158,-5.743071759223284e-05,-6.480740781433791e-05,0.0007413288455287992,0.0002085711203331786,-0.009490248280250413,-0.003858721493469719,-0.004299145324261677,0.07912143339840144,0.05247510797263383,-0.006458207428870488,0.0004357837242199847,0.06755921630583828,0.018384174729890956,-0.011821664200491022,0.07050388169741856,0.06666557941899237,-0.005852568648569756,0.05319773840321729,0.04719626049274528,0.04610308993268658,-0.0005389539932768028,-0.0006957294186000773,0.001116417293777594,0.04294848760555997,-0.0010757317920088716,-0.00041159033227061714,0.0,1.1102230246251565e-16,0.17294760784277935,1.33577260752471e-06,0.14284600611100917,0.03828932183150602,-0.0013832795752745097,0.07882494120764727,0.10223014614967002,0.0010415613009135405,0.20904948323043698,0.0020773778942170806,-0.005498136291457234,0.07665084944517392,5.551115123125783e-17,0.0,0.0,0.0,0.24874988375303497,-0.0005613067912454417,0.0,-4.6821038171329654e-05,0.06546534911464807,5.551115123125783e-17,0.0,0.00019509366786124582,0.047505536795658165,-0.009723611984544855,-0.0013298772811403126,0.0,-0.0013377658669740389
0.02181301066625868,-0.0021574166212488533,0.03822064776414408,-0.004508828313351643,-0.004625949564029286,0.008704030349790448,-0.004334120996820567,-0.006755553639085199,0.04008948839986659,-0.01516127898535724,0.0392813896755958,0.0,-0.015188073466927021,0.005388408684533386,0.024342344237197833,-0.0011270997234458235,0.022683274234023165,-0.030389444919722175,-0.0040057214540926145,0.023452562443421643,-0.005407740370350467,-0.0001797453350705358,-0.02203620034077325,0.0008949542738587724,0.018145087183198183,0.027760443044555605,0.018888051246382487,0.0034326674906193233,0.013022178314089916,0.03620665217208957,0.0017320627771017505,-0.013584273559678506,-0.036479804163534135,0.005617170914510694,-0.0005284667279606414,0.03238608200765425,-0.009800769416091426,-0.0009849851781488506,-3.713143248967876e-05,0.02849054573664761,-0.008464484876865075,-0.011492340985612137,0.04124083416789187,0.002079194685818353,-0.05718821803409918,0.0626155867014383,0.0016402629843191852,8.635344587559768e-05,-0.0007715951498842577,0.0004108253100230663,-0.0019117534590991636,0.0025113921554790197,-0.0010216189705182788,0.00037087935118107485,0.02865888604742889,3.7173056581574215e-05,0.014913438877748597,0.004356385300241183,6.142502308481568e-05,7.090386639391211e-05,0.001443145812655755,0.018602172611202283,0.03640885951306849,-0.0009981679239792207,0.00015146989823261459,0.0020368638144080964,-0.0011678075056902881,-0.018825711258014965,0.03124873036170084,0.027508896473131095,0.03876952539852668,0.016397193430932433,0.010313294081855773,0.002590694002853111,0.0,-0.004403670379584668
0.04910470996769528,0.051543737574159365,0.06446320790784488,-0.007490473436774947,0.04509197746823107,0.022719107161772945,0.04054178830776245,0.047290323737304796,0.0659239193810151,-0.0062900666507652025,0.04870926836237832,-0.015188073466927021,0.0,0.04277367410959254,0.04709686912215194,0.0314268731499735,0.010356716158002932,0.03759609219900967,0.06437383042623807,0.031461939057876476,0.028160170731479084,0.039303503208306945,0.05892353176457771,-0.01807152748622981,0.04681965326134774,0.05476175666562488,0.047676266763240216,0.018118275703500386,0.047095743521521016,0.03001859792365913,0.024513104700081945,0.021103901298751393,0.016863264128413324,0.008720977772488592,0.02329232791394792,0.01313133876858985,-0.010889221702635454,0.006210531209234482,-0.011297195869772292,-0.014982734364358319,-0.03690479912816752,0.001644805616437095,0.05518091399973557,-0.0022878823540123383,0.02268886136728726,0.0008058056622843313,0.001990796928624361,0.08716676067492013,0.0,0.0022420422439313192,0.053011192796549644,-0.0034886232344596424,0.042846230925495776,-0.004329346293565406,0.03227646329452444,0.1077183765271354,0.04832047770508896,0.0024799620935420097,-0.0009820341899234308,-0.0063346208625780775,0.001543191993114701,-0.0001377396095607053,0.0014600766284031397,0.0001436955403045781,0.049049792798729286,-0.0007242932032382465,0.07594416761767891,0.042618045024433115,0.04800756152211616,0.04621839197923627,0.02013597757890695,0.05488968225335422,-0.0035338592710094097,0.03547963880156463,-0.0006774478383991811,0.001093089485170562
0.00022842518782445476,0.0007492202619562849,0.03894798735308347,0.007406259016820682,0.03788661831530149,0.03587247629082152,0.05193709028398735,-0.006579076143014118,0.031384814887494394,0.09747632182937,0.007826281663366685,0.005388408684533386,0.04277367410959254,0.0,-0.001630540194839214,-0.00014156852452762436,-0.00017948905588338615,0.00012937682567126796,0.06721933072734665,-0.023184522944205255,0.02215438690949917,-0.0006262591149575614,0.01965851709899652,0.005846349061960243,-0.0007125492070245709,0.009531902626667421,0.022897725005676717,0.021982833761056253,-0.002370620849684091,0.0005389866195368298,0.045198283933323924,0.010793732592852823,-0.00816855288167967,0.072995323995733,0.006061023927611431,-0.010594471848202197,0.005473413176801167,0.001292701179770206,0.0052162456009512415,0.0,0.0003850318871990721,0.0010293581723397338,-0.007659536418285651,-3.845019790171822e-06,0.0,0.0,0.0,-0.015734601720968522,0.0,-0.005047537003746327,-0.001742916934962424,-0.0037222266427522355,0.003695660901884168,-0.01646135779020419,0.0,-0.015258576245663624,-0.0002741159419909489,0.0013133964260221842,-0.004569688564781127,1.1102230246251565e-16,0.0,0.0,0.0,-0.011800554540051855,0.0,-1.1102230246251565e-16,0.0,-0.005703947235539353,0.0,0.0,5.551115123125783e-17,-0.008210958208434538,0.0009411025150058983,1.1102230246251565e-16,0.0,5.551115123125783e-17
0.02653623452688708,0.028984110908759242,-0.0028514042589954935,-0.0031417071844375144,-0.00021537964299522816,0.06185692649918173,-0.0029551216252579615,0.00564279567219228,0.004552678282249478,-0.0036268752650252534,0.0,0.024342344237197833,0.04709686912215194,-0.001630540194839214,0.0,0.02852799594401617,-0.0060869105031074455,0.034040616600289786,-1.1102230246251565e-16,0.11284946265783308,0.03885235077506066,0.05715194450828043,0.028449359319404843,0.04993255678861441,0.03461655560339394,0.06870457885585496,0.046885917749795114,0.039688103694122845,0.05703942200749662,0.05103564003769584,0.03646867691087563,0.01657073144972726,0.029173734332127277,0.020040920974795318,0.025582736841032627,-0.006309472943079264,-0.0023398294089825855,2.981609871632873e-05,0.05062694999687489,0.06521249935684792,0.041712676342721355,0.052176534001015074,0.009701313703444014,-0.00020475369501243845,0.0,-0.008274918832711642,0.02486520201807818,-0.00016206214440750433,0.0,0.0,0.049372053190441134,0.003103743461022601,0.054954748594316705,0.0007753628724463946,-5.551115123125783e-17,0.0,0.0015865023971078918,0.04006816024759985,-2.189672927477293e-05,0.04319212626699387,-0.008478766661225101,0.0008731532985709611,-0.0006460547071668876,0.0,0.06892544190747701,0.041618832651588555,0.050251777102602535,0.051971087907155045,-0.00021811997608117695,-0.0037606022843222897,0.026667088880917622,0.06318041851350675,0.04610347209458665,0.05016173031168231,0.021071680663656778,0.0375614666720252
0.032998164326721424,0.0058269610649214765,0.0006025612900845689,-0.000960366330425344,0.036309505242096474,0.05574365011426752,0.038727934263434294,0.015205630428311523,-0.00805293749456848,-0.05927474563777457,0.00016728502186869054,-0.0011270997234458235,0.0314268731499735,-0.00014156852452762436,0.02852799594401617,0.0,0.05007639600712588,0.05807236208506261,-0.00011759566446667424,0.04236536095804999,0.02278903352543793,0.03814698680610079,0.031557884221812216,0.05571767569273561,0.015115244488407176,0.03089378831918904,0.04011912368091919,0.03455464418698462,0.03870821391695567,0.04995299925946811,0.0464942379186708,-0.003299951078064911,0.001703967490963798,0.03250501784586429,-0.000859821781601211,0.0038288382014857736,0.0003269857129802878,-0.0680806558112545,0.006494639906586219,-0.03777566637719976,0.009663205323014568,-0.02477294181813533,2.855166428861189e-05,0.0,0.0,0.0230161748396846,0.010359548708461064,0.0,0.0,0.0,-0.0017305177642387704,0.0005436053864525947,-0.0007748686145448991,0.0,-0.00034179630132130656,0.0,0.0005510012736384406,-0.0002784912610536705,0.0,0.04059721531902327,0.0006061783501353224,0.0014958512098103838,0.005648241415159683,0.0,-0.0047926755800900556,-0.009643098421591112,0.019400755227124034,-0.007528593188734445,-0.004690953019176158,0.0005269780130542912,0.018691156159158784,-0.0022447888041888797,2.0123113027015194e-06,-0.014600239695442052,-1.1102230246251565e-16,-0.006368951785176213
-0.009953693964264154,-0.025469047109315135,0.0017114383018657642,0.0014666751915523024,-0.0030466784397790714,-0.004180275692332536,-0.005541544821471678,-0.0009757504250889615,-0.0030075518688043035,0.03304565695825862,-0.003210975126990645,0.022683274234023165,0.010356716158002932,-0.00017948905588338615,-0.0060869105031074455,0.05007639600712588,0.0,0.032680117301994716,0.0031597405705007797,0.037809450320118454,0.003180555865946011,0.02427018845976442,6.176611337105342e-05,0.06389953148779676,0.02133972859915101,0.02491715044066356,-0.0020934034666881263,0.02422250199043613,-0.0057142492914882825,-0.004464262410051545,0.049234196157366406,0.018496945505150464,0.03266923941124905,0.0214563964863157,0.0003167682587779108,-0.005204379498537748,-0.0004070922706002622,0.005261149913601382,0.012900945154112775,0.014742238590886692,0.026311873717621725,-0.00036540707413357243,-5.551115123125783e-17,0.0,0.001460170348681955,-0.004833201848581936,-0.0204880476239378,0.0,0.0,0.0,0.0,0.0,0.0,0.0,-0.005537366741052263,0.0,0.013106152145054284,-0.001881213527734904,0.0,-0.00023955467809610997,-0.020820634631652624,-0.015297756177249766,0.013566551815229255,0.0,1.1102230246251565e-16,0.0,0.00109883438165298,0.0,0.06792287385320489,0.006574314915900603,0.02767389663883335,0.0,-0.0001232897000189026,0.00017206855827972545,0.0,0.0697261441491352
0.03125388281604641,0.02964838392696567,-0.003720820487199794,-6.53880705194787e-05,-0.005379196444201595,0.05062788360300735,0.04523338146077588,-0.019139455725401266,-0.003706691086736158,0.01956268241425313,0.0007056030034767735,-0.030389444919722175,0.03759609219900967,0.00012937682567126796,0.034040616600289786,0.05807236208506261,0.032680117301994716,0.0,-0.00256811115717398,0.025975026311026217,0.012698956496578484,0.036307903620839854,0.025768826379364396,0.055563607725581665,0.04930934849693952,0.037436924140651195,0.029402609860800177,0.028081896593020406,0.030739971035579072,0.07133187988417872,0.0490666183036651,0.012674562612822682,0.03004121339280319,0.03269355025017889,0.0017310343665619676,0.003168316156265949,-2.2896559433771557e-05,-0.003843869146024026,-0.008740923060871375,-0.028594644013965054,-0.016191015885710924,-0.011683850218383418,0.0,0.0,6.5591511669294e-06,0.03016084148188619,-0.007979056263945183,0.0,0.0,0.0,-0.0013983432340156643,0.000585293310022883,0.0006380364780742553,0.0,-0.029916782090810057,0.0,0.012864813035265987,0.0006092508594652268,0.0,0.0010845085548029654,-0.0077251755890374585,-0.040538885976095784,0.0023120421306362937,0.0,-0.003816124550228006,-0.002615967683740006,-0.042025205182570136,-7.554671243725775e-05,0.031047106997617313,-0.006551251871862174,0.010431654520209777,-0.002139470951302902,-0.000270212754236665,-0.006200924126898155,0.0,-0.00279903303914808
0.0,0.0011162121466675723,0.08252592212297549,-0.0006737132220636655,0.08222087852198562,0.07988380935160605,0.07367217493124806,0.11831717800656344,0.07189249520897534,0.05094106084549416,0.09432303932215158,-0.0040057214540926145,0.06437383042623807,0.06721933072734665,-1.1102230246251565e-16,-0.00011759566446667424,0.0031597405705007797,-0.00256811115717398,0.0,0.0002844196398986143,-0.00027550902153572476,0.0016407523675011637,0.12003247921397026,-0.0002812271738286687,-0.0021179009481809286,-0.0007010045250454566,0.09230037522429768,0.0670959813595664,-0.002664807392978863,0.09641977395526913,0.07186166403428185,0.05711773106334861,-0.0013987103675253132,0.07419460290900459,0.07863153734056233,0.047134161082778514,0.051229421090395744,0.07115023154024824,0.03700761295484967,-0.00015975259416700638,0.005788374978953348,-0.00047196252402759153,0.05470696895534327,-0.0011064127865195728,-0.00016511594530366214,0.0,0.0,0.15957381068032406,-5.551115123125783e-17,-0.00491380098939842,0.04367483409275241,-0.0052868634754364985,0.10182777956347433,0.05758128867965884,0.00011519918293656506,0.11252883384545653,0.0016910076562976495,-0.00457284061606944,0.06801240648604578,2.220446049250313e-16,0.0,0.0,0.0,0.10081662523102519,0.00014811768929978708,0.0,0.00013071560096539203,0.07103116924049824,0.0,0.0,-5.551115123125783e-17,0.05155431824461698,-0.001135418620970663,-0.0027797648850354517,0.000510644362512136,-0.00020179357694172229
0.03357826203156794,0.049649514520635096,-0.001541091817619189,0.0002132882047186091,0.05432619817931239,0.07238316334490774,0.041781116288370945,0.05081946801130521,0.07589871338505155,-0.006007164875669158,-5.743071759223284e-05,0.023452562443421643,0.031461939057876476,-0.023184522944205255,0.11284946265783308,0.04236536095804999,0.037809450320118454,0.025975026311026217,0.0002844196398986143,0.0,0.06087078943237395,0.07299208346745556,0.12888943698674737,0.04123785004544461,0.04108020860728201,0.03204387636071293,0.05305235760342253,0.03984258220631187,0.04049131259054284,0.026735592407078013,0.03330560214273509,0.03388533859019327,0.02108418537285245,0.0416027181922311,0.04748655248345579,0.034785316206264905,0.08271984984563913,0.006424035131430195,0.05129024987348868,0.08145003566252879,0.04412973971233408,0.06112421262693285,0.0035899378084636724,0.0001774046391325168,-0.00041258201501404024,0.0014963412888012728,0.010382006844050384,0.0009012607899339109,0.0,0.0,0.04772212287459132,0.00023191308641973274,0.06067286103536307,-0.0011982486571814888,0.0009451831471922745,1.1102230246251565e-16,0.02277025134463112,0.051442761858479014,-1.1102230246251565e-16,0.061552482365885675,0.002266866721987615,-4.541953591630232e-05,0.0009570375636823725,0.0,0.06998634988175328,0.059600267930117024,0.05553161950331048,0.05765137150569288,0.0,-0.002805142541424499,0.034173774182970074,0.06046147645350636,0.04953795716536169,0.05331120190238836,0.03845824268484782,0.05562387558553317
-0.028615160542702578,0.027525011109763575,-2.3603230105528894e-05,-0.0008394210503667732,7.427488070499422e-05,0.05817873796683448,0.05231122445690928,0.0019395124958814791,-0.0011949741677808046,-0.006363988872391091,-6.480740781433791e-05,-0.005407740370350467,0.028160170731479084,0.02215438690949917,0.03885235077506066,0.02278903352543793,0.003180555865946011,0.012698956496578484,-0.00027550902153572476,0.06087078943237395,0.0,0.037390243772559784,0.035126733057301074,-0.009102813065677506,0.0011405589866846921,0.03338284593593627,0.04813962600758981,0.01873944705854691,0.05001959488310276,0.050781521339126445,0.03198543022709277,0.01020021492358325,0.01543206192969182,0.02180311345584951,0.017749743285275843,0.005232441510993446,9.500969020198591e-05,-0.0038596633176367634,0.056501312391410596,0.05632770929109815,0.0465458915012677,0.04488153052107824,0.0035281433262368544,0.0,0.0,-0.023546277446635455,0.02106916154961097,0.0014895264581274992,0.0,0.0,0.06356209932405565,0.0009465167167368449,0.07193017620870795,0.003112385406724316,-0.0008298795062526843,0.0,7.448104526186494e-05,0.05001434508677144,5.551115123125783e-17,0.02419051730174715,-0.006555137927303389,0.0,-0.00136327247659207,0.0,0.09159104944852797,0.053796399694982566,0.05918437806559401,0.059574868898006395,0.000983340620539619,0.008421478500023727,0.02156499731055206,0.06808927316330077,0.08455969489348325,0.06999182677032117,-0.0028501051800508548,0.06929704043282675
0.02207079173913895,0.022847602748247875,0.06670844517919089,-0.004492241517111806,0.03168732847355138,0.0649276240473064,0.041330247290308764,0.036210790346253685,0.05928860605818026,-0.03954837126165944,0.0007413288455287992,-0.0001797453350705358,0.039303503208306945,-0.0006262591149575614,0.05715194450828043,0.03814698680610079,0.02427018845976442,0.036307903620839854,0.0016407523675011637,0.07299208346745556,0.037390243772559784,0.0,0.03621279524984217,0.05838613402171866,0.021887352314363784,0.0315511110036687,0.050167135790444795,0.0538746479820289,0.04765426610726442,0.06336723401023853,0.03890939304225849,0.015256092932592558,0.018562904021160564,0.029744811626208123,0.03579131995656848,0.010678516112058167,-0.001427891378185553,-0.13549316848582904,0.03818436910647299,0.024060597434213793,0.02903259504464356,0.036217036995314145,0.013264665456162672,0.00032164750460023095,-0.00039485377973424995,0.018075986231693986,0.016167204978639715,-0.0001288731252286346,1.2040742972729834e-05,-0.00012493867155155547,0.058345578160505396,0.004584906556278079,-0.0030441597719315094,-0.00034828338039250006,0.001897944240591698,0.0,0.001563945804897715,0.0009976454801377543,0.0,0.03358320445881924,0.009421667822832436,-0.0011110262108934288,-0.004119094069929552,0.0,0.046153165580754885,0.04816131841795135,0.03266118676863572,0.06221687827098965,0.0025224555805200555,0.006569576284151779,0.024035589848636074,0.05169405181351483,0.03500753043504912,0.04111309284311321,0.0003356048381065735,0.031079263233706633
0.02099627792962122,0.04043947695084538,0.08567527941857767,0.004503822328286444,0.04410428778128894,0.02805349446090527,0.07209113278985224,0.013105492152773845,0.05637804633777399,0.046791344311770955,0.0002085711203331786,-0.02203620034077325,0.05892353176457771,0.01965851709899652,0.028449359319404843,0.031557884221812216,6.176611337105342e-05,0.025768826379364396,0.12003247921397026,0.12888943698674737,0.035126733057301074,0.03621279524984217,0.0,0.016507141690513927,0.034064457816978144,0.02947036427659039,0.01867162720169596,0.042992212256452556,0.056675401186552676,0.04512291059688345,0.042762904172649885,0.02397412552466399,0.012910262318984844,0.04230946226259097,0.03742055569865921,0.00963063296007638,0.03887496063660334,0.06823136952509884,0.0340447131938415,0.07535884852932906,0.036086844636397,0.0379150045878035,0.04601619210886243,-0.005679815257358778,0.001765221466324518,0.03285113018155977,0.022246528212075678,0.09348566828161697,-0.001918504350701733,-0.014081377165902076,0.03889773703836741,0.031014641767138307,0.023293993942703595,0.048500114769688185,0.002592133291246579,0.042469163769899065,-0.0038249795911066697,0.03805068640701981,0.06702645954217201,0.047986499133826965,-0.003428035311135058,0.00011048804422614245,-0.0027922332189289634,0.07036672755184026,0.05855938139310368,0.03201787322084121,0.05921080830651976,0.031123310253180714,0.0003340859325760004,-0.0006170649894012281,0.038828374549242484,0.03785636445096774,0.04046768240640641,0.04270921296506536,0.046090706818806004,0.03324130403531511
0.027337058011228987,-0.010786421320533479,-0.002452901349460135,-0.02263852108832043,-0.005904985982361943,-0.0007322191573450598,0.002612553800160733,-0.008628428487838735,-0.009305913474232375,0.016270721015678724,-0.009490248280250413,0.0008949542738587724,-0.01807152748622981,0.005846349061960243,0.04993255678861441,0.05571767569273561,0.06389953148779676,0.055563607725581665,-0.0002812271738286687,0.04123785004544461,-0.009102813065677506,0.05838613402171866,0.016507141690513927,0.0,0.04896763793498965,0.021764954732168162,0.008791356174387366,-0.0035422828715452326,-0.011887061191101611,0.0009485343009313363,0.013556100535660975,-0.05237635213859154,-0.003544828882087292,-0.018547549282681264,-0.02646954022118575,-0.02161104633057126,-0.022906845646909146,-0.0229342677895516,-0.13316362134929677,0.0225227245886635,-0.025768113785736346,0.006102846712511545,0.0014161103409390807,0.00048775262072692227,-0.012820818254802135,0.04912645745278138,-0.0101140335394026,0.0,-5.551115123125783e-17,-0.0004364075330378636,-0.0004409394656600951,-0.0005974948701388261,-1.6653345369377348e-16,0.00034894253956613275,0.028098107269751815,0.0006682250887112273,0.019419455090320392,-0.0052549813621936,0.0,-0.002967982364429411,0.006474588196462183,0.031345442781981536,0.021112625970923782,5.318174832169564e-05,-0.0015684015895338077,-0.0023360073824110206,-0.0067904131276286805,0.00048390939044407055,0.05544885164859348,0.011953256729813067,0.0368494819624724,0.0024886373427559505,0.0028372284637758205,0.0009104333708599976,0.0,0.01564005655570827
0.014720476167913277,0.00335224288880015,-0.00976378118251825,0.0007986754636172821,0.04118567875150719,0.06867787232375544,0.04334456390932889,-0.0038999930403310623,0.032824866081328175,0.04955032021798311,-0.003858721493469719,0.018145087183198183,0.04681965326134774,-0.0007125492070245709,0.03461655560339394,0.015115244488407176,0.02133972859915101,0.04930934849693952,-0.0021179009481809286,0.04108020860728201,0.0011405589866846921,0.021887352314363784,0.034064457816978144,0.04896763793498965,0.0,0.027086038485091002,0.050925567922664894,0.013609288423432009,0.04953533578150887,-0.0026964876742031074,0.02946176203853318,-0.0036452602922280586,0.012678910028217916,0.017443352118751587,-0.011086161084532808,-0.002107986764488756,0.00037483614514155494,-0.024312779668630713,-0.004351818278115316,-0.021484889775487903,-0.0021930448180068063,0.002048788130527779,-0.0011213364603015474,-5.551115123125783e-17,0.00044607888863257283,0.016941283131349127,0.0028473502787829674,5.551115123125783e-17,0.0,2.220446049250313e-16,0.0008967092761208995,0.001148035684308435,0.0007290124380764929,0.0005266447205300451,-0.0314033182533594,-0.00048264124729702207,0.008538482575486561,-0.004371980338246428,0.0,0.01777982359633995,-0.0043669451576018314,-0.02249192131112504,0.009501413465160313,0.0,0.013855087203560656,0.028151157059540743,-0.006518384190345783,-0.003943417702508001,0.055549442592165765,-0.0008058866861265779,0.014608877879520532,-0.0034902593141340477,0.00038689640518030366,0.03656650306725118,0.0,0.004295260211215068
0.039731010869507866,0.0245615484968989,0.07720575438671456,0.00037722140653473346,0.07688722936960657,0.07621668657974645,0.06538659091546545,-0.003161416802781758,0.07915908070849298,0.05949020996467225,-0.004299145324261677,0.027760443044555605,0.05476175666562488,0.009531902626667421,0.06870457885585496,0.03089378831918904,0.02491715044066356,0.037436924140651195,-0.0007010045250454566,0.03204387636071293,0.03338284593593627,0.0315511110036687,0.02947036427659039,0.021764954732168162,0.027086038485091002,0.0,0.03260959376140882,0.020348773392066533,0.04885106322352667,0.08412105121101915,0.035697352419059414,0.005510400334088117,0.015211262608968545,0.02320673745070906,0.01287973031972306,-0.004453818237707019,0.001643740746920197,-0.01888451778811301,0.025553906285752437,-0.012404828074365326,0.008832658429561324,0.009999151894397207,-0.007436666472291631,-6.709636395257901e-05,-0.009707402227471518,0.020133152908937024,0.011200841337033085,0.0017738754143675206,0.0,-4.639269222744824e-05,0.06137385701038389,0.0029337268459371235,0.003173605548554004,-0.0030718123307993395,-0.0032499601656668653,0.0,0.020120467794018992,-0.0006765707053681402,0.0,0.025271500462360375,-0.0017087592072625446,-0.0026747239699490555,0.014734060584220166,0.0,0.03167289604688889,0.025683362012108635,0.041589015460729795,0.04647784417841044,0.060672548821852135,0.0029829108675388794,0.016129181601523046,0.053686906868728734,-0.008180600693947881,0.025303276301792188,-0.0005802618131804937,0.009416477246744381
