0.0,0.04027304916995955,-0.0024457664624507047,0.0,0.0007333945890312665,0.06200526810753304,-0.004749282422942924,0.009519915743053997,0.0016486507953799578,0.019829144939752408,0.003778158463678294,0.06158356471049037,-0.001414371203504683,0.0007923331781811704,0.02411054296541526,0.04664153232711571,-0.012223136638534804,0.03146075840016094,0.0,0.04288868906686727,0.00021394629560911316,0.017793011087415045,0.03697596875493192,0.030928289451525093,0.04804383160818626,0.03330411658086968,0.04633424561387034,-0.006793683467933076,0.053738424839030685,0.00644669557881683,0.045275156740803735,0.01135796813092843,0.0282255025644485,-0.004007492761597453,-0.0025843220791468835,0.0011447720395997285,-0.00011537928925303698,0.00773801204881619,-0.0007904868586606217,0.01199244940823807,-0.012075895211881016,0.0018620169683898347,-7.676479221668808e-05,0.0,-0.003975063836078319,0.01085862391596748,0.017949317597467984,0.0,0.0,0.0,-0.005569080468231125,1.1102230246251565e-16,-0.006425268538355955,0.0,0.05316084670291943,0.0,0.052578645684033865,-0.0019181402547370774,0.0,0.000702574396498068,0.006367716074509311,-0.004747379252762807,0.01348673591613131,0.0,-0.005967098073160759,-0.06274326487636933,0.023139898889535493,-0.0064249406721106905,0.02362178767320322,0.031849115285235985,0.034899828388264,0.045290263291059674,-6.403179617464616e-05,-0.009268372883932174,0.0,0.04568466802526705
0.04027304916995955,0.0,-0.0035021266751862346,-4.405649802741163e-05,-0.005964321762377434,0.04345983456410751,0.028840795938845087,0.053802664847281745,0.03068768538419331,-0.010160949137387021,-0.0007619728740657083,-0.002200359642721972,0.02228474035893968,0.0009740898614084559,0.044410962358128914,0.07142052838274549,-0.00987875931455745,0.058078544766670404,0.0010836882982720453,0.053725394188812114,0.03418305507561409,0.05113753858067488,0.052764364755656545,-0.012818457097860225,0.07526620699245223,0.055744614749629384,0.05234376632839982,-0.00440846728752281,0.03624061722069,0.015656369152898975,0.02831232188042937,0.008901295711026158,0.03780071259632101,0.021227394069957883,0.0031240020394416312,-0.006188782018971273,-0.00017801260238281547,0.0,0.01770191937928184,0.030615908460062402,0.010566914106458547,-0.0019514262621327383,0.002257623556618238,0.0,2.220446049250313e-16,0.028376294705380556,0.03135828442413907,-0.0001371504771659482,0.0,0.0,0.018528481387278528,0.0024842707329624236,0.002232409111754985,-0.0006097127963901605,-0.002168094377077656,0.0,-0.00224346691097127,0.003323644645462087,0.0,0.01898527251545712,0.015608571359613521,-0.0007737055944219695,0.02465911271899207,0.0,0.016584974091793825,0.022945989960776736,0.01701348541516079,0.0284893248178007,-0.0019448214579445011,0.03567594285632347,0.03371188813989345,0.024417373221647387,-0.014471687446484638,0.015498191858713428,-1.1102230246251565e-16,0.014651957060909215
-0.0024457664624507047,-0.0035021266751862346,0.0,0.054678774746441394,0.06483641096110249,0.08405245687569246,0.07532491421698845,0.08687772730167032,0.0642182086918282,-0.011195050135745621,0.10667128222129996,-0.004268141821094085,0.07531930641912765,0.0690658526523229,-0.003258172350331212,0.0007813390265198339,0.0021225348242811526,-0.004129211969553237,0.11719690822174333,-0.001669415825148124,0.0006885091215153571,-0.0038854269211160974,0.1321994976177055,0.05874796707979196,-0.011213149777354103,-0.010528015846882566,0.06270187549248235,0.06210812163856033,-0.018932706517965026,-0.0021250378544581117,0.061104032392020335,0.049353547523751484,0.016482610643895834,0.056290927834092286,0.05527093543456363,0.07276361976230677,0.04797391245166854,-0.001851930676070701,0.052948404325730336,1.5721764180520736e-06,0.002876973058199561,0.005738670595767159,0.04911239572695669,0.0005663275337096096,0.0,0.0,-0.0004464821430218979,0.09460745544210547,-1.7241577520810125e-05,0.05135744408478771,0.07606477006312518,0.08553940646311253,0.07213740107065758,0.02477730110493548,0.001606740597386247,0.1362899099773192,-0.0012237438146289192,0.10686074236182086,0.07545505207376657,-0.00012139264526189741,0.0,0.0,0.0,-0.005588685396381965,0.0003297250246335759,0.0009403625310180352,-0.0004676998922286124,0.08472372387042382,0.0,0.00020788635227891872,-0.001807157574720053,0.08839832322250119,-0.001436329455957619,-0.0017377851623231466,0.0023940830233620813,-0.014211079737420418
0.0,-4.405649802741163e-05,0.054678774746441394,0.0,-0.0493610078346472,0.03758852671894175,-0.01009320690590998,0.06049796811418101,0.03927075279999359,0.17785441646396832,0.0181458287937456,0.002172509042341675,0.009270755120483198,-0.006049662978772519,-0.003729250226712,-0.0011472062873701394,0.0017438179831508749,-7.851278225262659e-05,0.07106146500935079,0.01691554021641256,-0.0010701566880226832,0.00618216455173376,0.04863629136208092,0.0013616622991223237,0.0008446633940270565,8.353757311679866e-05,0.03463284163090319,-0.007258339198925157,0.02175973033423506,0.002966598646900076,-0.08297989313678233,-0.011557726996935913,0.0377560839544267,0.015565143138662918,-0.021761058106993303,-0.0048567724186139305,0.0028047194205008674,0.08285145282821782,-0.011310240241289515,0.0013871123320939316,0.0004713937969075266,-0.000972689673955196,0.0015262081281887108,-0.000867076120788679,0.0,0.0,0.0,0.0001428096296540171,0.0,0.0,-0.000310472160013453,2.220446049250313e-16,0.00017968695692321957,-0.0012191382544872176,5.551115123125783e-17,-0.0007098685374850033,0.0004949071926410031,-5.009667192867884e-05,0.0,0.0,0.0,0.0,0.0,0.0,0.0,0.0,0.000158429852151587,0.0017320392882713143,0.0,0.0,0.0,0.0018765417721861577,0.0009014648406204806,-0.00010949865706533224,0.0,0.0
0.0007333945890312665,-0.005964321762377434,0.06483641096110249,-0.0493610078346472,0.0,0.05652378055172491,0.04642204213691842,0.02181010758301677,0.04498794771579201,0.06748104999155136,0.0320539641521046,0.038752861532816985,0.03631884200516977,-0.050147038827386914,-0.00015781875273723767,-0.009484056891445158,-0.003560155689799005,0.0909020885502731,0.06292616570891107,-0.014982711287264971,0.00048105662216263445,0.029337268709237696,0.05147478725542548,0.0808578999685467,0.10747971804021933,-0.008255877592651728,0.07546458089139507,-0.015860324936617876,-0.01715666805989402,-0.007320583989355922,0.06277173980213935,-0.01571866975342151,-0.05098300591726079,0.0558649660076746,0.04429340866823944,-0.05064256168282866,-0.0826092838839512,0.03172511076741269,-0.0014501276954047015,0.0008660218286777877,0.009463767235954768,0.0020065647723223057,0.027055803256459066,0.00023802770632130876,0.00030489820881818286,1.1102230246251565e-16,7.955084895838738e-05,0.03471480370281044,0.0,-0.019420279832536247,0.07276687980855678,0.001171051096070963,0.01877589082892217,0.03279672390870303,5.551115123125783e-17,0.04261621783848679,0.0023721621553837724,0.004027861742495864,0.08642732099315564,-0.00043600138419319645,-2.4273661040130623e-05,0.0,-5.551115123125783e-17,0.029024515799538964,0.0011099577409187655,8.374824120699342e-05,-0.0017971111835043407,0.034778820245980446,0.0,5.0405874178816035e-05,0.0009986886063357847,0.03932273738972469,0.003269432305496034,-0.003287356714774814,1.1102230246251565e-16,0.003114860534056907
0.06200526810753304,0.04345983456410751,0.08405245687569246,0.03758852671894175,0.05652378055172491,0.0,0.043011239395483736,0.06931866813748588,0.05128096821790151,0.06299268901200622,0.08734845919213963,0.04823797045053224,0.04246828816546999,0.07090449789417863,0.04102092231052662,0.05648080953328688,0.05101631756955016,0.02020429066825652,0.08890826793455392,0.08746448319514177,0.05798936263952703,0.06263001240186694,0.09772609251262043,0.028298364582076463,0.03656099254563727,0.03788930000475638,0.09070941678072414,0.06929968324382335,0.04929267715084723,0.0507419684597315,0.0364719004110719,0.03386135455159861,0.0336109846544671,0.04499721976297477,0.05111996495431703,0.06366886155345225,0.03476530814925061,0.0555888999755223,0.03722013711676159,0.037945063862045325,0.06366957977750087,0.07763933346635948,0.04215694539853976,0.0029798511764020374,-0.0020719054155054484,0.0019182999699199899,0.04744974077064357,0.08374888155596272,-0.0004272639220526675,0.0154275606904698,0.05892443860465746,0.07496235645077531,0.06674518833298942,0.08277581226056796,0.005779163244476582,0.055234897543938066,-0.003316859739069089,0.0676378617266098,-0.0077356708331859925,0.03879090020797865,-0.0008300837915654613,0.0,-0.001500935109817747,0.0629901924575027,0.03653114844024402,0.06185108746742163,0.03348819644107537,0.06780487867243157,0.00021541496814342365,-0.0050791953047236715,0.05285200193120748,0.06553555388781218,0.05072955778278154,0.019431117876490545,0.04724703408577957,0.06085663793502338
-0.004749282422942924,0.028840795938845087,0.07532491421698845,-0.01009320690590998,0.04642204213691842,0.043011239395483736,0.0,0.057839026595148835,0.06029266850717563,0.0707887576201755,0.058217294929507335,0.05242769577872375,0.05000705448638815,0.031572221166174474,0.06361251260585765,0.02435726395116361,0.06166554416388936,0.004078895272337124,0.055772135040210224,0.05040659528270969,-0.004617027821682884,0.04181679169693553,0.07147719977068445,0.0676544273433638,0.0224844489873976,0.02931332017161742,0.07459540972814271,0.03592072378350758,0.04380080484209281,0.02399443796270323,0.04187061449807161,0.01831231110361997,0.02424234781872725,0.036168184809831805,0.041461092639914876,-0.004613647069287907,-0.0037685556128827513,0.04783713336680351,0.08124187090677404,-0.0010248319525203997,0.06659014232540689,0.008634548060154235,0.06592509398591873,0.008659175715201084,0.10674388857680717,0.0,0.0016860747791253572,-0.007291562604498925,0.0,0.003924538500024055,0.04273341110217155,0.00043960309243817886,0.07384900299956831,0.07101133386349512,0.00011083919685367372,0.0032644397747050302,0.0015892110939838,-0.0032406442358678955,0.0014174863669856874,8.543784185460757e-05,0.0004433618900627767,0.0,0.00013197439206447115,0.11016961169229755,0.0011227979769689589,0.0023631061617633287,0.0005664984705389675,0.07162924397787229,0.00024221010708547208,0.0012117087922033365,-0.0019469521045830107,0.07621331717063873,-0.0015341455747415744,-0.004922200227421125,-0.0004179076798203063,-0.00043344609796036604
0.009519915743053997,0.053802664847281745,0.08687772730167032,0.06049796811418101,0.02181010758301677,0.06931866813748588,0.057839026595148835,0.0,0.07569783265085928,-0.011514837242845688,0.06651995021193302,-0.0103496874804479,0.047980779737557655,0.0719118783259205,0.04681443524427259,-0.00798052577640862,-0.0011147459717473773,-0.012876563552388531,0.10232535558626649,-0.006673239160910671,0.033648106307214376,-0.008933242948840847,0.04361529125295366,0.008964209145219781,0.023535305829311293,0.018836613843465466,0.07874613509143474,0.044717180388793076,0.05319900299588953,0.03935048463541568,0.03668744015345421,0.0028542250853328954,-0.025070280456223337,0.03449501592419807,0.036537264507563394,0.05168065279759332,-0.006402423782776723,-0.006683512263490399,0.010019828848265522,-0.002194060968119693,0.04386388061313429,-0.006259134908069397,0.05391145841973988,-0.0014126712322314328,0.0,-0.0015723317194009656,-0.007881983265177861,0.03763071089075165,0.0,-0.00578416256725639,0.08138556246248341,0.05080810123571966,0.04211146041328662,0.04402252717845667,0.0006822368202826223,0.03848441246037376,-6.421848353932447e-05,0.06353315265584247,0.039083951576572185,-0.01683603428158259,-0.0010501863196002992,0.0,-0.0004487621901071992,0.02401856095765098,-0.016061605072609564,0.1266323512009384,-0.007830952389185464,0.06330357116172891,-5.551115123125783e-17,0.0003961330898604176,-0.012794945625766108,0.08770599129459089,0.0603574535621611,0.037950163755056554,0.003609431070832947,0.056667853114309996
0.0016486507953799578,0.03068768538419331,0.0642182086918282,0.03927075279999359,0.04498794771579201,0.05128096821790151,0.06029266850717563,0.07569783265085928,0.0,0.06846178138503511,0.09426781996893002,0.04211035172572025,0.07906703937450987,0.04312691067025237,0.005509879788054284,0.0008307640131380856,0.08388766010334109,-0.004555631516043546,0.09276592413101731,0.08172088223926033,0.07450507492285963,0.050489372752049455,0.11837633561044236,0.04616357931606574,0.010626091427778317,0.04487042076386166,0.06993406888401243,0.06061420173829429,0.05183135076391121,0.06630895606449483,0.06050999211949204,0.03948159246670896,0.009666952931321804,0.05383178001011196,0.06710129045985408,0.058381543455733986,0.03693924430797202,0.04853856630175063,0.07419713166579367,0.0011194848277680247,0.13527902690325544,0.004025923354508354,0.04805512067136053,-0.0027181369996142624,0.07583771033099246,-5.551115123125783e-17,0.0015072550762827985,0.09485057084726778,8.282934684911147e-06,0.06190331410989747,0.06917008279603698,0.08694911999964938,0.05344518303383927,0.08102998908573567,0.0005341451724803492,0.07763059532163408,-0.0007225449241492488,0.09076622642306775,0.069559928680895,-0.0017881595943897155,-0.0006233931161441775,0.0,0.0,0.06898730743073511,5.313288479180667e-05,0.002980003181908164,0.0004420419181983548,0.07361688942060529,-6.329478436689628e-05,-0.00020287761239090596,-0.0042791830174820356,0.07987891748712628,0.08423882146240425,-0.0051789322487525435,0.0005627751265468994,0.081090320751661
0.019829144939752408,-0.010160949137387021,-0.011195050135745621,0.17785441646396832,0.06748104999155136,0.06299268901200622,0.0707887576201755,-0.011514837242845688,0.06846178138503511,0.0,0.05369757191629171,0.03019599712961224,0.06400118112173508,0.02545494697288392,-0.00408880974191822,0.0492470392364322,0.05977510909139977,0.0793336385624484,0.0638664263111492,-0.006355159071863403,-0.012105002479448512,0.02118093329645393,-0.0188105227156527,0.035673620760016456,0.04829173181887836,0.044438487618339295,0.06129582339459577,0.06962915029671163,-0.011787684079380578,-0.0018045881872189584,0.06427088312511203,0.10089295032799417,0.019838759477321388,0.02865697220046587,0.03664339687959217,0.1370819097183424,0.09480024926514297,0.010521427871343525,0.02923037675489404,-0.006573107974120307,0.005054075209746323,0.005540831566734572,0.00019993122937961294,0.0022696192133228044,0.0065078797334856,-0.023635506345596746,-0.002209593290655676,0.0002493932359409756,4.703165058500547e-05,0.00019639073483324054,0.00012418012081188978,-0.0021281059021732163,2.566056213210155e-05,-0.0026237293197126643,0.034694952217342145,0.002533919156105735,0.04650585882416208,-0.006163535718297142,0.0,0.001183574011392463,-0.0036230983909121273,0.020136141919666062,0.05122360368166845,-1.5459550006757805e-05,0.00025117862240636724,-0.00022967310180538325,-0.0029559836791002714,-0.001095572858557825,0.04430723764211786,0.024476501456608346,0.04423205153366405,0.0028894151955503045,-0.0031330133784781,-0.0017311986387478773,-5.551115123125783e-17,0.007959783898935868
0.003778158463678294,-0.0007619728740657083,0.10667128222129996,0.0181458287937456,0.0320539641521046,0.08734845919213963,0.058217294929507335,0.06651995021193302,0.09426781996893002,0.05369757191629171,0.0,0.06575203994427509,0.052118269041255716,0.06197367560358946,0.0,0.00017829760161930386,0.06830669892408725,0.0009020985044626562,0.09838483402708742,-5.884070458694879e-05,-4.77464891164292e-05,0.0008633566573467144,0.10764897461802758,0.07365729815596278,-0.004420386899548379,-0.005066145372996156,0.09679956515548982,0.053734141886553954,-0.007455337795662431,0.0004461626829830867,0.06457831076020215,0.03143594135090533,0.09290354028154957,0.05907914902880124,0.059085026689597475,0.01794759255116174,0.025485036917023807,0.05553056494551295,0.05040314752764413,-0.0007815105945135348,0.09835720066789633,0.0015044166643771728,0.04852942515938374,-0.0012599097842262985,-0.0003664386809910103,0.0,1.1102230246251565e-16,0.05052738060177281,1.6038892575176433e-06,0.07941427505678617,0.07725788293150204,0.04143778740277526,0.08920559185073701,0.09958569019830005,0.0013538561510930136,0.019078192682355444,0.0027134627023224778,0.07271009673975448,0.07490891706232627,5.551115123125783e-17,0.0,0.0,0.0,0.07737593587646557,-0.0005602697326525519,0.0,-4.3476976656631194e-05,0.08320067824257782,5.551115123125783e-17,0.0,0.0002342529232314816,0.0942618518636642,0.04751680867583352,-0.0013173503480204407,0.0,0.05776666224113747
0.06158356471049037,-0.002200359642721972,-0.004268141821094085,0.002172509042341675,0.038752861532816985,0.04823797045053224,0.05242769577872375,-0.0103496874804479,0.04211035172572025,0.03019599712961224,0.06575203994427509,0.0,0.06283709043564317,0.005890338103310688,-0.0004208610529030099,-0.001503295826280393,0.05066710876673103,-0.015849981397143387,-0.004242163944721378,0.0008338460914317225,0.02822222813108982,-0.022458390554792984,0.05460356412358519,0.020548912820247567,0.022124037659274565,0.049777089393649,0.05653331877874945,0.03395871672705497,0.036190616021337885,-0.000650215804954446,0.05901503840658551,2.196673289472928e-05,0.011508333520224623,0.0005916114340809853,0.016866229824139767,0.023671738384300867,0.014642733077175896,-0.01040391459988771,-0.01650044346200369,0.010358148174552828,0.006414687185873402,0.1437405630760406,0.07718279830469438,0.0022830646299456525,-0.017893739490835836,0.058744656073028756,0.0016916406397725625,0.00021645842696071949,-0.0007879486984556927,0.00048002694180709904,0.08509441506538734,0.0029307382173338614,-0.0011601184240420115,0.0004804236337333512,0.04834035738926756,0.00027490394004220375,0.056981020124283466,-0.009851334178556603,1.4760430208315967e-05,6.268673477638487e-05,0.0014283554769656814,0.04055958482148081,0.05432508462460506,-0.0011201783120498576,9.495160606876052e-05,0.002164384150783294,-0.0013550919026644181,0.004907915273876795,0.07519905807622829,0.04681897728857076,0.054466754699884545,0.025853840929449035,0.06620634755640975,0.0031429542025394053,0.0,0.0322795963848197
-0.001414371203504683,0.02228474035893968,0.07531930641912765,0.009270755120483198,0.03631884200516977,0.04246828816546999,0.05000705448638815,0.047980779737557655,0.07906703937450987,0.06400118112173508,0.052118269041255716,0.06283709043564317,0.0,0.04460711833703901,0.04004634337558177,0.02848991284698532,0.045445066360258024,0.01115856744604904,0.05889043729410598,0.045573061626988876,0.05676380885692284,0.044145697928969274,0.05714858173984766,0.06998116339514165,0.02142787311199512,0.023852492723455687,0.06683437905622952,0.03788271923676062,0.04596362596712905,0.022684833778016555,0.039991627641810634,0.02687699102165847,0.04407379199192102,0.040408369328467586,0.05044233402646059,0.020725795147386816,0.003696414163609052,0.04618920456120307,0.060177730393589424,0.03776325650959178,0.01610567546012731,0.0556772348363796,0.04011685611653509,-0.0018047707732106733,0.06693041812781325,0.0008399192725434546,0.0017642854321980317,0.09170906024928893,0.0,0.0026658834503824336,0.049576388264679805,-0.004197575614158233,0.05269028177529622,-0.004948735612048338,0.07850851131432551,-0.004490652911862292,0.07010582703554036,0.0024499990690511897,0.002613145276697648,0.0450805424748677,0.0016328731528302276,-0.00010601946211030722,0.001398321090272714,0.0009128945726858406,0.04099368869720682,0.0687928859540417,0.00010533362261982981,0.05007774603386206,-0.00262186140061732,-0.0022943089658913896,0.05191207073966797,0.05061559655981496,-0.004176699592397859,0.018322603516932934,-0.0009566209069551412,0.0007796518314663325
0.0007923331781811704,0.0009740898614084559,0.0690658526523229,-0.006049662978772519,-0.050147038827386914,0.07090449789417863,0.031572221166174474,0.0719118783259205,0.04312691067025237,0.02545494697288392,0.06197367560358946,0.005890338103310688,0.04460711833703901,0.0,0.025557549550064063,-8.244436295001822e-05,-0.0002155161491896318,0.00013608168352924332,0.07984252408065567,-0.0009883361964410087,-0.0044518470041028935,-0.0006403199519511293,0.07071283059304861,0.006623944614293609,-0.0008160336834205917,-0.0005758793329873058,0.07039932803181864,-0.03530389549713009,-0.0029090482778799664,0.0006838959954533763,-0.009572106251757473,0.019742444698193418,-0.021132037454823227,0.06109877462389213,0.007814769958129852,-0.014104663694828767,-0.010808602719754812,0.0015782472602492992,0.045213476621627724,0.0,0.000335638137194727,0.0010551714750177132,0.04105273501758505,-4.61679323376929e-06,0.0,0.0,0.0,0.05949545998213901,0.0,-0.0052124522406973295,-0.0018492443845334883,-0.004097064577915532,0.004524803400289212,0.032161607837842277,0.0,-0.017731168460546398,-0.0002983407806065874,0.001243641288932562,-0.004883628572930232,1.1102230246251565e-16,0.0,0.0,0.0,0.04839186196144718,0.0,-1.1102230246251565e-16,0.0,0.0998832496625206,0.0,0.0,5.551115123125783e-17,-0.009604694181274187,0.0010749683132604826,1.1102230246251565e-16,0.0,5.551115123125783e-17
0.02411054296541526,0.044410962358128914,-0.003258172350331212,-0.003729250226712,-0.00015781875273723767,0.04102092231052662,0.06361251260585765,0.04681443524427259,0.005509879788054284,-0.00408880974191822,0.0,-0.0004208610529030099,0.04004634337558177,0.025557549550064063,0.0,0.0344464025891103,0.036072549797313835,0.01120068422565057,-1.1102230246251565e-16,0.08276439621117604,0.046262530258503076,0.0854034423719493,0.061677870643442434,0.028076330002633598,0.036097415247467624,0.05460889661074225,0.08005392564937852,0.03375460708489397,0.03813151900023021,0.024931174066037842,0.020299724065072577,0.018210752880829517,0.020371751559355944,0.01649997111735263,0.014643005682101695,0.0165689372888721,-0.002351783771237792,1.6881417309655422e-05,0.018240650140148196,0.04191493016132142,0.009208716620197843,0.009725058036191503,-0.04376670802267418,-0.0003184650801034694,0.0,0.014328963948385232,0.023310022620823156,-0.00026290532200312633,0.0,0.0,0.03827127815660958,0.003340201232480855,0.06381319440864691,0.0008354695026058789,-5.551115123125783e-17,0.0,0.0017848492075599465,-0.002006155182941005,-2.6291846875636793e-05,0.03470595586218439,0.04502703899360888,0.0009959588679684939,-0.0012847150447103384,0.0,0.0360330125941859,0.041786395610089344,0.03600364595476224,0.04571348080634824,-0.00025066417058561274,-0.005089777895843861,0.034942456948561684,0.03970262597362878,0.03836372894129508,0.02031640709979987,0.057228501216856464,0.025090469853182695
0.04664153232711571,0.07142052838274549,0.0007813390265198339,-0.0011472062873701394,-0.009484056891445158,0.05648080953328688,0.02435726395116361,-0.00798052577640862,0.0008307640131380856,0.0492470392364322,0.00017829760161930386,-0.001503295826280393,0.02848991284698532,-8.244436295001822e-05,0.0344464025891103,0.0,0.043477610673405664,0.062396997566050605,-0.0001101466974101073,0.06660026247223882,0.04532155321203246,0.06214915984722397,0.02711565235514979,-0.018176411755164823,0.03892536306267086,0.03747166519050399,0.04615896956413684,0.03682178259243629,0.06813335931577658,0.010477814764644877,0.04529513946643399,0.021562106961364957,0.04026269586820086,0.030607833633136294,0.019513891036740394,-0.10053123006930348,0.0004585957804201235,0.002274003356587284,0.0053775670710589085,-0.001971208116517409,0.008680523276836771,-0.003312779789699516,3.428256229970339e-05,0.0,0.0,0.05455755115000316,0.03307924505580023,0.0,0.0,0.0,-0.002188349183070426,0.0005373852001212542,-0.0010263596114040152,0.0,-3.142909582898312e-05,0.0,0.0010609886570760452,-0.0005950948970028791,0.0,0.02031881716103673,0.013574224993431527,0.0017085842480122904,-0.017495029042362387,0.0,0.013273904972341766,0.019197816207256357,0.028871597621257572,-0.008903689349520794,-0.00535999234831025,0.0007559635505960394,0.03841099372589013,-0.03899134934814141,-0.0006388309280930815,0.020542878037393852,-1.1102230246251565e-16,0.0004769759410563901
-0.012223136638534804,-0.00987875931455745,0.0021225348242811526,0.0017438179831508749,-0.003560155689799005,0.05101631756955016,0.06166554416388936,-0.0011147459717473773,0.08388766010334109,0.05977510909139977,0.06830669892408725,0.05066710876673103,0.045445066360258024,-0.0002155161491896318,0.036072549797313835,0.043477610673405664,0.0,0.051972593050528926,0.0037953734342298096,0.0383028983672537,0.003968685418619222,0.031337389410168726,9.952786310146733e-05,0.03294876087331111,0.06880588320606684,0.05522990972357811,0.017586407228303513,0.04871086692797172,0.03770157279417685,0.03357994022490868,0.05108098549895346,0.03297432655395671,0.039262157297409506,0.029860319848377892,0.011176204142608726,0.05896444060342043,-0.0004200241640303082,0.011500696548976841,0.009481030379550448,-0.03452436751468091,-0.005633840338528651,-0.0005646893532096353,-5.551115123125783e-17,0.0,0.0016808128833032954,-0.005745278030362289,-0.0013396077546614649,0.0,0.0,0.0,0.0,0.0,0.0,0.0,0.0025422919991092696,0.0,0.005378837860239516,-0.002071840889992016,0.0,-0.0003288940134054119,-0.00472842479166069,0.02778370485300452,0.029887920484749475,0.0,1.1102230246251565e-16,0.0,0.001279422437095501,0.0,0.029395681522532358,0.02196921549286046,0.019055400436610803,0.0,0.00015592074690418123,0.0002066062072395014,0.0,-0.009960352208440548
0.03146075840016094,0.058078544766670404,-0.004129211969553237,-7.851278225262659e-05,0.0909020885502731,0.02020429066825652,0.004078895272337124,-0.012876563552388531,-0.004555631516043546,0.0793336385624484,0.0009020985044626562,-0.015849981397143387,0.01115856744604904,0.00013608168352924332,0.01120068422565057,0.062396997566050605,0.051972593050528926,0.0,-0.002793129175381437,0.04202946476431624,-0.016595675027660794,0.04837312408966121,0.020078163054669418,0.03440594568611799,0.05336350328730999,0.047887514084808847,0.010887834051235612,0.025493182001584014,0.03867233402988507,-0.007660600053616684,0.04869353305718166,0.021494659868992405,0.0530376773896748,0.029699587793387383,-0.00224693283901356,0.003975983304610076,4.591366323936086e-05,-0.0001159558993071852,0.004231423154656244,-0.039560681297104994,-0.03580403110523411,-0.009734499711221478,0.0,0.0,-0.0002910532042919578,0.036056061876358014,0.005754254790258095,0.0,0.0,0.0,-0.0015034206200834621,0.0006819713781104908,0.0007869208866257416,0.0,-0.022976999511795604,0.0,-0.009704387457942831,0.0007680205515633309,0.0,0.0011985751701053537,-0.007982030561622111,-0.02142668643251905,-0.02851457198552748,0.0,-0.004596081878448177,-0.0034831191972325426,-0.005599511402152646,-0.00041788017294186464,-4.059701152858697e-05,-0.004075437525918046,-0.005877107271858029,-0.0025523910523493343,-0.0005876914960762925,-0.0070374984417581055,0.0,-0.012874225953374119
0.0,0.0010836882982720453,0.11719690822174333,0.07106146500935079,0.06292616570891107,0.08890826793455392,0.055772135040210224,0.10232535558626649,0.09276592413101731,0.0638664263111492,0.09838483402708742,-0.004242163944721378,0.05889043729410598,0.07984252408065567,-1.1102230246251565e-16,-0.0001101466974101073,0.0037953734342298096,-0.002793129175381437,0.0,0.00026077776644628514,-0.00025499074953261314,0.0017207123788707812,0.18526896749858285,0.06139327545467399,-0.002294260944813553,-0.0006927491935304619,0.10188494191077624,0.05331529482270436,-0.003166397221930628,-0.0008503032776042141,0.056591335112169516,0.03654496477174807,0.01206374156615364,0.052098579826038494,0.05838823296201673,0.06023962436846586,0.0424967497294339,-0.014880385067058688,0.03372822601682629,-0.00018390497997866628,0.006447346948029009,-5.717282825051795e-05,0.05910096093167205,-0.0009762905489562601,-0.00016579758885393314,0.0,0.0,0.1614430969456594,-5.551115123125783e-17,0.030348465928055623,0.06695885328093987,-0.0058388917831248,0.07286536124655307,0.08481790099740216,0.00013983325084399034,0.14352452816443972,0.001968771789013446,-0.0046619698287023725,0.06467104672333263,2.220446049250313e-16,0.0,0.0,0.0,0.10900390946495953,0.00017784791316471926,0.0,0.0001362995083614149,0.0851959633677114,0.0,0.0,-5.551115123125783e-17,0.0894432266772548,-0.0012149521927865559,-0.0029857106492616747,0.0006131410412315574,-0.00039540485327826946
0.04288868906686727,0.053725394188812114,-0.001669415825148124,0.01691554021641256,-0.014982711287264971,0.08746448319514177,0.05040659528270969,-0.006673239160910671,0.08172088223926033,-0.006355159071863403,-5.884070458694879e-05,0.0008338460914317225,0.045573061626988876,-0.0009883361964410087,0.08276439621117604,0.06660026247223882,0.0383028983672537,0.04202946476431624,0.00026077776644628514,0.0,0.060572281537734196,0.08135089023541026,0.07368986835842894,0.0012354222786724045,0.04728164809072616,0.03130519132085774,0.09050003637610826,0.05230371621124835,0.03344516056028762,0.029135631483521884,0.031469517133177694,0.017460013873316527,0.02266243951096869,0.021113097104476453,0.018739319389073084,0.019202844890269466,0.0240347489580095,0.006687424319314461,0.01008879718742095,0.01671025513993013,0.01203758769714608,0.011303574520605153,-0.048375734724214026,0.0004826871887093631,-0.0003976030785680096,0.0020126732544354375,0.020380704521697213,0.0012046252683070025,0.0,0.0,0.017500267423950833,-0.00014169790621154643,0.04789868432359368,-0.0011917787370667177,0.0009933523531947541,1.1102230246251565e-16,0.0026652502758776064,-0.008851125722756037,-1.1102230246251565e-16,0.03743509412364504,-0.01640364147614748,-5.4536157820250786e-05,0.000633379438761128,0.0,0.02966207966995482,0.04186932709195401,0.020491433322189445,0.038318096091265796,0.0,0.019782419702739307,0.022965047806065175,0.03260595296890434,0.026881492266248475,0.014899481920559732,-0.0015194396583885772,0.018124622294492743
0.00021394629560911316,0.03418305507561409,0.0006885091215153571,-0.0010701566880226832,0.00048105662216263445,0.05798936263952703,-0.004617027821682884,0.033648106307214376,0.07450507492285963,-0.012105002479448512,-4.77464891164292e-05,0.02822222813108982,0.05676380885692284,-0.0044518470041028935,0.046262530258503076,0.04532155321203246,0.003968685418619222,-0.016595675027660794,-0.00025499074953261314,0.060572281537734196,0.0,0.050703033295724675,0.05824011163499265,0.014855198222194888,0.04104438115679665,0.03627677680940378,0.06796589379634499,0.04858793190290939,0.06253128526094354,-0.012161088081896032,0.012703428018926988,-0.0054925055128347,0.03036263933263461,0.025265162317367584,0.058081326566941205,-0.004406800619442708,0.0002711539471657032,-0.004223353130678009,0.011101287091766776,-0.002010941010031242,0.003567691990924826,0.0010902984366863988,0.0037678742801530163,0.0,0.0,0.010411518670341124,0.02561499417067259,0.002551012268676711,0.0,0.0,0.033356035897064984,0.0011662321589352986,0.03461223080100739,0.003774706785568571,-0.0008955204093300528,0.0,-8.258881520856187e-05,-0.011033576631733155,5.551115123125783e-17,0.035625905863232554,0.011189714159900499,0.0,-0.0016609164762522166,0.0,0.029102833054112542,0.007703149334632231,0.03456884533311433,0.0446989023386688,0.0009364248985179735,-0.008872885488303173,0.03179946414879997,0.04236825149185375,0.03151947964425311,0.0031362313033144185,-0.002966062509907108,0.011342065980060823
0.017793011087415045,0.05113753858067488,-0.0038854269211160974,0.00618216455173376,0.029337268709237696,0.06263001240186694,0.04181679169693553,-0.008933242948840847,0.050489372752049455,0.02118093329645393,0.0008633566573467144,-0.022458390554792984,0.044145697928969274,-0.0006403199519511293,0.0854034423719493,0.06214915984722397,0.031337389410168726,0.04837312408966121,0.0017207123788707812,0.08135089023541026,0.050703033295724675,0.0,0.04857431455466171,0.0494579255019067,0.04126658829298613,0.03417529067173819,0.07315168551226109,0.04444782311102696,0.05815180184878749,0.008925850159998527,0.031062713790817542,0.012732144312813443,0.01869115707565333,0.026515179171495706,0.019343388805181383,0.017114572167320263,0.024713801974150296,0.0059372538772645145,-0.005252950161589498,0.0128441207712644,0.008128801471615044,0.010521742108941579,0.027474869387285772,0.00038578486812645973,-0.00039976801308866383,0.0056393604961990085,0.015201429723142867,-0.00026609355699896975,1.4457564257053246e-05,-0.00012192253056797497,0.032656985555322315,0.004999663220513151,0.049746167144215925,-0.0006621335298361286,0.0023306659908698957,0.0,0.0017409631498810918,0.0008096691463227446,0.0,0.0233529898499929,0.012213761469236029,-0.001190593293210418,-0.0034795657888588294,0.0,0.020624048861184907,0.023820042194804603,0.016657106854470416,0.033039931979846004,0.0027053919701426343,0.014832253674361473,0.025209557725070053,0.025824766923074782,0.003207207577669957,0.006371582530996345,0.0002724135837993136,0.020141878346459696
0.03697596875493192,0.052764364755656545,0.1321994976177055,0.04863629136208092,0.05147478725542548,0.09772609251262043,0.07147719977068445,0.04361529125295366,0.11837633561044236,-0.0188105227156527,0.10764897461802758,0.05460356412358519,0.05714858173984766,0.07071283059304861,0.061677870643442434,0.02711565235514979,9.952786310146733e-05,0.020078163054669418,0.18526896749858285,0.07368986835842894,0.05824011163499265,0.04857431455466171,0.0,0.02549812641560817,0.02358792038388502,0.0366799211426288,0.07170167434848046,0.05556619917736488,0.06772424120151987,0.05526765126532873,0.04712460286334624,0.032192629241274306,0.01679494613715138,0.03537106550309799,0.044962685332582075,0.04801880110988316,0.04190620832253911,0.04006039089965807,0.040952598749705915,0.057221346575664744,0.051958621165889673,0.04681747851725959,0.0348593858745353,-0.006871159379665093,0.00209994748881398,-0.001074084308338663,-0.012847055632736526,0.07153740913761042,-0.002260680482138233,0.03684680744252178,0.06355699674632054,0.061987371382295375,0.0652961181598335,0.0653053229179521,0.002722018508111823,0.06498321909791016,-0.00403206191092359,0.06518069093865753,0.0485769709501771,0.03908140007288552,-0.004715197172346475,0.00013266523524746443,-0.003291819345848712,0.01606232554168996,0.0370734345460797,0.054693442448414564,0.04075036511447272,0.07220975042604372,0.0004788648400071982,-0.0017688420163204377,0.047714677539425876,0.07383740773767478,0.0634206982383243,0.030069214980564585,0.05557725933558999,0.06623963488080942
0.030928289451525093,-0.012818457097860225,0.05874796707979196,0.0013616622991223237,0.0808578999685467,0.028298364582076463,0.0676544273433638,0.008964209145219781,0.04616357931606574,0.035673620760016456,0.07365729815596278,0.020548912820247567,0.06998116339514165,0.006623944614293609,0.028076330002633598,-0.018176411755164823,0.03294876087331111,0.03440594568611799,0.06139327545467399,0.0012354222786724045,0.014855198222194888,0.0494579255019067,0.02549812641560817,0.0,0.03478936242102465,0.04707372142655408,0.021468546603881478,0.04684885473173678,-0.007752324414788292,0.0010080745023448578,0.050116164823053255,-0.015872754184263704,0.007710760730025912,-0.008611496427437804,-0.010861539950554056,0.025202280620032602,0.02252805824879278,-0.014640015556886404,-0.05052904860087054,0.001566425758869061,-0.07159719162605865,0.0056202452837464945,0.04902349729109157,0.0006205922744064174,-0.00242925510436659,0.038790184042368114,-0.009727068381202797,0.0,-5.551115123125783e-17,-0.0005240033746612971,0.054350003640820155,-0.0006848114473154143,-1.6653345369377348e-16,0.000497927360354089,0.04074973605905652,0.0007846068490697244,0.05958024900342446,-0.005969601304325278,0.0,-0.0034560880986844733,-0.014600665050752526,0.049256331490862226,0.04359452216876475,6.385640366229905e-05,0.059972017372243946,-0.00281720300088506,-0.007599938980093923,0.016204799106572354,0.07068067946577872,0.03864132342800802,0.051848065047223,0.045319200334277165,0.07615123214976044,0.001141916763243267,0.0,0.03658077562561307
0.04804383160818626,0.07526620699245223,-0.011213149777354103,0.0008446633940270565,0.10747971804021933,0.03656099254563727,0.0224844489873976,0.023535305829311293,0.010626091427778317,0.04829173181887836,-0.004420386899548379,0.022124037659274565,0.02142787311199512,-0.0008160336834205917,0.036097415247467624,0.03892536306267086,0.06880588320606684,0.05336350328730999,-0.002294260944813553,0.04728164809072616,0.04104438115679665,0.04126658829298613,0.02358792038388502,0.03478936242102465,0.0,0.050630850979453745,0.034971504124123864,0.021162365278711126,0.03875603026587371,-0.003053516344937335,0.02752012638720125,0.011807904629169641,0.03431370517544707,0.01576285717595205,-0.003614342837950979,0.06459043857640673,0.0003857004705730138,0.0023338741639466476,0.016629465936181198,-0.016003258387493335,-0.01325340411724385,-0.0306915780259277,-0.0011246822416544067,-5.551115123125783e-17,-0.04072439744458339,0.040853633855074734,0.01672765038565388,5.551115123125783e-17,0.0,2.220446049250313e-16,0.0005410077729141038,0.0011976091228741992,0.0006164991407851539,0.0005545312295394678,0.0029564918492801517,-0.0005391693597532887,0.019295679429721047,-0.004513133022543081,0.0,-0.019811119801250276,0.0037572164130227903,0.012548228632635383,0.006483778529347728,0.0,-0.010827227848629661,0.039534299366921544,-0.025314359747156456,-0.005330114204981584,0.04302654929710331,0.026777649098718992,0.032160497168121804,-0.004341511951286903,0.0002762798927060661,0.007545792191070988,0.0,0.010118031783063308
0.03330411658086968,0.055744614749629384,-0.010528015846882566,8.353757311679866e-05,-0.008255877592651728,0.03788930000475638,0.02931332017161742,0.018836613843465466,0.04487042076386166,0.044438487618339295,-0.005066145372996156,0.049777089393649,0.023852492723455687,-0.0005758793329873058,0.05460889661074225,0.03747166519050399,0.05522990972357811,0.047887514084808847,-0.0006927491935304619,0.03130519132085774,0.03627677680940378,0.03417529067173819,0.0366799211426288,0.04707372142655408,0.050630850979453745,0.0,0.05153626811473366,0.012750492189118001,0.03828987451478838,-0.0031751573245886733,0.020338913304702777,0.0062852456865432615,0.030139375894171427,0.012209240158821466,-0.0009070108937040966,-0.009426058006963334,0.018771427486995673,0.0037317075869854333,0.011555555828812514,0.0007851663412884458,0.006711722096948591,0.013278463125751983,-0.00808260110428638,-8.59474072683053e-05,0.031208078733374056,0.02998882677797543,0.03192515093565462,0.0016918048276355346,0.0,-4.812992563540952e-05,0.03569873398418616,0.003274487276081872,0.0036478138639383095,-0.003458070022992088,0.022513393402718296,0.0,0.03811450213290307,0.006487528813595045,0.0,0.033695824440691635,0.023784312945168695,0.028825665876447137,0.021587303852529105,0.0,0.028738984658747135,0.02671932328104598,0.03090618273645418,0.04366513033300595,0.044581110835461846,0.0333767636321432,0.03456077390981077,0.051942358612281525,0.028172675566133565,0.024354563707055243,-0.0006347170447884576,0.019899299704734863
