0.0,0.03190713182303534,-0.002429033279327475,0.0,0.0007289668622469936,-0.006380327540202513,-0.004693655853532597,0.03689811841881552,0.0016221403678046142,0.05334365720089379,0.0037177802594868803,0.04365299958852481,-0.0013812100555544715,0.0007385544870027738,0.036810306720234276,0.04908552123954801,0.042120538943620556,0.06545081278421788,0.0,0.06223008996953272,0.02945493317839737,0.05557612539926521,0.04123740970966566,0.02382600425366227,0.03913789657647787,0.058721572541795164,0.04995637314190998,-0.006725803443441758,-0.0049229167815860175,0.006364524311826714,0.033761086581817035,0.009496073807021665,0.04025731860126419,0.03197150543910782,0.025339212143174472,0.001126411402621319,-0.0001067085269457757,0.028397937199663215,0.017660043162477157,0.041875668919108155,0.03174202723397618,0.03296167510328607,-7.554098371859164e-05,0.0,-0.003919705202893475,0.061026905368668394,0.06304470115572386,0.0,0.0,0.0,-0.005522979752831225,1.1102230246251565e-16,-0.006343402290500233,0.0,0.056409984750073694,0.0,-0.008302562525138668,-0.0018861729846940678,0.0,0.0006969353199986483,0.04638894508422914,0.09633564530104555,0.06690930650697008,0.0,0.017744564013466357,0.1261498703521084,0.05738952200231029,-0.006305022008971817,0.07565339655585479,0.060353374481835975,0.06453209956548417,-0.005764200656302343,-6.69403490353715e-05,-0.009128954124575983,0.0,0.04211467739937852
0.03190713182303534,0.0,-0.003426856225025754,-4.5815650914327044e-05,-0.0058764255759085615,0.03793355838315843,0.0641133101531488,0.05910997848617178,0.050032999400501266,-0.010006506839610962,-0.0007536856394251279,-0.002196264259202718,0.0623813965095239,0.000952644531760416,0.05239838425279969,0.0383139202058152,0.01812114713049351,0.05516153571110827,0.0010867900276830822,0.061606796434442335,0.015372946973113977,0.03659966326953412,0.06365418705951914,-0.012624666219913538,0.04794926077454137,0.04936799126299651,0.06996870696620133,0.059869918259278065,0.04425258608161298,-0.006796633079596548,0.0015106060898097962,-0.007849387577926692,9.096470085961927e-05,0.006313364599335403,-0.00020354266842242952,-0.00613505618894572,-0.000179269931451842,0.0,0.005708735354209515,-0.026671653306894194,0.013524802575564931,0.01579293478664834,0.00223230359451726,0.0,2.220446049250313e-16,0.054631960693141024,0.0291902016357799,-0.00013496398105711238,0.0,0.0,0.027059480860791962,0.002468413167235728,0.0022061279656084287,-0.0005962449935343339,-0.002119285551671124,0.0,-0.0022136877459005277,0.003327249685498801,0.0,0.06497711768582676,0.010676276995443601,-0.0007242953393467588,0.03511505843480944,0.0,0.008669727988888098,0.021319472681110674,0.033697125690298035,0.05691703741722548,-0.001933722382063574,0.03888490017889601,0.057295896266867874,0.03960774708235748,-9.543771079217889e-05,0.007462869154590268,-1.1102230246251565e-16,0.017394762064514513
-0.002429033279327475,-0.003426856225025754,0.0,0.06463451074421461,0.08545078543289503,0.02891031659339377,0.08852996484228148,0.10052591776323294,0.031950242302699605,-0.011088762327320478,0.12295412103594677,-0.004226951536056844,0.08645928622433902,0.09875822349349195,-0.0032193797530649104,0.0007642893786309335,0.0020833294338600816,-0.004090264552980005,0.07189991050376426,-0.0016571778407788451,0.0006205964994261959,0.08376715303459481,0.12895071633428734,-0.0026305004870797455,0.03763740217436068,-0.010409911595324117,0.05695404768528911,0.08502160199394415,0.08752491580118199,-0.0020766786495049483,0.0670881469968615,0.08316205153309014,-0.003561272305311447,0.07564991244165797,0.06626883977340514,0.08515314819865094,0.07417507870753465,-0.0018541015804259264,0.062181922779225074,1.5471122863930376e-06,0.002832818527264691,0.005658843692126048,0.06507071029260214,0.0005963627126085447,0.0,0.0,-0.00044459885339681593,0.2590451795513363,-1.6966706861021308e-05,0.08637232171745934,0.07555060308533856,0.0764568567011713,0.06886374141689267,0.1172442899149303,0.0015877431733816172,0.15093022298542358,-0.0012246635054783406,0.08909658564974288,0.056210184004050756,-0.00012462446727140586,0.0,0.0,0.0,0.2888069618102416,0.00032124277428907666,0.0009175823914829295,-0.00046837326260862344,0.08688488009179873,0.0,0.00020684685845406836,-0.0017970594470219647,0.08400045289404945,-0.0014703242584891418,-0.0016972893640567754,0.0023678831511642073,0.044745274803768
0.0,-4.5815650914327044e-05,0.06463451074421461,0.0,-0.009966303675550903,0.07406830947131343,-0.009385771258582809,0.00431811391279302,0.0754320218141798,-0.06526559931776371,0.09635734565155135,-0.004059242320977763,0.01777204960271289,-0.03841904778626837,-0.003673217511508675,-0.0011293877628658633,0.0017173874716905346,-7.726110674677322e-05,0.10532392427131276,0.04280149773301395,-0.0010481519269383566,0.025433691958318516,0.05476889143639163,0.0013098292716218207,0.0008402776240969412,0.00011154556812936756,0.06313897205550628,0.02111668914893844,0.016140912521108275,0.002918425986695228,-0.006113305047323214,0.0040801754641826005,-0.015475369633406955,0.04548249544462524,-0.004381849151262829,-0.012131754620548718,0.005718444915641385,-0.046514862299087856,-0.011202486273538315,0.0013601714810108079,0.0004595040407986972,-0.0009858509958188821,0.0014691207891990854,-0.000874528960677301,0.0,0.0,0.0,0.0001299111731936642,0.0,0.0,-0.00029993298743785646,2.220446049250313e-16,0.00017682233085530852,-0.0012057274725604805,5.551115123125783e-17,-0.000714318500553035,0.0004735312934499025,-5.4311642683213535e-05,0.0,0.0,0.0,0.0,0.0,0.0,0.0,0.0,0.0001559041135438255,0.001702556974299163,0.0,0.0,0.0,0.0018622717006382405,0.0009127853192389956,-0.0001099343117370033,0.0,0.0
0.0007289668622469936,-0.0058764255759085615,0.08545078543289503,-0.009966303675550903,0.0,0.09995129331237113,0.06051492513351375,0.0895570113876023,0.06343951804848019,0.037304848287491976,0.05946603510659626,0.017257213003584404,0.04203851427280325,0.012670134664054589,-0.0001633082109362416,-0.009345134125582244,0.061749118255460145,-0.0057840694110321,0.10468978494279452,0.06048517863087616,0.0004422627231135401,0.051356286877397184,0.08599360039574483,0.05596334997194835,0.06561421299836157,0.08487543767625899,0.09802988457816031,-0.0318656558253832,0.06989616973164342,-0.007212494933724556,0.049957251451514084,0.0195764358356596,0.09107514332609434,0.0453555396686921,0.07596720726825673,-0.007030657074429347,-0.04809368126376695,0.01807353609507356,-0.028785886321987197,0.0008648725562747095,0.0062713598434133155,0.001983238337751436,0.011251494548559338,0.0002665954269462367,0.0002938571839635751,1.1102230246251565e-16,7.551632003632847e-05,0.07911103238861195,0.0,0.002028803009957225,0.015504623907742876,0.0011461604574972695,0.13244776897347582,0.04953694815161647,5.551115123125783e-17,0.028622169197934755,0.002330771466586279,0.004009144003236154,0.04036629144620252,-0.00043375348175711537,-2.4264238953186634e-05,0.0,-5.551115123125783e-17,0.04951090223418958,0.0010903131258993004,8.50406925399505e-05,-0.0017736053287352171,0.061032600274804616,0.0,4.960228785499954e-05,0.000993130335096959,0.04371147939024023,0.003255984275352841,-0.003277902817984679,1.1102230246251565e-16,0.003050309117086758
-0.006380327540202513,0.03793355838315843,0.02891031659339377,0.07406830947131343,0.09995129331237113,0.0,0.08434109897698772,0.07179235798219558,0.07622223670190426,0.05792588713736624,0.09850859947258372,-0.005885974073029321,0.0661654208221083,0.06341206599155153,0.051740027833370394,0.03890128380777791,-0.042214532141574446,0.025223877456984123,0.09213235364479277,0.04680600555990194,0.08928285450845935,0.042468417641386424,0.0945262074106979,-0.0006488090103151101,0.022780145862553947,0.07004987959934028,0.06852497832808713,0.07558006842891224,0.08404446444788827,0.06117138323336846,0.04774325374595656,0.06432460614654784,0.047297639455643414,0.04169348832765185,0.04594910075621961,0.06829192814863616,0.06663954653356663,-0.008771676002348072,0.05963255894083613,-0.006286251641896612,0.07265539776962548,0.10722220649935255,0.059937457758917845,0.002930890338348313,-0.002068389422374528,0.0019081424255382173,-0.0039182595108828155,0.07577675713470644,-0.00042860887093226774,0.06703870637008769,0.0735627992762461,0.07319014857459716,0.052131797494462784,0.08308029417190588,0.005732476295633948,0.059415317030706905,-0.0032889656222374053,0.069909009076634,-0.0076492201221852185,0.0378482456651934,-0.0007891873219179057,0.0,-0.0014821851740018377,0.06515822363859003,0.0704787216650668,-0.003423778554124457,0.03054083877933167,0.0700722331074527,0.00021275896298317276,-0.005017683543430018,0.056805312375917405,0.07241606781259957,0.0686887954218548,0.06405010539329092,0.06801973120524962,0.06700891364090333
-0.004693655853532597,0.0641133101531488,0.08852996484228148,-0.009385771258582809,0.06051492513351375,0.08434109897698772,0.0,0.07012793869007611,0.0963354577814382,0.022075502806574887,0.0810599370923788,-0.003277377529717851,0.05162950655450477,0.09415904139495496,-0.0034157570515027103,0.056835832051962354,0.03935848230434014,0.05115127411554965,0.09136380074561778,0.061176145051541175,-0.004525680848870783,0.06175042802519243,0.08647609547969848,0.030539241422964436,0.03688979575566936,0.04193415761626634,0.08942118786285613,0.00903327416405525,0.06980268236645121,-0.011446368843539279,0.04415399089003408,0.06110683410847656,0.033510398414409226,0.028256217150664176,0.027943822016279485,0.038240903838582085,-0.005399411592075298,0.030300410233212727,-0.02192120403010772,-0.0010227248900764874,0.021535512679904556,0.008511808212252725,0.02695189812228438,0.008581796398432262,-0.0015138674352545012,0.0,0.00169666756079484,0.08497738111716102,0.0,0.00387431753300016,0.0710486075452661,0.0004739279285989051,0.06878446518598685,0.08754232060662803,0.00011445359550826817,0.024867171164334845,0.0015687663668764729,-0.003189075300663813,0.001377751449843756,6.872192635043461e-05,0.0004518677038222729,0.0,0.00013016033736945598,-0.002397770371118879,0.0011210894231033497,0.0023339098027889693,0.0005774214648549547,0.07560623969663971,0.0002383487172631371,0.0012038506141661132,0.05600945953803371,0.07342947454344573,-0.0014851409731603815,-0.004866222120351038,-0.00039496304986852415,-0.00042760532511487703
0.03689811841881552,0.05910997848617178,0.10052591776323294,0.00431811391279302,0.0895570113876023,0.07179235798219558,0.07012793869007611,0.0,0.10759627017473034,0.0741396898349852,0.09428642526268832,-0.010124854280083695,0.06959005206883867,0.035866117853281976,0.08021177012971381,0.06251476025716718,-0.0011014902656627523,0.055001721183562724,0.11617845325144677,0.07732690653427032,0.07228266477421053,-0.008846652004287081,0.08695719122539364,0.03373373949927638,0.04865687705518612,0.04343389402751496,0.09321370106851218,0.07146005195799043,0.07176862322864191,0.07822473489047982,0.052907264966514156,-0.05042427323523724,0.0900536808877076,0.043997488166826415,0.06464759855592161,0.021647999363609283,0.016691341619245625,-0.006563994565009612,0.010978705297466529,-0.0021810602537649104,0.05889691641153805,0.09275895255621458,-0.02042530975359086,-0.0014137732266328307,0.0,-0.0015485436161447041,-0.007782103006177821,0.05818566772959444,0.0,0.023573545616596525,0.07595864712483164,0.07123549101616089,0.05314494736553571,0.06616226062896013,0.0006802934553414297,-0.011234122891232268,-6.10560743435351e-05,0.07310400775203685,-0.009890880072080388,0.0942733927626273,-0.0010363568426292602,0.0,-0.0004435167424855502,0.030637689358713138,0.07594539645279441,0.0775301086789899,-0.007754264144408052,0.06164688133042473,-5.551115123125783e-17,0.0003868711620068632,-0.01265538722802717,0.07812561599071077,0.07021895444289639,0.04683345477391054,0.0035639111630425546,0.08208894567825942
0.0016221403678046142,0.050032999400501266,0.031950242302699605,0.0754320218141798,0.06343951804848019,0.07622223670190426,0.0963354577814382,0.10759627017473034,0.0,0.05718428595448671,0.037164056189873895,0.06618791915867195,0.0437689511832286,0.12251325598793622,0.00541859354090668,0.06666245668213644,-0.0031593970478950295,0.03503503288238402,0.06646822665414148,0.05395834930126253,-0.0011522246090797106,0.055401920660507975,0.11352753320866515,0.07433569459191064,0.026549832668060325,-0.010011982207847825,0.04398963074817813,0.08788136934552548,0.059379574697941584,0.1085161728387205,0.0765796835287399,0.0863973573684132,0.09581137490170516,0.07648666501974155,0.09310167946644532,0.08496751758248072,0.07413208711232322,0.06965661405112816,0.055259481309349656,0.0011111997486902836,0.014094313638084943,0.0039045219995637592,0.07896947524670234,-0.0027307802910795376,-0.0020778738150276643,-5.551115123125783e-17,0.0015001238686250806,0.11292651190553193,8.150885531077456e-06,0.07343003835134243,0.07921010915227333,0.09805429697805268,0.07742449676213314,0.11010768008954042,0.0005006856608702481,0.08328160581127131,-0.0007305648457785474,0.11741319119001414,0.06511300116718188,-0.0017600315394048494,-0.0006058677017776737,0.0,0.0,0.09592308363123003,5.9370730535857064e-05,0.002949854467784785,0.0004452751683373113,0.08710979106529348,-6.375886704118594e-05,-0.00019848177421061264,-0.0042334629667274415,0.08886625836034334,-0.00621503274456181,-0.005128342960479981,0.000554476209022825,-0.0010102738135822076
0.05334365720089379,-0.010006506839610962,-0.011088762327320478,-0.06526559931776371,0.037304848287491976,0.05792588713736624,0.022075502806574887,0.0741396898349852,0.05718428595448671,0.0,0.05833991055280402,0.03747514744385272,0.042280137385084404,-0.1668551386762312,-0.004044756045211817,-0.01853453105267644,0.052286249321275846,0.047733830655643905,0.07332544011796588,-0.006321971614460686,0.062304841546827916,-0.009249184771478847,0.06793499121890051,0.07719288628204368,0.07636750649503449,0.08781636775970508,0.09515630635242561,0.03175667740808724,-0.011621144496613445,-0.0017731300393223348,0.010936540839898146,0.03446623737636578,0.038353799845903924,-0.016922571465261604,0.01721067882215932,0.005741514407838322,-0.021111171400762185,-0.002342161021562039,0.017144957851682907,-0.014709645527993254,0.028215833519229294,0.062151474203009094,5.744124190754096e-05,0.0022145446623458853,-0.007219818469573758,0.05553960662627999,-0.0021747523781027733,0.0002357099829563003,4.628185719662836e-05,0.00019910248317550616,0.0001515704263509443,-0.0020905065581227067,2.5703314934844013e-05,-0.00261179634574521,0.03871297628403575,0.0024973205656085296,0.04867330946701698,0.056899950433577484,0.0,0.0011782531871982749,0.028106367727223247,0.049313238921671776,0.05223201708149028,-1.5213088990884138e-05,0.00024717425368769863,-0.00021611487518458095,0.029903262886654236,-0.0010961138706909734,0.1336008865581899,0.04817056181279156,0.06969740495882076,0.002851387126338756,0.028436956556460058,-0.0017204947809768,-5.551115123125783e-17,0.04116361163010823
0.0037177802594868803,-0.0007536856394251279,0.12295412103594677,0.09635734565155135,0.05946603510659626,0.09850859947258372,0.0810599370923788,0.09428642526268832,0.037164056189873895,0.05833991055280402,0.0,-0.003449014095885272,0.08869360628782386,0.021739842365406492,0.0,0.0001772473555940457,-0.0035756788447338095,0.0008833591515076122,0.08489598796057779,-5.870623716236478e-05,-4.9373552207521154e-05,0.000851719127609285,0.062262579323824785,0.08635539034443351,0.06868869277281181,0.05846742830953616,0.09535894912479037,0.09171509706462416,0.10768793818659883,0.0004451728640274544,0.07335327597753943,0.07699163804841547,0.07509055982561991,0.06969395622281438,0.07376193133346964,0.0416579187172918,0.07595866960595937,0.07480889877722274,0.024833341005629728,-0.0007583784935781268,-0.0006429908700784637,0.001467413999606093,0.031012412494640207,-0.001242345125567923,-0.0003707446967806671,0.0,1.1102230246251565e-16,0.13717539172539628,1.5783195497220959e-06,0.06674414268551776,0.06782735060677925,0.10389353612020136,0.037347263355177074,0.11828631954876706,0.001324073263473724,0.10886970184840933,0.0026528006634023438,0.09681865090397052,0.04742971128526502,5.551115123125783e-17,0.0,0.0,0.0,-0.005303670096132529,-0.0005603686346981607,0.0,-4.379589260489203e-05,0.056656695446794414,5.551115123125783e-17,0.0,0.00023051838934057267,0.06726814197223974,0.14943433190585964,-0.001318545014666772,0.0,-0.0015224432983281244
0.04365299958852481,-0.002196264259202718,-0.004226951536056844,-0.004059242320977763,0.017257213003584404,-0.005885974073029321,-0.003277377529717851,-0.010124854280083695,0.06618791915867195,0.03747514744385272,-0.003449014095885272,0.0,0.0337460635442664,0.0058424701750894315,-0.00041953022344659585,-0.0014674188137484556,0.06420148742944648,-0.015584604721980588,-0.004219614933353544,0.0008737960186237514,0.04339067294485427,-0.00040599210907010796,-0.010807843073964873,0.04985480900832184,0.06745758419800851,0.05597823452474615,-0.0024021037154207114,0.01507833509747225,0.004917414468982195,-0.0006602679134196099,-0.02322488605860923,0.016271314264231673,0.007893429782608208,-0.05661602892502038,-0.08535025510871902,0.021786503612144237,0.011332976053820498,-0.0119943946291938,0.017451790191552796,-0.020151983119467476,0.051331246168854205,-0.010762711872574993,-0.0038060006613273023,0.0022636219922223533,0.056858996621880376,-0.011027533838937398,0.0016867408633669534,0.0002040505949771343,-0.0007863890957308939,0.00047342733114652535,-0.0021790513149932966,0.002890746086094298,-0.0011469100292917922,0.00046997663131009837,0.03378639018553814,0.00025223205742336274,0.04505174975262494,0.005211412761887413,1.9210731981300633e-05,6.347038493065282e-05,0.0014297659994429446,0.04501742224830485,0.044125218537734434,-0.0011085424439777336,0.00010034163393179973,0.002152222810802018,0.03679920585777108,0.004861472778904696,0.127500366828656,0.04593512321983689,0.07397914943904926,0.0018996306668038199,0.01256392477643603,0.0030902863360843247,0.0,0.021486891554012566
-0.0013812100555544715,0.0623813965095239,0.08645928622433902,0.01777204960271289,0.04203851427280325,0.0661654208221083,0.05162950655450477,0.06959005206883867,0.0437689511832286,0.042280137385084404,0.08869360628782386,0.0337460635442664,0.0,0.06317316422194214,0.08730410098009994,0.058147046971662286,0.06172462017337066,0.05843179009044319,0.0925823107093589,0.06256031631771874,0.06903064264104491,0.060292281285635574,0.07809350201647441,0.049563932118695087,0.034578499326405665,0.049826024413301195,0.08432412136350387,0.06968691382142689,0.07239679789966735,0.026527711730204295,0.06039006258141838,0.059190900088494425,0.05801780954592611,0.040576896810194385,0.043708837943542245,0.032968566988689885,0.010004919483745156,0.03253126360098563,-0.015619139084546763,0.008498155182167788,0.020989331190594485,0.0029741236133939974,0.001863461020533197,-0.0018508440847312402,-0.0011852552785161508,0.0008366659309655966,0.0017858873460261382,0.09253442618773511,0.0,0.002625462626878905,0.0680732737183416,0.08741212949375166,0.053991657483852706,-0.004889665786035002,0.05177374765490583,0.020763850385945082,0.002637441744932578,0.0024528565781988254,0.0025683138496405133,0.1221859425415674,0.0016243204536747768,-0.00010904454429222499,0.001404210583009935,0.0008395377167367268,0.10033739822432025,-0.0010480488290913192,0.00012143959881916189,0.06597944137674017,0.09626483588768753,-0.0022478209754838163,0.05811076117399239,0.06771964130314745,-0.004115393294717773,0.06366808416067299,-0.0009299967723517266,0.08453320294191191
0.0007385544870027738,0.000952644531760416,0.09875822349349195,-0.03841904778626837,0.012670134664054589,0.06341206599155153,0.09415904139495496,0.035866117853281976,0.12251325598793622,-0.1668551386762312,0.021739842365406492,0.0058424701750894315,0.06317316422194214,0.0,-0.0019131657979024053,-8.808290696971088e-05,-0.00021208032285252587,0.00013544225566813894,0.11165233712665057,-0.0009800085967037742,-0.004483079229749276,-0.000638979000194273,0.06291597621870304,0.0065497870003108916,-0.0008061645916662141,-0.0006103036343049761,0.07620074419109363,-0.013180999233688928,-0.002857699613065645,0.0006700763002024934,-0.009554274388179795,0.00795831677219555,0.18066761201786657,0.04031122467935966,0.007647518974292944,-0.010320798201024273,-0.01417961244002397,0.0015510153452172326,-0.0077723170243867434,0.0,0.0003403487128081917,0.0010527097159067633,0.025343823484848482,-4.543190861738822e-06,0.0,0.0,0.0,0.07191723314633569,0.0,-0.005434938684517887,0.04810630180552461,0.07466747204406299,0.004445729865018955,0.0694257992734516,0.0,0.030835623916625865,-0.00029603050989390756,0.0012502936862027192,0.030205361117973062,1.1102230246251565e-16,0.0,0.0,0.0,0.050128395707603024,0.0,-1.1102230246251565e-16,0.0,0.04398605057761534,0.0,0.0,5.551115123125783e-17,0.062460890130808966,0.0010622018202389172,1.1102230246251565e-16,0.0,5.551115123125783e-17
0.036810306720234276,0.05239838425279969,-0.0032193797530649104,-0.003673217511508675,-0.0001633082109362416,0.051740027833370394,-0.0034157570515027103,0.08021177012971381,0.00541859354090668,-0.004044756045211817,0.0,-0.00041953022344659585,0.08730410098009994,-0.0019131657979024053,0.0,0.044151703170237755,-0.006945477167266734,0.050809124669821404,-1.1102230246251565e-16,0.09642095182487354,0.08382137974970488,0.07181167755110118,0.09077764252039355,0.034394902638433755,0.05829853086397341,0.07647488045339101,0.0950347067768268,0.07904663961527425,0.07410149456277088,0.11012882603755947,0.05381505414326099,0.04006449735974438,0.061365094141995424,0.05629835505583897,0.045945099590762206,0.0501034746763348,0.07169744179541782,1.8114970032345745e-05,0.059918077282757665,0.07390922234868258,0.06778044034316899,0.06428737672246154,-0.04339205558264342,-0.00030762067008116567,0.0,-0.009869625546730654,0.052935987811171814,-0.00025328812522973365,0.0,0.0,0.042689474657368,0.0033176507638131847,0.002791556277414564,0.0008297372626724364,-5.551115123125783e-17,0.0,0.0017659332992062127,-0.0019479490134178268,-2.5872693970918625e-05,0.08677981654744027,-0.010092079940053678,0.000984247165164931,-0.0012238073830917462,0.0,0.07761426150041145,0.08058663617580325,0.07488998174687678,0.07814097304599749,-0.0002475605008099846,-0.004963017278941273,0.08196139345598352,0.08138303198370755,0.08326224836926138,0.056063170267848295,-0.0037067278468805864,0.08319605679917652
0.04908552123954801,0.0383139202058152,0.0007642893786309335,-0.0011293877628658633,-0.009345134125582244,0.03890128380777791,0.056835832051962354,0.06251476025716718,0.06666245668213644,-0.01853453105267644,0.0001772473555940457,-0.0014674188137484556,0.058147046971662286,-8.808290696971088e-05,0.044151703170237755,0.0,0.07537253252489728,0.05073859368779271,-0.00011085708936370287,0.07458798758609464,0.03834096459063835,0.05560187485383511,0.05556702308661554,-0.01785954962966485,0.07414370330198994,0.04644466772554734,0.07341261240681679,0.06822362775479207,0.06299271484441044,0.09143788382945733,0.04967559620830142,0.014318949833230343,0.02450562874291734,0.044985166734129056,0.03538600982458395,0.004338271150551409,0.00044604441159068475,0.0022657762635980294,0.005605849301045629,-0.005112602094562657,0.021063582032325168,0.020022117581614762,3.3736018892616126e-05,0.0,0.0,0.06818525935323466,0.04074154838786076,0.0,0.0,0.0,-0.0021446867861791286,0.0005379784059021953,-0.0010023754563902032,0.0,-6.1028148123865034e-05,0.0,0.0010123522581105826,-0.0005649010897597617,0.0,0.05498799626006745,0.023928157273711947,0.0016882963560856945,0.04054002179093524,0.0,0.07071120151987897,0.04150652851472397,0.03594680964532099,0.07336875939872389,-0.005296187507657146,0.057220831130955,0.06549327095972307,0.07171500359734939,-0.0005777150878237269,0.007110329744096089,-1.1102230246251565e-16,0.02467828155219015
0.042120538943620556,0.01812114713049351,0.0020833294338600816,0.0017173874716905346,0.061749118255460145,-0.042214532141574446,0.03935848230434014,-0.0011014902656627523,-0.0031593970478950295,0.052286249321275846,-0.0035756788447338095,0.06420148742944648,0.06172462017337066,-0.00021208032285252587,-0.006945477167266734,0.07537253252489728,0.0,0.01580420470618976,0.0037347544962720303,0.053665641128871566,0.0038935231996994335,0.039758732689909926,9.592660631518868e-05,0.05217102323821504,0.06590101655048075,0.05848235759909792,-0.002430505358349655,0.0568644215961458,-0.006268733566808626,-0.00505490452316143,0.04435029410900854,0.01891476782185675,0.04934717482609968,0.025302925844127633,0.02542176387533751,0.06396972017496738,-0.0004187908771909332,0.020423090051082005,0.0032926180889306655,-0.020638675341469903,-0.005474702628595618,-0.0005456842312269172,-5.551115123125783e-17,0.0,0.0016597706797290557,-0.005658295288230641,0.03355747278760246,0.0,0.0,0.0,0.0,0.0,0.0,0.0,0.0345097274990942,0.0,0.0712126323124655,-0.0020536611687958506,0.0,-0.0003203739133078032,0.020874646190521706,0.013353626911695005,0.019313977975536356,0.0,1.1102230246251565e-16,0.0,0.0012622001429797303,0.0,0.09088955857861836,0.02142616728692681,0.04901561518231973,0.0,0.00012929304760633809,0.00020331242600352128,0.0,0.02060979997678447
0.06545081278421788,0.05516153571110827,-0.004090264552980005,-7.726110674677322e-05,-0.0057840694110321,0.025223877456984123,0.05115127411554965,0.055001721183562724,0.03503503288238402,0.047733830655643905,0.0008833591515076122,-0.015584604721980588,0.05843179009044319,0.00013544225566813894,0.050809124669821404,0.05073859368779271,0.01580420470618976,0.0,-0.002771669691356171,0.05895023088230961,0.03662996967851068,0.04802348403767087,0.034190453464956916,0.08049689954272943,0.0745341784556452,0.07246413093583354,0.06422634185205722,0.07194874223210873,0.04110552181306598,-0.0075746276520846645,0.046755264935952,0.013233462783007355,0.04474335010763292,0.03142192419413126,0.03332668046340381,0.003898957827247529,3.935138042310271e-05,-0.00012336850411032163,-0.0066407617193471324,-0.007690415962380293,0.009455276750981512,0.02677077415979573,0.0,0.0,-0.0002626705545887842,0.06157051961859694,0.047959439363307654,0.0,0.0,0.0,-0.0014933996159625096,0.0006727513988650791,0.0007727221010690455,0.0,-0.024779056970986646,0.0,-0.0221449329295047,0.0007528790277937514,0.0,0.0678930451014862,0.026933111010731814,-0.01317772716932264,0.01413579999795378,0.0,-0.004521699026983017,0.04095628410387592,0.023826366240394026,-0.0003852325677166091,0.054159926979613304,0.031466539099797075,0.04580202110897763,-0.002513011751159644,-0.0005574142318681696,-0.006957716150150228,0.0,0.015137794043058372
0.0,0.0010867900276830822,0.07189991050376426,0.10532392427131276,0.10468978494279452,0.09213235364479277,0.09136380074561778,0.11617845325144677,0.06646822665414148,0.07332544011796588,0.08489598796057779,-0.004219614933353544,0.0925823107093589,0.11165233712665057,-1.1102230246251565e-16,-0.00011085708936370287,0.0037347544962720303,-0.002771669691356171,0.0,0.00026303244102621193,-0.00025694753296617856,0.0017130867647074943,0.15623944387040622,-0.00028535792296413565,-0.0022774418715652,-0.0006935364867267091,0.07072595373569279,0.0874202173402287,-0.0031185616796600146,-0.0008254260663970725,0.07233242436300164,0.09321952580031279,0.1063937571750806,0.07101941021478925,0.07967960003843377,0.08750765460031235,0.07993416005340875,0.0799601297400459,0.02491936963710112,-0.00018160161893393534,0.006384502209833831,-9.673042866525927e-05,0.05474689705681307,-0.0009887000266530221,-0.0001657325819758304,0.0,0.0,0.1867272342122917,-5.551115123125783e-17,0.1026630421803838,0.08168193149986269,0.10451719165407836,0.11402548562011339,0.10840644549807388,0.0001374839528146543,0.11766957781593373,0.001942282021588193,0.11411778687985763,0.05569928757629178,2.220446049250313e-16,0.0,0.0,0.0,0.1312821131072101,0.00017501260571162192,0.0,0.00013576698313289004,0.08478733963617446,0.0,0.0,-5.551115123125783e-17,0.09924999658300215,-0.001207367247245572,-0.002966070045043956,0.0006033661536152257,-0.0003769405626193878
0.06223008996953272,0.061606796434442335,-0.0016571778407788451,0.04280149773301395,0.06048517863087616,0.04680600555990194,0.061176145051541175,0.07732690653427032,0.05395834930126253,-0.006321971614460686,-5.870623716236478e-05,0.0008737960186237514,0.06256031631771874,-0.0009800085967037742,0.09642095182487354,0.07458798758609464,0.053665641128871566,0.05895023088230961,0.00026303244102621193,0.0,0.08636616880137532,0.08646501620047464,0.10090674232822588,-0.0013126260019014624,0.06001291081512694,0.09451285956310423,0.09156873120630094,0.07586841342361794,0.04528743766881582,0.07165895895774299,0.07116255344475758,0.05128981469206051,0.05785283555232257,0.07678320390915178,0.05744277348725385,-0.004410801494950989,0.002498178152288366,0.00666230545943447,0.07240640364959894,0.08143806557365912,0.06152565707850938,0.0897709698675393,0.0399213208621379,0.00045357304910398355,-0.0003990315874933814,0.0019634317863231887,0.05914973792557848,0.0011756940510234681,0.0,0.0,0.06745814883623424,-0.00010606743007501862,0.07790595392846411,-0.0011923957594209833,0.0009887585597067594,1.1102230246251565e-16,0.0026303069008194457,0.07338711131767794,-1.1102230246251565e-16,0.08161984625065033,0.0016560888781138594,-5.366672521361915e-05,0.0006642460174320908,0.0,0.08519718867461518,0.08165669004033477,0.0714835806790422,0.07960393306934188,0.0,-0.003595160261010588,0.0831477321987733,0.07566493102222849,0.07456933029136348,0.05678504773314874,0.07811412751482671,0.07365170822210593
0.02945493317839737,0.015372946973113977,0.0006205964994261959,-0.0010481519269383566,0.0004422627231135401,0.08928285450845935,-0.004525680848870783,0.07228266477421053,-0.0011522246090797106,0.062304841546827916,-4.9373552207521154e-05,0.04339067294485427,0.06903064264104491,-0.004483079229749276,0.08382137974970488,0.03834096459063835,0.0038935231996994335,0.03662996967851068,-0.00025694753296617856,0.08636616880137532,0.0,0.08200205392766668,0.07963792447293516,0.032294850751828086,0.04239570908161566,0.044707538459240914,0.08591489325389995,0.07256749376142951,0.05001153205862946,0.08178800027946181,0.04559723692933243,0.02481505249438426,0.06732588456181438,0.038041202818649034,0.05920751803581675,-0.004358071135692754,0.0002543554485451849,0.020995728473590713,0.045230827696261966,0.060259276970569875,0.06835157474666331,0.05891745447744523,0.0037450116551200896,0.0,0.0,0.061942892286771245,0.06345749432926545,0.0025370707964763595,0.0,0.0,0.08128136328631341,0.001145278370169811,0.05979340490445145,0.0037115426213736313,-0.0008892603777014285,0.0,-6.76094007223127e-05,0.08256012260219614,5.551115123125783e-17,0.09415121415220856,0.05686499468273426,0.0,-0.0016325308087096757,0.0,0.09087664246261384,0.03772447219623437,0.06680379390062091,0.07546232865416547,0.0009408991499369468,0.06081725654896286,0.06619789941105902,0.09519818671911318,0.08402504219790274,0.053316958130519954,-0.0029550039089671354,0.09636369184711502
0.05557612539926521,0.03659966326953412,0.08376715303459481,0.025433691958318516,0.051356286877397184,0.042468417641386424,0.06175042802519243,-0.008846652004287081,0.055401920660507975,-0.009249184771478847,0.000851719127609285,-0.00040599210907010796,0.060292281285635574,-0.000638979000194273,0.07181167755110118,0.05560187485383511,0.039758732689909926,0.04802348403767087,0.0017130867647074943,0.08646501620047464,0.08200205392766668,0.0,0.08581176922714906,-0.007830592015222126,0.04690710482114929,0.054320742065911476,0.08842255021900974,0.0729200357790919,0.07694560351499402,0.06905585780624396,0.05973175814522297,0.02835779600154692,0.03757164932800433,0.061758033524586475,0.04586522178772412,0.04659440301156492,-0.0010773161138106224,0.0059116435738895134,0.03866264925653601,0.03921278860875416,0.035029441431194186,0.04247686978232379,0.014836143329541363,0.0003796682258283557,-0.0003992993532319633,-0.012637829606663376,0.04065934724549569,-0.0002530071398001432,1.4227077213602168e-05,-0.0001222101734411063,0.04253946912322942,0.004960108770245497,-0.0036505317352515387,-0.0006322023166739354,0.002289398249017749,0.0,0.0017240813867355764,0.0008275960446429975,0.0,0.07985448195261213,0.031106224363306678,-0.0011830051518450513,0.007497543880178648,0.0,0.06486705149002958,0.08407800330297438,0.058716379756759474,0.06449491784921096,0.0026879457204511126,0.03455918216878051,0.07135855787761192,0.06099190055124165,0.06612730327797822,0.038815242582850185,0.00027843999769783245,0.028764382523641885
0.04123740970966566,0.06365418705951914,0.12895071633428734,0.05476889143639163,0.08599360039574483,0.0945262074106979,0.08647609547969848,0.08695719122539364,0.11352753320866515,0.06793499121890051,0.062262579323824785,-0.010807843073964873,0.07809350201647441,0.06291597621870304,0.09077764252039355,0.05556702308661554,9.592660631518868e-05,0.034190453464956916,0.15623944387040622,0.10090674232822588,0.07963792447293516,0.08581176922714906,0.0,0.03356277341332298,0.029406228920954958,0.06015639776969134,0.10380718581649856,0.07696314886310268,0.0753368705033059,0.07523460095833684,0.06233087188504122,0.07148539967735712,0.062387313621493745,0.061111008128146904,0.06743543761337356,0.07737649588046003,0.06244578442221271,-0.01893859755380317,0.06204105648243474,0.08185634486242738,0.050557387326062075,0.07814394302201422,0.04992376025775336,0.06381673650285202,0.002068025388576533,-0.0010639110415710529,0.06449943531833702,0.10897050797979735,-0.0022280478810475235,0.07938781243736581,0.08156204367810582,0.08442191818368117,0.06670833269018173,0.09149981704313981,0.002709631634568832,0.0688949830531973,-0.004012312915845695,0.07323297202682133,0.018482805865670637,0.07150564573497886,-0.004592443316372652,0.0001305502442781048,-0.003244174892327756,0.10467098918914408,0.08252989322350712,0.05833410712643056,0.06446965142437955,0.07560675071378209,0.0004650575872549023,-0.0016589995205651964,0.0748435088640943,0.08049228873796055,0.0736838082144281,0.06547076383963557,0.07004615158739624,0.06881312910805948
0.02382600425366227,-0.012624666219913538,-0.0026305004870797455,0.0013098292716218207,0.05596334997194835,-0.0006488090103151101,0.030539241422964436,0.03373373949927638,0.07433569459191064,0.07719288628204368,0.08635539034443351,0.04985480900832184,0.049563932118695087,0.0065497870003108916,0.034394902638433755,-0.01785954962966485,0.05217102323821504,0.08049689954272943,-0.00028535792296413565,-0.0013126260019014624,0.032294850751828086,-0.007830592015222126,0.03356277341332298,0.0,0.05113176006709319,0.06417770354363034,-0.003327857037793036,0.047238273571259426,0.002541806104197575,0.0010023962815016163,0.025414726978608082,-0.06002946161445022,0.00491389668943476,0.040377972604833945,0.0630782049448676,0.06894764883431825,0.0038512190500959997,0.001509722593031726,-0.11494427662767737,-0.038816832534037726,-0.0016856918043489655,-0.026753069169815735,6.788942487684357e-05,0.0006079236425841628,-0.011339697633709733,0.0517195962207338,-0.009620397371159772,0.0,-5.551115123125783e-17,-0.0005156495478034762,-0.0005449253629369877,-0.0006764842533067417,-1.6653345369377348e-16,0.00048371899869853463,0.08268799661184212,0.0007735077711064076,0.11026264302199829,0.11048378688069199,0.0,-0.0034095385054993543,0.07072751978297626,0.07372827265476134,0.060692381044890775,6.283838476062176e-05,-0.0018416680296730603,-0.0027713124105673836,0.06400844293949887,0.0004412648885224746,0.11772478757637528,0.05451055770163582,0.08987642200181811,-0.0012807874666561636,0.060507156112507454,0.0011198406904001645,0.0,0.04087877775685905
0.03913789657647787,0.04794926077454137,0.03763740217436068,0.0008402776240969412,0.06561421299836157,0.022780145862553947,0.03688979575566936,0.04865687705518612,0.026549832668060325,0.07636750649503449,0.06868869277281181,0.06745758419800851,0.034578499326405665,-0.0008061645916662141,0.05829853086397341,0.07414370330198994,0.06590101655048075,0.0745341784556452,-0.0022774418715652,0.06001291081512694,0.04239570908161566,0.04690710482114929,0.029406228920954958,0.05113176006709319,0.0,0.06636709064065038,0.055219641933630215,0.036206157554391716,0.01045108290255442,-0.003019467289145261,0.040731071941546126,0.0165975106502968,0.04121585492472207,0.021070875877324202,0.019737178474732997,0.056351169519076094,0.0003846643632430813,0.003364144609901587,-0.005667730782105529,-0.012533327381785586,0.020220437441754557,0.047812696697057455,-0.001124363161688846,-5.551115123125783e-17,1.3814902463604728e-05,0.05669443622170128,0.047075307071076156,5.551115123125783e-17,0.0,2.220446049250313e-16,0.0005749302595959294,0.0011928814107494135,0.000627229291752962,0.0005518717532034256,-0.0007161445526056021,-0.0005337783953500708,0.013550263311574162,-0.005186109085526969,0.0,0.09081917730526184,0.02738380347162589,0.0009216682646300267,0.03552739974461522,0.0,0.03360547494637861,0.0371105967438643,0.042726191398325564,0.07942325475519174,0.058971308891326846,0.03883325729681947,0.04861802945011656,0.07063961569721605,0.00028682915138888987,0.02734760392918173,0.0,0.024804455624809874
0.058721572541795164,0.04936799126299651,-0.010409911595324117,0.00011154556812936756,0.08487543767625899,0.07004987959934028,0.04193415761626634,0.04343389402751496,-0.010011982207847825,0.08781636775970508,0.05846742830953616,0.05597823452474615,0.049826024413301195,-0.0006103036343049761,0.07647488045339101,0.04644466772554734,0.05848235759909792,0.07246413093583354,-0.0006935364867267091,0.09451285956310423,0.044707538459240914,0.054320742065911476,0.06015639776969134,0.06417770354363034,0.06636709064065038,0.0,0.09393041945074032,0.04656092534954437,0.05842819258869969,-0.00313437409548889,0.035659892002857185,0.008653279135543701,0.0397883946962721,0.02777308673203749,0.016091968698918713,0.020455735781874318,0.0017267995443189799,0.027686498671460502,0.014934996444127768,0.010203379599323992,0.04016725493776335,0.053973666279865884,0.019998888580343988,-8.414962384584168e-05,-0.0464611116746082,0.057515674669050165,0.06469436793204975,0.0016996317228279434,0.0,-4.796424942482558e-05,0.04978164587452333,0.00324198968737599,0.003602589637675513,-0.003421233458341555,0.04812903485316039,0.0,0.06408422133551395,-0.0011224905936962348,0.0,0.07123905666173957,0.045673761084854214,0.03787645340385426,0.05176451379679481,0.0,0.03550113020782192,0.046931165968846056,0.06211186951163994,0.07636806358612419,0.10902204132960758,0.05674129536176509,0.06507105686190123,0.05082071179830133,0.002942029321372275,0.03941097503896368,-0.0006295237665697173,0.047419386855182544
0.04995637314190998,0.06996870696620133,0.05695404768528911,0.06313897205550628,0.09802988457816031,0.06852497832808713,0.08942118786285613,0.09321370106851218,0.04398963074817813,0.09515630635242561,0.09535894912479037,-0.0024021037154207114,0.08432412136350387,0.07620074419109363,0.0950347067768268,0.07341261240681679,-0.002430505358349655,0.06422634185205722,0.07072595373569279,0.09156873120630094,0.08591489325389995,0.08842255021900974,0.10380718581649856,-0.003327857037793036,0.055219641933630215,0.09393041945074032,0.0,0.08489003009801488,0.07180189690318395,0.08523526065932108,0.07460994264522991,0.07357487466828339,0.050509194548937486,0.0680961342757061,0.07287464876458982,0.07127310927479197,0.06703159575042444,-0.009813231990613847,0.07100451095024074,-0.008848458754114441,0.05965990368914886,0.09581223895233937,0.05380011586377853,0.08004748765760195,1.2771055398763664e-06,0.0017162575143905845,0.09505462884416355,0.08990398049424364,-0.00026124670339494616,0.09201945554295887,0.07659201713383668,0.07874686482613003,0.07026487548825677,0.08840090298176351,0.0017730821079503523,0.054109988891048566,-0.004021925704921825,0.07334979749718173,-0.005718185577175072,0.07786742058206697,-0.003949609010674315,-1.1102230246251565e-16,0.00121928016034345,0.08026298522531228,0.08100962495478559,0.07255422142008977,0.06592720591977252,0.07748759946982875,-5.551115123125783e-17,-0.003634384192280793,0.0968701213136795,0.0803107351557879,0.07537537831867525,0.06862185055823333,0.07109530694612354,0.06951978762082656
