0.0,-0.030786619121247027,0.001774971741751119,0.0,-0.0008930117949290106,-0.016914765410866228,-0.0018629360302512832,-0.04120471508178669,0.010841087015355466,0.0019702771013437315,2.666834287456954e-06,-0.002169487312980223,-0.006981716372658819,-0.0005835056046394893,0.007117416720248904,-0.026413133891350193,-0.021120037959050153,-0.03654317103888516,0.0,-0.014543158249127719,-0.021839407116736986,-0.009570954953661004,-0.0176204333726675,-0.005727835894421218,-0.03695530187364471,-0.013773651734068526,-0.004980427193674752,-0.013208240151888262,-0.018654024959708804,0.01104924932278617,-0.01828818660596554,-0.009131099480756688,0.0007786280454007422,-0.009219541131012643,0.0004906657344201371,-0.0041433095691709165,0.0,0.0007782403959540329,-0.030304339437792094,-0.06534628381018126,-0.034416638304666736,-0.020408319871141833,0.0,0.0,0.04796258393490349,-0.019181245230129762,-0.05741755831438855,0.0,0.0,0.0,-0.002594146273414699,0.0,0.002730139626093253,0.0,-0.0017475786404577698,0.0,0.003314294689335029,-0.002608415555653276,0.0,-0.022607037409334785,-0.03835458094103028,-0.02355858507920988,-0.03575302468182012,0.0,-0.036349612170787304,-0.07705652325046342,-0.048753412219101455,-0.034709155535699254,0.0306702263896646,-0.04934201757521334,-0.03938888682118574,-0.0013444715762551684,0.0006931394053906748,0.003059228238614653,0.0,-0.05413480631027556
-0.030786619121247027,0.0,-0.007434759399400082,0.0,-0.0026248550059015385,-0.013211137250651317,-0.00403839115845922,-0.018321490200794988,-0.006305966002359387,-0.03171940449192373,-0.0011470975967103891,-0.03492357294810888,-0.006959450254791888,0.0,0.0037840336351558923,0.0018742934454580307,-0.047667971037238466,-0.014237255899800683,-0.0032141339926514134,-0.009365881515348784,-0.01604338736575278,0.011749055245931894,-0.011211671663824474,-0.015781906493490816,-0.0016461607827457647,-0.003752688832493467,-0.013388834664642912,-0.012905895680686397,-0.0017317439705007986,0.0018419689959714436,0.006799502045569283,0.0015510687434259207,0.022209312820469396,0.010955177983710818,0.011942202262255841,-0.04090005053013385,-0.001419317958964439,-0.001487236609365561,-0.026728576498241896,-0.025526383474797076,-0.020903991678700273,-0.02606265968934879,-0.00644783512581959,0.0,-9.84256192668731e-05,-0.042771338994483654,-0.03734919652006258,-0.0027614799027065873,0.0,-5.551115123125783e-17,-0.00557770356642856,-0.006798789497726221,0.006577372831539696,0.001494585561418238,-0.0003017583732032869,0.0,-0.0024905620935659067,-0.01118119651075311,0.0,-0.02722064298666843,-0.026256810734339664,-0.04587196858649778,-0.02976665683804436,0.0,-0.0192152545487273,-0.02656547883488991,-0.020037620856115268,-0.02131807724171564,-0.02083683059732755,-0.04072200040830665,-0.041908816439925,-0.014080803118165452,-0.017556518632951323,-0.016166613716580402,0.0025698591930846115,-0.01996982225942301
0.001774971741751119,-0.007434759399400082,0.0,-0.009204106213887897,0.010534325563199887,0.04141297260103877,-0.008063156346579448,0.0006783659485887217,0.02730787792325723,-0.0035339187101302016,0.005408281874355769,0.010192287397481958,-0.006311291555299359,0.004487367808470144,-0.004251045988281188,-0.002484077539645524,-0.002302475318693098,0.0004860069023261415,0.010184503077541485,-0.015406759611826415,-0.025165790434318824,-0.007441627495693326,0.030079602757176083,0.0013040393466969835,-0.0023459494877706155,-0.005201887762716073,0.04263487349865153,-0.0035910457097185766,-0.011819292857247865,0.004701462383091881,0.00618975763512869,0.01537594026011746,-0.004805150285709658,0.00766245489572509,0.013877777975921768,0.003458998098802346,0.0007574561154981563,0.014196383005108892,0.007073725805353925,-0.0008917655562411531,-0.00585282118438335,0.010040481634664644,0.025383576633022487,-0.0026285879819600844,-7.155890223875527e-06,0.0,0.0009089272306358476,-0.10269674108019583,0.00042695014492799555,-0.042294050624668456,-0.007922688575300874,-0.03348333858340813,0.01602583441373029,-0.009547257713239277,0.0020653488475286252,-0.10619298173402941,-0.0010506255489191596,-0.02660669009640315,-0.07198943170423383,0.0024840753533134086,-0.0007486911587177292,0.0,0.0,-0.10596909043824732,-0.012590625705601988,0.0009532506652395467,-0.011398922122206279,-0.0012087693018570933,0.0,0.0,-0.0003354130359130014,-0.04710790640617302,-0.009926836845772335,0.0005846590635320004,-0.0038846493406368143,-0.014240499864121903
0.0,0.0,-0.009204106213887897,0.0,-0.00022397846597588256,-0.004573915674925821,-0.003825858524302561,0.0011174964332485993,-0.017279775796957775,-0.09336233389153964,-0.019642323508471227,-0.0010789509347846615,-0.01744158647054539,-0.0010819448001070375,-0.0030981834973538014,0.0,0.000547197160445767,0.0,0.0010490150745628424,-0.0008116949541394636,0.0006221465526344838,0.003505529258840623,-0.0006689363255117375,-0.0030873392622675633,0.0,-0.0018345265387512688,-0.004264107611909096,0.010515149042200522,0.0006049514975070558,-0.0003027426447375636,0.036662232777626036,-0.002575137969807184,-0.01250606825521322,0.00063119731173783,-0.009788926420087107,0.03609543614178751,0.029178049676797796,-0.004891857726205984,-0.002201050397216242,0.0,0.0011780725818432702,0.0,0.0004706317688788486,0.0,0.0,0.0,0.0,-8.439503440471618e-05,0.0,0.0,-0.00039115691333302394,0.0,0.0,0.00019757964259753402,0.0,0.0002022716789120138,0.0,-0.00014873801756132288,0.0,0.0,0.0,0.0,0.0,0.0,0.0,0.0,0.0,0.0031771850513804267,0.0,0.0,0.0,-0.0005238800983350944,0.00019366260228192989,0.0014221732622281547,0.0,0.0
-0.0008930117949290106,-0.0026248550059015385,0.010534325563199887,-0.00022397846597588256,0.0,0.006379262975210964,-0.006007763286265733,-0.007310936676348745,0.008182106901254538,-0.040779087360954425,0.009946280584427813,-0.04165035857461197,-0.026502952789197176,-0.004510518511687489,-0.002730901125078622,-0.013577783205534322,-0.0020794046778842,-0.02961324850288649,0.014771679821848072,-0.013647105352679878,-0.0009566551507857457,-0.015707905796041144,-0.014502401944650245,-0.023549104411247745,-0.012025781493831378,-0.019023004918384823,0.0027621433798747375,-0.03113280025595333,-0.01555977172848566,-0.013009129822483922,-0.03561361697954368,-0.013009820574863384,-0.03552375051914153,-0.027743711976900953,-0.018182964507284738,0.016757871522872003,0.026158158162097545,-0.025979148123091045,0.02587777899404864,0.0027473521380977917,-0.006067695688005803,0.006991643841471884,0.01955968949901654,0.00020773879437602227,8.671940685184287e-05,0.0,-0.00026073606023752083,0.0005935354944488491,0.0,-0.00033942625186189623,-0.012437134089510637,-0.016088710661262162,-0.0032257179164796312,-0.003367306135127368,0.001637342461607294,-0.057290071275686194,0.00016319302888651022,-0.02027369096448539,0.0009611487727203549,-0.0018456741338483962,-0.0007268105593675744,0.0,0.0,-0.004603390264038554,-0.027095534951119382,0.0,-0.025608440726714143,-0.012672037280530457,0.0,0.00011555987862837958,-0.027542429310579375,-0.004907666165792746,-0.01395804052636207,-0.00897020266945342,0.0004807563523487879,-0.0168881779686616
-0.016914765410866228,-0.013211137250651317,0.04141297260103877,-0.004573915674925821,0.006379262975210964,0.0,0.00033617807368258035,-0.006010393107572454,0.033455739698826426,-0.006855192960617984,-0.011983137980923486,-0.01051218539643084,0.004577036829339021,-0.02007046401192053,-0.026177565769255617,-0.005877532887037129,-0.004285103506440069,0.0016099699630713893,0.02429732812857166,-0.012216318734038556,-0.019899952173110802,-0.019474084823128124,0.01882624323258225,0.003274053616783512,0.0030795347506006876,-0.014882342217688138,0.036348535752731614,-0.0010704925581637714,-0.0017397166394215735,0.0034512354517890476,-0.0045248991372786596,-0.00381985590225703,-0.003948802822777042,-0.0038420210220055373,-0.005318925338685443,-0.02664949243756476,-0.015605154563350765,-0.0028370083207578944,0.00601919724256561,-0.0018180851905715278,0.00855562191289816,0.005156986320907775,0.008783615997052019,-0.00416687126164228,-0.002152115780388042,-0.001275152157942272,-0.017838908942457266,0.007372139501746533,0.0,-0.002856085069413483,-0.0044039516539408075,-0.007668405302294401,0.01387565405096347,0.003001836171750316,0.004642877138594459,0.018808854901352756,-0.0014871606732898002,-0.005012728438492875,-0.0006271828193086249,-0.015868475401923654,-0.004416465302352013,5.551115123125783e-17,-0.008549723335097736,-0.0020097089644646182,-0.00570583328552543,-0.030379168034989357,-0.014777055238986925,0.00041272043402540426,0.0,-0.001909038335832669,-0.028584846473507508,-0.0006731629802380068,-0.0026550215462052273,-0.002464745267833579,-0.01686391095582429,0.0074734442133792545
-0.0018629360302512832,-0.00403839115845922,-0.008063156346579448,-0.003825858524302561,-0.006007763286265733,0.00033617807368258035,0.0,-0.028751257804394748,0.0027824160300013445,-0.027221152902419166,-0.023373370224514967,-0.030022271577819115,-0.001023055627441427,-0.010104705489939414,-0.007089737183979039,-0.0014431867242957197,-0.03528178101256907,-0.01965652965661041,-0.02690699406053554,-0.007180323898346053,-0.018882245814482057,-0.015536980933263889,-0.01911932360437335,-0.038394384322797126,-0.01323203215903146,0.008098103395991874,-0.005038764334372059,-0.0009176765658480135,-0.002271293852084244,0.004178922087306303,-0.010078117670960063,-0.02491655747424909,-0.009937989683466875,-0.006851412549053193,0.006390394693937318,-0.022675625921357134,-0.012851737667650076,-0.0026468751361640175,0.011710642120608072,0.000555846327183418,0.01121783035014634,0.011408269071435773,-0.006573051351478454,-0.0005530602410643848,-0.0019182660958232955,-0.0005308699302739583,-0.0049223619963665866,-0.021893646930304378,0.0,0.0022803052753446185,-0.021915252980670763,-0.033181870158445315,-0.016018070126959993,-0.013311350141428036,0.005036570598241308,-0.07800248384118957,0.001191370538677683,-0.021035235702009603,0.0008251583686852415,-0.0035674440364233395,-0.000809805302028066,1.1102230246251565e-16,-0.0009289362262802636,-0.020544261222419924,-0.005641789790784391,0.003587320366723823,-0.005894049072919294,-0.0180679344052177,-0.002313206170460713,-0.0028979260946213614,-0.011972767892588276,-0.0176795225106835,-0.017125713905927764,-0.008650958687619226,-0.01693435817999389,-0.012390795417270173
-0.04120471508178669,-0.018321490200794988,0.0006783659485887217,0.0011174964332485993,-0.007310936676348745,-0.006010393107572454,-0.028751257804394748,0.0,-0.015493917701174975,-0.017645336163930603,-0.00018078287276990235,-0.014782952428108953,-0.026955364784510827,-0.05440144708451006,-0.005612035053198239,-0.02736702453889911,0.0014603483818944052,-0.049755343164289756,-0.006901418414621496,-0.0033188787627052574,-0.03271384366795044,-0.010533466704926164,0.0012840257035408031,-0.03672334165136343,-0.04742777550165744,-0.03820752337425248,0.008974471449351817,-0.0245886728365195,-0.019248222319863506,-0.015410211353236114,-0.01357381841022165,-0.004671372033440424,-0.027687535742075997,-0.018185348192877038,-0.016063248486476556,-0.053782035873746636,-0.026068480396847005,0.02274716250072223,0.006338927881150813,0.005650407129566326,-0.0065590713198884765,-0.05717757554926711,0.019222710111541974,-1.9297085643132927e-05,-1.5654169539636165e-05,0.006283626833859468,-0.028845548108775043,0.018966577445919452,0.0,0.01261147818949715,-0.005214157873983827,0.008498031268286965,0.03422882298955687,0.018598941921073475,0.0003584573526529411,-0.06277152598173835,-1.1102230246251565e-16,-0.004513357679635621,0.0029365451545102506,-0.013547991208748389,-0.022661777477970102,0.0,-1.9390445333389295e-05,0.013993219229691656,-0.00944617674285364,-0.03221855344254987,-0.025157870388963888,0.00176880138858182,0.0021837674950053176,-0.028436216163770733,-0.02673999314728631,-0.005000041045171821,-0.012052906045363854,-0.016710090542112976,-0.03683889230349546,-0.005525597750149658
0.010841087015355466,-0.006305966002359387,0.02730787792325723,-0.017279775796957775,0.008182106901254538,0.033455739698826426,0.0027824160300013445,-0.015493917701174975,0.0,-0.010900454989224428,0.018733448149849896,-0.008734387382465292,-0.0007146513702702695,-0.0040423006859990895,-0.0024921361683100662,-0.0021088496818699176,-0.01790311891010965,-0.004612652882204138,0.015776678214338535,-0.014811299844366521,0.04198582772512427,-0.02287985425721717,0.01013224305088295,-0.01040943955747231,-0.0016176941708905268,-0.008088947065937768,0.03551965297830473,-0.011502251028239818,0.004035754522350277,0.0016520298896255392,-0.004371685202825548,-0.004079090622675363,-0.007618655634631821,-0.0018115816465166246,0.009821583687293856,-0.02320429692713266,-0.003779118664119674,-9.91049853569792e-05,0.023599609394736376,-0.007480621640264196,0.005657034688183793,-0.00042406329667010745,0.012684331155945361,-0.00025994366218701215,-0.0040032728097527115,0.0,0.002524717993879988,-0.1283011695759368,0.00011578184929983415,-0.010042594380746839,-0.016021599655321128,-0.020338737387998296,-0.0042793225909549815,-0.005578246546304233,0.001391550188776458,-0.13750496293792175,-0.003731938424869241,-0.0152746803738818,-0.00787292859720301,-0.0015244061390989327,0.0013478279592514797,5.551115123125783e-17,0.0,-0.01709488728578834,-0.017818004794248388,0.008113626153242404,-0.006404739450114161,-0.01707817804439349,-0.00028312833577109897,-0.00035286732595496417,-0.03235255796356745,-0.010876228230851659,-0.006416278640202444,-0.007986153881156088,-0.022476653058270735,-0.005342762203485729
0.0019702771013437315,-0.03171940449192373,-0.0035339187101302016,-0.09336233389153964,-0.040779087360954425,-0.006855192960617984,-0.027221152902419166,-0.017645336163930603,-0.010900454989224428,0.0,-0.021755742598573713,0.015397189838983305,-0.02217648718992038,-0.12511174667610636,-0.005996741306150299,0.012362780087942893,0.002201421880811072,0.01677221354524927,-0.023279297693055867,0.01236460979121945,-0.005848642946793936,-0.01756870015443024,-0.016998041008537412,0.004938554924942884,-0.006548261779303621,0.013509668326796842,0.003769918848705589,-0.004548502104789132,0.005543913734204486,0.005896378392927948,0.014115470585869871,0.02137515000338297,-0.019395534308123852,-0.004880328849102,0.024758964978159603,-0.03921863073826898,0.03248886308798726,-0.0017780399504039313,-0.003784759461448961,-0.053026676599918166,-0.004491314609683272,0.06208576444386038,-0.010219673148083308,-0.002695511323966171,-0.013029461189427827,0.010979186582614209,-0.004751317983844705,-0.02101918562502092,-1.1102230246251565e-16,1.6653345369377348e-16,-0.0052502460805256,0.006139658181364749,0.0009420813246696635,5.9653749079568996e-05,-0.029795710732136382,-0.02637245150374684,-0.024699005883905,-0.043447732251314375,0.0,0.001108743177894389,-0.02565131422867345,-0.02800521761628061,-0.023909826598248973,-0.0007052256894210518,0.0006098108782610634,0.0006779069450970621,0.004223548798796273,-0.006368076807727663,-0.01709642785895782,-0.02524286516825558,-0.017119199211355907,-0.006738990131066158,0.00593219788332483,0.003383119445872329,-1.1102230246251565e-16,-0.028488530568130277
2.666834287456954e-06,-0.0011470975967103891,0.005408281874355769,-0.019642323508471227,0.009946280584427813,-0.011983137980923486,-0.023373370224514967,-0.00018078287276990235,0.018733448149849896,-0.021755742598573713,0.0,-0.029388388455036496,-0.03507584994648588,0.0036659908180713408,0.0,-2.2926511655974036e-05,-0.0061465083001076,-0.018682667554932197,0.005770134750741951,0.00010536723905402168,0.0028690995328981006,-0.002203516887566037,-0.024934094156357778,-0.01764077126593716,-0.003651521028601612,-0.0443211848873592,0.02988196729691145,-0.03367987402368644,-0.01090173427992086,-0.00937056139480974,-0.026038460257073515,-0.014057190570754052,-0.027782689398256177,-0.019086964985014554,-0.011356558637159453,-0.015399494165064809,-0.02643899741004546,-0.013683292080660825,0.05860759665239523,0.003088352598459465,0.05729874806609575,0.0007326146171034442,0.03780285102146813,0.0031967879009747735,-6.27668095435352e-05,0.0,5.551115123125783e-17,0.02493722546822752,-0.00018492099341521628,-0.03189511872366513,-0.0012458864130769909,-0.017379340986626968,0.010365130073245243,0.04024036530431335,0.003394373528504635,-0.052185677722528856,0.0010665725793581604,-0.0039031161480166943,0.007046166425932088,-0.000456851915119183,0.0,0.0,0.0,-0.059437839990736735,-0.0037048424008198633,0.0,-0.00040923711784790484,-0.008404316090132147,0.0,0.0,0.0004733941672798725,0.008304993775933633,0.00393848718219203,0.008260916185497347,0.0003351250987881915,0.0040347248814019965
-0.002169487312980223,-0.03492357294810888,0.010192287397481958,-0.0010789509347846615,-0.04165035857461197,-0.01051218539643084,-0.030022271577819115,-0.014782952428108953,-0.008734387382465292,0.015397189838983305,-0.029388388455036496,0.0,-0.02869752401758774,0.0024769716009627185,-0.0034511277433760257,-0.020171978501789478,-0.026378484396475,-0.027745368147686744,-0.03241934541370789,0.0012104632488278422,-0.014122281117722235,-0.008788395812957428,-0.014038921096207135,-0.009038156969350508,-0.023554451967299772,-0.0024337436457709805,0.0022105942608182105,-0.01128983353340246,0.007363146018008249,0.0033819450691520148,-0.016442721576644226,0.04556534280270835,-0.03279489165198579,-0.011537029759255413,0.06737058784364025,-0.0125053558738501,0.04398917589733842,-0.014161605091919854,0.0037007843141290686,-0.04509896809515168,0.008925338490814505,-0.00015788100655172999,-0.011856880952463178,0.001137109100944944,0.0015141527248237474,-0.0014878933921980142,-0.0006590233223537356,0.0008965602612117651,0.0,-0.0004311255151454585,0.001995034868546741,0.0003277475536550001,0.0,0.0021880535411569757,-0.01948497375046715,0.00169010598269842,-0.014571966055598629,0.001985901672153234,0.0,5.652446033965752e-05,-0.010532908413784237,-0.02833980798475383,-0.019087483716916598,0.0,-0.0001437874946073059,0.0007251084636851757,0.0023052377451933115,0.001255117740873335,-0.0038452197988668724,-0.020126172846720858,-0.017665322601520095,0.0014896882859429805,0.013306992501762094,0.002326221321382549,0.0,-0.013133554021772464
-0.006981716372658819,-0.006959450254791888,-0.006311291555299359,-0.01744158647054539,-0.026502952789197176,0.004577036829339021,-0.001023055627441427,-0.026955364784510827,-0.0007146513702702695,-0.02217648718992038,-0.03507584994648588,-0.02869752401758774,0.0,-0.03253796604559578,-0.008427588057461965,-0.010001515350174517,-0.027089548465630775,-0.02335875991835057,-0.028551070427175418,-0.013692716765911384,-0.008192983516991159,-0.01756025504036235,-0.019228816524665238,-0.031532188767281644,-0.016380060593493895,-0.00837357472833633,-0.0027298969675562113,-0.008118169546174059,0.0016334513277961316,0.0158285634798892,-0.010055663769278633,-0.019531106641999696,-0.015007968428549567,-0.007636796066122331,0.013171946000939405,-0.04781403784874183,-0.03747925961264725,-0.0015413473253789167,0.015674609904889225,-0.023900270184594063,-0.014008992335163284,0.01609373015851101,-0.008087360326543558,0.0006765721782182599,0.008173709059497325,-0.0005725122842916708,-0.0062529960956423936,-0.02112682947753597,0.0,-0.027591990918780174,-0.01763945414427237,-0.02323002454501566,-0.010989697879984606,-0.014481087974438811,-0.0010791735423075766,-0.07236283359128054,-0.008208269513464983,-0.0161157093646348,0.0024859181786781592,-0.0018432423170393064,-0.006205709306408402,0.0011328427700211252,0.00023896272501183757,-0.02548358198219003,-0.0011570128730893359,-0.018989341533116266,0.0008091321907501281,-0.012095301358073463,-0.0011023795971468187,-0.015868329993532937,-0.015544124399759107,-0.016131263222434522,-0.005460585637336979,-0.005273106047713028,-0.005388898884847171,-0.002734474730270775
-0.0005835056046394893,0.0,0.004487367808470144,-0.0010819448001070375,-0.004510518511687489,-0.02007046401192053,-0.010104705489939414,-0.05440144708451006,-0.0040423006859990895,-0.12511174667610636,0.0036659908180713408,0.0024769716009627185,-0.03253796604559578,0.0,-0.00028026706233852394,0.0,0.0,0.0,0.005914501914700998,0.00039649342764047635,-0.002357930398229735,0.0010469411030794573,-0.049770874726982994,-0.007632724393692114,0.00018051981656114213,-0.003028913320428872,0.010245330429832056,-0.0002996373604398084,3.3318814352534254e-05,-0.0004536775930967796,-0.04528896329279741,-0.08210979484942771,-0.0004430455168754621,-0.050506991470395224,-0.005426138820539328,-0.024462821342493196,0.010889199783574721,-0.002184369009204823,0.007204889427704475,0.0,-0.0014244819653925767,0.0,-0.0014091560009807935,0.0,0.0,0.0,0.0,-0.004922599469245781,0.0,-0.002820623143466927,0.004136836274083233,0.0008572912340726324,-0.0019343775071569702,-0.006596157435964534,0.0,-0.043858863981123986,-0.0004588400703190998,-0.0054857623176600145,0.0015238012655013344,-5.551115123125783e-17,0.0,0.0,0.0,0.0003097065091876017,0.0010992926298990513,0.0,0.0,-0.025869980916680968,-0.000672805134511123,0.0,0.0,0.0074129642242881655,0.003838497764206139,0.003088427526718951,0.0,-5.551115123125783e-17
0.007117416720248904,0.0037840336351558923,-0.004251045988281188,-0.0030981834973538014,-0.002730901125078622,-0.026177565769255617,-0.007089737183979039,-0.005612035053198239,-0.0024921361683100662,-0.005996741306150299,0.0,-0.0034511277433760257,-0.008427588057461965,-0.00028026706233852394,0.0,0.002231564802113617,0.0018578198023113113,-0.019994467529894755,0.0,0.02052216547574054,-0.012373986110045199,0.0027867178817886917,0.0021433790593933244,-0.000492148426427641,-0.012120602539333225,-0.02612147704789025,0.005076054195209678,-0.015392053028805308,0.005026682184260223,0.00837185389513223,0.008933808252805542,-0.005081749594111451,-0.004588592238001954,0.002630271330207934,-0.006632350747878435,0.013582652122258065,0.01862430847541513,-0.005104412035994654,-0.010249085831467886,-0.014186723746436147,-0.011941835003438539,-0.01543362156493544,0.016205742740298568,-0.0011245645360162815,-0.0009849481208895616,-0.005672222455745668,-0.027239981542056035,-0.003496743425172255,0.0,0.0,-0.00286981659399016,-0.0006816554245991924,-0.0014883011699725612,-0.0017560329830035304,-0.0001448757926034716,0.0,-0.0014650564921706577,-0.002788610950061665,0.0,-0.024241025227695445,-0.016839526658239623,-0.0007896597112657666,0.0006891267606659035,0.0,-0.0056094340420008715,-0.012809527287776679,-0.023476864381251406,-0.004977643308965052,0.003119186406136787,-0.024005917247538255,-0.027686167717308918,-0.005367670457093465,-0.0063534762657843635,0.01027352581842439,0.01999952710439068,-0.009245728600338454
-0.026413133891350193,0.0018742934454580307,-0.002484077539645524,0.0,-0.013577783205534322,-0.005877532887037129,-0.0014431867242957197,-0.02736702453889911,-0.0021088496818699176,0.012362780087942893,-2.2926511655974036e-05,-0.020171978501789478,-0.010001515350174517,0.0,0.002231564802113617,0.0,0.018775190945820364,0.029608908013054547,-0.0012020586841878234,0.0139117743822737,-0.017223263005446854,0.011377499769689325,-0.011682072627625162,-0.026308745311952597,-0.003301848403208074,-0.021683726902154032,-0.004487920351104957,-0.006062796406461068,0.004544144052100851,-0.008821419157946098,0.01682149062729288,0.0065343214556310425,0.025009281873333344,0.013201991185221196,0.024081157753993943,0.005162835062825388,0.0027000776777184043,-0.0007779295290712973,-0.02298666112333625,-0.026841370157784483,-0.017506108386836916,-0.014017223345799412,0.0025720479047632305,0.0,0.0,-0.032535036731960454,-0.03476323316241969,0.0,0.0,0.0,0.006854012143040378,-0.00516941217134731,0.0003956720610188702,0.0,-0.037691012681357994,0.0,-0.029728463007127615,0.002329107798913932,0.0,-0.016887878889413455,-0.02166122813433713,-0.029560147474301357,-0.02306002891892739,0.0,-0.004074994694314604,-0.028347405977728335,-0.019682261890218655,-0.016122898888591308,-0.016852992793863153,-0.03405848056582872,-0.03738639595683141,0.0017560228602584438,0.005437637679436502,0.0019113196441068458,-7.868765637220054e-05,-0.017747810833052047
-0.021120037959050153,-0.047667971037238466,-0.002302475318693098,0.000547197160445767,-0.0020794046778842,-0.004285103506440069,-0.03528178101256907,0.0014603483818944052,-0.01790311891010965,0.002201421880811072,-0.0061465083001076,-0.026378484396475,-0.027089548465630775,0.0,0.0018578198023113113,0.018775190945820364,0.0,0.03916654560571631,-0.004353737563022042,0.013522688563029517,-0.022486630634088123,-0.03969109484654554,0.004211000826369549,-0.0009336275424882134,0.001967909985994165,0.005152636727920712,-0.003952828976053813,-0.0004376949356366122,-0.003154319444059417,-0.0033285362568747923,0.01079057610844747,0.0013658133745042544,-0.007613938223009209,0.0010011778786414016,0.02458021471570676,-0.0007960937909536892,-0.0016588572652540545,-0.03609142061555026,-0.012161557360401087,-0.03625804321405118,-0.02741503839914572,0.013576821983438292,0.0,0.0,-0.008906305285014238,-0.0003321098508385911,-0.004094463488894029,0.0,0.0,1.6653345369377348e-16,0.00028124777775262455,0.00027326585792158964,0.0,0.0,-0.027136810436448056,-0.00048497354310000906,-0.02023811843094464,-0.000516957259334927,0.0,0.0,-0.0317429128605049,-0.022771864481354653,-0.023674627432193396,0.0,0.0002441913725650946,-5.551115123125783e-17,0.0015072939689333986,-0.0009330532570626104,-0.02174588651081355,-0.02070918773962488,-0.016574553205656373,0.0,-0.0003044365716249886,-0.0019194602569264085,0.0,-0.013910429435972815
-0.03654317103888516,-0.014237255899800683,0.0004860069023261415,0.0,-0.02961324850288649,0.0016099699630713893,-0.01965652965661041,-0.049755343164289756,-0.004612652882204138,0.01677221354524927,-0.018682667554932197,-0.027745368147686744,-0.02335875991835057,0.0,-0.019994467529894755,0.029608908013054547,0.03916654560571631,0.0,-0.0024583322219124404,-0.010992964232977631,-0.039418428737458266,-0.0033788548265425433,-0.019125852572118185,-0.010704168077870446,0.00655750326465121,-0.009676611857410533,-0.022319221738403228,-0.011512433151534052,-0.01605241497790172,-0.001012884954072979,0.013208159497018757,0.011119354330994813,0.024775660098861396,0.012399634899767753,0.030123856402577087,-0.03934232441524871,0.0,-0.024791699951568547,-0.023983522566712823,-0.03499899314110538,-0.027265417448607665,-0.01757051715847624,5.551115123125783e-17,0.0,-0.003787454461135764,-0.03553043320287591,-0.04576499201082013,0.0,0.0,0.0,-0.0027351462981227703,-0.0003931736372324024,-0.00021645728264818587,0.0,-0.017047428326152747,0.0,-0.02654726163909299,-0.005473438777167938,0.0,-0.017231874903263278,-0.029842021509630834,-0.026215978481604507,-0.02634076463640217,0.0,-0.02619844906799146,0.007672050216678161,-0.0342200128530451,-0.0018980826619064972,-0.022853537303630045,-0.03284598784598486,-0.028140209086698897,0.0031146896601464413,-0.0059800665022330945,-0.017987669232961467,0.0,-0.027849637246450842
0.0,-0.0032141339926514134,0.010184503077541485,0.0010490150745628424,0.014771679821848072,0.02429732812857166,-0.02690699406053554,-0.006901418414621496,0.015776678214338535,-0.023279297693055867,0.005770134750741951,-0.03241934541370789,-0.028551070427175418,0.005914501914700998,0.0,-0.0012020586841878234,-0.004353737563022042,-0.0024583322219124404,0.0,-0.001562632675758846,0.0054467752249235946,-0.002126255478489991,0.037216385554884435,-0.0014178273193632962,0.0010202223454485182,-0.004969455940409706,0.05205841473426637,-0.027112454105054973,-0.005001899295607404,-0.01513035642503896,-0.01809483340296808,-0.008157990203420173,0.0014636025524750185,-0.014599133765653749,0.0012357291604728204,0.0057144506053009025,-0.021805395414978057,-0.01479260036801372,0.033533202315820354,-0.001809249775635735,-0.007593801854451798,0.00042587651867442844,0.0068415319936855346,5.551115123125783e-17,-1.6653345369377348e-16,0.0,5.551115123125783e-17,-0.16707778999243084,0.0,0.011485946415498716,-0.01748980932583144,-0.0067593254578329764,-0.018830531191727173,-0.0056360779888822155,0.0016479595716619722,-0.1663150647087355,-0.0017585105129780398,-0.01316461374778699,-0.005198165154082224,-0.0029325363979245678,0.0,0.0,0.0,-0.03079983150994886,-0.0038013879420973895,0.0,0.001834286919101702,-0.026938178676693902,0.0,0.0,-0.0007279107658866857,-0.006887750635850787,-0.008760248700655837,-0.01018247487858781,0.0010636777496080274,-0.011746490618968486
-0.014543158249127719,-0.009365881515348784,-0.015406759611826415,-0.0008116949541394636,-0.013647105352679878,-0.012216318734038556,-0.007180323898346053,-0.0033188787627052574,-0.014811299844366521,0.01236460979121945,0.00010536723905402168,0.0012104632488278422,-0.013692716765911384,0.00039649342764047635,0.02052216547574054,0.0139117743822737,0.013522688563029517,-0.010992964232977631,-0.001562632675758846,0.0,-0.0025628480485220817,0.0054313656404619826,0.012782802730680165,-0.042078058696424114,-0.007867537806197145,-0.010057711937234814,-0.009761531699433557,-0.004812269428267624,-0.003599007686374056,-0.008017961304444154,0.004815672657060954,-0.006356951155085888,0.008650236101454878,0.011724628287647587,0.0012849839840093358,0.008275843017128914,0.02039606629735663,0.004458483893334864,0.0042523867461496945,0.014396358219904537,0.005399719964900795,-0.008825885634728692,0.013945167666317981,-0.00048626451471384113,-0.001650342374234226,-0.03062184291609016,-0.0248663572268486,-0.019131871450785654,0.0,-0.0027153500265931774,0.002126747251726846,-0.013001161919309001,-0.006313665248873113,-0.011558536040433331,-0.001001932451884513,-0.0026150180961013736,-0.0003973687996817188,0.002044267651817311,0.0,-0.009372529815739494,-0.009594853337455744,-0.0005518124990445128,-0.026777192893021884,-0.0024696371785529747,0.003584030597212018,-0.011994426630201838,-0.010574573089738193,-0.0003608015564646738,-0.0023559174283528383,-0.024093381042059936,-0.022307388363426772,-0.0022896066965278905,-0.003403733414673038,0.0038193916276250683,-0.01395919682662522,0.008273871593209192
-0.021839407116736986,-0.01604338736575278,-0.025165790434318824,0.0006221465526344838,-0.0009566551507857457,-0.019899952173110802,-0.018882245814482057,-0.03271384366795044,0.04198582772512427,-0.005848642946793936,0.0028690995328981006,-0.014122281117722235,-0.008192983516991159,-0.002357930398229735,-0.012373986110045199,-0.017223263005446854,-0.022486630634088123,-0.039418428737458266,0.0054467752249235946,-0.0025628480485220817,0.0,-0.012095751532733012,-0.011742682825826412,-0.012930836447697769,-0.03542612698549569,-0.02551198099083768,-0.0031061335958625924,-0.008178893745456495,0.008076998096423815,0.01600854668298679,0.005261826083117649,0.011076840091196694,0.02954128470905293,-0.00094578313896726,-0.0013311864502572601,0.0846558723366958,0.0002729543407344881,-0.015526447330123594,-0.0304408852473797,-0.03543843389696022,-0.020401595192999555,-0.01881571493765355,0.0022667367343072176,0.0,-0.0006263448473376454,-0.009868589131144634,-0.043614349903726535,9.578131325560513e-05,0.0,0.0003304757920685186,-0.046221368399871565,0.004001035476451809,-0.03551943922939832,0.0014460481078417686,-0.0010573701905109423,0.0,0.001159367199291883,-0.02873871330074751,0.0,-0.02960372038141995,-0.020374712323082744,0.0,-0.008265437764272299,0.0,-0.023909174065318617,-0.046823158003207854,-0.027436261774653803,-0.023144906271371724,0.007424663047377156,-0.02522584286785129,-0.031270314697852464,-0.029386875756004793,-0.021407167154161022,-0.027533781935861146,-0.005453610845207235,-0.03516086493319287
-0.009570954953661004,0.011749055245931894,-0.007441627495693326,0.003505529258840623,-0.015707905796041144,-0.019474084823128124,-0.015536980933263889,-0.010533466704926164,-0.02287985425721717,-0.01756870015443024,-0.002203516887566037,-0.008788395812957428,-0.01756025504036235,0.0010469411030794573,0.0027867178817886917,0.011377499769689325,-0.03969109484654554,-0.0033788548265425433,-0.002126255478489991,0.0054313656404619826,-0.012095751532733012,0.0,0.0023128613342750515,-0.03148733944657822,-0.005403690877023304,-0.0026060863501254916,-0.011274012702823077,-0.01208939904799533,-0.0016212322979675675,-0.007736881715084909,-0.003226051332734403,-0.00835723316516529,0.01612913847466929,0.005175101199660803,-0.002122954826290213,0.006808880369931769,0.011098766449020636,-0.002577858294590063,-0.017334672447910204,-0.005539851452754652,-0.011422775775186023,-0.015607176035075943,-0.060950603948293824,0.0,-0.0010346547891496582,-0.0303015795779491,-0.017126076108125277,-0.004171067577810383,0.0,-0.00042407727032023335,-0.007293970897126578,-0.001156115165785121,-0.02012154288862128,-0.006514071978964475,0.0034979347106943726,0.0,-0.0006817805369752628,0.004273102499027404,0.0,-0.030028601139018563,-0.009613026842151262,-0.030099346628487345,-0.018249918637521123,-1.1102230246251565e-16,-0.009345060188324983,-0.02366992807901147,-0.01770238866084478,-0.013732521262461439,0.0038324546041990093,-0.02679272851558412,-0.02354017718859308,-0.008889727832561867,-0.006683166290521125,-0.006445417950238452,0.027916503815615168,-0.013845554342756083
-0.0176204333726675,-0.011211671663824474,0.030079602757176083,-0.0006689363255117375,-0.014502401944650245,0.01882624323258225,-0.01911932360437335,0.0012840257035408031,0.01013224305088295,-0.016998041008537412,-0.024934094156357778,-0.014038921096207135,-0.019228816524665238,-0.049770874726982994,0.0021433790593933244,-0.011682072627625162,0.004211000826369549,-0.019125852572118185,0.037216385554884435,0.012782802730680165,-0.011742682825826412,0.0023128613342750515,0.0,-0.020121501246643192,-0.017408212821408087,-0.02073694276370386,0.00917615846727321,-0.020309321038959216,-0.012043756486485091,-0.01155216201974063,-0.003195565664554978,-0.0015075469208716274,-0.014284683355973327,-0.0039189513750377825,0.004931183967343711,-0.022998877609979262,-0.0004218388387006722,-0.024536141664142308,0.0125991034937043,0.006515023363176886,0.008146037017360497,-0.005314829740386551,0.003458432697871161,-0.0004886732577796815,-0.004970842857962454,-0.009348586425727556,-0.020585563326126932,-0.10033530828771875,0.00010289379565636692,-0.012534980816912733,-0.0036450179046013664,-0.008578836536438428,0.018589378511775834,-0.015102098986770729,-0.01710470328232805,-0.22467537265416426,-0.006455933547813653,-0.008041575194807749,-0.002984520329093354,-0.00255728628320806,-0.006999221577614345,-0.0023617814607662657,-0.0034906477224731502,-0.21038573909912534,0.004637199699519257,-0.01249223995638965,-0.01134843677296593,0.004204510837431674,-1.7472634408211007e-06,-0.024976787810859602,-0.02325726162588454,-0.005875959809744646,-0.004145405627563048,0.002775441485276642,-0.0019361977351777249,0.006418171188380617
-0.005727835894421218,-0.015781906493490816,0.0013040393466969835,-0.0030873392622675633,-0.023549104411247745,0.003274053616783512,-0.038394384322797126,-0.03672334165136343,-0.01040943955747231,0.004938554924942884,-0.01764077126593716,-0.009038156969350508,-0.031532188767281644,-0.007632724393692114,-0.000492148426427641,-0.026308745311952597,-0.0009336275424882134,-0.010704168077870446,-0.0014178273193632962,-0.042078058696424114,-0.012930836447697769,-0.03148733944657822,-0.020121501246643192,0.0,-0.01551798441927904,0.01099844721926313,0.009477876287587506,-0.018494698735473658,-0.013867069109997132,0.0008430426449109185,-0.00688250016882197,0.028188615279179763,-0.010427006362162927,-0.00445337874836077,0.04510558704503498,-0.0007712998785063818,0.03087640611582687,-0.005627419781151555,-0.007718930259825674,-0.05944364147607023,0.00372501943526532,0.014821929153118918,-0.00953065525834157,-0.00033374882828662855,-0.015771824589461192,6.935057114088039e-05,-0.04202714092373189,-0.00022071048483252032,0.0,0.0,-0.0021892511984940577,0.00270098198815677,0.0008887775575822654,-0.0015438288391538268,-0.015948446843517428,0.00010548915875563392,-0.0034549472231744094,0.0033994584169610986,0.0,-0.0008609687345594863,-0.03382975852890857,-0.023744663133491384,-0.027414419682827984,0.0,0.0023630589381332667,-0.0036318762760377266,0.004611575137601964,-0.004480256756165646,0.01383963789909165,-0.03193856907396292,-0.02115582999010851,-0.0015449361909049553,0.006240730888147805,-0.0005864551651377226,0.0,-0.05687114493106288
-0.03695530187364471,-0.0016461607827457647,-0.0023459494877706155,0.0,-0.012025781493831378,0.0030795347506006876,-0.01323203215903146,-0.04742777550165744,-0.0016176941708905268,-0.006548261779303621,-0.003651521028601612,-0.023554451967299772,-0.016380060593493895,0.00018051981656114213,-0.012120602539333225,-0.003301848403208074,0.001967909985994165,0.00655750326465121,0.0010202223454485182,-0.007867537806197145,-0.03542612698549569,-0.005403690877023304,-0.017408212821408087,-0.01551798441927904,0.0,0.000749972890909445,-0.011381986639811159,-0.01672230651259482,0.0024112179266086997,-0.002141476253847918,-0.003930407832943017,0.01070990142321765,0.0018488049138031815,0.0014708807371670574,0.02206224300409082,-0.03310110611892736,-0.0006994347578977433,-0.032829345259110354,-0.031244057270599312,-0.03612600614004058,-0.02982201772894366,-0.026861085016527286,0.0008784530690591486,0.0,-0.027164935756379682,-0.036075734344748145,-0.048260000529008085,0.0,0.0,0.0,-0.008013199878689481,-0.0006165649450225463,0.0021313448876537078,0.00034730454230996743,-0.021800448964000185,0.0,-0.018560951910500167,-0.012687431768788782,0.0,-0.035421289960474944,-0.035037672068728154,-0.03366400265993891,-0.030726808838013375,0.0,-0.019196006630458673,-0.013990303469630927,-0.03485233948398814,-0.05799242321835868,-0.02157241082488387,-0.038504571474115956,-0.033988993003494616,-0.020819477650965368,-0.0016464899063803884,-0.015164290457029883,0.0,-0.03232422998823137
-0.013773651734068526,-0.003752688832493467,-0.005201887762716073,-0.0018345265387512688,-0.019023004918384823,-0.014882342217688138,0.008098103395991874,-0.03820752337425248,-0.008088947065937768,0.013509668326796842,-0.0443211848873592,-0.0024337436457709805,-0.00837357472833633,-0.003028913320428872,-0.02612147704789025,-0.021683726902154032,0.005152636727920712,-0.009676611857410533,-0.004969455940409706,-0.010057711937234814,-0.02551198099083768,-0.0026060863501254916,-0.02073694276370386,0.01099844721926313,0.000749972890909445,0.0,-0.019648940371080892,-0.004121409216001126,0.0045725417017177805,0.0051033592232622715,-0.008700402487422432,-0.007263716496500872,-0.007333087561054885,-0.0033880229079852886,-0.002882861041402507,-0.0021054482840481836,0.019935827997757172,-0.016299499052140065,-0.031403567417161826,-0.04030967227070664,-0.03045211502734052,-0.03052477677897575,-0.05749946146623813,0.0,-0.020281068704216643,-0.03321264646850308,-0.04265775095553209,-0.004877057764531623,0.0,-0.0004076156668367248,-0.02124632449382552,-0.008089453496172683,-0.0335747215891542,-0.0035556163258858575,-0.018640972211195594,0.0005621919757742289,-0.01646774329394729,-0.019075983722499912,0.0,-0.03656891256096406,-0.03196310740663916,-0.023015620375639645,-0.027424608036496156,-5.551115123125783e-17,-0.022112246520994083,-0.031949245865102616,-0.03148619176553075,-0.03165054138763468,-0.018413230928645885,-0.035634409869987116,-0.03624352365112249,-0.030446780790117034,-0.023262689738592912,-0.02005680490420203,0.00034616084384697654,-0.026253612760151313
