0.0,0.0335788370974579,0.003023399499813728,0.0,-0.00013818329358666892,0.014465669796378311,0.0194362361432866,0.001084793437355569,0.0030932990554595197,-0.0066204212474807456,-0.0004660063221730293,-0.0009531086411133094,0.021643487820724838,0.003694342255515626,0.030304636143443364,0.028867831948716227,-0.021306583215844277,0.013271802203372318,0.0,0.015737977300761596,0.006413446394623434,0.031749559550290574,-0.006324682500629175,0.004181361222333313,0.02327126818057612,0.032384921220854235,0.005633752099205691,0.02237745890498727,0.007264270166617903,0.0015604663760622195,0.012770366275443423,0.010231105688100706,0.010092738711582061,0.00555142225437244,0.006965754700897442,0.0006510856886842165,0.0,0.03753534625184424,0.004613747074533381,0.024078163387411977,-0.006345370050471866,0.0028262816372144894,0.0,0.0,0.00028837729643127474,0.01768573886686009,-0.0018564377186669478,0.0,0.0,0.0,0.028870533091601425,0.0,-0.0018194697235692225,0.0,-0.0008088547355837306,0.0,0.057501690697118024,0.0017878185448788608,0.0,-0.014481761288970163,0.012315127073036891,-0.00829779528396768,-0.018195084072271883,0.0,0.003033422882771919,0.026168977417990735,0.005770251372384461,-0.03048758314431177,0.02001163826569985,-0.014757560732017339,-0.011555021849682434,-0.0031367679777906665,-0.0003336133905682548,0.034263938151890494,0.0,0.005766353927706913
0.0335788370974579,0.0,0.001850864331784996,0.0,0.04414397381690632,0.024291352315448322,0.03080258013584347,-0.013768894375847995,0.030299152760488113,0.012341750504601456,0.0005521070012394769,0.006237781337633919,0.030622780147617323,0.0,0.0069709201734441395,0.01729464643186468,-0.00814832183744707,0.018120489599421474,0.0010955813810548665,0.015890747854814924,0.01941990780448749,0.01679509592172418,0.007985385924380528,0.020437205791949686,0.01770387025133885,0.03558464461173244,0.013106066546073325,0.018336609314174135,0.01760373027473433,0.008414028351788505,0.023624798265357128,0.02258575780563926,0.017903464675981695,0.016238902997247173,0.010006980386428721,-0.0037367277552023404,0.00035591359863562655,-0.0006777254491827645,0.007226387170675974,0.019016466617656158,0.00421647086210053,0.002209481307424155,-0.004294608995111304,0.0,4.7373016606955254e-05,0.011296902739677317,0.0010344096783449497,-0.0006863716201326864,0.0,-5.551115123125783e-17,0.016105481973871405,0.008602637859351447,-0.009562224805481356,-0.001524307326202179,-0.013033516198525497,0.0,-0.0016580228637750327,0.014632944849183926,0.0,0.010103508061001687,0.010744243388728869,0.005308873219204313,0.009596452188978477,0.0,0.022526100739213406,0.0037464360337168268,0.010759396427010959,0.0023382540560488163,0.013747538959778538,0.01195506629820503,-0.006522731198834897,0.012822716570271175,0.029152265294044355,0.031387279004441715,0.004121397705090291,0.011635058644396346
0.003023399499813728,0.001850864331784996,0.0,-0.033093757412675895,-0.00778958836325272,-0.005310036058532641,-0.015010297448448284,-0.01318986440187081,-0.04473574854803519,-0.011446346387471829,-0.032118468335472106,0.005910967506350007,-0.00799647149015259,-0.029753725793495223,-0.0005209039930460513,0.0034889176128209964,0.0016898462559563066,0.0020546881646624215,-0.05144534882420718,-0.0009863402893591777,0.0037371310888644205,0.007378000649666594,-0.009149954256478465,0.0007989974142549316,0.005728819255235051,0.01115290933932761,-0.029489949189574094,-0.004831486270647833,0.0010971833668037,0.00206935163748867,0.005183929522529995,-0.0006319981752604398,-0.009534960604047182,-0.004356259186738043,-0.0166785392791316,0.005228348310330422,-0.0024050813802374837,-0.024378594606091653,-0.005724002780038706,5.445188808461676e-05,0.0004870912449003173,-0.012000332476311049,-0.06782692433921739,0.0008095623342698754,0.0002777271425011829,0.0,0.0001001102509150531,-0.02661565738513083,-0.00020549442773770688,0.008905611892356946,0.004690123778320454,0.003999411979001888,-0.008682949244713023,0.014615661409301373,0.0023279824982339603,-0.03886563552393052,-0.0008496363133126406,0.0072893111164635815,-0.06779452708801509,0.002380164836673304,0.0003603508818077472,0.0,0.0,0.0007357730906175086,-0.0012226123996537108,0.0012961690253067704,-0.002714709896884715,0.010452956060119645,0.0,0.0,-0.00042996254338517614,0.007406443707850374,0.013069675971617678,0.015985806808102854,0.002025193429109562,0.005139863596242744
0.0,0.0,-0.033093757412675895,0.0,-0.004027872359288365,0.005298104993975039,0.00950398365819416,-0.06607812175985767,0.0020047635620795146,-0.1188931549944518,-0.03838760085541948,0.0057706469051209686,0.016908835023261293,-0.05774725767598293,0.0013496320614923007,0.0,-7.110406672483638e-05,0.0,-0.003997589235206267,-0.02662395112177368,0.00016190214702871408,0.003203604941618199,0.012914258988810545,-0.004496178894017933,0.0,0.00248144230365277,-0.006853414081439357,0.006330417675314282,-0.018552788683818988,0.00014571239117994184,-0.05465838434787346,-0.05921367821761736,-0.09456326720059213,-0.042875183591667754,-0.04931530597221312,-0.06482196422859798,-0.03014900900252826,-0.029404172919748228,9.809193693610663e-05,0.0,-0.0005670155026645807,0.0,0.0004241777151128834,0.0,0.0,0.0,0.0,4.061998691184954e-05,0.0,0.0,-0.006532791326576859,0.0,0.0,-9.509661975870554e-05,0.0,-9.735493335533141e-05,0.0,7.158876549107074e-05,0.0,0.0,0.0,0.0,0.0,0.0,0.0,0.0,0.0,-0.013347873626472329,0.0,0.0,0.0,0.005570076290294379,-9.321131776834912e-05,0.0007309629931269157,0.0,0.0
-0.00013818329358666892,0.04414397381690632,-0.00778958836325272,-0.004027872359288365,0.0,-0.002973909641330097,-0.0007764683325518495,-0.03542638773817147,-0.0065293139390426025,-0.004904006000632344,-0.02490849667424133,-0.009279440086849888,-0.022730619384154993,-0.02443545019248472,0.0016195565766660147,0.004805336196006038,-0.020352075316607432,0.004462835307647184,0.0033550151137932693,0.028647201285275925,0.0043623566394894175,0.02955682815292504,-0.005719749698590071,0.00979020079460935,0.011404503256527199,0.02589794542612045,-0.008403006940289892,0.0033845241711354945,0.02551763975521193,0.007142851227229352,0.006131053023494093,0.002670044065170407,-0.005649595614110214,-0.004509756274365118,0.0026022363685021532,-0.022619807168235362,-0.03366352412444454,0.004646086532097304,0.02967129362776999,-0.0023628524245777327,0.009099263439018901,-0.0022832225491941083,-0.05233736888566887,-9.998629857910224e-05,-0.00087334486462598,0.0,-4.309757502740652e-05,-0.043006370370696156,0.0,-0.04569142506222357,-0.011047147716475525,-0.021250200989295753,-0.0036413061283373516,-0.043737220764852536,0.0015738980229949018,-0.08144491038815982,-0.0026408553151880954,-0.0010054366319180996,1.9053215876529972e-05,0.00023407241470912998,0.00034981957904217653,0.0,0.0,-0.06125625305482868,0.004609560443557759,0.0,-0.001134505929569929,-0.01572187535195102,0.0,0.00014715990478175733,-0.002694009527967778,-0.009656730124546153,0.012335669278164874,0.00953335961294205,-0.017899516948527316,-0.014379287709471167
0.014465669796378311,0.024291352315448322,-0.005310036058532641,0.005298104993975039,-0.002973909641330097,0.0,0.01600858328694199,0.028426976095748624,0.008765886051113947,0.01555291924578922,-0.00501784910768488,0.01224301286933388,0.02056149674312574,0.0029312840194065104,0.009607967268461581,0.014552956297415265,0.001951941362979881,0.018363455465639333,-0.007811090088853667,0.01747207491039765,0.02097114309524012,0.016498507092418346,0.0075643174844042815,-0.014494772485389273,0.0249319331062704,0.03162773911686573,0.0224739724912274,0.023410716706864065,0.03509678867262933,0.019138178250340088,0.029121722289011276,0.028490336407879957,0.018342453629576982,0.0181431740971868,0.014928662354713518,0.040438443215058406,0.022736376452780593,0.0042389428274987595,0.03158161933305792,-0.0016230233958484663,0.03615963001523581,0.013567020513590822,0.018476666769117467,0.006049021192025661,-0.0012163250148132243,-0.010610185486697343,0.01935922187336342,-0.00848302235160403,0.0,0.004682306358489208,0.012745812872435147,0.006487367326711291,0.017566703174920983,-0.004427465157604615,-0.005405900002892539,-0.034636772155541506,-0.0023714721137877426,0.00969529903510924,-0.05595063912332249,0.015443879914336878,0.014587356985209243,5.551115123125783e-17,-0.0018447492446624358,-0.014343727350078606,0.024143986968276854,0.03627030161628869,0.016750963807767694,0.01549990444364202,0.0,0.019157589081991777,0.007786943628845078,0.0162029153742842,0.0189660175075147,0.025434186841994555,0.01806478529705835,0.03384851994768445
0.0194362361432866,0.03080258013584347,-0.015010297448448284,0.00950398365819416,-0.0007764683325518495,0.01600858328694199,0.0,0.0046356763300460235,0.0259827450588474,-0.00639023486811946,-0.0036165330663131545,-0.002329698455772078,0.019482138677017646,-0.013579452028206818,0.01538370032669606,0.018328221833106895,-0.014996021802805903,0.018098728376884143,-0.004489953514984546,0.012652729028100496,0.01156744065347226,0.020429665906268712,0.005399797352244329,-0.00710105181833065,0.02370301073072678,0.03714769684029462,0.011150773362982203,-0.00017875384839383113,0.009504992471144114,0.005416385666149659,0.002582373056733811,-0.005131223176673416,-0.011419838403018967,-0.007054412906572327,0.00013818198819315342,0.007183861526165181,-0.0021918198491676644,0.0018663027316750957,0.026338008459748652,0.07494934383867419,0.021205452122062818,0.012994847250115682,0.013668306393951779,-0.001776940528563642,-0.0005962874110693739,-1.640262567881301e-06,0.008209803070233834,-0.02862749682707999,0.0,-0.017675529134399848,-0.0027313201631834483,-0.012676304650553472,-0.0022476199425368604,-0.018130210566094762,-0.0011349654897052641,-0.06428982278684764,0.0015450396868753602,-0.0050333662524578715,0.0011383073099590635,0.012010915301947755,0.0025877604630068496,1.1102230246251565e-16,0.0001583335616939796,-0.03667692910503162,0.012621052222083318,0.001154074040728148,0.029161424966426208,-0.002488784866057303,-0.0021007960607459797,0.011525320775873371,0.015069050706160214,3.155354631467766e-05,0.0035831667519946597,0.008797257314129836,0.005959636984921968,0.01737273369514869
0.001084793437355569,-0.013768894375847995,-0.01318986440187081,-0.06607812175985767,-0.03542638773817147,0.028426976095748624,0.0046356763300460235,0.0,-0.006598225614719566,-0.0029746446040284646,-0.007234035141919004,0.0433879152343743,0.009442162833503964,-0.034615383826767765,-0.07400109716206277,0.010334121392728268,0.006318803784800653,0.0039030454334562092,-0.022761289104201277,-0.0049705508725091385,0.005930178121483609,0.0018979538078610636,0.027225720291910616,0.011210382919668804,-0.011014519193173922,-0.002174715210890077,0.00481223628788352,0.010426091462164389,0.01817848386473314,0.025443605385171764,0.021744060938864995,0.03181870342862936,0.003284314742851846,0.01267088024948071,0.006352055802945233,-0.073849591342047,0.006706136560677478,0.004791223933487243,0.011852060319360425,-0.00028993410686406484,0.01185889455096878,0.0008512285925349472,-0.008365129948291472,9.287837510640884e-06,-0.00019990659539775857,0.000992609120574306,-0.007604101608054525,0.006154653549840461,0.0,0.01994412233519327,0.015306989016360295,0.011164338976367705,-0.0004014221562074205,0.011659903798083127,-0.0003441289899725475,-0.03042588104212568,-1.1102230246251565e-16,0.006495760342052792,-0.029518226410137405,0.0161330914102481,0.006430093737480935,0.0,-8.950368612370418e-06,-0.010308095551937124,0.023773010759803204,0.05416209815782125,0.006300281439667155,0.022908613872682837,-0.00018358374557481127,0.026156271485141214,-0.011928973111315522,0.013458565329451277,0.019768493270428622,0.02579200975214907,0.032917227460272536,0.03374066884227672
0.0030932990554595197,0.030299152760488113,-0.04473574854803519,0.0020047635620795146,-0.0065293139390426025,0.008765886051113947,0.0259827450588474,-0.006598225614719566,0.0,0.010213619235832194,-0.060227485412631065,0.009756718035322465,0.033012973614383156,-0.016176163376682928,0.0012543510739844166,0.03462956310731208,-0.006566752775631013,0.007798464172107555,-0.048264373039485164,0.029453905477380138,0.07817831877739118,0.024915961541624343,0.004552220482124836,-0.027786215274278603,0.021803020461427847,0.04370022512932664,-0.004140310787805801,0.020881271414709968,0.025514822594190523,0.023892388365263306,0.027961593129617712,0.021009100412331727,0.004833620031614694,0.015131586316275258,0.008287977624948872,0.03028094905924872,0.01727184153949618,0.010279918482601624,0.019078005277782806,-0.0016902572521499404,0.014862615978679883,0.002673144066552502,-0.04554500575576892,-0.0012936955883204315,0.0005634817074174903,0.0,0.0010398170765263393,0.0049644079484018055,0.0012759522582725946,0.0015465778410954645,-0.0012017232656906796,-0.001880532142890634,-0.0032832185585396356,-0.012646685969264992,0.0028390411818526307,-0.02565222673578721,-0.0021668830824971286,0.002449395287256073,-0.06568666920327032,0.003257483115022941,0.000723366118907276,5.551115123125783e-17,0.0,-0.02020127426681073,0.007253229310270226,-0.0008994298337983153,0.057394541208994954,0.00040142946798082946,0.0009020807267795528,0.0001466094640028004,0.005650860831196314,-0.003932455461244655,0.009604481221206052,0.012896041967601302,0.019494209651119365,0.017912825009291478
-0.0066204212474807456,0.012341750504601456,-0.011446346387471829,-0.1188931549944518,-0.004904006000632344,0.01555291924578922,-0.00639023486811946,-0.0029746446040284646,0.010213619235832194,0.0,-0.0008428905844329315,0.016577783857899542,0.0031584270835364747,-0.09767530590931495,0.009191107217216277,-0.0028369141729405745,0.01017578279037501,0.007229461285492456,0.0006947745769874114,-0.002420449995884366,-0.007126262248981774,-0.0021801655742464954,0.006510648405225139,0.013077650781540273,0.009350671356657458,0.009662965877640206,0.009039580762902455,0.0075221723875242286,0.002102080914049176,0.0029046502536588803,0.0077320589265723605,-0.0076386388426738505,-0.0018074179785159683,-0.0007598055887835797,-0.023474106081284307,-0.050456356491203225,-0.004199578551119354,0.0021882249523840214,-0.050413239759558304,-0.01746644627753252,-0.0022294516005341714,0.0075341124266810056,-0.012757631984058715,-0.0005091756155245486,-0.014136372259295149,-0.01134318459054523,-0.021818709883434595,0.0009181132577390505,-1.1102230246251565e-16,1.6653345369377348e-16,0.0032130309195589346,0.0015186513501042609,0.0009700743772776965,-0.002367494559876726,0.004315406084090201,0.00198998095195857,0.002827317524730033,0.0017713618793673835,0.0,-0.0004990703707846711,-0.0054271271367610785,-0.003079742847788225,-0.005471179389288983,-0.00043801413503991027,-0.0001691693891134327,0.0004264210099881871,-0.0070973470217632895,0.005013445640244751,0.00025771605911273365,0.0019305178602765372,0.00484708448001675,-0.0036252155509407524,0.060841014196256926,-0.022192269540791953,-1.1102230246251565e-16,-0.013268069399979265
-0.0004660063221730293,0.0005521070012394769,-0.032118468335472106,-0.03838760085541948,-0.02490849667424133,-0.00501784910768488,-0.0036165330663131545,-0.007234035141919004,-0.060227485412631065,-0.0008428905844329315,0.0,-0.004930486001281875,-0.0011777355176021964,-0.02591758612935846,0.0,1.1034708498947055e-05,-0.024571697814681104,-0.026833639867889725,-0.04399868255429348,-5.071407223750102e-05,0.006125387456370979,0.00019553632087221384,-0.029474335409157615,0.014481187985896815,-0.023452377328201435,-0.017075073026955878,0.007405505467481699,0.000489460893197402,0.0031787438103010324,0.012686144076981654,0.00982012858032738,0.016406094291748552,-0.016798603510790266,-0.0009002928173151847,0.0001419598232310637,-0.07344510040805569,-0.018135765767331502,-0.0036464224309835647,-0.05330503854379842,-0.0005096885771500581,-0.004145332615905772,0.0013212647504429187,-0.07468658281837193,-0.00017892220674742276,-9.144809039168811e-05,0.0,5.551115123125783e-17,-0.014939758204253306,8.900391338401148e-05,-0.07167226622377681,-0.020353451688335078,-0.033413234452206286,-0.03311717626365862,-0.011667515647819371,0.0010419907412476115,-0.08515076033311425,0.002133918508118282,-0.015814296874875955,0.011411690213645354,0.0011596008588143913,0.0,0.0,0.0,-0.09594612552519807,-0.00018029930956936502,0.0,-0.00162456719004328,-0.014979243056761626,0.0,0.0,-1.6920368259232266e-05,-0.02591933045717465,-0.01098606023501908,0.0047474629253457246,0.0007519525377898129,-0.0051718403375744515
-0.0009531086411133094,0.006237781337633919,0.005910967506350007,0.0057706469051209686,-0.009279440086849888,0.01224301286933388,-0.002329698455772078,0.0433879152343743,0.009756718035322465,0.016577783857899542,-0.004930486001281875,0.0,-0.000619488195224116,0.0038672630716840017,0.00045887564675906045,0.005227008021809532,-0.0077062940575287064,0.0027717203194761453,-0.03604088043366638,-0.04901682884286085,0.01246358444189588,-0.019765459490582893,-0.00516455972552754,0.017354658486086583,0.004106916729822385,-0.01244064172746373,0.0026216919478316836,0.009301055767390765,-0.010287196758351436,0.001936371764904743,0.00516335565293552,-0.011499307700332029,-0.018210758211624434,-0.017046463538928913,-0.007237143937935064,-0.0010553507984564225,0.0012020831835017898,-0.016956051964149954,-0.03171041680355313,-0.002571915987174489,0.036515749777976,-0.002247761479287569,0.0024618082154290177,0.0009007052492422674,0.016877348261662095,0.011101530792457848,-0.03770353407104732,0.0006280973694008374,0.0,-0.00042963150366032155,-0.004341855046146592,0.001506574772778102,0.0,0.0016282003276069101,0.0009150775035085545,0.00039248578463124684,0.011701743928335784,0.0052173164748351986,0.0,0.0006292388166816987,-0.007928659924357817,-0.006597273713601526,-0.0077521590885304414,0.0,-0.0007127561646484426,0.00016945295470127686,0.003505294039949647,0.0004684284992067522,0.004411980851397601,-0.002338662270904901,0.0031035615761895174,-0.008361862661416641,0.0038893710465374154,0.0021971802491266845,0.0,-0.006528107814889328
0.021643487820724838,0.030622780147617323,-0.00799647149015259,0.016908835023261293,-0.022730619384154993,0.02056149674312574,0.019482138677017646,0.009442162833503964,0.033012973614383156,0.0031584270835364747,-0.0011777355176021964,-0.000619488195224116,0.0,-0.02393961912046,0.008874590698769003,0.014179704869228371,-0.006198123516840903,0.015474857330055658,0.0049279720637703806,0.007531234514084273,0.014241462786420023,0.016625755041696944,0.004279066415151633,0.010039621670129784,0.024146482233617206,0.0314676024583847,0.008411240689171762,0.019119127771132227,0.01665950130009064,0.005727954716670591,0.005514265006176855,0.012527488015362964,0.004183010024985723,0.0012940533239109153,0.006984916147101616,0.011447960541628388,0.020175353005524532,0.008116373261924215,0.03551578446476994,0.005908255363396453,0.031676473320436105,0.024409511405894646,0.010283421088290334,0.005886776879565181,1.8138627114805406e-05,-0.0005265209211923749,0.011711698995052255,-0.019295063931995204,0.0,-0.004472196112115023,0.005939710208300308,-0.0005240545356776094,0.0060332156116365,-0.013870541669513625,0.002485975817194619,0.012066824236667828,-0.07464857913014344,0.0031056841574897964,0.0003654603080825436,0.01895821697157024,0.01463804986599615,0.002104196103034417,0.003938398249559882,-0.03806647201178376,0.012517000558882774,0.029049187087435813,0.01925733010911379,0.008125667850903628,-0.0013733671918776391,0.0016229477690899996,0.011278833805851152,0.008788593605648654,0.00792093059375909,0.012554410404220784,0.008800630657173403,0.014101256312982091
0.003694342255515626,0.0,-0.029753725793495223,-0.05774725767598293,-0.02443545019248472,0.0029312840194065104,-0.013579452028206818,-0.034615383826767765,-0.016176163376682928,-0.09767530590931495,-0.02591758612935846,0.0038672630716840017,-0.02393961912046,0.0,-2.6339392249496996e-06,0.0,0.0,0.0,-0.02828915566230905,-0.0040194961812786145,0.0048334554597704305,0.003324849055703294,-0.004146717570762959,0.006352930858699035,-8.688559270958462e-05,0.005490868826905304,0.018951287205277334,-0.03486816194231718,0.006442384657500355,-0.00048444755461718447,-0.017595078587441193,-0.08769088056360125,-0.0008534469485902973,-0.08925933182456175,-0.06760592290850903,-0.037680236271761564,-0.02033699898218852,-0.09587118680188011,-0.004041208706796473,0.0,-0.0021641456285921845,0.0,-0.023123878814246046,0.0,0.0,0.0,0.0,0.001843202040709646,0.0,0.0011497365865660303,-0.12839955621071603,0.001555101836347439,-0.0029390789049334454,-0.036772735235302556,0.0,-0.09940855708495433,-0.000454319227544131,-0.001304499598334341,-0.0010088543778093428,-5.551115123125783e-17,0.0,0.0,0.0,0.001322677525810112,2.3277946837652053e-05,0.0,0.0,-0.03320796601179943,0.00032382634773081564,0.0,0.0,-0.03429877340211451,0.0015718405886126496,0.0013209226454613532,0.0,-5.551115123125783e-17
0.030304636143443364,0.0069709201734441395,-0.0005209039930460513,0.0013496320614923007,0.0016195565766660147,0.009607967268461581,0.01538370032669606,-0.07400109716206277,0.0012543510739844166,0.009191107217216277,0.0,0.00045887564675906045,0.008874590698769003,-2.6339392249496996e-06,0.0,0.01099063957587415,0.004251667109442581,0.024133505817135026,0.0,-0.006590985193741239,-0.0008091380325354058,-0.020669496926316144,0.008444833403291274,0.03330962381207081,0.020780437368617122,-0.016525674780589972,-0.009927725626268924,-0.0012958380776903478,-0.014794730623005736,0.02030665660391795,0.00081426015411451,0.0015455099294018892,-0.004005122984912457,-0.0019504285545212108,-0.009098425150290357,0.015878728708122902,0.00501883235176831,0.0005249916026572321,0.007607799437118923,0.012043160495405547,0.009570751152429446,0.008352564219393788,0.06363897583822076,0.0005412616637512357,-0.0027037081332118573,0.00398469306735677,0.013095059881009452,0.0013899302029835026,0.0,0.0,0.017298345587775932,-0.0003924058740896741,0.006926489093525279,0.0016129030318884907,-0.0002390709297703797,0.0,-0.0002976535921355161,0.016258614497951407,0.0,0.009875707610163542,0.017893438600023015,-0.00023010006161605645,0.01887604945722715,0.0,0.009841413060626192,0.01386490904424914,0.016171349804650847,0.009940573187945834,-0.0018696096128009154,0.011679786297146277,0.0046885265879862414,0.016130891258090863,0.008683917035413491,0.013123513012241184,-0.00355725999036266,0.012516202035603496
0.028867831948716227,0.01729464643186468,0.0034889176128209964,0.0,0.004805336196006038,0.014552956297415265,0.018328221833106895,0.010334121392728268,0.03462956310731208,-0.0028369141729405745,1.1034708498947055e-05,0.005227008021809532,0.014179704869228371,0.0,0.01099063957587415,0.0,0.009129556060780919,0.019902851837554858,-0.0007249531951490362,-0.002502718264399517,0.02004157883911606,0.015241850488417363,0.009804869189908638,0.019278059609554143,0.016984905987948773,0.018566035500043876,0.009086144918526162,0.004851316619704948,0.0013022427643601397,0.006995982945952051,0.0053043546427078425,0.004585771956648221,0.0009242584587814684,-0.0035047056951464373,-0.004838969839298435,0.00584954012042016,-0.0005066656932528613,-0.003047953843381468,0.00786802165163164,0.02071468560481332,0.0013871426630584494,0.006800219887867498,0.0013551837950400158,0.0,0.0,0.01700460991381275,0.005162084903285624,0.0,0.0,0.0,-0.014988030494249238,-0.0021552306874922933,0.0043769921351409224,0.0,0.008626629444261125,0.0,-0.013824150735010698,0.007502046768515458,0.0,0.016086337783466187,0.012218376793204588,-0.003174451366298181,0.0021889444423636717,0.0,0.012159746800498972,0.009861977203183658,0.012219868968276426,-0.024346997360336298,0.002727793599116235,0.007774066913891375,-0.0008584992242967049,0.016139603387522572,0.008550340609111085,0.009394675883754589,-0.00012298640356167567,0.0075652665059645074
-0.021306583215844277,-0.00814832183744707,0.0016898462559563066,-7.110406672483638e-05,-0.020352075316607432,0.001951941362979881,-0.014996021802805903,0.006318803784800653,-0.006566752775631013,0.01017578279037501,-0.024571697814681104,-0.0077062940575287064,-0.006198123516840903,0.0,0.004251667109442581,0.009129556060780919,0.0,-0.00915399725966276,-0.020243272972646942,0.023048239826281958,0.013742589483775547,0.022813690156539612,0.0043099754890765785,-0.006637144272805706,-0.009193482229071737,-0.020754610968086173,-0.0019382742650835283,0.0008871976274553717,0.0033828559817426496,0.0029357778214169072,0.0014669579089117146,-0.012776052781016956,-0.009540449071154533,-0.016932870365333752,-0.018913261251051028,-0.01439964066421967,0.0005551080127767505,-0.004898021598840896,-0.015685737441606284,-0.006696365581903341,-0.01722329970064318,0.003479047000352564,0.0,0.0,0.009321977292874428,-0.013337873565682001,0.005083111031099763,0.0,0.0,1.6653345369377348e-16,0.0006287047871318396,-0.0001315249842654409,0.0,0.0,0.0022471139449236066,0.0002334215408776319,-0.00028188251583322055,0.0010928519866168496,0.0,0.0,0.0021651119600394897,-0.007321214402829901,-0.010372670362477632,0.0,-0.00011753120817453722,-5.551115123125783e-17,0.0017571284348167349,0.0023201212013719275,0.014483553184805376,0.0006241643736012437,0.0014495242580488399,0.0,0.001748746678531088,0.004594591054667474,0.0,-0.02805480921605824
0.013271802203372318,0.018120489599421474,0.0020546881646624215,0.0,0.004462835307647184,0.018363455465639333,0.018098728376884143,0.0039030454334562092,0.007798464172107555,0.007229461285492456,-0.026833639867889725,0.0027717203194761453,0.015474857330055658,0.0,0.024133505817135026,0.019902851837554858,-0.00915399725966276,0.0,0.006107667638668213,0.014681384125625918,0.012019666611656377,0.022300056662182932,0.008087591085404855,0.006185006043991137,0.009441603797128939,-0.0014663213273861109,0.01592353485265341,0.011844534696451359,0.014592585119654056,0.029989353346491943,0.009248720188530402,0.0007239625328547827,-0.01312878720796451,-0.010661284950116479,-0.013395385352677924,0.002362704196583354,0.0,-0.0019128478137900307,0.002124642633594853,-0.0041766663201866505,-0.018258331199058897,-0.010001865025560164,5.551115123125783e-17,0.0,-0.01548749426929047,0.010762112361197784,0.003868479583396922,0.0,0.0,0.0,0.007481557195795074,-0.0009118757161212243,-6.4438242706188475e-06,0.0,0.0012066616283018528,0.0,0.005343825264997382,0.0035270484727341067,0.0,-0.02077430170251926,0.005824988592299629,-0.006785431864034741,-0.010031936217564708,0.0,0.008892080920137158,0.009480171564674289,0.007309044720162139,0.008324570195751224,0.013511721391341158,-0.0065988728156680665,-0.006240050062289559,0.03641014059781483,0.009886280024931637,0.013412926461694785,0.0,-0.009884879532894686
0.0,0.0010955813810548665,-0.05144534882420718,-0.003997589235206267,0.0033550151137932693,-0.007811090088853667,-0.004489953514984546,-0.022761289104201277,-0.048264373039485164,0.0006947745769874114,-0.04399868255429348,-0.03604088043366638,0.0049279720637703806,-0.02828915566230905,0.0,-0.0007249531951490362,-0.020243272972646942,0.006107667638668213,0.0,-0.0014510774847755203,0.0011046654445613924,0.0035761658291669773,-0.0581795835397505,-0.05585253846985405,-0.03401640062782446,-0.02460324602886277,-0.023979906576122867,0.0006501825666033745,0.05744488286065297,0.01194693753116427,0.006325981244415135,0.013500737040682054,-0.022868635205098686,-0.0035896763802254483,-0.011031614880483986,0.002505962946848017,0.002570595150063304,-0.0063938120086941,0.0064984466211061576,0.0002726232688789465,-0.02147858324648222,0.0014477362144267314,-0.06631491774833925,5.551115123125783e-17,-1.6653345369377348e-16,0.0,5.551115123125783e-17,-0.12700653106800608,0.0,-0.030462165736330427,-0.0201217729498413,-0.01750782493591596,-0.021735278795981472,-0.03226634890603708,0.0007500663450547007,-0.15969313940490332,0.0008463847965096694,-0.018839643882595847,-0.05491277141881057,-0.0004496708467687238,0.0,0.0,0.0,-0.0991894083818598,-0.0009845106825368544,0.0,-0.0008803801618083029,-0.016581299893763113,0.0,0.0,0.0027924396319519706,-0.0077049955860512,-0.018818652569539573,0.028426420633490823,0.0017937980841290502,-0.0018188753272495584
0.015737977300761596,0.015890747854814924,-0.0009863402893591777,-0.02662395112177368,0.028647201285275925,0.01747207491039765,0.012652729028100496,-0.0049705508725091385,0.029453905477380138,-0.002420449995884366,-5.071407223750102e-05,-0.04901682884286085,0.007531234514084273,-0.0040194961812786145,-0.006590985193741239,-0.002502718264399517,0.023048239826281958,0.014681384125625918,-0.0014510774847755203,0.0,0.006157066380852727,0.01349603533291771,0.006809276753113269,0.025952470738997202,0.016654443291750365,0.008204440093798171,0.005454511425666164,0.009741814745424682,0.02053361667182224,0.026078280261492726,0.012321057696553672,0.015098663709146698,3.874409376031229e-05,-0.002183737765214133,-0.0058023214940236545,0.043035749040015614,0.02061255557559777,-0.015148813831908858,0.01563399576729535,0.021658489566212413,0.018327328092273,0.011779542936687204,0.0715769204764361,0.00043823135287868187,0.0003216253166640759,0.006148453618930794,0.013487962204925097,0.003083399977824419,0.0,0.001478669581848946,0.01905458612085259,0.007271164455134982,0.0018873417948906401,0.0037087475789997493,0.0011370677705329069,-0.0017891932843693281,-0.00030132094920165553,0.012601152851540232,0.0,0.00564004572249871,0.012184564961900679,0.00045199025673314797,0.014070151144100651,0.0005433042812731936,0.013438153574447276,0.01760627558301997,0.015687121208996957,0.015895101676464407,-0.002259079719607149,0.013154755336978408,-5.1076876689371e-05,0.02253363031017791,0.01147048823980118,0.017396375816662146,0.0035161230421992817,0.017844673164072455
0.006413446394623434,0.01941990780448749,0.0037371310888644205,0.00016190214702871408,0.0043623566394894175,0.02097114309524012,0.01156744065347226,0.005930178121483609,0.07817831877739118,-0.007126262248981774,0.006125387456370979,0.01246358444189588,0.014241462786420023,0.0048334554597704305,-0.0008091380325354058,0.02004157883911606,0.013742589483775547,0.012019666611656377,0.0011046654445613924,0.006157066380852727,0.0,0.026217157872454877,0.0193392871079483,0.0046877914358803285,-0.0019415770901398677,0.011326480630980018,-0.0007919513866499472,0.009195195901133435,0.012230958131287384,0.016125365041175788,0.021675806197896774,0.02172516071998204,-0.007437547719751525,0.005540495629301756,0.008734222749999132,0.043044454745842786,0.03586134750554959,0.005453471687320743,0.02425891377358963,0.008681272805452278,0.024460553959740672,0.02830480685624015,-0.00012615660093812098,0.0,-0.00027433830161860406,0.03610832681589793,0.016561269415329538,0.0016670534167619877,0.0,-0.00015906057083936442,0.026639667744529416,0.006515801954703582,0.040650617573310566,0.0008949345863806246,-0.0012259675212115684,0.0,-1.1047431707988942e-05,0.017500655043750313,0.0,0.012732436388410207,0.01351706720675272,0.0,0.00395531931827936,0.0,0.014177705945251473,0.04361865133152232,0.0271730492341673,0.029684925804490336,-0.0039943536601512175,0.012284461021236759,0.0035093020646237427,0.04805832731879944,0.027315502818634763,0.03735509983384416,0.03162274334828652,0.038561466137410405
0.031749559550290574,0.01679509592172418,0.007378000649666594,0.003203604941618199,0.02955682815292504,0.016498507092418346,0.020429665906268712,0.0018979538078610636,0.024915961541624343,-0.0021801655742464954,0.00019553632087221384,-0.019765459490582893,0.016625755041696944,0.003324849055703294,-0.020669496926316144,0.015241850488417363,0.022813690156539612,0.022300056662182932,0.0035761658291669773,0.01349603533291771,0.026217157872454877,0.0,0.015125914326025391,0.0021801253573376367,0.025438335496955344,0.02046309197073959,0.010537314840769307,0.0007747273168223212,0.006388726927710198,0.0020573600264627845,0.01619717100665935,0.01790187954831035,0.013007909041568011,-0.0018155021042923214,0.002119574878737651,0.029811109458182883,0.014897724789162514,-0.08173602828582366,0.019097927227311295,0.022589443263366926,0.025239187683183284,0.02344685015068787,0.07426251563550951,0.0,0.0024125205898204993,0.007102708074945507,0.023661128989514446,0.0015524449196308576,0.0,8.591871118696082e-05,0.023175982833104236,0.009128552056501815,-0.00292078499946119,0.0014062395979236864,-0.0246275617351997,0.0,0.0077225302921097305,0.01452109562789422,0.0,0.015188438260705817,0.0163269349767996,0.012939057322137404,0.0087115557668766,-1.1102230246251565e-16,0.01357087082807601,0.017971291550067547,0.02295812622882709,0.01723603551093905,0.007722295685063996,0.014530992121439712,0.008948049185184437,0.02031184043437506,0.020885655074919796,0.01860625055297066,0.014511451341138126,0.022303876765586594
-0.006324682500629175,0.007985385924380528,-0.009149954256478465,0.012914258988810545,-0.005719749698590071,0.0075643174844042815,0.005399797352244329,0.027225720291910616,0.004552220482124836,0.006510648405225139,-0.029474335409157615,-0.00516455972552754,0.004279066415151633,-0.004146717570762959,0.008444833403291274,0.009804869189908638,0.0043099754890765785,0.008087591085404855,-0.0581795835397505,0.006809276753113269,0.0193392871079483,0.015125914326025391,0.0,0.01819885687393724,0.0020252167593952097,0.011276181983271572,-0.0034761050748534084,0.009651226932298362,0.011522975021394266,0.02260889344630468,0.020619130675156472,0.017182589945680393,0.014340812722242191,0.00829957468723408,-0.0028242343804391057,0.025706871795116826,0.023458228709783646,0.0002993829381873758,0.018070675672070324,0.02365427613521448,0.02346931675903441,0.014707515880351352,0.004617251935904121,-0.002701899472564828,-0.00548461174966991,-0.012660041991341131,0.0005590983872271194,0.005539885626721697,-4.9523584679245225e-05,0.01848535465627743,0.013954269064134217,0.006629435316150345,0.007171832551690294,-0.0007136808323134902,-0.0086449430485383,-0.009412464498963602,-0.009826998168613266,0.007994414711872788,-0.04738493148751094,0.008994940068183688,0.0032496436856637723,0.0010582435955642788,0.0067091793056111015,0.021263609243524884,0.012653647005794355,0.02330817581692851,0.00025689734134837217,0.022043535044084628,0.0011072623203955412,-0.001005470563297084,-0.009476783858920479,0.012311810966305847,0.009608692130423147,0.016823845033030804,0.014599708630716801,0.024957375229898382
0.004181361222333313,0.020437205791949686,0.0007989974142549316,-0.004496178894017933,0.00979020079460935,-0.014494772485389273,-0.00710105181833065,0.011210382919668804,-0.027786215274278603,0.013077650781540273,0.014481187985896815,0.017354658486086583,0.010039621670129784,0.006352930858699035,0.03330962381207081,0.019278059609554143,-0.006637144272805706,0.006185006043991137,-0.05585253846985405,0.025952470738997202,0.0046877914358803285,0.0021801253573376367,0.01819885687393724,0.0,0.01884174098214836,0.018957011072573804,0.012569993484054576,-0.022631888588090898,0.019799130107917617,0.0040003298033259305,0.015039403451761413,-0.020619757338822875,-0.004678795674265379,-0.018099080536419954,-0.020753562670904113,-0.012823854161817139,0.004927199649879255,-0.01920575174279382,-0.06369936083620475,0.0028677282054535014,0.01772611236092686,0.005589163579527878,0.0007373693384877256,-8.982102618498855e-05,0.02913077684209414,-0.03333051050373265,-0.007176686269327326,0.00010622967415568896,0.0,0.0,-0.001347859662185702,0.0006704391843965762,0.0002888904720003693,0.000942418541418466,0.012617824606775019,-0.0011495519300012136,0.0022232274406484565,0.003931864328484247,0.0,-0.0017642546899451217,0.010841057133824328,-0.0021742219231488114,-0.006181584388263495,0.0,0.0009883990680282784,-0.004272900730931561,-0.017279873459614625,-0.0009701265915887936,0.0335482591384908,-0.006203113437765195,-0.0043458971583514305,-0.001259061177806442,0.0013562633080111408,-0.013194879418053529,0.0,0.0023706977046776823
0.02327126818057612,0.01770387025133885,0.005728819255235051,0.0,0.011404503256527199,0.0249319331062704,0.02370301073072678,-0.011014519193173922,0.021803020461427847,0.009350671356657458,-0.023452377328201435,0.004106916729822385,0.024146482233617206,-8.688559270958462e-05,0.020780437368617122,0.016984905987948773,-0.009193482229071737,0.009441603797128939,-0.03401640062782446,0.016654443291750365,-0.0019415770901398677,0.025438335496955344,0.0020252167593952097,0.01884174098214836,0.0,0.011271346724604503,0.02103681100410726,0.009437630019718923,0.02082029828201859,0.019616507796550164,-0.00011428128416274275,0.009315989576475725,-0.003195191664522423,-0.009561612772016559,-0.001264524043385784,-0.019382304969970232,-9.627380191523649e-05,0.0012899198388534594,-0.0009650946588782849,0.008455841073644443,-0.008871093397080532,-0.012504602373716478,-0.0008432466878172118,0.0,-0.0009629429074330953,0.018974073276633363,0.005177641789437026,0.0,0.0,0.0,0.011153997377660874,0.0021098729226215474,0.020410776426117716,0.0001333045052059334,0.00018410385417505504,0.0,0.0003724580877225159,-0.0004233878131161273,0.0,0.022968305863758642,0.006051664132415091,-0.006546594977335007,-0.009517811859261704,0.0,0.021826095675574753,0.008080973578165063,0.009591763482843685,0.0010145593461255986,0.00973332434468721,-0.005621537951926769,-0.003112350498486516,0.017754660989460103,0.013870518947862454,0.016779099564492306,0.0,-0.0030793318673481007
0.032384921220854235,0.03558464461173244,0.01115290933932761,0.00248144230365277,0.02589794542612045,0.03162773911686573,0.03714769684029462,-0.002174715210890077,0.04370022512932664,0.009662965877640206,-0.017075073026955878,-0.01244064172746373,0.0314676024583847,0.005490868826905304,-0.016525674780589972,0.018566035500043876,-0.020754610968086173,-0.0014663213273861109,-0.02460324602886277,0.008204440093798171,0.011326480630980018,0.02046309197073959,0.011276181983271572,0.018957011072573804,0.011271346724604503,0.0,0.018067910839170254,0.01653285920059011,0.021023915867759535,0.02920805167212759,0.02274021361093037,0.014399929216152962,0.010693509606761353,0.013154865669902704,0.01555666440433906,0.06468541113862758,0.027569154289085795,-0.010904484640080814,0.004927793794557878,0.014333152238780122,0.004680959823066877,0.002531394036758894,0.08525630823794189,0.0,0.011218895491624914,0.02039006344380745,0.0048111812579429425,0.0018091046995938886,0.0,0.0005737938367732509,0.01814510972768485,-0.005502132615565536,-0.0036275126696156956,0.0007163616469950673,-0.003650265383592144,4.356307977920748e-05,-0.01018217805776045,0.0021061842702929656,0.0,0.00928761039955428,0.003977723879976192,-0.0131163388979188,-0.011139399138728356,-5.551115123125783e-17,0.02580191844210461,0.01130457660178974,0.017337770542055764,0.008451334258203269,0.00512744201758264,-0.0039466567374358275,-0.0006134951126984256,0.01291388458627929,0.013977853803621376,0.019202052980658968,4.660050917565384e-05,0.003917358265716875
