0.0,-0.00670174217199121,0.0022053804431652058,0.0,-0.0006327766688234426,0.022846195867452346,0.04086397389660151,0.019462037736239224,0.008169954999013795,0.01329508267729862,-0.00015891320377003915,0.012859024258246754,0.029802184919320795,0.0008913277851546053,0.0028243628619659122,0.021899765229739576,-0.002562768957272532,0.007206096744002077,0.0,0.009798700044993669,-0.012425239090695261,-0.010296649228294152,-0.005672251124651473,-0.013413170583726708,0.0012126484852377217,0.0032501895792887425,0.014048085583249104,0.02370398551004199,0.00787029529393557,0.04946445564009305,0.016717592063170306,0.03752991482667384,-0.00997024654858969,0.011277115009278804,0.03125008295607273,-0.00249039098924303,0.0,0.0035608483728389317,0.01728753672594524,-0.021364410030169922,-0.0010911408886544738,-0.00021959079153666128,0.0,0.0,-0.0009391130926700297,-0.07753847070560793,0.004716539398105124,0.0,0.0,0.0,-0.0011628631861785865,0.0,0.013517381238406956,0.0,0.00033779068660644285,0.0,-0.015316352656699339,-0.0010927672547385026,0.0,0.012412674987873129,-0.006468659243252073,-0.05814613135555635,-0.03478892798802047,0.0,0.06579527740550606,-0.07018099863571076,0.00032847563888427356,0.01878095296427612,-0.10384675391504075,-0.02665396162029332,-0.0005354872433719904,0.0882487114082311,0.0003391554966479249,0.004483416647519833,0.0,-0.0018167289173994794
-0.00670174217199121,0.0,-0.004233442201710069,0.0,0.01540449512473191,0.010926552468592698,0.02744420686498944,-0.0017538478765493082,0.0067256316254036275,0.02002369736347076,-0.0005612788020566417,-0.0016967102812309731,0.019341690586602622,0.0,0.0022174327146728956,0.026957465152707694,0.01064237590633832,0.02170189738661149,-0.0017283139398034941,0.0089867104195408,-0.010211022343198373,0.007103782358795108,-0.016548796091267248,0.019380317520530543,0.011825285033367383,0.018302843796291546,0.007756748454355034,0.024105063880902666,0.016890624882142713,0.0217230815846306,0.03727312517217646,0.04362553872027364,0.031311964196699626,0.02905892639238694,0.03837593698729602,-0.007508836133806096,-0.0008072880641776248,-0.001208149057054797,0.018077631816785622,0.02353043342921135,0.013085579150988291,0.003918504562470948,0.0705767216019843,0.0,-4.815999426044382e-05,-0.03157493100418873,0.015904952137777484,-0.002046064328655006,0.0,-5.551115123125783e-17,0.0021186831820094176,-0.0023567729494405887,0.0069637651296347025,0.00045379024180325356,0.0012188635890562627,0.0,-0.0004865820660522324,0.004351673166836212,0.0,0.0003934881058463846,0.013942185316232258,0.01218266611977531,0.011872030270245804,0.0,-0.002045172384803118,-0.026435366125139914,0.0005716270628905451,0.003029128753773147,-0.040645972692036625,0.013216314075948477,0.0066321058234347086,0.0035790606673361536,-0.0035304668101481806,-0.0035869801715719407,0.0016084658379831862,0.005879350749117718
0.0022053804431652058,-0.004233442201710069,0.0,-0.004087530008473561,0.01806316792006568,0.02516970952311476,0.0006633740638642971,-0.01401014962692676,0.0506550116519483,0.0029799252435420698,0.029682742672917373,-0.005747600514254048,-0.0038955789010606257,-0.032456652862519364,-0.0029650400004370137,-0.00042482415431910336,-0.0009260801420598597,0.0010268263936378252,0.038589377461347385,0.024818844511315608,-0.0014927982244862803,0.0170606079239648,-0.026265977998274015,-0.04835586558013061,0.000437912619148384,0.007659072622600072,0.02949391857785999,-0.0042336346705396655,0.030314289186338217,0.022398114187552998,-0.009730998482935904,-0.007592751489022054,0.0036450761026692313,-0.010346046562508981,-0.013276906964206026,-0.038928594312924225,0.0017771231859352588,-0.020851628282894108,0.016952949446220056,-0.0005655470635510529,0.015843906862902046,0.0024818038322369507,-0.01775465425299977,-0.0014432492202110514,9.106055472313246e-05,0.0,0.0006300790043968219,0.1405404467308426,0.00020890817535507145,0.03862584456417861,0.04040635494287703,0.026311766081138277,-0.0036570837081750796,0.04141545544396674,0.0021558945822078845,0.10460620009344135,-0.0009813323797013829,0.03858017329441776,-0.0022210036464903604,0.0024482511013760866,-0.0003663371607443011,0.0,0.0,0.17331735843344337,-0.0007746522040992243,0.0010714754043919528,-0.0084049479153962,0.016159601425847714,0.0,0.0,-0.00036800998072428204,0.020750667506941323,0.02543862743500347,0.012459579347514627,-0.0018471684085920037,0.02087226643946416
0.0,0.0,-0.004087530008473561,0.0,0.0003424032549260714,-0.0009732172439710363,0.0028805988430901097,-0.006702016701617575,-0.056626526723277115,0.020120913752761982,-0.020646203182842493,-0.053420566947923104,-0.019912742193670452,0.04226348374949618,-0.0015647519419843547,0.0,0.0003340312591346706,0.0,-0.03932995410952789,0.00032908640159945435,0.00046347241576860654,0.003401437650446093,-0.0017974172681515244,-0.0035730516573070914,0.0,-0.00034655053629062404,-0.001443456881617955,-0.015359279393638958,0.00035910211951556414,-0.00014813301802485412,0.0008269787664390571,-0.06760278485095844,-0.009140007164236685,-0.024326914051183146,0.02212475550633386,0.021100229803236392,-0.01451568102264389,-0.002697761655639841,-0.0014083967093934113,0.0,0.0005764349688893167,0.0,0.0004546162414862942,0.0,0.0,0.0,0.0,-4.129478079800686e-05,0.0,0.0,-0.0004702885762397635,0.0,0.0,9.667639913635284e-05,0.0,9.897222865368205e-05,0.0,-7.277802390692756e-05,0.0,0.0,0.0,0.0,0.0,0.0,0.0,0.0,0.0,0.002351378003099258,0.0,0.0,0.0,-0.00010079127248985298,9.475977782852363e-05,0.0011838711959638593,0.0,0.0
-0.0006327766688234426,0.01540449512473191,0.01806316792006568,0.0003424032549260714,0.0,0.027764784067337067,0.004564712031536966,-0.014779371026171106,-0.0011728099175227769,0.012975975376187832,0.007324378604071369,0.0012841102181743724,-0.01153114762642099,-0.018338728048980735,-0.0012310347228201568,0.018411654447231973,-0.00048526700132767164,-0.003323425979614214,-0.0035626279262558347,0.02673627981849852,0.0008771305389936868,0.009747631083888708,0.021709707263265487,-0.03955564970956926,0.01671025355340655,0.015395323619739887,0.031461199130208284,-0.02187539673359723,0.017109310912217013,0.0003200927369068074,-0.002690633183423885,-0.0020671442300995158,0.01409222409335098,-0.008997825783589652,-0.018694586857884,-0.029084592094498207,0.016493031813534564,-0.015930657904790646,0.05616312391646794,0.0009855549531370134,0.02601617100548148,0.0037940353509405833,0.03807092234661896,0.00010164730706646585,-0.00024427292625844865,0.0,-0.0001857028857570331,0.038431915025416985,0.0,0.06883519694662787,0.045891815603629094,0.0396750829844843,0.00287723039441401,0.04116685250607799,0.0016154693189615044,-0.017889242284953866,-0.0008035323572491149,0.03899359265656521,0.010541562116693104,-0.0010048679617523093,-0.0003556309081754194,0.0,0.0,0.04578991151388234,-0.009151770027108597,0.0,-0.005609020237662243,0.02264439494368642,0.0,0.00012645432256674916,-0.000877954147533444,0.021047349358763068,0.0313895541145065,0.009651585995750667,0.0008691055260294789,0.020208605156494697
0.022846195867452346,0.010926552468592698,0.02516970952311476,-0.0009732172439710363,0.027764784067337067,0.0,0.007834518133305268,0.04400859562860138,0.019848786801408502,0.023231403829321595,0.02072784116933546,0.015559206513356627,0.007185912085854673,0.04328134829714447,0.003425976187840185,0.022264194770198642,-0.013969798362554797,0.017501541815134802,0.0007125969875569904,0.022797325734774776,0.025569480637952835,0.012908690583390059,0.04148670085428868,0.017193430099513518,0.030510625779794076,0.00991318466353458,0.03751404987182716,0.013251512968618151,0.03830121515186752,0.021289875576461392,0.015959252209855612,0.031492654550998034,0.06253742287429803,0.01693362394733766,0.015842859628767136,0.016687925562351047,0.013018759146194325,0.00594668475124932,0.03236530716702707,-0.0017508355694220157,0.044938895602956275,0.005805209432122371,0.02429515146660377,-0.0006448340621546533,-0.0018294919957075328,-0.00040518213718604423,0.0019504068891879056,0.02886165567671506,0.0,0.05493047778943738,0.05299451904743924,0.05306920935741366,0.022669257789016628,0.03406294369249663,0.06552628015340178,0.04171500454084509,-0.0017920364150315615,0.05001724077065706,0.027292511161720323,0.0014042113482400365,0.0035353025079722933,5.551115123125783e-17,-0.006238112452816469,0.03422297545800412,0.0195280183710691,0.000873509492090363,-0.0169040950530433,0.03272660645683845,0.0,0.001667092641515433,-0.0038897509552021647,0.041210246801621,0.03961255450901435,0.03016218837072754,0.04813719638170655,0.050223970934545226
0.04086397389660151,0.02744420686498944,0.0006633740638642971,0.0028805988430901097,0.004564712031536966,0.007834518133305268,0.0,0.028402455842506114,0.002143208036857358,0.03315142438888696,-0.022356518929358637,0.005031182610062357,0.005593653912898122,-0.015095721812734775,0.03164465315318915,0.024059308618493036,0.01581177398781658,0.025173472093408533,-0.022695259773268472,0.026905499839953273,0.03261683668193299,0.019261173680258925,0.020479659198866684,0.0035202262309853016,0.029377319270302016,0.022828268835019205,0.019594486379942766,0.0007471298485730027,0.013171591658247828,0.03863688788935232,0.033504917230315345,-0.018509036886285524,0.004937498743959101,0.005270627394910521,0.009585856610095422,0.01046461129168802,0.04330748239479609,-0.003062155354173368,0.035615751825691766,0.0006843197045470761,0.033889771270060653,0.03772808306928499,0.024109566278756822,-0.0009750059418283108,-0.0014624999328816113,-0.00034841239313887495,0.010029640977366694,0.019509371651898477,0.0,0.041176272704940065,0.03220909811364936,0.02631298363929402,0.00424136448918927,0.02898913571824957,0.0029088681211147382,0.024712134665203778,0.001313301725983429,0.02689865333118191,0.027867197527394916,0.010540943952211002,0.0003615415055494009,1.1102230246251565e-16,-0.0005540884431333715,0.02682509691615187,0.007864671163334891,0.002897613879390748,0.0035943099548283453,0.01519771378500534,-0.0022399755338466942,-0.0006281928839801387,0.01582168506865833,0.014704182939789145,0.023166133335447037,0.01173485458218293,0.027224873735267052,0.025759906781999575
0.019462037736239224,-0.0017538478765493082,-0.01401014962692676,-0.006702016701617575,-0.014779371026171106,0.04400859562860138,0.028402455842506114,0.0,-0.00702359757345733,0.04025903831645916,-0.021204055999491878,0.011462657403774057,0.030972293806261708,-0.012173830739893476,-0.007528186497162859,0.02641223730209813,0.029761455035196505,0.019219211656508917,-0.031049079621775555,0.010163831882521956,0.013575836431330257,-0.012457597004354892,0.017871569396218034,0.03325924045736417,0.034207085327500164,0.04103675715103122,0.020417989239433443,0.03501477396624342,0.021197699683956628,0.042832644940807685,0.02924374204754182,0.04354666213043962,0.09060823981250038,0.02974640013990887,0.03922539287168425,-0.006382252918378906,0.09636576767847854,0.06389451515774486,-0.004130883900286875,0.0036024115278853186,0.01209617743304825,0.0036844718553453726,-0.014369258059234391,-9.442130420311834e-06,-7.917714620675476e-05,0.0007974134643981556,-0.009624815260614927,-0.00423563828852469,0.0,0.0105606796664105,0.039857890229889836,0.03778272915788816,-0.06409401953249028,0.010047127144797607,0.0001162332644686348,-0.0013810579959731561,-1.1102230246251565e-16,0.027518740543999776,-0.004003003350328993,-0.0006342944898322656,0.005510735821210755,0.0,-1.5791118231633927e-05,0.0021427055226070912,-0.017920869535977046,-0.0039115960266790095,-0.004332800114681956,-0.0017165395329860056,-0.013843642304000758,-0.01151346110139917,-0.008239993678649471,0.0109271058545507,0.015676597333862063,-0.01818962493728915,0.0012449026748176384,0.007091733435184655
0.008169954999013795,0.0067256316254036275,0.0506550116519483,-0.056626526723277115,-0.0011728099175227769,0.019848786801408502,0.002143208036857358,-0.00702359757345733,0.0,-0.00968348294789434,0.030137040755183142,-0.019303256752357556,-0.02739170880870323,0.0014518041462194264,-0.0012004949833023248,0.0015382879131957683,-0.020297627101343252,-0.009592048751999926,0.004419881549617144,0.014790413913994938,0.0020502440159615998,0.007425249421634084,0.028805588429793527,-0.019741510365215598,0.013649693676355157,0.011647831026360467,0.02113754360640846,-0.020045152771103858,0.013542585878452196,-0.007795955647502295,-0.032249362787296176,-0.03892718826192121,-0.005676174679110191,-0.034143582235888204,-0.030252839593641112,-0.026394704498081845,-0.024288255442592943,-0.029877246937745294,0.024188519200485592,-0.005484332146613091,0.023551761379137948,0.0017774426873108373,-0.010473011896802109,-0.0006163405952397394,-0.0024288357878920475,0.0,0.0020127826644712465,0.03685052215989559,0.0005157628941943049,0.015611979830793987,0.03601807677976743,0.028535291926753192,-0.005862061021993936,0.017865903760441282,0.038996773980682686,0.03761840771607711,-0.003192369007895546,0.029909059340930688,-0.003137445863027888,0.0014153479148592552,0.00113253812125369,5.551115123125783e-17,0.0,0.011418904670794872,2.928864205742343e-05,0.0050062795742340516,-0.004239215467787716,0.00811132600681752,0.0001254850503236704,-0.00018066740876809817,-0.00031623393260615806,0.011610898368762501,0.023001082768305592,0.005575221715576006,0.012469257787533494,0.028077234373532933
0.01329508267729862,0.02002369736347076,0.0029799252435420698,0.020120913752761982,0.012975975376187832,0.023231403829321595,0.03315142438888696,0.04025903831645916,-0.00968348294789434,0.0,-0.004181184968630958,0.02017527911840139,0.03495811091038581,0.03545628832677372,-0.003656129482786985,0.012810247024456822,0.03300513681464329,0.027960807212253136,-0.002139800816710724,0.016339819490575613,0.010031299088927859,0.012431287574261485,0.02526991694905778,0.028108023236120605,0.041282881649225944,0.023822912960702658,0.03524248662782803,0.038224454772762206,0.011727667067897407,-0.0008814855842208535,0.03931408218835242,0.004627910967532234,0.022796794216682625,0.038592997477574,0.041112420309727116,0.022534450776878878,0.04737544938295302,0.029213257222076183,-0.03495086021340288,0.05668727761377634,-0.008697837067766556,0.05882795312326328,-0.06290716259917539,-0.001941748915970709,0.06599950103736996,-0.018935695014518306,-0.0025106903314523477,0.0015839173126893646,-1.1102230246251565e-16,1.6653345369377348e-16,0.03593818082817746,0.10114412570211823,-0.008413749172780816,-0.0007771313552652481,0.027342065890553102,-0.0006260100130603408,0.032859093395106787,-0.0010570108110424803,0.0,0.0005544324161111946,0.012681251146817674,0.01543635310298147,-0.0032571479103386536,-0.0006131016739293615,0.00034124917483646655,0.0005912045035220137,0.03291432482053652,0.01436754566437659,0.031501586312076835,0.00985791302098521,0.028408163543764797,0.023421814428417398,0.0011316411041581986,0.002941636966242167,-1.1102230246251565e-16,0.0073952257365078045
-0.00015891320377003915,-0.0005612788020566417,0.029682742672917373,-0.020646203182842493,0.007324378604071369,0.02072784116933546,-0.022356518929358637,-0.021204055999491878,0.030137040755183142,-0.004181184968630958,0.0,-0.01375283752218337,-0.026890647152253644,-0.021070448554418086,0.0,-1.1218021059744565e-05,-0.0272783375755839,9.349962983296045e-06,0.022642788976421357,5.155655271343873e-05,0.0039917393072230745,-0.0013764178668989047,-0.05938467971550204,-0.014255387519536367,-0.0160062458937813,-0.01886963301580774,0.003310374796627047,-0.02279882652196824,-0.0017534235165586054,0.00586902784718446,-0.022490411882750194,-0.03510163851657977,-0.0066899772347885356,-0.021559265235784053,-0.024227094481717948,-0.027824923976362437,0.05612325111941502,-0.015251100994590205,-0.006525616912882781,0.0018478897682898676,0.02769590511989284,0.0009355579895506394,-0.03341576434113447,0.002032976062899372,-7.265498510278245e-05,0.0,5.551115123125783e-17,0.059613107907100726,-9.048247852400104e-05,0.010168872100269954,0.019476152910716027,-0.00041511214294903676,-0.014153295027089119,0.02349453826124781,0.002583364630189655,-0.005625708982414157,0.001434551400872175,0.023243479921616073,-0.010485718645089015,0.00010043731113579257,0.0,0.0,0.0,0.18726416936133944,-0.002489718814223718,0.0,-0.0008282350412638917,-0.03855224934152979,0.0,0.0,0.00030435303441261885,-0.01498747771163611,0.010469839531859593,0.003265041081141673,0.00047883077624988335,0.007070563404347474
0.012859024258246754,-0.0016967102812309731,-0.005747600514254048,-0.053420566947923104,0.0012841102181743724,0.015559206513356627,0.005031182610062357,0.011462657403774057,-0.019303256752357556,0.02017527911840139,-0.01375283752218337,0.0,0.014028588039564915,0.0036466450270534745,-0.0021031126333271866,-0.0011970963779195931,0.01809045928353037,0.0041089397455812415,-0.022298483583528372,0.0381708124529796,0.02946268498543342,-0.003875454743222706,0.002857820505146269,0.021368589617657974,-0.019595170620156033,-0.02744061611091375,0.011367931055200009,-0.012086850760532286,0.039816421333317364,0.0028835683511867494,0.032407322390903104,-0.0031317009317509137,0.03757456311886681,0.031474602930557816,0.013977100603488835,-0.04438117690884735,0.0168975611215873,0.040369543328796664,-0.02843255869678235,0.02827699667078515,-0.02247245143032034,-0.0385517941821118,-0.055699594695669596,0.001055606367475953,0.059170822620429386,0.002852444028108969,0.00014557679682225544,0.019449192267300797,0.0,-0.00043061043885123107,-0.018419584469174077,0.0007341607315883292,0.0,0.001995038212019684,0.017788476170160827,0.0012427376662124678,0.02709208084002812,0.00380051019410077,0.0,0.00025397380476704923,-0.0031978567522369383,0.01415257311137258,-0.015551787432411424,0.0,-0.0003399454739827501,-0.035232220196464825,0.0027189698719536914,-0.014741373789164125,0.0413053459150321,0.01798071319248301,0.029221637715804327,-0.02402443666577092,0.010060167689693422,-0.04676120138850581,0.0,-0.012558959348985932
0.029802184919320795,0.019341690586602622,-0.0038955789010606257,-0.019912742193670452,-0.01153114762642099,0.007185912085854673,0.005593653912898122,0.030972293806261708,-0.02739170880870323,0.03495811091038581,-0.026890647152253644,0.014028588039564915,0.0,-0.03271673821089238,0.0184665198397147,0.021543943310797675,0.01486930064710884,0.019435470805609756,-0.031452611898052485,0.024957493242632467,0.03153888205533101,0.014156643059761553,0.024164585865053323,0.008315565950372361,0.02334434971949989,0.017348336064794356,0.019267207521595386,0.030783516941897016,0.01362661687417982,0.023171699184405814,0.030298635929913498,-0.006036585802078942,0.014209271527681977,0.010270025545723538,0.01770650139217167,0.007512889870614492,0.021725061507398613,0.0016977092091403634,0.04781343738758165,0.0022127733246986026,0.05473048846385675,0.03922772210317149,0.025887342812075775,0.002472845470866347,-0.001604631624933961,-0.000556656274410483,0.01775046721129714,0.020936320338927672,0.0,0.04221590651734053,0.03760211164274052,0.03740993470914389,0.01391832785316538,0.024209924694878926,0.08389962680935537,0.048529918227415314,0.0031234705487910297,0.03630217370231492,0.02115663160315917,0.012759037339633794,0.012957026089243262,0.0014677271267461989,0.0015143823316352556,0.03136145476642771,0.014362233378227951,0.0156920623428371,0.014517305285877247,0.022826641285280558,-0.00119580544257053,0.013385500206403722,0.010427880998094052,0.02165713063100383,0.02727363362191748,0.021285982817443427,0.02683336770112832,0.031265500296731585
0.0008913277851546053,0.0,-0.032456652862519364,0.04226348374949618,-0.018338728048980735,0.04328134829714447,-0.015095721812734775,-0.012173830739893476,0.0014518041462194264,0.03545628832677372,-0.021070448554418086,0.0036466450270534745,-0.03271673821089238,0.0,-0.00018455010057027987,0.0,0.0,0.0,-0.042969964540995775,0.0008383918162538917,0.00012137609629503388,0.0018322740128116077,-0.004106546572045178,-0.0028110215144253603,8.832896754162878e-05,-9.162812576457569e-05,0.016737761240030014,-0.03725832204580781,0.0022429121921124784,-0.00046428586345526046,-0.0015955555304870694,-0.0970932485507808,-0.0005845357602172196,0.002090744847392134,-0.00295384979028418,-0.03606490641551849,-0.02804168279490185,-0.013605091800888591,-0.005922246890103067,0.0,-0.001679488852819544,0.0,-0.01941333697569053,0.0,0.0,0.0,0.0,0.0057751152292914165,0.0,-0.0014517995455342048,0.02405208090598915,0.0010978688351540034,-0.0022807589626582248,0.007332530937861237,0.0,0.007054363226160154,-0.00045728146185697316,-0.0040442276788523746,0.0060372998251631005,-5.551115123125783e-17,0.0,0.0,0.0,0.006178450274505587,0.0007283251634613297,0.0,0.0,-0.01370059502524712,-0.00032920586792173356,0.0,0.0,0.034956594959006826,0.0030570436790998134,0.0024790614854945936,0.0,-5.551115123125783e-17
0.0028243628619659122,0.0022174327146728956,-0.0029650400004370137,-0.0015647519419843547,-0.0012310347228201568,0.003425976187840185,0.03164465315318915,-0.007528186497162859,-0.0012004949833023248,-0.003656129482786985,0.0,-0.0021031126333271866,0.0184665198397147,-0.00018455010057027987,0.0,0.017549186045555776,0.004588153622211488,0.023915180478630227,0.0,0.03974809770965809,-0.020228035882930817,0.015833446580286015,-0.006444134324780915,0.011364179910367367,0.005312949452813354,0.021631720328225468,0.016425041290641207,0.017871873852583653,0.018171248767327952,0.03377843332265146,0.012577247310708639,0.03073903498850933,-0.029945184082761367,0.017922665308887198,0.023680999207274067,0.05219140380058718,0.03413655772781182,0.031047789741786957,0.006039930016211392,0.007450582864929001,-0.0008742343900107197,0.0015707552024416538,0.02257912632889325,-0.0005502532979064778,-0.0015775088519118796,0.01198283428350927,-0.0068029574471470955,-0.0018120108990442585,0.0,0.0,0.029083960271795772,0.025029461480043647,0.008545291949460132,-0.0005945565852285006,-0.00017735056449608155,0.0,-0.001062581969326848,0.02347987677400537,0.0,0.009876020690617882,-0.002388742026919799,-0.006928752778082248,-0.006572764883144677,0.0,-0.0022488725526126907,0.003122255209580538,0.004787805569185677,0.004562569871865763,0.0013992461034130765,0.0010241631961841469,-0.008076997316764145,0.013960860005084674,0.015803359441996623,0.00962235468753242,0.01179269255287263,-0.0035331849852217045
0.021899765229739576,0.026957465152707694,-0.00042482415431910336,0.0,0.018411654447231973,0.022264194770198642,0.024059308618493036,0.02641223730209813,0.0015382879131957683,0.012810247024456822,-1.1218021059744565e-05,-0.0011970963779195931,0.021543943310797675,0.0,0.017549186045555776,0.0,0.020846153847056847,-0.0028552108227139494,-0.0010375715101014205,0.03142237716529267,0.011581187446153496,0.03399377297479522,0.011842436419328806,0.019555868648911234,0.02788668310505321,0.03137959993465189,0.019806536541857156,0.010660277718371802,0.008615460325193502,0.012311544086953341,0.028282595348701534,0.048286543316195085,0.04965384611339241,0.03985458159302935,0.0441785765353645,0.08537273072469298,0.0015945189129805692,-0.0015605444709378413,0.027738088957790286,0.034216634213426966,0.02805618263864801,0.019253203160818355,0.002152521105650562,0.0,0.0,-0.0049881307549080045,0.02812868024757148,0.0,0.0,0.0,0.05615169796117292,0.07099152859729835,0.001768274353742716,0.0,-0.0007882595327904363,0.0,0.0009362358620250144,0.04785517818196883,0.0,0.011743011413623217,0.02293432225092784,0.01734732566680358,0.01347226131989493,0.0,0.014564480623461551,-0.01464804207188014,0.01070063551768563,0.019912767898244477,-0.016827269784596255,0.02112147089844535,0.025185271838422674,0.027338771304831033,0.0227293977985073,0.022816205397869382,-9.396011897888634e-05,0.017759929313748812
-0.002562768957272532,0.01064237590633832,-0.0009260801420598597,0.0003340312591346706,-0.00048526700132767164,-0.013969798362554797,0.01581177398781658,0.029761455035196505,-0.020297627101343252,0.03300513681464329,-0.0272783375755839,0.01809045928353037,0.01486930064710884,0.0,0.004588153622211488,0.020846153847056847,0.0,-0.008955404516898802,-0.04359204199400901,0.011024009399667634,0.015367097450714684,0.021026606822180494,0.013143090909459698,0.00918782671449253,0.039270026187917306,0.01283580662406164,-0.01591673946622213,0.021548128612465134,0.007121695880808576,0.01140977963391876,0.007441492205488898,0.0014923007011698464,-0.007618076871653501,0.005872276138806309,0.0037421493794126404,-0.00014677614876063005,-0.0008955692703027096,0.04352857300196794,0.014344058642719815,-0.02476005575596596,-0.009685294297205549,0.0012916000780257564,0.0,0.0,-0.011745447671228537,-0.06044490883220199,0.014573821995723713,0.0,0.0,1.6653345369377348e-16,0.025663835301763194,0.0001337099247850082,0.0,0.0,0.00783276481662043,-0.00023729922378101787,0.013173589917566897,3.804154023501205e-05,0.0,0.0,-0.0004131893190935654,-0.009844182982120364,-0.010571128448101319,0.0,0.00011948367903391599,-5.551115123125783e-17,0.0019117935710384892,0.00018851311719148,-0.006643910453129176,-0.00761708622217655,-0.0013609719041325907,0.0,0.00040342011512173315,-0.000921055564239881,0.0,-0.018465770685483884
0.007206096744002077,0.02170189738661149,0.0010268263936378252,0.0,-0.003323425979614214,0.017501541815134802,0.025173472093408533,0.019219211656508917,-0.009592048751999926,0.027960807212253136,9.349962983296045e-06,0.0041089397455812415,0.019435470805609756,0.0,0.023915180478630227,-0.0028552108227139494,-0.008955404516898802,0.0,-0.0017366893108625159,0.025023976603773423,0.0010149088868176004,0.024828201444611342,0.008760443132452167,0.000989303500710248,0.024579026557602413,0.0257721162150768,0.019961132576717888,0.01945821736771569,0.015055879069830025,0.015633678744404522,0.013881923257153761,0.023942228702351576,0.005354951406623232,0.01013809405194449,0.014017396867516574,0.005062459992380364,0.0,-0.003717644966549971,0.02020419170512283,6.294827724911967e-05,0.008433061207240466,-0.0016973408917221322,5.551115123125783e-17,0.0,-0.0015823377459159294,-0.04358485690409064,0.023694288312712808,0.0,0.0,0.0,0.0008108324601300287,-0.000572001676543088,-0.00014405291698427192,0.0,0.018327952579680507,0.0,0.006202172279265505,-0.0019439997281816557,0.0,0.014880550827156225,0.006480104777760454,-0.0011119987232249273,0.002076062368124909,0.0,0.01216345961685189,-0.0348301857385398,0.015594654254439955,0.021558636560634004,-0.03786757311660904,0.001680133599436917,0.003737336753132814,0.02930140155761546,0.08100561953979962,0.028821142928953603,0.0,0.00014624307733468456
0.0,-0.0017283139398034941,0.038589377461347385,-0.03932995410952789,-0.0035626279262558347,0.0007125969875569904,-0.022695259773268472,-0.031049079621775555,0.004419881549617144,-0.002139800816710724,0.022642788976421357,-0.022298483583528372,-0.031452611898052485,-0.042969964540995775,0.0,-0.0010375715101014205,-0.04359204199400901,-0.0017366893108625159,0.0,-0.0015241728413174505,0.003949786857039617,-0.00016028529391665103,-0.1059266538125622,0.0004932336678329929,0.002131237768924432,-0.022066647766994463,0.038243709203981624,-0.02699132920141961,-0.0026022882788905854,0.0033803301136940966,-0.025874816470907558,-0.026113540833362592,-0.002903314687022873,-0.03299975403259586,-0.029760369560321576,-0.04751017014277353,-0.006898872716212201,-0.03265344343243065,0.027688656734960626,-0.001091501978206788,0.009681646904821317,0.0007781734792600137,-0.01029644347393921,5.551115123125783e-17,-1.6653345369377348e-16,0.0,5.551115123125783e-17,0.09063018322470417,0.0,0.03708381926593207,0.0416935595672816,0.03635668350788257,-0.007052239642243552,0.02155189595030671,0.0013384013652084636,0.0680355101124685,-0.0008604452462971368,0.03836912993760733,0.0020351935597040516,-0.002076542183796215,0.0,0.0,0.0,0.05003030893121985,-0.0028302396513769645,0.0,0.0008983766707751362,-0.0018543347035505642,0.0,0.0,0.0004857673452182687,0.004941253920504485,0.012313811449338519,0.019361687102999292,0.0013153944733252931,0.0029593876744854475
0.009798700044993669,0.0089867104195408,0.024818844511315608,0.00032908640159945435,0.02673627981849852,0.022797325734774776,0.026905499839953273,0.010163831882521956,0.014790413913994938,0.016339819490575613,5.155655271343873e-05,0.0381708124529796,0.024957493242632467,0.0008383918162538917,0.03974809770965809,0.03142237716529267,0.011024009399667634,0.025023976603773423,-0.0015241728413174505,0.0,-0.019604756618713248,0.03965806279537504,0.06803942343593211,0.030941357119394497,0.02701472944058425,0.03499812305461786,0.03521997259669157,0.02275346921182131,0.029830269613655036,0.03022617839923747,0.03425094566600628,0.04653305587912199,0.028241385230564242,0.03425781308992942,0.03732729183075029,0.054671244333970304,0.03479782136764542,0.0011928356709070553,0.010734976156235199,0.016479587992687894,0.014918917583803093,0.0013594657690637058,0.017267781033428298,-0.0001675347658249282,-0.0009704856123281536,0.0008657627230934106,0.003711370345762688,0.026489780495941473,0.0,0.03879238175046462,0.030471843817520328,0.028191394216085963,-0.004967577929847755,0.05459970669031322,0.043708474208614956,0.11361728375258279,-0.00036425528523781336,0.02623525845461483,0.0,0.004414965399508974,0.006764634801615876,-0.00020574085989683022,0.003541457922193292,-0.0014308936767479796,0.0019666454941067446,-0.008950104278229398,0.0011809876895516602,0.001951869698830433,-0.002322531601900324,0.013945198934985525,0.0010746903290851928,0.010774734804508967,0.0088396249441961,0.007369377138479238,0.007206188789205092,-0.0010130919005288397
-0.012425239090695261,-0.010211022343198373,-0.0014927982244862803,0.00046347241576860654,0.0008771305389936868,0.025569480637952835,0.03261683668193299,0.013575836431330257,0.0020502440159615998,0.010031299088927859,0.0039917393072230745,0.02946268498543342,0.03153888205533101,0.00012137609629503388,-0.020228035882930817,0.011581187446153496,0.015367097450714684,0.0010149088868176004,0.003949786857039617,-0.019604756618713248,0.0,-0.024674944645100394,-0.002349103608549119,0.021093717610133844,0.012468107090060188,0.003121915223666505,-0.0014514915318591393,0.028805238728152438,0.015521723693603384,0.03731813424814889,0.0023836846485139063,0.015400457988330452,0.04026560770744225,0.00968404602315498,0.015615861378458662,0.07222757948837333,-7.535245234735477e-05,0.004053676836517139,-0.0017468857438217023,-0.009610046753215529,-0.0146890312119633,-0.008695936899579426,0.0014417613952105168,0.0,-0.0005049868598580032,-0.06830213805244068,-0.01799464344199736,0.000637494024520513,0.0,0.00016170294246353745,0.026453847225789473,0.004868027873307645,-0.020092814505449696,0.0012560458801822438,-0.0011154959071974502,0.0,-0.015786125278426988,0.024905781403765315,0.0,0.006913428193650983,-0.012902588557862638,0.0,-0.022658310337386522,0.0,-0.02699557717580886,-0.036298931002240464,-0.007882782556434542,-0.0014603247625997184,-0.06406189304353688,-0.0077464880272235526,-0.008716494482511605,0.002265455094503599,-0.012962981481521807,-0.008466920590448401,0.005584041364728787,-0.036854057992095623
-0.010296649228294152,0.007103782358795108,0.0170606079239648,0.003401437650446093,0.009747631083888708,0.012908690583390059,0.019261173680258925,-0.012457597004354892,0.007425249421634084,0.012431287574261485,-0.0013764178668989047,-0.003875454743222706,0.014156643059761553,0.0018322740128116077,0.015833446580286015,0.03399377297479522,0.021026606822180494,0.024828201444611342,-0.00016028529391665103,0.03965806279537504,-0.024674944645100394,0.0,0.008194895899855614,0.01917835346148883,0.027225534588079192,0.005118293895054915,0.02024222350020699,0.00845602958505487,0.014194571582406668,0.017859236814925905,0.013137557975966607,0.048325571231590925,0.027111738083303694,0.027394994136655748,0.036566931442594375,0.05995813480320644,0.029055722410834872,-0.0020244071164375876,0.00965870602817187,0.013195838861978504,0.002979240457975485,0.008406801100968586,-0.02888349339353291,0.0,0.00015379545863380972,-0.017616766396295502,-0.000773505456205803,0.058065042575763726,0.0,-0.00024825075035594946,0.012614683058944698,0.023165093083020838,0.009049854720366013,0.082718928693229,0.0034533314314274532,0.0,0.00027963918712892166,0.01166293367505955,0.0,0.011507101798034824,0.004603249319256708,0.021708021862401727,0.013158566025426033,-1.1102230246251565e-16,-0.004263258994570696,-0.010773978710870269,0.004516341499614052,0.003084822830433376,0.0027335598952009654,0.016634048860176665,-0.004452399102305216,0.008947066943062854,0.008826477066043337,-0.003968549404487931,0.003052435922918373,-0.005934025011060384
-0.005672251124651473,-0.016548796091267248,-0.026265977998274015,-0.0017974172681515244,0.021709707263265487,0.04148670085428868,0.020479659198866684,0.017871569396218034,0.028805588429793527,0.02526991694905778,-0.05938467971550204,0.002857820505146269,0.024164585865053323,-0.004106546572045178,-0.006444134324780915,0.011842436419328806,0.013143090909459698,0.008760443132452167,-0.1059266538125622,0.06803942343593211,-0.002349103608549119,0.008194895899855614,0.0,0.017957756219565302,0.008481081620811237,-0.007059031370859337,0.03809613093138059,0.025970470362104814,0.013428583136829209,0.034820270626101824,0.021896446692740046,0.03107387969862163,0.012615465607356435,0.023347201631378378,0.02614913354262094,0.0014704675035417947,0.03362496434571416,0.044240903512518026,0.003607617166737187,-0.00644496509659398,0.015199668403237498,-0.003879518001042581,-0.01042949103764751,-0.0012517064528438926,-0.005147970128706547,-0.08828778105878227,-0.009963449603581476,0.040663764675220704,5.034628834610366e-05,0.026527257230764545,0.035649979194855574,0.031052043941206753,-0.01691876340383902,0.017506194371734174,0.035073968345794015,0.03337581715658383,0.06720966959872776,0.022927758517985897,-0.002577245028325015,-0.01242037368429666,-0.010317957854327486,-0.0011826915744733713,0.006824622727748475,0.0502156395170944,-0.006827757457314898,-0.023818986836551703,-0.019393397781043875,0.009445491714426546,0.00038059554474501045,0.003977866879787129,-0.0228865457178703,0.011327299447858818,0.008698586046203882,0.0013125843421085692,0.007360820466059348,0.013747329875739012
-0.013413170583726708,0.019380317520530543,-0.04835586558013061,-0.0035730516573070914,-0.03955564970956926,0.017193430099513518,0.0035202262309853016,0.03325924045736417,-0.019741510365215598,0.028108023236120605,-0.014255387519536367,0.021368589617657974,0.008315565950372361,-0.0028110215144253603,0.011364179910367367,0.019555868648911234,0.00918782671449253,0.000989303500710248,0.0004932336678329929,0.030941357119394497,0.021093717610133844,0.01917835346148883,0.017957756219565302,0.0,0.016799757044839603,0.0021152659564885323,0.012287976068699191,-0.019141711968885533,0.0365935393109198,0.05170999177504493,0.01742017172305893,0.004700424742560327,0.020467691384785158,0.02306312724605325,-0.005511243255597875,-0.04718606611720638,0.00036683969863721133,0.02579365648933224,0.03396411554705908,0.026753470039065252,0.02364309191500663,0.006377540614718014,-0.06281766402439515,-0.00024965213317285073,0.04978664682658934,-0.09246927590860038,0.0065440166028152835,-0.00010799439985165193,0.0,0.0,-0.012770273158471346,0.0020009308352663124,0.0006819601267514241,-0.000686668703490878,0.0151482877229559,-0.0003271995585086285,0.02945031186121644,0.0035830109978164937,0.0,0.03809709753474033,-0.019081745321647137,-0.010759902447350311,-0.03540148634683643,0.0,0.0018891303781850555,-0.024132056608095254,0.07431423229367362,-0.0032701021787998052,0.00244359121027371,-0.026170688773414108,-0.005460100901867548,-0.0014463777502103925,0.004556758920455872,0.00046988833413214026,0.0,-0.04583143103633547
0.0012126484852377217,0.011825285033367383,0.000437912619148384,0.0,0.01671025355340655,0.030510625779794076,0.029377319270302016,0.034207085327500164,0.013649693676355157,0.041282881649225944,-0.0160062458937813,-0.019595170620156033,0.02334434971949989,8.832896754162878e-05,0.005312949452813354,0.02788668310505321,0.039270026187917306,0.024579026557602413,0.002131237768924432,0.02701472944058425,0.012468107090060188,0.027225534588079192,0.008481081620811237,0.016799757044839603,0.0,0.014887095891171542,0.022190352008614744,0.022487423996973843,0.021487423851946852,0.00022807807077257491,0.024039308980460417,0.022211108614887953,-0.008197185035896226,0.013995048366032159,0.009958229999493362,-0.01598747510723547,-0.0004914886255472095,0.02100863056192598,0.022679199879248102,0.007391009299695772,0.013563394817761809,0.004586575401441861,0.00028487882994410185,0.0,-0.0011950630167940623,-0.0424123311921864,0.02281764980546569,0.0,0.0,0.0,0.0005587360294181387,-0.0006566879334467535,0.003141142973699329,0.0002735257613771802,0.02452692195929579,0.0,0.024905328934023474,0.00791313218137174,0.0,0.009146014810060776,0.008581961620155176,0.0012372579975131748,0.005798163912650034,0.0,0.01470688162967032,-0.04331718839464205,0.01449639612126119,0.011799035513355427,-0.015024395553004943,0.007537564177012901,0.01052116544309084,0.008889259009847161,0.011654044417539644,0.010294919790962032,0.0,0.007432791710370146
0.0032501895792887425,0.018302843796291546,0.007659072622600072,-0.00034655053629062404,0.015395323619739887,0.00991318466353458,0.022828268835019205,0.04103675715103122,0.011647831026360467,0.023822912960702658,-0.01886963301580774,-0.02744061611091375,0.017348336064794356,-9.162812576457569e-05,0.021631720328225468,0.03137959993465189,0.01283580662406164,0.0257721162150768,-0.022066647766994463,0.03499812305461786,0.003121915223666505,0.005118293895054915,-0.007059031370859337,0.0021152659564885323,0.014887095891171542,0.0,0.018374856770797032,0.01988050393963675,0.015378642530186393,0.040327938625610016,0.024504464748639654,0.027581193685736693,-0.008206698691661185,0.011504614001418056,0.018316118325327035,0.07888022056570732,0.08876807937169295,0.017599269868598555,0.013166128044982794,0.0070442732426701515,0.007685918500360989,0.0024488974990216628,0.06556792567772063,0.0,-0.003295135487397849,-0.04297893581860912,0.005204403186268414,-0.002571932389801135,0.0,-6.926433871523585e-05,0.0029346683330818135,0.009779109183806589,-0.0006246009811518016,-0.002082806641943269,0.015461507862817803,0.0003833891670418921,0.02079854888375232,0.0030924728342029972,0.0,0.00423671077863752,0.008200202132046475,0.003707769012003037,0.00636494119754677,-5.551115123125783e-17,0.0020053603907795314,-0.01666499900376084,-0.005959575498504566,0.005064180642253502,-0.010889468729438467,0.009899038961330986,0.007414107739205644,0.0010401739755455663,0.005134461601875695,-0.003921759688720272,0.00024288424349233617,0.00753545040967013
