0.0,0.02288188152246179,0.00197368037643858,0.0,-0.00016164422483327945,0.06665746327221012,-0.004803509870894618,0.09278711972013887,-0.0019222645236011693,0.03646622142644812,0.0002236516625329088,0.03311192546375158,0.034351764538655905,-0.005844614981253826,0.06604490155739468,0.02751183795205181,0.01220831816904927,0.02910719528566086,0.0,0.045244283998684354,0.0780079387454427,0.055222433725121645,0.09413051678695478,0.04119126095910747,0.030789523681972797,0.02741576375223842,0.0664574817608185,0.013889379095418763,0.03561551464392587,0.0032404644408013383,0.02940856164386213,0.018876350018890153,0.03895520396141866,0.01808617479644109,0.03058688542422,0.001731621743936429,0.0,0.03554423283111524,0.04261866775984696,0.050647044590542756,0.03803239554415461,0.03204301782592778,0.0,0.0,0.00628407183338231,0.059024011650335995,0.037621639863692546,0.0,0.0,0.0,-0.0014329943943273138,0.0,-0.0002722382925398059,0.0,-0.003496570883574246,0.0,0.03157828651002015,-0.002291911883677389,0.0,0.03576715268044067,0.039127691535835396,0.09591565586947254,0.059021178517578377,0.0,-0.007791113756529133,0.0533247161680675,0.05063206889690386,0.06510163720112849,0.07643077893482525,0.05077710365652921,0.04727789457656911,-0.004324571848907777,0.00021987598441630674,0.0006488296415588235,0.0,0.01394258250904068
0.02288188152246179,0.0,0.05784123640910821,0.0,0.04557270780813638,0.03679001711431512,0.040598186938672565,0.0133310711563151,0.04495521692205523,-0.0032130678032841753,0.05549526629518253,-0.000986810614278688,0.033738084471083174,0.0,0.038263175960163986,0.02675776727129775,0.02799948386966805,0.027553240924299005,-0.00045588699752829864,0.010211056509150551,0.0476123257033878,0.013294794924423203,0.03623330044780787,0.015131484857655642,0.03070678746397887,0.02873106165683459,0.02795772002664315,0.04262895859433946,0.023094567826437706,-0.006025214982479932,0.021110359204251194,0.012606240875456143,0.015030902974854432,0.010196593688196864,0.021572147759266802,-0.005597529616341246,0.0010306584167874,-0.00017335434969517616,0.024535514470304276,0.03673134787665594,0.028221237904472674,0.020767462192738728,0.0026054419456252864,0.0,-3.1222333862046536e-05,0.020112203423044928,0.025259453767470463,0.0019290995152433377,0.0,-5.551115123125783e-17,0.041756980887728445,0.017482850951919093,0.04702001659379629,-7.725319197227076e-05,0.0035788599328153703,0.0,0.04912820735831486,0.02283243354454767,0.0,0.013080469556154939,0.030098005997178268,0.02223809928018533,0.03038244521540645,0.0,0.02635589387351861,0.011050273708551939,0.0190357206431353,0.04257889093393835,0.05896338678917912,0.0272317532038428,0.017214049663591302,0.045291925659882104,0.05387284869699627,0.022113213472087112,0.0023689612628242096,0.02526583319179071
0.00197368037643858,0.05784123640910821,0.0,0.06937933861684265,0.04607786916467793,0.054946716991276845,0.06204901725427309,0.057351565580104624,0.07453967147625223,0.055807828949158145,0.06560495192142973,0.05833054244623703,0.05783451747021556,0.058740797330034455,-0.0015700834732114144,0.07442924915475618,0.052073257213334945,-0.0009249552290076513,0.058284350949184105,0.06692194952489994,0.000417913790989044,0.06432598387433486,0.05626130393802742,0.0008283166371023665,0.06616954982836631,0.048131450348348925,0.06969715381587738,0.05860306071349053,0.0534433010986986,0.06330602360799498,0.062124840859047514,0.046407283084884676,0.04633822916485136,0.06128973922450609,0.05694830063721634,0.06393762352788546,0.05364243708068006,0.05051673969983084,0.07359459342374197,-0.003309484180755662,0.05274379962190334,0.032472313614702486,0.05475533316944203,-0.0007362694197937669,-6.100683388488015e-05,0.0,0.0022185297302764195,0.13020564853516298,0.00013543607921084888,0.06612512619700461,0.06971323959133136,0.02791207285248143,0.07023442167726046,0.0588906575444379,-0.001068731336375528,0.07472425715917363,0.00012057296072115475,0.0630617120081014,0.06843249788324268,0.0012718442023104126,-0.00023749797553940244,0.0,0.0,0.1090785405295478,0.008729935321799664,-0.0012029570774994558,0.006306650557271143,0.0643004710559969,0.0,0.0,0.09231455199614008,0.07442079688099745,0.05720342952696078,0.053973675058617054,0.00024534894692884723,0.056289518127457416
0.0,0.0,0.06937933861684265,0.0,0.05768003372026681,0.04366183492013742,-0.027154570030823444,0.022767164066364365,0.0564662120679032,-0.02378524832512735,0.021369341736453717,0.007722693182883156,0.037166565652377304,0.035277454647211104,0.0016030661928285728,0.0,0.0001324073248450408,0.0,0.0656508729777831,0.00021645457311691985,-0.0004738257436404103,-0.00047672877625792864,0.05437155153601936,0.0012564402784417394,0.0,-0.0005919633949769132,0.035502798852372786,-0.00789107730606542,-0.0007091293734124982,-9.603528023188757e-05,-0.0032354460747975877,0.005934564651087604,-0.06709575634537707,-0.037954727506640196,0.03791676547315559,0.03296384414283171,0.07068597939665525,0.015561916294438316,-0.0004923543291283083,0.0,0.00037370529886499027,0.0,-0.0003764023912619652,0.0,0.0,0.0,0.0,-2.6771586098206512e-05,0.0,0.0,4.915238193142768e-05,0.0,0.0,6.26757302771841e-05,0.0,6.416412654425274e-05,0.0,-4.7182309614868245e-05,0.0,0.0,0.0,0.0,0.0,0.0,0.0,0.0,0.0,0.002017065165498877,0.0,0.0,0.0,0.0009301698315069551,6.14331763425513e-05,0.00014802057413954017,0.0,0.0
-0.00016164422483327945,0.04557270780813638,0.04607786916467793,0.05768003372026681,0.0,0.02945293015623779,0.04586552976153968,-0.0007519637773710786,0.042765758250239705,0.08104561705993163,0.030073975291769195,0.05791810134568398,0.06298971484120508,0.046436678016805455,-0.00080262366783862,0.051781212036907165,0.06790354319033898,0.02077083306750821,0.04112779078773415,0.04387412299903376,-0.004461478724305967,0.04854639703932995,0.0448311305140191,0.06433721430876255,0.0389709383932233,0.04381682064531306,0.05188674186338349,0.05213475944957263,0.03785437562916305,0.05361318951252131,0.07007468428847385,-0.02224812633613804,0.03146406039967775,0.0732445914405443,0.08501197089781709,0.017263864457422173,0.09808858923323877,0.05182153454357308,0.01774713854928328,0.0058666022237049975,0.06256018877182312,0.001620918713410191,0.024706071393018003,6.589839152071342e-05,0.0017604468888211544,0.0,-7.199362367132922e-05,0.06970260060320543,0.0,0.029399940500246968,0.0642524422266797,0.04461551164249211,0.060847108648767134,0.057306271371192596,-0.0005050391487411154,0.06300286127091831,0.002528348159974547,0.03689224933389723,0.05702548826922865,0.0011786834671417834,-0.001034892408932564,0.0,0.0,0.04912534868905216,-0.0005407153140618015,0.0,0.0839260229328962,0.054286925237501005,0.0,-0.00025835307710109223,0.011245521286818161,0.055361213939765674,0.048462570455691134,0.05487692835987962,0.0033255391545523594,0.029934198456781913
0.06665746327221012,0.03679001711431512,0.054946716991276845,0.04366183492013742,0.02945293015623779,0.0,0.035536349334512995,0.05189880580959294,0.04440290734315949,0.06295862950049336,0.038512263342514896,0.05945443842621162,0.024892991729640546,0.0235942110052485,0.05341017403084386,0.03182085402333301,0.04509814405773582,0.026575562915356288,0.04087205079893558,0.045101446444858806,0.06366127143590694,0.03837644218982039,0.05147157880851305,0.08498911638381862,0.024715686935882053,0.03444104672144216,0.041386080561579885,0.018235112550174737,0.03517584044838701,0.037723022269258055,0.031897814492709065,0.029329256366513734,0.02151829069264949,0.027641410786375442,0.027119454258922593,0.06456254390494764,0.04998291751605466,0.04704309864218992,0.04016597921083165,0.004477951177425887,0.010689594033853944,0.0390045128206713,0.035259171994407035,0.08919319446316665,0.0016586255521581772,0.022667241816472228,0.022910938332698028,0.07483083784254663,0.0,0.06009854324780972,0.05851361125265675,0.029733848580285716,0.06695443535761464,0.06309575592746652,0.0010636778266769342,0.07891678516064526,0.002558615548774179,0.044936307828143285,0.004994938385008252,0.04074372019794653,0.033215621009495655,5.551115123125783e-17,0.030807005724379943,0.06291140913673743,0.03488819827229733,0.04047801601825185,0.043964856862384605,0.0487201714246549,0.0,0.025962134867068054,0.026216629533883706,0.05732821188218218,0.04845986024043236,0.044000457005913485,0.047190274549999134,0.03572288816923608
-0.004803509870894618,0.040598186938672565,0.06204901725427309,-0.027154570030823444,0.04586552976153968,0.035536349334512995,0.0,0.04850852951313406,0.04871620086009354,0.0724134732774212,0.03416417763565088,0.06980757014733413,0.069412067406251,0.039762586134302946,0.001854462246800026,0.043195432044109694,0.0645170125322913,0.040790541458457175,0.06185831348411441,0.04074888177039576,0.058892643429802494,0.03834360878096721,0.059198578021405546,0.07192996514071376,0.036053877108139065,0.03995362861394958,0.058513490684020786,0.03358975338309256,0.028590152088879495,0.05077549192317121,0.07015678103126499,0.026737718581171577,0.035911078750712144,0.06666418048450334,0.08140180651497825,0.006239051180959854,0.07720319433631734,0.05963973512810322,0.02702877163441375,0.022671521504561032,0.048300138732790376,0.06801444403183976,0.0387356578630384,0.0007151358784580064,-0.0013682419826975267,0.0002057120802172463,0.029695106238864843,0.06638559652287246,0.0,0.05806067435968354,0.06619207702005003,0.04238867554075243,0.06952174560520002,0.053764399326684864,0.0018195384501633605,0.04532298762418879,0.003514157445691446,0.0400734363265276,0.0020859900653177332,0.04773766345983954,0.02935741733568209,1.1102230246251565e-16,-0.00023283551396013902,0.07067673307986444,0.03143484202604313,0.005232619159752816,0.045497345097923025,0.049456547530930095,-4.548697812883917e-05,0.0006532213659790065,0.028429886836253748,0.06176456511819839,0.04492783467479833,0.04570221092442961,0.008874536548456158,0.048760440153850726
0.09278711972013887,0.0133310711563151,0.057351565580104624,0.022767164066364365,-0.0007519637773710786,0.05189880580959294,0.04850852951313406,0.0,0.05370282605544907,0.048965311818784274,0.05769331640128733,0.08330861668900191,0.05096083958174075,0.01928701709420555,0.10373657372948308,0.04830143115246893,-0.0040991818186854045,0.06508926149164623,0.0497952727209412,0.03922505395741849,0.0946768450115355,0.01150108310544834,0.052473333446190595,0.09204603927777044,0.08420752220348349,0.08815268545571586,0.06184484708698218,0.05138590274156474,0.027916285697154486,0.04663476112846482,0.04510510786540367,0.05316865140032795,0.03515553135488014,0.04342747162207716,0.03823069505037807,0.05470875219684718,0.0990043499061043,0.06558696113081003,0.059382972281125546,0.009329994446136358,0.06626780858545667,0.06191232156233273,0.05211783873765924,-6.121374241829791e-06,0.00029682632741473425,0.05352016601206139,0.06117207970865851,0.0780102194980471,0.0,0.06330304558540445,0.07109571735126996,0.049319309778973586,0.11446030307469868,0.06966326767491415,-6.601496128516571e-05,0.08404285199346251,-1.1102230246251565e-16,0.05798424808458613,0.06389164224409888,0.0731985525763919,0.03313007738372459,0.0,7.82862128018147e-06,0.06922994998573884,0.054010705220439936,0.09012059810276002,0.07011214034023672,0.06835649589569881,9.584645418458937e-05,0.07873143210870959,0.06914907352991728,0.07426602382221847,0.06629000293353021,0.05533104619792584,0.04469853735411761,0.07062317991358169
-0.0019222645236011693,0.04495521692205523,0.07453967147625223,0.0564662120679032,0.042765758250239705,0.04440290734315949,0.04871620086009354,0.05370282605544907,0.0,0.06565702967066323,0.06564469709544118,0.0686546682363971,0.059907026469079416,0.03419610502490955,-0.003122958772768747,0.04422900392499318,0.07025824185782392,0.02998483281511749,0.08089860293622841,0.052295346393435915,0.061209293766263384,0.05049305130274356,0.05726909265594532,0.06561278317285707,0.041561683713687514,0.043947612381013856,0.05417276463739101,0.05878609896673043,0.0390922672180497,0.058565516841867116,0.07043337514492332,0.04824271847364059,0.038647871917136256,0.0633399131899855,0.06542258546337332,0.06254557496000318,0.0664892423309717,0.06557023455699351,0.0672138180482883,-0.0009934296134653242,0.0059797601687398005,0.0648376342099769,0.06323620053561008,0.0009209646150407091,0.0020914883339911428,0.0,0.033411712535563964,0.08495154125175874,-0.000699593226155204,0.05549957681711393,0.058974540380685725,0.05146353880022636,0.0700498668510996,0.06357765756265377,-0.0006677966044617012,0.06499629086327141,0.0006404498399844583,0.047969685687783925,0.05998416492487246,0.042634530804388004,0.035844627112283756,5.551115123125783e-17,0.0,0.06516361004508242,0.03495512111027954,0.0032528293239085793,0.050541546025294204,0.056789361545611095,-0.0015586278964504485,0.0036192482994796826,0.02507006947776297,0.06463607835040597,0.04959475935583457,0.035653039451717716,0.004703981757363862,0.0488661448268749
0.03646622142644812,-0.0032130678032841753,0.055807828949158145,-0.02378524832512735,0.08104561705993163,0.06295862950049336,0.0724134732774212,0.048965311818784274,0.06565702967066323,0.0,0.06298518918666646,0.0694184776076448,0.06612233280783031,0.024474994774043524,-0.00031012420713788513,0.029478718674333937,0.039461662788563945,0.009131077884358019,0.06501926457136664,0.019478405776965857,0.05629201330447792,0.032846077288904596,0.05453373829875746,0.028998353923808562,0.04603534918581609,0.04979241958065872,0.06241959005506714,0.059973609846776466,0.06476318683962073,0.07925193050612156,0.06532755799608081,0.024344771760049788,0.04274919343221545,0.041092121366557155,0.047859034323551375,0.08067994752368318,0.03681414610196165,0.023420610951961074,-0.006345155033846639,0.12374473101313788,0.11282160868561891,0.012251287724847015,-0.004753799880540699,-0.0005194031760721862,0.08236348966964324,-0.006611179930173072,-0.0016147211024008512,0.0032217173668979138,-1.1102230246251565e-16,1.6653345369377348e-16,0.04218536628432412,-0.00016887667052306599,-0.0008981660853845108,-0.0008837811629095471,0.07479359946280684,-0.0017197736820460663,0.08343967734774882,-0.009404805697590612,0.0,-0.002013644181564078,-0.000938051477881563,0.07527922137448828,0.057031971837791406,-5.722254061374388e-05,-0.0021306776325192844,5.385494713661121e-05,0.0015979683999726713,0.04456962856894364,0.047054948240182026,0.0798449451190878,0.07112858704268499,0.05460442381256403,-0.001060964160871758,0.0026481880482170927,-1.1102230246251565e-16,-0.005860565939319828
0.0002236516625329088,0.05549526629518253,0.06560495192142973,0.021369341736453717,0.030073975291769195,0.038512263342514896,0.03416417763565088,0.05769331640128733,0.06564469709544118,0.06298518918666646,0.0,0.06056826879013871,0.04987914157098461,0.02157598985679743,0.0,-7.2726918716736755e-06,0.051515619199958396,-0.004464939284838876,0.03282868885690243,3.342433748831919e-05,0.001634261515923885,-0.00045650437692401624,0.09787877525250771,0.04720426163100555,0.046791683007718854,0.05117661922572786,0.06236924717201714,0.04892792099377885,0.059406022949146375,0.06415488158986993,0.0763322341107252,0.01215435907426049,0.023958674674060376,0.05923585409600418,0.05939096133783689,0.023443352777160864,0.09212284368667428,0.0536809937521211,0.06886613242247586,0.003470651792118584,0.043372428811875474,7.515333851187966e-05,0.05672845212435801,0.000722898039295039,0.003776319810016582,0.0,5.551115123125783e-17,0.08168599880355132,-5.8660184589443e-05,0.07814557797419885,0.05166360008721771,0.017184902266809465,0.06429509894533347,0.0783046342511754,-0.0011572912473961638,-0.02521141503148544,0.0006975076704366923,0.042655287989301904,0.036480785417262296,-0.0003461584388471106,0.0,0.0,0.0,0.04176910995257782,0.0017918362383186337,0.0,0.001096583102023596,0.0621726444093742,0.0,0.0,0.00010499936459829051,0.057846913451860105,0.03299444397291201,0.003671428489228412,0.0013260998357628173,0.04848037808964212
0.03311192546375158,-0.000986810614278688,0.05833054244623703,0.007722693182883156,0.05791810134568398,0.05945443842621162,0.06980757014733413,0.08330861668900191,0.0686546682363971,0.0694184776076448,0.06056826879013871,0.0,0.06405937364471453,0.0023260550349093467,-0.0014039208468991649,0.054618761997028975,0.047054140802874456,0.021798466528256066,0.06197156344270571,-0.0013698562116554736,0.05169746750217841,0.08270390693086521,0.08315035130079251,0.01346768311070945,0.030474431415959735,0.0526861425782264,0.04297426720732789,0.04013373045529339,0.07780161571117739,0.09622223028983468,0.0664945164047675,0.029361446435381744,0.07673835667388185,0.030403122215817424,0.04295107360665951,0.04902298968557067,0.05850237847760803,0.023841626361260138,0.012074482458340363,0.10578151048087475,0.06159145958911505,0.01447265654733626,-0.0041766295826941024,0.03822822332276049,0.04307600033075859,0.06241236179711496,0.00023484146809693573,-0.0006274314518287527,0.0,0.0237643797594847,0.010785525258410644,0.0024381280159614382,0.0,-0.0006170364952882701,0.053979272891465424,-0.0012541011820974002,0.06022328797210519,-0.0024383812905052205,0.0,-0.0007170145611223311,-0.0027797707402180682,0.0722830425545169,0.06866935826403309,0.0,0.0007724144211764816,0.00011899193507436401,-0.0002569884009112622,0.013858832330153226,0.014656376026620788,0.07221257852715662,0.06326354489458325,0.005439186250317363,-0.08069291663755113,0.003915151689798946,0.0,-0.00654994372042117
0.034351764538655905,0.033738084471083174,0.05783451747021556,0.037166565652377304,0.06298971484120508,0.024892991729640546,0.069412067406251,0.05096083958174075,0.059907026469079416,0.06612233280783031,0.04987914157098461,0.06405937364471453,0.0,0.02235739919674551,0.04836498025678698,0.03929198322919947,0.05513976651955782,0.04130276819538792,0.06298125680640271,0.03380982530353166,0.04263482444426148,0.03423941027695104,0.05415514554120471,0.050930799867220045,0.033378025028035385,0.03941754873318454,0.04874343504470202,0.031249699027080913,0.01407518595531504,0.030502926024731203,0.0721229394292438,0.029344253239110107,0.032295706300358884,0.05043730825098952,0.05619346052394053,0.024977866383853686,0.07629432944231496,0.04463387384506812,0.018626688948976566,-0.009805575089442242,0.043112171029699886,0.03747226411450599,0.030480562594660865,-0.0015990758214712297,0.0009162570048454333,-0.00035575500840734353,0.030693235283144105,0.07802851809646838,0.0,0.05142676409189584,0.05520718518750767,0.03390676933476766,0.055642821964382805,0.07755315120822481,0.004221463399403769,0.043462113127929525,0.002374503797297256,0.041514185352693134,0.020327539825070462,0.04203380595974465,0.02664088179764884,-0.0006224410721200613,0.016350930386022478,0.062038350106857765,0.04475980312680711,0.03348017713539936,0.051339612514089195,0.04519447713238178,-0.0005641545411361193,0.013715297851886799,0.02516249528473563,0.05351524954324005,0.048119568993933215,0.044235955966507756,0.04264283066908747,0.03480390176518422
-0.005844614981253826,0.0,0.058740797330034455,0.035277454647211104,0.046436678016805455,0.0235942110052485,0.039762586134302946,0.01928701709420555,0.03419610502490955,0.024474994774043524,0.02157598985679743,0.0023260550349093467,0.02235739919674551,0.0,-7.348741495061262e-05,0.0,0.0,0.0,0.04033487636156008,-0.0019460395383884554,0.07092874477246142,-0.0018248905724046471,0.05564618617347655,0.0028805639788074267,5.72640540478786e-05,0.07351423506390142,0.04979717006205536,0.02819650554219133,-0.008312399164531914,6.5892935537381625e-06,0.07283499205280908,-0.044338480098263716,-0.0033716767389673774,0.05828967447121547,-0.013252948277866494,0.03295936391011989,0.05915250681665776,0.12590753036795632,-0.0445838595215613,0.0,0.0009591722359940658,0.0,0.020352709914441325,0.0,0.0,0.0,0.0,0.0637652909629215,0.0,0.0868630300763315,0.1269189784372362,-0.005762150392879362,0.009288573782885667,0.046356740309838385,0.0,0.020767265912987,0.0008366965716674057,-0.0009482832139262043,-0.001224243433122274,-5.551115123125783e-17,0.0,0.0,0.0,0.00039654177726866635,-0.0016158255376225172,0.0,0.0,0.06104422130451803,-0.000213425596814254,0.0,0.0,0.06526074408945332,0.0025841396818959694,0.00018737061705170754,0.0,-5.551115123125783e-17
0.06604490155739468,0.038263175960163986,-0.0015700834732114144,0.0016030661928285728,-0.00080262366783862,0.05341017403084386,0.001854462246800026,0.10373657372948308,-0.003122958772768747,-0.00031012420713788513,0.0,-0.0014039208468991649,0.04836498025678698,-7.348741495061262e-05,0.0,0.04868070187087786,0.03297419941640495,0.049018521968990536,0.0,0.03830174685662541,0.03632538635180238,0.04636912744931426,0.04806249326991746,0.07655644668110123,0.04883746146589529,0.04856368384797982,0.0675772392451377,0.062364895057978265,0.04916277363275534,0.09254576745097937,0.04030282205589386,0.04281924304513701,0.04830574848032193,0.03003064395149896,0.03972844413204796,0.05150482806408474,0.03449926844231127,-0.01061128748957535,0.03399343437612112,0.0386164009588722,0.024327785189810602,0.026342009357044005,-0.002231373497240563,0.00047977262196552406,0.0018238178287958706,0.04115164748966976,0.024269852277720494,-0.0004367822576063496,0.0,0.0,0.036456269595708135,0.0034818682193903383,0.0824844582825397,0.0013005655254380577,2.017160176553956e-05,0.0,-0.0009480222812657257,0.061331248069352196,0.0,0.049818257227231766,0.043578577933854,0.006762356498987543,0.032217574891661827,0.0,0.05729203228947355,0.0495177488804856,0.029024197733621748,0.05943414198959468,0.002236667248657842,0.03778818737638073,0.031973346745699516,0.05523991195225347,0.05812431514716648,0.047422740039987143,0.053007973097277394,0.03487445454720223
0.02751183795205181,0.02675776727129775,0.07442924915475618,0.0,0.051781212036907165,0.03182085402333301,0.043195432044109694,0.04830143115246893,0.04422900392499318,0.029478718674333937,-7.2726918716736755e-06,0.054618761997028975,0.03929198322919947,0.0,0.04868070187087786,0.0,0.009859865607316776,0.03171551822366819,0.0015150801416905502,0.026744246440101704,0.05310263731635101,0.033716887728941214,0.04613319448332731,0.024379561505684877,0.03759014201953359,0.03405522164940772,0.02570784217338734,0.048679779941562695,0.027614953351485783,0.04353913622051514,0.041721293353233435,0.020340666833241206,0.031500821003271284,0.04357084897760177,0.05186344026814371,0.10427557812864352,0.0023744187560418295,-0.0026847255961589545,0.03458726428539144,0.04546399032281395,0.04256465956600031,-0.0035360198522512154,0.0010103676844012144,0.0,0.0,0.022435924002109864,0.03940982406259419,0.0,0.0,0.0,-0.007357320860752137,-0.00354496756543754,0.028250626859120553,0.0,0.0016252836641667545,0.0,-0.00372974132682935,-0.004499614287035603,0.0,0.04289904407998624,0.035031323918988666,0.04110251217377753,0.033295851383364605,0.0,0.03933797509068632,0.040635199073838724,0.04976684244808266,0.03454052622256942,0.04506471741325119,0.030789482250919376,0.0294777373753784,0.047221472082574656,0.038031991048510794,0.048013502734889746,0.0003448435191207855,0.05136209005049108
0.01220831816904927,0.02799948386966805,0.052073257213334945,0.0001324073248450408,0.06790354319033898,0.04509814405773582,0.0645170125322913,-0.0040991818186854045,0.07025824185782392,0.039461662788563945,0.051515619199958396,0.047054140802874456,0.05513976651955782,0.0,0.03297419941640495,0.009859865607316776,0.0,0.008520512443820516,0.062920640293743,0.01878281749064481,0.031532572652141766,0.028595379622187833,0.05441401415544539,0.019070205147183994,0.03699213154762648,0.02534855378271922,0.03410261995555114,0.05376816650244137,0.016731380753529423,0.06450061196199208,0.022382064422927894,0.012018428422339744,0.026154364184876655,0.020075607560708086,0.01800491762450329,0.06061367962056741,0.00027002135691861495,0.03132969118228579,0.0056609113005898215,0.1081837778593836,0.04598929478673053,-0.01050320889076084,0.0,0.0,-0.007472331155240208,0.0434587849035713,-0.001786432854374853,0.0,0.0,1.6653345369377348e-16,0.0014428434770942244,8.66847261180026e-05,0.0,0.0,0.0681933121907336,-0.00015384211945784765,0.07105384065776021,-0.001197700960489989,0.0,0.0,-0.0029889432281326456,0.07123638067575955,0.05185244364603303,0.0,0.0006558691165059471,-5.551115123125783e-17,0.05516481529248041,-0.0006966574031660455,0.04708398510824924,0.06166795990002383,0.05569381591143552,0.0,-0.0023590348179358678,-0.00120271361448826,0.0,-0.0007925926561845875
0.02910719528566086,0.027553240924299005,-0.0009249552290076513,0.0,0.02077083306750821,0.026575562915356288,0.040790541458457175,0.06508926149164623,0.02998483281511749,0.009131077884358019,-0.004464939284838876,0.021798466528256066,0.04130276819538792,0.0,0.049018521968990536,0.03171551822366819,0.008520512443820516,0.0,0.006115773298419003,0.0395541808004049,0.06144334824681752,0.02975793029474927,0.07598616873366576,0.019645393105885423,0.023899571501116046,0.02985133941113166,0.02440672751727141,0.05722064571248786,0.030263754539262833,0.04560625634811866,0.017945167434124,2.676583295174728e-05,0.0098253849114599,0.0015557226073679709,0.01695862908432816,0.0021968336483093043,0.0,0.0071198883056424744,0.03550680692468383,0.050333708981252556,0.032790678647797944,0.02708741442353263,5.551115123125783e-17,0.0,-0.006713960221392479,0.028247030727345523,0.03393137022707016,0.0,0.0,0.0,-0.004306773093875338,0.00011107847055624731,-0.0017860715295719976,0.0,0.06910062644008697,0.0,0.04865749948730935,-0.0034296837185558426,0.0,0.03845417663634981,0.02835834160210149,0.052768869411717434,0.037205946928360434,0.0,0.059237481302201744,0.09334721304250265,0.04974983557566315,0.051835441423748685,0.03598638250551672,0.03476066301639713,0.03638871172637953,-0.008415067586690417,-0.0052285054827425625,0.0486213236524799,0.0,0.029737778217439836
0.0,-0.00045588699752829864,0.058284350949184105,0.0656508729777831,0.04112779078773415,0.04087205079893558,0.06185831348411441,0.0497952727209412,0.08089860293622841,0.06501926457136664,0.03282868885690243,0.06197156344270571,0.06298125680640271,0.04033487636156008,0.0,0.0015150801416905502,0.062920640293743,0.006115773298419003,0.0,-0.00061373090881367,-0.004599544112161291,-0.0015440109736541974,0.04389548351929734,0.002052325351726225,0.05892500402341583,0.059874600388126864,0.07434659057645565,0.06433670541441588,0.0016657529456915454,0.056781950491803235,0.07748560105360508,0.04530578890581188,0.02779752373295108,0.05799343437751431,0.05898020698594092,0.05523211187569954,0.07294840378558931,0.05657924589447877,0.062434678778715835,0.0010745131094195282,0.03551932649370493,-0.0010723192048576191,0.06185515790014673,5.551115123125783e-17,-1.6653345369377348e-16,0.0,5.551115123125783e-17,0.0955526649573124,0.0,0.05847031082114629,0.06185401939531743,0.03606961500628403,0.06964898292367272,0.07093659443222744,-0.0010981338231408344,-0.09352758734702976,-0.0005578303976666033,0.06437336773263413,0.07825909063811431,-0.0001900502055539044,0.0,0.0,0.0,0.07370440859965466,0.00015535314480841222,0.0,0.0005617289533749736,0.06751175958947042,0.0,0.0,-0.002134526821230387,0.08034913607849214,0.046459774114452235,0.047155623389391055,-0.0005918180052548738,-7.316027119996793e-05
0.045244283998684354,0.010211056509150551,0.06692194952489994,0.00021645457311691985,0.04387412299903376,0.045101446444858806,0.04074888177039576,0.03922505395741849,0.052295346393435915,0.019478405776965857,3.342433748831919e-05,-0.0013698562116554736,0.03380982530353166,-0.0019460395383884554,0.03830174685662541,0.026744246440101704,0.01878281749064481,0.0395541808004049,-0.00061373090881367,0.0,0.06328741744775074,0.0011552668481573103,0.04672464822882294,0.08060615137228327,0.02135993607567288,0.03473280559308023,0.028329424620868626,0.03668142629415455,0.03263083393079591,0.04796074941256234,0.03343724769332895,0.016897802226509495,0.012335372047310278,0.01860928589452976,0.015699195722068404,0.05733384133151476,0.020608915615837664,0.0035753023115502325,0.02818356824240581,0.020874407444283205,0.020191484821412586,0.0274078001376743,-0.013865206177586908,-0.000657650125587772,0.0011998573616865404,0.0007382473223421782,0.02627223618604657,0.0015707171616620719,0.0,-0.0018137780911416934,0.023697034515761217,0.03168388289068602,0.03024320167170641,-0.0014304510762654377,0.0020038603352973694,0.0006934671538547099,-0.0006971641071802925,0.046996496891708595,0.0,0.04654678184066707,0.026684391869244872,0.0086223314745007,0.016228644263899528,-0.0009632877268347939,0.04655662490360335,0.050192647462430406,0.03143855888519581,0.04423366155487485,0.00016881739997548495,0.028647236731583536,0.029268912656306323,0.04324725481742869,0.03966374521127569,0.037090256221562534,0.043556969164016635,0.026596983613030867
0.0780079387454427,0.0476123257033878,0.000417913790989044,-0.0004738257436404103,-0.004461478724305967,0.06366127143590694,0.058892643429802494,0.0946768450115355,0.061209293766263384,0.05629201330447792,0.001634261515923885,0.05169746750217841,0.04263482444426148,0.07092874477246142,0.03632538635180238,0.05310263731635101,0.031532572652141766,0.06144334824681752,-0.004599544112161291,0.06328741744775074,0.0,0.038795629861727965,0.07240469966402913,0.07520708780406882,0.06029096334187589,0.03975641262924451,0.05383113002793738,0.043485280773791324,0.03845862438652742,0.0005757906065428919,0.041867479078264325,0.0426502514355791,0.056308125523975516,0.03164692230378224,0.035115612846639555,0.1508453063950721,-0.003920067488932755,0.04627232068683923,0.028929599986612375,0.0698654647481553,0.010151165365075598,0.032792737549200424,-0.007105291219080878,0.0,0.0010574317246290765,0.04633483764891366,0.028293850551690813,-0.00033648313586698286,0.0,0.0001048327212991862,0.038394661150628284,-0.0034108605247947787,0.040720260714606715,0.002371406543056731,3.6104604928921535e-05,0.0,-0.00031430434675788765,0.03753912118830066,0.0,0.040514792248584286,0.039016605739973176,0.0,0.05603068575602571,0.0,0.039152944133415246,0.024829062643634547,0.017409543679440975,0.040908594762014416,0.006015787329555378,0.03942139068857464,0.033706506282905835,0.0534808449777458,0.039483258117194386,0.03465056069016492,-2.255225675285022e-05,0.023602690363250522
0.055222433725121645,0.013294794924423203,0.06432598387433486,-0.00047672877625792864,0.04854639703932995,0.03837644218982039,0.03834360878096721,0.01150108310544834,0.05049305130274356,0.032846077288904596,-0.00045650437692401624,0.08270390693086521,0.03423941027695104,-0.0018248905724046471,0.04636912744931426,0.033716887728941214,0.028595379622187833,0.02975793029474927,-0.0015440109736541974,0.0011552668481573103,0.038795629861727965,0.0,0.04750124757515556,0.08649086067816586,0.025804868324540098,0.022275514353003734,0.026985609183282022,0.035090177810780165,0.02308611002724409,0.02944216080834905,0.02724223741723003,0.015770153880337756,0.009208860487301074,0.016117770983339053,0.01960228682030446,0.03841785522541197,0.007318521882367701,0.054093326921451745,0.024204116466898407,0.014365024486543587,0.0237046122503089,0.023383658114784378,-0.009196843071767491,0.0,-0.001724107551198506,0.018679415178742775,0.01728837584357812,5.70091010457241e-05,0.0,0.0008326608370555766,0.032408471351946355,0.02204690047533603,0.03508551225773682,-0.005812480625668304,0.0010573258558075893,0.0,0.00020639367561525734,0.04224005500590938,0.0,0.035425872897616895,0.0351097421921614,0.02699566456838931,0.029363375572625805,-1.1102230246251565e-16,0.04073569799544241,0.041710466722781336,0.025172213969498314,0.04341847479317551,0.0011598382805906304,0.022669554443492668,0.02325515051862226,0.036754954184635424,0.044314514373383074,0.03402043803583521,0.030850971963236384,0.03177302363619516
0.09413051678695478,0.03623330044780787,0.05626130393802742,0.05437155153601936,0.0448311305140191,0.05147157880851305,0.059198578021405546,0.052473333446190595,0.05726909265594532,0.05453373829875746,0.09787877525250771,0.08315035130079251,0.05415514554120471,0.05564618617347655,0.04806249326991746,0.04613319448332731,0.05441401415544539,0.07598616873366576,0.04389548351929734,0.04672464822882294,0.07240469966402913,0.04750124757515556,0.0,0.08799033477450902,0.06840321661008242,0.06950195454885472,0.05111998243103766,0.05074388062363999,0.03851673888363544,0.05146614204108846,0.049039048678002406,0.04283671238135678,0.04320237711799452,0.04632971985231532,0.04890216178797813,0.07286178738290428,0.053141618053137496,0.08523908170861638,0.04768292149299069,0.01443821657026384,0.04717047982910605,0.05010580260160058,0.05490909087135121,0.0542820981605282,-0.00040317848020210434,0.050565498305032375,0.04298276462178208,0.06632532603064056,3.2639717832128046e-05,0.06923685580736716,0.06553169591173236,0.04054288723156585,0.06558765198972,0.06732870352135811,0.057492519880988024,0.025353340035950578,0.01147846290800908,0.05017292850164945,0.06898227537183488,0.06088890788426604,0.03631609175389444,-0.0188618341789194,0.01575887000941678,0.0025512329945643897,0.05405283692410101,0.06533197734539614,0.053044461949921684,0.059029863439571284,-0.0002927443279429065,0.03373514909462966,0.04924682446950113,0.06651504567986655,0.05294422703818025,0.04459854182368583,0.05132724684546364,0.048660443264314845
0.04119126095910747,0.015131484857655642,0.0008283166371023665,0.0012564402784417394,0.06433721430876255,0.08498911638381862,0.07192996514071376,0.09204603927777044,0.06561278317285707,0.028998353923808562,0.04720426163100555,0.01346768311070945,0.050930799867220045,0.0028805639788074267,0.07655644668110123,0.024379561505684877,0.019070205147183994,0.019645393105885423,0.002052325351726225,0.08060615137228327,0.07520708780406882,0.08649086067816586,0.08799033477450902,0.0,0.03540514157308611,0.015925033942749134,0.07537605999786384,0.039639074680894004,-0.008838786802299936,-0.0013700481626239824,0.05241795686099526,0.07379829532110721,0.041032789636508304,0.0263063633521865,0.04982585390944316,0.04188359333456504,0.03865851653978836,0.00400058337863185,0.0239412272056323,0.13324471462577425,0.03870528296165704,0.06044311015534415,-0.0014303968479786877,-0.00032042201214410593,0.013594319903647623,0.06825806346402247,0.05316447295225002,-7.001323939459514e-05,0.0,0.0,-0.002111695103530875,0.0009830442506594816,-0.0002626729520194826,-0.0026351478559658026,0.06292995436617732,0.00026876322709751266,0.04501560273064337,-0.003136741069994897,0.0,0.0015184721840136861,0.038840975436044534,0.07361890881646294,0.06846489584889076,0.0,-0.0004922699048122703,-0.0036810702059908995,0.003715630119657809,-0.002936357598268269,-0.01585740988516604,0.06302833442976946,0.06093286705334833,-0.0007363476828470827,0.008362277563107312,-0.0027015130094240614,0.0,0.0780724825336151
0.030789523681972797,0.03070678746397887,0.06616954982836631,0.0,0.0389709383932233,0.024715686935882053,0.036053877108139065,0.08420752220348349,0.041561683713687514,0.04603534918581609,0.046791683007718854,0.030474431415959735,0.033378025028035385,5.72640540478786e-05,0.04883746146589529,0.03759014201953359,0.03699213154762648,0.023899571501116046,0.05892500402341583,0.02135993607567288,0.06029096334187589,0.025804868324540098,0.06840321661008242,0.03540514157308611,0.0,0.02671868848625525,0.01962742192388045,0.042489658721837964,0.01614792995327441,0.04853404918064247,0.023573408013897512,0.010753712189749742,0.02292554228642607,0.01541203768426097,0.021118432243682872,0.0555941846328849,0.0009248472737815594,0.030908592964557446,0.03659748214143854,0.06948358271760319,0.03809940456317895,0.01970137482390638,0.00045457745102289726,0.0,0.07637491820763148,0.03246052617095563,0.03707940718548991,0.0,0.0,0.0,0.0416846635208471,0.0014409433204227162,0.05401349855479659,4.5827456237490516e-05,0.06621600334782357,0.0,0.058276361896093476,0.029757115641579013,0.0,0.037502499476030626,0.03196326729580906,0.05686954784316828,0.03778736186051773,0.0,0.02541239521742933,0.06621085836719931,0.03521280159437001,0.05238077978727701,0.045498851266308205,0.036426241096860434,0.039915357027233256,-0.004263598180305139,0.03486896696162417,0.03552884793178296,0.0,0.042194010223244816
0.02741576375223842,0.02873106165683459,0.048131450348348925,-0.0005919633949769132,0.04381682064531306,0.03444104672144216,0.03995362861394958,0.08815268545571586,0.043947612381013856,0.04979241958065872,0.05117661922572786,0.0526861425782264,0.03941754873318454,0.07351423506390142,0.04856368384797982,0.03405522164940772,0.02534855378271922,0.02985133941113166,0.059874600388126864,0.03473280559308023,0.03975641262924451,0.022275514353003734,0.06950195454885472,0.015925033942749134,0.02671868848625525,0.0,0.03210819213590571,0.04281115945405828,0.022485278768208383,0.033713700878116926,0.033984676923098533,0.019383725611535507,0.02260151632434093,0.021093575726668534,0.033922998100638646,0.03910288280109764,-0.0015738991943651248,0.016656298413281645,0.02791850074959673,0.07071575397006974,0.031948840017172686,0.021036878537479264,-0.0027143032362534347,0.0,0.03791919113359554,0.03673022798336556,0.0316369984100725,0.0012026487858585733,0.0,-0.0002101658564465092,0.031479667864704464,0.024957601225871817,0.045676386292585414,-0.0028461323500835745,0.06587157925638287,0.00011106279866224256,0.0632446701357765,0.03536899542727895,0.0,0.023665705925498104,0.04108694473587887,0.061708590960989074,0.03964667375957204,-5.551115123125783e-17,0.03463369814156464,0.02420174742986847,0.02752012373761037,0.04755925692641655,0.03600802621928889,0.03914927875884039,0.034739556517547565,0.03927795375963572,0.05733804818271876,0.036936895777294865,6.414993339898256e-05,0.03788553375725395
0.0664574817608185,0.02795772002664315,0.06969715381587738,0.035502798852372786,0.05188674186338349,0.041386080561579885,0.058513490684020786,0.06184484708698218,0.05417276463739101,0.06241959005506714,0.06236924717201714,0.04297426720732789,0.04874343504470202,0.04979717006205536,0.0675772392451377,0.02570784217338734,0.03410261995555114,0.02440672751727141,0.07434659057645565,0.028329424620868626,0.05383113002793738,0.026985609183282022,0.05111998243103766,0.07537605999786384,0.01962742192388045,0.03210819213590571,0.0,0.04047089246404012,0.02597239152685571,0.047889548925140635,0.03825251269260699,0.029192771292468556,0.0370269877728176,0.031404422607166416,0.03161656370667415,0.05095041846013204,0.050907282295489964,0.03180856363816453,0.032810721276759214,-0.0025349490035705413,0.03300665865434682,0.03839969138376864,0.055845705419169,0.008516204093477808,-0.004658163547378746,0.042503006510212604,0.026237129970154538,0.08449555379863505,-1.6653345369377348e-16,0.07537870909960265,0.06444555915524908,0.03141975223602311,0.05956031959857622,0.06922096092382835,0.05504210247626584,0.07908042810557969,0.012406253194353178,0.036529645456079396,0.07002954571111664,0.04841753702928736,0.022329854407514615,0.0028624831645736037,-0.0006012161810263761,0.07188093693250852,0.03817822591821274,0.04603844155552461,0.039607531930261564,0.045079782533881674,-0.0005737244978940015,0.019599111017221893,0.029036693899033572,0.05758513149503053,0.03725975059920128,0.03227171979829391,0.03695118842139067,0.03044486640169175
