0.0,0.0039371368721769495,0.001864562946420678,0.0,-0.0008388428657959968,0.030266053098289947,-0.0043846864134374774,0.03837869396375926,0.010285080748778597,0.039271714902815946,-3.096666385643543e-05,0.023190508595093307,0.004133544058720184,-0.0002765134373240441,0.021225074334239757,0.004850468202518332,0.06379582819411234,-0.014470229606325213,0.0,0.00707273146716525,0.05215179031526068,0.009289047132744421,0.03276069995439296,0.014355013799478067,-0.008114140545664061,0.018196081310810797,0.01210995474700799,0.017296703222469012,0.0131977735787136,0.010368303637659615,0.01686758916563552,0.0032423556159094646,-0.012382375135894297,0.0012566811227385233,0.006104158614973321,-0.07998350887267847,0.0,-0.06807380722850481,0.01807298823988651,0.05217465219966749,0.04029209593719235,0.041707176805435786,0.0,0.0,-0.001450531742750838,0.012569293701004736,0.035059760480948,0.0,0.0,0.0,-0.0022962192668570802,0.0,0.0009390715406555894,0.0,-0.0013135011007175401,0.0,-0.024253243614716258,-0.0022929276096889106,0.0,0.014028676115094119,0.03364835234115021,-0.0007792842836484848,0.031721352464399,0.0,0.005860208360808139,-0.01506056678600709,0.04431059184377545,0.002867676290700394,-0.0177686826939355,0.03201061636169439,0.0307214332938594,-0.001473092549876931,0.0006194563113600671,0.0033556784609522494,0.0,0.0608386360648549
0.0039371368721769495,0.0,0.00684724150720295,0.0,0.001224999596386278,-0.006749969385937193,-0.0059297309004235355,-0.02249155029139538,-0.0021926910613960793,0.009976064698615061,-0.0010251571913266755,0.0065731552960475725,-0.009519714809687885,0.0,-0.004076713411717614,-0.0049428178773939235,0.021273597305537018,-0.004991334316962637,-0.002904854909725141,0.006022429264278761,0.01860718301065556,-0.012012110205415871,-0.0006723163675512178,0.02447933435829841,-0.01948227566850952,-0.01855948563583143,-7.574699525664252e-05,0.001663215774287019,-0.006832307877744692,-0.004969415515185094,0.008901278098107035,0.0027317481713867164,-0.0036302800863846074,-0.0035654357381497692,-0.004724106683842377,-0.009080438316660056,-0.0012919216136126899,-0.0014291434761699584,0.01769198005708761,-0.007381012151011224,0.021554218311565454,0.020557642556492117,0.009845366872386019,0.0,-8.796263865568088e-05,0.0022794253564720757,0.024518541800621574,-0.0026125634358506455,0.0,-5.551115123125783e-17,0.017021306419354232,0.00046846525865229527,0.006657801854809076,0.0012779400656548479,0.030366637692030074,0.0,-0.002073426045412552,0.006092789978262458,0.0,0.011036874774083605,0.015543256421410967,0.024291372414445067,0.018470356638728147,0.0,0.002311501761140311,0.025501950850734978,0.02868190974562046,0.02866578166299083,0.0013850436918316222,0.022327479605911638,0.018164074169135236,0.02711033598008661,0.010302172592126568,0.015333790781975942,0.0023697415175779613,0.02045678161258835
0.001864562946420678,0.00684724150720295,0.0,0.013152604204160034,0.01573307609580027,-0.0026012159100000654,0.040317697287446885,0.03081320782418495,-0.006340716678581104,0.033486925705825066,0.005309600949196747,0.015087292212705883,0.02185965498973058,0.024184841273397484,0.05958838429398705,-0.011337065072188457,-0.002015973439035923,0.035671166225835105,0.010867076303288314,-0.005919028635721191,0.05086079457877696,0.0008997911864684349,0.023080779536130358,-0.008233865059050938,0.046675748526883276,0.03566261292154044,0.023817570731531457,0.03342019570219129,0.01565556511347843,0.013589685752635416,0.036372467756190296,0.023773549164677943,0.028231030332020846,0.02310567676588343,0.010832702184418286,0.03687611985021927,0.02340704376013214,0.039811667996431266,0.03224791507334268,-0.0008238619389360768,0.029581778813486004,0.0124853021044935,0.04122564206891477,0.09142073899173914,1.3288235539032911e-05,0.0,0.0008508839140703439,0.10601940148710826,0.00038156388145704767,0.04022587158530189,0.02910733051096359,0.018983754715959922,0.04295284332909266,0.062198046609432955,0.0020841962858377805,0.052418579158367895,-0.0010362019127677646,0.029227123805583233,0.05097860953510058,0.0024766183993138458,-0.0006691027229446811,0.0,0.0,0.07083146311599076,0.010272117825503857,0.0009778595933759848,0.04106670171019211,0.044086236292861236,0.0,0.0,-0.0003421982136860846,0.03495929135878684,0.03874296796762955,0.0211345986888557,-0.003460539952064079,0.027441542444238798
0.0,0.0,0.013152604204160034,0.0,0.039153231194130944,-0.003824416631293237,0.0149696476321442,0.041432617356147006,0.01938914634952771,0.023253558702646338,0.03874008214917296,-0.0005874016897314815,-0.0325847558872388,0.04551033292061246,-0.0027789938994844388,0.0,0.0005028258690890075,0.0,0.05355593954591825,-0.0005742369854938589,0.0005891179288519677,0.003483862195508891,0.022814343475407894,-0.0031884421406516705,0.0,-0.0015247986867309438,-0.00367697845757603,-0.0008323358658891555,0.0005537770164402156,-0.0002705600641689232,-7.325358936272064e-06,-0.038226566755050095,-0.011805409864383498,0.03549919633630222,-0.07548235929669384,0.001655850663174696,-0.010475861948267412,-0.004435148302170344,-0.0020360565238477513,0.0,0.0010528394293954912,0.0,0.00046729807607059914,0.0,0.0,0.0,0.0,-7.542355304407389e-05,0.0,0.0,-0.00040762846928443786,0.0,0.0,0.00017657624952704953,0.0,0.00018076950630274702,0.0,-0.00013292665660180614,0.0,0.0,0.0,0.0,0.0,0.0,0.0,0.0,0.0,0.0030052901802102294,0.0,0.0,0.0,-0.0004358125535453006,0.00017307560401980115,0.0013725697827405847,0.0,0.0
-0.0008388428657959968,0.001224999596386278,0.01573307609580027,0.039153231194130944,0.0,-0.00325118951853709,0.03332853667455504,-0.009738573531038852,0.009513963742902032,0.04621087038725924,0.023380735315925882,0.0415983552148636,0.03319622178345444,0.038604448092926735,-0.0024186982412143787,-0.018914331293075293,0.03155116413926928,0.017739554357070697,0.028540341348347764,0.007885469588925276,-0.0005749456999467051,-0.002647003196292408,0.016441683932413964,0.007151213159262093,0.005779718307382997,0.008288546109058104,0.008531221077867135,0.04336419493270949,0.003895057034834226,-0.015316179235442207,0.04749723842811798,0.024126718764722166,0.028465783166315872,0.039268777556740686,0.015690705349763134,0.02834561092143223,0.027441415687185444,0.049754695124780535,-0.02064052665886501,0.002380627367744692,0.0014763068183194505,0.006326049498729502,0.027990772377351814,0.00018565544865828398,1.782209654582756e-05,0.0,-0.00024511762020645866,0.02526409452097189,0.0,-0.01972236670242261,0.00850828801073944,-0.006539520910273766,0.010482870094986718,0.0172780124511559,0.0016327894839535118,-0.029952957820379766,-3.803452911588234e-05,0.0018287770550825533,0.0008935409553625928,-0.0015210571070899404,-0.0006495481062854802,0.0,0.0,0.00045309646146007854,-0.0014538825273864298,0.0,-0.007473271141400062,0.02548555584684231,0.0,0.00011782759848033564,-0.00028549893155438433,0.017615671364421215,0.010994087941816666,0.01798142637725303,0.0005615927066979776,0.005083100060333967
0.030266053098289947,-0.006749969385937193,-0.0026012159100000654,-0.003824416631293237,-0.00325118951853709,0.0,0.019026378935986077,0.007566215126362352,-0.009538384772566966,0.01966739237991849,0.013486527298961881,-0.011624964362564105,-0.00125377325707271,0.011342660055646492,0.020111224313212717,-0.01481312021653991,0.03371061287451904,-0.0004220464150304082,0.026991349393252595,-0.003093533974901197,0.021589253187663415,-0.0010671234502572235,-0.008340763720778854,-0.04544367081778411,-0.014004399434318582,0.002933431101355577,-0.01152329326021434,0.017145269007739827,-0.007898133766042537,-0.0007118397121885778,0.00922587136342723,0.001146324607036675,0.00508726510174351,0.0014798092309869504,0.0018428053151731683,0.0009950538840017842,0.01131624480709481,-0.004155656861439094,0.019626170022020106,0.004969200422036357,0.028811634862043967,0.017289701004201463,0.011579063437624826,-0.003433745851871617,-0.0020849604151976786,-0.0010940645964457874,0.01788201080715579,0.02341607697213166,0.0,0.009443225397754662,0.023881206329054883,0.01598268706311179,0.027040860932309563,0.03240963355104498,0.004649532987608174,0.03372610430698142,-0.0015506217159858005,0.01834690837438291,0.06570564032922666,0.027127212650334576,0.007966661372887929,5.551115123125783e-17,-0.008068552757016012,0.030604564121820776,0.01865148767874608,0.02514676798601434,0.026273054518649974,0.027607316481371713,0.0,0.005563665804662055,0.020537404923924585,0.018944805624963368,0.022890083201261735,0.018362253227841185,0.02818053457772829,0.031435478153565066
-0.0043846864134374774,-0.0059297309004235355,0.040317697287446885,0.0149696476321442,0.03332853667455504,0.019026378935986077,0.0,0.022243152053878,0.02632701908173024,0.016544423267644437,0.056475700640539694,0.01565909200115978,0.007019743884445262,0.05222920560968569,0.005147548050063844,-0.00555309204022314,0.009100821019800198,0.007216621356855968,0.058506880148187,0.006123869697330808,0.016124534749299535,0.003603012093062352,0.025305803699033014,-0.0634683289360784,-0.00630696431793909,0.005564792521036588,0.015489462535451248,-0.008901617559844699,0.006387481682028184,-0.003612532084410758,0.020034052541282765,0.025755307029208918,0.008581982031307,0.0055243891649501276,-5.178881287504211e-05,0.05348593300334481,0.015506623241351158,-0.013676164445204697,0.016323003985258322,0.016034829775265436,0.04350509699049798,0.010749203709705557,0.030391035001848143,-0.0006408898400301899,-0.0018233966393010892,-0.000492890701463633,0.0016890201590152865,0.020748995687884797,0.0,0.002671407099822054,0.017113552758782347,0.0035608541505056657,0.031745394078335265,0.028557788574093412,0.004593681252654469,0.013863716368249901,0.0012167509780638408,0.017347603988354554,0.0008476309472614241,0.02366496986344302,-0.009598612222247005,1.1102230246251565e-16,-0.0008509102376106359,0.02707387500263192,0.005532772682836695,0.0034437553438384505,0.009001031431678352,0.02336842157176533,-0.0022979629355274755,-0.0024254725128239896,0.007469977637462877,0.017688568724453346,0.01952984544330949,0.009288472495879607,0.003630565789306539,0.02896032666492665
0.03837869396375926,-0.02249155029139538,0.03081320782418495,0.041432617356147006,-0.009738573531038852,0.007566215126362352,0.022243152053878,0.0,0.023047353947450222,0.03462140251830259,-0.008784893499807767,0.03511593747391417,0.017882047313935667,0.028308429699883786,0.02097200693109097,0.020521676565734837,0.001809006820132908,0.030589374992321894,0.036991780872540736,0.006126908307463597,0.018744454259866594,0.006656949008080948,0.03034391687307003,0.026234901477058648,0.02675699833069578,0.01796672580487041,0.010928173729693902,0.025032730625540955,0.02409676602231492,0.016781598197801395,0.029207933457493118,0.03283353311508991,0.009464735581464934,0.016579263461851124,0.022511143239969,0.017539048793097978,0.03123316202647397,0.0026816375465403275,0.020640589573372392,0.005224109072603844,0.012092106311469952,-0.006515062197041233,0.05897888907352139,-1.7245739312388153e-05,-2.8876718212833552e-05,0.005903926328323705,0.001558872837927161,0.013763668102064974,0.0,0.024964826974154253,0.012463419473840276,-0.008582930637059283,0.01913825902461863,0.023745300090258548,0.0003080374894180449,0.03409216012888294,-1.1102230246251565e-16,0.014497068833833615,0.003012612389294067,0.04617583926055757,0.005127696745178378,0.0,-1.8641231737170916e-05,0.022733182560275678,0.020792587037341603,0.036847726047833096,0.03765213524838801,0.030973623147360463,0.0020138787303973227,0.035737666400317725,0.026350514880852882,0.010910973387757372,0.02565742493807721,0.02193786373817691,0.010123195653497619,0.021460927061381918
0.010285080748778597,-0.0021926910613960793,-0.006340716678581104,0.01938914634952771,0.009513963742902032,-0.009538384772566966,0.02632701908173024,0.023047353947450222,0.0,0.03810385402168803,-0.01615071195872858,0.011999820750974055,0.022466107101033694,0.024164172578454712,-0.002223276153664744,-0.018521985045919342,0.02660889201950284,0.017564712643226954,-0.029732781968418998,0.0038744635288914253,-0.0009279942391297036,0.0013031131427669873,0.0007702956903572478,-0.008439643651069195,0.004081973972097419,0.012505154731464074,0.017025626983991238,0.03580508118244802,0.00973004169110403,-0.004835082486523812,0.041254422655109646,0.023438208095987123,0.018615247886479835,0.026184797079817135,0.0073586001769693765,0.04249618783087605,0.024078091339955976,0.02231439859202078,0.018565695973398966,-0.003225422863062266,0.024848688769083083,0.027558970593990928,0.0370108879274641,-0.00033412903638557756,-0.003675547768410836,0.0,0.01636224125500818,0.05739939230283786,0.00019903942178700618,0.011476379874126641,0.020549208897781446,0.009712669573464616,0.032202818858085513,0.030070707976728395,0.0014954268135795035,0.0013566051722595507,-0.00361962500297347,0.01729926436824958,0.05447024536861245,0.005588319728247415,0.0013030145624127187,5.551115123125783e-17,0.0,0.027805277318850297,0.01661288795584287,0.00746682016994199,0.012162829433931432,0.03385534479894814,-0.00019807390870202335,-0.0003170232596661493,0.006464312923722404,0.021649402879954427,0.020792916486574886,0.010056289895024717,-0.00262315528854129,0.024953051608548327
0.039271714902815946,0.009976064698615061,0.033486925705825066,0.023253558702646338,0.04621087038725924,0.01966739237991849,0.016544423267644437,0.03462140251830259,0.03810385402168803,0.0,0.05012716066741324,-0.008424270680408574,0.0286289273340542,0.0138778478177492,-0.005509534072119071,-0.026965108693909834,-0.0012950919891436263,-0.0007625024430547578,0.055110122500160785,-0.013969376865982708,0.03297691595944896,-0.01686247708736266,0.02484510159910347,-0.010401194510031686,0.008566387502578432,-0.003498127462264522,0.012682333637658416,0.02440627779078386,0.0025505303440112592,-0.002458932134045577,0.0163519530292906,0.018478741636422935,0.012895989064990288,0.018278050647700328,-0.004803384041165926,0.05912769525072298,-0.022281278403529836,0.004949098381783201,-0.008923829365269587,-0.012930860149380441,0.08005765561912687,0.0007892205352746373,0.01800867569741421,-0.0025386128180923673,-0.020590870354970814,-0.02641638570650734,-0.004284922834457083,0.0018613163163999635,-1.1102230246251565e-16,1.6653345369377348e-16,0.004213382679849498,0.005808039818888278,0.0009440901964600235,-0.00011452624612373619,0.008661112482796551,0.05272578469854988,0.010223164097121429,-0.002235417221469582,0.0,0.0009933612891307453,0.03441587778147803,0.021636458826042426,0.02131839400875224,-0.0006860497259710274,0.0005539087404584087,0.0006598595028335374,0.0040982031858949886,0.031130189980917322,-0.006895224380249532,0.011278468229190208,0.013501184295284296,0.024260907199145088,0.04350481349182628,0.0032912231922403445,-1.1102230246251565e-16,0.03010674738150465
-3.096666385643543e-05,-0.0010251571913266755,0.005309600949196747,0.03874008214917296,0.023380735315925882,0.013486527298961881,0.056475700640539694,-0.008784893499807767,-0.01615071195872858,0.05012716066741324,0.0,0.04641077637551466,0.06058592395052492,-0.013460367090056768,0.0,-2.0489344902785422e-05,0.02973683810025135,0.04112205412407888,0.0021354314174522604,9.416634047199057e-05,0.003102781262522225,-0.0020313530874404018,-0.01491627728737327,0.0025870086681131776,0.034396427630550785,0.03204768562504057,0.015855255080919506,0.05258712599038701,-0.003808349875796091,0.0033481098949156296,0.060494095106386925,0.06250734814599734,0.05906998825716275,0.0505598896674222,0.03531799751495035,0.0178737257025558,0.0200634421428752,0.08120620631138864,0.0396077821098163,0.002830145552603802,0.011773554951335252,0.0007748580502810465,0.045994996065668925,0.002954536050026324,-6.482507081340128e-05,0.0,5.551115123125783e-17,0.03934728655469172,-0.0001652632581312652,-0.037404987446329696,0.019199529698803675,-0.00578249648752216,0.015570898297627034,0.013698825442222562,0.0032255589484112,-0.04209637899677171,0.0011431687675950708,-0.008787997386310364,0.0109466574704834,-0.00034085004767203664,0.0,0.0,0.0,0.0011347829721978786,-0.0034519098146805205,0.0,-0.0004964531257714566,0.042099810113304104,0.0,0.0,0.00043820761393531527,0.024487645113882905,0.004922831954352114,0.006315149317776103,0.00036503798093801,0.018119708630116582
0.023190508595093307,0.0065731552960475725,0.015087292212705883,-0.0005874016897314815,0.0415983552148636,-0.011624964362564105,0.01565909200115978,0.03511593747391417,0.011999820750974055,-0.008424270680408574,0.04641077637551466,0.0,0.02678693368921964,0.0035547272543604014,0.030216508312672696,-0.003823448376388039,0.0013976369749951756,0.00819392950296749,0.043596195157118656,-0.00831203395465746,0.032729944498623265,-0.007765748483891,-0.005952224534806871,-0.0201709553777058,0.012665594135839897,0.01230216300493503,-0.010593187515372915,0.02308110217161502,0.002523767727922621,0.003278206063887734,0.009163108134517484,0.0005761590582122333,-0.012941164508253,0.016463593537586918,-0.0034830304190212047,-0.026392409403935113,-0.046610398814615706,-0.015157338872632986,-0.030151010708313886,-0.050448057316995754,-0.15721212699835058,-0.13495326923403747,-0.010829325610509588,-0.0644687128464004,-0.12364489775262621,-0.03594808404661648,-0.0004915427539604611,0.03877200000908826,0.0,-0.0004310183000599821,0.003604147522619061,0.0004123439990451616,0.0,-0.011498218207476152,-0.06640663733260915,0.0015969845697871854,-0.025031889300268728,-0.09097574855286189,0.0,0.01685504891026024,0.03051602036485135,0.008076050163562554,0.01592558010055578,0.0,0.011488800350268225,0.0006852328312269562,0.012549887059099651,0.0011986623821981235,-0.04265374005387362,0.007113480122709959,0.0058085819562280205,0.00040759048250310626,-0.031009394321963202,-0.016071957534481318,0.0,0.007151085519904232
0.004133544058720184,-0.009519714809687885,0.02185965498973058,-0.0325847558872388,0.03319622178345444,-0.00125377325707271,0.007019743884445262,0.017882047313935667,0.022466107101033694,0.0286289273340542,0.06058592395052492,0.02678693368921964,0.0,0.047567830971000924,0.012653523740745909,0.0027319928308394137,0.022704415242051967,0.014055774455536518,0.057238021271860395,0.0053855383953323455,0.008139463370123279,0.006764866857147944,0.021380493377559262,0.04396642177408083,0.002756418869668209,0.01125260213473811,0.0024059637830212144,0.011568710918045233,-0.007000650976081324,-0.0015675665197353306,0.02828502533955818,0.021175119718200686,0.02974578568279418,0.02354331604790172,0.009341336495396979,0.056050961225210805,0.032092395897978965,0.02574886906837226,0.015097092159279124,0.006543267759768268,0.043831669423003095,0.06003197686001027,0.007632336920819549,0.0010504732812288697,-0.002280738728551779,-0.0005692117956588305,0.0020569116344976157,0.031785159293263754,0.0,0.008972627146843992,0.02167469870416394,0.028516380054831925,0.03370353441369078,0.036176487828642245,-0.0008233269193196335,0.030005919159693306,0.0033145449044258424,0.012505830047677913,0.002333747279039955,0.012426704445650694,-0.006627431098187531,0.0012025502198134141,-0.02839118429444054,0.03229477205671949,0.00640496287717246,0.004158376456747048,0.008452678254233625,0.025864613602150976,-0.0011218265414378314,0.012918432792121903,0.013118378769528705,0.016958750809684453,0.01921654039679266,0.016601456224472733,0.0057793044671475835,0.02359532036334311
-0.0002765134373240441,0.0,0.024184841273397484,0.04551033292061246,0.038604448092926735,0.011342660055646492,0.05222920560968569,0.028308429699883786,0.024164172578454712,0.0138778478177492,-0.013460367090056768,0.0035547272543604014,0.047567830971000924,0.0,-0.0002603432134852257,0.0,0.0,0.0,0.032423836714123855,0.0004884762543058141,-0.0018418533420276884,0.0012104111287047914,0.01983237571669777,-0.006629068640235269,0.00016132994145862112,-0.0024175062596900054,0.006458191973049754,0.024578764700382782,0.0004932540616953696,-0.0004558857448320186,0.04596163889414495,0.00736684483908151,-0.00047249724800529913,0.039062321426791,0.025158010281640608,0.009362797947301105,-0.006203608171876873,0.1136414097164114,0.00639783313374187,0.0,-0.0014775626168026523,0.0,0.052206561521883244,0.0,0.0,0.0,0.0,0.02902445878574922,0.0,-0.0025356973166516528,0.007945516762651095,0.0009073683747684025,-0.0020064781216929117,0.03141451445126253,0.0,0.05599345817120244,-0.00045851564005250367,-0.005185701411736521,0.0013420497235062112,-5.551115123125783e-17,0.0,0.0,0.0,-0.00755708168293423,0.0010220743438787983,0.0,0.0,0.020993254075125534,-0.000601283643156092,0.0,0.0,-0.0026647298282697074,0.003675835130647398,0.0029615856725960232,0.0,-5.551115123125783e-17
0.021225074334239757,-0.004076713411717614,0.05958838429398705,-0.0027789938994844388,-0.0024186982412143787,0.020111224313212717,0.005147548050063844,0.02097200693109097,-0.002223276153664744,-0.005509534072119071,0.0,0.030216508312672696,0.012653523740745909,-0.0002603432134852257,0.0,0.00290660011297178,0.002029610010159333,0.0016492388474925734,0.0,0.004179701994167506,0.010768638144337206,-0.008689639559265938,0.03958639072833975,-0.03225009474404972,0.001208498333478969,0.0024562620025042614,0.0482734400584488,0.02269981684727057,0.0018810072897071928,0.03314090282090992,-0.006093637595818546,-0.009321935528893599,0.00025504683862337396,-0.01355950216260865,-0.0018685963124572824,0.003130704226213199,0.0006469882653112324,-0.004700427864463008,0.01677439351631954,0.0183194522116904,0.0107786632476361,0.021510677584478333,-0.0045545699391730254,-0.0010050194722002193,-0.0011082918859151025,-0.004979211034364328,0.019793965195863406,-0.003146059956027958,0.0,0.0,0.013188125402389062,-0.0006608979434290507,0.043747345986085595,-0.0015142672628170595,-0.00015163553961988763,0.0,-0.0013812798927852477,0.0159547633431934,0.0,0.024413606203606664,0.014958195169436417,-0.0007495039050745,0.0033763470662112605,0.0,0.02672129312828736,0.023907710244583602,0.0135738859736525,0.037490605099975094,0.0027611743046749293,0.00966476468490346,0.018665959030511936,0.030823084856426763,0.020233090921249808,0.026432505467165635,0.019343845354021783,0.01710311965306799
0.004850468202518332,-0.0049428178773939235,-0.011337065072188457,0.0,-0.018914331293075293,-0.01481312021653991,-0.00555309204022314,0.020521676565734837,-0.018521985045919342,-0.026965108693909834,-2.0489344902785422e-05,-0.003823448376388039,0.0027319928308394137,0.0,0.00290660011297178,0.0,-0.029797009834579447,-0.03218882765262443,-0.0011678200546464401,0.0030637592595418317,0.00814690785618638,-0.0016788170005198055,0.011161832601428778,-0.018343176497668257,-0.008653399245251492,0.006058866015878683,-0.009465320163334623,0.0040352244215076105,-0.00278186914093298,0.003054115629027354,0.00018831507462940822,-0.011035458212270588,-0.028011980797864044,-0.009993063961377446,-0.005068732363187778,0.005212115233796666,0.002469951425065009,-0.000940833799370322,0.013657615046375304,-0.01139941017718571,0.010535266567932577,0.009169490010923487,0.0024847218093562717,0.0,0.0,0.014017500387151327,0.022505146539765597,0.0,0.0,0.0,-0.0038459078177719985,-0.004784156136552586,0.0006813844374957134,0.0,-0.0033754593794487753,0.0,-0.002000252612622544,0.010771922131447675,0.0,0.012141342128227928,0.013154575689752479,-0.001401664003938763,0.012562464106188165,0.0,0.017216409232033714,0.011705904166231518,0.02131298561685896,0.019519307356355986,0.002522389382577317,0.010804839342743733,0.01975117162199863,0.012054780503861773,0.04165089718743781,0.010811899201978226,-8.186667742526854e-05,0.014313823319718255
0.06379582819411234,0.021273597305537018,-0.002015973439035923,0.0005028258690890075,0.03155116413926928,0.03371061287451904,0.009100821019800198,0.001809006820132908,0.02660889201950284,-0.0012950919891436263,0.02973683810025135,0.0013976369749951756,0.022704415242051967,0.0,0.002029610010159333,-0.029797009834579447,0.0,-0.019734694641524164,-0.003925086181755133,0.016307374676593545,0.05664069014110057,-0.010362040488631485,0.004218103567562526,0.021757925102208975,-0.0016443812381274348,-0.014347704199745959,-0.003808258028906164,0.029659644599324908,-0.007899953414754246,-0.00287898886330068,0.011074192404767313,-0.009609982758777336,0.006833867940702676,0.00740573597918498,-0.023848971338432445,-0.0006609358594663606,-0.0014999759723042794,0.009242337400554579,0.0019269999525484693,0.023725418742638005,0.036714222713082834,0.001059081241149673,0.0,0.0,-0.007598184903467642,0.005960708354549316,-0.003435851124757805,0.0,0.0,1.6653345369377348e-16,0.0003061824140102587,0.0002442167608019963,0.0,0.0,0.02184681569733321,-0.0004334191935698728,0.022287850965893086,-0.0004014321528947873,0.0,0.0,-0.00625773321452211,0.017719177878254444,0.02049983165700664,0.0,0.0002182329928708815,-5.551115123125783e-17,0.0015914920962525891,-0.0006995949597369266,0.0034170946762208665,0.02253652599319872,0.015034012948807352,0.0,-0.00015709351584874964,-0.001711638531037396,0.0,0.026796243008314957
-0.014470229606325213,-0.004991334316962637,0.035671166225835105,0.0,0.017739554357070697,-0.0004220464150304082,0.007216621356855968,0.030589374992321894,0.017564712643226954,-0.0007625024430547578,0.04112205412407888,0.00819392950296749,0.014055774455536518,0.0,0.0016492388474925734,-0.03218882765262443,-0.019734694641524164,0.0,0.035738043786455786,0.005326622956916771,0.03404246498825386,-0.003482233230320486,0.017884308684837813,-0.0026999034201102834,0.005553729314554445,0.0014454074242949977,0.0037145484196707823,0.014430382867002711,0.0027600532265254496,0.00691532719183241,0.01807754869582312,-0.014807672195154775,-0.0147154986951194,-0.0016224964251234653,-0.009025669967204997,0.046220861838099536,0.0,-0.0011152374772813722,0.008906910253503042,-0.0012227680833998833,0.010570463495476579,0.0269821051826436,5.551115123125783e-17,0.0,-0.003328451048090375,0.0005405573463262425,0.020454162440906698,0.0,0.0,0.0,-0.001997037362032994,-0.0004303973722960541,-0.00020138603914904296,0.0,0.011656189896934566,0.0,0.022835156845081972,-0.004738772644332867,0.0,0.0145168809929066,0.017685793625192736,0.0038047919209809322,0.0138333843851422,0.0,0.011441532011695399,-0.049342394026189285,0.022363477292060396,0.023602684331987367,0.007213589838784895,0.011422080937647572,0.013588646878201771,0.021313653794266807,-0.005413788011964515,0.01413705521688835,0.0,0.009323311441363558
0.0,-0.002904854909725141,0.010867076303288314,0.05355593954591825,0.028540341348347764,0.026991349393252595,0.058506880148187,0.036991780872540736,-0.029732781968418998,0.055110122500160785,0.0021354314174522604,0.043596195157118656,0.057238021271860395,0.032423836714123855,0.0,-0.0011678200546464401,-0.003925086181755133,0.035738043786455786,0.0,-0.001554627115258611,0.0051351714148370475,-0.001717031323398177,0.0353802700995387,-0.004676480436285824,0.03123753275651825,0.03468054448008728,0.02459703535785529,0.05368527041026089,0.06527694734337092,-0.0004089853066025495,0.06277821983871817,0.044473153501485285,0.03753700444791308,0.04692339076722318,0.030180241752095383,0.07825945359568359,0.05071041051085584,0.06575484109612567,0.03301150379365064,-0.0016598478476326228,0.017012125857837623,0.0004992084680439657,0.04123387696210368,5.551115123125783e-17,-1.6653345369377348e-16,0.0,5.551115123125783e-17,0.11390628042132744,0.0,0.02014460851791433,0.020780038364656583,0.011861437897796145,0.052002265968476014,0.03361131448671195,0.0015835238561654474,-0.049587835008362224,-0.0015715748194163326,0.019019472537827986,0.04509198761340272,-0.0027543579536180585,0.0,0.0,0.0,0.047054911496677954,-0.009157921019190884,0.0,0.0016394736489826478,0.035286889163970825,0.0,0.0,-0.00047527906095667927,0.02735939395921827,0.010458461476903658,0.012791615171636295,0.0011160735409552203,0.02720870879770665
0.00707273146716525,0.006022429264278761,-0.005919028635721191,-0.0005742369854938589,0.007885469588925276,-0.003093533974901197,0.006123869697330808,0.006126908307463597,0.0038744635288914253,-0.013969376865982708,9.416634047199057e-05,-0.00831203395465746,0.0053855383953323455,0.0004884762543058141,0.004179701994167506,0.0030637592595418317,0.016307374676593545,0.005326622956916771,-0.001554627115258611,0.0,0.02544318060194567,-0.0023195350476402643,-0.04403948583586398,-0.02772244537634555,-0.002412053843312778,0.0007392308591065988,0.005881876010474629,0.0038410217992494444,-0.006059734631752245,-0.010747612831186026,-0.004972868719700041,0.0010252891519936247,-0.002917113667648963,-0.006164514498437079,0.01314241572399294,0.08622745353951078,0.001980480448068811,-0.017905856378747476,-0.007512065979181137,0.0031679700583850945,0.0032513821401068954,0.01576566050608097,-0.007305157711634314,-0.00041991970785199006,0.014147874678460182,-0.001629983293437054,0.011484301386919804,-0.025703731293130194,0.0,-0.002414373645139467,-0.0029672069360872633,0.005382933753109886,0.03161702227496804,0.0030759200646530704,-0.0008484308932422691,-0.002555754242625441,-0.0003904760959790865,-0.002354038512930423,0.0,0.02682931923583759,0.0077401045297898485,-0.0004797763739584071,0.0005466282740655415,-0.002253418776453686,0.017527826316284023,0.029296010057520527,0.013642656647040119,0.02835372615695303,-0.0023489680418721792,0.011981713582140618,0.01689246454150406,0.02004913117617918,0.009935299574276302,0.013684981017126896,0.007524462132005749,0.0028347350487540335
0.05215179031526068,0.01860718301065556,0.05086079457877696,0.0005891179288519677,-0.0005749456999467051,0.021589253187663415,0.016124534749299535,0.018744454259866594,-0.0009279942391297036,0.03297691595944896,0.003102781262522225,0.032729944498623265,0.008139463370123279,-0.0018418533420276884,0.010768638144337206,0.00814690785618638,0.05664069014110057,0.03404246498825386,0.0051351714148370475,0.02544318060194567,0.0,0.015925958818631958,0.02504774916810415,0.02537547075576707,0.041334706097310436,0.013122830654628603,0.015453972852479958,0.01661661980841539,-0.0014711879658880211,0.015833242174089546,0.012472775534396019,0.006243619377933163,0.0006594145688618713,-0.0011370013360249565,0.01546796602901701,0.0009869232934661132,0.00020045295987419776,0.0034704696689953907,0.016127964253447424,0.02998695185274658,0.004635665309924375,0.018131497967489918,0.0020950149865602286,0.0,-0.0006010837216707254,-0.02740808376323489,0.039177858997649306,0.0002085408699922242,0.0,0.0002953450829031312,0.026619650723212984,0.004181503234232886,0.04283836076978531,0.0014064984230654498,-0.001069469279035673,0.0,0.001075374468373358,0.04033278251173261,0.0,0.0291894552468856,0.022607448446447964,0.0,0.0027115280235321393,0.0,0.03232679717977682,0.0038993058136164715,0.0197794932704497,0.03784072843583658,0.017774410677565633,0.01486325307219205,0.03106172406829688,0.03447574869052511,0.030612511503784412,0.022107062470334615,0.004714634861909872,0.00674727609920156
0.009289047132744421,-0.012012110205415871,0.0008997911864684349,0.003483862195508891,-0.002647003196292408,-0.0010671234502572235,0.003603012093062352,0.006656949008080948,0.0013031131427669873,-0.01686247708736266,-0.0020313530874404018,-0.007765748483891,0.006764866857147944,0.0012104111287047914,-0.008689639559265938,-0.0016788170005198055,-0.010362040488631485,-0.003482233230320486,-0.001717031323398177,-0.0023195350476402643,0.015925958818631958,0.0,0.01233785785382474,-0.020511494292372978,-0.0066133622615154875,-0.008953218712515532,-0.006429013195817734,0.013379657572816783,-0.00027318853583380154,0.003661742516758437,-0.015938142056602322,-0.021941896413079698,-0.012598997117365396,-0.020740531418258934,-0.005816896636636981,-0.01399742508586499,0.002027762223744234,-0.002462655331421426,0.005936215739977879,-0.0029065636203524647,0.0017918232157557723,0.008905985575724196,-0.005077533592936889,0.0,-0.0007872743597138188,-0.004645707305710012,0.010399367403798043,-0.003760329850877153,0.0,-0.0003874783128997583,0.008083503468134634,-0.0004539257203049485,0.036011276390685576,-0.007879689411369795,0.003488650368838331,0.0,-0.00048165737266053776,-0.0008328823704271682,0.0,0.01414096074739113,0.008282838996026887,-0.007885146163233103,0.006467294827929182,-1.1102230246251565e-16,0.008826366943512243,0.02919657449331703,0.007050086142674494,0.025978366552061538,0.0036037155000390175,0.007891237987529387,0.015455741446969595,0.018940149929078165,0.0016966450856195636,0.0015574921630375216,0.05175857316142318,0.0029148235602514116
0.03276069995439296,-0.0006723163675512178,0.023080779536130358,0.022814343475407894,0.016441683932413964,-0.008340763720778854,0.025305803699033014,0.03034391687307003,0.0007702956903572478,0.02484510159910347,-0.01491627728737327,-0.005952224534806871,0.021380493377559262,0.01983237571669777,0.03958639072833975,0.011161832601428778,0.004218103567562526,0.017884308684837813,0.0353802700995387,-0.04403948583586398,0.02504774916810415,0.01233785785382474,0.0,0.009391493809025764,0.011911985334101649,0.008602384872070823,0.01764853996335841,0.027564095188389925,0.0116998657218233,0.018237770358428218,0.029658003632683394,0.015820030110405225,0.01583581421869723,0.012908629152238671,0.01781267515091356,0.01611589349394782,0.02007116041499407,0.0025751807306655383,0.02339934424965473,0.014540417892141277,0.025483920561585105,0.02765007712730827,0.029499410599804543,-0.000647501513165949,-0.005007712571594325,-0.003545217642629217,0.025049437160443055,0.057969908237898826,9.195583258353457e-05,0.019976970717045628,0.023263955171995088,0.016664181426458202,0.03344979409679727,0.030422301879547864,0.01946680860485206,0.07109345736904932,-0.006697852023629214,0.018186274445192607,0.04256900692037191,0.036893570172057466,0.01976688222541534,-0.0021163494260987292,0.036808858765620345,0.07551289024366026,0.030314047895970808,0.03544788601817411,0.030743459549982644,0.033557665231516154,7.78388431355026e-05,0.005382173265676249,0.03318210757140816,0.02274357627722212,0.026168536726553393,0.02598273622690206,0.01820136053010657,0.0331942582394793
0.014355013799478067,0.02447933435829841,-0.008233865059050938,-0.0031884421406516705,0.007151213159262093,-0.04544367081778411,-0.0634683289360784,0.026234901477058648,-0.008439643651069195,-0.010401194510031686,0.0025870086681131776,-0.0201709553777058,0.04396642177408083,-0.006629068640235269,-0.03225009474404972,-0.018343176497668257,0.021757925102208975,-0.0026999034201102834,-0.004676480436285824,-0.02772244537634555,0.02537547075576707,-0.020511494292372978,0.009391493809025764,0.0,-0.015406094905393464,0.009951079526510975,-0.00931848579954786,0.022249028455647524,-0.054278309988404994,-0.005006566728288309,0.03009562211492839,-0.027137118237389124,-0.033511599366887856,-0.0027022782121496336,0.0008639641817843047,-0.0556978709812761,-0.026044044547400308,-0.030086255668442863,-0.05821221612816263,-0.02056485661878832,0.019985035362734604,-0.08081611124450466,0.03269174887122228,-0.0003162437820382613,-0.015474009541699085,-0.03971895790142377,0.01746793676398445,-0.00019724820396810339,0.0,0.0,-0.002128870226627777,0.0025552636838759857,0.0008457277244494077,-0.0013654077038550705,-0.005734538344055962,1.542336013382606e-05,0.00024192177164145123,0.0034376655832776826,0.0,-0.057872522053567244,0.034424466776901586,-0.0020750703785610836,0.020667070100178542,0.0,-0.023514659089526047,-0.05289702757257819,0.010813350964193003,0.030400664246341136,-0.03979119315137375,0.024088135618208606,0.015568774694210585,0.019340102810877613,0.005890205732128395,-0.028345094674279037,0.0,0.044560774282669524
-0.008114140545664061,-0.01948227566850952,0.046675748526883276,0.0,0.005779718307382997,-0.014004399434318582,-0.00630696431793909,0.02675699833069578,0.004081973972097419,0.008566387502578432,0.034396427630550785,0.012665594135839897,0.002756418869668209,0.00016132994145862112,0.001208498333478969,-0.008653399245251492,-0.0016443812381274348,0.005553729314554445,0.03123753275651825,-0.002412053843312778,0.041334706097310436,-0.0066133622615154875,0.011911985334101649,-0.015406094905393464,0.0,-0.00031804871944890456,-0.0015005910573571146,0.0064414197297202325,-0.014348767912393479,-0.009510903308573015,0.012597065510407568,-0.013012275954325914,-0.009613646694370648,-0.0013724109352472036,-0.00562032331450546,0.04585313693508558,-0.0006561499812599569,0.0029354354124490056,0.00948015995393714,-0.0035578248966209314,0.016435171363630485,0.019079177995875995,0.0007548983384776942,0.0,0.013631035078038978,-0.005899128759798644,0.021502851211274654,0.0,0.0,0.0,0.011068812123393723,0.00010782620072746774,0.0023415381916101485,0.00033194720905649344,0.01606742942364786,0.0,0.0172006940654843,-0.0011297409104725764,0.0,0.007396638255346255,0.017097165059196007,0.011370307386794842,0.016592100846461066,0.0,0.004474545042001232,-0.04090470323906892,0.01357293284972938,0.020479677048428513,-0.009815592676588492,0.01386303979791359,0.013157828991527953,0.016291439579747102,0.0023685439960162147,-0.001097483220699913,0.0,0.019727263310964083
0.018196081310810797,-0.01855948563583143,0.03566261292154044,-0.0015247986867309438,0.008288546109058104,0.002933431101355577,0.005564792521036588,0.01796672580487041,0.012505154731464074,-0.003498127462264522,0.03204768562504057,0.01230216300493503,0.01125260213473811,-0.0024175062596900054,0.0024562620025042614,0.006058866015878683,-0.014347704199745959,0.0014454074242949977,0.03468054448008728,0.0007392308591065988,0.013122830654628603,-0.008953218712515532,0.008602384872070823,0.009951079526510975,-0.00031804871944890456,0.0,-0.0016274692430262028,0.014330518662227953,-0.01148230566854308,-0.016947867290402818,0.008295308602743856,-0.011526664637200423,-0.0031676027083758496,-0.005267424276607813,-0.002624508312184637,-0.01705343963635253,-0.02652002255399638,0.013044361162110385,0.01989144747282179,0.015083099922147347,0.025048896844847346,0.023725888891449665,-0.028385480387075945,0.0,-0.023242754317003345,0.001286815158604182,0.025789319764760454,0.04901340165699708,0.0,-0.0003371865537905583,0.01482884756486802,0.004189207105950221,0.05364946602468312,-0.003249045400623707,0.0187339712911746,0.0005249734925512062,0.015187951149898571,0.02130621186200443,0.0,0.01460819792777679,0.023794100221447012,0.016350026734472223,0.017373569711798875,-5.551115123125783e-17,0.001533239789840657,0.01861823117800787,0.019780519380605988,0.029795668870706893,-0.004353704735540476,0.021365648349874977,0.02359060628697457,0.014778674120211166,0.009539720491597847,0.003040966120441413,0.00032466342753184607,0.023068732709441042
0.01210995474700799,-7.574699525664252e-05,0.023817570731531457,-0.00367697845757603,0.008531221077867135,-0.01152329326021434,0.015489462535451248,0.010928173729693902,0.017025626983991238,0.012682333637658416,0.015855255080919506,-0.010593187515372915,0.0024059637830212144,0.006458191973049754,0.0482734400584488,-0.009465320163334623,-0.003808258028906164,0.0037145484196707823,0.02459703535785529,0.005881876010474629,0.015453972852479958,-0.006429013195817734,0.01764853996335841,-0.00931848579954786,-0.0015005910573571146,-0.0016274692430262028,0.0,0.015645459537004247,-0.006017167738022244,0.0016311543759458536,-0.004373347417011897,-0.004211086334452274,-0.010660616315787574,-0.010007691167472521,0.004156296561110995,-0.0019032239089133984,0.002130801064642196,-0.02540169323617225,0.004734223544481164,0.0036818172041033215,0.013713442546655519,0.014277652452371115,0.010635135511359584,-0.04077969576095625,-0.004667013800487285,-0.0011331585468092875,0.015653536424348247,0.03276163838932078,-1.6653345369377348e-16,0.005248326382644497,0.01980734346841162,0.006738484549205892,0.02942716670194495,0.033728394983509324,0.0011508060304934453,0.05441479952921291,0.00013142070324279054,0.009082286280435836,0.03464600753029323,0.02193287055982096,0.008903756132727259,-9.319817545266895e-05,0.01906358827145177,0.03629075221597189,0.014410641636487975,0.020662882724853615,0.015350234372950966,0.02400422289605142,-0.0031204201432376566,0.0023476292947082755,0.021904118540125306,0.016147823581637577,0.016263052417908153,0.010990621626656316,0.015384342619816138,0.016593085241027095
