0.0,0.03449134729343678,0.06459099930137979,0.0,7.262699749788215e-05,0.07773563975565434,0.01206970755203568,0.05389200165128394,0.0009294784893544294,0.04154135341017706,-0.0005968984710005287,0.046362959899986345,0.06298746968766611,0.004889069734685947,0.04905479225770348,0.03384687522437296,0.037866250062552564,0.03765282564001837,0.0,0.06062951021506974,0.05908967725424519,0.03335375319474082,0.04445048471448565,0.016505160781013883,0.041990719990201486,0.030419668227423646,0.03736126448753302,0.06965787027339376,0.07999739728829813,-0.001089583392169191,0.04712848488618937,0.03492143202903869,0.03829416870402336,0.041971710953011165,0.061559685080335325,0.0019900757481285947,0.0,0.011103496047669859,0.03780484544981155,0.02252600506842828,0.05700850762707016,0.013738484881650914,0.0,0.0,0.000811569921294164,0.05360080109160886,0.047525067708190205,0.0,0.0,0.0,0.0027168295839297696,0.0,0.08678385649420717,0.0,0.03628813967091804,0.0,0.018148654303969447,0.0030156092135681933,0.0,0.05592514999930026,0.0557970532135148,0.04417759548132927,0.05273420456323258,0.0,0.00389450174167838,0.15311153571045533,0.06559946283446116,0.049058481236175344,0.024399930250165958,0.05580930262348688,0.04814694230540845,-0.003637324760484395,-0.0006203673424964307,0.008343878300826668,0.0,0.03829578533555805
0.03449134729343678,0.0,0.004444175313274679,0.0,0.03293533920204694,0.04073864828702145,0.046644512381234904,-0.0005070346776392953,0.050074569610181974,0.04216207494712593,0.0010266648846116166,0.00628635489734336,0.04591313586695056,0.0,0.010822284724469278,0.04122551122742396,0.021174375408829826,0.03611872758499968,0.002299208894863347,0.05016956097767683,0.02393638834898304,0.0336633858286548,0.026386401558325445,0.05657136024350229,0.054115352579610754,0.02140523593931576,0.03987656922902394,0.049966634542323085,0.04939556149635027,0.010249488649539285,0.02853381179480835,0.03264947745848851,0.05519517785586103,0.037460567556893865,0.05142908379434846,-0.0021289438561253315,0.0008517044713099997,-0.00045164325566349195,0.042918960676750995,0.044430290880096035,0.04387179137786401,0.05627092105268161,-0.003693250903070322,0.0,8.809200484555246e-05,0.05543163099033266,0.032013090231196195,-0.00010683046568049637,0.0,-5.551115123125783e-17,0.04457291258694929,0.03314115196115891,0.04961660819534286,-0.002367430879778254,0.0053407218612998575,0.0,0.004945485771205627,0.050569763521954136,0.0,0.035235487792056486,0.03729658657680379,0.03440767227015995,0.047983941780549544,0.0,0.04849487320757495,0.04431017056342168,0.03494792527552404,0.03138215695192059,0.062060846132242053,0.04107439804092233,0.035946985810734355,0.03121006635894752,0.05157635116020631,0.057156685656837236,-0.0009975251656692552,0.04194501192581557
0.06459099930137979,0.004444175313274679,0.0,-0.017950752507131518,0.031140144908686884,0.05746388721455975,0.01723527917003359,0.019304921029353772,0.01619375292959979,0.02510254405615009,0.014767670008331846,0.017794143624572545,0.011428164242149097,0.0005861737450957305,0.0005208588953501403,0.0051570698414381,-0.009937535540139208,0.0024927931818204407,-0.011242612441561245,0.0578529808405136,0.03441005057703728,0.045899930825591684,-0.00437246174474748,0.0003174319147001836,0.041051908325639985,0.042174689682371924,0.04446427770279482,0.012429896239231686,0.043681735870993166,0.018326554415573404,0.013634545465445902,0.03140997508205107,0.004782131054842376,0.014502118021827992,0.02369096782222907,0.010013127076023365,0.018130894489497618,0.007246230512259755,0.011164532717746534,0.00031871373632280653,0.008766395014250694,0.036534148380898857,0.02212908709887773,0.0017697770951961567,0.0003572899504065141,0.0,0.03305831006197307,-0.12486025252798622,0.015630324473337842,-0.06774299532640965,0.022636340696280177,-0.030817376851266842,-0.05639778880246865,-0.15807047407986213,-0.013621244851865777,-0.11687285318169605,-0.0007935035637043342,-0.0012957553942705147,0.023872445882900606,0.0023511444615541,0.0006700867687971512,0.0,0.0,-0.15136966458315793,0.030833330609331522,0.04311011194125225,0.07380700760180203,-0.03636175222301097,0.0,0.0,0.07106981741809998,-0.005143384196460543,0.015200879665356326,0.056575318366384186,0.010680970871576156,-0.01099629548923342
0.0,0.0,-0.017950752507131518,0.0,-0.0016071486042210648,0.00913327751774995,0.02457148122937869,-0.004090623605899457,0.005266906673282723,0.007427175247736062,-0.0008119220997940269,0.07315567984530952,-0.0030639757087469466,0.012700593895428935,0.002591828521990469,0.0,-0.00024378469741903608,0.0,0.0038078594296475643,0.003421333642975921,3.33639996968893e-05,0.003119282803429213,0.005614275435697147,-0.0048896429621241855,0.0,0.0036868163010057575,0.029740878205066823,-0.004667962026908057,-0.02908662184530386,0.00027095797543114086,0.012754731115459605,0.03147687723747006,0.0256291809868317,-0.03255109915393667,0.1695248030678549,0.024585192392253263,0.029220547944880104,0.027024073036145457,0.0007402018517650988,0.0,-0.0010543878348023283,0.0,0.00041120391698645786,0.0,0.0,0.0,0.0,7.55344780668521e-05,0.0,0.0,-0.0006847860039000953,0.0,0.0,-0.0001768359392878005,0.0,-0.00018103536306413037,0.0,-0.004157848803323705,0.0,0.0,0.0,0.0,0.0,0.0,0.0,0.0,0.0,0.005852679175840758,0.0,0.0,0.0,0.016266638559723157,-0.00017333014539977487,0.0005379201525733679,0.0,0.0
7.262699749788215e-05,0.03293533920204694,0.031140144908686884,-0.0016071486042210648,0.0,0.041723713255149675,0.010604977584911857,0.03984140872397046,0.033266307782154614,0.028503579541798607,0.00544262055641398,0.01486062369418073,0.005156553674526498,-0.00843723873857588,0.0028345627043158683,0.03547536611332863,0.02426449121465185,0.024308166043172597,-0.004139862674417738,0.03356078170311505,0.0636818922448742,0.05720905838561563,0.0446615022963438,0.009550140094954584,0.04214967858965857,0.033135754952357876,0.0361868075805426,-0.015844797551927525,0.04145516057925469,0.007488876262895849,0.005974886731727191,-0.012461509298648588,-0.0014192627879798247,-0.004701967883656122,0.007545867960719654,-0.007216397791079687,-0.0029897174257583203,-0.010192970966385106,0.09563416851146711,-0.0037900424544233258,0.04773491648309203,0.06262629297152933,0.04755040230091756,-0.0001859284911494008,-0.0011414738875366592,0.0,0.07243843317234894,0.02921306160517556,0.0,0.04539143364793624,0.054948964854837135,0.05858198785637736,-5.297954367627922e-05,0.04755242174597152,0.039304666264315946,0.07305723086589372,0.04588395460392469,0.06068389866322399,0.0227373681684801,0.0007621453620533236,0.0006505033932661108,0.0,0.0,0.041258444956200124,0.049971330845889284,0.0,0.07906127212878672,0.04221520053072869,0.0,0.00015598523490623073,0.04162321842254957,0.05351568682483654,0.061416978272417544,0.06840790500933769,0.02331322546715142,0.04596244622331236
0.07773563975565434,0.04073864828702145,0.05746388721455975,0.00913327751774995,0.041723713255149675,0.0,0.03155982471338398,0.050218925654291924,0.04861905347282247,0.02638337708478855,0.0359711519903968,0.023495086820290056,0.038455676381130344,0.028221364911735658,0.016824655251834852,0.05127213998844765,0.01231319219167909,0.047834215947974434,0.0190010545859845,0.03330002536856158,0.03722433618820903,0.044421788928642625,0.04526459192889093,0.04252435722660497,0.06276388817175238,0.025114509673824725,0.044164195340405055,0.019216409898226205,0.0309651921932127,0.022294807397850114,0.018850826976678003,0.03145159950003362,0.046620970874883705,0.019919288280138336,0.03410164695930862,0.03831614846874054,0.029504591828902638,0.011097133685556093,0.051912148444263895,-0.001568546075964683,0.037512263689079894,0.052496198842637676,0.055968524224934146,0.008902139824955024,-0.0009549751541041984,0.0019529931461234606,0.03206101606030387,0.03788791519666357,0.0,0.05290515301845444,0.044979833067327446,0.05090288758672157,0.0008998513041086897,0.04799321319951588,0.03243462701409916,0.04141074423482993,-0.002618444706700196,0.04765716600522618,0.02000488063290523,0.0203579813735858,0.04429194861580987,5.551115123125783e-17,2.783179487858556e-05,0.027578274816214554,0.03405058681495715,0.056255415083047156,0.02959676093620811,0.04436960455414973,0.0,0.028052865109468528,0.0328508216260186,0.04209492904626966,0.04677856857968232,0.03740594900595051,0.02922843194122049,0.035815464413319564
0.01206970755203568,0.046644512381234904,0.01723527917003359,0.02457148122937869,0.010604977584911857,0.03155982471338398,0.0,0.047954798683203126,0.024583509546467708,0.023757066822039097,-0.006328576557511678,0.025759736932863375,0.02558032255403181,-0.0017851751473180189,0.013304709082820831,0.049880732910057124,0.03339910994579609,0.04387530556101804,-0.009637655892404506,0.03910544886686684,0.03900064767351824,0.04837567895208139,0.032570317106296764,0.03171181142339036,0.05845472121229539,0.03618618965158704,0.02872477586744604,0.0025904890156550064,0.03869043480584933,-0.05008877319271643,0.005886524690057293,0.0002910786793716702,0.016027837381177967,0.014772244577933524,0.05032582680950792,-0.013550591360594555,0.0034027980790248824,0.006392657052504469,0.0813034897033919,0.0010325647426909779,0.05261981107643532,0.055700992774143976,0.06460237547686826,-0.0021187487130737703,-0.000227082073903484,0.00014616425210173256,0.05213037827545386,0.041906647981757916,0.0,0.05018541266385568,0.053705452454902436,0.04540977985196781,0.014847076882418764,0.050014357677490406,0.05111521933713131,0.054901808343787994,0.0016438132439768882,0.053581657275321604,0.03895623558299993,0.011503693375150614,0.003536640674382141,1.1102230246251565e-16,0.0004619888424400864,0.06323210703054638,0.04142469383954939,0.0010280680877400306,0.05459835099643623,0.044878193084928464,-0.0020414736623751706,0.044470070980405785,0.03802411023055896,0.04553062019169962,0.057105876344786144,0.053082398101602535,0.043129155818206644,0.0459993305153612
0.05389200165128394,-0.0005070346776392953,0.019304921029353772,-0.004090623605899457,0.03984140872397046,0.050218925654291924,0.047954798683203126,0.0,0.014527192455775884,0.030314586433236423,0.017731279285448764,-0.0057566377303819305,0.03919884932629808,-0.01971760452174187,0.06342905283683592,0.04993894112230729,0.01626527438609393,0.05039227739324276,0.004007288584285951,0.03613775449701223,0.031323125971272736,0.03589112934216049,0.036913297620700114,0.04284865292685147,0.04923619915297106,0.052774060333997785,0.0477019204452509,0.0388668705687098,0.04249491909844805,0.03386254458880683,0.038513259205115,0.049450250730681655,0.08857343168344317,0.03897742989804753,0.05257629824766602,0.024107550627943286,0.0667449755917075,-0.015434373671442847,0.019688101026826887,-0.0019489666724950006,0.020301530855208028,0.05452867250884996,-0.0035312345790177724,1.7271102530413973e-05,-0.00025136504915129754,0.03978515913086317,-0.009193648554044198,-0.038219526836570816,0.0,0.020874174277084045,0.002812761974563871,0.028247705167192716,-0.10574742218951455,0.012389553930892805,-0.0005403489672753392,-0.016341353824856575,-1.1102230246251565e-16,0.020619115370692165,-0.054229722307782835,0.018866275621078454,0.023894587797439637,0.0,-6.034639266405684e-06,-0.009574996730710383,0.02374443354487582,0.025025219268140775,0.03449107847801447,-0.029923041329811217,-0.0008447432052911541,0.04076033395507794,0.0218523778510869,-0.0069981348469033144,0.016566204809977725,0.019540768542794795,0.005591897122571354,0.007760696877965156
0.0009294784893544294,0.050074569610181974,0.01619375292959979,0.005266906673282723,0.033266307782154614,0.04861905347282247,0.024583509546467708,0.014527192455775884,0.0,0.010002287790711384,0.0025128399331846296,0.011235126201484202,0.022069514270430468,-0.0073713767262820196,0.0023006789016803975,0.05911585531988406,0.006625763932812778,0.017668134304984484,-0.0027994698714141064,0.04984905762539754,0.04501788149043262,0.05990312984968016,0.03487118348421503,0.01290606057250826,0.03418665882883326,0.04253877801035938,0.05235838518370134,-0.004514203139893758,0.049278791152049084,0.001654738005446521,-0.0069157054617352,0.013740704501124024,0.015388473181750462,-0.001877451022776755,0.015510440168518103,-0.006166328079446115,0.007176267657666435,-0.0015897847416036504,0.0587852819219471,-7.311057582143343e-05,0.042837347121363,0.035261008742440314,0.017869389324021656,-0.0015824042738957766,0.0018388957218117286,0.0,0.060641262636863924,0.00339457700931034,-0.004808960627686931,0.01064863629667867,0.03080509157947675,0.0326131099742778,-0.020664404058912067,0.02362568528454323,0.037994189102397935,0.03758129616592959,-0.001729790720851887,0.04022385234044357,0.009755419741268145,0.0040426554954205995,0.0005489649375792771,5.551115123125783e-17,0.0,0.016499450418215766,0.04306244586786401,0.05358113405430054,0.046840675789672825,0.021585882263708833,0.0012330887200230345,0.00028610452452804136,0.052426220310437754,0.024102504459475593,0.046985115038481906,0.05576540457994905,0.03509734842248746,0.036744157129105726
0.04154135341017706,0.04216207494712593,0.02510254405615009,0.007427175247736062,0.028503579541798607,0.02638337708478855,0.023757066822039097,0.030314586433236423,0.010002287790711384,0.0,0.005783474316637283,0.07942877212099292,0.05086468099495267,0.06918336756849136,0.0026884258673837147,0.02972019343428739,0.028418625122580754,0.024760765837953114,-0.005674620311886536,0.032330402285903725,0.0673757302095262,0.03282069542533356,0.030558985042456854,0.05863219886228782,0.044337228612403246,0.03451236017298637,0.031055725806709844,0.06118467126409732,0.05188768335786609,0.004518413069804328,0.0709673383626172,0.03915943452526138,0.05603486386682832,0.053214342261140246,0.04537465032288773,0.0014969654401267296,-0.010523212284069938,0.05759778436408092,0.19792699448128015,0.04672527885920824,0.06713668500166792,0.004056213073748871,0.208489066427354,0.00010142939778035043,0.06040084213574809,0.0059246432979139785,0.040961428960658464,0.0006343279228422372,-1.1102230246251565e-16,1.6653345369377348e-16,0.03452018536506174,0.00022808562097609286,0.0009778923432900433,0.05703112630888052,0.04685771678565753,0.003104993494425612,0.044546408179348074,0.08174936685231748,0.0,-0.0009481043455271676,0.03924608654399525,0.03721207153388312,0.029025143502772133,-0.00036338665944773973,0.07907656513313499,0.00035618542258031294,0.0019890836133983347,0.03555668455439498,0.04593522290264712,0.041842490710882696,0.02992652849505323,0.029221140349760533,0.054288326271423215,0.046391810373539843,-1.1102230246251565e-16,0.03836862505695149
-0.0005968984710005287,0.0010266648846116166,0.014767670008331846,-0.0008119220997940269,0.00544262055641398,0.0359711519903968,-0.006328576557511678,0.017731279285448764,0.0025128399331846296,0.005783474316637283,0.0,0.0021475598731447443,-0.01895789924055652,-0.016776110179909542,0.0,2.0519478474756436e-05,-0.003927224735453039,-0.0038672570211281676,-0.0016052961024721202,-9.430483041328319e-05,0.0070348112576471555,0.0008655495812336933,-0.020822153501160456,0.008513363711608213,0.0046930147857874305,0.004309742283044149,0.04285202509232133,-0.01703813330242837,0.01290887750666092,-0.021215317289596636,-0.011488493842565617,0.007436171225207844,-0.0041728270317346605,-0.023748666431051668,-0.007012444219361091,0.008667103589405534,-0.022603789025748833,-0.019310983537859483,0.07294113384603301,-0.0015145580358621458,0.0570174914182206,0.0014856643534462144,-0.003319009714380372,-0.0011216985184001604,-9.945826641649669e-05,0.0,5.551115123125783e-17,-0.1115991075913173,-0.00676981882626454,-0.011396620927939749,0.033978301270911504,0.016634102505669435,-0.05813509795519989,-0.14405801679087793,0.00038501170661658923,-0.0119741469721234,0.0024320094062887376,0.029940955976839045,0.019069794342775115,0.0016110476168413324,0.0,0.0,0.0,-0.10534018688754318,0.0008040434301193611,0.0,0.08960986211880767,0.01899901749455668,0.0,0.0,-0.00015385657267674713,0.025013926430181854,0.039142896527029236,0.05357315307402977,0.000868365091888812,0.04205048002050393
0.046362959899986345,0.00628635489734336,0.017794143624572545,0.07315567984530952,0.01486062369418073,0.023495086820290056,0.025759736932863375,-0.0057566377303819305,0.011235126201484202,0.07942877212099292,0.0021475598731447443,0.0,0.047915036553989154,0.050100189854186405,0.016010841620657468,0.04354485474880415,0.037370248136326445,0.02304000594896738,-0.009508989540269908,0.0531768499827982,0.062021970967330475,0.08889720378399896,0.007679265811913416,0.015886547319512723,0.04030871288260668,0.02258750442204993,0.025000078930219993,0.05818090361607603,0.03424280458125034,0.0015326486297681519,0.07492693587652521,0.019635437724338345,0.024171851806848055,0.028809595619576134,0.040579796374216826,0.019638886745399486,0.042676408016544376,0.020528944710638264,0.0495534738906937,0.026224380020399785,0.07340951524776679,-0.0028314282459846463,0.0064607656290192605,0.0008346818217984109,0.05262649456505941,0.03176974422196727,0.002326557829179343,0.0005531204173283566,0.0,-0.0004292142525953446,0.11994192552960387,0.00183580042967868,0.0,0.0014718431965456968,0.03977842520189723,3.008334330151241e-05,0.04912555688992182,0.019598236818942738,0.0,0.0007891878381535156,0.016684825544128257,0.031006730303702823,0.015262716589415026,0.0,-0.0008716590819813907,1.4268168510356283e-05,0.0038404486033578045,0.08187651650681688,0.059159161478230304,0.038099673920347965,0.02481269096506672,0.060917230590134985,0.062442402669886155,0.002161141352932716,0.0,0.03628712417160962
0.06298746968766611,0.04591313586695056,0.011428164242149097,-0.0030639757087469466,0.005156553674526498,0.038455676381130344,0.02558032255403181,0.03919884932629808,0.022069514270430468,0.05086468099495267,-0.01895789924055652,0.047915036553989154,0.0,-0.010543247834240321,0.028308950889776308,0.048105382689393295,0.05553517087332249,0.04551614189151909,-0.015297908485216283,0.03757080526267004,0.03420929275496565,0.049395485376481585,0.027009850873088492,0.04558705259928392,0.05603632247977797,0.04596207948944053,0.029108337240814908,0.02574568193775917,0.04460860479167328,-0.029221879764173675,0.032381875253017056,0.00023944107220352784,0.020587282952232167,0.017884893402220103,0.04594084703670914,-0.014767837459869149,-0.006197269307132103,0.015428374511639253,0.058590824973469735,0.007483378855300427,0.03981841106534467,0.05124021703375359,0.048476992553276366,0.007341895184912128,0.0007098111935618379,-0.0005136763444109071,0.0422722007432062,0.026126700581255324,0.0,0.032144789533449236,0.036211020976613884,0.03661859849620652,0.008534359830234761,0.029874680460025393,0.04610240794800052,0.04631234185696137,0.049239839406191976,0.04139584996738033,0.02295283254158692,0.023938913269791307,0.060940707857407406,0.0023754779617802257,0.015533510787362648,0.026503352159987004,0.032479041082492666,0.020688218001886582,0.04709960159180526,0.03281366309098588,-0.0014490492489593332,0.047276770602829976,0.03384793399112396,0.024570754136496897,0.041375587145485615,0.04072033750295556,0.03849246952515084,0.036054979749402305
0.004889069734685947,0.0,0.0005861737450957305,0.012700593895428935,-0.00843723873857588,0.028221364911735658,-0.0017851751473180189,-0.01971760452174187,-0.0073713767262820196,0.06918336756849136,-0.016776110179909542,0.050100189854186405,-0.010543247834240321,0.0,7.490409675836585e-05,0.0,0.0,0.0,-0.0005536102314042668,0.0020362191354718062,0.006841882729448412,0.003961028582181725,-0.0023048903363424023,-0.05848931171471322,-0.00016156720855431406,0.007870293757551494,0.029866566760070212,-0.033130182968897415,0.008232323741108327,-0.0004930410623255055,-0.0005259236038653858,0.04950161481139864,0.01181394262366664,-0.0013793817482697923,-0.024468037342483318,0.016433940947941622,0.016886053996313738,0.020885894022018292,-0.007182045621517141,0.0,-0.002370720647773994,0.0,-0.0005919671942242744,0.0,0.0,0.0,0.0,-6.726773416709797e-05,0.0,0.013029051104894607,0.027255484481366443,0.0017499880335774542,-0.07657534653886838,0.0184267983209635,0.0,0.015136491292949084,-0.0004530566358698085,0.029824578518357403,0.019586474940277154,-5.551115123125783e-17,0.0,0.0,0.0,-0.014960041786507616,-0.0002772339815594327,0.0,0.0,0.017974263313688343,0.0006021679478450115,0.0,0.0,0.0162214856800027,0.031754972021448,0.0008272896972504884,0.0,-5.551115123125783e-17
0.04905479225770348,0.010822284724469278,0.0005208588953501403,0.002591828521990469,0.0028345627043158683,0.016824655251834852,0.013304709082820831,0.06342905283683592,0.0023006789016803975,0.0026884258673837147,0.0,0.016010841620657468,0.028308950889776308,7.490409675836585e-05,0.0,0.013353411918332447,0.004920226453360876,0.0324283817801182,0.0,0.0456123555686917,0.016308294020073055,0.007752608633788405,0.019904006242938865,0.0647797160278441,0.03584099901489457,0.020336556711397613,0.005293379317744262,0.03327452207185755,0.01713841037087671,0.010360669234405095,0.0008114029621022478,0.01533243557149866,0.020767400639760125,0.01387774713670703,0.022945836730966507,0.045168658300876574,0.005105897581302921,0.0020971847797644494,0.03337993370491743,0.0320211213657251,0.03127112991537789,0.03355826653126426,0.08278641689103988,0.0010064975490480244,-0.003183727499011857,0.056830844352854015,0.022230453689881913,0.0027546919841757167,0.0,0.0,0.011057753411023219,-0.0003116235747587237,0.02012579202735426,0.0025537874588563714,-0.0002653779707069148,0.0,2.83814538805105e-05,0.023541011080005947,0.0,0.013050381680895284,0.03838178896408784,-7.382491777602196e-05,0.031219888359421633,0.0,0.027463169080622407,0.029694071067855488,0.029905389087520717,0.020492032742686184,0.05782905332990934,0.040662316411947785,0.024304391495637012,0.012625284570243811,0.019506040145110592,0.030881473786544267,0.017252754680451454,0.02328865299455901
0.03384687522437296,0.04122551122742396,0.0051570698414381,0.0,0.03547536611332863,0.05127213998844765,0.049880732910057124,0.04993894112230729,0.05911585531988406,0.02972019343428739,2.0519478474756436e-05,0.04354485474880415,0.048105382689393295,0.0,0.013353411918332447,0.0,0.02571091111203405,0.044906529699445585,-0.0005917060445135847,0.03319932291075184,0.038235280108997294,0.04211443228610079,0.03258561591566611,0.041812478340220394,0.046967328830604116,0.02658143179268918,0.03705510500770798,0.05103817642105818,0.03969156867360002,0.012094535289798924,0.02962271147800244,0.04004646836778408,0.04585480518722651,0.04044242171841639,0.06446525507402034,0.006041324734836984,-0.0014022525745983616,-0.0036819316086853515,0.04300399121034271,0.04230937513291405,0.0500151601361572,0.05354594494842102,0.0010153351052716308,0.0,0.0,0.05323825613176142,0.04577316612364091,0.0,0.0,0.0,0.05540797326398056,0.0016983287673905112,0.005488904632130309,0.0,0.01766232899865694,0.0,0.010988392725008678,0.07945098353320734,0.0,0.025373067863325494,0.04360755281995998,0.0447611591796751,0.052939904497277424,0.0,0.05076711627770181,0.03818296239347452,0.03943264561921084,0.038809399241110654,0.052111161385924754,0.04779704730901402,0.04252296344124051,0.0528849676304024,0.05665785986260535,0.07049817024820937,-0.00013535826256416694,0.04864264262781076
0.037866250062552564,0.021174375408829826,-0.009937535540139208,-0.00024378469741903608,0.02426449121465185,0.01231319219167909,0.03339910994579609,0.01626527438609393,0.006625763932812778,0.028418625122580754,-0.003927224735453039,0.037370248136326445,0.05553517087332249,0.0,0.004920226453360876,0.02571091111203405,0.0,0.02275116659232762,-0.007597789430815294,0.023402995971691876,0.04805345425722357,0.031017519214136924,0.014119905369515295,0.03691996078463183,0.01958929254102232,0.01952678275090486,-0.007062874082644333,0.0543578398561137,0.04069871368966499,0.004685290289402844,0.03829626795322494,0.01812270344885225,0.04177618179949949,0.032351088665806604,0.04243725998081954,0.0016132900354802193,0.0011734294776958865,0.04611043765240813,0.028401541598012947,0.029288269088231178,0.02650382161708903,0.04103849724904535,0.0,0.0,0.026570253357914686,0.019525520883280467,0.05687426905317561,0.0,0.0,1.6653345369377348e-16,0.0007257434033953736,-0.0002445759291066496,0.0,0.0,0.03778525193593185,0.00043405662089601726,0.039059820628924546,0.0015424433244189406,0.0,0.0,0.017161453762343015,0.030131884007506715,0.036208414104351605,0.0,-0.00021855394698466757,-5.551115123125783e-17,0.0030082462545039657,0.0032286754667604223,0.012763565738975136,0.03923377007566514,0.02806500034579701,0.0,0.002322164558017037,0.001785259840728859,0.0,0.039293495436398096
0.03765282564001837,0.03611872758499968,0.0024927931818204407,0.0,0.024308166043172597,0.047834215947974434,0.04387530556101804,0.05039227739324276,0.017668134304984484,0.024760765837953114,-0.0038672570211281676,0.02304000594896738,0.04551614189151909,0.0,0.0324283817801182,0.044906529699445585,0.02275116659232762,0.0,-0.02600984795215172,0.04145833408637406,0.06345829934605424,0.030494581647220742,0.041530924582557305,0.03383410625044703,0.03648767383537965,0.024028930075815025,0.041627591796913666,0.04963268474566407,0.049160252744286204,0.011124901501753381,0.034705991065163255,0.03728235880559139,0.0410097612249985,0.0330948237100015,0.05421692935464906,0.00014305084812693547,0.0,0.05308341558393176,0.05329754979853696,0.04564475553938874,0.05118909919686815,0.06004470517725019,5.551115123125783e-17,0.0,0.004394939183837987,0.0387222517626733,0.04711887179053126,0.0,0.0,0.0,0.057495572843110965,-0.0010567400608594846,5.2209231640065745e-05,0.0,0.03815561838581377,0.0,0.03401098128563512,0.04320719611463547,0.0,0.04168787457563944,0.049935792962578884,0.04257199578919557,0.053337588400467206,0.0,0.06479049929299918,0.009063618529396078,0.050283924470899855,0.04089727385335279,0.015698569137640617,0.05264237472194305,0.04415348132273561,0.06461004012021193,0.06304733157020409,0.06645769925849715,0.0,0.04998532608632689
0.0,0.002299208894863347,-0.011242612441561245,0.0038078594296475643,-0.004139862674417738,0.0190010545859845,-0.009637655892404506,0.004007288584285951,-0.0027994698714141064,-0.005674620311886536,-0.0016052961024721202,-0.009508989540269908,-0.015297908485216283,-0.0005536102314042668,0.0,-0.0005917060445135847,-0.007597789430815294,-0.02600984795215172,0.0,-0.0014199220869052231,-0.00010800925583920318,0.005168751553760009,-0.10020792809498766,-0.025580573452199662,0.0051428002923537,-0.004141073612151658,0.03634257723513945,-0.016479854493084978,0.003902192627543044,-0.00540889225015323,-0.01067017169178619,0.01483883138137293,0.0016465719961890612,-0.016260701092831953,0.011528507911954089,-0.0026505746748472503,-0.015066405512591696,-0.02376223860468013,0.07089837683677946,0.0008540537020630401,0.04709130542828788,0.0017331236097436475,0.004236766802898639,5.551115123125783e-17,-1.6653345369377348e-16,0.0,5.551115123125783e-17,-0.1874639065288754,0.0,-0.0006666809220440273,0.023499569822819866,0.030500577347489233,-0.03153499160186035,0.012593335823630536,0.0004993005987596888,0.06724603324050854,0.0015738861262306059,0.033626366571786304,0.009804193754442692,0.0002437497231118635,0.0,0.0,0.0,-0.0007863882240922715,-0.0001978065318836708,0.0,-0.0016385388117619026,0.013178182638472147,0.0,0.0,0.0037756114262975093,0.01370832573937808,0.04248150483894597,0.04578308090072569,0.0019977078198815112,0.036248692216147904
0.06062951021506974,0.05016956097767683,0.0578529808405136,0.003421333642975921,0.03356078170311505,0.03330002536856158,0.03910544886686684,0.03613775449701223,0.04984905762539754,0.032330402285903725,-9.430483041328319e-05,0.0531768499827982,0.03757080526267004,0.0020362191354718062,0.0456123555686917,0.03319932291075184,0.023402995971691876,0.04145833408637406,-0.0014199220869052231,0.0,0.019742240730821092,0.04046982703255486,-0.00609982230309275,0.052981316434455916,0.056128951200804744,0.023059959674071262,0.03810934082123585,0.04016588941562538,0.02076638746070436,0.019663734767139562,0.01738957522892942,0.029630240831456434,0.04929559188198157,0.03082850726235542,0.04383675493692896,0.021059020517867455,0.11557527590344585,0.11177421558376399,0.040602130422412286,0.03343302224914435,0.04066600626276606,0.030265804592407186,0.07546701750731799,0.0006964267477359565,0.0008723611224640271,0.07168380256356127,0.03173045379611317,0.0027750517793498908,0.0,0.0026499853083981617,0.02224757529887139,0.02731627900045891,0.02097826776700673,0.004242648472170318,0.001734452817223342,-0.0015585549756190753,-0.00027449647810423583,0.03552277666577053,0.0,0.01994488267693828,0.0373430362257019,0.000732334667100043,0.04014349243767479,0.0013847657060035434,0.030748549659837032,0.02994651899316325,0.028582477079191093,0.019372255392089976,-0.002232034655023196,0.04534711952517678,0.03182789672452907,0.014226668181966384,0.03218041925066062,0.03451562105790146,0.028629607629842513,0.0355565903074494
0.05908967725424519,0.02393638834898304,0.03441005057703728,3.33639996968893e-05,0.0636818922448742,0.03722433618820903,0.03900064767351824,0.031323125971272736,0.04501788149043262,0.0673757302095262,0.0070348112576471555,0.062021970967330475,0.03420929275496565,0.006841882729448412,0.016308294020073055,0.038235280108997294,0.04805345425722357,0.06345829934605424,-0.00010800925583920318,0.019742240730821092,0.0,0.014896215533663881,0.03943923509961367,0.037477635574010015,0.07181109519871459,0.03673422549813549,0.026991287280814347,0.04247095731387596,0.03820920126512051,-0.006185962872432005,0.033767174756571594,0.031559570064442766,0.05527490806624158,0.030030629345079496,0.034033300311746784,0.10266261958157413,0.12292761437504524,0.00605010555815505,0.03675202111421261,0.05499140126017521,0.037303753285448216,0.051134210039502526,-0.0007944495173293764,0.0,-0.00017602908007396945,0.0909680426124122,0.03039801892564392,0.002105882010176474,0.0,-0.00029577944536191003,0.01783065310521642,0.007218131891036261,0.015825698099749097,0.0007410182972192314,-0.001273053782922473,0.0,-0.00033792360107876007,0.04701636358191574,0.0,0.038829751355347886,0.04813026614554006,0.0,0.038795883510366946,0.0,0.024406916256251465,0.08047693029660602,0.03345632525104425,0.02089969628003674,0.09627813612283292,0.06029913772848633,0.03136850253768508,0.0038550623272111118,0.023573428046187395,0.029304339310459115,0.008560184679945682,0.06974186712638253
0.03335375319474082,0.0336633858286548,0.045899930825591684,0.003119282803429213,0.05720905838561563,0.044421788928642625,0.04837567895208139,0.03589112934216049,0.05990312984968016,0.03282069542533356,0.0008655495812336933,0.08889720378399896,0.049395485376481585,0.003961028582181725,0.007752608633788405,0.04211443228610079,0.031017519214136924,0.030494581647220742,0.005168751553760009,0.04046982703255486,0.014896215533663881,0.0,0.024254179104352014,0.053913282041457844,0.04253005423113215,0.01219244667771896,0.02795867283181752,0.053724479053345764,0.03579753457686102,0.013357726207661402,0.008405335108413237,0.03122578683723648,0.0464768715598442,0.024836744688042756,0.041484406259673756,0.06207812902337273,0.0064878588551059435,0.10678248731267698,0.03905089249858096,0.04635424478344674,0.041904081409428806,0.045428973563959474,0.08597636833422528,0.0,0.0033752558916378406,0.05728792085098583,0.028171061617898674,0.003150921041645105,0.0,0.005654045505221972,0.0270678922415431,0.03807001365011026,0.027104456773233754,0.0036182429682716233,0.02779340003561398,0.0,0.0028857016676472336,0.04652633420086022,0.0,0.0035596754794569585,0.03778304133897248,0.04343557610221016,0.04927419345433076,-1.1102230246251565e-16,0.026309329504513757,0.03531424782524828,0.03476299336854749,0.029433872984435783,0.06130474588953577,0.04586791506421389,0.026890384347682206,0.025009500356168446,0.04726918550837711,0.049731596871277095,0.04337804349254876,0.03498545952474247
0.04445048471448565,0.026386401558325445,-0.00437246174474748,0.005614275435697147,0.0446615022963438,0.04526459192889093,0.032570317106296764,0.036913297620700114,0.03487118348421503,0.030558985042456854,-0.020822153501160456,0.007679265811913416,0.027009850873088492,-0.0023048903363424023,0.019904006242938865,0.03258561591566611,0.014119905369515295,0.041530924582557305,-0.10020792809498766,-0.00609982230309275,0.03943923509961367,0.024254179104352014,0.0,0.04427836229621229,0.04375649987711727,0.01763886715374413,0.03452069682392622,0.020820016573794342,0.025544072665756035,0.022922054379141688,0.027279679207701968,0.02861235285828806,0.02173033819417075,0.029484018185679084,0.03483492038235492,0.06278398337023028,0.038533230785581296,0.016801856298279294,0.04630398376346567,0.020135651861811488,0.027711399686507043,0.031370729032158096,0.04307959064667627,-0.00332001453015085,-0.005628098342211674,0.055077187034492325,0.026202986234141468,-0.031798002538016845,0.0037668646597447397,0.05744220518775456,0.05248777794709203,0.04740891674350034,-0.05284942021793054,0.04942270488003875,0.034525859694265915,0.04178912109225358,-0.010768477077679028,0.050227963807693565,0.034606872975916525,0.01682300956510241,0.03254091432521755,0.002013396290990177,0.017765234385085815,0.05289641524074995,0.029069906015457114,0.03643781063853424,0.027994930787845984,0.04772460576763671,0.0014169891428039705,0.04298441149413118,0.03242882300139571,0.03789520385606637,0.04519636827207263,0.04114362947092959,0.0377997596900469,0.031808168593448816
0.016505160781013883,0.05657136024350229,0.0003174319147001836,-0.0048896429621241855,0.009550140094954584,0.04252435722660497,0.03171181142339036,0.04284865292685147,0.01290606057250826,0.05863219886228782,0.008513363711608213,0.015886547319512723,0.04558705259928392,-0.05848931171471322,0.0647797160278441,0.041812478340220394,0.03691996078463183,0.03383410625044703,-0.025580573452199662,0.052981316434455916,0.037477635574010015,0.053913282041457844,0.04427836229621229,0.0,0.03941758591482514,0.030435477514266895,0.044589045479382694,0.058015236101393364,0.05530070041095836,0.0048821044365296995,0.05705381102396667,0.06955110694927608,0.048271718704247235,0.047077585191555416,0.0440618047779987,0.04431512316623787,0.04184419151513713,0.0037633137479670675,0.11903884969806505,0.031681540365091354,0.04678057672748276,0.0030106149494448786,0.0036050475597939613,-2.1696292059003586e-05,0.06861348983399179,0.037784090923272895,0.04054988364121759,0.00019753829586377503,0.0,0.0,-0.0011128738417380268,0.00010334438238651655,0.00012135258636875035,0.0016367835966256683,0.03663636472082915,-0.0015000627768668728,0.04204005034784397,0.004080555912047534,0.0,-0.002016526530301932,0.03523855700121892,0.017350818692658976,0.031240273185502432,0.0,0.0006044808046827832,-0.004451927558466795,0.08629036261769757,1.019087181264311e-05,-0.017637910264502343,0.03413168838463265,0.021614908523619136,-0.0011792213272736052,-7.882362866917791e-06,0.0033332549688782076,0.0,-0.008508581614147748
0.041990719990201486,0.054115352579610754,0.041051908325639985,0.0,0.04214967858965857,0.06276388817175238,0.05845472121229539,0.04923619915297106,0.03418665882883326,0.044337228612403246,0.0046930147857874305,0.04030871288260668,0.05603632247977797,-0.00016156720855431406,0.03584099901489457,0.046967328830604116,0.01958929254102232,0.03648767383537965,0.0051428002923537,0.056128951200804744,0.07181109519871459,0.04253005423113215,0.04375649987711727,0.03941758591482514,0.0,0.023701279492241767,0.04664804100651321,0.05886141786694121,0.06573737594911844,0.006651086114109139,0.047434482891695384,0.04623693308091664,0.04751236685268212,0.04085294229555614,0.06898736456217242,0.04710042979930368,7.2178417993507e-05,0.04564887721089833,0.047208127588700466,0.041800782858793906,0.05021364834205433,0.06118549836725368,-0.0013240870724367526,0.0,0.0739098007172404,0.04825072755845328,0.0515766065843235,0.0,0.0,0.0,0.05651750420651036,-0.0007654468990858643,0.005878341763119632,7.353806814930364e-05,0.04513700449545355,0.0,0.04038721830814834,0.033958097259619846,0.0,0.05007697388850174,0.046971742830216434,0.03652783641498497,0.05108091868186809,0.0,0.058256185155019014,0.05497785308284853,0.05475619218483668,0.04640894512943,0.0336379457211336,0.0502737498582434,0.04388766356881113,0.06080637999271432,0.05795419024067905,0.06457402712432658,0.0,0.04638644382796958
0.030419668227423646,0.02140523593931576,0.042174689682371924,0.0036868163010057575,0.033135754952357876,0.025114509673824725,0.03618618965158704,0.052774060333997785,0.04253877801035938,0.03451236017298637,0.004309742283044149,0.02258750442204993,0.04596207948944053,0.007870293757551494,0.020336556711397613,0.02658143179268918,0.01952678275090486,0.024028930075815025,-0.004141073612151658,0.023059959674071262,0.03673422549813549,0.01219244667771896,0.01763886715374413,0.030435477514266895,0.023701279492241767,0.0,0.009319717084263102,0.043436025297356184,0.029974693034700683,0.016224466624891687,0.028070493198787683,0.02253004962877908,0.028905980525349984,0.02233402194849249,0.0394148712313761,0.05507604451106146,0.0018772968693515635,0.030250259743380137,0.03970924412954774,0.03326616191075438,0.03831875250802913,0.04617359084738942,-0.0077067059005634375,0.0,0.046850749077908205,0.049780059228498985,0.03125022484016138,0.0036764319835983494,0.0,0.0008478842066536041,0.036400063087471235,0.030543822122956032,0.04541717630926845,0.0019094497701491187,0.038800160428265285,-0.00010128082626714718,0.036582668729061296,0.03875782805888617,0.0,0.012855092965444737,0.0416891691829841,0.034431105169709264,0.0450480821028903,-5.551115123125783e-17,0.026407482707652086,0.03245734352085772,0.02347827381950529,0.03417694838893809,0.029906691899736104,0.044772350578179354,0.03219969438611536,0.025195893637937172,0.043399716849150116,0.048855080401896844,-3.7061410369187975e-05,0.03521149537607676
0.03736126448753302,0.03987656922902394,0.04446427770279482,0.029740878205066823,0.0361868075805426,0.044164195340405055,0.02872477586744604,0.0477019204452509,0.05235838518370134,0.031055725806709844,0.04285202509232133,0.025000078930219993,0.029108337240814908,0.029866566760070212,0.005293379317744262,0.03705510500770798,-0.007062874082644333,0.041627591796913666,0.03634257723513945,0.03810934082123585,0.026991287280814347,0.02795867283181752,0.03452069682392622,0.044589045479382694,0.04664804100651321,0.009319717084263102,0.0,0.02655178775988898,0.02209574661196162,0.035004055601781436,0.01754869751823218,0.024723982514852583,0.03537007298360295,0.021336047498224875,0.03041224073047305,0.0667322343612975,0.02521638815424254,0.038246071204532994,0.035877797461951744,0.029167077595641855,0.02849223538468615,0.025804479229729282,0.05407393940461841,0.00321266786636748,0.0003941998964077098,0.050523033401122686,0.028203231806031293,0.05462676129740218,-1.6653345369377348e-16,0.049189557479820234,0.05775632083971771,0.04333609071593736,0.009888432944629488,0.042965405734205486,0.02870252439080445,0.038633969683956826,-0.002058775149426595,0.044300510056740294,0.034067211488321036,0.01802754909343468,0.03876451026445782,0.00014860905803520952,0.018479253866569845,0.029906735881381374,0.03360394368169639,0.0219431501022338,0.03183189563339017,0.03973407925380046,0.0011114636905765196,0.04382257301401371,0.027157157770682228,0.027469006847091082,0.037695207364293215,0.038733808584663965,0.02545578587528563,0.027993051479231035
