0.0,-0.0018814029480366257,0.002285270689367347,0.0,-0.0005844731651379331,-0.014896787790855126,0.00839639086253613,-0.023425198681624904,0.00767415323263948,0.0373209640288788,-0.00018890485816586144,0.024174473943203767,-0.0012751523333692227,0.0011650787623785352,-0.00046434128691486,-0.0006174448080871198,-0.011837607705230901,0.010617148116673913,0.0,-0.015306947470845211,-0.012396601040717381,-0.0172784073090842,-0.007902272957201584,0.005834376982860046,0.01509979983353682,0.01383971716919713,0.014398652794863354,-0.03711947453740255,-0.01982783942371452,0.007170678119445828,0.025673556773862627,0.011118526140133589,0.0062177359119400255,-0.004279437827137245,0.014818302079418366,-0.0021835847563097532,0.0,0.009529764419640874,-0.004474385332136288,-0.011515587559070839,0.0026372292705457157,0.0030734354565248867,0.0,0.0,-0.000819232622161381,0.02237545381359851,-0.015078108141848123,0.0,0.0,0.0,0.04042755253227476,0.0,-6.239813658176496e-05,0.0,0.04343446261939077,0.0,0.057123356527406854,0.011498126496622185,0.0,-0.024272563891019783,-0.005260663600877236,0.002672294193012348,0.0022326889903981906,0.0,-0.004912562801501763,-0.03271320893433555,-0.01382142236810524,0.04117912954119962,0.08337849591806579,0.009572002937274171,0.019153181026380084,-0.009903231926588096,0.0002734508268116831,0.015205580057602364,0.0,0.00116914085687303
-0.0018814029480366257,0.0,-0.0036392301928581117,0.0,0.01631245442990953,0.012282784695720084,0.013068418897379308,-0.004105414395886742,0.0059921154725218195,0.0055827975562812715,-0.00045254213483553185,-0.0011500587160559461,0.019287462783336984,0.0,0.0016930821640179228,-0.010594010314114444,-0.01316511998040798,0.009072502647371916,-0.0014525236747737758,-0.000822484945986024,-0.0020078542677613442,-0.006641982137899183,0.013405592772502084,0.011903350725980255,0.01648816801929026,0.012428672129366991,0.008050045105737869,0.002964439332924451,0.009693516127372792,0.0005824755203133192,0.012775120558814856,0.004736428422725425,0.008495118598014273,-0.0016142129352156864,0.01884630392481529,0.0766498000162586,0.04220406470438043,-0.0011563462631223875,-0.012103449461341287,-0.007512701146066059,-0.016829400232900416,-0.007130722478587093,-0.005567696870815209,0.0,-3.8829947855534286e-05,0.0006736201749492077,-0.026334245728459882,-0.001913272574770697,0.0,-5.551115123125783e-17,-0.02373715301932139,-0.018167457273353893,0.007035485277772979,0.0002606031755174043,0.0015011136052529572,0.0,-0.00011461361546960536,-0.010834825987228902,0.0,-0.022550986731380285,-0.013152870805550665,0.0006748746763505786,-0.007569611605778348,0.0,-0.022249470197089283,-0.013829273273182674,-0.026792440210950397,-0.017803800097272393,0.004542054373550541,-0.010525301443028212,-0.005701605890463091,-0.018924833574708422,-0.023814694947020987,-0.008844670954987588,0.001430016955365765,-0.010034483957542473
0.002285270689367347,-0.0036392301928581117,0.0,0.08516533872132381,0.026637328901504276,0.0055791156957822885,0.022704419133945275,0.01666587166558231,0.07741477280916137,0.020683989817862125,0.04947878774463199,0.03284914275412548,0.02584576537800043,0.035166663078368854,-0.002726338192948541,-4.259614776197518e-05,0.023357473305685272,0.001127210521955524,0.04287683720716112,0.03581247703560436,0.020418776810889494,0.02208120406688957,-0.022118154155754355,0.0010976017975774521,0.0453773701693006,0.039714029039982446,0.03274059609520119,0.031354871352498204,0.03818044459978859,0.02413365096787584,0.04051216990134365,0.036046967849656664,0.03245504420022127,0.027453071777616966,0.01353699456301155,0.03179160692599625,0.03596002042241858,0.02134776386127024,-0.0008597542439705563,-0.0005049960672280918,0.00841269331333483,0.00233365263211871,-0.03278734484468904,0.03379500294792548,0.00010929098533979387,0.0,0.0005783206329371682,0.15156129326172185,0.000168436348056189,-0.03193120490298629,0.019446582398656154,0.005015859324147054,-0.000542873847244052,0.04305977323190657,0.021175481080626946,0.037301162656419085,-0.0009684705385472614,0.019047338940735847,-0.0032967417001413812,0.0024416015882555153,-0.00029536658107409686,0.0,0.0,0.15785314116975369,-0.0029705880014703756,0.0010934196715200462,-0.007849221844526577,0.0268495918661128,0.0,0.0,-0.0003740604577194273,0.024581518874067676,0.022381285522100614,-0.0008448292782520239,-0.0014689816926671817,0.008727151882413464
0.0,0.0,0.08516533872132381,0.0,-0.0015835793269425302,0.04650640014359292,0.009616374083401602,0.07409534762364967,0.07574677496035509,0.019386597648979986,0.054791197571783246,0.0017208446855264126,0.015500548984111018,0.054692213866190775,-0.0012801242750943853,0.0,0.0002944645025107495,0.0,0.08484040750092997,0.0005408323609012999,0.00043402013978421916,0.0033821167022523024,0.04962799917893018,-0.003663207090261078,0.0,-7.036009499861162e-05,0.05748303351838896,0.011374575711160628,0.0003134688242967254,-0.00011943517547957638,0.0010225460792101515,0.03426171602483907,-0.008515216242477697,0.027031303178978172,0.051340354612523564,0.06465374701798521,-0.010910371576265732,-0.002290504844397856,-0.0012612684146698916,0.0,0.0004647620940950725,0.0,0.0004516435217846726,0.0,0.0,0.0,0.0,-3.329473372487568e-05,0.0,0.0,-0.00048497658791618603,0.0,0.0,7.794725881871134e-05,0.0,7.979831677279448e-05,0.0,-5.867872114051487e-05,0.0,0.0,0.0,0.0,0.0,0.0,0.0,0.0,0.0,0.0021980959523741905,0.0,0.0,0.0,-2.225970388747278e-05,7.640194498337305e-05,0.0011396387938730212,0.0,0.0
-0.0005844731651379331,0.01631245442990953,0.026637328901504276,-0.0015835793269425302,0.0,0.029765159778948225,0.03926325106825823,-0.01849339908931119,0.031447138969602884,0.010257451601253631,0.002590291561073932,0.028016839551145034,0.035822944283229796,0.027555295914573508,-0.0009526372467629218,0.002851749800095671,0.03926066978751558,0.00267232480077384,0.01494259412809923,0.019809381215906696,0.001217508393245137,0.01470962926152486,0.024352014981446568,0.0081092797032285,0.014706874727872132,0.03694039878195465,0.02910059639257684,0.011076639509438269,0.019193053905079582,0.028987731549504903,0.026546521200327355,0.006480704405992632,0.0026728631382197388,0.0009526401024415043,0.01965015096680922,0.03503137782755117,0.10654955698182733,0.014668227848499471,-0.013252561558611486,0.0006585392343507745,0.0033402702299375475,0.0032005117332085664,-0.048641899620229745,8.195515164938216e-05,-0.0003057100182511374,0.0,-0.00017177561439174482,-0.012779092151700144,0.0,-0.07866822613277247,-0.00733752350249417,-0.04071738483082571,0.0038695678590280336,-0.008509603884493067,0.0016114093388880368,-0.0800633651252583,-0.0009829709440028478,-0.00986706599226661,-0.029293407965742535,-0.0008838692504131718,-0.0002867344531977678,0.0,0.0,-0.03422615319966399,0.0007474092762962403,0.0,-0.005172025467426511,-0.007700979250602646,0.0,0.00012847649313535436,-0.0005758269103184332,-0.005456457014972549,-0.008103488271499648,0.009812582009198934,0.0009411888993344775,0.013088434115799963
-0.014896787790855126,0.012282784695720084,0.0055791156957822885,0.04650640014359292,0.029765159778948225,0.0,0.017282772671377067,0.029024157595929745,0.025029744781091434,0.010985932059378423,0.0383497377976218,0.03341573482805371,0.032290894130082515,0.02621236770776675,0.01203579991036341,0.013106392523286159,0.010742138110118093,0.005933220562982344,0.018448246986617955,0.026021878379717478,0.004915903942924071,0.01813392777749484,0.036902089048694575,0.021515692980961343,0.013904041914927556,0.01813632718553554,0.02776845618573137,0.0349317458848184,0.03213141659300345,0.01945370186950257,0.03789062144794397,0.0150877424473147,0.02733866790021211,0.02544392010343538,0.01761255616868479,0.017899571865190922,0.009744428086898682,0.01119839077783119,-0.0034979448412264524,-0.0017383530411343995,-0.002558406456341533,0.00592552926715062,0.0013795839016370604,0.012774271594140019,0.05940257623303019,-0.00024370278298535553,-0.009014117925600695,0.004603079764321061,0.0,-0.019380308936013835,-0.004683107803167941,-0.0013691944631142317,-0.011562950909637049,0.010198852772915212,0.004680787921909513,-0.010316146226423739,-0.0018486258798560695,-0.0005178759891079077,0.01937949023947705,0.00043635061266289465,-0.018565749568654588,5.551115123125783e-17,-0.005809043147520676,0.009928385019532193,-0.0017533733932238449,0.0018578582306566505,-0.00917304296668564,-0.0009831763477152755,0.0,-0.023355840417781937,0.008389614192431505,-0.002236682989959271,-0.00424761316411848,-0.016283156659970544,-0.012927119932223674,0.003601754499305443
0.00839639086253613,0.013068418897379308,0.022704419133945275,0.009616374083401602,0.03926325106825823,0.017282772671377067,0.0,0.005748508178077372,0.022240080643896765,-0.0004009896330363638,0.012534040661593138,0.014806861553736783,0.03396959687601092,0.05237842478012805,0.004890216611812326,0.0070478901119132575,-0.007080503284904949,0.014159128285135048,0.015075188594854239,0.011316421775566243,0.00894155375689415,0.014861109007038409,0.034601521513221045,0.015641745945646268,0.01036447723710271,0.014890764875671703,0.026565682012118286,0.021438328986252975,0.008581629954316272,0.013206689851950615,0.018376927381623942,0.005796803305390175,0.008848234887069706,-0.004515177603710285,0.007695071628908756,0.03623999802064465,0.033246498507335354,-0.0028966329795633294,0.011506886063511468,0.0007081662711110881,0.018568698225941427,0.007654325124128891,-0.03613907456734339,-0.0010533253294411349,-0.0013779029652822294,-0.00031454556490034813,-0.0051511067759605345,-0.002411448604046962,0.0,-0.07407464451800733,-0.004588874711056512,-0.01008058852941518,0.002244210844667971,-0.0028235795805938713,0.0025139349467060423,-0.03491636137713089,0.0013359339649264834,0.00040773191564957845,-0.024339181885746186,0.0018228361981105778,0.0005789608665846546,1.1102230246251565e-16,-0.00048451112839614785,-0.022784831829054886,-0.004752430773245275,0.002769594113760432,-0.008004232013029466,-0.0004997361420899793,-0.0022263828402756536,-0.0002068966963901242,0.007515225503275935,-0.003711716447275304,-0.0015467205198518297,-0.007306958318311685,-0.006803758900667312,0.00014839238018471423
-0.023425198681624904,-0.004105414395886742,0.01666587166558231,0.07409534762364967,-0.01849339908931119,0.029024157595929745,0.005748508178077372,0.0,0.04568269692462901,0.013993593120548375,-0.027037169208705247,-0.024377600810797206,0.024636637968996677,0.031702344562763385,-0.019464204131712404,0.007989054688295028,0.0034462579895044865,-0.0071411470307291,-0.01715218328912932,0.013903384250108786,-0.011202482635737143,0.01055378393379125,0.039536989301594994,-0.020328381955797725,-0.019304384561999177,-0.007301346059493341,0.04015462342816406,0.021837822236864146,0.021852897950577488,0.014424924852246557,0.030757692953443327,0.024494143035414473,0.020062074547493425,0.019901213676614626,0.01904354043207951,0.037271409486054896,0.008322213518633825,0.0034475085615724987,-0.01515173841299805,0.0032222731331417176,-0.004840596814972065,0.0034389775321881366,-0.10399733121144022,-7.61290439288409e-06,-9.096795394081258e-05,-0.03700468993220957,0.0017260865645474799,-0.02018057706666998,0.0,-0.10521738923444823,-0.014967694339032278,-0.023395127518936742,-0.05473765484512605,-0.01792927939608646,-0.020305460254570418,-0.05417714771170701,-1.1102230246251565e-16,-0.006919989726048403,-0.06188919941482063,-0.02774321007416508,0.005600523130787183,0.0,-1.5123029674490862e-05,-0.03806980462892895,0.005281884484378774,-0.045056020276622866,-0.04422839293103792,-0.00816138550824047,0.0012161048978672206,-0.003434755586105287,-0.001892244844491242,-0.0013800015483434458,-0.00718521095667185,-0.010022924190630833,0.001609570528021964,-0.0038294494175580285
0.00767415323263948,0.0059921154725218195,0.07741477280916137,0.07574677496035509,0.031447138969602884,0.025029744781091434,0.022240080643896765,0.04568269692462901,0.0,0.018764926364126522,0.044083410621332475,0.027946072788739174,0.01940878771706822,0.05728613121910264,-0.0009607471995422001,0.002338040851353307,0.006682447873041564,6.606354847116247e-06,0.06495075455217036,0.012711791576392295,0.002748366001248781,0.016945809248493315,0.029092902679021926,0.027190027965340646,0.029973184812309095,0.0535473618962084,0.0394125923799577,0.02385997789167832,0.03312763006602071,0.03822958793301412,0.03622283178091634,0.029465480838060054,0.024295108932755938,0.023964638118600612,0.015888119662706812,0.04112891066395691,0.022034701335116424,0.017871967447984582,0.028310337230534777,-0.00511379117331362,0.00913403521392031,0.0018911018758180909,-0.001892218299899051,-0.0006824931582193883,-0.0021365968975234906,0.0,0.0019177598655090722,0.048034972228568784,0.0005900053155203366,-0.03587366576442441,0.02832914734225156,0.00921013855612196,0.021173325298900703,0.021678623462048074,0.00198321688769465,-0.055180605348652656,-0.003092216911937562,0.022475167003340513,0.008411050027199773,0.0015952564799258107,0.001092577130442085,5.551115123125783e-17,0.0,0.008259079429387972,0.0007348008105609316,0.004429509907596774,-0.004205750187369461,0.030787318551134257,0.00020132976235981426,-0.0001487045471092463,0.0002665308158642521,0.02533199421031529,0.022856815426250954,-0.004308031860776718,-0.00024166246796197832,0.02242105148152973
0.0373209640288788,0.0055827975562812715,0.020683989817862125,0.019386597648979986,0.010257451601253631,0.010985932059378423,-0.0004009896330363638,0.013993593120548375,0.018764926364126522,0.0,0.015473676324301355,0.022372969183491298,0.01732553870442738,0.06433590389808336,0.024574215968446556,0.011371460875449824,0.021055629559105615,0.027230896658080872,0.011064114778561562,0.03468402655193703,0.014124992150561566,0.017853492441724628,0.02529107541849096,0.033358970096268314,0.036011004857488704,0.0444666413947194,0.023979870573618944,0.01927590864561285,0.02346728843271434,-0.020438041637942606,0.03634644582176494,0.037134961139655864,0.021079319137279506,-0.013420388508920689,0.04698138492288817,-0.032002639973362335,0.005502015098437452,0.012934742242056874,0.032559091540875884,-0.013340261559004252,-0.0068368469080096195,0.054255265290289456,-0.01125707216034294,-0.0018018394202870547,0.049801793456091314,0.04704749210773418,-0.012453127152896482,-0.006497655557037407,-1.1102230246251565e-16,1.6653345369377348e-16,0.004610367822970973,0.07121931443579915,0.0009535235768898254,0.047038957646616475,0.01122056230484364,-0.0003705243241153289,0.01682137216823415,0.06133738331392391,0.0,0.00045154410765957387,-0.01902192437140071,-0.002745527500501055,-0.008928916101587525,0.06611611073516177,0.0002914001347576467,0.0005751112429048244,0.003509597752063942,0.008374921267343294,0.04153990137951302,-0.007857157356307931,0.006268074120926614,0.006250439874600833,0.0609397405219988,-0.0151387116326272,-1.1102230246251565e-16,0.025137482216905094
-0.00018890485816586144,-0.00045254213483553185,0.04947878774463199,0.054791197571783246,0.002590291561073932,0.0383497377976218,0.012534040661593138,-0.027037169208705247,0.044083410621332475,0.015473676324301355,0.0,0.02540138697776889,0.017288354111026305,0.033344702158893846,0.0,-9.044751343556534e-06,0.015535726685660112,0.0005285762978691766,0.04627531040784383,4.156849028358334e-05,0.004200117919626767,-0.0012228960069142758,0.06337833343940347,0.006905109715527213,0.0075552566976275215,0.004319070336018971,0.02804900044837011,0.021370654741125872,-0.0012717329509776554,0.0064599504312240486,0.02366715226106214,0.014560450902215971,0.014001007666080367,0.006457769099122934,0.012483878184727237,0.0295364733844089,0.06540877799040645,0.01945795570247727,0.021237836216692674,0.0016176414471447131,0.028357533144632463,0.0009732272930210728,-0.018659323886238477,0.0018169553040918718,-7.449037731793728e-05,0.0,5.551115123125783e-17,0.08093158073260565,-7.295328782491728e-05,-0.001563629168044034,0.02979747822295742,-0.0042360691743357215,-9.961359275900694e-05,0.03998412811308033,0.0024328293358388264,-0.022127993590241646,0.0015028537343318993,0.02829197580002324,0.01562536612111365,0.0002038784668211835,0.0,0.0,0.0,0.1818321995122782,-0.002264173832952965,0.0,-0.0009060072776288508,0.023566919029686773,0.0,0.0,0.0002729764900288867,0.014884940434647276,0.01664352917933648,0.0034098189382665844,0.000505504683899427,0.03991145761862702
0.024174473943203767,-0.0011500587160559461,0.03284914275412548,0.0017208446855264126,0.028016839551145034,0.03341573482805371,0.014806861553736783,-0.024377600810797206,0.027946072788739174,0.022372969183491298,0.02540138697776889,0.0,0.027217654928209933,0.0036681912609204392,-0.001852901011972441,-0.0001506584891116658,0.0031204993305979922,-0.006036173711371884,0.0003735057164164779,0.001522922985997044,0.0018643825766483935,-0.0029635399274946517,0.00908619453732662,0.021324960703064666,0.013628149013641566,-0.010035579104117787,0.023631213652455352,0.036357057519846914,0.001022184515217739,0.0027910622318428335,0.01732923346251042,0.04424794656655057,0.02971629145012089,0.02259060638875854,0.007203633597464232,0.05352667368095154,0.003334843509916141,0.03412555780944171,0.07660673423447595,-0.022834930377853835,0.052808884867667105,-0.0010121265157479464,-0.006004069713341942,0.0010404782498947274,0.06362060951832149,0.04220969396231544,0.00029492252659968354,0.0007868251721924735,0.0,-0.0004305148330425723,-0.0005951897029145559,0.0008095970523184226,0.0,0.00195921170081087,0.011124827214198774,0.001159699463616437,0.02332475312701171,0.003306753089041936,0.0,0.00029062333505519566,-0.021161166630439654,-0.019502065111350775,-0.01754087400385773,0.0,-0.00037635530774149384,0.0004979824488713924,0.0027957646982664786,0.05389114656457167,0.04228626499436228,-0.00568446376943893,0.004786963700287028,-0.002537165529473029,0.0387943738205806,0.0022734753591542867,0.0,0.0029592206206268123
-0.0012751523333692227,0.019287462783336984,0.02584576537800043,0.015500548984111018,0.035822944283229796,0.032290894130082515,0.03396959687601092,0.024636637968996677,0.01940878771706822,0.01732553870442738,0.017288354111026305,0.027217654928209933,0.0,0.05297458033323599,0.015229446470119645,0.014636552024562932,0.010848636958329771,0.01704327792688276,0.02011956011730509,0.01698826158707506,0.00978975184138825,0.02365111716716134,0.03794661482704664,0.022132609206055476,0.017847294089489985,0.018743478694855098,0.029536437093664658,0.029980960794728673,0.022830374817908894,-0.022842888275035222,0.027994840138445776,0.008726693599627633,0.020643213728393783,0.009218391199726506,0.04106964039547645,0.028955541726974066,0.03088788944954224,0.010316236791917344,0.028372914826787943,0.002573685417769922,-0.010454347166595102,0.010561897347439952,-6.803103872365934e-05,0.00560591893740614,-0.0014461469124911197,-0.0005537131635276471,-0.007119325780169383,0.008354581744723588,0.0,-0.04507744184977058,-0.0016960909936314383,-0.00080234108435151,0.002974530621400462,0.005756309839408558,0.05966653113960607,-0.02326255603367622,0.0030786812481817805,0.005238352340041219,0.0058476429215635894,-0.007873696553017895,-0.0012194057006390535,0.0015298866361151409,0.0017511191495699907,0.0013530886734939296,-0.005494713237954085,-0.013895909157534636,-0.004811391571426793,0.00444744586922019,-0.0012131466667790747,0.006580022857246737,0.011101964758575611,0.001022278526846887,0.0021910331960289797,-0.003967347443295521,0.0008504691755570892,0.0054706402755858585
0.0011650787623785352,0.0,0.035166663078368854,0.054692213866190775,0.027555295914573508,0.02621236770776675,0.05237842478012805,0.031702344562763385,0.05728613121910264,0.06433590389808336,0.033344702158893846,0.0036681912609204392,0.05297458033323599,0.0,-0.00016678361114697005,0.0,0.0,0.0,0.03366053960837739,0.0009204147190127188,0.0005815721973669308,0.0019780434624139254,0.034457798275952134,-0.0019160418616611663,7.121697700435137e-05,0.000453575622664959,0.020671716098979998,0.030967108926438336,0.002653045533692,-0.0004662549159579754,0.04739420434921404,-0.005391965346230987,-0.0006107984503966879,0.028413854206951195,-0.0024949562347843512,0.04473848643174544,0.03754520975086298,8.284669898045438e-05,0.002608009867984429,0.0,-0.0017268219177711819,0.0,-0.023405449793190702,0.0,0.0,0.0,0.0,-0.004420004116468146,0.0,-0.018556926502359072,0.00826429501984871,0.0011425236102967085,-0.00234505250428263,-0.0016808429129412383,0.0,-0.01846826301560811,-0.000456992160982328,-0.0037766574442709144,-0.03494540672901131,-5.551115123125783e-17,0.0,0.0,0.0,-0.007269037035208925,0.0006594680931248931,0.0,0.0,-0.00567558547296676,-0.0002654287418726309,0.0,0.0,-0.0019456477101111869,0.0029119941969454888,0.002365954099652512,0.0,-5.551115123125783e-17
-0.00046434128691486,0.0016930821640179228,-0.002726338192948541,-0.0012801242750943853,-0.0009526372467629218,0.01203579991036341,0.004890216611812326,-0.019464204131712404,-0.0009607471995422001,0.024574215968446556,0.0,-0.001852901011972441,0.015229446470119645,-0.00016678361114697005,0.0,0.006260683235686959,0.002836312753700665,0.01595113840517859,0.0,-0.02420502692126464,-0.025379979832250155,-0.04432456946941066,0.002847552185036184,-0.009247562602960557,0.0038531770863710624,0.012273744207706938,0.03235815661436775,0.0154348100803543,0.019312229612463983,0.02399743607650251,0.026278778302917527,0.008524398505426745,0.02102134307607234,0.0210477069866839,0.025388686349604617,0.024445048646487333,0.014840233715036732,-0.0028033748041974005,-0.01715753971370515,-0.029651132457192197,-0.011109829849141495,-0.009919267226184969,-0.04672984101961086,-0.00044365260405776485,-0.001687496922635312,-0.0015059273199461432,-0.0074280420443193496,-0.0014992995252850472,0.0,0.0,-0.0006206558951622476,-0.018361750634057317,-0.012047552919801752,-0.00037896931882014373,-0.00018337836438336863,0.0,-0.000987876721467218,-0.008823730245751504,0.0,-0.0033125052406156597,-0.012686165277980443,-0.0005609378661284303,-0.026106028186891728,0.0,-0.0104286675036393,-0.015594396105616581,-0.011799472218767038,0.004958629970428841,0.0010799996435107984,-0.027585185233198528,0.001158701478012114,0.008290563967091213,-0.009929617432641258,-0.018998874816716693,-0.014464747075645268,-0.01240153131281646
-0.0006174448080871198,-0.010594010314114444,-4.259614776197518e-05,0.0,0.002851749800095671,0.013106392523286159,0.0070478901119132575,0.007989054688295028,0.002338040851353307,0.011371460875449824,-9.044751343556534e-06,-0.0001506584891116658,0.014636552024562932,0.0,0.006260683235686959,0.0,-0.010611268363531656,-0.011017135087602103,-0.0010070402480900076,-0.0010322087244322153,-0.0010164012998485905,-0.013025054338093145,0.008747190437959795,0.001826921924450109,0.015457954925456097,-0.003662916272965666,0.009754013924627492,0.005772121805200203,0.008679333542995216,0.014368115995345543,0.022338535998845555,0.0027733989949390025,-0.004526677054675521,-0.0049984680202694864,0.01574018143536643,-0.06725614204258384,0.001389310789595366,-0.0017058094253445955,-0.006299086314660751,-0.007547753562523352,-0.012038851584742827,-0.003414986119939678,0.0020746507021029426,0.0,0.0,-0.013162485864810003,-0.025094178919705334,0.0,0.0,0.0,-0.010739296781967111,-0.0029750477820784105,0.0020230497213016285,0.0,-0.00018179996220496486,0.0,0.0016245713772207737,-0.021422114968579042,0.0,-0.02105420830638549,-0.012725290913470855,0.00304060672974521,-0.006684240589146462,0.0,0.004818333992022361,-0.023063512505582362,-0.025808076063799368,-0.01707925444273295,0.00794115851007099,-0.010579409467485923,-0.0021323360872083086,-0.025567826559343643,0.0023768366424119503,-0.02026052740325296,-9.679491482228464e-05,-0.007271128921677028
-0.011837607705230901,-0.01316511998040798,0.023357473305685272,0.0002944645025107495,0.03926066978751558,0.010742138110118093,-0.007080503284904949,0.0034462579895044865,0.006682447873041564,0.021055629559105615,0.015535726685660112,0.0031204993305979922,0.010848636958329771,0.0,0.002836312753700665,-0.010611268363531656,0.0,0.0025858810243654107,0.007998214739535436,-0.0008818158907391571,0.007328565555359712,-0.0027728826965691677,0.0042514570449163624,0.0013934487506618298,0.024988932072290027,0.008599524411037673,0.027159424255677023,0.018249323602116896,-0.0019857870098348163,-0.0007679772969788612,0.006484232093397213,0.010968257879222676,0.0026763091327446364,0.005858155819527644,0.04169537567096293,-2.625315252990923e-05,-0.0007538916842328991,0.002200572051427152,-0.002708785706233674,-0.015334685364668421,-0.0017373856786487285,0.0255708855282914,0.0,0.0,-0.0014554348952178775,-0.011603726759507327,-0.02129977980373088,0.0,0.0,1.6653345369377348e-16,0.0004232719718504363,0.00010780627130257958,0.0,0.0,0.006050869817341542,-0.00019132719235287476,0.012538070714277982,0.00014105755871668402,0.0,0.0,-0.01934992945708286,-0.004264372431376728,-0.010388146545909971,0.0,9.633607930653598e-05,-5.551115123125783e-17,0.001986874703679753,0.0003966924906028124,0.007114839377293347,-0.012335383220298812,0.0014229399819799537,0.0,0.0005348088272789098,-0.0007357368277783327,0.0,-0.00022868990964958202
0.010617148116673913,0.009072502647371916,0.001127210521955524,0.0,0.00267232480077384,0.005933220562982344,0.014159128285135048,-0.0071411470307291,6.606354847116247e-06,0.027230896658080872,0.0005285762978691766,-0.006036173711371884,0.01704327792688276,0.0,0.01595113840517859,-0.011017135087602103,0.0025858810243654107,0.0,-0.0016027416707604103,0.011600616089677385,-0.00913596424690638,-0.0007118453805776137,0.0049296066512189984,0.007945452268439845,0.01737603429197815,0.011034019921231653,0.014289706004155689,0.013757122527353727,0.009772312889478385,0.02178853779772627,0.02628897861001067,0.001668961046144557,-0.003214946273428665,0.003511251591671649,0.03144372658193284,-0.036355205888891684,0.0,-0.014679074308965867,-0.002015977318403417,-0.00937222963017631,-0.0035018665702090668,-0.003198907632113779,5.551115123125783e-17,0.0,-0.01344774639542623,0.008174013017402448,-0.021312328504553946,0.0,0.0,0.0,-0.008902641789219679,-0.000605194816090282,-0.00013061359157101604,0.0,-0.008090349428818311,0.0,0.0011413845168586345,-0.01607852282455835,0.0,0.009082907238997795,-0.012241527953456233,-0.008940002969479777,-0.01644901508332014,0.0,-0.02628003963441944,0.007444602208973361,-0.025569181307210698,-0.06474905023059446,-0.006893969557375035,-0.01883411164236637,0.0008353503743234736,-0.0557236725700081,-0.012316001984976732,-0.009088626076101225,0.0,-0.004552742305452329
0.0,-0.0014525236747737758,0.04287683720716112,0.08484040750092997,0.01494259412809923,0.018448246986617955,0.015075188594854239,-0.01715218328912932,0.06495075455217036,0.011064114778561562,0.04627531040784383,0.0003735057164164779,0.02011956011730509,0.03366053960837739,0.0,-0.0010070402480900076,0.007998214739535436,-0.0016027416707604103,0.0,-0.0015170341249478025,0.0036719235868987177,0.00020462796540088313,-0.016914620798018476,0.0008479549647603668,-0.0010642673951337667,0.008528712997986965,0.0030589977817994662,0.0210188339319764,-0.0021568848419130093,0.004268574833395267,0.02937531132776855,0.024468768694625165,0.016632682594459713,0.01610939881794765,0.010922907036823026,0.031064593916918848,0.027353064917500225,0.017597833001574803,0.012217714935463364,-0.0009582773290320312,-0.0025371998815837404,0.0008435650264685401,-0.022563667144938904,5.551115123125783e-17,-1.6653345369377348e-16,0.0,5.551115123125783e-17,0.09543667172259979,0.0,-0.04946036229842604,0.012239406621062376,-0.0061591914706112805,0.012712129012899198,0.007387042386520659,0.0012809427654028038,-0.09103272701889964,-0.0006937509972612665,0.022142951132939404,-0.0055351899256919634,-0.0019176569468350446,0.0,0.0,0.0,0.008684275650290396,-0.0026499801078558316,0.0,0.0007246578311785878,0.022808232048455168,0.0,0.0,0.0007110440247736771,0.01974076971679506,0.02689571117656009,0.007077401192060129,0.0013621168350361756,0.011210876558159777
-0.015306947470845211,-0.000822484945986024,0.03581247703560436,0.0005408323609012999,0.019809381215906696,0.026021878379717478,0.011316421775566243,0.013903384250108786,0.012711791576392295,0.03468402655193703,4.156849028358334e-05,0.001522922985997044,0.01698826158707506,0.0009204147190127188,-0.02420502692126464,-0.0010322087244322153,-0.0008818158907391571,0.011600616089677385,-0.0015170341249478025,0.0,0.004390491353257864,0.0063768420021970695,-0.0046152550698218,0.007665023887318323,0.01042198088604157,0.020186696628251677,0.027730244044129604,-0.01805117918045729,0.012117432711001686,0.0182596624424487,0.013625145418263429,0.010326528881306973,0.014440668536481405,0.024125813544571384,0.025970968780235748,0.015507810634044827,0.0032903661083941715,0.0005866828686002523,-0.013881195881884578,-0.021613831908159575,-0.011609831981666763,-0.01679117745504377,0.00872857480595196,-0.00010837379155320681,-0.0008442941019975447,0.0014507848115224986,-0.01223528772070992,0.0037361796745949416,0.0,-0.0010010307328670587,-0.007146987032652763,-0.01936499059322927,-0.012296942193721572,0.0025784680285641515,-0.0001276090836309085,-0.002277459491191569,-0.000358108925248235,-0.007432751364484236,0.0,-0.005543497598848868,-0.013782841964184833,-0.0001415048247881967,-0.004417047501028282,-0.0012380874583154955,-0.002302485851692959,-0.01176675683395173,-0.013025449262281608,0.0026602105876897264,-0.0023163346967583487,-0.0023958089912567426,0.0021424245350435966,0.007423868808780099,-0.008586855658682446,-0.01618978267913801,-0.020993508224034674,-0.006721495963637081
-0.012396601040717381,-0.0020078542677613442,0.020418776810889494,0.00043402013978421916,0.001217508393245137,0.004915903942924071,0.00894155375689415,-0.011202482635737143,0.002748366001248781,0.014124992150561566,0.004200117919626767,0.0018643825766483935,0.00978975184138825,0.0005815721973669308,-0.025379979832250155,-0.0010164012998485905,0.007328565555359712,-0.00913596424690638,0.0036719235868987177,0.004390491353257864,0.0,-0.007998211747190453,0.02065287326030968,-0.026145455244166893,-0.010718293619013775,0.005659535760634216,0.03629113563305847,0.005210950571526429,0.0017280623451023103,0.0022384284028578727,0.015713813927569875,0.008367014835527042,0.022294550470144003,0.004961522859574907,0.016216861819701778,-0.06970391956058314,-0.0001400033652163568,-0.014094178885645348,-0.00797494429626805,-0.022448298561600244,-0.0060111108224264465,0.003922686236409789,0.0012886337220603394,0.0,-0.00048246101531423946,0.03472772005016861,0.003597084797312744,0.0007380439477251421,0.0,0.00013037619543709855,0.002584708055439422,0.005028954536297148,-0.03843710147001883,0.0012207786453498626,-0.0011262849033341626,0.0,-0.00990193168268999,0.006231284060862152,0.0,0.013199397233650989,-0.00939200923757777,0.0,-0.022238388106752494,0.0,-0.004417481694020786,0.012829060952788185,-0.011759286089658483,0.009894170050140372,0.0027571024528360577,-0.0007005270229025751,0.019352488056530226,0.010248925506734452,0.0070575501395268025,-0.0024663946902925837,0.0057878369451300204,-0.0013802072257581566
-0.0172784073090842,-0.006641982137899183,0.02208120406688957,0.0033821167022523024,0.01470962926152486,0.01813392777749484,0.014861109007038409,0.01055378393379125,0.016945809248493315,0.017853492441724628,-0.0012228960069142758,-0.0029635399274946517,0.02365111716716134,0.0019780434624139254,-0.04432456946941066,-0.013025054338093145,-0.0027728826965691677,-0.0007118453805776137,0.00020462796540088313,0.0063768420021970695,-0.007998211747190453,0.0,0.03576217237553381,-0.030097498968508163,-0.003373708447044599,-0.006354048256823397,0.020472756968857087,-0.0060822771547676124,0.016095450198523487,0.02957902112184324,0.020091629640406117,0.011379839764519506,0.0008609831336672258,0.014015678896255879,0.017552786322225955,0.03435711511896422,0.0034790963221188465,-0.0019216783594719344,-0.01419691754691954,-0.010014631285686082,-0.01630649023710995,-0.009691278150183391,-0.04139123140103501,0.0,0.00037438947214346596,-0.00013873225586658045,-0.021397184391305946,-0.0018315630408035077,0.0,-0.00021561473736958492,-0.012629997780909175,-0.007144518520867227,0.02005069969938733,-0.003276618601004311,0.0034450524004730476,0.0,0.00045809296422483214,-0.010435661470150737,0.0,-0.001860431863440759,-0.015234714428744522,0.0011961640050707212,-0.0246807728113298,-1.1102230246251565e-16,-0.01564650935889139,-0.01167279602626653,-0.025359717382510805,0.007804452637835746,0.0025295887195169175,-0.01765080002466829,-0.007885174606307277,-0.006370861567158659,-0.007444776197676417,-0.017352578978842403,0.0034271623029072384,-0.016058050145448366
-0.007902272957201584,0.013405592772502084,-0.022118154155754355,0.04962799917893018,0.024352014981446568,0.036902089048694575,0.034601521513221045,0.039536989301594994,0.029092902679021926,0.02529107541849096,0.06337833343940347,0.00908619453732662,0.03794661482704664,0.034457798275952134,0.002847552185036184,0.008747190437959795,0.0042514570449163624,0.0049296066512189984,-0.016914620798018476,-0.0046152550698218,0.02065287326030968,0.03576217237553381,0.0,-0.022297783497853663,0.008749643496120452,0.023413809664432406,0.03855875020004884,0.03629305353476103,0.03919763806919291,0.035986710682076595,0.04675468621279105,0.02913171896349609,0.020903210554279184,0.04034319878723197,0.03445771910256551,0.04010194573794518,0.03689805314599787,0.018380652656581453,0.0008801424208899622,0.010849490633161263,0.006515294020483342,-0.01493743165432082,-0.0017972967316816635,-0.001420495288740442,0.06586703547069678,0.04318103993967526,0.0015150142164110925,0.007424737361727329,4.0592690701501954e-05,-0.04242217014823041,-0.010266546322597159,-0.010371875044028589,-0.011117903289302344,0.0032884766664863507,0.010842510785245008,0.0005051778175306221,-0.007833867286654972,-0.0025631472851515014,-0.021585930747593296,-3.998672429128547e-05,0.01086954136940177,0.011289400298108543,0.02200512827194523,0.009795511977993443,0.011395105572978126,-0.0044514761367204225,-0.00021810963493290592,0.0019890442518200047,0.00045156404742452416,0.002359453853353344,0.017323188258361488,-0.0009302737461103217,-0.001242904988867366,-0.004427338598811725,0.0057060582959125306,0.007075601791244557
0.005834376982860046,0.011903350725980255,0.0010976017975774521,-0.003663207090261078,0.0081092797032285,0.021515692980961343,0.015641745945646268,-0.020328381955797725,0.027190027965340646,0.033358970096268314,0.006905109715527213,0.021324960703064666,0.022132609206055476,-0.0019160418616611663,-0.009247562602960557,0.001826921924450109,0.0013934487506618298,0.007945452268439845,0.0008479549647603668,0.007665023887318323,-0.026145455244166893,-0.030097498968508163,-0.022297783497853663,0.0,0.008814042351274531,0.01452358184149255,-0.012357999163690403,0.010342142454740633,0.008955316556919501,0.0021335941436710915,0.02409865879309797,0.05292604981957738,0.03401795594257728,0.026272555132502762,0.08608063951845474,-0.0010582433249684553,0.008861106971448929,0.04033568540422133,0.04394219351746548,-0.03728834978504042,0.023135100940751663,0.07677602519280075,-0.005333566470447804,-0.00023404253779213402,0.05655984838753636,0.06331377635882646,-0.011391087040672265,-8.707262073687216e-05,0.0,0.0,-0.0018453296437717093,0.0018709909460987162,0.0006435717405183228,-0.0005275670541798894,0.02067784857434385,-0.00040751300950891967,0.03380435788805369,0.0036170810824299737,0.0,-0.0012301898364237562,-0.006339000546128126,0.006802942955247915,0.005959526630787804,0.0,0.0018011622000044247,-0.0038938971279581236,-0.01407856287752457,-0.0030454795194279627,0.06961304272959873,0.011338141842807792,0.027208246488016785,-0.001428083840104677,0.004244188717635988,0.0006659613734397718,0.0,0.01848777415000702
0.01509979983353682,0.01648816801929026,0.0453773701693006,0.0,0.014706874727872132,0.013904041914927556,0.01036447723710271,-0.019304384561999177,0.029973184812309095,0.036011004857488704,0.0075552566976275215,0.013628149013641566,0.017847294089489985,7.121697700435137e-05,0.0038531770863710624,0.015457954925456097,0.024988932072290027,0.01737603429197815,-0.0010642673951337667,0.01042198088604157,-0.010718293619013775,-0.003373708447044599,0.008749643496120452,0.008814042351274531,0.0,0.024209922868700884,0.0064679180181252405,0.01695968580504853,0.008815266277260536,0.012576635761058441,0.027332814210380918,0.008619398258884747,0.010270784775038844,0.01041040800440829,0.028538053599952762,0.032909816969641126,-0.00045289073555176973,0.01797791569583257,-0.0053315124450272755,-0.008109830100278104,-0.0008476879000404725,0.0006538410509490111,0.00017470263706886868,0.0,0.02037953847441437,0.01317450087692007,-0.024351717791964322,0.0,0.0,0.0,-0.0024009083894194205,-0.010006701814189889,0.0033285764931509365,0.00025983132408108345,0.0037524101682653854,0.0,0.01674265999250596,-0.007734780550246345,0.0,-0.032980845208651965,-0.014270944741744174,-0.00491205273416101,-0.01200942176316705,0.0,-0.018497721408294476,-0.0185830088545193,-0.02012412231743388,-0.00399254519525144,0.014485332372716264,-0.015221745510377027,0.0032583267881636235,-0.021662356242630243,0.005526027286521629,-0.00805369819710866,0.0,-0.005041953440418412
0.01383971716919713,0.012428672129366991,0.039714029039982446,-7.036009499861162e-05,0.03694039878195465,0.01813632718553554,0.014890764875671703,-0.007301346059493341,0.0535473618962084,0.0444666413947194,0.004319070336018971,-0.010035579104117787,0.018743478694855098,0.000453575622664959,0.012273744207706938,-0.003662916272965666,0.008599524411037673,0.011034019921231653,0.008528712997986965,0.020186696628251677,0.005659535760634216,-0.006354048256823397,0.023413809664432406,0.01452358184149255,0.024209922868700884,0.0,0.037126056638932536,0.020442559608904787,0.00813126383374374,0.02699218140730303,0.0313366802546588,0.019256409024991927,0.02380353977174926,0.014000596674380139,0.03650395796176653,0.05475138796860185,0.036381339301125915,0.028635826523481123,-0.0005181301098223234,-0.004906225478245596,0.0035234680238889204,0.0013160960873820904,-0.03044628509864955,0.0,0.03306557963209977,0.01189319528716215,-0.013041219968290607,-0.0021440668910112093,0.0,-6.46130797338218e-06,0.00037613186980745006,-0.0030310719922977403,0.020938692333143494,-0.004582935413123934,0.011103770560655535,0.00035020071066466096,0.0213355223115011,0.0025470756605779354,0.0,0.0027091527191420717,-0.010449695621637611,0.003833911485650987,-0.006484464327144779,-5.551115123125783e-17,-0.013852605116804917,0.019472778932633883,-0.010939817338489921,0.013365329595767694,0.019718347851245988,-0.0056930005365112835,0.007110974699586048,-0.004704131235820308,-0.00757762360101133,0.00015638242785759315,0.00022371457289288577,0.002804492438292283
