0.0,-0.01930827159674342,0.003111849415251833,0.0,-8.470441450630917e-05,-0.025136855207833486,-0.05047214538627637,0.01351249076458777,0.002544375671259369,0.008237707958064167,-0.0004992113681112631,0.005083488924446766,-0.05670205902167702,0.003997423694585001,-0.0037972377376959687,-0.044966630076420044,-0.03131450837607824,-0.03815978780722035,0.0,-0.048331199131041835,0.0024349621179072245,-0.023916741678738085,0.0055766324719842,-0.0007717068107631619,-0.018623952343910954,0.0002070306016931367,-0.0114986571545041,-0.04562118048874558,-0.030153404111885163,-0.009619464914607079,-0.027563529957270738,-0.025329864391948453,-0.03025110083062854,-0.021618670725884415,-0.013958975997085787,0.0009907640180031319,0.0,0.009421203389453736,-0.04052976102974415,-0.04042233953597185,-0.03403268706246726,-0.034728553344935964,0.0,0.0,0.0004211021030658957,-0.004734645681491012,-0.026788466084805562,0.0,0.0,0.0,-0.018480438165899504,0.0,0.011044380555258193,0.0,-0.03961333380999427,0.0,-0.008513592530734304,-0.039991496869156706,0.0,-0.0169826341505408,-0.019984505957124865,-0.04666975375412641,-0.023459393994896327,0.0,-0.08384249322324788,0.04927239487463009,-0.036503076225765985,-0.023370259738041244,0.02825500186673391,-0.029963644978547366,-0.011296636953572525,-0.003263750467672022,-0.0004063578464583717,-0.059136977819499004,0.0,-0.03277002080389524
-0.01930827159674342,0.0,-0.007873074141211522,0.0,-0.06049972078088661,-0.016544525359062645,-0.05103003196780925,0.0028187890175270236,-0.03465396274903865,-0.01699865638425785,0.0006724940256628842,-0.0006381907459891423,-0.04185296966217933,0.0,-0.016729938094663666,0.0048171889223528885,-0.027175290250637696,-0.0038686271052193466,0.0014009206030520804,-0.009521573139558814,-0.027523281234633934,0.016242627279617228,-0.013051469272549854,-0.032674464689183225,0.03927136636900708,0.018829668960105128,-0.014657812615023524,-0.01290208764404649,0.009446345564399383,-0.015670524197376856,-0.005352417368070905,-0.008347379444699765,-0.018876258581546235,-0.0024010378200011173,-0.002293709455778281,-0.003328861135960204,0.0004816870606070278,-0.0006203723559004559,-0.037917291411475595,-0.027398833686727908,-0.030894072543846407,-0.04128806415402492,-0.0041420549783087734,0.0,5.770271084098999e-05,-0.020044680300642992,-0.02929071774741654,-0.0005393521783321753,0.0,-5.551115123125783e-17,-0.03138924049482883,-0.05321048504054049,-0.022554803037793447,-0.0017381930067329465,-0.057307743725955096,0.0,-0.06084950342569806,-0.04513410525574185,0.0,-0.03104353735611881,-0.024340432082485375,-0.07483446508035335,-0.02962511236165105,0.0,-0.051993595859545494,-0.03190710256243384,-0.033681604801061193,-0.030654594273554936,-0.033720491144934084,-0.03509171410317036,-0.02499149893546493,-0.03331305428510939,-0.06893404609433507,-0.04887954361014046,-0.00041629166228673853,-0.02880143250749717
0.003111849415251833,-0.007873074141211522,0.0,0.006688315271341783,-0.02960786545888322,-0.025896519211542346,-0.07232710927489672,-0.039412766781523945,-0.02506215146251506,-0.08353434801713111,0.0021015580392545474,0.012250144221492565,-0.08620970961829166,0.02508056853180085,-0.00025662699189810123,0.003912098620080684,0.0019726984301401407,0.0021658277352998856,0.021034698485777215,0.008670029263357137,-0.052930149180345276,-0.04940956188325163,-0.04873419372802784,0.000763215675240625,0.006300908915921111,0.01231163110864164,-0.010548240578646506,-0.08320867994178066,-0.06048806448420063,-0.0819041589642554,-0.09874409996859335,-0.0883395699270213,0.0045285252547979105,-0.08851824453036922,-0.06271283224381907,-0.05244771807762694,-0.07669011885115623,0.0031099792547124028,-0.0405008218522388,0.00012149049115650623,-0.05144468704200006,0.0008008168223243572,-0.04962724157629106,0.0010531520035719777,0.0002979108335409708,0.0,4.280633965614289e-05,-0.11211342480980174,-0.0002503025222472255,-0.029068723697760868,-0.028041607114702383,-0.04544573515602607,-0.04107093991737576,0.004847528146271096,0.002346589841787483,0.05858713532523213,-0.0008353964177491568,-0.06233447547022797,0.0019080425484216956,0.0023728028757183384,0.00043892545215695744,0.0,0.0,0.13272134949598774,-0.02721237652244629,-0.09542951239339809,-0.06775285984207924,0.012689387653327056,0.0,0.0,-0.00043666128577263263,-0.022816307459560425,-0.053188993082357305,-0.06747150454786555,-0.08026899312553676,-0.06635205569988556
0.0,0.0,0.006688315271341783,0.0,0.003170616784911373,-0.07682963761906636,0.01718221553579391,0.02498908228937119,-0.06577268841820227,0.011789048532349633,0.007974378432549445,0.006255934376351857,0.04312911866074687,0.029451756273144614,0.0016647555498346955,0.0,-0.00011491011870129464,0.0,0.013108076693672588,-0.1241452018233209,0.00012929427004593208,0.003182213891832153,0.010470066200195582,-0.004595993837645529,0.0,0.0027872245779403393,-0.06818237013817408,0.05960832022524715,-0.00015867280516379534,0.0001774850025693664,0.08660644484639163,-0.024730102191967196,-0.002050861598421272,0.040818906558731605,-0.08307240010534428,0.05497920312217319,0.024864701411089568,0.0019231486633449757,0.00026098397752283287,0.0,-0.0006906533283296268,0.0,0.0004208864897289333,0.0,0.0,0.0,0.0,4.947718188569317e-05,0.0,0.0,-0.0006369450515825714,0.0,0.0,-0.00011583245368179673,0.0,-0.0001185831929377823,0.0,8.719870783968631e-05,0.0,0.0,0.0,0.0,0.0,0.0,0.0,0.0,0.0,0.000612174163265311,0.0,0.0,0.0,0.0007902615612591091,-0.00011353606127550986,0.000681991405097726,0.0,0.0
-8.470441450630917e-05,-0.06049972078088661,-0.02960786545888322,0.003170616784911373,0.0,-0.016623836304341777,7.031305336469007e-05,-0.055868722699286444,0.009894073855326091,-0.053251928634686585,-0.01210117964534263,-0.04035623208170391,-0.0182813610792118,-0.0009702227816722475,-0.04013250241097316,-0.052398250309742156,0.0028720915657390322,0.004677392036340933,-0.022013768837055803,-0.05980531011934764,-0.060147521228951895,-0.06432723948614744,-0.056477905951736185,-0.07303472323112176,-0.06823105214159486,-0.052401773348779046,-0.03169528176626296,0.010142875853470956,-0.04820764199292665,-0.0775197495610429,-0.08136280293244846,-0.01307250163992657,-0.057262188070688724,-0.0811901799474764,-0.06859418213899676,-0.018451946109174555,-0.021790154039152465,-0.05761844683605122,-0.06995539988732086,-0.0027249055418053225,-0.08636074439342528,-0.0029403379831117737,-0.07947469029602255,-0.00012178832779086157,-0.0009413645021892347,0.0,-2.7678096015837372e-05,-0.05195080293784643,0.0,-0.07820528818962874,-0.058163769860667014,-0.0767688079116014,-0.05868862368348049,-0.06327625221873562,0.0015694030450563723,-0.03524109456899438,-0.00283951946480826,-0.07626331957250387,-4.769335540022457e-05,-0.09032174298586193,0.00042609779705315987,0.0,0.0,-0.07146118674337004,-0.10541796927718661,0.0,-0.0632469205557134,-0.04495233675045429,0.0,0.00014939873648273094,0.0025501109690098667,-0.07524691001177397,-0.09065279112130342,-0.10046528506200642,0.001686994372422368,-0.11129664217080698
-0.025136855207833486,-0.016544525359062645,-0.025896519211542346,-0.07682963761906636,-0.016623836304341777,0.0,-0.047016883146026256,-0.018564985262524702,0.0012964919863872604,-0.0710745916433762,-0.02268885411633559,0.007891784987705708,-0.021938621573118988,-0.020714427506815347,-0.032723803391820794,-0.02483276728834044,0.0023938300407356228,-0.040619438435696265,-0.022375692470066655,-0.015090308506739147,-0.043985039373063306,-0.015440726205123767,-0.02308881998363499,0.021330483837620262,-0.021497540961008033,-0.020602562443284955,0.010572636130566138,-0.012039409294836989,0.025794143342421083,-0.03900100873824963,-0.06669577415360273,-0.06177764746730191,-0.04506059056643441,-0.05982931841990119,-0.0509964412438868,-0.06264769002245868,-0.05727854584159631,-0.06442614379221223,-0.03821490848981968,-0.0016092034538157662,-0.057837553350411575,0.007170409845996373,-0.05355802497390333,-0.03891227712548634,-0.0011500251319819799,0.0014270318210126143,-0.03744391236880129,-0.02985138129396825,0.0,-0.053581763638317514,-0.03176558938717561,-0.04885511692131489,-0.019868025938612865,-0.04208798147311704,-0.06459359960433264,-0.03889986329620998,-0.002434124735557708,-0.048701678995111075,-0.0035701933804773156,-0.04543419176808178,-0.033527456741394956,5.551115123125783e-17,-0.0013697082280849648,-0.052844261488071365,-0.06287792636845874,-0.028454502425662664,-0.05104484076064908,-0.012875867491112136,0.0,-0.047907751935121645,-0.03480260916980732,-0.036746574545014676,-0.05027586670194922,-0.05451420942084095,-0.05347534117082703,-0.050559904103718634
-0.05047214538627637,-0.05103003196780925,-0.07232710927489672,0.01718221553579391,7.031305336469007e-05,-0.047016883146026256,0.0,-0.06607170562470494,-0.02989224214112457,-0.016210579056101238,-0.06522234381804248,-0.005857398588176799,0.007997258711922861,-0.009692120724611841,-0.07743648751800486,-0.04362156181613891,-0.045585905632577584,-0.06172026095456595,-0.07062555900618056,-0.061303994260420935,-0.079335952751805,-0.0630267688012357,-0.07153373010569802,0.01856671504488161,-0.052060001786312315,-0.046031339110712444,-0.05833622368236596,0.028423398045826664,-0.044253648905674736,-0.039805512445585445,-0.023648476968540555,-0.0217697001794247,-0.03969739572746017,-0.020460185834511924,-0.006209836120577572,-0.014564884107413079,0.014925411838643432,-0.016458723377129503,-0.06578583482807016,0.0009548930687395818,-0.0793695257196021,0.0015737125351727999,-0.0823217574473829,-0.001863651279134959,-0.0005026264826557547,3.585515441051346e-05,-0.0696265667271947,-0.056465628612105245,0.0,-0.0784530132324614,-0.06558976647723064,-0.07530295597152248,-0.057647034351539395,-0.0617315630869254,-0.0015722129328005208,-0.047684799202377004,0.001570096808562349,-0.07661981190163619,0.0011604936136488941,-0.08426908758328844,-0.06806185149002703,1.1102230246251565e-16,0.00023536558872450097,-0.07261461039867906,-0.07809155509282784,0.0014450467529357747,-0.06790575856056158,-0.0536551028515182,-0.0020857470071494744,-0.07854741450187896,-0.05237581484165316,-0.07122564263916131,-0.07809591437435143,-0.07618994191678041,-0.08593870450063007,-0.08733584852998855
0.01351249076458777,0.0028187890175270236,-0.039412766781523945,0.02498908228937119,-0.055868722699286444,-0.018564985262524702,-0.06607170562470494,0.0,-0.054532635346502434,-0.01924435633386501,-0.02670228174950018,0.0021807091053566152,-0.06712598632132166,0.0177771846554457,0.056916912165915656,-0.0035599380608004605,-0.02157735898680524,-0.009839773652356998,-0.02110344125849195,-0.02320545853412176,0.011370168681200277,-0.003509687748448953,0.004656414071353976,0.027127039903153127,0.009984414609630066,0.01089350126840477,-0.01706713902284862,-0.046412072925137604,-0.02217188007623372,-0.03891324847977434,-0.054335286149525264,-0.031677448843301426,-0.014649525455669277,-0.053521449146126776,-0.06256023720708648,0.0036020293299597883,-0.0008455023761957392,0.004952241237427546,-0.06124737278019232,-0.0007108016153302144,0.008179716291838446,0.0008989880529515215,-0.0377974025411032,1.131305204105093e-05,-0.00021296070396042976,0.061977864202444666,0.0082767607937001,-0.03760451063294329,0.0,-0.048042594386213,-0.03712030403745559,-0.05786852672042303,0.0008041488082081161,-0.02219040491087465,-0.0003939065619560922,0.012972555819010467,-1.1102230246251565e-16,-0.061027606104116394,0.004071618493935503,-0.024375521653060728,0.006529501115940584,0.0,-8.210699138366806e-06,0.002650551849650462,-0.055641041409585035,-0.016250123407352268,-0.038253780729545606,0.0008355274672741664,-0.0003513083220986202,-0.012626771703630468,-0.0013317405597083054,-0.05104109100694121,-0.061318265700479435,-0.06715969931611415,-0.10108059994630214,-0.0620667856946755
0.002544375671259369,-0.03465396274903865,-0.02506215146251506,-0.06577268841820227,0.009894073855326091,0.0012964919863872604,-0.02989224214112457,-0.054532635346502434,0.0,-0.08570128405400362,0.014053624666280129,-0.06367995341445998,-0.04398215805955269,-0.04059138966318948,-0.05507375472217935,-0.04390375432957139,0.003984848678502684,-0.09479422157049266,0.029751399096833553,-0.04134935710016591,-0.05948469497747605,-0.034601446357353405,-0.051744262849925726,-0.07366254476482492,-0.06727821761138941,-0.05683430860598804,-0.02176639826342014,-0.07991097418146825,-0.045515752343326,-0.07763531667264967,-0.09783930286558196,-0.06843022885620392,-0.08772383517268595,-0.08603649272179259,-0.06690870223463052,-0.06760436033156247,-0.06189432363520786,-0.07392353068379309,-0.062146302642154205,-0.0012800154602826685,-0.06981280754129215,0.003067068551195762,-0.07788884053367595,-0.0013669359259049774,0.0008870319074683608,0.0,-0.06496084951682202,-0.06702345931589992,0.0013581492247408122,-0.05720245072083163,-0.04651120142013643,-0.05478024848800861,-0.05912971620228541,-0.050320170945931386,0.002941594537549941,-0.01595011618237646,-0.002056000404829339,-0.06949492847719185,-0.041240336449418824,-0.07589186554770466,0.0006791235933658046,5.551115123125783e-17,0.0,-0.058821071014727166,-0.09295840284832052,-0.0015379962504324385,-0.07151329169386017,-0.03322504066532739,0.00098605165796245,0.00018199691798220785,-0.05204135637409313,-0.06178251712233851,-0.06986327138231052,-0.07641820828293927,-0.059944153607207895,-0.05801309299113522
0.008237707958064167,-0.01699865638425785,-0.08353434801713111,0.011789048532349633,-0.053251928634686585,-0.0710745916433762,-0.016210579056101238,-0.01924435633386501,-0.08570128405400362,0.0,-0.09189659025294344,0.0026068353129927724,-0.02549934432944745,-0.04833245472614234,-0.04188026469323736,-0.005856646139292987,-0.0033666362143803252,0.0022157453518302783,-0.0861320409176417,-0.019483673352348962,-0.010919087061135702,0.00444698588560305,-0.06832930761647771,0.0064280356335232325,-0.003620374174599539,0.02282490631249473,-0.05530901760476581,0.01940578514047564,-0.023415969653626634,0.003314033619456813,0.001729140588632494,0.030236296054263645,-0.026513882806042055,-0.009632650209041638,0.011186369755093128,-0.02354475961921948,0.027817845924919593,0.002551432755857397,0.03753202545086737,-0.07435248128106242,-0.01195168387681994,0.0015960182261771094,-0.012937443945926441,-0.00035427581673197484,-0.03481486689307467,-0.02708858637377759,0.0022082185526381415,0.0008461218880025934,-1.1102230246251565e-16,1.6653345369377348e-16,-0.0695856164207167,0.00048117003037762007,0.0009720576583446272,-0.07329090397022275,-0.06416730692986272,0.002272840107576224,-0.05106113497474141,-0.03936563393687936,0.0,-0.0006129824265704298,-0.07246430837134388,-0.05951189522446987,-0.05260577383080006,-0.0004190824513790603,-0.018449755402347556,0.0004086034714477216,-0.09853550138234474,-0.0674662453577849,-0.021704976976956836,-0.0520719071715845,-0.04519440938085345,-0.0656045581454417,-0.05582375273781387,-0.06198682951154255,-1.1102230246251565e-16,-0.051877359546864676
-0.0004992113681112631,0.0006724940256628842,0.0021015580392545474,0.007974378432549445,-0.01210117964534263,-0.02268885411633559,-0.06522234381804248,-0.02670228174950018,0.014053624666280129,-0.09189659025294344,0.0,-0.07012900970452662,-0.08776569490554603,-0.014467584912522535,0.0,1.3440828541877448e-05,0.007454241388002103,0.0059007144841702885,0.00029216877156457155,-6.177228421333503e-05,-0.033965609832348365,0.0003655069515695053,-0.057458615624720016,-0.09235550498848555,0.007500135791333962,0.011724850343209525,-0.01703527877466704,-0.08730514325335681,0.003712044079337118,0.012573888738233507,-0.11274459558849848,-0.03374024056157898,-0.07512404551921126,-0.09651731119889417,-0.07509804073432219,-0.019395670493728145,-0.018918868174957915,-0.09311385259779781,-0.05579733969804085,-0.0007646063612750109,0.003387997403916765,0.0013629700507137854,-0.04818015397265779,-0.00041808804685572465,-9.348013177279402e-05,0.0,5.551115123125783e-17,0.06560625938589448,0.00010841123165800104,0.003014942893834638,-0.012507366708556789,-0.014867075895433124,-0.029498688050961952,0.025080388557536637,0.0008753266653592218,0.057175058066698536,0.002209538948734324,-0.0577368883227703,0.011720983408523955,-0.07657830111305602,0.0,0.0,0.0,0.10133023578060302,6.941120540893131e-05,0.0,-0.001710672166018723,0.021055392244161086,0.0,0.0,-5.165868525547346e-05,-0.009708251486779118,-0.06071773948582204,-0.14001208651203945,0.0007814843641160696,-0.08257081303231895
0.005083488924446766,-0.0006381907459891423,0.012250144221492565,0.006255934376351857,-0.04035623208170391,0.007891784987705708,-0.005857398588176799,0.0021807091053566152,-0.06367995341445998,0.0026068353129927724,-0.07012900970452662,0.0,-0.021228735180301828,-0.04858165238347267,0.0007358956561160923,-0.022437824837525988,-0.011086968733994174,-0.004607193329623505,0.009414059128528385,0.002029043119393281,0.020336656210226622,0.006471521576662753,0.006722284873392492,-0.0019356188748204106,-0.01095669353520451,0.021283481095512424,-0.05170144964449591,0.02247367985466292,-0.0019280267884146385,0.0018339542756311,-0.013144009925180555,0.06722774899718936,-0.005039566387080696,0.011656379213005497,0.01202821153767697,0.017087628392685128,0.060156331282816555,0.013730065161355831,0.07513049211647665,-0.06909015621637099,0.016725477464717142,0.047209954045299096,0.0034762736804150873,0.0008839562619201713,-0.0206829270067021,-0.011914592055500106,-0.07139787305352407,0.000609077029677052,0.0,-0.00042952565437215373,-0.004790817650090096,0.0015900935564435725,0.0,0.0015885352616257231,-0.053575616116888214,0.0003005506317571016,-0.034646892217122915,-0.02546676522914132,0.0,0.0006698150823578608,0.012250243432539831,-0.04750486766746964,-0.047693525124550495,0.0,-0.0007530670520242144,0.00013008529208324848,0.0035903168833674726,0.0004126923170751917,-0.00012252646389143695,-0.0432354599654135,-0.03688564895974744,-0.009059835645917003,-0.020207181958827702,0.002188037812285326,0.0,-0.04654223789309142
-0.05670205902167702,-0.04185296966217933,-0.08620970961829166,0.04312911866074687,-0.0182813610792118,-0.021938621573118988,0.007997258711922861,-0.06712598632132166,-0.04398215805955269,-0.02549934432944745,-0.08776569490554603,-0.021228735180301828,0.0,-0.023045307700665596,-0.06683641736990292,-0.037360863376199926,-0.03632339415028746,-0.048766130861940316,-0.0868475039986702,-0.04424060795876028,-0.06812229061716524,-0.05003949930867385,-0.06665038417602082,-0.030134429429878207,-0.04228770824745054,-0.040745766333599165,-0.05167134048324906,0.017933419048326682,-0.017614130170193865,0.001111459597434361,-0.028837437288978807,-0.03579416606730779,-0.05655196091964504,-0.03814680796725933,-0.027529454130030273,-0.03264602281243828,-0.020720796251398554,-0.027095869175025933,-0.06179910455954035,-0.03783214732762141,-0.08389458700755842,-0.08420643871218003,-0.08225756123883055,0.006255914911199811,0.00019360384446226453,-0.0005232624770006855,-0.05341669521885284,-0.06751057284696205,0.0,-0.08685767127330862,-0.06771622067334138,-0.07040204710180886,-0.05480046954095247,-0.06273079651338875,0.0027385632475330213,-0.0598682046313026,0.0026152719486638998,-0.07749950767899783,0.00021522789124223118,-0.06974476646029137,-0.050973396792405146,0.0021730155598357337,0.004200499726559059,-0.0785870883095367,-0.07027262717543903,-0.08490368360498035,-0.06173380029262865,-0.06172780671595696,-0.0013925664043942798,-0.07298372210156046,-0.051066968685323844,-0.06866720235605439,-0.07797312186979471,-0.07374476305068361,-0.08124456301794708,-0.08281756799985718
0.003997423694585001,0.0,0.02508056853180085,0.029451756273144614,-0.0009702227816722475,-0.020714427506815347,-0.009692120724611841,0.0177771846554457,-0.04059138966318948,-0.04833245472614234,-0.014467584912522535,-0.04858165238347267,-0.023045307700665596,0.0,1.7036102636702743e-05,0.0,0.0,0.0,-0.016846860124411334,0.0017690588236286553,-0.008563545450023025,0.00348623666062009,0.007962367469142195,0.007343801188545052,-0.0001058310108044136,-0.00461790132546358,-0.016591928259535038,0.02420873050727318,0.0068964608571063235,-0.00048662757703088477,-0.07774873058023801,-0.0074483531631915345,-0.0008825234984318198,-0.07030149445504535,0.0022529531590831375,-0.010044727627766148,0.01569149721454452,0.003755267110841065,-0.037015092204529476,0.0,-0.0022165500933600812,0.0,-0.0005952143323617598,0.0,0.0,0.0,0.0,-0.02298450692747034,0.0,-0.03522831296013035,-0.04003874771809518,-0.0631093354796125,-0.003010261040303275,-0.024987275880151705,0.0,-0.012739178648402905,-0.0004539989301471925,-0.07232202134357812,-0.012959551142930681,-5.551115123125783e-17,0.0,0.0,0.0,-0.05447934222403511,-5.2956666749204295e-05,0.0,0.0,0.005838088604356861,0.00039443673728511985,0.0,0.0,-0.08046688344596353,-0.09124571748700838,-0.11051774533426134,0.0,-5.551115123125783e-17
-0.0037972377376959687,-0.016729938094663666,-0.00025662699189810123,0.0016647555498346955,-0.04013250241097316,-0.032723803391820794,-0.07743648751800486,0.056916912165915656,-0.05507375472217935,-0.04188026469323736,0.0,0.0007358956561160923,-0.06683641736990292,1.7036102636702743e-05,0.0,-0.021872296813247427,-0.04907238657588536,-0.03320163216742772,0.0,-0.04027077797554035,0.0034020926604161894,0.03134016836241893,-0.02664763858335467,-0.020573898445007954,-0.024587198009925704,0.0431562889137761,-0.0051097461376273245,-0.04000397855364496,-0.04153177559911386,-0.0829910750799207,-0.03400097049456369,-0.03940958749896678,-0.029567149625524314,-0.04189003051163637,-0.049682567894545004,-0.09550141230600379,-0.07116480496213035,0.000923829479010152,-0.03881051455665291,-0.017357898557508022,-0.03809078405374533,-0.03926685672387292,-0.06590306154012116,0.000659283860512283,-0.002825480640084199,0.0001614755102434251,-0.024525553107067333,0.001736146366788427,0.0,0.0,-0.04276795429527408,-0.06728486931392919,-0.0385030511106107,-0.04266482246507358,-0.0002457445653598622,0.0,-0.0002149442105766064,-0.06853346597032989,0.0,-0.010934050444364352,-0.017689395098463512,-0.0001904557943571139,-0.04675348929590639,0.0,-0.048504456879565616,-0.002194799743852005,-0.0286248363954274,-0.036228425061931524,-0.0022230610505499238,-0.043656603054497534,-0.007457313473970384,-0.04918165006338243,-0.07835167350186883,-0.05850013771389284,-0.09939883077609074,-0.03729149636589835
-0.044966630076420044,0.0048171889223528885,0.003912098620080684,0.0,-0.052398250309742156,-0.02483276728834044,-0.04362156181613891,-0.0035599380608004605,-0.04390375432957139,-0.005856646139292987,1.3440828541877448e-05,-0.022437824837525988,-0.037360863376199926,0.0,-0.021872296813247427,0.0,0.00445945514114543,0.018918198497823335,-0.0006911507264935612,0.01016424068176508,-0.030861794355033723,0.028806304835321428,-0.02599429691091293,-0.041882588595019477,-0.008753812585264142,-0.01361309285072626,-0.028175963622177336,-0.012884533794185082,0.014317396700401441,-0.006860436899258748,0.0013818792771149724,-0.003930286752096279,0.002853184996843061,0.005362511130441672,0.006113473327418684,0.028211303777627095,-0.0007338604012865346,-0.0032087829000461143,-0.04425338286584002,-0.04629042911976278,-0.04494789869634269,-0.04338924528798127,0.0012689701339694825,0.0,0.0,-0.035988110301058474,-0.03517350561750582,0.0,0.0,0.0,-0.04164790566771892,-0.050543369912128655,-0.005398188251088731,0.0,-0.08132796516877144,0.0,0.0087463856183711,-0.05689461259895551,0.0,-0.020613085701558564,-0.03380380641126712,-0.07683816664421345,-0.04897972684659713,0.0,-0.062116289542176406,-0.03467642131095344,-0.03391003603438503,-0.040456759785408136,-0.0479336866891365,-0.04919135249053547,-0.03139025452715499,-0.036533137985372666,-0.09209656779051328,-0.05527997571107379,-0.00012612492753116822,-0.03934841409390799
-0.03131450837607824,-0.027175290250637696,0.0019726984301401407,-0.00011491011870129464,0.0028720915657390322,0.0023938300407356228,-0.045585905632577584,-0.02157735898680524,0.003984848678502684,-0.0033666362143803252,0.007454241388002103,-0.011086968733994174,-0.03632339415028746,0.0,-0.04907238657588536,0.00445945514114543,0.0,0.02857477440434225,0.002042587427188547,-0.023981609447913776,-0.033550024753266794,-0.013112389740978891,0.00431698774949002,-0.01922834687905134,0.015672327886917248,0.0028673506669963933,-0.0017955449860523331,-0.01708363716940553,-0.026162513422364364,0.003379598496601577,-0.004741765096259898,-0.0064715184412849625,-0.02857511227057208,-0.015712478070509572,0.014748771530837701,0.0012207294191858287,0.0007119653402112291,-0.03125379354554114,-0.04320644922256739,-0.07246902542686984,-0.054667392868955056,-0.02854003536549815,0.0,0.0,-0.07969711186911271,-0.041473119977039286,-0.07576149451654118,0.0,0.0,1.6653345369377348e-16,0.0006533217847110029,-0.00016020402919242338,0.0,0.0,-0.06843379252952803,0.000284319147101586,-0.053714043125767996,0.0012069054356501074,0.0,0.0,-0.0511699662897821,-0.058605978203493,-0.054159566486609245,0.0,-0.00014315890787269803,-5.551115123125783e-17,-0.06238216482013148,0.002550605507648851,-0.02704612656420896,-0.047467578913468145,-0.04148417275313282,0.0,-0.04068380673270422,0.0011816502419684238,0.0,-0.06247002076423186
-0.03815978780722035,-0.0038686271052193466,0.0021658277352998856,0.0,0.004677392036340933,-0.040619438435696265,-0.06172026095456595,-0.009839773652356998,-0.09479422157049266,0.0022157453518302783,0.0059007144841702885,-0.004607193329623505,-0.048766130861940316,0.0,-0.03320163216742772,0.018918198497823335,0.02857477440434225,0.0,-0.0002168619801329319,-0.03212826371970984,-0.029233921049976463,-0.018481409382701264,-0.02185249839809711,-0.027999369606970026,0.01399437522560426,-0.005898969773289187,-0.043158025484073825,-0.031313833902800736,-0.023604454579984835,-0.031228144378546985,-0.01548573737929948,-0.011711639140038033,-0.026622937690369053,-0.012690699894133406,0.0028155376717190483,0.0020707878042928174,0.0,-0.02512056726683165,-0.04632201877762271,-0.051554622740836054,-0.04865920975254562,-0.04505927259321546,5.551115123125783e-17,0.0,0.003061782773973565,-0.044488962522126974,-0.04895340144821453,0.0,0.0,0.0,-0.0733558341877632,-0.0009486252634771097,-0.007137902191707901,0.0,-0.07125554545293256,0.0,-0.05649332390175166,-0.05057026570019668,0.0,-0.05823695586115574,-0.04358558468902923,-0.06822258218390981,-0.055263561389125915,0.0,-0.05968852929391549,-0.021989612779051815,-0.04499318033287991,-0.041948592126656914,-0.04180323178149514,-0.04996744549859489,-0.04424839340866349,-0.01189152422526879,-0.06424166962963901,-0.06516271851002226,0.0,-0.05177586190571759
0.0,0.0014009206030520804,0.021034698485777215,0.013108076693672588,-0.022013768837055803,-0.022375692470066655,-0.07062555900618056,-0.02110344125849195,0.029751399096833553,-0.0861320409176417,0.00029216877156457155,0.009414059128528385,-0.0868475039986702,-0.016846860124411334,0.0,-0.0006911507264935612,0.002042587427188547,-0.0002168619801329319,0.0,-0.0014431739059377335,-0.0009306401553095256,-0.057881290833750154,-0.02089198611324944,0.004518053526184118,0.004471109164604248,0.009487367352686682,0.006877574596942382,-0.08615303069940727,-0.07817081067823733,-0.08946294998495513,-0.10389204585980305,-0.06065464893364558,-0.06563456074469515,-0.08783478323488864,-0.0689995109308677,-0.045791020716666186,-0.06356698044992498,0.011066831077978123,-0.03128007088328,0.00042012198760810193,-0.046800718096379035,0.001520133998836104,-0.06390912933513188,5.551115123125783e-17,-1.6653345369377348e-16,0.0,5.551115123125783e-17,-0.19978365624447014,0.0,-0.030527748719870518,-0.04386320054685172,-0.029674438228061928,-0.026471483427487896,-0.04650420086646728,0.0006864514666983235,0.07451579675303438,0.0010309391436565396,-0.05035400734666695,0.0033864720083390254,-0.00027376219156166615,0.0,0.0,0.0,0.00744851310974648,-0.0007849376164955069,0.0,-0.0010727117342188008,0.010453463332291468,0.0,0.0,0.003041853098602665,-0.05343133446629822,-0.0550152181946999,-0.06757875054262408,0.0018455264131660432,-0.040117011073063535
-0.048331199131041835,-0.009521573139558814,0.008670029263357137,-0.1241452018233209,-0.05980531011934764,-0.015090308506739147,-0.061303994260420935,-0.02320545853412176,-0.04134935710016591,-0.019483673352348962,-6.177228421333503e-05,0.002029043119393281,-0.04424060795876028,0.0017690588236286553,-0.04027077797554035,0.01016424068176508,-0.023981609447913776,-0.03212826371970984,-0.0014431739059377335,0.0,-0.04091073452723204,0.021527762224059166,-0.024933138083179984,-0.021215253549500823,-0.021837082126700713,-0.0103537969830374,0.009210370335658746,0.0014043130630483902,0.028261329903262633,0.026825329552001398,-0.01026752957139232,-0.03861185183488536,-0.05122840411633606,-0.030149556378193387,-0.044619514777781144,-0.06256210665126066,-0.07292966208407548,-0.005684833803838274,-0.0660003310304163,-0.0553865709459016,-0.07716944466560066,-0.06567058028615097,-0.08965856022681423,0.0005037310029651909,0.0004613373459586567,-0.02887039508773498,-0.04815131715619536,0.003005177439749873,0.0,0.0017758118692713931,-0.07082512030016752,-0.07647003603050928,-0.05080562830753099,-0.08003031219846612,0.0012886138953071002,-0.0017306843844408504,-0.00029451605064173547,-0.07498545767641895,0.0,-0.05108538339435137,-0.04606376725176936,0.0005231087241748256,-0.059244345466260784,0.0007567683088234856,-0.06402658140160006,-0.05158438937396059,-0.047697493069300156,-0.06050889640734147,-0.002252218860342825,-0.052351539308391704,-0.04246521580223234,-0.06305803758814027,-0.08109102509164806,-0.07325151022777276,-0.09129324240264625,-0.07201290734226418
0.0024349621179072245,-0.027523281234633934,-0.052930149180345276,0.00012929427004593208,-0.060147521228951895,-0.043985039373063306,-0.079335952751805,0.011370168681200277,-0.05948469497747605,-0.010919087061135702,-0.033965609832348365,0.020336656210226622,-0.06812229061716524,-0.008563545450023025,0.0034020926604161894,-0.030861794355033723,-0.033550024753266794,-0.029233921049976463,-0.0009306401553095256,-0.04091073452723204,0.0,-0.03021215980371439,-0.009635487745497162,0.01919076496688049,-0.014461062952986048,-0.000864438293691816,-0.027657644077561938,-0.042703056028923325,-0.03332701382056097,-0.030253624675100343,-0.042335160937143734,-0.042169953375299996,-0.04271113222115647,-0.043443450182679255,-0.059239312358233986,-0.06053298157011333,-0.0410344677142519,0.005604827251935007,-0.05827174773877575,-0.04111997239905113,-0.0534605220823286,-0.06359642962572337,-0.026626073481116508,0.0,-0.0002493989737308855,0.0619897212452068,-0.024524192768669795,0.0017783765460243073,0.0,-0.00019374375504721542,-0.038302541003426394,-0.052961888369071564,-0.0008349887463623418,-0.028749197953775563,-0.0012379124812200715,0.0,-9.397019153201125e-05,-0.055202872017978244,0.0,-0.026253437688984194,-0.021134135675340615,0.0,-0.030283978119451826,0.0,-0.04956903296890797,-0.014853126225168545,-0.045944307166089327,-0.022967913711752663,-0.004803380098120313,-0.035236773489280004,-0.01427949966507075,-0.03178057325449768,-0.06427696514275527,-0.06332467590836033,-0.07612104546451887,-0.05801916791666489
-0.023916741678738085,0.016242627279617228,-0.04940956188325163,0.003182213891832153,-0.06432723948614744,-0.015440726205123767,-0.0630267688012357,-0.003509687748448953,-0.034601446357353405,0.00444698588560305,0.0003655069515695053,0.006471521576662753,-0.05003949930867385,0.00348623666062009,0.03134016836241893,0.028806304835321428,-0.013112389740978891,-0.018481409382701264,-0.057881290833750154,0.021527762224059166,-0.03021215980371439,0.0,-0.03310147423557658,-0.011908582290894587,-0.00941385490655966,0.016697998881480935,-0.009259622765595055,-0.00548959455229342,0.019756404709847297,0.010008612309175158,0.015594033633887838,-0.022121248960673634,-0.001236430156565882,-0.004748558182538831,-0.022221256792298638,-0.02751363856430289,-0.0459333046519137,-0.0008588026132951843,-0.04054741775834675,-0.023019075924540278,-0.03540815417425475,-0.03640777768149206,-0.025985253549166865,0.0,0.0026567496762062714,-0.03229105504093488,-0.032444367808018626,-0.06298469468540074,0.0,0.00012205143985050126,-0.03944583617067415,-0.046332842566055354,-0.03340189997531762,-0.047668012086792666,0.00335939399806251,0.0,0.002304452222249176,-0.047211782154519655,0.0,-0.020755203356881358,-0.02032738112823812,-0.06926166731624833,-0.04144821200426846,-1.1102230246251565e-16,-0.051146479100063424,-0.032025605040987726,-0.029465704102301427,-0.04099034993833711,-0.008741424249817276,-0.04235721659046837,-0.023276847226075537,-0.04396972390515225,-0.057158130909948535,-0.05373803892053508,-0.08824037904365939,-0.033872962076206214
0.0055766324719842,-0.013051469272549854,-0.04873419372802784,0.010470066200195582,-0.056477905951736185,-0.02308881998363499,-0.07153373010569802,0.004656414071353976,-0.051744262849925726,-0.06832930761647771,-0.057458615624720016,0.006722284873392492,-0.06665038417602082,0.007962367469142195,-0.02664763858335467,-0.02599429691091293,0.00431698774949002,-0.02185249839809711,-0.02089198611324944,-0.024933138083179984,-0.009635487745497162,-0.03310147423557658,0.0,0.011030232898943115,-0.007372063887563396,-0.0013951000147909842,-0.005632906289961825,-0.0467769661679443,-0.02566369753883102,-0.04053716031832344,-0.05899216839819077,-0.05532269056621325,-0.059807188973884595,-0.05978988441109634,-0.05985919839243242,-0.03196367998862143,-0.0542586051087825,0.0013574565579195785,-0.03764989697689736,-0.046395361328575635,-0.05612404920216574,-0.05418180342097878,-0.034704050329481484,-0.04687028736847898,-0.005521011785421082,-0.005769470745136451,-0.026117958413484688,0.02622683870098219,-6.032221064289356e-05,-0.028552738629881058,0.0010417407803833267,-0.02866701324887644,0.0253922426425941,-0.004340421940308037,-0.04846041014401031,0.025087433510225743,0.04618950848902703,-0.04456995752927706,-0.01838187753205167,-0.042303001027521214,-0.003790313521808142,0.0013005491074972175,0.006696696759094678,0.020931715015043983,-0.04630511349039257,0.011126674045862539,-0.050412446882895035,0.026039495669658574,0.0011858345912192925,-0.0030477070853365262,-0.02421133456069624,-0.015959310970896146,-0.052263303802889904,-0.056515415641530675,-0.06159114683500738,-0.03576233369167414
-0.0007717068107631619,-0.032674464689183225,0.000763215675240625,-0.004595993837645529,-0.07303472323112176,0.021330483837620262,0.01856671504488161,0.027127039903153127,-0.07366254476482492,0.0064280356335232325,-0.09235550498848555,-0.0019356188748204106,-0.030134429429878207,0.007343801188545052,-0.020573898445007954,-0.041882588595019477,-0.01922834687905134,-0.027999369606970026,0.004518053526184118,-0.021215253549500823,0.01919076496688049,-0.011908582290894587,0.011030232898943115,0.0,-0.0033179198393715748,-0.0015930351040300827,0.016589634237913098,-0.0011704210517557434,-0.020642717622821882,0.004224020585889887,-0.025202120693009977,0.021669079339679376,-0.010973812463614174,-0.008086708157960976,0.018894236783792595,0.014383690797604931,0.06920005123406742,0.0011224781392083494,0.04439926975211883,-0.039971510287187484,0.0008398779357949304,0.023573465184528963,0.0014648490836636219,-7.253897415632204e-05,0.01108683450442216,-0.009019698217146321,-0.04611708044514762,0.0001293930724613479,0.0,0.0,-0.0012882478746744086,0.0005265771642466999,0.0002463890443851757,0.0011185667960127432,-0.03634698103998024,-0.0012384703936086927,-0.010954596824254648,0.003969584779306368,0.0,-0.0018282516379898306,-0.03351508811753817,-0.0380849938146397,-0.03371291059190745,0.0,0.0008910057278997408,-0.004318316701910241,-0.043181501188364724,-0.0007214372187128171,0.02718846996245544,-0.029619972768086922,-0.024749163559034004,-0.0012388072059036914,0.02947584139368914,0.0026946170694190363,0.0,-0.043371286612567006
-0.018623952343910954,0.03927136636900708,0.006300908915921111,0.0,-0.06823105214159486,-0.021497540961008033,-0.052060001786312315,0.009984414609630066,-0.06727821761138941,-0.003620374174599539,0.007500135791333962,-0.01095669353520451,-0.04228770824745054,-0.0001058310108044136,-0.024587198009925704,-0.008753812585264142,0.015672327886917248,0.01399437522560426,0.004471109164604248,-0.021837082126700713,-0.014461062952986048,-0.00941385490655966,-0.007372063887563396,-0.0033179198393715748,0.0,0.02079687107174516,-0.021828357737174786,-0.01754738711673398,-0.01009946013997598,-0.02638428868680115,-0.010993369171608425,-0.0074302410189784895,-0.024255627769452115,-0.013348654669154858,0.002904249483035748,0.006565155838080983,-5.354042370597778e-05,-0.033578140902812414,-0.03783891650043736,-0.04364847488492685,-0.03916680067538936,-0.02944707401708091,-0.0009652274727861565,0.0,-0.06734724112417795,-0.023371558157499916,-0.041023577468632,0.0,0.0,0.0,-0.051991663880552486,-0.050390746955917276,-0.014109426349725285,0.0001181428067709156,-0.06271409007708773,0.0,-0.0501372793848579,-0.05077102464112443,0.0,-0.039655230193028856,-0.03629910395196029,-0.0571788900079212,-0.044793693007534274,0.0,-0.05064442186846091,-0.028309184772288054,-0.044502461702006835,-0.021492275479627454,-0.019826179052359394,-0.04111441147044209,-0.03328652696990775,-0.020310719230275942,-0.051610558797482275,-0.053925362302460034,0.0,-0.04233350437866645
0.0002070306016931367,0.018829668960105128,0.01231163110864164,0.0027872245779403393,-0.052401773348779046,-0.020602562443284955,-0.046031339110712444,0.01089350126840477,-0.05683430860598804,0.02282490631249473,0.011724850343209525,0.021283481095512424,-0.040745766333599165,-0.00461790132546358,0.0431562889137761,-0.01361309285072626,0.0028673506669963933,-0.005898969773289187,0.009487367352686682,-0.0103537969830374,-0.000864438293691816,0.016697998881480935,-0.0013951000147909842,-0.0015930351040300827,0.02079687107174516,0.0,-0.015403974463844838,-0.02148736697052428,-0.011389151653456497,-0.028424825273116905,-0.007304980761061952,-0.010419926147406056,-0.020322402854892285,-0.012711989331670503,-0.01817631011732429,0.009415867371111053,-0.03308139833741941,-0.023257360186434428,-0.037024093304932004,-0.04113493282917147,-0.03524659405390956,-0.038682402006186056,-0.00727512133232322,0.0,-0.04182937533237102,-0.012615642541055905,-0.023030341004622368,0.0022828129303970046,0.0,0.0006433257636659917,-0.02065187057770035,-0.036748825556774056,-0.003646232858605991,-0.029571158417591448,-0.051083209694265774,6.8187173615785746e-06,-0.03837215973942537,-0.025450922912658214,0.0,-0.004748655656615419,-0.016853161591431298,-0.04358735705386174,-0.03565090942283211,-5.551115123125783e-17,-0.047033828586378335,0.003045035822200781,-0.022554327769321758,-0.013470118621429716,-0.01248783367551537,-0.03214963494601536,-0.026355328840484415,-0.03671032853151612,-0.047006864323406894,-0.03720760628744668,-0.06560460609589575,-0.031889028306135825
