0.0,-0.005888481522331623,-0.07348591421560063,0.0,-0.00029266824912366207,-0.03816258001263895,-0.006355136237736869,-0.002500421754205562,0.00534991533241802,-0.008270532687202792,-0.0003700865846320567,0.0036284948772066783,-0.019133263066244688,0.003335764599495361,-0.002495053371155853,-0.01679972454309986,0.004443874865317998,-0.037919562076762836,0.0,-0.007786520402183805,0.037497116090416394,-0.001395125113416551,-0.024838028429197467,0.018519320647648718,-0.013544700566267387,0.0027475200325065563,-0.02156268007258727,0.008988809494983152,-0.0182675640438843,0.007818159831063098,-0.010531301926866243,0.043703888325653806,-0.01122341113907116,-0.003995435544953463,-0.0024860244029913936,-0.01938527122182676,0.0,-0.0033680964710781636,0.009370129635957625,-0.019703604899114047,-0.026724922433456144,-0.002366063725375067,0.0,0.0,0.013825010093216294,-0.022949141706365028,-0.037900796780542756,0.0,0.0,0.0,0.0007077199139115531,0.0,0.06868745381406977,0.0,0.014385267752115294,0.0,-0.013059704996205235,0.0008880750556715666,0.0,-0.013012792108746285,-0.027172272705900447,-0.006869117110481715,-0.025341489380030058,0.0,0.027687737398205958,0.026709137564300656,-0.03316687944858815,0.008869953683314447,-0.028642919881649576,-0.04264301761650563,-0.01894822966759424,-0.01191986027911951,-0.00012347577685983824,0.006344727518024729,0.0,-0.03702952034793361
-0.005888481522331623,0.0,-0.026830423333280784,0.0,0.000523428064584941,-0.019939640826394545,-0.016884153456223516,-0.04781511905164526,-0.03588398917480362,0.002621648088279138,0.000204343838752008,0.0021523024357069653,-0.02573355182034559,0.0,-0.006266787926246187,-0.005742884537665027,0.004130399602249757,-0.03402738882213846,0.00021354501557574457,-0.012658377248685349,-0.008773318169538857,0.0002954955612330945,-0.02184595161817221,-0.004008185744184212,0.0019862928792527823,-0.0011347317521377964,-0.014833056784755272,-0.017843540474426545,-0.014767492079329647,0.007068975408551392,0.01668896710573531,0.05866996461109997,0.0009645284085479933,0.01825000526562487,0.011951176204132552,-0.004914936005303405,-7.409418123827116e-06,-0.0008434018847772173,0.00805696511530013,-0.016355290886348794,-0.01227498846809466,0.002406952743505497,-0.004735293259778062,0.0,1.7533528908431073e-05,0.005907593964157021,-0.006067574993503633,-0.0011110681044304571,0.0,-5.551115123125783e-17,-0.010578095330065596,-0.0015527671715138691,0.014874071497779362,-0.000906453690991571,0.003206206113812504,0.0,0.002132474363674808,-0.012150434459164083,0.0,-0.023337846507476112,-0.0049437982025995475,0.003704796800524157,-0.02267744441957642,0.0,-0.024786668320169514,-0.0028148669790336034,-0.0024735842974995537,-0.012593040339550388,0.00816367768187709,-0.035074082545533014,0.004034719685274024,-0.015678324196030602,-0.016997945658587643,-0.012018660488945232,0.00035199450912509755,-0.005606496985677445
-0.07348591421560063,-0.026830423333280784,0.0,-0.027210679803127524,-0.01258925034843078,-0.015427284725482437,-0.022435057313127282,-0.039965700353541245,-0.052287264107874376,-0.03534993872505532,0.017732339569970834,-0.022051725016231094,-0.04579820763955039,-0.01780915872406169,-0.0012843235237814943,-0.038785812294637234,0.0008727684431124039,-0.08759364559458027,0.01926174448628959,-0.039188980712276944,0.0021035762579939554,-0.03639179690857064,-0.014853309862799202,0.0009023604700204024,-0.038471522297410854,-0.02994187586085445,-0.036405957626304886,-0.045814107325967024,-0.057621663404712364,-0.03282269663887205,-0.04440325964436154,-0.051553232309408725,0.004193303991690822,-0.05235316666633533,-0.03445295005896115,-0.037231012056652246,-0.036138954712854165,0.0021377122825471107,-0.07039876220382907,-0.00013920317336973964,-0.07771423620183948,0.001438660649976109,0.0020123345283227234,0.00010590249923758677,0.0002194223188683453,0.0,0.0002656446139226998,-0.05780726473120956,-7.605685150136043e-05,-0.05361491149813452,-0.03947430774304861,-0.054787364510737235,-0.043156223520857184,-0.023019000073383977,0.002274231284839723,-0.09967020381382391,-0.0008907712374323085,-0.065431430040363,-0.07625475499041473,0.0024014314045286977,0.00013337176004096785,0.0,0.0,-0.07165397322235295,-0.0018276808772056397,0.0012259865566882633,-0.00449204095568384,-0.03543216818285555,0.0,0.0,-0.00041061182142393404,-0.07942112124296141,-0.07911590078324432,-0.06678045207009015,0.0008156712715714498,-0.08724976877263252
0.0,0.0,-0.027210679803127524,0.0,-0.012697737262268749,0.0035710276423822074,0.006412327038166354,0.009528860130005035,-0.01208969861080611,0.014950541614882573,0.005584513432963845,0.0043687922906459065,-0.03969032846216625,-0.012368373316572756,0.0004393317911353112,0.0,5.54388995490096e-05,0.0,-0.003067495309657775,0.0018200048257553947,0.0002560968368287009,0.0032653974741453373,-0.008993327132410411,-0.004207842500409786,0.0,0.0015981260887349968,0.030887853894337403,-0.03268571943663573,3.7794828358694854e-05,5.393054118241203e-05,-0.05083556518979926,0.027226338837982256,-0.0047408096562086555,0.008821377166029376,0.03587002748535445,-0.027110078256948528,0.004835620941836288,0.00016976264208712344,-0.00037245587708134575,0.0,-0.00020986171917086738,0.0,-0.029436784079218126,0.0,0.0,0.0,0.0,-0.009403917550297625,0.0,0.0,-0.0005737079155971325,0.0,0.0,-0.031105645368332324,0.0,0.02253860318515577,0.0,2.6496173964773995e-05,0.0,0.0,0.0,0.0,0.0,0.0,0.0,0.0,0.0,0.0012721081352262131,0.0,0.0,0.0,0.00045215511143714693,-3.4499034508139736e-05,0.000872427693385136,0.0,0.0
-0.00029266824912366207,0.000523428064584941,-0.01258925034843078,-0.012697737262268749,0.0,-0.03727046691445679,0.013464729126076602,-0.0322151111662583,-0.021426367581470096,-0.0066560423810004266,-0.0030999062364253094,0.010606385357988746,-0.005772125227302638,-0.0053143888410218665,0.000729181791632949,0.004224167454607186,0.0015981552256071896,0.0038430432091141054,-0.015306247535371076,-0.04767128168505291,-0.049963125858795865,-0.040482051088060855,-0.04312970430915436,-0.0005306456625589484,-0.045639073337251646,-0.0051885456454320855,-0.016449710504425452,-0.009171884912830996,-0.05684135145379221,0.005011780341954208,-0.023711460029834708,0.011770079099496455,-0.00881870498273074,-0.023285909965413965,-0.01739649617005523,-0.0366883168584701,0.05327603749052995,-0.008462236075907348,-0.0739238267468072,0.008188105169209925,-0.10221270566675916,-0.000385006836054691,-0.10321046763007086,-3.700656580768458e-05,-0.0006768558793423529,0.0,-8.763997326893813e-05,-0.0764925867795303,0.0,-0.07803322096473891,-0.07405395810439702,-0.08157010545625692,-0.0714435844598249,-0.07702535673411343,0.0015868827092655469,-0.05140882841142497,-0.0020669722636239563,-0.08881497333269694,-0.07650768568721533,-0.00015290739244860907,0.00012947395249757188,0.0,0.0,-0.09701585808611013,0.0032726619625826348,0.0,-0.0025321088465202757,-0.07128134013696186,0.0,0.00014069256998111568,0.001249345310214478,-0.07371031346006596,-0.09265860095616879,-0.09024042476041516,0.0013766497062823735,-0.09752862669181622
-0.03816258001263895,-0.019939640826394545,-0.015427284725482437,0.0035710276423822074,-0.03727046691445679,0.0,-0.0369299441135868,-0.09009581263193611,-0.025322977699155425,-0.013051352976556296,-0.04330204040002056,0.007836541094705052,-0.050998822358902074,-0.045356809636946605,-0.05001098041942298,-0.03256210460842207,0.0006754532632048393,-0.04617867421194477,-0.05182234721441953,-0.038273510634373065,-0.05846802184248556,-0.031529826036819086,-0.05565537938089532,-0.010335139158492601,-0.017558112403373793,-0.016760086059338486,-0.0433323097937478,-0.05050255112140539,-0.03386417347629411,-0.042722771776731894,-0.03143411186979195,-0.003025942257040559,0.0053925599244670774,-0.0217298005227613,-0.007783897878377188,-0.02524464991470443,-0.04356967378336857,0.003085869332926705,-0.06524027104837138,-0.0016629451961397423,-0.06796931291876684,0.006652389984830198,-0.12269315947239007,0.003958212897599955,-0.0014078461279596888,0.0007318055299806447,-0.013624313285596712,-0.07345352393754062,0.0,-0.07102001802560587,-0.07910017289928961,-0.08711339533796902,-0.09197145626724756,-0.0785090483029211,0.004716642599000509,-0.07216295614976231,-0.0021904868789652254,-0.08353411072398353,-0.0028130064780146347,-0.03406475395625408,-0.01425578748935491,5.551115123125783e-17,-0.003217004826421066,-0.09068023222615007,-0.05995822733992079,0.007804379270959616,-0.02863228087937769,-0.08083370165775805,0.0,-0.02959429988492429,-0.012270879530431045,-0.06860055182734903,-0.0813548183742896,-0.06623053904165066,0.010190444892258621,-0.07152712332090633
-0.006355136237736869,-0.016884153456223516,-0.022435057313127282,0.006412327038166354,0.013464729126076602,-0.0369299441135868,0.0,-0.04741531679625055,-0.0022192225625481954,-0.007003922028101073,0.008001194447202042,0.013680237935112693,-0.010189299003447227,0.014362756476730076,0.008626922837779993,-0.025290138969123577,0.0012276066726428225,-0.024092907795185414,-0.021580526962320545,-0.021546226613162023,-0.031524854086408816,-0.02309924814485531,-0.04168817203989006,-0.02026184234194567,-0.009708948283374041,0.00028194300252504245,-0.031659218978350834,-0.027803587659285367,-0.01976131363400213,-0.00615522667455165,0.001525778067071215,0.0007697822687451339,-0.0025001907926595623,-0.013678251842049127,-0.008806463806796061,0.011499124105214975,0.010468004715609325,0.02929285952417232,-0.04593133862948229,0.0008522250830505507,-0.05925350858040751,0.004103977801305558,-0.09355225893439961,-0.001526458344252024,-0.0008668466413738196,-0.00010995363645216472,0.0020723294531077574,-0.07643021069369016,0.0,-0.06279194989684067,-0.06853523611844364,-0.07830714477921452,-0.0670477150039363,-0.06978298599197769,0.0001281154305909915,-0.06253133223807267,0.02764454951790568,-0.07216761503380431,-0.037338527453052106,0.003864454347597024,0.001892406756553,1.1102230246251565e-16,-6.41896002602782e-05,-0.08882626954448053,0.008165442594665173,0.0019962175653189806,0.003744428168303504,-0.0668554340940542,-0.0021442684075062557,0.0023381836654259858,0.011281438869372828,-0.06270524782849723,-0.0761290828656801,-0.05113397749182125,0.005394888189242164,-0.07459551262337016
-0.002500421754205562,-0.04781511905164526,-0.039965700353541245,0.009528860130005035,-0.0322151111662583,-0.09009581263193611,-0.04741531679625055,0.0,-0.0696673255998318,-0.04032002057621126,-0.02074101615335966,-0.010938832436722279,-0.050682496708423896,0.03084275833005745,-0.018039020363292635,-0.0258278751557226,0.012911604569482926,0.0118629190338424,-0.043721480211952046,-0.019075656091040838,-0.011569732619627848,-0.031761252754020364,-0.020130555857942822,0.007688371468554278,-0.017750191873079024,-0.021759799205361086,-0.04240220720628285,-0.015709078368726592,-0.027498301752781784,0.0283715475452212,-0.0008337427053693447,0.023113833893733116,-0.008564612046768172,2.538089619735784e-05,0.022274524052900313,0.03299463091642929,0.04686814003804585,0.0043260916893628765,-0.0417946185666872,0.0009258299377533641,-0.04831706072587455,0.001955928790686956,-0.06738762704628626,3.43758069792921e-06,-0.00016219706566267256,0.002075481103718413,-0.03243350530189243,-0.04745763135714953,0.0,-0.06741688728696338,-0.03797017237131728,-0.056990873337727344,0.004745100289931081,-0.05138700192651918,-0.00020033603606534056,-0.04940434737798144,-1.1102230246251565e-16,-0.05151005963914279,-0.037731577122796844,-0.013544782611150108,0.006142934681317713,0.0,-1.108705898000828e-05,-0.07871888267260835,-0.058339627686625484,-0.016493993912725602,-0.036379389260369877,-0.02507129202553371,0.0003009238617704968,-0.05413449265820136,-0.029314078847693825,-0.05095698168110707,-0.05296057742816479,-0.038956495860749674,-0.04967763057246999,-0.04171493313719726
0.00534991533241802,-0.03588398917480362,-0.052287264107874376,-0.01208969861080611,-0.021426367581470096,-0.025322977699155425,-0.0022192225625481954,-0.0696673255998318,0.0,-0.025790349603429075,-0.01769981449260516,0.01101761591204875,-0.023461501211735347,-0.021959171156764767,0.00048758628699441253,-0.04840420787873989,0.0011879862262783036,-0.02516296156393283,-0.03659815503937727,-0.056808720708855454,-0.03920852325376395,-0.05132914222138124,-0.0382505664768652,-0.012613119951523755,-0.030704947450834463,-0.014040346253522684,-0.018994649762248572,-0.0444274919736497,-0.07890902931617655,-0.051031548194819476,-0.044907022641874905,-0.061640591617580176,-0.014303071211027862,-0.05062308325439646,-0.04571258798662259,-0.051729090702554104,-0.04841079934612058,-0.025719195689496932,-0.07440929455812073,-0.0028753266863988935,-0.0774832058959335,0.0025777251521044153,-0.0764218338531863,-0.0010821255163623866,-0.00037116088660055224,0.0,0.0013437203496357575,-0.027266828991503067,0.0010385090857814583,-0.046654749608236734,-0.0552710566508941,-0.07190320901971864,-0.07560795227143896,-0.05983467732628461,0.002542794310797958,-0.036694912480347175,-0.002487190946534157,-0.07508635332568836,-0.05037701564778396,0.0026820969721046972,0.0008511699305923659,5.551115123125783e-17,0.0,-0.06743284968944352,0.00499685021421703,0.0009452031536076877,-0.03186772940513183,-0.05811720858439384,0.0006595130852496411,4.438538323320307e-05,0.003787054287427538,-0.06529824513861343,-0.07848525667729761,-0.06310412815886951,0.0024903111542895484,-0.08454456514598657
-0.008270532687202792,0.002621648088279138,-0.03534993872505532,0.014950541614882573,-0.0066560423810004266,-0.013051352976556296,-0.007003922028101073,-0.04032002057621126,-0.025790349603429075,0.0,-0.01666528655334648,-0.005474503588459412,-0.007315070103791954,-0.007760672949887304,-0.0005971197315369214,-0.032483989070521024,-0.0355687338442654,-0.030442609521511177,-0.028713029633969878,0.0014872546322008406,0.0022925102117340446,0.04163687280713935,-0.02793215693011697,-0.01114380881899757,-0.010387613911884364,-0.019696073209984455,-0.01633113510505646,-0.004662048270468622,0.014048241424780894,0.017277149925294444,-0.01976309547260796,0.024281063342664833,-0.0013274875760204696,0.01756026810137229,0.0006431805717115879,0.04749419486105355,-0.002191020206672667,0.003985683149492991,-0.016221639375974595,-0.016417862141172523,-0.0001574775708845233,-0.02810069886857669,0.00905617946844095,-0.0009566361633269738,-0.001295688019839647,0.016198204571445052,0.0004176473660560953,0.0011260754241876336,-1.1102230246251565e-16,1.6653345369377348e-16,0.0032997495569657698,-0.04154951050272576,0.0009643452540665232,-0.06363836030717535,-0.009340260021990787,0.0011728829717791434,0.001704883359449294,-0.003804040834251954,0.0,-0.0001700115128616675,-0.009813553363250516,-0.01686194291545129,-0.014083486267169876,-0.000492702272840928,-9.741477004221455e-06,0.0004778907059977966,0.002834368120782027,0.009260572806243927,0.004161786739020457,-0.027812733004850543,-0.010237287818712193,-0.05394322570375576,-0.0009436998118108608,0.0023646514119890494,-1.1102230246251565e-16,-0.0031092661230539553
-0.0003700865846320567,0.000204343838752008,0.017732339569970834,0.005584513432963845,-0.0030999062364253094,-0.04330204040002056,0.008001194447202042,-0.02074101615335966,-0.01769981449260516,-0.01666528655334648,0.0,0.0003793796285090911,-0.02120552484199162,0.011389751029912076,0.0,4.084126245751385e-06,0.003954998244470764,-0.0319005067807514,-0.0012423978067384045,-1.877010828787995e-05,0.005458948001344166,-0.0353702787294663,0.021573790190603737,-0.013268989991931157,-0.028916741269109647,-0.0334638989315893,-0.007164323706865872,-0.02039899408676088,-0.09794792640562228,0.010029755970163146,-0.02186160898014977,-0.014289410876162645,0.0008198744557534887,-0.022951852022058128,-0.010615480175861447,-0.020290775532378902,0.03178308667047336,-0.012597097521759804,-0.06695496126804301,0.00022669489279814048,-0.07899421127650513,0.0012007902459507669,-0.06974156515094698,0.0005119584700815638,-8.557811278925298e-05,0.0,5.551115123125783e-17,-0.0029844350604072423,3.294180527324553e-05,-0.0032438633293130903,-0.04246477507829993,-0.04838664489329775,-0.05379514152433995,-0.017222612944659155,0.0015234348701445577,0.11896814461632266,0.0019154730094999017,-0.07675052332744331,-0.02969567071012802,0.0008287738769706121,0.0,0.0,0.0,0.09561398961778883,-0.0009016404907406517,0.0,-0.0013758349126690161,-0.03983155035774105,0.0,0.0,8.342854422510593e-05,-0.05334369744187467,-0.07586695558111278,-0.06511260588003098,0.0006666436652893459,-0.06513092262159009
0.0036284948772066783,0.0021523024357069653,-0.022051725016231094,0.0043687922906459065,0.010606385357988746,0.007836541094705052,0.013680237935112693,-0.010938832436722279,0.01101761591204875,-0.005474503588459412,0.0003793796285090911,0.0,0.013499274761360258,0.0037983535987273775,-0.0003413547351095447,-0.020365847506683132,-0.011332996152742747,-0.0065089501949282536,-0.009389579941622872,0.0018184363465906794,0.011092805961598451,-0.003034046888099662,-0.017385376603204383,0.0162093032680401,-0.024364884447754365,-0.012113524678923793,0.013278991744357038,0.03196835824774363,-0.0007003844941347315,0.002232226157306394,0.014576797412194864,0.050120688743267805,0.015812090831173353,0.051137771108307084,0.025897948962724238,0.06192753061543166,0.014283518808594076,0.015175086192054543,-0.01914928804888999,-0.009193045792764143,0.03806132613163632,0.0015980937979114818,0.02009685534138811,0.0009490882110065879,0.026805943645960395,0.005633627234622518,-0.04952624973051972,0.000683041608828705,0.0,0.06721367636937808,-0.0030449324273355005,0.009406089506097115,0.0,-0.03165592718340565,0.0016439009704241059,0.0006580597504338148,0.021469636969463024,0.019721254805759758,0.0,0.000512025765349422,-0.017581505091989413,-0.011378270382574496,-0.009436659592572838,0.0,-0.0005963097141806761,0.0002831747026832421,0.0032596877293670223,0.0006294341479126109,0.02478156539590698,-0.020859538552700174,0.0033186872357344743,-0.006345621346513064,0.04107468647536322,0.00222359009490547,0.0,0.011549388882762246
-0.019133263066244688,-0.02573355182034559,-0.04579820763955039,-0.03969032846216625,-0.005772125227302638,-0.050998822358902074,-0.010189299003447227,-0.050682496708423896,-0.023461501211735347,-0.007315070103791954,-0.02120552484199162,0.013499274761360258,0.0,0.009778684409578187,-0.01087225970422634,-0.03116444758448844,-0.013905189607367585,-0.030101041763125447,-0.05168327982211335,-0.028811129362494026,-0.017962983038694036,-0.030834164439511924,-0.043902138468555785,-0.00930814889561593,-0.01783271990911539,-0.009570140134933014,-0.043657279971646146,-0.011238625990568962,-0.02173400224206079,0.0219137006075123,-0.0015865257562233115,0.0012995350186275068,0.0011726639278317186,-0.011007994322503767,-0.015583254993338513,-0.000275568562570383,-0.014997958723459548,-0.015499044141338403,-0.054152214325018655,-0.06429678863062915,-0.045853398131168954,-0.059361462925574204,-0.1105243748745704,0.0048204442752785015,-0.0004887294442872392,-0.0005359336204622811,-0.013755605343942934,-0.07335722601439032,0.0,-0.06950309883564232,-0.07010838207148679,-0.07808238871481438,-0.07028116545490531,-0.07823061471502635,0.001756324062781589,-0.07292049517694016,0.003668390918457609,-0.07202955407646783,-0.06663542434257919,0.01082505208595591,-0.01603987876281987,0.0019053966721777615,0.003181263176486482,-0.08495098700135417,-0.028740113603476725,0.014063454214277404,-0.026687572543011295,-0.06549615873484216,-0.0013179062408819608,-0.03598575867031367,-0.009768983292757993,-0.063019262413753,-0.06745775338414989,-0.05023331495255712,-0.06428865784562293,-0.0630923960284977
0.003335764599495361,0.0,-0.01780915872406169,-0.012368373316572756,-0.0053143888410218665,-0.045356809636946605,0.014362756476730076,0.03084275833005745,-0.021959171156764767,-0.007760672949887304,0.011389751029912076,0.0037983535987273775,0.009778684409578187,0.0,-5.945497950565759e-05,0.0,0.0,0.0,-0.0042122484497696955,0.0014159209333578504,-0.01060388486963304,0.002858647119564628,0.004779398099623078,-0.007866225083678069,-3.215778011628201e-05,-0.020961885037031003,-0.023579380393734306,-0.004083480656590144,-0.03816155019744738,-0.00047815010277357795,-0.03993038328742654,-0.09742635293724175,-0.0007694532376771313,-0.03740312033790305,-0.028106797940142425,-0.05502092191261379,-0.026031978751271834,0.002227099072698857,-0.03517812926792241,0.0,-0.002012764344077267,0.0,-0.09581898638983022,0.0,0.0,0.0,0.0,-0.07478410326951107,0.0,-0.053692641663268925,-0.07958906084930367,-0.0886948966092519,-0.055271668309885724,-0.079477252087374,0.0,-0.05884539283101403,-0.00045524447373429533,-0.09683512314828208,-0.0004905151871831825,-5.551115123125783e-17,0.0,0.0,0.0,-0.10150182145605269,0.00024349761286013294,0.0,0.0,-0.0716295545849382,0.00011985343209885979,0.0,0.0,-0.0898565362596016,-0.07886383940328573,0.0016826643026813803,0.0,-5.551115123125783e-17
-0.002495053371155853,-0.006266787926246187,-0.0012843235237814943,0.0004393317911353112,0.000729181791632949,-0.05001098041942298,0.008626922837779993,-0.018039020363292635,0.00048758628699441253,-0.0005971197315369214,0.0,-0.0003413547351095447,-0.01087225970422634,-5.945497950565759e-05,0.0,0.011049016657715849,0.0037617367555319303,-0.006771481316666272,0.0,0.0007218371790764233,0.014507185929208966,0.002988476452943256,0.01873775237905234,-0.018433538535424288,0.009142741066392956,0.0014182666422374868,0.005074814690089469,0.024959985899450476,-0.010222109433646098,0.0394782442898155,0.03419978174391303,0.07726463265586392,0.03690099763487964,0.05391330753327184,0.06819925788162728,0.07140145321292024,0.059057429244231185,-0.0006271352304847433,-0.011064298983648468,-0.016709735996253916,-0.013402420154474015,-0.00779431770490191,0.023162219793530114,0.00020032980181738935,-0.002351942714166111,0.0020082862907739307,-0.041947206879294874,0.00038981222012135497,0.0,0.0,-0.024873939301743697,-0.00045160435940133636,-0.020784360034155736,0.0009234087566431515,-0.0002197927340594763,0.0,-0.0005365769830580347,-0.031119413883728686,0.0,-0.018786228911848057,-0.016767131676815095,-0.0003446208401011175,0.006529798902968009,0.0,-0.03909932981228653,-0.009271008503788203,-0.012252823905329557,-0.023010045335171758,-0.0008485910240776384,-0.02313100468530649,-0.0078071927983871525,-0.012005389194118699,-0.02973961556553295,-0.017865243272285558,-0.025867868481052658,-0.018650710455766495
-0.01679972454309986,-0.005742884537665027,-0.038785812294637234,0.0,0.004224167454607186,-0.03256210460842207,-0.025290138969123577,-0.0258278751557226,-0.04840420787873989,-0.032483989070521024,4.084126245751385e-06,-0.020365847506683132,-0.03116444758448844,0.0,0.011049016657715849,0.0,-0.049642527279290694,-0.020036703822961244,-0.0008225987134747315,0.012927167387849436,0.00024311530036913442,0.004191976462306901,-0.01844329695990815,-0.0540999572765864,-0.03655514816558403,-0.012573088814816225,-0.015267620174702234,-0.01945431514345719,-0.010067829018438446,-0.0054584370742192245,-0.01934014728408101,0.015943774748533146,-0.01719712617592367,-0.012298938329458275,-0.015084315357466072,-0.013641224868026824,0.00014963385850230715,0.0786270630364454,0.004676989490929984,-0.03231305923706257,-0.02239178359061339,-0.013637901153366605,0.0016042300321003067,0.0,0.0,-0.028751505560917046,-0.013352276312086686,0.0,0.0,0.0,-0.016305236681354696,-0.0008996956073799023,0.003562165914965776,0.0,-0.05177873340500344,0.0,-0.055037869600412404,-0.020503573294948507,0.0,-0.01964023878840704,-0.02190843414246313,-0.03345864144029087,-0.039114767767224334,0.0,-0.030778322934742752,-0.0021522771283616904,-0.0021072647299452685,-0.020343355746622993,-0.019141532378035175,-0.03762249890643593,-0.021819450984635613,-0.030675049403672494,-0.03838743205563944,-0.02429533657933558,-0.00011392011899802323,-0.024859922831299397
0.004443874865317998,0.004130399602249757,0.0008727684431124039,5.54388995490096e-05,0.0015981552256071896,0.0006754532632048393,0.0012276066726428225,0.012911604569482926,0.0011879862262783036,-0.0355687338442654,0.003954998244470764,-0.011332996152742747,-0.013905189607367585,0.0,0.0037617367555319303,-0.049642527279290694,0.0,-0.021838075351110042,0.00039692105738836636,0.0038781886259940945,0.011522350431631634,-0.040070404536936666,0.004289719104559553,-0.018295918915702813,-0.00804987038783439,-0.014885111094193548,-0.0023505777146718976,0.030367793701555956,0.006101582341304368,0.0016537087419722374,-0.0318521574113777,0.0029963909095792607,-0.02270916067427131,-0.006082983900291661,-0.016471116826145993,0.000701834876485341,0.0001019927330426218,0.008553018037467441,0.006155758742964257,-0.040500274633168076,-0.010422082403406585,0.00294548074715395,0.0,0.0,0.005591334612380927,0.009665249399026465,0.003204807298348211,0.0,0.0,1.6653345369377348e-16,0.0005575934279958839,-4.867954964576926e-05,0.0,0.0,-0.01684509525802691,8.63931332208967e-05,7.381571006881416e-05,0.0007633846846513692,0.0,0.0,-0.008662259716575138,-0.017577904226427965,-0.011104803602865643,0.0,-4.350022404647769e-05,-5.551115123125783e-17,0.002440445188904017,0.00165431895533652,-0.003198512425949984,-0.0190985647239012,-0.013002583225962927,0.0,-0.06969168431269335,0.0003837868962384694,0.0,-0.02362060780687314
-0.037919562076762836,-0.03402738882213846,-0.08759364559458027,0.0,0.0038430432091141054,-0.04617867421194477,-0.024092907795185414,0.0118629190338424,-0.02516296156393283,-0.030442609521511177,-0.0319005067807514,-0.0065089501949282536,-0.030101041763125447,0.0,-0.006771481316666272,-0.020036703822961244,-0.021838075351110042,0.0,-0.0007935544092152469,-0.011328559288492246,0.038157941643992055,-0.02075985669849545,-0.030578768209854224,-0.01883861243463042,-0.010629552291025857,-0.03137476241598158,-0.021844736673446163,-0.023223044094123235,-0.030302558154641668,-0.037943480804562446,-0.03711340797756324,-0.01104680798628288,-0.03712797739941187,-0.030899796507013966,-0.04619069973264456,0.003205965903990471,0.0,0.0019865132563801624,-0.008078342009427364,-0.052667861078641076,-0.034642020493975245,-0.028111466896311,5.551115123125783e-17,0.0,0.001299589734399531,-0.03998516298292043,-0.03937867514911825,0.0,0.0,0.0,0.005445169299304997,-0.0008057169430336075,-4.942566679771998e-05,0.0,-0.014108185553972086,0.0,-0.004438552633147463,0.002668720911577327,0.0,0.008444015423878848,-0.038943453974653985,-0.01410394803477416,-0.016196464313101955,0.0,-0.03826078058687998,-0.004349808802033672,-0.03142362807278448,0.004799047281482172,0.008016727438563076,-0.024215546489331607,-0.015481396823548765,-0.055702700830410734,-0.017049297458279933,-0.020216374352585165,0.0,-0.031219547109475165
0.0,0.00021354501557574457,0.01926174448628959,-0.003067495309657775,-0.015306247535371076,-0.05182234721441953,-0.021580526962320545,-0.043721480211952046,-0.03659815503937727,-0.028713029633969878,-0.0012423978067384045,-0.009389579941622872,-0.05168327982211335,-0.0042122484497696955,0.0,-0.0008225987134747315,0.00039692105738836636,-0.0007935544092152469,0.0,-0.001473908629450571,0.001993331724601255,-0.05248135273646615,0.0026808551017344917,-0.03410176764891959,0.0035832542802819445,-0.048254507490049836,-0.002781243100249131,-0.044407609132575354,-0.09152929736550375,0.00963452463116149,-0.043458426144113604,-0.05397259736480159,0.0092919610523709,-0.049869939384439455,-0.05231560534713725,-0.02398612703551839,-0.025801856987162308,-0.07332689108818113,-0.018885328225011155,-0.00015345770732100306,-0.09523317517543228,0.0012386000339796865,-0.07071787863510437,5.551115123125783e-17,-1.6653345369377348e-16,0.0,5.551115123125783e-17,-0.07831108697310613,0.0,-0.0683471243258767,-0.05848186650506454,-0.07969571900820277,-0.0693157643455411,-0.053412005437365184,0.0009338312597905185,0.023433703066434775,0.00031326086789668084,-0.09149331192185645,0.0011777898827817213,-0.0009578198814070293,0.0,0.0,0.0,-0.06158566888981709,-0.0015610193297626584,0.0,-0.00032479008731284287,-0.06679042090620696,0.0,0.0,0.0020719565371594695,-0.06922175564884542,-0.07592063836723395,-0.08426004139372989,0.0016443699594430594,-0.0845050039612737
-0.007786520402183805,-0.012658377248685349,-0.039188980712276944,0.0018200048257553947,-0.04767128168505291,-0.038273510634373065,-0.021546226613162023,-0.019075656091040838,-0.056808720708855454,0.0014872546322008406,-1.877010828787995e-05,0.0018184363465906794,-0.028811129362494026,0.0014159209333578504,0.0007218371790764233,0.012927167387849436,0.0038781886259940945,-0.011328559288492246,-0.001473908629450571,0.0,-0.01067010741254032,0.001627927635691806,0.024502408702787526,0.01873357682835658,-0.004534869774500294,0.004889935380434418,-0.002440189536403903,-0.0017830819708037349,-0.0004217162788133222,0.009296364051439465,0.017872698831704004,0.05588816832511373,0.08073813079782804,0.036141782691248237,0.05302346772530492,0.035562555453361955,0.061584366006818214,-0.003075129506763863,-0.028774252921244525,-0.004731610548055598,-0.01878932531584515,-0.01541082428726226,0.004616025859907613,0.00024902187980607726,-8.196217441108766e-05,0.004984945035014565,-0.007503353607981655,0.0033093621805526663,0.0,0.0006203117806010683,-0.040666362587085,-0.05114903534790238,-0.038763292160486074,0.003317496965387412,0.0006992950133223319,-0.0019582085098077684,-0.00032097832552546723,-0.050583356553313585,0.0,-0.042473710242128926,-0.01771781912575865,0.0002465496515911547,0.008292761194470366,-7.333132089210048e-05,-0.03603183354037548,-0.02516303920218721,-0.023137311798268168,-0.03231582390464355,-0.0022788987501595193,-0.020469714328520516,-0.007667578713591916,-0.023368159346614625,-0.038267468173510844,-0.028844876049588075,-0.03689529047687323,-0.030512509355297646
0.037497116090416394,-0.008773318169538857,0.0021035762579939554,0.0002560968368287009,-0.049963125858795865,-0.05846802184248556,-0.031524854086408816,-0.011569732619627848,-0.03920852325376395,0.0022925102117340446,0.005458948001344166,0.011092805961598451,-0.017962983038694036,-0.01060388486963304,0.014507185929208966,0.00024311530036913442,0.011522350431631634,0.038157941643992055,0.001993331724601255,-0.01067010741254032,0.0,0.011809910419936454,-0.024252198601405817,0.028838369378487272,0.010728695576978475,0.018678032288585722,-0.005208319230576575,0.01360650559985166,-0.029063120734820258,0.03965238290191486,0.03371076829807024,0.07111242807574242,0.034992178411241415,0.05592332631854441,0.06984413711941889,0.06668257868824601,0.05508388368555972,0.0029420676704884907,0.010879327885788048,-0.0069145694769469634,-0.02221575677616261,0.017038875857968927,0.0003635785108690448,0.0,-0.0003463807794363283,0.006034542125646636,-0.04315749533861685,0.0013454732159415839,0.0,-5.887092097445201e-05,-0.04831216975481761,0.006001124002178282,0.029880177267250896,0.036171853094304485,-0.0011914619996385989,0.0,0.00022849234707394972,-0.023054479189220045,0.0,-0.004260617562613256,-0.012722503629267468,0.0,0.003681081941830755,0.0,-0.05069950183373756,0.028994872927892434,-0.0077724545824529034,-0.01509063217674178,-0.0016573111595017398,-0.007325222377163487,0.022468945373177063,-0.021721876424913078,-0.03578685591882075,-0.04336293726895801,-0.07364355182617682,-0.01188204624792899
-0.001395125113416551,0.0002954955612330945,-0.03639179690857064,0.0032653974741453373,-0.040482051088060855,-0.031529826036819086,-0.02309924814485531,-0.031761252754020364,-0.05132914222138124,0.04163687280713935,-0.0353702787294663,-0.003034046888099662,-0.030834164439511924,0.002858647119564628,0.002988476452943256,0.004191976462306901,-0.040070404536936666,-0.02075985669849545,-0.05248135273646615,0.001627927635691806,0.011809910419936454,0.0,-0.013117444276077472,-0.00968114038571738,-0.007136476668713199,0.01667521490780899,-0.012234119937949928,-0.01137542328190333,-0.010196347327241784,-0.02589774287248353,0.04231019936205227,0.0938712317478223,0.08448061989794708,0.05830307007753405,0.07067491772096318,0.08037604207979931,0.05907074052569555,-0.0013010866008740796,0.009509376130389935,-0.007855171833668184,-0.009590515954538359,0.00539088570573415,0.051257969082235566,0.0,0.0017070136644707912,-0.015015138323929589,-0.012214614210531383,-0.049425537860151414,0.0,-1.84582517748777e-05,-0.01909712682515241,-0.01844129410236206,-0.008287790476754708,-0.008997052919524573,0.0033950381831180376,0.0,0.001536144978359466,-0.03450873744101002,0.0,-0.01769443135921961,-0.0029700062812548222,0.00486518954129761,-0.027749850819017985,-1.1102230246251565e-16,-0.037121069295705245,-0.008133890186598214,-0.007921606618632393,-0.02421763405210159,-0.020439128197103584,-0.03231612221652885,0.0009595195213961127,-0.014822744601500903,-0.026582681659070684,-0.021413258760868525,-0.02503238944256586,-0.016132069863686926
-0.024838028429197467,-0.02184595161817221,-0.014853309862799202,-0.008993327132410411,-0.04312970430915436,-0.05565537938089532,-0.04168817203989006,-0.020130555857942822,-0.0382505664768652,-0.02793215693011697,0.021573790190603737,-0.017385376603204383,-0.043902138468555785,0.004779398099623078,0.01873775237905234,-0.01844329695990815,0.004289719104559553,-0.030578768209854224,0.0026808551017344917,0.024502408702787526,-0.024252198601405817,-0.013117444276077472,0.0,-0.012829069601524246,-0.025430034794797052,-0.01263048713671594,-0.004651619101456228,-0.015850899058281298,-0.020593755707306094,0.02148565601636887,0.002940823974518836,0.025300049650795353,0.00031613482233311396,0.009921712671923821,0.02963641458011773,0.02999644747730057,0.014113322300314146,-0.007244721330405712,-0.047611533791780125,-0.02733860635291524,-0.055130798538080394,-0.04157409905376813,-0.061372797565592496,-0.0022489354512323922,-0.0053794626141370205,0.0017202022999283084,-0.03257514107138648,-0.07455131452025238,-1.8329489355151107e-05,-0.05061592785407537,-0.06052057477366024,-0.06616409888535824,-0.04771604006224528,-0.05533087991396862,0.0054107125471363204,-0.05019536948960379,-0.00913706824793542,-0.06614633367953737,-0.06890021083599823,-0.033741835773365536,-0.03939176842439479,0.00035829331835157685,0.006745237758531919,-0.05424201101327075,-0.037366273713709375,-0.02201381359446658,-0.03180460450757272,-0.10185251937121503,0.0008802898412901827,-0.04671930586868733,-0.02843054554590496,-0.050771277996822406,-0.06566367714924576,-0.04161996273052304,-0.056009355114512493,-0.05489167132237843
0.018519320647648718,-0.004008185744184212,0.0009023604700204024,-0.004207842500409786,-0.0005306456625589484,-0.010335139158492601,-0.02026184234194567,0.007688371468554278,-0.012613119951523755,-0.01114380881899757,-0.013268989991931157,0.0162093032680401,-0.00930814889561593,-0.007866225083678069,-0.018433538535424288,-0.0540999572765864,-0.018295918915702813,-0.01883861243463042,-0.03410176764891959,0.01873357682835658,0.028838369378487272,-0.00968114038571738,-0.012829069601524246,0.0,-0.003912348616402439,0.0005841368795861945,0.0035865869825987273,0.0019843243213889528,0.005399522008948554,0.0033541520749838516,-0.0197231461654665,-0.00474819392399467,-0.030070393225972714,0.003915850828296374,0.005622532424832349,0.08058646399708513,0.01546380146334092,-0.017397242325115636,0.06372176215806324,-0.006688519272785631,0.009697625246996355,0.053644771056332086,-0.0013641084415284,-0.00013974385712589577,0.008550580264654828,0.005392393712039645,-0.04620850482218469,3.9317341308242604e-05,0.0,0.0,-0.001520060809657775,0.0010860147942164944,0.00041166475725656904,0.00043357737371135796,-0.007204984221006072,-0.0008926923036769452,0.021051650183145976,0.04571080427358587,0.0,-0.0015793860868031362,-0.02232394227525386,-0.005807193960768009,-0.006660892434179555,0.0,0.0012697401521738483,-0.004141707176056164,-0.03278435247538469,0.05101287155248718,0.008607716575059599,-0.015928965921061466,-0.004440809054798434,-0.0013175690224481174,0.06494689049044838,0.0018504526091142615,0.0,-0.012444291825138343
-0.013544700566267387,0.0019862928792527823,-0.038471522297410854,0.0,-0.045639073337251646,-0.017558112403373793,-0.009708948283374041,-0.017750191873079024,-0.030704947450834463,-0.010387613911884364,-0.028916741269109647,-0.024364884447754365,-0.01783271990911539,-3.215778011628201e-05,0.009142741066392956,-0.03655514816558403,-0.00804987038783439,-0.010629552291025857,0.0035832542802819445,-0.004534869774500294,0.010728695576978475,-0.007136476668713199,-0.025430034794797052,-0.003912348616402439,0.0,0.0011750515544640128,-0.01437898544111732,-0.01120508588284408,-0.012642602487483612,-0.0012816363422785693,-0.029633641654550014,-0.006965968146441959,-0.033777608200536435,-0.026448566000997098,-0.045673957557716194,-0.001417814055837463,-0.00021971812509713473,0.011666859181167832,-0.0002393529589770349,-0.04198988757676281,-0.021654448208332122,-0.01971737518036082,-0.0004908796138181626,0.0,0.0034294867802725504,-0.029633838802123835,-0.023630578567542526,0.0,0.0,0.0,-0.017822438770863702,-0.0007091257668430662,0.005124046845887631,0.00017710225020117765,-0.015752876728819643,0.0,-0.006545155460636498,-0.03380124137717022,0.0,-0.033478562947592605,-0.02524669102414029,-0.009863167581664611,-0.010711599816284112,0.0,-0.02082390935904882,0.006098207118230392,-0.02169290935370005,-0.01944760957588232,0.009279105019063316,-0.018788384750820286,-0.013953561883852827,-0.01736964918672873,-0.021440454047393698,-0.017685323052890056,0.0,-0.02116187736157421
0.0027475200325065563,-0.0011347317521377964,-0.02994187586085445,0.0015981260887349968,-0.0051885456454320855,-0.016760086059338486,0.00028194300252504245,-0.021759799205361086,-0.014040346253522684,-0.019696073209984455,-0.0334638989315893,-0.012113524678923793,-0.009570140134933014,-0.020961885037031003,0.0014182666422374868,-0.012573088814816225,-0.014885111094193548,-0.03137476241598158,-0.048254507490049836,0.004889935380434418,0.018678032288585722,0.01667521490780899,-0.01263048713671594,0.0005841368795861945,0.0011750515544640128,0.0,-0.0022539526323198666,-0.004239608773910886,0.0027197300986878115,0.02180394066227903,-0.014962034503853971,0.04984653538273354,0.003793781289942122,0.001981011971394886,0.016783134826140966,-0.028000525022366052,0.0604583562021197,0.004065555890741812,0.00845217802606446,-0.027825023909031632,-0.02085220435887314,-7.160174880188608e-05,0.11862885629453335,0.0,-0.035309314766921784,-0.00966703233342775,-0.02739089442959064,-0.02262954685118329,0.0,0.0003729362866686792,-0.016620407602102982,0.000967596281978178,0.01854388596590245,0.012998637252586376,-0.010529401433817254,0.0001497068750856978,0.001702937133311988,-0.02371652745106201,0.0,-0.004972650582435456,-0.026263928186688545,-0.008429790181429309,-0.00767528359486358,-5.551115123125783e-17,-0.025826802141518,-0.007275392132954972,-0.01181169200245713,-0.0187675562669532,0.018290968023668752,-0.017635630517637113,-0.013346687288975645,-0.021201430153974743,0.0003455107105780342,-0.007261294249654382,0.00010790922353931531,-0.023194263142540306
