0.0,-0.016038758536361386,0.0025397781879827885,0.0,-0.0004305920033970123,-0.006526087950266435,0.009256616246372695,-0.040961271438061664,0.006094670462618412,0.018019287367792625,-0.00028444970002683423,0.023139845350200583,-0.015484573104964705,0.002037171161249185,-0.015341295396956,-0.01235313792970516,0.003609172287125595,0.00820284274072669,0.0,-0.012080791831470317,-0.041951246043065715,-0.018946005195503712,-0.02744841964214223,-0.018288337546372158,0.0062817954320880665,-9.433665794517099e-05,-0.021180104130952948,-0.014476669626868666,-0.010803808748748533,0.005236271905646739,0.0008555266674441508,0.007898449419706577,-0.02968580055582698,0.005863729824555353,0.01048037355620296,-0.0012061877571081236,0.0,0.005550151268560233,-0.008882721914900915,-0.03163610825382118,-0.007435022976934158,-0.00457595723432852,0.0,0.0,-0.00043732769468374233,-0.015149505249797746,-0.021117448757841772,0.0,0.0,0.0,-5.085537826293729e-05,0.0,-0.016213437556284183,0.0,0.06837116127883874,0.0,0.017196505738320378,8.478647988013899e-05,0.0,-0.031343035482771064,-0.014610654652795041,0.013200158754407276,-0.017869682687920774,0.0,0.006295480230863626,0.05980989315645391,-0.027025281143705338,-0.034766056127528366,0.03608657452549219,-0.01457187052285741,-0.01766661164918315,-0.002442460492794063,6.413452147618903e-05,-0.016718442179168347,0.0,-0.012194344571920035
-0.016038758536361386,0.0,-0.00038608403840550976,0.0,-0.015386814026465134,-0.011594184424936704,-0.0005100529640312823,-0.015777072995006303,-0.010844304844056074,0.041611452737974786,-0.00010613818068827552,0.0005914169844303263,-0.006960579023531699,0.0,-0.020337665458169896,-0.01336389954617867,0.0015883519245789568,0.013653268818449082,-0.0005739346876074691,-0.01239796573406926,-0.019865889893046995,-0.003976527590370482,-0.02025851711579879,-0.011390450248089656,0.0030531747476299498,-0.008900105818937187,-0.012324906735263541,-0.00839903197255043,-0.011221845960173726,0.005868115745661262,0.002607880456536704,0.0025423983301856024,-0.008935638382295774,0.0002585066938003422,0.0012978869075511157,-0.00596683717331653,-0.00033178323375659957,-0.00099131736245206,-0.014180274319492425,-0.026382377707844018,-0.020822234955117425,-0.010075129993149246,-0.005128734990209161,0.0,-9.10708573703678e-06,-0.02776977303244249,-0.026082112343286112,-0.0014902359873965043,0.0,-5.551115123125783e-17,-0.01950155847688223,-0.0027579955766307562,-0.012806661683857135,-0.0003548356213646242,-0.02601370684752269,0.0,0.0010703715913863432,0.0037629498521136173,0.0,-0.04103598587679763,-0.018515457438165905,-0.044698665925381964,-0.020818073720673902,0.0,-0.022727694952942246,-0.03147663478430407,-0.03541508009483696,-0.016977968468134708,-0.019637333837103144,-0.02283602083645253,-0.03009784203233551,-0.00906756018304089,0.00374415107882603,-0.015343047904203433,0.0008615298007416672,-0.020420805359459393
0.0025397781879827885,-0.00038608403840550976,0.0,-0.00011230474314666283,-0.007270020391849985,0.004881432333034397,-0.013789329549281026,0.0036409463731049696,0.008887691326581848,-0.022318905136577083,-0.004418139534732524,-0.0193859831698161,-0.020437871394224982,0.02835896083124495,-0.0019659024348066545,0.005190802550924745,0.00014328356162862654,-0.02020332192086849,0.02654817168196194,0.0010301469583281486,0.003250220095581957,-0.0014684973646628685,0.0333414427831254,0.0009946427291879223,-0.04174279663214764,-0.036379385385708896,0.006709808932170935,-0.017370283376891782,0.0002535712723505945,-0.006292818979351078,-0.010641440566721172,-0.007149753326871677,-0.034021424393564204,-0.0028978003482250103,-0.0030406912051998414,0.0035715369631869054,-0.005139128309480545,-0.0223247807725786,-0.016063976424709747,-0.0003120978932277252,-0.013812858490965696,0.0018616852374564452,-0.004069854804765072,-0.0005223231156237795,0.0001673679285898455,0.0,0.00041343324957276995,-0.08467418663157678,3.9504669661072356e-05,0.02582848218731859,-0.0035588122603240624,-0.005020192815374691,0.01915832220080671,0.02050963324812005,0.002226242345578111,0.047489146713552255,-0.000927496387441995,-0.009639721281264224,-0.007130645725758167,-0.03775505912702448,-0.05638214601896957,0.0,0.0,-0.17931963415687802,-0.044267469633872236,0.0011633278367993993,-0.008685592907235917,0.005339280989034911,0.0,0.0,-0.05855332767752647,-0.043527023506101103,-0.001834892746192085,-0.016656445632060368,-0.0022689510693517656,-0.016831949760769405
0.0,0.0,-0.00011230474314666283,0.0,0.03423469372998983,-0.008185315009995642,-0.046085022812499626,-0.021741271136373752,-0.004776967406093735,0.026946067128915174,-0.01942772872129639,0.0031172202479068933,0.009983138663268498,-0.022794901341118334,-0.000373381850573562,0.0,0.00016841612069468104,0.0,-0.004029197927338191,0.0012153944883915857,0.0003401936034340691,0.0033205656815774587,-0.009318486036014983,-0.003950416540957291,0.0,0.000809503739403028,0.000747993337739894,-0.014265035093100453,0.00016809418381391605,-2.8012048513881282e-05,0.017711945955236785,-0.02932338973957932,-0.006524810877445497,0.013301724272183124,-0.07461748979305455,-0.034573046137422236,0.02633443530315918,-0.0009931010028698672,-0.0007925597043364485,0.0,0.00010900422153625744,0.0,0.000442173286163805,0.0,0.0,0.0,0.0,-7.808869477488045e-06,0.0,0.0,-0.0005317683965425091,0.0,0.0,1.8281568949729543e-05,0.0,1.8715711780803446e-05,0.0,-1.3762370898784404e-05,0.0,0.0,0.0,0.0,0.0,0.0,0.0,0.0,0.0,0.0017097831336357894,0.0,0.0,0.0,0.00022791943608863052,1.7919134633725964e-05,0.0009987269986408975,0.0,0.0
-0.0004305920033970123,-0.015386814026465134,-0.007270020391849985,0.03423469372998983,0.0,-0.01370769847133918,0.015477528463736734,0.013334792867905065,-0.011767483589111616,-0.017951747717636246,-0.026487190715179132,-0.02724626777259176,0.0069639323306801,-0.014485761345934378,-6.57424301805376e-05,0.0035754840879019256,-0.03370193779078784,0.003289694484628125,-0.033854910558118956,-0.0080603058803288,0.009839565371187908,-0.004107057758473309,-0.00839049592261154,-0.05279639674484238,-6.137227294034098e-05,-0.009928862341918476,0.002041836100815153,0.008931025308868912,-0.0030198059565939017,-0.010288410083238664,-0.02143884050195688,-0.0053259792280198615,-0.011451634830199675,-0.024187194381153743,-0.026888666390324667,-0.0024934176766424065,0.032677998460259594,-0.047285754610548736,0.004121587236677937,-0.00038323941263962435,-0.013491720792007889,0.001309715065290873,-0.015544913159441731,1.922157082068221e-05,-0.0005014310398848143,0.0,-0.0001274073070423043,0.0022729286132694426,0.0,0.015896238035699062,0.0013639695652126749,-0.015992742605465904,-0.00025675793664692304,-1.411345171697942e-05,0.001598475402368238,-0.03337995187832038,-0.0015546110132325652,0.007617075817582419,0.0003840062426964108,-0.024770300937075385,-6.72500323403713e-05,0.0,0.0,-0.009628853658814274,-0.04434236385716617,0.0,-0.014565786639925304,-0.004725995229775792,0.0,0.00013491855080394188,0.00038666414538085503,-0.0039283457436991576,-0.0037932681404856394,-0.01260643696806324,0.0011708259314346936,-0.02136143285783687
-0.006526087950266435,-0.011594184424936704,0.004881432333034397,-0.008185315009995642,-0.01370769847133918,0.0,-0.006600168120172112,-0.013286755968267616,-0.017349768997633797,-0.02006695628999161,-0.013991059444248943,-0.011407259935362457,-0.005888504838853392,-0.018315951300464484,-0.016248730585307625,-0.0035408061636402755,-0.000464191891200616,0.007475208484510165,-0.012859340530302243,-0.006637051521723447,-0.005790101505678713,-0.004989379144401285,0.0003108056825535388,0.004658873914141215,-0.006459106790502878,-0.02380678102999395,0.001406451951984522,-0.016808445765220337,-0.012103381103894584,0.0014362275900767774,-0.002546741607566738,-0.0018082696030142786,-0.006810088980435169,-0.000682847969120215,0.0008427251876502173,-0.008735966112866644,-0.0037846767060381037,-0.015003433315881443,-0.012629697040436594,-0.0016985872724467055,-0.014961504824162253,0.006308833884454912,-0.016836990085047743,0.0020915448558430083,-0.0015788356644874102,0.000270724302539771,-0.02827800717322071,-0.01094125242677313,0.0,-0.010492040193101904,-0.008872714398191373,-0.02397339784561281,0.019609689695016197,-0.009453661859232243,0.004699695620381306,-0.025602484277119697,-0.0020289037463682713,-0.010724729008336764,-0.002310832335734314,-0.02361121138202754,-0.017011888034661415,5.551115123125783e-17,-0.0044421509320782815,-0.017109025267923128,-0.023236486647813026,-0.016858133922474372,-0.02906741036188598,-0.010553845881913992,0.0,-0.02555756630161149,-0.034738105308341705,-0.006774733737853422,-0.013634638850585634,-0.020900311277258388,-0.023401989102739384,-0.027188910999959404
0.009256616246372695,-0.0005100529640312823,-0.013789329549281026,-0.046085022812499626,0.015477528463736734,-0.006600168120172112,0.0,-0.012386555986009684,-0.008129079172337017,-0.021954858572334146,-0.02984589039737967,-0.02286313822485475,-0.02724485529974613,-0.009946529978476282,-0.006926376773961851,-0.008744179460350832,-0.02567797851195297,-0.008112495301584977,-0.0281625235361051,-0.00431429278806944,0.001500102721771257,-0.00021796968224802038,-0.011492194382324239,-0.08022164530799525,0.004148147256939905,-0.004943638306296794,-7.048921671665154e-05,-0.02802963127775049,-0.013085925609095606,-0.0015229985853092987,-0.011040905294842918,-0.012306055688811712,-0.03258899617668343,-0.023297495284412717,-0.0005823816505213242,-0.04134837336060204,-0.026640951327416507,-0.041084717948779936,0.00948420844512704,0.0007841346188793841,-0.0041007843215783435,0.005782075752589821,-0.014100997608837984,-0.0013028285214076174,-0.0011084011970727836,-0.00020665552636900397,-0.007015836647329854,-0.01191289494047787,0.0,-0.015852559618258155,-0.0034343388376465445,-0.020585007817204626,0.007764885000031918,-0.01464900217337739,0.001255790691089942,-0.03131298615841932,0.0014080338118450664,-0.013816028795885615,0.0010169983268807914,-0.00886880952129232,0.04588032061702191,1.1102230246251565e-16,-0.00026285768287609423,-0.016271164669788396,-0.03223459297649112,0.00236175971753827,-0.017057744719123913,-0.007591921833667303,-0.0021830804021850114,0.0011352325869323776,-0.024035904607228875,-0.005018759234388104,-0.00923370947525548,-0.024776395597462586,-0.001284850924300196,-0.019057310710325237
-0.040961271438061664,-0.015777072995006303,0.0036409463731049696,-0.021741271136373752,0.013334792867905065,-0.013286755968267616,-0.012386555986009684,0.0,-0.011623710963298284,-0.03777675968380373,-0.0039079516451023255,-0.022580201487211904,-0.024020791247232276,-0.0193964129508451,-0.0014706461172966367,-0.02097826201199865,0.004436714444627843,-0.011662135144386743,0.01331629492402625,-0.020185682277703565,-0.016705051362437162,-0.02336998785545208,-0.019039980691656633,-0.03136546431243031,-0.01663097821261178,-0.02626495278272739,-0.0173218294385184,-0.019448789776785935,-0.029986252296953342,-0.009061169944487968,-0.0019473850055652941,0.007579961545508496,-0.027956726426771716,-0.0009192890880659887,0.029464615390585203,-0.014711430705788286,-0.01171486048601833,0.003910822868394281,0.014929967928380916,0.0020112608184585934,-0.011327470392682726,0.002656902759844648,0.007328323124697778,-1.7855129054722418e-06,-0.00012853009857921593,0.00304226630809995,-0.022595266944893666,0.013803241606631156,0.0,0.037354387847076675,0.014716700257950022,-0.007158130373397464,0.06202707162131099,-0.005258419995559538,-7.195807219168016e-05,-0.00940686036581051,-1.1102230246251565e-16,-0.012481086985125123,0.07279937371362877,-0.004924446768123758,-0.011954212017547816,0.0,-1.2994690413770105e-05,-0.006825800517729408,-0.024881024002060492,0.00801431812000708,-0.024615752013882997,0.01606143654907244,0.0007334909550955615,0.001318681942110711,-0.0200502604799504,0.010469660830435823,-0.0018266530529136293,0.0013115782945906096,-0.014375690419411391,-0.00867692662566738
0.006094670462618412,-0.010844304844056074,0.008887691326581848,-0.004776967406093735,-0.011767483589111616,-0.017349768997633797,-0.008129079172337017,-0.011623710963298284,0.0,-0.031202096084891107,-0.0368887032591958,-0.025093973380683476,-0.03687130901591912,-0.012500815429521084,-0.020864200027930824,0.0018505881787604372,-0.03237951228560276,0.0023104247722078863,-0.028342205325741276,-0.0021374822386053816,0.006829249131137416,0.003369970542993206,-0.012721438128807327,-0.056156292550721965,-0.02339233779379868,-0.015618084999988457,0.009378256021858045,-0.029300419700840186,-0.009579557393938787,-0.01700682168301204,-0.024942955127765343,-0.023699928550112714,-0.028569687018003276,-0.021430853023148788,-0.01249334811029007,-0.025729817189589443,-0.02157203524506629,-0.02583995718169335,-0.01551937416668786,-0.003933353501230918,-0.018143997234897458,0.0022531875763486253,-0.018507208269835762,-0.0008932363231402007,-0.0012056072896350911,0.0,0.0016150443773866874,-0.14937362566312307,0.0008265204577449503,-0.002862161393304641,-0.010879900557570488,-0.01725745798837708,0.0059459519446062314,-0.011995673979646293,0.0022783058982818183,0.02212467363242021,-0.002773160949099962,-0.02603841910896665,-0.0379762490224142,-0.029465535537958887,0.0009652728311420611,5.551115123125783e-17,0.0,-0.016190037921510747,-0.03151666375732165,0.0025920865410237748,-0.017521434000860425,-0.00905026194376457,0.0004429493449892852,-4.688000211044985e-05,-0.06545380309175891,-0.012931463479585847,-0.019132040186760735,-0.02803579191645894,0.009468883263519468,-0.027805218603910387
0.018019287367792625,0.041611452737974786,-0.022318905136577083,0.026946067128915174,-0.017951747717636246,-0.02006695628999161,-0.021954858572334146,-0.03777675968380373,-0.031202096084891107,0.0,-0.03844413278069747,0.028331621623208958,-0.020911798698158623,-0.06967820562623311,-0.0018376362398425106,-0.0031586291253973275,0.0001944608885274257,-0.011212803781353031,-0.03667831629965013,0.006245056641503266,0.015663391324770237,0.009305187424540118,-0.022547178372069043,0.024591629058739572,-0.01814936944636747,-0.023633790473811256,-0.018877875042594083,-0.005137546176152197,-0.010102310035164097,-0.011275808343062743,0.008277039812482179,-0.015004856985910364,0.022686104769699178,0.023869633945541535,0.03853695164729792,-0.011339670711313421,-0.01725282734870709,0.027412108213614228,0.10191864282218305,0.015741035242679835,0.06545779201301671,0.062139773480403615,-0.011774466579652754,-0.0013561277411807127,0.05637313671995248,0.01621115034319931,-0.0007698778630375047,0.0013117434890403956,-1.1102230246251565e-16,1.6653345369377348e-16,0.003530466449494285,0.003308756841816418,0.0009592303082179843,-0.001427255413794959,0.02910345827870997,0.00044338008495226067,0.034331197150034576,0.006307302818077454,0.0,0.0001237713535922058,0.0016692022752665125,-0.0076040173068658845,-0.010862316969129815,-0.0005415276957018156,0.00013259533564941028,0.0005238427126529333,0.0031535204058603106,-0.018080996111698833,0.014508292508727483,-0.016441114506566712,0.003794642454992281,0.0060549077129608,0.00815103170716952,0.0025986356628768803,-1.1102230246251565e-16,0.015498729399026023
-0.00028444970002683423,-0.00010613818068827552,-0.004418139534732524,-0.01942772872129639,-0.026487190715179132,-0.013991059444248943,-0.02984589039737967,-0.0039079516451023255,-0.0368887032591958,-0.03844413278069747,0.0,-0.03789893090415386,-0.04418567520758754,-0.0033104414557905137,0.0,-2.1213349618021127e-06,0.0016342641978068229,0.00218268305043412,-0.012262974172823016,9.749377114343094e-06,-0.03081410924337069,-0.0007338192243918074,-0.0025670357553334022,0.009517348531595915,0.002728164406429312,0.0037409303040977226,-0.003121607714650254,-0.03866192841547256,-0.00995835284369162,-0.011079259668531294,-0.04613260021083082,-0.045445991348911974,-0.05267039882206925,-0.03502729184569864,-0.02520005461307434,-0.03019984619468291,-0.06487779914755654,-0.021990691447663246,-0.04159352149532336,0.0008841360812108512,-0.023925856722688155,0.0010932309312198796,-0.026345965015575956,0.001128774886747952,-8.033741251772808e-05,0.0,5.551115123125783e-17,0.052599516102366906,-1.7110294597832976e-05,-0.11845255108357394,-0.01852768734760074,-0.05471169786709934,-0.0022800884669920696,-0.09247198762280412,0.001953266898121253,-0.05251559720419449,0.0017204454537819713,-0.05100250978172527,-0.038423546630318994,0.0005334124342189495,0.0,0.0,0.0,-0.10698969928231347,-0.056798052930830456,0.0,-0.05267205410479131,-0.02375776472586766,0.0,0.0,-0.03793405382660481,-0.020814660113285144,-0.04173466924323099,-0.03815405023621632,0.0005904801325543607,-0.04425275103896015
0.023139845350200583,0.0005914169844303263,-0.0193859831698161,0.0031172202479068933,-0.02724626777259176,-0.011407259935362457,-0.02286313822485475,-0.022580201487211904,-0.025093973380683476,0.028331621623208958,-0.03789893090415386,0.0,-0.008878952573539822,-0.08324622129366932,-0.014310046176151558,0.016829652046931542,0.01593227112932133,0.006996875770068911,-0.01874973516554962,0.008039981653056638,0.013335640537531224,0.0358373476500522,-0.021234228486958828,0.03354404610029965,-0.0025898968540840617,0.005693957900436364,-0.012544105146154227,0.0035766227153649632,-0.007038620183117628,0.0024963641659329627,0.0473087409099931,0.012904184071202973,0.07358359997318431,0.05919658495448632,0.024368746601560576,-0.023921972801647318,-0.025847604219151665,0.0400158316442607,0.1535363019079412,0.036830479265356875,0.09411113641391078,0.09570145131589397,0.1296378189002253,0.0009922843896001676,0.07027718680627193,0.021640699410216013,0.0007706953514621251,0.0007320956785356603,0.0,-0.0004302102602520841,-0.0018870433891005067,0.018290547405048818,0.0,0.001845078672245759,0.038236994426151805,0.00089516347534635,0.052657156674122185,0.014436864104504454,0.0,0.00040737826725883997,0.0025009702595850114,0.0022222986795726873,-0.014352758659193277,0.0,-0.0004923466352872996,0.00038470517449962216,0.0030404110735202106,0.03339936965889473,0.028571914914532592,-0.012707161463239303,0.011224756744279418,-0.004545526504228958,0.04091322628275035,0.0022471687344366442,0.0,0.03550989415415473
-0.015484573104964705,-0.006960579023531699,-0.020437871394224982,0.009983138663268498,0.0069639323306801,-0.005888504838853392,-0.02724485529974613,-0.024020791247232276,-0.03687130901591912,-0.020911798698158623,-0.04418567520758754,-0.008878952573539822,0.0,-0.010254645027019782,-0.009786319424162193,-0.017951862494381465,-0.01894705001339919,-0.00986134174922565,-0.0415792772309333,-0.013414801166114099,-0.013174264518779177,-0.010594603587001261,-0.01852746969509017,-0.04634684918132492,-0.004953147719987561,-0.005429639350870041,-0.009369863499384956,-0.011991724455437835,-0.0211107500768965,0.010817732598485674,-0.014178407601310339,-0.00920709931651914,-0.020023795266985722,-0.018396818311126606,0.006572942124168091,-0.02993575361975609,-0.028719447305576684,-0.03778782999268854,0.0037561011700687486,0.0037234482285541937,-0.010935839082046539,0.011322419489005475,-0.01635475933779057,0.003868425384014218,-0.0009412598999946065,-0.0005443372531437896,-0.023672717213080174,-0.009499667289024183,0.0,-0.018029833657575267,-0.006613902067467703,-0.02491418176434146,0.0006246770678573488,-0.015593421824490528,0.001104892931957202,-0.028284697377033152,0.002935995333383734,-0.013780867394394325,0.0011868923937092268,-0.02686304124152883,0.001938526740745461,0.0017279090731047164,0.002505295012419251,-0.02133371775115811,-0.028917364095150055,-0.017459560595329604,-0.024557768081338582,-0.01007958880408577,-0.0012683908524721565,-0.0105238038832281,-0.023969895289791654,-0.006970263515694963,-0.014905396677478422,-0.019843268510949974,-0.008844517152962084,-0.01515304947068924
0.002037171161249185,0.0,0.02835896083124495,-0.022794901341118334,-0.014485761345934378,-0.018315951300464484,-0.009946529978476282,-0.0193964129508451,-0.012500815429521084,-0.06967820562623311,-0.0033104414557905137,-0.08324622129366932,-0.010254645027019782,0.0,-0.00011018465198397998,0.0,0.0,0.0,-0.005315434493941673,0.0011817162520874058,-0.018918218838609058,0.0024424232804325374,-0.02706497913360878,0.000935107603573182,1.6703064292800107e-05,0.002190438992662025,-0.02004687863522614,-0.013779527194549668,0.00395961317900978,-0.00047252775464529106,-0.06298898798061436,-0.0010600393215289827,-0.05771354281104718,-0.08413997350612712,-0.0866524427625398,-0.023320608881371302,0.021138295690660724,-0.08776949991224803,0.0003153531348168426,0.0,-0.0018776115389742554,0.0,0.02653717548226614,0.0,0.0,0.0,0.0,-0.007502677568148264,0.0,-0.000388318433981516,0.016276939822302938,0.00128478096539425,0.020391311809618673,0.019708390257546338,0.0,-0.012323814674889466,-0.000456070531053121,-0.0029242551255328486,-2.774334697591696e-05,-5.551115123125783e-17,0.0,0.0,0.0,0.04096263120407062,0.00044010914048153715,0.0,0.0,-0.01321183052455499,-6.225304031631795e-05,0.0,0.0,-0.0015106383853248362,0.0024499079895110576,0.002005626284755535,0.0,-5.551115123125783e-17
-0.015341295396956,-0.020337665458169896,-0.0019659024348066545,-0.000373381850573562,-6.57424301805376e-05,-0.016248730585307625,-0.006926376773961851,-0.0014706461172966367,-0.020864200027930824,-0.0018376362398425106,0.0,-0.014310046176151558,-0.009786319424162193,-0.00011018465198397998,0.0,-0.027717834223483007,0.0033243282486066783,-0.003957623781734643,0.0,-0.019078630488895132,-0.01025390835474077,0.00485710217112667,-0.01486324730271854,-0.023869930385488514,-0.01391535897333862,-0.003254751727068017,-0.0019656986360394035,-0.018915226774248617,-0.016446104826271735,0.009134672575656033,-0.01610983272740485,-0.0230827371674438,-0.03298986278348082,-0.03130818414981784,-0.03647043904285591,-0.036440745384608786,-0.041768046195046316,-0.0016557509793367897,-0.04506473356396484,-0.054730307275415724,-0.052561357538239206,-0.05056780253111426,-0.08747285525458476,-0.00010405325079698713,-0.0020378874907969746,-0.031186382824962722,-0.04710396750041074,-0.0005030904345948439,0.0,0.0,-0.05593275173031542,-0.0005044566084317359,-0.03048557458709733,-0.07178006002106951,-0.00020258121259564277,0.0,-0.0007498871461429357,-0.052925172992730696,0.0,-0.05384627376742851,-0.03733844034315703,-0.0004468646842091806,-0.031242910449369887,0.0,-0.04434837155655674,-0.0331579858947435,-0.061345073309302056,-0.038828044683122065,6.297163553625751e-05,-0.036085244457291,-0.05543358165212353,-0.044224519206543134,-0.038552491480255524,-0.04588997313558518,0.0025559496133451542,-0.0477781004955844
-0.01235313792970516,-0.01336389954617867,0.005190802550924745,0.0,0.0035754840879019256,-0.0035408061636402755,-0.008744179460350832,-0.02097826201199865,0.0018505881787604372,-0.0031586291253973275,-2.1213349618021127e-06,0.016829652046931542,-0.017951862494381465,0.0,-0.027717834223483007,0.0,-0.019140106268794477,-0.004311106829899158,-0.0009097763705394057,-0.042525986841358276,-0.02446416589514283,-0.0361856118770984,-0.024521997629454673,-0.00395610906752436,-0.005382725914909292,-0.012871736118484078,-0.017481920802808804,-0.02653559636439151,-0.044574329683483016,-0.026180247956242908,-0.0028453335638571886,0.0056666562164386924,0.022507077687859367,-0.00221384234685984,0.004085002161282436,0.005583521363107136,0.0007355763393824821,0.1159403997330471,-0.007929784565616549,-0.011808894742991793,-0.0127001116275553,-0.003713923664262375,0.0018265778450870518,0.0,0.0,-0.027224357444071978,-0.01946979223632911,0.0,0.0,0.0,0.001585878640875893,-0.0018806261800500268,0.002834691249382293,0.0,-0.009396392233719741,0.0,0.003817411661344361,0.004274351117734498,0.0,-0.03457548627160806,-0.01107797531741811,-0.006820124907583214,-0.011348625744094898,0.0,-0.023285295687621388,-0.01958586844070559,-0.0317489733333432,0.0006970854806271354,-0.008606177581010788,-0.01382193984393354,-0.020034097370047965,-0.014745506785727114,-0.004745860190328188,-0.022637982331864648,-0.00010582576443785019,-0.014689452597671515
0.003609172287125595,0.0015883519245789568,0.00014328356162862654,0.00016841612069468104,-0.03370193779078784,-0.000464191891200616,-0.02567797851195297,0.004436714444627843,-0.03237951228560276,0.0001944608885274257,0.0016342641978068229,0.01593227112932133,-0.01894705001339919,0.0,0.0033243282486066783,-0.019140106268794477,0.0,-0.00609766869300421,-0.0006945018066973341,-0.013225962688280135,-0.0016318498026061112,-0.014052603019096943,-0.018750197537366786,-0.005437063084878513,-0.016110106421520887,0.006236603261980167,-0.002718681129463496,-0.0004909786596728472,0.003975118698373803,0.0005090809038750255,0.002258867554817856,0.026115671205288127,0.0027592663003949136,0.004088159842863814,0.04396556874320923,-0.029304065153836545,-0.0003025473743246687,0.007370220102288161,0.006796904672546733,-0.004905480593983491,0.00018601200374340765,0.002948314975619537,0.0,0.0,0.0022606268256086803,-0.027497702347152764,0.0015278627597274386,0.0,0.0,1.6653345369377348e-16,0.0004941053971426745,2.5284632351407765e-05,0.0,0.0,0.006773047667203269,-4.4873435089021196e-05,0.014588767150677473,0.0004692371604511081,0.0,0.0,-0.002546917769544077,-0.009889732188788691,-0.01581820194229233,0.0,2.259444017510548e-05,-5.551115123125783e-17,0.002226061740522811,0.0010598924944706933,-0.012545242172764093,-0.018159967380155462,-0.0057160692469636065,0.0,0.011957704639461608,-0.00014536428162226223,0.0,0.007449487693632573
0.00820284274072669,0.013653268818449082,-0.02020332192086849,0.0,0.003289694484628125,0.007475208484510165,-0.008112495301584977,-0.011662135144386743,0.0023104247722078863,-0.011212803781353031,0.00218268305043412,0.006996875770068911,-0.00986134174922565,0.0,-0.003957623781734643,-0.004311106829899158,-0.00609766869300421,0.0,-0.0011760227601495532,-0.003705769273540438,-0.0028220595856290887,-0.011884695294053282,-0.018856399227223652,0.004986689743837425,0.0016213482690806136,0.00856510050584458,-0.01260266782929298,-0.0038881035020259525,-0.017421964051853922,0.004799591436251749,0.01457859141171941,0.018246169109203292,0.01627680984993174,0.015217947030760903,0.041402974453166264,-0.006583178278287027,0.0,0.007192626008290404,0.006434691742744858,0.0019432434913679852,0.010526458451762866,0.010040184350905978,5.551115123125783e-17,0.0,0.023186727958007303,-0.008598924498681437,-0.001336454449361868,0.0,0.0,0.0,0.003565812310758032,-0.0007109386749336033,-8.77997406116271e-05,0.0,0.01126441333098327,0.0,0.021534760861131208,0.0007981299141199272,0.0,-0.02987159278736573,0.00021621151994982712,-0.0025502311937417588,-0.0009050482608040644,0.0,-0.013254388922504967,0.007823747012810855,-0.007608348693382672,0.003260439410867455,-0.0037585517592978457,-0.005443476775504996,-0.0004461394050375711,0.007520106620501066,-0.0011459598361028278,-0.01069044706854494,0.0,0.003394063660172697
0.0,-0.0005739346876074691,0.02654817168196194,-0.004029197927338191,-0.033854910558118956,-0.012859340530302243,-0.0281625235361051,0.01331629492402625,-0.028342205325741276,-0.03667831629965013,-0.012262974172823016,-0.01874973516554962,-0.0415792772309333,-0.005315434493941673,0.0,-0.0009097763705394057,-0.0006945018066973341,-0.0011760227601495532,0.0,-0.0014942922142274218,0.03920976191140052,0.0042429249909525235,0.021655313189818226,0.00197799566782908,0.00299441978835685,0.0033010626461114634,-0.015091223240002782,-0.03670156507525235,-0.009285221981113867,-0.02824476796069253,-0.03533715265586179,-0.021795289009348684,0.007493463172868975,-0.03176096677580659,-0.027035105897490308,-0.02117592525559009,-0.031082039626965652,-0.018037086261347368,0.005355509769166489,-0.0005338616609467661,-0.030173839563036542,0.0010518838125754826,-0.004017072469835736,5.551115123125783e-17,-1.6653345369377348e-16,0.0,5.551115123125783e-17,-0.048326445557148434,0.0,0.012516228444568678,-0.00046289532263321664,-0.014838757488382481,0.017137700172633497,0.013186009626478978,0.0010978960831644624,0.011722835175036805,-0.00016271074676116326,-0.01611576024475614,-0.0059707046594102975,-0.0014114939776587176,0.0,0.0,0.0,0.024709918213995152,-0.03258071253420647,0.0,0.0001712392421781006,0.0035086453545309926,0.0,0.0,0.0014287111610717385,-0.000501941782492632,-0.014842729809446564,-0.021564756344997604,0.0015109609302007554,-0.02937306324966371
-0.012080791831470317,-0.01239796573406926,0.0010301469583281486,0.0012153944883915857,-0.0080603058803288,-0.006637051521723447,-0.00431429278806944,-0.020185682277703565,-0.0021374822386053816,0.006245056641503266,9.749377114343094e-06,0.008039981653056638,-0.013414801166114099,0.0011817162520874058,-0.019078630488895132,-0.042525986841358276,-0.013225962688280135,-0.003705769273540438,-0.0014942922142274218,0.0,-0.012462067914962849,-0.008378765518444797,0.0026372202150803936,-0.03151379592059672,-0.0026240989602135945,-0.01816699734783711,-0.026131042990400255,-0.01861197275490467,-0.04190833519757198,-0.0032943279796331937,-0.0022566282556931716,-0.003755878098272103,-0.019536929860091368,-0.0062933161051172415,-0.01155369539347495,-0.015305743890225043,-0.020934686299747096,0.014525443404867944,-0.025357928630101556,-0.03765280554422773,-0.03947719483046763,-0.04336404109132186,-0.09637889041315789,8.009616934095964e-05,-0.00044228400480150754,-0.02114642046629861,-0.03589141650584443,-0.052102921714318406,0.0,-0.00014602776389655014,-0.033072687757150776,-0.05118783485576639,-0.014249156080841263,-0.048381837984984744,0.0003084526689450806,-0.07348508299608175,-0.0003385283784242965,-0.03726162165777258,0.0,-0.04310169170479333,-0.029655669862534928,6.313282991493585e-05,-0.04987327970533367,-0.03316819412865607,-0.03350152848417698,-0.027297305744111766,-0.046165359581176846,-0.02278501268466565,-0.0022965931275202855,-0.03126790593141959,-0.048928334844297205,-0.030110614354148357,-0.02695550815008274,-0.029507230915717553,-0.03429668803743896,-0.029002093676261997
-0.041951246043065715,-0.019865889893046995,0.003250220095581957,0.0003401936034340691,0.009839565371187908,-0.005790101505678713,0.001500102721771257,-0.016705051362437162,0.006829249131137416,0.015663391324770237,-0.03081410924337069,0.013335640537531224,-0.013174264518779177,-0.018918218838609058,-0.01025390835474077,-0.02446416589514283,-0.0016318498026061112,-0.0028220595856290887,0.03920976191140052,-0.012462067914962849,0.0,-0.017535443216797342,-0.011669538862811746,-0.016040791373610364,-0.013249705041164128,-0.005402096515260635,-0.008648555320817652,-0.007481665773319046,-0.013275058395981088,0.028543888413439245,-0.0027632037066722126,0.004295951002467102,-0.03379473859474086,-0.016750377805215322,-0.022964973994978044,-0.041012233926266795,-0.0003459627019276046,0.03772714798720256,-0.025328740134435423,-0.04189659900800424,-0.03281649482715132,-0.035198227643637,0.000800812706167553,0.0,-0.00041070011055333033,0.035356651897906155,-0.04044538480472343,0.0010583672745054784,0.0,3.0578129909974994e-05,-0.034678097856510215,0.005541620905535061,0.008753716945092027,0.0011084273115266607,-0.001160655562455426,0.0,0.016183447565583375,-0.014791438204390606,0.0,-0.03773952862536417,-0.027126209759084308,0.0,0.0030675321128364463,0.0,-0.030207077483046685,0.01827931631041263,-0.05670698700588883,-0.020234844053661494,0.000429194121647547,-0.024392366416371658,-0.03933818332657674,-0.023078691123303408,-0.027072238017082917,-0.037569299162615255,0.006437071436979747,-0.02779676355949151
-0.018946005195503712,-0.003976527590370482,-0.0014684973646628685,0.0033205656815774587,-0.004107057758473309,-0.004989379144401285,-0.00021796968224802038,-0.02336998785545208,0.003369970542993206,0.009305187424540118,-0.0007338192243918074,0.0358373476500522,-0.010594603587001261,0.0024424232804325374,0.00485710217112667,-0.0361856118770984,-0.014052603019096943,-0.011884695294053282,0.0042429249909525235,-0.008378765518444797,-0.017535443216797342,0.0,-0.020410658387283842,-0.008174402331693364,-0.008672113296920803,-0.01443181335394611,-0.015495174564828407,-0.015736236535183468,-0.03508373261387365,-0.008954164398745024,-0.01733563175219882,-0.01911779185120782,-0.01601878639169585,-0.022167087751204517,-0.025474363134056432,-0.02794023436981452,-0.03990637936435454,0.02139997532127552,-0.03909989222092103,-0.03660314715320995,-0.04305199769374074,-0.04417663862819554,-0.08994026057507715,0.0,0.0010771389723243652,-0.017893627910175958,-0.03374364022480669,-0.0006647539566491112,0.0,-0.00011164572457000865,-0.03208918826889556,-0.040769354438799255,-0.0410733220778729,-0.0154252563416451,-0.05093025559639669,0.0,0.0010265957112589041,-0.036060018865931465,0.0,-0.06639121809291526,-0.024940027119743635,0.0031309974536751217,-0.0231693920968003,-1.1102230246251565e-16,-0.04582091949646383,-0.04834063473588779,-0.056889381837014696,-0.04018116906059682,-0.025161349691421586,-0.018170388524371583,-0.050276921155204934,-0.03537025224827911,-0.030703845228183813,-0.03208986991711138,0.004620933484871803,-0.04037795192383892
-0.02744841964214223,-0.02025851711579879,0.0333414427831254,-0.009318486036014983,-0.00839049592261154,0.0003108056825535388,-0.011492194382324239,-0.019039980691656633,-0.012721438128807327,-0.022547178372069043,-0.0025670357553334022,-0.021234228486958828,-0.01852746969509017,-0.02706497913360878,-0.01486324730271854,-0.024521997629454673,-0.018750197537366786,-0.018856399227223652,0.021655313189818226,0.0026372202150803936,-0.011669538862811746,-0.020410658387283842,0.0,-0.01669182034136024,-0.015399585181634312,-0.0181798425800202,-0.0037635952357208957,-0.019165848845149547,-0.0235673735173047,-0.010446285593328386,-0.0008507900823549464,-0.0031571571216339467,-0.024594901642163547,-0.004158464279097718,-0.0008110711746325827,-0.02058553686407094,-0.008046992427212296,-0.018413001551564057,-0.015973500582548428,-0.021484211200698045,-0.022981741945860168,-0.04147202471603045,-0.029939542040031353,-0.0018445303869607521,-0.005285585747740018,-0.03802684362987785,-0.03681236069912869,0.02936364765431909,9.520515347971603e-06,-0.014720221863047889,-0.0007169775910171872,-0.015884972726888602,0.027923714948245193,-0.009708744419188342,0.004618784939158904,0.013052511121343036,-0.00852110066381262,-0.012040387845493883,-0.018067031270382894,-0.02834405786767419,-0.031031082677165478,-0.000266620413230223,-0.11100281176814508,0.01769516078151101,-0.029560246585007666,-0.0060943373009285096,-0.03859971930640882,0.0020067611288246967,0.0006776494202463956,-0.044838298244372576,-0.04210277042959382,-0.006441773231564252,-0.010400555694229596,-0.02192755438497418,-0.015298351516873532,-0.018999016282535697
-0.018288337546372158,-0.011390450248089656,0.0009946427291879223,-0.003950416540957291,-0.05279639674484238,0.004658873914141215,-0.08022164530799525,-0.03136546431243031,-0.056156292550721965,0.024591629058739572,0.009517348531595915,0.03354404610029965,-0.04634684918132492,0.000935107603573182,-0.023869930385488514,-0.00395610906752436,-0.005437063084878513,0.004986689743837425,0.00197799566782908,-0.03151379592059672,-0.016040791373610364,-0.008174402331693364,-0.01669182034136024,0.0,0.004828531199099317,0.010936360250631993,-0.020741076604598008,-0.04074043412258688,-0.0003485877097140211,0.0027772463309196915,0.012665194424186232,-0.011404391285029458,0.02498169873450018,0.005045981902854935,0.025743742260102953,-0.03721769464979141,-0.007202644599194119,0.012397328991503587,0.0922313922094804,-0.004184214874895509,0.03479969905523439,0.009165791998505535,-0.0032403021714255686,-0.00018431482679343025,0.032960801657199834,-0.00035981180521238443,-0.0019236648512362398,-2.0421810128401496e-05,0.0,0.0,-0.001673801532610264,0.0014570395848932938,0.0005212773100899959,-2.071465708913811e-05,0.03451299076954062,-0.0006633687176956782,0.05268592177373538,0.0037256186376987688,0.0,-0.0014143358933781935,-0.011244560689563976,-0.020482571166528685,-0.030959789760765632,0.0,0.0015209207180860718,-0.004024577921870887,-0.019611706527333017,-0.0023298959045719436,0.01344372722572984,-0.03059018484806758,-0.014780595313524159,-0.0013698046693392807,0.07312482533565867,0.0012905940558055051,0.0,-0.01181180536814902
0.0062817954320880665,0.0030531747476299498,-0.04174279663214764,0.0,-6.137227294034098e-05,-0.006459106790502878,0.004148147256939905,-0.01663097821261178,-0.02339233779379868,-0.01814936944636747,0.002728164406429312,-0.0025898968540840617,-0.004953147719987561,1.6703064292800107e-05,-0.01391535897333862,-0.005382725914909292,-0.016110106421520887,0.0016213482690806136,0.00299441978835685,-0.0026240989602135945,-0.013249705041164128,-0.008672113296920803,-0.015399585181634312,0.004828531199099317,0.0,0.007292674018568646,-0.015636514355122866,0.0010863786849045765,-0.007123394840853059,0.002069057632227811,0.014187908493123624,0.014558865322680692,0.011251984376833057,0.019264271452759663,0.03336063793207267,0.0008344090955197947,-0.0003299288859948679,-0.02326335699974902,0.007483405241332564,-0.00071472468264977,0.0038969332581503813,0.008444500691309975,-0.00017628723451917905,0.0,0.023918307200024802,-0.01761408104883888,-0.008744120089996144,0.0,0.0,0.0,0.004772671962215702,-0.0006878607159679362,0.003925686133689654,0.00021620475955203,0.007339618450624863,0.0,0.018464674729260888,0.005630521506787334,0.0,-0.03053739977426917,-0.0036514744060064386,-0.009693995820074908,-0.007990071355154338,0.0,-0.018551004129175652,-0.013807373378131427,-0.016282941811415375,-0.015226027041166046,-0.0028219519047337216,-0.007878160540759294,-0.004898116551137532,0.011253279063965449,0.006227138765668105,-0.0009222923027115137,0.0,0.0009116398445329077
-9.433665794517099e-05,-0.008900105818937187,-0.036379385385708896,0.000809503739403028,-0.009928862341918476,-0.02380678102999395,-0.004943638306296794,-0.02626495278272739,-0.015618084999988457,-0.023633790473811256,0.0037409303040977226,0.005693957900436364,-0.005429639350870041,0.002190438992662025,-0.003254751727068017,-0.012871736118484078,0.006236603261980167,0.00856510050584458,0.0033010626461114634,-0.01816699734783711,-0.005402096515260635,-0.01443181335394611,-0.0181798425800202,0.010936360250631993,0.007292674018568646,0.0,-0.016465536447322515,-0.00047124126858477666,-0.013415315149197471,-0.018099323183562444,0.0032001492456431024,0.0004448365778804142,0.001225507415431315,0.0012627458821574677,-0.00017256305528090543,-0.02247985981512196,-0.0013016318557971251,0.02568807659389566,-0.01280863759086176,-0.01565507921484155,-0.00951109242009357,-0.0168678228408371,-0.006326297802365322,0.0,0.012439937472299822,-0.013342815684785236,-0.025281139707109213,-0.0007810096591520099,0.0,0.00019361120424693512,-0.011883856511169522,0.013041000097116728,-0.009851729082454963,-0.0009385355451048683,0.02302854177647884,0.00024447177106284856,0.028308948886791474,-0.009379037711013338,0.0,-0.04794508803600922,-0.015033928746092773,-0.009326104708928251,-0.014489773075115009,-5.551115123125783e-17,-0.03257140956700738,-0.015032602938556183,-0.042611587486028835,-0.02930584095447636,0.00318439008486765,-0.016650556183055942,-0.02163722886801167,-0.025905391269989142,0.0012384336758302084,-0.017434708032284474,0.00016264547941169383,-0.01069561485997561
