0.0,0.03023938507253554,0.00116507695594964,0.0,-0.0006505446871356568,0.02233883930352598,0.012845141197574461,-0.012742484457061276,0.0030959576403447042,-0.0648587218150824,0.0005272100502392019,0.02387635633106744,0.014040359195110097,-0.008615365943584918,0.014681092199032908,-0.005028837623692384,-0.008359769914621895,0.002251354404670114,0.0,0.01022562914737385,0.001309426663608726,0.03466808547648753,0.006889353209828308,0.02020608058361012,0.0076828038301023915,0.01879867183493228,0.016888732672231954,0.014007905774312712,0.008114863212249745,0.009386324541593383,0.03069668247403462,-0.00017514139725094413,0.03137527432495274,0.0034721620862294134,0.00282338219303524,-0.0013736956279665202,0.0,-0.0013915669974432499,0.032414172069956615,0.05455879459709989,0.021202819913474946,0.04670248362350371,0.0,0.0,0.005070710214019503,0.0438593576105577,0.03313870122942547,0.0,0.0,0.0,-0.004121927950328064,0.0,0.001652593898230359,0.0,-0.06562969338624791,0.0,0.03299449704143642,-0.005139341306807987,0.0,0.0189413705690738,0.03297713660880591,-0.01876507220045187,0.01586979181380388,0.0,-0.006736734546041068,0.03855640418835904,0.03178092779699304,-0.003180286130189003,-0.03271877107318888,0.03034366297211727,0.040061690668181216,-0.003163706118830878,0.0008849011069731461,-0.0020267752313860576,0.0,0.0289934197951347
0.03023938507253554,0.0,0.015090362571133942,0.0,0.008795437430334618,0.0006970125952051043,0.014842875669204891,-0.013519541577442007,0.02617437579476123,-0.013265055328730513,-0.0017371383305852528,-0.006519705384657681,0.0296429035496793,0.0,-0.006403959951868321,-0.024461561563686507,0.009780173363045264,-0.0011557982813311107,-0.0032472784657224807,0.013581704104497772,-0.0012487819622511442,0.001987220084054775,-0.0065852331771327766,-0.014628372484934815,0.025869576260830085,0.02634591300389949,0.008123099463441696,0.03083225305283449,0.021725200100512487,0.03760322598022825,0.019100867350081596,-0.0017194439669770967,0.011266030710495756,0.010618241074781265,0.006897246314994332,-0.009326219935477331,-0.0001191544581384818,-0.0006976726282823531,0.005760948714087388,0.018146150857947185,0.016933119576737377,0.01842915430112857,-0.025167634377103842,0.0,-0.00012565573211742453,0.007483562330847238,0.013023183403151284,0.0005850572634288342,0.0,-5.551115123125783e-17,0.02769341443535772,-0.000855339364829788,-0.005535161774974429,0.0018780759003637626,0.000722086554596213,0.0,-0.006169610775692169,0.03472550363240079,0.0,-0.00146297662471373,0.015940395881639924,5.803996367265141e-05,0.008235445861096313,0.0,0.012208778432182099,-0.0036633742583281337,0.018892846665557683,0.000860600162385261,0.022997544031947703,0.015102891012358177,0.021899142722312748,0.007490000791183005,0.008698457893942635,0.008213833883234711,0.004175118881887818,0.014166447327656928
0.00116507695594964,0.015090362571133942,0.0,-0.00439169138812151,0.018672217009241154,0.04830455602698208,-0.019726806827588594,-0.01314494048350906,0.02318124366317942,-0.006520731942867841,-0.033057367088331346,-0.01087803970220752,0.008249905250253597,-0.02958363279649634,-0.003986086767576946,-0.004558144540536879,-0.0014664836351415134,0.0009811052118606778,-0.02287097001844507,-0.010753602407084506,-0.004751817521894075,0.008041883389906024,-0.05841115078282633,0.0011554309866717016,-0.0026140793394799355,-0.010853817560913415,0.02375914040653737,0.01836738406508054,-0.013784669922050463,0.031407748880146136,0.016096417758245996,-0.005684072121045991,-0.01692943738610947,-0.0026919114573475955,0.014773751402827717,-0.049695943045076685,-0.012440466115345716,-0.000201033693974062,-0.02868707199925291,-0.003922346764967555,-0.025069994223220537,-0.03016318228648851,-0.01726753122894631,-0.0029631504610909687,-0.0002455248351973527,0.0,0.0027423983899790283,-0.05503804637219445,0.0005450687883719607,-0.027148788212843056,-0.04375432529814027,-0.03257313752387514,-0.03778397278957346,-0.023761000466632876,-0.001238838470668524,-0.08909255384365766,-9.607245817222498e-06,-0.028313063052116783,-0.011354076099906352,0.00133914677439545,-0.0009558216283446219,0.0,0.0,0.0015588334425785666,-0.016238793806986673,-0.0014250644097884568,0.0006819088256836414,-0.03797333991439278,0.0,0.0,-0.0017431749088306914,-0.04169731229641982,-0.013586653564734985,-0.0005720687581411976,-0.003582440884967286,-0.02681696121136823
0.0,0.0,-0.00439169138812151,0.0,0.014588259270964465,-0.023939163025163857,0.011518412811372558,-0.007277420856690586,-0.033862856834970256,-0.0034456492699201924,-0.03173074403872289,-0.007203997393145645,0.024473873037120453,0.020546471759729845,-0.0012777724070502927,0.0,0.0005328794258167013,0.0,-0.03610484803474173,-0.0019267170292457392,-0.0001757266359985188,-0.0002811731791814154,-0.03402066722668612,0.00216894205341156,0.0,-0.003387405218625128,0.026849944340342713,-0.002237776887582532,-0.0002472552353761648,-0.0003864984437081387,-0.005214866661916617,0.036838423256919994,-0.016408608715897832,-0.02532912506347995,0.06457438185574366,0.06245903028561567,0.04449596962073912,-0.0063183461382440576,-0.0019815028550082547,0.0,0.001503994324461022,0.0,-0.00034631422113906574,0.0,0.0,0.0,0.0,-0.00010774349111736248,0.0,0.0,0.00019781604297064437,0.0,0.0,0.00025224138620627556,0.0,0.0002582315060816742,0.0,-0.0001898873954725433,0.0,0.0,0.0,0.0,0.0,0.0,0.0,0.0,0.0,0.0035684984931946273,0.0,0.0,0.0,0.000135318169295906,0.0002472406702112018,0.0005957156724444301,0.0,0.0
-0.0006505446871356568,0.008795437430334618,0.018672217009241154,0.014588259270964465,0.0,0.037003558581043816,-0.015850908711848632,-0.0227181432173042,0.0064535127702525785,-0.03109878370651631,-0.0004041748288926006,-0.016476021275270092,-0.017390541648989066,-0.004163101367476829,-0.003620403836218089,0.0023669571883665474,-0.04262789952680629,-0.006111787434156468,-0.037784398583976364,0.009392261777944333,-0.013904839767858224,0.004275523941968562,0.018392344908933767,-0.010435218420410064,-0.00547537081170435,-0.00879890383096188,0.05148348048587437,-0.02101452088025113,0.002092189289501223,-0.009786187510193223,-0.027770523902611643,-0.03338794593828709,-0.027849392877957235,-0.03954662692351796,-0.03953351409093664,0.005582504522362086,0.030166192263889335,-0.04809489432463182,-0.00061185430687416,0.00917646846313419,0.0022883126460794267,0.007628225615740836,-0.02243821890205283,0.0002652111359921494,0.0023822780270609245,0.0,-0.00021295750599004126,-0.042950017487645875,0.0,-0.011682962188354629,-0.048089805439136324,-0.036551645670673705,-0.038470317970216494,-0.04831090152540751,-0.0004639463504260144,-0.018470502185243043,0.0043445229987603695,-0.03154757216689552,0.0020103472391993504,-4.599634691176968e-05,-0.0017322229568135783,0.0,0.0,-0.004601086734952742,-0.0047716145827201295,0.0,-0.003030536592783184,-0.032729031335297254,0.0,-0.0002788203320705507,-0.003895594639645228,-0.039592982086657624,-0.013066400789804367,0.009287737379525318,0.0025959524404581824,0.0021290786018314245
0.02233883930352598,0.0006970125952051043,0.04830455602698208,-0.023939163025163857,0.037003558581043816,0.0,0.018986931349125657,-0.002906439722887011,0.03490204047547374,-0.012270093168175233,0.03185616554678433,0.00961174301816814,0.022450889662276763,-0.012723159580438625,0.02583650992722808,-0.029234974875725184,0.0030103796213614697,-0.00815424308282825,0.02994034642022908,0.025106084359838354,0.0018666142829186216,0.007622185927400882,0.04329371437997115,-0.004225930849692361,-0.01745168224410165,0.010392004567717494,0.05609330874465884,-0.0034877028517104613,-0.005945587122263174,0.029635337810133333,0.020990992145716814,0.012425902036946823,0.022177682948709698,0.004278913792905681,0.012859561631017646,0.010104376194438491,0.003193702414805266,0.005625262594749714,-0.02714236536129977,0.005799181106117601,-0.008115627166245476,0.0027263230146379325,-0.018878312288559074,-0.00404435168190842,0.001052516300726558,0.0025607580146302378,0.01009215889248627,-0.03815236047200188,0.0,-0.0018869857166187165,-0.020017309025564978,-0.014488084086250241,-0.012106620929082546,-0.03335375969538579,0.0010036056097830759,-0.03281135279711833,0.0031313817748903072,-0.015263860023946196,0.006775002824310761,0.008500626877323114,-0.009376158481811947,5.551115123125783e-17,-0.006816279469957998,-0.03794834514828693,0.0016002114838307158,0.0020041665534157316,0.018689707708993697,-0.013643890911245848,0.0,-0.004225764363412543,0.03088629668098064,-0.01576220875666634,-0.006592222981479989,-0.0029806385051422968,0.015020606619592813,-0.011620703672054034
0.012845141197574461,0.014842875669204891,-0.019726806827588594,0.011518412811372558,-0.015850908711848632,0.018986931349125657,0.0,-0.027815496949731622,0.009212010270928161,-0.004607730581970559,-0.05414846171712745,-0.004944395231526233,-0.011152223577076292,-0.010852577694904997,0.014405916230184057,-0.004536595636757679,-0.003930249839541766,-0.002190531400239226,-0.04591795931279591,-0.0014723089489606656,-0.017160638906446646,-0.00317185063458042,0.00023860767617728262,0.002166495327197815,0.010444231198650622,0.007142656128696523,0.013598225552052035,0.011247235885099516,-0.0032254514444539084,0.019431778641223918,0.012033818837055843,-0.029971648805534545,-0.005292608831275747,-0.014977992083845482,-0.02003006601891777,-0.016068168609557842,-0.022960317311364442,-0.010588123648661463,-0.028678870495218944,-0.000919955373915482,-0.007463236518377714,-0.001985267775260091,-0.023146503288731413,0.0015078399659389508,-0.002224484147614114,-0.0001370686027399315,0.007756019418465321,-0.03735330401051562,0.0,-0.0497267027944126,-0.031401057159719914,-0.0358878698013097,-0.023863300287510547,-0.041236386913073964,0.005816826365428018,-0.037763259680270445,0.003285086855817798,-0.01734650621862277,0.0018831643083596639,-0.0018858968687640587,-0.006018760860617367,1.1102230246251565e-16,-0.0009370573352649458,-0.048686457014445905,-0.008710401300464299,-0.014641553250476613,0.01849243669202283,-0.02696658438811317,-0.00018306445520155368,-0.003610897904128496,0.022347092309663363,-0.030236451961107857,-0.0070267851678825766,-0.010855671954632606,0.0072952283736559265,-0.028916129623622777
-0.012742484457061276,-0.013519541577442007,-0.01314494048350906,-0.007277420856690586,-0.0227181432173042,-0.002906439722887011,-0.027815496949731622,0.0,-0.009448776298902395,-0.03946502243475031,-0.028321435873097156,0.023904703425137397,-0.02033610426951321,-0.004535136565477105,0.021853953051420127,-0.04340383288451355,-0.00724599078036664,0.009761099673685325,-0.03400607990408744,0.009195590491099637,-0.024781078757435848,-0.0023282421396423336,-0.00038030579362302586,0.004365621370947315,0.003955013413194375,0.006965454498558954,0.009295019398681659,-0.008567888428987647,-0.011078813628081607,-0.004076512808506627,-0.008423288274817586,-0.033811964863177724,-0.05157480431199768,-0.020015462723484256,-0.012197363047857401,-0.009908575564597344,-0.02902386889318581,0.009404007839254158,-0.03990459634078419,0.013177538055791027,-0.01845922727390631,-0.013935396815275003,-0.024036502412003002,-2.4635754819535283e-05,0.00041616614569423005,0.002792208081702441,-0.003072501671661454,-0.02742310728626962,0.0,-0.02902984872568759,-0.022959139219377755,-0.018621376993361194,-0.01796365915516307,-0.014654670595171781,0.0003890483903319364,-0.028620569218306025,-1.1102230246251565e-16,-0.019126254626197714,0.006364356889433098,0.004454914331945226,-0.003590337120559728,0.0,1.0666106693979494e-06,-0.041524301992823254,0.00638959310546372,-0.0704917487967312,0.006971888951912142,-0.0145181985301292,0.0016291737118246385,-0.004020568130598201,-0.0028740165421469177,-0.02669826126216629,-0.00616004114737434,-0.010735151959717637,-0.0038830882027977576,-0.02154105271559642
0.0030959576403447042,0.02617437579476123,0.02318124366317942,-0.033862856834970256,0.0064535127702525785,0.03490204047547374,0.009212010270928161,-0.009448776298902395,0.0,-0.027263287745875553,0.012528575676489073,-0.011559502605585137,0.006350358234777809,-0.02517004278125934,-0.005549548841255192,-0.0032976407850237033,-0.008147026588497086,0.0075942165136329565,-0.005531779026531125,0.027879674696753176,-0.0066445024354400695,0.030293229763835805,0.010046587474905166,-0.01285556379869529,-0.002451141723222805,0.014534010613522608,0.0691051451260038,-0.0027278422432797655,-0.00043561853631135516,0.02936115973078346,-0.005626551210649866,-0.0027997141527525415,-0.002990981442983487,-0.01242460533909212,-0.006875381971487404,-0.029207802007884698,-0.002420542751364052,-0.02156483216380689,-0.024467103554243363,-0.004743833607503911,-0.012403699769322096,-0.011663911185885834,-0.015650126292075406,0.0015905230560558925,-0.0008663867206678,0.0,0.001262820613886162,-0.021000295934367363,-0.001451032590577217,-0.04386601243267352,-0.041459399245260764,-0.04153906416923603,-0.04164100538720106,-0.03556108714066408,-0.0016053327659011352,-0.024941407818150796,-0.00037323244553322255,-0.030553103109541402,-0.011961005030834526,0.004902065946454592,8.372862977817919e-05,5.551115123125783e-17,0.0,-0.04385759564516756,0.010866128461595126,0.004851149964450352,-8.415862286281772e-06,-0.037083703699221315,-0.00232628473184493,0.0007220206772246551,-0.00649453200879363,-0.03606974167463817,-0.022363567022784636,0.0014463612931612246,0.0001267347899025495,-0.02483450402177434
-0.0648587218150824,-0.013265055328730513,-0.006520731942867841,-0.0034456492699201924,-0.03109878370651631,-0.012270093168175233,-0.004607730581970559,-0.03946502243475031,-0.027263287745875553,0.0,-0.044955839633217365,0.06397016101457614,0.009502837070238912,0.004054069788131387,-0.004707402236578784,-0.01339900042225245,0.03555665019355442,0.03048659434094969,-0.04053404328359422,-0.004917065843621782,0.030339107950276056,0.021690568788588827,-0.0007219190706682088,0.03738713233240942,0.03862485079061179,0.044615987976763194,-0.00037492712126269145,0.02606950745855563,0.009548165804505848,-0.016581287988863103,0.04615666064531376,0.036938767701680086,0.02497991610199296,0.014189778327411584,0.002442515204918838,0.019290329246128557,0.0017797136484737353,0.011737961902612781,-0.0005764274017819315,0.052132717977179,0.10513892241232353,0.010498915839915468,-0.0031099705259173827,-0.001935487143098491,0.05245912545756626,-0.01636529690089733,-0.005824160125854516,0.0038798578244246817,-1.1102230246251565e-16,1.6653345369377348e-16,0.001039832630167048,0.0028241374672422492,-0.0009162971129451636,0.0006882765008048297,0.03486339910679115,-0.004305653833725054,0.02756813211215081,-0.01220062299951652,0.0,-0.0009722675167356809,-0.009498115181172273,0.03596838741405206,0.031411457164019774,-0.00023029477124247855,-0.0016261341340073066,0.0002167417349548395,0.0027292724348842445,-0.013417451917371315,0.03352594596839459,0.03147258087326976,0.03363828041274847,0.002456796822948193,0.007957781554844667,0.003477595636730113,-1.1102230246251565e-16,-0.026886983677440746
0.0005272100502392019,-0.0017371383305852528,-0.033057367088331346,-0.03173074403872289,-0.0004041748288926006,0.03185616554678433,-0.05414846171712745,-0.028321435873097156,0.012528575676489073,-0.044955839633217365,0.0,-0.04549737090716316,-0.052296689735541746,-0.013404137289633355,0.0,-2.9269286070943146e-05,-0.004774009951784175,-0.009720251545790648,0.00041486667410839395,0.00013451779793854923,-0.000474827725333582,-0.0020103649169112003,-0.0252792409633551,-0.015274241496672059,-0.007650864964420523,-0.013292830797257127,0.041556972921505786,-0.0449241588747365,-0.010657510034160045,-0.01390949006257769,-0.04415674333374464,-0.043087901055973044,-0.029207130244834234,-0.05492820016667388,-0.036082455548390124,-0.013260802634589619,-0.04645105758459178,-0.030015133297360275,-0.0137973499879262,0.005801093728280693,-0.11878034838090118,-0.0003061138258999563,0.0016490230480874501,0.0029093367195109354,0.003794896601223008,0.0,5.551115123125783e-17,-0.16341191242536784,-0.00023608063616503694,-0.05765543673969392,-0.04790195057265101,-0.03570817550608091,-0.028783688475091884,-0.015551114972600477,0.00036634098185450714,-0.07588192777162242,6.1904810626511875e-06,-0.03904418427376022,-0.005398933822327867,-0.0013931307074627752,0.0,0.0,0.0,-0.15188592448889274,-0.0004910011792573776,0.0,0.0018837492372313913,-0.029032128275624625,0.0,0.0,0.0004225748173963262,-0.006919876920871482,-0.03470648434785706,0.00220606974961407,0.0010561217847673277,-0.012091243500861992
0.02387635633106744,-0.006519705384657681,-0.01087803970220752,-0.007203997393145645,-0.016476021275270092,0.00961174301816814,-0.004944395231526233,0.023904703425137397,-0.011559502605585137,0.06397016101457614,-0.04549737090716316,0.0,0.008367546356259359,0.002107976367841713,0.04194143135064776,-0.01321976834032057,0.020163538306019968,0.02440101109673115,-0.013693673482506441,0.031174468213094553,0.023041000043477367,0.04403764018853806,0.04222409004492961,0.05493422171445811,0.00019878195958272782,0.0350254971763127,0.04069025336962839,0.013510693507557459,0.0009503639059079694,-0.002773537569841722,0.029867116014348494,-0.014716391769576287,0.03416999742938326,0.004686639951822835,0.004321605085526703,0.014025281156650526,0.008168959550746813,0.0001537980963493002,-0.01687627774822642,0.06297903783850095,0.10264568388891893,0.01582626670839976,-0.013450807414211952,-0.0006386453032649064,0.07411084596202466,0.03732916810547032,-0.0012767506682933583,-0.00045354873319264355,0.0,-1.287605373212486e-06,0.0054069525936029095,0.0016746046840005469,0.0,-0.00025442102112510634,0.021266815680246687,-0.0004136359458221106,0.025304431770863778,-0.004531360275947083,0.0,-0.0010879601641101688,0.04042521916403424,0.0261894376491974,0.027510711092634588,0.0,0.0011409339528634654,0.0004788885668788323,-0.0010342617500918028,-0.0027339966608270205,0.02707541258287477,0.02583565776159974,0.02467234934075707,0.009041108657604047,0.016021353611676947,-0.0016425942018725714,0.0,-0.027092080095801663
0.014040359195110097,0.0296429035496793,0.008249905250253597,0.024473873037120453,-0.017390541648989066,0.022450889662276763,-0.011152223577076292,-0.02033610426951321,0.006350358234777809,0.009502837070238912,-0.052296689735541746,0.008367546356259359,0.0,-0.010712082254473065,0.0045883015211182765,0.0050913603200187785,0.008319585290748888,0.005331244880331265,-0.04120024945968215,0.014712887273868824,-0.0017244070969459901,0.012733219170470378,0.0027362251970480256,0.021307696205082882,0.02175923784986672,0.013246350002026175,0.015265230899787874,0.033245263813431514,0.017046809007574715,0.005095181267560256,0.025150462935029927,-0.016381488335873384,0.006965560198083087,-0.002968815729380736,-0.009739814534435398,-0.016614955729527092,-0.016987377178888097,-0.0009775969636597326,-0.013459934171643761,0.055722400275071915,0.0004601224422280392,-0.001984362342320356,-0.022240287286291016,-0.004973711891318566,-0.0006878346918083311,-0.00038554349498565177,0.02402734153470293,-0.03639118650778417,0.0,-0.003115656091383201,-0.024256635799894122,-0.022841325578572436,-0.018704639447197247,-0.03968449022573606,0.0019123254072133666,-0.017651909591973436,0.0028278355041780334,-0.013758371056639018,0.00423930872990258,0.00340391365586018,0.032157420631595324,-0.0012515841062326616,-0.0021498268170858092,-0.04277949707259793,0.006120992985953422,-0.005631069313900228,0.01964793218041677,-0.017268645295503537,-0.0003886365789678714,-0.007645347863215246,0.023598062559139377,-0.018008403955656394,-0.007364725869434041,-0.008079448051705462,0.007069012198375413,-0.01672760429359299
-0.008615365943584918,0.0,-0.02958363279649634,0.020546471759729845,-0.004163101367476829,-0.012723159580438625,-0.010852577694904997,-0.004535136565477105,-0.02517004278125934,0.004054069788131387,-0.013404137289633355,0.002107976367841713,-0.010712082254473065,0.0,-0.00025330966861403237,0.0,0.0,0.0,-0.03606331790091205,-0.00277622848988357,-0.044853259461204,-0.003300285644450285,-0.022616227062606353,-0.006177908649526831,0.00023046184398578529,-0.009202377306944842,-0.011890165544866216,0.006278925601601482,-0.012463534486090777,2.651891781352278e-05,-0.02015548462369343,0.0541103577209201,-0.06038096479809246,-0.0557238534716587,-0.017897606621746553,0.03308170326166032,0.022118942404324576,-0.00995387329466646,-0.03295120132812762,0.0,0.0014382504719688272,0.0,0.029156602733742154,0.0,0.0,0.0,0.0,-0.0070520221217817425,0.0,-0.04140782693937589,-0.0022769472184567263,0.02735119237587308,-0.006100719057178294,-0.012691726996934882,0.0,0.012396452741448072,0.0008337684335290585,-0.003656476231082839,0.027631184584790303,-5.551115123125783e-17,0.0,0.0,0.0,-0.00829932097505004,-0.0009188936185742236,0.0,0.0,-0.00794034650792641,-0.0008589412226109872,0.0,0.0,-0.028737639129811143,0.004052247654843466,0.001332178943753537,0.0,-5.551115123125783e-17
0.014681092199032908,-0.006403959951868321,-0.003986086767576946,-0.0012777724070502927,-0.003620403836218089,0.02583650992722808,0.014405916230184057,0.021853953051420127,-0.005549548841255192,-0.004707402236578784,0.0,0.04194143135064776,0.0045883015211182765,-0.00025330966861403237,0.0,-0.021663939170415814,-0.0045169732876819135,-0.004597530727003973,0.0,0.023365121557013924,0.017559111708814912,0.020529672461176818,0.042531759164272154,0.015817671970032643,0.011920038205001704,0.02195287454254463,0.053837278194204696,0.003179853374990771,0.01771902092278199,-0.021835522915931715,-0.010552592400764393,-0.009568412535458093,0.007483359130514733,-0.021880737447838305,-0.018972946393458978,-0.011438356032735575,-0.05906514144213543,-0.027743614359713786,-0.011265101364833996,0.023928833220516144,-0.0004706368244554726,0.009631430876788194,-0.06327795209141551,-0.0005991786864886217,0.0029370542303320257,-0.003193253830250098,-0.005413846095126962,-0.0036018680905839373,0.0,0.0,0.008693376658886698,0.003294522035835523,0.025970938462637982,-0.0008814855924236809,8.118154776737274e-05,0.0,-0.0017041461113879164,0.01472394781289521,0.0,0.0016254712762798773,0.010117042119604291,6.792397871346889e-05,-0.008708801265431165,0.0,0.016175305463903333,0.011208560132930978,0.005809395722029986,0.009187540707989661,0.005467897489240536,-0.008826646058679,0.006517900980222424,0.005147963029768665,0.007037828440403238,0.004004479259883842,0.038039795157343126,0.0025042870896683778
-0.005028837623692384,-0.024461561563686507,-0.004558144540536879,0.0,0.0023669571883665474,-0.029234974875725184,-0.004536595636757679,-0.04340383288451355,-0.0032976407850237033,-0.01339900042225245,-2.9269286070943146e-05,-0.01321976834032057,0.0050913603200187785,0.0,-0.021663939170415814,0.0,0.017748794047428296,-0.0021887007209499543,0.0012060601540466176,0.011671117105765072,-0.008135229517532427,0.014579875978157464,-0.007404753372082962,-0.008379899057484985,0.008992771107669773,-0.006125092107062802,-0.003280065046804448,0.0010445128567057593,0.004366351237356347,0.003395087369993166,0.0007926885009756912,-0.014558648795162998,-0.020834656631703585,-0.012952348202468988,-0.018418195864714493,-0.007905440158569255,0.004451418119162054,-0.001214436736198976,0.0029920095266244284,0.0009882972372864396,0.005332998100342323,0.0027421346391102164,0.0017985274117364725,0.0,0.0,-0.009620647264184878,0.0013085567265886944,0.0,0.0,0.0,-0.013862151971594405,-0.007022087318967363,-0.009432109476005535,0.0,-0.004512953560973254,0.0,-0.010696680077060594,-0.010338269845078796,0.0,-0.006494371267727728,0.005567853199028638,-0.012983107088456736,0.011987433609830123,0.0,-0.00653167522731507,-0.0065431475578410225,0.010558524816875747,-0.011453241307848805,-0.014205156512107298,0.013304416026731658,0.016709110351054268,-0.008377571888088742,-0.0180417253654937,-0.013079565722544928,0.00037353570276488224,-0.004961518099009854
-0.008359769914621895,0.009780173363045264,-0.0014664836351415134,0.0005328794258167013,-0.04262789952680629,0.0030103796213614697,-0.003930249839541766,-0.00724599078036664,-0.008147026588497086,0.03555665019355442,-0.004774009951784175,0.020163538306019968,0.008319585290748888,0.0,-0.0045169732876819135,0.017748794047428296,0.0,0.03075569188341215,9.669049579918987e-05,-0.010496750568073476,0.0009430508170868435,-0.00033746040439563973,0.024562354534385433,0.012941572383948718,0.04330622699834208,-0.005038823355160815,-0.0013389213680619627,0.025112560210983736,-0.016719160630544905,-0.007409764071701408,0.029623454051190545,0.0032253373976917077,0.019674455681615466,-0.0018336874216515198,-0.00550808252509799,-0.0004810145950649991,-0.0011639582106597324,0.0055260065191400365,0.030486980904878558,0.02208469839130045,0.015076563687880684,-0.012191792655769085,0.0,0.0,0.06454991333005489,0.024462967097009902,0.026054355793174,0.0,0.0,1.6653345369377348e-16,0.0012177964734191304,0.00034886670457945357,0.0,0.0,0.009147164653320106,-0.0006191447518410498,0.007717263438316635,-0.0022403702332650655,0.0,0.0,0.015703514967128906,0.020204285745869688,0.011768206013860638,0.0,0.0008901558937465248,-5.551115123125783e-17,0.001954384234548301,-0.002803730061194609,0.01200282226472199,0.01272710424659812,0.019714661619161744,0.0,-0.003688876283126641,-0.0030784039685311515,0.0,-0.014913552220470083
0.002251354404670114,-0.0011557982813311107,0.0009811052118606778,0.0,-0.006111787434156468,-0.00815424308282825,-0.002190531400239226,0.009761099673685325,0.0075942165136329565,0.03048659434094969,-0.009720251545790648,0.02440101109673115,0.005331244880331265,0.0,-0.004597530727003973,-0.0021887007209499543,0.03075569188341215,0.0,0.004760031826814448,-0.013873226903360625,0.022961073260997555,-0.015520850299750588,0.013819860420003938,0.012612118759897983,0.04732964555604208,0.007644978245445078,0.006653840927331678,0.009948190788258593,-0.014242241722303206,-0.0006338318728489889,0.033200509235060294,0.0013138323483197212,0.0231481625743144,0.014169754707712867,0.004033552557295872,0.02651307780539952,0.0,0.03436148231985209,0.002562186818119594,0.020047131746486202,0.022507032285882855,0.02779715999646115,5.551115123125783e-17,0.0,-0.010856685293273771,0.0167155986182716,0.009252827521790907,0.0,0.0,0.0,-0.01096855884189557,0.00044704046154492305,-0.0019220967017904433,0.0,0.01301433336613217,0.0,0.020201756491010026,0.03904660584733871,0.0,-0.002459821884345015,0.011255882511772564,0.021684360524044488,0.017548297662424106,0.0,0.014215932149105825,-0.005490921000942117,0.010796189335477602,-0.004088195333590505,0.014469866205392146,0.02273426874511808,0.02840181321003027,-0.013072762668072613,-0.010339439372618775,0.008198009457364486,0.0,0.021323157261393666
0.0,-0.0032472784657224807,-0.02287097001844507,-0.03610484803474173,-0.037784398583976364,0.02994034642022908,-0.04591795931279591,-0.03400607990408744,-0.005531779026531125,-0.04053404328359422,0.00041486667410839395,-0.013693673482506441,-0.04120024945968215,-0.03606331790091205,0.0,0.0012060601540466176,9.669049579918987e-05,0.004760031826814448,0.0,-0.0006859849166405696,-0.0017871708708067646,-0.005237454462603985,-0.03697128938346206,-0.0015379609178887699,0.006089450320667489,-0.0065064820032028625,0.016019297511155273,-0.03257465586719677,-0.002842366127146001,-0.013557882677680544,-0.03364943708275442,-0.038637841840997555,-0.06424070593399617,-0.038290168749316345,-0.030270940976170446,-0.05310550180121604,-0.03599912048219134,-0.02747471848486882,-0.021132713009434312,-0.0002739106611562847,-0.0027885665689483252,-0.002093776301184236,-0.030549385902110426,5.551115123125783e-17,-1.6653345369377348e-16,0.0,5.551115123125783e-17,-0.12171314393914173,0.0,-0.0396100091753106,-0.05230692114115271,-0.04481173146439921,-0.050666439712704014,-0.044402800510934926,-0.0005165707093928162,-0.1838963664464765,-0.0022450143325513094,-0.04018529472781068,0.0013903158138102722,-0.0017981957825109474,0.0,0.0,0.0,-0.0519648865670399,-0.001669130949259634,0.0,0.0023200117798631292,-0.04980655724653138,0.0,0.0,-0.004414648642159347,-0.021748604287676665,-0.015285835960959449,-0.025160462047715104,-0.0010647150519998982,-0.026892614783663782
0.01022562914737385,0.013581704104497772,-0.010753602407084506,-0.0019267170292457392,0.009392261777944333,0.025106084359838354,-0.0014723089489606656,0.009195590491099637,0.027879674696753176,-0.004917065843621782,0.00013451779793854923,0.031174468213094553,0.014712887273868824,-0.00277622848988357,0.023365121557013924,0.011671117105765072,-0.010496750568073476,-0.013873226903360625,-0.0006859849166405696,0.0,0.005252330793628579,0.024093234049606504,-0.005104314390597997,0.02263120103273447,0.015884657809241864,0.011037185651741777,0.033542441223444075,0.0241484632684979,0.025791071263082388,0.03317819211385914,0.0031673971805034062,-0.005401903416694276,0.009119231476770295,-0.01543514702779053,-0.021189349068185925,-0.005637822504251155,-0.008734263851146562,0.04136619232219013,-0.02189358747439174,0.009880565562915555,-0.003116410381797996,-0.0015628516056567232,-0.054718824405912525,-0.0012564437008950602,-7.738099644527541e-05,-0.022033826887948638,0.009531613946240414,-0.030036322977675056,0.0,-0.0045302337122878344,0.003653462434799526,0.014411554022549122,0.004124135983617605,-0.0026686467646822587,0.0006184354397811842,0.00015858256547657268,-0.00075937405078913,0.01604886265413802,0.0,0.004527789902774526,5.366889045294032e-05,0.0002496023693068228,-0.009372917265363823,-0.0029147620948264397,0.005561304175137338,-0.0006615429196099032,0.011511050322172367,-0.0019902848325732414,0.00010609586721688213,-0.006492653967904105,0.012769181919342065,-0.00705236661899894,0.0016066252447105578,-0.0037508751287636533,0.0019780048215951584,-0.0032023711685637
0.001309426663608726,-0.0012487819622511442,-0.004751817521894075,-0.0001757266359985188,-0.013904839767858224,0.0018666142829186216,-0.017160638906446646,-0.024781078757435848,-0.0066445024354400695,0.030339107950276056,-0.000474827725333582,0.023041000043477367,-0.0017244070969459901,-0.044853259461204,0.017559111708814912,-0.008135229517532427,0.0009430508170868435,0.022961073260997555,-0.0017871708708067646,0.005252330793628579,0.0,0.00807772259983458,0.02171538068382589,0.014499428814961468,0.023612749702514868,0.015552248146850023,0.01993046735541426,0.004906489381941714,-0.0016659101486976025,0.006254477988490104,0.004575997610237581,-0.0039705034302034425,0.00818400388237428,-0.01628505884893572,-0.005806273566201725,-0.024627716541228917,-0.015585207149814706,-0.014254912062337421,-0.008438746283668475,0.020587012491094514,-0.00031265281309483806,0.0025292138611248127,-0.006707465018735759,0.0,0.0008294379980680611,0.01805790802828111,-0.0040344443502300376,-0.0013541920014451536,0.0,0.00042190415370252365,0.0037585942811752537,0.012170715476440441,-0.000574094800571856,0.002728361341324592,0.0001453046586840645,0.0,0.00044377017369773286,0.002148631551071034,0.0,0.006938580585201304,0.009027087105413334,0.0,-0.005616392683887916,0.0,0.01342222557743128,0.01724288517780881,0.013360326236837583,0.0026112852732043113,0.013411854830214787,-0.008839601764903948,0.009371063714679218,0.0007706356737311459,0.014795327510859158,-0.0009635315249462706,0.010869582776342979,0.007018235607624934
0.03466808547648753,0.001987220084054775,0.008041883389906024,-0.0002811731791814154,0.004275523941968562,0.007622185927400882,-0.00317185063458042,-0.0023282421396423336,0.030293229763835805,0.021690568788588827,-0.0020103649169112003,0.04403764018853806,0.012733219170470378,-0.003300285644450285,0.020529672461176818,0.014579875978157464,-0.00033746040439563973,-0.015520850299750588,-0.005237454462603985,0.024093234049606504,0.00807772259983458,0.0,0.006111558387033478,0.07019820431455298,0.02058784735577407,0.016507483383378374,0.009024037256157524,0.026382752406835797,0.026246692700122087,0.03258667426118683,0.007960183279077993,-0.009663812599858324,0.008337184930721941,-0.01388901714403501,-0.016782701574588,-0.012140422018677377,-0.01694803617555818,0.04606494700435271,-0.012829267572424974,0.018187542912991572,0.0037693989096138636,0.0061610991017996275,-0.045461176672720705,0.0,-0.003956834102221585,0.012195530114438746,0.01485110878746504,-0.02637221074773244,0.0,0.0005023377627574321,0.015662984920775058,0.014473825785021543,-0.0020112654259881735,0.0016331593868813,0.0011411214762533928,0.0,-0.0015998134825624954,0.01233164586140284,0.0,-0.010191350031430235,0.01919624017729632,-0.008366415483260892,0.008110931077530081,-1.1102230246251565e-16,0.007396675980303746,-0.0036580627777249575,0.002317892570575908,0.002659827593064934,0.0032243179659074417,0.005462499331326365,0.012251468675129162,0.004635110824744215,0.011925622914727041,0.005504983806631725,-0.006669231264167852,0.007724679869678952
0.006889353209828308,-0.0065852331771327766,-0.05841115078282633,-0.03402066722668612,0.018392344908933767,0.04329371437997115,0.00023860767617728262,-0.00038030579362302586,0.010046587474905166,-0.0007219190706682088,-0.0252792409633551,0.04222409004492961,0.0027362251970480256,-0.022616227062606353,0.042531759164272154,-0.007404753372082962,0.024562354534385433,0.013819860420003938,-0.03697128938346206,-0.005104314390597997,0.02171538068382589,0.006111558387033478,0.0,0.014988297139430784,0.01727381478589579,0.011227295182597685,0.029750825820720583,0.007764108634120137,0.01866987120932928,0.006830630682377048,0.010534730841776363,0.006259011864030051,-0.02098125168657361,-0.0013621108546453264,0.013090465589989997,-0.01683892097382883,-0.02016245848447079,0.025354900485478504,0.007538754888562704,0.0005821651128543603,-0.0036457962288959367,0.0018503837144684399,-0.020517555345287875,-0.032294135184237016,0.01785594873363061,0.013456835648390342,0.011745433094061286,-0.13311246056845683,0.00013136005970643128,-0.03326370160640302,-0.015350218317566,-0.015715200574146326,0.0037671847027620498,-0.029688668520220785,-0.0010365380384265155,-0.06435864469511099,0.024377811552330708,0.0023079145874683737,-0.019206871125515834,0.014103844735188775,0.03274662662998079,-0.0025569867632880827,0.008894060596674414,-0.18439392262669763,0.017497502212822313,0.027151919022499416,0.022393455459799094,-0.002117863117774732,0.0053648652496811056,-0.003397355610234243,0.01420901328510249,-0.007302541134071472,0.009401989420473544,0.010873487744423649,0.01912820649264524,0.0016515920763076064
0.02020608058361012,-0.014628372484934815,0.0011554309866717016,0.00216894205341156,-0.010435218420410064,-0.004225930849692361,0.002166495327197815,0.004365621370947315,-0.01285556379869529,0.03738713233240942,-0.015274241496672059,0.05493422171445811,0.021307696205082882,-0.006177908649526831,0.015817671970032643,-0.008379899057484985,0.012941572383948718,0.012612118759897983,-0.0015379609178887699,0.02263120103273447,0.014499428814961468,0.07019820431455298,0.014988297139430784,0.0,0.014351680388893562,0.013593641428553405,0.012309103384767983,0.04717842282351953,0.01693432701433434,-0.0034150148651603818,0.032011662004075625,0.026613594197051116,0.06681943584783423,-0.004737171271191221,0.015988870373843223,0.05564141394518035,0.01284109173156378,0.027524547086759055,0.030938909254546842,0.059489461670504784,0.04708609511987005,0.020721541589178494,0.009545006744292484,-0.00047841341681925664,0.05423328044366993,0.047133352930170624,0.04017532276399122,-0.00028177153229203,0.0,0.0,-0.002656662219037209,0.002298221557448743,0.0001258723572112319,-0.004245483835063457,0.010601487641108298,0.0010816500847221633,-0.00394336194960726,-0.00348157899783319,0.0,0.002103528154202894,0.030716349893290362,0.01763203101557642,0.015780782734923948,0.0,0.00039809372720178704,-0.0032658803293666994,0.018475549035967764,0.05059267657730815,0.01176535218398761,0.03703773689428064,0.03547238734156055,-0.000921508187274267,0.0115259345445054,-0.00468605227155916,0.0,0.01090662913190138
0.0076828038301023915,0.025869576260830085,-0.0026140793394799355,0.0,-0.00547537081170435,-0.01745168224410165,0.010444231198650622,0.003955013413194375,-0.002451141723222805,0.03862485079061179,-0.007650864964420523,0.00019878195958272782,0.02175923784986672,0.00023046184398578529,0.011920038205001704,0.008992771107669773,0.04330622699834208,0.04732964555604208,0.006089450320667489,0.015884657809241864,0.023612749702514868,0.02058784735577407,0.01727381478589579,0.014351680388893562,0.0,0.023917114634560532,0.010610615829321268,0.03267627808925444,0.01324584007547186,-0.008837405678118582,0.03923995499675581,-0.0013950379017641512,0.018837717167133727,0.013136011770331302,0.009578830023029505,-0.05168364805183062,0.0005341814871847039,0.0029595547944501477,0.01804252853789795,0.024472541283696636,0.022287395109919617,0.02787655809180406,0.001569717917481006,0.0,0.05145683619818203,0.02389649768423341,0.017669653521100726,0.0,0.0,0.0,0.019176800085035528,0.0015163218747443752,-0.004285033985376996,0.0001844347251560019,0.01223281573004148,0.0,0.02586880581588863,0.02972174891614615,0.0,0.014613959376591656,0.02070119738759596,0.02431107505383301,0.019886091331605238,0.0,1.66965457267243e-05,0.01528569233265209,0.024122007498534326,-0.014149833003436585,0.027682731769799518,0.024269678856129795,0.03166839566132579,-0.0009577931337300671,0.022447001394709676,0.011484319063119752,0.0,0.020130206983950738
0.01879867183493228,0.02634591300389949,-0.010853817560913415,-0.003387405218625128,-0.00879890383096188,0.010392004567717494,0.007142656128696523,0.006965454498558954,0.014534010613522608,0.044615987976763194,-0.013292830797257127,0.0350254971763127,0.013246350002026175,-0.009202377306944842,0.02195287454254463,-0.006125092107062802,-0.005038823355160815,0.007644978245445078,-0.0065064820032028625,0.011037185651741777,0.015552248146850023,0.016507483383378374,0.011227295182597685,0.013593641428553405,0.023917114634560532,0.0,0.018771377987892135,0.020966560118722666,0.010161437857014732,0.003638442592176938,0.02495253215040588,0.0014381190384371578,0.020160206398845137,0.00698626539555941,-0.0042041140177936365,0.03934444469631304,0.023376872076210753,0.033779495966038575,0.012253068407864498,0.03559021699394588,0.01707036140989754,0.018028641886673746,-0.016371572052693018,0.0,0.018139469679833764,0.02226984084726441,0.012624160115705774,-0.003127961298321935,0.0,-0.0008458222461689702,0.02835609793296645,0.04585549595616789,0.015861913651440074,-0.0056130814016535635,0.013569873391563791,0.00044697738928045627,0.016083628482851053,0.028696086744675386,0.0,-0.004397446343285094,0.020566275875447737,0.017352109489320977,0.01870056836215861,-5.551115123125783e-17,0.018523017595380054,0.004418858691691896,0.008357273519125852,0.00905853872935225,0.019331599618302053,0.02643417607716292,0.025892770104637974,0.012677394302698763,0.01657544131719274,0.017238309783576156,0.0002581743851092777,0.0189635353972738
