0.0,0.03014675275157047,0.0021949661789281705,0.0,-0.0006390733755538558,0.0270540966710478,0.008091165151791424,0.019430460055334775,0.008234586300701896,0.023355683152865014,-0.00015500357739345327,0.02346792203853937,0.03894231226854172,0.0008556423899093168,-0.0016095349462378894,0.018730078354672275,0.027148311128956604,0.02599990043622863,0.0,0.04100361320596352,-0.02019827596097945,0.031029475287638386,0.0184308200361048,-0.0171942521088308,0.01792370482300093,-0.0038297396519412774,0.007627141507252411,0.02273730735278945,0.04872240940682687,0.007857045346651437,0.03110648272712896,0.012360062617945866,0.046327003513539466,0.019159551656028895,0.002560526199861801,-0.002530385373178956,0.0,-0.01842364033573951,0.026647800659145182,0.04990616259402941,0.0326168433428104,0.030323935196305052,0.0,0.0,-0.000954740368289908,-0.01247299640813504,0.040841863171502735,0.0,0.0,0.0,-0.0011974948286606057,0.0,0.000152566361787565,0.0,-0.09147777618596192,0.0,-0.014813330037184269,-0.0011294402166101558,0.0,0.03503529856387577,0.033739838766731145,0.001931416208703629,0.031347983409628244,0.0,0.0054293787469248955,0.07324255387143386,0.026547569614128075,0.009007711164373156,-0.027656024462578255,0.038523732494258445,0.044083626882152116,-0.0019474335927242015,0.0003477205696801322,0.0044489566694455585,0.0,-0.0021407708045153018
0.03014675275157047,0.0,0.0466002330908335,0.0,0.04158972313780834,0.036521880517002336,0.02882682525009167,0.05500675835200364,0.04202072214961472,0.021116151225217705,-0.0005754534033193814,0.020040928509189204,0.02826892095172201,0.0,0.019723193483017876,0.021858206683588788,0.02031707141525918,0.01891563584452821,0.058647392158620915,0.03894361412440084,0.04305528968062311,0.020994632609948105,0.031132532037682403,0.029595711516581524,0.012208217182902825,0.03318513697989317,0.03290738427994061,0.017522049979520116,0.02773177256350018,0.004052932627959305,0.01876812777443937,-0.0012515845484400434,0.016334176100393283,0.003761682328490501,-0.007062012739563528,-0.007556859138974914,-0.0008220968750226598,-0.0012149019212638335,0.006858196550446394,0.0005757017735895653,-0.0020456561706068133,-0.006679173327690802,-0.005723449600873287,0.0,-4.9376232452491564e-05,0.03409272693964166,0.010445654176546415,-0.0020633746822863452,0.0,-5.551115123125783e-17,0.0198742125726184,0.006203913301300934,0.05010693779161157,0.04016706642993101,0.0011820702833735264,0.0,0.0383472932652138,0.009609405436427854,0.0,0.01674422321955016,0.012770604971727217,0.00010793979470652415,0.024753869198003042,0.0,0.015079919447353318,0.01927277017977913,0.008267380508554245,0.01832969818462632,0.033044948329981005,0.02260070735132752,0.016155753293823127,0.019388551597708248,-0.006047982914698491,-0.0025327044388032682,0.0016317279244672522,0.00708877460617785
0.0021949661789281705,0.0466002330908335,0.0,-0.0036797173031767882,0.03164213560086282,0.03177598056441083,0.045198941353883915,0.02225837095475286,0.04492303039327017,0.029430229449771195,0.042402934444388196,0.029909206679364975,0.04984760581829073,0.006519734963813195,-0.0029961564860560563,0.05413541513339398,0.011516141791622692,0.03277133471452709,0.0330439042940448,0.04478564150202391,0.029490228182564304,0.05854307282353077,0.044550589633106596,0.020502543125086425,0.025240896330434637,0.026320678279545928,0.03269480112030487,0.04328864137944871,0.015395113991366338,0.056928788937444075,0.03661868657205514,0.026395990512992573,0.018765091470754725,0.025130121963547414,0.03378982550104942,0.013059532596024492,0.020402771041351464,0.009334146694575607,0.04051341284833332,-0.000573440318428875,0.03982556176094687,0.04444449386250393,0.017076600372405104,-0.0014719299393385343,8.868408787493509e-05,0.0,-0.025339389616051478,-0.06736741690156572,0.00021418396712796772,0.05431071668815168,0.04955493931400479,0.052045125614352816,0.03953263910098015,0.0606247521186043,0.0021537037175636264,-0.0581080080249049,-0.000983009012566094,0.039375361827957756,-0.0009580319206056176,0.0161282622566154,-0.00037558868273707136,0.0,0.0,-0.03162202715702683,0.03886623303897979,0.0010686148124270378,0.019815925671767376,0.000635533613104311,0.0,0.0,0.010190048202842028,0.013712279618899204,0.049853490823083324,0.041013030163515984,0.05352049773295997,0.036623741184021674
0.0,0.0,-0.0036797173031767882,0.0,0.04006504251194554,0.021084268532737704,-0.009247941843676832,0.02629634326408442,0.02081982583098263,-0.13228943765183,0.026724445076581227,0.001225381831834238,-0.017168403775580487,0.03081255895134627,-0.02047570774614621,0.0,0.000339189068480239,0.0,0.010596153760384863,-0.012657173517241382,0.00046731173031655526,0.0034039562740499907,0.024946917149055836,-0.003561299252654193,0.0,-0.00038255393310193675,0.03187792360571756,-0.001279302753750211,0.00036505074549947336,-0.00015187398678523367,0.000801485170309979,0.02881561587346254,-0.009221453123680279,-0.1103116327918445,0.07941061703904684,0.05515210266105752,0.004278278131732788,-0.002750850489962431,-0.0014275759335269922,0.0,0.0005909923257821359,0.0,0.00045500375673313,0.0,0.0,0.0,0.0,-4.233764407718388e-05,0.0,0.0,-0.00046837388900339283,0.0,0.0,9.911787635635827e-05,0.0,0.00010147168502389059,0.0,-7.46159687319281e-05,0.0,0.0,0.0,0.0,0.0,0.0,0.0,0.0,0.0,0.0023713594132830362,0.0,0.0,0.0,-0.00011102842339694163,9.715285246725269e-05,0.0011896372055221205,0.0,0.0
-0.0006390733755538558,0.04158972313780834,0.03164213560086282,0.04006504251194554,0.0,0.02928403981882166,0.04803979878522385,-0.01146348199225583,0.028999405597036787,0.03472443772125472,0.025759942775892608,0.028588690363109404,0.029331504853417456,0.029780258857073638,-0.0012673258223776518,0.03966361335192259,0.03746325454636862,0.039551450356600404,0.02158307679856747,0.042814514662115,0.06827230672605877,0.053208884986112925,0.01878622334501534,0.0079036316454697,0.0176163511583739,0.034910065360450215,0.038498116612789623,0.06725269480648893,0.027641153228250448,0.050258461105811614,0.05043140097972865,0.037919080505953884,0.0366298240009037,0.04933064448241531,0.052109388837234705,0.022358114646714777,0.05168847930921561,0.05018064085934287,0.0718634415234195,0.0010281837879073663,0.0029401722850225243,0.003871405393966354,0.05180670625696576,0.00010421432018337118,-0.00023626416248084814,0.0,-0.00018751840505998318,0.031333319327482734,0.0,0.0026038339861170767,0.05041015283472716,0.07444697434757774,0.08321636317708675,0.04060098843901583,0.001615998566363963,0.017679708828683915,-0.0007801412557615905,0.03776664208354108,0.0006442102149157303,-0.0010206410080518258,-0.0003646120531993202,0.0,0.0,0.0658605403657514,0.028978965512105603,0.0,0.0229298193874663,0.029850559681039335,0.0,0.00012619071818908978,0.014384529259938494,0.03425516052845612,0.023713026705958318,0.04487823625172682,0.0008597089434378979,0.021694501229218677
0.0270540966710478,0.036521880517002336,0.03177598056441083,0.021084268532737704,0.02928403981882166,0.0,0.016917087828612676,0.036807903226770355,0.03231290510976731,0.03570139151867113,0.02344858337685235,0.009664244590988968,0.029387368600471975,0.012537687354482241,0.01573295558476895,0.03886385152122418,0.03480521674256143,0.029366420224979317,0.03006683053615411,0.02984541002416341,0.03964762460136828,0.04264795447259828,0.034045458370460635,0.003923605676930897,0.02661715689312527,0.0359952309697561,0.0367129906805585,0.025563126406948078,0.0272353821263544,0.048032137456903934,0.0343112388003885,0.03763709869947901,0.026230225166164023,0.024038092909996978,0.02111561434570941,0.0229120915660177,0.03323977376346421,0.031980339963155247,0.021279800159640982,0.013933996878066957,0.01765602173806813,0.018718698907525755,0.02558272948023055,0.023282690858926203,-0.0018372982722344444,-0.0004262321244300482,0.019821322695843413,0.038575413718761165,0.0,0.0031521521483849346,0.05279852093886228,0.041915189535345565,0.047028632583652585,0.03693177921964019,0.004674079080467353,0.029338493463853976,-0.0017846595740812488,0.016030207577539035,-0.0015517611025314126,0.0339321107950844,0.017338038319885785,5.551115123125783e-17,-0.006294044701542545,0.030970976549591134,0.043056033073019584,0.02278600328804342,0.014278520470755396,0.029758361303775627,0.0,0.02637529028047353,0.01915185838152411,0.040190417415856605,0.026586682320856148,0.03734245810387432,0.021791780645757597,0.03345918444241536
0.008091165151791424,0.02882682525009167,0.045198941353883915,-0.009247941843676832,0.04803979878522385,0.016917087828612676,0.0,0.012571142387168388,0.024113558032345606,0.02706931899478371,0.052472798392903086,0.016485602086153794,0.02326693561632126,0.019429969712199124,0.014457883353519607,0.028760442123968555,0.039343379814206825,0.02649508694698982,0.048121454488220694,0.026930642288138185,0.03658144959982418,0.03662500112086031,0.022077286169635224,0.04045088308460287,0.019138749200592553,0.02746584055710627,0.02715946212170245,0.05928044161310014,0.00918336162469785,0.04288841869385629,0.04966443098163115,0.005320514150828903,0.039106253064890684,0.03619108069315469,0.026380808690052215,-0.025769848465018508,0.019426557532815802,0.022061704981280517,0.04016958466518933,0.000681211134262838,0.039457790252813485,0.00831863782154163,0.006918151950669527,-0.0009647964502287887,-0.0014735277518722611,-0.0003528271761056856,0.00802776937706201,0.030709398978529978,0.0,0.0041137507709838594,0.02973377032421609,0.018327333627094378,0.02678421456099339,0.02768937143839656,0.002960350481350127,-0.005956350772701402,0.001310351451978331,0.016907170203611543,0.0009305075268511986,0.03824567668507356,0.00033319933884301545,1.1102230246251565e-16,-0.0005631583430902309,-0.0020956559498634952,0.03372515721787234,0.002914302170267502,0.011658053386537526,0.01619554951037605,-0.002241747438544328,-0.0006831118512909962,0.018538632289816448,0.023968181935341448,0.016751625438022777,0.03163183673708403,0.004275886490230585,0.020794790061123947
0.019430460055334775,0.05500675835200364,0.02225837095475286,0.02629634326408442,-0.01146348199225583,0.036807903226770355,0.012571142387168388,0.0,0.046282867127409366,0.006172942284492999,-0.02286402288638617,0.013970015508562084,0.02781647323826636,0.014260926084051162,0.02087034014466771,0.04002576682754505,0.0030948236082863345,0.014095613545803687,-0.00035190764285208953,0.03191196105510097,0.04849261644347169,0.041782303805390886,0.014966696056017248,0.009490851044759996,0.018859357458356762,0.033606808210105754,0.04075702097747358,0.018372057600712532,0.030861412551275003,0.028973868804266445,0.01444783802406141,-0.0610907570224663,-0.008479492673275413,0.005630639573538598,0.005466506193097576,-0.012282262237695407,-0.0032260144185533024,0.003283115088356048,0.012061606020140225,0.003651965282914338,0.014471533756464594,0.024956420101607146,0.010397670137291315,-9.680583098858886e-06,-7.764013019856408e-05,0.0045036295595009546,0.041233911582351346,0.0033211376691725247,0.0,0.010610301241546494,0.039265194189921415,0.020084474141523034,0.02007697254993629,0.025537148432637213,0.0001220941721376545,-0.014528886297699939,-1.1102230246251565e-16,0.018646012337382778,0.03243055914729426,0.05405050399280398,0.005499031404069543,0.0,-1.5878208347142042e-05,-0.019601801767174076,0.03974292224272491,0.04648025100892356,0.06545383068447208,0.03508069583130796,0.0013873462800278458,-0.0005820232496193678,0.03752087027946821,0.038566536773251725,0.019735720856080052,0.03884939649899827,0.031578434504241304,0.024518606121194608
0.008234586300701896,0.04202072214961472,0.04492303039327017,0.02081982583098263,0.028999405597036787,0.03231290510976731,0.024113558032345606,0.046282867127409366,0.0,0.037331607586709115,0.053854414788660765,0.02013647464249202,0.01262223860656514,0.013289283350677028,0.041970083291287985,0.04101723577931771,0.027185901737610152,0.02693753245139069,0.05348793634920923,0.04456098972722783,0.06046039107098605,0.05613322733803877,0.033337174613675746,-0.002574964057807161,0.019147949588344593,0.020558780946908828,0.05112939497418728,0.04640072386165711,0.01577929218569124,0.06009369593162184,0.043565147474009025,0.04221155116313269,0.02409796923704982,0.036944231828179575,0.04132659705732844,0.02448410554672875,0.03223742093434645,0.021594291831847412,0.06345781509563808,-0.005532634809203962,0.026590972939994018,0.036773382996707515,0.037171659191401196,-0.0006077171361370537,-0.0024669312146722855,0.0,0.027134756138063543,0.06223421504701476,0.0005060848642713944,0.055672756408586155,0.04923930146547473,0.05519691292030138,0.06054727549515437,0.042081775099729546,0.0018785132197004506,0.04835856777159281,-0.003205424548975766,0.031150882508037325,-0.003930237905860667,0.0013918955483416817,0.0011377473218416867,5.551115123125783e-17,0.0,0.02526975208258042,0.04517692074539187,0.005081465620063563,0.030383718164537166,0.03993059960984302,0.00011559815036177312,-0.00018483399609148243,0.01846041833285067,0.048343599643469015,0.04678460806225637,0.04779565477968717,0.030535701824500272,0.038121674669049144
0.023355683152865014,0.021116151225217705,0.029430229449771195,-0.13228943765183,0.03472443772125472,0.03570139151867113,0.02706931899478371,0.006172942284492999,0.037331607586709115,0.0,0.03606673333645677,0.017225791171808003,0.002502560154683975,-0.181103878403248,-0.0037127634447046143,0.018065372843254213,-0.005315977388012094,0.0012988040847164428,0.025844538870012312,0.02367386683397804,0.0062121510267043045,0.012093136193220444,0.0024435259343011384,-0.008065453018154534,0.008213232787415203,0.03573319064518099,0.024547516994139762,-0.004148362107858905,0.02695185455914434,-0.0009296871740648305,0.0011209839981856096,0.01823984785638083,0.03990204171153883,0.024242882114091147,0.014129703456974396,-0.026455870582792196,0.011304885656824526,-0.0002859088654666442,-0.03846258669445335,0.1258376818609171,-0.0692809454886581,-0.005715208787866133,-0.01107348994766183,-0.0019599871180865924,0.016771301770408142,0.019716068412134524,-0.002564905054231459,0.0015923937159003643,-1.1102230246251565e-16,1.6653345369377348e-16,0.003879211120689896,0.004585065093576979,0.0009514987108972806,-0.0007568843176062323,0.05932301457639627,-0.0006593143975121007,0.048208272814424746,-0.00109301904375958,0.0,0.0005678446420343541,-0.0012710147538129712,0.0268952253057545,0.024500471045231953,-0.0006153307270055919,0.00034774735327530726,0.0005933023749953303,0.0036359413395902207,-7.860181351126982e-06,0.013920763407678172,0.030626811622615324,0.030707113015784326,0.0068122973507781515,0.0012477964388877827,0.0029523191740688515,-1.1102230246251565e-16,-0.006417219554765485
-0.00015500357739345327,-0.0005754534033193814,0.042402934444388196,0.026724445076581227,0.025759942775892608,0.02344858337685235,0.052472798392903086,-0.02286402288638617,0.053854414788660765,0.03606673333645677,0.0,0.028396520923750612,0.050808972056531065,0.011674153342085714,0.0,-1.1501322290607963e-05,0.0239071762246858,0.023429590064615535,0.011353473030945804,5.285856799441824e-05,0.024748598849840098,0.0712261100458852,0.003571079325886628,0.005978233498839136,0.05639159567300411,0.020877992816153212,0.05419270007946314,0.05000978832847375,-0.0018162153224289823,0.05131333944473454,0.038918899162071696,0.008275123528699968,0.00747032293718114,0.03592196380242235,0.03819999831799126,0.03841301365096944,0.06645773550940254,0.036000546458179794,0.0798213102908053,0.0018779042815820213,0.07382644538410815,0.0009306475267767955,0.02209651049367256,0.002061135911815337,-7.241572861760304e-05,0.0,5.551115123125783e-17,-0.026205225225934492,-9.276753374010127e-05,0.01644280198944542,0.04865233313015249,0.04943528968829214,0.03712689705098904,-0.017864890868666106,0.002602987981060345,-0.030741295857662942,0.0014256477038319115,0.025782356250876937,-0.0888805084300604,0.0348014268906473,0.0,0.0,0.0,-0.03543942056786542,0.06526143832347908,0.0,0.040755855891215664,0.032969009722745746,0.0,0.0,0.00030844319109119,0.04768737365353526,0.03923526736127869,0.07042193562834442,0.031142316403626635,0.06599762394786035
0.02346792203853937,0.020040928509189204,0.029909206679364975,0.001225381831834238,0.028588690363109404,0.009664244590988968,0.016485602086153794,0.013970015508562084,0.02013647464249202,0.017225791171808003,0.028396520923750612,0.0,0.0009555203652910627,0.003643836321567284,-0.011194715731360605,0.016389057759923942,-0.0001353382341128806,0.013123974422629081,0.02270780553763796,0.011089838827456178,0.019902803875243624,0.010495212059868031,-0.017105583275006775,-0.007236548734752657,0.021446077338731384,0.03052481267192253,0.0026487840488423897,-0.006754874860023408,-0.009793077992331367,0.0028956271846011794,0.01607114384042252,0.020532918580947024,0.039467068994064824,0.028826322366368284,0.014403067807287784,0.009078249019801032,0.022774938221178098,-0.006918523543792271,-0.02481367637055143,0.10917843675528299,-0.017962300679898124,-0.01663300553653957,-0.0070398062284002805,0.057833976143187193,-0.01801706074289411,0.0031216697435985097,0.00012610851419053715,-0.009855869321645838,0.0,-0.0004306229017512764,-0.00013681336695287039,0.0007243270683502945,0.0,-0.03523614148810367,0.04924464036261483,0.0012535622890508802,0.03356596939604134,0.003073010023095457,0.0,0.014696506406321863,0.021938622411674213,0.02500135907657014,0.016557878807209825,0.0,0.0051117688658362526,0.0005381755624797591,-0.00438590526056859,-0.021465409001410918,0.009892767268433633,0.02216180333677531,0.019710189564359826,-0.004350166987799664,0.010138728581732204,0.0022828094922520137,0.0,0.02361204685577628
0.03894231226854172,0.02826892095172201,0.04984760581829073,-0.017168403775580487,0.029331504853417456,0.029387368600471975,0.02326693561632126,0.02781647323826636,0.01262223860656514,0.002502560154683975,0.050808972056531065,0.0009555203652910627,0.0,-0.00630051776372037,0.018652621134676695,0.030313542077852806,0.008526130679280763,0.020389312650950342,0.04892636513740134,0.028137312996730723,0.044997133107839926,0.03809048387495245,0.023210298135460328,-0.03338305400470831,0.02124058082766689,0.027149603721062343,0.0306464659251226,0.03242464637974796,0.016126868153663376,0.027334715420833766,0.027192423640771124,0.0016068828819997827,0.02976247225544265,0.01216567579143113,0.006479968442740902,-0.045384515928633906,-0.015565709681971962,0.005205329489912813,0.016071506753868037,0.012838314175477317,0.020137297109335928,0.03555774688642932,0.019384810137196118,0.0024293824445610346,-0.0416638193077134,-0.000557039929936276,0.010598175243106633,0.022245041539434407,0.0,0.0018241325147432264,0.029980075190363498,0.036704245338020636,0.025080135670378922,0.02264425560829786,0.00012020935271861433,0.007012247182693887,0.0031293091540490203,0.019403728192741387,0.0017725565090365714,0.025502014083997993,0.01178682679730264,0.0014596241907035012,0.0014835219964401958,0.0031067318447134395,0.03995729371146911,0.030965954072156743,0.009904605096685837,0.02537417038249279,-0.0011935448901290169,0.018425004879914886,0.023636740239426468,0.030929544199905235,0.021055576534945275,0.02854811440830818,0.02452613859513819,0.023414723935801462
0.0008556423899093168,0.0,0.006519734963813195,0.03081255895134627,0.029780258857073638,0.012537687354482241,0.019429969712199124,0.014260926084051162,0.013289283350677028,-0.181103878403248,0.011674153342085714,0.003643836321567284,-0.00630051776372037,0.0,-0.00018686608937013016,0.0,0.0,0.0,-0.007037051861925103,0.0008276995450013924,0.04281959558736248,0.0018132719238456163,0.023306360074719645,-0.0029276885048749035,9.055963773668685e-05,0.025214920688260922,0.016741592918894488,0.01619582843404377,0.0021894483815136923,-0.0004640291833968857,-0.0036008676039027687,0.07146851927569259,-0.000581112230961689,0.01164990481762529,-0.0030136698430546782,0.03438911365974606,0.026246402124398605,0.01413492317591597,0.003421491769383056,0.0,-0.0016733186497097652,0.0,-0.0011534475096336427,0.0,0.0,0.0,0.0,0.02222415265107247,0.0,-0.0014849199043837635,0.008195869575017889,0.0010920477662514916,-0.0022723778402679584,-0.003263922950821452,0.0,0.036609784228945785,-0.0004573191742924254,-0.004079107370146051,0.0006717685590784672,-5.551115123125783e-17,0.0,0.0,0.0,0.09989435307426442,0.0007373011744158386,0.0,0.0,0.004156120742758729,-0.000337519671853137,0.0,0.0,0.025450504778879335,0.003075951915166353,0.0024938058411489994,0.0,-5.551115123125783e-17
-0.0016095349462378894,0.019723193483017876,-0.0029961564860560563,-0.02047570774614621,-0.0012673258223776518,0.01573295558476895,0.014457883353519607,0.02087034014466771,0.041970083291287985,-0.0037127634447046143,0.0,-0.011194715731360605,0.018652621134676695,-0.00018686608937013016,0.0,0.005195617813680609,0.0026631547894206964,0.010924823390267013,0.0,0.00019027111504005267,0.0026886970625906725,0.003032295374615024,0.003576118062337319,0.007356122667510345,0.015936307028697916,0.008263869639996424,-0.008999506504320909,0.0005087406748939816,0.018531933050337457,0.00868953310206172,0.0006357383611759748,-0.008724937025399393,-0.0044309705177993375,-0.008804849841996809,-0.011663460922061164,0.013711555652383911,-0.0026745140224905817,-0.0030651133796197327,0.022340016469128865,0.004950156591709054,0.022505002710270783,0.015406734131682365,0.01686838875551605,-0.0005641494597832253,-0.014211961774233506,-0.0024234555376776434,0.001972718171587895,0.05348700533701978,0.0,0.0,0.04169554813108517,0.03839202992807439,0.05857616738002713,0.05537312728794003,-0.00017656479772509837,0.0,-0.001072320331994281,0.03161411767093786,0.0,0.03703833961006098,0.017961981264223492,-0.0006014133841524272,-0.022579560557900835,0.0,0.03474707540047994,0.030732635733879077,0.02903023145999739,0.03659885044457023,0.0014408621597932214,0.01933491492626699,0.010116290179802201,0.02621602390915534,0.03371455134424711,0.03868283162194758,0.014943451456558399,0.029577763195244633
0.018730078354672275,0.021858206683588788,0.05413541513339398,0.0,0.03966361335192259,0.03886385152122418,0.028760442123968555,0.04002576682754505,0.04101723577931771,0.018065372843254213,-1.1501322290607963e-05,0.016389057759923942,0.030313542077852806,0.0,0.005195617813680609,0.0,0.023335300299219597,0.023374043723807525,-0.001041551478185021,0.03237949862700579,0.025132095518244524,0.018211452354660318,0.025899386950926417,0.019760331168334033,0.0241797434257785,0.006917373451378772,0.029676936415474364,0.025481158019558137,0.033886376623350256,0.03037829139001258,0.009537349266943662,0.005769438440486274,0.011328678071477971,0.005405075233108014,-0.0064669003331286334,0.005393855482155652,0.001621269257636171,-0.0015416081465240983,-0.0019508810549463407,0.013717108729678629,0.00643996780602496,-0.014699628860385894,0.0021626720689701395,0.0,0.0,0.018305820786784055,0.0007538791852340632,0.0,0.0,0.0,0.011374359130699896,-0.0033633711419909784,0.0017350625647573614,0.0,-0.0008673158696703154,0.0,0.04225730044801579,0.001784578625887212,0.0,0.012753366660344101,0.014728191357188114,0.0020870776099005117,0.03119391538316274,0.0,0.03640545563134806,0.03812129163297462,0.006985272850490498,0.015675544652163587,0.02129853709233126,0.027793088970215873,0.017341612439062404,0.033671497685623164,-0.009136685474858408,0.024032737992766284,-9.359058309210688e-05,0.025051419543897446
0.027148311128956604,0.02031707141525918,0.011516141791622692,0.000339189068480239,0.03746325454636862,0.03480521674256143,0.039343379814206825,0.0030948236082863345,0.027185901737610152,-0.005315977388012094,0.0239071762246858,-0.0001353382341128806,0.008526130679280763,0.0,0.0026631547894206964,0.023335300299219597,0.0,0.028511303175311753,0.0202345340807375,0.0029976872392439846,0.019649823762865337,0.01821822337256701,0.00039489317520868816,0.008840247910269883,-0.01598591430487356,0.01321022398605376,0.017780867141932555,0.02080326328256943,0.007805116515679056,-0.0012211038895464377,0.02471237144247329,0.028135067965882332,0.03157413288975569,0.025074610570116618,0.015463433571209384,0.0043504106413804755,0.053569099527735475,0.0328864325803217,0.04122489595724249,0.10627853152242078,0.02602359875323207,0.001749053012455093,0.0,0.0,-0.0027739702479551154,-0.0010674418918604212,-0.0010069558455548244,0.0,0.0,1.6653345369377348e-16,0.00039813881141881335,0.00013708665104256168,0.0,0.0,0.03987996534080607,-0.00024329200644934712,0.040994974916756355,2.4612666397194616e-05,0.0,0.0,-0.0011248821651779761,0.026649268136555215,0.02702831322911975,0.0,0.00012250113399836504,-5.551115123125783e-17,0.0019020062091048562,0.00016137544887173672,0.02272668898963448,0.026721249969460903,0.026529701490279667,0.0,0.0003862926580012749,-0.0009452131852428769,0.0,0.029908091478180687
0.02599990043622863,0.01891563584452821,0.03277133471452709,0.0,0.039551450356600404,0.029366420224979317,0.02649508694698982,0.014095613545803687,0.02693753245139069,0.0012988040847164428,0.023429590064615535,0.013123974422629081,0.020389312650950342,0.0,0.010924823390267013,0.023374043723807525,0.028511303175311753,0.0,0.010396980292246671,0.014894134321412789,0.04266153717139032,0.015388176220058947,0.02271386453951818,0.021543131132384485,0.019784852617451387,0.007231566521780142,0.019754776882533298,0.018166672460445676,0.018914245116783468,0.004469076636760272,0.022129580594669795,0.013210822008889012,0.032621120555805294,0.02228414788112365,0.013300433636807774,0.023223293561867753,0.0,0.05450718589767806,0.015444173011820828,0.07579246329799738,0.030627256234833422,0.010923844477582656,5.551115123125783e-17,0.0,-0.0016356932381967337,0.013254101465279944,0.0031103639084417156,0.0,0.0,0.0,0.015534007852430587,-0.0005676747137092208,-0.00014580482904708036,0.0,0.05088097452281143,0.0,0.05323852853825639,-0.0020293988168710864,0.0,0.02096173397736034,0.0300693248276086,0.04294857697506943,0.034991709269155014,0.0,0.02077725852566542,0.05408927372365918,0.010988915825562329,0.02392786148946352,0.02623797255515009,0.030629661353613447,0.03289509045511729,0.016889330087155652,0.018043792222790234,0.013296938465172492,0.0,0.034959139020471985
0.0,0.058647392158620915,0.0330439042940448,0.010596153760384863,0.02158307679856747,0.03006683053615411,0.048121454488220694,-0.00035190764285208953,0.05348793634920923,0.025844538870012312,0.011353473030945804,0.02270780553763796,0.04892636513740134,-0.007037051861925103,0.0,-0.001041551478185021,0.0202345340807375,0.010396980292246671,0.0,-0.0015251034239870398,0.003986008319040113,0.05903117390782764,4.547926502884714e-05,0.0004469932130549692,0.0021043553937458714,0.03407769964660817,0.05823046130509074,0.04465033945211805,-0.0026603497983537228,0.043031589006817084,0.029016396386187526,0.00882897869770155,-0.02717330047746025,0.0319191315364028,0.020492441471455458,0.012299839857087602,0.021958364490956506,0.025786144746617,0.0356150763993231,-0.0011088687628313387,0.024084988097811677,0.0007696492239989139,0.028663374538047903,5.551115123125783e-17,-1.6653345369377348e-16,0.0,5.551115123125783e-17,0.10924979406869983,0.0,0.006407124068631087,0.03690633331158566,0.04720730393303707,0.03211918841894912,0.035480015208784965,0.0013458915041117958,-0.1190670962515018,-0.0008821750323321775,0.03532817211959849,-0.0025012094603282797,-0.002097254009328642,0.0,0.0,0.0,-0.1426485365018837,0.0529804291424375,0.0,-0.004510894233558993,0.031687011713197544,0.0,0.0,-0.01919884215850398,0.04249974836163328,0.022352797357763743,0.0329934205685149,0.0013093038797451495,0.01740609979180352
0.04100361320596352,0.03894361412440084,0.04478564150202391,-0.012657173517241382,0.042814514662115,0.02984541002416341,0.026930642288138185,0.03191196105510097,0.04456098972722783,0.02367386683397804,5.285856799441824e-05,0.011089838827456178,0.028137312996730723,0.0008276995450013924,0.00019027111504005267,0.03237949862700579,0.0029976872392439846,0.014894134321412789,-0.0015251034239870398,0.0,0.03672850177028375,0.018329270802747932,0.054311781061906816,0.05006544990869283,0.018429500151626366,0.015351859001169754,0.025371730937737424,0.016598589218225768,0.0036084744032934823,0.029091532683949983,0.010988136127718151,0.004747459646194441,0.03071237904094032,0.007028510777145003,-0.0017125718323457995,0.015378505611126747,0.005520370324850032,0.014698810580106747,0.03498909963289948,0.019538553989519092,0.02874097396487968,0.02700051012767546,-0.03754314671152559,-0.00017524682139963277,0.002864735705086441,0.0007895009151374643,0.008940564477067703,0.016177402789570694,0.0,-0.00130440342309035,0.028912237047820866,0.03127023179600619,0.05593083828974399,0.039979669740624224,-0.00028233278844069787,-0.0023371951906346333,-0.00036505650716506244,0.03914760051374799,0.0,0.042283934529258826,0.029921612856404434,-0.0002141144859020283,0.015830689068010773,-0.0014560273445079486,0.03661935053723725,0.03014529026641838,0.03438077581540455,0.033537637332304804,-0.0023233394127492035,0.023098773718502885,0.025106668454705938,0.03095838809773177,0.03125511380728607,0.03687195733684967,0.020451519605731217,0.0397344384166195
-0.02019827596097945,0.04305528968062311,0.029490228182564304,0.00046731173031655526,0.06827230672605877,0.03964762460136828,0.03658144959982418,0.04849261644347169,0.06046039107098605,0.0062121510267043045,0.024748598849840098,0.019902803875243624,0.044997133107839926,0.04281959558736248,0.0026886970625906725,0.025132095518244524,0.019649823762865337,0.04266153717139032,0.003986008319040113,0.03672850177028375,0.0,0.026176099753694837,0.049118871152674326,-0.012795900885231803,0.027716228377923924,0.006652142598079613,0.023032644944551872,0.027007457277520464,0.04466465854264756,0.03284944084553937,0.030295160058669557,0.025636367526927106,0.060014627845961066,0.016151942396904817,0.005352206546262617,0.04171978231828832,-6.692474406261306e-05,-0.005188691371692533,-0.0035422581480295534,-0.017980964826831758,-0.004477839552345153,-0.014886493240481802,0.0014617226811747819,0.0,-0.0005079232645932019,0.002414830019632219,0.011943189035656498,0.07763081783647152,0.0,0.0001657866077008907,0.0351904163221986,0.00484704993331081,0.07035776846469805,0.0012606432161514913,-0.0011140894844867688,0.0,0.0007656178365146316,0.023890486787601473,0.0,0.038035895315338075,-0.009536285355029317,0.0,0.06387690857992778,0.0,0.0222331325622922,0.010206002988272178,0.020402487780619816,0.026597552102912037,0.022774867212072003,0.023510153936929457,0.005459658969531045,0.025315919054295533,0.015970594814216255,0.021064765424751997,0.033892884871096596,0.01663103535154936
0.031029475287638386,0.020994632609948105,0.05854307282353077,0.0034039562740499907,0.053208884986112925,0.04264795447259828,0.03662500112086031,0.041782303805390886,0.05613322733803877,0.012093136193220444,0.0712261100458852,0.010495212059868031,0.03809048387495245,0.0018132719238456163,0.003032295374615024,0.018211452354660318,0.01821822337256701,0.015388176220058947,0.05903117390782764,0.018329270802747932,0.026176099753694837,0.0,0.02049502394150976,0.06616585656499324,0.014124939530217595,0.015094820641917861,0.026301556289138994,0.03249836453669197,0.04206397175320359,0.04490368011957718,0.012970851494074342,-0.006790467463476391,0.005089160230792367,-0.002478921368999243,-0.009204043496791825,0.01744875668572654,0.008475294697249058,0.00384305294993309,0.001217634463233086,-0.006101663151958037,0.002806341740180629,-0.00016720675533521412,-0.03608285140852591,0.0,0.009247840139440189,0.005580435376711046,0.0024583571324023334,0.04625424361447783,0.0,-0.00025250508776314406,0.010440482540768847,0.031177902013748315,0.062298630532117705,0.04503468178119879,0.003454410662248275,0.0,0.0002563764626146159,0.03164173495680467,0.0,0.025992904723256327,0.0027224120344067626,0.001975372375063178,0.017489260683729857,-1.1102230246251565e-16,0.030442763916775972,0.03301052536311189,0.01182315703006459,0.03185729310624258,0.0345136733503828,0.015927078903315295,0.004630983415895962,0.02206199345933313,0.03939855338355819,0.03740176638542936,0.020545156536096343,0.01761282234564482
0.0184308200361048,0.031132532037682403,0.044550589633106596,0.024946917149055836,0.01878622334501534,0.034045458370460635,0.022077286169635224,0.014966696056017248,0.033337174613675746,0.0024435259343011384,0.003571079325886628,-0.017105583275006775,0.023210298135460328,0.023306360074719645,0.003576118062337319,0.025899386950926417,0.00039489317520868816,0.02271386453951818,4.547926502884714e-05,0.054311781061906816,0.049118871152674326,0.02049502394150976,0.0,0.01089176529183633,0.008998802333978873,0.010467501792090494,0.023197187583825385,0.013389028608739029,0.014625752111619816,0.022816993799425422,0.016480420707757626,0.004414317619306107,0.005268435073074784,0.007444407955384147,-0.0007330366298828883,0.0021860412773295756,0.015318445503526679,-0.008990930404457698,0.025542022955299726,0.03967303938979555,0.029903870695569656,0.024697995165866127,0.01422836201976263,0.02494241689388843,-0.005143684318045516,-0.001619331258080392,0.006132907450837055,-0.15704465376782628,5.1617739467602064e-05,0.040268496109976515,0.04120523953804589,0.02949084036513272,0.035613909516646336,0.028234521978464655,0.0021217497202246083,-0.17871981503196588,-0.011963901861464288,0.016136301478247406,0.022650660128956113,0.0378959687212016,0.027966294721530838,-0.0012112210944267288,-0.007141788505996782,-0.1603898100253343,0.0349343662556863,0.02580816790634194,0.01902520917253747,0.026107814170458488,0.036579968782001204,0.014611742957644669,0.010293836229698039,0.03286183805684206,0.02177074866892137,0.03110070905607809,0.017505619712539944,0.029928582153453065
-0.0171942521088308,0.029595711516581524,0.020502543125086425,-0.003561299252654193,0.0079036316454697,0.003923605676930897,0.04045088308460287,0.009490851044759996,-0.002574964057807161,-0.008065453018154534,0.005978233498839136,-0.007236548734752657,-0.03338305400470831,-0.0029276885048749035,0.007356122667510345,0.019760331168334033,0.008840247910269883,0.021543131132384485,0.0004469932130549692,0.05006544990869283,-0.012795900885231803,0.06616585656499324,0.01089176529183633,0.0,0.021626651470184666,-0.00463542533321093,0.022342550633651426,-0.00281186859376803,0.04408842336067054,0.0019052130705050074,0.026713958796096282,0.002342447791680413,0.04095704921400467,0.007735311783331922,0.002732787559842631,0.01091651165810742,0.014842627268492448,-0.0001332447874617948,0.001060328224014473,0.14932470065375564,0.03280685661436633,-0.029352484268749812,-0.006076299823183806,-0.00025168695542787667,0.05664946078206223,0.018860201364423068,0.03816815262677414,-0.00011072170320053365,0.0,0.0,-0.0019061913558598431,0.0020178694279613385,0.0006869643270996928,0.04683318584958551,0.0461004509310497,-0.0003167301265032396,0.032544887697693425,0.0035785697189293364,0.0,0.05364476275508423,0.03419894424097564,0.034957555842162646,0.03446444833451351,0.0,0.0019005976585550477,0.1459135601806565,0.030539492557919823,-0.0032993833468965006,-0.020199570622360608,0.04191964732715475,0.039695600733212544,-0.0014487624920634379,0.004597504679037745,0.00044432881293665627,0.0,0.031404269502751214
0.01792370482300093,0.012208217182902825,0.025240896330434637,0.0,0.0176163511583739,0.02661715689312527,0.019138749200592553,0.018859357458356762,0.019147949588344593,0.008213232787415203,0.05639159567300411,0.021446077338731384,0.02124058082766689,9.055963773668685e-05,0.015936307028697916,0.0241797434257785,-0.01598591430487356,0.019784852617451387,0.0021043553937458714,0.018429500151626366,0.027716228377923924,0.014124939530217595,0.008998802333978873,0.021626651470184666,0.0,0.005864543993591986,0.015307326563968882,0.012363048654430275,0.018064545411307364,-5.7054041291249025e-05,0.01982363951772992,0.004031144006839016,0.024220176572145202,0.016716833369461115,0.0019074135618415977,0.0014558415165958905,-0.000496520136207379,0.05440286189439453,0.01436995659225987,0.04904209295918183,0.02527797804384324,0.012151108045801384,0.0002992410836581416,0.0,-0.0012806811083958536,0.017082945502540303,0.0032113630099505075,0.0,0.0,0.0,0.020170039734558276,0.02506978724876463,0.0031167096756279378,0.00027531092909616195,0.04772278791697443,0.0,0.05469030647750939,0.00940129036013837,0.0,0.011413085284016133,0.021810198493977306,0.04345719706258788,0.03696331785747309,0.0,0.012541927298752531,0.050390543482452366,-0.0017343956134607819,0.016127992685387005,0.03722556833849888,0.03169323568458382,0.032232777536578994,0.010168399288329022,0.0067568520736231985,0.008848630320673123,0.0,0.030602374008844302
-0.0038297396519412774,0.03318513697989317,0.026320678279545928,-0.00038255393310193675,0.034910065360450215,0.0359952309697561,0.02746584055710627,0.033606808210105754,0.020558780946908828,0.03573319064518099,0.020877992816153212,0.03052481267192253,0.027149603721062343,0.025214920688260922,0.008263869639996424,0.006917373451378772,0.01321022398605376,0.007231566521780142,0.03407769964660817,0.015351859001169754,0.006652142598079613,0.015094820641917861,0.010467501792090494,-0.00463542533321093,0.005864543993591986,0.0,0.011391890613941025,0.01807031965625827,0.024928495525352035,0.023293021780209977,0.014774220333413135,-0.004416486241227369,0.02254148253172611,0.006476056148411957,-0.011330756169190437,0.04014789730927326,-0.002618647750326497,0.028786874107241622,0.0107809261182516,0.049506354621464355,0.013019794198331991,0.004532273194938208,-0.027574134652167515,0.0,0.05265981075047482,0.026051688912807236,0.014625769560708435,-0.0026277077137504823,0.0,-7.745116236546057e-05,0.02289276825181452,0.01260040482874153,0.029998177421767136,0.04664364883001443,0.04912603148578071,0.0003877155193910409,0.04409917540926461,0.010970097172249338,0.0,0.01630498086158516,0.02098774184725344,0.033457309523198364,0.032824618265683225,-5.551115123125783e-17,0.01650814615273888,0.010406560603890003,0.009821241807321801,0.02092327196395377,0.027346907590402092,0.0322230507010402,0.025460011748071276,0.010812629610606028,0.0032946473993947234,0.008912999809353339,0.0002453831469811929,0.01819845711263779
0.007627141507252411,0.03290738427994061,0.03269480112030487,0.03187792360571756,0.038498116612789623,0.0367129906805585,0.02715946212170245,0.04075702097747358,0.05112939497418728,0.024547516994139762,0.05419270007946314,0.0026487840488423897,0.0306464659251226,0.016741592918894488,-0.008999506504320909,0.029676936415474364,0.017780867141932555,0.019754776882533298,0.05823046130509074,0.025371730937737424,0.023032644944551872,0.026301556289138994,0.023197187583825385,0.022342550633651426,0.015307326563968882,0.011391890613941025,0.0,0.016258505527595835,0.011219157553880588,0.03388725724362357,0.02191649009924579,0.017087554852740106,0.014170141303457673,0.008097117309980029,-0.0013714783788085771,0.0035726405475473566,0.005073036327628955,0.008537023650186382,0.03776294068795749,0.021673480031293046,0.031711936293324694,0.024299486926591563,0.02581395460202568,-0.0024517806835003264,-0.023416058175867838,-0.000712592127776468,0.004004913003277211,0.04544974484589015,-1.6653345369377348e-16,0.04354014364014591,0.056240458409369753,0.04531946041339252,0.046277744530041354,0.045135838028801056,0.003249503746428184,0.044894736553562575,0.02974961417250982,0.026152299635739062,0.002102962121639962,0.027733314596450176,0.012168749057451966,-4.020058363307655e-05,0.0017806545125129136,0.02217749291136628,0.033107456225191845,0.017588112770575037,0.006059153474954726,0.040060454989429006,-0.0021929059046539856,0.012151163453029579,0.006491796547656303,0.04522703002160988,0.029080212576121034,0.03453908531723726,0.0280576410548512,0.03655076403482671
