0.0,0.005855532049392376,0.002839633580808354,0.0,0.00036193125261479997,-0.017934801382577692,-0.02265838602781095,0.011763154121165575,-0.007296401526980023,-0.0005936989209818777,-0.00010143644850757472,-0.003940673087377944,-0.004972610549065393,-0.0028773499245584033,-0.011626503232563534,0.011759818154203572,0.005146452690066361,-0.001857140118497802,0.0,0.011486694637282358,-0.015154751250264165,0.01691929666275399,-0.006853310480482877,-0.015142747897906761,0.006384881130801323,0.0179278161594269,-0.0009073511440415016,-0.0022861858086267173,0.00042309974364185265,-0.003341287643145008,0.0012176876382344881,-0.005817559570490294,-0.002122973559998631,0.0018158870124076465,0.004704723220096851,0.005057182161623597,0.0,0.004024343203630043,-0.010362763229612049,0.006129287526254745,0.0028998918116577843,-0.042437542335908573,0.0,0.0,0.007583490504788848,-0.006071797481412566,0.015878439094054897,0.0,0.0,0.0,0.0014466503983552315,0.0,-0.002333588221610894,0.0,0.031158511702472913,0.0,-0.021176298001999883,0.0007574700144177271,0.0,0.0041047132808448294,0.006626580866505749,0.051939338919672895,0.014227665689760416,0.0,0.06319017911855734,-0.05291200135961577,0.01468736566148543,-0.004422853626038725,0.0056194467979608365,0.019464862393086813,0.0020024086226874682,-0.00556777138694009,-0.0004923157047015958,0.0035142004211592415,0.0,-0.008636074831218754
0.005855532049392376,0.0,-0.010321772049245115,0.0,-0.011919302314939761,0.010595205730330515,0.004596584485853927,0.038232447618599286,-0.00535098003474993,-0.004532140554603825,0.0005420598834172674,0.024588809031495518,0.009001437697533199,0.0,0.006012394755411821,-0.003855371652463746,0.004934923952422454,-0.001551748234607353,-0.022603893635983474,0.011066370259131153,0.012916032599199934,0.00818982066154511,0.005352428658251751,0.010854403400631152,0.013286762604454105,0.01249223435316471,-0.00012002860037374496,0.009733214230533416,0.015302952184268859,0.015725066141241306,-0.007356789219252036,-0.021002270295633896,0.00048539617175374916,-0.01063547432442391,-0.02578942027130765,-0.0016043838440837344,0.0022620211815722047,0.0003881509345362577,0.01801401549904974,0.03152296114083841,0.022729917083067763,0.022150644085763338,0.004098994981095394,0.0,6.990870484835376e-05,0.01742704963087871,0.03931646294779273,0.0033684672760962986,0.0,-5.551115123125783e-17,-0.002534831022713402,0.0059059220751040975,-0.002534626949937724,-0.0021712629997491795,0.03326687832396863,0.0,0.038451395174428304,-0.0013372607666285452,0.0,0.020035470150747192,0.026079888773300197,0.02013232714560309,0.02715516866340456,0.0,0.023866569386035263,0.0005229319993478865,0.028541861861843876,0.01187617905404681,0.020510362088870027,0.041091387874242324,0.022379281719562494,0.015218024267171115,-0.011182347528142678,0.0028683594856844796,0.00043470283873880966,0.026111894770983968
0.002839633580808354,-0.010321772049245115,0.0,0.025267834447345816,-0.00939470063256842,0.009944910510856553,0.0025723008392176117,0.01588956177108758,-0.00994304794371137,0.017160543987750687,0.014219936983812298,0.02891730163139361,0.009562789259180693,-0.010883347523258369,0.0010172736186726539,0.0034536274969048097,0.0038885467206160595,0.003085228244348759,-0.01990326077281379,0.008833079695098056,0.005954305652174752,0.007536713173549758,-0.0042473231907973474,0.00047800186965596403,-0.038040736587087176,-0.011838873004273165,-0.006081899584851391,0.010614842364093768,-0.005191565064648296,0.008548465396374272,0.005902326638467514,0.007081131818070574,0.005617835741193011,0.004662586105882771,0.0012073666290944307,0.022592933425985395,0.02193185649253765,0.023629161219525685,0.022311291345959217,-0.002653154631326149,0.025609941178865503,-0.0021912766453353605,0.04115547862667557,0.0016485520199863157,0.00013659801226306723,0.0,0.0016575059539188364,-0.05939932305420609,-0.0003032496202613477,0.04898883687225297,0.027536410736467065,0.029185123046095773,-0.0002740047660146905,0.03911248927290578,-0.0008865594406172184,0.0018233728275182104,0.00025998613180233665,0.03262046624245607,0.03593174597526827,0.0011997682297352208,0.0005317724148148351,0.0,0.0,0.022153210975600024,0.010780614081565165,-0.0009650968963078044,0.012330324218304378,0.005322458082643533,0.0,0.0,-0.0018699972284180189,0.03199697797672285,0.025292231867359294,0.030623872342612324,0.0043446228141852394,0.021770333235615058
0.0,0.0,0.025267834447345816,0.0,-0.036126241907208034,-0.01589557269533093,-0.011683034471005826,-0.033504847603801236,-0.0020193245561379025,0.04001320269382408,-0.03325708759702001,0.004359032676853614,-0.03809763949149214,-0.05533572480387994,0.004688226796439099,0.0,-0.00029646805498872997,0.0,-0.015752986761194854,0.0025116295248356346,-0.000793067377970913,-0.000686154054002186,-0.009569622429878022,-0.03504621800223651,0.0,0.002401743709741777,0.0016312640885979834,-0.006506162602275656,-0.0012037616983737176,0.00021502883450008614,-0.023436029127219815,-0.0021243595403633853,-0.0033125447165995303,-0.008254105128309375,-0.04909504213759297,-0.023555556775051445,-0.006332504102295355,0.013966415138802202,0.0011024112940353215,0.0,-0.0008367488975654092,0.0,-0.00040862454945639337,0.0,0.0,0.0,0.0,5.994320985552859e-05,0.0,0.0,-0.00011005517320406,0.0,0.0,-0.0001403347728085036,0.0,-0.00014366738259330436,0.0,0.00010564406144308869,0.0,0.0,0.0,0.0,0.0,0.0,0.0,0.0,0.0,0.00035559722281841566,0.0,0.0,0.0,0.008395166458201708,-0.0001375526189614229,-0.0003314270699519284,0.0,0.0
0.00036193125261479997,-0.011919302314939761,-0.00939470063256842,-0.036126241907208034,0.0,0.002630939692565948,-0.02358076403409476,-0.005311225834202515,-0.028685606927372598,0.008611276952725844,0.0002795477183548667,-0.0021739330615431762,-0.02186389521750748,-0.019984211707458066,0.0022150061172819258,-0.01439081212690918,-0.014226953586338908,-0.04269206250145419,-0.011727106881832094,0.0032494507364356773,0.01941781916770763,-0.0012090446932616072,0.009119836887841515,0.0005717196304589889,-0.026424229270386956,-0.022764302426770744,0.015557906184143544,-0.008142972417241656,0.0066953607475879195,-0.012442684012328176,-0.003366673273480114,-0.022143464138393354,0.002126675925105459,0.0028209115419624564,0.00764619952861878,-0.012962358383222905,0.012902279290311625,0.00795882808115278,0.021318260555838853,0.006150916585536903,-0.008530587780387622,-0.029160903126679905,0.03581150387744508,-0.0001475505073751382,0.010663065927036974,0.0,0.011938403195417668,0.028026684131798985,0.0,0.025936156709930658,0.02027021394167705,0.02395199885983612,0.011672051045435117,0.020506034904398396,-0.0005490464327517763,-0.003640160081404442,0.0005833620499833825,0.023425469832023205,0.028044435604638984,0.0024902230704066386,-0.006936552310424782,0.0,0.0,0.02424878341556902,0.006440081216102567,0.0,0.027622631093593752,0.009463302372561655,0.0,0.009072248833613517,0.008176330632418016,0.019244670097002592,0.0277939859511096,0.023338790925055697,0.004106871433054882,0.012884045025535973
-0.017934801382577692,0.010595205730330515,0.009944910510856553,-0.01589557269533093,0.002630939692565948,0.0,-0.011668286032970654,0.03360469412543088,0.023253815894269503,0.020042886601741028,-0.00020845150447884597,0.01123159247040395,-0.019004441332638566,0.003208959972817449,0.033585394549287106,-0.0008236585412047526,-0.03698093679338721,-0.014574674083224715,-0.01129400908712258,0.0082416261661718,0.028972331164293597,0.014723653466469644,0.030124581089224,-0.05334643304181802,0.0030127083677325417,0.00406804565945984,0.02411784116598875,-0.014844315703240685,-0.014080548329109377,0.01764391466315801,0.019773039918341784,0.007367292924416735,0.025516143477146536,0.01738631445854938,0.00904177084582164,0.0157959051042163,0.010925284296253945,0.021324225514745332,0.008202963001277763,0.035523513922248395,0.0038785045518336947,0.006732250756959268,0.0375553843973897,0.009658556056767686,0.0023077227921352583,-0.012514389191313091,0.02941706816907602,0.02746982456985525,0.0,0.036724811255268164,0.034466516363606536,0.0276051703652076,0.03608620528585127,0.030193824566303817,0.00517747164820892,0.0315825645864799,0.0019452261711233043,0.030532475349719035,0.0030886237861080246,0.03007088880557035,0.01737092007485702,5.551115123125783e-17,-0.006340535203621489,0.02928345547166955,0.027487742744716714,0.025223311100485424,0.026770462027553232,0.01927644105395443,0.0,0.00880261552494599,0.01626255503303531,0.028314066739115296,0.02634505949592747,0.028249125039214784,0.018809828799146056,0.011985358089758535
-0.02265838602781095,0.004596584485853927,0.0025723008392176117,-0.011683034471005826,-0.02358076403409476,-0.011668286032970654,0.0,0.015448177374245087,0.017243827322663885,0.017270390538156266,0.002397861564801984,0.016570812856201544,0.003950115289607203,-0.030909767592788795,0.02306574543239176,0.0018286698905582988,0.0004241129381821196,-0.003626535160312361,0.007660976115235196,0.011225134386855351,0.023472974649427603,0.006992239522589705,0.019408451807797822,0.004162229032339038,-0.004007359637656749,0.010672967907514597,0.014664648604102826,0.009291812648709319,0.0016566820090766488,0.0007417311912483737,0.002383862802337655,-0.0036613442606223123,0.022713171046982117,0.0024451631383334838,0.0049694745470718615,-0.026974730719924067,-0.0019960833859805627,0.03355118301657928,-0.0271266096274152,-0.00042011430547167494,-0.032116842242238985,-0.048821184377881355,0.02723014337112467,-0.00013379034084498587,0.021824946853744143,0.0005728043077313782,0.030136432703258553,0.007699208859516915,0.0,0.031014535613903438,0.019066659534073827,0.020136656203534775,0.016766074094089645,0.01345087197398076,-0.002461255065301815,-0.022278659920436372,0.0037594747499492542,0.020901110672547518,0.002303201135313404,0.02588940652289906,0.016759636426596558,1.1102230246251565e-16,0.0005213328797095684,0.010839763222631138,0.03155418480479766,0.02316516040396438,0.025957231292666028,0.010752564718761293,0.00010184811111452197,0.005983807114271877,0.031357672758480726,0.019747384543837065,0.017904544066782213,0.02259164488946308,0.018366423590991166,0.004521947816698901
0.011763154121165575,0.038232447618599286,0.01588956177108758,-0.033504847603801236,-0.005311225834202515,0.03360469412543088,0.015448177374245087,0.0,0.004428915586934701,0.026301679059191063,0.02698393245423847,0.0211094423519938,0.025088053412392508,0.003980022127846206,0.03453536564664861,0.023437913416836598,-0.0007291870414438684,0.012339029997061546,0.0092775264349792,0.004221909830137371,0.05672352765457006,0.024964664609691323,0.03267111488662333,0.015962282492965274,0.015659349271478273,0.017723207629032678,0.017129140662168862,0.015295595721674327,0.027892033862735144,0.011619286747031665,0.003930234754311868,0.008803054569210711,0.02865129317895504,0.007402722024947073,0.005999980482684464,0.03264133201655289,0.050270180767786665,0.03324706532634847,0.031484187149636744,0.03269280970869182,0.020972014950960127,0.0008821229642439476,0.0403513562124892,1.3706129305623982e-05,0.00016902239358335125,-0.0043048055074348945,0.05998563788325467,0.010192998477476234,0.0,0.015369726425265573,0.03154095070433072,0.018393644027757783,0.04217912975994342,0.016136645966387086,-0.0005533534482851654,-0.0007754073545870876,-1.1102230246251565e-16,0.029491992547386325,0.016404904933622233,0.026201514189920894,0.019248216311501642,0.0,1.5070224033741919e-05,0.02147998513726257,0.047534519118019314,0.06762409344083592,0.031779621938936575,0.01632527119608712,-0.001546231254685393,0.005210080417406671,0.013818962462515239,0.027178034791600025,0.027389060201448656,0.02155170685068125,0.003760610477402282,0.015702023711350155
-0.007296401526980023,-0.00535098003474993,-0.00994304794371137,-0.0020193245561379025,-0.028685606927372598,0.023253815894269503,0.017243827322663885,0.004428915586934701,0.0,0.015343438865618397,-0.005400616259685076,0.013192001765528039,0.023858066992583193,-0.019569756175729536,-0.0005242640452258751,-0.031086054564055943,-0.0029269632342706076,-0.009113901557024295,0.004450965746819191,0.004410003722669142,0.015363806466433316,0.0075117087133272364,0.01571755396860175,0.004921742697588938,-0.025562610893964888,-0.009091531467989689,0.026873167580654167,0.01817695168943828,0.03264978078822789,0.004644418635855241,0.022066933419004897,0.015341963942849923,0.03859143282540389,0.014406412388592249,0.0136806227518948,0.02524996064796381,0.0205495662722337,0.027798095778269805,0.030130093838417304,0.01657319829451076,0.006627083105435583,-0.015275786395946067,0.03568038667193396,0.00020391808417224988,0.0231838319846025,0.0,0.04625859186450754,0.03176179717118943,0.000105141590718838,0.028650988040138547,0.021234391886358006,0.02109817887893073,-0.002071388616997516,0.021776256987986464,0.0003362338295427314,0.006882458352378107,0.0017260270229577102,0.022226782017777613,0.04560221962715044,0.04291436799474846,-0.004565406963772167,5.551115123125783e-17,0.0,0.024806697428018887,0.023693438061758054,0.07880532458559575,0.01965951661736909,0.0065694901665888095,-0.0007365253927728577,-0.017312129790125363,0.025684283274790276,0.012945912991002007,0.019187241844835,0.031201719876672973,0.009605867624070008,0.024124794415479656
-0.0005936989209818777,-0.004532140554603825,0.017160543987750687,0.04001320269382408,0.008611276952725844,0.020042886601741028,0.017270390538156266,0.026301679059191063,0.015343438865618397,0.0,0.02082462057237977,0.004123542299296901,0.006562990945492508,0.053191599720430194,-0.00674732787884047,0.02492434148731726,-0.011399635537901964,0.0034300123964314255,0.01959714667553797,-0.016058539580386333,0.010832931225972564,0.0024949831499265773,0.01898918170023478,-0.004294867297286398,0.017653458785255094,0.02415964921776781,0.010813297766764984,0.007226663563893454,-0.0005409623481091308,-0.00019335204355952484,0.0188111764318053,0.0409807526403948,-0.002616513212862659,0.007672630915759648,0.012939040952664738,0.04424373301140244,0.032656163700811536,-0.003562970428551193,0.00893399259356853,0.0632360714671214,0.020446870073015044,0.014127945689126231,-0.006514216991084731,0.0009971158217841336,0.016815869945317752,0.0012205231053976084,0.0028932702300557556,0.0025168986341548294,-1.1102230246251565e-16,1.6653345369377348e-16,0.020497450508841775,-0.0033741688046507456,-0.0008787491239709011,-0.002567336212088489,0.03763110551293258,-0.009669913314045542,0.036081778743732085,0.008139922001800248,0.0,-0.003128879953530894,0.008229130363857085,0.03491708917257136,0.019603091381293014,0.00012812474942097696,-0.0026710056205164756,-0.00012058450276747346,0.0003864272052102602,0.01183539597272576,-0.001404865515532594,0.025860410352203322,0.021377649872673654,0.0157526904416746,0.1032296805929861,0.035538430610833394,-1.1102230246251565e-16,0.02800754491117219
-0.00010143644850757472,0.0005420598834172674,0.014219936983812298,-0.03325708759702001,0.0002795477183548667,-0.00020845150447884597,0.002397861564801984,0.02698393245423847,-0.005400616259685076,0.02082462057237977,0.0,0.006625408377381126,0.02042612302093305,-0.01502762917045014,0.0,1.6283999516752967e-05,-0.001261664904186055,-0.00800005925329944,0.01373589555681376,-7.483912492051159e-05,0.019334302398481773,0.0012075629268378796,0.05057689136048116,0.0019132356462732147,-0.002731491018298282,-0.0034092637937301884,0.002397109455340607,0.02302872167682468,-0.0005609317148927984,-0.0015233306135480906,0.025300263559853597,0.03350818181399412,0.01497855457956554,0.01987716317952737,0.023442704481974885,0.042552073642784294,0.07355643579446675,0.020034418130836562,0.023190970320316084,0.032795896699926885,-0.00889468205422006,-0.014507059137733591,0.04483962501530475,-0.0016186126856362337,0.0037564254693985832,0.0,5.551115123125783e-17,0.050456716749572195,0.00013134372173800868,0.01415531477108567,0.03322082611579835,-0.008862468903941711,0.007822123254228486,-0.005646330088232843,-0.0077444941577828885,-0.0645593088921117,0.0014378561777585452,0.013185340176176175,0.050153415382972966,0.0007750698022426783,0.0,0.0,0.0,-0.03722263082805871,0.004236582731735439,0.0,0.00025358761142529884,0.014469319956750493,0.0,0.0,-0.0002350999647038332,0.028897928358144087,-0.0011377819063621009,0.03299507313296646,0.0016152259418923953,-0.021845284693053635
-0.003940673087377944,0.024588809031495518,0.02891730163139361,0.004359032676853614,-0.0021739330615431762,0.01123159247040395,0.016570812856201544,0.0211094423519938,0.013192001765528039,0.004123542299296901,0.006625408377381126,0.0,0.007436860873516693,0.0025596008198600084,0.0013081944059999406,0.009713302148994352,0.009774879246979506,0.022756191006380877,0.0104945203105421,-0.0008396268002445195,-0.007680732879205843,-0.004220044947272128,0.005683639431607601,-0.005494724625455472,0.020704874783289418,0.025016537759258328,0.013386700291233955,0.009976118876645734,-0.005026436280843316,-0.004712531907089423,0.004420755468645787,0.010857568534047624,0.026870466363394907,0.005694958095237623,0.011318043409042244,0.029631041527176438,0.036821179805807736,-0.010424121167726452,0.0017238411140764742,0.07141622675937209,0.05756054491916901,0.01346320457544975,0.005755314566443792,-0.0009557414535661113,0.0416693171155188,0.00016772888734928326,0.0018536425033631732,-0.000813646713318017,0.0,7.16360666341842e-07,-0.0030929232855732014,0.0032558038495892894,0.0,-0.001005370286426277,0.03801269834931481,-0.002154175985236262,0.03537666424421415,0.004235298257803555,0.0,-0.00031975983103477157,0.011977857229815758,0.03595614891980392,0.03040716084180667,0.0,0.00037775783025545406,-0.00026643018120176,0.0005754126628724765,-0.0037892084444725582,0.018789936213917113,0.024772936404557244,0.01849054406614431,0.06943621406071021,0.012605014995892727,-0.0018156811754915236,0.0,0.02578155144050348
-0.004972610549065393,0.009001437697533199,0.009562789259180693,-0.03809763949149214,-0.02186389521750748,-0.019004441332638566,0.003950115289607203,0.025088053412392508,0.023858066992583193,0.006562990945492508,0.02042612302093305,0.007436860873516693,0.0,-0.00819648087287611,0.022699104541054727,0.009052505452390502,-0.0015469032920564785,0.005489183382360929,0.015246920801088804,0.004983567245251785,0.02405823619116554,0.008997663904735831,0.02710799616213999,0.005418551125999649,0.003836887043516146,0.011337141742555623,0.020163370002239667,0.012047407315392833,-0.014964095310262715,0.001201446745724477,-0.003108624448868502,0.004512827269680775,0.027868656189806384,-0.009254155208051729,0.0025370619772739356,-0.01662623902752025,-0.017850451148490987,0.023577842177385788,-0.008033833845852878,0.032941047062723605,-0.023023073659642235,-0.017543714336411942,0.03401749563426415,0.0020149045850166303,0.03183012042526451,0.033041734928970334,0.040739647196929185,0.015073665616360366,0.0,0.037744012781647074,0.02287327093380842,0.023350394107463313,0.024168678453683035,0.022712287609220616,-0.023257106606992317,-0.0034103963248722224,0.0018890197710505485,0.023554000557472032,0.001395069844626451,0.027883114776845186,0.027369297572112372,-0.004224507842858494,-0.010989679362824412,0.009664746144467551,0.030369283486306187,0.04115081390604042,0.025671768295001007,0.014441396863514422,-0.0007521210249684107,0.007217129052096871,0.030071113925771054,0.024080864929878598,0.022188717359635124,0.02565935151778531,0.023007182675986337,0.015970034420995094
-0.0028773499245584033,0.0,-0.010883347523258369,-0.05533572480387994,-0.019984211707458066,0.003208959972817449,-0.030909767592788795,0.003980022127846206,-0.019569756175729536,0.053191599720430194,-0.01502762917045014,0.0025596008198600084,-0.00819648087287611,0.0,0.00011908864004872566,0.0,0.0,0.0,-0.008393369401296424,-0.0010569698602699296,0.0032293946102031623,-0.0002448538597515926,0.028189991678404414,0.012581504143590216,-0.00012821770052562353,0.00746163941804745,0.01149525808669416,-0.013307791337227592,-0.0038668466941962354,-1.475382910981482e-05,0.015493105195140355,0.011807784124049592,-0.003656345541448114,-0.015576592031066983,-0.024106732751509374,0.028098729262178213,0.018129095920985605,0.020228483452893964,0.06984107874010076,0.0,0.00044611562125040916,0.0,0.05033749805401816,0.0,0.0,0.0,0.0,0.047420422365569426,0.0,-0.004381818805287818,0.04038534571291441,-0.0052781245266002585,0.029339015229082777,0.06236656722782813,0.0,-0.04636426291096607,0.000839832386505035,0.001951987007340672,-0.0029809820635526285,-5.551115123125783e-17,0.0,0.0,0.0,0.03810401257905027,-0.00236218699644819,0.0,0.0,0.033836038080420794,0.0004778728944677124,0.0,0.0,0.029019384524537783,0.001011906902116222,-0.0010386326544867819,0.0,-5.551115123125783e-17
-0.011626503232563534,0.006012394755411821,0.0010172736186726539,0.004688226796439099,0.0022150061172819258,0.033585394549287106,0.02306574543239176,0.03453536564664861,-0.0005242640452258751,-0.00674732787884047,0.0,0.0013081944059999406,0.022699104541054727,0.00011908864004872566,0.0,0.012254652305951685,-0.0041822749578011575,0.014100568773076305,0.0,-0.003158847882086202,0.01082054365735391,-0.014253244294483824,0.029426021547496906,0.011821076924404594,0.012290939320282024,0.006352051003975123,0.025184335738870633,0.02362273694173972,0.009185683438458658,0.01981761864049364,-0.008134729071627878,-0.012786722443842602,0.0262119460780037,-0.00876779373263914,-0.02551269401017786,-0.02198380262786448,-0.0014034496685136344,-0.0002485277689003307,0.015244273950792142,0.02178340463459888,0.017990834404044365,0.018011891530964053,0.06503059832639446,0.001635247999932532,0.0006316257050618668,-0.003949113019702077,0.02140938139452292,0.002952785668677016,0.0,0.0,0.012030921288220808,0.004371406811249867,0.0121955902951848,0.003637377502400063,-4.5165443441075315e-05,0.0,-0.00013827075535854938,0.012387603302551675,0.0,0.030399659198439954,0.01722913504253759,0.0008184794772380655,0.01950672526379199,0.0,0.031777554046536594,0.021392444968521218,0.02749896548166242,0.02396339738810216,-0.001223736343497539,0.018327092380276466,0.018928218288811416,0.021838308994371725,0.015266711983043302,0.01888390471133594,0.027932799729005087,0.013103651393881921
0.011759818154203572,-0.003855371652463746,0.0034536274969048097,0.0,-0.01439081212690918,-0.0008236585412047526,0.0018286698905582988,0.023437913416836598,-0.031086054564055943,0.02492434148731726,1.6283999516752967e-05,0.009713302148994352,0.009052505452390502,0.0,0.012254652305951685,0.0,0.025733935043578793,-0.006299670944205915,0.0018460172138498043,0.022617417781161497,0.019059823055063096,0.02478174738393346,0.013068275252719808,0.004825284955277398,0.00011432089045759763,0.0014636419695825964,0.012045461618934161,0.013290583833247993,0.010044239362906493,-0.01669909909373829,0.0073819040034247,-0.008148310055085484,0.009248871457977925,0.010632659854503068,-0.009129304182855957,-0.006984340402421685,0.00015010927577729927,-0.004259293941246689,0.018769949806399344,0.027734239539145833,0.024891016599392857,0.03164176393254903,0.00016630813166212954,0.0,0.0,0.018748192422660848,0.03813101351347431,0.0,0.0,0.0,-0.002146083326867221,-0.0067801449493324895,-0.004091835789564624,0.0,0.012423280010366078,0.0,0.008777809037504414,-0.008079257579720112,0.0,0.030772707619747264,0.02717985659168648,0.023306271754336416,0.020473440781785812,0.0,0.02159832842606818,-0.004401760735813998,0.0395236496311982,0.015058714279177932,0.026729366234335528,0.03478408622408807,0.024866533166572724,0.016490897910240443,-0.023427237862859385,-0.004931930569506582,0.00031411635703182395,0.02660727859033485
0.005146452690066361,0.004934923952422454,0.0038885467206160595,-0.00029646805498872997,-0.014226953586338908,-0.03698093679338721,0.0004241129381821196,-0.0007291870414438684,-0.0029269632342706076,-0.011399635537901964,-0.001261664904186055,0.009774879246979506,-0.0015469032920564785,0.0,-0.0041822749578011575,0.025733935043578793,0.0,-0.029421697530331803,0.008108648956485554,0.00165710849395162,0.010095735639297776,0.014403306945728611,0.019355397514519423,0.027479479072686108,-0.006218756302785844,0.01941600236423785,0.0013632661759180875,-0.00705406427030808,-0.011599345082956125,-0.04186350160914054,0.004223115595562432,-0.0009174235860412439,-0.010435299625853378,-0.0004243795186980037,-0.001215082845739901,0.002045233493785492,0.001805705191640028,-0.0011975624152535946,0.010608618429606254,0.06098155592117399,0.029638529046674744,-0.008694863186173685,0.0,0.0,0.005388195887846392,0.004408509677185757,0.004579454168406827,0.0,0.0,1.6653345369377348e-16,0.0016838518243610379,-0.000194092375021937,0.0,0.0,0.03426529165069547,0.00034446186405762136,0.028693579261967195,-8.108090301917059e-05,0.0,0.0,0.010463736335562912,0.03172823285241422,0.024170459370375152,0.0,0.00040496566946113255,-5.551115123125783e-17,0.021311513596281806,0.0015598583050613346,0.02127181967643421,0.027671518825631902,0.021572066747739926,0.0,-0.0009348750272322182,0.000806009118228812,0.0,0.01200821317925721
-0.001857140118497802,-0.001551748234607353,0.003085228244348759,0.0,-0.04269206250145419,-0.014574674083224715,-0.003626535160312361,0.012339029997061546,-0.009113901557024295,0.0034300123964314255,-0.00800005925329944,0.022756191006380877,0.005489183382360929,0.0,0.014100568773076305,-0.006299670944205915,-0.029421697530331803,0.0,0.007567670040239727,0.013329010904030214,0.010016143407632405,0.027572355231452517,0.0024932460481287833,0.016161421108244978,0.006387243097233375,0.014878880728390609,0.007678784256980986,0.012678283211829455,0.005751265490374524,-0.0020213751452294315,0.011159394885511431,0.0005721809871091499,-0.018061146526831995,0.01096918001979591,0.008908213348693239,-0.0006611219987935346,0.0,-0.014254139245445274,0.0055597556807849835,0.02083896850761424,0.019653904006442624,0.013395089659178239,5.551115123125783e-17,0.0,-0.0022774144933896956,0.011837776942804745,0.03473904218692897,0.0,0.0,0.0,0.004401279803830926,-0.00024871145275023876,-0.0016403988416103799,0.0,0.034494601006305525,0.0,0.023511188461408428,0.008753673768703008,0.0,0.0062569073487618865,0.020422743907116847,0.024114499983577398,0.017369764304983493,0.0,0.015401304156848927,-0.0053294399792561675,0.03845537420256251,0.007206475826681824,0.01488625942285815,0.020231072193157673,0.02213052380247066,0.025083573241767743,0.00024491877829280195,-0.01529638179852194,0.0,0.013910424749327965
0.0,-0.022603893635983474,-0.01990326077281379,-0.015752986761194854,-0.011727106881832094,-0.01129400908712258,0.007660976115235196,0.0092775264349792,0.004450965746819191,0.01959714667553797,0.01373589555681376,0.0104945203105421,0.015246920801088804,-0.008393369401296424,0.0,0.0018460172138498043,0.008108648956485554,0.007567670040239727,0.0,-0.0005363523224499733,0.095867230827124,0.002411388105020007,0.005328178999939148,0.011588299710953542,0.010411988948695383,-0.04170329396913208,-0.005460958920922632,0.013277925062506801,0.015555044304852383,-0.014860103027508897,0.015179254382504836,0.01379828883385853,0.012923437943663962,0.012272131968676547,0.011942985723751354,0.027889216674610695,0.01585509490282222,0.02047723439477739,0.01711561529239436,0.002518573146010117,0.014920219327844153,-0.00036352154136587433,0.03907903316296296,5.551115123125783e-17,-1.6653345369377348e-16,0.0,5.551115123125783e-17,-0.09914096726109733,0.0,0.03387421754462483,0.021481992901433267,0.024038043066167525,-0.012067920863729431,0.025975334515977888,-0.0017209440031781265,-0.0984896533982933,0.0012490161945617473,0.02704067875018923,0.024339160951197647,0.0015321522736503335,0.0,0.0,0.0,0.02847526326909522,0.006463203456376021,0.0,0.07211860300106288,0.007157416318586796,0.0,0.0,0.03173628505252324,0.017300538655135478,0.015783581225884302,0.012202668126430505,-8.538097742460948e-05,0.008491772668761777
0.011486694637282358,0.011066370259131153,0.008833079695098056,0.0025116295248356346,0.0032494507364356773,0.0082416261661718,0.011225134386855351,0.004221909830137371,0.004410003722669142,-0.016058539580386333,-7.483912492051159e-05,-0.0008396268002445195,0.004983567245251785,-0.0010569698602699296,-0.003158847882086202,0.022617417781161497,0.00165710849395162,0.013329010904030214,-0.0005363523224499733,0.0,0.00543584862105484,-0.0013959015754415605,-0.011811318375396451,0.01693837864853076,0.01011416245334179,0.0013548456583611923,-0.0020810381297334257,0.008435342034716464,-0.0058886131084985305,0.013364007921145282,-0.009993743796644527,-0.02773063192393599,0.023002921280189992,-0.021959342432605944,-0.02943231663807855,-0.02516494301298361,-0.03589604431296439,-0.002994961099168081,0.021012481852714926,0.03053130345475813,0.016120196993226033,0.017371809753009504,0.01421338155002777,-1.6387422321129108e-05,0.002567683196877113,0.02595864583543611,0.031344805163158074,0.0008048932808354392,0.0,-0.01126751581468144,0.012286172676314322,0.000624110532561839,0.020928841911245666,-0.00010443699216339253,0.0034875457826832323,0.0012662881579929564,-0.0006305419551503322,0.017403762610711748,0.0,0.02326911103320284,0.013335595591070226,0.001596035548065644,0.01379299280497237,0.0011265939622458476,0.01859267758645544,0.01807196990835136,0.02223061411339544,0.019373582172549197,0.0002359874253538563,0.024296727263931728,0.010543643227489186,0.019981261820867735,0.022240557037420894,0.02283051794073443,0.017486155967851635,0.014462922326661798
-0.015154751250264165,0.012916032599199934,0.005954305652174752,-0.000793067377970913,0.01941781916770763,0.028972331164293597,0.023472974649427603,0.05672352765457006,0.015363806466433316,0.010832931225972564,0.019334302398481773,-0.007680732879205843,0.02405823619116554,0.0032293946102031623,0.01082054365735391,0.019059823055063096,0.010095735639297776,0.010016143407632405,0.095867230827124,0.00543584862105484,0.0,0.020484015246347353,0.02097115072857364,0.0014479744099570868,0.006051854939003065,0.009694319825516662,0.018436436481891694,0.02643484681715408,0.019275676370477612,0.028139040515912817,0.004398700436656577,0.001562904220113126,0.035600693428193275,0.013490736363404865,-0.006977308793278347,0.00970741900687877,-0.004620837205209394,0.0009362623624854516,0.006484658780337493,0.01410345967095522,0.011226260042509761,0.009904472229144479,-0.008765085819119667,0.0,0.0013015957895947117,0.05529440105082167,0.042316416534443235,0.0007534062102972916,0.0,-0.00023472684021957901,0.018549213353114435,0.02582777375712697,0.048132248088267604,0.001989134908355672,-8.084040676720194e-05,0.0,0.01977682288416821,0.01174497202795749,0.0,0.007750123304429868,0.028381361143319683,0.0,0.01286695029197088,0.0,0.007726151990832264,0.011230990487271497,0.011303471884741123,0.02398868483980726,0.04470057869861299,0.022896329555694428,0.022717016551230984,0.01939762290613839,0.022208408285684933,0.022271147401013158,0.0021864462665250883,0.009625342874221232
0.01691929666275399,0.00818982066154511,0.007536713173549758,-0.000686154054002186,-0.0012090446932616072,0.014723653466469644,0.006992239522589705,0.024964664609691323,0.0075117087133272364,0.0024949831499265773,0.0012075629268378796,-0.004220044947272128,0.008997663904735831,-0.0002448538597515926,-0.014253244294483824,0.02478174738393346,0.014403306945728611,0.027572355231452517,0.002411388105020007,-0.0013959015754415605,0.020484015246347353,0.0,0.00801669233830593,0.037512646852264464,0.015459164322607188,0.00603250835145569,-0.009089073720920937,0.0009908855094560298,-0.008776095633738545,-0.007716127795470429,-0.007428781342028956,-0.019448922434844473,0.029645363296849525,-0.011615675065491937,-0.025765960332745752,-0.011576425949109126,0.0009918239274284701,-0.0010660101261541488,0.009055538237392968,0.029631238294371143,0.012846494103209982,0.015260961944073892,0.039706365235816055,0.0,0.0006669739880940662,0.016016790837669548,0.029843084091639382,0.004027037767423136,0.0,-0.03366296025832893,0.0074986884487361904,-0.007269999487955425,0.004296244990732279,0.004013965599968361,0.007631132842262467,0.0,0.012705413571553581,-0.0033489496807723174,0.0,0.02164016148549941,0.022172687205483432,0.018076391094214217,0.02164408786186156,-1.1102230246251565e-16,0.012582875672986271,0.010650599177203957,0.019987766945473107,0.018205478349737847,0.02308472530847222,0.03574953056009389,0.01905238000038434,0.013887562430246525,-0.009798493593499769,0.0037849971931106507,0.001185301322098653,0.012778858645389635
-0.006853310480482877,0.005352428658251751,-0.0042473231907973474,-0.009569622429878022,0.009119836887841515,0.030124581089224,0.019408451807797822,0.03267111488662333,0.01571755396860175,0.01898918170023478,0.05057689136048116,0.005683639431607601,0.02710799616213999,0.028189991678404414,0.029426021547496906,0.013068275252719808,0.019355397514519423,0.0024932460481287833,0.005328178999939148,-0.011811318375396451,0.02097115072857364,0.00801669233830593,0.0,0.004555876855504792,-0.000262875425704967,0.014796035350580938,0.0216280032021115,0.02591091511382526,0.02865070054511165,0.022749036256276056,0.021658765634873012,0.01321908061649274,0.015615050273570685,0.014257602702948236,0.0004567890044384071,0.030730325737116815,0.011748034669082974,0.014075654071883659,0.029047088268633225,0.05176866945858677,0.018846710433117808,0.03603110080944416,0.039730552252857265,0.004093469293727781,0.004376959207072095,-0.0016448502033253876,0.03013566554242575,-0.05656557251756672,-7.308231377994856e-05,0.04253093054246049,0.035579195231871696,0.022602971019335283,0.02946979900483543,0.025449480671517866,0.013973341836118647,-0.033526815949328326,0.009140174455460393,0.022812256392309993,0.05632301203903389,0.030761067807659692,0.021137855080712087,0.002030403719080698,0.00839350959895746,-0.08266979457954404,0.03730243431528213,0.041271553042051656,0.03079540812563064,-0.018447755837165902,0.00047650354931533245,0.02225424238430479,0.021850057293622993,0.029026167261938296,0.02371571887087387,0.026188422325285732,0.025151887036036435,0.021030722998926943
-0.015142747897906761,0.010854403400631152,0.00047800186965596403,-0.03504621800223651,0.0005717196304589889,-0.05334643304181802,0.004162229032339038,0.015962282492965274,0.004921742697588938,-0.004294867297286398,0.0019132356462732147,-0.005494724625455472,0.005418551125999649,0.012581504143590216,0.011821076924404594,0.004825284955277398,0.027479479072686108,0.016161421108244978,0.011588299710953542,0.01693837864853076,0.0014479744099570868,0.037512646852264464,0.004555876855504792,0.0,0.01281537943973654,0.0055976272710465125,0.0010283356530236265,0.0033478469082809936,0.01893514561815024,0.0008199567569942556,0.006578342893632572,0.056102238242025704,-0.012940394726779658,0.012408762292453968,0.004135527340540013,0.005859632599364506,0.007510672190127909,-0.0058594047107906055,0.018287442524795305,0.02055156864441049,0.06086435998212414,0.008337333806889446,0.005691864528178769,-0.00015122514792781372,0.022291098863039316,-0.009835679958458632,0.022197749337281858,0.0001567639020815803,0.0,0.0,-0.0015280764741866237,-0.0004254113337108234,-0.0006787756385104315,-0.0009105996214698875,0.023344262129334048,-0.0006017772149952694,0.012636916245060414,-0.002767445688558967,0.0,0.0008919214184793245,-0.0041706309328130575,0.01865933229309147,0.022405886593221513,0.0,-0.0014457821218774036,0.012856416914932167,0.007949284358852171,-0.0005016084154341738,-0.017875191079528285,0.019282468514726148,0.014221459168581307,-0.0005380547643797362,0.004974239828970661,-0.0005762213155002804,0.0,-0.00036039820284639035
0.006384881130801323,0.013286762604454105,-0.038040736587087176,0.0,-0.026424229270386956,0.0030127083677325417,-0.004007359637656749,0.015659349271478273,-0.025562610893964888,0.017653458785255094,-0.002731491018298282,0.020704874783289418,0.003836887043516146,-0.00012821770052562353,0.012290939320282024,0.00011432089045759763,-0.006218756302785844,0.006387243097233375,0.010411988948695383,0.01011416245334179,0.006051854939003065,0.015459164322607188,-0.000262875425704967,0.01281537943973654,0.0,0.01544312783739965,0.007444579421818032,0.007793483516723543,0.0022388588662992093,0.004760352430291603,0.004311031480399907,-0.011860268295602994,-0.009090961217810278,0.002296711577070565,-0.014168672466880916,-0.010897663884873399,0.0013432208314108074,-0.00949726054008948,0.014765190822837226,0.032877761534469196,0.026545563631433677,0.019435557188364705,-0.0007396537824634897,0.0,0.03982294077483922,0.015417103155299539,0.03582625653781779,0.0,0.0,0.0,-0.0034344989505846746,0.0013602185807027878,0.04001260851235927,-0.00010261046231141435,0.028791633067967726,0.0,0.02261929677385821,0.0011906579976792009,0.0,0.029693603730073403,0.023772832715408032,0.026450219643178785,0.014086070129242234,0.0,0.029182824071402713,0.017144131739761925,0.027813002873439185,0.017178695516416098,0.022356981500383066,0.023966344255066274,0.02255422147126146,0.01954133059758384,-0.008301148888982535,0.008612236307725174,0.0,0.01602681331744027
0.0179278161594269,0.01249223435316471,-0.011838873004273165,0.002401743709741777,-0.022764302426770744,0.00406804565945984,0.010672967907514597,0.017723207629032678,-0.009091531467989689,0.02415964921776781,-0.0034092637937301884,0.025016537759258328,0.011337141742555623,0.00746163941804745,0.006352051003975123,0.0014636419695825964,0.01941600236423785,0.014878880728390609,-0.04170329396913208,0.0013548456583611923,0.009694319825516662,0.00603250835145569,0.014796035350580938,0.0055976272710465125,0.01544312783739965,0.0,0.008422492521132308,-0.001541954741482332,0.007844546358920013,-0.01923207888737466,0.00036021830433780044,-0.016955507715833207,-0.0025526973467658864,-0.004976838536288386,-0.01683668137883404,-0.019119102605617944,0.0017336252077008174,2.542879137740206e-05,0.00933576316664142,0.030453686793066537,0.013033636963999062,0.011635180517733323,-0.004150552320254575,0.0,0.041856178537177824,0.020700833843240063,0.034225547957420666,0.0058404051745274965,0.0,0.00047057413748707866,0.005272285885810635,-0.0001574874884686106,-0.004073185216332487,0.00011706114727527694,0.02942589026511855,-0.0002486763624267585,0.023831669443137304,-0.002487678998691678,0.0,0.019712884154841848,0.027621347391507123,0.023483323386737198,0.015553731605631005,-5.551115123125783e-17,0.0063177089548281384,0.003272484261560904,0.019575112685649543,0.0046757792509375395,0.02375852076480539,0.026077978834577853,0.017128182796884828,0.014244431067394425,-0.0009688127606619634,0.004702725127316065,-0.00014363560327740332,0.012416481215872188
-0.0009073511440415016,-0.00012002860037374496,-0.006081899584851391,0.0016312640885979834,0.015557906184143544,0.02411784116598875,0.014664648604102826,0.017129140662168862,0.026873167580654167,0.010813297766764984,0.002397109455340607,0.013386700291233955,0.020163370002239667,0.01149525808669416,0.025184335738870633,0.012045461618934161,0.0013632661759180875,0.007678784256980986,-0.005460958920922632,-0.0020810381297334257,0.018436436481891694,-0.009089073720920937,0.0216280032021115,0.0010283356530236265,0.007444579421818032,0.008422492521132308,0.0,0.019400605942795524,0.018540193320169318,0.019380315067673237,0.004606032415955141,0.0007760091736702113,0.015280846628662248,0.006743150105308737,-0.012152967126923486,0.015829059674951296,0.012631727735547826,0.017161454587466984,0.02506985850218474,0.05747661546188604,0.017877844533522924,0.02959086848987158,0.02462394529473194,0.004619334741247538,0.002826581217630575,0.026516431167161958,0.026746100863348388,0.04925271648374285,-1.6653345369377348e-16,0.044506812324572764,0.0359702472249257,0.018101395000661213,0.02515738831826575,0.03702916307386961,0.019402648422823576,0.019299494637681214,0.07557313167558238,0.02003243850660441,0.059765562779903636,0.022049051509969886,0.012811203233783097,9.601808949705193e-05,0.007423946237936296,0.04646275753546447,0.026106050409894888,0.03011574482208612,0.02169498502694267,0.017953257580889947,0.001857195807893064,0.016833405169692117,0.017717546022326502,0.02168321643822957,0.021070346181519928,0.02261316025031035,0.024570550342628672,0.014298095249176801
