0.0,0.008591253060413528,0.0029182582293655335,0.0,-0.0002017541546870394,-0.041592623370378445,-0.02612475712233986,-0.0476158837583186,0.0037458095944200576,0.003525769885567298,-0.0004265351627270597,-0.018771474469695126,-0.035592013410170986,0.0033340664158476585,0.022270090384044816,-0.012598952630927307,-0.0027825282100600868,-0.010399227582209902,0.0,-0.03268954409196412,-0.027974266416091687,-0.0002449976046232094,-0.037820345665801336,-0.019740849092553914,-0.0037362813974501363,-0.010640158297317848,-0.009738909799457851,-0.03130792540279054,-0.042427266630291116,0.0023596016785117357,-0.02424764337902352,-0.019347278141684576,-0.048512943251384166,-0.026729215406965767,-0.019290250134196052,0.00024730677141310276,0.0,-0.03117834204852582,-0.030912247596968423,-0.03854930270399032,-0.03240049604795697,-0.03496846780349078,0.0,0.0,0.00013060603435111062,-0.013995073132319402,-0.030184906757029173,0.0,0.0,0.0,0.001207743902624514,0.0,-0.0015691872033508636,0.0,-0.005249867857935353,0.0,0.028225753478771487,0.0014175723407773289,0.0,0.024914105157845978,-0.03164025383702218,-0.07719213977400968,-0.037758866202511454,0.0,0.004486241379745182,-0.02719263512465403,-0.005048700831551678,-0.018541981588147738,-0.0009956559982564062,-0.044492547264571636,-0.013360754637385008,-0.0029858226632058504,-0.000247141351873037,-0.047471288361858655,0.0,-0.03151196040644161
0.008591253060413528,0.0,-0.025743483607943818,0.0,-0.04653050032735134,-0.02037624196994242,-0.05161149848190327,-0.026624003942886554,-0.033201038664976146,0.0009108207535950541,0.00040900178027170053,0.0031811787744471798,-0.05006496425265333,0.0,-0.015579916675370009,0.036259797355739365,0.0032905950692261876,0.02167261274421256,0.0007326216929710583,-0.014524975239829818,0.0077954552363607155,0.032614757679345796,-0.03627574648126375,-0.05237824924944784,0.03906836237945843,0.029626731895168956,-0.010464814406835499,-0.040878573764932535,-0.018588636160541128,-0.07694289793166814,0.005924428414834204,-0.004463507903487873,-0.02073934558751428,0.004420929829084985,0.002601796009617241,-0.004221562752591779,0.00020640546722761055,-0.000745901626197365,-0.010762323866405465,0.003313203096412698,-0.0024832371989442215,-0.0018514872444609365,-0.004475951431213709,0.0,3.509400910622906e-05,-0.00481767157939722,0.0021652982096126427,-0.0008611350533696549,0.0,-5.551115123125783e-17,-0.015202714478049717,-0.0007583264341822771,0.007603739380075858,-0.0012700593478938704,0.003737440965725536,0.0,0.0028325721260213377,-0.038496774047495186,0.0,-0.008310381847027148,-0.0032821073668590217,0.004648792638206389,-0.016224240913214893,0.0,-0.02861649314114456,0.019034364600133302,0.004401090571464983,-0.03403277173226732,0.009292022632210017,-0.025276707054394998,0.012065116408461252,-0.02691969026363683,-0.03996025415846627,-0.018971120178266243,1.6128219341549066e-05,-0.004940293359601
0.0029182582293655335,-0.025743483607943818,0.0,-0.044488134489476194,-0.041498631115979734,-0.005352493718581153,-0.029770785063960525,-0.01277570827192992,0.007890482827004941,-0.024122506533544197,-0.02090496776618378,-0.014283437729235626,-0.024176305903545248,-0.05694555474607277,-0.0008350526218299792,-0.0287986828382355,0.001353617139224883,0.0019225754815014318,-0.022012216780247895,-0.022201397683840773,-0.03835082190680361,-0.031122202777121077,3.7708074818454396e-05,0.0008415315136960921,0.005048770739225994,-0.04434669512290185,-0.008579428325662553,-0.020529439742498656,-0.014261748757358972,-0.02332365844742945,-0.010325479139763893,-0.01224818167369679,-0.008113483383813458,-0.004912858546565424,-0.009855207789652154,-0.04662782767701962,0.005369309543984513,-0.018740568526937063,-0.04463345079126896,-2.5237548147594158e-05,-0.035251678457883406,0.0011598189268965386,-0.03774894810505258,0.0005200049370511217,0.0002537345936360902,0.0,0.0001682279647824969,-0.022037717696197945,-0.00015223061216751432,-0.021453001869024435,0.00329530829970881,-0.020479533485479373,0.010598830912216917,-0.033631073362934416,0.002305863768880756,-0.016970934568290907,-0.0008665634149744306,-0.017216223619018867,-0.024945318920276127,0.002388916070905245,0.000266948529634603,0.0,0.0,-0.0024168714861998453,-0.0014715992606005313,0.001267288802318578,-0.0034460851008685234,-0.005500483643919973,0.0,0.0,-0.0004219996834826656,-0.039729002752145526,-0.03171488141193607,-0.06128657738726562,0.0015274726976156616,-0.03360409580251761
0.0,0.0,-0.044488134489476194,0.0,0.002464575891473475,-0.011447621668161823,0.004392200135880597,-0.013228098884227935,-0.03998480629371598,0.0639325881883876,-0.023607622386469185,-0.05914557449382388,-0.0211511439865521,0.029283037559146685,0.00097504172131746,0.0,-1.9031388810930583e-05,0.0,-0.040946325219979485,-0.0138806976360617,0.0002006634459581491,-0.07533404743442029,-0.024902016665238613,0.09897221736901335,0.0,0.0021179559550238425,-0.005743973977664907,-0.01943050115460565,-0.0032061748826588965,0.00010794398054442267,0.018589532373259277,0.023308594211152334,0.25336092853240305,0.007275607461542488,0.030265156346637567,0.051234616019604884,0.022339111894776997,0.02708466302740742,-9.553940808387784e-05,0.0,-0.00042004602280143466,0.0,0.0004280900265773435,0.0,0.0,0.0,0.0,3.009135353165826e-05,0.0,0.0,-0.0006013528518595268,0.0,0.0,-7.044773330500131e-05,0.0,-7.21206957549625e-05,0.0,5.3033075957387155e-05,0.0,0.0,0.0,0.0,0.0,0.0,0.0,0.0,0.0,-0.022040459993754813,0.0,0.0,0.0,0.0005999627423423082,-6.905109847032964e-05,0.0007891759937356246,0.0,0.0
-0.0002017541546870394,-0.04653050032735134,-0.041498631115979734,0.002464575891473475,0.0,-0.021197344018189235,-0.00723456384352128,-0.031293867933097685,-0.009135765478521019,-0.05082022545498316,-0.02005655703498238,-0.03583238406674788,-0.019143820441767267,-0.024574923398926585,0.001253165612640661,-0.04880878859533877,-0.01548881113998668,-0.05904785103081561,-0.028836564532819797,-0.03846393898957495,-0.02407664184037339,-0.041791695700806986,-0.037695231514175365,-0.08021363471493625,-0.051417965694067536,-0.036586139871718826,-0.013479659056470084,-0.012479710927089271,-0.023158870747533866,-0.036501777757249665,-0.03997617363727951,-0.04317753029013366,-0.03812863712697734,-0.036302084791261124,-0.02910083585679968,-0.031233243944988,-0.004226907212288744,-0.03316124539299875,-0.037338941893954314,-0.001932476380389403,-0.03472720137443258,-0.0015021030737146779,-0.05674594148471457,-7.407001546771985e-05,-0.0007924892631999136,0.0,-6.142685894922062e-05,-0.03898381157521169,0.0,-0.05195314013554264,-0.02644338544270336,-0.04594052584378561,-0.029427371688592774,-0.057085965407519146,0.0015792412467701133,-0.06843669937727614,-0.002404701317978264,-0.03891226821824745,-0.06248007622923829,7.48294678217798e-05,0.000259146923116238,0.0,0.0,-0.06048070538618039,-0.0737758615703652,0.0,-0.0017096222611123202,-0.044572290579743656,0.0,0.00014449858387272085,0.0018179919316870241,-0.04847519159343766,-0.04732572489544046,-0.05316349825380079,0.0015123209124671133,-0.05681107545873254
-0.041592623370378445,-0.02037624196994242,-0.005352493718581153,-0.011447621668161823,-0.021197344018189235,0.0,-0.02006747405795356,-0.010016049753734935,0.006925694340999433,-0.018397685480971426,-0.024785549126214945,-0.005820714846717312,-0.006822969611317675,-0.023840170954988582,-0.02131673852984084,-0.008939400595023406,-0.01752139247810247,-0.0247615741607346,-0.014505061331931302,-0.010975669530281618,-0.031114262164975703,-0.008459651905149523,-0.004151655217087491,-0.04689919654021607,-0.01981020947052209,-0.02394029699859107,0.015027184643012614,0.004795585600217367,0.002612598988514514,-0.010091315013124935,-0.018385451758395843,-0.011481204491883057,-0.03289423219812598,-0.018955097921637132,-0.009283603774398907,-0.0139986763554944,-0.00881680796180756,-0.00833455270369593,-0.023450105613927408,-0.02654554373525525,-0.03251690266316576,-0.04171094273234177,-0.0305446271075821,0.00518864949297948,-0.0012951363271465066,0.001035732743065565,-0.014968367887219503,-0.013415088618626059,0.0,-0.028878955118219307,0.004239824705962181,-0.019355401453289733,0.00632512190032819,-0.02614834455488202,-0.02459881113529233,-0.028146903156001712,-0.002296996335974133,-0.012908712404742895,-0.03840420340678247,-0.03960558670694725,-0.018709754025451664,5.551115123125783e-17,-0.0024094350982392654,-0.04129254599590937,-0.037406959753203295,-0.023160593844841315,-0.02491576140543289,-0.017687398866195303,0.0,-0.04719429395675934,-0.01296730904571225,-0.01776482311031846,-0.023008233724363558,-0.03695370748757515,-0.03026223115671728,-0.01949441769513105
-0.02612475712233986,-0.05161149848190327,-0.029770785063960525,0.004392200135880597,-0.00723456384352128,-0.02006747405795356,0.0,-0.03079449756755198,-0.01692269048418793,-0.015682243824783837,-0.04722906378955505,-0.013141581926918777,-0.02336307816936345,-0.012445541715793151,-0.049949269560705,-0.030500897441417985,-0.026107976882548733,-0.0354148079331813,-0.048724609328057666,-0.032782767632162146,-0.03571584430979807,-0.03894201578956541,-0.03435717867282034,-0.03046250862532457,-0.04343860255916687,-0.028896662830786568,-0.01938435000213673,-0.024111328804732934,-0.010575865923081573,-0.014519531950069664,-0.015106653079991483,-0.014939445212907243,-0.029703456372661308,-0.009282528092075082,-0.004828593126979197,-0.027187523671302505,-0.0038915317019804774,-0.013448683443589904,-0.013610414806217386,-0.07752124596697973,-0.038407781945348385,0.0029978394394208907,-0.040268196431987924,-0.00167386662022323,-0.0007076230630707059,-4.6211427588926934e-05,-0.0577710009381705,-0.0287760472864369,0.0,-0.04334590081125722,-0.006796283668981773,-0.027747262464529188,-0.008101904788916259,-0.03665659746162431,-0.04826421524689323,-0.02468961548554116,0.0015152540438378437,-0.024497388337595682,-0.021962936688649126,-0.040148320433438744,0.002301621053930114,1.1102230246251565e-16,6.676484569156926e-05,-0.04082477284749192,-0.04978015488684451,0.0017552660778648588,-0.03994318214405257,-0.029864013374111598,-0.031701006660221465,0.0031311232756400798,-0.05045505880254758,-0.02516071808325243,-0.03062426862138723,-0.0455570739166532,-0.05994394145295878,-0.03225300903560607
-0.0476158837583186,-0.026624003942886554,-0.01277570827192992,-0.013228098884227935,-0.031293867933097685,-0.010016049753734935,-0.03079449756755198,0.0,-0.020266899246283443,-0.04342328319260913,-0.0008900857364367853,-0.04031147658965556,-0.02867981544557241,-0.02091416110895422,-0.015381286640607728,-0.032214818866659056,0.005909629789606741,-0.023150280070274754,-0.017235041576491583,-0.019881956347896967,-0.032938745152414406,0.01487321154478255,-0.018785840406155774,-0.04768954865364655,-0.03996859580278811,-0.026061683482954456,-0.007140828894329543,-0.023164459836884532,-0.027312491090882574,-0.04453815504970837,-0.023768267023826006,-0.01596274322103347,-0.07752546220320833,-0.031348331956909226,-0.03072132996582172,-0.0036019489344190636,-0.004471950929796464,-0.07925632489716894,-0.013178423411561724,0.00021035517336098764,-0.02448405160373157,0.0014938734038876245,0.003211998831296081,6.8804453995374715e-06,-0.0001843890502192247,0.0014382130578033392,0.003154373425060031,-0.00617941219330298,0.0,-0.02429293659632109,0.01985470705891801,-0.011590833999762407,0.05443033872844205,-0.014495842605549591,-0.00028495790843729996,-0.014086360548895449,-1.1102230246251565e-16,-0.0017955870683281638,-0.016374014699210127,-0.03133795489695662,-0.056064943166596715,0.0,-9.829620874202138e-06,-0.02177393338086142,-0.027308369647212283,0.008068714122907661,-0.0325457961733947,0.0010675862977999606,1.5792081680066072e-05,0.0034049752286891,-0.047110940957068415,0.0022293336232001026,-0.0037053944044805887,-0.017087983536190676,-0.04293073785560869,-0.016372042733008074
0.0037458095944200576,-0.033201038664976146,0.007890482827004941,-0.03998480629371598,-0.009135765478521019,0.006925694340999433,-0.01692269048418793,-0.020266899246283443,0.0,-0.039106526264241825,0.0019388887405141775,-0.02636173868449121,-0.010352148804117889,-0.07370334165926273,0.0009388258657144211,-0.03923526951482803,0.002410671014600352,0.005736450703406393,-0.011427838696596193,-0.008849495586044087,-0.029582428773846037,-0.022379014376776807,-0.011159884584151292,-0.0459918308028025,-0.054443567322971564,-0.0424592567899974,0.005229906785331029,-0.02739036742228962,0.00026079490943126116,-0.024686495127403674,-0.026831750947993338,-0.016868355760237375,-0.01596811828982675,-0.022086904575663757,-0.0226076194961774,-0.06299811337873251,-0.022217255788763712,-0.02482730936065153,-0.026857911655215227,-0.0021779156402245148,-0.044412260780535395,0.0027916479819021234,-0.045662125191490655,-0.0012066340902561756,0.00017887445348596653,0.0,0.001164873867303351,-0.0007314060204450801,0.001178243928777356,-0.03208710611396948,-0.006241784190913813,-0.032543642704266795,-0.005636533616154682,-0.03492692554123178,-0.005424264406160173,-0.013493388604101542,-0.002298690394498981,-0.02857628498126419,-0.03922583318468864,0.003020710592783582,0.0007759576371718646,5.551115123125783e-17,0.0,-0.045159755359476306,-0.06218576166568246,-0.00014035975467030504,-0.00394059759948423,-0.03043691858302655,0.0008022636682605278,0.0001045440549982124,-0.03128038480149298,-0.018267603100115326,-0.035846350051798925,-0.051298817204774194,-0.06709704429920677,-0.03941117732344185
0.003525769885567298,0.0009108207535950541,-0.024122506533544197,0.0639325881883876,-0.05082022545498316,-0.018397685480971426,-0.015682243824783837,-0.04342328319260913,-0.039106526264241825,0.0,-0.049087337967542666,-0.004149322923674481,-0.01934472980042068,0.0009384144593186372,0.0002205815816300749,-0.0023499065252768347,-0.0035793716391898656,-0.011543679765534609,-0.04315447387688515,-0.01642507279340477,-0.007991391272360093,0.0030870069019532376,-0.030953836974395466,-0.0071596212087742805,0.006009805365471854,-0.007359725812769613,-0.01711539261017042,-0.009003033191675835,-0.011045195455428813,-0.01391896157011474,-0.0052383524383171065,0.018160047999884688,-0.015788528485896236,-0.004929007638610816,0.008808198094839348,-0.013744095671446466,0.02231526608980894,0.005138971874612153,0.01981587836200044,-0.025679890371712144,0.027695580762146677,0.008570025386437363,-0.012543887764870754,0.06209904046178022,-0.04356281040255705,0.003397221272493478,0.0012004188428945128,0.001003690095635612,-1.1102230246251565e-16,1.6653345369377348e-16,-0.023640497561733587,0.05647329644690757,0.0009677168318803497,-0.010257519519899283,-0.009603805983717462,0.0016537435363291886,-0.0035290774625070798,-0.032719378916786945,0.0,-0.0003636620076974406,-0.016675597273913656,-0.01861693324607444,-0.015311847059551464,-0.0004605184106174498,-0.00010356449172399529,0.0004476008904790163,-0.002865228947538434,-0.03209988741305536,-0.007437437476318864,-0.013434749938889379,-0.01455222409071999,-0.04085137657021265,-0.006983052854811822,-0.07695903404108179,-1.1102230246251565e-16,-0.01596361449453071
-0.0004265351627270597,0.00040900178027170053,-0.02090496776618378,-0.023607622386469185,-0.02005655703498238,-0.024785549126214945,-0.04722906378955505,-0.0008900857364367853,0.0019388887405141775,-0.049087337967542666,0.0,-0.04648742718906923,-0.049655457368553035,-0.018150002516547747,0.0,8.17453031881632e-06,0.00548473788498588,0.0046425178119558486,-0.0049409753149395885,-3.756906864682552e-05,0.005851146318261113,-6.509412714683638e-06,0.012923987664445136,-0.04578723036856264,0.005885281634397388,0.009023059945934053,-0.033464179472503464,-0.0445259734189411,-0.004815361247804739,-0.045228531432080055,-0.04458924359144173,-0.030382134297619157,-0.06331604183486161,-0.038820340416813814,-0.024785584294593876,-0.02431653082228241,-0.05732312291125097,-0.04484145048988519,-0.0353241681598499,-0.00020666534021435146,-0.01388883631799015,0.0012716892564112459,-0.05420390610171605,0.0001053765418974617,-8.903258313708307e-05,0.0,5.551115123125783e-17,0.03441685786309018,6.593424633899447e-05,0.00115716190964682,-0.01242887049337238,-0.029459152221645524,-0.0038835875949035925,-0.004869523988354552,0.001240105941134273,-0.04728403523347821,0.002044027758547229,-0.02439543491346302,-0.022327030763492517,0.0010234649092784598,0.0,0.0,0.0,0.12546937710935668,-0.00047713261527748685,0.0,-0.0015222133718272857,-0.03743026967898261,0.0,0.0,2.4373405331512554e-05,-0.03843094507351075,-0.04491131089707451,-0.09072544933171095,0.0007168477700439935,-0.08704438918179602
-0.018771474469695126,0.0031811787744471798,-0.014283437729235626,-0.05914557449382388,-0.03583238406674788,-0.005820714846717312,-0.013141581926918777,-0.04031147658965556,-0.02636173868449121,-0.004149322923674481,-0.04648742718906923,0.0,-0.01852148745866683,0.003838906688898358,0.00012957928079748715,0.006430482762726397,0.0004760251850246533,-0.0005732348658877284,-0.054646760184207444,0.024976746584384868,-0.005366119770787603,-0.027257940091483246,-0.034878542716492156,-0.008304114811315155,-0.00913434292413412,-0.019198791206599675,-0.007115909099975226,-0.00010997660683687016,0.016132427790165715,0.006817281746777759,0.005610106125342906,0.006222650892373283,0.008581783327417825,0.030184884594952555,0.03606694652856196,0.0026830460318568727,0.025279500385472164,0.02979338787761643,0.02627005236094543,-0.029198231054283152,0.0429631889194238,0.003756214346617104,0.0012559032997923048,0.0009206149325590163,-0.021048123596135393,-0.047625719040064074,0.0014782207462827879,0.0006507070312982699,0.0,-0.0004297573277334821,-0.0038081688540395064,0.0014072951863887129,0.0,0.0016753505753941411,-0.009371348581009686,0.0005017699905477402,0.002456086089951237,-0.0008455878125782079,0.0,0.0005810054169989032,-0.02465108925838866,-0.022317180631701128,-0.016068630147368146,0.0,-0.0006648382227195104,0.00021624967623262714,0.0034042265631772373,0.0005346826382889858,-0.015121206853655478,-0.01968435080225034,-0.02777745797961889,-0.0075321754201637114,0.0023598172455510102,0.0028423786025879583,0.0,-0.011655554409017943
-0.035592013410170986,-0.05006496425265333,-0.024176305903545248,-0.0211511439865521,-0.019143820441767267,-0.006822969611317675,-0.02336307816936345,-0.02867981544557241,-0.010352148804117889,-0.01934472980042068,-0.049655457368553035,-0.01852148745866683,0.0,-0.03085722337122626,-0.04311947036333175,-0.03132737832643856,-0.026761982713889132,-0.03256483527464099,-0.04709783238736259,-0.030475406658576898,-0.0370343977218876,-0.037322511729006025,-0.026580364367030707,-0.03342784661357262,-0.03631132005763965,-0.029971570749650622,-0.010046149919584801,-0.02447101437450455,-0.00969660855511445,-0.006384994701936986,-0.02356427459717958,-0.010396459808074743,-0.03709058029060203,-0.016282246339561268,0.0007160587115513928,-0.03269700646390389,-0.014837863884291647,-0.02052322166386855,-0.01587552329954639,-0.08507556637910291,-0.048541965598195014,-0.021674360400639803,-0.03849375141794947,0.005447978929057462,-0.00019043857479655868,-0.0005303942653364091,-0.033432954522066016,-0.02752764381948347,0.0,-0.02903918706501496,-0.01008699768204735,-0.03139418863457116,-0.016466611720950652,-0.03366706161728428,-0.0017822674458397025,-0.02560487735961553,-0.032668541475208535,-0.02374897633095574,0.0005440430358426562,-0.03530466829650858,-0.03773448150150471,0.0020223897487399722,0.0036268356873850327,-0.046021151795954895,-0.04304470319310155,-0.04278724381071297,-0.03636713949125303,-0.02830413235075846,-0.0013505449021602445,-0.03150108406427693,-0.036424644680242035,-0.029615483465926906,-0.03161540222910886,-0.036757038102856965,-0.028460000897848114,-0.03794932993378336
0.0033340664158476585,0.0,-0.05694555474607277,0.029283037559146685,-0.024574923398926585,-0.023840170954988582,-0.012445541715793151,-0.02091416110895422,-0.07370334165926273,0.0009384144593186372,-0.018150002516547747,0.003838906688898358,-0.03085722337122626,0.0,-2.6015908340948357e-05,0.0,0.0,0.0,-0.04753165452966235,0.0015702997539075447,-0.031164034373995564,0.0031330060479232147,-0.028094322650856984,0.00517507370854331,-6.43649908774746e-05,0.004773341750847093,-0.022610290108652675,0.005822680272938863,0.005902619884742999,-0.006717498093000096,-0.048712272529032596,0.011593678155892073,-0.0008188833724077083,-0.04921854614370569,0.0011409557397738523,-0.0035160051543802195,-0.002124903484300056,0.0028951576011940205,-0.003094074170728933,0.0,-0.0021018519341826636,0.0,-0.03119355165777432,0.0,0.0,0.0,0.0,-0.02977144912990015,0.0,-0.016997149749604368,0.0045658924150588365,-0.0286485602457921,-0.0028544640117599274,-0.052580917477539346,0.0,-0.07351960958898246,-0.00045469996815949987,0.003786568032994375,-0.0007955567879202041,-5.551115123125783e-17,0.0,0.0,0.0,-0.03348633535961404,0.00011389876976253266,0.0,0.0,-0.0036212714226842024,0.0002398910943411936,0.0,0.0,0.0006474102659275172,-0.07919391352098298,0.0014697800443285725,0.0,-5.551115123125783e-17
0.022270090384044816,-0.015579916675370009,-0.0008350526218299792,0.00097504172131746,0.001253165612640661,-0.02131673852984084,-0.049949269560705,-0.015381286640607728,0.0009388258657144211,0.0002205815816300749,0.0,0.00012957928079748715,-0.04311947036333175,-2.6015908340948357e-05,0.0,-0.0160745171702788,0.004050059811378848,-0.022404965476670147,0.0,-0.04312194639037514,0.0013781905218018253,0.0007190440344732596,-0.0171240159371559,-0.048348785228577384,-0.012553301136804307,-0.003485820822516583,-0.002165899379611258,-0.024162623355395207,-0.032647292104234615,-0.05056545865016654,-0.02692639510581324,-0.038439734632116584,-0.06993964815329018,-0.034550333458070404,-0.03364874585527533,0.021846820443475412,-0.017115509993613554,5.0889159315170573e-05,-0.0408051214447378,-0.022876178360727417,-0.029059068416733003,-0.025970785547192732,-0.07614410467199151,0.00040096753631113646,-0.0025589559758490976,0.0031713978164681356,-0.01927962719431714,0.0009783796985896598,0.0,0.0,-0.026267862506301087,-0.0004167661664820077,-0.015287437699560036,0.0013291747902046125,-0.0002311379145615855,0.0,-0.0003959710344079159,-0.0355642139470585,0.0,-0.026801774884206098,-0.025598574328950408,-0.0002772255857609318,0.007712973158281289,0.0,-0.04060357825175315,-0.02727694080908344,-0.0258446111664819,-0.034014270900151244,-0.001449458468250897,-0.05154064164308142,-0.010567349253398528,-0.025387732228529747,-0.056931945209443724,-0.05577997200810475,0.004696853775143839,-0.03996824243186353
-0.012598952630927307,0.036259797355739365,-0.0287986828382355,0.0,-0.04880878859533877,-0.008939400595023406,-0.030500897441417985,-0.032214818866659056,-0.03923526951482803,-0.0023499065252768347,8.17453031881632e-06,0.006430482762726397,-0.03132737832643856,0.0,-0.0160745171702788,0.0,0.005935405467321464,0.034248183855622394,-0.0007651345167604129,-0.0014818409547663336,-0.011451584013684346,0.025329800505532518,-0.03194816242014542,-0.011988205095522508,0.023338516673803822,0.01134878921192678,-0.006139914478277275,-0.02396835621409793,-0.008751252011954758,-0.01973053637033806,-0.011082374826285601,0.006603275824105248,-0.001469327698570222,-0.00797924657269461,0.005151930964016949,0.005791706543977759,-0.00023659714515489316,-0.002856774787313998,-0.015623298186749068,-0.008674022943275073,-0.012245900541687949,-0.006381722076352958,0.0014576668082803557,0.0,0.0,-0.015443363490807105,-0.011435200873159357,0.0,0.0,0.0,-0.022266638584697795,-0.00025310347254919874,-0.02269506191698306,0.0,-0.025297921425889824,0.0,-0.023170804659504274,-0.03630572504490259,0.0,-0.01651817124446353,-0.0102626301303414,-0.01955340580055287,-0.018621826980086187,0.0,-0.035312475328965975,0.01417712668210247,-0.00462512446856822,-0.04662812254604254,-0.011064952858755528,-0.026200462851533268,0.003686644170381781,-0.04770735428350892,-0.07135074443350997,-0.03689791761626293,-0.00011925560974623828,-0.01687081146771502
-0.0027825282100600868,0.0032905950692261876,0.001353617139224883,-1.9031388810930583e-05,-0.01548881113998668,-0.01752139247810247,-0.026107976882548733,0.005909629789606741,0.002410671014600352,-0.0035793716391898656,0.00548473788498588,0.0004760251850246533,-0.026761982713889132,0.0,0.004050059811378848,0.005935405467321464,0.0,0.001873190878190767,0.0011163455093872732,-0.026599670220510296,0.006602042480151227,-0.011190629166671295,0.004301639947262459,-0.012565238814534918,-0.0028755065677745772,0.0020357569372495554,-0.042388603607487196,-0.018468414441906944,-0.04143940844119243,0.0024082038897861313,-0.020262575581948605,-0.0076239003401871175,-0.024604757953993472,-0.017200551382411833,-0.011294700997975582,-0.03365926977892242,0.0003686501896812411,-0.01720413479368127,-0.03354079110006997,-0.019404072714294285,-0.01769412386970942,-0.028167497241597783,0.0,0.0,0.007786810539371525,-0.03334367901301677,-0.031871294204570966,0.0,0.0,1.6653345369377348e-16,0.0005994423238804281,-9.743392602162837e-05,0.0,0.0,-0.024720309774106608,0.00017291906380167976,-0.02192050726602629,0.000957275548007952,0.0,0.0,-0.015882848393928173,-0.024923135025309684,-0.02420953519877922,0.0,-8.706731353330666e-05,-5.551115123125783e-17,0.0025817586064110776,0.002046142276007301,-0.026363946708325703,-0.01782116028531444,-0.028739182970120458,0.0,0.00157582974842424,-0.036017751947632515,0.0,-0.025486645733337143
-0.010399227582209902,0.02167261274421256,0.0019225754815014318,0.0,-0.05904785103081561,-0.0247615741607346,-0.0354148079331813,-0.023150280070274754,0.005736450703406393,-0.011543679765534609,0.0046425178119558486,-0.0005732348658877284,-0.03256483527464099,0.0,-0.022404965476670147,0.034248183855622394,0.001873190878190767,0.0,-0.000541445815165964,-0.010862616088091914,-0.0023109586622386824,0.014931985468571496,-0.03818146690614871,-0.0018849219551164698,0.02459800567003334,0.010630352249473562,-0.018177485814989902,-0.029153643491403314,-0.01890499551000696,0.007676013720066599,-0.012227570521375908,0.008469454242178043,-0.012852630636191353,-0.007681564764444482,0.006687433953511013,0.0027097080370965254,0.0,-0.012210747413580414,-0.021847206674545205,-0.017204541413864682,-0.022363548223848673,-0.02756496774656536,5.551115123125783e-17,0.0,0.0020699553352750977,-0.018165541189766876,-0.024779717191470485,0.0,0.0,0.0,-0.034202752109661116,-0.000868191173538535,-2.4130936466304487e-05,0.0,-0.018226543878986534,0.0,-0.016880803921364762,-0.03766813831463239,0.0,-0.07114899769564814,-0.022573305193442528,-0.024114766419911282,-0.022651660528783812,0.0,-0.06923416329970516,-0.019329527358145027,-0.022808983087568957,-0.05331484927511848,-0.02057195537653067,-0.019754198597156325,-0.022190179269486132,-0.08250858855841142,-0.024029038059607377,-0.03531734334798725,0.0,-0.025136933408436646
0.0,0.0007326216929710583,-0.022012216780247895,-0.040946325219979485,-0.028836564532819797,-0.014505061331931302,-0.048724609328057666,-0.017235041576491583,-0.011427838696596193,-0.04315447387688515,-0.0049409753149395885,-0.054646760184207444,-0.04709783238736259,-0.04753165452966235,0.0,-0.0007651345167604129,0.0011163455093872732,-0.000541445815165964,0.0,-0.0014604725454262502,0.0014703533554432102,0.003095913914672288,0.010765109440548148,0.0036584878120225484,0.0039713915876546935,0.007393897156471596,-0.015455090947777694,-0.04117409092775032,0.006286675908197814,-0.025098689894669568,-0.03947968201736357,-0.035014152747206095,-0.04964363654846227,-0.031767130308494096,-0.02347355364473025,-0.0639531276017446,-0.03852788204309504,-0.04661575712863936,-0.0649227247583577,9.729011451858893e-05,-0.04450041690787432,0.00136167626747552,-0.04367899958440352,5.551115123125783e-17,-1.6653345369377348e-16,0.0,5.551115123125783e-17,0.0680754374545895,0.0,-0.04277443770171613,-0.009371610205953118,-0.03368376945861962,-0.008216884634953514,-0.041742265681649626,0.0008256859665847216,-0.05657007994023239,0.0006270032580463769,-0.03207860782999955,-0.039612457505569076,-0.0006587751675551368,0.0,0.0,0.0,-0.027438504695837695,-0.001221745117492401,0.0,-0.000651753760410656,-0.02769735516631222,0.0,0.0,0.0024959594304655996,-0.023793125274788496,-0.053000991750894566,-0.05385170536810935,0.0017323081188059808,-0.042736279049349735
-0.03268954409196412,-0.014524975239829818,-0.022201397683840773,-0.0138806976360617,-0.03846393898957495,-0.010975669530281618,-0.032782767632162146,-0.019881956347896967,-0.008849495586044087,-0.01642507279340477,-3.756906864682552e-05,0.024976746584384868,-0.030475406658576898,0.0015702997539075447,-0.04312194639037514,-0.0014818409547663336,-0.026599670220510296,-0.010862616088091914,-0.0014604725454262502,0.0,-0.03166842738794512,-0.009706948254279368,-0.021133826443640702,-0.12969093298537576,-0.01590155063033022,-0.019758328021739824,0.0057282385470200925,-0.021888016515170527,-0.013148145086929797,-0.01624619875302641,-0.012155122801217222,-0.019634914374914214,-0.06162441959880155,-0.0072599429287897865,-0.004737738073684994,-0.0001755326858251527,-0.06949187113719829,0.03783395010757007,-0.05191441457115975,-0.027815720639905672,-0.047933884481742184,-0.03771511805754335,-0.02905324245856017,0.00036037128495319815,0.00015554827538971638,-0.06299221638639668,-0.02139973303286441,0.0031763838658259713,0.0,0.0011254536692192896,-0.045121194058455605,-0.05984894688028458,-0.03568747564147323,-0.07043662019011138,0.0009569234254384607,-0.0018587433799294173,-0.0003094099979736309,-0.0508767664556008,0.0,-0.04436347250719397,-0.03236670860168073,0.00036745104624202884,0.009562828059542616,0.00028955752594328477,-0.05352382465417593,-0.05140449068741382,-0.03459580762126585,-0.0477357808264931,-0.002267235289410141,-0.05732996726421402,-0.016665203882971324,-0.04353377351985116,-0.059991758897425584,-0.06435111209729094,0.0055093615967738985,-0.05249703904497499
-0.027974266416091687,0.0077954552363607155,-0.03835082190680361,0.0002006634459581491,-0.02407664184037339,-0.031114262164975703,-0.03571584430979807,-0.032938745152414406,-0.029582428773846037,-0.007991391272360093,0.005851146318261113,-0.005366119770787603,-0.0370343977218876,-0.031164034373995564,0.0013781905218018253,-0.011451584013684346,0.006602042480151227,-0.0023109586622386824,0.0014703533554432102,-0.03166842738794512,0.0,0.0011208565844690876,-0.031116694758239083,-0.02677825832459718,-0.02035806351736541,0.006011259156204651,-0.009933621124087522,-0.047429476008672755,-0.06525793600340324,-0.05686242439426342,-0.03539241262586856,-0.04404896209695969,-0.06765711686796194,-0.028823187536235084,-0.016659678340403383,-0.0363851562103264,-0.027218619717860826,0.00527355386293249,-0.03385388955628926,-0.030496821920717954,-0.024336292216901367,-0.00944379795491851,0.022951442885688067,0.0,-0.000303983922027129,0.01752314584382464,-0.01981450260515155,0.0015347225356874272,0.0,-0.00011783233412776539,-0.02016392525774835,0.006304010971447727,0.004213841090764836,0.0009413487865082559,-0.0012117684316530486,0.0,8.75236553731229e-05,-0.024753557750461064,0.0,-0.017282551473352836,-0.018313806081637407,0.0,-0.026877528774572446,0.0,-0.02858610816845264,-0.02902075333244508,-0.015757065501746048,-0.013872821169476468,-0.003032656104049236,-0.02944503105334617,-0.014053997232295556,-0.006002318804559259,-0.03622130768607423,-0.04258665728134353,-0.04030004411750154,-0.029813616518975516
-0.0002449976046232094,0.032614757679345796,-0.031122202777121077,-0.07533404743442029,-0.041791695700806986,-0.008459651905149523,-0.03894201578956541,0.01487321154478255,-0.022379014376776807,0.0030870069019532376,-6.509412714683638e-06,-0.027257940091483246,-0.037322511729006025,0.0031330060479232147,0.0007190440344732596,0.025329800505532518,-0.011190629166671295,0.014931985468571496,0.003095913914672288,-0.009706948254279368,0.0011208565844690876,0.0,-0.020666797609703358,-0.10586230108095362,0.02974342944358349,0.02500325371104506,0.0026469146501530982,-0.030255856705274586,-0.007724076612304287,-0.026852030610733102,-0.006522766066387742,-0.01826201612853323,-0.028177814123967915,-0.004915074853490464,-0.010755826841800709,0.0048219888803308075,-0.0032281883166200287,0.041356104830410134,-0.022031353396359477,0.006151293472898056,-0.016862936455485922,-0.015449573260375216,0.019644185381805568,0.0,0.0021222031113264928,-0.022496582994409542,0.007371284076544415,0.0010704167273540843,0.0,4.296738695308555e-05,-0.008491349773847912,-0.04850249205526597,-0.029735038566133687,0.0007391993017099585,0.0033794558641431216,0.0,0.0018720204802507023,-0.03130111358617216,0.0,-0.02892279530957076,0.0029666696444553,0.006008303024946149,-0.016243988988629665,-1.1102230246251565e-16,-0.040009524773483685,-0.023906795121573177,-0.018054668164821153,-0.0278743110862546,0.0009134813864627445,-0.02220677180837871,-0.0014212934404383426,-0.020037384148422765,-0.04241267424194933,-0.04695490280661646,0.006396199710068995,-0.019967425198562205
-0.037820345665801336,-0.03627574648126375,3.7708074818454396e-05,-0.024902016665238613,-0.037695231514175365,-0.004151655217087491,-0.03435717867282034,-0.018785840406155774,-0.011159884584151292,-0.030953836974395466,0.012923987664445136,-0.034878542716492156,-0.026580364367030707,-0.028094322650856984,-0.0171240159371559,-0.03194816242014542,0.004301639947262459,-0.03818146690614871,0.010765109440548148,-0.021133826443640702,-0.031116694758239083,-0.020666797609703358,0.0,-0.039238102291583477,-0.04582733495919261,-0.02582927212839553,-0.005376254895394061,-0.028706994233516137,-0.029381202690237862,-0.037726765826095965,-0.031740457875116423,-0.037811278343656884,-0.07432580391584276,-0.03313279509968298,-0.027560428832892336,-0.029513248348672028,-0.019905693392216872,-0.02608278225710875,-0.04408502924344132,-0.05663155640960349,-0.041848455493514736,-0.04006593260846797,-0.044451056718576465,-0.0025155038925972484,-0.005441342674914029,0.002596663547473399,-0.034146011340409455,0.00827993945965566,-3.668715349336438e-05,-0.03888077732121048,-0.006959411569437468,-0.03059150799057686,-0.0007825133680686713,-0.03144515484927046,-0.02917546293622142,-0.01480923048156435,-0.00954309065798259,-0.03032932147650641,-0.03994819650801351,-0.04187269466474286,-0.050769261415645695,0.0007702126886375282,0.006724017429453999,-0.016976472630120365,-0.04019758616883434,-0.03605940680905623,-0.03368491632271997,-0.02104172630206491,0.001013862701690571,-0.048748731467925244,-0.060956923914263106,-0.02984885077918681,-0.035333773053784934,-0.041539750600901204,-0.0358949176064578,-0.04397508169769698
-0.019740849092553914,-0.05237824924944784,0.0008415315136960921,0.09897221736901335,-0.08021363471493625,-0.04689919654021607,-0.03046250862532457,-0.04768954865364655,-0.0459918308028025,-0.0071596212087742805,-0.04578723036856264,-0.008304114811315155,-0.03342784661357262,0.00517507370854331,-0.048348785228577384,-0.011988205095522508,-0.012565238814534918,-0.0018849219551164698,0.0036584878120225484,-0.12969093298537576,-0.02677825832459718,-0.10586230108095362,-0.039238102291583477,0.0,0.003164342164442613,-0.030194506758603468,-0.08643251355852966,-0.019188503370130117,-0.1069848099464783,-0.07356545830147426,-0.01804725156906456,0.0301949829257116,-0.011500597116852973,0.0037212773872740135,0.008933352935873773,-0.0011193757662663617,0.02080742082794812,-0.023195115459158144,-0.014963240888643536,-0.0576727231088901,-0.03600476369658112,-0.057351636498855385,-0.00012739287472940397,0.032943074955968654,-0.04184071161920233,-0.047579543277548875,-0.04091106533192501,7.86951184278406e-05,0.0,0.0,-0.0014187207708886151,0.0008414493599617767,0.0003394123303107066,0.0007330294065216458,-0.02155877361971864,-0.0010438536918097041,0.0007954364741895592,0.0038870256635553657,0.0,-0.001688180898479108,-0.05581214536520179,-0.03660816526252125,-0.04937524588917125,0.0,0.0011041714739553066,-0.004218914326719836,-0.03652460522740736,-0.0012657460557978228,-0.02900517330197888,-0.03225416045751367,-0.044432090508266964,-0.0012831372702134525,0.0017676280213650974,-0.03346674239141356,0.0,-0.037276799270442196
-0.0037362813974501363,0.03906836237945843,0.005048770739225994,0.0,-0.051417965694067536,-0.01981020947052209,-0.04343860255916687,-0.03996859580278811,-0.054443567322971564,0.006009805365471854,0.005885281634397388,-0.00913434292413412,-0.03631132005763965,-6.43649908774746e-05,-0.012553301136804307,0.023338516673803822,-0.0028755065677745772,0.02459800567003334,0.0039713915876546935,-0.01590155063033022,-0.02035806351736541,0.02974342944358349,-0.04582733495919261,0.003164342164442613,0.0,0.024082452234740037,-0.014970241956268115,-0.025464357550632644,-0.018251289070803922,0.004152726052253752,-0.009788897487646553,-0.00040472315014694615,-0.00865268046338974,-0.0018000474380461817,0.0022854096803881507,0.004793692192866017,-0.00014707138214137272,-0.0008700488616924518,-0.02625901883845938,-0.022976382775585613,-0.024404149233606842,-0.02416809046295093,-0.0006982469482653686,0.0,-0.019719165331474664,-0.01700614038089221,-0.020317895009882125,0.0,0.0,0.0,-0.0331535514290221,-0.0007231428798026851,-0.020063540799489354,0.00015132736286171955,-0.024558251027138656,0.0,-0.019932033881629452,-0.034710490894219626,0.0,-0.018182432790133596,-0.020436060008644175,-0.029842015109566633,-0.027477759933126233,0.0,-0.037767239393341756,-0.010920182361099484,-0.008665580570123455,-0.052556332399868344,-0.03644963027926906,-0.02865261214700615,-0.018798662255510967,-0.04884491958171616,-0.04058137348977958,-0.03786474340234247,0.0,-0.02994727041878842
-0.010640158297317848,0.029626731895168956,-0.04434669512290185,0.0021179559550238425,-0.036586139871718826,-0.02394029699859107,-0.028896662830786568,-0.026061683482954456,-0.0424592567899974,-0.007359725812769613,0.009023059945934053,-0.019198791206599675,-0.029971570749650622,0.004773341750847093,-0.003485820822516583,0.01134878921192678,0.0020357569372495554,0.010630352249473562,0.007393897156471596,-0.019758328021739824,0.006011259156204651,0.02500325371104506,-0.02582927212839553,-0.030194506758603468,0.024082452234740037,0.0,-0.008140362049386007,-0.021853345953821213,-0.017720759781662265,-0.029687038218387474,-0.01465598617829389,-0.012045181182762765,-0.021275855804663513,-0.010702729707683378,-0.007677141075496885,0.02607790498483159,-0.03213244047099195,-0.025566516329984745,-0.025292143098449793,-0.021118999464372235,-0.020736258258835905,-0.017959257907010917,0.024083844272092647,0.0,-0.053737147726099666,-0.027832987121399644,-0.013305485718562327,0.0012460031413650818,0.0,0.0004911405623863052,-0.0310090572914396,-0.0739953442325394,-0.02503987295585819,0.00035658016304884743,-0.016781963512379594,8.724145897570645e-05,-0.014923150252565964,-0.035532851332237325,0.0,-0.007333631144722519,-0.018277308928751512,-0.026506261809227993,-0.028033333507765712,-5.551115123125783e-17,-0.014799985566290252,0.017798381500283067,-0.0017794021497863355,-0.013901915397883768,-0.0375441435814477,-0.029531859225395696,-0.00821566013586661,-0.01037071145884011,-0.04613186390537749,-0.025354123976373544,7.182916494674618e-05,-0.02416551472989692
