0.0,-0.013533086982541409,0.0034215484276987063,0.0,0.0007137705232096447,-0.05240333183725426,-0.05352872929131364,-0.02044297146433438,-0.010907786178838752,-0.016569303076211017,-0.0003198935168657324,8.512905994373376e-05,-0.03564841901056409,-0.00905315441643706,0.007312267591663091,-0.008338476812771112,-0.03189165424485352,-0.021662296585304386,0.0,-0.037862004028275,-0.01942108561657402,-0.015344924139366944,-0.017833467002416725,0.020922515530145236,-0.011691948707381994,-0.00831591637246376,-0.030039783222795935,-0.023394069289088826,-0.03622086943450942,-0.007764181671220283,0.0017794518882673915,-0.008641651373658743,-0.031607626072085615,-0.00013721212106249103,0.03320800294160181,-0.004614708601701711,0.0,0.026275626958971454,-0.00935532847361814,-0.007371772944141153,-0.01564971670995219,0.0033703681370576555,0.0,0.0,0.008456691289083329,-0.0009260015849593128,-0.024985982299582377,0.0,0.0,0.0,-0.005634692713708311,0.0,0.04332827307368298,0.0,-0.0008574574729928175,0.0,-0.016734436135258712,0.002949538129086826,0.0,-0.06821981718550624,-0.018882560874642906,-0.025670127047975277,-0.030657915443893513,0.0,-0.009679062699232632,0.01203730150379445,-0.02443667048343806,-0.009662160106606366,-0.0017225312976439366,-0.027523530725618195,-0.013083885700753972,-0.025858289508657484,-0.0009709038265981462,0.00543971070287097,0.0,-0.007157273034368639
-0.013533086982541409,0.0,0.006911188042428407,0.0,-0.03401281423873298,-0.02721801943837132,-0.031569702378485776,-0.0008826605199330206,-0.03698811799580004,-0.0011063542245643432,0.0013340900005510137,-0.035048905482364,-0.024232417665956685,0.0,-0.017425320970042346,0.0030189001160760842,-0.04733298247688278,-0.004391246941616522,0.004542319073520096,-0.029685714630464155,-0.022050231274778787,-0.014366729764217212,-0.018480974951196827,-0.0016692187388930302,-0.014430404718195455,-0.01126649663184548,-0.014800065996660727,-0.01834428768100005,-0.019746435815467867,0.0015967516958639294,0.007883637545656408,0.0020211496318804922,-0.023114028893584826,0.009207220220421197,0.03008085324554638,0.0010789838008979369,0.003089488845090693,0.0007654787853402789,-0.019933485527171224,-0.015179134477029399,-0.012170248370595604,-0.021863964423661175,0.005102652778736727,0.0,0.00013786809642979403,-0.0095440710262652,-0.014294303495588467,0.004335712926264168,0.0,-5.551115123125783e-17,-0.021989809080556644,-0.009819560508852077,-0.009530608470769364,-0.0035784237914991412,-0.02711210513914919,0.0,-0.028830119082992545,-0.013610104627027442,0.0,-0.04163638893610988,-0.01904137364853209,-0.038102564393375005,-0.01658939451721575,0.0,-0.028703707608466245,-0.01828974534923966,-0.022638187039764945,-0.021498362649891467,-0.00802482947678046,-0.018223294785070454,-0.018532611307727154,-0.040515469043259145,-0.043221334929124666,-0.03332021878305713,-0.0008651060758977924,-0.010835862525386597
0.0034215484276987063,0.006911188042428407,0.0,-0.030311307062751702,-0.022789637626826842,-0.016146565152842185,-0.03036305647535892,-0.03183518949191194,-0.011060468790757894,-0.02272270607000837,-0.001338374536785314,-0.03917600159675322,-0.03881839596979647,-0.004518194339490245,0.0027559605342896143,0.006237748994666337,0.005749440298835173,0.0038164190647201335,0.0059281673556296766,0.01563952681511871,0.009674724499254883,0.019145808186324553,-0.042087943162671004,0.00024259265443132838,-0.008296818417168228,-0.010796332387024044,0.0012721239268982942,-0.035117405836233406,-0.03289648331158229,-0.046484085154185506,-0.037028771397949245,-0.030975480410986578,0.006184972834603952,-0.033863546868255434,-0.03345340503381178,-0.031118843878838287,-0.034363350700027495,-0.03614038536461783,0.001651710303020859,-0.0022121054991807165,0.01465518365023244,-0.0032703994047676987,-0.017674971500604764,0.0032511363120560355,0.00026938716670088514,0.0,0.0012805016732330698,-0.11829178322344747,-0.0005980435194617995,-0.024211228570931886,-0.02867450367155011,-0.023923106530745808,-0.030009973897385966,0.004679198376370319,-0.0007641411271414045,-0.05255748150002976,0.00035367086406595805,-0.031088930202894216,-0.0477012831498263,0.0011513336511299599,0.0010487170478057917,0.0,0.0,-0.14386100332020024,0.012158656694593817,-0.0008052564219946379,0.016378193223799353,-0.012142345617509598,0.0,0.0,-0.0019140684706736577,-0.00916477580810604,-0.023065547421415755,0.015154800249922662,0.007099307839644742,0.01599728722453808
0.0,0.0,-0.030311307062751702,0.0,-0.05334839706480751,-0.04752944828634237,-0.07673377259198669,-0.03389166668316912,-0.04362921698276606,-0.015004172753096123,-0.03229717253615361,0.005176312175336484,-0.06378316637205361,0.0016300583342601649,-0.09875957106390598,0.0,-0.0005846694840401789,0.0,-0.03420822706294796,-0.046333513104066526,-0.0010075956525070762,-0.0008268864605786019,-0.03417909961782617,-0.000377465952004441,0.0,0.004413495156223912,-0.06751477567355985,-0.08648100792696037,-0.0015361513612265898,0.00042406186975402216,0.00030886224183462874,-0.022398903141497617,0.0012383877295699675,-0.03986910528016452,-0.03096955756206854,-0.027645747370022372,-0.0019257969870013492,0.0051844770464243295,0.0021740832836373847,0.0,-0.001650166140932774,0.0,-0.00043027762742592346,0.0,0.0,0.0,0.0,0.000118214981304543,0.0,0.0,-0.0002170416011114118,0.0,0.0,-0.00027675649308628314,0.0,-0.0002833287871686352,0.0,0.00020834237570099834,0.0,0.0,0.0,0.0,0.0,0.0,0.0,0.0,0.0,-0.0007608982859449442,0.0,0.0,0.0,-0.04898557157233413,-0.00027126976213193155,-0.0006536127273241155,0.0,0.0
0.0007137705232096447,-0.03401281423873298,-0.022789637626826842,-0.05334839706480751,0.0,-0.044771346430563574,-0.023227732340930063,-0.04107222001643035,-0.04330848185769359,-0.01408960031048434,-0.021692003556792627,-0.02462582168551719,-0.03927647137878665,0.01337661919136296,-0.019234760876428003,-0.016971748688589694,0.0014446868826358816,-0.03921396311960956,-0.027200488240004705,-0.03081082212934838,-0.035944813017270705,-0.031030377883168314,-0.04145854852435665,-0.0226776823670784,-0.01222643610453339,-0.03595654787249325,-0.040203084431735536,-0.045144572906400504,-0.029461179307842145,0.009034107404601366,-0.028725617599217657,-0.014464351798791297,-0.006231759333471809,-0.029159709333340722,-0.022102731150429933,0.016581031284512437,0.0697902395812165,0.004719819685047644,-0.05789415142353649,-5.997372265476031e-05,-0.12619075501764754,-0.009135636994379692,-0.026000800352157294,-0.0002909867608505978,0.0006470093055474524,0.0,0.00018041329969714637,-0.016308430013214026,0.0,-0.035979430860539285,-0.031254786723613426,-0.016903205540069022,-0.0437761268287688,-0.017539839912227295,-0.0005786190376083633,-0.0467571640875486,-0.0007236557988887782,-0.037616114540868106,-0.07086184904641762,0.003371569041035527,0.0002137328081535106,0.0,0.0,-0.02229463899611306,0.007035042744797271,0.0,0.009312224622964271,-0.024797685185359464,0.0,-0.0002217048465639193,-0.04304147025237948,-0.031467376245069345,-0.03686717664559003,-0.04241818517994661,0.0046319215753961585,-0.050720053222602646
-0.05240333183725426,-0.02721801943837132,-0.016146565152842185,-0.04752944828634237,-0.044771346430563574,0.0,-0.03674860987283646,-0.0348984288912087,-0.03074304299039088,-0.029755835511403872,-0.05606216113360363,-0.019709276850531143,-0.023905118892502353,-0.03196227246261579,-0.03155917287146376,-0.004533558815946248,-0.030449956502732967,-0.019530306471362613,-0.025722615064600385,-0.020770719797270076,-0.04079501866878349,-0.01816720026929891,-0.043359836601552404,-0.048625549125463796,-0.0070692015000107244,-0.026165464834530416,-0.039750621790964,-0.026178880727217024,-0.03052376552290359,-0.02408378619309509,-0.025760203627723133,-0.03340807817400332,-0.03085994310383977,-0.02876776086113153,-0.02185062151243361,-0.037886113318712,-0.03537782520865834,-0.02395786781267295,-0.057507367414736055,-0.03505925443077196,-0.057014905569045926,0.014042379159563967,-0.03822544468283651,0.014420369028829372,0.002743911859988013,-0.037838643482902445,-0.03213527266574373,-0.037801375097713086,0.0,-0.017286123543637122,-0.023210950049170953,-0.013617461064675318,-0.0282044856712812,-0.009478685056678926,0.0011712418579500339,-0.023516438769958126,0.0015330325514465448,-0.025447530353370662,0.0018075929378520428,-0.039179629976978325,-0.026737303300463977,5.551115123125783e-17,-0.013077138295434942,-0.018844930118129155,-0.03419338758161511,-0.047659235844743186,-0.03719432900978886,-0.02241030417465739,0.0,-0.022905402084822724,-0.027200644708911037,-0.02390722677604723,-0.03260677106619836,-0.04111865217777971,0.00925734014954005,-0.03557900882337173
-0.05352872929131364,-0.031569702378485776,-0.03036305647535892,-0.07673377259198669,-0.023227732340930063,-0.03674860987283646,0.0,-0.04133493929403742,-0.0352351171193398,-0.01878461027768369,-0.03578751561864585,0.008119503889939761,-0.03432720179970156,0.024947698369624904,-0.06346637789621101,-0.014587194622146415,-0.0096716394380304,-0.024851738797318224,-0.04105440796716553,-0.02175492801922535,-0.04177031397106101,-0.025274621266199226,-0.03992970023509307,-0.011284854736794248,-0.015487041702356763,-0.018312494182807226,-0.041424702799510105,-0.0421428313566618,-0.030338310147107972,-0.02388622213190955,-0.0027064250339458584,-0.026330664353224287,-0.006150670725017127,-0.014023507237455712,7.074253385397355e-05,-0.03417557010648842,-0.02511297704831761,-0.005749827847830069,-0.034858699365516665,0.010556636547137621,-0.10050098574488064,-0.05101484865542805,-0.03880541433637508,-0.0007042631659746057,0.00016492698902770275,0.0008194878655616855,-0.03390440619432755,-0.022508147466423156,0.0,-0.03709325448232004,-0.036170634601951634,-0.02704294060599849,-0.039766908165980996,-0.022747621015629327,-0.005337920098181903,-0.058543419571586486,0.003924326361821995,-0.03393664002666863,-0.08390656364680404,-0.01260369055021543,0.00012217134205172453,1.1102230246251565e-16,0.0010281290704474144,-0.027093408143830155,-0.02652936367353742,0.0029124895144284624,-0.05857847895213142,-0.03400705667421988,0.0002008563201793545,-0.026296938006844683,-0.0275143526315193,-0.03509494310005612,-0.030818794726067966,-0.03847784290861733,0.01170241210703904,-0.03067829176959963
-0.02044297146433438,-0.0008826605199330206,-0.03183518949191194,-0.03389166668316912,-0.04107222001643035,-0.0348984288912087,-0.04133493929403742,0.0,-0.036853450589250214,-0.02519982317084707,-0.009687899766820773,-0.032127855375148506,-0.03545455938668224,-0.003201720379103712,-0.05529502379387252,-0.011832076123836688,-0.03299298178947979,-0.0157669668649158,-0.009832843584525353,-0.029193677006600527,-0.028022806547417345,-0.03879685100307895,-0.032689097789092014,-0.001203834684734173,-0.006202500958738699,-0.019645263280190506,-0.02811139596531298,-0.02935388904445546,-0.027855331482929402,-0.014413700970838939,-0.019581901126490997,-0.02693583392426624,-0.04601640771612747,-0.019789113349353515,-0.022742317028503323,-0.031774397245731334,-0.0011903884466510917,-0.051172266972256686,-0.03622692252823145,0.0024406648599711867,-0.01945696702375227,-0.0012255968970931175,0.0034814376150526516,2.7030081030499087e-05,8.313899224915433e-05,-0.07149405217804367,0.0003442371296762392,-0.027491473717966675,0.0,-0.04484077870260267,-0.031604350621623034,-0.029977077422173815,-0.033347068573389205,-0.016438648788577148,-0.0008808417000928936,-0.03683280017975776,-1.1102230246251565e-16,-0.0390326177610531,0.005947712038053665,-0.01964384739223729,-0.0010543266284693265,0.0,1.9936533363573705e-05,-0.018432464163806173,-0.03204554074939692,-0.03247172786062624,0.011724733550524169,-0.030214902772847607,-0.002649696654105582,-0.003183892820483314,-0.004622412098043038,-0.03148440988922452,-0.030623513451980444,-0.029016180977202988,0.00641682507243857,-0.03145760719395624
-0.010907786178838752,-0.03698811799580004,-0.011060468790757894,-0.04362921698276606,-0.04330848185769359,-0.03074304299039088,-0.0352351171193398,-0.036853450589250214,0.0,-0.040395100515327076,-0.042309306553982295,-0.03344844846653966,-0.01509382892404798,-0.013475836669272045,-0.03939516050125319,-0.04439790499405244,-0.040396555807679924,-0.045750192113291566,-0.01901896297912098,-0.0358700149505457,-0.0508392976216695,-0.034567118545308584,-0.03695143196565015,-0.047268367833814495,-0.0349904949375337,-0.04306812387121217,-0.033817734304690705,-0.05379408360765414,-0.038409489758906734,-0.03595457685769915,-0.05885068957885292,-0.056106986203423304,-0.04186461330400387,-0.05281547278619625,-0.05122732028010535,-0.05205710639312866,-0.058150022285306247,-0.041447565865935454,-0.087635309227512,0.005721963847278744,-0.03142198122449841,0.007021089399396274,-0.018391423860462164,-0.0002779324593882859,0.007387796366760013,0.0,-0.0014210644060866917,-0.09938415786868943,0.0006459180846281054,-0.033508363354526116,-0.02485641727182608,-0.02580811971898167,-0.02920489546203453,-0.015069417540814922,0.0010109356648482226,-0.021337929097249297,0.002455527736194618,-0.026709247337688924,-0.02793484895511994,0.0099835191137006,-0.001044955283914517,5.551115123125783e-17,0.0,-0.01976362005142729,0.018932434489824457,-0.007200090938058734,0.00093679903124122,-0.019292482872870442,-0.00018407792778096788,0.001624800289470374,-0.04260570190775004,-0.02484579772597517,-0.021985764796635887,-0.05166244845539092,0.012899902624118553,-0.03495621439375651
-0.016569303076211017,-0.0011063542245643432,-0.02272270607000837,-0.015004172753096123,-0.01408960031048434,-0.029755835511403872,-0.01878461027768369,-0.02519982317084707,-0.040395100515327076,0.0,-0.02766189359757265,-0.01494896493967851,-0.00755676569654673,0.023812649119656137,-0.006467150115943565,-0.016425293721425205,-0.016021874755591026,-0.028476159189674832,-0.028854729173739102,-0.003068591630817241,-0.010121953323944666,-0.012462374083973937,-0.02284654814070214,-0.02699190153087977,-0.0036789676848055786,0.010482746571282009,-0.018768030367911803,0.0009535136602414895,-0.01574902955071167,0.0024999943259402246,0.02193326382913463,0.02881503744921471,-0.017765851073391126,0.002794285206943692,0.0364510935508755,0.03680521222701427,0.07098350717702745,-0.02263028180919041,0.03494852900307571,-0.04743745588826215,0.0007847704545763112,0.006333096562008922,-0.007697205688598552,0.0020162065948081676,-0.03175363202530873,-0.049354516154079486,0.0059226106987691485,0.0020432650903560168,-1.1102230246251565e-16,1.6653345369377348e-16,-0.059447679743282356,-0.052539742963317926,-0.0008657010538545284,-0.0036986741108695487,-0.01870041974712583,0.0029104482056373504,-0.016179015089905657,-0.036637427323821914,0.0,-0.0038783110431277468,-0.03061466960528142,-0.015118202421172289,-0.03672166635055596,0.00025267690692531986,-0.0030341024678048334,-0.00023780666358447222,-0.0004277204938731294,-0.03246821579980608,-0.03092583649263614,-0.027184813896555027,-0.018058360464073386,-0.046222929246621136,-0.05805052168888597,-0.034569042528383775,-1.1102230246251565e-16,-0.008547191327459847
-0.0003198935168657324,0.0013340900005510137,-0.001338374536785314,-0.03229717253615361,-0.021692003556792627,-0.05606216113360363,-0.03578751561864585,-0.009687899766820773,-0.042309306553982295,-0.02766189359757265,0.0,-0.028759500948683736,-0.04866931408888281,-0.0008408716803685601,0.0,3.211394089625008e-05,-0.038636581486068744,-0.042173144961672404,-0.00896282801898049,-0.0001475914582261817,0.0054107517610760825,0.002325805189118735,-0.03313597685877512,-0.005612157419239927,-0.038588510283787014,-0.028782465368489052,-0.004237235401057637,-0.046362994081555975,-0.024027440531981914,-0.07653979732980953,-0.0517462562451243,-0.01574116386922353,-0.02339233584907724,-0.04222009380636138,-0.03850154255473448,-0.008143184317300434,-0.004402451826180265,-0.03225432410239587,-0.006278140687146827,-0.0007021878709211338,0.005002194195851295,0.0007578421973008509,-0.00627833970317071,-0.0031920924627358294,0.0037430566036027457,0.0,5.551115123125783e-17,-0.003168054611214277,0.0002590250947049899,-0.10715416466984873,-0.020653163477208303,-0.035262823816738786,-0.0037619332619415746,0.015750599371066154,-0.00388547464447897,-0.07544058460317626,0.0019353654959407551,-0.02313007540044687,-0.024255387404205964,0.0015285277916010642,0.0,0.0,0.0,-0.04438769639784451,0.00587943626495574,0.0,-0.00031289980309706644,-0.0029651987360310716,0.0,0.0,-0.00046364447281305177,-0.013120262777296277,-0.015001966174882364,0.006295268617729832,0.001809516779932352,0.0038245198128367686
8.512905994373376e-05,-0.035048905482364,-0.03917600159675322,0.005176312175336484,-0.02462582168551719,-0.019709276850531143,0.008119503889939761,-0.032127855375148506,-0.03344844846653966,-0.01494896493967851,-0.028759500948683736,0.0,-0.005306428686845999,0.03409643967571091,0.0031307179836894683,-0.035371282225733824,-0.0038787295458531657,-0.018404766248846682,-0.044821435087507466,0.0066123393773449,-0.004881407637362056,-0.0027603084677137457,-0.03090595250982886,0.00314078173384863,-0.0064914066298829565,0.0066673372185109825,-0.02000249403130283,0.011152154427610195,0.00010257204745350856,-0.005386339872810397,0.013514866686111016,0.0377940504236165,-0.02128545009318983,0.009186463567470715,0.03908375196621322,0.033275846001639686,0.031126690792846023,-0.021154330155934126,0.04670488977724968,-0.0199013888915906,0.030677871194455086,0.07329990281710524,0.02983963615556784,-0.001065933581448103,-0.015015912673061738,-0.016268078887214155,0.0029414661315099733,-0.0009387821419201137,0.0,1.4127465477464796e-06,-0.05710111994210415,0.0038052766214785594,0.0,-0.001266328035034514,-0.0071152683670077654,-0.002759020321645378,-0.0015545550676063224,-0.024492519085766273,0.0,-5.2807270239485504e-05,0.02189488597607081,-0.0023718922354481475,-0.025935963792260264,0.0,0.00011255120185899026,-0.0005254313034901426,0.0011347806923903692,-0.0654975118109068,-0.008888089319766701,-0.027375698524072622,-0.013546749148604487,-0.06709557145080702,-0.013325314993002435,-0.0018758295623880206,0.0,0.002303447777893708
-0.03564841901056409,-0.024232417665956685,-0.03881839596979647,-0.06378316637205361,-0.03927647137878665,-0.023905118892502353,-0.03432720179970156,-0.03545455938668224,-0.01509382892404798,-0.00755676569654673,-0.04866931408888281,-0.005306428686845999,0.0,-0.0014162992009296715,-0.035575810095372584,-0.0131827839460964,0.002595320377628052,-0.023289091544353546,-0.050084904964394994,-0.01899604410233552,-0.018919807783500275,-0.01739383940181033,-0.0342623036347422,-0.020413447707069154,-0.017957505765189063,-0.01022049713855272,-0.029590075415305228,-0.03254284823458298,-0.026574696836121958,-0.015413913729868556,-0.0021606329398323187,-0.026563427048763633,-0.012263310153632856,-0.011819686667524087,-0.014925022683748401,-0.039009967497308395,-0.02020357995463362,0.003435157696164537,-0.015484008949597505,-0.012975089816985086,-0.09590083561169466,-0.02783578461335051,-0.04394136251017494,0.0044434756028195466,0.007706997566383489,-0.00030241637921124553,-0.026908324450242604,-0.04662160739048554,0.0,-0.03850979436983237,-0.03536614694176232,-0.02757126595554782,-0.03186014832253842,-0.020649986744779802,-0.013837708392547832,-0.060241068519444,-0.013799166330273227,-0.036400113297248904,0.00040668592802722836,-0.014593933797730496,-0.027801795551611608,0.0005040890360678008,-0.042958640145595584,-0.03817776076820201,-0.025849299130709602,-0.005517451402362927,-0.02696204129605162,-0.030272252356384033,-0.0008784332634447778,-0.03189228976948766,-0.01880379899909096,-0.03375297197260263,-0.03277461660323505,-0.028404905673674152,-0.02406038438762409,-0.03656227996931183
-0.00905315441643706,0.0,-0.004518194339490245,0.0016300583342601649,0.01337661919136296,-0.03196227246261579,0.024947698369624904,-0.003201720379103712,-0.013475836669272045,0.023812649119656137,-0.0008408716803685601,0.03409643967571091,-0.0014162992009296715,0.0,0.00024849847997343577,0.0,0.0,0.0,0.009229512755132785,-0.00045952089535317153,-0.026269934583314836,0.0008169203990477936,-0.009302271886846958,0.019100472007206215,-0.00025286021731402153,-0.030601157404291424,-0.03212230978940939,0.005445185035263367,-0.0008794647293693947,-2.9096266893069433e-05,0.01388678579932795,-0.09928931973962626,-0.003847641100808763,-0.012983252099317666,-0.004936322037210394,-0.017442220118499135,0.00566398262691345,7.144145410797886e-05,-0.00956350207257084,0.0,0.00010134495707586622,0.0,0.01220562427405597,0.0,0.0,0.0,0.0,0.01346098901788273,0.0,-0.0025311620416260117,-0.0005671758742400446,-0.004952862334087482,0.00812336815083986,-0.036881833980993095,0.0,-0.08595681002179639,0.0008419396334115592,0.003900949483872429,-0.004161498846670497,-5.551115123125783e-17,0.0,0.0,0.0,-0.06210698796409436,-0.0028637369784167976,0.0,0.0,-0.09748188242516292,0.000942420925100218,0.0,0.0,0.00751032248856448,-4.462316521841592e-05,-0.0018624987738616872,0.0,-5.551115123125783e-17
0.007312267591663091,-0.017425320970042346,0.0027559605342896143,-0.09875957106390598,-0.019234760876428003,-0.03155917287146376,-0.06346637789621101,-0.05529502379387252,-0.03939516050125319,-0.006467150115943565,0.0,0.0031307179836894683,-0.035575810095372584,0.00024849847997343577,0.0,-0.00942298010365955,-0.00019021259097345977,-0.02729822879078997,0.0,-0.021741452388884308,-0.016742695469368185,-0.028614691848850793,-0.0019311089647751079,0.00783551807915256,-0.020531743632724364,-0.01148526774266978,-0.02430182449169732,-0.009393754102936969,-0.023532606588192118,-0.014150596505337565,-0.011538635883349024,-0.02250655390202455,-0.036321481161726066,-0.009527182542247381,-0.004818732423612082,-0.02148291947424652,-0.019635344975127866,0.00237543948536334,-0.020348475344308115,-0.01862239609186478,-0.01634514933171516,-0.01763808841666814,0.005539349000091454,-0.0391809928416581,-0.00016951954579663697,-0.0116968090320691,-0.011641489916378644,-0.04593262517962643,0.0,0.0,-0.029850769253092546,-0.033725207264195034,-0.037156675105270265,-0.044068204288781165,-8.907150726278346e-05,0.0,0.000405876933961935,-0.035384881313277716,0.0,-0.024145013307540875,-0.015285755164489045,0.0010793003903818432,-0.01309505833207597,0.0,-0.05953405493174241,-0.021384132600517136,-0.04007988302303411,-0.024420062480073,-0.0035491047541074128,-0.03214914787832074,-0.0269175174099614,-0.0312795313264696,-0.03754927047186274,-0.03265512253688169,-0.06280061270203052,-0.024077578050159643
-0.008338476812771112,0.0030189001160760842,0.006237748994666337,0.0,-0.016971748688589694,-0.004533558815946248,-0.014587194622146415,-0.011832076123836688,-0.04439790499405244,-0.016425293721425205,3.211394089625008e-05,-0.035371282225733824,-0.0131827839460964,0.0,-0.00942298010365955,0.0,-0.022960608497451573,0.012546087638083403,0.0020684047455363785,-0.00918470057416848,-0.001979858510387511,-0.0011677862410301443,-0.010824825974144636,-0.007943824156876333,-0.00038663830879387406,-0.007863160888848364,-0.0005506249528252627,-0.001963805196751711,-0.007308010598323866,0.0007193246806614373,-0.006297084972280875,-0.015922806123554623,-0.017214131015439005,-0.0016310177701210349,0.013931571833657286,-0.006664254705937955,-0.0013446120372374581,-0.005317393493077471,-0.018742178560100242,-0.012483100611268116,-0.01052116471343173,-0.016100169006333043,-0.0004008943256068598,0.0,0.0,-0.008238985252441489,-0.012054502297615177,0.0,0.0,0.0,-0.022825399391665835,-0.021234237058105232,0.0026368604272937746,0.0,-0.026470893171620047,0.0,-0.03642466436838343,-0.011780345433119066,0.0,-0.029379783411758675,-0.015646054440253687,-0.02835117855567909,-0.01593156475925961,0.0,-0.03230503147325847,-0.007107726246015911,-0.022202836958967298,-0.029276677130107398,-0.013871185458160962,-0.021549009667603758,-0.014529262631381656,-0.05171298918010564,-0.016654695926618,-0.03073933300853443,0.00029346790659345867,-0.007175127433196815
-0.03189165424485352,-0.04733298247688278,0.005749440298835173,-0.0005846694840401789,0.0014446868826358816,-0.030449956502732967,-0.0096716394380304,-0.03299298178947979,-0.040396555807679924,-0.016021874755591026,-0.038636581486068744,-0.0038787295458531657,0.002595320377628052,0.0,-0.00019021259097345977,-0.022960608497451573,0.0,-0.01788186355033955,-0.058854392976926406,-0.02560081816653914,-0.026191615940948043,-0.022461700758300673,-0.03332218466996534,-0.029875587997172437,-0.0002550355769179169,-0.009816381618353798,-0.032854511016157106,-0.0026164906804016508,-0.025260100686249398,0.003912674024098006,0.004476617555806306,-0.020303807534234608,-0.027181314941166046,-0.0035634777615696778,0.005196511582325092,0.002923114389544623,0.002837674608745233,-0.020458974637640237,-0.019878992440545196,-0.03157580112222069,-0.010739468604978375,-0.020936478762454247,0.0,0.0,-0.0252878897735746,-0.09663656236528911,-0.017744225662356006,0.0,0.0,1.6653345369377348e-16,0.0018458078455309002,-0.0003827727367269884,0.0,0.0,-0.008313399822922674,0.0006793188572635223,-0.006777978940938456,0.0006692804173141775,0.0,0.0,-0.019562309882858786,-0.016676658864896665,-0.03165666314886384,0.0,0.00023636020644696165,-5.551115123125783e-17,0.004075024011312045,0.0030762219910348554,-0.02564023702800189,-0.03355654328788238,-0.021975121454973656,0.0,2.215096721258636e-05,0.0021558575575620353,0.0,-0.014215293786268401
-0.021662296585304386,-0.004391246941616522,0.0038164190647201335,0.0,-0.03921396311960956,-0.019530306471362613,-0.024851738797318224,-0.0157669668649158,-0.045750192113291566,-0.028476159189674832,-0.042173144961672404,-0.018404766248846682,-0.023289091544353546,0.0,-0.02729822879078997,0.012546087638083403,-0.01788186355033955,0.0,0.008543335083054604,-0.017915058909243886,-0.00531687214252391,-0.004744001008045007,-0.016242369801602097,-0.030841090035764684,-0.02391514987911081,-0.018836842654537944,-0.00786451902008306,-0.008267062828523963,-0.008330874555990686,0.006762116257670092,-0.016040129819302695,-0.03972378881784866,-0.036820820558207734,-0.02242138306664182,-0.012684215127903187,-0.0025816493603310064,0.0,-0.009834397422658292,-0.016823714038525672,-0.023211163683014124,-0.015783705129534198,-0.024710243537851284,5.551115123125783e-17,0.0,0.0007039149999419902,-0.022513827955802646,-0.022650477181666406,0.0,0.0,0.0,-0.014196916806662407,-0.0004904879102736737,-0.0015425077552519983,0.0,-0.01028471180788687,0.0,-0.011181947801443437,0.008443129310334363,0.0,-0.0009051206113874222,-0.022603768497433896,-0.016843905164704243,-0.025867507587431393,0.0,0.004430740782930986,-0.002129411268712411,-0.033007068856518273,0.011131417355285611,-0.02316485465788415,-0.027447776966214865,-0.02333148614114028,-0.06282477635835865,0.003923023813014959,-0.027515183583621372,0.0,-0.005913746883515758
0.0,0.004542319073520096,0.0059281673556296766,-0.03420822706294796,-0.027200488240004705,-0.025722615064600385,-0.04105440796716553,-0.009832843584525353,-0.01901896297912098,-0.028854729173739102,-0.00896282801898049,-0.044821435087507466,-0.050084904964394994,0.009229512755132785,0.0,0.0020684047455363785,-0.058854392976926406,0.008543335083054604,0.0,-0.00048435442232191983,-0.009635319699053735,0.005069390220656278,-0.010194800271845217,-0.05306530383452751,0.011914087693262243,-0.04008717780155141,0.015796375257749795,-0.045991622200555415,0.009737894877630271,0.011530272200022174,-0.046822672074323446,-0.039402544569021536,-0.04155472857224374,-0.042708508280333846,-0.05189135462659178,-0.02876970822999464,-0.04260444927910556,-0.02814560654024395,0.011913403359394226,0.0034889719745526127,-0.04497284292979353,0.00011278581767582008,0.006380159747391478,5.551115123125783e-17,-1.6653345369377348e-16,0.0,5.551115123125783e-17,-0.040681731083711814,0.0,-0.03640620591190413,-0.014903932234525685,-0.0165613024536575,-0.010580978192388568,-0.00021915604099631558,-0.0021394683399774683,-0.08934606784950477,0.002463205197807128,-0.03170579589781297,-0.03311617522973259,0.0026894609907300304,0.0,0.0,0.0,-0.005587249469658606,0.003422235479087876,0.0,-0.0025866148020993185,-0.010126941094713682,0.0,0.0,0.0019482107159270456,-0.005414547575011142,-0.023177565771885622,0.005400886646572733,0.0002549413679657775,-0.039074406139830486
-0.037862004028275,-0.029685714630464155,0.01563952681511871,-0.046333513104066526,-0.03081082212934838,-0.020770719797270076,-0.02175492801922535,-0.029193677006600527,-0.0358700149505457,-0.003068591630817241,-0.0001475914582261817,0.0066123393773449,-0.01899604410233552,-0.00045952089535317153,-0.021741452388884308,-0.00918470057416848,-0.02560081816653914,-0.017915058909243886,-0.00048435442232191983,0.0,-0.04145986025774201,-0.04969820363845062,-0.023843651338970595,-0.024570998925281473,-0.00780469081453411,-0.015476539703329129,-0.025165017318616922,-0.0023836886056644024,-0.015720376117400903,0.03815830159276162,-0.014905608481343702,-0.016400103735226323,-0.04781398349279847,-5.0007569258880835e-05,-0.004311414528782642,-0.01132764999379321,-0.00508928451769014,-0.022882991513594186,-0.04282671499560431,-0.04585415717640923,-0.038711756981651135,-0.03292171195326821,-0.016543466780662097,0.0004145368884901912,0.003486853144445856,-0.018814883145546413,-0.019590166531043063,0.0002902646795351904,0.0,0.003050249449262743,-0.03779004149863152,-0.03599002481018426,-0.052036929109550045,0.000786635734204344,0.004484572626157146,0.001651220098006112,-0.0005857723080119337,-0.03216806255495225,0.0,-0.03506612498088901,-0.03554203853471899,0.0020639262395085733,-0.023961992679822852,0.0025309806854353356,-0.04310325027174566,-0.039772467643928056,-0.027599839983335817,-0.04053733222236666,0.00028112523977202875,-0.021933092217750583,-0.025666932748340254,-0.04004027743540728,-0.038852596304303655,-0.03212065872788522,-0.04758822355335923,-0.03790753357821347
-0.01942108561657402,-0.022050231274778787,0.009674724499254883,-0.0010075956525070762,-0.035944813017270705,-0.04079501866878349,-0.04177031397106101,-0.028022806547417345,-0.0508392976216695,-0.010121953323944666,0.0054107517610760825,-0.004881407637362056,-0.018919807783500275,-0.026269934583314836,-0.016742695469368185,-0.001979858510387511,-0.026191615940948043,-0.00531687214252391,-0.009635319699053735,-0.04145986025774201,0.0,-0.03196427780405303,-0.016839551883150283,0.008567685160183747,0.01573557249567209,-0.039054986874659026,-0.01616356318714679,-0.01192208465740957,-0.03512256994217999,-0.004531702772136659,-0.006733796775657275,-0.025773411299864823,-0.03808034476302591,-0.002460904777821682,0.0006869425440146348,-0.009976508688738728,-0.004500807718048339,-0.0012785883865514824,-0.010260121805770406,0.0025868788234532647,-0.014174786259718963,-0.006035302071225268,-0.009880456852654762,0.0,0.0014656724322627546,0.04778644984262986,0.0042753376766921924,0.0014858046687823423,0.0,-0.00046290862793541,-0.01956222277509534,-0.024351727023190717,-0.010746192092531803,0.031189154884404435,-0.0001594266839843872,0.0,-0.0016716964265222067,-0.02889012127121593,0.0,-0.022093005910517383,0.007346217468785388,0.0,-0.003194498444196059,0.0,-0.030481448096574715,-0.013638058154603394,-0.02384386385859949,-0.014307769696615125,-0.007227453507458126,-0.023933863205282513,0.0028863880692430732,-0.029804945493733026,-0.025414265963410176,-0.03140079804438184,0.00367087871734062,-0.023176858162053227
-0.015344924139366944,-0.014366729764217212,0.019145808186324553,-0.0008268864605786019,-0.031030377883168314,-0.01816720026929891,-0.025274621266199226,-0.03879685100307895,-0.034567118545308584,-0.012462374083973937,0.002325805189118735,-0.0027603084677137457,-0.01739383940181033,0.0008169203990477936,-0.028614691848850793,-0.0011677862410301443,-0.022461700758300673,-0.004744001008045007,0.005069390220656278,-0.04969820363845062,-0.03196427780405303,0.0,-0.014638014117941689,-0.010965451887209765,-0.0030765279535274193,-0.011594954534796142,-0.0130516799307549,-0.011241965608366156,-0.02844411294344157,-0.006906004462663373,-0.007139070829542016,-0.02082717930880401,-0.04049162900560388,-0.007524237568788117,-0.0011898229165928087,-0.008953076494159107,-0.02050053296338189,-0.0003177411981846734,-0.02562373338086349,-0.021836401962342822,-0.018708038585752984,-0.017211017014167218,0.008295432346887566,0.0,0.002273765025783414,-0.014915751965776713,-0.006492526176390401,-0.024762287041824982,0.0,0.0014241302938395317,-0.029845751387405473,-0.026964400154490975,-0.02485982201399861,-0.038444871196189834,0.0009072832037426704,0.0,-0.03988498978226618,-0.023608820280604847,0.0,-0.03356494400215021,-0.008777868797407162,-0.044294468177206225,-0.023612053366046437,-1.1102230246251565e-16,-0.02391213138483539,-0.023031158895101767,-0.0313972473769748,-0.025733813702287722,-0.002536775044441275,-0.013119260598248972,-0.020989259104144786,-0.03479140689291699,-0.03567214899347504,-0.03117729517781609,0.0039147815077675285,-0.026105407438087203
-0.017833467002416725,-0.018480974951196827,-0.042087943162671004,-0.03417909961782617,-0.04145854852435665,-0.043359836601552404,-0.03992970023509307,-0.032689097789092014,-0.03695143196565015,-0.02284654814070214,-0.03313597685877512,-0.03090595250982886,-0.0342623036347422,-0.009302271886846958,-0.0019311089647751079,-0.010824825974144636,-0.03332218466996534,-0.016242369801602097,-0.010194800271845217,-0.023843651338970595,-0.016839551883150283,-0.014638014117941689,0.0,-0.005564131062186617,-0.015096958411771666,-0.006554028573961923,-0.03983882692177565,-0.028961854587905955,-0.027442987971647403,-0.0038137054697682804,-0.012338579321956478,-0.02224548702508672,-0.03170796492352529,-0.012029144300524042,-0.014684191389110646,-0.017689583750720717,-0.014319668839689714,-0.031472569964468566,-0.03060901004553751,-0.03953830276026632,-0.033680360569436296,-0.027359974588384017,-0.030977831783256082,0.002358528364320711,0.00413748219767035,-0.03151833532215487,-0.015164955758678655,-0.012208658046963583,-0.00014412682233772012,-0.025997409771987334,-0.029649263651278568,-0.024000238761266557,-0.03151980189929632,-0.01723344566200291,-0.036649124757180684,-0.055605698661394476,-0.05424673120574908,-0.03221903661374659,-0.029351741242028606,-0.03286822834734371,-0.016736037102756285,0.0036245394983941415,0.0013529374386753723,-0.011756821412814422,-0.033157173382357186,-0.020202016165762227,-0.02359063525837024,-0.032625370193035574,-0.006222222420242507,-0.016333605702148313,-0.01571078133449355,-0.027223351609822033,-0.023839121966966137,-0.02831389272513901,-0.02253028446515809,-0.03621847956388413
0.020922515530145236,-0.0016692187388930302,0.00024259265443132838,-0.000377465952004441,-0.0226776823670784,-0.048625549125463796,-0.011284854736794248,-0.001203834684734173,-0.047268367833814495,-0.02699190153087977,-0.005612157419239927,0.00314078173384863,-0.020413447707069154,0.019100472007206215,0.00783551807915256,-0.007943824156876333,-0.029875587997172437,-0.030841090035764684,-0.05306530383452751,-0.024570998925281473,0.008567685160183747,-0.010965451887209765,-0.005564131062186617,0.0,-0.025544139582898362,-0.013091038309279546,-0.012488945359298675,-0.00523440151053689,-0.021955510047064142,0.002291625631314298,-0.00380868179778604,0.03612954046759653,-0.04205122353100657,-0.01675025207289188,0.02334719964963694,0.059637312740767,0.05520539175603978,-0.034118988060173605,0.09755740767192422,-0.03851644787537628,0.019463865715591555,-0.026274563069660417,0.010477977238779468,-3.7525970145502185e-05,-0.004198542417438167,0.031391531179130405,-0.004368951828463086,0.0003091566467408602,0.0,0.0,-0.05743735143561868,-0.0013718842049870172,-0.0009583939018046883,0.00024828542770782835,-0.022959496167519744,-0.0011867746554065084,-0.017357499464982717,-0.0025192816258115536,0.0,0.00047088343287565726,-0.01290119928591793,-0.015733946840071122,-0.035762037528563884,0.0,-0.0020865360483038886,-0.004424500350285021,0.010794272108716085,-0.07238420311739435,-0.0025061676682252565,-0.03177644278462044,-0.022004384462954496,-0.020782763245226765,0.007648994074063997,0.0008519606975994076,0.0,0.003399965827755369
-0.011691948707381994,-0.014430404718195455,-0.008296818417168228,0.0,-0.01222643610453339,-0.0070692015000107244,-0.015487041702356763,-0.006202500958738699,-0.0349904949375337,-0.0036789676848055786,-0.038588510283787014,-0.0064914066298829565,-0.017957505765189063,-0.00025286021731402153,-0.020531743632724364,-0.00038663830879387406,-0.0002550355769179169,-0.02391514987911081,0.011914087693262243,-0.00780469081453411,0.01573557249567209,-0.0030765279535274193,-0.015096958411771666,-0.025544139582898362,0.0,-0.0020539453196291024,-0.0033568160101011824,-0.006489569374612814,-0.00047742139678302875,0.003585279357520288,-0.005000930998643294,-0.021463167633919922,-0.025373662064892666,-0.016057781435703244,-0.00011043501204816009,0.005341048765306722,0.0016243651051455754,-0.013611113642660266,-0.020080464954528532,-0.023523641450957478,-0.01386690251353695,-0.021961112327656518,-0.001542169301638252,0.0,-0.059222630195248094,-0.01535050563188639,-0.024952622928055945,0.0,0.0,0.0,-0.020587571446786634,0.0013059720875697178,0.0010089588309914466,-0.0002023597654022269,-0.01285328314663542,0.0,-0.016191009838763648,-0.01344954814625371,0.0,-0.05955440100623105,-0.019415660781785582,-0.01615594781479207,-0.02666803887968955,0.0,-0.02822268411310247,-0.023061146553296497,-0.02987392595747268,-0.027211818937594112,-0.01368873844971541,-0.025906099080845846,-0.02185811008155808,-0.05049708941725306,-0.011959755830354024,-0.021441577092254138,0.0,-0.011983893726865869
-0.00831591637246376,-0.01126649663184548,-0.010796332387024044,0.004413495156223912,-0.03595654787249325,-0.026165464834530416,-0.018312494182807226,-0.019645263280190506,-0.04306812387121217,0.010482746571282009,-0.028782465368489052,0.0066673372185109825,-0.01022049713855272,-0.030601157404291424,-0.01148526774266978,-0.007863160888848364,-0.009816381618353798,-0.018836842654537944,-0.04008717780155141,-0.015476539703329129,-0.039054986874659026,-0.011594954534796142,-0.006554028573961923,-0.013091038309279546,-0.0020539453196291024,0.0,-0.009159089992585412,-0.0069835373658221345,-0.008514214289609023,-0.013570440373811887,-0.003243070622879707,-0.01073308550070362,-0.015581167806878515,-0.005351154651295487,0.017698136066892134,0.04149836991771971,0.0012112706562290576,-0.008256810951625837,-0.018820985455877237,-0.012943981239037228,-0.012628677971023405,-0.011387154324799365,0.05807795053733328,0.0,-0.03702024400154291,0.005474226550412464,-0.017292820403965514,-0.03398407934914632,0.0,0.0009280269274796749,-0.016146840828620723,0.0046693810997497365,-0.0007527526968542086,-0.029372134115369486,-0.006658174545636775,-0.0004904187080745359,-0.006526478761225307,-0.003446347793327642,0.0,-0.028982626215608764,-0.01978966461326881,-0.013037341613816589,-0.02108836331478542,-5.551115123125783e-17,-0.007066582043312897,-0.005732835051404761,-0.018267169955488938,-0.007066912504535949,-0.016193354675317795,-0.018287439904253966,-0.012989547036688143,-0.020267079602641402,-0.008370714487023034,-0.015053700504671585,-0.0002832661146617288,-0.010594145680426659
