0.0,0.021768618642384996,0.0030055668555721837,0.0,-0.00014896532565933374,0.03522311366833791,0.0108309637117463,0.008258155672627499,0.0032039690925966813,0.00508756651672887,-0.00045931175645963496,-0.013555711771902512,0.042074326743864965,0.0036332371266710184,0.013407737297101985,0.015073738064320996,0.009867462169555918,0.005330362470116645,0.0,0.007627678638311652,0.04751628854398693,0.02257209410182398,0.018181321032024245,-0.0019305183660557335,0.008921630176355888,0.007938305298621773,0.0012579198016542392,0.036513965251430136,0.015225404212275473,0.001696004928038064,0.02175720876706083,0.0027140069527326616,0.033935219334281896,0.018440251418344378,0.011451660527238672,0.000582602154547307,0.0,0.01865328156823698,0.013980247360589282,-0.001157207405552585,0.018596141339173033,0.009019463733188127,0.0,0.0,0.00026161826283560563,-0.012238824311428809,0.035609275548969255,0.0,0.0,0.0,0.0014980804121997315,0.0,-0.0017770201780776262,0.0,0.004214766674509374,0.0,0.05295725646510169,0.001725022377290386,0.0,-0.00914185275053886,0.02763115354209117,0.008581761717142755,0.02893418239067469,0.0,0.004372395212346003,0.01655391226523273,0.024787211215571037,-0.004324106591612087,-0.06687851522840971,0.010290232333026783,0.012565474544047106,-0.0031111666693468543,-0.0003189471696226631,0.007131170305308798,0.0,0.003974864026024927
0.021768618642384996,0.0,0.0017182277226662213,0.0,0.00048566039419900564,0.007065470948182051,0.0028049432315160883,0.024042817991427268,0.004657190797523247,-0.010269654248257654,0.0005278354237348015,-0.006372475772479347,0.016831932911785474,0.0,0.01155926858496209,-0.0007408578377721686,0.027665299101763963,0.007440563803519262,0.0010340210540392691,-0.007296470144213585,0.019780165493714752,-0.012027938318912301,0.011518273727039063,0.009972808185923054,0.006663026163116315,-0.001460854201386863,-0.017236416702095525,0.00957061715816121,0.004825831035923656,0.008320152518229262,0.0037812992493066466,-0.010286080871736825,0.011861034047114027,0.0007028570292378356,-0.00558293266219867,-0.021006685555199744,0.00033055604581877507,-0.0006892885728283504,0.026158527801393383,0.03609165155926958,0.029187191689587666,0.024656487195783117,-0.004325365853337648,0.0,4.5290416962995295e-05,0.020320548083166745,0.04009575158063294,-0.0007160126366246855,0.0,-5.551115123125783e-17,0.017498436678268836,-0.0002970382641188096,0.00768211925625556,-0.00148118521319196,0.026633933805638887,0.0,0.0032390805041579984,0.022945200115385422,0.0,0.025455526921972282,0.037896524123194,0.005196919253634802,0.03900900226173437,0.0,0.027410500960823814,0.02761327420034182,0.01685397801112648,0.016293809311847318,0.002824137993908904,0.03886118540850747,0.036743408194523985,0.024647935902660068,0.02624697873173437,0.022534127505508872,-0.00017889091666178913,0.024450186672993035
0.0030055668555721837,0.0017182277226662213,0.0,-0.01590067424832181,0.0065920591158363795,-0.0052513898198151,0.007668903955094564,0.005732091953290497,0.02149828156395195,0.009164001372140573,-0.03385069644530603,-0.0025636239952948614,0.005833711867919922,-0.011551022772858022,-0.0005741856465033002,0.003403598861357382,0.0016328196079353763,0.0005851818954937249,-0.004696990102464882,0.007426880671933922,0.003623119724342483,0.007166315868707862,0.00475374738447415,-0.027228741184685656,0.0056134785978386725,0.020106840263581394,-0.012118970007725105,0.013196354762972595,0.008265251320644262,0.0004740153896382604,0.011449412910944978,0.00038179265273680096,-0.008107363815368862,0.011209669219288121,0.003116611916885337,-0.007842013605522502,0.004481001413296659,-0.015119111871213231,-0.0032829814472238317,4.0936040691108566e-05,-0.02460224665799049,0.0009979108296245265,0.03152079475565711,0.0007604515138460721,0.00027365784995281306,0.0,0.00011166345883018014,-0.08590833013182259,-0.0001964605377156592,-0.012967167792388046,0.013586725411120937,0.006642605814540792,-0.005306201708869973,-0.05784225056637626,-0.08286663320623966,0.010698000907244432,-0.0008525072599988581,-0.0050302823123785645,0.0015513326585806508,0.002381649102994876,0.0003445092345599199,0.0,0.0,-0.05985682549108867,-0.0012648421928943554,0.0012912707513942911,-0.002838755894846723,-0.0208656128753113,0.0,0.0,-0.0004286119904844954,0.0031618112278550825,-0.019177996138765863,0.014669232589941239,0.0019407767514477703,-0.02316277985881754
0.0,0.0,-0.01590067424832181,0.0,0.007641297783429368,-0.005344298205869569,-0.007126890208833114,-0.008110751442114872,-0.005174624398487648,0.012765951206131054,0.015182182532469779,-0.07008033300140942,-0.0016122990545169857,0.029950336794936305,0.001286099100132887,0.0,-6.227220140703205e-05,0.0,-0.012267287001023308,0.0024499490546785463,0.00016847631577521227,0.003207917653268666,-0.010988173015598679,-0.00447605491344788,0.0,0.002419792651578656,-0.025940652592157942,0.008182891407623183,-9.796422491731294e-05,0.00013930662275463135,0.0027857949402482762,-0.01868124744409444,-0.002882056663975674,-0.1041194556078073,-0.10936967743637377,-0.013164249508601594,-0.005512908424099433,0.0013813516555319927,6.525079972108383e-05,0.0,-0.0005420885216836924,0.0,0.0004248412686176928,0.0,0.0,0.0,0.0,3.883426211875873e-05,0.0,0.0,-0.0006174047503345048,0.0,0.0,-9.091600808069922e-05,0.0,-9.307504231048647e-05,0.0,6.844159969499053e-05,0.0,0.0,0.0,0.0,0.0,0.0,0.0,0.0,0.0,0.0008160940343191481,0.0,0.0,0.0,0.0006857865280291975,-8.911358722252238e-05,0.0007408362971650373,0.0,0.0
-0.00014896532565933374,0.00048566039419900564,0.0065920591158363795,0.007641297783429368,0.0,-0.013326664795854315,0.00025435890294867036,0.02014685810232203,-0.004569431403472601,0.00967915956470794,0.021582149974912757,0.0006885169139173031,-0.0009520636710100838,0.0007154117561116724,0.0015574142829032356,0.004900031425170648,1.5035502129612244e-05,0.009448734202294029,0.023954570867467828,-0.0257661000419388,0.004286379439879695,0.017250561513464657,0.008632706074621299,-0.021276195445155355,0.016755952561383958,0.02343760132507272,-0.00796457229085118,-0.006011094789889815,0.0028457677003479454,0.006994116519993543,0.020600366815727744,0.002347706776467229,0.007211147575572896,0.022640199822609064,0.007049621597710665,-0.011161906458728332,-0.057164398294347996,-0.00834819744099663,0.048147939806305495,-0.0022898578444915385,0.03613759650534021,-0.002150739598807516,0.04868745023547211,-9.559072817350023e-05,-0.0008596312280204632,0.0,-4.62063409572e-05,0.050469433667374,0.0,0.03527566021847639,0.04225754453050945,0.04101563633591043,0.023160443639644646,0.04463117109995862,0.0015748042685469477,0.07512912206269007,-0.002600802059216256,0.03925926632444854,3.25101858920096e-05,0.0002070637737852099,0.00033444090605611043,0.0,0.0,0.044170368471656896,0.004516253737738729,0.0,-0.0012320494050689912,0.03003962246117764,0.0,0.000146708527422712,0.0021481738409291906,0.027535377490792268,0.03306059681749107,0.022876686944391433,0.001591097741864833,0.043150958796899896
0.03522311366833791,0.007065470948182051,-0.0052513898198151,-0.005344298205869569,-0.013326664795854315,0.0,0.0020001864531552505,0.018857715344338666,-0.0050634339976411424,0.005141993511440901,-0.023103511429777568,-0.005105198567409264,0.010481339189185646,-0.018598211162179246,0.008828079626285679,0.016319317790842836,0.006419115248088136,0.01980596643730137,-0.00154244631746564,-0.009602098863884523,0.006636543016270202,0.004295907855311087,0.0035391607998975227,-0.012262612322275102,0.012912015214592787,0.007638265959706125,0.0034175293006503127,0.021351381215620524,-0.03717461697519797,0.01456482374487622,0.01856195138343003,0.009104124234012578,0.017973297954682,0.017298708249950556,0.008554672844286959,0.01826060909814059,-0.002580081367810405,-0.007096451237686707,0.03947643484405322,0.057264414902336525,0.03684281813223078,0.02025122218220121,0.03062359720020147,0.005903096548361131,-0.001229691926674381,0.0012122066087277283,0.029175471013064003,0.03368014058321933,0.0,0.029373046032204697,0.03831022241694637,0.03586150361008755,0.01413205514605681,0.03323703142439782,0.01113763260158629,0.046694996461272176,0.07218261420133887,0.03043777047664331,0.04172005097454429,0.02361823402266089,0.012981861042047516,5.551115123125783e-17,-0.0019405236431659922,0.03123276243055595,0.019987618207904068,0.03890060096883041,0.024818510216871925,0.019717058938635845,0.0,0.008315590703147968,0.02691618638908544,0.022272745416793027,0.025554536178334142,0.02846785473496466,0.012676802065844317,0.03545105804470572
0.0108309637117463,0.0028049432315160883,0.007668903955094564,-0.007126890208833114,0.00025435890294867036,0.0020001864531552505,0.0,0.017255573063060525,-0.001968799502329699,0.007231736335459649,0.034049119381996895,-0.012435325194845526,-0.004058853439821208,0.005629000888190794,0.010467109823432408,0.003571392100576498,-0.007975723598564244,0.0017197095249731897,0.025095857496664375,-0.002022111452594011,0.022342840500462036,0.00914596034303361,0.012897423283556864,-0.019459605516125744,0.008960821410588904,0.013302215267359307,-0.0002760794142613321,0.0054454187163971435,0.009125264156073454,-0.0036026289750931695,0.018393339048072055,0.02139194795538818,-0.007780818867012318,0.016592083920440814,0.010141033225200324,0.019589475914451426,-0.011080238040200807,-0.011760477990506502,0.02448758663973649,0.0009231686185785515,0.03488833140144176,0.002355565551874994,0.03397469059307662,0.09203133028611704,-0.0006151706627656739,-9.19982244257378e-06,0.013202314067236542,0.026309074978274505,0.0,0.02154523594308355,0.03739805277661812,0.030893203777283107,0.0038709624509348783,0.02766476636947013,-0.0010468107632747303,0.0482021455700225,0.001539987847825608,0.030589241563505842,0.04082563571446224,0.03194462632197609,0.002539229355632888,1.1102230246251565e-16,0.00014280291108298426,0.015320580914647497,0.011112521237857054,0.001615358762568908,0.03474551668846548,0.02379878177250261,-0.002103830144132346,0.0035915398235062956,0.03551640088621749,0.01623257812362744,0.026235364399806338,0.024207049654576207,0.01846040669602289,0.028716818625897034
0.008258155672627499,0.024042817991427268,0.005732091953290497,-0.008110751442114872,0.02014685810232203,0.018857715344338666,0.017255573063060525,0.0,0.015243017962714767,0.013835083903130652,-0.0011357710852254455,-0.011758023705265075,0.01620924162085008,-0.02662199413430999,0.013009370967705158,0.005928934941094477,0.006249405210310477,0.008946768291504592,0.01538308133270666,-0.012984527362401577,-0.005411848569963296,0.009371170160317244,0.005006770027548624,-0.005440036031400142,0.002640392515429024,-0.0009258778120356803,0.00035924677396942384,0.01678418925480929,0.014893467549994155,0.013280384433965065,0.010845955417173259,-0.00018570627661396166,-9.551737495339108e-06,0.018934013058105825,0.007037531788555873,-0.0038488099928296604,0.05058191692064057,0.004624279643581031,0.013762553090478968,-0.00020508178660882947,-0.004966946563017327,0.0012255831792944427,0.03593859742240313,8.87952812955728e-06,-0.0001972747186714252,0.0010681864504978322,-0.011948957015364303,0.03327299462753841,0.0,0.039134664434580135,0.02971505325564816,0.016504032684015568,-0.01314557241890224,0.03771160074068558,-0.00033409318916943764,0.03949689323513672,-1.1102230246251565e-16,0.011475459018831069,0.035139019509996705,0.00941793613837516,0.006410051927307647,0.0,-9.099495522413292e-06,0.029404803563583548,0.014751026970058312,-0.028220890324666625,0.0030621163661618267,0.0025315464894334894,-0.00014976830675950126,0.003886246050922748,0.013439802972568249,0.0056011244655133074,0.012425158359561594,0.01173993526413225,0.0048974419402156855,0.01977402996544375
0.0032039690925966813,0.004657190797523247,0.02149828156395195,-0.005174624398487648,-0.004569431403472601,-0.0050634339976411424,-0.001968799502329699,0.015243017962714767,0.0,0.017164665629033515,-0.001151901924645371,0.003002991506089736,0.029200035036908878,-0.002511506103487715,0.0012008359436808114,0.03622970536204617,-0.006613893186414199,0.006526774061828333,-0.008481466589320585,-0.010568151634392675,0.009042683686454278,0.02393097629538049,-0.001961872794472519,0.00027065943791076963,0.0371612892729567,0.039264651690264274,0.005413511598235721,0.02414581324781917,0.0034874086777177404,0.007608539675689363,0.01858623787731173,0.004470059772396839,-0.009276906884672864,0.017279637442741858,0.020819084195457194,0.013834328246114858,0.00460499984100915,0.0026583118452950805,0.0387774132413542,-0.013375780237025237,0.026540640542482064,0.002915861237913764,0.035276116407950975,-0.0012789293912267574,0.0004982498122459433,0.0,0.0010610275227232457,0.05129677026992807,0.0012593802892266193,0.02414166695376352,0.036524865221604585,0.029854695819548138,0.03229302871322037,0.03015784585267811,-0.08093366424134235,0.06141226806404426,0.010632717736762665,0.027188388488397552,0.034778556102176617,0.003217324953177725,0.0007322859829277384,5.551115123125783e-17,0.0,0.02339627201385963,0.0070957489155149545,-0.0007706866046381933,-0.0039040248287414148,0.0194798377372829,0.0008851511035571913,0.00013947489666821244,0.005520779414126986,0.020236125530192828,0.026790308198672563,0.008443736463690898,0.003835705199418449,0.02947497717911962
0.00508756651672887,-0.010269654248257654,0.009164001372140573,0.012765951206131054,0.00967915956470794,0.005141993511440901,0.007231736335459649,0.013835083903130652,0.017164665629033515,0.0,0.03280056481931326,0.016719548010038165,0.004840038473313102,0.039267869374220055,0.0006953758925012932,0.00500895737447854,0.018196377903892502,0.0013338873577274368,0.02484403279919095,0.034546894440968756,0.011014524661181857,0.04251647978200984,0.010431401643969107,-0.008613593060237623,0.0032934025691501723,0.017374577737731822,0.01632871483384074,0.003920915475859599,0.008058947666479799,-0.03245783483119524,-0.004739458333610502,-0.017077727496895068,0.014368309844702276,0.014017595855599196,-0.015362991359170741,0.009489051098084011,-0.015819073770652836,-0.009976747736438196,-0.025691426708796483,-0.038892798278437335,-0.05887424233693028,-0.11959703899088814,-0.03622918978035705,-0.06645937060691068,-0.032603447363561244,0.025063205591410342,0.08088716067448543,0.0009326276467989114,-1.1102230246251565e-16,1.6653345369377348e-16,0.02548804341189126,0.010294556502656704,0.0009696745222238512,0.045622230163531285,0.026135850514261594,0.0019329528963905052,0.02557017156153929,0.032027073843781506,0.0,-0.00047610423050531425,0.05098870934290989,0.04125701778068053,0.046235890316805806,-0.00044183100674577425,-0.00015804237123867582,0.00043001325566166537,0.002501842975728641,0.014996363224611065,0.02324316311917346,0.04463229612585623,0.03853876252196564,0.01306301728515702,-0.046530128245696356,0.002556246910652038,-1.1102230246251565e-16,0.0510907025109778
-0.00045931175645963496,0.0005278354237348015,-0.03385069644530603,0.015182182532469779,0.021582149974912757,-0.023103511429777568,0.034049119381996895,-0.0011357710852254455,-0.001151901924645371,0.03280056481931326,0.0,0.018368972827366936,0.034768924665375955,0.006889296000583689,0.0,-0.00339403522995102,0.004874498561189267,0.008351775727422461,0.00509068225396847,-4.848459401657346e-05,0.006078874373245169,0.0001612680485542084,-0.025013141561455177,-0.031161278531446623,0.010812451444843107,0.014494567346762022,-0.013999312331052949,0.046478417343756184,0.0030712235947695232,0.0230782244194479,0.039210384185530356,0.01264973823783866,-0.017211474733356102,0.0376330732000183,0.03235436868394942,0.010381898867297956,0.07209965610488761,0.016462603850981472,-0.007457035692640057,-0.0013760859558700766,-0.01873655534162172,0.001312856423775377,0.020903061427663072,-0.0001307032873707481,-9.103840462937329e-05,0.0,5.551115123125783e-17,0.08451874706479784,8.509114760296699e-05,0.0005834795314155206,0.01669764615073377,0.007331532719674683,0.017660581905533157,0.05045540648353203,0.0010755923694509284,0.003058714947147212,0.008934509507670496,0.0122420366102316,0.04181448356927214,0.0011365113151346473,0.0,0.0,0.0,0.08921201200584367,-0.00023064417146018146,0.0,-0.0016072073158546751,0.01294554476951637,0.0,0.0,0.024297488050199545,0.009177600519846285,0.00880844533755315,0.004715146439380369,0.0007459985405465774,0.037212180581903676
-0.013555711771902512,-0.006372475772479347,-0.0025636239952948614,-0.07008033300140942,0.0006885169139173031,-0.005105198567409264,-0.012435325194845526,-0.011758023705265075,0.003002991506089736,0.016719548010038165,0.018368972827366936,0.0,-0.005610374855373967,-0.009832572035191445,0.00040302483842091785,0.02008743309032618,0.0309788109749769,0.016976490999231098,-5.115536855915259e-05,0.022452930474666732,0.014043276403950367,0.005258349187881706,-0.026436275025303102,-0.0070924263708880275,0.0164874990684582,-0.006067023269978211,-0.007872305672800228,-0.0198090491862134,-0.0015486848102982398,0.0019570204522582624,-0.010516735736465777,-0.02394899821604124,0.004414497924658756,-0.02280909007260301,-0.036029630901741994,-0.02197743189355361,-0.03253455437196395,-0.023946343635066897,-0.033464406773710376,-0.07180391062146851,-0.10574844491549565,-0.09155417667694626,-0.008331983166396828,0.012125162740777073,-0.08640165711212305,0.04417167144633405,0.0016414342938252946,0.0006319321153128721,0.0,-0.03882531462355515,-0.015993587817986044,-0.10875182370374797,0.0,-0.0672937671774736,0.02982235848566972,-0.0422149490331547,0.04627560333471509,-0.07256095369755755,0.0,0.0006210581179566521,0.042858909073082985,0.0532102826453793,0.05901292519523432,0.0,-0.0007046289696129859,0.00017738998345490087,0.022992728889202285,-0.013177309063376275,0.033108700481996156,0.052651180981044876,0.05003926373362699,-0.04141562904462587,-0.10617109707718098,-0.04740321927536767,0.0,-0.029559594005394596
0.042074326743864965,0.016831932911785474,0.005833711867919922,-0.0016122990545169857,-0.0009520636710100838,0.010481339189185646,-0.004058853439821208,0.01620924162085008,0.029200035036908878,0.004840038473313102,0.034768924665375955,-0.005610374855373967,0.0,0.020664641355105928,0.021946055093261085,0.004950004328012014,-0.0008030280040146054,0.007011425370796909,0.02599891369070051,4.785008273772151e-05,0.014751573906908233,0.008176733538501124,0.008899900097118718,-0.0038072898443347603,0.01597903827981728,0.016231081414654402,0.0016003979393471868,0.004107985805446801,0.01458387272367273,-0.019152941962463366,0.012307054506050186,0.015614567725484307,-0.007604606096889344,0.022594754465195543,0.013231066647848955,0.04288609299916846,0.016594074201139952,-0.010175824756318841,0.05006745874387453,-0.024656690261003922,0.04122146988940156,-0.10408768134208157,0.03021598267445519,0.040491593744857,-1.7237424769722676e-05,-0.0005271778655858705,0.026730900001833924,0.032379272821100535,0.0,0.02879285427020306,0.03164250720268491,0.02925117581803438,0.01143290395221902,0.030212223327363286,0.02618590164479584,0.0553633316531858,-0.006018685469013685,0.02813192870871306,0.08152113075629419,0.031606248775346346,0.013021247976210182,0.0020903212125503168,0.003885555209842295,0.027478726917888108,0.016256813889037436,0.03210774917849457,0.02884436350530345,0.017447591486003167,-0.001369496382902513,0.021696413243776858,0.027429275613474857,0.014472953623827056,0.023870416078983547,0.025190664181315714,0.014227397818861731,0.027036900968091637
0.0036332371266710184,0.0,-0.011551022772858022,0.029950336794936305,0.0007154117561116724,-0.018598211162179246,0.005629000888190794,-0.02662199413430999,-0.002511506103487715,0.039267869374220055,0.006889296000583689,-0.009832572035191445,0.020664641355105928,0.0,-6.599673471163747e-06,0.0,0.0,0.0,-0.0054000194808618285,0.0016599390690654747,0.004730733115781149,0.003292311232131362,-0.017770719484281605,0.006153158614778498,-8.306595196466704e-05,0.005369171561630859,-0.020058271085764245,0.007197100273537482,0.0063508370366121,-0.00048400803396925207,0.027522772781414684,-0.07201805009799062,-0.0008475847409609716,0.023322323220848484,-0.02752005618455544,-0.02249723419861488,-0.01372276539877676,0.0032830625532234703,-0.0038805685208962992,0.0,-0.0021535802123083814,0.0,-0.0006599231727332788,0.0,0.0,0.0,0.0,0.001817106175150296,0.0,0.0010930236433304708,0.008810077122456628,0.0015451342526102696,-0.0029247276679637,0.00490732564211549,0.0,0.00825197407760786,-0.000454383803632219,-0.0013642250971248604,-0.0009726777173804102,-5.551115123125783e-17,0.0,0.0,0.0,0.003517982822080712,3.864782860918403e-05,0.0,0.0,-0.03145382946534475,0.000309590382094882,0.0,0.0,-0.000714503045959658,0.0016042177051650008,0.0013461698298011249,0.0,-5.551115123125783e-17
0.013407737297101985,0.01155926858496209,-0.0005741856465033002,0.001286099100132887,0.0015574142829032356,0.008828079626285679,0.010467109823432408,0.013009370967705158,0.0012008359436808114,0.0006953758925012932,0.0,0.00040302483842091785,0.021946055093261085,-6.599673471163747e-06,0.0,0.014642764312672474,0.004217473198644794,0.023046162057215602,0.0,0.015144879858458915,0.006998113292366714,0.04250491785569532,-0.0016892983069181078,-0.008102721452939998,0.01919267633697913,3.47644919082013e-05,-0.005624849116025621,0.0059732340084777125,-0.01401995907257747,-0.011189141294763727,0.014745301809419686,0.00021943048560063572,0.0380575787221234,0.021767001665643104,0.019161597858320834,-0.03336874556189001,0.004021868241586568,0.00044458074048930873,0.018013027563645645,0.025046764402539556,0.02693212251925653,0.02317011405069247,0.04227307018589932,0.0005174668660171688,-0.0026791572245682405,0.004094513312609405,0.030456221057567068,0.0013201285570551002,0.0,0.0,0.02729296993698438,-0.0003965375383353509,0.019314600461408538,0.0015647808742080271,-0.00023772543872407903,0.0,-0.00031432887067561754,0.01626170585155584,0.0,0.035636766163721134,0.027297561495109313,-0.0002380928574343688,0.012284170878115841,0.0,0.03389525900500989,0.016068121762298715,0.04015347757378823,0.015388292326829922,-0.0017983492422870007,0.036282082429108076,0.03172120055710226,0.019970758001415623,0.026726766804776814,0.031012190875892964,0.006411832677669926,0.03010306461141643
0.015073738064320996,-0.0007408578377721686,0.003403598861357382,0.0,0.004900031425170648,0.016319317790842836,0.003571392100576498,0.005928934941094477,0.03622970536204617,0.00500895737447854,-0.00339403522995102,0.02008743309032618,0.004950004328012014,0.0,0.014642764312672474,0.0,0.0018090741276602929,-0.02149446439858993,-0.0007317682089908462,-0.006224093452801616,0.01478515443619599,-0.0068517702970628536,0.015905198705300883,0.007857597114579062,0.007998692796013007,0.014098769633678176,0.013796754589938398,-0.002554086179740178,-0.0014001936068528398,-0.012788993769024648,0.008062374339966483,-0.0060953723126961346,-0.004038706915975021,0.01605079537208398,0.004545126658421272,-0.03742511756612493,-0.0004608603085687335,-0.0030155286303442663,0.027008825545113857,0.034383142831851454,0.029699222755821375,0.02452234695862282,0.0013725655815461923,0.0,0.0,0.021022798061611336,0.03857743163051924,0.0,0.0,0.0,0.0036443361474103875,0.00012233712186859869,0.00432012263345366,0.0,0.017937902173805587,0.0,0.037358677358938,0.027828810405824633,0.0,0.0221025359669767,0.03446202189714953,0.010646244211729106,0.03851692152238967,0.0,0.022678880226141174,0.01761340341033063,0.019738938471206335,0.0051708233416391525,0.009960461526789477,0.030515546141630268,0.034496233464773485,0.011140644946227962,0.03881752919515269,0.03689124135178412,-0.0001223536366322664,0.01760533021852856
0.009867462169555918,0.027665299101763963,0.0016328196079353763,-6.227220140703205e-05,1.5035502129612244e-05,0.006419115248088136,-0.007975723598564244,0.006249405210310477,-0.006613893186414199,0.018196377903892502,0.004874498561189267,0.0309788109749769,-0.0008030280040146054,0.0,0.004217473198644794,0.0018090741276602929,0.0,-0.01088993475755029,0.0019698921007779147,0.006504935617681895,0.013587631425976576,0.012145112194457075,0.002291552520776008,0.00947196195725214,-0.00038266817444659873,0.014782305641521942,-0.0019670503294043074,0.001584559634579874,0.008317147337628505,0.0028462978465813027,0.0049603628496925345,0.023926719920059014,0.0360191603408781,0.025681348918402735,0.03223157032834695,-0.012014949813968001,0.0005234835516004233,0.02133658470976224,0.09352333268560259,0.0008498636579892249,0.025262777337231423,0.0034418075912795443,0.0,0.0,0.009061603013107988,0.012058295449353384,0.035923557931181016,0.0,0.0,1.6653345369377348e-16,0.02845603151566578,-0.00012574291875599997,0.0,0.0,0.023429401407966843,0.00022315992671956275,0.02206782079474512,0.001069857339634328,0.0,0.0,0.038627780324753835,0.027639134833649437,0.041547245426009516,0.0,-0.00011236433323535966,-5.551115123125783e-17,0.0026638115585119193,0.0022736525912354644,0.05304492605115352,0.037961251034224486,0.028146700051316365,0.0,0.0017194188409959676,0.0009351101372115367,0.0,0.04964490891286799
0.005330362470116645,0.007440563803519262,0.0005851818954937249,0.0,0.009448734202294029,0.01980596643730137,0.0017197095249731897,0.008946768291504592,0.006526774061828333,0.0013338873577274368,0.008351775727422461,0.016976490999231098,0.007011425370796909,0.0,0.023046162057215602,-0.02149446439858993,-0.01088993475755029,0.0,-0.0012639910490256923,0.003175878738496285,0.011639416292662463,0.010730349307831177,0.02125091228631476,0.011180665595852846,-0.0002485431213700706,0.011026824152827741,0.023323526358454305,0.005852816070542943,0.007958519244443574,-0.0034416418431889584,0.013680714909164615,0.011787615185970712,0.017495059255844048,0.024148619697481555,0.02449597197873893,0.018501605931235954,0.0,0.032308666184094836,0.03134357795064696,0.02063929191660835,0.0354430886694409,0.02749789806254438,5.551115123125783e-17,0.0,0.002517264393848029,0.028065044110262505,0.041374794875224774,0.0,0.0,0.0,0.00740327357880427,-0.0009044665331865986,-9.443673693265708e-06,0.0,0.024415669638887083,0.0,0.02421813630218239,0.004617691894544251,0.0,0.014688709647266096,0.03445477523020973,0.03900275163953498,0.03219014477693344,0.0,0.031991555534989835,0.024000358642033093,0.02819587207391583,0.0449878265576113,0.03465196478427918,0.029260913609042094,0.021599038179344332,0.01813098066962887,0.0017981472828890177,0.0285767565048457,0.0,0.02747031080312401
0.0,0.0010340210540392691,-0.004696990102464882,-0.012267287001023308,0.023954570867467828,-0.00154244631746564,0.025095857496664375,0.01538308133270666,-0.008481466589320585,0.02484403279919095,0.00509068225396847,-5.115536855915259e-05,0.02599891369070051,-0.0054000194808618285,0.0,-0.0007317682089908462,0.0019698921007779147,-0.0012639910490256923,0.0,-0.0014526709482509115,0.0011666884959321,0.003494711976640752,0.0033375053817629174,-0.0032081396655331273,0.004196761637096924,0.005446254532184169,-0.004372030768720947,0.03492486381973253,0.0018589043604082534,0.007130772131453356,0.030440546133580493,0.0008901852541502442,-0.037961155600165,0.026088677075873035,0.009329257945500047,-0.01789594076018486,0.011224350356017543,-0.00569734979510178,0.006056104481038493,0.00024288562397384306,0.00882972564061868,0.001433139886924839,0.023684515150798224,5.551115123125783e-17,-1.6653345369377348e-16,0.0,5.551115123125783e-17,0.113173465004623,0.0,0.015524872333301132,0.03125104890687269,0.027671057351819406,0.02019955304384391,0.020560548954787206,0.0007628919253684918,0.14057005539012307,0.0008091762587784657,0.017917339755724626,0.010588295342961074,-0.0004851363014475307,0.0,0.0,0.0,0.03810622953017484,-0.0010247471877871117,0.0,-0.0008416036351126532,0.016682848394526273,0.0,0.0,0.002742154658836926,0.022814377808571762,0.014166918579705867,-0.00020330350631647676,0.001783368985532885,0.007404398235348553
0.007627678638311652,-0.007296470144213585,0.007426880671933922,0.0024499490546785463,-0.0257661000419388,-0.009602098863884523,-0.002022111452594011,-0.012984527362401577,-0.010568151634392675,0.034546894440968756,-4.848459401657346e-05,0.022452930474666732,4.785008273772151e-05,0.0016599390690654747,0.015144879858458915,-0.006224093452801616,0.006504935617681895,0.003175878738496285,-0.0014526709482509115,0.0,-0.01005890624109923,-0.0020576916579722604,-0.038036898346149206,0.01715941548887384,0.011150553930412255,-0.0051967709628741865,-0.03386885311335963,-0.0010182998676773192,-0.011395237715320028,-0.007263343913960774,-0.008228012142389218,-0.024110387252095244,0.009940189189406368,0.004326806183687082,-0.0005065580840556971,-0.006659584815640329,-0.026795302011301703,-0.0048784340936265935,0.024089964883609316,0.04121765340156375,0.019756285195815404,0.017436221077334335,-0.054066256361022025,0.00042502577826442067,0.00029345756882243057,0.04211527380204394,0.023145372978482237,0.003099170650823324,0.0,0.0014187618626105292,0.013570186314857235,0.00734209545218556,0.016253584229447948,0.0036814408639234686,0.001106514116344548,-0.00180098943354845,-0.00030269290455642306,0.014558495528759707,0.0,0.024850501840726458,0.03326809249430185,0.00043765185603927836,0.028153310109257867,0.0005002671789445245,0.017620391441125316,0.005409206095643382,0.02735795519131312,0.008132268098620499,-0.002260462957362097,0.023448381111028982,0.02955719113226718,0.0086640555602287,0.01363182057807022,0.018646388701526573,0.004098228512770308,0.02301996632161063
0.04751628854398693,0.019780165493714752,0.003623119724342483,0.00016847631577521227,0.004286379439879695,0.006636543016270202,0.022342840500462036,-0.005411848569963296,0.009042683686454278,0.011014524661181857,0.006078874373245169,0.014043276403950367,0.014751573906908233,0.004730733115781149,0.006998113292366714,0.01478515443619599,0.013587631425976576,0.011639416292662463,0.0011666884959321,-0.01005890624109923,0.0,0.006222701518100393,0.004620255650719773,0.010470301026404727,0.0037056240892852643,0.015098882164632732,-0.010948245792655298,0.008840717823952626,-0.0011864276879645086,-0.00017661392099904694,0.004478725350771096,-0.003913331466011638,0.03508942488894462,0.015382922886981565,0.015001873940683363,0.042450950409808674,-0.0007229006135657245,0.01809749516575243,-0.00572465696861213,-0.011212092595382028,0.002720398648193678,0.007494914419010401,-9.197631675283979e-05,0.0,-0.0002793663919185563,0.00538008552649849,0.027047285596025095,0.0016446092374753363,0.0,-0.00015206799337813548,0.026475659507003924,0.00647988082457196,-0.016313540445053787,0.0009028067370128179,-0.001223559263145324,0.0,5.670866643658901e-06,0.015535601678827227,0.0,0.01452263832234646,-0.0008279616488112707,0.0,0.003936179356215652,0.0,0.012359205931136097,-0.01840248428086083,0.027781759927937744,-0.002149601575151039,-0.003831243491205838,0.013143755976212756,0.02535987387666966,-0.002260543957406158,0.025568575432176943,0.01627811157842346,0.017080227212569965,0.010687508296042258
0.02257209410182398,-0.012027938318912301,0.007166315868707862,0.003207917653268666,0.017250561513464657,0.004295907855311087,0.00914596034303361,0.009371170160317244,0.02393097629538049,0.04251647978200984,0.0001612680485542084,0.005258349187881706,0.008176733538501124,0.003292311232131362,0.04250491785569532,-0.0068517702970628536,0.012145112194457075,0.010730349307831177,0.003494711976640752,-0.0020576916579722604,0.006222701518100393,0.0,-0.00014079800382771346,0.036119731151320944,0.0022861693515269232,0.006059295911605089,-0.024729778357998777,0.0021245468731847517,-0.005542986608296774,-0.015485941578461504,0.011986776367895302,-0.01682698311209746,0.008422760722452405,0.00605140418188127,-0.0014026510844175055,0.0034459558558687098,-0.0076670991544159905,-0.0009954685489012571,0.02100306626326348,0.03338902508824049,0.027775884387108873,0.022381930244216752,0.04791474733415435,0.0,0.0023632808546620865,0.025552110718464083,0.020615840361618898,0.0014706897988240875,0.0,7.86338868596359e-05,0.016338877239012506,0.021794091528200055,-0.011680257672721017,0.0012931052193257409,0.0033704080660286184,0.0,0.002067044965219811,0.02763073044008313,0.0,0.026210748195472977,0.021083525582012264,0.006672046338032422,0.029757481107303196,-1.1102230246251565e-16,0.02471161962834989,0.01447304405340466,0.023393259300907576,0.015729982029962897,0.029911929162898254,0.0233143445235362,0.02802753256694468,0.012211819358899423,0.01802890275125979,0.027413598127782213,0.008736536138618911,0.03042649601412256
0.018181321032024245,0.011518273727039063,0.00475374738447415,-0.010988173015598679,0.008632706074621299,0.0035391607998975227,0.012897423283556864,0.005006770027548624,-0.001961872794472519,0.010431401643969107,-0.025013141561455177,-0.026436275025303102,0.008899900097118718,-0.017770719484281605,-0.0016892983069181078,0.015905198705300883,0.002291552520776008,0.02125091228631476,0.0033375053817629174,-0.038036898346149206,0.004620255650719773,-0.00014079800382771346,0.0,0.0010169482728356605,0.007585845079435993,0.005977021665301008,-0.017613134747410775,0.017185162952593702,0.004423605180290335,0.008249425141100497,0.012932524513826538,0.003212034595545754,0.00434946303973438,0.017607149771056818,0.006392744282124163,-0.013653650636208492,0.005591221371882116,-0.011052717051854732,0.02804786317148178,0.03058767373277027,0.019960801546287432,0.003840613975882201,0.020480273060281218,0.028970957274146114,0.07056809785402601,0.003105576529918941,0.02388750698010017,-0.021154167229777032,-4.73464423478287e-05,0.02189536960366567,0.028195914986974713,0.020377665723751104,-0.01382576436534616,0.02259709305368751,0.015440719874871944,0.05714126316780366,0.010479278371325784,0.021615048886024613,0.029922881939542623,0.022188113339323634,0.0418868434208447,0.0010093916778358691,0.006711695948053931,-0.04838451016342865,0.01470205256540763,0.0016077347559131372,0.015431450840824645,0.005849962565871447,0.00109142113676175,0.025919803947302644,0.024256612182324666,0.008188562485437645,0.016928407530987566,0.022135730291595435,0.010418087883173444,0.019902978376453273
-0.0019305183660557335,0.009972808185923054,-0.027228741184685656,-0.00447605491344788,-0.021276195445155355,-0.012262612322275102,-0.019459605516125744,-0.005440036031400142,0.00027065943791076963,-0.008613593060237623,-0.031161278531446623,-0.0070924263708880275,-0.0038072898443347603,0.006153158614778498,-0.008102721452939998,0.007857597114579062,0.00947196195725214,0.011180665595852846,-0.0032081396655331273,0.01715941548887384,0.010470301026404727,0.036119731151320944,0.0010169482728356605,0.0,0.014143176220932252,0.002479792822437432,-0.005107335702030702,-0.007717272254959717,0.012520160132136582,0.003955230855228364,0.00743059749835534,-0.01208436370742938,0.021610242585547057,-0.0004945702414604347,-0.018981965381840937,-0.029880284106984067,-0.01685029813807254,0.01175775556341252,-0.08813147325075077,-0.12078824563863394,-0.04466095739357989,0.04536899082846041,-0.009804013138396128,-0.04244487047195844,-0.052255363253880915,-0.04372247819055014,0.009158356959804714,0.00010155963417474156,0.0,0.0,-0.011308755505810286,-0.061878638460712954,0.0002974593082131216,-0.04927551522247753,-0.02236530925147845,0.037608899422989006,0.03223615028773508,-0.07649280877283571,0.0,-0.001751352079452262,0.03335242603457145,0.048476721884128604,0.03360552252162019,0.0,0.0010080348220864455,-0.004263744285169735,0.0003001617025048531,-0.027715541730273685,0.020182848915337726,0.032630673676864064,0.020611031043367423,-0.007061279178301905,-0.059465553200712784,-0.0024725378285625488,0.0,0.017814112930242265
0.008921630176355888,0.006663026163116315,0.0056134785978386725,0.0,0.016755952561383958,0.012912015214592787,0.008960821410588904,0.002640392515429024,0.0371612892729567,0.0032934025691501723,0.010812451444843107,0.0164874990684582,0.01597903827981728,-8.306595196466704e-05,0.01919267633697913,0.007998692796013007,-0.00038266817444659873,-0.0002485431213700706,0.004196761637096924,0.011150553930412255,0.0037056240892852643,0.0022861693515269232,0.007585845079435993,0.014143176220932252,0.0,0.00545207269184278,0.00210372245984064,0.014990895948078953,0.010721572583571093,0.026824233230159478,0.0186562820746205,0.008620992173266284,0.023945778039181354,0.026240864706234657,0.028224445425788613,0.015129754852735267,-0.0001048894023606417,0.036535099948473426,0.03042406506466766,0.0316830892790248,0.03808250822139303,0.03692580143192514,-0.0008186537876218591,0.0,0.005383455829705175,0.035297928075335494,0.05026826180612193,0.0,0.0,0.0,0.01971610235807164,-0.0007312818486179262,0.005018490492635308,0.00013636129924521345,0.02898018958478943,0.0,0.023444592692620947,0.016045201537702558,0.0,0.030320723093070767,0.04123456225151767,0.0361388830233893,0.034899028118750564,0.0,0.026386226797782797,0.029191350048732134,0.03533159497577365,0.017997235787467925,0.053775245949475525,0.03253678940618243,0.03001637494691256,0.029245737966397067,0.029551994305325235,0.031763220043897755,0.0,0.030694141455151647
0.007938305298621773,-0.001460854201386863,0.020106840263581394,0.002419792651578656,0.02343760132507272,0.007638265959706125,0.013302215267359307,-0.0009258778120356803,0.039264651690264274,0.017374577737731822,0.014494567346762022,-0.006067023269978211,0.016231081414654402,0.005369171561630859,3.47644919082013e-05,0.014098769633678176,0.014782305641521942,0.011026824152827741,0.005446254532184169,-0.0051967709628741865,0.015098882164632732,0.006059295911605089,0.005977021665301008,0.002479792822437432,0.00545207269184278,0.0,-0.0048707475251715815,0.01142089052550993,0.016652505075092305,0.013672423309591453,0.016909972396269957,0.006816162598924702,0.02206948740981285,0.015646646345827575,0.015491586170497396,-0.0961852630445908,0.00047745664053649994,0.022082135869556596,0.02073602910037209,0.018769699286158348,0.02826456570522523,0.016981847223265623,0.0071956353872877354,0.0,0.012619845239600247,0.0205396203161477,0.03660906773140926,0.0017135990078997465,0.0,0.0005597753031255648,0.021814386696402566,0.0031355625076102678,0.02268363482715524,0.0006553403641005318,0.027576489251632252,5.097121736341581e-05,0.02090504821703698,0.005057605427797929,0.0,0.02772746897477807,0.028338167351041332,0.028297553225697047,0.026486324113747073,-5.551115123125783e-17,0.01909485516500914,0.030434437698190875,0.025985892339726924,0.018245397597395963,0.03306063167283502,0.02348751784412234,0.02463870621177494,0.027236536234190256,0.0024003989913211066,0.01900929241608762,5.087945350590317e-05,0.021947624737367222
0.0012579198016542392,-0.017236416702095525,-0.012118970007725105,-0.025940652592157942,-0.00796457229085118,0.0034175293006503127,-0.0002760794142613321,0.00035924677396942384,0.005413511598235721,0.01632871483384074,-0.013999312331052949,-0.007872305672800228,0.0016003979393471868,-0.020058271085764245,-0.005624849116025621,0.013796754589938398,-0.0019670503294043074,0.023323526358454305,-0.004372030768720947,-0.03386885311335963,-0.010948245792655298,-0.024729778357998777,-0.017613134747410775,-0.005107335702030702,0.00210372245984064,-0.0048707475251715815,0.0,0.013573502822971595,-0.01668026442585202,0.00759309048790191,0.0034945227863591444,-0.011393236558439712,0.0017704019149812344,0.007360358265802558,-0.010763012073538414,0.009090847874268448,-0.005636054184740447,-0.0034182607885575034,0.025735148799184482,0.021683837738056155,0.017373096364611706,0.006830819870479177,0.02084615660641248,0.03685818544555336,-0.0008362588891817069,0.0003192120142548327,0.025963698297198468,0.03842980687630493,-1.6653345369377348e-16,0.02165660096143851,0.03225837924741748,0.02992717077870788,0.007049876368141694,0.02596774435406679,0.008399858172140062,0.03639190469832998,0.06265309230667337,0.021401250385859494,0.013652549043409068,0.019419727820023047,0.03565043273918189,8.982200562390741e-05,0.017928538342545652,0.023488719609878417,0.015709622890154318,0.01330858483043068,0.011719366918029994,0.015877241045534896,8.262773249301247e-05,0.011087558953473742,0.029809712409194222,0.011991689776046144,0.019169143862590055,0.021914714076624653,0.013341882177940634,0.022864761245867726
