0.0,0.022218446368408362,0.0030309605409721274,0.0,-0.0001336117119878355,0.003626160763709141,0.007808583462950713,0.04449570325865859,0.0030463749597133827,-0.002775490486347121,-0.0004688448180354965,0.018007743499247386,-0.004541127335494444,0.003720250830145766,-0.004834738953283013,-0.006282972065960624,0.006747046584203442,0.002032503275333719,0.0,0.0015779781845846608,0.022154725620550042,-0.00733895653201988,0.026569795818365105,0.006372311674633202,-0.0004130294341673779,-0.0011730910466812294,0.015720523537801512,0.016657906537467848,0.028675808659119062,0.048076601475786906,0.003224044159577888,0.0038362029881286452,-0.0004182622133016012,0.007998478003265086,0.014738651755366372,0.0006801227071582261,0.0,0.013820150466462788,0.004130356554102543,0.005132489740841906,-0.0004725465999595446,0.0035266185039101172,0.0,0.0,-0.0002529609420038881,-0.02363246824171994,0.0072459396180071245,0.0,0.0,0.0,-0.008612269866327626,0.0,-0.0018374683308576278,0.0,0.0008388381264103906,0.0,-0.003266124171103224,0.0018144441199363648,0.0,-0.011775129548741603,-0.005325631127764241,0.008790097074499736,0.004378659732452328,0.0,-0.06968812540533548,0.027169329458680336,-0.0004347634533496403,-0.006374660859068515,-0.11998662918650713,-0.000880533528469174,0.0006775300578892307,0.013099065896006068,-0.0003398318682492074,-0.01365612267112365,0.0,0.01802941556962162
0.022218446368408362,0.0,0.0005469457849414661,0.0,0.0004816251929212756,0.001715847293110695,0.0044461591560209235,0.06031536438933688,-0.00686354883430812,-0.011758008961440747,0.0005623981501015063,-0.0011933339833249401,-0.0076697222037512836,0.0,0.002002703963603081,0.005582171834607574,-0.003916891865583805,0.002995024670263302,0.0011216829597094358,-0.008797060321440509,0.0072497314882951636,0.007752222004312526,0.02065880025982153,0.00581403017797405,0.020016897580753923,0.0069385432402736535,-0.0033709316879449447,-0.007152737277665522,-0.007079399766683758,0.00845383170521763,0.0018369227500281138,0.004079977415039793,0.038994851370825256,0.007232670514243256,0.011917239074382635,-0.03162131891332842,0.0003666652010299032,-0.0006728226847569907,-0.0014431015722732865,0.0009214660482514958,-0.006686135339981691,-0.004238684615238408,-0.004281568087223353,0.0,4.825603885599827e-05,0.02018495977315371,-0.0009840255449712898,-0.0006738038291400628,0.0,-5.551115123125783e-17,-0.005213754496966316,-0.00747202505699851,0.018899578695048214,-0.001542591102118518,0.00518530305027437,0.0,0.0033573133330931926,-0.012874842425351363,0.0,-0.004605429347458501,-0.0020523225012289426,0.005356341700605782,0.003704698575158427,0.0,0.005326396779758991,0.005332238653322718,-0.0019114083005614124,0.002885008200140038,0.010137746076956666,0.005346617307553092,0.0015020026893369787,0.006907493971130163,0.0050972315687926595,-0.01032564743991915,-0.00023561216863660084,-0.0033807182980244987
0.0030309605409721274,0.0005469457849414661,0.0,0.02941015881905401,0.026036664724490677,0.012026428133218192,0.046104761737291666,0.013701954200593558,0.012223823321665162,0.03873957009649148,0.019530127606881775,0.017280066789948423,0.039865390324348604,0.007211563256041054,-0.0004983125719801862,0.013133762121652626,0.001714025554717169,-0.003974713472926106,0.016157731590975166,-0.0034735845025186673,0.0037854719074217336,0.003049124742225906,0.031917022504570125,0.028408725505067012,0.011767711808225612,0.019221350752185118,0.00025169826713811183,0.04277898038336053,-0.0015825109285233507,0.04286998634042022,0.04181395455370224,0.04083842475927263,0.02875559248524373,0.04092981841951365,0.02971494578979844,0.023029456386854885,0.018334240217287467,0.018579263684930902,0.01347483720114906,6.0182607379499764e-05,0.019663377388921877,0.0009508199124440564,0.009266494293471539,0.0008303853221295898,0.00027945252254163444,0.0,9.521169075904501e-05,-0.004327120169640486,-0.00020932479710705776,0.015639665429296623,0.031668675099146726,0.02514460253474815,0.0255148035124807,0.04842329472244067,0.0023295731259893593,0.09932385340790473,-0.0008484190319177354,0.028308292582088,0.010421736635409462,0.002379535507752939,0.0003670677402408118,0.0,0.0,-0.033257619269346284,-0.0012047069673196686,0.001298245893445682,-0.00266211439374886,0.036149974829931875,0.0,0.0,-0.00043053517781505013,0.04559377088449035,0.0295776097161361,0.03929897123128401,0.0020609861004381447,0.029667942458496688
0.0,0.0,0.02941015881905401,0.0,0.035224344045281686,0.00593339257370723,0.028683066645572963,0.008708076483382732,0.06112503970354244,0.10171713854930065,0.034646078640485856,0.005812131156693934,0.05963602688060804,0.0033055938089845416,0.0013765700371086709,0.0,-7.484877761959607e-05,0.0,0.04155764750712271,0.012440494864583984,0.00015911469948015622,0.005298710900728643,0.04688971871698078,-0.004504711461779665,0.0,0.0025075817561321934,0.03482457461254568,0.06790670727549675,-0.00011246909375473013,0.00014842843699225394,0.03105695236800665,0.13091771893462056,-0.0026834624067022528,0.08836427603528357,0.2111141186938308,0.014836025228718519,0.02140250420451914,0.0015108011419625034,0.00011201657911530383,0.0,-0.0005775845426004844,0.0,0.00042389636842682377,0.0,0.0,0.0,0.0,4.137713422414091e-05,0.0,0.0,-0.000622073439760229,0.0,0.0,-9.686919911022773e-05,0.0,-9.916960715838918e-05,0.0,7.292316378859631e-05,0.0,0.0,0.0,0.0,0.0,0.0,0.0,0.0,0.0,0.0007673722396244198,0.0,0.0,0.0,0.0007107483480492394,-9.494875551974147e-05,0.0007267767122146607,0.0,0.0
-0.0001336117119878355,0.0004816251929212756,0.026036664724490677,0.035224344045281686,0.0,0.016542795482613004,0.03814356717504136,0.02378542141966078,0.021870236971688384,0.022254030927706336,0.040747970977838055,0.006766149561806656,0.04927718361899497,0.034889745967043306,0.0016459049092214517,0.0049722425816894344,0.002572497246014993,0.004481176447358126,0.05639219826890163,0.009409436433023277,0.0043945709721239234,0.06087012761434696,0.02955481710386737,-0.0067648727625103655,0.0030191920521571713,0.03270649824021421,0.00882078692839644,0.031088360035249618,0.012319905069031745,0.007205914743097341,0.040509344189017804,0.023850385723352407,0.03533389978586732,0.037757328580818206,0.018944055221738365,0.02612108852096734,0.00034941791940085176,0.004412845631828699,-0.01482820101078225,-0.0023938021265342835,0.006644080590238355,-0.002339395320158033,-0.002250162697377933,-0.00010185002043111568,-0.0008791594465467067,0.0,-4.177945827321672e-05,0.02335862852846149,0.0,-0.02104431627695219,0.029412710164679723,0.003011580995770924,0.007288461155183945,0.016630167026122966,0.001573513774880797,0.04107165907593169,-0.002657837895720161,0.02134393858887762,1.3347460590007465e-05,0.0002455240784608459,0.0003563401363883001,0.0,0.0,0.010870787841446905,0.00464912248682503,0.0,-0.0010931474959583465,0.02501980856697228,0.0,0.0001473512887820161,0.0022442071413296683,0.035657693531889856,0.013809325957615748,0.011315307299009703,0.0016140099569510458,0.011609899011295388
0.003626160763709141,0.001715847293110695,0.012026428133218192,0.00593339257370723,0.016542795482613004,0.0,0.03320959908626536,0.02807598463701988,0.0005100232240189406,-0.00913081270519256,-0.00574391498760396,0.007866816439572821,0.01613210613478494,0.01787399844162585,0.011977659163227461,0.016187545736854658,-0.03222287761235759,0.0013826409242613247,0.031185719264307687,0.005046206591861668,0.03899353083127899,-0.003169641240085952,0.020752529661960006,0.042401733948364995,0.004961792454513392,0.0035378019460919896,0.005339320593831687,0.014314735922623001,0.002453848036276296,0.0065659864188657435,0.010580956682636311,0.012604882908268333,0.009947495070218748,0.014373468956461966,0.005474863115638551,0.0268775787506213,0.009914443622757951,0.0051947408273061435,0.021767831681741068,-0.0016218420137069645,0.022475040435393834,0.004125736243465905,-0.011104491117785165,0.006110893240939441,0.06103144839226515,0.0012635339748843788,0.00013962017161400775,0.030986477246173982,0.0,0.013526191211418515,0.019894180581659815,0.020806234317198857,0.021782651505940165,0.020793029374516436,-0.0020195284190178686,0.02940262854145337,-0.00237682790242294,0.01906763683156154,-0.010766706370528067,0.005133211772249513,0.0021601338933143754,5.551115123125783e-17,-0.005138844522864394,0.02389630969186407,0.026388544423531723,-0.0006953284067837129,-0.01719269137864582,0.02485138693722333,0.0,0.00927690516869406,-0.00034028390508805684,0.03513757264611517,0.020503071151771524,0.024159037517216042,0.017462453349196716,0.013172023808629363
0.007808583462950713,0.0044461591560209235,0.046104761737291666,0.028683066645572963,0.03814356717504136,0.03320959908626536,0.0,0.045387800507686094,0.050220382702885036,0.016079595411437664,0.06058428732643195,-0.0016408080119359458,0.027298952159397483,0.04250447561772691,0.02262622948611087,0.0191698997546374,0.009257088809327407,0.005921707889601779,0.06878387601714986,0.014669363881424091,0.04652522847503293,0.004769752081984879,0.04134995983182338,0.021225709800845205,0.005622392024480893,0.010606781516117048,0.032398817566033467,0.021216096153920228,0.029689959991645698,0.04869152793695397,0.02134017328236154,0.037173817185219726,0.019656772563056202,0.01707476503691996,0.001725770497156609,0.03796924564930604,0.0333992818634401,0.006691012281284381,0.021482602542280238,0.0009307484200935523,0.03951987455753336,0.030094110107757754,0.02128328584261019,-0.0017843528991769997,-0.0005882809123501365,1.5649908189918627e-06,-0.008782610188533435,0.031059870359842257,0.0,0.01227068574098833,0.0335448643884404,0.035587984575007114,0.03614356164471111,0.02697380303491792,-0.0011723430937117807,0.04334337485172324,0.00154718166663248,0.03352930382280095,0.028799806824939878,0.004977296164816403,0.002608337652533377,1.1102230246251565e-16,0.00016491855755301765,0.04660121634970782,0.0155052987825825,0.0015746667656364455,-0.01548471678981983,0.0388958751231232,-0.002099509609390149,0.003725451825990267,0.013255829582270173,0.044280261996167414,0.035150307579498885,0.02793729710853643,0.005908692754226563,0.02776284608799995
0.04449570325865859,0.06031536438933688,0.013701954200593558,0.008708076483382732,0.02378542141966078,0.02807598463701988,0.045387800507686094,0.0,0.0008949073742753333,0.013803188252009713,0.019419456927343537,0.04297091130575997,0.03539331191381101,0.01712408010750338,0.033173944815944045,0.033166576590241026,0.0063482287803844906,0.021963911536238,0.02160437029247264,0.01233341250745923,0.051107786238687,0.0007312467386534904,0.025272330202309456,0.04043586686045997,0.021113427563543063,0.027055768015039117,0.02940569486788064,0.030414101989187925,0.029812340973547735,0.021477782232401654,0.03843113852305591,0.017466025621030945,0.032288811345274226,0.04494892123498967,0.039064103574332765,0.0048179201854191,0.015935185140114883,0.004804988315920855,0.04618258605202169,-0.0003259114906523086,0.040190287914715905,0.062315788230803304,0.04277087921682843,9.46096068826785e-06,-0.00020102251112974479,0.0009605643326867641,0.0033250267507891063,0.0028082473576919176,0.0,0.006626980278574113,0.015602712263101004,0.023369933598921144,-0.01421696968227637,0.0011719677796109274,-0.00034838416951310514,0.04688261206385619,-1.1102230246251565e-16,0.017623780376061382,0.004002939955524032,0.05671031138247151,0.006438591464994425,0.0,-8.887138802482486e-06,0.03792863232035937,0.04623183550675436,0.0495379662308888,0.03126325384880213,0.027347681495706155,-0.00019792149163250228,0.004026223512291371,0.013330913479611017,0.05027136169399582,0.02606630775944574,0.03240242593625253,0.046712138422739136,0.0185649468908054
0.0030463749597133827,-0.00686354883430812,0.012223823321665162,0.06112503970354244,0.021870236971688384,0.0005100232240189406,0.050220382702885036,0.0008949073742753333,0.0,0.03587461147021309,0.020737590492925617,0.03169651936929879,0.016950689501918748,0.006448559745581672,0.0012770414892331328,-0.007682352696818218,0.013021774444245238,0.012709512948491708,0.012536054755312442,-0.010298677758014019,0.009264586746063452,-0.013761565334177495,0.006848832361342261,0.044219077783214045,0.006365338041190383,0.05240784270782961,-0.00678148787735583,0.04813248391142372,-0.005310289640137078,0.04004931721625349,0.04193069509877939,0.03676156554623511,0.03662067681523612,0.042256005163976706,0.03706024892554427,0.028713093082063768,0.03174129022934208,0.033916550624992936,0.011923728883740159,-0.010466884250626196,0.020643091232244948,0.00295198862283208,0.008457642823430311,-0.0012999564558881516,0.0005911400309702164,0.0,0.0010308238473388798,0.016162466494116567,0.0012829787731480913,0.007471930764150647,0.015771598258986663,0.020272065888550128,0.00985515876585974,0.012294188647397508,0.002847807839678418,0.05000212099762197,-0.0021574044019868066,0.014892250924475436,0.006176643835643869,0.00327451017564534,0.0007195840965625866,5.551115123125783e-17,0.0,0.017225150016981106,0.007320000997646459,-0.0009540169629622119,-0.023393579143828114,0.021655941286653935,0.00090925888702581,0.00014963452055261062,0.005706015352033689,0.026498734022138093,0.019117804436553754,0.019349441874041196,0.003979450781671168,0.026744685643438793
-0.002775490486347121,-0.011758008961440747,0.03873957009649148,0.10171713854930065,0.022254030927706336,-0.00913081270519256,0.016079595411437664,0.013803188252009713,0.03587461147021309,0.0,0.04154018648339031,0.006640997023953599,0.01486697460500086,0.00943309988778962,0.004248742115730841,0.01191522059639566,0.029046228287699094,0.026522795640890107,0.049964779961869765,-0.013199860746050007,0.00573742253556625,-0.004419738252768701,0.026956275007089137,0.014446056388450257,0.015725636542716748,0.003660575725197679,0.03242724723944429,-0.0040064095636421215,-0.01662902548137718,0.0029396459284770637,0.014157647253206451,0.0012634028957878574,-0.0018860902772346866,0.003149344933797593,0.02005355515775481,-0.016270757192118346,-0.017747589388757923,0.0015814579295694298,-0.048300000779242236,-0.01102401582418322,-0.05505921377225853,-0.12698376444972498,-0.023387266678014884,-0.0004959341811116569,-0.0026217214976144154,0.0029209388637038702,-0.013260718309035524,0.0035162059281568236,-1.1102230246251565e-16,1.6653345369377348e-16,0.020714278646964734,0.05737395223640268,0.0009702439158204568,-0.0023821944639305093,-0.002894497226771986,0.0020141608475194306,-0.024564060510625096,0.0017975048428469642,0.0,-0.000508808014263118,-0.005094228956542324,0.012449944803970325,0.016316382941293173,-0.00043639578143667146,-0.00017388724469230565,0.0004248978978226292,0.0037957758380960938,0.015402208802610118,-0.010630496956155422,0.0028363771172957297,-0.003143558342970809,-0.010999002553448378,-0.04225980443613875,-0.07372997860597652,-1.1102230246251565e-16,0.006620109948752673
-0.0004688448180354965,0.0005623981501015063,0.019530127606881775,0.034646078640485856,0.040747970977838055,-0.00574391498760396,0.06058428732643195,0.019419456927343537,0.020737590492925617,0.04154018648339031,0.0,0.026743613096723406,0.06101652237015609,0.023035205093447253,0.0,1.1240392954192657e-05,0.004617406057175755,0.019893190627521484,0.040941443884548734,-5.165937100315432e-05,0.006145109003616367,0.00021006606833506858,0.03465300903221835,0.026849129227891344,0.025509839748209362,0.02076764503877665,0.0018131818885420148,0.06349273774945463,0.0032243323816863456,0.01197557962189344,0.05301632113464255,0.03477800380591928,0.030109637048816862,0.054779200737987754,0.0396220412500391,0.01961819932901432,0.002691508447285995,0.03722075310216866,0.0005132935674349026,-0.0005314799361155753,0.003134816778579852,0.0013248298809499515,0.018951785228034423,-0.0001993670285631577,-9.162179715493934e-05,0.0,5.551115123125783e-17,-0.007805010743812291,9.066292607518012e-05,0.046348627193918024,0.027376244554628948,0.02313466893055338,0.016935505807433804,0.05607531069915822,0.0010277436508894233,0.19906180757187936,0.0021403828361064026,0.02042248797649787,0.026550397844098295,0.0011693908253346263,0.0,0.0,0.0,0.1920971669955024,-0.00015895308812768905,0.0,-0.001631927776699238,0.0326247513103477,0.0,0.0,-1.9889934066985582e-05,0.03035292074706364,0.030052518933597894,0.004761165115395094,0.0007544770326209926,0.012893698151541955
0.018007743499247386,-0.0011933339833249401,0.017280066789948423,0.005812131156693934,0.006766149561806656,0.007866816439572821,-0.0016408080119359458,0.04297091130575997,0.03169651936929879,0.006640997023953599,0.026743613096723406,0.0,0.004060140066827034,-0.025743433635291024,0.00048255638949440405,0.011931769548499671,0.010470743775554014,0.012169291908626811,0.02697629892874004,-0.028269132507037775,0.029278781125860853,-0.03642481943423087,0.023408546343022973,0.0052430551209564635,0.016387832123420265,0.015735968673554257,0.01656437250295706,-0.018397175013859235,0.011665197432982943,0.001927616721466796,0.0061962919802088234,-0.006093450788935195,-0.0350529214881346,-0.034742710706901214,-0.010069258343175236,-0.0018996837037748016,-0.007246576627603973,-0.009639246019189945,-0.016801216972816002,-0.07303572695855154,-0.06958181056560864,0.1168601772820429,0.012324872214367122,0.0008992734809711855,-0.037471168841639035,-0.011116361051260681,0.003991001201175959,0.000626471437134124,0.0,-0.0004296224552534089,-0.0043802341074514195,0.0015137142817043814,0.0,0.0016248096042246196,0.008780269906503824,0.0003846268118855578,-0.009895332622948949,-0.011013545719945894,0.0,0.0006327074329411375,0.007655583818125755,0.005800333398674362,0.013445877433278353,0.0,-0.0007162020953434545,0.00016608765450970564,0.003512562121725682,-0.04617299601864977,-0.016721008439643914,0.0059958909403064475,-0.005450172627293193,-0.004705966727321376,-0.010291396357985538,0.008957388341061912,0.0,0.022747170120461124
-0.004541127335494444,-0.0076697222037512836,0.039865390324348604,0.05963602688060804,0.04927718361899497,0.01613210613478494,0.027298952159397483,0.03539331191381101,0.016950689501918748,0.01486697460500086,0.06101652237015609,0.004060140066827034,0.0,0.05562623196093325,0.010944042977278634,0.00610685526361382,0.005687237864301864,0.0007768386873674427,0.0668883603203872,-0.0028963829634326976,0.03685765347175057,-0.007731090416589315,0.04061694212441569,0.011309300898962982,0.00020554105147180257,0.0024238985074404584,0.017991985535029842,0.002057624001337799,0.003874300546846454,0.00784229292019617,0.009435687487418132,0.038099457438099615,0.01915387406343466,0.015794177009382848,0.021761246249299426,0.04662951250492353,0.04192521781713393,0.012530910851320465,0.013909371593537112,-0.06867213086449075,0.03444803477332292,0.029541476165220182,0.01215810717634791,0.005918332227430656,3.313807311389194e-05,-0.001040878069924478,-0.008417605637682013,0.012828949843978199,0.0,0.01609387674380891,0.026509297609500937,0.02489657025237546,0.018349865227619555,0.02504558660768008,0.009468709743334747,0.04865312029876362,0.0026606211155307813,0.02378249332066018,0.0003526178595462115,-0.015850993064666252,-0.007614813983591873,0.002110079056599712,-0.018719921019109742,0.02329762073009134,0.02493909356343693,0.02515207243329587,-0.017076836453414568,0.026173994818205593,-0.0013750084148830832,-0.0012130750506531007,0.0015315294402688528,0.03359499232353924,0.025270563071574936,0.02650868945655227,0.020801886497560873,0.022621508126736245
0.003720250830145766,0.0,0.007211563256041054,0.0033055938089845416,0.034889745967043306,0.01787399844162585,0.04250447561772691,0.01712408010750338,0.006448559745581672,0.00943309988778962,0.023035205093447253,-0.025743433635291024,0.05562623196093325,0.0,-9.524679044359274e-07,0.0,0.0,0.0,0.024450119358579714,-0.05122236472029401,0.02859092710688793,-0.03343602889094721,0.014690907164522093,0.006437634290121341,-8.850512038544034e-05,0.01675633964586143,0.038258683775668156,0.036475076152174546,0.006481200848757029,-0.00048463391137187894,0.025406514908948963,-0.01663631985896391,-0.0008559325246251248,0.024396622293092696,0.0017883234341395937,0.026198103426248898,0.006919616901974762,0.0033958845817549377,0.027982361094034236,0.0,-0.0021686253650965437,0.0,0.019258961632607874,0.0,0.0,0.0,0.0,-0.014999947191764451,0.0,0.056738003982567786,0.03358939235431463,0.04028292567046582,0.022514594927236398,0.01725247155158305,0.0,0.05354800085302153,-0.00045429184728279504,0.05860992589262265,0.0005862498458524268,-5.551115123125783e-17,0.0,0.0,0.0,0.010749609208808297,1.6761116966468315e-05,0.0,0.0,0.02700983751321684,0.00032986239716042975,0.0,0.0,0.042112547450732785,0.001558112691194491,0.0013102178393012975,0.0,-5.551115123125783e-17
-0.004834738953283013,0.002002703963603081,-0.0004983125719801862,0.0013765700371086709,0.0016459049092214517,0.011977659163227461,0.02262622948611087,0.033173944815944045,0.0012770414892331328,0.004248742115730841,0.0,0.00048255638949440405,0.010944042977278634,-9.524679044359274e-07,0.0,0.004990647127572023,-0.021691606228915583,-0.0052576524150526605,0.0,0.012729582364539194,0.015559433320294802,0.03589573168646021,-0.008210811112656091,-0.006212615904115981,-0.004477642485179456,0.013858978257617283,0.01905640480127102,0.011267426947245973,0.012871618439876109,-0.047248550602274286,-0.0008155480990097996,-0.0089038478825052,0.008709004237702933,-0.0009245350326093638,-0.0004426425284969615,0.0037924147596790636,0.018307310406375565,0.0005590858082164529,0.014427428770977302,0.013430496633065836,0.021835602571889712,0.014654357725098821,0.05986154957070161,0.0005513506579905014,-0.0027141177184767384,0.004043179700052968,0.0016879470610451364,0.0014195261008571602,0.0,0.0,0.01489847367984104,-0.00039065404844951246,0.035077870658515586,0.0016333068267450068,-0.0002396414179740014,0.0,-0.0002905832740344727,0.012641081691455502,0.0,0.0230781581823033,0.0005315743910543347,-0.00022671111618904893,-0.002990018810322792,0.0,0.027798261234697585,0.014594347050793932,0.0028181267245255825,0.04154905680771448,-0.0018998240098987984,-0.002280227873944163,0.002632333745316573,0.03928401717158153,0.028403853127566825,0.031481078256217654,0.02584087300353516,0.01817222087470005
-0.006282972065960624,0.005582171834607574,0.013133762121652626,0.0,0.0049722425816894344,0.016187545736854658,0.0191698997546374,0.033166576590241026,-0.007682352696818218,0.01191522059639566,1.1240392954192657e-05,0.011931769548499671,0.00610685526361382,0.0,0.004990647127572023,0.0,0.0198656042079583,0.025463130523837363,-0.0007220636292800675,0.024948930772446087,-0.0025059525150674666,0.02636590863358823,0.010113920765598305,0.017782697370141654,-0.0058607070927853,-0.007133937753946662,0.007136197014431855,0.009051542620439945,0.015926967887625654,0.012356000669148992,0.005712427908416251,0.0008420775926414326,0.03126796320228642,0.018315608749562007,0.02499709093264807,0.005853699115740962,-0.0005260871763590469,-0.0030617021337092654,0.002381242150953644,0.006066173815046427,-0.0031099100722304374,0.00012117088320540148,0.0013478139175614468,0.0,0.0,0.011332457275282759,0.001887946476403668,0.0,0.0,0.0,-0.005581550091648124,0.00023153389606206387,0.004401104803856304,0.0,0.02618792780633994,0.0,0.021149424344496404,-0.018386912653167387,0.0,0.009820561494583324,-0.009510397057840625,0.015704377749168774,-0.005589902665048552,0.0,0.0029740676610230943,0.010389969826966772,0.0008845631561268941,0.014782828830179229,0.01754573844544205,-0.0017723079297851108,0.004778633659098697,0.0140007948096596,0.00674975606112499,-0.012843116957353906,-0.00012325469673968303,0.000863867763783388
0.006747046584203442,-0.003916891865583805,0.001714025554717169,-7.484877761959607e-05,0.002572497246014993,-0.03222287761235759,0.009257088809327407,0.0063482287803844906,0.013021774444245238,0.029046228287699094,0.004617406057175755,0.010470743775554014,0.005687237864301864,0.0,-0.021691606228915583,0.0198656042079583,0.0,0.03683381467926866,0.0016555725654396336,0.005518598313019318,0.013808291700282305,0.0005508563685681644,-0.012120875559488042,0.03968207589259348,0.022935067810867904,0.012269188026532929,-0.00919651149109496,0.005217253874102268,0.004602399952820524,0.0029737173307472498,0.009631474460462974,0.021750563769715126,0.018499300770750793,0.021089155739676124,0.03767840215167817,0.0010986998855022079,0.0005685167843155203,-0.008264628115518369,0.020335924688691054,-0.001561649496571338,0.02620656373495034,0.003494836509799537,0.0,0.0,0.0004217710970815247,0.012313975039364267,-0.008383338327150602,0.0,0.0,1.6653345369377348e-16,0.0006308091433764318,-0.00013397658004149493,0.0,0.0,0.009914428402971853,0.0002377724652806168,0.0035091622533930944,0.0011026017169374347,0.0,0.0,0.013786355783901416,0.024129538546332263,0.030153537780469364,0.0,-0.00011972196314868899,-5.551115123125783e-17,-0.005923890805364984,0.002339823892069881,0.013244645793357823,0.025059895276273225,0.01570031017274165,0.0,0.0017611816816459624,-0.0002464993480393307,0.0,0.020686261609373147
0.002032503275333719,0.002995024670263302,-0.003974713472926106,0.0,0.004481176447358126,0.0013826409242613247,0.005921707889601779,0.021963911536238,0.012709512948491708,0.026522795640890107,0.019893190627521484,0.012169291908626811,0.0007768386873674427,0.0,-0.0052576524150526605,0.025463130523837363,0.03683381467926866,0.0,-0.00035248396573628327,0.006464004158883707,-0.01395128262023937,0.0002385928774620849,-0.000628823771517184,0.029680406764269807,0.01767040626835381,0.0021508872880355856,-0.000840542832977631,0.0011182947535371968,0.0012906746048831352,-0.007124307425223131,0.007787208699867543,0.019469873304062357,0.033688137379822625,0.023855067667738317,0.024619298149008706,0.01628471227074474,0.0,0.0011898040753708927,0.010065290330894594,0.019062194694894896,0.016633693502147884,0.015748844999310396,5.551115123125783e-17,0.0,0.00031864988060575916,0.013441892717329706,0.001995567322906955,0.0,0.0,0.0,-0.007864389796138516,-0.0009150172096855091,-5.171888115440559e-06,0.0,0.027549420917428902,0.0,0.02950033380116368,-0.003439078152430497,0.0,0.0017479254864812832,0.0002819035439186046,0.02962133890118329,0.021343513372508893,0.0,0.005996138762834169,0.008735519240073653,0.0032368028283398798,0.0015327862913296353,0.010127556264733273,0.02334009660883063,0.023219205567247048,-0.01187565805793972,-0.002464980823935259,-0.00030859069356575786,0.0,0.024351816127340442
0.0,0.0011216829597094358,0.016157731590975166,0.04155764750712271,0.05639219826890163,0.031185719264307687,0.06878387601714986,0.02160437029247264,0.012536054755312442,0.049964779961869765,0.040941443884548734,0.02697629892874004,0.0668883603203872,0.024450119358579714,0.0,-0.0007220636292800675,0.0016555725654396336,-0.00035248396573628327,0.0,-0.0014504018562619958,0.0010783676707801781,0.003610702262638099,0.006175856865314633,0.034667364436288706,0.016662527865960064,0.028029137288120787,0.003933674861936576,0.06062431812573904,0.0020004790243047244,0.012559387601034644,0.05102555537689535,0.05151466740473143,0.0253652189609736,0.05609956362640722,0.04634867573244772,0.03884351424510951,0.02642790293836078,0.02712360577854206,0.0017536849441441293,0.00028523203031871613,0.010634411772818542,0.0014539250572874751,0.008690874655100767,5.551115123125783e-17,-1.6653345369377348e-16,0.0,5.551115123125783e-17,-0.05364291899434409,0.0,-0.010031239848931506,0.030283012318402358,0.004419869766264295,0.00665538214688699,0.004485285408991846,0.0007446282990016817,0.14039440409580262,0.0008621612165077286,0.014265974503626988,0.0030624775607712706,-0.0004346334939848706,0.0,0.0,0.0,0.03047792329611909,-0.0009674504043107324,0.0,-0.0008968214091272797,0.02215933486555266,0.0,0.0,0.002813760460552761,0.02708398143159174,0.016007471760462244,0.008855968021253768,0.0017982200219338607,0.011732128064556369
0.0015779781845846608,-0.008797060321440509,-0.0034735845025186673,0.012440494864583984,0.009409436433023277,0.005046206591861668,0.014669363881424091,0.01233341250745923,-0.010298677758014019,-0.013199860746050007,-5.165937100315432e-05,-0.028269132507037775,-0.0028963829634326976,-0.05122236472029401,0.012729582364539194,0.024948930772446087,0.005518598313019318,0.006464004158883707,-0.0014504018562619958,0.0,0.0189556563195849,0.005231362743596979,0.033657675126197495,0.047584620354639895,0.0017458392808447631,-0.004966228551607665,0.009793198829324667,0.0021759778373614536,0.009890948648733022,0.02168563791392697,0.011447175406139598,-0.012886245580146338,0.014423703836986324,0.011728599369304038,0.006121114224868995,-0.005438772673764469,-0.0014045403407257906,-0.005071104091502687,0.027050349031967624,0.037593351616357684,0.03609569928737827,0.033403373607624076,0.0367881775772021,0.10984967468615814,0.00033356844174892153,0.006911339197627431,0.005169088402187938,-0.009064676215850387,0.0,0.0015040704548059947,0.03485364919308165,0.014502526437969288,0.03836634288851681,0.003720325626192067,0.012634320075254835,-0.001784191717117356,-0.000300739240131187,0.028223012973336514,0.0,0.023706768551439605,0.0064135304792317105,0.00045806973862738687,0.006860221860595317,0.00056155201266056,0.023855655406919862,0.027878266394063878,-0.004175559915205795,0.04376316819243303,-0.0022584932267991076,0.010516912134150846,2.832851162654082e-05,0.0332689112792906,0.030001720778376095,0.027397677243676533,0.022930244130787925,0.02757276324290553
0.022154725620550042,0.0072497314882951636,0.0037854719074217336,0.00015911469948015622,0.0043945709721239234,0.03899353083127899,0.04652522847503293,0.051107786238687,0.009264586746063452,0.00573742253556625,0.006145109003616367,0.029278781125860853,0.03685765347175057,0.02859092710688793,0.015559433320294802,-0.0025059525150674666,0.013808291700282305,-0.01395128262023937,0.0010783676707801781,0.0189556563195849,0.0,0.013078425892964207,0.029738140870579688,0.0322010842227104,-0.006484782564336933,0.008289809912423451,0.03469043592941101,0.026732842147707603,0.022540176722346927,0.026046800465455655,0.02119471225833225,0.002014858567721989,0.02933320476998058,0.013917123284913402,0.0024193775568271403,0.011611839105668376,-0.0007434503680133209,0.005466410146876488,0.015104638830307104,0.00828341649987474,0.03209925327233659,0.018678609896328968,-0.0001406490414326833,0.0,-0.0002722063913314643,-0.023285798522620527,-0.0026256732329583143,0.0016765697487796105,0.0,-0.00016202542368293216,0.015542427774614731,0.006531032513879376,0.04729591848046355,0.0008915967945125614,-0.0012269886226316529,0.0,-1.8135990209056096e-05,0.021208017923321942,0.0,0.020671962121599163,0.004701544632908228,0.0,-0.008346170923825502,0.0,0.02674422093144535,0.03044061028369338,0.0024098989956439776,0.028395287238522526,-0.004063512371784039,0.009672257513374194,-0.005377644463990694,0.047424695300952946,0.030571351871256425,0.028551801366832608,0.0063957139489386194,0.032095132450491226
-0.00733895653201988,0.007752222004312526,0.003049124742225906,0.005298710900728643,0.06087012761434696,-0.003169641240085952,0.004769752081984879,0.0007312467386534904,-0.013761565334177495,-0.004419738252768701,0.00021006606833506858,-0.03642481943423087,-0.007731090416589315,-0.03343602889094721,0.03589573168646021,0.02636590863358823,0.0005508563685681644,0.0002385928774620849,0.003610702262638099,0.005231362743596979,0.013078425892964207,0.0,0.007618315304251333,-0.019432351845043994,0.001837775702417721,0.008821483643435768,-0.0013932177111968813,-0.010628005735067891,0.000260991484846651,0.00443278237229483,2.3813501225988798e-05,-0.014546022978432327,0.008305899647005233,0.010885686054996235,0.003995015195753071,0.0038235267817497975,-0.0059829322034601895,-0.0009628154797228783,0.006775214485727099,0.0061781679718994065,0.01474617221677238,0.011381674174563261,0.06185552958615104,0.0,0.0024333982375276952,0.00835052446624962,-0.004149584355631952,0.0015871090908529117,0.0,8.900747670176345e-05,-0.011687258851022009,-0.010442908207324852,0.04755262790946946,0.0014542085744492783,0.003367776516903842,0.0,0.0021237677729395443,-0.002251101374471265,0.0,0.004469720316420678,-0.0012154921566017163,0.0068650958637340165,0.0016407862098120618,-1.1102230246251565e-16,0.009902761881013411,0.008986178222430308,-0.007312762272443651,0.02491904931661587,0.0006257363350512524,0.006487822024080658,-0.005173694066021861,0.020990088795527384,0.023655802762458322,0.009648240590149182,-0.003358137714412457,0.014441346448796355
0.026569795818365105,0.02065880025982153,0.031917022504570125,0.04688971871698078,0.02955481710386737,0.020752529661960006,0.04134995983182338,0.025272330202309456,0.006848832361342261,0.026956275007089137,0.03465300903221835,0.023408546343022973,0.04061694212441569,0.014690907164522093,-0.008210811112656091,0.010113920765598305,-0.012120875559488042,-0.000628823771517184,0.006175856865314633,0.033657675126197495,0.029738140870579688,0.007618315304251333,0.0,0.03483929299747379,0.005734378174723498,0.00718328447167027,0.01369851326136895,0.04334233057885034,0.035588181482027414,0.04185941081285294,0.03633382454379308,0.036830674358428905,0.030771883558106894,0.03687994675878492,0.026480574257414236,0.036344585684638164,0.023848975600438083,0.059329440974287884,0.030514995528876265,0.0563432250539358,0.028677608424695022,0.01650615498200092,0.012548883138260136,-0.002688145223534111,-0.005487723365629249,0.003253593704551805,0.006814316172617796,0.06139506053142185,-5.0446693027728085e-05,0.02701329518736617,0.03063511386950002,0.02524959469139465,0.02273522337483702,0.01894779895803178,0.01306532569553609,0.058749566106208906,-0.00026796634158243737,0.026347235762589793,0.020838896128792528,0.024881663891408112,-0.0018034729625396873,0.0010789568086810863,-0.022776541126664607,0.054672862882461204,0.030659568607522114,0.025145999280257625,0.008184857167569226,0.035380903634897765,0.0011139789822562918,-0.00024642158038934436,0.014009782494916856,0.04027185780930298,0.02900041257021624,0.028737931117978344,0.028072174711339937,0.025002094676238706
0.006372311674633202,0.00581403017797405,0.028408725505067012,-0.004504711461779665,-0.0067648727625103655,0.042401733948364995,0.021225709800845205,0.04043586686045997,0.044219077783214045,0.014446056388450257,0.026849129227891344,0.0052430551209564635,0.011309300898962982,0.006437634290121341,-0.006212615904115981,0.017782697370141654,0.03968207589259348,0.029680406764269807,0.034667364436288706,0.047584620354639895,0.0322010842227104,-0.019432351845043994,0.03483929299747379,0.0,0.02106961398935908,0.01734166230720502,0.040351190661918834,-0.0006571800794888394,0.055890349163677355,0.00401945175731927,0.01783629690504962,-0.04914206914987662,0.007909801742755296,-0.0009389988152382345,-0.013447065563953864,0.0020327467208112737,-0.007418448499083186,0.01713455431131844,-0.03844468141169155,-0.023866113345968,-0.08457010007737775,0.005533245790086627,0.023213971464101202,0.002060942029254942,-0.0008872569943071396,0.018869482981208663,0.016877289686503816,-0.013574529118040302,0.0,0.0,-0.001342763815833925,0.0006581413020289029,0.0002852572854461499,0.0009574763760853977,0.007660295608756862,-0.0011571530244708361,-0.03373761836239392,0.003935088818635191,0.0,-0.0017697253967940973,0.0009459473042729982,0.012918897783444072,0.007892387138269619,0.0,0.000980073508307644,0.07585868027625453,0.001622523630110173,-0.0009488676613268465,-0.01629881039367792,-0.009836644657129079,-0.006294292020402215,-0.006995499552867601,0.0013266807709585438,0.0024960931171200684,0.0,0.015529679574296129
-0.0004130294341673779,0.020016897580753923,0.011767711808225612,0.0,0.0030191920521571713,0.004961792454513392,0.005622392024480893,0.021113427563543063,0.006365338041190383,0.015725636542716748,0.025509839748209362,0.016387832123420265,0.00020554105147180257,-8.850512038544034e-05,-0.004477642485179456,-0.0058607070927853,0.022935067810867904,0.01767040626835381,0.016662527865960064,0.0017458392808447631,-0.006484782564336933,0.001837775702417721,0.005734378174723498,0.02106961398935908,0.0,0.003330447991705565,-8.382802231693409e-05,-0.007003186994509358,-0.004327877818647741,0.004773192713324381,0.0032723597094843626,0.02096544018570523,0.01811824155647218,0.015276114427708654,0.01747102196549455,0.01393574506738321,-9.262078732635848e-05,-0.004485112268837965,0.009406737992897318,0.016148878927699117,0.01293367807877116,0.009667778435442143,-0.0008536740775000329,0.0,0.00043035698453425253,0.004883790427541057,0.0007424254932887342,0.0,0.0,0.0,-0.0037020331709870513,-0.0007336490650380334,0.005078067575603862,0.00013200842453325867,0.025702673241363994,0.0,0.012743905088525853,-0.0043883842586913135,0.0,0.009679472002497302,-0.0031606528238322107,0.029646683560108744,0.021309225025872236,0.0,0.005746981345025881,-0.005132022487630783,0.005724204730832572,0.006975069439210835,-0.0027303264868983046,0.02002289850484429,0.018024531292408497,0.00629412188526246,0.009963993887442124,0.0014150750780607124,0.0,0.013784749622039127
-0.0011730910466812294,0.0069385432402736535,0.019221350752185118,0.0025075817561321934,0.03270649824021421,0.0035378019460919896,0.010606781516117048,0.027055768015039117,0.05240784270782961,0.003660575725197679,0.02076764503877665,0.015735968673554257,0.0024238985074404584,0.01675633964586143,0.013858978257617283,-0.007133937753946662,0.012269188026532929,0.0021508872880355856,0.028029137288120787,-0.004966228551607665,0.008289809912423451,0.008821483643435768,0.00718328447167027,0.01734166230720502,0.003330447991705565,0.0,-0.0017084271464958278,-0.005028007493589504,0.0019404009841010872,-0.0440225104405122,-0.005578226650933882,-0.0034189236076664353,-0.0015330376798172174,0.002130006928276973,0.007190522256205978,-0.015015564120127944,0.0005744482951605123,-0.004945715883109991,-0.003414456781720976,-0.002379037292823183,0.0006798684798049459,-0.007812493682053057,-0.007140960997788048,0.0,0.0038809099404226166,0.0022747117389368965,-0.008535062457576847,0.0018495991128722467,0.0,0.0005797376950398836,-0.011076319199107898,-0.011619529626168634,-0.025174686075833508,0.0007422346709423655,0.016904083463263497,4.0422029443487606e-05,0.006316186842079852,-0.011578203463672831,0.0,0.0047036174308044965,-0.009995589764587864,0.02443023456594401,0.014727778563465521,-5.551115123125783e-17,-0.008830001135649301,0.015606268028976855,-0.0017119859601259502,0.0011426906622923338,-0.013708180631477829,0.010232325403630949,-0.0020164867177088763,-0.0017879942565554585,-0.011498642373092005,-0.011218790545819424,4.4786236779614796e-05,0.0010419131071795484
0.015720523537801512,-0.0033709316879449447,0.00025169826713811183,0.03482457461254568,0.00882078692839644,0.005339320593831687,0.032398817566033467,0.02940569486788064,-0.00678148787735583,0.03242724723944429,0.0018131818885420148,0.01656437250295706,0.017991985535029842,0.038258683775668156,0.01905640480127102,0.007136197014431855,-0.00919651149109496,-0.000840542832977631,0.003933674861936576,0.009793198829324667,0.03469043592941101,-0.0013932177111968813,0.01369851326136895,0.040351190661918834,-8.382802231693409e-05,-0.0017084271464958278,0.0,0.030618146126170365,0.010658117750556584,0.026040735747651034,0.026527544974753015,0.021389825602582957,0.02589707732982549,0.02623692118451021,0.013334816627231627,0.02922448150847451,0.01594155275136494,0.03813708994577114,0.025685197051516506,0.040727654324373086,0.029545415264845665,0.02899639722251146,0.008663887141391435,0.0015712066516378465,0.07013604479330632,0.0003515353400699861,0.0008308508065083542,-0.08769906606489802,-1.6653345369377348e-16,0.00877351118275671,0.02524245164540262,0.020556097315478028,0.02510430532696184,0.020072349228798414,0.00741215559045294,0.041142391619631735,0.05851090372013906,0.02210218087766569,0.012893353440932454,0.020081427342097335,-0.00825247567037779,9.389522295716324e-05,-0.010068102877613228,0.028991014553000016,0.022836935780456813,0.025984182332445094,0.0005688458354579096,0.03195904266720928,0.0001539133691371708,0.006624978892305289,0.004217915637619418,0.03758349310037046,0.025268294948116665,0.027945283042739355,0.022270131178055874,0.023820675710863326
