0.0,0.0006481412300012868,0.018803749220433708,0.0,0.00019959697772892193,0.013583424250693199,0.013890697273802377,0.015313865203063104,-0.0018327758555833351,0.003782688491173525,-6.430671273260913e-07,-0.019784283578039963,0.004048718157238618,-0.0037973487444432075,0.020871543646448887,0.029818354390791724,-0.0021472789959971483,0.02752704489130897,0.0,0.020082727560511937,0.03481547712908578,0.004063894633209331,0.01283006986440166,-0.005823894166156474,0.008198109059028125,0.0016381862755248666,0.004473534652448707,-0.004796816548094107,0.009158219628028486,-0.0013006192045968978,0.010296197368349913,0.013054304143576168,0.027666285820337866,0.012329269696470968,0.006411288834841655,0.004026094071658659,0.0,0.002814280708655581,-0.00010177922819559759,-0.011038770060101344,0.005531211366468336,-0.00104139603671205,0.0,0.0,0.007180606494972208,-0.017438030263574766,0.00972330098862606,0.0,0.0,0.0,0.0005538181908052442,0.0,-0.001694467864689686,0.0,0.02868670695879022,0.0,-0.004458318535297934,-0.00018798908479400467,0.0,0.0038134135601815,0.015080884794594074,-0.007229379604327957,0.013391883833075213,0.0,0.05836620418323524,-0.01318520958107361,-0.01175986303379617,-0.00422362786124153,-0.09962375928396874,0.004465445155228398,0.0016422583344928854,-0.005182318087009807,-0.0002715010821447983,0.0026257938631348843,0.0,0.004726801851024698
0.0006481412300012868,0.0,0.0005860134267737238,0.0,0.008147231848902425,0.01564726460989746,0.008067565309749947,0.0019014073779698992,0.03315374466652049,-0.0034104823530194395,0.00017662701250631407,0.020095535475727122,0.012052995597039817,0.0,-0.006597995658832512,0.015805552106394782,-0.013411022989186283,0.03089171995238399,0.001606630198801473,0.020752528528038328,0.030225600389768348,0.02622511751249007,0.002783775001305333,0.0047200671312457865,0.0218856958714867,0.033834778794192555,0.020829713596799804,0.0005825584371534354,0.01090738848698658,-0.0028799990549103205,0.00041053149579872716,-0.006750991928806904,0.005734220830185988,0.0009207218514667437,-0.006681230791727222,-0.03940066381750468,0.0018802378663621555,0.00021405654492778758,0.02033368161722604,0.025754033241184637,0.022434503092890634,0.019855554371891126,0.0036359197236399132,0.0,3.855308460898321e-05,0.011667262131326461,0.026184548903805782,0.0029221921317922894,0.0,-5.551115123125783e-17,0.0023951094711486265,0.007239999551405307,-0.0005351704128297441,-0.0015220164662670954,0.028835701365555966,0.0,0.000377033954561401,0.000551138888560343,0.0,0.00900987232361894,0.02396837926777906,0.03664544762892036,0.03065582931121308,0.0,0.010599018132521953,0.015780690859458935,0.018724471627909856,0.0058111667200436146,0.00905496893351132,0.02370189366468778,0.027044445169032538,-0.0036340297007686484,0.010406066238297929,0.006030514748322058,0.0010344185478209922,0.03166328065167323
0.018803749220433708,0.0005860134267737238,0.0,-0.0346555716157918,0.02186121708033756,0.010503749757588554,0.032890986071158146,0.026902117164735784,0.024303799273353466,0.04564761645296744,-0.012128310218572913,0.04354873914167268,0.04342386006938437,0.01252802289789301,0.026957352163002213,0.0021690683748682438,0.003029953508012939,0.017641094983763095,0.030849284438036806,0.009864024685952266,0.005577327244057129,0.035452666840362856,0.019098244958848987,0.08081365830211851,0.00648030081490969,0.017488532046699312,0.010872841263976585,0.0472277402497282,0.04138646000592133,0.05895689603429527,0.04671702180620679,0.03786804243427938,0.028733814754351772,0.04102291527090207,0.03365203351886775,0.06402290339619743,0.054014072913369626,0.046318500238650195,0.03612151145162146,-0.0028566492296830392,0.04422586425324215,0.02556813955003745,0.06569981833366456,0.0009091395076854525,7.533074365506653e-05,0.0,0.0018314510522887129,0.03968080966513354,-0.00016723537208890304,0.0375798266123033,0.030226685641741025,0.04115085553757236,0.052669712803822155,0.05647560803910756,-0.000943041731855665,-0.1268233648494616,0.0002167611584951712,0.03327204344864354,0.07290289878245204,0.0012221153434727183,0.0002932605738516503,0.0,0.0,-0.08900393693592801,0.010144802314534074,-0.0010388453083345905,0.010462687672988968,0.03576419065472125,0.0,0.0,-0.0018496633039450927,0.043153658152150776,0.050367972648918125,0.02703502990986706,0.03820572913424547,0.03406845212395282
0.0,0.0,-0.0346555716157918,0.0,0.008441602407226412,0.03614808608258013,0.030013613329275213,-0.0051610323460463126,0.01871804139919936,0.07628584393478754,0.007145118346781498,0.0005105079559698522,0.026286331628179005,0.016639290413950625,0.003731674530212503,0.0,-0.0001634954907634989,0.0,0.026440912907148506,0.0018000118544674315,-0.0006940866933234924,-0.00062122186739344,-0.03505042083608023,0.0005822064334216615,0.0,0.0014735465481139354,0.0037569866598483603,-0.0096881858881393,-0.0010504012312275712,0.00011858358508892719,-0.02021880366819906,-0.002752610612555273,-0.005412288492939565,0.030991711166125924,-0.052601900234063415,-0.007502634172572908,0.018320307480349962,0.0008493737396146339,0.000607955132125304,0.0,-0.0004614482719176305,0.0,-0.00039863408788770593,0.0,0.0,0.0,0.0,3.3057337370356876e-05,0.0,0.0,-6.069296253435885e-05,0.0,0.0,-7.73914833838707e-05,0.0,-7.92293430221247e-05,0.0,5.826033321720825e-05,0.0,0.0,0.0,0.0,0.0,0.0,0.0,0.0,0.0,0.0008707344004337259,0.0,0.0,0.0,0.0015174737766974755,-7.585718786390361e-05,-0.00018277460435389692,0.0,0.0
0.00019959697772892193,0.008147231848902425,0.02186121708033756,0.008441602407226412,0.0,0.017821051995001613,0.02677361165458958,0.01730035738957514,0.01458480260877143,0.030926645043840795,0.014430285623574457,0.014809458078784477,0.04653245109730059,0.015125052780002757,0.0012793917423895018,0.013406439094850009,0.02796142773597582,0.03208174482144127,0.02358578272909434,0.009785568256121091,-0.0019159386285829139,0.021004818746479914,0.00901801513623307,0.03162707797848341,-0.006722857829775053,0.01382331239788731,0.0063944927311832545,0.04184297845524443,0.000772879929235526,0.023748541100934106,0.0537140041014843,0.017156867619739502,0.03896220198229461,0.03674509979813623,0.01843150208306954,0.01775754460506701,-0.02558548402549049,0.031808270213652956,0.011929406651483954,0.0034209918124965544,0.02391078322518192,-0.0028177900563428615,0.04482442136482978,-8.137079934844582e-05,0.0013009852079904904,0.0,3.216247003912098e-05,0.037951254259285916,0.0,0.0038594891514456275,0.013004778169550146,0.024139526443414105,0.01901705589638303,0.028476510963124757,-0.0005354019997191317,0.04900410522396215,0.0011864038718950032,0.025322024268431775,0.04105689769429821,0.002083580972656318,-0.0005196453492068431,0.0,0.0,0.02495528746063913,-0.006808790614875604,0.0,0.004660571363365729,0.016814086733784483,0.0,-0.0002432301300629991,0.0014218447353391839,0.01820286533959181,0.03326338909595605,0.01738820503809002,0.0038646198106262464,0.022869050658119727
0.013583424250693199,0.01564726460989746,0.010503749757588554,0.03614808608258013,0.017821051995001613,0.0,0.015045436038301885,0.00018881520431662802,0.018110601958049977,0.049041729796877764,0.029569208289316584,0.01656948174299505,0.004652082491624521,-0.013674545115948844,-0.011711733669619029,0.02433094960034493,0.0388869489194863,0.020159543229274324,0.052831795785449776,0.01603789386409027,0.010937906497113126,0.027531231273584644,0.01804698491390455,-0.01972457983939402,0.01911486370765647,0.03151142312663957,0.0013547487232679623,0.027160185655903835,-0.0066353841757574306,0.030277031584051317,0.022676385482419903,0.0035241987108543538,-0.0021913404284907845,0.02154782179102105,0.012217030535130735,0.024558351043245386,0.020141839988142785,0.040172275583023,0.011162207685357861,0.05372688054916924,-0.012250744328023144,-0.01107016074053696,0.01570504991754662,0.007461514621754206,0.0021064705671539063,-0.03752018902139165,0.019145790844643018,0.023664088866674593,0.0,0.003307171847332979,-0.004644219911143943,0.010140631343485862,0.00900460142107501,0.017615377105989705,0.014870030535534928,0.03253318442884179,0.0021354071939798103,0.006274759498640647,0.037751601127141154,0.016659616089852947,0.020139945075377752,5.551115123125783e-17,0.018758394440187454,0.02394041236240596,0.01274975473939055,0.00819316214988225,0.01649828518347285,-5.029754472885006e-05,0.0,0.019047455933205282,0.02221714595748875,0.005549608873007927,0.010699591751423987,0.00608494125628628,0.0009215418053114544,-0.0058716559295962645
0.013890697273802377,0.008067565309749947,0.032890986071158146,0.030013613329275213,0.02677361165458958,0.015045436038301885,0.0,0.019652733896130425,0.039569358750857986,0.02442667384097258,0.041840383018268035,0.015244424376362697,0.002457785244946553,0.001399046338476817,0.008101293528089804,0.01143770579583031,0.019828443520803707,0.00973968207242365,0.040827399733930125,0.012810521848172551,0.0067524784804114946,0.013283050579679434,0.011920720837980181,0.02563297295376543,0.009742688171291092,0.018615994501893218,0.011464007427113454,0.016664717681688257,0.012230800359362137,0.023076379861744267,0.0176063371355224,0.027018534044535913,0.01937348005963868,0.01783239883349791,-0.01467658844682923,0.02205565411159538,0.0372263023778624,0.026056457858061488,0.019024845551307623,-0.0005002558023886605,-0.01978659599457927,0.028050243340365988,0.03487523777829771,0.00012941874395377972,-0.0007355775178650159,0.00045898757425827386,0.015901513791548694,0.021724491839844373,0.0,0.02347148316834291,0.005841144995047731,0.020345779326323532,0.01714226067620389,0.01803395740137015,0.03271253446392547,0.04287960487129133,-0.07538713752404463,0.018383330603059522,0.0022358549683065276,0.025933468438308183,0.0012694854626955632,1.1102230246251565e-16,0.0002875034041104896,0.02879944079669272,0.010567473256208437,0.004275214198217803,0.020675852476654044,0.0119256077640153,5.616695164895047e-05,0.0038039149974557485,0.018470551208686847,0.013998010748583312,0.020529691476646184,0.015069391916612385,0.016669409565933546,0.017796705563733806
0.015313865203063104,0.0019014073779698992,0.026902117164735784,-0.0051610323460463126,0.01730035738957514,0.00018881520431662802,0.019652733896130425,0.0,0.04969698085678653,0.017297341477611528,0.0055586861720639535,-0.006019091140218091,0.016841996758082622,-0.012018911307824565,-0.019509493402939115,0.010997165595377167,-0.0017740519789675169,-0.006008541471065665,0.027309163830869065,0.015470785049444269,0.01841627228011833,0.018915643519850367,-0.0043229433904314885,-0.004032665459149931,-0.006225486696713578,-0.004367359754818112,0.008419410679250339,0.02527224980827747,0.0012799123694661185,0.020979488663420587,0.02398715584705574,0.014797693563085579,-0.025052859709267905,0.016007853055796883,-0.012309881002221523,0.020309691952422715,0.007397808194669342,0.009453924385220025,0.004316516798246073,0.006487102308304071,-0.008487819293568566,0.0013876024963708211,0.06487028435362996,7.558623263403952e-06,0.00020864792957520084,-0.003166913228106527,-0.0009434394205402041,0.03381486870057926,0.0,0.011875226230745217,-0.0037850410529161604,0.021225153906291316,0.03495843147136746,0.026014895723142528,-0.00040225443139324524,0.051087909113099406,-1.1102230246251565e-16,0.013066261110854016,0.07718790612868842,0.0104220730180839,-0.002010080472014286,0.0,1.2824969275571085e-05,0.03425495085931263,0.011264881532084048,0.019158374021204516,0.012771300132439989,0.027307941833988325,-0.0010371060078825378,0.0037300940000148386,0.019554842415916873,0.010848312504818824,0.019166405582284163,0.020564794369973938,0.00253506601359782,0.003823535423606028
-0.0018327758555833351,0.03315374466652049,0.024303799273353466,0.01871804139919936,0.01458480260877143,0.018110601958049977,0.039569358750857986,0.04969698085678653,0.0,0.046094491629168954,-0.023761825280111115,0.04436570324546518,0.042716922460145634,0.0062255407653101225,-0.0013299878470768856,0.029789840700415682,0.03330500690855531,0.05374353792604558,-0.02611882160623752,0.03402547316851001,0.018991556127701315,0.04591204709558577,0.03541515549036589,0.04202347757772712,0.02494644689415554,0.02050828589899434,0.01804613402016969,0.05032779496462475,0.00462322585352426,0.06984429272989345,0.05409035238476595,0.04014199673472363,0.03637372814904738,0.049161435394833086,0.03896114630375547,0.031170805842403615,0.04255867811009928,0.042536010966057414,0.03485373626280086,0.001777687522567406,0.0156591790472963,0.015563881197732887,0.05758142963347623,0.00042623794761448286,-0.00403789839639479,0.0,0.019377466868164106,0.061142281884190464,0.03214543214540688,0.02845125205565946,0.027393817500467876,0.03704607621947131,0.050182120720599244,0.04217319673253017,2.4934772409945793e-05,0.05422501388221068,0.0013894444433274478,0.032753445072617016,0.07036704871750665,0.0163967097510358,0.03292786082266147,5.551115123125783e-17,0.0,0.0483345393992517,0.01936412048181463,-0.0010605838258715972,0.030533430595912847,0.03839235999091506,-0.0009914178000086094,0.0012845670424199152,0.02586481200553359,0.034099827138352135,0.041188655095240834,0.03434068765513437,0.03352020033086989,0.03430335043625832
0.003782688491173525,-0.0034104823530194395,0.04564761645296744,0.07628584393478754,0.030926645043840795,0.049041729796877764,0.02442667384097258,0.017297341477611528,0.046094491629168954,0.0,0.03908153669419717,-0.006509539612869986,0.011585304537326646,0.09105850359998147,0.002938958430000138,0.02083170781013438,0.01205243292453495,0.00881679186588935,0.03978811649535263,0.007484102661371839,-0.002144618103169238,-0.00989514895229715,0.018086905556812805,0.028058560844948732,-0.02319931000827441,-0.014216948290057208,0.021511803730434098,0.009761053582143908,-0.0011772809805621343,-0.0014360286474816575,0.01674526352908534,0.012891860056712778,0.013074401093547072,-0.002139924665409465,-0.02782013123963506,0.05457293748656633,-0.0030188894608063066,0.014625690407908065,0.0024327010733073418,0.06806394798008841,0.0053601823482003486,-0.05546761632096958,-0.005968400681028052,0.0005269199809331271,0.062384613947032486,0.030626461485227574,0.0014955701167636004,0.0027354272758389753,-1.1102230246251565e-16,1.6653345369377348e-16,0.02281871424133841,-0.0002341496877011906,-0.0008847693416612623,-0.0020453509398389302,0.034279534651367904,0.00019089429170682237,0.029919148214266333,0.012660512631218812,0.0,-0.0027831017454845175,0.029214071416467702,0.03530736600833617,0.02978006339291911,7.065792901811419e-05,-0.002503477239394425,-6.649965190758111e-05,0.000762064854064104,0.024028176331479245,0.027118683069285388,0.02250615425175323,0.010427238144160855,0.022871542632933894,-0.007724779802618487,0.0020353512485183356,-1.1102230246251565e-16,0.052973353733057116
-6.430671273260913e-07,0.00017662701250631407,-0.012128310218572913,0.007145118346781498,0.014430285623574457,0.029569208289316584,0.041840383018268035,0.0055586861720639535,-0.023761825280111115,0.03908153669419717,0.0,0.03697541207619559,0.03396325823341212,-0.025436731591424122,0.0,8.98026093471005e-06,0.012548696735990461,0.035437489709655545,-0.013772490071611132,-4.127210082605082e-05,0.0093469300043727,0.0006916198188181566,0.010717174983032929,0.03632526819793125,0.011801725791108553,0.016796615808996884,0.018172815689541932,0.04424931069586391,-0.002179756079934647,0.04543695274240134,0.049258453496871246,0.04201884597605582,0.03094525702249462,0.04062281818600488,0.024612773169311375,0.0063425744053649535,0.02462323603633232,0.0358047935644667,0.04563749645749271,0.001748723276125852,0.06262976995477842,0.0003568659151803044,0.06944034739080274,-0.0008926286355010471,0.0037625936982360053,0.0,5.551115123125783e-17,-0.08147457968691446,7.243312013860415e-05,0.05443182145019648,0.025294479390008173,0.059859074745636676,0.038079014741148,0.07304335841994009,-0.0022830801987197002,-0.02621118336297107,0.0012083115499529895,0.04601719425682288,0.06723071175181983,0.000427433632600005,0.0,0.0,0.0,-0.0025321133216641978,0.0034785904911077137,0.0,0.0005149578772087882,0.0470070420080454,0.0,0.0,-0.00012965236375711564,0.05010658745237906,0.04959901359364716,0.0263281641980872,0.0015255825593988304,-0.002173701411982032
-0.019784283578039963,0.020095535475727122,0.04354873914167268,0.0005105079559698522,0.014809458078784477,0.01656948174299505,0.015244424376362697,-0.006019091140218091,0.04436570324546518,-0.006509539612869986,0.03697541207619559,0.0,-1.2317391618388296e-05,0.002487190083900026,0.01234140529208716,0.017639437741254205,0.005473747931569295,0.010152088280901417,0.032110794065532855,0.032216805063310205,-0.016641629306508754,0.05194172047090878,0.00984637394776966,-0.006888858030161427,0.0020010211380139253,0.015456910040400396,0.009618311729311935,0.0015640103290232021,0.018059150381521116,-0.004401645270294352,0.012531312884694057,0.011645751599350052,0.018895002501472247,0.019527143653934265,0.027210061273347907,0.02155955500919915,0.044817931399127264,-0.0071223468361305,-0.010698250195297354,0.06857417957811729,0.014680357868802008,-0.06351693271375125,0.013513586412342626,-0.0009049001726948724,0.05712188319957723,-0.002539766977754432,0.0013517341757897094,-0.0007559107788661645,0.0,3.9505685939245083e-07,-0.0017301045426348916,0.003002283928849936,0.0,-0.0008849676183996236,0.034651942517822276,-0.0018751083115118305,0.03528393071277197,0.03802799009297447,0.0,-0.00044292843103882484,0.0328975462432502,0.035803825747212636,0.02313165311659865,0.0,0.0005001208787090983,-0.00014693027628714939,0.00031732719301397205,-0.003620022162582892,0.02699965808162208,0.016314775797853454,0.010670524523633818,-0.002054410270195761,0.05925140184350347,-0.001787929455918269,0.0,0.04944414495475691
0.004048718157238618,0.012052995597039817,0.04342386006938437,0.026286331628179005,0.04653245109730059,0.004652082491624521,0.002457785244946553,0.016841996758082622,0.042716922460145634,0.011585304537326646,0.03396325823341212,-1.2317391618388296e-05,0.0,0.04180597080129261,0.0032747255981942502,0.011462935694274312,0.011234506859978843,0.011055746166597491,0.038205526933539735,0.014123699989810057,0.010219224861659326,0.018625969920207597,0.01346888933238527,0.010480940169883324,0.017872857548315857,0.01740393549252095,0.01812148626243182,-0.0058065645592688675,0.010874432089750918,0.03232353320889869,0.0067467880813059655,0.016923221487415874,0.015064050432118448,0.010208468003035154,-0.023911058258915596,0.029285110376716494,0.010415591491018339,0.010506645971333328,-0.02332269832917222,0.08369725543282541,-0.016921726610593213,-0.0562665094809654,0.017504517682683296,0.0008943920438287956,0.002101496247185919,-0.00033374474344793903,0.020907846962566146,0.02233979218681803,0.0,0.019456342890346034,0.00534804677997891,0.015959335892605342,0.01978596103783381,0.008777736423394078,-0.016336006354083887,0.01198957324235378,0.044317557829176124,0.015117816136774875,0.0018510979228416047,0.02175115757098428,0.010482032699396404,-0.00015757674133959343,0.007409887641305568,0.02305787967383499,0.014819147716868541,0.006362811519878997,0.025414421035927892,0.010448237609663846,-0.0006938421250388682,0.011276491540048172,0.02078358599089397,0.014931959869517897,0.021564938462689143,0.01602483789507414,0.022555465525894935,0.0075647770213309595
-0.0037973487444432075,0.0,0.01252802289789301,0.016639290413950625,0.015125052780002757,-0.013674545115948844,0.001399046338476817,-0.012018911307824565,0.0062255407653101225,0.09105850359998147,-0.025436731591424122,0.002487190083900026,0.04180597080129261,0.0,5.93805452366869e-05,0.0,0.0,0.0,0.003711584044205629,-0.001332625401327503,-0.0033221321614398946,-0.0007347433314506269,-0.037005058874117314,0.00957373323912214,-7.070918947005289e-05,0.00039320866541558974,-0.020217508419334285,0.027510800541820757,-0.005245187674290441,-8.13640623453793e-06,0.019810932109175283,0.01218403196348583,-0.0035680841433807786,0.038950680427530804,-0.009821080044950192,0.024859615865282153,0.01728010199806193,-0.0037068288384534687,0.05288095483242983,0.0,0.000605188528820022,0.0,0.08754485088151065,0.0,0.0,0.0,0.0,0.05808020578549439,0.0,0.05165279544658863,0.0712866282446053,-0.005428196467347768,-8.287449430977034e-05,0.04657637132943021,0.0,0.041887414519771626,0.0008388601289227582,0.0010527598975508812,-0.0024363062641342137,-5.551115123125783e-17,0.0,0.0,0.0,0.04421770315061452,-0.0021307780564959744,0.0,0.0,0.035538829877932165,0.0002635361958527871,0.0,0.0,0.07909525854281713,0.001499376768927696,-0.0006585110470674338,0.0,-5.551115123125783e-17
0.020871543646448887,-0.006597995658832512,0.026957352163002213,0.003731674530212503,0.0012793917423895018,-0.011711733669619029,0.008101293528089804,-0.019509493402939115,-0.0013299878470768856,0.002938958430000138,0.0,0.01234140529208716,0.0032747255981942502,5.93805452366869e-05,0.0,0.0107263870667767,-0.001820851809098245,0.019140666142901108,0.0,0.00485941248678029,0.002388161251796417,0.025440681224776773,-0.020546428301448927,-0.00355248373085304,0.01581030135808459,0.0006269052615562876,-0.005392706323306851,-0.007529113394117659,-0.0019261654161504826,0.0015259465472517997,0.0031780798895814644,-0.009905029815199196,0.0229155467515626,-0.0032764452063115956,0.005887218422218787,-0.009412689833593335,-0.02008278561927751,-0.0014591937097005458,0.006629863449875428,0.0014841417305601623,0.0026145781069932816,0.006237881261354938,-0.06713921827873592,0.0012769935252482378,0.001001264185600148,0.04849464845642115,0.03224584019539556,0.0019018520875789258,0.0,0.0,0.010178986791764266,0.015298544984858775,-0.00765073612809114,0.0029128502963634006,-2.4907730248491244e-05,0.0,-0.0003893337490582516,0.014615799309702304,0.0,0.009342795414218341,0.011188718990935709,0.0006981399433972357,0.011993838015418534,0.0,-0.006405475539721817,0.0010867760041627927,0.010829327910649444,-0.002644512668295018,-0.00015084020504013695,0.01269824555638882,0.02250577170527046,0.0011749742780024497,0.009207033086523486,0.007989395211666417,0.011252626463018833,0.01438250898729132
0.029818354390791724,0.015805552106394782,0.0021690683748682438,0.0,0.013406439094850009,0.02433094960034493,0.01143770579583031,0.010997165595377167,0.029789840700415682,0.02083170781013438,8.98026093471005e-06,0.017639437741254205,0.011462935694274312,0.0,0.0107263870667767,0.0,0.025785234140664914,0.016733362961680154,0.0017434103654472288,0.02181824447380354,0.022081462529052243,0.016250959620800587,0.017225418991872632,0.0237746498552866,0.03780279578877599,0.02456438968536917,0.014044289735871962,0.014296390964664063,0.02236312285231845,-0.002500533793729276,0.02789958569960249,0.01734525510348356,0.04694082576219227,0.026787240136877055,0.01672156229711741,-0.020795938267597014,0.0008397551475824994,-0.0037710999337582374,0.017877955126630596,0.025713173014254576,0.025414311838503734,0.022310227365911706,0.00042800830929884404,0.0,0.0,0.020190389072587134,0.027678154725362225,0.0,0.0,0.0,0.014694003215134366,-0.0009757760467744014,-0.004948063006968095,0.0,0.014008007951110402,0.0,0.0014180249903845699,-0.00018551946045036738,0.0,0.024040975777164575,0.029283599431217333,0.018962144967658134,0.03212596325050138,0.0,0.006743567753319857,0.040504022937816575,0.017768508981740927,0.038384124829310584,0.010069040939134799,0.02820419007666164,0.02248563697903727,-0.007930027540203333,-0.0031302967383708413,0.006881162363358895,0.0003236432959200508,0.02961865913527517
-0.0021472789959971483,-0.013411022989186283,0.003029953508012939,-0.0001634954907634989,0.02796142773597582,0.0388869489194863,0.019828443520803707,-0.0017740519789675169,0.03330500690855531,0.01205243292453495,0.012548696735990461,0.005473747931569295,0.011234506859978843,0.0,-0.001820851809098245,0.025785234140664914,0.0,0.021206790828726063,0.006824059944472272,0.0014853281286206221,-0.0035314843930286943,0.01940366707327912,-0.0018892358234358642,0.008202469432531168,-0.02763162284501458,-0.0029650915501940323,0.000930013751504144,0.0048395405325320495,0.02210300924077263,-0.00035444701586284655,0.00880568933807463,0.02411466022347747,0.014810787324607722,0.01455574961343914,0.008769298574136553,0.03463151895717331,0.0013295673041695544,0.003665763086497853,0.009074584687133624,0.020552660930287903,0.03146695705710678,0.04981071398743647,0.0,0.0,0.1125158110799348,0.028263234978527285,0.0026057145676036675,0.0,0.0,1.6653345369377348e-16,0.0016091273252578642,-0.00010703759671132351,0.0,0.0,0.024711263331906652,0.00018996300129386912,0.0258894985221087,-0.0004272883079878831,0.0,0.0,0.021428546204953325,0.039112288209228796,0.023389361087541805,0.0,0.0004827581385448698,-5.551115123125783e-17,0.003275812169035497,0.0008602269108465288,0.01599635065420174,0.024565194793173928,0.012704914260681544,0.0,-0.0013764349491604544,0.00018320579319197616,0.0,0.03749040854446639
0.02752704489130897,0.03089171995238399,0.017641094983763095,0.0,0.03208174482144127,0.020159543229274324,0.00973968207242365,-0.006008541471065665,0.05374353792604558,0.00881679186588935,0.035437489709655545,0.010152088280901417,0.011055746166597491,0.0,0.019140666142901108,0.016733362961680154,0.021206790828726063,0.0,0.03174968767636227,0.011593428488208657,0.01350995727913179,0.02295710703213588,0.017599169012760763,0.017301423808895433,0.008959861500578037,0.008472013026032343,0.024725241330346814,0.006893787035293697,0.02296359982553947,0.00029911089249090583,0.026353618975692272,0.03231503102156086,0.04465211770666283,0.02839492128073462,0.01842379764354629,-0.020311590690800296,0.0,0.014861572680850643,0.018025642975539824,0.011517671779556649,0.02152288206031061,0.02466748308737654,5.551115123125783e-17,0.0,-0.0036529629382169304,0.020486994139095327,0.04186346899707566,0.0,0.0,0.0,0.000615520256990687,-0.00013715879448616963,-0.0016855645745170733,0.0,0.011477724278649737,0.0,0.003170611287512226,0.0014696503010512285,0.0,-0.0014910455205421336,0.03242806003910331,0.023975553720811282,0.0218153795306541,0.0,0.0028087777033965478,-0.00339627347480842,0.019490107330925377,0.005395556494288523,0.0060098708857321825,0.02068606337821466,0.01477551217324613,-0.01002851093962226,-0.0014521132578305118,0.022600490387154337,0.0,0.020699604802328186
0.0,0.001606630198801473,0.030849284438036806,0.026440912907148506,0.02358578272909434,0.052831795785449776,0.040827399733930125,0.027309163830869065,-0.02611882160623752,0.03978811649535263,-0.013772490071611132,0.032110794065532855,0.038205526933539735,0.003711584044205629,0.0,0.0017434103654472288,0.006824059944472272,0.03174968767636227,0.0,-0.0005603435085350661,-0.006677564425286275,0.0011850189013849488,0.025501870456918818,0.034660829580293206,0.009718939221489031,0.015900541317054318,0.032402023943909564,0.047205664876888376,0.004996734363659772,0.0020752243890601596,0.05027733132380913,0.039859447777497226,0.04285080516205808,0.046592144535381574,0.029310240261278264,0.03722485607002979,0.044506625471835204,0.051300924498621725,0.00966745695270993,0.0020708431643192693,0.035780483705055044,-0.0005832838482342506,0.05694314185988597,5.551115123125783e-17,-1.6653345369377348e-16,0.0,5.551115123125783e-17,-0.0674583221893536,0.0,0.015564128190361015,0.028413158989188503,0.029894873995774174,0.04234982195760839,0.04309837298614694,-0.0015278420659737835,-0.128513555197992,0.000688804450480418,0.025342443496959022,0.05582585417865871,0.0009981843880057517,0.0,0.0,0.0,0.04018570384390352,0.0015034370167132383,0.0,-0.0007374397970365543,0.03978645000263592,0.0,0.0,-0.0004497790819836256,0.03782239680650212,0.03593002314607541,0.03320017085876492,0.0020232772576630476,0.04032998150151934
0.020082727560511937,0.020752528528038328,0.009864024685952266,0.0018000118544674315,0.009785568256121091,0.01603789386409027,0.012810521848172551,0.015470785049444269,0.03402547316851001,0.007484102661371839,-4.127210082605082e-05,0.032216805063310205,0.014123699989810057,-0.001332625401327503,0.00485941248678029,0.02181824447380354,0.0014853281286206221,0.011593428488208657,-0.0005603435085350661,0.0,-0.0009041374451107531,0.032719221123970965,-0.026237240162104325,0.0005720880622875346,0.01828164201807947,0.02602545226387909,0.012571305874191141,0.010253978064801827,0.016508197366735977,0.015190035958811632,0.009253655432407137,-0.005556359790063969,0.01500732515656178,-0.0039164748793361626,0.00029877689162255416,-0.008083334330995062,-0.016698474642370786,-0.0009578547171298912,-0.0034711266372572935,-0.017353889685629398,-0.0026366784725213033,-0.002997406835049954,-0.00570532278518282,-0.00021521055371287456,-0.012593999407832124,0.0012667678262836546,0.016805512925604893,0.0010423365335068824,0.0,0.00019337013422177085,0.011349404265061869,0.019064940224207627,0.006309877205201153,-0.000515566894351227,0.003027529965223541,0.0010886853359520776,-0.01670856213673194,0.0105266619995113,0.0,0.01125972876620851,0.0055237665835590755,0.0013801565872184618,0.011742635086840592,0.0004786273495852589,0.010301260383347388,0.008467567947529842,0.019244044881867817,0.00543498658669328,0.000215161397715935,0.017287373283411067,0.021630990592721777,0.0023535737921425715,0.018493550394684644,0.013499811494279812,0.014432667466966698,0.009383027535486033
0.03481547712908578,0.030225600389768348,0.005577327244057129,-0.0006940866933234924,-0.0019159386285829139,0.010937906497113126,0.0067524784804114946,0.01841627228011833,0.018991556127701315,-0.002144618103169238,0.0093469300043727,-0.016641629306508754,0.010219224861659326,-0.0033221321614398946,0.002388161251796417,0.022081462529052243,-0.0035314843930286943,0.01350995727913179,-0.006677564425286275,-0.0009041374451107531,0.0,0.024351468019208233,0.006485464463783341,-0.0016434458281390785,0.010077531242061122,0.0022787353429385426,0.0007326463591325605,0.008603682389658862,0.006223671377468043,0.006782317423194684,5.5111121051998335e-05,-0.004629768004310031,0.04154313640410634,-0.00046662853711176844,-0.0033962159137442827,-0.0054320287637533715,-0.004403563958746026,0.006293427533628881,-0.013137905383058979,-0.018252871198367382,-0.031281814375066996,-0.034272220993319946,-0.00825046746042557,0.0,0.0012258928620386689,0.019399487835511542,0.003072902521718157,0.00041548664695612025,0.0,-0.0001294465939628564,-0.010812139917693975,-0.0022073589808662697,-0.01431433705234575,0.0021076580082745044,-4.458167332199725e-05,0.0,-0.0008744342147304351,0.010174830407587432,0.0,-0.016951485769120478,0.0110824720783253,0.0,-0.004107244955089628,0.0,0.0023578889970219397,-0.01634212081918207,-0.008808902524393647,-0.007788197047610468,0.0005509442292092603,0.020417123630347367,0.015988541186469973,-0.012167607442441053,0.008987742305203605,0.008137965294208016,0.012613682691960892,-0.025143130295293747
0.004063894633209331,0.02622511751249007,0.035452666840362856,-0.00062122186739344,0.021004818746479914,0.027531231273584644,0.013283050579679434,0.018915643519850367,0.04591204709558577,-0.00989514895229715,0.0006916198188181566,0.05194172047090878,0.018625969920207597,-0.0007347433314506269,0.025440681224776773,0.016250959620800587,0.01940366707327912,0.02295710703213588,0.0011850189013849488,0.032719221123970965,0.024351468019208233,0.0,0.013973100778728376,-0.00043373038885924364,0.011692266369238258,0.02932741572517067,0.029023936689635377,0.015751130232130373,0.02285279043385302,0.010981117166924903,0.016505149150905063,-0.0007315638850113326,0.017480447073122407,0.001574409633161744,0.00659258925230416,0.0047452163058898655,-0.00583377505083682,0.06378337751517382,0.023022536688442896,0.03326542703844776,0.022995044833951594,0.017607559872718004,0.018684477989096004,0.0,-7.437946445099097e-05,0.00310737153669316,0.030088658280872815,0.0027961326685561616,0.0,0.0010767315913181585,-0.0019772492121836183,-0.0012205355555532371,0.01302721314371158,-0.0020220264051212244,0.0009954105314556316,0.0,0.001540972994325318,0.011341587528177766,0.0,0.02686587636618687,0.01612688018805375,0.0023228885915402286,0.01910593248086162,-1.1102230246251565e-16,0.01694084145464375,0.029789407258741296,0.027839765044468945,0.002954224822537488,-0.00036557472613257813,0.020724098969896076,0.032549464685890594,0.007109870199762336,0.00941287336553992,0.00857504437562906,-7.404697636387292e-05,0.02233027571812035
0.01283006986440166,0.002783775001305333,0.019098244958848987,-0.03505042083608023,0.00901801513623307,0.01804698491390455,0.011920720837980181,-0.0043229433904314885,0.03541515549036589,0.018086905556812805,0.010717174983032929,0.00984637394776966,0.01346888933238527,-0.037005058874117314,-0.020546428301448927,0.017225418991872632,-0.0018892358234358642,0.017599169012760763,0.025501870456918818,-0.026237240162104325,0.006485464463783341,0.013973100778728376,0.0,-0.01321182447736663,0.01797663495013202,0.0010455744776724507,0.02175839367039345,0.019642027902608217,0.007314920055796703,0.016342680346448313,0.000980775556706559,-0.006188393862269603,-0.013636022455567443,-0.0008098734767872373,-0.009368314776045716,-0.003175067273524068,0.009145730026362542,0.04448174710021796,0.010327646334624685,0.04126454919202155,0.010979182040792734,0.013878397433672918,0.0291894064593734,0.0045694482374171175,0.0044874509284974495,0.00651533120802833,0.009049045801091171,-0.14580784722992274,-4.03032588386365e-05,0.011671830899492974,-0.0029136792017386837,0.01697582967886646,0.010782455884084108,0.01334579646317402,0.011530802748478064,-0.09180457327269154,0.009865159441901361,0.0091455081436278,0.037938073510968784,0.0005723856005293015,0.014100413741947981,0.00129488924576171,0.0014729510834888826,-0.04520155670817105,-0.00041202174302051864,-0.01870038669052354,0.0053406094398505966,0.013553898729682157,0.00023799868852458772,0.018815420878978473,0.009399612701226967,0.005890927134046375,0.01515064074829564,0.008163004113035832,0.024253079077797612,0.005837677822194687
-0.005823894166156474,0.0047200671312457865,0.08081365830211851,0.0005822064334216615,0.03162707797848341,-0.01972457983939402,0.02563297295376543,-0.004032665459149931,0.04202347757772712,0.028058560844948732,0.03632526819793125,-0.006888858030161427,0.010480940169883324,0.00957373323912214,-0.00355248373085304,0.0237746498552866,0.008202469432531168,0.017301423808895433,0.034660829580293206,0.0005720880622875346,-0.0016434458281390785,-0.00043373038885924364,-0.01321182447736663,0.0,-0.004655026778409954,-0.008266050415440873,-0.014230924417072077,0.01292104032489888,-0.009621712834839313,0.0001409469944371744,0.003619386499477073,0.0055677923148537145,0.006583076782748831,0.02000222939045715,0.020142958843541725,0.019152567858650937,0.0018570337419324678,0.011009941695634073,-0.025617288351944822,0.04107119135669668,0.010653424794194122,0.07177187151238823,0.0034836114952416786,-0.0002036845381180874,0.04639171509066037,-0.023118883045000094,0.010724451142205937,8.645178012800514e-05,0.0,0.0,-0.0017090270936966911,1.127950809887146e-05,-0.00054976324049133,-0.0014452948071900784,0.03779469091646265,-0.0003318666528834835,0.021121886370884135,-0.0028819455086351864,0.0,0.001086183122060158,0.018368864141846852,0.03653210745680174,0.02440986236748588,0.0,-0.0011501462087774583,-0.003987847764795105,0.006636642303141482,-0.0012565009956802542,-0.0010603602575006144,0.020030048351502072,0.00997873042354569,-0.0005995353694135952,0.12635100273300404,-0.001235166779744834,0.0,0.0320406754774355
0.008198109059028125,0.0218856958714867,0.00648030081490969,0.0,-0.006722857829775053,0.01911486370765647,0.009742688171291092,-0.006225486696713578,0.02494644689415554,-0.02319931000827441,0.011801725791108553,0.0020010211380139253,0.017872857548315857,-7.070918947005289e-05,0.01581030135808459,0.03780279578877599,-0.02763162284501458,0.008959861500578037,0.009718939221489031,0.01828164201807947,0.010077531242061122,0.011692266369238258,0.01797663495013202,-0.004655026778409954,0.0,0.014134621024763427,0.014802126707116836,0.01106303136259934,0.020803217410078623,-0.0010964950306344146,0.012481201691170618,0.013086320523604533,0.012827962937052961,0.010500470339196655,0.00761469029167583,-0.0019446112765377221,0.0012135043511046772,0.003766737511716911,0.019400159882875245,0.006080319536484358,0.014368972895057841,0.016569096266435768,-0.00036938307712225393,0.0,-0.0021207012869602915,0.012663139826583902,0.03164117994037441,0.0,0.0,0.0,3.190014859699719e-05,0.0013852472397065663,-0.0009862040430284047,-5.658737125557867e-05,0.0005286924937688564,0.0,0.011560836818299669,0.014163892809106349,0.0,0.0059057401025988665,0.026862894665990678,0.01432919242820263,0.017814374950456124,0.0,0.01376079989877077,0.02737581633495778,0.020958065911195478,0.012867060504922867,-0.0020584167073272597,0.017184390860357113,0.010902586185621899,0.016885877806523286,-0.005485739289363245,0.013405895477683671,0.0,0.011818708420881341
0.0016381862755248666,0.033834778794192555,0.017488532046699312,0.0014735465481139354,0.01382331239788731,0.03151142312663957,0.018615994501893218,-0.004367359754818112,0.02050828589899434,-0.014216948290057208,0.016796615808996884,0.015456910040400396,0.01740393549252095,0.00039320866541558974,0.0006269052615562876,0.02456438968536917,-0.0029650915501940323,0.008472013026032343,0.015900541317054318,0.02602545226387909,0.0022787353429385426,0.02932741572517067,0.0010455744776724507,-0.008266050415440873,0.014134621024763427,0.0,0.016118920822393357,0.008037570498109048,0.022451640358158942,-0.004950730932824554,0.011227786636173687,0.013680348246517371,0.02072119657669863,0.017309046096788128,0.013239701384945735,0.026065148127786153,0.003323026969327847,0.002826976077311194,0.019521869902597966,0.011819665590200201,0.0316224843603341,0.025347957125620157,0.07211341176556912,0.0,0.0030541782037437626,0.011128968675628459,0.034532010515515243,0.004402471480380088,0.0,0.0002595110948869217,0.0006162865555453534,0.0022998221941349373,0.004339728714056468,-0.0008016752879849154,0.007262818997443465,-0.00013713944295895564,0.012668009029390082,0.007322351223026657,0.0,0.013095018424535088,0.03235857337083958,0.017633891111905664,0.011543077749521846,-5.551115123125783e-17,0.02417085897501181,0.02716203953938201,0.022201690790870032,0.008371978180922501,-0.013707220701451361,0.012726894391350663,0.020494235164273733,0.00890750410941954,0.03532052380953965,0.013275175967134178,-7.92118174413603e-05,0.031400170567936314
0.004473534652448707,0.020829713596799804,0.010872841263976585,0.0037569866598483603,0.0063944927311832545,0.0013547487232679623,0.011464007427113454,0.008419410679250339,0.01804613402016969,0.021511803730434098,0.018172815689541932,0.009618311729311935,0.01812148626243182,-0.020217508419334285,-0.005392706323306851,0.014044289735871962,0.000930013751504144,0.024725241330346814,0.032402023943909564,0.012571305874191141,0.0007326463591325605,0.029023936689635377,0.02175839367039345,-0.014230924417072077,0.014802126707116836,0.016118920822393357,0.0,0.0199702450091806,-0.010348581083309716,0.013021214713182072,0.015399139403215745,-0.004013738813534118,-0.0031936290896300568,0.008238986071825105,-0.0006154736864386612,-0.012806017059977026,-0.0018005088438490802,0.02221612604159251,0.011319033288098912,0.006278801208286167,0.015519515308458187,0.010840400842494269,0.021869985814589876,0.003327310481054724,-0.008951634788824436,0.002197448256597123,0.014116799269189018,0.0333868828409305,-1.6653345369377348e-16,0.005067879931975883,0.0030885862346370363,0.020791723531404793,0.014334383263174655,0.013895562607099787,0.01265340512622326,-0.010073901751741499,0.0019578207609160514,0.016113334736990392,0.009376770066525042,0.003338816045257653,0.004694521989668188,5.2951825332769875e-05,0.002671729538505918,0.02154882452529472,0.0025004904006784567,-0.023107275464432087,0.013706783464536132,0.01383907241187976,0.0011034903687676678,0.006776245519287405,0.022902902308531647,0.009484014990301382,0.01996029468333116,0.011549006573773224,0.016933571229233446,0.01417357140164921
