0.0,0.026382959256855187,0.005087643781895079,0.0,0.00037141944083873835,0.044327890582040896,-0.0018235811309225691,0.0039002403147819775,-0.007393791159660712,-0.007426435941402076,-0.00010732766633531066,-0.0008894267633375863,0.03582741982501392,-0.002823577411175171,0.017618138506063308,0.009398189892049547,0.0001821063563318681,-0.012367848041565377,0.0,0.012016464149765593,0.006456820012314846,0.0233541647451021,0.01816447840039348,-0.021880764674736763,-0.008741088025260857,-0.0006292360989683665,0.01448879672599529,0.0341446911475477,0.02385334535596001,-0.0034605615688837466,0.023331712582602637,0.022662613593246506,0.016218178794243643,0.025945906938683372,0.014343207537382663,0.005117447671664055,0.0,0.003953541303480634,0.03535700250806628,0.057652269663640676,0.052430584902523114,0.07015004641322403,0.0,0.0,0.007607038454353066,0.022726221855755846,0.04302059319887375,0.0,0.0,0.0,0.00149883506510895,0.0,-0.0023709438216434897,0.0,0.0007750838864810095,0.0,-0.0294198423490174,0.0008127306418955205,0.0,0.0041217393006498515,0.037418484174855826,-0.004897896279299707,0.03063446905009931,0.0,0.08085727102741386,0.019981467318549828,0.034406665523432634,0.10287904613470444,0.01476841127314965,0.05050604066987857,0.048498284690565885,0.0994427053987249,-0.0005052219791337187,0.003566126415517734,0.0,0.03511539129940766
0.026382959256855187,0.0,0.02623182940812835,0.0,0.0232860684470923,0.020270141934507324,0.03435189135996419,0.0132043376136049,0.022493757498644018,0.12797200641340872,0.0005634188716213684,0.005045879872831782,0.029382410018714,0.0,0.01616593344876527,0.024926659828207853,0.005109799027184059,0.010101108306864004,0.0025876555701216386,0.02622845811463842,0.015651134048859983,0.0259467220421033,0.020466962387310217,0.001110906013679469,0.0234994083447006,0.04090209624200197,0.025483660868332536,0.023697482203817455,0.022458579085928798,-0.001383993771309877,0.028387469749780736,0.024026683621980738,0.022251562736333996,0.032210286219954476,0.027962350411878334,-0.0015320204116375247,0.0022843358280509873,0.00039832648334442444,0.03052921964824601,0.03698985514151931,0.029828575637704524,0.03467668362146459,-0.02991739485869499,0.0,7.174139253501854e-05,0.026716046706994345,0.02651064197910369,0.003394551370609289,0.0,-5.551115123125783e-17,0.02449758616256642,0.008074958411170785,0.01697659366553239,-0.0022092104591981965,0.006693690468700109,0.0,0.0017001788716337063,0.029352702183721102,0.0,0.032801500989782684,0.03144917371225303,0.010669484636214421,0.02099696090153952,0.0,0.03760143803308874,0.03673430508332243,0.02342782412889799,0.03761688038134969,0.026350627054050946,0.026817518070652746,0.04397466852331572,0.027610282233313577,0.040782026693976015,0.02752290794402762,0.0003996503796532269,0.026621278575944096
0.005087643781895079,0.02623182940812835,0.0,0.05501530926782017,0.028135218843656162,0.03007860581788374,0.024832247347580994,0.03498917310147509,0.007945291564226742,0.029810732404422058,0.006288911671797848,0.010952199504605908,0.02579054621067617,0.05321649567824488,0.0010641614737150196,0.003528707998192826,0.02023637078399687,0.03071745412496546,0.03905962956061282,0.03314739461121646,-0.009150156372000562,0.020133792612633095,0.03040108614035658,0.013687369748952072,0.060202615089323674,0.041034235862336954,0.016370236356351375,0.024329227703826617,0.01209569798149307,0.031501966952482474,0.034167195110640924,0.03913092603052226,0.05834029439582561,0.03893172098095338,0.03714293745270847,0.04053734730682518,0.026746115474417742,0.02145473974931761,0.0692778867538546,-0.002641260685619873,0.03930177275715463,-0.0022203777739300268,0.05457533099700007,0.0016917695419592649,0.00014017898970564158,0.0,0.0016473391309535512,0.027672698476363777,-0.00031119944348079187,0.015411202280724345,0.04594689259744422,0.03960354385834519,0.06300393906478341,-0.006045956048945866,-0.0008832581377287152,-0.1379447773738099,0.0002625125648861859,0.03873589201398875,0.06764867791188489,0.0011984620753722752,0.0005457130643929387,0.0,0.0,-0.13385595707178138,0.021746451338289396,-0.0009607864152647583,0.012439484696510905,0.0020287438272794667,0.0,0.0,-0.0018711857149706357,0.05343844236801387,0.043541064838966026,0.027601666530386537,0.004418909490527589,0.026511495645521688
0.0,0.0,0.05501530926782017,0.0,0.011026762927353329,0.020761573651839393,0.0010680151032773644,0.06703766552234058,0.01816012174392978,-0.018981679979936827,0.04425071343749065,0.011152646888679896,0.03918188679359286,0.046726515938184776,0.0047441358024352676,0.0,-0.0003042400964684555,0.0,0.04387454150394232,0.0025532224811269932,-0.0007988526464678403,-0.0006899492402545615,0.030135530501279706,0.0002615106790568311,0.0,0.0024559954035668907,0.005619345378688301,0.02664526578768467,-0.0012127253813631333,0.00022066591071429054,0.0362227466151282,0.07106908165781362,-0.0031898179283968986,0.007757321634675907,-0.02063914858226018,0.05995525661489215,0.00658282844712943,0.002298044396746801,0.0011313114947845704,0.0,-0.0008586846408286108,0.0,-0.0004092084765406345,0.0,0.0,0.0,0.0,6.151464767345516e-05,0.0,0.0,-0.00011294031835479279,0.0,0.0,-0.0001440137110851336,0.0,-0.00014743368671277235,0.0,0.00010841356734370144,0.0,0.0,0.0,0.0,0.0,0.0,0.0,0.0,0.0,0.0003254882485688171,0.0,0.0,0.0,0.0017968217850116153,-0.00014115862184171935,-0.00034011557750546206,0.0,0.0
0.00037141944083873835,0.0232860684470923,0.028135218843656162,0.011026762927353329,0.0,0.027995938661589004,0.013549951110733205,0.055946481010152704,0.026771649382589136,0.02736314917266819,0.04036762190364468,0.007329705348146642,0.030941346265905223,0.03642657135510041,0.0022696913357931336,0.022972592906108813,0.020767578482264126,0.029228946744528972,0.0452605693873146,0.022999154274897016,-0.0007051659756028839,0.028460577476048854,0.02870358538160217,-0.040757569863947185,0.04215201484714581,0.04867719012782529,0.018040626410672722,0.00970358214412137,0.024697789205146425,0.004311482980448922,0.03515745589597369,0.05508316795427609,0.06027577838375503,0.042034340062980124,0.06552908851086242,0.04504616952638735,0.038286753375340654,0.026131338542378313,0.07440500818945489,0.0022577501842426795,0.05559587696753865,-0.004929038353703952,0.09393341175923714,-0.00015141860933204354,0.0010824446950452593,0.0,8.170376389565748e-05,0.0678756585792073,0.0,0.006776297125041131,0.05722722760920418,0.05390373550822536,0.07230831486894584,0.05039766085684605,-0.0005498439288376122,0.0930172989004634,0.0005481151847281929,0.045541014184365625,0.0007348417932519502,0.0025139906744197082,-0.0002745708165006189,0.0,0.0,0.06997295621610289,-0.00020213964134574436,0.0,0.006215024188918505,0.04786243717828209,0.0,-0.0002360369804689233,0.0024965544791469285,0.05702914360244382,0.045111568643319444,0.04458535150638887,0.004121030667096903,0.08298291852510908
0.044327890582040896,0.020270141934507324,0.03007860581788374,0.020761573651839393,0.027995938661589004,0.0,0.018783878583261082,-0.0002730580484093248,0.021287948608840923,0.023557700703954743,0.05044709461326485,0.01712238432567298,0.018835928933045254,0.015192182083316963,0.04720637574695663,0.01289567196751129,0.03176695688594822,0.02896718073097676,0.06298276068797415,0.02237037706809003,0.015879627797379614,0.01923172984314131,0.02714334929830914,-0.01257050943949689,0.012847929332868713,0.025874445648579214,0.02811113646050295,0.009636993654618342,0.01987518720833159,0.02619537246628406,0.025333011728664867,0.030777280263932894,0.024796503203459386,0.02073955914339437,0.008887534392820362,0.0223368126933689,0.034102790583748654,0.02015546848381483,0.03171341966448116,0.006063275740317009,0.03891365622303622,0.01973667734558715,0.03454869032652552,0.009786969743192542,0.0023194856745730186,0.005977199779933606,0.016985842634930526,0.050273419165099864,0.0,0.035104150605313245,0.035310283949276156,0.03478333494062291,0.013432869421824756,0.02832599097496935,0.0011291764682443972,0.05661588033896536,0.0019341103833899198,0.03120340993033366,0.003054077722536519,0.026778624889720326,0.025027625925661268,5.551115123125783e-17,0.0022616011178008266,0.05216999250011134,0.020595077675332585,0.013248724867064798,0.0310316258178307,0.027366304026687382,0.0,0.009817987648393922,0.0318444061349103,0.03370484895681902,0.028651453167682472,0.025035686173681293,0.02760427057205117,0.031819937406929344
-0.0018235811309225691,0.03435189135996419,0.024832247347580994,0.0010680151032773644,0.013549951110733205,0.018783878583261082,0.0,0.03902350122854953,0.011930432397237178,0.023870909415419028,0.03281367064627533,0.0009420518737928152,0.003266236998039296,0.02757731383842732,0.05715697263937192,0.031002475804376595,0.016764676587413818,0.017395447763881577,0.037299903414736935,0.025564348357939137,0.027414381447391112,0.027200729135085144,0.030613066783465703,-0.013003385936993295,0.020797054049003727,0.03313874391181282,0.014299280533694225,0.022133256141488478,0.019464214123909418,0.05516955675098906,0.03131137685791702,0.038212343683605265,0.023873021137517214,0.021377532856663384,0.02199361731540278,0.0645186288919622,0.04733860316373817,0.01121841204707097,0.05337378065082399,-0.0004154301584680664,0.062163030014074416,-0.005734990865691736,0.05253305530391483,-0.00014917450626888984,-0.000434654018832914,0.0005794567204210899,0.02989084207846432,0.06755647572114754,0.0,0.006921700589035962,0.049375780579149486,0.042821549392893066,0.05919731309796483,0.04699067812072366,-0.0025388312245606115,0.07290388272126963,0.0037639203683130784,0.046118842299108787,0.0023071374150003265,0.011003542374216413,-0.0014187883792856626,1.1102230246251565e-16,0.0005349998522471977,0.061420184173437975,0.0253368089707543,0.0038198296033329915,0.026425512042797528,0.03963925036364824,0.00010451810449452203,0.005302525721883111,0.0362605878824489,0.04271016953188789,0.029784587962276787,0.026353450215049645,0.010596506294445196,0.028849860562397356
0.0039002403147819775,0.0132043376136049,0.03498917310147509,0.06703766552234058,0.055946481010152704,-0.0002730580484093248,0.03902350122854953,0.0,0.0408686327352209,0.006953089100332932,0.03194053583229567,-0.030948785580322324,0.020114137144730815,0.05435475630967779,0.015458239595282641,0.011981219706952151,-0.0006681162958925291,-0.0034009690094966016,0.08798342130661191,0.028184308728259277,0.016619118342910355,0.012207087350523393,0.022864132052971886,-0.009429422974537749,-0.0009464859091669608,0.010195414803268521,0.021753068181755653,0.004885394339520066,0.004755953917878808,0.015369831338435003,0.02218370164197947,0.009521893785623403,0.0020384683642691304,0.02533125704285527,0.03508186660079099,0.04522246148156872,0.04948625185565475,-0.036575915741635656,0.04846883847730732,0.005134895732716194,0.05043165617228207,0.0005143441182832165,0.052643204029309054,1.4065441561017522e-05,0.00016670634206417123,-0.004371313557767598,-0.018424995889303686,0.06845006606437942,0.0,0.0012328096336592376,0.06141254664274143,0.057013049021112594,0.06487143671224777,0.051677585460009334,-0.0005621849529919287,0.06361873621552266,-1.1102230246251565e-16,0.05779851689839849,0.005466962269173203,0.046970938840181,-0.0016906941850923785,0.0,1.5201455714652923e-05,0.06453858936445633,0.05212954794304947,0.08612845642456979,0.032565476404716354,0.04271040281218452,-0.0015759888408428124,0.005296583342971561,0.01658788967699698,0.05504713570105424,0.041835920595896914,0.044149401245537956,0.04300915719392279,0.036949178170493535
-0.007393791159660712,0.022493757498644018,0.007945291564226742,0.01816012174392978,0.026771649382589136,0.021287948608840923,0.011930432397237178,0.0408686327352209,0.0,0.025293492435584652,-0.004935502571820738,0.016652438266033853,0.01863638456957767,0.03622399689133665,0.06636805636525328,0.02872051072011883,0.025542115542535992,0.042633022496613826,0.014292727731542554,0.023761831280949608,0.005169417060908066,0.01819567970702679,0.029840837193460867,0.018310893749447943,0.06568361230040509,0.04710462667320564,0.02333282550408111,0.02527667144004392,0.031817664598178585,0.024529125408007058,0.030925616276900714,0.03578633795168912,0.03129718524078762,0.031826857510611595,0.019377435636060203,0.02898992700367148,0.039914669396779734,0.02348071592954698,0.07077255299240692,0.0030957546990184603,0.05064809703033668,0.006215529900850503,0.047128945456602456,0.00019092383072982777,0.005316553231272836,0.0,-0.0007475903184422372,0.05771794617567738,0.00011972492347933628,0.043709915199416915,0.04342582068519285,0.050280153150245144,0.057977897423904134,0.04018455436388724,0.00035442877974711795,0.05262961127851706,0.0017456997560923448,0.05121582453768958,0.012837381972536366,0.056593093244512116,-0.0007617317615369323,5.551115123125783e-17,0.0,0.05826169846985185,0.026748609780838983,-0.0031122359257670373,0.01879580935506192,0.036255416932225115,-0.0007216273243371707,0.0013982635074634708,0.027299972065906564,0.043071929081520244,0.0341629099585129,0.027732995170837604,0.009694699163664389,0.04519862819321019
-0.007426435941402076,0.12797200641340872,0.029810732404422058,-0.018981679979936827,0.02736314917266819,0.023557700703954743,0.023870909415419028,0.006953089100332932,0.025293492435584652,0.0,0.03442554556980376,0.020096664016149346,0.02989499144230684,0.03491260480191438,0.004484367363423947,0.03001864363852691,0.018723882743089837,0.015586126640810383,0.02957680150582559,0.031185181705511378,-0.004326082892064098,0.04573159502959062,0.018448556983329367,0.025371482429284054,0.011156693985294786,0.015797694106024496,0.021935789657953286,0.03318625201343817,0.024097719894908776,-0.04948409788209335,0.042819588441283696,0.002256747610062171,0.038838274510079374,0.03307531350184062,0.03641701386719104,0.06155919464730336,0.0034771417447368447,0.04444548608441895,0.15160722367017732,0.08935390299874463,0.08544447665507465,0.014161954317803427,-0.006546119113351567,0.0010245980441505598,0.074256087560028,0.01577750844628445,0.0029749636479421415,0.0025041259717822895,-1.1102230246251565e-16,1.6653345369377348e-16,0.035584943691809645,-0.003432254823555858,-0.0008783972515234995,-0.002597845446917102,0.047659839630739054,0.0010996933852396862,0.044925039061345096,-0.006356437503183043,0.0,0.08409515443842303,0.008395257217661212,0.05867327946680834,0.06795520892879992,0.0001314835965220973,-0.002680797396246215,-0.0001237456789601743,0.00036447176345999477,0.025219459207701855,0.05023420135567541,0.05614053275343056,0.05432878428915239,0.031071628141285834,-0.010894388388664189,0.0432215628244666,-1.1102230246251565e-16,0.01706520357754454
-0.00010732766633531066,0.0005634188716213684,0.006288911671797848,0.04425071343749065,0.04036762190364468,0.05044709461326485,0.03281367064627533,0.03194053583229567,-0.004935502571820738,0.03442554556980376,0.0,0.012870562733594104,0.030381302573394775,0.04027205073164347,0.0,1.671089178245655e-05,0.01693682731243934,0.022024708172470264,0.015828925957518336,-7.680106575491674e-05,0.003933868345664782,0.0012377190064777333,0.01923935852875186,0.009489183927646971,0.02120175120361001,0.024973696463336414,0.014624373340080044,0.03112546697279267,0.05780146724189633,-0.0014072565345403243,0.036081963337784295,0.024086529995279493,0.012320090396341243,0.0401233501009996,0.021670217841283312,0.04780040587625073,0.05163782623080054,0.022902768041437982,0.05159002307665217,0.0009296971051952485,0.042818978546560305,0.0004908610089538468,0.02920098873850463,-0.001661045334687694,0.0037560649459277284,0.0,5.551115123125783e-17,0.06505453345285472,0.00013478695562529897,-0.06155738932058019,0.04618328314440523,0.01088666892244422,0.030181339454253664,-0.13723583114218146,0.03805605462788858,-0.07470694570875075,0.001451272707545248,0.03164925112781808,0.0005115593598030155,0.0007953886006809019,0.0,0.0,0.0,-0.16084870712629845,0.004280886210199342,0.0,0.0002383109221393287,0.029994091034875936,0.0,0.0,-0.0002412632144934701,0.04379933807072056,0.015665019271701774,0.020125774603217128,0.0016204654594664247,0.023084565377659905
-0.0008894267633375863,0.005045879872831782,0.010952199504605908,0.011152646888679896,0.007329705348146642,0.01712238432567298,0.0009420518737928152,-0.030948785580322324,0.016652438266033853,0.020096664016149346,0.012870562733594104,0.0,0.009691185712141559,0.002563833115798164,0.001357343117337484,0.008919867564315898,0.008913503797506606,0.0004490770506825892,0.013665549429117407,0.010611412008824372,-0.09243214146592177,0.08486614521850394,-0.0032701691550106604,0.005880912211509215,-0.010650696446814156,0.02825660876187447,0.00781716786718012,0.017802982794233757,-0.011274540835824076,-0.004730702751960525,0.019272951322512943,0.022333021390102792,0.09807571156114736,0.004343225504833015,0.00017551822431721709,0.005359848850500004,-0.011395380012006573,0.02361038548226635,0.0045562285847490225,0.10931258045784692,0.03143231987346967,0.012996772497341158,-0.005776954176931304,-0.0009587130480910033,0.09188434789636302,0.03571239010068322,0.001882978271712299,0.02452509132434394,0.0,7.351403787936306e-07,0.10534959762319795,0.0032706216983041103,0.0,-0.001012407636842294,0.046279709207840025,-0.0021704870607461846,0.04859682756651229,-0.00015633998316039177,0.0,-0.00031256081615671505,0.012245293651019062,0.06806713307436041,0.0641246165444821,0.0,0.0003706058986243099,-0.00027341476650499796,0.0005904973608981678,-0.0037990971219475367,0.03713700161079886,0.054905585295725534,0.04766955310215398,-0.004428281481672625,0.003270813216121937,-0.0018173032207375317,0.0,0.015847798481387565
0.03582741982501392,0.029382410018714,0.02579054621067617,0.03918188679359286,0.030941346265905223,0.018835928933045254,0.003266236998039296,0.020114137144730815,0.01863638456957767,0.02989499144230684,0.030381302573394775,0.009691185712141559,0.0,0.05904937067334426,0.03449583352014829,0.020261542578302427,0.03449536831341832,0.01862907917901313,0.03221569875546171,0.01885780011539634,0.021169078947392506,0.017339042262306925,0.021455878541431883,0.004655012288510452,0.018360370251578773,0.03289295039389656,0.019389468478730743,0.022925603838859554,0.011269751488258095,0.018469835200877194,0.02636295279647516,0.02516926343245185,0.032330304975870805,0.030283643609766597,0.0461560108431896,0.05148091192085369,0.021004881150152088,0.023362026176458328,0.03955763838733484,4.1307810052571003e-05,0.04100623098900791,0.00392988155718399,0.044898661718834165,0.002080396816435681,0.0026652490100183,-0.000323275677593271,0.02990355073011547,0.05950102473891805,0.0,0.008167279945484718,0.0383567319136634,0.040486364494143445,0.034931802666617606,0.03216863520518276,0.006739189721163996,0.06436417840283398,0.0018802218727166364,0.031287205343641045,0.0013684157061547575,0.03583178713622759,0.015665135051730394,6.353351341553681e-05,0.0028588478595049094,0.0511956880222485,0.026785537369890644,0.01110315401648343,0.032014437004138974,0.029118445432694595,-0.07405168684271057,0.004129928041862685,0.03663350538140586,0.032995084771978433,0.033429136459845465,0.026583628949314764,0.007394751539096078,0.02540653965274764
-0.002823577411175171,0.0,0.05321649567824488,0.046726515938184776,0.03642657135510041,0.015192182083316963,0.02757731383842732,0.05435475630967779,0.03622399689133665,0.03491260480191438,0.04027205073164347,0.002563833115798164,0.05904937067334426,0.0,0.00012257848618546507,0.0,0.0,0.0,0.0586656225078806,-0.0010408582186566262,0.0033197902729137363,-0.00021622057500825242,0.03681546500120275,0.012757303718240354,-0.00013157898438120874,0.002332576284829302,0.04687721876746842,0.027696449908106158,-0.0037862847878145645,-1.5140607279973128e-05,0.007979972796318124,0.10288449012220513,-0.003661504284161954,0.0025523853746409197,-0.008188730111815201,0.03730798121660736,0.03465661426187541,-0.0024442362494948022,-0.004462854889867751,0.0,0.0004368180549206291,0.0,0.03471760974620669,0.0,0.0,0.0,0.0,0.04523656311097085,0.0,-0.00433191141524053,0.03052977067438134,0.0463689075208758,0.008579048627102515,0.03673659130581686,0.0,0.04836388520218615,0.0008398892134625635,0.0020045454462763734,-0.0030128175247300937,-5.551115123125783e-17,0.0,0.0,0.0,0.058160707773317,-0.0023757124924070894,0.0,0.0,0.048835049725886814,0.0004904005442273873,0.0,0.0,0.042352033700258473,0.037019231206146974,-0.0010608501767057632,0.0,-5.551115123125783e-17
0.017618138506063308,0.01616593344876527,0.0010641614737150196,0.0047441358024352676,0.0022696913357931336,0.04720637574695663,0.05715697263937192,0.015458239595282641,0.06636805636525328,0.004484367363423947,0.0,0.001357343117337484,0.03449583352014829,0.00012257848618546507,0.0,0.021363254765683903,-0.001275937646624703,0.02774974529291746,0.0,0.05499885128420218,0.024133948398496474,0.04254376815913902,0.04019579221116243,0.01788262060961815,-0.0006549617243492567,0.031297552412103025,0.05048001047541545,0.007287057545525721,0.024219775066843086,0.0378864065087362,0.02633759791682433,0.03351130877536723,0.04683669348305469,0.02742038997810753,0.023750437665325863,0.08285051998028536,-0.001357033464788937,-0.00017776621019255368,0.04613476720338194,0.056051710434798674,0.04639577164713443,0.04112926746634371,0.056352097035236526,0.0016561874219385153,-0.01392832887611839,0.009881267380779268,0.04478702041373134,0.00301421111709399,0.0,0.0,0.03616086670778251,0.029031513634579176,0.048288424631494964,0.003679725001158818,-4.6349475561757725e-05,0.0,-0.00012359651024324014,0.034749653198073716,0.0,0.056198562343674596,0.04596822435543646,0.000825513137558187,0.0303996124927553,0.0,0.05671942270555125,0.03593201938422608,0.054492372542247036,0.043329445424317825,-0.0012864454695498129,0.034018071689740303,0.05991809314471375,0.04272612300058104,0.03845941176565404,0.04095871042807192,0.0271171601924588,0.03558738986612431
0.009398189892049547,0.024926659828207853,0.003528707998192826,0.0,0.022972592906108813,0.01289567196751129,0.031002475804376595,0.011981219706952151,0.02872051072011883,0.03001864363852691,1.671089178245655e-05,0.008919867564315898,0.020261542578302427,0.0,0.021363254765683903,0.0,0.022118530555653937,0.008250711799131727,0.0018520144260306126,0.03522575276376522,0.020277859387849984,0.04206037919097255,0.021235440018800567,0.021973805953999448,0.031509621911287145,0.02960672348833121,0.013772517618016344,0.007016907562257313,0.014357801546293347,0.010957876612530781,0.033493610478361246,0.015131014446436719,0.024803029804753796,0.039768722431170744,0.025236100809216122,-0.00697570852534074,0.00010980053725517802,-0.004287828128719473,0.030586125338718184,0.03705015572422776,0.033509603543599775,0.04118111269161345,0.00015101215953666758,0.0,0.0,0.028829616847343364,0.027129284864668146,0.0,0.0,0.0,0.020525957482498747,0.00024624628015423866,-0.0040417906280798555,0.0,0.008317998210984945,0.0,0.0038665327515808867,0.0217720168790857,0.0,0.038380889843453836,0.028988517760595245,0.004864306832427556,0.03481969202687801,0.0,0.02565968704072835,0.0012468087269043027,0.021244886787436912,0.03878524963307278,0.04540651566867915,0.027019198475723205,0.040323085597781194,0.028409074933787304,0.026099488166878626,0.034333054104421445,0.000313559522133966,0.02745533198665595
0.0001821063563318681,0.005109799027184059,0.02023637078399687,-0.0003042400964684555,0.020767578482264126,0.03176695688594822,0.016764676587413818,-0.0006681162958925291,0.025542115542535992,0.018723882743089837,0.01693682731243934,0.008913503797506606,0.03449536831341832,0.0,-0.001275937646624703,0.022118530555653937,0.0,-0.0003573031414816352,0.016548285088829773,0.0039070307223517675,-0.013916163046690189,0.04415452724682384,0.012065206205669587,0.007728085186914646,0.027359607565037525,-0.0006048722401987838,0.03870762933107569,0.02725013393063397,0.04059343222521922,0.00107150586311755,0.023932491505220255,0.0360375159363458,0.025479744423088813,0.03067040503506019,0.033203294950779616,0.0020689076537593887,0.0018335347174751604,-0.001351707321166573,0.05788946301207376,0.035171182840934956,0.05162574535823139,0.06566927133999595,0.0,0.0,-0.032952804469874086,0.0045665139182037295,0.004694816206710917,0.0,0.0,1.6653345369377348e-16,0.0016882193561895686,-0.00019918059267026722,0.0,0.0,0.02700434048605138,0.00035349208451673775,0.018253462448462043,-6.0845613674587185e-05,0.0,0.0,0.01070752459783747,0.040665691993283126,0.053115847189527665,0.0,0.0004004188195146918,-5.551115123125783e-17,0.003542886483716756,0.0016007506819814,0.019904542399363956,0.043831425965105086,0.038175024337154695,0.0,-0.0009090665302013412,0.0008424110128908979,0.0,0.047215409904544814
-0.012367848041565377,0.010101108306864004,0.03071745412496546,0.0,0.029228946744528972,0.02896718073097676,0.017395447763881577,-0.0034009690094966016,0.042633022496613826,0.015586126640810383,0.022024708172470264,0.0004490770506825892,0.01862907917901313,0.0,0.02774974529291746,0.008250711799131727,-0.0003573031414816352,0.0,0.023821604586159284,0.01398202976922186,-0.0030979405670698013,0.033491443447673463,0.021229255382186563,0.007875405392071377,0.035778155349404095,0.009985650939878465,0.02747417154794579,0.017846824152204455,0.01001484448741613,0.033965391231814746,0.03480768418873148,0.025398020970620383,0.026507207579100245,0.04118240054999328,0.02773767328499932,0.04434647506668249,0.0,0.02132643888208091,0.03118617402640056,0.03215086053268579,0.052370972547685635,0.04180589179737615,5.551115123125783e-17,0.0,-0.002197015806391256,0.005391454487985281,0.010403710988965587,0.0,0.0,0.0,0.020424591016973248,-0.0002552315337327471,-0.0016377589741184972,0.0,0.026636994869444708,0.0,0.02219118411790988,0.003799992556795584,0.0,0.00566651558127601,0.02626874442241056,0.040635619887747276,0.050269777135237836,0.0,0.024388358970737434,-0.0029729234472051225,0.015900163814343782,0.007312321271189415,0.016803206137295357,0.03700155136694999,0.03705363039762938,0.04701292389705486,0.0003441076858239356,-0.0035215357699078242,0.0,0.027856723362924052
0.0,0.0025876555701216386,0.03905962956061282,0.04387454150394232,0.0452605693873146,0.06298276068797415,0.037299903414736935,0.08798342130661191,0.014292727731542554,0.02957680150582559,0.015828925957518336,0.013665549429117407,0.03221569875546171,0.0586656225078806,0.0,0.0018520144260306126,0.016548285088829773,0.023821604586159284,0.0,-0.0005349500745916447,-0.007665963771930295,0.01948294105792675,0.05738002157457739,0.024256762604504656,0.02098901063761588,0.0216844666755745,0.01634035157698155,0.03316801660756663,0.019853897793920106,0.0052348377491400755,0.0461728559560759,0.03198217694118799,0.005982168967546442,0.04838423411382964,0.04832604580361616,0.03273899681437925,0.03559644291585867,0.01624530263443863,0.06628678077441025,0.002544742273526579,0.0637882321391331,0.027788491864861542,0.08726146034042653,5.551115123125783e-17,-1.6653345369377348e-16,0.0,5.551115123125783e-17,0.1490968001687386,0.0,0.07623311197924298,0.0819871048673082,0.07137644341202154,0.08899227099628493,0.07304526773383191,-0.0017322305138542937,0.17012941652735486,0.0012817597077652287,0.05966477199416864,0.010787056236810144,0.0015633618737677102,0.0,0.0,0.0,0.09566338017345533,0.043851127067805085,0.0,-0.001355382526458615,0.07206448191086734,0.0,0.0,0.00035156224957783033,0.07828386576652324,0.06474003134898143,0.035723418296654263,-7.620337065994409e-05,0.06472570239030018
0.012016464149765593,0.02622845811463842,0.03314739461121646,0.0025532224811269932,0.022999154274897016,0.02237037706809003,0.025564348357939137,0.028184308728259277,0.023761831280949608,0.031185181705511378,-7.680106575491674e-05,0.010611412008824372,0.01885780011539634,-0.0010408582186566262,0.05499885128420218,0.03522575276376522,0.0039070307223517675,0.01398202976922186,-0.0005349500745916447,0.0,0.01697986648577049,0.04126046400646327,0.04339200615985367,0.031837439773931775,0.01027590088803676,0.03217404463552054,0.015329261384323778,0.013982343339058068,0.010743242439857859,0.019298556011220158,0.02710174189902448,0.02485460208840451,0.028860950970641452,0.016354799903578743,0.016983509105654826,0.04216781770156042,0.01843069709968198,-0.0031140268281926176,0.0410796333396396,0.0348262385840461,0.045509937989674676,0.044888858431527234,0.04063859019145638,-4.766516660592579e-06,-0.008801490666962897,0.0033477749694099668,0.03073588964003443,0.015160484419629583,0.0,0.0011480595480049538,0.031704896961047835,0.02289202965736903,0.07176464808689714,0.04724552040334434,-0.08757663360052331,0.0012766687692705725,-0.0006293346344380946,0.0365144567906176,0.0,0.04105436664764095,0.03849466711056437,0.001608653340676225,0.03125059650206691,0.0011644666122950786,0.04195553634075039,0.03803227814277921,0.03885404166657658,0.04822267023855009,0.00023720467457816197,0.026087978614443452,0.03848823479893915,0.03960765062442795,0.0388684638720288,0.03845995791669893,0.03345476566269512,0.034899687210617925
0.006456820012314846,0.015651134048859983,-0.009150156372000562,-0.0007988526464678403,-0.0007051659756028839,0.015879627797379614,0.027414381447391112,0.016619118342910355,0.005169417060908066,-0.004326082892064098,0.003933868345664782,-0.09243214146592177,0.021169078947392506,0.0033197902729137363,0.024133948398496474,0.020277859387849984,-0.013916163046690189,-0.0030979405670698013,-0.007665963771930295,0.01697986648577049,0.0,0.02148390983195092,0.01369407471090478,-0.012735192443206256,0.006919476053755869,0.020553320647594298,0.015795010191608228,0.007524992702592326,0.014877808485683208,0.025441240309751312,0.028379703478852547,0.031404047028208426,0.032495105825368076,0.026744226217846223,0.03795108520998841,-0.08197364010441505,-0.004633536491665757,0.06629760750723018,0.044318499421740265,0.05980400961767185,0.045506218575727064,0.045742665627502954,0.06724799478841859,0.0,0.001306020509058703,0.023231864083014753,0.034226276631835084,0.000773157088069687,0.0,-0.0002408803083854827,0.041290244947708554,-0.001634919851089378,0.10870275248090433,0.0019822074157992975,-8.2959673865457e-05,0.0,-0.0011408570172617427,0.042340905503348236,0.0,0.041790983764723955,0.037685545228873296,0.0,-0.021001585397857514,0.0,0.051140505839790185,0.04795174132310431,0.04206109452226514,0.0613744266553124,-0.0020483794231043184,0.034686654140651696,0.05115597057113713,0.04898316610332426,0.047981759218171494,0.048931504746255405,0.01253169487157707,0.0467412233273653
0.0233541647451021,0.0259467220421033,0.020133792612633095,-0.0006899492402545615,0.028460577476048854,0.01923172984314131,0.027200729135085144,0.012207087350523393,0.01819567970702679,0.04573159502959062,0.0012377190064777333,0.08486614521850394,0.017339042262306925,-0.00021622057500825242,0.04254376815913902,0.04206037919097255,0.04415452724682384,0.033491443447673463,0.01948294105792675,0.04126046400646327,0.02148390983195092,0.0,0.02483103992440394,0.05101719608819899,0.02774189130394994,0.03379434936420139,0.03273060870284167,0.010087667557808877,0.014601587509365077,0.0017546111023865607,0.014732132534683084,0.02006185112959258,0.022765969857351354,0.014005295892486835,0.018013162166760188,-0.0013502535441412,0.021375520401265447,-0.0010458312631786981,0.03739538003257392,0.04883738655792702,0.03753150038253489,0.04332727661119584,0.060066959275260956,0.0,0.0007103049550334362,0.029435381536851324,0.03269608224572057,0.004098982273733065,0.0,0.001192822551798367,0.029718487038103203,0.019096052502866556,0.045148050742792434,-0.00021911694778359303,0.0009659608356320515,0.0,0.002175758572852182,0.031145400756610375,0.0,0.044010301679200725,0.03438330148330099,0.0044833080027621985,0.03250661975576358,-1.1102230246251565e-16,0.038268314851716945,0.026876417169796496,0.037764986499029984,0.04191761203618549,-0.0010911293367802943,0.026088924450107853,0.04760426679953067,0.03651492784934918,0.03467881570729575,0.03162528403214204,0.0012589082895965165,0.030056819719842642
0.01816447840039348,0.020466962387310217,0.03040108614035658,0.030135530501279706,0.02870358538160217,0.02714334929830914,0.030613066783465703,0.022864132052971886,0.029840837193460867,0.018448556983329367,0.01923935852875186,-0.0032701691550106604,0.021455878541431883,0.03681546500120275,0.04019579221116243,0.021235440018800567,0.012065206205669587,0.021229255382186563,0.05738002157457739,0.04339200615985367,0.01369407471090478,0.02483103992440394,0.0,0.0003028197735129856,0.020810234932745142,0.02899707094572418,0.011783009020044033,0.014654200874339385,0.020049744734506825,0.021655526602235298,0.026079510213776247,0.03061602109938355,0.036340096196309735,0.02642691488658605,0.03354837419384249,0.016523662257576455,0.03757546219593533,0.025213556332251308,0.039553465404073784,0.06166757637904646,0.036138999491325374,0.044108252249794644,0.040035581818973986,0.031550117589745796,0.004370501136213012,0.0263590934034878,0.02943614365059455,-0.028675277629060303,-7.49981990315618e-05,-0.02702716176203035,0.04049135128148096,0.03199306763034049,0.04102590508821241,0.033817359353617404,0.040365427405441245,-0.16012282186677473,0.009097800200142392,0.035228504135975336,-0.019549383767750228,0.03217968991132614,0.03529686862251469,0.0020733934066816673,0.01808573909438055,-0.2099882163760478,0.03549824659284745,0.04079263175149461,0.03877474907628026,0.03374009782112042,0.0004904437909131198,0.030171479511716837,0.026367264716663508,0.03640180627907086,0.03086269023503707,0.03205613332496615,0.03389417835097397,0.0333407003988212
-0.021880764674736763,0.001110906013679469,0.013687369748952072,0.0002615106790568311,-0.040757569863947185,-0.01257050943949689,-0.013003385936993295,-0.009429422974537749,0.018310893749447943,0.025371482429284054,0.009489183927646971,0.005880912211509215,0.004655012288510452,0.012757303718240354,0.01788262060961815,0.021973805953999448,0.007728085186914646,0.007875405392071377,0.024256762604504656,0.031837439773931775,-0.012735192443206256,0.05101719608819899,0.0003028197735129856,0.0,0.006777509483487931,0.01432211040507253,0.0077122284316368805,0.019843446736311665,-0.0036131919112109,0.0008596438313200894,0.022844003755359388,0.014317410403021869,0.048437331739758005,0.0058003579528857485,0.00742774343716196,0.02785782277636034,-0.0035105366490280066,0.019748734929632528,0.11626507575630918,0.04782342450213006,0.035187961687118297,0.008221278017483069,-0.03361857061622198,-0.00014815897740655393,0.013295436396056182,0.02154334148313969,0.027189244250051647,0.00016087353726484954,0.0,0.0,0.10438348083399296,-0.0004509352405115963,-0.0006863162143776469,-0.0008793475117838123,-0.012360772495416394,-0.0006175530714417343,-0.012188971159234674,-0.0027607533505099036,0.0,0.0008805671212456234,0.03540525282175294,0.05204595406809093,0.04835069644450268,0.0,-0.0014630615854486217,-0.004133764884455549,0.01121316962562946,-0.00045748610734325235,0.004296018511888988,0.042875270150676104,0.025946451542461557,-0.0005344613177518109,0.004912842110559645,-0.0005377069684934233,0.0,0.024061387057844053
-0.008741088025260857,0.0234994083447006,0.060202615089323674,0.0,0.04215201484714581,0.012847929332868713,0.020797054049003727,-0.0009464859091669608,0.06568361230040509,0.011156693985294786,0.02120175120361001,-0.010650696446814156,0.018360370251578773,-0.00013157898438120874,-0.0006549617243492567,0.031509621911287145,0.027359607565037525,0.035778155349404095,0.02098901063761588,0.01027590088803676,0.006919476053755869,0.02774189130394994,0.020810234932745142,0.006777509483487931,0.0,0.028748938042710503,0.012240629366356226,0.014806651933502224,0.010990111548458692,0.00046802343626778375,0.03566024318691069,0.023599169163863565,0.02724603403186926,0.037956325164112126,0.02829003534604163,0.018132248442354282,0.0013508025598027995,0.016233887701898486,0.03203569111071308,0.034318313907121145,0.04189831391210547,0.034951520626678056,-0.0007612955346353867,0.0,0.0002156170482556785,0.008649113469469893,0.02378262352680144,0.0,0.0,0.0,0.026262166524455732,0.0013587556941510037,-0.0003194762381218963,-0.00010530044106604741,0.039264597221335906,0.0,0.027881044772982977,0.02143458577641366,0.0,0.02315721889414174,0.027779169906943846,0.04400363391585832,0.045723112566188884,0.0,0.02090370340680442,0.02946085344606919,0.00757076861733641,0.0245146397130368,0.026803114307718756,0.032426122368428845,0.03502376308870708,0.017965661828841406,0.012027690156149018,0.010354835430857856,0.0,0.02537631119967859
-0.0006292360989683665,0.04090209624200197,0.041034235862336954,0.0024559954035668907,0.04867719012782529,0.025874445648579214,0.03313874391181282,0.010195414803268521,0.04710462667320564,0.015797694106024496,0.024973696463336414,0.02825660876187447,0.03289295039389656,0.002332576284829302,0.031297552412103025,0.02960672348833121,-0.0006048722401987838,0.009985650939878465,0.0216844666755745,0.03217404463552054,0.020553320647594298,0.03379434936420139,0.02899707094572418,0.01432211040507253,0.028748938042710503,0.0,0.03173700998154383,0.024844708490258383,0.024130398325634905,-0.002971879128979449,0.03488265752524489,0.037547881221007884,0.032345396940502646,0.03830578083811137,0.03554985094658808,0.03329597493007219,0.0017935638706707002,0.0132743934477213,0.036210022767309835,0.03736099260995884,0.03763370320448145,0.04151105610780653,-0.017439437418927506,0.0,0.00680689551643382,0.029249244752330095,0.03554341384721138,0.0059244501832184104,0.0,0.00048291044709708464,0.026040102171682955,0.03175781260284932,0.015441643957371132,0.00017075987622250377,0.029280566185496404,-0.00025519552350083963,0.012005404006519782,0.028408920056554543,0.0,0.046137117385489645,0.03688759047186485,0.044793347043072196,0.044061345704483,-5.551115123125783e-17,0.03550519130804708,0.03628235199957153,0.035680193269725435,0.03271874947684711,0.008574900740837388,0.03375658934611803,0.041382630355556116,0.03152391163615653,0.021358453721010917,0.030818808651259078,-0.00014740107428801164,0.03088133307622931
0.01448879672599529,0.025483660868332536,0.016370236356351375,0.005619345378688301,0.018040626410672722,0.02811113646050295,0.014299280533694225,0.021753068181755653,0.02333282550408111,0.021935789657953286,0.014624373340080044,0.00781716786718012,0.019389468478730743,0.04687721876746842,0.05048001047541545,0.013772517618016344,0.03870762933107569,0.02747417154794579,0.01634035157698155,0.015329261384323778,0.015795010191608228,0.03273060870284167,0.011783009020044033,0.0077122284316368805,0.012240629366356226,0.03173700998154383,0.0,0.019465275916271674,0.017284179821976553,0.016369121991971103,0.02271338560588837,0.032756439921103,0.026322453407793267,0.02024505335517318,0.025741904260809745,0.013280784566183368,0.023805913028423165,-0.003013856153940675,0.034677927964476274,0.0645177414276038,0.036481174106752445,0.05478772468478177,0.033000963089336866,-0.04547400733927398,0.002879267269173924,0.0025591789589776703,0.036449558882740984,0.04733135139635802,-1.6653345369377348e-16,0.03800815144642833,0.036522448191039,0.0286367551358917,0.037476084650380936,0.026503895234315067,-0.067010365588692,0.025912499639633935,0.001544943866952031,0.02983372090575942,0.017892211508405587,0.0356719048892844,0.03788683694412248,9.85352462760658e-05,0.004635514651379902,0.032267535311724105,0.032168780588013424,0.04050625766242255,0.035966222658303515,0.033030373647003564,0.0019012487294147173,0.028295664819111277,0.03752835128813353,0.03323063566873352,0.031451276864556066,0.031157841435588862,0.028854265587923256,0.029997209042451844
