0.0,0.02202480466555401,-0.016219787521736362,0.0,-0.00022633641726915732,-0.0095367212136937,-0.0006765102583665139,-0.00014501329483807002,0.00823901154704676,0.010510333476170475,0.0002638190568129972,0.001445574188726928,-0.000248172024215787,-0.006211245754321637,-0.02688389055689372,0.03613861299876803,0.010877322517018062,0.022430066329330756,0.0,0.012190394196806176,0.012901916998627194,0.00908961225945737,-0.010136926783554823,0.01732514715242478,0.017294175917514254,0.020293809255613304,-0.017102285739697187,0.022149638196936883,0.024063484159102033,0.0026712549120319062,0.013201277636059217,-0.008934241423113443,0.02811636075641144,0.007123507861048761,0.032164178794872544,0.0013207205391151389,0.0,-0.0024380640262550157,0.02496426975707222,0.07588316861811706,0.040708571772863744,0.02448489635262452,0.0,0.0,0.006123517631808184,0.024119889563445573,0.031718787320966335,0.0,0.0,0.0,-0.001788798940375369,0.0,-1.7541019590339157e-05,0.0,0.034027890029105834,0.0,-0.011001602838742741,-0.0026686888892080707,0.0,0.026210098740067633,0.03501196824659619,-0.013008930135949281,0.02982748784594874,0.0,-0.007651596394520288,0.0586443014065961,0.03778858259652196,-0.0037008984103550358,0.04169344893205795,0.0261921307585104,0.015135130334055502,-0.004170963998244848,0.00030787331008985674,0.00029478877093269684,0.0,0.044427132616145115
0.02202480466555401,0.0,-0.011592115491237454,0.0,-0.017271733244816012,-0.014774079752859104,-0.022618990232970704,0.018431600135107473,0.001361870151868616,0.027257853875521376,-0.0007821973852398245,-0.0017189332462095863,-0.024096278098109547,0.0,-0.002676818024031302,0.017601162148108362,-0.005907330682796363,0.016668036712789935,-0.0008252489596217716,-0.004473544359692605,0.026825541421071963,-0.006837932375978462,0.0024445946451915335,-0.0023030237244470175,0.01788393676846839,-0.002532561264685207,-0.009206885439462242,-0.016654135407831394,-0.011690334714845263,-0.006588469983835554,-0.017008421882980018,-0.019269028350398176,0.02175484227952701,-0.012143755159952141,0.01449419289805548,-0.0060909166557470695,0.0008785130998864576,-0.0002427330915689696,0.029285981108516657,0.05222873427523178,0.04605582631085264,0.0445813964641818,0.0024209007962673335,0.0,-4.371793172575078e-05,0.030353352240808817,0.040514590866294775,0.0017512534162911764,0.0,-5.551115123125783e-17,0.02063659087019537,0.002851548250157654,-0.004905305188288522,0.00018147948608915332,0.003200846518266298,0.0,-0.00290293070432579,0.04504711636414721,0.0,0.02315546618468367,0.04090798409178731,0.00446275678503999,0.03496398674621698,0.0,0.021500870941588368,0.0444464059552665,0.04409177378653251,0.02050078816705664,-0.0027002570257824154,0.04308711884052979,0.028727375310118763,0.020959258176722673,0.03408760680083578,0.019594165281985654,0.002607955302043996,0.026267628515602548
-0.016219787521736362,-0.011592115491237454,0.0,0.002286706614416989,0.020029124780468643,-0.005631769274406229,0.009581663968789011,0.038899859946346815,0.018237405508744586,0.025413740195971868,-0.027259610135968892,0.01105735161585647,0.02168394084898817,0.001083771394486066,-0.0018897733939549077,-0.0012013635829514202,0.023622222069465126,0.02365818806733605,-0.0008728865366225969,-0.010625263257676543,0.010207331138798514,-0.02423099574569859,-0.016278716389918957,0.03471871660775877,0.059988952799656936,-0.01110774376256446,-0.0011906136463203376,0.029392689942406847,0.02207167497318957,0.025783596274588205,0.032437385055075874,0.02368828467768458,0.02218538597766112,0.03540666086339794,0.03206978286736151,0.023693815759040282,0.0488328105106155,-0.004633025895492804,0.022495027273280788,-0.003390579265116822,0.022896995520863772,-0.00038700667246738263,0.053101014720481676,-0.0010309343423366424,-8.542258917498824e-05,0.0,0.0022878489777670707,0.024511045367711815,0.00018963941934330153,0.04162252003039657,0.023356165119947758,0.02947585845116807,0.03894134120755577,0.0478236660802861,-0.001091240219706524,0.02427861897788386,0.00010334728060407139,0.03442038671700476,0.05319878763052133,0.0012807498002397888,-0.0003325478590263109,0.0,0.0,0.05867998027216631,-0.0029765797273848538,-0.0012323467209744976,0.005562374569499373,0.034194713091364126,0.0,0.0,-0.001796311062155831,0.02036023147332755,0.01700489340662381,0.032274811246246315,-0.00026115111904190247,0.030515590942202908
0.0,0.0,0.002286706614416989,0.0,-0.010737437625788437,0.026099269205564435,0.005374982373989368,0.021692218103108507,0.024191928467155288,0.0705075372519528,0.012307170396214151,-0.14276030867326012,-0.007118700360828678,0.007783196642108636,0.0012218684246723122,0.0,0.00018539851675203334,0.0,0.03796571545302696,-6.713376523381775e-05,-0.00043438073116131015,-0.00045085250635545915,0.00038840212896756876,0.0013771841618622216,0.0,-0.0009618613074214855,-0.0008596435377578038,-0.0005361871658071671,-0.000648013353030108,-0.00013446989078363947,0.019510241235895842,0.0012406453206519896,-0.010921605585164418,0.016832238612491612,-0.008859217338078151,0.005293618155300717,-0.012823237941936932,-0.0027417586423725826,-0.0006894011524186672,0.0,0.0005232671847501535,0.0,-0.00037242107023299775,0.0,0.0,0.0,0.0,-3.748593485691787e-05,0.0,0.0,6.882382614092908e-05,0.0,0.0,8.775940034544405e-05,0.0,8.984347281332239e-05,0.0,-6.60653043913495e-05,0.0,0.0,0.0,0.0,0.0,0.0,0.0,0.0,0.0,0.0022223536262913623,0.0,0.0,0.0,0.0008249936235573685,8.601955961728969e-05,0.0002072603983682697,0.0,0.0
-0.00022633641726915732,-0.017271733244816012,0.020029124780468643,-0.010737437625788437,0.0,0.00728439086009719,-0.0057962124335591,0.05569414625233382,0.0003753449388890773,0.011135829594773605,-0.0024806513950959563,-0.008804990632246823,0.007279290888397905,-0.0007512506522638351,-0.0011754774304152948,0.02048200180457399,0.02910018837857753,0.017593325923849323,-0.009448477381411247,-0.008977519992490246,-0.00491734192196408,0.0017682034678027647,0.015452868567399691,0.004059373746308714,0.01123560868186585,-0.01334199271650044,0.018307333560136307,0.0023196316340202694,0.018170135500614637,-0.0076988055978946535,0.012969535628132911,-0.005520454965777688,-0.01333097401351413,0.0067179662275849705,-0.012174138732223616,-0.031758271665890625,-0.04436258828735362,-0.026639689376530995,-0.04387533161142371,0.006304569704222274,0.03753771521149929,0.0024158164157298545,0.0319521828017762,9.227181395432549e-05,-0.019285097826345743,0.0,-9.064621924981253e-05,0.041990260250507006,0.0,0.04343518126459234,0.02702714562467501,0.03370693079758169,0.026738944307528545,0.037364016558208646,-0.0004996016754283961,0.03299757921888896,0.0027686676958054157,0.04677221543118504,0.001480896210910243,0.001016631621598374,-0.0011271644468490716,0.0,0.0,0.051255577615568315,0.03480877864857751,0.0,0.0008072139072513584,0.0288101738801515,0.0,-0.0002610613412554752,-0.02626910532649601,0.01929254155162552,0.03998201383771882,0.03618476600076137,0.0032289989224474347,0.03882989301191275
-0.0095367212136937,-0.014774079752859104,-0.005631769274406229,0.026099269205564435,0.00728439086009719,0.0,0.00839969665255641,0.013210595634384814,0.013023057988521769,0.02359414394650916,0.019902512227988223,0.00963760849573092,0.022343888982340354,0.020221455046230408,-0.009829541589883306,0.03224519009284543,0.04269817303903539,0.02270524129973739,0.008876398892880055,-0.005271824686374271,-0.005022906246740455,-0.0029910049935568117,0.0023321580592592372,-0.018964480788698557,0.0075092628071249945,-0.00949613534789423,-0.010359434901257403,0.020312975422739687,0.007699986626954369,0.017823562310044894,0.01971797408380621,0.002641833931041282,0.0069426186117521604,0.021769406711728945,0.011703262765241251,0.028876521784527598,0.027887671498388666,0.0034247961577214547,-0.0011446795009668054,0.0216394977556581,0.012220328409834558,0.044653195069441765,0.017944194188663942,0.0016969074984297117,0.0015784240809913475,0.014366267118568365,0.0199181538683893,0.02991553326922225,0.0,0.02118948681964461,0.0198157053094854,0.02315210334795237,0.005873343306455336,0.02465156438282412,0.03323380299613854,-0.004255934159772767,0.002634405010592644,0.033566072378179435,0.005230479727541204,0.004914196457108777,0.018882068221744375,5.551115123125783e-17,-0.0030481315352350324,0.022251105794353854,0.016476636371528464,0.006684506631635334,0.014519766640207876,0.018092768130495096,0.0,0.01715593204827537,0.012544512231170868,0.010013314323055855,0.025996323682711875,0.03130389667987077,0.0154489220588373,0.02834715106808039
-0.0006765102583665139,-0.022618990232970704,0.009581663968789011,0.005374982373989368,-0.0057962124335591,0.00839969665255641,0.0,0.037915515416067525,-0.008167578120879204,-0.00395453642624416,0.02218280819447732,-0.026769278765678528,0.02131813815617556,0.027351114477489336,0.0010260467370525328,0.011103171485314478,0.02103232997638621,0.010621643964316141,0.01049122591148327,-0.0001154130927638608,0.028533847398974688,0.0050864744125837524,0.02132583886197509,-0.014812556208503302,-0.006874320553297231,-0.015987512199413523,0.01101008742520515,-0.02111820384466917,0.009329959735853655,-0.006273417715082996,0.0018007206753490324,0.0029503639357224554,-0.010254208610402993,-0.014331336873186717,-0.014956295746973436,-0.006146784193478749,0.005755215361715027,-0.03349013922144117,0.019541940560628135,0.05097903553894084,0.014700693948430876,0.0015378163903430053,0.04532328022703597,0.0008200279154394474,-0.05127742461913354,0.00016035472096920245,0.008417046921898652,0.03934526676204686,0.0,0.02996453520445186,0.032207321963429014,0.034213582344249094,0.02926265179264398,0.04020810556322851,0.002348466808746341,0.028070776499430683,0.0034838464113927103,0.045786123671657686,0.0020591517947252114,0.006821333158744558,-0.004109352972096969,1.1102230246251565e-16,-0.0003260194176261111,0.030940358173268234,0.032693900782297,0.005404074203007647,0.026998742745922955,0.03453546328515511,-6.369147844720313e-05,8.898540045665371e-05,0.009274269985402539,0.026022866871307948,0.04303402346330054,0.05273971817603096,0.04027263573722972,0.041006721676751234
-0.00014501329483807002,0.018431600135107473,0.038899859946346815,0.021692218103108507,0.05569414625233382,0.013210595634384814,0.037915515416067525,0.0,0.03513538367620178,0.0198873930044009,-0.007949129497621055,-0.014468731345272878,0.03521345361861444,0.013354061510882198,-0.038841740130896085,0.011099481812381351,0.015428472920716751,0.007796714192344234,0.06601644493727271,-0.011443973173650701,0.02655940178378008,0.005468736335680124,0.019804898212785138,0.0044853339755807076,0.0011387721438727016,-0.00465823953049066,-0.01013021389719082,0.0156765329990865,0.0025352062324307534,-0.028023248390006528,-0.006136252619497795,0.022846595295496874,-0.011736050555206268,0.006205463107073372,0.009749696093386107,0.04044148539550535,0.04910937810055199,-0.06856269181347574,0.033494768312971324,0.009839108367667992,0.024602299087285395,0.0035523363673529706,0.06466305887056356,-8.571230528553464e-06,0.00031261758777284543,-0.00018130638680813327,-0.0020101307147809555,0.035291177239557325,0.0,0.03919507973687031,0.014575596680600267,0.021715063052698325,-0.016121491684002787,0.04017896225379747,-5.800156466395645e-06,0.03621319378406834,-1.1102230246251565e-16,0.03777525497205203,0.00729655590112166,0.007394408109926809,-0.002801812141100868,0.0,6.9338598196466705e-06,0.040732167226432914,0.012012207610881176,0.013841689980747252,0.00945203944061751,0.018832831760653423,0.00029873908707628294,-0.0001531009676157824,0.0463356386202024,-0.00297793165974225,0.03027353744574407,0.03374630334577239,-0.00419377329994719,0.03489082539590149
0.00823901154704676,0.001361870151868616,0.018237405508744586,0.024191928467155288,0.0003753449388890773,0.013023057988521769,-0.008167578120879204,0.03513538367620178,0.0,0.026298102863563655,-0.008496136682322852,0.02002221488380085,0.0050023628940021325,0.0196414116737329,-0.0034440495545903227,0.028843696960755394,0.0322660082198985,0.02984466716754386,0.024663033931467737,0.013774041217807731,0.009390265004538934,0.008983208612542815,0.010320049231097583,0.02883629099850643,0.017972769893118523,-0.0035620843528977875,0.011634730284065531,0.026326495806546668,0.022253721825492734,0.021087711133919607,0.032332264245590825,0.025823143786391833,0.024006299271585152,0.03303974246803015,0.038212110045444836,0.03208888108250263,0.04030969384891897,0.01339140619914253,0.022783444256154417,0.015227245461732986,0.022685965043211742,0.004808997443072283,0.04301795842127554,0.0010095617976026983,-0.0017322534465113448,0.0,0.024589240964887515,0.047843713494861495,-0.0007990250404311672,0.04528148029061263,0.018512837415460948,0.029103144022365024,0.027031455617462563,0.03387858770600727,-0.0007918530831277915,0.03652726513440274,0.0005063175686121912,0.03538711482445278,0.0035565237894511492,0.006482048666092699,-0.0002672145002426962,5.551115123125783e-17,0.0,0.036848142981481424,0.013636942138978037,0.004025288698869256,0.010348310823559859,0.031079815779880837,-0.0016602056357845618,0.0010027230944355536,0.017136238439441842,0.012742535590090864,0.017584782148716283,0.040476298225483376,0.00409831216922063,0.032754871567289956
0.010510333476170475,0.027257853875521376,0.025413740195971868,0.0705075372519528,0.011135829594773605,0.02359414394650916,-0.00395453642624416,0.0198873930044009,0.026298102863563655,0.0,0.0331895787476425,0.0015235057200272961,0.016906225453687806,0.1298218520869674,-0.0008919799802643569,0.04039998180551274,0.0015760708592151285,0.0219404815978671,0.025301383692422907,0.0036169192963838026,-0.010863098065058141,0.01778566461571096,0.021774746163249925,-0.014475375572542859,0.014906530548343566,0.00010860473688084626,-0.0034386863060248962,0.0007189156093233007,0.011734399997882283,0.042882202030908256,-0.01082761107646607,-0.03285872065041717,-0.0074112981616536455,-0.028876299322755483,0.0055684725548287295,-0.026012617688032202,-0.011206460618398695,-0.04930878959551055,-0.031165911736711294,-0.03534312519299149,-0.09810317117853257,0.012019410711138712,-0.010364869592449533,-0.0007067819649341778,-0.04630663151652331,0.029047098200731702,0.03698789666391322,0.003308803701256635,-1.1102230246251565e-16,1.6653345369377348e-16,0.03668193099295414,0.00022716436746633706,-0.0009005652157074717,-0.0006757636527144895,0.009489119065428708,-0.0020619420154545653,0.0076025254452963265,0.11249672440225328,0.0,-0.0018758473398877706,-0.002070734572000854,0.016227606744365297,0.018227987040135785,-8.012377084865019e-05,-0.0020639155252709096,7.540842117748081e-05,0.001747664593724163,0.02219213875530346,-0.02684828010658402,0.020788998487136667,0.004546686960713531,0.024226860756675683,0.00013241256580209804,0.002757936758764845,-1.1102230246251565e-16,0.01591407970791675
0.0002638190568129972,-0.0007821973852398245,-0.027259610135968892,0.012307170396214151,-0.0024806513950959563,0.019902512227988223,0.02218280819447732,-0.007949129497621055,-0.008496136682322852,0.0331895787476425,0.0,0.022440983078494237,0.03564411602810513,0.002340767186738313,0.0,-1.0183320955925446e-05,0.019822320158469797,0.018570179354967686,-0.014000591246437571,4.6801206813940066e-05,0.0013551830171689705,-0.0006621140108319934,-0.03320152453455627,0.013864349714377333,0.021401580193674052,0.0263789730189381,0.0067205835313238205,0.03738910752324065,-0.00642723467428985,-0.008719923512030103,0.036270278575962045,0.023631076025659503,0.02738118291149233,0.04110055391575823,0.03815678946390427,0.020143605866222936,0.01225791384512298,0.01195380543311575,0.025109058394035544,0.0037790200793665907,-0.005143811701698475,2.470337850679627e-05,0.036066626302875826,0.001012211555555087,0.0037787779245904707,0.0,5.551115123125783e-17,-0.08243236256004921,-8.213677927570995e-05,-0.09102025328876512,0.02321848315508057,0.039305966048046814,0.041192237563801914,0.016655506739702286,-0.0009556814781763179,-0.071850676571796,0.0006060313309817489,0.043058042658516094,-0.0027040529672573976,-0.0004846957009257413,0.0,0.0,0.0,-0.08605891289229362,0.0014897670669739016,0.0,0.0012007423471551704,0.03979887467193932,0.0,0.0,0.00014702152225504195,0.02070452579044646,0.013740167451295027,0.002255186765566519,-0.051078024157705515,-0.0003535637327939378
0.001445574188726928,-0.0017189332462095863,0.01105735161585647,-0.14276030867326012,-0.008804990632246823,0.00963760849573092,-0.026769278765678528,-0.014468731345272878,0.02002221488380085,0.0015235057200272961,0.022440983078494237,0.0,-0.005082947724909137,0.0022971984716946836,-0.0041801267681035315,0.037213332144814704,0.024876073553210976,0.03150108278429792,0.018047821105914075,-0.017375200905942023,-0.007762218852315872,0.031712612728615586,-0.017026425606948115,0.004623315932569094,0.037595532789724495,0.04188997528132482,-0.007262305704334948,-0.019378363143460697,-0.008324644175648044,-0.00358593952507974,-0.01434753471758754,-0.0028544668609332136,-0.030608636854719762,-0.035842054836838555,0.02808174243195899,-0.03088728531089585,-0.03766665754229148,-0.0345204453545635,-0.011622599907320175,-0.036487386928114984,-0.041175091574276956,-0.07241615648549993,-0.0054038055484030845,-0.029761437948794184,0.013947473066405536,-0.00964370671307957,3.482486571643184e-05,-0.0006044229763564335,0.0,-4.479815035041135e-07,0.0018456653578056703,0.002337097229269336,0.0,0.01239772057028854,0.007607180225289001,-0.001142889303620609,0.023017184743373054,0.03196221689748385,0.0,-0.0007660987534724994,-0.004603200884785663,0.008467535243272872,0.027666605357896057,0.0,-0.010704325663001557,0.00016661410759610806,-0.00035983861472305145,0.08175893272879553,0.02849685233508653,0.01795395891057905,0.005979181184151139,0.003504606822486378,0.06614353775011289,-0.0017151143702366922,0.0,0.00537082473298689
-0.000248172024215787,-0.024096278098109547,0.02168394084898817,-0.007118700360828678,0.007279290888397905,0.022343888982340354,0.02131813815617556,0.03521345361861444,0.0050023628940021325,0.016906225453687806,0.03564411602810513,-0.005082947724909137,0.0,0.08234684380571095,-0.03310410239545564,0.016455984589277217,0.025054776431711667,0.012155135749425894,0.0280542832031363,0.003881665543010393,0.027285442983999153,0.011226072015508015,0.01813020815697569,0.0010422537090524764,-0.0023839707642862584,-0.013847920544790504,0.010604175122563675,-0.00223126554794173,0.01620761144404842,-0.010437505804772873,0.01094779271007007,0.010436676579811566,0.006784023556087537,0.009901100725670409,0.01080333721654575,0.01153295939175314,0.01805005313601077,-0.02182096215385343,0.030236833519386885,0.020079023242018268,0.0428792956730778,0.000975611130586862,0.037960138140167854,-0.0020456137629648596,0.0007040006935380427,-0.011666937061520222,0.015912994072303344,0.048609035077845975,0.0,0.04516142906057985,0.038832054996633,0.03956942427302357,0.026015024227488803,0.04695811405438388,0.0039159140885105526,0.0324439881649814,0.0024344894677560958,0.045931206010341286,0.0030476264298695543,0.01909291478743319,0.01006918579355398,-0.0007056904150248844,0.008265156603156854,0.04222272499386304,0.027480220433274638,-0.010534274589626191,0.014655400171882105,0.03632364665677967,-0.0005409296872853631,0.01786073664844906,0.008507928261947073,0.02761509336962442,0.03553263056521394,0.044967748958581466,0.04410104897659972,0.04573768737157302
-0.006211245754321637,0.0,0.001083771394486066,0.007783196642108636,-0.0007512506522638351,0.020221455046230408,0.027351114477489336,0.013354061510882198,0.0196414116737329,0.1298218520869674,0.002340767186738313,0.0022971984716946836,0.08234684380571095,0.0,-9.728182042834099e-05,0.0,0.0,0.0,-0.0030828524910910815,-0.0020558916402976246,0.008913440258169925,-0.0020201175138362393,0.005632649332158179,0.0016819305152839803,8.018189851743962e-05,-0.004414320101986613,-0.005824338514990868,-0.006824100419432766,-0.008861684889861665,9.226417441332568e-06,0.05950167567801762,0.0036430025625917573,-0.003336503493191312,0.045670549585715925,-0.013867537861125157,0.03434741168897759,0.025994708918290976,-0.006836689382769601,0.004443037016439166,0.0,0.0010225647336971622,0.0,0.011258964339547484,0.0,0.0,0.0,0.0,0.011185638308034818,0.0,-0.007476076988218283,-0.001745325831919553,-0.0058219558953026,0.009374681204704027,0.0018981155182485887,0.0,0.004826871347638817,0.000836309115138878,-0.001306636206669265,-0.0010071834705485117,-5.551115123125783e-17,0.0,0.0,0.0,-0.0005721834330186804,-0.0015236062469933254,0.0,0.0,0.0031220439612775763,-0.00029884139062996695,0.0,0.0,0.004852717874861301,0.0027784023812097436,0.00033885372309022666,0.0,-5.551115123125783e-17
-0.02688389055689372,-0.002676818024031302,-0.0018897733939549077,0.0012218684246723122,-0.0011754774304152948,-0.009829541589883306,0.0010260467370525328,-0.038841740130896085,-0.0034440495545903227,-0.0008919799802643569,0.0,-0.0041801267681035315,-0.03310410239545564,-9.728182042834099e-05,0.0,0.005108071912693302,-0.0031716480612539177,0.0062737524595977145,0.0,-0.012807867437466758,-0.015958056078218652,-0.013691057477105917,0.017042148702641202,-0.006667043972331255,0.007073302076206711,-0.019945864394112778,0.0166818780142986,0.031114819345181177,0.0004623822249046339,-0.003027283203547615,-0.01982181622023438,-0.018539179728791877,0.0022362754690988806,-0.011977643546696393,-0.0015844061469714177,-0.006725666516157691,0.033242311942638214,-0.004635744408782172,-0.01686326111936165,-0.003877347652264551,0.004366208180283548,-0.004919601679251873,-0.001392414282844423,0.00033700383556101166,0.001971123280657572,0.002233864275408448,0.008145117674620117,-0.0008555921331767635,0.0,0.0,0.009881659811441235,0.003457078233916444,-0.01077452506211607,0.0010118325793554428,2.8244548043121487e-05,0.0,-0.0010480739525062788,0.007596865645252138,0.0,-0.012187856399999364,0.020137157037414588,0.000382392537389864,0.025817549492170133,0.0,0.010328663797533333,-0.015176644974974007,0.0017054982642671357,0.0025489752072129224,0.002664229471741275,0.005792890409126228,-0.006768441370714973,0.00908846376207223,0.01749368998653794,0.020451612968799715,0.00391394405567419,0.005487762475128832
0.03613861299876803,0.017601162148108362,-0.0012013635829514202,0.0,0.02048200180457399,0.03224519009284543,0.011103171485314478,0.011099481812381351,0.028843696960755394,0.04039998180551274,-1.0183320955925446e-05,0.037213332144814704,0.016455984589277217,0.0,0.005108071912693302,0.0,0.01106907700567894,-0.0035261182960332205,0.0014741900586395795,0.014502859971746163,0.03305715816642274,0.010911536205870764,0.01099992005583278,0.024954539845787216,0.014781477336210824,0.01700842979821715,0.024610579847973546,0.013884854504552735,0.010248747777576284,-0.024561443724858523,-0.00033088534208447484,-0.002109561877900956,0.031989470134145215,0.0018643537261734955,0.04484299737832981,-0.007519516781440805,0.00264925106414704,-0.002490174317935634,0.032417059596274556,0.055391114274389586,0.04714242559070431,0.057278844440443344,0.029085478067902626,0.0,0.0,0.04229960299368979,0.045265304705667364,0.0,0.0,0.0,0.06601962479082729,0.09826646768821767,-0.007194635801621774,0.0,0.06612626733410992,0.0,0.04566723776822529,0.08018484693430578,0.0,0.017799073094951545,0.04863094810120827,0.06678898619647694,0.04374805179005725,0.0,0.03241808737790902,0.024212573823721772,0.03936803062883021,0.02435027247934829,0.02792699069312332,0.04537727599761554,0.03458604599292808,0.03553415729140974,0.029212413338721155,0.03584976194730832,-0.012059571740001829,0.045234311599420374
0.010877322517018062,-0.005907330682796363,0.023622222069465126,0.00018539851675203334,0.02910018837857753,0.04269817303903539,0.02103232997638621,0.015428472920716751,0.0322660082198985,0.0015760708592151285,0.019822320158469797,0.024876073553210976,0.025054776431711667,0.0,-0.0031716480612539177,0.01106907700567894,0.0,-0.00460790471450373,0.03450659953012941,-0.004517868361261224,0.0019134161765920754,0.05426346485337913,0.024338228661656303,0.03352451526680239,0.000969061031733276,0.04073282076817197,-0.00020675589342455947,0.04724467800471638,0.002942109193943443,-0.0038892639417689723,0.014602602269365772,0.0022348205615621564,0.026684647005444706,0.02511439377840219,0.03352696827136126,0.03139536888143285,8.027458986081815e-05,0.02212595225634484,-0.1413105243463254,0.034469358579427234,0.015086617193452223,-0.010726645345199126,0.0,0.0,0.030466009523820836,0.017728695584532217,-0.0025729922064483546,0.0,0.0,1.6653345369377348e-16,0.0014130648509904642,0.00012137711917481475,0.0,0.0,0.032854928121783644,-0.000215411804406207,0.030913402291835923,-0.0013356688423850627,0.0,0.0,0.05742356138006255,0.040821965216993494,0.04772613824237515,0.0,0.000686870366140846,-5.551115123125783e-17,0.002613757467280431,-0.000975469063984935,0.04386701462947695,0.0372722620129593,0.025569309261346984,0.0,-0.0025350018431463672,-0.0014509083508206788,0.0,0.04550549982293717
0.022430066329330756,0.016668036712789935,0.02365818806733605,0.0,0.017593325923849323,0.02270524129973739,0.010621643964316141,0.007796714192344234,0.02984466716754386,0.0219404815978671,0.018570179354967686,0.03150108278429792,0.012155135749425894,0.0,0.0062737524595977145,-0.0035261182960332205,-0.00460790471450373,0.0,0.005936379137568004,0.01559157087265528,0.027354509167573093,0.026821845901305263,0.00747317977131734,0.02739501153943502,0.018034529563340285,0.0227885674435776,0.017845549855766807,0.01807231687641131,0.022241155334247753,-0.04759459179506409,0.004487420917308471,0.0025947649914657145,0.028445953776110644,0.006058104235675821,0.032057746504426554,0.002549958316402756,0.0,0.03134013627884619,0.03597681541951775,0.052108180355123324,0.027841993796020592,0.06061667631028783,5.551115123125783e-17,0.0,0.03528519203072944,0.03773559674963867,0.04043795755510721,0.0,0.0,0.0,0.024392287333037332,0.00015553356816416786,-0.0018040706261076012,0.0,0.04681532047034864,0.0,0.0461273703544085,-0.0043070716160499845,0.0,0.009006477502786492,0.05125245917467203,0.046869534618581454,0.04848663180452778,0.0,0.028858470027756544,-0.004445722489017867,0.03604192997508149,0.02553856430077367,0.04708733352724498,0.04278504461677135,0.030939793057973064,0.019566947422963832,-0.005904793488636595,0.03987556526973951,0.0,0.046866427884999284
0.0,-0.0008252489596217716,-0.0008728865366225969,0.03796571545302696,-0.009448477381411247,0.008876398892880055,0.01049122591148327,0.06601644493727271,0.024663033931467737,0.025301383692422907,-0.014000591246437571,0.018047821105914075,0.0280542832031363,-0.0030828524910910815,0.0,0.0014741900586395795,0.03450659953012941,0.005936379137568004,0.0,-0.0006232916896658502,-0.004227405803936879,-0.0020327340888116052,-0.01625912303966326,0.010545981520792391,0.03344541133114176,0.020598160853632974,0.020184932858637983,0.033979863488210915,0.0010692304854537094,0.03293405352071471,0.03414197941216718,0.02371655357310387,0.02328287496870024,0.03727253469770042,0.039493373374099305,0.009330568794894356,0.027573225999649065,0.02534228317215509,0.012723877161081254,0.000896087239989074,0.03275167691670977,-0.001159897169868862,0.058095932664619654,5.551115123125783e-17,-1.6653345369377348e-16,0.0,5.551115123125783e-17,0.10562660721011835,0.0,0.04280679935233689,0.03184495411653254,0.03251442875118693,0.041900847629442683,0.042732493116865666,-0.0010211803412581988,0.0141772683344632,-0.0007810816240539364,0.04392656632662684,0.004438583764760307,-0.00040284293362691237,0.0,0.0,0.0,0.04934013825198569,-8.606588669318738e-05,0.0,0.0007943881135489272,0.043139599168005915,0.0,0.0,-0.0024362366599207097,0.025092122531594985,0.015176346579423239,0.014066516601751622,-0.0006543925968319764,0.027104580438982895
0.012190394196806176,-0.004473544359692605,-0.010625263257676543,-6.713376523381775e-05,-0.008977519992490246,-0.005271824686374271,-0.0001154130927638608,-0.011443973173650701,0.013774041217807731,0.0036169192963838026,4.6801206813940066e-05,-0.017375200905942023,0.003881665543010393,-0.0020558916402976246,-0.012807867437466758,0.014502859971746163,-0.004517868361261224,0.01559157087265528,-0.0006232916896658502,0.0,0.0018698956470949435,-0.015899468224196578,-0.02563823717081881,-0.005582135501592422,0.009804508498563014,0.00029885153172865,0.005862165222078164,0.012265494728442738,-0.009779835467501441,0.022200353221486058,-0.0038212793208839413,-0.015555771941348884,0.015350893595956205,-0.0023565047895695024,0.013881822525654508,-0.02317047186677229,-0.08039669180033138,0.004387114100353973,-0.020649812024878256,-0.012231553003796747,0.005974668007244943,0.00242486086717264,0.00482367630809355,-0.0007368835732731172,0.001030850874636613,-0.0038918733748998235,0.02682881189783004,0.014977253849358274,0.0,-0.002173224406572083,0.013514126808865379,0.016179758587918813,-0.0011182693520582765,0.028341842893590985,0.0018205384101672717,0.0006226902587799787,-0.0007053958393091753,0.011817581371512176,0.0,0.0032842014277945086,0.020983466636008863,0.0008137324062071349,0.010570023913953286,-0.0012215103408069194,0.014761527262068419,0.0005846463803906854,0.0028202978108193832,0.01333556700992189,0.00016051797344601715,0.023099744985868642,0.01186572074137937,0.018754790069006655,0.014680666367629214,0.016859441419493082,0.01472279657102138,0.022627983504994342
0.012901916998627194,0.026825541421071963,0.010207331138798514,-0.00043438073116131015,-0.00491734192196408,-0.005022906246740455,0.028533847398974688,0.02655940178378008,0.009390265004538934,-0.010863098065058141,0.0013551830171689705,-0.007762218852315872,0.027285442983999153,0.008913440258169925,-0.015958056078218652,0.03305715816642274,0.0019134161765920754,0.027354509167573093,-0.004227405803936879,0.0018698956470949435,0.0,-0.010965365178647324,0.002493373946793054,0.008464956090812714,0.019770769575371827,0.00180049951105693,-0.007048302285115049,0.01691866258871183,0.0035659403801152623,0.010478702367192672,0.009805074390767332,-0.008199180340980106,0.028770323842279344,0.005352364878527804,0.014126996928084334,-0.0037141137570553817,-0.003833481444911746,-0.003939272739343358,0.004139749890376132,0.07403907128409376,0.009839886075680038,0.00026677451999645996,-0.006900209513968969,0.0,0.0010272631828293632,-0.028148493563046828,0.019462933917266056,-0.0004711482115874466,0.0,0.0001467881860667264,0.016227837275678447,-0.0036263873055842333,0.034115425997175486,0.0024186394468501127,5.055415332633206e-05,0.0,-0.00021399455664822264,0.006031735722443365,0.0,-0.008005936528362068,0.041113087848939134,0.0,-0.004863350016453882,0.0,0.01247281145722462,-0.0028103150860782633,0.011906262705230486,0.01618607887660667,0.006994448343227655,-0.005329019898777154,0.006525000247864066,0.017142499074285167,0.018425018895281975,0.0205647307020142,0.018879842120560653,0.03188974598254751
0.00908961225945737,-0.006837932375978462,-0.02423099574569859,-0.00045085250635545915,0.0017682034678027647,-0.0029910049935568117,0.0050864744125837524,0.005468736335680124,0.008983208612542815,0.01778566461571096,-0.0006621140108319934,0.031712612728615586,0.011226072015508015,-0.0020201175138362393,-0.013691057477105917,0.010911536205870764,0.05426346485337913,0.026821845901305263,-0.0020327340888116052,-0.015899468224196578,-0.010965365178647324,0.0,0.001581769570386582,-0.00626738680708272,0.009765352389338233,-0.00932572333528603,0.001066649709513201,0.022456852879094824,-0.01657839899465985,0.019941332319479588,-0.011299126897263478,-0.018291294426157234,0.016509126295234378,-0.003813340204018578,0.013485773445021498,-0.041347061231715165,-0.03293864570987759,0.10229006715980088,-0.0014755251248463885,0.021351875186296,0.02157947184611786,0.017075199558955645,-0.00782778803393469,0.0,-0.002019545962148983,0.010120386625642963,0.03350509102223187,0.05186662054735114,0.0,0.0007889518910916271,0.03713583472166265,0.058770286538724625,0.008205960058558615,0.05235238049716229,0.0010684138436929946,0.0,-3.2606918709598975e-05,0.033687208648291445,0.0,-0.0052650654201070735,0.030996259010455718,-0.003032608924832314,0.026346724039016778,-1.1102230246251565e-16,0.006942494425739298,0.00868894464887493,0.014731273500618591,0.008741011301084456,0.001433013962310381,0.020217372337075157,0.023519967557274035,0.016783991590277825,0.01767868980469789,0.021886725074605984,0.0029999450191551813,0.01991697688962929
-0.010136926783554823,0.0024445946451915335,-0.016278716389918957,0.00038840212896756876,0.015452868567399691,0.0023321580592592372,0.02132583886197509,0.019804898212785138,0.010320049231097583,0.021774746163249925,-0.03320152453455627,-0.017026425606948115,0.01813020815697569,0.005632649332158179,0.017042148702641202,0.01099992005583278,0.024338228661656303,0.00747317977131734,-0.01625912303966326,-0.02563823717081881,0.002493373946793054,0.001581769570386582,0.0,-0.00845125435419225,0.0008714006367889771,-0.013877402451744347,0.009018506907752022,0.012993232945489985,-0.004326684546432369,-0.009807481805009788,-0.005153824154093378,-0.0018772711749321935,0.0027118558825139916,0.0019930634827675098,0.013380862732651322,-0.0037257151149655,0.02484983555121978,0.004481471868080289,-0.0005391784475318184,0.00497211651147933,-0.0005426641584296288,0.0028932230948732762,0.029067617929144474,0.0058183239143236865,0.02209074916871323,-0.00039050124998801783,0.011524592917173782,0.07936963851985557,4.570257182040516e-05,0.035715509961462666,0.021401411432677597,0.026336138905675432,-0.005927936699270608,0.02869726671176709,0.03132196971886503,0.04423006544878183,0.011767378285177377,0.03319607312796824,0.037434365893263766,0.0032706656719696525,0.011265677813271369,-0.0006349569121814058,0.001572368526550294,0.07509461206093304,0.014917867362051418,-0.007291272610655819,0.004516334672164002,-0.007700623858295286,-0.0003877914297458207,-0.0025364925098647073,0.002038118973303249,0.010083314336094773,0.024064802749761083,0.023910429019433854,0.018770957768097785,0.021633504303105622
0.01732514715242478,-0.0023030237244470175,0.03471871660775877,0.0013771841618622216,0.004059373746308714,-0.018964480788698557,-0.014812556208503302,0.0044853339755807076,0.02883629099850643,-0.014475375572542859,0.013864349714377333,0.004623315932569094,0.0010422537090524764,0.0016819305152839803,-0.006667043972331255,0.024954539845787216,0.03352451526680239,0.02739501153943502,0.010545981520792391,-0.005582135501592422,0.008464956090812714,-0.00626738680708272,-0.00845125435419225,0.0,0.015512991525847175,0.026511390148322267,-0.0243000942661597,-0.006028332467594266,-0.04438901246124216,-0.0016406418512094345,0.00010583284814602578,-0.007448264636165214,-0.015389176675232652,-0.03436224567793256,0.0038587313186815853,-0.04401938311385939,-0.02331002497820278,-0.09136913037671435,-0.015654136068013746,0.05174258620279243,-0.019786235839557464,-0.08818837884662528,-0.0023104126687559234,-0.00034132772024336733,0.009790817120910011,0.034996710789636454,0.038973397114452524,-9.803347928050155e-05,0.0,0.0,-0.0021838061368106843,0.001157070887937539,-0.0002112599347430244,-0.002848230422007325,0.02780534299293902,0.00037632588468722306,0.051177499985802954,-0.003182370647602295,0.0,0.0015958878469709559,0.03179049807311257,0.04452796179674623,0.04343477198885359,0.0,-0.00037445538046321225,-0.0036261315314199405,0.05311824344737254,-0.0032371915170698595,0.05259337700564359,0.03371666858152972,0.028371249751692362,-0.0007608484553101036,0.008780898370455315,0.0701652012254011,0.0,0.036557462198980095
0.017294175917514254,0.01788393676846839,0.059988952799656936,0.0,0.01123560868186585,0.0075092628071249945,-0.006874320553297231,0.0011387721438727016,0.017972769893118523,0.014906530548343566,0.021401580193674052,0.037595532789724495,-0.0023839707642862584,8.018189851743962e-05,0.007073302076206711,0.014781477336210824,0.000969061031733276,0.018034529563340285,0.03344541133114176,0.009804508498563014,0.019770769575371827,0.009765352389338233,0.0008714006367889771,0.015512991525847175,0.0,0.014731757051469063,0.01060587834778809,0.01739176986955937,0.016482022740434976,-0.0049748043627445004,0.012078183350004601,0.0014905526965263705,0.03680273716479815,0.01676463514197135,0.05142259746102662,0.03315924225958339,0.0008731536711090726,0.00852668726165634,0.031880919048027034,0.05029745756948367,0.03597537076338131,0.06083423931671311,0.0006021348521950132,0.0,0.024363016701879958,0.032348802442367264,0.04780412296801484,0.0,0.0,0.0,0.029207878692911804,0.0014509175469119562,-0.0026389660413357885,6.416822047333737e-05,0.03460390324249685,0.0,0.02961787788499859,0.008311995453426757,0.0,0.020985760817514743,0.051922185134239685,0.04321847197750034,0.04499363339741347,0.0,0.027480882103965154,-0.002696580464900622,0.036227373445113176,0.021997207562215293,0.047291696539559946,0.04075113864048191,0.02895763153020653,0.029543290874503025,0.039825167383572335,0.034397575441417194,0.0,0.0506138507503483
0.020293809255613304,-0.002532561264685207,-0.01110774376256446,-0.0009618613074214855,-0.01334199271650044,-0.00949613534789423,-0.015987512199413523,-0.00465823953049066,-0.0035620843528977875,0.00010860473688084626,0.0263789730189381,0.04188997528132482,-0.013847920544790504,-0.004414320101986613,-0.019945864394112778,0.01700842979821715,0.04073282076817197,0.0227885674435776,0.020598160853632974,0.00029885153172865,0.00180049951105693,-0.00932572333528603,-0.013877402451744347,0.026511390148322267,0.014731757051469063,0.0,-0.0025823785678155686,0.0077250169322529705,0.002116366928318625,0.0022572686246036255,-4.153422523101025e-05,-0.015001110894336978,0.021519727307101277,0.005600606577055911,0.023832404250770878,-0.027238411032855625,-0.001982571896432528,0.015283588729181175,0.018184700642857377,0.04407196329710461,0.030115234353621123,0.03356748678557908,0.004146028428472892,0.0,0.033049649672617365,0.015771089377982883,0.02777692451038799,0.0006296146356935539,0.0,-0.000294277058332848,0.014055547180925387,-0.005325805472378875,-0.0016385010587607884,-0.003212260047450788,0.02979225005349856,0.00015551162416749253,0.033934443305869144,0.02037518528520843,0.0,-0.0030218452287823494,0.03181719730618432,0.042307452545957525,0.035257605808835635,-5.551115123125783e-17,0.01563314127984472,0.012716886590103171,0.026591277610570785,0.009178101118560711,0.035959177948047705,0.02852747857123894,0.0200932554107337,0.008058292070015127,0.01823346039388929,0.016585626210434412,8.982359938036755e-05,0.03128991362671418
-0.017102285739697187,-0.009206885439462242,-0.0011906136463203376,-0.0008596435377578038,0.018307333560136307,-0.010359434901257403,0.01101008742520515,-0.01013021389719082,0.011634730284065531,-0.0034386863060248962,0.0067205835313238205,-0.007262305704334948,0.010604175122563675,-0.005824338514990868,0.0166818780142986,0.024610579847973546,-0.00020675589342455947,0.017845549855766807,0.020184932858637983,0.005862165222078164,-0.007048302285115049,0.001066649709513201,0.009018506907752022,-0.0243000942661597,0.01060587834778809,-0.0025823785678155686,0.0,0.007048885776711533,-0.008101343542687767,-0.019807032793653423,-0.005258735621356259,-0.006859247498161969,0.013025256825758502,0.0007423639023420581,0.009077008099066086,-0.0019224910956626151,0.010889230692991525,-0.01783803589208649,0.0034581105115658595,0.014468560886233939,0.001806550914158711,0.024584518874747108,-0.004699761789039747,-6.270853957879297e-05,-0.00043995397805635106,0.001300748352804304,0.019344751839889984,0.025223084888263525,-1.6653345369377348e-16,0.013701245864864764,0.010762625840804563,0.018687093224106555,0.0005354996317422644,0.01777462016827014,0.02939518475891245,0.01686596650440908,0.002981307760109908,0.025883710243861935,0.001793551288067241,0.016964964119906667,0.01658815932846336,-6.004563080080905e-05,0.02928931701999038,0.03675754696654898,0.024988618823938047,-0.0010455605817555336,0.014789628065819294,0.01121807409466935,-0.0008740853264508908,0.015463459240336375,0.018455220889697588,0.01235793314951028,0.018993831779060444,0.025174374751286477,0.02340580909943235,0.02390937096493373
