0.0,-0.03290658760986004,0.002639355673427657,0.0,-0.0003703851363033306,-0.045870621879546936,-0.0668277892071491,-0.06817390471383061,0.00547668897524467,-0.07596894700437856,-0.0003218321549702252,-0.06126402355793631,-0.06055418548690644,-0.06533240544203522,-0.030086557045798767,-0.04496641539592111,-0.0526046651040577,-0.03561959284258981,0.0,-0.025523898207232887,-0.06885171012437202,-0.030799103232434455,-0.06120618013495821,-0.04361669762410425,-0.03987072196799557,-0.02473810457832587,-0.026078600590692336,-0.06535445812842489,-0.05649100897686771,0.004479424631413709,-0.05214391337071261,-0.03433555549964595,-0.052630465772374846,-0.05364697430073101,-0.05839563818280458,-0.022380885984334076,0.0,-0.06262106548400381,-0.040946737671635314,-0.06145343876346521,-0.059218204849557865,-0.06780189831427114,0.0,0.0,-0.00028790525108540743,-0.12348339747448231,-0.05771335507408021,0.0,0.0,0.0,-0.05820913408749445,0.0,-0.01579166630886597,0.0,-0.0559361711091812,0.0,-0.0731558140187964,-0.08380354996095812,0.0,-0.0919958332944249,-0.050168092497469896,-0.03963893047821537,-0.048907720453987225,0.0,0.004849916636714857,-0.10548280218972383,-0.05893308443581752,-0.0991483073810911,-0.05302590010343278,-0.05623294057082018,-0.06485360932976719,-0.0025854181991443737,-1.7761656283976635e-05,-0.08090034015282582,0.0,-0.04903932766560909
-0.03290658760986004,0.0,-0.0010055976821963242,0.0,0.000543853437344699,-0.04185617747553816,-0.04146976204335212,-0.032764268722900725,0.0019228872617934045,-0.039645863670598525,2.939430809800747e-05,-0.03914715041160188,-0.048236471597118136,0.0,-0.030751266118313858,-0.02262905145363242,-0.03646783236119566,-0.027304676036230102,-0.00023018182155254419,-0.0399808388995308,-0.03920634487572461,-0.022066714717043023,-0.03521695281605447,-0.028318932058147117,-0.008198785510868445,-0.016745632393323384,-0.03735331323763519,-0.05415308630755955,-0.043745098169915286,0.0063923184002561695,-0.02382608816917209,-0.01932775543484605,-0.032909683491773034,-0.02573491779055681,-0.03638489404463052,-0.005507658301976193,-0.00019018665882741814,-0.0009267488800148715,-0.03400407549969975,-0.029773953581711088,-0.035426463098927996,-0.04961068468485641,-0.004956988693873399,0.0,2.5221506748107636e-06,-0.046178385242135744,-0.039690723630044555,-0.001324720551305003,0.0,-5.551115123125783e-17,-0.052516250440990286,-0.002231885866329608,0.007353359220057365,-0.0005956295004138079,-0.035107115433181735,0.0,0.0015340036958624848,-0.05171877252423551,0.0,-0.05404496607386089,-0.03167403326847795,-0.040829033675180426,-0.024600386399719898,0.0,-0.04850536021418261,-0.05651986095267891,-0.04552431849435118,-0.05156348030921204,-0.031448098084076226,-0.026075284816339805,-0.043635016796082726,-0.0444554140239139,-0.042451581655270354,-0.04700202409137094,0.0006391060149077976,-0.029689717842545926
0.002639355673427657,-0.0010055976821963242,0.0,-0.04669357495798471,-0.00816638390007457,0.0018980786842401898,-0.021762508179629714,-7.137036064097657e-05,-0.01397892533717865,-0.03253394392660269,-0.003293867735634004,-0.04654668791511862,-0.02456982465788704,-0.025088956580457955,-0.0016683776819013674,0.0016514929813000734,0.00046172036417752027,0.001572127319249439,-0.016272652605561017,0.0031434411629628345,0.0012817823425197994,0.002819157206939038,-0.02860718239599752,0.0009543594165556946,0.0032448428575466703,0.0061218141732092834,0.0017744792822768085,-0.028591046496645567,0.00012228517760576318,-0.02706648361686831,-0.02757369542734206,-0.017442788341619886,0.004068030512611842,-0.02513997117407446,-0.02984237668368639,-0.01272302296980804,-0.02287274010078566,-0.043542097093480114,-0.03268012550168592,-0.0002366254013823066,-0.03843090060169174,-0.04345514393095962,-0.018114760925463658,-0.00024808829437722446,0.00019009085817983662,0.0,0.0003489201365747818,0.10620297552955649,-1.0940572222228884e-05,-0.08949151241829911,-0.02895450122890264,-0.02862449590204652,-0.016408272704103277,0.015393612581095062,0.0022471906129981623,-0.09949134815970717,-0.0009114650211463626,-0.01388286212266232,-0.029777259994368033,0.002412129996174517,1.9185166678648002e-05,0.0,0.0,-0.038014558297990664,-0.00213207322688419,0.0011906797983268769,-0.005386164508993707,-0.013224243362781496,0.0,0.0,-0.0004008770361156877,-0.002363167796570864,-0.044607145173427454,-0.036275178260923135,0.00020719585898532067,0.00916337387775501
0.0,0.0,-0.04669357495798471,0.0,-0.046064339997824416,-0.03858805318166486,-0.03159325097006388,-0.020736899883319337,-0.04411278287043091,0.016132003774717574,-0.03387460776923801,0.0036635600139055535,-0.07048863273259343,-0.0522118445301607,-1.8613794342869916e-05,0.0,0.00011909898475992442,0.0,-0.024723871904693218,0.0014793207019500043,0.00030348344515351844,0.0032964834997215586,-0.037029421390061046,-0.004062788848460619,0.0,0.001153755396584799,-0.04877741580242073,-0.026778822815793635,0.0001112155408447002,7.75776237293968e-06,-0.03058263224818114,-0.012656144940634106,-0.005746053621395852,-0.05340360918053988,-0.0010840230787897975,-0.01279885094677749,-0.014469309036932082,-0.0004854844774289657,-0.0006091747941275316,0.0,-3.0188040260836768e-05,0.0,0.0004384680033928112,0.0,0.0,0.0,0.0,2.162617767254016e-06,0.0,0.0,-0.000550075953953455,0.0,0.0,-5.0629666604185e-06,0.0,-5.183199813629802e-06,0.0,3.811402906506167e-06,0.0,0.0,0.0,0.0,0.0,0.0,0.0,0.0,0.0,0.0015187280061249586,0.0,0.0,0.0,0.000325803426953708,-4.9625927340257725e-06,0.0009435944688920284,0.0,0.0
-0.0003703851363033306,0.000543853437344699,-0.00816638390007457,-0.046064339997824416,0.0,-0.01803730248985491,-0.04881167737483105,-0.008870079635858119,-0.02935066654942564,-0.07290522434831714,-0.005569060856250196,-0.09105889805442696,-0.06406403636910568,-0.028222537801786685,0.00028126013819079754,0.003858649184812657,0.001122080301318995,0.00353124383402853,-0.017449547026213152,-0.02637059596232627,0.0027261116686951303,0.0012243304370984642,-0.014084701730497473,0.008915628011849919,0.000563151078473545,0.0010011632367328271,-0.0016145489823509718,-0.09452698570318535,-0.023120786617110645,0.003939700572198279,-0.07002776624955626,-0.051384044288576236,-0.07892928036529628,-0.06323710754713086,-0.06284640259924729,-0.020056123593726105,-0.04109308171071613,-0.06903046498614479,-0.026900393650841903,-0.0007908411478410593,-0.0296169454060754,-0.02136252368343816,-0.02463592516298785,-5.323294324177663e-06,-0.000578007986689888,0.0,-0.00011004795809055334,-0.01922520238794545,0.0,-0.03336165369309951,-0.027627004383867226,-0.023481803855039063,-0.01721805956327538,-0.014494934971412299,0.0015934149272052167,0.0136322747288945,-0.0017782683945791744,-0.019066776612660596,-0.02576878128755722,-0.05503792784260658,1.8624477613915502e-05,0.0,0.0,-0.006921111674707214,0.002600107227039017,0.0,-0.0032352022179174544,-0.022366667157388886,0.0,0.0001374390419769389,0.0007632441660524458,-0.019343123223966696,-0.03239962795654788,-0.032391348701157285,0.001260672707447008,-0.04526570903618149
-0.045870621879546936,-0.04185617747553816,0.0018980786842401898,-0.03858805318166486,-0.01803730248985491,0.0,-0.02121505604591223,-0.0014834831428349737,-0.016401931862105312,-0.0441823744265491,-0.013004080998180345,-0.051614370864985826,-0.01513838246236826,-0.020722894916638923,-0.04708847765768359,-0.05080133448850194,3.3289233111466476e-05,-0.058290067203210505,-0.0004431528366247717,-0.029860133536344258,-0.04801556625391418,-0.045454486102720126,-0.0012782285730121856,-0.0617428916822122,-0.03827882767299362,-0.0216585564385956,-0.009956489708760119,-0.02794163488695406,-0.024224513443177997,-0.02221493302229338,-0.011034242127786864,-0.008915002957882556,-0.03417756001384692,-0.015875491053633006,-0.02420862817618874,-0.028141983360629674,-0.03332368588645673,-0.03677602227129456,-0.015264993963679918,-0.0016830286925453297,-0.014029809138543126,-0.021675464550816537,0.000526056461587876,0.002906388066065857,-0.0015041948286547702,0.00047199678331133477,-0.038975503185446625,-0.00037587487761703287,0.0,-0.020465687078385808,-0.015764397164896637,0.0019501295346187053,0.018476928175443885,0.003035247036839772,0.0047070933633933665,0.01372259127941966,-0.0020994384721673143,-0.006355432763401003,0.013181677879068987,-0.05530248436345181,-0.036528650235368276,5.551115123125783e-17,-0.0039073466908345345,0.004014985457559517,-0.05819599849069884,0.0062206324612306685,-0.051411494823300374,-0.000488879879458004,0.0,0.005272856789043712,-0.03517672438174235,0.004716921571628063,-0.028843509758383123,-0.027690847471284308,-0.05204292470191946,-0.02273836039341537
-0.0668277892071491,-0.04146976204335212,-0.021762508179629714,-0.03159325097006388,-0.04881167737483105,-0.02121505604591223,0.0,-0.017537024449992444,-0.029099581242787775,-0.05064997446273173,-0.045507706541865534,-0.060277210102481715,-0.02354388052590589,-0.04505367802685778,-0.0524737480325172,-0.05489452723613486,-0.05328725731389239,-0.05402515532463048,-0.035135157739269784,-0.03338213533212675,-0.03973667935592812,-0.04739492094539738,-0.017497626358205454,-0.03895230448668302,-0.043465897795434694,-0.033302028339203926,-0.018228473545579493,-0.04360787382796155,-0.02845050483323236,0.003745668239324873,-0.05424147745459246,-0.04019904400474045,-0.04933093988945314,-0.04794152408589136,-0.05465856638703093,-0.038002077348973484,-0.028687802725131495,-0.03820011502846071,-0.013995049910375812,0.0008138576607752412,-0.02124209247404696,-0.04385699648724806,-0.04091257496806172,-0.0014004480438249978,-0.0010029571196006892,-0.00016444294402884196,-0.044691653727016833,-0.03551343458552447,0.0,-0.04039052059667714,-0.03697823139689915,-0.02503259538563818,-0.031683315263815626,-0.02688996940205579,0.0007635346987020508,-0.009558926656873246,0.0014362432810990922,-0.031574396241044134,-0.035897309171148306,-0.04237343421614781,-0.023041722518726604,1.1102230246251565e-16,-0.00017613452986431355,-0.029545324649721927,-0.05085282314092171,0.0022021922239491287,-0.05753555525174553,-0.029528376171214676,-0.00216613808055538,0.0016603481921784735,-0.03330041649737847,-0.026680232528464798,-0.038246662174269974,-0.0355128843036327,-0.04625543320735126,-0.04838302681105583
-0.06817390471383061,-0.032764268722900725,-7.137036064097657e-05,-0.020736899883319337,-0.008870079635858119,-0.0014834831428349737,-0.017537024449992444,0.0,-0.01975551277676363,-0.0469755711629572,0.03663462384400168,-0.06323326927882611,-0.023932103257596815,-0.005686224226397307,-0.03853943380641173,-0.04706423206699367,-0.07806415106765247,-0.059636302877456415,-0.0003196992773333296,-0.02525720959996247,-0.03501093862368504,-0.03338406710847419,-0.0038672300799430515,-0.06555091928900586,-0.06021849456951395,-0.0645597185764133,0.004358446383243453,-0.02106119822558955,-0.014757912954722396,-0.016200912415741953,-0.015810062628877353,-0.013729740856557981,-0.015835046246484685,-0.022223457012462977,-0.023035222458360927,-0.007454818774713157,0.029318967723851508,0.0040920971879915835,-0.01604458949152865,0.0015374454621532863,-0.04005270848124981,-0.039230754885786256,0.002822451035410789,4.944866787703894e-07,-0.00014322649821912892,0.002620242497807068,-0.05961015827461652,-0.05019505700427551,0.0,-0.024839552132111364,-0.04957123043494138,-0.030169528222473874,-0.03785258874203257,-0.04484421072729228,-0.00012799798387636008,-0.018562137216435848,-1.1102230246251565e-16,-0.03870303803528102,0.025255116716490777,-0.04668729030076335,-0.08509930742556149,0.0,-1.2161965747881087e-05,-0.02538566929362518,-0.04449343858331817,-0.04586902118603542,-0.10340258858348622,-0.03117160890027787,0.0005446655447510773,-0.07805344148615129,-0.07140154456508957,-0.035532989735724774,-0.03976272393803326,-0.046941607769462323,-0.026247992507471785,-0.0315886860232244
0.00547668897524467,0.0019228872617934045,-0.01397892533717865,-0.04411278287043091,-0.02935066654942564,-0.016401931862105312,-0.029099581242787775,-0.01975551277676363,0.0,-0.054440082091388065,0.004196146660065736,-0.05446608256780544,-0.036853509587147726,-0.023824375337698545,0.00010184922776607097,0.005882660123687322,0.00014278793948685475,0.003211806641780668,-0.0015209742239962742,-0.027985230234267133,0.005842542371753856,-0.06898094703896357,-0.02235178767379653,-0.03936674610705093,0.0042547894161852895,0.0017519307813480545,-0.01062163231298835,-0.03768099067887276,0.005698013473543984,0.006637920729323621,-0.036157542152658706,-0.02399987627146144,-0.04408775574821683,-0.03421156994524782,-0.04070214444731529,-0.022808114856869177,-0.03322388755913536,-0.04700849925282524,-0.028052221087766283,-0.003471500645225445,-0.037892490458854566,0.0023948556363095896,-0.036708348111484046,-0.0009756907677112014,-0.0008413523869971185,0.0,0.0014966052458231238,-0.0009914194507409935,0.0009190583328978486,-0.03877417764548846,-0.037239093714938276,-0.0291362710593418,-0.034510335751974375,-0.021649217351394134,0.002393761127760352,0.013562076197352058,-0.0026483285152094638,-0.02905121812071665,-0.03498699761382251,0.0023926369415244175,0.0009154643104518634,5.551115123125783e-17,0.0,-0.013252855690192855,-0.0688490905567205,0.0018731843493937639,-0.004057427283801485,-0.02740503111156134,0.0005374843610628788,-7.040578114292373e-06,0.0028494274331920533,-0.02502308966626199,-0.04042821622175957,-0.03675964912937363,0.001762700089066871,-0.024399739291654288
-0.07596894700437856,-0.039645863670598525,-0.03253394392660269,0.016132003774717574,-0.07290522434831714,-0.0441823744265491,-0.05064997446273173,-0.0469755711629572,-0.054440082091388065,0.0,-0.0467310684781711,-0.033163711182511824,-0.04887149179461636,0.0032528018453285013,-0.08026788027495696,-0.03730468408432991,-0.03808796466444875,-0.04367821772472902,-0.04135927771769393,-0.05766487832792139,-0.0781172947703967,-0.047905201012170606,-0.03684703375574311,-0.041618316377442954,-0.033035433310656115,-0.051303040989451154,-0.035984127639608066,-0.04237987276209243,-0.04980337480927288,0.001127134091194193,-0.04171684537608222,-0.03665610667585406,-0.04948961842030397,-0.042576029878445,-0.039802632251214776,-0.021450155481597788,-0.0007686094403351884,-0.030566987519228206,-0.03783822340152798,-0.022971020654838137,0.0013212338238859922,0.0071753496847102305,-0.07765739604197663,-0.001181740548346466,-0.01151864112094797,-0.0706041896881951,-0.04641114180940287,0.0012306951405305355,-1.1102230246251565e-16,1.6653345369377348e-16,-0.04199959990296681,-0.05985823421374892,0.0009614630988385997,-0.0016208503766165228,-0.051893999320663076,0.0007618247472443995,-0.0618362266566041,-0.04207307916745112,0.0,-4.47157372790441e-06,-0.04357157274024026,-0.05000092527727351,-0.0544263013334052,-0.0005202142840964874,7.046206783689613e-05,0.0005037836128122253,0.0030142031482088827,-0.03124922268083441,-0.06361187816468661,-0.05854204315684569,-0.058490984682384506,-0.03217161647438099,-0.02165911592312847,-0.03749763864272826,-1.1102230246251565e-16,-0.04541459162081929
-0.0003218321549702252,2.939430809800747e-05,-0.003293867735634004,-0.03387460776923801,-0.005569060856250196,-0.013004080998180345,-0.045507706541865534,0.03663462384400168,0.004196146660065736,-0.0467310684781711,0.0,-0.05504356582437858,-0.04534289558511456,-0.008442668232126638,0.0,5.874905059100044e-07,0.002647317584030362,-0.054417741123036656,0.004444298686594239,-2.7000292713852403e-06,0.005123681698173177,-0.0005424651917681489,-0.008563400628667395,-0.032448699751816246,0.003558796832031197,0.005130650051554109,0.013315772888734867,-0.055306737751856294,0.0074163912899099516,0.009079003741199465,-0.03158110573099515,-0.019298037516310484,-0.06347745974624003,-0.03190479474218538,-0.03559824829231417,0.001234387305660778,0.000254772569594941,-0.04276543498204133,-0.03791870644339074,0.000597147995212044,-0.0818685535474693,-0.08225947368951958,-0.011658155919029078,0.0008595204409486135,-8.262509781448157e-05,0.0,5.551115123125783e-17,-0.08631733467280067,4.738589523489711e-06,-0.07657319803403873,-0.012028061566705495,-0.07208382275912717,-0.060350510474334595,-0.04789744806321994,-0.059866692516369446,-0.05634903261106833,-0.08332598032492006,-0.06112111565324552,-0.028289446709816313,0.0006623444461267836,0.0,0.0,0.0,-0.11190764903281947,-0.0012645262552494763,0.0,-0.0012507049395176217,-0.06421461755513358,0.0,0.0,0.00013391116295680128,-0.04937544900583046,-0.07444467848403774,0.010754092958829342,-0.09969084266795114,-0.09025999343450969
-0.06126402355793631,-0.03914715041160188,-0.04654668791511862,0.0036635600139055535,-0.09105889805442696,-0.051614370864985826,-0.060277210102481715,-0.06323326927882611,-0.05446608256780544,-0.033163711182511824,-0.05504356582437858,0.0,-0.056544418662856255,0.0037636872474521854,-0.04595989151705204,-0.035564905252087275,-0.04673151792022473,-0.05105908628175804,-0.05986636941011414,-0.04348759162459148,-0.06229332364208989,-0.06466947097353198,-0.058054384105270584,-0.036298826245021176,-0.03599162057621941,-0.03002376481380603,-0.038354724351217895,-0.048336483558592824,-0.04749457981299643,0.002381061895750769,-0.05206670370903638,-0.05033886571123339,-0.060022898486560755,-0.04285697646479436,-0.03684940605994813,-0.02951297892176119,-0.008335333585860305,-0.028355199533083464,-0.05166340955377946,-0.015999368470531627,-0.0023479620170222537,0.00910984459460007,-0.05442531167997844,0.0009734282716149789,-0.02589129708410315,-0.05173294963595404,0.0009568441360776059,0.0007106824573627768,0.0,-0.0004300910944405878,-0.08129578305466045,0.0011439416024113802,0.0,0.0018004234850605427,-0.0510493635019405,0.0007916622871105838,-0.05773080718318102,-0.02901800896817963,0.0,0.00045305928893940584,-0.054884840024506665,-0.05498340402247476,-0.059609484816745606,0.0,-0.0005377288923651968,0.0003403848059393977,-0.09880509226423817,0.0007104314061393002,-0.08270250391096973,-0.06743396096588627,-0.06511887407921257,-0.005331308993231032,-0.014294391085203584,0.002236876120057185,0.0,-0.05226860905301789
-0.06055418548690644,-0.048236471597118136,-0.02456982465788704,-0.07048863273259343,-0.06406403636910568,-0.01513838246236826,-0.02354388052590589,-0.023932103257596815,-0.036853509587147726,-0.04887149179461636,-0.04534289558511456,-0.056544418662856255,0.0,-0.016650128801163122,-0.05381880580270426,-0.055871811273792205,-0.04571866729189139,-0.05448617383105997,-0.03391265916405334,-0.03847805069686422,-0.043181663372820034,-0.052916162908631936,-0.022964224991047888,-0.04803177953359222,-0.047207090120182094,-0.04151904891928726,-0.02082710470347765,-0.02277405320178183,-0.0210618568350891,-0.01068222701657745,-0.048315183885556334,-0.03656182775015038,-0.04156506269045307,-0.05072436926112822,-0.06884215355653467,-0.04296773442343521,-0.04794061279065881,-0.04285301785687584,-0.021102319817336568,0.004173299373132322,-0.0272670773995764,-0.033917451104116814,-0.025143058357330217,0.004284003361564204,-0.0007437200262711552,-0.000540668875650574,-0.03988497642401678,-0.011438122564851771,0.0,-0.04431448345961475,-0.03913714382326766,-0.02593195567012052,-0.034828628470690626,-0.024158095445874994,-0.038413941794885664,0.016808479387564912,-0.03740955463914292,-0.03123068178355559,-0.004769337344190772,-0.0488849185484283,-0.04387111712636621,0.001805386461568137,-0.057094402970395364,-0.014100558250325412,-0.050935705035493384,-0.019773061792992652,-0.052606927247914714,-0.02916294771085276,-0.0012900054497892444,-0.050132173884980646,-0.0462257656764557,-0.028799144043011315,-0.037854821375787995,-0.034062170851704265,-0.038026058055189105,-0.04498592261501405
-0.06533240544203522,0.0,-0.025088956580457955,-0.0522118445301607,-0.028222537801786685,-0.020722894916638923,-0.04505367802685778,-0.005686224226397307,-0.023824375337698545,0.0032528018453285013,-0.008442668232126638,0.0037636872474521854,-0.016650128801163122,0.0,-8.80399919528374e-05,0.0,0.0,0.0,-0.02798928058771888,0.001283951941597583,-0.04054738977707478,0.002624114487258189,-0.017124802991259735,0.002050635813625634,-4.625809626845889e-06,-0.06905050928474538,-0.018573250416581977,-0.05293648158879538,-0.028127630281257254,-0.00047498203794332783,0.0029316616917744454,0.01636120880310915,-0.0007271984450848423,-0.0018429568802006968,-0.00682865540480504,-0.009931055433805763,-0.021798251615817305,0.001656016782211056,0.007821719688374362,0.0,-0.001936608823503272,0.0,-0.01025778168141378,0.0,0.0,0.0,0.0,-0.019969751296760985,0.0,-7.16333589543261e-05,-0.036376184727289096,-0.0359643019839071,-0.030347457516024634,-0.021689017757296203,0.0,0.0013762938849267714,-0.00045570993817722893,-0.004403902188695796,0.005506510632595052,-5.551115123125783e-17,0.0,0.0,0.0,-0.014648958087615793,0.0003542837206693683,0.0,0.0,-0.024891583984733456,1.7240591794864812e-05,0.0,0.0,-0.0039985745939686845,0.0022691141706830398,0.0018646460074023263,0.0,-5.551115123125783e-17
-0.030086557045798767,-0.030751266118313858,-0.0016683776819013674,-1.8613794342869916e-05,0.00028126013819079754,-0.04708847765768359,-0.0524737480325172,-0.03853943380641173,0.00010184922776607097,-0.08026788027495696,0.0,-0.04595989151705204,-0.05381880580270426,-8.80399919528374e-05,0.0,-0.033640247273328094,-0.05528689114813856,-0.04349604594191142,0.0,-0.0017613721333356591,-0.03201257099341198,-0.005667060208510433,-0.04633699785955314,-0.06532668178121215,-0.038751199237272604,-0.024927647230449046,-0.04070937731531021,-0.04125651972558281,-0.030638483187070686,-0.03264796051502339,-0.03845544964105957,-0.029873953571441125,-0.044774182395511064,-0.037494962479081795,-0.03616289615826457,-0.052263575650034866,-0.06864688447397005,-0.0012067367249911087,-0.04553985215111134,-0.03819111723549401,-0.049557480039017554,-0.056221923788055905,-0.009392313380284789,2.8816899750094827e-05,-0.0021749797646629654,0.0010140135349385737,-0.03668914991317623,-0.00011331804373060361,0.0,0.0,-0.05515879316096661,-0.05050153556282261,-0.03453861060509783,0.0005765442440825996,-0.00021009443459801824,0.0,-0.0006567723907750511,-0.049636545562273704,0.0,-0.05755122643277355,-0.042026578182782326,-0.00040223291235963465,-0.045619651980400466,0.0,-0.06129215856944398,-0.04791445575439307,-0.06122311179908202,-0.05150495375176373,-0.00033494627341340566,-0.04073597734265505,-0.047282887103025584,-0.045237906104791004,-0.04038702662624116,-0.04419226255860531,-0.046552724400884204,-0.04673839612149849
-0.04496641539592111,-0.02262905145363242,0.0016514929813000734,0.0,0.003858649184812657,-0.05080133448850194,-0.05489452723613486,-0.04706423206699367,0.005882660123687322,-0.03730468408432991,5.874905059100044e-07,-0.035564905252087275,-0.055871811273792205,0.0,-0.033640247273328094,0.0,-0.020994577998986796,0.012767416396930353,-0.0008717213332466445,-0.01027068682763771,-0.041055702629575586,-0.0033864076595870873,-0.04241466150646933,-0.036922100648125566,-0.013240883993851316,-0.0278714562987063,-0.032871585119560065,-0.04413943409801002,-0.03517426085542902,-0.038613636822709074,-0.0291397521711238,-0.03225495037684911,-0.0461413324174037,-0.03005139509664334,-0.04538909909736749,0.034892893085973764,0.0004797990713060196,-0.002349644455411748,-0.028005755115553976,-0.029526825895683118,-0.032875045251368196,-0.03773607318526623,0.001729517949236703,0.0,0.0,-0.05743755863779609,-0.03542845721792498,0.0,0.0,0.0,-0.04308420543936248,-0.0014524275936061426,0.0031522505468039586,0.0,-0.04742192710739879,0.0,-0.0600283121444809,-0.05919099269184824,0.0,-0.0505662052367869,-0.03489394140770252,-0.03595592761806493,-0.028408388704396714,0.0,-0.05167885598076838,-0.05559223031530408,-0.039904400112627025,-0.023794910862553142,-0.059651898716579166,-0.03263158152794848,-0.042012153073110625,-0.04025801055191175,-0.0642217989233217,-0.05216677184741475,-0.00010935913497134298,-0.032350984992586374
-0.0526046651040577,-0.03646783236119566,0.00046172036417752027,0.00011909898475992442,0.001122080301318995,3.3289233111466476e-05,-0.05328725731389239,-0.07806415106765247,0.00014278793948685475,-0.03808796466444875,0.002647317584030362,-0.04673151792022473,-0.04571866729189139,0.0,-0.05528689114813856,-0.020994577998986796,0.0,-0.01935235459985085,-0.00021807081286878693,-0.038460520949001986,-0.07737584614512477,-0.024438192796238378,-0.047675630589422646,-0.05124366319600493,-0.011970894473863347,-0.04623388812678081,-0.0736603539175904,-0.0454437828338477,-0.055758170427247455,0.0010087370833571363,-0.039049494035075016,-0.037202351244985166,-0.04997761683864149,-0.040573818924840244,-0.044756198741915776,0.0005079219843355243,-0.00012595638311618806,-0.034586498948613376,-0.050000555566226235,-0.04159873228089195,-0.04392051310330275,-0.037659106625854866,0.0,0.0,-4.806744263730067e-07,-0.06582266367651851,-0.028510461355882255,0.0,0.0,1.6653345369377348e-16,0.000521819371836596,-7.002421453461416e-06,0.0,0.0,-0.058639854207693964,1.2427418369598264e-05,-0.057578513351954685,-0.03681181529738431,0.0,0.0,-0.04728034371746498,-0.04965308046908129,-0.050013134037603046,0.0,-6.257389485120335e-06,-5.551115123125783e-17,-0.06287628786509913,0.001319373213472752,-0.06323240435422173,-0.05262655883368056,-0.051104982394970244,0.0,0.0011171423693755456,8.562228632447155e-05,0.0,-0.049810229078585566
-0.03561959284258981,-0.027304676036230102,0.001572127319249439,0.0,0.00353124383402853,-0.058290067203210505,-0.05402515532463048,-0.059636302877456415,0.003211806641780668,-0.04367821772472902,-0.054417741123036656,-0.05105908628175804,-0.05448617383105997,0.0,-0.04349604594191142,0.012767416396930353,-0.01935235459985085,0.0,-0.03236525004324453,-0.0363026483589064,-0.05722808438383564,-0.021706334047161047,-0.051718722029215014,-0.034322343712045345,-0.007893747253307715,-0.033153368621422374,-0.039558949235027396,-0.05040702375758921,-0.053063254363365564,-0.03653826810228794,-0.03539317321407637,-0.034945093333568045,-0.043558331034592834,-0.04610818817679074,-0.04956263337239264,0.0036301863385934108,0.0,-0.02740909923488133,-0.03081217479879972,-0.034349861598175324,-0.03265614785911969,-0.03853331750796568,5.551115123125783e-17,0.0,0.000641051398167114,-0.045465728461486776,-0.03613512316813339,0.0,0.0,0.0,-0.05156997646504147,-0.0007523115524406543,-7.104858143580639e-05,0.0,-0.052025983232725004,0.0,-0.05507599658207468,-0.03474021420232687,0.0,-0.061567244091007056,-0.03860120880424539,-0.049516648229416704,-0.036609539634337995,0.0,-0.04965713091329449,-0.058046024333125945,-0.041610070363835905,-0.07691437681980323,-0.06049383437871875,-0.03483444774028993,-0.03866556155654094,-0.057949309229099355,-0.02673175260961469,-0.05015188704034762,0.0,-0.031966454887008056
0.0,-0.00023018182155254419,-0.016272652605561017,-0.024723871904693218,-0.017449547026213152,-0.0004431528366247717,-0.035135157739269784,-0.0003196992773333296,-0.0015209742239962742,-0.04135927771769393,0.004444298686594239,-0.05986636941011414,-0.03391265916405334,-0.02798928058771888,0.0,-0.0008717213332466445,-0.00021807081286878693,-0.03236525004324453,0.0,-0.0014853943141809878,0.0024403938788814528,0.0018219756611618787,-0.032782963175115976,0.0024201304272135626,0.0032514594852697254,0.0043778807720938895,0.0052989989908310275,-0.038272852116128964,0.02642106969942215,0.008205402323213706,-0.03241018109900473,-0.014749917793683287,-0.041756577185500465,-0.031985133400713295,-0.028468362749186626,-0.00400225978243729,-0.020213217934937466,-0.05024046751123379,-0.04028852893932888,-0.00036780665179680927,-0.03578093670491134,0.001133389705346044,-0.02021913259613506,5.551115123125783e-17,-1.6653345369377348e-16,0.0,5.551115123125783e-17,0.06300091810387803,0.0,-0.04569520732856891,-0.024659029358112483,-0.019586342100348708,-0.019698133162286136,-0.025004425366517924,0.0010262780426922857,0.040569777424377895,4.5061727930006956e-05,-0.031234289215239297,-0.01583990334153146,-0.0012134548787320898,0.0,0.0,0.0,0.0055721987003531925,-0.0018510440596065658,0.0,-4.5288882890515136e-05,-0.020747763586585144,0.0,0.0,0.0017095024509461987,-0.03140109740766617,-0.038227926791679745,-0.04630945439127765,0.0015691970167618363,-0.09210697340957152
-0.025523898207232887,-0.0399808388995308,0.0031434411629628345,0.0014793207019500043,-0.02637059596232627,-0.029860133536344258,-0.03338213533212675,-0.02525720959996247,-0.027985230234267133,-0.05766487832792139,-2.7000292713852403e-06,-0.04348759162459148,-0.03847805069686422,0.001283951941597583,-0.0017613721333356591,-0.01027068682763771,-0.038460520949001986,-0.0363026483589064,-0.0014853943141809878,0.0,-0.04054870022441531,-0.018333096595645137,-0.015209340080907574,-0.057312275232899446,-0.02958674269092304,-0.022622537512434315,-0.020419942300758775,-0.023196583912452884,-0.0008151852358868616,-0.0050147037299769215,-0.027985386268598866,-0.02125897284814593,-0.0379004102831938,-0.030488435486388188,-0.030402585674430882,-0.03563910383954366,-0.02946921133899172,-0.0020998729444809405,-0.03985516290380908,-0.03529591417587685,-0.043812880832857726,-0.050995320761271945,-0.013563939727729013,0.00015383609798674813,-0.0002849953008537409,0.004043686282024173,-0.03722833349746679,0.003423037191528755,0.0,0.00018849694033068465,-0.03334549869604164,-0.04229590090376778,-0.02493482765262811,-0.032239519948929374,0.0004790642739327944,-0.0020432351530909054,-0.00033086737972298774,-0.03648397015478222,0.0,-0.05924002110123744,-0.041814387882199544,0.00014319845938959297,-0.04301447354890359,-0.0003835427544772174,-0.05321638331320844,-0.0468978037710443,-0.06509184137854579,-0.03723033865631287,-0.0022888691278968865,-0.033191320498150434,-0.046545557050748365,-0.031051146394602824,-0.027013594517075412,-0.03304657716081272,-0.04357289624378535,-0.050019939388473544
-0.06885171012437202,-0.03920634487572461,0.0012817823425197994,0.00030348344515351844,0.0027261116686951303,-0.04801556625391418,-0.03973667935592812,-0.03501093862368504,0.005842542371753856,-0.0781172947703967,0.005123681698173177,-0.06229332364208989,-0.043181663372820034,-0.04054738977707478,-0.03201257099341198,-0.041055702629575586,-0.07737584614512477,-0.05722808438383564,0.0024403938788814528,-0.04054870022441531,0.0,-0.04707153087124061,-0.0432041729484644,-0.06691317661562435,-0.06083838934707103,-0.049331781062810165,-0.0539418433491477,-0.03208256812582572,-0.038436670433625086,-0.026520473955327806,-0.04544072289784157,-0.033161930057123534,-0.06157708447718663,-0.03942889596914945,-0.04000773619905812,-0.039198171799788795,-0.052120770369602276,-0.06984437737558791,-0.04146006287789594,-0.05590491799220332,-0.05425923717513681,-0.06791239984509984,0.0017619946050304591,0.0,-0.0003826232543183705,-0.05953250608463628,-0.05059499286615715,0.0011836955716426623,0.0,-0.03452203831106848,-0.04476900826720703,-0.019562654427536963,-0.0007765399672537421,0.001064469222396336,-0.011110851766613417,0.0,0.0003489978415924244,-0.032533666802348316,0.0,-0.07657250049387998,-0.055195994832886786,0.0,-0.04337233693343945,0.0,-0.06574395441506242,-0.06728773384997455,-0.08441378002808536,-0.05096739599396399,-0.00048161306174343554,-0.048552543845838625,-0.07047155608826344,-0.0375697419289453,-0.0292303651568257,-0.03104563757130352,-0.020167282901811245,-0.058927766614333466
-0.030799103232434455,-0.022066714717043023,0.002819157206939038,0.0032964834997215586,0.0012243304370984642,-0.045454486102720126,-0.04739492094539738,-0.03338406710847419,-0.06898094703896357,-0.047905201012170606,-0.0005424651917681489,-0.06466947097353198,-0.052916162908631936,0.002624114487258189,-0.005667060208510433,-0.0033864076595870873,-0.024438192796238378,-0.021706334047161047,0.0018219756611618787,-0.018333096595645137,-0.04707153087124061,0.0,-0.03176004361095702,-0.026865588361610515,-0.017220977773156843,-0.021754653465086926,-0.030717342141134252,-0.04364899909434683,-0.03548409328122115,-0.03812767525221067,-0.03013577792938743,-0.03193183124646859,-0.03710635813811264,-0.03495820903468,-0.03343948997475377,-0.030551598747963427,-0.03778563676249652,-0.0014663698330634745,-0.04206536006880601,-0.028679262254351634,-0.04480277954207035,-0.05154732036236315,-0.000538369451945464,0.0,0.0013520936534489048,-0.03212474365768331,-0.038848537414643225,-0.000208233362063992,0.0,-7.0967265526245e-05,-0.05983323651713657,-0.0436760418665923,-0.03513882570124616,-0.0010302223795626286,-0.04604346131219689,0.0,0.0012490255977105624,-0.05165955090449098,0.0,-0.062899608151539,-0.03293654389144007,-0.0322084130962868,-0.027577573872994476,-1.1102230246251565e-16,-0.06907835285618852,-0.053021897348432934,-0.05580027362697432,-0.05695371718943154,-0.031363016815434186,-0.02814831084252306,-0.044024379046801454,-0.05175538052187306,-0.03614007379297213,-0.0513445642477347,-0.05459642458062225,-0.045952193905763716
-0.06120618013495821,-0.03521695281605447,-0.02860718239599752,-0.037029421390061046,-0.014084701730497473,-0.0012782285730121856,-0.017497626358205454,-0.0038672300799430515,-0.02235178767379653,-0.03684703375574311,-0.008563400628667395,-0.058054384105270584,-0.022964224991047888,-0.017124802991259735,-0.04633699785955314,-0.04241466150646933,-0.047675630589422646,-0.051718722029215014,-0.032782963175115976,-0.015209340080907574,-0.0432041729484644,-0.03176004361095702,0.0,-0.06255484407604472,-0.04474153081557869,-0.04592466847631099,0.006521525256304617,-0.022059090057375774,-0.0129717278320845,-0.017677880787868028,-0.021544608429049317,-0.02109980990766802,-0.016955951891999554,-0.02110238768524786,-0.032716961319852855,-0.022017686722483776,-0.020781409354010294,-0.02378461479103694,-0.012308944831782576,0.008368866803246111,-0.03417708330931729,-0.03360150337560619,-0.020742998970201043,-0.002021062428775422,-0.005326565142827644,0.0009709692979945617,-0.0534265053980324,0.000832714095534759,-2.6366474304984067e-06,-0.032687182323210495,-0.030406220367472203,-0.021834942330362983,-0.020786083464579497,-0.02074578122691373,-0.03215587051614238,0.00655153287660748,-0.008789984574830545,-0.028136853826033315,-0.015551384142571345,-0.050797799260064835,-0.05150231538770278,6.168695365182941e-06,-0.046775534443554145,0.017365287965220078,-0.04707772472912197,-0.027023531737000506,-0.0665592129347265,-0.015395034408839492,0.0007661065896576447,-0.05496056788113163,-0.06213132326539794,-0.012364691959053653,-0.03177838735373584,-0.029359929583907263,-0.03285406808310065,-0.031962598087639404
-0.04361669762410425,-0.028318932058147117,0.0009543594165556946,-0.004062788848460619,0.008915628011849919,-0.0617428916822122,-0.03895230448668302,-0.06555091928900586,-0.03936674610705093,-0.041618316377442954,-0.032448699751816246,-0.036298826245021176,-0.04803177953359222,0.002050635813625634,-0.06532668178121215,-0.036922100648125566,-0.05124366319600493,-0.034322343712045345,0.0024201304272135626,-0.057312275232899446,-0.06691317661562435,-0.026865588361610515,-0.06255484407604472,0.0,-0.032884929899412996,-0.029561977593121125,-0.06251386612704152,-0.03532129860359284,-0.07099752613526117,0.0030290788570965788,-0.042733367241431564,-0.01382676510830444,-0.04669365444174553,-0.02481967827354209,-0.02820173723520336,-0.02144726316107215,-0.024122554825953352,-0.03469549393385579,-0.06621001608682492,-0.03744837540848206,-0.050021606228244364,-0.02967302175604075,-0.04416557801443011,-0.0001648585811224179,-0.05643315694502726,-0.09260424840897796,-0.04748917999533164,5.655693125383721e-06,0.0,0.0,-0.0016066901976378722,0.0012950787944665532,0.00047342892867807684,0.00017759418437346408,-0.04998114129480158,-0.0007634736976925294,-0.066659528351866,0.0037680845645921,0.0,-0.001486384070370439,-0.06711406031040129,-0.048002762978523406,-0.050872676077838075,0.0,0.0014112746674251886,-0.004075707515004912,-0.06604383341789455,-0.07178507111757426,-0.0792817852292936,-0.058399858335188515,-0.059991228229358706,-0.0013470026171003568,0.0028588329258522616,0.0015349850940853393,0.0,-0.0463633584163175
-0.03987072196799557,-0.008198785510868445,0.0032448428575466703,0.0,0.000563151078473545,-0.03827882767299362,-0.043465897795434694,-0.06021849456951395,0.0042547894161852895,-0.033035433310656115,0.003558796832031197,-0.03599162057621941,-0.047207090120182094,-4.625809626845889e-06,-0.038751199237272604,-0.013240883993851316,-0.011970894473863347,-0.007893747253307715,0.0032514594852697254,-0.02958674269092304,-0.06083838934707103,-0.017220977773156843,-0.04474153081557869,-0.032884929899412996,0.0,-0.024687614500438215,-0.02826633627726627,-0.049550599084859204,-0.041971824463523044,0.0026172674163130183,-0.0331324765520275,-0.01682594011737948,-0.03655924044455405,-0.040147327831162094,-0.0430797747379813,-0.049120058803366895,-0.00028181937310767236,-0.03158580463891625,-0.03381226678726623,-0.03659589835781063,-0.034932813410608055,-0.04413586056652474,-0.0003136139892100376,0.0,0.0023727484168038493,-0.057783033334805445,-0.034182081616608906,0.0,0.0,0.0,-0.0540870581327616,-0.0006971433960872853,-0.0871220843909799,0.00019913562163653697,-0.059587311846845736,0.0,-0.05949511315541156,-0.040792254084845214,0.0,-0.04735887836027747,-0.03262186527479194,-0.053171328192877954,-0.03667413508678513,0.0,-0.037886150356551906,-0.0508175037569758,-0.037731949833240463,-0.040488294174769346,-0.0651479478187521,-0.036623717142259704,-0.040288543423280976,-0.028043740238071047,-0.043065167929195736,-0.04180480737431297,0.0,-0.03422833013228632
-0.02473810457832587,-0.016745632393323384,0.0061218141732092834,0.001153755396584799,0.0010011632367328271,-0.0216585564385956,-0.033302028339203926,-0.0645597185764133,0.0017519307813480545,-0.051303040989451154,0.005130650051554109,-0.03002376481380603,-0.04151904891928726,-0.06905050928474538,-0.024927647230449046,-0.0278714562987063,-0.04623388812678081,-0.033153368621422374,0.0043778807720938895,-0.022622537512434315,-0.049331781062810165,-0.021754653465086926,-0.04592466847631099,-0.029561977593121125,-0.024687614500438215,0.0,-0.020799673178621636,-0.04000676093625566,-0.02184280184093973,-0.00945735335990755,-0.037042634808524155,-0.02506723539659861,-0.04970708467835672,-0.03669817469239134,-0.042723102894206166,-0.0013520439713873844,-0.02257537410570082,-0.04114331194129217,-0.03920552034558722,-0.04725643568166649,-0.044375331124940076,-0.05773695383165417,-0.006491454616308123,0.0,-0.06392277188942003,-0.061212498479049915,-0.042729019830585746,-0.0002477058767317297,0.0,0.000271890696135868,-0.05646324613011705,-0.00020487524821061198,-0.057645494987917545,-0.0005977927014217399,-0.06561608235619559,0.00020310473079265812,-0.07486207375045784,-0.05790850714066581,0.0,-0.057638050756553094,-0.035030411137308926,-0.0587475722292507,-0.04282582356982173,-5.551115123125783e-17,-0.06275840298282853,-0.07591888110247785,-0.05923474727696304,-0.06316780505132069,-0.0736842306697938,-0.042211707973952683,-0.05078364622413606,-0.054549079413898915,-0.042094070883781365,-0.05182932842088911,0.00013875185427164594,-0.03683534584168485
