0.0,0.04331625841114056,0.002550620435681661,0.0,-0.00042403652789685387,0.045445781384684525,0.03607991145311912,0.028565334425843525,0.006027383080039028,0.07244306179939669,-0.0002885199959805629,0.08110747178136901,0.034810785944650036,0.002074323079586715,0.06279251121747603,0.04540038950620412,0.035393322925122817,0.04021307826422377,0.0,0.04525061875930858,0.04514026675016125,0.04344158048873947,0.031536716629716854,0.07980663413037692,0.05445406456816643,0.05976624434164368,0.03039059881496503,0.036240401449370185,0.044644610765045945,0.0051538644660454325,0.041850193659101365,0.039118276226489335,0.02363851027863756,0.031913059572355906,0.03902243323281951,-0.001164549768352896,0.0,0.05538113076626078,0.026131534371771625,-0.012258983454700279,0.011228297133093035,0.026128038528858366,0.0,0.0,-0.00042105820225757373,0.026713371463967073,0.035400108433168764,0.0,0.0,0.0,-1.4800517596724738e-05,0.0,-0.0006940473734964869,0.0,0.0564119446762269,0.0,0.010518797880470998,0.0001229665497738952,0.0,0.06112083610763819,0.035087210034530414,0.0456171339870563,0.02664511989054391,0.0,0.004965623035607547,0.07805512953529664,0.04797694416372261,0.01777684093891785,0.11195918203640265,0.027273150359720277,0.045836301029309356,-0.0024580260883279026,5.521745914127685e-05,0.017566523184331218,0.0,0.041844379188633984
0.04331625841114056,0.0,0.05030066808706396,0.0,0.06069053808690972,0.05638767181662274,0.055716288590670016,0.0534668324808949,0.053515361461273,0.06773450537212594,-9.138106156542092e-05,0.0006656054111326415,0.049032079832956266,0.0,0.05791647692963159,0.04457814122946446,0.05346836448583758,0.05267863708176901,-0.0005365060087820228,0.052224558996283144,0.030878836907544005,0.07094091627871346,0.05573017824925941,0.06767090149885635,0.07037811082400869,0.08514350696983364,0.06293128313639246,0.043606777596289614,0.056195111352698335,0.0059251922524652945,0.044476671170482596,0.03997107298130603,-0.0013344481055342916,0.030589393720381997,0.04483828906888454,-0.005916840619990094,-0.00031636584164396186,-0.0009842869832755174,0.03189925632489038,0.027625482657287093,0.02416570388897521,0.0316393967308477,-0.005110034820407561,0.0,-7.840865153485588e-06,0.02446504443628883,0.03180755078090386,-0.0014722142493693302,0.0,-5.551115123125783e-17,0.03916397483383932,-0.0027007114247928343,0.017774267587815862,-0.00038105386607484304,0.002438586873334758,0.0,0.001120853023965418,0.03491935978001193,0.0,0.056389674777325094,0.04271134280552952,0.040370161463437915,0.042140326076832935,0.0,0.06776740313615243,0.03190309854797846,0.05840623481222912,0.0438227180461791,0.006533251344726265,0.03626750595590428,0.04090838089702875,0.06393959739831928,0.052935555363249565,0.035219547940505136,0.0008373117381007544,0.038272982968912295
0.002550620435681661,0.05030066808706396,0.0,0.05230846905793474,0.05050242075917388,0.04997426122913995,0.045563842234264074,0.05507555851919643,0.03867928379357338,0.044781431838335384,0.05469977854406649,0.05165682839817465,0.034910198327714914,0.06716507682086686,-0.0019335071895046352,0.0012269468740169764,0.00017795576362533705,0.0014606292338679716,0.0402210139210305,0.044285846716576704,0.000714461792658605,0.0481493042200789,0.08904522459660325,0.000990256580534532,0.002670907746342266,0.05745653587706606,0.030432881552748092,0.0315327820899694,0.04812330856759234,0.028304730269649248,0.04328320180094336,0.03602737286615054,0.04646854232132919,0.030232781196755876,0.022342387403407327,0.04615523683417261,0.040633628194793214,0.040859933792440795,0.04954928485915899,-0.00030388025801247887,0.059109019393809414,0.0018415790031547363,0.027235761947317028,-0.0004924637368061147,0.00016984205845926859,0.0,0.00040640889916038203,-0.04456024157848176,3.401206452763317e-05,0.06547499553670333,0.05502641794479335,0.05773824613483547,0.025596111238605834,0.010942474863874674,0.0022285232457556203,0.13556465714856952,-0.0009257508518568103,0.05215774287538477,0.05542895559034666,0.002419515705390618,-5.964287002646618e-05,0.0,0.0,-0.0005185280067181441,0.04417127851091168,0.0011663059873382453,-0.006003417394852439,0.06545859181641822,0.0,0.0,-0.0003941566848818523,0.0352711933199128,0.061228644671936894,0.06012827034664303,-0.0002128615290597491,0.05330006974429813
0.0,0.0,0.05230846905793474,0.0,0.051667181704732834,0.0019149797076068453,0.026865448218232835,0.09553033769689773,0.07834047757637064,0.04444834702900624,0.05584770672141126,0.017613346590552248,0.047932047758548424,0.0739252899177647,-0.00033475381006708993,0.0,0.00016304634658148576,0.0,0.05321753949305169,0.0012441314400111203,0.0003361965088362062,0.0033179435528940537,0.041778036426352305,-0.003962651921143923,0.0,0.0008469867278640963,0.0008190471844425895,0.02425488858838487,0.00016190109374847328,-2.411734131130272e-05,0.0016721089394856614,0.016345810175009745,-0.006741012001020896,-0.03735765975913896,0.03702479735685743,0.04634034826576661,0.03298641226770327,0.039006882038327306,-0.0007725922929097129,0.0,9.38486170999342e-05,0.0,0.0004417698456328223,0.0,0.0,0.0,0.0,-6.7231488032892806e-06,0.0,0.0,-0.0005337617695557184,0.0,0.0,1.5739757049493264e-05,0.0,1.611353802555282e-05,0.0,-1.1848894094779183e-05,0.0,0.0,0.0,0.0,0.0,0.0,0.0,0.0,0.0,0.0016889805696088112,0.0,0.0,0.0,0.00023857729182752418,1.542771446189084e-05,0.0009927240297856743,0.0,0.0
-0.00042403652789685387,0.06069053808690972,0.05050242075917388,0.051667181704732834,0.0,0.0632175018020315,0.026873978470652204,0.030377150877613224,0.05435182210353151,0.04602213267951433,0.04402981334388395,0.05311465244363994,0.024252457453489362,0.02344366621608096,-2.795991557275057e-05,0.03988057912320431,0.06112775708795365,0.06493480821528774,0.057275968505623664,0.06040822768506404,0.040170535183831624,0.054528767894997665,0.047857522337457215,0.05606865606707323,0.049735778112300844,0.05767546989873584,0.0529994133629601,0.02760145080938592,0.051278648102090596,0.0031995966689927213,0.05677731247387546,0.032430349139713766,0.031441656979124155,0.01777407915529955,0.01809128731768711,0.03538986044111575,0.05242225065791528,0.04541956604829811,0.03207601523185882,0.013383142118307545,0.02715123823398613,0.001229165431455792,0.01165117143878075,1.6549064014104164e-05,0.038219683596530385,0.0,-0.00012551717735703738,0.054210425951310204,0.0,0.04522200239298224,0.054945298840819334,0.05213688508549985,0.038438186534414776,0.05353678616395263,0.0015979244050725594,0.07370342392321366,-0.0015789633928633973,0.049965916373942654,0.0380162952138271,0.06304135197638816,-5.789979916487331e-05,0.0,0.0,0.056128074670463546,0.05050106987379277,0.0,0.07960626443505447,0.056540473071091335,0.0,0.0001351929882382752,0.05122212800585685,0.05987028762337787,0.05719560747464725,0.054933797297412434,0.021518855253214952,0.046290704618252354
0.045445781384684525,0.05638767181662274,0.04997426122913995,0.0019149797076068453,0.0632175018020315,0.0,0.05757312165216544,0.06383611104096698,0.07310636676882531,0.05944534267433571,0.07092044932990627,0.07450445465568734,0.053271520292699215,0.05156737013678708,0.05010540961766913,0.05225305854908202,0.018650512829392063,0.052594470126788195,0.06162858877468863,0.06319976731712112,0.05785318960560615,0.0604900382967995,0.05332035021089815,0.048321041046173074,0.06293232506185403,0.0711533858446668,0.06565255850106283,0.05541120099996516,0.0745541694486973,0.043961232058373156,0.054485242945827406,0.050969985256965,0.04978641592501598,0.043573644689060165,0.04257192501699425,0.03560005826252288,0.04982291841198194,0.05935483456181001,0.06387980448017239,0.053372102078477146,0.0668184339335346,0.04821280042194509,0.03868588570465731,0.002180267039191053,-0.0015707085820758082,0.0002926393577526998,0.050690126241623445,0.03892684757652476,0.0,0.05701830532188401,0.049982086245474955,0.04796723395241931,0.03450709155927323,0.04573973857302438,0.01928253548127057,0.046490936549693385,-0.002036583745165854,0.047860697860882095,0.04181076470137346,0.054081406584843505,0.05435685462985845,5.551115123125783e-17,0.04569008089089682,0.04704886283175025,0.06417594006770411,0.05546158059730788,0.062389325771574244,0.04522255209794679,0.0,0.03604011436221144,0.04299388985369085,0.061794243520159164,0.06021008581969056,0.06430180857249773,0.0642775886442416,0.04805216737987705
0.03607991145311912,0.055716288590670016,0.045563842234264074,0.026865448218232835,0.026873978470652204,0.05757312165216544,0.0,0.04137812491903242,0.05257341309064356,0.059820316318891065,0.047702264864028565,0.07694538260600448,0.050963111762454716,0.030960236287324416,0.04802392431214636,0.041551807190228496,0.053072094023890015,0.04904028713645442,0.050846667016812785,0.05582606508903898,0.0320225345211837,0.051125120788480416,0.0435092085234588,0.06394876001153493,0.05537236287425412,0.06112814492330543,0.04806667518077201,0.045092009921381127,0.0537566042009599,0.055484991578857945,0.06416568045930698,0.018783829734440927,0.04170944057563397,0.03758436936455567,0.04092381204396761,0.011292812551239984,0.031350643141430434,0.06321247169489597,0.023549363538119983,0.02421238666552561,0.015306524001237998,-0.0009924519684535449,-0.022579986562439258,-0.0013134575811550864,0.05818633421875147,-0.00020205931396521937,0.03718309767486472,0.029497111838680312,0.0,0.03388093330247888,0.03764368660092754,0.027525137327435112,0.02845138181587692,0.03496007917957045,0.02295784975396803,0.04305025100916454,0.03688207996990861,0.04233418514224807,0.040654595461232956,0.04417699344791648,0.03498410376236322,1.1102230246251565e-16,0.056696505002698905,0.02726189643887167,0.05572764556772564,0.038959787466348206,0.05922474234876696,0.03200462474924903,0.1376247965013001,0.04409883866074682,0.047182893010806304,0.04290132983934414,0.046162367170473395,0.04126705313077128,0.050379211870531626,0.03921291176772834
0.028565334425843525,0.0534668324808949,0.05507555851919643,0.09553033769689773,0.030377150877613224,0.06383611104096698,0.04137812491903242,0.0,0.04500260166452763,0.05028733226188281,0.055485331247702,0.055418396386296476,0.05039505880433304,0.038165121508834554,0.06475625627458287,0.04991916517968226,0.028079426831514376,0.04182084587632573,0.0676170960530339,0.06170279252664401,0.04970213936162399,0.053419434932935106,0.04094416329552303,0.047009928582570804,0.041754015070201544,0.04227413853822981,0.03788350280394703,0.060046350113842295,0.08055194321092701,0.056859491949484586,0.07061626469071236,0.06089282790510325,0.0777530310216859,0.059008365912275484,0.04709852543720816,0.021972273262698905,0.02568404615203812,0.003930560473393407,0.047431494269655594,0.00195967060774338,0.037712820896588006,0.0026235856731304796,-0.01544000443480359,-1.5372608017094613e-06,-0.00013013027962882617,0.03787787679654653,0.0025976979561944114,0.016237928208820307,0.0,0.02942117142824574,0.018186419300019296,0.027540685769693374,-0.03301225643526767,0.02416507149189695,-7.805983907999137e-05,0.029573945989395334,-1.1102230246251565e-16,0.035167512301430004,0.009937571830336778,0.027352294481298334,0.005898745266166072,0.0,-1.2904021252480025e-05,0.020964998708478233,0.0591721373633004,0.028037037995181813,0.052104016361395056,0.018078892101867472,0.000712931168295905,0.03778978719369225,0.05199256009737108,0.027859291558582022,0.048853054893686465,0.02670073285584018,0.0704451027127388,0.04630245834219793
0.006027383080039028,0.053515361461273,0.03867928379357338,0.07834047757637064,0.05435182210353151,0.07310636676882531,0.05257341309064356,0.04500260166452763,0.0,0.05368455192931976,0.05760828607583074,0.055553069872817606,0.0810930339528198,0.06091296959139564,0.06562761484133961,0.058487210351906294,0.046413342876721664,0.058662043190179924,0.05984389629083303,0.057237095629468326,0.06793791288169426,0.05345917023687069,0.04952131624206407,0.060948082261436554,0.06375071713648167,0.07004724903611492,0.06424390221431237,0.04724504137018137,0.06287444534978703,0.04041805929533937,0.05624107342666418,0.04431334541865434,0.039441059329913764,0.045704006783660045,0.0479373835471954,0.04397607472907983,0.05338512463682238,0.056295610736843305,0.03773479082364328,0.05029556447343547,0.05997363328679273,0.04011207382417048,0.030124990920317396,-0.022129458207618025,0.05276287146180031,0.0,0.0016021484260989594,0.08778045699043457,0.000836596214924934,0.06449608818996255,0.05792823618162646,0.0544277960290277,0.040188551887068935,0.06206642596150791,0.0022908769547866914,0.08981568355634695,-0.0027595688789342487,0.047360651278187116,0.04971371715956918,0.002192809928182604,0.000959849553817671,5.551115123125783e-17,0.0,0.0558452011864532,0.06059450404249461,0.002513810657694404,0.0795463949909051,0.057529087162217385,0.00045324255590845075,-4.254218517102393e-05,0.07612345724643665,0.06285049455532465,0.062070626613841995,0.06063748807883157,0.0012603981106333872,0.0531823923730127
0.07244306179939669,0.06773450537212594,0.044781431838335384,0.04444834702900624,0.04602213267951433,0.05944534267433571,0.059820316318891065,0.05028733226188281,0.05368455192931976,0.0,0.05196258973193757,0.07618481228482943,0.06015739954496241,0.07076553795748003,0.05034619367028892,0.05895433784004589,0.06381645950724812,0.06318837989783299,0.06285509596111627,0.03652251859329214,0.053996010961568086,0.04731849153144324,0.043635250459219566,0.06890775813744382,0.06621539434505114,0.08838399461978136,0.04935882838823258,0.06427281476747093,0.055991554991989934,0.0007164301338937196,0.06929537645205969,0.05908489557904534,0.03163351681824117,0.028498282157077615,0.03173382469597957,0.003034076478031833,0.05426483566286244,0.03471110453244919,0.06539819056807644,-0.01875652561172947,0.03861053106285228,0.07818195158765312,0.13064951371226513,-0.001337140023909389,0.0035460713895767992,0.054546450140963765,-0.0007134351379523562,0.0013029187404920428,-1.1102230246251565e-16,1.6653345369377348e-16,0.030570324098769253,0.008580430045119714,0.0009594734200907284,-0.0014483345214947319,-0.0010273296138450516,0.03269778820948582,0.009285713125969597,0.015033271446417584,0.0,0.0001098079403023533,0.002494023851039473,0.02560130158512436,0.017624313327575747,-0.0005392070377046587,0.0001258301087815883,0.0005216586272834278,0.0031383511915601403,0.03152599924748711,0.026297057128510493,0.02617146406934523,0.0346695760198269,0.05102044630986513,0.021197624684738126,0.04515984515107546,-1.1102230246251565e-16,0.012729560828004027
-0.0002885199959805629,-9.138106156542092e-05,0.05469977854406649,0.05584770672141126,0.04402981334388395,0.07092044932990627,0.047702264864028565,0.055485331247702,0.05760828607583074,0.05196258973193757,0.0,0.05699147658622139,0.04580000714006249,0.023383441184626375,0.0,-1.8263912145988215e-06,0.033366162301426805,0.042126032314910244,0.05423767420237885,8.393854356025798e-06,0.0485197143695395,-0.0007129841148224569,0.06799824667168836,0.05030333035665513,0.03902757553590225,0.04769700775347785,0.04389690579361982,0.04765113395493786,0.07243805462647773,0.008422657585355486,0.052847004317535085,0.035124082975509396,0.04803758942772357,0.03856976820632513,0.03963100823548249,0.012981039795367522,-0.021976633194002837,0.04699529064997421,0.02322378900127081,0.035836547509286665,0.021779962689373156,0.0010983431938337285,0.0384903597865866,-0.006281451797632287,0.03187569469148416,0.0,5.551115123125783e-17,0.11212401458927468,-1.473133300300411e-05,0.08822518995666645,0.0703464382662472,0.07087426967658683,0.04219636250922654,0.09278370416757364,0.0019328371081736573,0.08602421992882364,0.0017297150561800811,0.0723723783076633,0.0776297792903522,0.0005474508767762676,0.0,0.0,0.0,0.010018360231805967,-0.0015150422880180203,0.0,-0.0011643222055551794,0.06468379471892105,0.0,0.0,0.026993523242200834,0.06384273103308147,0.051808025551182524,0.047492710648256775,0.0005941001628781972,0.034927347422231914
0.08110747178136901,0.0006656054111326415,0.05165682839817465,0.017613346590552248,0.05311465244363994,0.07450445465568734,0.07694538260600448,0.055418396386296476,0.055553069872817606,0.07618481228482943,0.05699147658622139,0.0,0.06545037558880412,0.0037397555376927905,-0.0010218409839011788,0.0033250102130004122,0.06985064128367369,0.06256276009902417,0.055098819474168004,0.001685398555226758,0.058805053177752364,0.0751959407420209,0.05494736763442398,0.07446760842630845,0.064188729112027,0.0439121102622862,0.045928894501969686,0.06692367516284109,7.510252958498054e-05,0.002483809764022016,0.07015282151090152,0.025472714459986723,0.0012496497588125322,0.025013183295474972,0.03840804554989974,0.009927050334940679,0.07676546049565275,0.021076667422730844,-0.03275126325389288,-0.018215489341058433,0.06365599657317206,0.13029829190217557,-0.0029606733183836775,0.0009902312879284392,0.03335253680610745,0.06089736787704281,0.0007909637005033554,0.0007297641530211729,0.0,-0.0004301972851780689,-0.0019420775147451774,0.029594509500587007,0.0,0.00184021650286742,0.015392218321900075,0.0008838940049940014,0.030862701377234847,0.03864168208233704,0.0,0.00041235213208362653,0.0026857445142345338,0.024574764174564057,0.028487734675717302,0.0,-0.0004972879698688648,0.0003798794610174183,0.0030508332285198447,0.07466331220573025,0.04885923677455395,0.03732681757380307,0.04828485454866549,0.10760216891135976,0.039907911212606895,0.002246048048630267,0.0,0.021494555409529104
0.034810785944650036,0.049032079832956266,0.034910198327714914,0.047932047758548424,0.024252457453489362,0.053271520292699215,0.050963111762454716,0.05039505880433304,0.0810930339528198,0.06015739954496241,0.04580000714006249,0.06545037558880412,0.0,0.027938186977188195,0.04770134922637154,0.03896679952882398,0.0586957325803964,0.048129800880128304,0.047591064489495516,0.05270001899625609,0.05227344566082531,0.045811334522432356,0.04440584436772821,0.05794589503002834,0.05175740075080065,0.05704605885156022,0.049736620042570734,0.05476749877799342,0.052234994254665656,0.059435204249604856,0.05528283269536849,0.036058802265970025,0.05656970526194588,0.043204215753223085,0.0472581033252269,0.008780253553878792,0.04023201341675442,0.057402018859539494,0.052765715594107365,0.0286239790750899,0.04466376760780455,0.019367640792021024,0.035443641535767734,0.003913674562085578,0.055035197744991216,0.028358091061534696,0.04034131231761917,0.03340493100324282,0.0,0.037537075407829246,0.04025345692883664,0.04187973206846485,0.029479851017813474,0.03086911639144796,0.035200791260277975,0.04492322290175488,0.04380421897334008,0.04591516180662536,0.0011684768071288376,0.05368345044340722,0.040636737454952276,0.03767033125947422,0.029113216476659487,0.048086165978396656,0.05397123222650935,0.05468247654051317,0.06104735420489299,0.039795044462934026,0.07483700865469783,0.03831009845660194,0.045609334389111744,0.04942334755907707,0.053225391592490734,0.05339271625931252,0.057303714774051384,0.03920973150544538
0.002074323079586715,0.0,0.06716507682086686,0.0739252899177647,0.02344366621608096,0.05156737013678708,0.030960236287324416,0.038165121508834554,0.06091296959139564,0.07076553795748003,0.023383441184626375,0.0037397555376927905,0.027938186977188195,0.0,-0.00010777348556234578,0.0,0.0,0.0,0.06226637595042661,0.0011928479317475649,0.0021100806759271618,0.002462206277164203,0.0520435553065397,0.001056569127876883,1.4380722719864458e-05,0.0022644309299488796,0.03332770933397944,0.03806438152208885,0.0040152741325098495,-0.00047279498319918734,0.053385887903100226,-0.07606629375988855,-0.0006980280999212551,0.0027309945820709336,-0.011519317732808121,0.010633417346571028,0.01986722260684784,0.08693739101842163,0.00021768390178950048,0.0,-0.0018840353120748166,0.0,0.022243904531008163,0.0,0.0,0.0,0.0,0.04823862979036919,0.0,0.08571656837561936,0.04770693196385989,0.05868163321876946,-0.002558598910392118,0.04427880253117189,0.0,0.06523845778506754,-0.00045603126879156797,0.07566780298702108,0.051064390208374,-5.551115123125783e-17,0.0,0.0,0.0,0.03964114850437439,0.00043076425236443505,0.0,0.0,0.03172114881003074,-5.359757320960723e-05,0.0,0.0,0.06344795613490539,0.0024302227026472556,0.001990275996676949,0.0,-5.551115123125783e-17
0.06279251121747603,0.05791647692963159,-0.0019335071895046352,-0.00033475381006708993,-2.795991557275057e-05,0.05010540961766913,0.04802392431214636,0.06475625627458287,0.06562761484133961,0.05034619367028892,0.0,-0.0010218409839011788,0.04770134922637154,-0.00010777348556234578,0.0,0.05710780235602547,0.043434593599728955,0.05114639245557412,0.0,0.07437169328454357,0.058096925483017925,0.04651270569013388,0.01691540093732463,0.06969202135537411,0.0602223240017028,0.05835805197726657,0.03626211863764833,0.040493848002646105,0.05345729690542983,0.04518273421877417,0.048451063026114405,0.039885337636958784,0.04444194690823222,0.0395455375220401,0.04311887147206428,0.06805928366011371,0.08197702491224751,-0.0016068611751386963,0.047011497777097844,0.05808709273131729,0.04800609495134772,0.05472785167373151,0.10794369579549423,-8.958601377473396e-05,-0.002052814443252282,0.05054950497203731,0.04953479838745117,-0.0004606510338703851,0.0,0.0,0.05473418621188808,0.07186385630611997,0.04541368281283942,0.00033708838746471237,-0.0002033992711517607,0.0,-0.0007397485767905998,0.04619974800875831,0.0,0.0592948473022501,0.059677077468594075,-0.0004420050643516582,0.0495498965890126,0.0,0.04760375663741112,0.05010851255981352,0.049760744796944145,0.049090483779095084,1.9645330263828864e-05,0.04899982675410802,0.04349724858811033,0.05807850325930619,0.05081169399925278,0.051637497619902606,0.002617279698643671,0.05013141361050205
0.04540038950620412,0.04457814122946446,0.0012269468740169764,0.0,0.03988057912320431,0.05225305854908202,0.041551807190228496,0.04991916517968226,0.058487210351906294,0.05895433784004589,-1.8263912145988215e-06,0.0033250102130004122,0.03896679952882398,0.0,0.05710780235602547,0.0,0.05982516860505688,0.07003907088810257,-0.0009056328421235826,0.05122897080163019,0.04726791380959855,0.069874144563771,0.04990363300392231,0.04605568505912894,0.0656333393759338,0.061815429375948194,0.05699253402797322,0.028599974548890517,0.032057930830636516,0.01648906141525197,0.05363327717113525,0.04642263290001747,0.03891694014240005,0.04543934915034337,0.059327024971649545,0.005589485205453992,0.000707726665494568,-0.0021882965953385347,0.034626009580297656,0.025425369943313625,0.029875095885573466,0.03232830906964168,0.0018160097188913427,0.0,0.0,0.024393884016117806,0.04342963113380344,0.0,0.0,0.0,0.0016730993826585272,-0.0018340028382595741,0.002869267906408124,0.0,-0.003794885894081168,0.0,0.0039108286241209544,0.004352639371512035,0.0,0.05127177518719739,0.0447745018039335,0.021800596555150042,0.03200239821465356,0.0,0.05885130807410632,0.038315639007074576,0.06131655235226641,0.04966425528206969,0.07516974593921022,0.03225921134368426,0.04703233802803575,0.07754464472725803,0.07447228432731473,0.04033430646390579,-0.0001062104867308733,0.042456345828465414
0.035393322925122817,0.05346836448583758,0.00017795576362533705,0.00016304634658148576,0.06112775708795365,0.018650512829392063,0.053072094023890015,0.028079426831514376,0.046413342876721664,0.06381645950724812,0.033366162301426805,0.06985064128367369,0.0586957325803964,0.0,0.043434593599728955,0.05982516860505688,0.0,0.07712988418593092,-0.0006426267987733048,0.04523982460488846,0.03178670128689076,0.05595872443992289,0.03123704379146247,0.039343915210838354,0.07255809050464218,0.06751011678595381,0.03215281043432977,0.061573988758704123,0.03417431552655309,0.0005634847285750921,0.047247556674009594,0.04872770935034354,0.0502345175602294,0.034667875089834155,0.04093308201006718,0.00037405537066498296,-0.0002833197019294631,0.03567564710435783,0.027050578457537666,-0.0038029768404901354,0.01212275045838157,0.03743753639404207,0.0,0.0,0.009814383040089802,0.016019714636614002,0.033755207013173694,0.0,0.0,1.6653345369377348e-16,0.000497122964587815,0.011447772192434091,0.0,0.0,0.005843424850401013,-3.86343736809569e-05,0.013016694654218008,0.03522204969702175,0.0,0.0,0.036479025552501376,0.023118517756624435,0.019259862467947197,0.0,1.945298021210906e-05,-5.551115123125783e-17,0.03151269338177398,0.001088145409433694,0.014784034880005625,0.03275147256392957,0.04019436466550752,0.0,0.045175470904760096,-0.00012021388167393621,0.0,0.026513009949521715
0.04021307826422377,0.05267863708176901,0.0014606292338679716,0.0,0.06493480821528774,0.052594470126788195,0.04904028713645442,0.04182084587632573,0.058662043190179924,0.06318837989783299,0.042126032314910244,0.06256276009902417,0.048129800880128304,0.0,0.05114639245557412,0.07003907088810257,0.07712988418593092,0.0,0.04476849423085966,0.04804982239417743,0.04427011099375894,0.055008199369521116,0.04905248940161944,0.04177127981074957,0.06065242867406351,0.06470898375665901,0.05890991115754679,0.044621680937387054,0.03882576259454967,0.03216616192705213,0.04428898401516518,0.046170807959850235,0.05196614693551527,0.03681152718568703,0.034611805166028964,0.00392304439666552,0.0,0.07449935164117172,0.03869433193799321,0.018463655720304395,0.030141711793228554,0.031452403507751914,5.551115123125783e-17,0.0,0.00018643336804891053,0.020229228540391386,0.03931555952039911,0.0,0.0,0.0,0.0036551375960173216,0.07484191650265337,-8.5975832162688e-05,0.0,0.007134622550600267,0.0,0.010867791959567552,0.049972550294181184,0.0,0.0387676158661851,0.03903727190850653,0.029640522272387948,0.029514520534131283,0.0,0.078000107572617,0.00783989892149456,0.04756646112259816,0.003333568990709024,0.002599406732681331,0.03774579804412148,0.046262160574408684,0.007582559836130043,0.048989679131196895,0.031366198679877555,0.0,0.04164190256546452
0.0,-0.0005365060087820228,0.0402210139210305,0.05321753949305169,0.057275968505623664,0.06162858877468863,0.050846667016812785,0.0676170960530339,0.05984389629083303,0.06285509596111627,0.05423767420237885,0.055098819474168004,0.047591064489495516,0.06226637595042661,0.0,-0.0009056328421235826,-0.0006426267987733048,0.04476849423085966,0.0,-0.0014933233884343866,0.0027490205825022596,0.0014166612909913279,0.11593879294507647,0.05777366499790482,0.003022406918679721,0.03774468228709571,0.0362036561408659,0.0453910550745496,-0.0006775091405231137,0.007218816223831304,0.05720473178799307,0.0509298207654989,0.008868216481398516,0.04375349368551851,0.044616556848342925,0.05009871911437819,0.046507362068329394,0.045296793787868384,0.06383324954490877,0.03376821658112755,0.02533385276166289,0.001060758379696658,0.03675920649297376,5.551115123125783e-17,-1.6653345369377348e-16,0.0,5.551115123125783e-17,0.1490045386147571,0.0,0.061075869452035914,0.059323409294655405,0.05889546973155235,0.043768089022687806,0.06117988843984101,0.001090098130333672,0.12597675176630718,-0.0001400879558206003,0.05481785163663211,0.04390014925406127,-0.0013899309812139826,0.0,0.0,0.0,0.0758039476797302,-0.0020512609097318446,0.0,0.0001476631139471496,0.06021746380399973,0.0,0.0,0.0014592844247256487,0.06424263124536944,0.06243718524933739,0.09902053239574599,0.0015173018221472656,0.040705896354859994
0.04525061875930858,0.052224558996283144,0.044285846716576704,0.0012441314400111203,0.06040822768506404,0.06319976731712112,0.05582606508903898,0.06170279252664401,0.057237095629468326,0.03652251859329214,8.393854356025798e-06,0.001685398555226758,0.05270001899625609,0.0011928479317475649,0.07437169328454357,0.05122897080163019,0.04523982460488846,0.04804982239417743,-0.0014933233884343866,0.0,0.03718909450905322,0.06969924697780933,0.06307720128606936,0.04454922900720715,0.05269390960192866,0.042979806346155947,0.08495369261043068,0.05291098916695264,0.07528988689014571,0.042971327090795486,0.0527423027223603,0.053583520396038864,0.06345519124191079,0.045687788723718425,0.0493401618888375,0.0664163019506987,0.06520577080580003,-0.00142661036763303,0.05628354650541767,0.05746838950622746,0.0531959674939117,0.060828584590021106,0.09031968414644598,8.812515870637583e-05,-0.00042515801411374676,0.00339389389094763,0.04949051350775213,0.0035015120603713035,0.0,-0.00010960387059960608,0.06071986611980118,0.058918370729659275,0.03824643234117503,0.0029847919488985575,0.0003270292906916161,-0.002101932791406247,-0.00033769422956853035,0.05578720726378522,0.0,0.04921769785642277,0.04296532658787855,7.18505775368361e-05,0.02841422115469222,-0.0005976953756647307,0.051703056167153316,0.03662121870619206,0.04711270713556848,0.05333442565470159,-0.002295752118965322,0.036648184639850645,0.031293809287894214,0.05943135413370487,0.06505469256421598,0.05899913377578442,0.06351107251477184,0.04897227044601532
0.04514026675016125,0.030878836907544005,0.000714461792658605,0.0003361965088362062,0.040170535183831624,0.05785318960560615,0.0320225345211837,0.04970213936162399,0.06793791288169426,0.053996010961568086,0.0485197143695395,0.058805053177752364,0.05227344566082531,0.0021100806759271618,0.058096925483017925,0.04726791380959855,0.03178670128689076,0.04427011099375894,0.0027490205825022596,0.03718909450905322,0.0,0.04506288385784302,0.028698416031809504,0.054211354280045976,0.043552349116048994,0.06052817027742635,0.02818987224095043,0.0540532676357659,0.06280928064337982,0.049988058833034865,0.04353128616279023,0.039042128390751885,0.00963342832968872,0.03569693796094103,0.049381643578777334,0.04662525974925852,-0.00035473675438840724,0.004644451782269632,0.028769749825797053,0.00121434044283536,0.030055591047396135,0.03692264834139469,0.0007800310933828714,0.0,-0.0004076430316509727,0.07126366520499489,0.026290537693238747,0.0010720133355118788,0.0,2.6326642813545575e-05,0.06317482454313555,0.005563460952655086,0.009634763787648604,0.0011036410439422828,-0.001162119783359672,0.0,0.00043218809419004467,0.060325412757639085,0.0,0.04523102822929459,0.045357037415361734,0.0,0.039153784004196446,0.0,0.04636155136819409,-0.0016358495603507328,0.028235026113050232,0.02581430888066255,0.00033002313892877,0.03166102487752226,0.03314651757148718,0.04692722448296188,0.06245803629882418,0.05323451055742584,0.050022783139688665,0.02881207232744981
0.04344158048873947,0.07094091627871346,0.0481493042200789,0.0033179435528940537,0.054528767894997665,0.0604900382967995,0.051125120788480416,0.053419434932935106,0.05345917023687069,0.04731849153144324,-0.0007129841148224569,0.0751959407420209,0.045811334522432356,0.002462206277164203,0.04651270569013388,0.069874144563771,0.05595872443992289,0.055008199369521116,0.0014166612909913279,0.06969924697780933,0.04506288385784302,0.0,-0.01843552743869198,0.062007626127035864,0.06893583668683423,0.048594103556000245,0.06512288707358094,0.03417403366497529,0.056521924390136036,0.022732540354762187,0.053422382544117464,0.043292519320066,0.04590372919312169,0.047065497668739575,0.05034005495529659,0.0694170919999274,0.051589207097676226,-0.027463744042791394,0.04908714944272036,0.05927324812270057,0.04984133902207205,0.05557081160284494,0.02722147777100875,0.0,0.0011070767313006713,0.03417568094994594,0.05011627282274872,-0.0006150468431985745,0.0,-0.00010721655137901909,0.06518002115748678,0.06069977292637918,0.015118399666164517,-0.0015931790474662533,0.003417554190517258,0.0,0.0010508144381504714,0.057388446259919235,0.0,0.05348219432047874,0.05780755499522239,0.03851409574831899,0.044915866690393436,-1.1102230246251565e-16,0.054245683869649175,0.05347497045413374,0.055018624550369655,0.051773626606642864,0.06285237143579409,0.042353492577037744,0.03925450982324341,0.06391609184905284,0.0703295639789211,0.055489534695686515,0.004671789207870258,0.04941086214116608
0.031536716629716854,0.05573017824925941,0.08904522459660325,0.041778036426352305,0.047857522337457215,0.05332035021089815,0.0435092085234588,0.04094416329552303,0.04952131624206407,0.043635250459219566,0.06799824667168836,0.05494736763442398,0.04440584436772821,0.0520435553065397,0.01691540093732463,0.04990363300392231,0.03123704379146247,0.04905248940161944,0.11593879294507647,0.06307720128606936,0.028698416031809504,-0.01843552743869198,0.0,0.04610185565848274,0.055136729178720534,0.04138248224633173,0.037292157968601025,0.048213899905830526,0.05747635509755533,0.03850005160432929,0.05199973089897442,0.04701409605679574,0.05330920158841379,0.04756469731697127,0.042369326209824365,0.03213956403802559,0.05287825388851197,0.0019053836876899988,0.05381391724598816,0.05392831063606324,0.0547214633629467,0.05251058385175045,0.025136875265454106,-0.0018637516407973287,-0.005290047687606325,0.00045374074394044506,0.04793757712982799,0.06647715938186327,8.19681281044593e-06,0.047108114246697586,0.04414548417465192,0.04076537664638491,0.008013403530634233,0.044540890208261685,0.028536692758861948,0.07893811596285871,-0.008550377422032296,0.04685823401274336,0.03256509716836142,0.04172565577234216,0.04521772980853839,-0.00023691844725137745,0.0502262990771406,0.08610521553867856,0.05213760943686102,0.030135369616392127,0.04706039463908951,0.04193979052408736,0.000687280859895778,0.044844962164173496,0.038777378060620094,0.053425825112456526,0.05632492488025587,0.054426038274828226,0.0626791851807107,0.05363880764779405
0.07980663413037692,0.06767090149885635,0.000990256580534532,-0.003962651921143923,0.05606865606707323,0.048321041046173074,0.06394876001153493,0.047009928582570804,0.060948082261436554,0.06890775813744382,0.05030333035665513,0.07446760842630845,0.05794589503002834,0.001056569127876883,0.06969202135537411,0.04605568505912894,0.039343915210838354,0.04177127981074957,0.05777366499790482,0.04454922900720715,0.054211354280045976,0.062007626127035864,0.04610185565848274,0.0,0.05395066798288639,0.07890212088569454,0.05058732269278321,0.05772769060574651,0.052979464650111996,0.002804666491363017,0.056007405013046574,0.10281663566663385,0.020509148475818972,0.02809065211209577,0.03451178204176658,0.010255901316131522,0.06833672495174459,0.027644385201408217,0.05781590904927447,0.0011302785299643348,0.04719803754224616,0.07459594623163351,-0.0031511272349201147,-0.000182196381706079,0.03948218551246463,0.01988279467594778,0.05225300498992963,-1.7582425819950842e-05,0.0,0.0,-0.0016664942812378847,0.0014394048856491426,0.0005160674576726865,8.777096030532228e-07,0.017674511911768,-0.0006742684003314126,0.04758242493570963,0.003730242434896336,0.0,-0.0014221806805578274,0.039623743697393854,0.025197949690865973,0.02023863495513545,0.0,0.0015089821796187008,-0.004030145040894051,0.06873914633111483,-0.0022994114008000333,-0.0005114369549850672,0.033191565113630195,0.052374486175181145,-0.0013673219243963697,0.003206009115412911,0.0013172039682829428,0.0,0.03112649482947738
0.05445406456816643,0.07037811082400869,0.002670907746342266,0.0,0.049735778112300844,0.06293232506185403,0.05537236287425412,0.041754015070201544,0.06375071713648167,0.06621539434505114,0.03902757553590225,0.064188729112027,0.05175740075080065,1.4380722719864458e-05,0.0602223240017028,0.0656333393759338,0.07255809050464218,0.06065242867406351,0.003022406918679721,0.05269390960192866,0.043552349116048994,0.06893583668683423,0.055136729178720534,0.05395066798288639,0.0,0.08199516940941265,0.06750219924042716,0.045852839675457335,0.05244842525676996,0.002128748095824473,0.05622458725325169,0.06086827818800922,0.041094137430009,0.04633685702942386,0.05430520538322936,0.0014296083212971267,-0.0003246906009240491,0.047791043063021565,0.03625066692513512,0.020902417137259655,0.03136783774637836,0.03836433419975688,-0.00019123971783796545,0.0,0.0016432353623337947,0.03322121608193451,0.04726114758247135,0.0,0.0,0.0,0.02946087451013296,-0.0006888714375855032,0.003951123539900958,0.00021434622877614107,0.01813961200662545,0.0,0.030177232540348597,0.04442900630242397,0.0,0.05721388650470771,0.044039426110415614,0.03245185979878895,0.03254367816176962,0.0,0.05546480576441559,0.04879094530855299,0.05061490279626513,0.03447916291755376,0.028735110822959986,0.038230512058443855,0.052708970169613734,0.06348554374946519,0.033536302708504995,0.0395490171988051,0.0,0.04222435657464502
0.05976624434164368,0.08514350696983364,0.05745653587706606,0.0008469867278640963,0.05767546989873584,0.0711533858446668,0.06112814492330543,0.04227413853822981,0.07004724903611492,0.08838399461978136,0.04769700775347785,0.0439121102622862,0.05704605885156022,0.0022644309299488796,0.05835805197726657,0.061815429375948194,0.06751011678595381,0.06470898375665901,0.03774468228709571,0.042979806346155947,0.06052817027742635,0.048594103556000245,0.04138248224633173,0.07890212088569454,0.08199516940941265,0.0,0.04995425076501342,0.05564746048216268,0.055564511826795615,0.05569574430462859,0.058065000923517796,0.04308256748079825,0.042581919493527354,0.03778668028533433,0.041504222252979395,0.06931772991089474,-0.0012602196886543071,0.04395055017571109,0.040441440074894586,0.029097124736618685,0.033243730039397124,0.041775428380404156,0.02041202966787431,0.0,0.020089476979744836,0.04163064738981137,0.04668966213674264,-0.0007229421986019724,0.0,0.0563948312507222,0.051923453444951584,0.037959299364439814,0.042180030314581674,-0.0009014346051050004,0.028215362316303505,0.02994338568445365,0.038552810212071964,0.049317706170076636,0.0,0.053692256444808684,0.05312154451205775,0.04446370155421542,0.04228365527617095,-5.551115123125783e-17,0.04929077451732755,0.026719464741538412,0.05429786416772442,0.04159468044921061,0.03094053136260977,0.04845512988525086,0.04992661455208114,0.05610154237385795,0.041826622164592875,0.044701502099640966,0.0001600438812589533,0.0486847083391197
0.03039059881496503,0.06293128313639246,0.030432881552748092,0.0008190471844425895,0.0529994133629601,0.06565255850106283,0.04806667518077201,0.03788350280394703,0.06424390221431237,0.04935882838823258,0.04389690579361982,0.045928894501969686,0.049736620042570734,0.03332770933397944,0.03626211863764833,0.05699253402797322,0.03215281043432977,0.05890991115754679,0.0362036561408659,0.08495369261043068,0.02818987224095043,0.06512288707358094,0.037292157968601025,0.05058732269278321,0.06750219924042716,0.04995425076501342,0.0,0.04727412985460161,0.062498221533517306,0.03930874587888589,0.055987209478880806,0.044498541461201024,0.06273672922446527,0.048291089025918,0.0419535002523852,0.0333977526670714,0.03353842291284209,0.0012040893777473527,0.06607368700495286,0.05171486193832614,0.06735496321371592,0.07973302667495308,0.052455359505194976,0.0487777243940124,-0.0023636754198335663,-0.00025988397464660196,0.0512570848425975,0.056980264297158856,-1.6653345369377348e-16,0.058950374724153876,0.04819019139128933,0.04512121767151289,0.018627269121309797,0.04484345345347884,0.040191709546273435,0.058130587955768975,-0.0008653287862516179,0.05244558108897046,0.04562535513879684,0.049098681962291446,0.044161664535194156,1.6847342276415933e-05,0.04159772064690964,0.04580036214459149,0.06197927050804608,0.04310864376819756,0.054962808098524885,0.046803686890040885,-0.0011945065105308794,0.05312349070721917,0.04696372675332816,0.06045998435354605,0.06532232723574827,0.06969791389657215,0.07481203565499428,0.06326133983101245
