0.0,0.011162971521065879,-0.028955510095488246,0.0,0.000536600172191759,0.009635543231244048,-0.0014051420252432223,0.010661509894535737,-0.021254120723451342,0.014911613413493119,-0.00020988841306390782,0.01645244533555279,0.0010013700136700665,0.02978151356076375,0.009864850351575749,-0.0008060619513403089,-0.010636710550590567,0.005518288772898838,0.0,0.01742037329488605,0.01898900856818958,0.017754569694956035,0.015488383008369189,0.01091493269483651,0.014712562426921816,-0.0008730830976594883,0.0031558730177554395,-0.0009391845014943834,0.02502643124669096,0.007832775285675775,0.012027898662714864,0.020262702090769746,-0.002569866486599015,0.020701191117508344,0.014205811816128955,0.006166615414641141,0.0,0.017701631565712805,-0.0015747525394595452,-0.0488913216506342,-0.022339920214596964,0.006135410357621995,0.0,0.0,0.00801698684903901,0.009109475132972,-0.0161063118980308,0.0,0.0,0.0,0.002407322672685064,0.0,-0.0030212708585745096,0.0,-0.028507224106177564,0.0,-0.0023222160740222764,0.001774767929350607,0.0,0.004418146827254665,-0.0051340943833156905,-0.049946153513351244,-0.026836035453941698,0.0,-0.009296971150477784,0.09058544332127011,0.01331579973136382,-0.00463721716148735,-0.027128241781220863,-0.03809072617060716,-0.018946705277777698,-0.00598251258373006,-0.0007299084840202141,0.004470110771849667,0.0,-0.04875885280172937
0.011162971521065879,0.0,-0.01508050971987357,0.0,-0.022939365442072757,-0.010410599720434122,-0.01115997847891742,-0.01822216809903171,-0.017770466114542527,-0.015626808893902555,-0.04510710285674746,-0.02311191103563509,-0.010948089175796483,0.0,0.01262004652051879,0.01084358547869868,-0.005956602789925436,-0.002850619615051675,0.0035307597800002255,0.016547086731456495,-0.002535975496149423,0.033705573793069155,-0.01196554210999834,-0.005734296736738365,0.005453221775457484,0.01260770428860497,0.0026508036774932076,-0.0061362246149111455,-0.0028442272603940166,5.4183998818069234e-05,0.016209563794831294,0.031297254769782346,0.015309182379867281,0.021220732948042498,0.023365607632684582,-0.0002722388376880658,0.0026728135372046657,0.0005754735375953501,-0.0008674893268209583,-0.009088744171025065,-0.001845751116375638,-0.006360633259396231,0.004597256084361789,0.0,0.00010364681908037188,0.008155539262799771,-0.0039633698710337395,0.0038486517432671508,0.0,-5.551115123125783e-17,0.0006144136752359031,0.009518368289719137,-0.003772511062782924,-0.00286984123051498,-0.013140739982994476,0.0,-0.03652315155387148,0.009696346306732995,0.0,0.004252852806307106,0.003814289875880783,0.01238461938873947,0.0022389024160288096,0.0,0.0029941445646729514,0.03381092965203619,-0.005973991769484932,-0.001480171486760773,-0.02694908916459765,-0.007448202623013711,-0.0003496429585778116,0.0010063142654742618,-0.004905812660025766,-0.013194524207143954,-0.00021058106715460267,0.003369951524927972
-0.028955510095488246,-0.01508050971987357,0.0,-0.01348638919697176,-0.012471088738351954,-0.014363694965253193,-0.017375604623417695,-0.01968852179117131,-0.017649556042999393,-0.010641328221604573,-0.018251468752015554,0.006764131938140738,-0.020336636644302408,-0.018608845475478142,-0.019927327526782,-0.03102185204481539,0.0048123784185551965,-0.057573738246257444,0.006643420737028227,-0.030288487214645665,-0.02361398808154558,-0.0092357561227559,0.018697770135366665,0.00036113409303673016,-0.028273167480301564,-0.009515576063143683,0.0031533832931970873,-0.020253228366070408,-0.018698753067899476,-0.034174040383806725,-0.025203722499403003,-0.02023036922029786,0.005899388233018721,-0.024851280828793454,-0.022869577510959083,-0.01329853407271131,-0.010156675873042142,0.007616094973133591,-0.013113355880094213,-0.002434197903551094,-0.02266079102154195,-0.0027270019671913337,-0.06406514468948549,0.0024441473108520184,0.00020252055154640347,0.0,0.0014703439856941225,-0.062431325241907754,-0.00044959863861904203,-0.04908066757627777,-0.02660969916803635,-0.033170256347675786,-0.01639574073738259,-0.08179909282393916,-0.0008257854556237287,-0.07056863054768125,0.00030649546811856165,-0.026863094137173582,-0.055899551628315,0.0011757231153258774,0.0007884071002295379,0.0,0.0,-0.11705829819305863,0.011464736732063607,-0.0008857448589250638,-0.03875540559119989,-0.022335125776956954,0.0,0.0,-0.01946103068716576,-0.01925299639207767,-0.03062284936483972,-0.0009824289125273111,0.005712172992306197,-0.023974008611073794
0.0,0.0,-0.01348638919697176,0.0,0.01883351212354928,2.0100239806142284e-05,-0.0031327009825823926,0.01826357231895831,-0.010520336263317942,-0.04947654950661545,0.017250627667886376,0.003568601746452238,-0.007835663245797153,-0.0491839936790503,0.009539531193993867,0.0,-0.00043954427313758204,0.0,-0.01606747530941166,0.01691198460342702,0.020278701303392377,0.029023278888058224,0.019504308374060864,-4.678870327684548e-05,0.0,0.0034004680733422665,0.036027731706757105,-0.02674853830163121,0.050031328862118196,0.00031880228298969415,-0.08908802068860133,0.07564461607470258,-0.0010532561155960907,0.031531250574068304,0.05717098476220278,-0.04724437922680358,-0.032152792680253034,0.003690717242333219,0.0016344377169194013,0.0,-0.0012405659894553223,0.0,-0.0004193741162346054,0.0,0.0,0.0,0.0,8.88719515040326e-05,0.0,0.0,-0.0001631680725696638,0.0,0.0,-0.00020806068199274996,0.0,-0.000213001617519748,0.0,0.00015662814733963248,0.0,0.0,0.0,0.0,0.0,0.0,0.0,0.0,0.0,-0.00019868162132130607,0.0,0.0,0.0,0.0020653717026429264,-0.00020393585380334978,-0.0004913745953696314,0.0,0.0
0.000536600172191759,-0.022939365442072757,-0.012471088738351954,0.01883351212354928,0.0,-0.02101304198620152,-0.0008914097722300118,-0.01987209421685293,-0.010005151944411594,0.005743843191212128,-0.004328637726842111,0.009958091369448085,-0.003041484386964999,0.006175843308197815,-0.00011927151255286539,-0.018398560811984044,0.00035938400307106155,-0.01873448224808799,-0.0029740762257852715,-0.03202160198946041,-0.028103826192194425,-0.00724745781910896,-0.02565042838358833,0.01230437355542191,-0.0024304032134072062,0.0010608832901109477,-0.016590810861221106,0.006897856824115811,-0.02542177351747188,-0.024629176196862668,0.00377169096680785,0.025967272321366586,0.0016083195687857654,0.018043789367776508,0.02686042644422665,0.0031813317250492523,0.04535295180246002,0.0029991444844794657,-0.011786713026210538,0.0011394732173218847,-0.015920260350522686,-0.006958677153626858,-0.0637649456284366,-0.00021875874794585748,0.0008723517822489812,0.0,0.0001293300579394696,-0.036059813274370967,0.0,-0.054577149285498894,-0.028326654533406215,-0.04009906623120313,-0.01622251585759399,-0.05139498160953854,-0.0005637276106960076,-0.029174814537389238,-6.550069675997916e-05,-0.029295014865493907,-0.06166180906066754,0.002927763053373944,-3.896954635379535e-05,0.0,0.0,-0.040850858313656147,0.0055018269547788545,0.0,-0.024370993723938028,-0.03029975988480521,0.0,-0.0002291218793280536,-0.030335708135975303,-0.024413898620796348,-0.024092313713669655,-0.004893415524926725,0.004367530059738112,-0.04067826188969059
0.009635543231244048,-0.010410599720434122,-0.014363694965253193,2.0100239806142284e-05,-0.02101304198620152,0.0,-0.012960383054024638,-0.02117401066265001,-0.030438877898765315,-0.03950282927575077,-0.012252913044937142,0.007071893528380946,-0.02480760732386067,-0.013203513541984513,-0.007661038002821363,0.001995368658610275,-0.024574584772099117,-0.011930392789948008,-0.020106430012008736,-0.01271505561253683,-0.002807975476259328,0.004826876435589933,-0.018974436296382236,0.030042364323672244,-0.005451486936508154,0.0008782432628275938,-0.003244068591958249,-0.013229206945057692,0.014139585213921335,-0.010903170375997473,-0.02426410201524065,-0.008413692361287195,-0.028066571865591694,-0.020216095000597456,-0.0034392883985607248,-0.014918008917361447,0.01085377017940875,0.009118772114609819,0.006553076998881691,0.006105961529014825,-0.0018019986087665085,-0.019765831932692657,0.003936440740907932,0.01202253528413344,0.002524266764285743,0.006529401500102061,-0.021443581060244132,-0.026289203978878684,0.0,-0.015389284139474158,0.003596587142523755,-0.0026289353807205096,0.014440791193406521,-0.017969099305426672,0.0011494725683417473,-0.020617467977545767,0.001740594624213443,0.0010645648951012054,-0.0010638799834780666,-0.01678407132006393,-0.009104481556109656,5.551115123125783e-17,0.00372886490287494,-0.011981735086747713,-0.004916571785662627,-0.016608700966439627,-0.013842786947986352,-0.006900403264048838,0.0,-0.01989217253000003,0.004824906314960908,0.010574102513568606,0.0013768696835680938,0.020166362772624513,0.008634241395252595,0.0011803314375690155
-0.0014051420252432223,-0.01115997847891742,-0.017375604623417695,-0.0031327009825823926,-0.0008914097722300118,-0.012960383054024638,0.0,-0.006837683216593726,-0.012822054100446623,-0.006602634423520881,0.0001586252728197346,-0.0077278761962098486,-0.01841688389579743,-0.008977669122935739,-0.0028480625049956965,0.002571919510702514,0.008161586416967792,-0.011058769740008967,-0.012030602653973155,-0.01452843870708559,-0.016027644514305606,0.007053681617220697,-0.0152415227221942,-0.02126680341767795,-0.0064925791748294825,-0.0035655509706826183,-0.014294521661312842,-0.02740338601997333,-0.0029181044739871598,-0.00730036649407434,-0.022692007024918248,0.003657962617843402,-0.002890537717715691,0.006950696684378144,0.01692999220445318,0.006391732173089804,-0.07458154300137027,0.01004926069197476,-0.014125064005706622,-0.0003338834174499983,-0.014836867422022448,-0.0077447204321140495,-0.05338944009846669,-0.0004169988406947933,-0.00014536260284575553,0.0006952691777010744,0.004376449678427208,-0.051923584006964785,0.0,-0.034153708763424884,-0.017623003251698188,-0.025756755989612412,0.0008193669052554142,-0.04282764416576085,-0.0038893616334759185,-0.03426678550808587,0.0038413145425558737,-0.017235051540537283,0.002375664465913252,0.012159232222359095,-0.000675291814316914,1.1102230246251565e-16,0.0007729294196076042,-0.03684653467888127,-0.013611205098588264,0.003382047726222359,-0.04344622207841076,-0.020832349454566135,0.0001510002619741213,0.0067432082205168276,-0.018427294123687987,-0.0053004279839226065,-0.018793171362302075,0.0033664086646725266,-0.011965679654705963,-0.012387935513612836
0.010661509894535737,-0.01822216809903171,-0.01968852179117131,0.01826357231895831,-0.01987209421685293,-0.02117401066265001,-0.006837683216593726,0.0,-0.03603071269400043,0.025732373908052497,0.009703957090017312,0.012243955361264325,0.004837142083689072,0.013476910892918081,0.025531668199546664,-0.006205547236287967,0.0147472299010602,0.0065194371017771036,-0.01851311300818209,-0.0033360966158526018,-0.02465726542074409,0.01015781301105878,-0.008551749759075855,0.02005864363276766,0.013950815683383688,0.014600602852198219,-0.014023523256763426,0.013589621199070034,0.014242080031454107,0.006681503313079873,-0.004047238558702371,0.017883474018961232,-0.05434529315437908,0.0058545083505501805,0.025146820174135942,-0.03525105865854228,-0.009890898251546099,0.042420729975158056,0.0005102203025302288,0.003834958186405668,0.006704510576517109,-0.035003640065692676,-0.029416986299093062,2.032074127983341e-05,0.00012638599061653988,-0.005529158252195743,-9.946151721934582e-05,-0.033074022034788486,0.0,-0.013985924456382304,0.018128602668013416,-0.006042174367124231,0.07883591639763626,-0.0296132811895361,-0.000715933421295889,-0.03587808335034587,-1.1102230246251565e-16,0.01778083239009659,-0.013968804801226975,-0.008924762736106928,-0.0013836536532372268,0.0,1.7486079977091507e-05,-0.014725888305636037,0.00010592747968868332,-0.015920827261725556,-0.028398731409462197,0.0005960452813327244,-0.0020940413634928934,0.006802520638032827,-0.0031251815336615363,0.011338875536208715,0.005911974793486929,0.015528487502811605,0.016328594711943867,0.003291928739205807
-0.021254120723451342,-0.017770466114542527,-0.017649556042999393,-0.010520336263317942,-0.010005151944411594,-0.030438877898765315,-0.012822054100446623,-0.03603071269400043,0.0,-0.013136005363480974,-0.013518820156514899,-0.013632766816012831,-0.028831633754928587,-0.018277846744150505,-0.010260300882070916,-0.002819632453136267,0.011499613993764868,-0.039756383398765416,0.002736276914797442,-0.020165426662146546,-0.009831640047132884,0.0009236010831554786,-0.028681601316884353,-0.005931427734627626,-0.027308386369900073,-0.01270392705528911,-0.020248186895670817,-0.02490270526631455,-0.017312628877437897,-0.03833419279060596,-0.028756465339038806,-0.02315701208311932,-0.07275088146650266,-0.024301845532579747,-0.021642324241317623,-0.0044979942649202576,-0.03013349480561861,0.013947607994583056,-0.018534341402423937,0.004362872491640912,-0.024520085539241288,-0.03462104656064785,-0.053648447951467615,-3.52943087451596e-05,0.006315905865301064,0.0,-0.032991569546560184,-0.035434793641748175,0.0003736074892640717,-0.04728809437225534,-0.030837811155594697,-0.04390138856353254,-0.02458277801328007,-0.044569332041377474,0.0006711863219412972,-0.05483299260315688,0.0020881841556629754,-0.02910165155016864,-0.0353411025975407,-0.037591305377176365,-0.0008983840783303165,5.551115123125783e-17,0.0,-0.03867828659859118,-0.04837770369460065,0.009450099342020624,-0.041117161680727765,-0.033123792039705724,-0.0004622654965706907,0.001507565079028883,-0.013013733896309998,-0.03050545162317775,-0.034253307671922695,0.004463224829369672,-0.039513751318782764,-0.03313446721710228
0.014911613413493119,-0.015626808893902555,-0.010641328221604573,-0.04947654950661545,0.005743843191212128,-0.03950282927575077,-0.006602634423520881,0.025732373908052497,-0.013136005363480974,0.0,0.011881314274954868,-0.01700593275019341,-0.016964289140259436,-0.20666837896642729,0.020980555407180912,-0.014843121218632516,-0.01746142235503595,-0.000807213452665767,-0.003837833566476323,-0.009971194230846692,0.02029560966809285,-0.0024560239982097665,0.037911315360350695,-0.022157876652146025,-0.007832066332862764,-0.0038356849113723723,-0.008725424500509782,-0.02785828747457808,-0.012890986573811658,0.0011437468527966677,-0.03575663777246396,0.011853733898359808,-0.03402956003464863,-0.016605699676732033,-0.002550064466719071,-0.016264924707444728,-0.04531641199449066,-0.02454380895582353,0.036942821394320646,-0.08222211459375589,-0.008048229909079274,0.012076148490090255,-0.007101506060088247,0.0015030385517114664,-0.07249474948023171,0.009892544723311747,-0.022507832203614575,0.0022817655313863705,-1.1102230246251565e-16,1.6653345369377348e-16,-0.0009460063891395531,-0.058234522689296075,-0.0008722714720990066,-0.0031289834896152113,-0.03638769899818267,0.0019733631965426768,-0.015119277405417186,-0.036575424371338205,0.0,-0.003500931426056897,-0.016107087692333155,-0.03537142684660177,-0.0356332583467292,0.00018995807105526286,-0.002851263310087171,-0.0001787788826778658,-1.775251791891197e-05,0.0072677192844180505,-0.026853149823039824,-0.03654876926337375,-0.02759759676006851,-0.004403844718515293,-0.0477637614051839,-0.08810901986229747,-1.1102230246251565e-16,-0.032050650616304965
-0.00020988841306390782,-0.04510710285674746,-0.018251468752015554,0.017250627667886376,-0.004328637726842111,-0.012252913044937142,0.0001586252728197346,0.009703957090017312,-0.013518820156514899,0.011881314274954868,0.0,-0.0253108620331845,-0.005167799959555408,0.0054247945961984345,0.0,2.4142698044182787e-05,0.015201138693766325,-0.028780962743220895,-0.0036522003505497502,-0.00011095667209970461,-0.06263265872510038,-0.0003553768433086635,-0.013412276989707206,0.006290590074282121,-0.02273181525781548,-0.014245563755427293,-0.0163600949988445,-0.009681504533650132,0.0011808957767169836,0.0006134876590950245,-0.013520535080250418,0.01100178832675669,0.001968266602787594,-0.0011927672573754933,0.003243072722827367,-0.025381486470284154,-0.03330037836436228,-0.005690430938633473,0.015265612368898118,0.00014233007842201495,-0.01971445234317437,0.0006196765735002052,-0.06389578112073119,-0.00239975917953833,0.0037497885600490943,0.0,5.551115123125783e-17,0.015228160989319728,0.00019473052739088503,-0.007778629195869247,-0.02923177541723937,-0.027409262419881175,-0.034924932763877925,-0.013177560334756144,-0.003333332689842261,-0.056932630695793074,0.0016848422942868369,-0.018946690023391333,-0.053035983508005424,0.0011491204098550423,0.0,0.0,0.0,0.07350477991221732,0.005052169494366265,0.0,-2.764235043001273e-05,-0.04270612935513968,0.0,0.0,-0.00034855979037706764,-0.03440942640225175,-0.025736066272291358,0.005764244120346651,0.001711680697232154,0.0017576943815705848
0.01645244533555279,-0.02311191103563509,0.006764131938140738,0.003568601746452238,0.009958091369448085,0.007071893528380946,-0.0077278761962098486,0.012243955361264325,-0.013632766816012831,-0.01700593275019341,-0.0253108620331845,0.0,-0.018306684692852626,0.0026375135405395933,0.002212977501077462,-0.02829154736971512,-0.01812824067778468,-0.012394087840944812,0.007781151614299986,-0.0006627380756799028,-0.0013178214970185342,-0.030611805947449056,0.03324681922180234,-0.00847465570755701,-0.014585074838533718,-0.0051361283871906305,0.002986708383796499,-0.02816193718181781,-0.006057533603911258,-0.005047040642216893,-0.046329984523747036,-0.013503407057214478,-0.0403588506835042,-0.00846353860290816,0.001058704051186743,-0.033759915989684364,-0.013619109432206622,-0.021131330872767307,0.0091553339493336,-0.06912768679833553,0.0022447196221057064,0.01253943949479408,0.009068689673857988,-0.0010104458073197375,-0.07021505448449478,0.003080948402139405,0.0023936873297905614,-0.0008757695970932344,0.0,1.0620780994674561e-06,-0.004559293080711346,0.0035285869736578768,0.0,-0.0011349215099937804,-0.039842752943336945,-0.0024544480571235816,-0.010637611019657323,-0.029583123109430898,0.0,-0.00018723251168922816,0.016901118620148314,-0.0385866858092907,-0.04003510363102786,0.0,0.0002460972706813669,-0.00039501004701053555,0.0008531082401643797,-0.003971250007079652,-0.017293584773491466,-0.031923201443328386,-0.023012817856838008,-0.006452765835426477,-0.01742906722515447,-0.001845541553884611,0.0,-0.03298555867323749
0.0010013700136700665,-0.010948089175796483,-0.020336636644302408,-0.007835663245797153,-0.003041484386964999,-0.02480760732386067,-0.01841688389579743,0.004837142083689072,-0.028831633754928587,-0.016964289140259436,-0.005167799959555408,-0.018306684692852626,0.0,-0.02137604561518519,-0.00981972804774095,0.005455619437004899,-0.009198467756346973,0.001291184056417205,-0.016472775022498054,-0.007048004294848476,-0.0008555352363440183,0.01095600761730281,-0.011359531666847722,-0.026000234792917798,-0.008724833518532815,-0.003259589442650257,-0.017826124184391945,-0.016182946367480966,0.00669788110400249,-0.008691834327580583,-0.020992406687382614,-0.0016844855853564433,-0.02387260415729986,-0.0014383591945220653,0.011179463027681025,0.007401643497574717,-0.008412514741153176,-0.005604951212797915,-0.0005157900399552773,0.0012754982711802865,0.004479130875863047,0.0011640934538519332,-0.02011753431133101,0.0032205570270491535,0.003207210124889892,-0.0003132112894850825,-0.03332257799706262,-0.033029110765066594,0.0,-0.0258470311816118,-0.005542256065815487,-0.009140913323995914,0.010693549871847563,-0.02565804846256814,0.007519358961644684,-0.03965828408229427,0.0017270584608117812,-0.00372172192429987,-0.05426894676849253,-0.031476567424840285,0.002364068782889195,0.0002760968356325111,0.0036684032279781786,-0.023714140798561267,-0.004751155593759826,-0.00310080685025399,-0.004320314359682387,-0.010584060494598702,-0.0008148281303654858,-0.014923138819187165,-0.006366966629432147,-0.001564837621060522,-0.004585148062638877,0.003611710431198012,-0.005487808145677842,-0.0035999901387986366
0.02978151356076375,0.0,-0.018608845475478142,-0.0491839936790503,0.006175843308197815,-0.013203513541984513,-0.008977669122935739,0.013476910892918081,-0.018277846744150505,-0.20666837896642729,0.0054247945961984345,0.0026375135405395933,-0.02137604561518519,0.0,0.00018333353483845904,0.0,0.0,0.0,-0.00605597786996287,-0.0007603691851151284,0.010214576864927716,0.0002822588821137506,0.0008864741139906762,0.02717463372658646,-0.00019009588059343274,0.01510970971565967,0.026611682499194045,-0.015010473899271515,-0.0023837752358058517,-2.1874063606264205e-05,-0.03871619550608968,-0.08809317416736831,-0.0037513133050434133,0.027765882698985722,-0.10137140211731999,-0.03876574669870406,-0.01837627217353824,-0.0012304486953503835,-0.00692386253785876,0.0,0.0002749558774520766,0.0,-0.07827590562127795,0.0,0.0,0.0,0.0,-0.06410019788693405,0.0,-0.003463069124872209,-0.05821181553832244,-0.005116649670057427,-0.012467673746459795,-0.05663780091004872,0.0,-0.04699429709910741,0.00084087851913206,-0.016099151480230167,-0.0404386548718394,-5.551115123125783e-17,0.0,0.0,0.0,0.01085231588030311,-0.0026111790811469415,0.0,0.0,-0.027961096155355636,0.0007084955377701929,0.0,0.0,-0.04044372630361781,-0.1183505221597263,-0.0014476370407908168,0.0,-5.551115123125783e-17
0.009864850351575749,0.01262004652051879,-0.019927327526782,0.009539531193993867,-0.00011927151255286539,-0.007661038002821363,-0.0028480625049956965,0.025531668199546664,-0.010260300882070916,0.020980555407180912,0.0,0.002212977501077462,-0.00981972804774095,0.00018333353483845904,0.0,0.004393391934465085,-0.0013238902394478447,0.00048524189541904184,0.0,-0.014247105350557732,0.029201748488557278,0.026497396533187223,0.008002602315927143,0.006424797244534486,0.011771285771335849,0.01840114970199974,0.01317727795518886,0.011594568504028457,0.011863212085761188,-0.005492011163266863,0.011651656097177387,0.024739454220828794,-0.0011165016949093998,0.027106370586924333,0.03087388915395134,0.002115062710294602,-0.0005489695544904083,0.001054128198220039,-0.013964147056517828,-0.0010007376767855458,-0.01498331905540623,-0.008978000736567071,-0.01128653995128942,0.0020207237232247044,0.00023390098503528467,0.03807947031443232,0.010546627203585512,0.004083572332717167,0.0,0.0,-0.009491027538805596,0.0037494347959386443,0.006973972031971698,0.004416956456823162,-6.696239839054652e-05,0.0,0.00013186875699106038,0.014212696015146187,0.0,0.02000570650834016,0.00644396253798174,0.0009479627694949921,0.007166783737145299,0.0,-0.004348225168294362,0.019714921087882364,-0.0015198313926949591,-0.009326090189599123,-0.0023781543458228915,0.0038643677410555854,0.014579174008345075,-0.014430104669882426,-0.05115864291434219,-0.041389564451369765,0.011051636219680583,-0.020171277308574376
-0.0008060619513403089,0.01084358547869868,-0.03102185204481539,0.0,-0.018398560811984044,0.001995368658610275,0.002571919510702514,-0.006205547236287967,-0.002819632453136267,-0.014843121218632516,2.4142698044182787e-05,-0.02829154736971512,0.005455619437004899,0.0,0.004393391934465085,0.0,-0.013535493218090777,-0.009028975119896088,0.0019564204380874695,0.00970364092706516,0.003566076954724884,0.012005342785560869,-0.00343378129066485,-0.013144602633569868,-0.0024494443784712217,0.006318255600809508,0.005030544044471397,0.011305559583397351,0.01086810454207826,0.0076075696203785625,-0.011216583814749381,0.004853682873221965,0.0015554841711902245,-0.0007099288013781013,0.0057525899394955116,-0.006825435392522339,-0.0005919379561067917,-0.004784582392449777,0.0019102246376391796,-0.011464208990848934,-0.0020067161734769745,-0.0031961614076719824,-0.0001152768097376633,0.0,0.0,0.010648733611183736,-0.0055251797964391836,0.0,0.0,0.0,-0.022608260658346258,0.0014210318002688127,-0.003170549862230976,0.0,-0.03241017901296678,0.0,0.002138693880652409,0.003839114848878278,0.0,0.01411807136127985,0.00025072269773701583,-0.027675329532153792,-0.002591547713180098,0.0,-0.0197140410379244,0.0035506686837188384,-0.004089474836704965,-0.0329161715267281,-0.020107093769592688,-0.010183141416866992,-0.011036613594841482,-0.009525350343826289,0.0027807170244303903,-0.030231885003613346,0.00030386553277650385,-0.0023882360326928365
-0.010636710550590567,-0.005956602789925436,0.0048123784185551965,-0.00043954427313758204,0.00035938400307106155,-0.024574584772099117,0.008161586416967792,0.0147472299010602,0.011499613993764868,-0.01746142235503595,0.015201138693766325,-0.01812824067778468,-0.009198467756346973,0.0,-0.0013238902394478447,-0.013535493218090777,0.0,0.0031840717094224757,0.009490844891303196,-0.00271210717200987,0.013374211025196092,0.007589922974308938,0.022636358160577852,-0.023705059517870386,-0.03028596357886526,-0.01801064221894122,0.001829438417914997,-0.021133682727221714,0.0015838532016335116,0.002442339077599165,-0.02803946229181059,0.009078916160021433,-0.010124535568417248,-0.01636573122015189,-0.010888469206462748,-0.03656499249859668,0.0023180214626961626,-0.03474408777103977,-0.02484785145542784,-0.04255350794054519,-0.015368468148412084,-0.03202648700079436,0.0,0.0,0.009389507202434144,0.01398324540016277,-0.002830369447938963,0.0,0.0,1.6653345369377348e-16,0.0017642541148412683,-0.00028776183627537977,0.0,0.0,-0.020688052147565028,0.0005107000134182416,-0.01075364344295926,0.00029143237809753364,0.0,0.0,-0.04237347054983648,-0.03030423236589802,-0.03337253974440857,0.0,0.00032126229544698903,-5.551115123125783e-17,0.0037996371426597952,0.0023126497892722586,-0.03255103067098597,-0.03178763056961226,-0.022908898829225033,0.0,-0.00045976405916386964,0.0014761349063263096,0.0,-0.028853775994502673
0.005518288772898838,-0.002850619615051675,-0.057573738246257444,0.0,-0.01873448224808799,-0.011930392789948008,-0.011058769740008967,0.0065194371017771036,-0.039756383398765416,-0.000807213452665767,-0.028780962743220895,-0.012394087840944812,0.001291184056417205,0.0,0.00048524189541904184,-0.009028975119896088,0.0031840717094224757,0.0,-0.03592214936516347,0.0106181390104928,-0.007089584563752527,0.011151239484403663,-0.00436695234917267,-0.019566447362249995,-0.00616783739383997,-0.0019949755407728254,-0.00683730335328947,0.0011621821120028075,0.006138741603518294,0.0016645254960962474,-0.016258620257689593,-0.00791880241644588,-0.007079417451369974,-0.006616476433181695,-0.007611225821653356,-0.0016145586026458103,0.0,-0.043511726560102215,-0.007413262623867545,-0.022249673777738954,-0.013367867438855596,-0.014595440734096798,5.551115123125783e-17,0.0,-0.0007973477554645281,0.016216752835553627,-0.00527696338161604,0.0,0.0,0.0,-0.023766555587409144,-0.00036874021629151876,-0.0015918012809642001,0.0,-0.014761442773008893,0.0,-0.008008525000499145,-0.013169053446700218,0.0,-0.0011070145492173,0.002513211297824225,-0.023087840493429213,-0.018698505071593097,0.0,-0.03222510745220042,0.010872078659843576,-0.012086463095581146,-0.016886627270910115,-0.026884818855939796,-0.02090532309097981,-0.015983879299346915,-0.056459872273374234,-0.011472625762599276,-0.021476321220242622,0.0,-0.013371312347197739
0.0,0.0035307597800002255,0.006643420737028227,-0.01606747530941166,-0.0029740762257852715,-0.020106430012008736,-0.012030602653973155,-0.01851311300818209,0.002736276914797442,-0.003837833566476323,-0.0036522003505497502,0.007781151614299986,-0.016472775022498054,-0.00605597786996287,0.0,0.0019564204380874695,0.009490844891303196,-0.03592214936516347,0.0,-0.0005105382141490922,-0.0068884856538578565,-0.03323670557623609,0.015336408388504752,0.007179948384989088,-0.05493948782290964,-0.042576169178006995,-0.0012518688526577115,-0.01692966625582626,-0.04539497607102427,0.00827231746026108,-0.02262896266817105,-0.017192718146231856,0.008136092319170063,-0.014093022552887524,-0.014054664388080174,-0.0143855431731163,0.027537557974846416,-0.009103958403618273,-0.01930584563028409,0.0030003229934723596,-0.043218645451955584,-0.00012706103583526307,-0.08905169546461156,5.551115123125783e-17,-1.6653345369377348e-16,0.0,5.551115123125783e-17,0.019158366045619712,0.0,-0.07363914321202208,-0.03336647773486073,-0.06177845102638635,-0.03358325498208237,-0.05328681739629826,-0.0019287184042613426,-0.19735075445887013,0.0018517945058076357,-0.03947966764439853,-0.06926169828243545,0.002106692639447405,0.0,0.0,0.0,-0.04550386618743657,0.00276106922481556,0.0,-0.0019494389154361969,-0.03948099566998381,0.0,0.0,0.0011219280377004481,-0.03979439188396361,-0.02979884685389156,0.004701981678682188,8.357041983342306e-05,0.012889014105585295
0.01742037329488605,0.016547086731456495,-0.030288487214645665,0.01691198460342702,-0.03202160198946041,-0.01271505561253683,-0.01452843870708559,-0.0033360966158526018,-0.020165426662146546,-0.009971194230846692,-0.00011095667209970461,-0.0006627380756799028,-0.007048004294848476,-0.0007603691851151284,-0.014247105350557732,0.00970364092706516,-0.00271210717200987,0.0106181390104928,-0.0005105382141490922,0.0,0.015202099313156137,0.03468062898353502,-0.04261736447315684,0.03972730901812216,0.008373387688831724,0.009663779477856238,0.0202900540804819,0.004965378447118696,0.019512736651427054,0.03999162387245303,0.01981324636355386,0.02344186928294273,0.017933135129266364,0.02813795487779608,0.031209556100659896,0.009662748453907133,0.030154622007648013,-0.005186852928938168,-0.03721474133403774,-0.02549481524472469,-0.03593000550020148,-0.024400143911017858,-0.0038147954022516584,0.00019754288642925832,0.003024000711911834,0.0053483415753772245,0.001192931584733159,0.0005494083782532355,0.0,0.0020658458067372987,-0.02843785203793725,0.010310094231816502,0.016010955164376617,0.00033793179207164403,0.0039825149805343685,0.0014573857746947305,-0.0006083162784022988,-0.016386814682501527,0.0,-0.010019422697919389,-0.010977666004821862,0.0018283176393065759,-0.009267186509418601,0.0018237950199704867,-0.03488728620123427,-0.007229554171484354,-0.014215754234309763,-0.03267857856805645,0.00025839587698334165,-0.0011772806446602169,0.021385081058420963,-0.03251616708727717,-0.038997052692123835,-0.04621105897445216,-0.05525388853239199,-0.04006606334633983
0.01898900856818958,-0.002535975496149423,-0.02361398808154558,0.020278701303392377,-0.028103826192194425,-0.002807975476259328,-0.016027644514305606,-0.02465726542074409,-0.009831640047132884,0.02029560966809285,-0.06263265872510038,-0.0013178214970185342,-0.0008555352363440183,0.010214576864927716,0.029201748488557278,0.003566076954724884,0.013374211025196092,-0.007089584563752527,-0.0068884856538578565,0.015202099313156137,0.0,0.03497716011009333,0.007222803132467148,0.02653236025914696,0.018613756973451634,0.001581955826297221,0.004114202991876648,0.012438064103740154,0.01747725953860163,0.008709442820197255,-0.001504277176533897,0.021296826195749352,-0.012093422941762133,0.03185532936614027,0.03998378595933494,0.03582397878346283,0.07075881207972179,0.01761594528762528,-0.0073219021955582275,-0.02386880711778616,-0.0020963921289975374,-0.001059270770491505,-0.00931880642292171,0.0,0.0013830508524539376,-0.0319646080110102,-0.02362778931355769,0.0011170019147426213,0.0,-0.0003480065950919875,-0.013995151191755373,-0.001084608137473575,0.0031154129639205386,0.0018616060681135305,-0.0001198541874400938,0.0,-0.0013969813480084747,-0.0064495277138419405,0.0,0.0018147680939031852,-0.023642166874030035,0.0,-0.0035090063008267336,0.0,-0.01132093007577506,-0.00824019529258957,-0.0068255972568286305,0.004134256983734486,-0.004547227211347593,0.000476031673649735,0.0034577572980078464,0.007064256356495102,-0.020110528950270823,-0.027767496736919306,-0.036657401270994316,-0.013836627251956224
0.017754569694956035,0.033705573793069155,-0.0092357561227559,0.029023278888058224,-0.00724745781910896,0.004826876435589933,0.007053681617220697,0.01015781301105878,0.0009236010831554786,-0.0024560239982097665,-0.0003553768433086635,-0.030611805947449056,0.01095600761730281,0.0002822588821137506,0.026497396533187223,0.012005342785560869,0.007589922974308938,0.011151239484403663,-0.03323670557623609,0.03468062898353502,0.03497716011009333,0.0,-0.0011337297155175619,-0.016714790372666655,0.021146733705897258,0.032082520694276695,0.016090251005210054,0.01971493837230842,0.026230566076097916,0.027507038692025032,0.02263750753248034,0.044835173113632776,0.02818206112678112,0.047602833162297464,0.04993074239056039,0.03483630417908867,0.0020401434258617845,-0.0006945356031979877,-0.005120826267255463,0.006370837894213055,-0.008262630701185436,-0.0015678025858155697,-0.02397351044677637,0.0,0.0014646576976603543,0.013087966103060844,0.009479703412851592,0.0053514707244929904,0.0,0.0013044260604929692,-0.00018137050048322445,0.0011351064302511094,-0.00682890807052805,0.001514101732337625,-0.009931286054531918,0.0,0.002786006757028281,0.013023472997414187,0.0,0.0135890652825148,0.014002100746689228,0.006560217225899778,0.012101642926684142,-1.1102230246251565e-16,-0.014923521844913357,0.018424280280333938,-0.0029088562817298214,-0.010853414228800762,-0.00178863791077144,0.008671941915449732,0.020078799223025745,-0.0064427874192379275,-0.001259765297079718,-0.009449470839822338,0.0025403386783083848,-0.001807570870205888
0.015488383008369189,-0.01196554210999834,0.018697770135366665,0.019504308374060864,-0.02565042838358833,-0.018974436296382236,-0.0152415227221942,-0.008551749759075855,-0.028681601316884353,0.037911315360350695,-0.013412276989707206,0.03324681922180234,-0.011359531666847722,0.0008864741139906762,0.008002602315927143,-0.00343378129066485,0.022636358160577852,-0.00436695234917267,0.015336408388504752,-0.04261736447315684,0.007222803132467148,-0.0011337297155175619,0.0,0.02802409440593223,-0.0033430762529862434,0.0032448030920305126,0.008142454586811565,-0.00111195111124196,-0.00147948856800173,-0.0029969329354850305,-0.010208471159159738,-0.003914650095340366,-0.015136034557491296,-0.007322543495127121,-0.001717635433150011,-0.03813584555955113,-0.003923677941800818,0.05629712104505313,-0.023750420624964907,-0.0212072522171724,-0.024060392277437392,-0.03321092683850141,-0.025859879017093246,0.0035813240434774407,0.004258071993529955,0.009764225035503393,-0.00730931011803887,0.018060728061479736,-0.00010835201954834117,-0.03061462824445854,0.005732002889185961,-0.009041078895004828,0.03634636547199804,-0.02372845409570523,0.005779784456002801,-0.006771132094050503,0.008360102937105984,-0.0008443297579915354,-0.013371538743115252,-0.012074675545157287,-0.02116164482030547,0.0028218047862809126,0.0013942909072958698,0.0007627989672813751,-0.028986216923579555,-0.0030835866059715222,-0.019262257611288802,0.012926042457087838,0.0007331307241831841,0.0016793711794149124,0.0009434883440825326,0.008299567344980607,-0.00713419634167578,-0.007623638000237354,0.003078099055888961,-0.010996979549833363
0.01091493269483651,-0.005734296736738365,0.00036113409303673016,-4.678870327684548e-05,0.01230437355542191,0.030042364323672244,-0.02126680341767795,0.02005864363276766,-0.005931427734627626,-0.022157876652146025,0.006290590074282121,-0.00847465570755701,-0.026000234792917798,0.02717463372658646,0.006424797244534486,-0.013144602633569868,-0.023705059517870386,-0.019566447362249995,0.007179948384989088,0.03972730901812216,0.02653236025914696,-0.016714790372666655,0.02802409440593223,0.0,-0.019316008191899214,-0.014626766080181763,0.014622133301695817,-0.00874993965952231,0.027017990674414682,0.0015505597161749596,-0.03334874508053426,-0.007100561599084232,-0.02804490628058881,-0.009831606856518238,-0.022781041332660457,-0.07448338025645479,-0.031476190112334046,5.372214489907101e-05,-0.04539592524617886,-0.0837027456259532,0.01223519138671153,0.0062008522291815416,0.008067907244277417,-9.477973605992451e-05,-0.05699535630319269,0.066833427605558,0.02086752401423464,0.00023241854977340548,0.0,0.0,-0.0013333766843312556,-0.0008952832543615563,-0.0008175907851568631,-0.0003352766931578599,-0.02836465828820489,-0.0008921963904874874,-0.0010280781224659696,-0.0026442458290190096,0.0,0.0006828991284946739,0.020255873207612518,-0.027548902398170816,-0.034076421674893165,0.0,-0.0017638813376198992,-0.004274041633526682,0.009361664891697097,0.0003106431653301378,0.004689294730145066,-0.026860135542287944,-0.017116488939908248,-0.00047190267872954106,0.0038439636491310325,0.0001327927998532319,0.0,-0.029034623564636042
0.014712562426921816,0.005453221775457484,-0.028273167480301564,0.0,-0.0024304032134072062,-0.005451486936508154,-0.0064925791748294825,0.013950815683383688,-0.027308386369900073,-0.007832066332862764,-0.02273181525781548,-0.014585074838533718,-0.008724833518532815,-0.00019009588059343274,0.011771285771335849,-0.0024494443784712217,-0.03028596357886526,-0.00616783739383997,-0.05493948782290964,0.008373387688831724,0.018613756973451634,0.021146733705897258,-0.0033430762529862434,-0.019316008191899214,0.0,-0.003781646227866753,0.0006347712776150205,-0.012328701910581108,0.002677721535847555,-0.013749261442576322,-0.02377067789457754,0.02520731899127776,-0.007327337264253775,-0.00654555738290391,-0.007703377470378581,0.002659702908805961,0.0014827935586265162,-0.04928150103818402,-0.0009618922692648524,-0.01853765538142954,-0.005737810265220744,-0.01590687740411678,-0.0011380587656282248,0.0,-0.005054367692152617,0.02991162833608274,-0.006575206385796006,0.0,0.0,0.0,-0.011851235876717936,0.0013332881691817122,-0.0047355908685979275,-0.0001521305257482508,-0.01951255982562672,0.0,-0.007181906869451027,-0.0162416440031406,0.0,0.0002047957779491294,0.004980048158208739,-0.026423667846600774,-0.009736492291929189,0.0,-0.006561577899335758,-0.005855415984202361,-0.005852304519213647,-0.011715502563444113,-0.02845844893787064,-0.012350143722954898,-0.010139406634149584,-0.017441622073468388,-0.01795879425471908,-0.016521878140973778,0.0,-0.0037537907571197904
-0.0008730830976594883,0.01260770428860497,-0.009515576063143683,0.0034004680733422665,0.0010608832901109477,0.0008782432628275938,-0.0035655509706826183,0.014600602852198219,-0.01270392705528911,-0.0038356849113723723,-0.014245563755427293,-0.0051361283871906305,-0.003259589442650257,0.01510970971565967,0.01840114970199974,0.006318255600809508,-0.01801064221894122,-0.0019949755407728254,-0.042576169178006995,0.009663779477856238,0.001581955826297221,0.032082520694276695,0.0032448030920305126,-0.014626766080181763,-0.003781646227866753,0.0,0.0197375567048535,-0.011525168801814645,0.01649697083608409,0.020397179961665568,0.0011021785671664341,0.01917014641583986,-0.014770119724298036,0.0028592981434488185,0.00796793406645796,0.03506700120566553,0.0028370415032829,0.01032314073607038,0.0027291232066276594,-0.012973208686103854,-0.002555560502503773,-0.005822641902994197,-0.004629696372165981,0.0,-0.06502988101178497,0.023259270764243944,0.007458729628129768,0.0073875973799730765,0.0,0.0006976743825802267,-0.0018979893564354255,-0.006140285652891153,0.0076256669317728565,0.001105605930166842,-0.020202202563110006,-0.00036868819129087793,-0.01200576247662083,-0.005200233452762715,0.0,0.012189453320087362,0.008661975718051496,-0.02307070833461594,-0.00827973566928003,-5.551115123125783e-17,-0.005709844714286871,0.029063462723459166,-0.0006654929977954471,0.002306945484618572,-0.01770984248304691,-0.012934637572129093,0.008565948789128863,0.006060040203093475,0.0009891876185174064,-0.009349784408395012,-0.000212954501427276,-0.004836983589675714
