0.0,0.040882912966666074,0.0035823459009209357,0.0,0.00019976871969856758,0.036688357537658145,0.023554426039141763,0.038170600674274135,0.023943537449584884,0.03680154267695429,-0.0006758407898923569,0.04017380930113679,0.02872242410516096,0.005609621414021826,0.0343451780243777,0.043933133366220345,0.061846012832873165,0.05924457051327553,0.0,0.029627980432564982,0.027014334008138075,0.0347369690438758,0.0251284327630103,0.052908819353779946,0.04598334360739276,0.04032170571124494,0.025527205767157057,0.05655085717348651,0.039154201891490104,0.04173909820230087,0.024571769032276092,0.014972544756088502,0.050336342504225695,0.027769256919806196,0.04641209150756914,0.0027976335826707666,0.0,0.06881927849202463,0.027246218276357093,0.04409206340099803,0.04143861108080077,0.02854014744923483,0.0,0.0,0.0011271124454544923,0.07051804325890865,0.044111536447800304,0.0,0.0,0.0,0.0034161041184296304,0.0,-0.0031500082774572613,0.0,0.007009313638155545,0.0,0.020101833944163372,0.0037561016217712018,0.0,0.037695060044961426,0.04280457436533014,0.01331378334519967,0.054214742425142626,0.0,0.003620303619543741,0.0040604461406077985,0.042915024280902936,0.0015930336584353277,0.024175589228596417,0.04190931362442735,0.04061199084168804,-0.003939215389653972,-0.0007933114198868663,0.00903968662523047,0.0,0.03980418693674598
0.040882912966666074,0.0,0.006008226208002898,0.0,0.0003940069179863004,0.023060673803967258,0.025939915028455107,0.0578688525420471,0.012446312333114162,0.04365388616920235,0.0013128753265471693,0.045114963403044495,0.019781215829985266,0.0,0.0486725301686286,0.044443724696004994,0.04223369071532823,0.04573180902865237,0.0030251282710309635,0.03556358029360546,0.019926893425423864,0.046724608256207,0.04624241131779383,0.053268027852530375,0.03482218649860902,0.0364440140924952,0.04545084884374939,0.02674620711333181,0.026067749579439414,0.011356472478870172,0.030455192056534963,0.011955865471969584,0.03333647766269082,0.03152043271497901,0.0329150311988779,-0.013593733372044114,0.0011507207341260317,-0.00031529090163434637,0.011288621434635271,0.033606220090208694,0.03324457348706772,0.023630873198594637,-0.0033305660308655116,0.0,0.00011265001984706036,0.04921918732528069,0.040513088943425646,0.0002426964007934962,0.0,-5.551115123125783e-17,0.006156439264892677,0.002750327865892188,0.005994041752556745,-0.0028759268363949264,0.04105494495017975,0.0,0.02819923753138992,0.0017086816036255836,0.0,0.043525038998544985,0.040714806351850985,0.00881795831601545,0.045747080524430495,0.0,0.03889409021674173,0.04038444478114078,0.03064498716602665,0.009211957848189845,0.019439163174101715,0.043069148927428746,0.03898541425714225,0.021263498160132066,0.007428462177337836,0.030415639281984097,-0.001467228117415842,0.03754632610778458
0.0035823459009209357,0.006008226208002898,0.0,0.012281443652334967,0.03128073343987242,0.0029217001457007563,0.04522055876009945,0.01801270713934472,0.013150573526784337,0.05578401990440229,0.003633533230587127,0.03204260437985862,0.05639627031149397,0.002673070215051976,0.0011491561529179961,0.006163148558697373,0.0034772895115244284,0.02806199814217658,-0.00021714702882980053,0.014173256182167693,0.04958312284789629,0.0140130484240375,-0.019608564887763358,0.03791580896293145,0.009344056820667135,0.022226156944696596,-0.007785516469730802,0.06558299630257769,0.0674351856412368,0.06027911899827637,0.06393841241046494,0.03353119071300453,0.020114144599631012,0.06819692552732481,0.0745067829155161,0.061344060604957173,0.06788633167731811,0.04844895469121924,0.014793308508052605,-0.009228670396271121,0.05484853258725653,-7.168792408596136e-05,0.04704187610981686,0.0023488918896337196,0.00040527504813669957,0.0,-0.00026201349797605467,0.09690342177935235,-0.0004886526765897625,0.048264339804980794,0.04157885264661565,0.06069263390225543,0.04179779155348473,0.035194021934591424,0.022751115672933975,0.013750909794095434,-0.0007596493603808652,0.05384158771158709,0.032377559570811676,0.002333641993090163,0.0008568914731434951,0.0,0.0,0.006726678486235593,-0.0030119778568422073,0.0014497005228206183,0.0011733878632352313,0.05706129271436278,0.0,0.0,-0.0004722942735047031,0.053081868786006736,0.061297451207806275,0.04663806356047839,0.03635858967055727,0.051034577698761074
0.0,0.0,0.012281443652334967,0.0,0.08055910797195731,0.010546153407529013,0.06401389876811175,0.03219369761393581,0.0598868992904974,-0.08041317586643287,0.046081951482446315,0.008837350634609054,0.02696475584177227,0.05867619974567678,0.0033410092023400395,0.0,-0.0003479300532469032,0.0,0.017352104569013926,0.003978679257281237,-4.4158598161980755e-05,0.0030684273076475588,0.013834717762903292,-0.005126944941006628,0.0,0.0044137889982636125,0.007580381649628487,0.06883188202156698,-0.00042742031879183795,0.0003464947967021237,0.028116633995029006,0.01574630398513982,0.0016287106515093241,0.014644000767283782,-0.10973615026168498,0.030770552577397303,0.044258116400028275,0.004321600383837887,0.0011274645418051787,0.0,-0.0013483267945285649,0.0,0.0004033792940575376,0.0,0.0,0.0,0.0,9.659174482734567e-05,0.0,0.0,-0.0007234469489197926,0.0,0.0,-0.00022613371219526446,0.0,-0.0002315038382649237,0.0,0.00017023353020351184,0.0,0.0,0.0,0.0,0.0,0.0,0.0,0.0,0.0,-0.0002905476283261432,0.0,0.0,0.0,0.0012527564063494756,-0.00022165058399581383,0.000421494151355839,0.0,0.0
0.00019976871969856758,0.0003940069179863004,0.03128073343987242,0.08055910797195731,0.0,0.026951454763418037,0.043442828600224914,0.029074583452455116,0.021465379942558815,0.03596752753465077,0.035116885304448675,0.03160235689740615,0.04505691901388159,0.040723947269291516,0.003567344632366576,0.006540198311718148,0.0046147054395486165,0.005818695409295804,0.029167324605321288,0.02521935443754586,0.006743785984055506,-0.000503675302162998,0.02193256516752795,0.027208576648417637,0.006477333532407481,0.01644711477398514,0.030233868443102996,0.03860966125271237,0.02321781496428904,0.011804791890829613,0.04497833128277007,0.015217354677238615,0.024696953978895986,0.04677999898536034,0.048360014827146414,0.024473209380839855,-0.003036820450874722,0.02282922600074,-0.003279230666806021,-0.00465079454279993,0.009087016699395267,-0.006435768146112131,0.04693721957077096,-0.00023776105737222109,-0.0013031850903887365,0.0,5.4343584274751944e-05,0.06907318410909713,0.0,0.08475298816255922,0.03941362811616722,0.04831327847957212,0.05579084071170992,0.052240266723107553,0.0015454926624093313,0.019852266001569696,-0.003896284570368558,0.03984205827486964,-0.00040274205228868487,0.001080631255828024,0.0008318487051179879,0.0,0.0,0.06462138161965714,0.007534165830749562,0.0,0.0019228967664722263,0.04795826565450323,0.0,0.0001613078767243037,0.004329424591036912,0.04297766895867505,0.04399193520852107,0.05221748646819019,0.0021115139530649696,0.041623772342564314
0.036688357537658145,0.023060673803967258,0.0029217001457007563,0.010546153407529013,0.026951454763418037,0.0,0.04006662043458237,0.054687237437993585,0.04196025658278685,0.05044578669805738,0.0412545692752011,0.042648614323378575,0.03907039294491521,0.012531167146755062,0.034657328845040636,0.031657926715966456,0.04777137550692234,0.04277680976430853,0.02991551622963967,0.02705777181430946,0.038565208474081625,0.014026596734765306,0.03602137168751651,0.04272026770104065,0.047628374587183386,0.04920064462197937,0.029301450180867772,0.04848355059619941,0.014881478792259428,0.06658886288051835,0.061749867704924466,0.021113567131306132,0.02801043503706957,0.0666844307314326,0.05941392531893391,0.06190002845533282,0.06473061525764767,0.009614908032174074,0.040956517441059215,-0.0015356902782933113,0.056419042813829534,0.03633097719632994,0.06789311781858409,0.010622883223047386,-0.0007973525294375783,0.0023780298748588558,0.0429067115012392,0.06475614871912638,0.0,0.03616526139622944,0.05730169197758872,0.05695501305418915,0.08302093064742039,0.05191412480056856,0.033525976985830375,0.0681166302511036,-0.0027673962623274706,0.04631736321434943,-0.004605947177375613,0.04637744804276389,0.041746977021316356,5.551115123125783e-17,0.0011572035020322446,0.06908889057258927,0.05503918464655072,0.047957143296780136,0.0403630443228446,0.05528435827530276,0.0,0.03952131155883992,0.044652500478591095,0.046254577173891254,0.06270736599579452,0.060806690464869806,0.052967635172670224,0.061127468394581
0.023554426039141763,0.025939915028455107,0.04522055876009945,0.06401389876811175,0.043442828600224914,0.04006662043458237,0.0,0.06115532501308457,0.04320391582208105,0.02893553069047189,0.054123815105320994,0.01887654921115345,0.007906747902981681,0.05134747265939865,0.05072482707202114,0.0635398457491611,0.022593005675708988,0.06378971347479889,0.05887335651512027,0.04879169451839055,0.04244016708855092,0.03423806553975772,0.042565856472532526,0.010676726810022297,0.05058442419852954,0.03624704391788325,0.039824105448124536,0.02664311503648742,0.04451876548955236,0.06268032581114064,0.03630638879378728,0.052376735707909405,0.04746892059652147,0.05209169312194645,0.06034695181386435,0.08543531738888627,0.08918647437729915,0.023264699523279864,0.022896665091908075,0.0010953323125398873,0.06500462769412874,0.06786585070941786,0.05518182537076394,-0.0023248965297545943,-4.410769900820011e-06,0.00023530658214387934,0.029576369559404514,0.0622959193623942,0.0,0.057606453491546694,0.057029289338158096,0.05784072720666389,0.06566530510928364,0.05592067920096422,-0.003898087234942893,0.04199285125539881,0.0017033845300519768,0.05810365442823939,0.06762417839739543,0.03608851794654805,0.004108919492535668,1.1102230246251565e-16,0.0006451262744448516,0.05480169775507526,0.05044184163784332,0.000691101776063241,0.049489011162496654,0.056915913856085965,-0.002005695751082781,0.006633147834982089,0.03549257899584157,0.04701670808638181,0.06128488662620102,0.064597947167983,0.060046861607276236,0.058430412120255126
0.038170600674274135,0.0578688525420471,0.01801270713934472,0.03219369761393581,0.029074583452455116,0.054687237437993585,0.06115532501308457,0.0,0.028499990066063186,0.05139091523898082,0.06279105570582633,0.01886112424748515,0.05756483752713121,0.041694588729405846,0.019367621942063373,0.04340609818902802,0.008494032703619814,0.06017335320349082,0.029671045549470032,0.05324662105857131,0.02899653584142986,0.05157796921169222,0.02030278496610588,0.03786124411886016,0.05288158226692247,0.037251898234359315,0.04098029220398541,0.061965315955703204,0.06020861243061387,0.06474105630425653,0.05775518556044801,0.020605018456248514,0.0028666069792052107,0.0655464211550893,0.07039854599511025,0.06017846148071715,0.06006212909751385,0.005808749412258396,0.03730491060359731,-0.0029495452329449945,0.044215782351272326,0.05605040143910012,0.07704974636644213,2.208588675267631e-05,-0.0002824001395083653,-0.001376286708548169,0.015513548841325386,0.0879893597055138,0.0,0.12596855784372862,0.057219251498280777,0.05949774062096086,0.09861421229454742,0.06602180487102804,-0.0006586911303458898,0.1047353810694478,-1.1102230246251565e-16,0.04137183237915171,0.00447109260272055,0.05442360682204994,0.007058284235553269,0.0,-4.276134742742244e-06,0.09307346851345943,0.028679814175651464,0.06707762905222608,0.031367852705946,0.06610945175660055,-0.0012434948598009088,0.007065621760548202,0.055452578813154074,0.021328901859238025,0.049808814415177816,0.048852147702600934,0.05269723075309868,0.0342683656952914
0.023943537449584884,0.012446312333114162,0.013150573526784337,0.0598868992904974,0.021465379942558815,0.04196025658278685,0.04320391582208105,0.028499990066063186,0.0,0.06467689856694492,0.023766299032522253,0.035798024629043246,0.06514502538095995,-0.004484176509289506,0.03076761379731552,0.028406455417272047,0.0356796630218737,0.04619131115208769,0.014914912808366265,0.019283207273846192,0.03301341909172212,0.013109358441778685,0.023675480377458924,0.04748162254033472,0.0695939232222279,0.012339665154493473,0.0120918391506179,0.06733586149406584,0.032966411417568786,0.0671729293878689,0.0708151925108329,0.04725572002121148,0.040553079261463454,0.07139201806835227,0.06943708684929623,0.05843531211661401,0.08363912447465371,0.05910040833611857,0.0037037642521221548,0.0009022062003276599,0.011091436029472934,0.0037364399863693,0.05885345800282543,-0.0017565272700242884,0.002608110229674665,0.0,0.023238374052861,0.08171731342002209,0.001795384056050564,0.05619230651842788,0.04222489573741006,0.04841519585458187,0.0556668244465649,0.04854016271773898,0.04986626139672656,0.06218953855328763,-0.0014661760968481263,0.045973440584477165,0.03806226256599776,0.03646617540776659,0.00044378190105004434,5.551115123125783e-17,0.0,0.0576038613338089,0.033052421848763336,-0.004934757608592633,0.02585473456395382,0.04795421293576618,0.001432722837061029,0.00037023534253716184,0.025466694749711916,0.041064062386872546,0.05356613680064126,0.04819364837323081,0.007100668059236148,0.04901075201186955
0.03680154267695429,0.04365388616920235,0.05578401990440229,-0.08041317586643287,0.03596752753465077,0.05044578669805738,0.02893553069047189,0.05139091523898082,0.06467689856694492,0.0,0.05466291542582241,0.0030386218242153262,0.027839045351868152,-0.14203568080263002,0.045266703963106725,0.05454483255663578,0.03090155524420546,0.0453373068112749,0.055673035023695916,0.04675652685399473,0.022077458843707487,0.01579388290606254,0.05134808656049178,0.022336553079946753,0.02318477689185694,0.029615778280337512,0.050519381971613375,0.02383748863528079,0.048373604164993644,0.022279036996041057,0.04135361138268834,-0.01395449644287422,0.01627175170452505,0.026416936633485655,0.004763297025124791,-0.012759348523106062,0.026467239847057955,-0.0006246420042086975,-0.04689556678478446,-0.051221729102211955,-0.034128341650200844,0.004511928698023582,-0.019461997846767276,0.0004696911774904611,-0.07721288850086266,0.01725954148600911,0.031854610104556924,0.0066844787262712035,-1.1102230246251565e-16,1.6653345369377348e-16,0.049991976299754715,0.12135592384360294,0.0009826074340847368,-0.0034541780331359684,0.008565942496267853,0.00377746832568443,0.024259782468590285,0.0037039681230063848,0.0,-0.001218921071701684,0.028903336549408576,0.02881106668313571,0.03349020746766135,-0.00031837810829266067,-0.0005179346373790916,0.00031382566159865455,0.07143815490975836,0.04828981866241866,0.03420933354551736,0.027186312901920195,0.02878223203334085,0.04237652965207939,0.11567696215004042,0.05962531467530807,-1.1102230246251565e-16,0.023219554152303146
-0.0006758407898923569,0.0013128753265471693,0.003633533230587127,0.046081951482446315,0.035116885304448675,0.0412545692752011,0.054123815105320994,0.06279105570582633,0.023766299032522253,0.05466291542582241,0.0,0.03467675371976292,0.05599529659193181,0.039857991985964125,0.0,2.6239834834962394e-05,0.025442182620543485,0.00895858672069444,0.011955258925147205,-0.00012059483759463419,0.007583293533866942,0.0012696410484074883,0.007307168922706886,0.0462953218312539,0.011424814501412695,0.018291176599815717,0.007562694920884627,0.05281871491805862,0.0065488574459194315,0.01605400067066659,0.04746536838969184,0.02379728745540849,0.05561612818773887,0.05003984771401343,0.06514304285665073,0.04153598141804221,0.05412349283095258,0.05845358343574086,0.032632986972393474,-0.0021206045097335036,0.00486064238162609,0.00158481534150956,0.06946816320048149,-0.0016902960156898739,-0.00010428928092570677,0.0,5.551115123125783e-17,-0.0889896775457541,0.00021164564402503805,0.009293751797610383,0.04631503124218206,0.02303676793975129,0.057881568979077924,-0.039518298312198386,-1.121869315678925e-05,0.016285863772428855,0.0026117909054307886,0.02416648510356273,0.013366223661281151,0.001883319515913251,0.0,0.0,0.0,-0.08161149864828321,0.0013977100415355492,0.0,-0.0021686950866106613,0.062192781099487005,0.0,0.0,-0.00023644411985818126,0.05570827566279268,0.05047422113512007,0.005760390861444753,0.0009385746273805617,0.01678283169187489
0.04017380930113679,0.045114963403044495,0.03204260437985862,0.008837350634609054,0.03160235689740615,0.042648614323378575,0.01887654921115345,0.01886112424748515,0.035798024629043246,0.0030386218242153262,0.03467675371976292,0.0,0.020313389981843566,0.006847561454694784,0.034789392550167164,0.051151880880934086,0.023083158320413744,0.0457825831538769,0.04694111068891588,0.038876164247126255,0.009996736294850428,0.028166114058071956,0.017441718005094697,0.015845158417034655,0.030756031951971297,0.04203269270716964,0.01668430538640442,0.022084521062734785,0.03823196740827822,0.04163873216711417,0.028988037150503743,-0.010098609146589221,0.013408568765343631,0.012484128977435727,0.007362846806824197,0.008304345026932058,0.03617509700566829,-0.013584183882654366,-0.02867598266673116,-0.054320828203421934,-0.006535696552414372,0.08605790888568127,0.0018953933971712633,0.000794862455164913,-0.07642015100627042,0.016738071068481353,0.02179495311049079,0.000507901093533436,0.0,-0.00042896260444896805,-0.015206477816213537,0.002034359602457514,0.0,0.0013775427009711794,-0.00040895657820838593,-0.0001884850685315298,-0.019565508793838338,0.006664086352210108,0.0,0.0008856546375191066,0.025582533580221944,0.023616463869000293,0.0321322809562703,0.0,-0.020369917754709976,-7.93252745524553e-05,-0.028677736287033462,-0.05238203303514527,0.028612073452490783,0.02505805458967586,0.030316033504120488,0.09668740598004322,-0.00032708888507843037,-0.029769573484907497,0.0,0.008200222055157413
0.02872242410516096,0.019781215829985266,0.05639627031149397,0.02696475584177227,0.04505691901388159,0.03907039294491521,0.007906747902981681,0.05756483752713121,0.06514502538095995,0.027839045351868152,0.05599529659193181,0.020313389981843566,0.0,0.034004712147908345,0.03606554962786901,0.0573374449526739,0.02795870115457666,0.048486514326877395,0.062400622528820504,0.04515173156944957,0.032079262776339934,0.02965596568437462,0.04414062712150868,0.022613435665799875,0.04021191106026084,0.027049312929088964,0.04169327266161532,0.019012432117874956,0.045386397730766304,0.027957774326983875,0.030642114988045643,0.04098388192519603,0.03320726280920877,0.041016114446772944,0.055514418805895804,0.08556785729090877,0.06902014224488129,0.022124472575275445,0.012709190235374423,-0.01644245623234336,0.06309547589147957,-0.006314865248696511,0.05492126219432941,0.008219491085927455,0.0011269655973846215,-0.0005059296561228943,0.033597196632549065,0.0648249221262478,0.0,0.042801785714414065,0.056897490289741226,0.0551315983555678,0.06557626267718869,0.056801913262030324,0.014844047812751227,0.04753272401433556,-0.03511401497920802,0.0537696704346079,-0.0005839116422081125,0.04399419452118869,0.035885326877430956,0.0025390906703691707,0.005594710486467591,0.07108969263822718,0.04732656748131564,0.05820734383413495,0.04658478886174666,0.05772733613619774,-0.001494693828394067,0.037857891456052506,0.03560879796210653,0.04764051877350828,0.0618455006006321,0.062348407458542754,0.06349094394615329,0.06041820635768036
0.005609621414021826,0.0,0.002673070215051976,0.05867619974567678,0.040723947269291516,0.012531167146755062,0.05134747265939865,0.041694588729405846,-0.004484176509289506,-0.14203568080263002,0.039857991985964125,0.006847561454694784,0.034004712147908345,0.0,0.00012166803499047418,0.0,0.0,0.0,0.010323323367369686,0.0022521151330907596,0.008053184609769781,0.004344714597741994,0.024140403676923772,0.012614592072145325,-0.0002066084122184786,0.009305347909667916,0.07206312817577543,0.05207615032513874,0.1278589940852698,-0.0004982238898059155,0.06412690706214513,0.1088050837973526,-0.0010371919845243438,0.054720061670760045,0.027753229606612917,0.04496265555494139,0.027680905921864896,0.0058456437967776,0.06323976174397222,0.0,-0.002495308036593147,0.0,0.07267175116425084,0.0,0.0,0.0,0.0,0.07522059797406211,0.0,0.0029273470793404477,0.050249010523658655,0.0018675257810066848,0.0764886477395661,0.06962439377046642,0.0,0.07960432543979867,-0.0004522951546390708,0.0005675364357552448,-0.0021427756222947014,-5.551115123125783e-17,0.0,0.0,0.0,0.06140946411471604,-0.0004584756274093049,0.0,0.0,0.08079118490874021,-0.07112246146908191,0.0,0.0,0.05994507565135265,0.06716146213534607,0.0005295748995161054,0.0,-5.551115123125783e-17
0.0343451780243777,0.0486725301686286,0.0011491561529179961,0.0033410092023400395,0.003567344632366576,0.034657328845040636,0.05072482707202114,0.019367621942063373,0.03076761379731552,0.045266703963106725,0.0,0.034789392550167164,0.03606554962786901,0.00012166803499047418,0.0,0.03907558206553219,0.02218767868003918,0.0455389007933778,0.0,0.01103499727355356,0.04169280238739331,0.03765651239042356,0.02092083171336656,0.05646947159806798,0.05099045321154766,0.05779700931130516,0.01103901629196502,0.04049609194900372,0.03324113174153848,0.0666273990369669,0.03695670398783241,0.01221603000185556,0.01753019018984625,0.034435250734743295,0.02683503292120526,0.022095347888013817,0.0011234144678553548,0.003045389666448628,0.033347858493249394,0.02856179108064194,0.0365891128544652,0.04713453446107807,-0.02823131493185571,0.001287085803928334,-0.0034732318137373763,0.024873583695063373,0.03578791237101109,0.0035777929929634578,0.0,0.0,0.025605273532244788,0.04788823336654796,0.06761160713907771,0.0031212439422240723,-0.0002812440011245032,0.0,0.0002250163384253101,0.036921424798590174,0.0,0.05830485117330464,0.03459419836971811,2.042613051372877e-05,0.012200623653215226,0.0,0.05481257083011015,0.04487472718150903,0.038206017648835466,0.046309806285717126,-0.0041031946661888585,0.03696755425574899,0.033065990115719646,0.04434127541134447,0.041969431789061595,0.05320831745038279,0.008453321499671818,0.03920533758003003
0.043933133366220345,0.044443724696004994,0.006163148558697373,0.0,0.006540198311718148,0.031657926715966456,0.0635398457491611,0.04340609818902802,0.028406455417272047,0.05454483255663578,2.6239834834962394e-05,0.051151880880934086,0.0573374449526739,0.0,0.03907558206553219,0.0,0.0634363154918186,0.059200519549167496,-0.0005113434012907203,0.07034243201457452,0.03430672169848448,0.05467150531788534,0.047728501546167756,0.04533938940636412,0.046925960406629275,0.03727053767232158,0.05617293575382476,0.06355923028665839,0.06868126220322213,0.013393041232377889,0.028838805605698292,0.022433277000782847,0.04170101291247785,0.026832560303228337,0.03815145249517743,-0.06467490237249252,-0.0019423896707944088,-0.0040642897208203466,0.015368280071272444,0.033606856286693465,0.03470217328234865,0.012528798539820418,0.0008103690787910067,0.0,0.0,0.05047575753831024,0.037740391058443845,0.0,0.0,0.0,0.004131772976302628,0.0026025762121157925,0.003711794239189159,0.0,0.043136497866896495,0.0,0.032000362628678336,0.013078346949036146,0.0,0.03537666903975856,0.03756385248321931,0.05348477090122039,0.05000306503961549,0.0,0.04979587495421489,0.02961090638287145,0.034722518983992645,0.0206239403698118,0.033848221188098826,0.04497235868885785,0.0344782857453117,0.03766867365761012,0.06865928002217386,0.059126489140854166,-0.00014281985019504173,0.038192842119268655
0.061846012832873165,0.04223369071532823,0.0034772895115244284,-0.0003479300532469032,0.0046147054395486165,0.04777137550692234,0.022593005675708988,0.008494032703619814,0.0356796630218737,0.03090155524420546,0.025442182620543485,0.023083158320413744,0.02795870115457666,0.0,0.02218767868003918,0.0634363154918186,0.0,0.05724188147501702,0.030930337440333022,0.05281477505584797,0.03526161512663306,0.02615075169118153,0.04048466127693623,0.05046841357367515,0.022885472006927587,0.03844061412068134,0.05720110339189549,0.02924948599074484,0.06463175208201105,0.005740438152664451,0.05176532517297955,0.011931923477248585,0.04160543326043725,0.028939509852684953,0.025657726769096334,0.02312555449471909,0.0015463451238868497,0.03675836607736027,-0.05702464443946942,0.023522184783485278,0.044313486056339724,0.004646279038338141,0.0,0.0,0.017483148717873542,0.14071427721057828,0.036085168270383106,0.0,0.0,1.6653345369377348e-16,0.0007842683298980857,-0.0003127580455943302,0.0,0.0,0.04524004081745531,0.0005550615750479215,0.051399953078484883,0.0018135962016367357,0.0,0.0,0.048893224918956146,0.0513079711412352,0.05707740586529253,0.0,-0.0002794817362670732,-5.551115123125783e-17,0.003205870521492016,0.003776633317489786,0.060913411902684234,0.053434314911032066,0.05402863056289803,0.0,0.0026679984182307326,0.002273045229200854,0.0,0.05358750677329499
0.05924457051327553,0.04573180902865237,0.02806199814217658,0.0,0.005818695409295804,0.04277680976430853,0.06378971347479889,0.06017335320349082,0.04619131115208769,0.0453373068112749,0.00895858672069444,0.0457825831538769,0.048486514326877395,0.0,0.0455389007933778,0.059200519549167496,0.05724188147501702,0.0,0.0005719939431825249,0.05699308470236142,0.05841787876150356,0.041874973562145534,0.05558484193305735,0.06395879176540553,0.03340328000131343,0.04594775721704364,0.05680969259408836,0.045642176915571486,0.0651399934579247,0.012723034349979179,0.045611453323784135,0.01605758942932689,0.05446926838342431,0.036557483993981676,0.038129929505050064,-0.04277974875211038,0.0,0.052419087881375115,0.019722511634553408,0.052681345566422344,0.05001671053369938,0.03193690633810009,5.551115123125783e-17,0.0,0.005472281589616601,0.07562661245633301,0.045748834065167276,0.0,0.0,0.0,0.038815396012123304,-0.0011441091460248631,0.05120992301674021,0.0,0.06056022132892808,0.0,0.06378006947231735,0.03210783627198649,0.0,0.014291819994219856,0.04989588922690724,0.06485194228233149,0.06636600115207936,0.0,0.04754875006535919,0.06353742002593588,0.047840835666207004,0.01826167038716109,0.06653295759209449,0.06011478957422989,0.05151980707780052,0.019299776298566496,0.005443790493328271,0.04597621818568348,0.0,0.059467341944577645
0.0,0.0030251282710309635,-0.00021714702882980053,0.017352104569013926,0.029167324605321288,0.02991551622963967,0.05887335651512027,0.029671045549470032,0.014914912808366265,0.055673035023695916,0.011955258925147205,0.04694111068891588,0.062400622528820504,0.010323323367369686,0.0,-0.0005113434012907203,0.030930337440333022,0.0005719939431825249,0.0,-0.001401131965603708,-0.0008393850776028389,0.006129255382749443,-0.007918559926899715,0.02694820125137576,0.005685603319931898,0.01896511363663206,-0.010242690090208562,0.06473612592066258,0.0050745581027304976,0.05106496415048445,0.07107752321037131,0.03268265985440677,0.04205470198131123,0.06332947908332176,0.059616286996289514,0.06869775041821952,0.07117988058337554,0.04086002432317759,0.026864451396632627,0.0012047200107836997,0.03955335079136113,0.0019052435036459592,0.05955272447970472,5.551115123125783e-17,-1.6653345369377348e-16,0.0,5.551115123125783e-17,0.14323871974311048,0.0,0.06848630651260257,0.04015838356048329,0.0509770802143229,0.04801023627989076,0.04435437051106639,0.000348061355699536,0.021968667239146866,0.0020126492031572463,0.04650570913380814,0.006407721966898927,0.0006619583646846894,0.0,0.0,0.0,0.07308929943019604,0.00027666233802747797,0.0,-0.002095791614557141,0.04539046008309411,0.0,0.0,0.004368571829270196,0.0372313212364489,0.05411402677662802,0.04194958615951855,0.002120687750527539,0.046415584606521954
0.029627980432564982,0.03556358029360546,0.014173256182167693,0.003978679257281237,0.02521935443754586,0.02705777181430946,0.04879169451839055,0.05324662105857131,0.019283207273846192,0.04675652685399473,-0.00012059483759463419,0.038876164247126255,0.04515173156944957,0.0022521151330907596,0.01103499727355356,0.07034243201457452,0.05281477505584797,0.05699308470236142,-0.001401131965603708,0.0,0.03398649037542023,0.033444412326069484,-0.020620021890843887,0.02462497743982278,0.046964790705717185,0.04245750397470893,0.0007955057088366857,0.017604404212451463,0.043635326773639016,-0.08650901190200683,0.045275650043342885,0.006254135796507965,0.020730712958467346,0.03481242957978975,0.02739304654525898,0.02071775934496034,0.009727631840861728,-0.009254640843137985,0.044841361471901986,0.03674024392264319,0.03851209450066201,0.05121326586638342,-0.036909322811708556,0.0008521468835868684,0.0012045152050128016,0.01094903629008881,0.03696999891201014,0.002589084003346842,0.0,0.003356417133657419,0.02452483649114562,0.03435383517993934,0.06960022748518258,0.02941865001457311,0.00209474150741229,-0.0014194547844988414,-0.0002583183805602296,0.03725183337089666,0.0,0.045846338258426045,0.03051598396461047,0.0009014130880823923,0.03087411116041644,0.0018922592166633612,0.04259059209238658,0.036632896763914624,0.03398827505530155,0.04801107342282157,-0.0022157235154173227,0.042601294459671035,0.03494225985685989,0.03782214803730222,0.053074167514673365,0.050124655645626626,0.040658634386599446,0.04770041360311178
0.027014334008138075,0.019926893425423864,0.04958312284789629,-4.4158598161980755e-05,0.006743785984055506,0.038565208474081625,0.04244016708855092,0.02899653584142986,0.03301341909172212,0.022077458843707487,0.007583293533866942,0.009996736294850428,0.032079262776339934,0.008053184609769781,0.04169280238739331,0.03430672169848448,0.03526161512663306,0.05841787876150356,-0.0008393850776028389,0.03398649037542023,0.0,0.02961015972312242,0.03279735821639318,0.04538173766934095,0.05616516245632752,0.030898608795343285,0.026984123027669504,0.05025068152403728,0.04822805616070508,0.0500827947102464,0.04209887103106352,0.011393488617137792,-0.021557656091276023,0.03660599687112431,0.028664502097047573,0.06849397534038154,-0.0011896571148682367,0.0064099412069315576,0.035278048284003605,0.017547376959836714,0.04809442408653469,0.010355385510762094,-0.0011975034284425479,0.0,-0.0001167378392569196,0.04065603503657833,0.020205361532518784,0.002370543772325706,0.0,-0.0003782359187851081,0.019844264273040146,0.0076417138575478605,0.12750400896237707,0.0006481898969639688,-0.0013014519620394571,0.0,-0.0005350657752409838,0.02153412513786418,0.0,0.05093888127821894,0.042916838065820695,0.0,0.050816572579855834,0.0,0.03942873480022041,0.02272715078595633,0.020815555527019358,0.07065667930185854,-0.009106878795575257,0.035437147246182465,0.02520558747736601,0.03986730666385152,0.06385606855257692,0.06779373349413059,0.009096603761216127,0.04719517720813743
0.0347369690438758,0.046724608256207,0.0140130484240375,0.0030684273076475588,-0.000503675302162998,0.014026596734765306,0.03423806553975772,0.05157796921169222,0.013109358441778685,0.01579388290606254,0.0012696410484074883,0.028166114058071956,0.02965596568437462,0.004344714597741994,0.03765651239042356,0.05467150531788534,0.02615075169118153,0.041874973562145534,0.006129255382749443,0.033444412326069484,0.02961015972312242,0.0,0.03624295127949717,0.011561624340281684,0.052466579952734405,0.04024730517235314,0.036001584609574366,0.05272087313573909,0.05008317564410597,0.06664230667172644,0.0385841420731291,0.005163927916316979,0.01610308256541504,0.026814398144241636,0.02238425104778824,-0.12091926474430303,-0.004514561517185101,-0.0002538036124510312,0.021980761033515483,0.024841909821083696,0.031261748915972165,0.03528109674363211,-0.04306807321459771,0.0,0.003955890848625854,0.04393910409592017,0.03952060155558401,0.004114977426198652,0.0,0.0003142542449025565,0.017875824653254546,0.01026496941174565,0.034914635951488415,0.0222300737711163,0.02620531037742352,0.0,0.004629774875263337,0.03612802915723917,0.0,0.03948608679717619,0.035776442007498854,0.011056873486411156,0.04367050056798272,-1.1102230246251565e-16,0.02700594698063108,0.03814499937261451,0.02795716685446381,0.01628622516398137,-0.0007820290114112782,0.040104996736686216,0.0375199461104444,0.021128318536735857,0.04256167233405317,0.03799315870708425,0.009511112743726402,0.029813211924296146
0.0251284327630103,0.04624241131779383,-0.019608564887763358,0.013834717762903292,0.02193256516752795,0.03602137168751651,0.042565856472532526,0.02030278496610588,0.023675480377458924,0.05134808656049178,0.007307168922706886,0.017441718005094697,0.04414062712150868,0.024140403676923772,0.02092083171336656,0.047728501546167756,0.04048466127693623,0.05558484193305735,-0.007918559926899715,-0.020620021890843887,0.03279735821639318,0.03624295127949717,0.0,0.036282322754900564,0.06765356933270428,0.03133852494086875,0.03855072662212544,0.054192996011960426,0.04184120222077364,0.05345245717365288,0.04645352078705539,0.017030259332290965,0.026714664325513837,0.0555368133859685,0.052902243341917454,0.058810263733785895,0.05851441820093084,0.020459556598055817,0.05154778890557399,0.021814061720260902,0.05732416069901236,0.054528592930415676,0.06945221871668339,0.05084955066513208,-0.005714636491723324,0.006467562131270865,0.04222452144808314,0.0827284445903469,-0.00011776393391410567,0.060585587068855196,0.052743784077931566,0.046413074399965115,0.061540572020712614,0.04978589776772668,0.034666410347413246,0.09491829218368464,0.07746705483793137,0.045263857492495285,0.038564069451428984,0.047238364719926595,0.04423101343784047,0.002589458104843567,0.006630297664883156,0.08998915031156063,0.043728284641463167,0.04305444711541856,0.039971613751418666,0.05789807739479391,0.0016037883802139663,0.027227048111700125,0.036824448446961366,0.035614189733309876,0.055851459145361604,0.0605568445200495,0.059414991041477294,0.05753228929430976
0.052908819353779946,0.053268027852530375,0.03791580896293145,-0.005126944941006628,0.027208576648417637,0.04272026770104065,0.010676726810022297,0.03786124411886016,0.04748162254033472,0.022336553079946753,0.0462953218312539,0.015845158417034655,0.022613435665799875,0.012614592072145325,0.05646947159806798,0.04533938940636412,0.05046841357367515,0.06395879176540553,0.02694820125137576,0.02462497743982278,0.04538173766934095,0.011561624340281684,0.036282322754900564,0.0,0.04294102399976285,0.039642416785900414,0.039172778311880374,0.0294555251618433,0.04591519207161987,0.0054139112324962935,0.032386788146286094,-0.016655352033492332,-0.006928901270428889,0.009279911738037605,-0.00751514362011263,0.014869709644285523,0.04609173256140625,0.002300598898337447,-0.07817960966317739,-0.060793762379103944,-0.03495788056896593,-0.1684263058577277,0.00046757611868697424,1.9390392925311417e-05,-0.0588063682418003,0.12114233531761881,0.035243549978537014,0.0002526074073194162,0.0,0.0,-0.0009711516243322005,-0.00023867596874393993,2.0308869748075775e-05,0.002055561866419253,0.015749141645361397,-0.0017114592532498363,0.040756408943904865,0.004170233241905297,0.0,-0.002168674113234015,0.042890892642526435,0.03232405963833046,0.05616934248598532,0.0,0.0003729359928287268,-0.0045599003668901905,0.0043182524002067235,0.0006014298002306462,0.03217246047170691,0.04115645510564425,0.04274415821909888,-0.0011310691424596397,-0.0008306117895748866,0.0038493472187700606,0.0,0.024745530534049154
0.04598334360739276,0.03482218649860902,0.009344056820667135,0.0,0.006477333532407481,0.047628374587183386,0.05058442419852954,0.05288158226692247,0.0695939232222279,0.02318477689185694,0.011424814501412695,0.030756031951971297,0.04021191106026084,-0.0002066084122184786,0.05099045321154766,0.046925960406629275,0.022885472006927587,0.03340328000131343,0.005685603319931898,0.046964790705717185,0.05616516245632752,0.052466579952734405,0.06765356933270428,0.04294102399976285,0.0,0.028164566373695243,0.05930947903683531,0.04335585474878728,0.05455422797069731,0.007808766947549839,0.03918341734347136,0.020721919074068396,0.037574743714968606,0.03457072023891872,0.03326320605689864,0.010870452154896681,0.00017377357844577945,0.04393928984117795,0.017822831965969455,0.04049479520534771,0.037899979337420564,0.02183988854067509,-0.0016140865515403835,0.0,0.010125290683760502,0.06366622519278153,0.04914524162532957,0.0,0.0,0.0,0.017985610603822366,-0.008469650524144057,0.03482842110615514,3.7492352837786846e-05,0.05222665024829787,0.0,0.053346032896811446,0.021843188855302842,0.0,0.04427074690122379,0.04516851239206188,0.052158958582284254,0.05620000075138809,0.0,0.028176140098007285,0.050030568197266034,0.04011364591850042,0.026555417765402822,0.033946068699531096,0.047202387013286995,0.04284760140043592,0.012092420062419396,0.013198780038773728,0.028879029652977062,0.0,0.04638769591943459
0.04032170571124494,0.0364440140924952,0.022226156944696596,0.0044137889982636125,0.01644711477398514,0.04920064462197937,0.03624704391788325,0.037251898234359315,0.012339665154493473,0.029615778280337512,0.018291176599815717,0.04203269270716964,0.027049312929088964,0.009305347909667916,0.05779700931130516,0.03727053767232158,0.03844061412068134,0.04594775721704364,0.01896511363663206,0.04245750397470893,0.030898608795343285,0.04024730517235314,0.03133852494086875,0.039642416785900414,0.028164566373695243,0.0,0.035016254136912006,0.035160381350948955,0.03982912539758893,0.04531769514461498,0.025823825165345704,0.01231479724625617,0.028151617834376363,0.024680637895060975,0.028439021217118055,-0.0035751676921895736,0.0026804749531481042,0.0035833029845728226,0.014037377677003804,0.03132173240112823,0.041366523251150866,0.018669214760749175,-0.03771339154858594,0.0,0.06204086950229265,0.05997191870896951,0.04103335936079888,0.004802635100056019,0.0,0.0010131907554276065,0.018517735302264082,0.018446844298426135,0.023960482251433934,0.002629012738041503,0.05275401475707203,-0.00018863758466008962,0.05541532986948666,0.023054443254648893,0.0,0.046754009767946414,0.044472868375826535,0.046174613763161565,0.05277354509614163,-5.551115123125783e-17,0.033034202815207414,0.048944097065319436,0.03207430657599353,0.02070009732636985,0.04413461633824617,0.04323617715936373,0.04379511438239525,0.02615710163193119,0.07505257995679704,0.04292308892888458,-8.751872191131715e-05,0.043167738041927695
0.025527205767157057,0.04545084884374939,-0.007785516469730802,0.007580381649628487,0.030233868443102996,0.029301450180867772,0.039824105448124536,0.04098029220398541,0.0120918391506179,0.050519381971613375,0.007562694920884627,0.01668430538640442,0.04169327266161532,0.07206312817577543,0.01103901629196502,0.05617293575382476,0.05720110339189549,0.05680969259408836,-0.010242690090208562,0.0007955057088366857,0.026984123027669504,0.036001584609574366,0.03855072662212544,0.039172778311880374,0.05930947903683531,0.035016254136912006,0.0,0.049664153063694705,0.04323514605156609,0.056863862632927586,0.054651839906879385,0.018751561460420507,0.0225440445893757,0.05601542043243146,0.04703532508660713,0.04671778160396234,0.05148929498164079,0.015968239327674272,0.050279602587764316,-0.025605674567003578,0.05978850598654617,0.054561804460015795,0.05158901797547427,0.004224593349642813,0.0011001929870884664,0.0010533873303816832,0.04216411759094446,0.07226368342385114,-1.6653345369377348e-16,0.06794247119098829,0.052763453666230364,0.047849461422889705,0.06384839004826365,0.04467941461483871,0.05046193079783995,0.057208585989199645,-0.04454853276082815,0.048158902208606524,0.037781626984235706,0.055246981131697404,0.03816957378660535,0.00018233895887376228,0.007578280605296528,0.048908223773213466,0.04397915247403528,0.05469441013265769,0.04553318483545926,0.056472994516966746,0.0017017728389669973,0.038222205923303554,0.04280826922386871,0.04174613568276808,0.05834185962852678,0.06188863884626605,0.056144962384923836,0.06059557136487087
