0.0,-0.02358985462959573,0.0027959792677050843,0.0,0.00033553683810094714,-0.016994829074390927,0.012348092403549726,-0.04693316049920715,-0.007025481276068335,-0.033839696396038954,-8.50481516412871e-05,-0.01535982004839681,-0.007544753762786238,-0.003026935279970111,-0.006828228917537149,-0.008333434447835297,0.006035590258046508,-0.026947101066876922,0.0,-0.009449521088508273,-0.041018660388990824,-0.027479991024818573,-0.023718467974819135,-0.023923764833779115,-0.026331570925292258,0.01035783555729769,-0.04144596202827183,-0.019801089665958727,-0.02653138010020012,-0.08701221846365259,-0.005667840393290713,-0.03031662716670569,-0.024785385243052682,-0.015020627373486362,-0.02344051321979279,-0.052944005703376096,0.0,-0.07417886806404683,-0.01194800021762138,-0.023866868223790805,-0.009459531735245996,0.005852119319104732,0.0,0.0,0.007517984390546628,0.003478613503953343,0.0019497458077975538,0.0,0.0,0.0,0.03327306273649688,0.0,0.029547241479376762,0.0,0.00048754207671675154,0.0,-0.0023699799240729513,0.0006037449961611707,0.0,0.015398881177429546,-0.003919401118605725,0.009180097908675078,-0.01014881116164823,0.0,-0.014463386688285451,-0.011419003318418885,-0.0020691308010928333,-0.05363079176420432,-0.0007484396908209456,0.002174387370942721,0.0012381179838849565,-0.0055050993838695605,-0.0004564127958268105,0.03331570171190684,0.0,0.002362111455319782
-0.02358985462959573,0.0,0.0022582957945428417,0.0,0.02440757846114805,-0.0050521979199049105,0.0170425646192095,-0.0022356304018728568,0.015044717654618123,-0.01819884537658767,0.0004826430616857169,0.0046397958529874606,0.0296280933524663,0.0,-0.020429797017896323,0.005381353393911825,-0.018480363722999993,-0.008511932055033533,0.0023827828018138097,0.0024279242002377965,-0.017069748488928005,4.226480810215483e-05,0.0007971074908925124,-0.007159973340687353,0.015675173377789398,-0.016105221345475373,-0.011473028272140251,0.002450488138195095,-0.013840275296471694,-0.041643810830661154,-0.009201739581379875,-0.0236536096888163,-0.019248512036059207,-0.01603068194614926,-0.024077359184046854,-0.0018056857561613016,-0.019238100362754695,0.00035984440785180594,-0.016303401271956508,-0.01708160164203687,-0.008008086030186157,-0.0037588456410412863,0.0040237021921573635,0.0,6.481050091994289e-05,-0.01552994929470436,-0.010150564895664627,0.003295906067723786,0.0,-5.551115123125783e-17,-0.009707712237617683,0.007761403053742011,-0.004071046179408511,-0.0020657000671001624,0.006484019028096866,0.0,0.0014238594512009373,-0.006983290978459122,0.0,-0.006643281697595149,-0.010610244253035361,0.010296901838799,-0.015193772647209669,0.0,-0.005400134366666254,-0.020227252225501757,-0.01117989940669012,-0.029471771059741414,-0.06938861717449729,0.003508478515910407,-0.012205426916494566,-0.014049827091698663,-0.022643624486547997,-0.017452907758950975,0.0005322124067405065,-0.00945727888655784
0.0027959792677050843,0.0022582957945428417,0.0,0.01813289989620892,-0.01122802391014216,-0.0028894816946408164,-0.021858082217450947,-0.034088393132065076,0.012410487327723096,-0.021614821165637177,0.017547421768841942,-0.035649516729528874,-0.013365385983214573,2.6818304246223335e-06,0.0008868401310093144,0.0032447671933218403,-0.041295686574166046,0.0030303754885180334,0.025984615514752674,0.009271043449009309,0.0241593395629226,0.029092562125314747,0.03002854086540302,0.0004956618892340003,0.007934515823363242,-0.0017081834310677668,0.03388591582716943,-0.016903649018640887,0.034773797555721686,-0.01598873362878589,-0.02006910674669865,-0.01698369737730321,0.01009741867033248,-0.024640101908738887,-0.021956004049603628,0.0015233998425881468,-0.037227974330862834,-0.01989478878609724,-0.008585326641970703,-0.002686241425745528,-0.01631860642618599,-0.010854977930880971,-0.008376833245767545,0.0015283287315888683,0.0001266363841047058,0.0,0.0016857882068950225,0.08341431759631324,-0.00028113465748730304,-0.01639006406819521,-0.01521840732266555,-0.01582216736583464,-0.00896524828469314,-0.009959398384704388,-0.0008957430650162745,0.06500974941905618,0.0002529580543145782,-0.022059819722522134,0.006979151995918698,0.001203401713690433,0.0004929920623521489,0.0,0.0,0.05828860782587114,0.010677235547712105,0.04081523186426933,0.012026659615293478,-0.00414592430910965,0.0,0.0,-0.001866691074917104,-0.004729201471056821,-0.008492147457272003,-0.018247339441768762,0.004137970787269185,-0.01932349177351189
0.0,0.0,0.01813289989620892,0.0,0.01603089549193809,-0.023802764196086124,-0.03337737743649391,0.04739917458664633,-0.02035083001467336,-0.018436188017127375,0.008217548695828747,0.03650766604907324,-0.012929700628086571,0.04580788066613101,0.004532698107031385,0.0,-0.00027484764869073475,0.0,-0.013267285867216205,0.0007285312836191604,-0.0007769738128795556,-0.02803003241791646,0.012085456529692506,0.00032848328639406565,0.0,0.0022508253614643703,0.005230419059894409,-0.047012101520448824,-0.0011788263620577388,0.00019934751339495405,0.0008444995160765134,-0.019389751130806376,-0.003653948327417833,-0.0016977255970751504,0.028251680903396748,0.1081025077375411,0.0363776984895888,0.0019955107655384996,0.0010220161901328684,0.0,-0.0007757276481242803,0.0,-0.000407000170476568,0.0,0.0,0.0,0.0,5.557175556197835e-05,0.0,0.0,-0.00010202922396657099,0.0,0.0,-0.0001301006354206269,0.0,-0.00013319020931551462,0.0,9.7939799574287e-05,0.0,0.0,0.0,0.0,0.0,0.0,0.0,0.0,0.0,0.0004393549148217213,0.0,0.0,0.0,0.0017384840483355979,-0.00012752137458532653,-0.0003072572216665792,0.0,0.0
0.00033553683810094714,0.02440757846114805,-0.01122802391014216,0.01603089549193809,0.0,-0.005375916045570361,0.0033767687733663454,-0.05773538532790906,-0.010999414218981263,-0.03924810446860738,-0.011476936690144435,-0.03255887212275427,-0.015197199701153852,0.006043406178968924,0.020766972896567926,0.02165838018049282,-0.03874672785915628,-0.0021556382044355393,-0.026674129159234505,-0.008265582760943191,-0.013590193507379555,0.013981907774989866,-0.018068463638585053,-0.006721207999716927,-0.005525033969300042,-0.003045180254985902,-0.0025111053675418993,-0.01951775978732967,0.018050864536858613,0.003816493874768012,-0.02776925451019413,-0.020687586160067717,-0.003026205669390769,-0.029628511568524862,-0.034105295674242087,-0.009507854480896027,-0.023282854169778766,-0.01414120922619655,-0.025949467143979665,0.002500676146769576,-0.01880372484933923,-0.004488135094817269,-0.061020966360787854,-0.000136790151022248,0.0011280836776683678,0.0,7.135779088141003e-05,-0.044369956466175864,0.0,-0.06730117455455403,-0.03432047858241838,-0.041630375092308214,-0.04925792810154739,-0.06209773854086975,-0.000546827943640249,-0.03417041406260368,0.0006814124206023786,-0.05028627438605193,-0.01061234770379671,0.0024241059174249235,-0.0003257510401982744,0.0,0.0,-0.05617868505718182,0.0037618435046655185,0.0,0.005890399502457677,-0.03799573435011533,0.0,-0.00023753916431989985,0.002272117102930016,-0.0397509342733493,-0.031161849902390015,-0.0030969375936485966,0.004067483018356022,0.020952961398969627
-0.016994829074390927,-0.0050521979199049105,-0.0028894816946408164,-0.023802764196086124,-0.005375916045570361,0.0,-0.0011702865106241744,-0.002736020763250524,0.01005246258198117,-0.02031752985913976,0.00519427280814011,-0.01876859053607849,0.013806797655570135,0.007786967188741112,-0.029881074178967904,-0.003226654309664012,0.011158236660238074,-0.004255161368920013,-0.001349616064458603,-0.00782991138565109,-0.023388107383429058,-0.000565472266133904,0.014246934682700774,-0.0007482368125437122,-0.008305026874651567,0.0022637802276592733,0.0018110111227107595,0.010839696929282605,0.00590877596735867,-0.019069408125753418,-0.007814452180521514,-0.0058538372034399044,0.00707973170042181,-0.0030058168300096666,-0.0031624890985386678,-0.021735299081945103,-0.017283288302499755,-0.003583474890313576,0.005879629188397684,0.0060540030050176274,0.009110732794753496,0.020728151848072307,0.005774730504262138,0.009301332529076889,0.002275000591899168,0.005857243688241642,0.004799818371185094,-0.01811598715607432,0.0,-0.023332323794612697,-0.006934692080785343,-0.01754366159110521,-0.013758071542223804,-0.024825325168326695,0.0011247674981971212,-0.01601899972556481,0.0019761482715452416,-0.012133539687329997,0.004624751452628029,-0.0008286974190838126,0.0024025205620208934,5.551115123125783e-17,0.0019428639195810393,-0.008109841911767668,0.0028237036782840508,0.034100483309013274,0.005575322631427737,-0.005371228335527833,0.0,0.009324891696595172,-0.005599965144291785,-0.011558187955448052,-0.0019137863920418718,0.002737782246171827,0.0078833928112928,0.0007958826133374064
0.012348092403549726,0.0170425646192095,-0.021858082217450947,-0.03337737743649391,0.0033767687733663454,-0.0011702865106241744,0.0,-0.0327005026871221,-0.04758676243195292,-0.028234651055165816,-0.0384243648778862,-0.029236683534090147,0.012784319370492347,0.010359829935925324,-0.014961224075654977,0.01164913389481953,-0.012110439356842306,-0.004362838307635064,-0.03157561110833196,-0.0034547804624395217,-0.012396541278035966,0.014175525916062026,-0.007900912565688478,-0.004374010147797702,0.003009989254709189,-0.0008001103804176068,-0.007485194349422963,-0.026273927018842458,0.010674118739587457,-0.006944749926186544,-0.024992132211547002,-0.01640972822261816,0.022003722126189562,-0.015414132713827577,-0.007902033567198319,-0.031009437400875806,-0.03172007167807017,0.0001465583886334776,-0.0031030987251651765,-0.0004331447507727737,0.014297527147360434,-0.0052984125369023305,-0.02919646477131488,-9.099438975657126e-05,-0.0004974974804781707,0.0005542985051581462,0.0032848972716043034,-0.020444343902051854,0.0,-0.029958756078433346,-0.019788932057467346,-0.02669405190945906,-0.009318424754286847,-0.03529611934673871,-0.0022454522949998945,-0.02931527622296992,0.0037471078479553444,-0.022786242022927783,-0.022005042965390798,-0.0029028987897521397,-0.001580299904626159,1.1102230246251565e-16,0.0004833138470138332,-0.039478933563179774,0.012547983313794864,0.003914930000658345,0.005000905693775426,-0.010762987249927525,9.442067498460771e-05,0.004989562839673389,0.017022604714715173,-0.02136751003984949,-0.015515634057381766,-0.006659346868864546,0.010480593767854263,-0.01358577995953747
-0.04693316049920715,-0.0022356304018728568,-0.034088393132065076,0.04739917458664633,-0.05773538532790906,-0.002736020763250524,-0.0327005026871221,0.0,-0.0362034000536417,-0.036670904375671776,-0.008244175986855673,-0.05051990493503,0.0003624010811873468,-0.0010552868429058448,-0.0250208308997254,-0.022621451063772113,-0.0008990747517957365,-0.045999701546873994,-0.04756357583154691,-0.004794020049235459,-0.008257857094561116,0.0037221072393507915,-0.00037603351618670233,-0.05324743391269843,-0.04236754888775823,-0.034671460942328314,-0.0038340917066407854,0.0037231751812585867,0.005749397773156362,0.014169511541479718,0.000381228599736827,0.020178591112452293,-0.014388513409607229,-0.0009567303030562635,0.0003527805131861017,0.005278344444757055,-0.005190536663658485,0.009863219983623106,-0.0066441147594742955,0.0054172842545257005,0.009195193133658353,0.0006967113297714489,-0.001323251171018447,1.2706587940614078e-05,0.00017546522780942375,-0.004119792203782113,-0.017597947727325203,-0.007220806992272899,0.0,-0.029719288838622127,-0.013131529740298464,-0.013047150452154821,-0.012430664211612319,-0.01977726552753356,0.002069302849029009,0.010024738677328837,-1.1102230246251565e-16,-0.012602918627509063,0.005416573782437428,0.008188204969759971,-0.001757393329349155,0.0,1.4705161357875252e-05,-0.019302460753608863,0.015684864061131065,-0.00954359830312479,-0.012931157788774517,0.004059738393020762,-0.0014634510604655815,0.004969445006289819,-0.014641251961003021,0.00021484598948234845,-0.0039339275572123356,-0.013761015695544443,-0.011940706352680852,-0.004885505078859598
-0.007025481276068335,0.015044717654618123,0.012410487327723096,-0.02035083001467336,-0.010999414218981263,0.01005246258198117,-0.04758676243195292,-0.0362034000536417,0.0,-0.02738913289303757,-0.005216601222277739,-0.029272107170505324,-0.003665572454586763,-0.029531065788518163,-0.01434543828915874,0.009164723322519774,-0.03328037993191524,-0.019323713617932003,-0.00042210662382319297,0.00035905997473550944,0.010670366905929318,0.010948332693455742,0.0017573418289439369,-0.060474434858214576,0.0062794237950874465,-0.002541368167605973,0.021023231004858645,-0.023350039433239045,-0.003021510148231099,-0.020938539174748305,-0.028950643305106216,-0.02617721651262278,0.004187687514395966,-0.03113967517945415,-0.030220575053035104,-0.023378378433223046,-0.03002661458661321,-0.01907761902334859,-0.020526810351531644,0.002820495690281699,-0.008452142615643199,-0.02185144493672031,-0.0236169061373821,0.00024006573465756853,0.005099461484141865,0.0,-0.0006770019534989014,-0.010077415569942572,-0.015532812860101053,-0.03889726484406303,-0.01853324783192767,-0.02738852281745996,-0.010302747668007872,-0.032497569176933805,-0.003854940596206613,-0.018698508196983987,0.0016713010562378061,-0.024648743254526928,-0.003832617494808066,0.008574770796170472,-0.0007320464540768179,5.551115123125783e-17,0.0,-0.016800602111040952,0.013408022241810258,-0.0026837784591222102,0.0006747539336804942,-0.0136280676992937,-0.0007779691104211617,0.0013745196673740634,0.00540219407069531,-0.01194482079720216,-0.0278226298621988,-0.01840982991219431,0.009358754432107541,-0.026452909231260757
-0.033839696396038954,-0.01819884537658767,-0.021614821165637177,-0.018436188017127375,-0.03924810446860738,-0.02031752985913976,-0.028234651055165816,-0.036670904375671776,-0.02738913289303757,0.0,-0.040246739814735644,0.021299489356639,-0.01672650770985784,0.011001165234986232,0.004161631361263185,-0.022879070893033038,0.01026627935136748,0.008322551142688872,-0.03550911827100384,-0.005717814840103086,-0.06260449203191842,-0.030172364365517013,-0.014783393775437192,-0.025941667345692643,0.011082611582275026,0.008776945106487744,-0.01783715971620936,-0.02359128248439496,0.0023788932248481887,-0.042734068798924274,-0.02671923348978228,-0.03609820819305859,-0.000345794047782233,-0.01888829007078191,-0.012547977024476853,0.012427013881342208,0.007449209533528345,-0.003662958534799643,-0.027960316437396715,0.0036834929672837635,-0.05241727589647105,-0.04596896417546059,0.12630862967009038,0.000920665275928434,0.018721937634919528,-0.026994568451620793,-0.03113581903396384,0.0025524298585731797,-1.1102230246251565e-16,1.6653345369377348e-16,-0.008641915912898868,-0.003212584061151047,-0.0008797279691427073,-0.0024824650679289295,-0.004074292367315935,0.0009099040163091376,-0.005127000740589638,-0.006561635103324415,0.0,-0.003072658842126985,-0.008632234378517012,-0.0020393225452908226,-0.0028836403559251433,0.00011878104748513918,-0.0026437666807591076,-0.00011179068535882575,0.0004475032522608391,-0.015305930138051926,-0.017955623140984367,-0.0031564944295351394,-0.0006566628334009339,-0.001125527686579253,-0.010232462097602424,0.0018047326247539464,-1.1102230246251565e-16,0.0043419751244238025
-8.50481516412871e-05,0.0004826430616857169,0.017547421768841942,0.008217548695828747,-0.011476936690144435,0.00519427280814011,-0.0384243648778862,-0.008244175986855673,-0.005216601222277739,-0.040246739814735644,0.0,-0.042740086804408606,-0.03680109404872062,0.0026239924239395696,0.0,1.509646285041688e-05,-0.06650001139903716,0.0008793832049505124,0.016321861971194562,-6.938136223566538e-05,0.0037790728050220435,0.0011236741962034058,-0.0005452757815742615,0.0014651722619026808,0.005953418544863809,0.009468309822973864,0.016540622235620084,-0.04042477075864531,-0.0008241412025138395,-0.0018462275969697295,-0.039334172754429464,-0.005867038841446515,-0.02710150351667856,-0.03649558499919603,-0.03579969454531906,0.01637646855277808,-0.002930655324456466,-0.03059224869891869,-0.04349215145734742,0.001100738715188787,0.0030441747212439085,0.0004628780978043756,-0.018708299695183006,-0.0015005727710021288,0.003757428380144756,0.0,5.551115123125783e-17,0.04340750115914466,0.00012176527110602242,-0.013970138044272051,-0.016181085334757095,-0.02508136116204207,-0.016280211131785183,-0.0016746738360177704,-0.002706729527106988,0.019556415688851192,0.0014005338312609306,-0.016790273619639695,6.254618754425456e-05,0.00071854659931464,0.0,0.0,0.0,0.10115287295881553,0.004113338509826758,0.0,0.00029608458343893806,-0.0019216701317099627,0.0,0.0,-0.00021795492437987063,-0.014029527160426769,-0.022487979834256322,0.00516160629006418,0.0016006505566410478,-0.000587860672120466
-0.01535982004839681,0.0046397958529874606,-0.035649516729528874,0.03650766604907324,-0.03255887212275427,-0.01876859053607849,-0.029236683534090147,-0.05051990493503,-0.029272107170505324,0.021299489356639,-0.042740086804408606,0.0,-0.020093733449687512,0.004750457385098272,0.0011714716271882253,0.008142513704058607,0.015310849110410085,0.01279875928123847,-0.034906514698122504,-0.0008663566519565014,-0.05194316796862941,-0.004718341257294922,-0.03835525233503312,0.004794801874156429,0.015416227613676892,0.030869574694305735,-0.009329706475177058,-0.029076931731439215,-0.016561275771302897,-0.004661983920447921,-0.009419840296786886,0.003089129783705735,0.026012303553090477,-0.00577904860212336,-0.019877383935900106,-0.015374728960180495,0.018466715328766703,0.03265957905618705,-0.0028800709579769324,0.026957836553166636,-0.027673377956316525,0.01309612003209809,0.005254626772434545,-0.0009474750178878055,0.04882354936726374,-0.031254680379550925,0.0017720357295919476,-0.0008042592553252903,0.0,6.641189209122267e-07,-0.0028713385165300975,0.0032145832886188996,0.0,-0.0009857936570872305,-0.0003262051520880882,-0.002108801538817706,0.002143262452066863,-0.00030995311970660744,0.0,-0.00033978618151364604,0.01123389773083222,0.0009500406045120369,0.011065787733793908,0.0,0.00039765320370221957,-0.00024700033481289685,0.0005334497756372403,-0.0037616999416785757,-0.007424659238673914,0.007709348303427066,0.005888210815096384,-0.0038286125662806425,0.0037185026830826584,-0.0018111689405343467,0.0,0.015379189772776192
-0.007544753762786238,0.0296280933524663,-0.013365385983214573,-0.012929700628086571,-0.015197199701153852,0.013806797655570135,0.012784319370492347,0.0003624010811873468,-0.003665572454586763,-0.01672650770985784,-0.03680109404872062,-0.020093733449687512,0.0,-0.01958696976605301,-0.011017936078071777,0.01243119742335419,-0.00704764543762626,-0.012773636262893129,-0.027319595190087143,0.00730393299527754,-0.0016302179595412691,0.020023608771755796,0.006028866825091406,-0.037912159993245764,0.0012927522351586784,0.009367031577986407,0.0008421411992793337,0.0024834006343662507,0.0166355498295217,-0.007443564454685414,-0.006263763134841005,-0.00838522340284198,0.01610254377644771,-0.008802731427245525,-0.004428235813428827,-0.04208182168522062,-0.028344073240981482,0.0011251724563715593,0.023029379062122823,-0.00022679831622895996,0.020395955672541488,0.022059989334905827,-0.011739493195833006,0.01971579211628327,0.0025475175093465086,-0.00032546198853483643,0.004033608530084887,-0.010599082222958245,0.0,-0.022221741638599024,-0.0010151455383841101,-0.012301109830802237,0.0025191133829799983,-0.020082723537756197,0.006569711703388548,-0.009099284199573343,0.0019134939245977756,-0.006557521049451287,0.002768793136183889,0.01713748224416317,0.0017959387134998672,1.735787788437193e-05,0.002682986223324857,-0.02180983732963393,0.0008425296290355266,0.02792187755399994,0.01073847143339951,0.002616135420546395,-0.0007426452845972764,-0.005228507615337441,0.012240336740464597,-5.309992922686302e-05,-0.0015837520694959029,0.011017167257726168,0.012242169494063648,0.0012349660073621704
-0.003026935279970111,0.0,2.6818304246223335e-06,0.04580788066613101,0.006043406178968924,0.007786967188741112,0.010359829935925324,-0.0010552868429058448,-0.029531065788518163,0.011001165234986232,0.0026239924239395696,0.004750457385098272,-0.01958696976605301,0.0,-0.00878076394952354,0.0,0.0,0.0,-0.005900199249022686,0.004595954416146686,0.04640013519908892,-0.006893235918907004,-0.003927575600707556,0.012092461690472678,-0.00011886721998205507,-0.046138079844573576,0.020332504679699603,0.025097119833799253,-0.004090955270130814,-1.3677882563678523e-05,-0.020004306369765745,0.18523174973417544,-0.003641994857171482,-0.022453255628297253,0.12316479292990329,0.04503128897319736,0.019367909752144058,-0.0027079102038155,-0.003928244351191934,0.0,0.00047197976031326805,0.0,-0.03689136281952471,0.0,0.0,0.0,0.0,-0.035488343387823806,0.0,-0.00452065209032837,-0.001172701993663372,-0.005302525171588968,-0.02509075258006116,-0.02859505652200861,0.0,-0.021472836427505748,0.0008396743042413668,0.0018057789863015206,-0.0036097231535232033,-5.551115123125783e-17,0.0,0.0,0.0,0.007841517926730102,-0.0023245615258714603,0.0,0.0,-0.036167156140452295,0.00044302325059092373,0.0,0.0,0.0064410871246697865,0.0010911660834362902,-0.000976827547223058,0.0,-5.551115123125783e-17
-0.006828228917537149,-0.020429797017896323,0.0008868401310093144,0.004532698107031385,0.020766972896567926,-0.029881074178967904,-0.014961224075654977,-0.0250208308997254,-0.01434543828915874,0.004161631361263185,0.0,0.0011714716271882253,-0.011017936078071777,-0.00878076394952354,0.0,-0.014368619983259279,-0.0013897349817597604,-0.007785458310070714,0.0,0.02374351429301308,-0.0016390091060439205,0.04368898886585881,-0.014884324067482857,-0.04083147677711907,-0.019018224872114686,-0.01199671481254172,-0.03402087822187272,-0.022298564219074335,-0.015524497334876042,-0.03175726542192919,-0.012846923212509853,0.00729422895128784,-0.0054425915174008965,-0.0035529795623878146,-0.009212769195052095,-0.002133792818154734,-0.0016783193106718053,-0.000445373559487372,0.014485676977779693,0.012470192186282869,0.02606728835675909,0.014135587548809503,0.061227932376362926,0.0015769983350795158,0.0006917263294214382,-0.0026677139637697467,-0.0123455649042446,0.002781911239444268,0.0,0.0,0.0009118983281685145,-0.0018736963320821753,-0.002523041451605368,0.003519574460398356,-4.187168135982855e-05,0.0,-0.00017909183722469857,0.0019634339763161535,0.0,0.021937367213646974,-0.003092396936345776,0.000798913113074784,0.015854452017873444,0.0,0.027190015139840318,0.009286007612291924,0.017563635662755317,0.0033847190661393523,-0.0010492909564794872,-0.006827297230436347,-0.0006430931208778468,0.0017345281697951909,-0.002250893069490778,0.00460488995281616,-0.010745494866203353,0.013328642405954771
-0.008333434447835297,0.005381353393911825,0.0032447671933218403,0.0,0.02165838018049282,-0.003226654309664012,0.01164913389481953,-0.022621451063772113,0.009164723322519774,-0.022879070893033038,1.509646285041688e-05,0.008142513704058607,0.01243119742335419,0.0,-0.014368619983259279,0.0,-2.2933952426640314e-05,0.0034666280086816936,0.0018293340599649932,-0.0020580672628774943,-0.015997464832462893,0.003882879598705924,-0.0006369976786641529,-0.01660636943787841,-0.002478696647959411,-0.00409958322773285,-0.004769379748085223,-8.285008079522704e-05,-0.013765691240566258,-0.009754925187992258,-2.4074029999432422e-05,-0.02416862924766694,-0.0202460537539792,-0.012815183746652359,-0.02154927331874451,0.020179506218485077,0.0002622408574841639,0.041432978420103295,-0.013748920933306319,-0.015255315805865644,-0.010417818659619216,-0.0059945086667273495,0.00020885874502918345,0.0,0.0,-0.008022631474516484,-0.00903417559530334,0.0,0.0,0.0,-0.0002894389384987539,-8.955169646163164e-06,-0.004231052329695062,0.0,0.007867485387121453,0.0,0.003355197797435483,-0.00025072315613183793,0.0,-0.0033188506021346598,-0.010019495310606474,0.004237658943240519,-0.00616444830178603,0.0,-0.027234162444229104,-0.03421712005708727,-0.01966729263994521,0.01974460092905017,-0.04183128960386273,0.00492922269041951,-0.006056089699687073,0.010131744395559139,-0.024749567190533617,-0.011987812771554196,0.0003156653704748935,-0.01652338353674293
0.006035590258046508,-0.018480363722999993,-0.041295686574166046,-0.00027484764869073475,-0.03874672785915628,0.011158236660238074,-0.012110439356842306,-0.0008990747517957365,-0.03328037993191524,0.01026627935136748,-0.06650001139903716,0.015310849110410085,-0.00704764543762626,0.0,-0.0013897349817597604,-2.2933952426640314e-05,0.0,0.02355425319538801,-0.02790153722972205,0.00340129363450431,-0.0015777732002990041,-0.04701795652466745,-0.03328774609580898,0.011449666811645332,0.029421659582067994,0.013543478569033374,0.0012928223704607444,-0.015538798690696298,-0.0015160759738956364,0.0007737165068645857,-0.00060625117883778,-0.022040248260424777,0.0052020990912667875,-0.014703624368093637,-0.02700327925105722,0.0019793762851308405,0.0017282885106804091,-0.0013487865351581863,-0.009738989316772362,-0.006921653113947379,-0.01209612043600039,-0.008786025259584496,0.0,0.0,0.004534047633349636,0.003968970606717581,0.004258537952760821,0.0,0.0,1.6653345369377348e-16,0.0016717021449106362,-0.00017993787865477895,0.0,0.0,-0.006544850351988762,0.0003193414325987076,-0.015998221374844024,-0.00013737179883238637,0.0,0.0,0.010868115205033724,-0.007964726924322096,-0.0015634360004847525,0.0,0.0004176141793121313,-5.551115123125783e-17,0.003487111928040354,0.0014461031474471975,-0.026324353337709328,-0.0018027776226693937,0.0008632193960754209,0.0,-0.0010066695735181375,0.0007047456658051399,0.0,-0.0034164194794998326
-0.026947101066876922,-0.008511932055033533,0.0030303754885180334,0.0,-0.0021556382044355393,-0.004255161368920013,-0.004362838307635064,-0.045999701546873994,-0.019323713617932003,0.008322551142688872,0.0008793832049505124,0.01279875928123847,-0.012773636262893129,0.0,-0.007785458310070714,0.0034666280086816936,0.02355425319538801,0.0,0.007494477222612483,-0.0008676048757437771,-0.028061340953164038,-0.0047592293518424755,-0.009479017950400626,-0.0077227789451846385,0.015278923456326032,0.0005536292646154961,-0.004894441795963489,-0.002311903122338088,-0.012816907669773336,-0.030364310348816037,0.00775988002338962,-0.011308350640197196,-0.010609915252163482,-0.0019218227707477609,-0.002215295507052295,-0.0005170471342114125,0.0,0.011962515865863,-0.020436475571252666,-0.009380376954209513,-0.01954368263614431,-0.012068800866669283,5.551115123125783e-17,0.0,-0.002501069022676161,-0.017825383082116286,-0.006335462670528091,0.0,0.0,0.0,-0.00942287641911993,-0.0002305737729262347,-0.0207316041949967,0.0,-0.017333935157156477,0.0,-0.02701458341962415,-0.008335199526630088,0.0,-0.011300042186033088,-0.008901019886941253,-0.010353441403656016,-0.010007988809089874,0.0,-0.03663845720951908,-0.028315357232001848,-0.020980223837494205,-0.022094367338702514,-0.016474096854963927,-0.005813375663822062,-0.012514883275914934,0.02053583038235901,-0.0032891596812379964,-0.007440011572599492,0.0,-0.01538480477936488
0.0,0.0023827828018138097,0.025984615514752674,-0.013267285867216205,-0.026674129159234505,-0.001349616064458603,-0.03157561110833196,-0.04756357583154691,-0.00042210662382319297,-0.03550911827100384,0.016321861971194562,-0.034906514698122504,-0.027319595190087143,-0.005900199249022686,0.0,0.0018293340599649932,-0.02790153722972205,0.007494477222612483,0.0,-0.0005402531210376704,-0.007459551056968494,0.002211989074035803,0.015104698280364481,0.005703420986528873,0.010299303923974268,0.011129885928360228,0.007471944690831345,-0.030483924417145924,0.005252153132988491,0.004574998814504905,-0.04011459963564057,-0.029701016344148068,0.005514267080196311,-0.03651863879568812,-0.03962223819635702,-0.004714033186247357,-0.031430436019695085,-0.00836821836145668,-0.04630005340411625,0.0024457753912824898,-0.019186150217391118,-0.0003992533510904783,-0.02289117634781468,5.551115123125783e-17,-1.6653345369377348e-16,0.0,5.551115123125783e-17,0.051121109481387705,0.0,-0.04643222796834395,-0.028783000471090947,-0.03030916242642845,-0.012139054338558108,-0.03292337162329606,-0.001689546982569956,-0.018324699270551303,0.001157929694195703,-0.04116097917148154,-0.016044097561236814,0.0014453328405965027,0.0,0.0,0.0,-0.01932309922973313,0.002010738874908602,0.0,-0.001226334245615468,-0.018903792128697083,0.0,0.0,0.00018421385905093013,-0.0223545636282122,-0.020775236424891763,0.003908823217069368,-0.00011091141078811706,0.009156484337545012
-0.009449521088508273,0.0024279242002377965,0.009271043449009309,0.0007285312836191604,-0.008265582760943191,-0.00782991138565109,-0.0034547804624395217,-0.004794020049235459,0.00035905997473550944,-0.005717814840103086,-6.938136223566538e-05,-0.0008663566519565014,0.00730393299527754,0.004595954416146686,0.02374351429301308,-0.0020580672628774943,0.00340129363450431,-0.0008676048757437771,-0.0005402531210376704,0.0,0.003323755775553605,0.014290045216816427,0.025882430178652327,-0.025005492990101297,-0.005743041980810326,-0.00845109898119073,-0.0105256850291921,-0.011570306761938043,-0.009284440781869685,0.014893267606257088,0.008387449205570163,0.024461471174612337,0.009184362557457915,-0.004657680104510231,-0.0018055882034189175,0.014700463196047009,0.052182930229240865,-0.0026637418893361575,0.024091031140586805,0.04316567286815809,0.030296810458715018,0.019229137912321226,0.030751236640397528,0.01695915491696698,0.002498728550160756,-0.07740626946073659,-0.00985080234959862,0.0008434998883367628,0.0,0.0009486866583795495,0.01238993951360362,0.011699478879244662,-0.015271077729826776,-0.0001712838306699993,0.003412750437230161,0.0012374111848024727,-0.0006339005018589638,0.013157826124186478,0.0,0.017752735317832058,0.00397651516949038,0.0015609351431669638,0.000396724893242828,0.0010212391357452555,0.015742277484091904,0.013878122033786633,0.02194681732275866,0.01470198622127905,0.00023260125932983433,0.0011796895732267276,-0.0036942926551962185,0.010101023598542369,0.00841033766203858,0.014262197694091205,0.00590459776103941,0.02594230676852677
-0.041018660388990824,-0.017069748488928005,0.0241593395629226,-0.0007769738128795556,-0.013590193507379555,-0.023388107383429058,-0.012396541278035966,-0.008257857094561116,0.010670366905929318,-0.06260449203191842,0.0037790728050220435,-0.05194316796862941,-0.0016302179595412691,0.04640013519908892,-0.0016390091060439205,-0.015997464832462893,-0.0015777732002990041,-0.028061340953164038,-0.007459551056968494,0.003323755775553605,0.0,-0.015986114649893635,-0.006738135287122582,-0.05757056421119855,-0.03480387737995294,0.0008376330717672631,-0.040969282180762734,-0.010512584661499402,-0.005007632883140767,-0.010542000881999913,0.008509076466188592,0.013257117464331947,-0.013850127882858054,0.0035356117823354127,-0.007233139776694708,0.011907617106199142,0.030418114709675592,-0.06462784224409956,-0.00030192917839144684,-0.02985029825968355,0.017767877568375057,0.0037762038561359734,-0.008681412483434015,0.0,0.001289287024540453,-0.0070901390417539845,-0.020459374737367753,0.0006984628594033371,0.0,-0.00021760901059442173,-0.0018970453327746273,-0.003466044835980453,-0.05478284050833576,0.0020084059331033632,-7.494499102106422e-05,0.0,-0.0010852185203475972,-0.0024143314925069714,0.0,0.02816155193908909,-0.020724326411942606,0.0,-0.006961002772479574,0.0,0.005103139919434951,0.026670879193435304,0.0015301160947837622,0.007162017951641397,-0.0015055487808541268,-0.02138226668070181,-0.010378075972757306,-0.005752297994221001,0.0027406649532288885,0.005192376378227781,0.0020750865386629513,0.011871807742977136
-0.027479991024818573,4.226480810215483e-05,0.029092562125314747,-0.02803003241791646,0.013981907774989866,-0.000565472266133904,0.014175525916062026,0.0037221072393507915,0.010948332693455742,-0.030172364365517013,0.0011236741962034058,-0.004718341257294922,0.020023608771755796,-0.006893235918907004,0.04368898886585881,0.003882879598705924,-0.04701795652466745,-0.0047592293518424755,0.002211989074035803,0.014290045216816427,-0.015986114649893635,0.0,-0.012338006513117339,-0.043611521852837676,-0.002014873493153324,-0.0035105920417128345,-0.024373095125180544,-0.0012630890387349547,-0.010874356711895572,0.01756197790743086,-0.004923817998163715,-0.0025984050186568797,-0.0230591341259746,-0.015071354422814265,-0.008895123264431648,0.00919580130665687,0.014942961457986237,-0.04040718654862968,0.001125550018422794,-0.025491522839511283,0.011514366682048083,-0.010237439176594643,-0.019718487389191963,0.0,0.0005464351164262693,-0.04258078003685278,-0.01728989462161351,0.003826901231688107,0.0,0.001168578656437047,-0.003335404057619229,-0.0036130404907772085,-0.008875478487821775,-0.0005956281597577218,0.0009721109729124988,0.0,0.0020431929098666535,0.0024142192444656096,0.0,-0.0015027925680464183,-0.030481792123490503,0.004032136077527115,-0.02030428797731698,-1.1102230246251565e-16,0.0035205045113338995,-0.02503578352518082,-0.006462349306540771,-0.008010624595694238,-0.0009396078919863826,-0.01664945419532149,-0.02168516969830292,-0.006291918162795007,-0.014431361987801927,-0.001702759619970462,0.000980540121604756,0.014680611464420124
-0.023718467974819135,0.0007971074908925124,0.03002854086540302,0.012085456529692506,-0.018068463638585053,0.014246934682700774,-0.007900912565688478,-0.00037603351618670233,0.0017573418289439369,-0.014783393775437192,-0.0005452757815742615,-0.03835525233503312,0.006028866825091406,-0.003927575600707556,-0.014884324067482857,-0.0006369976786641529,-0.03328774609580898,-0.009479017950400626,0.015104698280364481,0.025882430178652327,-0.006738135287122582,-0.012338006513117339,0.0,-0.03974264795693261,-0.00018743343752664066,-0.02955174830297319,0.03304782538667239,0.0061657335858539275,-0.0007578402311677057,0.013622114936180374,0.0014823147666467862,0.0075317855759353125,0.011473437428985434,0.0022519544307849637,-0.0016928321590534146,-0.010725760432628684,0.0001257298937978324,-0.0041635204781962365,0.01029514480731375,0.009561879756290415,0.011331330861002131,0.023201888673326954,-0.000662423237538512,0.00417086013154333,0.0043949243860073595,0.007825865293541678,-0.0029143832692683502,0.025983425336119637,-6.77526693527164e-05,-0.01616169445751936,0.0012431681190270272,-0.0074477210133524485,0.007157937162650119,-0.021279539987272833,0.0031320663730084464,0.011022497515832175,0.009258051929345035,-0.0053554242711777444,0.0021300194024098107,0.0013058040224852574,0.010338574876904538,0.0019108142244814719,0.0014412212555697246,0.01778180789308803,-0.005235971352414548,0.005940435082771922,-0.009836956333443392,0.01703242429680729,0.000437724331779743,0.011692759270307218,-0.019109529049394225,0.0031641728832192406,0.0017811917438107505,0.006511208373739197,0.009315847927135579,0.014991978429954256
-0.023923764833779115,-0.007159973340687353,0.0004956618892340003,0.00032848328639406565,-0.006721207999716927,-0.0007482368125437122,-0.004374010147797702,-0.05324743391269843,-0.060474434858214576,-0.025941667345692643,0.0014651722619026808,0.004794801874156429,-0.037912159993245764,0.012092461690472678,-0.04083147677711907,-0.01660636943787841,0.011449666811645332,-0.0077227789451846385,0.005703420986528873,-0.025005492990101297,-0.05757056421119855,-0.043611521852837676,-0.03974264795693261,0.0,-0.0030833036505464317,0.01854966315171558,-0.05289265738920079,-0.02924719010235788,-0.02490314683532935,0.0007095545320514041,0.005892311080182566,0.004774094731822609,-0.003917484316287245,-0.01641834855636648,-0.010910486697028543,-0.07000572125337012,0.015236954704294758,-0.015962220232945024,0.012269616334645073,0.032524775744524836,-0.04949643776252316,0.007372619712924855,0.0053328180733016595,-0.00015975467683226885,0.022123367431336416,-0.03907072255567923,-0.00430056321804112,0.00014533164420815758,0.0,0.0,-0.0015574977757648045,-0.0003544084657013946,-0.0006577991274616113,-0.000997537308414842,-0.0040538353994392096,-0.0005578916506986387,-0.021338747478879705,-0.0027860625562228236,0.0,0.0009235070089659292,3.723809450822957e-05,-0.0015782871764788986,-0.0012429005119588,0.0,-0.0013977137959430008,-0.004103292232960187,-0.0032746026770626435,-0.0006243486543052179,-0.041322555110253234,-0.005333034066344333,-0.011219701680301564,-0.0005480510795446425,-0.03747190310391091,-0.0006833612262648336,0.0,-0.008234607091124113
-0.026331570925292258,0.015675173377789398,0.007934515823363242,0.0,-0.005525033969300042,-0.008305026874651567,0.003009989254709189,-0.04236754888775823,0.0062794237950874465,0.011082611582275026,0.005953418544863809,0.015416227613676892,0.0012927522351586784,-0.00011886721998205507,-0.019018224872114686,-0.002478696647959411,0.029421659582067994,0.015278923456326032,0.010299303923974268,-0.005743041980810326,-0.03480387737995294,-0.002014873493153324,-0.00018743343752664066,-0.0030833036505464317,0.0,0.008751512185022514,-0.005284002026943235,-0.0031072371818331446,-0.01830825930380764,-0.016077995849677673,-0.00487929992955588,-0.030684341127294013,-0.01103264791967229,-0.011569446421850205,-0.02301183636701537,-0.01768646756691883,0.0013221298415204696,0.007590463470551034,-0.017595872120835965,-0.00614787820391588,-0.015265945425271432,-0.011514196845406666,-0.0006794503627852722,0.0,-0.0169410133776709,-0.018288107703654244,-0.007357106297627203,0.0,0.0,0.0,-0.01254627188145585,0.0013642880651104083,-0.0247571509677183,-9.512743050321681e-05,-0.011283947135120542,0.0,-0.017056711374167477,-0.010959049030921708,0.0,-0.00853987627524394,-0.013485514274547472,-0.009038922428208696,-0.008097801532221172,0.0,-0.022359099022526585,-0.03341189405370576,-0.011308696224969272,-0.010317353937997653,-0.017282691294929542,-0.007499839302627154,-0.012333093852404609,-0.022115312308264468,-0.012513484492903404,-0.011743413368022482,0.0,-0.014488253438540155
0.01035783555729769,-0.016105221345475373,-0.0017081834310677668,0.0022508253614643703,-0.003045180254985902,0.0022637802276592733,-0.0008001103804176068,-0.034671460942328314,-0.002541368167605973,0.008776945106487744,0.009468309822973864,0.030869574694305735,0.009367031577986407,-0.046138079844573576,-0.01199671481254172,-0.00409958322773285,0.013543478569033374,0.0005536292646154961,0.011129885928360228,-0.00845109898119073,0.0008376330717672631,-0.0035105920417128345,-0.02955174830297319,0.01854966315171558,0.008751512185022514,0.0,-0.03744087460364398,-0.00015421657590802829,-0.00885796274955003,-0.017728415925631624,0.002736079282872339,-0.017900723937712748,-0.003455283167061174,0.005286178663862329,-0.0013540307840516075,0.04386701232563456,-0.0006617276286158824,0.04044073637546064,-0.015541914174025173,-0.002140444574353584,-0.007285018429158185,0.0043011580313210285,-0.004078148330187936,0.0,0.0004505492484506157,-0.015136518127588927,-0.016002936272434487,0.005606607241260164,0.0,0.0004362567671174489,-0.006015930392438473,0.0010471328292284698,0.03393662166779837,-3.231895325056522e-05,-0.012744655458457987,-0.00023054124162064094,-0.016970300241115677,-0.0026224779367231554,0.0,0.0023046542864367803,-0.01436704264785299,-0.006187188303297619,-0.003820514946728526,-5.551115123125783e-17,0.00767137555859676,-0.013457891026451452,-0.016632448054854754,-0.01728515795203328,-0.017813623052457983,-0.0020987266349653533,-0.010824698438108016,-0.012797773169834659,-0.0040184236952997,-0.004606589634385705,-0.00013316074755698182,-0.008883889289561908
