0.0,0.04484388910703213,0.0027299455061747246,0.0,-0.0003156124133742444,0.008765903442802314,0.009899374338667666,0.086604811289416,0.004914485186588102,0.046026399640382465,-0.0003558405487940619,0.04619025705813112,0.05363640249822693,0.05433380638013463,0.041619486172734255,0.05661324013888824,0.0815559417054641,0.06872313278109027,0.0,0.052183761796554595,0.08652618303976967,0.041580658198075215,0.08744402333154433,0.04774967018357623,0.05473589965093706,0.046603738410892714,0.06622690064601677,0.07095851138405068,0.09407818857362393,0.0839671285544134,0.027354259125724034,0.03750172788269063,0.03852256794714948,0.041578168613937816,0.03586967288698745,-0.0004758793490723945,0.0,0.059125761388659825,0.0647336108370824,0.07575781809576199,0.06388010192386046,0.09776197303422057,0.0,0.0,-0.00015196936041933506,0.05867529900372176,0.062980696537419,0.0,0.0,0.0,0.044617459518138114,0.0,-0.0011209200029597688,0.0,0.0028793561541619606,0.0,0.01218443343523612,0.0007544448110433088,0.0,0.014273293010133414,0.07274285450193779,0.006320503793470766,0.08777373446656478,0.0,0.004731791936880725,0.046802280035241506,0.04900308685753141,0.08332688078384481,0.04218429433532506,0.08323030030796813,0.07032627081470866,0.06940198870949543,-9.226605868761784e-05,0.006219161022576025,0.0,0.06073647676839422
0.04484388910703213,0.0,0.0624827142802451,0.0,0.06596843943180408,0.05950442248523141,0.08398011298428865,0.11328979003981626,0.060094941266420565,0.0021499069658781345,0.00015269392182193364,0.0018926429422488344,0.08332507943062095,0.0,0.06024287703535647,0.0429496674189665,0.05818246971795521,0.04807697864332311,8.25446396865992e-05,0.0619710125035795,0.05185840461329261,0.049880122763557744,0.0670596109794922,0.032222892244005374,0.035407320329114145,0.041457664532047966,0.06335504268644132,0.08526278268190574,0.07839016517618486,0.07061471268171471,0.025531254589880426,0.027640173492427644,0.016954761890636383,0.033260880880085886,0.03256399786174036,-0.005089923941945962,-6.137029051800358e-05,-0.0008680082118951438,0.024574917079998093,0.029872843838380847,0.03595550160585276,0.01678743094687546,-0.004800743854083689,0.0,1.3101756866085168e-05,0.046216274285337644,0.039089378318663104,0.025538314193737643,0.0,-5.551115123125783e-17,0.03387343767218126,0.03183741772182208,0.007434684745178444,0.038737710071481746,0.003072137356119109,0.0,0.001955789349648074,0.034602523401254914,0.0,0.04798080683596845,0.04178285318459324,0.048272715436478375,0.05323261662390888,0.0,0.04498802509575872,0.0468440710988951,0.020079373872696038,0.07144811055845995,0.056479777618350435,0.05600433716136466,0.04878791809900357,0.06089784295483369,0.004012573659076812,0.046411878091326575,0.00043675772836837545,0.025679690667304078
0.0027299455061747246,0.0624827142802451,0.0,0.02569821199596689,0.02835053654928643,0.02848632339296603,0.06717381342632905,0.060566975318536276,0.04637211228960725,0.05717044250330933,0.006346719397319789,0.02506152742080986,0.07468115099360007,0.05863867736960571,-0.0013977068823385341,0.05195049554187592,0.0378965652494771,0.021892193045740027,0.015723874539724514,0.06683405576393409,0.0018609600742912624,0.06959019958539808,0.05107812921450211,-0.009226357903324989,0.018071250501189573,0.03075236207358295,0.007060096324356835,0.07159927062237476,0.05014008693811678,0.06406068246137014,0.050469257268660195,0.06275944699415942,0.04919371235801406,0.056735437354863694,0.05588068672374524,0.044500690489717554,0.039307798371690406,0.03270546424799686,0.05505834853905456,-0.00016796489662318503,-0.029364741013609086,0.05150343299381144,0.05941804240866899,1.3946733756764473e-06,0.00021076286432547553,0.0,0.0002902298403660297,0.1253066809284819,-5.683273353440654e-05,0.07118026195751714,0.046700018547039535,0.06429125434556515,0.061094388415283585,0.08812520017159275,0.002266248134218274,0.09365211146367142,-0.0008968806119805106,0.05500457639912992,0.07681590182645992,0.00240458992326098,9.966073469758197e-05,0.0,0.0,0.19214300340759416,0.022142834895953478,0.0012155630298024689,-0.0047560108393469025,0.057583574862479,0.0,0.0,0.03479077493827604,0.052829950404672754,0.05593719703104849,0.04423619686064939,0.0006360325815072398,0.046011410846666045
0.0,0.0,0.02569821199596689,0.0,0.032363397000420346,0.06891773514587785,0.05707450995161367,0.021904101992708536,0.03560222641834487,0.01529934176417902,0.02012732815808782,0.004160588311053315,0.07012966276261251,-0.02789769740385506,0.00030413364936265896,0.0,7.423310894538737e-05,0.0,0.014224831453829134,0.001719425495086968,0.00027008666792127656,0.003274574924537421,0.04015522556364298,-0.004165018669756659,0.0,0.0014669356291212576,0.05301779356517472,0.02197877374542223,5.947064358763354e-05,4.0299065973414816e-05,0.0021110877111879534,0.04949829996969857,-0.005037585344044138,0.1248063310944596,0.0930767510075306,-0.03900598799315849,-0.015737131881355365,-2.3684343252783346e-05,-0.000442341817074976,0.0,-0.0001568171036435695,0.0,0.0004350971515882929,0.0,0.0,0.0,0.0,1.1234099716317392e-05,0.0,0.0,-0.0005667311100508443,0.0,0.0,-2.6300473984885997e-05,0.0,-2.6925046321402135e-05,0.0,1.979900515070021e-05,0.0,0.0,0.0,0.0,0.0,0.0,0.0,0.0,0.0,0.0013449171093206091,0.0,0.0,0.0,0.00041485261635104687,-2.5779063906661293e-05,0.0008934380843782508,0.0,0.0
-0.0003156124133742444,0.06596843943180408,0.02835053654928643,0.032363397000420346,0.0,0.03742701527719455,0.0588379870240785,0.07245286673448131,0.01872815199742961,0.05943281707114667,0.04121726265560238,0.05566554654464129,0.07603692392817535,0.03505622833272648,0.0005969429905057222,0.049343102983726905,0.04461118183529039,0.044049418166241916,0.032333409733970364,0.07054806527180696,0.0031120758427123363,0.07294013785305759,0.060148813880083196,0.03491686136869265,0.07321019403169327,0.04809496944023095,0.03367129513924216,0.06980891270303358,0.04375606757444189,0.06599254055671866,0.054250872848392584,0.0642201736365714,0.04179341033987399,0.06929782145094848,0.05128538520311948,0.01883023328130784,0.05714700117428567,0.05091149852705479,0.054917316703750885,-0.0011616536146790146,0.06077369348095418,0.07801626820362373,0.09998041682031589,-2.765279198457815e-05,-0.0006476732606458535,0.0,-9.425542716745561e-05,0.07949289836243256,0.0,0.0786383541954846,0.058488184160575996,0.07468062128782482,0.05079552879601251,0.08296521383883504,0.0015888111998004772,0.12399459814996505,-0.001981738934915933,0.06880151199875173,0.10632289634703052,-0.00021038178033466748,9.674813638321789e-05,0.0,0.0,0.07800076701110625,0.04096981273756328,0.0,-0.0027396813623822847,0.068249568440507,0.0,0.0001397320389610046,0.001105834872537348,0.055236397716038055,0.05123228063768981,0.05450321949929671,0.0013424101039625214,0.04594572964619692
0.008765903442802314,0.05950442248523141,0.02848632339296603,0.06891773514587785,0.03742701527719455,0.0,0.055151870370334366,0.0510470302450296,0.023086112188798136,0.06062415887251449,0.04826754897103891,0.03617698916689227,0.036971107906933476,0.004611485258308623,0.0649573138931443,0.04716838819702873,0.035850240391521904,0.02579365582891119,0.04785736216870823,0.06851768962440591,0.08539468857677623,0.06190559339831658,0.032586184453117895,0.012932366082878732,0.02245304056119557,0.01048199706175551,0.03195203408484226,0.054756801329720384,0.03560328140270397,0.06272135240171622,0.0350420198257933,0.045952241845438335,0.05226165083777584,0.036616284447796243,0.03533813923043999,0.06006930505592112,0.03190607920963906,0.03246533358867676,0.046038958066693614,-0.0016688743970763587,-0.0008529088925177675,0.04146488319306374,0.04909047050248555,0.003647685255881772,-0.021492462185926153,0.010987580588169454,0.040149898422736585,0.03977446142770924,0.0,0.04540785553344995,0.05013441217681647,0.05510021246330454,0.039701570002904085,0.04852480088265754,0.004713823401806816,0.04765986185505644,-0.00216360688317363,0.05731130315473687,-0.002729467815196285,0.04882338117733931,0.0408933620492109,5.551115123125783e-17,0.024837776770311182,0.04866221672439486,0.054250944090981856,0.007336813620140659,0.03127715140183068,0.04490822856595911,0.0,0.034992543128123,0.04777772760202781,0.045132632264836436,0.043483279880641046,0.04839013027428413,0.054454555221073675,0.04805425784737827
0.009899374338667666,0.08398011298428865,0.06717381342632905,0.05707450995161367,0.0588379870240785,0.055151870370334366,0.0,0.0630265192525058,0.040259649243431006,0.044768035793613936,0.06521016015904296,0.04633767620436813,0.05016027827920877,0.012789172047980801,0.008333111470322896,0.07765248934940583,0.04490954717982276,0.06488701841208844,0.06702860693810758,0.06561979644089644,0.011943115777063695,0.07644568472412672,0.07150103538057051,0.049632207778627535,0.054218127566650565,0.05805532390677676,0.06828621907165833,0.03663329464250964,0.057437879591674124,0.06978432539819251,0.0555789917350224,0.045355906152021896,0.03169092395812284,0.04810968729534354,0.01634906795417551,0.027878925398444887,0.06893529321023789,0.02827493075055676,0.032064526208633704,0.000840897963932663,0.06445173423075212,0.07738792281533102,0.0636978174298195,0.01255706964450426,-0.0009070302009835385,-0.00012604037986552186,0.04553956331824294,0.05758711227303104,0.0,0.057819474035043394,0.054314371785486704,0.06111716612075124,0.046284798081629996,0.06654736430642916,0.00031570868843511235,0.09187294546276964,0.013905722862915693,0.060774207112215595,0.001064698879813919,0.0037039251049829636,0.0017891325600612462,1.1102230246251565e-16,-9.723882476048162e-05,0.06434496900875908,0.04502505888950198,0.002057026953993346,0.02702573577057038,0.05572322801101004,-0.0021507249369525083,0.0021380679763207677,0.07158357893671774,0.05103489391618332,0.053584117995387426,0.0511977052295961,0.005320771044835526,0.0503216308181893
0.086604811289416,0.11328979003981626,0.060566975318536276,0.021904101992708536,0.07245286673448131,0.0510470302450296,0.0630265192525058,0.0,0.07599104367914877,0.07319703306513137,0.0877680371433277,0.07766308006157285,0.079167544259795,0.0841424056125607,0.048266730342878816,0.009170609545694097,0.00517678084299078,0.08120941340443039,0.07017876652318378,0.009637534014798665,0.08408595592091667,0.09108911319185525,0.062045211570989356,0.07623531812248063,0.08320511176602541,0.08208541151132187,0.05829389786806716,0.07670281731613099,0.06579226081522199,0.08095155921127078,0.06252056686564256,0.08032062987200655,0.0022838608891124768,0.05937331786142669,0.05083352322984991,0.06534269830301659,0.00999258807362996,0.029908423517894245,0.04740655850101683,0.0011063956752564996,0.01951170858323603,0.002072538594186657,0.04018654096805108,2.5686983348705006e-06,-0.00015659643198900897,0.00223630966179561,0.002869231159284835,0.026647470399831286,0.0,0.018873075221297997,0.028679015253281093,0.03972828146980889,0.005075618250813763,0.04688750148398768,-0.00017897985195625132,0.053280863721979765,-1.1102230246251565e-16,0.03803696694802455,0.06494791306919978,0.055327509656763973,0.0061002857092689045,0.0,-1.1404401044690093e-05,0.02562360190035562,0.07428348412160474,0.07759414797439207,0.007983059645451651,0.04238832147066374,0.00037288311556943343,0.0023669401219105213,0.011465285181512186,0.038022998976873945,0.04621219291893647,0.05632018814819195,0.003639337846660873,0.03632388699238076
0.004914485186588102,0.060094941266420565,0.04637211228960725,0.03560222641834487,0.01872815199742961,0.023086112188798136,0.040259649243431006,0.07599104367914877,0.0,0.06400329348184552,0.03653405097631873,0.05747571785314648,0.048174699320061076,0.062004215972139676,0.00037370608970838104,0.05863495959001197,0.053702891373024364,0.036430779813399095,0.01791845205453413,0.06708797155075225,0.006634162837213464,0.06880848914422671,0.05433472819808666,0.050419913623965584,0.015504558422625492,0.0354295841195057,0.02753992617457013,0.07233937593408224,0.04967833805509575,0.06685772696994796,0.051428421616041775,0.0681945507023286,0.04731353837135355,0.06016458863239732,0.059147415982912066,0.0518847156649031,0.05905120780531464,0.027841332569032817,0.05734875262421235,-0.0030513336487161813,0.052185089833828635,0.05153808370249657,0.06603936389169879,-0.0010507030489470548,-0.0005099743595256001,0.0,0.037398183219605474,0.031765282880112045,0.0010032439356515432,0.05246775687502514,0.04161657439121402,0.05838033892860606,0.060145894730681215,0.056706975684782,0.002498795613031013,0.09021746527922547,-0.002534763192114209,0.047242934680906346,0.06565423498334055,0.002596640403698114,0.0008701514012279254,5.551115123125783e-17,0.0,0.0490593093125925,0.06403991903426831,0.0012191687452604016,0.0015179306769919076,0.04947859207857341,0.0006234868470324506,0.013881537098955343,0.045914710224364774,0.04275355406198211,0.05148105253122881,0.0415486399718864,0.0022755003403615026,0.043662629410753606
0.046026399640382465,0.0021499069658781345,0.05717044250330933,0.01529934176417902,0.05943281707114667,0.06062415887251449,0.044768035793613936,0.07319703306513137,0.06400329348184552,0.0,0.06165355862285504,0.02508738004141453,0.04311977639294745,0.024122919408212762,-0.03745946474089962,0.03837896365584875,0.032377491984011575,0.038379281934207254,0.06270227768820902,0.016212561494251654,0.07888494462590878,0.0014848261153783127,0.06216859863638835,0.010070983356925467,0.04720401792552842,0.029549137285355243,0.031940811739637365,0.023726238099494812,0.04027154061859506,0.054776036803488914,0.009817151696354665,-0.0179471186447851,0.013058979618850941,0.026111231684552427,0.03845122675763396,0.05069774357062656,0.004707110659974589,0.01200125081028236,-0.0485922244586624,0.022521220938751196,-0.028846539709561525,0.13921430926436806,-0.03755311393776972,-0.0010230931737766902,0.04520211201370483,0.06218067025419699,0.00022009782825815893,0.0011569620441068684,-1.1102230246251565e-16,1.6653345369377348e-16,0.0033381302282681213,0.002604859903629908,0.0009634943625119741,-0.0017969718685817426,0.057180639678866996,0.0010515272695302835,0.056092556929237036,0.0007567189382838291,0.0,-0.00012113956634712819,0.10071355436880391,0.07660512070629472,0.08050579794547419,-0.0005008245758309493,1.3936817033211035e-05,0.05209916202536602,0.0028874603708325397,0.04618759400986483,0.07316398351797682,0.08264356128801215,0.07876433857537396,0.005258578198515829,0.11834593706510477,0.060215800623258375,-1.1102230246251565e-16,0.05114961709172927
-0.0003558405487940619,0.00015269392182193364,0.006346719397319789,0.02012732815808782,0.04121726265560238,0.04826754897103891,0.06521016015904296,0.0877680371433277,0.03653405097631873,0.06165355862285504,0.0,0.05128793801610182,0.06808885727184538,0.07494441956469694,0.0,3.0518231305398658e-06,0.037588595774530775,0.04422270266617584,-0.009832017489671274,-1.4025778633741659e-05,0.005359968160452366,-0.00036838236839270566,0.07477875799605677,0.06152329513913568,0.04911954279341274,0.04936713233584206,-0.004116454644767176,0.060173615496107,0.0014093911435151263,0.07027932586665175,0.05179390518403293,0.05226678668977569,0.05851237781774782,0.06110038120156269,0.05566699918163692,0.049338026503747745,0.051967108236117665,0.048317740908899454,0.041668937548659024,0.00033606284534209996,0.0457664383198253,0.001182897326802268,0.06217137987650839,0.0006145683305150973,-8.47063014870475e-05,0.0,5.551115123125783e-17,-0.019287282991445276,2.4615439691177965e-05,0.09843778515446228,0.05613129459055766,0.08269473401926986,0.07897906598527887,0.09438420953437571,0.0015949391349612263,0.09608095391096422,0.001883029401106573,0.07847869496386561,0.08063683410543643,0.0007796393280200542,0.0,0.0,0.0,0.21691792257655662,-0.001008774356844211,0.0,-0.0013388931003956994,0.061052888773206915,0.0,0.0,9.833240280737732e-05,0.04282728329631669,0.06099871733202966,0.04299592467464336,0.0006539735591557516,0.0595199300728283
0.04619025705813112,0.0018926429422488344,0.02506152742080986,0.004160588311053315,0.05566554654464129,0.03617698916689227,0.04633767620436813,0.07766308006157285,0.05747571785314648,0.02508738004141453,0.05128793801610182,0.0,0.04970747622331312,0.0037881191376406,-0.00046020525525303224,0.0056738895455568095,0.04230357871506507,0.0424133862868325,0.044314264788140934,0.0017952005931416992,0.07232508264751747,0.0021122430736200126,0.02610103862131513,0.01628180946226271,0.05472915298512826,0.01896146895525952,0.015340210450112357,0.046040655168745226,0.025357875087761106,-0.01338732489308958,0.03765455998135264,0.01782025222771272,0.06782490242513212,0.025148747333915533,0.027947468859065128,-0.029396738226781738,0.0060265594271526335,0.012294347694355945,-0.017107392133518085,0.052156752210781976,-0.001972305574280464,-0.07269324691341805,0.006443716446942138,0.0009562740668576653,0.062097131643708614,0.10230495487621644,0.0011261915260931121,0.0006912019481295495,0.0,-0.00042998268428251496,-0.0028523129875790976,0.012692253185381808,0.0,-0.018020043685189724,0.06458907720269569,0.0006975028966669239,0.06627098881742582,0.06724574693366392,0.0,0.000494617238462558,0.005741813436529852,0.07308354843609466,0.08738495200567664,0.0,-0.0005790150431452257,0.00030006469987092776,0.0032232101868684415,0.0329675193221326,0.06269279730360577,0.09464226319352625,0.08259803225531653,-0.0238600631460274,0.02123320324749567,0.0022275124952277348,0.0,0.05231681314100606
0.05363640249822693,0.08332507943062095,0.07468115099360007,0.07012966276261251,0.07603692392817535,0.036971107906933476,0.05016027827920877,0.079167544259795,0.048174699320061076,0.04311977639294745,0.06808885727184538,0.04970747622331312,0.0,0.0024627259797274093,0.09430658392401453,0.08160585322851749,0.0522890517680748,0.06962447033557595,0.07625308999762925,0.0691413351323778,0.09299675015044406,0.07674956906091046,0.08402670678209923,0.04968102352695203,0.061454100986671034,0.05765105625245642,0.05945873191953904,0.04200342408693902,0.062273265421740664,0.07111001102240105,0.05624857924263715,0.05579326243744698,0.050973972185673566,0.05833086638032281,0.0621593615031133,0.03635296230087348,0.048321920668354446,0.04256832056149212,0.059734836771375976,0.004582547907239942,0.031481351851276096,0.062064447696006164,0.06308742899628444,0.004662072152028851,-0.0005640096826975971,-0.0005373315981316296,0.05267519112850583,0.052029625173957705,0.0,0.05696796878451471,0.06090707837833309,0.06380186791863351,0.062330321813462264,0.06212070570346273,0.0016479559071847505,0.08682126701652587,-0.060168363860757024,0.0654041290153633,0.000863892697502644,0.0952330260422613,0.0059429251588205,0.0018758709052275058,0.0030688131879674785,0.06221449409483826,0.0650439700702849,0.013647353348278823,0.0495570360634206,0.05964928673587011,-0.001309669159382909,0.07113472189900477,0.07836481074896773,0.06046295698856774,0.060712838258106805,0.0631392568334106,0.06256281144591169,0.060723779246051546
0.05433380638013463,0.0,0.05863867736960571,-0.02789769740385506,0.03505622833272648,0.004611485258308623,0.012789172047980801,0.0841424056125607,0.062004215972139676,0.024122919408212762,0.07494441956469694,0.0037881191376406,0.0024627259797274093,0.0,-6.789406198171033e-05,0.0,0.0,0.0,0.05679449929420466,0.0013769600545473493,0.0031430565670831356,0.002789406631003577,0.07786379115893338,0.06979237667215277,-2.402958461106275e-05,0.06435397822568223,0.050546795256128374,0.011311973102227313,0.004935877008162559,-0.0004772148028348022,0.0038766922427724837,0.002418722648709404,-0.000756978459841906,0.01611808577387719,5.927807323857781e-05,-0.00870142954986125,0.0002874925265190509,0.0020584998615226224,-0.0013977138076228801,0.0,-0.0019902811382251917,0.0,-0.0008277318701798708,0.0,0.0,0.0,0.0,-0.009259634738151723,0.0,0.00021646839268213425,0.008601233584679124,0.0013910752783679037,-0.002702914949359647,0.0012147519030022425,0.0,0.007999975539484394,-0.000455381891649731,-0.0022873424064309145,-0.0004135312537904001,-5.551115123125783e-17,0.0,0.0,0.0,0.0010225466803805983,0.00027620472126987927,0.0,0.0,0.0291728527624463,8.955929722553879e-05,0.0,0.0,-0.0011856005882731058,0.0021046384185973155,0.0017363903109563483,0.0,-5.551115123125783e-17
0.041619486172734255,0.06024287703535647,-0.0013977068823385341,0.00030413364936265896,0.0005969429905057222,0.0649573138931443,0.008333111470322896,0.048266730342878816,0.00037370608970838104,-0.03745946474089962,0.0,-0.00046020525525303224,0.09430658392401453,-6.789406198171033e-05,0.0,0.05606557222185349,0.039286794382655754,0.05902845032472909,0.0,0.051148526188313725,0.03705494547426558,0.05966806363229987,0.06710657352148669,0.0432984049482521,0.04815004475970519,0.04502661738509911,0.06485964764372237,0.06428430954010556,0.03593720444409593,0.04359074192322765,0.042078494888858786,0.03788246248462962,0.0800197241317741,0.04415953604226103,0.03912249548525115,0.022502134340130153,0.003206630917985176,-0.000798249545178098,0.048422396033237614,0.059606692705134245,0.03878889184959583,0.040454083955322906,0.008717752098741649,0.00014969447223922572,-0.0022996983805725346,0.014479603577796929,0.04389607480319374,0.051471182120460424,0.0,0.0,0.051632966781972045,0.03984517741859589,0.06111957483772179,0.04880948685821368,-0.000216929529113008,0.0,-0.0005720619757913492,0.02960867663226535,0.0,0.05613791946854979,0.0465234912595241,-0.0003616295096025013,0.04487241732402497,0.0,0.05728767670734647,0.05479236011924882,0.03868145772826703,0.06144352882867027,-0.0006969489556240549,0.05222502187135741,0.05086437985290848,0.05930391474916202,0.042373372665751974,0.05908446175166249,0.057634546103196405,0.036455857883413156
0.05661324013888824,0.0429496674189665,0.05195049554187592,0.0,0.049343102983726905,0.04716838819702873,0.07765248934940583,0.009170609545694097,0.05863495959001197,0.03837896365584875,3.0518231305398658e-06,0.0056738895455568095,0.08160585322851749,0.0,0.05606557222185349,0.0,0.03749088309891924,0.026352054312946405,-0.0008371010629301678,0.036843903191715766,0.054747899513954035,0.020456272545688214,0.06802120930537137,0.06205754229689836,0.06040032936223638,0.05259758098028766,0.0612463093749116,0.07720783999700187,0.06020359146302806,0.054319607343230825,0.02742504042622418,0.02723548141077825,0.05721442605516586,0.04077110543614759,0.0313670499659377,0.005688124019006313,0.0002471077171102287,-0.0025143645376408674,0.044819724849432196,0.06579134870895598,0.06257607767924522,0.08476569308035231,0.0016412184737853996,0.0,0.0,0.0600234997505657,0.04522782163996558,0.0,0.0,0.0,0.041426541081714785,0.03375125946689467,0.003441147615375284,0.0,0.003193797326214498,0.0,0.00545589602162283,0.03349327156437959,0.0,0.060058188620926656,0.05933812181418857,0.007735946803293203,0.06886740266555752,0.0,0.059950632862492415,0.05475495606233871,0.04419851503359129,0.07964914789593225,0.07402319270595314,0.07199682743919228,0.06443271540181345,0.0602339871433778,0.058904247238672214,0.07693869472973269,-0.00011257359097238684,0.04743958302901491
0.0815559417054641,0.05818246971795521,0.0378965652494771,7.423310894538737e-05,0.04461118183529039,0.035850240391521904,0.04490954717982276,0.00517678084299078,0.053702891373024364,0.032377491984011575,0.037588595774530775,0.04230357871506507,0.0522890517680748,0.0,0.039286794382655754,0.03749088309891924,0.0,0.034035585564066106,0.03843207685691735,0.03608803806648825,0.011192599684635374,0.04497265556511515,0.05244291819641067,0.04845135069673817,0.028319598638701537,0.05808757151019667,0.03745199607767824,0.03683981921041152,0.03707536490769536,0.0014632953555220318,0.02294313965858452,0.037016877094722234,0.04363997503032002,0.03994629341441158,0.04911384424215609,0.036107713103146644,3.4695879659485396e-05,0.029132411971173444,0.00687144664853101,0.04132576086058021,0.07351887521557793,0.0028662352846465233,0.0,0.0,0.0050372581450379705,0.1467703896311764,0.002925840914812794,0.0,0.0,1.6653345369377348e-16,0.0005470319419378367,-3.637531424161011e-05,0.0,0.0,0.06083838573163436,6.455641829256065e-05,0.07057168744686454,0.000714452075872618,0.0,0.0,0.0071860813214544295,0.06502353093713159,0.0699160126386591,0.0,-3.250511417596247e-05,-5.551115123125783e-17,0.0024047816508994124,0.003853264814473234,0.0956898518266428,0.07486035136518088,0.07441437532130823,0.0,0.0012661277840537721,0.0002957604964192173,0.0,0.011627439614226465
0.06872313278109027,0.04807697864332311,0.021892193045740027,0.0,0.044049418166241916,0.02579365582891119,0.06488701841208844,0.08120941340443039,0.036430779813399095,0.038379281934207254,0.04422270266617584,0.0424133862868325,0.06962447033557595,0.0,0.05902845032472909,0.026352054312946405,0.034035585564066106,0.0,0.07368878569751436,0.05319189588262696,0.05721900440881278,0.047592229150629495,0.061571195028939374,0.06993670817125208,0.05930360522258604,0.05393004162437465,0.05369016023019896,0.060026906672303204,0.06713204197339767,0.06923348743180069,0.035890026841646605,0.03512971389668329,0.04998465855684042,0.04864415590584498,0.05348152884197588,0.056290590717872124,0.0,0.03427741326815226,0.06914374526510236,0.0689687957700178,0.06571545137668627,0.0812804984618204,5.551115123125783e-17,0.0,0.0011051710912942658,0.07442783622831639,0.052548256893076906,0.0,0.0,0.0,0.036947362884378165,-0.000789950201748657,-5.580934636900681e-05,0.0,0.0678239545522914,0.0,0.06832463626834484,0.002357540670599456,0.0,0.05382415182372108,0.06865416473300989,0.06692561459392887,0.0657364043110476,0.0,0.0707558768032987,0.008107042990117719,0.06032730896660626,0.08728328177623385,0.09000029390096775,0.072216219813723,0.07378014246175019,0.09232246258007054,5.602937970611288e-05,0.07264976644443044,0.0,0.05055674436978497
0.0,8.25446396865992e-05,0.015723874539724514,0.014224831453829134,0.032333409733970364,0.04785736216870823,0.06702860693810758,0.07017876652318378,0.01791845205453413,0.06270227768820902,-0.009832017489671274,0.044314264788140934,0.07625308999762925,0.05679449929420466,0.0,-0.0008371010629301678,0.03843207685691735,0.07368878569751436,0.0,-0.0014772995197261385,0.0021253167779181625,0.0022357612319952036,0.0726376352101461,0.02974061528568067,0.03887212379206201,0.014905683726017083,0.03365857922370363,0.07018028430598644,0.00032226250283556857,0.07670851495930692,0.05333052144378547,0.06110359288139999,0.027602604429379674,0.061881940254415624,0.056565874655392034,0.03832349406344149,0.03533551711304256,0.04133813638729955,0.051512054864495616,-0.00021673941567901256,0.006581770254232011,0.0012075390490555726,0.06445003036679536,5.551115123125783e-17,-1.6653345369377348e-16,0.0,5.551115123125783e-17,0.03050966399316435,0.0,0.06233796503945066,0.054962376182493555,0.06519144731406668,0.07434426899143975,0.05569903079381444,0.0009611240946982846,-0.004020518190684774,0.00023408109960459944,0.0485662162556908,0.07775976504481952,-0.001033290368963602,0.0,0.0,0.0,0.06298014375243666,-0.0016466426129351786,0.0,-0.00024227363850448658,0.06256847879365324,0.0,0.0,0.001964950114370645,0.03911121742772805,0.05421961918438023,0.03283190022137539,0.0016221768376304402,0.04507942162136691
0.052183761796554595,0.0619710125035795,0.06683405576393409,0.001719425495086968,0.07054806527180696,0.06851768962440591,0.06561979644089644,0.009637534014798665,0.06708797155075225,0.016212561494251654,-1.4025778633741659e-05,0.0017952005931416992,0.0691413351323778,0.0013769600545473493,0.051148526188313725,0.036843903191715766,0.03608803806648825,0.05319189588262696,-0.0014772995197261385,0.0,0.05871320321755341,0.035137533668796406,0.04895833041077008,0.07526184455084295,0.05329012414070866,0.04239955162729975,0.06331487032546712,0.05458396650279951,0.04668254330049704,0.02880439621970793,0.034527961570864296,0.018971122331004397,0.050787753994553264,0.037823227589042385,0.028951496515711717,0.006221260542958018,0.002177982677185164,0.0002637784716085223,0.05733974724455165,0.03331676021534563,0.048226565236864416,0.04838673109724401,0.0023814329504903697,0.00022092041702703735,-0.0001419031418181116,0.004707059543010761,0.0407945220298061,0.05916738947351691,0.0,0.0004928281540617641,0.05364244924220507,0.049657563641363756,0.08329916636484058,0.049176122923749455,0.0006342768372095686,0.11251926022937464,-0.00032389784652048226,0.051319226238115134,0.0,0.06086849995801852,0.05292442372758255,0.00021603753491455935,0.047031899740082816,-0.00016491427464754294,0.05344021113285624,0.05562713982220013,0.041578361514837014,0.06970147250873837,-0.0022818422801019755,0.05627112225705455,0.056373676868851474,0.06579928993246759,0.05328226850267015,0.05438550669137582,0.04734273525416488,0.04930412516090871
0.08652618303976967,0.05185840461329261,0.0018609600742912624,0.00027008666792127656,0.0031120758427123363,0.08539468857677623,0.011943115777063695,0.08408595592091667,0.006634162837213464,0.07888494462590878,0.005359968160452366,0.07232508264751747,0.09299675015044406,0.0031430565670831356,0.03705494547426558,0.054747899513954035,0.011192599684635374,0.05721900440881278,0.0021253167779181625,0.05871320321755341,0.0,0.04514053435115878,0.06139860346949255,0.07415210694348434,0.06461223544359734,0.05361308101184553,0.07696264600385,0.06910388143286023,0.07024113600784643,0.06920012357156818,0.05423170438766989,0.0490284639693675,0.07521355744470903,0.0428943818640537,0.03524331404022196,-0.0011234194425869815,-0.0004998549641676009,0.06829747307673378,0.04113577804708074,0.00322598918538064,0.032455004936094434,0.044148271447138954,0.00043631415561540265,0.0,-0.0003570805555946355,0.02315051229991466,0.06295095895232228,0.001297712002419349,0.0,-4.399071613686578e-05,0.048294945971992354,0.005924683837258249,0.09387046146919203,0.0010244786971845832,-0.001186337226473655,0.0,0.0002640688859661955,0.06619341293143194,0.0,0.05528219285668717,0.056068762029489905,0.0,0.0036403521025591967,0.0,0.07058455562356064,0.05627165070389972,0.047040171308747214,0.06895652551683068,-0.0013102127199859925,0.06891507238269962,0.052395101902771524,0.07634171817491042,0.049788365406150115,0.06390192277436635,0.006922177702470611,0.046563480720086814
0.041580658198075215,0.049880122763557744,0.06959019958539808,0.003274574924537421,0.07294013785305759,0.06190559339831658,0.07644568472412672,0.09108911319185525,0.06880848914422671,0.0014848261153783127,-0.00036838236839270566,0.0021122430736200126,0.07674956906091046,0.002789406631003577,0.05966806363229987,0.020456272545688214,0.04497265556511515,0.047592229150629495,0.0022357612319952036,0.035137533668796406,0.04514053435115878,0.0,0.07354502390478579,0.018992358735438974,0.05093732578984328,0.04103026011286781,0.05660509231111921,0.06471614054786279,0.046593822021225195,0.0264640341280854,0.02903388501059373,0.04013956525208856,0.0718229494133743,0.04632274820196586,0.03825299339767074,0.03370021996707229,0.03543107728610578,-0.0013498827604327412,0.04342997824409478,0.04454192154901704,0.03273168564654322,0.03779989012973789,-0.003077281600256998,0.0,0.0016022315080536642,0.05231046012632057,0.024659265627126004,0.04695813242987651,0.0,-3.39603579434522e-05,0.038147009634282636,0.035240370837944346,0.014377759138190782,0.03925983956005441,0.0033989707228213595,0.0,0.001451379434238953,0.021563777554238328,0.0,0.050209239029590846,0.0304640051051544,-0.010694879270821078,0.05242231411789339,-1.1102230246251565e-16,0.04711027786056504,0.05695160498880153,0.02671168031300597,0.06517859564117179,0.0013942705862895477,0.04300960202478765,0.04164069450366481,0.05233557137295447,0.04945239324495987,0.05091152953227229,0.005512916100095244,0.025805057433834877
0.08744402333154433,0.0670596109794922,0.05107812921450211,0.04015522556364298,0.060148813880083196,0.032586184453117895,0.07150103538057051,0.062045211570989356,0.05433472819808666,0.06216859863638835,0.07477875799605677,0.02610103862131513,0.08402670678209923,0.07786379115893338,0.06710657352148669,0.06802120930537137,0.05244291819641067,0.061571195028939374,0.0726376352101461,0.04895833041077008,0.06139860346949255,0.07354502390478579,0.0,0.08519549453689285,0.04433512127339634,0.06060258878408009,0.011314027662759407,0.07486481252545069,0.07002699938884532,0.07625598308069986,0.060282527846744705,0.06344861227927895,0.06108960391839097,0.05944690824783988,0.05576144145192019,0.06311977548516168,0.05060191410589637,0.037075339831177556,0.0413652136410404,0.07041790912606821,0.045745875212169884,0.044057119662964106,0.044655720609623195,-0.0021816610628044852,-0.016313691496686544,0.07196726088297184,0.06265300249530947,0.06280294813638077,-1.369653047395003e-05,0.04256859343022912,0.04569890933069165,0.04967603503944418,0.03307091054565947,0.04622350642619033,-0.0009913260437676152,0.07413677853008693,-0.02299389106091987,0.0482909700033356,0.04665739297071547,0.06117503590162482,0.058474130520255185,0.0002543364374255619,0.055892297580546146,0.0747621138364738,0.06852289399298583,0.05918397205104475,0.048619352853492614,0.048933000742770516,0.0008465798025174553,0.06289704739367336,0.06962790426851068,0.04896771779151765,0.04886906353237919,0.05899000040469954,0.0558755069529252,0.05265198125615933
0.04774967018357623,0.032222892244005374,-0.009226357903324989,-0.004165018669756659,0.03491686136869265,0.012932366082878732,0.049632207778627535,0.07623531812248063,0.050419913623965584,0.010070983356925467,0.06152329513913568,0.01628180946226271,0.04968102352695203,0.06979237667215277,0.0432984049482521,0.06205754229689836,0.04845135069673817,0.06993670817125208,0.02974061528568067,0.07526184455084295,0.07415210694348434,0.018992358735438974,0.08519549453689285,0.0,0.0658083879442472,0.021270375193789604,0.051948238686670145,0.03384213496788546,0.10477605394121625,0.0032581815134322123,0.037077123917674426,0.012576737423436735,0.03449986256138721,0.030901572436840552,0.03676699774604708,-0.056045351566159696,0.0009345106420541316,0.029757734507542877,-0.0030987294784510233,0.03810257581334581,-0.02296839175475862,-0.03589245198686847,-0.008294102655068913,-0.00014715841493179171,0.0034919584762043154,0.03820472358936189,0.011515949646034529,2.9379496228720825e-05,0.0,0.0,-0.0015456361894610193,0.0011477362415711623,0.0004298992407172908,-0.0061519457872801775,0.06577297285324663,-0.0008545434144517916,0.04648417052980991,0.0038067176069663256,0.0,-0.001551929331674251,0.06821971913562547,0.07332310549321042,0.07708633367943751,0.0,0.0013115250368096465,0.09490767877416645,0.00015085798847919163,0.0276194014183212,0.017065811056557523,0.0780759244726093,0.0631279688351562,0.003477285447487044,0.1072556232904251,0.0017573179154430907,0.0,0.05627124518842058
0.05473589965093706,0.035407320329114145,0.018071250501189573,0.0,0.07321019403169327,0.02245304056119557,0.054218127566650565,0.08320511176602541,0.015504558422625492,0.04720401792552842,0.04911954279341274,0.05472915298512826,0.061454100986671034,-2.402958461106275e-05,0.04815004475970519,0.06040032936223638,0.028319598638701537,0.05930360522258604,0.03887212379206201,0.05329012414070866,0.06461223544359734,0.05093732578984328,0.04433512127339634,0.0658083879442472,0.0,0.04879116490560176,0.03571544995182324,0.06022680576981354,0.0560677651579769,-0.04961159740123766,0.03462277773790379,0.02390170952400733,0.03823895898017693,0.03871443581759021,0.038088301251762324,-0.005730699267439465,-0.00023805212284494504,0.02791682782689503,0.056483104563278375,0.061493183286656816,0.05989377156932746,0.061981861051030096,-0.00043854592220243793,0.0,0.02483261227736666,0.0679075494373082,0.0491924367805443,0.0,0.0,0.0,0.040191997221924014,0.04294775353875674,0.004371844850527218,0.00018360710791681667,0.07280003229585896,0.0,0.0721243211754215,0.03458803273130834,0.0,0.04243574476358192,0.05410830081264845,0.07544125534295892,0.06376193737100105,0.0,0.051164234322355506,0.06854787045958538,0.048390307180352254,0.06571291466095652,0.09136768570056092,0.06737357841657321,0.06914559920513541,0.07040962980314047,0.04359918437062121,0.054680510006349436,0.0,0.05097563260623633
0.046603738410892714,0.041457664532047966,0.03075236207358295,0.0014669356291212576,0.04809496944023095,0.01048199706175551,0.05805532390677676,0.08208541151132187,0.0354295841195057,0.029549137285355243,0.04936713233584206,0.01896146895525952,0.05765105625245642,0.06435397822568223,0.04502661738509911,0.05259758098028766,0.05808757151019667,0.05393004162437465,0.014905683726017083,0.04239955162729975,0.05361308101184553,0.04103026011286781,0.06060258878408009,0.021270375193789604,0.04879116490560176,0.0,0.042295860783382544,0.04521680953258339,0.047771423573778504,-0.023189633170067503,0.03453898267875061,0.034783134454852316,0.04922760581935065,0.04206126798618559,0.034690854056036724,-0.0004149702497044938,-0.0005752842399892599,0.022352345692782383,0.0516283088258489,0.05666213209941401,0.051039108974920255,0.052176071577392125,-0.0066417047264136775,0.0,0.04221330765822662,0.06251708372699538,0.05679161494407714,0.020878285709849953,0.0,0.00034310484706628896,0.0492842180325927,0.05017456989797514,0.011092350905861692,0.049764485962834004,0.06634857161077273,0.000165471391864902,0.056336405645561916,0.04534629277753455,0.0,0.03694238123958293,0.060227607434333585,0.07182299912121509,0.06730960513850909,-5.551115123125783e-17,0.04090943989931872,0.048621337599362935,0.03731689435402036,0.06962837744136319,0.07361311158031103,0.07081535392825211,0.06263738833277194,0.05091472130282315,0.023720091117759856,0.050761470155470334,0.00011701481707404593,0.050333042036122044
0.06622690064601677,0.06335504268644132,0.007060096324356835,0.05301779356517472,0.03367129513924216,0.03195203408484226,0.06828621907165833,0.05829389786806716,0.02753992617457013,0.031940811739637365,-0.004116454644767176,0.015340210450112357,0.05945873191953904,0.050546795256128374,0.06485964764372237,0.0612463093749116,0.03745199607767824,0.05369016023019896,0.03365857922370363,0.06331487032546712,0.07696264600385,0.05660509231111921,0.011314027662759407,0.051948238686670145,0.03571544995182324,0.042295860783382544,0.0,0.06047907714186196,0.06287687206333697,0.06350133116518414,0.04408668066111332,0.04282548624504984,0.06801885733988627,0.04189209910597774,0.039882915603642044,0.05601310532485054,0.032540698851191874,0.025979197008255406,0.05020196011625094,0.048607478814946425,0.04938943743364621,0.04319671369150113,0.05337695556672789,0.00012265660434407355,0.016305499643468446,0.06739420512299454,0.04434091365560938,0.04999621229806017,-1.6653345369377348e-16,0.0406627530407101,0.043942603888809884,0.04597679983218805,0.059019930502560325,0.04221666954903058,-0.024871789303405445,0.048622654371567986,-0.0011258640551836674,0.050672200438629855,0.04768788672021573,0.059957503027345094,0.04566201685264071,4.5611579287285764e-05,0.029245515531913846,0.0348827368953617,0.056475194437681675,0.06527914626713321,0.03638842010169835,0.054691882292549066,-0.0006911017618695392,0.04749162090638376,0.06098780123956854,0.0566442982383879,0.05562905753612146,0.05998696281446092,0.05775174144520645,0.05181484780918666
