0.0,-0.008299043068256073,0.003272343213425788,0.0,1.233387414756315e-05,0.013517290386413472,0.011732657359601939,-0.02775780498099717,0.0015483453370252476,-0.0418471953678331,-0.0005594624595314235,-0.02871405136134786,-0.007212288478499362,-0.029124170169327945,-0.01897486751412969,-0.025278299455474662,-0.044657888803714296,-0.04576323020236578,0.0,-0.005568488106829195,-0.023812577169033566,-0.018993227879894936,-0.017715498965185705,-0.029685547172714544,-0.021109242057566424,-0.02819435167413986,0.0004198972754284047,-0.019496662285970634,-0.022316132015332668,-0.00033165180952038353,-0.025022929226177715,-0.026866610829893,-0.013023888253951954,-0.04155320326596185,-0.037241856576256616,0.0016071158252350948,0.0,-0.04384491428943488,-0.012893946602071549,0.022701445970473133,-0.01735694811212679,-0.03436437823953731,0.0,0.0,0.0006619334054270842,-0.03013457772026601,-0.008540654298372308,0.0,0.0,0.0,0.0023852197470129455,0.0,-0.03237824706791026,0.0,0.005507322405901516,0.0,-0.05664348899578803,0.0025215494704907138,0.0,-0.00399507854559239,-0.019278882704790223,-0.03421985834238356,-0.020142428897060582,0.0,0.004024531923070618,-0.03502107505255775,-0.018235004720284442,-0.027074200476361776,0.009914084742460194,0.0009045813575021544,-0.021780323245417232,-0.0034941622436664987,-0.0005383538349686967,0.008013912209403173,0.0,-0.017858847772212638
-0.008299043068256073,0.0,-0.013637393442897328,0.0,-0.020694380230005083,-0.01991050543614109,-0.021683888788213423,-0.02141763112264361,-0.015198297658602256,-0.006523551021276663,0.0008909382232052954,0.00560401660438381,-0.02126135425604525,0.0,0.0057510779212721075,-0.008656460139584987,-0.019587446294113464,-0.030311402349997296,0.0005673582372992536,-0.012659495223985129,-0.002736637178815282,-0.026370757678708168,0.012698919472235337,-0.010730682216617493,-0.025987462987685117,-0.03250994579280797,0.002535204870093344,-0.021235272134587202,-0.017259518436248233,-0.019701602600430246,0.0008123237724357302,-0.017516801598939702,-0.009669429095895021,-0.011386304246844725,-0.0032883797965453376,0.05844694498533515,0.0007099050359583581,-0.000516304243089849,-0.02166991875071217,-0.022104134651007634,-0.024444856817532223,-0.020177678712385794,-0.0038652432542718995,0.0,7.644610763657411e-05,-0.018645923715562063,-0.01242270870202622,-0.0002725830299039611,0.0,-5.551115123125783e-17,-0.023686633689944836,-0.017106842663391353,0.007921613322360188,-0.002126292023825027,0.004988413358940069,0.0,0.004481189437353428,-0.02445261900579576,0.0,-0.011058614594070426,-0.019935834900014826,-0.03582842956160204,-0.025102612607369346,0.0,-0.025144992298683166,-0.008975228831717086,-0.01948037819600279,-0.00649709402217713,-0.013394566918440043,-0.01224886622825222,-0.02883569834234706,-0.02195342219589902,-0.03934606253277645,-0.027352080268033208,-0.0007747827211164182,-0.028401983108149342
0.003272343213425788,-0.013637393442897328,0.0,0.006472695041733811,-0.007796688398763962,-0.00574496369290034,-0.007872942101699199,0.010163672469872154,-0.004915375451896797,-0.016645318737565584,0.022094813801066093,-0.042823195896756316,-0.014076442390781485,0.007708756759981783,0.0002229078892171943,0.004679967383253436,0.002485938262328513,0.0023674922787952912,0.005698986905963821,-0.007549291174065886,0.005328729737590798,-0.01780047675290003,0.0024656321874674814,0.0006982891326743901,0.007338974832488521,0.014414150448122776,0.01664974963994137,-0.010719678275161348,-0.013093337491683399,-0.008936006302134647,-0.007920720778601176,-0.015448609148837056,-0.014341907103204488,-0.02277805301186725,-0.024381848196266875,-0.013297677726420376,-0.016110987741364602,-0.03495919212153126,-0.006191906498184907,0.00024313311769824653,-0.02608372367438927,-0.032999234591210125,-0.017718494795937345,0.0014951493873862631,0.00033453446647613294,0.0,-6.117253157983393e-05,-0.034669699614696015,-0.0003316075324459322,-0.0008868668466892604,0.006265275626546107,0.004963496818135904,-0.02830624785905078,-0.035167891001424756,-0.026541742839188864,-0.1038904521738882,-0.0008095578975734763,-0.01709372685607491,-0.01315685037456149,0.0023594444788242463,0.0005815002773873479,0.0,0.0,-0.0472695111051144,-0.0006330844860143459,0.0013645489291254642,-0.0009830277653356534,-0.018088037792374334,0.0,0.0,-0.000448816261878926,-0.045204952202742676,-0.01019582570357147,0.013290388352388605,0.003203650249268164,-0.028583705977452634
0.0,0.0,0.006472695041733811,0.0,-0.026450651573145578,-0.029735659858206587,-0.019913537358679734,-0.0443065165887323,-0.014478423456126821,0.010313859931001812,-0.018956964672463883,0.007136496320117536,-0.02353667974684498,-0.03405429047329478,0.0022365522020689754,0.0,-0.00019439690656175568,0.0,-0.03366731909822618,0.003157029311632975,7.012675132733737e-05,0.0031433994869783932,-0.045976013627982926,-0.00477710966277628,0.0,0.003342071446607364,-0.051940295755022015,-0.03534410540295718,-0.0002503468357373251,0.00023513691839693873,0.0034388500739661043,-0.05047873962051208,-0.0007957012645304351,-0.07692841331410366,-0.07652370596698721,0.030987713781470916,0.006391296441122685,0.002741298507357881,0.0005565542124584266,0.0,-0.000914996157157344,0.0,0.00041491450818548214,0.0,0.0,0.0,0.0,6.554870502378796e-05,0.0,0.0,-0.0006664522178968513,0.0,0.0,-0.00015345795878418667,0.0,-0.00015710221234138677,0.0,0.00011552320000440819,0.0,0.0,0.0,0.0,0.0,0.0,0.0,0.0,0.0,0.00030424147207663843,0.0,0.0,0.0,0.000948025873183489,-0.00015041563618767295,0.0005931316687546317,0.0,0.0
1.233387414756315e-05,-0.020694380230005083,-0.007796688398763962,-0.026450651573145578,0.0,0.003918488303813472,-0.010171093299750578,-0.04165523395661147,-0.011912737142614871,-0.02372251536559289,-0.007949746829454707,-0.06222653884902374,-0.027650341140603163,-0.030447584821458706,0.002487062997594436,0.005658654249272532,0.003466524739794752,0.005066708681148169,-0.0071927634897838155,-0.012886024494883075,0.005422998346040653,-0.014998308333152521,-0.0012334502559870342,0.010357113686851271,-0.029471024598467288,-0.018866813520600878,0.0065481217935381975,-0.011462914786460277,-0.01612712063685956,-0.008110570738256273,-0.010498509433872538,-0.029643464625171867,-0.010653443943192398,-0.02008710949905923,-0.017623801776353476,-0.005184209874133261,-0.0027048718000661776,-0.017937204683736274,-0.03248499313527575,-0.003381856762581237,-0.021010246566585955,-0.0037686566922547904,-0.017368940589011117,-0.00016134846144127968,-0.0010647872316387197,0.0,3.007973519153495e-07,-0.00143520229621108,0.0,0.000924975436620068,-0.003067351724617584,-0.006360743516909184,-0.005659592190338902,-0.00448566700327202,0.0015612468350872932,-0.05467991046819615,-0.0031999987685545905,-0.010414472696272159,-0.03283518643266192,-0.013134167645676875,0.0005645058539279213,0.0,0.0,-0.008682680123137054,0.00591212205679148,0.0,-0.0401974455093943,-0.009176573391501686,0.0,0.0001534611327143054,0.003157063008057903,0.005982449021624925,-0.019185456056554806,0.011801745253928353,0.001831804720579755,-0.0201422251518123
0.013517290386413472,-0.01991050543614109,-0.00574496369290034,-0.029735659858206587,0.003918488303813472,0.0,-0.015489692728622717,-0.00214628764077307,0.015535524103542142,-0.020038620283953368,-0.0028664228519307833,-0.04613130264439458,-0.007874988247213166,-0.007563361199273144,-0.01577390874652601,-0.0226880309969546,0.003195644173760115,-0.01983297351734592,0.0025351397091235017,-0.02007968260984888,-0.026594905946718317,-0.016492220702771065,0.031204768780863146,0.006220976685376189,-0.010734049344232444,-0.006937109968959021,0.02265980161909248,-0.025102423885532188,-0.01920105016605328,-0.015115341198456644,-0.023518370997502314,-0.039526896222599917,-0.025865630029745568,-0.039748561806679794,-0.04709407448551456,-0.03852586305597294,-0.03435912917060674,-0.025673766146577348,-0.03600299495988557,-0.0015841269460951102,-0.028066268323916232,-0.041048637914454844,-0.01623834137006608,-0.12389172613973126,-0.0010297229252316797,0.0017514323093621997,-0.032483461402096625,-0.005659935664496074,0.0,-0.007270092408500628,-0.018269904146173466,-0.017773197935777585,-0.03959636327654731,-0.0044271388468316575,-0.02235999330187982,0.006114305525537489,-0.0025478089282853777,-0.030858622412289594,-0.003923505394276772,-0.01412093072114079,0.007716525029229426,5.551115123125783e-17,-0.0005077386415531793,-0.0085910194083052,-0.015764994405087163,-0.041803587085907146,-0.006841998814348049,-0.024460520979224465,0.0,0.0105321518326279,-0.02137078136747489,-0.0056700279313097735,-0.02801717554702554,-0.03934280353183245,-0.053372278796220585,-0.03453545487956072
0.011732657359601939,-0.021683888788213423,-0.007872942101699199,-0.019913537358679734,-0.010171093299750578,-0.015489692728622717,0.0,-0.013518407006407773,-0.02023203575732513,-0.037494417054941276,-0.008254397527487356,-0.06672038550295945,-0.00749673226505615,-0.03521618700990853,-0.016364984456378906,-0.02236746736147288,0.007427770455616323,-0.024157294643276928,-0.011438242980634283,-0.021386012604197036,-0.015982954763194,-0.016004312537404863,-0.0035528901793897005,0.009623276595486174,-0.022274547263832378,-0.007767801082020576,-0.00580434100846311,-0.03127373848363474,-0.029631605885655943,-0.015878400441735663,-0.03991049789752049,-0.03518314100987008,-0.025499344360392695,-0.042320286805131946,-0.03854906662262614,-0.027422211566279442,-0.021052641691322482,-0.042550703044495486,-0.01670744816216696,0.0010027991176405626,-0.01939129899015607,-0.030646082622014292,-0.0012718247800043714,-0.002020989334607093,-0.00033267721738916567,0.00010389119328257923,-0.029163794948983968,-0.01480395157313008,0.0,-0.011881859233963343,-0.02029623045216422,-0.023583913431784342,-0.037888049464084916,-0.003278243048545737,0.0008723155860189125,-0.014358612965039208,0.0016155633600104524,-0.026811635491726882,-0.010134404041582667,-0.022026059917690077,0.003265254721947053,1.1102230246251565e-16,0.00037514144422340356,0.0005780791875362734,-0.027402516911074704,-0.054717688336700765,-0.00552229045831687,-0.025222990436502668,-0.0020584402566719007,0.0049983681642086775,-0.020681117111042813,-0.010523825024816191,-0.025343891002116536,-0.025736537904962997,-0.03306595354826164,-0.02328129527144257
-0.02775780498099717,-0.02141763112264361,0.010163672469872154,-0.0443065165887323,-0.04165523395661147,-0.00214628764077307,-0.013518407006407773,0.0,0.007928087957629726,-0.03228537593519781,-0.018607260692739436,-0.024574309056806354,-0.024089190513259806,-0.04449490737428269,0.02235530504302552,-0.02587317434069969,-0.054821767604204596,-0.03461486170040712,0.009166304679557757,-0.014189326244919365,-0.012159669929356631,-0.02480028855536337,0.00695358481060937,-0.04008748505299442,-0.031439151138234256,-0.03318053401374793,0.0174556213448811,-0.028562191078060628,-0.02478698693857828,-0.03785799290082853,-0.03634253833022422,-0.052382823071964846,-0.014549709382293496,-0.05312193963962125,-0.05458700968445385,-0.02893329729161148,-0.0725888934247012,0.005244409732480526,-0.042493662387124376,-0.0014744724976275547,-0.04312733963439763,0.0004058074930375355,-0.03255092515700031,1.4987836471191951e-05,-0.00023664759449759654,-6.24504051578989e-05,0.003690527291464518,-0.017283489458573276,0.0,0.013688351828484602,-0.02404801257000072,-0.032278102798275754,-0.09863619369217663,0.0014581972238016938,-0.0004842287691842473,-0.02818799165858976,-1.1102230246251565e-16,-0.03206213398571106,-0.054054134217537964,0.003325295369706438,0.0067098774075003975,0.0,-6.8685569475923636e-06,0.0024150617349576464,-0.012847669711129495,-0.022039985914512894,0.02320918526636484,-0.032493391182035536,-0.0006556472714361328,0.00535679578552567,-0.0245515969667236,-0.004430496879883061,-0.03236301184355522,0.014087168997835076,0.006115172092880039,-0.03747875269225631
0.0015483453370252476,-0.015198297658602256,-0.004915375451896797,-0.014478423456126821,-0.011912737142614871,0.015535524103542142,-0.02023203575732513,0.007928087957629726,0.0,-0.018042522664859728,1.2313381752115937e-05,-0.03488852690244715,-0.032435898852469724,0.0073170385346183475,0.002001422293022692,-0.02417125210625848,0.005289896483874901,-0.03735806129565267,-0.011297757782007756,-0.013601801423359705,0.011373912458752633,-0.009854646056333571,0.0022563329673070953,0.01249828323443758,-0.008362936854235392,-0.020444339335163986,0.012685850238050134,-0.02578229307482227,-0.014558135274420292,-0.01090816714969528,-0.013637750979152818,-0.021435950661287895,-0.012073487026916407,-0.027450550766776438,-0.029574422334614048,-0.017044442241207602,-0.023763574693699108,-0.02361978484464944,-0.012793244733134368,-0.0005356251121363398,-0.012711041092115294,-0.014455599895485172,-0.017220059690172096,-0.0014998316997479888,0.0014741189640123942,0.0,0.0007437192476174026,0.011976629470553002,0.0015072969461548125,0.009800378073787974,0.0002836122636591387,-0.004701665263744936,-0.02084529840849625,-0.0018266638875793495,-0.012495760823742541,-0.01539503881235943,-0.001854801997770883,-0.014960373475298994,0.0004976940739214175,0.0038180910543821334,0.000598844817181643,5.551115123125783e-17,0.0,-0.0020391846971036243,-0.021647691471054054,-0.0026966853128733703,-0.02849434578817578,-0.0040086185398158225,0.0011384182669636478,0.00024620802399322184,0.00746679741348355,0.00713455349493386,-0.008094952387933452,0.012464473944842291,-0.01808387559798441,-0.01049435645747987
-0.0418471953678331,-0.006523551021276663,-0.016645318737565584,0.010313859931001812,-0.02372251536559289,-0.020038620283953368,-0.037494417054941276,-0.03228537593519781,-0.018042522664859728,0.0,-0.009012273033469909,-0.06052893900241382,-0.03732646970976583,0.012568156063897329,0.0021461362868298584,-0.030958391146467423,-0.04244230229039636,-0.04278417147241903,-0.019946852443149032,0.0025921297979607516,-0.042194455970909206,0.02360383068642724,-0.016811727880808203,-0.015006438854323512,-0.01973272522681796,-0.02612568549790034,-0.01658592915450463,-0.04117399418904194,-0.04474989870668383,-0.03960803601573071,-0.024430020925925888,-0.03865030108770823,-0.01042649094783632,-0.027738111802336818,-0.044596052587836776,-0.022897410512043415,0.00526954893036663,-0.01179974086299912,-0.08337444457229509,0.07374618371521297,-0.019860529294614404,-0.1243243457742475,-0.10210374718592027,-7.320763343898751e-05,0.07925858695625759,0.0135200044046076,0.0030437194173850157,-0.05096779236638793,-1.1102230246251565e-16,1.6653345369377348e-16,-0.03219459635154409,0.026115134578819088,0.0009756563538290131,-0.0014792021864439286,-0.0020935383463631663,0.002786092607688917,-0.00504640642973625,0.04305009480972549,0.0,-0.0008196776890848634,-0.046011216318273485,-0.0050375275793001495,-0.020679767269915772,-0.0003847306060266731,-0.00032450255864469035,0.0003762732603864172,0.002128600465974795,-0.026309545449844818,-0.042592195908768615,-0.010681214678688211,-0.017105260737303007,-0.015387196816834925,0.018322030144936607,0.0018472228246597666,-1.1102230246251565e-16,-0.03747779511599875
-0.0005594624595314235,0.0008909382232052954,0.022094813801066093,-0.018956964672463883,-0.007949746829454707,-0.0028664228519307833,-0.008254397527487356,-0.018607260692739436,1.2313381752115937e-05,-0.009012273033469909,0.0,-0.025582915160108133,-0.012880493433368945,-0.0036279087166466994,0.0,1.7806772168227347e-05,0.009087028006199038,0.006943803103360624,0.005727617782472161,-8.18375882017941e-05,-0.0842972916468957,0.0006739214024314433,-0.004336039435718253,-0.072271386530319,0.00883890581827107,-0.033840001208045256,0.009638952670868228,-0.009953597240134227,0.004679726019120367,0.013761010000813034,-0.007376406981920602,-0.028299699140997447,-0.009281167230670517,-0.02071807975971801,-0.01477990746189245,0.025373117531770795,-0.018410068555049064,-0.014660092621072263,-0.001227731815380606,-0.0012271587921470206,0.0043407067302021485,0.0014386449907214383,-0.023373823671910154,-0.0008520583212457966,-9.716730363362736e-05,0.0,5.551115123125783e-17,-0.03311207776292202,0.00014362612368740146,-0.029586899785776277,-0.0008326886127258959,-0.007030229103148766,-0.016698741590547073,0.033880925423153296,0.0005729120115294806,-0.02889705168903739,0.0023467534579167393,-0.021519393641085738,-0.025399203051056807,0.0014819308885840599,0.0,0.0,0.0,-0.0840196074725556,0.0005225149624260572,0.0,-0.0018669110337161121,-0.004562885231554015,0.0,0.0,-0.00011469192174062837,0.010367091728240685,-0.01281478225072874,0.005198601069422493,0.0008350703393048553,-0.022293362502917857
-0.02871405136134786,0.00560401660438381,-0.042823195896756316,0.007136496320117536,-0.06222653884902374,-0.04613130264439458,-0.06672038550295945,-0.024574309056806354,-0.03488852690244715,-0.06052893900241382,-0.025582915160108133,0.0,-0.05816634371342688,0.003934402675430104,0.009809315102966842,-0.027508642910752445,-0.02927704429366812,-0.0297187953333356,-0.03566331158886177,-0.02050372623793434,-0.026269489030051663,0.05005897338106324,-0.03608903727897467,-0.015370870477182441,-0.02890121645414062,-0.01742048721084577,-0.04265217154277706,-0.07572118841356207,-0.07555846754395196,0.0016481160894491476,-0.03279429157036057,-0.026291890976124388,0.004872407304505888,-0.03730701367102496,-0.04980699530778521,-0.028236326805943346,-0.031012617485218275,-0.01189313442865389,-0.04005667285645326,0.07496785717198667,-0.09392695234112064,-0.10380243729675542,-0.03006314727433035,-0.03640663717168724,0.05454192021095888,-0.05689512731447488,0.00214014235576071,0.0005745643164685732,0.0,-0.00042933358913149755,-0.005605467536277942,0.0017416397364816705,0.0,0.0015165623596438138,-0.015669426592751612,0.00013373281404188697,-0.027060978361168997,-0.02763196119563721,0.0,0.0007434413708831689,-0.017626170906777594,-0.026510935765623522,-0.026466685559089875,0.0,-0.0008262118073432134,5.86520333006324e-05,0.0037445922040851842,-0.03701168881199862,-0.06747336203054194,-0.023168374331827613,-0.03873235716679507,-0.05111732662306434,-0.03344739306779532,0.002171448713178037,0.0,0.01168840950782507
-0.007212288478499362,-0.02126135425604525,-0.014076442390781485,-0.02353667974684498,-0.027650341140603163,-0.007874988247213166,-0.00749673226505615,-0.024089190513259806,-0.032435898852469724,-0.03732646970976583,-0.012880493433368945,-0.05816634371342688,0.0,-0.019253315329986975,-0.01957696020364197,-0.021995628035400616,-0.04684035179157825,-0.035601696380198944,-0.015370816742455051,-0.021836564601557085,-0.016643530520370486,-0.014913660516160165,-0.004026546654466223,0.025974036088520835,-0.018965527928029968,-0.008599024003707267,-0.0038604040535118456,-0.03439582543519715,-0.03118765393298567,-0.045711887401849116,-0.03568866236588997,-0.036608545321486996,-0.03303306707062731,-0.040899899992481836,-0.04706537281265999,-0.03713629437652732,-0.03376518070498885,-0.04295368553422302,-0.03162755247704824,0.004279908529811416,-0.023684727145150353,-0.048686888073405266,-0.008264626740245307,-0.18496413404064954,0.0005119883114233503,-0.0005173499774592805,-0.017137433850466732,-0.026111094172379,0.0,-0.029022815252884526,-0.029000696226154865,-0.030567737950912777,-0.04704933504067976,-0.014327699974601704,0.0031968872138728455,-0.028540130427793187,0.0025252934429756957,-0.0316711903012068,-0.000375496988944235,-0.015146140224433668,-0.033824347936869614,0.0022978895741929684,0.004676087084017233,-0.015063262025078017,-0.020177510568777535,-0.0364052921415543,-0.009408787512985961,-0.03116292263403797,-0.0014274036851704142,-0.026315330122595904,-0.018370460511371978,-0.015854181094388742,-0.027261659049302223,-0.03345095395503145,-0.028635173650160994,-0.027312415359602882
-0.029124170169327945,0.0,0.007708756759981783,-0.03405429047329478,-0.030447584821458706,-0.007563361199273144,-0.03521618700990853,-0.04449490737428269,0.0073170385346183475,0.012568156063897329,-0.0036279087166466994,0.003934402675430104,-0.019253315329986975,0.0,5.2727710853184284e-05,0.0,0.0,0.0,0.004771178384010144,0.001933836976492409,-0.045956338101609095,0.0037790770727674783,-0.021034506080219895,-0.04267160225863936,-0.00014020777750872737,-0.046753421701986764,-0.004080674987618549,-0.030002694105231598,0.007720389445101006,-0.0004905832628622764,-0.0023505694645374886,-0.03956530820255466,-0.0009352833670959182,0.001687672914504168,0.003174837533971131,-0.022678982535184855,-0.03288952840754569,0.004468327684424622,-0.0062837457019632725,0.0,-0.0023116388399147536,0.0,-0.032088964286039356,0.0,0.0,0.0,0.0,-0.005620116087212357,0.0,0.06417323606332759,-0.004410696865202013,0.006144921193841357,-0.003139422173030759,0.0048858756531768854,0.0,0.0017828391920877151,-0.0004534177453544008,-0.03223824686449134,-0.001513880557397651,-5.551115123125783e-17,0.0,0.0,0.0,-0.023196880721596813,-0.0001912856026929921,0.0,0.0,-0.030615298852482986,0.0005225604280087448,0.0,0.0,0.00242298813908437,0.0011198560415425773,0.0009684719520783869,0.0,-5.551115123125783e-17
-0.01897486751412969,0.0057510779212721075,0.0002229078892171943,0.0022365522020689754,0.002487062997594436,-0.01577390874652601,-0.016364984456378906,0.02235530504302552,0.002001422293022692,0.0021461362868298584,0.0,0.009809315102966842,-0.01957696020364197,5.2727710853184284e-05,0.0,-0.0026260213258109677,0.004729014104179641,-0.007993889850725633,0.0,-0.011560448699208525,0.00010879788104922739,0.01914349235187557,0.012283628435515115,-0.014531582687050792,-0.002183886588268902,-0.0076795353443446235,0.04610981501298589,-0.012040493153807952,-0.004240617745990272,-0.030871400162705898,-0.010662935129905071,-0.011661346141539464,-0.007304571252708114,-0.022667796165040777,-0.01987885507978121,-0.007343839007387776,-0.027963554201458685,0.012794670099319783,-0.007776727069758016,-0.00613814610849317,-0.018355336146166024,-0.012686519849601396,0.004464788187896251,0.0008734370401191072,-0.003046438817876751,-0.0026030341342659913,-0.0040012662870314575,0.002364361180144048,0.0,0.0,-0.013789555619084015,-0.027150355373116997,-0.02890538496269196,0.002284688353107356,-0.0002578539847762351,0.0,-6.48667037157491e-05,-0.014446596286984248,0.0,0.01898393784655905,-0.015271383271852568,-0.00011852063199213614,0.010499157694986716,0.0,0.023289572387298896,-0.005729231385280031,0.006573837391210535,0.017075355958877436,-0.002864404385175101,-0.0038479911369766473,-0.01256849274121502,0.015846357621436824,-0.011192806667849331,-0.016708853107020583,-0.008127869389247921,-0.021216388493918825
-0.025278299455474662,-0.008656460139584987,0.004679967383253436,0.0,0.005658654249272532,-0.0226880309969546,-0.02236746736147288,-0.02587317434069969,-0.02417125210625848,-0.030958391146467423,1.7806772168227347e-05,-0.027508642910752445,-0.021995628035400616,0.0,-0.0026260213258109677,0.0,-0.037608086783095906,-0.0465730432439439,-0.0006298156019170498,-0.0340163989349187,-0.021668990162282076,-0.031941225190913025,-0.005658712291820189,-0.03282502465746645,-0.02934887829405669,-0.012761252556585445,-0.005491753090865525,-0.025062017207138965,-0.0384537696224182,-0.01325045847553774,-0.027583534131836784,-0.036283122179120775,-0.029576018201704246,-0.05020413156927561,-0.032776405776407336,0.005986473079568011,-0.0011461088634442396,-0.0035006098173811506,-0.028170165302838557,-0.020789579517856482,-0.02766505909545358,-0.03464596780105861,0.0011125340554140606,0.0,0.0,-0.02314021953029416,-0.017172051308902203,0.0,0.0,0.0,-0.0281180665270358,0.0012695167159230691,0.005170890378695114,0.0,0.007311224625082269,0.0,-0.028635537512175124,-0.025587726504590957,0.0,-0.005904775310931587,-0.026075680349932406,0.01346314698283424,-0.029860656687101805,0.0,-0.01022648304785534,-0.028191931876454523,-0.02461297874119084,-0.0005203362925073063,-0.017426058090880325,-0.018872506499328146,-0.028449826716449023,-0.012178137857132565,-0.02915822719360117,-0.04430503104481448,-0.00013181982989529661,-0.030865375455688515
-0.044657888803714296,-0.019587446294113464,0.002485938262328513,-0.00019439690656175568,0.003466524739794752,0.003195644173760115,0.007427770455616323,-0.054821767604204596,0.005289896483874901,-0.04244230229039636,0.009087028006199038,-0.02927704429366812,-0.04684035179157825,0.0,0.004729014104179641,-0.037608086783095906,0.0,-0.015431585493030031,0.002810474057642842,-0.01903282986194571,-0.052849125782036876,-0.02422967645768931,0.004329711609111275,-0.039907131883553715,-0.031663555046547054,-0.02838572931461869,-0.0015365604071652106,-0.03783254471696318,-0.011943600492273443,0.004184918270122129,-0.03909511389720044,-0.04406451728338778,-0.04385965851702062,-0.05290166387544626,-0.06645535912237471,0.0014628515098279449,0.0009965854907979521,-0.03107580206661964,0.009970488247298848,0.030912908108664705,-0.043668029356288274,0.003998909151012309,0.0,0.0,0.012956802238413834,0.014744367546659087,0.006913172456924133,0.0,0.0,1.6653345369377348e-16,0.0006979897238666988,-0.00021224261877766937,0.0,0.0,-0.0332353634479694,0.0003766736745241528,-0.027213051765070162,0.00141385725849269,0.0,0.0,-0.031848677956190286,-0.027325600141320683,-0.02961112985997094,0.0,-0.00018966078232496297,-5.551115123125783e-17,0.002914528912153491,0.0029688229988772408,-0.06905716026855241,-0.0258692981558854,-0.03104222064223172,0.0,0.0021581632905208203,0.001553942346467052,0.0,0.021099544106712997
-0.04576323020236578,-0.030311402349997296,0.0023674922787952912,0.0,0.005066708681148169,-0.01983297351734592,-0.024157294643276928,-0.03461486170040712,-0.03735806129565267,-0.04278417147241903,0.006943803103360624,-0.0297187953333356,-0.035601696380198944,0.0,-0.007993889850725633,-0.0465730432439439,-0.015431585493030031,0.0,5.2229261143565964e-05,-0.022732166178436652,-0.02447642239492881,-0.03161116965528937,-0.014809283541949159,-0.03855093047803754,-0.02858684768599845,-0.036103522176525404,-0.012034798570241978,-0.025298289229663318,-0.03881680959596634,-0.020049459259576796,-0.03570066209086542,-0.040777818880206596,-0.049307461839950106,-0.05830815359735908,-0.0637083314748419,0.0015411008021526396,0.0,-0.027261157863884666,-0.02791070037305815,-0.00012681142672194,-0.03292801303628262,-0.034782147409564534,5.551115123125783e-17,0.0,0.0038840420728208924,-0.05661170485962547,-0.02672283821886018,0.0,0.0,0.0,0.009601145729262572,-0.0010153079098889073,3.5434073668905164e-05,0.0,-0.024519277059160127,0.0,-0.04357210798964212,-0.037298817405301665,0.0,0.008791579671282135,-0.03433486503531086,-0.03297835327383791,-0.02842295886788715,0.0,0.02044381119563171,-0.06762174998681214,-0.030844499149983495,0.0038169386354994783,-0.05408805516301152,-0.027181319279358462,-0.029293165842695368,-0.00363922890117796,0.0034843587109180674,0.015550498681436542,0.0,-0.039045352581217774
0.0,0.0005673582372992536,0.005698986905963821,-0.03366731909822618,-0.0071927634897838155,0.0025351397091235017,-0.011438242980634283,0.009166304679557757,-0.011297757782007756,-0.019946852443149032,0.005727617782472161,-0.03566331158886177,-0.015370816742455051,0.004771178384010144,0.0,-0.0006298156019170498,0.002810474057642842,5.2229261143565964e-05,0.0,-0.0014288327346594354,0.0002388236474259453,0.004713261610433284,-0.02751492196314631,0.005230663274475744,0.004885392343726036,0.01122292665315977,0.00643024422892674,-0.012877652838359399,0.0033462336946013527,0.015243155575560385,-0.009108493124022288,-0.02538023745846285,-0.016269059601585978,-0.0198158362051285,-0.017387117183380707,-0.017731228265062904,-0.034895165277669615,-0.029065603360163117,-0.03653418473841469,0.0006877607917538109,-0.018650159422727075,0.001651500946353024,-0.02748596854874824,5.551115123125783e-17,-1.6653345369377348e-16,0.0,5.551115123125783e-17,-0.0847165153360176,0.0,-0.019325222772700823,-0.004470759840499383,-0.0048614622053880785,-0.018869201651042777,-0.005608219914560175,0.0005710212438743145,-0.14595744969693344,0.001365815983237595,-0.009964055933520788,-0.03150087919618727,4.542690054781806e-05,0.0,0.0,0.0,-0.002570102457416068,-0.0004228090692431352,0.0,-0.001421700474479759,-0.01607378620739741,0.0,0.0,0.003494417856638121,0.006563588102852624,-0.009512594499241911,0.009431696943196732,0.0019393883005316415,-0.027489894237963997
-0.005568488106829195,-0.012659495223985129,-0.007549291174065886,0.003157029311632975,-0.012886024494883075,-0.02007968260984888,-0.021386012604197036,-0.014189326244919365,-0.013601801423359705,0.0025921297979607516,-8.18375882017941e-05,-0.02050372623793434,-0.021836564601557085,0.001933836976492409,-0.011560448699208525,-0.0340163989349187,-0.01903282986194571,-0.022732166178436652,-0.0014288327346594354,0.0,0.0075340071197801395,-0.018813062619486287,-0.01336619807571865,0.015937935861540464,-0.012050392531263499,0.006905746470397933,0.011753740847033844,-0.047964310424128465,-0.03835004640138878,-0.08763644378435581,-0.013636799431657687,-0.02671476367780612,-0.02425560682476774,-0.03964459395920822,-0.03977069564793806,-0.03367287340653358,-0.03663099215763571,-0.018896373899202235,-0.006344195764777294,-0.013951995911955062,-0.010162662535678046,-0.020606558051267265,0.009012576227163005,-0.10114874259166884,0.0007148470765335202,0.008678941650523853,-0.010002372788228853,0.002863241382759729,0.0,0.002314981342417033,-0.0039005276075160245,-0.025301704702368533,-0.01989240971341416,0.004089949321464004,0.0015635967830021635,-0.0016245190418287536,-0.0002821684524483836,-0.01462541596856265,0.0,0.01681278179349449,-0.02313833086354461,0.0006521543304198185,0.012553630677293481,0.0011441022297815628,0.01377959400312967,-0.010012722500827853,0.01425918551405142,0.010045860903796167,-0.0022397697205486233,-0.007658983381592321,-0.010317556366574276,0.011212091899723942,-0.005222764103943012,-0.012556858582680963,-0.01748501099396005,-0.0029943062532553077
-0.023812577169033566,-0.002736637178815282,0.005328729737590798,7.012675132733737e-05,0.005422998346040653,-0.026594905946718317,-0.015982954763194,-0.012159669929356631,0.011373912458752633,-0.042194455970909206,-0.0842972916468957,-0.026269489030051663,-0.016643530520370486,-0.045956338101609095,0.00010879788104922739,-0.021668990162282076,-0.052849125782036876,-0.02447642239492881,0.0002388236474259453,0.0075340071197801395,0.0,-0.010663402142415457,-0.003408739415488693,-0.037244324559741804,-0.020546332427569702,-0.020357885349596483,0.022010476733066164,-0.028771147876909597,-0.023148261586937113,-0.023600159972693657,-0.041583573019217,-0.03286067875236087,-0.018767955745382314,-0.0665503544690983,-0.03740376246778493,-0.04887851124194725,-0.07693254192317939,-0.04121578183785757,-0.026659958233855974,-0.023382971160651966,-0.010015590747026737,0.00881796189404771,-0.0006033133681651037,0.0,-0.00020414616103131555,0.0016292291432621342,-0.007779262731060832,0.0019803741596049473,0.0,-0.00025667695219855347,-0.028392624475333694,0.007017260931340419,-0.041266016252013205,0.0007850393635546737,-0.001259586803816104,0.0,-0.00024443487669650876,-0.008363045131555447,0.0,0.007819592301313072,-0.03118934292683928,0.0,0.004222513188688604,0.0,-0.005354888483113107,-0.0133054144459811,-0.0018760689634786387,0.002489380728474877,-0.006271371618628729,-0.021059434779300445,-0.01388426332952064,0.012988931306968099,-0.01124596968507019,-0.060973639881824415,-0.032883591322321604,-0.037009041277716204
-0.018993227879894936,-0.026370757678708168,-0.01780047675290003,0.0031433994869783932,-0.014998308333152521,-0.016492220702771065,-0.016004312537404863,-0.02480028855536337,-0.009854646056333571,0.02360383068642724,0.0006739214024314433,0.05005897338106324,-0.014913660516160165,0.0037790770727674783,0.01914349235187557,-0.031941225190913025,-0.02422967645768931,-0.03161116965528937,0.004713261610433284,-0.018813062619486287,-0.010663402142415457,0.0,0.032877359130108474,-0.05075410907871125,-0.014464024804430209,-0.0018552908799225887,0.015714841013623637,-0.011818122319695645,-0.014800501453001935,-0.020150420257939727,-0.017879988457012108,-0.027037936762370263,-0.033589687309551475,-0.028481748811395147,-0.025667140836803437,-0.007135234676744928,-0.0343182294432981,0.005957842460720175,-0.027824535711286014,-0.03015634967399794,-0.03576459627816342,-0.02204257892664957,-0.05873931815385891,0.0,0.003099907292631987,7.752032624902538e-05,-0.018674333472036453,0.0026937464060935445,0.0,0.00018761485879642548,-0.03148043189342331,-0.015196988669217648,-0.012206057876545995,-0.03753204519358472,0.003342762016234402,0.0,0.0026629531137364326,-0.022106623491640887,0.0,0.003251652962219298,-0.023252826482049904,0.008700150905796011,-0.023079653172588532,-1.1102230246251565e-16,0.0074950682032669524,-0.009156673324079101,-0.008429890635248238,0.005276100705083608,0.003023192224514748,-0.008144031231630489,-0.02321672965862609,0.0009676619828355437,-0.02974301390819034,-0.036867762702667506,0.008057040558519635,-0.04122286668669689
-0.017715498965185705,0.012698919472235337,0.0024656321874674814,-0.045976013627982926,-0.0012334502559870342,0.031204768780863146,-0.0035528901793897005,0.00695358481060937,0.0022563329673070953,-0.016811727880808203,-0.004336039435718253,-0.03608903727897467,-0.004026546654466223,-0.021034506080219895,0.012283628435515115,-0.005658712291820189,0.004329711609111275,-0.014809283541949159,-0.02751492196314631,-0.01336619807571865,-0.003408739415488693,0.032877359130108474,0.0,-0.03140199716238806,-0.004997182869845962,0.00011744250178097326,0.018695048118666513,-0.0135320824919124,0.002450904547002919,-0.020755982773944137,-0.015178197600530241,-0.01524157600299636,-0.01203079562160947,-0.038991119658927986,-0.042426565295910434,-0.016567679998697127,-0.04073848694673915,-0.04324104841454973,-0.01576911255409874,-0.010070998882887539,-0.018342060893185408,3.6729508875343875e-05,-0.00726637853353701,-0.0031432295771015584,-0.005587060237388974,0.004660588420724809,-0.00650355394183072,-0.051146243789818524,-7.991649162536474e-05,-0.004409610254845764,-0.013717230616280829,-0.01964077569765843,-0.018041596067476573,-0.005101513896186516,-0.025354839117764094,-0.12800436693784217,-0.010499207946158162,-0.020983056740398465,-0.036907323821243954,0.011495703382555511,-0.024617371972720736,0.0017402163670529047,0.006674046977109216,0.01575347532226623,0.00527112805690616,-0.009699967596771497,0.008440450668238342,-0.008366066860511001,0.0013284052439236915,-0.00828721390039533,0.0011778454100782043,0.004222400426824202,-0.012493722419091968,-0.009937782126556605,-0.009395379656212177,-0.010059831735793168
-0.029685547172714544,-0.010730682216617493,0.0006982891326743901,-0.00477710966277628,0.010357113686851271,0.006220976685376189,0.009623276595486174,-0.04008748505299442,0.01249828323443758,-0.015006438854323512,-0.072271386530319,-0.015370870477182441,0.025974036088520835,-0.04267160225863936,-0.014531582687050792,-0.03282502465746645,-0.039907131883553715,-0.03855093047803754,0.005230663274475744,0.015937935861540464,-0.037244324559741804,-0.05075410907871125,-0.03140199716238806,0.0,-0.024155561384529345,-0.010828376997773392,-0.00575704249361364,0.024912120228254564,-0.004646084633460612,0.0046299111187680375,-0.029957628037667272,-0.024840635057671645,0.005516693601554823,-0.03127820949897242,-0.056259489784015626,-0.02677323986835073,-0.019772773215067374,-0.024148390701666134,-0.03809696789915096,0.09715004568371671,0.036128679478075354,0.008973432526271419,0.06205749809938377,-4.11804120074577e-05,0.04962019006785573,-0.01600974256164156,-0.006687766058173006,0.000171423432290152,0.0,0.0,-0.0011800813247547781,0.0002655372083296137,0.00016926951847046068,0.0014381906450749993,-0.024658239982413954,-0.0013998143799932583,-0.0464471475053152,0.004038029145717437,0.0,-0.0019443751324257352,-0.013617548492202869,-0.036629315341139,-0.03149554683700162,0.0,0.0007142839413761259,-0.047119040121657685,-0.012966950861557414,-0.00027018634051045876,-0.06204790935804444,-0.01978600776344036,-0.027702055576153906,0.04914288210263701,0.00038227222958142626,0.003088513800171,0.0,-0.02213640951378998
-0.021109242057566424,-0.025987462987685117,0.007338974832488521,0.0,-0.029471024598467288,-0.010734049344232444,-0.022274547263832378,-0.031439151138234256,-0.008362936854235392,-0.01973272522681796,0.00883890581827107,-0.02890121645414062,-0.018965527928029968,-0.00014020777750872737,-0.002183886588268902,-0.02934887829405669,-0.031663555046547054,-0.02858684768599845,0.004885392343726036,-0.012050392531263499,-0.020546332427569702,-0.014464024804430209,-0.004997182869845962,-0.024155561384529345,0.0,-0.022206506882839427,0.00548811838727048,-0.014156678571062176,-0.018012057101863987,-0.024592724800047372,-0.02886708715624281,-0.02296130294525961,-0.020050471318146412,-0.04062603136830861,-0.04214566055879326,-0.05913328936726059,2.3999980302724655e-05,-0.00543249243000149,-0.017328407799756085,0.010669085225944841,-0.017540253147730667,-0.025526568051139786,-0.0011865635745443304,0.0,0.05054080043580261,-0.023145678722886087,-0.008927739019633785,0.0,0.0,0.0,-0.022510872615787603,-0.0007561509199978667,0.018118643926856748,9.063166041711757e-05,-0.01967146907984002,0.0,-0.036396163218708144,-0.024254275599687236,0.0,-0.018737462100601676,-0.020539942984077686,-0.02098931922556746,-0.02288103543426334,0.0,-0.03199756852871638,-0.00951551309406673,-0.0193734627631047,-0.0022991309145777294,-0.030219072088515708,-0.014653251859064687,-0.01940737506717527,-0.008569973734135428,-0.02979166726194138,-0.01720240712975457,0.0,-0.025964538114955804
-0.02819435167413986,-0.03250994579280797,0.014414150448122776,0.003342071446607364,-0.018866813520600878,-0.006937109968959021,-0.007767801082020576,-0.03318053401374793,-0.020444339335163986,-0.02612568549790034,-0.033840001208045256,-0.01742048721084577,-0.008599024003707267,-0.046753421701986764,-0.0076795353443446235,-0.012761252556585445,-0.02838572931461869,-0.036103522176525404,0.01122292665315977,0.006905746470397933,-0.020357885349596483,-0.0018552908799225887,0.00011744250178097326,-0.010828376997773392,-0.022206506882839427,0.0,0.026333453925762362,-0.01062023327193895,-0.003737924463231901,-0.01285937896338818,-0.01811206206854954,-0.02180685240504071,-0.020074952090692433,-0.03235323129959916,-0.007301932115974463,0.022297044012399292,0.021299133572426132,-0.006231679726697026,-0.026628119275738882,-0.002603454704761532,-0.02523899907417071,-0.027544818532513615,-0.00754131247227402,0.0,-0.00488519383156133,-0.027161923910121955,-0.01625920115830426,0.0031423641556445614,0.0,0.0007694925664954999,-0.027096314661532617,-0.02200712248970582,-0.006378205426803174,-0.037566322139090835,-0.02269156850632681,-5.985452089629639e-05,-0.04464557454462792,-0.014523793086503922,0.0,-0.008729179325374314,-0.027965481514671875,-0.023447459187617425,-0.026144745609678888,-5.551115123125783e-17,-0.02900007447969044,-0.011037602375295386,-0.027426277461798765,-0.0013214505072955407,-0.026593826054643332,-0.017558010668591306,-0.02336821116518012,-0.01745358370493938,-0.025764751914590323,-0.022985939452636273,-1.3133553674493648e-05,-0.032094386166172995
