0.0,-0.030985943410095917,0.0018582858556476234,0.0,-0.0008426381410855388,-0.043561704966540826,-0.06425252459920167,-0.04293042896367938,-0.07530640211047385,-0.024831952137703894,-2.8610176725341052e-05,-0.02492772008574634,-0.0391402931574078,-0.0002980224426773481,-0.012207421352959436,-0.019045904493436683,-0.008134473473835224,-0.004389855596300896,0.0,-0.02550882569082219,-0.04055921937441764,-0.022743382027123005,-0.039414346347573015,-0.03028395556786717,-0.02126483494451309,-0.007981656160080619,-0.026307972655405798,-0.03692692065556363,-0.019470822740840776,-0.0404818486316838,-0.012756988630260702,-0.04197426665503162,-0.07721967468484636,-0.03323046061789664,-0.03317063010532473,-0.0038233544976833955,0.0,-0.04602350350742174,-0.045145839388840814,-0.09394388742553955,-0.05006021936376798,-0.0468603740022,0.0,0.0,-0.0014599509225765028,-0.050085168645233547,-0.07971078989898162,0.0,0.0,0.0,-0.012973756669989123,0.0,0.0009540137806686166,0.0,-0.0013439141767502827,0.0,0.004088146052885433,-0.012325099918400861,0.0,-0.04749358195217096,-0.05809223368852917,-0.0008307829113097798,-0.0619955328601397,0.0,-0.0400865455862528,0.03718432023378998,-0.06404659548674368,-0.042827306152125044,-0.02928979450389907,-0.06987090902345411,-0.054373035080156396,-0.04695218064832185,0.0006246188211329051,-0.01747200108840652,0.0,-0.046000022114920436
-0.030985943410095917,0.0,-0.04958595923117731,0.0,-0.06282461345325263,-0.020203033537564363,-0.04655795469507046,-0.050544755908995986,-0.041463671500184485,-0.00868595114641496,-0.0010337007866083603,-0.004071716099214806,-0.03583993613594488,0.0,-0.032318597880728495,-0.017049570421074356,-0.00600599564029497,-0.013722867404930172,-0.00292652414483463,-0.009129035946425113,-0.023924095203432527,-0.018505180780618025,-0.04135551113954539,-0.009927962369808307,-0.03530517807461886,-0.012291428715423103,-0.009785876287629336,-0.024833412449042025,-0.009685527501940572,0.00228055689036033,0.0008783745534736709,-0.009325653337324158,-0.0077047697182411334,0.004132443190134449,-0.008157382620019027,0.03311529882341513,-0.016270582541473677,-0.001433213695693214,-0.05659669545936641,-0.0648155431230999,-0.05842934872077399,-0.05049030932532417,-0.0063041390841862555,0.0,-8.869571373032459e-05,-0.057058256489562975,-0.07072050968988786,-0.002622997073655875,0.0,-5.551115123125783e-17,-0.04423561634088141,-0.045528973542041384,-0.017570866090221682,0.0012931190494344658,-7.411927741063362e-06,0.0,-0.0021026521379583496,-0.04719300552004685,0.0,-0.02844036100820796,-0.06356528659545829,-0.002005751075246087,-0.05429643202278933,0.0,-0.0416207366816278,-0.030997072536107784,-0.03951218031341919,-0.05400840920446537,0.0013379401075672703,-0.06914007006351058,-0.06638331462204267,-0.04080017541294256,-0.0585071704194457,-0.0397840872852403,0.002383762501212139,-0.05803938865636471
0.0018582858556476234,-0.04958595923117731,0.0,-0.09138900269414635,-0.07862117850902511,-0.07110399256243677,-0.08979549475024035,-0.09277413852483402,-0.06561520929311077,-0.09207135594099675,-0.05082845291688021,-0.08421958938764018,-0.0954810935865833,-0.1023680649399733,-0.004002114103328902,-0.051281180015087524,-0.0020360468191393255,-0.06721869792156004,-0.04197886871142803,-0.05149299880534364,-0.07506441041727557,-0.04561453476036065,-0.06897643756492022,0.0012703352570448412,-0.06775060725068188,-0.0582834923493078,-0.04546815737742049,-0.09963372875553794,-0.07130813602238162,-0.08093646850843567,-0.10303937856996292,-0.10254864293998073,-0.13508431560195006,-0.10300965572014176,-0.10878907769566454,-0.10296820419068492,-0.10489914055127214,-0.08105190379874183,-0.0019063082103448759,-0.0008286195172185762,0.0016562117180511926,0.0031254678856076357,-0.13962566097956491,-0.0023991422289400544,1.1855844562036477e-05,0.0,0.0008549506432564691,-0.05605351176408119,0.00038474381074482533,-0.10776726475579923,-0.12083457407239295,-0.1278302499594517,-0.10122816074462143,-0.18612739778373222,0.002082875764682357,-0.2728016530368903,-0.0010372124860013043,-0.002460053188283573,-0.10420534286099054,-0.09261190240210959,-0.0006746789827759558,0.0,0.0,-0.06253092150792045,-0.003981738170824256,0.0009761354009588108,-0.0754278737562794,-0.07302291121592452,0.0,0.0,-0.07011964626777556,-0.1308690519828531,-0.00019655897712100856,0.0028940486052919656,-0.0034902546226009967,-0.10568321545167159
0.0,0.0,-0.09138900269414635,0.0,-0.03562040834292507,-0.057755183404336274,-0.050500216133469,-0.05753832892170413,-0.08538505895635046,0.13128877347209505,-0.06125797748489442,0.07463824555067794,-0.06304605615955733,-0.061370520528502726,-0.0028013575018829284,0.0,0.0005059346856808866,0.0,-0.08294805646008208,-0.0005908741680104024,0.000591432036250783,0.0034853802700098857,-0.07815982532886945,-0.003181358499491027,0.0,-0.0015464993642609892,-0.043409609095911184,-0.06686573475931568,0.0005573624896359486,-0.00027281489465463826,-2.269136208260525e-05,-0.06255530593063047,-0.011854500579664584,0.0034615508612583223,-0.0936377484132217,-0.06631612740796394,-0.05063700572463553,-0.004467147051625042,-0.0020476166041474286,0.0,0.0010616137267007164,0.0,0.0004675316469042734,0.0,0.0,0.0,0.0,-7.605212817124452e-05,0.0,0.0,-0.00040647441122415584,0.0,0.0,0.00017804782483776815,0.0,0.000182276027950512,0.0,-0.00013403445896198463,0.0,0.0,0.0,0.0,0.0,0.0,0.0,0.0,0.0,0.0030173337699100355,0.0,0.0,0.0,-0.00044198289107832966,0.00017451800517193083,0.0013760451857619538,0.0,0.0
-0.0008426381410855388,-0.06282461345325263,-0.07862117850902511,-0.03562040834292507,0.0,-0.06447463418341626,-0.047650591573926704,-0.0812035416242543,-0.054005463052937575,-0.0605153256000146,-0.0638432651517244,-0.04788951588581514,-0.06679322184172215,-0.06622329809431055,-0.002440572328618884,-0.037310786877154556,-0.05322725386706906,-0.030586887573915367,-0.08351584412626822,-0.05736276777596194,-0.08984310595369871,-0.048229462935659495,-0.10160412540673774,-0.02942113212446873,-0.04609848261281402,-0.04509120628098723,-0.0832564732226524,-0.06507623829378878,-0.058863416018689496,-0.002574879604731628,-0.08605255408482926,-0.06076160177441697,-0.021656699421576275,-0.0682000737604424,-0.07700462788394535,-0.03862467769482958,0.009037132764746936,-0.054693875872376396,0.0020697582392961156,0.0024063214599350236,0.0014484959027172284,0.006372683497265608,-0.10778031464242926,0.00018720268944105722,2.264929663098325e-05,0.0,-0.0002462119058137535,-0.10746821728829503,0.0,-0.0010730610155383902,-0.12918751217936247,-0.0066052717537198324,-0.0991756370935481,-0.11011924734754414,0.0016331084823878461,0.008169348781912333,-2.3935783013795398e-05,-0.12494536277452112,-0.08954301626455335,-0.0015305641486951793,-0.0006549613991765901,0.0,0.0,-0.003129732068333002,-0.0014867264878347108,0.0,-0.007507606444775716,-0.11999426943432301,0.0,0.00011766871364993214,-0.0796966626318445,-0.11196530664421134,0.003226707652720595,0.008952115815894224,0.0005559290130811023,0.00504797540844526
-0.043561704966540826,-0.020203033537564363,-0.07110399256243677,-0.057755183404336274,-0.06447463418341626,0.0,-0.06354925862775856,-0.06667315282545655,-0.03314461280769221,-0.06045624602418931,-0.08602891759626768,-0.04708400412474589,-0.029756747705063702,-0.08435541541890479,-0.037490655977203524,-0.018464002239320598,-0.0038688728809411765,-0.020502021513554125,-0.07039020745642788,-0.021978978047316744,-0.04334832853237652,-0.020909172342346294,-0.043325827857919275,-0.050504875664716065,-0.025156130620662964,-0.02791528092268275,-0.03798104157264426,-0.04517760931943832,-0.020921112606183567,-0.048061062143296085,-0.0534632992869149,-0.05630766643838081,-0.05137890736124762,-0.05517336142282925,-0.04434348799752874,-0.0914130676683112,-0.05712426650228031,-0.004205977005556638,-0.09290121837482057,-0.04258512144114157,-0.10317912252221406,0.005282462720294312,-0.11855687559278938,-0.003485111326441581,-0.002089665568172805,-0.03892817322713493,-0.04870769749196635,-0.11762572084279416,0.0,-0.11760619660462929,-0.10985258671359616,-0.11326449445887088,-0.07175083061850357,-0.11355537722410702,0.004649066654237699,-0.13162585598419207,-0.0015461754008924689,-0.10835474331156597,-0.1101218489825348,-0.057714905328583255,-0.04932192045770556,5.551115123125783e-17,-0.008102265345289239,-0.12164737988337493,-0.08314100532282614,-0.060251189997363064,-0.04589176907129405,-0.09689942711331168,0.0,-0.052319353047307005,-0.041716757996297205,-0.09436978917733119,-0.11262317586279552,-0.0900296803534002,0.008192659663372792,-0.1067641779029106
-0.06425252459920167,-0.04655795469507046,-0.08979549475024035,-0.050500216133469,-0.047650591573926704,-0.06354925862775856,0.0,-0.08450117069097296,-0.08161756817286092,-0.027149758451003092,-0.07604897730702204,-0.010196233577454417,-0.03551733769487947,-0.04067306215751232,0.001584286450913297,-0.01506626630672847,-0.029863140236619623,-0.008557074182794389,-0.09844163866321065,-0.042235223392244226,-0.06214537075186999,-0.01857351191778961,-0.08244900585189052,-0.019089318954263357,-0.012887260485711372,-0.01404227359472493,-0.07188105081686047,-0.05931052612943233,-0.022214280374107,-0.003672145565214391,-0.01711721893694218,-0.05680988498899181,0.0008493409924478779,-0.017758033783077276,-0.05406549803559246,-0.06610020801252214,-0.028239112917025855,-0.011947523460684284,-0.07853156612837392,0.0005807148894573233,-0.09513032715394493,0.010795380263712184,-0.12089710502780543,-0.0006347361738606172,-0.0018300435438982077,-0.0004955516665395288,-0.07878424761327879,-0.12238850152904296,0.0,-0.11686601358426546,-0.12005439892030906,-0.11586558629947791,-0.0904605448796788,-0.12772877279771672,-0.03129163973348176,0.0018172228181420613,0.0012149727307183,-0.11190256647806751,0.0008460564353866551,-0.094124250496604,-0.0005830679683769824,1.1102230246251565e-16,-0.0008563770266257209,-0.00585253588360346,0.0044142914548689904,0.003453814039709402,-0.07568267126896527,-0.11070529206123442,-0.0022990309328794756,-0.002458574356134613,-0.05815071338092903,-0.1049033712344366,-0.11906313613071096,-0.09859280217290395,0.003618305810532463,-0.10926291406541866
-0.04293042896367938,-0.050544755908995986,-0.09277413852483402,-0.05753832892170413,-0.0812035416242543,-0.06667315282545655,-0.08450117069097296,0.0,-0.10903996473591943,-0.06138982484407707,-0.09860442101737818,-0.06578944272075632,-0.0688213384231805,-0.09985325146016805,-0.06556843368964721,-0.04765124385275926,0.0017845785219123833,-0.06747192072723812,-0.109790379761176,-0.03226092549564913,-0.057402198910582236,-0.0352702284782459,-0.04019386152231569,-0.0469415691339658,-0.05736226773770425,-0.043205211455730974,-0.05131521849221021,-0.05929985453511488,-0.04699771928979135,-0.023557505997767347,-0.03471762456006072,-0.019755248017147398,-0.042477261695905655,-0.046975504737824525,-0.04395912658155948,-0.09460417651875341,-0.03167125988647024,-0.10526072934612996,0.013590356291083072,0.005253977089333728,0.00739689778801933,0.004751057012919113,-0.13761609506714895,-1.7389464214534467e-05,-2.7950297605161545e-05,0.005930529548456798,0.0015493680957346379,-0.09804622193732998,0.0,-0.10371513590470627,-0.08668315179818142,-0.08907026467339435,-0.014538848218672906,-0.11049543654922933,0.000311570091300728,-0.10692196495715622,-1.1102230246251565e-16,-0.09816214934599721,-0.09640181331426845,-0.07550905753636289,0.005120642027997391,0.0,-1.8693724409490908e-05,-0.10983990987978609,-0.00033133465993473443,-0.009763757140023754,-0.004657245431860135,-0.06455478962414501,0.0020257817648602905,-0.002437904198102192,-0.061128366137716494,-0.07615191378561909,-0.11198095527503871,-0.06686471993437265,-0.0003394489088360264,-0.11370567514102742
-0.07530640211047385,-0.041463671500184485,-0.06561520929311077,-0.08538505895635046,-0.054005463052937575,-0.03314461280769221,-0.08161756817286092,-0.10903996473591943,0.0,-0.10097609604235375,-0.052508820250217636,-0.08755706755390474,-0.07628019453774437,-0.10613335181274736,-0.03442012872792222,-0.0525683929568273,-0.07435053172292128,-0.05675422833918148,-0.06956521864577248,-0.04832613751508774,-0.0596711749342167,-0.04061667421060727,-0.08271160416855577,-0.07868834264416602,-0.0730784521305845,-0.053030507528740334,-0.06888668392935648,-0.10407732504935119,-0.06328483987523026,-0.09005130626248259,-0.1184847736466203,-0.11303980591216867,-0.08571416605411597,-0.11179733923603818,-0.11196817346639293,-0.12392981372039719,-0.11176125066318593,-0.08981966203810543,-0.12412378669970198,-0.00709420033953756,-0.1225582797620966,0.0012836341058137801,-0.1412814171781136,-0.0003289313350086087,-0.003698509395511196,0.0,-0.061071454730610486,-0.1067650554018229,0.00019320608868278466,-0.14239678338421513,-0.1379699885350099,-0.1375782285391789,-0.1257026512386693,-0.1386071941176164,0.0014881488334977933,-0.15534774075321456,-0.0036274940962273128,-0.003158213425540013,-0.007090818758974771,-0.08264088360667654,-0.06530083650089924,5.551115123125783e-17,0.0,-0.006317632060616085,-0.003035909761458788,-0.11485135470597563,-0.06334925783195416,-0.13368445103801796,-0.00020403313607625373,-0.0003195346273679456,-0.05758162856917248,-0.13761667776272563,-0.13763355140387673,0.0033340730762118076,-0.0026586879043789535,-0.12926710275810466
-0.024831952137703894,-0.00868595114641496,-0.09207135594099675,0.13128877347209505,-0.0605153256000146,-0.06045624602418931,-0.027149758451003092,-0.06138982484407707,-0.10097609604235375,0.0,-0.07743769917242416,0.0026725891363981735,-0.03219573973099149,-0.22877288831461828,-0.005543669610809154,-0.02064218640368265,-0.012956363666455806,-0.010419203822579992,-0.09909616866874588,-0.004351869221546845,-0.021721562254364224,0.018893170041597074,-0.06871965819783454,-0.017035341427898976,0.006152244431190057,0.004296756860213358,-0.05132993866471297,-0.022726977899151624,-0.01589639296695733,-0.0024879851471021897,-0.0003840726328227517,-0.03928989154826906,-0.026167104199060376,-0.016669153777155665,-0.03615895673608699,-0.05774510610581657,-0.013945108826582842,-0.024566247764696403,0.003185544153306019,-0.07076812644027014,0.040198868013698374,0.04397758989879352,0.0803999264378904,-0.0025496057070389377,-0.05887977762648522,-0.06036538473181108,-0.004317600201611649,0.0018664253813490683,-1.1102230246251565e-16,1.6653345369377348e-16,-0.08495408733266502,0.0058312742264503,0.0009439494474811072,-0.00010232255219233544,-0.027550797436717733,-0.0017360040866374327,-0.03891176229580118,-0.016449576244457975,0.0,0.001001445370509113,-0.012240465677363255,-0.03381171637363756,-0.026316938642762022,-0.0006873932648114867,0.0005578254507502822,0.0006611239733105845,0.0041069853625950725,-0.08102657092463045,-0.03332451054251151,-0.028497305914656212,-0.02504492498443217,-0.0738780719425089,0.003621596864614496,0.0032976617832591315,-1.1102230246251565e-16,-0.029203634613399143
-2.8610176725341052e-05,-0.0010337007866083603,-0.05082845291688021,-0.06125797748489442,-0.0638432651517244,-0.08602891759626768,-0.07604897730702204,-0.09860442101737818,-0.052508820250217636,-0.07743769917242416,0.0,-0.07416525910995742,-0.09206761646140366,-0.08766837544927375,0.0,-2.0660101809011344e-05,-0.07468595634744407,-0.05764326040513834,-0.03889401669006878,9.495111680579704e-05,0.003086408657261952,0.018263520043233783,-0.09884644675051416,-0.05784940731300248,-0.060208469218955174,-0.005770088655213279,-0.0629192668143323,-0.09769891183075397,-0.02441525500018632,-0.09493493772429884,-0.10659898617615532,-0.060349062933022835,-0.06432796895733178,-0.08910934553770711,-0.096267138617038,-0.10923008466259737,-0.06836880250597793,-0.07773176510139329,0.006833543104517559,0.002848236492122347,-0.0005356324987914052,0.0007718983192940843,-0.1335295621711624,0.0029715091096469415,-6.468086142508156e-05,0.0,5.551115123125783e-17,-0.045991809652719484,-0.0001666405516861924,0.00919127354516236,-0.16848482332503906,-0.004298068609204453,-0.00493857151990551,-0.10886503644531786,0.003237386721538782,-0.08326746345923822,0.001137802155680434,-0.001178097214448448,0.0073375006611079985,-0.0003489775670473261,0.0,0.0,0.0,0.002927334083238753,-0.0034696312060660817,0.0,-0.0004903424500570241,-0.1111153912218446,0.0,0.0,0.0004406729138511367,-0.11349142316694005,0.0015195371933172663,0.002636032998311444,0.00036294217390842043,0.004622371449980067
-0.02492772008574634,-0.004071716099214806,-0.08421958938764018,0.07463824555067794,-0.04788951588581514,-0.04708400412474589,-0.010196233577454417,-0.06578944272075632,-0.08755706755390474,0.0026725891363981735,-0.07416525910995742,0.0,-0.027970717319691918,-0.14147186523353253,-0.0031901927668203656,-0.005743495276972654,-0.010761853638221686,-0.0031530472441256285,-0.11002840767098965,0.0012614770834677436,-0.025548474755994255,-0.00783739893369817,-0.05894369048956177,0.004433327051414859,-0.0009055537005988601,-0.030153357249313117,-0.02690179003271609,-0.024595450408748387,0.0025461718179053405,-0.011817776340122543,-0.007772464742504093,-0.018978033996628174,-0.017277216807516482,-0.034390097784730844,-0.02723818802972333,-0.050078148604627504,0.01660510408076382,-0.03600284486155189,-0.008315933149701304,-0.060037155986125856,0.07361551150775647,0.07089254891050484,-0.010901319933831144,0.001121332635467348,-0.015928888682780418,-0.04794319868510938,-0.0005032770613001003,0.0008786443283106959,0.0,-0.000431025811944985,0.0015721410609612074,0.00040641685955922213,0.0,0.0021506916080392124,-0.01762925938707155,0.0016035089999911767,-0.02083941662839972,0.0015010068634336293,0.0,9.474468478298803e-05,-0.009113064141214267,-0.03267630729654941,-0.030061604451300683,0.0,-0.00018175774981288306,0.0006880266653482292,0.002385323778348103,0.0012026178531881482,-0.01913794136177599,-0.026772656104431025,-0.018560304035284636,0.0008322427650587216,0.025952235060572815,0.0023176097357126,0.0,-0.012750024840763985
-0.0391402931574078,-0.03583993613594488,-0.0954810935865833,-0.06304605615955733,-0.06679322184172215,-0.029756747705063702,-0.03551733769487947,-0.0688213384231805,-0.07628019453774437,-0.03219573973099149,-0.09206761646140366,-0.027970717319691918,0.0,-0.07575343732273937,-0.03451355947243073,-0.015954118186719324,-0.027512535551287465,-0.00877732695459521,-0.11051369312552184,-0.028329601242388314,-0.055662502514390366,-0.012201037539743942,-0.06955216082767185,-0.026763546596440868,-0.017408077086401408,-0.010000394840545879,-0.05672561871314846,-0.03540554978837768,-0.02276650619548931,-0.06405465153553291,-0.03715656502567394,-0.06298051892793871,-0.023551050974425114,-0.03704190882334951,-0.07059233206983467,-0.0814953628914159,-0.05716423390477737,-0.03966332160656616,-0.07231183171119215,0.0006447391774799804,-0.07640862775704438,0.009285976512403038,-0.11367645286207001,0.001024276388661316,-0.0022931910988151505,-0.0005694430400853268,-0.058989617598201316,-0.11187763027663761,0.0,-0.11505436791590729,-0.10546125599039446,-0.10672772046357754,-0.07907775978797321,-0.1186708458477505,-0.011123107179093428,-0.12237647772802052,-0.002256709505261578,-0.10361778515617892,-0.0877189938761444,-0.08122600715394512,-0.0650517573799973,0.0011976662583629838,0.00048584540657237163,-0.1086295861162721,-0.0885422522172638,-0.0955704791825931,-0.061195830476559465,-0.09756190483648208,-0.0011204640166785906,-0.013594241278040153,-0.047145916894321016,-0.09302051713176923,-0.10920497654155853,-0.08996918335868415,-0.09448125992590972,-0.1028056610929739
-0.0002980224426773481,0.0,-0.1023680649399733,-0.061370520528502726,-0.06622329809431055,-0.08435541541890479,-0.04067306215751232,-0.09985325146016805,-0.10613335181274736,-0.22877288831461828,-0.08766837544927375,-0.14147186523353253,-0.07575343732273937,0.0,-0.0002617391519399437,0.0,0.0,0.0,-0.08706681299430791,0.00048203159766047055,-0.0018780116071118735,0.0011989578148074997,-0.11094076291118682,-0.006699388470095213,0.0001626744550008441,-0.0024603436970666026,-0.0943397381333766,-0.07364989128856841,0.0004610292991426568,-0.0004557310335639442,-0.005216436366043353,-0.07517108316240059,-0.00047043375091976314,-0.002205173321228493,-0.00494757839837523,-0.06092695641400378,-0.04851181600108556,-0.0018142113425623219,0.006454378479178735,0.0,-0.0014738435902707514,0.0,-0.08385473390685183,0.0,0.0,0.0,0.0,0.00013820256852614676,0.0,-0.0025556602726705124,0.00794076049160436,0.0009038597852928931,-0.002001426486279545,-0.006082502325494565,0.0,0.007203023640967754,-0.0004585383708355373,-0.005206724787310768,0.0013547839079772195,-5.551115123125783e-17,0.0,0.0,0.0,-0.0068693346994267435,0.0010274845422624246,0.0,0.0,-0.00984528290670661,-0.0006062947030599508,0.0,0.0,-0.0026754587578048383,0.0036872318756737688,0.0029704726814835936,0.0,-5.551115123125783e-17
-0.012207421352959436,-0.032318597880728495,-0.004002114103328902,-0.0028013575018829284,-0.002440572328618884,-0.037490655977203524,0.001584286450913297,-0.06556843368964721,-0.03442012872792222,-0.005543669610809154,0.0,-0.0031901927668203656,-0.03451355947243073,-0.0002617391519399437,0.0,-0.012071941697511024,0.0020175737535585436,-0.05709503070806543,0.0,-0.0065834973328027235,-0.01610713415804682,0.02429046197386986,-0.016202973162045053,-0.036077290789543415,-0.081922280703979,-0.03490913063016177,0.00760860573344313,-0.03185280221873482,-0.01652367403991073,0.0005764811246981583,-0.014924935434007969,-0.02366065131806283,-0.039836276521827085,-0.016247630889248244,-0.022761801452277075,-0.03725109282415329,-0.02628122877509631,-0.004728732487946141,-0.04298520798522221,-0.0579477217951902,-0.042578616460059115,-0.037924288863238675,0.015552473165355463,-0.0010133952410026348,-0.0010996499660725356,-0.005027765974715881,-0.04453313834019096,-0.0031706301353947586,0.0,0.0,-0.06756691168867351,-0.0006623522892434952,-0.0604667546245351,-0.0015312062623205613,-0.00015116192677161466,0.0,-0.0013871495908313602,0.0034386589495847275,0.0,-0.06210755612973734,-0.047822139100581196,-0.0007523173692025598,-0.0006276195523237105,0.0,-0.07002498517849504,-0.04072470457184474,-0.05318498124343313,-0.07089111268646053,0.0027862579550957944,-0.0532977655101145,-0.050317622017119146,-0.0678771809058411,-0.07600670797909881,-0.08265983452950915,-0.0012989690375828644,-0.06452930277732155
-0.019045904493436683,-0.017049570421074356,-0.051281180015087524,0.0,-0.037310786877154556,-0.018464002239320598,-0.01506626630672847,-0.04765124385275926,-0.0525683929568273,-0.02064218640368265,-2.0660101809011344e-05,-0.005743495276972654,-0.015954118186719324,0.0,-0.012071941697511024,0.0,-0.05187446281215463,-0.03794101094474406,-0.0011702189395187967,-0.03294221512935197,-0.02505443688653286,-0.024187022609224618,-0.041768044545120564,0.0081607418957787,0.001402987558857427,-0.00460282617265767,-0.010361451978125491,-0.02935837235775962,-0.03053064391366256,-0.022873161775528172,-0.013286630297880075,-0.026215821013031826,-0.017721924378984566,-0.018636673985615804,-0.041356211359206474,0.00520866248296431,0.002486074920473813,-0.0009294201243812417,-0.03920836420635537,-0.05070395595720151,-0.03656141055460438,-0.04682448005634848,0.0024908401982064454,0.0,0.0,-0.03310015801326027,-0.059522100949415124,0.0,0.0,0.0,-0.03398536472519209,-0.004811148597589132,0.0006613663729017616,0.0,-0.0034231097742805083,0.0,0.012959828229734294,-0.04800957802305067,0.0,-0.032037201174180685,-0.04779793747964528,-0.006273372675892619,-0.019838527733389344,0.0,0.0005715522881626356,-0.021839120317872607,-0.03390916371090513,-0.055235017000149544,0.002441539656700853,-0.04455929775373019,-0.046942954344527776,-0.04786365103882656,-0.002151359977005496,-0.04296271906437582,-8.164394346610315e-05,-0.04065177064561487
-0.008134473473835224,-0.00600599564029497,-0.0020360468191393255,0.0005059346856808866,-0.05322725386706906,-0.0038688728809411765,-0.029863140236619623,0.0017845785219123833,-0.07435053172292128,-0.012956363666455806,-0.07468595634744407,-0.010761853638221686,-0.027512535551287465,0.0,0.0020175737535585436,-0.05187446281215463,0.0,-0.04817072850776105,-0.003955119081079539,0.04331297439769399,-0.0015882680542022576,-0.0016078140940627983,-0.03449104432354472,-0.007710112730768659,-0.021121920771034308,-0.008157997370669134,-0.0038183872035470467,-0.01344908331331951,-0.0023776748114944235,-0.002910485814442809,-0.019045006717840207,-0.025879172403823425,-0.02966819812053223,-0.024800945665761187,-0.03340539575898488,-0.040463475788179104,-0.0015111077826383545,-0.021522747625183414,-0.017649709501238953,-0.07031409283801093,-0.02347934371934074,-0.010962788228536247,0.0,0.0,-0.007689836649945436,0.0005067490287478105,-0.003481995940079474,0.0,0.0,1.6653345369377348e-16,0.00030443540127877977,0.00024625204786132837,0.0,0.0,-0.034623729266341496,-0.00043703128175354156,-0.04390384327718394,-0.00040952626863260955,0.0,0.0,0.0009446037244889016,-0.036167318840864715,-0.030709110063375955,0.0,0.00022005173284944668,-5.551115123125783e-17,0.0015855928644021855,-0.0007159519105049972,-0.03736787908673106,-0.028021032923647105,-0.029531367315203116,0.0,-0.00016741691466110042,-0.0017261992889022193,0.0,-0.01918161310364508
-0.004389855596300896,-0.013722867404930172,-0.06721869792156004,0.0,-0.030586887573915367,-0.020502021513554125,-0.008557074182794389,-0.06747192072723812,-0.05675422833918148,-0.010419203822579992,-0.05764326040513834,-0.0031530472441256285,-0.00877732695459521,0.0,-0.05709503070806543,-0.03794101094474406,-0.04817072850776105,0.0,-0.0773697551872819,-0.02248104735940254,-0.03285208013371854,-0.004140097734028347,-0.08100168060474916,0.012370351257890766,-0.005900833165004948,-0.00012237110034102328,-0.04236930981140119,-0.012235107443183624,-0.0442048863859264,-0.008963133578206994,0.0028826928448697497,-0.04134027217486541,-0.0024274911042548863,-0.006547025381783145,-0.020850256052112215,-0.010410534569485597,0.0,-0.008744273598070063,-0.023619310030487672,-0.025646450297019896,-0.007020048040024429,-0.024102225996367466,5.551115123125783e-17,0.0,-0.0033606105228897176,-0.03427545797835624,-0.05067334392942102,0.0,0.0,0.0,-0.011088315710037044,-0.0004277893399030619,-0.0002024419861458293,0.0,-0.0052016080471484205,0.0,-0.005954081606629302,-0.007237781320916792,0.0,0.007817298896321323,-0.03736034171530228,-0.013656224971238085,-0.020078886258815654,0.0,-0.020429811932272113,0.006808514541997102,-0.031344635616126104,-0.0013361395747025773,-0.010921275873522929,-0.021132407799266395,-0.02109644180767356,-0.030089690445146033,-0.005453463574976947,-0.017522458012517783,0.0,-0.005541095279659569
0.0,-0.00292652414483463,-0.04197886871142803,-0.08294805646008208,-0.08351584412626822,-0.07039020745642788,-0.09844163866321065,-0.109790379761176,-0.06956521864577248,-0.09909616866874588,-0.03889401669006878,-0.11002840767098965,-0.11051369312552184,-0.08706681299430791,0.0,-0.0011702189395187967,-0.003955119081079539,-0.0773697551872819,0.0,0.004714454420877645,-0.0530389474570267,-0.04358250674414088,-0.11152977016494786,-0.0010479036811389952,-0.0809218820688219,-0.004068507823541845,-0.048058165494659466,-0.11341064255381123,-0.09604783832236197,-0.00047877596315049065,-0.1197949682588102,-0.10520069209362498,0.0021204648174088514,-0.1115023956026236,-0.11983038245919819,-0.10606715593481714,-0.10336732518534503,-0.0990076723821961,0.010275284815956909,-0.0016703154986392188,-0.002338177751636694,0.0004940705607633378,-0.1173895451482424,5.551115123125783e-17,-1.6653345369377348e-16,0.0,5.551115123125783e-17,-0.028074826016003307,0.0,-0.09939603855828216,-0.11887192818892628,-0.12151698843090808,-0.08083653845212246,-0.11505133658098965,0.001588038460435981,-0.15087856876100658,-0.001584672224697714,-0.12496536694093774,-0.004663171225701701,-0.0027668417936650425,0.0,0.0,0.0,-0.08069212123644315,-0.0036134029895681374,0.0,0.0016531229863795405,-0.11565609634525187,0.0,0.0,-0.0004929793714931741,-0.08914304356665742,0.0001812787565242946,0.006058987088410517,0.0011124024982492875,-0.0014302034211971515
-0.02550882569082219,-0.009129035946425113,-0.05149299880534364,-0.0005908741680104024,-0.05736276777596194,-0.021978978047316744,-0.042235223392244226,-0.03226092549564913,-0.04832613751508774,-0.004351869221546845,9.495111680579704e-05,0.0012614770834677436,-0.028329601242388314,0.00048203159766047055,-0.0065834973328027235,-0.03294221512935197,0.04331297439769399,-0.02248104735940254,0.004714454420877645,0.0,-0.02655455907002352,-0.023156078181098716,-0.05618597370345002,-0.041108747869845474,-0.03375835474938971,-0.015594174526867843,-0.002832758373911004,-0.06360351040523726,-0.03784910136418662,-0.0824510879978329,-0.013852896994717367,-0.009927516789707436,-0.016975355495151,-0.01910831757981729,-0.030856100611462267,-0.01992777709820498,-0.012655545938083435,0.0038263531137863738,-0.05884142136829623,-0.02597341724013924,-0.06554951271353421,-0.06360746623674646,0.015409416842738,-0.00042456807011614917,-0.0015187426563180173,-0.03254731671132999,-0.0487724482475963,0.004113792668880678,0.0,-0.0024354611623113587,-0.07331607137600155,0.0009024664922446246,-0.06412168892732573,0.00192463604277876,-0.000859185779516547,-0.0025599064871364985,-0.00039095902426400375,-0.08572407499352513,0.0,-0.06332670231111215,-0.04856687204516846,-0.00048482349100265054,0.0006097001587010431,-0.0022685678364733897,-0.06778376644535655,-0.06086935560574147,-0.045971734009438214,-0.08243013783681763,-0.002349454941561857,-0.05444356669279998,-0.039690073090811906,-0.0726512590513283,-0.08779388455886894,-0.07409544187721562,0.002702133764404757,-0.06885658432019975
-0.04055921937441764,-0.023924095203432527,-0.07506441041727557,0.000591432036250783,-0.08984310595369871,-0.04334832853237652,-0.06214537075186999,-0.057402198910582236,-0.0596711749342167,-0.021721562254364224,0.003086408657261952,-0.025548474755994255,-0.055662502514390366,-0.0018780116071118735,-0.01610713415804682,-0.02505443688653286,-0.0015882680542022576,-0.03285208013371854,-0.0530389474570267,-0.02655455907002352,0.0,-0.0139378765107252,-0.027243178572648463,-0.05128547379397275,-0.035369024766761126,-0.016867563848841083,-0.012855525253132494,-0.04535491373163825,-0.019740267781699017,-0.03162852657094489,-0.024980624060469248,-0.03508466907304292,-0.0512285340526088,-0.014739609784749919,-0.028203769314939675,0.00012051698956105916,-0.012564435346151703,0.0034597283063453332,-0.04190461664334966,-0.0557475248453011,-0.04280673407369551,-0.028118779119888804,0.0021070464465934857,0.0,-0.0006028536094562775,0.04795071499856479,-0.03814150610121386,0.00020064051888324386,0.0,0.0002978064701694705,-0.07598922664183355,0.00416885899642655,-0.027763776175334987,0.0014092694200880107,-0.0010686215721963377,0.0,0.0010812593093931233,-0.09499294995386598,0.0,-0.04645564822350945,-0.040378122508968384,0.0,0.0027047907568857332,0.0,-0.07376879080471349,0.02472426729735172,-0.03803985493574691,-0.0659919109961497,0.006662612338064311,-0.039097151211410885,-0.016474989240388704,-0.06555623346107381,-0.09568276271588305,-0.0805729661964818,0.004698622352021176,-0.06080785128799915
-0.022743382027123005,-0.018505180780618025,-0.04561453476036065,0.0034853802700098857,-0.048229462935659495,-0.020909172342346294,-0.01857351191778961,-0.0352702284782459,-0.04061667421060727,0.018893170041597074,0.018263520043233783,-0.00783739893369817,-0.012201037539743942,0.0011989578148074997,0.02429046197386986,-0.024187022609224618,-0.0016078140940627983,-0.004140097734028347,-0.04358250674414088,-0.023156078181098716,-0.0139378765107252,0.0,-0.018987309943436614,-0.008539528834787091,-0.01304975549442644,-0.012446081103719697,-0.011735431121521311,-0.02940053949564081,-0.026596490662463113,-0.01817864298633093,-0.003938242274603432,-0.007377153691431382,-0.02242211492810925,-0.0010681155223181138,-0.011285233167758812,-0.015270645905630542,-0.02264188814117596,-0.0024707268766115953,-0.03244699668494061,-0.040355932734946365,-0.036829674019277114,-0.0454473074290509,0.008075953441287698,0.0,-0.0008046067464895779,-0.04160292271094451,-0.03813098412567878,-0.0037891076534011248,0.0,-0.00039004257106295404,-0.03476126859782247,-0.0007182501534346852,-0.04303449696639494,-0.005985508162154651,0.0034893008641276313,0.0,-0.0004956787408609276,-0.04948997919793108,0.0,-0.06019363651152393,-0.03921966916257569,-0.0020498878512482666,-0.0381000067500491,-1.1102230246251565e-16,-0.05431656321813799,-0.049182312843558396,-0.040031015591030394,-0.06092972420072773,0.003619741806699883,-0.03542707970430037,-0.039813458671060564,-0.04820705874666187,-0.06995907574331167,-0.05420928279469045,0.001424383632716797,-0.04806828695428894
-0.039414346347573015,-0.04135551113954539,-0.06897643756492022,-0.07815982532886945,-0.10160412540673774,-0.043325827857919275,-0.08244900585189052,-0.04019386152231569,-0.08271160416855577,-0.06871965819783454,-0.09884644675051416,-0.05894369048956177,-0.06955216082767185,-0.11094076291118682,-0.016202973162045053,-0.041768044545120564,-0.03449104432354472,-0.08100168060474916,-0.11152977016494786,-0.05618597370345002,-0.027243178572648463,-0.018987309943436614,0.0,-0.04463764426021166,-0.05645187820629294,-0.03787088062855953,-0.03085925564152031,-0.0632496417942755,-0.04235658356904609,-0.03544792659377888,-0.04020915840784778,-0.04878003456467461,-0.06067839511665968,-0.04481013173655285,-0.042346865651940346,-0.1160087910085087,-0.04212727693512819,-0.0489030715373841,-0.09207914193430505,0.004948702250110681,-0.09731315959224923,0.002620845100569258,-0.13872359968848053,-0.08598367576932464,-0.005005129343250647,-0.0035818061577069793,-0.06661271365253191,-0.07824231448899971,9.272218668415766e-05,-0.10569413045073456,-0.09918797215945069,-0.10819067689074047,-0.051992013965046546,-0.11663509773135744,-0.09299571582367322,-0.12045011005680273,-0.006680902321502036,-0.10136253571041509,-0.0988787788245663,-0.07682056994677072,-0.05028439616555169,-0.0021335453011391836,0.0068736066562556375,-0.09221048388222458,-0.08730823760225509,-0.06595406004946441,-0.0615776703603525,-0.08394647132866812,7.226274649635434e-05,-0.051076275230532986,-0.052385950703635054,-0.08811643353379478,-0.10945952746843185,-0.08818158556509992,-0.09709682807497966,-0.10047968081821518
-0.03028395556786717,-0.009927962369808307,0.0012703352570448412,-0.003181358499491027,-0.02942113212446873,-0.050504875664716065,-0.019089318954263357,-0.0469415691339658,-0.07868834264416602,-0.017035341427898976,-0.05784940731300248,0.004433327051414859,-0.026763546596440868,-0.006699388470095213,-0.036077290789543415,0.0081607418957787,-0.007710112730768659,0.012370351257890766,-0.0010479036811389952,-0.041108747869845474,-0.05128547379397275,-0.008539528834787091,-0.04463764426021166,0.0,-0.002186959725727411,-0.0006244252737759859,-0.03485485031157015,-0.023675209784184026,-0.014585618614839424,0.0010537449304228175,-0.005679745691255622,-0.00017005308631889982,0.0010341947929385364,-0.03422110720372201,-0.039315958412299346,-0.01788321361862799,0.014336988119672323,-0.01894784628801055,0.05167732447530132,-0.038883808993474656,0.026341691223565666,0.03053618642694822,-0.008845416272562967,-0.0003174702502467541,0.009266545820608707,-0.030147714952796167,-0.06764048527265382,-0.00019889205804141108,0.0,0.0,0.006434460712724965,0.0025654732465962837,0.0008487439547962827,-0.0013779085477295117,-0.005926462366278529,2.173370271241204e-05,0.002294777939276682,0.008140124050083797,0.0,-0.0009212497307822254,-0.05282464028602557,-0.041928682013789076,-0.04613054245214088,0.0,0.00227132069517344,-0.0036746551906369773,-0.05633107149769262,-0.004246007411392139,-0.005370784829858644,-0.045003811363973356,-0.03550194806248835,-0.0015258582560804257,0.005914764819492824,0.0020931096425986784,0.0,-0.041348122770834606
-0.02126483494451309,-0.03530517807461886,-0.06775060725068188,0.0,-0.04609848261281402,-0.025156130620662964,-0.012887260485711372,-0.05736226773770425,-0.0730784521305845,0.006152244431190057,-0.060208469218955174,-0.0009055537005988601,-0.017408077086401408,0.0001626744550008441,-0.081922280703979,0.001402987558857427,-0.021121920771034308,-0.005900833165004948,-0.0809218820688219,-0.03375835474938971,-0.035369024766761126,-0.01304975549442644,-0.05645187820629294,-0.002186959725727411,0.0,-0.02405395779420194,-0.03372150841666233,-0.012613270634401264,-0.03762318800565234,-0.001682802165157704,0.008718919895646382,-0.02386294844894249,-0.008265505168015275,0.00154763306652278,-0.01474324991405862,-0.010696152691407612,-0.000659182672616776,-6.506464273647872e-05,-0.04453562817440704,-0.045732803627762664,-0.029974423932560834,-0.041294777081478884,0.0007635550393464419,0.0,-0.004048608453330438,-0.050343182653417085,-0.0717462390352846,0.0,0.0,0.0,-0.02438970545513247,0.005534060984616618,-0.03627933954953988,0.00033302320055833556,-0.016496504419229063,0.0,-0.017339469088730797,-0.025445926150320708,0.0,-0.05920772962088605,-0.0499501819242284,-0.029030222106960102,-0.038619978308272684,0.0,-0.028519139768948265,-0.03848706236943611,-0.0405173191687318,-0.05261711474460273,-0.020413715542909716,-0.04789767112353488,-0.0483697121623039,-0.04970967253321901,-0.03050327045223722,-0.025275910705969684,0.0,-0.025216373383348867
-0.007981656160080619,-0.012291428715423103,-0.0582834923493078,-0.0015464993642609892,-0.04509120628098723,-0.02791528092268275,-0.01404227359472493,-0.043205211455730974,-0.053030507528740334,0.004296756860213358,-0.005770088655213279,-0.030153357249313117,-0.010000394840545879,-0.0024603436970666026,-0.03490913063016177,-0.00460282617265767,-0.008157997370669134,-0.00012237110034102328,-0.004068507823541845,-0.015594174526867843,-0.016867563848841083,-0.012446081103719697,-0.03787088062855953,-0.0006244252737759859,-0.02405395779420194,0.0,-0.011274005190139824,-0.005540336947337132,-0.023956759719068743,-0.020248420201914974,0.0005097294462385604,-0.011044220066976917,-0.03549880276538847,-0.006853451915410702,-0.008685323230828212,-0.01343197880154251,-0.03229894710591824,-0.015213018916781784,-0.05148605616518831,-0.06792503037161496,-0.04676049071195554,-0.05133523494590997,-0.013699755855797024,0.0,-0.047996027664631624,-0.035034568072141115,-0.06514156772073254,-0.004430855172936454,0.0,-0.0003421210776345385,-0.03640363791027257,-0.03906508560714045,-0.02754201852288002,-0.014386291100379867,-0.023648413240961674,-0.04359703354430694,-0.028487899916916137,-0.03590620803352951,0.0,-0.04318978507959864,-0.05959744598866046,-0.03313255902904649,-0.04132321108670267,-5.551115123125783e-17,-0.04280265204907818,-0.009894686499151872,-0.03881507196452183,-0.04634461568595505,-0.022770101090692774,-0.049494385350236814,-0.04876105130042957,-0.03420130901507956,-0.03736165218592069,-0.03951175654795308,0.0003261696159361227,-0.04136966629899347
