0.0,-8.672124376868373e-05,0.0038335721929959043,0.0,0.00035166598753810785,0.0038409157606677513,0.013629589343914283,-0.002832546574763173,-0.0019346620717544116,-0.02639058986492332,-0.0007701538316621237,-0.025712639354768807,0.012738187812176227,0.00647047046918503,0.020971407594135738,-0.012000118569182427,-0.029344584913402416,-0.008377602099203518,0.0,0.01737412040446168,-0.01708993292643962,-0.005721296001243437,-0.003964542157354201,-0.011967173962348365,0.0007508957163263053,-0.009357711783112899,0.0014159137725674453,0.002180860022059583,0.0020460383332921994,-0.00459732111730371,0.01088979517268368,-0.005688944261531437,-0.015267739014522663,0.00565035685071652,0.009245223625296006,0.003762429611591178,0.0,0.014087167511117882,-0.024090528154824653,-0.024311305139990302,-0.005737388287042067,0.019680887923798518,0.0,0.0,0.0015040937107505536,-0.015700032219764015,-0.005208513926207692,0.0,0.0,0.0,0.004251533192550561,0.0,-0.003748037474342658,0.0,-0.032419222098791056,0.0,0.02243531382637609,0.004640774030757244,0.0,-0.007792798291967662,-0.018913426735270078,0.015374898875006315,-0.01200606118690839,0.0,0.003292716853546984,-0.05722297243447483,0.01580096985799956,0.0014066167764970605,0.03195886545907145,-0.004643066742284541,-0.019492350141988024,-0.004299886623010618,-0.0009999291405683453,0.009870974589460568,0.0,-0.05640536708482152
-8.672124376868373e-05,0.0,0.013265017193472561,0.0,-0.013644177465503726,0.008461351171156761,-0.0033741775012076647,-0.016844658813163493,0.003298025360251311,0.01586941569856215,0.001654813310433545,0.009444243849738576,-0.0013346679528138394,0.0,0.004293243286982662,-0.04110338000237962,0.01600600695196891,-0.021528725616715982,0.003892390158026393,-0.002085660689689184,0.008085962558043391,-0.014773272772137469,0.00270004320118572,0.00722736975740923,-0.020009831994339644,-0.008949982493637376,-0.00769641920039138,-0.012028419871330909,-0.008455407121105707,-0.018151349271467332,-0.015447349680281552,-0.023817260434860543,-0.008443896901907555,-0.01806416256028126,-0.016370851742933845,-0.05095696998443239,0.0015079579382093478,-0.00015238961571478749,-0.001463556483782491,-0.0027579122906521425,-0.001832381240637615,-0.0021319770397814075,-0.006549285983213637,0.0,0.0001419896836310497,0.007208741372783156,-0.0075029350634731595,0.0006602790411331938,0.0,-5.551115123125783e-17,0.0012109170641379507,-0.0009043815765286123,0.008425447363031635,0.05177529319017088,-0.03271403748605223,0.0,0.007094267802696119,0.0103637734033733,0.0,-0.007893910080039201,-0.01660265136286526,-0.03939918158755351,-0.0212479166220928,0.0,0.007765986339035524,-0.01076338889962003,-0.005743380938966369,0.004597040460948498,0.01849279050675029,-0.01167988505984452,-0.006379164625475386,0.010687784788131316,-0.007829514078235789,0.005718468880816063,-0.0005004326360306122,-0.00011061392321409791
0.0038335721929959043,0.013265017193472561,0.0,0.015267950346976922,-0.015251305409983262,0.009526099311607361,0.0036422469400281265,0.014751229642238184,-0.0011038982825417598,-0.00140637933524429,-0.005745959582208526,0.00046827974489627167,0.004919768844509342,0.009919745705599115,0.0018997880868237282,-0.013700932746132877,-0.04365683453906588,0.0030726907802272607,-0.0085298852792485,-0.00792713748163082,0.008916895401825498,-0.01260115661439637,-0.02524550180726276,0.000471248227380483,-0.02672713429441753,-0.052113333968791864,0.026309945796741063,0.005614891988713733,6.809040647764997e-05,0.014649788846003542,0.00837769464116589,0.00823856963734515,0.00794044166115676,-0.00605660120057766,-0.023700892109393967,-0.01211563281538125,-0.012639136317158961,0.005150086518165065,-0.010329788094540049,0.0006685038668671761,-0.00815794080441612,-0.0005375705373148465,0.001560150918890335,0.0030407651277643555,0.0004626032415578907,0.0,-0.0004247750910840731,0.08217920310788518,-0.0006159221192207909,0.012387709056962404,0.009932398037676093,-0.00427349612663519,0.01130632111565566,0.014185627623420682,0.002498419762815729,0.06645314855957363,-0.0007192034634658784,-0.001618276303539834,-0.009228274753241117,0.0023127316491519667,0.001080068599570827,0.0,0.0,0.10427734764618768,0.0006959715668550803,0.0015187074057000927,0.0029209478825234503,0.019504281939516477,0.0,0.0,-0.0004913208627697618,0.03495534442582682,0.004754241601781062,-0.015118652705137958,0.0058604119286399525,-0.0063802105833364875
0.0,0.0,0.015267950346976922,0.0,-0.035122588530407506,-0.031103574926182154,-0.031595198176268435,-0.004491293022829468,-0.016572224416323,0.02645245068027441,-0.020638263264176726,0.010215723597250315,-0.004905462100566693,0.014190222817431541,0.004236061561970761,0.0,-0.00047235337184448056,0.0,0.019618245590383276,0.0046445446757288344,-0.00013677548746282575,0.0030076698259164925,-0.005701313481462578,-0.005410451579277942,0.0,0.005282309296683607,0.009226774071253552,-0.019932418815409303,-0.0005709207346496492,0.00043673926227760784,-0.012885783675203155,0.025077463395185073,-0.05731351128110962,0.0603925107976086,0.06604686642592111,0.006118177973536726,0.029252605151405042,0.005602277606332751,0.0015901304828910279,0.0,-0.001699498102586905,0.0,0.0003940311522815376,0.0,0.0,0.0,0.0,0.0001217490357127704,0.0,0.0,-0.0007696354999237043,0.0,0.0,-0.00028503016951547666,0.0,-0.0002917989433046664,0.0,0.00021457080193876266,0.0,0.0,0.0,0.0,0.0,0.0,0.0,0.0,0.0,-0.0007725649342669172,0.0,0.0,0.0,0.0014997101426151294,-0.00027937941192501814,0.0002823990440666835,0.0,0.0
0.00035166598753810785,-0.013644177465503726,-0.015251305409983262,-0.035122588530407506,0.0,-0.012649817354639048,-0.014541792583139035,-0.009399250820909755,-0.015039569982071288,-0.029411914462039612,-0.023169012823172963,-0.0013523802499479376,-0.010067338218691657,-0.006733455696745383,0.00444280526689661,-0.043395997944749576,-0.045027908506269754,-0.043458076417231595,-0.03398510633124191,-0.0346860497442435,0.007814152772156802,-0.03527812884098125,-0.006646880460546234,-0.03946230051692223,-0.02555717146577352,-0.03460832268993491,-0.013969367428867396,-0.03718669806414643,-0.01893835421096951,0.013900166446368156,-0.011774592889421398,-0.05273141299447509,-0.014980101401237789,-0.03501941012823734,-0.024744001221229384,-0.023025708101674702,-0.018782893966589942,-0.008870651540060337,-0.004179173849619744,-0.005679142187054509,-0.009689378603063514,-0.00830218795115878,1.0829477414653343e-05,-0.0002996858532462454,-0.0014963828028869974,0.0,9.813987869311536e-05,0.014980254924126024,0.0,-0.0011347734625252182,-0.012543664353637518,-0.013393730170848328,-0.0305131740872846,0.004257542223220723,0.0015327254750712171,-0.00021506008295035794,-0.004460554840499453,-0.014421420482786329,0.0740945410770727,0.0014611289891639512,0.0010485034501459545,0.0,0.0,-0.016444365095262314,-0.03620500761294321,0.0,-0.0320347780860783,-0.006965090383099781,0.0,0.00016766688095881666,0.005279506849493465,-0.0025923552866451427,-0.01763180926395086,-0.026104818172222044,0.0023381904180473922,-0.016144919850438866
0.0038409157606677513,0.008461351171156761,0.009526099311607361,-0.031103574926182154,-0.012649817354639048,0.0,0.0010665318197723983,-0.003597882942179109,-0.0054945670068062835,-0.01611993179021093,-0.032233644397214656,0.00038879179921513796,-0.00274190727264928,-0.013509286562734979,-0.016071825260567718,-0.013253487505418438,-0.03368278727817964,-0.012077593936826503,-0.007440319557034336,-0.015343268544015187,-0.008288561578563447,-0.013795582170793685,0.0059955102746669375,-0.0242005260087354,0.010210478904211007,-0.01818945248799103,-0.007546549945898262,-0.0010926778350215938,0.005305834857265601,0.008805944886498496,0.0013836287086707588,-0.019821111189740226,0.007789757976992551,-0.01455751115054793,-0.025099655097988394,-0.016605114018454215,-0.03286561239593433,-0.010027857904624349,-0.023290482110004562,0.0530866272359824,-0.01473119064015771,-0.04558135372869643,-0.034383167511364054,0.01267866960299363,-0.0006090394751378514,0.0028858247726221142,-0.004768335552830849,0.003044489915252191,0.0,-0.011140902192023905,-0.010776002756428205,-0.018521179192529713,-0.010689399432751323,0.0005551242189504313,-0.030407780625291814,0.018590605480683475,-0.0029453499186772314,-0.01796906525455705,-0.006721214535476916,-0.000344077419836164,0.011769824833151588,5.551115123125783e-17,0.002506473228150008,0.0011903258728689359,0.0022083531809563572,0.0427840950194463,-0.0003930747282946956,-0.010781934883890065,0.0,0.0076841468548529135,-0.00353938121704106,-0.0007053656710297451,-0.01322751729235161,-0.007949734506240702,-0.022135244797797438,-0.012689174993449015
0.013629589343914283,-0.0033741775012076647,0.0036422469400281265,-0.031595198176268435,-0.014541792583139035,0.0010665318197723983,0.0,-0.0003755972496328752,0.011403431118706897,-0.017855453162962942,-0.013638536177191962,0.007235144709551611,0.017500695015970125,-0.01779575190181687,-0.026472413287762453,-0.016814355224650912,-0.020864392088523143,-0.013442804019248245,0.003661133213721468,-0.019378804366928903,0.008803331632770972,-0.01971205763239453,0.005748291529511562,-0.007894403710423437,-0.002759379027982789,-0.012778458262318992,-0.0004314599074345393,-0.0027684118580614814,-0.008928046602650175,0.015087132962210315,-0.02426772772963659,-0.026788981029137016,-0.0028785089594823843,-0.03372161684139918,-0.03155880366873942,-0.033980011974054425,-0.013640201310855027,-0.009093762629967916,-0.006607335965030325,0.0011703212477527924,-0.010805930384019169,-0.03134200651853869,-0.008885950603174542,-0.0025711830325869656,0.00026161647999650706,0.00034180566165825654,-0.010889411424010398,0.00798410449650655,0.0,-0.010843862301438079,-0.005074759903328285,-0.00791295225152333,-0.015010400125398837,0.004160509086509334,0.03499633642136668,0.00456928936567752,0.0017745548385854626,-0.011865613903108474,0.0013415266948858529,-0.018758788196931386,0.0047926257332197575,1.1102230246251565e-16,0.0008639220802524883,-0.016379400820960233,-0.013866361286959228,0.0002885253345009109,-0.001317097311979154,-0.012970098460451829,-0.001962951584335293,-0.03594970299019595,-0.019281887451513546,-0.003001251677005712,-0.011322202411609084,-0.013345465109511012,-0.03486900841831381,-0.015556381503148142
-0.002832546574763173,-0.016844658813163493,0.014751229642238184,-0.004491293022829468,-0.009399250820909755,-0.003597882942179109,-0.0003755972496328752,0.0,0.01662870620957624,-0.023624778483450903,0.03271983689512786,-0.008177219786038248,-0.002507849311898014,-0.04303140808941808,0.00760877167024232,-0.020642644138621824,-0.05457076905415953,-0.03496920188180447,0.03587133774039586,-0.012166177928566724,0.04258722782906277,-0.029949489019387432,0.0316067221462773,-0.0051849772431865615,-0.020498711467484998,0.0030553651494000245,0.0027621698891037716,-0.0033063378987986947,-0.002483237068768851,0.011258665885834074,-0.0031180512689801265,-0.02059270451335876,-0.001943433309949616,-0.020011296390528344,-0.02310097603885458,-0.02154371220222101,-0.0003409897508702131,-0.04305858209929325,-0.02729257822186215,-0.004144944720701149,-0.042742259937681215,-0.0013187901271414226,0.001682326254176747,2.7838149313952343e-05,-0.0003194780188291446,-0.020456870535468352,0.0015630949690360607,0.012874860285143286,0.0,-0.03311962119020112,-0.022867775803568025,-0.02754039552298826,0.02092403323122405,0.0016652810951437447,-0.041059534210081905,0.020525675184407233,-1.1102230246251565e-16,-0.018568132422669026,-0.006310705897987656,-0.015225307691188794,0.007340633257274909,0.0,-2.175234833479145e-06,0.014226972820002959,-0.01068538531863411,-0.009061438136567845,0.0030931187830701146,-0.0035608795361371515,0.029644200747763194,-0.021703261418717812,0.004504966688956391,-0.006867438798894787,-0.012845764147335792,-0.02428050425909306,0.008676963761640233,-0.0027584386463961885
-0.0019346620717544116,0.003298025360251311,-0.0011038982825417598,-0.016572224416323,-0.015039569982071288,-0.0054945670068062835,0.011403431118706897,0.01662870620957624,0.0,-0.0051532955180426665,-0.01682509722177461,0.0063463248795193605,0.004129399738922124,0.019631688291633753,0.003685650473937596,-0.019831859628394122,-0.0312675446524982,-0.034411643439478334,0.002009177119965899,-0.01832091443848871,-0.003994100326906891,-0.015613781890074896,0.010311664484239702,-0.004119643105474025,-0.012325950031246924,-0.015108549612942945,-0.0048611169429148005,-0.0050977424691809325,-0.006800437883043298,0.0172938622211819,0.0018162055771239194,0.004509755297269824,0.001834606006598627,-0.004721081904041635,-0.012346486819929281,0.003102345797268591,-0.014251617360879598,0.0026433318971134656,-0.006299864135783262,0.002067425225292685,-0.011848560537444763,-0.017789356158259828,0.0141437341950586,-0.001964553454679885,0.003527097168851523,0.0,7.618408490811523e-05,0.04198528038716742,0.0020288499559706907,0.0038055036096539263,0.003056233085387716,-0.00485320292553848,0.009485172641258144,0.013996100354177643,0.004434825450063573,0.04541799027110294,-0.0011512335236659732,-0.006266027819394671,0.005076910680284374,0.005081948723974716,0.0003181188567298321,5.551115123125783e-17,0.0,0.018231373994610056,-0.01742180019090872,-0.006748492221000213,-0.013595848314828352,0.006013324079083615,0.0016712273690175916,0.0004707471271464536,0.012499148384552905,0.018007919703850184,-0.00838925100170107,-0.013104699157626298,0.008522780252196438,0.0037750537462931666
-0.02639058986492332,0.01586941569856215,-0.00140637933524429,0.02645245068027441,-0.029411914462039612,-0.01611993179021093,-0.017855453162962942,-0.023624778483450903,-0.0051532955180426665,0.0,-0.01207626345700441,0.017892300392036542,-0.017358141895484236,0.005238136018984263,0.0051981637688023885,-0.038831355021077596,-0.033311790692478416,-0.04090507211679223,-0.005950459065502012,-0.023967189105546127,0.00045859043985752024,-0.01946245367566657,-0.010118150963397132,-0.00586960668041514,-0.01904944211334514,-0.020257505745177207,-0.008321172409668787,-0.016578776506029902,-0.03663350224455236,0.02500856479705421,-0.001428964901692309,0.020665334039211447,-0.0031514149430683647,-0.007090214783179338,0.01730132964140957,-0.02194235538156264,0.03284860698272751,0.0011442283646519447,-0.013575404918053646,0.002966461960720368,0.005962127635259551,0.0050563759262106656,0.09948729721476252,0.0009096565737383711,0.01249839474590636,-0.02672050305944501,0.0059653731079755135,0.00025869553397506184,-1.1102230246251565e-16,1.6653345369377348e-16,-0.017175856922855726,0.03305167694075123,0.0009882405920830228,0.028024561974897555,-0.020139296053187317,0.0045808795725275075,-0.02218760021002769,0.047724266935410486,0.0,-0.0015424680559576465,0.01607564927159233,-0.019666953714792712,-0.013132241686595214,-0.00026460601970107467,-0.000674692065198379,0.00026321810455071093,0.0013433940310167425,-0.01102556455032222,-0.018340791801265688,-0.008967811935074455,-0.0299498973309561,-0.015335604261198232,0.03961133171528419,-0.012885196058108672,-1.1102230246251565e-16,-0.019614865895168365
-0.0007701538316621237,0.001654813310433545,-0.005745959582208526,-0.020638263264176726,-0.023169012823172963,-0.032233644397214656,-0.013638536177191962,0.03271983689512786,-0.01682509722177461,-0.01207626345700441,0.0,-0.007736281099095577,-0.01163042099477457,-0.017931564497251917,0.0,3.307399192475913e-05,-0.041308972227218355,-0.039355583757707535,-0.021711547440464607,-0.00015200372677121043,0.008238569848943555,-0.025053091816443218,0.012738942451247848,-0.014884150631696624,-0.03997514758275689,-0.031553617723802996,0.007846352193528472,-0.010649556821808515,-0.050900207774940975,0.017912241153691055,-0.0038321220265788436,-0.08630375642298682,-0.009736822382282795,-0.016864111067660115,-0.025907339988860134,-0.04761582339507736,-0.037963475079094144,-0.021983493597460657,0.017299487646825595,-0.0028446532481917752,0.026685921815607472,0.0017032718476014952,0.03238078185482329,-0.0023696041518684874,-0.00011006093394516636,0.0,5.551115123125783e-17,0.09216036800724187,0.0002667686883483511,0.05849268135887875,0.02873962346812875,0.02205216174502722,0.03744612138975234,0.07359561992811314,-0.00048459843128495494,-0.007795106264803842,0.0028265773504709824,0.019271096210667082,0.011181476459952266,0.0022086050072738783,0.0,0.0,0.0,-0.0102243723980035,0.002106968455853009,0.0,-0.0024132609941796557,0.026144394046450248,0.0,0.0,-0.00033511214603626494,0.02512153656734717,0.023563723900990763,0.008722611831916804,0.0010224545405427277,0.024042434247124045
-0.025712639354768807,0.009444243849738576,0.00046827974489627167,0.010215723597250315,-0.0013523802499479376,0.00038879179921513796,0.007235144709551611,-0.008177219786038248,0.0063463248795193605,0.017892300392036542,-0.007736281099095577,0.0,-0.0012067276345626987,0.004085764968345396,0.01852022627418176,-0.02506627938004974,-0.021523565251734322,-0.024273794753457423,-0.0029020279906177837,-0.02764790891546176,-0.033793450425407656,-0.020440182501652415,-0.00742440561839286,-0.0007869417876802398,-0.013719199196228715,-0.004347683569158378,-0.002023129820782621,0.007452641103223578,-0.004503987952563071,0.0009982606010582873,0.00516380408406536,-0.0084976200645408,0.015597917339364165,0.001695823238394456,0.012052144769422957,-0.015307868173247752,0.012436054117107465,0.007326769704607605,-0.03602058552286691,0.031432779508256625,0.02256532766816549,0.04477048137003786,0.01175398462777727,0.0007472899282710277,0.03543237790822473,-0.024951113219722487,0.03402593950322619,0.0004538771931244523,0.0,-0.0004286619583255824,0.05248217243897485,0.00227157988961052,0.0,0.001264881118402117,-0.008177371563146851,-0.0004496105591950683,-0.003968714170638599,0.007314357346099143,0.0,0.0010009043211573476,-0.007076385013027375,-0.005464187905986406,-0.009906352592814749,0.0,-0.001081990889498563,-0.00019114213563353744,0.004284075858932812,0.04328901450015571,-0.015702443543171463,-0.00606594802159488,-0.02345658054643207,0.037904009074578915,0.05171592181630763,0.038488589744229695,0.0,-0.02925615197821807
0.012738187812176227,-0.0013346679528138394,0.004919768844509342,-0.004905462100566693,-0.010067338218691657,-0.00274190727264928,0.017500695015970125,-0.002507849311898014,0.004129399738922124,-0.017358141895484236,-0.01163042099477457,-0.0012067276345626987,0.0,-0.020443719728086562,-0.015483127515451944,-0.017382831004663035,-0.0218024918758295,-0.011233878597572966,0.005179914276718489,-0.01180023984134293,0.01015879633322242,-0.016111250027116386,0.0070028594409422,-0.00792094944739935,-0.0021223761965573074,-0.017099855995315494,0.0023101988882235913,-0.005441972802859241,-0.0017703439746019067,0.004336092221259302,-0.0032999579656210476,-0.0246398455993877,-0.007663623413766585,-0.021754849208163618,-0.030997428923442816,-0.0300127248256693,-0.027802200700282276,0.0029243384483593204,-0.007437455476726251,0.009568290678667657,-0.01911355451285185,-0.016129597043899768,-0.012652590650155282,0.009267962172554323,0.0016253434163344127,-0.0004966746235074426,-0.01124455733474461,-0.00213971575716132,0.0,-0.007661751155713992,-0.007634341353122798,-0.011019250173192718,-0.012806575695159084,0.0047987845884436275,-0.006914066358448989,-0.0031777568616818685,-0.038744615745836375,-0.01641735002983724,-0.0010106201681044924,-0.0026075907014555533,-0.01524876072331871,0.0027345601275096665,0.006339163230008771,-0.0019460868229824735,-0.012575295847855827,0.00879603074992602,0.010612524600192408,-0.013044872831057819,-0.0015492257852356972,-0.017032464669615555,-0.013137287426453426,-0.0075936322083755,-0.01363056098966986,-0.00990816701149655,-0.023000268766439624,-0.018154067116865846
0.00647047046918503,0.0,0.009919745705599115,0.014190222817431541,-0.006733455696745383,-0.013509286562734979,-0.01779575190181687,-0.04303140808941808,0.019631688291633753,0.005238136018984263,-0.017931564497251917,0.004085764968345396,-0.020443719728086562,0.0,0.0001775372990521218,0.0,0.0,0.0,0.027421064291274166,0.0025100478683734995,0.009500336991890457,0.0048031074562233655,-0.01596744591633875,0.015428983444498279,-0.0002604195110330054,0.011019818982854479,-0.012744292422076087,-0.020123673813208287,-0.050961088009126576,-0.0005044158566939738,-0.011024816535392667,-0.04229530642230761,-0.0011197787656064828,-0.0322167961140199,0.08391909523499863,-0.01742386679575883,0.0032327926884198888,0.006961821281293745,-0.01133941363261426,0.0,-0.0026441536211999628,0.0,-0.00015580222036265523,0.0,0.0,0.0,0.0,0.0399171101461655,0.0,-0.008696134329299332,-0.026072072016022407,0.002007949100696571,-0.003591084302941916,-0.030091018541834436,0.0,0.010446721235758072,-0.00045138540671002536,0.0014089492627158418,-0.0737748027435941,-5.551115123125783e-17,0.0,0.0,0.0,-0.009083675395019641,-0.0006750065218066315,0.0,0.0,0.06647788663794685,0.0009705947385035274,0.0,0.0,0.027959599806895663,0.00010088342940856032,0.00017389256653760343,0.0,-5.551115123125783e-17
0.020971407594135738,0.004293243286982662,0.0018997880868237282,0.004236061561970761,0.00444280526689661,-0.016071825260567718,-0.026472413287762453,0.00760877167024232,0.003685650473937596,0.0051981637688023885,0.0,0.01852022627418176,-0.015483127515451944,0.0001775372990521218,0.0,-0.015993640044337787,-0.03400950668156966,-0.004426810912389778,0.0,-0.013147693456086573,-0.011399107172154033,-0.016780464377807336,0.023528010964659285,0.04152898419921053,0.0062836777157829204,-0.02044530052573501,-0.023575439209950422,-0.03280297310646807,-0.03462816454452333,-0.03921947496380901,-0.021821420508034484,-0.02562510709423582,-0.0017524347119566852,-0.012254744843385734,-0.022803340762713342,-0.02260607887668603,-0.04834617241695932,0.004178217892670311,0.00313053681611436,0.014821980380138988,-0.0002803202326957521,-0.013116056381764607,0.012615506247550978,0.0016223069144061242,-0.003819105014708668,0.003911611502554813,0.0022422825001900404,0.004561158580802804,0.0,0.0,0.0005491268674970295,-0.006962519121735844,-0.017876047608646695,0.0037991888996261047,-0.0003001992789842811,0.0,0.0004599376624982443,-0.001850468213333678,0.0,0.01970654703896213,-0.0017191053212898821,0.00013302863800240816,-0.014067288436050318,0.0,0.014101780604129588,-0.0026855680639434887,0.018510810013006918,-0.0016773282037114146,-0.005107110765988798,0.012099859699777393,0.00793049223160791,0.0045198015866263486,0.002841179214615186,0.004577674440997825,-0.011402722730385506,0.004800476331965731
-0.012000118569182427,-0.04110338000237962,-0.013700932746132877,0.0,-0.043395997944749576,-0.013253487505418438,-0.016814355224650912,-0.020642644138621824,-0.019831859628394122,-0.038831355021077596,3.307399192475913e-05,-0.02506627938004974,-0.017382831004663035,0.0,-0.015993640044337787,0.0,-0.0344072349043788,-0.0500987230203791,-0.0004153334862870284,-0.037118057673483584,-0.01161042966400394,-0.03529684259314436,-0.019150103736764623,-0.006348313309535503,-0.028437370495274117,-0.030268730317016213,-0.025332793057118053,-0.023430871432403688,-0.024939981538389833,-0.02190018649751907,-0.028589962848829975,-0.014622228506014245,-0.03214567976174898,-0.031813633085786885,-0.024837088999913215,-0.0052643324232710675,-0.002587695930225342,-0.004521096122088786,-0.014809989715943772,-0.017052425188515852,-0.008497607074539226,-0.020282248159487926,0.0005654944704922005,0.0,0.0,-0.012005323225498576,-0.016557511192227425,0.0,0.0,0.0,0.04083363285325259,0.003682888118602401,0.006960687335796689,0.0,-0.029397040051144296,0.0,-0.01494297629399094,0.02191714537350342,0.0,-0.007991657944891262,-0.024330793402872808,-0.009865519113462784,-0.025619618813362444,0.0,-0.00016629332509709993,0.017625033550146274,-0.008401607979980186,0.01215772522181674,0.003901615307056794,-0.017718007297476912,-0.01832976273394421,-0.0041314837340034605,-0.01273130107079773,-0.000451203914460685,-0.00015173427069559153,-0.004253484434027788
-0.029344584913402416,0.01600600695196891,-0.04365683453906588,-0.00047235337184448056,-0.045027908506269754,-0.03368278727817964,-0.020864392088523143,-0.05457076905415953,-0.0312675446524982,-0.033311790692478416,-0.041308972227218355,-0.021523565251734322,-0.0218024918758295,0.0,-0.03400950668156966,-0.0344072349043788,0.0,-0.009472800588478547,-0.04002439169065658,-0.03817328108599055,-0.02681870093888472,-0.006059402736898922,-0.038606570823376096,-0.02585412320794972,-0.015135155145590218,-0.03137557871561647,-0.024832681683101043,-0.027584994269796714,-0.04257823011588635,-0.07284690145098438,-0.013284553971943669,-0.019444211410689582,-0.018499982975815177,-0.020163665641816653,-0.018464476398349416,-0.06052207161031925,0.0019918705329386444,-0.02810490449194214,0.013177124136186935,-0.008525198516497856,-0.030502826147918716,0.005170907833359273,0.0,0.0,-0.021253890052243984,-0.03970819199850484,-0.0049104135981259955,0.0,0.0,1.6653345369377348e-16,0.0008541885439897756,-0.0003942157844917249,0.0,0.0,-0.023652453401914242,0.0006996271953066957,-0.022777679230335968,0.00213754478832634,0.0,0.0,0.02433104493014454,-0.015352913725958484,-0.015590123092231678,0.0,-0.00035227267040971455,-5.551115123125783e-17,0.0034419738689587254,-0.08375714349860319,-0.04531402174961652,-0.011661254833075618,-0.023038133660178872,0.0,0.0030811689934249764,0.0028558064701093566,0.0,0.030900506514246417
-0.008377602099203518,-0.021528725616715982,0.0030726907802272607,0.0,-0.043458076417231595,-0.012077593936826503,-0.013442804019248245,-0.03496920188180447,-0.034411643439478334,-0.04090507211679223,-0.039355583757707535,-0.024273794753457423,-0.011233878597572966,0.0,-0.004426810912389778,-0.0500987230203791,-0.009472800588478547,0.0,-0.03892199380162442,-0.02906720540109864,-0.007423543488464801,-0.026111969333219964,-0.015343778153366405,-0.005665998797327376,-0.012708873503477713,-0.02506369599139563,-0.025213793717092203,-0.0168869088571868,-0.02329368327539716,-0.02488845204284801,-0.02111736923756319,-0.0052421381087261465,-0.012748682738272343,-0.02353540607715321,-0.013646812673433706,-0.00031115579022011897,0.0,-0.0289000364594435,-0.01774831754156886,-0.0035109606156967232,-0.015427911463273603,-0.0052081637049462,5.551115123125783e-17,0.0,-0.012451851694902039,-0.01563296893885624,-0.011119985825680079,0.0,0.0,0.0,0.014224904574130504,-0.0012484897152081897,0.00012984533469700965,0.0,-0.012580108603425788,0.0,-0.019749878949191002,0.01140750437061866,0.0,-0.024080026641584817,-0.025102508133322154,-0.010357515545830087,-0.018526121550750674,0.0,0.0031802451306550683,0.009751137274022936,-0.0024502989495838734,-0.052131041643981635,-0.0064268368504074025,-0.014660563494980072,-0.013981215281492654,0.0012626855711863616,0.008270778801084344,0.00675124865811777,0.0,-0.022346661605071594
0.0,0.003892390158026393,-0.0085298852792485,0.019618245590383276,-0.03398510633124191,-0.007440319557034336,0.003661133213721468,0.03587133774039586,0.002009177119965899,-0.005950459065502012,-0.021711547440464607,-0.0029020279906177837,0.005179914276718489,0.027421064291274166,0.0,-0.0004153334862870284,-0.04002439169065658,-0.03892199380162442,0.0,-0.0013786832521627823,-0.0017131658253137227,-0.029686171680267548,0.020821385158753702,0.007722580385390643,-0.04731361759962499,-0.026040424139566254,0.023555688315328782,0.004610260210592243,-0.02107758694178391,0.03289019683362987,0.014024167849730151,0.015737470523945585,-0.010330824944070893,-0.001318902989698112,-0.015045349182215062,0.0021682529253823635,-3.4229519170925204e-05,-0.012745170655292126,-3.46201408736313e-05,0.0016236639522064222,-0.007538753385686103,0.002110876565492581,0.02623327168596279,5.551115123125783e-17,-1.6653345369377348e-16,0.0,5.551115123125783e-17,0.1261739347379267,0.0,0.006228937921729627,0.01589127698640569,0.0049022699837523165,0.012851810876219782,0.021614952540450427,0.0001673745802389659,-0.048345596716131534,0.002536843082714735,0.00577610726187372,0.005241416298871704,0.0011615956902001345,0.0,0.0,0.0,-0.11347186106930063,0.0008435142239932025,0.0,-0.002642075322645654,0.017178779867366822,0.0,0.0,0.005076986530515082,0.026067270349541483,0.0018164483875604542,0.0020791449590899513,0.00226761289155053,0.008839938443927498
0.01737412040446168,-0.002085660689689184,-0.00792713748163082,0.0046445446757288344,-0.0346860497442435,-0.015343268544015187,-0.019378804366928903,-0.012166177928566724,-0.01832091443848871,-0.023967189105546127,-0.00015200372677121043,-0.02764790891546176,-0.01180023984134293,0.0025100478683734995,-0.013147693456086573,-0.037118057673483584,-0.03817328108599055,-0.02906720540109864,-0.0013786832521627823,0.0,-0.013059508138654474,-0.03126353537360155,-0.020221164689068483,0.032334842672543274,-0.014979853498095719,-0.024621831093754376,-0.02803845253186671,-0.014897305654194892,-0.03763235001632903,-0.0015188226148227235,-0.03897364471137843,-0.04033093504475782,-0.024489611226504393,-0.03625890217578803,-0.043450358208050766,-0.039905305797423185,-0.03425982891627605,-0.011160774923249184,-0.031234649019517002,-0.02680113105069004,-0.026257038322482884,-0.03989220298645718,-0.03661009142237326,0.0010381870187520237,0.0016013424366059792,0.019354354629388282,-0.005968250503148698,0.002366906762138299,0.0,-0.03969867862103027,-0.0020575929031073636,-0.010349869120997945,-0.024806823550804935,0.008612221139049636,0.0025251813876176477,-0.001253270634863357,-0.00023899027352158875,0.001021561717149455,0.0,-0.007876752429350486,-0.011838398850158527,0.0011034124770578635,-0.023602973170812447,0.002498565914269779,-0.013390790646149953,-0.01636702765729453,-0.007587720439163059,-0.012010241858753046,-0.002196236461926182,0.005279966829791982,-0.00667051782362138,-0.013896932569961884,-0.011811715489286112,-0.010633422251171143,-0.029684582794419545,-0.020323387807672066
-0.01708993292643962,0.008085962558043391,0.008916895401825498,-0.00013677548746282575,0.007814152772156802,-0.008288561578563447,0.008803331632770972,0.04258722782906277,-0.003994100326906891,0.00045859043985752024,0.008238569848943555,-0.033793450425407656,0.01015879633322242,0.009500336991890457,-0.011399107172154033,-0.01161042966400394,-0.02681870093888472,-0.007423543488464801,-0.0017131658253137227,-0.013059508138654474,0.0,-0.022691247617060817,0.029107462152587804,-0.022014833984791538,-0.0067949026226016285,-0.009933684772346907,0.00793506458556592,0.0024557698147502083,-0.0020285944041441573,0.010481816919961029,-0.002522495267909375,-0.02843626479765371,0.0009876884392963081,-0.009680796389497759,-0.03210176809460141,-0.021969562721355085,-0.020972070153163047,-0.08106025513501514,-0.02130695987939729,-0.008524749767911899,-0.026567824220459724,0.011601314175757105,-0.0016790352720452706,0.0,-4.590210311122833e-05,0.002074585110680649,0.0018362506684052038,0.002686737370117376,0.0,-0.00047674735005931446,0.00806996663052173,0.008147770738841542,-0.025104110995445406,0.0005372870388571371,-0.0013353795016765035,0.0,-0.0007705931624185647,-0.0017099824260927154,0.0,-0.015342900630413714,-0.012817947963435272,0.0,0.004824886074757229,0.0,-0.013873705727107832,-0.04772567393747035,-0.0025014456863918233,-0.032166104368192394,0.009506549679509702,-0.007970593448585861,-0.015420690777896262,-0.024955599944789575,0.0004106686507174828,0.0002216784785885051,-0.018660484870357708,-0.018197251697660788
-0.005721296001243437,-0.014773272772137469,-0.01260115661439637,0.0030076698259164925,-0.03527812884098125,-0.013795582170793685,-0.01971205763239453,-0.029949489019387432,-0.015613781890074896,-0.01946245367566657,-0.025053091816443218,-0.020440182501652415,-0.016111250027116386,0.0048031074562233655,-0.016780464377807336,-0.03529684259314436,-0.006059402736898922,-0.026111969333219964,-0.029686171680267548,-0.03126353537360155,-0.022691247617060817,0.0,-0.011646458749450195,0.10240609766384828,-0.023652898141421963,-0.03999157965365313,-0.026319866934546132,-0.04169273325347789,-0.030333200322712583,-0.026700706090727166,-0.02611534373859714,-0.02930147956725143,-0.027736789925939087,-0.02353926158402181,-0.03353687441087433,-0.010984281981968602,-0.02786321033264344,6.924163936417038e-05,-0.005561693267565226,-0.017504342364300707,-0.0061745336250930705,-0.01849218872479047,-0.0037621545150456903,0.0,-0.015809165204795528,0.015673680063501505,-0.013457163631170832,0.037430667549269825,0.0,0.0004168828500258903,0.0009673230298467006,-0.00032350861273089393,-0.01418781123503976,0.023049043360127752,0.0032846018237796537,0.0,0.003916590897835137,0.006705430921010946,0.0,0.002440580815866289,-0.018278729855567055,0.01296676233338001,-0.016714604341644623,-1.1102230246251565e-16,-0.005398526444619189,-0.012729275107793314,-0.001733500595746229,0.000944359366105596,0.018932853115773363,-3.674475177078973e-05,-0.0034547273666074574,0.0011397549790226336,0.005920236988163352,0.0006894898513413739,-0.01664365447413263,0.003528486031739886
-0.003964542157354201,0.00270004320118572,-0.02524550180726276,-0.005701313481462578,-0.006646880460546234,0.0059955102746669375,0.005748291529511562,0.0316067221462773,0.010311664484239702,-0.010118150963397132,0.012738942451247848,-0.00742440561839286,0.0070028594409422,-0.01596744591633875,0.023528010964659285,-0.019150103736764623,-0.038606570823376096,-0.015343778153366405,0.020821385158753702,-0.020221164689068483,0.029107462152587804,-0.011646458749450195,0.0,-0.0010618654881164868,-0.008218468528703282,-0.0031763777814223793,-0.009953970726230332,-0.0003766533267464123,-0.008617393395981998,0.0019767356842589345,-0.014408290035448745,-0.024030310932030063,0.004054669035147784,-0.019588938649284682,-0.02923240049487219,-0.017466316960938644,-0.024169966675770482,-0.01286879170806593,0.0002608268043384765,0.011258189192196455,-0.004933232500627938,-0.012370635612402647,0.0011435957151137988,-0.004138182374377797,-0.005818024335203731,-0.015482627751583045,0.01223828773416813,0.03524447057719449,-0.00014843551507875974,0.001274888564359311,0.003488761504146898,-0.00881045161185634,0.012454067486678377,0.012252855406397423,-0.01924519946529335,0.04134647517575485,0.023529501859254287,-0.008345044343915142,0.011379299307441582,0.001148450350789143,0.008198911043297119,-0.021321977475026954,-0.00879770318915618,0.03232313751384985,0.007545218902299644,0.01427030121970796,0.007534845632002796,0.0066559263110558264,-0.016238529987113726,0.007442856064074244,0.005916616782257356,0.007035010425633703,-0.0012364782797977814,0.005508774679959805,-0.0064337593649002045,0.007850628562779072
-0.011967173962348365,0.00722736975740923,0.000471248227380483,-0.005410451579277942,-0.03946230051692223,-0.0242005260087354,-0.007894403710423437,-0.0051849772431865615,-0.004119643105474025,-0.00586960668041514,-0.014884150631696624,-0.0007869417876802398,-0.00792094944739935,0.015428983444498279,0.04152898419921053,-0.006348313309535503,-0.02585412320794972,-0.005665998797327376,0.007722580385390643,0.032334842672543274,-0.022014833984791538,0.10240609766384828,-0.0010618654881164868,0.0,-0.0029631371026843656,-0.01299348503161829,-0.022943711631461028,0.0017136718149297625,-0.05889699862786085,0.006049265213294908,0.009048202267836314,0.013357363899983266,0.022978103045623866,0.004167901705687538,0.011664499669825079,-0.026556404670527223,0.013952507872195319,0.003619816928386199,-0.0710090292783831,0.028718106636855978,-0.036194845488407956,-0.0004024803117329556,0.007400849133413323,6.847699554229925e-05,0.011436710663197736,0.010366347068870296,0.012388561823462263,0.00031839893057145074,0.0,0.0,-0.000801834918191302,-0.000647290513072829,-0.00010040889481710558,0.0025558797314846893,-0.014717174647258524,-0.0019640163732705385,-0.022291192399743476,0.004277371490127468,0.0,-0.0023504460898577384,-0.008527917867184043,-0.0035520244318972827,0.0035982677942351105,0.0,9.630748965711033e-05,-0.004688896374782814,0.05749141477781994,0.0013077878415767574,0.013259697537805148,0.010684931501372064,-1.965848523965974e-05,-0.0010735413287164541,-0.001813533445228055,0.0044659269013070935,0.0,0.030226998877700695
0.0007508957163263053,-0.020009831994339644,-0.02672713429441753,0.0,-0.02555717146577352,0.010210478904211007,-0.002759379027982789,-0.020498711467484998,-0.012325950031246924,-0.01904944211334514,-0.03997514758275689,-0.013719199196228715,-0.0021223761965573074,-0.0002604195110330054,0.0062836777157829204,-0.028437370495274117,-0.015135155145590218,-0.012708873503477713,-0.04731361759962499,-0.014979853498095719,-0.0067949026226016285,-0.023652898141421963,-0.008218468528703282,-0.0029631371026843656,0.0,-0.011088222094677469,-0.00740667636744341,-0.009863841183389899,-0.009600367592355274,-0.02267688065780138,-0.006510338514622571,-0.0057201874190671576,-0.008559613941726996,-0.016109200350447328,-0.0020607693705745334,0.0320949067480899,0.000295150157520796,-0.024627739231248447,-0.00877996978627732,-0.009290901761560444,-0.018448149700976524,-0.004141137056041799,0.03228409080209277,0.0,0.0007396019552241007,-0.011705980927450788,-0.014236262386986942,0.0,0.0,0.0,0.0025126882363497582,-0.0008084690626762869,-0.027723671685319695,-5.571761588052393e-06,-0.016355924520762788,0.0,-0.017384242652641546,-0.013168935640723467,0.0,-0.0008682222402370821,-0.02407422077749627,-0.011868441479098213,-0.0198442379166609,0.0,0.007194621112203647,-0.0015334790693850575,-0.0018915023683277465,-0.001825200563111029,0.014539900957622587,-0.01411957359082111,-0.013405755832862132,0.02481598738586932,-0.00803474564198614,0.00719227305015141,0.0,-0.017076635827781572
-0.009357711783112899,-0.008949982493637376,-0.052113333968791864,0.005282309296683607,-0.03460832268993491,-0.01818945248799103,-0.012778458262318992,0.0030553651494000245,-0.015108549612942945,-0.020257505745177207,-0.031553617723802996,-0.004347683569158378,-0.017099855995315494,0.011019818982854479,-0.02044530052573501,-0.030268730317016213,-0.03137557871561647,-0.02506369599139563,-0.026040424139566254,-0.024621831093754376,-0.009933684772346907,-0.03999157965365313,-0.0031763777814223793,-0.01299348503161829,-0.011088222094677469,0.0,-0.018738734155803516,-0.02031312489593573,-0.019757959783410384,-0.022380776237785505,-0.00782128692446149,-0.016740068979149092,-0.015304694432262178,-0.015415314810629854,-0.015331296941451411,0.007210871121974605,-0.028105991089446447,-0.006959022422664662,-0.004846946423364862,-0.005357081286800014,-0.009124096207461851,-0.010013620478805385,0.037028112990369844,0.0,0.017075302068402853,-0.003735660820335107,-0.008296901956504843,0.006148119284643483,0.0,0.0012106838574567624,-0.0011889585565561522,-0.022221271465735104,-0.029859316943658565,-0.01628514041728546,-0.020443894697986853,-0.00029300342694638104,-0.022243994213609175,-0.015745898506610845,0.0,-0.007118653236590555,-0.01576308224629247,-0.013905655424831243,-0.016530644159845287,-5.551115123125783e-17,-0.004888482648199022,-0.019148371198672076,-0.0028340587277210227,-0.01421144678875419,0.01720792228539414,-0.009172975114901838,-0.010743738830095773,-0.006457744034628399,-0.014809257206641058,-0.009727966311048775,-0.00014780048963569659,0.003391363737711983
