0.0,-0.02406567565548995,0.0022453255662662763,0.0,-0.0006086249169806601,-0.01375716809080485,-0.02360472124847318,0.027033243121539097,0.007922054115826638,-0.007586533045035593,-0.00017390903096797805,-0.014839081947183141,-0.025630463824796668,0.0010282032737665703,-0.05126343439173214,-0.011512820559290371,-0.020120189394099874,-0.009401899401644598,0.0,-0.014288941405379785,-0.02392062073029183,-0.020547783562327893,0.0158997092652714,-0.012624469149892958,-0.02457876380127022,-0.005729540485190032,0.006183868844041263,-0.04004732164160829,-0.0433322123350145,0.007474284475871673,-0.017073610280966822,0.004414650362971728,-0.005155250419968005,-0.010304851952741667,-0.005455442205932026,-0.0023369878727764193,0.0,0.02009782689610745,-0.004598596442407066,0.04650657806010594,-0.008954999096944805,-0.0007694283260404888,0.0,0.0,-0.0008791728574157331,0.01118950741612873,-0.02116652425484128,0.0,0.0,0.0,-0.0026924718053004115,0.0,3.2688845319372994e-05,0.0,0.0005313284431784915,0.0,0.01305067774943669,-0.0009521038393403569,0.0,0.0035525584618715245,-0.0031990105377126543,0.010426324783669005,-0.0064312078031312225,0.0,0.00536371257520607,-0.08104205416246318,-0.017961412789821274,0.00258513985805231,0.02234471107126962,0.0062904634600274845,-0.005862354126501768,-0.002019731687769588,0.000306303161729804,0.008585331255163753,0.0,-0.04465416330039257
-0.02406567565548995,0.0,0.019449063770712482,0.0,0.01084142422459089,0.019291000715154605,0.007541671978204878,0.026175352132882135,0.013385912469356887,-0.056424629842679985,-0.0005069104684460868,-0.032757767000461735,0.009781593341628314,0.0,0.0032921128952405065,-0.01139852334848479,-0.0016929403873112703,-0.013604734944327401,-0.0015904188072886627,0.011534101303267874,-0.014546400682337923,-0.0017448628374511221,0.04599091370110153,-0.05051955035714262,-0.02074721438184174,0.004461257249140538,0.025751019604080272,-0.04841010784700245,0.0001716453551557362,0.004318037981930645,-0.015893115841907557,-0.0053145411474292414,0.004331907943274038,-0.009734543064906287,-0.012296985773367297,-0.0073246383057613,-0.0007504871458678952,-0.0011822476600885645,-0.0059697105853743215,-0.00038743591425344226,-0.007154873540266338,-0.007109401850551256,-0.005636592233242144,0.0,-4.349497105798905e-05,-0.007068135918660234,-0.022337369221599457,-0.0019796684517128793,0.0,-5.551115123125783e-17,-0.01574347361858347,-0.01466714450392781,-0.014603156083121516,0.0003571967086603567,0.0013599885971546377,0.0,0.005776908583600582,-0.01922978152651883,0.0,-0.020832927889437525,-0.01614174713457056,-0.013558253721648317,-0.009912835256544461,0.0,-0.0032043442616931928,-0.027328902692805745,-0.022150823764675698,-0.007522776874604731,-0.004335822727346228,-0.005512241018648001,-0.022593884735971737,-0.01569914924532284,-0.03668860804638707,-0.00986979819420486,0.0015192413966744756,-0.0017697024447095866
0.0022453255662662763,0.019449063770712482,0.0,-0.003612673748110251,0.01212678818651275,0.01857689452471456,-0.0037459301555851088,-0.004749546282330708,-0.008466556458284591,-0.012658647860076755,-0.005130376633530831,0.004618473672125478,-0.008169775628460607,-0.01219387861154908,-0.0028456890966927495,-0.008733343174596897,-0.0007983404504929847,-0.007446412985116779,-0.014253242535032212,0.007798986708744016,-0.0012374127679571356,0.0072273896528633474,0.001523873396696962,-0.024276551778445232,-0.009834038755016039,7.834512841753405e-05,-0.015913215770327116,-0.011275971827969966,0.004487296963080423,-0.020366679006083466,-0.014543857132025995,-0.011565976703194869,-0.01899495180121985,-0.012462194293542561,-0.016396003033512296,0.0029095541404679515,-0.0101596764857802,-0.029992687930183892,0.008585484816126088,-0.0005352715653895723,0.0009696447535390007,-0.007501723644175562,-0.0013167490909058444,-0.0013332409824616809,0.00010017577003146316,0.0,0.000604199818666995,0.10151806193742485,0.00018867226170565798,0.019970772156577166,0.011708448274275196,0.009345601954737104,0.022161452217641542,0.040775557300455345,0.0021642978986513572,0.09591107991690107,-0.0009749014591243221,0.012480041224339433,-0.007790991501832933,0.002444926344815801,-0.000330851870909199,0.0,0.0,0.03647591409517792,-0.0005269135239782119,0.0010824475379559995,0.021025213655133712,0.029657009096253795,0.0,0.0,-0.0003710352192218269,0.013684017937573123,0.0036034044245276675,0.012471740067103831,-0.0067606839452926115,-0.004101017648906691
0.0,0.0,-0.003612673748110251,0.0,-0.03344364206736333,0.010271736461208325,-0.00034880793184671743,-0.018232859754654773,-0.024528834697630342,0.019753755700871012,-0.0007298104533780547,0.0015016826017447138,-0.023641966003248693,-0.013944479915283303,-0.00142243810853937,0.0,0.0003142478808226823,0.0,-0.02814531549653332,0.00043495938125037714,0.00044874627777646836,0.0033917771763491977,0.04540531284189614,-0.0036181293737840847,0.0,-0.00020845531564461783,-0.0011816795516605416,-0.023207256236992935,0.003494366802279769,0.02198406906792072,-0.06280687884618402,0.003648856214412799,-0.15153506326485083,-0.0006039356920532479,0.0061948201794093105,-0.05326616485155852,-0.03231161245977471,-0.0024941332500188484,-0.0013348325620316515,0.0,0.0005205985314922223,0.0,0.0004531298816354834,0.0,0.0,0.0,0.0,-3.729475726144127e-05,0.0,0.0,-0.0004776325820780025,0.0,0.0,8.731182897753209e-05,0.0,8.938527271323826e-05,0.0,-6.572837252372121e-05,0.0,0.0,0.0,0.0,0.0,0.0,0.0,0.0,0.0,0.0022747369777367243,0.0,0.0,0.0,-6.152548818866288e-05,8.558086140592058e-05,0.0011617549949184403,0.0,0.0
-0.0006086249169806601,0.01084142422459089,0.01212678818651275,-0.03344364206736333,0.0,0.0008653122709980643,0.00015734805018657871,-0.014853107185774317,0.005232835869011299,-0.02014097384487562,-0.01893471579673639,0.006547811623066946,0.002252395956773845,0.013117771997373406,-0.0010918359847915116,-0.010829119891317684,-0.005987196019674068,-0.011157119506212287,-0.008491956885598395,0.0015979746289930818,0.0010473194661194118,-0.005475535645512231,0.0009216846746594731,0.008018313737711169,-0.011015494973525164,-0.0027408408316408894,0.0009897227561071475,-0.014391172047799494,-0.007908347237408575,-0.03916213197539714,-0.018502310098639785,-0.0034729153757523945,-0.013538134121673207,0.008132408448800199,-0.000252072262247216,0.006646141480030732,-0.061502461928953894,-0.0023039286876286313,-0.04806032464161769,0.000822047093743894,0.0031632916761046292,0.0034972735420746304,-0.05155802088099393,9.180122935792401e-05,-0.00027499147225479303,0.0,-0.00017873925007438896,0.018199276584853208,0.0,-0.02086484832264468,-0.009352254521334258,-0.01105111273509074,-0.002262890544497964,0.0012499551663227582,0.0016134393289247706,-0.026758284428964108,-0.0008932516506259813,-0.013721396009582998,-0.042460478273327995,-0.0009443686060827128,-0.0003211826806865936,0.0,0.0,-0.02334146841116469,0.0005384022552616385,0.0,-0.005390522852544377,-0.0036116581581703278,0.0,0.00012746540785107952,-0.0007268905289259386,-0.020483387594681823,-0.02012220558957656,-0.027176439152326648,0.0009051472126819782,0.0072137295124029555
-0.01375716809080485,0.019291000715154605,0.01857689452471456,0.010271736461208325,0.0008653122709980643,0.0,-0.007727658880727961,0.01172793999440147,0.00593099028476296,-0.025061602964388585,0.0033466268484578787,-0.03753361135369765,-0.007617152811725314,0.0364303041202339,0.005412352745062243,0.017498644075585046,-0.0332799049825912,0.011433278776325606,0.016376966415062477,0.006216314646139864,0.023577334778023484,0.01245439777461188,-0.0005539490731604757,-0.02827129773315623,0.004333170564647937,0.007753878846597395,0.0034239092576202057,-0.007906490140831779,0.0014034274530688173,-0.01781204821413135,-0.017296516730092137,-0.013915305049522264,-0.005330436256424154,-0.009893091142169852,-0.008785795534076046,-0.0037430077654714844,-0.023317695968289698,-0.043608290297459495,0.007503973037547851,-0.0191999537043559,-0.0007638129756420975,-0.0028742052419364894,-0.010662419852050409,-0.0003179628603460771,-0.0017995501131385372,-0.0003244424600856721,0.015594142916459497,0.022667910488546217,0.0,0.0035891804393600735,-0.006720011802045844,-0.01168661666403703,0.01229625770653453,-0.0009679586974962184,0.004677820345916128,-0.00047077965526054477,-0.0018203311474437878,-0.00539372239604885,-0.001662622561083571,-0.005455357064973132,0.019628800254045287,5.551115123125783e-17,0.015256213952807685,0.01912357847976176,0.016492268537612265,0.049479324892357734,0.015088274955593839,-0.0056146090046886865,0.0,0.007604067289998406,-0.0013244926201925744,-0.008450194040625192,-0.011628051405589479,-0.0009341925505388926,-0.011403840894358086,-0.006214680461082478
-0.02360472124847318,0.007541671978204878,-0.0037459301555851088,-0.00034880793184671743,0.00015734805018657871,-0.007727658880727961,0.0,-0.017864131535244132,0.00520221645608171,-0.023973125157564112,0.0033435872903423425,-0.019488709422653905,0.0007179301039573205,0.013052954048622167,0.004580941488173229,0.0032483423725854776,-0.022401900833839916,-0.00540770093451165,0.009839209705407637,-0.0055391976328207915,0.009470434388660132,-0.0011219564664690096,-0.0075690102911117885,0.011501392987792458,-0.011977366526438604,-0.0070548800848898585,-0.013937532871621638,-0.02811521916917653,-0.006390690066687077,-0.019005900171214507,-0.040775306515051235,-0.0011610762262500574,0.005039842835842412,0.017496440802616753,-0.0050289333955163,-0.015842265861550298,-0.10194401830616545,-0.005844533567081922,-0.026735752340417807,0.0006962429878291099,0.010952555062786917,0.00794817592235253,-0.054881974917917964,-0.0010141656356347228,-0.0014202014490818926,-0.0003314789790195838,-0.01432998980554917,0.010480226300064066,0.0,-0.00970991600427662,-0.005842581987096307,-0.01082282550922653,-0.008434997489340568,0.0048761034764917,0.002711401533910418,-0.040858461075519326,0.0013246178454549562,-0.010071358100936956,0.0009431394062101028,0.008697076415571714,0.00047025118606702776,1.1102230246251565e-16,-0.0005192997857647597,-0.004472366652149229,-0.004439749182275743,0.002833603996575562,0.015145355764468293,-0.0029568621328782685,-0.002233179187061174,-0.003931973763275087,-0.004974827394286063,-0.012771251051038823,-0.015038205199244203,-0.01309175152419051,0.0043742449563040076,-0.016474940883148825
0.027033243121539097,0.026175352132882135,-0.004749546282330708,-0.018232859754654773,-0.014853107185774317,0.01172793999440147,-0.017864131535244132,0.0,-0.005656224666169718,0.008729400531720999,-0.05286326012012327,0.022294373279990787,0.001497591425196565,-0.03441560563269308,0.025779742821123386,0.014952570204338989,0.0032908051826465168,-0.003726507154027059,-0.07364094107308389,0.020784093906099976,0.031424648164359636,0.0018512992802846573,0.012223239161213206,0.01626099460837993,0.018654555878843404,0.021151431476065408,0.0014104401853886617,0.0035662812392624477,0.013474177291214584,-0.005025215784645265,0.003951294996730748,-0.031357957659049474,-0.09350023328695745,0.005095609611422747,0.0028997616236993706,-0.05067938532960292,-0.09455330710403015,0.038891614792518125,-0.04224212623139584,0.0034123423305135736,0.0076385942260369655,0.003561724693766699,-0.05094697985686886,-8.527517406597962e-06,-8.507255007378367e-05,0.00429019917979695,0.002135421858649844,0.016859405475151856,0.0,-0.01828178465653263,-0.016712918557307388,-0.00999948899233738,0.01767003550961732,-0.010791666137574096,9.375307066961103e-05,-0.043462482613643216,-1.1102230246251565e-16,-0.005850952192438363,0.0033358981371252594,-0.01406460542031468,0.005555629475998969,0.0,-1.5457073953062395e-05,-0.0335191294136426,0.010387526650909862,0.04537753935304745,-0.01534243980467015,-0.004343194115432936,0.0012918514808134551,-0.0003044274975793626,-0.009058951309755037,-0.007804375018619802,-0.011539003021677652,-0.007382900378864354,0.0014272366014198012,0.0042789377775196424
0.007922054115826638,0.013385912469356887,-0.008466556458284591,-0.024528834697630342,0.005232835869011299,0.00593099028476296,0.00520221645608171,-0.005656224666169718,0.0,-0.0009021369887888819,-0.020270703716627536,-0.0032558232653330244,0.019893590837212816,0.0009464561170756114,-0.0010806210914222625,-0.005478039275560842,0.0010333583634013488,-0.004408025839794327,-0.05067295727779797,0.0003566457930698763,0.0023993050086051904,0.00390167767383226,-0.005243272908212859,0.0006752795520299504,0.005980590755560955,0.016371782288455816,0.006186643251404111,-0.003520107603125877,0.0056501100383158365,-0.027391586162394455,-0.006384357853411682,-0.012880561175196148,-0.007620399139678602,0.0008341153645028965,-0.012708454617311238,0.00577397220682524,-0.019935663583885543,-0.008291221060139853,-0.029094394948378788,-0.0052990616599633555,0.005476416277465979,2.303523252766837e-05,-0.0088409377329971,-0.0006494168767295916,-0.002282716342707769,0.0,0.0019652712649901316,0.04707331373230261,0.0005528841048573208,0.005915547053184866,0.0010061008743704747,-0.007485162676251655,0.015355477591948441,0.00795826845577774,0.0019369024689926961,-0.024549107220969646,-0.003142292959916526,-0.007325799569214864,-0.013304166584923727,0.001505302197392533,0.0011125576258478875,5.551115123125783e-17,0.0,0.001944462961629978,0.008624412767709644,0.00471789474091544,-0.004222482827578589,0.007110052518747745,0.00016340740634174233,-0.00016468597793867223,-0.004204502709895974,-0.01162591034397975,-0.007051101034144414,0.006506391605569317,-0.0004677791142020382,-0.016079354153745284
-0.007586533045035593,-0.056424629842679985,-0.012658647860076755,0.019753755700871012,-0.02014097384487562,-0.025061602964388585,-0.023973125157564112,0.008729400531720999,-0.0009021369887888819,0.0,0.004579229944840613,-0.04113345704994467,-0.008858994184252122,0.023196370044050674,0.01128449912100743,-0.005698082884686262,-0.04283974763645115,-0.041318927477134615,-0.006843552201207803,-0.013025691018773766,0.022158635456783538,-0.024015211047438145,-0.006492509829818638,-0.01366567746213404,-0.008631928819962331,-0.08181335975226403,-0.02430285615246136,-0.023592134615669003,-0.03444191889955123,-0.0006966027738605218,-0.0380056452265784,0.0135475710083795,0.004053061809726255,-0.0065327098855417765,-0.02045925075450139,0.025692286188880198,-0.021420076857372072,-0.02720145534154156,-0.09089116350990445,0.09977107749400899,-0.002112631072673843,0.0016143935347245897,-0.011175866758209085,-0.0018717941681288819,0.07904086803557836,0.0011311744694904036,0.08151392130731899,0.001551405081195556,-1.1102230246251565e-16,1.6653345369377348e-16,0.0038282773726832087,0.004398661778363289,0.0009526279015692474,-0.0008547912257380608,0.03319769631788738,-0.0004982671685878626,0.03426905152937493,-0.0009188970417165487,0.0,0.0005029882618853843,-0.0007378985775141622,0.03257791386231845,0.03657093926985183,-0.0006045518813083128,0.00031632465479702887,0.0005831578732133913,0.003565484331064517,0.007624716020346534,0.03767165568131614,0.034223746219534834,0.0368237068077204,0.006701681487249145,0.0006861137928666494,0.002900664114304341,-1.1102230246251565e-16,0.06358565468882277
-0.00017390903096797805,-0.0005069104684460868,-0.005130376633530831,-0.0007298104533780547,-0.01893471579673639,0.0033466268484578787,0.0033435872903423425,-0.05286326012012327,-0.020270703716627536,0.004579229944840613,0.0,0.03646171718715335,0.013772677192823657,0.013163146710770457,0.0,-1.013138620165055e-05,-0.00021488263279534348,0.00995400484412945,-0.019762872511328383,4.656252149853879e-05,0.004095928613424893,-0.0012996569369065902,-0.025167301367454653,0.030018235204427923,0.0002719676636753765,-0.010967197973388687,0.01599914903844557,0.007048848193964619,-0.0015125782337681026,0.0061644891392042545,0.00978030540437319,0.03081550114272691,0.026426613568910018,0.0229075423563585,0.010789482276786999,0.025774883618223943,-0.0725909214657336,-0.006854643770833724,-0.027017887638132676,0.0017327656077172904,-0.008158259632531528,0.0009543926412858839,-0.022978037465467394,0.0019249656834955942,-7.357268121038762e-05,0.0,5.551115123125783e-17,0.08908244913646662,-8.171788317445916e-05,-0.0452718440933953,-0.002143708557770685,-0.019450768622513326,-0.005566025676113584,-0.11748967961184908,0.0025080969830142408,-0.04331490670817981,0.0014687025676020093,-0.013575257837193211,0.0012761540815381944,0.00015215788897848803,0.0,0.0,0.0,-0.02709651084820136,-0.002376946323588369,0.0,-0.0008671211594463712,0.0017508003347830314,0.0,0.0,0.0002886647622207805,-0.018709575042086923,-0.012740018114369811,0.003337430009704101,0.0004921677300746552,-0.017405632438783847
-0.014839081947183141,-0.032757767000461735,0.004618473672125478,0.0015016826017447138,0.006547811623066946,-0.03753361135369765,-0.019488709422653905,0.022294373279990787,-0.0032558232653330244,-0.04113345704994467,0.03646171718715335,0.0,0.0038839371558988534,0.003657418143986957,-0.0019780068226498138,-0.017780391185020228,-0.006801037188997772,0.0032882978193226053,0.0021089860491609325,-0.03364674070223539,-0.005604514542379979,-0.0535790767398896,0.013272326011961877,-0.0210007813071022,0.0066543937293949695,-0.01574801605769366,-0.037641357940840225,-0.02482323682881704,-0.04231573363739061,0.0028373152915147637,-0.028275890698132522,-0.03407491113054961,0.033407559762431815,-0.005293545135539035,-0.03246536964145735,-0.033652436327198054,-0.10469675593395827,-0.0073556222788190295,-0.07020254674149537,0.08286662903122294,-0.09591235030747985,-0.05780042915130856,-0.0029269729252553445,0.001048042308685354,-0.054626921336224266,0.028422580086533367,0.010323509922207541,0.0007954150030354823,0.0,-0.00043056263594687394,-0.0003924323979078159,0.0007718788919533481,0.0,0.001977124956415277,0.03034635356621118,0.0012012185649144524,0.03561407121852195,0.003203359631751279,0.0,0.00027229856991112245,0.01951806291824576,0.039498186732105534,0.04200866383346352,0.0,-0.00035815039086212197,0.0005157613932795235,0.0027573672851101128,-0.11452243128727652,0.03256061362480811,0.043896886742417984,0.04175513385800378,-0.0557705763540825,0.009758838240777556,0.002277604201598782,0.0,0.03494366104014346
-0.025630463824796668,0.009781593341628314,-0.008169775628460607,-0.023641966003248693,0.002252395956773845,-0.007617152811725314,0.0007179301039573205,0.001497591425196565,0.019893590837212816,-0.008858994184252122,0.013772677192823657,0.0038839371558988534,0.0,0.017721562228792898,-0.00493133081948155,0.006052682459722958,-0.006772600626503256,-0.002476095307004933,0.005286729109964083,-0.007441341540733115,-0.00027388634944053303,5.9702936104133464e-05,-0.006157819037304335,-0.01661261688360338,-0.007961612304305699,-0.006462630995519303,-0.01436701741898283,0.003447677454212983,-0.007394195714790053,0.014209603084324007,-0.008459096299661517,0.002315486632388064,0.01355370768310965,0.022753265581598237,0.005555689771387207,-0.01334658104566322,-0.07054552409611042,-0.015626660007961535,-0.056978953124179166,0.0023932293712342623,0.014730677358007316,0.009301902417968133,-0.014231187070642026,0.0026395529690239616,-0.0015253892687125403,-0.0005551847189690373,-0.010654370219869869,0.031121992744927218,0.0,0.00045337875451167964,-0.001209618769807963,0.0018405634707219232,0.007241143317946841,0.0011998190235347206,0.0002640212283790411,-0.021572949876179637,0.003101075898486405,-0.009257288751730264,0.001687020955577545,-0.01443903578971134,-0.006597343775424203,0.0014988068814306699,-0.014116676960655272,0.03247091698605109,-0.0022557951520321695,0.008333463717462242,0.004663589227795251,-0.007603427490802672,-0.00120447605467483,-0.00723569026751586,-0.005819517276839048,-0.011274859017178507,-0.01696576703340985,-0.012841690226102709,-0.01579911726615474,-0.012564442996937486
0.0010282032737665703,0.0,-0.01219387861154908,-0.013944479915283303,0.013117771997373406,0.0364303041202339,0.013052954048622167,-0.03441560563269308,0.0009464561170756114,0.023196370044050674,0.013163146710770457,0.003657418143986957,0.017721562228792898,0.0,-0.00017566685585856945,0.0,0.0,0.0,-0.015621651713082663,0.0008794032676333607,0.0003514741468310101,0.01640426911649251,0.007883051415211562,-0.0023635316880432633,7.977297227301783e-05,0.0001809737484502194,0.04031146479552988,-0.0040631971160456914,0.08410954594181319,-0.00046527038970661794,0.0042077354227903485,0.13906825766299818,-0.0005976671053069538,0.05336620119173946,0.029384096362492562,0.008527128329080758,-0.007012619083973631,-9.462615488925463e-05,-0.003952330905585055,0.0,-0.001703155385295363,0.0,-0.017958331225975732,0.0,0.0,0.0,0.0,0.028835863898580283,0.0,0.0393367177220334,-0.011428570871305999,-0.01990874823733374,0.0017564897343633201,0.003268208363918057,0.0,-0.025597036860665334,0.030536456954640467,-0.007459487771899198,-0.03092971939641498,-5.551115123125783e-17,0.0,0.0,0.0,0.029037867219859126,0.0006938966282931114,0.0,0.0,-0.02240702979517739,-0.0002973173048971822,0.0,0.0,0.024593987139525764,0.002984518938022651,0.0024225077925735805,0.0,-5.551115123125783e-17
-0.05126343439173214,0.0032921128952405065,-0.0028456890966927495,-0.00142243810853937,-0.0010918359847915116,0.005412352745062243,0.004580941488173229,0.025779742821123386,-0.0010806210914222625,0.01128449912100743,0.0,-0.0019780068226498138,-0.00493133081948155,-0.00017566685585856945,0.0,-0.011080605733854498,0.0027597183935136327,-0.0248357295522737,0.0,0.014125368361397661,-0.008019156384725223,-0.010256172522793205,0.017802497703853337,-0.046241420536920486,-0.0005682332439693738,-0.022540995763266736,0.024003389156444843,-0.005495589768447273,-0.0018616863337556078,0.0030780834563949866,0.0002174560476260745,0.009382753908048602,0.021533776620458134,0.007661093988014234,0.007357783696589459,0.005339259506836669,0.001773214153868219,0.02092816580973561,-0.0031109307814431997,-0.004545611618538392,-0.008917968390018183,-0.01270508770896539,0.012517678033813207,-0.0004969529509821768,-0.021205714135412,-0.0006509938014079841,-0.01388474869726658,-0.0016556552121646528,0.0,0.0,0.01704916376647947,-0.0005726786484558932,-0.02484347810104226,-0.0004867629520243222,-0.00018036446443975285,0.0,-0.0010252293453970607,0.00546791251583939,0.0,-0.025086238686953755,-0.0035501710860836866,-0.0005788417287614922,-0.012240663994863843,0.0,-0.009935792827656054,-0.002537974673989085,-0.019669570900956,-0.019220568476055744,0.0012396228734619097,-0.0077382062071668645,-0.022724862090333087,-0.008903315151845559,0.0011086161768244507,-0.0032547076577366663,0.006429979303434807,0.0021727682955318683
-0.011512820559290371,-0.01139852334848479,-0.008733343174596897,0.0,-0.010829119891317684,0.017498644075585046,0.0032483423725854776,0.014952570204338989,-0.005478039275560842,-0.005698082884686262,-1.013138620165055e-05,-0.017780391185020228,0.006052682459722958,0.0,-0.011080605733854498,0.0,-0.008625909636809148,-0.012399613296788514,-0.0010223058790957418,0.0064307968064639676,-0.01440242788309437,-0.002552550814849508,0.017092586035895474,-0.027040224089334874,-0.03100589063505721,-0.015997167706045146,0.013107019872796388,-0.00674532443586362,0.0016023834358149247,-0.005276828781658083,-0.0038516998662094792,-0.003452742835172551,0.021666999711450308,0.01060827330953762,0.004452614461122106,0.00542155596042454,0.0014919148512879676,-0.0016331769481411906,0.011188568721242964,0.010795880875855313,0.0149363705856157,0.020921198576008382,0.00211358590387678,0.0,0.0,0.009871404168510622,-0.006961866887894463,0.0,0.0,0.0,-0.001410009993113026,-0.0031468179886748326,0.0018956620375221722,0.0,-0.00048502974749770056,0.0,0.001280403619622894,-0.02664455249261949,0.0,-0.018366301263095186,0.004892877419021779,0.002618824496638583,0.006476022992971231,0.0,-0.0018916030781609416,-0.012627128369497143,-0.009251819671553807,0.0019862783775448367,0.026609234397545645,0.012041897809442759,-0.000595394320050624,0.002778232908594247,0.04160566290432183,0.007716964129873494,-9.537751690058549e-05,0.014054808440222055
-0.020120189394099874,-0.0016929403873112703,-0.0007983404504929847,0.0003142478808226823,-0.005987196019674068,-0.0332799049825912,-0.022401900833839916,0.0032908051826465168,0.0010333583634013488,-0.04283974763645115,-0.00021488263279534348,-0.006801037188997772,-0.006772600626503256,0.0,0.0027597183935136327,-0.008625909636809148,0.0,-0.06923808780165475,-0.02615126198512374,-0.011830911153631218,0.006981459505889964,-0.004806363061557406,-0.0228057863632945,-0.006777029588115768,-0.005242809434305051,-0.002107677251951434,-0.024961886492364804,-0.013687691747482578,-0.025953618768739306,-0.0009684124406106331,-0.025826724487823305,0.00388232710478692,-0.010876120115644095,-0.01889991056261442,-0.03175287890485978,0.018791426618402662,-0.0008247304772678321,-0.006556866219171009,0.004102523894450483,0.07679491428418961,0.017653013323403965,0.0018542171036773913,0.0,0.0,-0.0020386732818947206,-0.055954287055209884,-0.0006367485771788806,0.0,0.0,1.6653345369377348e-16,0.000412154618104954,0.0001207580980437939,0.0,0.0,0.0024613069922124753,-0.00021431320806697407,0.0034848198041677048,8.954954947582028e-05,0.0,0.0,-0.00034254346896961385,0.023976084220801774,0.03188544089376949,0.0,0.00010790987917025374,-5.551115123125783e-17,0.0019493341373590933,0.0002926028038970907,-0.01371416434635464,0.0219758465981858,0.01647358485973044,0.0,0.0004691144712003492,-0.0008283961960091069,0.0,0.003164330997452003
-0.009401899401644598,-0.013604734944327401,-0.007446412985116779,0.0,-0.011157119506212287,0.011433278776325606,-0.00540770093451165,-0.003726507154027059,-0.004408025839794327,-0.041318927477134615,0.00995400484412945,0.0032882978193226053,-0.002476095307004933,0.0,-0.0248357295522737,-0.012399613296788514,-0.06923808780165475,0.0,-0.009771813339404467,0.004449206895257407,-0.023456814210698507,-0.00873941911495929,-0.004657485987725973,-0.014279904264545062,-0.020384965488929208,-0.00604320638593403,0.008178998638783963,-0.01109229758471142,0.002309725758399772,-0.01997634294631062,-0.007395235706774694,-0.0064716274931374,-0.020852251635832042,-0.007442500578597133,-0.013680530959844672,0.0303270658298454,0.0,-0.003312581739966014,0.013025248735888506,0.0436145128348413,0.020864800133793604,-0.0006704235790279678,5.551115123125783e-17,0.0,-0.001377686542647305,0.009705532482767065,0.007971189945501389,0.0,0.0,0.0,0.0011399256163484028,-0.000588598246316685,-0.00013733325427761622,0.0,0.016353849455958913,0.0,0.012835915111405527,-0.001616441579783856,0.0,-0.013904865717758785,0.0021103807753228288,0.019661375104145618,0.014395048686123513,0.0,0.028348212585041277,0.007385095176980938,-0.016867775431413545,0.026552136054824427,-0.014832019739248081,0.015763467936766806,0.011632897201742876,0.030542224531419693,-0.003007104428323082,0.005414471015334099,0.0,0.010162535207634993
0.0,-0.0015904188072886627,-0.014253242535032212,-0.02814531549653332,-0.008491956885598395,0.016376966415062477,0.009839209705407637,-0.07364094107308389,-0.05067295727779797,-0.006843552201207803,-0.019762872511328383,0.0021089860491609325,0.005286729109964083,-0.015621651713082663,0.0,-0.0010223058790957418,-0.02615126198512374,-0.009771813339404467,0.0,-0.0015206034831325987,0.003810855221969167,2.217133574211605e-05,0.014685079387611322,0.0006705943162966799,-0.00808202338229913,-0.016271697899753412,0.006029862816682385,-0.004334452568724445,-0.0023795865604017696,0.0038244524735446817,-0.010386208937677277,-0.014721685539749119,0.010366123187309728,0.007602007810365519,-0.023350774892643034,-0.007591061417313916,0.047516527330397185,0.00032309585043643896,-0.07377522050968777,-0.0010248896536194096,0.0016225127458955324,0.0008108692528643324,-0.05484389536371009,5.551115123125783e-17,-1.6653345369377348e-16,0.0,5.551115123125783e-17,0.08817280190718979,0.0,-0.025625546109880437,-0.025582726481661933,-0.021151968000167054,-0.03545893748504647,-0.020886403332473824,0.0013096720653056337,-0.0878694348390891,-0.0007770981217791739,-0.0207603295282911,-0.03430808981288058,-0.00199709956531563,0.0,0.0,0.0,0.017774060986812112,-0.0027401098796163703,0.0,0.0008115172509768898,-0.026343324327399165,0.0,0.0,0.0005984056849959729,-0.029954168251487445,-0.004343478776735354,0.02410156828704374,0.0013387556541807344,0.00291400647185025
-0.014288941405379785,0.011534101303267874,0.007798986708744016,0.00043495938125037714,0.0015979746289930818,0.006216314646139864,-0.0055391976328207915,0.020784093906099976,0.0003566457930698763,-0.013025691018773766,4.656252149853879e-05,-0.03364674070223539,-0.007441341540733115,0.0008794032676333607,0.014125368361397661,0.0064307968064639676,-0.011830911153631218,0.004449206895257407,-0.0015206034831325987,0.0,0.04249576067664129,0.004258994853860998,0.0009723470097550702,-0.040628119584320666,-0.0029554783809284113,0.0054047839634076,-0.001421337133020506,-0.01369624908081818,-0.010443925735681814,0.026499102529849383,0.005132474741752657,0.013187662868777705,0.025819412901796346,0.01594318674942491,0.014806917917621731,-0.02933794417578167,-0.00740503685289845,-0.005274503634041139,0.027103708047617747,0.0028010876087446457,0.014350728798945278,0.01394246874864069,0.055471689145857705,-0.0001379542786890675,-0.0009073898571628214,0.0011582737673079269,0.005428546475475138,0.009359803694164892,0.0,-0.0011352240239611011,0.010875036836319296,0.00391083615615212,0.00829768327428293,0.0025173009867933693,-0.00019604926901278796,-0.0023038828653528243,-0.00036118210524305194,0.005704821260546888,0.0,-0.014110942955396888,0.008753982001991678,-0.00017362284234251346,0.005452366859974411,-0.0013344905675317653,0.01313931880837832,0.030427184512640648,-0.0018136785465860394,0.009461671994249521,-0.002319433149329364,0.0047806295526200415,0.0017817107584937597,0.010865941168172633,0.006958321461588535,0.011474328708754311,0.01966689986692538,0.024617517710720016
-0.02392062073029183,-0.014546400682337923,-0.0012374127679571356,0.00044874627777646836,0.0010473194661194118,0.023577334778023484,0.009470434388660132,0.031424648164359636,0.0023993050086051904,0.022158635456783538,0.004095928613424893,-0.005604514542379979,-0.00027388634944053303,0.0003514741468310101,-0.008019156384725223,-0.01440242788309437,0.006981459505889964,-0.023456814210698507,0.003810855221969167,0.04249576067664129,0.0,-0.01578892296399792,0.02691458722126583,-0.012187594277510594,-0.016955589876633093,-0.02223230457960168,0.04159485736422608,0.013390807157286355,0.03677970425751376,0.005595022847649511,-0.02119130472069547,0.0027627284622132042,0.045990244328025565,-0.017448586719350456,-0.04616649873489209,5.838640547967122e-05,-0.00010767790878185579,0.010418163624051457,-0.0041895476161048495,-0.004916229102456593,-0.023174656267501648,0.0037245828711636175,0.0013651975586354559,0.0,-0.0004937239375861213,0.03954003887617241,-0.016822113610274192,0.000687768986122772,0.0,0.000146039568950318,0.00945463309196315,0.004948491204802397,0.04776189569112482,0.0012384122627660532,-0.0011208904052658064,0.0,-0.003587303005917475,0.006689742701126822,0.0,-0.04142783715884807,0.0023303185601107335,0.0,0.0034889159277916026,0.0,-0.000652576110993508,0.014018699469646456,-0.02586728603327465,0.005769326287102194,0.003122469231273739,-0.0006543437870514257,-0.019817816996581583,0.004158092689571291,0.00016652937016181646,-0.00501067236690983,0.017828826328560532,0.006576381323550817
-0.020547783562327893,-0.0017448628374511221,0.0072273896528633474,0.0033917771763491977,-0.005475535645512231,0.01245439777461188,-0.0011219564664690096,0.0018512992802846573,0.00390167767383226,-0.024015211047438145,-0.0012996569369065902,-0.0535790767398896,5.9702936104133464e-05,0.01640426911649251,-0.010256172522793205,-0.002552550814849508,-0.004806363061557406,-0.00873941911495929,2.217133574211605e-05,0.004258994853860998,-0.01578892296399792,0.0,0.031674224629268666,-0.02339465432982607,-0.01654732842430867,-0.012510877970790757,0.010375048088309913,-0.027564917233988073,-0.008040264036457911,-0.02808831618637131,-0.0005170358178688828,0.0101483202283158,0.019629459781005387,0.009842782752270185,0.006287955847501525,-0.12524337267527702,0.0031542880029724607,0.02519246829738392,-0.00048761341478686937,0.005935063992398848,-0.011426037835617853,-0.013267416854771952,0.00312362501776714,0.0,0.010227917268545161,-0.006048986770221254,-0.020634174002256256,-0.002014694511410675,0.0,-0.00023193274386279494,-0.011945683974741661,-0.017019003791478415,-0.01030199977100038,-0.0035300396090638397,0.0034491919159502227,0.0,0.0003688660756768769,-0.011204586300035402,0.0,-0.018693175397300754,-0.01469251993210935,0.0008924905938547667,-0.006092824444500322,-1.1102230246251565e-16,-0.003245226559267511,0.011820363422901936,-0.009997059085617488,-0.014557185742931633,0.0026315743073589415,-0.009199853810043956,-0.024168370413356288,-0.0038038682975758964,0.01594430528304852,-0.007354413160283457,0.0032397991129128334,-0.00870369788394576
0.0158997092652714,0.04599091370110153,0.001523873396696962,0.04540531284189614,0.0009216846746594731,-0.0005539490731604757,-0.0075690102911117885,0.012223239161213206,-0.005243272908212859,-0.006492509829818638,-0.025167301367454653,0.013272326011961877,-0.006157819037304335,0.007883051415211562,0.017802497703853337,0.017092586035895474,-0.0228057863632945,-0.004657485987725973,0.014685079387611322,0.0009723470097550702,0.02691458722126583,0.031674224629268666,0.0,0.0035700030381745074,0.007020636290464566,0.016579230396011946,-0.012342589401588666,0.01026930439841589,0.03077378634897543,0.0205324796458074,0.013844613866680844,0.0247067643203171,0.02265674725328859,0.012521607172265081,0.020576011750245593,0.011220884353871308,0.014587318362287716,-0.00615277508310319,0.00888343498275701,-0.03166534599038001,0.006871796628799998,0.03064004720586444,0.001250873183887502,-0.0013225215985575023,-0.005164408854529623,-0.0013257915802972753,0.017056553977142064,0.03580559014868834,4.546948952377505e-05,0.006166355528403833,0.0018292947660979442,-0.0012372732033938405,0.021667675323473135,0.0023147064422682773,0.0035965594339273377,0.01939424084939778,-0.00772600554584546,0.002956998487991691,-0.007270436651863554,-0.013250053882946589,0.007773046736329781,-0.0010732632787617824,-0.011679659729279535,0.05067241162561509,0.013403348566188189,0.03878658666415846,-0.00023882734352348445,0.008768090347797686,0.0004160797960847673,0.004894677666145375,0.007026102151896585,0.0006370188852510283,-0.0028640849627554754,0.0058033779627958415,-0.0005875152249751325,0.006465497343750015
-0.012624469149892958,-0.05051955035714262,-0.024276551778445232,-0.0036181293737840847,0.008018313737711169,-0.02827129773315623,0.011501392987792458,0.01626099460837993,0.0006752795520299504,-0.01366567746213404,0.030018235204427923,-0.0210007813071022,-0.01661261688360338,-0.0023635316880432633,-0.046241420536920486,-0.027040224089334874,-0.006777029588115768,-0.014279904264545062,0.0006705943162966799,-0.040628119584320666,-0.012187594277510594,-0.02339465432982607,0.0035700030381745074,0.0,-0.009768162932607904,-0.010288051246376828,0.013676452686626206,0.007605206365721873,-0.048110666025709625,0.00203257249993255,-0.01986394850261569,-0.023591795845510133,-0.01084884446843215,-0.017066366153393575,-0.04178900342279562,-0.02288242813416924,-0.0812011258115376,-0.02306497959925341,-0.07400423285274554,0.11417975324602819,0.05568802044678578,-0.13163205598947392,0.003510549982110256,-0.00024184733548249238,0.08867439959773099,0.019907704100031398,-0.006915393437518957,0.013585205378853604,0.0,0.0,-0.0037957110486219747,0.0019359608906824866,0.0006627659336348457,-0.0006071178788353837,0.015580064858641995,-0.030078333671285873,0.02019776363778658,0.003600046040123206,0.0,-0.0012012879889197192,0.010454148050100975,0.01941191536855591,0.022443099438220537,0.0,0.0018451462890947123,-0.003873386689451641,-0.002218453947359922,-0.005742815890485864,0.009788628962571433,0.014551273292579214,0.005972956383794026,-0.00624077487239294,0.0044004738190459025,0.0005679248537859283,0.0,-0.0036086278889775336
-0.02457876380127022,-0.02074721438184174,-0.009834038755016039,0.0,-0.011015494973525164,0.004333170564647937,-0.011977366526438604,0.018654555878843404,0.005980590755560955,-0.008631928819962331,0.0002719676636753765,0.0066543937293949695,-0.007961612304305699,7.977297227301783e-05,-0.0005682332439693738,-0.03100589063505721,-0.005242809434305051,-0.020384965488929208,-0.00808202338229913,-0.0029554783809284113,-0.016955589876633093,-0.01654732842430867,0.007020636290464566,-0.009768162932607904,0.0,-0.005543592613079962,-0.0017112701044457168,-0.01589129930579458,-0.005937585919573274,-0.0838694998062911,-0.01009939010750327,-0.002533054959817871,-0.015362350111874479,-0.0033403620023979563,-0.01590889605551854,0.021439800872050885,-0.0004721896805495174,-0.04690292512363692,0.01256713083742561,0.03127008774827045,0.018699782089352135,0.010494706070659887,0.00022979073350648527,0.0,-0.0008666648572255298,0.0072903170262011985,-0.02190580633589262,0.0,0.0,0.0,-0.011320976767658308,-0.0006604116446694008,0.0032348597334251328,0.0002666785427291041,0.015353130509866197,0.0,0.005837158414841781,0.00038069562376047417,0.0,-0.017117666886034277,-0.0076031779228343255,0.020135014754843306,0.011671459237631077,0.0,0.005818983628426089,0.003545900909825983,-0.005165275176295114,-0.009351186494558683,0.012287008682321798,0.008237565222029286,0.00942787042834592,-0.0019401191234993953,-0.012272034226202877,-0.0007520983557760541,0.0,0.009261373987326849
-0.005729540485190032,0.004461257249140538,7.834512841753405e-05,-0.00020845531564461783,-0.0027408408316408894,0.007753878846597395,-0.0070548800848898585,0.021151431476065408,0.016371782288455816,-0.08181335975226403,-0.010967197973388687,-0.01574801605769366,-0.006462630995519303,0.0001809737484502194,-0.022540995763266736,-0.015997167706045146,-0.002107677251951434,-0.00604320638593403,-0.016271697899753412,0.0054047839634076,-0.02223230457960168,-0.012510877970790757,0.016579230396011946,-0.010288051246376828,-0.005543592613079962,0.0,0.009266817255807136,-0.031171845773742435,-0.01672288262730437,-0.08804332982002538,-0.018373208785308903,-0.0005767959532306799,-0.009135543752444408,-0.007384687481796548,-0.006829364259773485,-0.028036916281593383,-0.0024262991318867444,-0.008414193575214779,0.0014924679012532915,0.026479940293592907,0.002702901449988526,0.008072572935278022,-0.005837925790935561,0.0,-0.0030541478630328744,0.0082867351182363,-0.014927537980732986,0.05070252621541821,0.0,-3.786282334428126e-05,-0.010171907985492279,-0.01287927989459331,-0.014379357569730744,-0.0019461189682595248,0.009586607481104514,0.0003667949388532765,0.003361494449404534,-0.005223852246533878,0.0,-0.026929191720917012,-0.007203470913185905,0.02386100765475213,0.01316788854222406,-5.551115123125783e-17,-0.014065862993849376,-0.010065067299761588,-0.02020267841904838,-0.013618881703468255,-0.00668379262087293,0.00857463677563508,-0.0031457778612745124,-0.01746442623581812,-0.012964478937689095,-0.008606529794830176,0.00023329940819261097,-0.00044605704100125765
