0.0,0.05795945749672543,0.0019969341445295608,0.0,-0.00014758445501050765,0.034708964057593605,-0.004724913044905077,0.013950377846709383,-0.002066578252027995,0.02666859285884371,0.00021492194884270566,0.029074168581028903,0.045210558574227955,0.018357682795303754,0.030622662604543383,0.05083376650125221,0.027507905292768864,0.039110135347716346,0.0,0.042792628526164334,0.02092014787061508,0.041087288859046056,0.012667954579684337,0.02214467927467273,0.03905090854321175,0.028615953808441563,0.022957364867242647,0.052036473379213355,0.031446250479851445,0.0030637221690248406,0.03555070465073684,0.018163624846867288,0.040318332162866566,0.024772057852640916,0.009158598612860502,0.028866545694430812,0.0,0.02026072113877697,0.01746545210287398,0.035711971461751424,0.024526381579713763,-0.008434957781578878,0.0,0.0,-0.07460933023756261,0.004617839528261225,0.0374309926945392,0.0,0.0,0.0,-0.0013556662063194946,0.0,-0.0003275924998608626,0.0,-0.008422019753230925,0.0,0.011516495757500855,-0.002210025681142036,0.0,0.05484484389446487,0.03133918123265628,0.1101656190614565,0.03359731765123186,0.0,-0.007821435529872356,-0.015175071191978917,0.03824327372478664,0.021786012476353145,0.05355144491042696,0.03444008717424135,0.03376171354503804,-0.004357955955118564,0.00020075123230323122,0.0007257745241082136,0.0,0.03762089523326417
0.05795945749672543,0.0,0.011443748670248444,0.0,0.011456478482717747,0.02492183711261592,0.041455884190713554,0.017861550783355218,0.015227698968410142,0.051259333968253884,-0.00060491778314542,-0.0008276959622723901,0.03919879404430293,0.0,0.03485517033962604,0.03780308859015069,0.061800155311137084,0.042177283868724824,-0.0003756123311000059,0.043208140211205004,0.039575525881554274,0.03398184100955648,0.03934671828020997,0.05571790508195784,0.03303953197904447,0.027187435004249638,0.028529396724195133,0.05744198375184728,0.041395108736729025,-0.005902800895518645,0.024436537374582012,0.011821678195558516,0.02659890236466461,0.015315739984305798,-0.007366832953174585,-0.005490300166443751,0.0010637246656605148,-0.00015827603646129118,0.03691197124916701,0.04079330705504719,0.041277842570742906,0.025357489505414887,0.0026455488887524026,0.0,-2.8506623926338737e-05,0.042676697077740855,0.042034842260776584,0.0019677514007489516,0.0,-5.551115123125783e-17,0.03988521461337452,0.0035397118110530035,-0.004788375732484529,-0.00013348442733757127,0.0036610148482440485,0.0,-0.0022964892840009465,0.039545375206133104,0.0,0.02963722988807377,0.033404122373020484,0.03407318864180525,0.04801006951406911,0.0,0.05024418668102004,0.03875625769938257,0.035938866903944544,0.04390770022263413,-0.0017228576522966832,0.0428605013100678,0.03929190037268143,0.04517385455115219,0.0026601239424215994,0.04151827529782992,0.002317019891633798,0.03757079539368535
0.0019969341445295608,0.011443748670248444,0.0,0.04351395447601536,0.026600441964469035,0.03496619889266622,0.039351661630053825,0.04503000785312483,0.0196119695728994,0.037276659864150186,0.03213348425056484,-0.003403542656877978,0.03258716116423305,0.0688207969736509,-0.001500604197103128,-0.0005781954222610075,0.0011936954417389178,0.002026354947968878,0.02309318417600903,-0.0010236702774349404,0.00056658461032566,0.007599145318490097,0.0492118912161289,0.000818909502490528,0.002766331646746334,0.01570677874889337,0.036572835091480016,0.041990020333265377,0.05136366312606844,0.026413153022232683,0.03982016002848837,0.05121526518620417,0.04464588973851896,0.02912191270170511,0.036722605334375824,0.04662905534619538,-0.0003084141123784745,0.004417413254670155,0.07271687983947306,0.07420045353421534,0.05413152909050656,-0.0006285460398028908,0.0309538608618925,-0.0006722289099611589,-5.570047640185427e-05,0.0,0.0022034643471551263,0.017490480448310197,0.00012365588662205385,0.09018081990413684,0.05209858728828165,0.0550095658075328,0.06331192053028911,0.05300895289352703,-0.0010638394057316258,0.13153452474273336,0.0001243166751999647,0.05173078204279746,0.00682125204260875,0.001269908719027102,-0.00021684046752823427,0.0,0.0,-0.04583320304324051,0.00878500297218543,-0.001196569728317498,0.00646840653861358,0.049230033997539,0.0,0.0,-0.0018061755005425173,0.06091887825936415,0.0602788406403959,0.0392004996596611,0.06340712013546013,0.05655262292254204
0.0,0.0,0.04351395447601536,0.0,0.05274502926992708,0.0592345912896074,0.0950140583514712,-0.0032512522379474773,0.050797313485253015,-0.15756936127129664,0.03446768992075944,-0.002639946998391929,0.09421951367238013,-0.027216023182690008,0.0016859131744411116,0.0,0.00012089057247061108,0.0,0.045477568742688546,0.0002780877719851249,-0.00048239845968578443,-0.0004823525522500427,0.04190194818961884,0.0012301986077783433,0.0,-0.0005115722486722651,0.07189395543408295,0.06913733881258671,-0.0007224119218422476,-8.768215820531555e-05,0.09105729091337633,0.02487420472810281,-0.009902973243082314,0.001102097197702212,-0.11614349284539638,-0.019820891156272114,0.0023389491254210415,-0.002077784591187015,-0.0004495294861998622,0.0,0.00034120051566594034,0.0,-0.00037726766503226594,0.0,0.0,0.0,0.0,-2.444300096798857e-05,0.0,0.0,4.487712138989686e-05,0.0,0.0,5.722421264903188e-05,0.0,5.858314862178249e-05,0.0,-4.3078405416729915e-05,0.0,0.0,0.0,0.0,0.0,0.0,0.0,0.0,0.0,0.001972449140019983,0.0,0.0,0.0,0.0009530281273680274,5.6089735710807e-05,0.00013514578567386248,0.0,0.0
-0.00014758445501050765,0.011456478482717747,0.026600441964469035,0.05274502926992708,0.0,0.02754845097601588,0.0375372407047892,0.05038044497889188,0.028778262470884552,0.02064341077043441,0.04412814341446608,0.0057138708156584395,0.037828276721265874,0.04641392116681603,-0.0007215901167719752,0.004732481085338691,-0.003831766162804451,-0.004093916006715714,0.046770026677919796,0.020201964805736772,-0.004362404456014934,0.01751208885128147,0.04303668246423231,-0.006588172710997819,-0.00025818504939140174,0.012970458693754128,0.02583544568042162,0.04978829166921572,0.030895308712023728,-0.0028480108870556076,-0.0033478398191957304,0.05263093060568613,0.004680741952055478,0.02102860405018203,0.039705157893814125,0.0005527666971733569,-0.06637541421915935,0.012644819949325536,0.09727029098120188,0.0057714172912725625,0.060311548114561075,0.001448160946106003,0.06887351040724826,6.016656771179463e-05,0.0017425643066876217,0.0,-6.793979289893004e-05,0.03999742982277121,0.0,0.08085517262718167,0.0555069714852785,0.057696751087478404,0.0658884369071695,0.04650782587574176,-0.0005062208929410561,-0.0030819272789081587,0.002476118714187292,0.059509159885047236,0.001382606501917183,0.001213902734906569,-0.0010148386193587489,0.0,0.0,0.05141309532172367,-0.0004190433696737994,0.0,0.0015196714522963672,0.05452964926941506,0.0,-0.00025776448102488025,-0.0007496947821438171,0.061972633885956085,0.05663667446303633,0.036825273452529506,0.03295089729541156,0.04919214032842334
0.034708964057593605,0.02492183711261592,0.03496619889266622,0.0592345912896074,0.02754845097601588,0.0,0.02789578285412392,0.009806625097992183,0.020266654699972353,0.020356363744133688,0.023162530047671437,-0.013417059246255303,0.0291992000836937,0.023430358821522557,0.016868037996704333,0.03660583774707432,0.007166271363286736,0.031026940668923475,0.03914570650190946,0.0189694716706007,0.010184374659811257,0.017217280619226116,0.03276179022871972,0.0240669506768057,0.02259083058609901,0.015044022816728064,0.03091213665254594,0.019142467315264977,0.03044599302791534,0.014787905482321784,0.03207943210581349,0.023418836070680127,0.028558729268187366,0.020499518283269513,0.021921774445257114,0.032115658679412296,0.01469308246520179,-0.016324239312674238,0.04988716625254208,-0.027903053655221388,0.04893276293246662,0.011896818672792464,0.025901423759951026,0.0027627410957556386,0.001676056005225135,0.004242161790245003,0.017752444779166765,0.03345370420031346,0.0,0.03634919316761631,0.027326710407933663,0.027085526442821695,0.016774913328370333,0.027148797486367227,0.025955923849545592,0.05435610136213653,-0.00901364001371363,0.03718358215088513,0.004943747399897724,0.026251096829170595,0.020744474192308848,5.551115123125783e-17,-0.0023485953285652394,0.010837353515265047,0.03999708805944635,0.002672249224291212,0.01763394422441794,0.02419919950139815,0.0,0.01052418663411614,0.01840242720039259,0.034142872174766525,0.0368346278207804,0.029291545452847123,0.023119530234688712,0.0404844322618233
-0.004724913044905077,0.041455884190713554,0.039351661630053825,0.0950140583514712,0.0375372407047892,0.02789578285412392,0.0,0.04710202699648086,0.03406649567996839,0.029116435182532152,0.04670006254446152,0.008957441839109459,0.037967137738991574,0.05827578972862618,0.023687726548293764,0.042887591512848766,0.01066746109901362,0.047662231396668586,0.0371354934255691,0.03175143113745821,0.03870971040413068,0.038988069548152704,0.04546743168018408,0.02249541238863806,0.026800512510591457,0.046280428819098884,0.035958373009452205,0.0501475680367347,0.031526816093710164,0.023742164384980835,0.04184515392759719,0.049239490529902064,0.025144868536312648,0.03404387109904994,0.046299626843175956,0.04345157252277293,-0.03974281612316494,0.04234263223187257,0.08278681336269544,-0.0006716529995675624,0.061970278127008505,0.04205053428753036,0.05858516613913173,0.0006923393424207447,0.06844294094768688,0.00021556974629383108,0.025844918604194966,0.045531498404397075,0.0,0.06954745837365861,0.0471739485561824,0.0499582228149249,0.04237536111922302,0.04796897812163603,0.001704584686897992,0.10605699156508525,0.00352074504381239,0.051825925812119755,0.002091822916126529,0.0073723226268146425,0.03175331823125588,1.1102230246251565e-16,-0.0002125835455634162,0.048531611271352526,0.03993251823908339,0.005195356263685391,0.015571496374152838,0.04280163430809325,-4.153053339295276e-05,0.0007758486491525329,0.029483337874941784,0.05364501724031512,0.05366346456721516,0.039782087860727455,0.041114679529791864,0.049640071060284674
0.013950377846709383,0.017861550783355218,0.04503000785312483,-0.0032512522379474773,0.05038044497889188,0.009806625097992183,0.04710202699648086,0.0,0.0394831697846133,0.023319087640946368,0.05086152114392206,-0.007231887967466932,0.0424877408784034,0.04093962956996022,0.009478691099249259,0.033763338740881166,-0.0040086860775502275,0.015538079707987706,0.044227859897144006,0.01651748341599396,0.0258977541447582,0.02038090106469087,0.036888318477464654,0.00606251030552718,0.01463750185807583,0.02241113854499499,0.027472240632303302,0.04716373477951602,0.027590500484169167,0.025765346483258345,0.050704515388948546,0.06492682934448063,0.05016535882093753,0.03687224534188421,0.03438087840708309,0.02858102488799652,-0.09231506933571404,0.00840861043625274,0.062234429504570365,0.009219347020523516,0.03694083054993935,0.003152092944062823,0.05573283608615354,-5.588938808809285e-06,0.0002933943601636235,-0.0007333232045694804,0.029645460731104134,0.040974158785212156,0.0,0.0876140390558775,0.035322559967252865,0.04539663356056367,0.05166588851486459,0.050305087919342406,-7.910164553248666e-05,0.07051130573455783,-1.1102230246251565e-16,0.04972316361084339,0.0047381461040550965,0.029375895679296105,0.03246377213035884,0.0,8.023082770924894e-06,0.03870346019182869,0.04908190718237365,0.045778684929539126,0.03632432416266429,0.024605380495658413,5.175112196947884e-05,0.0005648733145727225,0.015550517395159613,0.046129712970010395,0.03742864079359465,0.0313110670074207,0.014127137507635501,0.03784208795182831
-0.002066578252027995,0.015227698968410142,0.0196119695728994,0.050797313485253015,0.028778262470884552,0.020266654699972353,0.03406649567996839,0.0394831697846133,0.0,0.028327561878930374,0.019414982380353107,0.019425445747443038,0.03464558270654239,0.06349520977132056,0.037742312788122956,0.019556276906648684,0.002298156934020412,0.015411265458223355,0.011573345433929738,0.007511528815459079,0.005833159444165403,0.002392217106136685,0.02675216438557304,0.020708585324978157,-0.01536943992542622,0.00016632569243174578,0.012994012309153369,0.03474221661076682,0.019848230663863486,0.011735918168179371,0.03463782671948484,0.042038951982454054,0.016097949334665906,0.025025272138451404,0.03457483255479393,0.04419443866077982,0.017963845977800652,0.018907881727424525,0.06305116317847947,-0.0008855757230227801,0.06634409338766767,0.004994302512906557,0.046734153437902715,0.000901709494030567,0.002176550725294879,0.0,0.006983077874311572,0.012847768133748438,-0.0006779833785192091,0.07476066413589832,0.050338173790012486,0.04705676549395277,0.048208351784406966,0.035558832461919154,-0.0006408349964316384,0.06892353978761234,0.0006696012536294149,0.049330039008706916,0.005171823340898607,0.006775363880210106,-0.0003323651870481559,5.551115123125783e-17,0.0,0.01773217781577885,0.006351640713617046,0.0030849481530837997,-0.004156216803344881,0.041401358347676664,-0.0015365516677684488,0.0010548339742471602,0.012138741040584822,0.052796249940350704,0.05687837308189758,0.0065555877866178,0.047536821430870346,0.0548243961230348
0.02666859285884371,0.051259333968253884,0.037276659864150186,-0.15756936127129664,0.02064341077043441,0.020356363744133688,0.029116435182532152,0.023319087640946368,0.028327561878930374,0.0,0.023744417129908546,0.017443298434071997,0.023506853931123783,-0.11783747237840242,-0.00018366755244508814,0.04004958168567391,0.03749594869667,0.05593356043562642,0.02885787079928337,0.010374565036900929,-0.009883359207354392,0.025269995606615747,0.027369285388663622,0.024417293982335664,0.021515203494969548,0.04777310950024849,0.03235879570981037,0.002004030376962729,0.04187845909112786,-0.0040937190464119255,0.03448871972056533,-0.005760188640369424,0.011999581609630439,0.016429498708318946,0.02707106570704304,-0.015928714352063278,0.03069290988684048,0.0044569437935030876,-0.012575259602844724,0.03173567323884463,-0.06966756693019732,-0.07072738254158373,-0.004801073025354319,-0.00047867951929286834,-0.06424376033501428,0.02804600608812957,0.04073686192501258,0.0032027906035639875,-1.1102230246251565e-16,1.6653345369377348e-16,0.040240814230116384,-0.00025494958944610735,-0.0008976446743943489,-0.0009289903017919432,0.035216745734961974,-0.0016454090975853153,0.047020392556818946,-0.009324403753304455,0.0,-0.0020435920284883613,0.0393963474714073,0.031416679686580906,0.02226450276114461,-5.2245339909329225e-05,-0.0021451872638279523,4.917065877840798e-05,0.0015654344271973097,0.04015573724096855,0.03142681996011204,0.01895899399218487,0.035079515622009616,-0.01319147319092856,-0.0013203247028021892,-0.11819933234269892,-1.1102230246251565e-16,-0.005255889494133914
0.00021492194884270566,-0.00060491778314542,0.03213348425056484,0.03446768992075944,0.04412814341446608,0.023162530047671437,0.04670006254446152,0.05086152114392206,0.019414982380353107,0.023744417129908546,0.0,0.003916519935644069,0.052526733776237344,0.06491265124978096,0.0,-6.640115150668979e-06,0.012016323363046366,-0.004313807333791719,0.020673517915406003,3.0517097888205225e-05,0.0016949145763199835,-0.00041181854982136334,0.0540030173553635,0.03057448027313253,-0.0007118711625803131,0.011811875793442672,0.02639043473813274,0.05220876372308059,-0.00564190702004802,-0.007756508656265593,0.044959281672969253,0.06324443870856428,0.03015998258005148,0.03441238633422766,0.046321825304533715,0.05255350080435134,-0.019504804280020827,0.02923950759273758,0.1302562810657778,0.0034036330843567053,0.06367653861989597,8.611779648631801e-05,-0.002771726943442354,0.0006600205684278992,0.0037757855797825313,0.0,5.551115123125783e-17,0.0557989889182719,-5.3557938010984074e-05,0.04823540155537831,0.04957605973246293,0.03757545689188879,0.04676474240610795,0.05032728419298971,-0.0012011077705733064,-0.06494786083747306,0.0007173885282115156,0.06304263528879273,-0.0024900812104942105,-0.00031604967388870753,0.0,0.0,0.0,-0.058189739687846076,0.0018574859382242126,0.0,0.0010739458260816681,0.04407349936921001,0.0,0.0,9.586654900084479e-05,0.0480074345183491,0.06126651967196539,-0.016577696238556483,0.0013338638481679155,0.04572778712483938
0.029074168581028903,-0.0008276959622723901,-0.003403542656877978,-0.002639946998391929,0.0057138708156584395,-0.013417059246255303,0.008957441839109459,-0.007231887967466932,0.019425445747443038,0.017443298434071997,0.003916519935644069,0.0,0.009857122755072834,0.002332326527981321,-0.0013310913928262225,0.025773613330312917,0.019343831423248414,0.029924411288341723,0.042384267132621445,-0.0013556177612337184,-0.0070970142411924675,0.02218761481576048,-0.014930921800581087,0.031051967797072255,0.013606711542628602,0.029843745528216503,-0.01830698050094204,0.0037971554431968646,-0.0020186872006644485,-0.0037367575375100714,0.018649390791023568,0.004889407609941276,0.02701644478288956,0.0035310577211055127,-0.023095543181140765,0.01271503678095065,-0.007447907756674088,0.013041137884782783,-0.004971165648034737,0.06039271449256006,-0.05181376895944123,-0.03944869750377267,0.013932566279946379,-0.0007961668275796585,-0.030224036148413513,-0.029025979377374778,0.0002783117430142923,-0.0006324319604980588,0.0,-2.9210989044292646e-07,0.0011845317168371894,0.002460085373602483,0.0,-0.0006274645690865222,0.047690674476230044,-0.001278271230353012,0.07059729341412213,-0.0023781915278681676,0.0,-0.0007063469299848912,-0.0023834785887987264,0.03685506008905309,0.0317814033648271,0.0,0.0007618165588502701,0.00010864204957961032,-0.00023463562110948022,-0.0032581864640675584,0.06176893263941852,0.03591030106646914,0.05053389885979298,0.006895030081719267,-0.04392228163511752,-0.001728577345778859,0.0,0.0727531490126721
0.045210558574227955,0.03919879404430293,0.03258716116423305,0.09421951367238013,0.037828276721265874,0.0291992000836937,0.037967137738991574,0.0424877408784034,0.03464558270654239,0.023506853931123783,0.052526733776237344,0.009857122755072834,0.0,0.05387604227973952,0.028171661879997423,0.04634902666648588,0.021516365814004734,0.05118048976263895,0.04211626061346235,0.034220025895358996,0.03441350807632698,0.03938646270627,0.04127200124265168,0.011988818874347829,0.03152434326861797,0.034156763202423834,0.02359982780492048,0.04264638552329042,0.03119865993207832,0.048472043601717696,0.044317987370713297,0.04334649985944505,0.01871333780790707,0.03002414645877266,0.03350071484332362,0.043536585024691155,0.020533208465668196,0.024018187408447966,0.0676430391530421,-0.04119293096085003,0.051846716808694016,0.047737656202825884,0.0487089531011885,-0.0015020282421867037,-0.0034563392089596023,-0.00035489835291824257,0.019449915596423673,0.05076494666373821,0.0,0.05262753374014939,0.04184254487038275,0.045047999767693137,0.033079609793279785,0.0458026061663368,0.004287869449637938,0.05325607386003017,0.0023614669115842313,0.04730309703144886,0.00282639708055471,0.044353526109824126,0.033119599289533064,-0.0006043482149287738,0.0003151952996596763,0.03498473105197597,0.041180715808361135,0.0016908272844776695,0.02714197387306666,0.03819263802998196,-0.0034965452778916717,0.035631320889681406,0.030061181764256095,0.04522728325643488,0.046101676132723424,0.037421702764739107,0.04254635247710836,0.04672938905044388
0.018357682795303754,0.0,0.0688207969736509,-0.027216023182690008,0.04641392116681603,0.023430358821522557,0.05827578972862618,0.04093962956996022,0.06349520977132056,-0.11783747237840242,0.06491265124978096,0.002332326527981321,0.05387604227973952,0.0,-6.831609749347045e-05,0.0,0.0,0.0,0.06314731036197785,-0.0019221650149068292,0.060276597743197935,-0.0017824612504667714,0.06379880844621261,0.0031410669848798145,5.22832425165487e-05,0.009910921858753141,0.0509062638152879,0.06306005375642482,-0.008193021066893569,6.016158628829871e-06,0.036937692128225175,0.02671893425040922,-0.003379321057716045,0.021826965830353706,-0.028316709261046624,0.04700594021764712,0.018558182391986172,-0.006258001112830203,0.003269721098624112,0.0,0.0009453949331599265,0.0,0.011338265240566525,0.0,0.0,0.0,0.0,0.01137624251008007,0.0,-0.00706184565082596,-0.001646633207700754,-0.00574915266368603,-0.02902395711642508,0.0029885235559927725,0.0,0.004945957613325558,0.0008367807788862702,-0.0008704011635033981,-0.0012714177983216834,-5.551115123125783e-17,0.0,0.0,0.0,0.0006070780563044442,-0.0016358678634526003,0.0,0.0,0.004441650994073121,-0.00019486189762496497,0.0,0.0,0.0050753431627144074,0.0025419199219117727,0.00015444828867267058,0.0,-5.551115123125783e-17
0.030622662604543383,0.03485517033962604,-0.001500604197103128,0.0016859131744411116,-0.0007215901167719752,0.016868037996704333,0.023687726548293764,0.009478691099249259,0.037742312788122956,-0.00018366755244508814,0.0,-0.0013310913928262225,0.028171661879997423,-6.831609749347045e-05,0.0,0.04359292710852386,-0.0029218957367868614,0.041064509325135556,0.0,0.02792728024547625,0.036210558473254606,-0.0015090653278284627,0.004273507106747676,0.015226797933475922,0.043702293948501225,0.0241639874601271,0.03468469994165291,0.02762500535384227,0.02408637478793263,0.022503151867294735,0.02955845284119779,0.01599406598056885,0.022048283861190843,0.02308910010202292,0.010691986845765944,-0.006291734614176092,-0.0038959998085309477,-0.004048423471507634,0.045154544510344785,0.05036956931946773,0.03538247372128661,0.028545263788315345,-0.0024137072998359765,0.000510801038210773,0.0017918034439246,0.0032413792877032943,0.03577655231147092,-0.00034576091131571784,0.0,0.0,0.03639144755092072,0.03817962282026405,0.025691078408426105,0.0013633168190533285,1.841708144123544e-05,0.0,-0.0009262777180494286,0.0426244266690014,0.0,0.04396521151350641,0.046707527983810726,0.00044077191804697824,0.039829058909221615,0.0,0.06491015261394162,0.027487564711858037,0.0470154315128718,0.04630248975791196,0.002143743725507685,0.044112493823644294,0.036997410508570416,0.05583953428610766,0.03965658920192394,0.051531014384395446,0.04283361575832478,0.04399337550169291
0.05083376650125221,0.03780308859015069,-0.0005781954222610075,0.0,0.004732481085338691,0.03660583774707432,0.042887591512848766,0.033763338740881166,0.019556276906648684,0.04004958168567391,-6.640115150668979e-06,0.025773613330312917,0.04634902666648588,0.0,0.04359292710852386,0.0,0.034980362153120614,0.04927450284670015,0.0015239669197403272,0.05213072209540892,0.04607606784976481,0.05813665772960808,0.046909105660663586,0.04597898426658703,0.016429156924310295,0.04716856668681746,0.03487054496603553,0.05512280112808787,0.05078632268183586,0.049139572576106794,0.02536357129696154,0.018696251024236332,0.035484654975725116,0.013489911655723441,-0.01089255218947488,-0.00744787220166887,0.0023146885344136336,-0.002727008073959536,0.04433608239435649,0.055076308829088594,0.05098254746573283,0.030017354160773946,0.0009877018347971833,0.0,0.0,0.05373965114528534,0.05696137846665589,0.0,0.0,0.0,0.034146563251691686,-0.0034449727665974983,-0.006779260961297995,0.0,0.001801806717747878,0.0,-0.003529386525084832,0.017554054714185363,0.0,0.04313408088295351,0.04750020130009053,0.03293039903012135,0.044983487343668194,0.0,0.0326214940706443,0.04605833141342536,0.0532892538704961,0.04569063861036882,0.05498428160597252,0.04646016724168611,0.050693299944633174,0.04202573162842049,-0.009219836127998426,0.037517040470888274,0.00034401839104492016,0.04068572556699962
0.027507905292768864,0.061800155311137084,0.0011936954417389178,0.00012089057247061108,-0.003831766162804451,0.007166271363286736,0.01066746109901362,-0.0040086860775502275,0.002298156934020412,0.03749594869667,0.012016323363046366,0.019343831423248414,0.021516365814004734,0.0,-0.0029218957367868614,0.034980362153120614,0.0,0.02550838962252905,0.004076732222180357,0.031807988959153655,0.007498022812253369,0.027411424145845686,-0.001934758965636274,0.02705220230241362,0.023480586866300668,0.023571485660522196,3.424480374547567e-06,0.016655075453639645,-0.008964683143410368,-0.003235702205569624,0.031240247057033377,0.014681599213610175,0.01814219350201901,0.011611158745737094,0.005675627651881898,0.000773931103187464,0.00031125965429251723,0.015978384262893663,0.005793773946723202,0.04890546141314972,0.029212472176762594,-0.010454648701329616,0.0,0.0,-0.007132803094424767,0.017804968864088222,-0.001615487288524231,0.0,0.0,1.6653345369377348e-16,0.0014493153651674584,7.914491269361834e-05,0.0,0.0,0.04103374878651567,-0.00014046097459574636,0.048993523826689866,-0.0011677159408248206,0.0,0.0,0.028166318713620075,0.029562209635599856,0.02827864647072198,0.0,0.0006491315115853546,-5.551115123125783e-17,0.0027361665281760428,-0.0006360623355481376,0.02060766367933875,0.022812407563650383,0.03343692876027349,0.0,-0.0023207913177901163,-0.0011487726251253605,0.0,0.0014330767923262933
0.039110135347716346,0.042177283868724824,0.002026354947968878,0.0,-0.004093916006715714,0.031026940668923475,0.047662231396668586,0.015538079707987706,0.015411265458223355,0.05593356043562642,-0.004313807333791719,0.029924411288341723,0.05118048976263895,0.0,0.041064509325135556,0.04927450284670015,0.02550838962252905,0.0,0.006154761629377281,0.046689983303362215,0.030034827174420575,0.047946757853928046,0.03171762881744927,0.02055123066738751,0.03046702965332393,0.029909479977595688,0.03610161071616391,0.044469449805878636,0.05483424077844823,0.07570611210951761,0.03162394021177095,0.017416241887139527,0.024258990350072285,0.016343355034191487,0.00829251918136481,0.002120087887110378,0.0,0.017326357340789633,0.03423483311325759,0.04858033652852367,0.03427356311947921,0.02623959450884744,5.551115123125783e-17,0.0,-0.00659482398520389,0.054779532508199114,0.0503185246640826,0.0,0.0,0.0,0.03887643857141487,0.00010141689600945414,-0.0017821597259248811,0.0,0.04278723317897293,0.0,0.05290538482262863,-0.003238998082167155,0.0,0.05160479154548697,0.042869039004298615,0.03562855279264854,0.032719764030142595,0.0,0.012711683224601977,-0.004251687059699694,0.04046436100261125,0.0410541590468636,0.027247814240849655,0.029080392826006107,0.040298935433414895,0.040978420926873316,0.052653702125584345,0.02290878195709639,0.0,0.032473634495836734
0.0,-0.0003756123311000059,0.02309318417600903,0.045477568742688546,0.046770026677919796,0.03914570650190946,0.0371354934255691,0.044227859897144006,0.011573345433929738,0.02885787079928337,0.020673517915406003,0.042384267132621445,0.04211626061346235,0.06314731036197785,0.0,0.0015239669197403272,0.004076732222180357,0.006154761629377281,0.0,-0.0006116530324418168,-0.004680422171148724,-0.0014377951499599528,0.03638287985337507,0.0021555745863676146,0.008236726069519973,0.028805766766597185,0.026654192664319398,0.04457385266805336,0.09530230839497422,-0.0043090345337920555,0.04059234478714574,0.05549086336374065,0.012235118562926472,0.029532439805421085,0.03802426258841318,0.03539177601107041,0.0032820245215597343,0.048650482993630506,0.09925882108680273,0.00111329099837576,0.04953313425311123,-0.001053285593795139,0.03948627793592835,5.551115123125783e-17,-1.6653345369377348e-16,0.0,5.551115123125783e-17,-0.06390048930513348,0.0,0.07516712015230498,0.052645941944507224,0.061055344646742005,0.04773138796609078,0.04303871064980169,-0.0011148583798700207,0.16979322852737133,-0.0005093104644650626,0.06265978806809502,0.005274969820601827,-0.00014380325265267446,0.0,0.0,0.0,0.04703488764388042,0.0002078215476547518,0.0,0.0005111643625638207,0.055809807691909685,0.0,0.0,-0.0020689552162883595,0.055503489047098786,0.04615662690878375,0.03884038850070193,-0.000578218460685509,0.04653603341979107
0.042792628526164334,0.043208140211205004,-0.0010236702774349404,0.0002780877719851249,0.020201964805736772,0.0189694716706007,0.03175143113745821,0.01651748341599396,0.007511528815459079,0.010374565036900929,3.0517097888205225e-05,-0.0013556177612337184,0.034220025895358996,-0.0019221650149068292,0.02792728024547625,0.05213072209540892,0.031807988959153655,0.046689983303362215,-0.0006116530324418168,0.0,0.03623630548364243,0.039622839638002894,0.06221360887880284,0.032232112859017614,0.03647446054755632,0.03336512717265927,0.04181899249205562,0.0424943060223848,0.04313396077032472,0.0519692949938686,0.04759836114970034,0.028219654059488675,0.023544484797078713,0.0332659439421798,0.025589750319482685,0.03839826081930331,-0.0034172837694186886,-0.0051639987509535246,0.05256843937272926,0.06777912815413856,0.031715637606168856,0.03232778098679778,-0.053579608633771814,-0.0006404300562908305,0.0012365881048720384,0.06970300383680772,0.04037647483864509,0.0015501522040715088,0.0,-0.0017356584252548046,0.026452683204315652,0.02107469537090806,0.02021448469191861,-0.001394843119806033,0.0020437023003589405,0.0007088493323842981,-0.0006953750773975864,0.04615245015042613,0.0,0.04848067294442787,0.04061764388865119,0.0009184600848752833,0.045660475379029064,-0.0009071673453981965,0.052994100491043805,0.045655627098329266,0.045884831654325886,0.046682682328029246,0.00017062114200788736,0.04662085364845636,0.0478881011661631,0.05164781767158788,0.0384588604496387,0.044453393222917637,0.043544949028824276,0.0382083699585225
0.02092014787061508,0.039575525881554274,0.00056658461032566,-0.00048239845968578443,-0.004362404456014934,0.010184374659811257,0.03870971040413068,0.0258977541447582,0.005833159444165403,-0.009883359207354392,0.0016949145763199835,-0.0070970142411924675,0.03441350807632698,0.060276597743197935,0.036210558473254606,0.04607606784976481,0.007498022812253369,0.030034827174420575,-0.004680422171148724,0.03623630548364243,0.0,0.036151407307131844,0.02767396555390006,0.016906757185234822,0.020688049939932507,0.013141002040072458,0.015040390358955102,0.034979023762497785,0.04311975242221089,0.034525823634135144,0.038955107817022605,0.024405704763151126,0.003972354038904502,0.02544543210120548,0.013354026109264172,-0.022867157692625928,-0.003938885522499991,-0.0037163894643548745,0.020938264967159836,0.020076159480491462,0.023653383003345352,-0.007287045027681627,-0.007149862309658528,0.0,0.0010639883543802076,-0.005440942534386761,0.031368694395603136,-0.0003072159260770757,0.0,9.571440028971478e-05,0.015498466660753385,-0.0033640193711031996,-0.012317136215390823,0.002361141258632349,3.296423641058199e-05,0.0,-0.00033610500780839603,0.01956289784105031,0.0,0.03276947249063766,0.0341392190753827,0.0,0.07282818898458004,0.0,0.07058861107877223,0.03845896340863775,0.03294617579593212,0.028760327834796984,0.005803091669250582,0.02869827106621886,0.028915574552256684,0.05552739525838063,0.02498401343358908,0.03882647169339137,3.676681397113413e-05,-0.006196738229090837
0.041087288859046056,0.03398184100955648,0.007599145318490097,-0.0004823525522500427,0.01751208885128147,0.017217280619226116,0.038988069548152704,0.02038090106469087,0.002392217106136685,0.025269995606615747,-0.00041181854982136334,0.02218761481576048,0.03938646270627,-0.0017824612504667714,-0.0015090653278284627,0.05813665772960808,0.027411424145845686,0.047946757853928046,-0.0014377951499599528,0.039622839638002894,0.036151407307131844,0.0,0.02143679858942643,0.004819643719344624,0.03571087428360853,0.02971578630730426,0.020259768273183265,0.054673845151142264,0.04573473301312808,0.04432512885824336,0.041918681843240435,0.02235302577749021,0.03223765579056098,0.029936835683085417,0.02480870827010051,0.032097656887352,-0.0015013899271615339,-0.02547774866162572,0.03551630915501519,0.03662419957821461,0.032589431311567885,0.02548714258636675,-0.009494384366656505,0.0,-0.00165989893655194,0.04566292125982957,0.039216824371074654,0.0001636177785777626,0.0,0.0008421602479783963,0.026443234083367906,0.023222756689044555,0.016144962629945414,-0.005664953395976502,0.046318006823663105,0.0,0.0002583364714485725,0.035739301017383485,0.0,0.04627994974457106,0.04125829490699362,0.02706538034812378,0.04249568116808067,-1.1102230246251565e-16,0.05538947909845904,0.037799635011092736,0.04575162416581613,0.042328944834112314,0.001100468099096863,0.04326124383810359,0.04001143927769213,0.04445331276589504,0.027870256394796677,0.0398358054678109,0.01326767138973678,0.03200589207366117
0.012667954579684337,0.03934671828020997,0.0492118912161289,0.04190194818961884,0.04303668246423231,0.03276179022871972,0.04546743168018408,0.036888318477464654,0.02675216438557304,0.027369285388663622,0.0540030173553635,-0.014930921800581087,0.04127200124265168,0.06379880844621261,0.004273507106747676,0.046909105660663586,-0.001934758965636274,0.03171762881744927,0.03638287985337507,0.06221360887880284,0.02767396555390006,0.02143679858942643,0.0,0.013558152381333177,0.037755609619785635,0.025898530760488703,0.03907693024988079,0.041081960309262644,0.02709739345652057,0.027965292928939622,0.043216984468366526,0.03480063559818103,0.038315920498957545,0.0350669184956216,0.028396423842374008,0.0320581404117789,-0.025376657109057843,0.010629954653330831,0.04970368871951614,0.01116741019589429,0.0389605202028952,0.027122388363579053,0.0366310424332571,0.005587415957050368,-0.004965744915887971,0.027350933100111607,0.03953266509483372,0.0862620118952615,2.980072423197644e-05,0.07149051722144273,0.038698894080557156,0.03800782149107207,0.030495791881251455,0.03844980643798057,0.028180367488908398,0.09804198789114943,0.01578955111917718,0.04352310250788993,0.018680603749619107,0.040395752332137824,0.03451124183054044,-0.00027814250509317073,0.03253402350632373,0.049528515543564744,0.0543668637281311,0.020863302207484113,0.03896718178942349,0.03230453812107981,-0.000272087424484424,0.04316984136177093,0.04007058988011569,0.04062419767697478,0.03858406946308213,0.035946980488326896,0.032821074711747666,0.038594035958280926
0.02214467927467273,0.05571790508195784,0.000818909502490528,0.0012301986077783433,-0.006588172710997819,0.0240669506768057,0.02249541238863806,0.00606251030552718,0.020708585324978157,0.024417293982335664,0.03057448027313253,0.031051967797072255,0.011988818874347829,0.0031410669848798145,0.015226797933475922,0.04597898426658703,0.02705220230241362,0.02055123066738751,0.0021555745863676146,0.032232112859017614,0.016906757185234822,0.004819643719344624,0.013558152381333177,0.0,0.019820186775225734,0.02091897037519236,0.017129508286973405,-0.005008914791471808,-0.00872544577461365,0.04451775936146091,0.024806310002991216,0.041101954083595627,0.048346802048851834,0.0006048604939700164,-0.017874328978266574,0.03616751684762476,0.0005613274640136057,0.034910519739870194,0.029119581376595538,0.026445965155923068,-0.02060936085841164,0.07402729765476873,-0.008937459196311004,-0.0003158785049172108,0.023349117382574502,0.035363043241509406,0.0007129509331907924,-6.392350725942242e-05,0.0,0.0,-0.002096022972298106,0.0009452224614910354,-0.00027384671444091735,-0.0025888379116127958,0.03588594882968482,0.00024538627618136966,0.05992510853134886,0.03633001385272788,0.0,0.0015016471799309539,0.02894853399157099,0.013412262561816268,0.013902305390833258,0.0,-0.0005178749281041228,-0.003693010211264336,0.0038293180341534283,0.09912796404616575,-0.015459706844913212,0.004882317745725229,0.028363452637046316,0.04104897325009549,0.008271297307643644,-0.002644441749768467,0.0,-0.0016319839722159224
0.03905090854321175,0.03303953197904447,0.002766331646746334,0.0,-0.00025818504939140174,0.02259083058609901,0.026800512510591457,0.01463750185807583,-0.01536943992542622,0.021515203494969548,-0.0007118711625803131,0.013606711542628602,0.03152434326861797,5.22832425165487e-05,0.043702293948501225,0.016429156924310295,0.023480586866300668,0.03046702965332393,0.008236726069519973,0.03647446054755632,0.020688049939932507,0.03571087428360853,0.037755609619785635,0.019820186775225734,0.0,0.026159384457691393,0.03342940544834483,0.021089326950839093,0.029168970320254062,-0.004257733398747632,0.014408777787578708,0.010603046530323512,0.020730545596744254,0.008410748666529744,-0.0017473499648412716,-0.007694939415324509,0.000936082016762374,0.009654566759128791,0.033926377009741715,0.045253503003335194,0.033609122935535196,0.03282931108591569,0.00042250830916817916,0.0,-0.00684142483075767,0.05296439065644054,0.042019453893778314,0.0,0.0,0.0,0.043179544181324914,0.0014387755885323372,-0.0023333824640869305,4.184139681023824e-05,0.03774928973924663,0.0,0.06009549818392712,0.04220328481333724,0.0,0.03721919025233761,0.0420602322511317,0.0367809310959768,0.03367829724302329,0.0,0.022169037910005462,0.052636806742911935,0.03949887924379397,0.03555246166307119,0.03790207202752205,0.03518687596790282,0.04327017524364796,0.037329094532540574,0.022889500365127824,0.01729142109431514,0.0,0.035777812620074845
0.028615953808441563,0.027187435004249638,0.01570677874889337,-0.0005115722486722651,0.012970458693754128,0.015044022816728064,0.046280428819098884,0.02241113854499499,0.00016632569243174578,0.04777310950024849,0.011811875793442672,0.029843745528216503,0.034156763202423834,0.009910921858753141,0.0241639874601271,0.04716856668681746,0.023571485660522196,0.029909479977595688,0.028805766766597185,0.03336512717265927,0.013141002040072458,0.02971578630730426,0.025898530760488703,0.02091897037519236,0.026159384457691393,0.0,0.016291751742244898,0.02711669828468327,0.040747358592863214,0.0072511348169674306,0.02616962940140749,0.01672450170865497,0.02403546197475026,0.016594055449102862,-0.00011041260249433638,0.014750294895529314,-0.0014850809937824172,0.03179235930809665,0.032211377946350706,0.05448495136526438,0.036332588638947005,0.0300124930959233,-0.002752871374752941,0.0,0.0466346727361755,0.032460841783494454,0.042100042559203577,0.0013271882078277342,0.0,-0.00019188568856987054,0.04492775583671749,0.0449960988733587,-0.0006822336336214652,-0.002766560597189105,0.044024595571548364,0.00010140258725244156,0.05986720127114509,0.03900055803844388,0.0,0.03037853996888873,0.04012733916430372,0.03594420257815073,0.0355971174911649,-5.551115123125783e-17,0.03966367517564351,0.0363042863542401,0.03820556946738085,0.040766343176446396,0.03598470149941185,0.03634825579798939,0.03774612550961848,0.04681136653009127,0.028031877443118025,0.03470158978033955,5.857018999233521e-05,0.03704846052703692
0.022957364867242647,0.028529396724195133,0.036572835091480016,0.07189395543408295,0.02583544568042162,0.03091213665254594,0.035958373009452205,0.027472240632303302,0.012994012309153369,0.03235879570981037,0.02639043473813274,-0.01830698050094204,0.02359982780492048,0.0509062638152879,0.03468469994165291,0.03487054496603553,3.424480374547567e-06,0.03610161071616391,0.026654192664319398,0.04181899249205562,0.015040390358955102,0.020259768273183265,0.03907693024988079,0.017129508286973405,0.03342940544834483,0.016291751742244898,0.0,0.03567228305660003,0.02944233845121963,0.018098707200996655,0.03197659821067267,0.019630822841495144,0.003200301717393883,0.028566062811147375,0.01947652879269085,0.034451767616579865,0.033883537457750745,-0.005653210993303626,0.04120872490023175,0.027613383257737933,0.03778738193673192,0.02822884904594536,0.03398790296574378,0.0005640811254350453,-2.659750246658543e-06,0.0014665415913954205,0.032739606654235975,-0.0005146821889814301,-1.6653345369377348e-16,0.06315051685341111,0.03186401397156624,0.03359590268330892,0.02577295764224663,0.034516302926927644,0.027048854729783467,0.040624083466455074,-0.004429388221543595,0.0377921845213911,0.002216761833722769,0.03943624251785022,0.033499349044983195,-3.915322953512712e-05,0.019482956766027792,0.028701228983826987,0.04547736516015222,0.01605653911394106,0.03411886286548049,0.023655566348798618,-0.0005084460778209676,0.04267959247341252,0.029385183169529316,0.03679769155414003,0.03608893065734331,0.03193112347247107,0.03341831806332407,0.037813283650090734
