0.0,-0.02571671359411376,0.001962143175710418,0.0,-0.0007798435862944042,-0.0554913083625892,0.009558282654653805,-0.046326581731643224,-0.09472927286674448,-0.03683900122123018,-6.759932743988228e-05,-0.019171869530179075,-0.011006629468963025,5.7853827713783e-05,-0.0073850973195068725,-0.01779605554805913,-0.0290994776762053,-0.04111262128377596,0.0,-0.04435250424958748,-0.02432290541924792,-0.029869678339089267,-0.05106431756926938,-0.020372639342746524,-0.04163355105015348,-0.015541604706645118,-0.04306510338475272,-0.021886156614092878,-0.029654339845439248,-0.03291057836720168,-0.020021875017796287,-0.032976301460455215,-0.017011307300654865,-0.017191535784308043,-0.027021794273605404,-0.0034245063948701304,0.0,-0.04173754679085362,-0.04944593555077664,-0.045143845239086544,-0.040440992300160294,-0.03687909530003086,0.0,0.0,-0.0013041063109152096,-0.03831918220120373,-0.05164287756714325,0.0,0.0,0.0,-0.03552725278468494,0.0,-0.010795378656018983,0.0,-0.019642594255099066,0.0,-0.0320820549877055,-0.0019493069806449381,0.0,-0.04472216321175504,-0.034708482558640785,2.1285291813000207e-05,-0.031299552609676706,0.0,-0.04554490069752115,-0.02105573673470984,-0.05036687782504845,-0.04099365719869158,-0.007574545956889833,-0.04855859660066114,-0.04205289043260735,-0.0016131829096815986,0.0005392027503457464,-0.05468877022092816,0.0,-0.0411070901409572
-0.02571671359411376,0.0,-0.041092549923599675,0.0,-0.04357414047827546,-0.04795710068555864,-0.03195550911991929,-0.04210370299565874,-0.03927171323801898,-0.04750262838997271,-0.0008923431192209286,-0.04463432489509461,-0.033537195776509376,0.0,-0.026582276339031374,-0.02003174894641524,-0.013149060385806988,-0.037733051218812985,-0.0025679968002959574,-0.03376592311624205,-0.03859397758004246,-0.038456100813453964,-0.04736499780819947,-0.04194438494851044,-0.031121559824148215,-0.0315392533397027,-0.05217965037177186,-0.03827320551393942,-0.041612343171454014,0.002827289745009509,-0.02616445963790176,-0.04053671168224854,-0.030903244473353852,-0.026694252203342927,-0.03292481805143216,-0.0406655285978213,-0.0011531650845990615,-0.001365870063581076,-0.036805122834090764,-0.03130848636755884,-0.03186670326217317,-0.04886776213111277,-0.038598633126420534,0.0,-7.65666534039422e-05,-0.044642194190953,-0.03953881347005428,-0.0024503677936063006,0.0,-5.551115123125783e-17,-0.02677166383490004,-0.037198948853168934,-0.006765002816310539,0.0010419758632628229,-0.04412028956568198,0.0,-0.034874121006616576,-0.027794773142205187,0.0,-0.019570615442952966,-0.03204347489178655,-0.0013537311797691687,-0.03638957954302602,0.0,-0.03306717655109914,-0.03887111078011596,-0.018166478784915785,-0.025334089894455958,0.0021172903199414006,-0.04321314974312285,-0.039771344346912874,-0.022680547895368386,-0.023264410338043995,-0.026809747920688354,0.0021517789538095244,-0.035767487875792314
0.001962143175710418,-0.041092549923599675,0.0,-0.006979065451042821,-0.0434473660243862,-0.04609337828196297,-0.005895845183852222,-0.04048099547827122,-0.046406737113129704,-0.021506381603731972,-0.02932552958400042,-0.015285439579323323,-0.006388176623179087,-0.051817772159758524,-0.003691801753593904,-0.0015885719242831886,-0.0017039236210654174,0.0007211925743847991,-0.02215815483922126,-0.039400361174542875,-0.0030479132365656136,-0.03736847194155224,-0.02590310741830887,0.0012283205699441524,-0.07196081291521123,-0.06409813882717219,-0.046091555997728295,-0.011435509471970862,-0.02593996707288676,-0.014362170421736431,-0.012775517117664559,-0.014411683380315676,-0.02978321209741336,-0.009803138288018931,0.009148747651532396,-0.022789291916614995,0.00805744066842029,-0.0950083262638049,-0.025884813003394957,-0.0007499032219986934,-0.018768300669676496,0.002932871325453945,-0.02824594542307357,-0.002113120810791791,3.555540436361859e-05,0.0,0.0007876647603589082,-0.004479686474504252,0.0003321304352562615,-0.02644574852394488,-0.0038361703239359057,-0.008403754034781552,-0.02682299828887602,0.011768236344029126,0.002104724387435586,0.08472652006249898,-0.0010204920925009353,-0.020910204859653336,-0.013257584403175482,0.0024684964940022702,-0.0005824172292046015,0.0,0.0,-0.033896992551231075,-0.06252730086250896,0.0010046629482252656,-0.016338983569255616,-0.01183836168683483,0.0,0.0,-0.0003495884391587212,-0.0032351278753354196,-0.010102564167260297,-0.015802003106010543,-0.012246513470487108,-0.014484077586736976
0.0,0.0,-0.006979065451042821,0.0,-0.01665613192907628,-0.00300808327803731,-0.024281528951444142,-0.026112516851332424,-0.014893611197126344,0.022356644033026896,-0.016144113996998444,-5.20200279219285e-05,-0.03574214820281041,0.008525741114671304,-0.002431341534925968,0.0,0.0004544979020698614,0.0,-0.05210177673730898,-0.0003156044209179365,0.0005531440774710905,0.0034602630373578025,0.0008330602143888366,-0.0032985605623311876,0.0,-0.0011874517905814397,-0.0030374938372514926,0.014861917504088829,0.0004980392058515082,-0.00023550769934577165,0.00023154614451986744,-0.037220851779281194,-0.011042272381377893,0.0020823614236390453,-0.04857750108919512,-0.017051447121635976,-0.012889269736142017,-0.003937713197010473,-0.0018563498210069085,0.0,0.0009164389894681935,0.0,0.0004636671112921431,0.0,0.0,0.0,0.0,-6.565206697611847e-05,0.0,0.0,-0.0004255688264034885,0.0,0.0,0.000153699942424812,0.0,0.00015734994250538037,0.0,-0.0001157053653655371,0.0,0.0,0.0,0.0,0.0,0.0,0.0,0.0,0.0,0.002818067103967481,0.0,0.0,0.0,-0.0003398918518952576,0.00015065282247322953,0.0013185430630439088,0.0,0.0
-0.0007798435862944042,-0.04357414047827546,-0.0434473660243862,-0.01665613192907628,0.0,-0.05375123277040311,-0.014103018775302456,-0.03685808766019738,-0.03748852816982223,-0.032130846172421734,-0.026244369839261594,-0.019076689344508346,-0.023217373901861738,-0.03461348180376517,-0.002078655609744462,0.0019328831174268424,-0.051850343435100976,-0.012704860667800022,-0.04198838136066829,-0.0451320204075919,-0.00015919846368245283,-0.03585445867779469,-0.017868572101698066,-0.03096701685630221,-0.00015765313265120318,-0.062281729901880856,-0.050239788602902846,-0.03452733012468445,-0.022615074412844494,0.008063487173614159,-0.008946658021841525,-0.03546475969125784,-0.05526306160996686,-0.014959543765606431,0.013741249616728235,-0.030149552369768184,-0.046218915553703444,-0.015541446306178097,-0.04771908132013958,0.001981201025512913,0.0019086401426825494,0.005601102794213997,-0.025824560420270537,0.00016160288739885953,-5.721892295945663e-05,0.0,-0.00022810645303883437,-0.024250264381300957,0.0,-0.06383878112098768,-0.006403137754213306,-0.035136006816580856,-0.01695356702711598,-0.03655399199939158,0.001627830508292294,0.011716528687127803,-0.0002572059457936482,-0.03557400045625164,-0.009161954024440144,-0.0013732658239543616,-0.0005653960077056097,0.0,0.0,-0.041030155259778545,-0.0009433082331446463,0.0,-0.006939513243469253,-0.010978310411274061,0.0,0.00012029753538911336,-0.0017978236822684956,-0.016651586409571872,-0.030120306536434993,-0.05850392012272687,0.0006496373983776449,-0.013266736448754535
-0.0554913083625892,-0.04795710068555864,-0.04609337828196297,-0.00300808327803731,-0.05375123277040311,0.0,-0.006209487951998827,-0.016895733022304515,-0.035278253322159,-0.029351909323697578,-0.06347225446529597,-0.020675865721515807,-0.028951478177914325,-0.01083999488051729,-0.05479695773012272,-0.019964501940738122,-0.003350010046415053,-0.01888086586870319,-0.036477704605048344,-0.04894089286527531,-0.04977695947109023,-0.03474650012658237,-0.02326469025258654,-0.031174005802315052,-0.03611296302929373,-0.045413940134998165,-0.021658224401286952,-0.027409152887312715,-0.045154465337551575,-0.012725663916881902,-0.00867162460901022,-0.007409743598395246,-0.023968969678330454,-0.014461453973594496,-0.007608456286967213,0.004219526107245408,0.0052431385457308854,-0.008226537173082415,0.006850170434442582,-0.0017888404100119826,-0.002062871866911453,-0.0004790889052391778,0.008189265633000042,-0.002635246201739161,-0.002011816673493483,-0.0008968290995292061,-0.03670330027955565,-0.0005040150376880437,0.0,-0.01284136848622841,-0.003188125526077057,0.0013594548914078741,-0.012213100871099114,-0.00157931648612053,0.004656782351820432,0.01072592068832423,-0.0016197417051642682,-0.014646410376750851,-0.005131559204470337,-0.026384627963118357,-0.032191741849853406,5.551115123125783e-17,-0.007544475248404681,-0.00858479004262036,-0.02950524699318563,-0.050444500320873664,-0.02071240420932119,-0.003781751324397842,0.0,-0.047393822039619615,-0.041211949504762924,-0.0037102475208978802,-0.009671305120318663,-0.007667582412246077,-0.011146519656070275,-0.000940739373622379
0.009558282654653805,-0.03195550911991929,-0.005895845183852222,-0.024281528951444142,-0.014103018775302456,-0.006209487951998827,0.0,0.00833017154166471,-0.007682892026243782,-0.037499384478857756,0.004256424673275749,-0.04897753564398627,-0.021011228175335128,-0.03133718958169712,-0.04300413355767946,-0.01775969537556349,-0.004183535940346317,-0.031075781764807575,0.00026108464697821576,-0.022006203711778582,-0.012370879090008446,-0.014842849684247872,0.005742587079931694,-0.04738418092317387,-0.019788585975704875,-0.03250403220678999,-0.003644636074623009,-0.03808074947219675,-0.011071350650235956,-0.007045867597063993,-0.029182765276251965,-0.004809933787039811,-0.027418742438658106,-0.03050409635129736,-0.0034509344121109176,-0.02080633381319641,0.04417061961394886,-0.041574910083263195,0.016312523761013054,0.0006117154259905333,0.029435557621550035,0.026566317382170523,0.00017418963973636625,-0.0007365513777572441,-0.0017200674860189946,-0.000451524789829405,-0.0005724959410303154,-0.005415486340844211,0.0,-0.024565972744267195,0.009087254525816602,0.004018249718422018,-0.005178581584501518,0.002242432956832352,0.004111298589626777,0.010708237292667122,0.001244394641344293,-0.0057203594100270205,-0.020177874062518808,-0.00987144179010535,-0.00030042279903114144,1.1102230246251565e-16,-0.0007659265174673191,-0.012628891986972368,-0.023452555793405383,0.0032873883443900187,-0.002864027149319326,0.008997497651582087,-0.0022813604312371116,-0.0019108893122675719,-0.03507811295590879,0.004770643948446507,0.003814521895621259,-0.00013660442218776936,0.004500416000904561,0.003495690620345826
-0.046326581731643224,-0.04210370299565874,-0.04048099547827122,-0.026112516851332424,-0.03685808766019738,-0.016895733022304515,0.00833017154166471,0.0,-0.027282354858768898,-0.03594537027776018,0.006913944541380834,-0.02769021166617691,-0.008969595882498127,-0.02928582901307414,-0.042750832659473936,-0.03620073711088212,0.0021887558197429824,-0.05098509324255468,-0.031485612577112965,-0.03926893015125643,-0.02588404819728679,-0.04549524880258016,-0.03548368519278011,-0.04595736121788341,-0.0457300617907791,-0.04597889907345787,-0.04046578001569029,-0.021286450485562436,-0.033764850593728135,-0.026515680656988283,-0.020661213008949353,-0.014696379503053247,-0.03161747822823613,-0.014545659217129525,-0.0058806436198649,-0.01815935029345661,0.004285831480925817,0.002859275991532517,0.012483187672151952,0.0047597971761671465,-0.0058656112338262845,-0.020118944508969505,0.01493696002553735,-1.5011470378856195e-05,-4.327834765938121e-05,0.0054903671789822694,-0.02789054582753492,-0.013723527833294669,0.0,-0.013529202385622718,-0.006658228262286792,-0.008324758781656283,-0.0494344967690839,-0.011192978192571812,0.0002531215874232995,0.029144636129451285,-1.1102230246251565e-16,-0.017451324211116948,0.02836230316208438,-0.018388009963135055,0.005237365530446736,0.0,-1.7825209285171617e-05,-0.02724267841591782,-0.016142321620085887,-0.012331956695035562,-0.01977302251957397,0.00934142059202453,0.0018288406492001363,-0.0018654121089092257,-0.02647874646587295,0.003169558951524265,-0.008319502166489023,-0.00894222041804732,-0.004286380468664475,-0.0021137664526370004
-0.09472927286674448,-0.03927171323801898,-0.046406737113129704,-0.014893611197126344,-0.03748852816982223,-0.035278253322159,-0.007682892026243782,-0.027282354858768898,0.0,-0.0202292226784605,-0.05843040922045764,-0.01902235600609553,-0.007183950583341758,-0.038996855431154165,-0.02543350404926814,-0.02589646828339337,-0.03310728664529344,-0.031018396162506234,-0.043294107657385644,-0.04217793484973942,-0.033574279434963716,-0.023525332734726512,-0.007061885607135443,-0.01828014426928737,-0.062387796177881205,-0.06734953626909818,-0.06356866286410118,-0.006097480017103862,-0.03738087620255298,-0.0031272353251295404,-0.009627322417277262,-0.0082782793947484,-0.03361054394337348,-0.005662498020886975,0.015934594464514118,0.01779163379150045,0.013341176338761751,-0.011881727454153779,0.0006940434973703447,-0.006612497074248214,0.004212235407290765,-0.002402379118866982,-0.014144723548732974,-0.0004149296668821689,-0.003318598838032094,0.0,-0.044168554517669656,0.022488521489704483,0.0002897212364068036,-0.018620533036369347,-0.0029367757363794045,-0.002964809974093763,-0.02628298246949412,-0.008704659957684435,0.011592158906801875,0.037758239125048276,-0.0034972963714819394,-0.01975369900220969,-0.01881674826411389,-0.02752943377796807,0.001254205066492764,5.551115123125783e-17,0.0,-0.01723121859979615,-0.022926764969132207,0.006762337219977932,-0.012541528071850716,-0.011190770421348972,-0.00010543501042925563,-0.00027798290721148255,-0.044710024431080075,-0.007891382422625548,-0.007719855589316427,-0.007318236318528404,-0.011038125352340611,-0.009944914954746364
-0.03683900122123018,-0.04750262838997271,-0.021506381603731972,0.022356644033026896,-0.032130846172421734,-0.029351909323697578,-0.037499384478857756,-0.03594537027776018,-0.0202292226784605,0.0,-0.021797087459364206,-0.055986120088163005,-0.05429954908537249,0.015033078442193204,-0.004978881607027752,-0.033439932907875836,-0.025114433528915237,-0.025491792184887174,-0.021317325487921868,-0.04628781938420018,-0.09252884023317243,-0.0313841120729445,-0.025860324871998908,-0.05676609487575063,-0.047612599176117154,-0.059881099815071004,-0.03485147997562105,-0.05438520391823548,-0.049268131838696216,-0.0020072898401652384,-0.04061605195143625,-0.027948299462917325,-0.04286573368048108,-0.04171105742900927,-0.06177993491944023,-0.0202671375602701,-0.05155231324354473,-0.04585909928114795,-0.047586072280213554,-0.06805819123098633,-0.02056575797463861,-0.03316955345808209,-0.027297137667943616,-0.002367723362650287,-0.07841123726089844,-0.0022848315620705995,-0.003776938308690969,0.0017818935794648993,-1.1102230246251565e-16,1.6653345369377348e-16,-0.0001907321838432452,0.005446850392241909,0.00094627820331461,-0.0003042382154216927,-0.040987310604568394,-0.001403872691008945,-0.03724718474297012,-0.0018980250135448573,0.0,0.0008676905695219617,-0.03280813995702575,-0.028231268674899668,-0.02758793738208759,-0.0006651638039967822,0.0004930216986478442,0.0006402027345082661,0.003961680257193567,0.006738236162304956,-0.024862877978273412,-0.04447417343251708,-0.035409682507580864,0.007323699869982825,0.0038445841961300964,0.0031911323682207726,-1.1102230246251565e-16,-0.01973066986943206
-6.759932743988228e-05,-0.0008923431192209286,-0.02932552958400042,-0.016144113996998444,-0.026244369839261594,-0.06347225446529597,0.004256424673275749,0.006913944541380834,-0.05843040922045764,-0.021797087459364206,0.0,-0.015236753515741719,0.002094720263971561,-0.03587216274552574,0.0,-1.78348511779558e-05,-0.025687558400564803,-0.03131291397229519,-0.050744588335125324,-0.014024900335106227,0.0033573008533867577,0.0002742486803816724,0.018197195714386327,0.0035885621155296588,-0.0020902176727425337,-0.0043206388326513245,-0.05766749784101677,-0.0009712730051104623,-0.0032199992564078683,0.0033033885657719475,-0.007415577499666259,-0.028203537050424554,-0.04054367877097481,-0.004979340476527705,0.02472639853803993,-0.00913448544662554,-0.02596622226521811,-0.004978271964295622,-0.0018692012028653782,0.0025489136746336127,0.0190077438810754,0.002302570012246097,0.0009603909236910457,0.0026906821231971745,-6.70668713048106e-05,0.0,5.551115123125783e-17,0.07085788748222688,-0.00014385260377741682,0.02793286996581884,0.010445393433173522,0.013177026750577192,-0.010311133413764939,0.015987557585232126,0.003041690838882727,0.03597262412409513,0.0012265951891780036,0.016233275482383347,0.01923328981940986,-0.00021450406465628458,0.0,0.0,0.0,-0.02307605715975608,-0.01593350609852401,0.0,-0.01639143005258714,0.00650547304538629,0.0,0.0,0.00039988340615232376,-0.0032641880837852577,0.004725915519595059,-0.012321215605069546,0.02812209577927227,0.014274689893066683
-0.019171869530179075,-0.04463432489509461,-0.015285439579323323,-5.20200279219285e-05,-0.019076689344508346,-0.020675865721515807,-0.04897753564398627,-0.02769021166617691,-0.01902235600609553,-0.055986120088163005,-0.015236753515741719,0.0,-0.055214970855538614,0.003581044440012171,-0.002864917659059163,-0.043361460309330635,-0.04638785589106165,-0.0326290714270403,-0.03657623649081759,-0.03141544776124333,-0.021812919637693717,-0.0066519096732517435,-0.03113690753849252,-0.03017563721462929,-0.04662052499423852,-0.029923492418343467,-0.03738950481849246,-0.06868898818244706,0.00217548596546413,0.0031652164466891564,-0.052046774157803066,-0.03386675041910042,-0.05812806158509254,-0.05835616256979373,-0.025425023534511537,-0.007924889073604113,-0.018301027490639055,-0.047760823091591825,-0.05032696050024987,-0.0471917611243135,0.03400076920853007,0.0641364111656606,-0.029671699431164322,0.0011016660826117242,-0.06953541271883368,-0.052479841624799684,-0.00030912761258944377,0.0008563107681188731,0.0,-0.0004309015243936787,0.001044972067943628,0.0005044840765083269,0.0,0.0021041171434678096,-0.03529484462871613,0.001495559336616381,-0.032727758181629374,0.002470373872029641,0.0,0.0001423890741575895,-0.029367144434739922,-0.033490846837084254,-0.023365911328347533,0.0,-0.00022909053369929433,0.0006418014098871216,0.0024851570525548095,0.001137172787717522,-0.022874599829297515,-0.03625523967348271,-0.03366215694522323,1.2687389709886698e-05,-0.014586433311949587,0.002306874745356957,0.0,-0.03234525911706254
-0.011006629468963025,-0.033537195776509376,-0.006388176623179087,-0.03574214820281041,-0.023217373901861738,-0.028951478177914325,-0.021011228175335128,-0.008969595882498127,-0.007183950583341758,-0.05429954908537249,0.002094720263971561,-0.055214970855538614,0.0,-0.04042084828567921,-0.04697836169298858,-0.02181309873380305,-0.05958140898633901,-0.04063304623009184,-0.00048783476736141695,-0.027177230276754172,-0.026256848972376456,-0.019063366905796353,-0.01210967981691008,-0.03950760773822881,-0.02652922492716081,-0.04130302310516765,-0.01587854455951121,-0.047631259664164316,-0.017073964951616394,-0.03153669489653227,-0.03574073509106512,-0.007528856148646235,-0.03901244146325439,-0.03560481162723844,-0.002870164530643704,-0.014985984906374428,0.018053234048330813,-0.047051954646144534,0.01870870138974301,0.001113924898472618,0.024004839563029012,0.010808240922463686,-0.003210103024392452,0.0014577158838710025,-0.0020871609726394458,-0.0005656169959376567,-0.03904419004393833,-0.004196707129607513,0.0,-0.020461779200501296,-0.004318029276675905,-0.003737459583721625,-0.01111513572358086,-0.013185567243583995,0.05190040395890033,0.00791595592891009,0.0032598379729674165,-0.010465677647984784,-0.026744611331693757,-0.015348849681633525,-0.008527845205892282,0.0012784736205426195,0.0007936032698875328,-0.012970113487502988,-0.02127887202088591,0.006852628980696773,-0.003544546817983607,-0.0036537639352459683,-0.001143007608149782,-0.06264944822161972,-0.03959704591352692,-0.005229035851980202,-0.006678246588770254,-0.00588546450588201,-0.005938619001015555,-0.00602057988353355
5.7853827713783e-05,0.0,-0.051817772159758524,0.008525741114671304,-0.03461348180376517,-0.01083999488051729,-0.03133718958169712,-0.02928582901307414,-0.038996855431154165,0.015033078442193204,-0.03587216274552574,0.003581044440012171,-0.04042084828567921,0.0,-0.00023864271568951878,0.0,0.0,0.0,-0.047518089498053195,0.0005886613712470234,-0.0012797566757184464,0.001388458099290446,-0.04096809654289585,-0.00553591492150185,0.00014042886730242232,-0.001751578824108202,-0.04414139162973196,-0.025469060130445864,0.000994202643196107,-0.0004582908018174736,-0.004132999765844025,-0.02949575286125833,-0.0005045752481530053,-0.0009197526772680154,-0.004351016776225514,0.02188964873043764,-0.009216456136041912,-0.0013527819225011006,0.0055188100364960135,0.0,-0.0015353765747078696,0.0,0.015566983701023884,0.0,0.0,0.0,0.0,0.0043955520147510585,0.0,-0.01761507915546412,0.008019455158013278,0.000961910992978432,0.006390904432604982,-0.019703839928478573,0.0,0.0223492456973044,-0.0004581622796985263,-0.004858883482354859,0.0011440910376389613,-5.551115123125783e-17,0.0,0.0,0.0,-0.005929025428641155,0.0009379703508249904,0.0,0.0,-0.011341493366161304,-0.0005233844391961395,0.0,0.0,0.021212457837789023,0.00349866754887318,0.0028234330798888596,0.0,-5.551115123125783e-17
-0.0073850973195068725,-0.026582276339031374,-0.003691801753593904,-0.002431341534925968,-0.002078655609744462,-0.05479695773012272,-0.04300413355767946,-0.042750832659473936,-0.02543350404926814,-0.004978881607027752,0.0,-0.002864917659059163,-0.04697836169298858,-0.00023864271568951878,0.0,-0.03270444388628074,0.0022167190900448386,-0.04453083317416012,0.0,-0.029677728317929364,-0.007596528200315034,-0.037737317276172244,-0.03981473704821159,-0.02502980011870415,-0.03310144738102544,-0.03584006842908205,-0.033569637295286225,-0.03775920285774931,-0.045309214471443704,0.001247755174633769,-0.04049498864465001,-0.04376104903717942,-0.04146923773013622,-0.03901777033388171,-0.04308190970669029,-0.03752974553939897,0.018997308707984106,-0.0042604196266801675,-0.017766173383674755,-0.01772857528321664,-0.019775651251658533,-0.027632244561893338,-0.05627002823783622,-0.0008748143389993857,-0.0012426344580129811,-0.004224402416171891,-0.010921041678225496,-0.0027641053495077172,0.0,0.0,-0.018765206815298974,-0.0006382894766768232,0.0075590083297986665,-0.0012509428159896974,-0.0001589980666250601,0.0,-0.0012900327686138358,-0.03221154740047805,0.0,-0.0034808005187243474,-0.019731819823443464,-0.0007057673263565767,-0.03641759891014129,0.0,-0.03187666641780812,-0.023922941167712153,-0.00943292428530984,-0.02203512048233003,0.002371237557222794,-0.016764264554398778,-0.01943163905985701,-0.025882718475412625,-0.02902198332760214,-0.030001292485882014,-0.039184367817023114,-0.021598393678056327
-0.01779605554805913,-0.02003174894641524,-0.0015885719242831886,0.0,0.0019328831174268424,-0.019964501940738122,-0.01775969537556349,-0.03620073711088212,-0.02589646828339337,-0.033439932907875836,-1.78348511779558e-05,-0.043361460309330635,-0.02181309873380305,0.0,-0.03270444388628074,0.0,-0.016390522102650462,-0.0424529288771236,-0.0011305282989039767,-0.025962623831861265,-0.031611550053442794,-0.018021719136879832,-0.03968831340873602,-0.027806772734932483,-0.040064958089627734,-0.019825982565406408,-0.039242655818534256,-0.019408448946011292,-0.02273733262708283,-0.009194092032218382,-0.029797213677872914,-0.03344771679375613,-0.030822112505285215,-0.03126514546240111,-0.04633633014169719,-0.0960307977101656,0.0022193043600730045,-0.0011182645651100498,-0.03193721833378804,-0.026996696857061853,-0.0281311636866996,-0.04839686477722388,-0.050687085756917216,0.0,0.0,-0.03566411863908192,-0.03323389307200503,0.0,0.0,0.0,-0.011801676557115948,-0.004364546060438512,0.0009925743507284146,0.0,-0.02378907601917618,0.0,-0.03256240523779513,-0.028141412150043343,0.0,-0.020694208536907288,-0.028668965737352226,-0.0003713102630639731,-0.037753629306643555,0.0,-0.024872617525516116,-0.03237533384380559,-0.01362249668457488,-0.012509863865350246,0.00377923512120254,-0.044019591757786636,-0.03077125408139697,-0.01852589194484655,-0.014004494074323637,-0.01738904067625241,-8.532917806258755e-05,-0.02977865516644035
-0.0290994776762053,-0.013149060385806988,-0.0017039236210654174,0.0004544979020698614,-0.051850343435100976,-0.003350010046415053,-0.004183535940346317,0.0021887558197429824,-0.03310728664529344,-0.025114433528915237,-0.025687558400564803,-0.04638785589106165,-0.05958140898633901,0.0,0.0022167190900448386,-0.016390522102650462,0.0,-0.016092426901405332,-0.0034582111104389246,-0.024572237783077988,0.004520725548042004,-0.019446545011163885,0.004225839674212251,-0.027410278520597298,-0.02255212411900187,-0.0367939041794349,-0.0036507954049427305,-0.04354088508628029,-0.0014095287626804676,-0.002389354441000191,-0.02601745846666198,-0.00487204419932713,-0.0034024367886523743,-0.022488626389239652,-0.0095125423286882,-0.0005137256283559988,-0.0013269269207475398,-0.01906107060900425,-0.00914864469748311,-0.03029957809779016,-0.02872400001324804,-0.015284959084956695,0.0,0.0,-0.006173416844585722,-0.05021018726631277,-0.0027185089956667796,0.0,0.0,1.6653345369377348e-16,0.0003333405210169671,0.00021257729833418226,0.0,0.0,-0.0371970472506748,-0.0003772676408969611,-0.04674319925830234,-0.00027560544460647485,0.0,0.0,-0.01743089811057502,-0.02228527245429046,-0.024911247838721395,0.0,0.00018995985320385822,-5.551115123125783e-17,0.0016831983368358894,-0.0004453187250701429,-0.023282460584780895,-0.03901103180877652,-0.03540342336597169,0.0,3.3884111432236352e-06,-0.0014852849315022398,0.0,-0.013060169446424075
-0.04111262128377596,-0.037733051218812985,0.0007211925743847991,0.0,-0.012704860667800022,-0.01888086586870319,-0.031075781764807575,-0.05098509324255468,-0.031018396162506234,-0.025491792184887174,-0.03131291397229519,-0.0326290714270403,-0.04063304623009184,0.0,-0.04453083317416012,-0.0424529288771236,-0.016092426901405332,0.0,-0.0021445120365304327,-0.046387463021688724,-0.04743006404804778,-0.026672140183605586,-0.030155020839387814,-0.033482623683420476,-0.03985915929928302,-0.04012856108065804,-0.031047133208927158,-0.04510716059381187,-0.041820223800523526,0.0004096050709421206,-0.022436409472005647,-0.013975151799773933,-0.011710467056557816,-0.014715992895116548,-0.015614584026895195,-0.04233414538625152,0.0,-0.0027799624651003163,-0.026811795098388935,-0.028510641208989107,-0.026930611140014826,-0.027269607340606294,5.551115123125783e-17,0.0,-0.0028285173943912167,-0.04856893762964071,-0.04490200622319651,0.0,0.0,0.0,-0.04189791532214354,-0.00047094042131445857,-0.00018497086310859112,0.0,-0.02636450974103538,0.0,-0.02910483862886759,-0.003938594881818247,0.0,-0.02085272268154037,-0.0337897820443801,-0.021456697967111693,-0.027552857253919427,0.0,-0.03736450462642926,0.006963232825177412,-0.030246097262895455,-0.0006356351783251557,-0.03568031229345614,-0.03966064753312537,-0.034122391249228334,0.0041928293825835294,-0.004797013350589185,-0.03776295872555352,0.0,-0.028087120813145294
0.0,-0.0025679968002959574,-0.02215815483922126,-0.05210177673730898,-0.04198838136066829,-0.036477704605048344,0.00026108464697821576,-0.031485612577112965,-0.043294107657385644,-0.021317325487921868,-0.050744588335125324,-0.03657623649081759,-0.00048783476736141695,-0.047518089498053195,0.0,-0.0011305282989039767,-0.0034582111104389246,-0.0021445120365304327,0.0,0.033659057803129055,0.004795781277736388,-0.018503189210120674,-0.017870355270740157,-0.0005867659951334092,0.0015033685952332565,-0.0029454081162135215,-0.05511883384989352,-0.001620037013845388,-0.003958382671831351,0.005369597913397972,-0.00785881046799719,-0.00553063572289425,-0.034013032973305546,-0.0076321589304113036,0.011277018001082717,0.004170902069839888,0.023815536258376846,-0.0172444249470996,-0.019940378390829905,-0.001497123454712035,-0.017765240955488037,-0.014335680165793896,-0.02160398878307379,5.551115123125783e-17,-1.6653345369377348e-16,0.0,5.551115123125783e-17,0.06621595223857124,0.0,-0.03459881674801396,-0.0017867383329343012,-0.01547679390054646,-0.038921712576022505,-0.015257510438299593,0.0015133422806884456,0.05933649570527677,-0.0013679697009510439,-0.02826335651404077,-0.030415814462715796,-0.0025602909856154987,0.0,0.0,0.0,-0.014571258251300678,-0.0033790655829906147,0.0,0.0014272884949040332,-0.01605273357225423,0.0,0.0,-0.0002001196880710987,-0.01358094337707938,-0.012728972659775684,-0.009622277700070847,-0.05813030692810828,-0.01631695081038631
-0.04435250424958748,-0.03376592311624205,-0.039400361174542875,-0.0003156044209179365,-0.0451320204075919,-0.04894089286527531,-0.022006203711778582,-0.03926893015125643,-0.04217793484973942,-0.04628781938420018,-0.014024900335106227,-0.03141544776124333,-0.027177230276754172,0.0005886613712470234,-0.029677728317929364,-0.025962623831861265,-0.024572237783077988,-0.046387463021688724,0.033659057803129055,0.0,-0.05859653019267286,-0.039791637556437276,-0.057177286917215686,-0.03461327063953534,-0.04745204910854073,-0.019784361871432565,-0.018076881183323512,-0.01752909499636046,-0.028280450054094408,-0.03981990409687147,-0.029747843955420794,-0.05592437994770172,-0.04930523580353585,-0.039823616087081515,-0.048614922311844555,-0.049215152559989706,-0.028972241653890285,0.003038354470787541,-0.030215731690956482,0.00026400766595136016,-0.029834242599367067,-0.028619284742252282,-0.06024137540221852,-0.00034765880356296686,-0.0013546936928882647,-0.0009154205997129461,-0.021634930566550192,-0.034927415446568855,0.0,-0.002086558605466915,-0.012897019641685714,-0.03504453181209638,-0.023109825150547103,-0.008589371121942857,-0.0006812412975236715,-0.0024912057143172683,-0.00038296875627752414,-0.030835414076826495,0.0,-0.031260467181184304,-0.021721749832176007,-0.0004013166453614714,0.0014869379933998839,-0.002017919752511199,-0.0395600011617267,-0.052286092077160284,-0.03139622285089011,-0.01742623158510559,-0.0023413989648772837,-0.033898124800185836,-0.035317769463787785,-0.027608169619901757,-0.028691363963740946,-0.030152875234983667,-0.03584854529300652,-0.027640149930080904
-0.02432290541924792,-0.03859397758004246,-0.0030479132365656136,0.0005531440774710905,-0.00015919846368245283,-0.04977695947109023,-0.012370879090008446,-0.02588404819728679,-0.033574279434963716,-0.09252884023317243,0.0033573008533867577,-0.021812919637693717,-0.026256848972376456,-0.0012797566757184464,-0.007596528200315034,-0.031611550053442794,0.004520725548042004,-0.04743006404804778,0.004795781277736388,-0.05859653019267286,0.0,-0.0345264674573455,-0.045763676802546505,-0.034599131670300654,-0.04105404914035515,-0.014144885887766911,-0.052290281252262316,-0.03316538168360322,-0.042037245922902255,-0.026572451479354775,-0.03846882172318222,-0.03889640836632863,-0.05397088480638795,-0.03500030731785747,-0.041344755914189235,0.013886735025235741,0.006389379022050057,0.0036374490338278997,-0.02170823506689129,-0.039699533237632534,-0.029926740289069775,-0.028524995969402,-0.05019674855786205,0.0,-0.0005735700115493958,-0.11149365909424841,-0.037410012631520606,0.0003313554190492729,0.0,0.0002570816990350999,-0.010495030013748297,0.004378063658312892,0.01451999570143353,0.045643099612940996,-0.0010826472671740528,0.0,0.0009838919397933132,-0.02152460321486266,0.0,-0.01016549896547031,-0.03079537405272409,0.0,0.002816261895944694,0.0,-0.029392728340863317,-0.028126428587069763,-0.021953749607163064,-0.02062773202778806,0.005712658714126406,-0.04222607432672665,-0.037891713364097246,-0.017096963086857264,-0.008944960909082644,-0.010560359925327722,-0.006196544622637745,-0.024595283101018717
-0.029869678339089267,-0.038456100813453964,-0.03736847194155224,0.0034602630373578025,-0.03585445867779469,-0.03474650012658237,-0.014842849684247872,-0.04549524880258016,-0.023525332734726512,-0.0313841120729445,0.0002742486803816724,-0.0066519096732517435,-0.019063366905796353,0.001388458099290446,-0.037737317276172244,-0.018021719136879832,-0.019446545011163885,-0.026672140183605586,-0.018503189210120674,-0.039791637556437276,-0.0345264674573455,0.0,-0.03130751300440049,-0.020034596768458646,-0.01795461943734883,-0.020042388227888674,-0.034534328509149226,-0.007434993774232956,-0.030402356413341824,-0.004516344286760676,-0.01958397316121907,-0.045048538336555144,-0.0321969911362226,-0.03670665752441116,-0.041529446864366604,-0.039360271508309286,-0.028885437121514868,-0.0023371794925562406,-0.01747791181012942,-0.01242506690537315,-0.018775759772249045,-0.02725902599197566,-0.04244094634045653,0.0,-0.0005178345289269526,-0.039979540433270344,-0.022736521057183712,-0.003312965829822434,0.0,-0.0003476157541806302,-0.020846056675733637,-0.01041790473549331,-0.020488240470572017,-0.004145654567224155,0.0034785381238868762,0.0,-0.00026368883063626614,-0.02455678385555604,0.0,-0.01016866252694637,-0.01994789193873686,-0.0012603369820868293,-0.023535359512863563,-1.1102230246251565e-16,-0.03021966260995157,-0.031577344484361836,-0.01027164917322787,-0.024008192759980562,0.0033545792783105655,-0.021821474717924727,-0.031716230795788725,-0.02758310309545542,-0.021466493291568522,-0.03165937051670836,-0.036322316563851265,-0.023387527013676523
-0.05106431756926938,-0.04736499780819947,-0.02590310741830887,0.0008330602143888366,-0.017868572101698066,-0.02326469025258654,0.005742587079931694,-0.03548368519278011,-0.007061885607135443,-0.025860324871998908,0.018197195714386327,-0.03113690753849252,-0.01210967981691008,-0.04096809654289585,-0.03981473704821159,-0.03968831340873602,0.004225839674212251,-0.030155020839387814,-0.017870355270740157,-0.057177286917215686,-0.045763676802546505,-0.03130751300440049,0.0,-0.048880094707182575,-0.03342369568069414,-0.03514773764434753,-0.05251522405151737,-0.02489287631368775,-0.037972339559779356,-0.028967544186354055,-0.028207618897318987,-0.03555872062144283,-0.04395029781414722,-0.02448763999113507,-0.01819044827271188,-0.0134422042141365,0.0023263839669240838,-0.033061518805492685,-0.005028208002862411,-0.019257484782543077,-0.00285629846989921,-0.0028711729641903716,-0.0019181563911446764,-0.0008204927976949161,0.065156531082465,-0.002976432544601837,-0.0293822804387725,0.028540528507195795,8.004250974619209e-05,-0.015658971631129837,-0.0007527643370707215,-0.004086248379752466,-0.013811178320687345,-0.008802281348200824,-0.008643101920935092,0.03773538223507278,0.03193697141537882,-0.01632306085138846,0.00027764487542536465,-0.018504887068469478,-0.02157867179922396,-0.0018490317322888972,0.00685894973066864,0.020998186926367346,-0.02215059866094854,-0.01808948978030045,-0.022770533652330505,0.003553175776527251,0.00016452179997972216,-0.044830592028980876,-0.03608636970006146,-0.0028867604620013143,-0.010976378841954681,-0.006230624304299381,-0.005955018705035786,-0.003560186976229174
-0.020372639342746524,-0.04194438494851044,0.0012283205699441524,-0.0032985605623311876,-0.03096701685630221,-0.031174005802315052,-0.04738418092317387,-0.04595736121788341,-0.01828014426928737,-0.05676609487575063,0.0035885621155296588,-0.03017563721462929,-0.03950760773822881,-0.00553591492150185,-0.02502980011870415,-0.027806772734932483,-0.027410278520597298,-0.033482623683420476,-0.0005867659951334092,-0.03461327063953534,-0.034599131670300654,-0.020034596768458646,-0.048880094707182575,0.0,-0.04010367155863137,-0.025267791086899694,-0.038345187423545424,-0.05783376395446793,-0.027288973958346896,0.0013164012041430584,-0.03857217244804695,-0.043824951006672996,-0.042599338385163554,-0.03335110406884767,-0.03677438239065545,-0.0022546517387155296,-0.01459641368556125,-0.0318029320260122,-0.03092510168735091,-0.05233224435539835,0.011832519086165616,0.03413097959823419,-0.02785842450804249,-0.0002971777762517669,-0.04514285877158286,-0.07613018623398243,-0.057975297109572554,-0.00017169374519215852,0.0,0.0,-0.002063104964276641,0.002396551390678403,0.0007988390526932898,-0.001171076403625182,-0.047385633956568196,-8.267378358800537e-05,-0.03253567198658269,0.00347927975805562,0.0,-0.0009963945342927327,-0.04092298533947342,-0.04626991846293571,-0.03222409201939641,0.0,0.0021569620635386033,-0.09075036662758063,-0.04010715387478797,-0.0039539979542087544,-0.05779646677877487,-0.0452540514603596,-0.04398416153350254,-0.0015020761729429566,0.00550842355582698,-0.00012708404447414612,0.0,-0.030835107388448746
-0.04163355105015348,-0.031121559824148215,-0.07196081291521123,0.0,-0.00015765313265120318,-0.03611296302929373,-0.019788585975704875,-0.0457300617907791,-0.062387796177881205,-0.047612599176117154,-0.0020902176727425337,-0.04662052499423852,-0.02652922492716081,0.00014042886730242232,-0.03310144738102544,-0.040064958089627734,-0.02255212411900187,-0.03985915929928302,0.0015033685952332565,-0.04745204910854073,-0.04105404914035515,-0.01795461943734883,-0.03342369568069414,-0.04010367155863137,0.0,-0.03894281424626489,-0.04333625799968338,-0.03126066412884482,-0.038940319777511834,-0.0011110303559685453,-0.026691578335158894,-0.021148396023015104,-0.017717571046483083,-0.01563564357218461,-0.019460175313721018,-0.06618652860546925,-0.0006090054156226987,-0.01787361716743069,-0.02854549060278444,-0.028739839480449614,-0.03242691079027793,-0.035009303100607236,0.0006203259886087276,0.0,-0.08200149260387418,-0.05511016935542257,-0.04257575313854628,0.0,0.0,0.0,-0.036483961401754805,-0.0006340131918944336,0.0025704748475117722,0.000315220432073382,-0.042111106406577836,0.0,-0.041473448937355606,-0.030258450262849845,0.0,-0.02316641894249938,-0.03258385001386077,-0.030510713199666195,-0.03004256728709115,0.0,-0.028640830110844284,-0.032234616165727537,-0.025677226168769496,-0.033148957432475146,-0.03588038091710083,-0.042249373949539426,-0.037516870032293426,-0.02933868917369442,-0.03453320620657557,-0.04323216613452846,0.0,-0.03370716235919369
-0.015541604706645118,-0.0315392533397027,-0.06409813882717219,-0.0011874517905814397,-0.062281729901880856,-0.045413940134998165,-0.03250403220678999,-0.04597889907345787,-0.06734953626909818,-0.059881099815071004,-0.0043206388326513245,-0.029923492418343467,-0.04130302310516765,-0.001751578824108202,-0.03584006842908205,-0.019825982565406408,-0.0367939041794349,-0.04012856108065804,-0.0029454081162135215,-0.019784361871432565,-0.014144885887766911,-0.020042388227888674,-0.03514773764434753,-0.025267791086899694,-0.03894281424626489,0.0,-0.02825305784434512,-0.0392613785101098,-0.035936454570362875,0.006406699367160207,-0.027937071513421563,-0.03699483960285921,-0.026432922395591474,-0.024106234764905587,-0.03955279162125924,-0.04456007627552505,-0.0018206011566291314,-0.002208821293739227,-0.03355378227810418,-0.03744248928636895,-0.033209661546689084,-0.04289624171683698,-0.04002391277877787,0.0,-0.042938438722652184,-0.04797503647683565,-0.036670797612053774,0.013947768637010749,0.0,-0.00026047713767018976,-0.02215248943845849,-0.030670353507062265,-0.0034665196858088,-0.002915136940624785,-0.03749582267923546,0.0004844361636904271,-0.042743101735751854,-0.029192329112485815,0.0,-0.014187780048179222,-0.02971702235311785,-0.033359767372398486,-0.03182151928876292,-5.551115123125783e-17,-0.0369492819050487,-0.027566032098978233,-0.017044693889338935,-0.01248309631177702,-0.03990551422976124,-0.041910610091387135,-0.03927469176539117,-0.022984854834935897,-0.019040536670688446,-0.029945141935599107,0.00030124904415679277,-0.03407497637706414
