0.0,0.04304008970914053,0.0027564804808061782,0.0,-0.00029956874965014757,0.018339772379273145,-0.018910653528191324,0.008410259495460148,0.01788768608918545,0.011686264673772706,-0.0003658020625755265,0.02242817507985101,-0.005385955424450972,0.0027797206869691338,0.005751738867664724,0.03187688042550335,0.039340784916548965,0.02380558475507788,0.0,0.039324964999098766,-0.004102386393435353,0.028185501587004502,0.010237896856276574,0.007472377564495258,0.011201428934738689,0.029452681228516686,0.020743581993905857,-0.00045257410882693083,-0.0008567215242962778,0.0035892074220364445,0.005391079529693588,0.0002531044927010506,0.03472269936265071,-0.0035540994855389196,-0.000980117396500113,-0.00037397585027670877,0.0,0.0071237302471201525,0.06325171469089097,0.06022308942155613,0.04371902161700164,0.05572617335260738,0.0,0.0,-0.00011215191842894878,0.07145824829015124,0.07207039347434097,0.0,0.0,0.0,0.042157591586903964,0.0,-0.0011840849266512854,0.0,0.01949689849621028,0.0,0.049940566722540713,0.0008478855084149695,0.0,0.03537849086483952,0.04943191470923636,0.006538202537675231,0.05265732726022426,0.0,0.02001348244074974,0.014116537494421322,0.0726388502080706,0.028823597874329865,-0.05027091585397703,0.04130134340898761,0.07060737006882489,-0.0027535675930034365,-0.00011408939545465291,0.0517534586458126,0.0,0.04726461998177561
0.04304008970914053,0.0,0.04976877184727391,0.0,0.02765776186207647,0.01808349401046344,0.022037800304788857,0.04084491002648982,0.026726767880716984,0.035376606976162295,0.00018881002914894474,0.019014161358766657,0.01712416785955795,0.0,0.014150393347008072,0.02750204096875225,0.019270473211452088,0.03194308677126312,0.00017414640628576894,0.013686133439696158,0.03708001856456927,0.0011607881046501456,0.01579519204586305,0.013692622516971953,0.02964877713262043,0.00786972341943809,0.02231705207944379,0.013631831129985839,0.011971563316004685,0.010161425302815053,0.004049818746485467,0.008179476225419036,0.035250585943310875,-0.007429920658765854,0.013118800992440283,0.07376406188240253,-2.363825192663871e-05,-0.0008508022839104346,0.043613133548498384,0.05854898455208185,0.06007142013665284,0.05759743416337004,-0.0026973991840851252,0.0,1.620066513630114e-05,0.06982261650061627,0.06863704235151441,-0.0011300383549853743,0.0,-5.551115123125783e-17,0.049859303985941905,0.04149265161657023,0.007458506080095795,-0.0008788555386650132,0.003165884682927278,0.0,0.002079336013591615,0.039714207736849805,0.0,0.07239753621079709,0.045652311581899585,0.003633146262559672,0.045992063334421796,0.0,0.03628553244422428,0.04720772563043629,0.06240222405193108,0.047703659987632485,0.02036294015572676,0.04708944890724476,0.07631945453731898,0.03963506789980725,0.028391355995601775,0.03643875513682626,0.00037748720664187996,0.04343734600199117
0.0027564804808061782,0.04976877184727391,0.0,-0.028382092664270664,0.019696557828283112,0.00756938772204957,0.03906476452990598,-0.003631289590449782,0.005078731365458056,0.03451721230403881,0.010670310504284075,0.029609031283371,0.04563257107438462,-0.014902886574626573,-0.0013184237819941491,0.0022118665409132654,0.01332625401202192,0.024547941384143013,-0.006451380992973821,0.0045134075972695364,0.0006910322885750331,0.035855956604272154,-0.024738453033590402,-0.01346138772542349,0.059605963720936406,0.04109517657268169,-0.014881720115544672,0.04689732644993849,0.04039293904046953,0.05392530981807525,0.045219507234882106,0.02442592573649449,0.015177859855451836,0.04044123556784357,0.031082918980118834,0.0019892834295188733,0.012217123504086769,0.021458812401226213,0.03827530950104463,-0.0001478533157016071,0.028119537393781924,0.001459825107135937,0.0371454225736777,7.447157416634598e-05,0.00021681797163741745,0.0,0.00027303866698835666,-0.05659195054313931,-7.027516188723437e-05,0.04188100541791684,0.03758379654510491,0.03955477087210235,0.02807697955351285,-0.039190340411195734,0.0022718303372843973,0.02902704614322066,-0.0008926086433114766,0.025419260309722413,0.047775693648611894,0.0024023813349745016,0.00012323310580236724,0.0,0.0,-0.08086933515139016,0.007202408949247507,0.0012228516613843055,-0.0045714303943795165,0.03357405179920758,0.0,0.0,-0.0004097474675675006,0.046032817065820186,0.021230256760048638,0.03216993096494303,0.0007616445978679831,0.020970031777727605
0.0,0.0,-0.028382092664270664,0.0,0.042372184389783185,0.03287119706851288,0.038115988655821165,-0.010633698075599107,0.02364082606702067,0.01505544391542285,0.004963966781156182,-0.05368586740984724,0.020631057824733012,-0.01604892478258302,0.0003986706958654107,0.0,6.109129335241104e-05,0.0,-0.0156753228906234,0.0017897554029979723,0.00026030430482648637,0.0032681576096016407,-0.015505350611706492,-0.004194963152844955,0.0,0.0015586703114075506,-0.0034812610168755698,0.027896154006832485,4.4313870532830535e-05,4.9830849390253285e-05,0.0021760439972154932,0.03672627389844452,-0.0226983747992468,-0.04506645630214101,0.004376169403744856,-0.021636802026650054,-0.009947899313263037,0.00011158309762399066,-0.00039347420489899143,0.0,-0.00019390845134309442,0.0,0.0004341097839731245,0.0,0.0,0.0,0.0,1.3891258208498236e-05,0.0,0.0,-0.0005716096282147864,0.0,0.0,-3.2521224161807805e-05,0.0,-3.329352419612075e-05,0.0,2.4481987855207166e-05,0.0,0.0,0.0,0.0,0.0,0.0,0.0,0.0,0.0,0.0012940055710440879,0.0,0.0,0.0,0.00044093631592251326,-3.187648695884837e-05,0.0008787466079696049,0.0,0.0
-0.00029956874965014757,0.02765776186207647,0.019696557828283112,0.042372184389783185,0.0,0.021449136240505984,0.028677711566313102,0.040531206423128574,0.026299268222467864,0.04392555948110244,0.02888091835836104,0.02566179474722957,0.02918109407385222,0.004667090136146912,0.0006894107236247726,0.00831014456271878,0.031083234724089026,0.036227680837107756,0.03881872827761207,0.03968646696350148,0.0032251299157315394,0.02912304862098325,0.035281917773380134,0.0087965664326487,0.0342465161769831,0.03506195021752989,0.021996036478288516,0.04524378934108886,0.03147941609337351,0.004916590129323273,0.042904095998185454,0.036950695283920754,0.04125313906579692,0.0541675771474075,0.03958810258115292,0.013100902431409434,0.0590666811920767,0.031343039102910975,0.0731000764893896,-0.06583830284010922,0.04495098571841838,-0.0003002177478073076,0.09078905118256686,-3.419340074811705e-05,-0.0006680791519148577,0.0,-8.962958346397931e-05,0.04567014727059415,0.0,0.08196174476264295,0.05491618893570516,0.039691755550931296,0.05587335391704401,0.06012892778624235,0.0015874627064189628,0.08632480228119582,-0.0020413381798020103,0.04092635683840684,0.00022047714306827615,-0.00017019292263992236,0.00011963160178651844,0.0,0.0,0.052625861869866175,0.003212945670858447,0.0,-0.0025945366708396977,0.04445292205388418,0.0,0.00014040368847129114,0.0012061842763266273,0.0536620134534338,0.0405566278605366,0.03669664354997598,0.00136635208152458,0.010073993778706214
0.018339772379273145,0.01808349401046344,0.00756938772204957,0.03287119706851288,0.021449136240505984,0.0,0.042853332022232904,0.01645372407700757,0.02352345578967041,0.05260997705136261,-0.00802574196723671,0.04312725081907265,0.04119338134811584,0.004858022635923831,0.0391578892584547,0.019009481443961362,0.036292968943811066,0.04540879041445073,0.05148525209266186,0.03719257109407953,0.02350688906843068,0.023197973069504885,0.024143976904320796,0.022490808025220632,0.018494909076831878,0.026525934564620324,0.019514105157723227,0.032931126028433844,0.025809701487887693,0.04286636079002504,0.053343367054934976,0.030275968437305734,0.04526910198964845,0.04876658465793432,0.0384415801763382,0.051055185423656446,0.05998792237393058,0.030094297221780975,0.03337843788573214,-0.0016647284144665209,0.03203994712274749,0.02902813322333464,0.016595930645362245,0.0038648211256546716,-0.001416400951550767,0.0007087370508091495,0.03907815840055551,0.02110822486372954,0.0,0.025476347373865726,0.032930801588972436,0.02308305322862325,0.0081882220369342,0.033442659667609176,0.004715794720145272,0.0373616776925938,-0.0021824026697045973,0.019933045589790255,-0.002787882068144454,0.03978841104455666,0.003990868676666481,5.551115123125783e-17,-0.003278300441463322,0.035546608617226805,0.032341702379084125,0.05632099846822991,0.0459722200969131,0.02644875028878657,0.0,0.006246010097761934,0.04630518364232156,0.03921219156842859,0.026375373672082647,0.031399983629984585,0.014381122150758707,0.022111708779150807
-0.018910653528191324,0.022037800304788857,0.03906476452990598,0.038115988655821165,0.028677711566313102,0.042853332022232904,0.0,0.03540005202470331,0.019528601709906335,0.038649929615570955,0.03554263606108449,0.02084734891753587,0.026218753444101905,0.014306612922474315,0.008538558516740291,0.018694898169224206,0.04391284927379735,0.028124151985287504,0.0489296365627474,0.041957053487160056,0.04297442384309502,0.024150922518916318,0.043515081600112526,0.008845176009764866,0.01954640716682915,0.019652471530697102,0.03553937337843338,0.022050867417928,0.03319986317332907,0.04439247375076588,0.05344552580173034,0.050104580991846726,0.039442576890727166,0.05679058126167763,0.030330241482899145,0.03174872433562104,0.06604929328441655,0.02188017096239936,0.05176244589719703,-0.025690931879319534,0.046045483038444246,0.0488326127733949,0.03814827638552337,-0.0015152698603073111,-0.0008789319224594139,-0.00011479175477197012,0.027487992778160553,0.033764203507510526,0.0,0.044685463403355885,0.04626636582914756,0.028913988442988536,0.021399373566535596,0.04642229992859748,0.00018453445550647984,0.060775570398396705,0.028048181042625797,0.024282185510724807,0.0010713547709208515,0.0038161748761341707,0.001861346847833678,1.1102230246251565e-16,-7.412921665134187e-05,0.04260212697142285,0.030481748617031068,0.0020145061032662004,0.025373779492223525,0.04190254602798993,-0.010788168457567804,0.06774503983444391,0.04031535245902712,0.045512265276559494,0.02939029554803052,0.032194836794124715,0.005372597318743955,0.02512411946365134
0.008410259495460148,0.04084491002648982,-0.003631289590449782,-0.010633698075599107,0.040531206423128574,0.01645372407700757,0.03540005202470331,0.0,0.020471146549628005,0.03253706848037119,-0.06015326835308782,0.010999853821636596,0.03114396535857028,-0.02769148255139453,0.03324710105530798,0.005437353381145538,0.005280045921832122,0.02201908689244303,0.018099950297374434,0.025691046355646674,-0.0006334991283610258,0.007438264055388055,0.009873376207103601,0.001472564486587613,0.031515645368017375,0.031218206566054507,0.02118299172800525,0.010110978284311345,0.02048290531781305,0.00939645707683684,0.013756259755460909,0.007324828276884299,-0.03590961827883887,0.0070469010791488484,0.018120422608180586,-0.0004127322603317829,-0.01419156728362464,0.004305315263048004,0.007184022631569864,0.000980135422716688,-0.006337017003469059,-0.0007562820471166409,0.015332325833691096,3.17626269397131e-06,-0.00016051266455779922,0.002123850594869414,0.002909410296734971,-0.0008551058894471497,0.0,0.004740825897922463,0.02418983649115375,-0.004715438100671099,-0.048581286245900746,0.018788639628522175,-0.00019391312355132584,0.01959401685860357,-1.1102230246251565e-16,0.003670513169215739,0.0037698932043710442,0.02385969526030507,0.006130107922806827,0.0,-1.118250020248901e-05,0.011889943823504945,0.002453745444433608,0.006337363941672669,0.033429208795304644,0.004010612783317491,0.00032256574261230186,0.0025132087051384366,0.03344520977360288,0.014453677391200959,0.009574792917449282,0.015061233214942793,0.0037604596693323056,-0.006840429294218631
0.01788768608918545,0.026726767880716984,0.005078731365458056,0.02364082606702067,0.026299268222467864,0.02352345578967041,0.019528601709906335,0.020471146549628005,0.0,0.04189133308803744,0.04334839699477566,0.034433734537378524,0.008643688049377929,0.01227103863499468,0.0004533366036001407,0.007055155056236162,0.030798426284785574,0.034076890348304245,0.020200581435202314,0.0450330114108648,0.02626218753104642,0.03094084875477171,0.025117785946650706,0.02047309754779575,0.05865562588891404,0.029307010456318894,0.023066982998445118,0.05493052471703941,0.03734006903848225,0.044631643617533745,0.05081381658958117,0.03207532693982584,0.028190262628564722,0.04855676614443594,0.04753620456170754,0.04381036190688187,0.05814373939046108,0.03135952724723495,0.052932657028384233,-0.002928261111155961,0.031039344829247972,0.032527883611448316,0.047360139642811216,-0.001072675150222413,-0.0004129092995103778,0.0,0.0013572950352017665,0.049910633679644656,0.0010279030255919697,0.034527434013799985,0.038501348025476556,0.03788366689052358,0.03424490785433332,0.03488020326966024,0.0025295616197402726,0.05774443496581755,0.04877917709776375,0.034197764638861705,0.0013409681271296936,0.026882203906502422,0.000856878643565484,5.551115123125783e-17,0.0,0.03828806663171347,0.004896062761573672,0.001027598820270148,0.036808622829274495,0.03207862020749064,-0.04737444038409622,3.9819260139128954e-05,0.03720268065715493,0.03683400696330563,0.03093918224208958,0.02494396463767362,0.002425706398221039,0.022083606528698785
0.011686264673772706,0.035376606976162295,0.03451721230403881,0.01505544391542285,0.04392555948110244,0.05260997705136261,0.038649929615570955,0.03253706848037119,0.04189133308803744,0.0,0.035058796150706784,0.03925731998449933,0.028320333884939652,0.05213583101613001,-0.0006591843473370829,0.029559680510768238,0.029698899301220216,0.030234892546022074,0.028823501264389317,0.0061967668433791645,0.016516961005061115,0.0037692528131991754,0.045920271960397996,0.009165847926309867,0.031198814466218527,0.0459071893438468,0.04900372790874635,0.0013411488226633406,0.041401824739415116,-0.009295387147856327,0.016840884601518225,0.0009759755860954122,0.02974397293086173,0.020181563130798497,0.0008454013026353846,0.07016073911475468,0.012744936460631406,0.026998635453852227,-0.027203934037906885,0.031808121976199366,-0.0015519566256498307,-0.022672542458599287,-0.012215005886228758,-0.0009766232341388847,-0.005899836379084311,0.0013316553965423972,0.05827959049738002,0.0011353646331858647,-1.1102230246251565e-16,1.6653345369377348e-16,0.003311292616004047,0.002506641726208514,0.0009640893468320089,-0.0032208399915967245,0.04952439703466327,0.0011363850162155464,0.039220988231578546,0.015843319903340092,0.0,-0.00015531318308287245,0.05240704453491718,0.059143831119453594,0.06083004222178262,-0.0004951450707326721,-2.620185564350397e-06,0.00048018974322883157,0.0022357659804055907,0.00922484565831283,0.014119180725006009,0.054327293896713036,0.04974298202436411,0.005578914804460822,0.004845063439021358,0.0023763579411141267,-1.1102230246251565e-16,0.029770615016525448
-0.0003658020625755265,0.00018881002914894474,0.010670310504284075,0.004963966781156182,0.02888091835836104,-0.00802574196723671,0.03554263606108449,-0.06015326835308782,0.04334839699477566,0.035058796150706784,0.0,0.01765824456977555,0.039815898657850624,0.01885047834962833,0.0,3.7736591434467393e-06,0.01650725017126381,0.018640377328885627,0.022305989183383723,-1.7343242226464106e-05,0.005429179628143599,-0.0003173911791835571,-0.02397784100965228,0.012700223915475317,0.015531835320581666,0.028646627255821955,0.011388506279990607,0.034429313392089544,0.001569381224225952,0.009945338458157482,0.03397604365415463,0.01963629293758168,0.02252045749120335,0.035925775248286496,0.036065401666512065,0.02024886883188337,0.046039016854513226,0.014210868447258773,0.04976912271188627,-0.013509122248065442,0.05841520618492163,0.0011954089168835225,0.05791454154747444,0.0005428185784826511,-8.531591390137372e-05,0.0,5.551115123125783e-17,0.09967693760237484,3.043763517335263e-05,0.09302013019826183,0.05017063628009366,0.06132622005117194,0.023400412918969826,0.07521264253985593,0.001544939912194676,-0.015742066952181333,0.0019057155332913855,0.05273460469860147,0.010478323169100578,0.0008139965690155404,0.0,0.0,0.0,0.21773225421930276,-0.0009338612023507276,0.0,-0.0013647245931883156,0.047699111501305014,0.0,0.0,8.79109077084883e-05,0.04353825321390903,0.04975604623291463,0.04668326233125747,0.0006628331070536175,0.01095768445643186
0.02242817507985101,0.019014161358766657,0.029609031283371,-0.05368586740984724,0.02566179474722957,0.04312725081907265,0.02084734891753587,0.010999853821636596,0.034433734537378524,0.03925731998449933,0.01765824456977555,0.0,0.01845056955244484,-0.009929292799926381,-0.0003770992524459449,0.04613257638610174,0.05687805624890119,0.04538550738162439,0.035208166158476994,0.0018114481500646762,0.017161469496624948,0.014183799528119101,0.015580304191067207,0.047380589555667096,0.06374711474759082,0.03452076692509676,0.011104632864547714,-0.06196911601949445,-0.000659649785075267,0.0022454413172126597,0.016005720816717806,-0.018736823518083756,0.030301532600749026,-0.017557380461644456,-0.009603165882043019,0.024439366760991454,0.006159834382678919,0.01648255437688212,-0.026444550136187517,0.03425007143733694,0.008355073072675356,0.0072160195677770655,-0.003221634276964147,0.0009512493706610448,0.004860604289039283,0.012708796195397554,0.0011757956434834682,0.0006854958462124139,0.0,-0.00042995092949604796,-0.002987001768762154,0.03086708407478478,0.0,0.0017478992605919341,0.05679430451040335,0.0006699223508046526,0.056724289813877116,0.03400752902112825,0.0,0.0005067901181654011,0.056881787047551424,0.06333287369411633,0.06283101054327916,0.0,-0.0005911083093579905,0.00028825440108554146,0.003248717039893767,0.0006366259133489538,0.003108152655038998,0.06043999338225259,0.053426079700923224,-0.00625556031625496,0.03990854610614991,0.0022247697641753494,0.0,0.04328442080311168
-0.005385955424450972,0.01712416785955795,0.04563257107438462,0.020631057824733012,0.02918109407385222,0.04119338134811584,0.026218753444101905,0.03114396535857028,0.008643688049377929,0.028320333884939652,0.039815898657850624,0.01845056955244484,0.0,0.0019693739575451508,0.021390880187987682,0.012872712938066078,0.026787426816800852,0.019524910283494845,0.04964764672257038,0.033729502698885805,0.028727409649106916,0.02048086858565079,0.041767505084859435,0.01396501956860191,0.017373996246277168,0.021595098154112036,0.04112694196481265,0.030966971581282532,0.027808658225171867,0.008305334037244594,0.03645141555200343,0.04261879319686318,0.034814423349810275,0.036410960687028704,0.011659160994913376,0.04751062417382523,0.05264836411567275,0.015001163606019663,-0.03422941342310809,-0.003074039744845325,-0.04915266966382076,0.024265705053668984,0.029780860058962633,0.004772813561519151,-0.0005113701174933594,-0.0005363540648741227,0.03183339856021972,0.03379254069672599,0.0,0.039508254045432345,0.03781130931783172,0.023538053376166324,0.0232136520525818,0.04466469345931179,0.03301684920617348,0.05440553191465547,0.02184160783493555,0.020172535881256226,0.0008188229724505613,0.03891805240532603,0.005988258574910754,0.0018965167422679285,0.04835904450587902,0.04714450927296987,0.029631389361778004,0.013938311096683864,0.022415511904979923,0.03196675604136945,-0.0013154289231379068,0.04387252887183313,0.04859278121184646,0.03824164072129188,0.03142412047440235,0.029458235848296654,0.00789571523408994,0.020999025716588515
0.0027797206869691338,0.0,-0.014902886574626573,-0.01604892478258302,0.004667090136146912,0.004858022635923831,0.014306612922474315,-0.02769148255139453,0.01227103863499468,0.05213583101613001,0.01885047834962833,-0.009929292799926381,0.0019693739575451508,0.0,-6.19930494232257e-05,0.0,0.0,0.0,-0.01902403053839835,0.0014042033758209227,0.003295907414939181,0.0028378229124785825,-0.00010946780647147492,0.003362739911696,-2.9713210039528093e-05,0.0036693041602772203,-0.008937719411998335,0.03056051712784491,0.005072099868044355,-0.0004778688095589123,0.015021423853846028,-0.0024541958494272986,-0.0007657014247943739,0.009222431664843211,0.0002116962898867647,0.0032274431476047027,-0.00254303301045658,0.002176392543021821,-0.0016367464042423285,0.0,-0.0020060024776555885,0.0,-0.0008115763744629412,0.0,0.0,0.0,0.0,-0.14891929684546767,0.0,0.0003008572522166242,0.008621339639558356,0.0014059070429688347,-0.0027242695899705738,0.0014368941757518794,0.0,0.008024236268309948,-0.0004552858024306494,-0.0021984708642306394,-0.00046736212450865233,-5.551115123125783e-17,0.0,0.0,0.0,0.0012627905325318656,0.0002533343371938779,0.0,0.0,-0.0007453421854791697,0.0001107424140918134,0.0,0.0,-0.0011402464770565723,0.002056461269167531,0.0016988225006588364,0.0,-5.551115123125783e-17
0.005751738867664724,0.014150393347008072,-0.0013184237819941491,0.0003986706958654107,0.0006894107236247726,0.0391578892584547,0.008538558516740291,0.03324710105530798,0.0004533366036001407,-0.0006591843473370829,0.0,-0.0003770992524459449,0.021390880187987682,-6.19930494232257e-05,0.0,0.023188377380486735,-0.00792348229843487,0.021469325803023465,0.0,0.011346129051697462,0.015856813603307096,0.05765558206968635,0.0291022544797101,0.01874040736363941,0.02823902837880582,0.02636964306208439,0.04249094517589275,0.03474073231258895,0.02985440151170632,0.006381895160954387,0.0110505346452906,0.009370407526348323,0.040079243289315,-6.214082135680421e-05,0.02057460336073319,-0.07402041925099173,0.0032851164988287884,-0.01275390407975896,-0.03487896163126397,0.0345381224070343,0.01624501206242196,0.022721135814289584,-0.042169839141997456,0.00018510113126757322,-0.0023362301326342316,0.05684212710220832,0.016927171887802128,0.0003451391667271264,0.0,0.0,0.03589694346955674,0.005899049598732997,0.011066156518444226,0.0008926105757277036,-0.00021893161978986386,0.0,-0.000547249161323704,0.01596584224523634,0.0,0.03177636829391117,0.015414232262991823,-0.00034973622942480187,0.008852459093737164,0.0,0.029698146330124076,0.029520436954292406,0.0358209630655838,0.026158496986914193,-0.0008029843869487574,0.025228883846181216,0.04632397547005296,0.03524084191364779,0.004346392079272954,0.020279026465566563,-0.013365649445018002,0.012121145074072026
0.03187688042550335,0.02750204096875225,0.0022118665409132654,0.0,0.00831014456271878,0.019009481443961362,0.018694898169224206,0.005437353381145538,0.007055155056236162,0.029559680510768238,3.7736591434467393e-06,0.04613257638610174,0.012872712938066078,0.0,0.023188377380486735,0.0,0.022738774081952018,0.011831194210619733,-0.0008269603223335364,0.02161058161479379,0.02143424311432085,0.01715095659539445,0.018939554148087123,0.018733231619851853,0.026468083976579293,0.03407603316142266,0.024158493482500987,0.014384096705986338,0.013210102212781905,0.011211082610582124,0.01403909691639088,0.003359843491613723,0.02957147338127203,0.00147639424795859,0.014679557471487248,0.005702719738434114,0.00017894930470019332,-0.0025626132546403,0.031896799452163116,0.0325260916182078,0.027468771588201046,0.029491912184049895,0.0016153543754642286,0.0,0.0,0.043675681423135215,0.0472003710505704,0.0,0.0,0.0,0.03607362071785836,-0.0009487728092645864,0.003525769433885939,0.0,0.07692228198772394,0.0,0.053601873742202655,0.026564541023020694,0.0,0.03389737975540613,0.03370426208472804,0.008016130715285452,0.049645597612369474,0.0,0.017444937633370572,0.008541930326151637,0.03787280910491536,0.03301457512100997,0.014010400432116266,0.03870766148732585,0.051433162718811765,0.0242088979130623,0.031633693354082004,0.021774521893211385,-0.00011351514816326791,0.028275309694295703
0.039340784916548965,0.019270473211452088,0.01332625401202192,6.109129335241104e-05,0.031083234724089026,0.036292968943811066,0.04391284927379735,0.005280045921832122,0.030798426284785574,0.029698899301220216,0.01650725017126381,0.05687805624890119,0.026787426816800852,0.0,-0.00792348229843487,0.022738774081952018,0.0,0.01107965406883421,0.027935901508448657,-0.007593611081011364,0.011423177274640262,0.01131704151821944,-0.01625015645545369,0.029933891124323264,0.019202068440164866,0.04005959350386512,-0.014349193255123627,0.034208095623942725,-0.014500098151677576,0.0015964415580774216,0.01928429075559024,0.006138714758269048,0.033389244000939844,0.005998683182758813,-0.026345217525967024,0.036711704521841304,8.175307788982344e-05,0.02874263135031141,0.05872613814298644,0.047735832790664234,0.045463403009438685,0.0029216475253472374,0.0,0.0,0.005424695073330377,0.03818648650502393,0.043913482212552035,0.0,0.0,1.6653345369377348e-16,0.0005544170412115079,-4.497902771971596e-05,0.0,0.0,0.061724815349706474,7.982570015974133e-05,0.051078657219821355,0.0007486681105826065,0.0,0.0,0.04499472329040061,0.06691793356863296,0.05864055525605072,0.0,-4.019342408539961e-05,-5.551115123125783e-17,0.002429719312812384,0.0016245790448491393,0.039297627580581196,0.05854918386150354,0.05869194748728673,0.0,0.0013097676063059671,0.0003573127910296847,0.0,0.047390925064318135
0.02380558475507788,0.03194308677126312,0.024547941384143013,0.0,0.036227680837107756,0.04540879041445073,0.028124151985287504,0.02201908689244303,0.034076890348304245,0.030234892546022074,0.018640377328885627,0.04538550738162439,0.019524910283494845,0.0,0.021469325803023465,0.011831194210619733,0.01107965406883421,0.0,0.023272070096872433,0.023799687320769758,0.014900159772198884,0.025583205605773374,0.025880839956066326,0.01837010751306517,0.024005471265780065,0.03337164250103769,0.027826713488369792,0.015118211421294436,0.012315745650369692,0.003732213913972826,0.020003922402901497,0.008132269712567142,0.03809842061704555,0.005104787170760683,-0.003843337743948627,0.003243632535253782,0.0,0.029746707399729455,0.05270629040510938,0.03779002488255623,0.030169703362505296,0.03200786711903708,5.551115123125783e-17,0.0,0.0012411179620370194,0.04094353137590484,0.05130093112746614,0.0,0.0,0.0,0.028383348433234534,-0.0008009750659554449,-5.1345570428185106e-05,0.0,0.0754078054275985,0.0,0.06289161957201456,0.03365138319854005,0.0,0.008436151979367479,0.0450797394285129,0.05733505765470509,0.051881243923232234,0.0,0.019313279218257373,0.00814657266136981,0.03137487299949665,0.004722068776385757,0.03493588156613908,0.04527051863118248,0.0492732813357698,0.008768349180243384,0.020173155308199575,0.01984568943873788,0.0,0.033163510832844356
0.0,0.00017414640628576894,-0.006451380992973821,-0.0156753228906234,0.03881872827761207,0.05148525209266186,0.0489296365627474,0.018099950297374434,0.020200581435202314,0.028823501264389317,0.022305989183383723,0.035208166158476994,0.04964764672257038,-0.01902403053839835,0.0,-0.0008269603223335364,0.027935901508448657,0.023272070096872433,0.0,-0.0014749284460747747,0.0020330264774784945,0.0023569645645542536,-0.034927777411421446,0.01146197869075366,0.017948116988551366,0.024046780747221552,-0.0039963722119478184,0.048728568209225775,0.000470200072974547,0.009507632528347021,0.055714732258735966,0.026514144426782238,0.041640654502320795,0.047061720333112955,0.042269269646827756,0.0010081089024923107,0.04569433209801049,0.011895466803834909,0.03979035877631221,-0.00017248980006023817,0.03439018860718346,0.0012292583843784843,0.06037711571878501,5.551115123125783e-17,-1.6653345369377348e-16,0.0,5.551115123125783e-17,-0.10292877122300814,0.0,0.052971397689787314,0.03967753550441022,0.03390117780703783,0.03043177361112237,0.03184984637246091,0.0009420396311914381,-0.029800470594105566,0.00028944740374869937,0.02883615534972317,0.0011045030432775271,-0.0009805177724014902,0.0,0.0,0.0,0.048698089408834466,-0.0015867706931227965,0.0,-0.00029997311022761375,0.035627321486512153,0.0,0.0,0.0020397741543658476,0.040153081625745046,0.0352409007903729,0.008201297545001929,0.0016376953363415048,0.008651309843316746
0.039324964999098766,0.013686133439696158,0.0045134075972695364,0.0017897554029979723,0.03968646696350148,0.03719257109407953,0.041957053487160056,0.025691046355646674,0.0450330114108648,0.0061967668433791645,-1.7343242226464106e-05,0.0018114481500646762,0.033729502698885805,0.0014042033758209227,0.011346129051697462,0.02161058161479379,-0.007593611081011364,0.023799687320769758,-0.0014749284460747747,0.0,0.036345682861746886,0.005220449987234477,0.03628647261455625,0.003993931619681257,0.025988777833551635,0.029578034209913784,0.021846975187662543,0.03424342811775288,0.02292408198638818,0.020972888248791954,0.010492750033062215,-0.003937182968047459,0.015287441031084315,0.007897124400873534,0.016431178359383458,-0.011066285806543785,0.06431165746752104,-0.004560349320558488,0.007757721902491077,0.0007822367295591826,0.02779226149530839,0.0006229721165925128,-0.004764438340829513,0.00024057031205299007,-9.9989533029754e-05,0.004901370450953235,0.029278145058491356,0.0033194554112719876,0.0,0.0005819708402884927,0.04943643945559434,0.0210219726123419,0.015843958825699223,0.057218936061768644,0.023766197093643693,-0.0019657580452824286,-0.000321856376952534,0.03361624634299898,0.0,0.03104959140635355,0.032565866165791435,0.00023737307514704042,0.018201813053016935,-0.00010087506638245536,0.03638526761245753,0.033715902892464955,0.03475211680523704,0.04015545412741822,-0.0022797840223226506,0.032489455158117186,0.04550483438838293,0.044468447870286754,0.028372241178224844,0.0386160025764366,0.020296545671497912,0.02737375516909535
-0.004102386393435353,0.03708001856456927,0.0006910322885750331,0.00026030430482648637,0.0032251299157315394,0.02350688906843068,0.04297442384309502,-0.0006334991283610258,0.02626218753104642,0.016516961005061115,0.005429179628143599,0.017161469496624948,0.028727409649106916,0.003295907414939181,0.015856813603307096,0.02143424311432085,0.011423177274640262,0.014900159772198884,0.0020330264774784945,0.036345682861746886,0.0,0.022972857908156286,0.027425726652866855,0.02009382182574515,0.03716783566132209,0.035841683791422774,0.04544178786160219,0.01146045552502778,0.015470601340730583,0.007136049286371904,-0.0007817919532380757,0.004034990080079681,0.003790949343953409,-0.008310640103738443,0.018976239785004956,-0.05817943868198139,-0.0005213283030848226,0.004996719652815396,0.009668426632958083,0.08690568328938403,0.02108454081932265,0.02418631861804188,-0.034748864022834225,0.0,-0.0003495987572282866,0.017036667539961747,0.05007027815588899,0.0013311089411980337,0.0,-5.4395671399254386e-05,0.02628588508100893,0.015385670460689671,-0.022052534799593848,0.0010127649370438307,-0.0011899207144762114,0.0,0.0002391920580189777,0.016313168623054985,0.0,0.04195187175496501,0.04790031202031897,0.0,0.0036688323661099864,0.0,0.031184234503772945,0.03698158392726636,0.04990964788001939,0.013365940611409222,-0.001552920651376688,0.03757382416364907,0.06533343036353834,0.024078746464012146,0.011635762210464695,0.019056405304553825,0.0016496406278805886,0.01246379529222863
0.028185501587004502,0.0011607881046501456,0.035855956604272154,0.0032681576096016407,0.02912304862098325,0.023197973069504885,0.024150922518916318,0.007438264055388055,0.03094084875477171,0.0037692528131991754,-0.0003173911791835571,0.014183799528119101,0.02048086858565079,0.0028378229124785825,0.05765558206968635,0.01715095659539445,0.01131704151821944,0.025583205605773374,0.0023569645645542536,0.005220449987234477,0.022972857908156286,0.0,0.023918227103340295,0.007547507981503221,0.021248756542090796,0.011780583824030133,0.020967733602515026,0.0167732203503812,0.01191804830546278,0.010396172663502679,0.0034580532914947337,-0.003131624369803021,-0.0013962059900045065,0.0006621653139073369,0.009053776726570484,0.02858376212915481,0.011455521957908943,-0.0013157621375834427,-0.03254775805685539,0.02444952225972402,0.0283759468878077,0.015429396092061676,-0.003416807249639553,0.0,0.0016755002339693958,0.05249055414986997,0.043631766241490566,0.00032873427139490374,0.0,-2.3120539344390068e-05,0.03979526594702293,0.02860926969852634,0.014720613063327559,-0.00028715578093102545,0.003396220901825786,0.0,0.0015106515816314947,0.029169847147946515,0.0,0.018766922233129035,0.024218216196321973,0.004778425709521583,0.03981515589609186,-1.1102230246251565e-16,0.023878548108022146,0.023979738750123658,0.029762775712356804,0.024242691960581986,0.0013265230172230247,0.03355681283628259,0.0449301837814714,0.03204145923747015,0.014364859590839663,0.024921880068269786,-0.002491297673602566,0.0249432190764749
0.010237896856276574,0.01579519204586305,-0.024738453033590402,-0.015505350611706492,0.035281917773380134,0.024143976904320796,0.043515081600112526,0.009873376207103601,0.025117785946650706,0.045920271960397996,-0.02397784100965228,0.015580304191067207,0.041767505084859435,-0.00010946780647147492,0.0291022544797101,0.018939554148087123,-0.01625015645545369,0.025880839956066326,-0.034927777411421446,0.03628647261455625,0.027425726652866855,0.023918227103340295,0.0,0.006036221404469855,0.01826778418515035,0.035974751256898196,0.01700317542236246,0.021835315002100286,0.02598558075535723,0.01603809439460746,0.01955875096221693,0.013194855793814297,0.011202522759526323,0.015371416367728041,0.028456519472768338,0.021795809177247216,-0.007221783863980424,0.016271726472044667,0.02585930780019774,-0.023297945366402895,0.011602455387190846,0.035265393414162016,0.011572892483604602,-0.002228702552457107,-0.0053747658353304195,0.009557191773494789,0.03644004012490587,0.022165577772731426,-1.693611826303343e-05,0.03995947768036434,0.029399986404855083,0.018297344417627315,0.012045686870060024,0.0365916326034319,0.019055332971498418,0.054620204512750625,-0.009106250607704092,0.015338264764419574,-0.007209628987182082,0.03804760349769365,0.03908103603998131,0.0003270280910053769,0.006746848409695361,0.06379214347890882,0.036013953932845066,0.03419025014895355,0.0411316448886172,0.02864941001696697,0.0008701514837645696,0.037520982527811886,0.05844087744607257,0.0318171294056282,0.021708391983240927,0.031907231259595215,0.018537464664225123,0.018544391238758395
0.007472377564495258,0.013692622516971953,-0.01346138772542349,-0.004194963152844955,0.0087965664326487,0.022490808025220632,0.008845176009764866,0.001472564486587613,0.02047309754779575,0.009165847926309867,0.012700223915475317,0.047380589555667096,0.01396501956860191,0.003362739911696,0.01874040736363941,0.018733231619851853,0.029933891124323264,0.01837010751306517,0.01146197869075366,0.003993931619681257,0.02009382182574515,0.007547507981503221,0.006036221404469855,0.0,0.018646675824296965,0.045954840903371985,-0.010074740204757848,-0.04490111945197911,-0.03473700118858947,0.003325288748201427,0.008649063111421884,-0.042503537620919796,0.013934035432389968,-0.03002438526373946,-0.02575440612123797,0.020318274643113976,-0.0068824081070203436,-0.00418403893229885,-0.05477017347218005,-0.03247342840804224,-0.06935099913493309,-0.10075168552398811,0.004598358318661067,-0.014264787797881012,-0.06452232904391408,0.024940391516330707,0.0548195523693466,3.632851572044071e-05,0.0,0.0,-0.00030971367169846387,-0.09914883443195616,0.000417148812432766,0.0004108485666668993,0.04731242468065078,-0.006558288847853311,0.021716634571198934,-0.10137456067814582,0.0,-0.001571128416087697,0.049703942457714534,0.06815599316660087,0.061114871937296644,0.0,0.001282307034771113,0.053206354430513525,0.037043876831407196,-0.0017206069410258262,0.001224791678185455,0.04898916181457125,0.044630527319583946,-0.0013201824381775529,-0.09748300099743079,0.024926573698157928,0.0,0.01527117171062431
0.011201428934738689,0.02964877713262043,0.059605963720936406,0.0,0.0342465161769831,0.018494909076831878,0.01954640716682915,0.031515645368017375,0.05865562588891404,0.031198814466218527,0.015531835320581666,0.06374711474759082,0.017373996246277168,-2.9713210039528093e-05,0.02823902837880582,0.026468083976579293,0.019202068440164866,0.024005471265780065,0.017948116988551366,0.025988777833551635,0.03716783566132209,0.021248756542090796,0.01826778418515035,0.018646675824296965,0.0,0.03262338319835473,0.02896409045572851,0.022683793096372806,0.03007100484996167,0.030358411576547006,0.019908650382291726,0.010851088860092784,0.029419596268366655,0.0010597279522969738,0.006006055374998431,0.04157033043170644,-0.00022523210938218963,0.019826038037319194,0.04778992623551559,0.04094433613227183,0.03342315246266603,0.039663296443032514,-0.00047514015769312135,0.0,0.07603111984075939,0.03251544219156666,0.0527863757725166,0.0,0.0,0.0,0.03446844023704959,0.04176099469709543,0.004434099555202187,0.0001790585983863502,0.07168257602617767,0.0,0.05970764670265044,0.03408237213662141,0.0,0.02291256783241563,0.040629820293377195,0.06455840546275754,0.05485690354540351,0.0,0.027920758677249302,0.010854021710912376,0.04348001180977573,0.032292258586542,0.026008787733427574,0.04622757366036473,0.0498300055105641,0.030335299437285357,0.02234755019419632,0.030046376331585967,0.0,0.03818925148967123
0.029452681228516686,0.00786972341943809,0.04109517657268169,0.0015586703114075506,0.03506195021752989,0.026525934564620324,0.019652471530697102,0.031218206566054507,0.029307010456318894,0.0459071893438468,0.028646627255821955,0.03452076692509676,0.021595098154112036,0.0036693041602772203,0.02636964306208439,0.03407603316142266,0.04005959350386512,0.03337164250103769,0.024046780747221552,0.029578034209913784,0.035841683791422774,0.011780583824030133,0.035974751256898196,0.045954840903371985,0.03262338319835473,0.0,0.027410699506968284,0.02187517411914841,0.023565360119093492,-0.002805067123079097,0.020840661187393694,0.01734503303122653,0.04254051834130784,0.007890091608304783,0.02005417124041281,0.011850933954948906,-0.00047393340987650356,0.04291335774048882,0.04071045662662237,0.05908112960829004,0.0349703208424158,0.04091766432952032,0.017696029721858186,0.0,0.0029955238500138925,0.042492256282121554,0.05327705711714609,0.0003795755063155659,0.0,0.000363964425134089,0.04765692158451951,0.03455051391068453,0.01243775635670985,-0.00019700491537039122,0.07258300222062958,-0.012320173552402613,0.056860945011344366,0.03903966677427395,0.0,0.04839299995250679,0.03840959250123288,0.06770631647319286,0.054368129537639864,-5.551115123125783e-17,0.027051726916271557,0.042542227932662324,0.04943871350902029,0.05413885502482457,0.019063342838731956,0.04581365503896784,0.05436778046839663,0.044236874448315144,0.04502862650028716,0.038436550181143225,0.00011064774791064158,0.034738741329405354
0.020743581993905857,0.02231705207944379,-0.014881720115544672,-0.0034812610168755698,0.021996036478288516,0.019514105157723227,0.03553937337843338,0.02118299172800525,0.023066982998445118,0.04900372790874635,0.011388506279990607,0.011104632864547714,0.04112694196481265,-0.008937719411998335,0.04249094517589275,0.024158493482500987,-0.014349193255123627,0.027826713488369792,-0.0039963722119478184,0.021846975187662543,0.04544178786160219,0.020967733602515026,0.01700317542236246,-0.010074740204757848,0.02896409045572851,0.027410699506968284,0.0,0.029766381864218705,0.008601867932731655,0.021515597698047118,0.02342755437110361,0.018670571313708917,0.022584741713334022,0.02368986358737285,0.027546842330433474,0.016067021965156192,0.020932724327791086,0.02201448223588981,0.027430824153707456,0.037290627128240494,0.010358924984387285,0.0349243759230109,0.018390759720194716,-0.003930690865138753,-0.0016725302164059541,2.152874517657999e-06,0.03665692792246017,0.03524710468196823,-1.6653345369377348e-16,0.027984855570049927,0.031621004366990224,0.016554339562664278,0.02598592278429107,0.03697357147366731,0.023352007872829872,0.029772930151901633,-0.0011644158133550242,0.021557364594452233,-0.02338657879640893,0.039363528903801515,0.047188911375027065,4.986786256816478e-05,0.004127128168162908,0.028332495457057183,0.03628772325840107,0.052784564485095053,0.041699151512901045,0.03153949235257769,-0.0006166122763874293,0.034843968871839937,0.04028397197864958,0.037583032326662824,0.024402172481901907,0.033488293528745605,0.02655929550378311,0.02655102112049612
