0.0,0.024457141596459342,0.001664676317020941,0.0,-0.00034847527658821154,0.004892436306796144,-0.005847931497234338,0.012468523038347556,-4.5741200890847544e-06,0.012960580169589342,0.00033965509721389786,0.018142418343694233,0.004792540600612405,-0.006903444653873658,0.014469803111826496,0.026901639964625024,-0.007944654453796884,0.010134218333667844,0.0,0.009055482903501166,-0.0021222550790984673,0.017915658037101823,-0.0024726114827474666,0.012827012361869727,0.01876934740902847,0.006570962084649079,0.008065140266501458,0.02254524842724076,0.02144145140980752,0.05531941465927659,0.010290394121527546,0.028096250062851713,0.007965089867306097,0.013287815575710793,0.02976921408171429,0.0005449390644124974,0.0,0.0273913352416556,0.017485140399926435,-0.02638231167974253,0.0038519907469801717,0.022658947775390015,0.0,0.0,0.005820391299236283,0.0163023350075292,-0.0033932825030343894,0.0,0.0,0.0,-0.0024605579233141772,0.0,0.0004633274317382696,0.0,-0.00499372367191403,0.0,-0.012877927377762166,-0.003380043875649996,0.0,0.018191706909201688,0.00955586551508053,-0.04062669471114844,-0.0002741281440670207,0.0,0.05124265789903265,-0.0035502535200252483,0.011349069988493332,-0.0035510027233450203,-0.016383376656131654,-0.002852581007503796,-0.01062845156868758,-0.0038809523761931253,0.0004740122609614983,-0.000373640392809349,0.0,0.002985443255950626
0.024457141596459342,0.0,-0.006156170687950324,0.0,-0.004620214845596993,-0.012806871599882752,0.006103275289233823,0.016819673183476547,-0.020107200425072302,-0.006489312274997272,-0.0010571458152132118,-0.02745088108658711,0.005843242777163082,0.0,0.00958550396328911,0.022727465815588488,0.004237526068366471,0.01243653475903228,-0.001522604344054157,0.01043746491530878,0.008157465060696312,0.019251774408457156,0.011522924396507317,0.015408518948154482,0.013441533064886768,0.026608220893298506,-0.004415314842888873,0.0020646229376881098,-0.009226966578626039,0.02232502504139855,0.004579814100515001,0.018665261819713952,0.02590914917324022,0.010110912765629476,0.030995979254338946,-0.0070224313861452226,0.0005912627415775029,-0.0003737201562265535,0.02194167261344565,0.01855997641470164,0.02715296663253569,0.028966031615348997,0.0020724871062795525,0.0,-6.73096204924506e-05,0.0208689014046477,0.012727774891879373,0.001415479981469514,0.0,-5.551115123125783e-17,0.008129107288795179,0.013093193239013201,0.039718602267758696,0.0006699667822691047,0.0024871571915975332,0.0,-0.0038434795007988853,0.015434656314953665,0.0,0.023453890423456747,0.027719791436051577,0.003194542263068423,0.015086202665181125,0.0,0.019122592147795103,0.01410928133434558,0.010436811100725585,0.013050064725529442,-0.004216136010290361,0.017619820839246736,0.016414489527712517,0.008073695823362759,0.03567029457065374,0.022458753077368,0.0015312225626176734,0.02641038217863939
0.001664676317020941,-0.006156170687950324,0.0,0.08094596122368697,-0.0047540221866913535,-0.005865469143650881,0.0012038802467769782,0.015980308187893588,-0.009986984056510717,0.002057308187628226,0.04554301447796577,-0.023060530135291968,0.00582199429249014,0.04008675349348828,-0.0024933479643186596,-0.0021678543995315436,0.0001311749358128833,0.0016088645285903813,0.026863992492367372,-0.004909969699481542,-0.0015576751334472339,-0.0064107736742601285,-0.0029291894265456864,0.0009533218737232674,0.000617304518136963,-0.005936673125762293,-0.01316551929961629,0.0048484815198249764,-0.011277458124757112,0.0039056951905467874,0.0013346160195460977,0.012010203192611535,0.03610115600012109,0.004309163819673334,0.003243820631028793,0.037269401525935275,0.001277844163496522,0.003478213844395117,-9.374811482798506e-05,-0.003543686784390654,0.01873161566096393,-1.239578073986003e-05,0.01737888191856385,-0.001587261716097521,-0.0001315195351627163,0.0,0.002418723717029392,-0.0036148314518120728,0.0002919753255133939,0.030566664806097377,-0.007581746662042366,0.018524983422697483,0.0004580227643382617,-0.017169608507903833,-0.0011337369914352635,0.12117869310192708,7.082519654294517e-05,0.00570204822660525,0.051074775299442154,0.0012975635691304666,-0.0005120020390496638,0.0,0.0,0.1865380563701593,0.007998177464525802,-0.001287834367855456,0.00415718150458616,0.018813698686292124,0.0,0.0,-0.0017810119988966866,-0.004128694640379682,0.010059484621348758,-0.01772426952497108,-0.0012174232435946397,0.01578708318593358
0.0,0.0,0.08094596122368697,0.0,-0.02833505876368686,-0.0010343562706087162,-0.00841874963867989,0.031213580032643073,0.033382480970149675,-0.008037747476071333,0.03202916855537008,-0.004462905902418934,-0.0048969574510963065,0.011178276399987752,0.0005021670383935639,0.0,0.0002854458870724108,0.0,0.023167872624890118,-0.0006025485480399828,-0.0003599085476008179,-0.00040199810877949993,0.01457390172658457,0.001605148613760099,0.0,-0.001660228566117028,-0.002183488892113894,-0.05212731567243717,-0.0005326263065482117,-0.00020703443550529332,-0.003991872502408733,-0.004170654077814584,-0.012501434058754979,-0.0014739403149638397,-0.011136918658756101,-0.003887500741311112,0.026717359514905864,-0.0037715365793701827,-0.0010614255547909401,0.0,0.000805640025301313,0.0,-0.000364904336130345,0.0,0.0,0.0,0.0,-5.771462531334315e-05,0.0,0.0,0.00010596351280844907,0.0,0.0,0.00013511736943427888,0.0,0.00013832607856933965,0.0,-0.00010171639852940562,0.0,0.0,0.0,0.0,0.0,0.0,0.0,0.0,0.0,0.002609938240267562,0.0,0.0,0.0,0.0006264209429485135,0.00013243865124012988,0.0003191051865122363,0.0,0.0
-0.00034847527658821154,-0.004620214845596993,-0.0047540221866913535,-0.02833505876368686,0.0,-0.004832017993913973,-0.010051269344952929,0.020577258397979248,-0.014925913244547784,-0.0014961256914921561,-0.012012321618280142,-0.02110045186541115,-0.0017208329641258957,0.009373279602422346,-0.0018794253341600786,0.0037876508407754805,-0.005062374929360736,0.01905355087581906,-0.005729527150415359,-0.009548486274268908,-0.005778011639142655,-0.019653453541021104,-0.009875853979025684,-0.009297494094546943,0.03316894465091236,0.0020415778278096153,-0.018444432199215377,-0.042833730995894326,-0.0065604187011190085,0.00016305997809662465,0.009969565642284184,-0.0048601032024663815,0.007317924776913398,0.003984588658665245,-0.01568759576270662,0.017594004665479113,-0.02417365571474378,0.011025866829873332,-0.023479393047396324,-0.07325805062891716,0.0038656261992051633,-0.00631539601129838,0.006881332192778311,0.00014206483550893712,0.0019980767839212765,0.0,-0.00012586231970207473,0.02854208690208271,0.0,0.022840243181826314,0.0033499556553659993,0.01609509429621092,0.01103953020032189,0.029002326161787106,-0.0004893357258139996,0.03880596064099151,0.003222390979454093,0.0254214336997175,0.025211235307698476,0.0007106777372123951,-0.0013013740544354224,0.0,0.0,0.03738156908175805,-0.0021575339124940696,0.0,-0.000297758583201857,0.012561813390395193,0.0,-0.0002661745439789809,-0.002006220381204127,0.006898337610600436,0.018326619485046214,0.017954830129431998,0.0030467309642333573,0.02101037106749548
0.004892436306796144,-0.012806871599882752,-0.005865469143650881,-0.0010343562706087162,-0.004832017993913973,0.0,0.004598532618774964,-0.032337273737932604,0.005721289142775143,-0.010103095667563233,0.006995697539343204,-0.013936428822202862,-0.00039241596311034854,-0.008209830330966839,-0.018161693901655285,-0.015789803071639352,0.0032951339742309793,-0.013971208036465066,0.016403058062129605,-0.0040547988634239696,-0.01733760633191833,-0.0137002989169282,-0.00997700384029715,0.02491439039798149,-0.009058586597111451,0.006363796148285361,-0.02084311426095592,0.01681827793133467,-0.007417927363280341,0.009511845043074507,0.001125635766737243,-0.011593766269020811,-0.007953138307057128,0.004793881502818398,0.006141454958369041,0.0008152122502115278,-0.004641044681890638,0.0007187103177170862,-0.003306138794319513,0.005877241488373375,0.014884051881748572,-0.008850540367083881,0.015855163293020003,4.3873134997707286e-05,0.0014270037034283534,0.0035705806903639226,-0.011739701096877164,-0.002084696467836711,0.0,0.0025043903066875872,-0.017385070260806934,-0.00025358540187836454,-0.044163216928616966,0.011676057761766279,0.005815371012939052,0.010772420756743561,0.002777495514505901,0.0005951586174103296,0.005675181782243466,0.005720012991555445,0.009157922104638228,5.551115123125783e-17,-0.004133063921483049,0.019082700321665147,0.006813287687075453,-0.0048660273044465185,0.02314975306358713,-0.017372054717449292,0.0,-7.474988456834808e-05,-0.005721008297570385,-0.028718265844510316,0.0009164575022795329,-0.002218120163198223,-0.005297706415668846,0.015272750007244706
-0.005847931497234338,0.006103275289233823,0.0012038802467769782,-0.00841874963867989,-0.010051269344952929,0.004598532618774964,0.0,0.014723892899448365,-0.013231659530152207,-0.01863970423221195,0.03566641851715385,-0.02676094170918003,0.025308349256569718,-0.008393465242597542,-0.0005380017453507357,-0.004915918699586186,-0.007235767731495535,-0.0003291995551386595,0.0021133270691733874,0.0085873198331326,0.0007621225000689624,-0.016404615764142705,-0.00048093100433921343,-0.007755072950593578,-0.0011536895005187509,0.00410416873988706,-0.007133950635106745,-0.016087999940138653,0.015528877985076739,0.013147445007787917,-0.010578583476630543,0.011682476181382795,-0.010310971249999634,-0.009685945556818454,-0.028273787441909393,-0.000944975856628838,-0.04230529178706588,-0.010618370723217363,-0.00938130084215305,-0.08181434482812011,0.016677240678077188,-0.023711306741038163,0.023452162148172084,0.0010180640812603725,-0.0016954509680908725,7.472002670888545e-05,-0.00042853498326728134,0.02962619063323202,0.0,0.01614094102142616,0.010975819323661096,0.02749715326645319,0.010318201186057474,0.03526929163943149,0.0033470835497511064,0.037110552409216235,0.0034266191786366806,0.021964355378902733,0.0134361472176861,0.005966786513851574,-0.00465911335642899,1.1102230246251565e-16,-0.0005019506277474384,0.0466510738343735,0.018094629204358392,0.0057277813246727205,0.002143926173413302,0.016097170030364483,-9.80615750482694e-05,-0.0009762921024495386,0.017066056435959764,0.005356498870878745,0.026056014133127636,0.022511446651396705,0.021471741286652524,0.033122318450258814
0.012468523038347556,0.016819673183476547,0.015980308187893588,0.031213580032643073,0.020577258397979248,-0.032337273737932604,0.014723892899448365,0.0,0.004432917931623648,0.019280575118799714,-0.004043329654364158,0.02574912254835443,0.006889516216168234,0.02597273166605285,0.06586501231800213,0.028289998623119594,-0.005301720317450687,0.019194827317431717,0.028197724805195612,0.0013041216971443892,0.005849560249769903,0.0052660923094988155,-0.012913629639798863,0.02699626853189352,0.020523947299229905,0.021346692345711404,-0.028464676172032355,0.005253070788607983,-0.014547804171762435,0.013592589687490164,0.0024869723654377673,0.018986584145903374,-0.013481668063704044,0.014045866507819194,0.015140744456849875,0.04260760213501269,0.0033666171945354595,0.047278554314084176,0.021548677285797235,0.010800315451519604,0.014054797599349467,0.019884600931710072,0.031241649661300108,-1.3196559197958813e-05,-0.009180230079405438,0.0006748336065653948,0.03231516975129839,0.0012095376526561896,0.0,0.0033079556328579063,-0.050543172997241814,-0.011732850814237361,-0.05456570619899648,0.025812452348361714,0.00010788539503148176,0.029487617952637546,-1.1102230246251565e-16,-0.010380768691594877,0.004456043254036812,0.007028827350569589,-0.0030288457667441704,0.0,5.244550182248453e-06,0.028066896080945813,0.005946268710442459,0.015421181859219035,0.005758397751424504,-0.027373983273024538,0.000681800377975772,-0.001266629536705477,0.02927733538951649,-0.056214716310780455,0.001824189264044207,-0.014690791077446474,-0.006540184060404741,0.007133146216032893
-4.5741200890847544e-06,-0.020107200425072302,-0.009986984056510717,0.033382480970149675,-0.014925913244547784,0.005721289142775143,-0.013231659530152207,0.004432917931623648,0.0,-0.0028022351179760596,0.012666924668768509,-0.010991354205787174,0.01776926819283431,0.020408600217764028,-0.004050268950669511,0.0017036713389543823,0.0032201442026920657,0.01092556179002746,0.005789838357814436,-0.00011334000060642113,-0.005235093812675895,-0.028658108807156246,-0.01685190480387172,-0.0015082936570027239,0.03509046977425345,0.01960736488882031,-0.0008699800557729898,0.0029248001177196725,-0.003611465581802198,0.0044429084790277296,-0.0021316316045066896,0.0062638478279676835,0.021140065306421263,0.0017098240123278874,-0.0006229200406301372,0.0182810225336672,0.0007239046662319559,0.007699420177569805,0.027336478589199298,0.006799283330780892,-0.0025400893070874897,-0.04847678644088693,0.004266808138102651,0.0011768332782797208,0.0009611500544584595,0.0,0.0006685887532333901,0.03252571056631781,-0.0009867523057843774,0.01871491718481444,0.005265943798673622,0.01553301394986728,0.0031838724965599363,0.027327137762931053,-0.0010260717148494747,0.0358947188617772,0.00025307584026124097,0.015411315460922559,0.034461109703536996,0.006027137008710104,-0.00016617028061899353,5.551115123125783e-17,0.0,0.038686666324611596,0.003417465998537206,0.005483691998794893,0.0002008616591864243,0.01217992602643625,-0.001851984407647389,0.0009219027156696646,-0.002850171028180415,0.01578561936709344,0.004002457193625353,-0.012154891547188518,0.0029548079868061405,0.024674398989895097
0.012960580169589342,-0.006489312274997272,0.002057308187628226,-0.008037747476071333,-0.0014961256914921561,-0.010103095667563233,-0.01863970423221195,0.019280575118799714,-0.0028022351179760596,0.0,0.019553678386876883,-0.013169210016292066,-0.004997571577861182,0.06933277742564714,-0.0019905236799270254,-0.017287319926269418,-0.009024995248949286,0.009670860798945746,0.003382567752010901,-0.042264931360700475,0.012150593612344662,-0.022674474567912828,0.007139295340367002,-0.019551618064664655,0.014677986368062612,-0.003564541110692654,0.0029368458415597876,-0.025551970054540296,-0.027800234053418693,-0.00563154785115938,-0.03320237267063503,-0.016932293894908912,0.008155601342560881,0.010252664548497381,0.008735009661502036,0.002294583198785949,0.00996439650435732,0.01824747984506614,0.0034192269978348677,-0.06024492070882137,-0.020639359784719757,-0.06232338210434091,0.019185322728129173,-0.0010605531183056072,-0.03778006561158692,-0.010338670642697556,-0.000285665938838775,0.0034732227005258576,-1.1102230246251565e-16,1.6653345369377348e-16,0.006520977999363464,0.0009748898471903522,-0.0009050947737572201,-0.00028302659346612913,-0.03060568285625942,-0.0027079558289297423,-0.025566320405697562,-0.02645619932968407,0.0,-0.001615686902802893,0.0006606669608426596,-0.012521758099555858,-0.01746388348516864,-0.00012336129353218706,-0.001937868666785858,0.0001161013801666555,0.002030291007527052,0.004367116473811383,-0.012615938867913179,-0.025542778622772044,-0.017056524514304783,0.001359412250487968,-0.06726861927916306,0.0029651423242790798,-1.1102230246251565e-16,-0.011324474958083752
0.00033965509721389786,-0.0010571458152132118,0.04554301447796577,0.03202916855537008,-0.012012321618280142,0.006995697539343204,0.03566641851715385,-0.004043329654364158,0.012666924668768509,0.019553678386876883,0.0,0.007588730966011259,0.02213526721136766,-0.008247100062926338,0.0,-1.5678588666967475e-05,5.9676245793893745e-05,-0.0064732325729866536,-0.0010534487448971008,7.205673610072294e-05,0.0008282828115195873,-0.0010503049996502534,0.011764570754263848,-0.010146404986653812,0.002166088373075137,-0.0014963739155573474,0.02722787982647218,0.021537626951247113,-0.0076452236758303704,-0.010214113474530162,0.025156129092746726,0.040278551870118695,0.01507590334153236,0.024283866690498035,0.03126409098817107,0.04507599651954364,0.01577775603925069,0.014628991919956702,0.015857796409731284,0.004361219405690786,-0.0034512338634581363,-7.054614598284159e-05,0.022025142752389426,0.0015584354742540496,0.003783418844906017,0.0,5.551115123125783e-17,-0.028630885379945903,-0.00012646059004334242,-0.04485277116562525,0.017900770631361196,-0.015144197971746653,0.013673113183688468,-0.05823154895138477,0.015257107186678442,0.022331616197670656,0.0004333240020908402,-0.014606701745250805,0.028581938974122367,-0.000746254051730233,0.0,0.0,0.0,-0.060074455691544626,0.0009194604714750088,0.0,0.0013973950019636194,0.01845899702222409,0.0,0.0,0.00022635935591097667,0.029109999520734342,-0.010168191880455646,0.0031114484204202153,0.0012229289715326441,-0.00495958203223168
0.018142418343694233,-0.02745088108658711,-0.023060530135291968,-0.004462905902418934,-0.02110045186541115,-0.013936428822202862,-0.02676094170918003,0.02574912254835443,-0.010991354205787174,-0.013169210016292066,0.007588730966011259,0.0,-0.017696983274000766,0.0022427172803453632,-0.002371703653782087,-0.03286869604100834,-0.0009407166974428338,0.008179155157484186,-0.009528201398948,-0.0015590616325971696,0.0252512204885309,-0.04345618099550291,-0.006278496619512908,0.009463189104399361,0.02201036508891613,0.012656487719856835,-0.00035479389732223643,-0.02304498528981086,-0.0008327979831704857,-0.003352031194738758,-0.03390438470467416,-0.006653873950232869,0.00933033054471022,-0.002084905814501048,0.01453586566823828,0.04314558860508427,0.007206331410164135,0.01974630965796681,-0.0031177506770323493,-0.07465295557601737,-0.024191011487991687,-0.05289561402911752,0.0137724558613469,0.027360055592163646,-0.05388560874598525,-0.011680802433051307,-0.00034280647957801724,-0.00056098297466467,0.0,-6.89727619740399e-07,0.0017509800220216198,-0.02883335222372463,0.0,-0.0004784646680057181,-0.022240941876116194,-0.0009329212770564088,-0.10279402145126937,-0.05311235717157137,0.0,-0.0008587697086296919,-0.008045836997729316,-0.009155241049088048,-0.010194957245058867,0.0,0.0009132424567505626,0.00025652476931720125,-0.0005540198183998091,-0.003048816192802395,-0.03542879791136677,-0.021617717337434894,-0.008905039996930486,0.005098687058055051,-0.04672986142942792,-0.001694234224160318,0.0,-0.006891355626023665
0.004792540600612405,0.005843242777163082,0.00582199429249014,-0.0048969574510963065,-0.0017208329641258957,-0.00039241596311034854,0.025308349256569718,0.006889516216168234,0.01776926819283431,-0.004997571577861182,0.02213526721136766,-0.017696983274000766,0.0,0.007883390314263272,0.02452360156541178,0.0009822064939462027,-0.001091774672825896,-0.009499022064931584,0.009111051369917189,0.014027662946744568,-0.0067194738634479,-0.010251926119805077,-0.0004870640024899897,-0.004776920731121681,-0.0017408080894210642,0.00829684193141128,-0.00961178252188355,-0.0046532241496650695,0.02678777652470149,-0.0027043859476751364,0.0014789167807808812,0.014281382326579717,-0.0010816255117450102,0.0027012944933001992,-0.021889818364867086,0.017243305380140905,-0.004776142331950506,0.004140061232877523,-0.010586923806727155,-0.05541012281717528,0.014915503504688732,-0.04112235189763058,0.02857348419886807,-0.0028886773965046686,-0.001771134374708161,-0.00036713854085768105,0.014305031544116775,0.03141222059795434,0.0,0.023655863097508334,0.007289850184942326,0.020015385628399218,0.0011224645015315282,0.03275010996489547,-0.08642014488653693,0.035900074895865,-0.07201118081515251,0.017157563811344256,0.0033907378851047443,0.013580443657483121,0.022470873237693367,-0.0008628651744291838,-0.0006693762163581529,0.04230074636202186,0.013200355053102242,0.03083510529413841,0.02077767383974838,0.011696819709947404,-0.0004970811632151184,0.004435771770736396,0.012946321328729804,0.001025605819968023,0.023915318350775427,0.018025371551201985,0.023235177553960762,0.025502013296998305
-0.006903444653873658,0.0,0.04008675349348828,0.011178276399987752,0.009373279602422346,-0.008209830330966839,-0.008393465242597542,0.02597273166605285,0.020408600217764028,0.06933277742564714,-0.008247100062926338,0.0022427172803453632,0.007883390314263272,0.0,-0.0001422056579701847,0.0,0.0,0.0,0.014306227827617646,-0.0022632924087022666,0.005267779377114923,-0.002388705979259109,0.024009511403368877,-0.0005810894638482722,0.00012345078887598948,-0.005792906723015634,0.0011590145132877594,-0.010742216600216625,-0.009898736339284286,1.4205307341086382e-05,-0.004440853941681422,0.04315374402083033,-0.0032700964051661785,0.08204945159254307,-0.015027882994317454,-0.0008555566035825524,0.01287180304319957,-0.007734194958053442,0.004137234938768608,0.0,0.0011422497693605593,0.0,0.017178050200673534,0.0,0.0,0.0,0.0,0.03893280547672051,0.0,-0.008118521209190377,-0.0018983912819676707,-0.00593486868387777,0.056755877962098356,0.04258388799963275,0.0,0.023271641638161533,0.0008355775972129775,-0.0019832066569680507,0.06353415504055854,-5.551115123125783e-17,0.0,0.0,0.0,0.05604659457036043,-0.0013494962262854404,0.0,0.0,0.0010754245106330274,-0.0004601064093540663,0.0,0.0,0.0045074414152775355,0.0031451703575142154,0.0006248538272909387,0.0,-5.551115123125783e-17
0.014469803111826496,0.00958550396328911,-0.0024933479643186596,0.0005021670383935639,-0.0018794253341600786,-0.018161693901655285,-0.0005380017453507357,0.06586501231800213,-0.004050268950669511,-0.0019905236799270254,0.0,-0.002371703653782087,0.02452360156541178,-0.0001422056579701847,0.0,0.012711165070991515,0.03783632233682782,0.00857257460985461,0.0,0.019686221452670127,0.01180036826880737,0.016747684193723134,-0.006758499519097405,0.022284782836415107,0.013292619652053084,0.023686521081693612,-0.008471873196903512,0.04113452495659836,0.0240052001625643,0.04754426836818698,0.010400818439979698,0.027390560306621292,0.03458680809826015,0.016008322730747704,0.027712646452492884,0.0017434683942938456,-0.004878757431029723,-0.005546638655420377,0.03811696545373394,0.04016469541160572,0.03160010557502674,0.034677025790484484,0.00019154071393545635,6.745636682936595e-05,0.0022492359737724676,0.054185303226627235,0.01159675661548043,-0.0016463051782537597,0.0,0.0,0.0008592763316084273,0.003410274741341701,0.03299738602400798,0.00046670477715143877,4.348627061523391e-05,0.0,-0.0012369715078085486,0.014867283751402394,0.0,0.027609218558374726,0.025895567792015517,0.00029185014635985107,0.007448486041430558,0.0,0.022630930872179378,0.03879745743126284,0.022856081426980812,0.023046627143952447,0.0034714669489228633,0.020264759327794146,0.0225337068293322,0.016625379257217077,0.022098551167327785,0.02016093718509604,0.002771267729587912,0.02473961892188975
0.026901639964625024,0.022727465815588488,-0.0021678543995315436,0.0,0.0037876508407754805,-0.015789803071639352,-0.004915918699586186,0.028289998623119594,0.0017036713389543823,-0.017287319926269418,-1.5678588666967475e-05,-0.03286869604100834,0.0009822064939462027,0.0,0.012711165070991515,0.0,0.03555652380403079,0.05300201336389582,0.001396989581839314,0.025151691727813952,0.01850200118743439,0.04031407073206139,0.009343046305733682,0.022596394199244474,0.01259004038116679,0.015190792187063429,-0.0007232575147381737,0.010116495528853187,0.019695545612228305,0.03164217449789569,0.018374301209480692,0.02663390642865915,0.029512937570357,0.01401541285181307,0.039856469716749054,-0.007630632580955643,0.0031681344618496032,-0.002122861504649909,0.023557416277253884,0.012960162810370768,0.024821973497175465,0.03205848527978211,0.0013115592809799237,0.0,0.0,0.02157223223068988,0.011973066064304483,0.0,0.0,0.0,-0.000648797234337195,-0.011079345145422248,0.03686484029292364,0.0,-0.0007204153177762795,0.0,-0.00639212476596146,0.003267034609272912,0.0,0.0073259726989706175,0.024560547276799072,-0.007707816444387117,0.008884906676326909,0.0,0.005331506502240402,0.01662935036909563,0.011449700974448973,-0.0044517842274026664,0.012911207376946954,0.008657801488271943,0.011338423047739354,-0.012441585975348168,0.006337288268252805,0.003917934456461991,0.0003558081044724437,0.019328903102941386
-0.007944654453796884,0.004237526068366471,0.0001311749358128833,0.0002854458870724108,-0.005062374929360736,0.0032951339742309793,-0.007235767731495535,-0.005301720317450687,0.0032201442026920657,-0.009024995248949286,5.9676245793893745e-05,-0.0009407166974428338,-0.001091774672825896,0.0,0.03783632233682782,0.03555652380403079,0.0,0.03165378115338041,-0.02456790709401141,0.02261946748827537,-0.01922218808332049,0.016674900813960114,-0.001451248234723812,0.0015416605202867029,-0.0062879228302834544,0.007957958011778177,-0.0005327311500505361,-0.008099548617628183,0.010801768073734841,-0.0049028930967068285,-0.004345687422092015,0.032489376584537155,0.016968436956132593,-6.638171390099812e-05,0.029482606349913898,0.028072114988718144,-0.0002779673063443844,0.008047227551741976,0.015146371936091363,-0.02200193949639334,-0.011089783778925888,0.015503610399572654,0.0,0.0,-0.004868157021634123,-0.007421698768487861,0.020950478805862816,0.0,0.0,1.6653345369377348e-16,0.001356842804906444,0.00018687635726610807,0.0,0.0,-0.009254812379836108,-0.00033165536958873476,-0.01035040877543314,-0.0015961522034029785,0.0,0.0,0.009044798295759715,-0.0024585731063473393,-0.0100688088395946,0.0,0.0007454007254514838,-5.551115123125783e-17,0.0024239094604588396,-0.0015018654796109532,-0.014810174705847001,-0.017823324723681977,-0.013660685293919617,0.0,-0.002867227586743737,-0.0019195000130163287,0.0,0.0037644140879398713
0.010134218333667844,0.01243653475903228,0.0016088645285903813,0.0,0.01905355087581906,-0.013971208036465066,-0.0003291995551386595,0.019194827317431717,0.01092556179002746,0.009670860798945746,-0.0064732325729866536,0.008179155157484186,-0.009499022064931584,0.0,0.00857257460985461,0.05300201336389582,0.03165378115338041,0.0,0.005597682961881345,0.0045995290260816835,0.026210429613244157,0.020573777895957046,0.004953012465791662,0.005206956677957175,0.008398875780144976,0.004384911558155125,0.0024325922758950402,-0.0014700233855516887,0.013014558393760589,-0.006589990951217928,0.010719570458908145,0.0348988295623458,0.02425326152829682,0.014679064472787773,0.038433906603787316,0.003216657689763147,0.0,0.013311816448414726,0.020848518895886514,-0.0036785294262764445,0.00262358468426821,0.010952874048677896,5.551115123125783e-17,0.0,-0.00829708345810648,0.003872470232039904,0.011886396293366963,0.0,0.0,0.0,-0.00212357156094628,0.00023946479244785213,-0.0018380529203668172,0.0,0.0036284856603512328,0.0,0.008067108128186451,0.014462601733264246,0.0,0.0022916112022488,0.01726638665827185,0.0030115968912656776,0.003612664058857795,0.0,0.00047714934449416546,-0.00474665805080815,0.010243604940430362,0.010056788648038661,-0.00298417376024529,-0.0008240860791666194,-0.006528906717795324,-0.008435284772370655,0.012244645265195753,0.016537131294725615,0.0,0.008215454852709969
0.0,-0.001522604344054157,0.026863992492367372,0.023167872624890118,-0.005729527150415359,0.016403058062129605,0.0021133270691733874,0.028197724805195612,0.005789838357814436,0.003382567752010901,-0.0010534487448971008,-0.009528201398948,0.009111051369917189,0.014306227827617646,0.0,0.001396989581839314,-0.02456790709401141,0.005597682961881345,0.0,-0.000641342443914783,-0.0035248086780091947,-0.0029554433302288463,0.008989211216099913,0.000680314049682107,0.007379067825809216,-0.001103878740752351,0.003830942751205213,0.009602202289693718,-5.7003919475384635e-05,0.03481697603327094,0.011002709548139533,0.024036693191611114,-0.001469093555359069,0.014257772740095653,0.008281764523743462,0.03946563665131897,0.02196563542434654,0.022141136775405912,0.005730021627738391,0.0005592191985043793,0.03978851445915921,-0.001325244367810341,0.029782600277841853,5.551115123125783e-17,-1.6653345369377348e-16,0.0,5.551115123125783e-17,0.07552420611735644,0.0,0.025973477385942356,0.01665421067230799,0.0330110455242143,0.03440973624165777,0.048184754888914605,-0.0008758921674636433,0.11979894834770177,-0.0012025799394732584,0.0247491624189925,0.05035042592326122,-0.0008045956042287417,0.0,0.0,0.0,0.056052799122344066,-0.0005418650181682194,0.0,0.0012336486079574382,0.021085907392331293,0.0,0.0,-0.0030058648353680217,0.019929394840217052,0.026131826025537985,0.001210519227112239,-0.0007725334257294714,0.031095751833308705
0.009055482903501166,0.01043746491530878,-0.004909969699481542,-0.0006025485480399828,-0.009548486274268908,-0.0040547988634239696,0.0085873198331326,0.0013041216971443892,-0.00011334000060642113,-0.042264931360700475,7.205673610072294e-05,-0.0015590616325971696,0.014027662946744568,-0.0022632924087022666,0.019686221452670127,0.025151691727813952,0.02261946748827537,0.0045995290260816835,-0.000641342443914783,0.0,0.016992100292736678,0.01891575133864626,0.033353822144733536,0.02723258186774652,0.005296920394703919,0.026418813612665237,-0.026025692041600212,0.0027087811268651785,0.010231527169657195,-0.026771000554775826,-0.0006372997891188614,0.0023894701957901665,0.015001247625988146,0.0024750447365214923,0.01527998215363513,0.01213314089527151,0.07071109881202164,0.005919814757615438,0.027351322289551006,0.03894806596392353,0.02462227990174204,0.03178697593959079,0.06825439662156907,-0.0008864763225029937,0.0007117666270864409,-0.005371143512784782,0.016789770984477093,0.0018439913833870336,0.0,-0.0028518590501047103,0.0033112262941732973,0.0020506557936778025,0.009088895069842617,0.0013707543552445856,0.0014744266155217733,0.0004890634808788485,-0.0007209373495685734,0.013423269433451068,0.0,0.009591354944121278,0.032454707988214315,0.000651307003146806,0.013649030156989983,-0.0017090346359861508,0.015783212412036673,0.02013438672545015,0.014787368291457104,0.004982375925806137,0.00014484865615843612,0.012877265237234758,0.013832504941797164,0.006962470395053211,0.01801136457682223,0.020496781588853152,0.00754446306488088,0.016216518480327846
-0.0021222550790984673,0.008157465060696312,-0.0015576751334472339,-0.0003599085476008179,-0.005778011639142655,-0.01733760633191833,0.0007621225000689624,0.005849560249769903,-0.005235093812675895,0.012150593612344662,0.0008282828115195873,0.0252512204885309,-0.0067194738634479,0.005267779377114923,0.01180036826880737,0.01850200118743439,-0.01922218808332049,0.026210429613244157,-0.0035248086780091947,0.016992100292736678,0.0,0.020272293172479583,-0.0008867704159312706,0.027457490142904772,0.015600009831408912,0.015386701738065056,0.005232542742039881,-0.0016853447983328773,-0.009686405581906976,-0.0025327627238914685,0.006589295200124468,0.00817792878111756,0.024811810616850005,0.02022742377988601,0.03370200857370381,0.005711724314737654,-0.003670006993800101,0.018743613968109807,0.021169451897314895,-0.006524094305149164,0.017186380312827876,0.031320753536775214,-0.006513015254717758,0.0,0.0009703049759114957,0.007659636784578483,-0.010779368146845603,-0.0007253958745476741,0.0,0.00022600010354789646,0.012071436006719005,0.009350497678641823,0.038125419279635364,0.0025078151692120576,7.783490070056853e-05,0.0,-2.4609672921116488e-05,0.007304468022171273,0.0,0.004427117218560983,0.004047552642517993,0.0,-0.005080167506711419,0.0,0.010182615031555375,0.021274123569086534,-0.00303916827159173,0.005122954757678488,0.008842160337040994,-0.005046857877780142,0.000352122013518974,-0.0011737136218870625,0.011762914936016,0.024433703577788846,-0.013358544925174298,0.005766200889781248
0.017915658037101823,0.019251774408457156,-0.0064107736742601285,-0.00040199810877949993,-0.019653453541021104,-0.0137002989169282,-0.016404615764142705,0.0052660923094988155,-0.028658108807156246,-0.022674474567912828,-0.0010503049996502534,-0.04345618099550291,-0.010251926119805077,-0.002388705979259109,0.016747684193723134,0.04031407073206139,0.016674900813960114,0.020573777895957046,-0.0029554433302288463,0.01891575133864626,0.020272293172479583,0.0,0.014398371424134138,-0.02556890025325803,0.01858982575647883,0.014901858782579602,0.002869322595185353,0.0018514414472635687,0.011588177281408651,0.018329347194078083,0.0005149248506802762,0.01765070479407127,0.027954488648572196,0.013444905720769229,0.023353490033636404,0.01415810946816487,0.03220205759083272,-0.002576856630384705,0.027993030420670473,0.033040661652890435,0.029867995754481957,0.03584125191459808,-0.00524301212250633,0.0,-0.0025773336820234527,0.02840999553952911,0.01401460502225993,-0.0013596436322942385,0.0,0.0007064294011117078,0.012898396845472615,0.012488784327294333,0.013762917719955636,0.0032457346991491276,0.001089347964820575,0.0,-0.00048384004079493614,0.01480941559043858,0.0,0.020782008608731917,0.0270525114912481,-0.004568328747267203,0.021194833337101926,-1.1102230246251565e-16,0.012927266151604444,0.0317814388474269,0.016005460951094563,0.015841629820661063,0.001948769649397275,0.016132976084431594,0.019603829298441067,0.01161953536059046,0.028017788252796882,0.027039427970722174,0.008264148477843514,0.023970934570681113
-0.0024726114827474666,0.011522924396507317,-0.0029291894265456864,0.01457390172658457,-0.009875853979025684,-0.00997700384029715,-0.00048093100433921343,-0.012913629639798863,-0.01685190480387172,0.007139295340367002,0.011764570754263848,-0.006278496619512908,-0.0004870640024899897,0.024009511403368877,-0.006758499519097405,0.009343046305733682,-0.001451248234723812,0.004953012465791662,0.008989211216099913,0.033353822144733536,-0.0008867704159312706,0.014398371424134138,0.0,0.019621458088944166,0.00870038011916835,0.03088548431612209,-0.02207847702522986,0.0027980926428041175,-0.006529964265570842,0.008351612504445716,0.003871705214907928,0.0020236573110690714,-0.0038361483587304734,0.009075140711096719,0.02078465739850388,0.004854284863811065,-0.008061335345701415,0.027546644691745004,0.013000856372980207,0.038302198092399264,0.017465745658638343,0.028322823455709023,0.012574632333940294,0.006176446222646792,0.0048604925852120395,0.0012316170079318955,0.011621215645387983,0.050876334134211,7.036524015036072e-05,0.020643119675073818,-0.01237176016059427,0.007908358950428296,-0.026388851742231878,0.021789871827296747,0.014150579495847193,0.04904946808414318,-0.015571859598151161,0.004095639503206683,0.03079872034503761,0.01785468873401569,0.01438657767315854,-0.0011883514362088787,0.0016008770521426796,0.06922055879525657,0.012935774701768876,0.01875519669175768,0.01875874903300573,-0.004097099079726774,-0.0005672403579496943,0.0052215426919239305,0.027323004352156288,-0.016691800692868575,0.00996542855429472,0.006641201268702379,0.01330603287832155,0.007516726062233858
0.012827012361869727,0.015408518948154482,0.0009533218737232674,0.001605148613760099,-0.009297494094546943,0.02491439039798149,-0.007755072950593578,0.02699626853189352,-0.0015082936570027239,-0.019551618064664655,-0.010146404986653812,0.009463189104399361,-0.004776920731121681,-0.0005810894638482722,0.022284782836415107,0.022596394199244474,0.0015416605202867029,0.005206956677957175,0.000680314049682107,0.02723258186774652,0.027457490142904772,-0.02556890025325803,0.019621458088944166,0.0,0.0018253309571316656,-0.006320521054355099,0.02206126329053243,0.01273315677874226,0.012150657871566495,-0.0021515227352587596,-0.012353399853537395,0.021608635092551343,0.018718677845005915,0.02059166065716006,0.03915983277783741,0.031639532254727376,0.0017445911349149301,0.02659660863812413,0.01144732756860517,-0.09195863438821039,-0.015808277810115068,0.031282394765832555,0.01939829173148011,0.0007750709770221187,-0.02277883340760889,0.012755061368131926,0.01894104086788284,-0.0001509356921849947,0.0,0.0,-0.019193955362112824,-0.06715790696484825,-0.00011419215812502603,-0.003250530306693644,-0.03877615831508813,0.0005794041822165807,-0.02096398117429532,-0.0032685192901250604,0.0,0.0017420486186343065,0.01344935018583815,0.0030147824605611384,0.004732375085584495,0.0,-0.0001520215584921436,-0.0035224073138300227,0.002204906053414779,-0.0038051659557672424,0.01697739980822094,-0.010139011482712679,-0.008058067723454576,-0.0008071059137202963,-0.0047733214641936805,-0.0034598955150317856,0.0,0.0010339004066681756
0.01876934740902847,0.013441533064886768,0.000617304518136963,0.0,0.03316894465091236,-0.009058586597111451,-0.0011536895005187509,0.020523947299229905,0.03509046977425345,0.014677986368062612,0.002166088373075137,0.02201036508891613,-0.0017408080894210642,0.00012345078887598948,0.013292619652053084,0.01259004038116679,-0.0062879228302834544,0.008398875780144976,0.007379067825809216,0.005296920394703919,0.015600009831408912,0.01858982575647883,0.00870038011916835,0.0018253309571316656,0.0,0.0082842929321843,-0.0028853634219013213,-0.003585981131685456,-0.007629322574741582,-0.00608693194765092,-0.0006731980877354715,0.02413797795028172,0.019761700869222965,0.010487516951023845,0.036067107327282744,0.031754203331840314,0.0007755561492634455,0.023865885087332284,0.02276872945382874,-0.006213135105355483,0.007933893647861567,0.022785474608064515,0.0008807232256080044,0.0,0.010110095673551867,0.016765119720452637,0.02112309831028869,0.0,0.0,0.0,0.015120314488552167,0.0014697488865237363,0.030645478171930862,9.879558335068594e-05,-0.007440501262177601,0.0,-0.013382237764750948,0.006096244455871924,0.0,0.017622004750872722,0.025962238604158805,-0.004479834009489703,-0.0016228115052025482,0.0,0.007469397519588361,0.020541871328799255,0.015610867410770168,0.001758322209921337,-0.01702832707792784,0.00014518588220635564,-0.005132826753732889,0.014925489439157336,0.019520393076149778,0.011719967993605807,0.0,0.00842471783629678
0.006570962084649079,0.026608220893298506,-0.005936673125762293,-0.001660228566117028,0.0020415778278096153,0.006363796148285361,0.00410416873988706,0.021346692345711404,0.01960736488882031,-0.003564541110692654,-0.0014963739155573474,0.012656487719856835,0.00829684193141128,-0.005792906723015634,0.023686521081693612,0.015190792187063429,0.007957958011778177,0.004384911558155125,-0.001103878740752351,0.026418813612665237,0.015386701738065056,0.014901858782579602,0.03088548431612209,-0.006320521054355099,0.0082842929321843,0.0,0.024632609138840855,0.005619621019303911,0.0028629057465394125,0.038601759920152134,-0.00289305072416024,0.020225560381819552,0.011394852041855363,0.0036333396642092564,0.023682419199435978,-0.07889383422890167,-0.002754145957935883,0.018539101422199222,0.016194169754588317,-0.013972504697912447,0.0096559768704359,0.01982064033513503,-0.0022017965614681834,0.0,-0.01979149561723803,0.01249153989487567,0.0050536402223566035,-0.00045227383981805147,0.0,-0.00045307900749430585,-0.0015517589702805923,0.00474582226540643,0.04476846909863208,-0.0039035091400801414,-0.017024093944273178,0.00023943100672135786,-0.01723932454741517,0.013202846247378552,0.0,0.02155866956857777,0.015790118680158005,-0.008189840739576681,-0.004777182107389699,-5.551115123125783e-17,-0.0021526941890579465,0.012259225357483694,0.004677825699801019,0.017742689694053848,-0.018382692309931725,-0.007164040565520835,-0.00292403223853821,-0.0007478954594292708,0.0009638319759537328,0.00659354839832188,0.00013829548075333653,0.00894877429119384
