0.0,0.057083926799725127,0.002736650580409561,0.0,-0.00031155836931495706,0.04651675215810175,0.009922037227143188,0.05293664722779079,0.004872873252624532,0.04640309436466755,-0.00035835770550229906,0.032755487387372495,0.054613886795623845,0.002711771783693917,0.034887749596040685,0.026613746265919058,0.044454347222917245,0.0395381697779727,0.0,0.06355039658006806,0.059649908940868634,0.04314684108956879,0.052699871635724205,0.049926756010629625,0.05276457850922839,0.01887056873126286,0.0619363868590489,0.08022372153595242,0.0670954962660279,0.047424482825284164,0.066204497338814,0.04407432243783971,0.05677687966900663,0.043573391025248875,0.04843387851384079,0.11875672840721047,0.0,0.006995529216696883,0.0544475188519008,0.07035077477980323,0.05989813582850967,0.046644231474766984,0.0,0.0,-0.0001419079637873244,0.09157950659028558,0.06873304046084139,0.0,0.0,0.0,0.05609224706400723,0.0,-0.0011368810320646072,0.0,0.07449186257721341,0.0,0.06933644705992964,0.0007780561700566069,0.0,-0.018167648569218098,0.05980119503744097,0.006375513691199819,0.053203476397705896,0.0,0.004723048848861489,0.03401410601531718,0.04379263920891091,0.015370045842344804,0.07161582343077544,0.060382161646716614,0.06203660743645967,-0.0027250989380139257,-9.778055776316075e-05,0.042557364050174185,0.0,0.12001182487883683
0.057083926799725127,0.0,0.03416668726277794,0.0,0.02672447262967642,0.023967226482931647,0.013062866501203918,-0.0028923009732816918,0.02070017169534777,-0.01018635409642249,0.00016182003496373332,0.0019385226271831368,0.010333418670305239,0.0,0.04480006958386701,0.013591369050387214,-0.006819443031123695,0.014094694961407361,0.00010569132264443004,0.023698357308129248,0.05109392377664801,0.017983630800147588,0.032164821170583835,0.005054340793875123,0.028859964195557974,0.029741924173794454,0.013963073043111451,0.024702014467189226,0.024922722940601383,0.006904504948155532,0.013787360798810988,0.009741188212448126,0.030039808497822562,0.01757321533277434,0.015722736928184655,-0.005059005020809859,-5.183585065893226e-05,-0.0008636604774043821,0.06065193807024383,0.044159828225730335,0.05513937686370585,0.05195527768616154,-0.004789179275390576,0.0,1.388481433223232e-05,0.07180503651126668,0.039378854738372104,-0.0011629991653244742,0.0,-5.551115123125783e-17,0.03440359813376165,-0.0017178359774679963,0.052356193615989866,-0.0008309037489976356,0.0030958261967641842,0.0,0.0019870081303219878,0.03424942492739835,0.0,0.052284391644474626,0.04357357901450881,0.0035086534528463997,0.04896532287011335,0.0,0.04499922965056008,0.054269874425678766,0.03998563275087169,0.04442810103548128,0.007929230296561285,0.05544607499306009,0.056801778212762166,0.03232090583997349,0.02952830057336925,0.03272735773565599,0.00042178076857729563,0.045187107625976164
0.002736650580409561,0.03416668726277794,0.0,0.1180947355645608,0.03423986567006382,0.028823632503579333,0.028018286552227933,0.02164341695287708,0.04083273214106814,0.04253413614491619,0.010670975228026292,0.027396663553817258,0.03819333723182672,0.014582221432440534,-0.0013776729806386223,0.03855737217689181,0.032205130397412796,0.001694380846950616,0.006123532826671885,0.004281464437259019,0.0019038283473515327,0.04230714826198739,0.042442523599649784,0.0009149995036399905,0.02471634856561017,0.03947120193930331,0.021865040113308143,0.04328925302786951,0.044421922003089365,0.04700991639680335,0.04579724220106052,0.0449278357475143,0.019042536864144255,0.04752103222279136,0.06509825765214217,0.0517429647601621,0.05716293195803196,0.03993304989185387,0.023430592605483413,0.06772053856996291,0.00945923155127304,-0.0015292711153185312,0.009353371787579223,1.9860341855026942e-05,0.00021229291832364217,0.0,0.0002858858341899806,-0.022654417776516333,-6.0229476182671604e-05,-0.0036235341952943756,0.02687669551866334,0.016067747269163157,0.000270530286092141,0.02141883969260505,-0.04000421953920108,-0.13962902709805103,0.058649172986717735,0.003906736162814561,0.01568710045553512,0.0024040318391240767,0.00010561719406276815,0.0,0.0,-0.10050106540952147,-0.010235595535108444,0.001217404780793574,-0.004709369544113218,0.030003511030839203,0.0,0.0,-0.00040824565274194535,0.04894112909634929,0.02096737786808689,0.021805166392037667,0.000667773252308046,-0.0013382587043092586
0.0,0.0,0.1180947355645608,0.0,0.05344299203210867,0.04695993562317369,0.049519294533460434,0.03444230376432261,0.06786985061118556,0.01523771166261162,0.057606991926548334,0.00419737623225952,0.09557506297605911,0.037618089972004,0.00032802204283377545,0.0,7.09123275858814e-05,0.0,0.09932054950098607,0.11738892375367427,0.00026761478047254705,0.0032729533449569193,0.10947381972087178,-0.0041725852864509805,0.0,0.0014901158983011698,0.06962934546481253,0.06912801124593293,0.059383473399942543,4.2707634901328895e-05,0.08656575275119543,0.07975104255503485,-0.00498514753453938,0.03643813595363221,0.0927506007987487,0.01879143185532206,0.01458774263047391,1.0496139119298142e-05,-0.00042999354948214386,0.0,-0.0001661896484924097,0.0,0.00043484765547047166,0.0,0.0,0.0,0.0,1.1905532238509764e-05,0.0,0.0,-0.000567963853887965,0.0,0.0,-2.787238397583547e-05,0.0,-2.853428535426472e-05,0.0,2.0982339489994395e-05,0.0,0.0,0.0,0.0,0.0,0.0,0.0,0.0,0.0,0.0013320523657776584,0.0,0.0,0.0,0.00042144365871588096,-2.731981059189703e-05,0.0008897257220599197,0.0,0.0
-0.00031155836931495706,0.02672447262967642,0.03423986567006382,0.05344299203210867,0.0,0.02790575251599381,0.035668255535524995,0.05156825076452387,0.02457308156631871,0.0645810831701712,0.026866759444597488,0.057744122402133446,0.059478180885817244,0.052586262793880734,0.0006203084929605196,0.028093464721939687,0.03305035001277867,0.04384726074500522,0.03555724646560815,0.007474570327659691,0.0031406432697655973,0.057379534839279545,0.04744802254111713,0.06747384787928051,0.029482318026644583,0.07802587591670485,0.03229027197876455,0.07544809615293457,0.028466724714008962,0.04183102304952141,0.052287949427403946,0.0453780530698602,0.03447935440304234,0.06253679465387346,0.07704560856319731,0.035192787726041896,0.043778261081211745,0.06776052206621275,0.032055732989895835,-0.0011890995767914192,0.027515061766356208,-0.000152896706977379,0.02989050548937866,-2.9305526457079623e-05,-0.0006528295880094959,0.0,-9.308653117784393e-05,0.04256470336959761,0.0,0.021079506935793857,0.03478856558722032,0.015530092356865755,0.0240955746944026,0.03909529437279613,0.001588470451472812,0.013467903962956496,-0.0019967989591613278,0.019740614587737904,0.03237711620286715,-0.00020022653134726953,0.00010253051742598052,0.0,0.0,0.019353625628929838,0.007412954553089768,0.0,0.055935883313006585,0.03532897395664503,0.0,0.00013990175684802653,0.0011311919799464332,0.04111456955025683,0.03389164969832903,0.03643369951324332,0.0013484599585077417,0.015332812743237834
0.04651675215810175,0.023967226482931647,0.028823632503579333,0.04695993562317369,0.02790575251599381,0.0,0.020050591669849405,0.04103185010220661,0.0041629614777810575,0.026059661378194765,0.04459984686477719,0.0407614496146419,0.026400259788366687,0.08602326532697235,0.03955520996352008,0.047291659692242416,-0.0043987604347633935,0.0467121057701636,0.015679583078598403,0.02296207344203588,0.05566867657234276,0.038310677463084364,0.03234297641835138,0.03576836125038402,0.02552652830893759,0.0037758395284411272,0.01895957230153833,0.029030142674996706,0.019438272211687202,0.036859260198042976,0.027313057335296598,0.034882804395616696,0.023232529935085455,0.03233164952208195,0.03347658790452196,0.05635331465820931,0.051739751708863246,0.03255105008120762,0.04431059844119212,0.036344953676026526,0.04389315346643319,0.03156267531952395,0.00576483939478728,0.0037025529218996933,0.009192667128149978,0.0006686555682486328,0.03335960402560362,0.029081532947750954,0.0,0.017117046929651547,0.026141470345979023,0.028529162882329873,0.04001708903434942,0.03188009800459257,0.0052624679363799665,0.014724856523592456,0.026801980053747898,0.021252620652142507,-0.0027442284059950306,0.047420223200570655,0.033547884399019345,5.551115123125783e-17,-0.0033848015725992386,0.015732893770132983,0.03741170367873392,0.04609772386688288,0.037847094754068,0.03220821515122185,0.0,0.03331281504977729,0.03614710798797782,0.03652984098925305,0.03510236132735556,0.03762619880890972,0.028152873079556384,0.03348649655137792
0.009922037227143188,0.013062866501203918,0.028018286552227933,0.049519294533460434,0.035668255535524995,0.020050591669849405,0.0,0.03199511245196257,0.02197211786099823,0.052763921903119904,0.030844357479497986,0.054102737096725195,0.036080470651248975,0.052768368502612406,0.008385025508933719,0.031192886338413217,0.027394219905066075,0.021439545896265233,0.02849296596431372,0.021445330933008655,0.043639248509903084,0.026499641319800593,0.03587621126146334,0.06228432722464561,0.008365735367250049,0.02303883351202074,0.028907769076106593,0.05680851745366344,0.0216817754333814,0.03185921357864274,0.04120386108797108,0.04445364860683393,0.04992323342596233,0.04672712584046945,0.0917742507077628,0.031759820285605866,0.02950054260289392,0.04893150807338792,0.029893878625562642,0.0008428993721978362,0.0469959862366639,0.008445735672477528,0.011152939707836762,-0.0014958298694534022,-0.0008999300983457137,-0.00012319798535259663,0.0019697769103817486,0.03374963183661406,0.0,0.010735320169595441,0.027738946037524803,0.03754990818373771,0.020264047244268446,0.035183263650163,0.000282562511297213,-0.00021361887559712134,0.0014638061149547799,0.02105908921653632,0.03177106866361179,0.0037322892944673947,0.0018073802564338992,1.1102230246251565e-16,-9.13993001307456e-05,0.007067414877600431,0.03920312990534852,0.0020462824379494093,0.0036655279772619953,0.026116002502214908,-0.002149584121599213,0.002173426763493469,0.037199721870771585,0.03439560642174799,0.027173089222061075,0.035357928495144963,0.005333866931253262,0.02515048473414494
0.05293664722779079,-0.0028923009732816918,0.02164341695287708,0.03444230376432261,0.05156825076452387,0.04103185010220661,0.03199511245196257,0.0,0.02134320072137119,0.029543551439673077,0.0159211491541304,0.029655819237040415,0.038278251487135095,0.050547684299928286,0.05980380672267821,0.00598118903768452,0.005202874706999094,0.02435119052110779,-0.003994839534129213,0.018323299726340614,0.04878709942191456,0.02046621030584833,0.038529407633419,0.04096509248845248,0.025367900726283865,0.038440987728202536,0.04993175802518385,0.04576436123894534,0.032399328758122514,0.029139542573882182,0.041534724378229027,0.03611601534587372,0.01607265937483726,0.03942915543174208,0.036876628927805744,0.04427455101888211,0.053232775749736394,0.0042692162223259,0.052806768765315204,0.001074491202840533,0.03936496051914262,0.02705059097340423,0.055595672703945276,2.722222662177032e-06,-0.00015758601763810054,0.0022078925857443865,0.0028793839520813713,-0.0005403135355417366,0.0,6.269151070881218e-05,0.048433208792785176,0.038545139533124995,0.0973339353500432,0.03288620590566238,0.015127361008780815,-0.009073556360984059,-1.1102230246251565e-16,0.035252199348590585,0.00375305666673581,0.046212647808760055,0.006107821429894078,0.0,-1.1348329326477113e-05,-0.01636596383224398,0.05779120814259553,0.058215336142181606,0.008080292761430963,0.05701332076182314,0.00036016851057490973,0.00240390046283373,0.06308674628146921,0.0525047954628759,0.04880818753187072,0.057085626597289496,0.018279586426180328,0.024445217603780378
0.004872873252624532,0.02070017169534777,0.04083273214106814,0.06786985061118556,0.02457308156631871,0.0041629614777810575,0.02197211786099823,0.02134320072137119,0.0,0.04446934991421314,0.01385707724526325,0.04269263788168465,0.015417494530785836,0.05684847770350221,0.00039382777870250463,0.03771130142563711,0.032057531069874745,0.029198876259818596,0.007663772135893532,0.030769409526807734,0.00669275521812146,0.04003439709155615,0.03428736085381989,0.05547211170963823,0.011403822285446674,0.049044270547803026,0.009460050989038515,0.03469431085045349,0.024886995171171378,0.030954396815122853,0.037159827564821335,0.031139602108181008,0.023226809336037213,0.03912230734420197,0.04304566602331472,0.04842245437123366,0.043969902906181135,0.029394283005813537,0.029124136634604114,-0.003020234674171396,0.02973726315078873,0.038690713659086495,0.02238787433336792,-0.001056255139054274,-0.0004854471669410998,0.0,0.0013808810513727399,0.05207002440067876,0.001009474996012838,0.022655555727825072,0.022149080782166153,0.019205010960211766,0.011066576783929971,0.026825252859818294,0.033644263291764176,-0.017882632506397933,0.04203143525626768,0.007763828946424134,0.02543444301523623,0.0026117398725519214,0.0008667975323562449,5.551115123125783e-17,0.0,0.005501480065549846,0.007507852713026675,0.0011707612910962228,0.027025610991703142,0.016659634966654346,0.0006298523853640603,3.188562126310579e-05,0.02468873669663174,0.02817470890792717,0.020831339939944238,0.021778548995157077,0.02548168664764261,0.019498713870241158
0.04640309436466755,-0.01018635409642249,0.04253413614491619,0.01523771166261162,0.0645810831701712,0.026059661378194765,0.052763921903119904,0.029543551439673077,0.04446934991421314,0.0,0.039388988729006036,0.06548697014200239,0.039710528815797674,0.08428006232722002,-0.0007670216172898647,0.007961805460987514,0.01908107835744144,0.01632662871318946,0.04068967452690092,0.015576493717689655,0.028678660062047223,0.0232664391884998,0.03665321535032884,0.030885492718621954,0.03260148855063083,0.07194965507405715,0.022410163670127825,0.036254326709417695,0.016998142106924408,0.0790149788188087,0.040802275784951436,0.04824217639008538,0.02051119467573037,0.021020780839091813,0.03516319817474872,0.07377304442181704,-0.02034931309619359,0.0242079433464073,-0.011098620266786208,0.058255115247654754,-0.006784211725859468,0.0026791727816731226,0.03805880141326806,-0.0010113507696746793,0.02976043726130223,0.007057987956994749,0.00025500319771870616,0.0011515046338204105,-1.1102230246251565e-16,1.6653345369377348e-16,0.03271321133013583,0.0025800413319159166,0.0009636447080122457,-0.0018100076325539005,0.05941410759945809,0.0010729698184238634,0.04824451771549543,0.0007799023209921208,0.0,-0.000129774835092189,0.04974972187061222,0.04497226351827094,0.04661171950309423,-0.0004993894320695635,9.753058312356178e-06,0.0004841843204177465,0.00287807940935747,0.03101915403395139,0.04397311942097293,0.04926987828276408,0.052421572816359285,0.032908874495378715,-0.004793872136019617,0.0023966980354689915,-1.1102230246251565e-16,0.046764063477958806
-0.00035835770550229906,0.00016182003496373332,0.010670975228026292,0.057606991926548334,0.026866759444597488,0.04459984686477719,0.030844357479497986,0.0159211491541304,0.01385707724526325,0.039388988729006036,0.0,0.04853478703942593,0.034961449400670475,0.010743339461459889,0.0,3.2342225531611923e-06,0.02601214297880433,0.038613694770059936,-0.002849590763477128,-1.4864062444774895e-05,0.005377457079707715,-0.00035549749800112274,0.029492484500404703,0.05081423572516547,0.035762251074103524,0.04094859289964048,0.0076407606327761335,0.04243373236831621,0.05614741879988622,0.00979866303104765,0.04838281811049239,0.053770167981417705,0.03953809146332954,0.04618220337360712,0.041952943419945155,0.026478989891367433,0.05746514331314784,0.028704696367327975,0.003942251064646851,0.00031673843267454593,0.0455179562674371,0.0011860588576292352,0.026038853382520155,0.0005964380168295147,-8.486034333365922e-05,0.0,5.551115123125783e-17,-0.07546849259230365,2.608663962483382e-05,0.059815076135362244,0.03347180437708308,0.015965120764066865,0.0038900174396033216,0.056916690552915206,0.0015823049227567387,-0.05310362111437439,0.001888761918379056,0.012181445358009801,0.038524727609530185,0.0007883209964436588,0.0,0.0,0.0,-0.06899945743200864,-0.0009898446887732781,0.0,-0.0013454204130906033,0.018598528464490394,0.0,0.0,9.56990142608749e-05,0.033952605123206525,0.02533358955185777,0.004227813831022387,0.0006562122621192046,0.010366346353037403
0.032755487387372495,0.0019385226271831368,0.027396663553817258,0.00419737623225952,0.057744122402133446,0.0407614496146419,0.054102737096725195,0.029655819237040415,0.04269263788168465,0.06548697014200239,0.04853478703942593,0.0,0.049540410091149845,0.0037899274822686957,-0.00043920535131791727,0.01829269806320094,0.018244112411056446,0.01621789870456336,0.04027938678508941,-0.009728204680060137,0.02420599162543302,0.021394382574833448,0.032120269848119665,-0.0007940818947960171,0.027289215864062244,0.007421220350165347,0.03720682369662154,0.05215529559041726,-0.00058887322808443,0.002268402657549795,0.045568286798058966,0.03465042632200316,0.020297932278638353,0.03579494465380095,0.03665436869463884,0.08442200948805245,0.01589589673165359,0.005759944174422216,0.011760037990601213,0.071583771022876,0.032111895263828794,-0.0017677409387551468,-0.000827023372671043,0.000955004385560676,0.056757073528041324,0.06361938420853025,0.0011387258998422634,0.0006897600836666129,0.0,-0.00042997466022359765,-0.0028863472494909392,0.001235812264443359,0.0,0.0017567919124812925,0.05062231866392236,0.0006905336189490519,0.04591943215819888,0.07875279060048984,0.0,0.0004976931811832008,0.06990608423629396,0.042563933323452874,0.042163721374597285,0.0,-0.0005820708684785569,0.00029708037705955537,0.0032296554669339894,0.0006491216057945559,0.018926646516083,0.04714673841584044,0.04116704853404912,-0.006099079276181474,0.00605248601911218,0.00222681943953168,0.0,0.012060887694802624
0.054613886795623845,0.010333418670305239,0.03819333723182672,0.09557506297605911,0.059478180885817244,0.026400259788366687,0.036080470651248975,0.038278251487135095,0.015417494530785836,0.039710528815797674,0.034961449400670475,0.049540410091149845,0.0,0.07908619235242581,0.008810404513947045,0.02712034686312459,0.025254632956893452,0.024998967522159188,0.03296775888650327,0.01838053888964314,0.0449686614257217,0.029297436284791867,0.04629450192908807,0.04746344849490558,0.016436124783782757,0.027819967205630403,0.037031494005932086,0.04595412720982478,0.025640748785809353,0.05938399280000217,0.03498153591308156,0.042390302879275865,0.04992691210938338,0.04341539952165768,0.06271186841966009,0.042432760053379814,0.05063547576583566,0.056314285880334713,0.03387021132699364,0.06135914448827917,0.05073386280108644,0.03841228032508981,0.016436850387260116,0.004690055196362342,-0.0005507082871890057,-0.0005370845870396601,0.03349723185632586,0.024610625775333905,0.0,0.005755428652223338,0.02997767076952529,0.015474112438201626,0.03267026898621184,0.022706092612535422,0.0016671036640007464,0.005823389754479269,0.08069193206246522,0.020940866592724428,0.0008525041110647447,0.010516512989951765,0.033381437483572085,0.0018810878640495576,0.003088682170901247,0.012357242628566634,0.03269315202387263,0.013720874929865012,0.03764502002737197,0.030794916119647242,-0.0013111245835575325,0.0373894749694455,0.037369454238479594,0.03051200881529903,0.031323019055386925,0.0316097202345752,0.024050120425085808,0.027799533532124276
0.002711771783693917,0.0,0.014582221432440534,0.037618089972004,0.052586262793880734,0.08602326532697235,0.052768368502612406,0.050547684299928286,0.05684847770350221,0.08428006232722002,0.010743339461459889,0.0037899274822686957,0.07908619235242581,0.0,0.008823741526232332,0.0,0.0,0.0,0.007071840138574204,0.009331283931326873,0.003181680168423129,0.0028016408526666536,0.0305854626527427,0.003140593176456319,-2.5465769531163307e-05,0.01610060251511941,0.09846983209328258,0.07755874396677886,0.10476442423847199,-0.00047738006259845367,0.07148364495273613,0.14980881769945104,0.13916088455936715,0.076830241449729,9.779235378948314e-05,0.010037427393344345,0.020359695192744387,0.002088289947707933,0.0457592923062779,0.0,0.12882506310166658,0.0,0.023806138314592218,0.0,0.0,0.0,0.0,0.026170776258705897,0.0,0.027467347750770532,0.032218269834580315,-0.007219028735346467,5.061489900459737e-05,0.02675758982533083,0.0,0.009719385123320545,-0.0004553576110405966,0.004827983376804401,0.036481727419740595,-5.551115123125783e-17,0.0,0.0,0.0,0.023012075703383594,0.00027042564572388184,0.0,0.0,0.03251796585366218,9.49120203046494e-05,0.0,0.0,0.030716731807665876,0.003114660479690945,0.0017268973696446532,0.0,-5.551115123125783e-17
0.034887749596040685,0.04480006958386701,-0.0013776729806386223,0.00032802204283377545,0.0006203084929605196,0.03955520996352008,0.008385025508933719,0.05980380672267821,0.00039382777870250463,-0.0007670216172898647,0.0,-0.00043920535131791727,0.008810404513947045,0.008823741526232332,0.0,0.03510577408469595,0.037874687392804696,0.040022149915140026,0.0,-0.004547723406669979,0.035115115274801434,-0.0018244194352525223,0.03459725664167962,0.0074528725666999085,0.05743375208752166,0.015675982863351867,-0.0028376943243089703,0.018673451716293643,0.030643677519558987,-0.022874344747286224,0.026046877039396732,0.0300216704627857,0.05105927509921232,0.026490881786945697,0.03358754110291845,0.03894940305135197,0.003226463295940285,-0.0007680150610029357,0.05249356334228078,0.05070518939315111,0.05296085105615833,0.046400542040358594,0.06030127055183765,0.00015864131618725796,-0.0023089295222225026,0.001766615110387726,0.055917624707232105,0.0002675197364547799,0.0,0.0,0.06262644855804989,-0.00045884303515975056,0.04221942627708708,0.000839098736387045,-0.00021743543374641572,0.0,0.08108578237186326,0.03353404773135649,0.0,0.056704196729756795,0.05588501975198357,-0.0003586242183747923,0.019331735813722384,0.0,0.06525309109028626,0.044823376114988156,0.0666119931184429,0.04943774157577496,-0.0007237428549372593,0.04515461598362913,0.054487693431743756,0.0489979164712786,0.04346136998871031,0.0494830902818561,0.03182075928152628,0.045623710545336926
0.026613746265919058,0.013591369050387214,0.03855737217689181,0.0,0.028093464721939687,0.047291659692242416,0.031192886338413217,0.00598118903768452,0.03771130142563711,0.007961805460987514,3.2342225531611923e-06,0.01829269806320094,0.02712034686312459,0.0,0.03510577408469595,0.0,-0.0011413256126260873,0.009050968422470385,-0.0008345386177256442,0.009180565663739926,0.036682347549523375,0.0014045441573344863,0.03852321623126387,0.029214907083975172,0.004783250957829777,0.016699187277960936,0.02207834525375585,0.027576334439612826,0.02960360997073974,0.012194748172465797,0.00021879714061850963,0.0244762001362393,0.001883919122657618,0.013340679514704912,0.0163261175976121,0.005084400983242199,0.00022988489246900112,-0.0025265564177428534,0.04633678770701716,0.02131955523167156,0.031128837389133024,0.032679282785569364,0.0016346829220590942,0.0,0.0,0.06408653133049441,0.028477117005021146,0.0,0.0,0.0,0.04848873023152439,-0.0010340444475392396,0.0034625305480097124,0.0,0.056353561036670885,0.0,0.005513667038076764,0.005695900988958835,0.0,0.04010347837199657,0.029115423416646746,0.007806745963850392,0.02346174420349334,0.0,0.0532595229025668,0.026926740877470212,0.03181522810850912,0.04391744834458816,0.01375498879809739,0.03240068874619134,0.047763518628124835,0.0368942789489739,0.05039231592544874,0.03583712395416194,-0.00011281151133779588,0.02547003858820901
0.044454347222917245,-0.006819443031123695,0.032205130397412796,7.09123275858814e-05,0.03305035001277867,-0.0043987604347633935,0.027394219905066075,0.005202874706999094,0.032057531069874745,0.01908107835744144,0.02601214297880433,0.018244112411056446,0.025254632956893452,0.0,0.037874687392804696,-0.0011413256126260873,0.0,0.022155480424237706,0.023017779528974047,0.02306883008978544,0.011250863914367804,0.020815930741832134,-8.766331390802629e-05,0.01758823655630859,0.017711152362428706,0.007794137798377232,0.005590927227036135,0.02602560846897556,0.01700523347048094,0.015877049463420112,0.017272986861651796,0.032270010003322025,0.009935917362111413,0.025303854552525873,0.05106700155489169,0.03771826075424273,4.658667706175512e-05,0.006435544306928331,0.006909756736679928,0.02624300923331835,-0.0031208907292784027,0.002880237302458011,0.0,0.0,0.005135158874230106,0.0093506773191816,0.017657821797020856,0.0,0.0,1.6653345369377348e-16,0.0005488980691735756,-3.8549370873164346e-05,0.0,0.0,0.04887177106792828,6.841478521596445e-05,0.048145503041785,0.0007230980631380279,0.0,0.0,0.048411239133829165,0.029063678577590013,0.03177382095144221,0.0,-3.444785915307502e-05,-5.551115123125783e-17,0.0024110831031032287,0.0015729059503774012,0.042143348755757815,0.038176857454043533,0.03966409189137449,0.0,0.0012771550509669272,0.0003113140332293707,0.0,0.011744532962765897
0.0395381697779727,0.014094694961407361,0.001694380846950616,0.0,0.04384726074500522,0.0467121057701636,0.021439545896265233,0.02435119052110779,0.029198876259818596,0.01632662871318946,0.038613694770059936,0.01621789870456336,0.024998967522159188,0.0,0.040022149915140026,0.009050968422470385,0.022155480424237706,0.0,0.02016518713806914,0.020671949452578386,0.035082198282301635,0.005728814268398275,0.03824829725768525,0.025802531519482863,0.011667851972700205,0.0240205403079502,0.02761198140248383,0.0212583734347217,0.03235115575435604,-0.006499367076302498,0.013944025784537628,0.02862676414719867,0.0036315318889270087,0.02839950598706542,0.03740224873308634,0.045183850220045174,0.0,-0.008318562526952955,0.050762160227509234,0.017518006679513365,0.031428717700884845,0.04377821535308085,5.551115123125783e-17,0.0,0.001139523257557229,0.0678552050932335,0.030527694334231636,0.0,0.0,0.0,0.03827396257262372,-0.0007927360545321172,-5.468140298608981e-05,0.0,0.04084075342141508,0.0,0.05205489747250491,0.0024125236455090904,0.0,0.00842248924452893,0.021078891537830435,0.018856049889260262,0.026898295514356407,0.0,0.061363526077178876,0.008117031670487884,0.03917632110438646,0.06780841307684049,0.054994365299073866,0.03223699731227114,0.0424856783896993,0.013805163406687693,9.841009474215179e-05,0.024462352437534918,0.0,0.02923855297065231
0.0,0.00010569132264443004,0.006123532826671885,0.09932054950098607,0.03555724646560815,0.015679583078598403,0.02849296596431372,-0.003994839534129213,0.007663772135893532,0.04068967452690092,-0.002849590763477128,0.04027938678508941,0.03296775888650327,0.007071840138574204,0.0,-0.0008345386177256442,0.023017779528974047,0.02016518713806914,0.0,-0.0014767003774593945,0.002101996110602744,0.002266387880545062,0.02860781970015197,0.0028521302924001124,0.019705830462151186,0.06069414724538319,0.017017504221734814,0.038791273775591995,0.00035964457701048724,0.022795488280332454,0.039223493599478076,0.03146847170292971,0.018138228145997193,0.04141816536906029,0.03367386072026046,0.04325734552742516,0.050540940901918574,0.021839372585293226,-0.00603252544317795,-0.00020555806119471054,0.010180353651116136,0.0012130272681962762,0.0033385808530724814,5.551115123125783e-17,-1.6653345369377348e-16,0.0,5.551115123125783e-17,-0.09383836198047674,0.0,-0.0012723404243361047,0.012097106922146383,-0.007544919670032679,-0.011027615366415056,0.011035905691389791,0.000956301676500293,-0.07605472983716455,0.0002480715097915587,-0.007984556123264208,-0.00981462127967031,-0.0010199553580043652,0.0,0.0,0.0,0.00046260174166212753,-0.001631513686961128,0.0,-0.00025685361254201844,0.004202301320556323,0.0,0.0,0.0019838572642619234,0.016193094714277323,0.006804101628179016,0.02473309772789295,0.0016260981787025175,0.01256794858032928
0.06355039658006806,0.023698357308129248,0.004281464437259019,0.11738892375367427,0.007474570327659691,0.02296207344203588,0.021445330933008655,0.018323299726340614,0.030769409526807734,0.015576493717689655,-1.4864062444774895e-05,-0.009728204680060137,0.01838053888964314,0.009331283931326873,-0.004547723406669979,0.009180565663739926,0.02306883008978544,0.020671949452578386,-0.0014767003774593945,0.0,0.03313400469091193,-0.002969302559224063,0.012984699691671042,0.015990080336310275,0.015293975441771024,0.019023454301362597,-0.02236071242492238,0.011882717167353118,0.0010681430432453176,-0.005296859599606796,0.01328612340426838,0.01408760859999969,0.032487416068470276,0.01446468921706795,0.022170322006269838,0.028798247897994234,0.055171890684310776,0.006668961146609087,0.04288115784202251,0.025466183024053568,0.04142638699071066,0.03665313202443482,-0.002207856269879682,0.0002258857130819636,-0.00013131206862965206,0.004756159611146726,0.04628707310338931,0.0033053208751117613,0.0,0.0005153534564953932,0.04529039020687253,0.007729791232634675,0.05264534217897948,0.003269655600573851,0.0006457650111844071,-0.0019788753631695966,0.07027816430482353,0.032400285101082615,0.0,0.049595565624408644,0.04421438052158827,0.00022142877357544943,0.04397145763031901,-0.0001487323241719518,0.055491856340438905,0.053523180280340255,0.04671943956125968,0.048807443016225305,-0.0022813221827061025,0.03430061016039948,0.048328726788468945,0.03769685838101183,0.0361661604806906,0.04118021237157343,0.026694782276395213,0.040365662105038
0.059649908940868634,0.05109392377664801,0.0019038283473515327,0.00026761478047254705,0.0031406432697655973,0.05566867657234276,0.043639248509903084,0.04878709942191456,0.00669275521812146,0.028678660062047223,0.005377457079707715,0.02420599162543302,0.0449686614257217,0.003181680168423129,0.035115115274801434,0.036682347549523375,0.011250863914367804,0.035082198282301635,0.002101996110602744,0.03313400469091193,0.0,0.045888823688525315,0.02217021522357021,0.049057449705177114,0.053520801803809304,0.035318918458561166,0.04137531887463758,0.04997514638635048,0.035176012461538286,0.023325251081830922,0.04788470484470875,0.016908317632085224,0.06442977892019963,0.043310309378393474,0.027793261748584153,-0.0011397705979767636,-0.0005052810229262406,0.004962786711716405,0.044776440933082196,0.07019897915204265,0.04794192160098587,0.03047725214344632,0.047736392855519616,0.0,-0.000355189993641869,0.060660345460792076,0.07715477322154596,0.001306151013831136,0.0,-4.6619925262336714e-05,0.06561230537532381,0.005938190182187719,0.07791585954029534,0.0010215187685468918,-0.0011872427315065548,0.0,0.0002577828057859777,0.0282233859569076,0.0,0.032679386276393885,0.05235151639141733,0.0,0.003647548728295147,0.0,0.05326252401481418,0.030535767244093903,0.05856343848950357,0.0620477591554634,-0.00137154214350943,0.05471442712783975,0.06133440775068738,0.04453191205712592,0.040635200909274416,0.04540067827031613,0.021198873921436323,0.043006827831099215
0.04314684108956879,0.017983630800147588,0.04230714826198739,0.0032729533449569193,0.057379534839279545,0.038310677463084364,0.026499641319800593,0.02046621030584833,0.04003439709155615,0.0232664391884998,-0.00035549749800112274,0.021394382574833448,0.029297436284791867,0.0028016408526666536,-0.0018244194352525223,0.0014045441573344863,0.020815930741832134,0.005728814268398275,0.002266387880545062,-0.002969302559224063,0.045888823688525315,0.0,0.03953251876451741,0.01076828407595709,0.011191598931115432,0.015902954972167593,0.002625830478687474,0.02140001418373577,0.012976249303739085,0.0042049558827999545,0.003102735741343454,0.022890760934650645,0.01948107877644667,0.016631033579133314,0.029941878339443284,0.04236199451354539,0.010236168270598645,-0.0017589167979458753,0.051702157325602016,0.039827189125765716,0.05273689032658602,0.04238564290315827,-0.024814894092627326,0.0,0.001620745648473254,0.045685220376001034,0.03800431143064714,0.00023782257705778909,0.0,-3.12212639963505e-05,0.036089369294900475,0.0038980766976642323,0.055984502228095645,-0.0004129612099320057,0.0033982758755805587,0.0,0.0014663568048166042,0.038493681369134836,0.0,0.06274131155509133,0.03899656501289678,0.004627673551810818,0.0308937074216577,-1.1102230246251565e-16,0.06580465248436373,0.06668730089224878,0.057441913226512153,0.05004052764598915,0.0013771515769017695,0.042303461602880066,0.05331010083740645,0.041123198112833104,0.043272804943216,0.04152803669156113,0.005544366349844343,0.04479074042962555
0.052699871635724205,0.032164821170583835,0.042442523599649784,0.10947381972087178,0.04744802254111713,0.03234297641835138,0.03587621126146334,0.038529407633419,0.03428736085381989,0.03665321535032884,0.029492484500404703,0.032120269848119665,0.04629450192908807,0.0305854626527427,0.03459725664167962,0.03852321623126387,-8.766331390802629e-05,0.03824829725768525,0.02860781970015197,0.012984699691671042,0.02217021522357021,0.03953251876451741,0.0,0.037729119965494495,0.03282584340355732,0.03761819479756051,0.02141357467985333,0.04803693448509222,0.04840349716795622,0.039070144276512675,0.04045638893223091,0.04278954974705035,0.044034404984984565,0.04245690942716862,0.04630671107903728,0.052178662535201814,0.06521387917251875,0.03192810575578969,0.050002152884010775,0.051131530937557734,0.047940108342024,0.05713264046715261,0.035722493991494464,0.05213611702544241,0.0636433798206481,0.04083399583553071,0.05388726645220776,0.008651440663209664,-1.451513599054488e-05,0.03949091058030074,0.04324053158099317,0.03812574015664949,0.05840337229972892,0.04150479489107528,0.016355990475570903,-0.15982422975143146,-0.009052704957802249,0.03529745848341381,0.04057664942849726,0.050899970762292246,0.055887504873944394,0.021891577956775765,0.03905609800188248,-0.12567534582522755,0.05561341743504161,0.0545333259081458,0.053561031813575244,0.05240462372849575,0.0008525360875637489,0.04161270904757891,0.06117982718377418,0.045061601797693585,0.04095521674510616,0.05204616093621833,0.042621182700352755,0.03877926178982882
0.049926756010629625,0.005054340793875123,0.0009149995036399905,-0.0041725852864509805,0.06747384787928051,0.03576836125038402,0.06228432722464561,0.04096509248845248,0.05547211170963823,0.030885492718621954,0.05081423572516547,-0.0007940818947960171,0.04746344849490558,0.003140593176456319,0.0074528725666999085,0.029214907083975172,0.01758823655630859,0.025802531519482863,0.0028521302924001124,0.015990080336310275,0.049057449705177114,0.01076828407595709,0.037729119965494495,0.0,0.011140423518694653,0.008284130203767559,0.016347175062839947,0.0537951984046417,0.05362419549934544,0.02856991252344354,0.04770529583472555,0.06313376726962472,0.008785047353485786,0.04356438027883247,0.05133693751433466,0.000812790251623674,0.016037800805694113,-0.0019415109972838462,0.06355348905507652,0.11908280111997105,0.1169041550131078,-0.06444443160736596,-0.001621073061195355,-0.00014584832389086255,0.015894924776581887,0.09269093298868686,0.06232101826468578,3.113543126159746e-05,0.0,0.0,0.041101631041388975,0.0011368305723016836,0.0004266773583013195,0.00037135726442721895,0.06921384660260982,-0.0008612840076607786,0.060886946386706775,0.003809577060496394,0.0,-0.0015567807132195743,0.0559258720947336,0.06430870976975961,0.06238218566191617,0.0,0.0013041419932837695,-0.004125665083081431,0.00018363916627850418,0.0442327462872395,0.06892858108033156,0.07160926964833741,0.07017461655713059,-0.0013247232480073645,0.0024781670717038407,0.001773774045527865,0.0,0.06180743056059945
0.05276457850922839,0.028859964195557974,0.02471634856561017,0.0,0.029482318026644583,0.02552652830893759,0.008365735367250049,0.025367900726283865,0.011403822285446674,0.03260148855063083,0.035762251074103524,0.027289215864062244,0.016436124783782757,-2.5465769531163307e-05,0.05743375208752166,0.004783250957829777,0.017711152362428706,0.011667851972700205,0.019705830462151186,0.015293975441771024,0.053520801803809304,0.011191598931115432,0.03282584340355732,0.011140423518694653,0.0,0.02741548340176131,0.007896007903508029,0.021344976683492056,0.028284709196352287,0.016235513688813485,0.022535751740458965,0.029686330070537892,0.02620810733068457,0.02750383614361429,0.031192328798142044,0.06801644379317506,-0.00023481265707747667,-0.002067833375382022,0.05761868486602023,0.032847720956099336,0.04509761681320368,0.04641893116291146,-0.0004477928526759323,0.0,0.0031726325054671767,0.07321912631558314,0.03444745320503145,0.0,0.0,0.0,0.028395835478589704,-0.0007062132927082021,0.06987382648600621,0.00018245775335801184,0.047254086358907876,0.0,0.05061389410391065,0.020245315665191443,0.0,0.05743909193735025,0.041933986133464385,0.029111056435522864,0.038311890977361374,0.0,0.04301056814617127,0.06683251388303041,0.04034543377139105,0.04419193082650874,0.05050840386736777,0.04484666228525058,0.0540130520663909,0.03678113134970029,0.019997985423904352,0.032477701319266694,0.0,0.03928310165503224
0.01887056873126286,0.029741924173794454,0.03947120193930331,0.0014901158983011698,0.07802587591670485,0.0037758395284411272,0.02303883351202074,0.038440987728202536,0.049044270547803026,0.07194965507405715,0.04094859289964048,0.007421220350165347,0.027819967205630403,0.01610060251511941,0.015675982863351867,0.016699187277960936,0.007794137798377232,0.0240205403079502,0.06069414724538319,0.019023454301362597,0.035318918458561166,0.015902954972167593,0.03761819479756051,0.008284130203767559,0.02741548340176131,0.0,0.022757111384134165,0.030306122082076226,0.02700767528977982,0.01786090801101703,0.026533443440335702,0.038145318468527645,0.040789125738376286,0.02698754721337715,0.0310702497054689,0.004693082425184292,-0.0005496740839930347,0.020911756169564533,0.06667952924175075,0.055989064233409325,0.059974321301494715,0.058999607256410735,0.04875275824126951,0.0,0.04293491363755536,0.06020806453996408,0.057559076219226235,0.0002733731771516479,0.0,0.0003483758157178385,0.038628949856724215,0.029535265723792392,0.04735075217030743,-0.0002648605819491334,0.04855684704209018,0.00016268593213325522,0.045861808214520405,0.028682550007180063,0.0,0.05349072218036299,0.05587492424989471,0.03730533971877187,0.042541204089741436,-5.551115123125783e-17,0.0472881980084594,0.05147810630280775,0.0529229102669852,0.05221320775838917,0.037244662929689865,0.051061325163112015,0.06353900026617615,0.04886328485435837,0.026612085208638725,0.03991190390337518,0.0001154059340058855,0.04877016026067066
0.0619363868590489,0.013963073043111451,0.021865040113308143,0.06962934546481253,0.03229027197876455,0.01895957230153833,0.028907769076106593,0.04993175802518385,0.009460050989038515,0.022410163670127825,0.0076407606327761335,0.03720682369662154,0.037031494005932086,0.09846983209328258,-0.0028376943243089703,0.02207834525375585,0.005590927227036135,0.02761198140248383,0.017017504221734814,-0.02236071242492238,0.04137531887463758,0.002625830478687474,0.02141357467985333,0.016347175062839947,0.007896007903508029,0.022757111384134165,0.0,0.04482006417277251,0.011467274920296644,0.031955237802341885,0.020484075135836166,0.023834129054534914,0.032251575474242344,0.021247086643934432,0.02063475970824058,0.04131425616270257,0.05293002532508173,0.018016326315259512,0.037091284837056704,0.029704947879568178,0.03938114603397902,0.033248493322334816,0.013027733178251233,0.00015492288501839369,-0.0017391062269925261,-2.3088374293045444e-05,0.04046723984408446,0.04860239115101894,-1.6653345369377348e-16,0.03557990147971912,0.035190655591728515,0.03221641539233677,0.041752881121481844,0.033610587210283094,0.021950351511782207,0.02935316506665775,0.037368387895934885,0.030403788506269014,0.02389130145766649,0.04044248006120049,0.02997379910400738,4.668709172922503e-05,0.04034744863500933,0.012928722150988725,0.039299597520522145,0.048933144864187206,0.035528009873334265,0.039663245578839046,-0.000672279149946664,0.0206687696433136,0.05645400488050489,0.036088575212719465,0.033640659181125354,0.037156252115862265,0.023432782317872936,0.03185099364398203
