0.0,-0.002522257571627662,0.001995525885730598,0.0,-0.0007596596222544383,-0.034057138616609306,0.007417064766923942,-0.04238205164599185,0.009472319996043532,-0.00777673719952493,-8.013155445529829e-05,-0.0061683924928369605,-0.03274529734653647,-0.014670857019416561,-0.02407786377100729,-0.015686982802926852,-0.046829071716867676,-0.017709821382178137,0.0,-0.02167759745630954,-0.03745605052466566,-0.015416353324177179,-0.05438817694559339,-0.007703275621789629,-0.01121842369533449,-0.01108761207870429,-0.029014025437913094,-0.036162219298898846,-0.059534559852246094,0.009372908511949107,-0.024263914422028687,-0.008988984361541774,-0.020445411789641266,-0.022758744028579303,-0.049654956536171746,-0.0032963052189659003,0.0,-0.006963427997688121,-0.017914402859665723,-0.002622656150364666,-0.04728273179257303,-0.02162869420325081,0.0,0.0,-0.0012540134000240677,-0.007257092124936804,-0.023084089281512676,0.0,0.0,0.0,-0.001860714502494254,0.0,0.0006273220785654177,0.0,-0.04783735553715096,0.0,0.0053628806620215075,-0.0018317525549193525,0.0,0.00328153518297597,-0.01377760540928058,0.00029516435710247313,-0.03065188905144961,0.0,0.0056894391097093155,-0.03795266101970041,-0.0177474349841239,0.0027704981546303187,0.02163498321556001,-0.03340435545100073,-0.014023581585977385,-0.001661108559088409,0.0005117475847356001,0.003789024486598569,0.0,-0.011850099157539096
-0.002522257571627662,0.0,-0.04436110359727141,0.0,-0.062143966141342044,-0.03880343686144716,-0.06019396232100477,-0.03528939172405793,-0.04973735624154829,-0.007955028655300789,-0.0008469067261320795,-0.0041582405089024,-0.05662677912843017,0.0,-0.029063996890382304,-0.015008688164393824,0.004695928974508656,-0.006320889370717286,-0.002452755868122769,-0.02669156560759889,-0.022302762666207676,-0.017130895306709415,-0.05191965619205735,-0.0027747240407040574,-0.008082285964732316,-0.010027242979817663,-0.030058008136409353,-0.060843558495797645,-0.048686060537208364,-0.07427113530450441,-0.02766361055782801,-0.006673178078307862,-0.01418358405136344,-0.02553337875966938,-0.04190640268211182,-0.008476532580427354,-0.001105695745725943,-0.001344223896116492,-0.009707094738004796,-0.01222359116332894,-0.02066000558049591,-0.025782722807918657,-0.046579868026655424,0.0,-7.266802687050378e-05,-0.018704674505546248,-0.006629782311156018,-0.002394879810733219,0.0,-5.551115123125783e-17,-0.03697119117176573,-0.005633509251127877,-0.06216337720889831,0.0009612512677076857,0.0004774532786539498,0.0,-0.001463663478207533,-0.04385127522548643,0.0,-0.038685131818850804,-0.011448031593178698,-0.0011441533562230322,-0.011535840095228511,0.0,-0.05361986375549638,0.004218776434668392,-0.009407315345658918,-0.04904768700733436,-0.014187894751665875,-0.015171457641611319,-0.009561402168756505,-0.04294981623198335,-0.05353058218983475,-0.04727260118907889,0.002077212813572926,-0.020281065216774308
0.001995525885730598,-0.04436110359727141,0.0,-0.02882445176222026,-0.014845446378901062,0.003303361892452228,-0.051054049331519635,0.006467495719944871,-0.010748548074549336,-0.04889377335365058,-0.01536292792358912,-0.027639108070117435,-0.04795036499618893,0.0018086626943341622,-0.0035920584983219483,-0.06558876724346852,-0.0015971697359702386,0.0007631387994318506,-0.0050732150294314216,-0.04822677865035324,-0.002834483962180556,-0.03588676068979668,0.01368906070197301,0.0012148158490903893,-0.0009194162370921855,-0.035408593624126794,0.024574009221579096,-0.04612993033152518,-0.04856422640340091,-0.061243623263107116,-0.05038026141304497,-0.04162245882937693,-0.06271712332730184,-0.048405874077419475,-0.04155406050147353,-0.02491259337882118,-0.05071602248076784,-0.043329977306291734,-0.009999298708911586,-0.0007246015556780505,0.0029420947431958444,0.0028709652882616954,-0.028673520375367967,-0.0020211853549584324,4.317312001417273e-05,0.0,0.0007660371551417855,-0.06453342240408222,0.00031521899313491364,-0.0197375949834655,-0.030076874309586277,-0.027741185321033313,-0.0144689795358115,0.004404508290647091,0.002111747159034838,-0.009729106704720936,-0.0010151176803044337,-0.030222233785380248,-0.0015814599753278813,0.002465717947448265,-0.000552761665556678,0.0,0.0,-0.0692044820877668,-0.0036567376820442754,0.001013832516989499,-0.00986472121941262,-0.01181541776661632,0.0,0.0,-0.0003521166741888293,-0.012951412946304863,-0.056265730001144154,-0.08480568709649511,-0.002840583871315916,-0.0652082517182554
0.0,0.0,-0.02882445176222026,0.0,-0.03339362449841138,-0.0027288113413971304,-0.01646149468107122,-0.02973591627796701,-0.03660524870265969,-0.07514448228031614,-0.014843708253788113,0.0001311368563813864,-0.036149288651361966,-0.015008935966867976,-0.0023124078312612983,0.0,0.0004379646501948553,0.0,-0.04037029247233015,-0.00022712485935250104,0.0005408372335775624,0.00345218964114824,-0.044499743946016135,-0.003336232653958382,0.0,-0.0010720436418987234,-0.04193223604181723,-0.021007566257076615,0.00047897100749216825,-0.00022351610085363793,-0.07785936409125221,-0.020054819265074852,-0.01078119903192859,-0.06789791170629489,-0.10328220391566056,-0.022986010958977232,0.011318898756861817,-0.003767538029455786,-0.001794871212140281,0.0,0.0008697756810720492,0.0,0.00046242493913112304,0.0,0.0,0.0,0.0,-6.230919016342318e-05,0.0,0.0,-0.00043170631699690487,0.0,0.0,0.00014587383736353043,0.0,0.0001493379864694333,0.0,-0.00010981387099529005,0.0,0.0,0.0,0.0,0.0,0.0,0.0,0.0,0.0,0.0027540171042002015,0.0,0.0,0.0,-0.0003070768750149666,0.00014298187089145653,0.0013000602378845372,0.0,0.0
-0.0007596596222544383,-0.062143966141342044,-0.014845446378901062,-0.03339362449841138,0.0,-0.03609355536490927,-0.03670968919985346,-0.03899699887790914,-0.00902206638403158,-0.06231852535260002,-0.009657396495101445,-0.03437257787957387,-0.030237466839735938,-0.03450717904023204,-0.0019623252358205723,-0.056183801097205666,-0.06531092022455048,-0.04503226122037446,-0.012588842048741777,-0.05619823431251353,-1.6969146013123826e-05,-0.04866397488776836,-0.061961115069850636,-0.0954479945485271,-0.030183491236425164,-0.033987350783447945,-0.028178103645303265,-0.030005326021627643,-0.049959013271581865,-0.04214746154306914,-0.06128003577554969,-0.06520432286248667,-0.04776452160988626,-0.0554603037881764,-0.056042452662305065,-0.04811034902969241,-0.038210966210191655,-0.058175533891648035,-0.043716790324516086,0.0018445551715915443,0.0020565436483857003,0.005353094711090245,-0.045118062177193,0.0001533743795995579,-8.289085068496904e-05,0.0,-0.00022228684321834447,-0.024026476880226078,0.0,-0.061631758467039666,-0.055389151261521885,-0.005167719222011535,-0.03327139002353019,-0.03809900029060381,0.0016261340166187077,-0.07110781225932933,-0.00033218564097287073,-0.0650237464881035,0.0007947129675688891,-0.0013227056481447952,-0.0005366071318756438,0.0,0.0,-0.037731467439282296,-0.0007686380798513914,0.0,-0.006756911857335068,-0.04767584470182551,0.0,0.00012114251380529462,-0.0016715776581464614,-0.053549317577829936,-0.08917638232670738,-0.09615267248674692,0.0006797579507943352,-0.06607394011733475
-0.034057138616609306,-0.03880343686144716,0.003303361892452228,-0.0027288113413971304,-0.03609355536490927,0.0,-0.04502549310688764,-0.053097069064415636,-0.0018936761002736335,-0.06520284362078765,-0.010060193100302428,-0.04621264717517026,-0.029535441756322167,-0.0375106484719534,-0.02667109750738167,-0.04165434886060615,-0.048382279902199066,-0.03210352077978745,-0.009091589324865479,-0.03330565190144591,-0.05057212115006199,-0.030779980640807447,-0.030677865570790275,-0.04800191350492916,-0.04310327590785695,-0.02625781321306775,-0.016068290670653906,-0.03575812422968783,-0.02097563234266203,-0.06711636554337735,-0.06186972058364909,-0.0650337675266166,-0.04818074244619169,-0.05776582657100887,-0.059443626050787846,-0.05213825878266137,-0.05958643414414222,-0.058419313433352715,-0.04795481447268218,-0.03919633803928013,-0.07457529824701509,-0.07278486657870709,-0.06780503811072336,-0.0023620752687991686,-0.0019867938144894626,-0.0008293537979525145,-0.025728067758693185,-0.03440795076200831,0.0,-0.05424672646364903,-0.05116802886213656,-0.05129398437794036,-0.047351048807009244,-0.035683904093495644,0.004659262397472053,-0.017209102320894343,-0.0016433880172516124,-0.06372463342783885,-0.026367809324314262,-0.04707191347381123,-0.03458087008389543,5.551115123125783e-17,-0.007365185574406075,-0.03060869576902947,-0.07310548295610081,-0.039370291579761685,-0.033967019185595804,-0.05199874410968319,0.0,-0.03927547636262102,-0.028039942172315813,-0.05656713025714433,-0.07577730512365694,-0.0789020986935966,-0.08768890719608285,-0.0766130961737378
0.007417064766923942,-0.06019396232100477,-0.051054049331519635,-0.01646149468107122,-0.03670968919985346,-0.04502549310688764,0.0,-0.07736359486301625,-0.03999367654181957,-0.045547806476294306,-0.0521340182643974,-0.0220902993070069,-0.009988154222564827,-0.038913990408568244,-0.054394121422570274,-0.058772680094491825,-0.03882219172877671,-0.03732535228678685,-0.06146931694814689,-0.05023853710532994,-0.06910467934893816,-0.05070577225578171,-0.08189816965338259,-0.09412284463839699,-0.049453645509392574,-0.049453673912113916,-0.05365645563256677,-0.020550966797689862,-0.04448148940518071,-0.06636747299562545,-0.046056222372847955,-0.04454945182217013,-0.04161602713793472,-0.0445208998493295,-0.04071005121247673,-0.03701501124703899,-0.016871446511355803,-0.041517347241542546,-0.04219892456099816,0.000621679884161952,-0.04948643343439468,0.009785792878386657,-0.09642566942392516,-0.0007692776932954337,-0.001684718038843569,-0.00043737329374404776,-0.0004629192515422931,-0.03632994465063133,0.0,-0.043096534098849004,-0.06236741073977148,-0.06875319187996914,-0.06313797954493605,-0.04080154747802556,0.003946272941748874,-0.07081995626514337,0.0012538516840454594,-0.07699941998953119,0.0008804809904666699,-0.06207660436850926,-0.00020957256602710528,1.1102230246251565e-16,-0.0007368531395235411,-0.027142328063584298,-0.08412938972847489,0.0032338943708945522,-0.05036657353571328,-0.06302786345071909,-0.0022756806271377883,-0.0017348476910246102,-0.04125140983769132,-0.07118998177552832,-0.08565091376809009,-0.09165373741946797,0.0038863535282738226,-0.08456531933415196
-0.04238205164599185,-0.03528939172405793,0.006467495719944871,-0.02973591627796701,-0.03899699887790914,-0.053097069064415636,-0.07736359486301625,0.0,-0.03048650704531075,-0.08544398715781792,-0.045446971048944795,-0.002630404718935553,-0.07947707670481835,-0.021466764034452246,-0.07460065220178386,-0.0703837965377746,0.0023186699511885678,-0.04075685127177042,-0.009005371548899077,-0.048338480375602455,-0.03972626397226714,-0.049259800751504934,-0.04868006977740846,-0.03566130919653393,-0.01568008834882073,-0.042569042859415485,-0.05140509970695617,-0.07693971082892631,-0.07091509411815722,-0.08980550376771285,-0.08532488871436616,-0.05024708489761415,-0.0006561930720424547,-0.08623959353841937,-0.08921098858957477,-0.03161406462481492,-0.10832083537785497,0.002920047038503515,-0.02574852131314731,0.0046009536326492295,-0.05382640777521108,0.004329332836352728,-0.06324940871363127,-1.4247115217413953e-05,-4.820522089110657e-05,0.005348886417365473,-0.028231622135770018,-0.013364468618992764,0.0,0.003321746753362831,-0.03019723813411318,-0.030021367054474835,-0.03161426258755118,-0.01814109281797671,0.00023433456831983834,-0.00029657204844268925,-1.1102230246251565e-16,-0.048362705070458534,0.003123806213388869,-0.059196775757930475,0.00527488379909119,0.0,-1.7546043709515402e-05,-0.005153874468429187,-0.08061006260613301,-0.006817686983957627,-0.0574679659761308,-0.05625258742596312,0.0017655381477378884,-0.0016813967945257247,-0.0261125000101165,-0.03598982470412876,-0.06602779674805098,-0.06931077533813845,0.000286998367561353,-0.06139852493430337
0.009472319996043532,-0.04973735624154829,-0.010748548074549336,-0.03660524870265969,-0.00902206638403158,-0.0018936761002736335,-0.03999367654181957,-0.03048650704531075,0.0,-0.06444757492645548,0.0008629714068413841,-0.049618966977122536,-0.014188474815015117,-0.012793892965124398,-0.01559446198102904,-0.05713760957387953,-0.06132390899176737,-0.062392590152116956,0.003477945470950816,-0.04253635298631764,-0.062408217489835605,-0.04157794436943246,-0.03137545006539211,-0.07823160293106757,-0.051498182462741904,-0.052628656913872585,0.013883450180012746,-0.05371160594466423,-0.04795631524833627,-0.06364842143726818,-0.061685806092066975,-0.05110828615247859,-0.0662697553101253,-0.05783979282642182,-0.051668573361415726,-0.05025425814382317,-0.05572289644716455,-0.05647877068755092,-0.029879962054813913,-0.006457663881833775,0.006379122430851258,0.0014788843546424957,-0.04016005939769013,-0.000442571987841478,-0.0031964847302708987,0.0,-0.047516820063146614,-0.11558698281318786,0.00032074396246084547,-0.05472576351218067,-0.046372520367152004,-0.03942956978927914,-0.040020359978312214,-0.03954074724177381,0.0016472719434668104,-0.1486088619361592,-0.003455447102813758,-0.04412014321296204,-0.03609871709550272,-0.06938453177573317,0.0012375070810464739,5.551115123125783e-17,0.0,-0.032116954004411946,-0.07491775708336051,0.006521329894990213,-0.004327121588314942,-0.03945690318327666,-7.374275575700029e-05,-0.000264626997161177,-0.012525129467124752,-0.04856429481899649,-0.08695162827527064,-0.09240406209723928,-0.0018818157126538892,-0.07463566227373286
-0.00777673719952493,-0.007955028655300789,-0.04889377335365058,-0.07514448228031614,-0.06231852535260002,-0.06520284362078765,-0.045547806476294306,-0.08544398715781792,-0.06444757492645548,0.0,-0.07029997181890518,0.048853410028026734,-0.038792639430998144,-0.20123822467568783,-0.02229126393737829,-0.020981299103649542,-0.021796471410728158,-0.029012095737143806,-0.06477558663375871,-0.008387421954704655,0.008452771312715102,-0.015350051851440394,-0.07265129099434886,0.014429419193611515,0.00847672351011386,0.023802700338027838,-0.05000343647315014,-0.033248072458261724,-0.027823286198842057,-0.0018527806343640596,-0.006108804424077463,-0.03069261048180072,0.002976325057857332,-0.010864790167786464,-0.04186519396342714,-0.06476491379138044,-0.030199161030509458,0.024772742717857565,-0.009340533586103317,0.0012489136772044773,0.018758323995936854,-0.054526558643746004,-0.010668042975579328,-0.002309261180525324,0.010077878526488282,-0.004195748162005852,-0.0036031541288236157,0.0017547226431449126,-1.1102230246251565e-16,1.6653345369377348e-16,-0.0446590416252729,0.005323285588389237,0.0009470267319753312,-0.00036913967860252583,0.012185963400229038,-0.0012971161709854906,-0.0005021487766600496,-0.0017826013634653637,0.0,0.0008246979549189626,0.008866476731943296,0.0018850482453899309,-0.005666200087337314,-0.0006580186201634586,0.0004721919211863601,0.0006334780506074833,0.003914975044743085,-0.07779592832488463,0.005874050111765283,-0.014127788352904624,-0.004765988841996749,-0.0685522156309799,0.0034722506574078604,0.0031568907705298854,-1.1102230246251565e-16,-0.011496278584258668
-8.013155445529829e-05,-0.0008469067261320795,-0.01536292792358912,-0.014843708253788113,-0.009657396495101445,-0.010060193100302428,-0.0521340182643974,-0.045446971048944795,0.0008629714068413841,-0.07029997181890518,0.0,-0.07215555195521933,-0.06894187470958307,-0.022266922720967808,0.0,-1.692673490366614e-05,-0.0039026966452342937,-0.09133280556092765,0.00980427310922738,7.779305241745194e-05,0.0034443733449983083,-0.001779686895537036,0.006427880915428397,0.0039311988212247795,-0.07774364753878854,-0.003854744246827857,-0.001641758894291634,-0.06722533617769494,-0.0030187214129329676,-0.03186451252692124,-0.07674518398790803,-0.04187806471253974,-0.0902593509755974,-0.06784985924588965,-0.06244972697692214,-0.014156806046388526,-0.025650896819281233,-0.05937197252020909,-0.013282895119677729,0.0024527027690122716,-0.00010607383640315327,0.0008366088013272988,-0.03424049591351669,0.002600416306124065,-6.783380305186437e-05,0.0,5.551115123125783e-17,-0.03524160440607249,-0.00013652790623530642,-0.14948184932757136,-0.03774336501269138,-0.0527547717974739,-0.004391765123058389,-0.13624033974773558,0.002978788590886128,-0.010427583037499688,0.0012551358070879148,-0.06647239346958633,-0.07454185310506989,-0.00017128043888775535,0.0,0.0,0.0,-0.029134045731334768,-0.0030821771489545347,0.0,-0.0006239440418124853,-0.01866676719326832,0.0,0.0,0.00038677249296342753,-0.03487560282823121,-0.067790252818059,-0.06492979799696924,0.00040876413669199696,-0.07723436633852021
-0.0061683924928369605,-0.0041582405089024,-0.027639108070117435,0.0001311368563813864,-0.03437257787957387,-0.04621264717517026,-0.0220902993070069,-0.002630404718935553,-0.049618966977122536,0.048853410028026734,-0.07215555195521933,0.0,-0.02443885355035147,0.0035900476877351317,-0.002760364945850191,-0.011158342981310465,-0.02047898486352212,-0.021659063300260906,-0.05803853742119164,0.0013455101466929853,-0.03418800944602318,-0.05158648882704403,-0.04637463568589251,0.026182712377476547,0.002337862128692414,0.02131959183976595,-0.03314142384947005,-0.003196504876288475,-0.02332534834368316,0.003126562103963282,0.01426684746320489,0.00119107768705623,0.04551694062578321,0.0373582482928706,0.03038951245939714,-0.00806035059505672,-0.00955794539446192,0.05462253207094042,-0.007905569928924161,0.015934720932949176,-0.027099272838087163,-0.0005270908352398296,-0.009327262228481792,0.0010953446906224185,0.03316163849441828,-0.021794051279595217,-0.0002467224326467288,0.0008491321237715233,0.0,-0.00043086157482363774,0.0008755248916165748,0.0005360056819562753,0.0,0.002089146779855555,0.013168802445067351,0.0014608612305316293,0.010749099665143536,0.0025567812613369045,0.0,0.00015770334217085624,-0.00664289199819551,-0.0016759838210791966,0.0007272687029402647,0.0,-0.00024430464280567055,0.0006269432920603113,0.002517246319264088,0.0011161368738162314,0.012638716402116168,-0.010005639109336995,-0.0015958843101849807,-0.0002507411237951396,0.011643223473105091,0.002303424212742655,0.0,4.0290298938261415e-05
-0.03274529734653647,-0.05662677912843017,-0.04795036499618893,-0.036149288651361966,-0.030237466839735938,-0.029535441756322167,-0.009988154222564827,-0.07947707670481835,-0.014188474815015117,-0.038792639430998144,-0.06894187470958307,-0.02443885355035147,0.0,-0.04563726901683085,-0.05626143181709675,-0.04786425121552168,-0.04094946252996223,-0.02884680069506229,-0.06714756629874036,-0.044781480661638506,-0.06773102475767456,-0.04328431443342029,-0.07179884669124709,-0.0671665015042276,-0.043947810539342436,-0.04137112340515908,-0.04230679397555981,-0.016581817044963032,-0.03367976470810036,-0.05417645074645944,-0.03488780545275566,-0.04559508153076852,-0.04878078777318162,-0.04331685950557396,-0.05079427591115404,-0.048482279881873536,-0.03691255255355125,-0.04139719691756488,-0.04574813017861429,-0.021436325875563267,-0.06613371464546036,0.009696078698606003,-0.07996268493308989,0.0015970357216169573,-0.002020937003511525,-0.0005643871960330227,-0.04587125265571229,-0.0341717637414527,0.0,-0.05124150531184318,-0.06277317588616815,-0.07202483300523382,-0.058665446814746225,-0.032932475106776105,-0.000449334562786341,-0.06179356374863704,0.0032411224437842723,-0.07426013563234307,0.002111306377976463,-0.06429450997630237,-0.040920401533369566,0.001304447415528931,0.0008925254402388227,-0.023393772238317068,-0.08045384986522669,-0.06093636718466311,-0.04815702584136444,-0.06963191111517258,-0.0011502537625511788,-0.04863096042703663,-0.03730506529031358,-0.07475490327622508,-0.08520274076998341,-0.08656985326648498,-0.08034746695572037,-0.08526357114699135
-0.014670857019416561,0.0,0.0018086626943341622,-0.015008935966867976,-0.03450717904023204,-0.0375106484719534,-0.038913990408568244,-0.021466764034452246,-0.012793892965124398,-0.20123822467568783,-0.022266922720967808,0.0035900476877351317,-0.04563726901683085,0.0,-0.00023121886118049328,0.0,0.0,0.0,-0.010300363484129826,0.0006229352270425981,-0.0010874604477705274,0.0014493689050171232,-0.02744227394873,-0.005161941280882543,0.00013327849982791573,0.0029990864564110598,-0.023476831191036385,-0.04520706552256193,0.0011655797894989939,-0.0004591135844704275,-0.06741422117126639,0.00287027908541454,-0.0005155493008351386,-0.0005065817559950503,-0.0041592648262487875,-0.024929255067638018,-0.0035091649560750338,-0.0012044653231957358,0.005218091608490849,0.0,-0.001555155033991229,0.0,-0.0012748743000219886,0.0,0.0,0.0,0.0,0.00033903634987064724,0.0,-0.002119197461529887,0.00804474987221615,0.0009805703097344742,-0.0021118736059985155,-0.004933572936326902,0.0,-0.11039598647712079,-0.0004580413932616101,-0.004747077348619011,0.0010763683293159576,-5.551115123125783e-17,0.0,0.0,0.0,-0.005626783163031557,0.0009091979321487198,0.0,0.0,-0.008454853590661338,-0.0004967347115256149,0.0,0.0,-0.0024408853438785405,0.003438057586687304,0.002776170350804852,0.0,-5.551115123125783e-17
-0.02407786377100729,-0.029063996890382304,-0.0035920584983219483,-0.0023124078312612983,-0.0019623252358205723,-0.02667109750738167,-0.054394121422570274,-0.07460065220178386,-0.01559446198102904,-0.02229126393737829,0.0,-0.002760364945850191,-0.05626143181709675,-0.00023121886118049328,0.0,-0.029909965598796717,0.0022807300910582806,-0.015294516745783082,0.0,-0.04411547656898762,-0.006963695398201908,-0.005448870634079839,-0.04359142118848691,-0.013878106644049482,-0.023879052912793797,0.007025584877030866,-0.03910605360632097,-0.057890351917420146,-0.04888167250136882,-0.06609456629617211,-0.04002893950645142,-0.00845983208936979,-0.03275029645295019,-0.030924958721890716,-0.04290203903256956,-0.0761158314244636,-0.11726879694230674,-0.004109890492701773,-0.010222094482047972,-0.0003116692425070289,-0.030164133639474844,-0.03293066163778613,-0.08868178645312141,-0.0008302704776411707,-0.0012885937589938168,-0.019722769525687467,0.002517420217856836,-0.0026334366683297694,0.0,0.0,-0.054667116069413546,-0.0006305550012089545,-0.04526730153328201,-0.001160858136811882,-0.00016151682586362792,0.0,-0.0012588166471867446,-0.06821686630917129,0.0,-0.02500588915122448,-0.018464365719129627,-0.0006908048125846555,0.00045227953079907124,0.0,-0.04513799810364072,-0.01031790599089527,-0.019965799426240716,-0.058889863168133105,0.002237838143620774,-0.03406084427470274,-0.021157841983026615,-0.0612891948947486,-0.06331888946196507,-0.06004547006757338,-0.06070013308518607,-0.039164256337468784
-0.015686982802926852,-0.015008688164393824,-0.06558876724346852,0.0,-0.056183801097205666,-0.04165434886060615,-0.058772680094491825,-0.0703837965377746,-0.05713760957387953,-0.020981299103649542,-1.692673490366614e-05,-0.011158342981310465,-0.04786425121552168,0.0,-0.029909965598796717,0.0,-0.011694570850296515,-0.0013201883015648286,-0.0011177705929920623,-0.021061872913008095,-0.023702841451183954,-0.016314033852109944,-0.07242470491570319,-0.012950321587697267,-0.016440860420861847,-0.018654749573657203,-0.052339996508741715,-0.04325793336602962,-0.02810393929052285,-0.06507710980527215,-0.019769718338460585,-0.0061164848909350256,-0.025788526811578283,-0.023670766936739918,-0.03559505382496375,0.0052841521716177065,0.002133556679944193,-0.001178964563915752,-0.027537000606020823,-0.02309840798084578,-0.03223868534972163,-0.034306934582656656,0.0023570699692550545,0.0,0.0,-0.01683517430025583,-0.019337186222070535,0.0,0.0,0.0,-0.031931045947281744,-0.004220995244925807,0.0010990340578869717,0.0,-0.02069955799380846,0.0,-0.024646302253869712,0.0003444867998207979,0.0,-0.04163423506891467,-0.019480560950972725,-0.009192835463346705,-0.022534854172413965,0.0,-0.0659572359241048,0.0021248081279016118,-0.02532275610050605,-0.05271444810772602,-0.007387672574939386,-0.027405896193633483,-0.019558134427035856,-0.05445509078812266,-0.061442197735200654,-0.053003811037643345,-8.651371775436623e-05,-0.026340864094474725
-0.046829071716867676,0.004695928974508656,-0.0015971697359702386,0.0004379646501948553,-0.06531092022455048,-0.048382279902199066,-0.03882219172877671,0.0023186699511885678,-0.06132390899176737,-0.021796471410728158,-0.0039026966452342937,-0.02047898486352212,-0.04094946252996223,0.0,0.0022807300910582806,-0.011694570850296515,0.0,-0.016965202520845435,-0.0032984906913044454,-0.03948100403859739,0.004810807032241737,-0.04054236969621494,0.004228486237013496,-0.025286225459326184,-0.03229754251565764,-0.033354849912550666,-0.0035969266125341903,-0.16307487519736907,-0.02691056323885105,-0.002221847928107923,-0.029292589193870344,-0.03712751013941856,-0.030730237819973083,-0.036295085009179884,-0.05627870992655276,-0.00046336423350240574,-0.0012677259294254783,-0.030348643101365258,-0.005249790610810323,-0.024141034563348596,-0.01793354961904653,0.0013325674613821614,0.0,0.0,-0.005685996192862919,-0.0187597587377491,-0.002473102477819844,0.0,0.0,1.6653345369377348e-16,0.00034263145236135273,0.00020175327170046664,0.0,0.0,-0.015245853866712178,-0.00035805789919307607,-0.031418005301143526,-0.00023255946545519546,0.0,0.0,-0.013589920522279586,-0.020887224084794598,-0.023607168089930575,0.0,0.00018028746331777423,-5.551115123125783e-17,0.0017145715244038517,-0.0003583294868946263,-0.04456154772793369,-0.027062434710351857,-0.03255027215113321,0.0,5.829012300889724e-05,-0.0014078481737664905,0.0,-0.025007862839570405
-0.017709821382178137,-0.006320889370717286,0.0007631387994318506,0.0,-0.04503226122037446,-0.03210352077978745,-0.03732535228678685,-0.04075685127177042,-0.062392590152116956,-0.029012095737143806,-0.09133280556092765,-0.021659063300260906,-0.02884680069506229,0.0,-0.015294516745783082,-0.0013201883015648286,-0.016965202520845435,0.0,-0.07107140403453355,-0.029722674321753906,-0.024258358581614625,-0.024543977979549825,-0.060627493050919856,-0.017560888827862164,-0.017772961488315142,-0.020104196857386958,-0.04130569042566723,-0.031606704006078234,-0.01784929032006688,-0.03964130395945198,-0.018813621390583457,-0.018152050443493717,-0.023810331531332662,-0.02985941462985986,-0.050636354545075646,0.0057550551747342915,0.0,-0.036613547553124515,-0.02525543626441551,-0.029752110565730683,-0.02876073171785054,-0.029782870422199403,5.551115123125783e-17,0.0,-0.0026574874602309784,-0.008238346437354938,-0.014400736547675042,0.0,0.0,0.0,-0.0009180819427170861,-0.0004848104117681218,-0.00017935514498945704,0.0,-0.023617491381037803,0.0,-0.0391483383849176,-0.0036648498578000788,0.0,0.00791185681657075,-0.01989849348089745,-0.02272220652657775,-0.02597925999360068,0.0,-0.05929884694041576,0.007012963701913955,-0.025766689566518397,-0.00041047305091812536,-0.033944986538695265,-0.02718992423968375,-0.02564574512851825,0.0043851195464937875,-0.004586011492750286,-0.04001767405585538,0.0,-0.031104985755617875
0.0,-0.002452755868122769,-0.0050732150294314216,-0.04037029247233015,-0.012588842048741777,-0.009091589324865479,-0.06146931694814689,-0.009005371548899077,0.003477945470950816,-0.06477558663375871,0.00980427310922738,-0.05803853742119164,-0.06714756629874036,-0.010300363484129826,0.0,-0.0011177705929920623,-0.0032984906913044454,-0.07107140403453355,0.0,-0.0015429247194955198,0.00467967412557041,-0.0011188342304454535,0.0015406186157145285,-0.00043854316748875855,-0.08442241428698061,-0.0025844117817150902,0.0051673306524879226,-0.06494778205391638,-0.04015450350676747,-0.05435502804327896,-0.07221496095971763,-0.057382020405899736,-0.05027801004860022,-0.06357927393667695,-0.05974707803299201,-0.03564587059455049,-0.06738876938997623,-0.07167475335414103,-0.01940183836452164,-0.0014414545834497416,-0.0009337604060318805,0.0006064038972177777,-0.0331291279314721,5.551115123125783e-17,-1.6653345369377348e-16,0.0,5.551115123125783e-17,-0.15366274440088185,0.0,-0.04075333711875628,-0.03942418871358311,-0.026383169847054688,-0.004831457580098175,-0.03216202120516687,0.0014893327943410473,-0.06617225918765735,-0.0012983153183181995,-0.049278795688741106,-0.0037818969806638902,-0.0024938996544567327,0.0,0.0,0.0,0.005080343542860799,-0.0033037428451621054,0.0,0.0013546988369297353,-0.0291368458977197,0.0,0.0,-0.00010598621839968958,-0.036547950268744245,-0.07290363928114985,-0.07494701919330521,0.001192664841045521,-0.08421405028712048
-0.02167759745630954,-0.02669156560759889,-0.04822677865035324,-0.00022712485935250104,-0.05619823431251353,-0.03330565190144591,-0.05023853710532994,-0.048338480375602455,-0.04253635298631764,-0.008387421954704655,7.779305241745194e-05,0.0013455101466929853,-0.044781480661638506,0.0006229352270425981,-0.04411547656898762,-0.021061872913008095,-0.03948100403859739,-0.029722674321753906,-0.0015429247194955198,0.0,-0.029470864600765034,-0.025958640245627718,-0.020725759786403564,-0.027016096789175714,-0.04886255042063398,-0.02214124402676071,-0.017168226108839946,-0.03652172984470675,-0.02923411093799927,-0.043497828713141284,-0.04786632183211742,-0.02484727329686559,-0.05873211107974796,-0.05390392965931151,-0.05606299471567061,-0.07855760360750258,-0.06689533828487282,-0.03232561682909879,-0.05072484171271452,-0.05337922053761984,-0.06268332145447786,-0.06708096009592368,-0.0840690367034369,-0.0003229379678851285,-0.0013019636689286518,-0.0006709649413336738,-0.03463127341439265,0.003992421569481097,0.0,-0.0019744113550526077,-0.06965982105675844,-0.08525888692827355,-0.06820965343054886,-0.0825905089228941,-0.0006240448568831103,-0.00246912332305399,-0.0003804004558533025,-0.07517858273171574,0.0,-0.048601151482337845,-0.042679637911650414,-0.0003744751592624773,0.0017689072974102493,-0.0019373542969519097,-0.06437349353231542,-0.055085199476772484,-0.03682633180541778,-0.06806986027161033,-0.0023388095438001133,-0.04965368689024169,-0.035735860576405876,-0.06955405014041416,-0.07022572654095655,-0.06967169620632596,-0.07005270586751283,-0.060171894520467784
-0.03745605052466566,-0.022302762666207676,-0.002834483962180556,0.0005408372335775624,-1.6969146013123826e-05,-0.05057212115006199,-0.06910467934893816,-0.03972626397226714,-0.062408217489835605,0.008452771312715102,0.0034443733449983083,-0.03418800944602318,-0.06773102475767456,-0.0010874604477705274,-0.006963695398201908,-0.023702841451183954,0.004810807032241737,-0.024258358581614625,0.00467967412557041,-0.029470864600765034,0.0,-0.0025983971410178386,-0.04975885222368831,-0.025766553698475414,-0.0022597029184815987,-0.02943014175793013,-0.03246582407850068,-0.06572231215979935,-0.06087914583853443,-0.07367312614425697,-0.05076100833451297,-0.012500810409184215,-0.05324276533146771,-0.051779745498663876,-0.058581699869587445,-0.06862261388008645,9.447164199249958e-05,0.0036945735533758794,-0.01741519333873831,0.013666315833645304,-0.0230267452764768,-0.023619868063269434,-0.06647146147628585,0.0,-0.0005641574265078386,-0.020282924246887546,-0.002633260821406025,0.0003733709226740878,0.0,0.00024399159402765935,-0.07129180228503268,0.00444530801391918,-0.06407225491809226,0.0013486853488223205,-0.0010871555262740862,0.0,0.0009525952852791342,-0.07816957383830936,0.0,-0.038200844809971046,-0.016008003921880176,0.0,0.0028520919049279114,0.0,-0.061188335146145634,-0.016984897655455133,-0.025021817157187154,-0.06717047633607098,0.005407316477860635,-0.008206627526434973,-0.023505468671076668,-0.06628831469033897,-0.061661527690357265,-0.07018851211177118,0.005048714045496228,-0.05247094348719061
-0.015416353324177179,-0.017130895306709415,-0.03588676068979668,0.00345218964114824,-0.04866397488776836,-0.030779980640807447,-0.05070577225578171,-0.049259800751504934,-0.04157794436943246,-0.015350051851440394,-0.001779686895537036,-0.05158648882704403,-0.04328431443342029,0.0014493689050171232,-0.005448870634079839,-0.016314033852109944,-0.04054236969621494,-0.024543977979549825,-0.0011188342304454535,-0.025958640245627718,-0.0025983971410178386,0.0,-0.02794124530227743,-0.006259765337914447,-0.03405504532850623,-0.009486960575408987,-0.02690717911256696,-0.0404812765311694,-0.021167140681181806,-0.056547276555349024,-0.025615751151485733,0.003270986658034547,-0.023437616652704885,-0.02548206015692378,-0.037261964469741005,-0.04238113519578063,-0.04493401937617375,-0.00916418473418723,-0.0047709493498293565,-0.031906289956257716,-0.016183612336180264,-0.031456594240335256,-0.050828228605654946,0.0,-0.00042565774471042817,-0.015818531942218772,0.00020933637838482788,-0.0031599202436721208,0.0,-0.00033397856303990503,-0.0379462914404205,-0.04813616782316571,-0.04138502077705136,-0.006719840171813651,0.0034750786716666315,0.0,-0.0001891206452069305,-0.04277111682045853,0.0,-0.018187714032824098,-0.017321444776116746,-0.0010065527741420777,-0.0216598893776066,-1.1102230246251565e-16,-0.02900969022080635,-0.017591745361642264,-0.015134412908151818,-0.05150570376260244,0.003269348465613997,-0.01911015320411713,-0.016867617513849464,-0.04922694565409391,-0.04364877746284884,-0.04452197312172168,-0.05565678647705857,-0.026476989207792012
-0.05438817694559339,-0.05191965619205735,0.01368906070197301,-0.044499743946016135,-0.061961115069850636,-0.030677865570790275,-0.08189816965338259,-0.04868006977740846,-0.03137545006539211,-0.07265129099434886,0.006427880915428397,-0.04637463568589251,-0.07179884669124709,-0.02744227394873,-0.04359142118848691,-0.07242470491570319,0.004228486237013496,-0.060627493050919856,0.0015406186157145285,-0.020725759786403564,-0.04975885222368831,-0.02794124530227743,0.0,-0.04313925876811059,-0.047165420629304844,-0.030362103427859,-0.0072236393484398365,-0.06923232155832432,-0.05874461907907236,-0.08371706678866903,-0.07765280590720836,-0.07584663936057912,-0.05639830511482491,-0.07461249946584053,-0.08226255605289573,-0.057954926260834816,-0.07935851088449636,-0.06530728329105406,-0.059267914488773554,-0.048143391008502956,-0.0841140077214419,-0.082013992542254,-0.07248001381439007,-0.000879674026612709,-0.005061608108400062,-0.0027818481689608765,-0.03629133894715808,-0.008487031374246001,7.596689930183809e-05,-0.043982107973524476,-0.05311497876486804,-0.056709846499123306,-0.06098744231728459,-0.02800621861277197,0.002729351653084078,-0.03682113514493579,-0.007051484445283196,-0.0738562426233565,-0.0251086914226204,-0.062243781885846394,-0.03874460514908451,-0.0017575809423012734,0.006854238576015637,-0.06219099766248115,-0.08250866574139515,-0.052702110496990695,-0.051208280510871895,-0.05945918599665401,0.0001941764957422154,-0.03003439810074321,-0.0338694394721733,-0.06514533444724357,-0.08205187406233316,-0.08451999041555558,-0.07873029269337334,-0.08271825164188645
-0.007703275621789629,-0.0027747240407040574,0.0012148158490903893,-0.003336232653958382,-0.0954479945485271,-0.04800191350492916,-0.09412284463839699,-0.03566130919653393,-0.07823160293106757,0.014429419193611515,0.0039311988212247795,0.026182712377476547,-0.0671665015042276,-0.005161941280882543,-0.013878106644049482,-0.012950321587697267,-0.025286225459326184,-0.017560888827862164,-0.00043854316748875855,-0.027016096789175714,-0.025766553698475414,-0.006259765337914447,-0.04313925876811059,0.0,-0.01843048748147952,0.00498022882487964,-0.02543757752842396,-0.03562899659150237,-0.033751502632663744,0.001400826434981739,-0.020161055031704123,-0.035737407090392914,0.00830154449826298,-0.025614486559720206,-0.041514850539087655,-0.03213976866343582,-0.014806965965872193,0.03023000418880245,-0.05229480496149291,0.00912453433074073,-0.07444270260621566,0.013190817785644127,-0.007716649313112667,-0.0002906551953247849,-0.04496735687998066,-2.2935079713515272e-05,-0.01760164884961468,-0.0001629514303477797,0.0,0.0,-0.0020406063218933457,0.002342255079847644,0.0007827981913030024,-0.0011045946430202624,0.019663430960174255,-0.00011623333275601055,-0.010983591694657402,0.003493516186269141,0.0,-0.0010205482211354533,-0.018221583580186773,0.009138830838826106,-0.016195718587671826,0.0,0.0021202039319416777,-0.0037451231972199794,-0.02706632704784917,-0.003860137771542649,0.02744612328807905,-0.016429195844430033,-0.009898784531191474,-0.0014944319319345478,-0.15726803937943273,-4.5153524477759e-05,0.0,-0.01608994838869504
-0.01121842369533449,-0.008082285964732316,-0.0009194162370921855,0.0,-0.030183491236425164,-0.04310327590785695,-0.049453645509392574,-0.01568008834882073,-0.051498182462741904,0.00847672351011386,-0.07774364753878854,0.002337862128692414,-0.043947810539342436,0.00013327849982791573,-0.023879052912793797,-0.016440860420861847,-0.03229754251565764,-0.017772961488315142,-0.08442241428698061,-0.04886255042063398,-0.0022597029184815987,-0.03405504532850623,-0.047165420629304844,-0.01843048748147952,0.0,-0.008920950498892133,-0.03447489221366701,-0.054397026763609524,-0.04563349465830918,-0.0009272465601577462,-0.026294146239100147,-0.021750127316751522,-0.02792611693291236,-0.03168596216950359,-0.05272637554310522,-0.0036498058596398097,-0.0005928770115888327,-0.029144793054689755,-0.02603082596452877,-0.023993086695321242,-0.023498963326591626,-0.03549293903036499,0.0005742880794429861,0.0,-0.01740068526741556,-0.006031664329549435,-0.015688416153308626,0.0,0.0,0.0,-0.04374365492631799,-0.0006371251505590814,0.002648795282425509,0.0003094981136317898,-0.009687199220182519,0.0,-0.02045101751049838,-0.037663595370741265,0.0,-0.0013374317478106468,-0.01469870432370518,-0.01711161910510739,-0.0233727689376636,0.0,-0.05632588301689162,0.006529453924078166,-0.029808237831206397,-0.05920189920509239,-0.02796360460721914,-0.025289634845274078,-0.022602502491823995,-0.06332996040590239,-0.05142747208606707,-0.03930706273599005,0.0,-0.023317659798203605
-0.01108761207870429,-0.010027242979817663,-0.035408593624126794,-0.0010720436418987234,-0.033987350783447945,-0.02625781321306775,-0.049453673912113916,-0.042569042859415485,-0.052628656913872585,0.023802700338027838,-0.003854744246827857,0.02131959183976595,-0.04137112340515908,0.0029990864564110598,0.007025584877030866,-0.018654749573657203,-0.033354849912550666,-0.020104196857386958,-0.0025844117817150902,-0.02214124402676071,-0.02943014175793013,-0.009486960575408987,-0.030362103427859,0.00498022882487964,-0.008920950498892133,0.0,-0.005997146246043472,-0.042245144305468496,-0.04200361022687826,0.006639154850142048,-0.019215330856556523,0.002578813845163397,-0.006083731131114101,-0.01518628424377888,-0.03552714279860114,-0.09289673885737737,-0.00338041366698022,0.004831215170349068,-0.008036550981047719,-0.023006985875242247,-0.016422870451589966,-0.029220327053640915,-0.024904227983245486,0.0,-0.014466101632298112,-0.014108626824797854,-0.009131205678009402,-0.003695843369658114,0.0,-0.00023423444268166893,-0.02799478113006909,-0.03839383991304607,-0.04268703891966197,-0.002800905099046236,-0.009035278752679898,0.00047056813013279797,-0.021267632844865547,-0.04285104075805224,0.0,-0.01751050870687776,-0.012859636819001263,-0.011652238414438354,-0.024925452464831355,-5.551115123125783e-17,-0.017486566160052952,-0.0036020109912111575,-0.015430933479929243,-0.04790558700469011,-0.02226945732591412,-0.02471736539321917,-0.015315132154894828,-0.029934620799263068,-0.03879530686275984,-0.042325016261518966,0.00029323886037058156,-0.02228638893077073
