0.0,0.01820941522081032,0.00172004719748714,0.0,-0.0009262204537127672,0.03967938902883389,0.006485957582961777,0.01412493619909394,0.011181950729737822,0.009134545686133755,2.328609668461601e-05,0.007628972048971783,0.0362807627213399,-0.0007717094014809689,-0.024066035267632402,0.023847593517727417,-0.010219467961614215,0.015293392210115442,0.0,0.02085832820968936,0.04254597291065926,0.03147011096391594,0.013645430714941453,0.006575849643458365,0.01605581371381698,0.00556146558976206,0.024776265508767714,0.03992611639600907,0.041662600414343554,0.04235277003560478,0.014418840942025002,0.008355901711373737,0.02025152866793245,0.014439774650172987,0.0128293585931607,-0.00435423885431252,0.0,-0.019763851996823845,-0.0005133012281667293,0.03606774488155895,0.016403342512810337,-0.007532930026562135,0.0,0.0,-0.0016673869510102635,0.01948674533197281,0.019528437346438388,0.0,0.0,0.0,-0.002776792607052714,0.0,0.001283082657319301,0.0,-0.002013693055744392,0.0,0.0028041358280903594,0.028039783428043308,0.0,0.0073767419913873256,0.013378357954898223,0.017482189562835482,0.013476857800594766,0.0,0.006048649811094764,0.04986964341522382,0.008537677631360652,0.0029749109876927027,-0.02063984803793223,0.025920222385802272,0.01947991572720803,-0.0012656195462481534,0.0007383113659031326,0.0028774872583599564,0.0,-0.008910347431746457
0.01820941522081032,0.0,0.005363720282095752,0.0,0.0006899367914665611,0.018449030298393287,0.022583607161331953,-0.00041296878459573527,0.022331062436446614,0.03811192788165474,-0.001221854055424909,0.039581910381333574,0.024495314007722646,0.0,0.019157697135650076,0.020593838315335178,0.021399701379759717,0.014900573140533668,-0.003403739799859362,0.017037168900723543,0.014147558173882746,0.02164812253914067,0.01960688201656796,-0.009870009611247565,-0.00024105167297283625,0.006490007549768029,0.021312114992894593,0.02531225966180134,0.013378767867041397,0.016679133599819707,0.029668705970217535,0.029177497380911577,0.036269175764445605,0.0350229426232066,0.07112600194583157,-0.01452414969725746,-0.0014974192216402615,-0.0015228510301940612,0.006630164983781439,0.00850875867410733,0.026964698826505318,0.02750468468598749,-0.006542566249156667,0.0,-0.0001048400261702831,0.03447746064366297,0.012265176839639347,-0.0028527742335020534,0.0,-5.551115123125783e-17,0.023561136048943554,0.014471912621899785,0.03505389183438684,0.0016274016694897697,-0.0004958052593385109,0.0,-0.0027462904033414004,0.023940134929252344,0.0,0.02857101969591319,0.016599516989415253,-0.008676697190795002,0.012036027743226763,0.0,0.03295727006960841,0.039283225079856654,0.020747257554945164,0.03062263343314897,0.00030059071774507506,0.01714275236734203,0.02760680564623852,0.031693146002871375,0.03184904171925684,0.02611541053340727,0.0026925427998841234,0.02942115730055056
0.00172004719748714,0.005363720282095752,0.0,0.02916154136955007,0.02469659283435388,0.01722910008147205,0.02190376319810733,0.042629956455099316,0.005595085700467017,0.023302151073989086,0.0341253345980444,-0.0002556340625470277,0.027944352977447406,0.052481972152371215,-0.004415153480929523,-0.0027468592941535253,-0.0024781173945975787,0.0004169928141077306,0.006207362004104544,0.0009743304927380403,-0.004595731521315594,-7.353756781208753e-05,0.032536565329678135,0.001326258652375234,0.01741282214611134,-0.005921416603338503,0.007347515115837977,0.023909955091703572,0.0029082128569741794,-0.0050163958614267146,0.02126095172967868,0.02248489009804444,0.003172067916402066,0.023270803448394217,-0.010865734667339144,0.04105715790264458,0.028442685033185977,0.047829108620019434,0.032687522526334556,-0.0009333943662132027,0.02359470853727219,0.0033818223729550345,0.02752637927780388,-0.002779849308865434,-1.9689311272774734e-05,0.0,0.0009445111110143456,-0.02095096795115753,0.0004547745261960223,0.058200891648879316,0.026333676162169417,0.03006629161302843,0.024142244993146322,0.028748475552513586,0.010764668885237638,0.04292769790355605,-0.001059468064712632,0.027784351251142092,0.04498397329849746,0.0024886468935838013,-0.000797483432241064,0.0,0.0,-0.05200020464285243,-0.004309103528025715,0.0009381639815890241,-0.011780983795929123,-0.041028042302742485,0.0,0.0,-0.0003312533329788425,-0.006484209402294883,0.017000290207586977,0.0018776994108875567,-0.00414465270783515,0.029019644365194552
0.0,0.0,0.02916154136955007,0.0,0.020632307486140478,0.0206592956205221,-3.6824009559510706e-05,0.006786724388602006,0.007172558292583675,0.02458188408323775,0.04482053770889949,-0.001380298799984525,0.04115780286021209,0.023176237597308302,-0.0032938650183406137,0.0,0.0005743993056246954,0.0,0.03468236175739814,-0.0009572703011595518,0.0006423949923737293,0.003518812410723826,0.04241920553255496,-0.003025357402111739,0.0,-0.0020244074671394996,-0.004624051440600574,0.008066046891449019,0.0006363243879699554,-0.0003224724114874733,-0.009340169587599034,0.0474121512198436,-0.012935612013922515,0.030163045838622338,-0.010408216680299676,-0.021043531858157077,-0.012413050583093721,-0.005171846783934841,0.058000868450729604,0.0,-0.04015310998980842,0.0,0.00047267551367369265,0.0,0.0,0.0,0.0,-8.989506676748693e-05,0.0,0.0,-0.0003810589053054869,0.0,0.0,0.00021045592656593337,0.0,0.00021545374333015177,0.0,-0.00015843128821324548,0.0,0.0,0.0,0.0,0.0,0.0,0.0,0.0,0.0,0.0032825664612539107,0.0,0.0,0.0,-0.0005778705517492377,0.00020628361236296744,0.001452583038665578,0.0,0.0
-0.0009262204537127672,0.0006899367914665611,0.02469659283435388,0.020632307486140478,0.0,0.014110423335731648,0.014159323113178135,0.01394628700622752,0.018208680572777913,0.031605863088119523,0.008089943955324863,0.02675291423818793,0.038112638697581525,0.02775983213587835,-0.002922299389867933,0.0012444430465707867,-0.0022828329196721286,0.0013012380925728206,0.03049734158104811,0.0007911695197000967,-0.0011906649255836177,0.01160241837841891,0.01286881995628436,0.006822111291158339,-0.005202505764665688,0.0379812790971793,0.013485167740673376,0.04723016780996775,0.01954294549390878,-0.0037278710552239303,0.02612497302053607,0.046031071149944924,0.04379194259159214,0.027444118026655917,0.014676882686687154,0.02607216245195121,-0.07015033684611868,0.0356931112725955,-0.0147084943758371,0.02397535887544222,-0.012035414532581945,0.007399691328662694,-0.0077077667869177025,0.00022127715122527425,0.00012895740759683028,0.0,-0.00027031105930119814,0.028129433294892037,0.0,0.013085379394955354,0.02355523918857083,0.013305936626899939,0.01620639491569492,0.021364050577369453,0.0016401336979078307,0.04608291151524835,0.0002865570572797016,0.009016380468022445,0.005218957559648796,-0.0017399351331373047,-0.0007741768721646891,0.0,0.0,0.013048908302415119,-0.002210040071343844,0.0,-0.00826376346684432,0.01674286214992704,0.0,0.00011416963636246003,-0.00271337711361469,0.014893450312463807,0.02221215883096672,0.008804258651836816,0.00043119903320154584,0.00840344950871208
0.03967938902883389,0.018449030298393287,0.01722910008147205,0.0206592956205221,0.014110423335731648,0.0,0.018679141545229483,0.006067289305027201,0.0274622060343524,0.022383372312967165,0.04183694479716288,0.011870071830565931,0.026686358185960102,0.003555265219939596,-0.012516980593535565,0.01756956151157013,0.01877578235717503,0.014165657009642063,0.037800085491837054,0.02342989081075797,0.01434708373167276,0.020072188433399474,-0.002473951781044259,0.002910900686582063,0.01572304403336333,0.017438231395930093,0.02674699113883955,0.024707094339600222,-0.00634206854395758,0.041779287204599225,0.0333782536505941,0.02300784967773467,0.03588076113458777,0.025973670485274658,0.023055105715023172,0.023954248583755278,0.004918237023983418,0.02992554399060826,0.020978444669823126,0.01112584618813206,0.03549199516984458,0.01880548272741911,0.019544703967604493,-0.00461631916412919,-0.0021932858689203694,-0.0013861692139552906,0.023696975701276213,0.02737429250802148,0.0,0.03278959523507874,0.022739850771163028,0.02959037147229948,0.028961247837593573,0.02917743708841969,0.013276044984921076,0.04686789599565577,-0.00144825541622301,0.020295996788730286,0.020735401574824286,0.028322510698354397,-0.003494444763977811,5.551115123125783e-17,-0.008844708482488639,0.03466411506233835,0.035603531810468936,0.0751875144556925,0.03344260350250855,0.014796066351955406,0.0,-0.0023653891566079444,0.019324971080820874,0.02081069682075587,0.02442144004948199,0.026233585407656357,0.01818023726720608,0.027064185117084416
0.006485957582961777,0.022583607161331953,0.02190376319810733,-3.6824009559510706e-05,0.014159323113178135,0.018679141545229483,0.0,0.019258933819034152,0.007413898669692887,0.015963508212287536,0.018555661514151833,0.012013514607544074,0.015432561920307841,0.06057042058125561,0.0005139736123195848,0.018085593928671206,-0.004208302341538128,0.009652668171634182,0.023255240229019702,0.014908277684980487,0.026486048343378643,0.021895284876276344,0.017412320161390826,0.002230426171665134,0.018885138582605432,0.013548784721571117,0.01865882784596451,0.008377703169324291,0.025604346135985778,-0.004984996994730095,-0.0037316665229371604,0.0209355619720219,0.017682129324991303,0.006761197091404492,-0.002114275728953452,0.029088039369434104,-0.01908815468568109,0.03987153907646568,0.010162968189890653,-0.01501354062877569,-0.0053907348660046095,-0.03696818472106861,-0.0025464583728245227,-0.0004992156620806099,-0.0019764265110478463,-0.0005541533746880045,-0.0013671610780438548,0.022099017542281052,0.0,0.020762039920618536,0.025663298256573874,0.02912137785652924,0.02664948486415497,0.02526309382406222,0.005308087155647234,0.02481784885999566,0.001175810874404326,0.02645118421718673,0.0003607014827040622,-0.0005682046260884754,-0.000959281112739796,1.1102230246251565e-16,-0.0009767706301621049,0.016673982893881223,-0.005670928676798193,0.0036753339555946063,0.0010982094322303793,0.020757667946223912,-0.0023225511472907967,-0.0031875672235894825,0.02550035035450876,0.023226292516964953,0.03237679906787716,0.020099041230662196,0.018761221396001337,0.028784297169066386
0.01412493619909394,-0.00041296878459573527,0.042629956455099316,0.006786724388602006,0.01394628700622752,0.006067289305027201,0.019258933819034152,0.0,0.019276882098099357,0.01116191557115126,0.03868684345346357,0.01439217240121865,0.033006708925966244,0.016392859177306207,0.028992676872086565,0.018752512579624847,0.0012466007724647454,0.007125193001460306,0.02990534200097955,0.02377158989470579,0.003423550269179787,0.02586594927257746,0.010783876107973545,0.008986651157878889,0.024213853656698037,0.01526522829090371,0.024031898609294,0.03462592405534265,0.027087105094265096,0.03636241370444998,0.023079395039216133,0.032674907148387666,0.027146297999002644,0.025014480541086292,0.022287030603376723,0.014883477617727847,-0.10687054024198334,0.002418556048328191,0.022124757985380772,0.009538596220396212,0.01891570113672547,0.03936931719040426,0.01581015022632698,-2.0554678537010318e-05,-7.547989222478346e-06,0.0065164050100238735,0.024689380534148653,0.017527036665173412,0.0,0.03930948601926465,0.016011729797092755,0.021309247788952046,0.011349439817442297,0.01672296390494199,-0.0022087210378214372,0.03131166643340949,-1.1102230246251565e-16,0.01936531453817547,0.0028899115790456675,0.007480108535259766,0.004965277915533861,0.0,-1.984975621643903e-05,0.016068390581487124,0.036016625712264494,0.05929799084203874,-0.006661902652795482,0.015701703581141813,0.0022879190465563415,-0.003199916333305519,0.028777999602991045,0.017878545469769525,0.033313040078709555,0.041718087746929866,0.011998024476364555,0.025783863349803093
0.011181950729737822,0.022331062436446614,0.005595085700467017,0.007172558292583675,0.018208680572777913,0.0274622060343524,0.007413898669692887,0.019276882098099357,0.0,0.01769141476714925,-0.01694921264579108,0.01665181013707956,0.05497801245758299,0.03197643526581545,-0.002656962769645166,0.02739758718377222,0.003294174939403094,0.020976798989099876,0.02410918564183251,0.015641374172431388,-0.002190847044658162,0.02099739227943853,0.01979491997625532,0.0008449384230102552,0.027967312192606786,-0.00871425453766661,-0.001094183503857482,0.0358935956258431,0.026721519473138278,0.0617269545943821,0.022894092431182955,0.023185063253332472,0.021157159853476937,0.02004660724000429,0.013429231803435249,0.024862636121940673,-0.001866975939157689,0.03053533637600686,0.018042453492642774,0.0783889505297447,0.017138600013622773,0.005175339164427473,0.006406489186578601,-0.000214463775138507,-0.0042041870468810805,0.0,0.0025900461681664932,0.05898775049410354,6.474018463820119e-05,0.03841079448609941,0.022012433012456256,0.023637380595431634,0.015270181227366675,0.027484763675528434,0.03963624439791513,0.06521382995233427,-0.0038007929908403515,0.014325661934375455,0.010075602782592674,0.0003224033820799499,0.0013753011404344928,5.551115123125783e-17,0.0,0.020390298169729926,-0.004256697781601482,0.008510155299055522,-0.004442517046328587,0.014556459998596338,-0.00033527157529594787,-0.000374841793345404,-0.011929458190887254,0.015043186230126127,0.025510781545461825,0.003743620397258507,0.02877446860120514,0.0274603104608786
0.009134545686133755,0.03811192788165474,0.023302151073989086,0.02458188408323775,0.031605863088119523,0.022383372312967165,0.015963508212287536,0.01116191557115126,0.01769141476714925,0.0,0.02332665083310087,-0.01202138484497417,0.016678568364465574,0.06837375941936935,-0.006295427269688514,0.007452619778709368,-0.0030518380974101644,0.0007234995799783595,0.02357425812751801,0.009217352014740887,0.006380618263179594,0.012558556779155183,0.019162748438568578,-0.009490293974538488,-0.008757213100327399,-0.005930279325599808,0.00779093173928358,0.011640295088610197,-0.0611978609996095,-0.0031278117300992947,0.01635280355447677,0.006905547802106671,0.014788491832715023,0.012455936267894319,0.0173285284476683,0.016021978469109355,0.017383205523975542,0.01387846361643802,-0.017795039401155788,-0.014566834156085229,-0.00012106783728410564,0.00047603198209267283,-0.0101080157201493,-0.002791699102248635,-0.009379895818597495,0.029894826764624738,-0.011519967342947801,0.0019789409253404555,-1.1102230246251565e-16,1.6653345369377348e-16,0.004359546664922331,-0.07072281342705938,0.0009408497711038688,0.00016643607097976965,-0.015404292371220485,-0.002178085573401156,0.014926099972250306,-0.002735093108352238,0.0,0.0011794788899548991,0.033695633896246246,0.031044103310938154,0.027578695840836553,-0.0007169816542750285,0.0006440820933152347,0.000688971061771404,0.01361024378750808,0.017845583468920845,0.0035583591959383876,0.01979233440597672,0.017402246401827137,0.021691468582949347,-0.130642932198829,0.0034394571172868815,-1.1102230246251565e-16,0.014153730789568775
2.328609668461601e-05,-0.001221854055424909,0.0341253345980444,0.04482053770889949,0.008089943955324863,0.04183694479716288,0.018555661514151833,0.03868684345346357,-0.01694921264579108,0.02332665083310087,0.0,0.026984462288158484,0.0336390078170436,0.033188106220291225,0.0,-2.4420634585853307e-05,-0.003189863590391695,0.011079267931220604,0.049817774069958964,0.00011223403197446746,0.002725839236870531,-0.0023090631663054695,0.0645170736338686,0.0011037138695271231,0.0065704727807945895,0.007770073563840962,0.01895285246749978,0.030633025773883438,-0.004679693702463128,0.002279173149143998,0.026790353662405453,0.04860496640457318,0.052995458949046004,0.027292308356916872,0.006620792553786725,0.06963316920137996,0.00682679360023436,0.03475673273861424,0.018704327102019802,0.003246648319246759,0.019757516960033306,0.0007067169709675247,0.022371914853840935,0.0033453021726549403,-6.15049773955989e-05,0.0,5.551115123125783e-17,0.11419914295728195,-0.00019697231202081555,0.032773889675259626,0.030948992012440057,0.02622079730564597,0.013449563301173584,0.03895296448272423,0.03322859480705448,0.012796231711800166,0.001019614725104645,0.016711864056886905,0.03707127145133027,-0.0005279677096529101,0.0,0.0,0.0,0.026635821085078504,-0.0038599045754434957,0.0,-0.0003557687053470371,0.03613641886429275,0.0,0.0,0.0004949655415437126,0.030874712754955458,0.017334262191205763,0.002385515599107768,0.0003167867872790886,0.018550755336156965
0.007628972048971783,0.039581910381333574,-0.0002556340625470277,-0.001380298799984525,0.02675291423818793,0.011870071830565931,0.012013514607544074,0.01439217240121865,0.01665181013707956,-0.01202138484497417,0.026984462288158484,0.0,0.01894612671414525,0.003515751656311794,-0.0036231482330574827,0.02461559201685476,0.0018115569063640868,0.010032068963935104,0.045801031769209244,-0.039074002820131126,0.00940088805866307,0.020965456238770275,0.009681966673074915,-0.0017739371470365528,0.0008213085753363547,0.01397915067904032,0.0006763234737982016,0.017501098265385706,0.0030395709813881844,0.0034455430262009257,0.007711703610954024,-0.010256531716917872,0.0019998650678956786,0.004044197941130978,0.031284274419465574,-0.037225394033839676,-0.019141815193007283,-0.001783020160513571,-0.01926423202991362,-0.0006695319691618073,0.013535776983641057,-6.593677366367734e-05,0.025758718718769003,0.0011475096817820385,-0.0018455633234971125,0.021710227997582154,0.0161511362854313,0.000908371278620923,0.0,-0.0004311912441388732,0.0022738261629310363,-0.04926218100332169,0.0,0.0022126842676130076,0.005472067357892352,0.001747194746983205,0.030176709983455285,0.0053680520949208055,0.0,3.132790826654297e-05,0.025501565404562387,0.04063460776197669,0.03616701204386402,0.0,-0.00011875573389819039,0.0007495545122463421,0.02369818617559788,0.0012897281120356485,0.015283603024543846,0.02930670280827341,0.026192975834936516,0.0019231069940601198,-0.1396503597452371,0.002331898479743688,0.0,0.04042418698387895
0.0362807627213399,0.024495314007722646,0.027944352977447406,0.04115780286021209,0.038112638697581525,0.026686358185960102,0.015432561920307841,0.033006708925966244,0.05497801245758299,0.016678568364465574,0.0336390078170436,0.01894612671414525,0.0,0.058369207998862915,0.030163047810220167,0.025073122919162916,0.0007723715923480534,0.011936569869322233,0.03919340169772417,0.026243045584062208,0.029037216325610182,0.031636885222339706,0.02503238954547249,0.008132747171394672,0.02107609983194697,0.0162919414450568,0.033596936939362165,0.02595253632511324,0.035936142561245554,0.05620856858435508,0.02341013606395631,0.01977476121754146,0.017084746366292203,0.010219334337925379,-0.010892260920001673,0.04191292298419236,0.023092724020624067,0.028448085854441696,0.011570777770391338,-0.002864422330230154,0.0009502273091518965,-0.043692444835584265,0.02317366926122466,0.0004473493682516372,0.014253871671829399,-0.000574535673023624,0.015977969070358533,0.028340642815097183,0.0,0.021459722321496733,0.03355758992372404,0.037110736739917716,0.0351939246409938,0.029829285632011815,-0.0012360221885661105,0.03988540706010962,0.0033955655499922077,0.031949701768559824,0.002579207663328975,0.02607170158577371,0.0042175743389119,0.0010901081073300123,7.620616268172453e-05,0.016939950186026675,0.030754070755131924,0.046247703618438774,0.053320337644750415,0.028041212420607642,-0.001090457505503406,-0.001637114923700611,0.02201673995853548,0.03066268605363842,0.02307409382948733,0.03540325580716164,0.037142488262553175,0.03370935521520502
-0.0007717094014809689,0.0,0.052481972152371215,0.023176237597308302,0.02775983213587835,0.003555265219939596,0.06057042058125561,0.016392859177306207,0.03197643526581545,0.06837375941936935,0.033188106220291225,0.003515751656311794,0.058369207998862915,0.0,-0.0002924815238171119,0.0,0.0,0.0,0.04953621426917665,0.00034010268199380356,-0.0026743152177166607,0.0009467246064779333,0.020932335321976858,-0.008248022904967511,0.00019228431005552382,-0.0034037408974741945,0.031200206555745347,0.053886632611176655,-0.0002486478579833973,-0.00045232386950117,0.03396145769960174,0.07100049436992895,-0.00042498991737710545,0.038989871605257465,0.03030435348020505,0.03688291575838415,0.009621321654957687,-0.0024283941832756173,0.015349275828160647,0.0,-0.0013919404832383186,0.0,0.010626747111649792,0.0,0.0,0.0,0.0,0.04748855503713645,0.0,0.04184256866843683,0.026348037609335573,0.0008265910761620088,0.02823267572522259,0.03421913945550836,0.0,0.034666924007020705,-0.0004590389646704218,-0.0056697168539347476,0.03746723113980721,-5.551115123125783e-17,0.0,0.0,0.0,0.008475865070014743,0.0011466318657553654,0.0,0.0,0.007992213118749092,-0.0007166519086698742,0.0,0.0,0.07500855075753854,0.0039382192831872165,0.0031661888544853856,0.0,-5.551115123125783e-17
-0.024066035267632402,0.019157697135650076,-0.004415153480929523,-0.0032938650183406137,-0.002922299389867933,-0.012516980593535565,0.0005139736123195848,0.028992676872086565,-0.002656962769645166,-0.006295427269688514,0.0,-0.0036231482330574827,0.030163047810220167,-0.0002924815238171119,0.0,0.025385005221673362,0.0017525025570541142,0.010926992437019112,0.0,0.020963765413166302,0.006723782866383088,0.034606079888015395,0.01349292393455187,0.005456355395442702,0.008124200139657367,0.014671026845989088,0.013230925423038331,0.023795703641057653,0.023400469606813246,-0.00031701414231777303,0.016056070803010247,0.013980577276358486,0.032087524212788376,0.023391179445866495,0.046555852686535226,0.010788942344604147,0.00021953722555539956,-0.005352077491471874,0.014154020087540298,0.0022353003658139303,0.03475653242779575,0.02513243481046279,0.016636408470355246,-0.0011978525130372786,-0.0009093313222672261,-0.006097078183821825,0.02352397157342173,-0.0037117324946317476,0.0,0.0,0.029550832258245285,-0.0006943809504758036,0.03130381672965421,-0.0019042492286592827,-0.00014073168018097215,0.0,-0.0015164163500741568,0.03056592683384557,0.0,0.018024472883845455,0.014868127764843808,-0.0008142775223862198,-0.0017153765289826817,0.0,0.019194053212289786,0.025238977259698092,0.022909130926545007,0.02768706960551731,0.0033386683473196066,0.017192523298751206,0.024325559958854326,0.028447610960721015,0.019808171649275175,0.02039623703620075,0.018803939266218705,0.023599474137350196
0.023847593517727417,0.020593838315335178,-0.0027468592941535253,0.0,0.0012444430465707867,0.01756956151157013,0.018085593928671206,0.018752512579624847,0.02739758718377222,0.007452619778709368,-2.4420634585853307e-05,0.02461559201685476,0.025073122919162916,0.0,0.025385005221673362,0.0,-0.00011980031222552645,-0.01529497058274032,-0.0012230489268206801,0.031436591717641016,0.03246517009581862,0.014366739190736388,0.03055920161426884,0.024587495668730253,0.015944239250551218,0.02852587824998204,0.02609832638237447,0.034897404148562794,0.02414917902468494,0.043954318663977976,0.019653453246205543,0.008958026990528722,0.039855397445205554,0.0239751002479639,0.06080504187575558,0.0051326234930420545,0.0028411582625457177,-0.0006780598729166365,0.012040176848374662,0.023761955221917208,0.028637140231970226,-0.00378805571515739,0.002625583807202181,0.0,0.0,0.0388409763816126,0.02600506461660501,0.0,0.0,0.0,-0.005008468494427487,-0.005405596205417362,0.00022051399582212472,0.0,-0.004472501424097108,0.0,-0.003245402392789143,-0.0016446529112909558,0.0,0.02618551786222917,0.01845254969251703,-0.0029276118687139308,0.020299293650545835,0.0,0.0382381287219542,0.08236450787222654,0.03148245088206225,0.04548032637267774,0.0006610081936485601,0.02694369849748013,0.030738214171557032,0.04185243862360294,0.04561829621911123,0.0344678940867581,-7.673873422986421e-05,0.029788149931373187
-0.010219467961614215,0.021399701379759717,-0.0024781173945975787,0.0005743993056246954,-0.0022828329196721286,0.01877578235717503,-0.004208302341538128,0.0012466007724647454,0.003294174939403094,-0.0030518380974101644,-0.003189863590391695,0.0018115569063640868,0.0007723715923480534,0.0,0.0017525025570541142,-0.00011980031222552645,0.0,-0.002570809938280738,-0.0046165254321108296,-0.005785871542445253,0.002417014955362895,0.011179592573055064,0.004206646438854711,0.01733658579868602,-0.016432521930612398,0.018055483878017087,0.04437742392038696,0.00437096418390287,-0.0036663197583359786,-0.003604134579368534,-0.007847411557170336,-0.031179277686481655,0.0016260157241613782,-0.020003540120279772,-0.028147778138538193,0.01189340848176701,-0.0017562606056770735,-0.005592829458798021,-0.029852943748480965,-0.019107809782795415,0.004994106742241378,0.0007572930700217029,0.0,0.0,-0.009708258066694841,-0.0008851246944014957,-0.0016040213003524206,0.0,0.0,1.6653345369377348e-16,0.0002659614163527113,0.00029107461969074544,0.0,0.0,0.0005620487598944623,-0.0005165793147068332,0.006459549958963917,-0.0005877807720410799,0.0,0.0,0.02729086087259186,0.023389074559309997,0.030665833149970623,0.0,0.00026010534737769264,-5.551115123125783e-17,0.009966599903260709,-0.0010761765762830056,0.014519989352315965,0.020533576317447344,0.011180776793362268,0.0,-0.0003947663112330302,-0.002046866888243737,0.0,0.00744550685595341
0.015293392210115442,0.014900573140533668,0.0004169928141077306,0.0,0.0013012380925728206,0.014165657009642063,0.009652668171634182,0.007125193001460306,0.020976798989099876,0.0007234995799783595,0.011079267931220604,0.010032068963935104,0.011936569869322233,0.0,0.010926992437019112,-0.01529497058274032,-0.002570809938280738,0.0,0.0022054645399007256,0.0021497191016711104,0.015350331565619935,0.012368937000317659,0.009201914398808908,0.02788340421039237,0.00478279187819991,0.017212214423692695,0.02185696657359676,0.015264888552320721,-0.006283344092986032,0.011684161303063656,-0.00394400006177964,-0.018018452370266835,0.015842977006379044,-0.008185744046528498,0.012138435778690115,-0.02104764726775027,0.0,-1.4339391977202798e-05,-0.006113842078230791,-0.007454763836624967,0.014333794678882794,0.00532369216927947,5.551115123125783e-17,0.0,-0.00406884986563022,0.020130725154727025,0.010030794141912769,0.0,0.0,0.0,0.022414184370625256,-0.0003703533537937065,-0.00022569681886980275,0.0,0.010047546218297787,0.0,0.012300066428332812,0.019509025877618102,0.0,-0.0028934995666033414,0.016450089184578798,0.028649050981695234,0.02823956845217429,0.0,0.024143179254038805,0.006602577706280421,0.012081170901367233,0.004542767150115423,0.004669018656636881,0.024376491300505176,0.01812259928410065,0.0034821563362693597,0.022454646462914396,0.018208777808830567,0.0,0.024583136181965226
0.0,-0.003403739799859362,0.006207362004104544,0.03468236175739814,0.03049734158104811,0.037800085491837054,0.023255240229019702,0.02990534200097955,0.02410918564183251,0.02357425812751801,0.049817774069958964,0.045801031769209244,0.03919340169772417,0.04953621426917665,0.0,-0.0012230489268206801,-0.0046165254321108296,0.0022054645399007256,0.0,-0.0015675405432629685,0.0056378062231454695,0.03313356693160274,0.06689691137608694,-0.0016616982110008727,0.0008784454352602222,-0.005563402901016035,0.00022565182380102078,0.03819366912756955,0.04738461736796551,-0.002015756558490567,0.031905445554213985,0.04003490283314909,0.017360233556075355,0.03192143206519843,0.020261673530124757,0.050795783615578016,-0.004307439664701707,0.05541467067603856,0.03280575885044812,-0.0019008417219433804,0.011799986160515696,0.00038091982996868445,0.026116311151589966,5.551115123125783e-17,-1.6653345369377348e-16,0.0,5.551115123125783e-17,0.12894060929985646,0.0,0.05141898434771064,0.033449770082479735,0.030588649431045334,0.03891447410154392,0.0418500020196394,0.001687462359028391,0.1786390847065767,-0.001873112809190225,0.029985880390281605,0.024961170995903337,-0.003041769998335331,0.0,0.0,0.0,0.05398387440319563,-0.0039253163782682066,0.0,0.0019537186213243185,0.030396734820749782,0.0,0.0,-0.0008827884830810429,0.02651667566090332,0.02552229252211191,0.006500181643996128,0.001031556125931754,0.008114014372810674
0.02085832820968936,0.017037168900723543,0.0009743304927380403,-0.0009572703011595518,0.0007911695197000967,0.02342989081075797,0.014908277684980487,0.02377158989470579,0.015641374172431388,0.009217352014740887,0.00011223403197446746,-0.039074002820131126,0.026243045584062208,0.00034010268199380356,0.020963765413166302,0.031436591717641016,-0.005785871542445253,0.0021497191016711104,-0.0015675405432629685,0.0,0.0220987043853067,0.006880566856592718,0.01686649091910608,0.023046308192667564,0.013872319515656761,0.031625588764900014,0.009494192412665192,0.04702339150986318,0.026608187867603605,0.05769300135759764,0.019157573116999005,0.012845507138480095,0.02186896349596179,0.031234952112340786,0.04940462866640677,0.009343442566192128,0.0015305265064243234,0.005396997038438767,0.02478617996452709,0.034089397234462526,0.043039804700978346,0.03134115586667746,0.04991021556406405,-0.000526937684525608,-0.0017370990375865092,-0.0026882464641131976,0.027772620428615724,0.004236046925968129,0.0,-0.0028998658018474788,0.027960802767277915,0.011038496250296403,0.0400369803188218,0.012485129581059795,-0.0010960377067845695,-0.002651350235573058,-0.0004015944221745227,0.02358515420846935,0.0,0.022043483102331896,0.032025650789677174,-0.0005959747731816845,0.021786558403537937,-0.002602191453725311,0.028611079043138532,0.03567561292692062,0.019945337029169785,0.02957761279773552,-0.002360177800637908,0.040673533698001973,0.023697320120830423,0.028884002312478563,0.023638504612321087,0.023349551032470883,0.022176140534783784,0.033670874284760455
0.04254597291065926,0.014147558173882746,-0.004595731521315594,0.0006423949923737293,-0.0011906649255836177,0.01434708373167276,0.026486048343378643,0.003423550269179787,-0.002190847044658162,0.006380618263179594,0.002725839236870531,0.00940088805866307,0.029037216325610182,-0.0026743152177166607,0.006723782866383088,0.03246517009581862,0.002417014955362895,0.015350331565619935,0.0056378062231454695,0.0220987043853067,0.0,0.02573767186244008,-0.0005538071076657269,0.03219459427250154,0.02884643695258915,0.02361165391753528,0.01477183303835261,0.028800867643405725,0.01819809416991125,0.0329736249842576,0.01848718195322452,-0.004449544604868738,0.0200762391296625,0.023123013965581418,0.0460029105700796,0.034411429204818766,0.00031740184333189925,0.003223174206165913,0.006417405215819072,-0.005066950360722966,0.05354198532556298,0.016754782021482062,0.0023720120095980235,0.0,-0.0006418313654615315,-0.05079993218169626,0.01920118095782397,2.6653241052443377e-05,0.0,0.0003520129306491815,0.03564402430663549,0.0038903983956465327,0.061363057381734476,0.0014702943317890238,-0.0010499527556669386,0.0,0.0012108595582148718,0.031202028270730653,0.0,0.018155305340344652,-0.0036327852805757566,0.0,0.0025564177709679337,0.0,0.03785853006764145,0.01835865192256958,0.028506707150466437,0.03640585099477728,0.007927042367728898,-0.003456476308037526,0.016300534124513932,0.04442102964621519,0.03971340416613639,0.03201878319602308,0.04214018743108344,0.048958901567670576
0.03147011096391594,0.02164812253914067,-7.353756781208753e-05,0.003518812410723826,0.01160241837841891,0.020072188433399474,0.021895284876276344,0.02586594927257746,0.02099739227943853,0.012558556779155183,-0.0023090631663054695,0.020965456238770275,0.031636885222339706,0.0009467246064779333,0.034606079888015395,0.014366739190736388,0.011179592573055064,0.012368937000317659,0.03313356693160274,0.006880566856592718,0.02573767186244008,0.0,0.02842305650073329,-0.011879215733664017,0.019504920195350328,0.030149949337497428,0.020423688871939127,0.04740921864829739,0.01319464923059821,0.05741968167588418,0.019615699640237294,0.021036320985282075,0.03645010479849431,0.03398924027318129,0.053910696666638336,-0.006361107719244141,0.0016001973626134092,-0.0038011922773859563,0.007219063182166308,0.0028254116327087186,0.03517610891191586,0.02307329750219822,0.00984477255016769,0.0,-0.001186313173437592,0.02110760810003559,0.018087305344049343,-0.004422873349895329,0.0,-0.0004465145292483763,0.030171313623442608,0.0034871258123731486,0.029692275836687765,-0.006862525865046265,0.003503626544475502,0.0,-0.0008044675087286457,0.026099075705330987,0.0,0.021146149655885016,0.020492834190605214,-0.0031008147636348293,0.005720188411359961,-1.1102230246251565e-16,0.02165129741200761,0.03285569236673125,0.030580817971024965,0.0232072433214226,0.003972684787481862,0.01615044681267097,0.02845598654822956,0.029373145054142458,0.02572093313252638,0.019192086790642993,0.00642884045257941,0.030134154279782666
0.013645430714941453,0.01960688201656796,0.032536565329678135,0.04241920553255496,0.01286881995628436,-0.002473951781044259,0.017412320161390826,0.010783876107973545,0.01979491997625532,0.019162748438568578,0.0645170736338686,0.009681966673074915,0.02503238954547249,0.020932335321976858,0.01349292393455187,0.03055920161426884,0.004206646438854711,0.009201914398808908,0.06689691137608694,0.01686649091910608,-0.0005538071076657269,0.02842305650073329,0.0,0.013215159186890313,0.011307763352942202,0.018393911257522322,-0.014189483468655062,0.03354091063049919,0.02587036615658045,0.04559243746446229,0.026736105338413974,0.014860144901805483,0.037901200170449845,0.025685309228554165,0.03736604603745114,0.03443526842921946,0.01094734189663854,0.021250240532214637,0.017422327819540784,0.01740749927529539,0.025987381444751767,0.013156265619831853,0.020798971987448622,-0.0003913024324234682,-0.0049482396099556625,-0.004387585046579101,0.02302079762058501,0.06557798708879892,0.000109599394037041,0.02203458953390347,0.013525587817327156,0.010163083290551489,0.016658363608532678,0.016995826439152983,0.006512281344162041,0.06549249300844162,-0.006307623654200567,0.01304267150969407,0.00930396916802001,0.022744238069432487,0.014386812764665413,-0.0025122453673698253,0.006893115668472449,0.05751540872654026,0.029225168655117484,0.03436291007876158,0.02575202061465537,0.012767738372602144,-5.0538109032993717e-05,0.028300241487549505,0.02990804693469651,0.015615924586378838,0.0236454044396458,0.024902114412185927,0.019689511095871026,0.02301781754050125
0.006575849643458365,-0.009870009611247565,0.001326258652375234,-0.003025357402111739,0.006822111291158339,0.002910900686582063,0.002230426171665134,0.008986651157878889,0.0008449384230102552,-0.009490293974538488,0.0011037138695271231,-0.0017739371470365528,0.008132747171394672,-0.008248022904967511,0.005456355395442702,0.024587495668730253,0.01733658579868602,0.02788340421039237,-0.0016616982110008727,0.023046308192667564,0.03219459427250154,-0.011879215733664017,0.013215159186890313,0.0,0.025440653026270688,0.012003881513117987,0.01795927271703024,0.013804440246551919,0.03603059421894844,0.0007041378847704172,0.011587569906687412,-0.034068646644093314,-0.037948116163373846,-0.028113083068523115,0.006916398619995656,-0.0034011747505240386,-0.018455592507873514,-0.009767684955111211,-0.024795666529171256,-0.017157621662823808,0.02711387072805088,-0.11112236507685724,0.019142399961861345,-0.0003444804251109268,-0.014470778428764541,0.026045469179070746,0.03948791213763886,-0.00023509420797390712,0.0,0.0,-0.002226268195577641,0.0027903156619595304,0.0009151695731174914,-0.0016532112230551177,-0.005487042957788735,0.00016070465631834452,0.033459848522919,0.0033760352337893207,0.0,-0.0008212286942413938,0.012904037651462807,0.031797058536986555,0.01501201707724048,0.0,0.002423537060632419,-0.0036036744230912854,0.013359564092376708,-0.00463468483448376,0.00904447913678369,0.013247308462805807,0.005019568051089829,-0.0015575132541026382,0.006455622902586444,-0.0007212553796617227,0.0,0.04812493667563095
0.01605581371381698,-0.00024105167297283625,0.01741282214611134,0.0,-0.005202505764665688,0.01572304403336333,0.018885138582605432,0.024213853656698037,0.027967312192606786,-0.008757213100327399,0.0065704727807945895,0.0008213085753363547,0.02107609983194697,0.00019228431005552382,0.008124200139657367,0.015944239250551218,-0.016432521930612398,0.00478279187819991,0.0008784454352602222,0.013872319515656761,0.02884643695258915,0.019504920195350328,0.011307763352942202,0.025440653026270688,0.0,-0.000715234475329285,0.027048106950584128,0.017420912769477825,0.006636170143634379,0.041149534155876244,0.013137816773861943,-0.004605351386529288,0.01675627567877802,0.008928407818671658,0.03556061335381405,-0.005359568834329642,-0.0007259708072696047,0.013937814589797426,0.0016670185101821389,-0.005241149631167452,0.014019691297505465,0.015764525329123646,0.0009541992016608436,0.0,-0.05060231129676063,0.027470871976638278,0.016125518293031604,0.0,0.0,0.0,0.02023102602513155,-0.0006114448420913576,0.002002484343030686,0.0003567194679510721,0.009037279124389896,0.0,0.012741387228831669,0.01764146914614184,0.0,0.00892186666115552,0.013730442358111439,0.02571480832731171,0.024229113232680954,0.0,0.025724375272099087,0.0413576510368075,0.014631459400305746,0.02060599565707011,0.0111288833966387,0.024214177703351103,0.020323841989635716,0.013249348948394912,0.010352959520420146,0.020101858215661683,0.0,0.02435205615651026
0.00556146558976206,0.006490007549768029,-0.005921416603338503,-0.0020244074671394996,0.0379812790971793,0.017438231395930093,0.013548784721571117,0.01526522829090371,-0.00871425453766661,-0.005930279325599808,0.007770073563840962,0.01397915067904032,0.0162919414450568,-0.0034037408974741945,0.014671026845989088,0.02852587824998204,0.018055483878017087,0.017212214423692695,-0.005563402901016035,0.031625588764900014,0.02361165391753528,0.030149949337497428,0.018393911257522322,0.012003881513117987,-0.000715234475329285,0.0,0.029677729658820984,0.014243769450963617,0.008427497911126902,0.02669253233428992,0.018719041737285447,0.0190289427690144,0.026187140870558068,0.019910819681121017,0.05886687228035248,-0.06587952911148715,-0.0044326096505699075,0.008759506808921902,0.003293847296432617,0.006689314890611697,0.01864492793473993,0.020516628794787384,-0.028740339972447737,0.0,-0.028770702399206927,0.031505717255346066,0.01781713989733974,-0.005171215294949683,0.0,-0.00045079275047171796,0.01777982651385923,0.01790843375935619,0.03682501068265709,-0.0037435618772010404,0.0037336038500648816,0.0005850090395336238,0.005223819994566892,0.02531130019448391,0.0,0.029528608980042836,0.01649057941641313,0.027265804633811397,0.027892940322610638,-5.551115123125783e-17,0.020524904213659823,0.030339649924122747,0.024703858882106577,0.033258702183711686,0.006728682214325932,0.027831020516473848,0.023561675906424218,0.03508634832415125,0.014671635051208887,0.013816015341909349,0.0003593399923840779,0.022325710096186835
0.024776265508767714,0.021312114992894593,0.007347515115837977,-0.004624051440600574,0.013485167740673376,0.02674699113883955,0.01865882784596451,0.024031898609294,-0.001094183503857482,0.00779093173928358,0.01895285246749978,0.0006763234737982016,0.033596936939362165,0.031200206555745347,0.013230925423038331,0.02609832638237447,0.04437742392038696,0.02185696657359676,0.00022565182380102078,0.009494192412665192,0.01477183303835261,0.020423688871939127,-0.014189483468655062,0.01795927271703024,0.027048106950584128,0.029677729658820984,0.0,0.03251999446534348,0.019821107589368003,0.025467691352607236,0.01405761641346187,0.01391625777123584,0.03235481430682813,0.022728123725219096,0.04243217668131827,0.02283844412427538,0.010826224821821606,0.02515633126862682,0.02097114200697453,0.041057385273698954,0.026626575747857983,0.020944837817134188,0.028714408912792755,-0.004737194478496076,-0.005152204438790942,-0.0013171109572066575,0.0346379413444281,0.044544160731310734,-1.6653345369377348e-16,0.03114730759018447,0.024275177334173725,0.026414129196781322,0.02760060335925585,0.030232020399180937,0.01126347515312387,0.04652313718608814,0.00034138269801464727,0.020542327447353292,0.016367531003777636,0.024671461030869923,0.04704215052003896,-0.00011637890106291904,-0.00020395188983940438,0.03354148460626516,0.02669751700447165,0.03372810480282923,0.026190417563067336,0.01604142727319824,-0.00352610750234178,0.0024948319020403065,0.024466304323056742,0.020364770287014333,0.028263147299555147,0.024338590203268173,0.031186879168504378,0.02928003505457022
