0.0,-0.0630325288234918,0.0022959702759122735,0.0,-0.0005780039458943564,-0.05688255607981513,-0.05366882416515906,-0.03519103006635815,0.007607751210357228,-0.06706390056363926,-0.00019292159759387584,-0.04087492896851774,-0.08224439748957602,-0.02892728413145562,-0.049832667088195504,-0.08633602296909604,-0.07007187884720484,-0.0848878339944984,0.0,-0.06490433668131307,-0.08309296121252996,-0.06493789369594882,-0.05443399877650529,-0.04567819404366841,-0.0745119442686859,-0.04748337470467334,-0.0681987131903411,-0.07241191494592841,-0.0761917572773696,-0.07131166802373856,-0.054430749347269936,-0.02673399735369153,-0.07448628762022258,-0.029576973752015845,-0.018768391544693508,-0.002142494635827663,0.0,-0.015028278984030197,-0.040366939774873156,-0.07100739424783398,-0.03835796068500441,-0.0327456727362036,0.0,0.0,-0.0008031772020039574,-0.009229670663025102,-0.08000230466714325,0.0,0.0,0.0,-0.06657367605470449,0.0,-0.05597188344395804,0.0,-0.019606669768534923,0.0,-0.038655188243049254,-0.0007737627233891375,0.0,-0.05416439259143818,-0.08085889691354686,0.002760075944707674,-0.06483674708440412,0.0,-0.0661806982657801,-0.009133650443428676,-0.07114225458579643,-0.0860515722434424,-0.029366434360068416,-0.06257915501182593,-0.06514309665664297,-0.057071672239626337,0.0002646510942442837,-0.03516112380060876,0.0,-0.05386274771333677
-0.0630325288234918,0.0,-0.003559648227386858,0.0,-0.058115349178541,-0.050589345743260794,-0.06927701926780028,-0.012201073088697723,-0.05044202123684194,-0.003244967073008198,-0.00043797918833271554,-0.001076846452862823,-0.06570949901000611,0.0,-0.05650702331976459,-0.034968292656045064,-0.06285907551136916,-0.0230851040461581,-0.0014155874785644063,-0.04629275666388083,-0.07366284641179782,-0.015011414900272746,-0.055868615381531206,-0.03245340929222418,-0.014757777762617608,-0.03153271788460921,-0.05398461371093105,-0.06390621990622741,-0.05101207767804539,-0.05746581280920793,-0.02025212917362279,-0.01026807317123235,-0.05966989867724459,-0.007423572584513649,-0.003090260003241696,0.023483336341755146,-0.03086903887344178,0.07549438638607403,-0.03730003091244677,-0.05426720503973109,-0.04426756115938685,-0.027887538760626218,-0.005549242755879424,0.0,0.003357996901989846,-0.051604235209921745,-0.06507526816324116,-0.0018954879648754863,0.0,-5.551115123125783e-17,-0.06990643593489704,-0.004046135254144656,-0.07092738701761386,0.0002347299077112841,0.001538914946707881,0.0,0.008627730302828152,-0.08494895119441465,0.0,-0.05478797168073385,-0.0679776022871415,0.0007420470556923076,-0.05885930507790482,0.0,-0.06638829608990027,-0.06376550078329024,-0.05238134902657443,-0.07706602935870055,-0.00445307567522174,-0.06549567544515977,-0.07110466783275377,-0.07051222326495743,-0.04827677464010349,-0.061663723682729266,0.0014061175514438196,-0.045266957424235144
0.0022959702759122735,-0.003559648227386858,0.0,-0.003010623846578242,-0.06568487075830437,-0.052229706601484294,-0.0930994995553836,-0.04030362347638211,-0.029859211932451668,-0.10376006317491043,-0.04343991825221777,0.004919214946541517,-0.10606337583041886,-0.11876609045963249,-0.0026943692008741804,8.59510311618239e-06,-0.0006363847701135739,0.0011406548248552584,-0.02371322414581864,-0.0008730134136220591,-0.0009136204927148173,-0.05185051085582343,-0.09305807623319659,0.001093273361406355,0.0010238431587220043,0.001623357239759482,-0.029155642482222577,-0.1056481792551971,-0.0025073080272888792,-0.10171315542287446,-0.10515580196138696,-0.0894396612549836,0.003733365402575073,-0.09680652311005639,-0.0017569043458115496,-0.11154113289914847,-0.09624620324160554,0.0008037184443376866,-0.00041971158832654343,-0.0004968865587919868,0.0057571359604042804,0.0023138109535314477,-0.03866604052352651,-0.001193766252458095,0.00011173256086877137,0.0,0.0005713887081880697,-0.12124756449707152,0.0001630160140429493,-0.052919018252973626,-0.06282557560892205,-0.06305164309661387,-0.05338433457652875,-0.1059182721639621,0.002174952103427996,-0.06572554831742916,-0.0009667479705355309,-0.06513828060904986,-0.049268773012732026,0.00244071102846255,-0.00028586159272536715,0.0,0.0,-0.21864003878445432,-0.002945250125525989,0.0010963586358675448,-0.007774794245749395,-0.041373033140483684,0.0,0.0,-0.00037487078945985797,-0.041166678439736204,-0.07812203484589014,-0.05573167815842356,-0.0014183316860700845,0.006065456109207057
0.0,0.0,-0.003010623846578242,0.0,-0.10408431988971478,-0.09748708292979791,-0.09123394920573982,0.00343148338994681,-0.10716378294822387,-0.09638336384012952,-0.09938230164757317,0.0017795488151107763,-0.1358919719062585,-0.0855752036812033,-0.0012420044982787148,0.0,0.000289165383320078,0.0,-0.11994202814029936,0.0005691911947364181,0.00043007563853636466,0.0033795290752619556,-0.04101550140905158,-0.003675281478603132,0.0,0.012261292686212122,-0.052424039168762315,-0.0890410660489353,0.0003073572222584975,-0.00011559171442437899,0.0010487381300277598,0.027229433983417817,-0.09343744701319026,-0.08553050681058172,-0.0015485534515981003,-0.08612578555110509,-0.001993632855517874,-0.0022359615214636586,-0.0012415637323408557,0.0,0.00044980590550658395,0.0,0.00045124538968177585,0.0,0.0,0.0,0.0,-3.2223298848998994e-05,0.0,0.0,-0.0004869437323371528,0.0,0.0,7.543889181188534e-05,0.0,7.723038214590972e-05,0.0,-5.679042166284454e-05,0.0,0.0,0.0,0.0,0.0,0.0,0.0,0.0,0.0,0.0021775671062949087,0.0,0.0,0.0,-1.1742083092514122e-05,7.394330665588811e-05,-0.06713174614435674,0.0,0.0
-0.0005780039458943564,-0.058115349178541,-0.06568487075830437,-0.10408431988971478,0.0,-0.06475780971666012,-0.06094418383082284,-0.06413032987098127,-0.05150340985514318,-0.13145665591927702,-0.04300637670077967,0.002553867065221538,-0.11094002033061823,-0.09695863271377114,-0.06320732052960992,-0.08479111116735238,-0.0001497424986384166,0.0026982792437609815,-0.05867678554000949,-0.06666591656940962,-0.08350260230095591,-0.06835752942248619,-0.06833398870837504,0.008133645586849203,-0.0015904702780497604,-0.06869443754128596,-0.058588932785002046,-0.12290139562678987,-0.07791771448134155,0.0010756650496648867,-0.11758910957098384,-0.1108839576566259,0.0010854512635272706,-0.08876326881358326,-0.12364508932048462,-0.0884760145949631,-0.028683870289326396,-0.0016693536859093694,0.00030439722566133476,0.000614742486299058,0.0033876751997141685,0.003121021962976589,-0.03448089834435908,7.931780940606536e-05,-0.0003139382002144142,0.0,-0.00016991035483387984,-0.0632922501385802,0.0,-0.05638627960769843,-0.05458942164100611,-0.06149515976906089,-0.041587634673394325,-0.06369802286326565,0.001610865591556765,-0.08150726382160312,-0.001007002897585929,-0.06024810515130219,0.0063167899617187495,-0.0008676640658588641,-0.00027750724940611704,0.0,0.0,-0.068512396099346,0.0008033932997876803,0.0,-0.0051134993821270736,-0.033706730956860276,0.0,0.00012874731955081486,-0.0005353634410485419,-0.05652453804218366,-0.07348179873059646,-0.08702552950322434,0.0009508429225449921,-0.07056600112791034
-0.05688255607981513,-0.050589345743260794,-0.052229706601484294,-0.09748708292979791,-0.06475780971666012,0.0,-0.08719411140722472,-0.08624725215300838,-0.05357025269517102,-0.10428929619626898,-0.08048684725226818,-0.09378913240676401,-0.07834990059559949,-0.07374796264637423,-0.07536659794668332,-0.06823277132267563,-0.0016822366497241115,-0.059797762685630584,-0.06875006188012056,-0.05809107836910293,-0.09322761160087356,-0.048403781547215585,-0.05269836822633028,0.004138984208972629,-0.04829340204224053,-0.050727644877881284,-0.039945106113945084,-0.071168544341979,-0.03756512360324071,-0.09682344858911868,-0.08987188900897608,-0.0688760322959836,-0.0461184724274446,-0.08018103273195909,-0.06436535539055432,-0.10390428051087786,-0.09858533948231851,-0.06811686886500212,-0.04390199603795358,-0.038957823760431,-0.0690833285681578,-0.08833250755758831,-0.03157758957486417,9.646312766126153e-05,-0.0017615880834528919,-0.00022207608376201282,-0.062093697360496414,-0.04879895166356757,0.0,-0.060915668883741725,-0.0539966245308105,-0.052119135902536806,-0.04324100042393331,-0.05903429674791888,-0.06802639376306857,-0.05975663073044091,-0.0018562048260378772,-0.06041955172768909,-0.0017741121298825435,-0.06806090654118696,-0.032444378023286036,5.551115123125783e-17,-0.0057515785084185644,-0.06022886961005536,-0.07163009895312777,-0.06454518139775678,-0.053155865911981126,-0.048346273532140216,0.0,0.0024197751640928633,-0.061544126149395306,-0.05375075260949613,-0.06502774189257332,-0.06384716928393752,-0.07616705052568673,-0.06227319151701888
-0.05366882416515906,-0.06927701926780028,-0.0930994995553836,-0.09123394920573982,-0.06094418383082284,-0.08719411140722472,0.0,-0.10485407461863222,-0.08594116377671912,-0.10558268360744194,-0.10341446963372469,0.0008396522391005967,-0.07873370305056543,-0.06925790633464024,-0.0753056873176764,-0.09002267383317514,-0.0012250802601903032,-0.0748906078737197,-0.10710895087612687,-0.07895629584484404,-0.1010666953848825,-0.07866242229636833,-0.08984204309100174,0.006705244587625503,-0.0736148769001973,-0.06617341765933271,-0.08438045318839987,-0.10989680958252407,-0.0858349519764734,-0.10224233928572535,-0.09934299842989103,-0.0905567646314317,-0.10563675180669096,-0.0633053208214675,-0.11609044168516686,-0.07299540106765373,-0.06140966477846227,0.0012837644350440214,-0.04868906418531088,0.0007113600077044979,0.010415292708984336,0.007575615088890375,-0.04913356177911915,-0.0010638145331392512,-0.0013665730142644605,-0.00031000982897555485,0.000523270953849797,-0.06742177207569916,0.0,-0.07232089148347765,-0.05875556285590494,-0.06144024174957047,-0.058383003897041985,-0.07655366344903825,0.0024610421108477443,-0.0994591736654109,0.0013389650683563459,-0.06398118168312966,0.0009558428542905673,0.001868098202607027,0.0006080795310090537,1.1102230246251565e-16,-0.00047519273802953954,-0.08412039219541723,-0.09378188372296586,0.0027524486094349654,-0.06729829048452418,-0.0562092048392448,-0.0022245623902437672,-0.00015047309983790003,-0.07697697042513008,-0.06515681708011489,-0.07570078092138333,-0.08485051514059905,-0.07689779685294595,-0.07393538985575543
-0.03519103006635815,-0.012201073088697723,-0.04030362347638211,0.00343148338994681,-0.06413032987098127,-0.08624725215300838,-0.10485407461863222,0.0,-0.07467001494172382,-0.10423388431467179,-0.08005425376987257,-0.015533040021363576,-0.10959263481154424,-0.051106629692563965,-0.012777764923212087,-0.04175619716294249,0.0034878971341985587,-0.07156045997591642,-0.10289270074678303,-0.06861646393876908,-0.027181797714300238,-0.03444164865735483,-0.047276856766079345,-0.05040623826488233,-0.06016310889418991,-0.04196733170350864,-0.056154456701906996,-0.10434514070854928,-0.08537655418981893,-0.08639891432795954,-0.08456530973141979,-0.031265818479451424,-0.021018991825342337,-0.07283771830683866,-0.08349622792102557,-0.055046600822022285,-0.022521568703867845,0.003466986461242716,-0.020678559484001213,0.003171361740988532,0.0076702205568501824,0.003406098828193871,0.045466545056470464,-7.367918764211723e-06,-9.25470799766348e-05,0.0040755595628141905,-0.05404259062711708,-0.0341339945424351,0.0,-0.028317835577297112,-0.03793461712662133,-0.028767815414343922,0.009450217511995207,-0.04324007562447618,6.525139638868804e-05,0.0013392401855432112,-1.1102230246251565e-16,-0.051173951035007825,-0.006972822843257731,-0.08110238896631,-0.069005718667494,0.0,-1.5033553528442933e-05,-0.05464371224636466,-0.0795327048863147,-0.07121981168302138,-0.07258370847716367,-0.007381167041258574,0.0011958156345781012,-0.01763621469841975,-0.04329050721322003,-0.03700397827990054,-0.05196915461715368,-0.050956305406489266,-0.07691833310286972,-0.05704768773061447
0.007607751210357228,-0.05044202123684194,-0.029859211932451668,-0.10716378294822387,-0.05150340985514318,-0.05357025269517102,-0.08594116377671912,-0.07467001494172382,0.0,-0.11901294591044959,-0.047413029085874914,-0.11249841891778445,-0.10192162265814486,-0.10488945700821206,-0.06840481075761495,-0.07625545961748692,-0.0026494343427628797,0.00010345970759489953,-0.03342939638287923,-0.06427183735041181,-0.08264094398850175,-0.05627731197140101,-0.061514450944165355,0.005168488924226333,0.0019218849774839675,-0.07309074238252727,-0.04487624501932619,-0.1299394124846447,-0.07949531385253678,-0.1050729275720903,-0.11558891353116263,-0.09884003019186433,-0.000192358377921642,-0.10555803479481213,-0.1221693337660415,-0.116482199019658,-0.1090661638303343,0.0029158464755850155,-0.05515984928973405,-0.005064165150103828,0.007440936778397855,0.0019063240885646149,-0.022720420602326374,-0.0006913528764755927,-0.0020974577604205846,0.0,0.0019050335977909283,-0.06593731614749582,0.0005999484969479996,-0.06532502058948642,-0.0628768150182259,-0.06445343983617086,-0.05168529331195004,-0.07624646215472736,0.001995622535561292,-0.09044203372036086,-0.0030788036848003464,-0.0737361180512019,-0.055155657099475064,0.0016193513770329515,0.0010872252120298076,5.551115123125783e-17,0.0,-0.07756898425693237,-0.09664719742361705,0.004352263970100745,-0.06739879325666714,-0.0475967562131534,0.00021148753629324224,-0.00014442380670853794,0.00034457966610584867,-0.058424805862318185,-0.07014873483797229,-0.0850222288196405,-0.00018109550914757744,-0.06455120345205012
-0.06706390056363926,-0.003244967073008198,-0.10376006317491043,-0.09638336384012952,-0.13145665591927702,-0.10428929619626898,-0.10558268360744194,-0.10423388431467179,-0.11901294591044959,0.0,-0.12162646105230207,-0.0504867851890837,-0.11060161954840986,-0.08260552435914176,-0.014718241991121317,-0.06997020446018426,-0.09409254441016063,-0.08723134850798653,-0.11602723608062304,-0.03134031617335953,-0.10209394463162969,0.004959029657918945,-0.09690826774828243,-0.01673457069763873,-0.09189396908715414,-0.060560026896625374,-0.08800846413865765,-0.10152467053227071,-0.07796884049917291,-0.08121423507667469,-0.07890770325703472,0.007048254033492851,-0.0438533845039531,-0.03188451530095615,-0.022537846736250144,-0.07410454608508288,-0.033205325826966336,0.016225709793804277,0.07919542829911153,-0.03599346924395502,0.018295893998891144,0.02360610802571228,-0.011278823607343058,-0.0017831015414008777,-0.0005539043280464728,-0.07072162625489636,-0.002039096510017435,0.0015101842162656975,-1.1102230246251565e-16,1.6653345369377348e-16,-0.07740734103507213,0.004211202353714971,0.0009537634899221548,-0.000953252847230357,-0.019875933954957403,-0.0003363074907745123,-0.022299011223460674,3.73236939789634e-05,0.0,0.00043776442349191536,-0.04074109687895683,-0.04173084855320658,-0.04309946253772928,-0.0005937119656638234,0.00028472392403278146,-0.02190607345790191,0.003494628132688804,-0.08848763913775998,0.0046188067832712565,-0.03684522428037279,-0.03393522932010368,-0.07286944244708554,0.0001212488089076813,-0.06918059096478979,-1.1102230246251565e-16,-0.037157326778507194
-0.00019292159759387584,-0.00043797918833271554,-0.04343991825221777,-0.09938230164757317,-0.04300637670077967,-0.08048684725226818,-0.10341446963372469,-0.08005425376987257,-0.047413029085874914,-0.12162646105230207,0.0,0.0020890764612787605,-0.12823308355627377,-0.062497209788778096,0.0,-8.753688435114704e-06,-0.0008461200959696269,0.0005981155391485138,-0.04716741077904618,4.02308033510268e-05,0.004228025769502264,-0.0012023350435234614,-0.046884421144291255,0.007014929172480755,0.0006944239832866184,0.00033830702558346193,-0.05248406319055493,-0.12798531395773016,-0.0012072208216587499,0.006539091848729306,-0.12027686188848885,-0.09775201572003589,0.005241521942380756,-0.1030981734074034,-0.12942681980895382,-0.05159360218944564,-0.047601034032367484,0.00401738851254535,0.004338386581691944,0.0015868046184199236,0.0008343113434196581,0.0009782722890215867,-0.007477036116037117,0.0017880239524658559,-7.473618877534838e-05,0.0,5.551115123125783e-17,-0.0003843902654319664,-7.060562835625728e-05,-0.12257473582581496,-0.04884372785319013,-0.04845147796880134,-0.03658831434365217,-0.04299303520279307,0.0024126683589168474,-0.08494238968185619,0.0015120013682773381,-0.04698638660202542,-0.1256136193562296,0.00021773219302906321,0.0,0.0,0.0,-0.15318889915891398,-0.0022339669158185083,0.0,-0.0009164232021419694,-0.040608850156722776,0.0,0.0,0.0002687742742632504,-0.05295504271760382,-0.05443019289090928,0.00342920882984582,0.0005090770822453461,-0.04055979239250335
-0.04087492896851774,-0.001076846452862823,0.004919214946541517,0.0017795488151107763,0.002553867065221538,-0.09378913240676401,0.0008396522391005967,-0.015533040021363576,-0.11249841891778445,-0.0504867851890837,0.0020890764612787605,0.0,-0.06326978167199188,0.003671076917241889,-0.0018193905269695554,-0.049556383014984884,-0.06541583218043551,-0.07263379940617504,0.000490530484436591,0.0015294744202402066,-0.07188170443836861,-0.009336035253574126,-0.040290324972064195,-0.0025441883593843584,-0.07722438331331413,-0.046118280608195616,0.0046558856117759895,-0.045809815006455035,0.000983995725474529,0.0027786730194306886,-0.0428767299633796,-0.015455386843607033,0.021873771159916566,0.0378225922927482,0.013240878829181735,-0.08681483065522763,-0.058175405264109276,0.07333830105808065,0.09650158931089153,-0.042649532563476256,0.0553251509805287,0.06605600297173253,-0.005881352116771044,0.0010384521627186671,0.023170016974065122,-0.10599601359717015,-0.04201610439208703,0.0007845243246452638,0.0,-0.00043050202869315823,-0.000649499695327127,0.0008197001309876439,0.0,0.0019544135073454316,-0.01468824574930866,0.0011485782757688079,-0.01087244953491906,-0.03480892848992512,0.0,0.0002955317542902014,-0.06438236394511765,-0.048376680453528886,-0.053851578927437915,0.0,-0.00038123162476277894,0.0004932202316192402,-0.0445368623359127,0.0009268136487048384,0.004022822193649911,-0.03927338919675155,-0.0450956491203196,-0.0026215977453399875,0.009376795546616357,0.0022723694192138266,0.0,-0.04221555477434474
-0.08224439748957602,-0.06570949901000611,-0.10606337583041886,-0.1358919719062585,-0.11094002033061823,-0.07834990059559949,-0.07873370305056543,-0.10959263481154424,-0.10192162265814486,-0.11060161954840986,-0.12823308355627377,-0.06326978167199188,0.0,-0.10883587886170865,-0.08582820141774128,-0.09280197140716401,0.002047218502667647,-0.07523752834924291,-0.1261844009987234,-0.07176831038159809,-0.1047361730841937,-0.07450283677588332,-0.09770192130068417,0.006821947198911604,-0.07163061447953833,-0.06364627820791652,-0.08648443959468777,-0.095112320341318,-0.06975526916660668,-0.09448188842321548,-0.09867482373770209,-0.09063222377000762,-0.09422061042623542,-0.06574094869049868,-0.13613959036943252,-0.11193848030089276,-0.08793167755615394,0.003562070064108802,-0.049918415717458475,0.0026220218588062227,-0.07032878780919127,0.010593869971104342,-0.04596810031246501,0.0028509142613308835,-0.0014249212813603473,-0.0005533189968915386,-0.07683050578413397,-0.07432640805713303,0.0,-0.07257767454457753,-0.07140716290876509,-0.07091770554858001,-0.08123278382195037,-0.07489747802245722,0.000408647902201853,-0.10778413755024574,0.0030726826811359187,-0.07510375047533879,0.0016010007814190041,-0.07926792249377385,-0.0746529839278659,0.0015382115704056232,0.001782824973400543,-0.0746968048146065,-0.09053160779406261,-0.09486313469180485,-0.06611992124365124,-0.06823838456869852,-0.0012154691521641947,0.002375105605401273,-0.07837667890865258,-0.07392047621607828,-0.07764178332050492,-0.0808067199951727,-0.08749610802044372,-0.0783425343505349
-0.02892728413145562,0.0,-0.11876609045963249,-0.0855752036812033,-0.09695863271377114,-0.07374796264637423,-0.06925790633464024,-0.051106629692563965,-0.10488945700821206,-0.08260552435914176,-0.062497209788778096,0.003671076917241889,-0.10883587886170865,0.0,-0.0001644041705991528,0.0,0.0,0.0,-0.10182069930187321,0.0009313999292036579,-0.04935530146410361,0.0019975661565569958,-0.056661978673133384,-0.0017961785153087773,6.892519255741192e-05,0.0005265939818296372,-0.08136709714016366,-0.08832832923716932,0.002707974106224975,-0.00046651862834673485,-0.12511842225332231,-0.0864386178536127,-0.0006143157749742834,-0.06839937695468234,-0.15457795639907737,-0.07300338464159181,-0.01350933061029777,0.00013038407055271373,0.0025116257564443134,0.0,-0.0017331611675415193,0.0,-0.0010919523969047384,0.0,0.0,0.0,0.0,-0.21009815622464084,0.0,0.015330989699292474,-0.037512178480800185,0.0011485041605390767,-0.002353663246464466,-0.07374676389701351,0.0,-0.18962679743641814,-0.0004569534153294752,-0.003740822144996603,0.0004668639544088138,-5.551115123125783e-17,0.0,0.0,0.0,-0.0029066027725447308,0.0006502461640619517,0.0,0.0,-0.023712833513090392,-0.0002568871624910596,0.0,0.0,-0.01207900878343704,0.0028925679270141447,0.002350805789048671,0.0,-5.551115123125783e-17
-0.049832667088195504,-0.05650702331976459,-0.0026943692008741804,-0.0012420044982787148,-0.06320732052960992,-0.07536659794668332,-0.0753056873176764,-0.012777764923212087,-0.06840481075761495,-0.014718241991121317,0.0,-0.0018193905269695554,-0.08582820141774128,-0.0001644041705991528,0.0,-0.07775949677730482,0.00285682910017937,-0.06263177011460386,0.0,-0.0027703588674398705,-0.017698327082470877,0.0045256143608692345,-0.012077140852686852,-0.06875956294768121,-0.07441883267548743,-0.005456662826199055,-0.0056961357264632695,-0.060063710044081675,-0.061382375177848614,-0.08672185305347169,-0.03667791309006474,-0.009817367681528633,-0.055288175303503384,-0.020444045694248514,-0.012756912209464344,-0.023863928722211825,-0.02689526879295151,-0.002755128286896613,-0.036996303480189174,-0.05354772146011033,-0.05077161942511299,-0.04214225846918762,0.05305200966523993,-0.0004293757254173469,-0.0017022274678214488,-0.02829336874685645,-0.0658819630851828,-0.0014574185377279614,0.0,0.0,-0.07474115069274107,-0.0005609447219982466,-0.08751603693425042,-0.0003500960242119322,-0.00018418565901112682,0.0,-0.0009778715543432015,-0.09080195654429218,0.0,-0.055227676149008975,-0.05494257303160055,-0.0005561421886374207,0.0028163829289866715,0.0,-0.08096478409343694,-0.062265662187313664,-0.05538418529862277,-0.0858958534867284,0.0010372434212024273,-0.03545271461374033,-0.06903997685223395,-0.07877411430801068,-0.06961238577524093,-0.07498380124931397,0.0011768296689373958,-0.059855036796906846
-0.08633602296909604,-0.034968292656045064,8.59510311618239e-06,0.0,-0.08479111116735238,-0.06823277132267563,-0.09002267383317514,-0.04175619716294249,-0.07625545961748692,-0.06997020446018426,-8.753688435114704e-06,-0.049556383014984884,-0.09280197140716401,0.0,-0.07775949677730482,0.0,-0.060856965588085954,-0.03807710347226312,-0.0010029512397849438,-0.05840015307001217,-0.08900710743839901,-0.0555410894210302,-0.08531922872803727,-0.07061900005964922,-0.04343339978519156,-0.07305260684790132,-0.07387683768275849,-0.0893824954237269,-0.0736880356007526,-0.09274903554758285,-0.039188896981413424,-0.020682396652486112,-0.05595485780835879,-0.02838303224232014,-0.02437111771048106,-0.047086912635280365,0.0013618275587848894,-0.06734715323961377,-0.04624059698494859,-0.06062965684796706,-0.045853775530209695,-0.03668936048705135,0.002064221630199259,0.0,0.0,-0.06663330066301926,-0.07012696917600497,0.0,0.0,0.0,-0.05048630571590956,-0.002929037905311571,0.002057171422313986,0.0,-0.00010057769828725194,0.0,0.0017167591694344786,0.0025138955163414023,0.0,-0.07201337493362148,-0.07029829963247902,0.0031535841136130505,-0.0692735184848619,0.0,-0.08094657424825635,-0.07444569084942154,-0.06353160840127481,-0.07043698175483615,-0.05190575513528217,-0.06370033936383351,-0.07280984637705179,-0.07811448272215904,-0.06576980110837005,-0.07187961824462574,-9.71745749799302e-05,-0.05626443930993613
-0.07007187884720484,-0.06285907551136916,-0.0006363847701135739,0.000289165383320078,-0.0001497424986384166,-0.0016822366497241115,-0.0012250802601903032,0.0034878971341985587,-0.0026494343427628797,-0.09409254441016063,-0.0008461200959696269,-0.06541583218043551,0.002047218502667647,0.0,0.00285682910017937,-0.060856965588085954,0.0,-0.05450090539977054,-0.001861006919094077,-0.00014339379371614003,0.007421540390039116,-0.05977325151594287,-0.11149693154405127,-0.06457192777691506,-0.04561194145632763,-0.0736294936538156,-0.00311210748085744,-0.056234746776272715,0.001702369251364244,-0.0007142893120775096,-0.04396596796909408,-0.034433792844763667,-0.073121682226921,-0.037737253474590615,-0.007217288925635501,-1.011167982045702e-05,-0.04903680685954753,-0.07345636354432761,-0.015607071289331809,-0.027234913508073666,-0.015231588956272524,0.01843875404528511,0.0,0.0,-0.0012992103273580247,-0.06500057380636781,-0.0686729708199228,0.0,0.0,1.6653345369377348e-16,0.00042624983446082343,0.00010433703199691502,0.0,0.0,-0.005859185778625153,-0.00018517022385805548,-0.010587165038656698,0.00015485434690615252,0.0,0.0,-0.03359544635924577,-0.02295649973635472,-0.025224948769465128,0.0,9.323595434307386e-05,-5.551115123125783e-17,0.0019969302125156796,0.00042457365668469027,0.0032382947111547766,-0.01836604820761306,-0.019072358333083683,0.0,0.0005524055297999597,-0.0007109173541450797,0.0,-0.028656677881747195
-0.0848878339944984,-0.0230851040461581,0.0011406548248552584,0.0,0.0026982792437609815,-0.059797762685630584,-0.0748906078737197,-0.07156045997591642,0.00010345970759489953,-0.08723134850798653,0.0005981155391485138,-0.07263379940617504,-0.07523752834924291,0.0,-0.06263177011460386,-0.03807710347226312,-0.05450090539977054,0.0,-0.0015848022546753326,-0.051531816629111105,-0.09822603919167777,-0.04829362359321926,-0.08116680868123993,-0.06938257949405807,-0.04796155464922747,-0.06395947137149849,-0.06191116352859738,-0.07114565174383941,-0.06293834498103373,-0.08603130952342697,-0.04928784487513088,-0.04010585388716165,-0.07402657305186372,-0.04155497054494639,-0.02696259067342094,0.004763481106727918,0.0,-0.09109301244130344,-0.03770342661598869,-0.04867898076574295,-0.034506250665477634,-0.02336751985203256,5.551115123125783e-17,0.0,-0.001118218052788833,-0.060961489231276644,-0.0658742331418658,0.0,0.0,0.0,-0.06864200258532693,-0.0006096403258510907,-0.00012881368191747233,0.0,-0.006664213968960164,0.0,-0.005416993106732881,-0.00120114464163662,0.0,-0.06857102066031046,-0.06402559321929091,-0.02353478978527218,-0.04415458847885534,0.0,-0.07111309402179622,-0.05362181798711951,-0.05840210369996651,0.0016159860957451477,-0.03227824229112436,-0.04177202119783896,-0.04530642505092014,-0.08266239895594268,-0.0026869947721999132,-0.057116576006138675,0.0,-0.046024685289974054
0.0,-0.0014155874785644063,-0.02371322414581864,-0.11994202814029936,-0.05867678554000949,-0.06875006188012056,-0.10710895087612687,-0.10289270074678303,-0.03342939638287923,-0.11602723608062304,-0.04716741077904618,0.000490530484436591,-0.1261844009987234,-0.10182069930187321,0.0,-0.0010029512397849438,-0.001861006919094077,-0.0015848022546753326,0.0,-0.011573490442960244,-0.0359450460877625,-0.06101024537673644,-0.06771999334856807,0.000895462281313153,0.0023650776078065205,0.0006645552287705692,-0.03061023185378975,-0.12447825607923463,-0.0020972325958892313,0.004387536179783824,-0.11942515411186239,-0.09734706238922436,0.005571241236615787,-0.10901518477450012,-0.12976171866738906,-0.10858888278518175,-0.10739396273492507,0.0009510224236629061,0.0071023881282386014,-0.0009404347420889914,0.002140774864076045,0.0008523228229696533,-0.04215939188453727,5.551115123125783e-17,-1.6653345369377348e-16,0.0,5.551115123125783e-17,-0.04028245852333234,0.0,-0.06288449049899492,-0.07231214573167571,-0.06982770175727199,-0.05466396583470884,-0.08481759933232358,0.0012732474172144626,-0.12045155229977345,-0.0006714258746224888,-0.0785276085534184,-0.05933256863410985,-0.0018963776740277272,0.0,0.0,0.0,-0.06425112211102535,-0.002625838204705633,0.0,0.0007013919151611647,-0.0612744412356418,0.0,0.0,0.0007412150086427149,-0.06676367116172655,-0.07008564208198681,0.007102921091082404,0.001368374294193897,-0.07191812369245881
-0.06490433668131307,-0.04629275666388083,-0.0008730134136220591,0.0005691911947364181,-0.06666591656940962,-0.05809107836910293,-0.07895629584484404,-0.06861646393876908,-0.06427183735041181,-0.03134031617335953,4.02308033510268e-05,0.0015294744202402066,-0.07176831038159809,0.0009313999292036579,-0.0027703588674398705,-0.05840015307001217,-0.00014339379371614003,-0.051531816629111105,-0.011573490442960244,0.0,-0.047175072927242157,0.024367511394225994,-0.028528605207063462,-0.037601398845497125,-0.05284439510003408,-0.03007360427637129,-0.025067175524596363,-0.05627919276331156,-0.04027230097477591,-0.03936780995590217,-0.03014228657601309,-0.0019881308060506475,-0.009511168011625548,-0.031295064107314086,-0.030630146167359984,-0.04648207229932805,-0.04801912659098645,0.0005055016897198561,-0.04615958850965146,-0.043011645999350534,-0.06660782988533936,-0.05301557653305616,0.00040113233865596287,-0.0001004504467846945,-0.0008273934532925242,-0.008770503822161768,-0.05634498919792952,0.0037267172707955987,0.0,-0.0009650861013240086,-0.059357966561809805,0.004304485706718708,-0.07145451932473768,0.0025948520576098977,-0.00010927689111789318,-0.002270381801684096,-0.0003572857520353634,-0.07217374040095914,0.0,-0.07138571721036224,-0.05678171879951516,-0.00013290178437186384,0.0043066310335034275,-0.0012122651969183051,-0.08324462622693046,-0.06812442702247157,-0.06081923340103712,-0.07875458198969054,-0.002315504754105413,-0.04323933812449404,-0.06958839956205154,-0.0653275530572332,-0.07065132782841493,-0.06665272703244501,-0.09468214566006433,-0.06672910778766539
-0.08309296121252996,-0.07366284641179782,-0.0009136204927148173,0.00043007563853636466,-0.08350260230095591,-0.09322761160087356,-0.1010666953848825,-0.027181797714300238,-0.08264094398850175,-0.10209394463162969,0.004228025769502264,-0.07188170443836861,-0.1047361730841937,-0.04935530146410361,-0.017698327082470877,-0.08900710743839901,0.007421540390039116,-0.09822603919167777,-0.0359450460877625,-0.047175072927242157,0.0,-0.040998343889239286,-0.05826582954554865,-0.09259865129793482,-0.10898517995793883,-0.05544383875039577,-0.06985316380310136,-0.09670362431642415,-0.08461356745211607,-0.08472421744694153,-0.05928666398159993,-0.018750343665676905,-0.07867220178028506,-0.04153386344584853,-0.02927516018024917,-0.056405526230805136,-0.04848624886334246,0.00420869422930753,-0.0271505165604895,-0.07653315970677071,-0.05566198463043276,-0.04265075304343763,0.0512577034030508,0.0,-0.00047944416113426813,0.024770601113105584,-0.0866784532420044,0.0007515104552971996,0.0,0.00012618064896030567,-0.06722643671384865,-0.08542722320441154,-0.05571750342699894,0.0012160553549705466,-0.001127729858173887,0.0,0.0006709253946510785,-0.08483361317499405,0.0,-0.06161341937050807,-0.06986358743448579,0.0,-0.047695412200151055,0.0,-0.08013188269005772,-0.03958212415733331,-0.071217246127949,-0.08012522121536003,0.02381024154202488,-0.05587687925532275,-0.080217305199132,-0.07287602318722447,-0.07054411402353017,-0.07653395950795783,-0.08631386556714127,-0.058113494197529814
-0.06493789369594882,-0.015011414900272746,-0.05185051085582343,0.0033795290752619556,-0.06835752942248619,-0.048403781547215585,-0.07866242229636833,-0.03444164865735483,-0.05627731197140101,0.004959029657918945,-0.0012023350435234614,-0.009336035253574126,-0.07450283677588332,0.0019975661565569958,0.0045256143608692345,-0.0555410894210302,-0.05977325151594287,-0.04829362359321926,-0.06101024537673644,0.024367511394225994,-0.040998343889239286,0.0,-0.03736657651539527,-0.03299220585820717,-0.0515009146506612,-0.025495844571967907,-0.019928519331618322,-0.0654467882434438,-0.03733331718551963,-0.06448920165933547,-0.025291259880291905,0.014898679489138034,-0.006614499447938071,-0.009260666726745637,-0.002113411669403098,-0.01735810494782697,-0.013815885513023984,-0.00190792004380691,-0.025203727222492867,-0.036433404484800536,-0.04184970571712393,-0.034703507577427684,0.0024756056331929344,0.0,0.00040393331323851367,-0.03617262745409505,-0.05795646223701789,-0.0017825099683194123,0.0,-0.00021124384277315666,-0.052311817674574934,-0.076807461785671,-0.07069226306766263,-0.0032087379738455213,-0.0603653925298131,0.0,0.0004819930236573122,-0.05121172289741954,0.0,-0.04701738030910613,-0.05634355611378605,0.0012775050973606872,-0.04554852104289486,-1.1102230246251565e-16,-0.06358189537841019,-0.06392968545248723,-0.04743972715967382,-0.07342561650431406,-0.023765968082716138,-0.05022456932037189,-0.06817733211036614,-0.05802568895826338,-0.055130401759950376,-0.05662508544360745,-0.06548054433808848,-0.041513982175706954
-0.05443399877650529,-0.055868615381531206,-0.09305807623319659,-0.04101550140905158,-0.06833398870837504,-0.05269836822633028,-0.08984204309100174,-0.047276856766079345,-0.061514450944165355,-0.09690826774828243,-0.046884421144291255,-0.040290324972064195,-0.09770192130068417,-0.056661978673133384,-0.012077140852686852,-0.08531922872803727,-0.11149693154405127,-0.08116680868123993,-0.06771999334856807,-0.028528605207063462,-0.05826582954554865,-0.03736657651539527,0.0,-0.058600259042836556,-0.06795233984848886,-0.05546060441050188,-0.02403498640678886,-0.09478860827574825,-0.07878960248360578,-0.08857839793136268,-0.07889021326118806,-0.04554785713796583,-0.061616945836359516,-0.07343370264464677,-0.05399699892985754,-0.07069770488751775,-0.07961722345955907,-0.0645995148511413,-0.0406655033763349,-0.060455793003858393,-0.07427781557741692,-0.06650330090315737,-0.015826423815015533,-0.0014123050868729559,-0.005185250810483932,-0.04561500175847216,-0.06549511976861289,-0.014837960765854419,3.928640530265204e-05,-0.04752747925870693,-0.045364197709670206,-0.04854888589717976,-0.03294443090425164,-0.05271561054017804,-0.05205908816794991,-0.044363526194683256,-0.007862758824371763,-0.05455252766693447,0.007547343872392309,-0.0790400663522387,-0.05119262146290121,-0.0009345238324131033,0.006811838184138885,-0.012237627671985996,-0.08910549522712824,-0.07147620054190701,-0.06754621351639856,-0.03325275361115698,0.00046106875760482113,-0.051626750313753966,-0.0746925777222579,-0.046509174633683426,-0.05563815398874328,-0.053180692216559966,-0.06543357931547095,-0.04937695286071914
-0.04567819404366841,-0.03245340929222418,0.001093273361406355,-0.003675281478603132,0.008133645586849203,0.004138984208972629,0.006705244587625503,-0.05040623826488233,0.005168488924226333,-0.01673457069763873,0.007014929172480755,-0.0025441883593843584,0.006821947198911604,-0.0017961785153087773,-0.06875956294768121,-0.07061900005964922,-0.06457192777691506,-0.06938257949405807,0.000895462281313153,-0.037601398845497125,-0.09259865129793482,-0.03299220585820717,-0.058600259042836556,0.0,-0.059400092500370316,-0.047065650411100224,-0.06802550720696621,-0.012898802870444592,-0.052494139403199525,0.0021606535125296422,-0.05254010503931322,0.0065335711343106895,0.005421698732444413,-0.012355571371193697,-0.01520582888377775,-0.08001541639046245,-0.04296135821821789,0.012422880108086731,0.065622697548329,-0.040464441469352574,0.01983560371973625,0.05637387064720484,-0.00524556488837008,-0.00023195196698216902,0.0238685002959928,-0.041553684954516945,-0.06349381705616536,-8.427059674831483e-05,0.0,0.0,-0.001838118540443745,0.001853588282370866,0.0006384304387906936,-0.0005062587975757094,-0.02108748984960318,-0.0004182692752678907,-0.03743233067348439,0.003621644040190719,0.0,-0.09957520745119158,-0.06977312821012488,-0.04285415362820916,-0.05636376124995174,0.0,-0.053258327759966084,-0.018567105190053446,-0.06640546721745144,-0.003015396127547809,-0.05958810020594188,-0.047493633453920936,-0.041811715508189684,-0.0014256337628583693,0.004202326636901177,-0.053954522377715364,0.0,-0.05597567823874816
-0.0745119442686859,-0.014757777762617608,0.0010238431587220043,0.0,-0.0015904702780497604,-0.04829340204224053,-0.0736148769001973,-0.06016310889418991,0.0019218849774839675,-0.09189396908715414,0.0006944239832866184,-0.07722438331331413,-0.07163061447953833,6.892519255741192e-05,-0.07441883267548743,-0.04343339978519156,-0.04561194145632763,-0.04796155464922747,0.0023650776078065205,-0.05284439510003408,-0.10898517995793883,-0.0515009146506612,-0.06795233984848886,-0.059400092500370316,0.0,-0.05325437662754501,-0.05749775900072884,-0.07186046436725407,-0.053090385591622324,-0.07546581445842371,-0.05707334571852557,-0.03681898769985115,-0.06834041109047545,-0.04002412652058701,-0.02928913692693902,-0.08040020635318024,-0.0004477213752845377,-0.09228975749744558,-0.03742908822007007,-0.04999289561744402,-0.029203620078751324,-0.01781123951907676,0.0001599468969517015,0.0,-0.015683395055578808,-0.04640169006845707,-0.07438112229079591,0.0,0.0,0.0,-0.06187133727480909,-0.0006651327785410222,-0.07232287570352891,0.0002579972476574599,-0.016576084527650248,0.0,-0.010716067717357669,-0.0748335908538244,0.0,-0.06583118805389365,-0.0647433066301476,-0.026716018560844212,-0.04667891556372622,0.0,-0.059468491650975674,-0.0587085647589084,-0.06115545340711376,-0.08250059411912664,-0.04071651759539574,-0.044011844160405655,-0.046432820256638974,-0.07526197375784682,-0.05533496519978859,-0.05220732700590175,0.0,-0.04223398206085793
-0.04748337470467334,-0.03153271788460921,0.001623357239759482,0.012261292686212122,-0.06869443754128596,-0.050727644877881284,-0.06617341765933271,-0.04196733170350864,-0.07309074238252727,-0.060560026896625374,0.00033830702558346193,-0.046118280608195616,-0.06364627820791652,0.0005265939818296372,-0.005456662826199055,-0.07305260684790132,-0.0736294936538156,-0.06395947137149849,0.0006645552287705692,-0.03007360427637129,-0.05544383875039577,-0.025495844571967907,-0.05546060441050188,-0.047065650411100224,-0.05325437662754501,0.0,-0.03716969755104482,-0.06206776197952674,-0.05056920662720121,-0.06391031073753545,-0.03877975387896254,-0.01855631057464452,-0.06355601969990443,-0.027023340468768642,-0.028668673910269782,0.004898270345539191,-0.017843633038975626,-0.062476334870122885,-0.040866348119528606,-0.05282770198251563,-0.046273401687584925,-0.036165341256093886,-0.005921923883986713,0.0,-0.03456442058364878,-0.05939173886239629,-0.07941735645739328,-0.002086763475994735,0.0,1.9498122152405983e-06,-0.07078567857591284,-0.0875484405602906,-0.06919634990609802,-0.001772818524839015,-0.014648819838883165,0.00034575582811413597,-0.015690644714583646,-0.0752027055047007,0.0,-0.055201083345997326,-0.07835987502694292,-0.030206011094595142,-0.052116222734899076,-5.551115123125783e-17,-0.06557071399891784,-0.07012677386176841,-0.05796109409608863,-0.08881051652520022,-0.029644072166940816,-0.04792936780976248,-0.06807313434628426,-0.0747563948303287,-0.04233321250905364,-0.0631025554985663,0.00022114720629473616,-0.05133120014211162
