0.0,-0.013510776268245983,0.0010334007108699916,0.0,-0.0007301592119601241,-0.008452415862813034,-0.034128606845156506,-0.030537027127658045,0.003913145194565204,-0.00626719416546484,0.000576642723466636,-0.0175241361286132,-0.02278654302659927,-0.009066566214973704,-0.023435301133517217,-0.009955740666186319,-0.020548627385409857,-0.018318697210239876,0.0,-0.004347862957248372,-0.036658541131700306,-0.02249313763794425,-0.030488624576823387,-0.01750276806827128,-0.007434910834412722,-0.024960077795890268,-0.006131961173595379,-0.0023805564314812178,-0.0041555032629453925,0.010387141209382944,-0.001046919052418993,0.0030841950385221972,0.017126750903035837,0.008169133096808445,-0.040635396483242214,-0.0018793780440332641,0.0,-0.010660509151323716,0.00966237539312309,-0.004062769804850319,-0.011310704067603206,-0.020841446234952876,0.0,0.0,0.004873121509948952,-0.0013596298768340231,-0.011329033578952485,0.0,0.0,0.0,-0.004559804744997897,0.0,0.001966041342140179,0.0,0.008741344336538504,0.0,-0.018741441562197814,-0.0056030282082811245,0.0,0.0181871114919272,-0.0015002790959385282,-0.019845372957982554,0.009830675871994654,0.0,-0.006565035179195544,-0.057943911731239806,-0.015227660994958148,-0.007994656549495882,-0.02820495190921074,0.014840173184604788,-0.02027026823204947,-0.0029746660572816386,0.000993196482435399,-0.0024624815295032354,0.0,-0.022761985639736027
-0.013510776268245983,0.0,-0.026537699808611703,0.0,0.007094359471470468,-0.007778657425862756,-0.000981306207770427,-0.01938357684563785,-0.021743519252212185,-0.021016297214176582,-0.0019163596588800402,-0.0007088990717487031,-0.0027034808460740245,0.0,0.0022178102050102733,-0.02398112685913628,-0.03492472826415316,-0.03472057787005989,-0.0037018399204054586,-0.021390710301618987,-0.03070039646276601,-0.01981842901259273,0.008832665563181685,-0.012837106991487712,-0.03211807319218135,-0.03021540176238169,-0.00729695017952553,-0.002755283800871422,-0.004678215720879175,0.021117806329833733,-0.024765725014298023,-0.013741882303083208,-0.020607067372252652,-0.027800712432429264,-0.04953107182657629,-0.00993341491863936,-0.0003063946281379737,-0.0007830547332816629,-7.126054307132756e-05,-0.02166810769492644,-0.027196545630018443,-0.02640159119503155,0.0009836943250677854,0.0,-0.0001410336478883667,0.0026010475187066007,-0.014314642833310354,0.0003661879976516458,0.0,-5.551115123125783e-17,-0.019781148874742305,-0.026041917024607675,-0.00565337194770954,0.0021964895828313624,0.0015362416194221185,0.0,-0.0047223572446759565,-0.03581145835474164,0.0,0.005809376534274602,-0.03003738536968875,-0.004489402486692717,-0.007620497130137238,0.0,-0.006251707459941913,0.013479915876758286,-0.03446066517518909,0.009589039763520324,-0.008953257836877726,0.0019354204028931843,-0.01013608790939291,-0.0011552274912878802,-0.0007448893525083822,-0.01318792269532909,0.004469240879487579,-0.03391193756179389
0.0010334007108699916,-0.026537699808611703,0.0,0.009694371618944875,-0.015546970415893924,-0.0039586823781812,-0.013660466009063676,0.0037886708385692636,-0.021109586861823904,-0.011374839727004649,-0.021699754352080658,-0.025339668134000626,-0.018070496667981994,0.032369046493001485,-0.004379518496705259,-0.005188138201344394,-0.0018875684041280705,0.0008156506575084377,-0.0017324522708975776,-0.012293771735787384,-0.005593677437524147,-0.013904414920199781,0.013889202597248351,0.0012086996078171652,-0.048974117259655225,0.0009694755845566227,0.008071840572033584,-0.018817680432084594,-0.00930594691885095,-0.02786951096548146,-0.02460104510994987,-0.002426455407222361,-0.006959783422151755,-0.011966864865474103,-0.03439134169760366,0.013149808438853383,-0.015511011853048817,-0.0036648387631063595,-0.006898742920309342,-0.004022147782121344,-0.00580211304833389,0.011292543068927574,0.0173631782830298,-0.003325784759100392,-0.00027557249137438733,0.0,0.0028277072772242007,-0.024189512866979512,0.0006117750322949811,0.028684256249689732,-0.007852360915120538,-0.0027278647731040495,-0.03271994914581966,-0.05267332589686646,-0.0012665394030877408,-0.005174903656358698,-0.006084531473448673,-0.01137638100713212,0.025724744409878597,0.0013501065969138693,-0.0010727963516225514,0.0,0.0,-0.13145363049947267,-0.029219223281280127,-0.0014612332643584303,-0.000234046823267553,-0.007039586729968184,0.0,0.0,-0.0017332024262119439,0.0015704518014617586,-0.0133883378338705,-0.013168239928722791,-0.00420577363282193,-0.006394357492723768
0.0,0.0,0.009694371618944875,0.0,-0.013691622556583849,-0.0016079421022139884,0.022583575534081857,-0.04389557289910645,-0.00411269581846857,0.06224199116193729,0.0007605885137517698,-0.007926449547897452,-0.012311464575354703,-0.07004817053371609,-0.0017468997937278852,0.0,0.0005980939193235835,0.0,0.027496771297983502,0.0008599626160971097,-0.00012718297397429357,0.005451683567398891,-0.010036497387501009,0.030603964785386295,0.0,-0.0038426262495403485,0.007699534541642239,0.004080917430010211,-0.013878804279271184,-0.0004337986377604408,-0.016254259798498483,0.02598526183294636,-0.017438398038725544,-0.07753073576884789,-0.011260632352067701,-0.03789060428165042,-0.03414411848754212,-0.006989592632487551,-0.0022240018122042793,0.0,0.0016880551520236375,0.0,-0.0003414145420594372,0.0,0.0,0.0,0.0,-0.0001209292829897346,0.0,0.0,0.00022202503364449067,0.0,0.0,0.0002831110228369016,0.0,0.00028983422155676175,0.0,-0.00021312606771084486,0.0,0.0,0.0,0.0,0.0,0.0,0.0,0.0,0.0,-0.018225056662984462,0.0,0.0,0.0,-0.00765138862802367,0.0002774983125613528,0.000668620149461896,0.0,0.0
-0.0007301592119601241,0.007094359471470468,-0.015546970415893924,-0.013691622556583849,0.0,0.003937881990937919,-0.008343173279308336,-0.005832220244305575,-0.013428906249531747,-0.027769309969623734,-0.023521247740618423,-0.037295303700544236,-0.0070398748779695874,-0.01088152736270176,-0.004079262533362438,-0.016718435729742687,-0.0074004787473131994,-0.059165119457947224,-0.014719841104771703,-0.023894141477326936,-0.007306981064159834,-0.008285461461924493,-0.014130947848653153,-0.047367576444897586,-0.03312998100024306,-0.03761035382793276,-0.006341112657381798,-0.005752082811526282,0.011696032988624427,-0.010884444588422693,-0.032481099438663175,-0.0008551535765323748,-0.045912392011894954,-0.007426098059548358,-0.03440120719647455,-0.006544106673580574,-0.030147253854481082,-0.024394791861707066,-0.06070482735991156,-0.06241268971638414,-0.006061644417545642,0.008606479721395499,-0.005972699816719218,0.0002976680278671262,0.0024835395197559396,0.0,-0.014111683216258775,0.002060459527506775,0.0,-0.018088591633883766,-0.013857761297992433,-0.021578780009504417,-0.0354648244583477,-0.015278882435088903,-0.00045725463326917737,0.011383297125086844,-0.008043944101957246,-0.013843454826360402,0.017776636930813328,-0.000245428151493865,-0.0018457790781428174,0.0,0.0,-0.01898887982673414,-0.04137072856306806,0.0,-0.011948995625606529,-0.0067285668749514915,0.0,-0.0002821533024898737,-0.011295006078735847,-0.002209734224684623,-0.015601711239383809,-0.009998487003682777,0.002477143594814435,-0.011333141536382985
-0.008452415862813034,-0.007778657425862756,-0.0039586823781812,-0.0016079421022139884,0.003937881990937919,0.0,-0.016831977100733808,0.009138086225057351,-0.017368939295080932,-0.003947812823589414,0.009274104456450272,-0.033864651223928344,-0.025294858659863917,0.04367552297333277,0.0024911278778176893,-0.010209745430600603,0.0023525356704444667,-0.03461304323300879,-0.030913613772829474,-0.011010718547296627,0.0023578407615777452,-0.008263628523368927,-0.005744145323980099,-0.03682755517595715,-0.02239205363339042,-0.007944644414299595,-0.011411315357216678,0.00043412348023480485,0.00721658942201453,-0.008396912183093352,-0.007031992781048435,0.005993819869512418,-0.0070986231724483595,-0.0005335353582573421,-0.01119768442052338,-0.01512982893529169,-0.016302842251397054,0.0065330933787564605,0.00584979530429014,-0.005244045402959918,0.013582391553166095,0.022091712747979275,0.01504022519084508,0.030504869959049996,0.0009538150235439136,0.002294605436188757,0.00530835375383526,0.010918814870821802,0.0,0.0034897769161343906,0.00381501342183288,0.004096388607173429,-0.014858612406245031,0.0015166041200487257,0.0014889542305086545,0.016947871803744907,-0.006621062879275663,0.0033898067162689838,0.029680134287564996,0.007205687791631887,0.002440201494280314,5.551115123125783e-17,-0.007554497625038736,-0.003414524495610527,-0.010569292377744066,0.014787943886886257,-0.010052757716770666,0.006786062677632265,0.0,0.000949658101729034,0.012735735255575586,0.01279922509971887,0.002017458304590436,0.0015757413569271739,0.022692737507014726,0.009000406056750343
-0.034128606845156506,-0.000981306207770427,-0.013660466009063676,0.022583575534081857,-0.008343173279308336,-0.016831977100733808,0.0,-0.03274667044995955,-0.0019574010801212127,-0.028880806586572827,-0.007823238826898782,-0.02146980075413757,-0.019760868559884293,-0.008265682780885408,-0.005425653252860929,-0.026388908542049616,-0.029634108083603283,-0.041869180078004054,-0.014456484719365337,-0.0440813146105305,-0.027755248296630508,-0.016172585564324715,-0.024777951504418416,-0.037419114672536224,-0.016897948126586626,-0.042013999638566724,-0.01313498784221273,-0.03502219663028017,-0.003418606849860173,-0.016412047909988403,-0.06429847002317918,-0.02032791550964469,-0.03236364510140732,-0.025831884997027987,-0.03607289418677745,-0.01102087949999625,-0.023353018398508896,-0.023500414655777402,-0.039807457245273126,-0.045564447659259155,0.008772176288054379,0.0076677539347151935,-0.026667978905283996,0.0016369270994507357,-0.0023639180781395708,-0.00019288839285452886,-0.018705331842348905,-0.019796866701356497,0.0,-0.007102487231148591,-0.021225172691767158,-0.02240085524317903,-0.049235151364045104,-0.03188978078236815,0.006467760865390859,-0.021120021640515962,-0.06458507579478756,-0.01585897985565321,0.0018501353433504342,-0.007745732591945831,-0.02764212483697215,1.1102230246251565e-16,-0.001051735659376496,-0.04456213675959508,-0.010555122372463976,0.006739366079876241,-0.02255380180040828,-0.015412334563570385,-0.00020546812692667782,-0.021168274657387576,-0.018857568269134706,-0.008498505288072056,-0.00920060364909292,-0.011696088933283888,0.00703804745528247,-0.006402279309434156
-0.030537027127658045,-0.01938357684563785,0.0037886708385692636,-0.04389557289910645,-0.005832220244305575,0.009138086225057351,-0.03274667044995955,0.0,-0.00916436032412471,-0.01720535290114772,0.04903582386430494,-0.019544075543708794,-0.029609436568078518,0.014812861400380017,-0.017661529913197527,-0.029570999101985074,-0.025109254747897103,-0.02037614682774952,0.020843521894943928,0.0010400747715811898,-0.01738105260443218,-0.0018344866855971587,-0.014733592177349986,-0.024696872019950356,-0.01708166051240717,-0.013622455330362049,0.010956224720694074,-0.02228038164463103,-0.005811398347947805,-0.016445714250498178,-0.027467758446590385,-0.05465525144312372,-0.08290206450787813,-0.023936032670928975,-0.04294331736087503,-0.024028813410615857,-0.10640560015914557,0.00919839736615119,-0.05823733131609532,0.013804087588555891,-0.02998584711118213,0.0061129298344261285,-0.05265361813919128,-2.7650711289795016e-05,0.0004355999234416097,0.0033502710858576146,-0.0032718852408360477,0.004048781711065708,0.0,-0.016059312312450336,-0.031060259128607215,-0.037825871832481206,-0.0880635982858255,-0.022928983456143248,0.00046315274346225843,-0.013716024005472394,-1.1102230246251565e-16,-0.021927623047750533,-0.009729700304216937,0.0048652892952525395,-0.0037383258468794422,0.0,-3.45424346348544e-08,-0.03530437825527455,-0.008748916822187758,-0.02634746897851803,0.029149787184804654,-0.02847126369005043,0.001878866912036703,-0.004746406315110752,0.0024251274587597793,-0.003138657600670558,-0.01886204704093808,-0.028980566493356563,-0.004484138967989881,-0.021215418750658688
0.003913145194565204,-0.021743519252212185,-0.021109586861823904,-0.00411269581846857,-0.013428906249531747,-0.017368939295080932,-0.0019574010801212127,-0.00916436032412471,0.0,-0.01693251590825723,-0.01565788059223755,-0.010113763547863974,-0.0014375603639507628,0.009449157983101919,-0.005944704563417003,-0.017784459332090274,-0.030911095301216718,-0.028272969245973945,-0.0167112828921539,-0.03030665991442766,-0.01075150414284709,-0.02404078916334318,-0.012583804848100566,-0.016591031434780412,-0.04976182594932277,-0.041591927554735064,-0.008851762193643309,-0.020423012735930113,-0.01206996494704754,-0.022781430157343185,-0.027697052833513813,-0.014590884404302173,-0.03312760561036182,-0.014914430679839219,-0.032183208577195366,-0.009873819263955808,-0.02992996146277438,-0.011677928610894894,-0.017539573160145927,-0.028974571357747003,-0.02229668830950149,0.003623491514373467,0.0005473605294087358,0.0016995566553955066,-0.001348059034614546,0.0,0.0014194385486041572,0.02027508260050337,-0.0015734000100129375,-0.0025457169365095123,-0.008463255009698134,-0.002210345518368406,-0.028986974302363522,-0.006824990773922623,-0.001758004938979485,0.013616306558753122,-0.014770966163933141,-0.014285203139265401,-0.004779271937363716,0.004605538079389515,0.00014959290570526473,5.551115123125783e-17,0.0,-0.01520554620980541,-0.014485146016665673,0.010041202311062647,-0.011814649185364234,-0.0062783114651104865,-0.0024512930697188073,0.0006693390320263171,0.0006291585180772663,-0.0003122316869389463,-0.011760081719886073,-0.004122102790631188,-0.0006186425832390707,-0.0018597758149824228
-0.00626719416546484,-0.021016297214176582,-0.011374839727004649,0.06224199116193729,-0.027769309969623734,-0.003947812823589414,-0.028880806586572827,-0.01720535290114772,-0.01693251590825723,0.0,-0.0032654596745496645,0.002165660507986167,-0.019941012365362887,0.007585698609133162,-0.005423472741373059,-0.02225201917805164,-0.044689970516516686,-0.030162780821765267,-0.015143632288897535,-0.03111811498799405,-0.02720142167275158,-0.0265754850575472,-0.023446019943438756,-0.017353132013737727,-0.010211720634748067,-0.03862078818306253,-0.011105339362344924,-0.02872771089346393,-0.015312680137869628,-0.008553356550604407,-0.036705198771939784,-0.03256235027133353,-0.03473707663166037,-0.003600617519576632,-0.04125914869704156,-0.03517634863045438,-0.013900999127149705,-0.017584467511327972,-0.045431504986756355,-0.07254094052766225,-0.08092532835263838,-0.11602363065765342,0.12961757558874132,-0.0021660879725912685,-0.04629670775443012,0.0150616707002858,-0.0065096421686646755,0.003987032073242136,-1.1102230246251565e-16,1.6653345369377348e-16,4.840956682805597e-05,0.0033115319713278857,-0.0009192496426625452,0.0009442767166849553,-0.01567047814312239,-0.004726748996039698,-0.017276185627280838,-0.012655905174830118,0.0,-0.0008026855369127617,-0.008873103043232078,-0.03972604011728986,-0.033619381377300916,-0.00025847855191823976,-0.0015439722340202522,0.00024326687700781946,0.014002335486727802,-0.00900683514121059,-0.025028007549097897,-0.016947785906727186,-0.012924764259104937,0.002442919927334586,0.009426430513137962,0.0031772757488177095,-1.1102230246251565e-16,-0.013820412522061454
0.000576642723466636,-0.0019163596588800402,-0.021699754352080658,0.0007605885137517698,-0.023521247740618423,0.009274104456450272,-0.007823238826898782,0.04903582386430494,-0.01565788059223755,-0.0032654596745496645,0.0,-0.020811233839211518,-0.012158416536424799,0.04968033778450842,0.0,-3.285130026392524e-05,-0.006113620661647112,-0.010576047808468603,-0.018654829283659746,0.00015098026512194718,-0.0008182803311346798,-0.002263401839707302,-0.0329571565906468,-0.02253945324109491,-0.008749251395409774,-0.02821212802502776,-0.010364318405129747,-0.015828315494859246,-0.011451439305644462,-0.014883457107342901,-0.021777919160913595,0.02707068311991695,-0.02520533555743315,-0.006223385291207972,-0.020858155017560442,0.05553166360135847,0.006583920977056401,-0.00520588682009504,0.013384399615314457,0.006180592300453869,0.03783139165144367,-0.0003682009100129391,0.034039577277976185,0.0032653852201883216,0.003797921720891939,0.0,5.551115123125783e-17,0.04783650208398671,-0.0002649724986922841,0.054627153917653715,0.012746770194368984,-0.0013648912944541625,0.0014680664095358953,0.022025505094464326,0.0006144554045077188,0.0974266683173719,-0.008346782949762044,0.011245683868344458,0.04676350174635985,-0.0015636238979942485,0.0,0.0,0.0,0.06343413589894664,-0.0008627476394589828,0.0,0.0020119345482399464,0.019471464429237972,0.0,0.0,0.0004742900860859045,0.021431343681699744,0.007127220901911424,0.016110155789836766,0.0010121574691235313,0.0015025077806611886
-0.0175241361286132,-0.0007088990717487031,-0.025339668134000626,-0.007926449547897452,-0.037295303700544236,-0.033864651223928344,-0.02146980075413757,-0.019544075543708794,-0.010113763547863974,0.002165660507986167,-0.020811233839211518,0.0,-0.018383113684583063,-0.04681042919308631,-0.004348822268951558,0.0034167652303348506,-0.027425552060643066,-0.011272928880044886,-0.029355758207873728,-0.00194559625294205,-0.026414655334812187,-0.05379114088196146,0.005438122091909525,-0.009406070982258263,0.0108389507473588,-0.006382890701132404,-0.013238136052936555,-0.011078364692233444,0.0014203406116816142,-0.0026210676624230933,-0.015282807851801139,-0.016443640674071114,-0.056315529071741754,-0.043230811837544736,-0.0438416840037123,0.00971523132605906,-0.03616881922343396,-0.02010571413047052,-0.02462709281937958,-0.05407968456395251,-0.03936933724357139,0.016046694051141785,0.03006357269983595,-0.000613710923751537,0.00652844615279774,-0.01179537984428991,-0.001522904433623018,-0.0004252329693780199,0.0,-1.4451842328400133e-06,0.006075327566893052,0.0015502694625114666,0.0,-0.00019537125354351925,-0.014345123496497747,-0.00027677119404334594,-0.021823339203498104,-0.004872189422658935,0.0,-0.0011483664434958074,0.001557193200827811,-0.04025162778328295,-0.032857291130854616,0.0,0.0012009451610051625,0.0005374955871956244,-0.0011608360798895379,0.04244604102047689,-0.03487119286431711,-0.010034499432725164,-0.020871480775344176,0.010080187794207052,0.017014664616496145,-0.0016289837676716767,0.0,-0.017269621144833158
-0.02278654302659927,-0.0027034808460740245,-0.018070496667981994,-0.012311464575354703,-0.0070398748779695874,-0.025294858659863917,-0.019760868559884293,-0.029609436568078518,-0.0014375603639507628,-0.019941012365362887,-0.012158416536424799,-0.018383113684583063,0.0,0.0021210266631752073,-0.01081549914551827,-0.024261473339938167,-0.04580043562775804,-0.045547066422375326,-0.01874352288801956,-0.03584267897351123,-0.01595207949177635,-0.02177639921087876,-0.019842895468191457,-0.01678413828341163,-0.018852926788082425,-0.03471248490918305,-0.014962425191939632,-0.029752059339564874,-0.014298696422591184,-0.025036178603389303,-0.03695254123154035,-0.014661104611269793,-0.02182627213410504,-0.016017722921971844,-0.03138327714454642,-0.015356429584470366,-0.016592060149213383,-0.0003497800106587734,-0.006373931233138008,-0.03569960087960117,0.0008693115035045551,-0.0015144168004023184,-0.03140510932249091,-0.0055232512513166965,0.058326779544464025,-0.00039039437238719277,-0.010321926779803536,-0.01767563326305721,0.0,-0.003994635662790125,-0.021051100631269914,-0.014467200480632547,-0.0394809184897601,-0.025917545237701733,0.0015362960552741112,-0.030117526050180532,-0.012173445754327994,-0.012489315719945604,0.004462961182714831,-0.011296363564853862,-0.03478770984229934,-0.001354036297567529,-0.002540019822360351,-0.030692774725201377,-0.016203664747281687,-0.008874380418358752,-0.020801385759549373,-0.012220536545489491,-0.0003600545254955345,-0.024270388565425904,-0.017127794367810478,-0.004209311577568764,-0.01355204845842295,-0.012386583395521344,0.0030715458601742185,-0.001211252115586925
-0.009066566214973704,0.0,0.032369046493001485,-0.07004817053371609,-0.01088152736270176,0.04367552297333277,-0.008265682780885408,0.014812861400380017,0.009449157983101919,0.007585698609133162,0.04968033778450842,-0.04681042919308631,0.0021210266631752073,0.0,-0.00028259265028851566,0.0,0.0,0.0,0.047676308391773614,0.030212386813379788,-0.007175146167781032,-0.0035405449337054806,0.007748400191055493,-0.007653026898636339,0.00025866607124630514,-0.019396603882955665,0.035445659738273017,-0.026278676985024063,0.061368503122260776,2.9764338277837865e-05,-0.006024119441981668,0.09201497790594815,0.08193659962453587,-0.07668352361175135,-0.027504860107694262,-0.019521945305915334,-0.017195484864435506,-0.012286631785840663,-0.02603890447030438,0.0,0.0015162655058088004,0.0,0.009974513120541761,0.0,0.0,0.0,0.0,0.036801695725312555,0.0,-0.010126159399728107,-0.0023767208133679274,-0.011293078469657158,-0.01956969372933559,-0.007670528614942884,0.0,0.02596405690200171,0.0008332916036946081,-0.027711428776101332,0.0006832795179759765,-5.551115123125783e-17,0.0,0.0,0.0,-0.007372036508225266,-0.0008054024115732306,0.0,0.0,0.026275362674916702,-0.0009640595928668838,0.0,0.0,-0.015715709532305056,0.004291320283465683,0.0015186041529182681,0.0,-5.551115123125783e-17
-0.023435301133517217,0.0022178102050102733,-0.004379518496705259,-0.0017468997937278852,-0.004079262533362438,0.0024911278778176893,-0.005425653252860929,-0.017661529913197527,-0.005944704563417003,-0.005423472741373059,0.0,-0.004348822268951558,-0.01081549914551827,-0.00028259265028851566,0.0,-0.0007766559117671767,0.026855737965726767,0.0014640117972459787,0.0,-0.006274676466140494,-0.019707589146848503,0.0025659009271220556,-0.024350754098331706,-0.027908409473889007,0.012617101713016776,-0.011249423164332306,-0.03375212150597384,-0.018083654202200705,-0.008711321007755679,-0.008736102847745675,0.01930284139934918,0.023911141022616933,0.024826278506953403,0.01790045838970089,0.015063143241631383,0.044207143668840154,0.0569988358292951,-0.008393183176164831,0.02807795054695661,-0.002789486965851351,0.018306954158718636,0.02628401630307231,-0.035755348641430706,-0.0007748794729570685,0.0031183381397564824,0.018027273176465797,0.0072578622348768995,-0.0041172834441192685,0.0,0.0,0.011198178324542063,0.0032640138270456642,0.006737674742741673,-0.0012368196047360391,9.11166536530228e-05,0.0,0.041115207880975835,0.0032279492867953175,0.0,0.010653773895664798,-0.016962370865987064,8.90517439089411e-06,-0.003092978588129347,0.0,0.018165728705441975,0.00338930279322458,0.011630803364685915,0.019532490765675536,0.005994084065115202,0.0067284383801037295,0.006336632436833911,0.01916423330152839,0.01615302144127445,0.0018216546554619684,-0.000799595789431673,0.02407185421785707
-0.009955740666186319,-0.02398112685913628,-0.005188138201344394,0.0,-0.016718435729742687,-0.010209745430600603,-0.026388908542049616,-0.029570999101985074,-0.017784459332090274,-0.02225201917805164,-3.285130026392524e-05,0.0034167652303348506,-0.024261473339938167,0.0,-0.0007766559117671767,0.0,-0.028311606825416058,-0.02992010177826271,0.001155738091838554,-0.023756308977507357,-0.024052217928023423,-0.01780955837294773,0.00012691462457725677,-0.008352333041961202,-0.00765595877664299,-0.03457236600059577,-0.013589470842710893,-0.019756593856977755,-0.023628103560154656,-0.011715936388578374,-0.018983178955620905,-0.011285032458521693,-0.024863594173376635,-0.023912958035683718,-0.04506890447727885,-0.007977869454439401,-0.06245391304604475,-0.0009750089631320735,-0.011906882687245768,-0.02805231456136703,-0.04521117333962249,-0.011774443813838409,0.0019268745232979279,0.0,0.0,0.008894802936386004,-0.021153632044337567,0.0,0.0,0.0,0.014888441539662567,-0.007588315535711876,-0.009852033876464272,0.0,0.025287698001624004,0.0,0.011211171778333973,-0.011289060085035385,0.0,0.0008196164366198744,-0.03252593605630788,-0.003342045973714014,-0.011626506177405849,0.0,-0.0008848849526530422,-0.01411747091198784,-0.048733294586496056,-0.0006297247250173221,-0.01590116326174329,-0.002376351344645089,-0.013759618199644164,0.01184639441650337,-0.01943815887024558,0.004478230994028776,0.0003782080537710897,-0.04271486928722246
-0.020548627385409857,-0.03492472826415316,-0.0018875684041280705,0.0005980939193235835,-0.0074004787473131994,0.0023525356704444667,-0.029634108083603283,-0.025109254747897103,-0.030911095301216718,-0.044689970516516686,-0.006113620661647112,-0.027425552060643066,-0.04580043562775804,0.0,0.026855737965726767,-0.028311606825416058,0.0,-0.0020021295878646095,-0.0005333178241201941,-0.02640997459866251,-0.016893827633151226,-0.0070349671294957505,-0.002011147363753407,-0.04041878963306761,-0.023760459342005325,-0.023810529914634837,-0.0015514038270067476,-0.04780242647941135,-0.017946631513862554,-0.008070484205887574,-0.04254356882033983,-0.012785926262576686,-0.024518674912204497,-0.03887908149853925,-0.04964789804097819,-0.08408056408899917,-0.0013974732319855798,-0.02846491672998025,0.00028853276890156154,-0.0714392858945847,-0.04913740288008117,-0.012466768452364496,0.0,0.0,-0.021201346178764846,-0.01377777846398398,-0.008698716440396936,0.0,0.0,1.6653345369377348e-16,0.0011811489108940476,0.00039156147630137195,0.0,0.0,-0.02169451280973006,-0.0006949165107841271,-0.02369602736699894,-0.0024101627065839515,0.0,0.0,-0.01759629265223772,-0.041391042428672975,-0.031850456443398456,0.0,0.0009283080982971925,-5.551115123125783e-17,0.0018306344391412765,-0.0031468542784423015,-0.028292154532371605,-0.018276319417713904,-0.02762147657590225,0.0,-0.0039054330354856837,-0.0033838489573775887,0.0,-0.017213066277956934
-0.018318697210239876,-0.03472057787005989,0.0008156506575084377,0.0,-0.059165119457947224,-0.03461304323300879,-0.041869180078004054,-0.02037614682774952,-0.028272969245973945,-0.030162780821765267,-0.010576047808468603,-0.011272928880044886,-0.045547066422375326,0.0,0.0014640117972459787,-0.02992010177826271,-0.0020021295878646095,0.0,-0.0071163440080758145,-0.028959177519342294,-0.005088716166927021,-0.013569466088503734,-0.00795190867169454,-0.02752818205070723,-0.021478748311760276,-0.03706554265711154,-0.02714422251764348,-0.03668307192745529,-0.031045134245070882,-0.01138764214076965,-0.026972444532825823,-0.017011008343456924,-0.02350483933991321,-0.022371685121875096,-0.04238349212935649,0.0053000932315144245,0.0,-0.0072554922141873646,-0.01862837062990874,-0.04319490579663704,-0.0154587753586517,-0.021860892273077026,5.551115123125783e-17,0.0,-0.02096744118231647,-0.009767777615864837,-0.017615136022263278,0.0,0.0,0.0,-0.034248959523220934,0.0005017498683344002,-0.0019442475899269507,0.0,-0.00457905352937743,0.0,-0.006939548210060098,-0.034409842141839175,0.0,0.0034476300070145904,-0.023380176746687742,-0.024272285041910813,-0.013729740566403581,0.0,-0.011878014543957038,-0.011157752261756748,-0.006498789407740735,-0.022760592767053667,-0.024856108089060858,-0.005956956066017649,-0.01524064832777039,0.004278060500022995,-0.01117172447853898,-0.05258981000415591,0.0,-0.013869627108436033
0.0,-0.0037018399204054586,-0.0017324522708975776,0.027496771297983502,-0.014719841104771703,-0.030913613772829474,-0.014456484719365337,0.020843521894943928,-0.0167112828921539,-0.015143632288897535,-0.018654829283659746,-0.029355758207873728,-0.01874352288801956,0.047676308391773614,0.0,0.001155738091838554,-0.0005333178241201941,-0.0071163440080758145,0.0,-0.0006977510509426632,-0.0013291926594852788,-0.005838909709657725,0.00019086296871839714,-0.002122617626931611,0.0057495539879302004,-0.021268402768593986,-0.010681008758100241,-0.021713106984343644,-0.003576486434878734,-0.015021900313902325,-0.027937559709699744,-0.009955162660663097,-0.027797944143073405,-0.013175877447376971,-0.04284147258026111,0.028506099540907326,-0.021749516800579793,0.0022950900613590286,-0.0029462388078608237,-0.0004934934311353611,-0.006024353151664608,-0.0018419543613771294,0.02017865561094645,5.551115123125783e-17,-1.6653345369377348e-16,0.0,5.551115123125783e-17,0.06408248772984537,0.0,0.008994790389352136,-0.004628342477944525,-0.008484739267977548,-0.0284408056629068,0.00012569336806889098,-0.00042186662435583777,0.13509040944397288,0.04563212651913745,-0.018420972930718205,0.020694735369464257,-0.002060072699859472,0.0,0.0,0.0,-0.01083738782650856,-0.0019662373040275627,0.0,0.0026063376529839033,-0.00287457668497626,0.0,0.0,-0.00478595288364092,0.001774848814455332,-0.011439797847511257,-0.014727341039808661,-0.0011417235160340322,-0.020911718848620642
-0.004347862957248372,-0.021390710301618987,-0.012293771735787384,0.0008599626160971097,-0.023894141477326936,-0.011010718547296627,-0.0440813146105305,0.0010400747715811898,-0.03030665991442766,-0.03111811498799405,0.00015098026512194718,-0.00194559625294205,-0.03584267897351123,0.030212386813379788,-0.006274676466140494,-0.023756308977507357,-0.02640997459866251,-0.028959177519342294,-0.0006977510509426632,0.0,-0.0061946948807943825,-0.025740195994026605,-0.0015233782291362297,-0.010140719785338703,-0.022447040903558535,-0.005103410779698281,-0.0018585462265467423,-0.019283414166352653,-0.02920239597111507,0.007695340402878115,-0.010977419861719184,0.01497134375391923,0.0004524597197464453,-0.010744608118545163,-0.012306757915713895,-0.004796813683648038,0.029502789577901922,-0.001486771528405706,0.018822084838706954,-0.016491636160731182,0.020327929872829942,0.018440230559751414,-0.022213856859643943,-0.0013539536638464966,0.009209679115064706,-0.009993862693675193,-0.0089220917820515,0.0024022732075481557,0.0,-0.004972592311144219,-0.013231696617573674,-0.00597479956993241,-0.0075094118450407255,-0.002870279548805199,0.00039282725725448,7.147979993793463e-05,0.032827793984060494,-0.004834986647579365,0.0,0.026625071656555643,-0.023295835838573198,0.00014372761858316707,-0.014573974096942055,-0.003232548058421436,0.007328297610776691,0.021505031225270477,0.02391124113463866,0.006141606947647316,-0.00247269071999362,-0.007765849066644515,0.0022345053206095367,0.004100555173707221,-0.005212556160148651,-0.008981995476872118,-0.010277519179129668,0.005310493354435619
-0.036658541131700306,-0.03070039646276601,-0.005593677437524147,-0.00012718297397429357,-0.007306981064159834,0.0023578407615777452,-0.027755248296630508,-0.01738105260443218,-0.01075150414284709,-0.02720142167275158,-0.0008182803311346798,-0.026414655334812187,-0.01595207949177635,-0.007175146167781032,-0.019707589146848503,-0.024052217928023423,-0.016893827633151226,-0.005088716166927021,-0.0013291926594852788,-0.0061946948807943825,0.0,-0.013181576025164954,-0.023412062261998268,-0.02722893400406462,-0.010242725238441663,-0.01033053088429886,0.006742296479450849,-0.014681707897101659,-0.02038679297310969,-0.0074284755068261266,-0.0051343924431036525,-0.0013280828677446066,-0.021791576078756536,-0.012265163340505592,-0.04233045272962621,-0.0016820478287193907,-0.003159149334076239,-0.028773333880019347,0.003990257950182041,-0.016176182712228704,-0.0015627487110885796,-0.007028605446452896,-0.005303033194557716,0.0,0.0007923105792931873,-0.04088303253868114,0.0026454270394173363,-0.0015199198212983989,0.0,0.0004735373456765113,0.0035970604363814718,-0.005304909874372765,-0.026111558021165993,0.002786489301592976,0.00016308723624514077,0.0,0.0005672180887260625,-0.008884913325617916,0.0,0.004755534154769425,-0.015511077354643688,0.0,-0.0057577221637662435,0.0,0.01034651849787821,-0.005263498443121184,0.009767621795619963,-0.0024501082662963247,0.014616260317707519,0.037142146994552594,-0.007632955587937418,0.009924855580199454,0.011133674639229485,-0.007019458970494996,-0.0024211534539397284,0.00959689419159071
-0.02249313763794425,-0.01981842901259273,-0.013904414920199781,0.005451683567398891,-0.008285461461924493,-0.008263628523368927,-0.016172585564324715,-0.0018344866855971587,-0.02404078916334318,-0.0265754850575472,-0.002263401839707302,-0.05379114088196146,-0.02177639921087876,-0.0035405449337054806,0.0025659009271220556,-0.01780955837294773,-0.0070349671294957505,-0.013569466088503734,-0.005838909709657725,-0.025740195994026605,-0.013181576025164954,0.0,0.006616366136923124,-0.01725410703221092,-0.03368781359959677,-0.03066366384000707,0.0036568080684019066,-0.025659582053319863,-0.02949423180278299,-0.017854608564615515,-0.005523331761034034,0.02200592691502168,-0.008219434623344735,0.0031619072307993434,0.001036711650098665,-0.006826475109976471,0.009098597541863818,-0.04549001833356353,0.03290936108654341,-0.04024240905482601,0.002431895902745951,0.01218922623791463,-0.01788402489165758,0.0,0.03501213097154038,0.008357718048093765,-0.01872453654916123,-0.004253774908854313,0.0,0.00044854661992449474,0.012096858214217687,-0.009302294062617678,0.036935445579432624,-0.011777830140383139,0.0011547670933443333,0.0,0.021215168845528654,0.007507087328279927,0.0,0.02718785537909596,-0.034824498342047705,-0.009367453192376252,-0.013027972286395961,-1.1102230246251565e-16,0.02870348387401289,0.02818705521389131,0.008658980696440666,0.03240336300578717,0.003560506171543909,-0.004342158171233346,-0.0006204436258517854,0.02826784156996881,0.012767783410741418,0.005701539626589369,-0.007286860636899539,0.011463926161103921
-0.030488624576823387,0.008832665563181685,0.013889202597248351,-0.010036497387501009,-0.014130947848653153,-0.005744145323980099,-0.024777951504418416,-0.014733592177349986,-0.012583804848100566,-0.023446019943438756,-0.0329571565906468,0.005438122091909525,-0.019842895468191457,0.007748400191055493,-0.024350754098331706,0.00012691462457725677,-0.002011147363753407,-0.00795190867169454,0.00019086296871839714,-0.0015233782291362297,-0.023412062261998268,0.006616366136923124,0.0,-0.024197107649178373,-0.0030604728196792497,-0.0021469018466026,-0.007666584859969572,-0.01416745819139903,-0.0018515587051416982,-0.007224101211309342,-0.017097313325798058,0.002265000597612865,0.013037101774916737,-0.014619485891546657,-0.02192998463447199,-0.013054496813775018,-0.01951970594783964,0.022371222863050877,0.0010472637471267143,0.008053610215256357,0.00046153421030159514,0.0031543376035689796,0.010556504749396622,0.007295578436156691,0.005089596812963337,-0.0013349932913501172,0.011680792006390162,0.05948328582317042,0.00014743607868139552,-0.001434295287616183,-0.007755542667944981,-0.008950433963802129,-0.038506560522408195,-0.0032288428482926124,-0.010758892890839422,0.040151314564374596,0.005399940661264702,-0.007057170728603457,0.01821407893831617,0.009041279994727258,-0.0046352407869373335,-0.0029177093237946483,-0.005935376268846992,0.060371622725205465,-0.0048361551861427765,-0.02072317686350683,0.00842035150088638,-0.006570577737505134,-0.0011280182585868825,0.003970043373749899,0.006983578262265366,0.0006606661711080486,-0.003971999003813842,-0.010023192308403983,-0.007823400844765516,-0.00810478269309689
-0.01750276806827128,-0.012837106991487712,0.0012086996078171652,0.030603964785386295,-0.047367576444897586,-0.03682755517595715,-0.037419114672536224,-0.024696872019950356,-0.016591031434780412,-0.017353132013737727,-0.02253945324109491,-0.009406070982258263,-0.01678413828341163,-0.007653026898636339,-0.027908409473889007,-0.008352333041961202,-0.04041878963306761,-0.02752818205070723,-0.002122617626931611,-0.010140719785338703,-0.02722893400406462,-0.01725410703221092,-0.024197107649178373,0.0,-0.008229760055552038,-0.025539220552180664,-0.04168506743155709,-0.01584198052332292,-0.004904742383683214,-0.0037480254979128658,-0.010938046519394895,-0.019695513034079404,-0.0100662581557599,0.005092220664268066,-0.027462423151705162,0.005778884084457703,-0.03340474954950726,0.0013470508902351241,-0.025630584639311893,-0.06962028038922707,-0.07284202522034788,0.02169535516756088,-0.0091639758809694,-0.000504141374920053,-0.014878737441621603,0.020526560549168293,0.0013109287313445295,-0.00031625510751154273,0.0,0.0,-0.0027454068639934937,0.002512390339058923,0.00018914464380614948,-0.004507717446338544,-0.017732112491708307,0.0012140238619959276,-0.04823135270768886,-0.003537733798008702,0.0,0.0021988010300823535,-0.004232115530989844,-0.05079945652192552,-0.008868732583704186,0.0,0.0005430841351673488,-0.0031982691338613978,-0.0008814069628018673,-0.005580086076696578,-0.04283560759781996,-0.001442564598679974,-0.025458717054815283,-0.0009516604712521137,0.01204111721808171,-0.005009222655989409,0.0,-0.07372249687405585
-0.007434910834412722,-0.03211807319218135,-0.048974117259655225,0.0,-0.03312998100024306,-0.02239205363339042,-0.016897948126586626,-0.01708166051240717,-0.04976182594932277,-0.010211720634748067,-0.008749251395409774,0.0108389507473588,-0.018852926788082425,0.00025866607124630514,0.012617101713016776,-0.00765595877664299,-0.023760459342005325,-0.021478748311760276,0.0057495539879302004,-0.022447040903558535,-0.010242725238441663,-0.03368781359959677,-0.0030604728196792497,-0.008229760055552038,0.0,-0.027759688942998073,-0.01245900881782458,-0.021533748912199502,-0.006886924029816721,0.020189709586512283,-0.023947194649508508,-0.010510789304445767,-0.011709330925565975,-0.01848232126759275,-0.0377910903504895,0.013077548260291949,0.0004705638934958123,-0.01631238487866532,-0.015288046743468009,-0.03623660149124808,-0.011551689645171392,-0.007962247137921763,0.0017513118925235327,0.0,-0.053314502437163014,0.0030980434544636837,-0.009322449128589427,0.0,0.0,0.0,-0.022453476266395656,-0.006565409054473281,-0.004593964589758859,0.00020700609234225453,-0.002302187827391944,0.0,-0.009371790765192567,-0.0358991131278697,0.0,0.005400201395893145,-0.012014584060182076,-0.02158254717311847,-0.0076593754195517505,0.0,-0.006856772296895797,0.00195535227616489,-0.008747415733979746,-0.006813214754001373,-0.010125726887824094,0.002356336018481564,-0.007050875589341088,-0.01379748447305379,-0.03326681363507472,-0.01062132155469847,0.0,-0.004870288527532851
-0.024960077795890268,-0.03021540176238169,0.0009694755845566227,-0.0038426262495403485,-0.03761035382793276,-0.007944644414299595,-0.042013999638566724,-0.013622455330362049,-0.041591927554735064,-0.03862078818306253,-0.02821212802502776,-0.006382890701132404,-0.03471248490918305,-0.019396603882955665,-0.011249423164332306,-0.03457236600059577,-0.023810529914634837,-0.03706554265711154,-0.021268402768593986,-0.005103410779698281,-0.01033053088429886,-0.03066366384000707,-0.0021469018466026,-0.025539220552180664,-0.027759688942998073,0.0,0.008554808934516211,-0.036886729174163746,-0.015522305002096448,0.0003303109467329146,-0.021511336979273654,-0.005280190559437681,-0.007373600727201002,-0.02200252814377579,-0.0410849820443987,0.00038828668147877776,-0.015898736349879372,-0.007382395340237602,-0.006554281982824817,-0.025485464493428367,-0.020630661140429274,-0.02240402544493847,0.06712156360632088,0.0,-0.030675831536024767,-0.009944170382721274,-0.009726269836752677,-0.0038331753257916934,0.0,-0.0009493350986237714,-0.03094647321502153,-0.0354444730649357,-0.0076430758821158795,-0.006063662554546878,-0.003304636814713713,0.0005016790772022217,-0.012351059130304931,-0.039293561550311995,0.0,0.007581509058762204,-0.019986417290549674,-0.024772540781309138,-0.010583467185965811,-5.551115123125783e-17,-0.007459630734286571,0.002076960512695014,-0.01743052151709301,0.0002252152251809303,-0.03043235275218975,-0.0024970532816589452,-0.016155473517209085,-0.007105487296636792,-0.02344077047937898,-0.02691595126525248,0.0002897701100437744,-0.017658104959890453
