0.0,0.044416983330303694,0.05458803559820996,0.0,-0.0003690905219111418,0.04433452860724835,0.013936679401127083,0.06378243667977024,0.00020702699091712518,-0.005146345078665182,0.00035245510685782966,0.039863719038395584,0.01819661742354345,-0.007020277660224616,0.036511484809832906,0.026960462881001512,0.06718754885520067,0.03778166078125961,0.0,0.04278215702402299,0.058017850925425496,0.037965082921144255,0.052519323610776436,0.04026164833581081,0.040811630107085106,0.02050448224524498,0.0392954283046702,-0.007810785045895385,0.024979243320169375,0.005848226180816318,0.038185972156461856,0.026589239495685424,0.041468055199616216,0.03234741995468887,0.03199177979355622,0.00041399854714274653,0.0,0.05911721180965146,0.017481267586370974,-0.02222859708434477,0.009234171916188083,-0.013152142020291413,0.0,0.0,0.005769228027001305,0.043306651595107715,0.027564376674057645,0.0,0.0,0.0,-0.0025739409719881534,0.0,0.000544490962718136,0.0,-0.005158921971273767,0.0,-0.01319462339811922,-0.0035001101480791053,0.0,0.01196880424815222,0.01716998357136218,-0.014945980790026514,0.018835565421134737,0.0,-0.007343728082354173,-0.043664530543364166,0.030485667564025043,-0.0035257025332353087,0.05915658128375595,0.020198727502073577,0.014876047815649718,-0.0038320026744485536,0.000502054075409486,-0.0004864614169154957,0.0,0.025630939572465428
0.044416983330303694,0.0,0.03254978992646801,0.0,0.023424890070894377,0.038897169748510374,0.01268113007220445,0.07965041344624557,0.033799231729454204,-0.007478245996420774,-0.0011035530714022523,0.056214733582857,0.024222011886322004,0.0,0.033449312490222094,0.00904265206645033,0.003063559259714521,0.028197429133848817,-0.0016403076893079516,0.04010554619106904,0.03867909128993102,0.016825868694491652,0.03295896599404813,0.03167686817196541,-0.0015590824312373686,0.01215870679676645,0.037691991844862494,0.026522793817676193,0.04746231271065193,0.0385783907832129,0.03620774074640348,0.026504955236723693,0.0349903339333259,0.02598372612493971,0.021964207094265886,-0.015006926321428082,0.0005427791005917504,-0.000395828848636981,0.01441410938312998,0.01144249789097479,0.005645661853183992,-0.0031823550136378387,0.0020136799933508365,0.0,-7.129155101170959e-05,0.05216161953818588,0.01135479945218637,0.001358806357936726,0.0,-5.551115123125783e-17,0.015928090262072148,0.0016041104700022513,-0.0051172638403758075,0.000752416262344624,0.002366696916827893,0.0,-0.004002230321672573,-0.0010955895048850306,0.0,0.01724404646085892,0.013538654743091516,-0.022301755025786685,0.008571454795630762,0.0,0.01166399409739205,0.0345655804975703,0.015313860125946266,0.03132880221558554,0.020190590995227076,0.014649079976097046,0.020385919266577734,0.022919947617661585,-0.03344129441151311,0.009787244033903464,0.0031353354819222967,0.013085476755285208
0.05458803559820996,0.03254978992646801,0.0,0.001142079960326281,0.020863676225788164,0.0024511159581154796,0.015521802056570777,0.01539309967376934,0.0019815307271472404,0.011678176892477965,0.032444725985872225,0.009786095842506948,0.018750793163665125,0.016479616340087433,-0.0025952224857289097,-0.002330983852329993,2.213998479688728e-05,0.0015660220166833216,0.005765511972098236,0.03481623850579629,0.01633581175148563,0.027080987119674826,-0.014285580593905611,0.0009671151569884406,0.05051836672857074,0.009898940508971332,-0.015304544510851115,0.027081725899879505,0.023153110596700388,0.020454533082152948,0.025917282596467694,0.004820766130028908,-0.0013313616928017913,0.02386333472432156,0.02753655478054773,0.025004788488671326,-0.004041857194864051,0.030704899334063063,-0.001609444438156138,-0.0035695290846070593,0.015264636739534154,0.0013503298538303232,0.012649306863843579,-0.0016811616047478495,-0.00013930002251516527,0.0,0.002440813450563073,0.11066004579657535,0.0003092481232356281,0.015522983081069919,0.011229725592522222,0.026980494096994212,0.0016879610342076523,0.02294829856520686,-0.001140909822256786,0.08325268076620185,6.533594647895047e-05,0.024687940781384587,0.012659937102680652,0.0013004014863373103,-0.0005422912685875136,0.0,0.0,0.17764975677683403,0.00020352538082990534,-0.0012971998675762042,0.003920005556482864,0.011899219541619654,0.0,0.0,-0.0017784297417505757,0.01906896713446571,0.027402745464079836,0.02552565340222024,-0.0013788279312839657,0.018030743772673663
0.0,0.0,0.001142079960326281,0.0,-0.010267868535015379,-0.0013195955563223838,0.006728132988955526,0.018922190267474714,0.002599520594822935,-0.00772435185320719,0.01356078428142271,-0.004649976395361188,-0.003727202324113388,0.05137269820685125,0.00038069201627444205,0.0,0.00030233241356009133,0.0,-0.008562154695279933,-0.0006929186985278335,-0.00034733873695746986,-0.0003937522041038699,0.019006934625438954,0.0016436256646101266,0.0,-0.0017781027008826333,-0.0024069345416132815,0.02812063503250406,-0.0005131506680530196,-0.0002192822647344439,0.03501159760590161,-0.03963152686906363,-0.012768085898577142,0.023291162859291614,-0.0064908410775134096,0.034143307461796946,0.024272034957135202,-0.003945347968453805,-0.0011242178091461774,0.0,0.0008533004129366861,0.0,-0.000363635621829117,0.0,0.0,0.0,0.0,-6.112893111781537e-05,0.0,0.0,0.00011223214636324474,0.0,0.0,0.00014311069896266737,0.0,0.00014650923024706053,0.0,-0.00010773377953154917,0.0,0.0,0.0,0.0,0.0,0.0,0.0,0.0,0.0,0.0026753568297734343,0.0,0.0,0.0,0.000592904791348603,0.0001402735120437093,0.0003379829438331372,0.0,0.0
-0.0003690905219111418,0.023424890070894377,0.020863676225788164,-0.010267868535015379,0.0,0.023602097660660737,0.004641837794488568,-0.01677193125503379,0.023866776256979416,0.022776371529665107,0.015529335405384648,0.023536616777776243,0.012568857875253414,0.0038806924560462197,-0.0019982413998345105,0.022203591560705893,0.025874991471598885,-0.004982596134595674,0.026533529515997134,0.01597738789419867,-0.0016952501589473368,0.016777961077158343,0.003825964370468393,-0.009375140043684949,0.010232451942239651,-0.0028201723280675273,0.01970399472942913,0.003148997165951295,0.014005959355389286,0.0035227476715302686,0.02386579829523916,-0.006555454096810631,0.013239137369637166,0.007176685241994496,0.013510514283258446,0.00709810663705257,-0.04625220741848335,0.007252007035027652,-0.007595069355932904,0.007271017944563751,0.004350744864495715,0.004169890678848653,-0.007525438107075122,0.00015046916612443395,0.0020242972571110074,0.0,-0.00013180628015974083,-0.008241603819955756,0.0,-0.04901505136602963,-0.006972303817678882,-0.0014750740122561057,-0.010110500289714885,-0.017820669089706587,-0.00048760298431838045,0.007136323803972111,0.0032989728048722355,-0.0064867447141141454,0.0015935549450475928,0.0006590372157658786,-0.0013307780771848465,0.0,0.0,-0.009368481447761368,-0.0023359363340200723,0.0,-0.00048426170835608184,-0.010253946539580339,0.0,-0.00026703757748952617,-0.0021351639699441205,0.003621433124601836,-0.028188819878514848,-0.01181608214687474,0.003015966810269277,0.004733890854398348
0.04433452860724835,0.038897169748510374,0.0024511159581154796,-0.0013195955563223838,0.023602097660660737,0.0,0.011512830286093012,0.037194963838537765,0.04125212582761412,0.02904732615632777,-0.012599045935889452,0.023074429943212238,0.028623947696114926,0.008562332471450607,0.021984361238456263,0.04562869324592561,0.0367913124435047,0.060306973208973325,-0.0013666368966671616,0.027680378468742717,0.04287733646105757,0.033660250922032287,-0.0022907473309775606,0.085000828128515,0.041147740627679896,0.015471239785766477,0.013782831431480791,0.03540058105673777,0.05539176383288674,0.03103265286059015,0.03895880776880445,0.010293856582270278,0.02774596629747822,0.038422737803585294,0.03549098535974898,0.01539410420301468,-0.0037425012004939084,0.025221706115812148,0.010539033852071,0.026456462903833244,0.0341203157910015,0.03359086381884968,0.022658464379900378,-0.00023513478368891727,0.0014014461679498491,0.0035016636088389674,0.01651073828784727,0.029850314001718115,0.0,0.03271151554551288,0.022480944682952142,0.0263457444016727,0.019482327665880983,0.01791286602900788,0.0008741294277152534,-0.009330351834633932,0.0028016470896720658,0.0218528102628206,0.005750240956730657,0.029087862618506155,0.025046088474213246,5.551115123125783e-17,-0.0043161845714217995,0.017526225805663542,0.02498030479518487,0.052719829719232725,0.007988295942260415,0.023947613175060112,0.0,0.023188655822054316,0.01777944697786965,0.028248833534731177,0.024708535361063433,0.02982339978987425,0.009616346947965648,0.023991400900212567
0.013936679401127083,0.01268113007220445,0.015521802056570777,0.006728132988955526,0.004641837794488568,0.011512830286093012,0.0,-0.001321462161193998,0.024605007385624267,0.014400956047327773,0.036303620300428996,0.02204705226689796,0.021575687009240452,0.008955301541767657,0.010247982557819835,0.014996462713221914,0.014953442287753527,0.030281206753331347,0.033348271042294375,0.004278231930374077,0.018530773665371647,0.011392141113488352,0.004184765040243121,0.008635006415113777,0.017379577384018574,0.006271802427661677,0.008161812846670058,0.038691841892416534,0.005373656000689009,0.0162290543676889,0.02795157246257679,0.005095649102800359,0.007549037555124594,0.0007575270912111298,-0.007373620100962375,0.033406887879428804,-0.00503898952692422,0.012523291814895088,-0.02853010493274577,-0.0007810065405254307,0.022479273472769346,0.003274684501271996,-0.034451071622563334,0.0010514896770451032,-0.001731555745334179,6.026614822851606e-05,-0.015184526802707987,0.010132409534303166,0.0,0.001575189182764336,0.010852619666114394,0.007099619389688394,0.0025167759587919614,0.007617768388090251,0.0035156353866862,-0.02637020346441915,0.0034169600623735197,0.008733893842713503,0.001999928677617613,0.017960784120238493,-0.013343441782112053,1.1102230246251565e-16,-0.0005316452317156162,0.014452437450418132,0.002714983032114371,0.00578241833178994,0.00923873163007477,0.00504844063841936,-0.00010386274248308514,0.001337522466519303,0.0076763086050603,0.007978442109602524,0.006851254515592986,0.004328250313066828,0.008204417254102814,-0.010769764841574436
0.06378243667977024,0.07965041344624557,0.01539309967376934,0.018922190267474714,-0.01677193125503379,0.037194963838537765,-0.001321462161193998,0.0,0.02818514695438934,0.05941288299684727,0.04958904841472789,0.05213448634062218,0.014461020672671188,-0.011552357756965892,0.011763587989933544,0.07491515402912585,-0.005434410391875866,0.05872028464474888,0.019758158080970423,0.03666535770913065,0.04049876979160044,0.04029141126152275,0.026036528167066142,0.07177840314378325,0.07765186346054359,0.0630065959818959,0.026265461660252953,0.0291567531488795,0.05014991252829876,0.030401823242940718,0.02944074379884959,-0.0036436187179545443,0.017600446897854227,0.02078789768479261,0.02039890862336169,0.008067407410099536,-0.0908468175925673,0.007741687151545162,0.010541551470978128,0.01096255308784766,0.004296753516643048,0.004277859768826442,0.0030700433355987378,-1.3977246734686588e-05,0.0003474636356296523,0.0008193374613791327,-0.0023676386313399855,0.020087053837134827,0.0,0.011616947941502809,0.009746322804978724,0.023401797425458892,-0.012830932035232445,-0.004391675806774575,0.0001270738461670584,0.017346824297476193,-1.1102230246251565e-16,0.011686793874276236,0.015669117554720502,0.029733105575380725,-0.0030671657077955272,0.0,4.959419530159437e-06,0.0013536476995914537,0.031264427636354064,-0.048663751761924445,0.04821597072361711,0.004843958664801251,0.0007464554969905945,-0.001454576802250973,0.015181931917234825,0.015893136284625298,0.006015051387279924,0.011012260996885126,-0.001758246765287741,0.015074048561702802
0.00020702699091712518,0.033799231729454204,0.0019815307271472404,0.002599520594822935,0.023866776256979416,0.04125212582761412,0.024605007385624267,0.02818514695438934,0.0,0.023666446249417494,0.019973363696268953,0.03425118342291367,0.02350710458282934,0.015582747873006952,-0.004152589879809987,0.04990306535715733,0.015832550230338416,0.037816895310495036,0.01706999833671452,0.027372610237839212,0.03600476949481313,0.030202727114141292,-0.02150231803934277,0.030704946242057163,0.03785678146801885,0.011984958192878314,-0.007422373027265061,0.03271627234750413,0.023734140755840127,0.02587022878896389,0.03756739942829618,0.014778643980127126,0.029797802046999444,0.026826072976831705,0.024261535729224293,0.02121624543921885,0.006208786126002841,0.01968497236243283,0.0026058999737572086,-0.017690051467340095,0.02704790168455229,0.022454465284011293,0.016453651390489044,0.0012050662471228546,0.014213204735982254,0.0,-0.0019379510660438304,0.043593481599912054,-0.0010184379106003005,0.0043433058809665415,0.01511399752495124,0.02263875297049467,0.019216917101387843,0.016835540435920726,-0.0010656043793844105,0.027035042242314455,0.00021033235645057102,0.014960351891643575,0.01910352036120333,0.02163229971302766,-0.00014911550061186274,5.551115123125783e-17,0.0,0.024690449268366943,0.003495885315229319,0.005729849052949043,0.015439550316900863,0.019085250364105577,-0.0018843538472485544,0.0009082614229259933,0.013307187458296843,0.022347466823727347,0.02705736024476124,0.016702706636524955,0.002761801278051146,0.022026462100496302
-0.005146345078665182,-0.007478245996420774,0.011678176892477965,-0.00772435185320719,0.022776371529665107,0.02904732615632777,0.014400956047327773,0.05941288299684727,0.023666446249417494,0.0,0.02816648036507341,0.02938736039414569,0.021437603797154925,0.020413109318213496,-0.002175941719630037,0.01699842452000505,0.03200112220565293,0.00623834898790987,0.02298851581554484,0.040358155261686623,0.05877564833685667,0.02960952795697619,0.028863699930714193,0.024501938492148323,0.017057772247763336,0.037425959826216715,0.012091603800001238,0.014239920261943706,0.018769785895907554,-0.005789358535716993,0.03987921704999159,-0.01366352309357044,0.00314352808813978,0.0034352861224028475,0.009353821333778267,-0.011847971511895539,0.049947113904980356,-0.0037163367631855015,0.0022643195363809543,-0.015096566198548655,-0.024349853322225057,0.011767493369579607,-0.004556485963617407,-0.0011202644923562488,-0.012315966666619771,-0.010749968094356521,-0.0034008362843708784,0.0035009742124081367,-1.1102230246251565e-16,1.6653345369377348e-16,-0.03320011031448,0.0011010949246296198,-0.0009058592966201262,-0.0002167383468839601,0.02691995346887216,-0.0028169934711759215,0.030450164847382888,-0.010591104323407818,0.0,-0.001571775642588702,-0.0045701885996907166,0.0174355741122037,0.013429311123998922,-0.00013065915223370306,-0.0019165938086093681,0.00012296975389436415,0.0020779941946025837,0.013466933352840327,0.04825507135728141,0.02513178882913536,0.014922387119603808,0.023444581842199996,0.0011818340834991448,0.0030001155800402635,-1.1102230246251565e-16,0.019067399528110263
0.00035245510685782966,-0.0011035530714022523,0.032444725985872225,0.01356078428142271,0.015529335405384648,-0.012599045935889452,0.036303620300428996,0.04958904841472789,0.019973363696268953,0.02816648036507341,0.0,0.035467193490186455,0.03286993079165185,0.00928035050655135,0.0,-1.660610913511995e-05,0.00162937687802589,-0.006694830955196851,0.03243600366376431,7.63194984591542e-05,0.000739349796583022,-0.0011158259363222567,0.02521415642159608,0.01674276046143308,0.0090485511895112,0.010391450309893024,0.006929285387696493,0.03478931840356114,-0.007850802327926565,-0.01046631079164706,0.03593851949700444,0.018938791575020042,0.02770096494954727,0.019739681571333156,0.021985024187964386,0.040641262693686564,0.025240605473401623,0.02623295900323569,0.028593819866584602,0.004459486099893828,0.019988377775512933,-8.662286657112883e-05,0.031807955676258326,0.0016506300481022862,0.003784202164083539,0.0,5.551115123125783e-17,0.060595484433457136,-0.00013394179821668573,0.05393684028898971,0.011106668409565312,0.04013328459777055,0.02814109032534623,0.03140112178339605,-0.000510795920764584,-0.0034036013979676927,0.0004041735419178516,0.014703022988600822,0.02940733242535254,-0.0007904012592459542,0.0,0.0,0.0,0.043205559773819346,0.0008232010955398494,0.0,0.0014305870814121935,0.020531441360529867,0.0,0.0,0.000239750416817619,0.02673412001418729,0.017571696462805986,0.005697945252518266,0.0012115449288037095,0.0032987747410399004
0.039863719038395584,0.056214733582857,0.009786095842506948,-0.004649976395361188,0.023536616777776243,0.023074429943212238,0.02204705226689796,0.05213448634062218,0.03425118342291367,0.02938736039414569,0.035467193490186455,0.0,0.026972271513396318,0.0022335216555343096,-0.0024784903993245733,0.04578561295034678,0.028746766903901932,0.02458069834113724,0.027980043462111692,-0.012022954192625612,0.05180939187315686,0.03392831347039765,0.060128140410009245,0.023906512296206717,0.035784027881156866,0.028703471775080258,0.0063237671658197825,0.007931112471864787,0.02239537893833371,-0.003312550904518763,0.03654417804266291,0.01502370151905158,0.00858188707127644,0.015896902218787368,0.022450778442373365,0.037366346170650766,0.03856902955088448,-0.011340282145452463,0.0352335177839308,-0.06244064183818365,0.0038050110583414676,0.0008789499153422642,0.02256354173274666,-0.0007267936026713606,0.02174138944944931,-0.003432057687318524,-0.0004065451035366041,-0.0005536509404808765,0.0,-7.305308130645116e-07,0.01661382109820586,0.002114155959968833,0.0,-0.00046317442482912696,0.019941361007758007,-0.000897481758448504,0.025031615579296007,-0.003326457236162872,0.0,0.028294120733618477,-0.00862690340379818,0.01923865445177425,0.006557581920117517,0.0,-0.002497618462921236,0.0002717003682941588,-0.0005867947532011697,-0.018327285559675166,0.03306100277644741,0.01326159588008391,0.012157234465022426,0.0053677443859511675,0.04821814011971903,-0.0027906995998598916,0.0,0.003384001842877571
0.01819661742354345,0.024222011886322004,0.018750793163665125,-0.003727202324113388,0.012568857875253414,0.028623947696114926,0.021575687009240452,0.014461020672671188,0.02350710458282934,0.021437603797154925,0.03286993079165185,0.026972271513396318,0.0,0.012777692624058257,0.005743652059934379,0.02846696764953821,0.024040556760744236,0.034730671448472694,0.0296117598421064,0.018821008518798588,0.01908677358020261,0.029103074796013373,0.007484264802285978,0.012459841101447322,0.023808773213659484,0.02285882910162418,0.016572997655368127,0.04165263858940216,0.021815884765493232,0.03423072687018608,0.02617595469953854,0.007678733256465786,0.014110729876929518,0.01259564277137376,0.006659225467792518,0.027013527124482295,-0.022461543846685916,0.020729214453540146,-0.0005554508769288757,0.013401861260035952,0.013283676239609465,0.030926009903912588,-0.016423986531181933,-0.003030974153860666,0.00023562176658636913,-0.0003683946185380482,0.002375152390892088,0.02529006284014579,0.0,-8.277606550310956e-06,0.010148609676086218,0.023697145983457846,0.007337430922826127,0.008588922251486553,0.04912166457614997,0.0012382474672510968,0.0546470128026918,0.007761513615099802,0.003448650058693159,0.019918376564802,0.015076659696773964,-0.0008893939650348459,0.013461931865545118,0.016837124962430727,0.008917156754171485,0.008754413141719708,0.013567912936243265,0.011098489659490895,-0.0004896801764546765,0.022531776112014845,0.012463696864309426,0.013876586304744198,0.007052991919770379,0.013089339423624113,0.004488579684617688,0.006001609818091169
-0.007020277660224616,0.0,0.016479616340087433,0.05137269820685125,0.0038806924560462197,0.008562332471450607,0.008955301541767657,-0.011552357756965892,0.015582747873006952,0.020413109318213496,0.00928035050655135,0.0022335216555343096,0.012777692624058257,0.0,-0.00014978814184907208,0.0,0.0,0.0,0.01662056123833744,-0.002298298611843941,0.008754814938583655,-0.0024509182979285393,0.00897225800874285,0.045319637104324406,0.00013075394198025503,0.033103282520199395,0.011538956886976981,0.011977100045945877,-0.010073775390422701,1.5045670819946455e-05,-0.010603145233297306,-0.022227733603410238,-0.003258887864178883,-0.03344558796885433,-0.015223732208182572,0.004039976483658336,0.006159148280190763,-0.007885680715463639,0.0065699130777577275,0.0,0.0011624508452952598,0.0,0.022215778574082357,0.0,0.0,0.0,0.0,0.021721240109073947,0.0,0.02882758401620833,-0.0019242264815167998,-0.005953926703983314,0.009564691582183149,0.011902175918558688,0.0,0.031231535794177367,0.00083545412773256,-0.0020974018106555414,-0.0005282044864690638,-5.551115123125783e-17,0.0,0.0,0.0,0.011131797896518969,-0.0013201090123382553,0.0,0.0,0.0019090052001365931,-0.00048732557565001056,0.0,0.0,-0.006841202997319662,0.003207075404362214,0.0006731264437485618,0.0,-5.551115123125783e-17
0.036511484809832906,0.033449312490222094,-0.0025952224857289097,0.00038069201627444205,-0.0019982413998345105,0.021984361238456263,0.010247982557819835,0.011763587989933544,-0.004152589879809987,-0.002175941719630037,0.0,-0.0024784903993245733,0.005743652059934379,-0.00014978814184907208,0.0,0.02405296049911526,-0.003624375440216543,0.03722242368923995,0.0,-0.0013362266191966343,-0.00926099541302855,0.027660017734014664,0.007423773290921254,0.06639195442253343,0.04588383777724625,0.04533576916492088,-0.003932669436224334,0.015395618302161462,0.015831513739138325,-0.004553325171464395,0.011125137907831872,-0.00353331119709277,0.007581698152115901,0.009026098874273414,0.014647025229883648,0.044627579290681174,-0.004979607182758916,-0.0057003842238854685,0.013115920374462686,0.028482666563619308,0.02024330262268459,0.015683895888883637,-0.02985644804716525,2.1960713561863798e-05,0.0022961773110990458,-0.04187113771594797,0.023667710968707456,0.00540309343219092,0.0,0.0,0.026136863043895175,0.032134618578143925,0.03743599548074866,0.0003746952116664426,4.6058849495711485e-05,0.0,-0.0012688546403771817,0.017282481471817268,0.0,0.02563416591187684,0.02228364118652154,0.00027656792075519965,0.02317437056517163,0.0,0.0313959391230938,0.021232359110967047,0.02878215151140906,0.03167483545127597,0.003607716777345449,0.015241169499672969,0.024216676045990093,0.023749499086046122,0.019835597479833378,0.03188247702320102,0.0025784007508204976,0.017898190385653323
0.026960462881001512,0.00904265206645033,-0.002330983852329993,0.0,0.022203591560705893,0.04562869324592561,0.014996462713221914,0.07491515402912585,0.04990306535715733,0.01699842452000505,-1.660610913511995e-05,0.04578561295034678,0.02846696764953821,0.0,0.02405296049911526,0.0,0.019845514728206004,0.036281771871085944,0.0013839592753737695,-0.01900147809624353,0.04195742671494612,-0.002971511968229812,0.033855448011796685,0.03731773296389129,0.018938538802870497,0.020770003906818213,0.016728317270058468,0.004776234216451847,0.025596367331037317,0.03278251667170351,0.019957880318676124,0.01505854444066429,0.03383945377916875,0.010778216194737955,-0.014721958294366622,-0.007649387295704246,0.0032557143573658243,-0.002060864497322734,0.006359173885806257,0.00034065934829391464,-0.0016415546909474554,-0.004063653601124317,0.0013447932567797194,0.0,0.0,0.021083625114748428,-0.0032764893940593343,0.0,0.0,0.0,0.003544816320161348,-0.005020350947095853,-0.00794758800396117,0.0,0.020062025769593483,0.0,-0.006685896530482516,-0.006977025475654874,0.0,0.016951192671104676,-0.005656955803986841,-0.012311367769914927,-7.38739078442463e-05,0.0,0.02619054612097843,-0.009081461627796883,0.013117613984322485,0.03865608815157501,0.02052061781262493,0.003280064829118412,0.003016707949235309,0.014460544769460681,-0.013105037905032868,-0.004463660807925818,0.00035701795484133214,0.014596871619335539
0.06718754885520067,0.003063559259714521,2.213998479688728e-05,0.00030233241356009133,0.025874991471598885,0.0367913124435047,0.014953442287753527,-0.005434410391875866,0.015832550230338416,0.03200112220565293,0.00162937687802589,0.028746766903901932,0.024040556760744236,0.0,-0.003624375440216543,0.019845514728206004,0.0,0.0190607040856991,0.013705089040358776,0.02115080487792831,-0.011704592193578611,0.0051576318592679304,-0.0019638032958649854,0.046002547521833914,0.03698423221097685,0.029052090564697763,-0.0005877509850319429,0.03451089502490995,0.025282267163203254,0.06473991540090362,0.024017109173917528,0.02189634912792049,0.03264285568996472,0.022171757292746674,0.02702811716495701,0.00022124707761511653,-0.0003384332761134923,0.0228504691790839,-0.08379493126140986,0.010791682922101808,0.02420723805684022,-0.011219695121326312,0.0,0.0,0.04901258649408069,-0.007764998892154207,-0.0043086665100239285,0.0,0.0,1.6653345369377348e-16,0.0013473533493880696,0.00019793166652021243,0.0,0.0,0.03353138094567604,-0.00035127557585895586,0.034931070080278515,-0.001640117968433552,0.0,0.0,-0.008319041144226214,0.024092320206437756,0.019876706483964834,0.0,0.0007552797903351283,-5.551115123125783e-17,0.0023918659056351155,-0.0015907134621919727,0.0532719222917335,0.03644704773749258,0.024492505521997276,0.0,-0.002923302412110862,-0.001998591402327554,0.0,0.04432380099397981
0.03778166078125961,0.028197429133848817,0.0015660220166833216,0.0,-0.004982596134595674,0.060306973208973325,0.030281206753331347,0.05872028464474888,0.037816895310495036,0.00623834898790987,-0.006694830955196851,0.02458069834113724,0.034730671448472694,0.0,0.03722242368923995,0.036281771871085944,0.0190607040856991,0.0,0.0055405160226235095,0.016803600326717127,0.0772750962676036,0.014298498075845267,0.07420884667009137,0.0328822462713898,0.019499149080008382,0.02571322285575456,0.036486848976354846,0.04288926535924831,0.043478798210109415,0.04212418765757853,0.01570625820788024,0.01954694508597482,0.015451160533228092,0.012740635319516747,0.010110068722980314,0.003329186750662294,0.0,-0.0015309976729827035,0.023393823674648206,0.013760056310951063,0.015429154605895168,0.0070768418995352245,5.551115123125783e-17,0.0,0.01511191378136717,0.01732062837922893,0.0025713027046460613,0.0,0.0,0.0,0.013610085861413823,0.0002536311502188693,-0.0018437886324628727,0.0,0.027431701482232507,0.0,0.01968608924133569,-0.006243174243186933,0.0,-0.0021390916413368544,-0.00012181059793880955,0.007952671642293851,0.005455497661532138,0.0,-0.009468381254774838,-0.004797451553116006,-0.0029533083022935114,-0.0009484345569702457,0.03134188310932118,0.010839396402991086,0.013030892782627146,-0.010391383160212708,-0.007397135688309298,0.003978321621371239,0.0,0.01641356789562315
0.0,-0.0016403076893079516,0.005765511972098236,-0.008562154695279933,0.026533529515997134,-0.0013666368966671616,0.033348271042294375,0.019758158080970423,0.01706999833671452,0.02298851581554484,0.03243600366376431,0.027980043462111692,0.0296117598421064,0.01662056123833744,0.0,0.0013839592753737695,0.013705089040358776,0.0055405160226235095,0.0,-0.0006443891460796713,-0.003406220603788368,-0.003111183096259018,0.0005854915348773582,-0.019215113950282747,0.007291055665977986,0.003647470643383499,-0.015815085816010377,0.031012853181706435,0.03194194739292988,-0.008382271034136024,0.03699075782725636,0.012619081382440889,0.03218864952241496,0.025564841844758546,0.015197176655723177,0.0318887341022101,0.013179974670186612,0.028506909292525084,-0.00989885942646812,0.0005023608214458353,0.012898852945533057,-0.0013531525459938853,0.002506827932997724,5.551115123125783e-17,-1.6653345369377348e-16,0.0,5.551115123125783e-17,0.08395887346927111,0.0,-0.007817727828257737,0.01730252271743493,0.0048501510992639,0.009396987923652955,0.012817993043392817,-0.0008513696579037777,0.02940286787751878,-0.001273722663615362,0.015875965742914055,0.009578273453890562,-0.0008724055535746511,0.0,0.0,0.0,0.019758429467258476,-0.0006187972162067235,0.0,0.0013077893269995422,0.016479289475389347,0.0,0.0,-0.003102009703964015,0.021405216309693387,0.016754272569853734,0.00035828416460770285,-0.0007924738622453464,0.009789488584351691
0.04278215702402299,0.04010554619106904,0.03481623850579629,-0.0006929186985278335,0.01597738789419867,0.027680378468742717,0.004278231930374077,0.03666535770913065,0.027372610237839212,0.040358155261686623,7.63194984591542e-05,-0.012022954192625612,0.018821008518798588,-0.002298298611843941,-0.0013362266191966343,-0.01900147809624353,0.02115080487792831,0.016803600326717127,-0.0006443891460796713,0.0,0.025555323856683132,-0.00046922250220426953,0.021132492241141998,0.082035297208501,0.02110914542771597,0.01940563237362647,0.02275916902683983,0.019272383490005984,0.02363634910003698,-0.04055221348776106,0.01589820281562182,-0.0030948661100768105,0.014839121183343296,0.010681307570246046,0.013393397370510818,0.01736145581055426,0.010166779676496651,0.00617851211431425,0.007200160369334185,-0.022978451441268866,0.02162195877210582,0.012772210816756169,-0.019559494620701723,-0.0009117253811654069,0.0006579098932131822,-0.005620822582667884,0.016307954256567503,0.0018741449101609131,0.0,-0.002966402609288543,0.02600006278442829,0.007659704340431062,0.021179142345879254,-0.0019558322743322143,0.0014160080287136667,0.0004665092436483831,-0.0039740358132809295,0.020324431211820704,0.0,0.02821631905352867,0.019592604710932993,0.000623891981020086,0.013566451127214496,-0.0017913215756386047,0.01747595184039008,0.039016549019443625,0.025875094310831126,0.027752880246168676,0.00014220390557101448,0.021034354469862626,0.020595711507294834,0.01877192581881254,0.01596385244268178,0.02595279536739692,0.012515724498977976,0.016804892758978396
0.058017850925425496,0.03867909128993102,0.01633581175148563,-0.00034733873695746986,-0.0016952501589473368,0.04287733646105757,0.018530773665371647,0.04049876979160044,0.03600476949481313,0.05877564833685667,0.000739349796583022,0.05180939187315686,0.01908677358020261,0.008754814938583655,-0.00926099541302855,0.04195742671494612,-0.011704592193578611,0.0772750962676036,-0.003406220603788368,0.025555323856683132,0.0,0.01803277393974162,0.042433731713701905,0.07872120779393177,0.0824471934453565,0.03313477304958068,0.025740747526943997,0.03171800626988086,0.042104278714340526,0.037212529917500514,0.03154793770897907,0.005508018333292508,0.04903912893871376,0.018039077105248935,0.02550197902763257,-0.003678703609640843,-0.003642414907772118,-0.0043432944481121005,0.009022766676173521,-0.009069316445367293,0.010109035411448697,0.025948520593950253,-0.006447662551355426,0.0,0.000960691267258007,0.05769984338908285,0.032988859486293265,-0.0007683091453439816,0.0,0.0002393699116538528,0.00205225823818056,-0.0041019830685263825,0.022887905241255113,0.0025228667212208733,8.24394901232095e-05,0.0,7.3557135271684615e-06,0.01952531678393138,0.0,0.02759127446854126,0.03695341319494788,0.0,-0.005116763114177192,0.0,0.02445064749897008,0.01374941137009622,0.025709561236654133,0.01617303999635633,0.009154026980064567,0.05420887734695512,0.028243332441133306,0.008507498411583658,0.013208969267826831,0.01842051581324905,-0.0008977814904403414,0.0048892506927940005
0.037965082921144255,0.016825868694491652,0.027080987119674826,-0.0003937522041038699,0.016777961077158343,0.033660250922032287,0.011392141113488352,0.04029141126152275,0.030202727114141292,0.02960952795697619,-0.0011158259363222567,0.03392831347039765,0.029103074796013373,-0.0024509182979285393,0.027660017734014664,-0.002971511968229812,0.0051576318592679304,0.014298498075845267,-0.003111183096259018,-0.00046922250220426953,0.01803277393974162,0.0,0.007419006277719631,0.004475165493754318,0.01893653866076428,0.023117080163147286,0.02473307218289994,0.012401715266843971,0.02933830038004448,-0.02775375955625098,0.008474597730420363,-0.011599436681223152,0.013349110222365568,0.0003853339664633415,0.00717094004791291,0.012621770646259578,0.00019551317209476338,-0.0026206997963039713,0.0031157256201635453,0.009152177874822864,0.003700547738993254,0.009067027103432768,-0.013879002361691428,0.0,-0.0026714800556463802,0.051426069561366194,0.01351407758607115,-0.0015159594232767581,0.0,0.000692500816997843,0.013226577881385038,-0.014264303701790826,0.0008743318080839391,-0.007989186069893628,0.001092881336960061,0.0,-0.000560001563519763,0.000763899184070771,0.0,0.02026912530531577,0.009184582711894929,-0.00482753569469796,0.004964546661331337,-1.1102230246251565e-16,0.018997726105924095,0.023284945893116915,0.015420826985843683,0.025777722044743323,0.002035821633305346,0.01147387592670901,0.014516355393891844,0.017108042108366528,-0.007793828865647445,0.007170211978791807,-0.004485780946482776,0.0009051974064770429
0.052519323610776436,0.03295896599404813,-0.014285580593905611,0.019006934625438954,0.003825964370468393,-0.0022907473309775606,0.004184765040243121,0.026036528167066142,-0.02150231803934277,0.028863699930714193,0.02521415642159608,0.060128140410009245,0.007484264802285978,0.00897225800874285,0.007423773290921254,0.033855448011796685,-0.0019638032958649854,0.07420884667009137,0.0005854915348773582,0.021132492241141998,0.042433731713701905,0.007419006277719631,0.0,0.06925931463065904,0.1028771526747208,0.02156833110317602,0.01888376646873674,0.022432982126324497,0.02945465734010483,0.02068058796107275,0.015628318171572453,-0.002914565228200161,-0.002300765330205623,0.014714507019837564,0.007674571495200566,0.008026666972083263,-0.02482143131115172,-0.0026576522400437175,0.01616232323343947,-0.008282103417114606,0.020549336744123736,0.01684956687230299,0.011483473738289285,0.006236892007738137,0.024063369466140516,0.00103287484648662,0.021223519739894947,0.06965206015995407,7.452793628798249e-05,0.004137441031280442,0.011168123240795746,0.018973823201358875,0.003583592594643248,0.01080511735966172,0.021391857174943185,0.01780443315661162,0.012404918217462091,0.01559565952337627,0.006168901887645406,0.03584553910169064,0.03559163950378552,-0.0012817563029056123,0.02192432704496111,0.05408952719014304,0.02169587320757621,0.03549885791735702,0.04208047116558339,0.021573888151099396,-0.0005975287010575592,0.02001532338641865,0.025131307580037898,0.021009393131202758,0.016461601780897728,0.024800663549440327,0.011087018856138275,0.020711953481579837
0.04026164833581081,0.03167686817196541,0.0009671151569884406,0.0016436256646101266,-0.009375140043684949,0.085000828128515,0.008635006415113777,0.07177840314378325,0.030704946242057163,0.024501938492148323,0.01674276046143308,0.023906512296206717,0.012459841101447322,0.045319637104324406,0.06639195442253343,0.03731773296389129,0.046002547521833914,0.0328822462713898,-0.019215113950282747,0.082035297208501,0.07872120779393177,0.004475165493754318,0.06925931463065904,0.0,0.04176649808091959,0.01699849083572952,0.07054823946391042,-0.00833699631200252,0.06485645416755176,-0.002237751924021314,0.02874405739517294,-0.014219916474080108,-0.01871321000304077,-0.012148469807130746,-0.003181344114177531,0.03275972886044953,0.028186644457647014,-0.0006198903166414471,0.0034758895500175413,-0.08728804993864542,-0.016161501671874356,0.017278904854333588,0.03214520913254809,-0.0003874596494489735,-0.003909775630786483,0.030167261645476784,0.05820480969548547,-0.00015986480862861807,0.0,0.0,-0.017913703425110894,0.0015410896675310815,-9.780854328628186e-05,-0.003318432617738898,-0.006024669851881048,0.0006136808157685136,-0.004743238935417282,-0.0032830599155226348,0.0,-0.005905565339600405,0.04395269152998821,-0.013571151883040367,0.018731762113439576,0.0,-0.00011447799673292014,-0.003504900189533422,0.0020382102769456734,-0.0012717328906340364,0.02849669950946082,0.010867826990299478,-4.70806679233049e-05,-0.0008149134932118329,0.009704654952003289,-0.0035435766871648733,0.0,-0.00896120777614412
0.040811630107085106,-0.0015590824312373686,0.05051836672857074,0.0,0.010232451942239651,0.041147740627679896,0.017379577384018574,0.07765186346054359,0.03785678146801885,0.017057772247763336,0.0090485511895112,0.035784027881156866,0.023808773213659484,0.00013075394198025503,0.04588383777724625,0.018938538802870497,0.03698423221097685,0.019499149080008382,0.007291055665977986,0.02110914542771597,0.0824471934453565,0.01893653866076428,0.1028771526747208,0.04176649808091959,0.0,0.018873796522647812,0.04061357244798186,0.02725133502671706,0.037582166288217256,0.02603190241737874,0.018382551266741876,0.02461553960403845,0.015182602811917856,0.01744525450092732,0.017157837251426777,0.009315377988737605,0.0007590831212118121,-0.000549527376776493,0.011809678889065423,0.012462157217048131,0.01769556926928506,0.002291415444957201,0.0009277448507815089,0.0,0.035006332443466515,0.03237195728856396,0.008050542886340162,0.0,0.0,0.0,0.011106826510348111,0.0014729273400316822,0.049338463300835134,0.00010464017355382715,0.02580922524458462,0.0,0.03298756338200165,-0.009518584307948774,0.0,-0.0007957571415680986,0.0025502030288458988,0.016465666887520602,0.01645899034939602,0.0,0.010622827580422933,-0.004038380181288048,0.010560140924806893,0.009128856637458826,0.047592964084754885,0.018267664848875764,0.01783795517228509,0.012946109908571646,-0.011597638175960434,0.004016574814104279,0.0,0.02703232741545286
0.02050448224524498,0.01215870679676645,0.009898940508971332,-0.0017781027008826333,-0.0028201723280675273,0.015471239785766477,0.006271802427661677,0.0630065959818959,0.011984958192878314,0.037425959826216715,0.010391450309893024,0.028703471775080258,0.02285882910162418,0.033103282520199395,0.04533576916492088,0.020770003906818213,0.029052090564697763,0.02571322285575456,0.003647470643383499,0.01940563237362647,0.03313477304958068,0.023117080163147286,0.02156833110317602,0.01699849083572952,0.018873796522647812,0.0,0.013307266372015791,0.02840094845898211,0.01997178529528304,0.02222692672598575,0.026378938956694076,0.013778151622030554,0.01724994848094974,0.021903794662579634,0.013839523847717417,0.04302237761766936,0.028951984674088438,0.01544553986617575,0.020648893596446505,0.019569618019406376,0.02435176520947202,0.019480073544298482,0.0027938197818062616,0.0,0.02507252675818422,0.049491361237329834,0.02509547622858832,-0.0006348807223373054,0.0,-0.00047988244382873857,0.03311022019543408,-0.007479457395200673,0.024154767120506182,-0.004020181832974534,0.03589435449834272,0.0002535953657823442,0.030270729462248736,0.012744377640494575,0.0,0.023829589730316125,0.025430612726624835,0.021272526989226437,0.021785380338530613,-5.551115123125783e-17,0.021582990851363226,0.026068256109110455,0.026489004663344362,0.0392726735805779,0.039028519484025914,0.023713078004362675,0.026698659342935138,0.03200698975894389,0.016771558819959842,0.025508100740780526,0.0001464768223127244,0.02366712706864671
0.0392954283046702,0.037691991844862494,-0.015304544510851115,-0.0024069345416132815,0.01970399472942913,0.013782831431480791,0.008161812846670058,0.026265461660252953,-0.007422373027265061,0.012091603800001238,0.006929285387696493,0.0063237671658197825,0.016572997655368127,0.011538956886976981,-0.003932669436224334,0.016728317270058468,-0.0005877509850319429,0.036486848976354846,-0.015815085816010377,0.02275916902683983,0.025740747526943997,0.02473307218289994,0.01888376646873674,0.07054823946391042,0.04061357244798186,0.013307266372015791,0.0,0.038245663984240674,0.03131122638880002,0.038659949307193964,0.027837104311992822,-0.0012650225551577021,-0.00043443954769645243,0.020544242813120617,0.012316769979148823,0.012145160188646698,-0.01603029554454405,0.030325244308445354,0.014065575046945777,-0.022496904797800366,0.024730863264438407,-0.0022168212729188896,0.025549700673929143,-0.00119889352928082,-0.008870114845354327,0.0010002140594108089,0.011155361615320214,0.03047898522526371,-1.6653345369377348e-16,0.019259735773964004,0.016984246210491216,0.02309975333485914,0.021663816266665692,0.019009600623310585,0.026752725959650725,0.02597912395630253,0.0033243355008279463,0.02239556328194703,0.02357705600928872,0.024326839375862552,0.03224040258728861,-9.791739870296245e-05,-0.0012587330660927543,0.031473718434495424,0.012070260666334598,0.030878771045734277,0.02422436098015024,0.023987132136977785,-0.0015368815547997516,0.035088029109412056,0.015134328220228588,0.026194462482187153,0.02125797058970369,0.025271439995186107,0.02309927706813575,0.021241703020347003
