0.0,-0.022136926565638038,0.003616994208586133,0.0,0.0008319415947259379,0.007004056646797208,-0.01672247803457272,0.005660084649462993,-0.01212072978586165,0.0033144322265571957,-0.00039326595708411016,-0.02558117166899998,0.0005759063632730377,-0.00021365514796312102,-0.021808824493804946,-0.020481836291007083,0.0026350398906467842,-0.022302066760340744,0.0,-0.025965741080926752,-0.03636230390378137,-0.045292759887259726,0.003213164771816601,-0.021328493676984972,-0.018118219393307156,-0.019267696969584747,0.018393988779678405,-0.012356132193638236,-0.0281314780288634,0.0009219185030717725,-0.03440111371429355,-0.024280391544919566,-0.023181366381771262,-0.03765495111638806,-0.04543546751521421,0.008042516381718767,0.0,0.00887775210513414,-0.011781402832594823,-0.016291347560561054,-0.018425809768840118,-0.011091394694145551,0.0,0.0,0.00874997029729202,-0.04939941759665928,-0.012311097720550113,0.0,0.0,0.0,0.004031689026909979,0.0,-0.004184048808679841,0.0,0.004465434180546568,0.0,0.005255901235571625,0.003494880551933366,0.0,-0.017824365302856027,-0.018398388334341154,0.0013509940180527202,-0.012633448435354744,0.0,-0.08602125426045476,-0.05856578496355097,-0.017114872957377847,-0.03512775394085743,0.028508109053358655,-0.015606679407411339,-0.014986125427120411,-0.012573145630849658,-0.0011316456081618131,0.006086425359881298,0.0,0.0007535550693683613
-0.022136926565638038,0.0,0.019837637408350373,0.0,0.03549758259697833,0.03204904139649012,0.0282745920046783,0.00507666616511776,0.022979264107458375,-0.008568764370093906,0.0016001064900026396,-0.02881535939223867,0.034630372653160935,0.0,7.010767657622541e-05,-0.009024773613058756,0.013597599246749026,-0.016447337043305754,0.005217020257610783,0.023482855559911253,-0.006639031400692996,-0.009597972301155555,0.01509664550047285,-0.010382274514428469,-0.01877751369285846,-0.005657569797982265,0.043937606842697874,0.01762021634238692,0.04292206563735418,0.0026256308316734978,-0.029869161747552275,-0.007904731585143265,0.005297006714871488,-0.025663426024514047,-0.022025092035352634,0.0019802374595458416,0.003367407623963037,0.0008922106204962699,-0.012180125684413345,-0.009520472657160828,-0.015752251027221942,-0.01825151629409638,0.005439747944897211,0.0,0.000160693388527533,-0.019598479091134213,-0.009691067140306875,-0.04723163008604819,0.0,-5.551115123125783e-17,0.00973755843941193,0.012099170077786825,-0.017872135768749797,-0.004051042150091333,0.00938464196240374,0.0,0.005246499510313085,-0.0003764654000975032,0.0,0.0013831382556610539,-0.01588764230697376,0.015451262413619882,-0.006108960100451366,0.0,-0.005966056393453767,-0.0066623488288335975,-0.001792462104341419,-0.013059604785439216,-0.03747690601228287,-0.009155377376555363,-0.014490631565470646,-0.0036404735330039517,0.003957573022904226,0.0018123916229008108,-0.0013016685208726009,-0.014664234617542238
0.003616994208586133,0.019837637408350373,0.0,-0.0004360017228507984,-0.009227318309082022,-0.0013210807760813958,-0.0031237502206062917,0.030592424380750938,-0.0002625652442508897,-0.00687550085054317,-0.011784581888065138,0.011153203775425613,-0.008399286152337981,-0.0037754046686817033,0.003339927456181113,0.007172842510707822,0.006374452361144534,0.004062001664354553,-0.01201431722405677,0.02746140828226007,0.010924289054415393,0.01647996288696657,0.04596438171718309,0.00016352655370616143,-0.015305154878977267,-0.01639212814507096,-0.008291364538567714,0.0007626387751064057,0.015109223671910255,0.00032415329215690347,-0.0008764224634369433,0.007046085312914785,-0.025312357049937895,7.6173159868409e-05,-0.004220770921731565,-0.010575239325228303,0.006208188357193223,0.008996867313529278,0.004633011019986033,-0.0020639718117477224,-0.004696099222967098,-0.003632840733628351,-0.009711625485941067,0.0037893909039009577,0.00031398661303083664,0.0,0.0011538785144835084,-0.041884455134577836,-0.0006970549541038262,0.02271557982012873,0.003935097532343668,0.007674746746157313,0.018937200848150315,-0.06526912341562391,-0.0007230249002568856,-0.06039137007608836,0.00038513643974658063,0.008975150536632559,-0.005151354410100506,0.001135066092245618,0.0012223415016419104,0.0,0.0,-0.044878012939040535,0.012621495228511248,-0.0007515713399134927,0.017737737361462558,0.004261518382474794,0.0,0.0,-0.0019288705304653098,-0.11504543055680133,0.009717478835736593,0.005258788601254283,-0.030351943565503636,-0.011278493086089303
0.0,0.0,-0.0004360017228507984,0.0,0.033668409011336886,0.006762371401586809,0.04278337923150788,-0.009372967807447452,0.004728503248208116,-0.05818882321938229,0.024328811364230596,0.006248640942411177,0.04201053256576415,0.0165497486897207,0.007457755648016318,0.0,-0.0006814667279235742,0.0,0.010283373954378117,0.004571993332399882,-0.0010796485419688473,-0.0008741537802671173,0.02880512055724116,-0.02888445203849771,0.0,0.005089175342956165,0.010610878109554911,0.06144976626342086,0.02015485281090046,0.0004942690916951986,0.0007873037034353825,0.05456271806594615,-0.08966017992230918,-0.07085140687738067,0.004174011352631457,-0.012709314165741559,0.004176818751710248,-0.049601247307605845,0.0025340221475144697,0.0,-0.0019233658524829833,0.0,-0.000437550173838841,0.0,0.0,0.0,0.0,0.00013778652503709798,0.0,0.0,-0.00025297477253410916,0.0,0.0,-0.0003225759970776343,0.0,-0.0003302363930201002,0.0,0.00024283531282609516,0.0,0.0,0.0,0.0,0.0,0.0,0.0,0.0,0.0,-0.001135891874325834,0.0,0.0,0.0,0.0025455361506688257,-0.0003161808889138862,-0.0007618241395819236,0.0,0.0
0.0008319415947259379,0.03549758259697833,-0.009227318309082022,0.033668409011336886,0.0,0.009500795235534765,0.023115912718550458,0.03919090116498358,0.014034992378435418,0.0076199841346554775,-0.008740009393080617,0.0050749423892184065,0.028990056096588057,0.005527353342330066,0.004923912986988965,0.009339390598975428,-0.026409400297705277,-0.0001640672792217468,0.0013584219003618392,0.044440731626907815,-0.0010414298593522386,0.03141698998189052,0.006622256488088063,0.006411134516472072,0.009902398301118998,0.003619218986053385,0.0010386412947985257,0.018866583736744547,0.01828886363220078,0.009933946566344665,0.013956670392058834,0.04459396347848149,0.001162458095847363,0.021954865728984974,0.009931666034275477,0.015454207217515725,-0.020805960926469247,0.0009686921237884172,-0.07479002748320224,-0.0008599943203996263,0.022179096769824103,-0.010587650130617021,0.006794165746290992,-0.00033916221249596923,0.0004967078483511522,0.0,0.00021448537428725434,0.03876976219967787,0.0,0.022970519000216738,0.012038017597973516,0.0070250842569942185,0.01799631449016187,0.013464643430646794,-0.0005885514888596122,0.009905567611463162,-0.0011626394843398113,-0.002354708317958254,0.0525807139016613,0.003667583745561531,0.00038228306408100154,0.0,0.0,0.03419483799300982,0.008057684240573904,0.0,0.01038130111443386,0.022550232315458274,0.0,-0.00021675775070856274,0.005377013978237977,0.0026605075780219423,0.00014717322083779294,-0.01985655188682045,0.004808268399374427,0.0007242424735623976
0.007004056646797208,0.03204904139649012,-0.0013210807760813958,0.006762371401586809,0.009500795235534765,0.0,0.0210197249068087,0.02211331878292533,0.012153388923382913,0.004920617836034258,0.02933381256412726,0.006971339434125257,0.027684957876705496,-0.005997375265206273,0.03421734911143154,0.00935803593581036,0.015259961402954547,-0.019201960231264525,0.02458121803529506,0.04519917215765157,0.025081494786667047,0.0332499853474561,0.01607077948146557,0.008891425034622424,0.0017294177829222934,0.013839358368362642,0.02258147693271373,0.019201227000483934,0.008732968823693399,0.017540535139613178,0.0009667359974356304,0.01693329252101755,0.015652533859281448,-0.007824324767394086,-0.003965563906742631,0.007737805681943988,0.012440128604626177,-0.0001350760055522926,0.013568528851634898,0.006182283273401978,0.0041986421008841646,0.024816411793164406,0.00016389528770011097,0.016019703123392903,0.0028904132139861427,0.007516732408643478,0.010389789934187987,0.024399877378126433,0.0,0.006637539097752998,0.01357876593849694,0.0064593123436493816,0.009763661466655249,0.0021370343257880453,0.001185761783346062,-0.0019253308022435522,0.00139459046785817,0.011713439932923397,-0.01689728252815098,0.01895837675023415,0.00835406262936067,5.551115123125783e-17,0.006352317226683668,0.015602664129370392,0.011155018241906345,0.020275341697713223,0.028942571377587878,0.024920345555475842,0.0,0.0023704585305187043,0.005261750078537797,0.010219523842319278,0.011669598774772916,0.013280682060159699,-0.0022678612453336244,0.005291334461295927
-0.01672247803457272,0.0282745920046783,-0.0031237502206062917,0.04278337923150788,0.023115912718550458,0.0210197249068087,0.0,-0.004743416007059242,0.015393093986569795,0.0010927912744675972,0.011622010258254045,-0.004894880058490647,0.01178523511425611,0.019761808916654022,-0.011695001469396837,0.009111569961864019,-0.016394556017530593,-0.01710275170393144,0.0037773096207093793,0.027569268531554503,-0.0008166885048710992,0.023135086666594418,-0.00527679122018293,-0.007328541009799294,-0.005244331672567937,-0.00815720111530921,0.005329894553150805,0.017069975715259866,0.016025040981909766,0.007818872153368739,0.005282322347880397,0.027772586391613396,0.0036021482901954505,0.01827110951117461,-0.0073772568673531325,0.02114161224751926,0.01859034614757471,0.006754099516799672,-0.0030711590574999392,-0.00018807869617282202,-0.00431257758858028,-0.011338095907534429,-0.02058605534791985,-0.0008958659535273084,0.00037188742761906646,0.0009023406417881241,0.0020254000656884097,0.017824576937041647,0.0,0.0016712370660790787,-0.0016562274734762683,-0.006603685544024573,-0.013182162906859363,-0.006938278575867485,-0.006304095899860196,0.0025960808905234334,0.003979694517807719,-0.005677371707439871,0.0002938441837308514,0.01422559360097031,-0.017415420746160537,1.1102230246251565e-16,0.0011983450011438523,0.016004829905178042,-0.0013543489811000398,0.002599298302082942,0.004095255171193413,0.0027954663369827992,0.0002341098740942238,-0.009165863575363364,-0.005233997639276622,-0.008150663630569155,-0.006345006794838404,-0.00881354091764791,0.01208414326432139,-0.014770694717741895
0.005660084649462993,0.00507666616511776,0.030592424380750938,-0.009372967807447452,0.03919090116498358,0.02211331878292533,-0.004743416007059242,0.0,0.024655912958023052,-0.010360007753646594,-0.036490920136149574,-0.006932719769584816,-0.009476688914366371,0.00021931864917706934,0.019366560117150045,0.005471591581472979,0.002296035617730674,0.006072010360318014,0.005016558344951738,0.04856176077967794,0.007288075033874242,0.009642800261833284,0.011330043026172576,0.00492565364031794,0.010541661008594827,0.006667120779076829,0.033028253687729936,-0.001572659756021999,0.012438107575945101,0.006921100482658371,-0.002831633764034114,0.0059175988086639375,-0.032928070805886334,-0.013777708615455742,-0.005290330453688319,-0.013698066498182615,0.05586814879039459,-0.002911688369647447,0.008358572024889321,0.001510683429973514,0.006968929543826441,-0.0018261812233882901,-0.05475400185446905,3.1505151847632806e-05,5.4293623328427465e-05,-0.007599372473460542,0.0006401802388519839,0.01951211591558566,0.0,-0.0018851296534030393,0.02135632198699866,0.0039052691059720535,0.034316142938188354,0.0014132734053408091,-0.0009908340768952084,-0.039872348377148814,-1.1102230246251565e-16,0.0051088841882107605,-0.0373381702099585,0.009232792496772224,-0.0008346683889698392,0.0,2.1570964298056605e-05,0.022936913665814074,0.029249036133757955,0.001989571486902042,0.006274962310789167,0.03314605298035184,-0.003020313863521029,0.009495120793797773,-0.015722146706515616,0.028233126805314757,0.009392364522953334,0.045868172855531686,-0.005440533130825098,0.007246684265617642
-0.01212072978586165,0.022979264107458375,-0.0002625652442508897,0.004728503248208116,0.014034992378435418,0.012153388923382913,0.015393093986569795,0.024655912958023052,0.0,-0.004782959541698606,-0.0002345979377388896,-0.004131197753145077,0.031223368057947176,0.0049011341943562825,0.022700422472848314,0.021247633765179408,-0.016572837052188316,-0.014446777711119407,0.0030496524029980376,0.02954238149612276,0.013221254110086844,0.026823023183333627,0.018903092282446632,-0.021574793821780847,-0.014294455045818,-0.0022479039381652077,-0.00489396918250784,0.0028299420747166515,0.0158523584524472,0.015221114422684423,5.661782309557273e-05,0.0024863391179122396,0.0010640941548925031,-0.0004265919083359937,-0.0022736781093040115,0.0016821542223305896,0.0048030181475970934,-0.0015513355861561662,0.009775917735414918,0.006628465871243605,0.011754347120696562,0.007299148485566009,-0.0027258074230882,-0.0004397699795348764,0.008102737937840276,0.0,0.03174201193806386,0.021257758687352912,0.0008275468653722862,0.010991383450447367,0.0031236064474409186,-0.002431779593784711,0.009525146895879355,0.00019017726764214427,0.001237545499211623,-0.01887251797218814,0.0027005426852346748,0.004837363498946257,-0.0030714611669222514,0.010423652567524144,-0.0011427169935787074,5.551115123125783e-17,0.0,0.011598831838175339,0.02065841961634196,-0.008611116729653479,0.04367208498466524,0.001059666311823526,1.4707427360427516e-06,0.0017029951474571425,-0.013413943678640128,-0.0008321778060449425,0.0030389004278119636,0.003304133882898741,-0.0019424797209703915,-0.01423022559157483
0.0033144322265571957,-0.008568764370093906,-0.00687550085054317,-0.05818882321938229,0.0076199841346554775,0.004920617836034258,0.0010927912744675972,-0.010360007753646594,-0.004782959541698606,0.0,-0.01177545049798473,-0.028514194855923602,-0.002081120031442285,-0.10278727858552705,0.008626404660386722,0.004419507931158528,-0.00574292263106807,0.006548464206202365,-0.00328024307766539,0.00045326488995156566,-0.009279364720927219,-0.02121162441494645,-0.01062856514202426,-0.019307237948636646,-0.029852809075168463,-0.07086769862809669,-0.0002816458825979362,-0.014011348639296095,-0.008709865341942957,0.003404599505203443,-0.04118313949164393,-0.010364438966705136,-0.029206841015174623,-0.020934787416803657,-0.015344537240799372,-0.019866473802896634,-0.005629907466285444,0.0024238915399156236,-0.017323983601212067,-0.019623399917517714,-0.014977293638926192,-0.004383231232422291,-0.008094532120467623,0.002358485182462733,0.020533488859780735,-0.02547020245710374,0.006940065085172087,0.0018841873862608383,-1.1102230246251565e-16,1.6653345369377348e-16,-0.0014400493159800742,-0.006251538959323122,-0.0008613186424646369,-0.0040786527628259295,-0.012372063171495362,0.0035354756946635035,-0.017576491008401696,-0.0037229038802151226,0.0,-0.004130019940589813,-0.02811134571294427,-0.020320845707774704,-0.016910818144753426,0.00029450982082113164,-0.0031560545837119314,-0.00027717767616580735,-0.0007011655411259254,0.00879684121587121,-0.00144395598061553,-0.01908061618229978,-0.026877342971618867,-0.0174602329318021,0.07283802603197198,0.013246515143310822,-1.1102230246251565e-16,-0.0023898441896396116
-0.00039326595708411016,0.0016001064900026396,-0.011784581888065138,0.024328811364230596,-0.008740009393080617,0.02933381256412726,0.011622010258254045,-0.036490920136149574,-0.0002345979377388896,-0.01177545049798473,0.0,-0.010199460276250238,-0.0018710906512870995,0.007505417647831358,0.0,3.7430690023432245e-05,0.02017061547661636,0.0062153609857864,-0.007617928086875836,-0.0001720265395276921,0.005920535152135142,0.002701385453723948,-0.03705134364224322,-0.015472567454861474,-0.020477626487653555,-0.020915867617368855,-0.026056088888126716,0.003971007650224789,0.004126089520555043,0.004226557172937018,-0.005883080338720426,0.015620844068892359,-0.021573022094089733,-0.003865540425320668,-0.011064452908881417,-0.04205720376165634,-0.03160063035723387,-0.00801981963111048,-0.0004371480771059866,-0.001265473942294093,-0.023993681345317375,0.000849997457576801,-0.025769364882646195,-0.0037205718191041792,0.003738566447647751,0.0,5.551115123125783e-17,0.041070960386014876,0.0003019090076651909,-0.03560333511308933,-0.007721923784368312,-0.0030771580702433354,0.002544656793617983,-0.09919880512026774,-0.00425374848958715,-0.033035772074173186,0.0021024622760117406,0.0009079258988824446,-0.004131364945613392,0.0017815891903313896,0.0,0.0,0.0,-0.09298530087378454,0.006431215951278768,0.0,-0.0005031640242040836,-0.014268084500515033,0.0,0.0,-0.0005404049474660999,-0.009273657585521511,-0.0009037721512101804,-0.04656850131544338,0.0018747725897177991,-0.020559101291750037
-0.02558117166899998,-0.02881535939223867,0.011153203775425613,0.006248640942411177,0.0050749423892184065,0.006971339434125257,-0.004894880058490647,-0.006932719769584816,-0.004131197753145077,-0.028514194855923602,-0.010199460276250238,0.0,-0.005995561463727983,-0.07721982623184798,0.0037428428430752447,0.005251301969251387,-0.014461027791042969,-0.006014441502414591,-0.013513145351881861,-0.0003636432643667198,-0.023009699890041257,-0.024479466781923198,-0.003455900812144752,-0.01872419122328317,-0.030946795979653607,-0.04133629258018173,0.015711438199499494,-0.008638226731109422,-0.02996019011964085,-0.005612649486205323,-0.031291317719745027,-0.012898490887350067,-0.04345020852607395,-0.03173114368720098,-0.011777612601125309,-0.02215428134682834,-0.015465841940879632,-0.027281993057551635,-0.03838096692988616,-0.024381339551399872,-0.06685168596567431,-0.060104549463450174,-0.07484704330328013,0.0025710425873460008,0.011073750016912687,-0.009888962000715762,0.003306829791858368,-0.0009808109571162182,0.0,1.6466393296665771e-06,-0.007038725267651091,0.003989826191836077,0.0,-0.0013539750356703073,-0.01828854517304568,-0.0029621673529963144,-0.022963974045997593,-0.012835126045766032,0.0,3.685318778684499e-05,-0.02839780562481825,-0.01862091597279042,-0.017218384141510557,0.0,2.3477144270533934e-05,-0.000612421138629915,0.0013226537496199842,-0.004279057567754596,-0.02672521467727923,-0.02201135593393122,-0.03175687089568313,-0.010307377930473816,-0.0016210233119034467,-0.001896031398634257,0.0,-0.014851943004675794
0.0005759063632730377,0.034630372653160935,-0.008399286152337981,0.04201053256576415,0.028990056096588057,0.027684957876705496,0.01178523511425611,-0.009476688914366371,0.031223368057947176,-0.002081120031442285,-0.0018710906512870995,-0.005995561463727983,0.0,0.023156157698226487,0.012950270594955293,0.014096485653886881,-0.013800497417644608,-0.01938434762499286,-0.0020684867563528497,0.029523161192251013,0.002552604185945495,0.027415145737740065,-0.0015829943396317159,-0.012446983971750702,-0.0013410014332853604,-0.007993761615834316,0.010847563365719792,0.012393982768949763,0.017191978008543773,0.05228739422007722,-0.0030113236282607314,0.0245633469206602,-2.1662877362993438e-05,0.010595580707029428,-0.0016357990034363556,0.025367626132247967,0.03610105221291193,0.00383157038154075,-0.03927191302106464,0.0034822179259590413,-0.012811415583035113,0.0006028556559323217,-0.0022755248923481686,0.005259151575947807,0.004176230938111869,-0.0002952162686586379,-6.91796288754265e-07,0.015550067309210158,0.0,0.00114208699846019,-0.0019764114118793197,0.0013659700571304612,-0.004189408860109267,-0.0017438739364907807,0.008914293415642593,-0.0014328637896329766,0.010280669508522966,-0.0032204207855670575,0.018694029505817056,0.006729429694996625,-0.004196283799636991,0.0006561578357739406,0.005115879771922016,0.003926858991156856,0.0013104613544941968,0.014567510416742313,0.00596535288155281,0.0056191067926720795,-0.0009208573298122302,-0.0034813218152600633,0.006666772145830557,-0.0020965129443923924,-0.004536725276607978,-0.003784054433674855,-0.006563438615517114,-0.007762618221752948
-0.00021365514796312102,0.0,-0.0037754046686817033,0.0165497486897207,0.005527353342330066,-0.005997375265206273,0.019761808916654022,0.00021931864917706934,0.0049011341943562825,-0.10278727858552705,0.007505417647831358,-0.07721982623184798,0.023156157698226487,0.0,0.00029196292731259454,0.0,0.0,0.0,-0.0062154151006265645,-0.000258857722532313,0.007707267029383014,0.0011735349453961819,-0.02044751880749851,-0.24072625384191446,-0.0002947234798784115,0.007530509879231928,-0.02009346110815774,0.025928785705616908,0.00012389719556632484,-3.391341319441965e-05,0.00418129162524028,-0.015169707324805548,-0.0039118908964262955,-0.007742658029740057,-0.04673589727086086,-0.010708544845059897,-0.011470061484811583,-0.055118534058816004,-0.011324118510036951,0.0,-1.445200539507141e-05,0.0,-0.029813831096940913,0.0,0.0,0.0,0.0,0.02007855574928391,0.0,-0.07876697981525771,-0.011166997780266696,-0.02093892010732945,-0.014347444507262164,0.0048728917494951784,0.0,-0.02465538552618668,0.0008426473873370255,0.004378310549885633,-0.016947635563735408,-5.551115123125783e-17,0.0,0.0,0.0,-0.01573815802867984,-0.003032190882632735,0.0,0.0,-0.025309429061107336,0.0010984471084702907,0.0,0.0,0.005574507581232013,0.004186778855688966,-0.002139207914225394,0.0,-5.551115123125783e-17
-0.021808824493804946,7.010767657622541e-05,0.003339927456181113,0.007457755648016318,0.004923912986988965,0.03421734911143154,-0.011695001469396837,0.019366560117150045,0.022700422472848314,0.008626404660386722,0.0,0.0037428428430752447,0.012950270594955293,0.00029196292731259454,0.0,-0.011489114353601726,0.012411360515313996,-0.03273627265476553,0.0,0.023323502299874788,0.015364720919787633,0.007159327177816588,0.019024348138680314,-0.05071357259917142,-0.02212067791411043,-0.0009005810990284635,0.019955366572333766,0.006334257786571762,0.03190052405512711,-0.010758197822451632,-0.004656980646803643,-0.007529040836667555,-0.012635916364991784,-0.02382697043050719,-0.026402577991468834,0.0031051757517883694,0.033889564270372596,0.0032567425347237444,0.010293183973225706,-0.005634887986796844,0.012740123649213508,-0.005459258686758894,-0.015116668418079182,0.0026725108227566574,-0.00043859750453068,0.015772967983892494,0.008658932274970665,0.005995579017988084,0.0,0.0,0.03360489242245085,0.003862609342955514,0.016116207555550044,0.00573511860000564,-0.00010381808912984791,0.0,0.0005886379867613978,0.025906607025887485,0.0,0.018448975421411995,-0.012202946714236884,0.0011669014325507154,0.0005482709736144842,0.0,0.03594065444605349,0.02090702319595633,0.021358675768898105,0.03353563392485548,-0.004330118414939854,-0.017288507794415986,-0.00666829005624181,0.044123313487953786,0.03151563650192968,0.035659895172252376,0.018695292201562463,0.027831438403188247
-0.020481836291007083,-0.009024773613058756,0.007172842510707822,0.0,0.009339390598975428,0.00935803593581036,0.009111569961864019,0.005471591581472979,0.021247633765179408,0.004419507931158528,3.7430690023432245e-05,0.005251301969251387,0.014096485653886881,0.0,-0.011489114353601726,0.0,-0.027076551984760555,-0.020755768513479045,0.002143097297242824,-0.018731485670722803,-0.019558567576968167,-0.007263761894895526,-0.0013142167840659025,-0.0022541429390047774,0.006226634155638344,-0.03511536074066968,0.014750302002390747,0.0007007240557672101,-0.0006424657000812517,-0.002739068703691949,-0.020151079751860534,0.012194541977107343,-0.006931484559246248,-0.021563610067604655,-0.03029498607778569,-0.006556748600475171,-0.0018466390533762311,-0.005672773827965494,-0.01415398921733324,-0.014035180489305632,-0.010148929416663621,-0.022925896827980796,-0.0005913987057143411,0.0,0.0,-0.010773751205815252,-0.010507978803720619,0.0,0.0,0.0,-0.003176385793229375,0.0035215360409332486,-0.0016127804720134087,0.0,-0.012667138589306792,0.0,-0.02188809756159854,0.007366206703278422,0.0,-0.0018825317566912858,-0.005449197430853703,-0.0140459180776209,-0.002396866094732497,0.0,-0.006311865935697991,0.0076699462253026485,-0.013097244411198361,-0.02865618654803237,0.0035478231564287643,-0.0036981577978612012,-0.01303121266867402,-0.011444715596530264,-0.006657181563167636,0.02208039627973274,0.00028653278104795454,-0.00531503348669482
0.0026350398906467842,0.013597599246749026,0.006374452361144534,-0.0006814667279235742,-0.026409400297705277,0.015259961402954547,-0.016394556017530593,0.002296035617730674,-0.016572837052188316,-0.00574292263106807,0.02017061547661636,-0.014461027791042969,-0.013800497417644608,0.0,0.012411360515313996,-0.027076551984760555,0.0,-0.019686979981285657,0.011827950511459129,-0.021496320623176968,0.005556495780766557,-0.02382466940773681,-0.0018063214990952092,-0.0036055716884848543,-0.014760913979129042,-0.0035737073266531305,0.002617672371790225,-0.031108703870511845,-0.005353477941506701,0.004893374548296303,-0.02051858135631901,-0.015348651695785087,-0.038225249519148186,-0.026540485117580948,-0.056320103714288305,0.0032179652910376833,0.0031842787032375086,-0.022959679631086083,-0.02564128569391083,-0.021228158233701666,-0.011412669797080832,-0.031130282662015674,0.0,0.0,-0.011207810143041008,0.012235465216340169,0.010294070047671633,0.0,0.0,1.6653345369377348e-16,0.0019002034692138237,-0.00044614417471078305,0.0,0.0,-0.013627757576492094,0.0007917861484358912,-0.014349319023331364,0.000921301748242509,0.0,0.0,-0.008157915140405536,-0.01824651084336787,-0.01151848835934477,0.0,0.00017973125711390203,-5.551115123125783e-17,0.004258704639380995,0.0035855179581306684,0.0008183079205988375,-0.015048947926505518,-0.02333067894717178,0.0,0.0003435840665970691,0.002609226609262605,0.0,-0.017572685681743194
-0.022302066760340744,-0.016447337043305754,0.004062001664354553,0.0,-0.0001640672792217468,-0.019201960231264525,-0.01710275170393144,0.006072010360318014,-0.014446777711119407,0.006548464206202365,0.0062153609857864,-0.006014441502414591,-0.01938434762499286,0.0,-0.03273627265476553,-0.020755768513479045,-0.019686979981285657,0.0,0.00887102841687576,-0.03216737320484314,-0.016974760952755796,-0.02262453472841336,-0.011859469658762445,0.0036084724721445194,-0.010903199611950964,-0.01462972204492674,-0.008426954440073131,-0.016092138125099187,-0.009399672137707649,-0.03906070025395697,-0.015168437234594878,-0.006679358127417434,-0.010020094806440172,-0.01756854280196618,-0.024064478752026053,-0.003226690420714995,0.0,-0.01971565278781806,-0.01664154166918569,-0.01911580744075314,-0.012560242052936377,-0.020139021898521625,5.551115123125783e-17,0.0,0.0017052441016493503,-0.0132179613814416,-0.019921242734449396,0.0,0.0,0.0,-0.010346567916934502,-0.0005716925552374241,-0.001509629405580304,0.0,-0.005752716624387866,0.0,-0.011216861630000907,-0.010685877363388774,0.0,-0.0007704591241299297,-0.010695428659202144,-0.014411049130040432,-0.00407711262701782,0.0,-0.02248949907566644,-0.0018382518621780086,-0.01857496800678715,-0.05245916321366334,0.008608348341462513,-0.003891936459730405,-0.013746180537735464,-0.04452448321103408,-0.01101233853083089,-0.0003916487486304021,0.0,-0.009892326927572359
0.0,0.005217020257610783,-0.01201431722405677,0.010283373954378117,0.0013584219003618392,0.02458121803529506,0.0037773096207093793,0.005016558344951738,0.0030496524029980376,-0.00328024307766539,-0.007617928086875836,-0.013513145351881861,-0.0020684867563528497,-0.0062154151006265645,0.0,0.002143097297242824,0.011827950511459129,0.00887102841687576,0.0,-0.00046689006263189725,-0.010315092342077004,0.005962124444343853,0.017080914322078755,0.009348815743345118,0.012418592542503881,0.02000823594989154,-0.014955862092720484,0.000542542149573555,0.02557503342261902,-0.0043643647093071225,-0.006173662519574297,0.008304655196578414,-0.008575073127121857,-0.0029742185750163963,-0.008299522221145883,-0.001001620631100264,-0.002462915979288327,-0.005347710440132936,0.01546681459575161,0.003814896562712222,-0.01870335280555091,0.00027276156709654664,0.014840567020284579,5.551115123125783e-17,-1.6653345369377348e-16,0.0,5.551115123125783e-17,0.10189325618388506,0.0,0.009334447156075565,0.009177234081687802,0.0031928705509488564,0.01350223836109865,0.009185812379895575,-0.002280036700216481,-0.019639107327881655,0.002871010771341387,0.0067500067465320335,0.0010940844815822692,0.0030781623740100406,0.0,0.0,0.0,0.013086765714728221,0.0038632275766307678,0.0,-0.00301160553468377,0.0003997929148470414,0.0,0.0,0.002499334021268007,0.0002962629803257011,0.010646768758819758,-0.019483555646679696,0.000369244288579873,-0.012101385081387916
-0.025965741080926752,0.023482855559911253,0.02746140828226007,0.004571993332399882,0.044440731626907815,0.04519917215765157,0.027569268531554503,0.04856176077967794,0.02954238149612276,0.00045326488995156566,-0.0001720265395276921,-0.0003636432643667198,0.029523161192251013,-0.000258857722532313,0.023323502299874788,-0.018731485670722803,-0.021496320623176968,-0.03216737320484314,-0.00046689006263189725,0.0,0.03893189980564632,0.018257835011288914,-0.004341705182187405,-0.03880985058759723,-0.01161901594193021,0.01339610006987041,0.04194934329701355,0.01769072004389438,0.02432479948789046,0.04057421551014262,0.000863515318947683,0.007248222929772841,0.008651385707146741,-0.01230107287707366,-0.013787058347952075,0.0339008890065412,0.0022581218797885216,-0.008893044348756873,0.021297610577378445,0.00909089549102432,0.022876756677124965,0.01669558837784807,0.024417902792875368,0.0005592699862620454,0.0037955716607903645,-0.0582987352432191,0.003004472700267935,0.00011741810346732606,0.0,0.0037068380521156352,0.029507709290490347,0.02051627702203951,0.03716447480195828,0.0010859173314398674,0.004819440676061382,0.001780505893009321,-0.0005707356773231309,0.02161648535961297,0.0,0.016955957253523612,-0.0022015614025320818,0.0022210751111135796,-0.0016875311845437335,0.003002667326957642,0.025591188917658825,0.03094588722352587,0.013983392557707697,0.036633821401819255,0.00029628552556582033,-0.004809199783998741,-0.017819529784235788,0.03583174253435584,0.026174876971718886,0.03426562142759537,0.019046015938554983,0.029096772433993223
-0.03636230390378137,-0.006639031400692996,0.010924289054415393,-0.0010796485419688473,-0.0010414298593522386,0.025081494786667047,-0.0008166885048710992,0.007288075033874242,0.013221254110086844,-0.009279364720927219,0.005920535152135142,-0.023009699890041257,0.002552604185945495,0.007707267029383014,0.015364720919787633,-0.019558567576968167,0.005556495780766557,-0.016974760952755796,-0.010315092342077004,0.03893189980564632,0.0,0.022423254855302,0.01526193307437046,-0.032521834289941376,-0.02664733092812893,-0.025268101285562006,0.03573538300996515,0.009765268529642324,0.015595578517841768,0.020079444795207346,-0.014147982318948205,-0.009886776819633458,-0.0016362547543323225,-0.027419075255141978,-0.04643313429305568,0.0668867146302512,-0.005249913677036588,-0.011076620733274867,-0.0017584462679209323,-0.0028286863552636765,0.009307164310827343,0.0057844372128651456,-0.01025507276732579,0.0,0.001520780301950242,-0.06722358146134338,-0.0006219763212331197,0.0017317928737651256,0.0,-0.0005395472769108012,0.012153159404897751,-0.0001006565409092941,0.037752133522967746,0.0016459721179954978,-0.00018582119239030082,0.0,-0.0018549289764559496,-0.003562145619442847,0.0,-0.00038720870042951994,-0.02681577985125244,0.0,-0.0680471327872344,0.0,0.006607597644807339,-0.0007112279220973239,0.0006797871093243701,0.023110296774107364,-0.009015140959099499,-0.035070433890145025,-0.019428029206146002,0.030019461553211335,0.02165625376083563,0.030178277388354213,-0.00018953924053488613,0.03192110510230706
-0.045292759887259726,-0.009597972301155555,0.01647996288696657,-0.0008741537802671173,0.03141698998189052,0.0332499853474561,0.023135086666594418,0.009642800261833284,0.026823023183333627,-0.02121162441494645,0.002701385453723948,-0.024479466781923198,0.027415145737740065,0.0011735349453961819,0.007159327177816588,-0.007263761894895526,-0.02382466940773681,-0.02262453472841336,0.005962124444343853,0.018257835011288914,0.022423254855302,0.0,0.019643921096048345,-0.04210664478831283,-0.021004696518319488,-0.012987342429712334,0.040943417986697206,0.013050076725215132,0.02448322583098983,0.014303300402164432,-0.013373982664133144,-0.00964141845139388,-0.003154063408174923,-0.022512397521903982,-0.025465823753117123,-0.02154401130111372,0.018440799006392783,-6.642263203654464e-05,-0.009945502595776923,-0.017103854622549597,-0.008225117417997696,-0.013971229904657545,-0.030223703046162453,0.0,0.002813432523119608,-0.033507707300143574,0.001640540740550256,0.007590906993632407,0.0,0.0015039719684669661,0.014659410163010034,-0.015591797670013341,-0.0068573697417310675,0.004613078630893774,0.0008870291458720203,0.0,0.0038771241369860987,0.013857420013746569,0.0,0.005892128022894405,-0.019376797885396757,0.010273709225911865,-0.01357547693919764,-1.1102230246251565e-16,0.010891406633154022,0.015092878537330323,0.015380213786316321,0.016523762718816948,-0.0030357759563827136,-0.010187968899966426,-0.015123036991802341,0.02135893727021493,0.014413582543175596,0.023428562091455052,-0.001746342534457268,-0.00403862750049
0.003213164771816601,0.01509664550047285,0.04596438171718309,0.02880512055724116,0.006622256488088063,0.01607077948146557,-0.00527679122018293,0.011330043026172576,0.018903092282446632,-0.01062856514202426,-0.03705134364224322,-0.003455900812144752,-0.0015829943396317159,-0.02044751880749851,0.019024348138680314,-0.0013142167840659025,-0.0018063214990952092,-0.011859469658762445,0.017080914322078755,-0.004341705182187405,0.01526193307437046,0.019643921096048345,0.0,-0.00013523293388584268,-0.013929711934203448,-0.0003232138764602821,0.008033631663554863,0.0033401454697649102,0.021014509453036068,0.011252529893740426,0.0086036735114563,0.011871193338428565,-0.0031653535162443625,-0.0058507312934849565,-0.009104116179569688,-0.0019623009236970357,0.011902860201267074,-0.01791202172904849,0.007784376828896877,0.011873961489088258,0.003640706299833485,0.011830724055348907,-0.019475420338193383,0.002715355975893785,0.004057049860607287,0.012611476754283701,0.0062407466926020505,0.043931660914256154,-0.00016798830228964556,0.005121348406997406,0.017942212596278484,0.011409465021912979,0.026298355225766012,0.0037407157714229866,0.007475569402666027,0.005797068874607736,0.007041107935207014,0.01160127397801447,-0.0037739224920568804,0.01103973551091958,-0.0037581575114508103,0.004159956516697538,0.001325355037501974,0.03302277355498906,0.009402303146323066,0.0134081514326439,0.015385593618540916,0.017934002277775307,0.0011670524262807902,-0.014508520016757342,-0.01132658528348296,0.012316366981151572,0.010550525698944435,0.015663394078153925,0.008242254956321804,0.013029330413949713
-0.021328493676984972,-0.010382274514428469,0.00016352655370616143,-0.02888445203849771,0.006411134516472072,0.008891425034622424,-0.007328541009799294,0.00492565364031794,-0.021574793821780847,-0.019307237948636646,-0.015472567454861474,-0.01872419122328317,-0.012446983971750702,-0.24072625384191446,-0.05071357259917142,-0.0022541429390047774,-0.0036055716884848543,0.0036084724721445194,0.009348815743345118,-0.03880985058759723,-0.032521834289941376,-0.04210664478831283,-0.00013523293388584268,0.0,-0.0028220105007453755,0.0017037869844707676,0.018654664555438738,0.0017041504967860721,-0.028967836200450514,0.0027859101024637067,-0.037687884850384545,-0.004182991200808839,-0.0326048840769165,-0.022504618976054158,-0.021581920273988642,-0.03436632182666399,-0.010092704337111347,0.0022608337343849594,-0.013660996478642884,-0.0572677138620688,-0.07329673193593567,-0.09343765816110233,0.012085472804732655,0.009772631384034558,-0.007610935806681929,-0.06987500084444298,-0.02250102792919867,0.0003603402849323145,0.0,0.0,-0.0010041657803980253,0.046670008641262306,-0.0010523083466963956,0.0006375162483436281,-0.02094442003901842,-0.0013832557766037534,-0.02880948071756473,-0.002435931597382035,0.0,0.0003294708218736786,-0.019290009776366135,-0.018511749952455858,-0.02094494270115166,0.0,-0.0023017439127815398,-0.004524854995834604,-0.041965021540756264,-0.04519146321576206,-0.020724493334949967,-0.021899216077961692,-0.0341533320626366,-0.0003600484855117436,0.022483690341102036,0.0013316393830484219,0.0,-0.009543209120615903
-0.018118219393307156,-0.01877751369285846,-0.015305154878977267,0.0,0.009902398301118998,0.0017294177829222934,-0.005244331672567937,0.010541661008594827,-0.014294455045818,-0.029852809075168463,-0.020477626487653555,-0.030946795979653607,-0.0013410014332853604,-0.0002947234798784115,-0.02212067791411043,0.006226634155638344,-0.014760913979129042,-0.010903199611950964,0.012418592542503881,-0.01161901594193021,-0.02664733092812893,-0.021004696518319488,-0.013929711934203448,-0.0028220105007453755,0.0,-0.02030709257893426,0.008584303531313509,-0.016532778041413065,0.007573840366224771,0.004661278503933941,-0.010703045184651094,-0.00533346419180597,-0.008721678440598624,-0.01243478886936178,-0.014019164011577823,0.007129482953917299,0.0017187920860272654,-0.013613649458653232,-0.007367809026364636,-0.01950216189225057,-0.013017091374048384,-0.012892051671046845,-0.0018117074877793682,0.0,0.001992934475762098,-0.0065165793329795,-0.00751993937534684,0.0,0.0,0.0,0.00035815128835642307,0.0012877525005159929,-0.020060999961868053,-0.00023586222807309154,-0.009909915795706326,0.0,-0.01150722369370133,-0.003958264527505306,0.0,-0.02196743730591122,-0.004929098545845001,-0.014928803251849032,-0.0041707917154893415,0.0,-0.02022983789823679,-0.022713894851235594,-0.007206688078854384,-0.03827921617277663,0.0030776314491992585,-0.0029496254563782798,-0.012174093129820318,-0.020357894392922016,-0.019541446320911593,-0.014702041231410834,0.0,-0.0064825483837443465
-0.019267696969584747,-0.005657569797982265,-0.01639212814507096,0.005089175342956165,0.003619218986053385,0.013839358368362642,-0.00815720111530921,0.006667120779076829,-0.0022479039381652077,-0.07086769862809669,-0.020915867617368855,-0.04133629258018173,-0.007993761615834316,0.007530509879231928,-0.0009005810990284635,-0.03511536074066968,-0.0035737073266531305,-0.01462972204492674,0.02000823594989154,0.01339610006987041,-0.025268101285562006,-0.012987342429712334,-0.0003232138764602821,0.0017037869844707676,-0.02030709257893426,0.0,0.0231704167642921,-0.014239818263098392,-0.01053805509397937,-0.010416410178710367,-0.036178920290277916,-0.028678602566652223,-0.027888402999956874,-0.03425103666088969,-0.04685293964890702,0.005527659138397145,0.004702768612454833,-0.03550628940263878,-0.024520445040707495,-0.03368384219997128,-0.020635207841812997,-0.026519048461929873,-0.005439863895002894,0.0,-0.03775527076883134,-0.03707774712355183,-0.019236879156772246,0.010003689286859851,0.0,0.0010816700562587545,-0.007250467646053638,0.01063984736212309,-0.0182838916737863,0.002777100911214081,-0.01230725175644165,-0.0005716118959974148,-0.011057784379763291,-0.008617195365997588,0.0,-0.002158818534251372,-0.02375799676212942,-0.013391402451429613,-0.0054446578204445095,-5.551115123125783e-17,-0.0028059469669404202,-0.0160801218561209,-0.0061542423948302005,-0.011117157721917181,0.006483066759736811,-0.010422113677668099,-0.019594582521022252,-0.003509183119030479,-0.0003702054162854629,0.005346543838348594,-0.0003301633445211283,-0.018471584978958566
