0.0,-0.04989561833927142,0.003701039980992693,0.0,0.00027153392517415,-0.030913298142334733,0.013181635654685442,-0.03995809366910985,-0.0011121623557512894,-0.015473417902976572,-0.0007203998192804595,0.026570744087762888,-0.041592029719580204,-0.02458566548997304,-0.05080682627498273,-0.03197220300529552,-0.03373693226057989,-0.04095916854330339,0.0,-0.03397718915896675,-0.041364926678632175,-0.03267196407092576,-0.0556547735648833,-0.022338354583945397,-0.04050442024544515,-0.05721801280405309,-0.046757602988471425,-0.04638961367664557,-0.045571933970297684,-0.0035899985990193173,-0.01989523409294819,-0.006610261082301949,-0.04800635511797646,-0.019848393569942946,-0.02233049802547793,-0.02775749217951018,0.0,-0.01593462722882938,-0.008558350201024634,-0.023730903446365414,-0.004234242901884677,-0.011081055509846671,0.0,0.0,0.0013052205730673672,-0.027086597207918117,-0.025929104769967015,0.0,0.0,0.0,-0.0003270606169631374,0.0,-0.026259540949702675,0.0,0.007584397257684006,0.0,0.021204307119632393,0.004174072913239901,0.0,-0.020302235503045996,-0.02554388487932646,0.01312589883445775,-0.02124269569461723,0.0,-0.01706688375580917,-0.037436876425455956,-0.014983913542068295,-0.02358659824867454,0.03485218675050922,-0.02422279304146313,-0.027389219548716093,-0.008637476609949513,-0.0008909297865006827,-0.03976024012814405,0.0,-0.00784258873015381
-0.04989561833927142,0.0,-0.012360609072208706,0.0,-0.016493875039441663,-0.03919535700028576,-0.01502983614562059,-0.06611521789580566,-0.014366196269937237,-0.019045629658156593,0.0014744269464185278,0.00853738794965353,-0.020448810396697548,0.0,-0.047079979045952014,-0.04420221903161936,-0.046949983070558976,-0.05052225033200808,-0.0880180074549039,-0.04816747582957581,-0.04519466270032102,-0.05345601040203801,-0.0491589882227671,-0.02841880424021509,-0.04720017388353159,-0.056134414997734694,-0.05807006072491128,-0.0320756906035769,-0.04528183808731867,-0.04016111132721595,-0.011632785250410838,-0.013471051226047859,-0.038020389588725334,-0.013481166181852966,-0.013354122261827306,-0.01170052525725368,0.0013195006056747616,-0.00023832675064905384,-0.017344885289575562,-0.029698594440392856,-0.02117681244383801,-0.019565253275730998,0.05702784096711344,0.0,0.00012651180307721166,-0.04736635902831887,-0.023160947178345714,0.0004399870065644462,0.0,-5.551115123125783e-17,-0.0037050311046232798,-0.003685523289335524,-0.0528934158220995,0.042036505379453304,0.0065029871065668265,0.0,-0.001528393244806192,-0.013106817155271233,0.0,-0.022633910351795572,-0.026550274547097852,-0.033130041147822586,-0.02903385703799155,0.0,-0.027038839615042276,-0.026423118089650977,-0.029629137589521903,-0.02532544647104168,-0.03795847872948305,-0.028877388510662128,-0.032512653854039064,-0.017406425107083734,-0.002288578250073725,-0.017717465054886472,0.003077124391053454,-0.016430463363474257
0.003701039980992693,-0.012360609072208706,0.0,-0.03558337484805979,-0.03852469486012933,-0.05624449308102375,-0.011527252301051338,-0.009028017518915687,-0.016406227111493255,-0.019043318465411407,-0.029854376793630177,-0.01146812675802883,-0.005555766981374666,-0.01816059227357847,0.001503798838329462,-0.01967158031479721,0.0038568588807517123,0.0029061606816430663,-0.02690669338503182,-0.017507014462571246,0.008069562940698383,-0.011776744360422975,-0.035206698618475196,0.0005248631234196499,-0.0033109698692177503,-0.021143202191825528,-0.03998494235541322,-0.002227223622933705,-0.00767350839725639,0.03197937013942265,0.0014222478989266985,0.0008652862171701914,-0.0035201524335869427,0.004243032364740051,-0.019472280629450223,-0.037701821062915586,-0.010705634728784053,0.004775455237724768,-0.017630926514861034,0.0005680540890385388,0.0372281229829764,-0.0002917982785473061,-0.0164709947922827,0.0026757735103745683,0.00043236025933851563,0.0,-0.00033891164985899724,-0.0539434625579035,-0.0005487822485767402,-0.033480466672129894,-0.001209132434431548,-0.014936018781277594,-0.027987267505162006,0.025100216235989348,0.002470538759329899,0.0007562827706152908,-0.0007405403392375942,0.02949621596632024,-0.0419129436536555,0.0023237627164538477,0.0009623334772250192,0.0,0.0,0.03899748192247643,0.000382119743490672,0.0014823034339823127,0.0019990380256700857,-0.04861019007792988,0.0,0.0,-0.03028886603367409,0.014377154001903869,0.008246222193762809,-0.0176232837430369,0.005233027180257532,0.021760504734824493
0.0,0.0,-0.03558337484805979,0.0,-0.041697199189372675,-0.022553603573828296,-0.030362920962930806,-0.04683097513679324,-0.005890620283397707,-0.08284681944895461,-0.029448895528702335,0.009488575112131747,-0.028087972719521737,-0.0378500104437447,0.003763884593148026,0.0,-0.0004067149488023447,0.0,-0.05135318455623328,0.004293273253958341,-8.791626533877217e-05,0.0030397218989023367,-0.04047465579633469,-0.005260890155681097,0.0,0.004824129082468875,-0.03729183900096167,-0.01122214562532986,-0.0004952183574026825,0.0003891315913408522,0.016836715378880984,-0.018459862281964168,-0.04898197187881714,-0.01078781318174854,-0.0464099771839796,-0.005672938560628754,-0.003599695286872401,0.0049266676462545456,0.0013460551511086383,0.0,-0.0015142407799371704,0.0,0.00039896268192940454,0.0,0.0,0.0,0.0,0.00010847752905029928,0.0,0.0,-0.0007452691376961806,0.0,0.0,-0.0002539598635242779,0.0,-0.00025999079305938366,0.0,0.00019118106574234073,0.0,0.0,0.0,0.0,0.0,0.0,0.0,0.0,0.0,-0.0005182809608319516,0.0,0.0,0.0,0.0013694318797015659,-0.000248925078508655,0.0003557774396780733,0.0,0.0
0.00027153392517415,-0.016493875039441663,-0.03852469486012933,-0.041697199189372675,0.0,-0.02345237913725079,-0.010313631075841212,-0.04902455755731472,-3.384141044571187e-05,-0.046974136532375865,-0.01942505994629118,-0.023904409801831616,-0.025963753889455987,-0.02862705834586421,0.008124951301830552,-0.014100063138323349,0.005054321795828043,0.006106616696833211,-0.03154206342980137,-0.02229538376404222,0.007249490224657595,0.003973478763348637,-0.026147239499224206,-0.048896494982285155,-0.020216073779798893,-0.012305573835818373,-0.04030927571679227,-0.023106941044615803,-0.006093628164795195,0.012794770102191377,-0.019967456809767525,-0.06112027496146105,0.013214921102155608,-0.034195540027393945,-0.059352392475345184,-0.019378084310572197,0.017145505303498065,-0.08687905215042108,-0.07948741577425755,-0.005136646467853778,0.009612895830784285,-0.0073175746638853845,-0.05126955917939413,-0.00026701797399186766,-0.0013944630556349535,0.0,7.503553030319132e-05,-0.028434671098192255,0.0,-0.07666929040934567,-0.08452402930688702,-0.06339735931316637,0.010360690313791998,-0.04580427153557548,0.0015394606920144938,-0.017315190102685396,-0.004162879042116929,-0.06393514826343549,-0.037166771392771136,0.001260400769817538,0.0009342091525133545,0.0,0.0,-0.05767059820000603,0.008155215264681104,0.0,0.0025721461393938827,-0.04638607978515541,0.0,0.0001643122444262568,0.004778299343470682,-0.0273806770825471,0.010831103427718869,0.012665661361806968,0.0022186092505467325,0.01535945560041796
-0.030913298142334733,-0.03919535700028576,-0.05624449308102375,-0.022553603573828296,-0.02345237913725079,0.0,-0.01387462708372339,0.002676630446303341,-0.00593517128401172,-0.012935925360191447,-0.01924213023310306,-0.00974990713309054,-0.0151558857288569,-0.0025166603635317086,-0.03832498668375117,-0.030630016316406994,0.005337378813527804,-0.022376616788594095,-0.0068189846456508385,-0.04631742475838624,-0.024522369379736564,-0.0402324789269245,-0.0345553642939575,-0.036362399720701655,-0.04298118865231365,-0.034671585336090105,-0.04844710378889194,-0.012140627368652235,-0.03196971387304787,-0.010772281938471684,0.005021829037372472,-0.002620856823276785,-0.03256489829265807,0.005260372162462057,-0.009262342398844714,-0.008990715070935518,-0.006279825742687872,-0.01859605906985301,0.017842404547931456,-0.0015171448076946037,0.045646229982222286,0.007865255030776175,0.0070392519896094186,0.03393538863913059,-0.0007083823640898212,0.002617942058242728,-0.03955489563913045,0.0008715646193165894,0.0,-0.020215954798658564,-0.007266227705933215,-0.005959644397993014,-0.006071372721855817,0.0014695160850319855,0.004785967293902127,0.009355994805523404,-0.0028514720386381143,0.003171284043700373,-0.012395475487323504,-0.018024273842383975,-0.046765588047191275,5.551115123125783e-17,0.0017946778984717637,-0.007073648585210979,-0.02691337737584676,0.019301924090534495,-0.02235758932972398,-0.013245538320314443,0.0,-0.04853662110525642,-0.0329675526392757,-0.005847004113298471,0.009589889197293311,-0.013526669764528432,0.002105062719502726,0.020614415324611557
0.013181635654685442,-0.01502983614562059,-0.011527252301051338,-0.030362920962930806,-0.010313631075841212,-0.01387462708372339,0.0,-0.0009930920464075732,-0.025194096021646795,-0.036773892993537394,-0.01622863887739684,-0.034559053772242165,-0.029481178901480498,-0.035915300091954094,-0.0247650444970115,-0.01431485146552458,0.011226983839748295,-0.02592667211971139,-0.009045191423481591,-0.023258734617454535,-0.007017552460790888,-0.012582486305857676,-0.010865185296548618,-0.029402062277291474,-0.02983906701056338,-0.02036427223753462,-0.017566471647887494,-0.016955881083314972,-0.025543871538702467,-0.06321521211878378,-0.021584117005616632,-0.06316528573215019,-0.03865768481946835,-0.04082471934158466,-0.07465143489322701,-0.05043699656930145,-0.03519100480307952,-0.025995267682580647,0.01523401914592154,0.0011307614971493019,0.005286312050908681,-0.00276058673862567,-0.003324941618133015,-0.0024412567627793424,0.00012127615338969333,0.00028562301266971124,-0.019195040111187056,0.004640207282035069,0.0,-0.02315544367021305,-0.010852002281206308,0.008865013905256514,0.0011118235102793306,0.013190898481201141,-0.0044848450940642715,0.011547580037727934,-0.025049785405276304,0.00023483612227204187,0.001308283023711887,0.00781190463308068,0.004431942543216605,1.1102230246251565e-16,0.0007484982849116362,-0.00236784925101996,-0.014412276280210468,0.0005009009814125331,-0.01684129844525495,-0.0035058314951518232,-0.0019855008920629524,0.007259073599401533,-0.02078891679017092,-0.008456110279594142,0.0028724513795708173,-0.01601153310648773,0.007217445488354457,0.012531804155422432
-0.03995809366910985,-0.06611521789580566,-0.009028017518915687,-0.04683097513679324,-0.04902455755731472,0.002676630446303341,-0.0009930920464075732,0.0,0.015343063925266576,-0.013052089370659214,-0.00952194170973003,-0.052969161888439975,0.0005626440287806456,-0.03500831967820017,-0.006667635710890074,-0.03482458835815472,0.008955949615426229,-0.04425047283360739,-0.0021645925746457406,-0.03710780920322421,-0.01437379904975622,-0.03885668351314764,-0.022192641086694054,-0.052164048191399026,-0.06762503970308487,-0.04829652066136886,-0.023530589235932264,-0.00889875690124231,-0.027107570513050294,0.005798621821875294,0.009938484609333165,0.01460900736862114,-0.0256194574127514,0.014449786804771325,0.011408609155875715,-0.01163872228154339,0.04119351519622644,0.006024824245933091,-0.011823898378995612,-0.003514322276564008,0.00528296166243869,-0.000911532580332497,0.002879837162605814,2.4803593993427686e-05,-0.00029991791099898135,-0.0018793294165190821,-0.025869509234175525,-0.018843352766923616,0.0,-0.03764109120264719,-0.020983073105837524,-0.013968510258833056,-0.03513285892437035,-0.0014738095638135995,-0.0007254894204914986,-0.003383649688973034,-1.1102230246251565e-16,-0.010608912232775158,0.004571869576192045,-0.029318319954311778,0.007191682524066878,0.0,-3.2835460292424123e-06,-0.004540656621265904,-0.04517014218212778,-0.04029570117619219,-0.02088871227252309,-0.03994913073292883,-0.0014685704205554262,0.007719898433911687,-0.03827524456808523,-0.038788619020253934,-0.01255538354661756,-0.046477595146018125,0.008072005840878083,0.02211690857574622
-0.0011121623557512894,-0.014366196269937237,-0.016406227111493255,-0.005890620283397707,-3.384141044571187e-05,-0.00593517128401172,-0.025194096021646795,0.015343063925266576,0.0,-0.01009782100301021,-0.012573146910342226,-0.002573043560998023,-0.03304909047135063,0.0237176689832998,-0.007374105487794491,-0.0022322694385925046,-0.019734210246504458,-0.015192343814852793,-0.006631230356434703,-0.024384033997698396,-0.01399198667676066,-0.011728683995628264,-0.00043525218878809335,-7.511315571973043e-05,0.011467699608464332,-0.006111864415992485,-0.02552026752782871,0.008533923308256808,-0.01424347742391796,0.014222075056136596,0.013110890834905353,0.005414724032021367,0.005356939970388441,0.013293676904540419,0.0017706189084374935,0.0025990895874662967,0.0011314951076412116,-0.0033506929204453195,0.017433470082826585,0.0014527242178011823,0.03407429490215419,0.003905305066437381,0.013649098319122532,0.05494154121852368,0.003042293723936551,0.0,0.00023382012104355976,0.03954043742744262,0.0019056870820207683,-0.01537003954770677,0.009008362304663065,0.009362179605333143,0.005796967493830185,0.013774494034662021,0.0036247322134047577,0.034949878642385135,-0.021223040433058837,0.017932045044035227,0.008270329090427242,0.004783493265141103,0.00038441128612987097,5.551115123125783e-17,0.0,0.007454032036391278,0.013237484310969716,-0.005791672541882342,-0.00361269761081473,0.009851999125762068,0.0015454064092290665,0.0004177230227159767,-0.04837865417225545,0.007519990650071806,0.02531741452997105,-0.007749331908862511,0.007772557522349732,0.0295025566214977
-0.015473417902976572,-0.019045629658156593,-0.019043318465411407,-0.08284681944895461,-0.046974136532375865,-0.012935925360191447,-0.036773892993537394,-0.013052089370659214,-0.01009782100301021,0.0,-0.03506151606831642,0.012565830579791992,-0.03906302013143559,0.03561949084182392,0.00447743841782311,-0.027803764084330107,0.010362472598278216,-0.008295777543343597,-0.020987380195282956,-0.007805753336613541,-0.011258542299404484,-0.0003318953639633304,-0.02115921738538412,0.008783648246758202,-0.003085477546573734,0.008962810199408922,-0.017176877901523557,-0.023694236075459785,-0.007159906883676015,-0.03192214333055926,-0.01650188593929569,-0.005495007721390388,-0.01615184786907592,-0.010744677698162008,-0.017953870629144997,-0.055880600599266916,0.006492750885729037,-0.008740739659797714,0.042817829360011994,-0.04764365143891919,0.00041010753672543476,0.004769157598564,0.026945205812647754,0.0006775567139346572,-0.000985858934347661,0.018691338472537455,0.005275435060553391,0.0003665664734673335,-1.1102230246251565e-16,1.6653345369377348e-16,-0.017772936792626592,-0.10001154528728934,0.0009852688693229306,0.026889473213158488,-0.033542841829237724,0.004157047063545527,-0.029887658404323836,-0.034494999918356695,0.0,-0.0013717837014012302,0.014672632479009906,-0.01929246715431643,-0.015632475746408303,-0.00029297301021874445,-0.000591996068353362,0.00028991567439601296,0.0015288177163436667,-0.01907022793986135,-0.010634923837317345,-0.010510588771765639,-0.012199909500806738,-0.01958505248495207,-0.02984433191640523,0.001407496324398405,-1.1102230246251565e-16,-0.034107685216312245
-0.0007203998192804595,0.0014744269464185278,-0.029854376793630177,-0.029448895528702335,-0.01942505994629118,-0.01924213023310306,-0.01622863887739684,-0.00952194170973003,-0.012573146910342226,-0.03506151606831642,0.0,-0.02122891113166664,-0.0071917291127995275,-0.016769484769996068,0.0,2.9468692699097243e-05,0.013448382484138377,-0.039999406030524765,-0.016115960719084693,-0.00013543424463319242,0.007892884615152418,0.010684324013693403,0.0302180910580106,-0.036595507060278865,-0.03807224618392635,-0.0384419847796425,-0.020278376192840175,-0.013111555447513357,-0.041636066112551384,0.0169319427955254,-0.01038344606690278,-0.04885379970159481,-0.030530756913640822,-0.0084453631103929,-0.019078061081051312,-0.028015873484168785,0.018261794980830026,-0.014207524584448017,-0.026348068926347668,-0.0024626877297205807,-0.035190480545655656,0.0016407811638085024,0.0013176742187357426,-0.0020112411430610044,-0.00010701614935965109,0.0,5.551115123125783e-17,-0.06939381254194399,0.00023768901306364665,-0.05374874311111244,-0.003274261162543979,-0.029408321384806868,-0.0422072468803385,0.03024973698049882,-0.00023487113047798713,-0.039743823579220294,0.002713268657999479,-0.010953027027075846,-0.013734570138045743,0.00203700351864583,0.0,0.0,0.0,-0.061604129863818524,0.0017328054422806605,0.0,-0.002284242409209991,0.014820628165851502,0.0,0.0,-0.0002830607000853802,-0.001755344610441023,0.007121252705005632,0.005975489392030298,0.0009782044330313155,0.017620026803273847
0.026570744087762888,0.00853738794965353,-0.01146812675802883,0.009488575112131747,-0.023904409801831616,-0.00974990713309054,-0.034559053772242165,-0.052969161888439975,-0.002573043560998023,0.012565830579791992,-0.02122891113166664,0.0,-0.02634399023383588,0.00405002130537685,0.002581206363607591,-0.027159461862761525,0.0001288785986133245,-0.01460016576170009,-0.011445753406839343,0.0023898087650484623,0.0159243970408402,0.02911366487379019,0.010085783009722848,0.025337914653300375,-0.0019236340420287212,0.005344555856963418,-0.02614741162304518,-0.016505889472071322,-0.004030956143609932,0.0011517216454698387,-0.003009494426189252,0.030581151368366477,-0.0138897589143126,-0.01662808514752745,0.026958892095598486,0.015000898990132627,0.03453757762196469,0.005612715448636452,0.12502742691465368,-0.026097216410191637,0.028770355956677984,0.0018221223461087344,0.01023392266491907,0.0007723863947584897,0.022358796083604526,-0.0012026543082683805,0.0029415422092985977,0.0004823770247427972,0.0,-0.00042882056153320525,-0.007781487898939732,-0.03137472506981004,0.0,0.0013243147414609968,-0.01543455836577573,-0.00031185611238843114,-0.007097676832136746,-0.015019916352783713,0.0,0.000940105368232913,0.022291265428625473,-0.02123224823254599,-0.02098743316563323,0.0,-0.0010215895759951854,-0.00013215413793660202,0.004156678727424534,4.1417426424661397e-05,0.025649517008727418,-0.005023206683847259,-0.00498860156536296,-0.013709236332992203,-0.024406585882025822,0.002127137386229272,0.0,-0.018643469443220373
-0.041592029719580204,-0.020448810396697548,-0.005555766981374666,-0.028087972719521737,-0.025963753889455987,-0.0151558857288569,-0.029481178901480498,0.0005626440287806456,-0.03304909047135063,-0.03906302013143559,-0.0071917291127995275,-0.02634399023383588,0.0,-0.019994512324728764,-0.02669283224581248,-0.018873842406569974,-0.031819915543112975,-0.02684240161098983,-0.005884912871169157,-0.028881072347374692,-0.00721467446530033,-0.01637903660987894,-0.01281641991988125,-0.024256012069386435,-0.026588523737417158,-0.022215480747371896,-0.010636805980194564,-0.03377492435828955,-0.026143969072643714,-0.04727598455547388,-0.03069155598372364,-0.04353035917383985,-0.029561369629160394,-0.036518517923290805,-0.056649322797585444,-0.06300509122127484,-0.05753471047917241,-0.041974776353130905,0.013748454294851498,0.008969563295697591,0.019912946139604037,0.0227456934677297,0.013427383245805558,0.005915192038799755,0.0013624285987283158,-0.0005015570342398745,-0.024620049786606035,0.013605159963979818,0.0,-0.006580089558380076,-0.0045444686876562335,-0.00021620687770007585,0.0009967106268181647,0.011890494529852025,-0.04921944474346007,0.010930052564236181,-0.04539671284782587,-0.003975643921508842,-0.010489323135017048,-0.01665045969153761,0.007601981950898173,0.002631441941431556,-0.04372739677871773,0.004900299927358298,-0.02642773626401823,0.024295468366520967,-0.017862878566733298,-0.006862230162144822,-0.0015204579329325396,-0.023911433530812598,-0.028174186372333543,-0.00766933502833389,0.002665869073552929,-0.016554630701743067,-0.004117264374110863,0.005667820322663331
-0.02458566548997304,0.0,-0.01816059227357847,-0.0378500104437447,-0.02862705834586421,-0.0025166603635317086,-0.035915300091954094,-0.03500831967820017,0.0237176689832998,0.03561949084182392,-0.016769484769996068,0.00405002130537685,-0.019994512324728764,0.0,0.00014806396213373763,0.0,0.0,0.0,-0.01557035571531934,0.0023739777314752963,0.008736904531362277,0.004561286351436711,-0.009709187215958481,0.013944276127680622,-0.00023203194101673041,0.010115364907334723,-0.00992053244219604,-0.03094744905710456,-0.0471203110563872,-0.0005011493392385602,0.018388195863973555,-0.010317369871061577,-0.0010762108385052316,0.035488196191079735,0.0056372931308941165,-0.016131984441778574,-0.011260690226697484,0.00637299170541894,-0.08001887854613998,0.0,-0.0025656314473784247,0.0,-0.02218978299782498,0.0,0.0,0.0,0.0,0.0004708518692372321,0.0,-0.01613158730602876,-0.0512299556630918,0.0019338700183615942,-0.003484425909782929,-0.0022994157633774437,0.0,0.005455502501002407,-0.00045186533619673286,0.0009650693557048395,-0.021846978973738607,-5.551115123125783e-17,0.0,0.0,0.0,-0.0315424454720179,-0.0005607775604805632,0.0,0.0,-0.019185890179479526,0.0008647930418971272,0.0,0.0,-0.019467391082273355,0.0003415101596252468,0.00036152964055069514,0.0,-5.551115123125783e-17
-0.05080682627498273,-0.047079979045952014,0.001503798838329462,0.003763884593148026,0.008124951301830552,-0.03832498668375117,-0.0247650444970115,-0.006667635710890074,-0.007374105487794491,0.00447743841782311,0.0,0.002581206363607591,-0.02669283224581248,0.00014806396213373763,0.0,-0.017925456438238452,0.0055510357197584015,-0.014815979133250612,0.0,-0.08282345171041794,-0.05017539703096702,-0.07296500834771485,-0.05335438933347231,-0.03368054839368906,-0.024839088308117097,-0.08015261566309134,-0.07580497245814494,-0.031748770287735706,-0.043360353654370354,-0.04174763035741319,-0.020550772449635546,-0.006154026760439579,-0.03695850056487071,-0.01288505701471121,-0.0072382766101400375,0.013782908095626878,0.006078949997568361,0.00358060436503832,-0.010432966935628118,-0.009975593393443172,-0.019990163883134293,-0.019216584752787036,-0.06243001834722062,0.001445463977646333,-0.003636642661669298,-0.09486596976258699,-0.035173278133054375,0.004042392748262902,0.0,0.0,-0.01727806197796322,-0.0002354026327549552,-0.027017906663414637,0.0034415450237450518,-0.00029019958952841707,0.0,0.00033600699238822695,-0.012806030744020702,0.0,-0.0012562007281896048,-0.03538895139250775,7.362617948053485e-05,0.013872439134470949,0.0,-0.011729511010681148,-0.038592976000465684,-0.012777228568847998,-0.03190991025457679,-0.004577503692329454,-0.031709445128856595,-0.03613807794744239,-0.028935204271559045,-0.025351096581817723,-0.022029467792143265,-0.017354617811642437,-0.018199616877864477
-0.03197220300529552,-0.04420221903161936,-0.01967158031479721,0.0,-0.014100063138323349,-0.030630016316406994,-0.01431485146552458,-0.03482458835815472,-0.0022322694385925046,-0.027803764084330107,2.9468692699097243e-05,-0.027159461862761525,-0.018873842406569974,0.0,-0.017925456438238452,0.0,-0.055368698450500464,-0.06985762086238156,-0.0004659826691594815,-0.04134834916638713,-0.028991586882282594,-0.042543662583382436,-0.0315581222725394,-0.038152980697307715,-0.04453101173470658,-0.03343487553612784,-0.040666056460940236,-0.0322942640547203,-0.03864360954422574,-0.025718253848843853,-0.009695143763497671,-0.007701105927271634,-0.031617731096902135,-0.008345653249840213,-0.009081670474462511,0.006222280267097702,-0.0022472703112523806,-0.004280111938796127,-0.007081347390187009,-0.01837308527431697,-0.015599279727760318,-0.01439818623307726,0.000694675907805975,0.0,0.0,-0.04358806037542179,-0.019481312311092625,0.0,0.0,0.0,-0.00458337171638451,0.004878323708435772,0.006538033199256943,0.0,-0.03879898941470211,0.0,0.0138228600429397,-0.015342940359605428,0.0,-0.014965944998771963,-0.015571587622763006,-0.03495720222365584,-0.02610438083542166,0.0,-0.015348011688045171,-0.03851674569290503,-0.023236483026152555,-0.024967881882735854,-0.04404562159780212,-0.0204834570118963,-0.03146041798823995,-0.01938697901445202,-0.0017481453108253442,-0.022910664614275766,-0.00014703154687667475,-0.012640269833152862
-0.03373693226057989,-0.046949983070558976,0.0038568588807517123,-0.0004067149488023447,0.005054321795828043,0.005337378813527804,0.011226983839748295,0.008955949615426229,-0.019734210246504458,0.010362472598278216,0.013448382484138377,0.0001288785986133245,-0.031819915543112975,0.0,0.0055510357197584015,-0.055368698450500464,0.0,-0.0487632021300351,0.004861584568322863,-0.01679449158709645,-0.05618184085047989,-0.027633662181739516,0.004363698451921749,-0.009571305654247908,-0.022672168068294585,-0.0071966354184441195,-0.0008447838208932579,-0.014298270081553821,0.014800268200221678,0.006336016865170269,-0.00996562570067061,-0.024213761840635895,-0.019618827918027326,-0.013911299201833871,-0.011577170382435331,0.0021095865163874294,0.0017568375374763523,-0.0032519233975174533,-0.017400705840878272,-0.01088625526077247,-0.002310741022795104,0.004894144545128376,0.0,0.0,0.019216199923998978,-0.026714611115219222,-0.02468833986141694,0.0,0.0,1.6653345369377348e-16,0.0008173027524558396,-0.00035124347362536223,0.0,0.0,-0.006038186440178284,0.0006233628788839818,-0.009040343162914577,-0.02760703362072231,0.0,0.0,-0.05479626630320711,-0.009171059618032662,-0.017514742041179032,0.0,-0.0003138724558620076,-5.551115123125783e-17,0.0033174196328448202,0.004085928386558191,0.011838720095413813,-0.007905088167868168,-0.007888021568529913,0.0,0.0022338386431285384,0.002548375923372259,0.0,-0.01695133075891131
-0.04095916854330339,-0.05052225033200808,0.0029061606816430663,0.0,0.006106616696833211,-0.022376616788594095,-0.02592667211971139,-0.04425047283360739,-0.015192343814852793,-0.008295777543343597,-0.039999406030524765,-0.01460016576170009,-0.02684240161098983,0.0,-0.014815979133250612,-0.06985762086238156,-0.0487632021300351,0.0,0.0007710018656199025,-0.011804562654545159,-0.04739690824900944,-0.03737890932337751,-0.046236622691120055,-0.025730615386936384,-0.034461326791030866,-0.02760539945084939,-0.031973405343598715,-0.024970694103395974,-0.028132266125317384,-0.06323492367712757,-0.021372213327127798,-0.02167519254588335,-0.03239596235400616,-0.019015408318232396,-0.03295014640446253,0.00012624796532495486,0.0,-0.019176663822504936,-0.02452511996654755,-0.026876492174404465,-0.022837915486633775,-0.03161485145520887,5.551115123125783e-17,0.0,0.006080388022186356,-0.03514151541838145,-0.02352454602809323,0.0,0.0,0.0,-0.007029299471580985,-0.001193424667637888,0.00010755045378824102,0.0,-0.029313394216894384,0.0,-0.02693590153276415,-0.01811661651617713,0.0,0.009086950305741137,-0.022931837793727594,-0.025267543371526036,-0.030474317245517857,0.0,-0.04048321447285502,0.009553701442876594,-0.02441315669534555,0.011093002304428279,-0.025111104151789798,-0.026778851499181466,-0.026725944442846317,-0.01972595160039109,0.006194019321200006,-0.0427595132720463,0.0,-0.02957354070669005
0.0,-0.0880180074549039,-0.02690669338503182,-0.05135318455623328,-0.03154206342980137,-0.0068189846456508385,-0.009045191423481591,-0.0021645925746457406,-0.006631230356434703,-0.020987380195282956,-0.016115960719084693,-0.011445753406839343,-0.005884912871169157,-0.01557035571531934,0.0,-0.0004659826691594815,0.004861584568322863,0.0007710018656199025,0.0,0.020802522175074445,-0.0012522105075264411,0.005206580008126072,-0.023440020604608036,-0.03450214745054786,0.005991988746624655,0.01585879838464571,-0.01924844492096467,-0.009203646506138086,0.005736300351954382,0.04138283833064066,-0.008211489170257602,-0.018401913932797165,-0.047342357786474054,-0.004206761877814547,-0.020927163052690878,-0.036147862328554825,-0.008967786479541717,0.01837200501438696,-0.008657039448808967,0.0014026537752718782,0.04804983178498379,0.0020023966594985287,-0.025227072294794817,5.551115123125783e-17,-1.6653345369377348e-16,0.0,5.551115123125783e-17,-0.11305906887330197,0.0,-0.032434716996538215,-0.020105289123187875,-0.013348014487692628,-0.02976659387275815,-0.007439286562436642,0.0002626942931309717,-0.03273108256482887,0.002260309230296298,0.015682746557548977,0.0037055854650583364,0.0008980164310269934,0.0,0.0,0.0,-0.10868057631395367,0.0005444765169732024,0.0,-0.0023538881762434904,-0.007769825948383713,0.0,0.0,0.004703268610323996,-0.018635205653720344,0.014737425413344885,0.01045419423068994,0.002190103830783774,0.019253231591148223
-0.03397718915896675,-0.04816747582957581,-0.017507014462571246,0.004293273253958341,-0.02229538376404222,-0.04631742475838624,-0.023258734617454535,-0.03710780920322421,-0.024384033997698396,-0.007805753336613541,-0.00013543424463319242,0.0023898087650484623,-0.028881072347374692,0.0023739777314752963,-0.08282345171041794,-0.04134834916638713,-0.01679449158709645,-0.011804562654545159,0.020802522175074445,0.0,-0.0677743876109767,-0.03430982232331814,-0.08477162765603563,-0.03296971309783858,-0.03485649221930859,-0.05013296941052248,-0.0632968589348804,-0.036614362336902406,-0.06502731960440905,-0.01998146186764921,-0.04549323190621224,-0.018018374570508866,-0.041687612788027406,-0.03068758170582009,-0.027520646850422215,-0.028830547296804787,-0.01319046786544087,-0.010155210720850905,-0.018801548964520798,-0.02781521611669202,-0.006325103420124212,-0.01374275728534119,-0.018399893307545767,-0.016067826397724527,0.0013919997346468205,0.011818211964326253,-0.02425282500492798,0.0024841144038661445,0.0,0.0037551629129082276,-0.017548749870119618,-0.019152317285970666,-0.04699359381279733,0.0047464027518966945,0.0022981066296898778,-0.0013409396155626419,-0.00024918664571854654,-0.010325359214105212,0.0,-0.020547101876732532,-0.025709849750831404,0.000996849483100859,-0.01429567792413522,-0.03623434821361504,-0.02661410348183091,-0.03937086776405058,-0.01501001365048621,-0.040529528269425685,-0.0022065166849206674,-0.02765314731394186,-0.031226363414326885,-0.03411568763164896,-0.020881834157016554,-0.023451957173869387,-0.024415713033643205,-0.018107151005314848
-0.041364926678632175,-0.04519466270032102,0.008069562940698383,-8.791626533877217e-05,0.007249490224657595,-0.024522369379736564,-0.007017552460790888,-0.01437379904975622,-0.01399198667676066,-0.011258542299404484,0.007892884615152418,0.0159243970408402,-0.00721467446530033,0.008736904531362277,-0.05017539703096702,-0.028991586882282594,-0.05618184085047989,-0.04739690824900944,-0.0012522105075264411,-0.0677743876109767,0.0,-0.03462539619855842,-0.04699175121056953,-0.05327103884927048,-0.05420741238447002,-0.05956255149004103,-0.06593231298325763,-0.020699783299341412,-0.03644919031088245,-0.0061011655902471484,-0.012202686028230714,-0.008137971306115988,-0.0422095180444933,-0.014417885016150545,0.0009505165948955341,-0.04524756315723061,-0.0012857098997021699,0.0066130506097688,-0.009446238639752746,-0.01401802348888076,-0.008206097571256898,-0.011752954411409888,-0.0014250073999800272,0.0,-8.327087022047541e-05,-0.025846416383653592,-0.0213615723327924,0.002519932229658295,0.0,-0.00042477851436723,0.008997700084546034,0.007880804899703664,-0.0005098031050024265,0.0005957928623558928,-0.0013174813277282982,0.0,-0.0006463427690693302,0.02239064558663978,0.0,0.003275044829861129,-0.039440821986497954,0.0,-0.032143038707404425,0.0,-0.031087097825428345,0.007195939178400779,-0.011834300122910979,-0.03608711261291936,-0.010192540080075752,-0.019670720324781565,-0.03464053483661156,-0.02583592320928063,-0.0026459774100890954,-0.01286280786716587,0.009399385766383717,-0.01717585699464297
-0.03267196407092576,-0.05345601040203801,-0.011776744360422975,0.0030397218989023367,0.003973478763348637,-0.0402324789269245,-0.012582486305857676,-0.03885668351314764,-0.011728683995628264,-0.0003318953639633304,0.010684324013693403,0.02911366487379019,-0.01637903660987894,0.004561286351436711,-0.07296500834771485,-0.042543662583382436,-0.027633662181739516,-0.03737890932337751,0.005206580008126072,-0.03430982232331814,-0.03462539619855842,0.0,-0.047276867406250256,0.032586943793574685,-0.028927527028313804,-0.04968719522122916,-0.055070120169612546,-0.030370151480917484,-0.04314883714304585,-0.017032278033090653,-0.018300759309055448,0.0023652525587307127,-0.04219575048292751,-0.0025489196648879053,0.0025324137679653136,0.031238681721672767,0.009356726720141595,-0.00010117803067349884,-0.009663677109869317,-0.01621670420392779,-0.010734440059210482,-0.010651795500171424,0.02119442648636366,0.0,0.004283630525840243,-0.030320422478407383,-0.022385031659147347,0.01973021428889904,0.0,0.000362742035625252,0.004031713396282721,0.009114953606147391,-0.004485040872173052,0.005705345984647392,0.0032983361447736503,0.0,0.0036205488283314047,0.00916760031960906,0.0,-0.00451721109768749,-0.032379976407248545,-0.023230356774861016,-0.027349123090818606,-1.1102230246251565e-16,-0.014028680536942839,-0.015339143147511225,-0.01918255491149662,-0.018287503316988585,-0.0010850719009990462,-0.026061072999500667,-0.032080665069062375,-0.01623734133535687,0.004749350113622708,-0.00815213854807939,-0.010005464572977352,-0.013871347426327063
-0.0556547735648833,-0.0491589882227671,-0.035206698618475196,-0.04047465579633469,-0.026147239499224206,-0.0345553642939575,-0.010865185296548618,-0.022192641086694054,-0.00043525218878809335,-0.02115921738538412,0.0302180910580106,0.010085783009722848,-0.01281641991988125,-0.009709187215958481,-0.05335438933347231,-0.0315581222725394,0.004363698451921749,-0.046236622691120055,-0.023440020604608036,-0.08477162765603563,-0.04699175121056953,-0.047276867406250256,0.0,-0.058106930662744916,-0.048094400721659825,-0.05737912643036425,-0.06943140579462609,-0.02171066229165114,-0.052781053222975494,-0.020810966392378116,-0.010708874503834731,-0.016389445538823322,-0.019043408399464057,-0.009840009177459363,-0.01853453158159407,-0.014896521910816585,-0.02298713719969353,-0.019714364434904152,-0.005432640370405584,0.01013813052857282,0.01383828096521511,-0.011198196776690594,0.004802921058005505,-0.0002551834061644831,-0.005763482991312019,-0.054336881665899006,-0.03358366759741899,-0.06329820682959453,-0.00013225499327190748,-0.008285024564764765,-0.015728249570014063,-0.011381507712599048,-0.028170287302684338,-0.0034416413808645574,0.008650236301845471,0.013594365936652697,-0.011656795557345778,-0.007961711698832752,-0.015153974020691297,-0.02469279127044921,-0.043888697489706974,-0.018372412306993102,0.006613546892783706,-0.07670993511636531,-0.035145794134615715,-0.057283576013835436,-0.025576215774535116,-0.028981663395324486,0.0017092272984806645,-0.01408042320508407,-0.0341421923064541,-0.024951053319562655,-0.010490761091114853,-0.02480526603125388,-0.0017033591724020525,-0.0031180909792600797
-0.022338354583945397,-0.02841880424021509,0.0005248631234196499,-0.005260890155681097,-0.048896494982285155,-0.036362399720701655,-0.029402062277291474,-0.052164048191399026,-7.511315571973043e-05,0.008783648246758202,-0.036595507060278865,0.025337914653300375,-0.024256012069386435,0.013944276127680622,-0.03368054839368906,-0.038152980697307715,-0.009571305654247908,-0.025730615386936384,-0.03450214745054786,-0.03296971309783858,-0.05327103884927048,0.032586943793574685,-0.058106930662744916,0.0,-0.018946760082327263,-0.011594399286684876,-0.04575495855501788,-0.017196446990286163,-0.0314323752534828,0.00571408983103372,-0.01515301202882302,0.012711047719488666,-0.011213298411776096,-0.000944417521283325,0.007599941475741223,0.009320290356941319,0.026456264106702376,0.0252054995555126,0.06703565459432481,-0.015718930113889362,0.02032724067995867,0.026497191962143285,0.006310802870077181,4.258179177674126e-05,-0.04551459151956294,-0.00853317496185213,-0.028218057893906467,0.00028369119343280014,0.0,0.0,-0.0008911564514138548,-0.00043172951836439877,-3.6725304083939925e-05,0.0022919414596813126,-0.009895964208292751,-0.0018307820947360276,0.008551323211208328,-0.0048011916767210505,0.0,-0.015038833886480363,-0.03075525427964898,-0.0036966085326298748,-0.00029311778726753834,0.0,0.00024224041381748496,0.0463423508077459,0.00842233494167166,0.0009351548941545218,0.057088913407665254,-0.008420003109906482,-0.005810896077393768,-0.0011038896188739766,-0.012024307255681599,0.004140655734312826,0.0,-0.01922471729488401
-0.04050442024544515,-0.04720017388353159,-0.0033109698692177503,0.0,-0.020216073779798893,-0.04298118865231365,-0.02983906701056338,-0.06762503970308487,0.011467699608464332,-0.003085477546573734,-0.03807224618392635,-0.0019236340420287212,-0.026588523737417158,-0.00023203194101673041,-0.024839088308117097,-0.04453101173470658,-0.022672168068294585,-0.034461326791030866,0.005991988746624655,-0.03485649221930859,-0.05420741238447002,-0.028927527028313804,-0.048094400721659825,-0.018946760082327263,0.0,-0.03790913779188709,-0.034243990930972024,-0.019086069394648908,-0.038076533258101564,0.008462220443766044,-0.0259886684061027,-0.010408016915666285,-0.02954188208812858,-0.01814430405784323,-0.029962872981846467,-0.03129431196213722,0.0002311190150104947,-0.016452685860206262,-0.013082680750913567,-0.019438249177004874,-0.017652977349201904,-0.021859967647489487,-0.001777776895240668,0.0,0.011101102357906956,-0.029400599127624938,-0.022880279438005302,0.0,0.0,0.0,-0.013509568663501892,-0.001614239612432955,-0.007347525771853214,1.714633171212565e-05,-0.03161714857838427,0.0,-0.0299269684403205,-0.015620767181038109,0.0,-0.013232029232375653,-0.01575035127317931,-0.019834671336690424,-0.026406088247986126,0.0,-0.026667161801399664,-0.03464448678794624,-0.02393547048816791,-0.03988990459923836,-0.012488119086910499,-0.022469822094002112,-0.0261534962797777,-0.02238252711816907,-0.025775821440923052,-0.021418851169160424,0.0,-0.013201966482961625
-0.05721801280405309,-0.056134414997734694,-0.021143202191825528,0.004824129082468875,-0.012305573835818373,-0.034671585336090105,-0.02036427223753462,-0.04829652066136886,-0.006111864415992485,0.008962810199408922,-0.0384419847796425,0.005344555856963418,-0.022215480747371896,0.010115364907334723,-0.08015261566309134,-0.03343487553612784,-0.0071966354184441195,-0.02760539945084939,0.01585879838464571,-0.05013296941052248,-0.05956255149004103,-0.04968719522122916,-0.05737912643036425,-0.011594399286684876,-0.03790913779188709,0.0,-0.04945616065524039,-0.016906098316715024,-0.03395394220974396,-0.011767112380283495,-0.010295920305256834,-0.009010199145873476,-0.023181912116724768,-0.012205888372062212,-0.010854456248387212,-0.0982602208904596,-0.004119622831341263,-0.012678546687687309,-0.02224044693270022,-0.025556471057404107,-0.02134128507630989,-0.027608201530389398,-0.008252338583875918,0.0,-0.013944602366245729,-0.051431386946464985,-0.027263872819704105,0.0054383209839724,0.0,0.001106498115386878,-0.01256052321927309,-0.016263672868988666,-0.02423268814236118,0.0030351703969875854,-0.020424840240078512,-0.00023794614842059802,-0.015610194590413073,-0.017077344832602925,0.0,-0.021969043378641584,-0.03495212974139161,-0.018987122779428045,-0.025787026345495512,-5.551115123125783e-17,-0.024397453845953432,-0.035544177899043294,-0.032787384124849384,-0.01862696022193644,-0.014296218806448435,-0.026895069719657716,-0.0324130208761626,-0.014941426532789792,-0.02218614171252936,-0.017675549199490992,-0.00011599937537337679,-0.021489824364559595
