0.0,0.025330409259289477,0.0018922392102835306,0.0,-0.0008221091520192458,0.046262611929906106,0.048268859746905035,0.034234091473249406,0.01011332085114175,0.028126866517102,-4.135662984355859e-05,0.02453406970142402,0.041883567552345846,-0.0001816782773572112,0.02294217817131372,0.017491452597376222,0.03377184379775522,0.014605878497477298,0.0,0.035019566119570744,0.041270798476780224,0.024280249878039173,0.03454073572562505,0.025151921353569084,0.01514555614820845,0.013871967798493923,0.027599495450086553,0.04547586780152435,0.06267722574080631,-0.0013883929414290064,0.018032841801359667,0.011688201698404621,0.0006753078905328835,0.018826878259813606,0.03606378207497213,-0.0036929618486867266,0.0,0.031105909159881262,0.01969588216315593,0.014498483657879535,0.04122926023265172,-0.005315779957977218,0.0,0.0,-0.0014090017226103257,0.059106023420348264,0.03532880572093178,0.0,0.0,0.0,-0.002204184490946004,0.0,0.0008731898460526133,0.0,-0.0011794070836639858,0.0,0.004403516985291234,-0.0021954679575916236,0.0,0.032649591871940165,0.02629128368957262,-0.0005522221525965376,0.025098887486651678,0.0,0.00582411986983522,0.014597917983310782,0.032268843436357,0.0028471397347117344,0.017058242261868917,0.020944462191974156,0.021162579723496056,-0.0015128257805817613,0.0005966943364524857,0.0034472570328208385,0.0,0.06766308828346418
0.025330409259289477,0.0,0.016544891920380056,0.0,0.017785240321384843,0.005517116591681137,0.015790486287909078,0.02346918312461016,0.021305578148248017,-0.007121859539943043,-0.0009874877030394136,-0.003839389184015385,0.015339427060766686,0.0,-0.015270901102451218,-0.009622179714289913,-0.01768871249768167,-0.012669618336212773,-0.002809313282196968,0.0003716426315243937,0.021846157781030384,-0.02047819973310483,6.331409415316624e-05,-0.014143805996485959,-0.009156192085481407,-0.009003344731919216,-0.0023419412693163055,0.008692442980036075,0.006646530577619103,0.0024592964774571846,-0.01786696059795634,0.004374980100495918,0.004854783732925083,-0.006084331132920562,0.02239049735655929,-0.008952815535800407,-0.0012525666916409772,-0.0014111975082719552,0.019981219050573207,0.0016784303736430695,0.016144090099699193,0.023786841284868077,0.027472300638032188,0.0,-8.473044400825192e-05,0.029155669441096155,0.02565707842151177,-0.0025665605782550505,0.0,-5.551115123125783e-17,0.025532005273272596,-0.006179216171268376,0.0066826477632712655,0.001211014546262934,-0.002781285214490614,0.0,-0.0019445655464607192,0.0077202290341750746,0.0,-0.011149997461445738,0.02058116849488001,-0.0017925907248017015,0.024424448064221893,0.0,0.026017876342517177,0.010842776522052955,0.017874915778033518,0.00970020630521834,0.001592727676997252,0.019463979977329016,0.02316140241210407,0.012725402437333388,0.031231179129228126,0.02922162444932297,0.0023079217260997265,0.01699268167504009
0.0018922392102835306,0.016544891920380056,0.0,-0.007810063906678544,0.0065202836339113834,0.012320699085554776,0.011688897485803984,0.010946985630057138,0.011356246669999959,0.03038456246947785,-0.00943188695186259,0.023697223961289815,0.02769208690942787,0.0113822386855702,-0.003900665835146311,-0.001923021430020655,0.0029690229369501164,0.011505617358257003,-0.034618633705907925,0.027906770296969086,0.03287043662180689,0.022444529391361212,-0.00016392931135839062,0.026923288083552377,0.0035196704608809193,0.015570705454296785,-0.009130365284926611,0.03308210705447784,0.021081641711615917,0.026185286065944557,0.033014490135849395,0.02757929310472984,0.021145115688998573,0.04243274347673176,0.037046570762257924,0.019937144186106648,0.043196434891215385,0.012788624578251029,0.03517291586319227,-0.0008028853437813122,0.023643470428077462,0.003062503625557378,0.0338794639854354,-0.00230563522685312,1.960377757409537e-05,0.0,0.0008329533353860774,-0.04144478252944517,0.0003675432841427906,0.03998672433410366,0.0219327512952453,0.04480083687030001,0.019892238947237573,0.056224005594114446,0.0221219705896869,0.11572271371973575,-0.0010317462035108194,0.046948972075367856,0.02938493692283417,0.00247431481798277,0.055668354941000364,0.0,0.0,0.14460507974425663,0.006630625394038803,0.0009854617144882116,0.06689845928943666,0.033531100469987196,0.0,0.0,-0.00034429427178800376,0.03217102031280061,0.03394228027052215,0.05625935605383958,0.009911288839040577,0.02746221658107073
0.0,0.0,-0.007810063906678544,0.0,-0.0054426538665878765,-0.0035928834872411275,0.007957757068047078,-0.009967465256748353,0.029304039912298296,0.022999170623836163,-0.00818883953064209,-0.00043555367453984584,0.011527141728684631,-0.0028830621167725834,-0.002680390743454719,0.0,0.0004891188141157299,0.0,0.0108745181526263,-0.0005008821353070791,0.0005789148189573323,0.0034771688670274248,0.025709840794679417,-0.003219674558496477,0.0,-0.001429118426711895,-0.0034956041646769798,0.024812576336870673,0.0005379683391679713,-0.00026061831157286885,-0.01348812695766144,-0.016834451291343977,-0.011588964437917015,-0.1251260225604393,-0.007425423837948697,-0.04615811574642231,-0.03247197864492521,-0.004294062906847196,-0.0019850870788899466,0.0,0.001014152754913178,0.0,0.0004662682410310759,0.0,0.0,0.0,0.0,-7.265210816514989e-05,0.0,0.0,-0.00041271681618665346,0.0,0.0,0.00017008794020273443,0.0,0.000174127115401157,0.0,-0.000128042255286287,0.0,0.0,0.0,0.0,0.0,0.0,0.0,0.0,0.0,0.002952188898351915,0.0,0.0,0.0,-0.00040860697442235416,0.0001667159262127571,0.0013572464148733365,0.0,0.0
-0.0008221091520192458,0.017785240321384843,0.0065202836339113834,-0.0054426538665878765,0.0,-0.005736436692776903,-0.017889610435766257,-0.00872219867318269,0.00428336994839007,0.01891334060326666,0.007905646645217423,0.02387467315194841,0.005720653875326109,0.01772252905523941,-0.0023222534012945495,0.024220399601251164,0.014787052263790956,-0.0065533929199984575,-0.001838420120625739,0.015676630252878132,0.05599368369804297,0.0189505594257377,0.0055817541809969895,0.03207534058139777,-0.011493943201533907,0.00712037710393687,-0.005186257882797918,-0.010907398010116254,0.004408273549520225,-0.002291688722154628,-0.0033131529069351795,0.0058756583886927505,0.039897789190357635,0.024128752322014668,0.04908448529498388,0.017463939275071227,-0.024006476975732438,0.016694856211351028,0.02820254702242203,0.002267339779450872,0.03051655391830399,0.006120435959729553,0.07402208914021502,0.00017883352338882164,-3.461467465881718e-06,0.0,-0.00024029281548348935,0.031052143368589857,0.0,0.05655616223089721,0.020466233128354716,0.040292302062062024,0.010766145852394493,0.036625807200557525,0.0016313829908566335,0.02667510214842095,-0.00010019718238413189,0.034931113140842296,0.0008726557378985755,-0.0014791396963760861,-0.0006256804058110688,0.0,0.0,0.03893443106459571,-0.0013090705199552688,0.0,-0.007321883667425533,0.028044571428045617,0.0,0.00011852813614160462,-0.00206218501483163,0.02016259813377219,0.02218247897620018,0.036681278019224495,0.0005865644467357711,0.022361010639659118
0.046262611929906106,0.005517116591681137,0.012320699085554776,-0.0035928834872411275,-0.005736436692776903,0.0,0.0006893259448033651,-0.015287443681519963,-0.017956955933535634,0.010184605265319335,0.011220664646634182,0.006413412556964149,0.012053242184095814,-0.016392680161059825,-0.014502023085200433,-0.0018844330919999819,0.011736904001531101,-0.004799682798113103,0.012079606595149117,0.004274046575840795,-0.0014030073932311815,0.0061440317557733826,-0.013988427492584832,0.03536446652538722,-0.0023339499760586246,0.0034606186754890245,-0.028844059876027117,0.002409835760772361,-0.007381906323656262,-0.005577505987659048,-0.006576551533468256,0.008596910645459643,-0.00026983333530389286,0.004295904938168782,2.9084972088422312e-05,0.024887075262407354,0.014611651164495643,-0.0015365785971711565,0.02395088582517202,0.010381420478172698,0.019656389263552954,0.026857532710458654,0.025756257176611785,-0.0032072708049042387,-0.002064214967989142,-0.0051264463399410265,0.014899140692299417,-0.0036677156356703655,0.0,0.04051709241104706,0.012285869237584013,0.011225354077111893,-0.0006741601249761198,0.0188280531054974,0.002273803328745272,0.023891825368835273,-0.0015702259234428584,0.02439629892283446,0.013019548139424186,-0.0069723533296143225,0.02120898868281118,5.551115123125783e-17,0.026014900069787072,0.028805232705953143,0.014452122702574954,0.005028678599053038,0.012318869488254836,0.00777395682109594,0.0,0.020864879606571463,0.011007031709889092,0.005004739223834487,0.021276203616926725,0.02933930205049784,0.02171456837623853,0.011698607289984397
0.048268859746905035,0.015790486287909078,0.011688897485803984,0.007957757068047078,-0.017889610435766257,0.0006893259448033651,0.0,-0.004139215975867139,0.01289229206843917,-0.00014909313917460532,0.013425700145901831,-0.0031837304040969183,-0.01109177289783303,0.003702753149471494,0.001847170306006507,0.016127478787371474,-0.004361440141633588,-0.0009715993829287339,0.0279928867454598,0.01188435490310008,0.02935193788247692,0.017882473018651757,0.007965342985294832,0.012492477963567172,0.0059474591938854515,0.009947626836278867,-0.005216299305435768,0.005145977784776878,0.0009350743842334586,0.007788625492127943,-0.019424320941210993,0.013740823404191471,0.011942446748492985,-0.0070900858644858955,0.04083714902912089,-0.00497234657202239,0.009737937695769305,-0.0164701828140687,0.05473372100405782,0.035346290747623355,0.04709110366174918,0.01054560708522212,0.05549258494086323,-0.0006680219135960508,-0.0017940898326684884,-0.0004811582645381507,0.015366689107440712,0.035805257409678215,0.0,0.06686672249190839,0.026866045648845316,0.033784857238913335,0.020317088955341456,0.03701876644165114,0.00445686511723431,0.04666721446364269,0.0012245914322691065,0.040194820803368225,0.0008545731132547085,0.00016021189960768734,0.01288925360097759,1.1102230246251565e-16,-0.0008268066678623898,0.052737727641296805,0.019657237415385498,0.0033994056393165106,0.039554869143265725,0.024886637975722214,-0.0022932540381117583,-0.0022795234764088623,0.020045795751495843,0.020577006255175778,0.033635151293291976,0.03853486770141179,0.032166183584667496,0.021975338496693086
0.034234091473249406,0.02346918312461016,0.010946985630057138,-0.009967465256748353,-0.00872219867318269,-0.015287443681519963,-0.004139215975867139,0.0,-0.00030217802555609907,0.04021702052168302,0.026055527128077183,0.03435559714076725,0.021216319306197218,0.021458675308829667,0.04373546003501888,0.016232626587392773,0.030662428960258115,0.019111166049850525,0.012444778485804331,0.011711539303790486,0.015966966737297694,0.030464091937024262,0.02024668518144873,0.040017934344012684,0.018929742296647956,0.03574144081871067,0.00018543440092810837,0.025042051377605623,0.0196685971148039,0.015310952939536437,-0.0036085195557870042,0.026401630771073825,0.003847125288934272,0.022175354131047154,0.019817376850711388,0.005096020569059112,0.07784146890347177,0.02524764997909229,0.04897269283846367,0.0050924182715677,0.014564359095904145,-0.024065688395437157,0.05736854552330656,-1.6612043152841593e-05,-3.296139089209449e-05,0.020712315341242793,0.001600780110321387,0.030205307396573122,0.0,0.012052725658513619,0.016839550897458866,0.05356865673342981,0.055577668509041556,0.04429415248239632,0.00029246192657156334,0.05275864698416444,-1.1102230246251565e-16,0.03915613343296842,0.04079939128598431,-0.015616214215012691,0.005158801634567334,0.0,-1.8409786772699555e-05,0.04886515534700264,0.026093536302670584,0.0474229015828348,0.012692062807366733,0.03767188400805216,0.001961397169356005,-0.0022507433227891283,0.024375048860205695,0.014532236335745519,0.03150181832251031,0.04295585899216153,0.03366536929600156,0.03416695852587426
0.01011332085114175,0.021305578148248017,0.011356246669999959,0.029304039912298296,0.00428336994839007,-0.017956955933535634,0.01289229206843917,-0.00030217802555609907,0.0,0.03247746936596235,0.000957801010280368,0.02048204577501961,0.03295608278600676,0.012774244290630177,-0.002140220671433546,0.020525157716466347,0.0191951654797915,0.018386319995347844,-0.0012904452701201774,0.02185493752723422,0.012851344417553923,0.029466709534527902,-0.0010269738500868208,0.02494552882910772,0.021685340074231674,0.02428660211991135,-0.0029348173845594183,0.02916918125133966,0.004331738792158424,0.008866214232886638,0.02943994616201373,0.034066492152177996,0.030505265326021658,0.03851775166596527,0.0305477386557248,0.03471373591230459,0.042637789616746136,0.018761197604770186,0.04529213639360996,0.0609337374746991,0.03698026613105987,0.020549794750005068,0.036911536177697046,-0.00035704617427495533,-0.0035743078671045536,0.0,0.002129513501444691,0.048110509331665274,0.00022475911774644253,0.03527331142028023,0.025308750355869103,0.04237284434282007,0.007217348351893471,0.029898167750270987,0.0015275160893944983,0.06602120790243848,-0.003584929455445196,0.04114761118626098,-0.006772082215313335,0.0007101705928573288,0.0012891709334529322,5.551115123125783e-17,0.0,0.0340352084468184,0.013998440294257342,0.007267010678285557,0.052958998088521114,0.030398583601836227,-0.0001717991334608815,-0.0003059504111629363,0.0018678621750763957,0.027479302537054995,0.0337022328838914,0.04240685739768679,0.020235864127153724,0.017459290966930108
0.028126866517102,-0.007121859539943043,0.03038456246947785,0.022999170623836163,0.01891334060326666,0.010184605265319335,-0.00014909313917460532,0.04021702052168302,0.03247746936596235,0.0,0.028624185003440716,-0.02804063315744998,-0.00046845235398507157,0.01420550094807399,-0.005359027378803671,0.004123368310201325,-0.007645501752466977,0.0017425293163146893,0.02275907644463321,-0.022298487187776606,0.007675848056441836,-0.014263582821105014,0.01958924419938951,-0.008394882640235746,0.013980529398807562,-0.04381988735010517,0.019919396461140604,0.002465786358959887,0.006874536298079659,0.057332792965687496,-0.004343056056608785,-0.005270002713824051,0.0034742479208389465,0.023074684061581585,0.044692975894458864,0.003841486373154457,0.002888230695679339,0.007034378098778271,-0.003421819757664757,-0.01761636676002709,0.019056356740993097,0.0008491993894871874,-0.010458069007204751,-0.002490144171373443,-0.02902071539801948,0.011016707160953876,-0.004140845352002986,0.0018387899845792033,-1.1102230246251565e-16,1.6653345369377348e-16,0.004185390761681562,0.005705597203728319,0.0009447107715035985,-0.00016833344209421508,-0.01962917929812713,-0.0016274226688358095,-0.015645327587166302,-0.002139724109865182,0.0,0.0009577178394171715,0.025822561540852718,-0.003774157354997254,0.01674041492886641,-0.0006801259410835758,0.0005366396087168046,0.0006542843375482721,0.004059481770444573,0.01308633881353849,-0.017396452441274413,0.004498748438647671,-0.00425720628997639,0.007477245969498947,0.0046242569908903075,0.042286928522119405,-1.1102230246251565e-16,-0.016165384713891895
-4.135662984355859e-05,-0.0009874877030394136,-0.00943188695186259,-0.00818883953064209,0.007905646645217423,0.011220664646634182,0.013425700145901831,0.026055527128077183,0.000957801010280368,0.028624185003440716,0.0,0.014190325083524136,0.022886348816185398,0.02530739465154236,0.0,-1.973646217962033e-05,0.008126597200247998,0.01762988337148319,0.0008639141800236838,9.070619027312654e-05,0.0031749695675335476,-0.0019781687288029093,-0.034138803690458075,0.03652703849202882,0.02074053165567341,0.006363281669798659,0.0029813185420935473,0.018912769978367938,-0.003641478501291262,0.0035528223615293175,0.034446756347116136,-0.0008156379706109607,0.02045691664928767,0.02742291556347609,0.024949423596982157,-0.013643251536982648,0.052747983749687366,0.023688200583444396,0.01345142382562714,0.002750380955635623,0.010176063303565352,0.0007879077732690365,0.04255462369612656,0.0028797002871537303,-6.546090311654318e-05,0.0,5.551115123125783e-17,0.04461931396550062,-0.00015919064563907348,0.014426838724809155,0.0188172672115291,0.022058095311265014,-0.004636056977174174,0.0556252196371852,0.0031734092214396603,-0.0366150691575462,0.0011668306474007517,0.04260931028706744,0.007456229339142029,-0.00030501507588098775,0.0,0.0,0.0,-0.06041815384966662,-0.0033737745890259907,0.0,-0.0005233956505121262,0.03672795773234938,0.0,0.0,0.0004273378824880547,0.02523187723570497,0.009948241326473817,0.04050642813568839,0.00037427858465943764,-0.016920237079857514
0.02453406970142402,-0.003839389184015385,0.023697223961289815,-0.00043555367453984584,0.02387467315194841,0.006413412556964149,-0.0031837304040969183,0.03435559714076725,0.02048204577501961,-0.02804063315744998,0.014190325083524136,0.0,-0.005698622409610943,0.003562191485378563,-0.003083852827744593,-0.009823616011258363,0.003512459312015992,0.0014519386644844534,0.01823332299214031,0.001282266968132606,0.042868941174845465,-0.008902309302816658,0.01895455159417858,-0.01739607648813124,0.02847637751108123,-0.015018733085384872,0.01217488660608812,-0.006970159987098268,0.002424986058453371,0.003246159301115048,-0.023769207788283786,-0.010792748637755478,-0.0020699019858124723,-0.015480199295175245,0.02944668648196791,-0.027237498998586906,0.021900496281562265,-0.04001959724468365,-0.018890555857973945,-0.0067784603620040795,0.07319821406164234,-0.00035418791417241025,-0.01051189609404618,0.001114903185495314,-0.0311217250417824,0.01391778711712105,-0.0004398051261447211,0.0008713429720941246,0.0,-0.000430985179476262,0.0013997973517054785,0.00043847729586954376,0.0,0.002135465340775522,-0.003428785944017798,0.0015682177638878803,-0.01903412310609537,0.0022894353217709495,0.0,0.00011032073515548912,0.029690401873300465,0.0014993043872632006,0.01112069949517086,0.0,-0.00019723192916037968,0.0006729145626013233,0.0024179615795310583,0.0011812223510150321,-0.025698288716516415,-0.001581089888640197,-0.004338825519594969,0.0005643112000408013,0.012422375333873303,0.002314100219634796,0.0,0.007872908218089447
0.041883567552345846,0.015339427060766686,0.02769208690942787,0.011527141728684631,0.005720653875326109,0.012053242184095814,-0.01109177289783303,0.021216319306197218,0.03295608278600676,-0.00046845235398507157,0.022886348816185398,-0.005698622409610943,0.0,0.010298596253738024,0.013308949769533285,0.015826060340622117,0.0008849401467324602,-0.002018651886331768,0.02828057176402704,0.012672432679577406,0.02559840817040271,0.019661861827835247,0.01320210959494128,0.009770460745083143,0.008177715773188488,0.006781050695787383,-0.0012442235996381057,-0.0010559816535310462,0.003094829090179385,-0.006166760789702241,-0.01980301339996071,0.011688722309149469,0.009725854866538652,-0.007048376144049073,0.025091119450600663,-0.006430225096574982,0.018378545175662675,-0.004002578925476341,0.05357667622746248,0.025931606763629766,0.05006250755373831,0.046811206822816365,0.036635546139039965,0.0011659777620952605,-0.002225835096026918,-0.0005681922179601173,0.0232401572420341,0.03149932797676236,0.0,0.03548013182593179,0.029062075663109588,0.026577646674634803,0.02820976159779709,0.0317526509564543,-0.0007442914975686055,0.040277097184181376,0.0032990286110005096,0.03719023591237458,0.002286739071189925,0.0027976609021657106,0.024799028076811114,0.0012240840498448091,0.002924977036749432,0.04468442323203792,0.018005442632042012,0.004461848516911393,0.030198341562875652,0.027726817159900552,-0.0011278340369672568,0.009204319205966704,0.018317415766791245,0.019960460341991837,0.0341025470300389,0.036736246067378464,0.029346322309714346,0.02624198670321798
-0.0001816782773572112,0.0,0.0113822386855702,-0.0028830621167725834,0.01772252905523941,-0.016392680161059825,0.003702753149471494,0.021458675308829667,0.012774244290630177,0.01420550094807399,0.02530739465154236,0.003562191485378563,0.010298596253738024,0.0,-0.00025418839393498427,0.0,0.0,0.0,0.007413072267747678,0.0005168913313329249,0.011790702889715177,0.0012609098308884459,0.011696664317861372,-0.0063190221176705474,0.00015540185902251924,-0.0022286321039840518,0.0004253074321665662,0.011651851192670426,0.0006353359693139771,-0.0004565678808776119,0.014357736727127313,0.007983952203864941,-0.00048159539424602604,0.03854061821213717,-0.004752548637287801,0.016786272402930902,0.0005005843704554425,-0.0016633594167730914,0.006148519565224775,0.0,-0.0014939601428751725,0.0,0.03308102053350448,0.0,0.0,0.0,0.0,0.017317046013036408,0.0,-0.0024476788287500773,0.021806130331176066,0.0009228380647285372,-0.002028751241469895,-0.005798255761438553,0.0,0.033164283382028925,-0.00045841541796382,0.0701274355287761,0.0012859035465204727,-5.551115123125783e-17,0.0,0.0,0.0,-0.00656192589936222,0.0009982202873694002,0.0,0.0,0.018110235211127534,-0.0005791894244890905,0.0,0.0,0.0004624888872996058,0.003625585845758228,0.0029224020425007158,0.0,-5.551115123125783e-17
0.02294217817131372,-0.015270901102451218,-0.003900665835146311,-0.002680390743454719,-0.0023222534012945495,-0.014502023085200433,0.001847170306006507,0.04373546003501888,-0.002140220671433546,-0.005359027378803671,0.0,-0.003083852827744593,0.013308949769533285,-0.00025418839393498427,0.0,-0.008626502593759688,0.002082678959717532,-0.02016005356944711,0.0,0.005128429381000832,-0.015262658900353998,-0.016557141003123665,-0.006668767431379341,0.05194614122953645,-0.0038355263809241036,-0.015084737149305638,-0.03937552150125195,0.008215238656251567,0.01248559967521573,0.000795936102561734,-0.026105369847358006,-0.0044504800453402105,-0.03005196374541086,-0.01742100783230277,0.007787722010823506,0.023405756940375944,0.0007288495700620845,0.09202872301862641,-0.001613314686893741,0.002473234929743162,-0.020156720469092893,-0.0221846974682518,0.015286243441320402,-0.0009680899461169679,-0.0011463948961299986,0.019054726309579273,-0.005528145040083476,-0.0030377278015470965,0.0,0.0,-0.008828655477239933,-0.000654485600519783,0.005219575356677553,-0.0014395816740970235,-0.00015372374172367698,0.0,-0.0013553998604909911,0.0036166767707305203,0.0,-0.011728444712182595,0.004718956752937931,-0.0007370990859644211,0.0003773975345713887,0.0,-0.023157523094016697,0.003945951251160318,-0.003868521711879125,-0.01715556225271425,0.04990758324660377,0.007071980008311829,0.0016655050482382583,-0.021201342215420527,0.010080469581358775,-0.010169004689898176,-0.0011069090336219833,-0.007923794973517473
0.017491452597376222,-0.009622179714289913,-0.001923021430020655,0.0,0.024220399601251164,-0.0018844330919999819,0.016127478787371474,0.016232626587392773,0.020525157716466347,0.004123368310201325,-1.973646217962033e-05,-0.009823616011258363,0.015826060340622117,0.0,-0.008626502593759688,0.0,-0.010900529324800012,-0.006190451319135704,-0.001157243153163956,0.0006052172157453573,0.026898637234899214,-0.0011821592623756372,0.011751264991979815,-0.003438674650353468,-0.0013369935985939052,0.0036215347219556437,0.0016892298298278874,0.013279336332263025,0.003192748648661814,0.0029565419774709167,-0.009113178870304162,0.005721951784724233,-0.01848497578053593,0.004537603602431994,0.03901200679957534,0.005227338726103092,0.0023988614680351406,-0.000991157730004133,0.01303981697094625,0.0004451758410043416,-0.001325944453792971,0.012158827627284818,0.0024577452766987307,0.0,0.0,0.021321249078418425,0.016829194092653987,0.0,0.0,0.0,0.009261571945047564,-0.0046651439219821955,0.0007696459041143244,0.0,-0.014058535171775022,0.0,-0.0017617935234297,0.003799126496756844,0.0,-0.007882704243176442,0.011918231867910967,-0.0011094291710005977,0.01462470439733532,0.0,0.001529607250208398,0.02416713745946547,0.010075836901692115,-0.011361124605524242,0.017289134340958745,0.0177130742638964,0.011450976619636677,-0.0032382209392120553,-0.013989007168700773,0.0047320376558041,-8.284873169961404e-05,0.002337716092404407
0.03377184379775522,-0.01768871249768167,0.0029690229369501164,0.0004891188141157299,0.014787052263790956,0.011736904001531101,-0.004361440141633588,0.030662428960258115,0.0191951654797915,-0.007645501752466977,0.008126597200247998,0.003512459312015992,0.0008849401467324602,0.0,0.002082678959717532,-0.010900529324800012,0.0,-0.017323123175878197,0.012154678604230695,-0.002104207693934712,0.047600701730394934,0.004517662030462333,0.01784271711176144,-0.007285224722429762,0.016538849084239582,-0.005456644082748818,-0.036963043379128646,-0.0012364400890578775,0.00017952478234595226,-0.002740115942355792,-0.01214052286170475,-0.005143878175260852,-0.013819501722962646,-6.621404591505842e-05,0.03650983978384015,-0.007967057816794243,-0.0014508948085586448,0.002640395011043961,0.030481594166552883,0.005694893445312266,0.030910323354868208,0.0011168768040310528,0.0,0.0,-0.007194084021270142,0.0008486127502230767,-0.007585086211643333,0.0,0.0,1.6653345369377348e-16,0.00031388515196240085,0.00023524299513133506,0.0,0.0,0.002301187186031617,-0.00041749316839656547,-0.012447871943858158,-0.000365744460777917,0.0,0.0,0.018337655668162423,0.006136047193899319,0.02337157428459441,0.0,0.00021021400296528103,-5.551115123125783e-17,0.001617502345774735,-0.0006274756768051004,0.007996007255331894,0.01760209007985264,0.013800139698182001,0.0,-0.00011157671199429897,-0.0016474388259060668,0.0,0.016949623615351905
0.014605878497477298,-0.012669618336212773,0.011505617358257003,0.0,-0.0065533929199984575,-0.004799682798113103,-0.0009715993829287339,0.019111166049850525,0.018386319995347844,0.0017425293163146893,0.01762988337148319,0.0014519386644844534,-0.002018651886331768,0.0,-0.02016005356944711,-0.006190451319135704,-0.017323123175878197,0.0,0.011989019092590092,-0.00014131601043643194,0.030848440866775295,-0.00561155530149543,0.005568863164141291,-0.010196098064500725,-0.001962508353975101,-0.0068391459903988094,-0.008440747661408676,-0.008647602981319835,0.0034100320183583777,-0.00012166025852233808,-0.013195007168316175,0.00877696265908795,-0.018023510861984837,0.01059109219515747,0.04125515539230423,0.006095938187667127,0.0,0.031721766718395994,-0.00421285318871395,0.009627760614437264,0.0008962292251875059,0.014508016998037887,5.551115123125783e-17,0.0,-0.027697724791388434,0.020074534446589853,0.015904294252366613,0.0,0.0,0.0,0.006699094746054346,-0.0004418964242106638,-0.0001967302728451692,0.0,-0.007310782597438947,0.0,-0.0014720273924667127,-0.006891324243506247,0.0,-0.020804804474735428,0.01219288075605135,0.006303376219544854,0.01838417953796251,0.0,-0.01239177099719918,0.006859095519190672,0.01202902138813794,-0.027264429757511477,0.01269152552676106,0.020101670501783575,0.013285212466835006,-0.017829138494466323,-0.006200635193992943,-0.00048366546096129115,0.0,0.004764512487393291
0.0,-0.002809313282196968,-0.034618633705907925,0.0108745181526263,-0.001838420120625739,0.012079606595149117,0.0279928867454598,0.012444778485804331,-0.0012904452701201774,0.02275907644463321,0.0008639141800236838,0.01823332299214031,0.02828057176402704,0.007413072267747678,0.0,-0.001157243153163956,0.012154678604230695,0.011989019092590092,0.0,-0.0015521540599448547,0.005038911639109689,-0.0015906149442774242,-0.048212595159781046,0.016200028481831386,0.0013229252549935011,0.01900851457402364,0.016722856716467893,0.02653805789668856,-0.004348110679186723,-0.0053582438897092355,0.02622384370007408,0.017982126192972014,0.011732381591111563,0.034328834094373706,0.030516670740344143,0.012600209795992523,0.0348818338716021,0.004883159052806396,0.022517138078405274,-0.0016136950227399471,0.008589958327028246,0.000521861968326931,0.018525558105703943,5.551115123125783e-17,-1.6653345369377348e-16,0.0,5.551115123125783e-17,-0.08633415310107867,0.0,0.014363628034144815,0.014415467422367767,0.03605061321574654,0.005281018298974982,0.01427725772750954,0.0015636185555184534,-0.00022166025726344518,-0.0015138271688574512,0.037641611224841,-0.0044451428781767666,-0.0026993155679565506,0.0,0.0,0.0,0.03318416142972369,-0.00029674286539282946,0.0,0.00157929247955102,0.011662247441665108,0.0,0.0,-0.0003972367826821088,0.009820525338605446,0.011857609362337151,0.024011441394845512,0.0011322595019764847,0.0067722070074740515
0.035019566119570744,0.0003716426315243937,0.027906770296969086,-0.0005008821353070791,0.015676630252878132,0.004274046575840795,0.01188435490310008,0.011711539303790486,0.02185493752723422,-0.022298487187776606,9.070619027312654e-05,0.001282266968132606,0.012672432679577406,0.0005168913313329249,0.005128429381000832,0.0006052172157453573,-0.002104207693934712,-0.00014131601043643194,-0.0015521540599448547,0.0,-0.003967587169772802,0.0010560587956678913,0.0035150452171903157,0.028689579046520308,-0.004293286718464628,-0.005195853180764931,-0.004128230688750956,-0.002403713765266602,-0.0027077957765163085,-0.05431086543470959,-0.011620952600253809,-0.0014985478546797881,-0.010027528604549862,-0.01175799179758552,0.012481837826052,-0.0008465771432988323,-0.013029395649206466,-0.04087748636858507,0.0027986249494518223,0.011558933876589794,-0.015589316579859014,-0.013031486710870288,-0.007837081608062957,-0.0003994246560506953,-0.0014651112644274988,0.0340224316352738,0.0085609690426387,0.004083765307490772,0.0,-0.0023213968648814753,0.015913269399171537,0.0011663780219202668,-0.001786429030680825,0.001976628028283911,-0.0008010116219419605,-0.002537446619099437,-0.000388346821268426,0.020478392601342432,0.0,-0.021351784941664176,0.010899833158895367,-0.00045752317608149795,0.0008964894508141086,-0.002186625193639602,-0.0006806938182185585,-0.004951259624317195,-0.01160512994327001,-0.0010696211033719427,0.09778433428758015,0.0008266083122092094,0.00015778231822860533,-0.0035016646313505984,0.015331132498550504,0.012139031230598785,0.0012263025802916605,-0.0018868593778416654
0.041270798476780224,0.021846157781030384,0.03287043662180689,0.0005789148189573323,0.05599368369804297,-0.0014030073932311815,0.02935193788247692,0.015966966737297694,0.012851344417553923,0.007675848056441836,0.0031749695675335476,0.042868941174845465,0.02559840817040271,0.011790702889715177,-0.015262658900353998,0.026898637234899214,0.047600701730394934,0.030848440866775295,0.005038911639109689,-0.003967587169772802,0.0,0.003198457442310454,0.013932301901146693,0.04960404293180243,0.04011512368695219,-0.0013530036916876154,-0.008452282974293235,0.03427970248284895,0.03546909041869373,0.022929221240592768,0.011470179192300034,0.028926356810454135,0.010429800681806267,0.023085278972508005,0.03508776483928888,0.0009194312903678115,0.0001780560364874617,0.0035178293134069394,0.01252534757291024,0.030480850332264442,-0.012799044264168113,0.025868343468557153,0.002041967185504645,0.0,-0.0005932801255251752,0.050302172755667895,0.007554281822354625,0.00024337423624520849,0.0,0.0002844926026832617,0.017547952902464636,0.004237252828197091,0.026885604199450797,0.0013942808452842015,-0.0010732068955544571,0.0,0.0010494276693316373,0.030004206660581012,0.0,-0.008496848262942447,0.02260878635503516,0.0,0.0027412332446549725,0.0,0.0005299313904685854,0.05124086631697172,0.0038642033552512833,0.0029964999270737924,0.006352050576392321,-0.0011709737952638188,0.01678917092910226,-0.015815363535064242,0.028860627403452244,0.027278872768317253,0.019785879351447433,0.00352383113938054
0.024280249878039173,-0.02047819973310483,0.022444529391361212,0.0034771688670274248,0.0189505594257377,0.0061440317557733826,0.017882473018651757,0.030464091937024262,0.029466709534527902,-0.014263582821105014,-0.0019781687288029093,-0.008902309302816658,0.019661861827835247,0.0012609098308884459,-0.016557141003123665,-0.0011821592623756372,0.004517662030462333,-0.00561155530149543,-0.0015906149442774242,0.0010560587956678913,0.003198457442310454,0.0,-4.816454684414273e-05,0.0061703925139464655,-0.017351404724053332,0.009169254727667997,-0.010346013767480011,0.025524687193057838,0.004713669406015919,0.007160799983467858,-0.02109370871234112,-0.006052866236849919,-0.014991387036315362,-0.01173907480855213,0.013004691441836025,0.014349626226491052,-0.03060750388321748,-0.002427067154901208,0.009791686263766641,0.0032251763360227614,-0.004698047857344734,-0.006127665133174698,-0.008901220000122001,0.0,-0.0007108542907479642,0.028898946352859,0.010944481130055916,-0.003633445903384991,0.0,-0.0003761722655437616,0.028835016987415085,-0.0005398051655247094,0.005200345643913418,-0.00577010030530406,0.010982266088866766,0.0,0.06900256523159781,0.036810662572714814,0.0,-0.01450744271252613,0.012457971854365979,-0.003359193501706992,0.0175153266515386,-1.1102230246251565e-16,-0.011895113568738569,0.002697991182262327,0.0002005571590514843,-0.007360971675921202,0.05609044847139011,0.01834030614934412,0.011529660012517762,-0.002206077582329713,0.031652840038895236,0.02595080454587384,0.001583642344212044,-0.002290311948389301
0.03454073572562505,6.331409415316624e-05,-0.00016392931135839062,0.025709840794679417,0.0055817541809969895,-0.013988427492584832,0.007965342985294832,0.02024668518144873,-0.0010269738500868208,0.01958924419938951,-0.034138803690458075,0.01895455159417858,0.01320210959494128,0.011696664317861372,-0.006668767431379341,0.011751264991979815,0.01784271711176144,0.005568863164141291,-0.048212595159781046,0.0035150452171903157,0.013932301901146693,-4.816454684414273e-05,0.0,0.0430042849961616,0.0029904272551135036,-0.0013607641585048902,-0.0006767718328490879,0.011855709179536322,0.0004567378710277903,0.0023940517372395553,-0.0006173010555830527,0.007596357848785207,0.0007122146343616631,0.010584019572757397,0.012438206638269833,0.03193641017432197,0.026460976925045898,0.002537541412952815,0.011063600062878876,0.00038570599302256703,0.009814877399281552,0.009738707636409383,0.04445211068232402,-0.0006965662926960992,-0.005019102260200303,-0.003383895553422611,0.003015999269587011,0.037009243763250876,8.857690768521165e-05,0.0426418625272138,0.02632480761407474,0.04173247939390501,0.021109973312217478,0.04289388264621763,0.006508058578035825,0.07862745545616234,-0.006772584801190085,0.03886414121303572,0.04332140006699037,-0.011918636177496444,0.003733482928496956,-0.0020405312497843164,0.016342843486809644,0.09604155544300985,0.003817144214484647,0.014496656912623307,-0.000997838564172182,0.03024136054524995,0.0001024243601351893,-0.0022485681476976938,0.00046818062116665837,0.014984596793699678,0.028786013386314813,0.0308432619575274,0.026271565689107157,0.008877617902542712
0.025151921353569084,-0.014143805996485959,0.026923288083552377,-0.003219674558496477,0.03207534058139777,0.03536446652538722,0.012492477963567172,0.040017934344012684,0.02494552882910772,-0.008394882640235746,0.03652703849202882,-0.01739607648813124,0.009770460745083143,-0.0063190221176705474,0.05194614122953645,-0.003438674650353468,-0.007285224722429762,-0.010196098064500725,0.016200028481831386,0.028689579046520308,0.04960404293180243,0.0061703925139464655,0.0430042849961616,0.0,-0.003262518647125512,-0.0018937394340706182,0.04046621173202558,0.011895654580186654,0.030762804789518594,0.0072157998160420345,-0.001592449290500897,-0.005691037828111756,-0.03208483793621575,0.004154019453802504,0.04519367243790462,-0.06787985225530416,0.004252372575086205,-0.04475984148895193,-0.021168607941390305,-0.025834792726477207,0.057320803977500556,0.013954675890464119,-0.008566157918769635,-0.000310836172209894,-0.09194786290182594,0.05908165231046747,0.031430858824971875,-0.00019000030191762551,0.0,0.0,-0.0021102175060194184,0.002510248793700043,0.0008324288906472188,-0.0013102903467723248,-0.025801985815315065,-1.2399513962702002e-05,-0.016913754872150077,0.003449468434018832,0.0,-0.00030477788586685817,0.02435483846623937,-0.0007764805882485293,0.01907958257302611,0.0,0.002233934219446676,0.08207242090900202,0.07183762472638455,-0.004150542781159117,-0.0031820159811401516,0.02238871103755513,0.014155984437140667,-0.0015180833442854924,0.005781922483294399,-0.021515922628744466,0.0,0.03272387224604262
0.01514555614820845,-0.009156192085481407,0.0035196704608809193,0.0,-0.011493943201533907,-0.0023339499760586246,0.0059474591938854515,0.018929742296647956,0.021685340074231674,0.013980529398807562,0.02074053165567341,0.02847637751108123,0.008177715773188488,0.00015540185902251924,-0.0038355263809241036,-0.0013369935985939052,0.016538849084239582,-0.001962508353975101,0.0013229252549935011,-0.004293286718464628,0.04011512368695219,-0.017351404724053332,0.0029904272551135036,-0.003262518647125512,0.0,-0.001523630630614392,-0.0001157381704837146,0.0005735234415232826,-0.0008910267756735424,-0.0014958767659997152,-0.008389932500864727,0.0047273652088735685,-0.0044472159538033185,0.004934275688949719,0.02681553278201987,-0.0045949345841317935,-0.0006427785693686738,0.027852426606906622,0.003441094031422176,0.010791749381647509,0.002244232483065711,0.013993160095689239,-0.014227435224809015,0.0,-0.0037694700176972296,0.02328402012315839,0.015273726903778484,0.0,0.0,0.0,0.011331337722427004,-0.0006274966972547591,0.002406470517991588,0.00032720306470745975,0.0070271409895513726,0.0,-0.005924855149978314,-0.007154585794170831,0.0,-0.014512643401595748,0.010125629905531286,0.022259701974212787,0.020369001464574876,0.0,0.004824111459806268,0.009938088872160966,0.013996417291745167,-0.007549567125322287,-0.005397208210714877,0.017936574873324673,0.008072408080515514,0.005582851360347807,-0.013542762968420663,0.009120521905241763,0.0,0.0004970059926693859
0.013871967798493923,-0.009003344731919216,0.015570705454296785,-0.001429118426711895,0.00712037710393687,0.0034606186754890245,0.009947626836278867,0.03574144081871067,0.02428660211991135,-0.04381988735010517,0.006363281669798659,-0.015018733085384872,0.006781050695787383,-0.0022286321039840518,-0.015084737149305638,0.0036215347219556437,-0.005456644082748818,-0.0068391459903988094,0.01900851457402364,-0.005195853180764931,-0.0013530036916876154,0.009169254727667997,-0.0013607641585048902,-0.0018937394340706182,-0.001523630630614392,0.0,-0.02592844779453579,0.00017160341028271686,0.01221102773339272,0.0441530492590671,-0.00700245533344912,0.00462804576985032,0.0015720272178117445,0.0025413623347235736,0.02747432576914499,-0.012677253218204731,-0.0037749190487093576,0.00678506594798034,0.013556014404539574,0.011750006545566682,0.015398194457163616,0.016396683005558743,-0.02448390800936734,0.0,-0.011603779422295124,0.028984138662089654,0.021273710025660197,-0.004249012335950764,0.0,-0.00031542978956927703,0.007733816223021217,-0.00701978468616693,0.032639718909978244,-0.0031543403695714067,0.0011203803405829826,0.0005134760630205459,-0.008931729860970294,0.001151770107496064,0.0,-0.0065924026161616744,0.02122958024248295,0.010100856523521218,0.016964954425272905,-5.551115123125783e-17,0.0008424947159134666,-0.007644220758533882,0.0075255147943917855,0.0033933942918628057,-0.007577532175716106,0.01614099276281533,0.01714751984588675,-0.005256518015930356,0.01070903957757885,0.009404892653786856,0.00031802250593132575,0.021144128846102173
