0.0,0.0165492800518392,0.0467847197765322,0.0,0.0005393603724023754,0.041662115422684,-0.0008847589210964069,0.04159781867715295,0.043412792496465846,0.05465102470930078,-0.0002116022218865421,0.04630620851620082,0.030540260562182175,-0.0018718039242911488,0.03576024507150638,0.008161917307087263,0.043813718733716145,0.002864045270923876,0.0,0.03349351245643617,0.046186577282289865,0.0645925621481303,0.05520079500845204,0.001816578470535235,0.0063352591214737575,-0.005542236328448413,0.04738862520450915,0.020550882816245453,0.033971806551011174,-0.005571710054459278,0.032758973687240345,0.002929601163738138,0.03402339946019145,0.03112414404754399,0.0035518747055850453,0.006184147199380208,0.0,0.027802316544982997,0.01592923586394218,0.05417221084501006,0.03488799067648857,0.016774096289257467,0.0,0.0,0.017982819629290936,-0.0296085859275369,0.031197325818982935,0.0,0.0,0.0,-0.012149535108055165,0.0,-0.0030321379422203476,0.0,0.014648921277420568,0.0,0.046839757274274973,0.0017908437482532236,0.0,0.004423099851197931,0.020849636571466046,-0.0026190820052885977,0.019463285505412042,0.0,0.049290320346826066,0.008835402787203184,0.01581925354009439,0.04697709472956629,0.0033416931920687287,0.027117791250871215,0.019407361727599604,-0.005989066518691688,-0.0007336630365822328,0.004485216515663082,0.0,0.030043262407585813
0.0165492800518392,0.0,-0.008819519323375102,0.0,-0.01808841263903621,-0.0021564029060701095,0.0069011537998633354,0.02602447159222193,-0.006062400647723953,-0.014101118683142011,0.0009414729628347551,0.006946470225324353,0.0023750817147494274,0.0,-0.001743091584754608,0.006677450900674786,-0.011106136451288329,0.010711243593531872,0.004934124532609219,0.00524951964379855,0.013909977418117003,-0.009820019302541116,-0.01696161294518783,0.014538948553790787,-0.009358039180364264,-0.014203751665935849,-0.006782137730989846,-0.007055174887252269,-0.008101742281899693,7.821621220927e-05,0.004150495487588113,-0.006767564897000866,-0.01311921330784771,0.0034948712170965734,-0.006702916934224756,-0.00025118765734011284,0.0026793050707257793,0.000578433697248637,0.024317287038099156,0.010409707713396832,0.019609238995364264,0.032393460547582686,0.004605129840067779,0.0,0.00010417996458922385,0.0015678263971550255,0.024681089377481646,0.0038562398434890954,0.0,-5.551115123125783e-17,-0.01272645333940503,-0.007437355084253472,-0.0037684127686035684,-0.002880880491445581,0.007675013292869626,0.0,0.0029934334667842677,-0.011253517100331123,0.0,0.020016017614373882,0.018070462339855486,0.02704816125476117,0.020138629968778132,0.0,0.00769851570396074,0.028975921068062682,0.017056925968236325,0.01307911151752722,0.006802891099554564,0.03534897212517668,0.025380769311159512,-0.000553763655462336,0.010733284886868477,0.004044277792328743,-0.00022077814616128233,0.01790531236263615
0.0467847197765322,-0.008819519323375102,0.0,0.051942651276549456,0.025994349323865962,0.017105793371543165,0.04871378853728964,0.054034751689063576,0.002574583129378971,0.04418862933921819,0.008074792123684449,0.016681250091723554,0.04723729429941914,0.08329214561735598,0.0018940765079651367,-0.05623930083965667,0.01930106050363095,0.003453960658544364,0.008521525918081974,0.0070445878175759424,0.0296196906708856,0.011046718693721258,0.06394254876919425,0.00035928729360373834,-0.03145841146420619,0.0004457690588084984,-0.0019708626440851917,0.03999489710691656,0.007019739227772881,0.040256781658137175,0.040845392084755294,0.033230981725086206,0.0059038374575809405,0.04246698794850107,0.03358073971332043,0.07377133582443396,0.04856235815114396,0.027829072465707316,0.028089137473850334,-0.002430737846618347,0.027317777401142163,0.02511817847503739,0.01708755473366802,0.0024567196808805147,0.0002035622904387746,0.0,0.0014673863644678597,0.1620305636837801,-0.00045191131446464805,0.039621679255608666,0.03188967831008893,0.0394895428898675,0.01170275656773534,0.064547915619529,0.03663727309942155,0.09144040303247225,0.0003072304304702622,0.054223008058944866,0.01808936668233918,0.0011753431431476002,0.0007924625619250003,0.0,0.0,0.169131314196024,-0.011709391677209136,-0.0008844909008034474,-0.008435388098740226,0.03646692547751751,0.0,0.0,0.05043327224344024,0.04665567623945477,0.030255024935750496,0.0045695273655684265,0.0057337836617876725,0.018341123250399716
0.0,0.0,0.051942651276549456,0.0,0.013156053312797511,0.000989931825665813,0.010213958735200368,0.03628141590052236,0.047579476314539126,0.08278707086246223,0.017637496876899417,0.00359364884174157,0.00168595957409029,0.024044286613650212,0.005733725208568741,0.0,-0.0004418052306589537,0.0,0.045064958718461445,0.003289417807485595,-0.0009012518988635865,-0.0007571240369214083,0.02166319296785163,-5.1940442302778056e-05,0.0,0.0034162503842731784,0.007439632740927904,0.012595216198955983,-0.0013713825702757476,0.00032044215970661316,-0.03490024797569147,0.009351243050035318,-0.0010175537772098564,-0.11431947748626436,0.00541984666168055,0.0068347816130321926,-0.021030174068643215,0.003713989060118439,0.0016428450480464596,0.0,-0.0012469472965864203,0.0,-0.0004195439859318584,0.0,0.0,0.0,0.0,8.932909705106074e-05,0.0,0.0,-0.00016400738752264665,0.0,0.0,-0.00020913091858232313,0.0,-0.00021409726962723363,0.0,0.00015743382178345922,0.0,0.0,0.0,0.0,0.0,0.0,0.0,0.0,0.0,-0.00020744059564847817,0.0,0.0,0.0,0.002069859220848791,-0.00020498487282311073,-0.0004939021612033745,0.0,0.0
0.0005393603724023754,-0.01808841263903621,0.025994349323865962,0.013156053312797511,0.0,0.005877283511267761,0.010801537252509041,0.04027107013873521,-0.0030683945806656565,0.02072836592491334,0.009318724830175817,-0.0067592864642735395,0.021213345178736076,0.0024215481543818362,0.0032376197034422183,-0.042805661863372924,0.01250374747152666,0.030566562722920354,0.04439984840075317,0.020406339172248378,0.0004782548855176705,0.0011473465804870964,0.03419014124603631,0.03358959469464423,-0.025496124133162767,-0.00803742042718708,0.01348595037367678,0.019553892940442352,0.0019616815364886797,0.006628174780354379,0.01720738245574316,-0.016273816592860257,-0.02465219895701881,0.03655271882263589,0.010425564443804547,0.010596692155542653,0.001956415023969982,-0.023218704060869677,0.05259463848865237,0.0011207866048198456,-0.0480576448936923,-0.006992592788925833,-0.04146353562156391,-0.00021988401396966228,0.025255339263381082,0.0,0.00013012590201749719,0.029321987843853536,0.0,0.012892390073485638,0.018448642256307823,0.037363031490313836,-0.0022616380958321303,0.031815473298081653,0.018625186926605752,0.015089463072278875,-0.018723039634405414,0.04192201583105615,-0.03224493736775241,0.002934677265450436,-3.503260606935177e-05,0.0,0.0,0.030013851494711585,0.005525713471468574,0.0,0.007734361363291697,0.01601948696518185,0.0,-0.0002290063267241238,0.003546986141392705,0.014722350977424026,0.02975176275883007,-0.003016321572079983,0.0043716491096412735,0.01954263569216197
0.041662115422684,-0.0021564029060701095,0.017105793371543165,0.000989931825665813,0.005877283511267761,0.0,0.025914623387045865,0.01012327731545476,-0.006454462088011537,0.01785715811818317,0.04163962760432388,0.007122362683716521,0.016458138822921964,0.04961499488180526,0.015954105829000143,-0.004952725717923712,0.017826664687455918,0.006782877440518031,0.0077157424319612145,0.007393042279699891,0.02067503211717142,0.012153613689823817,0.028210462507109235,-0.011682011549191407,-0.0081779015717236,0.002401398470542604,0.02493315069107882,0.019218892116401598,0.004475752457541504,0.020135327783518175,0.01981780413400025,-0.002559468625911998,-0.006416090401621055,0.016681979723540352,-0.0004392188872353042,0.008973290433366587,0.016774423812023542,0.004750418560208469,0.021011989587727875,-0.0222990844558279,0.0240868968902348,0.02428041196706976,0.03391717409298323,0.012059891992911576,0.002527688693722163,0.006538628891770648,0.0042693936038262215,0.02727362377871423,0.0,0.0027379695130439474,-0.006807216746058775,0.0058942805953471344,-0.010464005999480774,0.02354304353412462,-0.0096607193990641,0.021469022319143938,0.0017373609405091917,0.014425701007081737,0.002442612397320909,0.010075827639985324,0.004744083777594055,5.551115123125783e-17,0.0037533831488918423,0.021852431534111982,-0.006739790113424626,-0.004724534687083115,0.01179618570672758,0.0008117859906453528,0.0,0.00997480319845484,0.009909682507751372,-0.006063521579611708,0.007778664110703271,-0.005501718467227967,0.0050189680673478065,0.01739962101435899
-0.0008847589210964069,0.0069011537998633354,0.04871378853728964,0.010213958735200368,0.010801537252509041,0.025914623387045865,0.0,0.02672028257761838,0.044777161063217,0.009921213961935238,0.05067220978022363,0.003756325318256648,0.025705254760469975,0.011119226073197375,0.022835390125379884,0.0035984636641588907,0.00825411195719622,0.01547508117300933,0.059719280035439914,0.03205342725648874,0.027463058395689688,0.02331223176048658,0.030845935915992773,-0.014477253828701464,0.0033160593950362083,-0.0004023363616570963,0.027513242617076494,0.023825897146037334,0.012865615746554537,0.06591421646750484,0.00697587653913978,0.011304381516141493,-0.007513653083089378,0.013664924938475154,-0.028747772076351652,0.014774224845863604,0.03269212716704334,-0.008183252131017282,-0.0053107649698102555,-0.0699099187523089,-0.007038749766944297,0.00952486000676267,0.031011689279342447,-0.0004214742342726896,-0.030527395718221384,0.0006972044250289633,-0.0005998904275205108,0.026778676434587534,0.0,0.023554307755008996,0.011879783145330558,0.030341669620031597,0.004408827676203264,0.04224050025207904,-0.003911929243442136,0.03264950376264186,-0.06056969707933657,0.03400142699713049,-0.004863007442522604,0.012178544010944203,-0.0006628678508291963,1.1102230246251565e-16,0.0007769052661640297,0.047860770115186524,0.003011087269135626,0.00337473231104346,0.0032208747831984352,0.017616238219058555,0.0001517769873209951,0.0067672822883791395,0.013393845484918343,0.013094356369304783,0.023976406058979993,0.007627002888049406,0.011139010355196044,0.024317204823974925
0.04159781867715295,0.02602447159222193,0.054034751689063576,0.03628141590052236,0.04027107013873521,0.01012327731545476,0.02672028257761838,0.0,0.05654650815937995,0.026234690447644593,0.0026154482171971694,0.04395353806624891,0.0239193986168042,0.03442009480675845,0.059238687598957396,0.017144485539296983,0.028935158414645112,0.01725729667864845,0.05393572077258202,0.008460119386899168,0.01489876265255019,0.013683160130060212,0.02539868794746908,0.029056361130347597,0.021978985008687835,0.03354105511218047,0.01878273016336035,0.016676532602997396,0.010661906136675448,0.006597304354080347,0.008487281683100423,-0.00744181543281941,0.01160705130271128,0.008849704267285097,-1.3910901282387922e-05,0.053875999533047,0.006065934251828442,0.04304736785822588,0.029527279801590478,0.0038132359924202275,0.01422920132184824,0.01724493215266798,-0.04626472419947403,2.0425268481394365e-05,0.00012571223017454614,-0.005548506048656199,-9.254897744298551e-05,0.023568945656458395,0.0,-0.025735258632036018,-0.0034597052187285704,0.010429650429206516,-0.05456935406504665,0.027967919739950498,0.004692861173004326,-0.018993737879096084,-1.1102230246251565e-16,0.02401084502700529,-0.035799056581847566,0.01929952655897693,-0.0013785229498328722,0.0,1.7524256466061594e-05,0.012775388404109966,0.007472477099826957,0.020464732445364453,0.028322207473836403,0.009198066970537488,-0.002102698115829582,0.0068276851254698845,0.026618343115198895,0.008296057847065663,0.01487151186694402,-0.008658447466283303,-0.015466815144967672,0.018440159551531776
0.043412792496465846,-0.006062400647723953,0.002574583129378971,0.047579476314539126,-0.0030683945806656565,-0.006454462088011537,0.044777161063217,0.05654650815937995,0.0,0.043701331702353186,0.010578782331876646,0.01823624338125074,0.032667552319573745,0.10341799577856337,0.004618597272441072,-0.01865903684464626,0.0333416083237123,0.046559706562964875,0.016333550536532293,0.008492392577877872,0.024936772854974976,0.01317598647901963,0.047500747797258325,0.009941788304851873,-0.011392559093824028,-0.01358109902866289,0.00540567325071023,0.04612617411742098,0.006866876407164602,0.044696813449799144,0.04412574969182581,0.04670563204916062,0.03574220069674494,0.04656225529670854,0.033253963982281254,0.055107965261342706,0.05578696682791723,0.014001965922034176,0.035071873073174664,0.002045958401709902,0.0125333503345737,0.034105525666007774,0.022762487175444324,-3.9074455201126845e-05,-0.010164964170639113,0.0,-0.014629427344143686,0.057268388650654534,0.0003778499133398894,0.039482060438285616,0.029652930467451655,0.0423208747777275,0.012941838364552427,0.048328576818023605,0.044070082174427316,0.03888233393890306,-0.016525745306752604,0.05354474174253909,0.01831178955170315,-0.014136860303945176,-0.000900667563519586,5.551115123125783e-17,0.0,0.05635585865265835,-0.015123226876931295,-0.005117540463164816,-0.008574114416959988,0.030160406276906526,-0.0004579315130257555,0.0015093915282665682,0.02715451638736227,0.033646439870965716,0.03364766758710669,0.0003441033586584763,0.011267017414484326,0.03529817551878911
0.05465102470930078,-0.014101118683142011,0.04418862933921819,0.08278707086246223,0.02072836592491334,0.01785715811818317,0.009921213961935238,0.026234690447644593,0.043701331702353186,0.0,0.05480420892087684,0.02161702499922452,0.012289297824338019,0.08872639538620325,0.005994864950460199,0.01306567231043132,0.007659856114264285,0.014719530544221426,0.05279945358393884,0.010350076749390758,0.046400957752156025,0.0275359713941446,0.02319049605030732,0.03697904578106498,0.01254131940592984,-0.025163690621333612,0.009971725258517139,-0.0007225947061434423,0.012334274527316058,0.0011648763168378706,0.00924659698351965,-0.0041095043785788765,0.04086109662941356,0.025992522433101795,-0.04516885598319331,0.0022332854375668454,-0.030608722996881166,0.00742530316331419,-0.05298493797611725,0.07480774073368346,-0.043170615707247284,0.014763907045390212,-0.007110786677475001,0.0015110333800362752,0.006287459817502394,0.007374654336071873,0.004420937144530734,0.0022780498477871225,-1.1102230246251565e-16,1.6653345369377348e-16,0.0016084896239564328,0.079840642884142,-0.0008721691092051786,0.04653954063465637,0.03652543509400347,0.0019879623787680822,0.02590839381338156,0.09292748169533788,0.0,-0.003506810757968437,0.011335702529994829,0.03981918663782241,0.0379248836011819,0.00019093519021196048,-0.0028541118266631194,-0.00017969849757026868,-2.4139555518998268e-05,0.02279411381998231,0.04465003200078527,0.04006051711296332,0.027103064822559253,0.008591577835197706,0.08154026099663081,0.008861450627396128,-1.1102230246251565e-16,0.045260263828443614
-0.0002116022218865421,0.0009414729628347551,0.008074792123684449,0.017637496876899417,0.009318724830175817,0.04163962760432388,0.05067220978022363,0.0026154482171971694,0.010578782331876646,0.05480420892087684,0.0,-0.01998533073100006,0.06912162500077162,0.045645550362659826,0.0,2.4266884885160156e-05,0.030250586375773214,0.03785053642851671,0.0010343205321917681,-0.00011152741852427095,0.0046583561284326835,0.001771481616102799,0.02476101944604514,0.013757755932579052,0.03594117030893279,0.036180868951687706,0.028459680377796115,0.05950700422579508,0.0012084209518930522,0.0006472546638972565,0.06252447564298086,0.011363665917692445,-0.009168794639061117,0.06212979218179554,0.049554977780827625,0.026870272505432835,-0.007609863600916977,0.03335683156976205,0.049002705974858896,-0.016815058812931383,-0.05460649388033095,0.0006218291051270919,-0.011384266835692824,-0.002412103222898754,0.0037496836804939426,0.0,5.551115123125783e-17,0.08527331664947424,0.0001957321954308422,0.015924856092759065,0.03315058841646257,0.05682835917150697,0.028103453735449646,0.07093948947829531,-0.003341934706662275,0.1370138271467728,0.0016887452847702544,0.06706817105724538,-0.009995462464845895,0.001155031333037071,0.0,0.0,0.0,0.14120355689470376,0.005065057779010285,0.0,-3.2086478222281833e-05,0.025703155600127925,0.0,0.0,-0.0003503527357704428,0.03791589665569162,0.04392336668272506,-0.0008551562556561865,0.001713204920526401,0.03296810010574458
0.04630620851620082,0.006946470225324353,0.016681250091723554,0.00359364884174157,-0.0067592864642735395,0.007122362683716521,0.003756325318256648,0.04395353806624891,0.01823624338125074,0.02161702499922452,-0.01998533073100006,0.0,0.02230375256278827,0.0026387447539034103,0.0022272753080120333,0.01438950812533396,0.009479240255269306,0.019478367315890033,-0.011606873640171156,-0.025163221414458037,0.04036707520809013,-0.0008703864187854515,0.04866684559888129,0.0161597262492697,0.024837572471577807,0.014778576880558392,0.003260453270936936,-0.003277552642081849,-0.022929200536136396,-0.005052326706179389,0.030442947452684554,-0.015782101152763794,0.052616667840597986,0.008286425915991102,-0.03233190084143117,-0.0318787090175216,-0.06796460514464248,0.02758895472763956,-0.02821649216049843,0.08095204901803255,-0.09134657166193988,-0.11295430923847258,0.009121049181728236,-0.0010113102711815092,0.04451111910271072,0.024500947163594522,0.0024022213714921525,-0.0008767512920467291,0.0,1.0675412885352564e-06,-0.004582465344140696,0.003532897620556752,0.0,-0.0011369687392057126,0.03360900796352756,-0.002459193097271939,0.028505750127616747,0.0005626138073574483,0.0,-0.0001851382528156309,0.016978918306316537,0.034209292997018526,0.03921798259875797,0.0,0.00024401670875229264,-0.0003970419263714664,0.0008574965159536818,0.06623102431241312,0.02491613214113131,0.040007277612648606,0.026129315872402414,0.06295997814008247,-0.20498010566640282,-0.0018460134215925739,0.0,0.04527537116800856
0.030540260562182175,0.0023750817147494274,0.04723729429941914,0.00168595957409029,0.021213345178736076,0.016458138822921964,0.025705254760469975,0.0239193986168042,0.032667552319573745,0.012289297824338019,0.06912162500077162,0.02230375256278827,0.0,0.032448539633241014,0.02112006676497169,0.0036497111159790596,0.01925218466632439,0.009923928025865891,0.06977280895899562,0.01984820696796097,0.014825426987099544,0.013811434572223835,0.026150025209198513,0.020930455963427075,-0.00042901229674319197,-0.0008325879442778183,0.015864127754430524,0.02516230671063241,0.004134102211171942,0.033654330208817695,0.009994510942587354,0.015619251296465686,0.016528994837924527,0.01921885311354704,-0.010187070322828506,0.024744752516012603,0.03403139522422133,0.011714973013479124,0.04064439495187727,-0.06456340610598987,0.03431708387447141,0.02023521544567053,0.03965275383288741,0.00323960931255296,-0.0417095172684363,-0.0003130431117203125,0.00481571126886754,0.025790449725942133,0.0,0.02761793848017302,0.011823092249069633,0.02841986722284462,0.009046538534714932,0.03962243132770582,0.0075323957322427915,0.0421255922654149,-0.08524964936868712,0.027858104340863887,0.0008966374552063505,-0.008281632774992942,0.0024995223777090625,0.0002796488075964554,0.003681931046145892,0.030381193871609757,-0.005110954712100102,0.014148824640916713,-0.00013883409556902926,0.017313059632773187,-0.0008158190574631408,0.029678614997944608,0.010188543582939136,0.00859069581586247,0.021123209267873033,0.010798057916002968,0.008737837375858981,0.022656208949348833
-0.0018718039242911488,0.0,0.08329214561735598,0.024044286613650212,0.0024215481543818362,0.04961499488180526,0.011119226073197375,0.03442009480675845,0.10341799577856337,0.08872639538620325,0.045645550362659826,0.0026387447539034103,0.032448539633241014,0.0,0.0001843487628055973,0.0,0.0,0.0,0.08686233931723869,-0.0007556821621003129,0.004919793502890402,0.00029058856494812435,0.05166847536414071,0.01586895618954709,-0.0001910737086241454,0.00422813288874424,0.04919003548984868,0.021103247385735102,-0.0023603390448584394,-2.198658089214156e-05,0.020017956327546105,-0.009937272997577573,-0.0037528140301965607,0.017585942334538973,-0.0065932555536757365,0.0170798408012581,0.011672550062621745,-0.0012101660834795136,-0.006964986425449238,0.0,0.00027225113088341635,0.0,-0.053795136588998094,0.0,0.0,0.0,0.0,0.0019251268672396127,0.0,-0.025437605613137015,0.012426686711033919,-0.013015706965376184,0.008355513760062105,0.012500034632219936,0.0,-0.0030178760282962847,0.000840895050610635,0.0029348298154372454,-0.0035763051875716267,-5.551115123125783e-17,0.0,0.0,0.0,-0.007447174297743109,-0.0026151137708804173,0.0,0.0,0.022968433546954103,0.0007121399449729893,0.0,0.0,0.007017279408565558,0.01810860187613056,-0.0014541003199818325,0.0,-5.551115123125783e-17
0.03576024507150638,-0.001743091584754608,0.0018940765079651367,0.005733725208568741,0.0032376197034422183,0.015954105829000143,0.022835390125379884,0.059238687598957396,0.004618597272441072,0.005994864950460199,0.0,0.0022272753080120333,0.02112006676497169,0.0001843487628055973,0.0,0.008342062963306862,-0.0007433332920384617,0.020867407981561503,0.0,-0.019138051594333294,0.021288177863155455,0.023508932908961888,0.0013432557215147245,0.045948899886385675,0.010896313572367144,0.007725215464803814,-0.0028537353930126463,0.012680584399237638,0.0019937376668732187,0.034663407857405515,0.01613508545593817,0.011542848451863097,0.016186898383341253,0.0034041578904476233,0.007183052330925421,0.00029834940788631137,-0.0005354666588613943,0.001074713378935055,0.02031474239521236,0.020316188399606416,0.020871492456513596,0.029186312465619757,-0.011322335544436957,0.002026815191444542,-0.0411138892981211,0.0120298234913358,0.02162052459833541,0.0041014415540748805,0.0,0.0,0.006696548360072552,0.0021032496978748982,0.01367562510975101,0.00442927572918933,-6.73068440983915e-05,0.0,0.0001361376282972837,0.006948658482589243,0.0,0.030664146865845898,0.019772450849616263,0.0009500089252245103,0.001034421025285448,0.0,0.029632183658256372,0.017783410169961822,0.0340870045624197,0.02605880516283887,-0.002396397000674455,0.02445139436237087,0.009721274261614066,0.024406454652944942,0.018134675260787325,0.022080710792634184,0.011077459413490476,0.021155889726500454
0.008161917307087263,0.006677450900674786,-0.05623930083965667,0.0,-0.042805661863372924,-0.004952725717923712,0.0035984636641588907,0.017144485539296983,-0.01865903684464626,0.01306567231043132,2.4266884885160156e-05,0.01438950812533396,0.0036497111159790596,0.0,0.008342062963306862,0.0,0.015909104649783568,0.012182758642981184,0.001958165081630936,0.00445575686475802,0.01174879830958614,-0.0020280532884424662,0.007898320087376065,0.0028544808050848247,0.0031947426501349185,0.007230038402164407,-0.004182063591022578,0.0059477640972704915,0.004517796008782937,-0.004734040871371636,0.018812017315107843,-0.009983350425092963,-0.015736178104528042,0.020192822191832438,0.008476972926515225,-0.006822924301007838,-0.0006036641345859017,-0.0047928832469872895,0.027247698702153322,0.005773226721002278,0.018411438189451845,0.034478941701142796,-0.00011972654708325425,0.0,0.0,0.012823471574329004,0.026255146206067503,0.0,0.0,0.0,-0.010223711051173534,0.0014406626810226641,-0.003155991269799041,0.0,0.010426528182288342,0.0,0.006259727837448936,-0.017263232072015577,0.0,0.013602381415522835,0.010076722392744264,0.007797199717637038,0.008829547540655569,0.0,0.004734049665098328,0.06315507661104891,0.014823200201291686,0.011028217483285752,0.011143070043937053,0.01980989521742388,0.03422309179028382,-0.004760266991505391,0.0028291307537392507,0.02547815742177606,0.0003037035444425351,0.008717601839934919
0.043813718733716145,-0.011106136451288329,0.01930106050363095,-0.0004418052306589537,0.01250374747152666,0.017826664687455918,0.00825411195719622,0.028935158414645112,0.0333416083237123,0.007659856114264285,0.030250586375773214,0.009479240255269306,0.01925218466632439,0.0,-0.0007433332920384617,0.015909104649783568,0.0,0.014487816043871726,0.038835107709976946,0.0006135079293745904,0.03423855914768803,0.018829438744864035,0.022233228443473807,0.04074520688853528,0.0027895190766873412,0.00644387568959931,0.0018368050903810884,0.004723343985732764,-0.011431207666004917,0.0024652459511571023,0.029737431853604,0.003909626172349356,0.03041413939051113,0.03844861667350452,0.03721856700928117,-0.016491261902205456,0.002326117324757293,0.02938376300434653,0.03632024110822141,0.06129554890079114,0.03029177089968582,0.0687478191770523,0.0,0.0,-0.015272971672728286,0.003021478592515836,0.017795250692940023,0.0,0.0,1.6653345369377348e-16,0.0017655246695550408,-0.0002892420450458233,0.0,0.0,0.02048510524930791,0.0005133269866426926,0.007572219715606454,0.0002973190077250609,0.0,0.0,0.00968960518696066,0.022565932124005206,0.027572600899861632,0.0,0.0003199395754625578,-5.551115123125783e-17,0.0038039274930964373,0.0023245457534671887,0.03288390172250977,0.026962115878442328,0.016385562148780064,0.0,-0.0004522561327549024,0.001486724548409868,0.0,0.02349822240908772
0.002864045270923876,0.010711243593531872,0.003453960658544364,0.0,0.030566562722920354,0.006782877440518031,0.01547508117300933,0.01725729667864845,0.046559706562964875,0.014719530544221426,0.03785053642851671,0.019478367315890033,0.009923928025865891,0.0,0.020867407981561503,0.012182758642981184,0.014487816043871726,0.0,0.034963632813172885,0.005304470364327518,0.017493367925905334,0.02299896219500791,0.013841074623768435,0.015425692839140248,0.01477423252059279,0.002499136840161953,0.006160652717020376,0.012590454213756153,0.0033245327067678576,0.00718711706529962,0.027762600719455632,0.007768271198552501,0.006697032445620921,0.03710275420722603,0.02044398617059251,-0.0016296252551510904,0.0,0.03837629375869234,0.01299994159360146,0.022237486119751737,0.018726223622206717,0.028746663093485947,5.551115123125783e-17,0.0,-0.0007739590465195567,-0.030047893530142478,0.023833009788330195,0.0,0.0,0.0,0.00044343225669452035,-0.000370636967122806,-0.0015910333195120474,0.0,0.011479177870350854,0.0,-0.004285877287492135,0.006077691538690255,0.0,-0.001103869171412697,0.009387806277194266,0.01843836330249954,0.014562049287096868,0.0,0.004298848734157701,-0.0025591370497434762,0.01919371222571381,0.009185785638973598,0.026434735164574508,0.016240377552111385,0.014747996462527002,0.032135792964645304,-0.0030307722893004874,-0.005233392536078019,0.0,0.013058815361042475
0.0,0.004934124532609219,0.008521525918081974,0.045064958718461445,0.04439984840075317,0.0077157424319612145,0.059719280035439914,0.05393572077258202,0.016333550536532293,0.05279945358393884,0.0010343205321917681,-0.011606873640171156,0.06977280895899562,0.08686233931723869,0.0,0.001958165081630936,0.038835107709976946,0.034963632813172885,0.0,-0.0005101302874994107,-0.008632034820080792,0.016549697061307767,0.10136962314859443,-0.031123761316092458,0.018766854458812654,0.023507165062124136,0.0021034438320340354,0.06359011217235155,0.00812967032482903,0.008323074301386846,0.057335233638953154,0.05188895235583507,-0.0008799512035700952,0.06235802833712395,0.047703236705172514,0.08255448963028389,0.06446923502520657,0.008255669183726333,0.04633728363184564,-0.031730159519031575,-0.012135987159642259,-0.00012332437599471557,0.00800267281073691,5.551115123125783e-17,-1.6653345369377348e-16,0.0,5.551115123125783e-17,0.12238701517234751,0.0,0.0232569944240667,0.03947455832816771,0.049746450060752734,0.018817072748902597,0.06059857058737317,0.0458133504057614,0.11424888903345576,0.0018613198914668172,0.05678973510209784,0.013263895424209637,0.0021157717958452116,0.0,0.0,0.0,0.05471945474815165,0.0027713697701596263,0.0,-0.001959365706270255,0.038698817924350704,0.0,0.0,0.001134800990817919,0.04328590268716681,0.04719388317238271,-0.0033806560131944274,8.624026907400051e-05,0.026750874630870003
0.03349351245643617,0.00524951964379855,0.0070445878175759424,0.003289417807485595,0.020406339172248378,0.007393042279699891,0.03205342725648874,0.008460119386899168,0.008492392577877872,0.010350076749390758,-0.00011152741852427095,-0.025163221414458037,0.01984820696796097,-0.0007556821621003129,-0.019138051594333294,0.00445575686475802,0.0006135079293745904,0.005304470364327518,-0.0005101302874994107,0.0,0.011839706892003199,-0.00713066136869267,0.020619206089911912,0.039432411685104196,0.0016089529234916133,0.0003233367801263598,0.008106666649878913,0.02123364410572187,0.0041919416871304405,-0.014185049069153521,0.0044876574131176294,-0.005759029952792871,-0.013307409007259352,0.003338137201577218,0.0005637735070202488,0.003421452393300606,0.00012016261879138623,-0.0052214902319271395,0.008876239999434543,0.0006421095459176462,0.01715319144202032,0.016348947453891927,0.030199422027276435,0.0002009235135305154,-0.04535820726520934,0.0053817714090017565,0.0195553986589434,0.0005453710859654182,0.0,0.002081182182862351,-0.003408280564573929,-0.005095486213161027,-0.006173228064859426,-0.03902867886178463,0.003990336716006571,0.0014604055888846057,-0.0006079650578314499,0.009142126080848578,0.0,0.00792813629845962,0.005913244299314391,0.0018319882698842327,0.007945052555445142,0.0018348125181666397,0.0006685538880257247,0.005659136689111666,0.01136810717143194,0.004165199317388402,0.0002587499858486275,0.010882869482776059,0.02187849359014482,0.00565293740752465,0.003504747683079734,0.006220306157518951,-0.009544699676969193,0.003988389751660271
0.046186577282289865,0.013909977418117003,0.0296196906708856,-0.0009012518988635865,0.0004782548855176705,0.02067503211717142,0.027463058395689688,0.01489876265255019,0.024936772854974976,0.046400957752156025,0.0046583561284326835,0.04036707520809013,0.014825426987099544,0.004919793502890402,0.021288177863155455,0.01174879830958614,0.03423855914768803,0.017493367925905334,-0.008632034820080792,0.011839706892003199,0.0,0.028282087742938167,0.03694115384373431,0.038801712518633624,0.01022344058095409,0.01912769647632051,0.022333228086832135,0.01483114553364262,0.012256616312066482,0.00587188387935772,0.005370626823628266,0.012078098846625751,0.06055069235854982,0.009742910405255822,0.003653974649131586,-0.006802394744187423,-0.004858313861944297,0.025823119702712727,0.018722925197678986,-0.04481626771125252,0.024828100565384537,0.008099930978887615,-0.009327556575673135,0.0,0.001384338043570743,-0.024784206029095257,0.030633813446717006,0.0011227476246399304,0.0,-0.00034979669492207766,0.009160462682784032,-0.001075412328159886,-0.007259218581616822,0.0018595907975517134,-0.0001204707015050599,0.0,-0.001401261232386486,0.02086848286207027,0.0,0.013340423308657534,0.010532429904654361,0.0,-0.003504106470538393,0.0,0.010491437504646928,0.0030333560873798127,0.022465788792512875,0.015108243448632042,-0.004588983414597625,0.030458130963223196,0.008594134771396034,0.012051960557845798,0.011163121677569554,0.018897735463359266,0.0029350311038203736,0.01992634321657938
0.0645925621481303,-0.009820019302541116,0.011046718693721258,-0.0007571240369214083,0.0011473465804870964,0.012153613689823817,0.02331223176048658,0.013683160130060212,0.01317598647901963,0.0275359713941446,0.001771481616102799,-0.0008703864187854515,0.013811434572223835,0.00029058856494812435,0.023508932908961888,-0.0020280532884424662,0.018829438744864035,0.02299896219500791,0.016549697061307767,-0.00713066136869267,0.028282087742938167,0.0,0.009040019119813059,0.07482279137761433,0.004429509197043213,-0.010411271211841266,-0.0005971919669122139,0.01408387423398444,0.01015749810973171,0.016776209132823294,0.015366524759462652,0.007055134766953963,-0.0026864602359072953,0.004335631683917263,-0.004590356589876943,0.011098245945531993,0.0016664262089912674,0.018684902454390362,0.02995169311984419,0.01633849133331522,0.028043003728371263,0.03324377894775493,-0.024031923461723947,0.0,0.0014772630698609013,0.05865252100578644,0.025748831966330932,0.01562346713845758,0.0,0.001306290975520763,-0.00026499048847600237,-0.005055381697432526,0.00012684706487936515,0.0015430641332587203,0.0009371764190816423,0.0,0.002796204115719514,0.009015443024962544,0.0,0.02349612704687093,0.025359652959586587,0.006594922758610178,0.022411217448245424,-1.1102230246251565e-16,0.013581126731245896,0.033851895744098304,0.023529858587129526,0.02672552169808673,-0.0018002934065247667,0.021893939116589878,0.017753550176851596,0.01269532807432977,0.018781447885368563,0.015241955002012142,0.0025617516143077723,0.02672368458497254
0.05520079500845204,-0.01696161294518783,0.06394254876919425,0.02166319296785163,0.03419014124603631,0.028210462507109235,0.030845935915992773,0.02539868794746908,0.047500747797258325,0.02319049605030732,0.02476101944604514,0.04866684559888129,0.026150025209198513,0.05166847536414071,0.0013432557215147245,0.007898320087376065,0.022233228443473807,0.013841074623768435,0.10136962314859443,0.020619206089911912,0.03694115384373431,0.009040019119813059,0.0,0.041439499488863996,-0.003878642641485186,0.015422576505602192,0.007836147493066381,0.01545202720246891,0.01611356094572225,0.010630853574877142,0.01032990262176231,0.00404921152757598,-0.020943919650479315,0.008868216728573797,0.015829013043449747,0.04161443360314743,0.02403113963599035,0.00854246562903982,0.020538525013652498,0.02216453354627712,0.019070770611858467,0.031682505550126416,0.019682815636495543,0.0035732308839673266,-0.021155633971096044,0.009790834864650877,0.020961771006285657,0.05777077384129681,-0.00010890936798518824,0.01455095454477462,0.00015116458595232363,0.018031289938546524,-0.007591747051837405,0.028074112545939722,0.018643608583207794,0.032360668770891055,-0.010198881472890664,0.021702651629474157,-0.027699796478354966,0.020766872389907987,0.024902382481224505,0.004358616949694416,0.01098014161083466,0.046400515891282135,0.014263929560180133,0.02173168441197676,0.018470620797749526,0.014958544114930139,0.0007371860671934738,0.03244476522751538,0.023392792264092632,2.189034838528947e-05,0.011113350691579149,0.005588804800425173,0.0032204978865135736,0.0135361853640249
0.001816578470535235,0.014538948553790787,0.00035928729360373834,-5.1940442302778056e-05,0.03358959469464423,-0.011682011549191407,-0.014477253828701464,0.029056361130347597,0.009941788304851873,0.03697904578106498,0.013757755932579052,0.0161597262492697,0.020930455963427075,0.01586895618954709,0.045948899886385675,0.0028544808050848247,0.04074520688853528,0.015425692839140248,-0.031123761316092458,0.039432411685104196,0.038801712518633624,0.07482279137761433,0.041439499488863996,0.0,0.01022744467314357,0.00821685544888634,0.037333022346717815,-0.01528962425717656,0.03128429950402428,0.0015621050468879183,0.0340407437603103,-0.021580309125331043,0.03947031462611306,0.014810638210487392,-0.014779046155871611,-0.021792800857988404,-0.043649157586454795,0.043286259659792325,-0.08440771915059028,0.058939037763612756,-0.07751165496244794,-0.13060714863319528,-0.00550098123103876,-9.388775918101055e-05,0.011675296418401648,-0.01488131011536975,0.04779845866768806,0.00023361408000854844,0.0,0.0,0.02567323163568941,-0.0009027083908854094,-0.000819784407227353,-0.00032618517034010974,0.02529667114853501,-0.0008967857305446358,0.0020329749603482106,-0.0026422989670411012,0.0,0.0006795960602085094,0.03083396131675442,0.023257352677862442,0.026353109345122694,0.0,-0.0017689080906587717,-0.004276385683641748,0.009383983991475386,0.0003234787458656352,0.012347945930481719,0.029266668301951626,0.014044288309682629,-0.00047085731243778906,-0.1745938964710722,0.00014399697352790453,0.0,0.007429356345198201
0.0063352591214737575,-0.009358039180364264,-0.03145841146420619,0.0,-0.025496124133162767,-0.0081779015717236,0.0033160593950362083,0.021978985008687835,-0.011392559093824028,0.01254131940592984,0.03594117030893279,0.024837572471577807,-0.00042901229674319197,-0.0001910737086241454,0.010896313572367144,0.0031947426501349185,0.0027895190766873412,0.01477423252059279,0.018766854458812654,0.0016089529234916133,0.01022344058095409,0.004429509197043213,-0.003878642641485186,0.01022744467314357,0.0,0.003167917289362332,-0.010920959011549602,0.006804032840080132,-0.008500380341554648,-0.004583835091984623,0.026107566635014845,-0.001403407078370278,0.005056282577676596,0.027560384009081118,0.016625263993191974,0.0027014765540873675,0.0014849991523405714,0.0152715544238603,0.018259842870082865,0.027746139493689537,0.015857543274786223,0.03059221949680424,-0.001144354548078208,0.0,0.0008559940948486,-0.0038215341106794254,0.026913062288418554,0.0,0.0,0.0,0.0025407221037438976,-0.0010054327461152535,-0.01115175473791652,-0.00015291306502235313,0.011883569173449293,0.0,0.0032121387773958454,-0.002811287041800281,0.0,0.01876185575491629,0.015205199178336237,0.022798760816424957,0.016660193807187806,0.0,0.0011952147837266947,-0.006236197543156241,0.017775481680150196,0.01469167795438392,0.029812178325383076,0.020792503323211642,0.02140473727501574,-0.004327468881686725,-0.0048740389705116405,-0.0037635844866957813,0.0,0.008216897614857499
-0.005542236328448413,-0.014203751665935849,0.0004457690588084984,0.0034162503842731784,-0.00803742042718708,0.002401398470542604,-0.0004023363616570963,0.03354105511218047,-0.01358109902866289,-0.025163690621333612,0.036180868951687706,0.014778576880558392,-0.0008325879442778183,0.00422813288874424,0.007725215464803814,0.007230038402164407,0.00644387568959931,0.002499136840161953,0.023507165062124136,0.0003233367801263598,0.01912769647632051,-0.010411271211841266,0.015422576505602192,0.00821685544888634,0.003167917289362332,0.0,-0.004218180569255048,-0.000597865715204926,-0.009125113527053197,-0.02797583903191847,0.019914869446573447,0.00351994197767197,0.006895045762125518,0.014272827386178688,-0.0007396308835982968,-0.01768607570037717,0.0028544782052378204,0.017955649028163156,0.020786007120385697,0.04007708595415754,0.01633391336998008,0.029195387701603903,-0.004637268031257913,0.0,0.017578804370546208,-0.008912191149480275,0.028270234472142053,-0.013016125271470391,0.0,0.0007012631271940406,-0.004182512498284885,0.00027357861407262263,0.007545950985539451,0.0033027609086822562,0.019608321156628528,-0.00037058467451245303,0.012081344104842129,-0.007778565593053732,0.0,0.006570245307547462,0.01681250996216721,0.02087383266030518,0.018583642047427795,-5.551115123125783e-17,0.011766410523355975,0.016633400441853685,0.020933437112103326,0.021470510096725737,0.026114741298135458,0.022360933593780274,0.01651220345647675,0.012331463551979005,0.01850003713654047,0.010668818678918224,-0.00021404991117579542,0.02436512727062007
0.04738862520450915,-0.006782137730989846,-0.0019708626440851917,0.007439632740927904,0.01348595037367678,0.02493315069107882,0.027513242617076494,0.01878273016336035,0.00540567325071023,0.009971725258517139,0.028459680377796115,0.003260453270936936,0.015864127754430524,0.04919003548984868,-0.0028537353930126463,-0.004182063591022578,0.0018368050903810884,0.006160652717020376,0.0021034438320340354,0.008106666649878913,0.022333228086832135,-0.0005971919669122139,0.007836147493066381,0.037333022346717815,-0.010920959011549602,-0.004218180569255048,0.0,-0.002076189681734897,0.007828861307029589,-0.0034425347012205787,-0.006513170849035799,-0.007084171785053384,-0.04006849546911678,-0.00483889475308652,0.000893974768799044,0.01151501119314663,0.017092787400771636,0.007130843602089931,0.012392753413668134,0.0018340716814109759,0.015172229208025967,0.027877851496639017,0.030752137356443998,0.006031499408206464,-0.020436539211317883,0.0029127380340454034,0.01786311095034354,0.045648881140980646,-1.6653345369377348e-16,0.015200902888705792,-0.002085541639492039,0.01281499364929517,-0.02077736639391159,0.039475733431774795,0.0024750815642763935,0.024777406324697382,0.0011413940112553478,0.014205483777411487,0.03218258075787683,0.004672517640250284,0.012389676384658876,0.00014308892126435602,0.013456999631348499,0.04285133479088232,0.003976787528580772,0.008185335853953368,0.003724371896294709,0.004114025989112813,0.0026809854403483935,0.014673176716850422,0.005954890368383536,-0.002650228962455148,0.00648898427081912,0.00100384662766706,-0.0031152826426060765,0.007587775238112937
