0.0,0.05324344426383476,0.03156621453624714,0.0,-0.0008088256885057099,0.05486029460676933,0.0071422169705187555,0.05969313094119377,0.00997697536538883,0.017980538209572294,-4.9604334802388905e-05,0.028894894176026475,0.06510834987150571,-0.00010639675862061937,0.03966818502106334,0.05373241406566276,0.057033791939344936,0.053838238854663156,0.0,0.03419637948797166,0.005711970093635388,0.05952776707754126,0.03807415672589248,0.00016665171591789818,0.05012985120477981,0.03214528496696495,0.035984702208314234,0.07173162842642195,0.060326737471024405,0.009990964308958905,0.0337849574293031,0.04779329677933697,0.07559076470952769,0.040215947329923896,0.01610478657227027,-0.0036085901346301075,0.0,0.04071806038727477,0.042738327672399434,0.08826065419710216,0.061284632416562346,-0.005032895856434461,0.0,0.0,-0.0013760345932204432,0.02466489843604802,0.08448827582852592,0.0,0.0,0.0,-0.002131125957490765,0.0,0.0008208920060069902,0.0,-0.001072961317549359,0.0,0.0612308198667994,-0.0021181030791226907,0.0,0.0031933094439865473,0.07423683316646429,-0.0003719769557821162,0.0572605950741602,0.0,0.005795472304836069,0.011594531526480767,0.0653262605783338,0.1477541831590627,0.008746012286613425,0.059541890662523356,0.053453744754941246,-0.0015443665925845562,0.0005786255522475248,0.0035199534249227282,0.0,0.05724615280301687
0.05324344426383476,0.0,0.05230858013018297,0.0,0.04563292541918573,0.027671376684157256,0.038114994728625506,0.05789673830940456,0.04379316235690145,0.08214755902889104,-0.0009575851195535723,-0.0036890600035922594,0.03175623546417228,0.0,0.039728232047986756,0.04052680274081272,0.07196594829509317,0.04452700993288189,-0.0027334709593138107,0.017520893798993187,0.046248858836020756,0.031174173847272668,0.041207453883857936,0.03572586269049993,0.028248225752839307,0.004164020973806748,0.02808824063235954,0.019825032817460675,0.013013853081651594,0.002574951504402234,0.043359886740726494,0.04592051999762281,0.052547411820686896,0.043697299923439625,0.023404778685149452,-0.005298020192406716,-0.0012213261865706704,-0.001396951739940533,0.05616250502522396,0.06668349010477165,0.05650623027461016,0.05406755760094217,-0.006207685576788524,0.0,-8.216468124688792e-05,0.061031596623897844,0.07362079110704872,0.058654434750880835,0.0,-5.551115123125783e-17,0.057572085963621344,0.06763420256216734,0.006702370804009261,0.0011578881030343546,0.00019016308359665057,0.0,-0.0018422742225505107,0.061296376038597944,0.0,0.031993596145363234,0.06724987325331183,0.06236261583063418,0.07354800722062677,0.0,0.048274999861488366,0.04506989295223718,0.05021614864347018,0.05343160786999879,0.001757590221922567,0.08481577259468442,0.06987640702812198,0.04786211835850496,0.06218659544934041,0.060292234654422294,0.002258848283379966,0.04987870300551561
0.03156621453624714,0.05230858013018297,0.0,0.023219280011868404,0.022526851041042628,-0.0033383149079066476,0.0438348034562106,0.017179274527301003,0.0019838814985935205,0.044114359803927417,0.004440103327722322,0.0014889707185700152,0.04305486427933636,0.04191361466378135,-0.00383502283808701,0.0629573553245461,-0.0018572112509456784,0.03971521092553276,0.01779952904493881,0.03684824323309388,0.003336354942201969,0.036762848569883766,0.00972074491305197,0.0012477119639905943,0.04756945240014315,0.038122579545863344,-0.003399955630829621,0.04046466043555119,0.04358933476787569,0.06406884450132866,0.049290931465824084,0.03528906548203131,0.05438551263734964,0.03617976650257171,0.02349881680915783,0.05366872265741207,0.02381884787057037,-0.00027541320954632686,0.04176985912125375,-0.0007862338197924812,0.0388212308737953,0.003021762045524845,0.02303036995639829,-0.0022451306960910022,2.4617145993666156e-05,0.0,0.0008187197832346671,-0.020487002616896288,0.0003564135316356243,0.060856076513956525,0.020691426303566796,0.051673430868004244,0.02711573256012445,-0.12253142242272913,0.002094640407703241,-0.05713770097723775,-0.0010282091971934304,0.0501274320260382,0.03223256305655087,0.0365094159239272,-0.0006249995770067351,0.0,0.0,-0.03703777694521648,0.05034827620379917,0.0009914963879484318,0.0497182990703251,0.03335854984108255,0.0,0.0,-0.0003459581529616784,0.03620082512411016,0.03547682931785734,0.04509639317519021,-0.003225523921453588,0.036349555958471336
0.0,0.0,0.023219280011868404,0.0,0.059864349297155894,0.03233994805516688,0.05843664851041808,0.012243741070135095,0.0438236922529297,0.12257415119733339,0.03756306301818846,-0.0003150145284599448,0.029513186132438585,0.022342389335746504,-0.00260211813505995,0.0,0.00047823795604418073,0.0,0.07418337843225747,-0.00044265199649906606,0.0005708154430617007,0.008236620919415683,0.04655058910061255,-0.0032444673025587845,0.0,-0.001353166055356625,0.02469326377629838,0.0374324598469129,0.000525419182982767,-0.0002527264048729494,-0.01185353579580245,0.012228833971933306,-0.1333316629455147,-0.08976374619236699,0.022294406510516007,-0.007058430073117183,-0.0008524124669073707,-0.004182067283755642,-0.0019446267978409648,0.0,0.000983442714344751,0.0,0.0004654507431131605,0.0,0.0,0.0,0.0,-7.045209522005269e-05,0.0,0.0,-0.00041675601939766826,0.0,0.0,0.0001649374266153858,0.0,0.0001688542896338685,0.0,-0.00012416494702549574,0.0,0.0,0.0,0.0,0.0,0.0,0.0,0.0,0.0,0.04073341287475912,0.0,0.0,0.0,-0.00038701079305669683,0.00016166752218033098,0.0013450825042984338,0.0,0.0
-0.0008088256885057099,0.04563292541918573,0.022526851041042628,0.059864349297155894,0.0,0.02781335595281198,0.0160863754178725,0.0355315427624171,0.007247643259614467,0.04524070416075188,-0.002142718050125003,0.060813155362589744,0.01889968640733003,0.022558529796559146,-0.0022456940953788362,0.02767230163923584,-0.0015637008753256465,0.02994761461901435,0.025578291767854644,0.03955638582256943,0.08200996925803011,0.032596954614825424,0.046877425629783365,0.06229619672499942,0.01924424098396743,0.04258053094118924,0.028141907235732122,0.051389605045307374,0.030291779941214347,0.03769789023522763,0.052542265347198025,0.04416678182363071,0.03690701313629541,0.04600433595176917,0.03510680626283086,0.02709823273100792,0.1351634510686469,-0.006452797924221265,0.023063554274729337,0.0021774104567846564,0.029031348306416294,0.005957216964853185,0.030503175646123037,0.00017341818064908754,-2.0356667763898884e-05,0.0,-0.00023646281585804063,0.04698880282630469,0.0,0.04589001253269154,0.03115547761933446,0.03210312816648264,0.03399983381332772,0.03652557273173096,0.0016302664963363522,0.06273601134298695,-0.00014954279374140844,0.04390352624605243,0.026227871380215872,0.043538852121842164,-0.0006067338806922118,0.0,0.0,0.04620859384975373,0.044198859714953465,0.0,0.061944149075756794,0.033065782974906366,0.0,0.00011908423304796134,0.03709190946800617,0.03529001745677007,0.04269960751795088,0.046804857192636384,0.0006063873743946679,0.03653114157684356
0.05486029460676933,0.027671376684157256,-0.0033383149079066476,0.03233994805516688,0.02781335595281198,0.0,0.02912485150092331,0.03741175191971602,-0.003956427403840723,0.04262256363263034,0.01834908874269725,0.07310494440167181,0.029714897813519492,-0.0029675508987017096,0.010273164523239564,0.01793620670043411,-0.003589485200811704,0.03175507117109383,-0.004522671855952842,0.019112729078971324,0.04387037549782047,0.015304186071634807,0.015068000617394606,0.0527161615056998,0.023525723889789407,0.03261286710977773,0.008434194058869193,0.012404787366464443,0.013951428481777106,0.04155160490572807,0.04454928751683046,0.035744653992738296,0.045645679153817065,0.04150737138127453,0.03610387990373859,0.03339307503102662,0.03777316046928042,-0.0037576702670551465,0.0362468609387262,0.03397110193698294,0.04312274259038551,0.03679841409484641,0.03077529546630703,-0.0030274916439094746,-0.0020477469325762554,-0.0009937167120496748,0.04896201762680141,0.03567931706524019,0.0,0.038129199586400486,0.021030276380949786,0.04725032873351598,0.02664667210351085,0.04180833964294439,0.02327788312066381,0.030791280252468578,-0.0015857880262695745,0.04460472549042127,-0.0009337006197248643,0.03938424549608588,0.058509713201722324,5.551115123125783e-17,-0.007801916831582156,0.04031903334036602,0.0465428159114038,-0.002714090106862743,0.04347426453985459,0.02588095018510239,0.0,0.06302606675031702,0.0423559063636314,0.030173172865735287,0.03824739591516835,0.03588087811084295,0.023925605362382196,0.04167807546145019
0.0071422169705187555,0.038114994728625506,0.0438348034562106,0.05843664851041808,0.0160863754178725,0.02912485150092331,0.0,0.05566380819421696,0.030189658846178247,0.0217894042561112,0.05022263419925088,0.0402756177412219,0.0008781831626292202,0.03744932355223202,0.002017271624007999,0.034315675019542136,0.02878695799391129,0.04025772613243406,0.04988324054866283,0.038968453531977365,0.05875537292645122,0.037271333810928675,0.04347311187642933,0.024795778955836012,0.036321880519520566,0.04438934589635446,0.0390012352234505,0.015521630576540935,0.033647026172823113,0.037324031650971035,0.014552808189866151,0.038545061797403635,0.027420599497575693,0.021456336049226976,0.01832295510915133,0.05541785725317677,0.05380221787485018,0.03271461947478432,-0.013642035168835664,0.08034162870491862,-0.02344106137252333,0.01038398914619909,0.04609236389104804,-0.000689559745189583,-0.001770825666578657,-0.0004718448867725433,0.039884633756252064,0.033409119120295316,0.0,0.04921622540877413,0.03076233430923503,0.04560155554135503,0.03686763966469486,0.030348274976218503,0.0043482584942719504,0.03223105776283092,0.0012308152979784714,0.044392296335635684,0.0008600839048163444,0.0434547540091309,-0.0004308744156523159,1.1102230246251565e-16,-0.0008076729063096755,0.025411644098946806,0.05103020869307223,0.0033642002037682084,0.054611690373402244,0.02899997215193162,-0.0022895160473797582,-0.002163667024821625,0.04936679967395652,0.0289589745062242,0.03957880337757391,0.04220149004188922,0.0037275310759739,0.0429265554404753
0.05969313094119377,0.05789673830940456,0.017179274527301003,0.012243741070135095,0.0355315427624171,0.03741175191971602,0.05566380819421696,0.0,0.0512137380465037,0.05825830050252889,0.051417225015808865,0.0511012856108769,0.059309689757220174,0.02043918787643567,0.04370429420290983,0.05208045438269637,0.0020022124515134965,0.059161040831493594,0.0778604203770395,0.04839749351303596,0.06251006042751478,0.047116763389235705,-0.0021368943061362278,0.04913223560417168,0.062006125691085434,0.06084152724769981,0.03434045322190876,0.05722955061955681,0.04689888714831175,0.07599212946205164,0.0663597861273516,0.02392161904069018,0.07952511419598463,0.05960103493360508,0.045352956657211896,0.014349278159428713,0.0707851556987476,0.002772015001010042,0.038469690769783405,0.04868898983403902,0.05611293541404938,0.0045792109867091035,0.0429296147333183,-1.610900599530174e-05,-3.6203863018946514e-05,0.005693519041816697,0.08291950207835219,0.06432046012841952,0.0,0.06979092452729391,0.04371180120991136,0.060974307257775195,0.09102345305209392,0.05713438217260414,0.0002800978199821169,0.041046320697504746,-1.1102230246251565e-16,0.06746802928401457,-0.008159181752992406,0.050307850589632,0.005183493144700901,0.0,-1.822606241946856e-05,0.05320751897698239,0.03773262178217257,0.06013578829058147,0.053000859758980945,0.05222162610528619,0.0019197365487355622,-0.00212963922699827,0.06538110546573878,0.04355140368279231,0.054751143468655616,0.04736076991963567,0.018406962301583896,0.05053991086875531
0.00997697536538883,0.04379316235690145,0.0019838814985935205,0.0438236922529297,0.007247643259614467,-0.003956427403840723,0.030189658846178247,0.0512137380465037,0.0,0.042413155310516815,0.002641820280905205,0.05144110765992049,0.013355611194585282,0.04839112212732399,-0.0020742900308995393,0.03507139974885687,0.03827425195678025,0.03600211643824158,0.02962943411548613,0.03271198609991566,-0.0004941612911298354,0.03518987936010559,0.045102306294867944,0.05731123930925219,0.048526508491143816,0.04372816443705729,-0.0019371062590634591,0.011666661337268014,0.0351220807953419,0.038425924331348615,0.047078059544367445,0.03802628320721796,0.059936678765419416,0.03887611205343966,0.03367198717610864,0.043679140925092785,0.024994268158250288,0.04727555598021388,0.01129700523816246,-0.0068348216582279075,0.052107344736007755,0.0013631955377688687,0.031048508585567514,-0.0003752381290943463,-0.0034939421722532393,0.0,0.0023591068299744777,0.05920382525195378,0.0002451757836110513,0.03220041557200626,0.02224627121510181,0.027096693288593432,0.024166594643963535,0.029256269735621343,0.001552989019680595,0.06283821855040395,-0.0035573876290567186,0.02734108504617172,0.028776771972837345,0.0007596454482506343,0.0012781816609797603,5.551115123125783e-17,0.0,0.0512808258907016,0.053353364875427245,0.007108399019960299,0.07740564113933446,0.025061257090769007,-0.00015094183765096414,-0.00029716062420676037,-0.0024402033105135335,0.0255149475752513,0.034438332519609816,0.03269073633260644,-0.002342124599642781,0.04846602611987694
0.017980538209572294,0.08214755902889104,0.044114359803927417,0.12257415119733339,0.04524070416075188,0.04262256363263034,0.0217894042561112,0.05825830050252889,0.042413155310516815,0.0,0.05077464517104935,0.024461820651676347,0.018380652770059513,0.04516138205255149,-0.005239552993388408,0.022886748638982934,0.01892631893623259,0.018723931613340905,0.059912244044795226,0.023518066973771123,0.02695769753116839,0.012251797674867282,0.04964885655030343,-0.006347450476666516,-0.023181934372246582,0.0468055525236174,0.0464534992253951,0.018400172498806988,0.05478710255899916,-0.002229149212597703,0.006973895028800747,0.02969355604403484,0.018792676697457877,-0.007749734428346866,-0.014702607581791316,0.06555282807487639,-0.061981619919075054,-0.012433136357535957,-0.04796946401747282,0.06631287347900916,-0.049310847824105386,-0.06335369149040793,-0.010502731978378366,-0.0024516690600604463,0.0692751805760452,-0.002863057268168545,-0.004026474566962035,0.0018209082572575586,-1.1102230246251565e-16,1.6653345369377348e-16,0.004163170373032821,0.0056242767772611835,0.0009452033929299164,-0.00021104637085433975,0.049462260229817256,-0.0015571641043758966,0.05095219796701339,-0.0020637615367359863,0.0,0.0009294235545929674,-0.004243175192781945,0.047289521307919746,0.04880571446094356,-0.0006754235551419963,0.0005229311226951361,0.0006498586908785797,0.004028744151994279,0.03496420072227657,0.03377385363953983,0.05622144277171204,0.04984408111269728,0.043886500994877564,0.0043792169696799665,0.003240299790546186,-1.1102230246251565e-16,0.03721189948631254
-4.9604334802388905e-05,-0.0009575851195535723,0.004440103327722322,0.03756306301818846,-0.002142718050125003,0.01834908874269725,0.05022263419925088,0.051417225015808865,0.002641820280905205,0.05077464517104935,0.0,0.055312359310680626,0.05216245703838013,0.00813168027088762,0.0,-1.9138813007690825e-05,0.03415271048213875,0.030685018935607267,0.003949844455514717,8.795947310491492e-05,0.003232273685944531,-0.0019359502173071363,0.00027260542555579415,0.04129952414734639,0.029391122968026817,0.0317989734646944,0.032276042702240215,0.04457825268281257,0.07716188648741551,0.0037153260721402015,0.049253961191104534,0.0193931274325988,0.01141133325164767,0.042481492621696926,0.036415344686562934,-0.002268165060582028,0.09182613407154006,0.02781444676291911,0.028182418853252178,0.0026870626673207165,0.05235903865620284,0.0007982668317234043,0.0336691488416489,0.002820294578481708,-6.59656359757177e-05,0.0,5.551115123125783e-17,0.08677176948843279,-0.00015437011819685598,0.09725644288758112,0.03016622609242503,0.06208514200261672,0.021766601394898,0.06853575996519667,0.0031320120154931796,0.1668606546927306,0.0011856137891022023,0.07122195140837678,0.04062924946470642,-0.00027656875806753023,0.0,0.0,0.0,0.2106778673426123,0.035191969592088146,0.0,0.04345423609619814,0.037624861245104224,0.0,0.0,0.00041870933278254086,0.028701471324291905,0.060517265488097216,0.02647959199515232,0.0003816139092630566,0.07197687181782397
0.028894894176026475,-0.0036890600035922594,0.0014889707185700152,-0.0003150145284599448,0.060813155362589744,0.07310494440167181,0.0402756177412219,0.0511012856108769,0.05144110765992049,0.024461820651676347,0.055312359310680626,0.0,0.02310065669785777,0.003568116699691981,0.02588751563834424,0.04118231876345946,0.041653796792272546,0.028439490749190166,0.062081642648587065,-1.980724765482389e-05,0.026612869563364006,0.008003837716153539,0.05581517576592593,0.011425834915107236,0.019166786402054492,0.007961815058327104,0.0802427303429189,0.03824781471400879,0.002346571743513881,0.0032207201182954948,0.0004273302103898202,0.0063268821760322225,0.021016975147827688,0.006195987644270262,-0.021387767823633552,0.027285153265426854,-0.013319041340057958,-0.023034073458469917,-0.012343911749653602,0.0789909495758776,-0.05795463948184082,-0.0003909656073276535,0.028078491977129916,0.0011107429531604651,0.06850773601371535,-8.379351741527596e-05,-0.00039873505045590063,0.0008666185651304836,0.0,-0.00043095888787891834,0.0012882808339517715,0.0004592222840703042,0.0,0.002125613050193098,0.06615687729573771,0.0015453822581739662,0.06588721622698851,0.002346301723280819,0.0,0.00012039935598467943,-0.008160017985653634,0.04621734032562108,0.05940334264624497,0.0,-0.0002072446334440703,0.0006631361431768679,0.0024390801567670817,0.0011673782025500845,0.05313141505430535,0.062181614046520006,0.059392412344724865,0.00039094371679393447,-0.2010031569900507,0.0023118293562903736,0.0,0.08438747589979173
0.06510834987150571,0.03175623546417228,0.04305486427933636,0.029513186132438585,0.01889968640733003,0.029714897813519492,0.0008781831626292202,0.059309689757220174,0.013355611194585282,0.018380652770059513,0.05216245703838013,0.02310065669785777,0.0,0.04253322583081348,0.03648205813352451,0.02982364175122626,0.014113956314134646,0.0330427013162643,0.04888725159128082,0.03441466068262633,0.05375952168352671,0.0327824749915851,0.04731866874617796,0.029669698162452796,0.03766295948661985,0.040979286120185976,0.0473259359495663,0.006115331443901473,0.02660073294327442,0.06491562482434221,0.01223553960321333,0.02942778515006994,0.017570160709863447,0.0067298040068748954,0.006290441460035656,0.052162936047167485,0.023432960649377943,0.015805640412180466,0.007079608502058299,0.07532949998443078,-0.004623891824955262,-0.05841963298242547,0.05064922593798543,0.0012576668860818652,-0.002182251800105117,-0.0005673828624673249,0.04957248277018017,0.042459350917090743,0.0,0.05349510431684523,0.03721907375772282,0.05028796088630705,0.039572954460665166,0.03878860811459395,-0.03611986958982949,0.0344525500000919,0.0032867115533329327,0.043674666165471665,0.002249423277329632,0.038723671513043234,0.004549288206110003,0.001241177914921232,0.0006515611791266807,0.04920406763634633,0.05519335208071924,0.0047027490182789955,0.057392369528588894,0.03519143526058055,-0.0011326028736245997,-0.00028446886471927835,0.05238913305985099,0.036896050014777027,0.04293778103263246,0.04064653972255183,0.04406227558670983,0.046878809201730376
-0.00010639675862061937,0.0,0.04191361466378135,0.022342389335746504,0.022558529796559146,-0.0029675508987017096,0.03744932355223202,0.02043918787643567,0.04839112212732399,0.04516138205255149,0.00813168027088762,0.003568116699691981,0.04253322583081348,0.0,-0.0002493026093435269,0.0,0.0,0.0,0.06851729335750417,0.0005394476295916828,-0.0015558743363615624,0.0013009964295290777,0.0339393879829315,-0.006072902713160411,0.00015069606162476656,0.03982716724101293,0.02514990358225233,0.04802815022374929,0.0007481226382483608,-0.00045710937031584464,0.06543516884805284,0.04282064597446017,-0.0004888176340453465,0.02048585190900426,0.03487566030825573,0.024226853611000687,0.013599205936963316,-0.0015657493471447625,0.05670219251122799,0.0,-0.0015069767357368535,0.0,0.02858533392575041,0.0,0.0,0.0,0.0,0.057680340169891875,0.0,-0.0023778084826839296,0.024764230064700687,0.00093511812789282,-0.015465561656894666,0.06733923501118266,0.0,0.04755862312366854,-0.0004583358602233134,-0.005019425623103757,-0.04044847807352897,-5.551115123125783e-17,0.0,0.0,0.0,0.07937440417434971,0.0009792845930268745,0.0,0.0,0.026246170759991028,-0.0005616507148256122,0.0,0.0,0.01008686534426717,0.0035856972381657637,0.0028912975113941086,0.0,-5.551115123125783e-17
0.03966818502106334,0.039728232047986756,-0.00383502283808701,-0.00260211813505995,-0.0022456940953788362,0.010273164523239564,0.002017271624007999,0.04370429420290983,-0.0020742900308995393,-0.005239552993388408,0.0,0.02588751563834424,0.03648205813352451,-0.0002493026093435269,0.0,0.03378408927556292,0.004693932713452309,0.04555001179362089,0.0,0.01727080103782269,0.034074409303989306,-0.01954963531273085,0.015615682862556768,0.04196777392880535,0.05479109820260014,0.00023328570844238783,-0.021804020511403288,0.019239705517346606,0.021938791604453833,0.03298492596621139,0.027689279638133446,0.021163892099964998,0.03096040668719313,0.022225002392658344,0.022785464792730692,0.037345663739133506,-0.05778153114626999,0.013064441372118818,0.029158917251300986,0.03739267960408971,0.025148486783808766,0.019871371881089006,0.028834859070385188,-0.000938774755308569,0.03936984516538883,-0.004595185597038365,0.04738053183816138,-0.0029517321737632662,0.0,0.0,0.022366646575369187,-0.0006493953901691718,0.0013322884696786996,-0.0013802951758347115,-0.00015538138669268786,0.0,0.012818718283968855,0.043579633808148444,0.0,0.030074423223045432,0.03716275078496051,-0.0007272519615162398,0.03952386808137531,0.0,0.028993949169097033,0.028325511231509115,0.025721446691561844,0.04869214590959675,0.002562785433164183,0.04469626150001915,0.03118955831506698,0.03837488016156915,0.04835090861227864,0.05279737385566724,0.05260090966727504,0.028813514625235737
0.05373241406566276,0.04052680274081272,0.0629573553245461,0.0,0.02767230163923584,0.01793620670043411,0.034315675019542136,0.05208045438269637,0.03507139974885687,0.022886748638982934,-1.9138813007690825e-05,0.04118231876345946,0.02982364175122626,0.0,0.03378408927556292,0.0,0.021725577706469712,0.008918492834183667,0.058689433624560305,-0.02763972886821492,0.05649353821018016,0.003032637202912025,0.03694239893550649,0.05441949729910145,0.033618469739877865,0.04386958654106504,0.020815443599679795,0.019979935547168426,0.017322174908116827,0.010455586513896553,-0.017089263826849166,0.027733562159177494,0.024947223442237598,0.0030257017765093486,-0.008380183700274213,0.005239423354016393,0.0023424292341042152,-0.0010311055924659973,0.05112309396680281,0.08495829961795559,0.06425846327828999,0.06797998287907542,0.004530100158545214,0.0,0.0,0.06397885321116364,0.07512139153356162,0.0,0.0,0.0,-0.0034465286317146293,-0.004570670308354174,0.0008397091301930448,0.0,0.12827958198055545,0.0,0.09844391779204426,-0.00024267510351100308,0.0,0.03752993079354078,0.06851096905557374,0.07526100125897112,0.07483011325120992,0.0,0.04467332754549147,0.053125739431533925,0.0462678339577679,0.04948226882705453,0.0031618372145094664,0.08448923153421734,0.07351328585216677,0.05154382418401576,0.07051216560110751,0.05975373068517392,-8.362830055652637e-05,0.06100299524577296
0.057033791939344936,0.07196594829509317,-0.0018572112509456784,0.00047823795604418073,-0.0015637008753256465,-0.003589485200811704,0.02878695799391129,0.0020022124515134965,0.03827425195678025,0.01892631893623259,0.03415271048213875,0.041653796792272546,0.014113956314134646,0.0,0.004693932713452309,0.021725577706469712,0.0,0.0007796336267833492,-0.00368755325073461,0.020921248011070592,0.04633356697152585,0.02886728691693352,0.04615495048857704,0.04521241335672732,0.02818208467200839,0.03556807711762677,-0.0037281454658370516,0.024068606115632107,0.03125628028871541,-0.0026298766133583396,-0.001208141733670176,0.025787024323856933,0.02012255775764149,0.016297247901392475,-0.0008723750982640999,-0.0005860394260944202,-0.0014119334723894372,0.026920603564568157,0.04225802863071332,0.07930025267989871,0.03405313173718422,0.0011627557560090485,0.0,0.0,-0.006873302908597889,0.03140392389994329,-0.0030708875853956985,0.0,0.0,1.6653345369377348e-16,0.00031999969652241056,0.00022811949042367274,0.0,0.0,0.06303785506424608,-0.00040485085975383583,0.07116366202235547,-0.0003374150556954558,0.0,0.0,0.05803014895858738,0.05624204310656872,0.04572461700355457,0.0,0.00020384841304027512,-5.551115123125783e-17,0.00163814965725112,-0.0005702263491169646,0.04198573329764055,0.0501588783651703,0.04660085971936967,0.0,-7.544481615107124e-05,-0.0015964761733791577,0.0,0.055649334878371315
0.053838238854663156,0.04452700993288189,0.03971521092553276,0.0,0.02994761461901435,0.03175507117109383,0.04025772613243406,0.059161040831493594,0.03600211643824158,0.018723931613340905,0.030685018935607267,0.028439490749190166,0.0330427013162643,0.0,0.04555001179362089,0.008918492834183667,0.0007796336267833492,0.0,0.02563461630129782,0.008340642493298023,0.05647485532163449,0.016591795193932612,0.05110991374843893,0.05083886733515186,0.017887207054259335,0.04080475537403838,0.0352562740798224,0.022744431554602706,0.030323026300762335,0.02732347027786297,0.002548758400846396,0.02410139438783715,0.031182465641046098,0.01465715836780429,-0.00031569598922803754,0.010602694817022806,0.0,-0.012783374257395286,0.05630631742974718,0.08272579469700603,0.0614914510525747,0.04705626219557679,5.551115123125783e-17,0.0,-0.0030740988383136103,0.026910577677549563,0.08419432190958215,0.0,0.0,0.0,0.07794677094295249,-0.00045102453758610883,-0.00019303445835650024,0.0,0.06783142060744363,0.0,0.07115708996991477,0.06238526343531409,0.0,0.05496488747415418,0.07573552875017131,0.05083678918780643,0.06388593509343271,0.0,0.06210378255395621,0.006891824386786538,0.059023942816052055,0.05784704662370471,0.04749707724083785,0.07036839465321293,0.061937648000650325,0.06624885851733997,-0.005099990377229691,0.07211089403142507,0.0,0.05667193265144971
0.0,-0.0027334709593138107,0.01779952904493881,0.07418337843225747,0.025578291767854644,-0.004522671855952842,0.04988324054866283,0.0778604203770395,0.02962943411548613,0.059912244044795226,0.003949844455514717,0.062081642648587065,0.04888725159128082,0.06851729335750417,0.0,0.058689433624560305,-0.00368755325073461,0.02563461630129782,0.0,-0.0015501909129431723,0.00496249923982095,0.09635542444833439,0.03219395699393168,0.0365429779521424,0.02344979083907528,0.02873229306314723,0.007932197132164975,0.04348320099413466,0.07913901059934608,0.00014299534064032837,0.05056012201182841,0.04349158601998604,0.0417991656335443,0.04377647563802772,0.037523416044760505,0.07321271535304746,0.035323272445559606,0.052119318696114136,0.030098894754017003,-0.001577058244216889,0.026380900012567543,-0.054004523009111516,0.025061357955320662,5.551115123125783e-17,-1.6653345369377348e-16,0.0,5.551115123125783e-17,0.0669121799174699,0.0,0.03782275137117275,0.03706087584526141,0.04619221199336154,0.029967873767971276,0.038467483974179206,0.0015478174405719747,0.12199171626633015,-0.0014679862503725882,0.05546865617734342,0.003775586137542364,-0.00265562212779219,0.0,0.0,0.0,0.07167137963741965,0.05833725964715886,0.0,0.001531519798661951,0.03360511478291894,0.0,0.0,-0.00033528569580432155,0.03377275249142564,0.04501175528185042,0.03784681689057162,0.0011451081514469719,0.041170824721086796
0.03419637948797166,0.017520893798993187,0.03684824323309388,-0.00044265199649906606,0.03955638582256943,0.019112729078971324,0.038968453531977365,0.04839749351303596,0.03271198609991566,0.023518066973771123,8.795947310491492e-05,-1.980724765482389e-05,0.03441466068262633,0.0005394476295916828,0.01727080103782269,-0.02763972886821492,0.020921248011070592,0.008340642493298023,-0.0015501909129431723,0.0,0.027507987951571833,0.007922148842699539,0.03627563889567831,0.04892780731040386,0.026816333927096647,0.018719076958475245,0.004700072862700688,0.029017737810914768,0.039669525237756575,0.04402344869179764,0.023042806929664483,0.015374611789547132,0.011777940331101577,0.013372752214860062,0.009518764279062786,0.017106961931246722,0.008526799360477788,0.01062309549612267,0.0343376165354532,0.032878923169404384,0.028172005869421812,0.012274202400907874,0.0159375933148716,-0.0003831553881259442,0.011920728254862567,-0.001266433852770421,0.048242808747511745,0.004064335838356137,0.0,-0.0022475905547797437,0.03250997720722998,0.05733054134865584,0.04228188279166484,0.002010269901257855,-0.0007633695199819046,-0.0025229137633107634,-0.00038665657227127115,0.04542055170613479,0.0,0.0357260070176354,0.05159751480714597,-0.0004398582664266182,0.04473389973049119,-0.0021336034835706674,0.03683001798983637,0.0362731959928852,0.03301295989652636,0.04478302900760972,-0.00234511710796248,0.05176572537147578,0.04243032787698192,0.039814965067011154,0.04703814831159664,0.04467219398753136,0.029268885442287784,0.034017948337170534
0.005711970093635388,0.046248858836020756,0.003336354942201969,0.0005708154430617007,0.08200996925803011,0.04387037549782047,0.05875537292645122,0.06251006042751478,-0.0004941612911298354,0.02695769753116839,0.003232273685944531,0.026612869563364006,0.05375952168352671,-0.0015558743363615624,0.034074409303989306,0.05649353821018016,0.04633356697152585,0.05647485532163449,0.00496249923982095,0.027507987951571833,0.0,0.04452272388899736,0.0237788518232826,0.02422028526880876,0.06063139044161181,0.04237707497599014,0.03782901658584087,0.051499712363615724,0.04400177271346406,0.05067686079553796,0.04334847538325054,0.032996041965299205,0.06302535633678358,0.04063093362729098,0.025207353722101533,0.01694861553129018,0.03991185363272909,0.03935993797599274,0.042409564092555974,0.05102966140946397,0.036913899023759966,0.054679082546005175,0.0019998570753883005,0.0,-0.0005870855182756318,0.01854296875097544,0.06559945337849088,0.0002710254651264732,0.0,0.00027587774725096326,0.06323125671299246,0.004281507660519213,0.016716809870269633,0.0013845823557053216,-0.0010761738694920475,0.0,0.0010288307257624862,0.009496512628810183,0.0,0.021860300294656576,0.05993939355615774,0.0,0.041445997531765644,0.0,0.034252021041478176,0.00641434004393121,0.0342525658468692,0.04568156459624684,0.006151098848251602,0.06353826830322462,0.03294396313882031,0.05765418290108648,0.06511492871777619,0.06250957735660106,0.004841279258302078,0.036801968125921125
0.05952776707754126,0.031174173847272668,0.036762848569883766,0.008236620919415683,0.032596954614825424,0.015304186071634807,0.037271333810928675,0.047116763389235705,0.03518987936010559,0.012251797674867282,-0.0019359502173071363,0.008003837716153539,0.0327824749915851,0.0013009964295290777,-0.01954963531273085,0.003032637202912025,0.02886728691693352,0.016591795193932612,0.09635542444833439,0.007922148842699539,0.04452272388899736,0.0,0.028914164779817175,-0.009435291776207333,0.0361113980617494,0.026900267368436315,0.0063353710449213785,0.02550080793192644,0.030406043680531014,0.027890124066007882,0.018956712613378723,0.015128576460041288,0.026564239943443535,0.0070692411815071465,0.005967004862369729,0.025229716208309605,0.006486709426578696,-0.02287893150686593,0.021706716791570102,0.03254241595992319,0.019962043542566532,0.0055452196858075675,0.010254013177472099,0.0,-0.0006501909370327796,0.09505108855089861,0.05562837194176423,-0.003532723594551035,0.0,-0.0003671973619724933,0.031184935928929847,0.03998207345063304,0.0038377658912441825,-0.005630718750871344,0.0034835055424595196,0.0,-0.00037076109689382353,0.03956992831718109,0.0,0.025136144849605024,0.044424773990560884,-0.0016247450755459414,0.05227600780453667,-1.1102230246251565e-16,0.025413708581475514,0.036781692242568886,0.021516757269859965,0.04046536486588714,0.0034769619837210497,0.06628592268792716,0.04146976843344263,0.034519759973991426,0.033295112283638795,0.04345273510112874,0.07728688563817343,0.023507489518098168
0.03807415672589248,0.041207453883857936,0.00972074491305197,0.04655058910061255,0.046877425629783365,0.015068000617394606,0.04347311187642933,-0.0021368943061362278,0.045102306294867944,0.04964885655030343,0.00027260542555579415,0.05581517576592593,0.04731866874617796,0.0339393879829315,0.015615682862556768,0.03694239893550649,0.04615495048857704,0.05110991374843893,0.03219395699393168,0.03627563889567831,0.0237788518232826,0.028914164779817175,0.0,0.040846328634790485,0.047868456901281886,0.0335738487297208,0.011189523728341866,0.04522648249968497,0.03580628713430378,0.0521081816215217,0.04845375481588643,0.03887000870864782,0.06764066129293034,0.04281345247482571,0.03860766891697831,0.042179797232740346,0.03847003071052546,0.016966442643452706,0.03435931352977828,0.04877858245915567,0.0344629949600046,0.0369395348113184,0.03177293514813995,-0.0007355146228384957,0.007869431438798258,0.09656843156840234,0.05563652647978373,0.07896819403066468,8.589466833291981e-05,0.03922496237485429,0.024262782299275587,0.040557869088787224,0.029306519103566686,0.04748517272958819,0.04482565837943586,0.05532462572881619,0.07443985873336223,0.0377759046720022,0.01902853039824648,0.03955461064854243,0.053954832108541795,-0.0019803456871428926,0.0431052380387707,0.08409118529023585,0.04230595527068237,0.03946037492539245,0.04518618323349621,0.03191059246941208,0.00012194069837201393,0.05679151418451317,0.048692998317987235,0.026970929455887083,0.035660252202179166,0.03603495679097912,0.03624738538516026,0.04007202294958556
0.00016665171591789818,0.03572586269049993,0.0012477119639905943,-0.0032444673025587845,0.06229619672499942,0.0527161615056998,0.024795778955836012,0.04913223560417168,0.05731123930925219,-0.006347450476666516,0.04129952414734639,0.011425834915107236,0.029669698162452796,-0.006072902713160411,0.04196777392880535,0.05441949729910145,0.04521241335672732,0.05083886733515186,0.0365429779521424,0.04892780731040386,0.02422028526880876,-0.009435291776207333,0.040846328634790485,0.0,0.04713345973339422,0.008075036821009296,0.04790514505286403,0.03605645147526754,0.061226016089085844,0.0011951752316567976,-0.0031178559769400316,0.014265934801190039,0.008148019777826199,0.02947968950404628,-0.012093763959105885,0.04870630694745187,-0.009712941453740687,0.04400882047772764,-0.0017520427142480588,0.032868326346169874,0.023643002151530756,0.013792197785295224,0.022363268015917925,-0.0003065435334801969,0.04676171492140718,-0.03238746146214616,0.11796195915250202,-0.0001842468126610486,0.0,0.0,-0.0020954107071859407,0.002474515324178972,0.0008218720844331284,-0.0012665373932118085,0.05384718050603271,-3.448571298780845e-05,0.06235667498946773,0.0034588377072875542,0.0,-0.0009617123172878661,0.0697391880550407,0.03410792128266643,0.04869736456088597,0.0,0.0022097429704469596,-0.003703369804546053,-0.04403059961293615,-0.004088771549831838,0.021952669517458057,0.04937292260277515,0.02235549978510737,-0.0015130525190064081,-0.1762435094745126,-0.00024472786805873614,0.0,0.0382728872260511
0.05012985120477981,0.028248225752839307,0.04756945240014315,0.0,0.01924424098396743,0.023525723889789407,0.036321880519520566,0.062006125691085434,0.048526508491143816,-0.023181934372246582,0.029391122968026817,0.019166786402054492,0.03766295948661985,0.00015069606162476656,0.05479109820260014,0.033618469739877865,0.02818208467200839,0.017887207054259335,0.02344979083907528,0.026816333927096647,0.06063139044161181,0.0361113980617494,0.047868456901281886,0.04713345973339422,0.0,0.017622846315201723,0.02822418282836453,0.025291653832062944,0.02310711148266381,-0.0013749250371327681,0.02264290141874914,0.038996622734710384,0.04703685546778841,0.02988966623574263,0.0013848316224780999,-0.004393898916215,-0.0006321641496199182,0.030167636253454866,0.061754277226006404,0.08941699756463406,0.0737460353553886,0.05350529669263576,0.0006864317043338009,0.0,-0.003588851029934559,0.03418620024018271,0.09118343279924407,0.0,0.0,0.0,0.0695436057816407,-0.0006295447384272457,0.0024580147358407856,0.0003234370944510401,0.07336526747685557,0.0,0.07759116888800793,0.06345642427088177,0.0,0.05287616094277042,0.08093852141899471,0.04899046100266369,0.06631239186898358,0.0,0.06501168048938921,0.006067323508162248,0.06467705627074116,0.05531260411485067,0.05576977929299498,0.08019402408650533,0.06862163666387161,0.06547875720241758,0.06558585701860808,0.0740926137396884,0.0,0.0676283719635638
0.03214528496696495,0.004164020973806748,0.038122579545863344,-0.001353166055356625,0.04258053094118924,0.03261286710977773,0.04438934589635446,0.06084152724769981,0.04372816443705729,0.0468055525236174,0.0317989734646944,0.007961815058327104,0.040979286120185976,0.03982716724101293,0.00023328570844238783,0.04386958654106504,0.03556807711762677,0.04080475537403838,0.02873229306314723,0.018719076958475245,0.04237707497599014,0.026900267368436315,0.0335738487297208,0.008075036821009296,0.017622846315201723,0.0,0.020413955165258513,0.03711209671516019,0.034934384440149124,0.006072917135186373,0.03956559436831142,0.03254785369095636,0.04470283577257744,0.030680811228844862,0.009248982573601905,0.011310353956492103,-0.0036910049205515216,0.022049368025696403,0.05735544147190408,0.08374243096283085,0.05761713298169285,0.0374515424694023,0.020132510094544698,0.0,0.08691551155053068,0.05762690533768772,0.07677293056286821,0.04452471002361197,0.0,-0.00029815895611529086,0.05456678403508475,0.07438427136681008,0.006253963500168214,-0.0030791621490453003,0.07388286108366454,0.000504349237516799,0.08247818670823193,0.06724257505742909,0.0,0.031561974059831965,0.07407381787848233,0.04944960482205718,0.06433494652671456,-5.551115123125783e-17,0.04979191298154201,0.05675325184814339,0.05304226754475083,0.04834764275940656,0.04876473976595702,0.07488031572768411,0.06953721812728542,0.05067768282587598,0.05288329087237098,0.05912879153171874,0.0003127508465164963,0.0587946367379249
0.035984702208314234,0.02808824063235954,-0.003399955630829621,0.02469326377629838,0.028141907235732122,0.008434194058869193,0.0390012352234505,0.03434045322190876,-0.0019371062590634591,0.0464534992253951,0.032276042702240215,0.0802427303429189,0.0473259359495663,0.02514990358225233,-0.021804020511403288,0.020815443599679795,-0.0037281454658370516,0.0352562740798224,0.007932197132164975,0.004700072862700688,0.03782901658584087,0.0063353710449213785,0.011189523728341866,0.04790514505286403,0.02822418282836453,0.020413955165258513,0.0,0.04195043434283685,0.020831074402443972,0.049597003143814544,0.03601055114045382,0.03279178916604325,0.0504982846181779,0.03696366904488896,0.035561319634368926,0.04010463105809037,0.026308827454717743,-0.0007527266332877369,0.03318004186843626,0.029929046798887082,0.04201633571652641,0.0329101977319346,0.03185099874116454,-0.003802845372161079,-0.004500334291968389,-0.0010699646289235587,0.05262587909022903,0.052860752948469814,-1.6653345369377348e-16,0.03644689426335401,0.03171236937701305,0.045783215650435416,0.03402343244198158,0.038109346259379784,0.031912555749607385,0.025303982488461885,5.929160730933081e-05,0.04359356847492879,0.02835601250537656,0.039345402386800454,0.05368461778485045,-8.523480673366945e-05,0.05139491447691158,0.051769532472744406,0.0430900761761705,0.044822231614831065,0.04526109059554112,0.032997094848701725,-0.002981052718787236,0.06381157066866916,0.04774107161253199,0.03268046925915724,0.04012210857931642,0.03923103895389468,0.032878799780718504,0.03748888891508617
