0.0,0.022644920151150383,0.0029119811385924788,0.0,-0.00020554942997658143,0.03372355468053673,0.010514647651322095,-0.003925951213256118,0.0037847654474922887,0.05468479993927994,-0.00042417867559596534,0.028257177024060276,0.03371728574170413,0.0031927841178466254,-0.01343881229625421,0.004419884965130905,0.023094514078300488,0.0212692555617377,0.0,0.03308289371941098,-0.005640890093766782,0.03302031983424869,0.024904767173582476,-0.0045935675862791014,0.027830552868487346,0.011940651186784002,0.027617171635794024,0.03854158207732872,0.02411614486291741,-0.009954772280340363,0.0414988674403885,0.010912441978299658,0.049898505808709526,0.02558430378419052,0.006730238931908272,0.00022320056739694172,0.0,0.033429871090114915,0.016852456301089336,0.10171175637041069,0.030257241030881288,0.007814450937006112,0.0,0.0,0.00012118685452544575,0.022793270090758544,0.0396328187484678,0.0,0.0,0.0,0.0011868700359229933,0.0,-0.0015542449633378363,0.0,0.0037613353591118837,0.0,-0.09280323287215064,0.0013954680897862448,0.0,0.03972798900142499,0.020646450465222288,0.007813963995647488,0.04512347976082437,0.0,0.09752018425882741,0.008262367222658995,0.040987385390068465,-0.015564034962692597,0.006143921420487808,0.04750829240703475,0.03796895378382009,-0.002976811002633639,-0.00024197884210019893,0.00682150255713454,0.0,-0.039737405098872636
0.022644920151150383,0.0,0.0034586446553841466,0.0,0.0038941548840768503,0.02425829011681757,0.008966255753778463,0.006865614724992641,0.008885108638202355,0.004412845583109892,0.00040045818499007124,0.0031382275800405646,0.006144596141129055,0.0,0.017277218085024526,0.02162051820247668,0.03160854965024951,0.033309812202765354,0.0007109524578615689,0.024974432740133334,0.03366861204826671,0.025603353263206508,0.01666710751459849,0.04503339015602942,0.03181832284576802,0.031056508975203068,0.03896099577532425,0.018995315786557,0.023325460017406208,0.007827492143710257,0.020464297555927158,0.005285583520735271,0.03611756795606008,0.017705039589399008,0.010853691868037252,-0.004250508125570263,0.00019747960863603087,-0.0007499718457206206,0.018228970037929726,0.04380186304756328,0.029199853326387637,0.0374321225928832,-0.02314062117373894,0.0,3.4360934031529844e-05,0.02617701373591036,0.028869733136280606,-0.0008715686911748843,0.0,-5.551115123125783e-17,0.023515988547368194,-0.0007914909431411266,0.03229022542615462,-0.0012548803641142525,0.003715264178738631,0.0,0.00280334603347554,0.021621588641764722,0.0,0.04324267373777857,0.028335956760281722,0.004609384842325925,0.03716417988924692,0.0,0.03300466305571148,0.01911799166429118,0.026330616774506932,0.02936083956421487,0.029533429965334923,0.04532268728199729,0.03539368463289444,0.03651115562961749,0.033844572642673265,0.031622152345141374,3.0149202975782163e-05,0.03359933802140269
0.0029119811385924788,0.0034586446553841466,0.0,0.00431233805430975,0.012065472435185631,0.03606264461019165,0.026545043373476296,0.027754287779087394,0.006063571803530732,0.03078064576603584,0.016382986691421686,0.010454265236668925,0.03288406720037457,0.004994155268277789,-0.0008538077638469144,0.0029558460536762143,0.001333543759121536,0.0019146881571336372,0.010126500049511045,0.01018466449076838,0.003024788083331287,3.799973898160891e-05,-0.029484625662396402,0.0008440708629164906,-0.04901497029487195,0.009961422458281632,0.048176097940805185,0.026756629084678074,0.005395612348602918,0.02698550333255617,0.016459604366856118,0.0187875606758085,-0.028103714046154638,0.012826219926056315,0.029483059632776087,-0.0070442815572424045,0.026027360075294825,-0.0067272235240078415,0.027327381651795046,-2.99951264300935e-05,0.037576148399468434,0.0011714593783344052,0.035834424750527116,0.0005027179282619532,-0.051792268243355366,0.0,0.00017229469396862207,-0.1001779082163256,-0.00014905068287973666,0.05230818847763408,0.029149781793491147,0.028563404751107413,0.021738730357791836,0.0720775891850376,0.0023045432477253325,0.13327965597763664,-0.0008675739882079703,0.03422699128070239,0.03776217891112943,0.0023894385326504453,0.0002613722698033838,0.0,0.0,0.17506979153732882,-0.001486464147821276,0.001265564609901404,-0.003489749292151123,0.024007437837650136,0.0,0.0,-0.00042152428886160775,0.041735069128654545,0.031021479409637398,0.01520576941315721,0.0014977580270787438,0.03098671701350486
0.0,0.0,0.00431233805430975,0.0,0.0035176771207554025,0.005283074981850044,-0.012532284737931554,0.006167462491541209,0.027567481071982924,0.013626150070561449,0.06565257468886915,-0.06863162038384713,0.03276420203478142,-0.015474864212421724,-0.002869392304614138,0.0,-1.5922572219051467e-05,0.0,0.011305201298477507,0.030715666181437284,0.0002029775533568534,-0.001057119310545307,0.027902136887899442,-0.00437044426341604,0.0,0.002096255277493797,0.019049914936940138,-0.02149236869593757,-4.450807908956689e-05,-0.02201216401461409,0.0025567018024307275,0.012711400667548778,-0.00361395460089331,-0.03313493314105187,0.06152265643297322,0.05153178342670994,0.03898354394707812,-0.010844088224757853,-0.00010709948838361072,0.0,-0.000411271725496154,0.0,0.0004283235974110178,0.0,0.0,0.0,0.0,2.9462778404432122e-05,0.0,0.0,-0.0006001987937992448,0.0,0.0,-6.89761579943382e-05,0.0,-7.06141741071975e-05,0.0,5.192527359709764e-05,0.0,0.0,0.0,0.0,0.0,0.0,0.0,0.0,0.0,0.0009956530080256765,0.0,0.0,0.0,0.0005937924048092791,-6.760869731819996e-05,0.0007926513967571047,0.0,0.0
-0.00020554942997658143,0.0038941548840768503,0.012065472435185631,0.0035176771207554025,0.0,0.03527102621877565,0.026262964757610696,0.027160734515946194,0.02128126564576127,0.01826877780144992,0.008205320740041266,0.01966920497119251,0.007345487268369755,-0.005797098146531177,0.001231291525236211,0.0046339049157531065,0.002131824119648351,0.004192563041341024,0.007526042086695994,0.03129224668120134,0.0038876510963280486,-0.0013298688606511733,0.023283584397270296,0.009536470726505708,0.0022729850678029906,-0.006945256351542639,0.017317104484915358,-0.03097679178440066,0.0052641487238976326,0.006213556776419826,0.016051683326522237,-0.013692735134876732,-0.051545630507593754,-0.0019417263456574796,0.0004657830619859693,0.0062811575879864745,0.026303484947455658,0.0019471542967839373,0.0525750864272716,-0.0019067822881990715,0.030794925120121608,-0.0014554690751785726,0.051766372628753776,-7.252277468494661e-05,-0.0007876620631148135,0.0,-6.252114455651547e-05,0.047169826660470204,0.0,0.04728265395050746,0.03585872292948866,0.004431903921121694,0.00674295570100486,0.03907765799291052,0.0015795602452044477,0.09663688471636228,-0.0023906025718762325,0.037714143769735475,0.00010313236453329822,6.532242621654083e-05,0.00025373363022512807,0.0,0.0,0.05296450455447688,0.004026580145600422,0.0,-0.0017439575644879746,0.03334671715814985,0.0,0.00014433969904231736,0.0017942533630487256,0.03353538177344262,0.03128352924013056,0.022207914548614927,0.001506657218850349,0.0268543301104206
0.03372355468053673,0.02425829011681757,0.03606264461019165,0.005283074981850044,0.03527102621877565,0.0,0.034793052223116516,0.012668871334606202,0.023638189905938856,0.024026976696683078,0.031678305878089674,0.016749111772625835,0.03997655578720832,-0.005702999534807074,0.03204170682095647,0.02562936126340032,0.014698996219699278,0.032626481083032954,0.026890791656523583,0.04125100300995538,0.01891762123112184,0.029132507163085575,0.037543643947357486,0.03178760789013513,0.03543786607220839,0.024202219103878986,0.052053743592620993,0.03612975401184254,0.050135718197514945,0.02403240433060655,0.00823055955273233,0.008875874246440096,0.006469593127285844,0.010883443535689374,0.010482085617901427,0.015007677877114878,0.00883551219194556,0.017773440153454945,0.019766727732213107,-0.001640432064763886,0.030731836740036877,0.008879794373790162,0.03731222513547289,0.005137284018409571,-0.011895852322220068,0.0010230450795212231,0.013715414353531241,0.03663297811202615,0.0,0.028553068018471794,0.030491477176006643,0.03217269648111165,0.02374737593504711,0.038698231097902824,0.0352147903988983,0.054564809228874855,-0.0022925500208808014,0.03339311959685454,-0.003130202152625716,0.03237281663813418,0.005113923274092824,5.551115123125783e-17,-0.002443147686512548,0.04766480032200848,0.021132079318034902,0.0335072341086845,0.02087462089979869,0.027019408181594096,0.0,0.0075380163176191894,0.025810505546457696,0.03636821028539372,0.02954868325823823,0.033990185298306774,0.022406961771298084,0.03466752285860697
0.010514647651322095,0.008966255753778463,0.026545043373476296,-0.012532284737931554,0.026262964757610696,0.034793052223116516,0.0,0.031201307678907775,0.03881665898723269,0.035909672644670376,0.03343749651447758,0.023872505267603317,0.03320962411506029,0.011624949481645719,0.03541548288746049,0.01136482145826323,0.016567406497191572,0.014879545368525926,0.03186291208513781,0.015191314618631213,0.010056317236196544,0.007569726811489708,0.036519360416772284,0.007606254829685577,0.02170180969416674,0.013425867418288606,0.034224871772783105,-0.0015817440547051809,0.01746760003406872,0.006334790098772247,0.040739385166001285,0.010796394785575036,0.013999939550568885,0.010318591232840846,0.0027047295578237485,0.01247700145296049,0.04286982190034572,0.012999263238556658,0.02603841263347889,-0.020126885471449807,0.04205188083647582,0.04310024393376699,0.04585861891726151,-0.0016677129540536573,0.0040513736779616005,-4.8872392664822684e-05,0.0025452886684192433,0.035629694156585234,0.0,0.03633038104492259,0.030071094332856374,0.027148616875422804,0.018908864539533887,0.036464756646122365,-0.0005841747589674928,0.061776650552882395,0.001513475796492303,0.035263641646540944,0.0011103597241820529,0.004473982674815913,0.0022845381041344814,1.1102230246251565e-16,6.129805667648425e-05,0.044714631840319985,0.01621058839384726,0.0017653247737358102,-0.002356341783578797,0.02887303571954991,-0.0021197530137441745,0.003098021432329401,0.028618260046948785,0.034548524258183,0.030381708609522162,0.020800564570299218,0.021813964467865987,0.02510658256312981
-0.003925951213256118,0.006865614724992641,0.027754287779087394,0.006167462491541209,0.027160734515946194,0.012668871334606202,0.031201307678907775,0.0,0.05746813740576345,0.02666976324755982,0.0439970879946881,0.028719542258198894,0.01881312839195909,-0.012867660292454008,0.0364497179181994,0.02448794146469635,0.005885201491386216,0.033218424863462215,0.06053685046811075,0.027888674838682626,-0.005992944358797825,0.014225583499732686,0.03484392653528112,0.016673928316759845,0.028671163305254488,0.02385512204482959,0.028880986824399768,0.02070603939140314,0.012362597597689207,0.011204798242593184,0.003365430984717477,0.017456303655669858,0.030884154299256283,0.0024383794056381247,-0.004656069179163114,-0.0019347382766917165,0.06168443665247492,0.004588394071588231,0.033762092128602206,0.00024022319009076032,0.02762263518805419,0.020658177053708093,0.07248734620332314,6.736720497391158e-06,-0.00018346262961155269,-0.08278713030001578,0.0261737385180138,0.03547989288011144,0.0,0.06698471588441335,0.03837841448601387,0.03173311081696717,0.05541504236362227,0.04465388524809866,0.035267333072487195,0.06400755512507711,-1.1102230246251565e-16,0.0328731909393053,0.02660832821383352,0.031053870211887324,0.0063048725075181,0.0,-9.882113546577642e-06,0.050007176578185986,0.03688520105292897,0.010580503800461383,-0.0010555461700335056,0.03478525064370003,2.7695116143033882e-05,-0.009439103275615979,0.029757115164779357,0.039707644074466475,0.0378983600632784,0.03754764616664408,0.03720221113519695,0.026349222690072838
0.0037847654474922887,0.008885108638202355,0.006063571803530732,0.027567481071982924,0.02128126564576127,0.023638189905938856,0.03881665898723269,0.05746813740576345,0.0,0.0315896767497883,0.00232621353182233,0.019280770748952014,0.03351645079967597,0.04857902301843775,0.034160810238347994,0.03805709268762558,0.014151794432712472,0.022922273140296823,0.02881187790647305,0.01770855937428012,0.008224883646546444,0.009027484431516797,0.02331820504258081,-0.008549884968226618,0.029435540464141596,0.006506859333825443,0.006675291425009333,0.03332714986784502,0.020899849077100796,0.039318716930367426,0.026563569733425496,0.028673260807936807,0.009595425510597777,0.023724270844673545,0.019677997872195485,0.03284069834416897,0.027427900112434234,0.008419735070961276,0.044468655004045066,-0.0022070295738408907,0.03452475758127693,0.03864105973725607,0.041994158841966445,-0.0012014363888792068,0.0035882632358587574,0.0,0.0011723399443646643,-0.006757877158078074,0.0011724105956731345,0.046769006792040435,0.03681030412125874,0.033982682740764214,0.03649873895025091,0.04021127844633232,0.0476909179756243,0.07800364690565587,-0.01110387226566123,0.036152117516020876,0.030388335601681526,0.0030065749198140423,0.0007790974293070962,5.551115123125783e-17,0.0,0.04090720174572393,-0.0008143890210770555,-9.504213800598516e-05,-0.0027561343224175028,0.02678666231227378,-0.0293018996997636,0.00010203268729647164,-0.0007479029589474995,0.03816884611155591,0.034347096331107774,0.0017418600551579178,0.0011753744183018444,0.034771822642990724
0.05468479993927994,0.004412845583109892,0.03078064576603584,0.013626150070561449,0.01826877780144992,0.024026976696683078,0.035909672644670376,0.02666976324755982,0.0315896767497883,0.0,0.032196028256479325,-0.01912960009696324,0.04310953950698898,0.05876135063017496,0.0922967413489979,0.029031611753112696,0.03356110056598299,0.033652404300981376,0.029776084043105833,0.0018028439753619008,0.015346355564510195,0.024230142635087715,0.030469693039970103,0.056480984102902754,0.026925171618016663,-0.02634576802201616,0.019869316685683203,0.049250801926314536,0.02698339028401936,0.02843745772413514,0.043347707441614425,0.01072291313553031,0.06567372877703898,0.033883605122707994,0.00807948401633285,0.04582197794677406,0.041553277830934765,0.04253200267673679,-0.002582007092579275,0.16010288979487142,0.022196338274493244,0.003059141914803165,-0.012531126915963975,-0.0007042993943261466,0.15198603276179345,0.00917298614983525,0.0011677414757400029,0.0010087991605846058,-1.1102230246251565e-16,1.6653345369377348e-16,0.03235322223070891,0.0019310620843305815,0.0009675760829014335,0.03643773949308238,0.07074567601583615,0.0016336696607692214,0.061047652583496925,0.001386123115640514,0.0,-0.0003555779263190728,0.0063194722209116705,0.0653236392398594,0.06192825271530816,-0.00046186194945790904,-9.964778143206621e-05,0.00044886536095606333,0.002632777246529938,0.031941963380873184,0.04322643272149418,0.06133989874046364,0.05311436407608816,0.03199578383930679,0.09060004456302606,0.0022168564817847125,-1.1102230246251565e-16,0.012227589117040416
-0.00042417867559596534,0.00040045818499007124,0.016382986691421686,0.06565257468886915,0.008205320740041266,0.031678305878089674,0.03343749651447758,0.0439970879946881,0.00232621353182233,0.032196028256479325,0.0,0.038013180885950126,0.033658007767867426,0.014286218505609627,0.0,8.003773412534887e-06,0.007941544167839376,0.013868639904146773,0.015808890566632372,-3.678429231307456e-05,0.00583477371300084,-1.8571844570602902e-05,0.03643438587346032,0.01333760137415374,0.009486166646790695,0.007382716505999087,0.015525371226599471,0.02992050944695923,0.0025069575036603675,0.0110955270592345,0.030874977556133776,0.023587668165066467,0.023592012505310123,0.026753294860020094,0.01866967450326451,0.0009500756463550752,0.02749996628254514,0.023742991143571035,0.041059152584798975,-0.00018857440069580678,0.04202865362612235,0.0012687295254242836,0.052892450245459466,0.00012234960151802365,-8.888837374876335e-05,0.0,5.551115123125783e-17,-0.004354236381307608,6.455695278406726e-05,0.08548705540302598,0.05260464182018154,0.06478045185947867,0.059531145039193156,0.08712669868013923,0.0012519337142618547,0.030268468433119367,0.0020386611466325366,0.07453747392316262,0.05462914571925109,0.0010153373899031704,0.0,0.0,0.0,0.05651463241954424,-0.000494854006663048,0.0,-0.0015161026961129087,0.04331941323640476,0.0,0.0,2.6838705247334005e-05,0.04558478599995053,0.052250137262090435,0.010139700523053352,0.0007147519630142929,0.047942205138194804
0.028257177024060276,0.0031382275800405646,0.010454265236668925,-0.06863162038384713,0.01966920497119251,0.016749111772625835,0.023872505267603317,0.028719542258198894,0.019280770748952014,-0.01912960009696324,0.038013180885950126,0.0,0.03125294585333549,0.0038372137705230958,0.00010991979626245874,0.008058273020769169,0.015730964357496602,0.027238963206235756,0.04702167981640831,0.001906662327731512,0.0362459129999011,0.004190106118028891,0.05380987448030472,0.05047879018856788,0.009346953608355468,-0.031257545402275544,0.013581809930407585,0.036192625390425615,0.04046849672070052,0.0020653847634897193,0.047389674317618924,0.0008497286507438973,0.09680057457001928,0.025112801413050168,0.011261273473565148,0.019776424750060417,-0.0018726921092359627,0.0608418184637603,0.012639320411253707,0.16095235722179418,0.0046456069012905665,-0.002061246035428954,0.028392619949007603,-0.010947722728022774,0.1311851652425967,-0.012279322998286324,0.04833410310439418,0.0006520568618593181,0.0,-0.000429764839618485,-0.00377630699182413,0.0014013680469027734,0.0,0.001678165515560548,0.06576853466786958,0.0005082944207517315,0.057602468800289575,0.004928922581463602,0.0,0.0005781258110477139,0.008844075922487538,0.05808674383359258,0.06882528671273858,0.0,-0.0006619774500670195,0.012185007048709062,0.0033981926839669607,0.000538638109278955,0.030639278903075662,0.059531673631951776,0.04633761103970008,-0.007482641853521765,0.0047298649736920995,0.0022086967703736082,0.0,0.10007116136062144
0.03371728574170413,0.006144596141129055,0.03288406720037457,0.03276420203478142,0.007345487268369755,0.03997655578720832,0.03320962411506029,0.01881312839195909,0.03351645079967597,0.04310953950698898,0.033658007767867426,0.03125294585333549,0.0,0.042557125443244526,0.015901447467323637,0.007979063270405706,0.027124373942777558,0.020806760021913284,0.03642829291821603,0.018120694789698244,0.01002506363875555,0.0076756491540369565,0.03507059902052584,0.027886234112794395,0.019643126590787485,0.012974088252402816,0.03594292011869071,0.04093236176018572,0.02086555499290682,0.018663449855021164,0.03771607345152045,0.015459146241532162,0.01246669300513692,0.019997950784224894,0.015799538256375534,0.016146230710583354,0.003138343159386492,0.01487897103437208,0.029754716955073757,-0.04210686891958382,0.033077479918077635,0.012434640490880278,0.040666585850354875,0.005421782036489797,0.006437480495454229,-0.0005306255097629053,0.0025150481144042836,0.044592901100574456,0.0,0.03557412325061082,0.033132423961910296,0.02690222567234224,0.025076518965694405,0.033040115990447316,0.0021677971347844327,0.052350980319546214,0.08389143252671782,0.03535304218099988,0.0005547046912313669,0.011617891162719829,0.006253922142321455,0.002017505787289542,0.0036082349374044753,0.03313624553699668,0.024740073581364652,0.04171749838457828,0.003483775904246922,0.02968224586225532,-0.0013491823774010037,0.006666601331104027,0.02792751574397323,0.03310987387493458,0.032529299868208406,0.029798430003743825,0.03212624622827487,0.033863165329949374
0.0031927841178466254,0.0,0.004994155268277789,-0.015474864212421724,-0.005797098146531177,-0.005702999534807074,0.011624949481645719,-0.012867660292454008,0.04857902301843775,0.05876135063017496,0.014286218505609627,0.0038372137705230958,0.042557125443244526,0.0,-2.7411846795666328e-05,0.0,0.0,0.0,0.024286368484006948,0.0015638550972623122,-0.019896245535789947,0.003121552734025923,0.01824926550977718,0.005104753878683255,-6.302047733525162e-05,0.004730504313470496,0.008952101610576912,-0.011237558411586968,0.005870395122190286,-0.00048170142960890505,0.010503271770608724,-0.052392486286829354,-0.0008168198753221723,0.011854163025789732,0.024034754284093907,-0.018508679987393528,0.0024564516072091702,0.0028672690098716647,-0.0030375288252920685,0.0,-0.002098132907650707,0.0,-0.020764775031547056,0.0,0.0,0.0,0.0,0.04450192292250654,0.0,0.0007953941172304524,0.027202372989711787,0.001492824373157342,-0.002849412376346616,0.050005855944648125,0.0,0.008166409356588689,-0.00045472269894247797,-0.0016776645147774105,-0.0007828226034491959,-5.551115123125783e-17,0.0,0.0,0.0,0.0026706711714827303,0.00011930896814615899,0.0,0.0,0.0008300922786469433,0.00023488003443733474,0.0,0.0,-0.0008744616317555298,0.0017741328128314526,0.0014786670532161428,0.0,-5.551115123125783e-17
-0.01343881229625421,0.017277218085024526,-0.0008538077638469144,-0.002869392304614138,0.001231291525236211,0.03204170682095647,0.03541548288746049,0.0364497179181994,0.034160810238347994,0.0922967413489979,0.0,0.00010991979626245874,0.015901447467323637,-2.7411846795666328e-05,0.0,0.02049169176358523,0.004038023554778003,0.02777342537241345,0.0,0.04305884383948788,0.01271241548891111,0.005704995013618819,0.011692913622160572,0.026732245826159073,0.0372483733746557,0.01735845045347606,0.05556771053268483,0.03431052472840562,0.03254270176077223,0.02308824327358261,0.0219338300030667,0.009580133068122942,0.025091184835618896,0.015757775264732432,0.011390139995394621,0.011805438435443794,0.003745058881191865,2.2584535832093078e-05,0.01706293004154008,0.03232832355090154,0.02896853273849309,0.015049186022203176,-0.0726924408230824,0.00039259176750872093,-0.0025503140560065307,0.0031228428761165827,0.028007857549013748,0.0009538095192228591,0.0,0.0,0.03698090734336629,0.008566314865636748,0.029886905213089066,0.014199842445775601,-0.00023066430171331254,0.0,-0.0004018407324540285,0.023298786277083094,0.0,0.044756504325990376,0.018861620885281816,-0.00028003904988899153,0.02099782498198771,0.0,0.06020993407783759,0.025990159548884673,0.03006444859858437,0.03744252968969036,-0.001424374817830032,0.025287005724792366,0.030961842534285466,0.03776792605789525,0.03421639062754078,0.030311606625330223,0.02210141752959749,0.029830683399903135
0.004419884965130905,0.02162051820247668,0.0029558460536762143,0.0,0.0046339049157531065,0.02562936126340032,0.01136482145826323,0.02448794146469635,0.03805709268762558,0.029031611753112696,8.003773412534887e-06,0.008058273020769169,0.007979063270405706,0.0,0.02049169176358523,0.0,0.023985212925092148,0.023234728015527728,-0.0007675334016327695,0.03261135709668406,0.03405640153486017,0.03626046966372226,0.026238692425164023,0.022812000030280055,0.017467988204734386,0.015604455719741006,0.027766864330115937,0.018418290926299485,0.022933398726400545,0.025614933649573124,0.01606558010685777,-0.005932697606575055,0.022015607216755217,0.0194080711517276,0.011656752609821575,0.005788253793145404,-0.00022047364974608907,-0.002845361112324918,0.022767452276942157,0.0441333569384213,0.028611072250654346,0.026953843615219575,-0.04014179607048218,0.0,0.0,0.031208573910791015,0.03227546825773531,0.0,0.0,0.0,0.026753387399522266,-0.0002800959335858,0.004021671488598888,0.0,0.004575658776334257,0.0,0.007024317659818868,0.016653266859801286,0.0,0.041701680158322874,0.028808644564486396,0.009658068694164912,0.0375312266260141,0.0,0.028182437411253203,0.018635846750767127,0.027063121938727452,0.020371383355138883,0.028211412645142375,0.03856502856270444,0.03538697450806394,0.023606858820563403,0.03942586295684253,0.017410997950072005,-0.00011903287578707289,0.0285817317304089
0.023094514078300488,0.03160854965024951,0.001333543759121536,-1.5922572219051467e-05,0.002131824119648351,0.014698996219699278,0.016567406497191572,0.005885201491386216,0.014151794432712472,0.03356110056598299,0.007941544167839376,0.015730964357496602,0.027124373942777558,0.0,0.004038023554778003,0.023985212925092148,0.0,0.013136918292621369,0.011135412091022534,0.016634796665294993,0.020301745584208886,0.02653763098422901,0.017612540618665573,0.026693472076233182,0.03465938028289772,0.01935010958449973,0.019767191659769423,0.03566404078892166,0.01143525707572246,0.002376706938644002,0.024062047448686008,0.022315208263860464,0.05152342839434465,0.026770577865451284,0.00879806072399264,0.00904660958394976,0.0003575183793471659,0.03784065111902968,0.03101566024026381,0.10804079648680015,0.047361425842538385,0.0032463751724641776,0.0,0.0,0.05284561585588632,0.01017942502726854,0.004264040559140536,0.0,0.0,1.6653345369377348e-16,0.0005976953111490602,-9.539863896229628e-05,0.0,0.0,0.0386788845390692,0.000169306975618011,0.03167567902397367,0.0009491814322700742,0.0,0.0,0.028728953018991532,0.04651048404376279,0.03311587334805416,0.0,-8.524857355474147e-05,-5.551115123125783e-17,0.002575859374560674,0.0020297853252392306,0.0276253103070217,0.039129727617027654,0.029673832836258296,0.0,0.0015655063496118893,0.0007180224744994801,0.0,0.013409850658071931
0.0212692555617377,0.033309812202765354,0.0019146881571336372,0.0,0.004192563041341024,0.032626481083032954,0.014879545368525926,0.033218424863462215,0.022922273140296823,0.033652404300981376,0.013868639904146773,0.027238963206235756,0.020806760021913284,0.0,0.02777342537241345,0.023234728015527728,0.013136918292621369,0.0,-0.0005519702726025644,0.028164048161399446,0.03912176962085334,0.030583774794528618,0.039833052614663134,0.02660620268476116,0.030480265105863713,0.022161435001695373,0.03049627585917325,0.021494535910376034,0.02291420891263124,0.02590987006103307,0.023120384853865028,0.007223724200352388,0.037088189251380355,0.023506814964082023,0.0102076513734779,0.016933389267008603,0.0,0.047813500699163514,0.026885744853793636,0.07254188539985607,0.03731445847770615,0.02281819474318575,5.551115123125783e-17,0.0,0.0544966741025254,0.02746282858065552,0.03559446785430187,0.0,0.0,0.0,0.006632255327092662,-0.0008655831411455428,-2.5186883463090837e-05,0.0,0.0453566602947702,0.0,0.03362583988628215,0.0038502699468694335,0.0,0.022817443635908763,0.03669797285698423,0.041496901216937054,0.036782803178558254,0.0,0.028537021398573892,0.024930514538484883,0.024931472078868422,0.013128446184552056,0.02565836700034274,0.03597741588842385,0.030671464848207375,0.012159304525691028,0.0012066207070670631,0.02943562389965948,0.0,0.030927407362444703
0.0,0.0007109524578615689,0.010126500049511045,0.011305201298477507,0.007526042086695994,0.026890791656523583,0.03186291208513781,0.06053685046811075,0.02881187790647305,0.029776084043105833,0.015808890566632372,0.04702167981640831,0.03642829291821603,0.024286368484006948,0.0,-0.0007675334016327695,0.011135412091022534,-0.0005519702726025644,0.0,-0.0014610334445696038,0.0014921854695257308,0.003067242158583061,-0.02633525234068107,0.0036306168529782745,0.00395518851220461,0.007326017503830828,0.01871490384930108,0.03327036470224992,0.0013371460485202546,0.011236537429193949,0.031134181704159103,0.03086796513605483,0.008249077429164309,0.02658218415344149,0.01701536371291984,0.005409055905134019,0.02645941149192904,0.008588732122794429,0.03933772907758881,8.682246351199296e-05,0.017275598405445347,0.0013565383601948922,0.04405582004265318,5.551115123125783e-17,-1.6653345369377348e-16,0.0,5.551115123125783e-17,-0.06155864361914809,0.0,0.04391964311509822,0.03863229848674887,0.02440908936696784,0.040748248407372456,0.04128498161428895,0.04380452378148314,0.028798976455787717,0.0006139058527649954,0.04467549170145346,0.04199401439480932,-0.0006712590076020652,0.0,0.0,0.0,0.06154881608894147,-0.0012359083673404991,0.0,-0.0006381044230138189,0.02886825689406225,0.0,0.0,0.002478259119929105,0.03786251557022058,0.0367452120835825,-0.015265612513612359,0.001728637076100159,0.045790310582805804
0.03308289371941098,0.024974432740133334,0.01018466449076838,0.030715666181437284,0.03129224668120134,0.04125100300995538,0.015191314618631213,0.027888674838682626,0.01770855937428012,0.0018028439753619008,-3.678429231307456e-05,0.001906662327731512,0.018120694789698244,0.0015638550972623122,0.04305884383948788,0.03261135709668406,0.016634796665294993,0.028164048161399446,-0.0014610334445696038,0.0,0.039441065231865136,0.020635349382155055,0.05082485355065902,0.047853421027296394,0.02663563586437645,0.0014664543640779404,0.05610350763770733,0.028907040419138552,0.026160730676409227,0.03019677017686556,0.009010509313952919,0.012857818493585194,0.022291218091028853,0.02194632357319415,0.018902771832895737,0.023753877357565734,0.019899476483310197,-0.0014135892672874628,0.013178645762924213,0.05696757586868478,0.035533026085052544,0.027696145392100913,-0.06413790181971568,0.00035572292268898353,-0.00784351912179243,0.006040074158788378,0.026164576259440853,0.0031819351427215814,0.0,0.001104366152047398,0.036899877335481224,0.022355201824534265,0.048910420157414036,-0.0029299716954238053,0.0009461685391641828,-0.0018628956244404749,-0.00030989292625854814,0.028501377162211294,0.0,0.04242087722727761,0.01715250778138777,0.0003624039291977854,0.021663572886097715,0.00027440846592363677,0.04166446293279863,0.043085977177226176,0.027856048092611885,0.03421248253898029,-0.002267722189099819,0.023857696609571433,0.03638086247304423,0.03592904478249731,0.03506169171092838,0.030849022381464475,0.026377881251763546,0.030094729730532233
-0.005640890093766782,0.03366861204826671,0.003024788083331287,0.0002029775533568534,0.0038876510963280486,0.01891762123112184,0.010056317236196544,-0.005992944358797825,0.008224883646546444,0.015346355564510195,0.00583477371300084,0.0362459129999011,0.01002506363875555,-0.019896245535789947,0.01271241548891111,0.03405640153486017,0.020301745584208886,0.03912176962085334,0.0014921854695257308,0.039441065231865136,0.0,0.02747311762686372,0.017499270852682713,0.023519413710894777,0.042142939499514254,0.030813928655951728,0.03439475726189567,0.010933208555906015,0.010803862352625593,0.0001463759749230631,0.020386309439658246,0.007578443851569083,0.05039075503115742,0.019788068688372573,0.0059087578785190775,-0.09553120733025,-0.0006471666870619952,0.0259707273503767,0.031902591801704516,0.08488662018489623,0.04034375909568483,0.0070307865347192244,8.740181465172192e-05,0.0,-0.0003057538098127366,-0.14783553176730468,0.03886991702196657,0.0015268221845784469,0.0,-0.00011537094686142613,0.0445647166994822,0.006291366733641446,0.01943723280111498,0.0009441197835307613,-0.0012109207248137688,0.0,9.340849639288828e-05,0.03326969995079554,0.0,0.04184593465270975,0.026524168432747852,0.0,0.048310126341588155,0.0,0.05498085164830685,-0.0042789118247256175,0.03753243749298296,0.04646849977376938,-0.0029752413245804354,0.017862010204290957,0.030023688229927292,0.048154757712422946,0.04151466610475507,0.03353555055227053,0.04268295856851101,0.03882155947327498
0.03302031983424869,0.025603353263206508,3.799973898160891e-05,-0.001057119310545307,-0.0013298688606511733,0.029132507163085575,0.007569726811489708,0.014225583499732686,0.009027484431516797,0.024230142635087715,-1.8571844570602902e-05,0.004190106118028891,0.0076756491540369565,0.003121552734025923,0.005704995013618819,0.03626046966372226,0.02653763098422901,0.030583774794528618,0.003067242158583061,0.020635349382155055,0.02747311762686372,0.0,0.00357082727623792,0.040938905751071175,0.0308450213078163,0.015487018463531399,0.04317469520103712,0.021352087874171366,0.03343681345560695,0.011091316197686385,0.010787672030450168,-0.0021033698919068478,0.01742467946639853,0.012513199261136698,0.00105374241077838,0.02623608591888893,-0.0009948278073305672,-0.0011158079499181683,0.0006840772047703725,0.029591637055073228,0.02507660527313227,0.00760198791522998,-0.06321053140334798,0.0,-0.052513535057137795,0.016384157820683642,0.02388802309262622,0.0010416389248300573,0.0,4.040312878988983e-05,0.023604809131734628,0.01397442680925498,0.025115761661250957,0.0279416875608427,0.0033801063594323666,0.0,0.0018579991120503125,0.03090604082449605,0.0,0.030585128204893564,0.018403286879049408,0.00596058291746937,0.032727980946034796,-1.1102230246251565e-16,0.05271034052480633,0.016583428089175456,0.020025600610178218,0.03430291542036751,0.0009295076931236101,0.03123465372949813,0.02898058011059379,0.03636126814132051,0.04407731765947681,0.03039370830292587,0.029795894559401237,0.03311308229992016
0.024904767173582476,0.01666710751459849,-0.029484625662396402,0.027902136887899442,0.023283584397270296,0.037543643947357486,0.036519360416772284,0.03484392653528112,0.02331820504258081,0.030469693039970103,0.03643438587346032,0.05380987448030472,0.03507059902052584,0.01824926550977718,0.011692913622160572,0.026238692425164023,0.017612540618665573,0.039833052614663134,-0.02633525234068107,0.05082485355065902,0.017499270852682713,0.00357082727623792,0.0,0.03710945037437946,0.05425066576622245,0.03271408653457464,0.054437298889048025,0.0375968824922423,0.02998776700932332,0.032411318718465754,0.022082913528369386,0.018349513859334754,0.03575634258610405,0.016956750719304692,0.016889218511726867,0.01295364800999449,0.022001035810889524,0.06070044901797805,0.040769518989146714,0.053791352121106806,0.04283427851592658,0.026669503456411614,0.044573997076656824,-0.014583573935699645,0.01662867824556369,-0.03897155518050527,0.039630214069638015,-0.04734051084915636,-3.592079939274129e-05,0.03462573536664171,0.035864536850911066,0.02828387012484035,0.040488016546123884,0.04044330300017085,0.04365703632851459,0.07786873498486557,-0.009526140955855356,0.03720649052999914,0.021857523463165163,0.039127596110374085,0.03227723481638978,0.0007530168135971849,0.01847347135286831,0.07124999662167464,0.03367927979927621,0.04142536792128637,0.028570944688035727,0.03902426461225983,0.0010082866050514783,0.04604142434804276,0.03679706720614778,0.041028465926781554,0.03613737417388263,0.03598303206793835,0.031244042915604342,0.028256743153786013
-0.0045935675862791014,0.04503339015602942,0.0008440708629164906,-0.00437044426341604,0.009536470726505708,0.03178760789013513,0.007606254829685577,0.016673928316759845,-0.008549884968226618,0.056480984102902754,0.01333760137415374,0.05047879018856788,0.027886234112794395,0.005104753878683255,0.026732245826159073,0.022812000030280055,0.026693472076233182,0.02660620268476116,0.0036306168529782745,0.047853421027296394,0.023519413710894777,0.040938905751071175,0.03710945037437946,0.0,0.022943592639925903,0.007830768236341601,0.016689641237150388,0.02848559593686656,0.04652086183461912,0.0037185515756122944,0.047648873076875264,-0.0357683401768249,0.08166064420134334,0.014410859023646083,0.011297133492443823,0.021003275989478265,0.004701246788773095,0.03491605540632653,0.005241587586448104,0.16654278418110824,0.03064376035758365,0.08474337503986701,0.00289172494051243,-0.00011159083688561111,0.06670025596485613,0.0060281508954357355,0.052226892422678695,7.705126435453291e-05,0.0,0.0,-0.0014229512848410453,0.0008516589226820748,0.00034242856065758165,0.0007205285626472047,0.048180462111859834,-0.0010375433492311181,0.0015493751277717016,0.0038843487283357625,0.0,0.037559588242452424,0.029515645844989113,0.05212358002065598,0.05092561808481466,0.0,0.001111083259383805,0.04921705388174702,0.05212300243564866,-0.0012833949790341803,-0.03759223582858212,0.05295192502958762,0.03541773354032107,0.031239553995644376,0.001792187108729526,0.002204084340722612,0.0,0.06076048927629374
0.027830552868487346,0.03181832284576802,-0.04901497029487195,0.0,0.0022729850678029906,0.03543786607220839,0.02170180969416674,0.028671163305254488,0.029435540464141596,0.026925171618016663,0.009486166646790695,0.009346953608355468,0.019643126590787485,-6.302047733525162e-05,0.0372483733746557,0.017467988204734386,0.03465938028289772,0.030480265105863713,0.00395518851220461,0.02663563586437645,0.042142939499514254,0.0308450213078163,0.05425066576622245,0.022943592639925903,0.0,0.02889108252398731,0.037144629890381475,0.027255791564059606,0.03025642898608022,0.03560516575313011,0.029578228307810983,0.007229802527190965,0.044933290684418314,0.01914371632261891,0.004457705035842252,0.004736253430604076,-0.00015010407349819177,0.047926057906906794,0.02562741118102907,0.0885640090036438,0.04232705610866633,0.03246511816750597,-0.0006895902473966209,0.0,0.04564381848733301,0.03669994117936076,0.04092649737427817,0.0,0.0,0.0,0.011103058263137011,-0.0007225577251819826,0.02480840851972349,0.00015240335436356167,0.04566248232219394,0.0,0.038985622419460075,0.050369122985799486,0.0,0.04556337410542083,0.03682694132130887,0.0474569819530104,0.04090667225190664,0.0,0.03265042599478579,0.02698938605935597,0.02377811307851313,0.01969159472809462,0.03436240356168929,0.04014365866810593,0.03536704446571032,0.026521772156815226,0.02980248168629923,0.022846867577013208,0.0,0.031614646546503644
0.011940651186784002,0.031056508975203068,0.009961422458281632,0.002096255277493797,-0.006945256351542639,0.024202219103878986,0.013425867418288606,0.02385512204482959,0.006506859333825443,-0.02634576802201616,0.007382716505999087,-0.031257545402275544,0.012974088252402816,0.004730504313470496,0.01735845045347606,0.015604455719741006,0.01935010958449973,0.022161435001695373,0.007326017503830828,0.0014664543640779404,0.030813928655951728,0.015487018463531399,0.03271408653457464,0.007830768236341601,0.02889108252398731,0.0,0.04057606238075484,0.025967746651291257,0.020497769226694607,0.04005907407806625,0.02362264169684558,0.002222119075785678,0.03722810619104133,0.012484616867703913,0.0012199893396784844,0.01436086524040675,0.015099969136883107,0.04639344956523189,0.019372695758765213,0.07782815945963717,0.03273402213821941,0.03285294903487063,0.03125794945654642,0.0,0.05171378560222545,0.01748407410471231,0.032487337104948444,0.0012123851378887385,0.0,0.0004862060385422695,0.0225518516334951,0.012526311952708868,0.025733090570141615,0.0035881597359456174,0.04517869722576923,8.98491234053167e-05,0.02849997646360486,0.023685528163693126,0.0,0.035999947878494476,0.030334301628252458,0.0453560355683455,0.040003725995220285,-5.551115123125783e-17,0.055457774830651285,0.009027963730555755,0.029021258723590848,0.030937075263183955,0.03282498922164728,0.038650827121839926,0.03231176453312262,0.04144114245778513,0.040051278679716196,0.03355483151466876,7.33353533509673e-05,0.03078452476875626
0.027617171635794024,0.03896099577532425,0.048176097940805185,0.019049914936940138,0.017317104484915358,0.052053743592620993,0.034224871772783105,0.028880986824399768,0.006675291425009333,0.019869316685683203,0.015525371226599471,0.013581809930407585,0.03594292011869071,0.008952101610576912,0.05556771053268483,0.027766864330115937,0.019767191659769423,0.03049627585917325,0.01871490384930108,0.05610350763770733,0.03439475726189567,0.04317469520103712,0.054437298889048025,0.016689641237150388,0.037144629890381475,0.04057606238075484,0.0,0.03181000172282622,0.05218909443411296,0.025320975798362788,0.028437950051821148,0.02630569641716518,0.032799733935661934,0.025548540347995252,0.03279448793149242,0.024676932381887506,0.015220270386578527,0.002315188897126841,0.029211499096235605,0.0418518876870958,0.04134015362250809,0.027847603811666177,0.02873280731723632,0.04004767995937958,0.008919272193682604,0.00020008784720582096,0.031644700518123625,-0.08486090023451115,-1.6653345369377348e-16,0.03443457818377249,0.03713980832063679,0.029698854196876567,0.03489866305930317,0.03892373934972382,0.0410977987010267,0.055060951459182106,0.004833624267413794,0.03579631904743752,0.004009410007410286,0.03974742892180366,0.03159961056557353,7.481059792369127e-05,0.0436745508665094,0.04324472924047096,0.03687519260073879,0.04954728894411198,0.03339796530503719,0.03470079681188687,-0.0001800878722181265,0.016334566654688798,0.047171041085297905,0.04235721260230041,0.03516117219994075,0.04082403967372866,0.03997297964872226,0.03392645142990197
