0.0,-0.10758114677477582,0.001935589848338637,0.0,-0.00018467464534044353,-0.0659189334184091,-0.07151955761430417,-0.11878205255384905,-0.06788273889652902,-0.10805121353004565,0.00023795125489661784,-0.09172010735430314,-0.07868659791319516,-0.005975135536466003,-0.055329518339432504,-0.10789315236396463,-0.09208589548157758,-0.061546865258010064,0.0,-0.07161159235375852,-0.12094108625848787,-0.06806256914151487,-0.0880441640438076,-0.08270739924483306,-0.07721991478293383,-0.08117223414753783,-0.07959630397884754,-0.08906886766717603,-0.08418441127544157,-0.08901264006349302,-0.08043610109324101,-0.0583236360425905,-0.07712681711333408,-0.07371216902783284,-0.07358603345501386,0.0015853409150200504,0.0,-0.0019925885032734403,-0.07541264122181573,-0.13718719373782823,-0.09938126913264944,-0.08935280315384991,0.0,0.0,0.006226914537621919,-0.07295742699390356,-0.15828058029048997,0.0,0.0,0.0,-0.08186549853046249,0.0,-0.10955659909446458,0.0,-0.103367168336927,0.0,-0.10755144760644714,-0.0024260444976462736,0.0,-0.10444587634724212,-0.12867670969896028,-0.01244361565503127,-0.10781806668464722,0.0,-0.007741445575653982,-0.007782537940645817,-0.14949645245130072,-0.10319419175247513,-0.09820871083040283,-0.10497033880502005,-0.11492646600849887,-0.004269887454071752,0.0002512030323560954,-0.10099712917880987,0.0,-0.12017322044250522
-0.10758114677477582,0.0,-0.04526732607891848,0.0,-0.031077331511164485,-0.0345492879842062,-0.0318304465313064,-0.004790311785261014,-0.019062769542786517,-0.003686582388551296,-0.0006884120097616075,-0.0012474462712460666,-0.04476695546540471,0.0,-0.046704535460491636,-0.07001976850340591,-0.005139470127252299,-0.04328295927871961,-0.0005873798560335763,-0.050214063447328816,-0.04803437263543403,-0.033310221568074616,-0.05972871673861235,-0.06662452183403128,-0.04743238109962511,-0.06152849695099255,-0.055626226928629396,-0.03730029975861848,-0.04291285510987686,-0.049802769071411734,-0.030427202556002564,-0.0033111303019273675,-0.039931542615818605,-0.017504833303095435,-0.020371277441309843,-0.005773175402369712,0.0009764946839706523,-0.00019805318180227127,-0.08603300115894108,-0.13837729151502914,-0.10031429617013837,-0.08173117561658144,0.0025397452964538436,0.0,-3.567076670152325e-05,-0.1390715254401198,-0.1334015274716251,0.0018657863040164036,0.0,-5.551115123125783e-17,-0.09405781056692958,-0.1062836601549158,-0.004843446560519271,1.4855641417621523e-05,-0.12599153503248733,0.0,-0.002582107915698295,-0.10603132912822999,0.0,-0.09259835053060778,-0.11711471880397861,-0.15155884413783355,-0.11277423894943556,0.0,-0.10380068162877759,-0.10180248603365832,-0.11196296101520614,-0.11128633140400374,-0.0021831881348803317,-0.13404106384223918,-0.11671705022956069,-0.10493858854213584,-0.1122675837792042,-0.09324998549438868,0.002454043140786455,-0.10316408816270256
0.001935589848338637,-0.04526732607891848,0.0,-0.06550064478469392,-0.05015546820900135,-0.040217146302469586,-0.06395235381494407,-0.07690059857313725,-0.06409332920963096,-0.05988037318449879,-0.049547227479967704,-0.052513763578387995,-0.06228327047588822,-0.06972017009503523,-0.0016838930849961131,-0.0008716919272959145,-0.07177965189099228,0.0019492742780106154,-0.07010636259907765,-0.0017411922832228366,-0.06254028862454819,-0.024279883505073818,-0.03460623806132063,-0.052983570287023385,0.0023695597853027883,-0.028424213058630465,-0.04592447813174072,-0.05450622417650153,-0.05525983212269364,-0.06414772629109677,-0.050690357031787925,-0.059685499611159376,-0.0335889780223626,-0.055289567106715676,-0.05298140232900034,-0.06989815435297525,-0.07319956117196552,-0.05182880253668881,-0.07191581121465879,-0.0033383540307882487,-0.09859998084052857,-0.0005147870825692458,-0.07242566386378363,-0.0008411701322190712,-6.969884276819549e-05,0.0,0.0022432073823830945,0.05748201837462813,0.00015473246829800225,-0.08378691872230903,-0.08090806690086538,-0.09860796952013301,-0.06300283208354057,-0.06077139525315084,-0.00107674449884132,0.018801622636834825,0.00011444061859949839,-0.10085749751720491,-0.07962140445290666,0.0012750145951732628,-0.0002713357340607403,0.0,0.0,0.06478052927204753,0.008639732483437634,-0.001213419790576542,0.006041688305624404,-0.06741247720447846,0.0,0.0,-0.001801529598564111,-0.06583118511536284,-0.10416803515668027,-0.09835641463495348,6.503492344323014e-05,-0.09130428880973712
0.0,0.0,-0.06550064478469392,0.0,-0.04545741401938813,-0.06341288291238162,-0.06698261928021335,-0.050721893969122744,-0.06793690916558953,0.0226300974812656,-0.047222872058493126,-0.09134401015314533,-0.056202770921586265,-0.05145706235351516,0.001467359787364897,0.0,0.00015127218916394236,0.0,-0.06752408174632257,0.0001154971246640768,-0.0004597833191978262,-0.0004675168241726757,-0.0587555490962855,0.0012994251009393887,0.0,-0.0007236470518071636,-0.06953069809908052,-0.003080396731263646,-0.0006873720701563446,-0.00010971800158832146,-0.0033286897757081046,-0.05121593352167231,-0.010382723415147288,0.0006264870085882501,-0.028991158863200417,-0.03500714946271927,-0.013871922396792052,-0.0023904996426764025,-0.0005625029982196383,0.0,0.0004269493302401228,0.0,-0.00037498504097566165,0.0,0.0,0.0,0.0,-3.058589425630753e-05,0.0,0.0,5.615541607001395e-05,0.0,0.0,7.160551682150462e-05,0.0,7.33059738160513e-05,0.0,-5.390465575527692e-05,0.0,0.0,0.0,0.0,0.0,0.0,0.0,0.0,0.0,-0.07596425590320893,0.0,0.0,0.0,0.00089272710147692,7.018592878832441e-05,0.0001691099515650496,0.0,0.0
-0.00018467464534044353,-0.031077331511164485,-0.05015546820900135,-0.04545741401938813,0.0,-0.05243403487024628,-0.09012989895568368,-0.06320002886482756,-0.03554013725693045,-0.06878227821132399,-0.04573904345896468,-0.06055294719224741,-0.09814497379421389,-0.04191849825389621,-0.0009353596073159443,-0.043863075998311185,-0.0687235343498867,-0.004242721479842004,-0.049670304648392616,-0.04025802204364526,-0.06050295705765951,-0.040100956703756685,-0.0668934501889284,-0.06630448728442712,-0.050316080551858766,-0.046119345622208485,-0.051976681104896116,-0.0722167515991608,-0.0513574733107548,-0.003359658279946942,-0.059718698941366055,-0.035414111921222735,-0.024722827687146398,-0.05565482881773942,-0.03606136918602243,-0.04744849569830811,-0.0460999049967003,-0.0754854461579042,-0.06152047334411059,0.0060225186467691705,-0.11040819185112605,0.0019039022954360219,-0.08137715632583903,7.528732990708109e-05,0.0017897392166105197,0.0,-7.863394769724863e-05,-0.07886744397526452,0.0,-0.11173159681235623,-0.09702246189258451,-0.10786391759506114,-0.09822835837616728,-0.08314500370978428,-0.0005031034082417785,-0.0517869229207088,0.0026139019147303766,-0.11032560776415556,0.001428898478770424,0.0011209930101283572,-0.0010677412544308762,0.0,0.0,-0.08945771512440553,-0.0007400184376912811,0.0,0.0011841218965796818,-0.08115259437249145,0.0,-0.0002593172191400761,-0.0009816853392910496,-0.08788066184232579,-0.1151056394791874,-0.09675898723650167,0.003291170831923096,-0.11294100707542243
-0.0659189334184091,-0.0345492879842062,-0.040217146302469586,-0.06341288291238162,-0.05243403487024628,0.0,-0.0491111165961286,-0.06488182805911014,-0.05851406508669593,-0.0510621469889021,-0.057429371017862385,-0.040693377609767045,-0.08084977731904364,-0.06801196569191587,-0.05515339248226275,-0.07806999209230742,-0.030538031644765873,-0.06573061999774849,-0.02035663910812696,-0.05503547972613304,-0.060044445074211195,-0.04300185741007295,-0.05106771033892776,-0.07370701459251056,-0.04572044655998675,-0.057149651969418624,-0.046744853504862405,-0.07098824574281992,-0.0359817516616453,-0.05571781808722276,-0.046305875640093586,-0.059937107860353556,-0.07673779694436111,-0.053952682660513895,-0.05185765292543759,-0.061975820865998565,-0.05585719846590631,-0.04193844711852057,-0.10730923649248691,-0.08969412413406497,-0.1312549184453281,-0.12783561049229897,-0.11114322481863231,0.0022607603215495375,0.0016300738284227845,-0.07375669822663983,-0.09903852961221449,-0.08321309767924673,0.0,-0.10910767816516759,-0.09579250240051917,-0.11706952308422885,-0.08038611729777212,-0.09534747997246218,-0.10882834306264222,-0.08231610038283044,0.0025855965971815498,-0.12018482309529166,-0.07426359448830744,-0.08742546087149006,-0.09485285529290077,5.551115123125783e-17,-0.002678059259417387,-0.10058653751985291,-0.09842262079959402,-0.0810946234199616,-0.08615259586758262,-0.09149761371322795,0.0,-0.10723608455826122,-0.0930297309676959,-0.0927283461713378,-0.119116977628338,-0.11272504690088053,-0.12621722464642882,-0.12372734517912465
-0.07151955761430417,-0.0318304465313064,-0.06395235381494407,-0.06698261928021335,-0.09012989895568368,-0.0491111165961286,0.0,-0.075031640286982,-0.07655498628912732,-0.041900930243023105,-0.07172020767331816,-0.02238154604369491,-0.04714088816074685,-0.0878060023349772,-0.043824284490583454,-0.060967968087411784,-0.017916673937100946,-0.06358456116741634,-0.06078257450934421,-0.0485622585217767,-0.07221664218586049,-0.04344558042377733,-0.07181137733963544,-0.043810168587627873,-0.050981362475539305,-0.03077520704629172,-0.06006795452525543,-0.04376825163152426,-0.04660523433139374,-0.043665462737842164,-0.03248342702101353,-0.05819533417028078,-0.058037654947522443,-0.019737524828725872,-0.030391726416287346,-0.08921349072085766,-0.011207145764479287,-0.027394861594044195,-0.09226485313669724,-0.0006899637560363603,-0.09751455871640141,0.0010309237634072987,-0.12703781340536147,0.0007524774436233894,-0.0014085766083208329,0.00018956486032495334,-0.09155285108939909,-0.08469476058020564,0.0,-0.10643278261288991,-0.09660125080360532,-0.10683016126420547,-0.08037083604900697,-0.09254711665763776,-0.047883872634181646,-0.08583399101753708,0.0035033667174810823,-0.11322787480406032,0.0020764356409868068,-0.08946772133669473,-0.003921828773204072,1.1102230246251565e-16,-0.0002660089836652446,-0.09147091073964131,-0.10547903558773841,-0.09232415718929199,-0.08735472242905207,-0.08493601791839916,-5.196778024219029e-05,-0.05798933899082098,-0.07848619333403783,-0.09159271489426002,-0.11173028132154739,-0.10597085301302478,-0.1306263863775255,-0.10891761610656531
-0.11878205255384905,-0.004790311785261014,-0.07690059857313725,-0.050721893969122744,-0.06320002886482756,-0.06488182805911014,-0.075031640286982,0.0,-0.06880607124714783,-0.08183545299224754,-0.10200741000570432,-0.10383247581245941,-0.0787963379875124,-0.043622704309870086,-0.15094298183012012,-0.004459425729512523,-0.004247417173796342,-0.0032781205133567415,-0.08092140525928715,-0.0820304371491612,-0.08299151942075056,-0.059866445572051674,-0.07229625225773595,-0.1454406857752213,-0.005967174479618531,-0.1178655818638345,-0.07778944682347089,-0.07287130393203295,-0.07364600947135347,-0.09317849726865918,-0.06873476304470383,-0.05641064418010372,-0.036978819600376245,-0.07410612283123463,-0.09042536083638147,-0.03908954421024308,-0.021477025152113693,-0.10666141541736635,-0.08639719784268168,-0.20415877013579764,-0.08674086688956728,-0.10334675589260867,-0.07001543094375207,-6.993523079923403e-06,0.00030244801610224137,-0.0004733371896326055,-0.10043803380397143,-0.06593573175327916,0.0,-0.06946045373564891,-0.07898622343261025,-0.10013586931543672,-0.07144763912503399,-0.06463232577718231,-4.457849076971998e-05,-0.03340891582069655,-1.1102230246251565e-16,-0.10305832944264842,0.0046860618509388385,-0.10288832981450752,-0.002724370586591196,0.0,7.510086200201993e-06,-0.04915960790056667,-0.1401041951224008,-0.09508222312069403,-0.10100630999296295,-0.07793093954635699,0.00016807623149406314,-0.1377450982304248,-0.10181361712580822,-0.07463739240907385,-0.10170921604968197,-0.09161983580059418,-0.00036599699716133305,-0.09911402417210624
-0.06788273889652902,-0.019062769542786517,-0.06409332920963096,-0.06793690916558953,-0.03554013725693045,-0.05851406508669593,-0.07655498628912732,-0.06880607124714783,0.0,-0.05525474599513425,-0.05806448020580063,-0.05041380680317198,-0.0873495387811975,-0.0602329465525277,-0.041898931394715455,-0.06198541457031326,-0.04861577017390706,-0.046714929317937526,-0.0336294331186229,-0.026097907605366677,-0.06105284215087359,-0.03020994143451955,-0.06051961148456214,-0.055747579387449564,-0.03843674454661,-0.03355381526485113,-0.06302673978320111,-0.04720211473334285,-0.04165876553625136,-0.05385422633685577,-0.04874104131294699,-0.06518780975515742,-0.06392537239758767,-0.05213591784999605,-0.04968562733676929,-0.07118104864431851,-0.05887024513514333,-0.047122384841601916,-0.08670084992988047,-0.0011700982560920448,-0.09833839107818954,-0.07696519061456214,-0.06510426392550034,0.0009525052120327726,0.0019521530059047332,0.0,-0.08877648670357197,-0.049169535731231784,-0.0007349909520374398,-0.08809384036340223,-0.08085373790832584,-0.0976679099565873,-0.05003258676742067,-0.07053423650879109,-0.0896954653357227,-0.04599816568093501,-0.030237207786641296,-0.10290006349484404,-0.06846315346845916,-0.0820070185032234,-0.000301680854817743,5.551115123125783e-17,0.0,-0.06755887726745619,-0.10353927319931217,-0.0933144585351226,-0.08580349290409667,-0.06700270931490071,-0.0015947895716533766,0.001030291062616262,-0.09208216754772452,-0.06993727804709787,-0.10485446863080522,-0.09183745345484495,-0.11712739629930607,-0.10004797332338417
-0.10805121353004565,-0.003686582388551296,-0.05988037318449879,0.0226300974812656,-0.06878227821132399,-0.0510621469889021,-0.041900930243023105,-0.08183545299224754,-0.05525474599513425,0.0,-0.06313127729356599,-0.08417345277521404,-0.054504063342982245,-0.023978203059635106,0.011122619895410746,-0.06889435025782609,-0.08349037662038139,-0.07505903317432866,-0.055455966303366244,-0.014850420168843859,-0.010344791528069164,-0.009371681538557164,-0.07146130173815907,-0.07017889505175384,-0.06459466085774573,-0.04241132985424095,-0.06304382367789169,-0.04280889296818585,-0.05318567767379356,-0.05930819545415633,-0.0781704663242127,-0.06368124702308825,-0.06177264602268512,-0.03582542451467913,-0.048811337733077165,-0.06714625417439873,-0.013504232218131296,-0.04625716108077588,-0.04911617558287101,-0.1525282422349747,-0.0833031784701746,-0.08931475110250758,0.03849848614119017,-0.0005861100249070494,-0.08107061858801023,-0.007070662857340204,-0.0018130133076341148,-0.11751280324350499,-1.1102230246251565e-16,1.6653345369377348e-16,-0.10282389680730314,-2.7886060998849604e-05,-0.0008990201757794747,-0.05973578439313082,-0.13135635555171515,-0.0018415856087394822,-0.21024916805896549,-0.030217068297459793,0.0,-0.0019645885059272894,-0.11208324461952512,-0.10696234006813582,-0.10277214388088263,-6.53753785773703e-05,-0.06450004475196469,6.15279838951932e-05,0.001651260244948216,-0.08083378302981892,-0.13904809015682934,-0.10120605212465345,-0.0961893645163035,-0.08745287931855461,-0.025062429734360347,0.0026872585891721257,-1.1102230246251565e-16,-0.1119725459162762
0.00023795125489661784,-0.0006884120097616075,-0.049547227479967704,-0.047222872058493126,-0.04573904345896468,-0.057429371017862385,-0.07172020767331816,-0.10200741000570432,-0.05806448020580063,-0.06313127729356599,0.0,-0.05923406073726045,-0.06972931850864589,-0.036518662875498764,0.0,-8.308875825646655e-06,0.003064817181443913,-0.0047124989837933895,-0.03128852086545236,3.818650296821824e-05,0.0015349095703671711,-0.000529701406595251,-0.08959358731123424,-0.07087592765582212,-0.001223578817320714,-0.05274182683703171,-0.02927725484731647,-0.06350184679997789,-0.006011776561476279,-0.008210252783295957,-0.059844934090058644,-0.030618945317384128,-0.03056968155766948,-0.05163193165173291,-0.057976996181431595,-0.03183258103803788,-0.04961032865556125,-0.06230271066095833,-0.04302457412353217,0.0035804309023788616,0.0003511723378100684,5.719315275004577e-05,-0.0796243791801921,0.0008258936510836534,0.003777194898804903,0.0,5.551115123125783e-17,-0.0007603562544447051,-6.701785229773494e-05,-0.05908094302659245,-0.08171485018915825,-0.08284330399805212,-0.06557724286179079,-0.05275895526497909,-0.001085518169553934,0.10114264217232316,0.0006649420935906925,-0.08861139801478951,-0.07025297622837445,-0.0003954777041471069,0.0,0.0,0.0,0.0834624606044368,0.001684299613319895,0.0,0.0011336637932904403,-0.06006606661581565,0.0,0.0,0.00011995925272406671,-0.058523021318183044,-0.0822813548851532,0.0036024004752063243,0.0013133820976513055,-0.006656518985638682
-0.09172010735430314,-0.0012474462712460666,-0.052513763578387995,-0.09134401015314533,-0.06055294719224741,-0.040693377609767045,-0.02238154604369491,-0.10383247581245941,-0.05041380680317198,-0.08417345277521404,-0.05923406073726045,0.0,-0.042224694731365975,0.002315782098404884,-0.0015232181735093664,-0.003127248630585444,-0.08213918864842412,-0.05003500841276187,-0.052041291675289314,-0.026197946603756683,-0.007410308855412717,0.05074194765219553,-0.0801191669537944,-0.07385338628931506,-0.05795280367387573,-0.011640597794643992,-0.0622282166546545,-0.030459684307073798,-0.03674891830415428,-0.01779476876400632,-0.0790146841677527,-0.0016568814348956185,-0.04245166967405972,-0.008708776366382953,-0.03579675626911161,-0.010754812305401096,-0.007949207844792638,-0.0037137216544544938,-0.022211616970579717,-0.15012813405032172,-0.04977641063908622,0.014536420469884626,-0.004613504226486487,-0.0007845505944369113,-0.09713740595352738,-0.05853940581816358,0.00016363555764947746,-0.0006192404345605751,0.0,-3.6552149351720686e-07,0.004949495808153737,0.0024021610558990214,0.0,-0.0005999549265512383,-0.1219182896932065,-0.0012145097533596827,-0.19762584819439138,-0.0025369743372788967,0.0,-0.0007344885335989759,-0.10058598284772508,-0.09912178441795766,-0.09020146767249354,0.0,0.0007897741097721567,0.00013594542849210134,-0.0002936030770282483,-0.028265710813910327,-0.107305398054377,-0.08986073068158007,-0.08707268677617958,-0.023003490742207144,-0.033261279528654375,-0.0017222366234534436,0.0,-0.1179080831779808
-0.07868659791319516,-0.04476695546540471,-0.06228327047588822,-0.056202770921586265,-0.09814497379421389,-0.08084977731904364,-0.04714088816074685,-0.0787963379875124,-0.0873495387811975,-0.054504063342982245,-0.06972931850864589,-0.042224694731365975,0.0,-0.09442669364639322,-0.0525554910117908,-0.06244511796720448,-0.048924707881305984,-0.067978975837234,-0.06126515663503329,-0.06047881602363725,-0.08010156528848178,-0.05124516321995415,-0.06793508855012104,-0.05161765675363278,-0.06084251998137402,-0.045380753867429124,-0.054525047769937496,-0.05534971356517526,-0.056279227926323006,-0.038651793476915386,-0.05020819205998672,-0.060171932492184665,-0.06826952724541324,-0.02948500799740722,-0.032474697377893325,-0.09246293932826488,-0.04874020843053456,-0.03431454187855315,-0.09613286401549898,-0.07569085788942292,-0.10877528331204989,0.0011815148269860298,-0.12757160954687302,-0.0017580433286429331,0.0008406937580199836,-0.0003571582416318497,-0.0869411871556029,-0.08081153261205187,0.0,-0.10270050064547692,-0.09589993881279502,-0.11535803955102053,-0.07965687174299246,-0.08329241732893278,-0.05661178490834917,-0.07649907936072081,-0.06461079304977652,-0.11855218808776485,0.002930590530943966,-0.10308158222626024,-0.09789143499347153,-0.0006520778381941539,-0.06816067136199017,-0.08422335289271748,-0.10846205901049877,-0.09889544652205423,-0.09344886392021645,-0.08868424511856765,-0.025024876613316982,-0.07212473273050718,-0.08519931610593767,-0.09245055288681325,-0.1168205340944759,-0.11780130051876903,-0.12971533444593403,-0.11593116207374515
-0.005975135536466003,0.0,-0.06972017009503523,-0.05145706235351516,-0.04191849825389621,-0.06801196569191587,-0.0878060023349772,-0.043622704309870086,-0.0602329465525277,-0.023978203059635106,-0.036518662875498764,0.002315782098404884,-0.09442669364639322,0.0,-8.195822330070435e-05,0.0,0.0,0.0,-0.0573987390554902,-0.0019851468866681765,-0.0793264025794897,-0.001894391363554293,-0.06038091859850192,0.0024538504657930504,6.542280667903855e-05,-0.0039440818689661095,-0.06849789969250586,-0.048723679823851784,-0.008507944882749308,7.528109657706228e-06,-0.001614691711216365,0.04643287367270649,-0.00335915506347112,-0.008831003212739663,-0.019448452879040956,-0.017014798717215368,-0.024570172293072456,-0.006530548709844375,0.00382232333812077,0.0,0.0009817399651763647,0.0,-0.0654861337478086,0.0,0.0,0.0,0.0,-0.05576176829402529,0.0,-0.007256938175556171,-0.07717148304317506,-0.005783441151742008,-0.05787930540805625,-0.05772146638514908,0.0,0.004889870982169697,0.0008365586371432698,-0.0010758568793427514,-0.001146970086446042,-5.551115123125783e-17,0.0,0.0,0.0,-0.04145153271084867,-0.0015829954701586102,0.0,0.0,-0.06497944170019343,-0.0002438336194126589,0.0,0.0,-0.007663695889799427,-0.06292659654687155,0.0002412986028014208,0.0,-5.551115123125783e-17
-0.055329518339432504,-0.046704535460491636,-0.0016838930849961131,0.001467359787364897,-0.0009353596073159443,-0.05515339248226275,-0.043824284490583454,-0.15094298183012012,-0.041898931394715455,0.011122619895410746,0.0,-0.0015232181735093664,-0.0525554910117908,-8.195822330070435e-05,0.0,-0.06241312411040356,-0.0030395227899312482,-0.07984031936276542,0.0,-0.024296234251992677,-0.057312390908160815,0.002760215647347797,-0.05640653594648937,-0.09755006237650393,-0.08023212057142343,-0.026810992150589186,-0.049421090432974824,-0.05858365246940561,-0.06104645075046672,-0.11463699608000522,-0.04671605553252062,-0.02735354266352169,-0.10174536121455763,-0.031170656362133786,-0.038184034250317245,-0.023071183740405732,-0.03030330236975054,-0.0043250368373652925,-0.07689263615760045,-0.09180943582192341,-0.09028306627196525,-0.08690911346133262,-0.0019327040169155318,0.0004289469340055252,0.0018762585696586176,-0.10238833263332364,-0.11838257390528828,-0.0005858785733094396,0.0,0.0,-0.0768360702686226,0.003473042984561636,-0.1416536626282765,0.001197776596632616,2.3045570640367607e-05,0.0,-0.0009836406762273597,0.00795813710581278,0.0,-0.07813208421122964,-0.1147648342165492,0.0004132767004318971,0.0011244022608404847,0.0,-0.10443753297841252,-0.07718470961784801,-0.09482608814738369,-0.09357973513525003,0.0023888794000755387,-0.12166311625222398,-0.10320539296010772,-0.08276600606242496,-0.10876092750136834,-0.11718539664570071,0.00430371288724174,-0.09943409933013359
-0.10789315236396463,-0.07001976850340591,-0.0008716919272959145,0.0,-0.043863075998311185,-0.07806999209230742,-0.060967968087411784,-0.004459425729512523,-0.06198541457031326,-0.06889435025782609,-8.308875825646655e-06,-0.003127248630585444,-0.06244511796720448,0.0,-0.06241312411040356,0.0,-0.06597117418902715,-0.05778115314547505,0.00150052327212441,-0.05241012684976537,-0.08343541130939158,-0.11068025265050291,-0.0894809559829276,-0.06287836444049244,-0.05597845060264328,-0.07855913572911366,-0.07802131603154622,-0.06593566963627984,-0.05516026235670263,-0.08051731736831841,-0.09643068382742703,-0.03639147732462278,-0.06681533622991948,-0.06336273526663755,-0.05618985520683911,-0.0074816149938944365,0.0024722590577272996,-0.002615465341111456,-0.10004078840627884,-0.1282919838207668,-0.11242606992211973,-0.10050113836539004,0.0010474951803783328,0.0,0.0,-0.14349917075064222,-0.14644296136477597,0.0,0.0,0.0,-0.11506436347070387,-0.0037087627267276546,-0.006974892047102221,0.0,-0.10573125012069723,0.0,-0.004057929867110177,-0.1216482620007085,0.0,-0.09311625837581278,-0.12216181750721455,-0.0989663574233654,-0.08822731054834188,0.0,-0.006703954958309,-0.006509319284366377,-0.12028544452062617,-0.11588775619672104,-0.0773393256393381,-0.10711134898613961,-0.11298316212696574,-0.15911232467746889,-0.009870395615585947,-0.14087499619715554,0.0003461951092817994,-0.11412652652269689
-0.09208589548157758,-0.005139470127252299,-0.07177965189099228,0.00015127218916394236,-0.0687235343498867,-0.030538031644765873,-0.017916673937100946,-0.004247417173796342,-0.04861577017390706,-0.08349037662038139,0.003064817181443913,-0.08213918864842412,-0.048924707881305984,0.0,-0.0030395227899312482,-0.06597117418902715,0.0,-0.07101503967674822,-0.05974105404507257,-0.09017761382633155,-0.009054189572984706,-0.07043537348485857,-0.06384296585184301,-0.07237380990138259,-0.058244943572528074,-0.029996117131921296,-0.039428656315135646,-0.03209554075513382,-0.07127239673243185,-0.0035435133190041546,-0.04746600275434837,-0.042920870055670524,-0.04169666665689864,-0.021545798875361122,-0.03469717342528539,-0.03824151660955177,0.00020247150784608037,-0.0633596087832835,-0.06332177399602679,-0.11242945594249576,-0.0745118486605365,-0.010582752268540885,0.0,0.0,-0.008028490616821315,-0.0359206237231427,-0.1261884384251844,0.0,0.0,1.6653345369377348e-16,0.0014322422862013129,9.903521804621729e-05,0.0,0.0,-0.11186323423043276,-0.00017576092729948423,-0.14014047568866256,-0.0012468175264446768,0.0,0.0,-0.09946194117894142,-0.0974020779795749,-0.09289307306695155,0.0,0.0006669055613759967,-5.551115123125783e-17,-0.14561702488708556,-0.000795914354417615,-0.10706912666480178,-0.09105079107819136,-0.08108437455140288,0.0,-0.0024216790789107767,-0.001291070940622585,0.0,-0.08558223801535786
-0.061546865258010064,-0.04328295927871961,0.0019492742780106154,0.0,-0.004242721479842004,-0.06573061999774849,-0.06358456116741634,-0.0032781205133567415,-0.046714929317937526,-0.07505903317432866,-0.0047124989837933895,-0.05003500841276187,-0.067978975837234,0.0,-0.07984031936276542,-0.05778115314547505,-0.07101503967674822,0.0,0.006051908977156073,-0.08890527639226037,-0.11042996139661077,-0.08499013171800673,-0.0709911439182821,-0.042557328939993144,-0.033904598362584415,-0.03330641192494016,-0.059206991713389834,-0.0667146356651519,-0.08121202376241671,-0.07934432897136712,-0.07649122038465445,-0.0408199475643779,-0.03951871036016852,-0.02701285290237959,-0.04260883311217395,0.002322546030150585,0.0,-0.016203061627601156,-0.06040474933838019,-0.07552239700447355,-0.0668996666909848,-0.07468956686366818,5.551115123125783e-17,0.0,-0.00690910976165221,-0.07433791253404942,-0.10507985500789147,0.0,0.0,0.0,-0.07777123790180462,0.00012690448530466858,-0.0017924792079386243,0.0,-0.09555050996171716,0.0,-0.1082215247789503,-0.0037420338100637718,0.0,-0.10129021738314042,-0.08273867870263235,-0.07952813008454301,-0.07706717425986959,0.0,-0.007101301207250943,-0.0716266250265919,-0.10038596377289194,-0.11101854831639668,-0.07321749784082282,-0.07219228315644105,-0.06458258865237104,-0.008634475594229085,-0.058078830773512946,-0.08531096140206029,0.0,-0.07286467602662333
0.0,-0.0005873798560335763,-0.07010636259907765,-0.06752408174632257,-0.049670304648392616,-0.02035663910812696,-0.06078257450934421,-0.08092140525928715,-0.0336294331186229,-0.055455966303366244,-0.03128852086545236,-0.052041291675289314,-0.06126515663503329,-0.0573987390554902,0.0,0.00150052327212441,-0.05974105404507257,0.006051908977156073,0.0,-0.0006171345467970712,-0.004467062874433381,-0.0017179964026502459,0.011328723003984742,-0.04566400436107437,0.00807837783216675,-0.0502051211914088,-0.010043110107331998,-0.05454248599599287,0.0014533909498468667,-0.0049910795864197555,-0.05023258866375052,-0.04081054072584306,-0.0012691855222278225,-0.04723799964291736,-0.05034088122063274,-0.05650128048622083,-0.07533689927101239,-0.049988798509950416,0.0069049925835582004,0.0010109934999023018,0.005096317093849834,-0.0011034969604015732,-0.06118463850727718,5.551115123125783e-17,-1.6653345369377348e-16,0.0,5.551115123125783e-17,-0.009214370446833597,0.0,-0.10836069968462952,-0.08456461238355917,-0.10332273153629667,-0.04497076446038195,-0.07810736861375317,-0.0010707383835906192,0.033997693995310496,-0.0006373078342604699,-0.10553041059340612,-0.09793087770386877,-0.00026580441674789457,0.0,0.0,0.0,-0.0816333981292875,6.940796959381546e-05,0.0,0.0006445556143969133,-0.06418084620700432,0.0,0.0,-0.0022419355238041394,-0.07497995267574192,-0.09773509926545737,0.0018566830703566906,-0.0006140945598563929,-0.08559479383716212
-0.07161159235375852,-0.050214063447328816,-0.0017411922832228366,0.0001154971246640768,-0.04025802204364526,-0.05503547972613304,-0.0485622585217767,-0.0820304371491612,-0.026097907605366677,-0.014850420168843859,3.818650296821824e-05,-0.026197946603756683,-0.06047881602363725,-0.0019851468866681765,-0.024296234251992677,-0.05241012684976537,-0.09017761382633155,-0.08890527639226037,-0.0006171345467970712,0.0,-0.07250355378051881,-0.03936378377045141,-0.021857809221949853,-0.11026743768470992,-0.05992316907169509,-0.05616503766322767,-0.03838197785315689,-0.07152388911392094,-0.04693264524866675,-0.06364445782441835,-0.06309458839787635,-0.012577956784804556,-0.08294607660687942,-0.029409162742394468,-0.030879564122782588,-0.03324433190412135,-0.04878521407190095,-0.016843924504104435,-0.10236559764236047,-0.12325844949012787,-0.11814994291240233,-0.11040666469448723,0.003793804586333216,-0.0006858572329637713,0.0011396910522967763,-0.0033872918236297345,-0.11925845882212177,0.0016044033191877083,0.0,-0.0019417409794348917,-0.130010143916079,0.00103770679001991,-0.0007278468055309517,-0.001488778219668252,0.0019385977299510304,0.0006682705792080967,-0.0007000946038182021,-0.12280044026797565,0.0,-0.10829975744230974,-0.13700841512882445,0.0008691359864883008,-0.0861664699893761,-0.0010552149774089026,-0.11850730424842637,-0.11240502204294678,-0.10747865122462769,-0.10997702884121918,0.00016586280413100063,-0.1284158366763543,-0.110089542501149,-0.09477133407549992,-0.1159285335160305,-0.12139505832462272,-0.13158259351673196,-0.11205885266310195
-0.12094108625848787,-0.04803437263543403,-0.06254028862454819,-0.0004597833191978262,-0.06050295705765951,-0.060044445074211195,-0.07221664218586049,-0.08299151942075056,-0.06105284215087359,-0.010344791528069164,0.0015349095703671711,-0.007410308855412717,-0.08010156528848178,-0.0793264025794897,-0.057312390908160815,-0.08343541130939158,-0.009054189572984706,-0.11042996139661077,-0.004467062874433381,-0.07250355378051881,0.0,-0.04201472457471905,-0.06127965989351286,-0.16803769458284995,-0.1333640404915334,-0.06772009710374516,-0.06553534115553994,-0.0885797497166187,-0.08540843150240485,-0.11476740505810779,-0.07135067721758503,-0.04700392353400501,-0.11457699120872367,-0.05824177408038461,-0.057603602813045274,-0.05355068048043943,-0.003889242857261277,-0.0038213618720712716,-0.07498986533254726,-0.1071412501729031,-0.09775185125358399,-0.07703781804450299,-0.00703228213206103,0.0,0.001046691723748383,-0.0838280978934387,-0.1376372620587643,-0.00038442390282344974,0.0,0.00011976886675646448,-0.11233316623865214,-0.0034875880587558195,-0.10237062918254908,0.002388221456807227,4.124864415838703e-05,0.0,-0.0002785940614788429,-0.002374534337568901,0.0,-0.09505410958203403,-0.10720966262728127,0.0,-0.004789393203039727,0.0,-0.11986836351365393,-0.0690992870565098,-0.09627651837052031,-0.09594712229154456,0.0063641906504227075,-0.13180257685759905,-0.11465228582796555,-0.0853177171711787,-0.11890761499909042,-0.13353763550069947,-0.00011971907812269311,-0.11434849815409637
-0.06806256914151487,-0.033310221568074616,-0.024279883505073818,-0.0004675168241726757,-0.040100956703756685,-0.04300185741007295,-0.04344558042377733,-0.059866445572051674,-0.03020994143451955,-0.009371681538557164,-0.000529701406595251,0.05074194765219553,-0.05124516321995415,-0.001894391363554293,0.002760215647347797,-0.11068025265050291,-0.07043537348485857,-0.08499013171800673,-0.0017179964026502459,-0.03936378377045141,-0.04201472457471905,0.0,-0.04779387499713755,-0.024161906537231548,-0.05877894621386753,-0.04812062662399008,-0.03322760569619454,-0.061479048260221714,-0.03411031649974161,-0.055145141956909116,-0.04666748112277158,-0.0014317915255908087,-0.056573578790653056,-0.007373106041405841,-0.01925551254162411,-0.004505144012169171,-0.01692973925169411,-0.002228496077745834,-0.08138131523232345,-0.09777978812521065,-0.09045380692255539,-0.08903018261074608,-0.008709459478299042,0.0,-0.0018292836254968359,-0.10893486533261904,-0.1131488622622075,-0.00011761983699754008,0.0,0.0008171004522923853,-0.08395964341281992,-0.004560755812439032,-0.11402550197625244,-0.00605413565835361,-0.13875353843840627,0.0,0.00012130946403565712,-0.10354609768244988,0.0,-0.09188674322635759,-0.10131533199504172,-0.0025087722904847953,-0.1055661686717625,-1.1102230246251565e-16,-0.10213492614040376,-0.07358695729542741,-0.09237150256188997,-0.0869757669837844,0.001257088823282848,-0.09733071317244779,-0.10298350952058016,-0.08386123049232908,-0.1037300115721444,-0.09978453565489176,-0.0030551291600252606,-0.09817531629411569
-0.0880441640438076,-0.05972871673861235,-0.03460623806132063,-0.0587555490962855,-0.0668934501889284,-0.05106771033892776,-0.07181137733963544,-0.07229625225773595,-0.06051961148456214,-0.07146130173815907,-0.08959358731123424,-0.0801191669537944,-0.06793508855012104,-0.06038091859850192,-0.05640653594648937,-0.0894809559829276,-0.06384296585184301,-0.0709911439182821,0.011328723003984742,-0.021857809221949853,-0.06127965989351286,-0.04779387499713755,0.0,-0.1227519857226902,-0.08458342961294496,-0.06704027330513818,-0.06433721911211299,-0.06356235872795268,-0.0682958889324955,-0.08520983342378491,-0.05927861307928456,-0.06895116629507031,-0.10390450107124083,-0.06669705473394566,-0.07438021145205587,-0.0725768478294867,-0.07876440743376212,-0.06226333991709382,-0.10562941323015196,-0.11090499723461766,-0.119090642111644,-0.10345402153696254,-0.10170667373064901,0.005696167787967665,0.004749002798290269,-0.10169183204299359,-0.10607482997155465,-0.02596655014347865,3.729009385194937e-05,-0.10692941351728064,-0.08841679257048068,-0.10480533065121383,-0.06279377618005094,-0.06795473304953004,-0.11044176456167243,-0.031616820870585205,-0.06255661105810983,-0.10870686616046421,-0.09062267643232913,-0.10476580462028096,-0.11585237822771,-0.000446193102078829,0.0015626442201512325,-0.048336585388244147,-0.11832216808128004,-0.10566246120463041,-0.09480604001505966,-0.0779866562419978,-0.0003265810961847193,-0.12196852593796403,-0.11298800692602129,-0.08429325223974804,-0.11474370016242541,-0.10824352943358406,-0.13103332299288056,-0.11579538112022464
-0.08270739924483306,-0.06662452183403128,-0.052983570287023385,0.0012994251009393887,-0.06630448728442712,-0.07370701459251056,-0.043810168587627873,-0.1454406857752213,-0.055747579387449564,-0.07017889505175384,-0.07087592765582212,-0.07385338628931506,-0.05161765675363278,0.0024538504657930504,-0.09755006237650393,-0.06287836444049244,-0.07237380990138259,-0.042557328939993144,-0.04566400436107437,-0.11026743768470992,-0.16803769458284995,-0.024161906537231548,-0.1227519857226902,0.0,-0.04117256877407521,-0.040936990179004984,-0.10318913164561255,-0.04215465917630479,-0.10116322285604357,-0.0014663795157603965,-0.06645154377537071,-0.04795215849593476,-0.052183304977999556,-0.01306915933602959,-0.052934405857014144,0.019529591291903015,-0.007786682919517451,-0.03803135520639894,0.012783679593113106,-0.11615921079507452,-0.05301653427205033,-0.1243425820430446,-0.001743682480175368,-0.00032786444422744365,-0.09638059790233341,-0.06790599944207087,-0.12093946968140212,-7.998844479401024e-05,0.0,0.0,-0.002137366631378479,0.0010449977335304506,-0.0002443699178690806,-0.0027110052494765946,-0.11142853669613456,0.0003070555331994296,-0.13142015934498436,-0.003152985199623093,0.0,0.001546032160026467,-0.10533287070331238,-0.09247977967916238,-0.09778091232031899,0.0,-0.0004503279341440125,-0.0036615120378436505,-0.14245730292853293,-0.011485161006308309,-0.13087240939015948,-0.0925924283633845,-0.08519016282723635,-0.0007450699578439024,0.00851130657052318,-0.0027949978335224945,0.0,-0.09344775720152015
-0.07721991478293383,-0.04743238109962511,0.0023695597853027883,0.0,-0.050316080551858766,-0.04572044655998675,-0.050981362475539305,-0.005967174479618531,-0.03843674454661,-0.06459466085774573,-0.001223578817320714,-0.05795280367387573,-0.06084251998137402,6.542280667903855e-05,-0.08023212057142343,-0.05597845060264328,-0.058244943572528074,-0.033904598362584415,0.00807837783216675,-0.05992316907169509,-0.1333640404915334,-0.05877894621386753,-0.08458342961294496,-0.04117256877407521,0.0,-0.0358562092328934,-0.05901417564336203,-0.06549887476423177,-0.05931670049344939,-0.0815972774075977,-0.04617296241528224,-0.03632631383803786,-0.04213785922252716,-0.030047644527858686,-0.04310786135485428,-0.032574209379893915,0.0009064443512301623,-0.04016808103678865,-0.08664013389927533,-0.10802363230893641,-0.09519432313524318,-0.09535238073607438,0.0005071078858401856,0.0,-0.007345750575809273,-0.09969362868892884,-0.14465743578425283,0.0,0.0,0.0,-0.10347050734502106,-0.10265631454300073,-0.11282169801687891,5.235676830545044e-05,-0.10640086898562756,0.0,-0.14068645924070639,-0.10435069622032561,0.0,-0.10178146082204426,-0.10831874566875449,-0.0889208418666384,-0.08031173358064753,0.0,-0.08341997313667127,-0.10427230062875775,-0.11186600048791234,-0.12785117439168509,-0.0812643339064062,-0.08565195352942562,-0.08152125543305994,-0.12332672017076707,-0.00823963494469876,-0.102648530334081,0.0,-0.09497495371923059
-0.08117223414753783,-0.06152849695099255,-0.028424213058630465,-0.0007236470518071636,-0.046119345622208485,-0.057149651969418624,-0.03077520704629172,-0.1178655818638345,-0.03355381526485113,-0.04241132985424095,-0.05274182683703171,-0.011640597794643992,-0.045380753867429124,-0.0039440818689661095,-0.026810992150589186,-0.07855913572911366,-0.029996117131921296,-0.03330641192494016,-0.0502051211914088,-0.05616503766322767,-0.06772009710374516,-0.04812062662399008,-0.06704027330513818,-0.040936990179004984,-0.0358562092328934,0.0,-0.043779266257240324,-0.047530255633320195,-0.06148094058355186,-0.10471986800547095,-0.051871754570291084,-0.037117289629865324,-0.038575826046508666,-0.03775958907660493,-0.04229922138963493,-0.0069206832157551745,-0.0017193866763011156,-0.04744481148909946,-0.08321459562048228,-0.10039688785622686,-0.09011214074549745,-0.07615942518144131,-0.002651127205705095,0.0,-0.01330448657720218,-0.11187663337730464,-0.13839191182888366,0.000998648628399823,0.0,-0.00024010944431801517,-0.09775872520388551,-0.11822824061614096,-0.11098796378560644,-0.002976473810346325,-0.09988052971910888,0.0001268865805421071,-0.11188284008882171,-0.10681077891790836,0.0,-0.09246645305261314,-0.11309024348637087,-0.0854236381034717,-0.07642918777399499,-5.551115123125783e-17,-0.10574152881044807,-0.10326609141430942,-0.11682075934822955,-0.11843514823550988,-0.07428162844033931,-0.08414760901248874,-0.09402967752433106,-0.10049830534021986,-0.09273931464887297,-0.10175678034568097,7.328975848835961e-05,-0.09732054144833746
