0.0,-0.008217854482121478,0.0022093566027349687,0.0,-1.914888896109579e-05,-0.002303784034429268,-0.0035019803980171904,-0.015160012713389903,-0.0033848797344054327,0.014121195577199541,0.00013517628206521914,0.022354499642848247,-0.027728043065865793,-0.005037049598443144,-0.0201101932481344,-0.011576959521427288,-0.01349639272322245,-0.0032966335889246245,0.0,0.018946833730047574,-0.015488513873620935,-0.016347727736516715,-0.02758051877625123,-0.018202635703670866,-0.0006558120789929012,-4.040889292200589e-05,0.003599374912080733,-0.029838479091062298,-0.008386113163301734,0.0014491869378887579,-0.011226446274535284,0.004763862048184242,-0.019763490859515398,-0.013766284188720779,0.008617018591961068,0.018050225126383046,0.0,-0.0015278341944396923,0.01883686709419402,0.010523249694675885,0.01720481866044815,-0.005699799163415731,0.0,0.0,0.07576054031398849,0.023810022278502707,0.015198228930535185,0.0,0.0,0.0,-0.0006492755808987227,0.0,-0.0008332514857565254,0.0,0.04850903267602341,0.0,0.004028320789764284,-0.0014619977328284017,0.0,0.009606362995067508,-0.0012277116002771815,0.07929816243721205,-0.007796927807211418,0.0,-0.008098423999247262,0.02560764005841476,0.019204893768721032,-0.003955170613884673,0.0013457382087562753,-0.0008164102408087515,0.011850540231539308,-0.004662918741301425,2.604720839938235e-05,0.0014286636659245344,0.0,0.018548181313335077
-0.008217854482121478,0.0,0.004196025219573241,0.0,-0.008543905181089939,0.01812595072009604,-0.015382634251434546,0.02962971321778568,-0.001224552017541125,0.01121060271111135,-0.00031579475190929296,0.021511634636533217,-0.019411819578961875,0.0,-0.0037808268449090465,0.014525361397022318,-0.021217376556143974,0.011626731703717696,0.00035769428430948436,-0.0007615089909785433,0.03416074471590558,0.010814423516017302,0.017026413723792655,0.007370374956430836,0.022940449759781767,-0.006096623662003697,0.01396170379447964,-0.02299244414727386,-0.012680572081226082,-0.03729779002195188,0.006387311335542156,0.032171934110386935,0.005853782835376742,0.01742612518131681,0.03086581288914586,0.10556992707462398,0.0013657838348145046,-2.0536107594670838e-05,0.0032048634300174683,0.0032525559380873204,-0.0045057436988135136,0.0053895436880648795,0.0030119245839443365,0.0,-3.698696967535664e-06,0.008285225846496547,-0.0013984372324372107,0.0023208351892020085,0.0,-5.551115123125783e-17,-0.0023056009100646535,0.004662028943772878,-0.004597676981452525,-0.0006471550375155011,0.00441149748059555,0.0,-0.0013074517430768928,0.0007109263592154358,0.0,0.006544422515660286,-0.006819399253233938,-0.025230258775530923,-0.008962220153074685,0.0,0.0291522001771769,0.0069556939863563705,0.022462220074170147,0.012087132975525328,-0.029587252226478122,0.00013741657520993655,-0.0014085236505068655,0.0314209598755365,-0.03094503707207158,0.0024635906152746245,0.0018425370591027557,0.0015154865749753
0.0022093566027349687,0.004196025219573241,0.0,-0.031383292640336735,-0.011301087230412676,-0.02302265265979697,-0.020498861992251205,-0.05683921046195217,-0.00622836568644114,-0.03111884333362519,0.0033084130825980496,-0.03203101659083807,-0.024644903150050135,-0.031714807397684175,-0.0008659131411203891,0.00043812154517391955,-0.043413766559022404,0.002293269174870771,-0.025830164559627777,0.005993966057762035,0.0019246879845110643,-0.00988899817388289,-0.031871013830468475,-0.04265299529323002,0.015113151074609088,0.002435526714676728,-0.005887143456927202,-0.029506764059536505,-0.025410430158697317,-0.01122894689549353,-0.03379071255949345,-0.023322374722824724,-0.0224758314338544,-0.027476371463612148,-0.0516496196405295,-0.04652248174956164,-0.031017405870247983,-0.018547976982007275,-0.023614251019275667,-0.003130858741602849,-0.03198625244839859,-0.0010224694986885607,-0.03478884297045054,-8.722081707274176e-05,-7.227063565873326e-06,0.0,0.002065842534470397,-0.13828811509067013,1.6044188679009697e-05,-0.031935644817696285,-0.03183261416306016,-0.022581422861920997,-0.03652462779905424,-0.029679802132938082,-0.0010191517693586283,-0.08096080949359502,0.000158515392125802,-0.02067959830928645,-0.044877390476379675,0.0012522281386045941,-2.813476551216665e-05,0.0,0.0,-0.2075355885576857,0.009288044269267992,-0.0011382214894716802,0.007946042466336567,-0.031027402735975484,0.0,0.0,-0.0018222632866956578,-0.022522229453547427,-0.03622684218505384,0.006242603031290761,0.0013609997589070222,-0.04095131060156937
0.0,0.0,-0.031383292640336735,0.0,-0.03379447760303983,0.004093986365440838,-0.027626576341490017,0.015173937201716059,-0.019777282438975974,-0.013044209769356552,-0.010840752745116589,-0.0014744743457100196,-0.03892700177946451,0.016198105118862327,0.002442717810153816,0.0,1.5685392804609677e-05,0.0,-0.030202730826067725,0.0008411051530574642,-0.0005607099577942254,-0.0005337255734297885,-0.014076538022717355,0.0009904817512275121,0.0,0.00022279840683447905,0.0013860319856626169,-0.014408341385878376,-0.0008437475943079975,-1.1376644723282148e-05,-0.0026585225021227843,-0.010253562917727388,-0.00824169881004816,-0.03027343834334917,-0.004995489532803821,0.014739361912244453,0.014631491230780974,-0.0009949178198668807,-5.8325859693952875e-05,0.0,4.42703182219617e-05,0.0,-0.00038517191438175447,0.0,0.0,0.0,0.0,-3.171447232386271e-06,0.0,0.0,5.822747486006197e-06,0.0,0.0,7.424766340191624e-06,0.0,7.601086495612197e-06,0.0,-5.5893664537842724e-06,0.0,0.0,0.0,0.0,0.0,0.0,0.0,0.0,0.0,0.0015648831158600052,0.0,0.0,0.0,0.0011618379588839156,7.277569449237742e-06,1.7534987971634663e-05,0.0,0.0
-1.914888896109579e-05,-0.008543905181089939,-0.011301087230412676,-0.03379447760303983,0.0,0.007954320447972507,0.005370585688238838,-0.008042058360873572,0.004417422601342924,-0.029150822168894308,-0.020023547782301587,-0.025827660553971843,-0.008777926337314002,-0.04223136350231388,1.86488865302481e-05,-0.03333362332787504,-0.00304500083287651,-0.0035786337986108974,-0.022760228760233425,-0.010940244454773151,-0.003457364054264278,-0.02042196746259617,-0.006494708272264893,-0.011167944011125364,-0.028569347329721384,0.002620007225515364,0.016220388174576106,-0.005133783640996981,-0.02055708455317462,-0.0010762830544622792,-0.021723614841571315,-0.007287717614201272,-0.03709951126672334,-0.011776253363617706,-0.042752919539592704,-0.020166628447754742,0.031132353596057316,-0.016359258773139762,-0.006826845473171084,0.0049019058532856485,-0.028594649749018042,-0.0001299759588992977,0.0008018742774101306,7.806533040333186e-06,0.001579207467442889,0.0,-3.090817314371774e-05,-0.04829574382111701,0.0,-0.007457513334771182,-0.023365397846670688,-0.023408579143184838,-0.020921878100011504,-0.0244296562313151,-0.0005170160899578002,-0.08687875828002561,0.0019990043290510906,-0.024611799444924087,0.0012223070750927434,0.0015356296655921198,-0.0008316478667484972,0.0,0.0,-0.02270231888233437,0.0006924261100425544,0.0,0.0026816093324410484,-0.030119809677477183,0.0,-0.0002523876739237152,-0.018018558593657585,-0.018400858150524946,-0.025088066276802323,-0.05714893079844563,0.003538185105802172,-0.023558821432346333
-0.002303784034429268,0.01812595072009604,-0.02302265265979697,0.004093986365440838,0.007954320447972507,0.0,0.0005372634376427099,-0.021284099946654478,-0.0033998630264597263,-0.021971697677218738,-0.009897595316870789,-0.01246203738351609,-0.00045038033364780405,-0.021298042950960272,0.007643044372299013,-0.012412579185980432,-0.014089600643217015,-0.019968454652243228,-0.005276255282021303,0.006276052340402238,-0.021461152801166727,-0.015479874094548707,-0.009559423015902124,-0.008469319889271576,-0.0016031814517734055,0.033472107185339495,0.009639100459322425,-0.00047152437849351525,0.016988731240625943,-0.011418600899831488,-0.00942790954941003,-0.010365477347532515,0.006489796134818537,0.001717446714449622,0.021359860822405874,-0.013320101495854608,-0.011064616115037562,-0.01646787995003829,-0.026750628191227643,0.01659165982031796,-0.009118650363590719,0.01221674051985866,-0.03341082557147973,0.004500995451087786,0.0018352826593150406,0.025226885467544036,0.00611267206737881,-0.028810636810214563,0.0,-0.03673052058852844,-0.022292277338347377,-0.019219524330635673,-0.014095019246651241,-0.03162664741725363,0.0010811865250377473,-0.04627780311453811,0.002391676627541972,-0.022897225741915772,0.004476119321188909,-0.023990086872883176,0.002394970408874264,5.551115123125783e-17,-0.001207730693591147,-0.04063213503529084,-0.004632577436640362,-0.008759606111082452,-0.0030133125585941056,-0.015216164471251736,0.0,0.00952516395117603,0.00602767166658269,-0.011585477906283115,-0.015530556539275597,-0.019963942105371446,-0.006008468820714374,-0.019583752876687288
-0.0035019803980171904,-0.015382634251434546,-0.020498861992251205,-0.027626576341490017,0.005370585688238838,0.0005372634376427099,0.0,-0.021508646032322776,0.006075163467512079,-0.007317630786300988,-0.01695763721226473,-0.011504541622629372,-0.013621153483918236,-0.009629961810834198,0.0036791854762704967,-0.023974795827296502,-0.003760686138768954,-0.02852180932827475,-0.029029137155912987,-0.012696914935174608,-0.02800397233074209,-0.026011670986366642,-0.02216812286839903,-0.025773705624972554,-0.014548532945697634,0.0026599168394653705,-4.7272527954111965e-05,0.010747414601982308,-0.00595030769792132,-0.01566539337438022,0.0012585932954024548,-0.012632035361379801,-0.0001984199944083942,0.003781161127940136,0.014558697742494853,-0.030878398911670435,-0.008792210534086409,-0.0057402868000294704,-0.006453770143501125,-0.0006082466824000043,-0.009358024899514428,-0.0009830036715610113,-0.014946578339645855,0.00048409368500024197,-0.0011186809282793808,0.0003056192235209032,-0.015566556096508866,-0.03509037779039964,0.0,-0.017886229321835034,-0.019788592064912014,-0.02021623693413732,-0.01459877917941188,-0.029725989856359436,0.000654485585657838,-0.0480393748568223,0.003580922550573462,-0.017703197817229843,0.002145105829342908,-0.03244425522548283,-0.027311810464494768,1.1102230246251565e-16,-2.758243548528494e-05,-0.03272117069917779,-0.02809492388991791,0.004854960851143508,0.0035194555313883824,-0.016881054743070334,-5.388532094252607e-06,0.0018960451193695826,-0.0053775094277293545,-0.016273913402490625,-0.020920460625876658,-0.029952464786592692,0.00933484302424481,-0.01700307297720538
-0.015160012713389903,0.02962971321778568,-0.05683921046195217,0.015173937201716059,-0.008042058360873572,-0.021284099946654478,-0.021508646032322776,0.0,-0.04847328826522268,-0.017249169715863766,-0.04369927230375492,-0.010426365427712747,-0.01847204236550387,0.03317502067615202,-0.004397376699107947,-0.011510158373849166,-0.009801440990836352,-0.0010187799684907572,-0.07000249059709923,0.01125454365302414,-0.040198310051990205,-0.014376473169814385,-0.007520027906878113,-0.01658952105262773,0.010252831554201924,-0.00474000822348597,-0.003393657537028638,-0.0218791253396724,-0.017335718715677184,-0.0114816812303416,-0.015747003856690478,0.008540179671869208,0.03582761326434947,-0.004692652208821146,-0.01201766110217034,-0.018883482347148484,0.007240421021810939,0.008795311671038364,-0.011181564111703846,0.008208586181642885,0.004138791133581954,0.0024993410740967725,-0.03449201886052117,-7.251574608568845e-07,0.0002620434445993469,-0.0016336003586183145,0.03344046189072858,-0.03983979954624822,0.0,0.004310706787300722,-0.01145177726706581,-0.008797604776044021,-0.02599950653758809,-0.017914439522183412,-0.00019864810469932825,-0.0022938665063842456,-1.1102230246251565e-16,-0.015742722876911697,0.004918502971241578,-0.013458256838296101,-0.0024166887168105,0.0,9.799482523831227e-06,-0.012228037865332886,-0.018362879422116285,-0.025172003212753424,-0.03041822522254889,-0.011896935636578121,-0.00035105838519811083,-0.01521115486068092,-0.014907982845240197,-0.010577937776959756,-0.025873219667893632,-0.027883530779245047,0.0008836415926583574,-0.020535975089693126
-0.0033848797344054327,-0.001224552017541125,-0.00622836568644114,-0.019777282438975974,0.004417422601342924,-0.0033998630264597263,0.006075163467512079,-0.04847328826522268,0.0,-0.021520712401167652,-0.019721765159134874,-0.021117317836055693,-0.018458954177409503,-0.011681335089135658,0.022551765650551225,-0.02096848291615322,-0.015523408104480108,-0.027067077860362165,-0.039522913918443564,-0.011989085671335886,-0.030732637872394608,-0.02680635670829129,-0.0035830791055968536,-0.011418655951498213,-0.013915290015757031,-1.268489392269867e-05,0.016100732671319784,-0.022785891896348498,-0.01696140942426566,-0.05151006866817659,-0.024775261304020635,-0.013027366445244937,-0.04699217708432607,-0.014314784521039237,-0.013917443774960625,-0.02168627824277708,-0.01692943408477171,-0.026108166851213033,-0.023057034678345634,9.966625776819393e-05,-0.025208721984237403,0.005296514176634126,-0.03921936790994135,0.0007258145542508032,0.0029535930605784078,0.0,0.00043041526964948673,-0.15228054415857595,-0.0004805780832431994,-0.024554222571252393,-0.029877600265673654,-0.027018251163409168,-0.03932537809987152,-0.0395591259688538,-0.00039454153411977444,-0.09023938736893083,0.0009358985230605299,-0.014721996637575008,-0.0542526048694244,0.00725372790411033,-0.00043861860725985524,5.551115123125783e-17,0.0,-0.046806732925427974,-0.044456604480141326,0.001551358807328651,0.0004290231603236716,-0.03328803398336588,-0.0013348859959437798,0.0011398209403364334,-0.00996348676550135,-0.02837268575809493,-0.01758898378975282,0.00792717443849339,0.006038069970180748,-0.03660136330757369
0.014121195577199541,0.01121060271111135,-0.03111884333362519,-0.013044209769356552,-0.029150822168894308,-0.021971697677218738,-0.007317630786300988,-0.017249169715863766,-0.021520712401167652,0.0,-0.036803306312646444,0.020984185499013375,0.0012138213000054687,-0.029244787928477234,0.0009715101091352651,-0.01707995516210753,-0.00518922535600741,-0.008736869872897679,-0.03837303656180063,0.04142110943941746,0.005876886513863477,0.03003599436311999,-0.023859656583680444,-0.0018390957995798596,0.0014429583303383064,0.020366645593844823,-0.013364222779590762,-0.004264785151254835,0.01481137284709444,-0.016333178106930024,-0.021175031802688038,0.0209959128394831,0.009655393647341803,0.0128970762823441,-0.016057900640108203,-0.03724445192268283,-0.03859137640607707,-0.0067384163081654624,0.006027106584080233,0.01901753528374589,0.07405930469007954,0.012762035493708523,-0.005232911753130287,-0.0001066701638055001,0.0379475550115822,-0.0037682368751912887,-0.00038783449923474045,0.0030298952010837654,-1.1102230246251565e-16,1.6653345369377348e-16,-0.016256918111769547,-0.0010412230635344355,-0.0008928816009932117,-0.0013419743986993193,0.008234023935852097,-0.0009660908996583784,0.010267507931940367,-0.00858993445856776,0.0,-0.0023171646914963984,0.0015568718174318041,0.01041331257803968,0.002938851439493184,-6.778764149562022e-06,-0.002277732300751789,6.379828315916658e-06,0.0012682375838692916,-0.021124102919617582,-0.00047698054309219806,-0.0033974976220990105,-0.0029607634375324876,-0.009005407712416091,-0.003689575297491976,-0.005136131227738261,-1.1102230246251565e-16,0.03879066313163243
0.00013517628206521914,-0.00031579475190929296,0.0033084130825980496,-0.010840752745116589,-0.020023547782301587,-0.009897595316870789,-0.01695763721226473,-0.04369927230375492,-0.019721765159134874,-0.036803306312646444,0.0,-0.036535282898375876,-0.034870434924513694,-0.0035048905802467223,0.0,-8.615462087635528e-07,0.005849988310617171,-0.002933221596925606,-0.006783181636150937,3.959553320387332e-06,0.002248978422514869,-3.6148899693611014e-06,-0.031105143473072916,-0.004555862498004548,-0.03299951033280235,-0.018556459008945647,0.007732981921916515,-0.03909762943823614,-0.004361126212637123,-0.00618528771406035,-0.045678260217465017,-0.05700246468355863,-0.058047255446760204,-0.02881881545792686,-0.026630370549643678,-0.07102578464667761,-0.0852304924361808,-0.04512955269814323,-0.10952382609830125,0.0027914192447403563,-0.03820036702576135,0.00018627778374974424,0.007316241563192938,8.563680081291603e-05,0.003770905402981861,0.0,5.551115123125783e-17,-0.07045682973086809,-6.949072027195857e-06,-0.027765233984601234,-0.0408699153289146,-0.019533203804762478,-0.07268564924057475,-0.02254816529321091,-0.0016013703657310474,-0.061448382456580186,0.0008989995541427431,-0.03027303581475488,-0.05421729700523242,-4.100702957521296e-05,0.0,0.0,0.0,0.013090890841722103,0.0024571939330673143,0.0,0.0008671550047470999,-0.048344362019216214,0.0,0.0,1.2438558666283406e-05,-0.03196260192448386,0.0010312610663277821,-0.11236263186415307,0.0014047878633288713,-0.00472553651114993
0.022354499642848247,0.021511634636533217,-0.03203101659083807,-0.0014744743457100196,-0.025827660553971843,-0.01246203738351609,-0.011504541622629372,-0.010426365427712747,-0.021117317836055693,0.020984185499013375,-0.036535282898375876,0.0,0.0028715042226821197,-0.003359077163516022,-0.0006657965639025876,-0.010129469519144396,0.0086741281186688,0.014559561226152762,-0.04120355239766055,0.040623851664782495,-0.0008253765079053177,0.08029434234685784,-0.0229382937433249,0.015265607406396653,0.013538591953664691,0.005080458109540498,-0.00457439267948756,0.01274679188395289,0.010260858966748276,0.0013432039472608959,0.013358386525975485,0.03797425661682635,0.002445296552982812,0.024166301640990484,-0.007602599366289098,-0.004139268610892033,0.011269810972084404,-0.003359398368491917,-0.019689459850347257,0.0394598270575362,0.08491156688001761,0.014078132202580307,-0.0014735699888924758,-0.0008363914116483462,0.06249180617092476,-0.006188124849116239,0.0006754113709404042,-0.0006781114538024213,0.0,-3.790087416133403e-08,0.00010629733414058151,0.002660665162115161,0.0,-0.0007227247033541606,0.014456653178213319,-0.0014990638797556244,0.021531867073158795,-0.0018283598924900835,0.0,-0.0006088984467723102,0.0012366380582161662,0.010934461652816863,0.0013801635723152406,0.0,0.0006650054115880932,1.4096163066412704e-05,-3.04436632884153e-05,0.0370969713651384,0.006364030262564657,0.013544362707156754,0.0009174120753471238,0.0008005243889864788,0.008143740875733108,0.03616238955273959,0.0,0.03897965789040525
-0.027728043065865793,-0.019411819578961875,-0.024644903150050135,-0.03892700177946451,-0.008777926337314002,-0.00045038033364780405,-0.013621153483918236,-0.01847204236550387,-0.018458954177409503,0.0012138213000054687,-0.034870434924513694,0.0028715042226821197,0.0,-0.020573425258539446,-0.014981027153639803,-0.02708706851308884,0.004982757421932382,-0.02247566330490458,-0.03696914107045074,-0.024259544672363964,-0.02672840488569872,-0.03231095886327312,-0.018834175040329137,0.0030226036264696665,-0.019154867760782845,0.003636995673000465,1.0216272301855067e-05,0.0018913740191178752,-0.019496644451452327,-0.006826916503059055,-0.00512706101081839,-0.00447943530888989,-0.009958453457582894,0.0077903889406782945,0.003770373673293581,-0.028788651236931362,-0.02028866026544157,-0.004535121822607624,-0.012715761773533896,-0.004322709591764118,-0.019933213571394492,0.0019995876911476085,-0.022726936452380053,-0.0006155015823414711,0.0013837869065518316,-0.018543148145576394,-0.012866412075611788,-0.03155427964426816,0.0,-0.02703967227374926,-0.01816284916454558,-0.022223600934292875,-0.016606744262885165,-0.029664827957848194,0.0048944866815312515,-0.060163734302107974,0.04257721901715655,-0.011127654603779402,0.0024655969697883195,-0.027851034682540965,-0.022468080639247212,-0.00043907051948172127,0.0009446615887754861,-0.03136567831478981,-0.02553384300160766,-0.029184506794755483,-0.01914146738889594,-0.014491315976674635,-0.0006153111525514232,-0.026583895635720167,-0.006057477044725368,-0.014080058014423469,-0.01805556733829744,-0.02228457668197259,0.005861944764829485,-0.027332303727504614
-0.005037049598443144,0.0,-0.031714807397684175,0.016198105118862327,-0.04223136350231388,-0.021298042950960272,-0.009629961810834198,0.03317502067615202,-0.011681335089135658,-0.029244787928477234,-0.0035048905802467223,-0.003359077163516022,-0.020573425258539446,0.0,-2.107627115177646e-05,0.0,0.0,0.0,-0.0372832973456958,-0.001704071975249799,-0.0004012239157532571,-0.00139487069607791,-0.01249615399612325,-0.006548649776486726,6.78368196299628e-06,-0.0020757854524726116,-0.011506542613545723,-0.004932655941546571,-0.007102505806872161,7.805886707012988e-07,-0.04140044800127374,-0.052525229657673006,-0.003449151674996709,-0.03790779725788074,-0.011899212289142092,-0.03802220605447365,-0.03461722798619493,-0.005314225829216035,0.001356175204180965,0.0,0.000819539694386695,0.0,0.011467596063805596,0.0,0.0,0.0,0.0,-0.03227474337107933,0.0,-0.006386281071004363,-0.04145586940098367,-0.005630418806208348,0.009098907835093817,0.004766856051284352,0.0,0.005140173877955845,0.0008375500092476229,-0.00015895102191088029,-0.0017023541773514284,-5.551115123125783e-17,0.0,0.0,0.0,0.002530320507128203,-0.0018189538951151052,0.0,0.0,-0.04125436915398861,-2.5283074969462138e-05,0.0,0.0,-0.07550900668240879,0.0021562437095407616,-0.00014629617118250282,0.0,-5.551115123125783e-17
-0.0201101932481344,-0.0037808268449090465,-0.0008659131411203891,0.002442717810153816,1.86488865302481e-05,0.007643044372299013,0.0036791854762704967,-0.004397376699107947,0.022551765650551225,0.0009715101091352651,0.0,-0.0006657965639025876,-0.014981027153639803,-2.107627115177646e-05,0.0,-0.0037395087379864522,-0.0025145778713636657,-0.004225734710584461,0.0,-0.034038474828363974,-0.015873059634614384,-0.015181390520697113,-0.005940013454074078,-0.027645295090009625,-0.005023186012850567,0.010657833232159297,-0.021367987130350874,-0.017805904899266978,-0.01588450950307002,-0.0008124476706556916,0.031074167216538884,0.033082616137842025,0.022852584253953978,0.037959584778793465,0.03609224964005475,0.03050340574308652,0.02591108882616794,-0.0030905692813633645,-0.009968954557971144,-0.046013418663972405,-0.007368414014857549,0.00939717451059019,-0.004079320993483737,0.0007942446688191662,0.0014993530201618532,0.006837981062277787,-0.0035822310117870626,0.0004857162949834515,0.0,0.0,-0.061068425136667714,0.003536472294060844,-0.015488162245229087,0.0019365479613426828,2.3895920981398255e-06,0.0,-0.0007276418000797813,-0.05532537782579916,0.0,-0.021181956303508,-0.015786606205225484,0.0005359821018349198,-0.03438399828870203,0.0,-0.014884608081513762,-0.02306027529025495,-0.011090035866794634,-0.015879762303826594,0.0012948901919460076,-0.017158548241147764,0.0023591751239717684,-0.011791576628426226,-0.036382178832419954,-0.023474127035105097,-0.007223388651415752,-0.009415634884187674
-0.011576959521427288,0.014525361397022318,0.00043812154517391955,0.0,-0.03333362332787504,-0.012412579185980432,-0.023974795827296502,-0.011510158373849166,-0.02096848291615322,-0.01707995516210753,-8.615462087635528e-07,-0.010129469519144396,-0.02708706851308884,0.0,-0.0037395087379864522,0.0,-0.006478233548537438,0.0015610308685113372,0.0016051473646241932,0.008898143432126138,-0.012320973434540028,0.01966331138256655,-0.008034615082125107,-0.009580311398491248,-0.0032185058100260844,0.012942219219927775,0.00011338061381649389,-0.0237199308158203,-0.021903665308945275,-0.02359447644810586,-0.013832776185634943,-0.014297343053341793,-0.02748019548671815,-0.015591374951110959,-0.004335322509217365,-0.007331027974636695,0.001769054792055469,-0.0031132572116589485,-0.011290893530164325,0.00034386134109742894,-0.014525482268740841,-0.01636477309378509,0.0007806499939357892,0.0,0.0,-0.013336234476409747,-0.012532249601179768,0.0,0.0,0.0,-0.005461417368318955,-0.002531523346518849,-0.006101831457199336,0.0,0.01586196037771942,0.0,0.047010812494021115,-0.0027978748759757144,0.0,-0.02977198266264225,-0.016842786550098077,0.007084664315459677,-0.01331810840330161,0.0,-0.030444030333619643,-0.017934726453521566,-0.013554970456577775,-0.007368662198784293,-0.0009613602099328156,-0.01061787365926159,-0.01104334624775749,-0.0029123828036897725,-0.0069670847860964225,0.0017241613436753123,0.00033648087138249405,-0.012558036621442836
-0.01349639272322245,-0.021217376556143974,-0.043413766559022404,1.5685392804609677e-05,-0.00304500083287651,-0.014089600643217015,-0.003760686138768954,-0.009801440990836352,-0.015523408104480108,-0.00518922535600741,0.005849988310617171,0.0086741281186688,0.004982757421932382,0.0,-0.0025145778713636657,-0.006478233548537438,0.0,0.01803573644222406,-0.03144853905077877,-0.009996693438134141,0.0005653824301140586,-0.019191968698018314,-0.019181046037123672,0.002750030464822306,0.018920516598409265,0.017808905125607954,-0.015575918792557986,-0.006928480631894107,-0.05167471627070891,-0.0021698167453277906,0.00026746594633120235,-0.008449339680350942,-0.0007359604207071158,0.004467250212435714,0.016681160676774387,0.0011163377246176664,0.0006879702358246753,-0.011810211185289021,0.00784619613618609,0.03834807686954844,0.014269668129708757,-0.010011052860451453,0.0,0.0,-0.004031224673846978,-0.001937515202972806,-5.3904788207603804e-05,0.0,0.0,1.6653345369377348e-16,0.001508435864192248,1.0268948344827056e-05,0.0,0.0,0.013944908117513422,-1.822462674488934e-05,0.014934161398017343,-0.0008938037059691428,0.0,0.0,-0.012629471467772935,0.006198129023122723,-0.0007631380152467448,0.0,0.0005875836973102677,-5.551115123125783e-17,0.0029358018969312116,-8.25282516023762e-05,0.015725000910605413,-0.00694685963444347,0.0012029720293185164,0.0,-0.0019714381170721773,-0.0006560233419267147,0.0,0.020869854295637036
-0.0032966335889246245,0.011626731703717696,0.002293269174870771,0.0,-0.0035786337986108974,-0.019968454652243228,-0.02852180932827475,-0.0010187799684907572,-0.027067077860362165,-0.008736869872897679,-0.002933221596925606,0.014559561226152762,-0.02247566330490458,0.0,-0.004225734710584461,0.0015610308685113372,0.01803573644222406,0.0,-0.027225414747101717,-0.0009583143707964648,-0.003507275294671486,-0.0013746163479962936,-0.02442010096906333,0.0051671107901439806,0.013817392553004959,0.01756537491673632,-0.011743938486276528,-0.017437598518586728,-0.0396351527920607,-0.011005548131522491,-0.0035784301190592838,-0.012139321209371723,-0.0071644325294690225,-0.006922637687652056,-0.004364241861700313,0.0014190177127221815,0.0,-0.010308895007961727,-0.0024923910418896966,0.02143521499712403,0.0065322422441403405,0.0028771051548636684,5.551115123125783e-17,0.0,-0.00550651812210734,-0.004107533813792308,-0.00656526073977548,0.0,0.0,0.0,-0.0023651234721870362,1.3158708891958248e-05,-0.0017464255196028566,0.0,0.02186577110879101,0.0,0.025916512181454465,0.013193474365658986,0.0,-0.0017403167115531137,-0.008753930790264874,0.0016552394315881291,0.0007510322636852806,0.0,-0.004976686328299396,-0.003935237164568506,-0.017768376490440996,0.002955337882732001,0.01569115754971645,-0.0023421057186356897,0.0041280077056201625,-0.007057531899597402,-0.002777088088873725,0.017226487959115022,0.0,0.02076590044938459
0.0,0.00035769428430948436,-0.025830164559627777,-0.030202730826067725,-0.022760228760233425,-0.005276255282021303,-0.029029137155912987,-0.07000249059709923,-0.039522913918443564,-0.03837303656180063,-0.006783181636150937,-0.04120355239766055,-0.03696914107045074,-0.0372832973456958,0.0,0.0016051473646241932,-0.03144853905077877,-0.027225414747101717,0.0,-0.0005926716955232392,-0.005419240759076849,-0.0004675168586674161,-0.0021834457129574214,-0.05948027450678367,-0.03357362161853478,0.004786223845208826,0.0006290221111624472,-0.04232563102521858,0.00297969308477547,-0.0019472552701580437,-0.04623379288916929,-0.030123229022574083,0.0008892368860049515,-0.03876359180760797,-0.03685429503031923,-0.04268934252676426,-0.042217953141989284,-0.032208861196568794,0.00492038086787,0.0014675258244850609,0.007897852318606291,-0.0008794141405925604,0.010782940911478356,5.551115123125783e-17,-1.6653345369377348e-16,0.0,5.551115123125783e-17,-0.17876994239417138,0.0,-0.011026507379577555,-0.06092368364725109,-0.03185794305248846,-0.05306131944135534,-0.07166042118890953,-0.0012676366925677973,-0.19575624490054538,-6.608236301069992e-05,-0.048067635341818404,-0.04199659779272036,0.0002786612434815816,0.0,0.0,0.0,-0.06824997542772898,0.0006871187981958848,0.0,4.92583765651089e-05,-0.06420050645567754,0.0,0.0,-0.0014699606165418655,-0.030205879066198316,-0.04154471687563793,-0.09449844036971189,-0.00045398703820787034,0.002572116080924669
0.018946833730047574,-0.0007615089909785433,0.005993966057762035,0.0008411051530574642,-0.010940244454773151,0.006276052340402238,-0.012696914935174608,0.01125454365302414,-0.011989085671335886,0.04142110943941746,3.959553320387332e-06,0.040623851664782495,-0.024259544672363964,-0.001704071975249799,-0.034038474828363974,0.008898143432126138,-0.009996693438134141,-0.0009583143707964648,-0.0005926716955232392,0.0,0.011734769241252663,-0.015008649807329577,-0.002361999987439578,0.015444206414923556,0.0002972766622582057,0.014945134635522661,-0.0040644791726893725,-0.022073864096768037,0.009918222526780929,0.003664144095186117,0.008858373455053636,0.03181704055315826,0.010316579913276669,0.027088779782244443,0.022938377390296638,0.03235621840353575,0.042129955303671696,0.04279586485110992,-0.0015227738112795208,-0.012571308199009978,-0.0021677149667880813,-0.012673386354011607,-0.00029796318604369265,-0.0004831252514861939,0.001572122317161806,-0.001382546488459424,0.005576045861770462,0.0013622919473085804,0.0,-0.0010220376736869707,-0.03323132863430739,0.003165632107026306,0.003113550106721208,-0.0010695655298179063,0.0024076574290504693,0.0008493650614060377,-0.0006790323452109948,-0.03142172598695242,0.0,-0.013142874595801435,-0.003594160508779254,0.0010892591139408658,0.011938213905024364,-0.00039450938245899625,-0.001402378349868727,-0.002807532230779175,-0.005115815929256362,0.010275132197740733,0.000187098270144348,-0.0018545859430699196,0.005914555099979013,0.006737548682035355,-0.010398803409993107,-0.0005329876694181723,0.0037570472712474823,0.0016380108071119004
-0.015488513873620935,0.03416074471590558,0.0019246879845110643,-0.0005607099577942254,-0.003457364054264278,-0.021461152801166727,-0.02800397233074209,-0.040198310051990205,-0.030732637872394608,0.005876886513863477,0.002248978422514869,-0.0008253765079053177,-0.02672840488569872,-0.0004012239157532571,-0.015873059634614384,-0.012320973434540028,0.0005653824301140586,-0.003507275294671486,-0.005419240759076849,0.011734769241252663,0.0,0.015205756211055743,-0.016973780094831747,-0.008997406315279954,0.020703304105347653,0.003755740482958292,0.016197904204694025,-0.03369778948070329,-0.023494162240269123,-0.018959315601739135,-0.0023852171835342384,0.021222188977241763,0.01222854722594413,0.004298326892191839,0.025554301929712586,-0.05586435002087736,0.023358418483609533,-0.00335289198740224,0.009764818871998426,0.01178329338762596,0.00524280044078651,0.026379248241484632,-0.02312296570373673,0.0,0.0011238829660332184,0.03795718101745488,0.02050504205347542,-3.9860862413365616e-05,0.0,1.2418817571191454e-05,0.014591893075523055,-0.0029361268689757636,-0.07868260277851818,0.002267368200301212,4.277066325664158e-06,0.0,-0.0005352533777728263,-0.00039897815824152527,0.0,0.0014398096280563988,0.01059059447116012,0.0,-0.005221279381221411,0.0,-0.01186746851684678,0.04071809838850737,0.00466865322966753,-0.008757220152704137,0.0005284062632993636,-0.0066185511627142035,0.024204222741722514,-0.0018104040915687958,-0.027883417945305855,-0.033839068567254216,-0.05493592034262068,0.0018317931620989714
-0.016347727736516715,0.010814423516017302,-0.00988899817388289,-0.0005337255734297885,-0.02042196746259617,-0.015479874094548707,-0.026011670986366642,-0.014376473169814385,-0.02680635670829129,0.03003599436311999,-3.6148899693611014e-06,0.08029434234685784,-0.03231095886327312,-0.00139487069607791,-0.015181390520697113,0.01966331138256655,-0.019191968698018314,-0.0013746163479962936,-0.0004675168586674161,-0.015008649807329577,0.015205756211055743,0.0,0.012876152829051024,-0.04254168445560491,-0.002105973206463607,0.019322303307541477,-0.00588874495890751,-0.019435448242777986,-0.011455732868666357,-0.0016652899677095379,0.012671591990183972,0.037901272516278284,0.010776932330368805,0.02515670769894568,0.03102582858147851,0.0347655094068392,0.03425210845344473,-0.0018764666409295527,0.00979486387702494,-0.022188610449121682,-0.007132652156238817,0.006507317952923586,-0.012212414968433949,0.0,-0.001073355211344884,0.01236197432364583,-0.0032331605064759295,0.0011374847776281505,0.0,0.0009289370753654547,-0.0023148112842112933,-0.0031219493763079975,0.009216286205711688,-0.004317296678117255,0.0010329027144920788,0.0,0.00073283231804816,-0.02318722807896989,0.0,-0.013743174405507652,-0.007881492897966857,-0.0004275248757584227,-0.018835638453867043,-1.1102230246251565e-16,-0.007463195326953831,-0.008872862714683849,-0.0028060388768623157,-0.005355805030894389,0.0005581233123225227,-0.009382177308255635,0.007452800567500306,-7.393369935948524e-05,-0.006673291971605211,0.005459914547732925,-0.0017710221543134619,-0.0038076691994753387
-0.02758051877625123,0.017026413723792655,-0.031871013830468475,-0.014076538022717355,-0.006494708272264893,-0.009559423015902124,-0.02216812286839903,-0.007520027906878113,-0.0035830791055968536,-0.023859656583680444,-0.031105143473072916,-0.0229382937433249,-0.018834175040329137,-0.01249615399612325,-0.005940013454074078,-0.008034615082125107,-0.019181046037123672,-0.02442010096906333,-0.0021834457129574214,-0.002361999987439578,-0.016973780094831747,0.012876152829051024,0.0,-0.025658707455065544,-0.013136500315092947,0.011037466911806681,-0.005013728472956558,-0.019502427653650678,-0.005124464196784195,-0.01500312251785585,-0.011102222543533158,-0.004668569078238871,0.0018773582677252265,-0.0023606524911440885,-0.0012973454964873565,-0.015414862504477045,0.012203189178957907,-0.020225820102652614,-0.01812465801108748,-0.0026725470822349107,-0.006549866710770402,-0.009837482212458504,-0.03583457936906148,0.005210831128594773,0.004636338816666807,0.004406502248090527,-0.0036443215679766716,-0.060438085634253014,3.866604780522476e-06,-0.03026643467969059,-0.017655984026006544,-0.016209631385237677,-0.019723604151492657,-0.029033805600737983,-0.015102641973091968,-0.027182584034270763,0.010842078637233077,-0.014618395338979573,-0.034437989896452526,-0.018853100480007712,-0.010550153877805502,0.0003037815388876597,-0.005844471112524785,-0.011099452591890713,-0.005802154239024637,-0.007505228400719377,-0.010889657601679148,-0.00658811140570037,-8.338724503836881e-05,-0.010516314223332934,0.005518195496651557,-0.009190012699622052,-0.01713745966348168,-0.01616949135091944,-0.013081769053837622,-0.02302629444022658
-0.018202635703670866,0.007370374956430836,-0.04265299529323002,0.0009904817512275121,-0.011167944011125364,-0.008469319889271576,-0.025773705624972554,-0.01658952105262773,-0.011418655951498213,-0.0018390957995798596,-0.004555862498004548,0.015265607406396653,0.0030226036264696665,-0.006548649776486726,-0.027645295090009625,-0.009580311398491248,0.002750030464822306,0.0051671107901439806,-0.05948027450678367,0.015444206414923556,-0.008997406315279954,-0.04254168445560491,-0.025658707455065544,0.0,0.015037320478845151,0.00792696236600815,0.012716170090275813,0.01069916618022021,0.0003146672998758371,-0.0007740204645664273,0.003946568253162863,0.04213722527226005,0.007923545927876918,0.015169067403977776,0.003566598985745184,0.013947385684839997,0.009549299127432742,-0.005387321314587024,0.1340673601784046,0.07074420954862248,0.0670612284027382,0.06257239083561372,0.0005079846665867471,-0.0002743737057709361,0.06987024890305843,-0.012610829381634325,-0.004909842315443169,-8.293991006047552e-06,0.0,0.0,-0.0019528585342266647,0.0005997215776150089,-0.00037591869140712886,-0.002165797990498375,0.034262387336021605,3.18385466465676e-05,0.038804043976437164,-0.0030362343203849673,0.0,0.0013479512837397678,-0.0073919812665032,0.018373288875606353,-0.0008049875960023378,0.0,-0.0007517760304451837,-0.0038020817931792017,-0.0042304045044662675,-0.002273720753121322,-0.007175197739525296,0.003335538423267448,-0.0010272662597911042,-0.000682380648035219,0.007440195464788746,-0.0021230975434665678,0.0,0.049225751156890374
-0.0006558120789929012,0.022940449759781767,0.015113151074609088,0.0,-0.028569347329721384,-0.0016031814517734055,-0.014548532945697634,0.010252831554201924,-0.013915290015757031,0.0014429583303383064,-0.03299951033280235,0.013538591953664691,-0.019154867760782845,6.78368196299628e-06,-0.005023186012850567,-0.0032185058100260844,0.018920516598409265,0.013817392553004959,-0.03357362161853478,0.0002972766622582057,0.020703304105347653,-0.002105973206463607,-0.013136500315092947,0.015037320478845151,0.0,0.008606640882986516,-0.003885843919484655,-0.02071384921259123,-0.025124013696100567,-0.016421276137836283,0.0016523447066593144,0.00621041480494694,0.0011228874624630292,0.0021088590171358113,0.009990216559244536,0.011183627191896695,0.001038711049268115,0.01405185880384019,-0.006991649351672291,0.0227040393150707,0.006495186207531367,0.010358738957948144,0.00012955768204109264,0.0,0.027286191452602138,-0.002675399900203157,-0.0061432195391054045,0.0,0.0,0.0,-0.0017399295952391092,0.0014189734242089913,-0.001835010123973635,5.428866213963435e-06,0.02046073466805326,0.0,0.020618476179008915,0.004411308225177213,0.0,0.0003738752779193777,-0.007346928205104075,0.0036601867772255714,-0.0010765208205927301,0.0,-0.004263686080185902,-0.019984332990537534,-0.00900013874996275,-0.03005897620037351,0.00618676550459013,-0.0022997065804835626,0.002571886329250317,0.0012421083300997449,-0.00912608758694633,-0.011028802911774493,0.0,0.021096236628310394
-4.040889292200589e-05,-0.006096623662003697,0.002435526714676728,0.00022279840683447905,0.002620007225515364,0.033472107185339495,0.0026599168394653705,-0.00474000822348597,-1.268489392269867e-05,0.020366645593844823,-0.018556459008945647,0.005080458109540498,0.003636995673000465,-0.0020757854524726116,0.010657833232159297,0.012942219219927775,0.017808905125607954,0.01756537491673632,0.004786223845208826,0.014945134635522661,0.003755740482958292,0.019322303307541477,0.011037466911806681,0.00792696236600815,0.008606640882986516,0.0,0.014118963080990865,-0.00097313309524516,0.006707132931531357,-0.009594687896434417,0.01285760241358297,0.03181976236504619,0.029499333511005588,0.02141963977140604,0.04012452275432388,-0.01860532489198058,-0.0006737294559445162,0.006735279526437432,0.024340268084873717,0.02263113116806914,0.013952380227735206,0.023726230424842565,-0.0031051901368744916,0.0,0.04620848538602068,0.027032270375492884,0.011479332522043195,0.0024648520072887425,0.0,-2.4896915758132465e-05,0.0025904635534177434,0.026895723635524338,0.013787631783082732,-0.002039675075349301,0.030351675974947312,1.3156852349371917e-05,0.028508112169673194,0.008377664597702728,0.0,0.012599252790285953,-0.0008846711307525235,0.009064544347872017,0.0023600225514865403,-5.551115123125783e-17,0.012892541625132481,0.03437849184855091,0.02758815006496307,0.01891108683537912,0.009641408373426197,0.002188124442976336,0.01787813344555106,0.022053406921012486,0.012041731165814973,0.028815302624721983,7.599405130509496e-06,0.01827120493567813
