0.0,0.011637369849117007,0.0013659438606864471,0.0,-0.0005290958778693122,-0.0076369614610465875,0.018338215618998954,0.013431995084592141,0.0018493703420320862,0.03161404961577524,-0.02088147320030581,0.02694239004715515,0.011487825603104185,0.014167851292912093,-0.017226379034277872,0.011210484724378189,0.01977915445101802,0.013137436109173395,0.0,-0.03662798010463253,0.029269320763662232,-0.0021019385340439456,-0.0009325540038471192,0.02730451357173147,0.01935904918209541,0.011486274089623827,-0.022678717026711148,-0.004540944812451042,-0.029794298515520012,0.00785961829213766,0.027087962431294355,0.005733897936612942,0.014476097095568075,0.022991753749540877,0.026252193441260674,-0.0006022970994486454,0.0,0.02063188996830506,0.01095680678196681,0.018098516696328837,0.02135167512781677,0.008853239248512002,0.0,0.0,0.0053721239684413336,-0.007332256607469834,0.0191906179810985,0.0,0.0,0.0,0.039890595041146226,0.0,0.06248929143687676,0.0,-0.006441109608563811,0.0,0.02396952091832638,-0.004432005275091688,0.0,-0.0056466597118357,0.009104665347496821,-0.01711711611529132,0.006642397252157095,0.0,-0.006998655140318999,0.032843761757451184,-0.00971164003240338,0.005310359367236672,-0.0033488477772352088,0.0028365612595902534,0.01060222217869744,-0.0034520792571421377,0.0007197007942420508,0.020519162803286972,0.0,0.011263110373461949
0.011637369849117007,0.0,-0.011297250689141669,0.0,0.02778867270231067,0.008724748019548034,0.03306597671619832,-0.046904209387003126,0.027010989457385892,0.009411423835434196,-0.0014637432815721718,0.0050963233979574585,0.030935674600472363,0.0,-0.05234731711432955,0.005143267668205276,0.006920915248963155,0.005737900121562278,-0.002553862942219043,-0.020962784052061034,-0.037025436320974825,-0.010347634463306166,-0.03394164129324151,0.026815149329238896,0.008432747484827252,-0.0031103549909832773,-0.007390397177303498,0.0033160460819232074,0.0025347034273131563,-0.009224503390179717,0.023124698590815673,0.0026161200046390665,-0.0052950404187040445,0.013516466292132212,0.004898147755353244,-0.00839996800016618,0.028233705436282786,-0.0005674256035380632,0.0025205613998589005,0.019096533983712527,0.011247701607923544,0.0011328048884283182,0.0015572482172722668,0.0,-0.00010219732972793771,0.013379513222594452,0.007468064673216368,0.0009189336731950104,0.0,-5.551115123125783e-17,0.005486512987166459,0.022256339778066847,0.019112147683202907,0.0013923484194164892,0.03287693185448942,0.0,0.02954064949579166,0.005777641452404281,0.0,-0.022531801616548552,0.007783879447236075,0.015833014767359987,0.008202133593523064,0.0,-0.019473801146836278,0.004189350911284528,-0.015085686064783499,-0.015351103727787418,0.024793033135705134,0.00851983716024568,0.008513714533129713,-0.019415633218512363,-0.03492046170649443,5.2658246718295665e-05,0.0037264474055925256,0.011364035282479479
0.0013659438606864471,-0.011297250689141669,0.0,0.020272347476231578,0.025070355901283647,0.03044538490525478,0.011754395113819815,0.02892015196263975,0.03863863876546053,0.01565540431904433,0.017262600163624076,0.025440915562808974,0.006971164326185275,0.03068067610727987,-0.0009813601605880296,-0.003597114124050449,0.02107669031615822,0.02031321091965893,0.022235559000590654,-0.016452038124733948,-0.025278340681635703,-0.02263383311094347,-0.04121474555913113,0.023975923942406496,0.05039578473597228,0.012075723076699074,0.027751870197744055,-0.0010707180190986931,-0.01033081529695451,-0.01762984518576538,0.00017507054527632349,0.014223322594336507,0.029946481560967797,0.012469066405047358,0.02250004513327175,0.017481127773330662,0.015405290564825369,0.04651733208910208,0.014013080403541767,-0.0016007470567435123,-0.005723485253196325,-0.021677299724879195,0.016449275483687797,-0.0024099661798371863,-0.00019968832393274516,0.0,0.002612263056023245,-0.11677193006430442,0.0004433110511632976,0.03131245874411148,0.004034321978363398,0.014417600998650526,0.011375496921303463,0.03349773044093096,-0.001196581793695195,-0.015332806896303564,2.273109765593695e-05,-0.01531825525914876,0.028642484481189,0.0013224279985493137,-0.0007773813137451624,0.0,0.0,-0.1064297154532503,0.007290743968158597,-0.0013698902524378886,0.0020791629467272754,0.005969361655503547,0.0,0.0,0.08810366047457086,-0.007853347399366162,-0.01730355231582381,-0.0074902343124034765,-0.002631571427784918,-0.01887810553886138
0.0,0.0,0.020272347476231578,0.0,0.006301644191588129,-0.0035334820625939067,0.02269430189403132,0.043594044706582624,0.045217356055029856,-0.00529192975942927,0.01368789116835023,-0.006101925200414859,0.023478384807856245,0.010182859120710486,-0.0005621371302985123,0.0,0.00043339729487668066,0.0,0.044621127349388334,-0.0013943271887153497,-0.0002497780727592769,-0.00032975156321168875,0.021383077782637594,0.001942265536270138,0.0,-0.0026929835376624522,0.01568395578264603,0.007117450984370388,-0.0003619903776406752,-0.0003143438681657007,-0.00472315456123501,0.013812892576497093,0.020251489863740313,0.02899097924957572,0.0230894303553415,0.0470757456962313,0.02032265960322896,-0.005294386155692832,-0.0016115802854177463,0.0,0.001223216810692651,0.0,-0.00035378848781747463,0.0,0.0,0.0,0.0,-8.762908704768035e-05,0.0,0.0,0.00016088618504134233,0.0,0.0,0.00020515097626483403,0.0,0.00021002281335252837,0.0,-0.00015443771994538835,0.0,0.0,0.0,0.0,0.0,0.0,0.0,0.0,0.0,0.0031831036228001652,0.0,0.0,0.0,0.000332768970353281,0.00020108383334332958,0.00048450277575895484,0.0,0.0
-0.0005290958778693122,0.02778867270231067,0.025070355901283647,0.006301644191588129,0.0,0.021048846758089546,0.039568586108617854,0.016206514759303736,0.03205835086869119,0.023930639836554468,0.03454123979576473,0.041225971924013116,0.026511944376312047,0.014429328909368322,0.00042054974951766244,0.019919783236423405,0.020644854474986207,0.023594018463425903,0.04568356198538376,0.011641708498220826,-0.0025374264242338795,0.019428602556623653,0.008028049174260254,0.03759731520161147,0.03729604322960378,0.0421439279394169,0.017390572232434398,0.03169798284810765,0.0016438143669139094,-0.021582895607928587,0.01251093017089705,0.021912902680796542,0.013662104636066319,0.01371150638374996,0.023416376591838706,0.026876504463018147,0.03853029888937254,0.009987523670417442,0.012532059392704131,0.00835425751304314,-0.00678557549976655,0.007958906195437931,-0.001137981705665092,0.00021569943094351673,0.0022278076243366085,0.0,-0.00017794036655727208,0.023994774191757995,0.0,0.03139824696637483,0.008660912725189651,0.019518718948231872,0.01330783825806442,0.02581650911853106,-0.000474154300325047,0.01780685143754096,0.0038933631234939203,-0.017880884787848217,0.00185876792894496,-0.058334860454853144,-0.0015589975842983383,0.0,0.0,0.024423522020816102,-0.04937140935207013,0.0,-0.02292621634625147,0.003947829988155127,0.0,-0.00027373601749802745,0.02583107387357908,-0.0020174352976117804,-0.02270423430796814,-0.015374294357491824,0.002777190636196525,-0.03536101476719983
-0.0076369614610465875,0.008724748019548034,0.03044538490525478,-0.0035334820625939067,0.021048846758089546,0.0,0.009394459697365687,-0.00046511522116987614,0.03021959912958888,0.00797067666422241,0.012233078787622198,0.024403343279389422,0.016061601357316158,0.012035529131526779,-0.04619952803258098,0.008545682055238979,0.018332005664157824,0.011188105334806686,0.019921079669472985,-0.004722446480731335,-0.04292738200752866,-0.006762852109340578,0.02334955516604592,0.009056038151666224,0.025586332518027333,-0.02013545913580861,0.026234115032194916,0.007477841213875791,-0.0059816773511101595,-0.013957484107883278,-0.018443524920867316,-0.004168057188534857,-0.02212081619912948,0.0014520808403752916,-0.004867827327902585,-0.01144265607106576,0.006828109141749916,-0.00501089562566015,-0.03998839929626519,-0.046213249676889,-0.029104464302412758,-0.043805104568992004,-0.01848966208210251,-0.06487125928519111,0.0012030811959304888,0.0029667632480491757,-0.0025221401060623316,0.011759808485744871,0.0,-0.006418428781588936,-0.016795414119320617,-0.018345872800483165,-0.012955681765414895,0.013642205194587032,-0.011319469108040825,0.01053401939027776,0.0029890996919030854,-0.04424851402451574,0.006332813210595534,-0.06211448280247761,0.00880195094577707,5.551115123125783e-17,-0.0057374766452142345,0.012888520443613438,-0.05302442714100103,-0.037950389735105616,-0.03887646585628812,-0.02176350727527121,0.0,-0.0025568242188629964,-0.013425103394038851,-0.02883997459529347,-0.05499320184893963,-0.04498120941826095,-0.0877351055053584,-0.04295428290393183
0.018338215618998954,0.03306597671619832,0.011754395113819815,0.02269430189403132,0.039568586108617854,0.009394459697365687,0.0,0.011042643850245615,0.013157173439228287,0.035121450154799616,0.02866243399911078,0.032535356346754474,0.008201396473643208,0.023452921356222844,-0.023893305831769462,0.025794529161437152,0.023857864488117775,0.017156946651328997,0.0210900809689199,0.013472503763788835,-0.016068576640753673,0.019797399746822764,0.0019286886907171619,0.018029319317516557,0.03007784165686267,0.024515398785754705,0.005676847222797432,0.03576840368082507,-0.0017972702872004476,-0.007836560325950148,0.045566880530617804,0.022418911673238895,0.020241205567947562,0.029759878078786717,0.044187164228578324,0.049275507426743026,0.06545046635624602,0.03255994131549095,-0.015725189820914476,-0.0008599982922687932,-0.008992742560274325,-0.02006825921527966,-0.006790905847394224,0.0013109226485125136,-0.0020117832005071,-5.191772031160058e-05,0.02583511549644263,0.03230286430710927,0.0,0.023005843762522904,-0.01530706236774626,-0.012556244774313385,0.00220682284843543,0.032247302746162165,0.004823851526914835,0.04019693287144965,0.0033419907708746033,-0.0437876063255645,0.0019335486883520492,-0.03644247206314877,-0.005472106467157289,1.1102230246251565e-16,-0.0007621200867827249,0.013600231537776897,-0.03257773744323195,-0.03502701430047589,-0.020667367128738123,-0.018455487349339883,-0.00014888853993716422,-0.002551638918187882,0.022684629681773483,-0.022501949811215727,-0.044699522795027535,-0.039231529535723675,-0.09151364435617593,-0.03901196714901156
0.013431995084592141,-0.046904209387003126,0.02892015196263975,0.043594044706582624,0.016206514759303736,-0.00046511522116987614,0.011042643850245615,0.0,0.04094090586470406,0.016367802051771296,0.05471616691927034,-0.00995132010099331,0.002363561745347187,0.035471156101999635,-0.043903236529165335,-0.0211745047148027,-0.0064642852373096304,0.01419293472004246,0.05756937280198132,-0.03602715433391407,0.007540210008454062,-0.03770322748852162,0.00368386899622386,0.020984697312258827,0.005202001746657803,-0.004799876241798562,0.01086637616584446,-0.008626230713713046,-0.02262023778975869,-0.012185797842178714,-0.015830466858612724,0.036210445237101485,-0.01766249223078753,0.012604361643943074,0.014983227641861163,0.039207042162152095,0.05408431078653042,0.007259933766368909,-0.055497147122952006,-0.06109055311250661,-0.07720592103622814,0.005091059714284474,0.0028214201621971635,-2.0036557950575684e-05,0.0003865206862486703,0.017139208445338783,0.013011774934857778,0.03562446313406342,0.0,0.04939427774119243,-0.01587875494295926,-0.014762712614176776,0.03440117486769634,0.037697820556948924,0.000276005130085466,0.015188250660764513,-1.1102230246251565e-16,-0.055647910510582266,0.03692067716650088,-0.03783302505729508,0.004111631969928642,0.0,2.7463761845814005e-06,0.018310654909947655,-0.059417472996400655,-0.03157861088032754,-0.044061158213041074,-0.00952791814130105,0.0012482766090093356,-0.002913330683367743,0.0032212237499673613,-0.016082602301365767,-0.07590045642028759,-0.06533282443865401,-0.0029662090290270005,-0.08363601713141694
0.0018493703420320862,0.027010989457385892,0.03863863876546053,0.045217356055029856,0.03205835086869119,0.03021959912958888,0.013157173439228287,0.04094090586470406,0.0,0.02448359971818659,0.04713545505288658,0.036484305009029716,0.024447255096674614,0.05463767750942217,-0.013186958133742821,0.04291747023780168,0.034391161687654825,0.039616485358733466,0.04761348217664091,-0.004116956570776431,-0.006400033599299915,0.00896598247745084,0.01492676360464218,0.030291428292935352,0.06594621352916169,0.057890043886036635,0.03490219129962224,0.015906656854229484,-0.009875734333967878,-0.007014933857885874,0.014302617903266812,0.029748605079391532,0.034015503751970044,0.032912883627974676,0.04250075814329973,0.02816053869128815,0.027469444817148803,0.03045444586688767,0.02490728598461467,-0.0038121877317794373,0.024975791022957217,0.013049885333616507,0.03163937399140304,0.001424196611992834,-0.00013161465345540302,0.0,0.0010239061479240807,0.0158089422444585,-0.0012643659312430167,0.029534503214342256,0.019653839906316528,0.024314536764468375,0.03981540612646506,0.03696514722249922,-0.0013724374032851872,0.04473694987633936,-0.00012142146141025378,-0.007552912392221889,0.04223377860597921,-0.045446119865007295,-1.6744718548233894e-05,5.551115123125783e-17,0.0,0.030626142712764537,-0.027100126406231884,0.007640398573684981,-0.020176918105588526,0.020429993868823493,-0.002135589455868281,0.0008023844436811367,0.065992168823712,0.020600140693204927,-0.009130013391364211,-0.018364338855312856,0.0012637784967102217,-0.01126651025818215
0.03161404961577524,0.009411423835434196,0.01565540431904433,-0.00529192975942927,0.023930639836554468,0.00797067666422241,0.035121450154799616,0.016367802051771296,0.02448359971818659,0.0,0.03484476079096871,0.017955061777665926,0.028511898628747978,-0.16912080751022715,-0.0036150649984960648,0.00017930070953353638,-0.00871937091678282,0.0021356514811632366,0.02631078621840005,-0.0007442335868200201,0.031757759495251114,0.011438840755572832,-0.001366470436894085,-0.005170579153874977,0.02275615109375212,0.01133823835809089,0.01232137266680483,0.05680526282907555,0.004559402397907086,0.03513335943946283,0.02286092271124085,0.008631706931270633,0.004112232567023144,0.011110600532376669,0.03895114178955733,-0.01480720728952617,-0.009300390246422707,0.005104034195645979,0.007428868000786959,0.023859391418441844,0.09681328207131096,0.13980473146319677,-0.0035183176909331926,-0.001583714696808236,0.02896030244792286,-0.011629546116592504,-0.004778484376909087,0.003716367746055327,-1.1102230246251565e-16,1.6653345369377348e-16,-0.0035844347344631267,0.002080636425256799,-0.0009117931456188444,0.00029775829499856243,0.0050314384747464636,0.04898166287663941,0.01309173910239575,-0.01150610804519192,0.0,-0.0012309581208426734,0.0019481267938172286,0.007169274693661243,0.0010622809099288255,-0.00018730152834811609,-0.0017514688633483155,0.00017627867968877942,0.0024482427804813356,-0.004279186955872483,0.00902696250815177,0.011538280377446253,0.020577433976512516,-0.002428210305354339,0.005717415646635637,0.0032715607241284306,-1.1102230246251565e-16,-0.005228252956878565
-0.02088147320030581,-0.0014637432815721718,0.017262600163624076,0.01368789116835023,0.03454123979576473,0.012233078787622198,0.02866243399911078,0.05471616691927034,0.04713545505288658,0.03484476079096871,0.0,0.050559944730352024,0.023290720790368313,0.010975715125960073,0.0,-2.3805065070159337e-05,0.022412073211043715,0.03303159955343549,0.02687790459582562,0.00010940495525790794,4.909564299571123e-05,-0.0016243670975213398,0.0063325104318422976,0.021570579830072933,0.030724595132615995,0.016601203280709298,0.03533272265857351,0.03455184099477848,0.06571440796436362,0.012853694716121744,0.03497473699210962,0.03840381625190853,0.05164993820421038,0.04347243448595839,0.0630338133313848,0.01922126478901315,-0.00021211054363351467,0.04734127893823853,0.04566554612116519,0.005222183663687152,0.0564776000221176,-0.00021140243431705397,0.03575260895422189,0.0023661988116521204,0.0037902819007962774,0.0,5.551115123125783e-17,-0.07639573048262926,-0.000192007242407366,0.06801383140852468,0.029432317945068953,0.04486783563433949,0.039546453812728866,0.05424175407682652,-1.2147758227498695e-05,0.08356952885218616,0.0001779220623326916,0.009552509008387666,0.02272252928916324,-0.0011330500874537908,0.0,0.0,0.0,0.054808924110963775,7.608334508052428e-05,0.0,0.0016882076143709956,0.03013285452039227,0.0,0.0,0.0003436852200887075,0.025184399016135006,0.008596634352655341,0.0025700826475281158,0.0011231876097146376,0.0229213387190651
0.02694239004715515,0.0050963233979574585,0.025440915562808974,-0.006101925200414859,0.041225971924013116,0.024403343279389422,0.032535356346754474,-0.00995132010099331,0.036484305009029716,0.017955061777665926,0.050559944730352024,0.0,0.03588252958199345,0.0021621497558500513,-0.0033073163950622653,-0.010588724505603497,0.002376144429768079,0.0029196169045256903,0.02003844903228824,-0.0017419776766654516,0.041199509915827326,-0.021041616458826462,0.02396755725119909,0.018560475210652738,0.025794185939772785,-0.0028308020755998253,0.018189016385730616,0.043977835533025256,0.0002334330264612272,-0.003006124384192066,0.019938133845946837,0.028705819481206707,0.007424418814980349,0.01685126303243567,0.04554143845441716,0.0034906426076320995,0.044566451884004266,0.04341368514493055,0.22762796359415327,0.023496979205334834,0.10042607211048443,0.015490013513837775,-0.011146989067920998,-0.000676681713183469,0.07569239108552334,-0.020643105351914603,-0.0009012528334243486,-0.0004967433111460196,0.0,-1.0472250542847839e-06,0.004387373002711803,0.0018642731475504437,0.0,-0.0003444991064500691,0.0028441655107529495,-0.0006224177123492214,0.023735226676979693,-0.004011438890713814,0.0,-0.0009958127736713895,-0.007882239959432713,0.003952514490087322,-7.516352722569675e-05,0.0,0.0010493892279843098,0.0003894858749979857,-0.0008411776153623984,-0.002860571732506423,0.005945068348764182,0.018787605836461163,0.011701266339888328,0.007456034525061217,0.014506096954271352,-0.001663356381021941,0.0,-0.021989164073124234
0.011487825603104185,0.030935674600472363,0.006971164326185275,0.023478384807856245,0.026511944376312047,0.016061601357316158,0.008201396473643208,0.002363561745347187,0.024447255096674614,0.028511898628747978,0.023290720790368313,0.03588252958199345,0.0,0.009781410871472829,-0.041070384913600655,0.01725824067679399,0.014502478272495511,0.00023353802657744005,0.012962063127542278,0.007222197763340155,-0.02540071105551034,0.015495170668446079,-0.0056294061325775635,0.019168743093525065,0.010279336656115912,0.010175439026459898,0.005961228156121823,0.02428145914153862,-0.008048289119347352,0.0038195713526731345,0.028809353316272213,0.014115458849830897,0.019966423178724935,0.022865935318167996,0.035046548147859125,0.026721186791511198,0.03706093041528136,0.030263282995431406,-0.023092046723248383,-0.006687124782205123,-0.022947774032160584,-0.03678734894872748,-0.011427329211909476,-0.004135411329154737,-0.0002893588433805494,-0.0003781436733373833,0.030783487393722497,-0.01257066423390052,0.0,-0.012382668420684584,-0.025307218322720204,-0.02543151766148577,-0.015739302865460714,0.0210235745354187,0.0024859433135302478,0.02178884591014907,0.0027152224055033702,-0.04255878978691169,0.0038981357574653375,-0.051818491233176056,0.03422302708026126,-0.00109529733981939,-0.0015546028177070292,0.012502208716721364,-0.04223131980528727,-0.028488035331714234,-0.020563669737865053,-0.028632302588327274,-0.00043223737126374395,-0.00624599029448214,0.02516313145278909,-0.02994009342117382,-0.05066523377363891,-0.03709348086287423,-0.061673029325521767,-0.04245623516594188
0.014167851292912093,0.0,0.03068067610727987,0.010182859120710486,0.014429328909368322,0.012035529131526779,0.023452921356222844,0.035471156101999635,0.05463767750942217,-0.16912080751022715,0.010975715125960073,0.0021621497558500513,0.009781410871472829,0.0,-0.00020863963806394548,0.0,0.0,0.0,0.04190990819718038,-0.0025699994772326873,-0.0020784527716786183,-0.002933779599736064,0.029180957760171544,-0.003927674094005629,0.00018743741063492747,-0.02452324633564895,0.021700000889469273,0.01778652148723847,-0.011432342084405023,2.1568157235252183e-05,0.03673209483765344,-0.04260290600384209,-0.003171892702959478,0.03452872270741564,-0.01674381711077566,-0.006240945865415071,-0.008319752201724762,-0.009061438372350294,0.008953813436516689,0.0,0.001319241622947609,0.0,0.03361280305464759,0.0,0.0,0.0,0.0,0.045843486094037766,0.0,0.03693970103745231,0.019493158300786795,0.04658359556422059,0.04788289458153,0.04694921464210311,0.0,0.012499739596138038,0.0008344958185853013,-0.0029837282127065934,8.657154296709546e-06,-5.551115123125783e-17,0.0,0.0,0.0,0.015834813688664573,-0.0010920199668487118,0.0,0.0,0.00947212981682899,-0.0006985873056876146,0.0,0.0,0.007621735484380998,0.00368755181399838,0.001047794659350565,0.0,-5.551115123125783e-17
-0.017226379034277872,-0.05234731711432955,-0.0009813601605880296,-0.0005621371302985123,0.00042054974951766244,-0.04619952803258098,-0.023893305831769462,-0.043903236529165335,-0.013186958133742821,-0.0036150649984960648,0.0,-0.0033073163950622653,-0.041070384913600655,-0.00020863963806394548,0.0,-0.03827518629715465,-0.004131813076455659,-0.029327274352777488,0.0,-0.010119213240126934,-0.05719077040209386,-0.030993666959877098,-0.014940784407567576,-0.0016662183675503761,-0.03898099250004339,-0.036770444105050315,-0.0077928486772785854,-0.060378061129373606,-0.06774171699526549,-0.08646411461179887,-0.06033152774373063,-0.0841531950644333,-0.09344912778692427,-0.06608734766199942,-0.08715846017924672,-0.0755861921959064,-0.005762353163753009,0.09716684030390216,-0.08359595658991725,-0.08627539491682046,-0.08035979287897305,-0.0806333579990271,0.00253391484052945,-0.00033115408481199093,0.002660512795370329,-0.04160745710379077,-0.04443569208126874,-0.0028156223508463696,0.0,0.0,-0.06388741021049849,-0.05243763010918551,-0.05643105175397528,-0.0003394376083112327,6.602593662224931e-05,0.0,-0.001516315773912258,-0.07008074454369778,0.0,-0.09118092424648222,-0.03651030959500495,0.0001579548308111578,-0.003357964723472495,0.0,-0.0725651690303809,-0.08651360040257827,-0.09115278828021334,-0.07589239897579148,0.004665220675771853,-0.03789841192710386,-0.053245294932283915,-0.06939871794954822,-0.10128609753441359,-0.07929215995213823,-0.0595552811238142,-0.07001347296843646
0.011210484724378189,0.005143267668205276,-0.003597114124050449,0.0,0.019919783236423405,0.008545682055238979,0.025794529161437152,-0.0211745047148027,0.04291747023780168,0.00017930070953353638,-2.3805065070159337e-05,-0.010588724505603497,0.01725824067679399,0.0,-0.03827518629715465,0.0,-0.012870770161699185,-0.0005797026483607692,0.0012828244699610303,-0.02381806923926505,-0.02124031522662434,-0.006128898481507439,-0.028211508811816055,0.007492053215802041,0.018475742503116066,-0.0027601463205783605,-0.00916823082580126,-0.0044660586675988045,-0.0133588191757823,-0.01431621680641626,0.0014074813051528912,0.0055049392030177,0.0027918955624229858,0.01086432884717592,0.01161122885401844,-0.007794952131933042,0.003935466266079324,-0.0015796743358502674,-0.004845546969529602,0.020246569221441746,0.0072886942018315914,0.012542396983476922,0.0016027389685310811,0.0,0.0,0.0245587889742514,0.009241070394198136,0.0,0.0,0.0,0.0028677692313481273,-0.0061583285657969,-0.008791531409000186,0.0,-0.002988140926358407,0.0,0.04016186480063999,0.026451450335147064,0.0,-0.04281408869177633,0.006047190241139699,0.015016183944693617,0.010638775589726313,0.0,-0.054587161207095836,-0.01845245796542816,-0.020421302944632402,-0.04469610328612478,0.038885958237274976,0.003912045594248181,0.010518547896750885,-0.04363900398341569,-0.0564046485927962,-0.01644490783461572,0.0003664082160727,0.004254017368011509
0.01977915445101802,0.006920915248963155,0.02107669031615822,0.00043339729487668066,0.020644854474986207,0.018332005664157824,0.023857864488117775,-0.0064642852373096304,0.034391161687654825,-0.00871937091678282,0.022412073211043715,0.002376144429768079,0.014502478272495511,0.0,-0.004131813076455659,-0.012870770161699185,0.0,-5.926544181450444e-05,0.02501505738720944,-0.0016226462260299779,0.021086257950484133,0.002096186025199731,0.011259324283744654,-0.018320424784701028,0.03814358716435662,-0.00415307427358802,0.01650778056588348,0.03423861341293705,0.0013113151414372304,-0.00640186163515305,0.011646764227446427,0.01704054503043445,0.008384655692701304,0.0205908419654367,0.031027401456623138,-0.0001779853473991566,-0.0008077402799698263,0.010415188470677184,0.0021885501194349177,-0.004826624715027983,0.007231625548032972,-0.011772327951970307,0.0,0.0,-0.016345886609680338,-0.010429524956593828,0.08531967957673525,0.0,0.0,1.6653345369377348e-16,0.0012737008808246797,0.00028373751868077113,0.0,0.0,-0.0016205326677367071,-0.0005035579299645931,0.002594887280336855,-0.0019813585296540315,0.0,0.0,-0.01293518844035274,-0.001920057570955369,-0.013262299824258472,0.0,0.0008319562144319947,-5.551115123125783e-17,0.0021431596537607733,-0.0022803076366172403,0.007655720548533029,0.00769826178475469,0.017156360049951136,0.0,-0.0033585275211314713,-0.002612459716856419,0.0,-0.011405734459970063
0.013137436109173395,0.005737900121562278,0.02031321091965893,0.0,0.023594018463425903,0.011188105334806686,0.017156946651328997,0.01419293472004246,0.039616485358733466,0.0021356514811632366,0.03303159955343549,0.0029196169045256903,0.00023353802657744005,0.0,-0.029327274352777488,-0.0005797026483607692,-5.926544181450444e-05,0.0,0.025432582862437103,-0.004029426987621931,-0.021304654312341187,-0.008672799907229689,-0.016175599397888152,-0.008269950875203769,0.02034730316999228,0.007033591669540651,0.0010574831440440802,0.007930892034622161,0.004721821357102529,-0.008860337073460012,0.01053379918310382,0.012006292591015544,-0.000824537691472893,0.012577441016186242,0.02062944717425602,0.004202581763080027,0.0,-0.007540570478345332,-0.0040029987258842215,0.008675741883390653,0.00384436661979487,0.007677029788171363,5.551115123125783e-17,0.0,-0.009827582099694254,-0.0009877639412500527,-0.007420875684047201,0.0,0.0,0.0,-0.00931369039919755,0.0003635834249690606,-0.0018883063978942793,0.0,-0.006984800724652129,0.0,-0.004315964593882837,-0.008413246976322397,0.0,-0.030021417365795167,-0.0011055094011205302,0.002047580160425999,0.004148908891489611,0.0,-0.011522138732865006,-0.005191685640065891,-0.021602614291262312,-0.048984282114573674,0.0009490764840504595,0.00583924972726485,0.014136580712058422,-0.03468345385201799,-0.009069821356220475,0.0011621265802807534,0.0,0.005868573487717854
0.0,-0.002553862942219043,0.022235559000590654,0.044621127349388334,0.04568356198538376,0.019921079669472985,0.0210900809689199,0.05756937280198132,0.04761348217664091,0.02631078621840005,0.02687790459582562,0.02003844903228824,0.012962063127542278,0.04190990819718038,0.0,0.0012828244699610303,0.02501505738720944,0.025432582862437103,0.0,-0.000668036144054085,0.001873916989211022,-0.004319958267748447,-0.04638254947491721,-0.000646090228471341,0.021448979449121053,0.014711101028133222,0.02653994468973031,0.02003250380115701,-0.00172249462845947,0.001692551226542105,0.02643610493963866,0.03491993163361112,0.04524524366810856,0.03430678513202434,0.033224189681138105,0.023986179285071463,0.03013218959434938,0.029596864427375857,0.0410376976232692,6.105417105450872e-05,0.009593032249364364,-0.0015697620461219142,0.032081495808495564,5.551115123125783e-17,-1.6653345369377348e-16,0.0,5.551115123125783e-17,-0.10347216131528497,0.0,0.02387462413557473,0.022892300631737972,0.030389753745649783,0.03806157936379817,0.035249495078239046,-0.0006610380460472243,0.017680962241725107,-0.001825897363546769,0.0017568656611303135,0.059848021771883086,-0.0013987129010085697,0.0,0.0,0.0,0.02972751559975073,-0.0012159069541206047,0.0,0.0018832329831631744,0.01928016921398723,0.0,0.0,-0.0038482387049914024,0.023259948006881248,-0.009913169517979936,-0.0039151125776160645,-0.0009472416854126031,-0.004510690654109473
-0.03662798010463253,-0.020962784052061034,-0.016452038124733948,-0.0013943271887153497,0.011641708498220826,-0.004722446480731335,0.013472503763788835,-0.03602715433391407,-0.004116956570776431,-0.0007442335868200201,0.00010940495525790794,-0.0017419776766654516,0.007222197763340155,-0.0025699994772326873,-0.010119213240126934,-0.02381806923926505,-0.0016226462260299779,-0.004029426987621931,-0.000668036144054085,0.0,-0.06707413827014941,-0.007108245457128681,0.012773379168282362,-0.008340605748228369,-0.005131354054042303,-0.041711387355683305,0.012562806165874352,-0.013052734637594765,-0.0005804100860952177,-0.01432865459316418,-0.015325010179370935,-0.03539262195295806,-0.042450161734374436,-0.014890894816398936,-0.03173055314226875,-0.034792582455945964,-0.028387007666704378,0.008186393271955528,-0.07030145415683836,-0.06222346980385296,-0.07432067027633377,-0.06959294944679861,0.012307837267469868,-0.0011076961084404702,0.00023990051524308553,-0.007558708250589186,-0.02488206431408624,0.0021081816974646284,0.0,-0.00385543316278647,-0.06545035581058034,-0.05725710756461516,-0.0808075606254664,-0.0023610639260635558,0.0009625918005586875,0.00029145438983019245,-0.0007439203456724441,-0.06545125391899176,0.0,-0.0813469039328063,-0.02156514081656563,0.00041111011472277914,-0.00767628145319893,-0.002429992174196205,-0.06713770335283098,-0.08891038555630604,-0.07377040398870188,-0.07498703498814896,0.00012167665728818333,-0.025568763905593872,-0.03319827986901214,-0.07029704431565209,-0.08505180172187704,-0.08009025394780184,-0.06425839538406936,-0.0781386275028248
0.029269320763662232,-0.037025436320974825,-0.025278340681635703,-0.0002497780727592769,-0.0025374264242338795,-0.04292738200752866,-0.016068576640753673,0.007540210008454062,-0.006400033599299915,0.031757759495251114,4.909564299571123e-05,0.041199509915827326,-0.02540071105551034,-0.0020784527716786183,-0.05719077040209386,-0.02124031522662434,0.021086257950484133,-0.021304654312341187,0.001873916989211022,-0.06707413827014941,0.0,-0.07561580509661858,-0.02460596107560714,0.03150149603851099,-0.014286510261854457,-0.014320598347612512,-0.04419834731260619,-0.05424388981509387,-0.06986872878511685,-0.05303618571561258,-0.04388117821309323,-0.06482834505885654,-0.07866197654534701,-0.03638749436463645,-0.05815814739624964,-0.03578980693540024,0.032385894609169685,-0.0047961405325628315,-0.04037253111342021,-0.029502947204765817,-0.04828674528076743,-0.031691113684967465,-0.005940427134045412,0.0,0.0008860744072067273,0.006494861978229127,0.004349905959823097,-0.0011013807659592256,0.0,0.0003431397611789455,-0.04693290124351562,-0.04078202846026002,-0.024352679565495805,0.002639689436603143,0.00011817803982605568,0.0,0.0002554552610651295,-0.070021922497912,0.0,-0.057282823995028265,0.005826155133591859,0.0,-0.005400800151202478,0.0,-0.04593108044295302,-0.03436411807742795,-0.0631663318144931,-0.049969711009577866,0.011574581887213997,-0.003939985127490664,-0.0047969881538708625,-0.05158324011971627,-0.09132272779095224,-0.06602620354033417,-0.10597968474490593,-0.06033692316252609
-0.0021019385340439456,-0.010347634463306166,-0.02263383311094347,-0.00032975156321168875,0.019428602556623653,-0.006762852109340578,0.019797399746822764,-0.03770322748852162,0.00896598247745084,0.011438840755572832,-0.0016243670975213398,-0.021041616458826462,0.015495170668446079,-0.002933779599736064,-0.030993666959877098,-0.006128898481507439,0.002096186025199731,-0.008672799907229689,-0.004319958267748447,-0.007108245457128681,-0.07561580509661858,0.0,-0.0414352659746966,0.06150431732242778,-0.0019541939648466955,-0.031058463854757468,-0.014754682645977346,-0.012498293107618463,-0.011980194857080406,-0.023580003833959917,-0.021125478929151675,-0.05811351908725404,-0.04829870562733396,-0.030588746074735274,-0.05435273071057822,-0.053934887018567745,-0.006175906989199065,-0.060729523385902484,-0.0664617537322999,-0.05534900569451473,-0.05879876245078003,-0.06964854076796945,-0.0014206104568770805,0.0,-0.003402197725397238,-0.015223548411305854,-0.011172862595016264,-0.0027292054160494295,0.0,0.0005843940239804168,-0.04366879708132487,-0.033450700442821335,-0.06444221987516496,-0.01599725645911243,0.001120305626996554,0.0,-0.001151129700149911,-0.04342923261332027,0.0,-0.08827616796473553,-0.010094196318646276,-0.006839372044003589,-0.004326451885898086,-1.1102230246251565e-16,-0.0734452149582695,-0.0893263719613197,-0.07572217229037514,-0.06816633601700595,0.002711476152758907,-0.009857835381495816,-0.028017823390999008,-0.05644070203860985,-0.06820616403207669,-0.061022477486434745,-0.0057270620801959105,-0.044260783173382
-0.0009325540038471192,-0.03394164129324151,-0.04121474555913113,0.021383077782637594,0.008028049174260254,0.02334955516604592,0.0019286886907171619,0.00368386899622386,0.01492676360464218,-0.001366470436894085,0.0063325104318422976,0.02396755725119909,-0.0056294061325775635,0.029180957760171544,-0.014940784407567576,-0.028211508811816055,0.011259324283744654,-0.016175599397888152,-0.04638254947491721,0.012773379168282362,-0.02460596107560714,-0.0414352659746966,0.0,0.014711443098929466,-0.01387868554948185,-0.03989451757226026,0.019232740340137555,-0.0162176763178547,-0.026276052721879162,-0.011923137077067658,-0.030974646907809156,-0.01921538007648993,-0.04128125371920005,-0.013996010838387363,-0.03054850702653239,-0.004645681690359005,-0.017309091129625753,-0.0023992880240487624,-0.06089755543964992,-0.06020989709360475,-0.04537311872636568,-0.05553118717535416,0.00029398976135097676,-0.10659479147018797,0.004983430770474917,-0.017667230911975362,-0.024892671579433978,-0.13050054257964244,0.00010683672848571524,0.02382347575117616,-0.022355179776311185,-0.02089402548688013,-0.010219612705329006,0.01783028649887186,-0.011363104936867763,-0.012475904069280064,-0.03037563322613196,-0.04776173691806729,0.03392814920810394,-0.07668767805400978,-0.025810273621520496,-0.0020067187619952076,-0.04465367642191548,0.05743903742000156,-0.06638203180053148,-0.06832472580276855,-0.07523283052258223,-0.027832245417545032,-0.0008326118661834414,-0.006338634376750751,-0.03246402105236801,-0.033149092266137214,-0.061569021490244846,-0.060051276548026555,-0.08678904217417893,-0.06296428764291223
0.02730451357173147,0.026815149329238896,0.023975923942406496,0.001942265536270138,0.03759731520161147,0.009056038151666224,0.018029319317516557,0.020984697312258827,0.030291428292935352,-0.005170579153874977,0.021570579830072933,0.018560475210652738,0.019168743093525065,-0.003927674094005629,-0.0016662183675503761,0.007492053215802041,-0.018320424784701028,-0.008269950875203769,-0.000646090228471341,-0.008340605748228369,0.03150149603851099,0.06150431732242778,0.014711443098929466,0.0,0.0063969715319991405,0.004158923648890811,0.021520824945185257,0.0329228510344185,0.013197981657005642,-0.0029070203137893103,0.015875860501160688,0.021779438783819438,0.024469490844187758,-0.0035413093080085,0.03937323214694688,-0.015980033160206908,0.04509560199535029,0.004964505400427199,0.0699176532943982,0.037732640533789885,0.08678177846381074,0.11188895725991788,-0.006428886709993642,-0.0004391664341476531,0.03991222314329984,0.024851141944252753,0.012603291141564832,-0.00022916820194629484,0.0,0.0,-0.0025212857725599447,0.0019715155503987614,2.935298611084214e-05,-0.0038454568310815063,0.007805799991873086,0.0008797191222070788,0.008748871123823776,-0.003395917070804888,0.0,0.0019581931496110982,0.009609934430867217,-0.0033965448383089236,0.009535980040325742,0.0,0.0001769165934904504,0.09386048963042065,0.06836039636663549,-0.007201006485227979,0.03258684181890159,0.017256983248727875,0.02025311763100507,-0.0008755120704370123,0.01074004374884402,-0.004193068629871399,0.0,-0.005375483009371462
0.01935904918209541,0.008432747484827252,0.05039578473597228,0.0,0.03729604322960378,0.025586332518027333,0.03007784165686267,0.005202001746657803,0.06594621352916169,0.02275615109375212,0.030724595132615995,0.025794185939772785,0.010279336656115912,0.00018743741063492747,-0.03898099250004339,0.018475742503116066,0.03814358716435662,0.02034730316999228,0.021448979449121053,-0.005131354054042303,-0.014286510261854457,-0.0019541939648466955,-0.01387868554948185,0.0063969715319991405,0.0,0.009305650424699718,0.0024469077196987987,0.011739281991418327,0.009326878381767045,-0.007731561299906542,0.016086909530584004,0.011018585017829596,0.0068228167758865865,0.013788806482164684,0.0207798066516916,-0.01346884044906499,0.0006312276106018588,0.0042636950829774145,0.003316932953160212,0.006399387252395694,0.0066660940233704835,0.0070038666231858615,0.00129270348968058,0.0,-0.012028942901370243,0.013428356535640285,0.0012518159747464952,0.0,0.0,0.0,0.0058312020664107456,0.001497596926881839,-0.003813772565041451,0.00015000299709722054,-0.009015577085280668,0.0,0.0014434054004815455,0.010210261990929448,0.0,-0.04227514301670238,0.001977937145662134,0.0005818368675536978,0.0024481301723053295,0.0,-0.010027195840413783,0.0010221133057365384,-0.015104055595234034,-0.007009653872226018,0.01245998129409992,0.005954360241090306,0.01566044791036214,-0.011942323008757527,-0.012918549057178097,0.006477018644168608,0.0,-0.004688042962583183
0.011486274089623827,-0.0031103549909832773,0.012075723076699074,-0.0026929835376624522,0.0421439279394169,-0.02013545913580861,0.024515398785754705,-0.004799876241798562,0.057890043886036635,0.01133823835809089,0.016601203280709298,-0.0028308020755998253,0.010175439026459898,-0.02452324633564895,-0.036770444105050315,-0.0027601463205783605,-0.00415307427358802,0.007033591669540651,0.014711101028133222,-0.041711387355683305,-0.014320598347612512,-0.031058463854757468,-0.03989451757226026,0.004158923648890811,0.009305650424699718,0.0,-0.038739293196795144,0.007066282326857465,-0.01883646867238903,-0.013342969908167635,0.014747058687427206,-0.005234283090706893,0.005112478484667504,0.003881180992813149,-0.00491741866929013,0.044242643713893415,-0.01632293688726194,0.014563953264218221,-0.004337897835333893,0.004266672044699826,0.003615296594733697,-0.006986899728782581,-0.0017063261196397783,0.0,0.0022635847614831395,0.004995857408667426,0.0037960772221458106,-0.002052185187078781,0.0,-0.0006879174831609935,0.0036921855264172576,0.004665002714625888,0.014147451314128867,-0.004925737671129471,-0.0021206160491807347,0.0003635321275319847,-0.009590377026272301,0.004226304049119167,0.0,-0.047809066037815984,0.001407388369592033,0.002139340475956264,0.005014186544085697,-5.551115123125783e-17,-0.035471943752299395,-0.023039300941769425,-0.04111125827879969,-0.019433105670295214,0.004393613235713523,0.007358649863933753,0.0034384724774078057,-0.02619718395377646,-0.015179474203015852,0.016706447695403304,0.0002099763561734802,0.004332455327588414
