0.0,0.05027992107324636,0.0019451481456521091,0.0,-0.00017889547614952095,0.07347855422348015,0.07598392186088104,0.0705963781694876,0.0543666849403035,0.04442229411315268,0.043786186492189294,0.03682827253917076,0.0701287977751412,-0.0059423831874052535,-0.005206239701214255,0.04196073133418249,0.0482161492397285,0.03605908647281769,0.0,0.03907505196932398,0.06553816812306579,0.04500060739942641,0.042323053190701176,0.02463704481428486,0.03987233214481156,0.014097874902954388,0.05574310711138886,0.08290003470363627,0.08582778439958882,0.07001462048293094,0.030051792022637525,0.03519189979772275,0.02328592927401668,0.0419131926781921,0.037636580741710834,0.0016220480893174294,0.0,0.020471126943033435,0.050578349229013775,0.05752923939685639,0.06188944610986852,0.053773230178796816,0.0,0.0,0.006241257379629217,0.09527530697079878,0.07021190717464493,0.0,0.0,0.0,0.03884078517414363,0.0,-0.00020431901975331845,0.0,-0.003634812138268606,0.0,-0.010272804465536023,-0.002392385751818882,0.0,0.01692309457634028,0.047946875815761236,-0.012365197290183483,0.04115723172561003,0.0,-0.00775390912666013,0.01315936632981296,0.050750344355536325,0.05129539691313689,-0.011131124238605461,0.04195015359531856,0.057399019508534155,-0.004283609755397655,0.0002433419379292423,0.0005544187427251601,0.0,0.05182527649396562
0.05027992107324636,0.0,0.048264665808863794,0.0,0.029915865335908565,0.04012469403712693,0.020859669577508677,0.08909000165137715,0.027988174050633863,0.039035196152988005,-0.0006754024442190976,-0.001182043316126924,0.028708323984753703,0.0,0.045676036305132284,0.03346181242534202,0.04498498619994251,0.04121781670825414,-0.0005543835207532655,0.03289684196127618,0.04983761072312326,0.020117177745599735,0.05546165246737583,0.03934717794874182,0.02918097140492204,0.01952672100709224,0.045493852852089456,0.04164272257090912,0.04385365711825773,-0.006175416316174798,0.03448944283993649,0.03637199771246857,0.05681745029630342,0.03637340204652123,0.047754712239482966,-0.005729099493516132,0.000990086332280482,-0.00019185534752819144,0.05309224717152583,0.05966063740205979,0.06132937763140517,0.05842115023906869,0.0025562309724631582,0.0,-3.455449329237137e-05,0.054870267011549956,0.06466860097236998,0.001881673888856128,0.0,-5.551115123125783e-17,0.04436521680335864,0.01481985246151446,0.04377959025314371,0.03658214552979888,0.003478056355602277,0.0,-0.0025376045475036246,0.034891867958953104,0.0,0.05884191993968818,0.05181953823965341,0.004955354233545872,0.04301761343241062,0.0,0.04689186371339038,0.051449588495918575,0.057548337237047276,0.04330234321702453,-0.002111462222477767,0.05068101832338706,0.05944412935840876,0.04544824913415424,0.015095508363798305,0.04385798227760568,0.002432693006616138,0.04820259424375756
0.0019451481456521091,0.048264665808863794,0.0,0.047010500188195414,0.034945131416549424,0.023372254753746435,0.04271075941887892,0.053594983599777324,0.027636944154614596,0.05427188314481024,0.0640055855303534,0.04757617654493046,0.04727340009602449,0.04917211547010841,-0.0016553341187430237,0.0765527161283886,0.0410233610626467,0.03795261276816603,0.014075610080421463,0.054418336231412845,0.06307101499415596,0.055179743895202193,0.025423393208673373,0.0008398591335585515,0.04637244374414906,0.04529444147255263,0.019343153467192453,0.04860905862171144,0.04089574438788418,0.05572534704822685,0.042325154472607485,0.04664363138755673,0.032042059194812955,0.042879990036547855,0.03991456373369595,0.05279095855937266,0.05698039025256013,0.026128273504607225,0.023436321019684292,0.026222210013774894,0.005003078825249863,0.006512047629997353,0.03502013092185485,-0.0008148467324718967,-6.751770196228302e-05,0.0,0.0022370148629405895,-0.006216126669991107,0.00014989030324613628,0.0710500001158133,0.03715615584747467,0.041795298678951154,0.030889411379519394,0.05722275500802809,-0.0010747337052637862,-0.0025751031860378193,0.00011597944602326216,0.04448081953869354,0.032148541581899504,0.029489439357747838,-0.00026284461113590396,0.0,0.0,-0.01538749462486283,0.008662367652614633,-0.0012107943157594336,0.006108176960532008,0.027492030418142965,0.0,0.0,-0.001802253494918915,0.0070086618966467285,0.04392900580820125,0.040628702440319575,0.016064976312324286,0.03553790466209128
0.0,0.0,0.047010500188195414,0.0,0.01779938875457443,0.0013120053850946833,0.03345372388834433,0.0242971646308201,0.03105402155185044,-0.010615721511848919,0.02639792360692156,-0.0029240749855803383,0.020537254321066623,0.03243053050646333,0.0015014134546534885,0.0,0.00014653830935357215,0.0,0.021125830760038378,0.00014083101622341943,-0.0004633070736459466,-0.0004698284376172257,-0.002002222627834338,0.0012886386473538458,0.0,-0.0006906028382954732,-0.00034543806819858913,0.05244978035708531,-0.0006928317679771867,-0.00010628450971233994,-0.0033052915436443953,-0.020928092296539857,-0.010307971644151093,0.018188577527898653,-0.015751805817156517,0.020637690425259703,-0.021105539937274154,-0.002341774274188524,-0.000544900148672367,0.0,0.00041358846843436714,0.0,-0.00037534070565425903,0.0,0.0,0.0,0.0,-2.9628745767229514e-05,0.0,0.0,5.4398100387320625e-05,0.0,0.0,6.936470896207192e-05,0.0,7.101195221603795e-05,0.0,-5.221777488850776e-05,0.0,0.0,0.0,0.0,0.0,0.0,0.0,0.0,0.0,0.002071808755043536,0.0,0.0,0.0,0.0009021228427203987,6.798954521580747e-05,0.00016381786060060133,0.0,0.0
-0.00017889547614952095,0.029915865335908565,0.034945131416549424,0.01779938875457443,0.0,-0.006743474649116732,-0.0012962518442203308,0.029807281590568724,-0.014428335895938671,0.06367428082524906,0.017933568463763205,0.05876566957861623,0.04637476023547871,0.014637073129434519,-0.0009020513378590889,0.03604582241077986,0.03870622337835805,0.029580297333928418,0.030439836742808868,0.031003048730892713,0.07857360726535179,0.04202527080306012,0.023038459912061493,0.049884100685044896,0.038454433897064044,0.04352309940216875,0.017901741366009083,0.05549320411533554,0.01629145850323588,-0.003279936476868528,0.05988451992690391,0.02749555205763754,0.03487338518804933,0.041419091363300964,0.04642258220833223,0.017300077780903478,-0.04056451420971019,0.0468752754872076,0.02685734738374268,0.005983393551842964,0.03785305273552475,0.04438986356553776,0.03539320792054884,7.293130416968774e-05,0.001782388707389948,0.0,-7.696764915893217e-05,0.044524622760827914,0.0,0.055458562573515446,0.036069238251532854,0.03364641940290536,0.027772206639060548,0.03997758128927653,-0.0005035891558576866,0.0305923821793872,0.0025924333695294677,0.03999614184477984,0.029185972010278727,0.0011354696416635557,-0.0010594982857103363,0.0,0.0,0.027488867037706588,0.03820585696881651,0.0,0.0012364051994471215,0.02722528034217364,0.0,-0.00025907528087559806,0.03766925832482393,0.03563741361856099,0.044039324826749215,0.04667669630618265,0.0032997950926577646,0.02886263334170036
0.07347855422348015,0.04012469403712693,0.023372254753746435,0.0013120053850946833,-0.006743474649116732,0.0,-0.007176305866808508,0.03995185093426157,-0.02052067218331899,0.06038134126853334,-0.016399454393956236,0.05258682616526944,-0.013026912642799648,0.006239780110649795,0.04439180118115643,0.05420009162011552,0.02766472136182141,0.056100697858378235,-0.004105522478270951,0.04389249251842814,0.046169251673103484,0.04449154370617309,0.03155265070828478,0.07054208341175278,0.05273336195812611,0.038141835361033605,0.009755361929650264,0.01751745817843975,-8.123219425998363e-05,0.03948914594712305,0.023688871503871167,0.03487032329121936,0.04717006108231642,0.027348371516198455,0.02868778890899315,0.020645660014636802,0.03300452171829871,0.034024304949661965,0.029690103867749174,0.005921064078754534,0.03185764733736263,0.03699763745111562,0.056988117085387924,0.002338975930553766,0.0016372384931803707,0.03822266784787265,0.050346350142159935,0.05106443456232468,0.0,0.04374120890166655,0.04050828586605337,0.04202800732490142,0.023023096916834906,0.04065832093609267,0.018263340516882942,0.02248596049537077,0.0025788260719257217,0.03907897134036831,0.005057749409683676,0.04907683148501807,0.04486929718132676,5.551115123125783e-17,-0.002626724181819473,0.05133093806000888,0.03731031286476871,0.030361342304700167,0.04741765170441398,0.026047736425450663,0.0,0.05445128131172394,0.04898081952763045,0.029095458473474833,0.03773775937509294,0.03723188837408842,0.02947721421975391,0.03965308573842763
0.07598392186088104,0.020859669577508677,0.04271075941887892,0.03345372388834433,-0.0012962518442203308,-0.007176305866808508,0.0,0.021428595957617813,-0.015702345571297405,0.039115466536494004,0.014080342826558234,0.02566279450777248,0.013067772745669448,0.0005460456716069872,0.001633551444200687,0.031402293140707194,0.033699721832731955,0.04630253802966389,0.022285466459187553,0.03258462828601011,0.03842476864031824,0.026453434074843574,0.03338173224873975,0.03825850852117757,0.03750245034201638,0.020825612853850206,0.02929884108619718,0.04385826450275737,0.0015013336937148014,-0.0007766274003360163,0.04271997767550312,0.006140958283926967,0.02576739203278061,0.00545488104697911,-0.016713337052559285,0.010224939454622772,0.003530665228748675,0.006354448977689553,0.04656303716202187,-0.0006871106846796371,0.04736964569150426,0.048000676880240234,0.0536416172432464,0.0007431070883197055,-0.0013984551854115956,0.00019361678441776053,0.027032580762657354,0.04580550591863264,0.0,0.05068667478926814,0.039286734885909835,0.033617586373179686,0.030225107416089247,0.044067379587858,0.001960586012452137,0.0024251379898957426,0.0035060745032117757,0.041830778680534086,0.0020788331931597126,0.007153254525051833,0.08971584699254381,1.1102230246251565e-16,-0.00025768455493774267,0.030982881927201222,0.03771502804965127,0.033036177999687444,0.0394909288973288,0.028980391756383228,-5.0341511547091766e-05,0.0005027584418397235,0.03559302685103127,0.030891396115325764,0.03982557118734542,0.04247541493948459,0.035452362906924106,0.040413725362726804
0.0705963781694876,0.08909000165137715,0.053594983599777324,0.0242971646308201,0.029807281590568724,0.03995185093426157,0.021428595957617813,0.0,0.04238940880737352,0.05763618958906941,0.07161017978467427,0.062380629115184105,0.04498765604663946,-0.004556240727519978,0.09598886987518712,0.061655657608646275,0.0562603953121838,0.044602538860195884,0.08115540279148092,0.038232470130977136,0.02366015429165752,0.08234373114214733,-0.005551970622112046,0.06436440116145348,0.061812481319340584,0.056892130072922986,0.0378564699988474,0.046164263431231145,0.03516465560088872,0.03509524607871867,0.03344361703618548,0.04987294831062156,0.08785297564319555,0.034386529603389004,0.03606639014420698,-0.014329558982179358,-0.03803890238831742,0.008314337401848948,0.02872142657269211,0.00946575815854478,0.00349795667188868,0.04070735581169771,0.031621562490104116,-6.774669251641274e-06,0.00030103733017688983,-0.0005138466384715934,-0.0018913214373746379,0.04129394420971533,0.0,0.063883828272839,0.0317613746805544,0.02777939316590372,0.02865982238015491,0.0449149700478676,-4.995768000015666e-05,0.01548417852082773,-1.1102230246251565e-16,0.01761840673803261,0.0339176103280559,0.003730969705222631,-0.0027136281763383008,0.0,7.5900182240351555e-06,0.03722946728211485,0.027133280346247124,0.035360170396363466,0.01970920068416665,0.02021389087951614,0.0001499511562890743,0.08406687122042139,0.01910938018091718,0.02587871478485676,0.025446447402297845,0.02134788709152824,0.021300696178765566,0.023169835818301454
0.0543666849403035,0.027988174050633863,0.027636944154614596,0.03105402155185044,-0.014428335895938671,-0.02052067218331899,-0.015702345571297405,0.04238940880737352,0.0,0.04151798321515099,-0.0012674838235195995,0.03977211667064923,-0.008873144583609494,0.04325425572176639,-0.003208582981254482,0.03941009519507538,0.03325414166726359,0.024407688313017706,0.011169449770768447,0.0263528582087324,0.031369705864687625,0.02800624447083333,0.02472381082748354,0.03805110519887861,0.034783417616618906,0.03945934158615344,0.017994399907970138,0.03783592323993823,0.020954099748863808,0.043673836254150555,0.034090085455454444,0.023978741691168592,0.030544173476574066,0.02761521361942665,0.02387198118424788,0.03007021514622943,0.03688147504994843,0.03465171919941479,0.006063341415223966,0.0022461870468252765,0.022471251327042974,0.030394167338856803,0.03252216385021478,0.0009445905303905322,0.00198711730171669,0.0,0.052373057935700906,0.056860755479765324,-0.0007261083766287868,0.05095460675808139,0.03328140417084835,0.03355079152152218,0.025532560286292583,0.04044345140392824,0.047523816289288034,0.027409557068403312,0.0006046812342851982,0.036026654586176154,0.031172366119254113,0.0066587445782116395,-0.0003064619019327308,5.551115123125783e-17,0.0,0.04256863114482434,0.03191679485387078,0.0034588184905647856,0.045658807294068515,0.0253874740053609,-0.0015857152936061825,0.0010341151907076185,0.027935031708811675,0.027389919361386128,0.037537365571567394,0.03841794250923902,0.03048496190116845,0.03521882529941334
0.04442229411315268,0.039035196152988005,0.05427188314481024,-0.010615721511848919,0.06367428082524906,0.06038134126853334,0.039115466536494004,0.05763618958906941,0.04151798321515099,0.0,0.05629737570199511,0.01951323057034421,0.019333592741781924,0.05312500880264931,-0.0004652857466382887,0.013647122035557901,0.0219565153811212,0.022377018614441302,0.05267276212328659,0.002653316179174192,0.03698736787790724,0.0019082424232171324,0.03602813951490258,0.010841770116869931,0.0329274682391229,0.049185187872357206,0.04586270476298582,0.02414365923780426,0.039881226470299236,-0.004333406404129103,0.014107190899607325,0.041364523364438244,0.02883429132114712,0.05002984338885491,0.03923163058159379,0.023034222682291328,0.041992582169692094,0.02128532095332142,0.02657416623280412,0.012113406814832695,0.054259672698894146,0.1074790182568297,-0.004695796021873644,-0.0005693708531020469,-0.01886878113307533,0.02206000648881029,-0.0017632545894669671,0.0032449403893936024,-1.1102230246251565e-16,1.6653345369377348e-16,0.042215578721124025,-6.326572705922517e-05,-0.0008988058534706855,-0.0008283098268575539,0.008288920794343957,-0.001811018570955003,-0.001883242744527669,0.09565986062302156,0.0,-0.001976898357117063,0.038505789698538906,0.01862620906522694,0.020449257794895426,-6.332953534304853e-05,-0.002112874403919718,5.960254021419864e-05,0.001637887384973058,0.03695414701690625,0.012934695660695328,0.020987278067188975,0.017532557114632585,0.03726198793313762,-0.0007427303670920482,0.043380575234624574,-1.1102230246251565e-16,0.024778548404134904
0.043786186492189294,-0.0006754024442190976,0.0640055855303534,0.02639792360692156,0.017933568463763205,-0.016399454393956236,0.014080342826558234,0.07161017978467427,-0.0012674838235195995,0.05629737570199511,0.0,0.037532584328581864,0.04408470494369132,0.0033810305394435525,0.0,-8.048859627463045e-06,0.033126484513683496,0.019249937134989015,-0.006049961341794252,3.699150264180329e-05,0.014814702716357264,-0.0005113336126327805,0.0536010518776156,0.0461791010096268,0.031346690141403066,0.029326643501563276,0.029334737581572734,0.04492853653308526,-0.005954145725951376,-0.008139553116991216,0.04453011819407049,-0.0030445214941147714,-0.0016424555842999289,0.033861810656022784,0.037818993126827516,-0.0020358932988970846,-0.06673146744435454,-0.01881320757145505,-0.002418819169973163,0.0035528833353847267,0.028243232306493615,6.170001584382412e-05,0.04771043503601863,0.0008000483102977296,0.0037769753072363077,0.0,5.551115123125783e-17,-0.08180733580264671,-6.492060983909198e-05,0.10312212428846296,0.049353701795398885,0.06403218627609042,0.03241718149787737,0.03230719245233826,-0.0011035286422708679,0.06525363737330175,0.000673113979915374,0.03781665061149342,0.0593178049634529,-0.00038310170873473437,0.0,0.0,0.0,0.01927909396014099,0.0017112844592933607,0.0,0.0011243589007253196,0.04971552460432849,0.0,0.0,0.00011620527330674646,-0.0381160835462489,0.0387830199466318,0.03399471942838711,0.0013165734401736628,0.031740582439811815
0.03682827253917076,-0.001182043316126924,0.04757617654493046,-0.0029240749855803383,0.05876566957861623,0.05258682616526944,0.02566279450777248,0.062380629115184105,0.03977211667064923,0.01951323057034421,0.037532584328581864,0.0,0.02295509397747819,0.002318359951385407,-0.0014932821402401375,-0.003002049811745955,0.021609220532297135,0.0057411137670475565,0.04198821823276577,-0.0013873267029704817,0.052072451107229134,-0.014430234044798318,0.05415702890647428,0.009991992481056422,0.003913019397368933,0.01547219806811756,0.036180959646188116,0.014696827521154365,-0.0018338534583070554,-0.0036767937494353586,0.026764261160617475,0.008865041035929666,-0.009165411492016107,0.009066894932320713,0.008227435687786278,0.015327251523730545,0.0064865805887061034,-0.0064793430510808325,-0.006985958018162597,0.01418787033625224,-0.02527102524756153,0.01452041978520019,-0.004503876506883164,-0.0007863605656475148,-0.1660173618058452,0.028947458298017703,0.0001815037074621162,-0.0006212958583694528,0.0,-3.5408294141170416e-07,0.0014473920801138518,0.0024111864728435517,0.0,-0.0006042413127136936,0.012720575088822184,-0.001224444681170278,0.01026380957713835,-0.0025122337599985944,0.0,-0.0007301036790823834,0.039198024571902024,0.019133579204671736,0.026393050845946953,0.0,0.0007854179332331679,0.00013169118108014022,-0.0002844151245943727,-0.003225553828400174,0.01612089819171808,0.013492188940282146,0.022346482733425155,0.00288543723946183,0.010136819944991049,0.05818903501807099,0.0,0.03230557776958293
0.0701287977751412,0.028708323984753703,0.04727340009602449,0.020537254321066623,0.04637476023547871,-0.013026912642799648,0.013067772745669448,0.04498765604663946,-0.008873144583609494,0.019333592741781924,0.04408470494369132,0.02295509397747819,0.0,-0.00401838512036351,0.05127409302047636,0.037005730787489866,0.024202671948315657,0.04304538183606271,0.03942848211499528,0.031123094173688304,0.04090458672336539,0.029432452332595838,0.03793525689373761,0.04345693262053202,0.03882082031381612,0.017478402248790215,0.03513482358326597,0.010648948959336157,-0.0010385747728175465,0.01408995798928242,0.005708283431157701,0.011056016782339695,0.023126346493211603,-0.0014892882105646543,-0.024762196396637126,-0.002409713543120251,-0.010332510439622355,0.0003909582425165592,0.026939497642831767,-0.004070512107438251,0.05557969951710229,0.042849012542264586,0.05216296666092951,-0.001718152605869605,0.0008596553218301328,-0.0003568061194368921,0.041275910538482286,0.04492835847483978,0.0,0.03958823264071987,0.03777662067034593,0.04376934965862145,0.039919670829051346,0.037367811991937616,0.004139983583165585,0.0023597251185327184,0.0023904999760863133,0.04423856036285001,0.0029143557375111984,0.030816550218941474,0.03799325183202512,0.003957300236338335,0.02825409061419093,0.03306884825849199,0.04046015248985957,0.030228424252979336,0.04420627013736528,0.02871564981688246,-0.0005579612467759287,0.03547198361438664,0.03265108260358396,0.03152221201552641,0.040601775889000935,0.04315689506852416,0.041681195956336015,0.03616576961342344
-0.0059423831874052535,0.0,0.04917211547010841,0.03243053050646333,0.014637073129434519,0.006239780110649795,0.0005460456716069872,-0.004556240727519978,0.04325425572176639,0.05312500880264931,0.0033810305394435525,0.002318359951385407,-0.00401838512036351,0.0,-7.983258974475493e-05,0.0,0.0,0.0,0.05738701795748702,-0.0019753334322308858,0.004761638348279806,-0.0018769510901196496,0.003996184875769415,0.0025609283885345002,6.337547923979114e-05,0.029039924000341166,0.012581732126427547,0.018889858051860275,-0.0084588753579532,7.292526590430004e-06,0.0391826053502658,-0.08140199998696374,-0.0033622972067604007,0.00952685167947831,-0.013416838833402112,-0.018007550080082868,-0.012623473185989276,-0.006488081991239847,0.0037362201984783017,0.0,-0.028652617155416338,0.0,0.01130673596666737,0.0,0.0,0.0,0.0,0.06905270104919298,0.0,-0.0072265400379819544,0.07804429391942869,0.04381885686955017,0.017359801627997884,0.058872106415772674,0.0,0.02558159060560322,0.000836593249926465,-0.0010438440119910353,-0.0011663607764359485,-5.551115123125783e-17,0.0,0.0,0.0,0.02564682645179317,-0.0015912337267881549,0.0,0.0,0.07000030101479449,-0.00023620314183175894,0.0,0.0,0.004986829494049938,0.0026359430683796647,0.00022776611199532004,0.0,-5.551115123125783e-17
-0.005206239701214255,0.045676036305132284,-0.0016553341187430237,0.0015014134546534885,-0.0009020513378590889,0.04439180118115643,0.001633551444200687,0.09598886987518712,-0.003208582981254482,-0.0004652857466382887,0.0,-0.0014932821402401375,0.05127409302047636,-7.983258974475493e-05,0.0,0.035429815035458945,0.015390144090152158,0.03874417949809256,0.0,0.04783338629708633,-0.005391783488946367,0.03294034771659504,0.046234520359124176,0.0750642944245139,0.03748491947042837,0.020739481720391084,0.04531013875693707,0.03415782322609229,0.0450755418396272,0.0024157765567732192,0.028476449762067424,0.015727086700238257,0.040460657050165216,0.02553058819172843,0.02427882185707081,-0.006592111372087817,-0.004049173280822493,-0.004281936615243287,0.03294603849232247,0.030787092681138217,0.035066254462649715,0.03553262194287887,0.07946083015268102,0.00044170094559103923,0.0018630992826256798,0.002840801029802942,0.036508083843324546,-0.0005484648910917822,0.0,0.0,0.03752977829012433,0.0034752575565972776,0.007684254229394727,0.001223570073149327,2.2324387439598414e-05,0.0,-0.0009747027269298436,0.008008251366387442,0.0,0.03502381468346616,0.033013755906959596,0.0004175608389905272,0.03685396725086093,0.0,0.036790213613883016,0.017363886610258172,0.04590983088312994,0.0235330567002614,0.0023506838414800724,0.054648234757169456,0.02847430510464566,0.030873071487678427,0.03965163721342829,0.0415998463574066,0.00435778019928118,0.031303551856981915
0.04196073133418249,0.03346181242534202,0.0765527161283886,0.0,0.03604582241077986,0.05420009162011552,0.031402293140707194,0.061655657608646275,0.03941009519507538,0.013647122035557901,-8.048859627463045e-06,-0.003002049811745955,0.037005730787489866,0.0,0.035429815035458945,0.0,0.013005544843392003,0.008527176546454407,0.001504176119543621,0.002135657877456454,0.04156872058859418,-0.013837141574917444,0.04076855558754672,0.016932358143650572,0.003893990011028914,0.03543794537263828,0.047759665996074785,0.04535149219532009,0.04182127076602765,0.03448244015643759,0.0005310288860655432,0.021204978448792267,0.0154096041725173,0.0105714093167531,0.014006651237362555,-0.007476357396036026,0.002447707371536545,-0.0026328452552993875,0.03921012815833286,0.043802316964490995,0.047969369092456804,0.04888398739413852,0.0010381785428110746,0.0,0.0,0.05467598702984422,0.052001974278993,0.0,0.0,0.0,0.040900568826810146,-0.003667660570149278,-0.00694440999419782,0.0,0.0014086909603862607,0.0,-0.003975575439399248,0.010754606004941158,0.0,0.03729921461091734,0.042179862172226024,0.019108652608608778,0.03524432296804375,0.0,0.028338655646653055,0.03946230224953878,0.04481310463158317,0.025580338028576344,0.02639739296651905,0.03988748841833906,0.04672359915001162,0.023122260406132633,0.0638579994848697,0.042952393015941503,0.0003458559462077293,0.03865370839498494
0.0482161492397285,0.04498498619994251,0.0410233610626467,0.00014653830935357215,0.03870622337835805,0.02766472136182141,0.033699721832731955,0.0562603953121838,0.03325414166726359,0.0219565153811212,0.033126484513683496,0.021609220532297135,0.024202671948315657,0.0,0.015390144090152158,0.013005544843392003,0.0,0.001658708829863964,0.0345831400451177,0.028088044611869867,0.04488278981999927,0.016050535583011505,0.02201035864713935,0.036818933588818714,0.011046964544549343,0.026713922859001316,0.02392505269508388,0.03615708869698858,0.031143812426194184,-0.013544372576154762,0.006057138721171862,0.016386931373297275,0.010729769265316158,0.009734619111306408,-0.0017352371615889095,0.03501241341362504,0.0002194222190365358,0.035915386211960276,0.037405449066864105,0.03043837294295204,0.013652963486292968,0.0496783954515338,0.0,0.0,-0.007888930002866501,0.003157913567693349,0.05922552820790428,0.0,0.0,1.6653345369377348e-16,0.0014349025101332291,9.59360309331081e-05,0.0,0.0,0.012730513735079108,-0.00017026070211073607,0.017376726896199235,-0.0012344923956620346,0.0,0.0,0.02852081222131153,0.01935516580990837,0.02390597052068455,0.0,0.017480150108007686,-5.551115123125783e-17,0.051268506601332975,-0.0007710071793844975,0.025752038870086424,0.018745179858472127,0.01684459082679135,0.0,-0.0024059593579919825,-0.0012688988775102494,0.0,0.0175985591899126
0.03605908647281769,0.04121781670825414,0.03795261276816603,0.0,0.029580297333928418,0.056100697858378235,0.04630253802966389,0.044602538860195884,0.024407688313017706,0.022377018614441302,0.019249937134989015,0.0057411137670475565,0.04304538183606271,0.0,0.03874417949809256,0.008527176546454407,0.001658708829863964,0.0,0.026443564518125295,0.04460792084889276,0.03359228383890672,0.024025244025540793,0.03236002358580953,0.0207195548102575,0.0034409616311042446,0.03492802497288011,0.04834074319196435,0.05782660718144683,0.05360688326833363,0.03921842608395526,0.00956598239921752,0.031588608419389264,0.010636445978643383,0.006821786687385867,0.010790196511230199,0.0022910002264675544,0.0,-0.0310182626487695,0.035530230003492536,0.02760006272174248,0.03227593200679718,0.04175303591961549,5.551115123125783e-17,0.0,-0.006860139652298647,0.03793036248254561,0.06253396173544762,0.0,0.0,0.0,0.032257957933724934,0.0001229331632516817,0.08171360855339599,0.0,0.007189389815978775,0.0,0.017452696398505885,0.021643518668595374,0.0,0.03643348030590854,0.038249255326883724,0.0203920699726724,0.024976600717613706,0.0,0.02944035585591659,0.05772025948323756,0.05566530228213873,0.04325665550365099,0.029977877010663345,0.029710575906059078,0.03257077396095587,0.02668011312934193,0.042861444350964895,0.03795646767683786,0.0,0.02617018801433557
0.0,-0.0005543835207532655,0.014075610080421463,0.021125830760038378,0.030439836742808868,-0.004105522478270951,0.022285466459187553,0.08115540279148092,0.011169449770768447,0.05267276212328659,-0.006049961341794252,0.04198821823276577,0.03942848211499528,0.05738701795748702,0.0,0.001504176119543621,0.0345831400451177,0.026443564518125295,0.0,-0.0006162804503742625,-0.004500307229968081,0.06374979966692462,0.026797967343768048,0.028780369615335477,0.030438655369254997,0.02273929880650072,0.019096447602762745,0.047154915384165275,0.053022130096069486,0.049739845739479316,0.04040140401745701,0.038266748694617214,0.006589552665956955,0.03506513004125422,0.03682780297778321,0.047387784015344325,0.03768733224192655,0.0024387241332792797,0.005625172891144559,0.0601390362903908,0.03612446086106558,0.01388836841246055,0.04368306307132236,5.551115123125783e-17,-1.6653345369377348e-16,0.0,5.551115123125783e-17,0.10592416474034683,0.0,0.07705482300794653,0.05047290258471693,0.05347782164826631,0.05797119478802226,0.060210337958912286,-0.001077612894638813,0.10771506775208417,-0.0006173640580365292,0.04459289875920813,0.004942430786351593,-0.00024679493304002875,0.0,0.0,0.0,0.05858088912266657,9.097473640795606e-05,0.0,0.0006237713960880464,0.05227992201220333,0.0,0.0,-0.0022149827782144693,0.04951370647670028,0.04843829990172577,0.0457003321284678,-0.0006085045630087604,0.0309804709503122
0.03907505196932398,0.03289684196127618,0.054418336231412845,0.00014083101622341943,0.031003048730892713,0.04389249251842814,0.03258462828601011,0.038232470130977136,0.0263528582087324,0.002653316179174192,3.699150264180329e-05,-0.0013873267029704817,0.031123094173688304,-0.0019753334322308858,0.04783338629708633,0.002135657877456454,0.028088044611869867,0.04460792084889276,-0.0006162804503742625,0.0,0.03403377424709764,0.02297302624590747,0.06414131895327752,0.06017114629539788,0.042938478625420995,0.03761632998222697,0.04791650040018919,0.034179045106016936,0.03414880978844864,-0.0013593476162446771,0.015482147906282884,0.028159839692822375,0.04566891946307006,0.03355535556343481,0.03220655744612705,0.018358372579392657,0.007243564571314864,0.0037917854552312336,0.03777690769441222,0.028992408971855288,0.026888377756062898,0.03371647651718401,0.07987086568098845,-0.0006787790449705455,0.0011547889651398746,0.06528615328505988,0.05107126014576774,0.0015959502384603197,0.0,-0.0019096304419231047,0.029675573585534465,0.025886920425841287,0.035997944355421696,-0.004421131831226055,0.001954974488595995,0.0006745933151681149,-0.0006993592357479872,0.035247410996356865,0.0,0.03639146460453596,0.038397066251128265,0.0008768213692602611,0.034937180860754036,-0.0010321470905607089,0.03483188322109365,0.035965603785320155,0.042003721622104306,0.031175829121702803,0.00016660421956760096,0.05010812647067997,0.04843530671277585,0.03217850329826338,0.03683839745276185,0.04472212166337275,0.035590468012585086,0.036294720878598696
0.06553816812306579,0.04983761072312326,0.06307101499415596,-0.0004633070736459466,0.07857360726535179,0.046169251673103484,0.03842476864031824,0.02366015429165752,0.031369705864687625,0.03698736787790724,0.014814702716357264,0.052072451107229134,0.04090458672336539,0.004761638348279806,-0.005391783488946367,0.04156872058859418,0.04488278981999927,0.03359228383890672,-0.004500307229968081,0.03403377424709764,0.0,0.032692134651624516,0.01281066710208012,0.06609078387637524,0.03754855055974465,0.04003996139295685,0.030111284130722782,0.04096899450057917,0.04524149174319375,0.039816496130781254,0.035161764861808664,0.014328111015070033,0.06083701301448646,0.04162331554000526,0.034664264573024406,0.03605876019962789,0.04519054381652282,-0.003805005706217779,0.024719438943784477,0.06415228496336878,0.03088729070726476,0.013808280664989181,-0.0070506027643843505,0.0,0.001049386780149153,0.10454879175514709,0.05689623316283354,-0.0003723938227258028,0.0,0.00011602084523720801,-0.0012368507700713516,-0.0034683343330053074,-0.005980439519261527,0.0023840019840683513,3.9957817834890275e-05,0.0,-0.0002875550693953177,0.008558372639187906,0.0,0.026950349235047022,0.052680597975984456,0.0,0.06262254957862534,0.0,0.018796407473536836,0.023005746284286588,0.042828058156512194,0.01727271961105198,0.006276763599868007,0.05620809074041566,0.041238612795914675,0.011037598680208482,0.01402010327518527,0.028265558021196457,0.010140719113556795,0.02925477590978559
0.04500060739942641,0.020117177745599735,0.055179743895202193,-0.0004698284376172257,0.04202527080306012,0.04449154370617309,0.026453434074843574,0.08234373114214733,0.02800624447083333,0.0019082424232171324,-0.0005113336126327805,-0.014430234044798318,0.029432452332595838,-0.0018769510901196496,0.03294034771659504,-0.013837141574917444,0.016050535583011505,0.024025244025540793,0.06374979966692462,0.02297302624590747,0.032692134651624516,0.0,0.05542037130504668,0.05852126329800944,0.038400668614178235,0.026585521968428727,0.047874545301986815,0.0431056168326483,0.03951768276525097,-0.005172022121515629,0.004772783891667742,0.022936387301637717,0.043305233847708735,0.020863845659759517,0.024839677754853462,0.01908721745775588,0.03434180682968291,-0.002216205315751729,0.042183417890886865,0.05751645134399991,0.04030866317739129,0.05170338643682382,0.09832192101203446,0.0,-0.0018028911274519666,0.051885111274654505,0.05258644451405009,0.03206552780845451,0.0,0.0008210051181318234,0.03477448313716203,0.018859353247370425,0.004938809791560195,0.035500336125940446,0.0010602826525770714,0.0,0.00014266018379532897,0.026185344695405066,0.0,0.04281931546538109,0.04502947129189644,0.030734165733395546,0.04425963819958223,-1.1102230246251565e-16,0.032585447353225216,0.0398842666755177,0.04058052030429099,0.036940900897365014,0.0012326851290492269,0.045436638943799346,0.04225308281693074,0.03237178981250566,0.04804331425289671,0.04384169311600972,-0.003010295825276621,0.037005089842411076
0.042323053190701176,0.05546165246737583,0.025423393208673373,-0.002002222627834338,0.023038459912061493,0.03155265070828478,0.03338173224873975,-0.005551970622112046,0.02472381082748354,0.03602813951490258,0.0536010518776156,0.05415702890647428,0.03793525689373761,0.003996184875769415,0.046234520359124176,0.04076855558754672,0.02201035864713935,0.03236002358580953,0.026797967343768048,0.06414131895327752,0.01281066710208012,0.05542037130504668,0.0,0.059469066964661144,0.028733414130652113,0.03636980990127425,0.0030347725294969097,0.03819568998890416,0.03681661783591317,0.036659855069649694,0.028961150807870095,0.038933206712113366,0.059888972246553374,0.031187180361265332,0.033742437638038414,0.024530361837276693,0.05171261843516456,0.02552813172542817,0.03769778486184405,0.046015102063221236,0.026705473032783478,0.044632129998819936,0.03820962025800623,0.059846121172338784,0.004745069246039735,0.03133211199655295,0.04983293124747484,0.051070145485834106,3.6123145562338976e-05,0.051109636350978094,0.023532923493688518,0.02568244860232949,0.0015063966341195,0.04014986448595914,0.03451045312244738,0.04184051294197666,0.011555507008587318,0.02663775359052134,0.020671255966030033,0.030800273975343406,0.040383891928763904,-0.0004200084741764476,0.04412651517084659,0.07531005343260255,0.03544271399561105,0.03232448366854862,0.04077169640210698,-0.05514962611552615,-0.00031809022175699475,0.04616213194004448,0.03804826057831345,0.002354283991065853,0.03103491133619729,0.04200708125059527,0.02752061605407219,0.03577061903037304
0.02463704481428486,0.03934717794874182,0.0008398591335585515,0.0012886386473538458,0.049884100685044896,0.07054208341175278,0.03825850852117757,0.06436440116145348,0.03805110519887861,0.010841770116869931,0.0461791010096268,0.009991992481056422,0.04345693262053202,0.0025609283885345002,0.0750642944245139,0.016932358143650572,0.036818933588818714,0.0207195548102575,0.028780369615335477,0.06017114629539788,0.06609078387637524,0.05852126329800944,0.059469066964661144,0.0,0.025350695507008247,0.03181855226808433,0.05820963325383416,0.05241156982994727,0.0747849400928765,0.06464731135931545,0.00615406326197343,-0.014127586366247058,0.010022468249143601,0.017926487981369754,0.011595860364441768,-0.016890001774360675,0.006297888029366372,-0.0034098332391683805,-0.05151881725259566,0.041583978484498574,0.004430600359824233,0.014952513803051681,-0.0016650677335192654,-0.0003259968676372349,0.024210266888198384,0.013905291658321495,0.032128997774169166,-7.748530336415538e-05,0.0,0.0,-0.002130924712405502,0.0010294513539336192,-0.00024896281407910115,-0.0026919698735768383,0.022005473604579107,0.00029744660245478727,0.02036095182261377,-0.0031489089573568663,0.0,0.02002030098412505,0.03579713072037566,0.04137735001124854,0.029598926308695594,0.0,-0.00046085269831919184,0.046172001792881945,0.08648647298581069,-0.02765158540669327,0.0404171722785403,0.028249446379375376,0.03543251241513479,-0.0007428812221705328,0.008473909778400124,-0.0027715390948910845,0.0,0.033231193215386645
0.03987233214481156,0.02918097140492204,0.04637244374414906,0.0,0.038454433897064044,0.05273336195812611,0.03750245034201638,0.061812481319340584,0.034783417616618906,0.0329274682391229,0.031346690141403066,0.003913019397368933,0.03882082031381612,6.337547923979114e-05,0.03748491947042837,0.003893990011028914,0.011046964544549343,0.0034409616311042446,0.030438655369254997,0.042938478625420995,0.03754855055974465,0.038400668614178235,0.028733414130652113,0.025350695507008247,0.0,0.017209822282310272,0.05364010302442884,0.05509265581999245,0.050549773511092966,0.04981550380804384,0.02358418080645358,0.02840563845707733,0.021296205968103332,0.02017794964375047,0.02050103030361633,0.04346989806641116,0.0009110623130688666,0.03532260367307993,0.03430648245722767,0.030488872337098294,0.03046373816405723,0.03503133898011446,0.0004939260913354726,0.0,-0.007267169587626854,0.026284065953434188,0.05330187018712962,0.0,0.0,0.0,0.035301522618336745,0.001443603114153147,-0.002454879549017186,5.071832670039411e-05,0.021395922373579623,0.0,0.01542863784790005,0.028793185603930405,0.0,0.052165361191046145,0.03440813587050484,0.021209652196091666,0.027518795014566333,0.0,0.04018195655255863,0.026892260929835543,0.052559267939901455,0.04492142599686377,0.028760054578213512,0.0274616698878149,0.02990384476452368,0.043432180697868306,0.03090529567124961,0.03464141063122661,0.0,0.025484424024957875
0.014097874902954388,0.01952672100709224,0.04529444147255263,-0.0006906028382954732,0.04352309940216875,0.038141835361033605,0.020825612853850206,0.056892130072922986,0.03945934158615344,0.049185187872357206,0.029326643501563276,0.01547219806811756,0.017478402248790215,0.029039924000341166,0.020739481720391084,0.03543794537263828,0.026713922859001316,0.03492802497288011,0.02273929880650072,0.03761632998222697,0.04003996139295685,0.026585521968428727,0.03636980990127425,0.03181855226808433,0.017209822282310272,0.0,0.03099025088004409,0.03661924317890852,0.04863304028216908,0.05937281351011242,0.014215893504150312,0.02725535348921776,0.027265516301328563,0.015619457189493813,0.029901045625324918,0.012580108264502454,-0.0016828785815831138,0.02495763671952178,0.03409014661638354,0.02819547970008096,0.042801464116007326,0.038733632945194496,0.11549486853587287,0.0,-0.013107421923819529,0.029375446061606525,0.054912428755780895,0.030202647209356503,0.0,-0.00023259551028287362,0.042171297629162385,-0.004610090331864047,0.03354411161820481,0.034018582363924965,0.017451022608231836,0.00012291581879697588,0.02281933377618417,0.019311371216203244,0.0,0.03897802522492655,0.03187067540401195,0.02039291261766324,0.028311505380094748,-5.551115123125783e-17,0.03738200848231893,0.022959415115138326,0.047493037124567206,0.03631066431600716,0.038914884745322675,0.027440339376477607,0.0325117612504614,0.032218560687147235,0.025918142454926574,0.03272908985755629,7.099624432732599e-05,0.028082785908465302
0.05574310711138886,0.045493852852089456,0.019343153467192453,-0.00034543806819858913,0.017901741366009083,0.009755361929650264,0.02929884108619718,0.0378564699988474,0.017994399907970138,0.04586270476298582,0.029334737581572734,0.036180959646188116,0.03513482358326597,0.012581732126427547,0.04531013875693707,0.047759665996074785,0.02392505269508388,0.04834074319196435,0.019096447602762745,0.04791650040018919,0.030111284130722782,0.047874545301986815,0.0030347725294969097,0.05820963325383416,0.05364010302442884,0.03099025088004409,0.0,0.03532726885452009,0.020181429635465098,0.0270979324214638,0.026396230516346264,0.03480043687966988,0.06070379479144444,0.032129526479004744,0.031263462645381435,0.0318427727982728,0.03463922633315847,0.0403743583181812,0.024017687173639612,0.014518766070114597,0.03758338808848838,0.03778605290211756,0.05248355268161636,0.00031487559597170867,-0.0001765237203396608,-0.008626550206731975,0.042796577070037756,0.049217392135063376,-1.6653345369377348e-16,0.048897805556058715,0.04654802425447102,0.04869778193433694,0.023880434307143927,0.03525224962075202,0.04864874923661222,0.03454343398715631,0.002867310625732311,0.04302300175667961,0.002048497399907867,0.03671702913521413,0.04681222498363169,-4.745984690579519e-05,0.05047864766436877,0.0382435689354621,0.03566873155180017,0.02464991386033294,0.04154584742791467,0.027828300044725696,-0.0006538207188425127,0.061433282728755534,0.041755766460149335,0.031082641642542486,0.03815358505776434,0.04055891031374048,0.04149443535447783,0.03686443225098568
