0.0,-0.01546372274766905,0.0021410402627417002,0.0,-0.00067167824054154,-0.018871493206255197,0.0117233355599487,-0.016942399374627215,0.008569252493004553,-0.0034815793753093516,-0.00013475921067623853,-0.004792811189378077,0.006571271628518116,0.0006708604802831419,-0.012996118731081696,0.00876925887975305,0.016896915907430754,0.013325968262390908,0.0,-0.015781788321044266,-0.019107886223333093,8.213063575301938e-05,-0.013240857295262698,0.0024269120646286946,0.0058123502719094056,-0.0019409346798980875,-0.018822236792853053,0.008425644282296418,-0.0023425623411473806,0.0029633175162195324,-0.004399779615902988,0.01186273026259771,0.013190121749453276,0.0025165113140898643,0.005142227139058708,-0.0027374795804089302,0.0,-0.009087579632206966,0.008688313488973642,0.01621309153533984,0.02186756702446896,0.02038485707224419,0.0,0.0,-0.0010356596858832612,0.0024705530047180457,0.0021690251881205658,0.0,0.0,0.0,-0.0013768203198688544,0.0,0.00028093378735410957,0.0,0.03731312700177447,0.0,0.03346441485708895,-0.0013193358273976274,0.0,0.014897047508682648,0.02045552993909916,0.030391284648274175,0.0339068924869233,0.0,0.03731334848765239,0.00967551396596128,0.006216449763271292,0.00266252244788584,-0.06737177126104527,0.02416946706045414,0.004999441450800501,-0.04699867254727774,0.00039207122181961207,0.030375226781386044,0.0,0.023207258525438534
-0.01546372274766905,0.0,0.006762770812785257,0.0,0.0006230385950026229,-0.002633782143792285,0.01729315015773425,-0.005835410799304663,-0.011910489455202011,0.005554897272956605,-0.0006488506536936334,0.023443994156329917,0.009534435824376963,0.0,-0.00036113793787112547,-0.0021083425418790824,0.03091369972974428,-0.0002566496351413816,-0.0019504235996757324,0.01863052380230712,-0.0069273732933403664,0.017541650004757103,0.013715718997037718,-0.02316833431479126,0.0033552075229454914,0.0008172068329371229,0.019085989870288256,-0.006613431828988492,0.014563872462806549,0.003769052107276072,-0.00010392101182032931,0.00791192581704131,-0.009039905214042687,0.015906142565043857,0.015453827847280388,-0.007805526206835445,-0.0008987781147407059,-0.0012498688071682085,0.008442735896116493,0.012884235648799869,0.01119102633796859,0.0190545745746053,-0.0058164583401497105,0.0,-5.5674013775819375e-05,-0.005665754855306404,0.01591691148317298,-0.002153009116158233,0.0,-5.551115123125783e-17,0.004965686153362958,0.0031856108123890503,0.006906004796044751,0.0006093748255441844,0.0009915515224407367,0.0,-0.0007861495146463948,0.008390722195458278,0.0,0.023109281703377615,0.013550195320967295,-0.01083503971189731,0.008184039304634905,0.0,0.002699968049873158,-0.010718781705690572,0.015159509946390315,0.004199367136958676,0.0034597424714760128,0.016965806684210938,0.009868459204239621,0.002198414632924417,0.0023350583694198845,0.010669134497701405,0.0017521809202340477,0.006980464733511771
0.0021410402627417002,0.006762770812785257,0.0,0.005991998649241159,0.02244843228148391,-0.007020168352548761,-0.0018905986790314078,-0.0009499420295412397,-0.010823931483822158,-0.0022391995827672484,0.01559419790452482,-0.001917044489489761,-0.010007084173672298,0.00839101266610559,-0.0031572802061107796,0.027244744812462474,-0.0011318322881194165,-0.0162848682279384,-0.0125134250339064,-0.0026851736421933947,-0.0019041512276814498,0.014537276149521716,0.021583294975597078,0.0011559491171636571,0.013903807822282177,0.00022478822892241235,-0.006422597316348366,-0.006174376763734668,0.0007367423284006525,0.001342776071474816,-0.010769527166394677,-0.023178685528545517,-0.0006789395342696736,-0.0074322507016678085,-0.018976208983004894,-0.0036959487656008094,-0.005856310309625634,-0.015020511224554611,0.015067684322381036,-0.0006143122409468793,0.013330600069497378,-0.006479552631601049,0.007105388274021851,-0.0016204410603001262,7.637854720871085e-05,0.0,0.0006717629785545354,0.09170904711981737,0.00024150245055476471,0.020806149294913312,0.027570845825449553,0.014457577817639122,0.010969657474910965,0.03506806234211135,0.0021423592403648772,0.10253884020308901,-0.0009916907553451093,0.021321062979300476,0.0004130136387491268,0.0024536063342643355,-0.0004234938240144648,0.0,0.0,0.13478397327483999,-0.003312142569200649,0.0010538024321156136,-0.008852505876042971,0.014856313245170338,0.0,0.0,-0.00036313718585856414,0.03849942179008248,0.02748008609984942,0.019636165662018312,-0.002151743781595661,0.018740957727551577
0.0,0.0,0.005991998649241159,0.0,0.030270434149694492,0.018671995467180014,0.040238522214049666,0.06191103193088987,0.007475496143948823,-0.11189324897901101,0.032301667823861124,0.0009295130187289558,0.034415784028620944,0.03219923706544986,-0.001793978866568846,0.0,0.0003658966292013899,0.0,0.019826734204273277,0.00015855528080455095,0.00048719201660607503,0.0034169979140807882,0.02082409945742142,-0.0035004443354102466,0.0,-0.000568982480974034,-0.0018651053666565165,-0.025401970981863975,0.000395853219772202,-0.00017124503050330864,-0.043210408027560154,0.025041928203101638,-0.009643186995867581,0.018759259301427855,-0.005661397049423478,0.030853828511444803,-0.016246497239035346,-0.0030257488375507458,-0.0015268875324653264,0.0,0.0006663715162682493,0.0,0.00045701034253170514,0.0,0.0,0.0,0.0,-4.7737675851589056e-05,0.0,0.0,-0.0004584594811217757,0.0,0.0,0.0001117600460707191,0.0,0.0001144140755434675,0.0,-8.413299809928443e-05,0.0,0.0,0.0,0.0,0.0,0.0,0.0,0.0,0.0,0.0024748247975224236,0.0,0.0,0.0,-0.00016403723220353994,0.00010954438963778346,0.0012194940769334472,0.0,0.0
-0.00067167824054154,0.0006230385950026229,0.02244843228148391,0.030270434149694492,0.0,0.027926261749612713,0.020680758539854516,0.01939224826123226,0.028843808974286678,0.027324402850230523,0.010360625786682232,0.014273838069669975,0.04971269613595708,0.022900708578020068,-0.0014552441187162812,0.01588057481690519,0.02558290189809359,0.038958086272318615,0.007376040661655314,0.00355888152984446,0.0529791088918275,0.04493723632157237,0.011636407697027729,0.007780827592021311,0.04760696612176957,0.03680005325558916,0.026847070775018578,0.009017105425080607,0.0383426013671202,-0.0002165420868001089,0.01663757102698371,0.05522794508748824,0.03223593666547908,0.02927571819333674,0.022107997573883542,0.039364963071486736,0.025059228997844685,0.01643439971290922,0.051117461331273595,0.0012489193980880775,0.011236740450339289,0.04026196710436669,0.019283111203332426,0.00011750652508990544,-0.00019479412538581098,0.0,-0.00019691931323156942,0.0127592145742087,0.0,0.028718294444221137,0.017937119735816576,0.011689407079251035,0.022012603077623483,0.007347174139690327,0.0016187390529135426,0.03577635763116521,-0.0006590202097028208,0.020408579793974035,0.0006849040922425886,-0.001102315138205745,-0.00041111716030922674,0.0,0.0,0.0036018305226490632,-7.2553603681080325e-06,0.0,-0.005960957097262798,0.010199984060343614,0.0,0.00012482575305527988,-0.0011212744760762394,0.009737310130113253,0.022657466362964507,0.02223311680314405,0.0008110526664570905,0.017235427227207056
-0.018871493206255197,-0.002633782143792285,-0.007020168352548761,0.018671995467180014,0.027926261749612713,0.0,0.01859929987075748,0.0061702681914513335,0.009628727261123626,-0.003109420689841602,0.02340432148904137,0.0024146276498669406,0.019029715538506298,0.03751296596824727,0.02134961847218303,-0.0009486084889184787,-0.011832568242671648,-0.0018615567339304029,-0.016856529797601216,0.020223200399755892,0.00728455105800907,0.011563446657228638,-0.00321888972180312,0.004295184344133729,-0.01212279794432325,-0.013901943033883313,0.006734152948584093,0.017420945590169545,0.04643460401947247,0.011075490959270684,0.0019500339538533473,0.013190115832370175,0.015743872528354685,0.006079513405557846,0.015490937883700706,0.010816876790087249,0.010477472293257295,0.004273114023749636,0.03245547909125618,-0.0017608884627393628,0.03167159686376808,0.015963536352535446,0.03418965527300727,-0.001171330176496399,-0.0018777198137024942,-0.00053523068851552,0.008654298186081433,0.014591369325850034,0.0,0.02565615989154091,0.02043774919915009,0.01995585531665567,0.00918137325162599,0.015669628523457213,0.013640706401373381,0.01091503296285834,-0.0017464616853247183,0.021597236899440042,0.042114763768756336,0.01115285427638496,-0.00640881036601848,5.551115123125783e-17,-0.0018363142915690522,0.02143848429966333,0.017085751285561168,0.0026603158161450646,0.00676554572274074,0.013916943675672866,0.0,-0.008662699164544208,0.003563796811193176,0.01510083066811374,0.02086310970079852,0.03453359926783783,0.012423853461127288,0.028896091381454436
0.0117233355599487,0.01729315015773425,-0.0018905986790314078,0.040238522214049666,0.020680758539854516,0.01859929987075748,0.0,0.00011615947265541937,0.017418235405084637,0.005066055575277895,0.005076882123085158,0.0035468976107989048,0.026125215309161898,0.013350913225144145,0.0037735125046726714,0.02636705158600333,0.013855911362732565,0.03000165003646288,0.003370438709923984,0.029776672007126137,-0.003910100209043976,0.026638608938650388,-0.0031825190892365574,-0.021969130880400423,0.02216364540563992,0.026088869254172475,0.0040619513116640915,0.006705912535578784,0.035598005246256226,0.016005282189758607,-0.012093462852540593,0.015326321547791066,0.004607321458612257,0.015697373825408367,0.0224669031986775,0.003489400326832648,-0.027606282757137723,0.007778927808158698,0.042103316554478576,0.0006651147018321146,0.04873201119307502,0.036575949373505834,0.03268708185246977,-0.0009119308635901491,-0.001530630705001812,-0.0003756872851666815,0.020664016850921785,0.01558794009001463,0.0,0.014379170012412734,0.019356938553846903,0.020199661019191573,0.005289295117766546,0.008459507152888568,0.0032269303740759536,0.03390555322507377,0.0012950746906917887,0.01736106657222869,0.0009169810384725419,-0.00995189134190222,0.00018644127014422196,1.1102230246251565e-16,-0.000610123030537868,0.009554796871282911,-0.00604580732047344,0.0030007155120679307,-0.020090292707046487,0.01046238696841828,-0.0022509225067047778,-0.0009674867779142504,-0.010260712130029048,0.008802823189049902,0.02001447399776246,0.021825106645930403,0.0020260201906623365,0.022168944791629785
-0.016942399374627215,-0.005835410799304663,-0.0009499420295412397,0.06191103193088987,0.01939224826123226,0.0061702681914513335,0.00011615947265541937,0.0,-0.004480004923188563,-0.00020424348214398425,-0.042414307677277496,0.03442918633569336,0.007956311625950618,0.008448787916012168,-0.023225847733409632,0.004063674906714165,-0.0014251052310905177,-0.0025475684712498725,-0.039209387775709814,0.01993932156147621,-0.02007517044924978,0.003335543623219306,0.007963764488040037,-0.007524937234893003,-0.010059695291786297,-0.011962303765950977,-0.0038341288195361534,0.0073143541447590055,0.01623234059736567,0.018288931090381655,0.012812453185693962,0.024516923647608324,0.019976196603832652,0.008719309904353267,0.0045258038799416145,0.015956869850730415,0.060785192542776534,-0.02340906396490955,0.026184947416794835,0.003908558699366349,0.007573470711038532,0.008077712235493695,0.028728305790907904,-1.091531066738094e-05,-6.968133497808893e-05,-0.06533565208268055,-0.008601587310968883,0.021009321578337792,0.0,0.03815122825191675,0.013930228660057442,0.01737238595881818,-0.014141813833272843,0.0077170847835110745,0.00015244243376633104,0.015561249242910524,-1.1102230246251565e-16,0.01363783709156241,0.0032473549068275376,-0.001239563770237595,0.004594250717367909,0.0,0.0008229654020359134,0.008896277860593216,0.008424347123703824,0.00122037225934718,-0.0016967301041849736,0.011850855894252998,0.0014896041670052207,-0.008203171936312204,-0.014804535912567085,0.007572474477675006,0.023308184564529766,0.02935002368534645,-0.0005169585289271916,0.023620894964303307
0.008569252493004553,-0.011910489455202011,-0.010823931483822158,0.007475496143948823,0.028843808974286678,0.009628727261123626,0.017418235405084637,-0.004480004923188563,0.0,0.007311593489075119,-0.026935294355664274,0.00272646843770874,0.01120475979944785,0.003382293669132397,-0.001393577573437721,0.009393970169010835,0.011238232397663528,0.020312286184759165,-0.011338690769435611,-0.0009177809944543869,0.001488006488524929,0.002131332972144573,0.0027794582811752067,-0.025454178312743325,0.025865294138519512,0.015949018869689024,0.00016279578714833987,0.0014623085922967904,0.0075191106452896506,-0.013138221529929717,-0.0018640541623250462,-0.012980615154804087,0.023653413679778967,-0.0012155240538436196,-0.0066122612947734916,-0.0170449413553877,-0.007910113635405003,-0.00010249108124571471,0.03512734861522826,-0.005782749966181111,0.019754925219406028,0.02726467510656616,0.001559851282707525,-0.000563064156125781,-0.002664192465671067,0.0,0.002089309954349694,-0.022415758391053586,0.00045597122987628413,0.0003582500465869609,0.017830694187406904,0.012693663615772288,-0.003196519765086503,0.00537429722148397,0.0018159887544527686,0.032140616355578966,-0.003273027213747448,0.018162079287481703,-0.0062126739994446956,0.001270457266921765,0.0011647209906395228,5.551115123125783e-17,0.0,-0.0025915772392293146,-0.0005389006222195625,0.005470785145043733,-0.004266166970410268,-0.001149988003033453,6.440296973742043e-05,-0.00020640892771117691,-0.0007855676853921745,0.02610537874425667,0.0172660042777375,0.015821639985984626,-0.0010581050727790364,0.03324225036190365
-0.0034815793753093516,0.005554897272956605,-0.0022391995827672484,-0.11189324897901101,0.027324402850230523,-0.003109420689841602,0.005066055575277895,-0.00020424348214398425,0.007311593489075119,0.0,0.004362898633675338,0.02070606308980022,0.017317576419438596,0.034771615073657725,-0.004006018754360352,0.017255618252066063,-0.0026670067292303146,0.017459133013596584,-0.0016287470733471476,0.022716048920164267,-0.012455414297274925,-0.006790779733808039,0.0025061123342480784,0.01739431999267882,0.013339370524519167,0.026590881015948642,0.006513601985402961,-0.005776183984786187,0.02875456028646506,-0.0011792789680513116,0.0010238986419307539,0.023450566857774913,-0.006067082374319521,0.010134491463007989,-0.0035262705579451326,0.008382702010591048,0.012881403608217323,0.00817300861934267,0.10888270871902028,0.025723461946389248,0.04973759645430742,0.06524091865751569,-0.010963862654781165,-0.0020544260276730286,0.0323610037033355,0.035798580487045484,-0.0028456333447864357,0.0016362852284170781,-1.1102230246251565e-16,1.6653345369377348e-16,0.00012726039016863755,0.004784669776723649,0.0009502895492145003,-0.0006520434924679464,0.008902260412219198,-0.000831767237549963,0.009782399329340774,0.016526034994823635,0.0,0.0006372942502392287,0.009446664624040702,0.005136006520865655,0.0068071398777881376,-0.0006268729470439993,0.0003813954553285037,0.0006041653259118984,0.0037113882212410076,0.008965710397531912,0.0039433071097577654,-0.005395345105451754,0.008739882564314516,0.006930747198976239,0.11089110318424183,-0.04758757159317656,-1.1102230246251565e-16,0.007100651163472027
-0.00013475921067623853,-0.0006488506536936334,0.01559419790452482,0.032301667823861124,0.010360625786682232,0.02340432148904137,0.005076882123085158,-0.042414307677277496,-0.026935294355664274,0.004362898633675338,0.0,0.005576017000372857,0.006758451288503053,0.010076908218658143,0.0,-1.2968279349101497e-05,0.006978675081221741,0.0017322696842069774,0.01502935135449851,5.960051013453871e-05,0.0038239201033050674,-0.001500057793422216,-0.03573366079125073,-0.043939081266959445,0.010770609920446927,-0.0007825584995019841,0.022322327277707554,-0.0001047677968271099,0.109623977442938,0.005393124123252602,-0.004597146242950656,0.022118896627274842,0.012143457081760067,-0.0007579290125085403,-0.006633952600532733,0.01697694955888096,-0.04691264206108031,-4.6732724451381547e-05,0.024301928953265717,0.0020333218983549783,0.01708641704177266,0.0009052207469342211,-0.004102091261956542,0.002206949924010382,-7.117683887236659e-05,0.0,5.551115123125783e-17,0.07279205773266872,-0.00010459973746196338,0.08243388456338152,0.016548130277053485,0.0077433455351822444,-0.011126936038444446,0.00010895120085741006,0.002704599304747146,0.036019281021037575,0.001379543628746649,0.02954935506386075,0.009358263882313145,1.7130237539186854e-05,0.0,0.0,0.0,-0.014141671378912923,-0.0026713630759256923,0.0,-0.0007656006151914307,-0.02173708984351791,0.0,0.0,0.00032962235855021893,0.015501938945865157,0.048504396321807364,-0.014404618493110033,0.0004573487541964516,0.03509559707207288
-0.004792811189378077,0.023443994156329917,-0.001917044489489761,0.0009295130187289558,0.014273838069669975,0.0024146276498669406,0.0035468976107989048,0.03442918633569336,0.00272646843770874,0.02070606308980022,0.005576017000372857,0.0,0.008577304891126736,0.05682731417341125,0.02989687620541237,0.017295926147238183,0.011412630777261956,0.0062071304393525595,-0.003544083624074268,0.04554151267296175,-0.01717705264614955,-0.0046098718537465055,0.002901653494828238,0.003423541133533381,0.022464564962632105,0.054597731356078205,0.013467074259824519,-0.0036832771576611467,0.035104606100691715,0.00295806881515831,0.014070890230240884,0.01159450095625214,-0.0041966331115694255,0.017295544882014013,-0.005959141102005072,0.031120225383210687,0.03944067764570597,-0.000938307145743722,0.12787595354240316,0.023738298982258432,0.0576265414647254,0.10419452668337664,-0.0076583029151175985,0.0010677899050280104,0.04384971876466215,0.009357530021550597,2.530014659074542e-05,0.000817840597129138,0.0,-0.0004306874356721502,0.00013690899480622853,0.0006734075518575189,0.0,0.0020238913487253263,0.006321667673584441,0.0013096130758031843,0.010159695034150595,0.0029334288557530397,0.0,0.00022445784376712297,0.001233071852696388,-0.007186325614309763,0.0031481941025455207,0.0,-0.0003106225542948704,0.0005621771374307305,0.0026571226100481904,0.0010244418645030673,-0.028928938077077027,-0.007481510200123331,0.00726480245491562,0.07502499075193464,0.010545523337768647,0.026717764466452076,0.0,0.003057672936243039
0.006571271628518116,0.009534435824376963,-0.010007084173672298,0.034415784028620944,0.04971269613595708,0.019029715538506298,0.026125215309161898,0.007956311625950618,0.01120475979944785,0.017317576419438596,0.006758451288503053,0.008577304891126736,0.0,0.03840242449151715,0.03537995866029359,0.020967289382054444,0.02463880778833738,0.029944869933369533,-0.0006307149983212912,0.017638759797310943,0.009711470284034796,0.020613841339001626,0.0005973877982930476,0.008529574792943972,0.019504677478934473,0.025725266927795032,0.004280654224651292,0.02905164223821194,0.03221769347165876,0.006313193242250881,0.011282359305800627,0.018221436792656864,0.01885809636594432,0.025865881537333546,0.022480043716867182,0.030946589343935793,0.010875788003797793,0.009386491055035806,0.04408651015195075,0.001922110192600135,0.05169193916496051,0.035072204717088495,0.03551931947763415,0.0022043273220482273,-0.0017322684201334648,-0.0005590265297821806,0.010976744203061106,0.02333770301652749,0.0,0.02568025321583467,0.02675861692091175,0.030290273650862787,0.01899663372950089,0.018481343596955302,-3.378749997157149e-05,0.03246262903213648,0.06087418459498878,0.027634745369580438,0.03932497090575393,0.009632361777092313,0.02234156371230428,0.0014176665218794682,0.018023694997456097,0.020911371545754398,0.006962608535755532,0.012146785048879283,0.005983498397745257,0.020282828431258837,-0.0011818395637882562,0.016004480510952712,0.015178913164891117,0.01510723116437429,0.023891075032021925,0.02472403994028094,0.01912747355378508,0.03175368408998991
0.0006708604802831419,0.0,0.00839101266610559,0.03219923706544986,0.022900708578020068,0.03751296596824727,0.013350913225144145,0.008448787916012168,0.003382293669132397,0.034771615073657725,0.010076908218658143,0.05682731417341125,0.03840242449151715,0.0,-0.00019885846973088928,0.0,0.0,0.0,0.009202144851764238,0.0007723340856391481,0.00904409366503156,0.0017148775453640352,0.022772499835998272,-0.0035317997704906734,0.00010211023134931718,-0.009482598435600342,0.010937023649459865,0.0034849175067967475,0.0019126083759474777,-0.0004627000729575115,0.002993975043561692,0.02824218961578312,-0.000563384915090559,0.013510176267739038,-0.0033234229930170223,0.005393714519855375,-0.026344338921904048,0.008742772073381644,0.0039072676915452575,0.0,-0.0016413688308674068,0.0,-0.0011862796460905822,0.0,0.0,0.0,0.0,0.02221340541393435,0.0,-0.0016564198447279743,0.00815500888284404,0.0010619057930301712,-0.0022289796996715072,-0.003715373376086961,0.0,0.03144085757246645,-0.0004575144523827901,-0.004259717278488506,0.0007811667802156141,-5.551115123125783e-17,0.0,0.0,0.0,0.020741090664678663,0.0007837796968930277,0.0,0.0,0.0070372531243633185,-0.00038056923193624526,0.0,0.0,0.021686450104220323,0.0031738603156205025,0.0025701533265924392,0.0,-5.551115123125783e-17
-0.012996118731081696,-0.00036113793787112547,-0.0031572802061107796,-0.001793978866568846,-0.0014552441187162812,0.02134961847218303,0.0037735125046726714,-0.023225847733409632,-0.001393577573437721,-0.004006018754360352,0.0,0.02989687620541237,0.03537995866029359,-0.00019885846973088928,0.0,0.006728968533251389,0.0025597524031681917,0.006754207723081551,0.0,0.011974711213538325,0.020703174976498262,0.018154822291473027,0.016764733963028522,0.005662032630155078,-0.0009615976022022132,0.016997175325451974,0.03430496352523743,0.00921447371876577,0.023371893444205483,0.002404043167242631,0.024186225388091565,0.020297520452875473,0.014498557637115106,0.02554934872191844,0.028063787330560697,0.03555160264196666,0.0014647573818430404,-0.003453737857411543,0.014971079282515343,0.03207931472698955,0.021391544947419683,0.025548847601508218,0.01333538361477793,-0.0006361049281310427,-0.0014889291735257215,-0.002840586616152385,0.012754783079740373,-0.00206385523755398,0.0,0.0,0.01845127249388967,0.033224112042329224,-0.005520161713494454,-0.0007681813301395612,-0.00017249603280117265,0.0,-0.0011227463742995436,0.020512932044008503,0.0,0.01581421323523169,0.005575188317707536,-0.000625583598707069,-0.020016650980839545,0.0,0.01880002696784394,0.010901326159121316,0.014243024278850602,0.0224398875168888,0.0016563535202272495,0.005193774212773339,0.015671639258948655,0.019882933689826077,0.017128410903646696,0.020229627669766437,0.03178147773843254,0.025036497791171286
0.00876925887975305,-0.0021083425418790824,0.027244744812462474,0.0,0.01588057481690519,-0.0009486084889184787,0.02636705158600333,0.004063674906714165,0.009393970169010835,0.017255618252066063,-1.2968279349101497e-05,0.017295926147238183,0.020967289382054444,0.0,0.006728968533251389,0.0,0.024358618046122993,-0.006298117169147188,-0.0010621600800427289,0.026215786720626022,0.0004613743435155637,0.007595543913001379,0.0018876636642740086,0.01729585812111073,-0.0007088309829809125,0.006121292342779361,0.017876293837229495,0.022592310369257906,0.03008434896910106,0.012807305252266477,0.006406045101087943,0.003639315970938972,0.02009746169012888,0.007886733173317506,0.005049386031244774,0.005364193213641122,0.0017597847409211997,-0.0014435543022995323,0.01571447980866275,0.012157568737834634,0.017574353154694022,0.023096573189325453,0.002215234591364801,0.0,0.0,0.00729975992642018,0.02302894489215923,0.0,0.0,0.0,0.018774699544648055,-0.003595260920896126,0.0015630891916550427,0.0,-0.0012766760798155197,0.0,-0.0007495226300049951,0.014929122617127755,0.0,0.017456354100474025,0.019291886363268673,-0.005203648655363935,0.007846626854235095,0.0,-0.003493139026639336,0.0033519293581631415,0.0096238296850642,-0.006255509474917709,0.019031506767813233,0.01927154422642513,0.007496464190446195,-0.01899117210986917,0.0008472653820608134,0.00668689187589927,-9.167709589774642e-05,0.011225998345858579
0.016896915907430754,0.03091369972974428,-0.0011318322881194165,0.0003658966292013899,0.02558290189809359,-0.011832568242671648,0.013855911362732565,-0.0014251052310905177,0.011238232397663528,-0.0026670067292303146,0.006978675081221741,0.011412630777261956,0.02463880778833738,0.0,0.0025597524031681917,0.024358618046122993,0.0,0.02635120552970882,0.007337850018454828,0.0176564449116261,-0.00620717938916393,0.027789507285006843,0.01030758171241919,0.021230959915881975,0.024169361016138813,0.00793344116161071,0.02470994528590037,0.02181393556559702,0.03255126090318222,-0.0014916913334492854,0.013368182575884402,0.02808298017117372,0.011557582217261553,0.031842535396111205,0.007761864570985544,0.0189502485612687,-0.049742591166940464,-0.016600202601920966,0.008903248317586876,0.015476006047488278,0.006527961466910259,0.026052349683909015,0.0,0.0,0.03221595624126744,0.01050693602983982,0.058740765271775575,0.0,0.0,1.6653345369377348e-16,0.00038313038386250664,0.00015457161714316214,0.0,0.0,0.00566541634881762,-0.0002743231276632896,0.007963925846847353,-4.492314607790204e-05,0.0,0.0,0.02315432031866077,0.011626539162718219,0.012637773826484344,0.0,0.00013812576381433406,-5.551115123125783e-17,0.0018513264445719768,2.085437181897909e-05,0.0025500903709710365,0.006726055583031243,0.01453050118559418,0.0,0.0002976052772951654,0.0376492556440321,0.0,0.004262265760251405
0.013325968262390908,-0.0002566496351413816,-0.0162848682279384,0.0,0.038958086272318615,-0.0018615567339304029,0.03000165003646288,-0.0025475684712498725,0.020312286184759165,0.017459133013596584,0.0017322696842069774,0.0062071304393525595,0.029944869933369533,0.0,0.006754207723081551,-0.006298117169147188,0.02635120552970882,0.0,0.016250110611605417,0.020477931800427507,-0.005468690041204538,0.009352095431007512,0.0031316340719553803,0.0046975143587004164,0.007649959042541732,-0.001134058693870732,0.008856034052599715,0.024038023084724358,0.031426111837931536,0.0017692106283879738,0.003177938218290821,0.01798428007063868,-2.7234530213193775e-05,0.018769604355496572,0.006321821289129337,0.03953258008102689,0.0,-0.021978876436292816,0.019121989170857834,0.016109432511502486,0.013210994299132028,0.02339636203986184,5.551115123125783e-17,0.0,-0.0019119723626094265,0.016771305104446188,0.022313226965259392,0.0,0.0,0.0,0.029412874050492255,-0.000545269344514876,-0.00015487637370104057,0.0,-0.0014861230970316663,0.0,0.009331370611209977,-0.0024716023172081103,0.0,0.008012115734090886,0.02650007146318395,-0.004225603220259111,0.01091990138625204,0.0,0.010418756208949553,0.0072297393184578285,0.016873122213897807,-0.022606097314743057,0.012737927147061512,0.014138845365621155,0.011861280835759325,-0.0015455407505907681,-0.003666259804734451,0.018999067158408878,0.0,0.006761272444397004
0.0,-0.0019504235996757324,-0.0125134250339064,0.019826734204273277,0.007376040661655314,-0.016856529797601216,0.003370438709923984,-0.039209387775709814,-0.011338690769435611,-0.0016287470733471476,0.01502935135449851,-0.003544083624074268,-0.0006307149983212912,0.009202144851764238,0.0,-0.0010621600800427289,0.007337850018454828,0.016250110611605417,0.0,-0.001529922057536548,0.004173566026385189,-0.0004541707938313655,-0.008548149026068652,0.00020755633762897796,0.0012417584395728043,-0.003016959125637597,-0.020691637543976182,-0.004202538578041037,-0.002960997118313602,-0.03784894949696793,-0.007349505363445363,-0.011124558502518145,0.0010816775744427187,-0.004559898919241745,-0.014246326105408824,-0.0025153296354890053,-0.004218578639786419,-0.00803895131881227,0.013084758466599122,-0.0011987954010242996,0.004278594600688246,0.01133020006568275,-0.014638527921148892,5.551115123125783e-17,-1.6653345369377348e-16,0.0,5.551115123125783e-17,0.03622224083073,0.0,-0.015076313648310413,0.008539543770311964,0.009072766351890804,0.02263291429021641,-0.015527492621582706,0.0013846760589806273,0.10433251385032494,-0.0009946936504314219,0.0026420543129840324,0.012486375326497212,-0.0022045015442774263,0.0,0.0,0.0,0.008548874285180363,-0.0029754129623199566,0.0,0.0010382823790930917,-0.008440483376306429,0.0,0.0,0.00030433916221911383,-0.004160027543845368,0.013645256901289704,-0.0035758837348749406,0.0012777662855902872,0.02525889598560449
-0.015781788321044266,0.01863052380230712,-0.0026851736421933947,0.00015855528080455095,0.00355888152984446,0.020223200399755892,0.029776672007126137,0.01993932156147621,-0.0009177809944543869,0.022716048920164267,5.960051013453871e-05,0.04554151267296175,0.017638759797310943,0.0007723340856391481,0.011974711213538325,0.026215786720626022,0.0176564449116261,0.020477931800427507,-0.001529922057536548,0.0,0.018881504600398058,0.024770066580018735,0.02134642299124556,0.01990358603982717,0.013283849205675491,0.009354640360577482,0.04094654566559347,0.013821209978343296,0.03509241776815697,0.02686636621815558,0.023588261872127314,0.02118724223218693,0.029810962513245665,0.02163172646079503,0.020850203608565654,0.028837094328140966,0.0261972051909119,0.02218656250788098,0.027265859015867033,0.04371897387310553,0.01964118761642697,0.029995703369579407,0.011183317976218354,-0.00021518047903307247,-0.0010721148465407948,0.01527792230133368,0.020557338086532095,0.0038637328778100555,0.0,-0.0014855643660672824,0.02566729438976234,0.031941413080353864,0.018078081086925657,0.0023576113170275526,-0.00037472703870622404,-0.0023728667457523223,-0.00036920530015799313,0.03276131661004367,0.0,0.023820653642280643,0.0031049237996453316,-0.0002574738096003948,-0.013965961783321157,-0.0015861715419498434,0.021771021452426598,0.027488664307211863,0.020890078518279176,0.031790334879891524,-0.002327522323720077,0.006704397118231453,0.012200285342626349,0.03751666563277517,0.030666213794849795,0.03310902182254449,0.023058511382946567,0.028548321890218276
-0.019107886223333093,-0.0069273732933403664,-0.0019041512276814498,0.00048719201660607503,0.0529791088918275,0.00728455105800907,-0.003910100209043976,-0.02007517044924978,0.001488006488524929,-0.012455414297274925,0.0038239201033050674,-0.01717705264614955,0.009711470284034796,0.00904409366503156,0.020703174976498262,0.0004613743435155637,-0.00620717938916393,-0.005468690041204538,0.004173566026385189,0.018881504600398058,0.0,0.0073308007690597865,0.02071912544600113,-0.014601415676320728,-0.01546296264033431,-0.00799748294816549,0.025728700676362293,0.004426331918098214,0.015270250014676523,0.008220488349029331,0.01114981488528316,0.0021524561894682437,-0.028672242609175225,0.0038320327755832495,-0.0007285635158598147,0.022760919012503822,-2.3285377876047786e-05,0.003943577869354176,0.01589963105628206,0.04491512234333572,0.023881801386550383,0.022582439578633817,0.001565083860551153,0.0,-0.000523128209660273,-0.04106375149396907,0.016760126331621217,0.0005565154256539362,0.0,0.00018693216194376472,0.026779259860596205,0.004738424435792921,0.0016469812644384074,0.001284448599663368,-0.0011068069120944712,0.0,0.0008161739707299165,0.01906644333864571,0.0,0.01306259638486934,0.008563436094557675,0.0,0.03254183440378605,0.0,0.032019666227413424,-0.02655559949324915,0.014297025470283442,0.027694510662753524,0.004076337499266336,0.00957979665554859,0.01830767684904888,0.030529029682902387,0.023516299822271047,0.03868095183985065,0.03616078655929772,0.060790107658956705
8.213063575301938e-05,0.017541650004757103,0.014537276149521716,0.0034169979140807882,0.04493723632157237,0.011563446657228638,0.026638608938650388,0.003335543623219306,0.002131332972144573,-0.006790779733808039,-0.001500057793422216,-0.0046098718537465055,0.020613841339001626,0.0017148775453640352,0.018154822291473027,0.007595543913001379,0.027789507285006843,0.009352095431007512,-0.0004541707938313655,0.024770066580018735,0.0073308007690597865,0.0,0.012388156075287315,-0.015386832057855404,0.006563168202457781,0.01885231817307864,0.03345178607520277,0.02422662785487073,0.032770887887171196,0.022835499752222987,0.022457260150841762,0.028275047766470107,0.017391757583963496,0.02985465664062459,0.032654192270240356,0.04390896886994633,0.02524729573654888,0.009291932085843169,0.010139162619796138,0.020195786594079945,0.016482281541425503,0.024444319492303523,0.004457997327974861,0.0,-2.386150581779045e-05,0.0030282446110704297,0.013842522178083294,-0.002492798457888745,0.0,-0.00027453439652896927,0.00948947967550584,0.006688545639988608,0.0067686139609617335,-0.004191649455104918,0.0034599990081425336,0.0,0.00013592016307489851,0.007852795407292612,0.0,0.014301202568120619,0.012534460943598391,9.968608100174858e-05,0.011027069205194084,-1.1102230246251565e-16,0.014276601036002146,0.016858594074002586,0.012879331175373876,0.020639595986018056,0.0028978295384751163,0.016579789086212438,0.012005607445843447,0.016935407688134396,0.016523274043776237,0.013367473143976516,0.0027506473561773603,0.010474513162492038
-0.013240857295262698,0.013715718997037718,0.021583294975597078,0.02082409945742142,0.011636407697027729,-0.00321888972180312,-0.0031825190892365574,0.007963764488040037,0.0027794582811752067,0.0025061123342480784,-0.03573366079125073,0.002901653494828238,0.0005973877982930476,0.022772499835998272,0.016764733963028522,0.0018876636642740086,0.01030758171241919,0.0031316340719553803,-0.008548149026068652,0.02134642299124556,0.02071912544600113,0.012388156075287315,0.0,-0.002525447603512143,-0.008821682222964033,0.009783068012394647,0.014645081375446012,0.010414152438441127,0.01338201350854823,0.01367119318101162,0.0193876104455859,0.011564583796809136,0.02386129044372698,0.012683978041287625,0.016188281445458863,0.0026387210863499933,0.017303028976704604,0.003382261867030889,0.021207622682471117,0.03934971300714901,0.02382973529142518,0.033647419997045125,0.0184901779442318,0.021736839932270935,-0.005121492038184294,-0.023066290596643946,0.018635093568129923,0.050786594435949795,5.820141787771238e-05,0.01327492508343564,0.02018606955655111,0.01663990610195598,-0.004801864312791726,0.0051625592626807215,0.013935692999216487,0.03342700081962291,-0.007444409358232096,0.013725233918380875,0.007523844266591251,0.024934737711321375,-0.004340329053812153,-0.0013589492936374459,-0.021563439347907165,0.048032275806250135,0.02699758091539778,0.023017465153042704,0.022747187348337916,0.016157384716356193,0.0003234405541941987,0.00582111807702973,0.03194603472612295,0.01734565047715797,0.01968167370021734,0.03432850791222786,0.019939195619412042,0.02915922228163237
0.0024269120646286946,-0.02316833431479126,0.0011559491171636571,-0.0035004443354102466,0.007780827592021311,0.004295184344133729,-0.021969130880400423,-0.007524937234893003,-0.025454178312743325,0.01739431999267882,-0.043939081266959445,0.003423541133533381,0.008529574792943972,-0.0035317997704906734,0.005662032630155078,0.01729585812111073,0.021230959915881975,0.0046975143587004164,0.00020755633762897796,0.01990358603982717,-0.014601415676320728,-0.015386832057855404,-0.002525447603512143,0.0,0.0019287257577504935,0.004341078269669729,-0.01027052307457188,-0.022011524832169282,0.021792373984014957,-0.12751858744495176,0.017701128366400476,0.03499855796056295,0.002447482437296422,0.021496518619400995,-0.012706266695599766,0.012611477667748783,0.014199765375389917,-0.0030304793378961303,0.08177777148453602,0.0392325322402437,-0.001996570875909598,-0.013808779304870344,-0.00651982779685556,-0.00026222343230986045,0.04514155504913275,-0.0192978285950286,-0.01929709596416368,-0.00012484390410300028,0.0,0.0,-0.001942535316632854,0.0021055788531494923,0.0007128764878069904,-0.0008148023532038029,0.010257897050745812,-0.0002625185470779834,0.006362837806448252,0.0035555724118152,0.0,-0.001125833522757358,-0.006026248359091602,-0.007609604449672236,-0.0023792609331839687,0.0,0.0019599761788269277,-0.0038198397946364593,-0.11717770618201778,-0.003451003641972483,-0.05687018409458927,-0.008751252544089039,0.0018914413456120327,-0.0014611108813848417,0.004808489565941099,0.03566640291506101,0.0,-0.023729355881899006
0.0058123502719094056,0.0033552075229454914,0.013903807822282177,0.0,0.04760696612176957,-0.01212279794432325,0.02216364540563992,-0.010059695291786297,0.025865294138519512,0.013339370524519167,0.010770609920446927,0.022464564962632105,0.019504677478934473,0.00010211023134931718,-0.0009615976022022132,-0.0007088309829809125,0.024169361016138813,0.007649959042541732,0.0012417584395728043,0.013283849205675491,-0.01546296264033431,0.006563168202457781,-0.008821682222964033,0.0019287257577504935,0.0,-0.005701918010051932,-0.0032930350367131322,0.014900803752244562,0.01927584877257188,0.038896510957105446,0.010797115060518836,0.016986807159183714,0.00583197497533372,0.022189872972897817,0.011748672487824796,0.02135400872816129,-0.0005225737119542995,-0.014295642597060843,0.010315797903987789,0.015532628976781149,0.014239380378312239,0.016237313710275925,0.0003736100138488907,0.0,-0.0017240186238133282,0.011311358160282614,0.02366444839390397,0.0,0.0,0.0,0.006706702728547398,0.008084717918678708,0.002990192049998064,0.0002845546742710203,0.003179694528654131,0.0,0.0065992423569814496,0.008162115892247634,0.0,0.006332548421269346,0.018432574540365954,-0.0030514751942569696,0.008287328963448914,0.0,0.013313697432005445,0.010780904916911638,0.012997053654697,0.00012789995387835207,-0.012146117893360675,0.01066358165301834,0.009383938967364336,0.006263863576601525,0.0060171495881174986,0.023630177323067936,0.0,0.0069239008575854855
-0.0019409346798980875,0.0008172068329371229,0.00022478822892241235,-0.000568982480974034,0.03680005325558916,-0.013901943033883313,0.026088869254172475,-0.011962303765950977,0.015949018869689024,0.026590881015948642,-0.0007825584995019841,0.054597731356078205,0.025725266927795032,-0.009482598435600342,0.016997175325451974,0.006121292342779361,0.00793344116161071,-0.001134058693870732,-0.003016959125637597,0.009354640360577482,-0.00799748294816549,0.01885231817307864,0.009783068012394647,0.004341078269669729,-0.005701918010051932,0.0,0.004501635134169735,0.011573169672631112,0.016032404940168332,0.007652422340062692,0.001994514464395636,0.015043291522794988,0.0015810258633008334,0.014354805912424995,0.024859000183684365,0.01660403560726892,-0.0028246187921684984,-0.0077667934393205185,0.007199007376512079,0.0041190540970545975,0.010165112581343616,0.020428839623337025,-0.019579636320122606,0.0,0.027570777068121555,-0.0048156099464827795,0.017623587727567114,-0.02572477018703556,0.0,-0.00011984320811619931,0.008907096447226426,0.019661271106610756,-0.017890449715370016,-0.0023029714306267435,0.00779397146833688,0.0004101177274457024,0.014709480546715448,0.02336744508420513,0.0,0.013971898457801113,0.010118091953668473,0.0022022130097786863,0.006784975623837397,-5.551115123125783e-17,0.011873159290232471,0.007652747153034323,0.011323492197294893,0.0025996386566125573,0.008032275022867519,0.007180714621682016,0.012606956461701346,0.0054615486239844024,0.003905307043186146,0.0177827962091045,0.0002583226746358247,-0.0006927585050919838
