0.0,0.004422168087351075,0.012633892207357944,0.0,-0.00034726845953958474,0.04395695925841414,0.00972241093291204,0.046047173930435226,0.005239412415622702,0.013157012844610794,-0.0003361853038596485,0.018537625306550065,0.04729281434652988,0.0025093915969605085,0.013788870066985315,0.007022634643672088,0.04433621333577348,0.021698782479082246,0.0,0.047140428166319914,0.02054558808545842,0.01580656018161708,0.051035177800106135,0.03407766603192919,0.01646408618773082,0.01449697764827007,0.04632818793118848,0.03580948547410068,0.05153330945866641,0.05165336284369865,0.00823396397682924,-0.009775019823738962,0.01649961183311982,0.012627327160753377,-0.013830639095672448,-0.06171420703308572,0.0,-0.004378608243632398,0.00014627347089024578,0.05240496130596184,0.014571346653404482,0.004796408217300208,0.0,0.0,-0.005762798592528928,0.03668839780915484,0.010371788321367204,0.0,0.0,0.0,0.00040742087704698227,0.0,-0.000996288137396495,0.0,0.02238702200908238,0.0,0.052591921558481525,0.0005700752630036221,0.0,0.004021547916499557,0.02408235521051577,0.005890958421841563,0.02469228982954086,0.0,0.004800062432690377,-0.008776708730286631,-0.00439362379224667,0.002264388493899594,0.034124899154088006,0.02675088695517197,0.016109548718112876,-0.002640307404447928,-4.920603399133361e-05,-0.0005315416528295369,0.0,0.029468276592055087
0.004422168087351075,0.0,0.03320761127324584,0.0,0.0005377779657579906,0.0163177098627747,0.02195109053855182,0.05458547275573228,0.017160264232710554,0.022058700898405836,8.143257026810291e-05,0.026761149639891013,0.01715349164430202,0.0,-0.005691790137516528,0.007276156710705695,0.011236882613511245,0.003555391709436806,0.04013657265490411,-0.0005091631589291823,0.006713520190201272,0.005499293722810994,0.022406297001836162,0.01684324181177771,0.00253012622057025,0.0010658529675138806,0.004394449818169666,0.010223629123956857,0.006133494773801984,0.006899335727030831,0.009022974278949991,-0.010706686120099285,-0.0033474627684415004,0.006681698168093664,-0.004186017649547957,-0.05135389788462641,-0.00013582006558821025,-0.0009019575429186633,-0.0045971414075098305,-0.002259115060067318,0.005416874587693132,-0.0028076171047836662,-0.00489104598983614,0.0,6.987244311418284e-06,0.004955035298025434,0.00653518685437543,-0.0012611702119461055,0.0,-5.551115123125783e-17,0.01625844330033943,0.02591563307802358,0.007387682433809217,-0.0006880833107077433,0.032450265641987386,0.0,-0.02161743713825226,0.02130434061203279,0.0,-0.0052382463058725515,0.011513795550148975,0.0031378619188801027,0.017445397740484037,0.0,0.017978120731188818,0.00021719623193011683,0.006128402143687428,0.014305683540729142,0.0030149429716737064,0.009449472517102264,-0.0016420877505020637,0.01807440862983778,0.000772647779623159,0.022877743776192117,0.0005537054782265849,0.0033055207951669385
0.012633892207357944,0.03320761127324584,0.0,0.07617282265060477,0.004095404625045873,-0.029933743607287067,-0.0007705849839714785,-0.0032308692299675146,-0.005060167336267574,0.016017443500523143,-0.03700907167787826,0.018135493101250122,0.007921849785958945,0.015700725082728073,-0.0015541418168890098,0.0018344163844380978,-0.0049915167859204135,0.002668617074872315,0.0036936981251283196,0.02331414360386147,-0.002294219084610305,0.02513787940532841,-0.01715482266598184,0.019948805223067856,0.003492133227004479,0.04516752662217177,-0.0271484720428794,0.02573106366392952,0.0001288763938367965,0.03700494043560931,0.02675433122176646,0.01742310973911515,0.0077957787970375225,0.03136564025510907,0.036981137836177735,0.018144046552163673,0.03244936545760391,0.009438264817711373,0.013304478654194707,-0.0002076474245705784,0.00460473988331922,0.001606124417252608,0.011108177035850209,-0.0001427946953885817,0.00019881542140348651,0.0,0.0003241500588048174,0.08687581529437716,-3.0309232429581723e-05,-0.08676220651926209,-0.011142217698461354,0.0023121251151443367,0.009073359598674835,0.005911393488110428,-0.042220209557563004,-0.08786485596677401,-0.0009053097114511965,0.00732299255027169,0.02805823552534681,0.002408947729181099,5.314965837799335e-05,0.0,0.0,-0.1672397530399044,-0.0020415325501762505,0.0012011816975953105,-0.005120209889363236,-0.006556752701350588,0.0,0.0,0.06704436378773987,0.007063923997450816,0.013704431614478874,0.0030127178677954447,0.00038818521589223387,-0.010387327558229575
0.0,0.0,0.07617282265060477,0.0,0.04402727486727692,0.0029771678426913084,0.03540150137043013,0.03120429160544752,0.012106289865080833,0.09253877042786268,0.01388839735917452,0.003873329436953732,0.009519738020055402,0.020538408021410548,0.00011760087481160753,0.0,0.05153922244930259,0.0,-0.0006473108559274521,0.0015806562681873748,0.000289388427361037,0.0032872370459431366,-0.0017746852531011492,0.15752174540044478,0.0,0.0012859322506316717,0.001651125126092945,0.034462407612836254,8.937674956144281e-05,2.149172987675474e-05,0.0049493994862366275,0.0031523097493112995,-0.0054470465374112376,0.035587655440319,0.1675946573904028,-0.008793183730293141,0.004371394272089796,-0.0002905830034774515,-0.0005387633959384464,0.0,-8.3631487483804e-05,0.0,0.0004370453446784772,0.0,0.0,0.0,0.0,5.991211723732626e-06,0.0,0.0,-0.0005571052166843393,0.0,0.0,-1.4026198098149312e-05,0.0,-1.435928621373872e-05,0.0,1.0558926373360755e-05,0.0,0.0,0.0,0.0,0.0,0.0,0.0,0.0,0.0,0.0014453715961350588,0.0,0.0,0.0,-0.040435016983093874,-1.3748127024204582e-05,0.0009224261050342353,0.0,0.0
-0.00034726845953958474,0.0005377779657579906,0.004095404625045873,0.04402727486727692,0.0,-0.028080607834823357,0.007314597299380776,-0.023477882559989005,-0.022332480514117847,0.03231898346403872,-0.007155167499962145,0.020363782054133084,0.021295168753833194,0.036552650335090975,0.0004144932160182191,0.003967371600245462,0.020899842412787695,0.02676002421605289,0.0026363872026418655,0.007086284061241621,0.00288900678465831,0.0015029011183665952,-0.025117723639441536,0.029452267048776404,0.04934551197298859,0.04670005294711116,-0.020534958436495,0.022703025116960762,0.00809983291188765,0.00425858778451188,0.030798339591087354,-0.009741678764665751,0.03607072520150245,0.04171242358610383,0.028363537842612696,0.007707494120627378,0.02247529080534383,0.026671492423575804,0.010710136257400915,-0.0009473415275458863,0.03143563229452773,0.00028588682470309656,-0.041235975732798524,-1.4747397273751073e-05,-0.0006074100235721192,0.0,-0.00010338276393717649,-0.0430124345491214,0.0,0.00787456949060883,-0.013885750743716119,-0.0031030639186047093,-0.045922247090285695,0.007828517023593107,0.0015914719367414731,-0.03079373695286869,-0.001864142575382699,0.02340324241794145,0.0002800107784167727,-0.0002896791500872631,5.159635249607497e-05,0.0,0.0,0.00629166222500499,0.002800156804315057,0.0,-0.003026069006447474,-0.012746708926529293,0.0,0.00013840679503479558,0.0009078336295768041,-0.010463176668114138,0.023141754108352175,0.01060318743238231,0.001295169750385794,0.009632540767468223
0.04395695925841414,0.0163177098627747,-0.029933743607287067,0.0029771678426913084,-0.028080607834823357,0.0,-0.011660316483984912,0.01819473131534355,-0.022545602584628843,0.013943711416645521,-0.007055073743117646,0.02027431419119191,-0.012131691282005641,0.015587451088627191,0.02238004551735384,0.01734154005732713,0.010220428643748558,0.013692626966954724,-0.021716214276193246,0.0031949362824508776,0.03390282564082281,0.006539153164046518,0.006235662495293837,0.004952737843452404,0.023842001205810648,0.015118459483418611,-0.026195987518147057,-0.01889765400144805,-0.0051971806707897805,0.004168285707542185,-0.0006594965993350077,0.020588143463188713,0.01618240354550876,0.0030470386147813944,0.006774518411823971,0.024583351286223742,0.0249181600763117,0.019415292699003106,0.028912093674971773,-0.005555886126665022,0.01980443258357034,0.020099785534351655,0.006641153488266216,0.06009727186191233,-0.0014755361696244806,0.0005492761885359521,0.006418208744188081,-0.018833009182265825,0.0,0.005881400511252188,0.0052637203175721625,0.011497194554885626,0.014633706508510091,-0.028631624992332627,0.004709933757558349,0.008913828753135955,-0.00212652057319046,0.01965957810300467,-0.0026142095849168157,0.0181411756468583,-0.0002323935112510389,5.551115123125783e-17,-0.003702006380442935,0.006200713182433981,0.025226973175425993,0.028866145098310703,0.001277581592226129,0.0065151049174890785,0.0,0.006305825261578135,0.005330261523953939,0.012474235643121778,0.0184609708014265,0.017599528959886923,0.004495183500697886,0.018285743260670118
0.00972241093291204,0.02195109053855182,-0.0007705849839714785,0.03540150137043013,0.007314597299380776,-0.011660316483984912,0.0,0.017767393975889556,-0.01161655801625644,0.012689995835468926,0.019680412857543794,0.010103406949411975,-0.014793044633580943,0.01785255182669432,0.007927740147553097,0.017217919465671694,0.012923514754096366,0.012969057673339224,0.023592928336812147,0.013156783248029491,0.041220890140758804,0.016665777720560715,0.008077638299307965,0.022547556783620193,0.019567622584787503,0.026232203779747554,-0.015847989197325385,0.020278469678580657,0.001306675228593679,0.03522151649950672,0.02035206242057125,0.021195782857223122,0.021716245100859677,0.02817327823148774,0.024000339875815457,0.008754319317634707,-0.002882130883866907,0.004635955930640867,0.03174361889270866,0.02519192489850447,0.03697394683484734,0.004768290498718297,-0.009803151077641237,-0.0014379294650396779,-0.0009624714279638513,-0.0001482352476575577,-6.19262531744158e-05,-0.003451930201849418,0.0,0.006220593879593839,4.194061198004029e-05,0.007523421725445623,0.0153917988610906,-0.013369001748350984,0.0005745309652350206,0.017056174098707022,0.0014470744240218658,0.02248927627284092,0.0010515660194039822,0.024902968202995368,0.0016466452288113609,1.1102230246251565e-16,-0.0001428368149543613,0.0032897359212560318,0.01564956204445267,0.002140925621826051,0.017474236513367214,0.00549318017663547,-0.0021596330057749302,0.0018619685105251693,0.0060414333725432035,0.009173257173376914,0.020604093096952325,0.01719229853064086,0.005218511676424842,0.01479659807713829
0.046047173930435226,0.05458547275573228,-0.0032308692299675146,0.03120429160544752,-0.023477882559989005,0.01819473131534355,0.017767393975889556,0.0,-0.017168433987931442,0.02546926875333938,0.012557885979739503,0.037011592764278844,0.017640960549252183,0.027049330811810823,-0.04096306688687562,0.0351593368321399,0.04325675743581514,0.040332666929494554,0.006751602270429147,-0.00101421306594901,0.025319286653838258,0.02115745561227078,0.012620723039861947,0.03271741277505624,0.043937579304949015,0.042044177814358985,0.005319293752162502,0.019331096902244882,0.020560642104960336,0.021382841875836722,0.020185345322458692,-0.024046419982443445,-0.04092507631307202,0.018420818155467034,0.033316035446880554,-0.020953588863734995,0.033901255917801465,0.0041616982161464255,0.03225715563018894,0.0013555220875259844,0.04308665473026574,0.004776365793738413,0.02522469456893317,1.369901991898903e-06,0.00937379232481389,0.002458204702451061,0.0027899529687246405,0.00897875394978187,0.0,0.008310715095175225,0.008774720573083483,0.0228317465905562,0.040722721225441794,-0.00289700775514512,-0.00014951474079827332,-0.010446167200606427,-1.1102230246251565e-16,0.032062431990429296,0.07308035397166252,0.04525755163294848,0.006041442954600074,0.0,-1.184223765265946e-05,0.057457700877677875,0.03386449198893865,0.05273990967264147,0.041988197736787414,0.024373198451315914,0.0004721652439311219,0.0020783349066167967,-0.03798409277616721,0.020840013091659892,0.02943998410713633,0.041185001045840997,0.0034003501642930756,0.03229793961915872
0.005239412415622702,0.017160264232710554,-0.005060167336267574,0.012106289865080833,-0.022332480514117847,-0.022545602584628843,-0.01161655801625644,-0.017168433987931442,0.0,0.020128936676446607,-0.0015923341309003192,0.018176389420118677,0.01784013555029018,0.015254678421251111,0.00021658566713700367,0.020862827336048606,0.020142282831173253,0.0282198913029017,0.0013800763531156557,0.002680489285196763,0.006176643607569865,0.009218283781419534,-0.007829904893002726,0.029164322276041876,0.03274804558922956,0.04481664760325116,-0.01518152314881771,0.026546340372070265,-0.002838026745653921,0.028611795151504582,0.02341451133955119,0.016162549399063864,0.017386970979528904,0.03163142611204128,0.03122481568638663,0.02639663657539948,0.031352007305263774,0.016105307750757136,0.005840844046359539,-0.003294170322289236,0.015431466324122511,0.0024492496765238236,0.007813853958629824,-0.001007349494280052,-0.0007014952037492916,0.0,0.005272305052275106,-0.0392469522275371,0.0009545886345324606,0.004836654499307924,-0.0193953233721339,-0.006488508220332756,-0.018211731396628905,-0.026797927844555813,0.0024380906428037585,-0.10611985205285951,-0.0026003985835724164,0.007221043265245419,0.0006003743933279404,0.0024787360405205683,0.0008963401219919676,5.551115123125783e-17,0.0,0.004711987854398636,0.01601784651580529,0.0015971588660744773,-0.004041411756744162,-0.02077869339949734,0.0005737814732516,8.255934251022445e-06,0.023822806790648965,-0.011790724386610885,0.006370363068724738,0.002390660226692487,0.001979126021896649,0.007924940229819488
0.013157012844610794,0.022058700898405836,0.016017443500523143,0.09253877042786268,0.03231898346403872,0.013943711416645521,0.012689995835468926,0.02546926875333938,0.020128936676446607,0.0,0.020958374346762454,-0.004560581212547932,0.0003871315976705092,0.03703491040638085,-0.0010882060040556252,-0.0008410091053755453,0.007800472451250706,-0.004578124176065068,0.028133715784477875,-0.00933750153020585,0.03420045716085052,0.003132382843546999,0.01587258349087689,-0.016985435656508563,-0.0038231998082844942,-0.008714262124591088,0.012094744000474889,-0.0025023537082299874,0.006739386911043643,-0.0335450259418712,0.010282538887530668,0.001077875635440373,0.004411654450761526,0.002674019513854209,-0.011359791396599372,0.035213211814222545,-0.024569198619486976,0.012343266610756298,-0.024117705429924752,-0.00048973810248365,0.03208079212339299,0.002551176670106181,-0.0014822057854727566,-0.001114783861126456,-0.016903441706392464,0.02756219722495229,0.0011763944362558343,0.0011995762903863616,-1.1102230246251565e-16,1.6653345369377348e-16,0.003391084011606482,-0.013433503573523853,0.0009623203880739784,-0.0016951819669261958,0.005800842228236569,0.0008840928983823715,0.0031049939521078374,0.01963133384722704,0.0,-5.371097848688722e-05,0.04021984794202221,0.02321262134818125,0.021771200067963292,-0.0005120309111592003,4.66057415134391e-05,0.0004960818380883025,0.0029607117083083057,-0.014201255063041152,0.015831210104928217,0.02159751685559086,0.023361131131549195,-0.0010444180353404997,0.017177256381779638,0.0024572793236913304,-1.1102230246251565e-16,0.03256291371643344
-0.0003361853038596485,8.143257026810291e-05,-0.03700907167787826,0.01388839735917452,-0.007155167499962145,-0.007055073743117646,0.019680412857543794,0.012557885979739503,-0.0015923341309003192,0.020958374346762454,0.0,0.01460539750091494,0.025071729219952543,0.014019835006606363,0.0,0.003406212388901153,0.008449772133830025,0.016032110406002442,-0.004222093419137651,-7.480030577045049e-06,0.018431769249607266,0.0889470806698775,0.0005531078576061499,0.015698643140607094,0.020230110952036362,0.016908156039115496,-0.03519828809250364,0.029816766533602213,0.0010937117907147131,0.013411703928251029,0.022821936964835754,-0.022097289197653136,-0.006910617204298364,0.02640404017250414,0.025628198159136917,0.0051735309394997375,0.09280803218758044,0.020654980306148096,-0.009283518084184705,0.0004869577272354486,0.014991656219023874,0.001158210479706434,-0.03672679472126833,0.0007561390778050292,-8.350346408886322e-05,0.0,5.551115123125783e-17,-0.23965926817917796,1.3127559358061536e-05,-0.04464557111765183,-0.02658618770348059,0.00514278081996461,-0.026658784824096837,-0.12126878235405164,0.001693593515366132,-0.06862147382042422,0.001838266978999914,0.009178947461794318,0.019109510027922272,0.0010457643821715767,0.0,0.0,0.0,-0.11223095290663904,-0.049774677259707856,0.0,-0.04329814372566371,-0.043345997285199556,0.0,0.0,0.00011889524528740925,-0.03852432330066857,0.008116809498371014,-0.04295915670966105,0.0006364926232497181,0.0189795251778207
0.018537625306550065,0.026761149639891013,0.018135493101250122,0.003873329436953732,0.020363782054133084,0.02027431419119191,0.010103406949411975,0.037011592764278844,0.018176389420118677,-0.004560581212547932,0.01460539750091494,0.0,-0.0009427845388070843,0.0037739986593742225,-0.002946466642409773,0.02104845240328551,0.02051968868728349,0.00857176723294173,0.013455229980874728,-0.010355287842837901,0.030444693271701406,0.0015146131854554268,0.054451029807024875,-0.021381322246540824,0.010564897794380634,-0.0016828600142416716,0.005596950071959983,-0.0023290871136222857,-0.0012812291832865474,0.00233679111006474,-0.004528907165944729,-0.021022176577507157,-0.03790681914844363,-0.011751350800727256,-0.04288599485593886,0.0013354102628993503,-0.013834280591303927,-0.01729194981645424,-0.033742295949141576,-0.022007908652258656,-0.0020144223386688864,-0.0031295121212637222,-0.01030309520889311,0.03003068383191082,-0.0444747697907234,0.021178617331804372,0.0010283167353282163,0.0007024607621273216,0.0,-0.0004300453402321103,-0.002586556091373815,0.0011800432701893349,0.0,0.0017832779404106103,-0.0017604856113362932,0.0007519225758682024,-0.00358745962026924,0.03417655004176989,0.0,0.000470598707005887,0.04244284947269594,0.013191986436556224,0.013452807360901653,0.0,-0.0005551535985212075,0.0003233678162916087,0.0031728821489098724,0.0006863389919276042,0.007413742230945486,0.01485511624158714,0.019319070713439856,-0.005633013444595714,0.04333132211431451,0.002232924228003197,0.0,0.014684244244870803
0.04729281434652988,0.01715349164430202,0.007921849785958945,0.009519738020055402,0.021295168753833194,-0.012131691282005641,-0.014793044633580943,0.017640960549252183,0.01784013555029018,0.0003871315976705092,0.025071729219952543,-0.0009427845388070843,0.0,0.01752303202178046,0.022588168561404054,0.00864074597496406,0.013980587548651835,0.005571987577764115,0.021013205428990545,0.008540470100714515,0.03275083942051604,0.014680853599467636,0.011812714661033508,0.0001848798236479543,0.01465032011809464,0.015461866595334994,-0.012109033689431392,0.0021197827718004714,-0.010054570508253258,0.05106915613568491,-0.003923481474632673,0.01905829474887527,0.013351046971574687,0.007055567195519197,0.02647593226499223,0.00045889779712965373,-0.0131767365238451,0.0023657108078046774,0.03797236633484563,0.009034184836909542,0.03137301863488151,0.03436080318326684,0.0004362278474692727,0.00444356625265796,-0.0006678737710306692,-0.00053926038687091,0.0018815667334805553,-0.0041586212192875616,0.0,0.005045787866931328,0.0041545508098908,0.013591813768696226,0.012605632535734934,-0.009648062410476776,0.001498440444387683,0.01172912509102203,0.002858733789832757,0.025765041219080853,0.000952820595858106,0.026763570355108568,0.0036115146305149004,0.001835134226766122,0.0029136660233566314,0.006777367091790776,0.01935934765086167,0.033226281346735165,0.020957181015264614,0.009202481002572038,-0.001298304464231903,-0.0011754080333689632,0.008995338356242555,0.01167517533014395,0.017038827667380074,0.01418660580352804,0.012189364096507393,0.01365952763397138
0.0025093915969605085,0.0,0.015700725082728073,0.020538408021410548,0.036552650335090975,0.015587451088627191,0.01785255182669432,0.027049330811810823,0.015254678421251111,0.03703491040638085,0.014019835006606363,0.0037739986593742225,0.01752303202178046,0.0,-7.95374577288177e-05,0.0,0.0,0.0,8.792844883526163e-05,-0.009039748759806399,0.07445929736848717,0.00269387558099643,-0.0010415990018119992,0.023963319396036797,-1.2815119384002038e-05,0.025905356298725257,0.04309539936317741,0.03017557429367468,0.0046670931932345505,-0.00047592437021248823,0.07842105622308881,0.041183167060969084,-0.033777121988796954,0.05619846378790366,0.2226830738398451,0.022672945162412805,0.02893227219410585,0.001825883656629168,0.026817978526661457,0.0,-0.00195926107601585,0.0,0.003751884492962876,0.0,0.0,0.0,0.0,-0.018012400367638348,0.0,4.9959191342652254e-05,-0.004659723931206727,0.022112260743763656,0.026537119012416066,0.0007764389239746095,0.0,0.006631766358397129,-0.00045557148704433725,-0.0024626964708798216,0.0372393211754633,-5.551115123125783e-17,0.0,0.0,0.0,0.0005485171441467207,-0.025035702815015326,0.0,0.0,-0.01642356332503231,4.7762502118353645e-05,0.0,0.0,0.0007457844127188862,0.028587948292132404,0.027310127256079175,0.0,-5.551115123125783e-17
0.013788870066985315,-0.005691790137516528,-0.0015541418168890098,0.00011760087481160753,0.0004144932160182191,0.02238004551735384,0.007927740147553097,-0.04096306688687562,0.00021658566713700367,-0.0010882060040556252,0.0,-0.002946466642409773,0.022588168561404054,-7.95374577288177e-05,0.0,-0.004927435852996931,0.01137290239122063,0.006402507540343161,0.0,-0.010067667156515914,0.011728283566359687,0.012709240060798321,-0.01410324438214472,0.03058886734377042,-0.0005598552275047353,0.01045682786275931,-0.03733015338908041,0.011898000553891397,0.009485653257513493,0.012307839842947976,0.003239663428910189,-0.004744502650517568,-0.0057585725116524045,-0.0017309195547581258,-0.0025357842083721938,-0.13421346197659972,0.0030517695837399827,0.0003334645602566244,-0.004011183339019009,-0.02185893277581652,-0.009080464084279372,-0.007247665062351305,0.009128282807652821,7.983294609192892e-05,0.02833816848934434,-0.017500723570519072,-0.006963751084149261,3.633668513985944e-05,0.0,0.0,0.012651987289175437,0.006463681694596213,0.04306656292820732,0.0006797181501494443,-0.00021297916740120604,0.0,-0.0006210205935850976,0.008044719137053846,0.0,0.007109502730820505,0.0031256003871391047,-0.00038509635812511434,-0.006765252512380693,0.0,0.016821727303111045,0.00818183697731567,-0.0021814088875204973,0.014386961148161403,-0.00048772850779521537,-0.0005365519680207154,-0.0058114545190255384,0.011812831515940259,0.014307228325204868,0.029313765148909987,0.003335487276480309,0.009213959223763502
0.007022634643672088,0.007276156710705695,0.0018344163844380978,0.0,0.003967371600245462,0.01734154005732713,0.017217919465671694,0.0351593368321399,0.020862827336048606,-0.0008410091053755453,0.003406212388901153,0.02104845240328551,0.00864074597496406,0.0,-0.004927435852996931,0.0,0.0017648184872568473,-0.01979191994570595,-0.0008571099435697449,-0.004239416608860069,-0.005399813065202652,0.007282242874146305,0.010298748072134878,0.011475441217544291,0.0011482816842854904,-0.005521481272971196,0.00414101683667889,0.0065285115212338485,-0.0011549898942439518,0.010250030142659017,-0.0018614162366896725,0.00027151323175844677,-0.008652241588971377,-0.0073151491724601225,-0.02211913367543672,0.005659324938199872,0.000381592326543001,-0.0024191641121635854,0.0017846732020254663,0.008597648841599803,0.01553861461025502,0.004601612260896781,0.0016922513989674481,0.0,0.0,0.012989895376495253,0.007016317472629485,0.0,0.0,0.0,0.02207295915688723,-0.0012880189672924702,0.0032741787584214532,0.0,0.029345518697428963,0.0,0.0013490426424977442,0.005269436027591501,0.0,0.005716812492660928,0.010166350854700856,0.01905613428151043,0.022471948328623148,0.0,0.03574646353434208,0.024497321362378977,0.002678792391868523,0.03115704860796109,0.024042368300242145,0.011530916242836697,0.0054666900452166045,0.03320536309830657,0.006537391504890466,-0.001368868932534073,-0.00011071578726784548,0.013743218661131373
0.04433621333577348,0.011236882613511245,-0.0049915167859204135,0.05153922244930259,0.020899842412787695,0.010220428643748558,0.012923514754096366,0.04325675743581514,0.020142282831173253,0.007800472451250706,0.008449772133830025,0.02051968868728349,0.013980587548651835,0.0,0.01137290239122063,0.0017648184872568473,0.0,-0.007904885218861402,0.009593949417686765,0.0038145769965227116,0.051999686618868945,0.008635257135785557,0.02409845330320054,0.02564418998439555,-0.023552987220478605,0.025034588107671563,-0.007137508087597777,0.013893551519355618,-0.0009359142363346007,0.001200582149404661,0.018254685106570245,0.031754391427675444,0.03975611004151253,0.025454474050295883,0.02453715340395779,0.03053117716919662,-5.8153538354144274e-05,0.019255677379176606,0.021842542115171337,0.02497866337246335,0.029482626314482008,0.0027569003796080738,0.0,0.0,-0.003543831618481652,0.04784431676658585,0.01325155280509177,0.0,0.0,1.6653345369377348e-16,0.0005324602675643719,-1.939916990578716e-05,0.0,0.0,0.02194512825168682,3.4428319124479856e-05,0.020009514538032236,0.0006469397923319353,0.0,0.0,0.029659369295443272,0.026729999981229935,0.02643515234118654,0.0,-1.7335169354648627e-05,-5.551115123125783e-17,0.00235557669432912,0.0014190019136053333,0.05715101405887929,0.02551714344654077,0.029685576795008217,0.0,0.001180021253050778,0.0001743105387738697,0.0,0.05841859395285426
0.021698782479082246,0.003555391709436806,0.002668617074872315,0.0,0.02676002421605289,0.013692626966954724,0.012969057673339224,0.040332666929494554,0.0282198913029017,-0.004578124176065068,0.016032110406002442,0.00857176723294173,0.005571987577764115,0.0,0.006402507540343161,-0.01979191994570595,-0.007904885218861402,0.0,0.00017888486986950003,0.008158681732018613,0.018722984007854437,0.011656301199218289,0.023268703919299527,0.022796344186960082,-0.018063566106984563,0.012491668408662837,0.011452055617158619,0.005700805551026367,0.007084770484447833,0.005846943085767442,0.009706511779045857,0.024124170969393066,0.03084205540779117,0.019272040441250526,0.010200359860944197,0.022786380565724018,0.0,0.017626669653219962,0.0047535293164006065,0.014951707153967597,0.02603110090795896,0.023854997169617864,5.551115123125783e-17,0.0,0.0008369318355814226,0.025131658664668488,0.012211842811648,0.0,0.0,0.0,0.037777909606303284,-0.0007681968406525463,-6.461690427372879e-05,0.0,0.0238602556679115,0.0,0.01867215744616385,0.0019282055260923525,0.0,0.008381795919182478,0.01871837924107156,0.028442188466002938,0.02359869947470794,0.0,0.01582811581764898,0.008029046273184792,0.007120771527414305,0.004189954859906697,0.043043562114316425,0.016014210776337634,0.01717324506638168,0.008313919861258845,-0.0002749008845113754,0.022913887262465682,0.0,0.02983147633177957
0.0,0.04013657265490411,0.0036936981251283196,-0.0006473108559274521,0.0026363872026418655,-0.021716214276193246,0.023592928336812147,0.006751602270429147,0.0013800763531156557,0.028133715784477875,-0.004222093419137651,0.013455229980874728,0.021013205428990545,8.792844883526163e-05,0.0,-0.0008571099435697449,0.009593949417686765,0.00017888486986950003,0.0,-0.0014819779284898082,-0.04000406932706568,0.038128452355157216,-0.0008243706767080972,-0.010705201122749364,0.009719212872423166,0.008845782239042255,-0.03654245070162587,0.02804903785343099,0.06267939910522491,0.01924958362407997,0.02193010455747546,0.0026245018201647707,0.012800864880614216,0.030404565279804008,0.02756183488246633,0.01813611772783108,0.03358525110083338,0.010250590171828278,0.0057900544105111695,-0.00030404914112031056,0.006045989416563646,0.0011646842315100603,0.0024278709858940317,5.551115123125783e-17,-1.6653345369377348e-16,0.0,5.551115123125783e-17,0.018922136262390754,0.0,0.008859856305478142,-0.008586923070467045,-0.000850376699734201,-0.0050581823673577775,0.007593842676122953,0.0009987799984995105,-0.1735453478132908,0.00012483683282571434,0.009712846036578626,0.006257068707945179,-0.001137416943900682,0.0,0.0,0.0,0.01362121726176757,-0.0017647769923500034,0.0,-0.00012842575612598273,-0.026751331900705555,0.0,0.0,0.001817313433304879,-0.018173728755506935,0.020702312239264775,-0.0010106847158892762,0.0015915570041520333,0.0077658147932411214
0.047140428166319914,-0.0005091631589291823,0.02331414360386147,0.0015806562681873748,0.007086284061241621,0.0031949362824508776,0.013156783248029491,-0.00101421306594901,0.002680489285196763,-0.00933750153020585,-7.480030577045049e-06,-0.010355287842837901,0.008540470100714515,-0.009039748759806399,-0.010067667156515914,-0.004239416608860069,0.0038145769965227116,0.008158681732018613,-0.0014819779284898082,0.0,0.016575329190533672,-0.024830812570605154,-0.01327048039003148,0.06313489866276101,0.006563489380265075,0.0019765956448724586,-0.02728573867014422,0.005882484030264035,-0.005545784149181998,-0.0335890061426381,0.004577657792253942,-0.002571902858529873,0.008519416224835374,0.0032757321677915896,0.0010265015581122916,-0.1503421791177202,0.004511860026975012,-0.01147549649976537,0.012419157359522703,-0.015702016131250496,0.007388755106109812,-0.0010308552971922125,0.0031639648798610365,0.0001821488499596513,-0.00022460364948123646,0.004323661138629531,-0.002554810073567726,0.003389224868619145,0.0,0.0003169390903778324,0.011050396850092736,0.02218604750195524,0.03797329085852191,0.003179215760241383,0.000544571308512598,-0.002017944209250888,-0.00032792590744223915,0.010353665244974164,0.0,0.007584847997133715,0.01308062929508963,0.00017393999047732311,0.007529998077211553,-0.00029127120708455356,0.01490212940820168,0.00835963190864275,0.0027068035605500307,0.016318238718685485,-0.002285903466150374,-0.008389145387936281,0.006749092489161446,0.012936025302451248,0.017088623538509096,0.024000144349205943,0.004018926410705559,0.018045365340084607
0.02054558808545842,0.006713520190201272,-0.002294219084610305,0.000289388427361037,0.00288900678465831,0.03390282564082281,0.041220890140758804,0.025319286653838258,0.006176643607569865,0.03420045716085052,0.018431769249607266,0.030444693271701406,0.03275083942051604,0.07445929736848717,0.011728283566359687,-0.005399813065202652,0.051999686618868945,0.018722984007854437,-0.04000406932706568,0.016575329190533672,0.0,0.023484385343226055,0.02210933774441287,0.03731832293137305,0.002179140350160702,0.016200825758746817,0.012579672814020393,0.043870508292982835,0.035166159014479614,0.037649621742320505,0.0029296813147181577,0.0018347220736789072,0.008672741815440144,0.00608877687606546,-0.01533979094373189,-0.007391406408307877,-0.0004574855266266664,0.0048617202540546245,-0.014139462084798604,0.008889175332244703,-0.0014292302106440613,0.0023564979720294144,0.0005366674699834317,0.0,-0.00037184302871529074,-0.02833560842427285,0.0027778051266011405,0.001231815892033472,0.0,-2.3460508710604344e-05,0.022771925280672345,0.005819219399191944,0.0034156779677135263,0.0010475913314408336,-0.001179266580791205,0.0,0.0003131538099265252,0.026693065008802475,0.0,0.011317898665794524,0.015086294003596457,0.0,0.0035841571739401723,0.0,0.022781694247428208,0.005090165750263664,-4.650778683024104e-05,0.03047796716909318,-0.000831321263962348,0.006221058926272505,0.002899341586686033,0.02786418997048551,0.03431888078544043,0.04092797081130123,0.006788618813171943,-0.0020466532238023194
0.01580656018161708,0.005499293722810994,0.02513787940532841,0.0032872370459431366,0.0015029011183665952,0.006539153164046518,0.016665777720560715,0.02115745561227078,0.009218283781419534,0.003132382843546999,0.0889470806698775,0.0015146131854554268,0.014680853599467636,0.00269387558099643,0.012709240060798321,0.007282242874146305,0.008635257135785557,0.011656301199218289,0.038128452355157216,-0.024830812570605154,0.023484385343226055,0.0,0.000950806012137928,0.019769677759610305,0.008422130098113434,-0.003702708565736179,-0.006815007671181927,0.014323418058485804,0.0007849117653412896,0.023225646339460115,-0.0025378489517902114,-0.017628890657214624,-0.005877762748506932,-0.0056778651227796795,-0.005382327661108799,-0.044951663761014726,0.004433183885723058,-0.0014172067850870551,-0.016139648021868847,-0.02719235693105171,-0.004787036986605708,0.00028854426972685365,-0.0024073573350774646,0.0,0.0014576636456285486,0.013176286306903873,-0.007086383701443322,-3.295038305428655e-05,0.0,-5.5348602168492356e-05,0.0036354833921376506,0.009578147818207983,0.015288912501440488,-0.0074027933696482195,-0.026121668468312098,0.0,0.0013344284767493053,0.004236446933743199,0.0,-0.004549104835352646,-0.0019663693417352746,0.004178670722370104,-0.004890277835705947,-1.1102230246251565e-16,0.009661770611691933,0.0003996367235147291,-0.0070359959737395505,0.01192062050459114,0.0015279445532110913,-0.0038997378760755597,-0.006555389231248043,0.010055771951100856,0.012661570085538254,0.01636846554978555,0.005267336490352548,-0.008743378971543703
0.051035177800106135,0.022406297001836162,-0.01715482266598184,-0.0017746852531011492,-0.025117723639441536,0.006235662495293837,0.008077638299307965,0.012620723039861947,-0.007829904893002726,0.01587258349087689,0.0005531078576061499,0.054451029807024875,0.011812714661033508,-0.0010415990018119992,-0.01410324438214472,0.010298748072134878,0.02409845330320054,0.023268703919299527,-0.0008243706767080972,-0.01327048039003148,0.02210933774441287,0.000950806012137928,0.0,0.042158402716966636,0.027961646126076267,0.021217985670237527,-0.0162001806931108,0.02059193688527161,0.021519092727550593,0.023119624671340655,0.016874467022000184,0.022039852976775243,0.0067155864663633325,0.01847972306285456,0.025045746899773125,-0.01674403389964524,0.0242023612956907,0.00642387292482044,0.01968983512198108,-0.0004562020909837372,0.023227030096482637,0.020078854406532676,-0.0004255286265326119,-0.0020888426396726834,-0.01910384260754555,0.0011938266171047096,0.007490266938519674,0.06387344348136104,-7.304440588995487e-06,-0.04562188449659116,0.008510468812511052,0.015916529048390138,0.02057477521142459,-0.015143545747327347,0.016036377922266976,-0.02877204973472436,-0.008893223669605377,0.02789269152236651,-0.0026360043309015535,0.015746825689650135,0.0355973855838696,0.00011090720697493062,0.00675798203586242,0.0218383632399346,0.019968519957433983,0.018977620500575165,0.010324067207385046,0.01796871396932942,0.0008000700873685429,-0.0012276934153777619,0.01632519187193099,0.017164215396681448,0.023898929109867684,0.023273236411762765,0.018706445683352668,0.02913367777592568
0.03407766603192919,0.01684324181177771,0.019948805223067856,0.15752174540044478,0.029452267048776404,0.004952737843452404,0.022547556783620193,0.03271741277505624,0.029164322276041876,-0.016985435656508563,0.015698643140607094,-0.021381322246540824,0.0001848798236479543,0.023963319396036797,0.03058886734377042,0.011475441217544291,0.02564418998439555,0.022796344186960082,-0.010705201122749364,0.06313489866276101,0.03731832293137305,0.019769677759610305,0.042158402716966636,0.0,0.025344631482065894,0.015278450718361591,0.011934518862435184,0.008386911867657387,0.06136576671654287,0.0031257710018177676,0.015437468015818856,-0.01386207708181969,-0.003569127940275918,0.001833037938814286,-0.02265769970770798,0.024135298982982,0.001045247745826483,0.0024615034197564833,-0.03011146896943051,0.018990940146021484,0.05380024324884419,0.008146611156991557,-0.0073713832253246014,-0.00015738827476163841,-0.018433033964068646,0.038531452845082026,0.020371251780314015,1.5668258844581118e-05,0.0,0.0,-0.0015809225217459089,0.0012328932760791722,0.00045505734383793905,0.00025373568797232293,-0.0015334258675407941,-0.0008019094206712096,0.005983123239944987,0.0037843895336571176,0.0,-0.0015140472672671712,0.022494017474885664,0.006564717909272155,0.019139796307190926,0.0,0.0013691756107244712,-0.004095338934718251,-0.00010511418710307252,-0.001942421817155482,0.02549686428260972,0.020762146452255992,0.018455695142223894,-0.0013382476744069338,0.0546093740994677,0.001628820048611146,0.0,0.01803523534860385
0.01646408618773082,0.00253012622057025,0.003492133227004479,0.0,0.04934551197298859,0.023842001205810648,0.019567622584787503,0.043937579304949015,0.03274804558922956,-0.0038231998082844942,0.020230110952036362,0.010564897794380634,0.01465032011809464,-1.2815119384002038e-05,-0.0005598552275047353,0.0011482816842854904,-0.023552987220478605,-0.018063566106984563,0.009719212872423166,0.006563489380265075,0.002179140350160702,0.008422130098113434,0.027961646126076267,0.025344631482065894,0.0,0.0006457424699969905,0.015855476714734584,0.010876226424326507,0.013392572346635712,0.0028277548405749586,0.023270842556692317,0.011406846106336799,0.0248401095320262,0.022611987965964864,0.010260191106760186,-0.012753788113924136,-0.0002633475257526885,0.005888335958528723,0.010715905584346264,0.01047654941683912,0.02262935092888574,0.016619027302540057,-0.00036634116722888965,0.0,-0.06274195544369515,0.02097062375241293,0.006161653435430348,0.0,0.0,0.0,0.025060422018105044,-0.0007007075196860946,0.004249008954743727,0.00019258185521625615,0.022799905287353872,0.0,0.0175163279111209,0.021498522065777514,0.0,0.007535001342850289,0.016103269433630774,0.030578737558586533,0.026752297028041105,0.0,0.03368654468379323,0.004875522274895128,0.011550514324758288,-0.00011931843618723237,0.04379024439411355,0.016673358874445543,0.017810479307138027,0.02397447066809144,0.02496919661632746,0.02413719602379122,0.0,0.025735350365975407
0.01449697764827007,0.0010658529675138806,0.04516752662217177,0.0012859322506316717,0.04670005294711116,0.015118459483418611,0.026232203779747554,0.042044177814358985,0.04481664760325116,-0.008714262124591088,0.016908156039115496,-0.0016828600142416716,0.015461866595334994,0.025905356298725257,0.01045682786275931,-0.005521481272971196,0.025034588107671563,0.012491668408662837,0.008845782239042255,0.0019765956448724586,0.016200825758746817,-0.003702708565736179,0.021217985670237527,0.015278450718361591,0.0006457424699969905,0.0,0.0023931329881606844,0.012153715667361564,0.015576638672216092,0.02327490734763288,0.007020943531761914,-0.017499484922599118,0.005709126382835772,-0.00015937405760280132,-0.010113420382325988,-0.04007181867785503,-0.0007752614155342452,0.0004714760494128889,-0.0006155838917018541,0.012882986168192778,0.012263796731991294,0.005629058533345943,-0.006554867261203023,0.0,-0.01582409788819128,0.014412848171436565,0.002620970409575263,-4.2941673739471664e-05,0.0,0.0003019464322765453,0.017510251361327223,0.02412693941098354,0.011858549471603586,-0.00046696307089583167,0.021781847935096355,0.00018722168381213322,0.018315230363345647,0.02541410498086072,0.0,-0.0066234025427649446,0.012469624454988781,0.02758655866786036,0.025792216350632835,-5.551115123125783e-17,0.009503684154671788,0.010167224827831056,0.0021316961144405844,0.005351045484611516,0.04607626393569192,0.017525128897966258,0.005045756843750804,0.009331410497947112,0.012161481110811556,0.017555555866068384,0.00012957779762762245,0.01821181420308088
0.04632818793118848,0.004394449818169666,-0.0271484720428794,0.001651125126092945,-0.020534958436495,-0.026195987518147057,-0.015847989197325385,0.005319293752162502,-0.01518152314881771,0.012094744000474889,-0.03519828809250364,0.005596950071959983,-0.012109033689431392,0.04309539936317741,-0.03733015338908041,0.00414101683667889,-0.007137508087597777,0.011452055617158619,-0.03654245070162587,-0.02728573867014422,0.012579672814020393,-0.006815007671181927,-0.0162001806931108,0.011934518862435184,0.015855476714734584,0.0023931329881606844,0.0,0.008137875720820698,3.2192406766773374e-05,0.003152331055444768,0.0022992816068899136,0.01976705931433881,0.005688023662073882,0.006900342369082935,0.019828464723767203,0.01310424813474298,0.023840748267929923,0.0042444447813747566,0.026023997675834132,0.0023830506475853164,0.027907564808580587,0.02548677188310422,0.006734510284862105,-0.00012929499155961421,-0.0019373973664374433,0.06792797668373524,0.0004417036081841852,-0.008967188466415865,-1.6653345369377348e-16,0.013095231746374392,0.00868774866617672,0.012613560970701432,0.014151717032326538,-0.02522369743023689,-0.005487565011251305,-0.056075143180840226,-0.0010497968764262566,0.02586800814335022,-0.03400770027441463,0.01374933090212127,0.026059176639357695,3.7213428942861615e-05,0.037542909177704586,0.007410521886081378,0.018547330732560097,0.015630039271632368,0.006421753284322318,0.015177932339169309,-0.0008380783273100323,-0.017866162217896775,0.007049722268415548,0.019645273440536792,0.02609160655889442,0.023070750776249427,0.019926430778423154,0.025627804773125207
