0.0,-0.007372593066327371,0.017619794472572448,0.0,-0.000292323224097335,0.017990075980504505,-0.029690986057254454,0.0018420876043849788,0.0046754379063719265,-0.019149674064313726,-0.0003703008107349137,-0.014468018568237873,-0.0034121820418896998,0.0028207833335527344,-0.04022213501627736,0.009351513024969837,0.01361687298536629,0.019092062414340583,0.0,-0.02058545355248681,-0.011771147998688336,-0.006767696199607209,0.0034674121947543823,-0.026496251350021205,-0.014083738641173127,-0.0023583042484112138,-0.00987254324119985,-0.030574055550026902,-0.018813172432747105,0.0034981255151086965,-0.01301278369819886,0.00010277817008702561,0.02893587143345061,-0.0029220526219890797,-0.022055220260356445,-0.0003279549153367145,0.0,-0.0034302303471113738,-6.0437401121271606e-05,0.01425659352000841,0.0020117407506284324,0.005966519728226982,0.0,0.0,-9.416984785265425e-05,-0.010648702924269893,-0.0011019437589934178,0.0,0.0,0.0,0.0007096175381571812,0.0,-0.0012126110212216101,0.0,-0.009362501768555298,0.0,0.012542207182083043,0.0008900845330344076,0.0,0.0030226986991742644,0.0058396219775428415,-0.06258556003108923,0.02248645238699265,0.0,0.004681565686557532,0.03376016773051649,0.008038558687093689,-0.008413417612365415,-0.10346736121338024,0.012207397058271952,0.002340367101333729,-0.002770771672277683,-0.00012394509593005587,-0.006998460868770651,0.0,-0.0030453894715197216
-0.007372593066327371,0.0,0.051098027531988055,0.0,0.014570100147739073,0.021904726089084725,0.012052879455917154,0.03253967665946528,0.028822066116826084,-0.0390596140473391,0.00020512052923216118,-0.008607183370857086,0.01537807368693328,0.0,-0.00790101310223773,0.005801553808938209,-0.013913281176858527,-0.004619273687911152,0.00021551494604021837,0.014902165942887846,0.0005340871049481222,0.0010541172525375675,0.023078708439613127,-0.010658382969308433,-0.014854694572767113,-0.02080545149301255,0.029433505858232067,0.02853149236846214,0.019694892389323482,0.007071979435225251,-0.0011916716972972252,-0.007350914526994212,0.009398996025556383,0.002136666616043059,-0.006621843527676141,-0.004912304607759876,-6.59797643365323e-06,-0.0008430318648205981,0.010656276715970248,0.027863397885941887,0.001426747948585383,-0.002544980058589774,0.020314897586188596,0.0,1.7600172097009814e-05,0.01078715785201112,0.018102706639835153,-0.001110119591902714,0.0,-5.551115123125783e-17,0.015929476682546517,-0.0036667644440298575,0.012321782667912728,-0.00090783359860791,0.0004954973196902857,0.0,0.014484869887560148,0.0006801790663508722,0.0,0.024793020907597496,0.013624982051197776,0.00026141005667629225,0.01813645291870536,0.0,0.02400115939413694,0.004724116464265626,0.024626902954250296,0.018127003954436227,0.029965731697608855,0.022643889870138767,0.007468448150639517,0.02267992943772784,-0.009883006184496224,0.010949877080066506,0.0003507198742492834,0.003478664215887328
0.017619794472572448,0.051098027531988055,0.0,0.014311660761954226,0.013573256285118906,0.011605803764822786,0.02892461308685612,0.025726296427043327,0.03517311444117166,0.0320860500277374,0.015495073737174458,0.009164719013447953,0.039666958186912404,0.01834266525124645,-0.0012826185108708588,0.002269200741896793,0.017858265424039177,0.001734355240905705,0.01795472233921175,0.004653574686772244,-0.002525496692747209,0.004351755021080372,0.019302067735694206,0.02473914546447059,0.04267553321618239,0.026642269220631676,0.02535772921574897,0.04496851640014893,-0.008050727064730756,0.051582728589347315,0.04439801234420743,0.04578395988462869,0.005691998531843934,0.04742445559880454,0.04356694945900802,0.02954839559510164,0.019000327757860647,0.029606374153437698,0.02693463730114376,-0.00013877066625317402,0.03613960450981002,0.001437602427118101,0.04818448026324218,0.00010747404549110717,0.03967305900595647,0.0,0.0002652749112694308,0.17587648956272306,-7.634593598204731e-05,0.03903237309639396,0.04999129896180132,0.04458060468417391,0.029556800774874548,0.06573603722664367,0.002274351332217428,0.12413179361196469,-0.0008906793671383806,0.040755247809560746,0.04834315689041224,0.0024013839080063715,0.00013387869275288677,0.0,0.0,0.19549928712210224,0.010258432349472602,0.0012261433014534862,-0.008698431854106847,0.03688042272953318,0.0,0.0,0.01684267436019854,0.048125554544721894,0.04606191290636641,0.03309794554707096,0.04335983693420331,0.031357127506558946
0.0,0.0,0.014311660761954226,0.0,0.011593431924121933,0.03783143834729208,-0.012563551591364686,0.03378814544366304,0.013933571600334094,-0.05574867196622274,0.04137735550872662,-0.07094083744695423,0.0190171600302404,0.028822158363902506,0.0004413648458988506,0.0,5.515627985885896e-05,0.0,0.037465786598955164,0.0018215172968932825,0.0002558864634287783,0.00326525946737255,0.01175591811724419,-0.06905788209622335,0.0,0.0016000988776013747,0.07450957082435733,-0.009373024637551686,3.746887625000195e-05,5.413552577204772e-05,-0.03636068633557671,0.011712277840848218,-0.11173003303933396,-0.02140222875095954,0.02080818743830737,0.030534833879806544,0.02228966357531323,-0.05657142424644712,-0.0003714049606904357,0.0,-0.00021065938256226158,0.0,0.0004336638760178979,0.0,0.0,0.0,0.0,1.5091265269440157e-05,0.0,0.0,-0.0005738128299662693,0.0,0.0,-3.5330595209437377e-05,0.0,-3.6169610978298294e-05,0.0,2.659688327022458e-05,0.0,0.0,0.0,0.0,0.0,0.0,0.0,0.0,0.0,0.0012710132634353166,0.0,0.0,0.0,0.00045271605121288694,-3.463016188559598e-05,0.0008721117476560014,0.0,0.0
-0.000292323224097335,0.014570100147739073,0.013573256285118906,0.011593431924121933,0.0,0.030761839120525436,-7.57610740451109e-05,0.018686410687689337,-0.0008122667134893846,0.027618015994813505,0.02513718083056332,0.03445431903035373,0.04940136917614146,0.0360757652013875,0.0007311703450333384,0.0343416846449251,0.025241105831322663,0.0038444274460734396,0.009660788324789338,0.011259039709129837,0.0032761865938693013,0.013192603090133592,0.02133268478581296,0.038955460347006365,0.02807921198667024,0.021097984660619684,0.038948903836905246,0.009710050303290585,0.008700491329769022,0.005016539852585766,0.04278356740138983,0.06045106324483929,0.03755112063087784,0.04310451262711479,0.034487787289687044,0.05347586092986145,-0.03520537792630188,0.030198232647508927,-0.004498627500804875,-0.0013193219076652607,0.04813248132113601,-0.00038924629046710457,0.046224822582609015,-3.7147224060674056e-05,-0.0006772947157137055,0.0,-8.754049275916387e-05,0.05856490018909433,0.0,0.085862759684871,0.04243254276490771,0.03900267148734515,0.05026269004572559,0.05885968222613902,0.0015868537094079205,0.06839112980282797,-0.00206825396781507,0.026913376115678123,0.13321033606332988,-0.012657890872966482,0.00012996607003312732,0.0,0.0,0.05811718900436569,0.04261798851486215,0.0,0.020279194963673364,0.021962745231405623,0.0,0.0001407070140566069,0.0030793391791655855,0.01924295380707053,0.028120992804732903,0.01594274529063605,0.001377164587520241,0.010141049932311907
0.017990075980504505,0.021904726089084725,0.011605803764822786,0.03783143834729208,0.030761839120525436,0.0,0.003626053842641308,0.013379375163713236,0.004208164583836438,0.015935277367474354,0.05299416700582432,-0.016104708819030755,0.0024952855561624077,0.004247988939697189,0.038116444093014235,0.008234244723945294,0.0006783041579000448,0.027284903832330454,0.042712344910464606,0.011221905759478845,0.015553452416996405,0.016503797754807203,0.0015236782786075542,0.012077920361981631,0.014357116890460264,0.03320941660819271,-0.008238314596758278,0.0146808325878644,0.009952997173568179,0.014745193320389482,0.005084862122869516,0.020677152100675056,0.00810583506234308,0.019194329157347145,0.012660214598365416,0.01637084045482534,0.01748499033814499,0.017321979483177263,0.030293660236648867,0.0037554275589154473,0.03376740393222322,0.02362564937493361,0.021297128018571754,0.00396288248619725,-0.0014074183867801016,0.0007329589539392667,0.015779922288254866,0.014027227795606612,0.0,0.012438677572255585,0.017395174206430664,0.0233037918853628,0.017868800430183573,0.013394414866068294,0.00471668499294331,0.01310291475099934,-0.0021908910894282707,0.021115959988668886,-0.002814262698508152,0.028427064602722873,0.013461829505923506,5.551115123125783e-17,-0.0032139400456689393,0.029730740766297226,0.034359543175078056,0.01889796219460904,0.0255081570086223,0.014656188041968887,0.0,0.00792464779214791,0.027857076673176495,0.01922087924743754,0.022233361865425127,0.024131370898041682,0.015344251947837395,0.035444419789787185
-0.029690986057254454,0.012052879455917154,0.02892461308685612,-0.012563551591364686,-7.57610740451109e-05,0.003626053842641308,0.0,0.023053302161192057,0.01836277136660941,0.014840700652730077,0.03663796497601124,0.01528465747787816,0.027745511615491103,0.007678019113178891,0.020627426743998423,0.009069451372441695,0.017113089012503913,0.02917442807830828,0.03862650064553419,0.015874437682711295,-0.0050690723217958755,0.017104644206775488,0.005154167033642021,0.0009743061783315521,0.0029053371358070956,0.018885835373895765,0.007207118363520448,0.007196666622623138,0.01841163749305036,0.019707431714905632,0.01592367379290416,0.03937857370385911,0.017439324236233067,0.018785848957819706,0.00947665719966212,0.06358045375901045,0.03955335533776938,0.01639898012219354,-0.002999468253960913,0.014377907177988702,0.0409348775818813,0.004099779932759562,0.0375162203656903,-0.0015270177684492126,-0.000866242377319526,-0.00010971173053619943,2.0910432248499866e-06,0.03519201384756887,0.0,0.022621572668382384,0.03114083946372115,0.03497862078095182,0.017954757107887964,0.04003993265696548,-0.030088543809602408,0.05859080218290469,0.0014728185958196027,0.020603728825310363,0.0010743606572272135,-0.0008851197906069586,-0.007772725884581888,1.1102230246251565e-16,-6.369261944072502e-05,0.04752239120773649,0.01708045675177733,0.0019953031384216113,0.008569301735697865,0.02322332444947184,0.07808707801559012,0.012876717600625143,0.022023734913575954,0.017991005216249856,0.020195424005196805,0.011762431619664171,0.03135968047800464,0.023892073681897164
0.0018420876043849788,0.03253967665946528,0.025726296427043327,0.03378814544366304,0.018686410687689337,0.013379375163713236,0.023053302161192057,0.0,0.04396128619737488,0.015273232834113415,0.025454209995975863,0.0007007920478395158,0.021419351182411672,0.008249807209923465,-0.02143752096103768,0.011241037497653983,-0.0074128346101279274,-0.007932134804308155,0.03136685338023443,0.02018484043578639,-0.007143203921370689,0.019078105245841415,-0.012891974539499862,-0.009972154533045507,0.003726316707217292,-0.004127964776282411,0.016315383070164557,0.02330173886262088,0.01345653255689866,0.012895940775364656,0.0032446953410367185,-0.018355801540070216,0.004419048059735031,0.021638589516383755,0.022523134617896956,0.025891688973795013,-0.0540634148414702,0.004327130510678623,-0.06640739381590027,0.0009231146635051424,0.023082049023511964,0.0019541752598073447,0.019852657890649716,3.4506465981243295e-06,-0.00016228128571788014,0.002073062629160849,0.015875102686944198,0.0068043595025339965,0.0,0.02136081733769768,0.002138298398422722,0.01926660508072231,-0.07262366312686791,0.02153727251875892,-0.00020065718169104407,0.027336235733396996,-1.1102230246251565e-16,0.0174494525721009,0.029011183915817917,0.038342150878692416,-0.0017096095805539946,0.0,-1.1082286918873141e-05,0.04043392834396364,0.048664996471098565,0.030633363837002825,0.015721781843657134,0.009565919841316828,0.00029984176772840376,0.02677500263446475,0.021792137963288605,0.011381529648816835,0.016667029921728527,0.019642314711423303,0.0038151598473129544,0.013087822722598508
0.0046754379063719265,0.028822066116826084,0.03517311444117166,0.013933571600334094,-0.0008122667134893846,0.004208164583836438,0.01836277136660941,0.04396128619737488,0.0,0.03148169990886718,0.014998843091237057,0.037880436853643784,0.072231447967257,0.005022125193646587,0.0004892987711641594,0.007175117996959801,0.018843266834297268,0.021682163330712045,0.02620063948431045,0.00674970055346874,0.006970757365834079,0.03225521786487617,0.022308017347736853,0.027534826347224928,0.052710907907780935,0.049740825642451636,0.02896634343922022,0.048000843777701085,0.0623604838450903,0.06537574868717727,0.046828944612518464,0.059429134799716565,0.02424035359546528,0.04806266575921758,0.046768055754541016,0.030133231385118697,0.030004669230279835,0.044173689688974005,0.03687458368399654,-0.0028726799651610513,0.045641529621482824,0.0415232679219083,0.0512822875467302,-0.0010825980346693687,-0.00036907346595504986,0.0,0.0013430416153574765,0.06778789568531118,0.0010390393887909077,0.038915703112162414,0.037445667291378215,0.04014504824143472,0.03707705589867827,0.03576078257376025,0.002543455945350881,0.0765821920541283,-0.0024864755744202216,0.0313182676433823,0.03441926876303836,0.013161293892322512,0.0008508844949437488,5.551115123125783e-17,0.0,0.05198931213959335,0.022904184191165633,0.000941083370274598,-0.004003345000268388,0.03662333627536174,0.000660054833192758,4.4613689387906774e-05,0.02777530832597558,0.03174884737971029,0.03201600993301268,0.02571937298623672,0.03259064830628133,0.03866804790378975
-0.019149674064313726,-0.0390596140473391,0.0320860500277374,-0.05574867196622274,0.027618015994813505,0.015935277367474354,0.014840700652730077,0.015273232834113415,0.03148169990886718,0.0,0.034640898609687054,-0.0020381422826657447,0.0008301183256356759,0.024578931496809064,-0.0005940165007469189,0.0015954562055065513,0.008608782351788635,0.019421012882243516,0.03635719047493158,-0.009084132390991373,0.014266818553721583,-0.028746624450186387,0.008387598196290147,-0.013205223204518002,-0.0034775525750144753,-0.030367151916572133,0.026482224005252852,-0.011544879285878107,0.024217834793367143,0.0017247017461089476,0.0030950649703591626,-0.03577088585837229,0.0004331023736481865,0.006894190467761074,-0.019379779085494653,0.016084841448652076,0.03782957943816606,0.011022707804063003,-0.03079519700026251,-0.011833864161147456,0.026977277308731062,0.024530333844732632,0.12177429013110008,-0.0009556368097863865,-0.004891133982504514,0.007441750851220508,-0.037625914633440116,0.0011256109637377554,-1.1102230246251565e-16,1.6653345369377348e-16,-0.04402370848675485,-0.011706446929872771,0.0009643580494281823,-0.012341685992713347,-0.007964681976483923,0.011102302851748014,-0.013439620210409231,-0.0007401270212948341,0.0,-0.00017074642935061002,0.021624817852559153,0.005105723740145118,0.026305424714311465,-0.0004925801329463408,-1.0097541576215008e-05,0.00047777575413621154,0.0028335697410820093,0.04589363765635712,-0.019479888943321255,0.011946551123373728,0.006712960286536729,0.005552592615972296,-0.006775434430041638,0.0023640660855327456,-1.1102230246251565e-16,0.007198078179166234
-0.0003703008107349137,0.00020512052923216118,0.015495073737174458,0.04137735550872662,0.02513718083056332,0.05299416700582432,0.03663796497601124,0.025454209995975863,0.014998843091237057,0.034640898609687054,0.0,0.040849371033609194,0.055409075288991916,0.03925609565947352,0.0,4.099649600908251e-06,0.015987933118133013,0.0036689684340448503,0.025693212516124386,-1.8841451590978497e-05,0.0054604364200041555,-0.00029436290018586275,0.02970340966333812,0.04270654870750856,0.012592207072403605,0.025248941221517662,0.05493204994789913,0.04246538014108575,0.0016416348090630972,0.04535120686008437,0.052984072948075445,0.047645451835721886,0.021800594492537906,0.0529906571101017,0.05055556655643956,0.07049457048552898,0.03499148530621693,0.05053624786059474,0.0029169380351016794,0.0002250502619328132,-0.0007737121426359406,0.001201059312404107,0.030213946267117098,0.0005104154646615178,-8.559122273366082e-05,0.0,5.551115123125783e-17,0.012487040700950802,3.306701377825405e-05,-0.022451899340118764,0.027792875508463877,-0.0032596072111474306,0.012971120204822717,-0.059059141237078894,0.01077913775443995,-0.04694170843524001,0.0019159608833103081,-0.003572750635241595,-0.011651278245510432,0.0008295127423683657,0.0,0.0,0.0,-0.1174515638404543,-0.0009000294551601007,0.0,0.014423593266612689,0.023824808535100828,0.0,0.0,-0.022624615593964947,0.0031062355521950247,0.0031680958752219324,-0.009215599296496957,0.0006668341932011268,-0.0026504072695735514
-0.014468018568237873,-0.008607183370857086,0.009164719013447953,-0.07094083744695423,0.03445431903035373,-0.016104708819030755,0.01528465747787816,0.0007007920478395158,0.037880436853643784,-0.0020381422826657447,0.040849371033609194,0.0,0.010601627565185512,0.003798507500397841,-0.00033956750924274415,-0.02724892050114397,0.01806529466415524,0.00286432631209127,0.03332316995146739,-0.07015240479522167,-0.03916333392207444,-0.005758104155105859,-0.03472800990495495,-0.026870432055189797,-0.004234165692311165,-0.061594897533517906,0.02191649471467433,-0.011509192416028546,-0.0007024212295876908,0.002231565399311075,0.014815867111600545,-0.009444898188181894,-0.025516427281619958,0.0023038635217203507,-0.009798288908794472,0.029671060888003364,0.0042577967618033785,-0.015690729932927527,-0.04160173480499185,0.005207060668178443,0.06231975354940433,0.05246579047464972,-0.00046214305220021457,0.0009489801530238595,0.038880690950087615,0.015996859945800412,0.0011981975029500824,0.000682918896959539,0.0,-0.0004299365886247797,-0.003047828960264176,0.013776724376162064,0.0,0.008137230004511942,-0.0009732824994894695,0.04392394333493976,0.00313236541337919,0.020942214357610123,0.0,0.0005122875477086564,0.017047497323199934,-0.0039018892996976473,0.02160357697309273,0.0,-0.0005965697844217965,0.000282920717763091,0.003260236263840699,0.0006290745596407854,-0.024300281843977423,0.003706311203505064,-6.368570333192825e-05,-0.006350124398025958,0.024772334594146184,0.0022235311114419676,0.0,-0.0035288854460093777
-0.0034121820418896998,0.01537807368693328,0.039666958186912404,0.0190171600302404,0.04940136917614146,0.0024952855561624077,0.027745511615491103,0.021419351182411672,0.072231447967257,0.0008301183256356759,0.055409075288991916,0.010601627565185512,0.0,0.016857231095581016,0.02675953863045244,0.017774096728943867,0.015180199082037271,0.028906873702428226,0.056741978302654705,0.019112774737942373,0.006802700621112823,0.02012641214740435,0.008004715375254878,-0.005650161314920299,0.00882132122539242,0.01674139083975512,0.00724020928094643,0.0036126762102497434,0.009103405316099211,0.010021218566500623,0.013185525747493876,0.031249532271259595,0.010393661613487426,0.016448355694417105,0.016827286752638893,0.05357363517638858,0.023149762419324704,0.007176884482108403,-0.005576825776409888,-0.01461308657789101,0.015124108035527994,0.04568755216623077,0.03446899097410455,0.004822825810966491,-0.00048759741062692763,-0.0005359125982417057,0.009761802284664056,0.035348154731709824,0.0,0.04365502450113301,0.034911422022108174,0.0386755000522635,0.017867315245381876,0.03835628352176612,0.0017579536591063594,0.04803278592071042,0.0019475009258976272,0.02177637747467298,0.0007984689030721692,0.009553409559529824,0.0023815961904791183,0.0019058406686732754,0.0031829541537574113,0.0460944822938979,0.012540358894701287,0.008974774796106533,0.009117189762376687,0.02190767122738413,-0.0013180301067691746,0.014606136241637924,0.02341262296671348,0.018623930180571402,0.024532931663936886,0.01629475997229135,0.013947005340529062,0.03239509469291868
0.0028207833335527344,0.0,0.01834266525124645,0.028822158363902506,0.0360757652013875,0.004247988939697189,0.007678019113178891,0.008249807209923465,0.005022125193646587,0.024578931496809064,0.03925609565947352,0.003798507500397841,0.016857231095581016,0.0,-5.9328076009723674e-05,0.0,0.0,0.0,0.031727248885564774,0.00141650681123473,0.0033649368300999183,0.002859688329919008,-0.0015555989393389869,0.003496986859610529,-3.2280008620100276e-05,0.0037510847225416533,0.011968252461369344,0.009155934647658626,-0.07953940322714986,-0.0004781641674343473,0.0042785162565827095,-0.030779732085908007,-0.0007696408283212608,0.057277626635889645,0.0002805303232117362,0.06874772753906877,-0.007125779167821145,0.0022296343991827228,-0.021556513939320454,0.0,-0.0020131024373983286,0.0,0.038611587045094764,0.0,0.0,0.0,0.0,0.04778594392108226,0.0,0.00033896835007091175,0.008630419793374755,0.0014126052592402516,-0.002733913621214279,0.017088759046687385,0.0,0.05614194168706044,-0.00045524240729943877,-0.002158335329043415,-0.0004916728403169257,-5.551115123125783e-17,0.0,0.0,0.0,0.00721913770515803,0.00024300577664337908,0.0,0.0,0.03916313120670478,0.00012030898299919546,0.0,0.0,-0.0011197639752168476,0.0020347038468443435,0.0016818563927825103,0.0,-5.551115123125783e-17
-0.04022213501627736,-0.00790101310223773,-0.0012826185108708588,0.0004413648458988506,0.0007311703450333384,0.038116444093014235,0.020627426743998423,-0.02143752096103768,0.0004892987711641594,-0.0005940165007469189,0.0,-0.00033956750924274415,0.02675953863045244,-5.9328076009723674e-05,0.0,0.003958450525569923,0.003762830960677477,0.01091890878254087,0.0,0.004987148292360133,-0.007418930009626956,0.009473448439372756,-0.004414151424462165,-0.05344206083730901,-0.011053169845670952,-0.01490058396559829,-0.007939030367656419,0.015081957810574587,0.021483660294640772,0.03672805652759742,0.0038511016549647725,-0.006875048668263384,-0.0015845876998860087,-0.006669737854434643,-0.010974005930879938,0.008373644000671754,0.003320561599854943,-0.0006245620828953524,-0.0020147374003042784,0.004165779847948414,0.012279303015723886,0.016563776421509857,-0.023013046440126805,0.0002010912353448413,-0.002352728343242738,0.0020127003762604456,0.0003646208260328909,0.00039204587279101366,0.0,0.0,0.02331056274465959,0.0018789256362535811,0.022523559836497786,0.0009249486656889294,-0.0002198357897729708,0.0,-0.0005360433741447568,0.011238181579532658,0.0,0.023530270682654564,-0.004527021571216039,-0.00034436507063489996,0.006534289127845816,0.0,0.05432338219734445,0.001386656220974003,0.0235552006801526,0.03331770295003467,-0.0008508713559340908,0.0034599062318950158,0.012771279851837014,0.029183311018942504,0.014994196367241419,0.024074001249533072,0.01665273161934311,0.022883558023010397
0.009351513024969837,0.005801553808938209,0.002269200741896793,0.0,0.0343416846449251,0.008234244723945294,0.009069451372441695,0.011241037497653983,0.007175117996959801,0.0015954562055065513,4.099649600908251e-06,-0.02724892050114397,0.017774096728943867,0.0,0.003958450525569923,0.0,0.004904825718688777,0.0031616394961346272,-0.0008223806330318051,0.02454111454043456,0.008954493586117607,0.004816563922775574,0.013607211334172364,0.01345682866178366,-0.006324885048181683,0.011906731594957587,0.020241462189186266,0.026858648698257936,0.02436641670846218,0.014636584852974532,0.005296874644436955,0.00838358261844041,0.01413348925583846,0.005344918057134163,-0.009810969944819725,0.005709311353659596,0.00014816808619233512,-0.0025844029978012717,0.011273413906618623,0.028965134434956297,0.006551108078628354,-0.005446464305884191,0.001603673814932094,0.0,0.0,0.020294997908037404,0.0210346803133053,0.0,0.0,0.0,0.011073275660053783,-0.0008972417472856709,0.0035639857390197816,0.0,0.027548032895154784,0.0,0.01719195227844461,0.010745550437221196,0.0,0.015012425790395023,0.013339405986317832,0.030207228510625683,0.01564885557009532,0.0,0.013020566901277342,0.01218344885573508,0.013090473175607076,0.007858735864264776,0.06483845287913326,0.018102172675704298,0.015330730808732262,0.018402696280214015,-0.03798933598876092,0.0034385846142412357,-0.00011394036753975545,0.004779936194294454
0.01361687298536629,-0.013913281176858527,0.017858265424039177,5.515627985885896e-05,0.025241105831322663,0.0006783041579000448,0.017113089012503913,-0.0074128346101279274,0.018843266834297268,0.008608782351788635,0.015987933118133013,0.01806529466415524,0.015180199082037271,0.0,0.003762830960677477,0.004904825718688777,0.0,0.017827070268248146,0.015037537885668473,0.018151497111570825,0.011527309089481186,0.013654053237130814,0.026307430021734413,0.02239162097540348,0.027753975714299495,0.019531102651762944,0.02033708550618002,0.013240864243183381,0.032754774206102455,0.0016565721011669865,0.0339714002043221,0.023136662826068577,0.034140364893641084,0.027740151201020802,0.011940797827808713,0.0007026957550298474,0.00010300471580027004,0.03700897900367711,0.020450035614813122,0.006579603709347903,0.00918443988840989,0.027431339028158308,0.0,0.0,0.01396658496855313,0.005937780599219511,0.023850247116232404,0.0,0.0,1.6653345369377348e-16,0.0005577522473351193,-4.8864575742046945e-05,0.0,0.0,0.0050464000574942935,8.672150487393226e-05,0.005865260042784981,0.016120115868764218,0.0,0.0,0.0375573666385704,0.024837027980762094,0.03518418139005225,0.0,-4.3665564044503835e-05,-5.551115123125783e-17,0.002440981482708604,0.0016558059508609002,0.009307250308535575,0.02795287645377087,0.01928890075630807,0.0,0.0013294759131295408,0.00038511060149887255,0.0,0.024478266881093058
0.019092062414340583,-0.004619273687911152,0.001734355240905705,0.0,0.0038444274460734396,0.027284903832330454,0.02917442807830828,-0.007932134804308155,0.021682163330712045,0.019421012882243516,0.0036689684340448503,0.00286432631209127,0.028906873702428226,0.0,0.01091890878254087,0.0031616394961346272,0.017827070268248146,0.0,0.013933675235556608,0.032333533757080035,-0.010884463506241782,0.02597421729839805,0.008552375441761961,0.0006910845227888207,0.0058112657848417015,0.0011609603291353743,0.03161395007366735,0.02873644382485252,0.04654133829573737,0.008780606563613014,0.017720930917111466,0.008978902830379998,0.026871727730390704,0.014453723199414403,0.0041010838303585095,0.0032040825724273247,0.0,0.051525903531670914,0.020753269354960913,0.013190139448935434,0.015029319490336035,0.012604789857871002,5.551115123125783e-17,0.0,0.0013025133230176178,-0.0014096521196829692,0.02901478703257232,0.0,0.0,0.0,0.014141558243327412,-0.0008059540368874907,-4.932967161619395e-05,0.0,0.0032346851354217443,0.0,0.004958175419300215,-0.01955891355187922,0.0,0.008444408596104402,0.018655666170422913,0.021123328321351054,0.024733211898832486,0.0,0.014614994751309118,0.048594077317081985,0.007856702564608187,0.01995307494582993,0.018454151411852693,0.024074591476776763,0.01920471278842284,0.04618997608256742,0.018873226073434335,0.011893720114566575,0.0,0.021586574138482917
0.0,0.00021551494604021837,0.01795472233921175,0.037465786598955164,0.009660788324789338,0.042712344910464606,0.03862650064553419,0.03136685338023443,0.02620063948431045,0.03635719047493158,0.025693212516124386,0.03332316995146739,0.056741978302654705,0.031727248885564774,0.0,-0.0008223806330318051,0.015037537885668473,0.013933675235556608,0.0,-0.001473857638619347,0.001991346986957354,0.0024117015534518838,0.02297222775950808,0.04013614654229741,0.008017428219437128,0.01400894830756011,0.055703567467481285,0.050452553078633,0.0005370105885211807,0.048944641568080705,0.05038932909010352,0.05121270343023271,0.011592759281293552,0.052653224341796145,0.05559853547303073,0.0472468315120354,0.04252598214892095,0.03441924931558643,0.014414207680129798,-0.00015250610268402465,0.02744484074221154,0.0012390671164597133,0.04853831493731836,5.551115123125783e-17,-1.6653345369377348e-16,0.0,5.551115123125783e-17,0.13618767707939283,0.0,0.03271785043160769,0.04168793927210135,0.04106544476246232,0.03943929946097857,0.03840755380952854,0.0009334208412205003,0.15586281288304582,0.00031445154110404383,0.03433265511864403,0.030049506681984806,-0.0009566849868573035,0.0,0.0,0.0,0.06840204426427887,-0.004799781579773454,0.0,0.00510588545975732,0.031618343239259605,0.0,0.0,0.002073565656299181,0.02066249219140659,0.04230037796103581,0.013770388292597635,0.0016447036905981038,0.02651588838032448
-0.02058545355248681,0.014902165942887846,0.004653574686772244,0.0018215172968932825,0.011259039709129837,0.011221905759478845,0.015874437682711295,0.02018484043578639,0.00674970055346874,-0.009084132390991373,-1.8841451590978497e-05,-0.07015240479522167,0.019112774737942373,0.00141650681123473,0.004987148292360133,0.02454111454043456,0.018151497111570825,0.032333533757080035,-0.001473857638619347,0.0,0.036686690840976754,-0.003184660041311904,-0.0010367690498840898,-0.005858663159859945,0.008465910630934048,-0.0037379523922632107,0.005289958777451531,0.016609245070407175,0.003960839932658888,-0.0166903619742213,0.010824887035188357,0.013272282778073019,0.02241387640088338,0.011907869951367389,0.012130443967663773,0.015869765255332124,0.028902125224759045,-0.0030794591696374773,0.015678111493629243,0.017830192663862876,0.041723046526162655,0.034494456085080616,-0.011720258711079123,0.0002494444581937483,-8.10608064801821e-05,0.004989123764217618,0.014021313523038703,0.018667412025210217,0.0,0.0006222288276166998,0.03546394473322284,0.018842139880981323,0.032895629872986554,0.028689870002569506,0.0007002727302563572,-0.001957831033034041,-0.0003209344229541111,0.024587516836447998,0.0,0.047062483189992066,0.013217463623986625,0.00024700848041336876,0.02190195489574459,0.04882648235021669,0.045404055062699566,0.041879109058900243,0.04524608008633868,0.03629958041082443,-0.0022788544865513516,0.020948993797802906,0.029591724147056908,0.0317607166283469,0.02526822237451415,0.026402992136431602,0.019664994971204774,0.030033148685008892
-0.011771147998688336,0.0005340871049481222,-0.002525496692747209,0.0002558864634287783,0.0032761865938693013,0.015553452416996405,-0.0050690723217958755,-0.007143203921370689,0.006970757365834079,0.014266818553721583,0.0054604364200041555,-0.03916333392207444,0.006802700621112823,0.0033649368300999183,-0.007418930009626956,0.008954493586117607,0.011527309089481186,-0.010884463506241782,0.001991346986957354,0.036686690840976754,0.0,0.01581382569470452,0.007181433964212169,-0.02680699411120374,-0.005712652984553757,-0.0007166269302348316,0.014446971807962394,0.002392344992530604,0.008177578342296432,0.007984683734989506,-0.01344722232766915,-0.0010032925991019237,0.0007423638026015089,-0.0170171779274928,-0.020879712679286566,-0.0012173516118474947,-0.0005310259400151951,0.005017225890601884,0.039396055165539456,-0.014847558034156272,0.03304247033005547,0.006319029443870305,-0.0025340167154018767,0.0,-0.0003462198805467276,0.0060329708012789585,0.007594834415320495,0.0013461914296787336,0.0,-5.909468345322022e-05,0.01205074208007234,0.006002273478342479,0.0438913438070781,0.001007474851818957,-0.0011915390638967405,0.0,0.00022795736152669832,0.015660989127930625,0.0,0.0001190273807187836,0.008565443322682997,0.0,0.0036816944206167768,0.0,0.05090458700152278,-0.059387948523722034,0.01706553811412337,0.0325716046150214,-0.0016625306849080146,0.018157973299530894,0.009230275760016338,0.024355943837873928,0.0035064874210698482,0.03335405773682648,0.00702043628587834,0.01038012057559401
-0.006767696199607209,0.0010541172525375675,0.004351755021080372,0.00326525946737255,0.013192603090133592,0.016503797754807203,0.017104644206775488,0.019078105245841415,0.03225521786487617,-0.028746624450186387,-0.00029436290018586275,-0.005758104155105859,0.02012641214740435,0.002859688329919008,0.009473448439372756,0.004816563922775574,0.013654053237130814,0.02597421729839805,0.0024117015534518838,-0.003184660041311904,0.01581382569470452,0.0,0.0019332728620592987,-0.022089286125408447,-0.01126937340650741,0.003750234668158714,0.01229773358005709,0.032218333799004795,0.013616792950701284,0.027871295316552247,0.006371652519585991,-0.0012345011806478845,0.022039703276064915,0.004582914259644744,-0.003963056943382337,0.0077632840040946505,0.00470204747559505,-0.03955249904735614,0.00868994592028649,0.0009568595659024681,0.019388518676193567,0.008407560950303483,0.003981617577555996,0.0,0.0017085893359958249,0.00048340623033088503,0.012493641118205445,0.026396874774785417,0.0,-1.8225137396410407e-05,0.010760612963993554,0.008676960665720657,0.039041795984296246,0.04629869196690356,0.003394979047182667,0.0,0.0015374196481958702,0.01409586528521034,0.0,0.025544471758846554,0.007786656805466863,0.004869527732886403,0.01619366577577036,-1.1102230246251565e-16,0.06248814484982185,0.019391910702869053,0.022679707026740104,0.03952886493231178,0.0012959273408704175,0.013277167469880058,0.018220556104383445,0.03397757587405992,0.013153826837990101,0.039357226350400565,0.032530333709828385,0.011155862359555735
0.0034674121947543823,0.023078708439613127,0.019302067735694206,0.01175591811724419,0.02133268478581296,0.0015236782786075542,0.005154167033642021,-0.012891974539499862,0.022308017347736853,0.008387598196290147,0.02970340966333812,-0.03472800990495495,0.008004715375254878,-0.0015555989393389869,-0.004414151424462165,0.013607211334172364,0.026307430021734413,0.008552375441761961,0.02297222775950808,-0.0010367690498840898,0.007181433964212169,0.0019332728620592987,0.0,-0.008976969049647177,0.01181299377232009,-0.0046207759876910615,0.00011519828952966105,0.0169198678179302,0.005430702698389522,0.004226114290616145,-0.0005914499597135525,0.014910449878999976,-0.006836384684137553,0.010867430826828006,0.012254311882582192,0.002138306131584,-0.011212700223061756,0.014615817888536942,0.01086779184307074,0.00023521186395086824,0.025584320695824614,0.02996764475579705,0.016246093378332882,-0.002249947096171212,-0.00537969745307737,0.0017235285285717161,0.008249606367862983,0.042213940430331,-1.8399157909743113e-05,0.024264612242257177,0.022147944253895657,0.02257748812550775,0.008559663711795562,0.020191953407313834,0.028537119187513116,0.047549238859111054,-0.009138609129946962,0.017738619475749506,0.019031905398873006,0.021832979548767173,-0.001048095055903031,0.00035985657971893126,-0.0310994250506193,0.063220742602773,0.024076173904444553,0.0036403265147623154,0.015403277352161238,0.014587842305791243,0.0008807967591664689,0.0027698058898608102,0.009602107766234214,0.012808696752118487,0.016894594467176116,0.014832712095461276,0.00982263843237885,0.02052434831722738
-0.026496251350021205,-0.010658382969308433,0.02473914546447059,-0.06905788209622335,0.038955460347006365,0.012077920361981631,0.0009743061783315521,-0.009972154533045507,0.027534826347224928,-0.013205223204518002,0.04270654870750856,-0.026870432055189797,-0.005650161314920299,0.003496986859610529,-0.05344206083730901,0.01345682866178366,0.02239162097540348,0.0006910845227888207,0.04013614654229741,-0.005858663159859945,-0.02680699411120374,-0.022089286125408447,-0.008976969049647177,0.0,-0.03533365067392702,-0.03324398630400249,-0.005387411381347962,-0.022666029686118527,-0.01724869772271187,0.003355595241323006,0.010861543419182162,0.0007590167720076813,-0.013152695628798061,-0.010808124397083785,-0.023653382035368042,0.02800962005324703,0.009941790889866464,-0.010601544003189023,-0.03430684638538556,-0.02026732917415125,0.010126611223371107,0.05859114691373557,-0.02475428951991826,-0.00013963236001607315,-0.02123621852329416,-0.016466690556490693,-0.007685335877864907,3.946678258764935e-05,0.0,0.0,-0.0015196762174802814,0.0010850866521510127,0.0004113905544977925,0.0004347138140635698,-0.021258302901302983,-0.0008932659711841096,-0.02873671282479595,0.0038231442549049865,0.0,-0.001579798970338886,0.0025906721871152283,-0.00822243962644037,0.018315725603096078,0.0,0.00126911180804401,-0.004142000182320527,0.05359133590920373,-0.0016869135421200276,-0.04652136340703872,-0.0008339618709397589,-0.017598051560562156,-0.0013174383516616484,0.0023536971516523453,0.0018518531308235886,0.0,-0.004508241075536434
-0.014083738641173127,-0.014854694572767113,0.04267553321618239,0.0,0.02807921198667024,0.014357116890460264,0.0029053371358070956,0.003726316707217292,0.052710907907780935,-0.0034775525750144753,0.012592207072403605,-0.004234165692311165,0.00882132122539242,-3.2280008620100276e-05,-0.011053169845670952,-0.006324885048181683,0.027753975714299495,0.0058112657848417015,0.008017428219437128,0.008465910630934048,-0.005712652984553757,-0.01126937340650741,0.01181299377232009,-0.03533365067392702,0.0,-0.014435912514620619,0.011656217449863893,0.006985139962967957,0.016445031305779234,0.0033280551736155073,-0.01039570448648719,-0.020262971166880694,-0.004775401594548423,-0.006016433347690531,-0.024731044616727094,0.003422994457069617,-0.00021944242588284313,0.005340724810398767,0.019348925524473704,0.00463685310928208,0.013930199071235272,0.004578211327332049,-0.0004916665866244174,0.0,-0.010031444252460997,-0.008189962930102546,0.02008556696599123,0.0,0.0,0.0,0.015648769168547128,0.011032351681467545,-0.0070172814078355294,0.037325585628887936,-0.0017425175413194327,0.0,0.0030520180154391396,0.011973887175293296,0.0,-0.00010143677321056144,0.02058006996009809,0.01147653875466531,0.021783557009085963,0.0,0.0102798364576705,0.0003666599416254357,0.0066172393139893315,0.00014878660138112343,-0.005111246420557103,0.02314234753261285,0.012586979446413682,0.011971649344674151,0.010456656428528499,0.01482540635644053,0.0,0.019879989380309437
-0.0023583042484112138,-0.02080545149301255,0.026642269220631676,0.0016000988776013747,0.021097984660619684,0.03320941660819271,0.018885835373895765,-0.004127964776282411,0.049740825642451636,-0.030367151916572133,0.025248941221517662,-0.061594897533517906,0.01674139083975512,0.0037510847225416533,-0.01490058396559829,0.011906731594957587,0.019531102651762944,0.0011609603291353743,0.01400894830756011,-0.0037379523922632107,-0.0007166269302348316,0.003750234668158714,-0.0046207759876910615,-0.03324398630400249,-0.014435912514620619,0.0,-0.013479760417292763,0.007253352535102453,0.017345369836830882,0.03079563259350193,-0.007414742983794742,-0.005037029747400612,0.002481576512957384,-0.003906481867627043,-0.009613847113702723,-0.015896101745734637,-0.00042816206724499706,-0.016593867280230323,0.0028270178265441537,-0.0015322262558251643,-0.0036911209508699305,-0.008439850570502838,0.015952283395224143,0.0,0.007731465330315934,-0.005794406725988355,0.007142505717874503,0.00044375533113405474,0.0,0.0003733848797453643,0.014100922047544984,0.004107249955161263,0.014409226191728186,-0.00015599861326526243,-0.0065111189288333815,0.0001494698146830009,-0.007087096990714803,0.001131082584945653,0.0,0.00909051270459893,0.011591672038307854,0.007061836435732882,0.023351783161002337,-5.551115123125783e-17,0.05372231179997372,-0.007536599910197173,0.019537539795685566,0.018099040808926603,-0.029307276944510963,0.01610489641698648,0.007654109385812791,0.0184023538490502,0.00032744115157085085,0.012738990512092707,0.03404549984428912,0.005731402121661955
-0.00987254324119985,0.029433505858232067,0.02535772921574897,0.07450957082435733,0.038948903836905246,-0.008238314596758278,0.007207118363520448,0.016315383070164557,0.02896634343922022,0.026482224005252852,0.05493204994789913,0.02191649471467433,0.00724020928094643,0.011968252461369344,-0.007939030367656419,0.020241462189186266,0.02033708550618002,0.03161395007366735,0.055703567467481285,0.005289958777451531,0.014446971807962394,0.01229773358005709,0.00011519828952966105,-0.005387411381347962,0.011656217449863893,-0.013479760417292763,0.0,0.03132932149520057,0.010900289189371637,0.006650559763627162,0.0034740309192637375,0.03027448834871882,0.019182616631321092,0.01770519568705542,0.024297301237214852,0.018788332011942077,0.027289662572809625,0.03471324680074861,0.026750874749258413,0.005796933718759112,0.03311934108242365,0.032791510011205505,0.030245670484364995,0.00030801608906888545,-0.001632297231591029,1.7406578834922026e-05,0.014529794190852874,0.04565394790041066,-1.6653345369377348e-16,0.029479188454279215,0.0334887395556448,0.04105104887969235,0.01561919189209876,0.03614670810220666,0.006892321025382286,0.0509196011537737,-0.0011818262847872463,0.026181758565276936,0.04594604065786689,0.027672706924370516,0.0024577402554272765,5.179005501759759e-05,-0.009540541574673989,0.036994586789716566,0.029149567400284793,0.029481615273953654,0.024877208358952962,0.021308184993674706,-0.0005829718635890768,0.011207435737219829,0.01442530726044755,0.021322070154939143,0.021111768992121194,0.022363531890581267,0.019304528425890033,0.02750354077003392
