0.0,0.011250710312146861,0.002812099978099447,0.0,0.0003452837950946308,-0.005635385221699207,-0.001969684433222152,-0.01202108666361923,-0.007125526989640307,0.014197724926273192,-9.110003904616581e-05,-0.009593388621837784,0.019354975925445328,-0.002971696243494526,0.010393733009420758,0.00039064458059556717,0.032009954511644734,0.009859413823596397,0.0,0.010876178057972918,0.012564264345983955,-0.0048550910656735,-0.011038432789690245,-0.00433579491645758,0.008306305410152537,-0.014517714399019055,0.018329592823793595,0.008036092976802467,-0.00023457181584024545,-0.0031320161188942985,0.005632271382722653,-0.0016017547040272917,-0.022207229069916123,-0.011322503918528182,-0.01646105504666656,0.004951443584916282,0.0,0.028084432310629515,-0.003892836693582702,-0.022723761965662892,-0.00725466458538343,-0.016370158128250545,0.0,0.0,0.007542174556917136,-0.031055719360384093,-0.004422279091823245,0.0,0.0,0.0,0.011268488827547496,0.0,-0.002268046123371892,0.0,0.0005656483856190664,0.0,-0.0022202449855777684,0.0048929991578886,0.0,0.003937825091270997,-0.009148881570313183,0.034890928581414404,-0.0171593835699545,0.0,-0.015233020070664738,-0.05945097084966616,0.012863572312981797,0.005097489580821124,-0.060693531888525276,-0.01022179766768222,0.0021349763649622933,-0.013432336656956312,-0.00046967105956163824,-0.0037188917933944077,0.0,-0.003438728388429957
0.011250710312146861,0.0,-0.007240367376630696,0.0,-0.005392565285798678,-0.001174442478915294,-0.000995299371699232,0.01739720272466222,-0.018800429133371932,0.03960688865916712,0.0005045845677499883,0.0047501023295317135,-0.01044961159392277,0.0,0.011231391113793954,-0.0038429980250704876,0.004628097684886201,0.0024180321647064296,0.0024384333374358746,-0.009417559787527785,0.0022172536019999245,-0.013585011944386494,0.009946812651617287,0.009934093440097158,0.010566140260887036,-0.014129750686418308,0.006009346852289155,0.0027831282702666105,-0.007107675980827066,0.0036299456296676746,0.007984367969326556,0.0013980482215283363,-0.009595924949189483,-0.008257962222424198,-0.012143614797660018,0.06143141839214061,0.01719260418929247,0.0003702974716274232,0.0038721831695931463,-0.0017464068093494545,0.006413132137235433,0.008791513214547353,0.004051506391993975,0.0,6.66931709980556e-05,-0.00030736580351148346,0.010351771965948942,0.0033227015466326115,0.0,-5.551115123125783e-17,0.0011195993624170675,0.0021854726545692538,-0.030079898358504942,-0.004217245237320977,0.006540973049222243,0.0,0.00149891737069352,-0.0031290042647219574,0.0,0.018449507524819775,0.007855778216817655,0.010398108223673874,-0.006015711771099663,0.0,0.015802971316886794,0.018664557250585745,0.020244060384325968,0.024348274409136283,0.0043941850860355625,-0.0009302398195699668,0.013819450820439727,0.017342080118257885,0.011145182902460415,0.008902615121822222,0.0004962039714980215,0.005588536630526719
0.002812099978099447,-0.007240367376630696,0.0,-0.003383572014339198,0.013736097044068807,-0.01117707685230468,0.008288591357175079,0.010433023475807934,-0.007824257779876442,-0.005738598871720124,0.012474603248864069,-0.019724631664793157,0.0054776868180240745,0.0053870413584690136,0.0009350067457346567,0.003321895344644943,0.0038004975760717596,-0.008247689928434387,-0.018309324967117346,-0.00877857296917639,0.005778272105352866,-0.0014540945258236793,0.019492587152581065,0.0004891403787362081,0.020028132716531533,0.011366297052372631,-0.035172198579926484,0.0023282250858696063,0.02612761572625727,0.015818764305180144,0.0020428582109237037,-0.0045046129593087625,-0.021978875445959056,-0.005220171825052078,-0.009001375980048132,0.011418575716933499,0.006481435803524838,-0.024943588177474996,-0.026152955578675363,-0.002674023099701772,-0.0029050334385101184,-0.0021402173924375267,-0.01888618716941287,0.0015727249132519439,0.00013031502456839483,0.0,0.0016753441069397579,-0.07012732667181115,-0.0002893012940672346,0.0053957922595727625,-0.00950068820704364,0.0015478769959010874,-0.01694950253919203,-0.03026411000686613,-0.0008923517265944092,0.0060583718434754075,0.0002555533901189011,-0.002312835682801051,-0.014289108441420673,0.0012020599369357288,0.0005073129114642194,0.0,0.0,-0.1328554985931834,0.010715411280801668,-0.0009726598312286838,0.01213879719745109,-0.003564459551646193,0.0,0.0,-0.0018679119747393447,0.0004008933934899206,-0.009605905638967793,0.006462804024648938,0.004214283463875423,-0.0076801661243818264
0.0,0.0,-0.003383572014339198,0.0,0.011754956293326402,0.03489733899885866,0.030919741971226544,-0.009245650801543936,-0.0024895933878786858,-0.01858436251664053,-0.011460778674640126,0.0018325249542101019,0.021232723142521837,-0.021383767105529805,0.011733630003444295,0.0,-0.00028283165493803164,0.0,-0.001185464441725903,0.003496432993150944,-0.000782916861426397,0.011225873225139349,0.03913536193891354,0.0003102912079587239,0.0,-0.009988106343026937,0.06021769805355415,0.041162766039918086,0.028366577830990003,0.00020513832805141297,0.013367934934973735,0.08451649133967465,0.12376532135099433,0.031426746397002936,0.02058734306811205,-0.024386550154726322,-0.038750849447208885,0.0020776893720926837,0.001051704578175272,0.0,-0.000798261638930986,0.0,-0.0004076000228449561,0.0,0.0,0.0,0.0,5.718605077498218e-05,0.0,0.0,-0.00010499305489414246,0.0,0.0,-0.00013387990837759878,0.0,-0.0001370592308200802,0.0,0.00010078483745390443,0.0,0.0,0.0,0.0,0.0,0.0,0.0,0.0,0.0,0.04142269872990034,0.0,0.0,0.0,0.0017543305969999756,-0.00013122572299872903,-0.00031618268851707487,0.0,0.0
0.0003452837950946308,-0.005392565285798678,0.013736097044068807,0.011754956293326402,0.0,0.0048084404676735915,0.020945763324569988,0.03755150007804925,0.012744648169765282,-0.001975636293596039,0.025132176611920742,0.015557575092096654,0.021406572652776068,-0.004640938396818117,0.002119058415712194,-0.00564490483878638,-0.004636779079187359,-0.0032130713241310116,0.018777821294141572,-0.0068664971824080046,-0.0008893347074567792,-0.0006004219254452381,0.014891644543352511,0.011485800077522701,0.005060065039117767,0.007455780364250153,0.0016631354084135075,0.026350972469626865,0.02396554283106933,0.026863442892141154,-0.0004872815960235144,0.021000959277426345,-0.023488936509935332,0.00010185245302041235,-0.01350304712262479,-0.0009903363411282728,-0.028808404411557187,-0.021231697169400265,-0.011016956966880986,0.002434689046371674,0.007284087461348454,-0.004607899681966843,-0.008135877928394541,-0.00014076374666888158,0.0011156865501770197,0.0,7.416811528193623e-05,-0.005937295098093709,0.0,0.017167542426837934,-0.00462966203709636,-0.003999102977811253,-0.02378289370062464,-0.009722090002343475,-0.0005476471896193047,-0.008481103818563651,0.0006452042772038813,-0.006917253361900744,-0.030360261802502453,0.002448521728820152,-0.00031184871981887463,0.0,0.0,-0.01127480361251193,0.003846192766725931,0.0,0.005978578804308854,0.0008268347717402813,0.0,-0.0002371311191873282,0.002333082063296632,-0.007706050386342755,-0.006074155778485246,-0.0005272845084700051,0.0040820284133264995,-0.009502384448983991
-0.005635385221699207,-0.001174442478915294,-0.01117707685230468,0.03489733899885866,0.0048084404676735915,0.0,0.014642859121939078,0.0008412200594987707,-0.019271965210463426,-0.0032442310336622815,0.0239932000550524,0.002925170922287057,-0.001694799523046575,0.018680115718962498,0.023068310539873793,0.004126836646516696,0.016161642120602338,-0.008577387773253786,0.009723976361667164,-0.011871232981004065,0.0048865916989092595,0.0008443888435192837,0.008280218086763491,-0.0007138614253675568,-0.009148681303250417,-0.011169037921358704,0.004873016772166505,0.0020965953252198855,0.015261661677948624,0.007462102145744776,0.007703951149568622,0.003159909076030143,-0.0015883403978217414,-0.003725377836537813,0.0005744965522762602,0.011048107839396581,0.006121598680641216,-0.010144634491726867,-0.014574955414236146,0.006056521800904213,-0.0011234609837842413,0.0008871619670867137,-0.03856729773247397,0.009433248406949646,0.0022870842802216185,0.005889827915071422,-0.01029370344478081,-0.007755093743375352,0.0,-0.0020668767578359004,-0.011961842875286566,-0.0074192130766116415,0.02018549234645539,-0.011214271258667918,0.0011259651270801863,-0.02310113681339704,0.001964729325964587,-0.012550543517393709,0.0031492364249198213,0.00022168187468568634,-0.011470435556012792,5.551115123125783e-17,0.0020294439758282157,-0.01419806590071715,-0.011350224738705728,0.012716121888876275,0.008985725218441765,-0.002516687989881694,0.0,-0.030472369302682767,0.001324469578820875,-0.008153671807761331,-0.007770850214552094,-0.014427786852521662,0.007918798979872577,-0.0041836302884609156
-0.001969684433222152,-0.000995299371699232,0.008288591357175079,0.030919741971226544,0.020945763324569988,0.014642859121939078,0.0,0.002025951278082083,0.004443882350950279,-0.0018184631991174371,0.008215038017888476,0.030226547467300358,0.0011999418698789843,0.0031592518517385426,0.015723023473780073,0.0034041444727753722,0.00661694516681649,-0.0021324477625968563,0.01031102836586495,-0.0011242722308504871,-0.01721707975929787,0.005986885105616013,0.0015132967041848744,-0.009950367156876694,-0.007852416896869385,-0.004221974553808072,0.008060985353227468,0.008976814394106969,0.011163147928525352,0.008169533790205075,0.003440883664588057,0.008489582105953575,-0.0014340921278391816,-0.002217979766033773,-0.008442553852867796,0.021159777377695643,-0.003814676827433472,-0.021308695568477143,-0.012016291163985171,-0.00042833285430537993,0.002070429050044287,-0.007977130658830878,-0.039817054385895,-0.00010679812332842209,-0.0004804270209447514,0.0005611323472848873,-0.012578323412544112,-0.011498232703142763,0.0,-0.005755279791874068,-0.011542929247317146,-0.004122655916293239,-0.014829414511014216,-0.011340043761692842,-0.002325144167693083,-0.011624482511012224,0.0037516747104563986,-0.005522467592263602,-0.026103948969983026,-0.01025704752226747,-0.0015364277835601126,1.1102230246251565e-16,0.000497353555166169,-0.009203957148187336,0.025534555248615032,0.0038890974408079537,0.002157980412139937,-0.004190973517679719,9.716348636590322e-05,0.005074574391812081,0.002591338475191829,-0.009553158755878255,-0.006080929875324159,-0.005695362969049211,0.010512079622433057,-0.008288860311872592
-0.01202108666361923,0.01739720272466222,0.010433023475807934,-0.009245650801543936,0.03755150007804925,0.0008412200594987707,0.002025951278082083,0.0,0.0008669800503575686,-0.02888708213125679,-0.01891487051302193,-0.00712258921070813,-0.007535526125195036,0.008699416131564053,0.003503933548966609,-0.009776636812793948,-0.0008363384404566632,-0.01403706687101125,-0.017500445486650695,-0.006528615408765981,-0.02062899268392704,0.003808747182640515,0.003764564256498071,-0.010246226818654947,-0.007966504501012828,-0.0175500736595961,0.01459832488887064,-0.007818670914661985,-0.013281278040122413,0.00429125682728404,-0.0014831466320792686,-0.015848490406016602,-0.002544873559348404,-0.007873557555319322,-0.02305950343654284,-0.020339762677536843,-0.011619104525543156,0.01002704780958208,-0.03531236765866996,0.005340577757015019,-0.020548812484753487,0.0006471740824200989,-0.012359359648963564,1.3075699621167836e-05,0.00017308601124882417,-0.004188114110033003,0.008165717714011367,-0.030116669979757038,0.0,-0.023373955675746294,-0.01498949694876689,-0.01214212852655383,-0.01157184919331139,-0.03448399541238523,-0.0005378581718451514,-0.04503924473388121,-1.1102230246251565e-16,-0.019602905528907977,-0.026181749941038446,-0.017968549445060766,-0.0017392755329525,0.0,1.483997208456822e-05,-0.052572782484626046,-0.024335383642670294,-0.19330430068907273,-0.025833328891159746,-0.021499311794057452,-0.001494020217154557,-0.0015724466759476363,0.010602319296027118,-0.015048518027457047,-0.02172844052239231,-0.013155779390744748,0.003634930306565809,-0.018551004820436867
-0.007125526989640307,-0.018800429133371932,-0.007824257779876442,-0.0024895933878786858,0.012744648169765282,-0.019271965210463426,0.004443882350950279,0.0008669800503575686,0.0,-0.009073395219079072,0.0033154854446582616,-0.001723372107387544,-0.010733062511103786,0.005703831754010902,-0.0006068914064146225,-0.02035036069277446,0.0022791810706693227,-0.0004624102048186862,-0.010365573367483005,-0.03501484512047853,0.004791683201011587,-0.016559510859115667,0.0023134863079838364,-0.0004910875696788053,-0.024107029949672676,-0.03548106619664715,-0.017688330571841382,0.0011364697812968894,-0.003949199281496951,0.010671468176712773,0.0012847287819917064,-0.006968681982451874,-0.017995911604880455,-0.00269978001548582,-0.0034794139197291685,-0.0016118834577488195,0.000766095307163206,-0.017266557012315942,-0.02225930686608879,0.002895265565251104,-0.0011679672511411,-0.006637074122348263,-0.006188639231767379,0.0002267170924848405,0.00515843111737696,0.0,-0.019550517313212223,-0.011201246966312528,7.955447051177789e-05,0.004142629404277787,-0.013402300874480022,-0.008026280022020327,-0.020436897266845444,-0.012897270584414477,0.0003043099623659673,-0.018890117209091728,0.0016915103184579339,-0.00885498502828086,-0.024519162138769035,0.008611073774478561,-0.0007401100111513181,5.551115123125783e-17,0.0,-0.015709150860495402,0.013550384518669023,-0.002800162338282952,-0.010152912745934661,-0.0070564152735524965,-0.0007626647310281509,0.0013809693162444847,-0.018316798505920606,-0.016302682786489053,-0.009342378163101017,0.002372239395918352,0.00945000865005452,-0.011108415189357124
0.014197724926273192,0.03960688865916712,-0.005738598871720124,-0.01858436251664053,-0.001975636293596039,-0.0032442310336622815,-0.0018184631991174371,-0.02888708213125679,-0.009073395219079072,0.0,-0.003417910622087683,-0.02093736686291031,5.094494767121649e-05,0.029590099618645727,0.004249297631080895,0.003910564174133935,-0.023836955476934263,-0.0015098969563817066,0.0006068272043449618,0.0018471036643952776,0.006299159303996549,0.009186582664445386,-0.01457186526668891,-0.0031747316942666304,-0.004905813045420038,-0.04595628441756028,-0.006625555599744315,0.014301691349603296,0.004563587525247881,-0.006895352447707226,-0.012439488981315139,0.013340572004591378,0.004039932911606259,-0.0035809177844835505,-0.010750937720678144,-0.025335416634671926,-0.04346408456195655,-0.00477344413408487,-0.03622559720394153,-0.03599361446296173,0.01006436827337559,0.002006059217619538,-0.00645824326747102,0.0009488970134503005,-0.023127960628735955,-0.004135747136242873,0.0027499354150369304,0.0025393088508631756,-1.1102230246251565e-16,1.6653345369377348e-16,-0.028717763222004367,-0.003272254244208128,-0.0008793665001740614,-0.0025138063727982995,-0.01732918966303032,0.0009614573785426961,-0.021264027698379484,0.02071314059311985,0.0,-0.00309342023293957,0.009163076069207632,-0.0030039242065941774,0.008459928026047114,0.00012223149950718604,-0.002653825504917884,-0.00011503807544765987,0.00042494902573564364,-0.012014179665545632,-0.007341852609765553,0.0035153216316774483,0.004271153960689278,-0.022466226647130494,-0.05544476535731263,-0.002099675554137037,-1.1102230246251565e-16,-0.009908540939315091
-9.110003904616581e-05,0.0005045845677499883,0.012474603248864069,-0.011460778674640126,0.025132176611920742,0.0239932000550524,0.008215038017888476,-0.01891487051302193,0.0033154854446582616,-0.003417910622087683,0.0,0.004307490226668931,0.0032885610798499276,-0.004554417084763618,0.0,1.5534997632404846e-05,-0.005620120449428612,-0.009073763194756945,-0.004788938518165253,-7.139681054735281e-05,0.0038211206321677738,0.0011546527143788676,-0.049242371624891756,0.01413930382065498,-0.009821486541314983,-0.0034587223156652414,-0.010906902267182494,-0.0008959483219663777,0.04285959851679877,-0.003380997004129249,0.001721665291118446,0.005406216393028074,-0.008950648486473589,-0.002591352205590536,-0.002444861937622722,-0.029851448520175128,-0.031117318820078788,-0.027623526812753818,-0.049923961465146605,0.001054277893243416,0.0026442654199447246,0.0004704792251117862,-0.006530961389239143,-0.0015441626741186654,0.0037570580242156093,0.0,5.551115123125783e-17,0.03314689202843951,0.00012530241137204134,0.001276887900006185,-0.025860719245297425,-0.005999517148473021,-0.03095276344762582,-0.007035302817413935,-0.0027371053990027927,-0.055800706992851945,-0.03898416620454198,-0.0022228433650857693,-0.020406124720207863,0.0007394195468011233,0.0,0.0,0.0,-0.09162632003279131,0.004158850264976033,0.0,0.00028039125717249647,-0.018312562884150785,0.0,0.0,-0.00022428626280013297,-0.024345366174095384,-0.002948667493387791,0.0051908203933768715,0.0016060329701488851,-0.022436141566998746
-0.009593388621837784,0.0047501023295317135,-0.019724631664793157,0.0018325249542101019,0.015557575092096654,0.002925170922287057,0.030226547467300358,-0.00712258921070813,-0.001723372107387544,-0.02093736686291031,0.004307490226668931,0.0,0.018524233952002644,0.002552175064259421,0.0012219607579259106,-0.002578791903568578,-0.019351053106593352,-0.014357778213587469,-0.01817301538458238,-0.0008564858243635398,-0.0027232645648396225,-0.013271184151679771,-0.04021574543386475,0.008282238997685931,-0.024465245741776054,-0.053315689589229,-0.009657319869819159,0.026102029514378178,-0.004928163795237306,0.00913418640667818,-0.008698005498075811,-0.02389383190555422,-0.006499363167456862,0.014411287113400173,-0.016976571272934782,-0.030661797936738566,-0.03617198016867651,0.016516265673380215,-0.035188881666650074,-0.04525193928879501,-0.01938273515420147,-0.033230028583647764,0.005439521284601345,-0.00095052765589973,-0.05838702930197909,-0.03347455597628024,0.0018021715643505853,-0.0008077258656297714,0.0,6.834108072784062e-07,-0.03990371680419208,0.0032298052604805005,0.0,-0.0009930229352418385,-0.021819954505330752,-0.002125557461841565,-0.016864145913381035,-0.0002682264744428564,0.0,-0.0003323908298661915,-0.01540082617855515,-0.008091616919704614,-0.0018944083934253064,0.0,0.0003903062193901796,-0.0002541754088061787,0.000548945874518203,-0.0037718583103574232,-0.009992406690890188,-0.01051366422565747,-0.005864058338457601,0.04450996748480657,-0.1382098824768953,-0.0018128352233779954,0.0,-0.018357751621950025
0.019354975925445328,-0.01044961159392277,0.0054776868180240745,0.021232723142521837,0.021406572652776068,-0.001694799523046575,0.0011999418698789843,-0.007535526125195036,-0.010733062511103786,5.094494767121649e-05,0.0032885610798499276,0.018524233952002644,0.0,-0.01500399713988837,0.021216537262974067,-0.00220936937849614,0.01422322610037885,-0.009066949175864425,0.005266399198607552,-0.007880374684868185,-0.017222490918943456,-0.0033742373600273434,0.0025495743615502886,0.0010587575878447386,-0.01181004937766611,-0.009803910371750935,-0.00132314707396336,0.005075660166790841,0.001140107703759441,-0.013233807090662686,-0.00365943097200061,-0.001812862240285651,-0.014103766258630634,-0.011198409760119488,-0.026979822737462245,0.009349110276804629,-0.018424402346106095,-0.02162414360795667,-0.02760058568797974,-0.0001539714117342328,-0.008591966857156241,-0.013440649371554092,-0.04212484580832554,0.0018999954880722925,0.0025794974602501575,-0.0003248681108031226,-0.014799801591822925,-0.013262129416142132,0.0,-0.0034953948441077687,-0.012871584858010987,-0.012132167412051698,-0.00391947684583005,-0.021335835538303316,0.006615747799563143,-0.004144506625592126,0.0019044560835819735,-0.0071189163818737855,0.0014418357421267514,-0.0015307539363963452,-0.014717027110458525,2.9900778882041568e-05,0.0027307563312295446,-0.007462715253042651,0.0036724775360116313,0.01062917445859779,-0.013929588325969966,-0.007239096140112089,-0.0007461444959108166,-0.036018996254334856,-0.00395027220313654,-0.013308631477795818,-0.013085201631066634,-0.013512276732775441,0.0072921807677615025,-0.008698248456871949
-0.002971696243494526,0.0,0.0053870413584690136,-0.021383767105529805,-0.004640938396818117,0.018680115718962498,0.0031592518517385426,0.008699416131564053,0.005703831754010902,0.029590099618645727,-0.004554417084763618,0.002552175064259421,-0.01500399713988837,0.0,0.0001129655463725232,0.0,0.0,0.0,0.012386577333036553,-0.0010852384678279314,-0.039924127589013036,-0.00029509225934665206,-0.004901027769247113,0.012273055798976862,-0.00012232017521546235,-0.03094009460853403,0.0031673967709313078,0.006164398906585433,-0.004008196220847804,-1.4075209229413854e-05,-0.05394803464030379,0.018985978674029846,-0.0036472942928684193,0.00025364481375855785,-0.02772812507910527,-0.022248992684934354,-0.03790039722266719,-0.0026362872306466834,-0.004073463079245665,0.0,0.00046242862399265006,0.0,-6.195438522865748e-05,0.0,0.0,0.0,0.0,-0.014261424469415807,0.0,-0.004469383589643439,0.0038626211192234194,-0.005293514475890493,-0.012755510091003841,-0.014268062563816408,0.0,0.03136151958604455,0.0008397326810250516,0.0018597708372081745,-0.0029251252998503396,-5.551115123125783e-17,0.0,0.0,0.0,-0.018254730746317338,-0.0023384558989928417,0.0,0.0,-0.012387509056951851,0.0004558925635257949,0.0,0.0,0.00646864096643035,0.0010618971700729896,-0.0009996510018662197,0.0,-5.551115123125783e-17
0.010393733009420758,0.011231391113793954,0.0009350067457346567,0.011733630003444295,0.002119058415712194,0.023068310539873793,0.015723023473780073,0.003503933548966609,-0.0006068914064146225,0.004249297631080895,0.0,0.0012219607579259106,0.021216537262974067,0.0001129655463725232,0.0,0.012797425165022192,-0.001358823686398558,0.002112627582252835,0.0,0.03430578628226422,0.00995129084868801,0.02280778483709417,0.040776655634236714,-0.013878960155550402,-0.0036950355294063653,0.00812119308464948,0.019772184127672454,-0.015615085445676968,0.017812270411776576,0.003083339226291948,0.014551864228881162,0.0194330099049681,0.015162892557211427,0.009610303526427999,0.009921410926532537,0.002505919204299545,0.004829680781020085,-0.00037268214008756573,0.009452636193923225,0.0278437403501276,0.015894298611026092,0.021202956519861704,-0.008805457901248592,0.0015985088322311158,0.0006695323080075921,0.009546900405176473,0.007580988283973689,0.002845011927363583,0.0,0.0,0.0014256360174961236,0.0013052528092971638,0.014310300883461247,0.0035630768909414856,-4.308800526564571e-05,0.0,-0.0001640173854244309,0.0009237255283990331,0.0,0.019140538320358946,0.0062977004259119895,0.0008061386004945548,0.0015348647032670804,0.0,0.028016767916787977,0.011482854880503268,0.027932079411464805,0.019720129112134333,-0.0011137103314241004,0.004933770423315553,0.007264881805733259,0.019442012763603078,0.011890357291364284,0.0050391962269478174,-0.016743205211692314,0.011938854040736524
0.00039064458059556717,-0.0038429980250704876,0.003321895344644943,0.0,-0.00564490483878638,0.004126836646516696,0.0034041444727753722,-0.009776636812793948,-0.02035036069277446,0.003910564174133935,1.5534997632404846e-05,-0.002578791903568578,-0.00220936937849614,0.0,0.012797425165022192,0.0,-0.003176834511909643,0.01381856805665721,0.001835494832478024,0.007914990560395962,-0.0005682902299883885,0.0023616737169346314,0.013185039348393435,0.00549782617027178,0.005278832766630215,-0.009320641541852803,0.007995575962514267,0.005695713364865185,0.01284381455163297,0.00620906244241165,0.006352943974883618,0.0022246328006007565,-0.025462620397156965,-0.0036818169516026344,-0.011506530733604414,0.022577920945741348,0.00022083278972961917,0.09030117083403627,-0.004346418924617124,-0.001897829355456515,-0.004040870174885691,0.0003308174063019753,0.0001931456100276452,0.0,0.0,-0.031426544382259225,-0.002174656127298946,0.0,0.0,0.0,-0.0030391249634819095,6.0366378015985767e-05,-0.004179642300169761,0.0,0.007989860264757453,0.0,0.003494094071037457,-0.018354821007908473,0.0,0.003173425794262219,5.2549563163029056e-05,0.004407878201601434,-0.0048963895577833205,0.0,-0.004085304105004961,0.0008822815379148641,0.003936953569613599,0.010635588869719326,0.00700870906161738,-0.00785426347677115,-0.0006618555210338717,0.007971853237333182,0.0010794313026354363,-0.0021176718219653168,0.0003150933491706809,-0.005818546976850192
0.032009954511644734,0.004628097684886201,0.0038004975760717596,-0.00028283165493803164,-0.004636779079187359,0.016161642120602338,0.00661694516681649,-0.0008363384404566632,0.0022791810706693227,-0.023836955476934263,-0.005620120449428612,-0.019351053106593352,0.01422322610037885,0.0,-0.001358823686398558,-0.003176834511909643,0.0,-0.001518838730533878,-0.008943647383235775,0.0035386693338474995,-0.0014376911160486894,0.012041031288897108,-0.013836732626860193,0.009635640807564738,-0.018245713950912124,-0.0060264970891141245,0.0013188359326067878,0.01833842126385926,-0.0013658005569781029,0.0008546064041159984,0.011638624870900727,0.02863496209307209,0.010739568976965264,0.012431217477978984,-0.0077201826416588015,0.019921890741170956,0.0017568770235837916,-0.0013791102192413085,0.0038130119215542546,-0.02723520979558819,-0.010059780797210482,-0.03240313351918833,0.0,0.0,0.004769425982258491,-0.0047048824664943645,0.004377046228473236,0.0,0.0,1.6653345369377348e-16,0.001676188791243649,-0.00018516486587533132,0.0,0.0,-0.009196236784607847,0.00032861793179761456,-0.007097470004178652,-0.00011658463796015983,0.0,0.0,0.006299283286855695,0.00035179754300285193,0.0011118209975307103,0.0,0.0004129433243671432,-5.551115123125783e-17,0.003502262228019748,0.0014881107710106312,-0.0009347452316216809,-0.00012801588763400318,0.0003935228910065258,0.0,-0.0009801572083864007,0.0007421403394125559,0.0,-0.012148961995031238
0.009859413823596397,0.0024180321647064296,-0.008247689928434387,0.0,-0.0032130713241310116,-0.008577387773253786,-0.0021324477625968563,-0.01403706687101125,-0.0004624102048186862,-0.0015098969563817066,-0.009073763194756945,-0.014357778213587469,-0.009066949175864425,0.0,0.002112627582252835,0.01381856805665721,-0.001518838730533878,0.0,-0.010965072936968023,0.0064672352799315935,0.0033746967849044296,0.009407972018378397,-0.004905044772205935,0.013909323321181444,-0.002591778235719211,-0.008439309603864631,0.0038649943146725763,0.002292850812088354,0.012999722120712598,0.0143706158040669,0.009008963219509114,-0.0007983211015656355,-0.0014796211735274567,0.002842675491912028,-0.013142788377089376,-0.06977647708502538,0.0,0.0029489808703046516,-0.001059204386350765,-0.01617359381592881,-0.009480914749517733,-0.005948972994976487,5.551115123125783e-17,0.0,-0.0024184776442141565,-0.022674810997092565,-0.004322417848529436,0.0,0.0,0.0,-0.008085357885591338,-0.0002372716742991554,-0.0016450306091189137,0.0,0.0008871937959979981,0.0,-0.004333542559650239,-0.01421103650588268,0.0,-0.013392204880477154,-0.006727043775197339,0.002671615074807454,-0.003864336484806219,0.0,-0.016702916317207495,-0.00566687426523893,-0.004470605158850283,0.005522735506706067,-0.014177210032931264,-0.006623293350789761,-0.006872190353736207,-0.01825185828566861,-0.010795898771989998,-0.007191721032691223,0.0,-0.0021668296513551732
0.0,0.0024384333374358746,-0.018309324967117346,-0.001185464441725903,0.018777821294141572,0.009723976361667164,0.01031102836586495,-0.017500445486650695,-0.010365573367483005,0.0006068272043449618,-0.004788938518165253,-0.01817301538458238,0.005266399198607552,0.012386577333036553,0.0,0.001835494832478024,-0.008943647383235775,-0.010965072936968023,0.0,-0.0005388126300559515,-0.00751561989540761,0.0022856233567195017,-0.043765518095963685,-0.02869826515659346,-0.014539281700554352,-0.008595778016875,-0.02180108500025374,0.0015670776050358826,0.04424609269149571,0.004754233909730343,0.0017663705474664781,-0.0015763335259928457,-0.0424801537918717,-0.0024355389651455894,-0.011306404815822957,0.011030220405743807,0.006800461564114735,-0.01652313753534379,-0.051332083985984156,0.002472658222276658,-0.018624679356762597,-0.00038605827102877743,-0.0221453877027179,5.551115123125783e-17,-1.6653345369377348e-16,0.0,5.551115123125783e-17,-0.005915811279938565,0.0,-0.012840948759439086,-0.019389195539455506,-0.015148137348454882,-0.05155552908612132,-0.026890746551945344,-0.0017011413071735815,0.04755288429582755,-0.04696032248199139,-0.018620352239319016,-0.04843591256901647,0.0014773936116261877,0.0,0.0,0.0,-0.03848779611055603,0.0020471126756548275,0.0,-0.0012613882257483389,-0.0161247995049556,0.0,0.0,0.00022967147474695082,-0.032017865003110435,-0.014740248697839908,-0.0019994244083778034,-0.00010148350565708508,-0.020934106840895694
0.010876178057972918,-0.009417559787527785,-0.00877857296917639,0.003496432993150944,-0.0068664971824080046,-0.011871232981004065,-0.0011242722308504871,-0.006528615408765981,-0.03501484512047853,0.0018471036643952776,-7.139681054735281e-05,-0.0008564858243635398,-0.007880374684868185,-0.0010852384678279314,0.03430578628226422,0.007914990560395962,0.0035386693338474995,0.0064672352799315935,-0.0005388126300559515,0.0,0.011203409687154664,-0.012049930973444145,0.01966413191423072,-0.015169150079680227,-0.005009376572133739,0.014406707203625135,-0.0063400513645076595,0.016754076638986426,0.0031798179562863016,0.03735228140865815,0.009258125821636876,-0.0023778655434562035,-0.0020335404695313586,-0.00043029957164392174,-0.007369131073562407,-0.012566518385923597,-0.0008792414964111095,0.01745503488993133,-0.0018565070165806885,-0.002407641916203296,0.006746734819974343,-0.0017067055731757041,0.023289834297854806,-3.677682952546446e-05,0.002524192194209629,0.003031236232277801,0.014752492483944113,0.008932857133782446,0.0,0.0010028432365710716,0.003982010533886138,-0.006002286721073946,0.0053327147477785775,-0.00014659856024112905,0.0034403709406163885,0.0012480749036604122,-0.0006326602542182092,0.00016188402492428589,0.0,0.00021603630384220418,-0.0022839382404130637,0.0015738970573942468,-0.011603413263368778,0.0010601446762503741,0.002715282189010515,-0.007111515097221965,0.009474538062050397,0.004143824776710436,0.00023385170626027962,0.004949940113002815,0.01921502906361877,0.002588619245697421,-0.003984597183719962,-0.005782970453895697,-0.0027796226836251936,-0.0028705752217946245
0.012564264345983955,0.0022172536019999245,0.005778272105352866,-0.000782916861426397,-0.0008893347074567792,0.0048865916989092595,-0.01721707975929787,-0.02062899268392704,0.004791683201011587,0.006299159303996549,0.0038211206321677738,-0.0027232645648396225,-0.017222490918943456,-0.039924127589013036,0.00995129084868801,-0.0005682902299883885,-0.0014376911160486894,0.0033746967849044296,-0.00751561989540761,0.011203409687154664,0.0,0.001962454988841178,0.007452669904683462,-0.0001288154333063396,-0.0060281705533362095,-0.009157709302894224,0.032397997067997675,-0.00963230216165295,-0.003954017542631916,-0.0011415897647377715,0.0036534935933039137,0.0012107206221963485,-0.0101168557009918,-0.011491171471038342,-0.014122969723412204,-0.04725514954738558,-0.004598555729881326,-0.0133349204582619,0.00842933219831199,0.022935680372216938,0.018642385353222712,0.04104418936315546,-0.008712311460337518,0.0,0.0012938324181716032,0.053584952643699724,0.022262200340048166,0.0007187523974785393,0.0,-0.00022393030061940156,-0.01234904110716234,-0.0017219926705283606,-0.0053593702418954225,0.0020012895089318583,-7.712205631293934e-05,0.0,-0.0011003318620574354,-0.014559635112121772,0.0,0.007431987485939873,0.0013407619450581665,0.0,-0.003848625787684967,0.0,0.015268164066715995,-0.019721801840762387,0.02683240565063938,0.00010910128182872736,-0.0016530003735807375,0.007250993001181094,0.0037828945861470564,0.01133511831335865,-0.004421421141496573,0.002405353884945227,0.013251388905113959,0.008114424287209931
-0.0048550910656735,-0.013585011944386494,-0.0014540945258236793,0.011225873225139349,-0.0006004219254452381,0.0008443888435192837,0.005986885105616013,0.003808747182640515,-0.016559510859115667,0.009186582664445386,0.0011546527143788676,-0.013271184151679771,-0.0033742373600273434,-0.00029509225934665206,0.02280778483709417,0.0023616737169346314,0.012041031288897108,0.009407972018378397,0.0022856233567195017,-0.012049930973444145,0.001962454988841178,0.0,0.022272059896881524,-0.013269225899676773,-0.009490708979758788,-0.01672029676568687,0.009978022076708948,0.011438428675665357,0.009372335126252851,0.009943072012367993,0.019268845870593132,0.016210656306112625,0.008705444649010241,0.010882908025705573,0.013399388438556814,0.003857398945793289,0.00861932925642861,-0.0011014148584654881,0.008524143619961622,0.01819682711026832,0.022405618437515984,0.019303035083618303,-0.04160577060170473,0.0,0.0005909478370094701,0.016637130072168327,0.005433902565422366,-0.026483580832010245,0.0,0.00117516413762897,-0.007099701915219525,-0.012892873138947436,0.01906531712202919,-0.009052528942426696,0.0009704403827377472,0.0,0.0020792023327448894,-0.005334836418743938,0.0,0.018766328351203843,0.004473060801708728,0.004154689989910698,0.008198284573498305,-1.1102230246251565e-16,0.017675598850415586,0.01618670187061866,0.02485070748082019,0.018667221002992007,-0.0009807663613654594,0.00014692837641316903,0.010627031610787374,0.018702072642850398,0.0071001752104370985,0.0038096596544851535,0.0010561545518525395,0.009687482916902801
-0.011038432789690245,0.009946812651617287,0.019492587152581065,0.03913536193891354,0.014891644543352511,0.008280218086763491,0.0015132967041848744,0.003764564256498071,0.0023134863079838364,-0.01457186526668891,-0.049242371624891756,-0.04021574543386475,0.0025495743615502886,-0.004901027769247113,0.040776655634236714,0.013185039348393435,-0.013836732626860193,-0.004905044772205935,-0.043765518095963685,0.01966413191423072,0.007452669904683462,0.022272059896881524,0.0,-0.01628990545629516,-0.0194159025637351,0.006400721284790634,-0.0034359442051537514,0.005490413278560036,0.011533492552841251,0.009507165763008474,0.010689016089591885,0.009070936777986593,0.01642613870205728,0.008114978266376971,0.006279149940045192,0.014435258097062698,0.010689080214970004,-0.01566898469367678,-0.017310961234164868,-0.05337105907069106,-0.0009386443022975088,0.007444946685253195,-0.013592938632634666,-0.03020939484732932,-0.052687783134973354,0.007919831252718723,0.010704304208749793,0.024976579655172082,-6.97208060203014e-05,0.002547617886096587,-0.0028684420524938137,0.0007195859916173664,0.015479018089363195,-0.01597516080266903,-0.00849977595589313,-0.0005382465961185079,-0.055583139597768505,-0.0037600528804558886,-0.02397588775853171,0.014904660077117937,0.0027363542697751986,0.0019549763581080404,-0.003027446828230196,0.0033887962896703705,0.012118966835443945,0.0021925652232528403,0.021366526552331955,0.0070452572871754215,0.0004520447617847312,-0.004948159034304345,0.020906955985513564,-0.003514358467001988,-0.005220087755708924,0.0013465033431974138,0.0008418324109548125,-0.0016392947722566609
-0.00433579491645758,0.009934093440097158,0.0004891403787362081,0.0003102912079587239,0.011485800077522701,-0.0007138614253675568,-0.009950367156876694,-0.010246226818654947,-0.0004910875696788053,-0.0031747316942666304,0.01413930382065498,0.008282238997685931,0.0010587575878447386,0.012273055798976862,-0.013878960155550402,0.00549782617027178,0.009635640807564738,0.013909323321181444,-0.02869826515659346,-0.015169150079680227,-0.0001288154333063396,-0.013269225899676773,-0.01628990545629516,0.0,0.0038253671534136946,-0.008132109674162669,-0.07251651268998355,0.009984409972070118,-0.004167738604575977,0.0007503239811315621,0.017097881060219366,-0.017394360833876188,0.013187240697457248,0.025597738033713013,-0.003906649192623457,-0.02974161506545031,-0.03460941126914324,0.030895761551030465,-0.08335560442007572,-0.07127490470973952,-0.03059139750723583,-0.06796489011133228,0.005465407123632082,-0.01925406712362482,-0.07851804178360394,-0.06633302731960461,-0.009640626274032615,0.00014955336035099576,0.0,0.0,-0.0015466330467506229,-0.0003806284790512926,0.01380652159187673,-0.0009654328684645663,-0.02200727046639167,-0.0005740977577755046,-0.039215925058711965,-0.0027791876998632947,0.0,0.0009118430490803742,-0.004915134108092745,-0.01051143323250986,-0.012931034434090771,0.0,0.018158623190531298,-0.02768603584341045,-0.01269002992568552,-0.0005790230105390815,-0.0135436949372027,-0.009820029569019562,-0.010100115052561032,-0.0005443596298268516,-0.1468786254225483,-0.0006437964879759672,0.0,-0.016214398078410963
0.008306305410152537,0.010566140260887036,0.020028132716531533,0.0,0.005060065039117767,-0.009148681303250417,-0.007852416896869385,-0.007966504501012828,-0.024107029949672676,-0.004905813045420038,-0.009821486541314983,-0.024465245741776054,-0.01181004937766611,-0.00012232017521546235,-0.0036950355294063653,0.005278832766630215,-0.018245713950912124,-0.002591778235719211,-0.014539281700554352,-0.005009376572133739,-0.0060281705533362095,-0.009490708979758788,-0.0194159025637351,0.0038253671534136946,0.0,-0.019256441852271544,-0.002492995120453645,0.004217665358306755,-0.007420021273045252,0.0017884717122554905,0.011268197351689657,-0.003965609900595857,0.006162818513122226,0.0058747305890684,-0.0151542464307442,-0.023535568938202744,-0.03766853881507087,0.006047732971534048,-0.004932240922406461,-0.020205532148415195,-0.008703752899152095,-0.010684271985456184,-0.0007016823445618603,0.0,-0.00013975667442023276,-0.01934505409785603,-0.00040213829807700385,0.0,0.0,0.0,-0.00519244794655338,0.0013627852816526786,-0.00042089116025378903,-9.789077231475707e-05,-0.011958182441432652,0.0,-0.014235375720680898,-0.013896576696521612,0.0,0.009122159722209866,-0.004152774896293121,-0.00506609994984486,-0.007766323179440149,0.0,-0.003305110184218585,-0.018497934983052244,0.0019823097188811922,0.00025082521888730724,-0.01888670004128218,-0.01020958135917277,-0.008010200748138019,0.001682740010917283,-0.011114004590465854,-0.00479958183663709,0.0,-0.007336015223798453
-0.014517714399019055,-0.014129750686418308,0.011366297052372631,-0.009988106343026937,0.007455780364250153,-0.011169037921358704,-0.004221974553808072,-0.0175500736595961,-0.03548106619664715,-0.04595628441756028,-0.0034587223156652414,-0.053315689589229,-0.009803910371750935,-0.03094009460853403,0.00812119308464948,-0.009320641541852803,-0.0060264970891141245,-0.008439309603864631,-0.008595778016875,0.014406707203625135,-0.009157709302894224,-0.01672029676568687,0.006400721284790634,-0.008132109674162669,-0.019256441852271544,0.0,0.020523626315464005,-0.00032027893086350456,-0.006984530873747619,0.002034181725608597,-0.003686603232375074,-0.003897320659000225,-0.014637447356644684,-0.012543061275252398,-0.02273449968401886,-0.009246482142514612,0.0016284600990354448,-0.013706498199894834,-0.014003519615315041,-0.03181117637052183,-0.017268215472474258,-0.015178669024676072,-0.022557729058742593,0.0,-0.003144019248951857,-0.038967548030096666,-0.009366184569362834,-0.00616660124826679,0.0,0.0004489295215350242,-0.004220133502597201,-0.006815450503418641,-0.03431635215190654,-0.003967067873877295,-0.023263760456646798,-0.0002372381979967586,-0.017556113786900973,-0.0018377501734858637,0.0,0.013860235062080672,-0.014631671189693385,-0.013958007199921907,-0.017739841733293182,-5.551115123125783e-17,0.008188432717539107,-0.016051427831426435,0.018253680593728172,0.017021177337279758,-0.03257763207445569,-0.01994923663429654,-0.005375672381990715,0.012022371608639504,-0.014998581198671312,-0.008913070556510028,-0.00013702891323152944,-0.020404816345916288
