0.0,-0.0020034905874560804,0.0018733895852240945,0.0,-0.00022228237320987,0.025988328128079274,0.01646862268691468,-0.0016452891180668283,-0.014362191518409395,-0.004262791552350098,-0.026518855096316518,-0.010144496228450428,0.016215186748495203,0.0011743508681503756,-0.02721256961350277,0.0008808925842292981,-0.0018059029414840277,-0.00042199184846519744,0.0,0.011572451910873305,-0.017623180713003117,-0.02606713593380061,0.008889481067017035,-0.01726426968022643,0.003709311662736414,-0.0046578504451531,0.003223064028373468,0.01109802574134544,0.013811509058761107,0.004002733257113422,-0.007108706084947292,-0.0056136985618368,-0.020198858239054374,-0.004006934158363451,-0.0651745942968397,0.0013464703479506013,0.0,-0.013747464090406392,-0.025411915229438975,0.011522264093489276,-0.023208682636080724,-0.02232099716939051,0.0,0.0,0.006133579028440195,-0.08800467036981585,-0.024469534502220613,0.0,0.0,0.0,-0.0017665018554897105,0.0,0.00037318367137972874,0.0,-0.003982488893824909,0.0,0.06556936684023557,-0.002645077530194828,0.0,-0.03980443204041023,-0.008727170220325986,-0.012953920238220229,0.001033110605974552,0.0,-0.007660339482539524,-0.028611502708367764,-0.011700612491920948,-0.04769027361269057,0.020935193170115995,-0.0079338050477335,-0.023275070118946195,-0.004180590090219705,0.00030235881101431383,0.00031697533215863105,0.0,-0.0012837118433310923
-0.0020034905874560804,0.0,-0.04423937064466443,0.0,-0.06524982369553273,-0.04300070914477755,-0.05873663233464865,-0.045176528544217276,-0.05155239560804076,-0.004459812198201019,-0.0007730712720980804,0.013646679821276209,-0.06810970722824611,0.0,-0.020000006033190854,-0.018544158147521306,0.007898595879948844,-0.0029644541904153,-0.0008021022766638852,-0.03822976898407915,-0.026303134095332803,-0.017698167785264507,-0.020472817971279644,0.011950114349315255,-0.014304195358378513,-0.01937226047635765,-0.03639761309802064,-0.051427268773468315,-0.06608122579399278,-0.006553172670417273,-0.016208783248570502,-0.019230166414861527,-0.03247509506618734,-0.01271229488328074,-0.03601720027912281,-0.006059997734610967,0.0008880475397455845,-0.00023838535707820796,-0.010186472726752438,0.0034325044580723607,-0.01343232268378125,-0.020999617141686466,0.0024324653749604463,0.0,-4.293487425960363e-05,-0.023101451408766682,-0.00621333543817898,0.0017623984384921854,0.0,-5.551115123125783e-17,-0.02805372367928588,-0.023993178950203475,-0.004899285818712629,0.00016526557159729505,0.0032245353589113734,0.0,-0.0028717119236518762,-0.020155123416613907,0.0,0.0009405259088839935,0.0009867115901187606,0.0045048514760941405,0.003369502702729399,0.0,-0.01783387340038034,-0.02235426853542455,-0.002807172833591831,-0.021254422404594353,-0.0050190282714721035,-0.005629702733782271,-0.014214336182942877,-0.01960108841184055,-0.03176135120168638,-0.03367148651463597,0.0025929783422528607,-0.00721710096780892
0.0018733895852240945,-0.04423937064466443,0.0,0.004028527657248815,-0.058857666278841037,-0.06087701190516692,-0.06289159982230352,-0.12414441450081387,-0.061515971423953986,-0.03867576446377624,-0.04015307306405852,-0.06574986198970106,-0.07284583097520436,-0.09288370383861105,-0.001869739492254996,-0.0011692837324011052,-0.043618703991685714,0.0018711180638203984,-0.03290300845779545,-0.0024687262239752594,-0.00022328612308242235,-0.0455200238185669,-0.08013670955381788,0.0008688885121460044,-0.03127402521584388,-0.033418948770476575,-0.0571127449127552,-0.06490121051154807,-0.035780850097862416,-0.0021684373853306793,-0.07386692893126273,-0.06846039231173273,-0.051911547411762515,-0.07733284123828754,-0.09152968138365009,-0.07192097675715842,-0.0744719278121923,-0.07871513575231082,-0.032662546993422026,-0.003385497306496843,-0.0442163749493632,-0.00039944079104869967,-0.05558135014209059,-0.0010124686738572919,-8.38925351768216e-05,0.0,0.002283504971590966,0.05192885200236269,0.00018624267669498096,-0.07143738328658683,-0.03255587961026096,-0.0470848509058821,-0.07087919893759831,-0.06234047356110134,-0.0010898296630177384,0.016538934081275436,0.00010442675655808475,-0.04441460209760867,-0.06840824239482196,0.0012801917161028853,-0.0003265913996611247,0.0,0.0,0.08010325989676637,-0.026796982613263243,-0.0012305049699833925,0.005609015864733058,-0.06500592590446647,0.0,0.0,-0.0017968188700465126,-0.05592681691799495,-0.03488325850885732,-0.033135482464608346,-0.00022941044824109635,-0.054448076362917486
0.0,0.0,0.004028527657248815,0.0,-0.033556644406349645,-0.06846060869400605,-0.021548468308179025,-0.05770442202855253,-0.06276884111936781,-0.009956148297201817,-0.07191191543795672,-0.003317784014659597,-0.04239045404403524,-0.03527383383399613,0.0012457568181434286,0.0,0.00018207773539252736,0.0,-0.0077968439153615066,-4.936222936380297e-05,-0.00043685261861003966,-0.00045247408593596106,-0.001416246680504274,0.001369617545167845,0.0,-0.0009386810382416844,-0.0008157023430863664,-0.06310222557082484,-0.00065184329030743,-0.0001320613218557254,-0.061229525356298,-0.08054812272300549,-0.010869167775659605,0.00014424039823085488,-0.008783615669948286,-0.023829105535269984,-0.019987682958231,-0.002707578160000501,-0.000677052884825835,0.0,0.0005138946399013689,0.0,-0.00037267056635081897,0.0,0.0,0.0,0.0,-3.6814502334725496e-05,0.0,0.0,6.759108230380839e-05,0.0,0.0,8.618749035449458e-05,0.0,8.82342337804598e-05,0.0,-6.488197005205532e-05,0.0,0.0,0.0,0.0,0.0,0.0,0.0,0.0,0.0,0.0022094888827484116,0.0,0.0,0.0,0.0008315846659222026,8.447881293210946e-05,0.00020354803604993865,0.0,0.0
-0.00022228237320987,-0.06524982369553273,-0.058857666278841037,-0.033556644406349645,0.0,-0.03526219277072329,-0.007954444412601458,-0.05831611797725561,-0.013198795924217355,-0.009853604218756085,-0.01833174288457834,-0.029293019574763657,-0.043283750984841385,-0.032928119767480446,-0.0011521119279604974,-0.002163885257834397,0.0025568017146093136,-0.004393603308407323,-0.032624998194189125,-0.017884383654780456,-0.004888774494910819,-0.047204982659375394,-0.03200122542291095,-0.008822196924718917,0.014651608750081091,-0.00707135614069182,-0.05792062564085043,-0.052213481187170896,-0.027039847275797002,-0.00387844493878553,-0.04492102580273427,0.001362327683525344,-0.035838258965890435,-0.03684092490756408,-0.04853738496101884,-0.014915047962321015,-0.03410913556954587,-0.04241647653599162,0.0043296798374973244,0.006277123742109869,-0.015354584234371527,0.00236600282638455,0.03108834926232268,9.061907948182402e-05,0.001837572381090502,0.0,-8.947732326025637e-05,-0.042577343932269196,0.0,-0.04525274377874422,0.004865428238829517,-0.006276951517700247,-0.003293137111980704,-0.015422579456573438,-0.0004999424237559502,-0.0037118228457145297,-0.04993028764279822,-0.024033797599452678,-0.002060250732849378,0.001026786870585772,-0.001121382065806309,0.0,0.0,-0.042987473626110384,-0.008723044468784025,0.0,0.0008438902540389703,-0.026705023179987686,0.0,-0.0002608916233684533,-0.0012169129739799112,-0.018584868491616113,-0.015479924040778636,0.004698787701459262,0.003235048776992766,-0.03296132169301769
0.025988328128079274,-0.04300070914477755,-0.06087701190516692,-0.06846060869400605,-0.03526219277072329,0.0,-0.0262038868268184,-0.01720765268700719,-0.01937037319476853,-0.020848764079111237,-0.06315505147652745,-0.03318424696976452,-0.009160269566302115,-0.05430258790644926,-0.0049091188508665895,-0.040461452321693514,-0.011093572617296377,-0.027084915226756157,-0.07608916692312506,-0.023531492379328445,0.011446893424523541,-0.023815521731558098,-0.006573923839050366,0.04352703604600622,-0.033211931575538034,-0.009183805680138046,-0.024864809023391776,-0.004604905272110493,0.007192700172671873,-0.02835720776177969,-0.03970780683338543,-0.022328958099255725,-0.022039419747738875,-0.04483226390286893,-0.05189288173024342,-0.049510834501131806,-0.051075099985920025,-0.04701121521212004,0.008632297954729584,0.005909852093524792,-0.007016574153484556,-0.003386653631030856,0.005423644706299469,0.0017517751644475776,0.0015834500398511087,0.0039924455032132045,-0.022011713298110303,-0.030576407898759705,0.0,-0.01178289829565271,0.004722056222267845,-0.0002125109188759744,0.0011626361782305916,-0.012045545801324331,0.001056227091236539,-0.023107558560345187,0.002629655537651987,-0.0021060978986896517,-0.004381636971982628,-0.011930869090501062,-0.007954583094963497,5.551115123125783e-17,-0.0030121203613976966,-0.04163367808457741,0.002444154294986234,-0.007571899536488624,-0.005509277263763268,0.01419463883689076,0.0,0.0016593832343776982,-0.014386426789261053,0.0016129513116923677,0.007132003038598178,0.008638718542308244,0.01525500702249838,-0.002269091937231682
0.01646862268691468,-0.05873663233464865,-0.06289159982230352,-0.021548468308179025,-0.007954444412601458,-0.0262038868268184,0.0,-0.02981146921825001,-0.04270713061699871,0.005103630742907095,-0.03581276471604722,-0.005344214339193631,-0.010034342401142538,-0.029148211877634722,-0.02214201102141805,-0.03034946598786148,0.007921103899253212,-0.015939685491296485,-0.03726582277709872,-0.02921581054711525,-0.012345325099166915,-0.03790331956856546,-0.03056021490163785,0.014491594304088251,-0.0284830682879767,-0.022162120405276264,-0.03727205770047276,-0.011003864129710772,-0.021436752908637335,-0.04426928383862422,-0.022485284163046848,-0.010812392231124512,-0.02778136783586871,-0.013144003911206181,-0.034176446948735784,-0.010436693223933757,-0.004219612376375637,-0.021955439397397525,0.009987909753258861,-0.0007085300114326731,-0.004942896809000286,-0.010669404612930977,-0.008294507248165772,0.0008134546811219279,-0.0014744413902374465,0.00016319711548207216,-0.024202978486035587,-0.03375035172103091,0.0,-0.029528924981399474,0.0021578394356995823,-0.004162017009920027,-0.009223027024381047,-0.023372856455362356,0.0023153206316084973,-0.020935111108341675,0.0034857459028754256,-0.009364358760965752,-0.009248543935430176,-0.006674743996935573,-0.0040911052757243715,1.1102230246251565e-16,-0.00032017989299637506,-0.031079215192027276,-0.014512160323146617,-0.052932911300058394,-0.010852469169733203,0.001087399258186461,-6.255066309390767e-05,0.00012434418762941046,-0.03129884039512215,-0.0051497562584599255,-0.0010053328807573259,0.0009876080257298359,0.00867865552395286,-0.010924447096062995
-0.0016452891180668283,-0.045176528544217276,-0.12414441450081387,-0.05770442202855253,-0.05831611797725561,-0.01720765268700719,-0.02981146921825001,0.0,-0.09075966665443996,-0.04317881446681715,-0.05333123785329641,-0.011590595262576886,-0.033706796892743696,-0.05586835622435149,-0.002493551602349542,-0.0098932504998277,-0.026646131398328943,0.022547988957150378,-0.10946098513564628,0.009825987292203742,-0.022383673377671054,-0.030445342792904062,-0.031778061836702065,0.008287272273629354,-0.008933327956753445,0.012509136467505622,-0.03450796298783526,-0.016106507385001745,-0.004164283133570479,-0.01113120618011415,-0.033633956626399175,-0.0031982796394529056,0.0005941853314969103,-0.05218969930535944,-0.07434103399812308,-0.055209086160347476,0.03782016447320197,-0.0971073786052355,0.0024271724278380757,0.009807203895252026,-0.03032065480738777,-0.02158591488622852,-0.007882015696525135,-8.417706201246933e-06,0.00031162800212375386,-0.00020972346285941246,-0.024085048027781608,-0.056684914216229954,0.0,-0.03564773257952286,-0.009131157509972232,-0.017995919573304597,-0.02096305959369832,-0.045430030254701936,-9.573617568370274e-06,-0.03965081842149076,-1.1102230246251565e-16,-0.021473098951770853,-0.050043525143564305,-0.012530377227385203,-0.0027942764204756942,0.0,6.9899315378596505e-06,-0.05424333893850447,-0.004551269282531911,0.011452163010204242,-0.05509568916363583,-0.0006951835830413811,0.00028602448208175923,-0.00011614062669257352,0.005527576536703049,-0.009658160275295036,0.005534944200805192,-0.012117144116907175,0.0054172197237700725,-0.011571488362093152
-0.014362191518409395,-0.05155239560804076,-0.061515971423953986,-0.06276884111936781,-0.013198795924217355,-0.01937037319476853,-0.04270713061699871,-0.09075966665443996,0.0,-0.0345690698209426,-0.004596107756637935,-0.0429234072703199,-0.04936066943470624,-0.058359677248668196,-0.00792878411960024,-0.04897513124129976,-0.03454179521091233,-0.025774447726813143,-0.025465665969674256,-0.033916753975467395,-0.004807242033419701,-0.04149021670250064,-0.04326109571500891,-0.0075381428825352925,-0.00398916122584847,-0.024817295439177045,-0.05617044140202987,-0.07450310577935026,-0.03209755715439183,-0.06805357140330343,-0.06431640247666398,-0.06072807243603706,-0.04638536089747991,-0.0679540854259918,-0.08117859390928023,-0.06622952675625837,-0.06567836073507655,-0.05876676726154678,-0.011100857875540715,-0.0014585908710181283,-0.02450298358641334,0.004818536696393427,-0.03141656193493719,0.001004009707495479,0.0017246241555463615,0.0,0.0004203416909446811,-0.04494933933117362,-0.000792793980069928,-0.06355955232835053,-0.027319122269022778,-0.027834306910139328,-0.05911097592579323,-0.04968635833933699,-0.0007840788771313889,-0.04790675814138251,0.0005147231909514716,-0.03606500842615934,-0.0747888973348152,-0.026901226674883427,-0.00027056836911443227,5.551115123125783e-17,0.0,-0.056326219083339124,-0.015576118417614249,0.003976881244705022,-0.017703115141751602,-0.039254319116340475,-0.0016538400974529521,0.001005405691753336,-0.0013276981228014795,-0.03394673133734283,-0.019256739511183563,-0.01480485311435814,0.004136267463410892,-0.03880422697120206
-0.004262791552350098,-0.004459812198201019,-0.03867576446377624,-0.009956148297201817,-0.009853604218756085,-0.020848764079111237,0.005103630742907095,-0.04317881446681715,-0.0345690698209426,0.0,-0.025606822782781646,0.006570807253937827,0.0017025033458085703,0.00866365640054495,-0.000855517018481744,-0.0029708808473312698,0.013504042924950443,0.0030674889530343252,-0.027577582568739045,-0.008553123273269903,-0.002821182835426761,-0.010875656165207248,-0.03350320684841851,0.02488821335277419,-0.001288446291609291,-0.03130657446623075,-0.03404038697281053,0.008914637145681803,-0.0016966619638011382,-0.004665535167026447,0.002442378468052453,0.02192118993756409,-0.011127266416621484,0.02331857140283894,-0.017883380128810855,0.01688117363615732,0.03231522762456651,0.019384613176809395,0.047272771310123196,0.03709975873796101,0.052245731474278245,0.059881997118206576,-0.004549916317326097,-0.0006950395608321669,0.09177579813078995,0.025961688567170238,-0.0021368163094382386,0.003303346290970066,-1.1102230246251565e-16,1.6653345369377348e-16,-0.009660193610146695,0.00020234579575234557,-0.0009004148702073111,-0.0006887994166866473,0.01326902807284075,-0.0020404994665609855,0.02113954542309815,-0.0007688400484087698,0.0,-0.0018844826086328315,0.01970172590924235,-0.001989097870209733,0.002512429353219603,-7.868862708726443e-05,-0.0020680992839917645,7.40577368043005e-05,0.0017382836322490935,-0.0025003953119681066,0.027892984174267887,-0.0028904728775552835,-0.005822342933859026,0.00015287259627005945,0.03303199906435178,0.002751059172903858,-1.1102230246251565e-16,0.009470095954188573
-0.026518855096316518,-0.0007730712720980804,-0.04015307306405852,-0.07191191543795672,-0.01833174288457834,-0.06315505147652745,-0.03581276471604722,-0.05333123785329641,-0.004596107756637935,-0.025606822782781646,0.0,-0.03398508615677143,-0.045233337560814435,-0.03419389637148612,0.0,-1.0000921533304119e-05,-0.03393187081304955,-0.02884346001879662,-0.002312695447410973,4.596292300285132e-05,-0.05892950704807892,-0.0006492291404404105,-0.04358888511106873,-0.008004193446346342,-0.03381606420419242,-0.01311691061822412,-0.07031990842379182,-0.050336656442519945,-0.006386807073250067,-0.008670328223726764,-0.04180806137300774,-0.012545976535520309,-0.05128141153514776,-0.04847418327374453,-0.060746293220176384,-0.050360633377797004,-0.0035073430524404925,-0.05295357129489964,-0.003725914520167073,0.0037596956666990367,-0.012770058467082623,2.786490933376351e-05,-0.027025336621151363,0.000994081241869449,0.003778623882743859,0.0,5.551115123125783e-17,-0.004145835371115736,-8.06655793420541e-05,-0.032566791897807146,-0.01963712883255725,-0.009178861591094822,-0.05090203573155416,-0.02944528201838359,-0.0009683156903808054,0.12678022463036281,0.000611763848254232,-0.01538704469804364,-0.02647655753480105,-0.0004760140325021367,0.0,0.0,0.0,0.10486732527207498,0.0015086967350448344,0.0,0.0011942150344602664,-0.05550930868082282,0.0,0.0,0.00014438813370853953,-0.05212909990460807,-0.02128762778681026,-0.029319535793450313,0.0012926145552670798,-0.007095241423823673
-0.010144496228450428,0.013646679821276209,-0.06574986198970106,-0.003317784014659597,-0.029293019574763657,-0.03318424696976452,-0.005344214339193631,-0.011590595262576886,-0.0429234072703199,0.006570807253937827,-0.03398508615677143,0.0,-0.008830153763250359,0.0022990068163227795,-0.001718025792992739,0.005328727732411387,0.010675677497088809,0.007495598079572896,-0.04254598557667855,-0.0014312649886277784,-0.03556761847856449,-0.06171300397370655,-0.012897115103990275,0.00939196541698889,-0.01561553324017112,-0.029038023759340836,-0.04032208085397171,-0.00020057373733095574,-0.001577733975095641,-0.0035937034315247085,0.008766835634467673,-0.022975494815219377,0.001867710451679827,0.02255931872004935,-0.056981976933011325,-0.03526019145734621,-0.0003190414646989659,0.05193521043209487,0.0166082086194676,0.043447151808612916,0.06524509412554291,0.09003290964624922,-0.005326902521218646,-0.0007727722743200716,0.07717163901701268,0.0025385058201467525,-0.009451692375895382,-0.0006058648408193701,0.0,-4.3995744458680264e-07,0.0018116310958938286,0.0023434284919020554,0.0,-0.0005720614285386616,0.017910538522963038,-0.001149858581338481,0.03439155459196008,0.02565419698050103,0.0,-0.0007630228107519121,0.006877763551436544,-0.0035656318770027617,-0.004565740985540634,0.0,0.0008181217660557794,0.00016362978478473567,-0.00035339333465750356,-0.0031803356032192864,0.026991313727835198,-0.004520059997413561,-0.007133988238716749,0.0034516959672097336,0.061477490589142814,-0.0017158074259327472,0.0,0.010450140270406694
0.016215186748495203,-0.06810970722824611,-0.07284583097520436,-0.04239045404403524,-0.043283750984841385,-0.009160269566302115,-0.010034342401142538,-0.033706796892743696,-0.04936066943470624,0.0017025033458085703,-0.045233337560814435,-0.008830153763250359,0.0,-0.04057858247625484,-0.02508509663893871,-0.03675749982215404,0.00394806088419164,-0.022833819341250172,-0.05097948133811103,-0.030350918521538595,-0.01692101290964365,-0.042651138716996606,-0.032120822013713635,-0.019562289243827136,-0.031296375797085496,-0.024405379661824267,-0.03222705743669502,-0.00023004672521870217,-0.00850838220185246,-0.009163156409410345,-0.011619730535403161,-0.019206088408540878,-0.03443368369618677,-0.022292533862916963,-0.05081924225608003,-0.0324622730474165,-0.03178123259317689,-0.03089436516011551,-0.0015774216676352482,-0.058694509445454235,-0.004787262723997654,-0.020719828585646582,-0.014252955046573756,-0.002017630718631258,0.0007173020890466342,-0.0003594496636762923,-0.03942187338670827,-0.02489705775431217,0.0,-0.03622744729303212,0.0031707498791471167,-0.00011430787340382942,-0.012199207472420759,-0.018924000721928347,0.0039350618453265485,-0.025118990775026273,0.002430730365740652,-0.005965206010207336,0.0024444709161724476,-0.022734132637726,-0.029939536557178403,-0.0007004734562028325,-5.0901279503690056e-05,-0.021523767459651455,-0.00893503482838992,-0.039772818677552224,-0.016033780658641583,0.0009759248194380898,-0.0005423851114599865,-0.007625658109581712,-0.023044912632433356,-0.003175641324702161,-0.0016219289881931331,-0.012161879195745962,0.00416067706858303,-0.013349460303310079
0.0011743508681503756,0.0,-0.09288370383861105,-0.03527383383399613,-0.032928119767480446,-0.05430258790644926,-0.029148211877634722,-0.05586835622435149,-0.058359677248668196,0.00866365640054495,-0.03419389637148612,0.0022990068163227795,-0.04057858247625484,0.0,-0.034749372438040105,0.0,0.0,0.0,-0.07679539894156445,-0.0020490075752447323,-0.002336512876510932,-0.0020078832921731626,-0.07412135242868129,0.001757044878998082,7.874571359733906e-05,-0.008510412780519672,-0.08730191144313332,-0.0439296276393103,-0.005817889417602362,9.06115767768112e-06,-0.04423205046150536,-0.025886414724445805,0.13010387301666065,-0.03623135322606458,-0.0050955021161848135,-0.02120899537985846,-0.03246005186333739,-0.0068068992965843456,-0.01057835503861948,0.0,0.0010185921371744233,0.0,0.02731330324385861,0.0,0.0,0.0,0.0,-0.03261195327252542,0.0,-0.050581041609634336,-0.0021916738236387734,0.006404693030552855,-0.018362349194512295,-0.00977245670431054,0.0,-0.016553822614501945,-0.030157260370312078,-0.009752538985255077,-0.0003034843401691356,-5.551115123125783e-17,0.0,0.0,0.0,-0.05388819693730901,-0.0015293853225394338,0.0,0.0,-0.01746923190235533,-0.00029348866755085634,0.0,0.0,-0.02559081342991326,0.00276622858538611,0.00032936078177847605,0.0,-5.551115123125783e-17
-0.02721256961350277,-0.020000006033190854,-0.001869739492254996,0.0012457568181434286,-0.0011521119279604974,-0.0049091188508665895,-0.02214201102141805,-0.002493551602349542,-0.00792878411960024,-0.000855517018481744,0.0,-0.001718025792992739,-0.02508509663893871,-0.034749372438040105,0.0,-0.012925523539897066,-0.002586987844548694,-0.018394403842234675,0.0,-0.003644957007799099,-0.006046424017020546,-0.001411353036590568,0.008024098992691298,-0.023782542944719764,-0.015230988559110703,-0.0011105916030434981,0.010312374751674513,-0.006586312001027661,-0.020947729682700478,-0.00298394545581826,-0.030224716536069007,-0.024871135505059094,-0.031031384588160127,-0.0215282911147755,-0.04093061382992896,-0.042519042354319914,-0.004261421921490982,-0.017775679239986908,-0.014288413723545224,0.011341967153067123,-0.011436102186448804,-0.018227312361298376,-0.0014449890602798998,0.0003459506795090439,0.003978974733926666,0.0022857297798748455,-0.008272028704728596,-0.0008293467143076771,0.0,0.0,-0.025622174830623068,-0.03352363363641908,-0.014040133183320314,-0.024508647243924764,2.773864340976928e-05,0.0,0.004704013453751044,-0.023876033676259623,0.0,0.004440299594501429,0.005454994414030245,0.000385397828617573,0.0021034744530625815,0.0,-0.013687768500207087,-0.003548572925746618,-0.0021275939092075813,-0.014238997545517107,-0.04059084006236602,0.0033624874571044905,0.0019341241124225528,-0.010432601592735902,-0.005076847436179366,-0.016350838042068716,-0.01678410493295862,-0.014585997817191387
0.0008808925842292981,-0.018544158147521306,-0.0011692837324011052,0.0,-0.002163885257834397,-0.040461452321693514,-0.03034946598786148,-0.0098932504998277,-0.04897513124129976,-0.0029708808473312698,-1.0000921533304119e-05,0.005328727732411387,-0.03675749982215404,0.0,-0.012925523539897066,0.0,0.004442522324129339,-0.004133482067744054,0.0014767525038441032,-0.004331031007818953,-0.01603730016030841,0.00985597747016298,-0.016236696271289985,0.0049710254594734216,-0.012429755501575768,0.0016361283864452791,-0.027242447257263158,-0.01948193773151574,-0.012120092098018231,-0.018761441584690397,-0.011179747559368125,-0.009942334395340868,-0.001231052140787503,-0.002915363762927281,-0.036905617304643534,-0.003256212773655731,0.010892047355939849,-0.00250236619803762,0.0025591090864995336,0.015941857427572315,0.0037386840284409084,-0.0030123475475288264,0.0011081228517118569,0.0,0.0,-0.011454787667750044,0.005117002572126661,0.0,0.0,0.0,-0.0013963487447480882,-0.003976233476999214,-0.007173252868987401,0.0,0.0008639603103782201,0.0,-0.004593848232512576,-0.017145753601871594,0.0,-0.0037065562866826496,0.013323816635949226,-0.005504004276404906,0.00876985444101136,0.0,-0.024983200595241173,-0.008663512187505107,0.00240211714504307,-0.021862210206157584,0.010830760464457523,0.005528563092169869,-0.0009534318575344369,-0.013046504045812812,-0.03611593689788167,-0.02826892300529177,0.000348402200331388,0.007746708111634859
-0.0018059029414840277,0.007898595879948844,-0.043618703991685714,0.00018207773539252736,0.0025568017146093136,-0.011093572617296377,0.007921103899253212,-0.026646131398328943,-0.03454179521091233,0.013504042924950443,-0.03393187081304955,0.010675677497088809,0.00394806088419164,0.0,-0.002586987844548694,0.004442522324129339,0.0,-0.01087330805135589,-0.030415538698065125,-0.004460729796047669,0.01797037050298228,-0.009672957882129851,-0.028886438462242425,0.01958916883017464,0.010944088416239894,0.0061653734168075625,-0.028156031546514415,0.024124315546795283,-0.010116351382796152,-0.0038556194712307534,0.01321780940048256,0.015059693294312448,0.014246131364323733,0.031192392948786896,-0.01870958333038175,0.0005875508983020916,0.04987704988445535,0.007523265082665542,0.04207148535584493,0.055753688641818455,0.02550439726595949,0.021140589216463557,0.0,0.0,-0.008936676104646657,0.0025607532505934616,-0.002523701153718416,0.0,0.0,1.6653345369377348e-16,0.0014149309782263142,0.00011920306254326052,0.0,0.0,0.02188365008604576,-0.0002115534374828032,0.015629067123426488,-0.0013270228551196528,0.0,0.0,-0.004546971849759995,0.0077256768219365335,0.02512727516353863,0.0,0.0006849276211637334,-5.551115123125783e-17,0.002620058919484247,-0.0009579968665736072,0.027016030128109825,0.024090077438983504,0.019824601282753207,0.0,-0.0025239745762331567,-0.0014353548140105254,0.0,0.021031805433462225
-0.00042199184846519744,-0.0029644541904153,0.0018711180638203984,0.0,-0.004393603308407323,-0.027084915226756157,-0.015939685491296485,0.022547988957150378,-0.025774447726813143,0.0030674889530343252,-0.02884346001879662,0.007495598079572896,-0.022833819341250172,0.0,-0.018394403842234675,-0.004133482067744054,-0.01087330805135589,0.0,-0.022065979204990982,-0.009664296575228382,0.001408323268153766,-0.015015620737720115,-0.0021372739313465505,0.01094159182584803,-0.001162595625422258,0.003935429780514532,-0.02458661987692512,-0.012301668818409828,-0.017361982776213314,-0.011095540676006543,-0.005986870682772094,-0.0042972766888520475,0.0025233101135934133,0.007422184348980065,-0.03483930194225093,0.007367094578396127,0.0,0.017178690118010986,0.01565536007443874,0.053176405368110635,0.013740182734295003,0.006191532068409167,5.551115123125783e-17,0.0,-0.0072277809210277155,0.00271093242777376,0.006796999358815559,0.0,0.0,0.0,-0.005133031982523573,0.00015274771538070775,-0.0018029426827246842,0.0,0.02221708845855097,0.0,0.01392649309723687,0.00178093918352068,0.0,-0.0021473477545722597,0.009293598237486211,0.02848509565417895,0.011573067663270709,0.0,-0.007584017250618746,-0.023503226656291454,0.0017714695155556792,0.0006892831389561094,0.013064177005452704,0.011704518256180907,0.009128505025307043,-0.008992759831258468,-0.005862412773600556,-0.011875816281506912,0.0,0.011572133147750574
0.0,-0.0008021022766638852,-0.03290300845779545,-0.0077968439153615066,-0.032624998194189125,-0.07608916692312506,-0.03726582277709872,-0.10946098513564628,-0.025465665969674256,-0.027577582568739045,-0.002312695447410973,-0.04254598557667855,-0.05097948133811103,-0.07679539894156445,0.0,0.0014767525038441032,-0.030415538698065125,-0.022065979204990982,0.0,-0.0006226925473991063,-0.004250726471252242,-0.041051478299444,-0.08665131319902122,0.0016070234379049197,-0.04343744930650534,-0.03820308466979927,-0.08098150282925964,-0.04991280828273681,-0.03486669612067994,-0.005682641546758516,-0.04987044613969288,-0.04293431879401638,-0.06253006973532349,-0.05312021500411124,-0.07122816773755852,-0.05317484327014338,-0.04470205435375785,-0.0567211717555266,-0.03217484410530835,0.000907268594473376,-0.036679292085276094,-0.0011544089507281585,-0.031137993806202524,5.551115123125783e-17,-1.6653345369377348e-16,0.0,5.551115123125783e-17,-0.010762945540803592,0.0,-0.06994902637142586,-0.029112274617964395,-0.04062216774149596,-0.060906396021188025,-0.05454224416892545,-0.0010260027594561905,0.05262370582014092,-0.0007670912138670327,-0.040564862013092895,-0.056899933860242724,-0.00038950792266767564,0.0,0.0,0.0,-0.06704602268191862,-0.02717206871583472,0.0,0.0007798081395113954,-0.05488780569859292,0.0,0.0,-0.002417329510029431,-0.056250990373659104,-0.03551337327460696,-0.023622267915635986,-0.000650471255759788,-0.03967287832990796
0.011572451910873305,-0.03822976898407915,-0.0024687262239752594,-4.936222936380297e-05,-0.017884383654780456,-0.023531492379328445,-0.02921581054711525,0.009825987292203742,-0.033916753975467395,-0.008553123273269903,4.596292300285132e-05,-0.0014312649886277784,-0.030350918521538595,-0.0020490075752447323,-0.003644957007799099,-0.004331031007818953,-0.004460729796047669,-0.009664296575228382,-0.0006226925473991063,0.0,-0.012209048404872691,0.008847481792636891,-0.02103527382984971,-0.02452589663685445,-0.021975724889818304,-0.006689987886875859,-0.009904655120353323,0.0019445365702631667,0.0051065732469094405,0.0039848536505887044,-0.020587110461476876,-0.03161323293603113,-0.04335964162519024,-0.02441925234997322,-0.04258247216767708,-0.025811010038658044,-0.0515032340244958,-0.016622769222540024,-0.01741384195522938,-0.03677035858089717,-0.01940724260983906,-0.035209144956393545,-0.0329670586927549,-0.0007319182772181354,-0.004153479643094704,-0.0038427733067638026,-0.016976062114189283,-0.01748637133454556,0.0,-0.0021506991041384538,0.015893987863197345,-0.007917929703611049,-0.017824926488163473,0.010775235896449298,0.0018320265841421102,0.0006271256108713597,0.01003970361207912,0.0032578913557873568,0.0,-0.020939672256538144,-0.006991981933566982,0.000819123644868025,-0.010721887319733225,-0.0012053283903313283,-0.015078812018878562,-0.0317292825486829,-0.021350792483896763,0.0011887014577333654,0.00016103807084189015,-0.005709019860952624,-0.014808236661068508,0.00010504945809619581,0.015241430965047487,0.001020655183542607,-0.00298960929129094,-0.00830034468317925
-0.017623180713003117,-0.026303134095332803,-0.00022328612308242235,-0.00043685261861003966,-0.004888774494910819,0.011446893424523541,-0.012345325099166915,-0.022383673377671054,-0.004807242033419701,-0.002821182835426761,-0.05892950704807892,-0.03556761847856449,-0.01692101290964365,-0.002336512876510932,-0.006046424017020546,-0.01603730016030841,0.01797037050298228,0.001408323268153766,-0.004250726471252242,-0.012209048404872691,0.0,0.00022513555704306576,-0.0024483027218538123,-0.0016371959844768136,0.005879210063770346,-0.012477466689956196,-0.0025594856929961884,-0.0017934663102021076,-0.006722212695326468,0.00024033499369546796,-0.03075646751270661,-0.0176504961985941,-0.03467082981005998,-0.030087622761833188,-0.05664854429730698,-0.04089570405498799,0.003120965154172428,-0.003927799011058053,-0.018294036790394708,0.008707980574457541,-0.01597887358853789,-0.046971812829821935,0.02771617658512615,0.0,-0.04088492186823961,-0.0813582997550289,-0.011513777192422858,-0.0004627092001756594,0.0,0.00014415897694131097,-0.010803402607672652,-0.0019013014968416453,-0.10258116592540611,-0.03763116882124756,4.9648648293432185e-05,0.0,-0.00022028063682844046,-0.007673422331188728,0.0,-0.002384514000347504,-0.0023975396882011113,0.0,0.01242034254291935,0.0,-0.012264099027767539,-0.015110922283951,-0.020181766270974788,-0.0007743465632064628,0.0069331189197042176,-0.009996759767315566,-0.0169054158435738,-0.006245780574624826,0.014112209610173176,-0.005538152229145998,0.009194830982514501,-0.017775235715837723
-0.02606713593380061,-0.017698167785264507,-0.0455200238185669,-0.00045247408593596106,-0.047204982659375394,-0.023815521731558098,-0.03790331956856546,-0.030445342792904062,-0.04149021670250064,-0.010875656165207248,-0.0006492291404404105,-0.06171300397370655,-0.042651138716996606,-0.0020078832921731626,-0.001411353036590568,0.00985597747016298,-0.009672957882129851,-0.015015620737720115,-0.041051478299444,0.008847481792636891,0.00022513555704306576,0.0,-0.013487837139374792,-0.04113808905399757,-0.013991969705031582,-0.0025327202546884253,-0.013869632815861122,-0.013308489495198195,-0.006210843850619152,-0.008376078515370589,-0.010735306266136835,-0.016005464109449974,-0.027234592191362317,-0.00967588431634614,-0.032182936904167125,-0.025251062778147593,-0.019786510879013564,-0.009993694050762503,-0.0065451956507388,0.01256846057998956,-0.0075780522485219826,-0.011048321893986801,0.01947667803803399,0.0,-0.030526237027697356,-0.01022642028128784,-0.004480623503588577,-0.04883210654027004,0.0,0.0007916909850386733,-0.029638253951085825,-0.025177759451909643,-0.019895260059880737,-0.03093917145730085,0.0010677189964521938,0.0,-0.020098241136717154,-0.010591079391490621,0.0,0.005575170613602021,0.0032054925757056263,-0.002981635173663899,0.0038967940482625973,-1.1102230246251565e-16,-0.009123255574120914,-0.003925627868873183,-0.0010600478057672391,-0.019273574659666615,0.0014158949529226028,-0.0033422978524836333,-0.00030985962448237814,-0.010672563189740303,0.003863050614171748,-0.017364544367915957,0.029473230075573953,-0.0061264299265114674
0.008889481067017035,-0.020472817971279644,-0.08013670955381788,-0.001416246680504274,-0.03200122542291095,-0.006573923839050366,-0.03056021490163785,-0.031778061836702065,-0.04326109571500891,-0.03350320684841851,-0.04358888511106873,-0.012897115103990275,-0.032120822013713635,-0.07412135242868129,0.008024098992691298,-0.016236696271289985,-0.028886438462242425,-0.0021372739313465505,-0.08665131319902122,-0.02103527382984971,-0.0024483027218538123,-0.013487837139374792,0.0,0.01464066331876146,0.010605365785094523,0.0007852325866340992,-0.012606393905988666,-0.018168673245947065,-0.012342049942323963,-0.011802085782333827,-0.027593950735523065,-0.022088280496162516,-0.0033251196574412556,-0.044182624660859704,-0.06626917739983557,-0.04007828827337706,-0.050966035981872715,-0.05704605779414157,-0.001725288216629428,-0.015731345136140995,-0.007816724789622143,-0.006638082628578346,-0.014847690318162465,0.005806437086293248,0.018106663299077785,0.0034258816622829147,-0.0059640459783747435,0.0019362303423111626,4.488396630381031e-05,-0.031131900616980124,0.005568659627812167,0.0020556167111940304,-0.004735585906526563,-0.02883813782806177,-0.0196698464753714,-0.014931805758905126,0.011749272921541487,-0.00163720294885783,-0.010281785228035079,-0.01386439151111224,0.01026161371636608,-0.0006165885911155744,0.0015714222689918178,-0.010905980037704377,-0.0008211697172751942,-0.01097394594604889,-0.016118733072811198,0.01905774902608437,-0.00038183514469947166,0.014978657064478595,-0.015505525933866005,0.004925357101823513,0.008805877916991278,0.003603554999530134,0.014683234822259195,-0.00858055523037371
-0.01726426968022643,0.011950114349315255,0.0008688885121460044,0.001369617545167845,-0.008822196924718917,0.04352703604600622,0.014491594304088251,0.008287272273629354,-0.0075381428825352925,0.02488821335277419,-0.008004193446346342,0.00939196541698889,-0.019562289243827136,0.001757044878998082,-0.023782542944719764,0.0049710254594734216,0.01958916883017464,0.01094159182584803,0.0016070234379049197,-0.02452589663685445,-0.0016371959844768136,-0.04113808905399757,0.01464066331876146,0.0,-0.0023883965997608114,-0.009002933212029607,0.0015920320941508193,-0.020088327967546837,0.02601937051038067,-0.0016236846467247434,-0.0003646164979517752,-0.02464200671706729,0.0006126247004140106,0.02510095107823823,-0.019111334603592323,-0.03464995845970137,0.01246016460489191,0.010993849096947728,0.06504137825987255,0.07089089998178438,0.03901417833897247,0.07431821384763632,-0.03987529343637852,-0.00034001762920243817,0.049276469149659885,-0.03598591653030042,-0.009914802444811466,-9.627754424762491e-05,0.0,0.0,-0.00217928717872512,0.001146165218668116,-0.00021448181715899572,-0.0028348772478686834,0.026050974764705692,0.00036958529147829156,0.02050144064585735,0.027994715817007687,0.0,0.0015910364654256326,-0.007489764724342041,-0.01024397976818714,-0.009441130523472174,0.0,-0.0003818384239890893,-0.06893993115599084,0.003225307396403476,-0.003218339258158287,-0.0109350681340874,-0.001898400636900277,-0.0066938771161090815,-0.000759313073569079,0.008754664799861533,-0.002947654699840596,0.0,-0.008095108136222995
0.003709311662736414,-0.014304195358378513,-0.03127402521584388,0.0,0.014651608750081091,-0.033211931575538034,-0.0284830682879767,-0.008933327956753445,-0.00398916122584847,-0.001288446291609291,-0.03381606420419242,-0.01561553324017112,-0.031296375797085496,7.874571359733906e-05,-0.015230988559110703,-0.012429755501575768,0.010944088416239894,-0.001162595625422258,-0.04343744930650534,-0.021975724889818304,0.005879210063770346,-0.013991969705031582,0.010605365785094523,-0.0023883965997608114,0.0,-0.014158668948221709,-0.021109875657107313,-0.015729769447883235,-0.030946866475402457,-0.007040078033127284,0.0010486248773658446,-0.007920386121645584,-0.0025035504379523066,0.006456645671442385,-0.03662768014255252,-0.008825438690752807,0.000876393136876541,-0.016652917428748526,0.004059752746170542,0.050324763190110644,0.010861405017056569,-0.00011632958545632066,0.0005928879217215743,0.0,0.017997334991415814,-0.012976738619318862,0.0006254330635399596,0.0,0.0,0.0,0.012170715462360537,0.001450292495385308,-0.0026232350138103433,6.301886591458805e-05,0.02743084551011743,0.0,0.01464466332672476,-0.0032390842606822567,0.0,0.003149024822112545,0.004652601113849464,0.01298715207549378,0.008713038382509974,0.0,-0.002214842017051688,-0.008238938905015647,0.006874827333854361,0.004566778242674763,0.01801815900517828,0.00865841100128395,0.0055854879563936866,-0.005177506454444536,0.0037384281212741177,-0.008469815101226352,0.0,0.007427504789551065
-0.0046578504451531,-0.01937226047635765,-0.033418948770476575,-0.0009386810382416844,-0.00707135614069182,-0.009183805680138046,-0.022162120405276264,0.012509136467505622,-0.024817295439177045,-0.03130657446623075,-0.01311691061822412,-0.029038023759340836,-0.024405379661824267,-0.008510412780519672,-0.0011105916030434981,0.0016361283864452791,0.0061653734168075625,0.003935429780514532,-0.03820308466979927,-0.006689987886875859,-0.012477466689956196,-0.0025327202546884253,0.0007852325866340992,-0.009002933212029607,-0.014158668948221709,0.0,-0.0027118533658842536,-0.013267089620678962,-0.02400727242130002,-0.009649955261306742,-0.005543671489608493,-0.006864650267979777,-0.005524776340224913,-0.004254596547276168,-0.037722807757411325,0.01231722031268645,-0.0019569617404363027,-0.027460698141802853,-0.004600621901426183,0.028982662750092314,-0.006240028740796821,-0.015499121562780549,-0.039989257659720445,0.0,-0.002139912587409254,-0.02499494067714919,-0.006642082830463358,0.0006655247757705318,0.0,-0.0002890060896812985,-0.024101086542089534,-0.02647648116087925,-0.018869650226456314,-0.02655502519818903,0.013986478034795302,0.00015272616443584575,0.001463729252253243,-0.015549091622190925,0.0,0.003892500299217283,0.0036205057752672354,0.010041503750413405,0.004708755329326353,-5.551115123125783e-17,-0.008638011343894969,-0.015227395070576466,-0.003954324916234597,-0.016893568515441215,0.009727390049758755,0.00365019836720476,-0.008413104133731808,-0.008514511373537093,-0.006685920911249754,-0.01948934237100275,8.821471631220712e-05,-0.0037038632608701327
