0.0,-0.003508997641794409,0.0026847219203781636,0.0,-0.0003429556467104966,0.0027644302670446486,0.014370318685611116,0.009919750907795288,0.007976270021105791,0.022028588467669086,-0.00033886313014497293,0.029201826463909952,0.014603152981859213,0.0025338336484983515,-0.012708165224973422,-0.02408197751757768,0.0019236462662237108,-0.0042543660923028415,0.0,-0.013417841538905517,0.019185812157399673,-0.004737042248060874,-0.005400474014319978,0.03780381084796963,0.00414559711935375,0.0004875956148541749,-0.019251322633317858,0.016843114674103044,0.003683946188976772,-0.048411651132119315,0.004497608576302825,-0.01655309231677099,0.004221849276894063,0.008699229131741815,0.012426950878382192,-0.0006495535916435369,0.0,0.012680580202466374,-0.02154104750356778,-0.05570859552415308,-0.02647379299071201,0.004888253704814105,0.0,0.0,-0.00021983026961797103,0.020198964013811216,-0.022440231666344013,0.0,0.0,0.0,-0.015821828515157343,0.0,-0.0010132679555931445,0.0,0.02387242448337551,0.0,0.011764380554678822,-0.007613368084469996,0.0,-0.039132785491206246,-0.027152355426833086,0.03554009507046735,-0.02769738659688642,0.0,0.004790761275223154,0.0730950840236746,-0.013714522632699455,0.002259095567098357,0.007366244258568466,-0.019442935901331337,-0.0013348118406635856,-0.002650547927825486,-5.507252236958138e-05,-0.03125538290108537,0.0,-0.015017302526854959
-0.003508997641794409,0.0,-0.016518305115246157,0.0,-0.00842507100540496,-0.0009787977249541835,0.01391664509613233,-0.02046998680500467,0.0022616128264065782,-0.034080247025288,9.114120127001746e-05,0.0015831991098193554,0.02090731265313861,0.0,-0.014877177097499139,-0.02789757318993963,-0.02353802278285788,-0.017731053517184903,-7.357234962490633e-05,-0.01708087267171765,-0.013336615942307228,-0.032668929882068876,-0.009796433395607707,-0.016063003364029826,-0.00880831029709045,0.004268801392325827,-0.01820267598830766,0.02001241094947831,0.006169021882941217,0.051133991109256094,-0.021901843370426,-0.03803082736374064,-0.019122182155646095,-0.02374194669503199,-0.013954646832659567,0.09148591866943734,-0.00012567704446142525,-0.0008973322934604511,-0.023902251351974435,-0.026419528973331885,-0.028095748968098966,-0.022103175160704924,-0.004878743246545636,0.0,7.82028416901337e-06,0.004364616365525764,-0.03104512690649519,-0.0012493138053492614,0.0,-5.551115123125783e-17,-0.025283842566012515,-0.028822097888626996,-0.02216422956173758,-0.025596832666360425,0.002912363686236319,0.0,0.001745228637443308,-0.028798702372405116,0.0,-0.023060613655829343,-0.03274342095708077,-0.040013595308891314,-0.03538391381042405,0.0,-0.02132024929495846,-0.0050324336883951215,-0.0317518275178264,-0.019451168053326306,0.007539555190374192,-0.02779604238138783,-0.010928280134618773,-0.026538998801757974,-0.022758421180153865,-0.013026496276470567,0.0005377725422786028,-0.03195371770275146
0.0026847219203781636,-0.016518305115246157,0.0,0.03323194013602676,-0.0353621734132083,-0.032943763858998276,-0.020248052102232073,-0.013147695012451333,-0.020490998621046308,-0.012030530471252854,-0.033746773996678636,-0.024992487124742224,-0.012241838974479002,0.014984391517288587,-0.0015328291555061213,0.0018685438850235547,-0.032642765907285654,-0.03242514613398817,-0.04356435405188619,-0.03437671025428868,0.0015718272538636224,-0.032232471916831984,-0.0019586391791049373,-0.03415718002324525,0.01979498212008185,-0.006661457379916191,-0.03381471698874816,-0.010291352319205027,-0.01956662289314126,-0.022531059590856717,-0.007015336242885584,-0.014582130554586958,-0.012735086531436346,-0.009852907097394004,-0.03030823042646763,-0.008796693272310863,-0.015952018581704752,-0.02034868129227929,-0.04994283455827686,-0.0002022410856131751,-0.009096428776781962,0.0015928966315277293,-0.023212282880244517,-0.00012315036721910477,0.00020044313842287886,0.0,0.0003195287756387333,-0.07569999728877108,-3.3922788438389695e-05,-0.0035471857637069393,-0.02627917618769471,0.0008564367448330445,-0.03703699571977559,-0.04140299995832042,0.002256734379530445,0.035882770584797274,-0.0009041613327767095,-0.007955377006010234,-0.01677857334995919,0.002408354022652437,5.948631727714648e-05,0.0,0.0,-0.037151422489683894,-0.0020246406328799926,0.0012031410071603466,-0.0050705914901784666,-0.01181831933801425,0.0,0.0,-0.00040431284269509815,-0.014546240633475649,-0.014023857097691717,-0.02957818512675836,0.0004219518869569283,-0.010268248819631176
0.0,0.0,0.03323194013602676,0.0,-0.008252952092393517,0.00303684133342641,0.01269797576173548,0.061832334976954506,0.02080832123429116,-0.13685599480644267,0.04395207829387077,0.003912465523343345,-0.0003842815524177645,0.013598560218437528,0.00014301405935535083,0.0,9.663071939136625e-05,0.0,0.016026224238123166,0.00159956215741075,0.0002867587598623933,0.0032855119612829053,0.04121796809669198,-0.0041139842550309,0.0,0.0013105921114613395,0.0016978710778710604,-7.532595944492737e-05,8.53023482025872e-05,2.4054037246867832e-05,-0.017924344039169426,0.04454272159187356,-0.0053912616336827535,-0.0017395043605525906,-0.0458490211539071,-0.015273718143819226,-0.0031262733152012945,-0.00025422078818798655,0.1638731551147482,0.0,-9.360227987614822e-05,0.0,0.00043677992327656456,0.0,0.0,0.0,0.0,6.705501640946743e-06,0.0,0.0,-0.0005584166462982987,0.0,0.0,-1.5698442769385146e-05,0.0,-1.60712426316989e-05,0.0,1.1817792691770634e-05,0.0,0.0,0.0,0.0,0.0,0.0,0.0,0.0,0.0,0.001431685698748908,0.0,0.0,0.0,0.0003703981391243172,-1.538721924254638e-05,0.0009184767834189422,0.0,0.0
-0.0003429556467104966,-0.00842507100540496,-0.0353621734132083,-0.008252952092393517,0.0,-0.01674020251541186,0.00787492868883849,-0.008234724513010883,-0.02745570374022277,-0.00018414794216436992,-0.013781840187613636,-0.010606529535233944,0.011675088748458629,0.009948014085625567,0.00043935013352330854,0.003987655632975429,-0.0030357108445796532,-0.007713705719071873,-0.03132924666688036,-0.02224941022050353,0.0029193976645021658,-0.021128287998740725,0.005700921731099873,-0.003402398959273356,0.008366660874192189,0.01482265655917403,-0.026032919096655338,0.023056019259880878,0.00017245259450721084,-0.008100657836602188,0.009464623197711741,0.0041180811338481504,0.004054794090271263,0.000508801444328133,-0.01028098689153295,0.008746813658058183,0.007510522040448775,0.0008276336323754241,-0.08140967193155413,0.01668481195873145,-0.01188161326676418,0.00023289364454848194,-0.062314043123208596,-0.11609226876169537,-0.0006128954782143037,0.0,-0.00010213925756530351,-0.010884778323857813,0.0,-0.056750449775910816,-0.01436427895391934,-0.007337895784614079,-0.018761602328068394,-0.013356519558466062,-0.06826970238154001,-0.022898708515935562,0.03745073215803346,-0.00818155517542507,-0.050190120742568345,-0.00027887569371770615,5.774782169049031e-05,0.0,0.0,-0.010061193789536071,0.0028374794866426467,0.0,-0.002987051616247849,-0.0180997573580276,0.0,0.00013858734597843592,-0.002399654258655015,-0.024179679451733438,-0.014570150431610862,-0.015498596367643502,0.0013016057658594704,0.0016631575646525176
0.0027644302670446486,-0.0009787977249541835,-0.032943763858998276,0.00303684133342641,-0.01674020251541186,0.0,-0.008946256449761658,-0.012555324406006096,-0.008915229697907867,-0.0042832524817379425,0.0008606361840333143,-0.014331157728735444,0.005549400323850873,0.020749505320345307,-0.02124534654184651,-0.0022075936472086277,-0.01066452887840802,-0.007251187337823761,-0.022359892305059692,-0.020613810015680023,-0.02751114255667575,-0.010274082012037944,-0.013184287462748301,-0.007879344735023497,0.00393640100384457,0.006834628732570014,-0.022910171269026447,-0.0010061246319367223,-0.01808752121123225,-0.009703469982227764,0.0024832040130833843,-0.020038867450511533,0.019282973712520413,-0.007162992827231707,-0.011616576676569679,-0.008148004808431863,-0.020199172230994933,-0.014703390346414102,-0.03490029100857256,-0.0016759403996963185,-0.019257883450801205,0.006527128442291863,-0.012181429333464056,0.003277620359548483,-0.001470189404880029,0.0005636939880181435,-0.0087080127111126,-0.012020194259773853,0.0,-0.00506195922381103,-0.01928976560956175,-0.0078428559643835,-0.013277557019651942,-0.01122686588754318,0.0047104636818429135,0.0005247871460201115,-0.002131573203978332,-0.017776799126738407,-0.008387120237557721,-0.018657328395256245,-0.02387618107339784,5.551115123125783e-17,-0.0036636966210415456,0.018574130010850842,-0.03644794081215691,-0.02841425210130366,-0.007879795097458508,-0.025844871397368574,0.0,-0.025157668345974882,0.012180193255063587,-0.03104669682939515,-0.02326002611299577,-0.023521247862665573,-0.028920478600973354,-0.022052524047324995
0.014370318685611116,0.01391664509613233,-0.020248052102232073,0.01269797576173548,0.00787492868883849,-0.008946256449761658,0.0,-0.007307992983774103,-0.021637463876631235,-0.004773382091283251,-0.01953891046966566,-0.01561310743073202,0.0068496095257359335,0.01210326620405966,0.01451223010280639,0.01479877270488178,-0.00558959701592443,0.0073116655972289,-0.014414826159588057,0.006556171198660421,-0.006442455965013805,0.009973698623451377,-0.003751596715549199,-0.013048864973781882,0.013832112208635061,-0.0026889447064546435,-0.010148999365342415,0.010626039904314433,0.0066170199473375435,0.004336561408061657,0.011523614933462267,0.0064648791350862544,-0.0014479670635676456,-0.006002708976995785,-0.005667590413878543,-0.007173615563352775,0.001391624346328335,0.0074795864320328365,-0.0715090907571978,-0.02799125084406323,0.01269103324915788,0.00471581714189262,-0.025169624788859923,-0.0014449222675050888,-0.0009549181272853202,-0.0001452114237076585,-0.015097798991446587,0.006386767305097574,0.0,-0.0041799094774171985,-0.003043286829469971,0.006998160735514736,-0.0016395203362052357,0.0045969409507424785,-0.0341658498201412,0.010587551280167418,-0.01366626854395081,-0.0020390952433049225,0.02055931084378998,-0.05840831972662214,-0.024886593729389117,1.1102230246251565e-16,-0.02139952426967101,0.035345987954458535,-0.028657900057554697,0.002129495285609073,-0.001363558305797874,-0.008033142995109599,-0.002158419372420395,0.0018995842415599484,-0.006592038448851312,-0.012716022031368901,-0.008171134173128758,-0.016862558026798202,-0.011339714962063874,-0.008938298531084077
0.009919750907795288,-0.02046998680500467,-0.013147695012451333,0.061832334976954506,-0.008234724513010883,-0.012555324406006096,-0.007307992983774103,0.0,-0.014141767187479226,0.005990757864576146,-0.04473191354629835,-0.031692510271967345,-0.003019168194208055,0.04664179564467341,-0.011880900800743777,-0.0259164584643497,-0.008426782631929142,-0.007195401120958567,-0.03223042207428212,-0.0260562855790189,0.00979672482626398,-0.02269364794408474,-0.0014270932354227828,0.021625706997177918,-0.008166540539232547,0.00353931406992386,-0.009591420628182246,-0.00697194616640362,-0.010777220137243582,-0.019576640752210606,-0.017274229975162148,-0.013447477396874574,-0.01228911321189341,-0.00834533611561139,-0.022867199178031705,0.00697051541359639,-0.05579173753725991,0.0041746834825932555,-0.03628638927355626,0.0013215811594238236,-0.02931320520052394,0.002211505916402401,-0.08880152728903523,1.5332257443656516e-06,-0.0001499219926109907,0.0024279737704816506,0.0028007538121251896,-0.018000225907126466,0.0,0.01413640029120522,-0.032306933534400784,-0.017512123643910527,-0.042278535126918815,-0.023514142786718373,-0.004429855545832029,-0.022528409825658458,-1.1102230246251565e-16,-0.019088967066252516,-0.03698819613286458,-0.006537332780173655,0.006049459678669378,0.0,-1.1782586888664515e-05,-0.0036738976681864877,-0.04467039422664176,0.014085314089165468,-0.016237927956394393,-0.03362075407647036,0.0004586390684049868,0.0021176544182371915,-0.0016495694126207883,-0.0545790185831212,-0.018076989753126993,-0.017510348245168506,-0.014211164762908401,-0.030180821078493958
0.007976270021105791,0.0022616128264065782,-0.020490998621046308,0.02080832123429116,-0.02745570374022277,-0.008915229697907867,-0.021637463876631235,-0.014141767187479226,0.0,-0.008067694131924708,-0.029035893371542,-0.016004693627892697,-0.022574023861402726,0.012341942614648771,-0.004099586700570368,0.008423075421028547,-0.019288552257746838,-0.012273438410984494,-0.02518664757239053,-0.01828706698646232,-0.0005435611522448536,-0.011409328845615962,-0.004726026458092392,-0.010845408953400915,-0.0005317782969401774,0.007322697463210237,-0.03285648961139953,-0.0038313588078374705,-0.0029787380571070776,-0.012934778370618238,-0.0038902917334087683,-0.007068036144008749,0.0009756788448456177,-0.005880174467494836,-0.014196620655359371,-0.018682187687472096,-0.012120261089455187,-0.01050568160632842,-0.04405488665900764,-0.0170562594279417,-0.007634695085490861,0.0024593978183548026,-0.021487198937332475,-0.04625672744098264,-0.0006754024456807062,0.0,-0.01558640015156365,0.007005186367466054,0.010417564816752878,-0.02377177098927674,-0.017012503095204856,0.00032361567723715456,-0.030606417550574916,-0.008721389629617327,-0.05783705581453441,0.022725808528661684,-0.004869779089747561,-0.007970177494594277,-0.016049345769070245,0.0024947993052586437,0.0008927721763837826,5.551115123125783e-17,0.0,0.007104984369448286,-0.0033023533946760497,0.027444509275722784,-0.019103399831461976,-0.019538438982250605,0.000580553322540589,0.022333044030429794,0.015427316367436439,-0.024938870498688148,-0.008298533305171163,-0.02163063176666996,-0.044096661901373735,-0.007077894493675463
0.022028588467669086,-0.034080247025288,-0.012030530471252854,-0.13685599480644267,-0.00018414794216436992,-0.0042832524817379425,-0.004773382091283251,0.005990757864576146,-0.008067694131924708,0.0,-0.01190285205182201,0.016887675639403577,-0.013354516530671712,0.02931918900253666,-0.0010494156191805382,-0.024127454008207372,-0.000963593639585425,0.00014425149182689667,-0.005863897199974766,0.004306806923201234,0.023256084750314654,-0.02465274183450794,-0.003180301804706298,-0.0037159585700013986,0.0031834444162818776,0.004269765633159062,-0.015729653671791577,-0.013191463344403243,-0.005006019473169809,0.0013371081401035156,-0.0015960666871704943,-0.016112683775190928,-0.026510797213607662,-0.03351736570490044,-0.03958703141813308,-0.017365359110556755,0.013791914289961404,-0.006435255616792257,-0.04912888931637349,-0.07474551180260935,0.009187947407715058,0.015535723771479215,-0.019806353683823552,-0.0011022919418690047,-0.022889860545599383,0.0015426796622251548,-1.5327748741633673e-05,0.0011937705347624394,-1.1102230246251565e-16,1.6653345369377348e-16,-0.009753990658543543,-0.04306769518538667,0.0009624803300954943,-0.04946351319855702,-0.030965057874883295,-0.014931235075240079,-0.03571479279591233,-0.03852206257716939,0.0,-6.289743459864106e-05,-0.039098606646259526,-0.029906936303409903,-0.03804841351190935,-0.000510504162476888,4.215493436354745e-05,0.0004946449398188779,0.002950731962058195,-0.012917022672229717,-0.014178566948133686,-0.0432467017359594,-0.02838207103528534,-0.01862425121267436,-0.037770019914684316,-0.016633291780875026,-1.1102230246251565e-16,-0.034638765788314485
-0.00033886313014497293,9.114120127001746e-05,-0.033746773996678636,0.04395207829387077,-0.013781840187613636,0.0008606361840333143,-0.01953891046966566,-0.04473191354629835,-0.029035893371542,-0.01190285205182201,0.0,-0.020130635116481777,-0.012419638365762264,0.03401147233006163,0.0,1.8215972376056655e-06,-0.02602366782951493,-0.02561814599095702,0.002988011195796836,-8.371821865416074e-06,0.005242010981645284,-0.0004552867069911315,-0.035141695640147685,-0.021721850882188476,-0.02386547662280447,-0.02819222974809249,-0.029948197966485957,-0.013173964743757871,0.0011367198769273168,0.009414563351421934,-0.008037784383203517,-0.026647526294858337,-0.015872133485530238,-0.021026100053339658,-0.023514705020816373,-0.006587490923297523,0.0006616910511215712,-0.017196786492913674,-0.0872189989588974,0.005256581638075186,-0.026451330830426723,0.0011615738103734619,-0.06037204515268485,0.0007368515100543704,-8.366733839382245e-05,0.0,5.551115123125783e-17,0.05229472735391122,1.4692665670446026e-05,-0.018347027118232995,-0.024157562943345534,0.00467200912756266,-0.05605620772489117,-0.0026180758867101472,-0.01922948382239703,-0.005990112493174937,-0.004971471654497794,-0.017890008769254395,-0.0462888983526919,0.0007210842452481381,0.0,0.0,0.0,-0.07359789511900605,-0.001136448926599254,0.0,-0.0012948684594534243,-0.03352453772526981,0.0,0.0,-0.02113424010968773,-0.03494109160879927,-0.019761739796423927,-0.02836715866439582,0.0006388742221470345,-0.014828084885687598
0.029201826463909952,0.0015831991098193554,-0.024992487124742224,0.003912465523343345,-0.010606529535233944,-0.014331157728735444,-0.01561310743073202,-0.031692510271967345,-0.016004693627892697,0.016887675639403577,-0.020130635116481777,0.0,-0.023386154941811232,0.026679878011715508,-0.0012653546552378048,0.005081530954928026,-0.01668153344638923,-0.016897243381013338,-0.022859779947081937,0.010158149538625205,0.010799776717013765,0.051258408489558316,-0.03849666924342732,-0.011669622287859283,0.011904180656888641,-0.03202452996983618,-0.025545763695449142,-0.021409264707549558,-0.009416210348137555,0.00232853163512331,-0.02154771069178746,0.013472636650529168,-0.05240771091666385,-0.016550746707646113,-0.004802571835590741,0.008432355295352245,0.017623641270993473,-0.03603203465853247,-0.0254066093099809,-0.07860862347285774,-0.013852652150983968,-0.12456332287700961,-0.006027637915217099,0.000964837661988488,-0.05278038820369613,0.007686230482279233,0.001041651175486935,0.0007009268637624966,0.0,-0.00043003680399922306,-0.002622762752982122,-0.0027617174109728637,0.0,0.0017800791447669662,-0.024926629510838294,-0.0354423097997017,-0.022204129394600258,-0.008758767930265365,0.0,0.00047387098649587234,-0.026771358267652978,-0.033277677885545975,-0.0444015841849843,0.0,-0.0005584044765353791,0.0003201930047901369,0.003179738829830636,0.0006818441385298968,0.005625800880121712,-0.03905534082208734,-0.025696776856358294,0.01604109709789764,0.0013644875034121151,0.025734099035073066,0.0,-0.023648404089052444
0.014603152981859213,0.02090731265313861,-0.012241838974479002,-0.0003842815524177645,0.011675088748458629,0.005549400323850873,0.0068496095257359335,-0.003019168194208055,-0.022574023861402726,-0.013354516530671712,-0.012419638365762264,-0.023386154941811232,0.0,0.01027216312426571,-0.006718021089152093,0.014894559249290451,-0.004384605868128,0.010005520155414727,-0.006225096153014198,0.0066305779559519,-0.013884315589130669,0.013794606215026872,-0.008954239568568945,-0.01853391717886521,0.01871657143718375,0.0014897816957785137,-0.010818806406409587,0.005940272176753636,0.004407755606580022,-0.00785272471871834,-0.00269778165742407,0.0002094684673192293,-0.00914049676418277,0.0020007772989509842,0.011781323057191373,-0.013064070647765824,-0.02264490692381682,-0.01133923436664136,-0.05062650925721485,0.004378245883126353,0.00306964128257875,0.011755541964246885,-0.011127719748633413,0.004473335448757498,-0.000653723350276858,-0.0005389976091135229,-0.009967220383668873,0.007814902062781348,0.0,-0.0001335178207518828,-0.004173515203048317,0.00657841536280912,0.003234677346861836,-4.7019756904465027e-05,-0.025917854641711258,0.013443313636608889,-0.03006670760559149,-0.00390434816824603,0.0009407050783709625,-0.009604368086473525,-0.013188348666116845,-0.03023136578011243,0.0029348032392436663,0.03137546944026515,-0.026802917690193495,0.015723173836606652,0.0037120485414481874,-0.007174562080939473,-0.0012998527878219646,-0.014391888966006072,-0.0053977079680283535,-0.014548705494956793,-0.010726155614952049,-0.00923616213606926,-0.014853682043109995,-0.0011847888549824104
0.0025338336484983515,0.0,0.014984391517288587,0.013598560218437528,0.009948014085625567,0.020749505320345307,0.01210326620405966,0.04664179564467341,0.012341942614648771,0.02931918900253666,0.03401147233006163,0.026679878011715508,0.01027216312426571,0.0,-7.795116403030988e-05,0.0,0.0,0.0,0.018415131096601034,0.0013305292328070761,0.023382783981676036,0.0027068907104251805,0.02538281874158571,-0.11211217769011339,-1.4342975681924663e-05,0.00254143264564044,0.014941737541658229,0.0014052431167314583,0.00470371224158983,-0.0004761001784716612,0.006629148703091836,0.003164704185460221,-0.0007421119012938626,0.013626156678728851,-0.0002004884572853749,0.008215565244154455,-0.008178108351026336,0.0018575752376773225,-0.035164666778216114,0.0,-0.0019634872425293715,0.0,-0.031109052410534632,0.0,0.0,0.0,0.0,0.008293195175161472,0.0,-0.0119733956776229,0.008566966813729093,0.0013657974860102895,-0.002666520212404433,-0.004087792369692367,0.0,-0.0027908134780235128,-0.00045554565660910207,-0.002438806271363614,0.030851103543661162,-5.551115123125783e-17,0.0,0.0,0.0,-0.013316403985323577,0.0003151827414424879,0.0,0.0,-0.01867411510790179,5.3456888372771516e-05,0.0,0.0,-0.01830742217208353,0.0021867467861739764,0.0018004171704419925,0.0,-5.551115123125783e-17
-0.012708165224973422,-0.014877177097499139,-0.0015328291555061213,0.00014301405935535083,0.00043935013352330854,-0.02124534654184651,0.01451223010280639,-0.011880900800743777,-0.004099586700570368,-0.0010494156191805382,0.0,-0.0012653546552378048,-0.006718021089152093,-7.795116403030988e-05,0.0,-0.0009319125773512016,-0.012235427781882358,-0.0075815352896767,0.0,-0.018568488427973928,-0.025123224238757125,-0.021743395595892334,-0.036431684385250684,0.005139137857450793,-0.009039661470968408,-0.022720827681719347,-0.06215326781801622,-0.0013265443582479164,-0.029429704930314105,-0.007535104442848439,-0.005009292346989436,-0.028730474333205247,0.0035281193903932695,0.006181062691848538,-0.00013159817873675816,-0.0062804043213307015,-0.009023249792936616,-0.0010021714916359503,-0.023266030473982513,-0.006632634210023469,-0.014967151512386756,-0.01468894892995204,-0.052656117121600565,8.935086518557789e-05,-0.0022374372762523076,-0.015286799604182277,-0.0058896031437257745,-0.025748665469719212,0.0,0.0,-0.004315718678052638,-0.024650346582157145,-0.0110701087060327,-0.0026692202784733277,-0.000213517363819693,0.0,-0.0006143504821690127,-0.00788571752586037,0.0,-0.038296871460881454,-0.01795669074678169,-0.0003818992397978116,-0.037747555905405517,0.0,-0.023802759658355543,-0.0001568653533652875,-0.011164656651240557,-0.021972943918993515,-0.0005162326560007591,-0.018902207895810097,-0.002900425776840576,-0.023834395303123368,-0.010637447087757879,-0.01121881590369661,-0.031040447321456943,-0.013618531039533421
-0.02408197751757768,-0.02789757318993963,0.0018685438850235547,0.0,0.003987655632975429,-0.0022075936472086277,0.01479877270488178,-0.0259164584643497,0.008423075421028547,-0.024127454008207372,1.8215972376056655e-06,0.005081530954928026,0.014894559249290451,0.0,-0.0009319125773512016,0.0,-0.016496655664524518,0.004732352627291214,-0.0008543839380330542,0.005762786744883175,-0.0018649226987165757,-0.0023359709028482056,-0.005425994889422248,-0.022063390876908395,-0.003814089984026825,-0.006149945131299739,-0.007873455824222442,0.007542181209834464,0.0023225351091455404,-0.006863557891760297,-0.0039621597479682635,-0.020072123731535663,0.0003263593715940871,-0.007641500255592126,0.00891898467043778,-0.06803506134912357,0.0003632701726693499,-0.002432134197378477,-0.025918763251413734,-0.04257424758503425,-0.03364970066735706,-0.025702001245255846,0.0016852986843650108,0.0,0.0,-0.005908590367672828,-0.028183482303245577,0.0,0.0,0.0,-0.02533225025110203,-0.0012573457161145218,0.003296926559096358,0.0,0.002850497890722392,0.0,0.005066248953199515,-0.02183277664957889,0.0,-0.010667303048911614,-0.03934422944230981,-0.03855616066922768,-0.04425954134249299,0.0,-0.012991283017478705,0.007936791131228527,-0.019181868702703664,-0.012591254653468609,-0.02581717447741222,-0.03685526831946501,-0.023626083785144747,-0.015890227104346344,-0.029061940923029383,-0.007942914085871056,-0.00011096889403960919,-0.026210010069328604
0.0019236462662237108,-0.02353802278285788,-0.032642765907285654,9.663071939136625e-05,-0.0030357108445796532,-0.01066452887840802,-0.00558959701592443,-0.008426782631929142,-0.019288552257746838,-0.000963593639585425,-0.02602366782951493,-0.01668153344638923,-0.004384605868128,0.0,-0.012235427781882358,-0.016496655664524518,0.0,-0.0016859837879296125,-0.029353116132161183,-0.01391112640323916,0.01039957674552483,-0.012603218590927612,-0.0158850356418318,-0.03284307838590633,0.0008942394985944624,-0.020572800117674428,-0.013433763852804759,-0.006874059483762518,-0.0045189178733619495,0.0012363741393389138,-0.0004217568814835482,-0.03138747863110919,-0.020969454563557977,-0.005181436661667815,0.009363473150698742,-0.011457533159976052,-0.03413145983003829,-0.02401136955551625,-0.03796699393802011,-0.05507727855237349,-0.030435659276724647,-0.016769285629616104,0.0,0.0,0.004376948971550276,-0.00014704779235230614,-0.03368095599955717,0.0,0.0,1.6653345369377348e-16,0.000534445509304593,-2.1711996109563536e-05,0.0,0.0,-0.026583411511180044,3.8532964787674207e-05,-0.022656630276239542,-0.011151291000082275,0.0,0.0,-0.0339113590798259,-0.026943626483137084,-0.0361306487072201,0.0,-1.9401919330308548e-05,-5.551115123125783e-17,0.002362280366886349,0.0014375893576599186,-0.01247060712172876,-0.036201055432565576,-0.021939960120043733,0.0,-0.03328231553661981,0.0001908568545294087,0.0,-0.01988054890986074
-0.0042543660923028415,-0.017731053517184903,-0.03242514613398817,0.0,-0.007713705719071873,-0.007251187337823761,0.0073116655972289,-0.007195401120958567,-0.012273438410984494,0.00014425149182689667,-0.02561814599095702,-0.016897243381013338,0.010005520155414727,0.0,-0.0075815352896767,0.004732352627291214,-0.0016859837879296125,0.0,-0.02776485949663221,-0.008462046884725405,-0.008974191577711732,-0.012179552527269655,-0.008367664291946464,-0.019592925081865997,-0.0173031654219562,-0.005439302308561822,-0.007636400893802742,0.008265000191978955,0.0011816183997474528,-0.018198789241847313,-0.012589385471753478,-0.018124706875769725,-0.00044708352823535913,-0.009828991565669076,-0.002399589333947183,0.004549399242684382,0.0,0.001143113752457181,-0.023875912110341235,-0.04567229361014752,-0.02677869177337333,-0.024308894012321502,5.551115123125783e-17,0.0,0.0008734766933080063,-0.011872603262465697,-0.019234015995216958,0.0,0.0,0.0,-0.02535817250927247,-0.0007711605138264188,-6.341696450473666e-05,0.0,-0.03647849532989306,0.0,-0.03325532007014409,-0.02705965693120349,0.0,-0.027079107700317295,-0.028749911777054937,-0.038020309703565014,-0.03725448777957241,0.0,-0.010689932698673521,0.01568295883683285,-0.01011729072186196,-0.010596461980807215,-0.011248800487338784,-0.03316640315895519,-0.026056708621600422,-0.019809318285787414,-0.028812887285462108,-0.010818713469905594,0.0,-0.017295834788914832
0.0,-7.357234962490633e-05,-0.04356435405188619,0.016026224238123166,-0.03132924666688036,-0.022359892305059692,-0.014414826159588057,-0.03223042207428212,-0.02518664757239053,-0.005863897199974766,0.002988011195796836,-0.022859779947081937,-0.006225096153014198,0.018415131096601034,0.0,-0.0008543839380330542,-0.029353116132161183,-0.02776485949663221,0.0,-0.0014813405430996185,0.002282607236194334,0.002029194261988665,0.022239511272439394,-0.03071006184204128,-0.027402082962854957,-0.032294160194441646,-0.04672289580386452,-0.006147033735656393,7.013234297503779e-05,0.008709798431901172,-0.004077806748539692,-0.009411489560961717,-0.02046405918354499,-0.007134705860133261,-0.008526819432876864,-0.0028753566028404953,-0.004115041443015222,-0.02104231415296509,-0.07048113448538013,-0.0002921540831583025,-0.020084456445580434,0.0011705227625108394,-0.05318315755880976,5.551115123125783e-17,-1.6653345369377348e-16,0.0,5.551115123125783e-17,-0.03637316750096281,0.0,-0.04889486787290881,-0.03241368052416449,-0.012671212215695782,-0.03754555029464651,-0.02057687555833443,-0.06984946932671343,-0.03389992230962585,0.00013972024791825133,-0.016197769632690928,-0.0653614024199371,-0.001123230762029137,0.0,0.0,0.0,0.003673564297713372,-0.0017486823902498894,0.0,-0.0001439363668042648,-0.032397431487117045,0.0,0.0,-0.022756428494951852,-0.03884234811393539,-0.02120964496146932,-0.03648892914436469,0.0015957286435904772,-0.0191861548746306
-0.013417841538905517,-0.01708087267171765,-0.03437671025428868,0.00159956215741075,-0.02224941022050353,-0.020613810015680023,0.006556171198660421,-0.0260562855790189,-0.01828706698646232,0.004306806923201234,-8.371821865416074e-06,0.010158149538625205,0.0066305779559519,0.0013305292328070761,-0.018568488427973928,0.005762786744883175,-0.01391112640323916,-0.008462046884725405,-0.0014813405430996185,0.0,-0.032315607184963846,-0.0138028227414152,-0.01060952560093531,-0.007267448514097219,-0.01110716940083012,-0.021475610217839947,-0.058517992299302546,0.011663833968744541,-0.017130396800322856,-0.0072992103969035105,-0.0039686874514434645,-0.036864758377883944,-0.007503839391972467,0.0066820601494095855,-0.0023096783583825276,-0.013191339938976365,-0.009055344375152596,-0.002965864236451732,-0.028001901557498543,-0.00802160197427243,-0.023316798701424224,-0.017930231512526262,0.0030573529003827815,0.00018743107980534468,-0.00021333655034455612,-0.003106028504823888,-0.015609633689570412,-0.04302645701727392,0.0,0.0003409021780731991,-0.01748094571462583,-0.030738985920180262,-0.03068990886051276,-0.02354890168659829,0.0005567927701879416,-0.0020132257495792394,-0.00032737712530034324,-0.01090737852389434,0.0,-0.03555241960579553,-0.017143992492000937,0.00017967535075485985,-0.025835085175379413,-0.012042849448909876,-0.03548798905930717,-0.016986703028500694,-0.020337500557179644,-0.03087290913339169,-0.002285350171048417,-0.020583366186093743,0.0006713786899840701,-0.037481604766440246,-0.020729354213818274,-0.028399502130725007,-0.03804849753742012,-0.023144724581336262
0.019185812157399673,-0.013336615942307228,0.0015718272538636224,0.0002867587598623933,0.0029193976645021658,-0.02751114255667575,-0.006442455965013805,0.00979672482626398,-0.0005435611522448536,0.023256084750314654,0.005242010981645284,0.010799776717013765,-0.013884315589130669,0.023382783981676036,-0.025123224238757125,-0.0018649226987165757,0.01039957674552483,-0.008974191577711732,0.002282607236194334,-0.032315607184963846,0.0,-0.01744719244929277,-0.014681196266686458,0.04928935790953082,-0.0049734287207617855,-0.0011602776579660024,-0.035569502785926244,-0.022756150774037642,-0.028014274075832624,-0.035139188458099935,-0.002999843457088369,-0.035068106080984485,0.009029136102268909,0.015540438816732782,0.012155238975137761,0.02438133721895297,-0.00046325792956142253,0.004873926347975122,-0.014069642785244973,-0.02983092066516818,0.003460475722519618,0.0029263659066538494,0.0005229953563093415,0.0,-0.00036983179259530985,0.06763634050988604,0.015557534423920938,0.001240793563748177,0.0,-2.6257539695151433e-05,-0.013302741552841058,0.005833587851244548,-0.004288350381904282,0.0010444424711879008,-0.001180229884017725,0.0,0.00030646649058591047,-0.005896727880436992,0.0,-0.014115302343373382,0.0005924466686000329,0.0,0.0035918131587656665,0.0,-0.021882434047390376,0.04808725532486113,-0.006606759557014175,-0.020311609692328925,-0.0008965653315404776,-0.021249613419305202,0.027583888870297946,-0.03497384321446845,0.00021270660922312334,-0.011049159057131719,0.0068068148471363,0.0025167602832704694
-0.004737042248060874,-0.032668929882068876,-0.032232471916831984,0.0032855119612829053,-0.021128287998740725,-0.010274082012037944,0.009973698623451377,-0.02269364794408474,-0.011409328845615962,-0.02465274183450794,-0.0004552867069911315,0.051258408489558316,0.013794606215026872,0.0027068907104251805,-0.021743395595892334,-0.0023359709028482056,-0.012603218590927612,-0.012179552527269655,0.002029194261988665,-0.0138028227414152,-0.01744719244929277,0.0,-0.01223181280843788,-0.004809049343693805,-0.018496085693539444,-0.012744410458702005,-0.03761524560568147,0.01601316392265839,0.002077300602505605,0.002140544837147984,0.004861418325973699,-0.029237328669819374,-0.003669964602445397,0.0005008126280225955,-0.004855341856809192,0.003544325644690538,-0.00866974624255984,-0.0014080345746436684,-0.019291097100575083,-0.006652209102871065,-0.006521749319129133,-0.007338748867777856,-0.06453437006453594,0.0,0.0014773595396919137,0.01470608067299134,-0.015261826496166753,-0.021797917215211904,0.0,-5.2434672437540186e-05,-0.005456623407690153,-0.012388642946005834,-0.015112605044001137,0.0005605778956334073,0.003403657245700964,0.0,0.0013503618497042735,-0.004205910549424874,0.0,-0.028884858310586625,-0.022997418041880158,-0.009421264826996789,-0.017565079802789374,-1.1102230246251565e-16,-0.023030082745492397,0.0005733922333074903,-0.018040533129617953,-0.023426624831208942,0.0015097328410964006,-0.026525820289128144,0.005873395405411652,-0.028690336277862438,-0.014402300287879422,-0.012984145478731557,-0.022877124570724938,-0.00815384597839236
-0.005400474014319978,-0.009796433395607707,-0.0019586391791049373,0.04121796809669198,0.005700921731099873,-0.013184287462748301,-0.003751596715549199,-0.0014270932354227828,-0.004726026458092392,-0.003180301804706298,-0.035141695640147685,-0.03849666924342732,-0.008954239568568945,0.02538281874158571,-0.036431684385250684,-0.005425994889422248,-0.0158850356418318,-0.008367664291946464,0.022239511272439394,-0.01060952560093531,-0.014681196266686458,-0.01223181280843788,0.0,0.00366401297772867,-0.006089504412782665,-0.007185811710389345,-0.018111646238108348,-0.014707148667912118,-0.015337268091959455,-0.02343827791845282,-0.011600266460076558,-0.03252243054366971,-0.005808457943047518,-0.01148782066580134,-0.023448553439194886,-0.004849796122075589,-0.03317119432461918,-0.02762890855262562,-0.0487207846943038,-0.0773469720364694,-0.019940504161100214,-0.031103384151942692,-0.06186188537309484,-0.00210148820140732,-0.005345234838583901,0.001235404475147639,-0.004262018741486573,0.01416310230049378,-8.175297521562097e-06,-0.036915223822223175,-0.02069733812891883,-0.010822717894804823,-0.024401035009858574,-0.01504703342580771,-0.0454569711982194,0.0040472941167838394,-0.008912484694749923,-0.018014655479233532,-0.03351350608095299,-0.021063062753101325,0.002654807358075606,0.00013044797406625008,-0.03478016172418308,0.0306760802090158,-0.028033600276564374,-0.0008623072774814333,-0.014206537865368796,-0.018970414347452447,0.0008064065608220927,-0.008928522484105639,0.002848124233708893,-0.03187211156780717,-0.023050364646486465,-0.015317761524593188,-0.024307673226905524,-0.018448939369614226
0.03780381084796963,-0.016063003364029826,-0.03415718002324525,-0.0041139842550309,-0.003402398959273356,-0.007879344735023497,-0.013048864973781882,0.021625706997177918,-0.010845408953400915,-0.0037159585700013986,-0.021721850882188476,-0.011669622287859283,-0.01853391717886521,-0.11211217769011339,0.005139137857450793,-0.022063390876908395,-0.03284307838590633,-0.019592925081865997,-0.03071006184204128,-0.007267448514097219,0.04928935790953082,-0.004809049343693805,0.00366401297772867,0.0,-0.02163706336681709,-0.03646864315952342,-0.02551514309588737,-0.024347124163562883,-0.01806164004200561,0.003143810581056783,-0.01927243129773648,-0.006176093350283296,-0.028852341020967676,-0.012855614147528505,-0.0021542924882543835,0.010329204197147501,0.02728831106929064,-0.053236034192648274,-0.03887450321476382,-0.03198603326567928,0.03098504799613161,0.0006895939990695932,-0.002048174072879272,-0.00015599456088838393,0.005282334902211194,0.020693409015323905,-0.02155252216902187,1.7536274836971177e-05,0.0,0.0,-0.001576115119527266,0.0012212915002606795,0.00045162980935281594,0.0002679411923750541,8.59530550267884e-06,-0.0008090802645105422,0.005967605769049644,0.003787431505497596,0.0,-0.001519208311464293,-0.029031554286077232,-0.012500960127347693,-0.03527530927530015,0.0,0.0013613213091012155,-0.004099001513023004,-7.024059369953317e-05,-0.00192236622256875,0.03533379124144037,-0.021800752000174062,-0.01745686966772153,-0.0013366142895760436,0.027134513449569853,-0.017492107304363458,0.0,-0.015695138474013604
0.00414559711935375,-0.00880831029709045,0.01979498212008185,0.0,0.008366660874192189,0.00393640100384457,0.013832112208635061,-0.008166540539232547,-0.0005317782969401774,0.0031834444162818776,-0.02386547662280447,0.011904180656888641,0.01871657143718375,-1.4342975681924663e-05,-0.009039661470968408,-0.003814089984026825,0.0008942394985944624,-0.0173031654219562,-0.027402082962854957,-0.01110716940083012,-0.0049734287207617855,-0.018496085693539444,-0.006089504412782665,-0.02163706336681709,0.0,-0.004949873188212828,-0.003616626890028951,0.011433325318115861,0.010756803886859345,0.0028670248824149147,-0.01008363941783047,-0.009316834607775881,-0.0031902693459601172,-0.006168560642714482,0.01283492294617028,-0.011480546099607969,-0.0002599012855745153,0.00444787644374417,-0.023639094280749784,-0.041239540452863044,-0.021918389933507254,-0.02078748912820011,-0.0003761783273070196,0.0,0.0027457148980281065,-0.00572186140377573,-0.017324162608574334,0.0,0.0,0.0,-0.019574409429436612,-0.0221282945871647,0.004265744090409029,-0.0613548789051237,-0.02866103100940831,0.0,-0.026383601269332535,-0.021670502338313413,0.0,-0.017754013824556658,-0.025274567914998547,-0.03280555788226286,-0.03213076090710254,0.0,-0.009467190802853465,-0.021164347802154704,-0.0128062053231352,0.0015934499789813095,0.000927396882618281,-0.026354209474124257,-0.020617604995389005,-0.02225876015763345,-0.013177960892846674,-0.013767244540952461,0.0,-0.015352147612560985
0.0004875956148541749,0.004268801392325827,-0.006661457379916191,0.0013105921114613395,0.01482265655917403,0.006834628732570014,-0.0026889447064546435,0.00353931406992386,0.007322697463210237,0.004269765633159062,-0.02819222974809249,-0.03202452996983618,0.0014897816957785137,0.00254143264564044,-0.022720827681719347,-0.006149945131299739,-0.020572800117674428,-0.005439302308561822,-0.032294160194441646,-0.021475610217839947,-0.0011602776579660024,-0.012744410458702005,-0.007185811710389345,-0.03646864315952342,-0.004949873188212828,0.0,-0.0229249472278083,-0.0037074115503678007,0.0030910478114850592,-0.005147167549813869,-0.003654692388776415,-0.018348211406226944,-0.014548096163092272,0.0021346241937931776,0.0060286397357065535,0.008069277129214347,-0.1584586231971395,-0.01849681979489337,-0.014383006731678805,-0.031165595575353033,-0.022563548086695695,-0.018357414011541617,-0.011792003390027339,0.0,0.006004943665604778,0.03380627290342603,-0.0043850629600000746,-4.739397061803707e-06,0.0,0.00030755384573566413,-0.006446462276433196,-0.014618558551429017,0.02521833456579403,-0.006184150731919857,-0.02040790335253584,0.0001842584287784499,-0.01778896313276046,-0.009411018234909863,0.0,-0.012873064905659093,-0.021938940752141756,-0.026630893946318956,-0.03333620299583445,-5.551115123125783e-17,-0.019001170377121457,0.03508463888586133,-0.007521868269399767,-0.013656409694452643,-0.006255081946457963,-0.027468435465765773,-0.0006823277089226809,-0.016136489651779606,-0.02079530331697993,-0.007747043798137565,0.00012786621989552271,-0.018718735665346653
