0.0,0.01546749360912164,0.0031057149856327237,0.0,-8.841343353926945e-05,0.006443891825667958,0.03068582896148081,0.013475112123019717,0.0025824461640345797,0.03942269163665202,-0.0004969084375058275,0.013946707029339978,0.03174919576375895,0.003976403530262462,-0.03184881437626019,0.015011318426485176,0.031009567182775144,0.01981413154606171,0.0,0.02235325214861783,0.05629291161955885,-0.0016449899902342136,0.02471876448322441,0.05636269707490771,0.03000649500813235,-0.011422514416445984,0.01927870825804906,0.032941160731753516,0.01632155946619357,0.023351233762521184,0.04042139281756946,-0.010954559104889072,0.009499197893019784,0.02258134293658076,0.002235799112947079,0.030565043470481834,0.0,0.024473377118747586,0.03141914850665828,0.03599196592296283,0.03735560585254427,0.010308974377882918,0.0,0.0,0.014073996833765867,0.07459458750661807,0.04603357880817649,0.0,0.0,0.0,0.001831113467300749,0.0,-0.002015416825558336,0.0,0.004699993478486486,0.0,0.01576312557662979,0.002077685654467143,0.0,0.053517622124157616,0.020996793014677995,0.009403398913011174,0.026324193672735363,0.0,0.004241806961505723,-0.0644020703442999,0.037894575690129606,0.0019467070272915499,-0.01769526123067322,0.046221198114984985,0.04570581312834837,-0.0032549436175673407,-0.00040131266645310193,0.00746255256021483,0.0,0.03393499106726289
0.01546749360912164,0.0,0.007086879264482482,0.0,0.0036001733189368057,0.01402974730621176,0.005614399271682058,-5.3310922661919946e-05,0.009172951295615073,0.01023758835017391,0.0006641446030012377,0.004463857625590095,0.0170266194793548,0.0,0.0006655233135218763,-0.002344318373096177,0.01890924753389578,-9.788586945796984e-05,0.0013797438505587234,0.00502146531656128,0.020200317537178214,0.011551635762420631,0.01987937084874536,-0.0037280822297601213,-0.0017778919693059447,-0.0017929078186754155,0.009476315068263241,0.02528633057989249,0.013208531537863832,0.008847359199498084,0.009062115520750758,0.0007469869108943095,0.0004844656599314878,-0.004944769816439432,-0.008007988337730976,0.0045364543737799745,0.00047296406243801936,-0.0006243500704345428,0.026163351884599173,0.0035268996086891824,0.012105470281778996,0.01242852610947126,-0.004152635337538624,0.0,5.698629656347709e-05,0.030882200127292536,0.014983289811170308,-0.0005495486880054412,0.0,-5.551115123125783e-17,0.004166897157415361,0.00023208640154226412,0.007772025584814601,-0.0017233589998574272,0.004399720468015567,0.0,0.0037053695261383135,-0.011470844604216102,0.0,0.020548602235684277,0.002876402588974536,0.005825652724273267,0.005548535573056013,0.0,0.03286771984410952,0.020223335597019054,0.007614250573465264,0.028816468469291145,0.01069870694410513,0.015468472844141878,0.029477968788043762,0.019516740310750347,-0.01164262564160684,0.008286804053632357,-0.00040258933737147284,0.012032522273177249
0.0031057149856327237,0.007086879264482482,0.0,0.016741490418580585,0.030326219914369623,0.009083878238404175,0.018160792125454794,0.005224968479633607,0.0072242471685762255,0.04160522963535601,0.014169415878808211,0.026894375261979186,0.021407374873676777,0.017079626620628063,0.04402203956895451,-0.0012934997548927352,0.0019530812632209127,0.010854322808074801,0.0004888203844518602,0.012606715124647228,0.0426663715719901,0.003660395926881499,0.004051145129124523,0.018523997333685316,0.006261231729776717,0.011866165413900287,0.009371577201996883,0.01088499692867112,-0.0011067696936457594,-0.008888446186557597,0.01892097583222896,0.029607415954214067,0.00629398288659444,0.022384704543847056,0.021120771816730166,0.025571132486307102,0.031001936572262467,0.016517627702169246,0.030670446622599545,0.00011684103965314829,0.01389323188806224,0.0008121927180477773,0.021486214601340148,0.0010362578813462031,0.00029651099690436444,0.0,-0.05950947599793022,0.15059684242800003,-0.0002471948640796473,0.01951525056443848,0.00822435126205201,0.014472770036621285,0.016426010335931163,0.050317987192782576,-0.006365575265342427,0.07106137384171435,-0.0008363840234092423,0.016544190432629113,0.022560237647735848,0.002373313463332971,0.0004334759255036902,0.0,0.0,0.15772080558807988,0.002957862394416255,0.001318779457686936,-0.0021421135702923144,0.005630283437019101,0.0,0.0,0.00690236445328446,0.013387528536344062,0.010290372398053638,0.005755574249473927,-0.006223006495091887,0.008320792864418003
0.0,0.0,0.016741490418580585,0.0,0.045202234867508184,0.006558770756610877,0.0009385796484756015,0.060649465564996174,0.01854474706611997,0.011845433518890058,0.054984940951429084,0.00622227734205677,0.057674268223371905,0.07326164337494395,0.0016429002111271185,0.0,-0.0001118719570319393,0.0,0.04038858500275028,0.0027153877393748527,0.000131555784094739,0.0031836974646398675,0.04136242552159447,-0.004589071188329463,0.0,0.002766017097626916,0.004456817151815118,-0.006257392875779977,-0.0001551688199952217,0.000175281418231088,0.0030309525359006884,0.02687890878733834,-0.002098836615627764,-0.07487759402680788,-0.02406884484043087,0.07567182575035819,0.010243077566036124,0.08511358998401836,0.00024968662632085525,0.0,0.04072587922620052,0.0,0.00042111475213457705,0.0,0.0,0.0,0.0,4.886289255690013e-05,0.0,0.0,-0.0006358172221145875,0.0,0.0,-0.0001143943232645439,0.0,-0.00011711091041832766,0.0,8.611608280584271e-05,0.0,0.0,0.0,0.0,0.0,0.0,0.0,0.0,0.0,0.0387372556366703,0.0,0.0,0.0,0.000784231458670015,-0.00011212644196773036,0.0006853878216869225,0.0,0.0
-8.841343353926945e-05,0.0036001733189368057,0.030326219914369623,0.045202234867508184,0.0,0.0029541023209258555,0.0033540331624581365,0.0375422114656343,0.0154817960018519,0.052487025524993014,0.043283039335588636,0.03431442934657941,0.04681493562091599,0.0420177323187389,0.0019064054046750156,-0.004433501088073,0.03623042676993815,0.021227714776204054,0.060393116258535995,0.007328274560440495,0.03210041193215463,-0.003792015275623173,0.014792117516132686,0.061932829785873944,0.0034880319320151343,0.004882351736537949,0.0055279924847075335,0.05529821212828573,0.008445611979656598,-0.011870707192318197,0.03845501695186698,0.03717422321854097,0.028053497565388774,0.026310450830254017,0.02962870134254081,0.020987559719625903,0.02029199091927697,0.05565317067220549,0.021621112373509832,0.03651843238936431,0.01850993582050442,-0.002894763848178772,0.03823443610861066,-0.00012027625157134958,-0.0009366470111969449,0.0,-2.8747511495674782e-05,0.02186894798864214,0.0,0.01699079007229476,0.0029059201377888977,0.01596049953019052,0.00028075266432803225,0.023331807615905142,0.0015697147935263,0.04787809015397643,0.11279238146132081,0.013956503485928251,-4.306415771493377e-05,0.0003587443012138536,0.0004208075335459527,0.0,0.0,0.02321509655199694,0.023477168187905573,0.0,0.0020003259997984357,0.009653914609462855,0.0,0.00014924346267120026,0.005809894630376677,0.0019978916929265234,0.01757143660399252,0.022561915453736037,0.001681459399115015,0.01110569329244293
0.006443891825667958,0.01402974730621176,0.009083878238404175,0.006558770756610877,0.0029541023209258555,0.0,0.005271443946274934,0.00031154289906165644,0.009650650878585798,0.03220170422749852,0.010930413783395543,0.024662547068191376,0.00588776708335953,0.0068489983879125305,0.021851156491356105,0.01126669322718804,0.02013267054481438,0.033401782122024326,0.017039168002970617,0.025739298063961413,0.032022535533745566,0.005643138689821747,-9.773894189041288e-05,0.017731077852812027,0.02303378084772406,0.01601200367270289,0.009150393439018079,0.0017095093976747244,0.020967213766678483,0.003709194652656511,0.018439611546159362,0.015998302201524928,0.017316611914912794,0.012713068184174559,0.009910213904589127,0.034808055209244015,0.024598019867244414,0.036606781551533296,0.0016095575107820115,0.0008521001481461288,0.0011793136983061503,0.0146690663533936,0.02967625855278122,0.006722609347181219,0.007679479723071092,0.001414632513457914,0.010454783252231536,-0.004505302629633778,0.0,0.009300121270147454,-0.0017779690365335998,0.0022455495106538104,0.001603720806375608,0.003096433804250731,0.004741739813115653,0.010923198628600805,0.0636509268066277,0.015034644846484757,-0.003556689010172087,0.03184849114739313,-0.002699897987638311,5.551115123125783e-17,-0.00926926129591904,0.008871085758855979,0.038329614825718394,0.030694705908133835,0.009085895451806991,-0.023794318856266816,0.0,-3.82923552105785e-06,0.027332733669667986,0.006262524434567207,0.010590678254122854,0.015280297240836516,-0.00888073088183039,0.020114069222462894
0.03068582896148081,0.005614399271682058,0.018160792125454794,0.0009385796484756015,0.0033540331624581365,0.005271443946274934,0.0,0.020169324550012302,0.008482566882855314,0.04152065397012794,0.02752482138777862,0.014234241232931544,0.010882266162414778,0.03704703681051713,0.005503644267055852,0.007625803833365419,0.020437033654468306,0.012431256693250625,0.024810028613131252,0.0039850543763048085,0.03756473752208095,0.0023864045689196423,0.01579698496715498,0.028010397887885896,0.008999458100845625,0.01311546170607969,0.019030442769588207,0.028598709470943007,0.011789836950819366,-0.00432164629589693,0.030748039535934413,0.011225339589709116,0.02484679628115838,0.008879380012728366,0.005317028682310709,0.034822706510176715,0.052043208224208715,0.01663753611843999,0.005915237707119769,0.0009530619930926965,0.03199396202570681,0.02373839943242051,0.049719311900354446,-0.0018576374690146835,-0.0005091223212392859,3.325466581360903e-05,0.003475861139633274,0.018528031987561144,0.0,0.015917728067694425,0.004526799930470671,0.0133484900373948,0.02097025260030183,0.015259408231025784,-0.0015418877069084402,0.02525968976948534,0.02418306352688676,0.016793099398883182,0.001158954886134933,0.03234750481673959,-0.010637462513612583,1.1102230246251565e-16,-0.04346376883521191,0.013646739409826747,0.03726047031593349,0.020487199723186023,0.013070338931735703,0.012678731942657229,-0.002086790731834376,-0.023600954390326168,0.024996932497635183,0.013363455223242449,0.0226027333549792,0.02536024526892744,0.00598898602358966,0.02455942933553834
0.013475112123019717,-5.3310922661919946e-05,0.005224968479633607,0.060649465564996174,0.0375422114656343,0.00031154289906165644,0.020169324550012302,0.0,0.021687970435023796,0.03565050019385757,0.032402088495700254,-0.006791868488272679,0.024622429407584245,0.056092576481371725,0.014119702092426634,0.012670123894127805,0.006639147604647178,0.015783136076785886,0.046107109098605326,0.025664660708516474,-0.02422097193128414,0.003706885479807631,0.010917048649878025,0.01684427689425616,0.0103989237924344,0.010659900037678305,0.003389679774121024,0.022483094084030986,0.013261982571582398,-0.0061176522484384654,0.014998222838056186,0.012723129568278035,-0.01971871640716044,0.018200540189880765,0.019641966279340062,0.055788909116369245,0.06981780884029265,0.0049410739082833,0.005645559186864824,-0.0006816124171623583,0.02073465259538876,0.0009178385099082309,0.009856385346755425,1.1172593613939519e-05,-0.0002120553383666013,0.0006437441656473863,0.028748071896265714,0.019997327209927862,0.0,0.019069655146581876,-0.002233778304613132,0.015788830462986292,0.038306077628171176,0.02087015313528373,-0.0003904542464798211,0.031049659877272817,-1.1102230246251565e-16,0.010384908896873601,0.028962740377304064,0.026985931980890387,0.006522606733240954,0.0,-8.261998795444647e-06,0.026880898333717984,0.04538614497185445,0.035490625910460316,0.05244035112769546,0.01591661594503424,-0.000339675811146134,0.00516089515674506,0.021738989119825247,-0.002569148342808747,0.0177077734115047,0.01982152538563453,0.005354579141911064,0.019207961885850888
0.0025824461640345797,0.009172951295615073,0.0072242471685762255,0.01854474706611997,0.0154817960018519,0.009650650878585798,0.008482566882855314,0.021687970435023796,0.0,0.041336686391487854,0.026047000012095423,0.031155217206203623,0.03208921245737639,0.030105833940032134,0.026854368616914204,0.011281902291462531,0.01606600166017802,0.026620631014893092,0.011882617200216938,0.014265542509115992,0.052113757891347756,0.003593872884315674,0.0034081037943314296,0.04379945370269406,0.004411940471542253,0.0035790945315054,0.007846231561020767,0.021604029461477492,-0.0025222247069785486,0.0012527488589940128,0.02381820685930347,0.027024447991043477,0.017292556184098695,0.025728335917387102,0.02898972102385955,0.024959869938502077,0.035878682023376185,0.03577830853558184,0.03345987427158825,0.04952097455167964,-0.014827493270114456,0.0068017254979663155,0.029376524011943572,-0.0013618563541047957,-0.005690189253281408,0.0,0.0011976342551257013,0.04083092505415542,0.001352448467388967,0.01479696727931934,0.004456659369227345,0.010740142715058854,0.017254617720491305,0.01758283041202624,-0.003406595408931179,0.052238814118315435,0.04156874734012672,0.008204019113566163,0.025866074604270373,0.011344048034421905,0.0006821920265888126,5.551115123125783e-17,0.0,0.020510358594920564,0.029171714382913716,-0.0014937085796013494,-0.000859451755077012,-0.0007130871653552306,0.0009802278675739573,0.002405345140193582,0.012691211274122927,-0.0021151002852904943,0.013169220447603047,0.013869499688134335,0.0033902270419844394,0.012366427156310644
0.03942269163665202,0.01023758835017391,0.04160522963535601,0.011845433518890058,0.052487025524993014,0.03220170422749852,0.04152065397012794,0.03565050019385757,0.041336686391487854,0.0,0.05718919397532424,0.02312856750166764,0.04390366251420891,0.028571570672518865,0.0012399928961476236,0.014884781480982046,0.008108502251764738,0.020013302008247802,0.04350819269168077,-0.004706632306468006,0.02989409385436642,0.003868074678775091,0.04681779828664451,0.019990575391853227,0.016263416882449366,0.023042041325408436,0.010030624948927647,0.04675823583715388,0.02177285619292979,0.05232280467715639,0.035022067962256265,-0.017913425146711903,0.006363365447872804,0.014181085676864491,0.025371235669528258,0.09574541026134115,0.017035388780185623,0.03176414952487239,-0.01670424566442119,-0.02320599210290708,0.006953853167296908,0.0615127792783266,-0.012924973116313021,-0.0003650188672933985,-0.0031724195095301777,0.01150998171198131,0.03561895391004627,0.0008511148378391731,-1.1102230246251565e-16,1.6653345369377348e-16,0.002958075009431127,0.0012139637782110912,0.0009719201082061257,-0.002527529364386827,-0.0022880401052930988,0.0022532224564608128,-0.008831327723201388,-0.017404640864228216,0.0,-0.0006050820743143115,0.0074706128976150254,-0.006717079578183682,-0.00018177307856642733,-0.00042039545524585886,-0.00022053170362318353,0.00040983920395942786,0.0023617273383771953,0.03085560957448441,0.0067556615641654605,-0.003806221235680418,-0.009071757729508356,0.0406593824555459,-0.030176157459621433,0.003650638293277164,-1.1102230246251565e-16,-0.0008430716565407947
-0.0004969084375058275,0.0006641446030012377,0.014169415878808211,0.054984940951429084,0.043283039335588636,0.010930413783395543,0.02752482138777862,0.032402088495700254,0.026047000012095423,0.05718919397532424,0.0,0.04876988827597961,0.0438838610367539,0.03936157239885685,0.0,1.3273952474412987e-05,0.019279913029939144,0.005860845319170138,0.027211939980497923,-6.100534370534483e-05,0.006340091848079821,0.0003537186658921221,0.04156721924172785,0.04535767810916069,0.02146929429960459,0.029726406771596436,0.02648872339300601,0.049868466302619485,0.0280024186190998,0.009617007716532344,0.04843069328280586,0.06275444639462485,0.05673573636869966,0.04972865577016011,0.04694646444917888,0.05999352505271194,0.09116119811187984,0.05578713584129458,0.051815211472903855,0.06273498336600153,0.037909286797284836,0.0013600775863401582,0.05350494909137038,-0.0004015007385901326,-9.333919987053463e-05,0.0,5.551115123125783e-17,-0.014412925582675595,0.0001070652402292982,0.0766978128495388,0.024605579266320343,0.05578157761396202,0.033515431169048815,0.07186383969358745,0.05701527579851873,0.00034544343351916584,0.046705316753635984,0.04156173966447513,0.05747684645238682,0.001266182192440235,0.0,0.0,0.0,0.15502523153464592,5.209257291849401e-05,0.0,-0.001704700369297818,0.033920968279156694,0.0,0.0,0.02120108446291491,0.01466584635264101,0.04270954457963477,0.029281235240050107,0.0007794361890643975,0.04252015121819608
0.013946707029339978,0.004463857625590095,0.026894375261979186,0.00622227734205677,0.03431442934657941,0.024662547068191376,0.014234241232931544,-0.006791868488272679,0.031155217206203623,0.02312856750166764,0.04876988827597961,0.0,0.03082141890047896,0.00842624112240703,0.0007166829780477779,0.006033296406253885,0.0012230941333102874,-0.005970849701540548,0.027745351870938073,-0.11920279460006994,0.01041301419015983,-0.0481850895924264,0.004399155325322146,-0.00990718614538505,-0.002460672117122531,-0.02675744981118039,0.028600383118092154,0.024957703869792902,0.023463223804682576,0.0018410574240807498,0.02499875954195152,-0.0029441821950285108,-0.027410999154029003,-0.011020489600942485,-0.003928734242008569,0.05531537231141914,0.021224629808797135,-0.012345554470483494,0.0030464421846747025,-0.041330065327383925,0.015873722882848162,-0.002385558420524958,0.0042083816997105505,0.0008851178852344599,-0.03720870361316864,-0.07136821800087995,0.0018286498336534396,0.0006103961822707671,0.0,-0.0004295329955324445,-0.00475967992110693,0.0015843011246732264,0.0,0.0015912862258792848,-0.00923908077279384,0.000306926779456429,-0.010498113116161889,0.0012183174709966549,0.0,0.0006670009219964523,-0.004170509044876036,-0.01638424110372072,-0.006249994644848045,0.0,-0.0007502712969320591,0.00013281562997452534,0.003584420137775546,0.00041655789099726004,-0.020385954914997506,-0.011222294059534399,-0.017264487939056217,-0.009011427842153252,-0.0032425304529493104,0.0021886718845178788,0.0,-0.009212840863248306
0.03174919576375895,0.0170266194793548,0.021407374873676777,0.057674268223371905,0.04681493562091599,0.00588776708335953,0.010882266162414778,0.024622429407584245,0.03208921245737639,0.04390366251420891,0.0438838610367539,0.03082141890047896,0.0,0.047025538071022055,0.0212189628608917,0.014431333539001001,0.0383185355737648,0.019007863162236627,0.03485377484845331,0.010836514749349935,0.031582450306508136,0.008778207016692297,0.023927772124685776,0.04420008537108833,0.021996704256453503,0.021849870834811158,0.018497748156368565,0.02245880586654264,0.007239082313664713,0.023586243894327397,0.03222193873967044,0.016155392196142093,0.030877430380998883,0.02389270507621627,0.01672656065816197,0.04354661407989513,0.04391090314418117,0.04539617732945256,0.0144023894262022,0.02426267503746793,0.03555375705726316,0.035395844497053464,0.04384629116816918,0.0062303134025541995,0.061178443549165296,-0.0005234884658720795,0.008699158287624853,0.011152000534265016,0.0,0.020616581341733053,0.00978375441431134,0.019776462770774272,0.029604564027624902,0.013233151318539416,0.022192097122182175,0.02596326934506893,0.03819215438779028,0.02266659123451209,0.0002256472362811568,0.03346330649070084,-0.0014290749010605897,0.0064440740501572336,-0.007732384750443189,0.016942105125711593,0.03809524995854996,0.03521955882765332,0.019651590587597356,0.01834805210660162,0.08621013355498425,0.003533294717607771,0.02359949601139444,0.017876634154521898,0.025189520262150045,0.02730794438489459,0.019232883314222793,0.02930275630527357
0.003976403530262462,0.0,0.017079626620628063,0.07326164337494395,0.0420177323187389,0.0068489983879125305,0.03704703681051713,0.056092576481371725,0.030105833940032134,0.028571570672518865,0.03936157239885685,0.00842624112240703,0.047025538071022055,0.0,1.567189005591274e-05,0.0,0.0,0.0,0.04031390253060241,0.0017627606364525317,0.007664434537746179,0.0034750436493113934,0.030513931920767123,0.007275079536636309,-0.0001045170543881313,0.035858145170913513,-0.0005783433024740825,0.05331114696546008,0.006864968475520761,-0.0004864763819280027,0.04710955663652272,0.05168655569024777,-0.0008805068990073162,0.038607688763339865,0.00221771668964299,0.023040948875792444,0.022706151185674345,0.00372801235113962,-0.004782723804911793,0.0,-0.0022129155901584596,0.0,-0.0005989492050275103,0.0,0.0,0.0,0.0,0.014778425172855658,0.0,0.0014115235325412034,0.019990617077232042,0.001601112202878452,-0.003005324214785665,0.007654603079885636,0.0,-0.10341004586005781,-0.00045402114432152585,-0.0010288066959173725,-0.0011758458423494211,-5.551115123125783e-17,0.0,0.0,0.0,0.010983297752187482,-4.7669427419738675e-05,0.0,0.0,0.005568843860949024,0.0003895395651064004,0.0,0.0,0.002777373014413831,0.0014223878186072625,0.0012043816425490461,0.0,-5.551115123125783e-17
-0.03184881437626019,0.0006655233135218763,0.04402203956895451,0.0016429002111271185,0.0019064054046750156,0.021851156491356105,0.005503644267055852,0.014119702092426634,0.026854368616914204,0.0012399928961476236,0.0,0.0007166829780477779,0.0212189628608917,1.567189005591274e-05,0.0,0.003396967515231275,0.004409506201685176,-0.0005334207019799808,0.0,0.012479658175157171,-0.025461160752999812,-0.049683119338180703,0.038823800855005475,-0.013701807637914787,0.01369919014118176,-0.025390350538921413,0.021995614352929904,0.0195133081448729,0.02037029601205037,0.008639146361836714,0.020096871850831588,0.004906587773211513,0.01720235846603274,0.010831951980735388,0.007653922430486626,0.01032981660591481,0.0043180880144479405,0.0008961681424243806,0.025847998587817,0.020691195976161703,0.02029703306223285,0.028416451162041723,0.005771327337782461,0.0006510984500918138,-0.002817035127510803,0.019381526688970474,0.009042723752915593,0.0017121346005890548,0.0,0.0,0.01077063377134696,-0.0003733341119317446,0.02665825111567255,0.0018350349117413622,-0.000245281716439949,0.0,-0.0002206805063943995,0.022465310219149548,0.0,0.031472973637892254,0.011489778339988876,-0.00019320531611860536,-0.011467041379810305,0.0,0.040722609673136734,0.022364032265652145,0.03583292754134665,0.03252120477477233,0.03970325188075824,0.005181206932798388,0.023549811757090366,0.024753125489196115,0.017819670280691424,0.020999764434528112,0.03039082094301332,0.020122169190544104
0.015011318426485176,-0.002344318373096177,-0.0012934997548927352,0.0,-0.004433501088073,0.01126669322718804,0.007625803833365419,0.012670123894127805,0.011281902291462531,0.014884781480982046,1.3273952474412987e-05,0.006033296406253885,0.014431333539001001,0.0,0.003396967515231275,0.0,0.010911403342660053,0.020732244361865437,-0.000693495091255103,0.012623404136201777,0.012878292086064613,0.020460995205245358,0.023688143123068994,0.006594104160590253,0.0018572576342381075,0.005396957103905087,0.010258875300471093,0.01762007982303193,0.016087097067276235,-0.0005221257489370079,0.01705443703398135,0.005098330176786903,-0.00425391777877171,-0.003154206332552645,-0.011922708271507598,0.01439795943463168,-0.000718103348955168,-0.0031976286267613174,0.014759925097010074,-0.007672998511504103,0.004937645404172908,0.009778759515398805,0.0012749494685276308,0.0,0.0,0.0278875608337657,0.008479013479339326,0.0,0.0,0.0,-0.016852172918629005,0.0005529895684067143,0.004639501754929332,0.0,-0.0010142171437537706,0.0,-0.0028031028660557844,-0.020744707162890175,0.0,0.018527177745901735,-0.004008196219708826,-0.0020231366220957447,-0.0028835984379131374,0.0,0.018650900957826178,0.011198996685680307,0.005520590348746579,0.011614525279984467,-0.01576057448813789,0.008783723885112116,0.016500939791130098,-0.00660462917071547,-0.04053121584648145,0.009545865117048913,-0.0001259072557074914,-0.0008542089949903908
0.031009567182775144,0.01890924753389578,0.0019530812632209127,-0.0001118719570319393,0.03623042676993815,0.02013267054481438,0.020437033654468306,0.006639147604647178,0.01606600166017802,0.008108502251764738,0.019279913029939144,0.0012230941333102874,0.0383185355737648,0.0,0.004409506201685176,0.010911403342660053,0.0,0.015780024599293174,0.002013237093757836,0.012277671733709805,0.013199307680895334,0.0013502180261011354,0.015640271828192776,-0.008026001998797438,0.008412036095768294,-0.013622627278926047,-0.00037461643981751003,0.021136763749523335,-0.009901029277415596,0.003348817385258107,0.007270864162554014,-0.0005710648227874593,-0.004070902406130061,-0.0050876288020790805,-0.011108449199993153,0.034467127730524905,0.0007010865255665522,0.02115114064820328,0.017678240016298474,-0.005710844055387243,-0.005482511788509115,0.018695618129399627,0.0,0.0,-0.041614103381255874,0.013066649787486284,0.0056882373592949675,0.0,0.0,1.6653345369377348e-16,0.0006516144768143883,-0.00015821499865714683,0.0,0.0,-0.0010986308138473677,0.0002807891518312178,-0.0044904925926515515,0.0011989952770881107,0.0,0.0,0.01302370207446496,0.003339461083768591,0.0068194125623972646,0.0,-0.00014138150289361162,-5.551115123125783e-17,0.002757931121215862,0.0025346203057619032,0.010070535480264708,0.008326182356682421,-0.002510798620679211,0.0,0.0018841239765929885,0.0011674204104186736,0.0,0.016067891687861435
0.01981413154606171,-9.788586945796984e-05,0.010854322808074801,0.0,0.021227714776204054,0.033401782122024326,0.012431256693250625,0.015783136076785886,0.026620631014893092,0.020013302008247802,0.005860845319170138,-0.005970849701540548,0.019007863162236627,0.0,-0.0005334207019799808,0.020732244361865437,0.015780024599293174,0.0,0.0006219371457920064,-0.0005553678812467711,0.034870812508849325,0.003027462903772371,0.03244870266784444,0.0077094436293022595,0.0008354149461730076,0.0027558270110900063,0.02073797565264157,0.022200923827949304,0.006556470427773298,0.009100672174997881,0.02118371637318378,0.01008435236093419,0.004646321157330158,0.009257168700667395,0.0023201834046580605,0.002091033618596805,0.0,0.017206144428520198,0.009230923196897778,-0.0039189853313004175,0.0132507662363614,0.009805902209805928,5.551115123125783e-17,0.0,-0.041995252008066364,0.023236081369213846,0.007804778654280309,0.0,0.0,0.0,-0.0013731806351343634,-0.0009460765045475883,7.40348066408103e-06,0.0,-0.006732881833339199,0.0,0.0031722867212110595,-0.01682118737771826,0.0,0.016095092772696717,-0.00022193861894737044,-0.006002674656770013,0.0024138969570973723,0.0,0.022823236445964512,0.008666834141075108,0.0022386598813247116,0.0070776110323362285,0.016441982963509627,0.009270702900593952,0.010145503495813057,0.010780000125766243,0.016955977316001125,-0.004673697853901315,0.0,0.014692706595848426
0.0,0.0013797438505587234,0.0004888203844518602,0.04038858500275028,0.060393116258535995,0.017039168002970617,0.024810028613131252,0.046107109098605326,0.011882617200216938,0.04350819269168077,0.027211939980497923,0.027745351870938073,0.03485377484845331,0.04031390253060241,0.0,-0.000693495091255103,0.002013237093757836,0.0006219371457920064,0.0,-0.0014437220573732534,0.0008183670394341092,0.003952156812428109,0.00950044298435121,0.030918454263372586,0.004455274340868953,0.009949149139014013,0.005658347849045953,0.03719794158615497,0.010910231014546912,0.008183861744546606,0.03849792512006012,0.04359487770168513,0.04299551675932989,0.04217355833771752,0.03681788242362466,0.03367445977416178,0.049800931116494584,0.03395103473463873,0.037818413456864985,0.0004098922377607783,0.01415988581488703,0.0015151128621754273,0.037928689548769046,5.551115123125783e-17,-1.6653345369377348e-16,0.0,5.551115123125783e-17,0.11789236087758548,0.0,0.015359768226038573,0.017574765367705858,0.020415027289386045,0.014660970840010057,0.026387525977987325,-0.042283459744301644,0.04767314599983674,0.0010181394066769989,0.007146522476386474,0.07211761394725247,-0.00028596230797117705,0.0,0.0,0.0,0.04678225703324235,-0.0007987789743016394,0.0,-0.0010593726090354916,0.010291073477883605,0.0,0.0,0.0030245550678510424,0.006181751669854907,0.012630347629142058,0.01436506619960315,0.0018419388032490103,-0.0010685601928418498
0.02235325214861783,0.00502146531656128,0.012606715124647228,0.0027153877393748527,0.007328274560440495,0.025739298063961413,0.0039850543763048085,0.025664660708516474,0.014265542509115992,-0.004706632306468006,-6.100534370534483e-05,-0.11920279460006994,0.010836514749349935,0.0017627606364525317,0.012479658175157171,0.012623404136201777,0.012277671733709805,-0.0005553678812467711,-0.0014437220573732534,0.0,0.02255170751398261,0.0019246411819102138,0.05016263577341101,-0.026360499686487626,0.0032303837146739345,0.004905084712880536,0.019423072000498087,0.0032704278352790883,0.01247090104928128,-0.01949332035650203,0.006038580033126795,0.006814140090513787,0.007939937084974591,0.00922690216272598,0.008296391419476523,0.02653006186804585,0.017927756913350135,0.05118941269855176,0.023531647787233878,0.014425623869891824,0.0174056763413154,0.03197285920362525,-0.002935837183210832,0.0004991882852979357,0.00045164764070115826,0.007458752723228934,0.008294233723703304,0.0030106025512615098,0.0,0.0017552036138533955,-0.0002680946570918774,0.010598443027890314,0.018235259307213814,0.003834795375791622,0.001278103438266287,-0.0017347422597584483,0.03799165746327682,0.012183983286042255,0.0,0.03249792126083684,-0.0009836773602321935,0.0005181763143361495,-0.00799008163759729,0.0007419635456223928,0.0361909234183021,0.04631279083862422,0.02722536978085266,0.0334345374127637,-0.0022526946941305304,0.010349819624446754,0.02549436260003285,0.028196096375764146,0.011267935226983883,0.024988733612505587,0.009035174473123853,0.021582603188461613
0.05629291161955885,0.020200317537178214,0.0426663715719901,0.000131555784094739,0.03210041193215463,0.032022535533745566,0.03756473752208095,-0.02422097193128414,0.052113757891347756,0.02989409385436642,0.006340091848079821,0.01041301419015983,0.031582450306508136,0.007664434537746179,-0.025461160752999812,0.012878292086064613,0.013199307680895334,0.034870812508849325,0.0008183670394341092,0.02255170751398261,0.0,0.017945674803155676,-0.0033635892122236277,0.045012250770414486,0.03611294443725771,0.01899527416115876,0.021574005071448132,0.021451713023168284,0.017766046181963757,0.001719904406972228,0.03218958027748342,-0.0017824394840932345,0.03131669164117562,0.0229584573708822,0.02277201538957191,-0.019356332654723085,-0.0008039451507693696,-0.04089270235008985,0.010581327208082303,0.11710933862187178,0.011685998186329094,0.007991587856163496,-0.00028393279273752903,0.0,-0.0002511286367940513,-0.010562877185750552,0.022022347665801745,0.0017706557483496699,0.0,0.034322231580034224,-0.010147862890182269,0.014755583754573254,0.0025959216341643887,0.0008585967390622451,-0.0012370840404452577,0.0,-8.821909689904484e-05,0.019613084422875238,0.0,0.014890064171717288,0.01425000694711126,0.0,0.004043669383165416,0.0,0.04718827481095228,0.019724665886737214,0.04466758657156139,0.008047394939649177,-0.029144364455500282,0.025555406418043602,0.02236180183197084,-0.004801988409091074,0.010376006977818542,0.019715455580997854,0.007880744771715076,0.030785429732677616
-0.0016449899902342136,0.011551635762420631,0.003660395926881499,0.0031836974646398675,-0.003792015275623173,0.005643138689821747,0.0023864045689196423,0.003706885479807631,0.003593872884315674,0.003868074678775091,0.0003537186658921221,-0.0481850895924264,0.008778207016692297,0.0034750436493113934,-0.049683119338180703,0.020460995205245358,0.0013502180261011354,0.003027462903772371,0.003952156812428109,0.0019246411819102138,0.017945674803155676,0.0,0.021306320303125403,-0.024608921014242224,0.006765811011595457,0.0061573763419374705,0.007660615583163721,0.012018611530067225,-0.0054531792994899075,-0.003461388577603308,0.0068510067510612616,-0.0019400670943427456,-0.00042895646201623894,0.0029390955166613275,0.0021060250402255565,0.027053879541159676,0.008664080412884745,0.04018735562115311,0.019411944313146356,0.01043951359789691,0.008004492899638171,0.020460515711560767,-0.007885402893125837,0.0,0.0026398112073117708,0.03161948136065529,0.0045107318222482595,0.0019298265572749718,0.0,0.00011954546028192237,0.00601638900046314,-0.007922390110739419,0.01923301311028891,-0.007803596583348393,0.00336002970936794,0.0,0.0022907495215078733,0.009725773858087317,0.0,0.027904121217682487,-0.006807245033622178,0.007433398961866677,0.0036227794166979743,-1.1102230246251565e-16,0.02079481373167058,0.035596370412144696,0.022907415079680304,0.028004726059857044,0.07259511935360874,0.005351970244404203,0.02770961115293502,0.014115080036371463,0.01925459159369708,0.019730088158598724,0.00727546839454285,0.009460317642908611
0.02471876448322441,0.01987937084874536,0.004051145129124523,0.04136242552159447,0.014792117516132686,-9.773894189041288e-05,0.01579698496715498,0.010917048649878025,0.0034081037943314296,0.04681779828664451,0.04156721924172785,0.004399155325322146,0.023927772124685776,0.030513931920767123,0.038823800855005475,0.023688143123068994,0.015640271828192776,0.03244870266784444,0.00950044298435121,0.05016263577341101,-0.0033635892122236277,0.021306320303125403,0.0,0.01607077519856087,0.025453056904517712,0.018604369670679688,0.008066894011755421,0.014417633613713343,0.02568538432184453,-0.004198195245896208,0.01771852880165592,0.01150862596269786,0.027056258653946785,0.018621120139216907,0.03066139016591063,0.028371776644544933,0.023181218628347433,0.02587136602040585,0.0195994901011618,0.03872211713665802,0.027176282991158596,0.03101046558172893,0.03391083828501362,-0.0028478292549818374,-0.009419112953696407,0.10158535167394162,0.02506880667520589,0.03128159170125455,-5.9573273680890715e-05,0.005863407978080493,0.004784333970682231,0.011361648115928435,0.024501356480069347,0.00891601122383534,0.01885713198410699,0.04222111976559034,0.05864276310173466,0.0151960662007532,0.004892546817476362,0.0360212170724985,0.01818242183756197,0.0012837440477986295,0.029847699676539163,0.04624503470363728,0.0457847810393357,0.041649720099748655,0.04406605434532063,-0.0058278437749883505,0.0011803852240492851,0.020683570280013275,0.03496068201538849,0.015042898492268808,0.019147483587932945,0.027750052207747955,0.010820112970383655,0.026872991021237858
0.05636269707490771,-0.0037280822297601213,0.018523997333685316,-0.004589071188329463,0.061932829785873944,0.017731077852812027,0.028010397887885896,0.01684427689425616,0.04379945370269406,0.019990575391853227,0.04535767810916069,-0.00990718614538505,0.04420008537108833,0.007275079536636309,-0.013701807637914787,0.006594104160590253,-0.008026001998797438,0.0077094436293022595,0.030918454263372586,-0.026360499686487626,0.045012250770414486,-0.024608921014242224,0.01607077519856087,0.0,-0.00198279042711913,-0.018130642346311232,-0.013931395913713895,0.04811119073521464,-0.015690993755362925,0.004208506547744295,0.035170302557875344,-0.010611994556769255,-0.0045125226550449815,0.003934721074209335,0.002089878940045975,0.049721131880290925,0.025101427789027686,0.002557838764530418,0.010135001279880707,0.009042805062640824,0.014942614792667785,0.060075697763344815,0.05990864307170474,-7.373756808731757e-05,-0.013758483665912757,0.036719264570925114,0.032729017124000226,0.00012778657870787802,0.0,0.0,-0.0012923822405824792,0.0005365546914506414,0.000249336724042315,0.0011063500622263689,0.014011308480961993,-0.00123230346790687,0.014096165448573672,0.0024567730592462977,0.0,-0.001823813139980257,0.018037509544198582,0.010290166813939294,0.017523092719585354,0.0,0.000897760427295724,0.022569782995015886,-0.010302805872773657,0.10889645712461593,0.0570517153811404,0.024663724047756685,0.020478740451563282,-0.001240211916858247,0.0010342043668913892,0.0026795614610436447,0.0,0.015293303058618313
0.03000649500813235,-0.0017778919693059447,0.006261231729776717,0.0,0.0034880319320151343,0.02303378084772406,0.008999458100845625,0.0103989237924344,0.004411940471542253,0.016263416882449366,0.02146929429960459,-0.002460672117122531,0.021996704256453503,-0.0001045170543881313,0.01369919014118176,0.0018572576342381075,0.008412036095768294,0.0008354149461730076,0.004455274340868953,0.0032303837146739345,0.03611294443725771,0.006765811011595457,0.025453056904517712,-0.00198279042711913,0.0,0.016876115925202606,0.017903850728400006,0.023345706622277862,0.021440479717189043,0.005184742751806692,0.020196285183100793,0.004133477103438532,0.0034338931416896257,0.005612790341984697,-0.0027460509020405532,0.006509022502234063,-5.650419025921005e-05,0.0064243418197837965,0.013682169135379285,-0.0022523046952462322,0.014375923048489558,0.017952485263200868,-0.0009567675151189725,0.0,-0.037342663763907935,0.02678056881827784,0.021878157154728017,0.0,0.0,0.0,0.0005638076716605323,-0.0007406177246118695,0.01628064144531971,0.00011919434392043682,-0.004492486952924091,0.0,-0.0049488532731675194,-0.009332945293367922,0.0,0.0205878658430092,0.004219549442360693,-0.006757787021369643,0.002858012963747214,0.0,0.026639269763723772,0.043066542914038775,0.016319580208460138,0.022386113113631145,0.006572347971845305,0.01629331140976953,0.01735908009882353,0.014208421324269582,-0.0025084759398650847,0.012958062280909843,0.0,0.01762325318949931
-0.011422514416445984,-0.0017929078186754155,0.011866165413900287,0.002766017097626916,0.004882351736537949,0.01601200367270289,0.01311546170607969,0.010659900037678305,0.0035790945315054,0.023042041325408436,0.029726406771596436,-0.02675744981118039,0.021849870834811158,0.035858145170913513,-0.025390350538921413,0.005396957103905087,-0.013622627278926047,0.0027558270110900063,0.009949149139014013,0.004905084712880536,0.01899527416115876,0.0061573763419374705,0.018604369670679688,-0.018130642346311232,0.016876115925202606,0.0,0.005584604532233972,0.022354386562594586,0.01680565478052365,0.03038259865143056,0.01940347511373397,0.007471270631179305,0.012304942986323675,0.012792938394834308,0.005406523967422916,0.030559587706029567,0.03194096562618293,-0.0005679180756765212,0.020806719816774677,-0.0006896025399785177,0.01894079979260166,0.017077277242004196,0.012401148838390108,0.0,-0.02277888398727773,0.025713248206515937,0.025592228075120127,0.0022499589724542246,0.0,0.0006385033880911828,0.012081027360080765,-0.01729988594901266,0.02696269584420341,0.0010200987315905907,-0.0021371946876092562,9.367116690528476e-06,-0.004547818503123524,0.0004012517412200767,0.0,0.025038793860850395,0.01211043351848462,0.0004272052070081189,0.008923873821911676,-5.551115123125783e-17,0.04284227503461069,0.025305853361041908,0.029814785676969047,0.046825208274949404,0.004937547861548042,0.021674924390358008,0.028774945645591188,0.031338625210933724,0.0069109718168152146,0.021549820509018214,0.056125154027813706,0.013818176470956622
0.01927870825804906,0.009476315068263241,0.009371577201996883,0.004456817151815118,0.0055279924847075335,0.009150393439018079,0.019030442769588207,0.003389679774121024,0.007846231561020767,0.010030624948927647,0.02648872339300601,0.028600383118092154,0.018497748156368565,-0.0005783433024740825,0.021995614352929904,0.010258875300471093,-0.00037461643981751003,0.02073797565264157,0.005658347849045953,0.019423072000498087,0.021574005071448132,0.007660615583163721,0.008066894011755421,-0.013931395913713895,0.017903850728400006,0.005584604532233972,0.0,0.012585034578863563,0.012685719366006765,-6.838990870905448e-05,0.015267826676625906,0.018448552690667086,0.013400314284004566,0.019208804901405918,0.03962798463940803,0.031092705118439534,0.01653792839764956,0.018750573602386522,0.011166760019254873,0.03585345167474535,0.022112186759907226,-0.006845677296047403,0.02538055554564428,0.0019309413553260102,-0.0005000260875142049,0.08483248469357413,0.014335832743325727,0.024004364652679855,-1.6653345369377348e-16,-0.0006606840804874725,-0.004032395890396501,0.0067452532913758745,0.012596544872884696,0.0038263370130986463,0.023049714152097223,0.006695562577032965,-0.014082151605137094,0.011728855602515798,0.00506219117253226,0.036515473193937886,0.0070388053663389405,0.00010588604252259604,0.02199461742628961,0.002486449830563231,0.03384086873387904,0.04582306322250157,0.030842122169287,-0.013016109734738934,0.00036376546802224796,0.015681854063065215,0.025543929680338084,0.013060924583092937,0.016668681967923815,0.0224019060784425,0.014302220510894026,0.021959450855119467
