0.0,0.04621963167154941,0.0029567767409272583,0.0,-0.0001784649654100745,0.05364202266598117,0.05115002096917626,0.046368192028438004,0.007734002020676756,0.06616841462977618,-0.00044099542466791153,0.07138917066760586,0.03418254829329176,0.003466053494152077,0.03825202931737809,0.02955641102532297,0.04373346882387441,0.034180034078117316,0.0,0.04271087277192592,0.02531597589451562,0.04595460274106378,0.04010695920255086,0.05043299924715122,0.039341704863638416,0.041342562422082674,0.02637146158285336,0.0184183034024874,0.018990860366991824,-0.08344654423183018,0.023934478037005213,0.012140775980653717,0.002029746505687824,0.014803515465819816,-0.00017788545973052017,0.027714741160955125,0.0,0.05572857458428576,0.022135583519955315,-0.01345058995392856,0.01673272627999778,0.02194606220099765,0.0,0.0,0.02302187207676404,-0.020485978976777452,0.029365309575714427,0.0,0.0,0.0,0.0013358335392018028,0.0,-0.0016608782216126494,0.0,0.0039783741289819985,0.0,0.0516648551543859,0.0015532120627684276,0.0,0.05270986797178179,0.03098618961135735,0.008483316712186384,0.04166371267456381,0.0,0.0044360151294219885,0.09876205971590074,0.03411066019128267,0.0020572233389006267,0.004416659164985626,0.038935038408227596,0.02805553015549528,-0.0030411214894445204,-0.00027882038911553053,0.006969727668303338,0.0,0.008718207624266394
0.04621963167154941,0.0,0.001355333960117333,0.0,0.052496332414880775,0.05047845266197032,0.04157538717067011,0.0775785706430216,0.004292901039354313,0.004969712923086955,0.00046142838768187255,0.003444742921942301,0.03602726438555609,0.0,0.06798162364255328,0.04400646787519297,0.037668753714379055,0.048281794063753325,0.0008655919993246775,0.01978639489417483,0.05159991300485561,0.040962379132449045,0.05729464628892855,0.055655703842824644,0.03967164122234795,0.05343547585967506,0.04084146263079702,0.022185180877914046,0.03377807847769759,0.008063308237611089,0.037093451585785364,0.015551572787684431,0.02078732059199323,0.03510575474435185,0.023132057829311492,0.09931406304930307,0.0002611777813119609,-0.0007209252791228193,0.03797140752239214,0.030853617665369426,0.03778337115962688,0.03502525944910606,-0.004409516617444875,0.0,3.959242433715371e-05,0.05520899959893755,0.04533176613628953,-0.0007971104577468857,0.0,-5.551115123125783e-17,0.04286358143060265,0.039326845700535684,0.038824521230159226,-0.0013632031119959476,0.003873525794963195,0.0,0.003011914057552245,0.039623408879015054,0.0,0.03574877491465922,0.0457268982825374,0.02662302149291168,0.05076779625867367,0.0,0.029047083604960555,0.04088906987422142,0.04076784309230835,0.034063210850271475,0.06923830894189559,0.04489769681947803,0.04018781547012029,0.0210763099136953,0.007645465121578154,0.031024453225333926,-6.990963477754297e-05,0.03405089005516504
0.0029567767409272583,0.001355333960117333,0.0,0.004844855432002859,0.04205037548051771,0.04892374065304356,0.039037003712516505,0.02676461156094423,0.06062881788151525,0.01075107866126429,0.048775998762674966,-0.024977259522539874,0.036673567461663725,0.008055922865168819,-0.0007199642503623038,0.003170166757352877,0.0014767946989501235,0.0019709749719403202,0.06262508793248017,0.006856200378958399,0.003311184631010433,0.006587146308004721,0.04085933939169634,0.0008259491434802202,0.0052979065592022034,0.010280130200183035,0.05036143871447141,0.03718996837019656,0.007610675103130959,0.03907834103546304,0.030648739405666592,-0.001134268085588086,-0.009794165601230476,0.013106409324067925,0.007044909019750523,0.006891160849064548,-0.0002676933868805964,-0.012372982278591071,0.015394105496575827,3.956682222416852e-06,0.01388767016912884,-0.014992509109548635,0.0030951467801607624,0.0006260843091665524,0.0002625242655405202,0.0,0.000143273035685898,0.030216522354595432,-0.0001717438146152106,0.041004375352019506,0.022771831808023335,0.019367023788198212,0.023806330521880747,0.025141656121608458,0.00231396696687991,-0.08992772696954582,-0.000860362170132245,0.019133395729744707,0.005397175473231819,0.0023857100556506916,0.00030116648768990784,0.0,0.0,0.05602364410912197,0.03819107871078942,0.0012778690739696508,0.02210752657661408,0.020622324404495185,0.0,0.0,-0.00042491687774814935,0.026581651013133478,0.027330848974917,0.02893655793801897,0.001709812721365167,-0.0003958085155604252
0.0,0.0,0.004844855432002859,0.0,-0.0007874315021766942,0.005312788270062374,0.0056948291664860595,0.004354246371082393,0.008296810117870757,-0.018141110265170457,0.002291410376180969,0.005405115858242215,0.017055569580600727,0.019991009782550695,0.0011122729178537627,0.0,-3.8108217897403485e-05,0.0,-0.025721674604830602,0.025464562997707718,0.00018646324146565085,0.0032197172323441547,-0.018045261831328874,-0.0044209957026081215,0.0,0.0022511192035039596,0.0034807616786882156,0.011207901223896699,-7.009531962293147e-05,0.00012178044034305557,0.0026663591885202065,0.05277977597290767,-0.0032636254054784763,-0.0016978742413730763,0.06924677035356852,0.059740595251461304,0.01611036367863153,0.0011326341029521125,-2.460255169933756e-05,0.0,-0.00047388830172007124,0.0,0.00042665675100689304,0.0,0.0,0.0,0.0,3.3948519084781026e-05,0.0,0.0,-0.0006084345717749517,0.0,0.0,-7.94778545295527e-05,0.0,-8.136526041180314e-05,0.0,5.9830954076911524e-05,0.0,0.0,0.0,0.0,0.0,0.0,0.0,0.0,0.0,0.0009097055724405778,0.0,0.0,0.0,0.0006378261772041482,-7.790219644920882e-05,0.0007678496570133753,0.0,0.0
-0.0001784649654100745,0.052496332414880775,0.04205037548051771,-0.0007874315021766942,0.0,0.05571400865483306,0.011560834864633218,0.003745198060323973,0.011853557047002472,0.00527260481012648,0.03551215695134241,0.004323967060999634,0.0035443731204876094,0.014066015890829897,0.0013873929671682772,0.029786164146585636,-0.008367638895528606,0.004301225642647233,0.04430253332726841,0.06288209791949423,0.0040785058217476244,0.05206841221330594,0.04199954036409792,0.009638482559264416,0.03477621163709954,0.04126294660807167,0.05479661739903824,0.0019818012332981083,0.062235859891124345,0.00658717836099626,0.030765524089897245,0.02145819507437241,0.00046560020095098853,0.001783684714637468,-0.017967272444757654,0.03888464040750278,0.05711988916974525,-0.007956922873893824,0.020046170447581613,-0.002090144673375649,-0.002149833874124929,-0.001788266246549708,0.06252468405290662,-8.356444754381576e-05,-0.0008221107182678211,0.0,-5.471192454098439e-05,-0.023987115881994814,0.0,0.010923587930540934,0.0135858797583841,0.0008165210892547847,0.019763593407685964,-0.020541363864855278,0.0015772837563775566,-0.057724724665779104,-0.002491216350877401,0.01481759750044187,6.93284558543894e-05,0.00013316813221742052,0.00029236485676620294,0.0,0.0,-0.037073479190829095,0.017950595396759583,0.0,-0.0014989283540343679,0.0020890137054780933,0.0,0.00014547355896832315,0.001963660421058555,4.476815905651854e-06,0.018911479141638377,0.030178066118928648,0.001547075396024944,0.01119478948897401
0.05364202266598117,0.05047845266197032,0.04892374065304356,0.005312788270062374,0.05571400865483306,0.0,0.06526179780867175,0.06567003359392737,0.051884166745170934,0.035940211996176086,0.030344761060217218,0.03415333696167716,0.05495845715878683,0.049780590834587024,0.0681927062829793,0.05900825004357313,0.02818364961005676,0.04446348927631577,0.03301483086588869,0.058238410739866076,0.04049067740844192,0.05101899592397913,0.03602088433931494,0.07239456813204131,0.046618792419049315,0.07424308359646198,0.05488919543669052,0.03903735974648875,0.05288462109906805,0.05895756166272126,0.05758338968514387,0.03293323039952145,0.02581789609843349,0.03577737779593515,0.03107562983417278,0.035636238561297495,0.03810101325512194,0.02519495180666298,0.02469757137554407,-0.0016334329328311914,0.03587879726951948,0.026898638187902724,0.0142881678474574,0.005503846723294903,-0.0012662637975264235,0.0011135888602694655,0.04852842356485876,0.0016396643677225597,0.0,0.032603843495915275,0.03852332748804832,0.028037241472241514,0.04179837703999395,-0.0024489591709589975,0.004730674994054773,-0.005221993110395617,-0.0023242805422287738,0.03558046113091218,-0.0032288154613661635,0.017594026554152098,0.04406758728023641,5.551115123125783e-17,0.03875857007525252,0.00031200589036717297,0.034097317657249715,0.011858898226567827,0.043108888774126386,0.03571947889701177,0.0,0.050533767654741046,0.05114413997569045,0.04106147890493761,0.035571956202209654,0.03879607875805191,0.022833745706337005,0.020612575525473353
0.05115002096917626,0.04157538717067011,0.039037003712516505,0.0056948291664860595,0.011560834864633218,0.06526179780867175,0.0,0.03712892372512022,0.021868466687582633,0.017922036287176868,0.05073259933943569,-0.008289659269718253,0.025686133111038345,0.022654394057866067,0.042835483221071335,0.03312438961529268,0.021897908382854325,0.033355444447523086,0.03912153793163392,0.04956800883671042,0.020888179406905627,0.03821248711974906,0.04137233440253618,0.008680160464365816,0.028835089174343742,0.04960760909991241,0.05007517857012722,0.042060690010327084,0.04890709024575285,0.0067602135754161186,0.038283433969679426,0.013177541054216424,0.015560652778191464,-0.008075076816291216,-0.017699590717623392,0.02340814434830224,-0.006090909700032343,-0.0040027381550569174,-0.008581141763869593,0.0009086051797126404,0.014008516837200835,0.03654652409472825,0.012451922157291018,-0.0017116277535365598,-0.0006668352394066934,-2.9882778259660014e-05,0.002692327473971523,0.008943164959307137,0.0,0.02270814077367933,0.022193576518107938,0.0076235726181870245,0.016515596139795585,-0.005275588617738358,-0.0008056194317608845,0.0006607828218462286,0.0015261660161853818,0.01585463261232245,0.0011215960134701164,0.01017533695934697,0.002406448245857784,1.1102230246251565e-16,0.00010031105101132587,0.003449515674825654,0.018727675200973626,0.001693542262293124,0.03687118666141004,0.018226887856248042,-0.002112131396277528,0.0033342482232281423,0.03774774202788733,0.021007601244775298,0.02511092137239257,0.023015707319947842,0.005763802095988035,0.011325004381740889
0.046368192028438004,0.0775785706430216,0.02676461156094423,0.004354246371082393,0.003745198060323973,0.06567003359392737,0.03712892372512022,0.0,0.013401845566650639,-0.007102902569241731,0.005326468851708677,0.06325604923229555,0.040139332082317625,-0.011736423970921284,0.043402108799376504,0.05522051669263778,0.006059530710505467,0.06402089070286482,-0.006674403891593739,0.017204970157794153,0.04216035732329776,0.05882084305571739,0.029521987141930717,0.06526555910920495,0.05877355661362749,0.05174157632147425,0.038428090402038984,0.03378614155732346,0.05452477787444204,0.030472715937142902,0.028388616533563338,0.012988656529233367,0.04838995035750748,0.011015475484090542,0.0017602378441961553,0.0028505176562512724,0.06322005031682243,0.004669941544874157,-0.004981797987653802,2.7074161609519365e-05,-0.001229610984285645,-0.011776767282009049,0.0017626036302755277,7.7623936627913e-06,-0.00019007390394815138,0.017571659107122328,0.04927370865840053,-0.008192642907999259,0.0,0.005645184036747186,0.02188157975717242,0.018869738582105944,0.0061728576634763055,-0.013747874021248108,-0.0003066352381720927,-0.009586133332683655,-1.1102230246251565e-16,0.018034702506071143,0.008300980205628306,0.02110403226481028,0.006355217534673441,0.0,-9.507506748440697e-06,-0.009180194637369632,0.03839505420412287,0.02823772585750539,0.04085305708746767,0.020435702599294725,-5.7249266160908086e-05,0.003617300591439221,0.03536179785905941,0.019860967313932554,0.01327200410110796,0.005708820914374746,0.005653192666942086,-0.005782651239397529
0.007734002020676756,0.004292901039354313,0.06062881788151525,0.008296810117870757,0.011853557047002472,0.051884166745170934,0.021868466687582633,0.013401845566650639,0.0,0.021161163863713972,0.03356930157004251,0.026082441625432218,0.04453661771801792,-0.003013829095490972,0.0010544185471701994,0.009060249922616836,0.02260919596220906,0.026822823797249207,0.050600300193081704,0.05388728884238114,0.008616330616868173,0.043023788797294016,0.04803257330119387,0.01012927315054113,0.006411296427448532,0.04461246372014055,0.06414242037385481,0.04322481043916021,0.053249810821913435,0.035047392102745656,0.03788171640271598,0.01560537347955332,0.04137734293163697,0.022618265937192572,0.021151827697890757,0.012835786492296164,0.012619584531463113,0.01311391343943824,0.0011543050326809912,-0.0019992619566693848,0.014010894891268943,0.0028464479477896543,0.004367545466420708,-0.0012385290759784895,0.0003197753470565723,0.0,0.0011190593035180219,-0.026654636238323537,0.0012140393819167206,0.01661389978428407,0.004087971643869537,0.009499449172250984,-0.004516183401296114,-0.01845474025012861,0.0027617953478031865,-0.1520733390540443,-0.0022504027768049384,0.0033749881591293995,0.00536255165487487,0.0031074522223692447,0.000756690730887688,5.551115123125783e-17,0.0,-0.014306278861881294,0.006664882555464602,-0.0004184451296561642,-0.003924462553568264,-0.0003237692294389971,0.0008388316544208352,0.00011995472044085131,0.005164876657025419,0.0023282849418845286,0.010267345143560314,0.027074030910824276,0.003559519867225136,0.007126486083921413
0.06616841462977618,0.004969712923086955,0.01075107866126429,-0.018141110265170457,0.00527260481012648,0.035940211996176086,0.017922036287176868,-0.007102902569241731,0.021161163863713972,0.0,0.022316672205467958,0.04447622590823108,0.02168035522005224,0.02680832392994653,0.020222707937306905,0.051070450590481375,0.033409417283305876,0.03790903265456008,0.015090849202828771,0.008522247599553612,0.01568330846847399,0.040432825365111835,0.005650848129421293,0.030913063818551856,0.024407970996316974,0.05504777201622535,0.013908877204366399,0.0360006319790776,0.008983088689251684,0.0025962921378078208,0.042314511012169986,0.007991041648662489,0.05655924408442514,0.019178041479474883,-0.0004843580509831802,-0.03194628272592065,0.0030844608337628476,0.035631666791704764,-0.008773708534786595,0.09230639920252603,0.11149494516730635,0.0031562210912089994,-0.012622192974071189,-0.0006258501413892725,0.07923143069078842,0.06285600242753447,0.0014009390504338137,0.000972339015266388,-1.1102230246251565e-16,1.6653345369377348e-16,0.01291182340173136,0.0017652529030923736,0.0009685805187965579,-0.002237968990195238,0.06728146858515155,0.012527130562230815,0.07546733590655341,0.00154100784267025,0.0,-0.00041326887070092244,0.006793688876316262,0.06368151738188665,0.061661653142500605,-0.00045227396773289685,-0.00012759885033342133,-0.08572689966769514,0.002570104440079324,0.004756144186709665,0.06129710000671129,0.06738950083355472,0.06733794050339764,0.003931379065498453,0.06064923107715908,0.0021709083549686925,-1.1102230246251565e-16,0.07409143298493165
-0.00044099542466791153,0.00046142838768187255,0.048775998762674966,0.002291410376180969,0.03551215695134241,0.030344761060217218,0.05073259933943569,0.005326468851708677,0.03356930157004251,0.022316672205467958,0.0,0.02431675830449176,0.04179024163205919,0.0068569442440732375,0.0,9.222356789129194e-06,0.015645141133796614,0.014653522847857259,0.03858406434455047,-4.238474160406236e-05,0.05525982354815695,6.751005549221478e-05,-0.04205458552302588,0.06383929449331333,0.006206586440862305,0.00854705252203719,0.05298846936676971,0.035448301235215696,0.002777048285075412,0.01142686579385671,0.03653633814158064,0.024598582036152117,0.029442255161623132,0.021775315935559814,0.023897524277919746,0.032466438645404216,0.01868115216835947,0.014509396730745916,0.00833915699526927,-0.0003176779236236382,-0.07727683614807224,0.0012898512420130848,-0.00991426796964373,1.2236760438266714e-06,-8.991750438369639e-05,0.0,5.551115123125783e-17,0.05040515621540942,7.438582042607056e-05,0.07345967064893633,0.003354366325677871,0.02405238169882573,0.0008987397089119109,0.010057521238182432,0.0011675264242151373,-0.027174907318696595,0.0020769592407510196,0.02181026140295117,0.029545289132230645,0.0010733383236267713,0.0,0.0,0.0,0.1471887124154943,-0.00036838771359337663,0.0,-0.0015597107000746568,-0.004860015983651045,0.0,0.0,9.245428575055392e-06,-0.015017497674787217,0.01573315844441353,0.012120114752201927,0.0007297084040892576,0.012821921377037415
0.07138917066760586,0.003444742921942301,-0.024977259522539874,0.005405115858242215,0.004323967060999634,0.03415333696167716,-0.008289659269718253,0.06325604923229555,0.026082441625432218,0.04447622590823108,0.02431675830449176,0.0,0.0010179739685098887,0.0038492950516556546,0.00025021702680783076,0.04161024790715656,0.05163637819804412,0.04139090311526922,0.004470049658757247,0.0019340909990961386,0.0769735763548906,-0.12012308505546782,0.04629827753114846,0.028630775052229163,0.021160719725423494,0.03117843027959627,-0.0006917230530325558,0.003881903063689296,-0.0013745439290689943,0.002013515260857579,0.04231328707982007,0.0069853265924033625,0.08284916666260594,0.04111408217264945,0.03278158209412868,0.0017143145366456114,0.030552786639648055,0.07048333760845449,0.024856594526372455,0.030382688005761938,-0.019789096641794957,-0.002136234318875274,-0.01874271293688312,0.0009133210187252105,-0.08149633996067712,0.010055446539690926,0.0015502267231397582,0.0006424239801282594,0.0,-0.0004297112320757468,-0.004003684826724585,0.0014436662695978542,0.0,0.0016580770789185184,0.06584848043285513,0.00046173371429608645,0.07526614132144499,0.005044870958568204,0.0,0.0005986757262450015,0.03363117607675059,0.056735510621653606,0.054456293930174204,0.0,-0.0006823929639960258,0.0001991056941247904,0.0034412526401494947,0.000510410429941377,0.028327553111983206,0.06150552219548616,0.06249440837335796,-0.00783613139728484,0.0043919455202649504,0.0022040665684894267,0.0,0.07423221613254721
0.03418254829329176,0.03602726438555609,0.036673567461663725,0.017055569580600727,0.0035443731204876094,0.05495845715878683,0.025686133111038345,0.040139332082317625,0.04453661771801792,0.02168035522005224,0.04179024163205919,0.0010179739685098887,0.0,0.010809741879363177,0.03878904583204895,0.03502745540177449,0.029650291050877464,0.03955462579133906,0.03581752265238908,0.04695646074889609,0.017438882239282916,0.03872279117970723,0.04359637337608446,0.043796689927242616,0.027698347031995474,0.05010128093588001,0.05307303237889971,0.05589057106699319,0.05006019833698788,0.05246723550836424,0.04084441079157064,0.01615046406809123,0.017616481898083847,0.004948337558785043,-0.007720416991913004,0.0060964253355943465,-0.008696858215004322,0.0019770401395297066,0.015936238037330352,0.005607280457210206,0.023444390924938108,0.015262784728447887,0.006091142970282348,0.005608732587995102,-0.0001140263027258892,-0.0005289752654464852,0.027180200951839817,0.007034984716611459,0.0,0.03361128429952143,0.036235319993885295,0.025428980813157698,0.02054596514860274,-0.006675105001917925,0.002295720446278404,0.006153332487036534,0.002702211180382219,0.025313310460012173,0.000478619241412237,0.012690375205177296,0.02793087508700942,0.002052359512185742,0.010113356312395627,0.009748379719724087,0.025818921148891172,-7.488433842994802e-05,0.03403480395351416,0.02302768009646805,-0.0013589058495465656,0.02202100817635433,0.03256573734489587,0.024603833402068287,0.02016600585698669,0.026845083344050502,0.005957771753441143,0.006627561934323123
0.003466053494152077,0.0,0.008055922865168819,0.019991009782550695,0.014066015890829897,0.049780590834587024,0.022654394057866067,-0.011736423970921284,-0.003013829095490972,0.02680832392994653,0.0068569442440732375,0.0038492950516556546,0.010809741879363177,0.0,-1.74499223689617e-05,0.0,0.0,0.0,0.018907170896600156,0.0016098465105949256,0.015996482952733482,0.0032032877468385346,-0.02188577480268228,0.0056065817554117325,-7.261541488651213e-05,0.005036207843839957,0.020266598093267363,0.02114965338086222,0.006100362745861676,-0.00048280550547646905,0.006242989212988048,0.06292331913192473,-0.0008315457408871185,-0.0055705454708900315,0.0013622079897469552,0.05491060221218935,0.02345398383039987,0.0030662921388540654,-0.003441056972273371,0.0,-0.002124673233355745,0.0,-0.0006896284390514595,0.0,0.0,0.0,0.0,-0.018413309244229015,0.0,0.0009378570306380896,0.03293438108226937,0.0015178629435052549,-0.002885462683614559,-0.011241714829825722,0.0,-0.011430638792251424,-0.00045456048380920766,-0.0015276340618156636,-0.0008736983744467852,-5.551115123125783e-17,0.0,0.0,0.0,-0.015588268100458602,8.069982513603247e-05,0.0,0.0,-0.01073698662412731,0.0002706407801149058,0.0,0.0,-0.01158660699351688,0.0016928014960520543,0.001415246126154679,0.0,-5.551115123125783e-17
0.03825202931737809,0.06798162364255328,-0.0007199642503623038,0.0011122729178537627,0.0013873929671682772,0.0681927062829793,0.042835483221071335,0.043402108799376504,0.0010544185471701994,0.020222707937306905,0.0,0.00025021702680783076,0.03878904583204895,-1.74499223689617e-05,0.0,0.058837996616930344,0.0041239186587020416,0.05168337799111933,0.0,0.046175005322694584,0.02291480511085703,0.060132022939445084,0.0210846412902731,0.07352104023072814,0.055432280990949656,0.043980868862436684,0.028253417953120974,0.01928736153886146,0.04259336678070885,0.007676495114401605,0.03487329652466992,0.022710373781018922,0.03055233108838812,0.028299652063082936,0.026011548260646,0.040407250709334264,0.014746931952311693,0.00022457662159791614,0.019939897066237,0.00509063891759276,0.0141555517427433,0.012649733091932625,-0.05077361796409613,0.00045236429941675205,-0.002611985938519301,0.03409550223774932,0.04156430732827171,0.00112915125379498,0.0,0.0,0.02966156839719669,-0.0004078417717114369,-0.01099380719049925,0.0014331186507943738,-0.0002340441752214928,0.0,-0.0003599524327613235,-0.002526073434094833,0.0,0.03267245858753304,0.04250962481562953,-0.0002599611467933305,0.03411882238473646,0.0,0.02510774842224578,0.022208150565648288,0.0377884843517905,0.015123112778184566,-0.001603380868560933,0.05133882086025793,0.03576346057235624,0.0055205849986892375,-0.011857637717812508,-0.004230308000182259,-0.02562283632532858,0.0093234561856394
0.02955641102532297,0.04400646787519297,0.003170166757352877,0.0,0.029786164146585636,0.05900825004357313,0.03312438961529268,0.05522051669263778,0.009060249922616836,0.051070450590481375,9.222356789129194e-06,0.04161024790715656,0.03502745540177449,0.0,0.058837996616930344,0.0,0.06270737570222484,0.05214768142061843,-0.0007504140868621056,0.05978719727633086,0.04010765219138812,0.05775234881798624,0.05448449024923374,0.029557631010953767,0.04734323536408913,0.04956452631445046,0.056497355931929616,0.021428597431623286,0.0481114973258111,0.01626687801299387,0.03880575421606369,0.029324072793777245,0.01811449069140203,0.03199816255223026,0.02165431693726988,0.0058128938786310425,-0.00033553677607278676,-0.020417504242957518,0.038377271751573905,0.03746441941001216,0.038919870123190925,0.03566863881683041,0.00142012214942705,0.0,0.0,0.040099205892713596,0.042274658797359366,0.0,0.0,0.0,0.029477322786690796,-8.746791618841065e-05,0.03184837794452555,0.0,0.025896307849368028,0.0,0.03453535070149988,0.007285358562364008,0.0,0.03514399990622613,0.04610028508771502,0.0526909716395319,0.05687637916649457,0.0,0.030647130855762428,0.03303049177033518,0.03329477773093714,0.046895298370278005,0.04808109027940799,0.04871863222589118,0.042596152606085735,0.06318470693721318,0.009498193637934194,0.022876563958248497,-0.00012062238631360689,0.03451500059950735
0.04373346882387441,0.037668753714379055,0.0014767946989501235,-3.8108217897403485e-05,-0.008367638895528606,0.02818364961005676,0.021897908382854325,0.006059530710505467,0.02260919596220906,0.033409417283305876,0.015645141133796614,0.05163637819804412,0.029650291050877464,0.0,0.0041239186587020416,0.06270737570222484,0.0,0.037104819703582315,0.0011330474066308938,0.02047182961449845,0.06266441311701815,0.0498599169174172,0.03002736912113929,0.04509232817891462,0.05786596231290625,0.049536985659927035,0.038687050930654165,0.03365964144201927,0.020234168631410976,0.002601480635431086,0.038770873588827415,0.03808380118469207,0.04030414183459363,0.041707804810173055,0.024698692857151483,-0.022362696849439756,0.00043695902582208124,0.04336282497874905,0.021011975040320152,0.06750143521270319,0.04435583822711697,0.0033399205680556543,0.0,0.0,0.008349218983667028,0.009176425391701437,0.004593346741208648,0.0,0.0,1.6653345369377348e-16,0.0006101626292778217,-0.0001099231875220652,0.0,0.0,0.0475978966774408,-0.014840385396144962,0.05816872011759233,0.0010069439854901718,0.0,0.0,0.05657873642409911,0.06141288756532187,0.05935530525590382,0.0,-9.822776340184802e-05,-5.551115123125783e-17,0.002617958438220269,0.002146514473902128,0.03585389732908867,0.06458741688132835,0.06316781376358666,0.0,0.0016391778775000088,0.0008219333374439586,0.0,-0.00038447501927507677
0.034180034078117316,0.048281794063753325,0.0019709749719403202,0.0,0.004301225642647233,0.04446348927631577,0.033355444447523086,0.06402089070286482,0.026822823797249207,0.03790903265456008,0.014653522847857259,0.04139090311526922,0.03955462579133906,0.0,0.05168337799111933,0.05214768142061843,0.037104819703582315,0.0,-0.00047686391725959565,0.0369587193303102,0.04859669200689576,0.05680884203963399,0.059289218189552295,0.04466531874149998,0.0248332329690798,0.045534586335091165,0.05437760956360377,0.026056272779174217,0.035012346315637155,0.007968751758751114,0.036538715355760476,0.0304020479464418,0.020829710599293505,0.0343931411390207,0.012350733606887099,0.002582583156582885,0.0,0.046900369370408534,0.042285096678393086,0.04768552970690221,0.055793773481664366,0.05263893850344009,5.551115123125783e-17,0.0,0.06337225212412534,0.023660890099337473,0.04829534799401125,0.0,0.0,0.0,0.014877155203583015,-0.0008841950086773687,-1.765126171349163e-05,0.0,0.049900206627314536,0.0,0.04581721999024169,0.004217603013286941,0.0,0.008574155430542296,0.055371529118904694,0.060754661608700355,0.06111681930885926,0.0,0.01799480227836192,0.053882962182870475,0.043672970855324955,0.006073041540827939,0.050231685095246725,0.06144057253426344,0.06199698704668166,0.009922090163705044,0.0014897599522013527,0.03003292352141218,0.0,0.053796340613796845
0.0,0.0008655919993246775,0.06262508793248017,-0.025721674604830602,0.04430253332726841,0.03301483086588869,0.03912153793163392,-0.006674403891593739,0.050600300193081704,0.015090849202828771,0.03858406434455047,0.004470049658757247,0.03581752265238908,0.018907170896600156,0.0,-0.0007504140868621056,0.0011330474066308938,-0.00047686391725959565,0.0,-0.0014570306643195141,0.0013363835644824573,0.003271854236128968,0.006704392373737822,0.003829514151612534,0.004070819550643923,0.0043118514100915495,0.033549984431107516,0.033605726028018756,0.07888521557636446,0.012050492878192265,0.026519596410882473,0.0006335023164792952,0.017737790266196374,0.012390584045616548,0.011641399718098078,0.011852542122064935,0.003925042985344296,0.005009732136202871,0.01858444524685654,0.00016152342751357684,0.0038243937750657153,0.0013932043348796608,0.012950584664111253,5.551115123125783e-17,-1.6653345369377348e-16,0.0,5.551115123125783e-17,0.03533572701990073,0.0,0.03331398482666159,0.010719705467493568,0.014746061065275429,0.002318594300742549,-0.00778926759788956,0.0007979827131070483,-0.12185122102595208,0.0007073736995458213,0.01134137897769083,-0.011159846224490955,-0.0005821697854488384,0.0,0.0,0.0,0.015115822425426528,-0.0011348342661518518,0.0,-0.0007355110580732904,0.003961133749537216,0.0,0.0,0.002604574972394136,0.008578774299097924,0.013465525784659427,-0.014826550534289162,0.0017548349717737555,-0.006989483942243746
0.04271087277192592,0.01978639489417483,0.006856200378958399,0.025464562997707718,0.06288209791949423,0.058238410739866076,0.04956800883671042,0.017204970157794153,0.05388728884238114,0.008522247599553612,-4.238474160406236e-05,0.0019340909990961386,0.04695646074889609,0.0016098465105949256,0.046175005322694584,0.05978719727633086,0.02047182961449845,0.0369587193303102,-0.0014570306643195141,0.0,-0.003319205554565552,0.04588706199851156,0.051574468492997405,0.025701884102084238,0.027209187162507253,0.03496594582308826,0.05936809587354597,0.040594301443730996,0.05444833309053071,0.005568113715207823,0.03013872644299337,0.006810861608504415,0.007959949710093006,0.015835048025904963,0.002211432833495952,0.020520452037610992,0.019068409556908805,-0.0045082479179320845,-0.0017173930110677138,-0.012163442423670567,0.0014446152021624359,0.00342468271143731,-0.004685707591648436,0.00038889532611990907,0.00021639061072764587,0.00636810440122898,0.028860876532755098,0.0031423192121483035,0.0,0.0012548543427742254,0.003024925902463338,0.005145770950020667,-0.004731593529824496,0.003606729691474908,0.0010229193184852492,-0.0018332636977024808,-0.00030644657440720424,0.006945584153072337,0.0,0.010338431817398575,0.02498078648762475,0.00039842199174078274,0.027647277760356637,0.00038251766697328105,0.018966523393276702,-0.00442112632217545,0.028047155252233447,-0.0037054215407892888,-0.002264247495859517,0.0294478714966957,0.02554207919491408,-0.0044108065387506445,-0.006056517112016491,0.004806778061715644,-0.01761329240834064,-0.0006253556886072764
0.02531597589451562,0.05159991300485561,0.003311184631010433,0.00018646324146565085,0.0040785058217476244,0.04049067740844192,0.020888179406905627,0.04216035732329776,0.008616330616868173,0.01568330846847399,0.05525982354815695,0.0769735763548906,0.017438882239282916,0.015996482952733482,0.02291480511085703,0.04010765219138812,0.06266441311701815,0.04859669200689576,0.0013363835644824573,-0.003319205554565552,0.0,0.031249262592196014,0.01436634300699896,0.06718410677675463,0.05246067909325641,0.0275226404832819,-0.0043972359787260995,-0.0034609969433698207,0.001821687919569992,-0.009178294168483092,-0.004369951527647242,-0.029464781753475555,-0.006640395153010847,-0.007993371614689715,-0.021307407829681324,-0.038422092587228174,-0.011841984188471155,0.005339466770103218,0.011872278231710165,-0.010433931530772489,-0.0022716854994389024,-0.004481348917319938,1.540940778199662e-06,0.0,-0.0002931232469792211,0.049928751318807196,0.027560099439891295,0.001583201962946701,0.0,-0.00013293630144411983,0.03300154640281627,0.006381600612531957,0.0061429929181012755,0.0009243449411426297,-0.0012169702690761341,0.0,5.141213093362573e-05,0.016219663201988366,0.0,0.029482769849727808,0.02891591099819457,0.0,0.07449998841151567,0.0,0.0322788555727595,0.03461495685042171,0.014146693269052046,0.029611194352088477,0.08842668073209675,0.04181242966923515,0.036001242401725864,0.013433240059549989,0.006860384181032464,0.01947275069082849,0.007500811582538458,0.0041219303618881264
0.04595460274106378,0.040962379132449045,0.006587146308004721,0.0032197172323441547,0.05206841221330594,0.05101899592397913,0.03821248711974906,0.05882084305571739,0.043023788797294016,0.040432825365111835,6.751005549221478e-05,-0.12012308505546782,0.03872279117970723,0.0032032877468385346,0.060132022939445084,0.05775234881798624,0.0498599169174172,0.05680884203963399,0.003271854236128968,0.04588706199851156,0.031249262592196014,0.0,0.033212461268905535,0.06261657360586892,0.03566723658350135,0.0513455416052212,0.038182918840777846,0.034505047063171035,0.05016288129501506,0.03907796505772376,0.0413356418795624,0.02211843109750261,0.0023882230589623576,0.03183896484233417,0.022874015718280627,0.05467850405187713,0.005259190236397315,0.06989525664332724,0.02871888697446323,0.0258160984351522,0.023923483329470863,0.024355301276930363,0.09554616102315361,0.0,0.002228560939268709,0.03823664041365954,0.03809192188875837,0.0012470077882967279,0.0,5.8702607500071835e-05,0.036241304652091466,0.028529334989914668,0.026947261267783296,0.0009835695594815896,0.0033754641885043735,0.0,0.001958060694207675,0.022215859003021976,0.0,0.034355641099683365,0.038571131409480264,0.006301130957190093,0.04770876943786073,-1.1102230246251565e-16,0.04271100252984844,0.03465193597366134,0.037694596060144914,0.02592168831909525,0.06213349435969984,0.044485705311602564,0.03083512325226373,0.0179206323728745,0.01281386958657732,0.019245212904613285,0.0065768713575636295,0.02817160419732795
0.04010695920255086,0.05729464628892855,0.04085933939169634,-0.018045261831328874,0.04199954036409792,0.03602088433931494,0.04137233440253618,0.029521987141930717,0.04803257330119387,0.005650848129421293,-0.04205458552302588,0.04629827753114846,0.04359637337608446,-0.02188577480268228,0.0210846412902731,0.05448449024923374,0.03002736912113929,0.059289218189552295,0.006704392373737822,0.051574468492997405,0.01436634300699896,0.033212461268905535,0.0,0.054057946709614946,0.05646132058854397,0.0273330805807408,0.03594476048643502,0.036707805668380444,0.043799584726078145,0.03741745342783259,0.012472601613421286,-0.007496322153997037,0.028569517851061987,0.0041333811251573205,-0.008802882684098401,-0.02015299788773839,0.0037662856619951612,0.0015088538100955784,0.007572585357423334,0.005451052660742528,0.018983940901686314,0.030535081617259485,0.0055123633026386565,0.016180329981961727,-0.005457194303386315,0.008038023212171397,0.03570138269351841,0.011468220531507978,-4.138978092915746e-05,0.028001509014554005,0.028899556969360862,0.017860639079442242,0.019953147167498242,-0.019373601504669713,0.010146843151592533,-0.06517041997594886,-0.009647100193763136,0.02279181735790592,0.05009043944556851,0.001165603534717452,0.035625831691736554,0.0008757328309308976,0.006718581481777508,-0.08481298353297312,0.015841710791008934,-0.015117923147925927,0.015533658621942725,0.0293817101477295,0.0010480796583395846,0.03141775455313245,0.03384383679274772,0.028140225687037557,0.01756886404535518,0.024376486058615643,0.005565942545205371,0.00638291831205362
0.05043299924715122,0.055655703842824644,0.0008259491434802202,-0.0044209957026081215,0.009638482559264416,0.07239456813204131,0.008680160464365816,0.06526555910920495,0.01012927315054113,0.030913063818551856,0.06383929449331333,0.028630775052229163,0.043796689927242616,0.0056065817554117325,0.07352104023072814,0.029557631010953767,0.04509232817891462,0.04466531874149998,0.003829514151612534,0.025701884102084238,0.06718410677675463,0.06261657360586892,0.054057946709614946,0.0,0.04643451719852104,0.026056075677357904,0.05352603955007784,0.046309780936721334,0.008392069711110006,0.0038318401332333996,0.03675543443606255,0.043853312463778216,0.03463225438816592,0.040418286242459855,0.02755983148427943,-0.03351228407674367,0.03454292794729119,0.052555333432748264,0.040928911907598564,0.02573927339003973,0.04969261282564813,0.04693689526250422,0.000189412820750412,-0.00010283831376145525,0.029858323614911142,-0.02755780247324907,0.048907353802802145,8.878240478676913e-05,0.0,0.0,-0.0013927607989079327,0.0007787997705416827,0.0003209036440912083,0.0008097391302965828,0.05071997225170449,0.04600482490311514,0.042519553448014,0.0039034523114940267,0.0,0.026076141267952657,0.03490099292832338,0.039892532625840416,0.04082548411978831,0.0,-0.008470171843807328,0.056437338441379326,0.03272532646921411,-0.001157445845029248,-0.002843863308028882,0.03423586085611857,0.0341071884528551,-0.0012743169921267672,0.001616924530719821,0.024497037962043555,0.0,0.028743063674951108
0.039341704863638416,0.03967164122234795,0.0052979065592022034,0.0,0.03477621163709954,0.046618792419049315,0.028835089174343742,0.05877355661362749,0.006411296427448532,0.024407970996316974,0.006206586440862305,0.021160719725423494,0.027698347031995474,-7.261541488651213e-05,0.055432280990949656,0.04734323536408913,0.05786596231290625,0.0248332329690798,0.004070819550643923,0.027209187162507253,0.05246067909325641,0.03566723658350135,0.05646132058854397,0.04643451719852104,0.0,0.032916800673655766,0.04293902601685262,0.015943897172914945,0.029449395529554168,0.00436478427818926,0.03307984183159263,0.016063766347959307,0.016591544522140955,0.026624836151474096,0.010756890751712322,0.005146157324927958,-0.0001284616851792708,0.03994122932849137,0.0379122733045375,0.03810889065778644,0.041187232101757565,0.04659662678776999,-0.0007513676126873481,0.0,0.0506875890989138,0.03926610688647797,0.045893516439662274,0.0,0.0,0.0,0.03785588437836529,-0.0007267336013387915,0.004904022164684496,0.00014472468773679692,0.06221383406941755,0.0,0.04334418116677857,0.010169692762718674,0.0,0.034643379626010606,0.049406292874287105,0.05705720404744086,0.05325503382302593,0.0,0.04095388883685758,0.053559880953439276,0.044997017091959246,0.014816356524358643,0.050644940658575666,0.05287336044030089,0.05477855430726569,0.03280986979256667,0.03185257717295409,0.0409782568943961,0.0,0.03950598484939666
0.041342562422082674,0.05343547585967506,0.010280130200183035,0.0022511192035039596,0.04126294660807167,0.07424308359646198,0.04960760909991241,0.05174157632147425,0.04461246372014055,0.05504777201622535,0.00854705252203719,0.03117843027959627,0.05010128093588001,0.005036207843839957,0.043980868862436684,0.04956452631445046,0.049536985659927035,0.045534586335091165,0.0043118514100915495,0.03496594582308826,0.0275226404832819,0.0513455416052212,0.0273330805807408,0.026056075677357904,0.032916800673655766,0.0,0.027346930934057878,0.03345054732383024,0.04662006431765714,0.031297802326010704,0.04022763494729026,0.035177335422371114,0.02376862399529245,0.034485184182485806,0.0304753229342431,0.08790328483595539,0.0423757470829752,0.044803896635406903,0.0396958127252226,0.03864756967048649,0.043766243091136414,0.03469330853371566,0.004681348744360603,0.0,0.07598682779476468,0.04797979727872426,0.047435210553336604,0.0014522954354244666,0.0,0.0005214205950653805,0.04609279374119418,0.04629364506148431,0.04166345610294059,0.0004883861341010709,0.05041711497383489,7.123988179380536e-05,0.043418273024755594,0.04461761846197332,0.0,0.04099825836283377,0.05197335489027416,0.05296501696527528,0.05814889807618934,-5.551115123125783e-17,0.0349521389492794,0.04324944949204046,0.034164119978343566,0.05164201285261849,0.06261164681243808,0.057892389145767,0.04898236928076871,0.042195085839123736,0.0320994109262982,0.04016357126685044,6.258664519342982e-05,0.0457857079558292
0.02637146158285336,0.04084146263079702,0.05036143871447141,0.0034807616786882156,0.05479661739903824,0.05488919543669052,0.05007517857012722,0.038428090402038984,0.06414242037385481,0.013908877204366399,0.05298846936676971,-0.0006917230530325558,0.05307303237889971,0.020266598093267363,0.028253417953120974,0.056497355931929616,0.038687050930654165,0.05437760956360377,0.033549984431107516,0.05936809587354597,-0.0043972359787260995,0.038182918840777846,0.03594476048643502,0.05352603955007784,0.04293902601685262,0.027346930934057878,0.0,0.03788544106880898,0.04912654785375925,0.035152106975796515,0.020784495072851183,0.0032724303405244903,-0.004196475828775192,0.005670020790966013,-0.003855724870940991,0.01234982469966317,0.0026705953540943628,0.011842920322926775,0.003697089125675568,0.016420363604613852,0.011237089728427185,0.010711094564015089,0.006487469348252617,0.03810764855325083,-0.0010000646130710056,0.000257107646677468,0.029742893393868874,0.010465242855485224,-1.6653345369377348e-16,0.024184561105616065,0.033717422381766116,0.021275581599257132,0.02084569602746683,-0.014620852999991607,0.006451563056841192,-0.0011387427571520892,-0.00145541940729349,0.02138328879919693,0.00676732053705531,0.002055017325979791,0.03124391043461272,8.199593636554203e-05,0.0049641324904526885,-0.0034033404373172704,0.013697209050616499,-0.00972763935632015,0.019780124436436397,0.02516026210772082,-5.433680532895835e-05,0.029965829033966274,0.031969275502866656,0.024562504661831186,0.013702198858291048,0.015693456436930098,-0.0015016537836011201,-0.00160961480645333
