0.0,-0.0032748064688843392,0.0020734188757777217,0.0,-0.0007125637061610735,-0.0022919205546463872,0.008698490174018358,0.009267367281763472,-0.013617650016054472,0.028470066923959536,-0.00010937341749123197,0.018370089135596124,0.004189110610648417,0.00043914983170428856,0.013975275939431708,0.006882443874721367,0.014215183876283344,0.008683281389225306,0.0,0.01635309862447243,0.0058887599423252945,0.007907499900018156,0.016381394155633222,0.011691497296484443,0.012364853819289645,0.007289186963481076,-0.0018378841453827732,-0.010139943743411206,-0.0003597033535874261,0.00878087611691869,-0.008358441683305962,-0.023369562987224923,-0.005590079555932104,0.004672143958232178,-0.007130217515117221,-0.002997169141855993,0.0,0.025066250936988776,-0.0006080090240505043,0.003882062692582844,0.023172336237730073,-0.002982904575124845,0.0,0.0,-0.0011371299412781255,-0.017826796449600335,0.009954869639779262,0.0,0.0,0.0,-0.0016016887929712342,0.0,0.0004419024638581681,0.0,-0.014551479755729235,0.0,-0.015634348429802714,-0.0015574588948930046,0.0,0.03818514674995449,0.011889137847735709,0.0009342155094445581,0.008395991168158257,0.0,0.0055878704701669,0.0039501673421227235,0.003068219129988392,0.049132602846174545,0.010591086659574811,0.012731893762905788,0.010765328985484213,0.10321852369817264,0.0004476855316452588,0.0040467662404143345,0.0,-0.0005392337466509911
-0.0032748064688843392,0.0,-0.005214953109188791,0.0,0.003798004010306333,-0.004010915956443206,0.0010347383443630176,0.033708580983498826,-0.008319348408658778,-0.006011569144231954,-0.0007408884755915057,-0.0025996615272790846,-0.003305494028193634,0.0,0.02586087504261997,0.014099720210188793,-0.006058671692505513,0.01218251842417456,-0.0021838603597187367,0.013743912581992535,0.005852520241649173,0.011633829712808297,0.002076836492662215,0.010875590337530994,0.012891916124857739,0.011850022071521416,0.008768910543911324,-0.0012076107175571504,-0.0021188113918410023,0.0034130749464193477,-0.0018330502795355086,-0.00720410505221869,-0.002793576694435973,-0.0038247348741394793,-0.008638563952418299,-0.008117346815739945,-0.000994933955022037,-0.0012937161720323886,-0.00943116267077665,0.009859765108231222,-0.015023262169384488,-0.017386539316529004,-0.00593308834654388,0.0,-6.35712316257031e-05,-0.006890865914545297,0.0016371607601588511,-0.0022654078506960107,0.0,-5.551115123125783e-17,-0.011874114260073787,-0.015772810538946858,0.006845298813513423,0.0007728938780789951,0.0007526470444457201,0.0,-0.001100994238889541,-0.014126230176081833,0.0,0.012492655328049385,0.0027744874595664326,-0.0006551384346153433,-0.002027563594599824,0.0,-0.008316239815775561,0.004156904608076162,0.0033965497000301714,0.004226924181522207,0.034651608909619214,0.005018705604663831,0.0022340504265923045,-0.009556874177443497,-0.025932560065652366,-0.00761730361107138,0.0019032251530209376,-0.008336517462032955
0.0020734188757777217,-0.005214953109188791,0.0,0.013838970505051451,-0.0010413933833013367,0.028409862346913728,0.01683471313837731,0.0036766925774671666,0.028613137980970815,0.031883311278023574,0.020930539918850077,0.014497915354724611,0.01569337514255381,0.019815628379060757,-0.0033593242360206443,0.009689579899583911,-0.0013480773374147659,0.012576683183272208,0.03880913164880534,-0.0034761165043875053,-0.0023364823219487185,-0.003925391766282094,0.028432976860528203,0.0011833048337648866,-0.000415608245584842,0.03113869853929807,0.02407676627025923,0.012505804563249456,0.014724602791490127,0.014170499974273387,0.015593126977148042,0.011527761182549778,0.006328268642110169,0.01979622048181684,0.014628504069455595,0.01116407563423305,-0.008619972411428312,0.0035475179807226143,0.03798868102416786,-0.0006655643342631246,0.025473164820823513,0.002726517868146483,0.02093388455912193,-0.001806669291347207,6.094778986537319e-05,0.0,0.0007155727429686287,-0.1352911688351502,-0.015736690557268784,-0.01037442468311256,0.020025066967954364,0.02300273954849441,0.013012620664386576,-0.018609358471789017,0.0021281336260997596,-0.0368376467930846,-0.003565717234035204,-0.014333612125147943,0.0387314141715186,0.002459234672155697,-0.00048356535037819004,0.0,0.0,-0.16414875041895216,-0.0314830149265779,0.0010352281774393401,-0.009322888300314747,-0.05528012446948216,0.0,0.0,-0.0003580158892591001,0.026729575028992758,0.007524460418730117,0.010625064499476422,-0.0024718518232891284,0.03017162563390996
0.0,0.0,0.013838970505051451,0.0,-0.03235608220584907,0.0016861534015518709,-0.04965626385560498,-0.02148347039506343,-0.002094400104686922,-0.0070786432610073224,0.0006433952379318875,0.0005585029197556768,0.021299545715522394,0.017571784251452838,-0.0020348958560435504,0.0,0.0003993870624866003,0.0,-0.013183461153246423,-2.0672549033151633e-05,0.0005121212644928486,0.003433351716659261,-5.08563782544158e-05,-0.0034241342010885023,0.0,-0.000802757961638978,-0.029336538125388167,-0.03637498626102642,0.00043447854465383795,-0.0001955357043719741,0.0005039434730225167,-0.021715620487531728,-0.010172027883213586,-0.02648708724209131,-0.006423847915243641,0.06515429581609128,0.026900603066568357,-0.0033704626384948866,-0.001651421124784891,0.0,0.000760894628147657,0.0,0.0004595265374220392,0.0,0.0,0.0,0.0,-5.4509144267078646e-05,0.0,0.0,-0.0004460271283813766,0.0,0.0,0.00012761292555385495,0.0,0.00013064342238555682,0.0,-9.606705079800992e-05,0.0,0.0,0.0,0.0,0.0,0.0,0.0,0.0,0.0,0.0026045671047432717,0.0,0.0,0.0,-0.00023050859562767645,0.00012508298386743055,0.0012569336458460034,0.0,0.0
-0.0007125637061610735,0.003798004010306333,-0.0010413933833013367,-0.03235608220584907,0.0,0.012243654658729897,0.010040655420905431,0.008288413733408717,-0.008787890263337705,0.012046601470000695,-0.017840442561901038,0.007745708967111964,0.014916932984421372,-0.010616044834779126,0.03350278464709294,0.010163281999186424,-0.0009740231666623411,0.015502222847587621,-0.021914923632466943,0.0029218807326904517,-0.006573629038750584,0.0039160026887129495,0.008275849343253261,0.0326385231359565,0.0149367753919174,0.008648377438028543,0.0009742720593410303,-0.02223594425607267,0.012656839984915236,-0.008201821137699739,0.006645165395012531,-0.009205506654253293,-0.021056417679782058,0.004095227451561878,0.0037890751060749572,0.006051626010860789,0.017550041776225378,0.004458874558180392,0.022286948553637553,0.0015257148457749614,0.016357947316468113,0.0047744091838015645,0.02341110158223003,0.00013417452806790964,-0.00014279201537775732,0.0,-0.002885917945705363,0.025868228763036072,0.0,0.0012764125702652285,0.011433081702625914,0.0008274514266357613,0.03633484738776155,0.009998270120793462,0.0016221755360471546,-0.07031251316073572,-0.0005071382630577603,-0.0035967054933458975,0.04756781179324365,0.0006520668854868017,-0.000469433088272464,0.0,0.0,0.009883307688832721,-0.0003610743888338708,0.0,-0.006330841956355193,0.018638873020453417,0.0,0.00012311413010968053,-0.005885989714035866,0.013385833001275604,0.004005019568903423,0.011669325033471178,0.0007500392397667976,-0.0026484005701901125
-0.0022919205546463872,-0.004010915956443206,0.028409862346913728,0.0016861534015518709,0.012243654658729897,0.0,0.0032660824202228045,-0.001358174109086674,0.011829364428900313,0.019478989829999516,0.0005148400456074786,-0.004481418653098479,0.011509407504111224,-0.03231318147823592,0.012494451843266197,0.015326065443734327,0.015478536116055708,0.027611451994262404,0.02847011589245041,0.0010510956951975126,-0.0012979846386358962,0.0012074679261671606,0.014654347829882342,0.017650555323659,0.02283724884797128,0.015101488114540929,0.024279002236429092,0.020154782430508777,0.0005482743322681727,0.0054734667159851425,-0.007012066540480033,-0.017064310943024352,-0.02874530079067228,-0.0008624413645159645,-0.00842736558640017,-0.01114520113877554,0.0038609825037246304,-0.01920792841443969,-0.013819977863704092,0.0061974091269194065,0.021606193502477944,-0.011295831836462433,-0.031183146970365894,-0.001724676425272409,-0.001928407143479971,-0.0006719114276068083,0.0036789120964251243,0.014046943167641213,0.0,-0.010662519295739692,0.012996944598959392,-0.003280514043370708,0.0281636545570641,0.004517808197269435,0.01497761854261892,0.012227989599321809,0.0005257255002721894,-0.002470770248669596,0.013305041763625791,0.013157552618930257,0.0018749877094668688,5.551115123125783e-17,0.06195440422957438,9.709443041516774e-05,0.006850146336327412,-0.006866033327484866,0.006026348343468602,0.014244000264645562,0.0,0.007950097362870778,0.011895225661443909,0.015614620636483445,0.008051854243962042,0.0049536698349456065,-0.0014466603292923041,-0.0026068224718949207
0.008698490174018358,0.0010347383443630176,0.01683471313837731,-0.04965626385560498,0.010040655420905431,0.0032660824202228045,0.0,-0.003876617428361151,-0.0178882736283848,-0.005754670758807423,0.001200273960324294,-0.014284887781350841,0.010636252373533162,-0.007016011585719462,0.0036154428037031283,0.014345332174830527,-0.007808167306861125,0.012577492330067885,0.0008627074806862867,0.008195630184404001,-0.005688702087201403,0.009093680972175444,0.0011958206088749646,0.007423883003201903,0.015731727208973922,0.0118735646193463,0.004144525657889475,-0.01617871112792607,0.008813106600040144,-0.010175106821317392,-0.003784516869469512,-0.016445091961637792,-0.01615059544548525,-0.027827032275930585,-0.025786827584268424,-0.020676091979573652,-0.0332128622599237,-0.02600722892235341,-0.06452158427444388,0.0006449302865618733,0.022127976309339048,0.009212783821850645,-0.02087996349703486,-0.0008456390962179317,-0.0016022359954341314,-0.00040435313621145497,-0.002235232586615288,-0.00221304169965586,0.0,0.0035831476587948607,-0.0019829974824993046,-0.01138807654473084,0.007201896802918439,-0.0072466206001415845,0.003561213096700433,-0.058133403262716266,0.0012759181170149958,-0.009484857327078267,0.0009000192514580507,0.006934673644050149,0.013750451779634465,1.1102230246251565e-16,-0.0006690152576547259,-0.0034519532818747534,0.0053014834120228005,0.003109075099405001,0.00010334999312278104,0.004085674180896892,-0.0022624277509060153,0.009314296572645542,0.011165418765067603,0.004444482602361077,0.0026062799095483147,-0.0030937013426952653,0.004038488719424249,0.005362904261382417
0.009267367281763472,0.033708580983498826,0.0036766925774671666,-0.02148347039506343,0.008288413733408717,-0.001358174109086674,-0.003876617428361151,0.0,-0.0030039366628120123,0.016249399262228847,-0.014223581041402145,0.030734808554399307,-0.004043955058252835,-0.0023472058619360414,-0.008207649261762595,0.018148829464988525,0.04173735180647503,0.006811143158840183,0.0030719421220375964,-0.006406003878698718,0.014532127196346112,0.027058978248073795,9.581774992084569e-05,0.01965709594582976,0.01712087809207813,0.01218589876359416,0.012537250426302826,-0.003235221583458847,0.0036274614695480656,0.013817463173310507,-0.006595760546234619,0.011692530393891454,0.020951296791438145,0.0019047600639576223,-0.008138252037202864,0.037128158693972346,0.013237474425717433,0.003061846148102565,0.024037204019152547,0.004230318697774238,0.029673558323631277,0.004089975871274576,0.030939787882674263,-1.2463619840641371e-05,-5.9701258431799076e-05,-0.00788597382870776,0.006338700315575929,0.022477422779381806,0.0,-0.012210580163245999,0.025878059974959566,0.004156572374311329,0.0571895335443674,0.020813824816890647,0.00019049819041178084,0.013849431913091514,-1.1102230246251565e-16,0.010164448812488625,0.008654805185730363,0.030504724608880984,0.005362426425928213,0.0,-1.6894657366262056e-05,0.006857325119366986,0.016501091685948266,0.0380780219101266,0.017862739238688308,0.028777623243225692,0.0016178323109927728,0.008626168541234325,0.008863032321014264,0.027278092831808265,0.01695702204266586,0.020780926964012403,0.017145709181417723,0.023271454070413422
-0.013617650016054472,-0.008319348408658778,0.028613137980970815,-0.002094400104686922,-0.008787890263337705,0.011829364428900313,-0.0178882736283848,-0.0030039366628120123,0.0,0.020539517021178455,0.0010194895213516686,0.021452061030129588,-0.009165971232082959,-0.0067148488839213205,0.019896998294905432,0.013587877330564047,0.0054204197062470705,0.02723876885913057,0.0077897115606384015,-0.005235621673532476,-0.013350378608988078,-0.0026936218284832614,0.012649911798984226,0.021821732578847564,0.038325802858423075,0.01458818900265929,0.019610421141347756,0.004422125522736742,-0.002007000006919446,0.008109324326198708,0.010911481180905014,-0.002097364243883848,-0.017938295976842378,0.016510616381346377,0.011633118667707942,-0.0023196172945720295,0.0037214805947485274,0.01023864997511409,0.022079991848666047,-0.006096386432866752,0.01291028045230369,0.001589702063437115,0.00560474715432413,-0.0005070707367466065,0.0037441076926154615,0.0,-0.012408932566121078,-0.037538103644131404,0.00680205834800085,-0.0036110334751280337,0.005008734795071468,0.0023358146541684333,0.02357217725344274,0.002501166017549017,0.001737585059935709,-0.1504390074018367,-0.0033577988092547417,-0.017030032791117145,0.01922256780987508,0.0026405884007619784,0.0011985451150051118,5.551115123125783e-17,0.0,-0.0005207021462779737,-0.012755587745287844,-0.05447716125551477,-0.0022104195880616184,0.0070052966443509,2.0583847820665468e-07,-0.00023346320704381585,-0.003220333892089644,0.00657364596079002,-0.0009159405705617685,-0.009557125082041984,-0.0014408882524855615,-0.011915379660081049
0.028470066923959536,-0.006011569144231954,0.031883311278023574,-0.0070786432610073224,0.012046601470000695,0.019478989829999516,-0.005754670758807423,0.016249399262228847,0.020539517021178455,0.0,0.019934783611014695,-0.004462033191706183,0.008111315118183526,0.016350446698138066,-0.004373751602976261,0.010983686527938852,0.019412883728763597,0.010298323345288463,0.018925404502038223,0.006776726936572219,0.030734364424519545,0.04041914344312442,0.012648504867729615,0.038268061366099004,0.02130444917863139,-0.04897220390856066,0.019235399611521098,0.014157368736980924,0.023369075447317422,0.03571350184676825,0.010811935106414317,-0.004713880416421123,0.02403533865606622,0.015178877821632741,-0.009716357877631476,-0.0003164453757544816,-0.0021299548410030344,0.02549338682719876,-0.04406138442702667,0.09361002234311411,-0.019201443978030808,0.0012418444660332595,-0.010326211026192689,0.0506196324783032,0.10217675908113882,-0.0008919910624911598,-0.003197657709133106,0.001691323791731758,-1.1102230246251565e-16,1.6653345369377348e-16,-0.007778755599001319,0.0050349677127329295,0.0009487732988504582,-0.0005205764260245438,0.0012584320526987103,-0.024890554693846434,-0.0002746285439959584,-0.0015132795132798416,0.0,0.0007243818541786129,0.034594979538259074,0.009967329182452744,0.019877306859573896,-0.0006413465245524441,0.00042358910710948994,0.0006177871215057307,0.003805996215691998,-0.032447748221587636,0.0034109777563093857,0.0037296230727534296,0.0047351698712294055,-0.04982539024552424,0.002603472400389273,0.0030769937092510746,-1.1102230246251565e-16,0.021239649230020086
-0.00010937341749123197,-0.0007408884755915057,0.020930539918850077,0.0006433952379318875,-0.017840442561901038,0.0005148400456074786,0.001200273960324294,-0.014223581041402145,0.0010194895213516686,0.019934783611014695,0.0,0.014947987464303591,0.004246871620238735,-0.020621313710741995,0.0,-1.4807796930305095e-05,0.003668183577424211,0.008185862536545296,0.008702975288380044,6.805469154835819e-05,0.0036475424920919264,-0.0016300030820520783,0.02815280031706141,0.006338074741795874,0.0020143388040884114,0.011883712491926601,0.010819479592269754,0.007788983771891078,-0.0025490731114914955,0.01304815881728516,0.005677397487085456,-0.020476293683951097,0.01037693914818233,0.01069955073826323,0.0004782964238368437,-0.0015646500136807795,-0.013589101974199325,0.018262918341067524,0.011314600198793046,0.002228210655895735,0.017638344991261545,0.0008733363722109866,0.011541874654365791,0.0023897960662867535,-6.962331046167503e-05,0.0,5.551115123125783e-17,0.08867853688664007,0.006815888190895791,0.035364556622110466,0.0025765413109350987,0.012525055399100815,0.014845369009101494,0.023651148805478306,0.0028320166788941004,-0.04969841415751261,0.0013217305822111336,-0.004225224976676045,0.04518173736691583,-7.042531209450198e-05,0.0,0.0,0.0,-0.020929428133438455,-0.002862270792215571,0.0,-0.0006997719722682816,0.006512742961494955,0.0,0.0,0.0003561803621893178,0.011270812913648731,-0.00553097363340449,-0.025229568617356535,0.0004347711966502521,0.014112769454176277
0.018370089135596124,-0.0025996615272790846,0.014497915354724611,0.0005585029197556768,0.007745708967111964,-0.004481418653098479,-0.014284887781350841,0.030734808554399307,0.021452061030129588,-0.004462033191706183,0.014947987464303591,0.0,0.014189661092553152,0.003611055265755392,0.003181484166744686,0.013223260483351762,0.01430143729606037,0.016941221011492202,0.005357769079900987,0.0023627903432515973,0.024633063187233795,-0.005381742608487727,0.023323446373603618,0.010850658050428619,0.009038146675792336,-0.015715700199987803,-0.005557702669901521,0.018291923290045697,-0.036272809419247154,0.003036368637602982,0.01558646153186305,0.007457461314434755,0.037828589197947515,0.01895263445444123,-0.0009231906196845996,-0.0012602917110539624,0.0020350230518821344,0.030222113902182934,-0.039407378312137586,0.08905157153021453,-0.0036868250768908317,-0.035464073238666405,-0.015971679871296107,0.03874544439928798,0.07105377253652384,0.015848048817652782,-0.00010111034611370862,-0.05600795128145275,0.0,-0.00043076835916017187,0.00048014814685337637,0.0006095560946681178,0.0,0.002054215931427017,0.000957350307796867,0.0013798989830005048,0.009018928949358962,0.0027583985030537606,0.0,0.00019343663420179347,0.019282879183373347,0.011123715041985283,0.025360827361318783,0.0,-0.00027980423072043736,0.0005922743504644945,0.015269546340085316,-0.030473354176188683,-0.006012732246752972,0.011038541828702675,0.005314290977152247,-0.02677108995435651,0.011055631047719117,-0.04648778607127996,0.0,0.022423008636495656
0.004189110610648417,-0.003305494028193634,0.01569337514255381,0.021299545715522394,0.014916932984421372,0.011509407504111224,0.010636252373533162,-0.004043955058252835,-0.009165971232082959,0.008111315118183526,0.004246871620238735,0.014189661092553152,0.0,-0.01966148926222866,-0.009588805746658546,0.007755204385271497,0.01021166218924191,0.009673027855498895,0.0030466881275214575,0.007607579717556545,-0.012545830727294205,0.004640093324410233,0.005377980648492875,0.0158446276037309,0.01303795003459296,0.009795834824285032,0.009706205791628342,-0.0016037239072250742,-0.000581706180196262,-0.010885052722219068,0.000516784560494199,-0.009168106325526004,0.004619838404621934,-0.002268594149139047,-0.007047539297997729,-0.005891907814984165,-0.0038355013257184156,0.0038901890962713126,-0.029518567793258343,0.005292340186922373,0.03349375783149233,0.009928839398883338,-0.025829704597560843,0.0019221153430243332,-0.0018664144088797463,-0.000561517662922284,0.0019646423559432358,-0.0009767067481264435,0.0,0.0010127667565215104,-0.002406133895574092,-0.012548711060631046,0.011409805047840282,-0.0035211472726914828,-0.00022689466445607875,-0.044055815493064365,0.003197452875690232,-0.003920208802356551,0.0019790049270170806,0.003977571781129174,0.008001087756531133,0.0013650529371636022,0.0011233438377251659,0.002182291634689748,0.0004228750665342118,0.00426433245676805,-0.0012096858870342397,0.0046415532034873586,-0.0011671614561545862,0.00951389320375512,0.012495973598953602,0.007570351392705343,0.003503015986303537,-0.0012725223062773905,0.006274893936565995,-0.0065934341949263064
0.00043914983170428856,0.0,0.019815628379060757,0.017571784251452838,-0.010616044834779126,-0.03231318147823592,-0.007016011585719462,-0.0023472058619360414,-0.0067148488839213205,0.016350446698138066,-0.020621313710741995,0.003611055265755392,-0.01966148926222866,0.0,-0.00021389653399273012,0.0,0.0,0.0,-0.007125079065728235,0.0007029075572325683,-0.0006387692492254571,0.001591494118379333,-0.0004464589704923916,-0.004289336119437492,0.00011659430905408552,-0.0009921878887955704,0.012168490127193454,-0.010785167743446789,0.0015654597975390816,-0.0004610334106605607,-0.0029721748370590273,0.020951493497747276,-0.000541155423760098,0.00045748372697529405,-0.0037118436096365004,0.0022358486967654634,0.010651963083694815,-0.0008583932581498477,0.03428223018795712,0.0,-0.0016013047723190676,0.0,0.015412260358501795,0.0,0.0,0.0,0.0,0.02170753799660541,0.0,-0.001871475325477101,0.008103770872022853,0.0010241087154986284,-0.0005197882760908934,0.04822736441599684,0.0,0.0154061375877938,-0.0004577593249088241,-0.004486196369902107,0.0009183486765622639,-5.551115123125783e-17,0.0,0.0,0.0,-0.03739793590878798,0.0008420622885706441,0.0,0.0,-0.007665691005878883,-0.00043455201362779805,0.0,0.0,-0.001889732580072856,0.003296634341586835,0.0026658906496088153,0.0,-5.551115123125783e-17
0.013975275939431708,0.02586087504261997,-0.0033593242360206443,-0.0020348958560435504,0.03350278464709294,0.012494451843266197,0.0036154428037031283,-0.008207649261762595,0.019896998294905432,-0.004373751602976261,0.0,0.003181484166744686,-0.009588805746658546,-0.00021389653399273012,0.0,0.005608124548761695,0.009739871371265696,0.009888334185603032,0.0,0.02145695859138541,0.025012741263299054,0.02874999317131971,0.004811140677944359,0.03148034331735833,0.009464387179158318,0.01004510922887758,0.0034213797878779317,-0.0007167962728689692,-0.0024122580547031314,-0.02336828204752589,-0.006102449587206127,-0.016937023031121767,0.0005083712386957928,-0.01629874450788621,-0.024239713778025695,0.004342141068038874,0.0012647457403383577,-0.0037586558467523346,-0.005407504469420177,0.009215310274403532,0.007511619625135468,0.0019397360270099195,-0.03914950385671573,-0.0007263348011387061,-0.001395832127949137,-0.0003206718367718686,-0.004273836712712975,-0.0023285430789145023,0.0,0.0,0.0027755856235252563,0.0022537694814360743,0.040095170768063515,-0.0009506605520637756,-0.000167393930753712,0.0,-0.0011859790305235873,0.0003105728528601248,0.0,0.02468428031280434,0.00026428098979069947,-0.0006558922804502099,0.009910538338691488,0.0,0.006179628367230905,0.015356746110508135,0.008590379938084869,0.0201988357265368,-0.05461342015063014,0.008204955127873559,0.011682244057581559,0.014691205434945287,0.00446695143866549,0.00992297253388802,0.006619481739544186,0.00678659890879818
0.006882443874721367,0.014099720210188793,0.009689579899583911,0.0,0.010163281999186424,0.015326065443734327,0.014345332174830527,0.018148829464988525,0.013587877330564047,0.010983686527938852,-1.4807796930305095e-05,0.013223260483351762,0.007755204385271497,0.0,0.005608124548761695,0.0,0.00719657769990556,0.019188431337403167,-0.0010880026125309472,0.02075308086806449,0.009146347160499446,0.02760562462109961,0.01466919841203218,0.017017933930702,0.0045109672689686575,0.004363835628538371,0.011939847577354945,0.006520121510278587,0.018618962728412403,0.004075336107101368,0.01680058028133441,-0.009579038225896286,-0.004673049329941947,0.013734542172189779,-0.005813882803261339,0.0053269976705832,0.0019334787596436698,0.04567443985074676,-0.0023899792034604572,0.019181292778398196,0.008004101495087346,-0.004762522710848038,0.002281146325796124,0.0,0.0,-0.010057430681428059,0.011349482428168856,0.0,0.0,0.0,-0.0033398477120210046,-0.0038860433420628837,0.0013474400412569199,0.0,-0.01403695664105209,0.0,0.019679459428885604,-0.007053323303846282,0.0,0.01165796433889632,0.011395264252720028,0.0008036545291617014,0.012235896095067533,0.0,-0.015477286740987917,0.014183263584447048,0.006903080676433471,0.007840980780989104,0.024786774001809453,0.012438886521001391,0.01180451697510726,-0.009261983951135644,-0.047296831782967175,-0.007659082789467697,-8.927764370170177e-05,0.003232041415108633
0.014215183876283344,-0.006058671692505513,-0.0013480773374147659,0.0003993870624866003,-0.0009740231666623411,0.015478536116055708,-0.007808167306861125,0.04173735180647503,0.0054204197062470705,0.019412883728763597,0.003668183577424211,0.01430143729606037,0.01021166218924191,0.0,0.009739871371265696,0.00719657769990556,0.0,0.005897701832926094,-3.544044102210542e-05,-0.00893633271722477,0.0054876638287076895,-0.004077788614515243,0.012324269349697436,0.008455635115413196,0.0035229027238543043,0.011066705742352356,0.0341266146652347,0.020668668594652717,0.005059768426593003,-0.0018309993980259454,0.02324661657333016,-0.00564177597279647,0.014893659505252677,0.021647955168118016,0.0052693155537525405,-0.0040347471738242935,0.027407013212140174,0.009915326734960817,0.017736197019834532,0.08270059318478495,0.003049708381210714,0.0014952292002132217,0.0,0.0,0.08306660745626815,0.016735382913552477,0.00037723361805963584,0.0,0.0,1.6653345369377348e-16,0.0003643102921648822,0.00017649720955509318,0.0,0.0,-0.0168337594214108,-0.0003132351685506962,-0.005621786770125592,-0.00013211884743558056,0.0,0.0,0.013249973068366394,0.013453814339774883,0.020569168877461075,0.0,0.00015771855358359677,-5.551115123125783e-17,0.0017877756287291713,-0.00015535459781845784,0.015161824659753853,0.011188384311382416,0.009886625772688007,0.0,0.00018639411736215417,-0.0012271624057165198,0.0,0.008116748904485382
0.008683281389225306,0.01218251842417456,0.012576683183272208,0.0,0.015502222847587621,0.027611451994262404,0.012577492330067885,0.006811143158840183,0.02723876885913057,0.010298323345288463,0.008185862536545296,0.016941221011492202,0.009673027855498895,0.0,0.009888334185603032,0.019188431337403167,0.005897701832926094,0.0,0.008542528364500257,0.008048299597959885,0.017084339235840185,0.016504910888364033,0.018289116431012664,0.01756667333897538,0.02703242808508266,0.018964164063484223,0.017623472584066324,0.006770517462636849,0.01153455978652973,-0.009082037703874002,0.022980817940511378,-0.01143962875535759,-0.0007963992536739739,0.017720505915858498,-0.009102371732083003,0.005497980416362236,0.0,-0.007208454151459376,-0.006020852262408782,0.03198276092708341,0.006598519423042293,-0.011209312239840397,5.551115123125783e-17,0.0,-0.002258417613857089,0.0022656623740043846,0.008379596277431511,0.0,0.0,0.0,0.011447280286135342,-0.0005171737228266693,-0.00016625180271151452,0.0,-0.01130424214297876,0.0,-0.01125688874223607,-0.003026111468424353,0.0,0.014709347300850606,0.009010019653337198,0.022583239415718326,0.012311107469384575,0.0,0.016100009149353833,0.0071290024142992015,0.013586989415762807,0.00011490524636492694,0.026811357693018734,0.01011690420749517,0.012082532717362593,0.004833796595617779,0.003943284849726558,0.014222455745175333,0.0,0.0062117430095960935
0.0,-0.0021838603597187367,0.03880913164880534,-0.013183461153246423,-0.021914923632466943,0.02847011589245041,0.0008627074806862867,0.0030719421220375964,0.0077897115606384015,0.018925404502038223,0.008702975288380044,0.005357769079900987,0.0030466881275214575,-0.007125079065728235,0.0,-0.0010880026125309472,-3.544044102210542e-05,0.008542528364500257,0.0,-0.0015359644710351006,0.004408757437183053,-0.0007630438026108299,0.021203888079160627,-9.268990298455515e-05,0.002514002738745802,0.00038808109675492197,0.02463679560945331,0.004801840826741732,-0.003337999313183959,0.025812246383612125,0.007611251012937692,-0.006471210798466409,-0.0034056673014907224,0.010926652395115422,0.008041882056614713,-0.008736317695895002,-0.019359264972699353,-0.0052508048514404715,0.03679353585690659,-0.0013115605505043537,0.0014050561851546295,0.0006701606557460993,0.022243454881435254,5.551115123125783e-17,-1.6653345369377348e-16,0.0,5.551115123125783e-17,-0.01692080811794877,0.0,0.006585235595021222,0.008589481072374117,-0.010319464391530753,0.006670916359624912,0.009231564381640966,0.0014333106595304512,-0.0768035106302945,-0.0011357884255082107,-0.0007726800688626634,0.014045599877499093,-0.002338986548419575,0.0,0.0,0.0,0.017045170585446745,-0.0031279897902289355,0.0,0.001185322968323077,0.020035177274884353,0.0,0.0,0.00011365854416683918,0.013798880892523901,0.0013283459727414515,0.006572107191418763,0.0012382191437135814,0.0009844919413960485
0.01635309862447243,0.013743912581992535,-0.0034761165043875053,-2.0672549033151633e-05,0.0029218807326904517,0.0010510956951975126,0.008195630184404001,-0.006406003878698718,-0.005235621673532476,0.006776726936572219,6.805469154835819e-05,0.0023627903432515973,0.007607579717556545,0.0007029075572325683,0.02145695859138541,0.02075308086806449,-0.00893633271722477,0.008048299597959885,-0.0015359644710351006,0.0,0.007545931115677418,0.02025443261090909,0.01577569565247755,0.01403697256412395,0.01336498477930076,0.005027415207141006,0.01604109415638394,-0.0018580891421888235,0.02136929691540862,0.02102861693893876,-0.003087339439600323,-0.010162505916023024,-0.01618647828842329,-0.013068543734458482,-0.018113941003425726,0.0038838606613869064,0.04263543648906892,0.004683301626857206,-0.020229479850876475,0.00505716678165441,-0.000661597683639048,-0.014445853675097375,-0.033192710461658836,-0.0002652560179701724,-0.0011789269463563512,-0.00010056840511529774,0.007001917462287344,0.003923535269821921,0.0,-0.001712734437419261,0.00023504685498226818,-0.007553827013216163,0.02635692068660278,0.0022540642534584765,-0.000490586495388412,-0.0024175977434395812,-0.00037440775486347055,-0.0011488509377869383,0.0,0.025986467502051025,0.005544993075410065,-0.0003118450250315652,-0.004449683577183228,-0.0017493682339801975,0.002835470319107525,0.008479097348221776,0.01315846463134579,0.010787156090609373,-0.0023327675612866416,0.008417722159720142,0.02343045049321174,0.011799972120081048,0.0077658295141738165,0.003673262746468786,0.0032718914455908132,-0.006859324042977566
0.0058887599423252945,0.005852520241649173,-0.0023364823219487185,0.0005121212644928486,-0.006573629038750584,-0.0012979846386358962,-0.005688702087201403,0.014532127196346112,-0.013350378608988078,0.030734364424519545,0.0036475424920919264,0.024633063187233795,-0.012545830727294205,-0.0006387692492254571,0.025012741263299054,0.009146347160499446,0.0054876638287076895,0.017084339235840185,0.004408757437183053,0.007545931115677418,0.0,0.006544912845843409,0.014843601220953184,0.018913647138211476,-0.0055001787685095005,0.0022309555163765316,0.004343785841093517,-0.0085130472691895,-0.0018757164744702126,-0.00017122853977868946,-0.009745158500590545,-0.0039524237747820545,-0.026702887704392886,-0.00635786759407192,-0.009609557610487707,0.03412882255590938,-0.02289577596189518,0.03321099957604906,-0.0018513082335674946,0.007795204072388984,0.00890015755831064,0.012470153511847881,-0.01054115675914008,0.0,-0.0005421947280776496,0.018169991410446895,-0.009051025473205132,0.0004714070977985818,0.0,0.00021344801567685368,0.010895064604851845,0.014192574899691723,0.038077339329291415,0.0013142997948607515,-0.0010976747975073309,0.0,0.000879569758079235,0.003518976444074784,0.0,0.023605890313583233,0.0034103323046024148,0.0,0.0029356952592221597,0.0,0.0039800944329013155,-4.05399052013089e-05,0.016188006789042253,0.014822095714454975,0.004694851259907207,-0.002160133763466021,0.0017559696797989632,0.011295464043988901,0.006269169663000063,0.01052190483791654,0.001350686209075913,0.007958737723688436
0.007907499900018156,0.011633829712808297,-0.003925391766282094,0.003433351716659261,0.0039160026887129495,0.0012074679261671606,0.009093680972175444,0.027058978248073795,-0.0026936218284832614,0.04041914344312442,-0.0016300030820520783,-0.005381742608487727,0.004640093324410233,0.001591494118379333,0.02874999317131971,0.02760562462109961,-0.004077788614515243,0.016504910888364033,-0.0007630438026108299,0.02025443261090909,0.006544912845843409,0.0,0.0008948322965621758,0.03217355819514489,0.021853064629126284,0.0054551019419162294,0.011604145314953018,0.004574737408561347,0.007843085363020308,0.01290131458461291,-0.0007608893465900768,-0.020069339006891895,-0.004980459579917995,-0.01651642732898906,-0.02584185080019402,0.0010008235909718666,-0.03152674537305372,0.011901602747693474,-0.016183656721888318,0.0013722818179086604,0.0028484963551216325,0.00040619927200535866,-0.026238942029019274,0.0,-0.00021057858153844533,0.006008833196935293,0.0008732490563390094,-0.002802813875988075,0.0,-0.000302158450378176,-0.016684435106427975,-0.011884543790037227,0.032887423306539154,-0.004620655018748476,0.003467006616486079,0.0,-1.5128212538406682e-05,-0.012130177051257796,0.0,0.012011307016095318,0.004771350079733339,-0.000414389622270972,0.00803472407964112,-1.1102230246251565e-16,-0.0034361948351888105,-0.00804401743767258,0.001981196589468437,0.006842481364329245,0.0030704765693220226,0.011369618933808667,0.0047734182931050695,0.00044448591457024733,-0.012514223834472649,-0.005508695318381385,0.002433468241686776,-0.0059730133507545635
0.016381394155633222,0.002076836492662215,0.028432976860528203,-5.08563782544158e-05,0.008275849343253261,0.014654347829882342,0.0011958206088749646,9.581774992084569e-05,0.012649911798984226,0.012648504867729615,0.02815280031706141,0.023323446373603618,0.005377980648492875,-0.0004464589704923916,0.004811140677944359,0.01466919841203218,0.012324269349697436,0.018289116431012664,0.021203888079160627,0.01577569565247755,0.014843601220953184,0.0008948322965621758,0.0,0.025206260773683042,0.014685591343447879,0.005875981069511038,0.017477091942862122,0.007167060672634451,-0.0016305682763240736,0.019253786802150452,0.00271143808690949,-0.007249910895019418,-0.012265690614627345,0.0034881238479130827,-0.005354554859950511,0.00024830585446633524,-0.001698436764355049,-0.007888407117064122,0.0077172481982258345,0.024219154548157817,0.024726541881174735,0.009774855412519878,-0.01609681948606312,0.01204843142541312,-0.019824704224453593,-0.006139079548113602,-0.005778742100284229,-0.12466898524522185,-0.0037924985896888863,-0.005254299653641659,0.016636930260890193,-0.0024353993771841775,0.026296901579067833,-0.02543279578420099,0.023889369039034047,-0.030577400110348874,-0.039756536525136166,0.004743698452826295,0.02214691738327912,0.01909355866833351,0.014008477353301685,0.015598273844376176,0.03350339799379559,-0.221811053294235,0.006886815640671562,0.0025135217892525707,0.006282493699794167,0.015912642989531434,0.00026337078585475515,0.022680371030086466,-0.003919373279071103,0.01961804983876647,0.01205478316382047,0.013995594327452676,0.011623708396562349,0.0117185455575618
0.011691497296484443,0.010875590337530994,0.0011833048337648866,-0.0034241342010885023,0.0326385231359565,0.017650555323659,0.007423883003201903,0.01965709594582976,0.021821732578847564,0.038268061366099004,0.006338074741795874,0.010850658050428619,0.0158446276037309,-0.004289336119437492,0.03148034331735833,0.017017933930702,0.008455635115413196,0.01756667333897538,-9.268990298455515e-05,0.01403697256412395,0.018913647138211476,0.03217355819514489,0.025206260773683042,0.0,0.019272768720886402,0.007351526908145056,-0.012137657824771553,0.02631048841017708,0.0267770498795748,0.0015978186402719197,0.017251441789704336,0.0018917265364323255,0.045653576528928985,0.02136603316486818,0.0011156330908992373,-0.00542791549018129,-0.0038404928989428377,0.05825990696025801,-0.01842425672168635,0.10691254075827661,-0.04720787729659448,-0.09037690371567164,-0.03740736705416692,-0.0014313045139853209,0.05633803109826896,-0.01925595107056849,0.019713677355228887,-0.0001425526957108958,0.0,0.0,-0.001988109489665657,0.0022155636879092055,0.00713806798992489,-0.0009494705349420429,-0.03961184247023458,-0.00019453894748128198,-0.005825057699991143,0.0035267345187673382,0.0,0.07591427441961235,0.015985164633726845,0.0026776515288140512,0.015030805293007599,0.0,0.002034434958215592,0.06943099441526213,0.019606369306689464,-0.0036411306786551245,0.002828452784294222,0.008666847966318059,0.00724454191713142,-0.03342088938861054,0.005073057916185064,0.023986699597154326,0.0,0.005344920707739176
0.012364853819289645,0.012891916124857739,-0.000415608245584842,0.0,0.0149367753919174,0.02283724884797128,0.015731727208973922,0.01712087809207813,0.038325802858423075,0.02130444917863139,0.0020143388040884114,0.009038146675792336,0.01303795003459296,0.00011659430905408552,0.009464387179158318,0.0045109672689686575,0.0035229027238543043,0.02703242808508266,0.002514002738745802,0.01336498477930076,-0.0055001787685095005,0.021853064629126284,0.014685591343447879,0.019272768720886402,0.0,0.021181609662624667,0.023601962357114314,0.0014048485620877238,0.013958491422978392,-0.0008749674335042368,0.0025804742053784357,-0.01880668498851873,0.0007153983389174279,0.007316557088280551,-0.01610093693410264,0.02679584531448853,-0.0005552440688432747,-0.00999792177303288,-0.00022642039655490498,0.036536391708494875,0.003389496865445707,-0.0054765096880938224,0.00046686629138970037,0.0,-0.002279949793940028,0.007175952337999947,0.010854290333800476,0.0,0.0,0.0,-0.0016226255459911854,0.011601213813025313,0.0028315429638908207,0.00029614603726807465,-0.012904352453767476,0.0,-0.009643168232530086,-0.00726454764928125,0.0,0.01564373300972305,0.007361829809520992,0.014986715204250656,0.011523662157743142,0.0,-0.0014922019160718558,0.012201027212368709,0.010415430100561784,0.020072113212581122,0.03133162222505903,0.008240808034796765,0.013777045944135202,0.007682020993184324,-0.018003967255169118,0.009683312373022834,0.0,0.0009402954451712131
0.007289186963481076,0.011850022071521416,0.03113869853929807,-0.000802757961638978,0.008648377438028543,0.015101488114540929,0.0118735646193463,0.01218589876359416,0.01458818900265929,-0.04897220390856066,0.011883712491926601,-0.015715700199987803,0.009795834824285032,-0.0009921878887955704,0.01004510922887758,0.004363835628538371,0.011066705742352356,0.018964164063484223,0.00038808109675492197,0.005027415207141006,0.0022309555163765316,0.0054551019419162294,0.005875981069511038,0.007351526908145056,0.021181609662624667,0.0,0.003251591370844076,0.00390984585841142,0.00872746918215317,-0.008257595718501931,0.004592766954705951,-0.016695120354656146,0.007396149636937799,-0.0012138665164075912,-0.02277544889079186,0.019591044357063936,-0.00308289993987515,-0.00393228742546492,-0.006681424471869368,0.03204669715002517,-0.0035742593772595255,-0.014932096420593899,-0.027909191781907927,0.0,0.025436247917524246,-0.003291162581884721,-0.0028651000898148316,-0.0032786745083379643,0.0,-0.00017300148770837964,-0.011729526928431988,-0.006499549503125535,-0.006528331566364398,-0.0025343641353628432,-0.01613361499828042,0.0004382093851649782,-0.01152030889293687,-0.0051169692519744125,0.0,0.000648945074432361,0.006011268001589909,0.009178916909100387,0.01490895140679882,-5.551115123125783e-17,-0.00890841811155696,-0.014023860832778068,-0.012491554192714749,-0.0032710846204991317,0.022838829056524845,0.012653101477229811,0.0012399458738511226,-0.008100785965789503,-0.009503619139086872,0.0016072364351513158,0.00027454843153612574,0.0012756522795767111
