0.0,-0.15191759902648455,0.0027822837969275205,0.0,0.00032725623746915344,-0.13814406534202706,-0.0020704619585706907,-0.2437139893476873,-0.006940486687547043,-0.11900230278329937,-7.990672517343977e-05,-0.1076068423917888,-0.14677464669521123,-0.0030738640189227895,-0.11664013665765732,-0.1305774470384065,-0.10781053344628189,-0.1379654315704663,0.0,-0.16356832495535073,-0.18142383945720977,-0.14472221171548988,-0.19698062518440806,-0.13232902789709322,-0.13900867920323967,-0.10313536561093556,-0.1562980119352354,-0.15791089115169193,-0.17074423231913927,-0.002905395659990706,-0.09571420867406522,-0.10666630225608276,-0.07190982286881964,-0.06925000713162088,-0.05026876162807592,-0.13248715677606648,0.0,-0.18941303124999484,-0.1378043274158366,-0.13742809377361948,-0.10768647373626816,-0.10748699848818899,0.0,0.0,0.007497433452745117,-0.11817858899180089,-0.17700343717517292,0.0,0.0,0.0,0.0012559391616734916,0.0,-0.002197070483309971,0.0,-0.14214113427243275,0.0,-0.0024971883673962636,0.0005555175394532652,0.0,-0.16833822945029647,-0.14354937108880728,-0.1404258051911435,-0.13916751360291696,0.0,-0.008845492967017199,-0.12844309669139997,-0.1515087842421936,-0.004380298494557067,-0.09575301968417513,-0.15641071293476677,-0.15291232220261153,-0.005485437578984731,-0.0004451491381405881,0.003324434514503649,0.0,-0.1168671889286515
-0.15191759902648455,0.0,0.0021564308787396236,0.0,-0.004239781860426672,-0.1360222463283749,-0.11374223219404855,-0.1981900870950114,-0.10991205719432484,-0.15097678144874668,0.0004640024901620965,0.004546084156100305,-0.13275145695987983,0.0,-0.13113230208984084,-0.15262452675738464,0.004295835042839147,-0.18010801975306848,0.002335504470665828,-0.15620683239183836,-0.16357527227999208,-0.15649641115302593,-0.14001895052689484,-0.12355701805559244,-0.16588412999881305,-0.14504973254080816,-0.14540484149591582,-0.14306350565613152,-0.15073054228929694,-0.0017685091855685897,-0.0972019847921346,-0.10385614486609468,-0.10771608600672467,-0.07823327084733256,-0.06103042981073731,-0.09075805360990663,-0.07161874734085333,0.0003509639288919453,-0.15789074853204277,-0.1634877103059973,-0.13623028163780626,-0.13341052671660075,0.004000080925039562,0.0,6.321106439338697e-05,-0.19400124377918687,-0.1860685970744801,0.0032731417670578966,0.0,-5.551115123125783e-17,0.0019670665027016754,0.007689044125104572,-0.004083341061946522,-0.002032582284308304,0.006435633311034583,0.0,0.0013600934311010504,0.004864651164884881,0.0,-0.15713635672735615,-0.15744866715572703,0.010210921193241629,-0.16169772157690687,0.0,-0.15197504659349398,-0.1937620804123753,-0.14329451436053098,-0.1464025388115901,0.004170443060779794,-0.1790827725412985,-0.17893551232720423,-0.12275495757385568,0.005435456810142902,0.005660718723926428,0.000562803643760601,-0.14342544482292569
0.0027822837969275205,0.0021564308787396236,0.0,-0.1644265115049688,-0.11508315730955498,-0.10730935186286461,-0.110547200218654,-0.12933998118806822,-0.11979247015266178,-0.1302920900900661,-0.10954562727321052,0.0036530696282428,-0.123827736663986,-0.17785974163544646,0.0008459198211541175,0.0031792423921977453,0.003705149020580778,0.0030131667808063756,-0.08032168936920864,-0.12143208105767866,-0.1075898654693141,-0.1295568697028175,-0.08744269827689846,0.0005012022875329758,0.00784593419848284,0.008704337101344384,-0.1220154726929,-0.1289225182293242,-0.11217983870420833,-0.13755330286445971,-0.13618080107160713,-0.12909611675804594,-0.14538904210323667,-0.12625090197650235,-0.10678557848207032,-0.1505152502249351,-0.13731349435568035,-0.1109808319176055,-0.08832205967612822,-0.002696621596543769,-0.10332710811075507,-0.0020849252481076608,-0.10432828697755997,0.0014906116215033793,0.00012351116742759238,0.0,0.0016946610705738108,-0.0026833799663954494,-0.00027419662995031846,-0.12954178317127685,-0.10714471059998759,-0.0957679139135767,-0.09758415549242733,-0.09103024696180456,-0.0008986242020825319,-0.07511755759511413,0.0002507531672595875,-0.09938936556756839,-0.11914648418251544,0.0012045416302253753,0.00048082567726587255,0.0,0.0,-0.0014925748499737268,0.010644803066503283,-0.0009808497452103992,-0.1323459442995214,-0.11761229782162463,0.0,0.0,-0.0018656538502893616,-0.11456744805285962,-0.11256632117403559,-0.10068702572160576,-0.11577753931939255,-0.11304247480031077
0.0,0.0,-0.1644265115049688,0.0,-0.027605576100946494,0.008315286257763788,-0.0750945341297237,-0.1892334566690006,-0.11617412762341284,-0.01831030525647903,-0.1709534409920514,0.001668936113101649,-0.12567170401342176,-0.12141145529292649,0.004483904792707327,0.0,-0.0002680647761266197,0.0,-0.20619385011494784,0.002359626175479579,-0.0007719248512821908,-0.0006722843733344419,-0.07699118919806053,0.0003439385034718634,0.0,0.0022034784286714126,-0.051800291460132375,-0.10374532478393816,-0.001171003511448776,0.00019442788324436355,-0.1043412795598174,-0.09462282815229861,-0.003761055342576536,-0.06901535233301037,-0.03755831123970682,-0.050905017861455626,-0.016179174487270687,0.0019256953121827292,0.0009967941967516936,0.0,-0.0007565837267309861,0.0,-0.0004064905613848646,0.0,0.0,0.0,0.0,5.420031892089394e-05,0.0,0.0,-9.951127910778901e-05,0.0,0.0,-0.00012688992565190738,0.0,-0.00012990325299311323,0.0,9.552277624291783e-05,0.0,0.0,0.0,0.0,0.0,0.0,0.0,0.0,0.0,0.0004656318378032376,0.0,0.0,0.0,0.0017250214937180042,-0.0001243743175261547,-0.0002996745241653498,0.0,0.0
0.00032725623746915344,-0.004239781860426672,-0.11508315730955498,-0.027605576100946494,0.0,-0.1049375383690197,-0.0693065300686827,-0.17054871114144374,-0.0857368487389158,-0.16692954179808245,-0.11903642128823796,-0.00040844226727126953,-0.11627388733418492,-0.09134608204209549,0.0020151565005407934,0.006965753088911231,-0.0009230064977585051,-0.002188859891459116,-0.11160796672108617,-0.14228477251400468,-0.1129331103623058,-0.13303848739803165,-0.10144613557631799,-0.00675239633075142,0.004667317886903055,0.007340042030222482,-0.09676443470172369,-0.1476992464107896,-0.11045925860216654,-0.12966735630797366,-0.1421991415134624,-0.12157047449447583,-0.0013806359899867782,-0.12702265084370007,-0.10567259616846258,-0.07505829566103236,-0.02745348952617932,-0.0013392034850208678,-0.07885565952584839,0.002556735984275804,-0.09259424213648898,-0.004386388188920343,-0.05671737521986164,-0.00013341435295072257,0.0011386157505813843,0.0,6.897025864738282e-05,-0.09946192783288854,0.0,-0.09763944479929676,-0.0977008849413511,-0.08827245797193878,-0.08745643196292868,-0.0890029893999626,-0.0005461319470562165,-0.12457823463935419,0.0007121733211887249,-0.1030087521446908,0.0007899615424353801,0.002403363281195392,-0.00033756186105160513,0.0,0.0,-0.11126337840780465,0.003690183954596471,0.0,-0.10762935337273377,-0.10303143248665642,0.0,-0.0002378858221316893,0.002220323862264617,-0.10760734563532337,-0.1117853883657009,-0.09208773287418398,-0.12277486270838961,-0.10961797240654353
-0.13814406534202706,-0.1360222463283749,-0.10730935186286461,0.008315286257763788,-0.1049375383690197,0.0,-0.099405369224834,-0.08818274519220837,-0.09371999950358775,-0.13252792736088975,-0.13907048532401034,-0.12692963531683793,-0.10349482998369036,0.0021738998638598517,-0.11317119723798924,-0.14433620970628486,0.011089815187553309,0.00247391015401921,-0.11370983352273789,-0.13839084516422356,-0.1103595090674166,-0.14302969590404352,-0.09494788160908524,-0.0007774406812951495,-0.13324125366998674,-0.12400863290760017,-0.10279928569506705,-0.11996731973524871,-0.123287303901773,-0.13233326425913894,-0.1294640024535147,-0.09416473706976514,-0.08504027207995396,-0.10966910957040632,-0.09381063635738007,-0.11444398618215512,-0.11869408960520655,-0.10339834463188313,-0.09374591616573424,0.006051863143025471,-0.08083372968294095,-0.09878525584526321,-0.08531105668129679,-0.1004464399230196,0.0022647348035897963,0.005829561513235826,0.004716801640313073,-0.10875798296498579,0.0,-0.10145865059207282,-0.08758646548231053,-0.09076037993074165,-0.0902570893169673,-0.0994623109742897,0.0011237500435707926,-0.13906755686731231,0.0019858493226579954,-0.09208989682868263,0.0032148739457056874,-0.10543834479953135,-0.053658656834551954,5.551115123125783e-17,0.001869309181530332,-0.10825481633980566,-0.09321754832855983,-0.11765557628831164,-0.10802708458683374,-0.10143936360258127,0.0,0.009211100323103183,-0.12591665323856088,-0.10170961426865505,-0.10305678796960943,-0.08110022967978753,-0.09566322013535228,-0.08938577141042525
-0.0020704619585706907,-0.11374223219404855,-0.110547200218654,-0.0750945341297237,-0.0693065300686827,-0.099405369224834,0.0,-0.13693398741108942,-0.095866931964732,-0.16119163198509356,-0.13933901937923004,-0.13980646159606414,-0.10863501363389186,-0.06225797135798655,-0.10102183060622566,-0.13870994708433693,-0.16208531286226208,-0.00043387428689012353,-0.12043648048004818,-0.12300949299688296,-0.11362006238479111,-0.13492029426637903,-0.10572566357492613,-0.00441494104679746,-0.0003228517824826471,-0.11078449185324296,-0.10041358649627824,-0.15646411742448174,-0.10226236790987403,-0.11378488845262025,-0.15354217202394088,-0.14516124910927442,-0.13595652525222468,-0.1521536138408373,-0.13282205428353355,-0.10026563436960487,-0.11286870330602089,-0.1330872614430555,-0.11401387511823163,-0.00043723273361229165,-0.10188753338482359,-0.005197663691797083,-0.07954810339680563,-7.756820902293793e-05,-0.0005119998177809393,0.0005484927631744241,0.0032399427323271945,-0.1184453612877634,0.0,-0.11041431212475145,-0.10214781050945915,-0.09883338023035043,-0.11152133331842401,-0.1047432463503074,-0.0021777494651012974,-0.12247334821478623,0.0037432280355651493,-0.10508443505999454,0.0022888158222758026,-0.12713213118895272,-0.0016175717950893675,1.1102230246251565e-16,0.0004713863073446123,-0.12531582988683754,-0.11277303789139731,0.003936876246194987,-0.12501704046666134,-0.11448934676222389,9.209049894387533e-05,0.004917340636086509,-0.13305177537590163,-0.11141113103861977,-0.11239663790228693,-0.10540814182583835,-0.10953431904644945,-0.11221035266291979
-0.2437139893476873,-0.1981900870950114,-0.12933998118806822,-0.1892334566690006,-0.17054871114144374,-0.08818274519220837,-0.13693398741108942,0.0,-0.11515481642161307,-0.09518804985328894,-0.14525392992467928,-0.0038472002227092905,-0.12889617140040438,-0.19860573614156493,-0.13214342957688624,-0.1965665655121268,-0.000952372857004169,-0.22682556592661973,-0.13492569838406038,-0.10439154981676513,-0.1537315582569319,-0.14583852432795152,-0.12959571399775854,-0.24601983886016116,-0.22409398596018598,-0.20993131423256373,-0.10079939817489447,-0.12182132989537836,-0.09905254725230567,-0.10600841030099989,-0.10701857144399968,-0.1708977808568587,0.0008652803281445354,-0.09500385955607149,-0.0641038190849832,-0.1784897804034362,-0.15271492246805524,0.009838288272045248,-0.10156521411281311,0.0054824508364818,-0.09404020998411189,0.0007387960708841179,-0.09378155026041118,1.2393006335931211e-05,0.00017748650913529396,-0.004061748814400856,-0.2029321112292628,-0.1209940759609332,0.0,-0.153499804417217,-0.09419779415269319,-0.06363098523224386,-0.0704899321235401,-0.09311971444296135,-0.0005210783129023233,-0.15493916858505152,-1.1102230246251565e-16,-0.09347705197119316,0.005404945670113792,-0.13021425065543768,-0.19279138732222983,0.0,1.4590631890964989e-05,-0.13739961940497253,-0.12032676184268604,-0.16954474287987825,-0.15076784185596137,-0.10955353684128577,-0.0014374808034554043,-0.18920306692480832,-0.20310487033834423,-0.1104872696770205,-0.11354329433503069,-0.10667896703211649,-0.11250710548499243,-0.09633931305130872
-0.006940486687547043,-0.10991205719432484,-0.11979247015266178,-0.11617412762341284,-0.0857368487389158,-0.09371999950358775,-0.095866931964732,-0.11515481642161307,0.0,-0.14067410186211626,-0.09699454266034668,-0.12284756214934095,-0.11105469765349907,-0.16912820924760785,-0.0006963687042822464,-0.1257700739341489,0.00868419086164185,0.009895946513055642,-0.08877227524047099,-0.12206615589596509,-0.07985129778067607,-0.1289637193097427,-0.1012188528272987,-0.0007149226092513228,0.008535898042925372,0.011173410511903958,-0.1164187988785344,-0.12475181401484614,-0.11035439283821974,-0.13293049790237188,-0.1374782169234845,-0.11455422794195363,-0.10087091829933165,-0.12858465161543664,-0.11175963913280218,-0.11741874446268008,-0.12821471716634342,-0.10982408100761298,-0.09509551297486724,0.002756974380573207,-0.10050358295867046,0.006111612928500931,-0.09381175382121659,-0.025633415989836428,0.005049363388650141,0.0,-0.0006607123308196572,-0.10919993544018425,5.184613826691997e-05,-0.13302602010203562,-0.10445148687435307,-0.09869704978818034,-0.0981568196116539,-0.10410266968795501,0.0002697395569777328,-0.13625161640561362,0.001654132125502139,-0.10196479218290144,-0.09333538346925335,-0.1115846559538825,-0.0007251959985091205,5.551115123125783e-17,0.0,-0.12165802697423261,-0.09593574124313342,-0.0025849036591272245,-0.11107290008959891,-0.11247744935971071,-0.0007909710610559673,0.001369040319661119,0.005302291542386095,-0.11436116349191772,-0.11469557142991454,-0.09209215834180784,-0.10843280177880238,-0.10082052164576827
-0.11900230278329937,-0.15097678144874668,-0.1302920900900661,-0.01831030525647903,-0.16692954179808245,-0.13252792736088975,-0.16119163198509356,-0.09518804985328894,-0.14067410186211626,0.0,-0.1644970798680358,-0.02503500676953413,-0.17057346620120784,-0.10202031338821,-0.02338491147345867,-0.12269215700139391,-0.05182986536685713,-0.11442333718231829,-0.13629905698990646,-0.04586897510460691,-0.0985584858106126,-0.06732983525529262,-0.11070513043472163,-0.0013328382579556597,-0.10244887934966682,-0.08194980124041693,-0.09365752738856459,-0.14678408569697704,-0.08425453024054397,-0.00045879093557688044,-0.047978940442011564,-0.10933559317254465,-0.011595212121747855,-0.0383134583642461,-0.022368094207218858,-0.09805448814579121,-0.04514188657314955,0.04207247028388472,-0.0962531168297143,-0.11770084308716972,-0.08879596504170534,-0.08704803148535062,-0.058892912474503456,0.0008966807909541186,-0.08157693738100891,-0.10069747878815416,0.0025947179210528692,0.002563576909371146,-1.1102230246251565e-16,1.6653345369377348e-16,-0.0005958188355642546,-0.003161890808288381,-0.0008800350578239691,-0.002455838826623924,-0.10610736856650649,0.0008661064696328657,-0.11771634879327236,-0.0066089883956647055,0.0,-0.00305502084639242,0.007622012225409147,-0.11769239199828829,-0.11623705030327258,0.0001158496900150463,-0.002635221131031318,-0.00010903184068156158,0.0004666643650610425,-0.07606016960687245,-0.09197545163055948,-0.11447285462219164,-0.11347850755900785,-0.0010954451854495728,-0.010079709876588183,0.0018187804597040724,-1.1102230246251565e-16,-0.11630106755539221
-7.990672517343977e-05,0.0004640024901620965,-0.10954562727321052,-0.1709534409920514,-0.11903642128823796,-0.13907048532401034,-0.13933901937923004,-0.14525392992467928,-0.09699454266034668,-0.1644970798680358,0.0,0.0035143592211133168,-0.1482318882686109,-0.1458259630607994,0.0,1.4723902327595795e-05,0.011678673696109476,0.0007903729761129519,-0.08968218042164441,-6.766912296196637e-05,0.0037433507571814073,0.0010973561630632234,-0.11375393026488745,0.0013246033570021298,0.0058391768358985185,0.009277173582636022,-0.1587615224641798,-0.15410713598790882,-0.0009067167280420452,-0.0019475286113764811,-0.15845465571914075,-0.15159124718815706,-0.0006475532910177328,-0.13724358396651637,-0.11701908604614508,-0.11712315715278773,-0.12131471299123894,0.0019863231216942223,0.0043844099259082725,0.001140209855956531,0.003001308160340277,0.0004564205029237156,-0.014388171209799405,-0.0014635406409208573,0.0037577430188102112,0.0,5.551115123125783e-17,-0.085614506954581,0.00011876026698615094,-0.00875381690373861,-0.11682932800199164,-0.09318091922320193,-0.12835965453034415,-0.09308795026755468,-0.002680923476646835,-0.1816121562238834,0.0013888248598107333,-0.0811669608217121,0.0002561430440323198,0.000700813829768554,0.0,0.0,0.0,-0.015218360503936157,0.004074673655894645,0.0,0.0003094169668158009,-0.1436903165258534,0.0,0.0,-0.00021257608819980067,-0.10803557485652132,-0.07791481814638102,0.005136787228842754,0.001596077886758307,-0.0999202852575406
-0.1076068423917888,0.004546084156100305,0.0036530696282428,0.001668936113101649,-0.00040844226727126953,-0.12692963531683793,-0.13980646159606414,-0.0038472002227092905,-0.12284756214934095,-0.02503500676953413,0.0035143592211133168,0.0,-0.14797778200411416,0.002544133701976925,0.0011285782063845673,-0.090367047212001,-0.04853625962858177,-0.0773585901451444,0.003994230121169895,-0.0008747424877877386,-0.0030861145870475504,-0.004874669511419738,-0.10990375819378823,-0.0358359939986688,-0.05392452493428934,-0.1116353888470839,-0.06694460624310422,-0.12982833396669757,-0.004821744367819458,-0.00464612572856038,-0.0635613231348548,-0.08038536858725698,-0.028663413407260585,0.005550201900153207,-0.022053052742475043,-0.070418025279054,-0.05854891660495204,0.05360872024898783,-0.06712810632056065,-0.10744302276359546,-0.06869644235777284,-0.05332891782520649,0.005097548248823747,-0.0009448816263024351,-0.07847427318182076,-0.00041059913484609023,0.0017464336044872297,-0.0008013141704648619,0.0,6.477293537088258e-07,-0.0028018217262420486,0.0032016513479223296,0.0,-0.0009796519694514338,-0.0972095127079311,-0.0020945664183726898,-0.10126809426488514,-0.00034540230506341363,0.0,-0.00034606895813443783,0.011000498672327552,-0.11871289432872106,-0.11730502310969015,0.0,0.0004038948894894423,-0.00024090469673010428,0.0005202849482693339,-0.0037530698231549864,-0.08029678966712173,-0.11309751615344527,-0.10928352775044459,-0.0037205393299709066,0.003821815636996684,-0.0018097533374105135,0.0,-0.11124123540036862
-0.14677464669521123,-0.13275145695987983,-0.123827736663986,-0.12567170401342176,-0.11627388733418492,-0.10349482998369036,-0.10863501363389186,-0.12889617140040438,-0.11105469765349907,-0.17057346620120784,-0.1482318882686109,-0.14797778200411416,0.0,-0.10086542232407653,-0.10688631439387519,-0.1643631444479826,-0.17285070229984495,-0.0010867725310569898,-0.12313591088569859,-0.12863471314167718,-0.119342238496503,-0.14087577750956026,-0.10882581766675092,0.0005114613277382163,0.0007626281951620406,-0.12483587260321555,-0.10727567449441122,-0.13709224179935314,-0.10022696871736003,-0.11458403851976334,-0.15247187050103128,-0.1416884483681477,-0.13168436587204124,-0.16062844269576454,-0.15020198515486333,-0.13129711963958401,-0.15783551700073067,-0.1341026105719631,-0.11339447677220671,-0.0002886689607554671,-0.10255262126399378,0.0037116151129679142,-0.09535956452225702,0.0017755602483759958,0.002520348701499142,-0.0003259665218290353,0.0018151233172730707,-0.11529459218559573,0.0,-0.09947934600564062,-0.10176946104409174,-0.09786121160503825,-0.11786251987384111,-0.11011069379574351,0.006530601391594226,-0.14066131386396624,0.0019211720904164786,-0.10656131530340995,0.001492478605222891,-0.13016294024713648,0.0017725408213242755,6.7019619925390295e-06,0.0026424027688217167,-0.12794889694330708,-0.11970824211174608,-0.15359652721731704,-0.12315014372083738,-0.11943991396748754,-0.0007396725033043672,0.00362107074414153,-0.14614533468940188,-0.11582920011623743,-0.1157809763989574,-0.10968307429686264,-0.10298721055922422,-0.10081783381390164
-0.0030738640189227895,0.0,-0.17785974163544646,-0.12141145529292649,-0.09134608204209549,0.0021738998638598517,-0.06225797135798655,-0.19860573614156493,-0.16912820924760785,-0.10202031338821,-0.1458259630607994,0.002544133701976925,-0.10086542232407653,0.0,0.00010633483871269611,0.0,0.0,0.0,-0.1771420873714322,-0.001115850586893341,0.002899039551933713,-0.0003494955003588984,-0.19078229108318445,0.011939036607141684,-0.00011593373588997258,0.0018341042862651258,-0.19339925439204597,-0.11792328705002453,-0.004161263842972995,-1.3340330706046455e-05,-0.18235671071931642,-0.09378400326396474,-0.003637492681712151,0.001648353273394021,-0.008608289933986435,-0.04851941029650478,-0.018358852980306484,-0.0027687580394279987,-0.0038048726884205575,0.0,0.00048009400001924885,0.0,0.011816415799284663,0.0,0.0,0.0,0.0,0.012525504429312329,0.0,-0.004564207630733286,-0.0010515588415179744,-0.0053101802758991345,0.008637831293730525,0.00956321824140599,0.0,0.00566399692614622,0.000839624709805753,0.0017599098032304306,-0.002864637923613078,-5.551115123125783e-17,0.0,0.0,0.0,0.007717521099813329,-0.002312757456670922,0.0,0.0,0.01239831771426958,0.00043209002898247917,0.0,0.0,0.0064176785511386725,0.0011160317089484173,-0.0009574377096501774,0.0,-5.551115123125783e-17
-0.11664013665765732,-0.13113230208984084,0.0008459198211541175,0.004483904792707327,0.0020151565005407934,-0.11317119723798924,-0.10102183060622566,-0.13214342957688624,-0.0006963687042822464,-0.02338491147345867,0.0,0.0011285782063845673,-0.10688631439387519,0.00010633483871269611,0.0,-0.1326078642065639,-0.0014159959052524318,-0.14163319033905547,0.0,-0.11778961260221266,-0.09528049888615425,-0.12383094575644235,-0.0828031892688173,-0.16656608473069112,-0.1317742404791582,-0.10397392112161458,-0.09387040442245903,-0.09669608012419623,-0.1049031420635998,0.002890624560857147,-0.07868178083098998,-0.0830116775968715,-0.08351370001208158,-0.06809745913326548,-0.06558965299496067,-0.08881169816337331,-0.05883462781205662,-0.0005071291016323642,-0.15305773959905278,-0.15568095995694714,-0.1358068663871585,-0.14397438820964642,-0.15044091007095117,0.0015587239304197809,0.0007105814272597155,-0.15537512107624463,-0.17002058407763632,0.002728303575371238,0.0,0.0,0.01133099616006289,0.003669214402945098,-0.1751956911537339,0.0034826166432997963,-4.083834423629362e-05,0.0,-0.0001918984511434796,-0.13840068382126397,0.0,-0.17471283458307085,-0.1492955914080908,0.000792774645886285,-0.1612381508477458,0.0,-0.2117767351660073,-0.16057465704711293,-0.15868098736536562,-0.14186720876307007,-0.0009945629919248522,-0.14367803219523745,-0.1767973335523622,-0.1569838234283898,-0.14169223081276888,-0.13476452011829987,0.009093108364164104,-0.1292833441994175
-0.1305774470384065,-0.15262452675738464,0.0031792423921977453,0.0,0.006965753088911231,-0.14433620970628486,-0.13870994708433693,-0.1965665655121268,-0.1257700739341489,-0.12269215700139391,1.4723902327595795e-05,-0.090367047212001,-0.1643631444479826,0.0,-0.1326078642065639,0.0,-0.11560200130047638,-0.17288851442421854,0.0018241001293344827,-0.15921226313745768,-0.15511443034172323,-0.15819297543094044,-0.15398167735827212,-0.11410690198644963,-0.15088074850384905,-0.14086429470198913,-0.146135313615616,-0.15740953848937278,-0.1662503379208674,-0.001196742209593038,-0.10276904991836039,-0.10300906019000694,-0.095940980326925,-0.09431651649107292,-0.07332146307584908,-0.0579766033986619,0.00029741939292160513,-0.004155014456118988,-0.1473983733901837,-0.14596148853724178,-0.12980684761000533,-0.130891230660436,0.0002222079570659008,0.0,0.0,-0.16774063244515142,-0.17150909180505158,0.0,0.0,0.0,-0.0008524897499099238,-6.7847811907773e-05,-0.004274728106990866,0.0,0.007763520889306819,0.0,0.003237197423401894,0.0013390412710075905,0.0,-0.15354860181543045,-0.14948835515297532,0.0040930478918896895,-0.15136074865874233,0.0,0.0017172443107881241,-0.188111310525458,-0.14390856661326573,0.006232673862058891,-0.15071996084192846,-0.16472458530635187,-0.1625310349082288,0.0017166660796734123,-0.000891161757836989,0.0001236967959178381,0.0003161513354765777,-0.13523704792454255
-0.10781053344628189,0.004295835042839147,0.003705149020580778,-0.0002680647761266197,-0.0009230064977585051,0.011089815187553309,-0.16208531286226208,-0.000952372857004169,0.00868419086164185,-0.05182986536685713,0.011678673696109476,-0.04853625962858177,-0.17285070229984495,0.0,-0.0014159959052524318,-0.11560200130047638,0.0,-0.10622818578310309,0.007834257467203232,0.0032845850757702855,-0.0016967809886886398,-0.1104990445205879,-0.001872496879223029,-0.0646088345099664,-0.08709945243937411,-0.1078350017035066,0.0012707223530624145,-0.15929798317883898,-0.0016437435847282411,0.0007049958861908845,-0.06582824634172302,-0.12318834201938611,-0.05543294399216536,-0.06426574797642187,-0.06081430539121707,0.0019587152000626884,-0.07561388889102405,-0.012273513802973923,0.0102809449096945,-0.12492551039456379,-0.12636717129929737,-0.008814625125752595,0.0,0.0,0.004334080186489064,0.003831075996374611,0.004157858355695432,0.0,0.0,1.6653345369377348e-16,0.0016678904807693185,-0.00017549725234350388,0.0,0.0,-0.12639028150577236,0.00031146051292529897,-0.13134972919295568,-0.00015503168771496822,0.0,0.0,0.00957280104979591,-0.11440493726205242,-0.11902224423653052,0.0,0.000421582339265425,-5.551115123125783e-17,0.0034742408767303723,0.0014104152548624072,-0.1035798649372745,-0.11679791515002641,-0.1158315761178102,0.0,-0.0010291933527450392,0.0006729767395546316,0.0,-0.14542930146655997
-0.1379654315704663,-0.18010801975306848,0.0030131667808063756,0.0,-0.002188859891459116,0.00247391015401921,-0.00043387428689012353,-0.22682556592661973,0.009895946513055642,-0.11442333718231829,0.0007903729761129519,-0.0773585901451444,-0.0010867725310569898,0.0,-0.14163319033905547,-0.17288851442421854,-0.10622818578310309,0.0,0.007471514770023557,-0.15563906967040797,-0.18639497453830586,-0.22020550723351454,-0.18309254696113286,-0.11377942157024723,-0.14149345341569144,-0.13403840608408268,-0.15216201608191143,-0.16290294566530744,-0.1738554382232566,0.001903749030465307,-0.09721101128249837,-0.11767606671639325,-0.07656171844196064,-0.09061324155390199,-0.07643100044340051,-0.0004718471766954613,0.0,-0.07198114937496322,-0.14018863281470217,-0.12948493373611708,-0.12190871340952075,-0.11495555582223094,5.551115123125783e-17,0.0,-0.0025712351495111307,-0.14327529598060568,-0.16746431481746482,0.0,0.0,0.0,0.002355012654144839,-0.00022488352043242843,-0.0016500463573534963,0.0,-0.1292079848102749,0.0,-0.126753137290619,0.003201029085439566,0.0,-0.0013455717970815018,-0.14377548771321558,-0.12884106117546434,-0.13696977614675804,0.0,-0.000530384424250796,-0.0030817363057055736,-0.16092955378135937,0.006819658838572329,-0.14510668450995023,-0.14512106741687442,-0.14476333860174917,-0.0037573725053082208,-0.0001175715928663501,0.0001534890629051322,0.0,-0.12677298143301063
0.0,0.002335504470665828,-0.08032168936920864,-0.20619385011494784,-0.11160796672108617,-0.11370983352273789,-0.12043648048004818,-0.13492569838406038,-0.08877227524047099,-0.13629905698990646,-0.08968218042164441,0.003994230121169895,-0.12313591088569859,-0.1771420873714322,0.0,0.0018241001293344827,0.007834257467203232,0.007471514770023557,0.0,-0.008747325660813932,-0.007411917353515762,0.002149432515295646,-0.05739172533594733,0.005642611621341276,0.010263951759355905,0.010981784868053235,-0.13097480180289078,-0.12760272861397903,-0.09258482328382794,-0.12747486061424373,-0.1347903619291861,-0.1232510832142229,0.005406289721577084,-0.12255003930169234,-0.1019390819083536,-0.16032422515604033,-0.14123781454307127,-0.09147466008578164,0.0007670715139336814,0.0024229368799953965,-0.10395696288406403,-0.00041046333061189877,-0.09328200340022647,5.551115123125783e-17,-1.6653345369377348e-16,0.0,5.551115123125783e-17,-0.06318200774055371,0.0,-0.12433717967900576,-0.09864830731497498,-0.09641049766035659,-0.10821750335914138,-0.1055507472221392,-0.0016796969368889636,-0.11155744342446583,0.0011293535372181585,-0.10260117760513454,0.01031802046398339,0.001418095371403194,0.0,0.0,0.0,-0.12338922789080065,0.001979837238876403,0.0,-0.001196553873113182,-0.12607227121306763,0.0,0.0,0.0001455949996985728,-0.11385926968543841,-0.1120278715263347,0.0038761577463208297,-0.00011892095850996043,-0.11106047593802704
-0.16356832495535073,-0.15620683239183836,-0.12143208105767866,0.002359626175479579,-0.14228477251400468,-0.13839084516422356,-0.12300949299688296,-0.10439154981676513,-0.12206615589596509,-0.04586897510460691,-6.766912296196637e-05,-0.0008747424877877386,-0.12863471314167718,-0.001115850586893341,-0.11778961260221266,-0.15921226313745768,0.0032845850757702855,-0.15563906967040797,-0.008747325660813932,0.0,-0.12576691332107443,-0.1292610624914694,-0.10445107534523315,-0.1694717300985369,-0.14771085132549344,-0.14330874828417978,-0.15240465704408718,-0.1457992186800376,-0.13565110100179714,-0.15840548563441817,-0.09777673367721718,-0.0849562068512345,-0.09089869623101321,-0.08651810552172795,-0.07708341760786397,-0.09001370374831885,-0.0627114377104635,-0.03480314706358201,-0.12739177359084453,-0.0024502475308447735,-0.11383747970228181,0.002631839431693761,-0.11414207098794066,-5.8856550280483866e-05,0.0024770957198183563,0.002812897631417677,-0.16280077158608192,0.0008556117651998818,0.0,0.0009026775300044476,0.009909320585122505,0.007618861952309153,-0.1672658574080289,-0.0001922553878485611,0.003389285230813499,0.0012283517422329027,-0.0006349541635714551,-0.11812615731535953,0.0,-0.1267828252146972,0.003241844872923283,0.0015499232514341044,0.004286929017804475,0.0009881866411568518,-0.12242118092283055,-0.16673550643502222,-0.1440229127547908,-0.13389561143437706,0.00023153893273403225,-0.1348941552536312,-0.16536894225390936,-0.11636889659997507,-0.12206733071231302,-0.13407211527889323,0.008493649923142166,-0.10967631333977745
-0.18142383945720977,-0.16357527227999208,-0.1075898654693141,-0.0007719248512821908,-0.1129331103623058,-0.1103595090674166,-0.11362006238479111,-0.1537315582569319,-0.07985129778067607,-0.0985584858106126,0.0037433507571814073,-0.0030861145870475504,-0.119342238496503,0.002899039551933713,-0.09528049888615425,-0.15511443034172323,-0.0016967809886886398,-0.18639497453830586,-0.007411917353515762,-0.12576691332107443,0.0,-0.14552155713207526,-0.13622302817738155,-0.2272986656366425,-0.18567091308193429,-0.11641447270627231,-0.09846238401866564,-0.1209968503646709,-0.1317503564255766,-0.12694840162582022,-0.09765559741318153,-0.10182716409826492,-0.12465280692539554,-0.08909415601501625,-0.08168443799575231,-0.10122764032673603,-0.05297017425952316,-0.0023724985237071894,-0.13212952536371048,-0.14984902582011783,-0.1046580398866565,-0.13185398140872856,-0.008655162025179686,0.0,0.001285425451190092,-0.13200000247951343,-0.18363467954955198,0.0006812257297111879,0.0,-0.00021223871110415127,0.006779343485552702,-0.0017820528001083469,-0.12366914719068756,0.0020144517447889254,-7.309544882616592e-05,0.0,-0.0010723788672135082,-0.10554518470713986,0.0,-0.13110747465597278,-0.15456472797600673,0.0,-0.0038806278042554654,0.0,-0.11150474802140892,-0.13727638670411724,-0.14556783114166777,-0.13540018639483165,-0.0013802801711040313,-0.16796309321646397,-0.17457872371403732,-0.11368380860012028,-0.11917016537711322,-0.11589084140855616,0.0020401501534513256,-0.0838220102300658
-0.14472221171548988,-0.15649641115302593,-0.1295568697028175,-0.0006722843733344419,-0.13303848739803165,-0.14302969590404352,-0.13492029426637903,-0.14583852432795152,-0.1289637193097427,-0.06732983525529262,0.0010973561630632234,-0.004874669511419738,-0.14087577750956026,-0.0003494955003588984,-0.12383094575644235,-0.15819297543094044,-0.1104990445205879,-0.22020550723351454,0.002149432515295646,-0.1292610624914694,-0.14552155713207526,0.0,-0.1146443777003644,-0.1160189978440424,-0.17373175285867618,-0.14191117051335983,-0.14171068691238242,-0.1509892478869,-0.1383449701467035,-0.12717890384277386,-0.0962050285117994,-0.09994277861778933,-0.09975151908192526,-0.08955427705115887,-0.07931873111934495,-0.11033580105371515,-0.05861478162201461,-0.0011397546981187778,-0.15561580506710737,-0.1650696788825733,-0.1455919428730254,-0.1498008911589756,-0.13602993604179037,0.0,0.0005086189998246282,-0.16761022006957532,-0.16915464920067658,0.0037641132989085224,0.0,0.0011629839113536655,0.0016579353779169748,-0.00011087764754180718,-0.18362573798099913,-0.0006825153625210079,0.0009735302353618414,0.0,0.0020126008337930656,-0.125230484943343,0.0,-0.17239082080969992,-0.15098922570709383,0.003928019479395917,-0.14442664086841345,-1.1102230246251565e-16,-0.1394610895477929,-0.19636282242814201,-0.16201800282822126,-0.15129440342398004,-0.0009046414047262363,-0.1598505463086929,-0.18109755046502052,-0.1338029883438372,-0.12907818643704955,-0.13787963089349647,0.0009163013136066489,-0.11724264855136818
-0.19698062518440806,-0.14001895052689484,-0.08744269827689846,-0.07699118919806053,-0.10144613557631799,-0.09494788160908524,-0.10572566357492613,-0.12959571399775854,-0.1012188528272987,-0.11070513043472163,-0.11375393026488745,-0.10990375819378823,-0.10882581766675092,-0.19078229108318445,-0.0828031892688173,-0.15398167735827212,-0.001872496879223029,-0.18309254696113286,-0.05739172533594733,-0.10445107534523315,-0.13622302817738155,-0.1146443777003644,0.0,-0.22751322889244746,-0.1778092259605934,-0.14883086394152628,-0.1177638891323825,-0.11004977849663061,-0.09482771422248781,-0.10246124670966905,-0.09658275456144277,-0.07296307169940597,-0.08005770384202354,-0.07775838033712296,-0.0635832499482058,-0.10175345825343513,-0.06771014772832834,-0.08838118126394456,-0.1194519698150458,-0.13344946323028317,-0.10671092783522967,-0.11089319403463421,-0.10391365014839843,-0.10866742217373859,0.004400560520575303,-0.1663893426041464,-0.18092566563809948,-0.16503857685528367,-6.60806240422307e-05,-0.12912467169404057,-0.1153830125387556,-0.1032026069693946,-0.13604670560094206,-0.11207577323543194,-0.1295321865513821,-0.14230533853090632,0.009295033097622585,-0.1135079247929513,0.004944775749248731,-0.11811872630893933,-0.13393273763004504,0.0018732959516660763,0.0014431540369658213,-0.1906339962132595,-0.1121132750569207,-0.14532081680055586,-0.13634884723387247,-0.1311287342022892,0.0004255583027489851,-0.17333319722738338,-0.17237305678936232,-0.12797711622996627,-0.12389620147829328,-0.1090658886560586,-0.10717522673494373,-0.10665129489365982
-0.13232902789709322,-0.12355701805559244,0.0005012022875329758,0.0003439385034718634,-0.00675239633075142,-0.0007774406812951495,-0.00441494104679746,-0.24601983886016116,-0.0007149226092513228,-0.0013328382579556597,0.0013246033570021298,-0.0358359939986688,0.0005114613277382163,0.011939036607141684,-0.16656608473069112,-0.11410690198644963,-0.0646088345099664,-0.11377942157024723,0.005642611621341276,-0.1694717300985369,-0.2272986656366425,-0.1160189978440424,-0.22751322889244746,0.0,-0.10519509204511315,-0.08150852610907994,-0.17057625869166043,-0.13337386635316806,-0.004897578551220527,0.0006749185399124169,-0.018055459403952534,-0.08634299646190527,-0.016899937473290383,-0.006131408810706507,-0.026757493231092222,-0.08084744846645417,-0.05336603223379113,0.03289187435694135,-0.07887048857501128,-0.1208990054360588,-0.09858692567503036,-0.08116232628479636,0.005220176048242153,-0.0001624306074689552,-0.0776181931140319,-0.09930255079704126,-0.16107097300316875,0.0001417450535027842,0.0,0.0,-0.0015667279880245966,-0.00033213305612983524,-0.0006512182612501971,-0.001024811876868148,-0.0945222046966927,-0.000544123630527138,-0.10670430180299134,-0.0027919031421565488,0.0,0.0009334162138244784,-0.14207676666504093,-0.11873193582432573,-0.13545576243801521,0.0,-0.0013826335368263276,-0.0040962600826151,-0.16668239516967193,-0.0006628553959118211,-0.06211547720220972,-0.1256644080465611,-0.12219089910863457,-0.0005511871784198985,-0.12641743393634908,-0.0007169737472889626,0.0,-0.11028075999770903
-0.13900867920323967,-0.16588412999881305,0.00784593419848284,0.0,0.004667317886903055,-0.13324125366998674,-0.0003228517824826471,-0.22409398596018598,0.008535898042925372,-0.10244887934966682,0.0058391768358985185,-0.05392452493428934,0.0007626281951620406,-0.00011593373588997258,-0.1317742404791582,-0.15088074850384905,-0.08709945243937411,-0.14149345341569144,0.010263951759355905,-0.14771085132549344,-0.18567091308193429,-0.17373175285867618,-0.1778092259605934,-0.10519509204511315,0.0,-0.13043617370112104,-0.14387548592905486,-0.13071729173046248,-0.1570423347534025,6.589820782704203e-05,-0.097671398693702,-0.09825320168229607,-0.07151548517087619,-0.06898692170178955,-0.05280858199772137,-0.000508567000506277,0.0013155130603783594,0.0044940197832591955,-0.14396858991840028,-0.13174143443214342,-0.11584325791903122,-0.11723222633667668,-0.0006605630154352116,0.0,-0.00038488244352674617,-0.15108754940551178,-0.16891121904077866,0.0,0.0,0.0,0.003733038228593666,0.0013655647661010017,-0.0004908440273348469,-9.277981268102087e-05,-0.1224773268711335,0.0,-0.11056105271307326,0.005572341789377266,0.0,-0.13803814310392237,-0.14386216697433063,-0.12504049959138813,-0.13673679097002078,0.0,0.003935943174414758,-0.18274498348521978,-0.13979094001350179,0.004580786411214455,-0.13438366810962327,-0.14701380445456436,-0.14744372137104017,0.0031048685306795942,-0.0012851257391979787,0.004331621887371906,0.0,-0.12603703864184834
-0.10313536561093556,-0.14504973254080816,0.008704337101344384,0.0022034784286714126,0.007340042030222482,-0.12400863290760017,-0.11078449185324296,-0.20993131423256373,0.011173410511903958,-0.08194980124041693,0.009277173582636022,-0.1116353888470839,-0.12483587260321555,0.0018341042862651258,-0.10397392112161458,-0.14086429470198913,-0.1078350017035066,-0.13403840608408268,0.010981784868053235,-0.14330874828417978,-0.11641447270627231,-0.14191117051335983,-0.14883086394152628,-0.08150852610907994,-0.13043617370112104,0.0,-0.14190679570338943,-0.11851418665876856,-0.13426101681034552,-0.003480499672939674,-0.10563796943174836,-0.11319824812961743,-0.09036604681079052,-0.08594812136047969,-0.08506761854553108,-0.11111570166105594,-0.07523681539414123,-0.06911780823908059,-0.15519177729376493,-0.14730035027327687,-0.1312935436660771,-0.13595288956629037,-0.058220588418321395,0.0,0.004151912196325214,-0.15469184429526395,-0.19083667535817228,0.005533258870039082,0.0,0.0004254905332760073,0.002621027583759039,0.0030259395673010725,-0.20452352707438454,-7.91832985135299e-05,-0.11897885260743152,-0.00022485179195597116,-0.11229620393602263,0.000976575726259199,0.0,-0.176869074550485,-0.15473082441154262,-0.12147290312896053,-0.14514285801196974,-5.551115123125783e-17,-0.13936263602850624,-0.18843155285432595,-0.16202274016637802,-0.1587854015934071,-0.12095989915012328,-0.15275160259880194,-0.16510346505551182,-0.1401709412289383,-0.13505168088582398,-0.14721811342164348,-0.0001298745183113681,-0.1354501113126496
-0.1562980119352354,-0.14540484149591582,-0.1220154726929,-0.051800291460132375,-0.09676443470172369,-0.10279928569506705,-0.10041358649627824,-0.10079939817489447,-0.1164187988785344,-0.09365752738856459,-0.1587615224641798,-0.06694460624310422,-0.10727567449441122,-0.19339925439204597,-0.09387040442245903,-0.146135313615616,0.0012707223530624145,-0.15216201608191143,-0.13097480180289078,-0.15240465704408718,-0.09846238401866564,-0.14171068691238242,-0.1177638891323825,-0.17057625869166043,-0.14387548592905486,-0.14190679570338943,0.0,-0.11292202515950261,-0.1316046747787384,-0.09897385480847387,-0.09483726079476018,-0.056221951747787435,-0.07036409750534578,-0.07401570804375496,-0.05444237500870086,-0.07523073914588557,-0.046504224230174196,-0.055389756931789214,-0.11079992278776468,-0.09075618474103853,-0.08772636141143014,-0.09124959423426077,-0.09108592610351002,-0.06962265458924954,0.0026340376474449645,0.0024662039993296747,-0.14094480942001192,-0.10363037813097353,-1.6653345369377348e-16,-0.11589176731105538,-0.0887597313474382,-0.08052008242027692,-0.10899880108616294,-0.09988561311080091,-0.14883616218777923,-0.13781832540457828,0.001651064835681726,-0.09419806438713652,-0.0787339630429083,-0.10302139504691571,-0.10057121611740927,8.681902563201227e-05,0.0035540417870734697,-0.12324731754674906,-0.09874179621984902,-0.12056170640660607,-0.11541793293950064,-0.10635449081845566,0.0016962024037865397,0.002012560608023406,-0.14614176104415844,-0.10611690074529484,-0.11151573287118327,-0.0960517190134147,-0.0923728578670791,-0.09399457487629254
