0.0,0.03193730737478928,0.0026927109449983444,0.0,-0.0003381252963419734,0.04621924714575326,5.350106829354884e-05,0.011495009747969909,0.005145564224130428,0.020665297319584552,-0.0003418622955845829,0.032205113546639075,0.011118394942754517,0.0025612087462207334,0.007328525836675703,0.01728244607894225,0.040528320555836383,0.029239181441468975,0.0,0.022775422510412868,0.019976556428840886,0.03155465133651475,0.018665830096286917,0.03893952493546177,0.010977093488183376,0.03207456635588152,0.035653452307181144,0.0030180453579646827,0.018947967905820318,0.004073893283902008,0.006035474651871486,0.010754302984873787,0.01946449605448647,0.021337657155241607,0.06483754711835493,-0.0006188729683502259,0.0,0.04771822279260268,0.016028825887421105,0.003762490927636808,0.01702507206140974,0.02134822639122025,0.0,0.0,-0.00020784222256714502,0.07378414980377013,0.020712224885227948,0.0,0.0,0.0,0.04442508151970542,0.0,-0.001032285351973361,0.0,0.0026989513167858803,0.0,0.011838585479950758,0.023811298867318864,0.0,0.01385431752036781,0.011802495113476474,0.006015023297570976,0.03115810392652335,0.0,0.03880221719016991,0.07506826014721696,0.034112421007835736,0.04569055944360911,0.016282213519140498,0.01857818669667355,0.0368023970880379,-0.002662017314008336,-6.164298935318335e-05,0.00360727310760256,0.0,-0.0015159545964395504
0.03193730737478928,0.0,-0.0006087489477130115,0.0,0.033707608304391845,0.023286860384152563,0.029912942960199862,0.01376128845693908,0.02012005035320069,0.01401248241482489,0.00010201486799210624,0.0016378642663368859,0.027568256849111128,0.0,0.02203896598012789,0.008295412916440537,0.01869579658643289,0.006696525397450692,-4.5993323121940044e-05,-0.012077645507323542,0.029496036965773464,0.008948062152601965,0.029464558704604238,0.034198537968734455,0.012939297655821802,0.02171906266572332,0.014054310180903973,0.028250080867334326,0.018990672758628313,0.044593764113051715,0.0051508562784137735,0.012594950014341244,0.0028785701712696343,0.019602487085572384,0.06175506634900063,-0.005261622631659191,-0.00011431686079954595,-0.0008921520140671713,0.009285163838384403,-0.004501018265950729,-0.007340727624157495,0.0062336871337435595,-0.004864964174060238,0.0,8.753288809504323e-06,0.027709262048229155,0.009157743675041519,-0.0012360346299608582,0.0,-5.551115123125783e-17,0.0179882863353078,0.00583172253541242,0.007401258033278291,-0.0007246508625404213,0.002940588687856016,0.0,0.0017824254825015706,0.009301160617893434,0.0,0.019391953963023845,-0.004663499534210469,0.0032327988816830966,0.007607746733651,0.0,0.02149729390225491,0.019853079662346285,0.015132854772766768,0.0275108674079243,0.01020210547345729,0.003756660115612598,0.013118998780238478,0.022278063468866627,0.011620357913825208,0.027365419118717926,0.0005199276540168718,-0.00010057742449276486
0.0026927109449983444,-0.0006087489477130115,0.0,0.05328961286504913,0.0012662553326238668,0.009288330051686222,0.01629611728323138,0.007832625013192096,-0.05605147698944918,-0.00927491769518135,-0.053093825636603365,0.008484053959242843,0.012770018639530256,0.0007748922664214675,-0.0015089589747572796,0.0019067666856792398,0.0006323440950561365,0.0016391695763758873,-0.013081936451863896,0.0151813712046725,0.0016229043451694292,0.016238578520115343,-0.04283046994685702,0.0009327749481825576,0.0035899421044766067,-0.008770590286672486,-0.014099897875109957,0.010427377158236162,0.025500476580358755,0.023624027113832824,0.0006453667932183604,-0.00783061689861636,0.004120030824682375,0.0009588953860292238,0.004629108286589079,-0.002156060115873548,-0.017954787727947286,0.0019251927079593223,-0.04816212175797657,-0.0001961859859808679,-0.03318881693796483,0.0015780815115159497,-0.04104847117920801,-0.00010114871966920846,0.0002022661814845006,0.0,0.0003143529384928012,-0.08924578198201644,-3.796997116828349e-05,0.01370067249638729,-0.014139605428704405,0.0027015607329099467,-0.013641482071555688,-0.06720456748973902,0.0022584150428190952,-0.04966975817161706,-0.0009028751486612752,0.0003929383314396073,-0.03850837638873961,0.0024076890713403687,6.658337524417801e-05,0.0,0.0,-0.11025281510504825,-0.002005721685508166,0.0012053354338731337,-0.005015018883091471,0.0019072178318944033,0.0,0.0,-0.000404917890394596,-0.04474632821308677,-0.020876965045420026,0.015389655252608048,0.0004597705585493994,-0.004129171343573823
0.0,0.0,0.05328961286504913,0.0,-0.005257946995399332,0.03485771463342119,-0.01093051289118091,0.03535086732179887,0.03134836998126983,0.015641585519691692,0.05128816942818348,0.003956297940099662,-0.0033952332132359264,-0.0032379547558795685,0.00017147682604434777,0.0,9.26740437289797e-05,0.0,0.04301489376902662,0.0016207367533409567,0.0002838135322640323,0.0032835798664635485,0.020853716226515884,-0.00412299979832631,0.0,0.0013382111555905185,0.02562060291401702,-0.03540992681127869,8.073901868071998e-05,2.6923821501434464e-05,0.0020199393743428606,-0.07465245881751309,-0.005328782541506816,-0.008086450681040303,-0.07338175176146694,0.0009395203445611844,-0.029396208362989257,-0.00021349510706381025,-0.000510914111580052,0.0,-0.00010476956735555598,0.0,0.000436482651306358,0.0,0.0,0.0,0.0,7.5055063482598605e-06,0.0,0.0,-0.0005598854474659354,0.0,0.0,-1.7571356801138194e-05,0.0,-1.798863381979876e-05,0.0,1.3227722968411904e-05,0.0,0.0,0.0,0.0,0.0,0.0,0.0,0.0,0.0,0.0014163574936764123,0.0,0.0,0.0,0.0003782512959845663,-1.7223002527044784e-05,0.0009140535432099473,0.0,0.0
-0.0003381252963419734,0.033707608304391845,0.0012662553326238668,-0.005257946995399332,0.0,-0.005893936331913041,0.005028809923274258,0.0287146786649623,-0.00692355593396099,-0.003946465526788123,0.009773589814565442,-0.015023311422189933,0.006493500940095598,-0.004471789106360979,0.0004671898811290376,0.030489830593443124,-0.01120299513920614,0.003660669989724419,0.022063745316736938,0.02141346000201677,0.002953435449927322,0.013967110293393314,0.02761644755511139,0.027717029779623037,0.011578979855583316,0.0152278945871262,0.007697888654973395,0.004502334865258695,0.0277274983550172,0.01993884738620416,0.012206000046862453,0.012170036972321552,0.008588984462852833,-0.00891391749690934,-0.0182703032285918,-0.0010789795983062178,-0.04758959209579369,-0.010600115437199742,-0.01821170160995822,-0.0010092409314589879,-0.0034796844310311936,0.00017354128277524694,-0.021305426716943576,-1.847484097772245e-05,-0.0006190391874135726,0.0,-0.00010074653042874138,0.001768697385706064,0.0,0.011035787641902828,-0.00012500682101579397,0.01310445248988723,0.015182604420712953,0.0013149592707542013,0.0015907034405132636,-0.03040389856409975,-0.0018981077364468302,0.01672104873653013,0.004834244533727994,-0.00026677582258377575,6.463746718826657e-05,0.0,0.0,-0.009317155631443419,0.002879280890849545,0.0,-0.002943352139224309,0.0026000348052875877,0.0,0.00013878956303525758,0.0009650219994781772,0.015565662067999142,-0.003180032293081947,0.011658423325456024,0.001308814103189948,0.020204639070536268
0.04621924714575326,0.023286860384152563,0.009288330051686222,0.03485771463342119,-0.005893936331913041,0.0,0.011654344374133041,0.022956037662169193,-0.012358791415000792,-0.0011929427487412103,0.002614897704164787,-0.005754611402898846,-0.012316170755724831,0.009816405222507596,0.025583908065262784,0.00871022071792904,0.0002998478871125143,0.012439570249326182,-0.002989561171114208,0.011731565284715861,0.03268389734164334,0.012381008591169085,0.027385103490633556,0.049369487453347016,0.010022389889595473,0.012917135267392743,8.804833318126759e-05,0.0040002400889114775,0.0006261111128044172,0.0320160929377043,0.018208738427136162,0.013338270932595209,0.020826543509648632,0.019512701306723057,0.02942952961062073,-0.004888559278343307,-0.006304136799096638,0.023572769735587085,0.026805044897119934,-0.0016746921468675513,0.009138582297447795,0.006688019548104163,-0.049316612695311846,0.0033429945999102206,-0.001464201028366252,0.0005798419234382401,0.016394785962824343,-0.00469934770124647,0.0,-0.00198373156532361,0.001769768576016073,0.0019260373680434206,0.008681357896391517,-0.020614977910356713,0.004711057197041568,-0.05102555584294505,-0.0021372321504607994,0.007514690222418574,-0.05539831340959245,0.043832617619462,0.032731694163380176,5.551115123125783e-17,-0.0036207896905119386,-0.014422463457488321,0.030779248218888278,0.0623750661165422,0.02010228826925642,0.009333653047779777,0.0,0.005000868126737168,0.015430768748598278,0.008340450409088818,0.006054861840381398,0.02037370272619171,0.0072291827599099134,0.006805706563389746
5.350106829354884e-05,0.029912942960199862,0.01629611728323138,-0.01093051289118091,0.005028809923274258,0.011654344374133041,0.0,0.025361648297269945,0.015294325731496528,-0.019787553636662014,0.02275229649838828,-0.010514642695299614,-0.007938737018481135,-0.009820234236117498,0.03865992176880889,0.02491826205974068,-0.003792266653366849,0.004596528160439262,0.027035387913188158,0.01966721947714334,0.02406543812174855,0.022086660733765695,0.021754855760599046,0.009839827803583112,0.011667587996240958,0.0067024605225848854,0.02013173261315937,-0.011472342330566598,0.023739533200898777,0.011593107096576238,0.001802560285919741,-0.0039301526490422845,0.022342972491037894,-0.010415287404962725,-0.026616070945286285,-0.011958929550461905,-0.035060762534820766,-0.00394582744749894,-0.04770935977681845,0.0008297837605876213,0.012561830543348251,-0.005638341781673772,-0.018872258618159943,-0.0014527542062663934,-0.0009464584305253765,-0.00014182474088381136,0.012569172130955042,-0.0011880454428595533,0.0,0.006286607881814565,0.00918421966356675,0.006677813678523936,0.00821239682170738,-0.0010969488465525368,0.0004997757572219874,0.008992048816799103,0.00145135838353605,0.013321980530169863,0.0010553591616477287,0.022538023437466637,0.0016877996078644708,1.1102230246251565e-16,-0.0001296668232362297,0.004630238272882892,-1.2319474583799561e-06,0.0021166933090460693,0.009635471368511561,0.013274832665152836,-0.0021570601030632686,0.0012382441048955362,0.01597164705402554,0.008836093943451306,0.010073133186480066,0.00844619447751671,0.008006947145908994,-0.003061028602640792
0.011495009747969909,0.01376128845693908,0.007832625013192096,0.03535086732179887,0.0287146786649623,0.022956037662169193,0.025361648297269945,0.0,0.007893340584462283,0.03743032681082875,-0.10117907599915421,0.041313784481234406,0.02431460168501065,0.003378691721102167,0.006373724642979861,0.024750569106393172,0.005031876619455367,0.03098968686156084,-0.0037583519697123036,0.029828223724194303,0.0013592353971901838,0.016207613852396774,0.027371146746678787,0.023385696052565685,0.01949773131210014,0.02082743956726746,0.03878485781773927,0.02683478616024837,0.03407809573089571,0.02883208888874922,0.01341292948436229,0.0065376554928769925,0.004918611826760344,0.015255041581209605,0.0345854797382219,-0.03359803301025455,-0.0019058701311034931,0.0041892269810136495,0.025190797010982646,0.0012835673199494968,-0.018583493543915086,0.002186956484086733,-0.06275094607390413,1.7161483470973238e-06,-0.0001511010733843965,0.002394115126675922,0.0028128507567338756,0.007862390605618219,0.0,0.014885794479389869,0.019298808297219916,0.02262246680045621,0.017411363274425495,-0.008077130722874304,-0.0001580250998793331,-0.04555633148108684,-1.1102230246251565e-16,0.021400029957703015,-0.11273394269404735,0.015319517370426694,0.006058438409627054,0.0,-1.1715778032939106e-05,0.0045560331926221,0.026919311217740993,-0.0006666516825405422,0.02324955185965394,0.028629663688433615,0.0004434897518157399,0.002161692271252069,-0.03022529810129876,0.021154943447298458,0.012928120529783094,0.02570227631353672,0.01076486659880277,0.021133468801025457
0.005145564224130428,0.02012005035320069,-0.05605147698944918,0.03134836998126983,-0.00692355593396099,-0.012358791415000792,0.015294325731496528,0.007893340584462283,0.0,-0.0018082609353723966,-0.032872494215286485,0.00890737722982754,-0.01738057656072195,0.013541999073845457,0.000261966497634436,0.006416780835956815,0.0003342118451435949,0.0039393224257566195,-0.025161103821739972,0.009211894978688184,0.006308788126213549,0.005411558158338825,0.008330946692499064,0.026840574694420527,0.006686431728482212,0.003822505838634749,-0.03543760267425866,0.014531738584086629,0.014755982199728068,0.015033915241930318,0.006330284119542395,0.0042615704750941785,0.023369591326371564,0.007987588381727362,0.005046799725185902,0.004831244812933455,-0.016683536331171422,0.02690596433487419,-0.04846588996862922,-0.0032240322094861384,-0.007044208084324599,0.0024707637372055613,-0.03415438462549819,-0.0010198712294154921,-0.0006461785566438394,0.0,0.001433143590801933,-0.05006417834598337,0.0009686416642835094,-0.0019408504416787986,-0.014638181898674829,-0.005312838115939855,-0.026341352850297928,-0.019752686208638126,0.002455623958455222,-0.03359660122877445,-0.0025814412225517724,-0.007781767347726509,0.0007423326858830848,0.0025127901617653103,0.0008887760773026443,5.551115123125783e-17,0.0,-0.011669003429505831,0.004332912869928873,0.001487984607746684,-0.004035077257236452,-0.01211687037815179,0.0005881377937441701,1.4306047350753914e-05,0.003238631033063377,-0.008502330165567562,-0.008448189235372938,-0.01038466100664942,0.002064727323687565,-0.01393837572535428
0.020665297319584552,0.01401248241482489,-0.00927491769518135,0.015641585519691692,-0.003946465526788123,-0.0011929427487412103,-0.019787553636662014,0.03743032681082875,-0.0018082609353723966,0.0,-0.0028851686636490737,-0.023309878988051702,-0.01837212093823737,0.035313318780713365,-0.0011288630579584513,0.015051646575645228,-0.000776514282291918,0.014445007524934661,-0.005191053791214761,-0.031493125600995986,0.031867840358658084,-0.007065833519987852,-0.00862701119516035,-0.022992501560388512,-0.010631351287784085,-0.00704569815637579,-0.00989559082754371,-0.013008748202993414,0.023038951018466036,0.0013740847021755376,-0.033523447152016106,-0.017458822969011245,0.0005044362534100677,-0.02918449442375365,-0.033311057935596244,-0.01296140776776511,-0.011819138402888951,-0.0066060761586088645,-0.05349429827880592,-0.025862762448331855,0.025855154711779793,0.007572060795828783,-0.03596165785156347,-0.0010883009923006726,-0.013499477271776972,0.02342597883816805,2.626162763691431e-05,0.0011872680884637,-1.1102230246251565e-16,1.6653345369377348e-16,0.0033757894583806847,0.0027426821848502425,0.0009626594651596099,-0.0017245817750337622,0.004339281145048779,0.000932452689504093,0.006361425788655173,-0.015216262998872576,0.0,-7.318626544378093e-05,0.060068977559218195,0.011061542875849761,0.012933815115024616,-0.0005087942039526672,3.717003035569322e-05,0.0004930356137571867,0.0029395546462581135,0.009025220219247565,0.020065907975116926,0.013590895939080028,0.015927300106229447,0.005718986450345853,-0.012437529070291442,0.0024417681726006113,-1.1102230246251565e-16,0.0050235745939133936
-0.0003418622955845829,0.00010201486799210624,-0.053093825636603365,0.05128816942818348,0.009773589814565442,0.002614897704164787,0.02275229649838828,-0.10117907599915421,-0.032872494215286485,-0.0028851686636490737,0.0,-0.006377983261841136,0.013022161318841374,-0.027265789669653928,0.0,2.038924209246673e-06,-0.018672396159379157,-0.004978631124994748,-0.011900314035179271,-9.370628108407164e-06,0.005262848842885637,-0.0004399345209926686,-0.05612654081514529,0.0059737021602023765,-0.010499892901077612,0.005875284987870266,-0.021305552521470594,0.01646324579377567,0.049434073632995124,0.012485391224286324,0.00657007528710285,0.016646620720033367,0.0018121697065618392,0.004172780896281703,-0.00482154190796652,-0.012324197969963813,0.00518243129066559,-0.005469487196883949,-0.0768478029373178,0.0004433750093044142,-0.04385958215506741,0.0011653407407204996,-0.09124674302950325,0.0007152494341736149,-8.385087761531018e-05,0.0,5.551115123125783e-17,-0.1702325541240695,1.64455847403433e-05,-0.03141935009742386,-0.045735521369917875,-0.023779900546810784,0.0020649404783907865,-0.08482321041971419,0.0016650993346497,-0.06976732616509773,0.0018511956349762104,-0.01660591092613317,-0.05702094925150558,0.0003975124064213298,0.0,0.0,0.0,-0.1677108589984984,-0.0011138944284722063,0.0,-0.0013026456830899091,-0.029001249113371597,0.0,0.0,0.00011295611367195812,-0.023835779276619062,-0.027113331511897598,0.004148186009603649,0.0006415416129119667,-0.036576994106662486
0.032205113546639075,0.0016378642663368859,0.008484053959242843,0.003956297940099662,-0.015023311422189933,-0.005754611402898846,-0.010514642695299614,0.041313784481234406,0.00890737722982754,-0.023309878988051702,-0.006377983261841136,0.0,-0.001555005096567641,0.0037780770536418595,-0.0005768217430630607,0.011996692376427809,0.0031474709848358096,0.01568760929347779,-0.0027482385660047015,0.0017724016019755595,0.03777664632369432,0.0016872256327182256,0.051090170433150894,-0.001780192615389864,0.002554502015269078,-0.016948853903796912,0.006324137190747259,0.00838197447583,-0.00043204459820544994,0.002319281023188957,-0.030247240908403528,-0.03289531567065129,-0.02147824867207404,-0.04450200419216441,0.01027280761840621,-0.004033498939815028,-0.006159715407604072,-0.034126890950186756,-0.029816882799978794,-0.02948727944764673,-0.0023165396883457756,-0.11006514898648323,-0.021991491507352356,0.000963324850230346,-0.010931985394013577,0.03440113748108359,0.001056585748464678,0.0006992088975938948,0.0,-0.00043002724341834053,-0.00266331421398347,0.016563234474274602,0.0,0.0017764964936460848,0.012460543051920792,0.0007362046303768244,-0.030435240073435732,0.00436136635340717,0.0,0.0004775359395247092,0.03513438076660963,0.011931124302628826,0.01973297821137815,0.0,-0.0005620454599112312,0.0003166372159085218,0.0031874183124619426,0.0006768099027244512,0.025773780608665642,0.020849608922780705,0.024623922715488022,-0.00575234430968774,0.01778257789717652,0.0022313611662206356,0.0,0.018205502708186327
0.011118394942754517,0.027568256849111128,0.012770018639530256,-0.0033952332132359264,0.006493500940095598,-0.012316170755724831,-0.007938737018481135,0.02431460168501065,-0.01738057656072195,-0.01837212093823737,0.013022161318841374,-0.001555005096567641,0.0,0.031365306817335126,0.015247777296599208,0.022631290710211416,-0.009359401996669736,0.008809262428576214,0.018975022933215013,0.016990096704629365,0.019314556797299154,0.018509200112210578,0.01818162352096986,-0.0006571938166465285,0.014137619485476927,0.009655915353758981,0.013362677880214724,-0.0053111568831266665,0.021655591385024486,-0.02528243181267037,-0.0040451731671224955,-0.0022476121504183544,0.016240927070872657,-0.00929546133734277,-0.027400681776821756,0.010528840897817804,0.0016076055314879212,0.0027187805009757926,-0.023731396893240275,0.004414337092433496,0.018372659327262286,-0.025474991938826852,-0.02004403732939286,0.004506676948389021,-0.0006378748790325517,-0.0005387032980252449,0.009557066431751582,0.0021670723273959913,0.0,0.007864920532511754,0.00956484964702975,0.012318564598050141,0.005462907055878596,-0.0004258263643762694,0.0015416247469939304,0.005763833041138866,0.01777016220269051,0.016951225861679076,0.0009271356987853863,0.024612899534714516,0.00901862742958831,0.0018469001338966562,0.0021184290269657957,0.00604475839963059,0.012069899829191877,0.0249125693960916,0.015733013968049714,0.013919407580237131,-0.0013015869102428468,0.00513903557603107,0.020561531125646848,0.010757865459165017,0.01058407861048194,0.01493985807137821,0.0060210288876578755,0.0038833655345572593
0.0025612087462207334,0.0,0.0007748922664214675,-0.0032379547558795685,-0.004471789106360979,0.009816405222507596,-0.009820234236117498,0.003378691721102167,0.013541999073845457,0.035313318780713365,-0.027265789669653928,0.0037780770536418595,0.031365306817335126,0.0,-7.617451508790118e-05,0.0,0.0,0.0,-0.01141104621025646,0.0013387315230829477,0.002928572312833555,0.00272146765538539,0.012591761481058672,0.0026483543674360455,-1.6054174735657956e-05,0.005206832176462506,0.011842979336040449,-0.010992139074480822,0.004744725575747788,0.03802192804414495,0.011527045982572981,-0.06455712654960541,-0.0007447381703118428,0.00024236434155872066,-0.023783793476290116,-0.020324706760942945,-0.038768526450940366,0.016945149962870165,-0.0010622970994632608,0.0,-0.001968220549024513,0.0,-0.08215512674845882,0.0,0.0,0.0,0.0,-0.02678702507170988,0.0,-0.04525655991010635,0.008573020249606711,0.0013702629635246044,-0.07864524660118466,-0.032118941935860346,0.0,-0.07273259256485204,-0.0004555167265216653,-0.00970206505000526,-0.0823762984256024,-5.551115123125783e-17,0.0,0.0,0.0,-0.018068748383110955,0.0003082970344089331,0.0,0.0,-0.04445400489772139,5.9834600977637376e-05,0.0,0.0,-0.03168318420354316,0.002172241837958555,0.0017891064318577565,0.0,-5.551115123125783e-17
0.007328525836675703,0.02203896598012789,-0.0015089589747572796,0.00017147682604434777,0.0004671898811290376,0.025583908065262784,0.03865992176880889,0.006373724642979861,0.000261966497634436,-0.0011288630579584513,0.0,-0.0005768217430630607,0.015247777296599208,-7.617451508790118e-05,0.0,0.034221629699088596,0.0036175752276084716,0.028359239953946513,0.0,0.0030841363250540543,-0.005769138370586235,-0.00911352441807084,0.01653591161696749,0.0714087809253347,0.03169337488368468,0.016630406262934716,-0.028078614762476584,0.021078700156178132,0.042350572712210544,0.025724178630522843,0.022415147817836323,0.04031290261249049,0.03905298019935005,0.05192778722806035,0.06772821331850948,0.044934078565502356,0.003096497925511088,-0.0009661474253847002,0.018069817906105234,0.019360553515119117,0.017648504685682076,0.012246253842911559,0.009009709905351493,0.00010001093457046029,-0.0022484360833246453,-0.0011387632402752312,0.008075870055403167,9.55284808871748e-05,0.0,0.0,0.0411217351620885,0.022441851231164267,-0.03881955999232467,0.0007205257398624765,-0.00021412014380844946,0.0,-0.0006068799573830663,0.022324174313036238,0.0,0.019866624083393125,0.020729119755155012,-0.0003783184672711548,0.005938211775311342,0.0,0.026764263441490632,0.017456140886156435,0.021983464929351104,0.03344737078367277,-0.0005481573019909813,0.007548525050033228,0.009237961243027115,0.041933734345335816,0.016423592082342786,0.035823300691781856,0.013726856330449844,0.023590344871898095
0.01728244607894225,0.008295412916440537,0.0019067666856792398,0.0,0.030489830593443124,0.00871022071792904,0.02491826205974068,0.024750569106393172,0.006416780835956815,0.015051646575645228,2.038924209246673e-06,0.011996692376427809,0.022631290710211416,0.0,0.034221629699088596,0.0,0.017958752641716536,0.0330314084529702,-0.0008513308118319185,-0.006324633869399243,0.032285338592688506,-0.010019866467001481,0.0383693463297996,0.038372718112827886,0.019940495047460927,0.02423903104551478,0.013636243103675949,0.009207627625782089,0.01206970109015465,0.009893213707348247,-0.006017048670422742,0.004903692886934596,0.008628001365164228,-0.0016894758192878556,0.05286613156255415,0.005667642928841532,0.0003427493603308518,-0.002446660692819125,0.005506492413123065,0.003067060052857562,-0.012266820167452008,-0.002834766442493919,0.0016775116440102544,0.0,0.0,0.031875974799879914,0.00044785267635083503,0.0,0.0,0.0,0.06135046552308665,-0.0012229916747952263,0.0033224040958522716,0.0,0.041590122527123796,0.0,0.04115160307685756,0.049019521495273,0.0,0.024433378368694414,-0.007900964305709746,0.024435850268955395,0.007714166203225847,0.0,0.018441850736151177,0.02764868122974512,0.014464181604727233,0.04103009474352892,0.022893614644398985,0.008253742957868515,0.0072379811574503905,0.04290995214019494,0.028192559479751245,0.036773004776690155,-0.00011125237362397122,0.01170328743900162
0.040528320555836383,0.01869579658643289,0.0006323440950561365,9.26740437289797e-05,-0.01120299513920614,0.0002998478871125143,-0.003792266653366849,0.005031876619455367,0.0003342118451435949,-0.000776514282291918,-0.018672396159379157,0.0031474709848358096,-0.009359401996669736,0.0,0.0036175752276084716,0.017958752641716536,0.0,0.02441238787197597,-0.021116193789571025,-0.009813391695419449,0.010869047259951081,0.014253444833662199,0.004283758683208128,0.020158377271526695,-0.03509212880603585,0.0039691329979338885,-0.003206797326631594,-0.0008738271485501659,0.023204065308279342,0.0012764611680652904,-0.008553810404266393,-0.005674566187672592,0.004465144491173745,-0.005526116439432627,0.038716024852239295,0.0005884141282467836,-3.133599527666009e-05,0.004614604243333598,0.006658703393065901,0.004920766269110366,0.005393550203364295,0.0027884793985020195,0.0,0.0,0.0044935966488856005,0.00890826544433121,0.002652118260291214,0.0,0.0,1.6653345369377348e-16,0.0005366689800536673,-2.4302361457839705e-05,0.0,0.0,0.01836490258784551,4.313016793050517e-05,0.021722838141888023,0.0006664392529731056,0.0,0.0,0.006607638262784821,0.021276302887746013,0.026058754237360593,0.0,-2.171667930300769e-05,-5.551115123125783e-17,0.0023697884801505142,0.0014584072950011295,0.03902904237115418,0.026078148311040106,0.024664138781680556,0.0,0.0012048912592805272,0.00020938872817555243,0.0,0.028304077853666232
0.029239181441468975,0.006696525397450692,0.0016391695763758873,0.0,0.003660669989724419,0.012439570249326182,0.004596528160439262,0.03098968686156084,0.0039393224257566195,0.014445007524934661,-0.004978631124994748,0.01568760929347779,0.008809262428576214,0.0,0.028359239953946513,0.0330314084529702,0.02441238787197597,0.0,-0.004070832814671299,0.003723475617920524,0.04850178641854663,0.010353264114376204,0.014604895360660841,0.035516362634515686,0.025318988950410348,0.018880615864559358,0.01565741944381671,0.005390667872609778,0.018769274439339678,-0.002358873860474786,0.010820203609395396,-0.004443552327431155,0.006811556585936573,0.004631318887933555,0.03242018392916818,-0.07864992592148723,0.0,0.017876403263839102,0.01574141221032488,0.020830571065855286,0.034059879332042575,0.03060240421658944,5.551115123125783e-17,0.0,0.0008885924688005198,0.05430951963077413,0.009053142225803446,0.0,0.0,0.0,0.0036684681058941626,-0.000774479827781116,-6.207303196337222e-05,0.0,0.043843767465216565,0.0,0.05209758710064555,0.0020522096822714886,0.0,0.033857441865670135,0.014061883793249408,0.03342471290928273,0.03233969198140002,0.0,0.02916690793243165,0.008051573935296208,0.018223141356615846,0.03553415902920004,0.06699884063134942,0.03193823922914624,0.037925715152894834,0.035876537052749735,-0.00017931884634503348,0.031192353838069842,0.0,0.041202331916760926
0.0,-4.5993323121940044e-05,-0.013081936451863896,0.04301489376902662,0.022063745316736938,-0.002989561171114208,0.027035387913188158,-0.0037583519697123036,-0.025161103821739972,-0.005191053791214761,-0.011900314035179271,-0.0027482385660047015,0.018975022933215013,-0.01141104621025646,0.0,-0.0008513308118319185,-0.021116193789571025,-0.004070832814671299,0.0,-0.0014806266714627037,0.002254820909180222,0.0020656855879204183,-0.029543576664265825,0.0026570335790900845,-0.010925748138704117,-0.004420860197319465,-0.019041851747932215,0.018113866128176448,0.04403014706061548,0.024778808398994434,0.011676158410838355,0.014146972609479336,0.013373064134597157,0.00927188061974199,0.008777452597054536,0.023786401117373013,0.0019429774696788082,-0.0022498159866150558,-0.053537210424735915,-0.0002788316182408268,-0.01210594368801321,0.0011770619172316588,0.031822716714781984,5.551115123125783e-17,-1.6653345369377348e-16,0.0,5.551115123125783e-17,-0.17970598058812187,0.0,0.008936708098888135,-0.05340313457323104,0.007905035730050636,-0.05517392306758595,0.015162930612644732,0.0009879039063934725,-0.17012257899289132,0.0001563896728218328,0.0031100109257606867,-0.022646668418794202,-0.0011073422383330311,0.0,0.0,0.0,-0.26024840926331255,-0.0017306564358977594,0.0,-0.0001613082507639363,0.0026570339298864765,0.0,0.0,0.0018599550905064044,0.0022816056353509584,0.0004860991513048196,0.00804919894682904,0.0016004008797615432,0.0079355480216462
0.022775422510412868,-0.012077645507323542,0.0151813712046725,0.0016207367533409567,0.02141346000201677,0.011731565284715861,0.01966721947714334,0.029828223724194303,0.009211894978688184,-0.031493125600995986,-9.370628108407164e-06,0.0017724016019755595,0.016990096704629365,0.0013387315230829477,0.0030841363250540543,-0.006324633869399243,-0.009813391695419449,0.003723475617920524,-0.0014806266714627037,0.0,0.0377090549673193,-0.03791625853700914,0.04090625394805303,0.01962455461789686,-0.008960209610237746,0.01778254100181398,-0.014717644621321135,0.01653252270559158,0.008495178582035745,0.03136283483337937,-0.01002500608370166,0.01088757046275074,0.0040163318104795565,0.00041035793921267993,0.038391981625786775,-0.009547537130342398,0.004558943065291199,-0.002504696423164421,0.03335532384750939,0.03928480508707366,0.02945974353639169,0.02349309060828836,0.008641911358754528,0.00019334717723251682,-0.00020071739931148969,0.004434397462510731,0.02351311314152893,0.0033758513379160693,0.0,0.0003677408362919854,0.036998706656506064,0.02633261682346033,0.02102936730818883,0.0032023718546260183,0.0005704808072642953,-0.002007941074746944,-0.00032676248930135765,0.028592575991861935,0.0,0.02565144192700114,0.010536615172095198,0.0001860989542657454,0.0018246325786987483,-0.00025477574430982086,0.027193535495962706,0.026101899315936927,0.01948655649709602,0.03998091667085002,-0.0022847304805341806,0.006571165445832916,0.01839394843317177,0.03565456017314156,0.017713049649640822,0.03193259080139216,0.017734239987889033,0.02464979175958565
0.019976556428840886,0.029496036965773464,0.0016229043451694292,0.0002838135322640323,0.002953435449927322,0.03268389734164334,0.02406543812174855,0.0013592353971901838,0.006308788126213549,0.031867840358658084,0.005262848842885637,0.03777664632369432,0.019314556797299154,0.002928572312833555,-0.005769138370586235,0.032285338592688506,0.010869047259951081,0.04850178641854663,0.002254820909180222,0.0377090549673193,0.0,0.030843282262506155,0.010319722912988827,0.03945596110945787,0.03529990047942816,0.02277109244631559,0.028172415731779865,0.023095238043194022,0.04004324176885293,0.020950467123509786,0.01697834365032308,0.00761996262429443,0.014968119327865348,0.019765536373516468,0.04313297909639835,-0.03341082430912906,-0.00046972302084830053,0.004887597173166114,0.03866306606597214,0.029121821088932465,0.01922740041614246,0.021996172195028363,0.0005076825889943071,0.0,-0.0003675792081409557,-0.06109889213675629,0.023325525957829663,0.0012508485560686067,0.0,-2.9390214397795322e-05,0.044172433544725054,0.005849680517543532,0.01799674827799158,0.001040915747704707,-0.001181308783631374,0.0,0.0002989766929243909,0.0285591943730355,0.0,0.028196290081382303,0.02035212830948696,0.0,0.0036003878617701934,0.0,0.038180845131767394,0.06398913832632919,0.0186053264120552,0.040718595054076545,-0.0009696386872280471,0.031128065504781866,0.024393935377265807,0.03411287092270854,0.02109019907464238,0.04651440665985618,0.019780010455827113,0.03349073206806691
0.03155465133651475,0.008948062152601965,0.016238578520115343,0.0032835798664635485,0.013967110293393314,0.012381008591169085,0.022086660733765695,0.016207613852396774,0.005411558158338825,-0.007065833519987852,-0.0004399345209926686,0.0016872256327182256,0.018509200112210578,0.00272146765538539,-0.00911352441807084,-0.010019866467001481,0.014253444833662199,0.010353264114376204,0.0020656855879204183,-0.03791625853700914,0.030843282262506155,0.0,0.042489768369450176,0.0611454162815277,-0.001177589666802925,0.022012580123382697,0.004455616409853369,0.009464081773945476,0.005374107092424918,0.02112971977002237,0.0033241811544424404,0.02394452614974496,0.0009305171758519637,0.022702589129042217,0.06013585775153696,-0.019939472074836984,0.0044779241377269074,-0.0013977616989471198,0.015007819223684271,0.014736180300797985,0.014555097069545941,0.012631241116629444,-0.023929356838121918,0.0,0.0014994189410428849,0.020525584955852216,0.0028443467343818307,3.63779593898772e-05,0.0,-4.917107113888708e-05,0.03022640493055917,0.016394301942540046,0.013896657662595624,-0.0006917243187974376,0.0034028293426054956,0.0,0.0013682072274138757,0.030675459311973963,0.0,0.020697272488247598,0.004141046064851939,0.0042936327994733126,0.006117055347198308,-1.1102230246251565e-16,0.02649917085223774,0.02713351195861674,0.023747388514763046,0.037254335818086626,0.0014893357235279958,0.004728708050797503,0.018740178696944998,0.04004465445880673,0.026887731433583195,0.04329217401558738,0.028574660857391132,0.035599642917178376
0.018665830096286917,0.029464558704604238,-0.04283046994685702,0.020853716226515884,0.02761644755511139,0.027385103490633556,0.021754855760599046,0.027371146746678787,0.008330946692499064,-0.00862701119516035,-0.05612654081514529,0.051090170433150894,0.01818162352096986,0.012591761481058672,0.01653591161696749,0.0383693463297996,0.004283758683208128,0.014604895360660841,-0.029543576664265825,0.04090625394805303,0.010319722912988827,0.042489768369450176,0.0,0.025077003332428793,0.017266411862869646,0.05062346447876781,-0.0008224931311157091,0.0292885681712709,0.03847941006501676,0.029987015292668562,0.014425628044557437,0.017600494956939217,0.03919115063002604,0.01880430772671049,0.03670956212816817,0.004105782990122819,0.0022986313147044246,0.0215293095211902,0.017621836980635797,0.03665712638833779,0.015420274896110087,0.015144277460799938,-0.03743097861047445,-0.0021156512305500197,-0.005348522583748516,0.0185975706889846,0.032326583446427415,0.023502950820629587,-9.150657286016717e-06,0.011669161989578236,0.01745123589719033,0.01373096682821684,-0.012121734417481489,-0.00869879836336307,-0.002848220158774284,-0.010653340164773928,-0.00893405704291178,0.018646517105171068,-0.02435084104924007,0.03329900667733421,0.03129124103095221,0.00015233363320865667,0.014386436403871106,0.03200034781031991,0.027939384336241768,0.021196877599397812,0.02759103756758885,-0.009784599281813522,0.0008135034110900441,0.029620938104271854,0.0348541940622088,0.01854233448174436,0.008083930450301868,0.02978177896584938,0.026267456085320662,0.014306891094502783
0.03893952493546177,0.034198537968734455,0.0009327749481825576,-0.00412299979832631,0.027717029779623037,0.049369487453347016,0.009839827803583112,0.023385696052565685,0.026840574694420527,-0.022992501560388512,0.0059737021602023765,-0.001780192615389864,-0.0006571938166465285,0.0026483543674360455,0.0714087809253347,0.038372718112827886,0.020158377271526695,0.035516362634515686,0.0026570335790900845,0.01962455461789686,0.03945596110945787,0.0611454162815277,0.025077003332428793,0.0,0.02316905160137006,0.03445303291819679,0.03747134382914197,0.008484015744887274,0.03596890617011844,0.0031640149098045023,0.002286885460555721,-0.0014133627194904963,-0.02346996965519299,0.003959464662413481,0.06767052603994428,0.0006306542397430115,-0.005942543768590602,-0.01647171531499647,-0.04180268405080434,-0.07207191038779687,-0.018958221544685516,-0.07818292311088004,-0.0012501176753906273,-0.00015443360135031226,-0.05901983828969615,0.09770549598137696,0.027545271833216145,1.9628452748443603e-05,0.0,0.0,-0.001570730829042355,0.001208297511343881,0.00044779097072950025,0.00028385135730618627,0.006008368131204922,-0.0008171116096105657,0.0026272188687682663,0.0037908385139589496,0.0,-0.0015249886809651225,0.024616835349302868,0.03165452254683737,0.04243967619868666,0.0,0.0013525244912831469,-0.0041031036007243005,-3.1182169087540235e-05,-0.0018999039566315323,0.04095205922995809,0.03947109824019929,0.04204402955730485,-0.0013347848985654776,0.0026500806832547297,0.001665933873908676,0.0,0.03021137808253982
0.010977093488183376,0.012939297655821802,0.0035899421044766067,0.0,0.011578979855583316,0.010022389889595473,0.011667587996240958,0.01949773131210014,0.006686431728482212,-0.010631351287784085,-0.010499892901077612,0.002554502015269078,0.014137619485476927,-1.6054174735657956e-05,0.03169337488368468,0.019940495047460927,-0.03509212880603585,0.025318988950410348,-0.010925748138704117,-0.008960209610237746,0.03529990047942816,-0.001177589666802925,0.017266411862869646,0.02316905160137006,0.0,0.015847677301488894,0.0054622654965378326,0.0093036692702127,0.01269081489655105,0.0029110073292755723,-0.00025979002604648027,0.003085604633725092,0.008701158881633309,0.002932767483963594,0.04558659996566977,-0.034075448258954755,-0.000256041496574988,0.015323258634718562,0.011606183113475277,0.013970681256683937,0.01859242750300394,0.018680807744093253,-0.0003871959465945318,0.0,0.03025004891480554,0.03798467966610736,0.008838712960353434,0.0,0.0,0.0,0.012879600770870692,0.0174691223245364,0.01981464335993416,0.0001899896938709067,0.031920822831874696,0.0,0.04262350062573539,0.004547830332336078,0.0,0.0220296294695958,0.0049843370797734154,0.030331344789739867,0.02489528740968222,0.0,0.013508594990356282,0.02428810434696682,0.010117731137199437,0.02308121022245002,0.056203257351949976,0.023147445538598377,0.027539459604687067,0.02067829563567497,0.004096718420793066,0.017410973615763603,0.0,0.026105439269793584
0.03207456635588152,0.02171906266572332,-0.008770590286672486,0.0013382111555905185,0.0152278945871262,0.012917135267392743,0.0067024605225848854,0.02082743956726746,0.003822505838634749,-0.00704569815637579,0.005875284987870266,-0.016948853903796912,0.009655915353758981,0.005206832176462506,0.016630406262934716,0.02423903104551478,0.0039691329979338885,0.018880615864559358,-0.004420860197319465,0.01778254100181398,0.02277109244631559,0.022012580123382697,0.05062346447876781,0.03445303291819679,0.015847677301488894,0.0,0.03015500310400626,0.0068960554777385275,0.02237258696993627,0.007315518667007526,0.008728649678101441,0.02481552823118177,0.027933726163452077,0.03929831818570545,0.07335027625088109,-0.006626104811660094,-0.0007175023403087066,-0.0070875330331975905,0.023222262691856344,0.004479613574873531,0.013732504718792338,0.025370095827877803,-3.361045653127448e-05,0.0,0.00988130924059527,0.047782213369760296,0.01701133795602716,3.8047152817188845e-05,0.0,0.00031383414880986615,0.027698377859466217,0.010316881274682166,0.028493683620227694,-0.0004152170230012908,0.029123496907684066,0.00018093958314069347,0.035432596596676025,0.014826012793313137,0.0,0.02403701696247673,0.00640021943477348,0.029771926155600092,0.03231335835429039,-5.551115123125783e-17,0.022033916082980498,0.028305290899124702,0.027111293600834918,0.03247052733897693,0.05879430593250329,0.024149983677653586,0.03336993248814585,0.021938184759007773,0.022037807724000658,0.0332167610582047,0.00012594925283559988,0.02270936562570569
