0.0,-0.005364710137764184,0.0030727602590743253,0.0,-0.00010833862880954559,-0.009094037771855967,-0.037160861059267525,-0.024401923649417012,0.00278696439266396,-0.01370072788887794,-0.00048453688006755424,-0.018359807272967266,-0.007612803845970906,-0.015127041271499886,-0.0026552519550164244,0.01287291870982138,-0.009533885279873144,-0.007421984486744637,0.0,-0.008520724605030838,0.008711074103329552,0.01842776965506382,-0.022710541730630918,-0.017301436076029297,-0.008822079545299899,-0.0028119205322931773,-0.02189291733344889,-0.02466796914409425,-0.013732824763680374,0.0025677365048176193,-0.016923376732042306,-0.00488424408527377,0.00425847956528852,-0.023403663870148694,0.028012962278189057,0.0008406481111750685,0.0,-0.05018043318838511,0.0068618073525509304,-0.004359568052819229,-0.008090669454286492,0.013276737468356947,0.0,0.0,0.00036244630142417966,0.02554925718882195,0.02511810561640465,0.0,0.0,0.0,0.006022160335375726,0.0,0.0441279328717441,0.0,0.004540324829314546,0.0,8.550111556754336e-05,0.0019616383367636603,0.0,-0.013515813371282881,0.012181669258480854,0.009133031117789514,0.0033243900215448874,0.0,0.03286643232115627,0.017782345343172357,0.010250093081556222,-0.00625112836461339,0.024809335988875025,0.020829033140306152,0.02268467316049494,0.03376963234892599,-0.0003742094901456605,0.007353507972061968,0.0,-0.005689766372318161
-0.005364710137764184,0.0,0.0022180024658256525,0.0,0.0056056294241957905,0.004033943486527802,-0.00820603682861376,-0.018602079039497565,-0.00047211054179907563,-0.014748036717812718,0.000619290727772559,0.0042383638549553515,-0.01704345199662538,0.0,0.013397828380274812,-0.007461406734939613,-0.030120080427059603,-0.01679562473822993,0.0012659803662339875,0.015841152965826555,0.003163121927426016,-0.0016050719458872154,-0.0010708660621614463,-0.02558164564533766,-0.0013475503001086353,0.0030221270723390092,0.009084368380072316,-0.009744831242649465,0.0006008609156855638,-0.008092857254868135,0.003828149785714885,0.01316406835913464,0.009520002465048694,0.007330899924643919,0.02615252852290839,-0.007062598405658815,0.0004261033048325036,-0.0006457187229316763,0.011888120351615072,0.014885776841761678,0.011299470123312672,0.013446368384704477,0.08720526616969865,0.0,5.313765242143109e-05,0.005930553779254055,0.013088856884070632,-0.0006043252864827431,0.0,-5.551115123125783e-17,-0.005851645031793307,-0.025284528572240728,0.005849462248003867,-0.0016436693350145304,0.004283292336334454,0.0,0.0035519325402730284,-0.03711733813118184,0.0,0.02866197320770464,-0.0030336495220681936,-0.06202771231322385,-0.0062147122582572045,0.0,0.004364750783449556,0.024811125402625145,0.01604925472457891,0.012076953593793516,0.006903433917301083,0.009797700255508746,0.019001648836027285,0.009512941605744674,-0.010182729054413975,0.004078204394678209,-0.00032897917329177684,0.006226381159213146
0.0030727602590743253,0.0022180024658256525,0.0,-0.009354342370006541,0.007175602719397933,-0.005662504150936387,0.011309205360043484,0.009762245778693501,-0.007086471732516086,0.004047093877813768,0.01227469681664245,-0.015797497787394255,-0.002545057676829665,0.00729569428129756,-0.0003734203762763566,0.003725079916872376,-0.019783845125053823,-0.02334945011388656,-0.00943491910841704,-0.03642261499205729,-0.007923354438349683,0.007963944123360378,-0.01894210894837367,-0.012152527307394412,0.016634241215183643,0.009757818058805268,-0.012711412946772749,0.00036122659914955557,0.009386564629260297,-0.008672989444011792,0.0025084989248945755,0.02672843588912388,-0.0044539157633955995,0.012439764611732351,-0.0017714260856334096,0.015331679898636541,0.014652571330719344,-0.00838775881332976,0.022286604058013637,9.18637536699296e-05,0.015464060758278886,0.0008733050880965765,0.023630085202214213,0.000945501085202971,0.0002889909442749805,0.0,6.813097140601077e-05,-0.06149314444634435,-0.00023050023531884234,0.028423186166708136,0.017118202526609116,0.01708015044048017,0.008560206312976049,0.012184023795078769,0.0023383665964106237,0.04589316709233621,-0.0008416895328852703,0.004471577347017863,0.028426750975348525,0.002376056387495218,0.0004042005613897337,0.0,0.0,-0.02126095925605742,-0.0011057203319636,0.0013097274474966336,-0.002371350574526032,0.01587605028208361,0.0,0.0,-0.00043370087381433553,0.029016295219049693,0.005983827393340468,-0.01042691972355586,0.0022588587928773496,0.02040620978700758
0.0,0.0,-0.009354342370006541,0.0,0.017164838977234864,0.01573471849542868,0.013818770608992725,0.025195499481215244,0.04185002278180788,0.10566599287643269,0.011644842528556631,0.019299910054336178,0.09514604848822233,-0.009282986350167055,0.0015254912985349645,0.0,-9.555066992461558e-05,0.0,0.015558008125876877,0.0026280425311627775,0.00014370484793835292,0.0031916673557698116,0.017820154325414173,-0.0045518820722359465,0.0,0.0026520885405939554,0.001662567367148371,0.07401763711693465,-0.00013634508571741533,0.0001634435581811533,0.046495868169242394,0.010168864037291336,0.043610033456463804,0.06338773734901804,-0.008448629462652624,0.01973001226455806,0.04033464922387678,0.00172388372355875,0.00018899620474743806,0.0,-0.000636013386019596,0.0,0.0004223409990115057,0.0,0.0,0.0,0.0,4.556287313922658e-05,0.0,0.0,-0.0006297584172980653,0.0,0.0,-0.0001066685528835487,0.0,-0.00010920167176747819,0.0,8.030012041460033e-05,0.0,0.0,0.0,0.0,0.0,0.0,0.0,0.0,0.0,0.0006871728809415556,0.0,0.0,0.0,0.000751837186621529,-0.00010455383591911893,0.0007036336875493321,0.0,0.0
-0.00010833862880954559,0.0056056294241957905,0.007175602719397933,0.017164838977234864,0.0,-0.008704530020231083,-0.005132775878263773,0.04123309171566014,0.003416623521182105,-0.01822517656882,0.006195090398932013,-0.024055748363663254,-0.023197730922682513,0.017432247494212627,0.001791566445801418,-0.03626400415218067,-0.028735965675662445,-0.014028289039204389,0.02671356637036415,0.0015387857145215955,0.004572661528009003,-0.01249382346912331,0.0020708264211783955,-0.020453005685730885,-0.021384994180422057,-0.017313250163581817,-0.022291171058863024,0.05633825554301786,0.010937832544993142,0.0032530350238835215,-0.012222366326672063,0.014981562637699342,-0.03228221719625113,-0.009762776084443203,-0.032022877773756064,0.030276047793287908,-0.005921908583333191,-0.027778720580920735,-0.014804877038016362,-0.0025649014222563493,0.01710262976083987,-0.002649935355864219,0.009028953287895991,-0.0001121532374618317,-0.0009113042107499747,0.0,-3.4492510933847864e-05,0.021555612608068375,0.0,-0.017307676628992907,0.005103343238855085,0.005851384018402017,-0.004202364227368416,0.014618460786811172,0.0015713895353065555,0.052262108644426264,-0.0027517227277180645,0.006711755641739647,0.018470885535781634,0.0003088323327865017,0.000392387745867695,0.0,0.0,0.0046601419394883825,0.004867833405264865,0.0,0.001944774419269546,0.01076817027193755,0.0,0.00014840931731169293,0.002856817605259576,0.012937064773795748,0.001243806924168589,0.011173155220867037,0.0016517250076266698,0.021045054278700293
-0.009094037771855967,0.004033943486527802,-0.005662504150936387,0.01573471849542868,-0.008704530020231083,0.0,6.657248542352168e-05,0.0005273930897796708,-0.019730493143580885,0.0012666802626035145,0.009703367601091917,-0.0031750804182199555,-0.023394786626034836,0.018501236491714812,0.030057465212725565,-0.034230069671680186,-0.009113338776610469,-0.00015784690354714304,-0.012574244749498864,-0.004892410413017523,-0.005139968852253873,-0.0016605867686361742,-0.004240141951260545,-0.01757950967659927,-0.018993505131959798,0.006681150580294615,-0.003316969693618499,-0.0078005658008751255,-0.0020023893376443502,-0.005211970341637229,-0.001311387939502362,0.01617853523681534,0.01155286545442119,0.009552516474037043,0.008899182896273838,0.023332327314316448,0.004712712061594904,0.005529827241543217,0.023211711351211584,-0.001615310976585016,0.016816754542089196,-0.031004071205565864,0.024985184049718834,0.006452940605689128,-0.0011793254027815947,0.0013480222798500918,0.003863378588718047,0.020147066729483076,0.0,-0.005784753283188837,0.009432718045209176,0.0121028480759241,-0.0022576320530476313,0.02900557026542505,0.019253075189936353,0.03867738636593254,-0.0024064363188400217,0.006015907973124346,0.06793543085055082,0.017208324921054674,-0.020482053076407825,5.551115123125783e-17,-0.0015796457096046712,0.02700800985877838,0.004801822908769571,0.011560724367952635,0.012952689137506357,0.004442890432156399,0.0,0.0008074843005989596,0.010657884926295547,0.011566310211378772,0.0007371613713461622,0.0006710269742079555,0.0020652350475358627,0.018332398455886745
-0.037160861059267525,-0.00820603682861376,0.011309205360043484,0.013818770608992725,-0.005132775878263773,6.657248542352168e-05,0.0,0.04166456630445631,0.01986197737219092,-0.00013879401537864045,0.01080003534694901,-0.008084853653537116,-0.011070438948700467,0.014442963946014964,0.024918718100316817,-0.02529723959260105,-0.017312132361616717,-0.014541861785225485,0.011160068483101637,-0.011191119440908726,0.014422668583319975,-0.0157246779870856,0.030119229489236066,-0.004672552851926137,-0.021615917815220598,-0.01626747619559865,0.010233184212766033,0.0017946234682624795,0.0005325513028163753,0.0075085504972394745,-0.006790284106730382,0.022716766875707672,-0.008245429068504118,0.010412444065689974,-0.022154052937314705,0.03894684838991569,-0.007430932524493006,0.001108382169711597,0.026128245653573967,0.000943225284385063,-0.016482956934387116,0.0018612665305773879,0.03653315317076922,-0.015871657001264583,-0.0005440185703740053,1.9284599165225735e-05,-0.008064832926744148,-0.0016404912148196837,0.0,0.006303975983458554,0.019613413775755095,0.015447588871582263,0.020760029235622146,0.013931413216243582,0.07645624711967525,0.0043715820842309405,0.0015590231773652263,0.019390336085968518,0.0011506886987924236,0.005154119729049167,0.0027220945682179254,1.1102230246251565e-16,0.00020132240258519118,0.019309198943119,0.004937896366440875,0.0015076849954048788,0.014093989974363896,0.02045418656400011,-0.002092397717932404,-0.010677727948994353,0.00403069630077646,0.01975962524719921,0.022011657850603772,0.025406860788021457,0.005990333067426357,0.028099169550148906
-0.024401923649417012,-0.018602079039497565,0.009762245778693501,0.025195499481215244,0.04123309171566014,0.0005273930897796708,0.04166456630445631,0.0,0.009048278586705705,-0.0003123817090748826,-0.006168205932551185,-0.02020878529476544,0.01156519354576302,0.07058546514326597,-0.0011828512664636692,-0.016453682328653685,-0.029604337095394284,-0.01900479333310412,0.034450273573174095,0.00246254399186957,-0.01506330873327305,-0.010500307424933686,-0.0015752661835992665,-0.023689471809286378,-0.025941329707343697,-0.01958907106899571,-0.008575144150275937,0.005725804142801383,0.008558790107625502,-0.0015919361784834107,0.0002664967989415845,0.030567741179728547,0.008909463504704562,0.01440298259816064,0.005517952952237504,0.06599585668640606,0.05301587345394565,0.006167631367400339,0.012731840080146328,-0.0005248053293306354,-0.00865765956168163,0.001019104918210556,-0.042823484532625244,1.0418037877601982e-05,-0.0002071916301762955,0.0007834110713460518,0.0038581397102619985,0.014728305507411,0.0,0.006427814230425488,0.012727119081120009,0.00167745253772289,-0.004819586682800747,0.023101671324147866,-0.00037190808659565144,0.03841836147705402,-1.1102230246251565e-16,0.001864406088444237,0.004038429923345133,0.014501560998259222,-0.015665633239089538,0.0,-8.537585325263386e-06,0.008479048229453445,0.007132588266840378,0.0028892825229904218,0.014094187159676974,0.006881100037747223,-0.0002771848802154975,-0.022761597459190874,-3.2625262640972874e-05,-0.002666266153774466,-0.00029009452138750724,0.01319688899334065,-0.020381266376126528,0.006920408063687933
0.00278696439266396,-0.00047211054179907563,-0.007086471732516086,0.04185002278180788,0.003416623521182105,-0.019730493143580885,0.01986197737219092,0.009048278586705705,0.0,-0.0006872124468818575,0.005935356666463554,-0.002563720801936842,-0.029320150054029825,0.020887712781492596,0.0014024809546647754,0.01022131981319202,-0.015174145022104124,-0.00654881223933107,0.0034080022018028733,0.010468376802154511,0.009629854141936955,0.012427527801179727,-0.011323086355832124,-0.0003135563633565597,0.007749220587196071,0.024848295566356426,-0.02878286692175208,0.006638564500652255,-0.03154598644947165,0.01007494781342616,0.0037488482719668093,0.021256745579040615,0.0019224176450490793,0.010385824678949551,0.0015046518496643624,0.033355175187527564,0.016286891776937484,-0.007094865692526653,0.017375028983353746,-0.0014613158650756408,0.016179172952096366,0.015168798362465208,0.022388168934349417,-0.0013345684218756815,0.0007440435932523637,0.0,0.0009811065614532821,0.04578408308597437,0.0013218234685919428,0.008000750599529427,0.011635026461850662,0.01115179748449846,0.017034818131945406,0.023093572432621667,0.0028962725706772607,0.04012563164077593,-0.002105003394637317,0.016663509704446522,0.012705399322572197,0.0033686409070105006,0.0006986759352986538,5.551115123125783e-17,0.0,0.022581381199823114,0.007689135042952766,-0.0012557910921134896,-0.0038758781375324847,0.01107741924180805,0.0009489419238590258,0.00016635794638480972,0.006010926193644073,0.016948543589014542,0.008209343972927385,-0.008043715794533446,0.004216065700772487,0.011235508107091952
-0.01370072788887794,-0.014748036717812718,0.004047093877813768,0.10566599287643269,-0.01822517656882,0.0012666802626035145,-0.00013879401537864045,-0.0003123817090748826,-0.0006872124468818575,0.0,0.005996777962429922,-0.003046712515226091,-0.0023253417714157454,0.04391875092018388,0.0010607813180246728,0.01439153803658455,-0.001789943143461925,0.0071366641877848025,-0.001070027748755531,-0.06220249910494796,-0.01248993210388405,-0.025772888486419787,0.026809958550052693,-0.002943826840004715,-0.016648388098706002,-0.014869671821084118,0.0009885456930325276,-0.013185593345996838,-0.034327207696901896,0.0031331125836041585,-0.015607083221223894,-0.00285041308311762,-0.020154659435143107,-0.015579133166613246,-0.0020312840346324856,0.046257226200591806,-0.031848586912991805,-0.01666089405045379,0.08160904335621483,-0.036998376954708645,0.021000647588989008,0.05113977228242722,-0.012857978659552627,-0.0004227315342628657,-0.008353763656565427,0.011112451539038892,-0.021782342292044288,0.0008779374288215847,-1.1102230246251565e-16,1.6653345369377348e-16,0.021519458633591615,-0.05117448978965217,0.0009711811760666489,-0.002463459971246751,-0.012093134298088115,0.002147834609770971,-0.0016176667750344431,-0.03134524815445494,0.0,-0.0005626406470780054,0.008273275191817864,-0.0003131513697714472,-0.0007103228817628149,-0.00042744903415820046,-0.00019996897459068075,0.0004164776739640219,0.002407833766052636,0.01486170523270769,-0.0060707028108716865,-0.0008525827610166847,0.0045644153009722355,0.024450390084746587,-0.0390544573088768,0.0020519407527349043,-1.1102230246251565e-16,-0.022895110669916896
-0.00048453688006755424,0.000619290727772559,0.01227469681664245,0.011644842528556631,0.006195090398932013,0.009703367601091917,0.01080003534694901,-0.006168205932551185,0.005935356666463554,0.005996777962429922,0.0,-0.010482209958536381,0.01318853485329552,0.03150130812691215,0.0,1.237747871646322e-05,-0.026949952065856264,-0.01103826886146414,-0.012093169225417644,-5.688526795305515e-05,0.00625413567046329,0.0002903908986484627,0.00946180913709116,0.0048154166142924115,-0.01272169605599166,-0.006141112512024649,-0.0006793519892564492,0.017892565874731703,0.0034763597668921453,0.012284758759614156,0.006823656569564629,0.04026419623137134,-0.005824075103357418,0.011406630638275683,-0.003837795776730324,0.030781520174421706,0.0245362273187007,-0.0065376703950141835,0.02815999504468697,-0.0006519491470004524,-0.01850372262129718,0.0013445389986586065,0.03737736354455895,-0.0003123921755820436,-9.258210058177285e-05,0.0,5.551115123125783e-17,-0.06187108694294835,9.983444906597194e-05,-0.03724295862349036,0.02152329781052087,-0.046391441931654454,-0.028433450645344915,0.06885239914997854,-0.011453123949289767,-0.03478748123606351,0.002176119592720127,-0.012752634215345338,-0.01582512591860874,0.001223512715720021,0.0,0.0,0.0,-0.06203617916413612,-4.094473185567438e-05,0.0,-0.0016726193217972973,0.034224442225625484,0.0,0.0,-3.6306590324886034e-05,-0.015151069229692116,-0.023728713780158728,0.004836914958497918,0.0007684332021590246,0.013188527679955264
-0.018359807272967266,0.0042383638549553515,-0.015797497787394255,0.019299910054336178,-0.024055748363663254,-0.0031750804182199555,-0.008084853653537116,-0.02020878529476544,-0.002563720801936842,-0.003046712515226091,-0.010482209958536381,0.0,-0.010462398591686517,0.0038805755661803776,0.0006134706842389481,-0.012969224353903575,-0.008018532913559917,-0.0009827522559833768,0.003347305496352704,0.0020051085462916562,-0.012802871021408091,0.006025334684681527,-0.015487578916224376,-0.004309941290880415,-0.01995194328051625,-0.015998763547923178,-0.0008646348909803203,-0.030441463555660075,-0.001788510409885924,0.0018792161983101074,-0.021179777262646415,0.02062548970521977,-0.03497735133182961,-0.017193718025872162,0.0014951799801566357,-0.01030184482344032,-0.035639831450927195,-0.024912287720210285,0.02583497848123395,-0.01342814193500913,0.029140262253625038,0.07492901199726898,0.0030279453942760326,0.0008913582337367054,-0.005966998656933786,0.03453448589362662,0.0017670447201202366,0.0006174827927162285,0.0,-0.00042957243292851555,-0.004592405144476341,0.001553183642372058,0.0,0.0016060646617528929,0.004102719440580271,0.0003411800380272445,0.015286228982989147,0.005345081247058681,0.0,0.0006518829907525836,0.01095353975567176,0.006830298465178408,0.013415434171736573,0.0,-0.0007352522405065232,0.00014748325911123628,0.0035527422719215385,0.000437324113694626,-0.0016891020203237406,0.0066378013635992605,0.009060739220992764,-0.00875137661728298,-0.004146104488254754,0.0021920781795345956,0.0,0.009276185340758802
-0.007612803845970906,-0.01704345199662538,-0.002545057676829665,0.09514604848822233,-0.023197730922682513,-0.023394786626034836,-0.011070438948700467,0.01156519354576302,-0.029320150054029825,-0.0023253417714157454,0.01318853485329552,-0.010462398591686517,0.0,0.03817375777328341,0.0009798370463787731,-0.028529988065692957,-0.006203310071895229,-0.01674985244868199,0.00993231907474773,-0.01639027477500221,-0.01275704311378939,-0.030404153134210965,0.0032599467518191205,-0.003623343614111041,-0.021995223253815255,-0.020125031265577964,-0.014354535195292562,-0.01266406149262339,-0.01962950831985688,-0.00828016262371939,-0.002440950540134268,0.01430822970989254,-0.009224897460374859,0.0030970652589885073,0.01495663679806114,0.05519433583037542,0.02058238386238831,0.001777535765606908,0.028032039079402882,0.006131247478044055,-0.0049502650425511385,0.012915082449145077,0.0308061950946259,0.0060927797165741815,0.0001160595387312835,-0.0005247024991112403,-0.00437848154444459,0.005602895468704849,0.0,0.007683678888379952,0.013696316472430192,0.004953423786033917,0.013421931141009757,0.026679422557820853,0.0026269358992866976,0.012839525367207894,0.02292152534983105,0.008924567624087665,0.00028162092707167963,-0.004220039134780473,-0.026904399720591776,0.0021426017998945057,-0.016042256988487824,0.018401423749951684,-0.006937254752605926,0.017406339742995436,-0.004470497881481628,0.010029825927920788,-0.0013840815911208004,-0.011415618333470878,-0.0030070026308839926,0.010218860498669047,0.005080845802309497,0.017271051185755892,0.008646208303557446,0.0162418223723797
-0.015127041271499886,0.0,0.00729569428129756,-0.009282986350167055,0.017432247494212627,0.018501236491714812,0.014442963946014964,0.07058546514326597,0.020887712781492596,0.04391875092018388,0.03150130812691215,0.0038805755661803776,0.03817375777328341,0.0,8.343213168782171e-06,0.0,0.0,0.0,0.023170385892354095,0.0017289261890645058,-0.02087061073561447,-0.15663848239750122,0.037580117127792745,0.006905900429871159,-0.0343742644110111,-0.063430498053194,-0.0009241526011020684,0.0657382837025341,0.006695788472119157,-0.00048566414777062583,0.01175231388040665,0.06271126461581433,0.01669252540379007,0.007332776117307815,0.1260846626831349,0.01686235952661458,0.004759979853642626,0.0035815972466971546,-0.04316998701405711,0.0,-0.0021933907008658826,0.0,-0.014151999678081784,0.0,0.0,0.0,0.0,0.02125300104598704,0.0,-0.004367266471148434,0.008860990842070093,0.0015826921081320555,-0.0029788031288656147,-0.026686045504094424,0.0,0.00831340850382739,-0.00045414048093228576,-0.0011391794176822123,-0.001108991373876711,-5.551115123125783e-17,0.0,0.0,0.0,0.026040762731358524,-1.9265885905950242e-05,0.0,0.0,0.009929687221423178,0.0003632315006111275,0.0,0.0,-0.0010176712339203808,0.0014822207299959311,0.001251038439208929,0.0,-5.551115123125783e-17
-0.0026552519550164244,0.013397828380274812,-0.0003734203762763566,0.0015254912985349645,0.001791566445801418,0.030057465212725565,0.024918718100316817,-0.0011828512664636692,0.0014024809546647754,0.0010607813180246728,0.0,0.0006134706842389481,0.0009798370463787731,8.343213168782171e-06,0.0,0.009590692291977343,0.01526851940845414,0.002568190995840991,0.0,0.03489176478619993,0.008902967030672115,-0.02195589469518261,0.03671416891313556,-0.021708137667397875,0.0033938319851623544,0.006155251299066411,0.002700728465962199,0.0018765320827721643,0.0038448558253326715,-0.009705432586181728,0.0197225094131232,0.011549373433303256,0.03195599981611502,0.0303875133666629,0.03709925773819023,-0.13076634544974647,0.03238428404569643,0.0007475688691380711,0.03380204732258002,0.024910167742418998,0.030648227600297284,0.040879388951793105,0.011209012326682533,0.0006071256638792155,-0.0027716650483373684,0.004366511461939504,0.038700737319715184,0.001583141158913337,0.0,0.0,0.01957419094162627,-0.00038096942745768914,0.025441064273367286,0.001746105164347922,-0.00024279524898640492,0.0,-0.00025149642113653226,-0.010620365097835538,0.0,0.03187713405101228,0.011115769958892241,-0.00020797600279087725,0.008928701543958917,0.0,0.04371541423515296,0.013238180460115156,0.0353735109990605,0.015685328137405585,-0.0020668583183834355,0.015848854488281328,0.01986042818125755,0.01383105143380825,0.007647678348045361,0.01893795324947045,-0.0019825259089311653,0.02395009306240692
0.01287291870982138,-0.007461406734939613,0.003725079916872376,0.0,-0.03626400415218067,-0.034230069671680186,-0.02529723959260105,-0.016453682328653685,0.01022131981319202,0.01439153803658455,1.237747871646322e-05,-0.012969224353903575,-0.028529988065692957,0.0,0.009590692291977343,0.0,0.006066421586041648,-0.008847001663983778,-0.0007060892368348504,-0.0133047586300577,0.01406762753482138,-0.01494832791305517,-0.006317094803131751,0.0051894087175208825,0.00323586209883997,0.004646950980426556,-0.012921688479088034,-0.01970769398227501,-0.01967815178223331,-0.018595730252888132,0.004896440135258251,-0.004774447540604965,0.00989779214973413,0.005323029840608062,0.014221081448853312,0.0058766912974202445,-0.00063345499805878,-0.003137706833068521,0.010537572562324626,0.007897460589493865,0.0024820105801245385,0.012697446204127216,0.001307071009991001,0.0,0.0,0.018236801478932807,0.005794511611859121,0.0,0.0,0.0,-0.01966179009637986,0.0004112791479646827,0.004534406915811251,0.0,-0.07078148182504329,0.0,0.008409592884150274,-0.03286691677077147,0.0,0.01808708850229157,0.0018359700841412696,-0.02241001659837827,0.0010049386822186812,0.0,0.007988442426437425,0.011209114411925958,0.00217964907445517,-0.009332373186611398,0.02056627875100364,0.016139623327271424,0.011551691488693894,-0.017240404794338027,-0.060812262998952205,-0.01525975918531458,-0.0001247379024220674,-0.005043758757643124
-0.009533885279873144,-0.030120080427059603,-0.019783845125053823,-9.555066992461558e-05,-0.028735965675662445,-0.009113338776610469,-0.017312132361616717,-0.029604337095394284,-0.015174145022104124,-0.001789943143461925,-0.026949952065856264,-0.008018532913559917,-0.006203310071895229,0.0,0.01526851940845414,0.006066421586041648,0.0,-0.01129663845760337,-0.013601407093940199,-0.002891445286123673,-0.014977377661967106,-0.0145269548138105,-0.011288746286076512,-0.003983571995760937,-0.001251254384179501,0.004230118859284482,0.008369787730719724,-0.0063789669176055885,0.0036997183685864576,0.0031834583917619286,-0.02817167848618174,-0.021635426700725435,-0.01995194211618867,-0.01164449044259408,-0.013747918082680277,-0.0005234284925981214,0.0006426445213127407,-0.02887965327535791,0.009409060431853633,-0.04409222899021359,-0.012073787594954977,0.0016524228063913293,0.0,0.0,-0.04654606281348428,-0.0013015265369200613,-0.0029437924568972984,0.0,0.0,1.6653345369377348e-16,0.0006424426599743738,-0.00014752974159565335,0.0,0.0,-0.0043609531463082996,0.0002618256888671233,0.007046156983671947,0.001156501169464419,0.0,0.0,0.004047784746751049,0.004558412119540722,0.0026415057994927937,0.0,-0.000131833118006075,-5.551115123125783e-17,-0.019275493680814937,0.002448746314229755,0.013463062430785988,0.0023247428610710386,0.0019858563305494292,0.0,0.0018299261328281746,-0.019612682947220073,0.0,-0.015752468518580143
-0.007421984486744637,-0.01679562473822993,-0.02334945011388656,0.0,-0.014028289039204389,-0.00015784690354714304,-0.014541861785225485,-0.01900479333310412,-0.00654881223933107,0.0071366641877848025,-0.01103826886146414,-0.0009827522559833768,-0.01674985244868199,0.0,0.002568190995840991,-0.008847001663983778,-0.01129663845760337,0.0,-0.00028240064689716293,-0.010137425731052752,0.004947104531186353,-0.014354301264560887,0.003983836538448082,-0.0022358463013871788,-0.0017065725052649583,-0.0018323554487914562,0.01110561519289921,-0.018775474029025296,-0.011716740367025524,-0.026796275276853243,-0.027114560588408942,-0.022949567490566702,-0.020011296202490092,-0.01882635463431076,-0.007204822056502469,0.002199796016369604,0.0,-0.04782977918407344,0.011464614191693201,-0.019903626638564875,-0.00809287411635562,0.0020536865105721946,5.551115123125783e-17,0.0,0.002861516953632126,0.001917246883913759,0.010720973592051986,0.0,0.0,0.0,-0.014004756696318788,-0.0009323843344843374,1.8597589311331042e-06,0.0,-0.025846941332776874,0.0,0.0004317219154408858,-0.017848128578843714,0.0,0.009849669656319338,0.005483653574973879,-0.007631037573680999,-0.005439927233892361,0.0,-0.002477286551530289,0.008617740839681365,0.002411383778431919,-0.013545883725770813,0.011314346525768126,0.00197658927163763,-0.0015195058975969178,-0.027433250850871005,0.00222285615059048,-0.008253774672183523,0.0,-0.01027789532462775
0.0,0.0012659803662339875,-0.00943491910841704,0.015558008125876877,0.02671356637036415,-0.012574244749498864,0.011160068483101637,0.034450273573174095,0.0034080022018028733,-0.001070027748755531,-0.012093169225417644,0.003347305496352704,0.00993231907474773,0.023170385892354095,0.0,-0.0007060892368348504,-0.013601407093940199,-0.00028240064689716293,0.0,-0.0014466667778757492,0.0009329856383671897,0.0038016300929596403,-0.02813028509576848,-0.001609854145455114,-0.02446569648972985,-0.015419406562694027,0.0023108510761519208,0.012078179314574167,0.0022335204654376772,0.01302412992759261,0.006544309201188092,0.02638507657135447,-0.01936823789987302,0.013324375997576965,0.003090254844889395,0.00836632907866286,0.03214598560355103,-0.006311435783520669,0.017811682661304618,0.0003549370699761911,0.02507823145715038,0.0014881388489519365,0.0328251901347959,5.551115123125783e-17,-1.6653345369377348e-16,0.0,5.551115123125783e-17,-0.08841240735884554,0.0,0.04830927965433296,0.014599027609112802,0.002437850418060772,0.010395413574024737,0.021450703488966716,0.000714565138746126,0.04336560553295765,0.0009493780289497322,0.015570292119520879,0.057707570115848594,-0.0003515024682176904,0.0,0.0,0.0,0.044613529711815425,-0.0008731360360040852,0.0,-0.0009877135877018883,0.01374977427596491,0.0,0.0,0.002931628437534417,0.0191623586014964,0.006669548596126451,-0.016623492777627147,0.001822665829043224,0.012201296327978062
-0.008520724605030838,0.015841152965826555,-0.03642261499205729,0.0026280425311627775,0.0015387857145215955,-0.004892410413017523,-0.011191119440908726,0.00246254399186957,0.010468376802154511,-0.06220249910494796,-5.688526795305515e-05,0.0020051085462916562,-0.01639027477500221,0.0017289261890645058,0.03489176478619993,-0.0133047586300577,-0.002891445286123673,-0.010137425731052752,-0.0014466667778757492,0.0,-0.008524343653760702,0.007406133310279117,-0.013404804413345128,-0.010443270283660155,-0.0011680103980435952,0.006749370941024957,-0.02312209270126453,-0.002825401541462269,-0.011279513749339387,0.008500383268372214,-0.0050483653689210595,0.0018141021904773957,-0.003638778944238752,0.009547767749276292,0.023996990261141715,0.00902728793130847,0.010790831043039573,-0.005388251896995322,0.032299748502500836,0.03849744162130969,0.02953236577703755,0.02182893575429995,0.03052242018628437,0.000474784383410809,0.00039959364268976616,-0.035378352041472105,0.023897144982088447,0.003071418279498306,0.0,0.0016444941487008258,0.009053790261661088,0.004294321397821044,0.03783172019904851,0.0037843325663307614,0.001221640285326231,-0.0017565415434415144,-0.00029752337677951823,0.009956206137440915,0.0,0.023347805737399363,0.007791551033093369,0.0004916789498538576,-0.008061757408634462,0.000662430980518991,0.021403629422541648,0.017149099481208574,0.021284768531781906,0.020484631239664597,-0.002255250917501561,0.011653373398217204,0.012172296028216734,0.011588632894325213,0.014688579591080664,0.019312807444922753,0.006235803765672343,0.019216297948716987
0.008711074103329552,0.003163121927426016,-0.007923354438349683,0.00014370484793835292,0.004572661528009003,-0.005139968852253873,0.014422668583319975,-0.01506330873327305,0.009629854141936955,-0.01248993210388405,0.00625413567046329,-0.012802871021408091,-0.01275704311378939,-0.02087061073561447,0.008902967030672115,0.01406762753482138,-0.014977377661967106,0.004947104531186353,0.0009329856383671897,-0.008524343653760702,0.0,0.006117601238130321,-0.013331945771287712,-0.005672242354871182,0.00691372709353355,-0.0035116380374428657,-0.008247866954134708,-0.01869528220645289,-0.007699082561367088,-0.01609549512846864,0.0053575318344221134,0.005856510723373565,0.014121902855551205,0.031844699953554934,0.043551641049721534,0.014229302978256753,-0.0007772766492109007,-0.009902634734323235,0.019792982360690103,0.008985703799944289,0.031611382174125346,0.02005504873849917,-0.00022076762756306767,0.0,-0.00026042054766833855,0.010298844592242673,0.03811072007340216,0.0017291789050277728,0.0,-0.00017841602525214828,0.022254235091010766,0.006615231642907782,0.025506127168639703,0.0008731444734306204,-0.0012326335795388998,0.0,-5.7323681545262684e-05,0.012089972432670015,0.0,0.010655899432208127,0.0096327072280879,0.0,0.004008298733271687,0.0,0.020604062932528255,-0.0017941070884459065,0.030531583764891845,0.014656334299229579,-0.0044458426077920166,0.024196986567173562,0.018119650960710054,0.0049583583598489245,0.0019572417542674803,0.018756639941910402,-0.011415255529734991,0.021856029770604413
0.01842776965506382,-0.0016050719458872154,0.007963944123360378,0.0031916673557698116,-0.01249382346912331,-0.0016605867686361742,-0.0157246779870856,-0.010500307424933686,0.012427527801179727,-0.025772888486419787,0.0002903908986484627,0.006025334684681527,-0.030404153134210965,-0.15663848239750122,-0.02195589469518261,-0.01494832791305517,-0.0145269548138105,-0.014354301264560887,0.0038016300929596403,0.007406133310279117,0.006117601238130321,0.0,0.018407529995663308,-0.0008826387794099722,-0.0037348653524452158,-0.0051400598325992974,0.005609121631689418,-0.03164003570640145,-0.027244608025594252,-0.021369203312298468,0.0048547195130636545,0.008962712325889355,-0.00021211658534991962,0.015560220930664281,0.026781358451684334,-0.003137075462834038,0.03293853108864442,-0.0009090663265247656,0.025645613188538308,0.025980858844015742,0.02474812983277319,0.028137446448006864,-0.007463733941473316,0.0,0.0025488161767390216,0.008405696327901946,0.019536853200605553,0.0017787430940240379,0.0,0.00010608310492499218,0.002736535558570674,0.001408131629951792,0.04200044938952108,0.0017193955578829745,0.0033634448096366287,0.0,0.002217137338455799,-0.012818652286345378,0.0,0.025386305092918282,0.0016043402896182557,0.007182868397613507,-0.008512445202735919,-1.1102230246251565e-16,0.03704449946388427,0.013986092494762459,0.015302624343908722,0.020742584751130555,0.0005190157020594222,0.008092180527987047,0.023063988754024545,0.011934063714396148,-0.004507659002113418,0.014094238087265343,-0.0466902267280464,0.014970633369157438
-0.022710541730630918,-0.0010708660621614463,-0.01894210894837367,0.017820154325414173,0.0020708264211783955,-0.004240141951260545,0.030119229489236066,-0.0015752661835992665,-0.011323086355832124,0.026809958550052693,0.00946180913709116,-0.015487578916224376,0.0032599467518191205,0.037580117127792745,0.03671416891313556,-0.006317094803131751,-0.011288746286076512,0.003983836538448082,-0.02813028509576848,-0.013404804413345128,-0.013331945771287712,0.018407529995663308,0.0,-0.028572839231358338,-0.013044159170041647,0.007642667122646496,-0.004126634465096979,0.003311946605442262,0.005542556370494611,-0.0025954802983997327,0.0008945482662704451,0.01204102755250458,0.020212020653259777,0.012032098488764853,0.008504343637695366,0.019741136852843955,0.012816539323620868,-0.022537850887828337,0.015471424606839923,-0.005918075892753838,0.007945882537493731,0.001571333635236205,0.024623400008298657,-0.0027894067597681316,0.06273030252943329,0.03787947798365282,0.018518567133254893,-0.026452725642607644,-5.554991465250847e-05,-0.008104831497268594,0.0026590501911821773,-0.004505054623654359,-0.01270627939506791,0.01002242615217952,0.0027013252229207696,0.05188692487989688,0.03061973727917544,-0.0011758897018903092,-0.0011980437996894078,0.013612133244497893,0.008461624761729902,-0.0003308403686385075,0.013155683539048169,0.037863846077630714,0.008444255109724907,0.004637677961894848,0.020126499741693393,-0.007050356555875048,0.0011511107166939927,0.015467075483953263,0.015512801711019375,-0.0039513981464667225,-0.0007625292379594972,0.009496907681800448,-0.0068427941567038575,0.009289285913204548
-0.017301436076029297,-0.02558164564533766,-0.012152527307394412,-0.0045518820722359465,-0.020453005685730885,-0.01757950967659927,-0.004672552851926137,-0.023689471809286378,-0.0003135563633565597,-0.002943826840004715,0.0048154166142924115,-0.004309941290880415,-0.003623343614111041,0.006905900429871159,-0.021708137667397875,0.0051894087175208825,-0.003983571995760937,-0.0022358463013871788,-0.001609854145455114,-0.010443270283660155,-0.005672242354871182,-0.0008826387794099722,-0.028572839231358338,0.0,1.0693219528123965e-05,-0.01646583967402765,-0.015420819135970043,-0.01821898076689671,-0.013629943652658016,0.004125163691659994,-0.017473584267482356,0.003133936825698125,-0.04055562962132331,-0.015717570048457974,-0.0027491542509093247,-0.03819624944426647,-0.007995471361285422,-0.0131573041306704,0.007204581992731551,-0.023224200347994606,0.0011572544195166956,0.05314125614421433,0.0011433499704729955,-8.017652618186322e-05,-0.014622124266711167,0.050981343186960904,0.01954793087061113,0.00011915634482301263,0.0,0.0,-0.0013145924388326402,0.0005901548957322755,0.0002651719333635061,0.0010407206318855944,0.0009528011971779993,-0.001199174169369266,0.025397134650289477,0.003952914773620475,0.0,-0.001799969115789446,0.03077435546470847,0.021808026276433745,0.0212608717842675,0.0,0.000934047300795271,-0.004298245772800302,0.07666912187198655,-0.0008313418770483638,0.04304998964834683,0.022730275221280405,0.020820068790792456,-0.0012477581547768457,0.0011631395755545837,0.002598681332329267,0.0,-0.003174118878377097
-0.008822079545299899,-0.0013475503001086353,0.016634241215183643,0.0,-0.021384994180422057,-0.018993505131959798,-0.021615917815220598,-0.025941329707343697,0.007749220587196071,-0.016648388098706002,-0.01272169605599166,-0.01995194328051625,-0.021995223253815255,-0.0343742644110111,0.0033938319851623544,0.00323586209883997,-0.001251254384179501,-0.0017065725052649583,-0.02446569648972985,-0.0011680103980435952,0.00691372709353355,-0.0037348653524452158,-0.013044159170041647,1.0693219528123965e-05,0.0,-0.002979702695499409,-0.009315446719765752,-0.013805300147614608,-0.009897349603324224,-0.027989815819072783,-0.013303781010183424,-0.010558498914063075,-0.011248940222853998,-0.012182742498866583,0.0026565795014767968,0.010318966466136115,-7.242581988231578e-05,-0.02102221337784782,0.011625561335188439,-0.02077528544976509,-0.004399125579518159,0.004355502181970894,-0.0009113198355579222,0.0,0.005935868448122217,0.004883415769328325,0.007200444788083127,0.0,0.0,0.0,-0.010303544874691817,-0.02343726273728103,0.008720637913225304,-0.002916003070127071,-0.0022718236901583255,0.0,0.012356220026609077,-0.02257995774272953,0.0,0.006787830249695481,0.002322841102671336,0.004411776919443833,0.0016523033270583465,0.0,0.008048799958089714,0.005150519357362882,0.003980258541372905,0.0008434151787747313,0.007241568547990351,0.007729041618049881,0.005114481257021353,0.006657395449587211,-0.011576483992407127,-0.0034920129256518218,0.0,-0.007281984509969697
-0.0028119205322931773,0.0030221270723390092,0.009757818058805268,0.0026520885405939554,-0.017313250163581817,0.006681150580294615,-0.01626747619559865,-0.01958907106899571,0.024848295566356426,-0.014869671821084118,-0.006141112512024649,-0.015998763547923178,-0.020125031265577964,-0.063430498053194,0.006155251299066411,0.004646950980426556,0.004230118859284482,-0.0018323554487914562,-0.015419406562694027,0.006749370941024957,-0.0035116380374428657,-0.0051400598325992974,0.007642667122646496,-0.01646583967402765,-0.002979702695499409,0.0,0.017514916502678946,-0.01034210518435541,-0.013217897635556641,-0.012127076683955962,-0.004959877223080056,0.008221786027737377,0.012339907306137377,0.003947515315387395,0.027110132892405603,-0.03483480759985408,0.0007341030974348794,-0.01989691821440892,0.010923095859624865,-0.024988156542690376,0.004127966376013481,0.019802516476732035,0.03170702412808929,0.0,-0.012856181641782427,0.025985952447802774,0.0242304965645338,0.0020734644542033664,0.0,0.0006125971379101758,0.006341952949480534,-0.009494207494706197,0.0093170318205264,-0.002718710755976239,0.0004904754436889092,2.3057354946121045e-05,0.005683017601678719,-0.014715443310012843,0.0,0.023684264228683638,0.007028058257117997,0.002711117971758159,0.0013711709331423738,-5.551115123125783e-17,0.041127807689631146,0.016736051274652775,0.02512746324231052,0.016177586731741522,0.006249574040071315,0.009043789871774233,0.024008123370828582,0.01898363276473647,0.012590821200367863,0.020075661877061335,3.475639126954144e-05,-0.0008357062199915721
