0.0,-0.024346220627440684,-0.09599974993367238,0.0,-0.0004401315322982158,-0.04578405830357363,-0.029304363827144186,-0.0025123617559978384,0.013032652825510527,-0.03863872194117052,-0.00048635780194161704,-0.018204815607751,-0.0351846484920913,-0.004765945913122849,-0.010151137248635866,-0.020041969466126908,-0.025959003471694053,-0.024043441640770602,0.0,0.008905241834904876,0.037909563133175395,-0.012183666474534005,-0.023328254243039692,-0.010255785759067715,-0.037609306069456894,-0.008828585816997414,-0.0403221635925054,-0.028240587077334678,-0.0014285995816715746,-0.01990183423837305,-0.022728520676843722,-0.02200995672839423,-0.019884492947480847,-0.020998212445819397,-0.018723896393935124,0.0008592756324603545,0.0,-0.038393336987402826,-0.027345647998361755,-0.03172072653849939,-0.03538540270751117,-0.015130015031252941,0.0,0.0,0.00036972475856217324,0.03355189842463829,-0.024776978049655285,0.0,0.0,0.0,-0.03160371349911034,0.0,-0.010480484808790824,0.0,-0.020481162608956938,0.0,-0.02930339987854308,-0.03443426675487993,0.0,-0.026321148325929355,-0.027640535269938815,0.009172825511891414,-0.023123240181135485,0.0,0.004278453521926684,0.018788106717809783,-0.026104129231933337,-0.03259568454125311,0.05941069988471159,-0.017580427299743573,-0.022871585777500814,-0.00321459595545992,-0.0003781987022428712,0.007369557824863704,0.0,-0.02625470536178548
-0.024346220627440684,0.0,-0.029842891600022292,0.0,-0.0235063724155799,-0.020376271518120992,-0.030195847671911247,-0.03858881283073329,-0.011346245008979794,-0.0034797651720505085,0.0006258925968538054,0.004271553414269602,-0.029202573548123778,0.0,-0.02618149429995087,-0.02019264413750238,-0.03160248960049222,-0.025021789448786635,0.001282724775182209,-0.018186474288206467,-0.030142035676517964,-0.022806220942109323,-0.04285988820364384,-0.026174253398624725,-0.0257710359906419,-0.016723138894783107,-0.030734677455936665,-0.015110640069020742,-0.02656143137058059,0.004115881910177699,-0.029728832494702817,-0.032480273014477645,-0.03334524260586452,-0.029417513514077454,-0.0315357177308464,-0.11660730682526321,0.00043300055919870406,-0.0006425735533000521,-0.02123041861134317,-0.021261413365489812,-0.03399236050894555,-0.024768184476770705,-0.004201108146103305,0.0,5.370411952460019e-05,-0.010694213190131252,-0.03140622145579919,-0.0005962629299968714,0.0,-5.551115123125783e-17,-0.03886207238591999,-0.041454443948303776,-0.036777067538025066,-0.04165162676668638,0.004300428944460699,0.0,0.0035745163390583645,-0.044815482501610215,0.0,-0.028272768552016936,-0.022352826713533835,0.005649213274535658,-0.030566720042664086,0.0,-0.014783498616548485,-0.02806576030461927,-0.021187266339010746,-0.03149120353902024,0.009092411724557936,-0.020973191366565946,-0.018776404967355498,-0.035159240430298555,-0.02887911120795994,-0.027080073358586698,-0.002436557147716345,-0.02428308179192895
-0.09599974993367238,-0.029842891600022292,0.0,-0.05466265272202592,-0.02240352583776556,-0.031012702206963616,-0.04549254962619409,-0.0292779735114167,-0.004365998760192502,-0.022864664621561948,-0.0751402525488131,-0.0196675279776774,-0.04603153453748904,-0.027365021644755405,-0.0003589277665360102,0.003748286617270502,0.00186320726593997,0.00212280596602088,-0.039735089398937745,0.008269551864777847,-0.04010079203075928,-0.026500145498085714,-0.025774415729630795,0.0007770666709880913,-0.07031281886836022,-0.04181823439141075,-0.03707902615746289,-0.037872542230262374,-0.05253893873919191,-0.038091566213692474,-0.032828511862407206,-0.0363472527722003,0.0018696886399328094,-0.021551058389881306,-0.02108531186129403,-0.026896500255979006,-0.02831814593024623,0.0030131961467407264,-0.04320788491315508,9.554006416095939e-05,-0.03276898057923444,0.0008643101938036191,-0.022603765115438768,0.0009588592283582553,0.0002900977918481318,0.0,6.498849885311353e-05,-0.08729996256296646,-0.0002329574534048473,-0.026858818962337105,-0.041992128947005325,-0.03474003740359666,-0.03434527883438715,0.0012868080185446384,0.0023393869991216176,-0.03769987534820557,-0.0008409086353866613,-0.03667455024944816,-0.05204379770676232,0.00237565266705575,0.0004085094894411556,0.0,0.0,-0.10896633214887663,-0.026359118993775965,0.0013110597780008337,-0.0023376100630803642,-0.05150992424036638,0.0,0.0,-0.026191411815390142,-0.08608344047125627,-0.042984107672725036,-0.06384631615804337,0.0022818201292014173,-0.02267535572668289
0.0,0.0,-0.05466265272202592,0.0,-0.04604848605956269,-0.05118235906287405,-0.029507890858839092,-0.05529131340299026,-0.05074955345602744,0.009455391488748854,-0.031709611100083024,0.0060680811616818375,-0.055831419307815155,-0.05338655191028585,0.001542772264024772,0.0,-9.795293729103483e-05,0.0,-0.048347857349956336,0.0026408985358347126,0.00014191667403928854,0.003190494298200952,-0.05395038067668906,-0.004557355794950979,0.0,0.0026688572459581117,-0.06003729014283249,-0.019669564780594118,-0.0001391156786414438,0.00016518592719283465,-0.04323823195365306,-0.02452157411574235,-0.0023186291363179734,0.0018902595667504851,-0.04172659357626912,-0.03960707687427753,-0.03005172770555234,0.015346286305256085,0.00019792899406995135,0.0,-0.0006427935248463634,0.0,0.00042216051245819175,0.0,0.0,0.0,0.0,4.604859028295438e-05,0.0,0.0,-0.0006306501894355332,0.0,0.0,0.030962642873436586,0.0,-0.00011036580213169556,0.0,8.115614951120786e-05,0.0,0.0,0.0,0.0,0.0,0.0,0.0,0.0,0.0,-0.05679704603565716,0.0,0.0,0.0,0.0007566051747152636,0.019960086122210674,0.0007009481488510216,0.0,0.0
-0.0004401315322982158,-0.0235063724155799,-0.02240352583776556,-0.04604848605956269,0.0,-0.03921371403781093,-0.03766316825753929,-0.03436509350637512,-0.024251774281413563,-0.027577937696513732,-0.026021861927039314,-0.017689141181715773,-0.03269113035493382,-0.023846109814449623,-0.03892480969733231,0.005104900155743608,-0.027319624033100065,0.004594337818782102,-0.016629089673411535,0.009716126310121587,-0.022136703844626904,-0.03860425344495011,-0.0492743469675081,-0.003745110295134635,-0.008852817922769873,-0.02348674661666078,-0.045230483939454946,-0.035767181691881034,-0.03919820066563717,0.007595004737226352,-0.025836545873139438,-0.03212087393690677,-0.009923521409581082,-0.019478280423936567,-0.00938418840938704,-0.017620242768739025,-0.022764302781197343,-0.02455011391025025,-0.056938960841963315,-0.0025847559480398075,-0.049965524336015976,-0.0026859707183694015,-0.03475161036924462,-0.000113348832612159,-0.0009150343199066935,0.0,-3.3646926600960914e-05,-0.026665125474950147,0.0,-0.060954952827885656,-0.04839908852536784,-0.06055359925490994,-0.038278800454396356,-0.034572943866642225,0.001571143036516398,-0.0055783137782209335,-0.0027626172133423665,-0.048578107905212886,-0.015086772875672672,0.00031617868311778485,0.00039657074491988853,0.0,0.0,-0.037622410636215464,-0.03276296432935588,0.0,-0.02759934887750648,-0.0419506052624678,0.0,0.00014853209195331285,0.0024206278673463144,-0.047372856703924826,-0.042175627347513345,-0.053966028764741325,0.0016561014981487654,-0.051404643113170945
-0.04578405830357363,-0.020376271518120992,-0.031012702206963616,-0.05118235906287405,-0.03921371403781093,0.0,-0.04807279277472171,-0.04644910472552499,-0.03419622368021752,-0.020050006246767282,-0.035314911900814816,-0.018147798473460486,-0.046291449099243875,-0.0558707360541596,-0.05537005157167857,-0.04034684318831688,-0.04040664098537755,-0.05046341933202608,-0.022760147021597843,-0.031891200652475415,-0.06319154685196432,-0.03096362531157465,-0.056373562422154355,-0.016846466672023108,-0.03356743018826802,-0.02969665927057874,-0.05177887182196478,-0.031161436544721033,-0.033692415046496504,-0.0329629830237273,-0.040849354683335726,-0.03545134244862369,-0.02000868547952117,-0.027908854691286955,-0.03290901585805056,-0.029952910423920176,-0.025331649271410128,-0.018418038462457986,-0.03886119960597728,-0.02481278699706735,-0.051095865919225825,-0.07100594228380669,-0.037357456095319874,0.006492632108765939,-0.0011756896027553254,0.0013578263834980175,-0.027471433108829824,-0.027264612659375187,0.0,-0.04382271869965393,-0.04530694229383747,-0.04492821920169521,-0.03809324429824629,-0.03597621095376269,-0.03947484869107004,-0.020325227883144503,-0.002409872107775768,-0.035702687859318794,-0.04162265225953515,-0.03415919464721795,-0.025740334828719624,5.551115123125783e-17,-0.0015535950732117332,-0.026109550081305888,-0.027619266787477004,-0.04556180518130776,-0.030522861834638038,-0.04667899401529535,0.0,-0.02908189954468887,-0.02018771952634829,-0.03923025292998006,-0.0292279134897368,-0.04101917275580774,-0.030928345967595805,-0.04375766807714515
-0.029304363827144186,-0.030195847671911247,-0.04549254962619409,-0.029507890858839092,-0.03766316825753929,-0.04807279277472171,0.0,-0.045208961778556656,-0.038299673949061364,-0.02567108711566274,-0.040807895070421374,-0.007238088346468996,-0.029156764039366234,-0.03611737413987898,-0.05788200243139463,-0.04574689758911604,-0.028503694288658787,-0.03550736231663598,-0.04557093565211445,-0.04439095280010141,-0.058033618370479934,-0.03786278207027943,-0.05930645379367788,-0.0047521846904865495,-0.035191260240624744,-0.02781800185401101,-0.05584659162229272,-0.03888290268663097,-0.04691229533112251,-0.024017624214615285,-0.04090139614758381,-0.027454157560271253,-0.01089252016718334,-0.018107726855312645,-0.02458519199626641,-0.037915274450696757,-0.014708042888248507,-0.021572017555737233,-0.023279540864231396,0.0009446731116407592,-0.030500474430335767,-0.0324685823930701,-0.05445162657193975,-0.0018300858273008758,-0.0005388823259126485,2.1340799451152748e-05,-0.01767081446765928,-0.035776631777069356,0.0,-0.05066441516062142,-0.04382761719224837,-0.04944825411060266,-0.04784538079467332,-0.03922041574661761,0.0034528194210080576,-0.016649361909167604,0.0015603972775867225,-0.03874641199520518,-0.04510838288057495,-0.05234700945580134,-0.04303303462368635,1.1102230246251565e-16,0.0002055467395513655,-0.03471518921693306,-0.03142712846316059,0.0014999123667773229,-0.025869441262033888,-0.050079031583879274,-0.002091572447251333,-0.040582855788880545,-0.024661114398553285,-0.043809133776679776,-0.030763239217979743,-0.03609408500941691,-0.035905360113355655,-0.031989934709376056
-0.0025123617559978384,-0.03858881283073329,-0.0292779735114167,-0.05529131340299026,-0.03436509350637512,-0.04644910472552499,-0.045208961778556656,0.0,-0.038883205277340294,-0.030428280365482174,0.0008968647158600906,0.007570934329478973,-0.04601493797461209,-0.04159551546415036,-0.06605653513179688,-0.036210490031520604,-0.023207622582776477,-0.01418422004644343,-0.0094147695861177,-0.033299063811371876,-0.012717917911660548,-0.040155115631089255,-0.03326178667502505,-0.006138254168517099,-0.025599611889662532,-0.02105871720819008,-0.07042334333015526,-0.03244692343054445,-0.0430691023202861,-0.038899510992483455,-0.0434623543693437,-0.03211090429197655,-0.008817848617495017,-0.029150875659368358,-0.036291632260254836,-0.030553663226904892,-0.02552087729541136,-0.053439334126054006,-0.021077749734134288,-0.0005478851604401314,-0.036766370990380715,0.027705335984281376,-0.025203074287792282,1.0529098029288253e-05,-0.00020790750064586527,0.0007628540376068416,0.0006711509363005463,-0.03446094525554566,0.0,-0.060719626745560806,-0.05548902999741734,-0.05729236345748667,-0.030749775259600376,-0.04053763670776089,-0.00037463782441410354,-0.021542319610747818,-1.1102230246251565e-16,-0.04119704643983585,-0.010194592997354202,-0.019582023889881506,0.006491020840407813,0.0,-8.497022805697974e-06,-0.03246082723242166,-0.005367363394894353,-0.0013745848429334573,-0.013667056812563083,-0.04646681774849998,-0.00028638267957326047,0.009014295000859485,-0.010838112195578065,-0.04955570602614073,-0.02289620226960548,-0.023685446521627795,0.005226294200694537,-0.010369988826617715
0.013032652825510527,-0.011346245008979794,-0.004365998760192502,-0.05074955345602744,-0.024251774281413563,-0.03419622368021752,-0.038299673949061364,-0.038883205277340294,0.0,-0.023421485574205314,-0.022825205185750208,-0.012216769597795052,-0.0510509670064081,-0.041451024691431804,0.0014170370701073742,-0.02272436445612469,-0.032946198197918386,-0.02258273387764803,-0.009309805835470975,-0.02813090648930633,-0.02544134416788335,-0.021449084692727827,-0.047801035125652314,-0.013481898527583414,-0.012569462972636225,-0.03166375937844296,-0.0360298156927642,-0.0325142619496549,-0.02622156442612078,-0.02987594650170461,-0.029434603747182042,-0.04468098072658555,-0.03181923232461592,-0.02210789760109455,-0.019566386551598147,-0.03891810353243569,-0.030173448137752246,-0.02617592529137147,-0.029968283344635582,-0.0014388187345538705,-0.03757298186580532,-0.04712875454722282,-0.03300002799823687,-0.08323180553379694,0.0007617866687389951,0.0,0.0024944061149784202,-0.0028272926761311323,-0.06926124819260182,-0.040223575637002906,-0.042983701758408155,-0.04319260331506508,-0.036796645468150424,-0.026673690312075893,-0.024918833494251447,-0.0009992615677800742,-0.002098922731668451,-0.03839089378529442,-0.03768752676833936,0.0033795639270323696,0.000696249732285048,5.551115123125783e-17,0.0,-0.028774752719687213,0.007731969710326192,-0.001290809250445002,-0.0038738463169356585,-0.03675117611920786,0.0009535467813754916,0.00016829854869981897,-0.02002880502951826,-0.03620370102641346,-0.031662496384163685,-0.06094601211917616,-0.04414263989634004,-0.039891994352088955
-0.03863872194117052,-0.0034797651720505085,-0.022864664621561948,0.009455391488748854,-0.027577937696513732,-0.020050006246767282,-0.02567108711566274,-0.030428280365482174,-0.023421485574205314,0.0,-0.02832841613121967,-0.024483952462913627,-0.024075339944260477,-0.06905141037850188,0.0010871587797397497,-0.015777989767339407,-0.021820071843341893,-0.0016349929714281064,-0.029951328069384164,0.0430524553975376,0.01659222283044015,-0.02322803789172384,-0.03000528522514556,-0.011707827399057347,-0.046479316074062416,-0.024446451020889326,-0.0298243100418345,-0.023542828934663418,0.0004681935640444279,0.014899885010868197,-0.03320437530955883,-0.008214836900179712,-0.02121060190591123,-0.018928728087520053,-0.030517288402161613,-0.012960713021489934,0.002807601809950655,-0.021157092205358496,0.03593804976891746,-0.040169071946533574,-0.01555866225530611,-0.024741582512266935,-0.012867839315526042,-0.0004142370291678188,-0.02936219437283466,-0.00969217568062053,0.002029978368158769,0.0008739895149973975,-1.1102230246251565e-16,1.6653345369377348e-16,-0.041295818010766816,-0.036302969817080255,0.0009712899366413064,-0.014634528268000768,-0.04902585178272645,0.0021633462408854887,-0.048844708032036444,-0.026698656035608448,0.0,-0.002156128008035496,-0.027854081062644864,-0.040362821203446975,-0.024965392725481317,-0.000426410845054237,0.017836119516412063,0.0004155005831408265,-0.028384435021784837,-0.03931577605621073,-0.033911492689431944,-0.03168026504230598,-0.032925991438221336,-0.026875359892611972,-0.021280840676165147,-0.022560722318112736,-1.1102230246251565e-16,-0.037620980030872886
-0.00048635780194161704,0.0006258925968538054,-0.0751402525488131,-0.031709611100083024,-0.026021861927039314,-0.035314911900814816,-0.040807895070421374,0.0008968647158600906,-0.022825205185750208,-0.02832841613121967,0.0,-0.01851556399075227,-0.03880228134245872,-0.029514323058879688,0.0,1.250942723496351e-05,-0.03173896759636574,0.005678188912076332,-0.03187864990356157,-5.749168602914301e-05,0.006266787229073534,0.0002997118687189104,-0.022612378527788857,0.006115789309328767,0.007214531518920708,0.011247009742364922,-0.06539477728366799,-0.034521695401113994,0.003505605265516687,0.012320636202216573,-0.023688532631176373,-0.04321437405045031,-0.008353768901776248,-0.020867562183460475,-0.0234189626485255,-0.017090310417372856,-0.013951860258416326,-0.02141093405643696,-0.035906510442869355,-0.0006659285093556511,-0.049718702629933276,0.0013468260635121632,-0.009095338227332495,-0.0003255077216525182,-9.269353510915623e-05,0.0,5.551115123125783e-17,-0.13603107324269242,0.00010089872135837785,0.004969806987611569,-0.03591724458612444,-0.025903497151742227,-0.006755624675204075,0.01631763326753244,0.0009398417915095769,0.1405037757495584,0.0021802665201087756,-0.027460132974679974,0.0031737340259796465,0.0012297930716009264,0.0,0.0,0.0,-0.030270921924702987,-2.7250929421407388e-05,0.0,-0.0016773412075766214,-0.014384838141829781,0.0,0.0,-3.821159480532632e-05,-0.035172965404999756,-0.02309180268614608,0.004845705042680504,0.0007700526894091064,0.013222739980180753
-0.018204815607751,0.004271553414269602,-0.0196675279776774,0.0060680811616818375,-0.017689141181715773,-0.018147798473460486,-0.007238088346468996,0.007570934329478973,-0.012216769597795052,-0.024483952462913627,-0.01851556399075227,0.0,-0.007671032230960828,-0.028132043932838136,-0.02906424880250269,-0.015016239381814067,-0.03176735165012495,-0.02341712573178467,-0.029712973642574247,0.002008078529815216,0.0076140440163107725,0.008425926897520086,-0.018028144469793117,-0.016027115059875252,-0.0389240759370002,-0.039263938195078896,-0.020183404384216952,-0.015153500042963897,-0.0018058226612361894,-0.015510422718938988,-0.016800504319768705,0.005495421087177599,-0.017235613052999976,-0.008861746392570813,-0.0166782664506831,0.03138812788110873,0.020357088820850466,-0.003371705524161883,-0.016655818283588975,-0.03962186077346813,-0.0016333486158837118,-0.002492750159156343,0.003083577371388202,0.0008904397408835696,-0.013795855463965112,0.004759983645839239,-0.045160061447930056,0.0006164397418281786,0.0,-0.0004295666282901345,-0.004617025674370001,-0.048050975182152234,0.0,0.0016038894807152149,-0.047799410367870776,0.0003361384328696704,-0.04285261324130679,-0.026615805026933004,0.0,0.000654108140805798,-0.03113998656789302,-0.039711048847679786,-0.02326421716506205,0.0,0.04839574097273114,0.00014532438729020214,0.003557404814947651,0.015975035134712934,-0.031757569780238526,-0.025915640130947548,-0.028801164053152584,0.017375875038519617,-0.03962387694401698,0.0021915768200949093,0.0,-0.03950641893121437
-0.0351846484920913,-0.029202573548123778,-0.04603153453748904,-0.055831419307815155,-0.03269113035493382,-0.046291449099243875,-0.029156764039366234,-0.04601493797461209,-0.0510509670064081,-0.024075339944260477,-0.03880228134245872,-0.007671032230960828,0.0,-0.014069096516790447,-0.05212996206531806,-0.04686105454802442,-0.019903454728994796,-0.035573679455464136,-0.04433278695009629,-0.04500583039659356,-0.05944080464848611,-0.038911645189054656,-0.05628337090562918,-0.012269129590894434,-0.033786006535700575,-0.028196384991759083,-0.05583594350634968,-0.030669456297290287,-0.03660325905635792,-0.02690071564455071,-0.03889734593358468,-0.024542285364087035,0.005246196550395432,-0.014141285834602446,-0.021374887408740495,-0.024927219051394334,-0.016787152022127938,-0.010182055712538218,-0.01845097454937955,0.011080669494927475,-0.030060160618329668,-0.031955273505504256,-0.04570682580284935,0.006113022769921872,0.000125681824843904,-0.0005245238102362104,-0.0228441434738339,-0.033465695707763365,0.0,-0.05735782122692756,-0.04224287955605571,-0.04549743944114032,-0.05172384407837349,-0.04208889311537922,-0.045883695245556966,-0.024800052521630755,0.002634467363210713,-0.04195473124712623,-0.031666088796766134,-0.03992194538073146,-0.046851695349272915,0.0021463757701062347,0.004099041090301292,-0.03477176183946695,-0.02892696365459907,-0.04756734999944584,-0.028541176680723035,-0.04727883033139557,-0.0013851344511620067,-0.025124528332482132,-0.019901576307626234,-0.041074948042669035,-0.028635535404255674,-0.03566087394628914,-0.02674696794581921,-0.038658852806286004
-0.004765945913122849,0.0,-0.027365021644755405,-0.05338655191028585,-0.023846109814449623,-0.0558707360541596,-0.03611737413987898,-0.04159551546415036,-0.041451024691431804,-0.06905141037850188,-0.029514323058879688,-0.028132043932838136,-0.014069096516790447,0.0,9.421892883776373e-06,0.0,0.0,0.0,-0.021295244626064413,0.0017339061510176501,-0.024947764309404208,0.003423764039361954,-0.027216644119752553,0.00696023848021754,-9.849730057415185e-05,-0.031841551182068994,-0.06401804949220519,-0.04215001782714339,0.006720689425000814,-0.00048578369738688787,-0.004961362983695428,-0.0185916442375188,-0.0008712680597834921,-0.0020726203835581547,0.0020562844924403856,-0.008926831985334088,-0.00684138387332589,0.003603147521809902,-0.004076754406685923,0.0,-0.0021962644940951015,0.0,-0.0006160601332867999,0.0,0.0,0.0,0.0,-0.0013481018656353871,0.0,-0.0029422409129902793,-0.04527122744613893,-0.0385177107722513,0.006383594602915543,-0.0098848117980187,0.0,0.0036263968865742346,-0.0004541229162363103,-0.029516371245423723,-0.004087305673313668,-5.551115123125783e-17,0.0,0.0,0.0,-0.026414646129792663,-2.3446493747858455e-05,0.0,0.0,-0.029395765321521106,0.0003671036832640917,0.0,0.0,-0.012875970054566921,0.0014734141542936952,0.0012441712050685338,0.0,-5.551115123125783e-17
-0.010151137248635866,-0.02618149429995087,-0.0003589277665360102,0.001542772264024772,-0.03892480969733231,-0.05537005157167857,-0.05788200243139463,-0.06605653513179688,0.0014170370701073742,0.0010871587797397497,0.0,-0.02906424880250269,-0.05212996206531806,9.421892883776373e-06,0.0,-0.027220599861981554,0.004355616598267831,-0.01994019374560424,0.0,0.01754999343676583,-0.02868599041705644,0.005863440155241206,-0.04847976578317453,0.00420889147393777,-0.024848016851910182,-0.031577557977856385,-0.03335309990171814,-0.03867783811875097,-0.04038722183058735,-0.030720848467666484,-0.042072626840032934,-0.04538140559444487,-0.04464388679262549,-0.04190025537902431,-0.04352027194532121,0.01016680222214461,-0.01978233937680285,0.0007694406236477547,-0.028599829394529708,-0.03003957821374542,-0.03838281245601888,-0.03707130033456635,0.02169577719383986,0.0006135978488628346,-0.0027783428954884504,-0.015546982288957123,-0.03573904911625558,0.0016021272066058523,0.0,0.0,-0.0224739214225389,-0.02632313821130977,-0.056218696111365596,0.0017591943912370067,-0.0002431612225510249,0.0,-0.00024696074537361445,-0.02419677184750746,0.0,-0.023758937338899888,-0.027619253449625125,-0.0002058019623283336,-0.050854186836463644,0.0,-0.0185097413654165,-0.0370994589706235,-0.0172951899195542,-0.02829497577569623,-0.002086241139163225,-0.038738415558909944,-0.024271543887459446,-0.02918835046839724,-0.01615306272316719,-0.014929992220057475,-0.01360144944856373,-0.021606659972471576
-0.020041969466126908,-0.02019264413750238,0.003748286617270502,0.0,0.005104900155743608,-0.04034684318831688,-0.04574689758911604,-0.036210490031520604,-0.02272436445612469,-0.015777989767339407,1.250942723496351e-05,-0.015016239381814067,-0.04686105454802442,0.0,-0.027220599861981554,0.0,-0.038487428062442375,-0.034981529346366336,-0.0007042355530698652,-0.04201591074440042,-0.018268860557265454,-0.015813376645286203,-0.045674557127470705,-0.025033889828785627,-0.028219600484507945,-0.012740510218758772,-0.04027483273961591,-0.0365957516592984,-0.04438455684249831,-0.035443060579208596,-0.02063753979345645,-0.01994502640327378,-0.0011427347107134112,-0.03287749455721056,-0.02626027888636656,0.005879359332154388,-0.0006459140626928761,-0.003146526491014656,-0.014344163905014418,-0.013426823505714891,-0.016336114384691458,-0.01078354278232535,0.0013023431640613037,0.0,0.0,-0.001412655490052983,-0.018391430223960836,0.0,0.0,0.0,-0.0330373384246182,0.00043213695876570535,-0.034164256290884265,0.0,-0.03091730754976285,0.0,-0.06344207578918293,-0.025273022820408553,0.0,-0.019476607015477265,-0.01391107822499138,-0.006110838904877791,-0.01711963015394513,0.0,-0.014931297548241684,-0.017194972471899495,-0.013108818776274178,-0.027431182903158435,0.018353257001844647,-0.010555596351027874,-0.007411642177679867,-0.02254752188400605,-0.020482017700143074,-0.006611965365023842,-0.00012491001502690224,-0.009186331482151033
-0.025959003471694053,-0.03160248960049222,0.00186320726593997,-9.795293729103483e-05,-0.027319624033100065,-0.04040664098537755,-0.028503694288658787,-0.023207622582776477,-0.032946198197918386,-0.021820071843341893,-0.03173896759636574,-0.03176735165012495,-0.019903454728994796,0.0,0.004355616598267831,-0.038487428062442375,0.0,-0.03813696511835696,0.001878771612691621,-0.0015551221897179834,-0.0048149484183382385,-0.015814606962629096,-0.031148143868707123,-0.020055024449257497,-0.04618785010074439,-0.020349095164619746,-0.001850795029548269,-0.01755280270460763,-0.02215737211220592,0.003207796944917185,-0.007241454543107151,-0.006739970164371001,-0.009506051116034808,-0.017007561135768123,-0.030885693344234078,-0.02045939636987998,0.0006512463747527231,-0.0011021484554609162,-0.017034519346060484,-0.03960121295028679,-0.02512320519037914,0.00110668980362838,0.0,0.0,-0.07204002908229074,-0.03605201214224324,-0.03262671965826769,0.0,0.0,1.6653345369377348e-16,0.0006437926243577641,-0.00014910246341426348,0.0,0.0,-0.04258310637137225,0.0002646168479181199,-0.054322719843232836,-0.021752048707785132,0.0,0.0,-0.020199965375798656,-0.030605958730374194,-0.017812832420494973,0.0,-0.0001332385079895193,-5.551115123125783e-17,-0.04862849683088322,0.0024613857761868196,-0.04146547344641621,-0.017485440861602197,-0.021052220177806114,0.0,-0.02279028407737954,0.0011022279263420143,0.0,-0.027895559689503635
-0.024043441640770602,-0.025021789448786635,0.00212280596602088,0.0,0.004594337818782102,-0.05046341933202608,-0.03550736231663598,-0.01418422004644343,-0.02258273387764803,-0.0016349929714281064,0.005678188912076332,-0.02341712573178467,-0.035573679455464136,0.0,-0.01994019374560424,-0.034981529346366336,-0.03813696511835696,0.0,-0.000274268111605247,-0.0179160795120179,-0.014086548029295598,-0.014356464848443606,-0.0297082276544966,-0.014876554485809268,-0.03374894331929362,-0.015323579839996049,-0.03290575787477812,-0.021423793826190418,-0.029999474972083717,-0.015343314557332177,-0.004905667513619649,-0.009220473629113324,0.00361414790918152,-0.01277913512711043,-0.01787903215307196,0.0021837876980826953,0.0,0.017763134116127066,-0.005946236650882619,-0.010457530020648864,-0.010592889676383999,-0.013873748170807498,5.551115123125783e-17,0.0,-0.04326184563905894,-0.004658987849099572,-0.017084521287584586,0.0,0.0,0.0,-0.04365859655405496,-0.0009343996322425663,-0.029899302798408467,0.0,-0.043311575245603695,0.0,-0.04488253029699102,-0.02223672596601728,0.0,-0.04182171988077682,-0.01841653472542254,-0.03590649422320197,-0.013853958124029231,0.0,-0.01260648914341278,0.00862496669356616,-0.01800124519568924,-0.04370557260618868,-0.027488545228707084,-0.012382092383807053,-0.016142059944431852,0.00993427329837937,-0.02487076847026365,-0.03276105865836226,0.0,-0.010836673656782814
0.0,0.001282724775182209,-0.039735089398937745,-0.048347857349956336,-0.016629089673411535,-0.022760147021597843,-0.04557093565211445,-0.0094147695861177,-0.009309805835470975,-0.029951328069384164,-0.03187864990356157,-0.029712973642574247,-0.04433278695009629,-0.021295244626064413,0.0,-0.0007042355530698652,0.001878771612691621,-0.000274268111605247,0.0,-0.0014462333558104001,0.034271611301322225,0.0038237855408467247,-0.02259446644640206,0.0002709764622600419,0.004382728753058285,-0.03977810747962773,-0.053880029472164415,-0.03684380538717691,0.002260562816968459,-0.015517910418892611,-0.028711570695170052,-0.04022017478702822,-0.008648865997956112,-0.020639811480853087,-0.018792612685550047,-0.031836087549789505,-0.03624636329903275,-0.030476363529727435,-0.04627956463829852,0.0003630257093903966,-0.028957209085721747,0.0014921090500324974,-0.0288806357471868,5.551115123125783e-17,-1.6653345369377348e-16,0.0,5.551115123125783e-17,-0.013055668488320737,0.0,-0.05033855025803119,-0.04597509575417413,-0.046828517210485254,-0.03480851659713741,-0.029776940346725955,0.0007110765809008601,-0.02165545227696397,0.0009594987512125952,-0.04707977689144632,-0.03452639402148128,-0.0003418558645450487,0.0,0.0,0.0,-0.014999145621898857,-0.0008621917065760321,0.0,-0.0009982608029631135,-0.036229992153429924,0.0,0.0,0.002945305950221744,-0.045752335190493376,-0.04432968437166962,0.008967234780990985,0.0018255025438614902,0.012255739061617366
0.008905241834904876,-0.018186474288206467,0.008269551864777847,0.0026408985358347126,0.009716126310121587,-0.031891200652475415,-0.04439095280010141,-0.033299063811371876,-0.02813090648930633,0.0430524553975376,-5.749168602914301e-05,0.002008078529815216,-0.04500583039659356,0.0017339061510176501,0.01754999343676583,-0.04201591074440042,-0.0015551221897179834,-0.0179160795120179,-0.0014462333558104001,0.0,-0.02455894433484651,-0.026536704408434197,-0.005769171109286542,0.00696828285864548,-0.01817056761554159,-0.012665473203263222,-0.020143514188860456,-0.03284973007967834,-0.02149478392962012,-0.01361273597674334,-0.02385037343319213,-0.03253768790696038,-0.023567874824556967,-0.02001916062304049,-0.02466563245757153,-0.02144995128838678,-0.017088418084307833,-0.005425054031421073,-0.008318876170755662,-0.0007481965957638059,-0.019405566062344004,-0.019125850017245927,0.012798696011714572,0.0004783762997059293,0.00040725527010271323,0.007252950309977968,-0.0031129686728313954,0.0030354571319077817,0.0,0.0016607890483336663,-0.02441676026868439,-0.03380197603066887,-0.04229080588478901,-0.03408507793465565,0.0012299508792654734,-0.0017533329908647755,-0.00029715020492299127,-0.021780594993900615,0.0,-0.022492215041173047,-0.003276637759753953,0.0004955789948425937,-0.021251530898498516,0.0006741370723523654,-0.01407216743462053,-0.009988914949722039,-0.01563844746891313,-0.01713250764036317,-0.0022548746768322747,-0.01956633574835398,-0.012632017626219294,-0.013652706310526841,-0.0038526639036906007,-0.01308456016327697,-0.009077619905691059,-0.010733654539605564
0.037909563133175395,-0.030142035676517964,-0.04010079203075928,0.00014191667403928854,-0.022136703844626904,-0.06319154685196432,-0.058033618370479934,-0.012717917911660548,-0.02544134416788335,0.01659222283044015,0.006266787229073534,0.0076140440163107725,-0.05944080464848611,-0.024947764309404208,-0.02868599041705644,-0.018268860557265454,-0.0048149484183382385,-0.014086548029295598,0.034271611301322225,-0.02455894433484651,0.0,-0.02568713783234161,-0.04453937202157415,0.011631516172586287,-0.042469572982397175,-0.01512476376098626,-0.06332992686658356,-0.030745769755016195,-0.03608216328002989,-0.021653162686833705,-0.033105924482893845,-0.04011630712688441,-0.02020622250310683,-0.03103945250243273,-0.029778320611034192,-0.014234360492837217,-0.02122386617812244,0.005546238001116588,-0.03157192959593008,-0.05777874023203161,-0.053456971160991185,-0.0466843882045187,-0.00023006466486147348,0.0,-0.00025905290710676043,-0.020603874360571595,-0.048594439871082695,0.0017352837217937678,0.0,-0.00018031800632162254,-0.03175938451720134,-0.03460211442780675,-0.017834541319321773,0.0008710032484586239,-0.001233288625732909,0.0,-6.187105869687182e-05,-0.019862563680371315,0.0,-0.04698212238740507,-0.035793687763767235,0.0,0.0040135048029530385,0.0,-0.028766873166620854,-0.027779105030644735,-0.034997479090726646,-0.03562244785404367,-0.004490208573745158,-0.02519839924044409,-0.032113055098887344,-0.04191814879608585,-0.004768308856865688,-0.02477527275450353,-0.008749974452624432,-0.035616996776298315
-0.012183666474534005,-0.022806220942109323,-0.026500145498085714,0.003190494298200952,-0.03860425344495011,-0.03096362531157465,-0.03786278207027943,-0.040155115631089255,-0.021449084692727827,-0.02322803789172384,0.0002997118687189104,0.008425926897520086,-0.038911645189054656,0.003423764039361954,0.005863440155241206,-0.015813376645286203,-0.015814606962629096,-0.014356464848443606,0.0038237855408467247,-0.026536704408434197,-0.02568713783234161,0.0,-0.035044286128301294,-0.005387777979850739,-0.027005233498201386,-0.02264453691090651,-0.03415389968163163,-0.0344719505204944,-0.03771885166922018,-0.03845092015378232,-0.026570029661122596,-0.03496763115727325,-0.025620521155503506,-0.026481025514306145,-0.027142522105229105,-0.01258991193470077,0.005616690174578776,-0.06981602053710273,-0.01697904059875599,-0.021496979706674413,-0.027380531383018047,-0.026337069115063394,0.03233888661462203,0.0,0.0025622093847020855,-0.005976779814608257,-0.031213822570861693,0.0018009804868834856,0.0,0.00010806457714201967,-0.039202395342482765,-0.03735315349457752,-0.023491820764322824,0.0017501681088615828,0.0033629421541858107,0.0,0.0022279720320652063,-0.024720251005493632,0.0,-0.024902915072874343,-0.02039295700058935,-0.023333772645812545,-0.038643385801002905,-1.1102230246251565e-16,-0.0200319155349436,-0.022532472252542568,-0.01876742223603839,-0.03129598572601888,-0.0025071084896018947,-0.03480563684704502,-0.017548211735439856,-0.03084458676551749,-0.012881175118475252,-0.009209072788137429,0.007143645007296806,-0.01903665824351397
-0.023328254243039692,-0.04285988820364384,-0.025774415729630795,-0.05395038067668906,-0.0492743469675081,-0.056373562422154355,-0.05930645379367788,-0.03326178667502505,-0.047801035125652314,-0.03000528522514556,-0.022612378527788857,-0.018028144469793117,-0.05628337090562918,-0.027216644119752553,-0.04847976578317453,-0.045674557127470705,-0.031148143868707123,-0.0297082276544966,-0.02259446644640206,-0.005769171109286542,-0.04453937202157415,-0.035044286128301294,0.0,-0.009274082550891405,-0.0425776144829379,-0.0510834443193105,-0.04039545561193164,-0.04228049820547791,-0.051447633018608385,-0.04749388408541061,-0.059789572240916744,-0.04874242874202456,-0.05347016602753746,-0.04194426177479238,-0.04955023131535441,-0.028676231231384686,-0.03973073190294235,-0.037949569674658123,-0.03409006295061723,0.0031338237519871748,-0.04599164390083238,-0.04037406024331036,-0.038301251692135385,-0.0027980057417476,-0.0055069214490012786,0.003525512896152605,-0.024045404335648723,-0.013530246550196634,-5.6142097366651544e-05,-0.03848198896646787,-0.04798387609416943,-0.050705258886824645,-0.06033712942426267,-0.04644226710808763,-0.03722819934224203,0.0016763353134206516,-0.009973381959711869,-0.04309351591597649,-0.02496221281239419,-0.031920391696401096,-0.04299203651548816,0.0012067534254586176,0.006701528712584892,-0.005209716528284503,-0.031191786734984905,-0.043506969581521615,-0.034383024875484336,-0.04905377591715515,0.0011554195186423422,-0.03482695777510314,-0.04152143368037736,-0.04773739834272556,-0.031707125282972815,-0.042475708713759885,-0.035130068077428356,-0.03267717726276581
-0.010255785759067715,-0.026174253398624725,0.0007770666709880913,-0.004557355794950979,-0.003745110295134635,-0.016846466672023108,-0.0047521846904865495,-0.006138254168517099,-0.013481898527583414,-0.011707827399057347,0.006115789309328767,-0.016027115059875252,-0.012269129590894434,0.00696023848021754,0.00420889147393777,-0.025033889828785627,-0.020055024449257497,-0.014876554485809268,0.0002709764622600419,0.00696828285864548,0.011631516172586287,-0.005387777979850739,-0.009274082550891405,0.0,-0.027991174469005786,-0.017360165443808084,-0.01716833925204736,-0.004069563724371172,-0.01271594906281387,0.004137430605542558,-0.007429708465798934,0.028084749030318046,-0.015425131681344795,-0.01269129094549648,-0.024326808684450252,0.03384568032168517,0.027334664729679548,-0.008587511334442688,0.03168548134513843,-0.03802382501884283,-0.013219501484933782,0.0391608126008397,0.0011832440210148842,-7.922880074806571e-05,-0.020729921685933406,-0.010352270184657175,-0.010802192892910789,0.00012042659569788672,0.0,0.0,-0.001311323405323972,0.0005822656881756538,0.00026284120991360016,0.0010503803748794782,-0.04225557442712241,-0.0012040503431799965,-0.035624824473761696,-0.006253241063713,0.0,-0.0018034786258435132,-0.013197752016873454,-0.04475598825734656,-0.02210470373317186,0.0,0.0009287063756914238,-0.0043007363260475495,-0.025251610824375437,-0.0008177040727293527,-0.021473654035498613,-0.01975624912482865,-0.029356988280853036,-0.0012466474530918314,0.0016519932463309739,0.0026105857668586308,0.0,-0.018126082149342693
-0.037609306069456894,-0.0257710359906419,-0.07031281886836022,0.0,-0.008852817922769873,-0.03356743018826802,-0.035191260240624744,-0.025599611889662532,-0.012569462972636225,-0.046479316074062416,0.007214531518920708,-0.0389240759370002,-0.033786006535700575,-9.849730057415185e-05,-0.024848016851910182,-0.028219600484507945,-0.04618785010074439,-0.03374894331929362,0.004382728753058285,-0.01817056761554159,-0.042469572982397175,-0.027005233498201386,-0.0425776144829379,-0.027991174469005786,0.0,-0.02551954040109511,-0.031468314466884695,-0.0224726926743129,-0.03059510140190519,-0.027297470976023475,-0.016617273340661542,-0.019884802235933752,-0.017823248396254265,-0.02229064913560186,-0.02438896406420199,-0.04562582716960767,-7.008237656119798e-05,-0.010229521662009966,-0.012771186076538155,-0.027784749464373593,-0.01849774112838809,-0.01894631081477971,-0.0009180091044110883,0.0,-0.0766883341916535,-0.01439822188024531,-0.021864290307564815,0.0,0.0,0.0,-0.04155920165970173,-0.00990457101324782,-0.03209598988364598,0.00012401185132643322,-0.044090523302449225,0.0,-0.05021163070662016,-0.023543779995971903,0.0,-0.034148467948111716,-0.023504240991922443,-0.03554928141404479,-0.01638285012468582,0.0,-0.0201958415958704,-0.02373687582472095,-0.020803827926344165,-0.03384383607433589,-0.03810750354342207,-0.014863022161295869,-0.019522842721063194,-0.028223094565969498,-0.026447011892694272,-0.028111565204005595,0.0,-0.012923839709577556
-0.008828585816997414,-0.016723138894783107,-0.04181823439141075,0.0026688572459581117,-0.02348674661666078,-0.02969665927057874,-0.02781800185401101,-0.02105871720819008,-0.03166375937844296,-0.024446451020889326,0.011247009742364922,-0.039263938195078896,-0.028196384991759083,-0.031841551182068994,-0.031577557977856385,-0.012740510218758772,-0.020349095164619746,-0.015323579839996049,-0.03977810747962773,-0.012665473203263222,-0.01512476376098626,-0.02264453691090651,-0.0510834443193105,-0.017360165443808084,-0.02551954040109511,0.0,-0.04182964695249225,-0.02056471401067894,-0.0310216823628775,-0.042113814756684076,-0.016824515623987846,-0.0284301326200746,-0.026117510206878136,-0.021616844500212007,-0.02636301026926907,-0.005558708320093475,0.0007526295932618887,-0.024476220900201573,-0.01745098531954903,-0.02446012793694541,-0.02490298107625627,-0.021474307742167797,-0.007218333889133732,0.0,-0.07408614410139114,0.007324866044671086,-0.02225118501839468,0.0020994420023441873,0.0,0.0006164101790623322,-0.027977463938397285,-0.02421396420792682,-0.023345812727254445,-0.0031030562976047116,-0.048166907571826345,2.104234152322526e-05,-0.05258229915994955,-0.03268919185847208,0.0,-0.031081272815036032,-0.01732673790260375,-0.03816812743906667,-0.015777159317091505,-5.551115123125783e-17,-0.023642467505912257,-0.015880301563454158,-0.022896205260430957,-0.03146997053014311,-0.012661404890827843,-0.012333125277166623,-0.01609411381624276,-0.03323730233807021,-0.02251330931617107,-0.03135400409890138,3.3592518411729166e-05,-0.011802304512069206
