0.0,-0.01212502818423472,0.0038514048372375043,0.0,0.00036244801961077266,0.019049066736096465,0.06098008916961595,0.043083857602682685,-0.0020453321088915177,-0.013317181376542309,-0.0007768483973754625,0.017228350362251788,0.017427361855170465,0.006531575598029693,0.007296477065518392,-0.015888611736461278,-0.035620440951729615,-0.01755469779174834,0.0,-0.02065270370179212,0.010783563232620363,-0.01570804931196501,0.033956699114510824,-0.00961019429420995,-0.011517738153962287,0.014202390927690156,0.022695274938772048,0.028156385442426046,0.021130703366612102,0.01580080860619043,-0.0038570304770490504,0.021257570232446565,-0.011687600446078084,0.005281087192188394,0.010671565768682778,0.0038309131457280876,0.0,-0.02668593293076371,-0.007686060102805037,-0.03469569202585154,-0.018758461488447398,-0.02887676137866979,0.0,0.0,0.0015308527443462228,-0.02697174534753305,-0.05563589591159096,0.0,0.0,0.0,0.004310833950225246,0.0,-0.003790487019834199,0.0,-0.005720588036443319,0.0,0.005522480905284455,0.004703570198345719,0.0,0.005951358258758421,-0.04268628826066928,0.015521201794498563,-0.041821090020071894,0.0,0.003269463959878871,-0.007739823459288531,-0.055715250685365036,0.001393384459494107,0.03476811973817373,-0.06481664181166047,-0.037361503204225266,-0.004325487931454486,-0.001014595361513937,0.00992998140123158,0.0,0.021470389970125958
-0.01212502818423472,0.0,0.008009447366386535,0.0,0.0003512519201784303,-0.031697233128556046,0.012853595340161506,0.050502332288728136,0.01097261178051595,0.02256649009263456,0.0016790848879382758,0.0116082450464019,-0.02015022572493891,0.0,-0.020439733156251694,0.012283904683604074,-0.0005795418011310671,0.014966399085907134,0.003953950485041935,-0.022554180182917605,-0.011397714739821652,-0.015249427219882983,-0.03274204143782733,0.010010737819790505,0.0018013569010186803,0.008968825002733216,-0.03462081742884793,-0.016159578041029465,-0.027927186661018566,0.012772871055612367,0.017859423178543443,0.03853211818861296,0.026242480667997115,0.02387893659870427,0.019210797733257623,8.143008041261446e-05,0.0015333154910261992,-0.000140826492069146,-0.005983077520791913,-0.03614862200685981,-0.02597656043047669,-0.03150424695405962,-0.0028665065539467682,0.0,0.00014407228327500965,-0.05712120769367307,-0.04132544260751092,0.0006899200576251929,0.0,-5.551115123125783e-17,0.012760738699302443,0.0041718793180813285,0.008441456324669638,-0.0035265532774933495,-0.044833970410434854,0.0,0.007177296474701167,0.01218692303942126,0.0,-0.050809411877919486,-0.036704584492914694,0.01050711974852847,-0.042203475949572355,0.0,-0.03684068984625488,-0.0464377850753776,-0.03428031071663512,0.0214423698567634,-0.03527803402113516,-0.058783865770774546,-0.05753912221616764,0.014573766402567134,0.008379284663899589,-0.04034716729323112,-0.0020682184613738386,-0.050464030916957836
0.0038514048372375043,0.008009447366386535,0.0,-0.009063552266585229,0.005504857498960569,0.034851994641071415,-0.002041590346272937,-0.044225993101121075,0.03976883164274703,-0.014386003553446602,0.035086238878443865,-0.0034640477314716867,-0.007873532318974585,-0.011077691732153061,0.0019530697402809771,0.007450437880780758,0.004337707576864247,0.003095097951726744,0.019617342764370937,-0.0010671884656343056,0.0492663976795783,-0.01883012241819121,0.010255790782342566,0.0004640341670953396,0.011084316659463744,0.022000040224970596,0.07008739612673914,-0.0169821032445438,-0.011432723164081782,-0.01909551430566081,-0.017347712041530794,-0.010641299714297281,0.005249299633871718,-0.013579066448330568,-0.011733135169791076,-0.01120040422933477,-0.0010127323356385887,0.000994723797103081,-0.045110149866070204,0.0006820197142606843,-0.047047646910899465,-0.0005706400016268764,-0.06023069049958468,0.003089875948188159,0.00046667253410626053,0.0,-0.0004363282989992001,-0.06936698317532403,-0.0006249560092428941,-0.032173362080006984,-0.045239083655907786,-0.031590077508881154,-0.03484627661304357,-0.03202302883581071,0.002502171243370932,-0.011657764513876678,-0.0007163325167796608,-0.035889655598194514,0.004219810098979759,0.0023112473828303948,0.0010959102468186543,0.0,0.0,-0.07348745612987928,0.0007382013600957249,0.0015236056796126274,0.0030449938804854026,-0.03565769722143908,0.0,0.0,-0.0004926714156704426,-0.023303730296439784,-0.03877815836962156,-0.022423597472869206,0.005944828606301744,-0.053720516339141766
0.0,0.0,-0.009063552266585229,0.0,0.03829962433168804,0.0033806826652490463,0.026960684080395925,0.05063232440918841,-0.004335662494332093,0.0049913794573389625,0.02716672450390445,0.010313563813224291,0.04511069448047139,0.07435300575748038,0.004299594523330064,0.0,-0.0004811852371622849,0.0,-0.017492552670952344,0.004691809398787217,-0.00014334965620932394,0.0030033571142660254,0.02120663014195584,-0.005430575559847994,0.0,0.005343958948757721,0.002728924514097175,0.021947173362940053,-0.0005811067380466772,0.0004431450307028628,0.004856363864212454,0.018196829881841514,0.0037329172201476246,-0.03714323384746365,0.07327099956362348,0.08122142215029571,0.05167156426971403,0.005693183144556413,0.0016229716201061062,0.0,-0.0017244250835677377,0.0,0.0003933675987767282,0.0,0.0,0.0,0.0,0.0001235347605058612,0.0,0.0,-0.0007729140739586304,0.0,0.0,-0.0002892107811935385,0.0,-0.0002960788343495113,0.0,0.0002177179677349539,0.0,0.0,0.0,0.0,0.0,0.0,0.0,0.0,0.0,-0.0008067796777323499,0.0,0.0,0.0,0.0015172395106067271,-0.0002834771424708449,0.0002725257400285619,0.0,0.0
0.00036244801961077266,0.0003512519201784303,0.005504857498960569,0.03829962433168804,0.0,0.056872648842946794,0.0099629699316785,-0.04961713680176516,0.041641659007004894,-0.008094658511300756,0.015425744517381268,0.003873453616205169,0.010346223087845774,0.0036672079076431885,0.004504947560659389,0.007305312026293587,-0.013842489390986479,0.0064713631356125845,-0.0066277997286252055,0.02472500966650093,-0.00829994342953777,0.025464815788919903,0.018518732244354852,0.011675795308404235,0.008164799206858198,0.01309683049472704,0.04470828482784417,0.016045634754557003,0.023476164990811843,0.00697991631268613,-0.0012129699477266276,0.02082618083102017,0.014512967727184967,-0.0007041417992257326,0.03717794137103453,0.0013218170231524828,0.02526149256110516,0.028011631566556727,-0.005969309140590295,-0.005752136767140703,0.01027909367271218,-0.008434670901545371,0.012992683020724982,-0.0003040814236518474,-0.0015100964394925143,0.0,0.00010124864462285332,-0.09413710024796013,0.0,0.020693845792990606,-0.03701343413584962,0.0058024533958769275,0.011050094089217366,-0.0746734679524173,0.0015318192295190602,0.021675516467128175,-0.004500608096471237,-0.030479225033140767,-0.0006057808158823064,0.0014881376300878713,0.0010638821231320206,0.0,0.0,0.0197897002270222,0.008941977408147173,0.0,0.003394632724801838,-0.051008520640053734,0.0,0.00016811825831786198,0.005346945964943228,-0.04122764352594993,-0.02396825127316199,0.012968678858547078,0.0023542804567314723,0.016200850670661793
0.019049066736096465,-0.031697233128556046,0.034851994641071415,0.0033806826652490463,0.056872648842946794,0.0,0.02682922490009243,-0.03175487077540973,0.027205639583081198,0.0266760228914239,-0.013491349218078375,0.027560708467187445,0.007819678138454966,0.0132293326131247,-0.03555054645476052,0.0007191481598863292,0.0060885895657125655,0.0006053576606609989,-0.02874515823758661,-0.00561409231605331,-0.023791779568776206,-0.011707469878634025,-0.022294777373670527,0.008891659570899435,-0.01056434583330651,-0.009940129640314488,-0.0112607251291027,0.018729355103728584,0.0061910700553794995,-0.02104722128287506,-0.010969581325482813,0.009319446914465623,-0.0230566801821932,0.0029582321701417946,0.018496744146523136,0.006302752066739914,0.023503391748909197,0.06627534423845677,-0.03466094419157573,-0.0014936509062389858,-0.026754263158268787,-0.008221067928474324,-0.03320031799599493,0.01282459424665816,-0.0005956725632766946,0.0029218692713276484,0.01445638623036688,-0.05461973206333959,0.0,0.01251937140385373,-0.04138190381914242,-0.032237035301390604,-0.021485393184040857,-0.05449014486729231,0.0047971380978200084,-0.0525394592620933,-0.0029579814956469663,-0.04334934401709306,-0.005198255140065222,-0.04966073143401323,0.011898615497994092,5.551115123125783e-17,0.0026022476266535643,-0.06694502675130115,-0.04122638615430524,-0.04315122051320325,-0.02347730794299452,-0.03654913312101804,0.0,0.015343393343087264,-0.02146201456907032,-0.03228012495144961,-0.04446352323281749,-0.03454334764707079,0.012570178081309447,-0.03856382194222652
0.06098008916961595,0.012853595340161506,-0.002041590346272937,0.026960684080395925,0.0099629699316785,0.02682922490009243,0.0,-0.012012302661324914,0.019701650517772173,0.02102786560959874,-0.009614910256478149,0.03174851539361867,0.0322137927494463,0.027176815977293933,-0.00981113602239625,-0.0026381211277325955,0.01255955319311769,0.015064632010648227,-0.02371150090808427,0.015733768509740842,-0.006040180369758785,0.00689449018105176,0.001217571485567892,0.011353886168821437,0.011753104745633403,0.012469534344094091,0.01796558490473732,0.038400740436660696,0.026491367424049894,0.0017588067695288312,0.032882929925833526,0.017638319137247005,0.0167343648320733,0.03258955548334025,0.09531135768736987,0.011854100697013648,0.022837441110359902,0.05986183266901279,-0.018200830053472894,0.0011756441420751607,-0.024332831305292124,-0.0038667251005103376,-0.0337022196398879,-0.0025886650387505483,0.00028049973169280706,0.000349365221532949,0.005628889096960188,-0.05998122447245208,0.0,0.011344775108575011,-0.027354911589567488,-0.028097597662207874,-0.011868590925449063,-0.049443107186365354,-0.005228165747326263,-0.006609593722001761,0.0017796066776352149,-0.035276709635499726,0.0013459997399845602,0.008447986669604113,0.004841156840593719,1.1102230246251565e-16,0.0008794527308634836,-0.05607170229116293,-0.03385588733942951,0.00025994949395841127,0.006480715615611254,-0.0263464630545856,-0.001959917500948871,0.008052013209615627,0.019413487385888606,-0.029848024050515176,-0.037479770227107356,-0.03115929372701637,0.007511127707168774,-0.03581916877200014
0.043083857602682685,0.050502332288728136,-0.044225993101121075,0.05063232440918841,-0.04961713680176516,-0.03175487077540973,-0.012012302661324914,0.0,-0.04081569113584893,0.02141838676144736,-0.019132070079897534,0.05793928081477956,-0.008419715277418194,-0.0003593646367479053,-0.013167560128336697,0.04597911040012742,0.016937663560960214,0.03235978252903743,-0.05805361637170575,-0.001849248366514289,0.03602655284028572,0.02491992450348146,-0.01635293656587533,0.033405466021347974,0.027537082813799185,0.03859084131820517,-0.016033841313041808,-0.009360101648177965,-0.023692254285085368,-0.015281452107898996,7.861705420486587e-05,0.01281460583945715,0.06627798959132758,0.0035445540119333763,0.01703537509218117,0.010835224401474997,-0.00159553275360369,0.006298553662631601,-0.012655340616289312,-0.037657929342607976,-0.026663336738487087,-0.0013735879671319395,-0.08438833173709298,2.824645869509146e-05,-0.0003221098955555335,0.02676913039173462,0.016434013205005482,-0.05704033296030209,0.0,0.002717751804503399,-0.02420553855190838,-0.015050244956482994,-0.05580199290758925,-0.05832706942937449,-0.0008101112928635135,-0.07726416765717997,-1.1102230246251565e-16,-0.02535621613894562,0.004699536559412021,-0.0302965001756606,-0.0057919274533316245,0.0,-2.026107923436271e-06,-0.11234273239530496,-0.04686439876091819,0.034620396549238985,-0.012789767824736398,-0.018493821424109103,-0.001753702200645857,-0.019669861071448913,0.013293986266975422,-0.014389548160554766,-0.029422214698713034,-0.021855509279983865,0.0016370143152737437,-0.011909356921102787
-0.0020453321088915177,0.01097261178051595,0.03976883164274703,-0.004335662494332093,0.041641659007004894,0.027205639583081198,0.019701650517772173,-0.04081569113584893,0.0,-0.010557386742372443,0.014417634585031314,0.010754379442480977,0.00130724260414683,-0.008717205902108394,0.0037391656042412014,-0.015598012982660558,0.009998508965657904,0.014183354441050344,0.032846037227633296,-0.011683378554415924,-0.004772707282197863,-0.009555201079906428,0.0019499381620243228,-0.034153330697083206,0.012489253940990763,-0.006400167977047289,0.023015254494266224,-0.013628503847263551,-0.010648107937673679,-0.020644461766322897,-0.015197136245783338,-0.014257337805643144,0.02026387217405856,-0.011979180523931265,0.006397355557562157,-0.01714483573757747,-0.004744026249946076,0.016892711230828195,-0.04609269318443987,0.0021501352639756166,-0.044728645576502524,0.004119227896235089,-0.06928223684468682,-0.001979319651773559,0.00359232906402307,0.0,5.497363871120875e-05,-0.11601633976156839,0.0020454219250167216,-0.05069783629036928,-0.05467992669488009,-0.05285882838419087,-0.058979118392314345,-0.08170027288136461,0.0037990729180901184,-0.07641462086015655,-0.0011288781451039287,-0.04820056633109804,-0.07336354955741892,0.0051221068858199326,0.0003091989927093697,5.551115123125783e-17,0.0,-0.07909605329541819,0.014565358999545974,-0.006877235450160335,-0.00354971117231323,-0.059472423375327266,0.001688156992239953,0.00047788169448098605,0.011690801188557531,-0.05483674947782696,-0.05102130731454635,0.016203406261808717,0.008623725183553699,-0.04877692832246916
-0.013317181376542309,0.02256649009263456,-0.014386003553446602,0.0049913794573389625,-0.008094658511300756,0.0266760228914239,0.02102786560959874,0.02141838676144736,-0.010557386742372443,0.0,-0.019518371782395072,0.04811486595555131,0.019755181635693952,0.003218555623886399,-0.06245350516370435,0.005145625042482449,0.03385960930595583,0.009356853048214153,-0.02365469613387866,0.01302422068028719,-0.01547630016965601,0.0061031533074243915,0.006432956747308538,0.005298809704134322,0.07009933548399039,0.04648200835473004,0.014347332097814025,0.027175597027128462,0.02979618032224618,0.006737006794128697,0.03636913841028927,0.06987245196424785,0.018617827624283156,0.050665274643347524,0.07650146782042222,0.04636265448545729,0.024114483464370284,0.015415219517261824,0.08199092177610168,-0.019020148778650603,0.02152001840231671,0.0050950220951620495,-0.01444090396257558,0.0009408863718820548,-0.008797737150585183,-0.006218055905892805,-0.0879893406177169,0.00024418114491531195,-1.1102230246251565e-16,1.6653345369377348e-16,0.0022038803895143566,-0.0015461782292164328,0.0009886404471367571,-0.003977272732106574,0.006948936070301004,0.004637907628095572,0.0020539799897201783,0.00463426301210873,0.0,-0.0015654341962370033,-0.035053188951975955,-0.003716844495173788,-0.02468664424986189,-0.0002607891479952107,-0.0006858190830731359,0.00025962585887723266,0.0013184446653914939,0.01265241891295732,-0.0024213429904970107,-0.026883053200509932,0.008226161966342516,0.003173881511019272,-0.01722726645899214,0.0012532628031752258,-1.1102230246251565e-16,-0.03678762815284298
-0.0007768483973754625,0.0016790848879382758,0.035086238878443865,0.02716672450390445,0.015425744517381268,-0.013491349218078375,-0.009614910256478149,-0.019132070079897534,0.014417634585031314,-0.019518371782395072,0.0,-0.0006873560566137971,-0.0228709002944108,0.004705264931766817,0.0,3.355909677216218e-05,0.014978122124653548,0.010707266841399332,0.012740374557202228,-0.000154233204992138,0.02989958274021476,0.001786680741141411,-0.010935857707335628,0.022979749694676366,0.013669188075460137,0.02204620732145285,0.04294319709322847,-0.02387248537683878,0.008171122457858282,-0.04782680392794658,-0.02905192575986465,0.0073514739812454155,0.01582041392687722,-0.023626261632447132,-0.003965924865376558,-0.0009688032621231746,0.010349742738833934,-0.020214626262548496,-0.02053502909075039,-0.0028960479627330726,0.005702791692711484,0.0017116801742690368,-0.06147388731341802,-0.002417823071245162,-0.00011047061970748118,0.0,5.551115123125783e-17,-0.007229720926589411,0.0002706814541293956,0.02667744984646986,-0.05342134499203827,0.01799900693130313,-0.055907140594364246,-0.02435629129304201,-0.0005182000594882719,0.08979305257906867,0.0028418234070468062,-0.011168165983541922,-0.10265162742540684,0.002231694550953678,0.0,0.0,0.0,-0.05133882184129085,0.0021573133177438253,0.0,-0.0024306208683682606,-0.04654744295690544,0.0,0.0,-0.0003421158389790291,-0.052842036191619535,-0.028926461181464858,-0.052556110722749405,0.001028408537785852,-0.046775560710733355
0.017228350362251788,0.0116082450464019,-0.0034640477314716867,0.010313563813224291,0.003873453616205169,0.027560708467187445,0.03174851539361867,0.05793928081477956,0.010754379442480977,0.04811486595555131,-0.0006873560566137971,0.0,0.02575527192602428,0.00409057439554783,-0.056372978054397505,0.019364276525432378,0.03762029706732911,0.028706951675054493,-0.010271341319826488,0.07090946234887785,0.018591084602456287,0.06070076567747418,0.062202953600586586,0.04679999670899404,0.06548952518927009,0.06101625118824816,0.050890002954824876,0.038756263126137,0.04608981611382934,0.0009776119137047123,0.03591249701494381,0.07509194066049812,0.019177267551209187,0.060791787965875366,0.10515653718166385,0.05719134820458022,0.05926984484536385,0.03278832950987409,-0.010426163743288308,-0.009374660431485826,0.04649652937802384,0.010997199320357254,0.011958513955395433,0.0007439131163109181,0.003983105299394718,0.012270278579146865,0.003222632207844023,0.0004500424472124176,0.0,-0.0004286406177433366,-0.008544724325643738,0.002288418354059185,0.0,0.0012568841292930344,0.008074624508966122,-0.00046814587227450577,0.013823965169328267,0.007360515139532509,0.0,0.0010090850198823942,-0.018387986066065565,0.005448712080056262,-0.011931225830649816,0.0,-0.0010901180845340197,-0.00019907916438716144,0.004301217561234749,-5.333408319896371e-05,0.020659379655525112,-0.004246903053684248,0.02461566414834654,-0.01489579040664285,-0.0023567579588475995,0.002111595243598996,0.0,-0.001402983889881304
0.017427361855170465,-0.02015022572493891,-0.007873532318974585,0.04511069448047139,0.010346223087845774,0.007819678138454966,0.0322137927494463,-0.008419715277418194,0.00130724260414683,0.019755181635693952,-0.0228709002944108,0.02575527192602428,0.0,0.00017035640779317074,-0.013390946783726598,0.006421203448543689,0.015701823466141573,-0.00019265024979470136,-0.031035506302379,0.020202247904142046,-0.009036045914706803,0.009325469534876896,-0.012832963372680528,0.005927200173448166,-0.0070819769337793215,0.004407465360804996,0.0029286116618441604,0.030977431568705582,0.01600665989232597,0.03139740950104536,0.03352487127666892,0.02052925206887246,0.02931233359208646,0.026511482159291555,0.07807792134421593,-0.0115208947087454,0.022805157049421265,0.0431048105041425,-0.012163034731002331,0.009648851413728232,-0.0237664122326135,0.015241836848620904,-0.039458267429897886,0.00934238516280328,0.0016607194682189408,-0.000496017679113947,0.007546229906490676,-0.05082033612301523,0.0,-0.005701845450197918,-0.030924783748363105,-0.023702444096024677,-0.019886664736874338,-0.05219054764242648,0.00485052008442699,-0.038392846660105895,0.0022006509944525465,-0.03002709175363988,-0.05685326769086757,-0.038509781020693745,0.00785887130874302,0.002748435017993822,0.006392006269726358,-0.059457262371678865,-0.041591123951349396,-0.027304218494514643,0.00516528617092088,-0.024031353767771046,-0.0015530965942108232,0.013211182005896271,0.0018860017066811285,-0.027555476416041225,-0.03204597597475184,-0.03006673195396614,-0.012956562412171246,-0.028714640971942706
0.006531575598029693,0.0,-0.011077691732153061,0.07435300575748038,0.0036672079076431885,0.0132293326131247,0.027176815977293933,-0.0003593646367479053,-0.008717205902108394,0.003218555623886399,0.004705264931766817,0.00409057439554783,0.00017035640779317074,0.0,0.00018150303329844686,0.0,0.0,0.0,-0.01509664832691443,0.0025283565520251017,0.009603059335879738,0.004835645279795298,0.019211403388491533,0.03022242325124208,-0.000264239151777923,0.011141516248128924,0.004686869555530826,0.03475354542911063,0.010693123790585735,-0.0005048553773419062,-0.02894614284930458,0.0411163090142016,-0.0011256409732358086,-0.0208316739688848,0.006500996358566935,0.03888776495396448,0.07104707502269406,0.0070410502339141035,-0.011500053818514433,0.0,-0.0026547190374838214,0.0,-0.02954950430985165,0.0,0.0,0.0,0.0,-0.035897967719040025,0.0,0.0037830319668781254,0.009450984645998417,0.0020179166844337404,-0.027164621060561556,-0.05526057063765227,0.0,0.00902531741742868,-0.0004513208306219374,-0.02236813422939754,-0.013639215930609128,-5.551115123125783e-17,0.0,0.0,0.0,0.011176078517805388,-0.0006903764035781634,0.0,0.0,-0.021121789117361733,0.000984830704139461,0.0,0.0,-0.03183609355789502,-0.04010075478032138,0.00014864538219788725,0.0,-5.551115123125783e-17
0.007296477065518392,-0.020439733156251694,0.0019530697402809771,0.004299594523330064,0.004504947560659389,-0.03555054645476052,-0.00981113602239625,-0.013167560128336697,0.0037391656042412014,-0.06245350516370435,0.0,-0.056372978054397505,-0.013390946783726598,0.00018150303329844686,0.0,-0.022385058518921974,-0.03499167250460522,-0.020726066886423034,0.0,0.014872411358819893,-0.007958124907798958,0.004346451381231076,-0.008218927029801093,-0.008979554781881893,-0.024513773255274818,0.006390166040902812,-0.023542772075725193,0.003896052243721193,-0.013229357223000782,-0.029898037943549227,-0.0071434665784907425,0.026616464322829325,-0.012796820656840902,0.006234346730515983,0.003957627377980555,0.014655076423006785,0.006523701622348832,0.004258628754838234,-0.022561493095221097,-0.03997804870968846,-0.026711793196382116,-0.03308025299787132,-7.56590804156243e-05,0.001646101712140191,-0.003843655923352285,-0.03153099470015719,-0.035399774610894996,0.004630960226731207,0.0,0.0,-0.03672152754579766,-0.00020056443983562655,-0.035032791536329766,0.003847311057306513,-0.00030154477003052627,0.0,0.00047661294103834573,0.013888604240459679,0.0,-0.10966979584529496,-0.03930352589717151,0.00014102143382072052,-0.027842245071463267,0.0,-0.13389454566810072,-0.017635926041188965,-0.08019819645922105,-0.048145606280415365,0.024544757820757712,-0.060889985254868884,-0.03474109029090394,-0.06757960464288659,-0.0428475431142199,-0.051469513496843144,0.009975275984840382,-0.035442199076733516
-0.015888611736461278,0.012283904683604074,0.007450437880780758,0.0,0.007305312026293587,0.0007191481598863292,-0.0026381211277325955,0.04597911040012742,-0.015598012982660558,0.005145625042482449,3.355909677216218e-05,0.019364276525432378,0.006421203448543689,0.0,-0.022385058518921974,0.0,0.01712203433650178,0.0299110718254742,-0.00040851847244516293,0.019888712591372426,-0.002960839774852675,0.015238551655601895,-0.0037598144579177317,-0.009126960354413127,0.022498396154105316,0.016349743763504454,-0.011742770537290725,0.008794221736163232,0.02311497727916384,0.015054494561892062,0.032774228715580944,0.0343786576777898,0.0029031122478798133,0.03296096665903431,0.02528495524693475,0.006304989343855205,-0.002633501314909581,-0.004553521335125987,-0.008895281030892821,-0.03652293231591136,-0.027978616588641814,-0.02295527191944191,0.0005481126839860795,0.0,0.0,-0.054749440729387366,-0.04640008614464497,0.0,0.0,0.0,0.012137293113896996,0.0037595712465471887,0.007017556837483951,0.0,-0.03743548710214495,0.0,0.018143941981485,0.013745169607616126,0.0,-0.04874669221357181,-0.04183831750945877,-0.05979161541162997,-0.042339871540546414,0.0,-0.044988649127354174,-0.04177047835069597,-0.031191705198148956,-0.043962595130202176,-0.028455317229807986,-0.05946088271240607,-0.04916529672991471,-0.04066838743703027,0.01898577165342602,-0.03575784018759759,-0.0001523670376248898,-0.038472155754925685
-0.035620440951729615,-0.0005795418011310671,0.004337707576864247,-0.0004811852371622849,-0.013842489390986479,0.0060885895657125655,0.01255955319311769,0.016937663560960214,0.009998508965657904,0.03385960930595583,0.014978122124653548,0.03762029706732911,0.015701823466141573,0.0,-0.03499167250460522,0.01712203433650178,0.0,0.015193050825068888,0.0055810090203218254,-0.016083669923749322,-0.004867940693474515,0.005436745634424145,0.0206428024223001,-0.016634513183568456,0.056860990222200314,0.010013400936391137,-0.0006021440465402983,0.01778753689256135,0.003073899435062588,0.007090512012984218,0.016562272707471237,0.015889155355559403,-0.01884797442146524,0.016774886303034753,0.034257215984364764,0.009560955274410643,0.0020234949941149716,-0.0006326909735584474,0.013279012668497847,-0.035712184116785284,0.026073357080050208,0.005208147242432293,0.0,0.0,0.02141167585098952,-0.03270246696424933,0.011170031670346026,0.0,0.0,1.6653345369377348e-16,0.0008591516483403838,-0.00039999785000122134,0.0,0.0,-0.006635792258457063,0.0007098888094647648,-0.0057986689210555165,0.0021605394353088614,0.0,0.0,-0.0646054021601597,-0.023058132015024713,-0.04858344220430161,0.0,-0.0003574395453488921,-5.551115123125783e-17,0.003458733050351881,0.004477751707228972,-0.02841858922745011,-0.050371454512737,-0.019904393747126325,0.0,0.003110496830960041,0.002897172259498093,0.0,-0.04604747352282368
-0.01755469779174834,0.014966399085907134,0.003095097951726744,0.0,0.0064713631356125845,0.0006053576606609989,0.015064632010648227,0.03235978252903743,0.014183354441050344,0.009356853048214153,0.010707266841399332,0.028706951675054493,-0.00019265024979470136,0.0,-0.020726066886423034,0.0299110718254742,0.015193050825068888,0.0,0.0010231104596691298,0.010415004003181738,-0.011644759082794165,0.014100378055228568,0.033626694404612134,-0.016309998747749355,0.03331328981650494,0.021209548367361497,-0.001441682986470405,0.004565695020909588,0.01855285691885411,0.014767863760938416,0.010753167059350865,0.020228010466676716,-0.012012905269563279,0.010966632537010856,0.027541941089812283,-0.0003700099015689906,0.0,0.0025010356790826083,-0.022140746793144483,-0.05172807456035189,-0.03954528691804027,-0.036561256735767045,5.551115123125783e-17,0.0,0.006850753623061923,-0.03667847698409976,-0.050907397479459715,0.0,0.0,0.0,0.014371821161728027,-0.0012558988981428154,0.0001328451841196565,0.0,-0.011183737501890889,0.0,0.002955531655654209,0.011553735686867683,0.0,0.009190551187178653,-0.04735434227249219,-0.032191899630645227,-0.04383426142940322,0.0,-0.02812132871945139,-0.037352843643772615,-0.033534963403779205,0.012107194109073627,-0.02551274853916774,-0.05153259571273905,-0.036629696913184295,0.01507530220593295,0.007144429398816321,-0.024953253235999506,0.0,-0.043672581118696374
0.0,0.003953950485041935,0.019617342764370937,-0.017492552670952344,-0.0066277997286252055,-0.02874515823758661,-0.02371150090808427,-0.05805361637170575,0.032846037227633296,-0.02365469613387866,0.012740374557202228,-0.010271341319826488,-0.031035506302379,-0.01509664832691443,0.0,-0.00040851847244516293,0.0055810090203218254,0.0010231104596691298,0.0,-0.0013770897886874467,-0.03151933333282558,0.007358231109665325,0.02533667127594169,0.0078017592463119345,0.006380126053997404,0.017484824609266758,0.03790322042600802,-0.0361988115805178,0.006574613249408667,-0.0485131103860329,-0.03598794439035258,-0.02485892065483991,0.01783454478896701,-0.029355509371652044,-0.02962561806078251,-0.02534721648960947,-0.015952560524225334,-0.016283043945504894,-0.03797603534350941,0.0016534015971115257,0.01805799141202802,0.0021254728929943623,-0.08713146694393636,5.551115123125783e-17,-1.6653345369377348e-16,0.0,5.551115123125783e-17,-0.1157178228076336,0.0,0.014825295514694137,-0.06484400422361264,-0.05744837174892686,-0.0658894100322418,-0.08484871094475271,0.0001545489999251748,0.05115421311902457,0.002574051620445994,-0.06651203464225275,0.008135459208210016,0.0011970611448789414,0.0,0.0,0.0,-0.07697659898760756,0.0008837507292434599,0.0,-0.0026808518493413036,-0.07461559865894579,0.0,0.0,0.005127271503630126,-0.07921893740308433,-0.06086378320177249,-0.06638767429036657,0.0022780419901466953,-0.08592146916263049
-0.02065270370179212,-0.022554180182917605,-0.0010671884656343056,0.004691809398787217,0.02472500966650093,-0.00561409231605331,0.015733768509740842,-0.001849248366514289,-0.011683378554415924,0.01302422068028719,-0.000154233204992138,0.07090946234887785,0.020202247904142046,0.0025283565520251017,0.014872411358819893,0.019888712591372426,-0.016083669923749322,0.010415004003181738,-0.0013770897886874467,0.0,-0.007120567610325146,0.01702271777766673,-0.0025808312665448474,0.001503161875883674,-0.008390972303052802,-0.0020784413551769854,0.006271005885503278,0.027560553929390053,0.021093061828776516,-0.0036982589056366866,0.02212551741085056,0.053691990434151626,0.03256384656702188,0.023188967442689667,0.020479067592975964,0.048903444236707894,0.04831305488059112,0.08591893030489223,-0.03014681665640495,-0.033772615757503566,-0.03963123514663558,-0.039911363912609354,-0.011933819933767353,0.0010513925933662294,0.0016295101844476245,-0.01800791108612798,-0.022245843616461758,0.002351136089139394,0.0,0.004260304801526449,-0.03517026814023927,0.016394516832993256,-0.04123823335953547,0.0049766529734195375,0.0025557350418060065,-0.0012414744856842352,-0.0002376183181667657,-0.041493714168128804,0.0,-0.057578871574073764,-0.027722782767647836,0.001117750877751733,-0.03768213506975476,0.0025416030165984482,-0.047910191318835116,-0.03017741269841151,-0.04032151118353744,-0.0547521645759263,0.05343100432395176,-0.03222363239486836,-0.018997385317398252,-0.052025969905955094,-0.04593423446043443,-0.04980493528876556,0.007980704430088359,-0.04890824253932974
0.010783563232620363,-0.011397714739821652,0.0492663976795783,-0.00014334965620932394,-0.00829994342953777,-0.023791779568776206,-0.006040180369758785,0.03602655284028572,-0.004772707282197863,-0.01547630016965601,0.02989958274021476,0.018591084602456287,-0.009036045914706803,0.009603059335879738,-0.007958124907798958,-0.002960839774852675,-0.004867940693474515,-0.011644759082794165,-0.03151933333282558,-0.007120567610325146,0.0,-0.021847079778982814,-0.002103475911054864,-0.010033585135469314,0.0009982210282588055,-0.00429572510655446,-0.005852754538391458,-0.014432227427340794,-0.008983308864126072,-0.010123656271637138,0.013074270737374605,0.03706006025661451,-0.006082353241388283,0.020753854049025633,0.006895610054453272,0.04867863264324296,0.06599145169483378,0.006870355069613032,-0.00404505076788042,-0.011013198974903826,-0.020083409836250454,-0.026840799193171505,-0.0017132155562305518,0.0,-4.087401281127612e-05,0.010421819253640052,-0.0320687742628874,0.0027091815494041382,0.0,-0.0004837399275205989,-0.019014704887802658,0.008183691868973164,-0.026160456777228447,0.0005294148882248884,-0.0013377877597427479,0.0,-0.000787311460770157,-0.022328446147597658,0.0,-0.03728775915149679,-0.01931798537085533,0.0,-0.043057345839035255,0.0,-0.04285981679209844,0.036918503574152606,-0.04127888198882118,-0.0256351634194677,0.03506880882792185,-0.04619438742643556,-0.03008300782333645,-0.03633873321521708,-0.03188228800216941,-0.03407676869475007,0.009782958162353195,-0.03865703411384863
-0.01570804931196501,-0.015249427219882983,-0.01883012241819121,0.0030033571142660254,0.025464815788919903,-0.011707469878634025,0.00689449018105176,0.02491992450348146,-0.009555201079906428,0.0061031533074243915,0.001786680741141411,0.06070076567747418,0.009325469534876896,0.004835645279795298,0.004346451381231076,0.015238551655601895,0.005436745634424145,0.014100378055228568,0.007358231109665325,0.01702271777766673,-0.021847079778982814,0.0,-0.024632680549255048,-0.0008763286952723215,0.015983760947350933,0.0021275036356201427,-0.014056683236439271,0.02314916594415889,0.02547457902204292,0.005261605773297706,0.010681854558160675,0.0292470778567947,-0.006468646103923781,0.014654921764831852,0.00723837335347377,0.026707287753917508,0.02827326807745778,0.09260238490213607,-0.015502333022220594,-0.027573858513182725,-0.03066694795314534,-0.035347711540362425,-0.01742680380346201,0.0,0.0046988199726959445,-0.04498036526170923,-0.028171389337288855,0.005348498688931391,0.0,0.00042416767435321523,0.0005981847849841349,0.009756770544421978,-0.021891753765054478,0.0066592950649856375,-0.03407132299519705,0.0,0.0039564243302225854,0.013496636543709695,0.0,-0.07264135675561267,-0.02233851653032054,-0.012028547639010123,-0.030616458473350705,-1.1102230246251565e-16,-0.04080544570746636,-0.03568525839642894,-0.039608274176120284,-0.04491016992018526,-0.03305743043304987,-0.03627649253829596,-0.03486367367353893,-0.03684685106890251,-0.0401021943497652,-0.03850665268948683,0.010773137659188914,-0.03077766831744122
0.033956699114510824,-0.03274204143782733,0.010255790782342566,0.02120663014195584,0.018518732244354852,-0.022294777373670527,0.001217571485567892,-0.01635293656587533,0.0019499381620243228,0.006432956747308538,-0.010935857707335628,0.062202953600586586,-0.012832963372680528,0.019211403388491533,-0.008218927029801093,-0.0037598144579177317,0.0206428024223001,0.033626694404612134,0.02533667127594169,-0.0025808312665448474,-0.002103475911054864,-0.024632680549255048,0.0,0.029497417820032623,0.027950739862699858,1.4686801793117876e-05,0.0008733892163108048,-0.01578839386371128,-0.038308610324070846,-0.028875919115435578,-0.014278157414083337,-0.002093233500229885,-0.028219538004689182,-0.006148891640318788,0.006112210938107487,0.003619890305035234,0.012110564534358326,0.021067928730184537,-0.03053457923255487,-0.03891440853749867,-0.025189649300227435,-0.026227943821129862,-0.06441047200539113,-0.004169796278714277,-0.005825363052089028,-0.015581272935700385,-0.006502056292870317,-0.04177812866645669,-0.00015061265741006524,-0.029522251134729338,-0.032206645907636555,-0.027130111282815284,-0.021987246700948537,-0.05910141296479865,0.00917224486895496,-0.053295364792082134,-0.012062817967392947,-0.029468028733464657,0.009306508006918901,-0.058687458316735885,0.00404376865204531,0.0033265358395297984,-0.038518064470802194,-0.05475606807234057,-0.047549238052571385,-0.019509829595941885,-0.04432510554516206,-0.035140646621115434,0.0018428001588810528,-0.007452389633987255,-0.02735741585321616,-0.02406768469975301,-0.035685677186727216,-0.02346038926993743,-0.03389092916972375,-0.03785659161088484
-0.00961019429420995,0.010010737819790505,0.0004640341670953396,-0.005430575559847994,0.011675795308404235,0.008891659570899435,0.011353886168821437,0.033405466021347974,-0.034153330697083206,0.005298809704134322,0.022979749694676366,0.04679999670899404,0.005927200173448166,0.03022242325124208,-0.008979554781881893,-0.009126960354413127,-0.016634513183568456,-0.016309998747749355,0.0078017592463119345,0.001503161875883674,-0.010033585135469314,-0.0008763286952723215,0.029497417820032623,0.0,0.0036837829827050528,0.024453829944874272,0.028589716770018314,0.03155294741721265,0.02804076727789101,0.006094364161392474,-0.013120025853118666,0.02889772102946575,-0.01704781355596613,0.010859837513019388,0.05681078116738597,0.0795242433001091,0.019849594896916734,-0.010725013523415206,0.08475793750131899,-0.006452160420835518,0.025367300531226655,-0.0005343618906037961,0.007547518436876177,7.196128022546322e-05,0.1141527849736601,0.013028729371019565,-0.05413600531823293,0.00032306897055239814,0.0,0.0,-0.0007898164126446949,-0.0006762949526191719,-0.00010897773102980235,0.0025913934924916004,0.0029016736923300757,-0.0019819434828687865,0.017359616246073573,0.004284976419728692,0.0,-0.002363348700350598,-0.044370380515100505,-0.027731060302717603,-0.03566221268741249,0.0,7.667173559894325e-05,0.0044652608702484,-0.030774095007537472,0.0013579268280436985,0.027909371564173835,-0.037105965170305566,0.0017828570779789832,-0.0010694578666393117,-0.0018833035797860553,0.004509693204723997,0.0,-0.045011001428395925
-0.011517738153962287,0.0018013569010186803,0.011084316659463744,0.0,0.008164799206858198,-0.01056434583330651,0.011753104745633403,0.027537082813799185,0.012489253940990763,0.07009933548399039,0.013669188075460137,0.06548952518927009,-0.0070819769337793215,-0.000264239151777923,-0.024513773255274818,0.022498396154105316,0.056860990222200314,0.03331328981650494,0.006380126053997404,-0.008390972303052802,0.0009982210282588055,0.015983760947350933,0.027950739862699858,0.0036837829827050528,0.0,0.029840104427469205,-0.010143761576281607,0.002950690705578518,-0.004976126043780671,0.009290032925751479,0.0014656751131567058,0.018186925068045423,-0.015484442882472915,0.011431785811160333,0.01673082186915359,0.013332486373670072,0.0003037657579662012,0.006890212019686204,-0.027339121838951153,-0.04713032800275063,-0.040322805168345965,-0.03574820530706224,-0.001985144229687874,0.0,0.012337286858568441,-0.04872691294429721,-0.05775711842070158,0.0,0.0,0.0,0.01877603566323144,-0.0008101314337578547,0.007002942879829388,-8.628555627332446e-06,-0.01086067273346547,0.0,0.01360726208816987,0.01990802425294963,0.0,-0.0184104101148736,-0.052934266920869166,-0.03627298053343392,-0.0453343043019136,0.0,-0.029916137893188255,-0.031023573942587757,-0.034567974080716435,0.0227766494196181,-0.01231851210350643,-0.05461600547956641,-0.03974116086984175,0.021849704684222426,0.015408755499864646,-0.023921491130673656,0.0,-0.04518216542939868
0.014202390927690156,0.008968825002733216,0.022000040224970596,0.005343958948757721,0.01309683049472704,-0.009940129640314488,0.012469534344094091,0.03859084131820517,-0.006400167977047289,0.04648200835473004,0.02204620732145285,0.06101625118824816,0.004407465360804996,0.011141516248128924,0.006390166040902812,0.016349743763504454,0.010013400936391137,0.021209548367361497,0.017484824609266758,-0.0020784413551769854,-0.00429572510655446,0.0021275036356201427,1.4686801793117876e-05,0.024453829944874272,0.029840104427469205,0.0,-0.023853783103726656,0.017545343852706008,0.006193672472469602,0.050689422959452446,0.017055804380128714,0.029009049422912714,-0.0033996606270609853,0.01927942130165966,0.02088856280970819,0.0148911946037536,0.029010652558875027,0.09969894074637264,-0.008875997187643592,-0.027937331030599533,-0.03014973489465017,-0.03178799015742201,-0.008501730105216487,0.0,-0.03674893394240325,-0.03808790090930736,-0.04085978839029064,0.0062436249763376805,0.0,0.001224702391104504,0.015895565957073254,0.010850971722359826,0.020476477592136222,0.0035497018543543257,0.003138140563614167,-0.00030041156453058937,0.017672922796745205,0.013675318947872162,0.0,-0.06474112731901022,-0.02840403583071266,-0.02184484627199157,-0.03694618306001418,-5.551115123125783e-17,-0.040176719682475714,-0.04806889461553315,-0.044931781107062696,-0.035089896755447714,0.0024556956216224,-0.04263618103132061,-0.04323165030539555,-0.03529800608816458,0.01805073859807471,-0.02807076300957767,-0.00015207943396594592,-0.04427059242108078
