0.0,0.0068207406422231,0.0027907191577499213,0.0,-0.00027886724807063556,-0.03250827781496962,-0.0014561409762983701,0.03473471636155345,0.0045373217000247434,-0.02370256603990234,-0.00037865562874517256,-0.039809835112128766,0.0046273751152158815,-0.04087818869665877,0.017332084920290702,0.024417703391762913,0.023011104435719965,0.01033666409082512,0.0,0.003982479375629677,0.05518929616962426,-0.0002819443194170268,0.03497142472264231,0.03357872111408261,0.015983607550995482,-0.008040346811946264,0.0052392107886757855,0.02516666569375936,0.01365217249571593,0.003328973402242863,0.01722433136678042,0.012465515285377982,0.04342900516662429,0.00822442444071464,0.008547603370249346,-0.00024248746473387595,0.0,-0.0002447632545735656,0.016194721658164546,0.016272310958243774,0.01312432792063134,0.0062530776492702445,0.0,0.0,-0.04834295573145314,0.0416110178398752,0.022987824321714923,0.0,0.0,0.0,0.0007836248837351789,0.0,-0.0012655880539950704,0.0,0.0031738100266609504,0.0,-0.0031189022406661326,0.000968454150184761,0.0,0.0739916531716267,0.02151920935856033,0.006819104143100274,0.024988221887612294,0.0,0.0046525460752597225,0.045868494412151795,0.023560073172234075,0.030696153694062478,0.019995092058639308,0.020612665183272483,0.02929785471364088,-0.016831805414449175,-0.00014224853967015338,0.006420256237091637,0.0,0.022969246595618442
0.0068207406422231,0.0,0.002032743075121246,0.0,-0.017361937035429043,0.003603163668871756,-0.00624103054484737,-0.029224302023297843,-0.009246683576375259,0.013739695268032204,0.00023541145795802354,0.026658117855315133,0.010586484159900933,0.0,0.01359444083613015,0.025736644814850773,-0.026010819424527598,0.01180566262344862,0.0002923422341556403,0.019252136685278365,-0.002053206837304311,0.01576968570628312,0.0103830156022659,0.01250043858221389,0.01402277314047784,0.02305503119011776,0.017071859331736383,-0.0036953220993645175,0.012918124742555492,0.0071891364755072296,-0.00575561808258096,-0.007732044137956917,-0.00023057739541232358,-0.00803893765086272,-0.019017963317033648,-0.004809680103563474,2.5048249481685048e-05,-0.0008286010865108384,0.013047078313673743,-0.00117475246326193,0.01622429451034635,0.01326395923439827,-0.004695924481248337,0.0,2.019925645269094e-05,0.03920799584490825,0.01741901663183193,-0.0010731276033206782,0.0,-5.551115123125783e-17,0.004265375211764344,-0.001432168957118174,0.007489243286440794,-0.0009616499956446312,0.0022371610210258908,0.0,-0.0003112180861706837,0.0032409010433806507,0.0,0.05234733083711751,0.015202141130616353,-0.013614489992869072,-0.006847956192018445,0.0,0.016420001012756258,0.05049624233117417,0.012525527141146575,0.021576778992061063,0.008334963442838461,0.0032242600170694913,0.026936940489085348,0.00564571578239681,0.011575783929539896,0.012232120280970038,0.00030100911409153275,0.008651335067159649
0.0027907191577499213,0.002032743075121246,0.0,0.031217471014665876,0.008836233737438526,0.005450571762963596,-0.0026378101828362643,0.049061781022426476,0.002554146394986412,0.013708352578098215,0.038870867428204,0.005102411416107788,0.019602921985017674,0.0445206236875923,-0.0012161230073562401,0.03578422453922758,-0.012772626337124449,0.0017623193909370727,0.03476521988803705,0.004913884995848827,0.0022495108045820777,0.010226763985049792,0.049870585475884466,0.0008931264728554433,-0.014537364829206978,-0.01892630034750259,0.022201402716935825,0.019724134008221206,0.016380646843390467,0.03275790673489942,0.015962841086637536,0.02497627038331346,0.011607512987947488,0.01832914224284382,0.013927775056384428,0.034903727426819464,0.004600716783112635,0.0020142236517307066,0.027574277178157636,-0.00012190288870606025,0.021902224725366848,-0.013148238667799683,0.025937750474661403,-0.0523249937582459,0.00022463101333025648,0.0,0.025520105362983825,0.0926282198319624,-8.762023072961256e-05,0.0401127451981832,0.028351952046144824,0.0261625265636084,0.026910350506312963,0.02974070017549746,0.03409257668353771,0.02628380323177182,-0.0008870964256740277,0.022093054070374873,0.03975802460501199,0.00239953154363709,0.00015364906851816906,0.0,0.0,0.10911659713001415,-0.0017736267418576035,0.00123225634729629,-0.004333262078292488,0.03965974662273042,0.0,0.0,-0.0004123405291368565,0.015213588936590972,0.019474212122085,0.018474060878028886,0.0009237246189786052,0.010528928822677863
0.0,0.0,0.031217471014665876,0.0,0.004198757808636877,0.01627469704839013,0.01603527694596607,0.038023690015531686,0.01681654432225499,0.014740737013801963,0.029621608141590094,0.004494027767092623,-0.015781943074076488,0.040992868131007276,0.0005206539816753342,0.0,4.413411194220673e-05,0.0,0.034837201956270936,-0.0005468358825628794,-0.020930588314223786,-0.017091328542487516,0.037997087622046954,-0.004233601195539505,0.0,0.0016770376433898893,0.017108953683050432,0.007810712212959703,2.4756744010479004e-05,6.212992476678503e-05,0.150504097350037,0.12234816396694398,0.17323711928994656,0.09963905121102867,0.10722816723939649,0.014759708527724846,-0.0027663818868220447,0.0002861217310134445,-0.0003304192214460544,0.0,-0.00024176825482635778,0.0,0.000432835761243866,0.0,0.0,0.0,0.0,1.731984981123702e-05,0.0,0.0,-0.0005779044903618247,0.0,0.0,-4.054799858366209e-05,0.0,-4.1510915002263005e-05,0.0,3.052454618368561e-05,0.0,0.0,0.0,0.0,0.0,0.0,0.0,0.0,0.0,0.0012283132635905192,0.0,0.0,0.0,0.0004745927024664143,-3.974412960677798e-05,0.0008597898642163093,0.0,0.0
-0.00027886724807063556,-0.017361937035429043,0.008836233737438526,0.004198757808636877,0.0,0.004951632548403084,0.002029151295099507,0.045425331100785504,-0.004025954515366248,0.00680832359796435,-0.014794242945208758,0.0013228442905900417,0.007263034290445836,0.014513354834895797,0.0008087239276493019,0.024118501584639906,-0.0019427587248858624,0.030451637972352008,0.00369089220725205,0.007830030460443393,0.003371006138982169,-0.006668216448428632,0.016474942040773877,-0.012375854181044088,-0.001519025902829818,-0.014584916794510183,0.004776692791053527,0.01902488526648427,-0.011095603827285805,0.00520216076721608,0.011523906005853346,0.021659150658050574,0.01826483331728873,0.013708903716653842,0.016584710427601845,-0.022737796839918778,-0.06835132379251749,0.006358920354247011,-0.003258037092719712,-0.00141041914361284,0.013854218900402615,-0.0005545850125495688,0.030954093993201037,-4.2632895926875136e-05,-0.0006944093341973989,0.0,-8.366075287885577e-05,0.026766290330299425,0.0,0.015694724494326517,0.017882705316370928,0.012068770166828502,0.02837670234665035,0.015684032693442207,0.001585722714958826,0.04300990019404788,-0.0021182404312679037,0.011171220072903387,0.029924771430429598,-0.000118336332066038,0.00014915865391978977,0.0,0.0,0.008245492800901366,0.0033920945460310103,0.0,-0.0024072531978815426,0.026452729927310625,0.0,0.00014127033300070924,0.0013356673779901795,0.0281352043073545,0.00718399685243809,0.023980308708767772,0.0013972449557980715,0.01293339002234517
-0.03250827781496962,0.003603163668871756,0.005450571762963596,0.01627469704839013,0.004951632548403084,0.0,-0.005359955096656044,0.005482549172889373,-0.0048120635742502915,-0.010370475172763516,0.0023457893606767533,-0.010301426171663963,0.0015176727784226296,0.013926707581401354,0.02267552911849574,0.02634494174119406,-0.009070432935520234,0.014975404950849536,0.0007769128468283482,0.003533928839023537,0.004339140926319485,0.0073076060964893386,0.0097214908630332,-0.03298371569340691,0.016238805473497098,-0.014085793427990656,-0.01136027206288559,-0.00501113425795513,0.009688271253271041,0.007205252423707953,-0.0005622064531251025,-0.0020901964549050467,-0.0042130972732140615,-0.007293407768474425,-0.013813492223336332,-0.008207835422410048,-0.023586246789107645,-0.002888625298826497,-0.004692200859192364,-0.024719524779151014,0.01774873971376345,0.008715340842698871,0.0038163472173184387,0.004144996441490578,-0.0013907364807774214,0.0007779424883237462,-0.0027688976139491617,0.016713750778778902,0.0,0.006368912162294849,0.011374404410060768,0.008694996264372312,0.02409858475307608,0.017287637325870575,0.0038287428862398,0.02001437638445236,-0.002206655297486537,0.00732652890768426,0.022670731874087136,0.020086840789126426,-0.006882516963493623,5.551115123125783e-17,-0.016274566348604302,0.00019870487231365974,0.0020061173129545806,0.008085621767692841,0.0043657163290442,0.01600075552823299,0.0,-0.014872945299669482,0.0003589209672045235,0.02188532391063769,0.010221548975527406,0.017008355160786637,0.008894310040688747,0.014791853492738705
-0.0014561409762983701,-0.00624103054484737,-0.0026378101828362643,0.01603527694596607,0.002029151295099507,-0.005359955096656044,0.0,0.012515571426831296,-0.009894531389056549,0.005065180373115985,-0.01174738520045826,-0.000318684000838787,-0.013758274617486077,0.013082526074360612,0.008803651479859453,0.019510822894063196,0.00516944649133616,0.008172510717280257,0.0014994808900459233,-0.005683444565028839,-0.001536496710283164,0.0006995179889764946,0.0004392832539849567,-0.0030557168304579108,0.009587642180061307,-0.005971143173251314,-0.009863476922569558,0.010578133656112487,-0.01910350428669344,0.001459759488314949,0.010700522338238982,-0.0030148507254563195,0.009357650481906399,0.02014092902479342,0.01537275860480164,-0.024155322515826527,-0.06207488693063512,0.010451768527909855,0.0006965217242898558,0.01492166095244779,0.03521626688928925,0.024158948454056528,0.011925316968807942,-0.0015488353121413945,-0.0008426760792025756,-0.00010027739981260941,0.0021472536852362722,0.017764913444709207,0.0,0.020020110355589482,0.01871138246988968,0.01335584752458252,0.016463563474875875,0.01742363014954995,1.5277380759959325e-05,0.03822222293037181,0.014361626675845729,0.015980040076144397,0.03419154211394104,0.003961013290522786,0.001954526573991644,1.1102230246251565e-16,-4.431036747820638e-05,0.004198572340428752,-0.015565779730489837,0.001959640489424652,0.0035768678110068564,0.022437077417270523,-0.0021403847807716647,0.0024585540047374344,-0.0036172418984046217,0.024548247358576192,0.016050967520158888,0.015444120846975884,0.0010881266169051607,0.014056111394217807
0.03473471636155345,-0.029224302023297843,0.049061781022426476,0.038023690015531686,0.045425331100785504,0.005482549172889373,0.012515571426831296,0.0,0.04540046645002688,-0.004505991497084971,0.051786047262575685,0.001793690204029308,0.012371274648185993,0.01829300345138518,0.025580886729194896,0.01031300083781389,0.005413291184853231,0.029042424729416094,0.053649641448755725,-0.0011427519941695219,0.02482878356742335,-0.008156808280973704,0.010452946974445598,0.04896540933666027,0.04489880522494066,0.021597669939852793,0.02275600015908863,0.015229177030096797,0.015966460793991055,0.02547386315183764,-0.0031504329076989523,0.013003648968619164,-0.050790811654777945,0.0027114595979192413,-0.008343585438011114,0.020461540561230895,-0.08035600733011045,0.004367644541992677,0.023029112081604075,0.0008172189678266051,0.01634699060059297,0.06272470906877048,0.04661878251656193,3.960216705733988e-06,-0.00016556586787236371,0.0019787421214162992,0.030213313768344074,0.010596690163751976,0.0,0.01360924457381607,0.010054663806032038,0.005401455424731028,0.09393672096517153,-0.0015495853843130458,-0.0002131818610933145,0.02255474645193828,-1.1102230246251565e-16,0.017369057082199213,0.027246788076297157,0.01207878139176588,0.006168588198339542,0.0,-1.0896176535102331e-05,0.0005396737246798899,-0.0018632844638634682,0.04465392499653681,0.03285200532823884,0.03046035546086623,0.00025764010008694216,0.002701942360916365,0.045661515638720174,0.01182468113716667,0.017161927199876414,0.01155488356818185,0.021161066060773503,0.018705991503690567
0.0045373217000247434,-0.009246683576375259,0.002554146394986412,0.01681654432225499,-0.004025954515366248,-0.0048120635742502915,-0.009894531389056549,0.04540046645002688,0.0,0.008309026121444907,0.013624202447807932,0.004023794798119429,0.03134726456399545,0.04064112534696457,0.0005560856537830672,0.009497525245539484,-0.002812731850623751,0.00433741834037904,0.008657928247404023,0.00489849711820084,0.007165234204592641,0.0030296497827266844,0.01793679310894203,-0.00788985916170315,-0.006136005473463602,-0.028410128878999907,0.004131006095933865,0.01595936965220701,-0.0027748776359015626,0.008419836450718254,0.013630727560324518,0.018786144687606365,-0.003827347294831751,0.012525148361036076,0.016432155206720478,0.0239729434530378,0.005186377208379278,0.014338951636578279,0.02405582157768127,-0.002769457836884759,0.0104002896898987,0.03187470873435161,0.02704436799200638,0.005393900735713331,-0.00028766406078095663,0.0,-0.02990673480302508,0.04554931392856865,0.0010597212061603245,0.020471107138047673,0.018490920138664713,0.012680280712213499,0.017442573880493306,0.017428857276445497,0.0025692596929134393,0.0530928948854581,-0.0024585760619747488,0.01883464482427244,0.03766968120251846,0.002733499419266594,0.0008397525046461851,5.551115123125783e-17,0.0,0.013776747273417378,-0.0025784035689932483,0.000780411820282767,-0.03259726108045907,0.023742935418339717,0.0006811830029742616,5.351762942146232e-05,-0.03190388258539634,0.022947726353517273,0.016421762239745785,0.020040810879783044,0.002619520666426789,0.011644963167133371
-0.02370256603990234,0.013739695268032204,0.013708352578098215,0.014740737013801963,0.00680832359796435,-0.010370475172763516,0.005065180373115985,-0.004505991497084971,0.008309026121444907,0.0,0.004703632204273778,-0.018737099799769452,0.008254202020102352,0.034297868129903264,-0.01894893466305758,-0.0038566930538782573,0.00824778657107278,-0.008717264374902667,0.01115171588944397,-0.0069811576230546235,-0.0033907815177558476,-0.004207101766543764,0.0010636642122640594,-0.014710577968188754,-0.013766480292178085,0.0057920655215860095,0.002130282226429747,-0.006973436429677571,-0.00016030582033904617,0.0018277078833097704,-0.005489565916480477,0.005438684196542476,-0.007059155780774262,0.00872030724192635,0.01663439885654966,0.03299187412522203,-0.023716087829606547,-0.018198650685365247,-0.044408273575056,0.007442072914005948,0.025839895779854682,0.0431036297895096,-0.012284610516629157,-0.0009166620217030963,0.01058142362769765,0.009483385627421181,-0.008590802480265558,0.0011074970061911715,-1.1102230246251565e-16,1.6653345369377348e-16,0.0032766634388891047,0.002379908594051905,0.0009648570685354407,-0.0019151258143724759,-0.018814072598115184,0.0012458788829062817,-0.01616841243359879,-0.021914897211488427,0.0,-0.00019940817241931308,-0.0034533945581703973,-0.018969585558686775,-0.01742521650987844,-0.00048781667705749543,-2.398405988385255e-05,0.00047329263153572665,0.0028024329327817066,0.009705694462897818,-0.015730142082013565,-0.02005639761798278,-0.017977219043187942,0.00550370855163651,-0.0053969251752321035,0.0023412383537388393,-1.1102230246251565e-16,-0.004634121204396102
-0.00037865562874517256,0.00023541145795802354,0.038870867428204,0.029621608141590094,-0.014794242945208758,0.0023457893606767533,-0.01174738520045826,0.051786047262575685,0.013624202447807932,0.004703632204273778,0.0,-0.0027601194303323306,0.0077217068161358204,-0.002741280496581122,0.0,4.7050604504161875e-06,-0.016596088960104005,-0.0023442055156220887,0.03460963672092893,-2.1623840410711637e-05,0.005518484747745189,-0.0002515960963329622,0.038603346277897854,-0.009418946316593013,-0.004363979483506697,0.0050435073880339965,0.007819924208728513,0.008096991118292318,0.0017758200380463829,0.010198590994174417,0.01290003002889678,0.03017993246658729,0.008144125270000913,0.012466664779413661,0.004628383150901361,0.022301782550028793,0.02772225151951313,0.014205847526245874,0.028758120099631967,0.00016090965818527092,0.02220019323198802,0.0012115529040851447,0.04080778186028877,0.00045023825327938916,-8.61025105650115e-05,0.0,5.551115123125783e-17,0.0934292810395293,3.7950145472975816e-05,0.06918356064232167,0.026445435323923183,0.03849753808641526,0.03444834314267603,0.06221247434624361,0.001480424786044321,0.1695695553252044,0.0019349879619169341,0.032651394164966485,0.052043014539896515,0.0008583284928807,0.0,0.0,0.0,0.11306802046012437,-0.0008371990675204444,0.0,-0.0013980555516304727,0.030432939541921722,0.0,0.0,7.446381725834117e-05,0.03070472729285678,0.019819062236663354,0.004325797416469435,0.0006742647817605807,0.011199183046258498
-0.039809835112128766,0.026658117855315133,0.005102411416107788,0.004494027767092623,0.0013228442905900417,-0.010301426171663963,-0.000318684000838787,0.001793690204029308,0.004023794798119429,-0.018737099799769452,-0.0027601194303323306,0.0,0.002521040809480457,0.062352337719548345,-0.030990681537036213,0.014596230249725839,-0.009202927244437886,-0.00863056557376679,0.006316949314091547,-0.0320109658979742,-0.013752237334823336,-0.00047645766128867617,0.007190201055465417,-0.02601788955264117,-0.00011573682486509806,0.034245272328724596,-0.016539284685090416,-0.006369007036151286,-0.033350623798468315,0.002205795837493807,-0.026543820798379913,0.014314204380676376,0.01466492270783426,0.0007784842683885573,-0.006500451124522688,0.023770695105723938,-0.009335697639007767,-0.011531327138039976,-0.025831057784595712,0.005158179143597785,-0.030854633640499063,0.03818000451567133,-0.00020689045133276407,0.0009447658916976465,0.02773955166888964,-0.022839720746114067,-0.0053601035327985325,0.0006781331340612873,0.0,-0.0004299099555780672,-0.003160793744482193,0.0012868664886517833,0.0,0.0017325450415024424,-0.0219405041380612,0.0006343345496920838,-0.03978241427986784,0.02643782508405257,0.0,0.0005224970597174639,-0.013527164968148042,-0.0202174053030037,-0.010999584959572428,0.0,-0.0006067125238260473,0.0002730153058785878,0.003281629108313533,0.0006150506170399805,-0.03188540270493834,-0.021784836394348972,-0.019493909031111256,-0.006525743407029272,0.011474752214100103,0.0022212307563657663,0.0,-0.008524859569864152
0.0046273751152158815,0.010586484159900933,0.019602921985017674,-0.015781943074076488,0.007263034290445836,0.0015176727784226296,-0.013758274617486077,0.012371274648185993,0.03134726456399545,0.008254202020102352,0.0077217068161358204,0.002521040809480457,0.0,0.011189370856952874,0.028924978561403025,0.03126208445668782,0.010546089601606468,0.012475529551025377,0.020714133263493195,0.0008661236667994454,0.001951760062147423,0.007966425207602545,0.00572598261852042,0.014949723348973876,0.022974306763829444,0.01421192527238202,-0.0010077765607295341,0.01204788053544148,-0.02233187329124242,0.044109635568489736,0.016894383550179637,0.008393920604401583,0.016607780010123308,0.024684879315409136,0.012668654712154837,-0.010021653981345524,-0.023031543710308966,0.01728151833824587,-0.015926621511816008,0.006943276797345133,0.017484206865555407,0.02633888936121087,0.007065972081201299,0.004915705702797091,-0.00044344809787499884,-0.0005350927316385978,0.010459870086264589,0.021495804299154875,0.0,0.014063838879927903,0.013514783154762955,0.013313032616152909,0.023964898924671074,0.014493291984542744,0.003816894144589855,0.021486741971074308,0.005721778176417058,0.014806460147264833,0.04246945075884356,0.020713908598227637,0.0011025136275629732,0.0019231565319974275,-0.014181711546304765,0.003066838104774816,0.004559912625566709,0.01431374044946454,0.015054792823545438,0.018936028038156194,-0.0013228608763701244,-0.0062238926641577375,0.006631577504539243,0.020693917697401698,0.013350698450500298,0.01706010147324244,0.012253361976961696,0.011685904049577145
-0.04087818869665877,0.0,0.0445206236875923,0.040992868131007276,0.014513354834895797,0.013926707581401354,0.013082526074360612,0.01829300345138518,0.04064112534696457,0.034297868129903264,-0.002741280496581122,0.062352337719548345,0.011189370856952874,0.0,-5.437883967041035e-05,0.0,0.0,0.0,0.04759019202945536,0.0014393560484318169,0.0034931343153985495,0.0029002955337367187,0.016628581699302813,0.0037463026200234006,-3.704692026978984e-05,0.014614201805792704,0.021799277153198737,0.01630893622684193,0.0052478713001498645,-0.0004787126892029647,0.00038062801550947656,0.0134914374698063,-0.0007769568634427015,0.006256582746655415,0.004339059110195664,-0.011165130882949958,-0.026943194014512506,0.002328512132052929,-0.0019451755611707422,0.0,-0.0020262880769205682,0.0,0.0761965022995022,0.0,0.0,0.0,0.0,0.03000600502677453,0.0,0.000409746103228803,0.010432558446289764,0.023042503903775713,-0.0027518239649524934,0.0017235293663965257,0.0,0.00805554043453649,-0.00045516181634153163,-0.002083797906552831,-0.0005368213125322985,-5.551115123125783e-17,0.0,0.0,0.0,0.001572782599823852,0.00022382416419253204,0.0,0.0,0.018883303760201087,0.00013807546811284155,0.0,0.0,-0.006179948971959115,0.0019942972053870744,0.0016503479067264681,0.0,-5.551115123125783e-17
0.017332084920290702,0.01359444083613015,-0.0012161230073562401,0.0005206539816753342,0.0008087239276493019,0.02267552911849574,0.008803651479859453,0.025580886729194896,0.0005560856537830672,-0.01894893466305758,0.0,-0.030990681537036213,0.028924978561403025,-5.437883967041035e-05,0.0,0.017017644569027823,0.003805504961353068,0.002008617051316275,0.0,0.006711281510321909,0.002208340365783712,0.04750195664160162,0.016396662108817184,0.020580175542378454,0.01574691058101152,0.019934922044393955,0.005667364238507611,0.015364361296371865,0.012373042660594802,0.006603194298295811,-0.008212425384425681,-0.014587767402508056,0.010255268898679004,-0.013900285822077807,-0.020971531591460535,-0.02699914580256796,0.015999593883408325,-0.038182992202492994,-0.017212673791945743,-0.0019993397262945134,-0.0038700992364293363,-0.000902535137958016,-0.042746348048513905,0.00023078714291702163,-0.012262945452371998,0.01786517200549359,0.026455595631121154,0.00047915832690970106,0.0,0.0,0.008616803117693417,-0.00044631582916693224,0.0039009978545813673,0.0009850051184741582,-0.019304402499139506,0.0,-0.028245534181786935,-0.006349449605941471,0.0,0.0241516971421758,0.01912842238942858,-0.0003343900614536377,-0.020415413655575976,0.0,-0.00865179282050954,0.018193337747022698,0.02261022591803391,0.01881787412194036,-0.000939804298335456,0.0009732256073333723,0.029830827609307997,0.016428831315007164,-0.003840410577937492,-0.0001150400809935559,-0.018677667125684527,-0.004750701180914529
0.024417703391762913,0.025736644814850773,0.03578422453922758,0.0,0.024118501584639906,0.02634494174119406,0.019510822894063196,0.01031300083781389,0.009497525245539484,-0.0038566930538782573,4.7050604504161875e-06,0.014596230249725839,0.03126208445668782,0.0,0.017017644569027823,0.0,0.022835584681260235,0.015123999816813616,-0.0008138754957572325,0.023876079041656395,0.010306921354269638,0.01584035375502285,0.025964268495749954,0.01576626509453405,0.007693071713923583,0.021741002600412174,0.026533811659851803,0.034524006122956974,0.029431411276286013,0.04838124246021697,0.012496160822131896,-0.0031977228494590726,0.002403958507978754,0.01740968801273518,-0.0001969403592100849,0.0057215529247925945,9.10029661065348e-05,-0.0026248696636717583,0.006381594341624219,0.0005386053840507055,0.0034569144461646384,-0.0015620612840773207,0.0015819813453724074,0.0,0.0,0.03224063707847574,0.008591345927803473,0.0,0.0,0.0,0.010457817274033276,-0.000801541203610534,0.0036349588771254493,0.0,-0.005524380116500194,0.0,-0.006465025487324028,-0.004176352532080263,0.0,0.028368094776363983,0.007479375758280005,0.007746725586583236,-0.0006177585960546184,0.0,0.005117700790095936,0.008830664733271987,0.01153464723818376,0.01547322085288455,0.023446854004160966,-0.00015370634425532215,0.0053502964321270885,-0.011829215239207103,-0.007801520209738011,-0.014558318402122461,-0.0001147300606676449,0.0028325771618007978
0.023011104435719965,-0.026010819424527598,-0.012772626337124449,4.413411194220673e-05,-0.0019427587248858624,-0.009070432935520234,0.00516944649133616,0.005413291184853231,-0.002812731850623751,0.00824778657107278,-0.016596088960104005,-0.009202927244437886,0.010546089601606468,0.0,0.003805504961353068,0.022835584681260235,0.0,0.034009711974825885,-0.007654278350810784,-0.005191416319143272,0.03935097775456514,0.004326707227986615,0.004179736556039759,0.005740412790059379,0.021307754378014854,0.007571174801149938,-0.027166053859366046,0.008046139967683552,-0.006145910676219335,0.0017682431097618134,0.014240906402667453,0.01147820576592501,0.003791307148076961,0.020150447943280136,0.018373849631892036,0.0007362700182655391,0.00014247204334832952,0.009919551721103426,-0.057368247688874385,0.01105109737429899,-0.014392982414937805,-0.007580314076857997,0.0,0.0,0.04276912142081973,-0.016584902230444065,0.003372606626790564,0.0,0.0,1.6653345369377348e-16,0.0005639462015647467,-5.6080593497875864e-05,0.0,0.0,-0.007443206540696634,9.952799934320744e-05,-0.0027143188403898066,0.0007928178327890056,0.0,0.0,0.0033424908624860583,0.004528181001442699,0.007408895238727509,0.0,-5.011382396857833e-05,-5.551115123125783e-17,0.002461896941087227,0.0017137987763111706,0.006061437148282833,0.00018574867734871825,0.0028966143951832946,0.0,0.0019954429161089804,0.00043673510665603876,0.0,0.0010518025232134076
0.01033666409082512,0.01180566262344862,0.0017623193909370727,0.0,0.030451637972352008,0.014975404950849536,0.008172510717280257,0.029042424729416094,0.00433741834037904,-0.008717264374902667,-0.0023442055156220887,-0.00863056557376679,0.012475529551025377,0.0,0.002008617051316275,0.015123999816813616,0.034009711974825885,0.0,-0.0029466499128235624,0.005066212214741461,0.013021554813672898,0.013352546682792121,0.015084233884964993,-0.011475188276943216,-0.0030014243604627455,-6.84577178693968e-05,0.013374505602636255,0.012160239370481163,0.012043422771955414,0.006706725547533432,0.0003179719222112243,0.0061353721776648,-0.009168631889924894,0.007983924420349509,0.0034925165357124754,-0.008227751230641733,0.0,-0.03401792568598078,0.010638513362364932,-0.0034513388445711612,-0.004732012260040608,-0.007470477043788615,5.551115123125783e-17,0.0,0.0014165332791244434,0.029401396240140654,0.012970860783811877,0.0,0.0,0.0,-0.002972336598302483,-0.0008152006971899328,-4.558585953678973e-05,0.0,-0.01281524103791909,0.0,-0.002196632120723796,0.0007550773370489372,0.0,0.008459742312901641,0.009639536279752337,-0.0039889824889216,-0.0007398258678290026,0.0,0.007127629650188982,0.008197578688791896,0.009571670325640158,0.0077452342096756555,-3.596358763002794e-05,-0.00434022018222785,0.00045841882668162803,-0.016171418716856734,-0.006785944535417976,0.008005796796022702,0.0,0.0038983265822614688
0.0,0.0002923422341556403,0.03476521988803705,0.034837201956270936,0.00369089220725205,0.0007769128468283482,0.0014994808900459233,0.053649641448755725,0.008657928247404023,0.01115171588944397,0.03460963672092893,0.006316949314091547,0.020714133263493195,0.04759019202945536,0.0,-0.0008138754957572325,-0.007654278350810784,-0.0029466499128235624,0.0,-0.001471868996202108,0.0019139422188467203,0.0025133559614046175,0.06297378419590183,0.003092200598713457,-0.024050652577540244,0.006014706032362316,-0.0027862884115640862,0.019649512200128116,0.0003166954627781271,0.009888308836790427,0.01849950277912754,0.02687684891887998,0.00405458587184665,0.01952784559877574,0.01993555654875978,0.04815100506077025,0.011950256716338314,0.0025914266247630824,0.029583857630779364,-0.00011539352184253282,0.0026977767168137046,0.06230306021429566,0.040778030308435465,5.551115123125783e-17,-1.6653345369377348e-16,0.0,5.551115123125783e-17,0.12025799835629286,0.0,0.024261610729288563,0.023056719579292784,0.02231275169406266,0.03771641956458216,0.03067634985784018,0.0009174145169889014,0.14884541958854108,0.00036088779619264377,0.01838005320537084,0.042374323367483535,-0.0009124240994181076,0.0,0.0,0.0,0.03462308855552276,-0.0015095166030422713,0.0,-0.0003744240414833011,0.027848500607579707,0.0,0.0,0.0021363213027467687,0.03392154833416494,0.010732682585913644,0.02785302030713188,0.0016577192056461687,0.00783409662628376
0.003982479375629677,0.019252136685278365,0.004913884995848827,-0.0005468358825628794,0.007830030460443393,0.003533928839023537,-0.005683444565028839,-0.0011427519941695219,0.00489849711820084,-0.0069811576230546235,-2.1623840410711637e-05,-0.0320109658979742,0.0008661236667994454,0.0014393560484318169,0.006711281510321909,0.023876079041656395,-0.005191416319143272,0.005066212214741461,-0.001471868996202108,0.0,-0.014241720917592682,0.004927608341140977,0.0033988519471924716,-0.023758308316897625,0.016666995631127723,0.009779146915184056,-0.0002334139980224581,0.007687046583026602,-0.0027848139454368925,0.03864701027701606,0.0025663469702051356,-0.025511661493047788,-0.0074620100904365105,0.0014204332926214258,-0.02013598666068478,-0.02920737879676627,-0.017241101351742893,-0.05226500993432104,-0.03351637937211965,-0.027081096110652736,-0.012731064336727993,0.0013718103591361386,-0.0612374557895346,0.00026592501531230717,-4.5907457173754995e-05,0.005152094203137114,0.015777324679553617,0.003289175719114079,0.0,0.0006969936612262195,0.00519436309599508,-0.015595522280436203,0.006086093801058068,0.001095290643432112,0.0007384036906834535,-0.0019431094388585035,-0.03201768476732675,-0.0032708523479010876,0.0,0.007353775367060278,0.0083388058547606,-0.021598064910226533,-0.0019050256485952932,-1.824382991139073e-05,-2.6052380453500668e-05,0.0034022680771653158,0.005860102014108415,0.012759469957892677,-0.002277128205833201,-0.002079075377417361,0.01499654284088986,0.005018802097021657,0.0001315690290947802,0.003789275134203296,-0.008713537357763035,-0.0004272255762484134
0.05518929616962426,-0.002053206837304311,0.0022495108045820777,-0.020930588314223786,0.003371006138982169,0.004339140926319485,-0.001536496710283164,0.02482878356742335,0.007165234204592641,-0.0033907815177558476,0.005518484747745189,-0.013752237334823336,0.001951760062147423,0.0034931343153985495,0.002208340365783712,0.010306921354269638,0.03935097775456514,0.013021554813672898,0.0019139422188467203,-0.014241720917592682,0.0,0.007420136093121865,0.02686713868703089,0.05537138214590759,0.012677667852871888,-0.004006654249751163,0.0058958385392246515,0.00555139102470098,0.006291387056630127,0.012315903418163687,0.0023697564405816274,-0.022008623204264832,-0.002665203411394923,0.006715842278174788,-0.02355598364230932,0.014962125412617322,-0.0005490358371715298,0.005055308903633815,0.0016955338957218569,0.03148842300423493,-0.0016197994823066164,-0.006220292722909082,0.0003198277471118116,0.0,-0.00033994482385241165,0.04287069082769729,0.03974909153085865,0.0013742017654285732,0.0,-6.782142012484726e-05,-0.0038569851960698065,0.0060471030487466715,0.013658410423475709,0.000997650407829953,-0.0011945445699633739,0.0,0.00020709292518389377,0.003693753534143751,0.0,0.016122523643549436,0.020897575717536032,0.0,0.003705581093272292,0.0,0.002218121388884775,0.036582768228020535,0.023215331836539288,0.019765949203278732,-0.0018660921757518434,0.010369374684449262,0.0395623722294573,0.013078412178132881,0.002455044582999999,-0.004020818698946826,-0.01186413929407748,-2.8982731258286876e-05
-0.0002819443194170268,0.01576968570628312,0.010226763985049792,-0.017091328542487516,-0.006668216448428632,0.0073076060964893386,0.0006995179889764946,-0.008156808280973704,0.0030296497827266844,-0.004207101766543764,-0.0002515960963329622,-0.00047645766128867617,0.007966425207602545,0.0029002955337367187,0.04750195664160162,0.01584035375502285,0.004326707227986615,0.013352546682792121,0.0025133559614046175,0.004927608341140977,0.007420136093121865,0.0,0.010047592572016761,0.004700548792148873,0.02105485200755053,0.01839286127797024,0.007896147651625551,-0.00042116822386223385,-0.002381030606835477,0.01979235581989769,0.0033162823182676937,-0.011126090368921149,0.003365935206171733,-0.00047670209076999814,-0.016698494528909535,-0.13962274370280597,-0.015233274609643965,-0.013082671595480044,-0.004482640894060641,0.007390399952272253,-0.004927720703607419,-0.0033867780568948014,-0.03306297783319223,0.0,-0.0023762462705506082,0.006953541103503824,0.021881472866589258,0.00048570410334397573,0.0,-9.133676635908472e-06,0.018997061967961748,0.01732023074464545,0.011135691206428266,-6.993777402286572e-05,0.007305181700886343,0.0,-0.04429095430913094,0.011243979126079273,0.0,0.028484482138260603,0.013768310481630353,0.005804626983530792,0.004382022841950273,-1.1102230246251565e-16,0.01713077997046597,0.030759597402942762,0.01910374516758412,0.024098977100522334,-0.05148314989391739,9.555031178398732e-05,0.033213635830147026,0.017994451640237108,0.0036090979256879208,0.004663942740981031,0.005797975810586775,0.014847340936209041
0.03497142472264231,0.0103830156022659,0.049870585475884466,0.037997087622046954,0.016474942040773877,0.0097214908630332,0.0004392832539849567,0.010452946974445598,0.01793679310894203,0.0010636642122640594,0.038603346277897854,0.007190201055465417,0.00572598261852042,0.016628581699302813,0.016396662108817184,0.025964268495749954,0.004179736556039759,0.015084233884964993,0.06297378419590183,0.0033988519471924716,0.02686713868703089,0.010047592572016761,0.0,0.044143944495621035,-0.0019657934583824366,0.01391314796840143,0.020914450351385006,0.00984444092261727,0.01685503701882607,0.02054823302981995,-0.003213658176391909,-0.004426537709232403,0.0016205672177798114,0.0007948928713114034,-0.012304345891889112,0.010924221004962043,-0.008487058470799502,-0.0064877046104532266,0.000384820769391947,0.012218059998760966,0.014701683248843467,0.01971063443673493,0.010986496792000422,-0.05407796747563942,-0.005388856171750223,0.04059046813443623,0.018026035888539904,0.04588538517989171,-2.1116231539330954e-05,0.020083202646715148,0.016771775888181906,0.012678003181429864,0.034343292613565835,0.01462967347802191,-0.011775230483172638,0.05049972754095383,-0.009198703528397967,0.009952418443198274,0.035681094619144704,0.01587166218164121,0.02032310644750046,0.0004208237730439768,-0.018705389449443444,0.04474052125798422,0.009670536104969651,0.020723494133443376,0.017167843899148993,0.02388805375351255,0.0009005665563414644,-0.0030684283710051274,0.022479866000548077,0.0211828105077978,0.01128107261335276,0.0205433375898183,0.012815930363170525,0.011410054368411915
0.03357872111408261,0.01250043858221389,0.0008931264728554433,-0.004233601195539505,-0.012375854181044088,-0.03298371569340691,-0.0030557168304579108,0.04896540933666027,-0.00788985916170315,-0.014710577968188754,-0.009418946316593013,-0.02601788955264117,0.014949723348973876,0.0037463026200234006,0.020580175542378454,0.01576626509453405,0.005740412790059379,-0.011475188276943216,0.003092200598713457,-0.023758308316897625,0.05537138214590759,0.004700548792148873,0.044143944495621035,0.0,-0.00723741091936031,-0.007066253287062563,0.00214817265478473,0.00017618283879178298,0.009279158688909439,0.003411878728548756,0.004239677114875051,0.022135264357253437,0.022259180371674625,0.006162272869060015,0.0021515448306280716,0.031557345947002935,0.012420229799743054,-0.005723925465289936,-0.04599577016164713,0.01496000254181945,0.01106926005363379,0.007309954420634812,-0.0011763717330959267,-0.000135283972731437,0.03191016900003357,0.03633125415882427,0.014350596475932065,4.52949924839019e-05,0.0,0.0,-0.0015046771225580846,0.0010488891115972288,-0.005992001828294791,0.0004790349878001643,-0.0071419431341136486,-0.0009156390039627427,-0.0003221857930200134,0.0038326352070473524,0.0,-0.0015959014282340145,0.02265523188238039,0.013871816800086145,0.021050349053521877,0.0,0.0012446063869793744,-0.004153427426631273,0.0004479810042776755,0.030028716138858658,0.0050772224341368855,0.011742816718149918,0.022906180367773754,-0.0013123421909893573,0.002266624023723962,0.0019064734774878467,0.0,0.01641879505065008
0.015983607550995482,0.01402277314047784,-0.014537364829206978,0.0,-0.001519025902829818,0.016238805473497098,0.009587642180061307,0.04489880522494066,-0.006136005473463602,-0.013766480292178085,-0.004363979483506697,-0.00011573682486509806,0.022974306763829444,-3.704692026978984e-05,0.01574691058101152,0.007693071713923583,0.021307754378014854,-0.0030014243604627455,-0.024050652577540244,0.016666995631127723,0.012677667852871888,0.02105485200755053,-0.0019657934583824366,-0.00723741091936031,0.0,0.016245569054345543,0.017215716492546607,0.027006584346423557,0.020211438227734024,0.0034505777041560215,0.005341615973297131,0.003368235134003139,-0.00036873343394622227,0.0005829967689129356,-0.0018119725490375327,0.0036266409778165087,-0.00020869015652696943,-0.008845407300854868,0.004653209024115756,0.004198188750020537,-0.0024802727957147774,0.00708368237229462,-0.0005223585260682451,0.0,0.005260305884432659,0.036857843894713416,0.018774511180615017,0.0,0.0,0.0,-0.00294940910174174,-0.000711253601827444,0.004514428206395749,0.00017318955383083257,-0.015791493968741355,0.0,-0.004823031591353388,-0.005267640723048528,0.0,0.010558380450824356,0.01760707541081008,-0.008319023796187486,0.0023135152476799203,0.0,0.014760032089278563,0.01104860293866644,0.005237765950316997,0.010947972605968581,-0.009833109288428343,0.0019176043967844003,0.006234528062549594,-0.003075262640964971,-0.0005700483002801238,0.0062009182430912135,0.0,0.0058086247084006
-0.008040346811946264,0.02305503119011776,-0.01892630034750259,0.0016770376433898893,-0.014584916794510183,-0.014085793427990656,-0.005971143173251314,0.021597669939852793,-0.028410128878999907,0.0057920655215860095,0.0050435073880339965,0.034245272328724596,0.01421192527238202,0.014614201805792704,0.019934922044393955,0.021741002600412174,0.007571174801149938,-6.84577178693968e-05,0.006014706032362316,0.009779146915184056,-0.004006654249751163,0.01839286127797024,0.01391314796840143,-0.007066253287062563,0.016245569054345543,0.0,0.005655409461151395,0.017558484260536855,0.010314638126253384,0.0062288122126737955,0.011088070060645772,0.008552758764885815,0.018845778873418373,0.010925801592573614,0.003214655299673075,-0.06493013332925007,-0.00034315814521496124,-0.00893808740461699,0.020174155324941545,0.024038021418303746,0.015099445628753372,0.02203747881408663,-0.02477613623006314,0.0,-0.004740521784456053,0.03834286388495478,0.03248599732626262,0.0005629464343683832,0.0,0.0003908800097377485,0.003293651704424916,-0.009831895412666658,0.019322841352927445,-7.984405221289625e-05,-0.009943907580963474,0.00014022445897793334,-0.003753023440065395,0.002294829282153188,0.0,0.036802023201813694,0.025504781131385657,0.003001342218940717,0.008088535922770479,-5.551115123125783e-17,0.018531845206471942,0.03661913119487242,0.026393501337405145,0.022233426020609848,0.0024532944939265056,0.01079473792496477,0.02152503551745849,0.005979721115298209,0.006009694419306211,0.018141124117555585,0.00010243217479660727,0.016154475296287607
