0.0,-0.04536036861028375,0.0023259291182380903,0.0,-0.0005598901320122973,-0.05181801757652904,-0.059164041516416244,-0.07894781078686175,0.007421825547966832,-0.10405923690666907,-0.00020416846799231614,-0.09418797175649873,-0.05856713328789448,0.001304398456144329,-0.011964570938844121,-0.04554227247732573,-0.09777279320834437,-0.06975237474995744,0.0,-0.04599751557159015,-0.07453833539555432,-0.048175495368132315,-0.06343975476661667,-0.08521846397196164,-0.06568872981581025,-0.04183336193440407,-0.06871391072141292,-0.05129558075059687,-0.06733400883420088,-0.05985299410365169,-0.0327516944692115,0.015053278950029947,-0.060603876287693814,-0.01431585977696792,-0.016921858041816007,-0.0020274422984776774,0.0,0.004340199960663871,-0.04505376875109568,-0.11802896607113833,-0.06925850930713756,-0.053641723634354654,0.0,0.0,-0.0007582220255631933,-0.06843453781084285,-0.08501623862788976,0.0,0.0,0.0,-0.000761990064297724,0.0,-0.00015918310030255123,0.0,-0.1669148431953329,0.0,0.008431784357197325,-0.0006682651618405422,0.0,-0.034964244049590365,-0.09747656789012837,-0.12946715394404262,-0.11375420097478989,0.0,0.005258609495826072,-0.012734334353308507,-0.02884353297380693,-0.047424421340844125,-0.057391980250717844,-0.12035166531594538,-0.11736291810058264,-0.0021354496019356795,0.00024001184305572076,0.0048823026950919335,0.0,-0.06751401642062232
-0.04536036861028375,0.0,-0.0265728392497373,0.0,-0.030608017562739898,-0.02064017304291693,-0.04416923003651102,-0.06622414679254907,-0.021802612375557195,-0.03623594394215707,-0.00039720293812478547,-0.035856949131345184,-0.04685423056688326,0.0,-0.005813579957046955,-0.011383544807045454,-0.04478990337036831,-0.010534063476050737,-0.01946211820498922,-0.030375329426233333,-0.057471765457951296,-0.006066650514892802,-0.040726780991494516,-0.04459109156713159,-0.019525768300603707,-0.014058637659567774,-0.01995610010049681,-0.051768220738626525,-0.04126464655712253,-0.04323313783879035,0.00580094690792804,0.03183847846299481,0.010727274893131855,0.02288693616823434,0.011430534973895179,0.061208128435003506,-0.000635871007135913,-0.0011299823412103671,-0.03392253257025052,-0.05930609108978335,-0.04672772622588384,-0.03696105626466484,-0.005497571234059195,0.0,-3.408162066731446e-05,-0.07489216188873393,-0.04349403607702218,-0.001845691057168919,0.0,-5.551115123125783e-17,-0.0335622640244434,-0.003887850097750334,-0.06468224363491543,0.00016228475785406982,0.0016447587027816346,0.0,7.469175670188344e-05,0.0023894958812876177,0.0,-0.06968393413798035,-0.06816680724281199,0.0009301297178491152,-0.06512473108472905,0.0,-0.057197891562290104,-0.07314982389909197,-0.03960831353355948,-0.04647609132290392,-0.07999908435204173,-0.07839872279730664,-0.062109924076506284,-0.058448033621508855,0.0029884337366436475,-0.044929981148253806,0.0013391992204622727,-0.044702116644493306
0.0023259291182380903,-0.0265728392497373,0.0,-0.0026544816513057734,-0.007123924497417,-0.009231361008197936,-0.038488111190272456,-0.06521193148346527,-0.0015890518094917039,-0.061992848458673144,-0.02587278014884936,-0.06988757562564002,-0.05343796971840076,-0.054132690859385546,-0.018213519316686466,-0.06068916950803266,-0.0005405800014383622,0.0011782988729743815,-0.01988674732066925,-0.016090060973576292,-0.05121447691044034,-0.03153005466814096,-0.027582690136543686,-0.07617169997309087,0.0012176154631479141,-0.05994925498059128,0.0019842707936418846,-0.04923443368034408,-0.0378068897766457,-0.03789285853806651,-0.0567836339831444,-0.04343015522661514,-0.038657883615565436,-0.05620246037738552,-0.05735098925116594,-0.04225495748515534,-0.039875711578578,0.0008884036638128756,-0.042708233863592515,-0.00047417993517084867,-0.04766767339717698,-0.06209131125433359,-0.014054413155369427,-0.001111260074146081,0.0001185689723500194,0.0,0.0005519793188907274,0.014813910739399472,0.0001478390788058337,-0.014145497674262097,-0.03966771368056643,-0.038300447966450046,-0.021114860366531207,-0.027951987264833722,0.002181254590760684,-0.1547156223802063,-0.0009619247801027631,-0.03967092543630746,-0.0005486564168608599,0.0024382174610423357,-0.0002592476253490683,0.0,0.0,0.09705992646568296,-0.002874304072881695,0.001104587736040552,-0.007566396969173272,-0.032751939051032464,0.0,0.0,-0.0003771397183330305,-0.0130682534160248,-0.03653994590730936,-0.03647711921385094,-0.0012765116675982346,-0.06146048122983183
0.0,0.0,-0.0026544816513057734,0.0,-0.09728461507797898,3.526474945181324e-05,-0.09800546641053393,-0.0797800879955603,-0.0704503505082325,-0.1460753292019189,-0.05641446475818712,0.0019439203779470504,-0.12361591678619069,-0.0876278642507699,-0.0011352691231950596,0.0,0.0002743278495861423,0.0,-0.04462758712141113,0.000648595929474638,0.000419031035042261,0.0033722837196893396,-0.09828822141961852,-0.003709089765960849,0.0,7.020111173039467e-05,-0.0006534502965678812,-0.1057363522598676,0.000290244736551426,-0.0001048300234698929,-0.07940265751488995,-0.001441139295566607,-0.008197242291225315,0.004902840452105539,-0.003576721264396232,-0.015079489460410656,-0.02723612414633164,-0.002083240217247928,-0.001186390621819522,0.0,0.0004079285774586938,0.0,0.0004501306197936539,0.0,0.0,0.0,0.0,-2.922328119653317e-05,0.0,0.0,-0.0004924517367158043,0.0,0.0,6.841546419278366e-05,0.0,7.004016519057688e-05,0.0,-5.150318312541202e-05,0.0,0.0,0.0,0.0,0.0,0.0,0.0,0.0,0.0,0.002120086337273064,0.0,0.0,0.0,1.770725513333682e-05,6.705911933890807e-05,0.001117127660666073,0.0,0.0
-0.0005598901320122973,-0.030608017562739898,-0.007123924497417,-0.09728461507797898,0.0,-0.01973738868000563,-0.04646175173126338,-0.06503574598997919,-0.01936076591558239,-0.08305014169827835,-0.015279851515498988,-0.08413058176989846,-0.08764779939402301,-0.06722732066741782,-0.0008109528169837898,0.0029673687866566545,-3.87816394813445e-05,0.0027709516841250004,-0.007668327344319714,-0.01990561295766391,-0.0603357532696272,-0.045704581631412056,-0.03605425841592569,-0.12538607867538876,-0.0014025764330685142,-0.0021266829221434635,0.0007621987706188382,-0.08225641131022449,-0.033725976762033705,0.0013255393578210928,-0.0695646362889305,-0.042701154902806904,-0.05686029825426547,-0.07884380590086038,-0.05326249413069267,-0.03039036620142832,0.08308935653722715,-0.0012939712905261636,-0.014534840909901536,0.0004921115917542185,-0.05306543607211972,0.0028984506063270965,-0.019375251951400996,7.19332511246451e-05,-0.00033697710971164474,0.0,-0.0001646876280719245,-0.03990385440207944,0.0,-0.010047606338921933,-0.030381208786330827,-0.045820913116414785,-0.04710686954002424,-0.06359337805187748,0.001609343099029159,0.014298326487651947,-0.001074292367618579,-0.05258936350175897,0.0005453822271220821,-0.0008222895491066806,-0.0002516710787894838,0.0,0.0,-0.033358897642749075,0.0009601485655636455,0.0,-0.0049496263432887155,-0.061726611668323605,0.0,0.00012950563351404876,-0.0004220657270929129,-0.04426670879474187,-0.03474766060104689,-0.044096120476581235,0.0009778741875343666,-0.06667777659078944
-0.05181801757652904,-0.02064017304291693,-0.009231361008197936,3.526474945181324e-05,-0.01973738868000563,0.0,-0.03081560581453502,-0.051494812504943865,-0.0028179298879362213,0.005708643387029699,-0.02596568867142962,0.001369708388522739,-0.0507390311601833,-0.006860332235359257,-0.01425488533106517,-0.062280189283709875,-0.001532564678226156,-0.04563850409046322,-0.029142213073454326,-0.00230789394821751,-0.04926997495962332,-0.016996085673586014,-0.018949885231751673,0.004202867671866395,-0.02795091610510614,-0.016549853964896832,-0.0011967775589856178,-0.04645708160095818,-0.03787579277210823,-0.022772114957293255,-0.03706226739320573,-0.014801361494725496,-0.0056566575045888245,-0.03996801913724346,-0.022010866288057762,-0.0475447246023204,-0.04252934893105359,-0.00045712626880189955,-0.05436600968743177,-0.017653856205345597,-0.0735844180616293,-0.06688979162490283,-0.022914121692950262,0.00034161652901770756,-0.0017391316715261729,-0.00016152132593677537,0.005209533071878603,-0.058552091437404585,0.0,0.007678517822029218,-0.05051221782173021,-0.05376418110169284,-0.016845666517807334,-0.05540321218048233,0.004683808490331232,-0.05618030619262332,-0.0018774258753470607,-0.05747453585656892,-0.0018400637057917613,-0.06099001727035236,-0.024079785884289495,5.551115123125783e-17,-0.0055906775189326074,-0.06413819418500671,-0.06190421108369204,-0.06431138367507583,-0.025389479746691923,-0.04553064560361986,0.0,0.0026686937936066246,-0.036334107205080124,-0.05089902464180057,-0.060368155422388325,-0.06719319621412911,-0.05233815729824903,-0.05747437959908869
-0.059164041516416244,-0.04416923003651102,-0.038488111190272456,-0.09800546641053393,-0.04646175173126338,-0.03081560581453502,0.0,-0.07190444829680975,-0.0556788969396681,-0.0726630211962348,-0.041953837814254324,-0.06888230250588367,-0.04186982974411607,-0.06011516054922594,-0.029770600283724913,-0.07411084089237102,-0.0009595778273557842,-0.0549609213762583,-0.047419090307671774,-0.03209709573541131,-0.05980775941278421,-0.05649610642944314,-0.0508498251874685,-0.09640176127672656,-0.05502253770399135,-0.045759378901537695,-0.034094476748780134,-0.04031307430812503,-0.035321103152025135,0.0007690587546540506,-0.05301734158704635,-0.046674867295368905,-0.027212013369992905,-0.050576292887514196,-0.03343199141510772,-0.04108291536401237,0.005662489021554251,0.001504229668200907,-0.044099678147488164,0.0007203024701660232,-0.05764092109478963,0.00735522699022273,-0.02941413885180094,-0.001093184303494088,-0.0013348491514146854,-0.00029730976838610035,0.0006216090085185422,-0.05896772177238102,0.0,0.004685456941159516,-0.05524250873065817,0.005723452493548775,-0.03797697727495064,-0.054809521434144026,0.002312942170444532,-0.0647137381633427,0.0013474521579600052,-0.0611610286948891,-0.07021038572786686,-0.06715694108447928,0.0006896117913972599,1.1102230246251565e-16,-0.0004491012450030807,-0.05905940726029252,-0.06528854527089445,-0.07093780016650941,-0.03398127808862561,-0.055276207736892014,-0.002219465130154641,7.512970508383177e-06,-0.052637455437811786,-0.06159647876011276,-0.06864228127260619,-0.07344033647582315,0.0045316742291978684,-0.07657645200140395
-0.07894781078686175,-0.06622414679254907,-0.06521193148346527,-0.0797800879955603,-0.06503574598997919,-0.051494812504943865,-0.07190444829680975,0.0,-0.06353695481634924,-0.09800783134956531,-0.07085330624827563,-0.12002351643098746,-0.07638216362746075,-0.08470766979275568,-0.04425651299637928,-0.07458407034345432,-0.0889306772262069,-0.07701122783648251,-0.05911199997194688,-0.03981799493621224,-0.04021297646348626,-0.048016394705090504,-0.05241109578396269,-0.09093602017537539,-0.08178849651231351,-0.08517114889381389,-0.07744235595311288,-0.05413121104972002,-0.04491938034951498,-0.03355805072953383,-0.04995949275468009,-0.012844948240558929,-0.027862025429155668,-0.05197299630892038,-0.0481767482528524,-0.01933303489181598,0.012220794284309222,0.003521524580319235,-0.02944316378768308,0.0030288098429597232,-0.06293110549110675,-0.060091945890713205,-0.018191703823028427,-6.6819590038846854e-06,-9.696863287689261e-05,0.003948589648542666,0.0022574713890763376,-0.06154085664209136,0.0,-0.011412999844584049,-0.02047854456167081,-0.027377212039962517,0.0007753173092179821,-0.05004222530093627,4.839125103944797e-05,-0.06491611424216165,-1.1102230246251565e-16,-0.043564785873596745,0.0034043344231966532,-0.08198169227336993,0.005646218457982355,0.0,-1.4783020319486528e-05,-0.05526306062195607,0.005816387476737406,-0.09386093104238813,-0.052429134484694884,-0.0432626218771468,0.0011390056973684115,0.00013988298373113217,-0.07244778709219324,-0.0403839331551219,-0.056912691313414254,-0.06643375513870897,-0.05765003813995073,-0.04752584123031073
0.007421825547966832,-0.021802612375557195,-0.0015890518094917039,-0.0704503505082325,-0.01936076591558239,-0.0028179298879362213,-0.0556788969396681,-0.06353695481634924,0.0,-0.08874033409449489,0.0004435330763591372,-0.0853255809602329,-0.03927994249488714,-0.06606386889274712,0.0005883679631971672,-0.06303792740281638,-0.06474404380795573,0.00037464909528872603,-0.0006598431375185454,-0.013305999199130447,-0.03540066786100532,-0.03397224211450173,-0.03328492097721125,-0.0872190619896564,-0.05286677976986409,-0.04807394856207686,0.019149501163582827,-0.058967988773039715,-0.029037804297544767,-0.03332967199017822,-0.06095173376352159,-0.053366925912944396,-0.0598331823852456,-0.06275000104459472,-0.05545425789342051,-0.05474000391954281,-0.05171287459135493,-0.06500055991822301,-0.03997285570674558,-0.004925212285116554,-0.04018828295618598,0.0019489462842549043,-0.02076416297365319,-0.0007161600875929541,-0.001987868176532348,0.0,0.001869400048180092,-0.07174547574477436,0.0006277894049452337,-0.038266102438246685,-0.04302299455429748,-0.04925193517962745,-0.03482034531217232,-0.05557355006480613,0.0020303583495877575,-0.10294871321223531,-0.003041246648816054,-0.05273835561986534,-0.002700825523166306,0.0016868170889329237,0.0010722398404754419,5.551115123125783e-17,0.0,-0.06098996033483306,0.0010938561106028644,0.004135975345111731,-0.0041887187500137535,-0.04601646133482984,0.00023992930330679618,-0.0001324377335864546,0.0005631164467822525,-0.03369957098028342,-0.05139994560855593,-0.04874929651938431,-1.1508024467477007e-05,-0.055950648375752365
-0.10405923690666907,-0.03623594394215707,-0.061992848458673144,-0.1460753292019189,-0.08305014169827835,0.005708643387029699,-0.0726630211962348,-0.09800783134956531,-0.08874033409449489,0.0,-0.07960066082583278,-0.08639270944153579,-0.07598968263762185,0.019339859278936,-0.00300057197839787,-0.06456960949634588,-0.028248477066104505,-0.06593766813029373,-0.09716290987280263,0.0005192390033761374,-0.11021607594439753,-0.05689357873056877,-0.07886143436553222,-0.10540558054079116,-0.04981019775735385,-0.054919565217727895,-0.06814298169619754,-0.05056480828543919,0.0020687267930067366,-0.0003235356743833684,-0.07803371154931726,-0.07698317240901253,-0.05385233793246158,-0.044376353307334526,-0.01509808296762627,-0.0722506381807888,-0.05085838564611628,-0.0854907144066128,-0.0217398609433746,-0.13922009536257884,-0.06168551949332124,0.0017890742183848674,-0.011339727658943421,-0.001730635480519549,-0.014804321667139464,-0.12784377627996418,-0.0018831363485979913,0.0014858000426453133,-1.1102230246251565e-16,1.6653345369377348e-16,0.0037467545182250372,0.004100310863077938,0.0009544352464125883,-0.001011497750085022,-6.606376161993888e-05,-0.00024050035742012588,0.0039533324050195495,-0.0006402031857553614,0.0,0.00039918130782257144,-0.12533829523594237,-0.16314396639962664,-0.15395911694126424,-0.000587299621198023,0.0002660305340032587,0.0005669209227692762,0.003452713198438373,0.007877039002610275,-0.1372700120427814,-0.0022464929394048205,-0.13975820167806075,0.006524633433725446,-0.0002128966745609806,0.002817986752358337,-1.1102230246251565e-16,-0.0030117411702215713
-0.00020416846799231614,-0.00039720293812478547,-0.02587278014884936,-0.05641446475818712,-0.015279851515498988,-0.02596568867142962,-0.041953837814254324,-0.07085330624827563,0.0004435330763591372,-0.07960066082583278,0.0,-0.09413737242461184,-0.06638698952621302,-0.05293693215064471,0.0,-7.938712291544192e-06,-0.0005413332605728738,0.0007928254147306912,0.00312740112029114,0.014143352250693186,-0.1293724261728943,-0.02263829401202022,-0.011197010920475647,-0.09300208294808199,0.0009443277216482082,0.0007564175513224969,-0.016973091210063296,-0.06563984776163923,-0.03275993949026601,-0.05148088541207313,-0.07101009538009007,-0.029215321161424224,-0.0691788137993915,-0.06734152065909405,-0.058917858731625805,-0.012649824969354129,0.012849542970802652,-0.07651806079567403,0.014051696130199076,0.0015004614979904907,-0.10127375118134574,0.0009923982778230478,0.011275879645927855,0.0017070161679130225,-7.542446085601062e-05,0.0,5.551115123125783e-17,-0.03552991841360842,-6.40321818441425e-05,0.0363209231118482,-0.03142201357104507,-0.04187816623498031,-0.015180869771464267,-0.005298574646918186,0.0023562176235352728,-0.031227087257269248,0.0015376147433247556,-0.016510191840732324,0.00897276371403044,0.00025652262641107093,0.0,0.0,0.0,0.12062757664701068,-0.0021493875478419966,0.0,-0.0009455877907788568,-0.04155834541401021,0.0,0.0,0.0002570080701193578,-0.03850809088248297,0.042644154799439615,0.003483500526267669,0.0005190797976138972,-0.03174385280925601
-0.09418797175649873,-0.035856949131345184,-0.06988757562564002,0.0019439203779470504,-0.08413058176989846,0.001369708388522739,-0.06888230250588367,-0.12002351643098746,-0.0853255809602329,-0.08639270944153579,-0.09413737242461184,0.0,-0.08170073412117196,-0.049609630848436226,-0.001725561168961498,-0.05548912509514481,-0.07120906030141988,-0.0746051916772385,-0.09493945776181428,0.0015478184361209513,-0.08614290639374744,0.012452806504777592,-0.09913643584871473,-0.0738514419870398,-0.07164152955960379,-0.0797793556078554,-0.07144386214438109,-0.05113022271504053,-0.05017814990288477,0.002743983224676727,-0.11420379542581649,-0.025282565677025748,-0.07869472753002935,-0.042850582398936826,-0.04321305100081574,-0.03492120021728745,-0.02957305309192515,-0.0544717513350689,-0.02270744987887735,-0.1538870742678911,-0.04080396935973701,-0.0010801891297040345,-0.005537742846372484,0.0010327791186256763,0.0042862939540086464,0.0040680837762559485,0.00037092883550426947,0.0007780819515130211,0.0,-0.000430466176514932,-0.000801567674082182,0.0008479887512614082,0.0,0.0019409785656421263,-0.1499202752066749,0.0011174389497952686,0.0029228096059121245,0.0034119928580699788,0.0,0.00030927532814822856,-0.0011434587893574544,-0.0008291483784568232,-0.16018694929753602,0.0,-0.0003948853124223217,0.00047988602331311414,0.002834847779514982,0.0009079352644345007,-0.1103419649612628,-0.12771246802130376,-0.14103847051357438,-0.002858007949767538,0.009150798459929443,0.002269272787380483,0.0,-0.18638563601483327
-0.05856713328789448,-0.04685423056688326,-0.05343796971840076,-0.12361591678619069,-0.08764779939402301,-0.0507390311601833,-0.04186982974411607,-0.07638216362746075,-0.03927994249488714,-0.07598968263762185,-0.06638698952621302,-0.08170073412117196,0.0,-0.09628718999561253,-0.03015318020270924,-0.07631441819047297,-0.05266378356210377,-0.05571146177520275,-0.06626838713543354,-0.02572459346094924,-0.06259132561922359,-0.05677016168903476,-0.05474041724690987,-0.0920983103651366,-0.05048475087356191,-0.05068334943287395,-0.035310504311189095,-0.050019539371251476,-0.035041859971139455,-0.023068962430470685,-0.05468945936621172,-0.05741459476000521,-0.04265261737896947,-0.0581795033563029,-0.05003082385550006,-0.09111895585292606,-0.05239728173806402,-0.06686784758283398,-0.0491287303768862,-0.018171996355099584,-0.05799733768683435,0.010683393317364898,-0.03739665566659178,0.002975944884949122,-0.0013654895141942958,-0.0005522153303104682,0.0030887148898319783,-0.07215495449216236,0.0,0.002698350550010331,-0.06296769029082583,-0.059179263659816794,-0.05903652484856281,0.0032711625377978004,0.0004942017092519624,-0.07213365218979229,0.0030558866934074502,-0.06825946198966043,0.0015501156079730793,-0.05746892168621798,0.005252687339639628,0.0015615213864189625,0.001871601280126034,-0.07416698899446428,-0.07769630412510564,-0.07083887835651947,-0.040318056451135675,-0.062033859656946466,-0.0012219721112423643,0.002583816606419709,-0.049815559772423024,-0.0740836824648935,-0.07660043694225727,-0.07690083061786818,-0.08331812577401415,-0.07373232840801236
0.001304398456144329,0.0,-0.054132690859385546,-0.0876278642507699,-0.06722732066741782,-0.006860332235359257,-0.06011516054922594,-0.08470766979275568,-0.06606386889274712,0.019339859278936,-0.05293693215064471,-0.049609630848436226,-0.09628718999561253,0.0,-0.00015774173706539774,0.0,0.0,0.0,-0.044373893458864944,0.0009621585177382874,0.000815779141662476,0.002052229700157837,-0.05613451123304819,-0.0014605611455222878,6.250819610592595e-05,0.0007310453874907474,-0.03092893978228245,-0.04031298952885659,0.0028617741093173166,-0.0004672570230352946,-0.054681006978558655,-0.008991404466573594,-0.000624164283791584,-0.0685105692751804,-0.002261412193146073,-0.016161408625101015,-0.00797010821632374,0.00026348871095494,0.002241750244131979,0.0,-0.0017509110668983419,0.0,-0.0010737123210953214,0.0,0.0,0.0,0.0,0.0008225405469536318,0.0,-0.0010684200492619977,0.008295102684582945,0.0011652497012175633,-0.04044637406059193,-0.002167543346605405,0.0,0.007630586378011561,-0.0004568449275014763,-0.0036404833070285414,0.0004060871648881581,-5.551115123125783e-17,0.0,0.0,0.0,-0.0026353597136643536,0.0006244247626857602,0.0,0.0,-0.005107416692573197,-0.00023297074022265996,0.0,0.0,-0.0018761535074406366,0.002838174371206259,0.0023083905193578835,0.0,-5.551115123125783e-17
-0.011964570938844121,-0.005813579957046955,-0.018213519316686466,-0.0011352691231950596,-0.0008109528169837898,-0.01425488533106517,-0.029770600283724913,-0.04425651299637928,0.0005883679631971672,-0.00300057197839787,0.0,-0.001725561168961498,-0.03015318020270924,-0.00015774173706539774,0.0,-0.034117758392047726,-0.03013543244069483,-0.020001567764065475,0.0,0.031903366667467514,0.006891672741245858,0.02327263078843117,-0.017162367047573512,-0.0033785215151634906,-0.021752543054063156,0.009413109042183399,0.004430035243314645,-0.02065570521733362,-0.004835878853347353,-0.025911923518750046,-0.001191690476997631,0.012819471561934859,0.001593292611155428,0.010357407364049165,0.0066384163152024556,0.024125230798820563,0.0020116246548179118,-0.0026200380384545086,-0.010947280532956294,-0.003484789848944403,-0.014654407413858705,-0.01097124731888377,0.04601077488595667,-0.0003894004652240657,-0.001743472994342743,-0.02632206973547868,-0.022808583742949806,-0.0013401517725682432,0.0,0.0,-0.03908903425528942,-0.0005540035260655496,-0.06097590866074182,-0.0002692507993087845,-0.00018644608396883866,0.0,-0.0009498570863958333,-0.055620304541578736,0.0,-0.028122965611842687,-0.023005177299937674,-0.0005427142916626382,-0.021161866459182,0.0,-0.031190969696711424,-0.023853432965643462,-0.01608537790811121,-0.049223462791667894,0.000917525998739066,-0.01565482787505068,-0.04391333583161405,-0.048957307758987545,-0.056722323588212,-0.0477743504296651,-0.05647386026968848,-0.021216849955970063
-0.04554227247732573,-0.011383544807045454,-0.06068916950803266,0.0,0.0029673687866566545,-0.062280189283709875,-0.07411084089237102,-0.07458407034345432,-0.06303792740281638,-0.06456960949634588,-7.938712291544192e-06,-0.05548912509514481,-0.07631441819047297,0.0,-0.034117758392047726,0.0,-0.05693198529866389,-0.01822483737706193,-0.0009915020165306432,-0.054520678377060316,-0.058658551690734584,-0.03738370166624061,-0.0620479016678972,-0.07500467824385015,-0.03575173995546882,-0.032443010193522415,-0.04745246451501445,-0.07242074932229908,-0.08365526460567652,-0.057184467802210204,-0.02880297833900758,0.01769194579317135,-0.024350526853393895,-0.00779381142583524,-0.012862548100693871,0.005465892419976692,0.001284874512515466,-0.0017797389110694728,-0.038849370503360736,-0.06931473209117472,-0.04961108439967826,-0.04775952651068971,0.0020350202288689223,0.0,0.0,-0.08131908372805285,-0.05205521743285013,0.0,0.0,0.0,-0.0001344357266527818,-0.0028002102503642545,0.0021527121851486197,0.0,0.00012684464068229984,0.0,0.00197488498763293,0.002730218322832101,0.0,-0.051129020105672385,-0.0693825899261622,0.0034699207884430483,-0.09306699405922003,0.0,-0.07171280881733871,-0.06830169613943277,-0.04051891687737047,0.005467771533552879,-0.08569769561165191,-0.09163037994854023,-0.0882205751196663,0.0051300403938326355,0.002808021419068829,-0.07460201613490847,-9.823762342120457e-05,-0.05292209090413452
-0.09777279320834437,-0.04478990337036831,-0.0005405800014383622,0.0002743278495861423,-3.87816394813445e-05,-0.001532564678226156,-0.0009595778273557842,-0.0889306772262069,-0.06474404380795573,-0.028248477066104505,-0.0005413332605728738,-0.07120906030141988,-0.05266378356210377,0.0,-0.03013543244069483,-0.05693198529866389,0.0,-0.06325178687430932,-0.0017176680814092737,0.00011190617851458695,-0.10660584241927334,-0.048993512091289104,0.004254680422687063,-0.0932170185242987,-0.0337907122401645,-0.05410453225840439,-0.0030637636927984824,-0.03171672460846586,0.0019816421500605808,-0.0005639629543536806,-0.02268221421225225,-0.03687184758828055,-0.03277568910787576,-0.02957137733582116,-0.009902283226681186,3.5084443766097984e-05,-0.0006817879127509197,-0.07108191437811723,-0.09436894648855532,-0.14511243552967068,-0.12085942007440487,-0.10305846799835394,0.0,0.0,-0.0008617815373503923,-0.11225557157969135,-4.4207198616808e-05,0.0,0.0,1.6653345369377348e-16,0.00043458784976979636,9.462316194097653e-05,0.0,0.0,0.0034217203331435853,-0.00016793071207249488,0.0011082707446434248,0.00019348535383678644,0.0,0.0,-0.11430012749187013,-0.17770949686189713,-0.1506650758642245,0.0,8.455560444531329e-05,-5.551115123125783e-17,0.0020250856372561743,0.0005026409217140371,-0.11534935214416914,-0.14246393513554956,-0.1340354502616008,0.0,0.0006016762968589218,-0.0006414228279719714,0.0,-0.1464957341860898
-0.06975237474995744,-0.010534063476050737,0.0011782988729743815,0.0,0.0027709516841250004,-0.04563850409046322,-0.0549609213762583,-0.07701122783648251,0.00037464909528872603,-0.06593766813029373,0.0007928254147306912,-0.0746051916772385,-0.05571146177520275,0.0,-0.020001567764065475,-0.01822483737706193,-0.06325178687430932,0.0,-0.0015345718896370708,-0.03833837156162889,-0.07756169782470512,-0.019571724164105686,-0.05773029169713939,-0.09744900278333385,-0.04901074589892046,-0.0589231455707509,-0.041657632652114585,-0.045007837516320315,-0.06826915391396055,-0.056419679505795295,-0.02935902317440925,0.0030420657557261865,-0.03692953086285011,-0.019090291456417274,-0.013631813450109498,0.004664606199661747,0.0,-0.0024952220148948823,-0.07306907872232227,-0.11932467144918418,-0.10228002580493001,-0.10776235583639826,5.551115123125783e-17,0.0,-0.000964729650337337,-0.10542710617642059,-0.08396513757113633,0.0,0.0,0.0,0.0018039885922890297,-0.0006220877531812885,-0.00012377393488749444,0.0,-0.15404169819247626,0.0,-0.15620347766237774,-0.0009554760303382981,0.0,0.008139503535175396,-0.09711470145092393,-0.15003963634888556,-0.13450191745184997,0.0,0.013098998737599177,-0.0625134956771235,-0.03966922228659625,0.0018180546716232704,-0.11855300422041931,-0.1275840768794534,-0.13443069718161627,0.006288299117503171,-0.0024976341305495975,-0.07390248752267892,0.0,-0.10043800995569341
0.0,-0.01946211820498922,-0.01988674732066925,-0.04462758712141113,-0.007668327344319714,-0.029142213073454326,-0.047419090307671774,-0.05911199997194688,-0.0006598431375185454,-0.09716290987280263,0.00312740112029114,-0.09493945776181428,-0.06626838713543354,-0.044373893458864944,0.0,-0.0009915020165306432,-0.0017176680814092737,-0.0015345718896370708,0.0,0.04503020677346925,0.0035305110297734754,-0.048571380286167976,-0.010110413720384459,-0.09562452074895056,0.002442410467909273,0.0009885262981921827,-0.013031448228759512,-0.06570563796535644,-0.04296361474803406,-0.0412942892360052,-0.06980037142192586,-0.049816641322043054,-0.07575335460234528,-0.06961625737072524,-0.06475797974573327,-0.039166134157099186,-0.04553307268681139,-0.08426999642746968,-0.012762218239976864,-0.0008904754986484575,-0.043529443955775626,0.0008768446531728369,-0.008373194326788846,5.551115123125783e-17,-1.6653345369377348e-16,0.0,5.551115123125783e-17,-0.09989280613400736,0.0,-0.029998979428742356,-0.043010255767218675,-0.04351043073510369,-0.029110283255625702,-0.047809377351687665,0.0012517004422872846,-0.14868284577387672,-0.0006089155312340444,-0.04828919689516409,-0.001660242977017723,-0.0018367957101672605,0.0,0.0,0.0,-0.06985896289503235,-0.002558240875885187,0.0,0.0006362473503124799,-0.04651174380763512,0.0,0.0,0.0008256937634760209,-0.05150262248107901,-0.05512825194550819,-0.01033209504863658,0.0013858951798354502,0.003818716604386818
-0.04599751557159015,-0.030375329426233333,-0.016090060973576292,0.000648595929474638,-0.01990561295766391,-0.00230789394821751,-0.03209709573541131,-0.03981799493621224,-0.013305999199130447,0.0005192390033761374,0.014143352250693186,0.0015478184361209513,-0.02572459346094924,0.0009621585177382874,0.031903366667467514,-0.054520678377060316,0.00011190617851458695,-0.03833837156162889,0.04503020677346925,0.0,-0.027645177313257552,-0.003354520741261635,0.01673772361355147,-0.03636081578999506,-0.02926805967957402,-0.026320711016701026,-0.005276411539958115,-0.008497543957213416,0.01308444800771319,0.0029498464958094828,-0.00745350853255794,0.012866163617427318,-0.01052554501749181,-0.015493091004021242,-0.008197434728426323,0.0038122545966409183,0.003416957296319856,-0.050147809483125194,-0.024238697307339352,-0.027149381725062816,-0.02123030456107622,-0.03374497993210068,0.020251497190279855,-7.826508143282673e-05,-0.0007800716369185667,0.0017485192672408445,-0.02859638826525035,0.0037002225401574496,0.0,-0.0008644411330034907,-0.05579855445014337,0.004537348821138376,-0.05575173832631436,0.002640727338937998,-5.794675208148359e-05,-0.0022505642710631824,-0.00035498086703927845,-0.062021548132987436,0.0,-0.04794504449140102,-0.044378723851791035,-0.00010881327120615403,0.004559680408897371,-0.0011399628650061167,-0.036600628511196776,-0.05339706581177228,-0.031757824633529,-0.07276672872309442,-0.0023131809146771376,0.004653348123513812,-0.048385268957989946,-0.06586167288680761,-0.05323625343054944,-0.04533353566295756,-0.05175536442368661,-0.021996861011869706
-0.07453833539555432,-0.057471765457951296,-0.05121447691044034,0.000419031035042261,-0.0603357532696272,-0.04926997495962332,-0.05980775941278421,-0.04021297646348626,-0.03540066786100532,-0.11021607594439753,-0.1293724261728943,-0.08614290639374744,-0.06259132561922359,0.000815779141662476,0.006891672741245858,-0.058658551690734584,-0.10660584241927334,-0.07756169782470512,0.0035305110297734754,-0.027645177313257552,0.0,-0.03478976660083971,-0.047083337627784716,-0.09733265145253034,-0.0828959101326795,-0.03809784633853719,-0.07549592409872397,-0.04244932958680364,-0.04018153588246354,-0.03378399660424414,-0.028859348474393365,-2.686918116812098e-05,-0.051275026200423734,-0.021210657951332756,-0.014036441180662773,0.02647038269976526,0.0003119948246582127,0.004259959823773696,-0.017413061171342392,-0.059671483158166616,-0.040698538706204046,-0.019575303422933454,0.001210702674117825,0.0,-0.0004709969694303706,-0.030729322466436948,-0.05436502558076084,0.0007892166764988939,0.0,0.00011443311882541884,-0.07350243651743732,0.005110854712997159,-0.12612679060680332,0.001202830141908362,-0.001131775731725182,0.0,0.0006428386534204078,-0.06843277743762044,0.0,-0.037067904595697865,-0.06873092545097043,0.0,-0.08226518558569978,0.0,-0.04410313718222025,-0.05384832698255354,-0.0345382320849042,-0.08187771203709149,0.0023852112676405746,-0.08377638553847999,-0.08352815939769997,-0.07699780055160865,-0.0650539998308658,-0.06320267037362731,-0.053412458047900346,-0.027493203563376423
-0.048175495368132315,-0.006066650514892802,-0.03153005466814096,0.0033722837196893396,-0.045704581631412056,-0.016996085673586014,-0.05649610642944314,-0.048016394705090504,-0.03397224211450173,-0.05689357873056877,-0.02263829401202022,0.012452806504777592,-0.05677016168903476,0.002052229700157837,0.02327263078843117,-0.03738370166624061,-0.048993512091289104,-0.019571724164105686,-0.048571380286167976,-0.003354520741261635,-0.03478976660083971,0.0,-0.03811913302529746,0.017452984467395072,-0.011252109171263402,-0.016002687489771905,0.002950689793211503,-0.052951799292074664,-0.032069890902881315,-0.04186928589053496,-0.03479658697108379,0.017980504918023332,-0.004007430501261788,-0.020359125103018183,-0.008704379807562057,0.022215602194491257,0.0033927619877097692,-0.001869396759944797,-0.006371309829220517,-0.012261690721853291,-0.013649779146531427,-0.011289623921202252,0.06831573690036125,0.0,0.00048665606830466945,-0.034859585683768346,-0.019019190900185168,-0.001645161365364023,0.0,-0.00019900533790329078,-0.029190438397377227,0.0017394921590392909,-0.05190463823317171,-0.0030186722178008885,0.003440838965076576,0.0,0.0005489131900682787,-0.03509062897549475,0.0,-0.0285610996404409,-0.027044926830651406,0.0015052601557726253,-0.02458508236520135,-1.1102230246251565e-16,-0.025336267961279302,-0.038436679563875364,-0.015306367669163212,-0.049301303735394764,0.0024257819604633912,-0.03347392724755999,-0.04408242465638201,-0.0389914268181637,-0.04494646668053753,-0.03723881165839482,-0.041127661821523775,-0.01644804176193232
-0.06343975476661667,-0.040726780991494516,-0.027582690136543686,-0.09828822141961852,-0.03605425841592569,-0.018949885231751673,-0.0508498251874685,-0.05241109578396269,-0.03328492097721125,-0.07886143436553222,-0.011197010920475647,-0.09913643584871473,-0.05474041724690987,-0.05613451123304819,-0.017162367047573512,-0.0620479016678972,0.004254680422687063,-0.05773029169713939,-0.010110413720384459,0.01673772361355147,-0.047083337627784716,-0.03811913302529746,0.0,-0.09164550217705247,-0.05444147349600864,-0.05161762734943459,-0.006172290384059531,-0.04569436709019792,-0.03836099915734703,-0.034860998426842205,-0.037973447159555584,-0.037028703466795876,-0.02054667070549898,-0.04453086119751615,-0.040765765060960246,-0.04260931108128113,-0.04053500186580811,0.002124749531459247,-0.05886630086015926,-0.030628454762179513,-0.06763678403901269,-0.05901479419256872,-0.013801293621313437,-0.021390893362434715,-0.005197579854851309,-0.0008559617844120515,-0.05212900970866807,-0.060259046857877974,3.562880618590558e-05,-0.028667808224071112,-0.021621290153744588,-0.03179982033685036,0.00974586655587556,-0.04194664680592286,0.003876383760698654,-0.03756004579887495,-0.00794365512997891,-0.04055883030291613,0.0002767611160238159,-0.0654763843758166,-0.06265291899682135,-0.0008524526106293839,0.006807610224834948,-0.32146674602602693,-0.07377781964829744,-0.06327045966443684,-0.054084512925948625,-0.05773354683311166,0.00048768194610965265,0.0064168329656878464,-0.0626329869663973,-0.03377162702147524,-0.054674099035857016,-0.06746571297091553,-0.07103408595039978,-0.05686290236807906
-0.08521846397196164,-0.04459109156713159,-0.07617169997309087,-0.003709089765960849,-0.12538607867538876,0.004202867671866395,-0.09640176127672656,-0.09093602017537539,-0.0872190619896564,-0.10540558054079116,-0.09300208294808199,-0.0738514419870398,-0.0920983103651366,-0.0014605611455222878,-0.0033785215151634906,-0.07500467824385015,-0.0932170185242987,-0.09744900278333385,-0.09562452074895056,-0.03636081578999506,-0.09733265145253034,0.017452984467395072,-0.09164550217705247,0.0,-0.08483302758785771,-0.04617887192198217,-0.08243716704528187,-0.05408579097362887,-0.06856910415883788,0.002236419745333562,-0.08629499391117257,-0.065862259204855,-0.05438996856071729,-0.041563965788664003,-0.03506533369728215,-0.027837574830756273,-0.016274746519304162,-0.08945565328745045,-0.003967575439106807,-0.11587315890253574,-0.04737883512146773,-0.034552134848361005,-0.004999160458552421,-0.00022609836871440026,0.00048212252258711397,-0.09063877188599734,-0.10486656327377875,-7.642492958026548e-05,0.0,0.0,-0.0018179274511254118,0.0018048608239330521,0.0006240347939532875,-0.00044659567908411635,0.0023989135403483797,-0.0004483868193930207,-0.1428322465070478,0.003634420321920795,0.0,-0.0012596077883475498,-0.117672763914697,0.0023119174020831967,-0.1462837378142544,0.0,0.0017563926807517838,-0.08119097387041779,0.011561858866925068,-0.002931162630283368,-0.05180377580780582,-0.14613392247374174,-0.1252754371524219,-0.001418773546568719,0.004085112810843727,0.0007657485452302604,0.0,-0.10621798336814953
-0.06568872981581025,-0.019525768300603707,0.0012176154631479141,0.0,-0.0014025764330685142,-0.02795091610510614,-0.05502253770399135,-0.08178849651231351,-0.05286677976986409,-0.04981019775735385,0.0009443277216482082,-0.07164152955960379,-0.05048475087356191,6.250819610592595e-05,-0.021752543054063156,-0.03575173995546882,-0.0337907122401645,-0.04901074589892046,0.002442410467909273,-0.02926805967957402,-0.0828959101326795,-0.011252109171263402,-0.05444147349600864,-0.08483302758785771,0.0,-0.04445947891239371,-0.03090041706923341,-0.04492337413072761,-0.04736353392619025,0.000891741777867161,-0.0370732832677132,0.010676530397035033,-0.044299789228625264,-0.021280975919058587,-0.01842248547950609,-0.0006264382823974457,-0.0004332471665362547,-0.0002485015091543419,-0.0682555644812568,-0.11440173186568336,-0.0940199681381626,-0.09494704826799882,0.00011863082462348906,0.0,-0.00020400428523908998,-0.1027631306779157,-0.08677636974707303,0.0,0.0,0.0,0.0024895479478778126,-0.0006679255619579938,0.0034239667664432982,0.0002528618336714583,-0.16102392627633988,0.0,-0.1569121768736974,0.003302701557200971,0.0,-0.03169191832448842,-0.10211866199188835,-0.1539952432686334,-0.13098229947805268,0.0,-0.08388064495953801,-0.06614739260507124,-0.03929202486163652,0.0092031504674559,-0.10759105628871152,-0.1254244217864975,-0.1322577573575362,0.007948678830207057,0.0028789211385470415,-0.07237086164153633,0.0,-0.09656372567789195
-0.04183336193440407,-0.014058637659567774,-0.05994925498059128,7.020111173039467e-05,-0.0021266829221434635,-0.016549853964896832,-0.045759378901537695,-0.08517114889381389,-0.04807394856207686,-0.054919565217727895,0.0007564175513224969,-0.0797793556078554,-0.05068334943287395,0.0007310453874907474,0.009413109042183399,-0.032443010193522415,-0.05410453225840439,-0.0589231455707509,0.0009885262981921827,-0.026320711016701026,-0.03809784633853719,-0.016002687489771905,-0.05161762734943459,-0.04617887192198217,-0.04445947891239371,0.0,-0.03267531468507501,-0.03642381405021289,-0.030829105840861404,-0.04388085213111814,-0.028896804735700443,0.014371309742365668,-0.03820741120699905,-0.013344504627505194,-0.0009150007515999481,0.003597275989045412,-0.00211843236299597,-0.07260151649589769,-0.038966351488660955,-0.08413151766498472,-0.06709235129258956,-0.04597290954968736,-0.005971612896777556,0.0,-0.001392333994954864,-0.10177226535556233,-0.05828944996720692,-0.0019263139139484853,0.0,2.5500948743428786e-05,-0.03305293601507736,-0.003063831909503323,-0.08776649141372722,-0.001670302769576193,-0.14630073052313536,0.00033331015697263267,0.0019775588179476444,-0.0722589343686379,0.0,-0.05559671656146953,-0.08670718763137536,-0.1414826265222593,-0.1300770158836288,-5.551115123125783e-17,-0.040813533819015146,-0.07822736776425321,-0.034814164584505036,-0.06461864052076499,-0.0966381996056555,-0.12472549722954424,-0.10797097268573275,-0.035179151450285995,-0.030970096375974532,-0.039237250792686584,0.00021395857981992839,-0.0582187121412398
