0.0,0.021216687437284165,0.0028487822474004276,0.0,-0.00024376095164208023,0.024145522604571312,0.0169339837022639,0.021786461708695914,0.004176980059106272,0.007022782134011363,-0.0004004531347078233,0.03180418699969512,0.012735881763796031,0.0030960008338689615,0.0021868700846454647,0.015880115938297745,0.0012794918728042393,0.006547044448713235,0.0,0.015246593027115174,0.012960223991143938,0.004652821159047638,0.022801736103290282,0.00849352220270766,0.0028293409814064696,0.01215733267035568,0.012408908367476601,0.016237839614524796,0.019446787116631503,0.002887659877009563,0.005493753861610162,-0.004080686348307827,0.020391002036747707,-0.0018066854167687607,-0.006180962697961201,-1.9505077584192065e-05,0.0,0.001875858644122541,0.013579552709812814,0.03417778458153087,0.011992506213888865,0.007000699917633191,0.0,0.0,2.635283946234024e-05,-0.013033371183264753,0.04198634617113006,0.0,0.0,0.0,0.004644734375225168,0.0,-0.0014038037741156972,0.0,0.0034551309799639163,0.0,0.01328823169865645,0.0011729184718527463,0.0,0.0014781262015560181,0.024651435471306715,0.06395880604671544,0.03801724706896076,0.0,0.004576834653476247,0.07908479036815452,0.007254533551364961,-0.0206638869969325,0.010438518053153989,0.04971085964983657,0.02899665729766876,-0.0028860799655087144,-0.00019000175506900252,0.006612382416218032,0.0,0.007003240410317857
0.021216687437284165,0.0,0.000552086655294215,0.0,0.0262710600619237,0.01727102646691131,0.017194525354907175,0.036847284031940486,0.021993987414768656,-0.008000874995971408,0.0003144397143133859,-0.004695085105173691,0.01508581153368499,0.0,0.01008179416736632,-0.012720524678769052,-0.0014355709393789606,-0.006733984031307205,0.0004927826589183892,-0.0036655479769749366,0.01961318813021068,-0.010063345332446905,0.02485641983485709,0.006700501251133917,-0.015425611862473543,0.012934521838793567,-0.0023914071949009963,0.013360603965093643,0.00798295018581413,0.007494796189576214,-0.009267100320457689,-0.014962262037916951,0.008277031425041215,-0.005456858888623184,-0.018543442120422637,-0.004541935403512609,0.00010761244145329751,-0.0007909515559206826,0.020753259509406874,0.01071390051683796,0.018121178014392003,0.014400106242788313,-0.004595780150863482,0.0,2.698020089336728e-05,0.02176578613238589,0.028645195238169552,-0.0009766164536226252,0.0,-5.551115123125783e-17,0.006048980668639625,0.0020021856372050006,0.0075413684655341595,-0.0011020555956059996,0.04637080450391612,0.0,0.002509092419889669,0.011741104750499498,0.0,0.02326423341649758,0.01949965220660671,0.0042126199883475435,0.030737221051155783,0.0,0.02231972751187572,0.031008189483999804,0.01790434278288744,0.030899190501923135,0.008770671597283897,0.030257617418105065,0.025778442021596903,0.009769931052232117,0.020767153096110547,-0.0010821873016225725,0.00017131501547495986,0.023548080374781066
0.0028487822474004276,0.000552086655294215,0.0,0.009676557075832704,0.01620398684259272,0.011175713634389461,0.022626368283249543,0.01432955110377454,-0.01002268767517872,0.034592337723797495,0.0004968309201683896,0.028884946652585286,0.03798708884398749,0.019848224423407335,-0.0010426379436994093,0.002653476398489063,0.00113144131853532,0.005080928883557823,-0.021691468235374933,0.005593027917606186,0.002620731807465526,0.02180539176119256,-0.04390158994946758,0.0008696374925670214,0.004599403538009694,0.03736149172481651,-0.006730672498660606,0.039354990732691275,0.052914059265622315,0.03723976618602465,0.04208529965975549,0.043563878834932346,0.04288596742427542,0.03937027628999029,0.026514410469213823,0.029780576930611702,0.0409644807212281,0.025165032295605294,0.04893062171238294,0.023136528511442433,0.03541694619617641,0.0012886575598565209,0.0545580152458609,0.00032866918067997464,0.00023788062986768166,0.0,0.00021323926281979766,-0.0038306375737248155,-0.00011703457664152817,0.029349919571509786,0.026517021952226827,0.035587199518448465,0.02618765127295619,0.04076424032896864,0.0022912480006378466,0.0037029971429679565,-0.0008777486232637854,0.038585518799383656,0.05420342774778253,0.0023946987724940416,0.0002052294719571135,0.0,0.0,0.00022601522480864,0.007306500413909622,0.001248205127155455,0.008966789055796898,0.029312120426410404,0.0,0.0,-0.00041673792938151655,0.03766864916391732,0.04214597173903445,0.018709493118058418,0.000571534171420196,0.025876873985267945
0.0,0.0,0.009676557075832704,0.0,-0.00022613991171055448,0.019238715719382182,0.021269479364566357,-0.022318565539263202,0.034447630557259135,0.10700062559908641,0.022490178073583,0.13216376294529192,-0.02098944427086108,-0.02170351293003686,0.0007275173038614469,0.0,1.5377558467366548e-05,0.0,0.03760004466278066,0.0020343976095485994,0.00022627640739447674,0.003245835014099141,-0.01351894447833335,-0.004299124876275706,0.0,0.0018777689105431428,0.007309576331710033,0.023059420658442242,-8.408883050370353e-06,8.298710675952448e-05,0.011785632080932862,0.025235121356018186,0.01935324661312804,0.013338762161767825,0.050321101882045194,0.0020601001935787178,0.01380535614663328,0.0005821101634696513,-0.06052655802924212,0.0,-0.00032293050490000974,0.0,0.00043067523103212935,0.0,0.0,0.0,0.0,2.313416973764859e-05,0.0,0.0,0.04245869621469961,0.0,0.0,-5.416007020736524e-05,0.0,-5.544624024422795e-05,0.0,4.077171801575297e-05,0.0,0.0,0.0,0.0,0.0,0.0,0.0,0.0,0.0,0.02233935738213838,0.0,0.0,0.0,0.0005316683246470166,-5.3086340263852616e-05,0.0041155931232685905,0.0,0.0
-0.00024376095164208023,0.0262710600619237,0.01620398684259272,-0.00022613991171055448,0.0,0.01959158785705506,0.025285316937178337,0.02085598034720043,0.015348709662381166,0.03981184568364465,0.020651570563690325,0.03846116434106478,0.008695634995277257,0.01581963564975397,0.001011059236140921,0.018306254327896787,0.025379411133893137,0.003792666166152925,0.03377099370122605,0.029812217803709185,0.0036183879009112907,0.01631491063561963,0.019013837205832607,0.04735442360024189,0.008815547074933483,0.027193014851034536,0.015657110265646146,-0.008572754667361793,0.03421382616557783,0.021341535451084803,0.032733282810552045,0.025678773190793536,0.01448337769012259,0.04218639874173091,0.0328215686000331,0.016448044643518622,-0.030454906407268695,0.027593087725325705,0.03550567785960579,-0.001648089496373517,0.030590993661066213,-0.0009859494990084317,0.0565526252812899,-5.6944873167485976e-05,-0.0007390609349848809,0.0,0.020440227637064934,0.048042452292536786,0.0,0.040930447066177766,0.013794036577760682,0.022486734151409005,0.02030600777003011,0.03923839311679622,0.0015827719794411221,0.02911011241895095,-0.002248653832712111,0.02871557978735595,0.00015082386626813493,-3.0396197217785748e-05,0.00019923161316248716,0.0,0.0,0.037681657064064455,0.015163878287806132,0.0,0.028124053686948203,0.023191803341562234,0.0,0.00014274001768183053,0.0015552491378946764,0.017128958090079527,0.020759286438081448,0.016805107197389646,0.009440381523704078,0.010590485818979145
0.024145522604571312,0.01727102646691131,0.011175713634389461,0.019238715719382182,0.01959158785705506,0.0,0.0220231372053874,0.004753749008392205,-0.0038216451564797027,0.034059866258994376,0.025932696505282238,0.028905056729834788,0.007487532456910639,-0.005336738308958866,0.01083299859627701,0.022096836778211892,-0.04074605109963225,0.010657369892259294,0.025660093757830793,0.015225648036829909,0.027581296676654876,0.009851313805821993,0.016787197481066884,0.005317786202845176,0.01820149961004819,0.030376475824306803,0.004726735308489327,0.01461396839637763,-0.006046485048540939,0.017821004953838815,0.01729034389295242,0.022687289562629165,0.02432255428896729,0.027085083725469472,0.004876459201078653,0.02971676076433405,0.02456237771055686,-0.00692298593999674,0.036286660047496144,0.01295226969221941,0.028899610753872262,-0.0011488226024849446,0.040311876594924745,0.00462012708126236,-0.0013472138157575309,0.0008953033761088802,0.02521733716796276,0.029741516143849456,0.0,0.025764886354039174,0.01465113062539225,0.013230897747915304,0.008394875256125978,0.025170467678565456,0.004722651940387013,0.031499992753025174,-0.0022477837120999933,0.02303100375552003,0.02588400893076992,0.0306202267640327,0.01902189435581053,5.551115123125783e-17,-0.0027825721548090376,0.024108344271882798,0.028058185660633506,0.022501149892119265,0.031472150762389184,0.014362838436980496,0.0,0.024131308306862553,0.02962011748090826,0.015646270674624208,0.025354870739822344,0.019172954298682487,0.013712577532440928,0.019126033401641873
0.0169339837022639,0.017194525354907175,0.022626368283249543,0.021269479364566357,0.025285316937178337,0.0220231372053874,0.0,0.02368248026734926,0.022669245322826048,0.02668993209104259,0.022714425492649126,0.021168269041151433,0.009557605920138101,0.016766421551149102,0.009253204963149131,0.026319186228742464,0.005742075531380009,0.009745221199595366,0.03361787315386233,0.028075188367742587,0.03829003109773921,0.01900165661115949,0.02705290143421457,0.02996781704697732,0.0118267540974627,0.03563748129322736,0.018887418092875752,0.0032778005801594734,0.027205717271058305,0.01901951565918547,0.0038341157328540265,0.021698483292642068,0.012225223275257269,0.018799397744028168,0.0068768901117676196,0.015366708498183834,-0.03403731853027869,0.003307005334024282,0.017165162553732183,0.04011400088954392,0.037410620688891116,0.039769955299369775,0.03817038183750743,-0.0016057567242099835,-0.0007811922116794379,-7.566347286069863e-05,0.0160828104216606,0.03458414788486153,0.0,0.026356627403078092,0.022156436424026316,0.013818657670261025,0.023537312456394732,0.030893798246421356,-0.00027175440849774857,0.01007055387655581,-0.013839781650499261,0.028929596705397076,0.04304483391912606,0.025227181707105972,0.009099131256061432,1.1102230246251565e-16,6.2574309111496085e-06,0.028510202657170303,0.030588448786441458,0.004577613562968708,0.02365963961255102,0.02307485164541523,-0.0021305058052655257,0.010596981678502537,0.025160582017635935,0.020614322268654117,0.029974232958061564,0.025575539683932336,0.023097576141393628,0.023161493494459173
0.021786461708695914,0.036847284031940486,0.01432955110377454,-0.022318565539263202,0.02085598034720043,0.004753749008392205,0.02368248026734926,0.0,0.030289163809475494,0.03527216063489308,0.02024567324455656,0.0351430848304769,0.031198370207883075,-0.005466669685445347,0.025329867436248044,0.021258640550475605,0.006769215593784239,0.01654540075792188,0.049949668753364596,0.015040033253418683,-0.01112635322328459,0.018609576887790025,0.004060898725992523,0.02315818897034483,0.015326321252879471,0.021398559873125667,0.014712712236778669,0.03173971852782931,0.022793309122328465,0.020119435874956515,0.03104480504923951,0.020435009360545264,0.036232466247905215,0.028420003079789535,0.034385822444598035,0.03331012055432192,-0.07252554794828836,0.004473344610869623,0.018058646758733754,0.0005409398130754584,-0.0006526177642500741,0.0017073657884904003,0.024733710848414803,5.289672050712291e-06,-0.00017413525849335754,0.0017326623351853199,0.0030491732103384295,0.03673340559191862,0.0,0.007495017969651796,0.009474765946685115,0.02405743200476773,-0.005588766382467081,0.03580161599792153,-0.0002458584285083276,0.027441967740379325,-1.1102230246251565e-16,0.009601438451624589,0.0038482618363855914,0.004245368298966823,0.0062338443322638715,0.0,-1.04106193158926e-05,0.03223215994305573,0.018330344723595515,0.00553155712253639,0.019958857701700417,0.014270793537000837,0.0001475370313044344,0.0360574696871937,0.01979422276879783,0.0036481663432667566,0.011478594523831043,0.005252194565701418,-0.017011461027598762,-0.016524941079124777
0.004176980059106272,0.021993987414768656,-0.01002268767517872,0.034447630557259135,0.015348709662381166,-0.0038216451564797027,0.022669245322826048,0.030289163809475494,0.0,0.03454323147067634,0.025487061944212297,0.033580655199836995,0.04869290905480256,0.03627339077981284,0.02824939712309127,0.012744049410973346,0.017453670345343453,0.011486509616017104,0.015239479891199503,0.02261115861327556,0.0076726192903281976,0.01562546498013323,0.013093469179242312,0.03986205965252482,0.024951143921138286,0.004136220050173889,-0.0016009642884588504,0.029408310175551233,0.040456164977819675,0.027947566555662218,0.03529959375413394,0.04079367858808863,0.03285068449364209,0.03680195722463603,0.033810324045336404,0.05167588004837648,0.03925394389684023,0.02073253849321066,0.0612798760918466,-0.0025001539509331705,0.04216049445741976,0.002692805080468097,0.0649096824979436,-0.0011491049863792124,-7.526901010240783e-05,0.0,0.0012475097656865497,0.07821782494517715,0.0011136795373741237,0.05264618274662525,0.030314094226518984,0.039373330373946414,0.04393420815701865,0.050771496718469256,0.0026365810086695918,0.018397486157130327,-0.0023857869493766892,0.0344976419290004,0.06044031789177573,0.0028642543942346,0.0008107094273955839,5.551115123125783e-17,0.0,0.04625016791373271,0.02265535690489101,0.00036122386613746116,0.01504235141843685,0.0305944396822162,0.0007363058561862257,7.67477806628003e-05,0.0043771035952538395,0.026936001447053104,0.040315272295342375,0.0199143417514705,0.02471883958453358,0.02933310605653805
0.007022782134011363,-0.008000874995971408,0.034592337723797495,0.10700062559908641,0.03981184568364465,0.034059866258994376,0.02668993209104259,0.03527216063489308,0.03454323147067634,0.0,0.03752298419964317,0.021821811863948493,0.019937543710717154,0.0742694516921854,-0.0001572367670533148,-0.0032100719848842107,0.014777364804349435,0.00047169764591575847,0.05143337247108132,-0.023468146163571457,0.014428863344036091,-0.013385436927844663,0.03577681557354334,0.016489305088624895,-0.011768072652551531,0.01488184594872305,0.016966461789114207,0.01467164833205653,0.008047494710928804,0.0020964482540835605,0.01213291879262779,0.01688597824991256,-0.02054935201369701,0.0053206048823003504,0.026332791041713488,0.03553602755356461,-0.033903940122253895,-0.0078088509386334826,-0.0483817566607353,0.01842823435606522,0.0007092556660813765,0.054457522381004986,0.04714009481856918,-0.0008149777989472917,0.0498028306308671,0.038788227560313804,-0.010296896960281465,0.0010602381554124518,-1.1102230246251565e-16,1.6653345369377348e-16,0.024421790960712286,0.002164990324103,0.0009661589965906936,-0.002028009983238377,0.026377233752859497,0.0014315622318359367,0.026079703923689024,-0.016755220828003847,0.0,-0.00027418592516897933,-0.0009196472511454057,0.01073741006167267,0.005077585916655858,-0.0004753889427833169,-0.044764817214626884,0.00046159627962288896,-0.02599955679303073,0.023460883204066474,0.028191999159344172,0.0001859414104564694,0.009326942250444115,0.024765560598665748,0.023835508587467746,0.0022816813868148933,-1.1102230246251565e-16,0.0017464791069690122
-0.0004004531347078233,0.0003144397143133859,0.0004968309201683896,0.022490178073583,0.020651570563690325,0.025932696505282238,0.022714425492649126,0.02024567324455656,0.025487061944212297,0.03752298419964317,0.0,0.038138505400973466,0.0348877147305095,0.024246475753634977,0.0,6.284561833436175e-06,0.008558936292650865,0.00033693956985481055,0.02485951784837298,-2.8883021498060657e-05,0.005669931346402923,-0.00014001860166557023,0.016761450737207806,0.03776295676076641,0.005305742964958837,0.013064140894646581,0.015272792870091756,0.033674663764169555,0.002125905859816868,0.010628065086503213,0.03756565370002163,0.057061441858780426,0.03649717405384073,0.04019028544463521,0.03281424198331517,0.03869173666944886,0.022934275543321392,0.019961181709412856,0.07117747079785636,-6.431532361350634e-06,0.0829737366019177,0.0012389304157146008,0.08629712187025923,0.00029323745178894134,-8.743644740710765e-05,0.0,5.551115123125783e-17,0.12398934431129688,5.069011085606645e-05,0.06994648977155049,0.054182864175419065,0.06337096985264007,0.0646813811873383,0.06490436912543796,0.0013710178846143561,0.011247838514915565,0.0019846291221278234,0.05883321430311883,0.0699558813585121,0.0009335080471020718,0.0,0.0,0.0,0.1844312647646097,-0.0006732761972040313,0.0,-0.0014545793019885012,0.06059705282199401,0.0,0.0,5.165979303661805e-05,0.04988332557753039,0.058483182428231806,0.01676691098323757,0.0006936509967844229,0.06612634771951437
0.03180418699969512,-0.004695085105173691,0.028884946652585286,0.13216376294529192,0.03846116434106478,0.028905056729834788,0.021168269041151433,0.0351430848304769,0.033580655199836995,0.021821811863948493,0.038138505400973466,0.0,0.02463633643591734,0.003820169160517639,-8.801546848780095e-05,-0.007781891844827804,0.006409418604577555,-0.0045175788131160965,0.03475789954837111,0.06884197680798049,0.03377783282843427,-0.046865612159268544,0.05249730318430268,0.008685318421132071,-0.0054618141697641565,0.01578651862482011,0.012555172569275408,-0.013426734928518425,-0.000989091744593773,0.002138563711470698,0.015772258894920066,0.0283304322202807,0.010934251995438904,-0.003910602733308677,0.019495827019901824,0.03271007429697392,0.013436571948433895,0.0008021663316470917,-0.01925757076267587,0.036322963773539774,0.006333523473543323,-0.001955450463560382,0.04968450132948654,0.0009337709919555737,0.08131372949767818,0.02582749260174877,0.03895182625934601,0.000665647201371633,0.0,-0.0004298404706420955,-0.0034555159699741766,0.0013416925288966541,0.0,0.001706506844963207,0.028562112333102962,0.0005739835703053586,0.03303950656402632,0.011484245535846371,0.0,0.004243129732976192,0.00776703651709626,0.011205341135241076,0.006548350790014035,0.0,-0.02727639252416808,0.0002471723402567849,-0.02855822425136667,0.0065937257177984265,0.03164567991277667,0.0055221718277084775,0.00872800360782533,-0.017561113935066486,0.037461141702774425,-0.04386072654131212,0.0,0.007836741597815056
0.012735881763796031,0.01508581153368499,0.03798708884398749,-0.02098944427086108,0.008695634995277257,0.007487532456910639,0.009557605920138101,0.031198370207883075,0.04869290905480256,0.019937543710717154,0.0348877147305095,0.02463633643591734,0.0,-0.01016667637237978,0.0076292486990354735,0.0209097998674449,0.011286832566793081,0.004194168452531899,0.04473572428648648,0.02715323856097307,0.027970926900788395,0.012333231697529146,0.033084805921563376,0.01813322472254597,0.006194802469905558,0.023148531019720198,0.025386605297599174,0.004575648234640073,0.01561155015563892,0.010568217738768426,0.008066208866737923,0.021585817577153055,0.020900633978260086,0.00809248296895737,0.0049279769880438695,0.0077427043515975735,0.014033375229916767,0.01508756432376962,0.02581658983477303,0.028210331944039435,0.049250295346210726,0.01224578886043548,0.045535919518531254,0.005158026959047657,-0.0003282636729388111,-0.000532953720693452,0.020378989687264815,0.043157561887774865,0.0,0.03398221171633842,0.023149146244906715,0.01711592939451745,0.028964022506836995,0.0292672036075855,0.03719198915641497,0.02068420329289178,0.040359749797692024,0.025503089831870773,0.05398018281566991,0.027800757619241945,0.014430156575764852,0.0019683331754137834,-0.012945178346141728,0.031381168850847185,0.025490706914147954,0.006477243277446532,0.02616837443568787,0.025751572470489537,-0.0013354642303931574,0.009953304221666237,0.0293685335055196,0.023020307707153354,0.028026866138299078,0.027294336405073838,0.029184012622492594,0.02207530551395709
0.0030960008338689615,0.0,0.019848224423407335,-0.02170351293003686,0.01581963564975397,-0.005336738308958866,0.016766421551149102,-0.005466669685445347,0.03627339077981284,0.0742694516921854,0.024246475753634977,0.003820169160517639,-0.01016667637237978,0.0,-4.146640896451892e-05,0.0,0.0,0.0,0.04170947865291452,0.001498969122401217,-0.014380814559077915,0.0030062386872869995,-0.00805068078680532,0.00439676104622877,-4.9483670535255264e-05,0.004299209205337828,0.003256035798256174,-0.01783542588268905,0.005545950353762152,-0.0004801437684326393,0.06380874124994412,0.05265510347159352,-0.0007960442114838262,0.04701813565517032,0.0007418822370445222,0.006992956121015248,0.013986773692598625,0.0025864816017849845,-0.0024682200064617965,0.0,-0.002060689072340749,0.0,0.053118101171075016,0.0,0.0,0.0,0.0,0.04915755140009381,0.0,0.0442407354362791,0.00882279891415122,0.001457499256392658,-0.0027985515925258997,0.03696128549782174,0.0,0.08323715752737842,-0.0004549515565986928,-0.0018893316824909467,-0.0006546125188889862,-5.551115123125783e-17,0.0,0.0,0.0,0.002098477480606431,0.00017377982914446033,0.0,0.0,-0.011035592948628548,0.0001844277722235499,0.0,0.0,-0.004993656563901827,0.09075446754230243,0.0015681430745162483,0.0,-5.551115123125783e-17
0.0021868700846454647,0.01008179416736632,-0.0010426379436994093,0.0007275173038614469,0.001011059236140921,0.01083299859627701,0.009253204963149131,0.025329867436248044,0.02824939712309127,-0.0001572367670533148,0.0,-8.801546848780095e-05,0.0076292486990354735,-4.146640896451892e-05,0.0,0.006977531708620255,-0.01243734216578729,0.007458858141874969,0.0,-0.014614809381498228,0.012287656907441324,-0.01899279725211056,0.004273931848671031,-0.009142558371720955,0.013893768609168633,-0.0027074478953376113,-0.024290298699461865,0.02467754380271242,0.020933343233511925,0.006978480752037275,0.012008987169927654,-0.009659345889768356,0.020674400428131734,-0.0009271538168005855,-0.012429502683000582,-0.008605272154494581,0.0510239279743816,-0.0002623915596910442,0.020979273939806753,0.02414740399042764,0.02302328350747429,0.022849981178384993,-0.01044058479437493,0.000308263004339171,-0.0024633056357735716,0.03950889036343286,0.0330976904626738,0.0007064324860525661,0.0,0.0,0.010012089801497592,-0.00043286313038309876,0.017284823067086508,0.0011416908638816614,-0.00022589588144533712,0.0,-0.0004609379196001129,0.011044031222554096,0.0,0.03342680191993963,0.017780199708611777,-0.00030836551826912695,0.008625450415222558,0.0,0.04297874764472065,0.0212941666278319,0.033252891021651465,0.027178931406857343,-0.0011718280647287083,0.02374392947600057,0.029626435846219268,0.01585376119782267,-0.00622898468710148,0.0172200022532753,0.004303857044350046,0.03608525688291686
0.015880115938297745,-0.012720524678769052,0.002653476398489063,0.0,0.018306254327896787,0.022096836778211892,0.026319186228742464,0.021258640550475605,0.012744049410973346,-0.0032100719848842107,6.284561833436175e-06,-0.007781891844827804,0.0209097998674449,0.0,0.006977531708620255,0.0,0.003946688940874077,0.006890844796887841,-0.0007916858106882252,-0.0003575076620959128,0.012795699473431899,-0.02321637690749556,0.024824017558276623,0.013736568950078965,0.002163008221424234,0.014731984111275243,0.008326416673494874,0.013076223131336717,-0.001571619870669061,0.013654913720044182,-0.0014096133155046542,-0.015250065449218642,-0.0009838973367757853,0.0028224053428878015,-0.0010821212065023622,-0.07060581715834291,-5.8139366425291605e-05,-0.002730446157320987,0.01105772676233635,0.0023308805148353207,0.00819771239535394,0.011437091395333165,0.01476675062383176,0.0,0.0,0.001388513886529108,0.020233594539442012,0.0,0.0,0.0,0.0021285825222505106,-0.005917438499680461,0.003820125974619226,0.0,-0.02346398900582103,0.0,-0.004569774840111229,0.0065055663503952865,0.0,0.03082173601969035,0.015146792922358543,-0.019663864051153557,0.012521536500069153,0.0,0.045304967902623394,0.02965984602859767,0.02569732836173605,0.019274528137042557,0.05031471896457357,0.019799599848603355,0.018331790662754643,0.015509099148352967,0.03651858751847542,0.008008508228212363,-0.00011679034978950842,0.011969485013602454
0.0012794918728042393,-0.0014355709393789606,0.00113144131853532,1.5377558467366548e-05,0.025379411133893137,-0.04074605109963225,0.005742075531380009,0.006769215593784239,0.017453670345343453,0.014777364804349435,0.008558936292650865,0.006409418604577555,0.011286832566793081,0.0,-0.01243734216578729,0.003946688940874077,0.0,-0.016776936695513223,0.011646636918075437,-0.017363672307818045,0.0013961453268648838,-0.007699858893642608,0.007884010282251941,0.013040858823842982,-2.6930471992758775e-05,0.016083898029498223,-0.026638581239608772,0.007845723054273945,-0.006535044943586532,0.0020595899078265645,0.0069615065029715595,-0.001231647703326233,0.0009527856243031207,0.0005914124902254847,-0.002806422879575332,0.05716533706054544,0.0002454412889383861,-0.005533539016494782,-0.012041698479065166,-0.0004932160562463039,-0.011244473460817084,0.011437744787462178,0.0,0.0,0.015393929035205312,0.01244088728297088,0.0030615028310099213,0.0,0.0,1.6653345369377348e-16,-0.08758997751636527,-7.490699879669771e-05,0.0,0.0,0.00903954372054655,0.00013293981504186592,0.011070586609065403,-0.004084768694130658,0.0,0.0,0.002884145016166184,0.000673942424830376,-0.00525643230281031,0.0,-6.693716877043121e-05,-5.551115123125783e-17,0.009176096068753081,0.001865100570915601,0.005514327768481486,-0.002455234024930808,-0.0036923676970521124,0.0,0.0005648904204029748,-0.0006305311742978992,0.0,-0.015066445819134577
0.006547044448713235,-0.006733984031307205,0.005080928883557823,0.0,0.003792666166152925,0.010657369892259294,0.009745221199595366,0.01654540075792188,0.011486509616017104,0.00047169764591575847,0.00033693956985481055,-0.0045175788131160965,0.004194168452531899,0.0,0.007458858141874969,0.006890844796887841,-0.016776936695513223,0.0,0.012417592946640688,-0.0060499894691921074,0.020104116385279203,-0.015866080630447366,0.02852325744909956,-0.00016500961099330524,-0.004093785391574789,0.009370480078110588,0.0040441572271986415,-0.001114221713407526,0.0010745309125425595,0.007148001035476359,-0.008742191402243193,-0.01176485765780727,-0.006822011982816789,-0.013528483449092299,-0.01423906744575515,0.0029390036549118426,0.0,-0.03424453207194661,-0.007184855756035724,-0.009989353118805389,-0.013208600252108127,-0.0017440249154394571,5.551115123125783e-17,0.0,0.0017140084210185424,0.0009382798194323971,0.008485095970085121,0.0,0.0,0.0,-0.02067163538442307,-0.01037193514977347,-3.5818349816751915e-05,0.0,-0.003929093072318923,0.0,-0.009353516692629127,-0.016306363984937733,0.0,0.014922047244458614,0.0010359585566369067,-0.014454112633280058,-0.004092749856379363,0.0,0.02140052918840263,0.029051720067675812,0.006142734167898456,0.026399044605196154,-0.00392914168397368,0.0003690877902214895,-0.0015781438764569944,-0.03204101057910258,-0.011618614910477831,-0.014284831445521284,0.0,-0.010262417680285574
0.0,0.0004927826589183892,-0.021691468235374933,0.03760004466278066,0.03377099370122605,0.025660093757830793,0.03361787315386233,0.049949668753364596,0.015239479891199503,0.05143337247108132,0.02485951784837298,0.03475789954837111,0.04473572428648648,0.04170947865291452,0.0,-0.0007916858106882252,0.011646636918075437,0.012417592946640688,0.0,-0.0014666806791263087,0.0017119951635836128,0.0027785697052300495,-0.0492303715339254,0.0033500069698731982,0.006785744753825262,0.016699524454227954,0.01233462275871361,0.04661810092580271,0.0009848001153397457,0.010533872409858924,0.04341565643265494,0.05490957133966312,0.04953688435800796,0.04883843671697857,0.04535514915617217,0.049482679531389906,0.0535406551020568,0.04500918560522227,0.058045673773978734,-1.8567750031561747e-05,0.04436693664643143,0.0013048089755282044,0.06987752319787821,5.551115123125783e-17,-1.6653345369377348e-16,0.0,5.551115123125783e-17,0.09987431883213338,0.0,0.06138971372544877,0.039405641658225465,0.042489538962095175,0.04914448623741041,0.05446163792074543,0.0008756544274872713,-0.06980369311821255,0.00048203879504549185,0.04142911656015613,0.06076629347849949,-0.0007969485789838249,0.0,0.0,0.0,0.06981543609016683,-0.001378506541947433,0.0,-0.000500680412404364,0.03933314093444784,0.0,0.0,0.0023000491752093732,0.04151270198202783,0.042683557114908344,0.028618951148792537,0.001691676350675353,0.04289368530234405
0.015246593027115174,-0.0036655479769749366,0.005593027917606186,0.0020343976095485994,0.029812217803709185,0.015225648036829909,0.028075188367742587,0.015040033253418683,0.02261115861327556,-0.023468146163571457,-2.8883021498060657e-05,0.06884197680798049,0.02715323856097307,0.001498969122401217,-0.014614809381498228,-0.0003575076620959128,-0.017363672307818045,-0.0060499894691921074,-0.0014666806791263087,0.0,0.026979334363633922,-0.004745974759473193,-0.01676344229826071,0.05289846865744757,0.004866282539612299,0.00687577029940134,0.004010691312163139,0.03128008732367654,0.004056548135240756,0.04610193110096489,0.010422943655500339,-0.02034153011842882,0.005147968909005096,-0.0013815982308111874,-0.0161575319664492,-0.01172703512603157,0.006172053105064079,-0.003688859219099505,0.02592133281131187,0.01571550784171777,0.032395177928149,0.020169802955635086,-0.003342480195821229,0.0003089223662561813,4.580672979864753e-05,0.005577279899548981,0.024557712325062986,0.011660870349077146,0.0,0.0008920531950664667,0.016253588323756618,0.02346461450406051,0.04889905458214566,0.015579692675188328,0.0008378863887206767,-0.0019047011771312627,-0.0003147551360360157,0.017579172610254434,0.0,0.04296234956325745,0.012590215150953488,0.00031158863713864893,0.010444962597366936,0.00012188497527076958,0.040240260129544236,0.041565246362815556,0.035644791344493276,0.038357430961802164,-0.0022726243837032367,0.022304534427769973,0.02869234338434823,0.028885453827500185,0.02167998636527646,0.03120504327137774,0.01918752277478092,0.03902046641545137
0.012960223991143938,0.01961318813021068,0.002620731807465526,0.00022627640739447674,0.0036183879009112907,0.027581296676654876,0.03829003109773921,-0.01112635322328459,0.0076726192903281976,0.014428863344036091,0.005669931346402923,0.03377783282843427,0.027970926900788395,-0.014380814559077915,0.012287656907441324,0.012795699473431899,0.0013961453268648838,0.020104116385279203,0.0017119951635836128,0.026979334363633922,0.0,0.01447309570270977,0.03181839416182186,0.026798852600697753,0.01633291535877457,0.025589015643616708,0.02525709133873799,0.034770977361601174,0.02707415038969152,0.03684758866302479,0.013992905524874755,0.012303468937900852,0.012981391078000504,0.012857294808473418,0.0020298621914403014,-0.025597455493128474,-0.0005960231970602581,0.005154666508146777,0.013408968129376087,0.03532521843971426,0.010140473048368848,0.006717358710419008,0.0002085367418044326,0.0,-0.0003235733618357495,0.053035823067688115,0.03744635691051684,0.0014472800131862806,0.0,-9.058925233873527e-05,-0.003232539681056912,0.0061640622484551155,0.020118146316002783,0.0009720186853713897,-0.0012023858582270175,0.0,0.00015265814575105008,0.01624058169122472,0.0,0.009369764823465021,0.020138011768291164,0.0,0.054088081141611066,0.0,0.02038814233802949,0.02121453593695699,0.01689046771116215,0.01091108849824557,-0.002397178885838014,0.038342945869449196,0.036110065609130104,-0.0049519759579949585,0.010346358206466677,0.01192264355671413,-0.06666548336153194,-0.021269240389029
0.004652821159047638,-0.010063345332446905,0.02180539176119256,0.003245835014099141,0.01631491063561963,0.009851313805821993,0.01900165661115949,0.018609576887790025,0.01562546498013323,-0.013385436927844663,-0.00014001860166557023,-0.046865612159268544,0.012333231697529146,0.0030062386872869995,-0.01899279725211056,-0.02321637690749556,-0.007699858893642608,-0.015866080630447366,0.0027785697052300495,-0.004745974759473193,0.01447309570270977,0.0,0.012659829435325454,-0.03074540734965947,-0.005704375440135023,0.005900908516008607,-0.010652657868249593,0.005870677283444925,-0.017315737669531706,0.01662762165013487,0.0005547136649226014,-0.02475768067997275,-0.0040344846704046256,-0.0057256263709545285,-0.021686437141063664,-0.01892084716054171,-0.013314780557959482,-0.00119707373444633,0.013104294569812547,0.00015002606777209104,0.015708019082637692,0.02221463331673995,-0.009550946132056037,0.0,0.0019303651031493119,0.01448346337389228,0.019076501422313652,0.0007518987766908514,0.0,1.45857113738046e-05,0.004039486563033157,0.002332478844852548,0.03658609723143891,0.01085851542431393,0.0033866556642767054,0.0,0.0017168294276690976,0.007865022415364298,0.0,0.03597498366473384,0.007672432196192069,0.005480128199009893,0.014166859258730957,-1.1102230246251565e-16,0.023662225910250523,0.02547594290341526,0.025578833097921028,0.024350957786537508,0.001090863462459457,0.018498681169311193,0.023530150386047388,0.0027577066575071862,-0.0037003570534519525,0.003535357244540349,-0.01226378114252985,0.014997003895273475
0.022801736103290282,0.02485641983485709,-0.04390158994946758,-0.01351894447833335,0.019013837205832607,0.016787197481066884,0.02705290143421457,0.004060898725992523,0.013093469179242312,0.03577681557354334,0.016761450737207806,0.05249730318430268,0.033084805921563376,-0.00805068078680532,0.004273931848671031,0.024824017558276623,0.007884010282251941,0.02852325744909956,-0.0492303715339254,-0.01676344229826071,0.03181839416182186,0.012659829435325454,0.0,0.031820751117655255,0.03723162908921618,0.018029277464075566,-0.005372123924381467,0.03142265150169726,0.0174690169376453,0.0204612900330553,0.026164320497191862,0.02689698265915136,0.05081814502970461,0.02801462125225579,0.023598435635050985,0.01246857594551909,-5.1352031180340596e-05,0.026335033179028022,0.030135601561485093,0.024956575760123445,0.03266524796666426,0.024819633550811182,0.039197670901455095,0.03770045906782171,-0.005412751033928853,0.002191695210135236,0.03011995831085068,0.04901769636768316,-2.8205006970316582e-05,0.021811310794039196,0.016147782739794225,0.015120838383532842,0.002544195286124651,0.02933023669898205,0.025196027282772038,0.05117429955789893,-0.002103274390097498,0.018246020009878516,0.021742098110430375,0.03892980678139207,0.026393878550105276,0.000579885617167708,0.006512078262862653,0.0605875478687633,0.035511793678475345,0.03980298530713339,0.041831692607414095,0.017217025774936667,0.0009521454502531834,0.0244176995057796,0.03002927492778734,0.01334149639221549,0.019392408636710323,0.022827507590985063,0.016399390136642156,0.023338030868031434
0.00849352220270766,0.006700501251133917,0.0008696374925670214,-0.004299124876275706,0.04735442360024189,0.005317786202845176,0.02996781704697732,0.02315818897034483,0.03986205965252482,0.016489305088624895,0.03776295676076641,0.008685318421132071,0.01813322472254597,0.00439676104622877,-0.009142558371720955,0.013736568950078965,0.013040858823842982,-0.00016500961099330524,0.0033500069698731982,0.05289846865744757,0.026798852600697753,-0.03074540734965947,0.031820751117655255,0.0,0.0071505085683871705,0.016285894718398752,0.03981385500260387,-0.014250597353871686,0.029068057119571278,0.0035587209035544687,0.017205090843791515,0.029580981061314404,0.008672311661665488,0.0032252519594490048,-0.014415333044109413,0.030428066037023527,0.003835371992144454,0.014839375956184397,0.007031892500657055,0.016241395438921447,-0.03287213862558924,0.006880547999831288,-0.0006988164810207698,-0.0001239391418029201,0.057865855595042925,-0.03614797447068868,0.0165644355247086,6.050064266199806e-05,0.0,0.0,-0.0014655448684983141,0.0009544506564343469,0.00037279651619559484,0.0005946677936387035,0.014283951389826355,-0.0009740096728147463,0.02086381491517464,0.0038573968578289874,0.0,-0.001637912327998814,-0.015918062863142735,-0.007594044110014575,-0.0017290382776573576,0.0,0.001180672371765945,-0.004183240814031763,0.00073185205458276,-0.00146108754707297,-0.006553295259109249,0.006578566728733748,0.003192101994028862,-0.009691525668445444,0.0015316213182269833,-0.062410390971362584,0.0,-0.03915079426973761
0.0028293409814064696,-0.015425611862473543,0.004599403538009694,0.0,0.008815547074933483,0.01820149961004819,0.0118267540974627,0.015326321252879471,0.024951143921138286,-0.011768072652551531,0.005305742964958837,-0.0054618141697641565,0.006194802469905558,-4.9483670535255264e-05,0.013893768609168633,0.002163008221424234,-2.6930471992758775e-05,-0.004093785391574789,0.006785744753825262,0.004866282539612299,0.01633291535877457,-0.005704375440135023,0.03723162908921618,0.0071505085683871705,0.0,-0.008409422822107937,0.011545700164651007,-0.0019022023985891812,0.007944010411151281,0.003770235844732961,-5.262816778556223e-05,-0.007500798413654197,0.00043936654146009557,-0.008530491501678117,-0.003932924681103289,0.004157949528739491,-0.00018063776147669852,-0.011826755729929694,0.0026627380922065735,0.0010270266869900624,-0.0034811630194682697,-0.004811071752021556,-0.0006024330091042862,0.0,0.004094493053398762,-0.0024912706850706567,0.016040007316360072,0.0,0.0,0.0,-0.010062049390464123,-0.0014494091801326436,0.0007473554236370195,0.00016323663243883457,0.006887915651349552,0.0,0.0003440397701808262,-0.007635149532662866,0.0,0.019142837126185197,0.0129423323244523,-0.0034847376643900585,0.0035238011765415522,0.0,0.00448297402999831,0.011432455627550964,-0.0028779172778404805,0.0015948366843393513,0.0013134739956204844,0.012332119171328315,0.008812589812462579,-0.014480662464381122,-0.00831346616096934,-0.0146255302551066,0.0,-0.0032094766638865457
0.01215733267035568,0.012934521838793567,0.03736149172481651,0.0018777689105431428,0.027193014851034536,0.030376475824306803,0.03563748129322736,0.021398559873125667,0.004136220050173889,0.01488184594872305,0.013064140894646581,0.01578651862482011,0.023148531019720198,0.004299209205337828,-0.0027074478953376113,0.014731984111275243,0.016083898029498223,0.009370480078110588,0.016699524454227954,0.00687577029940134,0.025589015643616708,0.005900908516008607,0.018029277464075566,0.016285894718398752,-0.008409422822107937,0.0,0.00390782615347296,0.0074376185732290545,0.02612025716550831,0.012425523676977968,0.007732016928196028,-0.0035969693353608,0.015685875563981322,0.008287277332580611,0.003969139407192068,-0.0006373611108057009,-0.00012138509222636706,0.0017031067770949537,0.013450632168530818,0.020260374313853746,0.0014773540496592075,0.005440991274537288,-0.02394769082294651,0.0,0.014468518339300795,0.01586554193639872,0.032082549916240044,0.0008739129665246148,0.0,0.00043652435529473177,0.010202576973248612,0.007813265600648767,0.038406904702885825,0.00011884124489169867,0.010382874929718788,0.00011610356300373326,0.005075602271305046,0.011948621830807082,0.0,0.027011992491249748,0.02601601015615751,-2.976852709946076e-06,0.01255014427809803,-5.551115123125783e-17,0.025783047390508074,0.03864874283563857,0.02059816894298372,0.023100253771119572,-0.0004895775394405666,0.020522631436203087,0.019836188943134325,0.002543732677948829,-0.0004927986316775601,0.0010533427440314047,8.849993205733986e-05,0.008579374939564954
0.012408908367476601,-0.0023914071949009963,-0.006730672498660606,0.007309576331710033,0.015657110265646146,0.004726735308489327,0.018887418092875752,0.014712712236778669,-0.0016009642884588504,0.016966461789114207,0.015272792870091756,0.012555172569275408,0.025386605297599174,0.003256035798256174,-0.024290298699461865,0.008326416673494874,-0.026638581239608772,0.0040441572271986415,0.01233462275871361,0.004010691312163139,0.02525709133873799,-0.010652657868249593,-0.005372123924381467,0.03981385500260387,0.011545700164651007,0.00390782615347296,0.0,0.023043610814859672,-0.006901704169241796,0.011152879207668276,0.008389691617221862,0.0042482620865348375,0.007463422215627624,0.012528272191279943,-0.005528001654012404,0.009233674760208421,0.011932628491432562,-0.0008063893176290526,0.03203429327595453,-0.007017477938176253,0.03078241243532076,0.016928651955736895,0.02405379315858991,0.045131121037520816,0.008195686601644159,0.00011964271610409583,0.01326023622545025,0.047646369564841695,-1.6653345369377348e-16,0.01880800810342853,0.021719812190926224,0.02098350429481588,0.01699728213471252,0.030634788285627934,0.034553119483348216,0.053146084292515106,-0.0012985178968865085,0.023576007793139175,0.005202826315028997,0.03665660060548348,-0.00016581523388103925,6.467332107734647e-05,-0.02656835192464424,0.035068025054020624,0.025826038041105615,0.03271625563981423,0.02216989087401189,0.020982994341675942,-0.00035750100161902054,0.011403791326892398,0.0134180931996295,0.01905437720923464,0.021401942540720698,0.020090701836934344,0.020650311190862913,0.024202823648287075
