0.0,0.022247817226280775,0.00207382850649912,0.0,-0.00010109233271321516,-0.0016565447157560476,0.011415567396814708,0.01569990485438255,-0.0032147234370210054,0.043099270898857955,0.0001860549814867163,0.044890639576332714,0.01662481404863264,-0.005501448577662382,0.02875083759563718,0.028254515427456994,0.035541725206063635,0.028028925035896657,0.0,0.010084802759446732,0.03527211315699025,0.019219470303265596,0.03415095371572241,0.05366903745478846,0.03105589880133719,0.03565421714144429,0.026699638786838287,0.02035344758961971,0.015351553000527152,-0.04282766946258609,0.018938184337878305,0.0034712767955353274,0.02187624300858898,0.016780651913648192,0.013448103629444041,0.06466326552347901,0.0,0.01636635323202479,0.010627542535933288,-0.01081162881726222,0.0034450959399220937,0.06321560849001928,0.0,0.0,0.00643435056605568,0.027304426060414277,0.03144391281388054,0.0,0.0,0.0,-0.0010999613392262964,0.0,-0.0005106349400205157,0.0,0.06837158637539459,0.0,-0.009077575133477067,-0.001939248606500632,0.0,0.003273843514361996,0.02081359097181512,0.04113596479474896,0.028784875797249476,0.0,-0.007921702007369413,-0.008253379240180547,0.014011879516043768,-0.003854605004661893,0.05189033080663513,0.027816138930427003,0.028359961971049397,-0.004468348797128319,0.00013751048758586792,0.0009802118964648,0.0,0.030233481412848817
0.022247817226280775,0.0,0.015016251096469091,0.0,0.02355620211417797,0.030944263358940904,0.03510844156835474,0.0034146454741433296,0.03447987025129795,0.01728092954234789,-0.0005002587409451142,-0.00030154383079139535,0.034742594553191786,0.0,0.021077435132156208,0.024792616396918266,0.039087189825160906,0.040460559458903644,0.0465563813484316,0.029899029604543326,0.013867045649653131,0.003583398114368863,0.01825472045879628,-0.0012873519852672488,0.03765613470605028,0.03086065947977845,0.02464896279244394,0.01458463788711123,0.03833887178450435,-0.00549800830121111,0.018027860794909922,-0.0047645235532707275,0.04721370921119766,0.015200142457171273,0.016136680363573686,-0.07710629533968344,0.0011730664334066443,-0.00010841584730136855,-0.0015357520986662432,0.013761512934707398,0.0029599402140149667,0.003523509341969877,0.0027781724614242553,0.0,-1.952645426156474e-05,0.02347155405332313,0.0034319447736582687,0.002095563463862582,0.0,-5.551115123125783e-17,0.011635583829223972,0.00679119681251561,0.0013113240349089117,0.001793135801421819,0.015932456961720576,0.0,-0.0019384696503152443,0.019253305187159675,0.0,0.010393465746926511,0.012338736996456934,0.0026542218890475144,0.01936839296524223,0.0,0.008891044759076372,0.028962170338272142,0.0033085558010491622,0.0033046860680302492,-0.0011458387450581364,0.01414536243923259,0.011131618969407175,0.015291851384938826,0.02560045201038813,0.01417137008723568,0.027857168794476306,0.007512688117308319
0.00207382850649912,0.015016251096469091,0.0,0.0064112885351431115,-0.009823048899543163,0.0009534771272871057,0.017116225444345767,0.011427144015303425,0.0025185415739192307,0.005037626917063498,0.008547467335450587,0.049228029466520995,0.015611486778568329,0.00324756277882976,-0.0012708537073954917,0.02247771151442729,0.0014395943480051687,0.0021229746714746534,0.00999203398170101,-0.004215518936765972,0.08532565573798662,-0.0031050237239074185,-0.036963268643640135,0.0007878024745410217,-0.03345517788448865,-0.014935593102238909,0.030149210482256272,0.00507198167653955,0.009470549383313098,-0.0172985960528812,-1.791759632396861e-05,-0.016678795593735363,-0.01562408309285862,0.0039062046864117295,0.002652431419598089,-0.008976423196748962,0.027904084634970516,0.004634771984656505,0.00615155648333654,-0.042629452830374226,0.002105488483576612,-0.0007711415699166446,-0.008823779098048712,-0.00046046305229369144,-3.815368693332877e-05,0.0,-0.07352334246226622,-0.04861743603086416,8.470175284680526e-05,-0.00862992632760462,0.0051740089023861735,-0.006422306814667489,0.0021461473453342483,0.002281015699604705,-0.0010476630215777716,0.020720692900910664,0.00013669619731077054,-0.02339257466891087,-0.011543400380603697,0.0012635085626485076,-0.00014853128459563214,0.0,0.0,0.10752950943625189,0.008967097840639093,-0.0011754483712067554,-0.016342532653181585,-0.00457491932350218,0.0,0.0,-0.016611444546024645,0.0053055158802328695,-0.01644033726221117,-0.00601413930327116,0.0007194330086773837,-0.0025704116443837632
0.0,0.0,0.0064112885351431115,0.0,0.053644238870042715,0.0023885151579555175,0.047474345071613744,0.002490284980972479,0.027464660422757914,-0.011798494950440663,0.04698296231909982,-0.0022180599871122197,0.049742606851479854,0.010727289939042262,0.0019598673038226933,0.0,8.280756922013355e-05,0.0,0.0604170182760671,0.00048189325781322623,-0.0005107462753207725,-0.0005009489648866161,0.00019221760193499637,0.0011434240035601562,0.0,-0.0002457389489286532,0.000497858901878534,0.054206899187222324,-0.0007663339684903514,-6.006048475548642e-05,-0.002990288479145231,-0.018869310312531973,-0.009301611980889302,0.06702057104748521,-0.0474177028276237,-0.007669496271032028,-0.006319549531728391,-0.0016857999103666588,-0.0003079185025284814,0.0,0.00023371537367650186,0.0,-0.0003801289077450809,0.0,0.0,0.0,0.0,-1.6742955660065117e-05,0.0,0.0,3.073991015134503e-05,0.0,0.0,3.9197415093283894e-05,0.0,4.012825843646706e-05,0.0,-2.9507826504016066e-05,0.0,0.0,0.0,0.0,0.0,0.0,0.0,0.0,0.0,0.0018249151661971497,0.0,0.0,0.0,0.0010286147621477726,3.842032159734332e-05,9.257209866142535e-05,0.0,0.0
-0.00010109233271321516,0.02355620211417797,-0.009823048899543163,0.053644238870042715,0.0,0.011100045138159875,0.02791373630273558,0.01106275109253807,0.01769029094528346,0.02087913187569429,0.01939787572855861,0.02144940184799421,0.03920111458662806,0.04210147064702424,-0.0004536325460668955,0.02163442928931847,-0.0035469666243013176,-0.003907390076448081,0.030519733232171442,0.024340322692486982,-0.004034790771297925,0.014740018230520902,0.025070277864881307,-0.005601293817290853,0.011937150907717742,0.0020044750716623483,0.016098941808637468,0.07046488899391362,0.0229833846357983,0.02138246142808148,0.021625362152053407,0.03698338862033185,0.0038719023244032647,0.012283627662499352,0.014249241367000953,0.06206638740088649,0.15838895910545903,0.014930692591051786,-0.00912750829224207,-0.017763535757346904,-0.065916870383462,-0.037891191717544404,-0.025555676510457426,4.1212868122864066e-05,0.01592586504791088,0.0,-0.013148367432448016,0.012253002341219621,0.0,0.006579208375116274,0.01601056918125232,0.011598982363728805,0.004688828269452883,0.009282943344256611,-0.000510128623761763,0.011675475011483749,0.0023034090744368796,0.01204318952293204,-0.04712370998740889,0.0013303639945704826,-0.0009485257814427217,0.0,0.0,0.003284397951688889,0.0027846842235610403,0.0,-0.008411634267151191,0.013081843513948366,0.0,-0.000255818141852604,-0.01915181097719154,0.00961887023098218,0.01806660795283832,0.008827638087029521,0.0034159008118026524,-0.007183849147533783
-0.0016565447157560476,0.030944263358940904,0.0009534771272871057,0.0023885151579555175,0.011100045138159875,0.0,0.018626832612269772,0.02579241767107715,0.006931093591516169,0.003230496709897057,0.018080330807832612,0.007834985372703773,0.017796406209570403,-0.006979367819704985,-0.0023141629651937667,0.033588473645248085,0.017967263857189997,0.039230509684827,0.018787640635395564,0.031256727570992904,0.011582516410337196,0.025305859736775627,0.027577147914219502,-0.04670439790635661,0.03835662155568509,0.01535313536118249,0.018103926295241823,0.024533715975267878,0.022985561056475312,0.009470500461895959,0.021523324370431363,-0.00320474138460497,0.01666019837079835,0.010393254791082662,0.010941607659391728,-0.007490148097214655,0.02010952893051282,0.01768675023488636,0.03227593976091764,-0.00987047455039497,0.021841488967680678,0.009453930212014017,0.00926461444288823,0.0033919681592371465,0.001733694129170349,0.015999852481527355,-0.0032432385754530557,0.0096194321673575,0.0,0.009073082665135956,0.017604722709810283,0.005271073057106612,0.015050166480823524,0.0027017386740495475,0.0010711179636316848,-0.002390904235183622,0.0024876766125120353,0.011499507045148682,0.0047744716883973415,0.004488967543183231,0.0015798230872177133,5.551115123125783e-17,0.05375661240508256,0.009949641204312298,0.010069141389872416,0.01291983573817046,-0.0015347044477218574,0.00991541775961946,0.0,0.021081160113760544,0.0045366102260401275,0.016573928196881416,0.019643393594651837,0.028258494629342767,0.013165602969149814,0.009233155343491006
0.011415567396814708,0.03510844156835474,0.017116225444345767,0.047474345071613744,0.02791373630273558,0.018626832612269772,0.0,0.004520902085103029,0.018834683264382868,0.029351899226795763,0.022396389394800875,0.033495852397702364,0.01799781515152865,0.04517181638829626,0.015967715061675436,0.039703616008829434,0.04032752583514759,0.04679216127465219,0.026282915803189866,0.03195683911156755,0.008459754610649739,0.02971272760617899,0.02303375778679906,0.015842369281122815,0.0442836944830487,0.026173137516925293,0.016313880289727467,0.0662812233423854,0.030315376298570673,0.029702725534986707,0.038610477054972725,0.029918533984724216,0.026589794464558503,0.0290230826142322,0.038573776679576954,0.008975080510014943,0.05988569150714185,0.0315552177353538,0.004833636117106743,-0.01614709217907312,-0.0056195053506993276,0.00019826821786461668,0.008724616618259684,0.0006169569318433821,-0.0012621936411711387,0.0002481665684734291,-0.003396459689713416,0.006404008199152655,0.0,-0.007172120425771755,0.014011236964005414,0.007731871728237194,0.007052042658520552,-0.0004009044370838488,0.0013244615065296506,-0.004247127708712384,0.0035425285737950563,0.009293325904331406,0.0021111106865923657,0.014706160547924285,-0.0035456156288413143,1.1102230246251565e-16,-0.00014561538012886066,-0.013405741029985041,0.0197647678512764,0.020520458741006053,0.01778952749307211,0.005231613858739048,-2.8447565830813648e-05,0.035568725758298225,0.015075217294448606,0.009256749112550922,0.01353291480665375,0.01769191303501494,0.009070138937078198,0.007019424043939848
0.01569990485438255,0.0034146454741433296,0.011427144015303425,0.002490284980972479,0.01106275109253807,0.02579241767107715,0.004520902085103029,0.0,0.007251739006889468,-0.0017262878684404237,0.029446581376765313,0.046460098744367406,0.007208178628450246,0.032212486548459096,0.0016815319025830777,0.00989197734585101,-0.0037094394243487594,-0.005535384559596457,0.03225216492375749,0.011883271380585425,-0.005148158696302363,0.013926539915267544,0.01997551361548222,0.012907577278376436,-0.00812463105951372,0.008573352405042978,0.01567625116686827,0.0014873808014333467,0.025438216990933904,-0.0006111708108753611,0.0011379017167150174,-0.003449303298715012,-0.025954729831545675,-0.0019355023899250146,-0.009396796858856193,-0.02504122617480037,0.08929368427765,-0.037706772307048664,0.004346792621042872,0.00885346381558283,-0.0014249009232432108,-0.021818511748206815,-4.7310495807140196e-05,-3.8283087573920405e-06,0.0002820457077196137,-0.0010592126511996813,-0.0016964742224283014,0.006579180626243741,0.0,-0.02331816122469127,0.018673627708882368,-0.010437645190304656,0.045723054836518284,0.005437216647765308,-0.00012237601859554914,0.00980507119551427,-1.1102230246251565e-16,0.01306367662360236,-0.022108662368980847,-0.00041185311323471696,-0.0025690064741276664,0.0,8.666118007205625e-06,-0.006626267680047926,-0.006104090021285091,0.03818633966250673,0.006120618970199332,-0.007135531179866872,-9.406105020198785e-05,0.029116626127677403,0.006119832099241662,0.0020775621604310346,0.02049485980383675,0.01919736218613899,0.0027115942806096305,0.00045421319395377857
-0.0032147234370210054,0.03447987025129795,0.0025185415739192307,0.027464660422757914,0.01769029094528346,0.006931093591516169,0.018834683264382868,0.007251739006889468,0.0,0.011439820568142911,0.00831461405002537,0.024281763205707074,0.0006137053686699478,-0.0054988639053541455,0.017094177002372923,0.04407878009960725,-0.010961340545242226,0.009788036024388158,-0.0037631836624419934,0.03814644717136284,0.01858281835598896,0.03288839822910811,0.025346588506970302,0.0002754039723056323,0.012266961502926665,0.00330883060696896,0.018287259906655695,0.02066262350724335,0.03157215310334577,0.020760332517050895,0.016512022695715722,0.008417305931772201,0.00894095862741301,0.01653606943311886,0.01650549871590168,0.0009125444272577998,0.03673704974138087,0.014725463339500644,-0.019809162863431706,-0.03168256600541253,0.011452283303890587,-0.03176730128733368,-0.013414889488950033,0.0008380376521626709,-0.06146578164048078,0.0,-0.0004941144138821407,0.015693959526687062,-0.0006065250479928563,-0.00803104160203405,0.006481646562219057,-0.007138762320447634,0.003114135992046574,0.004125313769475336,-0.0005516797404302443,0.008951366643224934,0.0007659976459889473,-0.006499293516294968,-0.009655493506018131,-0.000205169498176061,0.000405933500040756,5.551115123125783e-17,0.0,-0.0007385052216636323,0.0034990182130094083,0.02026554366329608,-0.007442596723799155,-0.002031361468804005,-0.0014635511324336825,0.001085598228593776,-0.004793228709911779,-0.0007966490919253388,-0.0023889939178201036,0.007576225937883818,-0.014489956476245736,-0.008770431296766246
0.043099270898857955,0.01728092954234789,0.005037626917063498,-0.011798494950440663,0.02087913187569429,0.003230496709897057,0.029351899226795763,-0.0017262878684404237,0.011439820568142911,0.0,0.006371962777756979,0.009241872855947575,0.02084231620617777,0.07736744712351351,0.0221109211850809,0.016051323549597263,0.006436070530736193,0.0019616022302758607,0.011982168886185418,-0.0024339557123873035,0.022148577220406918,-0.01159738824799117,0.016978374692721676,0.0052245218038023955,0.023895298058000114,0.02889881648631365,0.0012119951275892382,0.022447522917951324,0.011061081870493428,0.006748570869385795,0.015445927382833236,0.0008912471153465495,0.008238432193898138,-0.0024049300788566152,-0.023410336514663732,0.054922974455964946,0.024397964111134263,0.01882960884201046,-0.02890404534326385,0.011314960303750898,-0.009794353010861456,-0.06131229801602478,-0.004957393424461942,-0.00034401662969735236,0.005088216587200489,0.04196505131944689,-0.001093368562798791,0.0031402045579381754,-1.1102230246251565e-16,1.6653345369377348e-16,0.007992281596736817,-0.0005395710820811916,-0.0008959204994022363,-0.0010784855524521575,0.020911604520696125,-0.0013995041219757587,0.039470781588976156,-0.009058534747352076,0.0,-0.0021426220253730754,0.0170944280128818,0.011077855048746366,-0.0012101310996111003,-3.5786989113828493e-05,-0.002193166964903792,3.368089543437369e-05,0.012745295179484528,0.006520172210078723,0.02047549245167435,0.009839065113251944,0.017801744846432987,0.005266107479274362,-0.002177964777038466,0.0025454632551443757,-1.1102230246251565e-16,0.01540272099045209
0.0001860549814867163,-0.0005002587409451142,0.008547467335450587,0.04698296231909982,0.01939787572855861,0.018080330807832612,0.022396389394800875,0.029446581376765313,0.00831461405002537,0.006371962777756979,0.0,0.011226514139073385,0.016800817619097574,0.036201513325638146,0.0,-4.548343048804693e-06,0.0044711907219175395,-0.0038140519864641176,-0.005998596758196528,2.0903587799492307e-05,0.0018954789907585368,-0.00026405375958615807,0.022174326863532323,0.0026495405685405538,-7.045156745227876e-05,-0.014487617200734826,-0.0025233742042853335,0.020645914955830125,-0.005178279850676315,0.005391921448450188,0.004780831878584024,0.005624806303946295,-0.0037223313854443663,0.0016245937904603158,0.014407336051147246,-0.01943003639758606,0.09506256397029839,0.002037715943262186,-0.0794057578510643,-0.11900313994087602,-0.12516983096341372,0.0001223745010766608,-0.031813121207386164,0.00045210058807565456,-0.15763794870478098,0.0,5.551115123125783e-17,-0.01142509960391952,-3.668609196311179e-05,-0.0021377540493984215,0.007834035495010272,-0.027360003309241987,0.01416881250192703,0.017697794047099036,-0.001345997991385961,0.048893509124115775,0.0007831295241664815,-0.024606549384729115,-0.024102228122480363,-0.00021648756154152293,0.0,0.0,0.0,0.06667362819679784,-0.05387165108600739,0.0,-0.029944893074378975,0.0014165904321066236,0.0,0.0,6.56666250315463e-05,0.0047874007994580525,-0.023279388101730303,-0.031191594869744765,0.0013595374842805263,-0.008559343024677923
0.044890639576332714,-0.00030154383079139535,0.049228029466520995,-0.0022180599871122197,0.02144940184799421,0.007834985372703773,0.033495852397702364,0.046460098744367406,0.024281763205707074,0.009241872855947575,0.011226514139073385,0.0,0.021384198485855543,0.024957996092029866,-0.0010902627072722493,0.02764869980598461,0.004006464096164064,0.015094207181552133,0.011967156195223316,0.08593590376202115,0.030070847796890066,-0.012961399823750719,0.027162095486987503,-0.002973946954230755,0.009206453633920086,0.02745052413424276,0.01135064750188508,0.020728069179832276,0.0032314076231569344,-0.003825794677378591,0.013038490890120047,0.0013011249183011997,-0.007370961646172236,0.02321718905447495,-0.02054954153420857,-0.01703465732604359,0.016785868761574008,0.003522087058973944,-0.02468473004555599,-0.0016108991682307061,-0.022494150806757485,0.014305007582433915,-0.04528059583308364,-0.0008107276407516018,0.041621165592721554,0.012868926626502797,0.0004220570079250807,-0.0006489673848708022,0.0,-2.0008929962900268e-07,0.0007942239046991872,0.002532692832305228,0.0,-0.000661947586124978,0.015208779553533835,-0.0013581955003516555,0.02883635984530175,-0.0021791591225835405,0.0,-0.0006710717570825309,-0.0010730401249027799,0.0006737279680797958,0.0024607437795284293,0.0,0.000726772093857464,7.441758159398848e-05,-0.00016072060078337058,-0.0033066409836948196,0.011953056163578057,0.007705456364991203,0.015526923023864603,0.061675081487227446,0.009166108648840599,-0.001736525367484476,0.0,0.016197431755988312
0.01662481404863264,0.034742594553191786,0.015611486778568329,0.049742606851479854,0.03920111458662806,0.017796406209570403,0.01799781515152865,0.007208178628450246,0.0006137053686699478,0.02084231620617777,0.016800817619097574,0.021384198485855543,0.0,0.03730934918649831,0.003418540650661772,0.030208827791067983,0.03458679905518258,0.04079676058452042,0.025271138853222574,0.02898209829216236,0.007950694188066265,0.02453071868283413,0.019213695071688464,0.0011348302485191808,0.03940659497535426,0.02550671926669784,0.012134727023292657,0.03367919801092756,0.0238195133555138,0.009372076205450719,0.028343597896120565,0.015149894633056937,0.017615293814825572,0.013644965599252656,0.02804869980746838,0.0038888839682815757,0.056054058010930274,0.018931839177525778,-0.006066265156901285,-0.03762953226786997,-0.024217641547030933,-0.012037974976023103,0.014910879430376833,-0.0011811163082332543,0.0011149289122291406,0.05284962881402827,-0.0024905433928898435,-0.0024577075758894784,0.0,-0.0012582188542017425,0.010769706970575665,0.004758466382181581,0.00501429376432122,-0.000994473797013562,0.004507457554399852,0.0009541261814525193,0.0023183572097478233,0.006093884218064671,0.002695791802043601,0.013439133042660756,0.014059945279053687,-0.0005445196871611824,0.021175349953851952,-0.020426439260774698,0.014699751801852678,0.023403215341122163,0.01197522939746748,0.005610844845946428,-0.0005858930043404764,0.02456252660670144,0.012311245820640304,0.008124235372735433,0.013393404744677206,0.014455577732864655,0.005268803864515337,0.005265406423211938
-0.005501448577662382,0.0,0.00324756277882976,0.010727289939042262,0.04210147064702424,-0.006979367819704985,0.04517181638829626,0.032212486548459096,-0.0054988639053541455,0.07736744712351351,0.036201513325638146,0.024957996092029866,0.03730934918649831,0.0,-5.121585142353613e-05,0.0,0.0,0.0,0.008066181383379445,-0.0018432179710013985,-0.0011819137300716487,-0.0016421581552246156,0.021312221996282243,0.0040024849006653485,3.5812951624414335e-05,-0.0030006846685585176,0.004526691359798385,0.05089195624996673,-0.0077982677256232535,4.120945594932035e-06,0.020153917938482147,0.0018526610576658498,-0.03486135408095531,-0.013760343912803119,0.04797778941558406,-0.00280847137726406,-0.007643310164948791,0.10952680420151711,0.0025770406170224636,0.0,0.0008998368581439875,0.0,-0.11548229825765699,0.0,0.0,0.0,0.0,-0.04199178495702505,0.0,-0.00681729943959436,-0.0015883688873787882,-0.005706172442611124,0.009207977236063702,-0.056540774427461415,0.0,0.005016261553309254,0.0008370592309780989,-0.0006128648127187164,-0.0014274115580913405,-5.551115123125783e-17,0.0,0.0,0.0,0.0013032685740975714,-0.00170214279365144,0.0,0.0,-0.022335762978003826,-0.00013347641380273556,0.0,0.0,-0.02621535579836687,0.002402309795338231,4.558242979962879e-05,0.0,-5.551115123125783e-17
0.02875083759563718,0.021077435132156208,-0.0012708537073954917,0.0019598673038226933,-0.0004536325460668955,-0.0023141629651937667,0.015967715061675436,0.0016815319025830777,0.017094177002372923,0.0221109211850809,0.0,-0.0010902627072722493,0.003418540650661772,-5.121585142353613e-05,0.0,0.01149679417900662,0.003446051130911454,0.027936330479415905,0.0,0.005434237443307011,0.023013693821889114,-0.006156671129483704,-0.03598234830976438,0.03628211896324146,0.019686852990523085,-0.0026466547823754127,0.017549269558441716,0.0006357610411993342,0.0171535525762902,-0.003005714194363629,0.006339100008745102,-0.0026529055971625803,0.011141351293096124,0.0008773752327470019,0.0006328781065109146,-0.005845720640307195,0.03720109138020533,-0.00370169183383956,0.006951753239058445,0.026742534816919128,0.012327219893897401,0.008088030568288995,0.05348467843936272,0.000613404206040169,0.001685939925853308,0.0038361773070099137,0.020100914065338815,-4.477621407239507e-05,0.0,0.0,0.009536210251950561,0.0026705451096680766,0.024034461361486015,0.0015708195629713928,1.2615324049725096e-05,0.0,-0.0008543739169845077,0.009122423095719645,0.0,0.016045922525007583,0.009518741463046987,0.00047523685361561263,0.03557190538309296,0.0,0.0169092348774329,0.023695170781000807,0.013742375391906037,0.0020105142228113992,0.0018364690078517265,0.024528675047613413,0.013128426510456204,0.013097267196865936,0.01720621616126755,0.014269481925483829,-0.00013887830570719073,0.02080247273896657
0.028254515427456994,0.024792616396918266,0.02247771151442729,0.0,0.02163442928931847,0.033588473645248085,0.039703616008829434,0.00989197734585101,0.04407878009960725,0.016051323549597263,-4.548343048804693e-06,0.02764869980598461,0.030208827791067983,0.0,0.01149679417900662,0.0,0.023685291438890088,0.02018440196312654,0.0015533532594262933,-0.002120896262855443,0.020006830715327217,-0.0060537858035599745,0.01883644847253435,0.03610459653934894,0.023154664203802244,0.026999996420662975,0.022996708527873,0.02445232944952569,0.005934314035813515,0.0028012222363265615,0.02425457200807357,-0.003038838502577079,0.013048872025381741,6.351839727669617e-05,0.009732096504917687,-0.007405576003972236,0.002117175715655395,-0.0028668255925760056,0.01611326132699875,0.016037151383907267,0.01080244314072698,0.008471541590506615,0.0009127515713825973,0.0,0.0,0.02231766996202872,0.022393944992825154,0.0,0.0,0.0,0.02156101797334181,-0.00311431511889948,-0.006534039670022529,0.0,0.02559258738478415,0.0,0.04820855036183408,0.06279793657978561,0.0,0.01882361117901521,0.020315622694456803,0.01279144374150587,0.018292010624296362,0.0,0.010534601322152393,0.028434951913635986,0.021397692043131578,0.0156913744884416,0.05112416427487748,0.01739069232614332,0.017164979877825115,0.021797464506123576,0.022621031979189854,0.024447697408091384,0.0003412899000455605,0.01953644949695693
0.035541725206063635,0.039087189825160906,0.0014395943480051687,8.280756922013355e-05,-0.0035469666243013176,0.017967263857189997,0.04032752583514759,-0.0037094394243487594,-0.010961340545242226,0.006436070530736193,0.0044711907219175395,0.004006464096164064,0.03458679905518258,0.0,0.003446051130911454,0.023685291438890088,0.0,0.005123308646218128,0.004444635238904648,0.010924481082335569,0.002924994702731387,0.0011718260066742592,0.031211185738560243,0.033183564148922984,0.011614994655432975,0.00622577918721412,0.03449343079311307,0.013944772763163693,0.0157395384989496,-0.002849864554078485,0.002741340190365704,-0.008670574555485144,-0.009038237808347005,-0.002801201048003632,0.005386387391458913,0.0008899344870595405,0.00044762433088479936,0.037478868491424455,0.010111456991087231,0.01742939787048614,0.01297203205158659,-0.01029407236940666,0.0,0.0,0.02560898278503232,0.019180436722576077,0.03793290854946574,0.0,0.0,1.6653345369377348e-16,0.0014707162711273813,5.421264621680022e-05,0.0,0.0,0.025404520935417896,-9.621289434619262e-05,0.0433342274908608,-0.0010685630230362064,0.0,0.0,0.014473550098641597,0.012801186788040098,0.0024585901531147814,0.0,0.0006268519468477507,-5.551115123125783e-17,0.039218176278385364,-0.00043568968863960666,0.02359781016354695,0.01683212515580329,0.018040508895333374,0.0,-0.002194329682338847,-0.000970403341281123,0.0,0.01025008693033036
0.028028925035896657,0.040460559458903644,0.0021229746714746534,0.0,-0.003907390076448081,0.039230509684827,0.04679216127465219,-0.005535384559596457,0.009788036024388158,0.0019616022302758607,-0.0038140519864641176,0.015094207181552133,0.04079676058452042,0.0,0.027936330479415905,0.02018440196312654,0.005123308646218128,0.0,0.006283686232975538,0.02977429089619471,0.026420872457959932,0.014533887189380368,0.027523477623104475,0.037730765424908275,0.013079853823817988,0.03329960455811837,0.035203976468263065,0.026171199428421887,0.028988454755734805,0.01991059967318759,0.012132047449239403,0.005197922190767923,-0.009259026003910598,-0.002524472317993298,0.020727934821611227,0.0018663089589738835,0.0,0.0029637574877183215,0.007201011945834168,0.010844962646804845,0.004505398735425492,0.0017603430682772703,5.551115123125783e-17,0.0,0.010334325914528486,0.02321229224131982,0.022161540597235685,0.0,0.0,0.0,-0.003481689537927879,6.946849919525766e-05,-0.0017692243752146508,0.0,0.021078137705220046,0.0,0.04069447320361008,-0.0026084486465013934,0.0,0.021292381052502973,0.013713947524977177,0.01020953568781785,0.010654972409082752,0.0,0.020719128493859873,-0.0041371360231142185,0.029106953852825912,0.002041218134711975,0.017819794899287145,0.01532447043989238,0.012664487722668705,0.0350721737729468,0.05755143562856907,0.034325578886491404,0.0,0.009448401210862323
0.0,0.0465563813484316,0.00999203398170101,0.0604170182760671,0.030519733232171442,0.018787640635395564,0.026282915803189866,0.03225216492375749,-0.0037631836624419934,0.011982168886185418,-0.005998596758196528,0.011967156195223316,0.025271138853222574,0.008066181383379445,0.0,0.0015533532594262933,0.004444635238904648,0.006283686232975538,0.0,0.05964299922605959,-0.004947865568659282,-0.00108656613786684,-0.030748056660979517,0.025243760224302914,0.008435213743783643,-0.012697697866652424,0.01200232932371581,0.021606507427823607,0.0022240979684742257,0.011044900160629922,0.01276297826991557,0.010938976002009548,-0.019764343944839502,0.012838759826151791,0.007778232493657111,0.0009404150357391616,0.04610873935070675,0.005541632784027084,-0.03459982234649056,-0.07887777820744918,-0.010117030675246497,-0.0009903462296069199,-0.01888497386050675,5.551115123125783e-17,-1.6653345369377348e-16,0.0,5.551115123125783e-17,-0.02241969805907912,0.0,-0.0050431030948902,0.007086863989149816,-0.01353936046916937,0.01595391020140946,0.0003470232771928261,-0.0011701622821830293,0.07900229012765303,-0.00034886724976801453,-0.018919632808024445,-0.025678646668702232,9.123787922449278e-06,0.0,0.0,0.0,-0.003586932426897671,0.0003813213582938846,0.0,0.0003439599794521353,-0.0016425891255560376,0.0,0.0,-0.0018521264122162706,-0.0009084837358417364,-0.006550336245430111,-0.032007576685705974,-0.0005332481875387485,-0.007225724278255075
0.010084802759446732,0.029899029604543326,-0.004215518936765972,0.00048189325781322623,0.024340322692486982,0.031256727570992904,0.03195683911156755,0.011883271380585425,0.03814644717136284,-0.0024339557123873035,2.0903587799492307e-05,0.08593590376202115,0.02898209829216236,-0.0018432179710013985,0.005434237443307011,-0.002120896262855443,0.010924481082335569,0.02977429089619471,0.05964299922605959,0.0,0.00523987536492504,0.022582973751684998,0.007304887045629815,0.029243127191559526,0.037071194383360984,0.020286936149772505,0.040148631689766845,0.014920457522283104,0.025505877148358502,-0.0027758264639827224,0.01979839959154861,-0.0012892616010518054,0.025888748107223913,0.0010217661062227323,0.0011959533283471546,-0.03305002713481775,0.007207466953358166,0.0028154464772299215,0.0151618089332346,0.01957287546631664,0.012845742484771883,0.0011959316538721065,0.05000220245923054,-0.0005834876185543125,0.0013580474335652681,0.04303454060550144,0.0192520108785878,0.0014821490621002575,0.0,-0.001477336339898827,0.025942698688228072,0.0029508872126278174,0.0037474419504812673,-9.370390070334578e-05,0.002175449657219053,0.0007597143276446561,-0.0006894592059076277,0.016580097067267874,0.0,0.007238715913772176,0.010366792331990393,0.007963673700009166,0.024369146651102735,-0.0007215913601569257,0.011124538214096036,0.023596250329260493,0.013549719475848043,0.005277115047050973,0.0001765856632070517,0.026300116180885014,0.01576219655548866,0.015800616761724395,0.020771995288508427,0.01889226118233167,0.008835860372339466,0.016719002934065474
0.03527211315699025,0.013867045649653131,0.08532565573798662,-0.0005107462753207725,-0.004034790771297925,0.011582516410337196,0.008459754610649739,-0.005148158696302363,0.01858281835598896,0.022148577220406918,0.0018954789907585368,0.030070847796890066,0.007950694188066265,-0.0011819137300716487,0.023013693821889114,0.020006830715327217,0.002924994702731387,0.026420872457959932,-0.004947865568659282,0.00523987536492504,0.0,0.016744643667911674,0.0226430179835177,0.044664004541986324,0.014198028917439431,0.031424953892101704,0.02039238330987403,-0.0016669906329959128,0.018371146966942475,0.0010332604573508597,0.013640365377429853,-0.0014536417419586112,0.024939401180204213,0.007727079395572267,0.007830850279195334,-0.004219260089523058,-0.0040011120261364,0.05077715252671411,0.009634905600975796,0.001304299470048842,0.014844969419927245,-0.0018687202938075798,-0.007297247695065567,0.0,0.0010856694797535815,0.05481757016972377,0.021225572596863085,-0.00021043662499264926,0.0,6.556240627675347e-05,0.047984931915595164,-0.0032091274579758022,0.04276334986375335,0.0023271965451061583,2.2579827628987914e-05,0.0,-0.0004081943103005914,0.02451922846652066,0.0,0.022660444688191173,0.02368946261038629,0.0,-0.004641020217121983,0.0,0.016489716012132005,0.07361597153219424,0.017491129106582237,0.007457241668257841,0.00509976062075812,0.019706883466290626,0.024611217407079833,0.01648108011388305,0.0313629511225022,0.02043724875889713,0.0015272564469369088,0.04385486951514295
0.019219470303265596,0.003583398114368863,-0.0031050237239074185,-0.0005009489648866161,0.014740018230520902,0.025305859736775627,0.02971272760617899,0.013926539915267544,0.03288839822910811,-0.01159738824799117,-0.00026405375958615807,-0.012961399823750719,0.02453071868283413,-0.0016421581552246156,-0.006156671129483704,-0.0060537858035599745,0.0011718260066742592,0.014533887189380368,-0.00108656613786684,0.022582973751684998,0.016744643667911674,0.0,-0.009207804470839243,0.06250620599013323,0.017723538910413783,0.017220105361665128,0.021853310808280124,0.014975549090702811,0.020522294992875445,0.0003099908290334352,0.020548441824026542,-0.008888840894204886,0.029298326647915318,0.003667437259561035,0.0025492224199079594,-0.02360583114568393,-0.0031447688021695175,-0.0020507386393534555,0.0011305523056573397,0.01959483409799795,0.009113631293086455,0.004768769491185099,0.06938939438668057,0.0,-0.0014475771985488217,0.028358633045327764,0.011223782346069189,0.0005161458594966084,0.0,0.0008735724104778075,0.013261859514917262,0.006325015740424267,0.025659975157424242,-0.012791037029171948,0.02788830184583202,0.0,0.00043009823190337526,0.017839799144921453,0.0,0.006998440774380499,0.011657041847561389,0.007281283320676457,0.0232814490183762,-1.1102230246251565e-16,0.012608092727169395,0.018259057315715532,0.013478984482571621,0.000164046997777334,0.0009041458425009252,0.018806102677620895,0.008885499030746202,0.01578935862426878,0.024917724527596607,0.01969144628742503,-0.001649930520960019,0.01871094004172147
0.03415095371572241,0.01825472045879628,-0.036963268643640135,0.00019221760193499637,0.025070277864881307,0.027577147914219502,0.02303375778679906,0.01997551361548222,0.025346588506970302,0.016978374692721676,0.022174326863532323,0.027162095486987503,0.019213695071688464,0.021312221996282243,-0.03598234830976438,0.01883644847253435,0.031211185738560243,0.027523477623104475,-0.030748056660979517,0.007304887045629815,0.0226430179835177,-0.009207804470839243,0.0,0.031888241299035114,0.025538552556262195,0.014465210286345898,0.019863291974809738,0.011977496537526278,0.02654277987908843,0.006345858454625097,0.01593344678691605,8.072881813048216e-05,0.012600570413690337,0.008633745841021112,-0.00031071663453730025,-0.012867759173627424,0.030484601257258104,0.0020497678413512466,0.01250956782838819,0.007528212035799953,0.014862381194716168,0.005279611900481651,0.0166888046093695,0.005451096801551647,0.004692113064995285,0.02078800973621714,0.0014677359461034434,-0.11268501808474768,2.041288649906603e-05,0.006750116657464833,0.023799946332695332,0.010019767674299795,0.02081356367613013,0.013500417396479114,-0.006886399723743164,-0.036461328240403934,0.011208038114979557,0.0162470440797583,-0.02503865881912054,0.006912368952885439,0.006557476507407567,-6.749303584818733e-05,0.01728969757105714,0.019059061202310268,0.0091603796739545,0.023054369043607248,0.008344225502352864,0.012014344982020475,-0.00020378024065537126,0.024265236568496495,0.013414676634511014,0.01616826184447362,0.01954704633193549,0.01972474597789775,0.010458194377962804,0.014978649549885148
0.05366903745478846,-0.0012873519852672488,0.0007878024745410217,0.0011434240035601562,-0.005601293817290853,-0.04670439790635661,0.015842369281122815,0.012907577278376436,0.0002754039723056323,0.0052245218038023955,0.0026495405685405538,-0.002973946954230755,0.0011348302485191808,0.0040024849006653485,0.03628211896324146,0.03610459653934894,0.033183564148922984,0.037730765424908275,0.025243760224302914,0.029243127191559526,0.044664004541986324,0.06250620599013323,0.031888241299035114,0.0,0.04515912952416884,0.017749479992397066,0.039733050465352304,-0.008668739294695416,0.0303071624059289,-0.0011167724701079962,0.014722786940048194,-0.0029571497496752586,-0.001788464476834506,-0.008684609555066891,-0.02561257290326102,-0.03330288813946325,0.012280726049209156,-0.02371387025783178,-0.04430504994474749,-0.05138805583375955,-0.021819263753719065,0.014000856329919542,-0.0006067020397311218,0.06041775176917402,0.001305899788436815,0.04924993996175048,0.0020825065169883805,-4.3786294861458686e-05,0.0,0.0,-0.002044199176381045,0.0008201553181672039,-0.0003107955361902892,-0.002435702574150933,0.02839243833814642,0.0001680845795935526,0.05058888181840049,-0.003094031785354334,0.0,0.0014460111234856354,0.020035341961606057,0.00012994880594102698,0.014139825727967126,0.0,-0.0006025442996029917,-0.0037324928053893425,0.004205255371044048,-0.0026547770502700074,0.020400215234393893,0.011219858124516868,0.01664922648736883,-0.0007134149598216899,0.00797044848742956,-0.0024557214494348445,0.0,0.00980343930028238
0.03105589880133719,0.03765613470605028,-0.03345517788448865,0.0,0.011937150907717742,0.03835662155568509,0.0442836944830487,-0.00812463105951372,0.012266961502926665,0.023895298058000114,-7.045156745227876e-05,0.009206453633920086,0.03940659497535426,3.5812951624414335e-05,0.019686852990523085,0.023154664203802244,0.011614994655432975,0.013079853823817988,0.008435213743783643,0.037071194383360984,0.014198028917439431,0.017723538910413783,0.025538552556262195,0.04515912952416884,0.0,0.03357618198243151,0.028741461236068355,0.024312872319041334,0.03817649770710968,0.028472614119768258,0.01363891478393564,0.001553678202363351,0.004395090972335314,-0.002365093773721183,0.013224236388846844,-0.006991314577615704,0.000973232485882991,0.009788857324360911,0.014485650061232758,0.01394313244601536,0.007506157656799739,0.00040569047841026995,0.0003164637235257839,0.0,0.03462662374804121,0.02941789440929754,0.015094654135321128,0.0,0.0,0.0,-0.006184819851283163,0.0014316074444287175,-0.0021529777016147666,2.8660500912713882e-05,0.024112450621630033,0.0,0.04337336755365495,0.013804149838697488,0.0,0.025079849793213205,0.013866517903148412,0.013168771300526572,0.01371795346299226,0.0,0.020392623250542308,0.03373042356858458,0.022910045176225136,0.013123587726943886,-0.002124911294481724,0.016614745374857243,0.015721064849472777,0.02595188827692163,0.028652465155148132,0.02532188881808156,0.0,0.0066976732973593744
0.03565421714144429,0.03086065947977845,-0.014935593102238909,-0.0002457389489286532,0.0020044750716623483,0.01535313536118249,0.026173137516925293,0.008573352405042978,0.00330883060696896,0.02889881648631365,-0.014487617200734826,0.02745052413424276,0.02550671926669784,-0.0030006846685585176,-0.0026466547823754127,0.026999996420662975,0.00622577918721412,0.03329960455811837,-0.012697697866652424,0.020286936149772505,0.031424953892101704,0.017220105361665128,0.014465210286345898,0.017749479992397066,0.03357618198243151,0.0,0.009586439133841995,0.007849939379333037,0.026333383094645335,-0.0037629717541048935,0.017364233165309606,-1.7250310774208355e-05,0.004551790812026446,0.0022193682290645445,0.009328308509685024,0.014053655623843253,-0.0011913815452299636,0.006075037234307523,0.010084993796765918,0.009082161343620332,0.006608095946981363,0.0030074760153099844,-0.0629223173742024,0.0,0.027499427665344467,0.02791157851872289,0.021067189401536235,0.0017390087504130514,0.0,-0.00013143777148083569,0.01590993835016996,0.01535004226764719,0.028676094269741437,-0.00032711428109644114,0.02169397009033508,6.945869798935522e-05,0.036904623475282006,0.011436130569892178,0.0,0.01888833266635892,0.01577417806531123,0.00991547924354913,0.017246312170512867,-5.551115123125783e-17,0.017098209840423095,0.039624395517970146,0.01130055305358546,0.0022027138889609277,0.004503654066298546,0.018315210264626625,0.01946831776748581,0.017793853790788128,0.022109581332408645,0.024842931122962097,4.011938204034893e-05,0.01036250589217641
0.026699638786838287,0.02464896279244394,0.030149210482256272,0.000497858901878534,0.016098941808637468,0.018103926295241823,0.016313880289727467,0.01567625116686827,0.018287259906655695,0.0012119951275892382,-0.0025233742042853335,0.01135064750188508,0.012134727023292657,0.004526691359798385,0.017549269558441716,0.022996708527873,0.03449343079311307,0.035203976468263065,0.01200232932371581,0.040148631689766845,0.02039238330987403,0.021853310808280124,0.019863291974809738,0.039733050465352304,0.028741461236068355,0.009586439133841995,0.0,0.00722183288533268,0.03180979128355288,-0.0009760665015214887,0.01376977804034163,-0.008459651196306595,0.008369785617689252,0.002916536901270972,-0.0045091620977311675,0.004371259771855762,0.01031579268876609,0.004551458888216509,0.013512186966353756,-0.01860840998220331,0.012470800831021034,0.008777858622209589,0.01990015556269714,0.0009341135782745535,0.00025550190231571346,0.0015644195274310824,0.009953107385361482,-0.0025192975618033575,-1.6653345369377348e-16,0.0055696700118149645,0.018003901599474514,0.006759215455851786,0.010417708040782625,0.0038353793114375145,-0.0027773889061552537,0.00415037168514365,0.00268035532535299,0.013064447406775703,-0.04720577563006567,0.004625388694805221,0.005783673653388943,-0.002932185524108344,0.033295151478736906,0.00796743052310056,0.008664791393870941,0.016649083548005428,0.008137204512796925,0.013849589725380307,-0.000292586762364766,0.017807968721071543,0.010413362598229392,0.01410322670349462,0.01791578898057289,0.018960320476676784,0.009610120808954292,0.01652643078612437
