0.0,0.03400402317502571,0.0026615924607006902,0.0,0.00025428344440142636,0.02454687290903157,0.0330969458818971,0.005436438254981746,-0.0011366714498977637,-0.009672411625010535,-3.459790442544852e-05,-0.01595217494973361,0.024145457655592395,-0.0034874235309432233,0.016826494071772724,0.015933684541820647,0.0028827556769503992,0.04277086289033505,0.0,0.03303954998217323,-0.0055587761791144885,0.02327668945461908,0.01093757472867718,0.008638092851847246,0.009666755700785956,0.017379928793890054,-6.275129198851648e-05,0.00395098513599057,0.03498237000493437,0.04235456481284933,0.00935369423565946,0.042069027156946714,-0.01235685595467867,0.018815439290236435,0.03631167029109933,0.004373442556800944,0.0,-0.09480233188891474,0.04710487327587143,0.02559946732650148,0.03971779279095783,0.03346685010056483,0.0,0.0,0.007316328313369536,-0.0019877158367175296,0.021492892602760383,0.0,0.0,0.0,0.0008545916337312498,0.0,-0.00190977195942299,0.0,-0.00016357423289359296,0.0,0.01224903939546862,0.00013051307721462235,0.0,0.005739658182129848,0.026905856825339303,0.003475163112943269,0.0307066423005935,0.0,0.0025296329463013745,0.02874475598817905,0.020665864634617115,-0.007090398651048435,-0.011507743527826575,0.02424778130503269,0.023996488256260162,-0.005312167923436917,-0.0003458881547808157,0.002925076412437444,0.0,0.028892048629103995
0.03400402317502571,0.0,0.0012587463082239791,0.0,-0.0042206033195224535,0.023476961895889603,0.03521554157365797,0.0030923491998307018,0.002583911272571293,-0.01027861688022963,0.00029973245361020195,0.0037202498272822515,0.0205439612993778,0.0,0.026043278240100942,0.02094820340547182,0.05322032267178156,0.04875658603357502,0.0019188641774244286,0.019213926670763937,0.01746331184511929,0.029204368512630197,0.010963571276838169,0.026423968161138178,0.023492985047793735,0.030024868690219697,0.021236364182916745,0.004634545944068091,0.014967992242995665,0.01784097122852535,0.020343449547389703,0.05362588625532744,0.026099624471542515,0.025883803931748606,0.0460282071888079,-0.002425379877654954,0.0020088513742490544,0.0002727047080583467,0.05219117237978216,0.039454432473806034,0.04316256722484435,0.03779223463399489,0.0037919185085638074,0.0,4.911603000312681e-05,0.01073933401080629,0.03587458791129833,0.003072531367439846,0.0,-5.551115123125783e-17,0.02773620955504763,0.007051381066487394,0.026007925604753845,-0.0017407318234550218,0.006009234179423173,0.0,0.0007981553789709328,0.004089506362137174,0.0,0.008538728826158526,0.03714531015603145,0.03144174143802425,0.042151079441079375,0.0,0.019976707793179005,0.007949317193823136,0.028707363795471952,0.014819916116708798,0.027925657122809422,0.03617509790259532,0.030285865957742908,0.014160113604084201,0.040708341860743125,0.022443008632245298,0.0008323889200005374,0.03652986968025451
0.0026615924607006902,0.0012587463082239791,0.0,0.008709028938187424,-0.01628226710542008,0.007512613986730532,-0.00885421719979218,-0.05172828482604391,-0.012855683499599868,-0.023762325760557812,-0.015481939166149872,-0.049481296534359065,-0.01574003352769182,-0.029332228764144097,0.00048530959055548273,0.0026018050822918526,-0.035407885568905895,-0.014128963690770546,-0.01948324755229,0.006750597222485666,-0.01649884583883726,0.005423252320457594,-0.029866632543004257,-0.03735206894768639,0.008901285093311284,0.011502726516794903,0.009454213339838313,-0.018216968658634758,0.012523919327995514,0.022882264044387313,-0.013146948662873581,-0.008680264482270827,0.005444315983267833,-0.016481885172520694,0.007253697524314318,-0.036049647297688114,-0.014378022115626887,0.006296215338170041,-0.05953334407534272,-0.0027880968517031146,0.015234966104596737,-0.0018611111136433989,-0.05736902394021676,0.001158229588875015,9.597019546031538e-05,0.0,0.0017728531817432502,-0.14073456166096404,-0.00021305526228088123,-0.030228960173054265,-0.02032510301489998,-0.022714946051347606,-0.019258322688164964,-0.035850598545957346,-0.0009240142224798964,-0.030935667059118543,0.00023132260008745797,-0.027203312031086502,-0.03856101610475238,0.0012145871446897494,0.00037360940869257675,0.0,0.0,0.07369248540911755,0.01035899182585065,-0.0010140012630502904,-0.0031219037367943847,-0.02635615576111794,0.0,0.0,-0.0018565133082574237,-0.019472060797354085,-0.019708898365483618,0.0006411345411842517,0.0035018067044099155,0.057971574366926126
0.0,0.0,0.008709028938187424,0.0,-0.004329545926462175,0.031248948667939813,0.0007123588715462481,0.04301553538239,-0.0180580157297085,0.08962088061833601,0.01777540966742225,0.10135197477152952,-0.03982967539889143,0.01887865883718598,0.0040539137102272305,0.0,-0.00020829071165556767,0.0,-0.00486536431444351,0.002039738529819979,-0.0007274308772058369,-0.0006430959408844084,0.02407923151247865,0.0004801376039701988,0.0,0.0017862335834338827,0.02202332588216188,-0.00650589448814809,-0.0011020646404574785,0.00015107364254202116,0.011653250140178983,-0.027758281467991808,-0.004704935913662445,0.02644380780991401,-0.01172330253154702,-0.0017073327810728234,-0.008360655747974788,0.0013104466294850403,0.0007745253800801044,0.0,-0.0005878779194525285,0.0,0.013892964628767324,0.0,0.0,0.0,0.0,4.211453352104266e-05,0.0,0.0,-7.732189003945011e-05,0.0,0.0,-9.859554581492791e-05,0.0,-0.00010093695040158668,0.0,7.422275813495638e-05,0.0,0.0,0.0,0.0,0.0,0.0,0.0,0.0,0.0,0.0006971972215771283,0.0,0.0,0.0,0.0016063827311508794,-9.664087719218895e-05,-0.00023285200243527981,0.0,0.0
0.00025428344440142636,-0.0042206033195224535,-0.01628226710542008,-0.004329545926462175,0.0,0.03433901852730459,0.007662022031598215,0.024404455752435494,-0.010881413076094748,-0.009900833533137754,-0.029785333909059686,-0.02643308416428708,-0.02318711610365648,0.003726580352616693,0.0015945774563543291,-0.0196214749190457,0.00290305438913796,-0.0086295590308611,-0.03810067005608475,0.04307382729809367,-0.0015305822721625728,0.059686259647677875,0.013425036583186112,-0.013518246793023436,0.01468942935244738,0.025396018232310247,0.0034629243611817295,-0.01574295783584856,0.05025656381619942,0.0026956291210387118,-0.012649716297402747,0.0108006573844453,-0.0024225216112153114,-0.008926129653363535,-0.02747448231635008,-0.009229287226421024,-0.0029555550430618305,-0.0028514582778504383,0.03250597595936583,0.0030507633022993086,0.03829720937229775,-0.0034897435807037525,-0.02521110898776363,-0.00010366513244564057,0.0012314296431273908,0.0,4.7930130834816786e-05,-0.09257296030013545,0.0,0.004660524492732576,0.004663748310126836,-0.004344489584807265,0.019313594421165037,-0.02207267453311368,-0.0005399984771594646,-0.10339596389793648,0.0009832537576059397,0.008913347457456533,0.0008810383155001267,0.0022205687994223955,-0.0004416447198214435,0.0,0.0,0.012607763367278757,0.003058684169613246,0.0,0.005155311871096857,0.011057524123431084,0.0,-0.0002409407440978062,0.0017638959289004719,0.00726213485483973,0.0035406642529265397,0.014572615551486978,0.003946228486832237,0.010503114927123192
0.02454687290903157,0.023476961895889603,0.007512613986730532,0.031248948667939813,0.03433901852730459,0.0,0.028630288440609053,0.011647140889610552,-0.007619460515743637,0.012390743961771866,-0.03148374540275051,0.008070461754993041,0.013747898994570684,0.025300107726629828,0.01081408929120431,0.015250608796447018,0.01806256670061973,0.038418541696896735,-0.04097758330224216,0.009433541608957818,-0.020405863605585828,0.013424902807035899,0.010562009455099719,0.005269527997898704,0.049090267924203956,0.0336574815216219,0.020390700043963317,0.010640106931960103,0.022151132447915445,0.018131597633767593,0.02651460539852768,0.038268200514078754,0.028790368403026678,0.03140345279947826,0.03905913477387807,-0.005870498745555508,0.005800437186596397,0.006866631677141133,0.023474671190223895,0.006033005609219544,0.027228226616471063,0.04342892770700679,-0.039508873374908604,0.008201644414420839,0.002174267544113595,0.005585612345996915,0.02584856642652117,-0.029995782578322694,0.0,-0.009387578273936992,0.007611393571025249,-7.487548751572426e-05,0.017827453258383308,-0.024072729810845184,0.00111478372467666,-0.017402759358023268,0.00207133983558927,0.003223526332469362,-0.006712102920483298,-0.00846989641493573,0.0014319541117680523,5.551115123125783e-17,0.0012211080524584528,-0.021733337594608715,-0.0035610267720594946,0.010000218664264038,0.012129727187156825,0.020863799714975872,0.0,0.008208313844204729,0.020972853412200176,0.01707641795822734,0.008700601542148134,0.003190107041455059,0.01405004921515951,0.01440474477654241
0.0330969458818971,0.03521554157365797,-0.00885421719979218,0.0007123588715462481,0.007662022031598215,0.028630288440609053,0.0,0.013768876180437706,-0.012650398954477282,-0.003621354383287978,-0.023095999594301864,-0.004637770260592811,0.012205962419555294,0.00036819402492432873,0.022994324954343615,0.024187880727844058,0.004458582431271063,-0.006409483754678369,-0.030409642406393378,0.026521781821069734,0.01018018235198237,0.023901394305260282,0.011405579890041262,-0.004775644594233186,-0.001406822090618598,0.009358487644939795,0.0235142558360375,-0.015211227472101574,0.026416701743797344,-0.0009491239006356178,-0.01350510732198218,0.016709278081266987,0.017570824858140155,-0.004617164386065686,-0.003404275359819464,0.0019417199822167053,0.042115476868053114,-0.010718270938554708,0.025800909807088435,-0.0004732580823857968,0.02473877596370566,0.01460688446681535,-0.036759166384945585,4.075000869213641e-05,-0.0006398016652613969,0.0004973296619426026,0.0028437808549474086,-0.047060854938526075,0.0,-0.004265584971933523,-0.0038297341597786083,-0.011881321129063038,0.0013409818730097944,-0.024034520435446516,-0.001581118276619664,-0.02174033210215126,0.003709037188876163,-0.01464612895164119,0.002258542253047391,0.010183998346134038,-0.0019460303297961778,1.1102230246251565e-16,0.00036627486400941933,-0.006549852493835773,0.010123705269113659,0.004130277534986404,0.01923221744428072,0.0036998290997823924,7.155582258472348e-05,0.008434016298336677,0.01558750282493121,0.008645890200517203,-0.0014197076633791772,0.008728104903334866,0.010218118767737594,0.012978534732827063
0.005436438254981746,0.0030923491998307018,-0.05172828482604391,0.04301553538239,0.024404455752435494,0.011647140889610552,0.013768876180437706,0.0,-0.060806509530770936,-0.005340951256938564,-0.032307753077588486,-0.03198350162691921,-0.003730303543289848,-0.01579629113884018,-0.022167091553458362,-6.65014657503793e-05,-0.0014220624091534906,0.020343544571010064,-0.07260507172134584,0.00754164953156039,-0.01367560564970871,0.0008781978152468395,-0.01831647538899228,0.013794849266559384,0.018780162360422514,0.011755275377198171,-0.01762473117616642,-0.005574005953249417,0.0062463812203121805,0.005558562853038906,0.011389233730549564,0.027841902514243455,0.0007011629251914009,0.014712993589695855,0.03193848779749764,0.0012677115301558128,0.05028862249169591,0.00961857756376544,0.03990676953446293,0.006056731339969423,0.04295786689811165,0.0011096678519393333,-0.05819473280288112,9.629568444469161e-06,0.00019529905081916432,-0.0035502414454785525,-0.01674861362958807,-0.06991099468730083,0.0,-0.0018901489209639522,0.012180112789002107,0.002887650999560565,0.018928054907430603,-0.05783781469731247,-0.0004531560130667245,-0.051898630085926045,-1.1102230246251565e-16,-0.0013554549376593172,-0.04455097101490385,-0.011058363939439542,0.016151928651908287,0.0,1.3581340963519928e-05,-0.05009932468099948,-0.020694056587986343,0.007989102906473033,-0.007021811527318678,0.006587322995867617,-0.001208617913553589,0.003530905049446309,-0.01341831285125733,0.005011549721314845,0.017711555452600558,0.016878739825041122,0.002947922118832713,0.03940924987915584
-0.0011366714498977637,0.002583911272571293,-0.012855683499599868,-0.0180580157297085,-0.010881413076094748,-0.007619460515743637,-0.012650398954477282,-0.060806509530770936,0.0,-0.024226642008183974,-0.00817672440758288,-0.031529181976440224,-0.02848460425290622,-0.039447339633429224,-0.001058559106177026,0.011683445502963186,-0.016940686166196373,-0.0037394902360093907,-0.016485441636167886,0.004539052684285283,-0.02587794199473198,0.02562534786559334,-0.02267295943179143,-0.02854067927765802,0.017943000001286125,0.019709039122270067,-0.016910952798401824,-0.0256136232605802,0.007837040764981373,0.0019179011017866343,-0.023551494772890147,-0.02632740037505721,-0.001811066308195719,-0.025449567521984684,-0.028360786971894925,-0.04704265247636463,-0.026303585055197864,-0.03415142277045541,-0.04590203336516613,0.0021971928387671813,0.008372666977263132,0.005939906368720216,-0.06185714593265923,0.00035134379595541665,0.004607873922129024,0.0,-0.0005171600309589741,-0.18313493989076068,-6.031294823649613e-05,-0.04478636340831077,-0.02157269282440266,-0.018671454969837464,-0.03298020901655557,-0.04896044198617627,0.00012980384904226483,-0.16388747636179346,0.001502830923394205,-0.024870714007838468,-0.03235008694650737,0.008272138888504976,-0.0006648263588186487,5.551115123125783e-17,0.0,-0.04808920566226049,0.01222124998693469,-0.0017135694841716176,0.0006184605512626895,-0.03301561170038081,-0.0009055507510248306,0.0013207535679408133,0.0044219005116611365,-0.02564895460598615,-0.01390137155330562,0.010847207807496484,0.008598033429399687,0.006017266264488286
-0.009672411625010535,-0.01027861688022963,-0.023762325760557812,0.08962088061833601,-0.009900833533137754,0.012390743961771866,-0.003621354383287978,-0.005340951256938564,-0.024226642008183974,0.0,-0.035088260428783935,-0.0025355782534150495,0.005038446054651924,-0.1513456669701385,0.0034308205102163702,0.00026907294092171075,0.028291844929098697,0.013232649906774752,-0.03626942741577022,0.05021331309907806,-0.0016178946704522024,0.03568460373322879,-0.006847202449687173,-0.01587374868695779,-0.02639089990300192,-0.013412971525445516,0.018984345817502357,0.006667802728015648,0.034949036927779675,-0.0010174011411657191,0.00197607244646264,-0.016816996903999792,-0.021008154152954317,-0.013969427440685245,-0.022549186159190715,-0.048912791923982235,-0.034258927342528944,-0.02390587420299467,-0.012000855242819686,-0.06052006321926767,-0.029259992850122762,-0.03682335324395836,-0.006152272913002521,0.0006853175171177561,-0.04811466418078192,0.019548666811296356,0.0019664212707631856,0.0026618102945277222,-1.1102230246251565e-16,1.6653345369377348e-16,-0.019439530949759365,-0.0027151565174363124,-0.0008827412768283027,-0.0022211950751238607,-0.030888954098330534,0.0004801405895480948,-0.02039081514168406,-0.007026289284413734,0.0,-0.0028995860089815473,0.013782844142215922,-0.006723565984623092,0.013399097434096396,9.001710231004711e-05,-0.0025599134740550977,-8.471952196348331e-05,0.0006355216716127932,0.005806032344684908,-0.0013107163813166345,0.008634084186632807,-0.003678825246150319,-0.0008303431442441278,-0.07051776144619804,0.0019425770052019509,-1.1102230246251565e-16,-0.023441842839514226
-3.459790442544852e-05,0.00029973245361020195,-0.015481939166149872,0.01777540966742225,-0.029785333909059686,-0.03148374540275051,-0.023095999594301864,-0.032307753077588486,-0.00817672440758288,-0.035088260428783935,0.0,-0.04221441666366449,-0.036425621596983426,-0.011129369291575486,0.0,1.144071272057845e-05,-0.036776789041332913,-0.027862311051794042,-0.024798268885530772,-5.258001436264648e-05,0.0034285502105858012,0.0008654284960150083,-0.016352649696734556,-0.03653619186167695,-0.03300218742567124,-0.02530564298046628,-0.01598597502414323,-0.04672584162337762,0.022747395843440377,-0.07897987235687948,-0.040661450251656794,-0.039145152903816316,-0.021913609072877205,-0.037580994216805164,-0.04477604910705463,-0.008320637715224455,-0.004528820137959688,-0.04249622434704137,-0.044818222913067585,0.001488049283972226,0.0026235465923772905,0.0003995129480379722,-0.05596335919743739,-0.0011371949945795379,0.0037605157720495552,0.0,5.551115123125783e-17,-0.1329723818933794,9.227866818006802e-05,0.020763388643504133,-0.021773379458579933,-0.03137064546422408,-0.015646198384974663,-0.019659599574088082,-0.002453507656966891,-0.12474809664928571,0.0012856395489055372,-0.016467803669207692,-0.03613867948518884,0.0005445437981438372,0.0,0.0,0.0,0.08948132410699716,0.0037339396306177997,0.0,0.00042690859532423797,-0.015767717764036404,0.0,0.0,-0.00016517509436297928,-0.028974961883672712,0.005498540866598123,0.004918069251829027,0.0015557812334163756,-0.0015357426371900296
-0.01595217494973361,0.0037202498272822515,-0.049481296534359065,0.10135197477152952,-0.02643308416428708,0.008070461754993041,-0.004637770260592811,-0.03198350162691921,-0.031529181976440224,-0.0025355782534150495,-0.04221441666366449,0.0,0.011953861578723357,0.00858359363288308,0.0007505799355521647,0.006382255683956672,0.01427494616300945,0.006407503717120511,-0.049662848585605046,-0.00094864266605027,-0.0037025035257227112,-0.006252312250894565,-0.016090541661751334,-0.008698350039867853,0.01473572404091783,-0.02841936185247057,0.013886191439466844,-0.0002984554773919901,0.034825099963999906,-0.004506375412551555,-0.011935917596290313,-0.005326098902202592,-0.04869891230829976,-0.020449852818144043,-0.02553159200196059,-0.01244333044659518,-0.005579909667588423,-0.047826308128588485,-0.049276954631769065,-0.07230647436122573,-0.03894169797276903,-0.031008971438722888,0.003713293759504077,-0.0009220273629564901,-0.05496363272300869,-0.0016276775099139384,0.001520814877002008,-0.0007753606101320587,0.0,5.032962927531415e-07,-0.0021892050118287876,0.0030876886205336573,0.0,-0.0009255283471610309,-0.03932711006628231,-0.001969119419450882,-0.023438321130853645,-0.0006577982510203029,0.0,-0.0004014359271054535,0.008943669469255289,-0.01522291407603421,0.002367447997614569,0.0,0.000458899745489294,-0.00018718688612556766,0.00040426990708958277,-0.0036770169036658418,-0.006551369810083196,0.0018751108530360994,-0.011860982905076423,-0.0027681439349913073,0.0047322610433639944,-0.0017972783348818022,0.0,-0.04123149195372594
0.024145457655592395,0.0205439612993778,-0.01574003352769182,-0.03982967539889143,-0.02318711610365648,0.013747898994570684,0.012205962419555294,-0.003730303543289848,-0.02848460425290622,0.005038446054651924,-0.036425621596983426,0.011953861578723357,0.0,-0.0009597253567947828,0.019707294927655605,0.008774583577995432,0.004420708601009404,-0.009339056326459594,-0.041049628045750186,0.011712406693413058,-0.0018468395954455152,0.010966043129883418,-0.00025603759243031377,0.0023522689491718984,-0.00838647672690973,0.004096125336044143,0.01821831820049563,-0.010208811384337158,0.01741195576107224,-0.03462141326000007,-0.017223803635408652,0.021584532761797726,0.012799557043613019,0.009971072825055438,0.02715722733707454,0.034409603620091656,0.03486250868649354,0.008876157086099234,0.02785010884160577,0.037295772748305644,0.02063151116833517,0.00335096391803269,-0.039768601016518856,0.001271865450371279,0.002280923582344385,-0.00033041272148415235,0.024918923318691166,-0.03972470527950456,0.0,-0.011347340582012144,-0.009719474378020121,-0.014782523621622023,-0.008045363957684848,-0.023986993331965523,-0.0011267101833334348,-0.019352775372910525,0.008750668569512066,-0.017629505529832556,0.0016974731611049676,-0.0005521990931527943,0.0125843954904869,-0.005147666110659088,0.0022847610760131642,0.010100011198339698,-0.010337835325265388,0.019105058574854394,0.0038575832310943636,-0.00026977737831623827,0.044503696945550786,0.02076859932447017,0.017079716784409837,-0.0048583840015810065,-0.0008739276972035137,-0.0017599307121347607,0.005454005806555862,0.016516139868590796
-0.0034874235309432233,0.0,-0.029332228764144097,0.01887865883718598,0.003726580352616693,0.025300107726629828,0.00036819402492432873,-0.01579629113884018,-0.039447339633429224,-0.1513456669701385,-0.011129369291575486,0.00858359363288308,-0.0009597253567947828,0.0,7.9494749333886e-05,0.0,0.0,0.0,-0.020107391254379714,-0.0012397637578468457,0.014376626781000212,-0.0005697114902937228,2.5373664424677145e-05,0.010586978060287244,-9.008240732832906e-05,0.0010104571948876262,0.006623372319266019,-0.0264573039032881,-0.0017204908428635202,-1.0365654960875492e-05,0.003448067663046339,-0.0012848991781202468,-0.00359781726047681,0.005667706690264174,-0.009301546983902176,-0.011672806160975324,-0.03390346046852416,-0.0033049795907628132,-0.002717659910248027,0.0,0.000551600737428326,0.0,-0.04272519012441811,0.0,0.0,0.0,0.0,-0.09415914982203089,0.0,-0.004948040830551337,-0.0011430089620975137,-0.005377640882632595,-0.04794166572113695,0.008552829194383327,0.0,-0.07863715546342936,0.0008391876588415559,0.00135568762741628,-0.051884765536814925,-5.551115123125783e-17,0.0,0.0,0.0,0.00662479906260921,-0.0022087340968411917,0.0,0.0,-0.01111452873084956,0.00033574101355837715,0.0,0.0,0.006211390496895786,0.0013351600337744296,-0.0007865647660386665,0.0,-5.551115123125783e-17
0.016826494071772724,0.026043278240100942,0.00048530959055548273,0.0040539137102272305,0.0015945774563543291,0.01081408929120431,0.022994324954343615,-0.022167091553458362,-0.001058559106177026,0.0034308205102163702,0.0,0.0007505799355521647,0.019707294927655605,7.9494749333886e-05,0.0,0.005701544029585559,-0.001647420293531876,0.021646454764001122,0.0,0.0018487542849740524,0.02304051815289687,-0.0007361209352251263,-0.0091344135214107,0.012194059500288068,0.018283489894435734,0.016608965615345583,0.009662328157153732,0.014562323723192161,0.014693761872595357,0.01706129272069462,0.011406783553030209,0.03317361002808106,-0.008041482135091593,0.015025862696513015,0.030907049074041404,0.07076979669311645,-0.001930062598044957,-0.0010513498167848412,0.02808201109981512,0.016504443864869822,0.013977833004149287,0.020400084117010775,-0.007625321939664698,0.0013976807393554225,0.0008767419769597495,0.026065772204943383,0.03627561535031926,0.0022558860357277943,0.0,0.0,0.00045049489675103027,0.0036412512993305723,0.016010203776675336,0.0031569258801185662,-3.173206083517677e-05,0.0,-0.00030475673630286915,-0.010770499504269171,0.0,-0.038075459516891286,0.010778380817271838,0.0007386794037878008,0.02028080176132291,0.0,-0.024851935736340813,-0.003747048570504785,-0.014069496657499347,-0.020732441153856196,-0.0005122728042866731,0.025414859502006615,0.0073176179500570315,-0.016048868384788473,0.01880347391176701,-0.006817724146880255,0.008410407677815923,-0.007692300831459886
0.015933684541820647,0.02094820340547182,0.0026018050822918526,0.0,-0.0196214749190457,0.015250608796447018,0.024187880727844058,-6.65014657503793e-05,0.011683445502963186,0.00026907294092171075,1.144071272057845e-05,0.006382255683956672,0.008774583577995432,0.0,0.005701544029585559,0.0,0.026364057354483827,0.02459906534391204,0.0017779761156530016,0.021744649808127847,0.007054947579239468,0.008458539705613888,0.0005318824935495736,0.01292312258671452,0.026580082507771052,0.01808689728224455,0.013301353430579976,-0.003611258491817093,0.014159866151352729,0.0006908737111470664,0.0208550256301534,0.040169735643644344,0.02378965763481128,0.020776017464342156,0.03430825778066937,0.09364430808895291,0.000607430236464257,-0.003935560614283018,0.042557305427693315,0.03471851523968622,0.04093453206927544,0.03725568863537815,0.00033984788813962163,0.0,0.0,0.015400634635528265,0.0270996641365443,0.0,0.0,0.0,0.03813555804426588,-0.0005868392218382756,-0.004659620894410299,0.0,0.006847333752315221,0.0,0.002197319127231201,0.0004675693934309555,0.0,-0.010764705488932658,0.04080163157356892,0.023015180946483638,0.04359194537062577,0.0,-0.009969331320537789,0.012375987071759242,0.021192184897906474,0.004731968288120836,0.031739796588939995,0.043528249299196964,0.029228048324242917,0.007163174679318818,0.021522288548769197,0.01824619575433828,0.0003204339020543845,0.034964167981026195
0.0028827556769503992,0.05322032267178156,-0.035407885568905895,-0.00020829071165556767,0.00290305438913796,0.01806256670061973,0.004458582431271063,-0.0014220624091534906,-0.016940686166196373,0.028291844929098697,-0.036776789041332913,0.01427494616300945,0.004420708601009404,0.0,-0.001647420293531876,0.026364057354483827,0.0,-0.0184410022642425,-0.036925970345415504,0.053194866514271466,-0.0027455371238722104,0.04138790684839089,-0.0018820652216581801,-0.006306179066574602,0.02678293323338493,0.003714747258019846,0.05157470552534332,0.002665082568779731,0.043653939352661764,9.939541650338946e-05,-0.007408879960895953,0.01950824029582271,0.007050431439337701,0.01949052124670564,0.008793508425597063,0.0017766393878998477,0.0014899665712557741,-0.007186246144837982,0.04074955297245203,-0.029479682405721463,-0.00014634066365343257,0.03360284723892981,0.0,0.0,-0.030816960937845472,0.0026158797427272007,0.0032706194065564853,0.0,0.0,1.6653345369377348e-16,0.0016343001905242405,-0.00013636423297536115,0.0,0.0,-0.019083270669885077,0.00024200990830353097,-0.01732871775996586,-0.00031065945849256815,0.0,0.0,0.04787832694093663,-0.005371923297620762,0.020190937280490096,0.0,0.00045655174885350647,-5.551115123125783e-17,0.003360814737061568,0.0010959157014587273,0.004180252347022517,0.014517695002336739,0.00103111983349502,0.0,-0.001227684157182496,0.0003930130769716489,0.0,0.013232879913856077
0.04277086289033505,0.04875658603357502,-0.014128963690770546,0.0,-0.0086295590308611,0.038418541696896735,-0.006409483754678369,0.020343544571010064,-0.0037394902360093907,0.013232649906774752,-0.027862311051794042,0.006407503717120511,-0.009339056326459594,0.0,0.021646454764001122,0.02459906534391204,-0.0184410022642425,0.0,-0.03457885706390629,0.03493665496593301,0.009647529339005756,0.024994793457268627,0.025010148073136063,-0.0007108909290083898,0.02699632902019533,0.018829699281676104,0.031238707238922248,-0.0010578618345707391,0.024598511959101954,0.0009865031759204723,0.01957166511548286,0.04583419189344701,0.04066285766651412,0.03905622405586273,0.03574275141631983,-7.352255108605821e-05,0.0,0.01290015762320984,0.055856309693718686,0.027999711706848895,0.04295049448305238,0.0404710087416999,5.551115123125783e-17,0.0,-0.038093240024462904,0.03391712347267889,0.04084507714707064,0.0,0.0,0.0,0.0013606811892851178,-0.0001747381703307016,-0.0016703493382456691,0.0,-0.018768625719980392,0.0,-0.007882400419913838,0.0022113355370662613,0.0,-0.0014287277227894024,0.05762692372569689,0.011237777098592971,0.0324712408745394,0.0,0.004419365022769517,-0.00326153255236844,0.02790130139516178,0.006005611147177681,0.011001538833637137,0.033600650864693105,0.032670180828871076,-0.004452575405599235,-0.0008804244635148284,0.02407864896711992,0.0,0.029674764909946916
0.0,0.0019188641774244286,-0.01948324755229,-0.00486536431444351,-0.03810067005608475,-0.04097758330224216,-0.030409642406393378,-0.07260507172134584,-0.016485441636167886,-0.03626942741577022,-0.024798268885530772,-0.049662848585605046,-0.041049628045750186,-0.020107391254379714,0.0,0.0017779761156530016,-0.036925970345415504,-0.03457885706390629,0.0,-0.0005522614617879951,-0.006992145341838618,0.0015981528413980262,-0.06998348985618719,-0.038455431770052895,-0.03248152995026887,-0.021539232025288846,-0.01962739829173693,-0.04726589359001665,-0.0019182939184337333,0.0030808443038646827,-0.04011843164432599,-0.04383215562752768,-0.02872625465338996,-0.04559462453846291,-0.053203738940004075,-0.045315757933346024,-0.03796729090906342,-0.04572083002483984,-0.051683707000326096,0.0022216724992777936,-0.03836677205831729,-0.0005092512751446732,-0.06333429432390186,5.551115123125783e-17,-1.6653345369377348e-16,0.0,5.551115123125783e-17,-0.29278969745714567,0.0,-0.03276150099410463,-0.02661007998239384,-0.018939225782786173,-0.018891323494432788,-0.04630788440093386,-0.0015928934093253355,-0.20622918461040168,0.0008775261538532253,0.009087729361079377,-0.03458744396643987,0.001178065174136822,0.0,0.0,0.0,-0.003315940967001163,0.0017075165713426044,0.0,-0.0009341143404369423,-0.03099633963194992,0.0,0.0,-0.00019473369834410725,-0.04265602955122216,0.01046814689701736,0.0035882932853493754,-0.00018950509780879532,0.007648100364360033
0.03303954998217323,0.019213926670763937,0.006750597222485666,0.002039738529819979,0.04307382729809367,0.009433541608957818,0.026521781821069734,0.00754164953156039,0.004539052684285283,0.05021331309907806,-5.258001436264648e-05,-0.00094864266605027,0.011712406693413058,-0.0012397637578468457,0.0018487542849740524,0.021744649808127847,0.053194866514271466,0.03493665496593301,-0.0005522614617879951,0.0,0.014660540817138856,0.033007103462077914,0.027604627811394167,0.03168648728567808,0.02710724284751853,0.01996239132045796,0.020125751388707702,-0.01718355269042915,0.017526697310982553,-0.044686611845500435,0.030018246851809427,0.0471295203235258,0.015912101617527097,0.029938863475076405,0.043736429709311964,0.05816779715911813,-0.001347850981539389,-0.0016441062825986452,0.02733612607915542,0.007037333582087024,0.01653611161701657,0.009290451143797562,0.00816918581952858,-0.00014823187926954473,0.0022864564024260847,0.0019290964049694659,0.02816023332828399,0.0009623476800564301,0.0,0.0004972220861989562,0.020971551161193924,0.012648134837786651,0.002919070880145147,0.013367582418588597,0.003182498099266795,0.0011485154045886015,-0.000644239557412829,0.01125985860968931,0.0,-0.010194369943963,0.0023732477934824137,0.0014528809555378608,-0.0015501806197616985,0.0006969115325963227,-0.005905881515151035,0.018114449476306693,-0.004408493282186621,-0.0019055250532679646,0.0002221771796088179,0.03390159806390047,0.012873334716297868,0.0017330240653857798,0.015529895503434366,0.009366064340127211,0.024755640210588126,0.007156667495849922
-0.0055587761791144885,0.01746331184511929,-0.01649884583883726,-0.0007274308772058369,-0.0015305822721625728,-0.020405863605585828,0.01018018235198237,-0.01367560564970871,-0.02587794199473198,-0.0016178946704522024,0.0034285502105858012,-0.0037025035257227112,-0.0018468395954455152,0.014376626781000212,0.02304051815289687,0.007054947579239468,-0.0027455371238722104,0.009647529339005756,-0.006992145341838618,0.014660540817138856,0.0,0.007234458722993831,-0.028298336763079857,0.014566722368154983,0.003074848061223212,0.006636777339233901,-0.017947530610111395,-0.0035424027151267357,0.023009040224707344,0.020685860090637276,0.015645701363754427,0.05965855495648276,-0.019005533325205493,0.02219602897621148,0.04882116820510157,0.1269715912118412,-0.0044767580279584385,-0.00257902563284218,0.05254839919089149,0.03233850224951701,0.03227108793276845,0.03656000272250559,-0.008423829861813503,0.0,0.0012513953360400176,0.03461202439971889,0.03328548866608377,0.000529323524298464,0.0,-0.0001649129468463406,0.0473809841061652,0.017035143260721586,0.021589077939444756,0.021005090247100622,-5.6796358233968114e-05,0.0,-0.0009592294239698096,0.016020528961640246,0.0,0.004191583025089318,0.01442387775259879,0.0,0.013777402316587195,0.0,-0.015886684961120112,0.007573242285495774,0.004310322382836129,0.017435206714344453,-0.0002763505476817141,0.035268309867642955,0.012221087702420141,0.0019455923616949478,0.03129411603629012,0.029720040085962796,0.057709682842453924,0.026863877885935583
0.02327668945461908,0.029204368512630197,0.005423252320457594,-0.0006430959408844084,0.059686259647677875,0.013424902807035899,0.023901394305260282,0.0008781978152468395,0.02562534786559334,0.03568460373322879,0.0008654284960150083,-0.006252312250894565,0.010966043129883418,-0.0005697114902937228,-0.0007361209352251263,0.008458539705613888,0.04138790684839089,0.024994793457268627,0.0015981528413980262,0.033007103462077914,0.007234458722993831,0.0,0.0043031620038803675,0.03675362318259884,0.02905786360732676,0.017945928525543664,0.015964786767735883,0.006229127160616299,0.026839938353133475,0.021008212432895357,0.01717757951615495,0.03881338197280959,-0.006959014583077738,0.01411990648607242,0.026477124488892834,0.06133919518320663,0.0600920375544306,-0.0012949484988204474,0.032873052027112215,0.020896272293067286,0.019199839306989708,0.02059219952962088,-0.01799895426167397,0.0,0.00017536447227245455,0.02136444039454488,0.033667581146227366,0.003210794641288206,0.0,0.0011136802203063345,0.0008210470123391489,0.010021586843293462,-0.00782885402732042,-0.001448208836872189,0.0009860374856965337,0.0,0.0017430081633946215,0.021926443023714326,0.0,-0.019474795863348437,0.017790668040124413,0.0030104919583648915,0.026323700647949144,-1.1102230246251565e-16,-0.00907243020801013,-0.015471566232402756,-0.001604752547154753,-0.021410392274327783,-0.0005964992357463395,0.025973017164302226,0.00794856033700464,-0.009061489337189588,0.022562427368096105,0.0029661337650845887,0.0003501968181234827,0.007814681458134132
0.01093757472867718,0.010963571276838169,-0.029866632543004257,0.02407923151247865,0.013425036583186112,0.010562009455099719,0.011405579890041262,-0.01831647538899228,-0.02267295943179143,-0.006847202449687173,-0.016352649696734556,-0.016090541661751334,-0.00025603759243031377,2.5373664424677145e-05,-0.0091344135214107,0.0005318824935495736,-0.0018820652216581801,0.025010148073136063,-0.06998348985618719,0.027604627811394167,-0.028298336763079857,0.0043031620038803675,0.0,0.00941318452956491,0.030216752553787085,0.004188898371937533,0.0029567996612716585,-0.004314671678786963,-0.008028855585237638,0.003698998124526509,0.011802013504258357,0.012033803180623193,0.0008831395093521488,0.014833036638626895,0.024193446240602823,0.0018109336905272055,0.020571598567717064,-0.012810208709673865,0.004610028790754117,0.009183429540426724,-0.00017648729766117643,0.006909376691934144,-0.04866641587442444,0.004409102514622676,0.004450228956455138,0.007042538448012725,0.012869560817259651,-0.1334610145317897,-5.134572474341237e-05,-0.028198525207574265,-0.005707296047456123,-0.014120406566021204,-0.0007685473473207916,-0.02735364561438247,0.004158784417910288,-0.14388833692385905,0.009620929643068432,-0.014880905098557995,-0.003689841510297942,-0.02863522979495775,0.0028323088295700294,0.0015426661724802226,0.0014601866730188373,-0.027356680329660266,-0.02606139144665698,-0.00667931960434337,-0.019961168060146584,0.01730267060550328,0.000318345171915313,0.032265130014189736,-0.0014249603841101077,0.0007494202536825201,-0.0034424163457105195,-0.0038237858416117487,0.0032204990291293534,-0.0021291426360141585
0.008638092851847246,0.026423968161138178,-0.03735206894768639,0.0004801376039701988,-0.013518246793023436,0.005269527997898704,-0.004775644594233186,0.013794849266559384,-0.02854067927765802,-0.01587374868695779,-0.03653619186167695,-0.008698350039867853,0.0023522689491718984,0.010586978060287244,0.012194059500288068,0.01292312258671452,-0.006306179066574602,-0.0007108909290083898,-0.038455431770052895,0.03168648728567808,0.014566722368154983,0.03675362318259884,0.00941318452956491,0.0,-0.013014522198667,-0.0030233193843142714,0.00737849599708662,0.0077099444477184975,0.021166036406839728,0.0003696888591880332,-0.0044597767597250315,-0.004508763897510926,-0.02584934497151159,0.0056232323194695955,0.009740935888958746,-0.010914215843976283,-0.007808477708204531,-0.017579293624961523,0.014677774583281622,-0.04473334026633086,-0.03544823924637175,0.058070628065206686,-0.07429733137418545,-0.00018601224620490298,-0.05479983590034648,0.02337189681794194,0.01765495803954098,0.00011013822291155995,0.0,0.0,-0.0016480692335641978,-0.0001358310092801629,-0.0005932243777623802,-0.0012651690113629765,-0.04490741303827772,-0.0004227929527659824,-0.021258701603291408,-0.0028433733056977273,0.0,0.0010207410816402973,0.03475570933412225,0.0032134184373814323,0.029869785940410787,0.0,-0.0012497387533605409,-0.004034289257699053,0.04488758619926675,-0.051273356365245826,0.030973411119618044,0.02555844855629219,0.020505615753661666,-0.0005788240497581754,0.005670824852397782,-0.001013184088814456,0.0,-0.016849013003361668
0.009666755700785956,0.023492985047793735,0.008901285093311284,0.0,0.01468942935244738,0.049090267924203956,-0.001406822090618598,0.018780162360422514,0.017943000001286125,-0.02639089990300192,-0.03300218742567124,0.01473572404091783,-0.00838647672690973,-9.008240732832906e-05,0.018283489894435734,0.026580082507771052,0.02678293323338493,0.02699632902019533,-0.03248152995026887,0.02710724284751853,0.003074848061223212,0.02905786360732676,0.030216752553787085,-0.013014522198667,0.0,0.01864544183623923,0.03000377260184206,-0.0028634313910115283,0.027197021187189863,-0.0005985509001042999,0.013348765951257058,0.035197276443195424,0.007022549586718774,0.025111928210282297,0.021557010415892253,-0.0016129577476336476,0.0012572026765638178,-0.01031355696496078,0.05400089619966275,0.02836257175735385,0.04182357987523183,0.03811606623345082,-0.0004941182669130906,0.0,-0.00813004988300381,0.010497435522519583,0.032255882425347826,0.0,0.0,0.0,0.03079084298378043,0.029037860722117004,0.043220460445271836,-7.209143062297807e-05,-0.0159328946557159,0.0,-0.014189088253637405,0.00870327605631288,0.0,-0.000709501145845115,0.046958589291491604,0.006890510159293373,0.03329489877121444,0.0,0.015553600864694817,0.029842548473805852,0.02572137619282633,0.006958834199677133,0.017171831912145052,0.032663366888955936,0.0313012055779433,0.013473860776326563,0.013907250740767929,0.023749350473500186,0.0,0.026259024880953163
0.017379928793890054,0.030024868690219697,0.011502726516794903,0.0017862335834338827,0.025396018232310247,0.0336574815216219,0.009358487644939795,0.011755275377198171,0.019709039122270067,-0.013412971525445516,-0.02530564298046628,-0.02841936185247057,0.004096125336044143,0.0010104571948876262,0.016608965615345583,0.01808689728224455,0.003714747258019846,0.018829699281676104,-0.021539232025288846,0.01996239132045796,0.006636777339233901,0.017945928525543664,0.004188898371937533,-0.0030233193843142714,0.01864544183623923,0.0,0.015860841070202525,0.0013016774170078738,0.027895153746997303,0.02330143332862744,0.013547981317937885,0.036340335299454074,0.009575984909604873,0.019709861510797344,0.016841013185495524,-0.0015456947344824057,0.051064757662885596,-0.021770075597720318,0.04662389832520053,0.0190823512626212,0.03269400785524407,0.02831194794383385,-0.003855257615669183,0.0,-0.03666990761077632,-0.00199799009426721,0.025682012393576203,0.004886876348652924,0.0,0.00033061309754817136,0.020332469824823785,-0.011386485097191146,0.030607994311253717,-0.000492175341143819,-0.021297710568219386,-0.0001747135167860514,-0.011762443734910644,0.005831842789231045,0.0,-0.01627786711889201,0.030721865281137906,0.004792497639280691,0.028962461157910846,-5.551115123125783e-17,0.009970471986836815,-0.006794218662350804,0.010260230087238698,5.060729327344138e-05,0.009995794407363423,0.02752555879941787,0.016252335961599307,0.011255217250750849,0.005239622637030206,0.01974224385867468,-0.00010091462308431387,0.021090711909728943
