0.0,-0.006354141810717029,-0.02187523683279824,0.0,0.0003075898109686226,-0.0005800979799012729,-0.018566843579754633,-0.011444969298243846,-0.006738624539808946,-0.02642096448412401,-6.769583731225381e-05,-0.05317018762976744,-0.017843527159429273,-0.00318531977393538,-0.042066454212523696,-0.017035720649437536,0.004902363236918561,-0.010379839136929025,0.0,-0.00654583719869295,-0.00020115220676453216,-0.022343754996855203,-0.013614606449989186,-0.018718606022995077,-0.021131558114777127,-0.013585858238020998,-0.007431877285071775,-0.016895181264151737,0.002245661287109124,-0.002658173341186787,-0.003250086121895146,-0.002239908977906435,0.013123823222427333,-0.001232008293702458,-0.000254587037926024,0.004712025149573695,0.0,-0.04622292238089948,0.004964801086745463,0.0482476745880111,0.010645688594000002,0.0012584149706353354,0.0,0.0,-0.17018421351215843,0.058518018101404945,-0.001580950861834296,0.0,0.0,0.0,0.001147774579674854,0.0,-0.002119642512333375,0.0,-0.04574331177627994,0.0,-0.050891197285034384,0.00044097732977194104,0.0,0.004007200621961804,0.010232066357444614,-0.03957991424944157,-0.0037144912418477505,0.0,-0.008803079688966486,-0.014268167927809383,-0.016789266223010746,-0.004356162748343606,0.01471957791283901,0.0010012528378123275,-0.00019533365008289616,-0.0054387407923831566,-0.00041839795113585154,0.003216806089833324,0.0,0.006688022655385484
-0.006354141810717029,0.0,-0.03801282057820121,0.0,-0.017339758552183338,-0.0049823552748675115,-0.019068424390974392,-0.02744806907698688,-0.007771190439444686,-0.03176671024793176,0.0004197311327934772,-0.028249769403121905,-0.018222925490745556,0.0,-0.0302398193215892,0.0011094777854155358,0.004880055482175627,-0.010465151521523997,0.0022232184341894334,-0.0019409095677143662,-0.002165272317103728,-0.009737147686237457,-0.027796642122456416,-0.005734149900727126,-0.010622611694862172,-0.016357841286728514,-0.016679273780951742,-0.0020530439243526266,-0.001541122182692034,0.027242047634693012,-0.003042262991731659,-0.010960830332013949,0.012250838645214979,-0.0025522477379262276,-0.0008544811388708773,-0.002018828957184582,0.002134219115375424,0.00032987279136231784,-0.0017420435713679794,0.010011048749264229,-0.0011970936912556462,-0.010634357714042753,0.003943980415634762,0.0,5.941240264278891e-05,0.014639182344052759,-0.014042311755705361,0.0032190765529764853,0.0,-5.551115123125783e-17,-0.03027174720063258,0.00751719166959075,-0.004112541407974235,-0.0019539275501776476,0.006320717233011641,0.0,-0.03815055661481925,-0.027123127033245764,0.0,-0.032044078456492486,-0.008776131117665564,-0.007096826976936033,-0.007239029167277755,0.0,-0.01736131043241773,-0.014788611031661403,-0.0157601902402274,-0.01352404159649212,0.013724273285467992,-0.009941823344957135,-0.010373928944180377,-0.024208705503295458,0.005320511143686868,-0.01653572555085603,0.0006354578316834503,-0.008953055054751191
-0.02187523683279824,-0.03801282057820121,0.0,-0.017410111449334076,-0.016419113750475778,-0.02287616296384648,-0.02269317260412096,-0.05081879204731915,-0.02161597823211986,-0.012299437886544973,0.0059986763875441995,-0.0413782056839907,-0.020565901701717793,-0.029450156354970225,0.000748734085248115,0.0030236209895280752,0.003601132414590591,0.002972296099991334,-0.010056186737389367,-0.08542992092565926,-0.047937346414565096,-0.04794013390235585,-0.036678090925478524,0.0005143607334930911,0.007635552839391824,-0.03310358915682665,-0.022269820459848155,-0.024570800476861165,-0.04866992078705057,-0.055789003788552005,-0.012008563317366328,-0.022587647962430124,-0.010745237952797138,-0.014673476411765363,-0.01890106949395498,-0.01635376086501522,0.009269711611319897,-0.022244153531670308,-0.07394576998936009,-0.002721274502189508,-0.05081345060728082,-0.002024606545202423,-0.043751543430674555,0.0014010334850503292,0.00011608877781937865,0.0,0.0017157341218109745,-0.007399775409451692,-0.0002577188145500564,-0.112553468086388,-0.04226502385318548,-0.07534482807024634,-0.038633480665468845,-0.06439200432608494,-0.0009054669026151707,-0.006272094755609414,0.00024551656050397774,-0.06680073107431428,0.009174492274918844,0.001207248931995919,0.0004519305126858275,0.0,0.0,-0.07504489319137292,-0.05872254016819861,-0.0009897841968268262,-0.05040750415019962,-0.040006681724346405,0.0,0.0,-0.0018631904417985012,-0.03180379917228493,-0.06167414901066737,-0.05473582897454282,0.003919162758769801,-0.06175946991390252
0.0,0.0,-0.017410111449334076,0.0,-0.010772226862358458,-0.03134894322251741,0.003094947616431143,-0.05342746219816913,-0.028035035772999706,-0.01801133369993918,-0.025608523503531377,0.0014904755591651497,0.01514050358660346,-0.006043623576898416,0.004368020671187911,0.0,-0.00025195545378686734,0.0,-0.039416282967092764,0.002273415320620975,-0.0007599335674886021,-0.000664417987284116,-0.04328737347978934,0.0003806446440317024,0.0,0.0020910294632882076,-0.048542687179492616,-0.009628948698509776,-0.0011524242412525587,0.00018274376163662787,0.026589909397369327,-0.040254242376440874,-0.004015434503578441,0.026736091114839933,0.027518541897999294,-0.04473767123256972,-0.0025140397211466103,0.001759883610462809,0.0009368919624713756,0.0,-0.0007111169134219053,0.0,-0.00040528023979208294,0.0,0.0,0.0,0.0,5.094315689824214e-05,0.0,0.0,-9.353116006810547e-05,0.0,0.0,-0.00011926448995114303,0.0,-0.00012209673172730584,0.0,8.978234583079114e-05,0.0,0.0,0.0,0.0,0.0,0.0,0.0,0.0,0.0,0.0005280395298841167,0.0,0.0,0.0,0.0016930479265013787,-0.0001169000570105938,-0.00028166561759979114,0.0,0.0
0.0003075898109686226,-0.017339758552183338,-0.016419113750475778,-0.010772226862358458,0.0,-0.022527850090955315,-0.028763697941413202,-0.06371327904910984,-0.03785017000160634,-0.019272408084079207,-0.04499939635088274,-0.028254432188752288,-0.020267089697341034,-0.04401377303707449,0.0019018089567174878,-0.007413920688275788,-0.0010434782877004611,-0.0022677613981400002,-0.05149544002612455,-0.00801876016675046,-0.0011549509972922367,-0.01581177936484779,-0.025035093219300864,-0.006826468616958403,-0.028588915563121597,-0.02605164915816932,-0.029554530311837357,-0.008819998396366158,-0.019170399991485287,-0.03780453702779041,-0.016022274176286322,-0.03404205835117541,-0.040179601188261194,-0.01771412821588958,-0.008481674681930562,-0.011955046010688752,0.01453148671528176,-0.007586435559698734,-0.10284996890791609,0.002689878098353027,0.009309304703133625,-0.004144739287415211,-0.03141181495946699,-0.00012539683253093292,0.0011636294237498124,0.0,6.329986959152656e-05,-0.04382461242858665,0.0,0.0056233724211322,-0.04992707362181448,-0.04860346375235458,-0.03445064224124511,-0.04508895131930474,-0.0005444789551691809,-0.03264191084244533,0.000785230460081332,-0.0360970075775951,0.0008145070557435963,0.002354099520150199,-0.0003656125605782101,0.0,0.0,-0.06224432022968174,0.00351999252318258,0.0,0.005637566813964157,-0.041938625427308085,0.0,-0.0002387091344345782,0.002097314915684212,-0.04035166963824288,-0.03779015067476499,-0.03636429403039937,0.004025777638086758,-0.033705429074192605
-0.0005800979799012729,-0.0049823552748675115,-0.02287616296384648,-0.03134894322251741,-0.022527850090955315,0.0,-0.03401233691351674,-0.017572864662212584,-0.029017602052706204,-0.005560538799579351,-0.017753464749994285,-0.013760507258598342,-0.019837321975505418,-0.04913022161943953,-0.019650389259492973,0.007612642473118325,-0.009182563768223961,-0.001123265331766321,-0.029879189924760186,-0.007379439310094993,-0.015029382291305238,-0.005735508147797663,-0.02841240161330577,-0.015594813085279269,0.0066769924282563675,-0.020745034712110144,-0.017791274587155237,-0.019731020142999767,-0.02763544342075258,-0.02298825904812185,-0.008839362777723736,-0.019847151890201586,-0.0065150135669657105,-0.008948391329642091,-0.0108757786181094,-0.021584576103164332,-0.01462650075535915,0.0001288312462037755,-0.050061153750633636,-0.04824327756057384,-0.01858115494916146,-0.02832040310427336,-0.017565827010575352,-0.11734389921928051,-0.06654347135051991,-0.0054021754115384235,-0.027779059040338505,-0.02358036745357639,0.0,-0.047118370659397724,-0.036187325550610105,-0.03884101062779943,-0.024967769672683826,-0.02185102422131524,-0.03383252490876798,-0.015277550084843272,-0.0642515995095348,-0.03919259417910359,-0.06445109651221853,-0.0245545328134526,-0.01844294169615618,5.551115123125783e-17,-0.024823438525286068,-0.03332329454773275,-0.02337577212309988,-0.027115942922119163,-0.03565349558894776,-0.026689910339108447,0.0,-0.012967851265113906,-0.02779009389962278,-0.02853015659824698,-0.031126522907906462,-0.03131656328882987,-0.040524769513214376,-0.023595823832025187
-0.018566843579754633,-0.019068424390974392,-0.02269317260412096,0.003094947616431143,-0.028763697941413202,-0.03401233691351674,0.0,-0.04087932266870542,-0.028791560227160506,-0.01093315435483827,-0.03963345616850683,-0.024907599307622708,-0.021382170524984645,-0.011770820745543031,0.007863236077501834,-0.014125892783281246,0.0048048770875600555,-0.015718839231340098,-0.031031734235381636,-0.017995647070365328,-0.022853495573243676,-0.019465768143746343,-0.033547575467551105,-0.00556652681876324,-0.020898049044037192,-0.011789457291585814,-0.022724630197361928,-0.013089666163864533,-0.026600378877816466,-0.03544506287868476,-0.0007381767561003838,-0.0218908523556946,-0.005595472270522317,-0.004767547068485922,0.006050024206466553,-0.026858374270473995,-0.046574269589708506,-0.0029542114522909113,-0.02904827177943975,-0.00044694169285625085,-0.02294752148421364,-0.04048892396950926,-0.03708893081001147,-4.5681029780586524e-05,-0.0005464428688749523,0.0005347041259630148,0.0031331757015439776,-0.020413953039116084,0.0,0.006460848120702689,-0.031511498250751446,-0.04061672520560555,-0.030990150899345648,-0.023296212976940844,-0.002016955244092067,-0.01610666158105989,0.003734013481138332,-0.04160675533169378,0.0022806569880156613,-0.0029941361985850734,-0.0017060925349394185,1.1102230246251565e-16,0.00044305840063013635,-0.021558504263806788,-0.0300040747010073,0.003988998579344427,-0.019651424904328696,-0.02522632721390855,8.655633084708736e-05,0.004745812902567759,-0.01779051105865037,-0.026941381646952978,-0.034456768975068,-0.03683329139292618,-0.013338932447139684,-0.03144803769925253
-0.011444969298243846,-0.02744806907698688,-0.05081879204731915,-0.05342746219816913,-0.06371327904910984,-0.017572864662212584,-0.04087932266870542,0.0,-0.043353732736743145,-0.022371323745025207,-0.01290346117378477,-0.021095220716448482,-0.02611154765570106,-0.07682473186640415,-0.03936302247314688,0.0007032234928855408,-0.0010789558568741753,0.00545691744879695,-0.03086833904197711,-0.028273372826864485,-0.030607590039012422,-0.009550489525533057,-0.017879177250099354,-0.007083845026499613,-0.014524789730657739,-0.013700909272686967,-0.022716062802441317,-0.018094515196433014,0.001873986426568941,-0.019602124190612136,-0.00981575156225778,-0.030217264610449268,0.03446204283139398,-0.013530326551759064,-0.01977816200396121,-0.047177677825317454,-0.04799959805786036,0.00977907545704787,-0.013490252800292923,0.00563722146862744,-0.03498238392546449,-0.048032897390468954,-0.022292162366348012,1.1648250024753892e-05,0.00018228705228412467,-0.003923895764620378,-0.0006729863017898574,-0.040994748457791774,0.0,0.0017358228610653281,-0.04128617856028832,-0.04233532007576646,-0.04650242394501869,-0.0400171019233041,-0.0005027730122373897,-0.030230371329176997,-1.1102230246251565e-16,-0.04130153308495588,0.005377328903345191,-0.029903435908068876,0.02280127331581283,0.0,1.4318624406928215e-05,-0.03223493561477858,-0.02450967551136446,-0.005604780601507708,-0.022650353458714245,-0.02514697687968087,-0.0013758014430563792,0.0007397175152049074,-0.02190990741507637,-0.036404113361134194,-0.02955594084742913,-0.027709908204733458,0.0033503591425474433,-0.030232235617067282
-0.006738624539808946,-0.007771190439444686,-0.02161597823211986,-0.028035035772999706,-0.03785017000160634,-0.029017602052706204,-0.028791560227160506,-0.043353732736743145,0.0,-0.01075793703672634,-0.025884256239569914,-0.01861858773511088,-0.017960482044865334,-0.02199085368271586,-0.0007939803019560432,0.00804503989439359,-0.021223611915765883,-0.004885424582897646,-0.029301486318146025,-0.012391873748374638,-0.022227440158110623,-0.004716705435452551,-0.02426784055654535,-0.014827299084810508,-0.010357545362828458,-0.03327108319221689,-0.02949145445682161,-0.019155968118611755,-0.011243287743424424,-0.02658634504320584,-0.0037105950571320045,-0.004168451757514624,-0.0011000518347807908,-0.006775714309944003,-0.0062365188938939276,-0.02300021147899234,-0.016701215769360955,-0.0061828605138606885,-0.061526100089353886,-0.006947681830482444,-0.0370182348745437,0.006065337401751525,-0.052192359585536474,0.00027833971752433406,-0.08349915177779638,0.0,-0.050173119397887656,-0.030419892442820284,2.1618866726913488e-05,-0.057776287098099566,-0.03808227318810503,-0.04418007395976342,-0.032712809108248364,-0.04520084100667332,0.00023202638746322446,-0.039369618752233215,0.0016133559150049992,-0.035836119943923384,-0.051135932497648307,0.00847068084066771,-0.0007089261665357838,5.551115123125783e-17,0.0,-0.04564888395980382,-0.01739052976484179,-0.0023500760091392237,-0.04188428531885591,-0.038794145703305305,-0.0008218506938135195,0.0013560268688428967,-0.04197552311256619,-0.03630312554007031,-0.02936898860660231,-0.046404395567258394,0.009097105170029707,-0.04004834876057545
-0.02642096448412401,-0.03176671024793176,-0.012299437886544973,-0.01801133369993918,-0.019272408084079207,-0.005560538799579351,-0.01093315435483827,-0.022371323745025207,-0.01075793703672634,0.0,-0.028590147389218,-0.016454800710260065,-0.009519263786885335,-0.017535486141558587,0.003910269667272537,-0.011673446725129044,-0.010821616515497623,-0.017685385243694007,-0.018791527481042902,-0.034516418425075635,-0.01489320775331937,-0.021691482972079013,-0.02461608824097039,-0.01582473518046179,-0.009952216313599882,-0.0058075106959546985,-0.01453247014781267,-0.006729622621403697,-0.0023449973868524543,-0.0006093383668703267,-0.008477012005153661,-0.034900682761265844,0.004297903159393879,0.0018126990908886587,0.012373429907857558,0.01525371717123064,-0.022091366494601195,-0.020737614535373594,-0.021304687221672725,-0.004215287017979685,0.0005435130867436078,0.013933168997611267,-0.006331504836283586,0.0008397176391400363,0.011156817778555761,-0.038016442967885256,0.0024253897457974793,0.002590051155016204,-1.1102230246251565e-16,1.6653345369377348e-16,-0.0005629211173050486,-0.0030414943327395916,-0.0008807643934422016,-0.002392601503524605,-0.01582113606068536,0.0007620872962766922,-0.027469687931948594,-0.006721452464972966,0.0,-0.003013130606522807,0.00332198189054822,-0.013635894884942046,0.0008635072099500984,0.00010888771602363123,-0.0026149254504277963,-0.00010247958457315631,0.0005121720079614978,-0.024533100755148973,-0.014603924186595674,-0.016747967498872474,-0.02058387489964636,-0.028810011396976587,-0.00971692335167934,0.0018521440677105594,-1.1102230246251565e-16,0.0013554514545650598
-6.769583731225381e-05,0.0004197311327934772,0.0059986763875441995,-0.025608523503531377,-0.04499939635088274,-0.017753464749994285,-0.03963345616850683,-0.01290346117378477,-0.025884256239569914,-0.028590147389218,0.0,-0.04228703754250068,-0.03208737943195372,-0.04492053594963369,0.0,1.3839071085985921e-05,-0.04678317104406621,0.000578973682623718,-0.026084354737444443,-6.360255468695897e-05,0.0036585108935598964,0.0010348508343551721,-0.04203588522254775,-0.05366794175861256,0.005567852777105919,0.008823225011833635,-0.008601875250585256,-0.026824493071305855,-0.0011028336011714157,-0.0021881185205926412,-0.02514991037251879,-0.003672722201301659,-0.02762945632533753,-0.022688378253493402,-0.024859701965362968,-0.013833087683384815,0.02605345337325765,-0.023849313151768303,-0.11442543385627585,0.001233953815279909,0.002899500078194228,0.0004410837150821689,-0.0428943547473819,-0.001375589331977789,0.0037584902856406255,0.0,5.551115123125783e-17,0.014626763941107956,0.00011162338220155332,-0.008845429098791824,-0.04381238200403076,-0.05623763594622955,-0.035223337031087265,-0.011790809370685384,-0.0026196341068040474,-0.021544342583864506,0.001361016052616404,-0.05121914723224941,0.0001424029659157222,0.0006586985020966551,0.0,0.0,0.0,-0.19856431177454947,0.003982844627805848,0.0,0.0003410813773357946,-0.04450755027239439,0.0,0.0,-0.00019980135227215534,-0.041448961962135766,-0.019684435967444402,0.005077841958441909,0.0015852177957866864,-0.0009138837683864143
-0.05317018762976744,-0.028249769403121905,-0.0413782056839907,0.0014904755591651497,-0.028254432188752288,-0.013760507258598342,-0.024907599307622708,-0.021095220716448482,-0.01861858773511088,-0.016454800710260065,-0.04228703754250068,0.0,-0.021865685529240564,-0.08030815758842397,0.001026706331975824,-0.0078176736443763,-0.00753711523071654,-0.009190833217997296,-0.03941732140482784,0.007675493661589927,-0.017596944134344872,-0.02729316915028468,-0.017709013467055168,-0.023459622650978895,-0.0052791194772593975,-0.0020171904520788764,0.00047945751376493595,-0.026197164800892625,-0.004705650446999943,-0.004608462522827483,-0.008965845585790555,-0.026239817262824372,-0.0005182749367571571,-0.017835924014800553,-0.012278042717325077,-0.01191291645188719,-0.03370979520460149,-0.028362309714658057,-0.02704178102112581,0.01523844980550676,-0.019902431989991476,0.013173496477437652,0.004724486755248225,-0.000938722321287222,0.023491226340374483,-0.04905647549641173,-0.027479252219455463,-0.0007943195939212888,0.0,6.088041316076875e-07,-0.002636719349307981,0.003170937988767941,0.0,-0.0009650654613164167,-0.014177987021948057,-0.002060758007315755,-0.016775687793601113,-0.00042959412028581445,0.0,-0.00036099055260890855,-0.017866750648772134,-0.014092548685825823,-0.012378715057992484,0.0,0.0004187188932340824,-0.00022642755628349276,0.0004890184832705424,-0.0037325732916614895,-0.017675924693424994,-0.02147215355096993,-0.02594464995783813,-0.003463865393735277,0.004067183902542459,-0.0018063912799914372,0.0,0.005324662820632209
-0.017843527159429273,-0.018222925490745556,-0.020565901701717793,0.01514050358660346,-0.020267089697341034,-0.019837321975505418,-0.021382170524984645,-0.02611154765570106,-0.017960482044865334,-0.009519263786885335,-0.03208737943195372,-0.021865685529240564,0.0,-0.01725546612812706,-0.028361886962039617,-0.015895821533244814,-0.017594831877697004,-0.019065729399151077,-0.02071670107585799,-0.01767014818051066,-0.024535957613051274,-0.01612151213322799,-0.027209022541116457,-0.02082650195885216,-0.01757427397794986,-0.010523869330137603,-0.013218105878524733,-0.015082635276136291,-0.022417847600763763,-0.04320035937350558,-0.002572879540272577,-0.022706791444498275,-0.00399048443047334,-0.007338218669103724,-0.010854170767264804,-0.026920678057217207,-0.011779317685334967,-0.003744993626307924,-0.01782772835362495,-0.017648168357078275,-0.027670384245885138,-0.02250744592289894,-0.014928031352781868,0.0016398127141620256,-0.008744588197862835,-0.0003271647884027229,-0.022323526428260687,-0.016607707571685837,0.0,-0.042497306376956534,-0.036073564800950364,-0.04033852349638012,-0.035937881873333355,-0.023314342319979975,-0.0523504843218619,-0.01456398751250676,0.001939407734235954,-0.03751729944565996,0.0015477253649641698,-0.022633052572288537,-0.019769667180008665,-1.8605838250529416e-05,0.0025460170643769042,-0.023599665509694723,-0.021424690136593205,-0.030206673738510215,-0.019188703343055002,-0.025663768191566294,-0.0007326121477337355,-0.024333744380012068,-0.017980377264412373,-0.031048758754347705,-0.03361803359933696,-0.03555719489129072,-0.03153969942646667,-0.02681871046150125
-0.00318531977393538,0.0,-0.029450156354970225,-0.006043623576898416,-0.04401377303707449,-0.04913022161943953,-0.011770820745543031,-0.07682473186640415,-0.02199085368271586,-0.017535486141558587,-0.04492053594963369,-0.08030815758842397,-0.01725546612812706,0.0,9.910133944746047e-05,0.0,0.0,0.0,-0.009843787235864487,-0.0011492456258737072,0.002711673996497299,-0.00040884449055411665,-0.033079005637982384,0.011574652034230581,-0.00010896671117122114,0.0016121284744045061,-0.031043715341011024,-0.015161929275621877,-0.00432824670347326,-1.2538645044246621e-05,-0.02712530912447969,-0.021618967324490257,-0.002842196557205301,-0.06484982453979682,-0.10413278611584725,-0.015370075606229744,0.009855003007361057,-0.00393328593504888,-0.0035118649893385867,0.0,0.0004993653193209879,0.0,0.011796612288405894,0.0,0.0,0.0,0.0,-0.06552021314297785,0.0,-0.004667652039194836,-0.11520462572778384,-0.0053283611486358295,-0.07754117545287814,-0.057691869658815065,0.0,0.005634257968231027,0.0008395069230210384,0.0016509704934365432,-0.0027986516949906615,-5.551115123125783e-17,0.0,0.0,0.0,0.007423028635886009,-0.0022847227923196156,0.0,0.0,-0.0668794578643655,0.00040612362766251353,0.0,0.0,-0.06899731109043145,0.0011750875695398233,0.025931757847165893,0.0,-5.551115123125783e-17
-0.042066454212523696,-0.0302398193215892,0.000748734085248115,0.004368020671187911,0.0019018089567174878,-0.019650389259492973,0.007863236077501834,-0.03936302247314688,-0.0007939803019560432,0.003910269667272537,0.0,0.001026706331975824,-0.028361886962039617,9.910133944746047e-05,0.0,-0.026803028758865755,-0.0014783655985476374,-0.016143613719374783,0.0,-0.017979669161358625,-0.045678668350408125,-0.031062279816427008,-0.01998660905231925,-0.027458829857062772,-0.02864839961595217,-0.027919346160792335,-0.016243795072297118,-0.0062938500998444,-0.0305710123348803,0.0026803903803828133,-0.031543516937700244,-0.041431637483496875,-0.02821279244715158,-0.026605465081266377,-0.0390213978561913,-0.04174092179839789,-0.04390302468362184,-0.0006537985142266445,-0.04493153562104424,-0.018493547626243834,-0.04068716738201028,-0.04526223732332407,-0.008316624332327105,0.0015153222193527993,0.0007553622846256935,-0.08278402620411524,-0.050998508840871704,0.0026009853731978616,0.0,0.0,-0.05315072005425875,0.003661678247361022,-0.07145790308384481,0.0033948418276906756,-3.838416856788429e-05,0.0,-0.0002223141592006539,-0.02195948147121357,0.0,-0.050464323708133085,-0.03843552961909785,0.0007781957863136624,-0.03623973784171591,0.0,-0.03919664670963774,-0.051033847422710554,-0.04551960299899216,-0.03869816457091019,-0.0008645840761074552,-0.02534445734126639,-0.05320219242887164,-0.03813938149310919,-0.03461507637675787,-0.04020763984537745,-0.0608907786062895,-0.04728539293717504
-0.017035720649437536,0.0011094777854155358,0.0030236209895280752,0.0,-0.007413920688275788,0.007612642473118325,-0.014125892783281246,0.0007032234928855408,0.00804503989439359,-0.011673446725129044,1.3839071085985921e-05,-0.0078176736443763,-0.015895821533244814,0.0,-0.026803028758865755,0.0,-0.03435168814536943,-0.030024803061124872,0.0018116695440870134,-0.012349140014762339,-0.007018448618095086,-0.03563952255669184,-0.01862339171552896,-0.014301604322187578,-0.003336285213409673,-0.008262872226814932,-0.0062589153708280665,-0.004512586743168512,-0.013579566319564529,-0.0036752286542121038,0.00918163297363439,-0.005935197046446072,0.02081351069718307,0.010261805108860322,-0.0012844097882458438,-0.007033777516612605,0.0003809684145855696,-0.004095870867539098,0.0028181652705888682,0.0177081477451414,0.0019708446962797277,0.009168115364004192,0.0002539123356531392,0.0,0.0,0.017880725264044106,-0.00580244809975472,0.0,0.0,0.0,-0.020346034310153582,-0.00020771783727913107,-0.00437845807806847,0.0,0.007516605206996985,0.0,-0.032435435249827616,0.0011041765096748701,0.0,-0.029214878122182153,0.0005402190079019098,-0.008532163321316677,-0.007787736145790813,0.0,-0.019211579635670495,-0.01795469532496219,-0.0104652894337246,0.0015085656307161077,-0.00200251562248549,-0.005696701684987648,-0.010133663397018156,-0.005897957184802294,-0.012367887429229174,-0.014566348095479742,0.00031730550235575805,0.003415570310483007
0.004902363236918561,0.004880055482175627,0.003601132414590591,-0.00025195545378686734,-0.0010434782877004611,-0.009182563768223961,0.0048048770875600555,-0.0010789558568741753,-0.021223611915765883,-0.010821616515497623,-0.04678317104406621,-0.00753711523071654,-0.017594831877697004,0.0,-0.0014783655985476374,-0.03435168814536943,0.0,-0.029573705586536714,0.007678632443431144,0.003007402248776936,-0.0001860092697280602,0.0015671844907204635,-0.0018750755814396225,-0.026265743486761528,-0.024487369271637638,-0.018675304916690727,0.00121823481174127,-0.01595549595966822,-0.0035383254872616288,0.0005417844120906845,-0.021392306224617352,0.015813981999223903,0.007829041302258755,-0.006169404009609913,-0.0016818701716957984,-0.04117511213449265,0.0016463179073114564,-0.009713668092856342,0.010095100226759413,-0.0009636619980343264,-0.0025690903680263277,-0.008882549807901874,0.0,0.0,-0.0487294602491698,-0.04435299410877308,0.0039187443126650345,0.0,0.0,1.6653345369377348e-16,0.001658837778433786,-0.00016495076485423255,0.0,0.0,-0.013955367264927188,0.00029274332870099506,-0.031888723968351684,-0.00019697392381107237,0.0,0.0,0.009067494469808701,-0.014726180260487776,-0.00038486783861030327,0.0,0.00043100671915441424,-5.551115123125783e-17,0.0034436721298692907,0.0013256565099735163,-0.021365358027181036,-0.012051504510625533,-0.014666912494718354,0.0,-0.0010826873284090488,0.0005975255397095425,0.0,0.012760339600292714
-0.010379839136929025,-0.010465151521523997,0.002972296099991334,0.0,-0.0022677613981400002,-0.001123265331766321,-0.015718839231340098,0.00545691744879695,-0.004885424582897646,-0.017685385243694007,0.000578973682623718,-0.009190833217997296,-0.019065729399151077,0.0,-0.016143613719374783,-0.030024803061124872,-0.029573705586536714,0.0,0.007416978945124886,-0.013203475435541068,0.01337209478625695,-0.011548174264996103,-0.0074372460313567035,-0.019823148753595032,-0.012551782213268692,-0.024177019526966104,0.003194733116306525,-0.012062696867979839,-0.0021652090322332174,0.0016565480200205762,-0.008571705841618038,0.005637671832337154,0.016073310727246215,0.001738115483647995,0.002982024211359957,-0.0003644972775950217,0.0,-0.004703777126022268,-0.0007482063359562363,-0.002558758785809301,-0.0076331920817100385,-0.0032092530127620367,5.551115123125783e-17,0.0,-0.0027378797007441835,-0.010871393486836689,-0.0010655493648218384,0.0,0.0,0.0,0.0020870367983670257,-0.00021136917075964545,-0.0016555180827003135,0.0,-0.01162065854308486,0.0,-0.02362749977366535,0.0029343031646013595,0.0,-0.001367982613938945,-0.0050888721502071466,-0.005654453743953791,-0.005388141490415832,0.0,-0.0007828139148192692,-0.0031301920317565735,-0.0028249185408112387,0.006600270099047512,0.0048592449625277645,-0.009008344249880063,-0.013949417175897094,0.01708688298272648,-0.00032316314665814527,-0.0001675297324652547,0.0,-0.008293112158747229
0.0,0.0022232184341894334,-0.010056186737389367,-0.039416282967092764,-0.05149544002612455,-0.029879189924760186,-0.031031734235381636,-0.03086833904197711,-0.029301486318146025,-0.018791527481042902,-0.026084354737444443,-0.03941732140482784,-0.02071670107585799,-0.009843787235864487,0.0,0.0018116695440870134,0.007678632443431144,0.007416978945124886,0.0,-0.0005443833783658203,-0.007298787307815524,0.0020008606882877533,0.0010729789236086362,0.005498189379020857,0.010179990368387182,0.010630044849823994,-0.01963968943383293,-0.016714452925292167,0.005992529190616824,8.865100897476053e-05,-0.008268370873033004,-0.010542261765682848,-0.027345471965280532,-0.010578570471110826,-0.0172478399084825,-0.01736444234400286,0.0033687879846730495,0.011915745188106841,0.0010028669653025513,0.0023686954156885154,0.013427928103586728,-0.00043708703197531396,-0.05647614735830958,5.551115123125783e-17,-1.6653345369377348e-16,0.0,5.551115123125783e-17,0.0026439322033495194,0.0,0.008568692722771942,-0.059587078930510684,-0.04125682809821002,-0.030425647259886668,-0.048940872549491365,-0.0016563030783967037,0.03798695780196265,0.001061485164396414,-0.0035357980611560036,0.010109152971396473,0.001353406382068989,0.0,0.0,0.0,-0.04916803489598087,0.0019064458532999096,0.0,-0.0011258254884202734,-0.04571483163199869,0.0,0.0,5.387520873673113e-05,-0.0498475673702411,-0.04880564137910193,-0.04764718955698516,-0.00013794363434938006,0.008637677111099196
-0.00654583719869295,-0.0019409095677143662,-0.08542992092565926,0.002273415320620975,-0.00801876016675046,-0.007379439310094993,-0.017995647070365328,-0.028273372826864485,-0.012391873748374638,-0.034516418425075635,-6.360255468695897e-05,0.007675493661589927,-0.01767014818051066,-0.0011492456258737072,-0.017979669161358625,-0.012349140014762339,0.003007402248776936,-0.013203475435541068,-0.0005443833783658203,0.0,-0.02477474781088651,-0.02603906674685391,-0.016258585063105402,-0.041229423266994136,-0.01518805010447083,-0.02036525235447978,-0.03611867913148359,-0.017534233090508666,-0.02580439029398085,-0.007859823749085337,-0.025345037173838347,-0.030022627776394528,-0.01231989464443084,-0.012222380858860626,-0.022623135038707498,-0.021892365440675077,-0.026244694346900688,-0.043810414277193566,-0.038497283805494775,-0.046502608492531516,-0.029030114998881418,-0.0486948018070924,-0.04063576408324138,-8.294351837678793e-05,0.002425717747755185,0.0025747100668429557,-0.02892971486602941,0.000884377472749831,0.0,0.0007934058501136154,-0.03431786440690249,-0.045373479451390863,-0.04189317536749054,-0.00024206283614763846,0.003333555365573948,0.00120683556613016,-0.0006374566101386425,-0.040855680846135944,0.0,-0.041800495494022316,-0.032865394961996086,-0.05166336241825653,-0.025002025885233592,0.0009096869665093377,-0.039918407894502295,-0.02986811012996171,-0.03937838177171765,-0.03124853248996956,-0.0042159426479945195,-0.011374922805510668,-0.031109370990560936,-0.03445500374488475,-0.040779716775050434,-0.03735752219399863,-0.05196322838954259,-0.04264132799593057
-0.00020115220676453216,-0.002165272317103728,-0.047937346414565096,-0.0007599335674886021,-0.0011549509972922367,-0.015029382291305238,-0.022853495573243676,-0.030607590039012422,-0.022227440158110623,-0.01489320775331937,0.0036585108935598964,-0.017596944134344872,-0.024535957613051274,0.002711673996497299,-0.045678668350408125,-0.007018448618095086,-0.0001860092697280602,0.01337209478625695,-0.007298787307815524,-0.02477474781088651,0.0,-0.022522007332515193,-0.02471470424913136,-0.008214589481857382,0.007373715441839013,-0.02215889611432903,-0.021992952468203764,-0.017232932502722287,-0.01712058221744006,-0.03890968317965865,-0.01667194897594626,-0.025733682063434626,0.012793079365999327,-0.01894127139473345,-0.017419151949519818,-0.013690678427261627,-0.004548104928231711,-0.02597412771433144,-0.03110527489613224,0.021842460925314833,-0.0340075299728661,-0.032778366103851875,-0.008592817186825696,0.0,0.0012762542144829636,0.02526438658510477,-0.03335829296422066,0.0006402875466920976,0.0,-0.0001994842498148075,-0.02563756018373131,-0.0018475729414683673,-0.025649432837604846,0.0020288105475421148,-6.870278611337266e-05,0.0,-0.0010418846910201784,-0.03920225845112951,0.0,-0.054142647302032776,-0.022083872862815768,0.0,-0.0059234073851964775,0.0,-0.048657903323977014,-0.02724192498322231,-0.04976968652560909,-0.022576096071283636,0.022482087468351564,-0.0023482720739773644,-0.03697102418614534,-0.029766827867577283,-0.04171159787302048,-0.03155787193665882,0.0019571762385736657,-0.04360333441737341
-0.022343754996855203,-0.009737147686237457,-0.04794013390235585,-0.000664417987284116,-0.01581177936484779,-0.005735508147797663,-0.019465768143746343,-0.009550489525533057,-0.004716705435452551,-0.021691482972079013,0.0010348508343551721,-0.02729316915028468,-0.01612151213322799,-0.00040884449055411665,-0.031062279816427008,-0.03563952255669184,0.0015671844907204635,-0.011548174264996103,0.0020008606882877533,-0.02603906674685391,-0.022522007332515193,0.0,-0.017777740393032093,-0.028407102658383088,-0.008895804583011702,-0.013363839083260998,-0.03582553187743037,-0.012162616364859935,-0.037452823122180956,0.0005376110876860185,-0.022721236544230805,-0.030416913785140443,-0.008875406227703997,-0.022782417961241586,-0.030539793425295836,-0.024737320519866213,-0.030658632141198516,-0.08124366619144802,-0.033441257799942115,-0.018787094551406647,-0.03679448290916182,-0.03984915439925524,-0.03478298510713573,0.0,0.0004188057228956543,0.00033254390424447555,-0.02742825643551461,0.0036149919585569124,0.0,0.0011496963917806413,-0.03527287877203361,-0.00028182494688411275,0.01533502558603006,-0.0008888724690837013,0.0009769009836789744,0.0,0.0019399446531183084,-0.03249736530175201,0.0,-0.05607685692707853,-0.019106646263454596,-0.019628421937764207,-0.014233173225986329,-1.1102230246251565e-16,-0.05121077501644283,-0.043687182843156425,-0.04303324645948481,-0.03372182118541622,0.025379798781322904,-0.00834967779885426,-0.034862621353198786,-0.03662438829623993,-0.030092155500118345,-0.035805801134119464,0.0007637341446112278,-0.035994846684858195
-0.013614606449989186,-0.027796642122456416,-0.036678090925478524,-0.04328737347978934,-0.025035093219300864,-0.02841240161330577,-0.033547575467551105,-0.017879177250099354,-0.02426784055654535,-0.02461608824097039,-0.04203588522254775,-0.017709013467055168,-0.027209022541116457,-0.033079005637982384,-0.01998660905231925,-0.01862339171552896,-0.0018750755814396225,-0.0074372460313567035,0.0010729789236086362,-0.016258585063105402,-0.02471470424913136,-0.017777740393032093,0.0,-0.01699302472204689,-0.017150658280706665,-0.020727067096212415,-0.01855256939105898,-0.03157266585790447,-0.020752241397786697,-0.04106596873469581,-0.020281292515610005,-0.033304702489851845,-0.02754127448205851,-0.023514643405545876,-0.027427425057502397,-0.015541225534533909,-0.02230433496627493,-0.02640131313476546,-0.03780168586577065,-0.0769551164819216,-0.03147727808196921,-0.026562715079647248,-0.019106077567339674,0.004252803371583402,0.004413946340174113,0.012971807987789186,-0.0361734967258141,0.002364166583246119,-6.21095164297647e-05,-0.043530525108150864,-0.041775955702441414,-0.044587874944741535,-0.029336553224712014,-0.032500776110194085,-0.03835867064086845,0.0029465006694615603,-0.07381417387320516,-0.04467818337519369,-0.07070779204537536,-0.034203011733436706,-0.03362676038436274,-0.03405747087348587,-0.02317418351780809,-0.025995454321012745,-0.031820305259189996,-0.01868406165711728,-0.03616385684562062,-0.02382140125851029,0.0003966639838008934,-0.00956451791018903,-0.032619864990628356,-0.03468424358461125,-0.03795184670236951,-0.036179628635972794,-0.0424278257111394,-0.03393425252272292
-0.018718606022995077,-0.005734149900727126,0.0005143607334930911,0.0003806446440317024,-0.006826468616958403,-0.015594813085279269,-0.00556652681876324,-0.007083845026499613,-0.014827299084810508,-0.01582473518046179,-0.05366794175861256,-0.023459622650978895,-0.02082650195885216,0.011574652034230581,-0.027458829857062772,-0.014301604322187578,-0.026265743486761528,-0.019823148753595032,0.005498189379020857,-0.041229423266994136,-0.008214589481857382,-0.028407102658383088,-0.01699302472204689,0.0,-0.01800952654775473,-0.013574851020145828,-0.0069607952438184295,-0.013449245609928828,-0.02052136625256451,-0.08565064316450871,-0.009947118137062672,-0.011682745374393622,0.019536139037653166,0.01658528545421012,0.014474271657610671,-0.037640451503947514,-0.04445007404254395,-0.019422464013385432,-0.054513283433176796,0.015563967907794685,0.023094805373906013,0.009002016964398563,0.004952651238725847,-0.00016878594273112002,-0.0011911886681861827,-0.02168475359356964,-0.010230251103584054,0.00013322690057748776,0.0,0.0,-0.0015886497421416235,-0.0002792289583972707,-0.0006355887039981578,-0.0010895889769447775,-0.023138701010502583,-0.0005114245826198793,-0.04147315871195273,-0.0028057745337491946,0.0,0.000956950575363491,-0.017725613164214782,-0.027118799519628534,-0.011059715966437289,0.0,0.008185112167572672,-0.004079558725545551,-0.009006236457265171,-0.0007543089072274967,-0.025992082849501552,-0.02196711648472177,-0.023005212334098746,-0.0005586354132486315,0.018722244967366686,-0.0007968034847213867,0.0,0.01923431132980663
-0.021131558114777127,-0.010622611694862172,0.007635552839391824,0.0,-0.028588915563121597,0.0066769924282563675,-0.020898049044037192,-0.014524789730657739,-0.010357545362828458,-0.009952216313599882,0.005567852777105919,-0.0052791194772593975,-0.01757427397794986,-0.00010896671117122114,-0.02864839961595217,-0.003336285213409673,-0.024487369271637638,-0.012551782213268692,0.010179990368387182,-0.01518805010447083,0.007373715441839013,-0.008895804583011702,-0.017150658280706665,-0.01800952654775473,0.0,-0.013205632359572894,-0.008602222238653867,-0.005328289189612867,0.004343498880923502,-0.00011317318296294454,0.0005745258180817059,0.0022201065370618944,0.016154199752220932,0.002771513531383385,0.005917606715184154,-0.0008062042231363198,0.0012997982051659585,0.002286256350505944,-0.0019996658608250617,0.0055738588264469535,-0.013538706474981899,-0.013281856567746386,-0.0006157055654789079,0.0,-0.017637478810922702,-0.0058143598119357875,-0.009497220868425194,0.0,0.0,0.0,0.003385771867506937,0.0013685969309537582,-0.000567156245968703,-8.720422035329856e-05,-0.006902339853700534,0.0,-0.02160597495120964,0.005218277113923198,0.0,-0.020722478202854777,-0.008341401371246226,-0.01112413501209264,-0.014097772466591663,0.0,-0.017965935526272958,0.0023219937009231195,-0.01399027713962181,0.01573021276107056,0.0002288894321720858,-0.01529999505460039,-0.01902758941191446,0.020709194720176183,-0.0015522913834867813,0.007282849114461032,0.0,-0.014046067157662379
-0.013585858238020998,-0.016357841286728514,-0.03310358915682665,0.0020910294632882076,-0.02605164915816932,-0.020745034712110144,-0.011789457291585814,-0.013700909272686967,-0.03327108319221689,-0.0058075106959546985,0.008823225011833635,-0.0020171904520788764,-0.010523869330137603,0.0016121284744045061,-0.027919346160792335,-0.008262872226814932,-0.018675304916690727,-0.024177019526966104,0.010630044849823994,-0.02036525235447978,-0.02215889611432903,-0.013363839083260998,-0.020727067096212415,-0.013574851020145828,-0.013205632359572894,0.0,-0.021249993505633225,-0.005256525682539148,-0.010104563176717152,-0.008572593669413375,-0.006889185617289351,-0.01151757633669076,0.0017256739222251127,-0.0042642661537564686,-0.012177997839312449,-0.0005450145389834238,0.00139034013796413,0.0028099477572948173,-0.012661614318359327,-0.009622426280234186,-0.014759981964450053,-0.024172453786859838,-0.004001485281882156,0.0,-0.029574245119576736,-0.006233338690618984,-0.021781925029396243,0.005359056488388914,0.0,0.0003999207279025696,-0.03809056974265629,0.002729243109051316,0.0048448454490293,-0.00019048611851318897,-0.015765199041218536,-0.00021133934900235962,-0.03136802531225491,-0.03725929766595826,0.0,-0.05674237580364899,-0.012368336143903869,-0.015030773933888741,-0.015966737357364758,-5.551115123125783e-17,-0.03531501202414572,-0.0477681180889728,-0.039147036489139364,-0.032590395631571456,-0.005213555285424498,-0.014803359497750357,-0.02688164313608732,-0.03531050454584406,-0.030818574193761494,-0.016708366823590948,-0.00012206972385297998,-0.01626020098659875
