0.0,-0.019980451004558197,0.0021859785262304254,0.0,-0.0006445075197184513,-0.010117465738278264,-0.008027133310418266,0.003924908543765482,0.008290363999419015,-0.013065697418802535,-0.00015162951627389898,-0.02299921887735873,-0.012370871253938154,0.0008248454049716303,-0.011422809836164227,0.0013643606361247174,0.009374217836997378,0.01895406052519949,0.0,-0.02309044420812667,-0.023289413989063645,-0.01313421544820581,-0.006158766113189662,-0.00029210938436197154,0.008887091040068906,-0.01774408374834341,-0.019130544411377792,-0.019378393643815217,-0.027216819862262875,0.007925356776847248,0.0001614843546883793,-0.01750724991565683,0.0038290549366624127,-0.005158220330750252,-0.02799648827453205,-0.0025649010743839518,0.0,7.111994757663664e-05,0.0033503404110883372,0.017960324880401668,0.006513822758475507,-0.001533582782155929,0.0,0.0,-0.0009682269212221706,-0.017504285015348675,0.002450275099690369,0.0,0.0,0.0,-0.0012273824105286657,0.0,-0.0002327247873595284,0.0,0.043019641429248856,0.0,0.04082977096203633,-0.0011610894850747067,0.0,-0.06099120340474934,0.014070935138774221,0.08000132207652,0.028601327362290485,0.0,0.0054410982053336165,-0.08206719354230246,-0.012328471477192904,0.002629177009038308,0.032540741348433155,0.018696165163489098,-0.010879508921296466,-0.0019345305332685303,0.0003551123450367122,0.004419217236313,0.0,0.018183000717985953
-0.019980451004558197,0.0,-0.004377750832431249,0.0,0.0006158976489212264,0.015032591520626082,0.005345211879649592,0.010213700832648775,-0.0014622380348756625,-0.011753842667225178,-0.0005876862783817938,0.003307086587775565,0.016582518157441883,0.0,-0.013037946557749425,-0.006237088221042797,0.0068581587432992586,-0.0046527190029778676,-0.001795291575596436,-0.011704552209994834,-0.008150811094442045,-0.008253429731475914,-0.009788080273941513,0.010412799066718714,-0.01496403351617659,-0.024479927288119263,-0.01761196679744953,-0.008273253552569582,0.004550118873570652,0.004005619207845423,-0.01140479683894624,-0.027217595622741453,-0.010346174834690969,-0.015231013903976687,-0.03490143419134778,-0.007598303650285021,-0.0008348770816423157,-0.0012207297355812385,-0.002998996844118307,0.013392907600691506,0.0025327776662078527,-0.013998270494408493,-0.005738951057419339,0.0,-5.04258626730647e-05,-0.029822752214986092,0.006551971165162929,-0.0020783137545983266,0.0,-5.551115123125783e-17,0.0029277315899594036,-0.009761619732019444,-0.040475967321438766,0.0005007071007583908,0.0011503171565513948,0.0,-0.0005769172611936879,0.005832565924679067,0.0,-0.005187763074624374,0.0060130237697045286,0.0278891767229128,0.02218710669079471,0.0,0.0036280561806237843,-0.01585962959974213,0.000278977804690661,-0.0010241875047163895,0.003796961313368652,0.01607231305476947,-0.005310310091096171,-0.0020126055334607207,0.027095882678644212,0.014180915091297763,0.0016518034237616996,0.0007231069271549928
0.0021859785262304254,-0.004377750832431249,0.0,0.015121142363291484,-0.025694878377066577,-0.006117873926280493,-0.01187517334295951,-0.0010140070637699727,-0.03836248334512754,-0.014558426270396496,-0.024363556607597203,0.01600268469680205,-0.009770481145007892,0.001710704069668001,-0.0030230104393985102,-0.0005176509559115527,-0.0009881251351066545,0.0010024473910463794,-0.02516013265178277,-0.0021595470565580754,-0.001616842589086176,-0.0025627166641561394,0.0005748131337081075,0.0011377696852450936,0.0003124219839011344,0.005808501682651679,-0.026266043191710775,-0.008711971135564267,-0.010512556535665574,-0.0015658246089163552,-0.008959624105567665,-0.0035901927263011224,-0.020791432915267305,-0.006549623013945627,-0.024207982162665065,-0.003153579094358594,-0.002021265091180058,-0.015677860871281313,-0.033277444124593436,-0.0005802523055152276,-0.055152581746759854,0.0025177834094085583,-0.01262959430868843,-0.001496681792832133,8.663316443052738e-05,0.0,0.0006426488946084663,-0.13642363948889824,0.00021873704769914681,-0.07042772246718931,0.0031313869124195426,-0.031747395580488225,-0.048518582616623285,0.02970467661716314,-0.06893068595748103,-0.13992136215294299,-0.0009844559696959299,-0.03194564493149166,-0.0594858066358111,0.0024498659831339586,-0.00038357287294993325,0.0,0.0,-0.07864731969487015,-0.0032057234902342358,0.0010661460823751523,-0.008539909961178815,0.012199436223381155,0.0,0.0,-0.0003665405791682952,0.026171490746476955,-0.03265379330846896,0.013542185481558944,-0.0019390137538879415,0.0050731442689285755
0.0,0.0,0.015121142363291484,0.0,-0.01274781145795939,-0.025428770497260056,-0.006803053766693878,0.002942960951936302,-0.02352965591575934,0.10139694892044132,-0.017496768507207883,0.0011760703629833391,0.012137969790719016,-0.009426137417866964,-0.0016338758039432522,0.0,0.00034364032860045857,0.0,0.0018750936717690236,0.0002776623829118252,0.00047062511136486407,0.0034061298807217533,-0.03531179771641957,-0.00355115676644685,0.0,-0.0004136253577472493,-0.001570605870454378,0.0075094412909305075,0.00037018449121156705,-0.0001551024940715795,-0.011748237435549647,-0.02058019214235779,-0.009291742102378153,0.003325854366912573,-0.021792170952795953,-0.026152679863007983,-0.012271710185465051,-0.00279666688122715,-0.0014441278666833535,0.0,0.0006035555241964974,0.0,0.0004553381876995499,0.0,0.0,0.0,0.0,-4.3237649372918074e-05,0.0,0.0,-0.0004667214876897807,0.0,0.0,0.00010122490464203882,0.0,0.00010362875011049599,0.0,-7.620214029313566e-05,0.0,0.0,0.0,0.0,0.0,0.0,0.0,0.0,0.0,0.0023886036439896285,0.0,0.0,0.0,-0.00011986322486473577,9.921810866236891e-05,0.0011946133507573231,0.0,0.0
-0.0006445075197184513,0.0006158976489212264,-0.025694878377066577,-0.01274781145795939,0.0,-0.010631802289150116,-0.01568918717492912,-0.019419748557141292,-0.016131609422861515,-0.013122385383179891,-0.021440063627308825,-0.028413984968206407,-0.027817644346105785,-0.006255473322545779,-0.0012986455384340623,-0.0018809915900213636,-0.001763103513612252,-0.00978823429342579,-0.009532065005561363,-0.012148105912045293,0.0007944673458183948,0.013452139069207392,-0.014765878800947263,-0.016559291798688036,-0.008760673824197762,-0.006550489974447571,-0.03590438830517201,-0.0030179872664953256,-0.004103797278407206,0.0001582693754341724,-0.018990604720858895,-0.014189177640227646,-0.014430913986628824,-0.018440236931973386,-0.007967263924877399,-0.015735123012426633,-0.01963415025370796,-0.006041335620126098,-0.015674744795803774,0.0010649730562707904,-0.01968632165358275,0.003938176800961202,-0.027251027702592467,0.00010642968766777505,-0.00022935248963168453,0.0,-0.0001890852230885809,0.0036610405190550255,0.0,-0.008224371188477297,-0.013175422395285019,-0.002908140761011313,-0.022201346541604827,-0.00045731290504258393,0.0016164553141221338,-0.10411760846102358,-0.0007599544147517956,-0.0089232566165669,0.0007589698849491122,-0.0010342533630774975,-0.00037236290438430464,0.0,0.0,-0.007125787731816824,-0.014808214386455465,0.0,-0.005715147539005205,-0.00880378340579735,0.0,0.00012596322400010296,-0.0009513279051427959,0.0014501473975541135,-0.015126054801662292,-0.0043509649942704565,0.0008515995639410967,0.006881641894545876
-0.010117465738278264,0.015032591520626082,-0.006117873926280493,-0.025428770497260056,-0.010631802289150116,0.0,-0.02061318770601972,0.006881181953155402,-0.006287074003807069,0.005080249780062551,-0.03460376155928485,0.004078238223015562,0.012173068999687842,-0.003664355142929232,-0.005988644535518617,0.017127940996985724,-0.016730331762518202,0.008738378961402282,-0.02996057471897623,0.0013185423707695598,0.008014720081867432,0.010568179650949638,0.0032908657103330463,0.0009264396799776309,0.009557816937838803,-0.008790319242090172,-0.011883830201528278,3.830178956032437e-05,0.004304874174394291,0.0005328709739343407,0.003889526921147246,0.005045743619411791,-0.00902794693532849,0.00547518183533835,-0.00871987670019242,-0.010576254348204639,-0.0006304297551185667,-0.014064939230532036,0.02617674825805949,0.07506211147584158,0.015706272614876005,-0.0036878445955097483,0.006046474513503042,-0.0008036000744616745,-0.0018440351958124435,-0.0004443985517776361,0.014096399652771041,-0.012283010035347153,0.0,0.011438073547422656,0.004107883469251727,0.007890806858552923,0.0006799214635251905,0.013360707948439021,0.0018455397669103757,-0.012151367985145212,-0.0017782932592885214,0.010096162084442972,0.013322377963553289,0.01852771728943592,0.03920340372649955,5.551115123125783e-17,0.06680937129018916,0.01548215143742071,0.023348814458960976,0.029700309709192352,0.01448683946578222,0.009804233503708959,0.0,0.0235432782613047,0.001378068812028732,0.021361132225913848,0.012529986706488971,0.0237320883482528,0.006427098173501733,0.008863458069596764
-0.008027133310418266,0.005345211879649592,-0.01187517334295951,-0.006803053766693878,-0.01568918717492912,-0.02061318770601972,0.0,-0.004450454561671147,-0.030907442287069986,-0.006523003831989782,-0.032049435606724075,-0.0021907813903276896,-0.007167443702819576,-0.023335515147616004,0.004121447018766655,0.008552723464863743,-0.0011245101152332904,0.00805302393586832,-0.011259291455711529,-0.011667068543381343,-0.008054520408629029,0.007048212900785611,-0.010966707338547488,-0.0004670246075177964,0.003363037456126483,0.001258479222276454,-0.009440041785286513,0.0001724334802803984,-0.0036670216528434385,-0.01017782857914612,-0.016936611855444095,-0.00833687873105965,-0.004636723908249152,-0.010361478130020862,-0.01141690390437522,-0.026808416323490736,0.004623714499103426,0.004990909761271756,0.012449247298565669,-0.03130745290682563,-0.06055462880401835,-0.06877217679843994,-0.01946679528570089,-0.0009559855191223487,-0.02405004852239534,-0.0003566371942825275,0.011939029502703036,0.007140081993659786,0.0,-0.002975610107980753,-0.01051771093419096,-0.006761550797619087,-0.0108963592590261,0.008714232838583524,0.0030047804634710795,-0.058797702208677805,0.040732323526042336,-0.005340881645006679,0.0009282531121214133,0.012943443172205193,0.028253458202635973,1.1102230246251565e-16,0.020691913923962857,0.004100159824954819,0.007521488335007487,0.002928704393900916,0.01386541817410153,-0.00593159531562526,-0.0022432766165710882,0.01432745521620904,0.006152508499897513,0.0027434076546454245,0.0006109562797120827,0.004598196709610147,-0.0057408247832668735,-0.012945736611680636
0.003924908543765482,0.010213700832648775,-0.0010140070637699727,0.002942960951936302,-0.019419748557141292,0.006881181953155402,-0.004450454561671147,0.0,0.0025069023086545794,0.007546199022988698,-0.03250097098431426,-0.0038346431644326606,-0.0034407861754775504,-0.04115196967316542,0.012936902971088016,-0.000422832243499649,0.0030598467267433094,0.008273729517728423,0.0024842885779737256,0.008647460005647478,0.007462994762892139,0.007548840356796149,0.005852275601487711,-0.00048237172913889736,0.01278530189668331,0.0015380047725847001,-0.015311011052173085,-0.003589175569457148,0.020142751429234995,-0.0028662422121630837,-0.010203998826614491,-0.08171874065098217,0.02134484489695515,-0.012146246150649576,-0.029864410914182238,-0.040938896508343925,0.057986885908529406,0.0011164000045234546,-0.053062896532569404,0.0036947308523230804,-0.03274641803831563,-0.04719640314234769,-0.04905805621589471,-9.886371026945895e-06,-7.631366432853115e-05,0.00627209277252877,0.0059776888759310864,-0.010387796106183789,0.0,-0.05877593298353623,-0.020468004827945308,-0.012078220667932571,-0.045099816258799885,-0.0026234967837384104,0.00012715221574244318,-0.043577894625414615,-1.1102230246251565e-16,-0.012837047390729162,-0.04620633937290508,-0.0003053440648084216,0.012788799469964529,0.0,-1.5953368309840066e-05,-0.02305374708723673,-0.015671570835035065,-0.02459093524252659,-0.005027945418623003,-0.01333421348916014,0.0014043892611907416,6.375321235135845e-05,-0.004924025756753103,0.005393956096422126,-0.0009867030052888026,-0.002338191753481045,-0.008383906098458849,-0.004428589484958612
0.008290363999419015,-0.0014622380348756625,-0.03836248334512754,-0.02352965591575934,-0.016131609422861515,-0.006287074003807069,-0.030907442287069986,0.0025069023086545794,0.0,-0.005031294687115828,-0.0018924960942431346,-0.010802998229759442,0.009830333097445743,-0.005017307708749141,-0.0012587194450726646,-0.0015223200353159383,-0.010061333705413178,-0.004499203742408586,-0.0334607242694607,-0.0003686093965472037,0.0018807001052489891,-0.0005903444954939441,-0.012548230902338864,-0.0007566239743334036,0.02517958516210944,0.018372599486225494,-0.026723389321631708,-0.00902387589168202,0.008293495031934106,0.0009111346925715913,-0.008738931842291742,-0.00680182802367868,-0.009623369362856682,-0.00918696864344798,-0.012860139873646259,-0.010332651101538859,-0.00040269866818010147,-0.009702138004832883,-0.0037937676236881046,-0.006618834859075717,-0.029908810115415074,-0.020299855774407405,-0.004238930126544693,-0.0006002749728018508,-0.02292647288069627,0.0,0.0020358596299334675,-0.057837224485584204,0.0004977325918722464,-0.003502140749973237,-0.001996877490148652,0.003677643233710115,-0.013278019736730706,0.009246002023249655,0.0018680924754924666,-0.12681045915649886,-0.003216691659771065,0.0024278252694984737,-0.004407192658516967,0.0013716558347716679,0.0011422429333079465,5.551115123125783e-17,0.0,0.001717286150966335,0.018781462889013334,0.0051463522075602675,-0.0042473427501750205,0.008360388750779713,0.00010706562025775135,-0.00018842981802807968,-0.00045776251437751325,0.015558131919626406,0.010666393438962252,0.015042536717190691,-0.0008037238457588858,-0.005534717546291645
-0.013065697418802535,-0.011753842667225178,-0.014558426270396496,0.10139694892044132,-0.013122385383179891,0.005080249780062551,-0.006523003831989782,0.007546199022988698,-0.005031294687115828,0.0,-0.004047757462524282,-0.009158826395439579,-0.001441090745428919,0.017683015357036147,-0.0037616393296472372,0.018556284621016383,0.024206286353513906,0.02516252729942231,0.000635357823965621,-0.01583485126440043,-0.013179921730021082,-0.012623268829846546,-0.0002312621890070421,0.016979370162776508,0.0015917339583714774,-0.00439860761963673,-0.0027685840308583898,-0.0007341735298445062,0.000374068066358646,-0.027212914655378673,-0.004156152877179076,0.011286223799025996,0.008988629306627638,-0.0019707593406257384,-0.013602034931568752,0.016221347610373138,0.07967041400232294,-0.0025223702316024,-0.0051790236035694215,0.011339363957941828,0.03198087295499258,0.009554073930047091,-0.03755767210201333,0.07687624304820956,0.011644414939879999,-0.010403950135027318,-0.0026116931026572976,0.0015997089679864462,-1.1102230246251565e-16,1.6653345369377348e-16,-0.0032273966577980318,-0.027034927134232556,0.0009512971839501505,-0.030308328081234015,-0.0011623308555799294,-0.0006880565375184111,-0.009232802408351448,0.00307301207721572,0.0,0.0005794195767351851,-0.00274269539949884,0.008528646078770796,0.01568994717592881,-0.03164046891691774,0.00035335537028419184,0.0005951128668147398,0.003648515819865361,-0.014822459817944167,-0.005163461536941805,0.0033079618026298774,-0.018860070063188017,0.009813724516309796,-0.03653022983226989,0.011117099787002704,-1.1102230246251565e-16,-0.0019119168866560954
-0.00015162951627389898,-0.0005876862783817938,-0.024363556607597203,-0.017496768507207883,-0.021440063627308825,-0.03460376155928485,-0.032049435606724075,-0.03250097098431426,-0.0018924960942431346,-0.004047757462524282,0.0,-0.027115215835631923,-0.008185094308987895,-0.040420392352169265,0.0,-1.1745815133690218e-05,-0.020013244245466022,-0.00993420844108428,-0.020467603396549405,5.398222501779015e-05,0.003941133072782155,-0.0014137017471808622,-0.046632243235909254,-0.04901673792783934,-0.01621178660316197,-0.010504121983142267,-0.028415186330392417,-0.0031174763308000064,-0.001870405511056883,0.005725518076774849,-0.0027666596005939126,0.012738243743860678,-0.014474892140151518,-0.007380611102236756,-0.00862544544174948,-0.008822571392613221,0.03627431841004003,-0.027919625570714923,-0.017040008734552026,0.001903807217710829,-0.03304690376220121,0.0009264097301363572,-0.004360413034658728,0.0020854382471811594,-7.220924699335995e-05,0.0,5.551115123125783e-17,0.017594933468791207,-9.47395676937357e-05,0.06194951199976184,-0.0021880565338061597,0.017145747739366723,-0.020786034984805857,0.041728245013854914,0.002619923201674812,-0.04977378633206073,0.0014179636913176918,0.009344347502140027,0.017699226539265145,7.531588761222618e-05,0.0,0.0,0.0,-0.009144508735065005,0.0013836650981733922,0.0,-0.0008093474981467064,6.775454899365929e-05,0.0,0.0,0.00031197305233438,0.014515948610506313,-0.0014567481835992546,0.0021561527728090057,0.0004723528272493338,-0.03763517779223341
-0.02299921887735873,0.003307086587775565,0.01600268469680205,0.0011760703629833391,-0.028413984968206407,0.004078238223015562,-0.0021907813903276896,-0.0038346431644326606,-0.010802998229759442,-0.009158826395439579,-0.027115215835631923,0.0,-0.0014590028330522253,0.0036414123702572243,-0.0021638783127990724,0.017251575550399245,0.005897652232611017,-0.0011259738186193968,-0.001127677687216,-0.03191438173524458,-0.020112834542485858,-0.019784260701731726,-6.468706610257557e-05,0.027276645325050586,0.005483803520530739,0.010004195159414309,0.0041933822074657345,-0.0009761338535893005,-0.00748773378366302,0.002906034123027368,0.004671552875895102,0.01526612285617257,0.026745761549794356,-0.006020172398467971,-0.013203186458344562,0.00783099422831196,0.01684628776448105,0.022683750838718597,-0.002217118504571125,0.012630281061153381,0.034787023967588704,0.04117167132820204,-0.038317901650660846,0.0010592803388885519,0.01524941914510336,-0.006392207609008993,0.00010930711959056261,0.0008081770374308017,0.0,-0.00043063365740475534,-9.119297332632614e-05,0.004664336549209835,0.0,0.009494497352004805,0.002545665330944691,0.0012629040868429309,-0.0027491385913447908,0.01369274962959044,0.0,0.00024507320455419146,0.0017688964917194072,0.005805885432329183,0.016795033637058587,0.0,-0.0003311030857841568,0.0005421758249715691,0.0027003196998491297,0.0009961242880974774,-0.006245886841878157,1.3685778905703216e-05,-0.019372071940062574,-0.0017536345662274022,0.030403232290710236,0.0022837384818020223,0.0,-0.004917618671252011
-0.012370871253938154,0.016582518157441883,-0.009770481145007892,0.012137969790719016,-0.027817644346105785,0.012173068999687842,-0.007167443702819576,-0.0034407861754775504,0.009830333097445743,-0.001441090745428919,-0.008185094308987895,-0.0014590028330522253,0.0,-0.004724509541582211,-0.011417187738700763,0.013986884350385531,0.004894256165870636,0.012060370145067001,-0.0007302805669928136,0.000434834390777461,-0.0019350656757885498,0.009067453505649525,-0.006234265832560426,0.00575697180883844,0.006620898689517873,0.0025720325393215338,-0.002351280680680412,0.023547568092623816,0.0073591009571736254,0.01783190583382782,-0.001334482461629316,-0.003206884634831375,-0.007674075032129746,-0.0005065079216294288,-0.003986201529151134,-0.003905780768691247,0.0012850252003125395,0.008135088374508381,-0.0049486614236760595,-0.05048618197602406,-0.038189312989433954,-0.022838734368484603,-0.03451560414613514,0.002391873257475585,-0.013802354187476218,-0.0005573710299106027,0.010441548123895361,0.009627265916764993,0.0,0.0010250520729205848,-0.0013253597751123891,-0.0006237596660074729,-0.004871527474372417,0.008769168642125957,9.454321060359261e-05,-0.03147822365836467,0.003134347950367544,0.000387450057631078,0.01537513935269319,0.010646716901046904,0.023282125215643767,0.0014526312458994495,0.011971597715769555,0.0021874923717026817,0.0005115433432717476,-0.002475338381353165,0.013702878984929112,0.0026382806380081947,-0.0011915940024055938,0.013972515264087881,0.006106117374459041,0.010180570205688855,0.0032622716128503093,0.00791507391417079,-0.0001382210025550057,-0.007348023561379091
0.0008248454049716303,0.0,0.001710704069668001,-0.009426137417866964,-0.006255473322545779,-0.003664355142929232,-0.023335515147616004,-0.04115196967316542,-0.005017307708749141,0.017683015357036147,-0.040420392352169265,0.0036414123702572243,-0.004724509541582211,0.0,-0.00018886481943025668,0.0,0.0,0.0,-0.014174422924495111,0.0008184719684409814,9.614186034734296e-06,0.0017968728607653528,-0.011096830836014315,-0.0030283737158108837,9.248473667211599e-05,-0.01507372156338782,-0.02019240422890778,0.0012516556711035243,0.002143308380585962,-0.00046380766499032333,-0.001797955774480331,-0.07615015861843336,-0.0005781576783164821,0.0018506113204984076,-0.003065295368048393,0.0019106669551625655,-0.0008042703536335905,-0.00035830010920989697,0.011071141675101925,0.0,-0.001667993679902724,0.0,-0.015901732419800696,0.0,0.0,0.0,0.0,-0.020675340996589797,0.0,-0.0015135032277744376,-0.012117165036851063,-0.009580745428928727,-0.0022651448168352073,0.014591888354056448,0.0,-0.06255337654240356,-0.0004573517206408195,-0.004109209021536442,0.0006900015959346306,-5.551115123125783e-17,0.0,0.0,0.0,-0.011168727500387832,0.0007450475948287405,0.0,0.0,0.006664049118802695,-0.0003446945985336458,0.0,0.0,0.018567577906090094,0.003092269981908702,0.0025065304220562856,0.0,-5.551115123125783e-17
-0.011422809836164227,-0.013037946557749425,-0.0030230104393985102,-0.0016338758039432522,-0.0012986455384340623,-0.005988644535518617,0.004121447018766655,0.012936902971088016,-0.0012587194450726646,-0.0037616393296472372,0.0,-0.0021638783127990724,-0.011417187738700763,-0.00018886481943025668,0.0,-0.012331029485933065,-0.00355967374805638,-0.0020767227861728244,0.0,-0.032059269276030644,-0.0026248634860738806,-0.013082703728470813,-0.021511517102122846,-0.018172649422105613,-0.005675211313254325,-0.029602915140587494,-0.0009615192371805747,-0.025837751221915672,-0.01382836214468608,0.002694498285003233,-0.032970919356911044,-0.031473374503931395,-0.0420836712299586,-0.03788734141713046,-0.051217370471568435,0.004995026087301513,0.0015976765106910928,-0.0032511024847483583,-0.013639888075921924,-0.030081360549414682,-0.03574439621966574,-0.024653865194715296,-0.06318052789530965,-0.0005761420378411763,-0.0015507974633076627,0.023542911830722102,0.0023537019838636986,-0.0018879550898143749,0.0,0.0,0.0035639794177583783,-0.0005864288270654439,0.002702957561437902,-0.0006469134927848397,-0.00017588667023776816,0.0,-0.0173759891487702,0.020008313195797933,0.0,-0.014762726128821901,-0.018654403026138133,-0.0006054417532448952,-0.01128373978823971,0.0,-0.021866007732272652,-0.027674764008027097,-0.009065385202777554,-0.005915275979982315,-0.06116723934723134,0.0012124823974429266,-0.014707534551955947,-0.006583400577609755,-0.004419980311810789,0.0016757947642998539,-0.00904149242666119,-0.02198095010647333
0.0013643606361247174,-0.006237088221042797,-0.0005176509559115527,0.0,-0.0018809915900213636,0.017127940996985724,0.008552723464863743,-0.000422832243499649,-0.0015223200353159383,0.018556284621016383,-1.1745815133690218e-05,0.017251575550399245,0.013986884350385531,0.0,-0.012331029485933065,0.0,0.020260419447448663,0.017714951117745792,-0.0010449862451613057,-0.003969810969436105,-0.007187878677528847,0.003586729690227497,0.0013972288463940385,0.017421692763810726,0.006519935170605451,-0.0034414732614540533,-0.006446056745212314,0.012485905755951543,0.012914614118076706,-0.00777774482054977,-0.0028553887443788506,-0.013934182287066998,-0.00996012202219626,0.0032282436228335265,-0.01587895520566268,0.005388911770736582,0.0016443551715169535,-0.0015252658391533003,0.004675723116346453,0.01349550555844442,0.009138534403068832,-0.004646900242347207,0.0021714324893692405,0.0,0.0,-0.006385225401788597,0.006535461309110979,0.0,0.0,0.0,0.04652386680682358,0.06882053196487975,0.0017064003359069657,0.0,0.017378780336292365,0.0,-0.026453452771507513,0.037718500166684155,0.0,-0.0009016227723271375,0.010449817628933766,0.0019921766074515457,0.0282546246230288,0.0,0.0029041848418894234,-0.027200618796137277,-0.001346637569084097,0.02346409779938763,0.014631985922779644,0.020850647346756845,0.0022050242470605386,0.013372280430510697,0.035389288713243594,0.03249899979002613,0.00729103988731461,-0.0015358337383913345
0.009374217836997378,0.0068581587432992586,-0.0009881251351066545,0.00034364032860045857,-0.001763103513612252,-0.016730331762518202,-0.0011245101152332904,0.0030598467267433094,-0.010061333705413178,0.024206286353513906,-0.020013244245466022,0.005897652232611017,0.004894256165870636,0.0,-0.00355967374805638,0.020260419447448663,0.0,0.032553041691833484,-0.010678509552595083,0.00362174802754206,0.002708156348768642,0.01695682975576951,-0.03070606778636381,0.025322741971870455,0.03154855884492114,0.008150764999368176,-0.016465335019342442,0.017505942331159208,0.007008041410391741,-0.001266201796863542,0.020461820738608527,-0.009019034215295152,0.017166017615479368,0.009530648854071733,-0.00686955122217614,-0.005313665013184532,-0.0009299766840625279,0.016402526868752043,0.022563939478541906,-0.01746295730502989,-0.0017387023153842551,0.01144829753350679,0.0,0.0,0.0014303307216652628,0.022861041826035655,0.02042918012319045,0.0,0.0,1.6653345369377348e-16,0.00039563740682602155,0.00014000081205933768,0.0,0.0,0.006039390012363477,-0.0002484638599850042,-0.010220192540281614,1.3023364318021091e-05,0.0,0.0,0.01614404479089493,0.02304417381686169,0.02752821182566889,0.0,0.0001251052389676932,-5.551115123125783e-17,-0.0013552067937977474,0.00013795526936288827,0.008982937747536224,0.020263112272186856,0.005801699606808874,0.0,0.015663800392413052,-0.0009660615430948094,0.0,0.014983257858206644
0.01895406052519949,-0.0046527190029778676,0.0010024473910463794,0.0,-0.00978823429342579,0.008738378961402282,0.00805302393586832,0.008273729517728423,-0.004499203742408586,0.02516252729942231,-0.00993420844108428,-0.0011259738186193968,0.012060370145067001,0.0,-0.0020767227861728244,0.017714951117745792,0.032553041691833484,0.0,-0.010684096631674522,0.0025131347979592267,0.012216464276851191,0.002540506443050039,0.0021986765850223744,0.0057398630472778045,-0.0048670071239840795,-0.0036985848323533577,0.0003718545930405659,0.01306174681309058,0.012349116713375241,0.002110738340186602,0.013666831787794875,0.003251496250753938,0.016466044424352178,0.015248917892741465,0.009051326703834905,0.009093065017196922,0.0,0.027952837824900545,0.016456338902580248,0.013592264700196088,0.009735379061040494,-0.0006104736171232972,5.551115123125783e-17,0.0,-0.0016817397589321548,0.021624317389532577,0.012739326068026968,0.0,0.0,0.0,0.06048433185523178,-0.0005639404855101726,-0.00014731675315604598,0.0,0.006447569060114788,0.0,-0.002134586109999559,0.016032380978329708,0.0,0.0064188674508489085,0.022371020597483693,0.028636312392705754,0.02872026304269998,0.0,0.015806024161886534,0.007296684729449332,0.003948261881490167,0.0330939521165981,0.01910870798321901,0.0259783439881916,0.014367322922990255,0.017680488175602305,0.055697141493466384,0.04662013074503801,0.0,0.015917505930947595
0.0,-0.001795291575596436,-0.02516013265178277,0.0018750936717690236,-0.009532065005561363,-0.02996057471897623,-0.011259291455711529,0.0024842885779737256,-0.0334607242694607,0.000635357823965621,-0.020467603396549405,-0.001127677687216,-0.0007302805669928136,-0.014174422924495111,0.0,-0.0010449862451613057,-0.010678509552595083,-0.010684096631674522,0.0,-0.0015259065295786245,0.004017267936930968,-0.0002489070854652109,0.010712521532440067,-0.020744499925155202,-0.012234097318245651,-0.013268423191726109,-0.022142969280564806,0.002271515054082074,-0.002710457685013712,-0.019500652146350217,0.0022215318432077247,0.006347621057393338,-0.030117144209018953,0.004293109385681504,-0.010529542600323571,0.0027184734877050976,0.0024396083672723057,-0.015162550113145101,-0.011904254655911328,-0.0011238565358634989,-0.05229105002054929,0.0007622926749379921,0.005381340063950912,5.551115123125783e-17,-1.6653345369377348e-16,0.0,5.551115123125783e-17,-0.13513020707067963,0.0,0.00750097486976431,0.010669811541183294,0.018113602980716625,-0.003081403808725014,0.02041244079787874,0.0013523555965898604,-0.11351557065770113,-0.0009009281353486998,0.026247281154575863,0.002499196650943336,-0.002115128598486782,0.0,0.0,0.0,0.027002151492045434,-0.002874016969089288,0.0,0.0009405655318200368,0.018871113595339106,0.0,0.0,0.0004310572944690727,0.026091378474348947,0.007128245966413593,0.026146885402500653,0.0013040476140526724,-0.00986583094324578
-0.02309044420812667,-0.011704552209994834,-0.0021595470565580754,0.0002776623829118252,-0.012148105912045293,0.0013185423707695598,-0.011667068543381343,0.008647460005647478,-0.0003686093965472037,-0.01583485126440043,5.398222501779015e-05,-0.03191438173524458,0.000434834390777461,0.0008184719684409814,-0.032059269276030644,-0.003969810969436105,0.00362174802754206,0.0025131347979592267,-0.0015259065295786245,0.0,-0.015200535585765562,-0.021536354529384294,-0.02818080489668634,-0.03669905873528034,0.00047097956534841723,-0.028480249640202626,-0.021091063903008078,0.0014120918253795467,0.001501117731069479,-0.005667719992328901,-0.025244063070217093,-0.02696766115501531,-0.037287179524629566,-0.029162677466637754,-0.04462915991810945,0.00464601227634287,-0.07904140165522622,0.026831701526663032,-0.0024904281358673064,-0.03981856692021729,-0.027847651914726157,-0.022229457039659783,-0.048816290059636225,-0.00018190243100524306,-0.042186254171788506,0.0007236859301892329,-0.002813678120616614,-0.02249277834712815,0.0,-0.0013345969135865055,0.005820312373740366,-9.236164365150623e-05,-0.009809424310053938,-0.007221711632857786,-0.0002977318301515819,-0.002343140449820924,-0.01132925824281844,-0.00015184524843075975,0.0,-0.015704379295226945,-0.003915588372766232,-0.00022134103985177456,-0.004192689003172934,-0.0014777180440815885,-0.009965462396129277,-0.02366244932853695,-0.014497791548581274,-0.0036060235587568323,-0.0023240365645776917,0.0028704476247610744,-0.012330638098024649,0.0015295460793196547,0.004244036551256325,0.007114327802751119,-0.002886230753510355,-0.018040021555638608
-0.023289413989063645,-0.008150811094442045,-0.001616842589086176,0.00047062511136486407,0.0007944673458183948,0.008014720081867432,-0.008054520408629029,0.007462994762892139,0.0018807001052489891,-0.013179921730021082,0.003941133072782155,-0.020112834542485858,-0.0019350656757885498,9.614186034734296e-06,-0.0026248634860738806,-0.007187878677528847,0.002708156348768642,0.012216464276851191,0.004017267936930968,-0.015200535585765562,0.0,-0.01048787976418003,0.004829951600086868,-0.005901610827845516,-0.0005007346696528914,-0.012992902743723445,-0.013891985910972182,0.0013069479509683068,0.006907862816170285,-0.0014927456806044792,-0.020011828413109056,-0.021539987028888152,0.01884114675477322,-0.04332062280293292,-0.0503970525714591,0.00020311152552554557,-5.965151636483368e-05,-0.011993898368401978,-0.008450701497469904,0.02385552703306615,-0.020087168977405534,-0.037186500356419905,-0.011099407270946993,0.0,-0.0005104574221043712,-0.0068069026967672586,0.00012050270800179064,0.0006130747574565332,0.0,0.00016931086674137896,0.005223289189290381,0.004828945683724495,-0.0012871561138584897,0.001264610780070119,0.05779294230158866,0.0,-0.017389742889126703,0.014299637954931277,0.0,-0.018152626256566662,-0.0009552543388203771,0.0,0.008150183497913244,0.0,-0.007997919348023907,-0.037393171730683405,-0.007573021500197952,0.0047578057828652764,0.003665299873523986,0.007836202235503853,-0.027179456760730802,-0.0004191102207903863,0.008386804312719653,0.022096878184744484,0.012718635691343794,-0.0093369272360187
-0.01313421544820581,-0.008253429731475914,-0.0025627166641561394,0.0034061298807217533,0.013452139069207392,0.010568179650949638,0.007048212900785611,0.007548840356796149,-0.0005903444954939441,-0.012623268829846546,-0.0014137017471808622,-0.019784260701731726,0.009067453505649525,0.0017968728607653528,-0.013082703728470813,0.003586729690227497,0.01695682975576951,0.002540506443050039,-0.0002489070854652109,-0.021536354529384294,-0.01048787976418003,0.0,-0.02779774301314103,-0.006333476307842811,-0.000583956515073647,-0.01602813713313056,-0.03854088784615528,-0.02017264972357624,0.005744031102577485,-0.07962449144289602,-0.01932726695047088,-0.030293746838459146,-0.019538090329322466,-0.02590062726622644,-0.04304964232390002,-0.03574940735917348,0.0029787036177499338,-0.002049355528843555,-0.006842196843434678,-0.008344986133468624,-0.01531835468501408,-0.027387567432393956,-0.04514107910169002,0.0,-0.02314881886770409,-0.016315801155582066,0.013074667357818981,-0.002286775553455689,0.0,-0.00025617663922411493,-0.01304219433458259,-0.0061649246930460255,-0.023583348177459384,-0.0039065508210379685,0.00345534205323067,0.0,-0.04829881304101352,-0.00030913323890952027,0.0,-0.007609101995340262,-0.0002555044777410864,0.000441318668619628,0.013655861822642779,-1.1102230246251565e-16,-0.019163846545983965,-0.021054138256188792,-0.0008418584110054805,-0.0036409378878416443,-0.02177046640316599,0.01630620745583039,0.0005492236301755105,-0.008418867910215067,0.01746634350157844,-0.0005287007462135285,-0.01216450592920304,-0.012505654012577583
-0.006158766113189662,-0.009788080273941513,0.0005748131337081075,-0.03531179771641957,-0.014765878800947263,0.0032908657103330463,-0.010966707338547488,0.005852275601487711,-0.012548230902338864,-0.0002312621890070421,-0.046632243235909254,-6.468706610257557e-05,-0.006234265832560426,-0.011096830836014315,-0.021511517102122846,0.0013972288463940385,-0.03070606778636381,0.0021986765850223744,0.010712521532440067,-0.02818080489668634,0.004829951600086868,-0.02779774301314103,0.0,0.000512321233062496,0.01075337592910336,-0.02123350301766458,-0.010242854871313156,-0.004641592086344126,0.0064989316727928625,-0.0049954604376801215,-0.014200133775662704,-0.00888029052111522,-0.031829535730022895,-0.012910683676559731,-0.026382754583515577,-0.015242287763824747,-0.01036700493962528,0.010191704071979002,0.004720102572604579,-0.017456432481255113,0.0024665472853114823,-0.008627543002892257,-0.012226112030976344,-0.0012173105249257965,-0.022877082056195097,-0.01956868183258892,-0.0012052954775373936,-0.027874518251737812,5.271501920262045e-05,0.0019018535101167355,0.00909807702566956,0.010392374866232346,-0.014549473185902995,0.013661436778183211,0.002222675137360408,-0.012495003131734017,-0.04004869469502581,0.009666266871239282,-0.003909696993153466,-0.005253974326863753,0.008581292225593451,-0.0012358424609618668,0.01699562835661167,-0.0814659827287636,0.0012837511962823234,-0.014776875490847496,-0.007176186044087318,0.01150895268092711,0.000363360336951446,0.008427873531689,-0.01200881639700252,0.019605141771680157,0.009917143155643293,0.018729036689795198,0.016359409894927235,-0.009706613052362534
-0.00029210938436197154,0.010412799066718714,0.0011377696852450936,-0.00355115676644685,-0.016559291798688036,0.0009264396799776309,-0.0004670246075177964,-0.00048237172913889736,-0.0007566239743334036,0.016979370162776508,-0.04901673792783934,0.027276645325050586,0.00575697180883844,-0.0030283737158108837,-0.018172649422105613,0.017421692763810726,0.025322741971870455,0.0057398630472778045,-0.020744499925155202,-0.03669905873528034,-0.005901610827845516,-0.006333476307842811,0.000512321233062496,0.0,0.004248974130218464,-0.0025675306901894457,0.006167484416678193,0.004140669956462006,-0.01888190009073859,0.0018824832006638093,0.011981142288134794,0.029700585193695617,0.021946514626508096,0.017413928364057085,-0.009730174797608904,0.00403793943270192,0.01724826335130114,0.04053111863919767,-0.030962809038817596,0.023854266872403773,-0.0017050251277072603,0.04216987037925701,-0.017868897095805858,-0.0002534430349082073,0.014061909425243713,0.006076802785607627,0.0027694519590658606,-0.00011307540335098176,0.0,0.0,-0.0019122486826553264,0.0020324876654927437,0.0006912830205508813,-0.0007253076754663579,0.017134174015313197,-0.00030769486326570616,0.001039223262954303,0.0035747368344103414,0.0,-0.0011583481011994134,0.021568131061824647,0.040479191511219315,0.038840099747964485,0.0,0.0019104940786003333,-0.01643874004326873,-0.022335992298961882,-0.0033246533960758495,-0.03978193440435457,0.023910727081332572,0.004689160757353539,-0.0014508205569503385,-0.11747288068669204,0.0004222705960145734,0.0,0.027617050434845858
0.008887091040068906,-0.01496403351617659,0.0003124219839011344,0.0,-0.008760673824197762,0.009557816937838803,0.003363037456126483,0.01278530189668331,0.02517958516210944,0.0015917339583714774,-0.01621178660316197,0.005483803520530739,0.006620898689517873,9.248473667211599e-05,-0.005675211313254325,0.006519935170605451,0.03154855884492114,-0.0048670071239840795,-0.012234097318245651,0.00047097956534841723,-0.0005007346696528914,-0.000583956515073647,0.01075337592910336,0.004248974130218464,0.0,-0.011961352685902205,-0.0018111104811020518,0.004137877230053322,0.003664216939322118,0.00012126355696800983,0.009536146394296674,-0.007678569555542136,0.001448205021802429,0.003163484497670732,-0.009662994519587353,0.03085511190210899,-0.0005008623988318472,0.012486002798531848,0.01920069322879442,0.008775977082305542,0.004004597044869884,-0.0025841576919769516,0.0003116359053565998,0.0,0.011014262696602162,0.002125858812996595,0.010963736315202033,0.0,0.0,0.0,0.008152159916699875,-0.0006548792737100517,0.008148490524036989,0.00027685155329193467,0.0011984649319514706,0.0,-0.012763413801730739,0.01606628902557672,0.0,-0.005798274405328041,0.017626423404337788,0.02081452574787701,0.0244300991200177,0.0,0.0075536289469261275,0.004169833313519777,0.0023420380450895895,0.008694778763464805,-0.005391683287142235,0.01679287011081315,0.0036158137418661473,0.00958729767848876,0.015180189602801708,0.01936688642497003,0.0,0.012731031802374393
-0.01774408374834341,-0.024479927288119263,0.005808501682651679,-0.0004136253577472493,-0.006550489974447571,-0.008790319242090172,0.001258479222276454,0.0015380047725847001,0.018372599486225494,-0.00439860761963673,-0.010504121983142267,0.010004195159414309,0.0025720325393215338,-0.01507372156338782,-0.029602915140587494,-0.0034414732614540533,0.008150764999368176,-0.0036985848323533577,-0.013268423191726109,-0.028480249640202626,-0.012992902743723445,-0.01602813713313056,-0.02123350301766458,-0.0025675306901894457,-0.011961352685902205,0.0,-0.034062107835450106,-0.0019039837064775411,-0.006084972933459332,0.00796534318253822,-0.006107477506997305,-0.029935500843744134,-0.007175539135430453,-0.011492088463829764,-0.036248797349468065,-0.050171152247581285,-0.0026529762573001547,0.017312568547584395,-0.008543225599118298,-0.010934721246514179,-0.006519200052803098,-0.02650425839539905,-0.005739494222740449,0.0,0.007259781417037647,-0.023497465321507482,-0.0024321588533377514,-0.002675842582364363,0.0,-8.451650332391702e-05,-0.005148854265660141,-0.004289302064741152,-0.027922866676538483,-0.0021491977977325383,-0.009637996653665881,0.0003914492207334752,-0.02580390623395845,0.0013536361762046534,0.0,-0.01728636933226224,0.0008942291192072238,0.0157898993157628,0.016979442438912307,-5.551115123125783e-17,-0.014358603725407482,-0.042879417462687974,-0.010045114789906662,-0.005300505184950899,-0.005563915581376977,0.009205245956814212,-0.010779704830491732,-0.012384670597113623,0.01606978231990741,0.006521346630488312,0.0002475397349236408,-0.0044543116570197605
