0.0,-0.013055646867280835,0.0017230247289793388,0.0,-0.00031319646764649267,-0.031127008662765077,0.023820775669897376,0.008705461367863099,-0.0003666864816017079,0.020917395578177567,0.0003177504781998186,0.012653677904967076,0.004132600170971945,-0.006703508672294023,0.011120137643065131,-0.0026797892364198717,0.02404994429873497,0.017627365110668036,0.0,-0.012759264231330614,-0.009247932159291705,0.005990279235829954,-0.00912464691984577,0.0012585768715189793,0.005541041446028294,0.009671508246459681,-0.0055630213183406885,0.004141504979911226,-0.020358987733042344,0.005145594327373604,-0.02547979702907016,-0.015836979310751675,-0.023078838007344338,-0.022716817007019774,0.011278921514452867,0.0007690171881084007,0.0,-0.003366829764645196,-0.019732584726413815,-0.013924114098142593,-0.013157176736874499,-0.008831878710429952,0.0,0.0,0.005907946857161339,-0.02778676759869453,-0.007791687071946551,0.0,0.0,0.0,-0.002266525844202616,0.0,0.0003244325188898056,0.0,0.047622986461708094,0.0,0.05607344028017969,-0.0031745748153005904,0.0,0.02889253431796207,-0.00801427849276315,-0.002863187949226409,-0.00024520575108272213,0.0,-0.007464271083129803,-0.06774830113856528,-0.004240449130375024,-0.0035942988645788487,0.025425606176884663,-0.010034095671559384,0.0022878558069689414,-0.003964719857421362,0.0004260243860275126,0.007133174078810922,0.0,-0.00591123750706779
-0.013055646867280835,0.0,-0.03411719184123402,0.0,-0.01911578260620017,-0.0037527443337730393,0.018893080007967022,-0.03259491223271038,-0.009463069590605167,0.010589701916468242,-0.0009777292136177729,-0.002701929900015443,0.005040816482813848,0.0,0.015002511918395856,-0.003964368763447856,-0.004217065599148417,0.004749273077954863,-0.001321178954059199,0.011128935683508867,-0.0036353801947076048,0.008674422273151405,-0.007330628956431828,0.029443143188792764,0.0009769927199919648,0.0131536799335783,-0.004400232010609517,0.009324831117685117,-0.0031257479018444445,-0.00734473369898897,-0.011411679387395401,-0.0016965470558187867,0.00948492356585412,-0.012942595685505542,0.0019417550337357259,-0.02637150536064664,0.0006742326543941468,-0.0003358856156581158,-0.015281544329895147,-0.014313106648549623,-0.019220771291713012,-0.024014353990210457,0.002173123546396094,0.0,-6.049535445745713e-05,-0.013772087773481767,-0.011283087498222266,0.0015124653874313831,0.0,-5.551115123125783e-17,-0.009072138330194879,0.0020925332383047723,-0.005034273383244359,0.0005288712284995944,0.0026933005069983418,0.0,-0.003571809685998406,0.010286097531417238,0.0,-0.002104812108714993,-0.0053569358134590295,-0.005464511093104307,-0.004812734597228974,0.0,0.0025956393261115096,-0.005163648304402302,-0.007245896228710358,0.0020391062230106227,0.0030095491014696663,-0.013440186081940642,-0.0055158282661431635,-0.002063821511761821,0.03344702398167965,0.0005281978544822707,0.002928844632036409,-0.0176355942150076
0.0017230247289793388,-0.03411719184123402,0.0,-0.00508573938304957,0.0008524665544141219,-0.025323402179831533,0.021503318318181197,0.025235684239057865,-0.028384573109975386,0.011044629993394672,-0.01700627950768191,-0.00415727924515874,0.0032067874402342267,0.01460348953895857,-0.002319010394206511,-0.0018886914447425185,0.0003177661281373867,0.0016821807937367206,-0.009937726657041734,-0.004227489466069323,-0.0011846299487314194,-0.005718141070963134,0.02254763708446711,0.0009297174684702592,0.000994699149137912,-0.007589431221332765,-0.03057774037208999,0.007624433183783363,-0.00855657412754074,0.00026758304056129223,0.001921814914355946,-0.011462768646405441,0.005494052188227572,0.0024749076901215417,0.0037056641946263125,0.004503182479360268,0.0013298985833510302,-0.009044942527037247,-0.005773713820431792,-0.003499462931719044,0.010851027474182429,-0.00012059906796901831,-0.010500830973599995,-0.0014265711116708268,-0.00011820480994451099,0.0,0.002380921620731169,0.1231053623754928,0.00026241643736119036,-0.0007029520595918104,0.01359485155350626,0.0364528830275076,0.02845255214981801,0.04066816758089942,-0.0011214621470587716,-0.003421494771897682,8.021893410015135e-05,0.026022490386128805,-0.008668422859015978,0.0012927070497263382,-0.0004601681692547599,0.0,0.0,0.11203406865340065,-0.04399801327306585,-0.0012718072156137072,-0.0408061838547103,0.026081768160700403,0.0,0.0,-0.001785431007987781,0.026255617025362943,0.008312684825555583,-0.0037752033045586053,-0.0009412118742851971,0.03620749495678577
0.0,0.0,-0.00508573938304957,0.0,0.022205491231122143,-0.0005462271163957366,-0.02458377591165667,0.011641558760882187,-0.008205107836212477,-0.008574060487583524,0.008221820492846477,-0.004142772715752141,-0.011475447756769008,0.020586241260242777,0.0007100468879613908,0.0,0.00025654802375246755,0.0,0.00861696244910054,-0.00044789837419279,-0.00038141922773937686,-0.00041610930129964974,0.011516134481222406,0.0015393029493347976,0.0,-0.00145851090453053,-0.001801107006568936,-0.028287245764031133,-0.0005659549096633798,-0.00018607476121773603,-0.003849038518616954,-0.02416823544423291,-0.012045113546255981,-0.00102155760020195,0.03360457038022868,-0.010659214859873423,-0.021385296927774716,-0.0034740936583023685,-0.0009539693538232474,0.0,0.0007240789435319361,0.0,-0.00036707548319814265,0.0,0.0,0.0,0.0,-5.187173379028742e-05,0.0,0.0,9.523601856620267e-05,0.0,0.0,0.00012143840802369965,0.0,0.00012432227507058746,0.0,-9.141887204455745e-05,0.0,0.0,0.0,0.0,0.0,0.0,0.0,0.0,0.0,0.0024979875996487544,0.0,0.0,0.0,0.0006837770350170413,0.00011903087689424385,0.00028679973569945005,0.0,0.0
-0.00031319646764649267,-0.01911578260620017,0.0008524665544141219,0.022205491231122143,0.0,-0.020750890621782092,-0.00021286692942029672,0.04182196841165331,-0.017461035644059097,0.020780285628966055,0.007617017581177166,-0.0004168166203030732,0.004182433799521212,0.0045313315180098845,-0.0016760957489682649,0.00395357422850684,0.01318057769786618,-0.0047583497471866965,0.025580317860786683,-0.004734924083350356,-0.005529414242019748,-0.00743661514770716,0.021241362814907294,0.029428752980434902,0.04472024418358417,0.004784952585596913,-0.0044614364317999144,-0.03370173184200009,-0.0035449419456402564,0.011657766964492833,0.01514587644762394,0.002743840923771279,0.011207512482250437,0.0034681158445699634,0.015655265413265562,0.007405801977301285,-0.007188664981222115,-0.002048294624308389,0.03839162507449406,0.006892614041396794,0.03809488264999661,0.003483099064044426,-0.001983305233905608,0.00012768252914180378,0.0019532057649480628,0.0,-0.00011569043757991837,0.02022714265689729,0.0,0.04496283376258969,0.020156341011389856,0.030960511205832653,0.036153117328169615,0.02431176939797064,-0.0004923009612605167,0.0039566683156538884,0.0030913367259143287,0.03684153901088605,0.012197915599113873,0.000799050010315383,-0.001251055036424975,0.0,0.0,0.031815314890507373,-0.04121467196596146,0.0,-0.001168040673801607,0.024038546705363206,0.0,-0.00026469763726011397,-0.0022400927727680986,0.02788767607234033,0.028684408442599008,0.018696702612589544,0.003099377570807915,0.0335817373719165
-0.031127008662765077,-0.0037527443337730393,-0.025323402179831533,-0.0005462271163957366,-0.020750890621782092,0.0,0.016689971543354942,0.0013366859420602673,-0.04218955661813534,0.01850770719867989,-0.016840969708693754,0.023867139344810828,0.009841954670442188,-0.005361617301492483,0.013739698432771397,-0.000176251445545339,0.03733628023054725,-0.008025968437236741,-0.04024927433685993,-0.01878919267813589,-0.021380288244890244,-0.015157938823241346,-0.008220562032586642,-0.0032822106532676143,-0.006590854873476881,-0.01667890168517483,-0.023273122412453107,0.020613478636512417,-0.00311881859579044,0.012229163690009759,-0.0024754893034196757,0.017023660453900136,0.014829354637214354,-0.0049370189117370344,0.005508602220048342,0.02020098741016252,0.019479314385982993,0.016555013347305803,0.04642381979507182,0.005886358192069174,0.03855107862522089,0.01745798352010708,0.039351755112825404,0.0005213385690681083,0.001470740239037982,0.0036885182901283398,-0.01842985957087606,0.01034932725954596,0.0,0.01740392930571999,0.011542940114423472,0.024871707219239925,0.004630232828151615,0.015702065479133664,0.031758153351964635,0.012921417732564722,0.0027361649946608946,0.030043071114310038,0.00554673323678212,-0.00022350024769718368,-0.015459703684850556,5.551115123125783e-17,-0.03165015060404408,0.01790452343270954,-0.00562473567864491,-0.012596713779081059,-0.007356237033321167,0.02050227539001237,0.0,-0.01174449704666719,-0.004728981111445263,0.025124723705436502,0.030482684344715016,0.02332176785410761,0.017449859099158416,0.013139208907547384
0.023820775669897376,0.018893080007967022,0.021503318318181197,-0.02458377591165667,-0.00021286692942029672,0.016689971543354942,0.0,0.04519544487936916,0.037841619187775066,0.016920210777740696,0.033627643171819155,-0.0015003382972398893,-0.004508613586605814,-0.003745047907754262,0.02858317167830987,0.02800708451541145,-0.0042942705748684196,0.02595106925048757,0.03778861918313231,0.026352908646369355,0.03217356460361276,0.03487526733290697,0.03705626435800502,-0.010319349670034783,0.013339987553168564,0.01464575587048006,0.022506567037456238,0.004173306615178229,0.00790961296185938,0.03187720769412805,0.0056577925933696815,0.007389052495291648,0.02344220667467911,0.00811852676221897,0.016385469855337176,0.010090307901846562,0.006067281028565186,0.01036546651603043,0.048218477885689004,-0.0007534126563585319,0.04923382819888811,0.051735221045109525,0.056957514548769905,-0.015801825798896052,-0.0016336649685406157,9.945490661883438e-05,0.0013998914363036463,0.018960244843730933,0.0,0.03001752059920748,0.026176737527258354,0.03310211621026771,0.03987237272030281,0.02279020702478496,0.003058641284870489,-0.00223813024966546,0.0034431487960076,0.03576516543329311,0.0020231169434096197,0.025699310795714803,-0.02155648941824445,1.1102230246251565e-16,-0.00045113433894827804,0.027496031468932425,0.021611501330641103,0.005634281174417777,0.026175741394511176,0.03276432039457777,-8.813405420798892e-05,-0.0006685954225846835,0.02212317815621756,0.03496159204166582,0.038853365360840164,0.03916113731233695,0.03388274444870554,0.03511816214433261
0.008705461367863099,-0.03259491223271038,0.025235684239057865,0.011641558760882187,0.04182196841165331,0.0013366859420602673,0.04519544487936916,0.0,0.01978033837041354,0.02186795338627029,0.04024728363804653,0.015566171920208538,0.030728276447081204,0.015044090839105018,-0.02757416405279073,0.004219038925334984,0.014468490128994926,0.005691385058063547,0.05139427569638,-0.013401832909876621,0.020729271791813664,-0.02582701631214762,0.024609730165902732,0.019158659171256143,-0.006797683103883623,-0.006310715892303365,-0.0004465370135587343,0.028750666669256297,0.013427104178022065,0.024591668682278134,0.018489200879832912,-0.027162988769459218,-0.05627150789677782,0.018376007544218587,0.02572777417602501,0.021248432653454385,0.02407024153952869,0.007909976204695635,0.007212731461979871,0.010522678659644402,0.03007522973843102,0.012711294752528413,0.027564532677367914,-1.1860570902910705e-05,0.000333819986680306,0.00042754458305566123,-0.002227659700868523,0.036552551362097896,0.0,0.0236132607687094,0.006448328166342832,0.027389012099688914,0.04852660358645583,0.0453867848084778,7.504825480358912e-05,0.041396772031230655,-1.1102230246251565e-16,0.03816065278982711,0.01221021927540078,0.011694732215750903,-0.0029632689638570686,0.0,5.732493432053509e-06,0.04889315319285459,0.007863658289688435,0.01573402327519724,0.016640120441564654,0.03292922668473153,0.00057115626217219,-0.000944995931650594,0.022780306679736406,0.030688928913513325,0.03501561259114305,0.03365576903392403,0.041231289818766004,0.03796389194761918
-0.0003666864816017079,-0.009463069590605167,-0.028384573109975386,-0.008205107836212477,-0.017461035644059097,-0.04218955661813534,0.037841619187775066,0.01978033837041354,0.0,0.021593205235521384,-0.0012065796975194165,0.021789595416780827,0.006093362347245945,0.02790428640300263,-0.003875167444316152,-0.008938473200677033,0.023238161117548173,0.0011377192853064821,-0.0011333797558494285,-0.01665884139748497,0.004950717830208284,-0.019158110365187553,-0.004513801649483895,0.012812014904795332,0.004269150939235744,-0.007614501642649485,-0.05188016768273934,0.018830828949551737,-0.011083959534183507,0.013458053816108151,0.011927810413002005,0.015439567959873834,0.018682983383310703,0.010217596206075763,0.017311620876825362,0.01921983746952305,0.013280602347464587,0.013175425530559004,0.014167671818129779,-0.002156001917192507,0.02418962335742547,0.004872701392534484,0.018833996101852157,0.001128518281389268,0.0011745888154597872,0.0,0.0005991881732770876,0.04831438002126587,-0.0009325288230658257,0.045433415067604566,0.020070599425615843,0.032779758020989425,0.030018731056209225,0.037105566630454945,-0.0009584195818168606,0.048347966607967474,0.0003262226389162959,0.0283894993583641,0.02269768949560158,0.012510558547053574,-0.00019535607569393099,5.551115123125783e-17,0.0,0.040198814243978975,0.003932741850176391,0.00506244415298307,0.024034029021207215,0.031898353268560053,-0.0017965906804638387,0.0009452470199883267,0.028425451871665175,0.02991127129083737,0.029330522998367248,0.025501181767736192,0.03253857007638139,0.025005986981449402
0.020917395578177567,0.010589701916468242,0.011044629993394672,-0.008574060487583524,0.020780285628966055,0.01850770719867989,0.016920210777740696,0.02186795338627029,0.021593205235521384,0.0,0.03273205448868477,-0.03823594807784886,0.016715384467904715,0.021507538330844622,-0.0016732183316487403,0.015713644692955497,0.03003545660874457,0.02417441201820575,0.03102795278492826,0.0013723894500252687,0.024303672529865372,0.002314750002388566,0.017051027728495982,0.014739608616451905,0.0153342377414179,0.015138963914447856,0.009753972931914101,0.027159182058991982,0.010368955351199138,0.005553345535336762,0.017264789994827112,0.015934486095670386,0.01065725593430733,0.0021880301756811993,-0.007480870110302074,0.03374913026757226,-0.015936544878384917,0.000888299554936578,-0.02109416344224402,0.0328867891542346,-0.029077450150261308,-0.11515854466412845,-0.03267043997551655,0.000936254346407539,-0.03159406543315524,0.017132509367956683,-0.002919587786276656,0.0034257316195221987,-1.1102230246251565e-16,1.6653345369377348e-16,0.027819836403695564,0.0007589154678067644,-0.0009037864480211377,-0.0003964654756924979,0.017265021158762328,-0.002521360031110975,0.005545031148651458,-0.010271469600110716,0.0,-0.0016908321137970583,0.06676843949176464,0.02792310774572282,0.028411830078403366,-0.00011087248931074267,0.11367584972571126,0.00010434755232302528,0.0019486566832012109,0.023785408940547703,-0.003247624460556764,0.015122358049639961,0.02032838267776227,0.037069922812692724,0.11478314255853345,0.04794530412159964,-1.1102230246251565e-16,0.030455114168829955
0.0003177504781998186,-0.0009777292136177729,-0.01700627950768191,0.008221820492846477,0.007617017581177166,-0.016840969708693754,0.033627643171819155,0.04024728363804653,-0.0012065796975194165,0.03273205448868477,0.0,0.01164577956384133,0.03111950228165633,0.016570509689674773,0.0,-1.4091325606313543e-05,0.012663276780088883,-0.006094011910543207,0.014163111416685692,6.476188336179689e-05,0.0009804736195072605,-0.0009381792126257338,0.05067061864780692,0.030052741009444106,-0.002996705341886341,0.009909845979995502,-0.031016945831018272,0.03167526891728639,-0.007293417530611412,-0.009782528944401292,0.025681720766342675,0.0032635174500423303,0.01242839606817342,0.023423254972528007,0.025709000235214274,0.02994263992848495,0.008272500735075017,0.014266484391220968,0.0050206916431089765,0.004193055899711529,-0.030978341717037228,-4.303410112671546e-05,0.01019625119490547,0.0014006631700536065,0.003782078353091689,0.0,5.551115123125783e-17,-0.04316399451207581,-0.00011365802040780304,0.006561773836827101,0.019611586752501742,0.03529750261404674,0.05036797529893211,0.05192283869882297,-0.0006849867613705207,-0.05976801955064551,0.0004832090992069049,0.026907647406059942,-0.015359818099806466,-0.0006707050648100399,0.0,0.0,0.0,0.008076108552163619,-0.0029130445121071658,0.0,0.001340593493618536,0.029281436473837075,0.0,0.0,0.00020344327260218842,0.030057032534904438,0.020438920798439508,0.01991394459452589,0.0012424104505124323,-0.008155822730812279
0.012653677904967076,-0.002701929900015443,-0.00415727924515874,-0.004142772715752141,-0.0004168166203030732,0.023867139344810828,-0.0015003382972398893,0.015566171920208538,0.021789595416780827,-0.03823594807784886,0.01164577956384133,0.0,0.011811230365653846,0.002258453726151799,-0.002188959808899771,-0.005911520870449438,0.006510925428737602,0.00023335457981737973,0.017413877510577935,-0.0015233344778579627,0.0150611802319508,0.06409707652703822,0.012811254973848052,0.01783637409892047,-0.003981431533124302,-0.01743645497558477,0.012165750066586323,0.006741739901057364,0.019569869337259405,-0.003419593699759582,0.0064358528398651416,-0.00961889283512074,0.021858001189666854,-0.005688829651534666,-0.033916070149177635,-0.005744792808038468,-0.03218084139770272,-0.004229070937072088,0.005266105339208904,0.018753612313127388,-0.0989076065821397,-0.09059912412677085,-0.01101050784476415,-0.01173915323167124,-0.04713362050118408,-0.00346637093649238,-0.0002337307590798421,-0.000573530263288935,0.0,-6.199012344554333e-07,-0.02827340705420922,0.0022014465596708055,0.0,-0.0005046308163706992,0.010942682250175917,-0.0009935688214524618,0.008486879961001226,-0.013467111094107864,0.0,-0.00800886194465722,0.04576263491037652,0.02550725901672496,0.024037513345457173,0.0,0.0008866502745946137,0.0002305548112353506,-0.0004979321684677185,-0.041669859699805245,-0.01824104067789145,0.013405071190887796,0.016315782782110044,-0.013836374893893943,0.017437761696685594,-0.0017002652833024157,0.0,0.022165684288391885
0.004132600170971945,0.005040816482813848,0.0032067874402342267,-0.011475447756769008,0.004182433799521212,0.009841954670442188,-0.004508613586605814,0.030728276447081204,0.006093362347245945,0.016715384467904715,0.03111950228165633,0.011811230365653846,0.0,-0.03382468871961386,0.020664338876678567,0.021084313400119903,0.014630308673060421,0.015021216473530441,0.0351974115598786,0.01693892546941883,0.02184540134313029,0.0187837357173517,0.021522429427488,0.030818771199671857,0.0036423878468213045,0.002187498193953974,-0.0024869860884816908,0.0046010650673560805,0.005120624576293753,0.014806722639910841,0.01375922825168896,0.008362664928121988,0.014264553238191535,0.010966740242988937,0.02757486360474931,0.01892153545230546,0.019974574297283276,0.015738243618845738,0.042588560211583915,0.03743385777449709,0.04126948049739476,0.026915013975219226,0.03829811795080734,-0.0026451653724102187,-0.07949565279124676,-0.0003649890188022198,-0.001280083733946502,0.032611445271853334,0.0,0.03160673502413458,0.02550572166762821,0.034667056052511525,0.032601377334935844,0.036921115832462936,0.003505663213751231,0.011526452738655601,0.002515030227958792,0.036189806663842417,-0.054136738446520394,0.018116771604831106,-0.014844310555623963,-0.0008174665327650432,-0.0004964737904022964,0.03330720999146686,0.017478906907656577,0.024823137797490735,0.011550900471108794,0.02856592644231315,-0.0005097464501817028,0.005324460136028664,0.00805779116836347,0.03455811687667065,0.0367318854147497,0.03164821885967739,0.03200285496614019,0.028895469562839837
-0.006703508672294023,0.0,0.01460348953895857,0.020586241260242777,0.0045313315180098845,-0.005361617301492483,-0.003745047907754262,0.015044090839105018,0.02790428640300263,0.021507538330844622,0.016570509689674773,0.002258453726151799,-0.03382468871961386,0.0,-0.0001292297755163263,0.0,0.0,0.0,0.024071462932175824,-0.0022033863957944266,0.008638857400321776,-0.0022822422205317494,0.034721700812199996,7.256531825983181e-05,0.00011095292435858717,-0.005394713271037632,0.004325332861555065,-0.013364469072279617,-0.00959919252373781,1.2767195781082652e-05,-0.0038321649726134055,-0.034131479883468374,-0.003289277548529368,-0.011461877882384064,-0.01469272680824707,0.004065223930766748,-0.0020933818022638717,-0.007474957825079509,0.005737154354051144,0.0,0.00110767972727982,0.0,0.017567052580576337,0.0,0.0,0.0,0.0,0.012499894889341612,0.0,-0.007932956458923723,-0.00031167822680921997,-0.0059022547498895905,0.012529318802924516,0.018717103847673888,0.0,-0.017784847313820018,0.0008357888901732169,-0.0017877848249255313,-0.0007157442941328473,-5.551115123125783e-17,0.0,0.0,0.0,-0.0018728584820311145,-0.0013997864794419446,0.0,0.0,0.03741013518493952,-0.00041352632979324566,0.0,0.0,-0.0021812105570815365,0.0030392324321550923,0.0005422450401312839,0.0,-5.551115123125783e-17
0.011120137643065131,0.015002511918395856,-0.002319010394206511,0.0007100468879613908,-0.0016760957489682649,0.013739698432771397,0.02858317167830987,-0.02757416405279073,-0.003875167444316152,-0.0016732183316487403,0.0,-0.002188959808899771,0.020664338876678567,-0.0001292297755163263,0.0,0.015797898830203883,-1.19115743227316e-05,0.01010310921567098,0.0,-0.0007154078229216765,0.014973555384536263,0.003367050045244069,0.012969663595153502,0.014085898755346382,0.008186161203120712,0.02688791144052971,0.04383461630443947,0.01654750514208997,0.006888725880786373,-0.005193086151833559,0.0005249539913891876,0.0014481959529771271,0.015052885163592211,0.006650204022507378,0.014435425302934457,-0.01606415265062089,-0.004706173546271453,0.039295411357878784,0.009311964800668093,0.01868162894425235,0.008979951319920854,0.009867265468985753,-0.00026597171098186045,0.0001453129450152968,0.002168905400690535,-0.01773550939780799,0.013553458659844642,-0.001417914192775982,0.0,0.0,0.0017416929051775054,-0.01837882479411268,0.0033415285085827695,0.0006241604770818032,3.908382391187848e-05,0.0,-0.0011824099964253265,0.029581933542531413,0.0,0.01847226603336205,0.028224778656697924,0.0003180025742773873,0.02000001144526714,0.0,0.02112937432112616,0.014305722400452303,0.007001379146263642,0.021605855620018655,0.0032383030166013294,0.007166367601455836,0.018631691827442065,0.01303645945337073,0.03249805932577271,0.02915693094230848,0.017817337445614534,0.012331090907295006
-0.0026797892364198717,-0.003964368763447856,-0.0018886914447425185,0.0,0.00395357422850684,-0.000176251445545339,0.02800708451541145,0.004219038925334984,-0.008938473200677033,0.015713644692955497,-1.4091325606313543e-05,-0.005911520870449438,0.021084313400119903,0.0,0.015797898830203883,0.0,0.004370924809933119,-0.0226185684682515,0.0014192883071297846,0.029892322695321216,0.011798742452471422,0.012813016790727438,0.004478386356902009,0.01324065110897682,0.002224605256294143,0.004368200074745587,0.006176296056755126,0.01849212210331802,0.01866028079565063,0.01404315574718673,-0.009645193773854976,-0.003010356475275422,0.008574096780729179,-0.009437588405909414,0.02318234800147634,0.08606241514449803,0.003018259243162902,-0.0022289568017077044,-0.009021456417365792,-0.006584004368882623,0.0009310685715814837,-0.004644109242777028,0.0012546860755317524,0.0,0.0,-0.010484787486681524,-0.003574181614149685,0.0,0.0,0.0,-0.0020658273062000854,-0.004622825611829917,-0.007652776507214409,0.0,-0.0002774832385451509,0.0,0.006764883071041117,-0.006309515101340812,0.0,0.015604278796574278,-1.667689383200166e-06,0.02066146669605795,0.002664891508121936,0.0,0.016734814742398907,0.015958590286852647,0.01633664088260306,-0.003863173760282279,0.00627854398048544,-0.00574961661865675,-0.0005612910534995574,0.0063557642142546555,0.016432064721968398,0.021727188053902946,0.00035373769107960307,-0.0012177594770068079
0.02404994429873497,-0.004217065599148417,0.0003177661281373867,0.00025654802375246755,0.01318057769786618,0.03733628023054725,-0.0042942705748684196,0.014468490128994926,0.023238161117548173,0.03003545660874457,0.012663276780088883,0.006510925428737602,0.014630308673060421,0.0,-1.19115743227316e-05,0.004370924809933119,0.0,0.01632074397640909,0.0027662057062050605,-0.003752177399063361,0.014714659341560632,0.00709440589500665,0.010292076853192333,0.0306515463802432,-0.009399342092938356,-0.0021984431759484724,-0.00043857586759288303,0.02409093627230452,0.015059052494064973,-0.004610114619044703,0.016326857248739834,0.0039030100517299937,0.016462489426130877,0.006045567370088434,0.010526595848933673,0.0003607094018249768,-0.0001744920693755314,0.02683436904076797,0.026161889207501232,0.0382473000249014,0.013617700853810255,-0.009037474311453242,0.0,0.0,-0.011132152031637255,0.014912793244615752,-0.0036290792298324104,0.0,0.0,1.6653345369377348e-16,0.00137308208234177,0.00016795743891911963,0.0,0.0,0.022062380871449794,-0.00029807936806358626,0.013708047292126657,-0.0015209137184762356,0.0,0.0,0.03769770658712407,0.03074743708873201,0.02400381631245746,0.0,0.0007284947106506179,-5.551115123125783e-17,0.002478745501977242,-0.0013498201872443882,0.013666894482011027,0.015555055597912648,0.02176360230510188,0.0,-0.0027712669023289838,-0.0017841511501363594,0.0,0.02336762417232746
0.017627365110668036,0.004749273077954863,0.0016821807937367206,0.0,-0.0047583497471866965,-0.008025968437236741,0.02595106925048757,0.005691385058063547,0.0011377192853064821,0.02417441201820575,-0.006094011910543207,0.00023335457981737973,0.015021216473530441,0.0,0.01010310921567098,-0.0226185684682515,0.01632074397640909,0.0,0.00569551257759876,0.012051879589227044,0.014074367361499307,0.008411225838732383,-0.007541399833837059,0.024720058326774486,0.0005457510282701472,0.012208080335903648,0.0025895955236924784,0.020559321567924893,0.009716216033360314,-0.006146547033358818,-0.0035059664329753493,0.001281213670992376,0.004191804557668544,-0.010224102159987536,0.008979136439791202,-0.04008782657464438,0.0,0.029402207188584994,0.006327631695842717,0.008109567844691412,0.007323621932846747,0.0015227696644186661,5.551115123125783e-17,0.0,-0.007998146521903282,0.015174069977299032,0.006124580853081596,0.0,0.0,0.0,0.04291982887017959,0.00021522194588569077,-0.0018282374130560997,0.0,0.011692142136344563,0.0,0.01788046504167512,-0.005485111099752027,0.0,0.015416108267848783,0.007460199703768489,0.021840535582861587,0.01675350214941984,0.0,0.011957450104672473,0.04162082886842189,0.022160896419807397,-0.0003249086656892386,0.023768027192298313,0.00706650191886532,0.0123743591981329,-0.009858887321691934,-0.0068128228512169264,0.020368960314972984,0.0,0.012819963947424795
0.0,-0.001321178954059199,-0.009937726657041734,0.00861696244910054,0.025580317860786683,-0.04024927433685993,0.03778861918313231,0.05139427569638,-0.0011333797558494285,0.03102795278492826,0.014163111416685692,0.017413877510577935,0.0351974115598786,0.024071462932175824,0.0,0.0014192883071297846,0.0027662057062050605,0.00569551257759876,0.0,-0.0006361286314233716,-0.0037277481020942527,-0.00268892632476303,0.03538290165972974,0.019181760391226876,0.010523877779418878,0.003973830949380364,-0.04226952863235578,0.029288815746311814,-0.052376447675868965,0.026632131303485296,0.029174520088254885,0.01607685200576925,0.021128762829717318,0.021970975809350368,0.021830290447076406,0.027668746048584103,0.03519419179899619,0.012610412681992644,0.009502531836545425,0.0006565207726337841,0.022646239052984463,-0.001277485184224103,0.00495873318449136,5.551115123125783e-17,-1.6653345369377348e-16,0.0,5.551115123125783e-17,0.08426670016900606,0.0,0.05526641642298036,0.023353987699441747,0.03358303121980255,0.04672237540251989,0.03578765736113754,-0.0009178574662503935,-0.10120280550335287,-0.0010808336040167288,0.031970219286836965,0.0033206596450832127,-0.0006885526365195682,0.0,0.0,0.0,0.035297388919207195,-0.00041021117298933873,0.0,0.0011067718126092085,0.039649348515298555,0.0,0.0,-0.0028413324033355614,0.027578105259254415,0.023302674282559166,0.012260539474832854,-0.0007384094151227094,0.0619957935103963
-0.012759264231330614,0.011128935683508867,-0.004227489466069323,-0.00044789837419279,-0.004734924083350356,-0.01878919267813589,0.026352908646369355,-0.013401832909876621,-0.01665884139748497,0.0013723894500252687,6.476188336179689e-05,-0.0015233344778579627,0.01693892546941883,-0.0022033863957944266,-0.0007154078229216765,0.029892322695321216,-0.003752177399063361,0.012051879589227044,-0.0006361286314233716,0.0,0.004141511713152579,0.01841341868507651,-0.0527914317912086,0.007758538576558338,0.005559018855059439,0.0022559705536107644,-0.0022650427919124194,0.018241026912405756,0.010584978317549232,0.022914039319888835,-0.004557185285806287,0.001778023562697184,0.02073995531188655,0.0033108215857574064,0.016304895964163568,-0.00604688262197306,-0.022033878000611018,0.03843566242417662,0.015461985989523752,0.03163119103900491,0.016749820025487305,0.027256267584370164,0.048919557803373426,-0.0008432676823652563,0.000803931498024324,-0.0049438684517713605,-0.0030146827124568065,0.0017923897413346102,0.0,-0.002655840992756675,0.015410243665076817,0.011058439696625622,0.027083151130313288,-0.0018142742633769915,0.001574398172026037,0.000527660480992953,-0.0007164483116476328,0.02783945121743714,0.0,0.012688219585742788,0.0038022377807186425,0.0006982222502172064,0.021109821368628434,-0.0015682172371667136,0.010486860550686261,0.009060669418560041,0.006921643971595948,0.009120856951225054,0.00014937461009245645,0.0014723426641422566,0.012028401970697822,0.0034427769614785997,0.024181877295137766,0.01954685859048988,0.01631983299157025,0.01463067419599523
-0.009247932159291705,-0.0036353801947076048,-0.0011846299487314194,-0.00038141922773937686,-0.005529414242019748,-0.021380288244890244,0.03217356460361276,0.020729271791813664,0.004950717830208284,0.024303672529865372,0.0009804736195072605,0.0150611802319508,0.02184540134313029,0.008638857400321776,0.014973555384536263,0.011798742452471422,0.014714659341560632,0.014074367361499307,-0.0037277481020942527,0.004141511713152579,0.0,0.012848298742453634,0.01032600604965378,0.016982045756340547,0.008002656710260181,0.014889314822584043,0.0018506812685543106,0.021591457435196804,-0.0025185097641170495,0.014210227738717995,0.0038607247035662984,-0.005992068811778217,0.013129913736123544,0.01541544201104561,0.027172118478855256,0.010465364062894555,-0.003717225249806222,-0.0041851034709023405,0.007041476516637113,-0.02148002070270222,0.021994590820244908,0.031340732086894474,-0.006624853144572118,0.0,0.0009867568873729304,-0.017986117422578163,-1.5218571941033598e-05,-0.0006519585199215028,0.0,0.00020312039009467986,0.013787405431998967,0.04445967442768711,0.08440345992549403,0.0024820574923433703,6.995508030788189e-05,0.0,-7.931194512761364e-05,0.04118110248975648,0.0,-0.000709613337103121,0.01569684246953884,0.0,0.002368375277337742,0.0,0.00960827385214058,-0.021753850245586848,0.003601670383203026,0.006069593069392032,0.008308463864251658,-0.017789015370861472,0.008301713982204362,-0.003112527195191339,0.036671631719901066,0.03406340764122673,0.021037237251474716,0.008293035641305624
0.005990279235829954,0.008674422273151405,-0.005718141070963134,-0.00041610930129964974,-0.00743661514770716,-0.015157938823241346,0.03487526733290697,-0.02582701631214762,-0.019158110365187553,0.002314750002388566,-0.0009381792126257338,0.06409707652703822,0.0187837357173517,-0.0022822422205317494,0.003367050045244069,0.012813016790727438,0.00709440589500665,0.008411225838732383,-0.00268892632476303,0.01841341868507651,0.012848298742453634,0.0,0.0050247096838939576,0.06616058570089639,0.001997196688849623,-0.00030066412291612776,-0.008858785076554965,0.02791833197213406,0.017845956724953593,0.030878430280571745,0.006535343642205316,-0.009342169740858997,0.008510609575761219,2.146902542699003e-05,0.006539686130233979,-0.012629979772773803,-0.024113588997783653,0.037607721619108136,-0.008233138351691205,0.0027921019767293553,-0.0006676378624107526,0.0019212280929389314,-0.03259175780046458,0.0,-0.0024162212685851503,-0.014183486131020107,0.002171047252489955,-0.0010921408770144247,0.0,0.00073026534631071,-0.012190941331007676,-0.01186873200067301,0.002068790644044305,-0.009082265549715807,0.0010833013154271098,0.0,-0.000353505050023073,0.0157698140012551,0.0,0.007367661893561084,0.009444382591635936,-0.004124748657312494,0.012690635787662441,-1.1102230246251565e-16,0.0026469943917568073,-0.00505156635090076,-0.002474286141218751,0.0059391640354719,0.0017997978442994556,0.003744754184138721,0.01006797306418128,-0.0018751057608957789,0.0178665350718738,0.008539528436359745,-0.004052168992495664,-0.001974469416207436
-0.00912464691984577,-0.007330628956431828,0.02254763708446711,0.011516134481222406,0.021241362814907294,-0.008220562032586642,0.03705626435800502,0.024609730165902732,-0.004513801649483895,0.017051027728495982,0.05067061864780692,0.012811254973848052,0.021522429427488,0.034721700812199996,0.012969663595153502,0.004478386356902009,0.010292076853192333,-0.007541399833837059,0.03538290165972974,-0.0527914317912086,0.01032600604965378,0.0050247096838939576,0.0,0.005486181448913829,-0.005377802608327986,0.005386312435714025,-0.009456051946373445,0.023531898885788993,0.00418793564556208,0.017841621474692704,0.006340382427229618,0.012863240627679073,0.017239902352220615,0.014271913594560925,0.022063607987338973,0.034533977533372395,0.015813653243393178,0.016726727399765218,0.027326041426549152,0.044738864777791876,0.029055727460320258,0.02555798970472556,0.040114175272441654,-0.04247168456213052,-0.024156744697472532,0.0015717238867231087,-0.004575136666645385,0.07852545370972275,6.324163044207909e-05,0.04443092836124274,0.01686397873211265,0.02913009013168244,0.02583508594279499,0.03252766833003551,0.02478078717174992,0.07075299509598465,0.012155295331588656,0.03186126946664336,0.02198244443122843,0.011182967192778781,-3.66819464792667e-05,-0.0010285079614015258,0.0015926425980697378,0.07574394431921416,0.012350378720403898,0.014532801499797077,0.0024824017021545797,0.0313739959144419,-0.00051540800509986,0.010711480904870452,0.008947703873716295,0.025809928352291678,0.02947722751132864,0.025871401051635545,0.025542073971376644,0.031031805427404136
0.0012585768715189793,0.029443143188792764,0.0009297174684702592,0.0015393029493347976,0.029428752980434902,-0.0032822106532676143,-0.010319349670034783,0.019158659171256143,0.012812014904795332,0.014739608616451905,0.030052741009444106,0.01783637409892047,0.030818771199671857,7.256531825983181e-05,0.014085898755346382,0.01324065110897682,0.0306515463802432,0.024720058326774486,0.019181760391226876,0.007758538576558338,0.016982045756340547,0.06616058570089639,0.005486181448913829,0.0,0.007652117764576805,-0.008972194078890106,-0.006259898012983323,0.009731150770152353,0.013283812071576417,-0.0020039589770834976,0.015416354173044433,-0.03197064866706811,0.009929196117637484,-0.007415079090990484,-0.012354145294821761,-0.021053427405850866,-0.024418365797603148,-0.002626845760166918,-0.04545443026957208,-0.02360735025277161,-0.03891019495330167,-0.07591022160674954,-0.0034919805774529245,-0.00036939711765121563,-0.05160112073059331,-0.022424435263897535,-0.004165614411691221,-0.00013565532136722291,0.0,0.0,-0.00228062721749428,0.0013907306529228336,-0.0001422293902131333,-0.003134329280679027,-0.012814415739155482,0.000520746679610995,-0.016535729989178183,-0.0032436359604698373,0.0,0.0016998312771016044,0.0017157589206613921,0.0010995337513725612,-0.005733402730072168,0.0,-0.00021626974577049207,-0.003552367204362694,0.002490172047456052,0.09426331701605806,-0.0511234911346542,-0.010360168881674181,-0.006380556060369691,-0.0007937448258037993,0.009342966574454603,-0.003316692170251767,0.0,0.0018899877309624946
0.005541041446028294,0.0009769927199919648,0.000994699149137912,0.0,0.04472024418358417,-0.006590854873476881,0.013339987553168564,-0.006797683103883623,0.004269150939235744,0.0153342377414179,-0.002996705341886341,-0.003981431533124302,0.0036423878468213045,0.00011095292435858717,0.008186161203120712,0.002224605256294143,-0.009399342092938356,0.0005457510282701472,0.010523877779418878,0.005559018855059439,0.008002656710260181,0.001997196688849623,-0.005377802608327986,0.007652117764576805,0.0,2.1102960875540866e-05,-0.004175687448433163,0.010128165583791371,-0.0007565302974825716,-0.005765703005400413,-0.0019633346488705516,0.007057033338659868,0.0036172793428671524,-0.0018214409999807168,0.010777496388995611,-0.02417793472338392,0.0008037463939208345,0.02601592533802194,-0.014274153557542635,-0.007013334651318148,-0.010125902608643156,-0.01661472477931636,0.0008002552561687803,0.0,-0.10409284182667394,0.0007535394332970902,-0.0014267225217096113,0.0,0.0,0.0,0.00784091125181613,0.001464309608344927,-0.0029760116736353703,8.879375325404615e-05,0.010279409394869876,0.0,-0.006999141577086587,0.012793904259356004,0.0,0.01301465739878882,-0.0025355072877972784,0.013148820506148684,0.005296648755569233,0.0,0.005178089237705186,0.010580312400474856,0.012312564052591568,0.011077233755123816,-0.005425345390665748,-0.0032942153225652415,0.0007630397769875508,0.016502664488627083,0.007248456313531548,0.010443670480410339,0.0,-0.0031939323956550747
0.009671508246459681,0.0131536799335783,-0.007589431221332765,-0.00145851090453053,0.004784952585596913,-0.01667890168517483,0.01464575587048006,-0.006310715892303365,-0.007614501642649485,0.015138963914447856,0.009909845979995502,-0.01743645497558477,0.002187498193953974,-0.005394713271037632,0.02688791144052971,0.004368200074745587,-0.0021984431759484724,0.012208080335903648,0.003973830949380364,0.0022559705536107644,0.014889314822584043,-0.00030066412291612776,0.005386312435714025,-0.008972194078890106,2.1102960875540866e-05,0.0,0.00452473060566555,0.012002006516780739,-0.014266527695008524,0.011108170519031124,-0.008227270683210774,-0.008100689788513027,-0.004013905553224617,-0.009522183172288645,0.004844106651146485,-0.026614208653629734,-0.0025312831110751444,0.0296492958641002,-0.012886593319522577,-0.0092564827347969,-0.009429265984433,-0.00782625525953956,-0.020311303311022044,0.0,-0.036234350133116155,-0.00010449951824592629,-0.010441236056610292,-0.00013977921659469317,0.0,-0.0004072103653989245,-0.0018055792516096236,0.017221629732135202,0.00659526471412919,-0.00162620870132274,0.0026214537249788505,0.0002151915805458371,-0.008160719108788739,0.012042563974795084,0.0,-0.0005491330884682677,-0.0005428870985613177,0.009410952291405816,0.0029127833576032547,-5.551115123125783e-17,0.0034127996750705214,0.01438580368535003,-0.0010577269772106268,0.004684128936837784,-0.0017692860838087188,-0.006073124745326508,0.003729480468358748,0.003850409445204206,0.02387167493545017,0.003965783855964022,0.00012429477490477625,-0.0050773755945272
