0.0,0.0007805492630315047,0.002371295365188597,0.0,-0.0005324606424194633,0.010072033449199491,0.013403881927331884,-0.017267718750211436,0.00714028097349001,-0.02500181266960627,-0.00022119944316706386,-0.0448220127789809,0.02149385130921888,0.001459849903925059,-0.016167550632359307,-0.0038266373752942617,-0.006173627683680072,-0.006103526113519664,0.0,-0.0021813953986360435,-0.02036828873583818,-0.013696057385537252,0.008220215556290544,-0.024567295497877284,-0.006349433407493665,-0.018116535600474493,0.007441988113570275,0.005735283273019309,-0.00599354332802049,0.006516840144714375,-0.011522037291140874,-0.013100419450501166,-0.011279297360494767,-0.0037260625678950943,-0.004740699855196928,-0.001853220187633453,0.0,-0.016198222443639554,-0.022200216676250772,-0.02818818631111747,-0.024424727797183243,-0.009625597003476594,0.0,0.0,-0.0006901470440957569,-0.048369807181581514,-0.04113083124702238,0.0,0.0,0.0,-0.0006111289367733419,0.0,-0.0018619629404956761,0.0,0.014858424571476236,0.0,-0.06916410645952387,-0.000508511711495574,0.0,0.003689230966306023,-0.041827543848820925,-0.019274798038489915,-0.025755616986189556,0.0,0.005199454134334314,0.0012682126794547055,-0.03293112720735153,0.0024916667707431395,-0.08351634311407813,-0.026634149365232784,-0.02794744626752299,-0.0022005793306167365,0.00020270097697011602,0.005032416024237374,0.0,-0.013831646340046633
0.0007805492630315047,0.0,0.01017120128773058,0.0,0.0005864497474618591,-0.0066617838306951005,0.007106573938980509,-0.003428865494219946,0.006968853833475563,0.014901251304170304,-0.000335456044952831,-0.0019388076058083348,0.012054933690176073,0.0,-0.010158161059953486,0.001261179925904854,0.021546558986508313,0.0004800272016337592,-0.0011555566572506448,-0.006169939411149072,-0.02574872546292406,0.003913362269930554,0.011469307970329634,0.004611874817987138,-0.015538705004563946,0.0002547467512006296,-0.00022132088171605835,0.0035981826136033956,-0.0014221602066017414,-0.025223337366062637,-0.006476533865633072,-0.01849724494424687,-0.01822141717612369,-0.010369400751212288,-0.014892430763553177,-0.00674375729803417,-0.0005713613927699202,-0.0011005657546558911,-0.023387390705039868,-0.029178100873394397,-0.0143026333770645,-0.005489467176182483,-0.005419325786731433,0.0,-2.8783487173111855e-05,-0.009900244590785146,-0.03415921564835267,-0.0017702843112131772,0.0,-5.551115123125783e-17,0.040219886923013926,0.025648328536611087,-0.010680582306831554,5.2582102356035776e-05,0.001805036390550463,0.0,0.0002859166982827066,0.03944259881962131,0.0,-0.02902027745996616,-0.030683831884365742,0.001214940606257986,-0.029012680702790172,0.0,-0.00013196501680823314,-0.023232154232874835,-0.02823748134101145,-0.0076652928942646525,-0.03846428727177953,-0.03326323692404726,-0.027695556993926174,0.015077986044944758,0.03427904716849367,0.019641587254573434,0.03923232952711514,-0.006386209725486702
0.002371295365188597,0.01017120128773058,0.0,-0.0021151806127503447,-0.002876990428306414,-0.0012834717825911945,-0.007438526433979853,0.013692776958018349,-0.005171523231903008,0.007276413376307633,-0.0006272626855755026,-0.012796635928169597,-0.0012946601748603515,-0.016499238877759892,-0.0024693074966707362,0.026748991982561976,-0.000395504208873132,-0.04378577791898486,-0.02021177798110979,0.02631184065445985,-0.00043203648897410796,0.026279207902664248,0.032638925574928146,0.0010628011707619067,-0.026342336648112974,-0.005028650199208451,0.001130581696962063,0.012481348231710432,0.020243424552450484,0.009292236500338447,0.015556996367736886,0.019409880033879,0.005718701472932741,0.015680775186474427,0.004958567117492818,0.018475618025747098,0.02367413203083024,0.0010166412818753412,0.0037192013517296507,-0.0004397956194017172,0.0063850112712754425,0.010621195689051621,-0.009911624359504545,-0.0009863221469879058,0.00012892125259300613,0.0,0.0005225879579546788,-0.03979713090981635,0.00012485686258967288,0.015200643248545642,0.014884141125080852,0.009371762004195983,0.010373255045818652,0.02514524119828776,0.002190798357293078,-0.06303806868354828,-0.0009546210917331099,0.011769144862051606,-0.0755468056053365,0.002434441487520256,-0.00021894647475056983,0.0,0.0,-0.05012426865784797,0.014701685486496252,0.0011170489448739662,-0.007250823950358032,0.0076137898729896625,0.0,0.0,-0.00038057552491238544,0.013067037527948355,0.022118042858760956,0.018570530755701475,-0.011093716479654736,-0.00013291143935800775
0.0,0.0,-0.0021151806127503447,0.0,-0.0006815885614250838,-0.02099309134532079,0.00045037096638927965,-0.14271623387736687,-0.00898926201894279,0.018595896558657565,-0.05684880574285878,-0.11485238278173968,-0.016192830367368294,-0.011323456111715646,-0.0009736412694968388,0.0,0.00025185958421758414,0.0,0.006428043734031275,0.0012755680131354419,0.0004023063497511359,0.0033613121812506863,0.004116388016549566,-0.0037602851725311304,0.0,0.00022703782660682403,-0.0003561460432590646,0.002185280134563372,0.09396052761682688,-8.853374859596475e-05,0.0012331301677833695,0.026552352997367135,0.2332469244394848,0.09001477380976447,0.03776269055935577,-0.02107455301515135,0.005721760900479433,-0.001851976528006949,-0.0011028427687443942,0.0,0.0003445143378434379,0.0,0.0004484425396774072,0.0,0.0,0.0,0.0,-2.468039732284044e-05,0.0,0.0,-0.0005007924290605925,0.0,0.0,5.7779988083872524e-05,0.0,5.9152122372452265e-05,0.0,-4.3496793340147555e-05,0.0,0.0,0.0,0.0,0.0,0.0,0.0,0.0,0.0,0.002033044029897013,0.0,0.0,0.0,6.23019673040015e-05,5.663449283044297e-05,0.0010920099751930978,0.0,0.0
-0.0005324606424194633,0.0005864497474618591,-0.002876990428306414,-0.0006815885614250838,0.0,0.010733047619264524,-0.010933676884712973,0.005000576124084888,-0.00904344978885041,0.0022899508836161098,-0.01099339546978273,-0.017866530350435783,-0.004822851344302215,0.01032852642428439,-0.0006528628216512788,0.01196425872033724,0.0001292448043850869,-0.028614343798025188,-0.01711913088640038,0.02690912085456637,0.08065332205961084,0.020100679269751842,0.01866581798714828,0.008305181407538997,-0.024338032494913564,-0.0016739496137581078,0.013602886597051445,0.006435855854214578,0.0015634504826339546,0.0017039204530290841,0.010662541547704518,0.002550289096039604,-0.010643956090916118,0.016005771191970497,0.0058700662378519675,0.006455490884222148,-0.01752954818100888,0.005981259928590776,-0.00775935400651756,0.0003064133800148583,0.0031608086863714746,0.0025614139805435476,-0.0360342702964736,6.075092001278648e-05,-0.00037186460123606047,0.0,-0.00015677892754661915,-0.01069706340618437,0.0,-0.022224679240274103,0.009172410102105344,-0.0018231308351862596,0.009844340921949857,-0.020006739298994547,0.0016070376103446415,-0.014772708585290617,-0.0011761878508108614,0.010567211812383626,-0.060130929513482534,-0.0007535795665962741,-0.000212547734712909,0.0,0.0,-0.027481374540307024,0.015325634320773718,0.0,-0.00470147574161911,0.003225102507259048,0.0,0.00013065393751549026,-0.00025050061738868257,0.006561860691491228,0.021349996649736802,0.022561964724918337,-0.006971940156003553,0.006277802260832299
0.010072033449199491,-0.0066617838306951005,-0.0012834717825911945,-0.02099309134532079,0.010733047619264524,0.0,-0.005353650295732981,0.008199648717822583,0.002516568463859725,-0.01697282742992068,0.020955948344983766,-0.020377962252119464,-0.00935496707365574,0.025258071049763797,0.0033275490244270567,0.015162158838027628,-0.06160793408761006,-0.01416905331866447,0.0010957510413606153,-0.0034352804575872864,0.02379171817436232,0.007613297411143083,-0.016875119526362836,-0.029285127645394926,-0.016931190664438378,-0.011565883084891093,-0.014212922749831602,-0.007134030272252012,-0.012051108506318187,-0.006942058725049549,-0.0003188558297229638,0.011009988649351377,0.0020383617406637966,-0.0017914196080604516,-0.005794739060571097,0.013068866471464491,0.013164464753850913,0.00920442660992743,0.008998738169640308,0.10049434394385265,0.0254881028414905,0.023792833030738203,0.02242759095271224,0.0007128488225003338,-0.0017051262477514317,-6.982412122996662e-05,-0.017855371867816938,0.011763798967271866,0.0,0.0015092109830177058,0.01865092477598662,0.014505271270288111,0.027725666068714128,0.0065269560219823886,-0.013794382252706128,0.005525510145279355,-0.0019095606071580784,0.012788912488732374,0.018559988311209363,-0.0006909402241819795,-0.016191821201527234,5.551115123125783e-17,-0.009625621796538364,0.00626419601985706,0.009604527054752399,0.03453495992644634,0.0019508337638008966,0.013589099275998051,0.0,-0.013361258890959016,-0.02338083690398718,0.014088731594691817,0.01821223489988899,0.01835914569306074,0.009298911620756578,0.017573239369045757
0.013403881927331884,0.007106573938980509,-0.007438526433979853,0.00045037096638927965,-0.010933676884712973,-0.005353650295732981,0.0,0.014605849660414283,-0.008675649024345145,-0.006612807090942474,-0.004349750746529268,-0.01839302557419581,-0.021494420160475314,-0.00888908060489263,0.005556262681649271,0.014138692225587779,-0.02051660338548983,-0.005086203468064876,-0.003727748645241502,0.0011779699007833377,0.03165426773201491,0.0077173332479937296,0.012783745549113268,0.03675094318211375,-0.01537134170004073,-0.011718219049841438,-0.0015511449284755785,0.01486962584298096,-0.01779288379263888,-0.0025185112728430825,0.012688296020730627,0.005598832819311561,-0.007733720516333087,0.023812722359923877,0.00612454599331641,0.0007351459850979403,0.007450837956489986,-0.013701639503782392,0.048260165682425304,0.0007338439133220409,0.03508429252285161,0.05216128592824987,0.006966548860772692,-0.001137658527174179,-0.0012868101590993164,-0.0002780782480649169,0.029678728193174186,-0.004383568451247322,0.0,0.013904246875696469,0.018440200624503467,0.009261241134091436,0.026048858932905372,-0.003548307744767887,0.040343178971571136,-0.030243926503289775,0.0013603040365026686,0.013622362136567978,0.000974736996787684,0.021341649407028873,0.0008130749285565342,1.1102230246251565e-16,-0.0004095912698487414,-0.0027178491453367926,0.0130062507662832,0.026940413464344504,0.011450618233770027,0.012414830928017428,-0.002211746422019656,-0.017507184826085487,-0.008539182379901089,0.012782928432124363,0.019396714659045133,0.02140458781206267,0.004256570896466361,0.013058725594237708
-0.017267718750211436,-0.003428865494219946,0.013692776958018349,-0.14271623387736687,0.005000576124084888,0.008199648717822583,0.014605849660414283,0.0,-0.0015015319772083702,-0.00028863176249216416,-0.0036372301261623496,-0.02725347645330789,0.020960722264976417,-0.006993043747957894,-0.008138121282215416,0.004520669635039221,0.003781036712844965,-0.007053545847258591,-0.0024194013830097783,0.02240431501829604,-0.0081458495590358,0.009857296598716092,-0.004311375558390229,-0.009786614585751474,-0.001436844856538777,-0.011365767752282374,-0.0012699132292454118,0.018989485241316162,0.02345506871380587,0.000542773001202812,0.013436417359703079,-0.0301925695424774,-0.008699706636333515,0.017121423278154968,0.00849060824255371,-0.03610446428971237,-0.020350777751066917,0.003604110874920907,0.0205766838426093,0.0028129455402303716,0.022468004902193806,0.03160531995630944,0.048577749220199695,-5.643219938344934e-06,-0.00010366412726869889,0.003756320921217249,0.0023261647531039875,0.0023333752690641862,0.0,0.04230789617279984,0.01640277559432085,0.0158289556160095,0.12139042271028355,-0.014978670887873413,-0.015511476218866227,-0.012227126355643325,-1.1102230246251565e-16,0.018820763247886174,0.006988798466621815,-0.0006771836935454689,0.00569720482306324,0.0,-1.4403641460269956e-05,0.00163977489544187,0.009559027586266311,0.03398348580693844,-0.005688451265331851,0.01669729500433298,0.001052979221022321,-0.012475610799435266,-0.023976773741174184,0.017508361866174604,0.02386976662533452,0.02261595801140448,0.028235697349944244,0.020270792759591094
0.00714028097349001,0.006968853833475563,-0.005171523231903008,-0.00898926201894279,-0.00904344978885041,0.002516568463859725,-0.008675649024345145,-0.0015015319772083702,0.0,0.007731894137724682,-0.012629392350188728,-0.02354428788087931,0.004155034491247989,-0.01808798657859817,-0.0007025902109576432,0.015786971132548844,-0.00040569399263939987,-0.023884747414264607,-0.013056099708312674,0.008804609495305094,0.03222578458868164,0.022390831686971646,-0.002419932125047375,0.005733966918935796,-0.03398836141097633,0.006615918760440542,0.002011312079357397,0.009482139849805116,-0.0036730996434323204,-0.008473258219618252,0.011775345123693881,0.012610195577466177,0.0003562294459528159,0.012036255059032497,0.007498235632267314,0.013294630365655202,0.015018129544150327,0.008411042060539053,-0.009844882691016632,-0.00471479794670715,0.011192287246566068,0.024633148238402236,-0.019197997808018563,-0.0007537252929992189,-0.0018219182352159358,0.0,0.0018154406730551687,0.016040512369236648,0.0006699484941983247,0.0017054217372218794,0.0062110237258830026,0.0013861478205018374,-0.008760098589424392,-0.00971291481268377,0.002082958296542259,0.008226698462171556,-0.002984374565754233,0.002031332408714448,-0.038764939309005264,0.0017889794526671499,0.001049547706407361,5.551115123125783e-17,0.0,-0.013899933477822146,0.023528610410716466,0.003808452570128462,-0.004169715251490569,-0.0024994782307254937,0.0002829982647844509,-0.00011428739428737122,0.0008940435718065021,-0.001188463672706086,0.011408773464282596,0.018633420349121188,0.0006883018210711578,0.009223213517165374
-0.02500181266960627,0.014901251304170304,0.007276413376307633,0.018595896558657565,0.0022899508836161098,-0.01697282742992068,-0.006612807090942474,-0.00028863176249216416,0.007731894137724682,0.0,0.014623599256055275,-0.052592236397363656,-0.0045267971888797165,0.031280995751859164,0.04799547868981929,-0.009209457225956341,-0.01840798810297556,-0.01724439311866205,0.009548921949123768,-0.011993876078011334,-0.022215733896257972,-0.0023155262566951773,0.00791266471067914,-0.020155857115209785,-0.03186965779869122,0.003753951917589815,-0.00046785860442427607,-0.012485698979814108,-0.02510555576892165,0.0027629944816225938,-0.023439459646205085,-0.010873687713789215,-0.019927148307272435,-0.025733861045955153,-0.05270538747250941,0.008406590209623088,-0.038652314961790835,-0.06089524297132601,-0.05655674207524908,-0.03821156686764787,-0.0464755442626581,0.0018873900721971815,-0.011431953794223959,-0.0016511868740420321,-0.06059463422731037,-0.023272316406106996,-0.0016469681041628714,0.0014488754368772172,-1.1102230246251565e-16,1.6653345369377348e-16,0.03944017045927539,0.00393238946297042,0.0009554524776694828,-0.001099697174407721,-0.01208392180811968,-9.542098405490584e-05,-0.01628827374160441,0.08587793184640224,0.0,0.0003407554469517793,-0.004223204305898454,-0.007665754739758779,-0.002080711382910161,-0.0005775894995784236,0.00023772340052991003,0.0005577822497759843,0.0033892420122876854,0.004996297754911172,-0.020024929695518667,-0.013392066907382982,-0.002791350791877978,0.014527094568467347,0.006204290680088598,0.002771453299086124,-1.1102230246251565e-16,-0.01600250924189761
-0.00022119944316706386,-0.000335456044952831,-0.0006272626855755026,-0.05684880574285878,-0.01099339546978273,0.020955948344983766,-0.004349750746529268,-0.0036372301261623496,-0.012629392350188728,0.014623599256055275,0.0,-0.00913548946167253,0.012255147975061165,-0.05041251177501954,0.0,-6.70460555979302e-06,-7.979890982923177e-05,0.0010876717977552075,-0.004945192101486695,3.0813487345793256e-05,0.004424497032625763,-0.0010575858612522637,0.012331611569214695,0.007788058149433841,0.0013227533825957982,0.0013895563474415895,-0.006019267452525234,0.015395338269736158,-0.0007530554312538129,-0.01681646167936901,0.008530322239378663,0.007094024299469037,-0.00674106413505321,0.01727097811405287,0.015234076101044547,0.030664003991647926,0.03569213979466729,0.015863187423381164,0.03820709049671944,0.001369713344197332,0.03141837259133051,0.001013789060865189,-0.021085859670698537,0.0015843472370187794,-7.64667014353515e-05,0.0,5.551115123125783e-17,0.05280275232129872,-5.4078105697130674e-05,0.018909530692913845,0.004535159209442252,0.01855372288285051,-0.015170018396080842,0.012690112182260627,0.0022707350813860883,0.08874618917653687,0.001576400711253645,0.008924445700737194,-0.009647082037891885,0.00031526242553242545,0.0,0.0,0.0,-0.006083104573333886,-0.0020213102191918297,0.0,-0.0009897513107146039,-0.002235138935148484,0.0,0.0,0.00023919067527283788,-0.00794974941847948,0.019954008829448366,0.021890657791821144,0.0005342267666006428,0.008240825320882328
-0.0448220127789809,-0.0019388076058083348,-0.012796635928169597,-0.11485238278173968,-0.017866530350435783,-0.020377962252119464,-0.01839302557419581,-0.02725347645330789,-0.02354428788087931,-0.052592236397363656,-0.00913548946167253,0.0,-0.02462863209644084,0.0036913919377450366,-0.0015834767125493254,-0.008748532426678501,-0.01783752173147063,-0.007850423194027123,-0.007826795002322473,-0.020156267827214025,-0.04517734747595459,0.022374599706140863,-0.013030168238671092,-0.019291752685189067,-0.019152505013828425,0.013826550753371858,-0.05170656441549487,-0.02026467592874487,-0.005023746999397449,0.0026914529640493234,-0.029733407671243717,-0.030851940033865877,-0.012492476461109903,-0.048341559218718994,-0.07105823290544094,-0.04758634037656223,-0.060852957972424876,-0.059656094049809316,-0.046992929327983324,-0.05347787985235064,-0.0016796390180575105,-0.0011561326779076508,-0.005017420236911929,0.0010241885089991853,-0.03699796043412035,-0.04101934642850069,0.0004557358749135987,0.0007683263579127408,0.0,-0.0004304118860735673,-0.0010318420419112573,0.0008908258048188622,0.0,0.0019206342253485498,-0.012411249814194225,0.0010702851133211344,-0.013669880400559553,-0.02990777430803504,0.0,-0.05640232780524862,-0.020047881018197544,-0.006216863091899283,-0.007421889748568777,0.0,-0.05072266708589401,0.00045969422216390887,-0.06698818677313362,-0.06957321328180954,-0.011054195398778721,-0.0182224253466588,-0.0044496550306082905,-0.0032160005450435625,-0.02869676111629116,0.002264583602032799,0.0,-0.023132132555292506
0.02149385130921888,0.012054933690176073,-0.0012946601748603515,-0.016192830367368294,-0.004822851344302215,-0.00935496707365574,-0.021494420160475314,0.020960722264976417,0.004155034491247989,-0.0045267971888797165,0.012255147975061165,-0.02462863209644084,0.0,-0.006387864899381757,-0.010373814086251654,0.0072854914521727765,-0.008673734898245578,0.0026917979596990937,0.008347663818956685,-0.008984035744557417,0.022771625115650507,-0.0008220519558191919,0.013195751275981216,0.009752392808112575,-0.00721218778131949,-0.01751049668247534,0.0031734230061342683,-0.011112604602394494,-0.02070654937341676,-0.011016179451560248,0.0020652362725260276,0.004275672965242172,-0.010172506923715574,0.011071758791600772,0.0005596740917813148,-0.003293502307678664,-0.0018617664459438243,-0.0060164414418197865,0.03984074920704944,0.04528362940178532,0.03268444162850248,0.030068582244242803,0.010426186824294137,0.0031652769721424168,-0.001275492838199943,-0.0005505440637734726,0.017722435258060665,0.008576918640229914,0.0,-0.0021551656104767947,0.01810067248872449,0.01087427077983072,0.02554889918838804,0.0028256569550474397,0.0006237546170707042,-0.008544267621127088,0.0030304527691328853,0.014854880408062154,0.0014730609167549757,0.004609286198689222,0.005202538560043379,0.0015968191078106209,0.0020060339731675647,-0.017340845417905593,0.011816885376102537,0.03130748027129543,0.006094246938855019,0.011699705010280725,-0.00123181944927514,-0.014384808005192262,-0.011980031901169697,0.013281340658593765,0.020568929565515592,0.021250103946545917,0.023105561450745826,0.01201543295296481
0.001459849903925059,0.0,-0.016499238877759892,-0.011323456111715646,0.01032852642428439,0.025258071049763797,-0.00888908060489263,-0.006993043747957894,-0.01808798657859817,0.031280995751859164,-0.05041251177501954,0.0036913919377450366,-0.006387864899381757,0.0,-0.00014765290914287021,0.0,0.0,0.0,-0.03822667213185704,-0.023770605507315024,0.0010771047847711324,0.0021350059233248286,-0.01076937182155796,-0.0009523405569883403,5.2791030050847176e-05,0.0010406432303489699,0.01755515569156091,-0.0013876957228686204,0.00309467125685714,-0.00046837516356362796,-0.01719163064460255,0.02839468149351082,-0.0006390777400006042,0.02039164709459662,-0.0020008262098444307,0.04708075256005184,0.02988568975750494,0.00046504716642126187,0.001833081611201881,0.0,-0.0017777894859244414,0.0,-0.024573699548141925,0.0,0.0,0.0,0.0,-0.01950336262901453,0.0,-0.0009241423216708178,0.0008788908905221771,-0.00693449483223435,-0.002414282871424589,-0.012533254813868522,0.0,-0.012597816248488825,-0.00045668064593340496,-0.00331131123737477,0.0003140537407568811,-5.551115123125783e-17,0.0,0.0,0.0,-0.029633366942748984,0.0005853237834589908,0.0,0.0,-0.001246723221135393,-0.00019675444364480876,0.0,0.0,-0.022589112464414418,-0.0007167025438368224,0.0022441616823975497,0.0,-5.551115123125783e-17
-0.016167550632359307,-0.010158161059953486,-0.0024693074966707362,-0.0009736412694968388,-0.0006528628216512788,0.0033275490244270567,0.005556262681649271,-0.008138121282215416,-0.0007025902109576432,0.04799547868981929,0.0,-0.0015834767125493254,-0.010373814086251654,-0.00014765290914287021,0.0,0.0009457295093841522,-0.004212280352028419,0.0001710835683280676,0.0,-0.02061921123360677,0.010315839362113943,-0.02009200872574607,-0.03991150982100561,-0.015334300623353503,0.0013841353151426983,0.019926561847817603,-0.0005617386990361961,0.0005789415308543044,0.006366375646862932,0.0038922798658636015,0.0006885007396197351,0.004575268807939015,-0.0015893447422275497,0.00031648577496001806,-0.00436661822859985,-0.012305215995323693,0.06238244106961538,-0.00241547280509935,-0.025248523437307102,-0.0527980289580815,-0.018925741781027183,-0.011545112161080784,0.030912206066797954,-0.0003288664997885826,-0.0018059305059320852,-0.011969085380545141,-0.04136756616833981,-0.0011625763853264082,0.0,0.0,0.006172078159843497,-0.0005434925722246353,-0.012477249713241767,-0.00014682803016974333,-0.00018986901319056892,0.0,-0.006653252679316046,-0.0037420766294048446,0.0,-0.008494551038927656,-0.02674711639973948,-0.0005223806191007596,-0.027143090893714528,0.0,-0.012861984347016464,-0.009148558658638117,-0.017122891813828256,-0.01287696711692865,0.0007362396161517126,-0.026289831042225098,-0.02738486896170944,-0.004410219546881089,0.0033614488555728794,0.0007972049766874489,0.009848408464813385,-0.0234897039771374
-0.0038266373752942617,0.001261179925904854,0.026748991982561976,0.0,0.01196425872033724,0.015162158838027628,0.014138692225587779,0.004520669635039221,0.015786971132548844,-0.009209457225956341,-6.70460555979302e-06,-0.008748532426678501,0.0072854914521727765,0.0,0.0009457295093841522,0.0,0.00335578067941239,0.0031177462703376735,-0.000974164621317053,0.01798789781810539,-0.013434454635034343,0.002386335555867092,0.015590862820355655,-0.008070671696025433,-0.009407604344550402,0.00032825192092794664,0.01571248153969923,0.007569285879011067,0.016905072742936234,-0.00360935670061574,0.0029849588467615873,0.0009574491888255099,-0.0002825054818530459,0.005744779441871906,0.011521021730129755,-0.06773494924466611,0.0011683456138787962,-0.001862228653036202,-0.01974910971922772,-0.028023680716353916,-0.009609545819586618,-0.003277959340853287,0.00199080096399723,0.0,0.0,-0.01093832089568253,-0.02912892932992195,0.0,0.0,0.0,-0.03748996739684751,-0.0026051283728726338,0.0022973881974410193,0.0,0.0194422107337735,0.0,0.0023657612266190786,0.031083020612735712,0.0,-0.019413341875192447,-0.03179212704649603,-0.026260420064789014,-0.02825641758516101,0.0,0.0011599567492130425,-0.016754487403037532,-0.01969074567540363,-0.021254981757150182,-0.028189461891228507,-0.030009515463978786,-0.023035112653958634,0.017017765591081924,-0.0015481827490465006,-0.02028112150760003,-9.984738248947078e-05,-0.00711642275180141
-0.006173627683680072,0.021546558986508313,-0.000395504208873132,0.00025185958421758414,0.0001292448043850869,-0.06160793408761006,-0.02051660338548983,0.003781036712844965,-0.00040569399263939987,-0.01840798810297556,-7.979890982923177e-05,-0.01783752173147063,-0.008673734898245578,0.0,-0.004212280352028419,0.00335578067941239,0.0,-0.020148567603613776,-0.0015006121272008732,-0.006660066987358548,-0.018958470852552756,0.006156734943283004,-0.003732354503780788,0.0029840578993962086,-0.026989446621730917,-0.0032805516094767118,-0.02662922976069948,-0.009820596228396872,-0.010339001481816434,-0.00033632589837184756,-0.0014451271443316482,0.00461180147990109,-0.005920986660569949,-0.008679569205088555,-0.01642308413877991,0.00435777936907944,-0.0006013352835184116,-0.023420955413150812,-0.0016191631075860857,0.001372745642585771,0.002676901490777872,0.0021172762893694186,0.0,0.0,-0.00019938936962460296,-0.00798762333768116,-0.016904868626184677,0.0,0.0,1.6653345369377348e-16,0.0004472139872377934,7.991358728487441e-05,0.0,0.0,0.004176797115651332,-0.00014182516565441894,0.006230337031317645,0.0002519837357602972,0.0,0.0,0.002069653870506283,-0.006105004092619382,0.000889867258782373,0.0,7.141107460012508e-05,-5.551115123125783e-17,0.0020677209947203568,0.0006208570659012036,0.004475421064194296,-0.004384990861789395,0.0009383930721656997,0.0,0.0006762863155481691,-0.0005361882597670342,0.0,0.006221176389477001
-0.006103526113519664,0.0004800272016337592,-0.04378577791898486,0.0,-0.028614343798025188,-0.01416905331866447,-0.005086203468064876,-0.007053545847258591,-0.023884747414264607,-0.01724439311866205,0.0010876717977552075,-0.007850423194027123,0.0026917979596990937,0.0,0.0001710835683280676,0.0031177462703376735,-0.020148567603613776,0.0,-0.0014585087654362394,0.004698650917648262,-0.011330404085359014,0.002009470880158737,-0.0005937577629864244,-0.013763082437713459,-0.0238571713520756,-0.008329902397494482,-0.0061365850837467595,-0.0042592052887844845,-0.0016178440716160813,0.0035191335707465132,-0.011897102926525849,-0.003835375876748315,-0.0029433711775076477,-0.0010547227590333996,-0.0019793759906673314,-0.05786478934497952,0.0,-0.0020351859218459833,-0.016614248375553864,0.0035377063469532177,-0.001553519723040686,0.000806505806100033,5.551115123125783e-17,0.0,-0.0007323043551965003,-0.00912511041864561,-0.023015934378391334,0.0,0.0,0.0,0.0001752939210947213,-0.0375338136046634,-0.0001161423179563692,0.0,0.005853005414008794,0.0,0.013973651370055351,-0.04302970752093638,0.0,-0.019571033457990827,-0.027963272076503787,-0.008778190545298603,-0.0138786378734983,0.0,-0.014123889591212635,0.017512418432764798,-0.013595823848059574,-0.013723263290928489,0.00012087173410929575,-0.01773400932248209,-0.006150742868295422,-0.0027354152498055284,-0.020584746105579255,-0.022310994843466436,0.0,0.0015758702921402357
0.0,-0.0011555566572506448,-0.02021177798110979,0.006428043734031275,-0.01711913088640038,0.0010957510413606153,-0.003727748645241502,-0.0024194013830097783,-0.013056099708312674,0.009548921949123768,-0.004945192101486695,-0.007826795002322473,0.008347663818956685,-0.03822667213185704,0.0,-0.000974164621317053,-0.0015006121272008732,-0.0014585087654362394,0.0,-0.0015093472571426347,0.003372724387086301,0.0005975613499874521,0.01618561683965475,0.0012299137898447166,0.0025595145132076835,0.0014791110604592816,-0.014479667422426346,0.012121800179179631,-0.0016772807838817405,-0.02708458050288981,0.011225430325796093,0.008099034568160468,-0.012322744527607232,0.015046754651278804,-0.0004659144577153773,0.019747263526797287,0.023018102291993137,0.011165214555948433,-0.05113659152120981,-0.0008148229300099508,0.006379406998267778,0.0009139777103376323,-0.020076107352600903,5.551115123125783e-17,-1.6653345369377348e-16,0.0,5.551115123125783e-17,0.06313179513634526,0.0,-0.016005684720463376,-0.0013940325911613316,-0.010976017269592853,-0.011235735979384431,-0.015512109844566635,0.0012190721659690595,0.0907685224567309,-0.0005142570112458,-0.0021378706712786855,-0.007688551804020227,-0.0017465715934643078,0.0,0.0,0.0,0.002847029190500616,-0.0024558792065285107,0.0,0.0005375998663987303,-0.008600731780788795,0.0,0.0,0.0009536187350807079,-0.01188499035510826,0.011407146002444413,0.04231125359349058,0.001412426806664091,0.019510741544025656
-0.0021813953986360435,-0.006169939411149072,0.02631184065445985,0.0012755680131354419,0.02690912085456637,-0.0034352804575872864,0.0011779699007833377,0.02240431501829604,0.008804609495305094,-0.011993876078011334,3.0813487345793256e-05,-0.020156267827214025,-0.008984035744557417,-0.023770605507315024,-0.02061921123360677,0.01798789781810539,-0.006660066987358548,0.004698650917648262,-0.0015093472571426347,0.0,0.010421729295916782,0.013171866621941808,-0.002521939514945337,-0.015390422795006409,-0.006895369652558991,0.018337268126938144,-0.021538951167948794,-0.010250942256369577,-0.027148709349050393,-0.02404624292226898,-0.006126830640712677,0.0018969186182569153,-0.01131176277363094,0.0018648812336444776,-0.0032498246085121973,0.029821347733066328,-0.006757308515018434,-0.016795988745253232,-0.002792708693267587,-0.03400533451617216,0.007710157213393853,0.006167853292142422,0.03323788586637211,-4.4670099614230185e-05,-0.0007084128864094374,-0.027711238452926168,-0.02239937880962406,0.0036601019480482777,0.0,-0.0007120358952609762,0.01828851765040085,0.0014656007901023838,0.014326158360008778,0.0031754694602297295,1.978174417366363e-05,-0.002220554867551461,-0.06129602867495615,0.01723657263529088,0.0,-0.01623447111389359,-0.018632110275088154,-7.233637984088714e-05,-0.02023883289079753,-0.001030476476681974,-0.005046395459877451,-0.007642691880474117,-0.011340507329785643,0.0001732319895723089,-0.002309661957828668,-0.013901131228016061,-0.02525912670601249,0.0060186594699096485,0.009239493113419261,0.0067845437805735265,0.003743527265446578,0.0056485279847225955
-0.02036828873583818,-0.02574872546292406,-0.00043203648897410796,0.0004023063497511359,0.08065332205961084,0.02379171817436232,0.03165426773201491,-0.0081458495590358,0.03222578458868164,-0.022215733896257972,0.004424497032625763,-0.04517734747595459,0.022771625115650507,0.0010771047847711324,0.010315839362113943,-0.013434454635034343,-0.018958470852552756,-0.011330404085359014,0.003372724387086301,0.010421729295916782,0.0,-0.004926848668897643,0.0005696400778391064,-0.021145981879842513,-0.016697364351763888,-0.011813809075940984,0.020955147935084517,0.0187651052350834,0.011873443494466562,0.01212794169383713,-0.011871420668677968,-0.011416480060673695,-0.030682278366288618,-0.013993319954245353,-0.019569632121899716,0.04345267374101541,-0.00020961854460921359,0.004337590581108108,-0.01980869272526714,-0.07208053082708471,-0.012097223409081537,-0.006588714860349509,0.0011237480311503956,0.0,-0.00045820550770725443,0.010556602655104996,-0.04453533660096809,0.0008463146686044087,0.0,9.664400176395693e-05,0.008247557893355018,0.005202238068051868,0.04630500701142232,0.0011828033906999824,-0.0011379023402456334,0.0,0.0006003073024138939,0.02147801620648626,0.0,-0.0181691543335471,-0.03432957897384137,0.0,-0.01223544336838539,0.0,-0.0023638149461799873,-0.03808922660332076,-0.029813010760161907,0.004045555036291559,0.005301976071317438,-0.032427832941547885,-0.027416895980801215,0.004674310924495606,0.0154174813666752,0.016443916663487046,0.015941523783004674,-0.0012137974164480592
-0.013696057385537252,0.003913362269930554,0.026279207902664248,0.0033613121812506863,0.020100679269751842,0.007613297411143083,0.0077173332479937296,0.009857296598716092,0.022390831686971646,-0.0023155262566951773,-0.0010575858612522637,0.022374599706140863,-0.0008220519558191919,0.0021350059233248286,-0.02009200872574607,0.002386335555867092,0.006156734943283004,0.002009470880158737,0.0005975613499874521,0.013171866621941808,-0.004926848668897643,0.0,-0.009908651381195621,0.009115509825064927,-0.014367267119426208,-0.0053700922637267,0.013199560337679883,-0.010674055099882507,0.004848814695422754,-0.01925428537765178,0.0029301320137936626,0.010705597268084954,-0.0026621623640076253,0.015057027089881214,0.0069156418480004755,0.004689603080202276,0.006090294874110613,0.04450604392929869,-0.022454507422112524,-0.03434220822780221,-0.01151455813567781,-0.007906393052855232,0.0015117908865586172,0.0,-0.02844056156685637,-0.013340247406602779,-0.044735693036301816,-0.0014371763380315872,0.0,-0.00018047274481458597,0.026794546950811682,0.02833861801291432,-0.028632215152722518,-0.0027308583586476143,-0.010080334866571006,0.0,-0.07155596662854752,0.03213535026808256,0.0,-0.008753813004163447,-0.0319686865988002,0.0018501463870821966,-0.022217481471796585,-1.1102230246251565e-16,-0.01150090930556058,-0.004970973511218779,-0.009329578716374132,-0.011713651523934665,0.007793252730993294,-0.029720398764539635,-0.031987764168595834,0.002836931550491195,0.016183518314299483,0.002701370087855093,-0.005311711922595608,-0.01838793566581559
0.008220215556290544,0.011469307970329634,0.032638925574928146,0.004116388016549566,0.01866581798714828,-0.016875119526362836,0.012783745549113268,-0.004311375558390229,-0.002419932125047375,0.00791266471067914,0.012331611569214695,-0.013030168238671092,0.013195751275981216,-0.01076937182155796,-0.03991150982100561,0.015590862820355655,-0.003732354503780788,-0.0005937577629864244,0.01618561683965475,-0.002521939514945337,0.0005696400778391064,-0.009908651381195621,0.0,0.001458561894422783,0.007274793214701203,0.015592757476999952,0.018328147899949243,0.019387089697539994,0.019088226551271514,0.013869285127529218,0.01781510982358564,0.016793841835761214,0.011315317318672358,0.013864466958053767,0.011493219704263091,0.001297738635077872,0.030397456081197205,-0.0023948385259888183,0.018730354132960647,0.00045351782327235357,0.018429291924688784,0.03214191549743195,0.015426707125330896,-0.0015458422187900611,-0.00521624955060751,-0.022278083383683922,-0.01312949265994423,0.03580870844221051,3.0090156094897402e-05,0.00641333648023279,0.024499017435512638,0.011786159250176564,0.030032974513414745,0.0005277950609703375,-0.0003859033701465453,0.007767355489850136,-0.008066155249898233,0.013628696044975408,-0.01842729775088675,-0.006403483162949142,-0.016904550661052287,-0.0007281733319282058,-0.028403068095515294,0.038322999567675486,0.008136212407032217,0.012803723117765786,-0.006080020307957734,0.02456254438578609,0.009286298987941588,-0.015236885305896453,-0.008973924981717063,0.01973221175122586,0.019430772535875107,0.02221061536445812,0.024830626550333634,0.02308993759991851
-0.024567295497877284,0.004611874817987138,0.0010628011707619067,-0.0037602851725311304,0.008305181407538997,-0.029285127645394926,0.03675094318211375,-0.009786614585751474,0.005733966918935796,-0.020155857115209785,0.007788058149433841,-0.019291752685189067,0.009752392808112575,-0.0009523405569883403,-0.015334300623353503,-0.008070671696025433,0.0029840578993962086,-0.013763082437713459,0.0012299137898447166,-0.015390422795006409,-0.021145981879842513,0.009115509825064927,0.001458561894422783,0.0,-0.015141186640262483,-0.030825861342365257,0.0026155099925351255,0.041343896391828394,-0.021870328364259284,0.002351151469293822,-0.022338199088357602,-0.015608100476712128,-0.016114580346385687,-0.0017816874397017513,-0.016064210963260883,-0.01105359309521231,-0.017103542581506537,-0.0311149032961473,-0.0527650368736976,-0.048943113093723734,-0.03399301675091071,0.0790046928318931,-0.03638059594381471,-0.00021723434848036627,-0.06600133253641954,-0.021615424090916657,-0.034027562445372084,-6.454434786867802e-05,0.0,0.0,-0.0017873523730148055,0.001731073529727123,0.0006022356746280266,-0.00035624867108252634,-0.010443850652606224,-0.000493993386211089,-0.0199539530877772,0.0036537672628263462,0.0,-0.0012924320294414593,-0.030995310484449756,-0.013438087453526981,-0.013338621044883814,0.0,0.0017064393224277552,0.0673659504459867,-0.0016025862878527586,-0.0028036090487115195,-0.0181222914275449,-0.012340308740723782,-0.007188103752932606,-0.0014083852190444057,0.0039076175885282005,0.000877090021122795,0.0,-0.011104175371720593
-0.006349433407493665,-0.015538705004563946,-0.026342336648112974,0.0,-0.024338032494913564,-0.016931190664438378,-0.01537134170004073,-0.001436844856538777,-0.03398836141097633,-0.03186965779869122,0.0013227533825957982,-0.019152505013828425,-0.00721218778131949,5.2791030050847176e-05,0.0013841353151426983,-0.009407604344550402,-0.026989446621730917,-0.0238571713520756,0.0025595145132076835,-0.006895369652558991,-0.016697364351763888,-0.014367267119426208,0.007274793214701203,-0.015141186640262483,0.0,-0.014615428664631946,-0.007269469493760283,-0.01627010588951966,-0.021373223193224156,-0.0011515895677488563,-0.02151754548928614,-0.01329334983148478,0.0006277516268911598,-0.017661362291438276,-0.013448862767898195,-0.05695782003882205,-0.0004113290790030977,-0.022089296843843087,-0.01546822594215791,-0.008862202359324667,-0.007980061611671807,0.003556666668253272,5.606648652650703e-05,0.0,0.00016896219598516726,-0.010233047198410838,-0.025451671614662552,0.0,0.0,0.0,-0.010152714064605495,-0.005537051862721243,-0.024951650056655228,0.00024508534963546547,0.007536449640167808,0.0,0.008751548041429247,-0.01216356486648612,0.0,-0.01700409517617435,-0.030928069822750592,-0.012295042692114122,-0.016393376248107494,0.0,-0.0012977767760440906,-0.014782769572935284,-0.017743176861887033,-0.0010576935931674303,-0.00707317444770883,-0.0191568651735064,-0.013456563547362244,0.003623928590343828,0.0008147831095251523,-0.012583482405159496,0.0,-0.006838753825340216
-0.018116535600474493,0.0002547467512006296,-0.005028650199208451,0.00022703782660682403,-0.0016739496137581078,-0.011565883084891093,-0.011718219049841438,-0.011365767752282374,0.006615918760440542,0.003753951917589815,0.0013895563474415895,0.013826550753371858,-0.01751049668247534,0.0010406432303489699,0.019926561847817603,0.00032825192092794664,-0.0032805516094767118,-0.008329902397494482,0.0014791110604592816,0.018337268126938144,-0.011813809075940984,-0.0053700922637267,0.015592757476999952,-0.030825861342365257,-0.014615428664631946,0.0,0.0287966583554084,-0.018676644657668107,-0.014560774303630508,0.009255769132937186,-0.01662748525565827,-0.015320799687480735,-0.0013105656655793552,-0.006417724889243637,-0.004961377065476835,-0.042338212516170315,-0.0352346767631494,-0.03175201759729751,-0.021712579880251937,-0.013959687825736922,-0.0037666656524341646,0.0014125690206970853,-0.006046856259003641,0.0,-0.013579241586641477,-0.014200516129977914,-0.029703613474391266,-0.0016833474342785593,0.0,6.116409834322489e-05,-0.03391710992406416,-0.024451393111115882,-0.01955938573656224,-0.0015150646258924594,0.005414219200450432,0.00031446385495842444,0.011913943640170954,-0.033071929065376204,0.0,-0.013398202511852642,-0.026202389872154397,-0.011252183175014974,-0.018463030359554433,-5.551115123125783e-17,-0.013791996564426034,-0.006885716395717889,-0.023758966899781186,-0.02530876755167555,-0.004195847814492504,-0.020501720589966577,-0.01754907744202089,-0.008260254829148272,-0.01880072496560936,-0.028927217700904007,0.00020307294544380516,-0.007601175287726802
