0.0,-0.001968915237843074,-0.002585384394296799,0.0,-0.0012911021149471665,-0.0028021719926062936,-0.001878153129374414,-0.0012771514355893981,-0.0013208903768053624,-0.0011402897516954497,-0.0017126825363243852,-0.0007391741167324386,-0.0027523425044914834,-0.001950981614508797,-0.0023233074996515976,-0.002337880956589786,-0.0022261275794939217,-0.0017112547267721994,0.0,-0.003203100745357612,-0.0007610205991479784,-0.0028677760080263264,-0.00232187703175717,-0.0005021614743414216,-0.0015961392111684817,-0.002099446650350599,-0.0029452930280091717,-0.0024143120597839855,-0.0028827212061243767,-0.0009550618259474152,-0.001953130736064524,-0.0012170118278134843,-0.0029503813683448756,-0.001525919040582573,-0.0005958686949015654,-0.002430976585250898,7.302781351861933e-06,-0.002011550271579295,-0.002446616675755684,-0.003624663436411746,-0.002322035303382758,-0.0012103065421984823,4.009110697217662e-06,0.0,-0.00109114383846257,-0.00208337149990321,-0.0035602655138936303,0.0,0.0,0.0,-0.0024953237224531197,1.1102230246251565e-16,-0.002857106223162543,0.0,-0.003673986522800135,0.0,-0.002800960677730475,-0.0009280860778714368,0.0,-0.0008438112725644087,-0.0030981328583026915,-0.00206935043312512,-0.0030977072038659874,0.0,-0.0023761961274329853,-0.0017533738120813593,-0.003676714236831498,-0.002316207163942144,-0.002658519309688142,-0.003796433119586895,-0.0029184408868933487,-0.0025959793945953906,-1.2196059442480637e-07,-0.002734803805835158,0.0,-0.002472149796733674
-0.001968915237843074,0.0,-0.0035408046423541875,-5.840983393575983e-05,-0.0025764217292206216,-0.0021340745250836217,-0.0027001686424850666,-0.0022136187284743447,-0.0025450380283983044,-0.0010668208080833077,-0.0011132728792279233,-0.0009775674039605299,-0.002439766343561193,-0.0005836324025067571,-0.002729753407207741,-0.0012965878229161466,-0.0011889555284810348,-0.0014224111500500112,-0.0015372084990592791,-0.0018621397727883395,-0.0023386093687299265,-0.0008670817627006106,-0.003414842166727739,-0.0012476993030232299,-0.00030667175841215416,-0.0009999530372270028,-0.0025068970761736717,-0.0019256105789473195,-0.002120210008112725,-0.002019003813005446,-0.0012152861052738863,-0.0005006185332999321,-0.0008966982801961067,-0.0008450758911181971,-0.0004663453860175047,-0.0006546836504331108,0.00012700166809922217,0.0,-0.002131209497926975,-0.001435159131493868,-0.002236653212055828,-0.001812646185800542,-0.0007918770610149634,0.0,2.220446049250313e-16,-0.002298438444573906,-0.0024022564960586965,-0.00017273105868283604,0.0,0.0,-0.002394347940020081,-0.0015711935454554037,-0.0019289431440379181,-0.0015569293781987831,-0.0014181129093757381,0.0,-0.002356686356779773,-0.0018034222386600286,0.0,-0.0033958386469964364,-0.0017076575169550064,-0.0011914399464542896,-0.0011629882528459458,0.0,-0.0026932868024543122,-0.0029770051287011986,-0.0022926606458334177,-0.0037423245375869407,-0.0022092464474518982,-0.00243834193983748,-0.0028236521751768585,-0.0031422773461189045,-0.0016291357720448025,-0.0023008549022724835,-1.1102230246251565e-16,-0.0020077332484725696
-0.002585384394296799,-0.0035408046423541875,0.0,-0.003669730313348107,-0.0037470751256720755,-0.0027563377704761713,-0.004896852876018549,-0.004750306929137852,-0.0026516904137646852,-0.003959400797486982,-0.003951298556029802,-0.002918480355319376,-0.005020730738416765,-0.0039846306988411484,-0.00261118991806946,-0.0022094563832798686,-0.0023430790285117386,-0.0020147191907170544,-0.002408665232505879,-0.003947635140464103,-0.0031882472700890383,-0.0032866948457996163,-0.0041285092013363086,-0.002353383413823411,-0.001406698304782648,-0.0028821771155403872,-0.0016983845299048054,-0.0046841277444517535,-0.004694544163471209,-0.004267903241817742,-0.004917606688190263,-0.004526743636459466,-0.0017275072785535531,-0.004901855277199986,-0.0036378603757639375,-0.004547711081041493,-0.00418894504409911,-0.0032405374366339347,-0.00483607265128131,-8.210833527563479e-08,-0.004057515938128155,-0.004275779756298889,-0.00549073750405015,-0.003294408817324778,0.0,0.0,-0.00030057249929379005,-0.00734744719800468,-0.0001349735121197737,-0.004714364867403362,-0.0052284338184550435,-0.0051795786556627435,-0.005411000267071445,-0.006017391489407122,-9.416294654178756e-05,-0.008411620344013765,-0.0025684438602748784,-0.005226208126804879,-0.005871805821721559,-1.8721997419775722e-06,0.0,0.0,0.0,-0.007257887034816889,-0.0009695112837605585,0.0002705808890211551,9.51096823102388e-06,-0.00593017035010652,0.0,-2.8060806538758123e-06,-0.0019901008854200097,-0.0056938308293960835,-0.003917082740540902,-0.003295683798829402,-0.0008052843226974046,-0.003599830878092739
0.0,-5.840983393575983e-05,-0.003669730313348107,0.0,-0.0013904498088348402,-0.0029595831059080115,0.0006133800348149692,-0.0030174883596196743,-0.0037610208651797238,-0.0031664735584124113,-0.0030029855596156326,-0.0007178364492763152,-0.0014672488237826426,-0.0012545195143431513,-0.0015590951885664944,2.0704699910803804e-05,-0.0013388086629025826,4.100401057691293e-06,-0.0038687288294590168,-0.0014948996028316002,5.5007722036634526e-05,-0.0012973324025035821,-0.0022803569603069085,-0.0010575831353349116,-5.2262239893526636e-05,-0.0007352136341120454,-0.0025485686811736494,-0.0006284176091844596,-0.0017150195530994583,0.0009188488232211142,-0.0016572329948936506,-0.0013705684458616546,-0.000928753372189121,-0.0002801973703081392,-0.0007328598780358913,-0.0013738759287318311,0.00011530378602591753,-0.00021488069845329902,0.0013981272284606262,0.0003303117950819047,-0.0002541667335038742,-0.0003041598602286702,-9.829696610623316e-05,0.00043942085152289066,0.0,0.0,0.0,-1.3960159643515274e-05,0.0,0.0,-0.0013839682673481852,2.220446049250313e-16,0.0003016538072455988,4.144628691113636e-05,5.551115123125783e-17,-0.000623590720200314,-8.17500098495734e-05,1.6791396076818862e-06,0.0,0.0,0.0,0.0,0.0,0.0,0.0,0.0,-8.274142307609487e-06,-0.002953419493442521,0.0,0.0,0.0,-0.0025649321177656412,2.6415522126297568e-05,-0.0002793892425024632,0.0,0.0
-0.0012911021149471665,-0.0025764217292206216,-0.0037470751256720755,-0.0013904498088348402,0.0,-0.003012122774597858,-0.0023325890223291523,-0.005554249031354502,-0.0028745978450468303,-0.0037825029863930294,-0.0023454006039307427,-0.0020779751208302205,-0.0032430013181262676,-0.002846273601283517,-0.0013385062586700346,-0.002628985693452305,-0.003494515075347214,-0.002313074788414031,-0.004529845222120889,-0.0032717084649265885,-0.003906728779261386,-0.002609568219995278,-0.003808373480223443,-0.0034269457497093105,-0.0024387853715960063,-0.002479765999125526,-0.003344117600287497,-0.0007192295194123906,-0.002681744592836355,-0.0026761690033817844,-0.004012152176535027,-0.0035861776866939316,-0.0010677480542265142,-0.004054315901832106,-0.003424549588140686,-0.001319920044636448,0.002062779021028353,-0.002412987258541454,-0.001908761755110135,0.0007702373547232954,-0.0015375157630732916,0.0010323972736291428,-0.005391265754832973,0.003796816773610466,-2.6524911877674456e-05,1.1102230246251565e-16,-0.0006740899471362128,-0.005605978710784391,0.0,-0.0039467519261767526,-0.004357680391837444,-0.0039251208455487714,-0.004735575465911082,-0.004699907835984942,5.551115123125783e-17,-0.005603147206322017,-0.0015041707436534047,-0.004499802385838333,-0.004814035745070687,-0.0003559076501237821,1.19713678307393e-06,0.0,-5.551115123125783e-17,-0.005041222361356416,-0.001585783477307399,-3.8826481793265645e-06,-0.0009850822117540862,-0.005082967620564454,0.0,-2.6324923645453486e-06,-0.0008099825088643087,-0.004571934399827452,-0.0037251879155593168,-0.003002940423846333,1.1102230246251565e-16,-0.0042982598101181935
-0.0028021719926062936,-0.0021340745250836217,-0.0027563377704761713,-0.0029595831059080115,-0.003012122774597858,0.0,-0.003163765541721933,-0.003492201594173048,-0.0023185636077349132,-0.0036088261934387666,-0.0030912188480621966,-0.002235662866515656,-0.002090400700553097,-0.0032878649069306037,-0.0036675171220245544,-0.002303691441162385,-0.0019618241875596597,-0.0017802966171550556,-0.004508821192694418,-0.002263056614938281,-0.0039448210991597146,-0.0022217463831571433,-0.002919965167928301,-0.0005314418014848255,-0.0014883057187646698,-0.0026885640233866924,-0.0026247108969256164,-0.002346957852799271,-0.0023929914332732373,-0.0030810348151662404,-0.003043294232967869,-0.002621805085654351,-0.00245783940049801,-0.0030746148641081585,-0.002428318257446345,-0.003038512470428383,-0.0027351257650626783,-0.002778136021713554,-0.0033297069634126626,-0.0010950681074790784,-0.004742721221648659,-0.001700480851925165,-0.003602293671011335,-0.003246651885674782,-0.0022746369772745387,-0.001691362413884904,-0.002795545225274149,-0.005084444092081242,-0.0013801096555935315,-0.0034539622984943895,-0.004613833855496236,-0.004588367370304787,-0.004445749227193775,-0.005602229378675538,-0.0031102737062838233,-0.004559066504823061,-0.00024589528068643264,-0.004550708189574169,-0.003602373348069076,-0.003782175860958632,-0.0015272355675910764,0.0,-0.001051752137431256,-0.004490473285660468,-0.0036055948527384586,-0.003919879732100798,-0.0027143181194055036,-0.004348384570227386,-6.9571134698028935e-06,-0.0026312837835763985,-0.0032042423801571826,-0.004480104294506997,-0.0044429271094991625,-0.004026357591243564,-0.0034475717694398373,-0.0042493683407831715
-0.001878153129374414,-0.0027001686424850666,-0.004896852876018549,0.0006133800348149692,-0.0023325890223291523,-0.003163765541721933,0.0,-0.004061917455634765,-0.004333249413689191,-0.0019556198920881464,-0.0045654089576374745,-0.0006682519138964717,-0.002069290676005189,-0.0027717116941195323,-0.002038069156729657,-0.003038299475869537,-0.002765720644761447,-0.0022389032029002396,-0.005275144083500094,-0.00326276960474083,-0.003767376901021494,-0.002975080546809733,-0.004606940070272832,-0.0008661054623976729,-0.0022010060314956613,-0.0024034616381138877,-0.004188107494466065,-0.0010962598089303834,-0.002805351031008641,-0.003169841760322947,-0.002795216212728951,-0.0025695470702599803,-0.001192149650280921,-0.0020438133722280693,-0.00048406269117974435,-0.0014484408972661842,-0.00043499234795118814,-0.0006100910710922395,-0.0008112231510221634,-0.0021887946971199555,0.0009445473706893497,0.003271691385155418,-0.003222933536861069,-0.0012061919555300096,-0.0030077940588366533,0.0,-0.0025786622850067307,-0.0045601339334887595,0.0,-0.004080529776546522,-0.004735483382110497,-0.004058802078926564,-0.004764502797966729,-0.0046641917641695564,-0.0014155931972005733,-0.004571179176059234,1.5082794197484394e-05,-0.0045327956205203565,-0.0018872793319893734,-0.0030534467328665123,-0.0013487208820043054,0.0,-5.691648573087938e-06,-0.00456697304550996,-0.002669989724440477,-0.0012654395201285185,-0.0022548757624660386,-0.004853747316767428,-1.2649641889946588e-05,-0.0019811255477317695,-0.0028612364864857055,-0.004565612464947738,-0.0032570108055170006,-0.003984665464819063,-0.0016701795692156572,-0.0040876976419970375
-0.0012771514355893981,-0.0022136187284743447,-0.004750306929137852,-0.0030174883596196743,-0.005554249031354502,-0.003492201594173048,-0.004061917455634765,0.0,-0.005190353082665795,-0.0028785599346480943,-0.003662983207558628,-0.0019082848138095524,-0.004001347301043853,-0.003175995508867231,-0.003024803197578746,-0.002457205265377541,-0.00048608067208292014,-0.0011103521117538828,-0.004867768901167533,-0.0038391096792408375,-0.002298858953988244,-0.002726441253763055,-0.0025515426483786303,-0.0006956372316193959,-0.0013737734575934445,-0.0014260408206052061,-0.003988741408330098,-0.0030191301572924786,-0.0029215358134282252,-0.00275477592473825,-0.0032356853809867706,-0.0006585259823913528,-0.0012883612891443628,-0.00319589132835919,-0.0019376648356650152,-0.004152913550943758,-0.0011180375836588815,-0.003566020837060176,-0.002881289748290771,-0.0036604439377313147,-0.003525488792075322,-0.004018616828327147,-0.004686442156005488,6.30932214411701e-06,0.0,-0.004419486728114935,-0.002999511328886172,-0.005167724910022416,0.0,-0.00254707883528092,-0.0051797289314871936,-0.004426405240137134,-0.005954248490967645,-0.005366270034493716,1.6473331282887963e-05,-0.004923548670442291,-3.328665653349622e-06,-0.004891015809725305,-0.00513850149151771,-0.005169612733128494,-0.001087963439499525,0.0,2.4611141293777668e-05,-0.004452349281346207,-0.0045104103169176435,-0.0069758828494243695,-0.0044359106554292165,-0.0044027990569892456,-5.551115123125783e-17,-0.0023466131317886334,-0.0033297974546079153,-0.005009338269787773,-0.004297449669740372,-0.0043477603555346035,-0.0033208018167784083,-0.004141889781349033
-0.0013208903768053624,-0.0025450380283983044,-0.0026516904137646852,-0.0037610208651797238,-0.0028745978450468303,-0.0023185636077349132,-0.004333249413689191,-0.005190353082665795,0.0,-0.004588652671408244,-0.00314903276243519,-0.003774640353598698,-0.00400603303470857,-0.003228347388092527,-0.0021871843175954,-0.0024743059640601963,-0.0034052256143294163,-0.0017574956927384332,-0.0027379310703901814,-0.003204630114231771,-0.0028449203189789833,-0.0028083677549342826,-0.003555862038482221,-0.003153200575563354,-0.001976807415449986,-0.0026260292967071595,-0.0021418873120303303,-0.004698058547915296,-0.0026688300368502334,-0.003493167324481202,-0.00512491872719167,-0.004668845265663975,-0.0034148535016314792,-0.00489906161145023,-0.0043304090158992415,-0.004202914279060996,-0.004279693325871314,-0.004061198715165831,-0.0051723017279361435,-0.00015915405088706212,-0.004377906176209826,-0.0022207258853275463,-0.004733636281029714,-0.0026999517760490557,-0.0023203485354967865,-5.551115123125783e-17,-0.0021720189843078084,-0.006108355962745609,-4.325837546764404e-07,-0.004003650684441887,-0.0054945694628109375,-0.0051779602140807415,-0.00575160204188251,-0.005769717320838838,-0.0012788990107910703,-0.00561118953912894,-0.0025561940159923116,-0.00496660053170678,-0.005927464775737844,-0.0019714573138823483,-0.0007744283095038943,0.0,0.0,-0.0049548194832595045,-0.0021043868643772115,0.00012117373256065549,-0.0013480753518474431,-0.005321955284933576,-0.00013066772203527968,-0.001046385012319666,-0.0017559280623899967,-0.0052290312522186855,-0.0046330918858674625,-0.0031745756727143636,-0.0020571538200695504,-0.0046161875586916935
-0.0011402897516954497,-0.0010668208080833077,-0.003959400797486982,-0.0031664735584124113,-0.0037825029863930294,-0.0036088261934387666,-0.0019556198920881464,-0.0028785599346480943,-0.004588652671408244,0.0,-0.004683855631313527,-0.0006764454389460158,-0.0022317778882693924,-0.0026260534177046904,-0.00011541115137598192,-0.000932233280745311,-0.0013328191943702277,-0.0014214719751286897,-0.0049642672522040255,-0.0030236437068051772,-0.0008681776912370391,-0.001641207970216162,-0.0033111747590814674,-0.001722055544434345,-0.0020112528718351013,-0.00227952041290503,-0.0037535101470648966,-0.0016331924799379502,-0.0021622891552464355,-0.0028548733042585124,-0.0017632392568986217,-0.0016013719862685986,-0.002010137511585667,-0.0019446551106096215,-0.0011443508949520705,-0.0028618591758399867,0.0003977644292591989,-0.0008989062835979571,0.0020078933144992515,-0.004068895850848113,-0.0002530356621558035,0.002109373379129102,-2.483485297427099e-05,-0.0011257373174769047,-0.0021795831381831166,-0.0038634413674503523,-0.001870276978591559,0.00013254162193432112,-0.0004370243506957728,-1.2507703568592123e-05,-0.0028312361001137636,0.0003276016224377285,-0.00043424492030151124,-2.929419077677288e-06,-0.0046437254697324765,-0.0019000679989525295,-0.004164944354116701,-0.0007895479598370692,0.0,-0.00029574277603095547,-0.0019585012580368485,-0.004134715880749294,-0.00437502590168989,8.073889801865574e-07,-1.3118030713412333e-05,-0.002115232905515839,-0.00037677949642265824,-0.0035904841064610758,-0.0038749027148898057,-0.004163498740623059,-0.004099341373817903,-0.0016536999860086363,0.0009941724182351572,-0.0031098988646366473,-5.551115123125783e-17,-0.003769256104583755
-0.0017126825363243852,-0.0011132728792279233,-0.003951298556029802,-0.0030029855596156326,-0.0023454006039307427,-0.0030912188480621966,-0.0045654089576374745,-0.003662983207558628,-0.00314903276243519,-0.004683855631313527,0.0,-0.003829557808457952,-0.0051154629933783105,-0.0029723061116747078,0.0,-7.726397996263347e-06,-0.003676143750325476,-0.0037332738632776985,-0.002586686959502732,2.9227928855671666e-06,-0.0019163209271880486,-0.0005639013446533143,-0.003969501943489119,-0.003631794642578914,-0.0035237196022313683,-0.003660427075189604,-0.003019220286447048,-0.004783184144406005,-0.003327336537381432,-0.0009133404175111819,-0.005289765006712513,-0.005257232886113199,-0.004482561090513321,-0.005271048481692541,-0.0042377321603283375,-0.005365413290836021,-0.005060441459727735,-0.00425690308053998,-0.0052970868347300155,-0.001070538639118454,-0.004024894725686874,-0.0030067385741032,-0.006301957807943962,-0.002968891774586253,-0.0007113652875383613,0.0,1.1102230246251565e-16,-0.004909808466971171,1.2555844491870875e-05,-0.004755819845198576,-0.00487185179150959,-0.004881638974341449,-0.005599103598300378,-0.006276782785016793,-0.0025048915928534317,-0.003131571377817434,-0.0017886208808094062,-0.004782210176582359,-0.0056837270232721684,5.551115123125783e-17,0.0,0.0,0.0,-0.002637092958348648,-0.0008203320524707529,0.0,-7.358864373935104e-05,-0.006040650707300056,5.551115123125783e-17,0.0,-4.234661486700084e-05,-0.005177225328439222,-0.004391247877859804,-0.0009621247495603355,0.0,-0.004336503322974096
-0.0007391741167324386,-0.0009775674039605299,-0.002918480355319376,-0.0007178364492763152,-0.0020779751208302205,-0.002235662866515656,-0.0006682519138964717,-0.0019082848138095524,-0.003774640353598698,-0.0006764454389460158,-0.003829557808457952,0.0,-0.0015733740094067805,-0.002146216430631227,-0.00040196409946545057,-0.0010164935856190518,-0.0020575500946260574,-0.0013444141162973794,-0.003100177219316348,-0.0011989840047184187,-0.001849668154958211,-0.0024685388716902917,-0.002124481944690255,-0.0010037788431311316,-0.0016276633342454095,-0.0019225159892554404,-0.002332620658685785,-0.0008275968128630259,-0.002237981489811458,-0.004210476013284773,-0.0013798846369642106,-0.0010884476744830657,-0.0028239404871619016,-7.4676561665242e-05,9.489350185913219e-05,-0.0027558613290785926,0.0007456833124918553,-0.0008003534700713192,0.0010244672193795061,-0.004003166574211312,0.002204245280904935,0.0008292130462179205,-0.003210361551763417,-5.266341554403799e-05,-0.0011505899305554448,-0.003927454680049131,-0.001144356641550711,-0.0007371080770962568,-0.0005251451051697321,-0.0002941383251555749,-0.002068174896528433,-0.0015644069083173187,4.779918500749752e-05,-0.0008244533295761515,-0.004297848450593168,-0.0012518225736410744,-0.0038427265312535133,-0.0011786374596097903,-7.401681146032549e-05,6.964454267721782e-06,-0.0021451682967743653,-0.003976735708726192,-0.003989042040402362,-0.0013158168720193667,-0.0007235508235286453,-0.0017743219660941044,-0.0006499245079086125,-0.00283026756896941,-0.0036611082047843576,-0.0039023020372076786,-0.0037155936272212755,-0.001584657964564628,0.0010503425857654029,-0.00045904707200453956,0.0,-0.003646115673804472
-0.0027523425044914834,-0.002439766343561193,-0.005020730738416765,-0.0014672488237826426,-0.0032430013181262676,-0.002090400700553097,-0.002069290676005189,-0.004001347301043853,-0.00400603303470857,-0.0022317778882693924,-0.0051154629933783105,-0.0015733740094067805,0.0,-0.0036694402813548127,-0.0032196163044428336,-0.00261451291373783,-0.0024251231684198384,-0.0021738271369597297,-0.005450702990069974,-0.002483698808453294,-0.0033647271096847666,-0.0025759767849948137,-0.00412657910265136,-0.002111581762947927,-0.0021075502155204003,-0.002270105382869771,-0.004022283547303722,-0.0015089377082630941,-0.001965885817716049,-0.002585833965966539,-0.0024819184503345375,-0.0025802074088523605,-0.0017614680468012469,-0.0022205626466498553,-0.0010618418598542768,-0.002495608061957303,-0.0012352549407001574,-0.0014787200344915739,0.0006993801774085562,-0.0013285249112544746,0.000856172884834823,0.0008916820596427475,-0.0036223151568232958,0.000610032789102231,-0.0010760762103192427,-0.0007128893727469946,-0.002455028824051099,-0.004952092315426988,0.0,-0.003287548864339452,-0.004569034670120793,-0.004282126555659303,-0.003915533242201209,-0.004522453177978627,-0.0031850851618557005,-0.00434283840957378,-0.0013880113792288796,-0.0033445786461097885,-0.00029182646609958896,-0.004000626439736911,-0.001687857374740549,-0.0008170062140812044,-0.0015652242203502836,-0.004980246901564426,-0.003705810122034785,-0.003950114718367171,-0.002662255973642672,-0.0046107338684156,-0.0005644317014246517,-0.002391593304149091,-0.0028047070550937963,-0.00469212143912257,-0.003938642433381574,-0.003884673569973949,-0.0024321026406803293,-0.00414170100305021
-0.001950981614508797,-0.0005836324025067571,-0.0039846306988411484,-0.0012545195143431513,-0.002846273601283517,-0.0032878649069306037,-0.0027717116941195323,-0.003175995508867231,-0.003228347388092527,-0.0026260534177046904,-0.0029723061116747078,-0.002146216430631227,-0.0036694402813548127,0.0,-0.001842979554965486,1.16694543619829e-05,1.1255525797663043e-05,-6.820978505212205e-06,-0.0036294102797700036,-0.0008699912661066333,-0.0028900331013781747,-0.0005158597559176934,-0.0030437951929629323,-0.0009263699809231966,-0.00036836600761140827,-0.0020821297509936564,-0.003243066480920751,-0.0014323620748595296,-0.0013636974228051605,-0.0007565481706423394,-0.004851983096431603,-0.005046040387168568,-0.0005026230135703005,-0.0034467155504633875,-0.003267757801073916,-0.003218220616947643,-0.0013671045871719485,0.00047618155762021715,-0.0054932582408989536,0.0,-0.00038357117142277466,-0.00037380099421820975,-0.005258108077325021,-3.3906690994035255e-05,0.0,0.0,0.0,-0.004858388854151373,0.0,-0.004567218527655149,-0.004184345304267873,-0.003266284972531139,-0.0064905578461668,-0.00510407031774409,0.0,-0.004877452771413068,3.618540750053067e-05,-0.0007109642094895529,-0.004618331867105076,1.1102230246251565e-16,0.0,0.0,0.0,-0.004800163558457245,0.0,-1.1102230246251565e-16,0.0,-0.005021156929417674,0.0,0.0,5.551115123125783e-17,-0.003552541899392882,-0.0016162727876532501,1.1102230246251565e-16,0.0,5.551115123125783e-17
-0.0023233074996515976,-0.002729753407207741,-0.00261118991806946,-0.0015590951885664944,-0.0013385062586700346,-0.0036675171220245544,-0.002038069156729657,-0.003024803197578746,-0.0021871843175954,-0.00011541115137598192,0.0,-0.00040196409946545057,-0.0032196163044428336,-0.001842979554965486,0.0,-0.002373202295014538,-0.0018271004395620208,-0.0023010493222428907,-1.1102230246251565e-16,-0.003060601554020284,-0.0037423985280395965,-0.0018449484833158451,-0.0029565532163645966,-0.0025287444948454653,-0.0024686400526267457,-0.002537173187987714,-0.0033579506797426157,-0.0033780013283052903,-0.003006182882426911,-0.0038723364643104773,-0.002233275525846434,-0.0017803200897434919,-0.0034645484536406685,-0.0018748452642773981,-0.0017656414423184053,-0.0010838315865386214,-0.0005721472129991778,-3.461793348163573e-06,-0.0028052708085945137,-0.004092586132738617,-0.003245600563699469,-0.003210899133574587,0.004081913762169672,0.00040133403576622856,0.0,-0.002291104427357901,-0.003545500336701869,-0.0026512841467401078,0.0,0.0,-0.004448469461685215,-0.0017954730771677452,-0.005590483018062063,-0.0009143340546259916,-5.551115123125783e-17,0.0,-0.0006871815613821498,-0.0037275328962051296,1.3731154806646158e-06,-0.0048795517990782855,-0.0029975626045821106,-4.799689279364351e-05,-0.002411663631923785,0.0,-0.00477788411879865,-0.004496365999211096,-0.004182989715774689,-0.005431502868805729,8.404546166961646e-06,-0.003482414830726222,-0.00410268419971075,-0.005263935754585831,-0.004403822022251004,-0.0043042660351461344,-0.003677078006205409,-0.0035763930279314694
-0.002337880956589786,-0.0012965878229161466,-0.0022094563832798686,2.0704699910803804e-05,-0.002628985693452305,-0.002303691441162385,-0.003038299475869537,-0.002457205265377541,-0.0024743059640601963,-0.000932233280745311,-7.726397996263347e-06,-0.0010164935856190518,-0.00261451291373783,1.16694543619829e-05,-0.002373202295014538,0.0,-0.0016016050428577198,-8.425496989718276e-05,0.0001305303428363676,-0.0017906757752597713,-0.002536170476321101,-0.0012359624591577636,-0.003156844157928015,-0.0014370001012526598,-0.0006480366596388065,-0.0020667950465515284,-0.002415074637512802,-0.0019377554670886733,-0.001849432271263343,-0.0017619931301214467,-0.0011690010342135114,-0.00045170697048687333,-0.0006968494380560088,-0.0013609721254746745,-0.0008433580125917111,0.00047254228588972216,-0.0007521558409908219,-0.0009787089472301596,-0.0016232420957478962,-0.0006864440937165073,-0.0017339228192813476,-0.0020907132027032697,-1.7904378201746745e-06,0.0,0.0,-0.0026996423530532446,-0.0023279376403725336,0.0,0.0,0.0,-0.002069428876632061,-0.0009154505260863674,-0.0012930231198079833,0.0,-0.0006310168449762936,0.0,-0.0017316475559663084,-0.0013492159094231823,0.0,-0.0034784416478746993,-0.0014305985035085458,0.00016067551971465054,-0.0012943742354296485,0.0,-0.0031547502210260143,-0.0022001533933796364,-0.002328257071988458,-0.003963495999211919,-0.0019257934498675645,-0.002025657281665254,-0.0027341690585565817,-0.0025967343632566555,-0.002670722711485174,-0.001906339412667801,-1.1102230246251565e-16,-0.0018533601844603182
-0.0022261275794939217,-0.0011889555284810348,-0.0023430790285117386,-0.0013388086629025826,-0.003494515075347214,-0.0019618241875596597,-0.002765720644761447,-0.00048608067208292014,-0.0034052256143294163,-0.0013328191943702277,-0.003676143750325476,-0.0020575500946260574,-0.0024251231684198384,1.1255525797663043e-05,-0.0018271004395620208,-0.0016016050428577198,0.0,-0.000927298034050977,-0.0033166194950105332,-0.0014623178790302471,-0.001654715968213384,-0.0017599298200537646,-0.0019363585726748544,-0.002601681115598488,-0.00031597982805383435,-0.0017057318930796255,-0.0020870410240320407,-0.0015506977374026283,-0.0024716100867028233,-0.0009092804754876638,-0.001733231885085447,-0.0017374512253809915,-0.002396512286439664,-0.001582394888940333,-0.00040634775890406735,-0.00281530117398334,-4.964835727582723e-06,-0.0008755263450806125,-0.0018826419480649525,-0.0006802199247418384,-0.00302404951232043,-0.0020533623152672034,-5.551115123125783e-17,0.0,-0.0003192513047406956,-0.0015744413678160673,-0.0008369187335743375,0.0,0.0,0.0,0.0,0.0,0.0,0.0,-0.0034813984668701533,0.0,-0.0034603052653556575,-0.0006831198811429337,0.0,2.0000735101918476e-05,-0.0023762595391213534,-0.0028658926531755077,-0.00289560522368317,0.0,1.1102230246251565e-16,0.0,-0.0004117093740550882,0.0,-0.0036247943746418685,-0.003117269443823398,-0.0030934501336768597,0.0,-0.0016996819809738581,-1.0790196021396145e-05,0.0,-0.003638752355576778
-0.0017112547267721994,-0.0014224111500500112,-0.0020147191907170544,4.100401057691293e-06,-0.002313074788414031,-0.0017802966171550556,-0.0022389032029002396,-0.0011103521117538828,-0.0017574956927384332,-0.0014214719751286897,-0.0037332738632776985,-0.0013444141162973794,-0.0021738271369597297,-6.820978505212205e-06,-0.0023010493222428907,-8.425496989718276e-05,-0.000927298034050977,0.0,-0.002523803180895316,-0.001106121432569041,-0.0013169147460671533,-0.0014046989154420952,-0.002409812138179662,-0.00219905533619715,-0.00028494904208483784,-0.0017917311768205289,-0.0018258570342222496,-0.0017543212875698966,-0.0014345832946515637,-0.0021281633544828213,-0.0016243152527465063,-0.0012396816516972646,-0.0020088376796197124,-0.0013108563061260438,-0.00026543210649030265,-0.0009169984797359878,-8.274569018590852e-06,-0.0005977752307932716,-0.0013673579476738088,-0.00034970862750411817,-0.0017458216615558076,-0.0018207734773373336,0.0,0.0,-0.0004439808475295929,-0.0022351992753249328,-0.0023232503796510773,0.0,0.0,0.0,-0.0017430301898653047,-3.489651385871452e-05,2.2216032546320587e-05,0.0,-0.0017069777735660746,0.0,-0.001944354786601127,-0.001698543343382024,0.0,-0.0034046782290914315,-0.001609959211398068,-0.001919277802199026,-0.0018939429449289665,0.0,-0.002740777364093132,-0.00271788796967179,-0.0018650854860955413,-0.0022395669757464174,-0.0023543113980753184,-0.002322669878328407,-0.0025443782781529242,-0.0015178935603115755,-0.0014896794317371192,-0.0020728297803733094,0.0,-0.0019288702619136427
0.0,-0.0015372084990592791,-0.002408665232505879,-0.0038687288294590168,-0.004529845222120889,-0.004508821192694418,-0.005275144083500094,-0.004867768901167533,-0.0027379310703901814,-0.0049642672522040255,-0.002586686959502732,-0.003100177219316348,-0.005450702990069974,-0.0036294102797700036,-1.1102230246251565e-16,0.0001305303428363676,-0.0033166194950105332,-0.002523803180895316,0.0,-9.41108450040628e-06,-0.0009866909977338818,-0.00131793081532543,-0.005145489421505718,-0.0030112311500218856,-0.002833705933590151,-0.003294097045179276,-0.0020781649949773214,-0.005096260335531886,-0.0019260191838327274,-0.0031443006574987374,-0.0052593237742467516,-0.004491085216840673,-0.0031632500521052835,-0.005022211838941042,-0.004068993164404428,-0.004315742128394028,-0.004316295923331263,-0.0035181899994568278,-0.0040408853679318475,7.759117895158339e-06,-0.002276411249497873,-0.0018110932978842537,-0.005612082312853967,-0.0021026642604712554,5.563655440008278e-05,0.0,0.0,-0.008589728145693008,-5.551115123125783e-17,-0.004724730955732987,-0.004632072579903958,-0.0045094793374641715,-0.005763814316373363,-0.005418551026930805,3.852109305241685e-06,-0.0062485423786079455,-0.002130081747949485,-0.004813598844534253,-0.005512033969085492,2.220446049250313e-16,0.0,0.0,0.0,-0.006012862659282677,0.0002507454096504746,0.0,7.648524422243546e-05,-0.005310881978002111,0.0,0.0,-5.551115123125783e-17,-0.005377632109892333,-0.0027316510488295614,-0.0019479400093595648,0.00015911874928171835,-0.003141577309959525
-0.003203100745357612,-0.0018621397727883395,-0.003947635140464103,-0.0014948996028316002,-0.0032717084649265885,-0.002263056614938281,-0.00326276960474083,-0.0038391096792408375,-0.003204630114231771,-0.0030236437068051772,2.9227928855671666e-06,-0.0011989840047184187,-0.002483698808453294,-0.0008699912661066333,-0.003060601554020284,-0.0017906757752597713,-0.0014623178790302471,-0.001106121432569041,-9.41108450040628e-06,0.0,-0.00400989541270342,-0.0012442469700508529,-0.0017598165360246452,-0.0018482204963014986,-0.0016942291459275379,-0.002593438268855431,-0.0025093455683923636,-0.0019661681317100187,-0.001141832481206272,-0.0020856636625056126,-0.00217589414265155,-0.0009363585740084148,-0.0009929235982244315,-0.001842996742681154,-0.0010868716116834063,-0.0016246774278619379,-0.0013313842788818379,0.0005477833392584812,-0.0025229441075918877,-0.003320886578122675,-0.003222591504149027,-0.0031792513172898356,0.0005926466644934661,-0.00029245343031395735,-0.00022961252759382727,-0.001169270593263418,-0.0024909493346985554,-0.0029364007496642036,0.0,0.0,-0.004330028447735343,-0.0024403222254651973,-0.00515473547000737,-0.0017409881334390328,-5.92623247828199e-05,1.1102230246251565e-16,-0.0006217838850235663,-0.004191551164675153,-1.1102230246251565e-16,-0.00456691453546988,-0.002729464560505241,2.848200162994384e-06,-0.002545953067366034,0.0,-0.004524624121703212,-0.004698338140177028,-0.003323146507517136,-0.004947913207964076,0.0,-0.001784131488828283,-0.00317073242876729,-0.004523228471031117,-0.003989082228273839,-0.003943719674768797,-0.003923236737762344,-0.003853792064847163
-0.0007610205991479784,-0.0023386093687299265,-0.0031882472700890383,5.5007722036634526e-05,-0.003906728779261386,-0.0039448210991597146,-0.003767376901021494,-0.002298858953988244,-0.0028449203189789833,-0.0008681776912370391,-0.0019163209271880486,-0.001849668154958211,-0.0033647271096847666,-0.0028900331013781747,-0.0037423985280395965,-0.002536170476321101,-0.001654715968213384,-0.0013169147460671533,-0.0009866909977338818,-0.00400989541270342,0.0,-0.0030288769753999832,-0.003452182135381782,-3.6626393626642536e-05,-0.0014572578456355342,-0.0024724415302805973,-0.0039375326398186465,-0.0029311622112380372,-0.0030467457471451296,-0.0035979807822738266,-0.0019105164877969809,-0.0015293599037445845,-0.0027863244571929967,-0.0014372484982944755,-0.001792243687355865,-0.0014243312650290326,-0.0012821159069594929,-0.0018176967751857471,-0.002815544525687523,-0.004630705607756009,-0.003652726045458039,-0.002374839619168723,-0.002895316560465761,0.0,0.0,-0.002344800277643706,-0.003846572574579416,-0.0022870387105395624,0.0,0.0,-0.004341832515804,-0.0033342814993388686,-0.007676876016927782,-0.0009418047538053371,-0.0018885934295065985,0.0,-0.0007220564831616732,-0.004424275803612865,5.551115123125783e-17,-0.004115736865724781,-0.002918615604668181,0.0,-0.0022992433540720424,0.0,-0.005321214832608821,-0.0038606199524776627,-0.00441375428474686,-0.0052091823123521395,0.0001938928810007128,-0.0032218327233296024,-0.003702294291560573,-0.0054192681709626725,-0.004249160779155244,-0.004451156245833372,-0.0025700460532510896,-0.004611068454456246
-0.0028677760080263264,-0.0008670817627006106,-0.0032866948457996163,-0.0012973324025035821,-0.002609568219995278,-0.0022217463831571433,-0.002975080546809733,-0.002726441253763055,-0.0028083677549342826,-0.001641207970216162,-0.0005639013446533143,-0.0024685388716902917,-0.0025759767849948137,-0.0005158597559176934,-0.0018449484833158451,-0.0012359624591577636,-0.0017599298200537646,-0.0014046989154420952,-0.00131793081532543,-0.0012442469700508529,-0.0030288769753999832,0.0,-0.003164001857828998,-0.0012977581380981598,-0.0011200617614929695,-0.002010581540592469,-0.0026009792397422874,-0.001749215124975581,-0.0018564291956875152,-0.00160489529187338,-0.0017627978157907143,-0.0009283423774786533,-0.0007134560410020805,-0.0014904199688713596,-0.0011528154524243397,-0.0013455541953170252,-0.001429324087886376,0.0007023492215225449,-0.0017401155466731362,-0.0013314129452260469,-0.0020205628366015346,-0.0013294583916500578,0.0025240576291778723,4.8433721225739025e-06,-2.0820341239482252e-05,-0.00264195044076617,-0.002020299893621322,-0.001512344841835759,-7.550593684123563e-07,0.00010167894755041981,-0.0023546401090108553,-0.0020298901027262055,-0.004290755729668365,-0.0020979546280423325,-0.0016187782484269968,0.0,-0.000791774340232634,-0.002709196967941864,0.0,-0.00394035033776472,-0.0012341042155587314,-0.0008060594738296153,-0.0013499900005840178,0.0,-0.00394496064324978,-0.0037308551180917464,-0.0028434621297129432,-0.0044349178044570245,-0.0014247503631444284,-0.0019240623752499646,-0.0027938446565644393,-0.00381022727329714,-0.0033037585808216537,-0.003127366619654633,-0.0006649137359651155,-0.0021070019160557545
-0.00232187703175717,-0.003414842166727739,-0.0041285092013363086,-0.0022803569603069085,-0.003808373480223443,-0.002919965167928301,-0.004606940070272832,-0.0025515426483786303,-0.003555862038482221,-0.0033111747590814674,-0.003969501943489119,-0.002124481944690255,-0.00412657910265136,-0.0030437951929629323,-0.0029565532163645966,-0.003156844157928015,-0.0019363585726748544,-0.002409812138179662,-0.005145489421505718,-0.0017598165360246452,-0.003452182135381782,-0.003164001857828998,0.0,-0.0015471378046164619,-0.0023294712582864682,-0.0027560561106517605,-0.002280086038133191,-0.003425109463569972,-0.0032234600735676945,-0.00325580946975586,-0.003353573930453068,-0.002902896010809541,-0.002910868366448745,-0.003225917853263116,-0.002695250952840196,-0.002754218985894558,-0.002717907845301239,-0.0031431243941682494,-0.004226400942079515,-0.003795608285954917,-0.004471599344279207,-0.0034745569732753433,-0.004363593442602423,-0.004301927279977427,-0.0015385569486258666,-0.0023102381333558533,-0.003957229517944818,-0.006889673127468747,-0.0024884491576816397,-0.004184639230053407,-0.00475670744277432,-0.004366500094716116,-0.004654092302513227,-0.005509294607598305,-0.0023509860466043673,-0.007066626365095913,-0.0015853322601368982,-0.004627279750112652,-0.004954241972261864,-0.004828523275833501,-0.003584581963047866,-6.928561889164975e-06,-0.0029987708138013176,-0.006840976410566093,-0.004921556159843529,-0.004635667584661866,-0.004365459531680578,-0.0037367223288869854,-2.670129803979476e-05,-0.003469472199927678,-0.004398776866119251,-0.004585690508358568,-0.004366469108464207,-0.0043480819500908,-0.004148121758928888,-0.004637524887620051
-0.0005021614743414216,-0.0012476993030232299,-0.002353383413823411,-0.0010575831353349116,-0.0034269457497093105,-0.0005314418014848255,-0.0008661054623976729,-0.0006956372316193959,-0.003153200575563354,-0.001722055544434345,-0.003631794642578914,-0.0010037788431311316,-0.002111581762947927,-0.0009263699809231966,-0.0025287444948454653,-0.0014370001012526598,-0.002601681115598488,-0.00219905533619715,-0.0030112311500218856,-0.0018482204963014986,-3.6626393626642536e-05,-0.0012977581380981598,-0.0015471378046164619,0.0,-0.0020718559128790554,-0.0018444863895052664,-0.0008633710256004592,-0.0006332020664438052,-0.0011039319207229938,-0.0007304729217063981,-0.00214519210392918,0.0013146130551627956,-0.003255129972261213,-0.0004214585391245296,0.000896544381878301,-0.0012056378857598178,-7.504861534152593e-05,-0.001557671896680705,0.006338869664564408,-0.0025235725514702275,0.001772088774537758,0.00042641761447116764,-0.000513671324724677,-0.0002941965755110834,-0.002154354462080919,-0.0013123208737462276,-0.0025828187662355648,0.0,-5.551115123125783e-17,2.7366550134266885e-05,-3.983819607323276e-05,2.3450454433629118e-05,-1.6653345369377348e-16,-4.8751164526255746e-05,-0.004633807590513209,-3.58640512235775e-05,-0.003647420558408189,-0.0016748385486714844,0.0,0.0001343840554695555,-0.002961021946825604,-0.004347609234539364,-0.0035218710810182297,-3.334958430874687e-06,-0.0004012617102731986,0.001997187598239789,-0.0012667798076516608,-0.00017267798664276612,-0.003522849603801676,-0.0036538753245173965,-0.0036347293039282157,-0.000705436538473215,-0.0007833378458114995,-0.000988522355405277,0.0,-0.0031102741657375787
-0.0015961392111684817,-0.00030667175841215416,-0.001406698304782648,-5.2262239893526636e-05,-0.0024387853715960063,-0.0014883057187646698,-0.0022010060314956613,-0.0013737734575934445,-0.001976807415449986,-0.0020112528718351013,-0.0035237196022313683,-0.0016276633342454095,-0.0021075502155204003,-0.00036836600761140827,-0.0024686400526267457,-0.0006480366596388065,-0.00031597982805383435,-0.00028494904208483784,-0.002833705933590151,-0.0016942291459275379,-0.0014572578456355342,-0.0011200617614929695,-0.0023294712582864682,-0.0020718559128790554,0.0,-0.0009717028100211482,-0.002078796770807131,-0.001892687198551018,-0.0015599027567575394,-0.0010018577744938038,-0.001548155754703603,-0.0007559234441222654,-0.0018937288928596412,-0.0011965643780149906,-0.00018475832543918535,-0.002264359742097686,-0.00025497402356423676,-0.0009872915695183426,-0.00204705574955179,-0.0011148945351440256,-0.0021052026704989637,-0.002544285699312272,0.0009732158736693976,-5.551115123125783e-17,-0.00034093129514171504,-0.002013550710413482,-0.0027064312048301732,5.551115123125783e-17,0.0,2.220446049250313e-16,-0.002269206039455301,-0.0013186035571418012,-0.002694524603036382,-2.989400126589676e-05,-0.002762374587694079,2.755955898299192e-05,-0.003008232950294722,-0.0024665664164583534,0.0,-0.003842846613484664,-0.0020686027300755934,-0.002845662603435422,-0.002415341644534145,0.0,-0.00234990440511369,-0.0027488129476960915,-0.002604323879598346,-0.0031366170246096866,-0.0032136235644978197,-0.0028273455054062843,-0.0029113205845171146,-0.002629223673643632,-0.0023756361388198397,-0.002613735197717301,0.0,-0.0022767417801118142
