0.0,0.2683412519009031,0.14475873559267433,0.0,0.21743116559519216,0.18669850910959787,0.21098338335379874,0.20880587146191198,0.190600065551869,0.18353074121683083,0.19348679623173556,0.16432359464175741,0.2646171441480709,0.21094711532398266,0.18077518061086212,0.29732797513937304,0.1656843561880126,0.2255300685459719,0.0,0.23811848183003642,0.13535903233427848,0.2526773754675504,0.20384648544375328,0.19384391875792603,0.18915179733142917,0.2638879328871998,0.21300309079472146,0.21792807552956114,0.2342474004002789,0.21323481234799574,0.22811009406743507,0.26210391210018336,0.23356503132314246,0.18636514276596267,0.1647108123955433,0.2737336763102993,0.20841464819876204,0.2074348717062298,0.2262656859995603,0.26796404104189114,0.2122981261900724,0.2079866489951766,0.20722095609085803,0.0,0.16660550144102007,0.19092276958284082,0.26185382154423975,0.0,0.0,0.0,0.21055078638771302,0.0,0.2581579744436103,0.0,0.1866408057273306,0.0,0.2272547939079235,0.28885447249512136,0.0,0.23617176833143486,0.2666789945223507,0.15912049431393974,0.24444861999311496,0.0,0.21048222267523922,0.18806246849336394,0.26428989430112027,0.23983031893364087,0.20822012137221377,0.2715654289039294,0.26100840048030005,0.20930031180292735,0.1957816153601552,0.24440360615912413,0.0,0.21303461772145652
0.2683412519009031,0.0,0.2603694428216132,0.1747287488822615,0.19125616021656905,0.19815424346686777,0.20019951117772178,0.271671643472154,0.16746444973662714,0.16585685592867694,0.165360478516334,0.18361477917506785,0.207235861506696,0.1678717809573195,0.25240397116130836,0.24687088577183264,0.2322111705974193,0.24073411922331886,0.259257793291983,0.21703061595927028,0.26330368788462,0.259036598732508,0.27748306668097444,0.19349405045280274,0.1958010581255872,0.18986463298310913,0.2357928632377972,0.20273861432873713,0.1804477355333558,0.1993731739772101,0.23060647534069975,0.20066797474495074,0.1584065988568074,0.1957861851484985,0.21774811619796222,0.20951689216026959,0.0,0.0,0.2247781316156899,0.263338555071639,0.2145758283919492,0.24372081632679643,0.23402559979492984,0.0,0.0,0.24904622089602807,0.2515737794201761,0.0,0.0,0.0,0.2427825861071519,0.25754180235313856,0.23096390465826783,0.2735355245769375,0.2518183113374713,0.0,0.23133689094270032,0.25937131995171087,0.0,0.24706178758268205,0.24438478868450408,0.200057103254707,0.24611955834433047,0.0,0.25505855327744165,0.29235892280420356,0.27696886848159913,0.262242070882182,0.18861558316774257,0.2505233682125303,0.25414791789277924,0.24476914864664778,0.26477538672557704,0.25555797014394155,0.0,0.26822109948117173
0.14475873559267433,0.2603694428216132,0.0,0.23145088599543082,0.22872115226946996,0.203146302698637,0.25125417470988354,0.2659217968646376,0.0,0.23885581032052083,0.22259425858129978,0.2515252193980242,0.26573749580164513,0.24653997664312566,0.18383110548547266,0.1789875488571774,0.27687572477538214,0.22897551568762228,0.15827779741779452,0.20693121651457771,0.19703360016770796,0.2504232514045574,0.18704023148905508,0.21436431143460133,0.2178056418267581,0.2229391563901902,0.16864838584412534,0.2723803068960097,0.2711600578953044,0.2771899183961741,0.268775721726077,0.2630649863813429,0.19611341357389733,0.2715873677012604,0.24440082533870922,0.2612361447219496,0.22870754273954136,0.2256378989779602,0.28445303218577855,0.20773069637244715,0.2269043500312296,0.24487548263592743,0.2868796163477193,0.28900830745097367,0.0,0.0,0.17951103441023103,0.18321272038929115,0.21958699068278809,0.22414659485648628,0.2682972380746991,0.25652792478969316,0.2826880529686021,0.28851138976094454,0.18406528714461587,0.2416303668755099,0.2989720948316205,0.26649399966138243,0.24873155897660723,0.1578134358322447,0.0,0.0,0.0,0.12007920656062095,0.2871019074947179,0.20138150148222478,0.10948285936510187,0.2793523526694509,0.0,0.24009813491463625,0.21285299133667893,0.2945262445102752,0.2392570998198983,0.26454847132621634,0.2531707329954549,0.17529271552689343
0.0,0.1747287488822615,0.23145088599543082,0.0,0.1669988169802293,0.2345547442000321,0.15016752762658248,0.24382219681293466,0.2675561935684898,0.0,0.2080960783099897,0.13868044484375894,0.20806678548047047,0.23410557245256264,0.252443305480479,0.10894216211853593,0.2338450685234053,0.20677752557943463,0.23911356031088854,0.23481928115295936,0.19596910468312734,0.2218513822376315,0.24769915770204076,0.11859821282328971,0.3511083522701295,0.2146849366916881,0.25127994070702075,0.1705864472002982,0.17760036985377925,0.20983098752204485,0.2195151147386008,0.16109726535164925,0.08441607645618628,0.11406780356456693,0.1226943719780598,0.15948866897090586,0.11162682218321072,0.11691145319694447,0.06448391368873356,0.1594262922255052,0.1595716264285682,0.14556399183066399,0.0,0.0,0.0,0.0,0.0,0.18839558724926186,0.0,0.0,0.28258263092796604,0.0,0.19878042003541374,0.13802903275498357,0.0,0.15426155613516818,0.21202884878490796,0.20368001674679576,0.0,0.0,0.0,0.0,0.0,0.0,0.0,0.0,0.2062915538661726,0.27675582797835907,0.0,0.0,0.0,0.2234903580038051,0.1914844995358453,0.26042497692993627,0.0,0.0
0.21743116559519216,0.19125616021656905,0.22872115226946996,0.1669988169802293,0.0,0.1788801783316447,0.1729869808126966,0.27178029593083297,0.15303349142487935,0.2831066829601319,0.15660542180857667,0.2079558329879075,0.2540938790448014,0.18831638612236906,0.24175251252888819,0.2480880669812889,0.27085530697287863,0.1804164902102944,0.2087590556768422,0.24129403214438908,0.2656503185581747,0.21820381949333686,0.2060894996673224,0.23140917836293454,0.21615474548587219,0.21012207113648657,0.20971172713987452,0.2068983206305839,0.2420217609045461,0.2087463958392649,0.24692343596018013,0.18149812107830895,0.16831061686512178,0.25067864575637383,0.19669864493252925,0.1510975874440854,0.08520186318898958,0.18645391725690874,0.21450562355161423,0.22283494568098833,0.2045420852004269,0.1786322879670623,0.246582089879599,0.20136058893891498,0.15777444581881778,0.0,0.14446252593783349,0.2666707303471598,0.0,0.24735353750106157,0.2568662267963251,0.27250825069350054,0.2264011129319013,0.24903591464396108,0.0,0.2214388708953585,0.153331408467788,0.30528829319078465,0.22914299462235105,0.17510614623841214,0.20436273387280576,0.0,0.0,0.27315170102781694,0.2034779600792319,0.20831698069896612,0.23489062549907158,0.27171894929597995,0.0,0.2082106267532814,0.24248279635609946,0.24483820294155775,0.2552852241447699,0.21798722649808705,0.0,0.2552390311471373
0.18669850910959787,0.19815424346686777,0.203146302698637,0.2345547442000321,0.1788801783316447,0.0,0.21454653923820477,0.23867340332813974,0.16705242129374598,0.24791274722102502,0.19977002642566324,0.2870182803133444,0.20444105597744186,0.22022146531522843,0.27065818202510683,0.2415634685523226,0.2013948560511167,0.22776651579891136,0.24289072547339355,0.19519032236028913,0.26918019526164627,0.18934148540042153,0.20846804950244888,0.13285662430863987,0.2041829293121903,0.26532802341506717,0.20995158752756746,0.2414312332673072,0.19103256545787928,0.2645810494603839,0.2680112276426042,0.22092489520388928,0.28273936642581154,0.25570525089646184,0.2529000293929744,0.2525305492727216,0.23415178411679996,0.21902500757455243,0.2555880295027019,0.1265515671571463,0.23464877351824834,0.1968958133792378,0.2757178452296303,0.24879371754214155,0.10999672164799003,0.2517771520217147,0.2435518590387076,0.27370736450005345,0.2926206112045363,0.20111308584495824,0.27069450397909944,0.27522533068608396,0.28454420652390305,0.28515083206184494,0.2823925157578852,0.2662264309385863,0.13231002559461758,0.2734800065661933,0.2747764103694263,0.25993103481341034,0.24348659097183456,0.0,0.22758172646939748,0.24360330050822324,0.2481058105314854,0.1768687065354807,0.26227276102501035,0.26078284585724193,0.22373753989510148,0.22588529564200963,0.24355865618283407,0.26834816574064374,0.24713977212829366,0.2653252252359445,0.2124354857303431,0.24270066853285754
0.21098338335379874,0.20019951117772178,0.25125417470988354,0.15016752762658248,0.1729869808126966,0.21454653923820477,0.0,0.22417820915427208,0.2344306118547635,0.22845724196476297,0.23415156433744513,0.0,0.23727379709399768,0.16925498708926076,0.22601547366488972,0.24655808817682637,0.2509322329008688,0.2199978345745339,0.23735358071945145,0.230224072956249,0.20539767257770017,0.2216043794485023,0.24418517818983668,0.17757623785537485,0.2200144208557232,0.2501806641571662,0.21766358670668193,0.21223673854523212,0.23279043711454894,0.2233001683678592,0.22695813596969808,0.24191757397780084,0.18833379218254917,0.18234909940674898,0.10325706763707178,0.21997036525753833,0.17288959625464567,0.23004901856282423,0.2385728781454025,0.1720086848759447,0.1473551794258655,0.15890135598489769,0.23459672332715165,0.31172031143510665,0.18749543510209407,0.0,0.24121759881625537,0.20636260969529277,0.0,0.2515855308958876,0.2605910514367249,0.2651091542018608,0.2435225906682698,0.29905968272865585,0.26012058773714225,0.22490593466974232,0.20734675034689684,0.23419536102717473,0.18651880270261617,0.17118908552817444,0.2246252697839456,0.0,0.21928679025385392,0.2915820495147091,0.2726632956646101,0.22633255761885396,0.2772239860695414,0.26058148229495404,0.20677032672652298,0.2709437167788822,0.2552448534492164,0.25047397606116995,0.24199396172277884,0.22702447403359466,0.31368257591082815,0.2335795941962193
0.20880587146191198,0.271671643472154,0.2659217968646376,0.24382219681293466,0.27178029593083297,0.23867340332813974,0.22417820915427208,0.0,0.2655230942051699,0.2352176192200215,0.2098193082806784,0.25859369047767683,0.25207703056525227,0.30593055221251286,0.20197163818861463,0.29348715021872457,0.18333165510979177,0.2521344267278902,0.22146837512842416,0.21524173179566958,0.2085732254448724,0.22554738873799535,0.2305116657025422,0.1304494323304409,0.23847828832037418,0.2319194669648782,0.2323909416368061,0.22770660447910712,0.20918076263432192,0.2083377895718589,0.2399744779298016,0.2153067470869703,0.19727298018485723,0.2353737876670019,0.17941829973100576,0.2618988452862607,0.13724372777393812,0.23061058737587403,0.24728767091248333,0.2323103151065851,0.16378290848235444,0.24432815487854814,0.24182957396493115,0.19498441397674413,0.0,0.253084998268985,0.1892803960561651,0.2814931487553485,0.0,0.2449704151083448,0.27709297738476235,0.27403399148976015,0.2339073367036885,0.26813411343968263,0.28379862987537363,0.24044632648812728,0.4068329451416459,0.2570653432682721,0.2509170473885604,0.29300658766054377,0.1989869645501814,0.0,0.24843530754688706,0.2859946853970602,0.28458927631492387,0.2524034978124927,0.2217629063002336,0.2738637661300227,0.0,0.2113353623201368,0.19192149890082336,0.27144773504390923,0.24124942038668243,0.2708795203397384,0.21851346389943202,0.19168381213280858
0.190600065551869,0.16746444973662714,0.0,0.2675561935684898,0.15303349142487935,0.16705242129374598,0.2344306118547635,0.2655230942051699,0.0,0.2702307250964686,0.1502477982553896,0.2523790103267822,0.24473494514567928,0.22276671918035895,0.2966840011923061,0.2313972012977802,0.24855958826539126,0.23054676003606397,0.12884170244079765,0.22500385932294828,0.19774314631401368,0.2191052207854019,0.22108720415641755,0.2546780854707638,0.21221394032310856,0.26147697342527354,0.18694947165781206,0.27152470522990263,0.20393733467684444,0.2652162309872348,0.2702724462233923,0.27978030697611833,0.24465165010481835,0.2762896924244249,0.2524595324130972,0.25973806348865347,0.256184865059237,0.2748814121597511,0.2603127172995014,0.19428729859202942,0.19894133347341245,0.13817467123871938,0.24487271415394554,0.21427587336434606,0.18838228307404817,0.0,0.20769055449131557,0.2858312191393116,0.20627712059085393,0.2963780851230412,0.29979095169712877,0.30811176995018363,0.279786057647817,0.25829710205009626,0.1484458266520586,0.27210631242360145,0.17373229577243005,0.26264542890931986,0.2710225946924061,0.23084585224485554,0.26157920210791263,0.0,0.0,0.26123695536635605,0.28372622796786373,0.30104760075603737,0.2549307921180021,0.2867012178582453,0.19739798271090925,0.23626842275954318,0.12354583204359113,0.27551581600899816,0.23806968913409976,0.2630307905037704,0.23104847364966727,0.2937215894518921
0.18353074121683083,0.16585685592867694,0.23885581032052083,0.0,0.2831066829601319,0.24791274722102502,0.22845724196476297,0.2352176192200215,0.2702307250964686,0.0,0.26756193774829296,0.19183208386202938,0.24523874518296485,0.25077299435029154,0.207077328620583,0.1648381412120505,0.25751038661887143,0.19616956365485735,0.26101824936220847,0.2054401351897984,0.24081690201428257,0.19725471937341832,0.22580903191002932,0.17061513559024424,0.2795377451589183,0.23033486364432715,0.2188446946409432,0.26846732214002883,0.1948853614786043,0.18404339039672737,0.272084303095388,0.11619542754457766,0.261183826197461,0.2566204607282827,0.20141952818141926,0.19861786344797958,0.15714404267706142,0.20465686931691743,0.0,0.21386888967214204,0.17686611900410354,0.0,0.1312344467285319,0.14652813538665216,0.19854041108763387,0.2740281973401395,0.2435225510743409,0.151417357947346,0.22043173199763005,0.19603772066550476,0.20444475249098104,0.12714976330351282,0.2777819915658544,0.14586625898947952,0.24623507611329426,0.1863109422911108,0.24088814267281863,0.20963735938345304,0.0,0.27848212252674737,0.23717600269640723,0.2617802258361311,0.26422151130938576,0.20609566959814607,0.206368026583482,0.2582370406867074,0.20381331607486816,0.2825462154250144,0.1793726138772336,0.256181489209925,0.2490957457931664,0.25007702880572324,0.19038564438003092,0.23994501327288464,0.0,0.2798797401638378
0.19348679623173556,0.165360478516334,0.22259425858129978,0.2080960783099897,0.15660542180857667,0.19977002642566324,0.23415156433744513,0.2098193082806784,0.1502477982553896,0.26756193774829296,0.0,0.2357167323788819,0.24174002695263594,0.2317472287031283,0.0,0.213383790727,0.25464274327662545,0.26221458457782915,0.1419593325682074,0.204089623930518,0.19043650829986825,0.1698847080612876,0.18261979113966048,0.2278119598710425,0.26136433635026485,0.269408927061759,0.20768262996671927,0.24106804752051708,0.1848265332198814,0.2009844585606702,0.2362299078689414,0.23537720436036316,0.24012006691435117,0.26309859370331135,0.23166176058083224,0.2643388554287531,0.2725003823887218,0.2486252779078517,0.24952130433044775,0.22639039826333462,0.25600496164162573,0.23331673947047493,0.2583682539799196,0.2820153754648082,0.1047985859077067,0.0,0.0,0.22065851214021828,0.19850880813169075,0.18273562150725173,0.27343444753866747,0.20982317066430925,0.2527825306390375,0.2621071493823035,0.20873311977777304,0.12415036952281706,0.18741052560512725,0.2519679082559484,0.24068437280839008,0.0,0.0,0.0,0.0,0.0,0.18824168435682068,0.0,0.24678826740113521,0.2607150255513822,0.0,0.0,0.4044364830810811,0.27883771355792475,0.2183094662082044,0.12082677194007774,0.0,0.24897371214905129
0.16432359464175741,0.18361477917506785,0.2515252193980242,0.13868044484375894,0.2079558329879075,0.2870182803133444,0.0,0.25859369047767683,0.2523790103267822,0.19183208386202938,0.2357167323788819,0.0,0.2114276815140622,0.23653434894183864,0.15258719344960098,0.27339290651654136,0.28986981188282546,0.2997144646400354,0.26340427192863364,0.1997213543354316,0.2224594957097782,0.18394272862858177,0.18702741083579003,0.1526406169737488,0.25550537740086304,0.19820639763674078,0.23681492435641172,0.22622179202495848,0.24629500263583134,0.13697631405803254,0.2205938638840777,0.1148446877992435,0.25760479179027107,0.16509665053810899,0.16158736207083818,0.15810034343755458,0.11730458163096585,0.10568956862441921,0.1857962492737374,0.21077261968991085,0.12273814843054091,0.0,0.1926355180175407,0.1361966653217151,0.1662297457829896,0.20924146791234768,0.22391084258306027,0.1871903300342587,0.14870142876549464,0.13403877722274726,0.1741472683746604,0.2025591147030632,0.15374052610278927,0.18215582930099528,0.25448056698920535,0.12358561395504103,0.27147285359549456,0.19621862242101992,0.24083475959300327,0.2311443863461465,0.2336524192553439,0.25014155793517834,0.2963885332215094,0.17371172201942467,0.3261773568708354,0.32363358137376674,0.22252872612841498,0.21536773417095,0.18332244894782596,0.2684265484865922,0.2456024034018115,0.11867065304019483,0.19440071836201725,0.21738820850553214,0.0,0.2890271341308714
0.2646171441480709,0.207235861506696,0.26573749580164513,0.20806678548047047,0.2540938790448014,0.20444105597744186,0.23727379709399768,0.25207703056525227,0.24473494514567928,0.24523874518296485,0.24174002695263594,0.2114276815140622,0.0,0.23397336843836403,0.24197925541812834,0.25050918208282485,0.21975940600948837,0.24597187842835863,0.252208265834788,0.24071565060395064,0.2318314543777393,0.22025040057762735,0.2593753165317486,0.16841608591920731,0.2500282295658882,0.2550428258882063,0.24363499755998744,0.21328607091154453,0.23047917637384258,0.1861651495926714,0.19086666571101912,0.25103173961966657,0.19059802077131305,0.2153602737568299,0.1546982404565655,0.24457545555819873,0.19762838900929458,0.19775340259881796,0.15464629340180439,0.1903514222062827,0.17737771610491593,0.19513448363093105,0.23876327797787372,0.1520133586073841,0.17165109601865708,0.2557577231892197,0.28227219300639766,0.28509594014845757,0.0,0.2972219556885484,0.26797019915348214,0.26614581273508375,0.2375926433016976,0.2994448820921931,0.24124343077596036,0.23263097787318543,0.17563900883996536,0.2703928243660458,0.17497555835797737,0.24371614955241,0.2187160764043342,0.18173333634242347,0.21649254764282808,0.2965656825650988,0.2510527568102352,0.2685185710590494,0.26931850071142505,0.27650396448910936,0.22036992892880408,0.23620642642734863,0.23131860621250086,0.28242782882572565,0.26413506618475935,0.255779748278764,0.20683328187312508,0.2443211304665274
0.21094711532398266,0.1678717809573195,0.24653997664312566,0.23410557245256264,0.18831638612236906,0.22022146531522843,0.16925498708926076,0.30593055221251286,0.22276671918035895,0.25077299435029154,0.2317472287031283,0.23653434894183864,0.23397336843836403,0.0,0.1808029905921431,0.2292827532547857,0.20676028329118581,0.20970198875274385,0.23024205858118318,0.21138598934390046,0.22611566197873875,0.087840333541221,0.2495846471005913,0.24977141310526849,0.20702900230068608,0.18795802781626667,0.2404640348763638,0.20456084483654904,0.14401461734311574,0.2534093399065885,0.24597707061243254,0.1603777589117819,0.1333429149431973,0.2936261533825912,0.17068266807825083,0.1832338653104554,0.12438062107512045,0.1452211874347063,0.2782327740155981,0.0,0.2784255634490656,0.30218745999031804,0.2818883826542511,0.21951943562582613,0.0,0.0,0.0,0.22430042780207105,0.0,0.24430387844032497,0.22761274893305616,0.23570395244090886,0.2704277750813122,0.19723498663854444,0.0,0.24606164856518006,0.16102921933531436,0.2600494533506098,0.20215918697634344,0.0,0.0,0.0,0.0,0.22210034986686955,0.0,0.0,0.0,0.2671273659933941,0.0,0.0,0.0,0.21821966895725745,0.311988370408009,0.0,0.0,0.0
0.18077518061086212,0.25240397116130836,0.18383110548547266,0.252443305480479,0.24175251252888819,0.27065818202510683,0.22601547366488972,0.20197163818861463,0.2966840011923061,0.207077328620583,0.0,0.15258719344960098,0.24197925541812834,0.1808029905921431,0.0,0.2571224894628718,0.1896999317908067,0.21648492812406725,0.0,0.24371819941064066,0.23314248132342077,0.2038278175540279,0.20741678446835704,0.1558945473433552,0.2219220570020131,0.21116105880315492,0.19981922421083131,0.19933661332577313,0.22806953384138703,0.22480957079876904,0.24361686717829928,0.1816240273928035,0.2564402836113225,0.21513210076803543,0.2272904434065106,0.2546353419147028,0.15629005976120752,0.16301987375929683,0.17908854423383522,0.25489611264317696,0.23111989316435785,0.1982325122587038,0.11960454588032444,0.20495960344690553,0.0,0.2592575965353493,0.28192784981783064,0.21614433421979748,0.0,0.0,0.23324101797165409,0.30906448712379414,0.25098333378522475,0.24942679124825273,0.0,0.0,0.26383671399449526,0.2512230918323585,0.20888272306773867,0.2724017045969957,0.2721447053415694,0.2407816965327183,0.3199095744648543,0.0,0.30367812981568326,0.2623515114508198,0.3147224366408292,0.3209194617077402,0.2039328453069468,0.2632124386890374,0.2526253763189226,0.27939013992001294,0.23555044739008515,0.23992570763171214,0.2070968248816082,0.2162369720778022
0.29732797513937304,0.24687088577183264,0.1789875488571774,0.10894216211853593,0.2480880669812889,0.2415634685523226,0.24655808817682637,0.29348715021872457,0.2313972012977802,0.1648381412120505,0.213383790727,0.27339290651654136,0.25050918208282485,0.2292827532547857,0.2571224894628718,0.0,0.19863441045464286,0.25195762640229546,0.19593562693320973,0.203309653902258,0.2761056000393358,0.21243660847576573,0.2887023864881923,0.24484928391931954,0.24033665522305306,0.2610298931973238,0.2600949808455102,0.22065360635369893,0.21871066157165633,0.20349890232438797,0.22456943010366157,0.19307851514265528,0.13354177854944513,0.15878167890719583,0.20763918316420227,0.2471234337899235,0.17850361820681526,0.23504031668681893,0.25904997841739347,0.21515091787242568,0.2441299878773784,0.2429310678563374,0.20651609172527496,0.0,0.0,0.21824453767111285,0.29070428298791523,0.0,0.0,0.0,0.24153251585949428,0.25352647713918686,0.3396581453583749,0.0,0.24130462800783561,0.0,0.21400923166438207,0.25583616200691384,0.0,0.2679544218885414,0.2708867195415306,0.20932262252509204,0.27862826734264273,0.0,0.24873423603831205,0.26248994012097887,0.260884111471469,0.2707144289168626,0.16846949599109406,0.30781444511070577,0.3004034596928763,0.26210399545036006,0.24345165143520953,0.2560129552843336,0.0,0.20622459485751787
0.1656843561880126,0.2322111705974193,0.27687572477538214,0.2338450685234053,0.27085530697287863,0.2013948560511167,0.2509322329008688,0.18333165510979177,0.24855958826539126,0.25751038661887143,0.25464274327662545,0.28986981188282546,0.21975940600948837,0.20676028329118581,0.1896999317908067,0.19863441045464286,0.0,0.26530203689588355,0.3032325021402897,0.17020067279321058,0.21448597975949052,0.2522581919292501,0.2028568439164914,0.25029855225426695,0.22356712670323542,0.21521791531057766,0.2195837426491627,0.3093653430804442,0.15709829474029544,0.20572312505238885,0.22566362732373632,0.22733799238856323,0.2473911956888668,0.22790974658372928,0.1842101720690101,0.2557854299142066,0.15525523016100748,0.16624569552437016,0.22927097657188225,0.1665251536130051,0.21273712565665148,0.2662679678436486,0.0,0.0,0.18992157252664169,0.2777159933642276,0.24544193327355013,0.0,0.0,0.0,0.0,0.0,0.0,0.0,0.2423852019853829,0.0,0.21904885950988195,0.18563641887289972,0.0,0.24800735468157503,0.19823292577961038,0.2493470850819759,0.2371993915486065,0.0,0.0,0.0,0.2575950456273147,0.0,0.24329462736778462,0.2907101565692553,0.2739131209555496,0.0,0.16883767305900016,0.20587597326546564,0.0,0.28437605458224946
0.2255300685459719,0.24073411922331886,0.22897551568762228,0.20677752557943463,0.1804164902102944,0.22776651579891136,0.2199978345745339,0.2521344267278902,0.23054676003606397,0.19616956365485735,0.26221458457782915,0.2997144646400354,0.24597187842835863,0.20970198875274385,0.21648492812406725,0.25195762640229546,0.26530203689588355,0.0,0.24679026814208013,0.194102684918601,0.2488150902672809,0.2009903999525212,0.2626075821675617,0.23690337416337817,0.2278113391822677,0.21285667839086989,0.25604478023187816,0.19648759507672597,0.18785350883515162,0.20620591590262272,0.19271158142305894,0.1984954548141765,0.23157710312503468,0.23718163992928126,0.15581110148902433,0.19923426266303185,0.17302294382342376,0.15849030631151878,0.2627790200136588,0.21828813226637467,0.22768604646482013,0.25035441932576696,0.0,0.0,0.21138926785285747,0.2451068306136708,0.28679846402780984,0.0,0.0,0.0,0.23274349219801874,0.2202927357553785,0.26323919126376605,0.0,0.271041851771272,0.0,0.24229295441101892,0.2540760180183004,0.0,0.2683167193134968,0.26198627705432875,0.27115600217216745,0.25204603144172516,0.0,0.21182701182798006,0.2888378716398012,0.24513790784022213,0.32876672469118595,0.2323456142948205,0.27489563748428913,0.2858971173885327,0.22048948476131572,0.28178794453228684,0.2269251266638972,0.0,0.2889752602847884
0.0,0.259257793291983,0.15827779741779452,0.23911356031088854,0.2087590556768422,0.24289072547339355,0.23735358071945145,0.22146837512842416,0.12884170244079765,0.26101824936220847,0.1419593325682074,0.26340427192863364,0.252208265834788,0.23024205858118318,0.0,0.19593562693320973,0.3032325021402897,0.24679026814208013,0.0,0.2169402010155695,0.24017479987092497,0.2703820818980351,0.1692244090611403,0.2342687600594905,0.25958829681149065,0.26286024014220355,0.18068850526375868,0.2694186558022661,0.22760838168443442,0.27258448693089665,0.255949654568576,0.2610456342678147,0.2106469616835208,0.26458482736489447,0.22278482425992363,0.2659788763874975,0.22373767441800213,0.2157209701266942,0.28890400681132467,0.19439610294807616,0.16297419563359591,0.1290673999028462,0.294456563288446,0.21641174483388192,0.0,0.0,0.0,0.25371717346486233,0.0,0.21944637724002136,0.24468228684514243,0.26470262499674446,0.2500297055545657,0.2829827762105791,0.26981904699974574,0.19163626067141956,0.224768991440501,0.2185997441123213,0.21061530194818892,0.0,0.0,0.0,0.0,0.2719836862973524,0.19945178075620096,0.0,0.2017130911219979,0.2703573250775724,0.0,0.0,0.0,0.2707837638694383,0.25335954705706293,0.17677077005442243,0.2021794775396758,0.2490846147556319
0.23811848183003642,0.21703061595927028,0.20693121651457771,0.23481928115295936,0.24129403214438908,0.19519032236028913,0.230224072956249,0.21524173179566958,0.22500385932294828,0.2054401351897984,0.204089623930518,0.1997213543354316,0.24071565060395064,0.21138598934390046,0.24371819941064066,0.203309653902258,0.17020067279321058,0.194102684918601,0.2169402010155695,0.0,0.2485154474539872,0.1814501971522473,0.17600283460668015,0.23009215507301717,0.22737405532148147,0.21736116128921512,0.2336926252022491,0.22398538786171118,0.22615727188967444,0.23308285367628448,0.23371957771713575,0.1576282646923973,0.15930480443799513,0.21952179903042401,0.2263094278934282,0.3034193203867168,0.19476913800150536,0.289545955025605,0.18321763690072673,0.2206375314879426,0.24671406878872715,0.19798611453273718,0.17278859875530894,0.0,0.15046997484646282,0.2461042580186819,0.24895401696864253,0.2484289089782981,0.0,0.0,0.22520989480347614,0.25428344916497264,0.27385002040961715,0.2173227920898205,0.3456179381530885,0.0,0.21789515172674248,0.2669417629212689,0.0,0.27941769014615797,0.21697664545877537,0.20655761180210808,0.24707728349663682,0.0,0.24516764710523242,0.2342911296713489,0.2550890199288507,0.25528683201303687,0.0,0.21935903831247056,0.2167639882557752,0.24263673171553146,0.21200237439878272,0.24464060991467265,0.2266290913770536,0.2286217864513721
0.13535903233427848,0.26330368788462,0.19703360016770796,0.19596910468312734,0.2656503185581747,0.26918019526164627,0.20539767257770017,0.2085732254448724,0.19774314631401368,0.24081690201428257,0.19043650829986825,0.2224594957097782,0.2318314543777393,0.22611566197873875,0.23314248132342077,0.2761056000393358,0.21448597975949052,0.2488150902672809,0.24017479987092497,0.2485154474539872,0.0,0.23763838592097175,0.23387559377710165,0.0,0.20662809938529692,0.2655570751983313,0.24154594074325506,0.19835729218717446,0.20565653718359067,0.2308680545634742,0.23249061657694695,0.1627937208983344,0.1970365911297441,0.19042736326292206,0.23748817163636757,0.21389561362559634,0.16836038561749284,0.23560189132549902,0.2201304461303524,0.25322734758991294,0.20537522043868,0.18664399216908434,0.25876036206397907,0.0,0.0,0.21596164168821957,0.264456760191567,0.23436823658863887,0.0,0.0,0.25755689135483767,0.2089216991070378,0.2710801435726118,0.2625241560053267,0.2857628577229495,0.0,0.32835244658934576,0.26591133618045926,0.0,0.26952883873699013,0.2586149874471117,0.0,0.25567658024392176,0.0,0.27081920280891086,0.270807577739485,0.2842659967950132,0.2596511208732367,0.23957236104852914,0.21268341304842103,0.30402938158082216,0.2535654991775943,0.24457692448360374,0.2724902712744608,0.18325039300169868,0.1730090459773871
0.2526773754675504,0.259036598732508,0.2504232514045574,0.2218513822376315,0.21820381949333686,0.18934148540042153,0.2216043794485023,0.22554738873799535,0.2191052207854019,0.19725471937341832,0.1698847080612876,0.18394272862858177,0.22025040057762735,0.087840333541221,0.2038278175540279,0.21243660847576573,0.2522581919292501,0.2009903999525212,0.2703820818980351,0.1814501971522473,0.23763838592097175,0.0,0.29016539895526544,0.16850348780579175,0.26495952857924043,0.2633736122971204,0.20862175362209454,0.23849147815523017,0.1985763312805027,0.22929299103173723,0.25028551131845883,0.210563112388927,0.18371701375184005,0.24678022910909098,0.25102413796934075,0.2434682185604992,0.2883393588767806,0.1832254636599833,0.19887023112749708,0.21309581173953324,0.22432819078216276,0.1968161156037982,0.09703163839562902,0.14153258336575766,0.1713006314384709,0.2503541672905216,0.26573223266967827,0.25417103883958586,0.20710636703223673,0.16478948673554455,0.26147092956965967,0.28191218238590793,0.2831839228659862,0.2844005269572811,0.1850167443999053,0.0,0.24015695440968113,0.27050096681320235,0.0,0.28723379590327897,0.23336561576706247,0.21772158664124855,0.2082763524299389,0.0,0.2501281011083887,0.26602075714755913,0.27135030175878316,0.27019786664073053,0.2593643952243238,0.21393857113975254,0.2532025956469762,0.2590254542714068,0.2479538772996253,0.2503512686366285,0.21460616262174093,0.24127399231096902
0.20384648544375328,0.27748306668097444,0.18704023148905508,0.24769915770204076,0.2060894996673224,0.20846804950244888,0.24418517818983668,0.2305116657025422,0.22108720415641755,0.22580903191002932,0.18261979113966048,0.18702741083579003,0.2593753165317486,0.2495846471005913,0.20741678446835704,0.2887023864881923,0.2028568439164914,0.2626075821675617,0.1692244090611403,0.17600283460668015,0.23387559377710165,0.29016539895526544,0.0,0.16136894714562178,0.2421704721718655,0.22723330921715773,0.1730803194203759,0.21528425123648842,0.22848639131932913,0.22097885225325076,0.24434251847806976,0.23411648216143055,0.22043163035728786,0.24472486952787062,0.24423756171066302,0.25237635883424026,0.24997698225361592,0.16244648834402434,0.26092518010938515,0.25065965169931487,0.25117159352400775,0.24115052256850042,0.28099707701118587,0.2901820704084467,0.22588260951183342,0.20560585720281965,0.28980372580436536,0.2758850048638265,0.2185075900607822,0.2847334605201682,0.2709140441750004,0.264467466472161,0.27390307057292024,0.29000359309396734,0.2594854254533888,0.28370231853094324,0.16345866131696385,0.2521233608634502,0.2759765776083958,0.2873098962078191,0.2918211544767564,0.20636802658348166,0.27037096991276166,0.2595889530960971,0.2671298107895893,0.2610389245060841,0.27665999297072474,0.3065007791068896,0.14986275620446826,0.27722964392537075,0.26376383979858076,0.24892337426797428,0.23711933128092197,0.27022302477002214,0.2656910276289974,0.24768802456035807
0.19384391875792603,0.19349405045280274,0.21436431143460133,0.11859821282328971,0.23140917836293454,0.13285662430863987,0.17757623785537485,0.1304494323304409,0.2546780854707638,0.17061513559024424,0.2278119598710425,0.1526406169737488,0.16841608591920731,0.24977141310526849,0.1558945473433552,0.24484928391931954,0.25029855225426695,0.23690337416337817,0.2342687600594905,0.23009215507301717,0.0,0.16850348780579175,0.16136894714562178,0.0,0.2357415169215108,0.17471281822486678,0.138999241639363,0.19466313891000456,0.25019905013416405,0.3409875325394982,0.25618865895414733,0.0,0.2092019767872158,0.10800746818774533,0.12141098852852365,0.12576706984508193,0.12108766432295894,0.15381164370814637,0.19738290013593873,0.27082369364295944,0.13837121791525395,0.21037942298018422,0.22696953750049786,0.18073223696413193,0.1926049450633786,0.1594958384040575,0.23165390816677847,0.0,0.0,0.20606290068050406,0.2251694427598271,0.16613164339205674,0.0,0.13652132304433306,0.2507814761755369,0.219080825780304,0.2324489920571161,0.19838742380697105,0.0,0.1497279902515608,0.22419821423212768,0.24190424859525728,0.24929174567783965,0.20875191104456567,0.19006256372216582,0.1339324324128096,0.15767605305317503,0.295610491363919,0.15324611800525237,0.26819805248816314,0.25874100033340625,0.18671671132716924,0.23785829282327142,0.30921712220846004,0.0,0.25100126403997103
0.18915179733142917,0.1958010581255872,0.2178056418267581,0.3511083522701295,0.21615474548587219,0.2041829293121903,0.2200144208557232,0.23847828832037418,0.21221394032310856,0.2795377451589183,0.26136433635026485,0.25550537740086304,0.2500282295658882,0.20702900230068608,0.2219220570020131,0.24033665522305306,0.22356712670323542,0.2278113391822677,0.25958829681149065,0.22737405532148147,0.20662809938529692,0.26495952857924043,0.2421704721718655,0.2357415169215108,0.0,0.13267239489992683,0.24905592955718184,0.22102889657235159,0.18511769893652963,0.17866899645903878,0.2250925992227516,0.13416207431822855,0.22691942824063688,0.19382894498201758,0.16555620513258107,0.19229400111814288,0.243641998181683,0.2058966799667155,0.2774149104557937,0.24709555541234293,0.249303037114552,0.27362288947249475,0.029927782834649863,0.0,0.1546370994866855,0.2466916200210777,0.2989017475420591,0.0,0.0,0.0,0.24276846704166147,0.2091594484135718,0.2630584916201667,0.18301656003824787,0.25330502777646347,0.20431051032431935,0.26263214060540796,0.19315005071774177,0.0,0.2582172103229418,0.2684606070594412,0.26183953617763633,0.273284745407754,0.0,0.27839451390545056,0.22744832880559013,0.27219958510675263,0.21760193572623032,0.2252304713215498,0.2896448973514823,0.2755422209980643,0.20946268299728646,0.2709619514296646,0.20343002092143161,0.0,0.26681639339467766
0.2638879328871998,0.18986463298310913,0.2229391563901902,0.2146849366916881,0.21012207113648657,0.26532802341506717,0.2501806641571662,0.2319194669648782,0.26147697342527354,0.23033486364432715,0.269408927061759,0.19820639763674078,0.2550428258882063,0.18795802781626667,0.21116105880315492,0.2610298931973238,0.21521791531057766,0.21285667839086989,0.26286024014220355,0.21736116128921512,0.2655570751983313,0.2633736122971204,0.22723330921715773,0.17471281822486678,0.13267239489992683,0.0,0.2626899200058525,0.2616604091727732,0.254050451899724,0.14042805466364172,0.2038459026771831,0.2360288154506977,0.23104692750908262,0.20472692980575957,0.22453419905704364,0.15696673154069035,0.18581768242937569,0.18335576580523044,0.24846692795419242,0.23674749782885518,0.28390471058529565,0.20518664007305118,0.0,0.22057205206574115,0.1995416970454902,0.22928180676962018,0.310967884444904,0.3110053550775127,0.0,0.0,0.2671000970811528,0.23714294618313833,0.21780652278483612,0.23667273443613063,0.24424477944496698,0.0,0.26778835233358744,0.28084541386001244,0.0,0.2815446358105152,0.28480929726413,0.23950765671382054,0.2561214117561848,0.0,0.2557454329501933,0.31309389634561824,0.31745235072811157,0.25193087437355405,0.2159737068957545,0.2806515502347928,0.26366215650308805,0.2683204442565974,0.24873737015414463,0.27044079046234437,0.20432239057157656,0.25129704960593885
0.21300309079472146,0.2357928632377972,0.16864838584412534,0.25127994070702075,0.20971172713987452,0.20995158752756746,0.21766358670668193,0.2323909416368061,0.18694947165781206,0.2188446946409432,0.20768262996671927,0.23681492435641172,0.24363499755998744,0.2404640348763638,0.19981922421083131,0.2600949808455102,0.2195837426491627,0.25604478023187816,0.18068850526375868,0.2336926252022491,0.24154594074325506,0.20862175362209454,0.1730803194203759,0.138999241639363,0.24905592955718184,0.2626899200058525,0.0,0.2333591822282697,0.2250807422287606,0.22858634480695839,0.23036001872455458,0.2047465925253993,0.1939395883795183,0.24064408213155256,0.23178264312581184,0.19768670028231258,0.2615624531051245,0.1891959109430947,0.24917770261433336,0.20496994870620638,0.23503306344475908,0.19459005729497963,0.2652207734313687,0.27266966332223386,0.15306836405370264,0.2177199397969914,0.22577729762077142,0.2736057107326958,0.20827481194909894,0.28002073064955557,0.2736263978185816,0.25849824834505575,0.24908071011194258,0.28126181235815334,0.28996349267615124,0.2780631388539813,0.142806556938608,0.26083291541489195,0.2962887272908061,0.2669814635667553,0.2801663162387347,0.0,0.22689557717530773,0.30080621873888647,0.25114844937634206,0.2559837665956224,0.24024022777504161,0.25303059994332583,0.0,0.25185277102575293,0.23569613201357262,0.2663767698346349,0.24792489064202916,0.25350457191080755,0.20297364362264222,0.2460569715826466
0.21792807552956114,0.20273861432873713,0.2723803068960097,0.1705864472002982,0.2068983206305839,0.2414312332673072,0.21223673854523212,0.22770660447910712,0.27152470522990263,0.26846732214002883,0.24106804752051708,0.22622179202495848,0.21328607091154453,0.20456084483654904,0.19933661332577313,0.22065360635369893,0.3093653430804442,0.19648759507672597,0.2694186558022661,0.22398538786171118,0.19835729218717446,0.23849147815523017,0.21528425123648842,0.19466313891000456,0.22102889657235159,0.2616604091727732,0.2333591822282697,0.0,0.21871110358225354,0.2019034598111666,0.24477800896205912,0.23643299842270712,0.21423428868484365,0.16171891653768392,0.20054307148003464,0.21128371938513263,0.13867814554702057,0.21963562782773563,0.11589926000648133,0.10291375840464649,0.14474255796512453,0.0,0.2036666664001544,0.12026564954784763,0.24589206795488783,0.2703010915095315,0.24794504228602976,0.2769979833901237,0.0,0.29726381044131794,0.27582773802819627,0.2504681360474847,0.2476781537761614,0.27328035491455205,0.26512041529540364,0.23799467947877254,0.17890797717130516,0.24300032830278362,0.174557223449623,0.2423227275153906,0.19304927136417863,0.1395543892724809,0.23990831640935661,0.3055690642814573,0.25903391902137546,0.2498693531725814,0.21654132856205854,0.27191499332959107,0.21153478196643993,0.2571803171464836,0.19650331950367395,0.27224505807690114,0.24221605733736817,0.23658385345656216,0.2160622760024698,0.24128853879210097
0.2342474004002789,0.1804477355333558,0.2711600578953044,0.17760036985377925,0.2420217609045461,0.19103256545787928,0.23279043711454894,0.20918076263432192,0.20393733467684444,0.1948853614786043,0.1848265332198814,0.24629500263583134,0.23047917637384258,0.14401461734311574,0.22806953384138703,0.21871066157165633,0.15709829474029544,0.18785350883515162,0.22760838168443442,0.22615727188967444,0.20565653718359067,0.1985763312805027,0.22848639131932913,0.25019905013416405,0.18511769893652963,0.254050451899724,0.2250807422287606,0.21871110358225354,0.0,0.21205679485123735,0.24701410040968147,0.12492040119815218,0.13982733626591384,0.23503735488451077,0.19358916991210304,0.19494359017869284,0.1736826743059703,0.19946746443075528,0.219856343284003,0.206762236816884,0.22901640920695193,0.20910235053541085,0.10832747671157418,0.2282942885560023,0.22630159142047335,0.21762988821595566,0.20797337272460226,0.2667952313037035,0.2034837703649419,0.18524530824590066,0.2584848364838272,0.2508778736377167,0.28459213268196387,0.2423955497739131,0.2674277296376074,0.16408090566007852,0.24720406916314383,0.23985368516487357,0.2559196152512117,0.2508426392170751,0.26517695935875435,0.2062893042084003,0.244419138204508,0.2536326547275664,0.2476278013752202,0.2407865934864329,0.22865772506858673,0.26867800732212654,0.20901532392587466,0.2589095767911286,0.24202326983939093,0.26107362223082187,0.23787133902589938,0.2359436371562902,0.2019196471068031,0.22188850300403878
