0.0,0.6047708588265966,0.3623584822480514,0.0,0.39688110795101467,0.4204545141250764,0.47182099074540235,0.5216177768000276,0.4255499068131858,0.47501875655992104,0.4173929878547876,0.4580073245407905,0.5573829858438857,0.5021563339440082,0.41081815654309695,0.6569710325972263,0.38294051370525856,0.5333152632394349,0.0,0.5038964888552538,0.35946262775223736,0.54248576338547,0.47057206101794524,0.5023318803028637,0.4599643143046435,0.5870794481951307,0.46820664632949954,0.48576619267079096,0.516150538005414,0.6209681124630981,0.523572377638304,0.5994394753716917,0.5231264991093614,0.4565507618118951,0.4483510476920052,0.6274686594055889,0.48027914929597354,0.48634822509793263,0.5019980780363428,0.5666426737866431,0.49414287260406226,0.524329086619258,0.4782788524571465,0.0,0.43995030584484723,0.46564666217915435,0.5567908077838881,0.0,0.0,0.0,0.4868404547977725,0.0,0.5753027239643661,0.0,0.45468009286215727,0.0,0.5271861756717201,0.7151285601031033,0.0,0.5602285474820631,0.5746556247395938,0.0,0.5358595801494214,0.0,0.45076003529210723,0.4902700528342184,0.5559071852415285,0.5853652714398531,0.5134950053977166,0.5770534442107651,0.5735605042266296,0.4509491400191257,0.40498774506658813,0.5013212470507569,0.0,0.4794312679077433
0.6047708588265966,0.0,0.5302929390659743,0.3273398533016606,0.44424648155619734,0.4520830431022529,0.4584484771688889,0.6116052145773485,0.38355851066355845,0.42720195660954946,0.3208587020194985,0.44123869327494336,0.4736651607876155,0.5336308856784886,0.5357917071838403,0.5795263857555073,0.5695978967995181,0.56838536491961,0.5988225013734315,0.49209199777690743,0.5812392400251378,0.6000574534935585,0.5866132454000306,0.43099562654028345,0.49229119685418127,0.45305646152200096,0.5068520983684165,0.48028191630916567,0.42228025519198426,0.441886567012257,0.539279714262674,0.49841671211112887,0.40510672748615956,0.479339579916785,0.527854496420298,0.47890730345146154,0.0,0.0,0.49757674433701005,0.6157247385189547,0.4803063004992819,0.5672508022810381,0.6246380815921708,0.0,0.0,0.570354527014189,0.5603187978089488,0.0,0.0,0.0,0.5475788940988693,0.5982032431090598,0.5550094302152018,0.551687204742104,0.5865861970841175,0.0,0.41481634039505955,0.5931032261826592,0.0,0.5234510946634559,0.5665732106160474,0.5897764629452146,0.5848875519447613,0.0,0.5483865994593884,0.6292451882235449,0.6085540732993161,0.5410334077575555,0.41130909821052114,0.5538136558876022,0.5570885982003317,0.5426838346570596,0.5898843691412388,0.5707175421096253,0.0,0.6009211247888844
0.3623584822480514,0.5302929390659743,0.0,0.4985489990744323,0.4725363390350511,0.4766061638021687,0.509648784149917,0.5680966463802944,0.0,0.4922134648824755,0.4811442485735743,0.5255565945227056,0.541879074915016,0.5321780226229124,0.3376791893600327,0.4023169601223998,0.6126895148592572,0.5156571493800454,0.3879148968739842,0.3668327921652801,0.3942860207064647,0.5153280770203186,0.41782498857269185,0.406977593375844,0.5073131660222252,0.0,0.42342025865223715,0.5688236576633028,0.5662971522446999,0.5619590300317191,0.5706533650157444,0.5440895874471618,0.48472078837616855,0.566071416782074,0.5280138693191888,0.5436667772329157,0.46870590680709595,0.4785682744053301,0.6068122168085407,0.4773498867143324,0.4667763770424953,0.5128231352356202,0.6001582883861867,0.6210001456767805,0.0,0.0,0.0,0.4438074390285698,0.4741182463274484,0.47390544652073224,0.5614448163826795,0.5411830812902966,0.5867674203363458,0.6154103264424055,0.37399667161899147,0.5388492140867341,0.4848583559856433,0.5551613184065239,0.5349561406390989,0.26309180527243886,0.0,0.0,0.0,0.3758976840927545,0.6289367991520127,0.45182438126561775,0.0,0.5802452456134028,0.0,0.6279037911663004,0.36174513024291116,0.6080944019024642,0.5159707757695988,0.5894160831130629,0.6817361445945039,0.42261331146003095
0.0,0.3273398533016606,0.4985489990744323,0.0,0.4114828376178067,0.5101140575207193,0.44684337829479887,0.544122893875804,0.5679201488457652,0.0,0.47632320186138283,0.0,0.49109714733383153,0.543952576248994,0.5861912753048358,0.0,0.5467797974171068,0.4773710852484365,0.5037074930501033,0.561356291450459,0.4108600250158054,0.5321728765636096,0.5649142439323245,0.0,0.8637342696093809,0.5909590850288567,0.5492777073017245,0.420071711824618,0.43834741669823807,0.4841406292941558,0.5135762102603167,0.3810368110822105,0.0,0.35207806002307124,0.430610699667921,0.36488182559774907,0.3195372564115564,0.0,0.0,0.2995151154195818,0.37907957188285135,0.0,0.0,0.0,0.0,0.0,0.0,0.4165760579523156,0.0,0.0,0.5751111741850641,0.0,0.47657899236812495,0.0,0.0,0.0,0.4938349591098185,0.4725174691521933,0.0,0.0,0.0,0.0,0.0,0.0,0.0,0.0,0.47515570716573746,0.5768809472804848,0.0,0.0,0.0,0.4710683701824351,0.5050881068721156,0.5833495995000662,0.0,0.0
0.39688110795101467,0.44424648155619734,0.4725363390350511,0.4114828376178067,0.0,0.4004498935036903,0.3918489393958166,0.5392309292961024,0.3365704029884885,0.5980695674172042,0.37619441577191437,0.5051306413970666,0.5392475382330509,0.4104781823568191,0.4806607663639452,0.5618908201588757,0.5308797659261397,0.42433975892406234,0.4268976687640366,0.5019470842048939,0.4946076456842771,0.49493718678859294,0.43425751421068487,0.49951534679575177,0.4895128827800071,0.4631675822987455,0.4442242020868648,0.5397177997427222,0.5363359550952801,0.44881734861248257,0.5253606203388531,0.38942768204053857,0.4504670600130649,0.5250785872757809,0.4470699443572514,0.37208912399333977,0.40221090050302943,0.46923958679949934,0.5303503448698923,0.6987535879898378,0.5286600113235084,0.402810827536031,0.5276521052282419,0.656525948815004,0.259988008677135,0.0,0.40747175061062324,0.5429580839798821,0.0,0.5332273746729783,0.575889276271686,0.579329592864406,0.5110925849072367,0.5246155896775797,0.0,0.46608973596565534,0.3493696584008484,0.6218940282419637,0.5200786898080022,0.2440017622686203,0.4713556349695102,0.0,0.0,0.5865630184235099,0.31307544606611853,0.477779074029279,0.36475756685570176,0.5650602586194842,0.0,0.47811964474939533,0.5401703183030555,0.5241910312949499,0.5627707525569479,0.0,0.0,0.500639876412321
0.4204545141250764,0.4520830431022529,0.4766061638021687,0.5101140575207193,0.4004498935036903,0.0,0.46487651009672987,0.5288209528854575,0.3848540962310883,0.5258486888280085,0.45240644601618973,0.6254624917124357,0.48678081578866195,0.5038167507476436,0.5588408972333834,0.5403962698576527,0.49903924791089666,0.5293898378247249,0.5072969243267875,0.4528747107112519,0.548851322198487,0.42823043070263306,0.47554460046457875,0.36888428332252954,0.4904502521615767,0.5776022114140489,0.4797395712381017,0.5518210676263089,0.4287691118356745,0.5760188010212304,0.5818760882037322,0.4898328762867285,0.6181883533461242,0.5505144634029263,0.5586212361480576,0.5589349694906102,0.5259483349663223,0.45341405365131865,0.56373372545603,0.3366702866211927,0.48293113576500013,0.49308268489270385,0.6150459919438067,0.5084882495969464,0.0,0.5792171012697889,0.518818025096705,0.5699835540806666,0.5778684783589106,0.450873405026381,0.5649631983365698,0.5880052594138164,0.606149248564607,0.5965933414517439,0.638194123756216,0.5741197724818388,0.3505385417233693,0.5788824462470354,0.5616950925453322,0.5461828076480721,0.5471209097710032,0.0,0.5291844223117419,0.518303887352459,0.539701360287243,0.3996022373552611,0.572760370569726,0.553181211890734,0.5859277739891908,0.46819744589930024,0.5082558334424965,0.5611303588092118,0.5181539061207544,0.5654210216602981,0.46938139851041366,0.5253777905663534
0.47182099074540235,0.4584484771688889,0.509648784149917,0.44684337829479887,0.3918489393958166,0.46487651009672987,0.0,0.4789383874706118,0.4758176665559447,0.522417903252679,0.4890828517878596,0.0,0.5372017748429398,0.3739026639459743,0.49702722428796897,0.5325567817838589,0.5195923814923896,0.49718604501708774,0.4841084384625042,0.48676776584246506,0.4121475463291602,0.4871008664439373,0.49453747560530487,0.4797022173481114,0.48922739701582685,0.5458726932472753,0.4384056327937205,0.5281062106679445,0.5196872928576067,0.45595742402488515,0.49186237209531314,0.5086405795809477,0.4949852934372445,0.42999511070965035,0.37328362273032095,0.5267008291738158,0.44395565458365027,0.5891673475391987,0.5936863066707971,0.4263007075723784,0.5103401673400054,0.5037691408816559,0.5383622781731956,0.7766437842883054,0.33922771079858016,0.0,0.5364338993905052,0.4382691308157995,0.0,0.515811746114048,0.5569364958181743,0.5795432096413016,0.4998748128347919,0.5980892888318143,0.571904634137234,0.46314491623159115,0.4282797107951649,0.4866642024494491,0.35665126924987306,0.0,0.5797385159734733,0.0,0.5305047947978255,0.5620593237742302,0.5783785219944878,0.4844006065522804,0.5647317122157461,0.5372811686731811,0.4755675011851461,0.5899265485908336,0.512886255783135,0.5241040536565579,0.5262299506225534,0.43964057908265924,0.7392999066244766,0.4870614332975809
0.5216177768000276,0.6116052145773485,0.5680966463802944,0.544122893875804,0.5392309292961024,0.5288209528854575,0.4789383874706118,0.0,0.5528073875657176,0.5350135508551279,0.49797745217071837,0.6018083792064516,0.5339672716282902,0.6642967192043737,0.4674614285209104,0.6449810831300431,0.45525309519853074,0.5914214192381029,0.4898682485238439,0.4324627784295103,0.4872690597520076,0.48262753605613945,0.5197102074775987,0.40010128549334484,0.5718771883006672,0.5474143585883482,0.49619102142732163,0.5049207052814814,0.46799125956840226,0.47883742004123986,0.5249894511264381,0.5410864243097656,0.5186512717966512,0.5131681130068979,0.43388385364331805,0.5317319641907917,0.4504435025416251,0.5774963798986099,0.5549550601441807,0.43744592337058835,0.37068195551157535,0.5098984307171793,0.5431728503351115,0.4663734180545627,0.0,0.5604139238559878,0.35133371110076805,0.5910405774390715,0.0,0.5646880205074698,0.5681842498080042,0.5962801687341913,0.508431484732335,0.547249319120596,0.8207934354822705,0.5204544397224864,0.9320701156774975,0.5368091534787532,0.530056282881867,0.6148665153097491,0.3855205472196598,0.0,0.671857120839242,0.6306185690036897,0.614105731104569,0.5642441997155265,0.4570945679495741,0.5845363428949443,0.0,0.44535026317243603,0.0,0.5537058334089912,0.5035054029820811,0.5714709928013455,0.47533103508997776,0.41354496998842766
0.4255499068131858,0.38355851066355845,0.0,0.5679201488457652,0.3365704029884885,0.3848540962310883,0.4758176665559447,0.5528073875657176,0.0,0.5682216612743027,0.3405914004909981,0.5466709840289424,0.5234069948957313,0.49395806926894886,0.586419868333086,0.5226260665703305,0.45059422710587244,0.5432681940498977,0.29961947899134483,0.4823806187845084,0.38726380567739777,0.49051005222506155,0.47922386214342105,0.5134994131675285,0.514357732685525,0.588123476348373,0.4419807266662768,0.5642941912811074,0.46865319953987583,0.561688065984406,0.5662823652106237,0.5757105482338795,0.5325636767816012,0.5737288930469706,0.5318414051639289,0.5465611483387244,0.5348861473448207,0.5685626553391694,0.5591691967707931,0.5035667322079955,0.3972868123059431,0.3427872225830466,0.5227285395784432,0.4351478324656313,0.0,0.0,0.473050177847959,0.5713316911302636,0.47347313626962834,0.6244718917975534,0.6147089901086953,0.6197183526557736,0.5720816172547688,0.5339454227348076,0.0,0.5713197445382129,0.4395405212369878,0.5104999923671579,0.5599669005474092,0.4417028870934342,0.658428216068641,0.0,0.0,0.5502443464443104,0.5894885352173108,0.6722733897718035,0.5295752573655905,0.5887664900321066,0.3187858230683396,0.546209753714457,0.0,0.5664942033420513,0.48514882196090925,0.5526119358933304,0.48637849086980733,0.5901803214253328
0.47501875655992104,0.42720195660954946,0.4922134648824755,0.0,0.5980695674172042,0.5258486888280085,0.522417903252679,0.5350135508551279,0.5682216612743027,0.0,0.5615695335804013,0.47962310618671883,0.5496595632098279,0.612255319628656,0.4793856835229915,0.4456331824049502,0.5987945208673642,0.4776665248371587,0.5280362482235735,0.4233176324255558,0.5949002067260439,0.4608327658294047,0.4938586213680846,0.4304486118709455,0.6249223664482378,0.5187685683641099,0.43792041556636674,0.6109869888669516,0.4293095435083669,0.3925554857361023,0.6140705403774501,0.3408964723583629,0.5959782719144076,0.564468144168492,0.5077735473612129,0.4791134983435251,0.45959709602317034,0.48379246458607433,0.0,0.4475749929701899,0.51184492650716,0.38280373958707437,0.33695568469677584,0.3329737279420566,0.4793621008285764,0.5963325429931913,0.4945173035269328,0.0,0.47400018388857307,0.43091448591518244,0.4890649026016057,0.4468464734938009,0.5670827647035197,0.24751478107434774,0.5163751717784597,0.41428698764962724,0.5229012762467252,0.5706732671829049,0.0,0.8912182351856618,0.5472662892653852,0.5323580618266994,0.5172937516283899,0.47444032010998316,0.4748734807826887,0.5552891895386185,0.3544185251486595,0.5513850182049407,0.3882456159126973,0.5206467827930419,0.5153410063401331,0.5550985839697479,0.528426482789369,0.41519090075940507,0.0,0.6001177139484036
0.4173929878547876,0.3208587020194985,0.4811442485735743,0.47632320186138283,0.37619441577191437,0.45240644601618973,0.4890828517878596,0.49797745217071837,0.3405914004909981,0.5615695335804013,0.0,0.5373965897292713,0.4922214773709073,0.5013832124767762,0.0,0.5091887108739954,0.518999299729362,0.5406493693280194,0.3511466131253803,0.47074435554178107,0.5254470208467326,0.37968130693048796,0.4343359567875858,0.49144294182697174,0.5682794726766398,0.5748735658280787,0.45714221461688803,0.4994541485139087,0.3941768830171498,0.5168573630349542,0.4940626365019157,0.47674504977760995,0.47237581164740133,0.5386929155145062,0.4936410269321847,0.5466345118137597,0.580241973969448,0.5380500365354545,0.5159016074504342,0.494209487778388,0.49444789013864193,0.4512634231941133,0.5546053682501555,0.5609937266630951,0.0,0.0,0.0,0.5298237309966967,0.4766795244436153,0.4083396008699383,0.5804934796886394,0.45689588781425977,0.5469414983035035,0.5563828965969878,0.4764378610626705,0.3866674402396883,0.39626664761531044,0.5173161825741043,0.5309021388562927,0.0,0.0,0.0,0.0,0.0,0.3660833075716603,0.0,0.6882378438193768,0.5391601450388669,0.0,0.0,0.9217087215456845,0.589964720359758,0.442288564279657,0.37996421144813336,0.0,0.5237221665861962
0.4580073245407905,0.44123869327494336,0.5255565945227056,0.0,0.5051306413970666,0.6254624917124357,0.0,0.6018083792064516,0.5466709840289424,0.47962310618671883,0.5373965897292713,0.0,0.5181815800005093,0.6140419464472977,0.39997677320471675,0.6027198561406095,0.6442783513520041,0.6780989490260249,0.541355626835401,0.49991056523564115,0.5262552996924508,0.42531136847791967,0.4530821004494642,0.3975520154032785,0.5825202865696922,0.45103998226157466,0.5120566478643773,0.57339238482173,0.5609990113431703,0.0,0.516221173572861,0.31952707124478436,0.5448885594464431,0.4767320460439469,0.5032377859960913,0.375536048975436,0.3964631674726909,0.29720011543255087,0.48322233085791233,0.45135659218236,0.4751486376642055,0.0,0.39435574053778677,0.43412357696181675,0.452981651295437,0.42845888268649135,0.5420353478799196,0.27038075916923454,0.0,0.26920010115416454,0.33751606569084014,0.48332969723133046,0.24554666632615973,0.41278031655412595,0.5390365798317165,0.0,0.5969324745902261,0.5056811774943936,0.6915431745134355,0.6417928911325158,0.5075801141023893,0.5174807492563404,0.6027869682855027,0.34644656694118914,0.7481008318118869,0.7546639982565057,0.42364093819325827,0.49331019084882816,0.39964807304968153,0.5511193336432615,0.5166907330793281,0.34096613572775075,0.597685875984533,0.4972552864620114,0.0,0.6226787879053518
0.5573829858438857,0.4736651607876155,0.541879074915016,0.49109714733383153,0.5392475382330509,0.48678081578866195,0.5372017748429398,0.5339672716282902,0.5234069948957313,0.5496595632098279,0.4922214773709073,0.5181815800005093,0.0,0.4847534318119422,0.5098977685936747,0.553966638177516,0.47613496378815845,0.5554006473815298,0.5142094673684687,0.5350529527055077,0.49747272709892904,0.4905955530935674,0.5405717597765985,0.3936070762996705,0.5637993402615722,0.5578869112332893,0.49916462093327857,0.5100110897780643,0.53950176702029,0.450085630126749,0.4239810300836738,0.5305671098086397,0.4632624658683117,0.476113796455235,0.42665568515292196,0.5370864935510514,0.4854285605022964,0.5049362205360981,0.5001054969550472,0.47664774435443724,0.49795940541071615,0.506445583015197,0.5250592182158031,0.3996803637358624,0.42596005937106196,0.6027179759977964,0.6053574941199431,0.5747897028944108,0.0,0.6473057674342821,0.5609886560180228,0.5632514162609471,0.5144726417966611,0.6226189958348026,0.509459795589783,0.4835014010208534,0.4776444307192716,0.5829030403620842,0.4106035517330207,0.4812044002519645,0.49808161097956855,0.39856063471492686,0.528490790285972,0.589505689926857,0.5122875618528071,0.5533473839289892,0.5274325339955483,0.5766653445852127,0.49113764364359197,0.48969018598798814,0.4796539314307596,0.584555377692798,0.5670956112887112,0.5362306695131971,0.5140520790909127,0.504863142403141
0.5021563339440082,0.5336308856784886,0.5321780226229124,0.543952576248994,0.4104781823568191,0.5038167507476436,0.3739026639459743,0.6642967192043737,0.49395806926894886,0.612255319628656,0.5013832124767762,0.6140419464472977,0.4847534318119422,0.0,0.5204652157284126,0.5922773428864643,0.4764398524977248,0.47970396141463983,0.5030976851555983,0.3996007310287994,0.49123364459702445,0.2698635238084001,0.5529169429638177,0.6496043983395277,0.5101259360164293,0.4839378784011369,0.5437119822120856,0.5050363408565379,0.3818924679102311,0.7976458583598867,0.5334680352531349,0.3393501218394369,0.0,0.6600955797364945,0.36128093711896037,0.36861814038817997,0.31050909198174026,0.4033490615960914,0.6554714917905736,0.0,0.6926204133348801,0.8121225410354103,0.5737491455939926,0.4734557244091219,0.0,0.0,0.0,0.4780859604099305,0.0,0.5075293688558705,0.4450212769755009,0.4508623598904731,0.5305158572128773,0.4139307173387162,0.0,0.5225951872721596,0.3897885591998014,0.7122702827495516,0.4389728075164461,0.0,0.0,0.0,0.0,0.4844711667231371,0.0,0.0,0.0,0.5610886996482354,0.0,0.0,0.0,0.4831140621544219,0.7252243864563221,0.0,0.0,0.0
0.41081815654309695,0.5357917071838403,0.3376791893600327,0.5861912753048358,0.4806607663639452,0.5588408972333834,0.49702722428796897,0.4674614285209104,0.586419868333086,0.4793856835229915,0.0,0.39997677320471675,0.5098977685936747,0.5204652157284126,0.0,0.5637088782265135,0.4131052178764977,0.48762165771786864,0.0,0.534644266165103,0.4605735231473511,0.5045330335285069,0.4815324805335983,0.39346501309580406,0.4897057990121923,0.4659849054586144,0.4506344525092294,0.42210789968542717,0.47423576635265485,0.42643467536218305,0.5330903036997466,0.4386233064287589,0.5351040147577376,0.4955128729547785,0.5247369251874973,0.6035762095856539,0.44109815963053023,0.36919311202949373,0.400143121876574,0.5237272225193831,0.4906181462898183,0.42792970232071637,0.498582302219071,0.606835658019319,0.0,0.5938655016174681,0.5854413712394047,0.4444171019199486,0.0,0.0,0.47160197822465744,0.6661414102618503,0.5320376302028452,0.5175448331788121,0.0,0.0,0.6556278908474878,0.5277949180223909,0.474783335411305,0.5844197205651905,0.5944495216941039,0.6224912117135969,0.6938241155981129,0.0,0.6463822338851277,0.5261992534906822,0.665520189320495,0.6811599890041331,0.4596428458576713,0.5556899857971346,0.5186084782552258,0.5654785662828268,0.4739040357883634,0.49349909872678105,0.5161598512341212,0.44661198842145866
0.6569710325972263,0.5795263857555073,0.4023169601223998,0.0,0.5618908201588757,0.5403962698576527,0.5325567817838589,0.6449810831300431,0.5226260665703305,0.4456331824049502,0.5091887108739954,0.6027198561406095,0.553966638177516,0.5922773428864643,0.5637088782265135,0.0,0.48051083021184265,0.6291448500945835,0.47369674314592763,0.4778799624462851,0.6064834879253166,0.5299524728901486,0.6128777976521793,0.5765471615013654,0.586479742422066,0.588314364928583,0.5624272100680884,0.5103902897494387,0.5064273141244622,0.48973326828470726,0.5464509614109199,0.497438472967955,0.38626117580238123,0.38956773235712566,0.5126409755238313,0.626722908598487,0.38466028395629903,0.5847975482659533,0.5887374307727083,0.5425880540442324,0.5654481136168482,0.5584391532165455,0.47672225606004165,0.0,0.0,0.49689664178705695,0.6412941740169352,0.0,0.0,0.0,0.5324304579519915,0.5801631471343178,0.8358007081881457,0.0,0.5717938564072943,0.0,0.4583337531854504,0.5948580863233672,0.0,0.5594951535725797,0.6225825267589676,0.5538900048293361,0.635251654734998,0.0,0.5248140268777798,0.5943589872121368,0.5787128851876436,0.559381927410561,0.40163574407332187,0.6788450882164248,0.6556619803353649,0.5678063737415291,0.5735978101873214,0.6126790805332208,0.0,0.48803402365110515
0.38294051370525856,0.5695978967995181,0.6126895148592572,0.5467797974171068,0.5308797659261397,0.49903924791089666,0.5195923814923896,0.45525309519853074,0.45059422710587244,0.5987945208673642,0.518999299729362,0.6442783513520041,0.47613496378815845,0.4764398524977248,0.4131052178764977,0.48051083021184265,0.0,0.6265760027170761,0.6287715665741131,0.41133966227170204,0.5126045488380787,0.5675407327038247,0.48357089529075625,0.5595012160551239,0.5789318811020199,0.5089402268195881,0.5472786489714402,0.6940075707496494,0.3356227884039994,0.5142060716293245,0.533016746356386,0.517399063098095,0.5562820102887894,0.5262018677425201,0.5008430470704506,0.5910324348698914,0.253652169420506,0.431063928355093,0.5336270712647805,0.4545798593425164,0.4704363575255235,0.5528368375371844,0.0,0.0,0.47023825549105325,0.6323535537501369,0.5745715441629125,0.0,0.0,0.0,0.0,0.0,0.0,0.0,0.5330145521561742,0.0,0.481658198685091,0.3260574348216807,0.0,0.7634549368165859,0.4351955496540414,0.5508692157599618,0.5170885632869099,0.0,0.0,0.0,0.546309829715031,0.0,0.5163451037560784,0.610613511541111,0.587714473804255,0.0,0.3029842953667231,0.4742842442994531,0.0,0.5822417395132728
0.5333152632394349,0.56838536491961,0.5156571493800454,0.4773710852484365,0.42433975892406234,0.5293898378247249,0.49718604501708774,0.5914214192381029,0.5432681940498977,0.4776665248371587,0.5406493693280194,0.6780989490260249,0.5554006473815298,0.47970396141463983,0.48762165771786864,0.6291448500945835,0.6265760027170761,0.0,0.5040765551579883,0.478041144839945,0.5965076611538883,0.48443802869125796,0.5894422344346332,0.5406168693191752,0.5791969233614994,0.5004840080596268,0.5801233170446808,0.4716496473670458,0.45954309857675857,0.4821921631554452,0.4706514803584942,0.4819961178625314,0.532527496334801,0.5610201893184744,0.4519175711350158,0.5597534831767222,0.26075330676324027,0.3924024142761973,0.6024679485431301,0.5381596944308255,0.5187646702248996,0.5604747869985872,0.0,0.0,0.5542368275192017,0.5582841224678815,0.6310546616637771,0.0,0.0,0.0,0.5047060215230924,0.5563016135466228,0.8530895017209174,0.0,0.6186835754189207,0.0,0.5653552439270045,0.5199812347523715,0.0,0.5670151876567913,0.5991035127035661,0.6105010624524043,0.570294439511166,0.0,0.4479608202463365,0.6103496820607716,0.5673587059739401,0.7218108696401578,0.5396543822195048,0.6030850510861177,0.6280473771197487,0.47682619772421625,0.6504144560755742,0.49126877201485136,0.0,0.639046512368022
0.0,0.5988225013734315,0.3879148968739842,0.5037074930501033,0.4268976687640366,0.5072969243267875,0.4841084384625042,0.4898682485238439,0.29961947899134483,0.5280362482235735,0.3511466131253803,0.541355626835401,0.5142094673684687,0.5030976851555983,0.0,0.47369674314592763,0.6287715665741131,0.5040765551579883,0.0,0.5274078235880291,0.4533756798259126,0.6473578688278124,0.38440551603392537,0.46324436175164146,0.5296160107208363,0.49719837007183804,0.4509888285300096,0.558902394569118,0.5705805124988769,0.5831817921140252,0.5329007625842266,0.5455270119625051,0.4710508964917355,0.5500719612599326,0.5007328503520548,0.5680410850188112,0.47378686955246274,0.45965464700362146,0.6387373247121264,0.3918013801544618,0.39487455271689154,0.0,0.6241161531114593,0.3549405617236351,0.414704906405744,0.0,0.0,0.5571065450079102,0.0,0.45815633549599327,0.5237221014228446,0.5226416200595749,0.5249654454980873,0.5853148535176783,0.9021456246161689,0.4928999038170864,0.5212930516095308,0.4601834276781925,0.45331626279260273,0.0,0.0,0.0,0.0,0.6108244290466064,0.47845084822096845,0.0,0.4813504158807086,0.5674701393894267,0.0,0.0,0.0,0.5670432188969194,0.5525239286651327,0.4671786201801932,0.480837770553626,0.5480380328235364
0.5038964888552538,0.49209199777690743,0.3668327921652801,0.561356291450459,0.5019470842048939,0.4528747107112519,0.48676776584246506,0.4324627784295103,0.4823806187845084,0.4233176324255558,0.47074435554178107,0.49991056523564115,0.5350529527055077,0.3996007310287994,0.534644266165103,0.4778799624462851,0.41133966227170204,0.478041144839945,0.5274078235880291,0.0,0.49124202914928816,0.46191059062867484,0.4668354301251087,0.5353773076030743,0.528718358630713,0.4737893125828505,0.523055227272428,0.527591252401265,0.5356415117774296,0.5613804808488466,0.5032621751098146,0.4162550460551576,0.40800976251293186,0.50060601844881,0.5370434878768064,0.6820076300371992,0.4569944069602955,0.7510184356174441,0.43325260830628104,0.4702799918104505,0.5249311363994019,0.42845356637695897,0.5158744063286721,0.0,0.0,0.5007348522696068,0.5273452298432024,0.473097310612435,0.0,0.0,0.45463227210250745,0.5754572120062585,0.5751493510493688,0.42468801809515294,0.9236286338964439,0.0,0.5591934415087756,0.5403251099800127,0.0,0.5561483325236896,0.4897317975642728,0.477119910902928,0.5496889371571527,0.0,0.4864063021636041,0.45402108050069984,0.523383203726797,0.5163279919808058,0.0,0.5025343662548892,0.44857936269043847,0.4956296843600629,0.4440269905572729,0.5085538685062673,0.43271311089757675,0.4693022413000298
0.35946262775223736,0.5812392400251378,0.3942860207064647,0.4108600250158054,0.4946076456842771,0.548851322198487,0.4121475463291602,0.4872690597520076,0.38726380567739777,0.5949002067260439,0.5254470208467326,0.5262552996924508,0.49747272709892904,0.49123364459702445,0.4605735231473511,0.6064834879253166,0.5126045488380787,0.5965076611538883,0.4533756798259126,0.49124202914928816,0.0,0.49229196561472766,0.49204762688113074,0.0,0.5065362824567208,0.5760306859148998,0.49827021469121774,0.4483259631282883,0.4500056679932668,0.4645753404914144,0.5314766167142442,0.3917287708176311,0.45683047366749785,0.4467498809375074,0.5380535340150879,0.5118887749291575,0.3291971300306571,0.5577755664270092,0.47942835493673225,0.5231806113115076,0.4259623012888935,0.43456893259019563,0.5531400018851692,0.0,0.0,0.526150170174288,0.5500269117033707,0.6171347397989698,0.0,0.0,0.5350016344809256,0.4240663978252782,0.5742702675675772,0.5242756737256363,0.5981294061998352,0.0,0.7356769496679255,0.5185196604925743,0.0,0.5496701527540594,0.5654586944145595,0.0,0.5105351624537102,0.0,0.5208174416605852,0.6000048591156935,0.5585350957471943,0.5311610898474993,0.7960858840038635,0.4562689567956009,0.6448303071732213,0.4984917006986594,0.5121980740553281,0.5692604208776018,0.4098523561688967,0.34765765112943486
0.54248576338547,0.6000574534935585,0.5153280770203186,0.5321728765636096,0.49493718678859294,0.42823043070263306,0.4871008664439373,0.48262753605613945,0.49051005222506155,0.4608327658294047,0.37968130693048796,0.42531136847791967,0.4905955530935674,0.2698635238084001,0.5045330335285069,0.5299524728901486,0.5675407327038247,0.48443802869125796,0.6473578688278124,0.46191059062867484,0.49229196561472766,0.0,0.6318416927041238,0.4353072082139543,0.6220007845656116,0.5795986882688116,0.44690751213046515,0.558191444240616,0.45808490251652634,0.5396238331826765,0.5494814530078587,0.513454936672818,0.45196337138294446,0.5645946054778108,0.5813164707620627,0.5695615751540116,0.6465227738647173,0.5475991485858219,0.46545470869432215,0.5316844035360967,0.5025884474369378,0.48389698189572067,0.5020981592920404,0.35737398722674835,0.24332801748011337,0.545258488534569,0.5966614041447981,0.5506264056846734,0.47600432606394105,0.25020147853241115,0.5743534344350174,0.6447166224714298,0.5742433169047272,0.614629408750814,0.41369168866709816,0.0,0.5177557245781725,0.5529847968326007,0.0,0.596691954300804,0.5586050154039225,0.4277834552650896,0.5351165172692895,0.0,0.49037598637685553,0.5404788978609526,0.5690344099480512,0.5393382231870443,0.7318669759785316,0.5042701334725507,0.5448913903412619,0.5153816472537748,0.5128594227733673,0.5191537444598312,0.5316434547476964,0.5338047063006773
0.47057206101794524,0.5866132454000306,0.41782498857269185,0.5649142439323245,0.43425751421068487,0.47554460046457875,0.49453747560530487,0.5197102074775987,0.47922386214342105,0.4938586213680846,0.4343359567875858,0.4530821004494642,0.5405717597765985,0.5529169429638177,0.4815324805335983,0.6128777976521793,0.48357089529075625,0.5894422344346332,0.38440551603392537,0.4668354301251087,0.49204762688113074,0.6318416927041238,0.0,0.4242063708797829,0.547959133844147,0.48982694719666103,0.41323360139471493,0.4656619883782262,0.49343988244009906,0.47884790778608005,0.5169492385943355,0.5037875314329052,0.48566264326909714,0.5164805413142158,0.5312215375668731,0.5705576964999628,0.5520327908118935,0.3692100152832476,0.5480887330814511,0.5429255963649342,0.524358743323752,0.5318230974761117,0.6140046888531516,0.581480123425647,0.539501270893778,0.4896021362981999,0.6117347577728798,0.5946521967201964,0.44300785268088966,0.6009347209766663,0.5599783266388488,0.5621180484846329,0.5818826617058813,0.6112640119138472,0.5761157352132501,0.5998206032775281,0.4500090561910775,0.5255817241825271,0.5964586286948713,0.5894148523897019,0.5963773632711923,0.4748734807826884,0.5489408210675458,0.5888328367967832,0.5445516825795212,0.5556204311477064,0.5580132683779159,0.6706559257812664,0.0,0.5547063981071005,0.5251207683559462,0.5157656652272268,0.49629861162242356,0.5667665736022509,0.5558963565689155,0.5166597956450016
0.5023318803028637,0.43099562654028345,0.406977593375844,0.0,0.49951534679575177,0.36888428332252954,0.4797022173481114,0.40010128549334484,0.5134994131675285,0.4304486118709455,0.49144294182697174,0.3975520154032785,0.3936070762996705,0.6496043983395277,0.39346501309580406,0.5765471615013654,0.5595012160551239,0.5406168693191752,0.46324436175164146,0.5353773076030743,0.0,0.4353072082139543,0.4242063708797829,0.0,0.535018122404029,0.4058884786455636,0.3788084589837796,0.5181772043635583,0.5831993148590298,0.8103721280977632,0.5784125224740589,0.0,0.4291343335476312,0.34599757803919684,0.44904043547972344,0.40155373783039233,0.3539391267926078,0.36524699630320256,0.6609056881754263,0.6072449284314437,0.5035367426265503,0.5876401543357027,0.5767577945493686,0.36141234439021924,0.45981993267372673,0.40306000782552714,0.5048536650234637,0.0,0.0,0.47825294075382646,0.5809240904807504,0.3057769497567885,0.0,0.0,0.5095555658834555,0.5500504324291963,0.5069441477821177,0.4426557681702715,0.0,0.0,0.5005370382306071,0.48402651122872997,0.5248177004843012,0.48019317153869967,0.33186468406960157,0.4390499249361737,0.0,0.8195768512800777,0.35571316350459875,0.5558025199259438,0.5382734245263813,0.5183549929191181,0.6231085973838932,0.6228644631612736,0.0,0.5564506022599874
0.4599643143046435,0.49229119685418127,0.5073131660222252,0.8637342696093809,0.4895128827800071,0.4904502521615767,0.48922739701582685,0.5718771883006672,0.514357732685525,0.6249223664482378,0.5682794726766398,0.5825202865696922,0.5637993402615722,0.5101259360164293,0.4897057990121923,0.586479742422066,0.5789318811020199,0.5791969233614994,0.5296160107208363,0.528718358630713,0.5065362824567208,0.6220007845656116,0.547959133844147,0.535018122404029,0.0,0.3486652888807372,0.5613770764156125,0.5097272382325599,0.4606942739691355,0.41521463527809227,0.5266807397833134,0.3529270615026997,0.5197782923834044,0.45969593849910667,0.4736248120202903,0.4781749390579859,0.5775842770304238,0.4882261130291005,0.6071712557041671,0.5739873728778315,0.5547252420293989,0.5870690734757387,0.0,0.0,0.4675908494175672,0.5680750979271563,0.6513776563979384,0.0,0.0,0.0,0.5420621617657747,0.524024538392274,0.6541598941480214,0.41310954682279805,0.56438331647635,0.4723923249075982,0.5788429940704855,0.41529535017342284,0.0,0.5288189963444074,0.601178545159744,0.5667910346495096,0.5994754731855376,0.0,0.6060914277769851,0.5257064554154753,0.5904523467971639,0.49188089597507584,0.5019949123236274,0.6202362824940872,0.596258623437547,0.4604585910038732,0.6197574459444357,0.4503076878166035,0.0,0.5885388208845446
0.5870794481951307,0.45305646152200096,0.0,0.5909590850288567,0.4631675822987455,0.5776022114140489,0.5458726932472753,0.5474143585883482,0.588123476348373,0.5187685683641099,0.5748735658280787,0.45103998226157466,0.5578869112332893,0.4839378784011369,0.4659849054586144,0.588314364928583,0.5089402268195881,0.5004840080596268,0.49719837007183804,0.4737893125828505,0.5760306859148998,0.5795986882688116,0.48982694719666103,0.4058884786455636,0.3486652888807372,0.0,0.5597109979518023,0.5791487295713171,0.5661243346293223,0.0,0.46857682429743525,0.5450819694053279,0.5248057824109956,0.48217197227963676,0.5355540782007219,0.4357647797465046,0.4643543041631051,0.4270687393591071,0.5410632738458474,0.5589412606166594,0.6224000111404518,0.4509847259625161,0.0,0.5375280579797763,0.5007641502426968,0.5264839965734773,0.6650726878181004,0.623141050729394,0.0,0.0,0.5784056260842806,0.5564486901928983,0.534495859205924,0.4120563700485167,0.5350048453977626,0.0,0.5826370149113165,0.6101748504825315,0.0,0.5865087271731696,0.6229613915595171,0.5220341194678272,0.5549861324385653,0.0,0.5343300991620867,0.670183370021679,0.6725537977351623,0.5201805130882989,0.47641296601478184,0.5954577987956157,0.5666929899258344,0.5593427292140725,0.574115503942733,0.5956485438674008,0.47063029197645284,0.5494175127107732
0.46820664632949954,0.5068520983684165,0.42342025865223715,0.5492777073017245,0.4442242020868648,0.4797395712381017,0.4384056327937205,0.49619102142732163,0.4419807266662768,0.43792041556636674,0.45714221461688803,0.5120566478643773,0.49916462093327857,0.5437119822120856,0.4506344525092294,0.5624272100680884,0.5472786489714402,0.5801233170446808,0.4509888285300096,0.523055227272428,0.49827021469121774,0.44690751213046515,0.41323360139471493,0.3788084589837796,0.5613770764156125,0.5597109979518023,0.0,0.49293646853515216,0.5060884519870219,0.4880534089970662,0.4961573725904052,0.4568296974110131,0.4707986793247754,0.5093995002551289,0.5149005107273656,0.46764870777916356,0.5694658182738744,0.44366276653544257,0.5238873782003219,0.47076980438026933,0.4981897641600324,0.47676926926389673,0.6027944918971004,0.5613237043409391,0.39943405014913486,0.42878531129153985,0.4730520379685779,0.5754357081245981,0.4929707665718489,0.5663619801771778,0.5615290761771731,0.5415699576039918,0.5134216715387725,0.5873681326380644,0.6699694478886691,0.5987110783609907,0.0,0.5487657597534559,0.6555828565651819,0.53116339852523,0.5478112510803981,0.0,0.4590637324000466,0.6471080051349921,0.5130752917732111,0.5335286862500515,0.4910873284226533,0.5291999405597029,0.0,0.5137716091620111,0.4686747421522804,0.546155366179452,0.5121770036587915,0.5324672312417424,0.4408612641908939,0.5056206307821224
0.48576619267079096,0.48028191630916567,0.5688236576633028,0.420071711824618,0.5397177997427222,0.5518210676263089,0.5281062106679445,0.5049207052814814,0.5642941912811074,0.6109869888669516,0.4994541485139087,0.57339238482173,0.5100110897780643,0.5050363408565379,0.42210789968542717,0.5103902897494387,0.6940075707496494,0.4716496473670458,0.558902394569118,0.527591252401265,0.4483259631282883,0.558191444240616,0.4656619883782262,0.5181772043635583,0.5097272382325599,0.5791487295713171,0.49293646853515216,0.0,0.5185554596419046,0.46839571096410604,0.5436116304223979,0.5042697605475435,0.5458398022767965,0.4078987928901221,0.532523479020174,0.5140393512499077,0.4076186160398886,0.5628739785866682,0.49086479642258163,0.3249886169414489,0.5232315209638815,0.0,0.5174692834615601,0.4060345824041523,0.6114643075184485,0.6107467698630343,0.5663391763860235,0.5518407430027269,0.0,0.6418141328554301,0.57715143704616,0.5363226685550875,0.5247894389930452,0.5322998434288185,0.588337211895722,0.4950807836179702,0.4788688358928733,0.5269282100462035,0.3536364622174916,0.5086033195271958,0.4465602617242136,0.0,0.536452276284066,0.6566598711752751,0.5563101108200217,0.5449898742241017,0.49619398147447286,0.5667502505774393,0.5211494353432241,0.5504744353784815,0.41571537411573467,0.563898894991222,0.5480280167894277,0.5206300809850413,0.49842604384910644,0.5270693157046655
0.516150538005414,0.42228025519198426,0.5662971522446999,0.43834741669823807,0.5363359550952801,0.4287691118356745,0.5196872928576067,0.46799125956840226,0.46865319953987583,0.4293095435083669,0.3941768830171498,0.5609990113431703,0.53950176702029,0.3818924679102311,0.47423576635265485,0.5064273141244622,0.3356227884039994,0.45954309857675857,0.5705805124988769,0.5356415117774296,0.4500056679932668,0.45808490251652634,0.49343988244009906,0.5831993148590298,0.4606942739691355,0.5661243346293223,0.5060884519870219,0.5185554596419046,0.0,0.49519548394341967,0.5319001490913505,0.36514192280367846,0.3945801884991322,0.5201860367536141,0.4547414177093806,0.49428990659029176,0.45683550627819425,0.5293253531401277,0.48782607207189305,0.4833334368356866,0.5061290073558642,0.48872926716718273,0.39844679349874634,0.5192203707048461,0.6059267324228932,0.4448293621439573,0.5009875305883457,0.5333549953240403,0.4578698492025837,0.4296160370916695,0.533582641676326,0.5310541345753379,0.5910109566434731,0.5016114796535588,0.625261508910377,0.42798816686915325,0.5459614717855511,0.5207025300833686,0.756000497279219,0.5208495706620015,0.5595622986281285,0.4759870816046709,0.5236411158877396,0.48405849533777573,0.508558005876088,0.5068102653899038,0.5065823426669157,0.5545942034127332,0.47067307177102913,0.580091192345399,0.5417479623688086,0.5418267882400447,0.5128098552879032,0.519249096536829,0.4621175812299618,0.4832510821613409
0.6209681124630981,0.441886567012257,0.5619590300317191,0.4841406292941558,0.44881734861248257,0.5760188010212304,0.45595742402488515,0.47883742004123986,0.561688065984406,0.3925554857361023,0.5168573630349542,0.0,0.450085630126749,0.7976458583598867,0.42643467536218305,0.48973326828470726,0.5142060716293245,0.4821921631554452,0.5831817921140252,0.5613804808488466,0.4645753404914144,0.5396238331826765,0.47884790778608005,0.8103721280977632,0.41521463527809227,0.0,0.4880534089970662,0.46839571096410604,0.49519548394341967,0.0,0.5703342038227684,0.4195402652992469,0.4724649734759177,0.5904504978348157,0.42335985062223463,0.4816620675591426,0.2806163138020525,0.5211826983745277,0.610041600602201,0.461288442297351,0.5220403995057263,0.7072832370931424,0.6039166849915333,0.0,0.0,0.0,0.0,0.0,0.0,0.0,0.513662429313613,0.5354592345237216,0.41434765391396705,0.6430254647108418,0.5387783017194008,0.0,0.0,0.4269889497329885,0.0,0.4081222800274349,0.0,0.0,0.9316687393128399,0.9295295286634483,0.537707345112721,0.49449977196114436,0.5243858373741753,0.5771817154384458,0.0,0.36489815763635036,0.4781881189904722,0.5856415741549831,0.5712739924736825,0.5052686818916549,0.43387769788867264,0.39458928757711736
