0.0,0.6065393593546397,0.33876859740611776,0.0,0.5004896871914688,0.4303538401630678,0.47732911307462217,0.5226584532174366,0.43444231411831846,0.4747378324631781,0.4099896112705423,0.45868371225409665,0.5757017307427462,0.47297701693234884,0.4110868585896661,0.6583170369004371,0.3831099606625625,0.5345280985173019,0.0,0.5074641744139141,0.35995960433532087,0.5439387062925815,0.4708572418259566,0.5018744753145148,0.4614519843723749,0.5881796613004834,0.4687262370507129,0.4955689104680772,0.5206752502348012,0.5305798662051378,0.5232840155733716,0.6006463250296856,0.5250051813926371,0.45770989583469823,0.44922996460162484,0.6089484206313582,0.4812828273357647,0.48704927167932727,0.49983547214975566,0.5672175465034109,0.49407604351258766,0.5085645556449795,0.479211126016255,0.0,0.3908648620933241,0.46585153466438245,0.5589181538821522,0.0,0.0,0.0,0.4601288258924327,0.0,0.5574075146670187,0.0,0.434400754241466,0.0,0.5106925413630069,0.6567222488057749,0.0,0.5590747607573345,0.5769432785156563,0.39234885952763243,0.5374530106032036,0.0,0.46885278548132914,0.49210663614886835,0.5568929050173438,0.541561485646042,0.48500654398668247,0.579306716460212,0.5749853567474252,0.44410066521116487,0.4517058755370752,0.5411699298513211,0.0,0.4809204407437032
0.6065393593546397,0.0,0.538038536061192,0.4017641344735539,0.4338854912910709,0.45347992600159404,0.4532705517917817,0.613778191780043,0.38113023515659766,0.43527055591964964,0.3820791586726461,0.4431057063252613,0.47495190873661364,0.37779770743285696,0.5370484653881968,0.5806253402722599,0.5620644091696828,0.5694894674187354,0.5692562274586097,0.49307275553718827,0.5829878792913272,0.6013419093587553,0.5881770034980084,0.46021994291707186,0.4934928072733189,0.45406519515835014,0.5081101320489457,0.4816450769950628,0.4235027239142838,0.4444633287329856,0.5403117677919046,0.4998543539823977,0.40622945477885825,0.4806759875819245,0.5293619150396869,0.4977403337758902,0.0,0.0,0.4998603915402283,0.6182897898299338,0.4822277212234109,0.5727118994996984,0.5269372338570363,0.0,0.0,0.5703754975598075,0.5623184487281759,0.0,0.0,0.0,0.5452344659213967,0.5833291259049525,0.5123466146581012,0.6041797210949545,0.5747829044522617,0.0,0.46505206424930723,0.5901636258914269,0.0,0.5238690949653886,0.5690247273556361,0.4874781650462041,0.5902678008012294,0.0,0.5467832482689989,0.6316972301955122,0.6106755925219913,0.5506368457215342,0.4085324027399043,0.5617682821166973,0.5626522937304252,0.5224430117740845,0.6150123379847434,0.5727242181644469,0.0,0.6041830112560016
0.33876859740611776,0.538038536061192,0.0,0.4881614637498013,0.47186547903962944,0.47769867499608726,0.5081698102677864,0.5693293367014828,0.0,0.4992124327359914,0.48153916300775956,0.5476052990241909,0.5399534369180309,0.5310211315636822,0.4176346146388376,0.3987864277830466,0.5903167955476922,0.50278678462743,0.3880251136531884,0.38228471593088287,0.44846035016376024,0.5172233356042741,0.4186380823700131,0.457100462257956,0.5205991109065876,0.5107072297018086,0.424246149144252,0.5684419469719568,0.5676603313838853,0.5887615076166273,0.5649372932558975,0.5428398808097792,0.46173690583741156,0.5644752820750751,0.5307787332814782,0.5433776282713695,0.47043117321181666,0.48362987587929424,0.6055598855692799,0.4783866815147327,0.49098150716923133,0.49729439663892566,0.5960714047497684,0.6167963905808563,0.0,0.0,0.39476625588309966,0.4452560652515857,0.4750722817255129,0.4819535262681697,0.5593249531912222,0.5440825610028088,0.5856545233654881,0.6149790684041226,0.42741387179614376,0.537956357255642,0.6435305930660719,0.5660272974878703,0.5199355977066723,0.3687343162728855,0.0,0.0,0.0,0.3765462102236199,0.6474642784568184,0.47712554907205873,0.264528577093739,0.5772457747469528,0.0,0.5530281100800949,0.488887195823081,0.6094851207293104,0.5249686269492715,0.5834447648595028,0.5678774592119276,0.4129505050970538
0.0,0.4017641344735539,0.4881614637498013,0.0,0.41323906120882936,0.5061218340067748,0.45054881978939065,0.5468289055195349,0.5641927515585552,0.0,0.46775186312592837,0.38112127891674863,0.48952187867225117,0.5472147514098952,0.5726571659485912,0.26471580313741433,0.4886683864168223,0.478313726880294,0.5004683391612905,0.5435951004755458,0.4564755886949844,0.5224463861177334,0.5636783665097022,0.316195443665962,0.8020911479902963,0.5166044673731859,0.5512182870151238,0.4218711897225259,0.4325943114499694,0.5377597351166074,0.5284027206715516,0.3833511205861419,0.29779130240301765,0.3542783000361644,0.43364506710808143,0.36783049473674784,0.3214793529315402,0.3658907254192153,0.24893984865107296,0.3870814902905474,0.44836954272788504,0.3815828060969569,0.0,0.0,0.0,0.0,0.0,0.443399721764431,0.0,0.0,0.6305478720067629,0.0,0.4776417541192206,0.32957642041766094,0.0,0.35572359430372225,0.514833441884486,0.47350041926399705,0.0,0.0,0.0,0.0,0.0,0.0,0.0,0.0,0.47615478493563107,0.5736592073880656,0.0,0.0,0.0,0.4667188787679599,0.44361290966736944,0.5902972036320975,0.0,0.0
0.5004896871914688,0.4338854912910709,0.47186547903962944,0.41323906120882936,0.0,0.4014343738489246,0.39250698138462903,0.5405474956782815,0.3370418324347989,0.6015910538761798,0.3770484680473612,0.4924291856738015,0.5407059732282458,0.41223256589764096,0.5367062067081095,0.5502414091238158,0.5555063505867368,0.4312614669889955,0.4278302408697033,0.505150218566258,0.5571076447614394,0.49168254906833214,0.43564061540680976,0.4848637517598298,0.4948041007737121,0.4729360996842193,0.44513850775928343,0.5419697431187378,0.5461744469617759,0.4491872930495031,0.5241793949667513,0.39051004193424205,0.45172185910858814,0.5273357050992467,0.4478439793757919,0.3737830314396183,0.40541761995272196,0.4562484132212956,0.5128241855894289,0.59644537560943,0.5046358257434281,0.4750493762079998,0.5160302803381862,0.5836153777318035,0.36570628624290835,0.0,0.3284936223608843,0.5411513959879235,0.0,0.5278788069562341,0.5523439220506866,0.5770190178640541,0.4843480930308464,0.5088894616628811,0.0,0.4602357742385957,0.3434845343213658,0.6432137179592538,0.4725113460096659,0.40093668879569416,0.4723987174645024,0.0,0.0,0.5652130770857845,0.463571420887574,0.47879079928459356,0.5444232939985056,0.5608171033604342,0.0,0.4791391994055868,0.55599493417178,0.5091204401132777,0.5464094463299423,0.4695213171235421,0.0,0.5356298049563186
0.4303538401630678,0.45347992600159404,0.47769867499608726,0.5061218340067748,0.4014343738489246,0.0,0.46630808338884494,0.5306164935824252,0.3859142104580677,0.5279264204622445,0.45392621485537815,0.6318961141454623,0.4880187687059009,0.49018965752816424,0.5617556463376775,0.5419602113198738,0.46911067400171663,0.5308154215810879,0.5078698899454597,0.45402968044574865,0.55558805625064,0.4293337490265819,0.47661704697591234,0.3838398861879129,0.49175759309352823,0.5789759375287828,0.4806535578062602,0.5536341465412946,0.43036082220234606,0.5778502178807928,0.5839197636834773,0.491595172052336,0.6161152776587946,0.5523514251583542,0.5605061734717374,0.5613119484197295,0.5271131191096414,0.47462082467482264,0.5652068321435124,0.3367509421442769,0.4937432205673373,0.5096750481699261,0.6102626305231245,0.5403215800731734,0.2656876333817461,0.5619952990746544,0.5218951036196043,0.5722018946384098,0.6482062682205572,0.44850226041618635,0.5673188849566003,0.5855954213227984,0.6079545735936092,0.5944530008193103,0.617221515448923,0.5690370187155968,0.37959874029404217,0.582458452391847,0.5961139666409193,0.5367079967232739,0.5622596574460701,0.0,0.544940046193436,0.5153992797149222,0.5288714771414621,0.3898828890433833,0.5677985858071727,0.5552270183502636,0.5141941398214573,0.4903333141553265,0.5136143049425637,0.5633146754223457,0.5198472160439006,0.5637892945435674,0.4620489884917936,0.5201737751049296
0.47732911307462217,0.4532705517917817,0.5081698102677864,0.45054881978939065,0.39250698138462903,0.46630808338884494,0.0,0.4773627986075505,0.4772752115357602,0.5250778242403861,0.4907293896247787,0.0,0.5382859132633264,0.37533358850250464,0.504533213379929,0.537592849880697,0.5399100602480348,0.49887112524003685,0.48572675210990207,0.488348048580808,0.4316678597026272,0.4885323045747892,0.4962415013610538,0.479350227511317,0.49647702173285674,0.5499783967381451,0.4398939166721403,0.5307626150175606,0.5215237924044774,0.4696400510207077,0.4924310274262932,0.5100808422088998,0.47073913699581493,0.4319948827645667,0.3743100921394642,0.528292841346677,0.44518843463925983,0.5770748932239207,0.6056016738569454,0.36643169718972857,0.4794258310672623,0.5672108518925856,0.5246515210592942,0.7288171569098394,0.3799389082396956,0.0,0.5113979170060382,0.44294967885066644,0.0,0.532264846237701,0.5478919694719224,0.5700207218510572,0.500106094310581,0.6215662210382256,0.5672225524575412,0.4636702659709897,0.49350769929567306,0.4938439192492375,0.4312636566511743,0.3660263070731522,0.5120040520792303,0.0,0.5047575318122919,0.5964274757736066,0.589521802680093,0.5202873372352586,0.5914640515123308,0.5409978134919392,0.4764987257384407,0.5889832052707451,0.5270699739659086,0.5198589103039234,0.5230389344513692,0.4707813787337443,0.6779501686034417,0.49064266033843046
0.5226584532174366,0.613778191780043,0.5693293367014828,0.5468289055195349,0.5405474956782815,0.5306164935824252,0.4773627986075505,0.0,0.554398017398732,0.5240882239816972,0.5000322193752321,0.5814128307707223,0.5359586296899324,0.6662276308601491,0.46630921284478244,0.6501353229699436,0.432512232843914,0.5906127876439208,0.49129409481264497,0.44582798854211075,0.488339500903158,0.5028193145215394,0.5207806809929794,0.40078483425376155,0.5728508532696439,0.5487525061592424,0.49724306322359346,0.5063954169462029,0.4696883198201999,0.4802947144401088,0.523486030920483,0.543402040312521,0.5149929224225459,0.5124530566469584,0.43458304923879953,0.5347270157648144,0.43265894132536287,0.5058340703615865,0.5535288363057527,0.4768096302309007,0.3574725073641979,0.5013402982914211,0.5360039728817888,0.48323726620917745,0.0,0.5326483217298552,0.38379238444617025,0.5904637789765187,0.0,0.5519749814508955,0.5643703948914419,0.5756911547450392,0.5105139550114426,0.5438459972176187,0.654005274846084,0.5228687651103611,0.9342338450955296,0.5256655996695753,0.5264082036246605,0.6075508290759134,0.4575639984973643,0.0,0.5744059694229127,0.6226567908354127,0.6026837283914859,0.5569455462756191,0.4399510232230649,0.5863983658525596,0.0,0.4582830179088641,0.41566184675849804,0.5534123673578109,0.5032760370909971,0.5701461577348198,0.4617617281751153,0.4058791625726641
0.43444231411831846,0.38113023515659766,0.0,0.5641927515585552,0.3370418324347989,0.3859142104580677,0.4772752115357602,0.554398017398732,0.0,0.5662329056298953,0.34126822330004747,0.530409248914398,0.5251725322685364,0.4953178489228789,0.6652506811595122,0.5243857290866993,0.5057130596846082,0.5459660303812951,0.3002830361244423,0.48467090230707693,0.4382791764206554,0.49133288203156855,0.4801584208872545,0.5458701160680439,0.505872294178952,0.5843414971059525,0.4432710973272622,0.5662521060260608,0.46857640674961326,0.5732841917911775,0.564364901743663,0.5776148553906238,0.5336065374374919,0.5758917771879003,0.5342991926496509,0.548523793959518,0.5428035677775107,0.5778128004391192,0.5437693565668646,0.47278266173537,0.4117074402790519,0.36420578235403156,0.5150721223443543,0.4918934480165527,0.37292632730401126,0.0,0.45056230449517437,0.5786457437248576,0.4744863468004994,0.6302684569650814,0.6148563344181823,0.6455419976186436,0.5714845161610197,0.5317534686563307,0.3430887698913758,0.5654111784709251,0.38734750619564495,0.5425147437117266,0.5394787488428369,0.5030710758135589,0.5890210494726027,0.0,0.0,0.5411024448006583,0.6288754052319607,0.7000103660587607,0.5830314141417271,0.5898721235252739,0.4213611439444823,0.525813163372422,0.31421768226974456,0.5673821676667319,0.4994078779246613,0.5745472155953566,0.5094554874116469,0.6276402739531999
0.4747378324631781,0.43527055591964964,0.4992124327359914,0.0,0.6015910538761798,0.5279264204622445,0.5250778242403861,0.5240882239816972,0.5662329056298953,0.0,0.5561051283525824,0.4810152192985915,0.551276248043558,0.6162038252068727,0.5052093167955326,0.4380349064410989,0.6000682917098168,0.4784179645865863,0.5226388846104988,0.43624472369164646,0.5903474629243339,0.4705844113730406,0.4909526855094113,0.4313629963206238,0.6259366393408503,0.5194638505517475,0.43939016127965,0.6125146784727125,0.4576727513808224,0.4003920513177443,0.6152443525760073,0.34189566926994325,0.5978438928960853,0.5668907646010675,0.51065034274954,0.482534733445402,0.4615014118135268,0.48551994627537465,0.0,0.4501618012301929,0.5115378151242658,0.0,0.4008474413787934,0.35379617271541036,0.47475015395396297,0.5903537583514272,0.5189728236827412,0.37137012049566753,0.47488283622894367,0.4556427784977964,0.4494719145330029,0.4141204516935607,0.6220817074001682,0.3745905726785889,0.518749965423998,0.39616564732862053,0.5250354878944342,0.547867358917747,0.0,0.619049036698353,0.5425820077258747,0.5358929590508098,0.5212221049545654,0.4755919891371532,0.47605887844047107,0.5557132021318922,0.47458559569739456,0.5685388475751993,0.3889808152679572,0.5226429823802585,0.5166210862340739,0.5611512533508941,0.518615420107411,0.521375496901689,0.0,0.6020212802508591
0.4099896112705423,0.3820791586726461,0.48153916300775956,0.46775186312592837,0.3770484680473612,0.45392621485537815,0.4907293896247787,0.5000322193752321,0.34126822330004747,0.5561051283525824,0.0,0.4950553471590483,0.4942041915524863,0.5029264362075125,0.0,0.49315195401572476,0.5064002600290207,0.5344737792932382,0.35094502537444794,0.47180694257774447,0.43328976416676745,0.39057872039401875,0.43607843506378213,0.4932330748360943,0.5453469432266307,0.5619340796288211,0.45724996754093455,0.5015477513344276,0.38746114346713734,0.44611017191359736,0.49161776307515176,0.4793594203604137,0.4865572303927022,0.5408048461732716,0.48672207490623953,0.5490684282616703,0.5807162156370922,0.522737990420631,0.5152032760275249,0.48652240799221874,0.5193807566618187,0.46388639060082737,0.5431279168877381,0.5831623486530044,0.246679756274124,0.0,0.0,0.5345334176746552,0.47771944051443016,0.4187468606692019,0.5760991256121052,0.45025058985067845,0.5422860957272384,0.5666341168020265,0.44086911391669503,0.38753435741580666,0.4153494742401096,0.5341778410671749,0.512619983643236,0.0,0.0,0.0,0.0,0.0,0.41438277481814617,0.0,0.5452384704474206,0.5418926605547643,0.0,0.0,0.9215533828502057,0.5865661338953648,0.46634618859251636,0.3122354908025356,0.0,0.5432340652418589
0.45868371225409665,0.4431057063252613,0.5476052990241909,0.38112127891674863,0.4924291856738015,0.6318961141454623,0.0,0.5814128307707223,0.530409248914398,0.4810152192985915,0.4950553471590483,0.0,0.515163063889334,0.5491212212280959,0.42093824933645707,0.6324445008967123,0.6467434877180532,0.682375599615115,0.5714485672931,0.46792229121164314,0.5250358971549955,0.4154173656454429,0.4566898956943083,0.3983258633909656,0.5826567110048487,0.45191051716106206,0.5193103292694109,0.5743103540542114,0.5484436561943161,0.3234080748445477,0.517808452913155,0.3213367702609671,0.5475311090823897,0.479396852888586,0.5048796046235943,0.376070811899441,0.40154516446807476,0.299081732660629,0.4955281541254491,0.4527867426177894,0.47371013858516176,0.0,0.3898044338548288,0.4141231718052963,0.4514659907040701,0.43794207455392803,0.498859390945732,0.42988166712294285,0.34783087969206183,0.3194776061279579,0.3467364352382866,0.47331294096960647,0.36167390752307027,0.41922706028637247,0.5412718659212613,0.2776436946114195,0.5985471106048631,0.5229825785750597,0.5492636818618833,0.5330021320940131,0.5034935047507806,0.516038681766727,0.6016921751563026,0.380587063761662,0.7292431709861373,0.7251865103946293,0.45951313293788754,0.4488192180865865,0.39997058671825214,0.5523514062377207,0.5173508915661362,0.3425119266068632,0.5895413087425314,0.4953316599239075,0.0,0.6230067698800792
0.5757017307427462,0.47495190873661364,0.5399534369180309,0.48952187867225117,0.5407059732282458,0.4880187687059009,0.5382859132633264,0.5359586296899324,0.5251725322685364,0.551276248043558,0.4942041915524863,0.515163063889334,0.0,0.4874608850537162,0.517590010152923,0.5551221092555495,0.48334302607343566,0.5554138483402824,0.5160176257426583,0.5362651782899398,0.5006327555808066,0.491676053951062,0.5422085759880416,0.4034708953679884,0.5648557919806014,0.5588502359675163,0.5006057168180067,0.5114466891493373,0.5407107562041672,0.4533980102840261,0.42510752574977206,0.5323731164067427,0.45838802069468215,0.47785463895724134,0.4286331025392879,0.5387421422867207,0.4875863322364245,0.5034530415378942,0.4990413756187996,0.46135102915451,0.5022933237909821,0.5334908052895638,0.5141385263169774,0.45280204307921285,0.4298460476693767,0.5894568583214373,0.6062355264421475,0.5979942055085314,0.0,0.6387845169072814,0.566632121904818,0.5658661457946667,0.5109225844707589,0.6347752145067087,0.5044828231158767,0.49024923775803275,0.4730972063370945,0.5929032065076171,0.42943359203457837,0.5056153647362313,0.4953012042936662,0.42511837808100006,0.5026872906288157,0.6066506599914379,0.5251852823737828,0.569218113820342,0.575985585097401,0.5786217488508547,0.5099299868857905,0.533425568497982,0.49111516345212936,0.5853048140966831,0.5664432191277763,0.5415614989205525,0.45698653054335925,0.518677539273461
0.47297701693234884,0.37779770743285696,0.5310211315636822,0.5472147514098952,0.41223256589764096,0.49018965752816424,0.37533358850250464,0.6662276308601491,0.4953178489228789,0.6162038252068727,0.5029264362075125,0.5491212212280959,0.4874608850537162,0.0,0.3929372610493937,0.5337264717318302,0.4775528486368599,0.48082342869597966,0.5016413385696913,0.47263285023835394,0.48432197200951105,0.21886661470112767,0.5511374149949658,0.593700090259957,0.4807055859793363,0.43510386233773396,0.5342273458840416,0.5018548081948883,0.3646240900595146,0.5591704704661534,0.5001156854247609,0.33927326822970405,0.3406583737179679,0.6375128456421291,0.39014938659931364,0.37119886506663724,0.31259792462526764,0.3874406837577837,0.5810380164406542,0.0,0.6311224330249806,0.6723739228282374,0.587781979818898,0.4744277959751405,0.0,0.0,0.0,0.45945297124187306,0.0,0.4949016576767185,0.452144299816334,0.4997447750558943,0.5363681279767016,0.3975348615388666,0.0,0.5205949076266432,0.37158821195898567,0.6005500030063758,0.4214480983897884,0.0,0.0,0.0,0.0,0.4672498098024263,0.0,0.0,0.0,0.5551731363739492,0.0,0.0,0.0,0.48501871094131666,0.6831823506832347,0.0,0.0,0.0
0.4110868585896661,0.5370484653881968,0.4176346146388376,0.5726571659485912,0.5367062067081095,0.5617556463376775,0.504533213379929,0.46630921284478244,0.6652506811595122,0.5052093167955326,0.0,0.42093824933645707,0.517590010152923,0.3929372610493937,0.0,0.5646224265783485,0.41172399877790467,0.4872245869044742,0.0,0.5353769805122042,0.46152134827746516,0.5055792763721452,0.48216936402589217,0.38727936719315903,0.49085219753617015,0.46757110699183135,0.4514396267117073,0.4180503071593401,0.47483803219852433,0.4406413383726707,0.5337458902901876,0.439523485456809,0.5364643743642048,0.49671030416212825,0.5259644880770772,0.5996895993353802,0.42963905815487974,0.3818400559669561,0.4013510063822321,0.5231109094859944,0.4921985862837579,0.42794067236996025,0.4746664810899443,0.5140632843332904,0.0,0.584963107728324,0.5921298263269986,0.44410256865832143,0.0,0.0,0.4650024127800003,0.6869809681781914,0.5152785271621515,0.531572921556815,0.0,0.0,0.5812187361464463,0.5196495443206365,0.4758447035571929,0.5861706463036627,0.5867666568466621,0.5539964511947242,0.6964346860521207,0.0,0.6483177022059834,0.5275271019802317,0.6672232332537111,0.6827684397330946,0.4706319605402161,0.555460167073002,0.5169033035473102,0.5672005384499073,0.4765999558247661,0.4925829241306435,0.43147139878738394,0.4465443866119808
0.6583170369004371,0.5806253402722599,0.3987864277830466,0.26471580313741433,0.5502414091238158,0.5419602113198738,0.537592849880697,0.6501353229699436,0.5243857290866993,0.4380349064410989,0.49315195401572476,0.6324445008967123,0.5551221092555495,0.5337264717318302,0.5646224265783485,0.0,0.4810670790001999,0.6301260799928863,0.47474469478732695,0.47838505019035465,0.6082684514810821,0.5305965277256695,0.6139825315089775,0.5814336989422652,0.5874871244294699,0.5893341109289001,0.5636515686980417,0.5106011862573413,0.5072991961854539,0.48645833081632767,0.5472968258031222,0.497689475817907,0.3865398759949909,0.39045204257402005,0.5126043893017428,0.623430360243283,0.4077424792543636,0.5461012481400571,0.5897663511130422,0.5447818650062448,0.5678479235007916,0.5591357172250928,0.47766719740058844,0.0,0.0,0.4953621393187813,0.6434311092672085,0.0,0.0,0.0,0.5306421524563205,0.5967177948845176,0.7685230703112905,0.0,0.5767834464967152,0.0,0.4848299726809688,0.5895639436271979,0.0,0.5582335578731045,0.6247034762198623,0.5501434186920898,0.6376321713517747,0.0,0.533498107023271,0.5857160255370236,0.5807438708727609,0.5660012438905134,0.40874928392712057,0.6812115148619676,0.6573264700646851,0.579376619311012,0.5407983244251924,0.5985657053695365,0.0,0.488194098977451
0.3831099606625625,0.5620644091696828,0.5903167955476922,0.4886683864168223,0.5555063505867368,0.46911067400171663,0.5399100602480348,0.432512232843914,0.5057130596846082,0.6000682917098168,0.5064002600290207,0.6467434877180532,0.48334302607343566,0.4775528486368599,0.41172399877790467,0.4810670790001999,0.0,0.6278304673259442,0.6232332153680995,0.40622383907217735,0.4755703039705202,0.5707230150692744,0.4573813355157121,0.5608865037196259,0.5804374940546585,0.5097941336123823,0.4830407604425762,0.6975109143024909,0.35233829777154063,0.48443922231937575,0.5337464811838329,0.5161307855917069,0.5575553274389721,0.5275104508794658,0.5017410512372188,0.5477943332996604,0.3626326656631393,0.42143571584268374,0.5150340375986194,0.45998528922620513,0.46997521346073723,0.5905728195488036,0.0,0.0,0.48500129091212557,0.6376430198149835,0.5759805316999087,0.0,0.0,0.0,0.0,0.0,0.0,0.0,0.5366930600570833,0.0,0.4842207688306945,0.4215029157990564,0.0,0.5738459312076395,0.4315166286573666,0.5519227729140549,0.5164765328447563,0.0,0.0,0.0,0.5865985941188564,0.0,0.524854408638716,0.6141087512887226,0.5902270022328919,0.0,0.3674075782831428,0.47543903254661707,0.0,0.5909059098408111
0.5345280985173019,0.5694894674187354,0.50278678462743,0.478313726880294,0.4312614669889955,0.5308154215810879,0.49887112524003685,0.5906127876439208,0.5459660303812951,0.4784179645865863,0.5344737792932382,0.682375599615115,0.5554138483402824,0.48082342869597966,0.4872245869044742,0.6301260799928863,0.6278304673259442,0.0,0.5211290658793091,0.478551721570197,0.6005838147200896,0.4850866030030408,0.5891387623606873,0.5419465881335243,0.5802557810964711,0.5014459907997906,0.5805806982905453,0.47154549899840525,0.46050674964647886,0.4759042698146267,0.4714904527462142,0.4818673099465612,0.5335376515644383,0.5622356387836984,0.4526972138628781,0.49634535269837754,0.4039963077342934,0.3917305288983564,0.601108074188279,0.5405573883369589,0.520510448504812,0.5663873667471685,0.0,0.0,0.5078995946876809,0.5593343248662841,0.6333142904312457,0.0,0.0,0.0,0.5185551262393598,0.5048231951441342,0.6039912748918831,0.0,0.6215791171021784,0.0,0.5678947044905618,0.5699522946357011,0.0,0.5609772186153201,0.6015150718033103,0.6124351130964472,0.5729292803770404,0.0,0.4547393000999843,0.6067152869638396,0.5718282853116623,0.7309288464073248,0.5409266244346083,0.6058240226220208,0.6303801546335611,0.4995967209673689,0.635430765960477,0.5218360741736062,0.0,0.6406797676803008
0.0,0.5692562274586097,0.3880251136531884,0.5004683391612905,0.4278302408697033,0.5078698899454597,0.48572675210990207,0.49129409481264497,0.3002830361244423,0.5226388846104988,0.35094502537444794,0.5714485672931,0.5160176257426583,0.5016413385696913,0.0,0.47474469478732695,0.6232332153680995,0.5211290658793091,0.0,0.4982240745877287,0.5441872918834276,0.5923514208228151,0.3854405676827864,0.4955182913598575,0.5443005603712019,0.541914104302157,0.45181221429898016,0.5566230748471389,0.5117941362484161,0.5774748675014212,0.5356576146070902,0.5438524325405057,0.45250832112790407,0.553763655899697,0.47440218300885195,0.5696679968185249,0.4683748864981262,0.46170877723416337,0.6137050902287977,0.4504443665464877,0.392097211096702,0.3051513916491425,0.6219292355740942,0.47312771054034625,0.0,0.0,0.0,0.5595098715701322,0.0,0.4553306842747992,0.5144259094800022,0.5477536465406938,0.5155356410382288,0.5775115885533774,0.6201908934746674,0.48635932284698086,0.48261193440892725,0.4598667462125024,0.43968030795043594,0.0,0.0,0.0,0.0,0.6034379025816673,0.4794335633740555,0.0,0.48232786054252547,0.5608275371421627,0.0,0.0,0.0,0.5578605371372456,0.5618879093901654,0.4156695620950566,0.48186042443147903,0.5399130279312642
0.5074641744139141,0.49307275553718827,0.38228471593088287,0.5435951004755458,0.505150218566258,0.45402968044574865,0.488348048580808,0.44582798854211075,0.48467090230707693,0.43624472369164646,0.47180694257774447,0.46792229121164314,0.5362651782899398,0.47263285023835394,0.5353769805122042,0.47838505019035465,0.40622383907217735,0.478551721570197,0.4982240745877287,0.0,0.4921732119397602,0.462694764297519,0.46748003562847584,0.5376525772340186,0.5297325437822179,0.47433920380912836,0.5242135251580646,0.5287298945115955,0.5366395931869766,0.5634070321565222,0.5041478920246075,0.4167041480773377,0.40862607767625725,0.5015768160536797,0.538163781001464,0.6866231413375253,0.4652261856730768,0.7011782755132964,0.43453828124208993,0.47527148811255404,0.5246547959327068,0.4325841325549995,0.513493974243858,0.0,0.33881493728099477,0.5562932139465784,0.5315109864802812,0.5526169420130872,0.0,0.0,0.4611029915239825,0.5515554358707875,0.5583127105562947,0.48589550768199447,0.7900005110845902,0.0,0.494536918230759,0.5452138722931243,0.0,0.5581556661234407,0.4790579314140124,0.47806098703565647,0.5442153773921453,0.0,0.48715169775937733,0.45743023158252466,0.5248923355369254,0.5164206570388251,0.0,0.5186013196622552,0.446833453861289,0.4913576387101049,0.44287636521364565,0.511834700019601,0.4458030180041629,0.46973552210665426
0.35995960433532087,0.5829878792913272,0.44846035016376024,0.4564755886949844,0.5571076447614394,0.55558805625064,0.4316678597026272,0.488339500903158,0.4382791764206554,0.5903474629243339,0.43328976416676745,0.5250358971549955,0.5006327555808066,0.48432197200951105,0.46152134827746516,0.6082684514810821,0.4755703039705202,0.6005838147200896,0.5441872918834276,0.4921732119397602,0.0,0.49333873150953417,0.4925982714622036,0.0,0.508108536106778,0.5771467680473722,0.498863674246103,0.44889460808585563,0.45181728262115745,0.4825306664216946,0.5299271914300525,0.39304900351305944,0.4588013441397714,0.44811016723199126,0.5407309396649179,0.5064939429518064,0.39372998338880005,0.5235364587859376,0.48021388186055464,0.5215379806964862,0.42590803314400993,0.4296211399872404,0.559077260434957,0.0,0.0,0.5208691774017447,0.5521805956973443,0.5395394884246898,0.0,0.0,0.5329583485273209,0.43913793561967546,0.5714010272436458,0.5935117743857109,0.6248097218287207,0.0,0.7401769784150627,0.532889022804411,0.0,0.551468995049919,0.5603348974739883,0.0,0.5507580196357236,0.0,0.5223497656823436,0.6023488041028046,0.5601880591424364,0.5332773636350725,0.5592710086154623,0.4581411180109404,0.6464913452829103,0.5002038580037322,0.506035129376878,0.5671415198306694,0.4160166021878966,0.3358940413046927
0.5439387062925815,0.6013419093587553,0.5172233356042741,0.5224463861177334,0.49168254906833214,0.4293337490265819,0.4885323045747892,0.5028193145215394,0.49133288203156855,0.4705844113730406,0.39057872039401875,0.4154173656454429,0.491676053951062,0.21886661470112767,0.5055792763721452,0.5305965277256695,0.5707230150692744,0.4850866030030408,0.5923514208228151,0.462694764297519,0.49333873150953417,0.0,0.6333961931461672,0.4452612891778724,0.6232507893688576,0.5806814343738104,0.4476158625707531,0.5594560308312325,0.45887211652681803,0.5420550610002538,0.5504209836544833,0.5143128352501032,0.4526050826386653,0.5657980190684849,0.5825152422644226,0.5644654174385834,0.6453433618905016,0.4870473354608744,0.46677451827577143,0.534005532126267,0.5045599761489066,0.4857236689374015,0.43852952698329034,0.36178440048264165,0.3967748075550299,0.553024188388586,0.5987786729513057,0.5552142229530681,0.4769828242839161,0.40334125723244896,0.57779763634636,0.6250929197182915,0.5642409385019861,0.6180132395360507,0.40706175184672955,0.0,0.5494170723025102,0.573089823453553,0.0,0.5984349402876373,0.5611821105011643,0.5058741092268221,0.5312569511718599,0.0,0.49198665866331526,0.541924001644376,0.5707437611931102,0.5408226330836294,0.5739815598642013,0.5027925296288336,0.5465922402800826,0.5170810941448849,0.5219751965041005,0.5255965496663454,0.48136626283401324,0.538711705851811
0.4708572418259566,0.5881770034980084,0.4186380823700131,0.5636783665097022,0.43564061540680976,0.47661704697591234,0.4962415013610538,0.5207806809929794,0.4801584208872545,0.4909526855094113,0.43607843506378213,0.4566898956943083,0.5422085759880416,0.5511374149949658,0.48216936402589217,0.6139825315089775,0.4573813355157121,0.5891387623606873,0.3854405676827864,0.46748003562847584,0.4925982714622036,0.6333961931461672,0.0,0.4228002401003355,0.5494356110196158,0.4906425853594791,0.4135731115056829,0.46689752530923195,0.49484747407154445,0.4799069092463475,0.5182896776203433,0.5049717532052094,0.48821802853129337,0.5177583983731407,0.5325188242543643,0.5721953718982268,0.5491973006039124,0.38632775307252526,0.5498482589729223,0.5334182256677974,0.525411970862077,0.5391057105778965,0.6144754382587171,0.602337479966153,0.4642578525894825,0.4619304961943247,0.6062063321643268,0.5963203675506209,0.4381112450601479,0.6073915385040991,0.5620313370872744,0.5639852087136745,0.5832658893372792,0.6119622834923899,0.5618012993018034,0.6018404412164431,0.435906245693771,0.5272458213757858,0.5912219531992536,0.5910526965176425,0.6219261694513549,0.4760588784404712,0.5676689234165484,0.5879412907810805,0.5460995131666607,0.5558650274958031,0.5597929202489911,0.6722068755320119,0.34892437271522747,0.5936582522884438,0.5280311653227857,0.5174208364797137,0.49787235964089344,0.5687278801580875,0.5494142359160061,0.5182262518850388
0.5018744753145148,0.46021994291707186,0.457100462257956,0.316195443665962,0.4848637517598298,0.3838398861879129,0.479350227511317,0.40078483425376155,0.5458701160680439,0.4313629963206238,0.4932330748360943,0.3983258633909656,0.4034708953679884,0.593700090259957,0.38727936719315903,0.5814336989422652,0.5608865037196259,0.5419465881335243,0.4955182913598575,0.5376525772340186,0.0,0.4452612891778724,0.4228002401003355,0.0,0.5361947877316126,0.4065071680488064,0.39976513153310955,0.5132278078432337,0.5920604449261404,0.7605632049216751,0.5785436797220622,0.0,0.4313356938050739,0.3472315618587611,0.45124502356357116,0.4036051779971349,0.3410052014134782,0.3671791018959111,0.646544058271427,0.6096710364672892,0.5046169064068717,0.5599791828654267,0.5090341139152426,0.41150233123751406,0.465247511490027,0.40162594532312795,0.5123934824816161,0.0,0.0,0.47923988984942795,0.5195504606109549,0.39135887991600216,0.0,0.32132415934344266,0.5114808609778864,0.5045696291160787,0.5087106478224165,0.44541347748869514,0.0,0.3540328182324642,0.5034956340584104,0.4844461593319617,0.526929234661219,0.481116258422802,0.40499409602543146,0.4419253518213754,0.39781714885008546,0.664976150199178,0.355657013216877,0.5580101927887383,0.5393149129189645,0.3948964363463099,0.5730511612453186,0.7125442249619727,0.0,0.553361557022788
0.4614519843723749,0.4934928072733189,0.5205991109065876,0.8020911479902963,0.4948041007737121,0.49175759309352823,0.49647702173285674,0.5728508532696439,0.505872294178952,0.6259366393408503,0.5453469432266307,0.5826567110048487,0.5648557919806014,0.4807055859793363,0.49085219753617015,0.5874871244294699,0.5804374940546585,0.5802557810964711,0.5443005603712019,0.5297325437822179,0.508108536106778,0.6232507893688576,0.5494356110196158,0.5361947877316126,0.0,0.3494238766115134,0.5629446667105045,0.5107907767501629,0.46181869739703263,0.428160767111673,0.5277673957824488,0.35358957275639286,0.5211047811699655,0.4608880630749254,0.47530533670951325,0.43264087276985347,0.557236292552372,0.4893847453065899,0.6088177496771185,0.5766530306790201,0.5574387813622081,0.5895073618193326,0.22732578649422874,0.0,0.43753523670600275,0.5693457807621913,0.6535517422700826,0.0,0.0,0.0,0.5364487694524596,0.48720542358409813,0.5776524377605046,0.42865120121986977,0.5672751967534829,0.47353921605910243,0.5813208245630576,0.4200664262153899,0.0,0.5363280722314441,0.6038573724977834,0.5696090039771737,0.6021971483633739,0.0,0.6088295362086642,0.5195128905257032,0.5935408019706417,0.4784558906632232,0.5035281557690248,0.6231110840578522,0.5987929714946184,0.46783340861151085,0.5962547317994261,0.4515203841573399,0.0,0.5916784627425161
0.5881796613004834,0.45406519515835014,0.5107072297018086,0.5166044673731859,0.4729360996842193,0.5789759375287828,0.5499783967381451,0.5487525061592424,0.5843414971059525,0.5194638505517475,0.5619340796288211,0.45191051716106206,0.5588502359675163,0.43510386233773396,0.46757110699183135,0.5893341109289001,0.5097941336123823,0.5014459907997906,0.541914104302157,0.47433920380912836,0.5771467680473722,0.5806814343738104,0.4906425853594791,0.4065071680488064,0.3494238766115134,0.0,0.5604830271537549,0.5792522308189785,0.5673615423966593,0.353269317837756,0.4693818256902137,0.5460859322854621,0.5260801348930871,0.4832990308868794,0.5367000500582916,0.42118497563594154,0.44404296891485845,0.428123746697495,0.5425441472581257,0.5614103041602883,0.6250901369894628,0.4527182053670654,0.0,0.5080140177029165,0.4572131163335799,0.527349068740923,0.6671884740620406,0.6905483697907558,0.0,0.0,0.579997508156482,0.524248503361732,0.484569077950659,0.5387454220306777,0.5364992562958605,0.0,0.5840988730585168,0.6182094562741024,0.0,0.5823494579335569,0.6252806984905579,0.5246776988475816,0.5576518075497703,0.0,0.5325834136403569,0.6723827733345628,0.6742986887853476,0.5209886175666959,0.4771081193345412,0.5981744970697774,0.5684969115634707,0.5635348350780885,0.5569735384528768,0.5970413633495543,0.47174034964875655,0.5518508496098113
0.4687262370507129,0.5081101320489457,0.424246149144252,0.5512182870151238,0.44513850775928343,0.4806535578062602,0.4398939166721403,0.49724306322359346,0.4432710973272622,0.43939016127965,0.45724996754093455,0.5193103292694109,0.5006057168180067,0.5342273458840416,0.4514396267117073,0.5636515686980417,0.4830407604425762,0.5805806982905453,0.45181221429898016,0.5242135251580646,0.498863674246103,0.4476158625707531,0.4135731115056829,0.39976513153310955,0.5629446667105045,0.5604830271537549,0.0,0.49417968830169723,0.507404918407645,0.48889792342775185,0.49720344939502986,0.45791040973321706,0.471994418191935,0.5105602106084723,0.5163449218202143,0.46948627278407884,0.5701697395896812,0.43884893498664107,0.5256857860431806,0.4670853222141351,0.5047119626602287,0.46920908953385837,0.5978806311852837,0.5857389424823297,0.3538194900136304,0.4710958797136042,0.4844123826269423,0.5730055766613669,0.46296673879327294,0.5882388226629629,0.5635881145257572,0.5424511240655905,0.5146958188595275,0.5829396471053184,0.6536838107469267,0.5877028098365085,0.3556292174469858,0.5447731240555157,0.6350455474308214,0.5374226254207177,0.5789036256607194,0.0,0.4566651458715663,0.6392719324753712,0.5158798634413201,0.5330800352632636,0.4990075679276014,0.5307374177276367,0.0,0.5417194069060668,0.47023104966503776,0.547924356020733,0.5159169802119395,0.5357604435487588,0.42350006915050203,0.505766985016283
0.4955689104680772,0.4816450769950628,0.5684419469719568,0.4218711897225259,0.5419697431187378,0.5536341465412946,0.5307626150175606,0.5063954169462029,0.5662521060260608,0.6125146784727125,0.5015477513344276,0.5743103540542114,0.5114466891493373,0.5018548081948883,0.4180503071593401,0.5106011862573413,0.6975109143024909,0.47154549899840525,0.5566230748471389,0.5287298945115955,0.44889460808585563,0.5594560308312325,0.46689752530923195,0.5132278078432337,0.5107907767501629,0.5792522308189785,0.49417968830169723,0.0,0.519797419886749,0.4689992103567735,0.5446077707570004,0.5060812437301277,0.5474631300052645,0.4097501700682212,0.5338916293280285,0.5156157918319488,0.4095938702071461,0.5630349456222186,0.4923944017696894,0.34485261916247306,0.522572513840607,0.0,0.5020972340990191,0.4588215030532514,0.5880086978587304,0.6118890656985632,0.5464130016166838,0.5813295621022246,0.0,0.6408134820432789,0.5785852122768493,0.5443203707582056,0.5260270151583721,0.5779287380702413,0.5891256677696148,0.5157431978647804,0.5009719364396064,0.551130669290114,0.4140495811994397,0.5114169257968231,0.4442480985667451,0.330211844644518,0.5363859888469958,0.656834966422822,0.5519069045582169,0.5352334415746807,0.5208908248407251,0.5685108782174565,0.4673145680302436,0.574769501863026,0.430509590814404,0.5656861793346518,0.5564224251806311,0.5229864333872053,0.49932399719901943,0.5343753546324588
0.5206752502348012,0.4235027239142838,0.5676603313838853,0.4325943114499694,0.5461744469617759,0.43036082220234606,0.5215237924044774,0.4696883198201999,0.46857640674961326,0.4576727513808224,0.38746114346713734,0.5484436561943161,0.5407107562041672,0.3646240900595146,0.47483803219852433,0.5072991961854539,0.35233829777154063,0.46050674964647886,0.5117941362484161,0.5366395931869766,0.45181728262115745,0.45887211652681803,0.49484747407154445,0.5920604449261404,0.46181869739703263,0.5673615423966593,0.507404918407645,0.519797419886749,0.0,0.4961969530866124,0.5330852052923352,0.36624440972451594,0.39753603884825367,0.5216215842264654,0.4563016217879063,0.4868180531473291,0.4554079400386015,0.4938021650085759,0.4865475928506614,0.4780026608737154,0.5055329876874574,0.47483478740217716,0.3968579932969402,0.5219223368814132,0.46418166374887243,0.47746210755897367,0.49082243156460037,0.5457826765723237,0.47062744943961266,0.41895412938923055,0.5386157065625496,0.53262639100595,0.5904834720406484,0.512853024089274,0.6398882120412902,0.4117664608416684,0.5490881075467204,0.5139205644177578,0.5698493891179894,0.5194421056445266,0.5642691926321561,0.47711759936872383,0.5396009894725101,0.49823329035615405,0.5139665757753056,0.505108942357328,0.5067919092721676,0.5566503954783056,0.47170333689391664,0.5780057676103861,0.5317784394642354,0.5438964471202171,0.5145535586769258,0.5226314684681154,0.4409823920494284,0.4849766978814659
0.5305798662051378,0.4444633287329856,0.5887615076166273,0.5377597351166074,0.4491872930495031,0.5778502178807928,0.4696400510207077,0.4802947144401088,0.5732841917911775,0.4003920513177443,0.44611017191359736,0.3234080748445477,0.4533980102840261,0.5591704704661534,0.4406413383726707,0.48645833081632767,0.48443922231937575,0.4759042698146267,0.5774748675014212,0.5634070321565222,0.4825306664216946,0.5420550610002538,0.4799069092463475,0.7605632049216751,0.428160767111673,0.353269317837756,0.48889792342775185,0.4689992103567735,0.4961969530866124,0.0,0.5715105925417999,0.4211651013284745,0.4706982571771479,0.5909928842914819,0.42463570954642726,0.49857583375846315,0.31950802028733094,0.4280297599382292,0.6049141600052885,0.46914598315014033,0.5195343569259064,0.493694880881366,0.5790612274120687,0.2702956778457445,0.0,0.0,0.0,0.21344398812054363,0.0,0.0,0.5078251923721588,0.5579652133322243,0.3878821524871735,0.6705026988337922,0.49413871835958073,0.0,0.0,0.40697350016986955,0.0,0.4234155551790849,0.0,0.0,0.9339396180231512,0.931475817113359,0.5393826996658876,0.5004448743656265,0.5692445686854998,0.5776626280620087,0.0,0.42201846462672854,0.47909576221783273,0.5902073955959812,0.5606613143699763,0.4911099694876489,0.5092256490308785,0.40150755066380023
