0.0,0.01607947444238464,0.0024337174300435244,0.0,4.552018313677069e-05,0.020655406699722694,0.004140917445546134,0.010430070057314476,0.00015190729585477637,0.00392831739498509,0.0010558490180419728,0.006148501556424534,0.01668327506293596,0.003660136647310223,0.018973677913821686,0.0190926944788166,0.007995974488132603,0.013975246935305866,0.0,0.026476260670562954,0.0062150015597087615,0.02335944625242345,0.01896199575934983,0.004100985373787693,0.013035136891209149,0.01714548097786358,0.02454318648518341,0.01028206702591543,0.01519716925523041,-0.001966679303897887,0.01585102541103448,0.009938929927143422,0.02409478117481638,0.011603356119168767,0.0022620076799635003,0.007525991175795364,-5.96393810395489e-05,0.008880646757688931,0.019266068586637902,0.02951981383835049,0.016854037562467554,0.004495533106159747,-3.2741070694009e-05,0.0,7.098679340289404e-05,0.017014200582542827,0.029075501696797526,0.0,0.0,0.0,0.008199586090845454,1.1102230246251565e-16,0.002020291341592675,0.0,0.023330261443477746,0.0,0.003364440550446851,0.0008665040108828434,0.0,-5.1539332759269354e-05,0.02530141834280504,0.006473452204249093,0.02524588580728806,0.0,0.009128562550675987,0.013706702169905268,0.029710977804211405,0.004594014259132945,0.01738241175108715,0.03100420380995956,0.023833933909628707,0.00935450274722714,-4.8274640452650175e-05,0.010942455294591626,0.0,0.011928911210595645
0.01607947444238464,0.0,0.011551879537789864,0.0005853282864496348,0.016084514508758422,0.01742827528818281,0.02171521804687907,0.013678068965349689,0.020221863755987023,0.0019482831585876073,-0.0005323156073657742,0.004182377093087521,0.019924758472416256,-0.0018696783182224435,0.022292986158863756,0.010588800553814602,0.00620470377786917,0.011616357725409069,0.004014814380908286,0.015207474811104436,0.019098643177960947,0.007081167728721521,0.02788787769494233,0.0006891951539404689,0.002504486027032676,0.008166283137354291,0.020472992788751063,0.015725819728069346,0.0173150483995874,0.007140540644845785,0.009924836526403167,0.00396588763365715,0.007323035954934424,0.006901453110798424,0.004360647438428628,-0.003084976448109474,-0.000340072066006407,0.0,0.017404877566403573,0.011720466240533365,0.018140544272604246,0.013942080852224183,0.0019508357224728003,0.0,2.220446049250313e-16,0.018046915845797578,0.019634414798346284,0.0014124299076489983,0.0,0.0,0.015146692024487318,0.003625829743568019,0.0009375213655457972,0.003843316950210485,0.0026215021062135357,0.0,0.008104376300860841,0.007040540793293393,0.0,0.026982544833630093,0.013945869721798735,-0.00010794306449304593,0.008439047018628715,0.0,0.021038333721889957,0.024094193152616853,0.018711564042922957,0.03133922724885683,0.0004108087737257102,0.01905454140144854,0.02216941655272517,0.02470184412966161,0.008091600115660244,0.017598001127912398,-1.1102230246251565e-16,0.015314732677667241
0.0024337174300435244,0.011551879537789864,0.0,0.02617653736651221,0.030298965071415378,0.022510091792221885,0.03955552070155909,0.03879417325462587,0.02165547171241217,0.023088582599236282,0.03226893820757706,0.014161529029944121,0.040510789250651484,0.03130477206509357,0.0038248821748969597,0.0016117890517683203,0.005271998260803212,0.00875174861477953,0.019670766065464185,0.010852788605227176,0.0050886835749227866,0.013376089312549225,0.0337161584775798,0.00996550258758239,0.0029196125235282306,0.01420288929130468,0.013870140327556124,0.037770711561936086,0.02201240178807986,0.024186934306679935,0.03927521981574126,0.036538853154446146,0.008569026726716576,0.03953059282860719,0.027633398761673946,0.036765607436766934,0.03311176125306006,0.012013376917656146,0.03579176745555562,6.705514046214914e-07,0.020095753797256588,0.007815906072030686,0.04378960425387965,0.008093451998402414,0.0,0.0,0.002843620221816803,0.06000415211703885,0.0011022836823105786,0.030438081835069637,0.04237740613989405,0.030970047536467944,0.04364930391663933,0.04826252401186101,0.0005545408075268895,0.06785639367251654,0.005563016554795778,0.029866503662029704,0.03916775127546016,-0.0001518308314142378,0.0,0.0,0.0,0.058482257775115794,0.002108127340626317,0.0001751886372428747,0.00016530679145085634,0.04790572863177424,0.0,0.00012915016338287276,-0.0009632432161247225,0.045989275193265455,0.019279383861153045,0.015443579870948227,0.001054125126811208,0.012968775476962754
0.0,0.0005853282864496348,0.02617653736651221,0.0,0.011351216830797614,0.02367486264451405,-0.005765072574981404,0.023863946954346568,0.029244752052201586,0.023165443261145204,0.022937578001971645,0.003186003973018379,0.011443131214624869,0.010245242700469344,-0.003447919990467319,-0.0007471949556945794,0.0035427341170916247,-3.3486608637725875e-05,0.029542460647885276,0.007125377231189954,-0.0005074260530311095,0.005449507384979612,0.017273129103351402,0.006105916593384019,0.0005919684926182253,-0.004941217913635856,0.020619021330943847,0.005132077141672867,0.009372171768147253,-0.0014602002239807856,0.012436426824493647,0.011231075687887742,-0.01115085091035866,0.0023189102435806647,0.006081366448599297,0.011219986751309889,-0.0009416475858782787,-0.0012289927990203882,-0.010841613047140252,-0.0022849531893775845,0.0011168302625272784,0.00023144428948299663,0.0065624321250547756,-0.0009499745875958501,0.0,0.0,0.0,4.546149289148044e-05,0.0,0.0,-3.628467565914962e-05,2.220446049250313e-16,-0.002463506092505566,-0.0006737273442061425,5.551115123125783e-17,0.0024618707762586794,0.0005035309012425055,-1.3712973461544999e-05,0.0,0.0,0.0,0.0,0.0,0.0,0.0,0.0,6.757216217948929e-05,0.006511365848230221,0.0,0.0,0.0,0.008634763104221196,0.00042194235807773334,0.002015827724673233,0.0,0.0
4.552018313677069e-05,0.016084514508758422,0.030298965071415378,0.011351216830797614,0.0,0.02459900265921606,0.019049477015687766,0.04509126826787265,0.023475882401215686,0.030371919352608127,0.01915410493210159,0.011499744150644071,0.02648451076469808,0.023244567743815794,-7.384516198252446e-05,0.015530197477145588,0.015401136148409754,0.0075008920012147005,0.03699373598065345,0.02396750539135966,0.0075667727125436806,0.020162309143665208,0.031101716755158486,0.014981854457224256,0.016009255671376076,0.01469392876247224,0.027310293735681543,0.0058737077418681005,0.020665818729003714,0.008171111140892707,0.03249506081686429,0.02913056838917827,0.00442070899291317,0.03307454976626931,0.027839640754888775,0.010779347031198006,-0.01690324420875534,0.017646677853035364,0.011106513010398885,-0.004527458816022321,0.0029676731163586056,0.0012509636447509687,0.03696910215171792,-0.00038197546992627427,-2.766703935097592e-05,1.1102230246251565e-16,-3.3321063244687e-06,0.04157925910921443,0.0,0.022692287482521376,0.030110612865811095,0.018283528967049986,0.030322195980211058,0.033303600066157825,5.551115123125783e-17,0.03844990554416525,0.0005394010022153679,0.019032742550052065,0.01767457737374868,-0.00043601245108334147,-9.776617062214518e-06,0.0,-5.551115123125783e-17,0.033292799307235756,0.0063332801470304305,3.17082934650153e-05,0.0012708520303393405,0.040565934860603906,0.0,2.1498687643438528e-05,0.0029484875529575097,0.03501634136785761,0.01696454203014237,0.008380403869175292,1.1102230246251565e-16,0.009675335384404952
0.020655406699722694,0.01742827528818281,0.022510091792221885,0.02367486264451405,0.02459900265921606,0.0,0.025837418590728987,0.028519646352412602,0.018934936129835166,0.025653293350838217,0.02524495392584133,0.016056952871210707,0.017071605721184033,0.023996872119419196,0.03013472795721285,0.01881348010282565,0.007658514737363721,0.01320101873940511,0.036626696596420406,0.018481629021996376,0.03113591086304395,0.018144262129117242,0.023846382204747083,-0.0005157933035797714,0.012154496703244652,0.021956606190991424,0.021435138991558945,0.019166822464527784,0.01954276337173112,0.02516178432385781,0.024853569569237698,0.021411408199510776,0.0199536669340162,0.025109354723550234,0.019396325393556364,0.024814518508498574,0.02241823890385156,0.014241980995837658,0.027027383255919656,5.95546435746799e-08,0.03814324330973922,0.005692888213561845,0.029784409575920892,0.008045255429945435,0.0027815426038709295,0.00281448812415906,0.016736902165510055,0.04115406246977093,-9.825640816665815e-05,0.0207332933952981,0.03767964315321879,0.036845913926614154,0.036306952022082055,0.045380092137904046,0.003939687792544537,0.03459760610925963,-0.003183964117094543,0.03644499265474399,0.009858854117585013,0.029940918805761982,0.00643286126854473,0.0,0.00045878382181743473,0.03556276193969948,0.028353616201529406,0.017705408503842397,0.019726260733788414,0.035511807323523985,0.00011173556966794414,0.013131142916799494,0.021029323318252427,0.03658751840513947,0.03659729231289839,0.03242945968938875,0.013943929116219509,0.0321469287253065
0.004140917445546134,0.02171521804687907,0.03955552070155909,-0.005765072574981404,0.019049477015687766,0.025837418590728987,0.0,0.03281250052054259,0.03538820354512806,0.01609594188893298,0.03728417315403939,0.005651714964608278,0.016899207187375895,0.022590999156081468,0.007397862120920334,0.023583615430864104,0.01585822768191143,0.017450032301399045,0.043080343348583613,0.02664595177205037,0.022078849231897485,0.024296491132280183,0.037623343907227706,0.0025112918303158796,0.017455342646505848,0.019412656135560907,0.03420287787147241,0.008952788439598045,0.02291036675323681,0.014425212833348185,0.022661127718952078,0.02098463440712386,0.007516632206350993,0.016691142539863646,0.0034376774511136066,0.011815794477959838,0.0033347922162018403,0.0016827926398951378,0.0002495125929114248,0.005560018168701556,-0.006385882673338315,-0.016541519247745096,0.021278049538996025,-0.001333121225395152,0.003908141416791728,0.0,0.01016688160967035,0.026453331874932096,0.0,0.015697985666935536,0.031089210843837527,0.01763052688873826,0.023617731054691476,0.02924142416522787,0.0019201979430810176,0.022911173100745547,0.001291875108698835,0.01816384803051716,0.003538062675999481,0.009321934602832994,0.0002691028824453447,0.0,6.368695386121022e-05,0.022666225341565784,0.011314916009305086,0.0013663880505809646,0.009248507582746389,0.03707046225447377,0.00010330540876736978,0.004305329309733757,0.014653504461761467,0.03357612325658884,0.014598471927646505,0.015068546117901751,0.0025181681573804232,0.015605058732632342
0.010430070057314476,0.013678068965349689,0.03879417325462587,0.023863946954346568,0.04509126826787265,0.028519646352412602,0.03281250052054259,0.0,0.042387883508437224,0.016453808551998055,0.02991436286172892,0.007238630366384761,0.032677669625191016,0.025937296655748662,0.01842421986670227,0.015998714077915296,-0.0005492769077455822,0.003949774169303428,0.03975344602620241,0.025499261594707154,0.018774014790903633,0.013530342534857206,0.020837598295092522,0.0056810373915583655,0.010993818679609139,0.011646000034942892,0.03257472150136312,0.02465622961788795,0.023859209142997048,0.0224007983488389,0.026214450854590413,0.005420660367740586,0.0067743902064814655,0.025858881585205707,0.013588144849772828,0.03391546066604133,0.004965554138846828,0.003702526114598771,0.02271323959619024,0.004145142329760324,0.02685780198355755,0.009203276595549339,0.038774323358033685,-0.005316629287523346,0.0,0.00039468047549481855,0.00834460701081497,0.04245382001119118,0.0,0.012204146883375962,0.04191579200966169,0.029353023904545916,0.048626362676235796,0.04303190479729951,0.0005189391915752147,0.040405491700523946,2.718410283528458e-05,0.03772386943284604,0.03485209187704983,0.032358637521584306,-0.00046260267014818716,0.0,-0.0001125108123631745,0.03219205511966613,0.02870802730955006,0.053487243086437375,0.017272746958631388,0.035956192298745616,-5.551115123125783e-17,0.005479790169078335,0.010546502698554307,0.04129699053315371,0.033539949275851764,0.03393133722666239,0.004644104340103801,0.031033136060522618
0.00015190729585477637,0.020221863755987023,0.02165547171241217,0.029244752052201586,0.023475882401215686,0.018934936129835166,0.03538820354512806,0.042387883508437224,0.0,0.03709506238875555,0.025717100893221236,0.02567504722177555,0.03271593645012026,0.02636483700275594,0.0028611260281054076,0.019900446707577728,0.014497610308465735,0.011586099955169146,0.022359770408186798,0.026200425714782996,0.006166540665037138,0.022533768831764195,0.029039539980938014,0.018922086377643695,0.016206387675501772,0.018603267648442213,0.01749207971491448,0.038367478141308003,0.02162094555201198,0.027139281861718087,0.04151065228592967,0.038128903002921516,0.023083058346124768,0.04000900316017634,0.03544515460068295,0.03434776809413986,0.033667424802963836,0.03151235298628804,0.04037646064174689,-0.0005642415984732579,0.023420991949395783,0.0009271209964694475,0.037114204576831934,0.0011841823907328532,0.0051483172539153405,-5.551115123125783e-17,0.003636076861277596,0.05061322194943731,3.5327673305021425e-06,0.02214816578260298,0.04399373421735583,0.03315304254427012,0.04540820675496765,0.041699486485284834,0.00028959620911752883,0.04337019577210172,0.006784895861601439,0.030834506878049395,0.040911289044047734,0.0022279307017699706,-0.00015021309930586998,0.0,0.0,0.03840565905210964,0.0058178524092844085,0.0015580440144051027,0.0031774217211895848,0.04356664110904953,0.001162685564192134,-5.689008265730464e-05,0.0037608199268164186,0.042806246438668094,0.024367689502889638,0.01485819488217768,0.0021347747687599753,0.021360196028810976
0.00392831739498509,0.0019482831585876073,0.023088582599236282,0.023165443261145204,0.030371919352608127,0.025653293350838217,0.01609594188893298,0.016453808551998055,0.03709506238875555,0.0,0.03669716893384042,0.005524304418059121,0.018226186087533198,0.020326372547906472,-0.0008305859653214441,0.0049739081913564975,0.010884690087356673,0.011576987723939237,0.03802907605644647,0.01809583435987427,-0.0006023740284036448,0.010836805199009751,0.02072215184758022,0.014063453612880056,0.01642523178665335,0.01861608337205739,0.02719109317010179,0.013337738586159421,0.01123515139814648,0.00532053262276444,0.014399787264671853,0.013077871221194014,0.016416123011283236,0.015881350069979,0.009345532308775396,0.023496796956159405,-0.0049340383820209765,0.007341067982716835,-0.01727744153618561,0.03322931611525981,0.00170910133527742,-0.01854857032048877,-0.007417916707718405,-0.0059600740706309,0.017412009917490583,0.012617493976999707,0.006023506677927744,-0.0008046474220406966,0.0035690321973494855,3.9468391418051585e-05,0.002111492997923977,-0.012284299220834025,0.001465880563753263,-0.0027480873402455303,0.03792375800281489,0.0042838727846126095,0.034013712225285986,0.0015954799418609518,0.0,0.0011953827869597205,0.010540873256569574,0.03380475241132392,0.035723138669927886,-6.593676672016984e-06,0.00010713058415914547,8.30332972547248e-05,0.001912381946629013,0.011105438244357705,0.03155363102550465,0.0337649107179783,0.03336067133777585,0.0010606205767433596,-0.012752019907887817,0.006860318374310408,-5.551115123125783e-17,0.028779411815720517
0.0010558490180419728,-0.0005323156073657742,0.03226893820757706,0.022937578001971645,0.01915410493210159,0.02524495392584133,0.03728417315403939,0.02991436286172892,0.025717100893221236,0.03669716893384042,0.0,0.026432572981006264,0.041776281112589055,0.02427383324534322,0.0,8.4808817415041e-05,0.018077544876487283,0.014443269590181298,0.021124610169271585,-2.3869475234296795e-05,0.00037352212891596085,0.0003824611637938587,0.032417599205160665,0.02212315417330162,0.0171487072356804,0.019014505122524433,0.02449530956449071,0.03906267051265003,0.009035050923776516,0.00020176338258234838,0.0421920009249863,0.04268777010566374,0.024285996258453364,0.04304689593382253,0.033772477272877736,0.043817541875160765,0.03889563148510348,0.03140371964619378,0.041643980675171145,0.004394406637376885,0.02130469994968009,0.008056690417028016,0.05037640439192478,0.007551969002328595,-0.0005348635440855078,0.0,1.1102230246251565e-16,0.04028856061094742,-0.00010253939668437388,0.0354986215617585,0.03875658176594828,0.03575596825290279,0.043285296082593905,0.04786522661354934,0.006998857043717453,0.025574499585509412,0.005433724949692156,0.035300401445171325,0.04098470733462592,5.551115123125783e-17,0.0,0.0,0.0,0.021379922931137593,0.002931232935941608,0.0,0.0004494236600494361,0.04907301512276091,5.551115123125783e-17,0.0,0.00019790770267700018,0.04217824593786246,0.037324541490710926,4.218487676482807e-06,0.0,0.01938253877611744
0.006148501556424534,0.004182377093087521,0.014161529029944121,0.003186003973018379,0.011499744150644071,0.016056952871210707,0.005651714964608278,0.007238630366384761,0.02567504722177555,0.005524304418059121,0.026432572981006264,0.0,0.013260278887424549,0.0023000697428737196,0.0005269340297797563,-5.308887443595626e-05,0.01698991052563655,0.00868316101661865,0.012969454786434952,0.004994701225384392,0.010413961156914326,0.009442858711178984,0.013525803102201604,0.008197527218904146,0.013093978366784245,0.015700547245585887,0.014081758256670565,0.006833040420441349,0.0061959958179380265,0.004178586089405122,0.01126905786854071,0.008870800386265018,0.023062180645155684,0.0006098585869329391,-0.0008945677159445988,0.022457064988901113,-0.00731876093468216,0.006536220005582159,-0.008976351341084179,0.03246610110689203,-0.018547780795123606,-0.008968222268021013,0.018876222701969626,-0.0010341410326991868,0.008774735147721643,0.01346766438613239,0.0022913448173730957,-0.000136245538021733,-0.0007650323620545241,-0.00029595307475978176,0.003343572910008314,0.0037446262599181096,-0.000629708741603492,-0.0001773194321415477,0.035099095679844754,0.0044744441200369285,0.03138226667190354,0.0009570300168142513,0.0001258647745688969,7.223641474139268e-05,0.008034193470739796,0.03207386513430663,0.03216504458375765,4.111259262931038e-05,0.0010414635801363203,0.0013188158388987262,0.0014452288633785466,0.008918796158614163,0.029811871208748016,0.031674679530272094,0.030193496210562505,0.006437852234294766,-0.013432820628283243,0.0006435352083059904,0.0,0.029082988224812548
0.01668327506293596,0.019924758472416256,0.040510789250651484,0.011443131214624869,0.02648451076469808,0.017071605721184033,0.016899207187375895,0.032677669625191016,0.03271593645012026,0.018226186087533198,0.041776281112589055,0.013260278887424549,0.0,0.03040943364436905,0.020823139728402412,0.021351855462191878,0.0201430819205123,0.017608531627241228,0.04451407441890452,0.020283540269035814,0.026885195332053736,0.02103714374412418,0.03370039600498577,0.017614194385405183,0.017211660093416813,0.0185391939601028,0.03284864896964682,0.012322991284148417,0.01605473417801468,0.018763564186509395,0.02026900067773271,0.02107169383896113,0.014812810159384428,0.018134594947640262,0.008686530055982597,0.020380799172651058,0.010087915349051731,0.012293968824567458,-0.0071920727497960584,0.007520531963122325,-0.0054558954352941814,-0.007739579612159153,0.02294371404243192,-0.008432950458473757,-0.0004618534243143642,-0.00014554970525631114,0.01263382777389511,0.0340666646622955,0.0,0.00939535087875819,0.03598232928611147,0.020754428379448995,0.030729001067845867,0.020737307185938234,0.016443153806907907,0.024997614049274093,0.0009733152540793463,0.015620333095057488,0.001771335129039696,0.021366475859906964,0.005112921309108953,-0.00016554469695437897,0.0008387613006350195,0.018854944530969094,0.024068244018952564,0.017293852151552918,0.014775360612868497,0.03765432659205953,0.003146150760081521,0.011684789938682518,0.018570692729175515,0.03865931322901009,0.01490525491368107,0.029156625428323438,0.007824654246498348,0.020430659557387
0.003660136647310223,-0.0018696783182224435,0.03130477206509357,0.010245242700469344,0.023244567743815794,0.023996872119419196,0.022590999156081468,0.025937296655748662,0.02636483700275594,0.020326372547906472,0.02427383324534322,0.0023000697428737196,0.03040943364436905,0.0,0.0008013820151550271,5.858008165496617e-05,-9.192012734688763e-05,5.570465779149004e-05,0.029059647539072544,-0.0020396915660907617,0.01446784905759311,-0.00029982159541306095,0.023784086903325473,-0.006720884865205097,-0.0009342399477770916,0.004633692533232616,0.024666563774319337,0.011973803732532377,-0.001303928922899054,0.0003602955949507504,0.027450618460117412,0.042419211625839774,0.0032591002462160038,0.01880987268667706,0.008802356920267235,0.026282135038405516,0.011164687461903945,-0.0020612808583390253,0.0179288293901977,0.0,0.00039990462606402194,0.0008427033043380488,0.035679938620708875,0.00027690464311801936,0.0,0.0,0.0,0.030527609183311197,0.0,0.025127332261776564,0.014108225996444044,0.0068008852483165405,0.03319650167078568,0.030424514985121418,0.0,0.029599000940339775,-0.0002517434873834934,-0.003721137171973677,0.023627502641682275,1.1102230246251565e-16,0.0,0.0,0.0,0.024165548016111385,0.0,-1.1102230246251565e-16,0.0,0.038341037232763275,0.0,0.0,5.551115123125783e-17,0.018354899881642257,0.0016076836842898918,1.1102230246251565e-16,0.0,5.551115123125783e-17
0.018973677913821686,0.022292986158863756,0.0038248821748969597,-0.003447919990467319,-7.384516198252446e-05,0.03013472795721285,0.007397862120920334,0.01842421986670227,0.0028611260281054076,-0.0008305859653214441,0.0,0.0005269340297797563,0.020823139728402412,0.0008013820151550271,0.0,0.019295359914950697,0.006719781462038875,0.018364439415263608,-1.1102230246251565e-16,0.02499491269116568,0.030562921312323497,0.01506707928041263,0.024145184600311245,0.019340629305191,0.02000595460375067,0.020044392628761228,0.027423263884565268,0.024970341783476804,0.024455901986031234,0.024420148162026114,0.01810655833795866,0.014539280732905696,0.02829381237139814,0.015311236324932516,0.014419405112267433,0.0072077877337862655,-0.002119411841593511,-1.127862047262735e-05,0.02290971160352199,0.033123663820116306,0.026716750727114314,0.02524800754024212,-0.03501426724797663,-0.003327109480792715,0.0,-0.002066899631548485,0.027815265241351726,0.006329826208050674,0.0,0.0,0.03553926569306588,0.003283247301963493,0.03572309019208217,0.005512365388335617,-5.551115123125783e-17,0.0,0.0025707254164709214,0.023270310756309406,-1.121377642500211e-05,0.039849673025807275,0.018492714088004736,0.000531102239922393,0.008596132053183624,0.0,0.03901938697018862,0.03672032232689046,0.034161082678826206,0.044357273428580646,-0.00012968623688262385,0.019281143471826283,0.03257754686067644,0.04298880866245079,0.03517009288308673,0.035639410776107355,0.016074357672688718,0.02684726357132071
0.0190926944788166,0.010588800553814602,0.0016117890517683203,-0.0007471949556945794,0.015530197477145588,0.01881348010282565,0.023583615430864104,0.015998714077915296,0.019900446707577728,0.0049739081913564975,8.4808817415041e-05,-5.308887443595626e-05,0.021351855462191878,5.858008165496617e-05,0.019295359914950697,0.0,0.013010897255147548,0.0006880822541603213,-0.001065997799829663,0.014623852164621984,0.02082185207358768,0.010093693416454188,0.025688976839219602,0.0075066495415101984,0.0052922993870506896,0.016878826213504568,0.019723109539687964,0.015628127398550015,0.015103696881983418,0.013050742408420286,0.009546841779410493,0.003532719383363895,0.005690937077457902,0.01111460569137642,0.006720785366704047,-0.0016009463618471276,0.0001809374211045014,-0.0022187387159578464,0.013100348343282034,0.005605960098684797,0.014160369690797842,0.015420717300583158,1.4621908864917125e-05,0.0,0.0,0.021777067335004986,0.019011490729709105,0.0,0.0,0.0,0.009256975774483542,0.0005382835703054577,0.00016001456707838887,0.0,0.0009960013050157497,0.0,0.00493542422049371,0.0007432902050745081,0.0,0.02599257484025687,0.011683221111986549,-0.003628933981897493,0.010482706190268106,0.0,0.024597518521804477,0.011135259346819616,0.01901409942123917,0.0177940192107975,0.0027849689050547153,0.0165428678002656,0.022329047311545433,0.01818511980965018,0.006961632152949145,0.011402234970803544,-1.1102230246251565e-16,0.013622476673169709
0.007995974488132603,0.00620470377786917,0.005271998260803212,0.0035427341170916247,0.015401136148409754,0.007658514737363721,0.01585822768191143,-0.0005492769077455822,0.014497610308465735,0.010884690087356673,0.018077544876487283,0.01698991052563655,0.0201430819205123,-9.192012734688763e-05,0.006719781462038875,0.013010897255147548,0.0,0.007572933944749329,0.014525386429454529,0.013381096409392092,0.005289866369048179,0.013184497089212356,0.006945105353489233,0.021247062444054526,0.0025805019291063047,0.013768229057166332,0.007731643455251017,0.012998161955060601,0.013619454577194505,-0.0013374762332051754,0.014154727061531123,0.013865330411122027,0.019571517005924022,0.012922891593012754,0.003128508893388393,0.011544639188334658,-0.0003185486754525722,0.007374305802312063,0.012581012760206657,0.005115284756240001,0.016348806807007107,0.0023329156882234783,-5.551115123125783e-17,0.0,0.0035932473930943873,0.0019184827205879372,0.0032322202883336335,0.0,0.0,0.0,0.0,0.0,0.0,0.0,0.028431420812772723,0.0,0.02743761494646193,-0.0012696936272863872,0.0,-5.665933749364317e-05,0.011188524071405066,0.022823635605072553,0.022863307986232085,0.0,1.1102230246251565e-16,0.0,0.0006907216068182861,0.0,0.026148345784694618,0.025514482272538178,0.025263176091692926,0.0,-0.0005378328793328847,8.811993417442061e-05,0.0,0.018955743950775268
0.013975246935305866,0.011616357725409069,0.00875174861477953,-3.3486608637725875e-05,0.0075008920012147005,0.01320101873940511,0.017450032301399045,0.003949774169303428,0.011586099955169146,0.011576987723939237,0.014443269590181298,0.00868316101661865,0.017608531627241228,5.570465779149004e-05,0.018364439415263608,0.0006880822541603213,0.007572933944749329,0.0,0.006384297464234332,0.009033325032646347,0.009210199813569523,0.01147170780944403,0.019306715600710216,0.017958951912276432,0.0023270838436926632,0.014632471277367796,0.014745383709256508,0.014160279670587436,0.011715763572987821,0.007250194530233835,0.013265241230762805,0.010007370711192747,0.016405507716894318,0.010705326500029925,0.0020282102582251473,0.0055570336414703875,-0.00012919732892168682,0.0024112696144504286,0.01058878139455608,0.002853673964241814,0.014170870276330757,0.009740577262217078,0.0,0.0,3.310902479327576e-05,0.01825412741515384,0.01897321143381736,0.0,0.0,0.0,0.004846374105446018,0.0003330307046047075,0.0007028755846548779,0.0,0.013940318484122634,0.0,0.013693450539839043,0.0009966137001540748,0.0,0.010720863625104882,0.013148000226416968,0.015487859979148902,0.015467200716919451,0.0,0.010098040910744519,0.00599891980354718,0.015063908337585816,0.004928751811502735,0.01899355784660471,0.018968470673015103,0.020779089271583104,0.0018971764877713361,-0.0007488411109619927,0.008429404505045122,0.0,0.015476260226416948
0.0,0.004014814380908286,0.019670766065464185,0.029542460647885276,0.03699373598065345,0.036626696596420406,0.043080343348583613,0.03975344602620241,0.022359770408186798,0.03802907605644647,0.021124610169271585,0.012969454786434952,0.04451407441890452,0.029059647539072544,-1.1102230246251565e-16,-0.001065997799829663,0.014525386429454529,0.006384297464234332,0.0,0.00013192247993656925,-0.0004325120675382395,0.0031732628089638196,0.04202149694229643,0.011260424185411982,0.004969855941144278,0.014003579404476628,0.01697168079231464,0.04127291896594906,-0.0009418212084808161,0.006025300232095989,0.041278607210694714,0.035591531813664895,0.009551705973808087,0.039137167535544665,0.03008963336403224,0.03524522738188355,0.032652511117225336,0.02221169160412092,0.026309114294969165,-9.447614674401583e-05,0.006475208821747378,-1.5552958926887436e-05,0.04399137124232347,0.0044977551278850125,-0.00013650578826615887,0.0,0.0,0.06973110040028027,-5.551115123125783e-17,0.028977699399578765,0.03513054756947502,0.026593339959671114,0.04531769497501528,0.04122497329741205,0.00012175992305450535,0.047472673463050286,0.0031675142382038123,0.026840101426080183,0.037406917080740766,2.220446049250313e-16,0.0,0.0,0.0,0.045021188288694156,-0.0020477541788130205,0.0,-0.0006246294944841327,0.042835621023416676,0.0,0.0,-5.551115123125783e-17,0.043663091048059995,0.00833018148856893,0.004138250758133933,-0.0012994697857998548,0.004227466582895689
0.026476260670562954,0.015207474811104436,0.010852788605227176,0.007125377231189954,0.02396750539135966,0.018481629021996376,0.02664595177205037,0.025499261594707154,0.026200425714782996,0.01809583435987427,-2.3869475234296795e-05,0.004994701225384392,0.020283540269035814,-0.0020396915660907617,0.02499491269116568,0.014623852164621984,0.013381096409392092,0.009033325032646347,0.00013192247993656925,0.0,0.032747479203743955,0.010161350255415362,0.014371835044201158,0.005703253743369592,0.01383620469174196,0.021179745862319237,0.02049298880853749,0.016057039742298614,0.009324965263184465,0.017206469371685053,0.017769802164987622,0.007646928354402029,0.008108876052165639,0.015051140065229618,0.008876118162081198,0.012615596082629339,0.008639744165505074,0.0025360368749254847,0.020604043545333652,0.02512259787614556,0.025737463425458015,0.025928268837428596,-0.011699310638353892,0.004149282177348985,0.003618654163870444,0.0004219312265403594,0.019769036303565007,0.005435413728973613,0.0,0.0,0.033097085990975085,0.008169622583656068,0.03747462431830045,0.0011708861201667259,0.0007105675379303406,1.1102230246251565e-16,0.00011055524864662164,0.02907736817232368,-1.1102230246251565e-16,0.037343274592672254,0.012274943105176125,-2.3260301331009784e-05,0.009503121757339028,0.0,0.03702596175855924,0.03728645357313238,0.02713902981138979,0.04057982802142681,0.0,0.010301045425102455,0.025353861349314253,0.03686444403224157,0.03211282858569317,0.030846109310567946,0.02057228899492531,0.030403213169045405
0.0062150015597087615,0.019098643177960947,0.0050886835749227866,-0.0005074260530311095,0.0075667727125436806,0.03113591086304395,0.022078849231897485,0.018774014790903633,0.006166540665037138,-0.0006023740284036448,0.00037352212891596085,0.010413961156914326,0.026885195332053736,0.01446784905759311,0.030562921312323497,0.02082185207358768,0.005289866369048179,0.009210199813569523,-0.0004325120675382395,0.032747479203743955,0.0,0.02473582863243362,0.028192820772285132,0.0002991155479504515,0.011900939072689869,0.02019160583062401,0.03215651655851886,0.024058738718104475,0.024881756935018637,0.020566391227463853,0.015427170158493415,0.012489772547247556,0.022754983067075775,0.011737529402738934,0.014326335407278715,0.005253649209890314,0.00390982586955172,0.003048576911674878,0.022821771890874643,0.035510283862750174,0.027073556137280658,0.012219006902522688,0.00936857680030162,0.0,0.0,0.016908096338143306,0.03141367602573249,0.0025797004321357836,0.0,0.0,0.032023804171524714,0.0046227158203875724,0.061187412755925444,0.0015659186430585041,0.000591271983836495,0.0,0.004240384935316677,0.027858065955995024,5.551115123125783e-17,0.03361185107008566,0.02158693968710812,0.0,0.005988399353632375,0.0,0.04345658779963874,0.03152839627856717,0.036045659992099494,0.04254165555087519,-0.0059247814272441746,0.021386606706481667,0.030235403381078583,0.044257356729528394,0.03452607542435108,0.03583098486813131,0.010919442278405987,0.03490630025042222
0.02335944625242345,0.007081167728721521,0.013376089312549225,0.005449507384979612,0.020162309143665208,0.018144262129117242,0.024296491132280183,0.013530342534857206,0.022533768831764195,0.010836805199009751,0.0003824611637938587,0.009442858711178984,0.02103714374412418,-0.00029982159541306095,0.01506707928041263,0.010093693416454188,0.013184497089212356,0.01147170780944403,0.0031732628089638196,0.010161350255415362,0.02473582863243362,0.0,0.025839348505603786,0.007484250839536179,0.009147171052192716,0.01641974924817159,0.021241330457895703,0.014285256853966767,0.015160838431447582,0.012369590539546088,0.014396182162291046,0.007581462749408592,0.005826557668184129,0.012171763079116172,0.009414659528132061,0.011199598118439565,0.008546624477175045,-0.00422316478861275,0.014210943631163646,0.010873205719346727,0.01650126316557911,0.010857243531809939,-0.027716496060617393,-0.000501495253285849,-0.0003211805785648916,0.014688729627622778,0.016499115797906725,0.003865312720187114,6.1663181743807115e-06,-0.0005938949678416331,0.016815663373412774,0.006702602097012783,0.023070946182916142,0.005602575123631989,0.0010605519071206092,0.0,0.0011303504006429993,0.011928483062133047,0.0,0.03217952775841222,0.010063315279682603,6.368154288101853e-05,0.007468935949166925,0.0,0.03221717858653909,0.030468650131081933,0.023221607392655403,0.036218495403066084,-0.0009307531843461774,0.014929134605771301,0.0228163980286089,0.031126419662180643,0.02328138988726494,0.025013015183329938,0.0046379191689867256,0.015815528706620025
0.01896199575934983,0.02788787769494233,0.0337161584775798,0.017273129103351402,0.031101716755158486,0.023846382204747083,0.037623343907227706,0.020837598295092522,0.029039539980938014,0.02072215184758022,0.032417599205160665,0.013525803102201604,0.03370039600498577,0.023784086903325473,0.024145184600311245,0.025688976839219602,0.006945105353489233,0.019306715600710216,0.04202149694229643,0.014371835044201158,0.028192820772285132,0.025839348505603786,0.0,0.012403791510605562,0.019024015276006306,0.02250779157032292,0.01862070264475431,0.027971727285822274,0.026324923934136102,0.026589110669673153,0.02738752043203284,0.023706984088278656,0.024090526403412627,0.026344995801648438,0.021977389930347663,0.022492788384804806,0.021258241215603393,0.015063653244170453,0.034515607693649836,0.024572147482967,0.03631237048907787,0.026196125151690206,0.03430963922553307,0.023514941461215813,0.005790732869921763,0.004513567942717767,0.030114118045435092,0.056265663874327916,0.007564414338380892,0.02609572414916476,0.03884644411599038,0.03565975077351519,0.03800842047052436,0.04508212111179918,0.003581510949736161,0.058378527205607385,0.004493020384897187,0.03778945129258773,0.03668677975431094,0.039432940085973464,0.015063680956583371,5.6583255427980176e-05,0.008045958275079097,0.0527337650283611,0.04019270863872241,0.03641747977055793,0.035887143028532686,0.030516565685909616,4.6715545697514597e-05,0.018258204586686554,0.035677828743856756,0.03744980581826151,0.03565949771912492,0.03550933592574153,0.031506885889881736,0.0378731199155635
0.004100985373787693,0.0006891951539404689,0.00996550258758239,0.006105916593384019,0.014981854457224256,-0.0005157933035797714,0.0025112918303158796,0.0056810373915583655,0.018922086377643695,0.014063453612880056,0.02212315417330162,0.008197527218904146,0.017614194385405183,-0.006720884865205097,0.019340629305191,0.0075066495415101984,0.021247062444054526,0.017958951912276432,0.011260424185411982,0.005703253743369592,0.0002991155479504515,0.007484250839536179,0.012403791510605562,0.0,0.016920156621845855,0.015063305514293178,0.006687867714512186,0.004888879178946987,0.0035716344565728344,0.00030264713538752684,0.017372079690771855,-0.010736006617162794,0.026583561440132953,0.0034419114028500907,-0.007240993217012377,0.005395674471590219,-0.0031153931084399655,0.01272098715622542,-0.048942915851700644,0.020609175837007315,-0.014700453996823357,-0.001450140392641849,-0.0005614408624941219,0.0003216376177396168,0.018629171326242342,0.00977414147428727,0.012291189554111983,0.0,-5.551115123125783e-17,-0.00022349349276231913,-0.0018802939943791735,-0.0003581798466864418,-1.6653345369377348e-16,5.236533672834757e-05,0.037842761989190815,0.00037060874055710395,0.029787267893667264,0.008005969535006568,0.0,-0.000974486068665724,0.020971650158689827,0.03587112449962702,0.028761947161647913,2.723549385345087e-05,0.0037571184667176127,-0.006032315508481292,-0.0008262000079855682,0.0003165438609023241,0.028769938431046575,0.029839981816892965,0.02968362264874623,0.00100133104297983,0.001323110158723455,0.0007551658471350772,0.0,0.02074176637136962
0.013035136891209149,0.002504486027032676,0.0029196125235282306,0.0005919684926182253,0.016009255671376076,0.012154496703244652,0.017455342646505848,0.010993818679609139,0.016206387675501772,0.01642523178665335,0.0171487072356804,0.013093978366784245,0.017211660093416813,-0.0009342399477770916,0.02000595460375067,0.0052922993870506896,0.0025805019291063047,0.0023270838436926632,0.004969855941144278,0.01383620469174196,0.011900939072689869,0.009147171052192716,0.019024015276006306,0.016920156621845855,0.0,0.007935572948505911,0.016976840294925452,0.015456945454833011,0.012739205846853138,4.981738696294147e-05,0.012643271996746272,0.006173374793665692,0.015465452625020575,0.009771942420455267,0.001508859657753316,0.01253427336080755,0.00019327874955801176,0.008170864239176493,0.016584295749717436,0.009104972037009154,0.017150437911174553,0.02072140610517021,-0.0009290928029951197,-5.551115123125783e-17,0.0019433464372440004,0.016443997468376388,0.022128703158596993,5.551115123125783e-17,0.0,2.220446049250313e-16,0.010223070538608072,0.001309027191791977,0.001660274745557642,0.00020027314144515886,0.022559392466169226,-0.00022506973169495828,0.024567235760741206,0.014483810466920285,0.0,0.023985062734395657,0.016893588962282977,0.02323957792805587,0.019725290097028798,0.0,0.016551675839447985,0.019169493026206273,0.021351527668638997,0.013492868842927767,0.026244592443398593,0.023089988294150772,0.023775784773556817,0.011757858172895791,0.01164501573109659,0.01655418745449504,0.0,0.018593391204247887
0.01714548097786358,0.008166283137354291,0.01420288929130468,-0.004941217913635856,0.01469392876247224,0.021956606190991424,0.019412656135560907,0.011646000034942892,0.018603267648442213,0.01861608337205739,0.019014505122524433,0.015700547245585887,0.0185391939601028,0.004633692533232616,0.020044392628761228,0.016878826213504568,0.013768229057166332,0.014632471277367796,0.014003579404476628,0.021179745862319237,0.02019160583062401,0.01641974924817159,0.02250779157032292,0.015063305514293178,0.007935572948505911,0.0,0.025218142969459664,0.0159384297201577,0.017299715863737793,0.00950815640270329,0.01347112523467432,0.009626948133552539,0.016624287711720555,0.010517867121784088,0.006998210709582481,0.011556122280718749,0.0018863347744290907,0.013073750831446799,0.01979228060126338,0.012566109170717923,0.021260331396131912,0.02196078439486814,0.005102662529579345,-2.574634943617994e-05,0.014173722712616906,0.01802345723984319,0.02761927653773462,0.0041374648077201325,0.0,-3.588048568256255e-05,0.021218059834610444,0.008829005072327355,0.0059781507842091115,0.0005319144077842668,0.027931630942534133,0.0,0.027445931166514857,0.013579838694532479,0.0,0.030903488089943934,0.0224855883789213,0.025829765012456235,0.02435124584260173,0.0,0.027763012687585763,0.027718005254706742,0.02936685002860342,0.0322143928368417,0.025858401963225072,0.026245917583332466,0.02470574832466769,0.02954736415047627,0.014000396667045056,0.020945466610102822,-0.0002631947290833467,0.021334803456445
