0.0,-0.001968915237843074,-0.00029800621592370325,0.0,-5.57389997598926e-06,-0.002529233473435448,-0.0005070511157811774,-0.0012771514355893981,-1.8600893369900112e-05,-0.0004810184565288296,-0.00012928763486234584,-0.0007528777416029792,-0.0020428500077064463,-0.0004481799976299048,-0.0023233074996515976,-0.002337880956589786,-0.0009790989169141857,-0.0017112547267721994,0.0,-0.003241991102517861,-0.0007610205991479784,-0.0028603403574396715,-0.00232187703175717,-0.0005021614743414216,-0.0015961392111684817,-0.002099446650350599,-0.0030052881410428693,-0.0012590286154183091,-0.0018608778679873393,0.00024081787394685265,-0.0019409418870654943,-0.0012170118278134843,-0.0029503813683448756,-0.0014208191166329364,-0.00027698053224045274,-0.0009215499398933539,7.302781351861933e-06,-0.0010874261335945363,-0.002359110439180213,-0.0036146710822471608,-0.00206375970152659,-0.0005504734415706647,4.009110697217662e-06,0.0,-8.692260416655602e-06,-0.00208337149990321,-0.0035602655138936303,0.0,0.0,0.0,-0.001004030949899415,1.1102230246251565e-16,-0.00024738261325638413,0.0,-0.0028567667073646818,0.0,-0.0004119723122996148,-0.00010610253194496183,0.0,6.310938705252907e-06,-0.0030981328583026915,-0.000792667616846569,-0.0030913329559945665,0.0,-0.0011177831694706116,-0.001678371694274104,-0.0036380789148014415,-0.0005625323582612906,-0.0021284585817656567,-0.003796433119586895,-0.0029184408868933487,-0.0011454493159869092,5.911180463475397e-06,-0.0013398924850520392,0.0,-0.0014606830053790166
-0.001968915237843074,0.0,-0.0014145158617701172,-7.167285140199195e-05,-0.0019695323888274732,-0.0021340745250836217,-0.0026590062914545894,-0.0016748655875939381,-0.0024761465823657553,-0.00023856528472504637,6.51815029427067e-05,-0.0005121278073168156,-0.002439766343561193,0.0002289402022314242,-0.002729753407207741,-0.0012965878229161466,-0.0007597596462697174,-0.0014224111500500112,-0.0004916099241928048,-0.0018621397727883395,-0.0023386093687299265,-0.0008670817627006106,-0.003414842166727739,-8.439124333970362e-05,-0.00030667175841215416,-0.0009999530372270028,-0.0025068970761736717,-0.0019256105789473195,-0.002120210008112725,-0.0008743519156955077,-0.0012152861052738863,-0.00048561889391712267,-0.0008966982801961067,-0.0008450758911181971,-0.0005339568291954544,0.00037775221813591626,4.164147747013793e-05,0.0,-0.002131209497926975,-0.001435159131493868,-0.002221291135420861,-0.0017071935737417283,-0.00023887784356812518,0.0,2.220446049250313e-16,-0.00220982643009777,-0.002404214056940294,-0.00017295060093663506,0.0,0.0,-0.0018546969825902948,-0.0004439791522736135,-0.00011479853455673131,-0.00047061023880111435,-0.0003210002579035827,0.0,-0.0009923726082685163,-0.000862107035913547,0.0,-0.0033039850816690814,-0.0017076575169550064,1.3217518101218377e-05,-0.0010333526961586684,0.0,-0.0025761224965579112,-0.002950309365626503,-0.002291211923623171,-0.0038374563978192983,-5.030311514996159e-05,-0.0023332091511977806,-0.0027146224350275867,-0.0030247156077136813,-0.0009908081774277493,-0.0021548572809688233,-1.1102230246251565e-16,-0.0018752733891020748
-0.00029800621592370325,-0.0014145158617701172,0.0,-0.0032052902897770426,-0.0037100773556834653,-0.0027563377704761713,-0.004843533147129595,-0.004750306929137852,-0.0026516904137646852,-0.002827173379498205,-0.003951298556029802,-0.0017340647791767446,-0.004960504806202377,-0.0038332373957257497,-0.0004683529193751364,-0.00019736192470649867,-0.0006455508074451791,-0.0010716426875240514,-0.002408665232505879,-0.001328912890435966,-0.0006231041112150695,-0.0016378884872509294,-0.0041285092013363086,-0.0012202656229694118,-0.00035750357430968613,-0.0017391293009762204,-0.0016983845299048054,-0.00462498508921655,-0.002695396137315823,-0.002961665425307655,-0.004809210589682758,-0.004474145284217791,-0.0010492685787816401,-0.004840480754523227,-0.003383681481021301,-0.004501911114706069,-0.00405450137792572,-0.0014710257450191778,-0.004382665402721098,-8.210833527563479e-08,-0.002460704546602914,-0.0009570497231058357,-0.005361992357618013,-0.000991034938579895,0.0,0.0,-0.0003481983945083178,-0.00734744719800468,-0.0001349735121197737,-0.0037271120614371257,-0.005189070139578936,-0.0037922507187512305,-0.0053448127244864,-0.005909696817778913,-6.790295602379855e-05,-0.008308946163981677,-0.0006811857005872578,-0.0036571228973914286,-0.004796051176587045,1.8591530377170905e-05,0.0,0.0,0.0,-0.0071610927887896915,-0.00025813804170920335,-2.145166986661682e-05,-2.024164793297128e-05,-0.005866007587564278,0.0,-1.581430572046543e-05,0.00011794814891320263,-0.005631339819583487,-0.002360740880957479,-0.0018910505964427038,-0.00012907654614013357,-0.001588013323709562
0.0,-7.167285140199195e-05,-0.0032052902897770426,0.0,-0.0013899449180568596,-0.0028989627727976103,0.0007059272540794106,-0.002922115953593442,-0.00358099004720839,-0.0028365848891198217,-0.0028086830206495365,-0.00039012293547162206,-0.00140119974056637,-0.0012545195143431513,0.00042219428454704546,9.149325988091906e-05,-0.000433804177603041,4.100401057691293e-06,-0.0036174441609655573,-0.0008724951711661153,6.213380241195257e-05,-0.0006672866185688927,-0.002115077033063337,-0.0007476632563327861,-7.248593787152276e-05,0.0006050470914655984,-0.0025247781221564374,-0.0006284176091844596,-0.0011476128695690052,0.00017880002742610081,-0.0015228277744277897,-0.001375233757700562,0.001365410315554118,-0.00028394819309156754,-0.0007446571161550503,-0.0013738759287318311,0.00011530378602591753,0.0001504889141657658,0.0013275444547519687,0.00027979018645437205,-0.000136754726023637,-2.8340117079498494e-05,-0.0008035631173535715,0.00011632341888933459,0.0,0.0,0.0,-5.5667134152100596e-06,0.0,0.0,4.443021509168074e-06,2.220446049250313e-16,0.0003016538072455988,8.249722582129776e-05,5.551115123125783e-17,-0.0003014535644397907,-6.165684505012877e-05,1.6791396076818862e-06,0.0,0.0,0.0,0.0,0.0,0.0,0.0,0.0,-8.274142307609487e-06,-0.0007973101038648363,0.0,0.0,0.0,-0.0010573179311292027,-5.166641119329682e-05,-0.00024683604791924876,0.0,0.0
-5.57389997598926e-06,-0.0019695323888274732,-0.0037100773556834653,-0.0013899449180568596,0.0,-0.003012122774597858,-0.0023325890223291523,-0.005521379787902783,-0.0028745978450468303,-0.0037190105329724388,-0.0023454006039307427,-0.0014081319368134978,-0.0032430013181262676,-0.002846273601283517,9.042264732442239e-06,-0.0019016568339362424,-0.0018858534059276698,-0.0009184765715772427,-0.004529845222120889,-0.0029347965785338536,-0.000926543597454181,-0.0024688541808569014,-0.003808373480223443,-0.0018345127906805405,-0.0019603170209847765,-0.0017992565831599294,-0.003344117600287497,-0.0007192295194123906,-0.002530508415796482,-0.0010005442213338856,-0.003978987038799724,-0.00356700837418502,-0.0005413113052545311,-0.004049944869339086,-0.0034089356026394545,-0.001319920044636448,0.0020697850051537383,-0.002160817696290062,-0.0013599811849468698,0.0005543827121659743,-0.00036338854486025633,-0.00015317922180612436,-0.004526828834904419,4.6772506521392394e-05,3.3878007369013978e-06,1.1102230246251565e-16,4.080130193030614e-07,-0.005091337850107857,0.0,-0.002778647446839398,-0.0036870138203034084,-0.002238799465352986,-0.003712921956760448,-0.004077991844835676,5.551115123125783e-17,-0.00470815169928562,-6.604910231218404e-05,-0.002330539904087962,-0.00216423396413252,5.338927972445039e-05,1.19713678307393e-06,0.0,-5.551115123125783e-17,-0.004076669302926785,-0.0007755036914730906,-3.8826481793265645e-06,-0.00015561453432729413,-0.004967257329869862,0.0,-2.6324923645453486e-06,-0.0003610392921989535,-0.004287715269533518,-0.0020772908608338823,-0.0010261719023479585,1.1102230246251565e-16,-0.0011847349450291526
-0.002529233473435448,-0.0021340745250836217,-0.0027563377704761713,-0.0028989627727976103,-0.003012122774597858,0.0,-0.003163765541721933,-0.003492201594173048,-0.0023185636077349132,-0.0031412195939802046,-0.0030912188480621966,-0.001966157494434077,-0.002090400700553097,-0.002938392504418573,-0.0036899666886383133,-0.002303691441162385,-0.0009377773147792818,-0.0016164512742128689,-0.004484901624051393,-0.002263056614938281,-0.003812560513842205,-0.0022217463831571433,-0.002919965167928301,6.315836370355598e-05,-0.0014883057187646698,-0.0026885640233866924,-0.0026247108969256164,-0.002346957852799271,-0.0023929914332732373,-0.0030810348151662404,-0.003043294232967869,-0.002621805085654351,-0.00244330615518563,-0.0030746148641081585,-0.0023750602522722574,-0.003038512470428383,-0.002745090478022706,-0.0017439160403066056,-0.00330947550072496,-7.292405342850001e-09,-0.004670601221600638,-0.0006970883526811054,-0.0036470705603168356,-0.0009851333179526367,-0.00034059705353534726,-0.0003446311988766736,-0.0020494165916951114,-0.005039272955481999,1.203139691841955e-05,-0.0025387706198323912,-0.004613833855496236,-0.00451174456244246,-0.004445749227193775,-0.005556745976069919,-0.00048241075010745045,-0.004236441564399031,0.00038987315719532495,-0.0044626521618053834,-0.0012072066266430228,-0.0036662349558075715,-0.0007876972981893329,0.0,-5.617761083482833e-05,-0.00435462391098358,-0.0034718713716157686,-0.002168009204552071,-0.0024154604980149447,-0.004348384570227386,-1.368190648994819e-05,-0.0016078950510365715,-0.002575019181826875,-0.004480104294506997,-0.004481301099538632,-0.0039709542476802666,-0.0017074198917819755,-0.003936358619425221
-0.0005070511157811774,-0.0026590062914545894,-0.004843533147129595,0.0007059272540794106,-0.0023325890223291523,-0.003163765541721933,0.0,-0.004017857206597074,-0.004333249413689191,-0.001970931659869478,-0.0045654089576374745,-0.0006920467303602729,-0.002069290676005189,-0.0027662447946222297,-0.0009058606678678119,-0.002887789644595552,-0.0019418237977851798,-0.002136738649150932,-0.005275144083500094,-0.00326276960474083,-0.002703532559007969,-0.002975080546809733,-0.004606940070272832,-0.0003075051220794917,-0.002137388895490552,-0.00237705993496666,-0.004188107494466065,-0.0010962598089303834,-0.002805351031008641,-0.001766352591838623,-0.0027748319655858797,-0.0025695470702599803,-0.000920403943634763,-0.0020438133722280693,-0.00042094009605484704,-0.0014468319768930146,-0.0004083419040246985,-0.00020605624161974784,-3.055256239724821e-05,-0.0006808185512694755,0.0007819448171434999,0.00202549215278508,-0.002605475453754621,0.00016323933372182475,-0.000478547928586777,0.0,-0.0012449242787351104,-0.003239183494889764,0.0,-0.0019222023265635787,-0.0038068421441433222,-0.002158840027192288,-0.002891967067921423,-0.0035805825508442974,-0.00023512627874441579,-0.002805449767438284,-0.0001581887888202874,-0.002224144656798092,-0.0004332321644081866,-0.0011414613799387758,-3.2951373360431646e-05,0.0,-7.798402513637215e-06,-0.002775456164273397,-0.0013854999195068117,-0.00016731282252018193,-0.0011324703162546908,-0.004539240276057926,-1.2649641889946588e-05,-0.0005271831807837752,-0.001794306668787077,-0.004111362031418956,-0.0017875679911404695,-0.001845128096069521,-0.0003083471213117043,-0.001910823518281604
-0.0012771514355893981,-0.0016748655875939381,-0.004750306929137852,-0.002922115953593442,-0.005521379787902783,-0.003492201594173048,-0.004017857206597074,0.0,-0.005190353082665795,-0.002014752067591485,-0.003662983207558628,-0.0008863629020063815,-0.004001347301043853,-0.003175995508867231,-0.0022560269224533684,-0.0019590262136223125,6.725839686678332e-05,-0.0004836458166493653,-0.004867768901167533,-0.0031223585626171733,-0.002298858953988244,-0.0016567766369213026,-0.0025515426483786303,-0.0006956372316193959,-0.0013461818791358725,-0.0014260408206052061,-0.003988741408330098,-0.0030191301572924786,-0.0029215358134282252,-0.002742954899857817,-0.003209932757704939,-0.0006637543307437439,-0.0008295171681406608,-0.003166393663494515,-0.0016638544714008478,-0.004152913550943758,-0.0006080270374098372,-0.00045337054464491134,-0.002781213011778371,-0.0005075684485419808,-0.0032887104469662923,-0.0011269318280263333,-0.004747876329555127,0.0006510158311252983,0.0,-4.8328221489221876e-05,-0.0010217886135693076,-0.0051984269401459315,0.0,-0.001494385332658131,-0.0051325459603666895,-0.003594247825046481,-0.005954248490967645,-0.005269212832322381,-6.354357447851162e-05,-0.004947611228635545,-3.328665653349622e-06,-0.0046192493183077445,-0.004267603086985731,-0.003962282145500227,5.6645224916283925e-05,0.0,1.377683416704281e-05,-0.0039418843003672654,-0.0035152686501490247,-0.006549458337114823,-0.0021150302398324867,-0.0044027990569892456,-5.551115123125783e-17,-0.0006709947145809782,-0.0012914084937005637,-0.0050567743509983545,-0.00410693256439002,-0.004154857619591343,-0.0005686658375637421,-0.003799975844145717
-1.8600893369900112e-05,-0.0024761465823657553,-0.0026516904137646852,-0.00358099004720839,-0.0028745978450468303,-0.0023185636077349132,-0.004333249413689191,-0.005190353082665795,0.0,-0.004542252537398708,-0.00314903276243519,-0.003143883333278577,-0.00400603303470857,-0.003228347388092527,-0.0003503419626250855,-0.0024367893927646385,-0.0017752175887916614,-0.0014187061169594916,-0.0027379310703901814,-0.0032082153936469457,-0.0007550866120453083,-0.002759236999807851,-0.003555862038482221,-0.002316990168691045,-0.0019844556337349434,-0.002277951140625548,-0.0021418873120303303,-0.004698058547915296,-0.0026474627206545445,-0.003323177370822564,-0.0050829370146035745,-0.004668845265663975,-0.0028264969403419397,-0.00489906161145023,-0.004340223012328526,-0.004205849154384535,-0.004122541812607876,-0.0038586554677086816,-0.004944056405111882,6.909080797608845e-05,-0.002867876565232023,-0.00011352501997594059,-0.004544596478795817,-0.00014500192539571155,-0.0006304061943568782,-5.551115123125783e-17,-0.00044523390138085647,-0.006197537381563777,-4.325837546764404e-07,-0.002712020299910556,-0.0053869878633497695,-0.004059556229910607,-0.005560188582240898,-0.0051060595696268375,-3.546076029998737e-05,-0.005310636216992116,-0.000830803574889997,-0.003775653903434619,-0.0050095455972302945,-0.000272807841033177,1.8393440731447704e-05,0.0,0.0,-0.004702733761482818,-0.0007123900909328735,-0.000190780899723118,-0.00038907204749262563,-0.00533469074804692,-0.00014236966092161157,6.966132570403419e-06,-0.00046050856246745097,-0.005241581196571439,-0.002983798714639482,-0.0018193708018992656,-0.0002614009920931122,-0.002615534207609458
-0.0004810184565288296,-0.00023856528472504637,-0.002827173379498205,-0.0028365848891198217,-0.0037190105329724388,-0.0031412195939802046,-0.001970931659869478,-0.002014752067591485,-0.004542252537398708,0.0,-0.004493530889857994,-0.0006764454389460158,-0.0022317778882693924,-0.0024889435772945602,0.00010170440391690963,-0.0006090499826150654,-0.0013328191943702277,-0.0014175903335435379,-0.004656621557932222,-0.0022158164522295943,7.376008511069495e-05,-0.0013269557386542648,-0.002537406348683389,-0.001722055544434345,-0.0020112528718351013,-0.00227952041290503,-0.0033295216126655934,-0.0016331924799379502,-0.0013757328242628452,-0.0006514937905424818,-0.0017632392568986217,-0.0016013719862685986,-0.002010137511585667,-0.0019446551106096215,-0.0011443508949520705,-0.0028771588109582167,0.0006041679651453806,-0.0008989062835979571,0.0021156050860635803,-0.004068895850848113,-0.00020927771452384613,0.0022712535086312977,0.0009083163315572809,0.0007298049882405555,-0.002132082847039675,-0.0015449992624897897,-0.0007375722462768432,9.85282557600936e-05,-0.0004370243506957728,-4.832864255293903e-06,-0.0002585501630111158,0.0015041999045920117,-0.00017949557923506093,0.0003365004906424371,-0.0046437254697324765,-0.0005245558511771717,-0.004164944354116701,-0.00019536489084019925,0.0,-0.00014637340248488528,-0.0012907191742738825,-0.00413935743812131,-0.004374261877950305,8.073889801865574e-07,-1.3118030713412333e-05,-1.016734252079714e-05,-0.00023416921795452693,-0.0013598495809415071,-0.003863709921490291,-0.004134478863425951,-0.004084980163809324,-0.00012987190735631692,0.0015614718254557424,-0.000840038984609321,-5.551115123125783e-17,-0.003524009610088223
-0.00012928763486234584,6.51815029427067e-05,-0.003951298556029802,-0.0028086830206495365,-0.0023454006039307427,-0.0030912188480621966,-0.0045654089576374745,-0.003662983207558628,-0.00314903276243519,-0.004493530889857994,0.0,-0.0032366415895110313,-0.0051154629933783105,-0.0029723061116747078,0.0,-1.0384753152960725e-05,-0.0022135769236515533,-0.0017685636232876037,-0.002586686959502732,2.9227928855671666e-06,-4.5737403540747265e-05,-4.683197924000769e-05,-0.003969501943489119,-0.002708957653873715,-0.0020998417023281994,-0.0023283067496968754,-0.002999425660958007,-0.004783184144406005,-0.0011063327661767289,-2.4705720316178735e-05,-0.005166367460202378,-0.0052270738904893746,-0.0029737954602187455,-0.005271048481692541,-0.004135405380352387,-0.005365413290836021,-0.004762730385931025,-0.003845353426064575,-0.0050992629398168895,-0.0005380906086586153,-0.0026087387693485516,-0.0009865335204525209,-0.006168539313296893,-0.0009247308982441727,6.54934951938806e-05,0.0,1.1102230246251565e-16,-0.004933293136034321,1.2555844491870875e-05,-0.004346769987154203,-0.004745703889708021,-0.004378281826885978,-0.0053002403366441695,-0.0058610481567611126,-0.0008570029033125205,-0.003131571377817434,-0.0006653540754725036,-0.0043224981361434265,-0.005018535591994995,5.551115123125783e-17,0.0,0.0,0.0,-0.0026179497466698697,-0.00035892648195212385,0.0,-5.503146857750879e-05,-0.006008940627276745,5.551115123125783e-17,0.0,-2.423359624626298e-05,-0.005164683176064722,-0.004570352019270674,-5.165495113735822e-07,0.0,-0.0023733720950346975
-0.0007528777416029792,-0.0005121278073168156,-0.0017340647791767446,-0.00039012293547162206,-0.0014081319368134978,-0.001966157494434077,-0.0006920467303602729,-0.0008863629020063815,-0.003143883333278577,-0.0006764454389460158,-0.0032366415895110313,0.0,-0.0016237076188682423,-0.00028164119300503286,-6.452253425851646e-05,6.500678502313655e-06,-0.0020803972072207895,-0.0010632442061165135,-0.0015880965044613653,-0.0006115960684143195,-0.0012751789171732148,-0.0011562684136137563,-0.0016562207880247797,-0.0010037788431311316,-0.00160334428981035,-0.0019225159892554404,-0.001724296929388223,-0.0008366988269928782,-0.0007586933654616142,-0.0005116636027842255,-0.0013798846369642106,-0.0010862204554609825,-0.0028239404871619016,-7.4676561665242e-05,0.0001095389039932883,-0.0027498446925185685,0.0008961748083284144,-0.0008003534700713192,0.0010991450621735592,-0.003975440951864377,0.002271156832055922,0.0010981496654720046,-0.0023113742084044813,0.00012662951420807614,-0.0010744573650271674,-0.0016491017615672327,-0.0002805728347804644,1.668312710478281e-05,9.367743208832418e-05,3.6239152011396556e-05,-0.00040941709102141146,-0.00045852566447982326,7.710719284945589e-05,2.1712583527531547e-05,-0.004297848450593168,-0.0005478911167392565,-0.0038427265312535133,-0.0001171873489976487,-1.5412013212528562e-05,-8.8452752745718e-06,-0.000983778792335491,-0.003927412057262073,-0.003938576887807006,-5.034195015839211e-06,-0.0001275261526697992,-0.0001614876537427616,-0.0001769667995972541,-0.0010920974888098355,-0.0036504332092344356,-0.003878532187380238,-0.0036971628012934417,-0.0007883084368524358,0.0016448351789735392,-7.880022958859284e-05,0.0,-0.0035611822316097925
-0.0020428500077064463,-0.002439766343561193,-0.004960504806202377,-0.00140119974056637,-0.0032430013181262676,-0.002090400700553097,-0.002069290676005189,-0.004001347301043853,-0.00400603303470857,-0.0022317778882693924,-0.0051154629933783105,-0.0016237076188682423,0.0,-0.003723604119718653,-0.002549772211641233,-0.00261451291373783,-0.0024664998270015294,-0.002156146729866285,-0.005450702990069974,-0.002483698808453294,-0.003292064734537257,-0.0025759767849948137,-0.00412657910265136,-0.002156840128825037,-0.0021075502155204003,-0.002270105382869771,-0.004022283547303722,-0.0015089377082630941,-0.001965885817716049,-0.0022975792881440066,-0.0024819184503345375,-0.0025802074088523605,-0.00181381348890417,-0.0022205626466498553,-0.0010636567415487918,-0.002495608061957303,-0.0012352549407001574,-0.0015053839377021012,0.0008806619693627027,-0.0009208814648722038,0.000668068828811634,0.0009477036259786416,-0.002809434372542747,0.0010326061785886668,5.65534805282642e-05,1.782241288849013e-05,-0.0015469993192524828,-0.0041714283259954065,0.0,-0.001150451128011271,-0.004405999504421787,-0.002541358577075587,-0.003762734824634185,-0.002539262104400445,-0.0020134474049274495,-0.0030609323325641764,-0.00011918145968323058,-0.0019126938483744256,-0.00021689817906624155,-0.002616303166519158,-0.0006260719970336342,2.027077921903194e-05,-0.00010270546538391355,-0.0023087687180780195,-0.0029471319206881203,-0.0021176145491697117,-0.0018092278301471288,-0.0046107338684156,-0.0003852429502139105,-0.0014307906047367298,-0.002273962375001084,-0.00473379345661323,-0.001825133254736431,-0.003570199032039522,-0.0009581209281425662,-0.0025017134151901193
-0.0004481799976299048,0.0002289402022314242,-0.0038332373957257497,-0.0012545195143431513,-0.002846273601283517,-0.002938392504418573,-0.0027662447946222297,-0.003175995508867231,-0.003228347388092527,-0.0024889435772945602,-0.0029723061116747078,-0.00028164119300503286,-0.003723604119718653,0.0,-9.812841001897913e-05,-7.173071223244008e-06,1.1255525797663043e-05,-6.820978505212205e-06,-0.0035583241884579336,0.0002497581509498393,-0.0017715733539909765,3.671284841784011e-05,-0.002912337171835799,0.0008229654936986973,0.00011439672829916397,-0.0005673909224366416,-0.003020395564202382,-0.0014661800488815124,0.00015966476606902796,-4.4117827953054544e-05,-0.0033613002196062874,-0.005194189178674306,-0.00039907349953670904,-0.0023032497167360046,-0.0010778396228898692,-0.003218220616947643,-0.0013671045871719485,0.000252401737755765,-0.0021953668641057473,0.0,-4.8967913395635115e-05,-0.00010318815971484575,-0.004368972076005197,-3.3906690994035255e-05,0.0,0.0,0.0,-0.003738074593874785,0.0,-0.003076816195319638,-0.0017275378771154193,-0.0008327614589776058,-0.004064877755606452,-0.0037254508145047518,0.0,-0.0036243674620824815,3.0825733149028267e-05,0.0004556494496296224,-0.002893163588777369,1.1102230246251565e-16,0.0,0.0,0.0,-0.0029590466958502345,0.0,-1.1102230246251565e-16,0.0,-0.00469482088564444,0.0,0.0,5.551115123125783e-17,-0.002247538761017329,-0.00019685922664769542,1.1102230246251565e-16,0.0,5.551115123125783e-17
-0.0023233074996515976,-0.002729753407207741,-0.0004683529193751364,0.00042219428454704546,9.042264732442239e-06,-0.0036899666886383133,-0.0009058606678678119,-0.0022560269224533684,-0.0003503419626250855,0.00010170440391690963,0.0,-6.452253425851646e-05,-0.002549772211641233,-9.812841001897913e-05,0.0,-0.002362697132442921,-0.0008228303831068731,-0.0022487068671751217,-1.1102230246251565e-16,-0.003060601554020284,-0.0037423985280395965,-0.0018449484833158451,-0.0029565532163645966,-0.002368240323084585,-0.0024497087269899236,-0.002454415423930052,-0.0033579506797426157,-0.003057592871446163,-0.0029946002431874906,-0.0029902222239216064,-0.0022171295924031166,-0.0017803200897434919,-0.0034645484536406685,-0.0018748452642773981,-0.0017656414423184053,-0.0008825862531167841,0.000259519817338041,1.381055568088147e-06,-0.0028052708085945137,-0.0040559588351162905,-0.003271438864544596,-0.003091592760029544,0.004287461295670644,0.00040740116091361425,0.0,0.00025308975080180166,-0.0034059508458797534,-0.000775080760169374,0.0,0.0,-0.004351746819559213,-0.00040203028187306715,-0.004374255941887649,-0.0006749835169389873,-5.551115123125783e-17,0.0,-0.00031478270405763554,-0.0028494258068950356,1.3731154806646158e-06,-0.0048795517990782855,-0.0022644139699598423,-6.503292733713302e-05,-0.0010525875983490693,0.0,-0.00477788411879865,-0.004496365999211096,-0.004182989715774689,-0.005431502868805729,1.587994737330699e-05,-0.002360956343489018,-0.003989087370695056,-0.005263935754585831,-0.004306541985684196,-0.004364009482788638,-0.0019682886946148694,-0.003287420029141275
-0.002337880956589786,-0.0012965878229161466,-0.00019736192470649867,9.149325988091906e-05,-0.0019016568339362424,-0.002303691441162385,-0.002887789644595552,-0.0019590262136223125,-0.0024367893927646385,-0.0006090499826150654,-1.0384753152960725e-05,6.500678502313655e-06,-0.00261451291373783,-7.173071223244008e-06,-0.002362697132442921,0.0,-0.001593171092467074,-8.425496989718276e-05,0.0001305303428363676,-0.0017906757752597713,-0.002549614539622925,-0.0012359624591577636,-0.003145589000720776,-0.0009191815765114915,-0.0006480366596388065,-0.0020667950465515284,-0.002415074637512802,-0.00191364825288367,-0.001849432271263343,-0.0015980500908270774,-0.0011690010342135114,-0.00043257788367719014,-0.0006968494380560088,-0.0013609721254746745,-0.0008229533102086461,0.00019603424838944344,-2.2155602584112132e-05,0.00027168229175001215,-0.0016041242869324613,-0.0006864440937165073,-0.0017339228192813476,-0.001888251098030669,-1.7904378201746745e-06,0.0,0.0,-0.002666579673674152,-0.0023279376403725336,0.0,0.0,0.0,-0.0011335072376919314,-6.59122739150941e-05,-1.9593620458546507e-05,0.0,-0.00012195934347132914,0.0,-0.0006043376596523314,-9.101512715213127e-05,0.0,-0.003182764266153811,-0.0014305985035085458,0.00044435926308955087,-0.0012835966763593651,0.0,-0.0030119410434862547,-0.0013635011445085748,-0.002328257071988458,-0.0021788594951997783,-0.00034101660061877854,-0.002025657281665254,-0.0027341690585565817,-0.0022267493644468985,-0.0008524447534223761,-0.0013961920372412926,-1.1102230246251565e-16,-0.001668058368143249
-0.0009790989169141857,-0.0007597596462697174,-0.0006455508074451791,-0.000433804177603041,-0.0018858534059276698,-0.0009377773147792818,-0.0019418237977851798,6.725839686678332e-05,-0.0017752175887916614,-0.0013328191943702277,-0.0022135769236515533,-0.0020803972072207895,-0.0024664998270015294,1.1255525797663043e-05,-0.0008228303831068731,-0.001593171092467074,0.0,-0.000927298034050977,-0.0017786187464638263,-0.001638501601150041,-0.0006477387390670673,-0.0016144282150056042,-0.0008504210636924711,-0.002601681115598488,-0.00031597982805383435,-0.0016859055988366779,-0.0009467318516634261,-0.0015916116679665897,-0.001667688315574815,0.00016377259998419011,-0.001733231885085447,-0.0016977955605455462,-0.002396512286439664,-0.001582394888940333,-0.00038308272163949895,-0.0014136292883674929,3.9005960259512616e-05,-0.0009029762206913025,-0.0015405321747191786,-0.0006263613987232525,-0.0020018947110621893,-0.0002856631454966509,-5.551115123125783e-17,0.0,-0.0004399894767054378,-0.00023491625150054183,-0.00039578207612238147,0.0,0.0,0.0,0.0,0.0,0.0,0.0,-0.0034813984668701533,0.0,-0.0033597079526280233,0.0001554726890555972,0.0,6.937878060361514e-06,-0.0013700233556822252,-0.0027947308904170817,-0.00279958873300807,0.0,1.1102230246251565e-16,0.0,-8.457815593699794e-05,0.0,-0.0032018382593502937,-0.0031242223190863063,-0.0030934501336768597,0.0,6.58570872653252e-05,-1.0790196021396145e-05,0.0,-0.0023211115041765398
-0.0017112547267721994,-0.0014224111500500112,-0.0010716426875240514,4.100401057691293e-06,-0.0009184765715772427,-0.0016164512742128689,-0.002136738649150932,-0.0004836458166493653,-0.0014187061169594916,-0.0014175903335435379,-0.0017685636232876037,-0.0010632442061165135,-0.002156146729866285,-6.820978505212205e-06,-0.0022487068671751217,-8.425496989718276e-05,-0.000927298034050977,0.0,-0.0007817507099061288,-0.001106121432569041,-0.0011277795690084666,-0.0014046989154420952,-0.002364087624576799,-0.00219905533619715,-0.00028494904208483784,-0.0017917311768205289,-0.0018055571888885133,-0.001733911796398432,-0.0014345832946515637,-0.0008877789220694009,-0.0016243152527465063,-0.0012253923319827359,-0.0020088376796197124,-0.0013108563061260438,-0.0002483522765174428,-0.0006804530989554795,1.5820081092403867e-05,-0.00029525750381029453,-0.0012965854768844395,-0.0003494294650091768,-0.0017352086052650065,-0.0011927237463941309,0.0,0.0,-4.054166301221216e-06,-0.0022351992753249328,-0.0023232503796510773,0.0,0.0,0.0,-0.0005934335639323351,-4.077926995160666e-05,-8.606639812110742e-05,0.0,-0.0017069777735660746,0.0,-0.0016767490456946412,-0.00012203433063113234,0.0,-0.001312758811237269,-0.001609959211398068,-0.0018964726505080202,-0.0018939429449289665,0.0,-0.001236494805397317,-0.0007345616085976736,-0.0018445602046023412,-0.0006035206299798383,-0.002325741777135332,-0.002322669878328407,-0.0025443782781529242,-0.00023230732503326334,9.169482991363183e-05,-0.0010321719802096033,0.0,-0.0018950522726224974
0.0,-0.0004916099241928048,-0.002408665232505879,-0.0036174441609655573,-0.004529845222120889,-0.004484901624051393,-0.005275144083500094,-0.004867768901167533,-0.0027379310703901814,-0.004656621557932222,-0.002586686959502732,-0.0015880965044613653,-0.005450702990069974,-0.0035583241884579336,-1.1102230246251565e-16,0.0001305303428363676,-0.0017786187464638263,-0.0007817507099061288,0.0,-1.6153773053468034e-05,5.2960661331209604e-05,-0.0003885627929342969,-0.005145489421505718,-0.0013788274512749974,-0.0006085537887115374,-0.0017147240087113306,-0.0020781649949773214,-0.0050538268121570985,0.00011532504593646761,-0.0007377918651545369,-0.005054523331921955,-0.004358146752693684,-0.0011695966498540284,-0.004792306228842271,-0.0036844449017182047,-0.004315742128394028,-0.003998266667415385,-0.0027197989719332624,-0.0032215241993839654,1.1568507764691187e-05,-0.0007928827128671172,1.904443950190331e-06,-0.005386698519468173,-0.0005507455258634879,1.671499448154366e-05,0.0,0.0,-0.008538502089830256,-5.551115123125783e-17,-0.0035482897223973867,-0.0043016997023847285,-0.0032563273420005588,-0.005549105507144776,-0.005047955913968803,-1.4909378333366738e-05,-0.005812980424046969,-0.00038785888631077703,-0.0032865430317649473,-0.004580438826213236,2.220446049250313e-16,0.0,0.0,0.0,-0.005512798565962622,0.0002507454096504746,0.0,7.648524422243546e-05,-0.005245178084500029,0.0,0.0,-5.551115123125783e-17,-0.005346500944660363,-0.0010200222230901867,-0.0005067245826285467,0.00015911874928171835,-0.0005176489693341619
-0.003241991102517861,-0.0018621397727883395,-0.001328912890435966,-0.0008724951711661153,-0.0029347965785338536,-0.002263056614938281,-0.00326276960474083,-0.0031223585626171733,-0.0032082153936469457,-0.0022158164522295943,2.9227928855671666e-06,-0.0006115960684143195,-0.002483698808453294,0.0002497581509498393,-0.003060601554020284,-0.0017906757752597713,-0.001638501601150041,-0.001106121432569041,-1.6153773053468034e-05,0.0,-0.00400989541270342,-0.0012442469700508529,-0.0017598165360246452,-0.0006983576012289783,-0.0016942291459275379,-0.002593438268855431,-0.0025093455683923636,-0.0019661681317100187,-0.001141832481206272,-0.002106914616941026,-0.00217589414265155,-0.0009363585740084148,-0.0009929235982244315,-0.001842996742681154,-0.0010868716116834063,-0.0015447668672607271,-0.001057927857000615,-0.00031053512754195803,-0.0025229441075918877,-0.003076236474630012,-0.0031515261337295617,-0.0031748900617260037,0.0014325686495943696,-0.0005080753686549033,-0.0004431005098616844,-5.1665048147741335e-05,-0.0024206983228855826,-0.0006655608647723977,0.0,0.0,-0.004052704407058142,-0.0010003619490191757,-0.004588729508363381,-0.0001433738106324968,-8.700826995062639e-05,1.1102230246251565e-16,-1.3537377385254917e-05,-0.00356049406191713,-1.1102230246251565e-16,-0.004572645868490422,-0.0015030542577766405,2.848200162994384e-06,-0.0011636475621230734,0.0,-0.004533791235741962,-0.004565688192628557,-0.003323146507517136,-0.00496895853323597,0.0,-0.0012613525010328982,-0.003104554450936489,-0.004514013554968367,-0.003932183092125634,-0.003777074609457339,-0.002519055795296987,-0.0037228424288627765
-0.0007610205991479784,-0.0023386093687299265,-0.0006231041112150695,6.213380241195257e-05,-0.000926543597454181,-0.003812560513842205,-0.002703532559007969,-0.002298858953988244,-0.0007550866120453083,7.376008511069495e-05,-4.5737403540747265e-05,-0.0012751789171732148,-0.003292064734537257,-0.0017715733539909765,-0.0037423985280395965,-0.002549614539622925,-0.0006477387390670673,-0.0011277795690084666,5.2960661331209604e-05,-0.00400989541270342,0.0,-0.0030288769753999832,-0.003452182135381782,-3.6626393626642536e-05,-0.0014572578456355342,-0.0024724415302805973,-0.0039375326398186465,-0.0029459680062985634,-0.0030467457471451296,-0.0025183336196895217,-0.0018890412438971375,-0.0015293599037445845,-0.0027863244571929967,-0.0014372484982944755,-0.001754245151911686,-0.0006433039848844282,-0.00047875418810852194,-0.0003732951320418343,-0.002794502680515263,-0.00434819802401018,-0.003315129322932267,-0.0014962049268395735,-0.00114717266942482,0.0,0.0,-0.002070379143446177,-0.003846572574579416,-0.00031588168556772553,0.0,0.0,-0.0039212821434520834,-0.0005660468351494922,-0.0074923362558276885,-0.00019174513996637462,-7.240065108203716e-05,0.0,-0.0005192308084060799,-0.003411191749713702,5.551115123125783e-17,-0.004115736865724781,-0.002643298737196799,0.0,-0.0007332733902405997,0.0,-0.005321214832608821,-0.0038606199524776627,-0.00441375428474686,-0.0052091823123521395,0.0007254834400706284,-0.002618768168140668,-0.003702294291560573,-0.0054192681709626725,-0.004227682705022459,-0.004387467534873189,-0.001337074564702705,-0.004274240846990487
-0.0028603403574396715,-0.0008670817627006106,-0.0016378884872509294,-0.0006672866185688927,-0.0024688541808569014,-0.0022217463831571433,-0.002975080546809733,-0.0016567766369213026,-0.002759236999807851,-0.0013269557386542648,-4.683197924000769e-05,-0.0011562684136137563,-0.0025759767849948137,3.671284841784011e-05,-0.0018449484833158451,-0.0012359624591577636,-0.0016144282150056042,-0.0014046989154420952,-0.0003885627929342969,-0.0012442469700508529,-0.0030288769753999832,0.0,-0.003164001857828998,-0.0009164388783105405,-0.0011200617614929695,-0.002010581540592469,-0.0026009792397422874,-0.001749215124975581,-0.0018564291956875152,-0.001514643739536239,-0.0017627978157907143,-0.0009283423774786533,-0.0007134560410020805,-0.0014904199688713596,-0.0011528154524243397,-0.0013713793614417021,-0.0010465254461847105,0.0005171222190139913,-0.0017401155466731362,-0.0013314129452260469,-0.0020205628366015346,-0.0013294583916500578,0.0033938566604837833,6.140758203479913e-05,3.932823410989496e-05,-0.0017986199544027738,-0.002020299893621322,-0.0004733035983902876,-7.550593684123563e-07,7.272183279695317e-05,-0.002059060821234125,-0.0008207267873894759,-0.002825013818316191,-0.0006860296069753887,-0.00012986349883115317,0.0,-0.00013841025314012225,-0.0014606305790366447,0.0,-0.00394035033776472,-0.0012322426873081936,-7.797739944676823e-06,-0.0009145635856122297,0.0,-0.00394496064324978,-0.0037308551180917464,-0.0028434621297129432,-0.0044349178044570245,0.0001139697776750697,-0.00182805729866603,-0.0027938446565644393,-0.003811398325981386,-0.0028507824351753277,-0.0030628181857139227,-0.0005679084696719705,-0.0019365953518310183
-0.00232187703175717,-0.003414842166727739,-0.0041285092013363086,-0.002115077033063337,-0.003808373480223443,-0.002919965167928301,-0.004606940070272832,-0.0025515426483786303,-0.003555862038482221,-0.002537406348683389,-0.003969501943489119,-0.0016562207880247797,-0.00412657910265136,-0.002912337171835799,-0.0029565532163645966,-0.003145589000720776,-0.0008504210636924711,-0.002364087624576799,-0.005145489421505718,-0.0017598165360246452,-0.003452182135381782,-0.003164001857828998,0.0,-0.0015188316135436265,-0.0023294712582864682,-0.0027560561106517605,-0.002280086038133191,-0.003425109463569972,-0.0032234600735676945,-0.00325580946975586,-0.003353573930453068,-0.002902896010809541,-0.0029498603759280295,-0.003225917853263116,-0.002691108971062996,-0.002754218985894558,-0.00260304994476781,-0.001844528968674003,-0.004226400942079515,-0.003008834385669409,-0.004446412712948343,-0.003207688794084538,-0.0042011803133306875,-0.0028793805870876345,-0.0007090693310107198,-0.0005526817889042572,-0.003687443025971662,-0.006889673127468747,-0.0009262548169447085,-0.003195394793775282,-0.00475670744277432,-0.004366500094716116,-0.004654092302513227,-0.0055202597279755145,-0.00043855236119205157,-0.0071483910864008245,-0.0005501657614159394,-0.004627279750112652,-0.004492258745425784,-0.004828523275833501,-0.0018445323620306122,-6.928561889164975e-06,-0.0009852193806219683,-0.0064571957177585,-0.004921556159843529,-0.004459283237211187,-0.004394344044310139,-0.0037367223288869854,-5.720270901775755e-06,-0.0022356985208188277,-0.004368713723737523,-0.004585690508358568,-0.004366469108464207,-0.0043480819500908,-0.0038579860273324058,-0.004637524887620051
-0.0005021614743414216,-8.439124333970362e-05,-0.0012202656229694118,-0.0007476632563327861,-0.0018345127906805405,6.315836370355598e-05,-0.0003075051220794917,-0.0006956372316193959,-0.002316990168691045,-0.001722055544434345,-0.002708957653873715,-0.0010037788431311316,-0.002156840128825037,0.0008229654936986973,-0.002368240323084585,-0.0009191815765114915,-0.002601681115598488,-0.00219905533619715,-0.0013788274512749974,-0.0006983576012289783,-3.6626393626642536e-05,-0.0009164388783105405,-0.0015188316135436265,0.0,-0.0020718559128790554,-0.0018444863895052664,-0.0008189225772872268,-0.0005986382668098079,-0.0004373429946823199,-3.7058832904564915e-05,-0.0021271934315230776,0.0013146130551627956,-0.003255129972261213,-0.0004214585391245296,0.0008866522306546011,-0.000660694833255948,0.00038147670715583997,-0.001557671896680705,0.005993010104289868,-0.0025235725514702275,0.0018000555914477385,0.00017756821134394331,6.874786071365582e-05,-3.938419809063178e-05,-0.0022811230195399143,-0.0011968336499126998,-0.0015050436188709035,0.0,-5.551115123125783e-17,2.7366550134266885e-05,0.00023024008094458384,4.385875673708549e-05,-1.6653345369377348e-16,-6.412082048337747e-06,-0.004633807590513209,-4.5380662109181165e-05,-0.003647420558408189,-0.0009803228002048328,0.0,0.00011932482473467022,-0.00256795716228855,-0.0043923825917911215,-0.0035218710810182297,-3.334958430874687e-06,-0.0004600553224551231,0.0007386508785894772,0.0001011673479168143,-3.8760472763525723e-05,-0.003522849603801676,-0.0036538753245173965,-0.0036347293039282157,-0.00012261196444654415,-0.00016201348882325943,-9.246928740438692e-05,0.0,-0.0025398081271064367
-0.0015961392111684817,-0.00030667175841215416,-0.00035750357430968613,-7.248593787152276e-05,-0.0019603170209847765,-0.0014883057187646698,-0.002137388895490552,-0.0013461818791358725,-0.0019844556337349434,-0.0020112528718351013,-0.0020998417023281994,-0.00160334428981035,-0.0021075502155204003,0.00011439672829916397,-0.0024497087269899236,-0.0006480366596388065,-0.00031597982805383435,-0.00028494904208483784,-0.0006085537887115374,-0.0016942291459275379,-0.0014572578456355342,-0.0011200617614929695,-0.0023294712582864682,-0.0020718559128790554,0.0,-0.0009717028100211482,-0.002078796770807131,-0.001892687198551018,-0.0015599027567575394,-6.1000881995219505e-06,-0.001548155754703603,-0.0007559234441222654,-0.0018937288928596412,-0.0011965643780149906,-0.00018475832543918535,-0.0015348089829560216,-2.36667856600416e-05,-0.0010005139884706083,-0.0020307300918022313,-0.0011148945351440256,-0.0021000536217764955,-0.002537315033286336,0.00011376646567287406,-5.551115123125783e-17,-0.00023796078823396451,-0.002013550710413482,-0.0027096371214607603,5.551115123125783e-17,0.0,2.220446049250313e-16,-0.0012518045557480225,-0.0001602890438928049,-0.00020329894843553183,-2.4523241809621865e-05,-0.002762374587694079,2.755955898299192e-05,-0.003008232950294722,-0.001773527812275925,0.0,-0.002936946457272971,-0.0020686027300755934,-0.002845662603435422,-0.002415341644534145,0.0,-0.0020267358170752143,-0.0023472848603517575,-0.002614472775751536,-0.0016521880215831124,-0.0032136235644978197,-0.0028273455054062843,-0.0029113205845171146,-0.001439737735456501,-0.0014259202936036878,-0.0020270433617749326,0.0,-0.0022767417801118142
