0.0,0.41989621756425394,0.02853175605451324,0.0,0.0,0.37216947950834567,0.09895413122065672,0.5117045901700918,0.0,0.36715045260890805,0.02633275911499432,0.3981382378704146,0.2796573991855444,0.22332032353073547,0.4075183662857857,0.4227189891160559,0.2426974354704459,0.40446731250260604,0.0,0.4321259881862909,0.4131383748606454,0.4258852701807404,0.4822121018337524,0.38641662702077917,0.39652265384172236,0.3926242816545336,0.47533016140694045,0.30120904426854733,0.3321307662494081,0.019108283850881785,0.38805389534659773,0.4279092657109047,0.3733022370916113,0.3568397720980851,0.3486627485776052,0.13708699123096915,0.0,0.3294120442157792,0.46897054824125406,0.4480793865934647,0.3946662172358548,0.16116109301587475,0.0,0.0,0.0254525923066669,0.4103441006264303,0.4962636075578442,0.0,0.0,0.0,0.20123445614856675,0.0,0.02920088579020545,0.0,0.42829615090987383,0.0,0.2599613023504512,0.09730735443716101,0.0,0.10174088340988957,0.4802921330822803,0.055229379973261855,0.4615112365780032,0.0,0.15873929184212487,0.3396216394541078,0.48993093327819015,0.23694863392315607,0.3366666092410695,0.47339121681028157,0.4864746248098635,0.10960186223591825,0.0,0.1858796896137575,0.0,0.2916875360012963
0.41989621756425394,0.0,0.21001568587896516,0.0259217984146542,0.3562468217842559,0.42638872395907884,0.4518176845887554,0.4245955979014738,0.41896018048631567,0.20025224328431165,0.0,0.0833362443378582,0.45904164876715936,0.07686163885718637,0.44415035517139084,0.4188982885999966,0.24947480646461548,0.41587907701487575,0.052797984371501246,0.44056871520624763,0.43156395399754444,0.40467394027547066,0.4582406239437042,0.06730532185181454,0.38610996406629966,0.40791113287558867,0.444666280482457,0.4546014845583641,0.44140507223067815,0.12550924174751116,0.37786885790673846,0.4200646684424991,0.3639546598376786,0.37766991594195065,0.4081174181376517,0.07343780839836259,0.0,0.0,0.47749800257263175,0.4537034901968872,0.46467301684761303,0.49157094916853683,0.02769341402583652,0.0,0.0,0.47500212814826237,0.48806955517625816,0.053374654983569,0.0,0.0,0.3895776498926618,0.15107404766517268,0.0257623068986349,0.05076905250853951,0.13866977715122758,0.0,0.0995271664058663,0.20433335202362363,0.0,0.5126620629074198,0.4703472348374029,0.09791318449676785,0.4504305218335344,0.0,0.4770444477354163,0.49534624953921136,0.4865023252401992,0.50340398289211,0.09912521817246561,0.4713588432808788,0.5083583563315979,0.4906019471941443,0.2311381842010943,0.4762904532026729,0.0,0.4520139514597046
0.02853175605451324,0.21001568587896516,0.0,0.41755220442807256,0.4269585832151648,0.41546351976078744,0.4738698262732696,0.5014776635809004,0.3312783147941295,0.3990171997883957,0.3634951409472235,0.3037524002342374,0.48646902071922216,0.4595482784595258,0.02810393353812641,0.02413347294736058,0.13214131460920306,0.18051496843534778,0.2998118261859697,0.07900112596863769,0.05077008476272482,0.22474586725799822,0.3631726933661019,0.18383915942530688,0.18131898312253025,0.22947906706658167,0.3501344492514427,0.48894045715080126,0.25131524587971216,0.27080157820002554,0.5030154244207219,0.4684078879344146,0.30716804001179937,0.4998553960549324,0.48813852396275387,0.45345536942973563,0.4723237155604334,0.24858268520005186,0.5154977890783489,0.0,0.368836221430326,0.05877809123130481,0.538518079020815,0.11281492466923113,0.0,0.0,0.02656720852670804,0.47263537116046334,0.02956108421639411,0.4657816730383305,0.59026418500068,0.4559457065541637,0.5878631244253728,0.5913744764092389,0.0,0.5038491390242034,0.052040209054862736,0.41456302826131364,0.49391542864261,0.0,0.0,0.0,0.0,0.42274298378345276,0.0784952977473245,0.0,0.02382577577485351,0.6006510954415748,0.0,0.0,0.0,0.5970141425263269,0.33317373859444754,0.23432227895027383,0.029868496929447184,0.3159586169740597
0.0,0.0259217984146542,0.41755220442807256,0.0,0.27517819584132575,0.43463660230771983,0.2842487141010148,0.34952408729381745,0.44325484257913983,0.24231556354691047,0.39903888359911394,0.1925813153971078,0.3274598002849972,0.27895180563004307,0.07590536250926921,0.0,0.04772752854559156,0.0,0.440259476359051,0.3057331182593107,0.0,0.26499629890499177,0.4211156131288205,0.0535448974147518,0.0,0.07213052209505184,0.4357339357027152,0.266243708476328,0.28276807563321343,0.055489932946354195,0.2121719950732604,0.3067326665370258,0.1296943039023482,0.2828334538128992,0.31716423038357866,0.21297094634382638,0.1854279395729644,0.16848857719331187,0.11460544992205968,0.012583803799417283,0.04913333402410411,0.034652528703451,0.03893787836499851,0.014808043847840239,0.0,0.0,0.0,0.0,0.0,0.0,0.0,0.0,0.023904131518469915,0.0,0.0,0.048167934161320064,0.014589609371291267,0.0,0.0,0.0,0.0,0.0,0.0,0.0,0.0,0.0,0.0,0.11003272618291028,0.0,0.0,0.0,0.13683463756508665,0.0,0.0280718664567891,0.0,0.0
0.0,0.3562468217842559,0.4269585832151648,0.27517819584132575,0.0,0.41634674220540857,0.360447204444425,0.4368137413420212,0.3778212937543634,0.45918089563358705,0.35877588475189764,0.35232028520925573,0.4098731899466304,0.3196672973328681,0.0,0.3567230449080184,0.21544292325077852,0.24670823841251208,0.4236417146008604,0.3749901226862037,0.05150617329616699,0.4325155923400774,0.4345126893053438,0.20475945975485596,0.37371636240264394,0.2874098155239435,0.43075832897889454,0.3848117505839544,0.3952944782304756,0.10465478450174308,0.4824968733301055,0.402042050191028,0.28920656180292104,0.4689353488654367,0.44150777138249575,0.26072824055003,0.2575792869325514,0.3698735723845347,0.38909638855339856,0.0886792145352528,0.20755578484640946,0.023919233790772987,0.40777309963810493,0.02249379125839744,0.0,0.0,0.0,0.502666168113866,0.0,0.3125623280221994,0.45211977069963744,0.29761490365857796,0.4042770983018501,0.4630587179888892,0.0,0.43176954458122285,0.02008457879176411,0.23687373436349718,0.21262377606928978,0.023495841884323,0.0,0.0,0.0,0.44321175860138623,0.10134653923051311,0.0,0.04912173075836969,0.5591479532741778,0.0,0.0,0.051139245273838264,0.5182985004470693,0.28726944208281685,0.1656686501198812,0.0,0.09250050617360592
0.37216947950834567,0.42638872395907884,0.41546351976078744,0.43463660230771983,0.41634674220540857,0.0,0.44150432772479054,0.4536977790010852,0.368819685633077,0.4464199992896931,0.4167524842979888,0.37038951715334245,0.4147173624604475,0.450541467496319,0.4513015032051711,0.4529320827366557,0.27408207972843385,0.41064592420797386,0.43042195963855034,0.43404695093526274,0.4259455423916878,0.4481840032154322,0.42858861920134284,0.2465431078912331,0.406568251701763,0.435919037215538,0.4066030743524486,0.4165271385230425,0.3774956973628972,0.44542707875665954,0.46255940369895654,0.4416142520113429,0.40804672377021356,0.46793379938352836,0.466569178919505,0.4587942823230909,0.4558092064484635,0.3197744776012508,0.5145449243513114,0.18915225860002371,0.5110296996897298,0.38808459408030255,0.5028180123999453,0.19012764022184334,0.12037497755371224,0.0698066342856217,0.3337054111168496,0.5883781682363478,0.026597913546277944,0.3979096475917638,0.5485203163634956,0.5289801170838208,0.5247464932240669,0.5870629644950509,0.0,0.5200727076279997,0.11363002396861017,0.5202216286558646,0.14843172947559485,0.5033040831642456,0.2181240817070561,0.0,0.09303144762866809,0.5772132490768058,0.4752163700518632,0.2953691890288759,0.4315129261324835,0.5554504768974498,0.0,0.24550199479896515,0.3784508056453242,0.5496688839018807,0.5429629140343818,0.5208408373068014,0.3234662922769142,0.4889989558717179
0.09895413122065672,0.4518176845887554,0.4738698262732696,0.2842487141010148,0.360447204444425,0.44150432772479054,0.0,0.46675156394253686,0.4336302706601074,0.4256769769872637,0.4766892696813519,0.39628672733434644,0.3646930320147443,0.36988047524906764,0.10200376779175287,0.48421952750088754,0.35424681853190304,0.4626571784617633,0.4896504048578434,0.46790347201122884,0.2613807794784152,0.4845619609311117,0.4652837499367595,0.3408682668979008,0.43918714242040985,0.4416317050910059,0.4621025449554461,0.38283412300321723,0.46179206187043526,0.2570433799052376,0.44771144499782317,0.41843877766772275,0.4035390536357844,0.4270689097034033,0.4020930973502632,0.3205006511688102,0.3085853500390655,0.3367028863861066,0.3595165085736164,0.17663852109726505,0.26817857673627343,0.18038862181557494,0.4171705975063144,0.07402169484613744,0.08560352913199153,0.0,0.25875595491905157,0.4099023755055823,0.0,0.1813908425386922,0.4567738363926209,0.3019796472437421,0.31723794073683065,0.4104083899790627,0.02663792173067729,0.30823149533155625,0.0791876073543757,0.29772616858063095,0.07865034146617206,0.138571179333095,0.04932649234010596,0.0,0.0,0.33823932681071234,0.24755852689898017,0.0,0.20667030793820554,0.5246196655201582,0.0,0.07606819502223912,0.2674564069989266,0.48708219181463697,0.2889973963526396,0.25652930692151316,0.05963987308969338,0.24114835479089988
0.5117045901700918,0.4245955979014738,0.5014776635809004,0.34952408729381745,0.4368137413420212,0.4536977790010852,0.46675156394253686,0.0,0.5193378815617306,0.3498558230065615,0.3677423654740508,0.3325335234369951,0.47434006015065805,0.38070768202071176,0.32362239866323633,0.4012662038229435,0.0,0.4263135294598549,0.4684564909466734,0.3449257333752287,0.42593819106481046,0.30596897188279626,0.39722014756587337,0.5204213907998119,0.4855873058956212,0.4967766938060952,0.4780373809219932,0.46053870291753096,0.4274703060225809,0.44252419567120704,0.476858403321595,0.37926646016591276,0.39668274149327915,0.47918358681487166,0.4456688048457409,0.3013931133367598,0.309053970040209,0.08282385603352953,0.487858451021313,0.02956326821308589,0.5304470186630095,0.1514623500804041,0.45451733709328856,0.02143607868088616,0.0,0.02624322039404943,0.11824730586231441,0.5772847624313164,0.0,0.3635832840298691,0.5253852153290067,0.4718994676064677,0.4452748870792622,0.5779097993488853,0.0,0.5050973388822555,0.0,0.5280538257071629,0.38327792422911333,0.4138710870634578,0.0,0.0,0.0,0.5551387842754542,0.4460766372028877,0.45312190503931427,0.2641379107002716,0.5255002384731434,0.0,0.058664338031070504,0.17703650631478232,0.5424673458909735,0.5203044523364233,0.5081334695787477,0.10913451006427548,0.5082464983246407
0.0,0.41896018048631567,0.3312783147941295,0.44325484257913983,0.3778212937543634,0.368819685633077,0.4336302706601074,0.5193378815617306,0.0,0.4979648476757379,0.35672786674436485,0.4169971071742499,0.43220099741521983,0.4445992060175803,0.0,0.36884195097537525,0.26849085927034655,0.30170946673692833,0.31323298210225486,0.43620814056550405,0.09329148918352856,0.4440812460528249,0.4396828529376005,0.3671251423728033,0.3932297094191618,0.3860377004739086,0.38364722916559535,0.48802624548027373,0.4317890805175265,0.3930032928301562,0.5094595284391485,0.4714209475687846,0.3987101949799131,0.5016281959064137,0.4860758550309538,0.4594978989610716,0.4722072675676994,0.44242316344277993,0.5334458940077954,0.11292931899264887,0.3114630236967655,0.14705826706661998,0.525742627092147,0.09945693602892401,0.09956825882951256,0.0,0.0505996027277068,0.6029295452499669,0.0,0.3737204448670469,0.5800427494026033,0.42197467306429703,0.585470295327476,0.5393126630641993,0.02319326975659959,0.5577962359710049,0.12171649756476932,0.4151342773495046,0.46775872107855915,0.05266313115882949,0.0,0.0,0.0,0.5859268015531343,0.10587926763874261,0.0,0.07454976615914584,0.5952123672584215,0.022496442511881445,0.0,0.1262541864042757,0.5860012586150901,0.36642584817135737,0.2810113521938898,0.05994256390880079,0.28228977035383873
0.36715045260890805,0.20025224328431165,0.3990171997883957,0.24231556354691047,0.45918089563358705,0.4464199992896931,0.4256769769872637,0.3498558230065615,0.4979648476757379,0.0,0.49435498083060037,0.30341127168607523,0.43839410293884323,0.2161443850524149,0.08769221672031319,0.3473386658084296,0.34844500416789315,0.37311113049465355,0.5009846681231989,0.2613388000422696,0.25581100974194354,0.33357742608267016,0.4181044761235875,0.3413924483625139,0.36238798475261663,0.37134267370475604,0.44711830588197254,0.4135198818878871,0.31617415259224607,0.11962963946839594,0.3580098435163439,0.3612259476763969,0.33559417204244096,0.3350879991474024,0.32537459151716797,0.35525582853448384,0.25512246891985996,0.2906072825342493,0.2957946740498303,0.39681688600615816,0.360551713138879,0.2208719952084111,0.1394411744854476,0.057736560157109755,0.3612589625326093,0.2882503366685785,0.05078890377064962,0.027379834862454187,0.020031392574310296,0.0,0.028917039147143237,0.10557532080826953,0.027539048628642957,0.0230159214809932,0.48757423606116274,0.076437571966688,0.4855011589945788,0.3542725508007462,0.0,0.027396049764421247,0.21211036808137437,0.4802620023308207,0.4613039105211379,0.0,0.0,0.0,0.046498868994729416,0.23213284411019108,0.4658345566699011,0.48063174767558414,0.49660828904951226,0.10902115573989796,0.3788320227787277,0.05743724425393738,0.0,0.4230107600930885
0.02633275911499432,0.0,0.3634951409472235,0.39903888359911394,0.35877588475189764,0.4167524842979888,0.4766892696813519,0.3677423654740508,0.35672786674436485,0.49435498083060037,0.0,0.41150836829866333,0.49081581580699013,0.3365394380976249,0.0,0.0,0.29815102815717354,0.24156707909143588,0.3027618428644526,0.0,0.049231142715506736,0.0,0.34423353458189887,0.3675687552334076,0.24298452650153324,0.2924842090640426,0.4154865472558733,0.48575188465361374,0.11194331974205857,0.0,0.5155637445829794,0.43183562462117764,0.35794291740462864,0.5015853019212584,0.47339468602433477,0.35858674874409746,0.4607740773052268,0.4369392852260079,0.46901761245565954,0.07263569381787632,0.2632074920303782,0.07688335637866343,0.46612535057477594,0.10058721875047406,0.04648736879668177,0.0,0.0,0.48190877307593055,0.023300361681198076,0.4406154387108448,0.5412161921785832,0.42688562319710477,0.5085295134463677,0.49997104124995206,0.15644752279686852,0.3293688440830148,0.09559900507700356,0.4223151721105347,0.45150162812495803,0.024625616381194742,0.0,0.0,0.0,0.3271685030601976,0.07480670095789232,0.0,0.02388302364939019,0.5627917309012767,0.0,0.0,0.0,0.5547390153336887,0.4482954714767486,0.1795263268695806,0.0,0.2550645465147863
0.3981382378704146,0.0833362443378582,0.3037524002342374,0.1925813153971078,0.35232028520925573,0.37038951715334245,0.39628672733434644,0.3325335234369951,0.4169971071742499,0.30341127168607523,0.41150836829866333,0.0,0.413387351912182,0.1086132945915956,0.04638793937064874,0.04110986887071729,0.38754314712944316,0.334813696165191,0.2808344018114437,0.09744534155450602,0.34293175750659066,0.11897967555139716,0.3927868672486501,0.30623362662307596,0.37419356829066963,0.3364658036053417,0.31915866732461146,0.3767858890114144,0.21265826162799764,0.04644563959704505,0.3580257680077114,0.2885327719838926,0.3052676727296989,0.2582233100748801,0.29661159518249597,0.34368461437429976,0.27321374518847746,0.23455546098408606,0.26280467927973933,0.40067494399975545,0.3291867913878835,0.22221939099242544,0.22557389800972313,0.05928800603913593,0.345021233509695,0.21014643270628425,0.023505248938109125,0.0,0.0,0.02037100394183018,0.09588873109344448,0.11214715377778926,0.0,0.046879401753055244,0.49089877266626186,0.09751856752912895,0.48349132969835995,0.29784202258896303,0.02265004813671112,0.0,0.07701331285618578,0.48507719310198916,0.46980297760597645,0.023646701975886242,0.023718169993824426,0.0,0.024918255668592404,0.1353500700680547,0.4645421981756863,0.4864526613088233,0.4960800429617479,0.15085137630795462,0.3414690528281305,0.02315050694677565,0.0,0.4538637143874688
0.2796573991855444,0.45904164876715936,0.48646902071922216,0.3274598002849972,0.4098731899466304,0.4147173624604475,0.3646930320147443,0.47434006015065805,0.43220099741521983,0.43839410293884323,0.49081581580699013,0.413387351912182,0.0,0.4042093078223145,0.2852192734799765,0.48879143129004127,0.45358468197959545,0.46577213579909305,0.49699754422894327,0.4601944489835376,0.4210157729204677,0.486967471384619,0.46892585933580744,0.42691907367335563,0.4484263705911559,0.44841043878951453,0.4693450155727806,0.36627679589645873,0.43354633984576063,0.3980337511108949,0.436077997170657,0.4255940025550309,0.4111608753845105,0.4320508045754583,0.4128556400645232,0.36225739793078277,0.35179648796824226,0.39397799606719636,0.41878288175278966,0.27313365169532916,0.32592458759018983,0.2513107065482867,0.3976313031716623,0.10396772070802032,0.22626457883982148,0.04674903296579983,0.26109421084818185,0.47801274465519117,0.0,0.15013339968905398,0.5149688897587282,0.3331334817350396,0.516808649749892,0.3112881056592969,0.2572870673117891,0.3449964579425073,0.24843397233001255,0.29075186504324013,0.054436120813977626,0.3143664947739512,0.1520360272119063,0.0,0.0732911445676409,0.278886483599915,0.40109772403225835,0.19734246428180008,0.291875409138573,0.5518663989385231,0.14407155803411031,0.2829967703028686,0.35178329952669873,0.5464252191499732,0.2901434732170736,0.4680404620487908,0.20502264690298241,0.2969342089320192
0.22332032353073547,0.07686163885718637,0.4595482784595258,0.27895180563004307,0.3196672973328681,0.450541467496319,0.36988047524906764,0.38070768202071176,0.4445992060175803,0.2161443850524149,0.3365394380976249,0.1086132945915956,0.4042093078223145,0.0,0.028859111997816298,0.0,0.0,0.0,0.415999956901677,0.025154542591836714,0.3162606575568345,0.0,0.417649894616781,0.15728755914180115,0.05074766106151908,0.2701478210316369,0.4679872156113224,0.3014897775137687,0.024242780274815027,0.02568884637377144,0.2886508402375204,0.30461909862725445,0.041766175840933215,0.3799843506339584,0.131100144339671,0.25155305085380064,0.19695863783061948,0.01748078730371263,0.2680463276694006,0.0,0.021245997813012868,0.060475240977310926,0.3163854222631372,0.01750061118057165,0.0,0.0,0.0,0.4220006016855164,0.0,0.26649566619404874,0.14276236462720693,0.08423761779903906,0.2510426092149456,0.39682686676361534,0.0,0.3439968944265485,0.0,0.07311410238536314,0.236349961893817,0.0,0.0,0.0,0.0,0.2916407047051053,0.0,0.0,0.0,0.470915777929146,0.0,0.0,0.0,0.37578724328733304,0.026064133299832395,0.024149279655886275,0.0,0.027648145953814186
0.4075183662857857,0.44415035517139084,0.02810393353812641,0.07590536250926921,0.0,0.4513015032051711,0.10200376779175287,0.32362239866323633,0.0,0.08769221672031319,0.0,0.04638793937064874,0.2852192734799765,0.028859111997816298,0.0,0.4449287377845896,0.16438356375361474,0.42766321792713013,0.0,0.3697003208646192,0.42387070973174934,0.3834423886643752,0.3969962543029189,0.39562923617622503,0.41588192942524516,0.4096963974787136,0.43282263054989767,0.42127450383061515,0.4309193333874544,0.2495902590229072,0.4331206597491458,0.45309084553297463,0.43277612918623176,0.45016382969857127,0.4917637432803707,0.48114268774635566,0.2056786872445131,0.0,0.5057030983744208,0.5102283586034728,0.5173183925892922,0.5435740274911913,0.3125217548403754,0.02172380189100901,0.0,0.07874089995579564,0.5235474678187466,0.0585694756779653,0.0,0.0,0.5093309394823404,0.052916382174172195,0.3834488897849289,0.056486202357946026,0.0,0.0,0.025197933117548622,0.34188617973199054,0.06331175374138272,0.5278034046157857,0.41509002490290775,0.0,0.18755616091299862,0.0,0.5085649386760278,0.5116743561746354,0.5349225812826586,0.5280735957141228,0.0,0.3648790834406459,0.5524681529495674,0.530325880044704,0.5235702016739396,0.5090376342351892,0.2886842013014892,0.48003124328472524
0.4227189891160559,0.4188982885999966,0.02413347294736058,0.0,0.3567230449080184,0.4529320827366557,0.48421952750088754,0.4012662038229435,0.36884195097537525,0.3473386658084296,0.0,0.04110986887071729,0.48879143129004127,0.0,0.4449287377845896,0.0,0.4013155853043936,0.358588247709197,0.023829511840534216,0.4340013957955063,0.4361890257795864,0.40152251209581075,0.4614047575346659,0.2825793249203477,0.39784782432022564,0.4333577317258496,0.4559690775819019,0.46827882651999075,0.4571870181247081,0.4427955250058359,0.38824863272537125,0.4441403688539054,0.390218581440044,0.40230084196151467,0.4484115708047995,0.047332248836194545,0.0,0.016666279917722335,0.4609321230892265,0.42868070696999916,0.44802956614134587,0.39837375921197865,0.0,0.0,0.0,0.4731368501754518,0.4784538145115012,0.0,0.0,0.0,0.2500355154102451,0.024279382462731973,0.0,0.0,0.15953945641690795,0.0,0.12002662384717731,0.1474653012375442,0.0,0.47796975908465394,0.45761903931863795,0.10986977822637088,0.43595101152317545,0.0,0.42981742870153655,0.34174103600161704,0.4767425749299136,0.31052678582030413,0.15012176807014183,0.4539035840408674,0.49031851294195505,0.4133507104724383,0.1362446492898989,0.3405259694804359,0.0,0.41478039728158245
0.2426974354704459,0.24947480646461548,0.13214131460920306,0.04772752854559156,0.21544292325077852,0.27408207972843385,0.35424681853190304,0.0,0.26849085927034655,0.34844500416789315,0.29815102815717354,0.38754314712944316,0.45358468197959545,0.0,0.16438356375361474,0.4013155853043936,0.0,0.3441671908376276,0.24337687489893986,0.4099444834187603,0.09985542168042011,0.40733073107129053,0.22843803854277395,0.3986140121770599,0.3484799195892974,0.38645667281499,0.1990587963268271,0.43053785524164706,0.31044465849830916,0.04412467522743055,0.37569490733170796,0.43508681872841815,0.3747563772388482,0.3825951278874172,0.38420701548992847,0.22958863553066935,0.0,0.34405711429371433,0.1992730995214849,0.3926786678250704,0.24690123372881453,0.02669237065743028,0.0,0.0,0.02311433205910969,0.07554323024550065,0.12128639721388734,0.0,0.0,0.0,0.0,0.0,0.0,0.0,0.4820152461849877,0.0,0.4865094387633245,0.0,0.0,0.0,0.17359931366184578,0.4655407730841947,0.4524133687894572,0.0,0.0,0.0,0.0,0.0,0.43001371465371546,0.4661471640912737,0.4843619348383823,0.0,0.0,0.0,0.0,0.25772899593460363
0.40446731250260604,0.41587907701487575,0.18051496843534778,0.0,0.24670823841251208,0.41064592420797386,0.4626571784617633,0.4263135294598549,0.30170946673692833,0.37311113049465355,0.24156707909143588,0.334813696165191,0.46577213579909305,0.0,0.42766321792713013,0.358588247709197,0.3441671908376276,0.0,0.16076811014821285,0.42845966934670154,0.40392064009556994,0.4252770062770114,0.4561785663579736,0.3892876080826133,0.3623525564376902,0.3994004668041137,0.4403601399061569,0.4514444805939298,0.44765919077160365,0.28934314461119265,0.3921310980910447,0.4381345787205498,0.3769449253043193,0.3937290108924951,0.40801397588157995,0.07520012924968776,0.0,0.18403769448190685,0.4423933810112722,0.4031140823203559,0.43165035108410515,0.32841115745427557,0.0,0.0,0.0,0.45567324012252314,0.462945759002553,0.0,0.0,0.0,0.12402821206360046,0.0,0.0,0.0,0.44560522962025917,0.0,0.4323189588822363,0.024547314538705196,0.0,0.18576076321505908,0.44427267391610414,0.44329418787730385,0.4388367545832722,0.0,0.1786142360116506,0.0791330448081072,0.4269467273650063,0.0806011004295237,0.46645847813771735,0.4495635235252051,0.4705014275672753,0.10183983356990933,0.022408236502213214,0.2522607138943234,0.0,0.4359102830597446
0.0,0.052797984371501246,0.2998118261859697,0.440259476359051,0.4236417146008604,0.43042195963855034,0.4896504048578434,0.4684564909466734,0.31323298210225486,0.5009846681231989,0.3027618428644526,0.2808344018114437,0.49699754422894327,0.415999956901677,0.0,0.023829511840534216,0.24337687489893986,0.16076811014821285,0.0,0.0,0.0,0.02643910354304905,0.3535767056806984,0.20765998209691405,0.10557400765411556,0.1883079351429253,0.3882418584090199,0.494145309322278,0.0,0.05691625595789499,0.5117050430410341,0.4594528894525118,0.22517662906684632,0.5003375174841641,0.4818655399381319,0.433267267147146,0.47074531928872215,0.36079326552367386,0.516152671874724,0.0,0.16659292676071147,0.048406584475004545,0.5068647421293596,0.07586008027646285,0.0,0.0,0.0,0.5519892763373117,0.0,0.42297473177535205,0.5734106633461412,0.4116298170558798,0.575555327790049,0.5906421737870904,0.0,0.47755850169997655,0.0495797014967166,0.37750670544502696,0.4756593499982059,0.0,0.0,0.0,0.0,0.5467541206972162,0.024742406652493755,0.0,0.022682467648604796,0.5909043517911952,0.0,0.0,0.0,0.587663678198788,0.2951727266982477,0.2502720594957673,0.030513627823610556,0.12445343270821861
0.4321259881862909,0.44056871520624763,0.07900112596863769,0.3057331182593107,0.3749901226862037,0.43404695093526274,0.46790347201122884,0.3449257333752287,0.43620814056550405,0.2613388000422696,0.0,0.09744534155450602,0.4601944489835376,0.025154542591836714,0.3697003208646192,0.4340013957955063,0.4099444834187603,0.42845966934670154,0.0,0.0,0.4550956840417265,0.38036425973386634,0.33059203754793687,0.25555680599728287,0.4231404327056234,0.4525513387789004,0.384910010985036,0.4081718173852303,0.35713413449666276,0.3713420151154174,0.4053099483892877,0.45038438973827766,0.4008327968563774,0.4449476478909858,0.48139131960474024,0.4871000594078699,0.38828185747163674,0.06716276093469767,0.49046959152415887,0.4540713004059324,0.5071167666551453,0.5180145064024921,0.33664091483415226,0.05362855680899414,0.07054609860581441,0.023002995479899258,0.4753788495492889,0.056161110310505157,0.0,0.030091742461425115,0.48235692687913123,0.19376042201322444,0.5000525787528537,0.02638941629396391,0.0,0.0,0.09389128976277071,0.4338875209670586,0.031243202879240532,0.5139072279294195,0.28656722234279064,0.0,0.2305259797804316,0.0,0.5106921858620007,0.5025058023927743,0.5033604241510036,0.5330775243031233,0.0,0.29527986075087387,0.5066186323891769,0.5294756361374569,0.523375546966164,0.5084371133220906,0.31910254231216634,0.5114952688421394
0.4131383748606454,0.43156395399754444,0.05077008476272482,0.0,0.05150617329616699,0.4259455423916878,0.2613807794784152,0.42593819106481046,0.09329148918352856,0.25581100974194354,0.049231142715506736,0.34293175750659066,0.4210157729204677,0.3162606575568345,0.42387070973174934,0.4361890257795864,0.09985542168042011,0.40392064009556994,0.0,0.4550956840417265,0.0,0.45356409508489126,0.43039629585600486,0.4836717530028346,0.4272732584085496,0.432306583234365,0.46467648003207057,0.4654622946657705,0.44068199892910287,0.2617098023769342,0.41232830644664403,0.4398233182346832,0.4034274845918574,0.4216488004157985,0.45579744133931693,0.23281658047476178,0.028452555338541668,0.24069220226792865,0.4908751035637636,0.452633027799173,0.4487593708282872,0.3284331639656195,0.0913669831222958,0.0,0.0,0.36120878370020265,0.5164845895554735,0.11291000136289517,0.0,0.0,0.46436495312068005,0.029505820262949827,0.4584586009035354,0.0,0.05510480441406439,0.0,0.11320192290338202,0.37425027364928687,0.0,0.5076248737846589,0.4596323492854094,0.0,0.1266820584086435,0.0,0.509315971609565,0.4283583329613807,0.5247239596343197,0.5115116235895728,0.01894214021761424,0.38985430454769715,0.5322339499916806,0.5265906569976595,0.5147401645039816,0.5001497806932284,0.2542229074376335,0.4770400294522656
0.4258852701807404,0.40467394027547066,0.22474586725799822,0.26499629890499177,0.4325155923400774,0.4481840032154322,0.4845619609311117,0.30596897188279626,0.4440812460528249,0.33357742608267016,0.0,0.11897967555139716,0.486967471384619,0.0,0.3834423886643752,0.40152251209581075,0.40733073107129053,0.4252770062770114,0.02643910354304905,0.38036425973386634,0.45356409508489126,0.0,0.45188478962138123,0.181064002441783,0.41387577541750825,0.4223110781376841,0.4542703167189446,0.4481324108542364,0.42683306082276373,0.41325626874110477,0.40402548293255797,0.45083813140181267,0.4023108881820355,0.43322503559459274,0.48366035344076014,0.5244559175077096,0.37116436562770594,0.058998444112249304,0.48186071765346405,0.47175392064237964,0.48810197784087744,0.5082875523263769,0.32410831419585323,0.0226098517048887,0.0,0.370260689025685,0.48575344805393134,0.080232522853396,0.0,0.025219992987092498,0.42390348779003273,0.13054416712555744,0.26307342544780965,0.0799355142887948,0.0,0.0,0.023371830793018782,0.26583547045213485,0.0,0.5335096501060759,0.4632353894517116,0.024694384318024443,0.3432460885833005,0.0,0.5092832118444406,0.5150504540073906,0.5099530023461833,0.523082408875743,0.02456656617961684,0.4485090038212568,0.5219913700575907,0.5144173823682175,0.4431295857793044,0.49388302050726435,0.13511751220698007,0.4476775453127834
0.4822121018337524,0.4582406239437042,0.3631726933661019,0.4211156131288205,0.4345126893053438,0.42858861920134284,0.4652837499367595,0.39722014756587337,0.4396828529376005,0.4181044761235875,0.34423353458189887,0.3927868672486501,0.46892585933580744,0.417649894616781,0.3969962543029189,0.4614047575346659,0.22843803854277395,0.4561785663579736,0.3535767056806984,0.33059203754793687,0.43039629585600486,0.45188478962138123,0.0,0.5071859696409642,0.44710358864840166,0.47143194536068594,0.3715858453317057,0.4598210987427261,0.4346142263941931,0.4462501350740225,0.4628930783311035,0.4440335355772673,0.4159580809972035,0.4734640824287465,0.4805363713685364,0.4301766273736218,0.4519942522585327,0.32676342315752865,0.5379333804590127,0.47397033465021976,0.558052719004763,0.5189209682788035,0.5207169349107558,0.380889331046244,0.05688668622249447,0.15780844300202915,0.4765445762153878,0.5822814796989957,0.14130385985298136,0.4676798724192382,0.555756120974452,0.5633621276510296,0.5308788420661888,0.5971367668796436,0.1673857359866992,0.5531310045345981,0.10179798268484662,0.5555749466425236,0.5107272816425686,0.5291981473278446,0.27028086364458104,0.0,0.1108338132214442,0.5668370660429882,0.5363624463532837,0.5146223147944593,0.5245388074499818,0.5507313504426461,0.0,0.2904329565951171,0.5236780986496863,0.5580475842616814,0.5497083885339964,0.5365156289747853,0.548746623593456,0.5589710897227899
0.38641662702077917,0.06730532185181454,0.18383915942530688,0.0535448974147518,0.20475945975485596,0.2465431078912331,0.3408682668979008,0.5204213907998119,0.3671251423728033,0.3413924483625139,0.3675687552334076,0.30623362662307596,0.42691907367335563,0.15728755914180115,0.39562923617622503,0.2825793249203477,0.3986140121770599,0.3892876080826133,0.20765998209691405,0.25555680599728287,0.4836717530028346,0.181064002441783,0.5071859696409642,0.0,0.38394026863320563,0.36722341182526264,0.4256698096541391,0.3949169477624005,0.18017950088483908,0.02277622123559316,0.37399441543740974,0.31903824097868166,0.2810892376219506,0.2733479842557137,0.3000546986522206,0.3006167028226453,0.21448422465996397,0.25816113477615477,0.2718263390598432,0.3642646864597671,0.3407293389127707,0.10885141151190636,0.13286181568629074,0.0292112402590171,0.3190868601870707,0.43451060101005257,0.2377137816282886,0.0,0.0,0.0,0.04711759821818575,0.0,0.0,0.0,0.4714828322290543,0.0,0.45622678362710656,0.15010195831723847,0.0,0.023841474218355946,0.3697570581369919,0.49307961416820895,0.4778351191198713,0.0,0.05150789380899095,0.060498513328653206,0.04959621422467397,0.053681056523211895,0.4408822771093475,0.48274501037808215,0.4933302614967387,0.09763005187025425,0.2505536924946037,0.0,0.0,0.4006706544554508
0.39652265384172236,0.38610996406629966,0.18131898312253025,0.0,0.37371636240264394,0.406568251701763,0.43918714242040985,0.4855873058956212,0.3932297094191618,0.36238798475261663,0.24298452650153324,0.37419356829066963,0.4484263705911559,0.05074766106151908,0.41588192942524516,0.39784782432022564,0.3484799195892974,0.3623525564376902,0.10557400765411556,0.4231404327056234,0.4272732584085496,0.41387577541750825,0.44710358864840166,0.38394026863320563,0.0,0.3757531734447665,0.42386082234551314,0.44047929582264533,0.42784766948963027,0.13362311305019062,0.3900251345233489,0.41526055290343306,0.34921022532318524,0.37280170883701996,0.39007254421631754,0.10559589386676027,0.0,0.33868797802438655,0.45869554617754627,0.4164941489368077,0.4412333003641999,0.467467907088056,0.0,0.0,0.16890046564246164,0.455480113457834,0.4743989420698786,0.0,0.0,0.0,0.2494531690888761,0.024536775646718138,0.05274873439366645,0.0,0.47337135028702754,0.0,0.4805527554979128,0.33301677369978944,0.0,0.37036608313012,0.45718914618200884,0.46498923644760803,0.45113906895926664,0.0,0.37456455987341813,0.41201444032041756,0.45470057107706885,0.28828358971140977,0.4750173511442438,0.46174172070837244,0.48032611503163175,0.2586741281549603,0.22512349645259244,0.36008219227510474,0.0,0.44622513510458867
0.3926242816545336,0.40791113287558867,0.22947906706658167,0.07213052209505184,0.2874098155239435,0.435919037215538,0.4416317050910059,0.4967766938060952,0.3860377004739086,0.37134267370475604,0.2924842090640426,0.3364658036053417,0.44841043878951453,0.2701478210316369,0.4096963974787136,0.4333577317258496,0.38645667281499,0.3994004668041137,0.1883079351429253,0.4525513387789004,0.432306583234365,0.4223110781376841,0.47143194536068594,0.36722341182526264,0.3757531734447665,0.0,0.47205541229450315,0.43618015252799147,0.43185503793734414,0.1649316737098164,0.3992657254233461,0.43586604658398814,0.3805653418626884,0.3957431978558046,0.43960437155394216,0.39489453573782185,0.10340967512745944,0.3510131458451694,0.4797528578833281,0.44416239620180964,0.47363535293032455,0.5007068611061224,0.0777139242820769,0.0,0.3417640746546407,0.47197822364997616,0.509623604372039,0.028278786917915293,0.0,0.0,0.4075332622823754,0.18630151332619796,0.11286955609660371,0.026226787699412737,0.4964958218301078,0.0,0.4963867771869784,0.29222318005108155,0.0,0.5479799583114076,0.4844366566755178,0.4874061828331812,0.4723598778097649,0.0,0.5060008214469485,0.5243598539998328,0.5243378527891727,0.5160051326680597,0.4861179692960461,0.48024189254671396,0.5053120460000646,0.5141159217793994,0.36256084390064813,0.48798085718223533,0.0,0.46748820650140466
0.47533016140694045,0.444666280482457,0.3501344492514427,0.4357339357027152,0.43075832897889454,0.4066030743524486,0.4621025449554461,0.4780373809219932,0.38364722916559535,0.44711830588197254,0.4154865472558733,0.31915866732461146,0.4693450155727806,0.4679872156113224,0.43282263054989767,0.4559690775819019,0.1990587963268271,0.4403601399061569,0.3882418584090199,0.384910010985036,0.46467648003207057,0.4542703167189446,0.3715858453317057,0.4256698096541391,0.42386082234551314,0.47205541229450315,0.0,0.45840379204316506,0.402335493312809,0.4333382802611151,0.44027196140890146,0.44684960079839464,0.40340629736311945,0.46385364288719366,0.47614969569784305,0.472914870610876,0.4565408999490928,0.3357537771837649,0.5294189147900825,0.37893923103376925,0.5428226369189866,0.533062102326475,0.5128326651129135,0.30379566815577774,0.14815163966546085,0.0,0.4349441977915841,0.5987981337314002,0.02720480686749172,0.46986665420790075,0.5517904981602664,0.5618235486993611,0.5478317078347837,0.5991594159753288,0.0534311096116562,0.5719622914256672,0.12337900269655212,0.5496703925025072,0.36770768240998886,0.5230428973701591,0.27223429917501957,0.0,0.08367494104619763,0.5911423141027142,0.5264800042456048,0.5221509095615232,0.511733230334221,0.5594512326504018,0.023949144615067378,0.18037711069279586,0.5221479388545341,0.5514152897630699,0.5431698177760421,0.5280934342562594,0.48029796609340825,0.5502350167170508
0.30120904426854733,0.4546014845583641,0.48894045715080126,0.266243708476328,0.3848117505839544,0.4165271385230425,0.38283412300321723,0.46053870291753096,0.48802624548027373,0.4135198818878871,0.48575188465361374,0.3767858890114144,0.36627679589645873,0.3014897775137687,0.42127450383061515,0.46827882651999075,0.43053785524164706,0.4514444805939298,0.494145309322278,0.4081718173852303,0.4654622946657705,0.4481324108542364,0.4598210987427261,0.3949169477624005,0.44047929582264533,0.43618015252799147,0.45840379204316506,0.0,0.3685248861531812,0.34083224872703277,0.4002913666236874,0.4098317121207129,0.37326939621039124,0.3967406608175473,0.3593253844377916,0.29272873288937373,0.2757472764317095,0.3531548828826995,0.40013500067067825,0.3022793645154096,0.36867061321743744,0.3621437437423398,0.4310466486874122,0.12511167406331267,0.2012406835078997,0.023866362389234855,0.23486428578697327,0.46556057018012165,0.0,0.11537032317149526,0.537692520234791,0.2885389655318496,0.5122140136469059,0.331940468767817,0.26755408245802625,0.21956902132490594,0.29890790532679967,0.3427486984555101,0.0,0.4568247145336292,0.12525518443913047,0.02566990224581387,0.07452590181461595,0.2077653533615947,0.48749207365719865,0.394092847625914,0.316855450822977,0.544430193807614,0.12100723462541486,0.278554678064787,0.31979542165814767,0.5400800703967967,0.4940265819398478,0.5198662759580466,0.2537669028490478,0.4121264567987877
0.3321307662494081,0.44140507223067815,0.25131524587971216,0.28276807563321343,0.3952944782304756,0.3774956973628972,0.46179206187043526,0.4274703060225809,0.4317890805175265,0.31617415259224607,0.11194331974205857,0.21265826162799764,0.43354633984576063,0.024242780274815027,0.4309193333874544,0.4571870181247081,0.31044465849830916,0.44765919077160365,0.0,0.35713413449666276,0.44068199892910287,0.42683306082276373,0.4346142263941931,0.18017950088483908,0.42784766948963027,0.43185503793734414,0.402335493312809,0.3685248861531812,0.0,0.3758066705671946,0.3965175582344705,0.42299593761109305,0.36408479305947355,0.4385088489315724,0.4662503537045576,0.4822374576941346,0.38609809462405253,0.15619257596924896,0.504302426870324,0.3296333377110878,0.48975185713323843,0.4042614168773162,0.43055137634233587,0.21383215627353713,0.09006867209624252,0.0,0.4377070190447588,0.44100249347658144,0.0,0.1104375988799646,0.4873887738109304,0.371262685968983,0.502426383403524,0.33761232367087113,0.019053379694620766,0.1327560359131858,0.13934214429578834,0.46396891183695504,0.03008390193705032,0.5007832900117049,0.2646739848661733,0.0,0.20717631430843442,0.17283811558547846,0.504083693303393,0.49262074709899206,0.48667937300294006,0.5309224509643704,0.048210488425360784,0.22805987461978294,0.45575340867312775,0.5252679142378869,0.520290898715351,0.5016594482625768,0.42730229702262446,0.48980097524902955
0.019108283850881785,0.12550924174751116,0.27080157820002554,0.055489932946354195,0.10465478450174308,0.44542707875665954,0.2570433799052376,0.44252419567120704,0.3930032928301562,0.11962963946839594,0.0,0.04644563959704505,0.3980337511108949,0.02568884637377144,0.2495902590229072,0.4427955250058359,0.04412467522743055,0.28934314461119265,0.05691625595789499,0.3713420151154174,0.2617098023769342,0.41325626874110477,0.4462501350740225,0.02277622123559316,0.13362311305019062,0.1649316737098164,0.4333382802611151,0.34083224872703277,0.3758066705671946,0.0,0.36808077484444857,0.42257504026077713,0.20435295160733535,0.40560162854127974,0.33549639443362206,0.2661382503617115,0.06548122384123381,0.017571018822275724,0.23450909418445143,0.0,0.02874481495890341,0.032331489854388766,0.07653778956311352,0.05502393841743469,0.0,0.0,0.0,0.05968252108623881,0.0,0.0,0.2686329515592325,0.029763402542469366,0.10896190868348947,0.02821380943306309,0.0,0.0,0.02315083477232191,0.05790997871260569,0.0,0.1771026677531072,0.0,0.0,0.0,0.0,0.3495254845537519,0.1424306699275606,0.05606668772949111,0.5427116073482716,0.0,0.0,0.0,0.5386086428848831,0.29102262505619797,0.42762778825102327,0.0,0.06090382021624411
