0.000000000000000000e+00,0.000000000000000000e+00,0.000000000000000000e+00,0.000000000000000000e+00,0.000000000000000000e+00,0.000000000000000000e+00,0.000000000000000000e+00,0.000000000000000000e+00,0.000000000000000000e+00,5.445900000000000185e-01,0.000000000000000000e+00,5.563700000000000312e-01,0.000000000000000000e+00,0.000000000000000000e+00,0.000000000000000000e+00,0.000000000000000000e+00,5.465799999999999548e-01,0.000000000000000000e+00,0.000000000000000000e+00,0.000000000000000000e+00,0.000000000000000000e+00,0.000000000000000000e+00,0.000000000000000000e+00,5.499000000000000554e-01,0.000000000000000000e+00,0.000000000000000000e+00,0.000000000000000000e+00,0.000000000000000000e+00,0.000000000000000000e+00,0.000000000000000000e+00,0.000000000000000000e+00,5.494299999999999740e-01,5.450099999999999945e-01,0.000000000000000000e+00,0.000000000000000000e+00,0.000000000000000000e+00,5.477499999999999591e-01,5.477199999999999847e-01,5.534900000000000375e-01,5.544099999999999584e-01,0.000000000000000000e+00,0.000000000000000000e+00,5.436900000000000066e-01,5.639300000000000423e-01,5.491899999999999560e-01,0.000000000000000000e+00,0.000000000000000000e+00,0.000000000000000000e+00,0.000000000000000000e+00,0.000000000000000000e+00,0.000000000000000000e+00,5.460199999999999498e-01,5.440800000000000081e-01,0.000000000000000000e+00,5.437100000000000266e-01,0.000000000000000000e+00,5.511099999999999888e-01,0.000000000000000000e+00,0.000000000000000000e+00,0.000000000000000000e+00,0.000000000000000000e+00,5.469199999999999617e-01,0.000000000000000000e+00,0.000000000000000000e+00,0.000000000000000000e+00,5.436900000000000066e-01,0.000000000000000000e+00,0.000000000000000000e+00,5.490300000000000180e-01,0.000000000000000000e+00,0.000000000000000000e+00,0.000000000000000000e+00,0.000000000000000000e+00,0.000000000000000000e+00,0.000000000000000000e+00,0.000000000000000000e+00
0.000000000000000000e+00,0.000000000000000000e+00,0.000000000000000000e+00,0.000000000000000000e+00,0.000000000000000000e+00,0.000000000000000000e+00,0.000000000000000000e+00,0.000000000000000000e+00,0.000000000000000000e+00,0.000000000000000000e+00,0.000000000000000000e+00,5.465900000000000203e-01,0.000000000000000000e+00,0.000000000000000000e+00,0.000000000000000000e+00,0.000000000000000000e+00,0.000000000000000000e+00,0.000000000000000000e+00,0.000000000000000000e+00,0.000000000000000000e+00,0.000000000000000000e+00,0.000000000000000000e+00,0.000000000000000000e+00,0.000000000000000000e+00,0.000000000000000000e+00,0.000000000000000000e+00,0.000000000000000000e+00,0.000000000000000000e+00,0.000000000000000000e+00,0.000000000000000000e+00,0.000000000000000000e+00,0.000000000000000000e+00,0.000000000000000000e+00,0.000000000000000000e+00,0.000000000000000000e+00,0.000000000000000000e+00,0.000000000000000000e+00,0.000000000000000000e+00,0.000000000000000000e+00,5.482799999999999896e-01,0.000000000000000000e+00,0.000000000000000000e+00,0.000000000000000000e+00,5.478300000000000392e-01,5.506900000000000128e-01,0.000000000000000000e+00,0.000000000000000000e+00,0.000000000000000000e+00,0.000000000000000000e+00,0.000000000000000000e+00,0.000000000000000000e+00,0.000000000000000000e+00,0.000000000000000000e+00,0.000000000000000000e+00,0.000000000000000000e+00,0.000000000000000000e+00,0.000000000000000000e+00,0.000000000000000000e+00,0.000000000000000000e+00,0.000000000000000000e+00,0.000000000000000000e+00,5.437100000000000266e-01,0.000000000000000000e+00,0.000000000000000000e+00,0.000000000000000000e+00,0.000000000000000000e+00,0.000000000000000000e+00,0.000000000000000000e+00,0.000000000000000000e+00,0.000000000000000000e+00,0.000000000000000000e+00,0.000000000000000000e+00,0.000000000000000000e+00,0.000000000000000000e+00,0.000000000000000000e+00,0.000000000000000000e+00
0.000000000000000000e+00,0.000000000000000000e+00,5.464900000000000313e-01,5.600100000000000078e-01,5.445400000000000240e-01,5.493299999999999850e-01,5.538100000000000245e-01,5.426699999999999857e-01,5.526600000000000401e-01,5.579800000000000315e-01,5.446499999999999675e-01,5.751899999999999791e-01,5.559399999999999897e-01,0.000000000000000000e+00,0.000000000000000000e+00,5.441899999999999515e-01,5.466999999999999638e-01,0.000000000000000000e+00,5.478199999999999736e-01,5.459899999999999753e-01,0.000000000000000000e+00,0.000000000000000000e+00,5.520800000000000152e-01,5.580600000000000005e-01,0.000000000000000000e+00,5.449300000000000255e-01,5.495999999999999774e-01,0.000000000000000000e+00,0.000000000000000000e+00,0.000000000000000000e+00,0.000000000000000000e+00,5.430800000000000072e-01,5.578800000000000425e-01,5.529199999999999671e-01,5.553099999999999703e-01,5.509100000000000108e-01,5.541399999999999659e-01,5.543799999999999839e-01,5.579800000000000315e-01,5.786299999999999777e-01,5.570300000000000251e-01,5.626799999999999580e-01,5.580300000000000260e-01,5.754000000000000226e-01,5.595400000000000373e-01,0.000000000000000000e+00,0.000000000000000000e+00,5.473299999999999832e-01,0.000000000000000000e+00,5.502899999999999459e-01,0.000000000000000000e+00,5.668600000000000305e-01,0.000000000000000000e+00,5.451899999999999524e-01,5.544799999999999729e-01,0.000000000000000000e+00,5.561500000000000332e-01,5.435799999999999521e-01,5.517800000000000482e-01,0.000000000000000000e+00,0.000000000000000000e+00,5.436900000000000066e-01,0.000000000000000000e+00,0.000000000000000000e+00,0.000000000000000000e+00,0.000000000000000000e+00,0.000000000000000000e+00,5.438699999999999646e-01,5.530300000000000216e-01,5.464799999999999658e-01,5.469000000000000528e-01,0.000000000000000000e+00,0.000000000000000000e+00,0.000000000000000000e+00,0.000000000000000000e+00,0.000000000000000000e+00
0.000000000000000000e+00,0.000000000000000000e+00,5.600100000000000078e-01,5.928999999999999826e-01,5.733000000000000318e-01,5.793300000000000116e-01,5.880600000000000271e-01,5.717200000000000060e-01,5.808299999999999574e-01,5.901699999999999724e-01,5.674299999999999899e-01,6.151999999999999691e-01,5.910100000000000353e-01,5.592399999999999594e-01,5.564599999999999547e-01,5.698400000000000132e-01,5.843599999999999905e-01,5.675200000000000244e-01,5.689400000000000013e-01,5.628600000000000270e-01,5.738699999999999912e-01,5.490699999999999470e-01,5.745900000000000452e-01,5.963100000000000067e-01,5.574900000000000411e-01,5.712300000000000155e-01,5.662199999999999456e-01,5.625499999999999945e-01,5.682000000000000384e-01,5.499699999999999589e-01,5.632099999999999884e-01,5.877999999999999892e-01,5.893000000000000460e-01,5.747299999999999631e-01,5.736499999999999932e-01,5.771199999999999664e-01,5.928499999999999881e-01,5.932500000000000551e-01,6.051800000000000512e-01,6.088500000000000023e-01,5.722199999999999509e-01,5.858200000000000074e-01,5.919299999999999562e-01,6.239099999999999646e-01,5.789600000000000302e-01,0.000000000000000000e+00,5.556499999999999773e-01,5.571199999999999486e-01,5.823599999999999888e-01,5.795500000000000096e-01,5.585700000000000109e-01,5.968400000000000372e-01,5.672899999999999610e-01,5.625400000000000400e-01,5.881999999999999451e-01,5.584900000000000420e-01,6.009499999999999842e-01,5.741199999999999637e-01,5.787200000000000122e-01,5.613899999999999446e-01,5.593799999999999883e-01,5.846799999999999775e-01,5.644900000000000473e-01,5.565400000000000347e-01,5.441799999999999971e-01,5.775599999999999623e-01,5.440599999999999881e-01,5.727100000000000524e-01,5.910199999999999898e-01,5.701100000000000056e-01,5.784799999999999942e-01,5.439699999999999536e-01,5.457300000000000484e-01,5.544299999999999784e-01,0.000000000000000000e+00,5.424900000000000277e-01
0.000000000000000000e+00,0.000000000000000000e+00,5.445400000000000240e-01,5.733000000000000318e-01,5.722199999999999509e-01,5.686999999999999833e-01,5.775400000000000533e-01,5.654599999999999627e-01,5.716799999999999660e-01,5.852699999999999569e-01,5.639899999999999913e-01,5.983600000000000030e-01,5.778400000000000203e-01,5.527100000000000346e-01,0.000000000000000000e+00,5.555299999999999683e-01,5.760300000000000420e-01,5.551199999999999468e-01,5.577499999999999680e-01,5.542000000000000259e-01,5.589600000000000124e-01,0.000000000000000000e+00,5.584200000000000275e-01,5.770600000000000174e-01,5.504799999999999693e-01,5.573200000000000376e-01,5.554799999999999738e-01,5.547199999999999909e-01,5.590600000000000014e-01,5.520199999999999552e-01,5.502599999999999714e-01,5.900100000000000344e-01,5.753399999999999626e-01,5.603000000000000203e-01,5.645900000000000363e-01,5.718999999999999639e-01,5.825000000000000178e-01,5.873099999999999987e-01,6.002699999999999703e-01,5.933300000000000241e-01,5.573099999999999721e-01,5.767600000000000504e-01,5.844099999999999850e-01,6.059200000000000141e-01,5.824000000000000288e-01,0.000000000000000000e+00,5.453700000000000214e-01,5.432799999999999851e-01,5.669999999999999485e-01,5.734900000000000553e-01,5.510300000000000198e-01,5.881600000000000161e-01,5.568100000000000271e-01,5.557600000000000318e-01,5.876200000000000312e-01,5.531300000000000106e-01,5.869499999999999718e-01,5.639199999999999768e-01,5.689800000000000413e-01,0.000000000000000000e+00,5.595900000000000318e-01,5.801699999999999635e-01,5.599399999999999933e-01,5.433599999999999541e-01,0.000000000000000000e+00,5.596600000000000463e-01,0.000000000000000000e+00,5.548899999999999944e-01,5.705299999999999816e-01,5.652800000000000047e-01,5.658499999999999641e-01,0.000000000000000000e+00,0.000000000000000000e+00,5.442000000000000171e-01,0.000000000000000000e+00,0.000000000000000000e+00
0.000000000000000000e+00,0.000000000000000000e+00,5.493299999999999850e-01,5.793300000000000116e-01,5.686999999999999833e-01,5.705099999999999616e-01,5.770800000000000374e-01,5.721500000000000474e-01,5.756099999999999550e-01,5.793199999999999461e-01,5.589699999999999669e-01,5.914000000000000368e-01,5.797400000000000331e-01,5.497999999999999554e-01,0.000000000000000000e+00,5.578499999999999570e-01,5.715000000000000080e-01,5.564900000000000402e-01,5.592500000000000249e-01,5.563599999999999657e-01,5.579399999999999915e-01,5.464400000000000368e-01,5.645099999999999563e-01,5.811300000000000354e-01,5.538600000000000190e-01,5.625999999999999890e-01,5.610600000000000032e-01,5.560699999999999532e-01,5.613000000000000211e-01,5.504400000000000404e-01,5.535600000000000520e-01,5.880699999999999816e-01,5.813800000000000079e-01,5.610000000000000542e-01,5.631800000000000139e-01,5.636499999999999844e-01,5.835799999999999876e-01,5.768100000000000449e-01,5.975399999999999601e-01,5.961300000000000487e-01,5.581700000000000550e-01,5.783500000000000307e-01,5.784200000000000452e-01,6.013899999999999801e-01,5.911399999999999988e-01,0.000000000000000000e+00,5.490099999999999980e-01,5.487300000000000511e-01,5.675700000000000189e-01,5.695900000000000407e-01,5.554200000000000248e-01,5.857299999999999729e-01,5.610199999999999632e-01,5.611899999999999666e-01,5.788400000000000212e-01,5.526200000000000001e-01,5.820499999999999563e-01,5.622899999999999565e-01,5.669600000000000195e-01,5.472599999999999687e-01,5.544999999999999929e-01,5.773899999999999588e-01,5.592200000000000504e-01,5.464400000000000368e-01,0.000000000000000000e+00,5.636400000000000299e-01,0.000000000000000000e+00,5.612800000000000011e-01,5.715599999999999570e-01,5.621199999999999530e-01,5.669199999999999795e-01,0.000000000000000000e+00,0.000000000000000000e+00,5.518899999999999917e-01,0.000000000000000000e+00,0.000000000000000000e+00
0.000000000000000000e+00,0.000000000000000000e+00,5.538100000000000245e-01,5.880600000000000271e-01,5.775400000000000533e-01,5.770800000000000374e-01,5.866299999999999848e-01,5.740199999999999747e-01,5.779499999999999638e-01,5.920400000000000107e-01,5.686299999999999688e-01,6.084500000000000464e-01,5.874200000000000532e-01,5.581099999999999950e-01,0.000000000000000000e+00,5.669100000000000250e-01,5.834399999999999586e-01,5.631599999999999939e-01,5.635700000000000154e-01,5.590699999999999559e-01,5.672500000000000320e-01,5.470500000000000362e-01,5.682099999999999929e-01,5.899999999999999689e-01,5.574400000000000466e-01,5.655000000000000027e-01,5.642500000000000293e-01,5.628800000000000470e-01,5.659300000000000441e-01,5.581800000000000095e-01,5.591699999999999449e-01,5.977700000000000236e-01,5.892600000000000060e-01,5.680800000000000294e-01,5.736299999999999732e-01,5.783599999999999852e-01,5.929299999999999571e-01,5.969100000000000517e-01,6.092899999999999983e-01,6.028799999999999715e-01,5.660600000000000076e-01,5.879299999999999526e-01,5.887299999999999756e-01,6.164800000000000280e-01,5.927099999999999591e-01,0.000000000000000000e+00,5.518499999999999517e-01,5.514900000000000357e-01,5.759400000000000075e-01,5.827099999999999502e-01,5.568499999999999561e-01,5.985899999999999554e-01,5.648300000000000542e-01,5.606999999999999762e-01,5.940400000000000125e-01,5.588600000000000234e-01,5.963699999999999557e-01,5.710300000000000376e-01,5.775799999999999823e-01,5.492899999999999450e-01,5.636700000000000044e-01,5.875399999999999512e-01,5.669399999999999995e-01,5.497100000000000319e-01,0.000000000000000000e+00,5.698199999999999932e-01,5.424400000000000333e-01,5.630300000000000304e-01,5.811699999999999644e-01,5.706700000000000106e-01,5.735200000000000298e-01,0.000000000000000000e+00,5.439199999999999591e-01,5.497100000000000319e-01,0.000000000000000000e+00,0.000000000000000000e+00
0.000000000000000000e+00,0.000000000000000000e+00,5.426699999999999857e-01,5.717200000000000060e-01,5.654599999999999627e-01,5.721500000000000474e-01,5.740199999999999747e-01,5.711399999999999810e-01,5.748400000000000176e-01,5.719600000000000239e-01,5.628400000000000070e-01,5.828200000000000047e-01,5.751199999999999646e-01,5.585400000000000365e-01,5.427699999999999747e-01,5.497699999999999809e-01,5.716900000000000315e-01,5.568199999999999816e-01,5.628600000000000270e-01,5.559300000000000352e-01,5.656200000000000117e-01,5.495200000000000085e-01,5.628999999999999559e-01,5.840600000000000236e-01,5.511300000000000088e-01,5.611899999999999666e-01,5.610100000000000087e-01,5.532399999999999540e-01,5.598300000000000498e-01,5.566299999999999581e-01,5.489399999999999835e-01,5.846700000000000230e-01,5.933399999999999785e-01,5.518199999999999772e-01,5.614400000000000501e-01,5.650500000000000522e-01,5.824500000000000233e-01,5.829400000000000137e-01,5.944599999999999884e-01,5.913199999999999568e-01,5.535299999999999665e-01,5.828999999999999737e-01,5.711600000000000010e-01,5.964000000000000412e-01,5.972800000000000331e-01,5.461899999999999533e-01,5.490599999999999925e-01,5.446499999999999675e-01,5.729400000000000048e-01,5.705200000000000271e-01,5.554299999999999793e-01,5.795700000000000296e-01,5.774299999999999988e-01,5.602200000000000513e-01,5.753899999999999570e-01,5.563099999999999712e-01,5.809900000000000064e-01,5.604999999999999982e-01,5.668400000000000105e-01,5.501599999999999824e-01,5.514599999999999502e-01,5.815500000000000114e-01,5.674900000000000500e-01,0.000000000000000000e+00,0.000000000000000000e+00,5.711500000000000465e-01,0.000000000000000000e+00,5.573700000000000321e-01,5.795799999999999841e-01,5.612399999999999611e-01,5.688299999999999468e-01,0.000000000000000000e+00,0.000000000000000000e+00,5.543400000000000549e-01,0.000000000000000000e+00,0.000000000000000000e+00
0.000000000000000000e+00,0.000000000000000000e+00,5.526600000000000401e-01,5.808299999999999574e-01,5.716799999999999660e-01,5.756099999999999550e-01,5.779499999999999638e-01,5.748400000000000176e-01,5.828499999999999792e-01,5.880199999999999871e-01,5.668199999999999905e-01,6.005899999999999572e-01,5.818400000000000238e-01,5.544700000000000184e-01,5.437600000000000211e-01,5.654900000000000482e-01,5.837599999999999456e-01,5.635999999999999899e-01,5.662899999999999601e-01,5.656200000000000117e-01,5.622899999999999565e-01,5.546200000000000019e-01,5.688999999999999613e-01,5.859400000000000164e-01,5.590699999999999559e-01,5.680699999999999639e-01,5.647299999999999542e-01,5.577600000000000335e-01,5.644599999999999618e-01,5.551399999999999668e-01,5.532299999999999995e-01,5.854000000000000314e-01,5.780199999999999783e-01,5.627799999999999470e-01,5.632700000000000484e-01,5.718999999999999639e-01,5.866500000000000048e-01,5.885399999999999521e-01,5.997799999999999798e-01,6.035300000000000109e-01,5.595799999999999663e-01,5.807299999999999685e-01,5.872199999999999642e-01,6.063899999999999846e-01,5.927400000000000446e-01,0.000000000000000000e+00,5.554900000000000393e-01,5.532899999999999485e-01,5.681300000000000239e-01,5.756499999999999950e-01,5.608300000000000507e-01,5.924199999999999466e-01,5.558100000000000263e-01,5.690699999999999648e-01,5.850600000000000245e-01,5.557299999999999462e-01,5.838799999999999546e-01,5.660500000000000531e-01,5.739499999999999602e-01,5.500500000000000389e-01,5.625200000000000200e-01,5.813899999999999624e-01,5.651300000000000212e-01,5.510199999999999543e-01,0.000000000000000000e+00,5.616799999999999571e-01,5.444900000000000295e-01,5.618699999999999806e-01,5.743300000000000072e-01,5.713700000000000445e-01,5.731899999999999773e-01,5.439500000000000446e-01,5.435699999999999976e-01,5.565400000000000347e-01,0.000000000000000000e+00,0.000000000000000000e+00
5.445900000000000185e-01,0.000000000000000000e+00,5.579800000000000315e-01,5.901699999999999724e-01,5.852699999999999569e-01,5.793199999999999461e-01,5.920400000000000107e-01,5.719600000000000239e-01,5.880199999999999871e-01,5.995700000000000474e-01,5.775900000000000478e-01,6.146099999999999897e-01,5.951999999999999513e-01,5.714299999999999935e-01,0.000000000000000000e+00,5.729999999999999538e-01,5.867700000000000138e-01,5.661199999999999566e-01,5.695099999999999607e-01,5.664599999999999635e-01,5.681500000000000439e-01,5.532099999999999795e-01,5.733899999999999553e-01,5.901499999999999524e-01,5.616700000000000026e-01,5.706400000000000361e-01,5.667900000000000160e-01,5.678400000000000114e-01,5.702500000000000346e-01,5.647999999999999687e-01,5.628300000000000525e-01,5.946799999999999864e-01,5.892399999999999860e-01,5.738999999999999657e-01,5.734399999999999498e-01,5.857799999999999674e-01,5.983399999999999830e-01,5.981300000000000505e-01,6.097500000000000142e-01,6.142499999999999627e-01,5.734900000000000553e-01,5.898299999999999654e-01,6.024199999999999555e-01,6.236300000000000177e-01,5.905500000000000194e-01,0.000000000000000000e+00,5.527600000000000291e-01,5.546900000000000164e-01,5.782300000000000217e-01,5.908200000000000118e-01,5.576499999999999790e-01,6.075300000000000145e-01,5.526699999999999946e-01,5.666099999999999470e-01,6.001499999999999613e-01,5.646600000000000508e-01,5.957000000000000073e-01,5.779600000000000293e-01,5.900400000000000089e-01,5.442099999999999715e-01,5.678699999999999859e-01,5.883699999999999486e-01,5.756099999999999550e-01,5.558199999999999807e-01,5.426699999999999857e-01,5.665799999999999725e-01,5.461000000000000298e-01,5.644299999999999873e-01,5.768900000000000139e-01,5.774299999999999988e-01,5.747700000000000031e-01,5.451099999999999834e-01,5.495100000000000540e-01,5.538899999999999935e-01,0.000000000000000000e+00,5.469899999999999762e-01
0.000000000000000000e+00,0.000000000000000000e+00,5.446499999999999675e-01,5.674299999999999899e-01,5.639899999999999913e-01,5.589800000000000324e-01,5.686299999999999688e-01,5.628400000000000070e-01,5.668199999999999905e-01,5.775900000000000478e-01,5.573099999999999721e-01,5.882800000000000251e-01,5.693099999999999827e-01,5.518499999999999517e-01,0.000000000000000000e+00,5.522099999999999786e-01,5.670199999999999685e-01,5.516499999999999737e-01,5.569399999999999906e-01,5.523099999999999676e-01,5.531199999999999450e-01,0.000000000000000000e+00,5.564200000000000257e-01,5.690699999999999648e-01,5.456400000000000139e-01,5.533799999999999830e-01,5.525600000000000511e-01,5.498199999999999754e-01,5.511599999999999833e-01,5.489000000000000545e-01,5.439399999999999791e-01,5.739199999999999857e-01,5.730300000000000393e-01,5.537400000000000100e-01,5.570500000000000451e-01,5.657299999999999551e-01,5.731899999999999773e-01,5.738600000000000367e-01,5.805099999999999705e-01,5.893500000000000405e-01,5.534000000000000030e-01,5.692199999999999482e-01,5.756799999999999695e-01,5.964899999999999647e-01,5.790999999999999481e-01,0.000000000000000000e+00,0.000000000000000000e+00,5.429399999999999782e-01,5.615400000000000391e-01,5.685900000000000398e-01,5.486900000000000110e-01,5.796700000000000186e-01,5.440700000000000536e-01,5.527499999999999636e-01,5.747700000000000031e-01,5.486699999999999910e-01,5.711600000000000010e-01,5.568800000000000416e-01,5.671399999999999775e-01,0.000000000000000000e+00,5.502700000000000369e-01,5.680800000000000294e-01,5.559100000000000152e-01,0.000000000000000000e+00,0.000000000000000000e+00,5.490099999999999980e-01,0.000000000000000000e+00,5.492700000000000360e-01,5.607799999999999452e-01,5.590800000000000214e-01,5.582000000000000295e-01,0.000000000000000000e+00,0.000000000000000000e+00,0.000000000000000000e+00,0.000000000000000000e+00,0.000000000000000000e+00
5.563700000000000312e-01,5.465900000000000203e-01,5.751800000000000246e-01,6.151999999999999691e-01,5.983600000000000030e-01,5.914000000000000368e-01,6.084500000000000464e-01,5.828200000000000047e-01,6.005899999999999572e-01,6.146099999999999897e-01,5.882800000000000251e-01,6.463400000000000256e-01,6.100200000000000067e-01,5.700300000000000367e-01,5.661800000000000166e-01,5.859799999999999454e-01,6.027200000000000335e-01,5.777099999999999458e-01,5.831600000000000117e-01,5.831499999999999462e-01,5.895599999999999730e-01,5.644799999999999818e-01,5.896500000000000075e-01,6.166000000000000369e-01,5.732300000000000173e-01,5.889999999999999680e-01,5.854800000000000004e-01,5.791100000000000136e-01,5.824799999999999978e-01,5.596499999999999808e-01,5.805700000000000305e-01,6.140900000000000247e-01,6.135800000000000143e-01,6.021600000000000286e-01,5.950900000000000079e-01,5.983600000000000030e-01,6.172400000000000109e-01,6.270700000000000163e-01,6.384100000000000330e-01,6.436899999999999844e-01,6.028400000000000425e-01,6.154500000000000526e-01,6.161600000000000410e-01,6.554799999999999516e-01,6.110200000000000076e-01,5.438399999999999901e-01,5.655799999999999716e-01,5.720800000000000329e-01,5.992699999999999694e-01,6.042499999999999538e-01,5.718299999999999494e-01,6.257399999999999629e-01,5.709800000000000431e-01,5.790300000000000447e-01,6.170099999999999474e-01,5.730100000000000193e-01,6.242499999999999716e-01,5.918700000000000072e-01,5.995399999999999618e-01,5.722899999999999654e-01,5.714299999999999935e-01,5.992600000000000149e-01,5.819499999999999673e-01,5.682399999999999674e-01,5.520399999999999752e-01,5.930600000000000316e-01,5.562099999999999822e-01,5.849199999999999955e-01,6.032300000000000439e-01,5.905200000000000449e-01,5.949499999999999789e-01,5.552700000000000413e-01,5.556299999999999573e-01,5.649300000000000432e-01,0.000000000000000000e+00,5.565400000000000347e-01
0.000000000000000000e+00,0.000000000000000000e+00,5.559399999999999897e-01,5.910100000000000353e-01,5.778400000000000203e-01,5.797400000000000331e-01,5.874099999999999877e-01,5.751199999999999646e-01,5.818400000000000238e-01,5.951999999999999513e-01,5.693099999999999827e-01,6.100200000000000067e-01,5.892199999999999660e-01,5.590500000000000469e-01,5.425400000000000222e-01,5.680600000000000094e-01,5.857799999999999674e-01,5.650100000000000122e-01,5.667100000000000470e-01,5.628100000000000325e-01,5.693799999999999972e-01,5.503599999999999604e-01,5.707900000000000196e-01,5.916599999999999637e-01,5.617499999999999716e-01,5.682700000000000529e-01,5.653899999999999482e-01,5.635000000000000009e-01,5.684599999999999653e-01,5.583900000000000530e-01,5.584900000000000420e-01,6.009100000000000552e-01,5.863599999999999923e-01,5.692500000000000338e-01,5.730499999999999483e-01,5.793099999999999916e-01,5.957999999999999963e-01,5.952899999999999858e-01,6.116000000000000325e-01,6.070699999999999985e-01,5.662700000000000511e-01,5.890400000000000080e-01,5.921199999999999797e-01,6.202299999999999480e-01,5.939900000000000180e-01,0.000000000000000000e+00,5.566499999999999782e-01,5.540300000000000225e-01,5.759100000000000330e-01,5.821699999999999653e-01,5.590899999999999759e-01,5.985300000000000065e-01,5.621000000000000441e-01,5.650399999999999867e-01,5.938200000000000145e-01,5.594099999999999628e-01,5.956000000000000183e-01,5.722099999999999964e-01,5.778299999999999548e-01,5.493200000000000305e-01,5.647400000000000198e-01,5.881600000000000161e-01,5.682700000000000529e-01,5.550000000000000488e-01,0.000000000000000000e+00,5.686099999999999488e-01,5.455900000000000194e-01,5.659300000000000441e-01,5.825500000000000123e-01,5.738199999999999967e-01,5.754599999999999715e-01,0.000000000000000000e+00,5.457499999999999574e-01,5.528300000000000436e-01,0.000000000000000000e+00,0.000000000000000000e+00
0.000000000000000000e+00,0.000000000000000000e+00,0.000000000000000000e+00,5.592399999999999594e-01,5.527100000000000346e-01,5.497999999999999554e-01,5.581099999999999950e-01,5.585400000000000365e-01,5.544700000000000184e-01,5.714299999999999935e-01,5.518499999999999517e-01,5.700300000000000367e-01,5.590500000000000469e-01,5.441899999999999515e-01,0.000000000000000000e+00,0.000000000000000000e+00,5.611199999999999521e-01,0.000000000000000000e+00,5.482500000000000151e-01,0.000000000000000000e+00,0.000000000000000000e+00,0.000000000000000000e+00,5.445299999999999585e-01,5.576699999999999990e-01,0.000000000000000000e+00,0.000000000000000000e+00,0.000000000000000000e+00,0.000000000000000000e+00,5.424499999999999877e-01,5.425200000000000022e-01,0.000000000000000000e+00,5.657600000000000406e-01,5.556900000000000173e-01,0.000000000000000000e+00,0.000000000000000000e+00,5.532700000000000395e-01,5.691500000000000448e-01,5.593700000000000339e-01,5.685200000000000253e-01,5.618600000000000261e-01,0.000000000000000000e+00,5.567800000000000527e-01,5.649300000000000432e-01,5.832399999999999807e-01,5.607799999999999452e-01,0.000000000000000000e+00,0.000000000000000000e+00,0.000000000000000000e+00,5.501200000000000534e-01,5.565299999999999692e-01,0.000000000000000000e+00,5.645900000000000363e-01,5.426699999999999857e-01,0.000000000000000000e+00,5.711399999999999810e-01,0.000000000000000000e+00,5.643799999999999928e-01,5.452299999999999924e-01,5.562000000000000277e-01,0.000000000000000000e+00,5.485799999999999566e-01,5.599499999999999478e-01,5.458899999999999864e-01,0.000000000000000000e+00,0.000000000000000000e+00,0.000000000000000000e+00,0.000000000000000000e+00,0.000000000000000000e+00,5.513200000000000323e-01,5.493599999999999595e-01,5.447400000000000020e-01,0.000000000000000000e+00,0.000000000000000000e+00,0.000000000000000000e+00,0.000000000000000000e+00,0.000000000000000000e+00
0.000000000000000000e+00,0.000000000000000000e+00,0.000000000000000000e+00,5.564599999999999547e-01,0.000000000000000000e+00,0.000000000000000000e+00,0.000000000000000000e+00,5.427699999999999747e-01,5.437600000000000211e-01,0.000000000000000000e+00,0.000000000000000000e+00,5.661800000000000166e-01,5.425400000000000222e-01,0.000000000000000000e+00,5.488199999999999745e-01,0.000000000000000000e+00,0.000000000000000000e+00,0.000000000000000000e+00,0.000000000000000000e+00,0.000000000000000000e+00,5.467899999999999983e-01,0.000000000000000000e+00,0.000000000000000000e+00,5.612099999999999866e-01,0.000000000000000000e+00,0.000000000000000000e+00,0.000000000000000000e+00,0.000000000000000000e+00,0.000000000000000000e+00,0.000000000000000000e+00,0.000000000000000000e+00,0.000000000000000000e+00,5.558999999999999497e-01,0.000000000000000000e+00,0.000000000000000000e+00,0.000000000000000000e+00,5.516699999999999937e-01,5.580199999999999605e-01,0.000000000000000000e+00,5.650399999999999867e-01,0.000000000000000000e+00,5.461399999999999588e-01,5.458300000000000374e-01,5.693599999999999772e-01,5.500099999999999989e-01,0.000000000000000000e+00,0.000000000000000000e+00,0.000000000000000000e+00,5.429199999999999582e-01,0.000000000000000000e+00,0.000000000000000000e+00,5.466600000000000348e-01,0.000000000000000000e+00,0.000000000000000000e+00,0.000000000000000000e+00,0.000000000000000000e+00,5.570199999999999596e-01,0.000000000000000000e+00,0.000000000000000000e+00,5.547199999999999909e-01,0.000000000000000000e+00,0.000000000000000000e+00,0.000000000000000000e+00,0.000000000000000000e+00,0.000000000000000000e+00,5.513299999999999867e-01,0.000000000000000000e+00,0.000000000000000000e+00,5.588499999999999579e-01,0.000000000000000000e+00,5.457899999999999974e-01,0.000000000000000000e+00,0.000000000000000000e+00,0.000000000000000000e+00,0.000000000000000000e+00,0.000000000000000000e+00
0.000000000000000000e+00,0.000000000000000000e+00,5.441899999999999515e-01,5.698400000000000132e-01,5.555299999999999683e-01,5.578499999999999570e-01,5.669100000000000250e-01,5.497699999999999809e-01,5.655000000000000027e-01,5.729999999999999538e-01,5.522099999999999786e-01,5.859799999999999454e-01,5.680600000000000094e-01,0.000000000000000000e+00,0.000000000000000000e+00,5.445900000000000185e-01,5.659699999999999731e-01,5.444299999999999695e-01,5.490800000000000125e-01,5.480300000000000171e-01,5.441799999999999971e-01,0.000000000000000000e+00,5.538399999999999990e-01,5.671100000000000030e-01,5.431899999999999507e-01,5.491500000000000270e-01,5.512299999999999978e-01,5.439800000000000191e-01,5.480300000000000171e-01,0.000000000000000000e+00,0.000000000000000000e+00,5.689800000000000413e-01,5.596600000000000463e-01,5.520300000000000207e-01,5.513900000000000468e-01,5.545200000000000129e-01,5.703399999999999581e-01,5.741699999999999582e-01,5.858700000000000019e-01,5.818999999999999728e-01,5.519399999999999862e-01,5.688299999999999468e-01,5.698199999999999932e-01,5.909999999999999698e-01,5.721800000000000219e-01,0.000000000000000000e+00,0.000000000000000000e+00,0.000000000000000000e+00,5.537800000000000500e-01,5.606400000000000272e-01,0.000000000000000000e+00,5.780100000000000238e-01,0.000000000000000000e+00,5.458300000000000374e-01,5.728600000000000358e-01,0.000000000000000000e+00,5.707100000000000506e-01,5.527900000000000036e-01,5.602300000000000058e-01,0.000000000000000000e+00,5.451700000000000434e-01,5.588899999999999979e-01,5.457499999999999574e-01,0.000000000000000000e+00,0.000000000000000000e+00,0.000000000000000000e+00,0.000000000000000000e+00,5.454099999999999504e-01,5.582000000000000295e-01,5.539699999999999624e-01,5.534400000000000430e-01,0.000000000000000000e+00,0.000000000000000000e+00,0.000000000000000000e+00,0.000000000000000000e+00,0.000000000000000000e+00
5.465799999999999548e-01,0.000000000000000000e+00,5.466999999999999638e-01,5.843599999999999905e-01,5.760300000000000420e-01,5.715000000000000080e-01,5.834399999999999586e-01,5.716900000000000315e-01,5.837599999999999456e-01,5.867700000000000138e-01,5.670199999999999685e-01,6.027200000000000335e-01,5.857799999999999674e-01,5.611199999999999521e-01,0.000000000000000000e+00,5.659699999999999731e-01,5.765799999999999814e-01,5.625499999999999945e-01,5.623799999999999910e-01,5.596499999999999808e-01,5.604500000000000037e-01,5.501399999999999624e-01,5.659600000000000186e-01,5.819699999999999873e-01,5.562500000000000222e-01,5.657299999999999551e-01,5.604299999999999837e-01,5.611899999999999666e-01,5.623799999999999910e-01,5.576499999999999790e-01,5.546699999999999964e-01,5.824899999999999523e-01,5.848900000000000210e-01,5.627199999999999980e-01,5.674900000000000500e-01,5.754599999999999715e-01,5.872899999999999787e-01,5.882500000000000506e-01,5.977799999999999780e-01,6.072499999999999565e-01,5.593299999999999939e-01,5.793399999999999661e-01,5.911300000000000443e-01,6.119999999999999885e-01,5.932500000000000551e-01,0.000000000000000000e+00,5.507199999999999873e-01,5.450700000000000545e-01,5.726400000000000379e-01,5.784099999999999797e-01,5.532700000000000395e-01,5.946700000000000319e-01,5.521800000000000042e-01,5.603399999999999492e-01,5.881399999999999961e-01,5.542599999999999749e-01,5.839299999999999491e-01,5.665700000000000180e-01,5.785799999999999832e-01,5.436100000000000376e-01,5.627799999999999470e-01,5.825599999999999667e-01,5.696600000000000552e-01,5.465900000000000203e-01,0.000000000000000000e+00,5.607199999999999962e-01,5.427199999999999802e-01,5.587900000000000089e-01,5.695099999999999607e-01,5.702000000000000401e-01,5.701300000000000257e-01,0.000000000000000000e+00,5.437600000000000211e-01,5.524900000000000366e-01,0.000000000000000000e+00,0.000000000000000000e+00
0.000000000000000000e+00,0.000000000000000000e+00,0.000000000000000000e+00,5.675200000000000244e-01,5.551099999999999923e-01,5.564900000000000402e-01,5.631599999999999939e-01,5.568199999999999816e-01,5.635999999999999899e-01,5.661199999999999566e-01,5.516499999999999737e-01,5.777099999999999458e-01,5.650100000000000122e-01,0.000000000000000000e+00,0.000000000000000000e+00,5.444299999999999695e-01,5.625499999999999945e-01,5.458499999999999464e-01,5.528399999999999981e-01,5.480000000000000426e-01,5.490399999999999725e-01,0.000000000000000000e+00,5.541399999999999659e-01,5.675000000000000044e-01,0.000000000000000000e+00,5.502500000000000169e-01,5.499199999999999644e-01,5.447300000000000475e-01,5.499399999999999844e-01,0.000000000000000000e+00,0.000000000000000000e+00,5.575400000000000356e-01,5.633899999999999464e-01,5.465700000000000003e-01,5.505100000000000549e-01,5.559500000000000552e-01,5.652500000000000302e-01,5.659999999999999476e-01,5.712599999999999900e-01,5.801100000000000145e-01,5.483099999999999641e-01,5.641899999999999693e-01,5.671800000000000175e-01,5.828100000000000502e-01,5.745999999999999996e-01,0.000000000000000000e+00,0.000000000000000000e+00,0.000000000000000000e+00,5.520300000000000207e-01,5.590000000000000524e-01,5.433400000000000452e-01,5.721899999999999764e-01,5.460599999999999898e-01,5.491800000000000015e-01,5.673000000000000265e-01,0.000000000000000000e+00,5.668699999999999850e-01,5.495299999999999629e-01,5.582899999999999530e-01,0.000000000000000000e+00,5.472599999999999687e-01,5.650399999999999867e-01,5.501800000000000024e-01,0.000000000000000000e+00,0.000000000000000000e+00,5.487100000000000311e-01,0.000000000000000000e+00,5.468300000000000383e-01,5.612399999999999611e-01,5.523700000000000276e-01,5.559800000000000297e-01,0.000000000000000000e+00,0.000000000000000000e+00,0.000000000000000000e+00,0.000000000000000000e+00,0.000000000000000000e+00
0.000000000000000000e+00,0.000000000000000000e+00,5.478199999999999736e-01,5.689400000000000013e-01,5.577499999999999680e-01,5.592500000000000249e-01,5.635700000000000154e-01,5.628600000000000270e-01,5.662899999999999601e-01,5.695099999999999607e-01,5.569399999999999906e-01,5.831600000000000117e-01,5.667100000000000470e-01,5.482500000000000151e-01,0.000000000000000000e+00,5.490800000000000125e-01,5.623799999999999910e-01,5.528399999999999981e-01,5.592500000000000249e-01,5.540300000000000225e-01,5.515799999999999592e-01,0.000000000000000000e+00,5.589199999999999724e-01,5.666400000000000325e-01,5.430300000000000127e-01,5.535099999999999465e-01,5.551300000000000123e-01,5.477499999999999591e-01,5.519500000000000517e-01,0.000000000000000000e+00,5.446699999999999875e-01,5.640600000000000058e-01,5.723000000000000309e-01,5.555099999999999483e-01,5.587499999999999689e-01,5.636700000000000044e-01,5.691199999999999593e-01,5.684900000000000508e-01,5.764799999999999924e-01,5.902500000000000524e-01,5.569499999999999451e-01,5.699800000000000422e-01,5.730300000000000393e-01,5.950900000000000079e-01,5.770499999999999519e-01,0.000000000000000000e+00,5.446900000000000075e-01,5.459399999999999809e-01,5.637299999999999534e-01,5.648999999999999577e-01,5.490500000000000380e-01,5.757700000000000040e-01,5.465600000000000458e-01,5.532200000000000450e-01,5.700800000000000312e-01,5.459600000000000009e-01,5.674000000000000155e-01,5.532799999999999940e-01,5.665700000000000180e-01,0.000000000000000000e+00,5.469199999999999617e-01,5.635700000000000154e-01,5.519899999999999807e-01,5.430199999999999472e-01,0.000000000000000000e+00,5.493700000000000250e-01,0.000000000000000000e+00,5.516199999999999992e-01,5.623599999999999710e-01,5.562300000000000022e-01,5.583799999999999875e-01,0.000000000000000000e+00,0.000000000000000000e+00,5.448800000000000310e-01,0.000000000000000000e+00,0.000000000000000000e+00
0.000000000000000000e+00,0.000000000000000000e+00,5.459899999999999753e-01,5.628600000000000270e-01,5.542000000000000259e-01,5.563599999999999657e-01,5.590699999999999559e-01,5.559300000000000352e-01,5.656200000000000117e-01,5.664599999999999635e-01,5.523099999999999676e-01,5.831499999999999462e-01,5.628100000000000325e-01,0.000000000000000000e+00,0.000000000000000000e+00,5.480300000000000171e-01,5.596499999999999808e-01,5.480000000000000426e-01,5.540199999999999569e-01,5.526999999999999691e-01,5.468699999999999672e-01,0.000000000000000000e+00,5.564599999999999547e-01,5.655299999999999772e-01,0.000000000000000000e+00,5.523000000000000131e-01,5.523299999999999876e-01,0.000000000000000000e+00,5.486400000000000166e-01,0.000000000000000000e+00,0.000000000000000000e+00,5.556100000000000483e-01,5.597800000000000553e-01,5.533099999999999685e-01,5.508600000000000163e-01,5.538800000000000390e-01,5.656400000000000317e-01,5.676299999999999679e-01,5.702599999999999891e-01,5.869900000000000118e-01,5.509100000000000108e-01,5.629600000000000160e-01,5.672000000000000375e-01,5.895599999999999730e-01,5.732099999999999973e-01,0.000000000000000000e+00,0.000000000000000000e+00,5.429000000000000492e-01,5.552099999999999813e-01,5.541899999999999604e-01,5.444900000000000295e-01,5.701199999999999601e-01,0.000000000000000000e+00,5.523599999999999621e-01,5.659100000000000241e-01,0.000000000000000000e+00,5.645700000000000163e-01,5.488699999999999690e-01,5.546299999999999564e-01,0.000000000000000000e+00,5.432399999999999451e-01,5.551500000000000323e-01,5.425799999999999512e-01,0.000000000000000000e+00,0.000000000000000000e+00,0.000000000000000000e+00,0.000000000000000000e+00,5.492399999999999505e-01,5.583200000000000385e-01,5.515700000000000047e-01,5.563000000000000167e-01,0.000000000000000000e+00,0.000000000000000000e+00,0.000000000000000000e+00,0.000000000000000000e+00,0.000000000000000000e+00
0.000000000000000000e+00,0.000000000000000000e+00,0.000000000000000000e+00,5.738699999999999912e-01,5.589600000000000124e-01,5.579399999999999915e-01,5.672500000000000320e-01,5.656200000000000117e-01,5.622899999999999565e-01,5.681500000000000439e-01,5.531199999999999450e-01,5.895599999999999730e-01,5.693799999999999972e-01,0.000000000000000000e+00,5.467899999999999983e-01,5.441799999999999971e-01,5.604500000000000037e-01,5.490399999999999725e-01,5.515799999999999592e-01,5.468699999999999672e-01,5.697400000000000242e-01,0.000000000000000000e+00,5.549199999999999688e-01,5.793800000000000061e-01,0.000000000000000000e+00,5.564299999999999802e-01,5.486499999999999710e-01,5.490199999999999525e-01,5.529300000000000326e-01,5.426600000000000312e-01,5.427499999999999547e-01,5.761800000000000255e-01,5.826299999999999812e-01,5.525200000000000111e-01,5.528300000000000436e-01,5.585099999999999509e-01,5.785799999999999832e-01,5.804700000000000415e-01,5.856500000000000039e-01,5.867099999999999538e-01,5.529800000000000271e-01,5.705799999999999761e-01,5.682899999999999618e-01,5.952600000000000113e-01,5.776400000000000423e-01,5.454099999999999504e-01,0.000000000000000000e+00,0.000000000000000000e+00,5.628300000000000525e-01,5.644900000000000473e-01,5.475299999999999612e-01,5.758499999999999730e-01,5.739199999999999857e-01,5.485499999999999821e-01,5.707499999999999796e-01,5.438600000000000101e-01,5.856900000000000439e-01,5.560199999999999587e-01,5.554099999999999593e-01,5.599699999999999678e-01,5.444999999999999840e-01,5.716599999999999460e-01,5.558699999999999752e-01,0.000000000000000000e+00,0.000000000000000000e+00,5.768799999999999484e-01,0.000000000000000000e+00,5.541300000000000114e-01,5.789999999999999591e-01,5.545600000000000529e-01,5.653899999999999482e-01,0.000000000000000000e+00,0.000000000000000000e+00,5.434099999999999486e-01,0.000000000000000000e+00,0.000000000000000000e+00
