0.000000000000000000e+00,5.445100000000000495e-01,0.000000000000000000e+00,5.747600000000000486e-01,5.598699999999999788e-01,5.439899999999999736e-01,5.644900000000000473e-01,5.494999999999999885e-01,5.498100000000000209e-01,5.599399999999999933e-01,5.486699999999999910e-01,5.479399999999999826e-01,5.568699999999999761e-01,5.478300000000000392e-01,0.000000000000000000e+00,5.413400000000000434e-01,5.657900000000000151e-01,0.000000000000000000e+00,0.000000000000000000e+00,5.424999999999999822e-01,5.473000000000000087e-01,0.000000000000000000e+00,0.000000000000000000e+00,5.570699999999999541e-01,0.000000000000000000e+00,5.432700000000000307e-01,0.000000000000000000e+00,5.434299999999999686e-01,0.000000000000000000e+00,0.000000000000000000e+00,0.000000000000000000e+00,5.783300000000000107e-01,5.714900000000000535e-01,5.500199999999999534e-01,5.497199999999999864e-01,5.580899999999999750e-01,5.776099999999999568e-01,5.519100000000000117e-01,5.856999999999999984e-01,5.709699999999999775e-01,5.455600000000000449e-01,5.992800000000000349e-01,5.473599999999999577e-01,5.623099999999999765e-01,0.000000000000000000e+00,0.000000000000000000e+00,0.000000000000000000e+00,0.000000000000000000e+00,5.512799999999999923e-01,5.580500000000000460e-01,5.445200000000000040e-01,5.579199999999999715e-01,5.536200000000000010e-01,5.536799999999999500e-01,5.570699999999999541e-01,5.485900000000000221e-01,5.705500000000000016e-01,5.697799999999999532e-01,5.535600000000000520e-01,0.000000000000000000e+00,5.421700000000000408e-01,5.488800000000000345e-01,5.546900000000000164e-01,0.000000000000000000e+00,0.000000000000000000e+00,5.569899999999999851e-01,0.000000000000000000e+00,0.000000000000000000e+00,5.624900000000000455e-01,0.000000000000000000e+00,5.459000000000000519e-01,0.000000000000000000e+00,5.524599999999999511e-01,0.000000000000000000e+00,0.000000000000000000e+00,0.000000000000000000e+00
5.445100000000000495e-01,5.589699999999999669e-01,0.000000000000000000e+00,5.957400000000000473e-01,5.747299999999999631e-01,5.601500000000000368e-01,5.861499999999999488e-01,5.637699999999999934e-01,5.714799999999999880e-01,5.714000000000000190e-01,5.636600000000000499e-01,5.615099999999999536e-01,5.745000000000000107e-01,5.676900000000000279e-01,0.000000000000000000e+00,5.642000000000000348e-01,5.899600000000000399e-01,5.585200000000000164e-01,5.501500000000000279e-01,5.616900000000000226e-01,5.587600000000000344e-01,5.507900000000000018e-01,5.477999999999999536e-01,5.723099999999999854e-01,0.000000000000000000e+00,5.553599999999999648e-01,5.442500000000000115e-01,5.595799999999999663e-01,5.536299999999999555e-01,0.000000000000000000e+00,0.000000000000000000e+00,5.854200000000000514e-01,5.930499999999999661e-01,5.747799999999999576e-01,5.696400000000000352e-01,5.799100000000000366e-01,5.899299999999999544e-01,5.746099999999999541e-01,5.951199999999999823e-01,5.859600000000000364e-01,5.682000000000000384e-01,6.124800000000000244e-01,5.743300000000000072e-01,5.857799999999999674e-01,5.474700000000000122e-01,5.446699999999999875e-01,0.000000000000000000e+00,5.484400000000000386e-01,5.664500000000000091e-01,5.780100000000000238e-01,5.557900000000000063e-01,5.723500000000000254e-01,5.615700000000000136e-01,5.703899999999999526e-01,5.743899999999999562e-01,5.606100000000000527e-01,5.795599999999999641e-01,5.849699999999999900e-01,5.758799999999999475e-01,0.000000000000000000e+00,5.578800000000000425e-01,5.590800000000000214e-01,5.662399999999999656e-01,5.566299999999999581e-01,0.000000000000000000e+00,5.624299999999999855e-01,5.521500000000000297e-01,0.000000000000000000e+00,5.658999999999999586e-01,5.563500000000000112e-01,5.590199999999999614e-01,0.000000000000000000e+00,5.697400000000000242e-01,5.462799999999999878e-01,0.000000000000000000e+00,5.429500000000000437e-01
0.000000000000000000e+00,0.000000000000000000e+00,0.000000000000000000e+00,5.569800000000000306e-01,5.432500000000000107e-01,0.000000000000000000e+00,5.563299999999999912e-01,0.000000000000000000e+00,5.431000000000000272e-01,5.423700000000000188e-01,0.000000000000000000e+00,0.000000000000000000e+00,5.413200000000000234e-01,5.447600000000000220e-01,0.000000000000000000e+00,0.000000000000000000e+00,5.609800000000000342e-01,0.000000000000000000e+00,0.000000000000000000e+00,0.000000000000000000e+00,0.000000000000000000e+00,0.000000000000000000e+00,0.000000000000000000e+00,5.416699999999999848e-01,0.000000000000000000e+00,0.000000000000000000e+00,0.000000000000000000e+00,0.000000000000000000e+00,0.000000000000000000e+00,0.000000000000000000e+00,0.000000000000000000e+00,5.425699999999999967e-01,5.583000000000000185e-01,5.562599999999999767e-01,5.428100000000000147e-01,5.536200000000000010e-01,5.582700000000000440e-01,5.521599999999999842e-01,5.447100000000000275e-01,5.566299999999999581e-01,5.449500000000000455e-01,5.720600000000000129e-01,5.444799999999999640e-01,0.000000000000000000e+00,0.000000000000000000e+00,0.000000000000000000e+00,0.000000000000000000e+00,0.000000000000000000e+00,0.000000000000000000e+00,5.444200000000000150e-01,0.000000000000000000e+00,5.415200000000000014e-01,0.000000000000000000e+00,5.425100000000000477e-01,5.467899999999999983e-01,0.000000000000000000e+00,0.000000000000000000e+00,5.530199999999999561e-01,5.457699999999999774e-01,0.000000000000000000e+00,0.000000000000000000e+00,0.000000000000000000e+00,0.000000000000000000e+00,0.000000000000000000e+00,0.000000000000000000e+00,0.000000000000000000e+00,0.000000000000000000e+00,0.000000000000000000e+00,0.000000000000000000e+00,0.000000000000000000e+00,0.000000000000000000e+00,0.000000000000000000e+00,0.000000000000000000e+00,0.000000000000000000e+00,0.000000000000000000e+00,0.000000000000000000e+00
5.747600000000000486e-01,5.957400000000000473e-01,5.569800000000000306e-01,6.431099999999999595e-01,6.236599999999999921e-01,5.906700000000000284e-01,6.362700000000000022e-01,5.945399999999999574e-01,6.098599999999999577e-01,6.199500000000000011e-01,5.993399999999999839e-01,6.070499999999999785e-01,6.187899999999999512e-01,6.075599999999999890e-01,5.693000000000000282e-01,6.021400000000000086e-01,6.398700000000000498e-01,5.935799999999999965e-01,5.855900000000000549e-01,5.941699999999999759e-01,6.002999999999999448e-01,5.805099999999999705e-01,5.780199999999999783e-01,6.161900000000000155e-01,5.672700000000000520e-01,5.902100000000000124e-01,5.689699999999999758e-01,5.982800000000000340e-01,5.874700000000000477e-01,0.000000000000000000e+00,5.637699999999999934e-01,6.442900000000000293e-01,6.426300000000000345e-01,6.158000000000000140e-01,6.107900000000000551e-01,6.215500000000000469e-01,6.438800000000000079e-01,6.049400000000000333e-01,6.520200000000000440e-01,6.285899999999999821e-01,6.052400000000000002e-01,6.661099999999999799e-01,6.171699999999999964e-01,6.462799999999999656e-01,5.797499999999999876e-01,5.779800000000000493e-01,5.428300000000000347e-01,5.780899999999999928e-01,6.071900000000000075e-01,6.263199999999999878e-01,5.896000000000000130e-01,6.148799999999999821e-01,5.961699999999999777e-01,6.074300000000000255e-01,6.183999999999999497e-01,6.021800000000000486e-01,6.295899999999999830e-01,6.312699999999999978e-01,6.197300000000000031e-01,5.636499999999999844e-01,5.959900000000000198e-01,5.991199999999999859e-01,6.034399999999999764e-01,5.921899999999999942e-01,5.589300000000000379e-01,6.061600000000000321e-01,5.827400000000000357e-01,5.653000000000000247e-01,6.090100000000000513e-01,5.860600000000000254e-01,5.956200000000000383e-01,0.000000000000000000e+00,6.082699999999999774e-01,5.741899999999999782e-01,0.000000000000000000e+00,5.774200000000000443e-01
5.598699999999999788e-01,5.747299999999999631e-01,5.432500000000000107e-01,6.236599999999999921e-01,6.094399999999999817e-01,5.752199999999999536e-01,6.131400000000000183e-01,5.738100000000000422e-01,5.887200000000000211e-01,6.052899999999999947e-01,5.869600000000000373e-01,5.903199999999999559e-01,5.973899999999999766e-01,5.943300000000000249e-01,5.457199999999999829e-01,5.729300000000000503e-01,6.134100000000000108e-01,5.728199999999999958e-01,5.659499999999999531e-01,5.715299999999999825e-01,5.786299999999999777e-01,5.574200000000000266e-01,5.556799999999999518e-01,5.886099999999999666e-01,5.543799999999999839e-01,5.697100000000000497e-01,5.562000000000000277e-01,5.820100000000000273e-01,5.682000000000000384e-01,0.000000000000000000e+00,5.521700000000000497e-01,6.209000000000000075e-01,6.079900000000000304e-01,5.890999999999999570e-01,5.848799999999999555e-01,6.041800000000000503e-01,6.230499999999999927e-01,5.841300000000000381e-01,6.272299999999999542e-01,6.029400000000000315e-01,5.815399999999999459e-01,6.378500000000000281e-01,5.951100000000000279e-01,6.091499999999999693e-01,5.548499999999999543e-01,5.587600000000000344e-01,0.000000000000000000e+00,5.565900000000000292e-01,5.872899999999999787e-01,6.103899999999999881e-01,5.708100000000000396e-01,5.987900000000000444e-01,5.745200000000000307e-01,5.869299999999999518e-01,6.025599999999999845e-01,5.849499999999999700e-01,6.027500000000000080e-01,6.113800000000000345e-01,5.981999999999999540e-01,5.431000000000000272e-01,5.745700000000000252e-01,5.873300000000000187e-01,5.852699999999999569e-01,5.725299999999999834e-01,0.000000000000000000e+00,5.910999999999999588e-01,5.597100000000000408e-01,5.459000000000000519e-01,5.868600000000000483e-01,5.675499999999999989e-01,5.731000000000000538e-01,0.000000000000000000e+00,5.904599999999999849e-01,5.556100000000000483e-01,0.000000000000000000e+00,5.598800000000000443e-01
5.439899999999999736e-01,5.601500000000000368e-01,0.000000000000000000e+00,5.906700000000000284e-01,5.752199999999999536e-01,5.555299999999999683e-01,5.814700000000000424e-01,5.695099999999999607e-01,5.666799999999999615e-01,5.660399999999999876e-01,5.546400000000000219e-01,5.548199999999999799e-01,5.709300000000000486e-01,5.701100000000000056e-01,0.000000000000000000e+00,5.600199999999999623e-01,5.831800000000000317e-01,5.604299999999999837e-01,5.415799999999999503e-01,5.567499999999999671e-01,5.504000000000000004e-01,5.493799999999999795e-01,5.414600000000000524e-01,5.669199999999999795e-01,5.428899999999999837e-01,5.532299999999999995e-01,0.000000000000000000e+00,5.585900000000000309e-01,5.484599999999999476e-01,0.000000000000000000e+00,0.000000000000000000e+00,5.873899999999999677e-01,5.827999999999999847e-01,5.628300000000000525e-01,5.604200000000000292e-01,5.765500000000000069e-01,5.844399999999999595e-01,5.558400000000000007e-01,5.919799999999999507e-01,5.863899999999999668e-01,5.566999999999999726e-01,5.981800000000000450e-01,5.743500000000000272e-01,5.842899999999999761e-01,0.000000000000000000e+00,5.426600000000000312e-01,0.000000000000000000e+00,5.444499999999999895e-01,5.632399999999999629e-01,5.802699999999999525e-01,5.530800000000000161e-01,5.708900000000000086e-01,5.640699999999999603e-01,5.682500000000000329e-01,5.648999999999999577e-01,5.588600000000000234e-01,5.705599999999999561e-01,5.811300000000000354e-01,5.752099999999999991e-01,0.000000000000000000e+00,5.585400000000000365e-01,5.567299999999999471e-01,5.643500000000000183e-01,5.509300000000000308e-01,0.000000000000000000e+00,5.551500000000000323e-01,5.475200000000000067e-01,0.000000000000000000e+00,5.651699999999999502e-01,5.567199999999999926e-01,5.535499999999999865e-01,0.000000000000000000e+00,5.677799999999999514e-01,5.437800000000000411e-01,0.000000000000000000e+00,0.000000000000000000e+00
5.644900000000000473e-01,5.861499999999999488e-01,5.563299999999999912e-01,6.362700000000000022e-01,6.131400000000000183e-01,5.814700000000000424e-01,6.223199999999999843e-01,5.880900000000000016e-01,5.989900000000000224e-01,6.110299999999999621e-01,5.976799999999999891e-01,6.002300000000000413e-01,6.057000000000000162e-01,6.059099999999999486e-01,5.559500000000000552e-01,5.912500000000000533e-01,6.291999999999999815e-01,5.836500000000000021e-01,5.801199999999999690e-01,5.852500000000000480e-01,5.844899999999999540e-01,5.709400000000000031e-01,5.679899999999999949e-01,6.019900000000000251e-01,5.622200000000000530e-01,5.794500000000000206e-01,5.643000000000000238e-01,5.904500000000000304e-01,5.763300000000000090e-01,0.000000000000000000e+00,5.591899999999999649e-01,6.320000000000000062e-01,6.231900000000000217e-01,6.069499999999999895e-01,5.986200000000000410e-01,6.208500000000000130e-01,6.348599999999999799e-01,6.038999999999999924e-01,6.381900000000000350e-01,6.244800000000000351e-01,6.004300000000000193e-01,6.506300000000000416e-01,6.092999999999999527e-01,6.256099999999999994e-01,5.773899999999999588e-01,5.615599999999999481e-01,0.000000000000000000e+00,5.688800000000000523e-01,5.977200000000000291e-01,6.170700000000000074e-01,5.798600000000000421e-01,6.057700000000000307e-01,5.820600000000000218e-01,5.984500000000000375e-01,6.119200000000000195e-01,5.937599999999999545e-01,6.128799999999999804e-01,6.212499999999999689e-01,6.103199999999999736e-01,5.492799999999999905e-01,5.849600000000000355e-01,5.929999999999999716e-01,5.935500000000000220e-01,5.846099999999999630e-01,5.510300000000000198e-01,5.922100000000000142e-01,5.731600000000000028e-01,5.564799999999999747e-01,5.922199999999999687e-01,5.769699999999999829e-01,5.821100000000000163e-01,0.000000000000000000e+00,5.998200000000000198e-01,5.648800000000000487e-01,0.000000000000000000e+00,5.678999999999999604e-01
5.494999999999999885e-01,5.637699999999999934e-01,0.000000000000000000e+00,5.945399999999999574e-01,5.738100000000000422e-01,5.695099999999999607e-01,5.880900000000000016e-01,5.720100000000000184e-01,5.734399999999999498e-01,5.735200000000000298e-01,5.589300000000000379e-01,5.659699999999999731e-01,5.802100000000000035e-01,5.577299999999999480e-01,5.505900000000000238e-01,5.661800000000000166e-01,5.911699999999999733e-01,5.636900000000000244e-01,5.530199999999999561e-01,5.653000000000000247e-01,5.614400000000000501e-01,5.563900000000000512e-01,5.490099999999999980e-01,5.764799999999999924e-01,5.440199999999999481e-01,5.631899999999999684e-01,5.490899999999999670e-01,5.611399999999999721e-01,5.597800000000000553e-01,0.000000000000000000e+00,0.000000000000000000e+00,5.911699999999999733e-01,5.976000000000000201e-01,5.720600000000000129e-01,5.738999999999999657e-01,5.711300000000000265e-01,5.951899999999999968e-01,5.517800000000000482e-01,6.078999999999999959e-01,5.860800000000000454e-01,5.782199999999999562e-01,6.305199999999999694e-01,5.724200000000000399e-01,5.918700000000000072e-01,0.000000000000000000e+00,5.551599999999999868e-01,0.000000000000000000e+00,5.511899999999999578e-01,5.758199999999999985e-01,5.834700000000000442e-01,5.669699999999999740e-01,5.807999999999999829e-01,5.792000000000000481e-01,5.732699999999999463e-01,5.681399999999999784e-01,5.700499999999999456e-01,5.880199999999999871e-01,5.910699999999999843e-01,5.787999999999999812e-01,5.505200000000000093e-01,5.618300000000000516e-01,5.604999999999999982e-01,5.728699999999999903e-01,5.579300000000000370e-01,0.000000000000000000e+00,5.716700000000000115e-01,5.514299999999999757e-01,5.424799999999999622e-01,5.797799999999999621e-01,5.660300000000000331e-01,5.668699999999999850e-01,0.000000000000000000e+00,5.736900000000000333e-01,5.500599999999999934e-01,0.000000000000000000e+00,5.500699999999999479e-01
5.498100000000000209e-01,5.714799999999999880e-01,5.431000000000000272e-01,6.098599999999999577e-01,5.887200000000000211e-01,5.666799999999999615e-01,5.989900000000000224e-01,5.734399999999999498e-01,5.802000000000000490e-01,5.855200000000000404e-01,5.726900000000000324e-01,5.715000000000000080e-01,5.823199999999999488e-01,5.890900000000000025e-01,0.000000000000000000e+00,5.777400000000000313e-01,6.036299999999999999e-01,5.684799999999999853e-01,5.595799999999999663e-01,5.687200000000000033e-01,5.623099999999999765e-01,5.591300000000000159e-01,5.509100000000000108e-01,5.792800000000000171e-01,5.501899999999999569e-01,5.616299999999999626e-01,5.497900000000000009e-01,5.695999999999999952e-01,5.595900000000000318e-01,0.000000000000000000e+00,5.429399999999999782e-01,5.979700000000000015e-01,5.942199999999999704e-01,5.805200000000000360e-01,5.722800000000000109e-01,5.988999999999999879e-01,6.045800000000000063e-01,5.811100000000000154e-01,5.987000000000000099e-01,6.005500000000000282e-01,5.719499999999999584e-01,6.149499999999999966e-01,5.883300000000000196e-01,5.956700000000000328e-01,5.607400000000000162e-01,5.444099999999999495e-01,0.000000000000000000e+00,5.541899999999999604e-01,5.712500000000000355e-01,5.916000000000000147e-01,5.628600000000000270e-01,5.836000000000000076e-01,5.659899999999999931e-01,5.826900000000000412e-01,5.873500000000000387e-01,5.716299999999999715e-01,5.840699999999999781e-01,5.954399999999999693e-01,5.865399999999999503e-01,0.000000000000000000e+00,5.689699999999999758e-01,5.718299999999999494e-01,5.742699999999999472e-01,5.655499999999999972e-01,0.000000000000000000e+00,5.635999999999999899e-01,5.602399999999999602e-01,5.443299999999999805e-01,5.698499999999999677e-01,5.634099999999999664e-01,5.631000000000000449e-01,0.000000000000000000e+00,5.804099999999999815e-01,5.525999999999999801e-01,0.000000000000000000e+00,5.494299999999999740e-01
5.599399999999999933e-01,5.714000000000000190e-01,5.423700000000000188e-01,6.199500000000000011e-01,6.052899999999999947e-01,5.660399999999999876e-01,6.110299999999999621e-01,5.735200000000000298e-01,5.855200000000000404e-01,5.933800000000000185e-01,5.845299999999999940e-01,5.837700000000000111e-01,5.901399999999999979e-01,6.002999999999999448e-01,5.455799999999999539e-01,5.734599999999999698e-01,6.109799999999999676e-01,5.718999999999999639e-01,5.651899999999999702e-01,5.724399999999999489e-01,5.745099999999999651e-01,5.593799999999999883e-01,5.543700000000000294e-01,5.827599999999999447e-01,5.502599999999999714e-01,5.681500000000000439e-01,5.526999999999999691e-01,5.757400000000000295e-01,5.644200000000000328e-01,0.000000000000000000e+00,5.481000000000000316e-01,6.084199999999999608e-01,6.070699999999999985e-01,5.882100000000000106e-01,5.793399999999999661e-01,6.108299999999999841e-01,6.209099999999999620e-01,5.856799999999999784e-01,6.170999999999999819e-01,6.107700000000000351e-01,5.859199999999999964e-01,6.320299999999999807e-01,5.958099999999999508e-01,6.119299999999999740e-01,5.603200000000000403e-01,5.545700000000000074e-01,0.000000000000000000e+00,5.529399999999999871e-01,5.837400000000000366e-01,6.106399999999999606e-01,5.611000000000000432e-01,5.939799999999999525e-01,5.648600000000000287e-01,5.822699999999999543e-01,5.987200000000000299e-01,5.802300000000000235e-01,5.948600000000000554e-01,6.049900000000000277e-01,6.001499999999999613e-01,5.444200000000000150e-01,5.682300000000000129e-01,5.778499999999999748e-01,5.819299999999999473e-01,5.694900000000000517e-01,5.433999999999999941e-01,5.822500000000000453e-01,5.601699999999999458e-01,5.446800000000000530e-01,5.742599999999999927e-01,5.669800000000000395e-01,5.698400000000000132e-01,0.000000000000000000e+00,5.876099999999999657e-01,5.558999999999999497e-01,0.000000000000000000e+00,5.554400000000000448e-01
5.486699999999999910e-01,5.636600000000000499e-01,0.000000000000000000e+00,5.993399999999999839e-01,5.869699999999999918e-01,5.546400000000000219e-01,5.976799999999999891e-01,5.589300000000000379e-01,5.726900000000000324e-01,5.845299999999999940e-01,5.734599999999999698e-01,5.736499999999999932e-01,5.776799999999999713e-01,5.853800000000000114e-01,0.000000000000000000e+00,5.664200000000000346e-01,5.985899999999999554e-01,5.564999999999999947e-01,5.589499999999999469e-01,5.604299999999999837e-01,5.612399999999999611e-01,5.472700000000000342e-01,5.467899999999999983e-01,5.753500000000000281e-01,5.439800000000000191e-01,5.572899999999999521e-01,5.425900000000000167e-01,5.652700000000000502e-01,5.520899999999999697e-01,0.000000000000000000e+00,0.000000000000000000e+00,5.942499999999999449e-01,5.978799999999999670e-01,5.856500000000000039e-01,5.754099999999999770e-01,5.986099999999999755e-01,6.045800000000000063e-01,5.776999999999999913e-01,5.937599999999999545e-01,5.971699999999999786e-01,5.748900000000000121e-01,6.195899999999999741e-01,5.852600000000000025e-01,5.887900000000000356e-01,5.592899999999999539e-01,5.453500000000000014e-01,0.000000000000000000e+00,5.495999999999999774e-01,5.698600000000000332e-01,5.924000000000000377e-01,5.577100000000000390e-01,5.800199999999999800e-01,5.518999999999999462e-01,5.746499999999999941e-01,5.846500000000000030e-01,5.715299999999999825e-01,5.850300000000000500e-01,5.905399999999999539e-01,5.869699999999999918e-01,0.000000000000000000e+00,5.587900000000000089e-01,5.685599999999999543e-01,5.687299999999999578e-01,5.653799999999999937e-01,0.000000000000000000e+00,5.644599999999999618e-01,5.529500000000000526e-01,0.000000000000000000e+00,5.655299999999999772e-01,5.517199999999999882e-01,5.575999999999999845e-01,0.000000000000000000e+00,5.743599999999999817e-01,5.444099999999999495e-01,0.000000000000000000e+00,5.483000000000000096e-01
5.479399999999999826e-01,5.615099999999999536e-01,0.000000000000000000e+00,6.070499999999999785e-01,5.903199999999999559e-01,5.548199999999999799e-01,6.002300000000000413e-01,5.659699999999999731e-01,5.715099999999999625e-01,5.837700000000000111e-01,5.736499999999999932e-01,5.812699999999999534e-01,5.828699999999999992e-01,5.843599999999999905e-01,5.438699999999999646e-01,5.657900000000000151e-01,5.964800000000000102e-01,5.620800000000000241e-01,5.596499999999999808e-01,5.634900000000000464e-01,5.644400000000000528e-01,5.510899999999999688e-01,5.499500000000000499e-01,5.786400000000000432e-01,5.415299999999999558e-01,5.626600000000000490e-01,5.429500000000000437e-01,5.664000000000000146e-01,5.528199999999999781e-01,0.000000000000000000e+00,5.420199999999999463e-01,6.008799999999999697e-01,6.052999999999999492e-01,5.964199999999999502e-01,5.819900000000000073e-01,5.986700000000000355e-01,6.101299999999999502e-01,5.870199999999999863e-01,6.033500000000000529e-01,6.052699999999999747e-01,5.869699999999999918e-01,6.245699999999999585e-01,5.840400000000000036e-01,5.984199999999999520e-01,5.665499999999999980e-01,5.477100000000000302e-01,0.000000000000000000e+00,5.502200000000000424e-01,5.774299999999999988e-01,5.941800000000000415e-01,5.564200000000000257e-01,5.842800000000000216e-01,5.563700000000000312e-01,5.736499999999999932e-01,5.808200000000000029e-01,5.728100000000000414e-01,5.897900000000000365e-01,5.944599999999999884e-01,5.895399999999999530e-01,0.000000000000000000e+00,5.594000000000000083e-01,5.661000000000000476e-01,5.719400000000000039e-01,5.643399999999999528e-01,0.000000000000000000e+00,5.737600000000000477e-01,5.542799999999999949e-01,0.000000000000000000e+00,5.719699999999999784e-01,5.545999999999999819e-01,5.625400000000000400e-01,0.000000000000000000e+00,5.771199999999999664e-01,5.441099999999999826e-01,0.000000000000000000e+00,5.505499999999999838e-01
5.568699999999999761e-01,5.745000000000000107e-01,5.413200000000000234e-01,6.187899999999999512e-01,5.973899999999999766e-01,5.709300000000000486e-01,6.057000000000000162e-01,5.802100000000000035e-01,5.823199999999999488e-01,5.901399999999999979e-01,5.776900000000000368e-01,5.828699999999999992e-01,5.909100000000000463e-01,5.880499999999999616e-01,5.491800000000000015e-01,5.778600000000000403e-01,6.078400000000000469e-01,5.739100000000000312e-01,5.634200000000000319e-01,5.727200000000000069e-01,5.729400000000000048e-01,5.620199999999999640e-01,5.560500000000000442e-01,5.880100000000000326e-01,5.524900000000000366e-01,5.686799999999999633e-01,5.536900000000000155e-01,5.756400000000000405e-01,5.651399999999999757e-01,0.000000000000000000e+00,5.458800000000000319e-01,6.126000000000000334e-01,6.073699999999999655e-01,5.888099999999999445e-01,5.830100000000000282e-01,6.002999999999999448e-01,6.138900000000000468e-01,5.853399999999999714e-01,6.184899999999999842e-01,6.090499999999999803e-01,5.846099999999999630e-01,6.311499999999999888e-01,5.908600000000000518e-01,6.085800000000000098e-01,5.576900000000000190e-01,5.539100000000000135e-01,0.000000000000000000e+00,5.576499999999999790e-01,5.847099999999999520e-01,5.996299999999999963e-01,5.666999999999999815e-01,5.918900000000000272e-01,5.770399999999999974e-01,5.824799999999999978e-01,5.910300000000000553e-01,5.789499999999999647e-01,5.979400000000000270e-01,6.035399999999999654e-01,5.934500000000000330e-01,5.423299999999999788e-01,5.728100000000000414e-01,5.792899999999999716e-01,5.816200000000000259e-01,5.707600000000000451e-01,0.000000000000000000e+00,5.795700000000000296e-01,5.607600000000000362e-01,5.489000000000000545e-01,5.831199999999999717e-01,5.682399999999999674e-01,5.714000000000000190e-01,0.000000000000000000e+00,5.850300000000000500e-01,5.530899999999999705e-01,0.000000000000000000e+00,5.572200000000000486e-01
5.478300000000000392e-01,5.676799999999999624e-01,5.447600000000000220e-01,6.075599999999999890e-01,5.943300000000000249e-01,5.701100000000000056e-01,6.059099999999999486e-01,5.577299999999999480e-01,5.890900000000000025e-01,6.002999999999999448e-01,5.853800000000000114e-01,5.843599999999999905e-01,5.880499999999999616e-01,5.864300000000000068e-01,0.000000000000000000e+00,5.759300000000000530e-01,6.119799999999999685e-01,5.650699999999999612e-01,5.654900000000000482e-01,5.706900000000000306e-01,5.602899999999999547e-01,5.543500000000000094e-01,5.493599999999999595e-01,5.830300000000000482e-01,5.515499999999999847e-01,5.577100000000000390e-01,5.553000000000000158e-01,5.761100000000000110e-01,5.645099999999999563e-01,0.000000000000000000e+00,5.465499999999999803e-01,6.058400000000000452e-01,5.978900000000000325e-01,5.790399999999999991e-01,5.787200000000000122e-01,5.975800000000000001e-01,6.085500000000000353e-01,5.901899999999999924e-01,6.073899999999999855e-01,5.896400000000000530e-01,5.772699999999999498e-01,6.268000000000000238e-01,5.980499999999999705e-01,6.041600000000000303e-01,5.663700000000000401e-01,0.000000000000000000e+00,0.000000000000000000e+00,5.537300000000000555e-01,5.713899999999999535e-01,6.017099999999999671e-01,5.673099999999999810e-01,5.903800000000000159e-01,5.595200000000000173e-01,5.833700000000000552e-01,5.978900000000000325e-01,5.809800000000000519e-01,5.923199999999999577e-01,6.001300000000000523e-01,5.930999999999999606e-01,0.000000000000000000e+00,5.702899999999999636e-01,5.826200000000000268e-01,5.793599999999999861e-01,5.703899999999999526e-01,0.000000000000000000e+00,5.682000000000000384e-01,5.566299999999999581e-01,5.413499999999999979e-01,5.727799999999999558e-01,5.614900000000000446e-01,5.625700000000000145e-01,0.000000000000000000e+00,5.815599999999999659e-01,5.506299999999999528e-01,0.000000000000000000e+00,5.527199999999999891e-01
0.000000000000000000e+00,0.000000000000000000e+00,0.000000000000000000e+00,5.693000000000000282e-01,5.457199999999999829e-01,0.000000000000000000e+00,5.559500000000000552e-01,5.505900000000000238e-01,0.000000000000000000e+00,5.455799999999999539e-01,0.000000000000000000e+00,5.438699999999999646e-01,5.491800000000000015e-01,0.000000000000000000e+00,0.000000000000000000e+00,0.000000000000000000e+00,5.582899999999999530e-01,0.000000000000000000e+00,0.000000000000000000e+00,0.000000000000000000e+00,5.458899999999999864e-01,0.000000000000000000e+00,0.000000000000000000e+00,5.486299999999999510e-01,0.000000000000000000e+00,0.000000000000000000e+00,0.000000000000000000e+00,0.000000000000000000e+00,0.000000000000000000e+00,0.000000000000000000e+00,0.000000000000000000e+00,5.575099999999999500e-01,5.708699999999999886e-01,5.610300000000000287e-01,5.558800000000000407e-01,5.424799999999999622e-01,5.648400000000000087e-01,0.000000000000000000e+00,5.617999999999999661e-01,5.621300000000000185e-01,5.542000000000000259e-01,5.893899999999999695e-01,0.000000000000000000e+00,5.508699999999999708e-01,0.000000000000000000e+00,0.000000000000000000e+00,0.000000000000000000e+00,0.000000000000000000e+00,5.454799999999999649e-01,5.509500000000000508e-01,0.000000000000000000e+00,5.460000000000000409e-01,5.467400000000000038e-01,5.442099999999999715e-01,5.427600000000000202e-01,0.000000000000000000e+00,5.639499999999999513e-01,5.577199999999999935e-01,5.433900000000000396e-01,0.000000000000000000e+00,0.000000000000000000e+00,0.000000000000000000e+00,5.474200000000000177e-01,0.000000000000000000e+00,0.000000000000000000e+00,5.530399999999999761e-01,0.000000000000000000e+00,0.000000000000000000e+00,5.491599999999999815e-01,0.000000000000000000e+00,5.417999999999999483e-01,0.000000000000000000e+00,5.431899999999999507e-01,0.000000000000000000e+00,0.000000000000000000e+00,0.000000000000000000e+00
5.413400000000000434e-01,5.642000000000000348e-01,0.000000000000000000e+00,6.021400000000000086e-01,5.729300000000000503e-01,5.600199999999999623e-01,5.912500000000000533e-01,5.661800000000000166e-01,5.777400000000000313e-01,5.734599999999999698e-01,5.664200000000000346e-01,5.657900000000000151e-01,5.778600000000000403e-01,5.759300000000000530e-01,0.000000000000000000e+00,5.683000000000000274e-01,5.946900000000000519e-01,5.610300000000000287e-01,5.599399999999999933e-01,5.682300000000000129e-01,5.540699999999999514e-01,5.568400000000000016e-01,5.524799999999999711e-01,5.769900000000000029e-01,5.414499999999999869e-01,5.566900000000000182e-01,5.456800000000000539e-01,5.629399999999999959e-01,5.566699999999999982e-01,0.000000000000000000e+00,0.000000000000000000e+00,5.858299999999999619e-01,6.001900000000000013e-01,5.859100000000000419e-01,5.768999999999999684e-01,5.916299999999999892e-01,5.965300000000000047e-01,5.764099999999999779e-01,5.900300000000000544e-01,5.962899999999999867e-01,5.768600000000000394e-01,6.094300000000000272e-01,5.811199999999999699e-01,5.921399999999999997e-01,5.640199999999999658e-01,0.000000000000000000e+00,0.000000000000000000e+00,5.534400000000000430e-01,5.674000000000000155e-01,5.793599999999999861e-01,5.582399999999999585e-01,5.729899999999999993e-01,5.556100000000000483e-01,5.736099999999999532e-01,5.759800000000000475e-01,5.648100000000000342e-01,5.800999999999999490e-01,5.866999999999999993e-01,5.823399999999999688e-01,0.000000000000000000e+00,5.656299999999999661e-01,5.574799999999999756e-01,5.663200000000000456e-01,5.632200000000000539e-01,0.000000000000000000e+00,5.555900000000000283e-01,5.587100000000000399e-01,0.000000000000000000e+00,5.632599999999999829e-01,5.564799999999999747e-01,5.590100000000000069e-01,0.000000000000000000e+00,5.724799999999999889e-01,5.491899999999999560e-01,0.000000000000000000e+00,5.462399999999999478e-01
5.657900000000000151e-01,5.899600000000000399e-01,5.609800000000000342e-01,6.398700000000000498e-01,6.134100000000000108e-01,5.831800000000000317e-01,6.291900000000000270e-01,5.911699999999999733e-01,6.036299999999999999e-01,6.109799999999999676e-01,5.985899999999999554e-01,5.964800000000000102e-01,6.078400000000000469e-01,6.119799999999999685e-01,5.582899999999999530e-01,5.946900000000000519e-01,6.288200000000000456e-01,5.836799999999999766e-01,5.845900000000000540e-01,5.918200000000000127e-01,5.848600000000000465e-01,5.764500000000000179e-01,5.706499999999999906e-01,6.021600000000000286e-01,5.629800000000000360e-01,5.829999999999999627e-01,5.649699999999999722e-01,5.899499999999999744e-01,5.790399999999999991e-01,0.000000000000000000e+00,5.575499999999999901e-01,6.341700000000000115e-01,6.238000000000000211e-01,6.130400000000000293e-01,6.035399999999999654e-01,6.315699999999999648e-01,6.396300000000000319e-01,6.053699999999999637e-01,6.362799999999999567e-01,6.331700000000000106e-01,6.025899999999999590e-01,6.495199999999999863e-01,6.128200000000000314e-01,6.295100000000000140e-01,5.823000000000000398e-01,5.611199999999999521e-01,0.000000000000000000e+00,5.708499999999999686e-01,5.987700000000000244e-01,6.191900000000000182e-01,5.768100000000000449e-01,6.063600000000000101e-01,5.856200000000000294e-01,6.029299999999999660e-01,6.167399999999999549e-01,5.968200000000000172e-01,6.117200000000000415e-01,6.236399999999999721e-01,6.149299999999999766e-01,5.534499999999999975e-01,5.874300000000000077e-01,5.936099999999999710e-01,5.946099999999999719e-01,5.875599999999999712e-01,5.553900000000000503e-01,5.880600000000000271e-01,5.772800000000000153e-01,5.598800000000000443e-01,5.840899999999999981e-01,5.784000000000000252e-01,5.839600000000000346e-01,0.000000000000000000e+00,6.032699999999999729e-01,5.693500000000000227e-01,0.000000000000000000e+00,5.675599999999999534e-01
0.000000000000000000e+00,5.585200000000000164e-01,0.000000000000000000e+00,5.935799999999999965e-01,5.728199999999999958e-01,5.604299999999999837e-01,5.836500000000000021e-01,5.636900000000000244e-01,5.684799999999999853e-01,5.718900000000000095e-01,5.564999999999999947e-01,5.620800000000000241e-01,5.739199999999999857e-01,5.650699999999999612e-01,0.000000000000000000e+00,5.610399999999999832e-01,5.836799999999999766e-01,5.537900000000000045e-01,5.476999999999999647e-01,5.588999999999999524e-01,5.494700000000000140e-01,5.508499999999999508e-01,5.435600000000000431e-01,5.705099999999999616e-01,0.000000000000000000e+00,5.522799999999999931e-01,5.417199999999999793e-01,5.587600000000000344e-01,5.512799999999999923e-01,0.000000000000000000e+00,0.000000000000000000e+00,5.881300000000000416e-01,5.880499999999999616e-01,5.705500000000000016e-01,5.641699999999999493e-01,5.773399999999999643e-01,5.886500000000000066e-01,5.579699999999999660e-01,5.944899999999999629e-01,5.829100000000000392e-01,5.648100000000000342e-01,6.044800000000000173e-01,5.699699999999999767e-01,5.858700000000000019e-01,5.418300000000000338e-01,0.000000000000000000e+00,0.000000000000000000e+00,5.452599999999999669e-01,5.620399999999999840e-01,5.755000000000000115e-01,5.538499999999999535e-01,5.714500000000000135e-01,5.590800000000000214e-01,5.665599999999999525e-01,5.723099999999999854e-01,5.603900000000000547e-01,5.741600000000000037e-01,5.843300000000000161e-01,5.737900000000000222e-01,0.000000000000000000e+00,5.605299999999999727e-01,5.620800000000000241e-01,5.648999999999999577e-01,5.533200000000000340e-01,0.000000000000000000e+00,5.563700000000000312e-01,5.474900000000000322e-01,0.000000000000000000e+00,5.640600000000000058e-01,5.548899999999999944e-01,5.552200000000000468e-01,0.000000000000000000e+00,5.686200000000000143e-01,5.420399999999999663e-01,0.000000000000000000e+00,5.439399999999999791e-01
0.000000000000000000e+00,5.501500000000000279e-01,0.000000000000000000e+00,5.855900000000000549e-01,5.659600000000000186e-01,5.415799999999999503e-01,5.801199999999999690e-01,5.530199999999999561e-01,5.595799999999999663e-01,5.651899999999999702e-01,5.589499999999999469e-01,5.596499999999999808e-01,5.634200000000000319e-01,5.654900000000000482e-01,0.000000000000000000e+00,5.599399999999999933e-01,5.845900000000000540e-01,5.476999999999999647e-01,5.462000000000000188e-01,5.528399999999999981e-01,5.490000000000000435e-01,0.000000000000000000e+00,0.000000000000000000e+00,5.618699999999999806e-01,0.000000000000000000e+00,5.454200000000000159e-01,0.000000000000000000e+00,5.504700000000000149e-01,5.415400000000000214e-01,0.000000000000000000e+00,0.000000000000000000e+00,5.743399999999999617e-01,5.844099999999999850e-01,5.791199999999999681e-01,5.666799999999999615e-01,5.785700000000000287e-01,5.857499999999999929e-01,5.710800000000000320e-01,5.721899999999999764e-01,5.833199999999999497e-01,5.686600000000000543e-01,5.999299999999999633e-01,5.677999999999999714e-01,5.710499999999999465e-01,5.529100000000000126e-01,0.000000000000000000e+00,0.000000000000000000e+00,5.413700000000000179e-01,5.560300000000000242e-01,5.712699999999999445e-01,5.465299999999999603e-01,5.632899999999999574e-01,0.000000000000000000e+00,5.621699999999999475e-01,5.673899999999999499e-01,5.554499999999999993e-01,5.671199999999999575e-01,5.737299999999999622e-01,5.665499999999999980e-01,0.000000000000000000e+00,5.466800000000000548e-01,5.498899999999999899e-01,5.530699999999999505e-01,5.530599999999999961e-01,0.000000000000000000e+00,5.506900000000000128e-01,5.449500000000000455e-01,0.000000000000000000e+00,5.471099999999999852e-01,5.413700000000000179e-01,5.467999999999999527e-01,0.000000000000000000e+00,5.591500000000000359e-01,0.000000000000000000e+00,0.000000000000000000e+00,0.000000000000000000e+00
5.424999999999999822e-01,5.616900000000000226e-01,0.000000000000000000e+00,5.941699999999999759e-01,5.715299999999999825e-01,5.567499999999999671e-01,5.852500000000000480e-01,5.653000000000000247e-01,5.687200000000000033e-01,5.724399999999999489e-01,5.604299999999999837e-01,5.634900000000000464e-01,5.727200000000000069e-01,5.706900000000000306e-01,0.000000000000000000e+00,5.682300000000000129e-01,5.918200000000000127e-01,5.589100000000000179e-01,5.528399999999999981e-01,5.605799999999999672e-01,5.544799999999999729e-01,5.513599999999999612e-01,5.470599999999999907e-01,5.712899999999999645e-01,0.000000000000000000e+00,5.553500000000000103e-01,0.000000000000000000e+00,5.586299999999999599e-01,5.513400000000000523e-01,0.000000000000000000e+00,0.000000000000000000e+00,5.830699999999999772e-01,5.903199999999999559e-01,5.789100000000000357e-01,5.717799999999999550e-01,5.816900000000000404e-01,5.888499999999999845e-01,5.686299999999999688e-01,5.862399999999999833e-01,5.883300000000000196e-01,5.708100000000000396e-01,6.084600000000000009e-01,5.743899999999999562e-01,5.821499999999999453e-01,5.476499999999999702e-01,5.420899999999999608e-01,0.000000000000000000e+00,5.508399999999999963e-01,5.640699999999999603e-01,5.792100000000000026e-01,5.552300000000000013e-01,5.707999999999999741e-01,5.569499999999999451e-01,5.721300000000000274e-01,5.728400000000000158e-01,5.620500000000000496e-01,5.779499999999999638e-01,5.837900000000000311e-01,5.746200000000000196e-01,0.000000000000000000e+00,5.571500000000000341e-01,5.569399999999999906e-01,5.644200000000000328e-01,5.572799999999999976e-01,0.000000000000000000e+00,5.575499999999999901e-01,5.522200000000000442e-01,0.000000000000000000e+00,5.615999999999999881e-01,5.534099999999999575e-01,5.571500000000000341e-01,0.000000000000000000e+00,5.683700000000000419e-01,5.456800000000000539e-01,0.000000000000000000e+00,5.418899999999999828e-01
5.473000000000000087e-01,5.587600000000000344e-01,0.000000000000000000e+00,6.002999999999999448e-01,5.786299999999999777e-01,5.504000000000000004e-01,5.844899999999999540e-01,5.614400000000000501e-01,5.623099999999999765e-01,5.745099999999999651e-01,5.612300000000000066e-01,5.644400000000000528e-01,5.729400000000000048e-01,5.602899999999999547e-01,5.458899999999999864e-01,5.540699999999999514e-01,5.848600000000000465e-01,5.494799999999999685e-01,5.490000000000000435e-01,5.544799999999999729e-01,5.638199999999999878e-01,5.435900000000000176e-01,0.000000000000000000e+00,5.673200000000000465e-01,0.000000000000000000e+00,5.551099999999999923e-01,0.000000000000000000e+00,5.550500000000000433e-01,5.490899999999999670e-01,0.000000000000000000e+00,0.000000000000000000e+00,5.870300000000000518e-01,5.918299999999999672e-01,5.646400000000000308e-01,5.635000000000000009e-01,5.734000000000000208e-01,5.983699999999999575e-01,5.525600000000000511e-01,6.013100000000000112e-01,5.845099999999999740e-01,5.669600000000000195e-01,6.206300000000000150e-01,5.621899999999999675e-01,5.908099999999999463e-01,0.000000000000000000e+00,5.537999999999999590e-01,0.000000000000000000e+00,5.423000000000000043e-01,5.674599999999999644e-01,5.819100000000000383e-01,5.478199999999999736e-01,5.702899999999999636e-01,5.621800000000000130e-01,5.606200000000000072e-01,5.731899999999999773e-01,5.612700000000000466e-01,5.875500000000000167e-01,5.835399999999999476e-01,5.720300000000000384e-01,5.462799999999999878e-01,5.505999999999999783e-01,5.600600000000000023e-01,5.644500000000000073e-01,5.519100000000000117e-01,0.000000000000000000e+00,5.762399999999999745e-01,0.000000000000000000e+00,0.000000000000000000e+00,5.699199999999999822e-01,5.503900000000000459e-01,5.574599999999999556e-01,0.000000000000000000e+00,5.638400000000000079e-01,0.000000000000000000e+00,0.000000000000000000e+00,5.420800000000000063e-01
