5.607400000000000162e-01,0.000000000000000000e+00,5.654299999999999882e-01,5.836000000000000076e-01,5.712800000000000100e-01,0.000000000000000000e+00,5.716599999999999460e-01,5.825099999999999723e-01,5.570100000000000051e-01,5.525700000000000056e-01,5.593299999999999939e-01,0.000000000000000000e+00,5.537199999999999900e-01,5.431899999999999507e-01,0.000000000000000000e+00,0.000000000000000000e+00,5.613500000000000156e-01,5.425999999999999712e-01,0.000000000000000000e+00,5.525499999999999856e-01,5.452500000000000124e-01,0.000000000000000000e+00,0.000000000000000000e+00,5.537800000000000500e-01,0.000000000000000000e+00,5.467300000000000493e-01,0.000000000000000000e+00,5.464900000000000313e-01,0.000000000000000000e+00,0.000000000000000000e+00,0.000000000000000000e+00,5.548499999999999543e-01,5.754700000000000371e-01,5.564900000000000402e-01,5.725500000000000034e-01,5.579199999999999715e-01,5.854000000000000314e-01,5.616700000000000026e-01,5.574999999999999956e-01,5.787299999999999667e-01,5.867099999999999538e-01,5.783599999999999852e-01,0.000000000000000000e+00,5.778799999999999493e-01,5.592000000000000304e-01,5.591000000000000414e-01,0.000000000000000000e+00,5.434999999999999831e-01,5.978499999999999925e-01,5.584799999999999764e-01,5.492799999999999905e-01,5.541599999999999859e-01,5.510099999999999998e-01,5.536799999999999500e-01,5.796599999999999531e-01,5.703399999999999581e-01,5.460099999999999953e-01,5.607400000000000162e-01,0.000000000000000000e+00,5.436600000000000321e-01,5.535799999999999610e-01,5.739400000000000057e-01,5.630199999999999649e-01,0.000000000000000000e+00,0.000000000000000000e+00,5.593500000000000139e-01,0.000000000000000000e+00,0.000000000000000000e+00,0.000000000000000000e+00,5.549300000000000344e-01,5.478800000000000336e-01,0.000000000000000000e+00,5.513599999999999612e-01,0.000000000000000000e+00,0.000000000000000000e+00,5.535099999999999465e-01
0.000000000000000000e+00,0.000000000000000000e+00,5.451500000000000234e-01,5.672099999999999920e-01,5.630100000000000104e-01,0.000000000000000000e+00,5.600899999999999768e-01,5.713099999999999845e-01,5.481099999999999861e-01,5.498699999999999699e-01,5.460500000000000353e-01,0.000000000000000000e+00,5.429300000000000237e-01,0.000000000000000000e+00,0.000000000000000000e+00,0.000000000000000000e+00,5.509500000000000508e-01,0.000000000000000000e+00,0.000000000000000000e+00,5.421300000000000008e-01,0.000000000000000000e+00,0.000000000000000000e+00,0.000000000000000000e+00,0.000000000000000000e+00,0.000000000000000000e+00,0.000000000000000000e+00,0.000000000000000000e+00,0.000000000000000000e+00,0.000000000000000000e+00,0.000000000000000000e+00,0.000000000000000000e+00,5.436299999999999466e-01,5.567600000000000326e-01,0.000000000000000000e+00,5.597499999999999698e-01,5.427199999999999802e-01,5.648800000000000487e-01,5.492299999999999960e-01,0.000000000000000000e+00,5.535799999999999610e-01,5.547100000000000364e-01,5.505600000000000493e-01,0.000000000000000000e+00,5.679199999999999804e-01,5.422299999999999898e-01,0.000000000000000000e+00,0.000000000000000000e+00,0.000000000000000000e+00,5.709499999999999575e-01,5.485799999999999566e-01,0.000000000000000000e+00,5.430300000000000127e-01,0.000000000000000000e+00,5.482599999999999696e-01,5.685900000000000398e-01,5.526100000000000456e-01,0.000000000000000000e+00,5.494900000000000340e-01,0.000000000000000000e+00,0.000000000000000000e+00,0.000000000000000000e+00,5.598499999999999588e-01,5.446800000000000530e-01,0.000000000000000000e+00,0.000000000000000000e+00,0.000000000000000000e+00,0.000000000000000000e+00,0.000000000000000000e+00,0.000000000000000000e+00,5.467199999999999838e-01,0.000000000000000000e+00,0.000000000000000000e+00,0.000000000000000000e+00,0.000000000000000000e+00,0.000000000000000000e+00,0.000000000000000000e+00
5.654299999999999882e-01,5.451500000000000234e-01,5.790399999999999991e-01,5.875899999999999457e-01,5.764500000000000179e-01,0.000000000000000000e+00,5.724200000000000399e-01,5.860300000000000509e-01,5.666299999999999670e-01,5.573200000000000376e-01,5.587400000000000144e-01,0.000000000000000000e+00,5.539699999999999624e-01,5.429300000000000237e-01,0.000000000000000000e+00,0.000000000000000000e+00,5.633700000000000374e-01,5.433999999999999941e-01,5.491500000000000270e-01,5.592399999999999594e-01,0.000000000000000000e+00,0.000000000000000000e+00,0.000000000000000000e+00,5.460700000000000554e-01,0.000000000000000000e+00,5.452000000000000179e-01,5.454900000000000304e-01,5.501500000000000279e-01,5.456600000000000339e-01,0.000000000000000000e+00,0.000000000000000000e+00,5.585200000000000164e-01,5.725299999999999834e-01,5.571000000000000396e-01,5.734399999999999498e-01,5.598699999999999788e-01,5.928700000000000081e-01,5.614000000000000101e-01,5.556999999999999718e-01,5.699899999999999967e-01,5.846599999999999575e-01,5.775000000000000133e-01,5.507499999999999618e-01,5.827099999999999502e-01,5.667699999999999960e-01,5.631500000000000394e-01,0.000000000000000000e+00,5.512799999999999923e-01,5.940800000000000525e-01,5.674000000000000155e-01,5.574599999999999556e-01,5.594400000000000484e-01,0.000000000000000000e+00,5.666099999999999470e-01,5.851800000000000335e-01,5.681899999999999729e-01,0.000000000000000000e+00,5.657100000000000461e-01,5.504400000000000404e-01,5.438399999999999901e-01,5.532899999999999485e-01,5.779499999999999638e-01,5.663799999999999946e-01,5.474700000000000122e-01,0.000000000000000000e+00,5.531500000000000306e-01,0.000000000000000000e+00,0.000000000000000000e+00,0.000000000000000000e+00,5.633200000000000429e-01,5.559500000000000552e-01,0.000000000000000000e+00,5.541099999999999914e-01,0.000000000000000000e+00,0.000000000000000000e+00,5.479300000000000281e-01
5.836000000000000076e-01,5.672099999999999920e-01,5.875899999999999457e-01,6.350000000000000089e-01,6.232900000000000107e-01,5.525999999999999801e-01,6.142800000000000482e-01,6.372299999999999631e-01,5.895899999999999475e-01,6.039099999999999469e-01,6.001499999999999613e-01,5.745799999999999796e-01,5.861899999999999888e-01,5.866999999999999993e-01,5.426299999999999457e-01,5.751899999999999791e-01,6.016599999999999726e-01,5.723200000000000509e-01,5.681300000000000239e-01,5.799299999999999455e-01,5.748699999999999921e-01,5.562399999999999567e-01,5.681500000000000439e-01,5.799100000000000366e-01,5.697600000000000442e-01,5.708900000000000086e-01,5.729999999999999538e-01,5.804399999999999560e-01,5.627600000000000380e-01,0.000000000000000000e+00,5.617199999999999971e-01,6.055599999999999872e-01,6.219999999999999973e-01,5.874000000000000332e-01,6.145699999999999497e-01,5.995099999999999874e-01,6.318000000000000282e-01,6.050400000000000222e-01,5.978799999999999670e-01,6.127299999999999969e-01,6.127000000000000224e-01,6.068099999999999605e-01,5.844899999999999540e-01,6.403999999999999693e-01,5.796499999999999986e-01,5.757700000000000040e-01,5.564099999999999602e-01,5.599300000000000388e-01,6.463600000000000456e-01,6.009799999999999587e-01,5.756700000000000150e-01,5.903699999999999504e-01,5.736599999999999477e-01,5.867200000000000193e-01,6.333699999999999886e-01,6.060999999999999721e-01,5.740399999999999947e-01,5.968200000000000172e-01,5.779800000000000493e-01,5.617600000000000371e-01,5.871699999999999697e-01,6.274300000000000432e-01,5.934099999999999930e-01,5.664599999999999635e-01,0.000000000000000000e+00,5.892300000000000315e-01,5.420300000000000118e-01,5.513599999999999612e-01,5.538100000000000245e-01,5.983500000000000485e-01,5.758999999999999675e-01,5.453000000000000069e-01,5.874700000000000477e-01,5.450300000000000145e-01,0.000000000000000000e+00,5.807999999999999829e-01
5.712800000000000100e-01,5.630100000000000104e-01,5.764500000000000179e-01,6.232900000000000107e-01,6.166099999999999914e-01,5.436400000000000121e-01,6.107000000000000206e-01,6.323400000000000132e-01,5.846700000000000230e-01,6.013199999999999656e-01,5.931499999999999551e-01,5.661899999999999711e-01,5.815900000000000514e-01,5.737200000000000077e-01,0.000000000000000000e+00,5.739699999999999802e-01,5.948299999999999699e-01,5.624900000000000455e-01,5.634900000000000464e-01,5.741399999999999837e-01,5.706200000000000161e-01,5.543000000000000149e-01,5.596999999999999753e-01,5.695799999999999752e-01,5.666400000000000325e-01,5.643000000000000238e-01,5.665200000000000236e-01,5.751699999999999591e-01,5.588999999999999524e-01,5.420000000000000373e-01,5.530000000000000471e-01,6.071800000000000530e-01,6.082600000000000229e-01,5.772500000000000409e-01,6.106500000000000261e-01,5.942899999999999849e-01,6.264499999999999513e-01,5.937099999999999600e-01,5.997500000000000053e-01,6.021600000000000286e-01,6.015300000000000091e-01,5.938499999999999890e-01,5.738699999999999912e-01,6.310900000000000398e-01,5.711100000000000065e-01,5.633399999999999519e-01,5.501599999999999824e-01,5.557800000000000518e-01,6.296899999999999720e-01,5.990600000000000369e-01,5.709899999999999975e-01,5.910300000000000553e-01,5.714399999999999480e-01,5.850100000000000300e-01,6.327899999999999636e-01,6.029200000000000115e-01,5.702899999999999636e-01,5.931499999999999551e-01,5.705099999999999616e-01,5.529100000000000126e-01,5.811100000000000154e-01,6.176800000000000068e-01,5.856799999999999784e-01,5.642599999999999838e-01,0.000000000000000000e+00,5.864899999999999558e-01,0.000000000000000000e+00,5.438499999999999446e-01,5.451500000000000234e-01,5.897299999999999764e-01,5.717299999999999605e-01,0.000000000000000000e+00,5.823300000000000143e-01,0.000000000000000000e+00,0.000000000000000000e+00,5.725599999999999579e-01
0.000000000000000000e+00,0.000000000000000000e+00,0.000000000000000000e+00,5.525999999999999801e-01,5.436400000000000121e-01,0.000000000000000000e+00,0.000000000000000000e+00,5.541099999999999914e-01,0.000000000000000000e+00,0.000000000000000000e+00,0.000000000000000000e+00,0.000000000000000000e+00,0.000000000000000000e+00,0.000000000000000000e+00,0.000000000000000000e+00,0.000000000000000000e+00,0.000000000000000000e+00,0.000000000000000000e+00,0.000000000000000000e+00,0.000000000000000000e+00,0.000000000000000000e+00,0.000000000000000000e+00,0.000000000000000000e+00,0.000000000000000000e+00,0.000000000000000000e+00,0.000000000000000000e+00,0.000000000000000000e+00,0.000000000000000000e+00,0.000000000000000000e+00,0.000000000000000000e+00,0.000000000000000000e+00,0.000000000000000000e+00,5.463000000000000078e-01,0.000000000000000000e+00,0.000000000000000000e+00,0.000000000000000000e+00,5.572399999999999576e-01,0.000000000000000000e+00,0.000000000000000000e+00,0.000000000000000000e+00,5.462500000000000133e-01,0.000000000000000000e+00,0.000000000000000000e+00,5.506699999999999928e-01,0.000000000000000000e+00,0.000000000000000000e+00,0.000000000000000000e+00,0.000000000000000000e+00,5.582200000000000495e-01,0.000000000000000000e+00,0.000000000000000000e+00,0.000000000000000000e+00,0.000000000000000000e+00,0.000000000000000000e+00,5.458300000000000374e-01,0.000000000000000000e+00,0.000000000000000000e+00,0.000000000000000000e+00,0.000000000000000000e+00,0.000000000000000000e+00,0.000000000000000000e+00,0.000000000000000000e+00,0.000000000000000000e+00,0.000000000000000000e+00,0.000000000000000000e+00,0.000000000000000000e+00,0.000000000000000000e+00,0.000000000000000000e+00,0.000000000000000000e+00,0.000000000000000000e+00,0.000000000000000000e+00,0.000000000000000000e+00,0.000000000000000000e+00,0.000000000000000000e+00,0.000000000000000000e+00,0.000000000000000000e+00
5.716599999999999460e-01,5.600899999999999768e-01,5.724200000000000399e-01,6.142800000000000482e-01,6.107000000000000206e-01,0.000000000000000000e+00,6.039200000000000124e-01,6.258200000000000429e-01,5.797900000000000276e-01,5.898600000000000509e-01,5.860199999999999854e-01,5.605299999999999727e-01,5.789100000000000357e-01,5.718400000000000150e-01,0.000000000000000000e+00,5.681899999999999729e-01,5.878400000000000292e-01,5.584000000000000075e-01,5.525099999999999456e-01,5.688999999999999613e-01,5.676799999999999624e-01,5.511200000000000543e-01,5.551399999999999668e-01,5.683300000000000018e-01,5.618100000000000316e-01,5.616299999999999626e-01,5.615099999999999536e-01,5.714799999999999880e-01,5.544499999999999984e-01,0.000000000000000000e+00,5.494200000000000195e-01,5.985500000000000265e-01,6.071600000000000330e-01,5.699300000000000477e-01,6.039099999999999469e-01,5.883300000000000196e-01,6.175000000000000488e-01,5.878900000000000237e-01,5.950800000000000534e-01,6.002899999999999903e-01,5.952300000000000368e-01,5.908600000000000518e-01,5.630600000000000049e-01,6.249099999999999655e-01,5.676499999999999879e-01,5.615299999999999736e-01,5.465999999999999748e-01,5.525499999999999856e-01,6.290799999999999725e-01,5.916599999999999637e-01,5.673599999999999755e-01,5.869999999999999662e-01,5.686499999999999888e-01,5.801199999999999690e-01,6.199099999999999611e-01,5.966599999999999682e-01,5.655700000000000172e-01,5.896599999999999620e-01,5.650899999999999812e-01,5.480599999999999916e-01,5.755599999999999605e-01,6.093199999999999728e-01,5.827200000000000157e-01,5.599199999999999733e-01,0.000000000000000000e+00,5.805700000000000305e-01,0.000000000000000000e+00,0.000000000000000000e+00,5.446199999999999930e-01,5.849999999999999645e-01,5.673599999999999755e-01,0.000000000000000000e+00,5.776000000000000023e-01,0.000000000000000000e+00,0.000000000000000000e+00,5.704599999999999671e-01
5.825099999999999723e-01,5.713099999999999845e-01,5.860300000000000509e-01,6.372299999999999631e-01,6.323400000000000132e-01,5.541099999999999914e-01,6.258200000000000429e-01,6.615100000000000424e-01,6.020400000000000196e-01,6.160099999999999465e-01,6.033899999999999819e-01,5.757100000000000550e-01,5.956099999999999728e-01,5.799499999999999655e-01,5.459800000000000209e-01,5.932500000000000551e-01,5.998400000000000398e-01,5.717100000000000515e-01,5.724399999999999489e-01,5.859799999999999454e-01,5.892699999999999605e-01,5.693200000000000482e-01,5.700199999999999712e-01,5.883099999999999996e-01,5.823099999999999943e-01,5.755299999999999860e-01,5.812800000000000189e-01,5.883000000000000451e-01,5.672599999999999865e-01,5.524299999999999766e-01,5.608899999999999997e-01,6.055500000000000327e-01,6.287700000000000511e-01,5.796900000000000386e-01,6.228399999999999492e-01,5.986799999999999899e-01,6.395300000000000429e-01,6.104300000000000281e-01,6.084000000000000519e-01,6.132400000000000073e-01,5.987900000000000444e-01,6.099099999999999522e-01,5.771699999999999608e-01,6.479200000000000514e-01,5.814099999999999824e-01,5.561599999999999877e-01,5.591699999999999449e-01,5.652399999999999647e-01,6.590000000000000302e-01,6.113399999999999945e-01,5.849800000000000555e-01,6.033100000000000129e-01,5.858600000000000474e-01,5.998799999999999688e-01,6.383699999999999930e-01,6.119799999999999685e-01,5.819299999999999473e-01,6.075599999999999890e-01,5.821600000000000108e-01,5.601500000000000368e-01,5.963300000000000267e-01,6.269099999999999673e-01,5.969299999999999606e-01,5.765200000000000324e-01,5.424200000000000133e-01,5.957000000000000073e-01,5.459199999999999608e-01,5.506100000000000438e-01,5.594999999999999973e-01,6.022100000000000231e-01,5.783300000000000107e-01,5.517199999999999882e-01,5.951899999999999968e-01,5.500199999999999534e-01,5.547800000000000509e-01,5.831699999999999662e-01
5.570100000000000051e-01,5.481099999999999861e-01,5.666299999999999670e-01,5.895899999999999475e-01,5.846700000000000230e-01,0.000000000000000000e+00,5.797900000000000276e-01,6.020400000000000196e-01,5.660600000000000076e-01,5.683799999999999963e-01,5.627400000000000180e-01,0.000000000000000000e+00,5.584599999999999564e-01,5.514900000000000357e-01,0.000000000000000000e+00,5.499399999999999844e-01,5.641100000000000003e-01,5.471399999999999597e-01,5.471300000000000052e-01,5.597100000000000408e-01,0.000000000000000000e+00,0.000000000000000000e+00,5.427499999999999547e-01,5.476400000000000157e-01,5.472000000000000197e-01,5.457100000000000284e-01,5.510199999999999543e-01,5.540199999999999569e-01,5.463099999999999623e-01,0.000000000000000000e+00,0.000000000000000000e+00,5.681300000000000239e-01,5.763000000000000345e-01,5.549300000000000344e-01,5.785400000000000542e-01,5.669999999999999485e-01,5.947799999999999754e-01,5.672700000000000520e-01,5.626100000000000545e-01,5.745500000000000052e-01,5.763599999999999834e-01,5.706700000000000106e-01,5.576499999999999790e-01,5.931199999999999806e-01,5.575700000000000101e-01,5.489699999999999580e-01,0.000000000000000000e+00,5.451899999999999524e-01,5.972199999999999731e-01,5.709699999999999775e-01,5.563799999999999857e-01,5.645499999999999963e-01,5.485900000000000221e-01,5.689199999999999813e-01,5.920499999999999652e-01,5.711399999999999810e-01,0.000000000000000000e+00,5.693000000000000282e-01,5.534299999999999775e-01,0.000000000000000000e+00,5.575799999999999645e-01,5.854000000000000314e-01,5.669600000000000195e-01,5.491399999999999615e-01,0.000000000000000000e+00,5.537999999999999590e-01,0.000000000000000000e+00,0.000000000000000000e+00,0.000000000000000000e+00,5.656799999999999606e-01,5.529100000000000126e-01,0.000000000000000000e+00,5.584200000000000275e-01,0.000000000000000000e+00,0.000000000000000000e+00,5.488800000000000345e-01
5.525700000000000056e-01,5.498699999999999699e-01,5.573200000000000376e-01,6.039099999999999469e-01,6.013199999999999656e-01,0.000000000000000000e+00,5.898600000000000509e-01,6.160099999999999465e-01,5.683799999999999963e-01,5.796599999999999531e-01,5.771600000000000064e-01,5.503900000000000459e-01,5.628800000000000470e-01,5.609899999999999887e-01,0.000000000000000000e+00,5.558699999999999752e-01,5.710600000000000120e-01,5.488899999999999890e-01,5.479800000000000226e-01,5.594900000000000428e-01,5.566499999999999782e-01,5.421099999999999808e-01,5.465400000000000258e-01,5.514799999999999702e-01,5.526999999999999691e-01,5.474099999999999522e-01,5.547499999999999654e-01,5.581800000000000095e-01,5.435499999999999776e-01,0.000000000000000000e+00,0.000000000000000000e+00,5.695299999999999807e-01,5.844700000000000450e-01,5.555600000000000538e-01,5.829100000000000392e-01,5.767999999999999794e-01,6.012399999999999967e-01,5.797400000000000331e-01,5.710800000000000320e-01,5.814700000000000424e-01,5.757299999999999640e-01,5.737600000000000477e-01,5.624200000000000310e-01,6.075099999999999945e-01,5.534400000000000430e-01,5.423400000000000443e-01,0.000000000000000000e+00,0.000000000000000000e+00,6.063699999999999646e-01,5.815599999999999659e-01,5.494099999999999540e-01,5.702399999999999691e-01,5.551399999999999668e-01,5.654500000000000082e-01,6.053800000000000292e-01,5.779499999999999638e-01,5.539899999999999824e-01,5.728100000000000414e-01,5.588899999999999979e-01,0.000000000000000000e+00,5.617499999999999716e-01,5.939499999999999780e-01,5.658400000000000096e-01,5.462200000000000388e-01,0.000000000000000000e+00,5.638699999999999823e-01,0.000000000000000000e+00,0.000000000000000000e+00,0.000000000000000000e+00,5.725099999999999634e-01,5.538199999999999790e-01,0.000000000000000000e+00,5.656999999999999806e-01,0.000000000000000000e+00,0.000000000000000000e+00,5.542099999999999804e-01
5.593299999999999939e-01,5.460500000000000353e-01,5.587400000000000144e-01,6.001499999999999613e-01,5.931499999999999551e-01,0.000000000000000000e+00,5.860199999999999854e-01,6.033899999999999819e-01,5.627400000000000180e-01,5.771600000000000064e-01,5.724000000000000199e-01,5.496199999999999974e-01,5.608199999999999852e-01,5.634599999999999609e-01,0.000000000000000000e+00,5.493700000000000250e-01,5.726200000000000179e-01,5.442799999999999860e-01,5.453999999999999959e-01,5.527199999999999891e-01,5.508999999999999453e-01,0.000000000000000000e+00,5.452599999999999669e-01,5.536799999999999500e-01,5.467999999999999527e-01,5.470800000000000107e-01,5.483200000000000296e-01,5.569199999999999706e-01,0.000000000000000000e+00,0.000000000000000000e+00,0.000000000000000000e+00,5.738600000000000367e-01,5.848100000000000520e-01,5.553200000000000358e-01,5.821899999999999853e-01,5.758799999999999475e-01,6.001800000000000468e-01,5.723300000000000054e-01,5.683399999999999563e-01,5.776900000000000368e-01,5.775700000000000278e-01,5.716700000000000115e-01,5.597499999999999698e-01,6.002600000000000158e-01,5.527900000000000036e-01,5.482200000000000406e-01,0.000000000000000000e+00,0.000000000000000000e+00,6.040799999999999503e-01,5.752399999999999736e-01,5.519800000000000262e-01,5.679999999999999494e-01,5.528499999999999526e-01,5.642599999999999838e-01,5.967500000000000027e-01,5.780300000000000438e-01,5.491300000000000070e-01,5.700300000000000367e-01,5.567699999999999871e-01,0.000000000000000000e+00,5.619300000000000406e-01,5.873000000000000442e-01,5.628600000000000270e-01,5.433000000000000052e-01,0.000000000000000000e+00,5.635900000000000354e-01,0.000000000000000000e+00,0.000000000000000000e+00,0.000000000000000000e+00,5.667400000000000215e-01,5.519800000000000262e-01,0.000000000000000000e+00,5.618300000000000516e-01,0.000000000000000000e+00,0.000000000000000000e+00,5.528899999999999926e-01
0.000000000000000000e+00,0.000000000000000000e+00,0.000000000000000000e+00,5.745799999999999796e-01,5.661899999999999711e-01,0.000000000000000000e+00,5.605299999999999727e-01,5.757100000000000550e-01,0.000000000000000000e+00,5.503900000000000459e-01,5.496199999999999974e-01,0.000000000000000000e+00,0.000000000000000000e+00,0.000000000000000000e+00,0.000000000000000000e+00,0.000000000000000000e+00,5.494200000000000195e-01,0.000000000000000000e+00,0.000000000000000000e+00,0.000000000000000000e+00,5.484599999999999476e-01,0.000000000000000000e+00,0.000000000000000000e+00,5.456900000000000084e-01,0.000000000000000000e+00,0.000000000000000000e+00,0.000000000000000000e+00,0.000000000000000000e+00,0.000000000000000000e+00,0.000000000000000000e+00,0.000000000000000000e+00,5.459000000000000519e-01,5.646499999999999853e-01,5.419399999999999773e-01,5.610199999999999632e-01,5.504499999999999948e-01,5.712899999999999645e-01,5.535299999999999665e-01,5.466600000000000348e-01,5.649300000000000432e-01,5.599100000000000188e-01,5.545900000000000274e-01,0.000000000000000000e+00,5.659199999999999786e-01,0.000000000000000000e+00,0.000000000000000000e+00,0.000000000000000000e+00,0.000000000000000000e+00,5.792100000000000026e-01,5.502799999999999914e-01,0.000000000000000000e+00,5.425999999999999712e-01,0.000000000000000000e+00,0.000000000000000000e+00,5.681599999999999984e-01,5.544099999999999584e-01,5.419699999999999518e-01,5.454099999999999504e-01,0.000000000000000000e+00,0.000000000000000000e+00,0.000000000000000000e+00,5.566400000000000237e-01,0.000000000000000000e+00,0.000000000000000000e+00,0.000000000000000000e+00,5.469899999999999762e-01,0.000000000000000000e+00,0.000000000000000000e+00,0.000000000000000000e+00,5.426900000000000057e-01,0.000000000000000000e+00,0.000000000000000000e+00,0.000000000000000000e+00,0.000000000000000000e+00,0.000000000000000000e+00,5.426600000000000312e-01
5.537100000000000355e-01,5.429300000000000237e-01,5.539699999999999624e-01,5.861899999999999888e-01,5.815900000000000514e-01,0.000000000000000000e+00,5.789100000000000357e-01,5.956099999999999728e-01,5.584599999999999564e-01,5.628800000000000470e-01,5.608199999999999852e-01,0.000000000000000000e+00,5.591300000000000159e-01,5.524000000000000021e-01,0.000000000000000000e+00,5.431799999999999962e-01,5.629300000000000415e-01,5.420800000000000063e-01,0.000000000000000000e+00,5.471000000000000307e-01,5.471700000000000452e-01,0.000000000000000000e+00,0.000000000000000000e+00,5.491300000000000070e-01,5.432399999999999451e-01,5.430399999999999672e-01,5.435200000000000031e-01,5.528100000000000236e-01,0.000000000000000000e+00,0.000000000000000000e+00,0.000000000000000000e+00,5.698600000000000332e-01,5.800699999999999745e-01,5.495499999999999829e-01,5.788900000000000157e-01,5.662800000000000056e-01,5.875899999999999457e-01,5.648400000000000087e-01,5.661300000000000221e-01,5.737100000000000533e-01,5.690499999999999448e-01,5.676700000000000079e-01,5.496799999999999464e-01,5.953100000000000058e-01,5.497400000000000064e-01,5.430500000000000327e-01,0.000000000000000000e+00,0.000000000000000000e+00,5.988799999999999679e-01,5.660300000000000331e-01,5.485999999999999766e-01,5.641199999999999548e-01,5.505400000000000293e-01,5.584400000000000475e-01,5.873099999999999987e-01,5.694900000000000517e-01,5.426800000000000512e-01,5.679600000000000204e-01,5.502599999999999714e-01,0.000000000000000000e+00,5.517800000000000482e-01,5.788200000000000012e-01,5.598899999999999988e-01,0.000000000000000000e+00,0.000000000000000000e+00,5.558199999999999807e-01,0.000000000000000000e+00,0.000000000000000000e+00,0.000000000000000000e+00,5.626700000000000035e-01,5.485400000000000276e-01,0.000000000000000000e+00,5.555600000000000538e-01,0.000000000000000000e+00,0.000000000000000000e+00,5.483299999999999841e-01
5.431899999999999507e-01,0.000000000000000000e+00,5.429300000000000237e-01,5.866999999999999993e-01,5.737200000000000077e-01,0.000000000000000000e+00,5.718400000000000150e-01,5.799499999999999655e-01,5.514900000000000357e-01,5.609899999999999887e-01,5.634599999999999609e-01,0.000000000000000000e+00,5.524000000000000021e-01,5.472200000000000397e-01,0.000000000000000000e+00,0.000000000000000000e+00,5.636100000000000554e-01,0.000000000000000000e+00,0.000000000000000000e+00,5.425999999999999712e-01,0.000000000000000000e+00,0.000000000000000000e+00,0.000000000000000000e+00,0.000000000000000000e+00,0.000000000000000000e+00,0.000000000000000000e+00,0.000000000000000000e+00,5.464999999999999858e-01,0.000000000000000000e+00,0.000000000000000000e+00,0.000000000000000000e+00,5.615200000000000191e-01,5.623899999999999455e-01,5.442099999999999715e-01,5.676799999999999624e-01,5.664900000000000491e-01,5.843300000000000161e-01,5.577299999999999480e-01,5.585200000000000164e-01,5.624599999999999600e-01,5.615499999999999936e-01,5.582099999999999840e-01,5.543099999999999694e-01,5.860199999999999854e-01,0.000000000000000000e+00,0.000000000000000000e+00,0.000000000000000000e+00,0.000000000000000000e+00,5.845399999999999485e-01,5.547100000000000364e-01,0.000000000000000000e+00,5.554900000000000393e-01,5.457400000000000029e-01,5.527800000000000491e-01,5.809699999999999864e-01,5.685999999999999943e-01,0.000000000000000000e+00,5.572300000000000031e-01,5.474099999999999522e-01,0.000000000000000000e+00,5.519699999999999607e-01,5.769100000000000339e-01,5.561700000000000532e-01,0.000000000000000000e+00,0.000000000000000000e+00,5.514400000000000412e-01,0.000000000000000000e+00,0.000000000000000000e+00,0.000000000000000000e+00,5.535999999999999810e-01,5.421000000000000263e-01,0.000000000000000000e+00,5.496499999999999719e-01,0.000000000000000000e+00,0.000000000000000000e+00,0.000000000000000000e+00
0.000000000000000000e+00,0.000000000000000000e+00,0.000000000000000000e+00,5.426299999999999457e-01,0.000000000000000000e+00,0.000000000000000000e+00,0.000000000000000000e+00,5.459800000000000209e-01,0.000000000000000000e+00,0.000000000000000000e+00,0.000000000000000000e+00,0.000000000000000000e+00,0.000000000000000000e+00,0.000000000000000000e+00,0.000000000000000000e+00,0.000000000000000000e+00,0.000000000000000000e+00,0.000000000000000000e+00,0.000000000000000000e+00,0.000000000000000000e+00,0.000000000000000000e+00,0.000000000000000000e+00,0.000000000000000000e+00,0.000000000000000000e+00,0.000000000000000000e+00,0.000000000000000000e+00,0.000000000000000000e+00,0.000000000000000000e+00,0.000000000000000000e+00,0.000000000000000000e+00,0.000000000000000000e+00,0.000000000000000000e+00,0.000000000000000000e+00,0.000000000000000000e+00,0.000000000000000000e+00,0.000000000000000000e+00,0.000000000000000000e+00,0.000000000000000000e+00,0.000000000000000000e+00,0.000000000000000000e+00,0.000000000000000000e+00,0.000000000000000000e+00,0.000000000000000000e+00,0.000000000000000000e+00,0.000000000000000000e+00,0.000000000000000000e+00,0.000000000000000000e+00,0.000000000000000000e+00,0.000000000000000000e+00,0.000000000000000000e+00,0.000000000000000000e+00,0.000000000000000000e+00,0.000000000000000000e+00,0.000000000000000000e+00,0.000000000000000000e+00,0.000000000000000000e+00,0.000000000000000000e+00,0.000000000000000000e+00,0.000000000000000000e+00,0.000000000000000000e+00,0.000000000000000000e+00,0.000000000000000000e+00,0.000000000000000000e+00,0.000000000000000000e+00,0.000000000000000000e+00,0.000000000000000000e+00,0.000000000000000000e+00,0.000000000000000000e+00,0.000000000000000000e+00,0.000000000000000000e+00,0.000000000000000000e+00,0.000000000000000000e+00,0.000000000000000000e+00,0.000000000000000000e+00,0.000000000000000000e+00,0.000000000000000000e+00
0.000000000000000000e+00,0.000000000000000000e+00,0.000000000000000000e+00,5.751899999999999791e-01,5.739699999999999802e-01,0.000000000000000000e+00,5.681899999999999729e-01,5.932500000000000551e-01,5.499399999999999844e-01,5.558699999999999752e-01,5.493700000000000250e-01,0.000000000000000000e+00,5.431799999999999962e-01,0.000000000000000000e+00,0.000000000000000000e+00,5.452299999999999924e-01,5.498300000000000409e-01,0.000000000000000000e+00,0.000000000000000000e+00,0.000000000000000000e+00,0.000000000000000000e+00,0.000000000000000000e+00,0.000000000000000000e+00,0.000000000000000000e+00,0.000000000000000000e+00,0.000000000000000000e+00,0.000000000000000000e+00,0.000000000000000000e+00,0.000000000000000000e+00,0.000000000000000000e+00,0.000000000000000000e+00,5.563700000000000312e-01,5.670399999999999885e-01,0.000000000000000000e+00,5.622099999999999875e-01,5.530399999999999761e-01,5.780899999999999928e-01,5.498800000000000354e-01,5.550399999999999778e-01,5.599800000000000333e-01,5.499500000000000499e-01,5.445400000000000240e-01,0.000000000000000000e+00,5.873300000000000187e-01,0.000000000000000000e+00,0.000000000000000000e+00,0.000000000000000000e+00,0.000000000000000000e+00,5.877499999999999947e-01,5.578100000000000280e-01,0.000000000000000000e+00,5.500399999999999734e-01,0.000000000000000000e+00,5.460099999999999953e-01,5.792500000000000426e-01,5.573099999999999721e-01,0.000000000000000000e+00,5.533099999999999685e-01,0.000000000000000000e+00,0.000000000000000000e+00,5.464900000000000313e-01,5.754799999999999915e-01,5.512899999999999467e-01,0.000000000000000000e+00,0.000000000000000000e+00,0.000000000000000000e+00,0.000000000000000000e+00,0.000000000000000000e+00,0.000000000000000000e+00,5.525499999999999856e-01,0.000000000000000000e+00,0.000000000000000000e+00,5.453400000000000469e-01,0.000000000000000000e+00,0.000000000000000000e+00,0.000000000000000000e+00
5.613500000000000156e-01,5.509500000000000508e-01,5.633700000000000374e-01,6.016599999999999726e-01,5.948299999999999699e-01,0.000000000000000000e+00,5.878400000000000292e-01,5.998400000000000398e-01,5.641100000000000003e-01,5.710600000000000120e-01,5.726200000000000179e-01,5.494200000000000195e-01,5.629300000000000415e-01,5.636100000000000554e-01,0.000000000000000000e+00,5.498300000000000409e-01,5.738999999999999657e-01,5.467899999999999983e-01,5.450000000000000400e-01,5.562200000000000477e-01,5.517300000000000537e-01,0.000000000000000000e+00,5.463200000000000278e-01,5.472200000000000397e-01,5.467100000000000293e-01,5.482299999999999951e-01,5.475400000000000267e-01,5.567199999999999926e-01,5.423400000000000443e-01,0.000000000000000000e+00,0.000000000000000000e+00,5.646700000000000053e-01,5.794500000000000206e-01,5.618800000000000461e-01,5.754500000000000171e-01,5.804200000000000470e-01,5.961300000000000487e-01,5.668999999999999595e-01,5.613599999999999701e-01,5.836599999999999566e-01,5.878299999999999637e-01,5.772300000000000209e-01,5.570399999999999796e-01,5.956000000000000183e-01,5.726900000000000324e-01,5.623899999999999455e-01,0.000000000000000000e+00,0.000000000000000000e+00,6.041499999999999648e-01,5.764500000000000179e-01,5.496299999999999519e-01,5.675900000000000389e-01,5.561700000000000532e-01,5.605200000000000182e-01,6.031800000000000495e-01,5.800999999999999490e-01,5.522700000000000387e-01,5.733099999999999863e-01,5.571000000000000396e-01,0.000000000000000000e+00,5.602399999999999602e-01,5.904000000000000359e-01,5.693000000000000282e-01,5.462000000000000188e-01,0.000000000000000000e+00,5.670399999999999885e-01,0.000000000000000000e+00,0.000000000000000000e+00,0.000000000000000000e+00,5.699699999999999767e-01,5.561700000000000532e-01,0.000000000000000000e+00,5.651800000000000157e-01,0.000000000000000000e+00,0.000000000000000000e+00,5.596299999999999608e-01
5.425999999999999712e-01,0.000000000000000000e+00,5.433999999999999941e-01,5.723200000000000509e-01,5.624900000000000455e-01,0.000000000000000000e+00,5.584000000000000075e-01,5.717100000000000515e-01,5.471399999999999597e-01,5.488899999999999890e-01,5.442799999999999860e-01,0.000000000000000000e+00,5.420800000000000063e-01,0.000000000000000000e+00,0.000000000000000000e+00,0.000000000000000000e+00,5.467899999999999983e-01,0.000000000000000000e+00,0.000000000000000000e+00,0.000000000000000000e+00,0.000000000000000000e+00,0.000000000000000000e+00,0.000000000000000000e+00,0.000000000000000000e+00,0.000000000000000000e+00,0.000000000000000000e+00,0.000000000000000000e+00,0.000000000000000000e+00,0.000000000000000000e+00,0.000000000000000000e+00,0.000000000000000000e+00,5.454099999999999504e-01,5.600300000000000278e-01,0.000000000000000000e+00,5.547699999999999854e-01,5.494599999999999485e-01,5.717299999999999605e-01,5.484599999999999476e-01,0.000000000000000000e+00,5.556299999999999573e-01,5.597999999999999643e-01,5.515600000000000502e-01,0.000000000000000000e+00,5.728400000000000158e-01,0.000000000000000000e+00,0.000000000000000000e+00,0.000000000000000000e+00,0.000000000000000000e+00,5.784500000000000197e-01,5.492899999999999450e-01,0.000000000000000000e+00,5.443999999999999950e-01,0.000000000000000000e+00,5.467199999999999838e-01,5.705500000000000016e-01,5.549800000000000288e-01,0.000000000000000000e+00,5.500899999999999679e-01,0.000000000000000000e+00,0.000000000000000000e+00,0.000000000000000000e+00,5.636700000000000044e-01,5.500199999999999534e-01,0.000000000000000000e+00,0.000000000000000000e+00,0.000000000000000000e+00,0.000000000000000000e+00,0.000000000000000000e+00,0.000000000000000000e+00,5.480399999999999716e-01,0.000000000000000000e+00,0.000000000000000000e+00,0.000000000000000000e+00,0.000000000000000000e+00,0.000000000000000000e+00,0.000000000000000000e+00
0.000000000000000000e+00,0.000000000000000000e+00,5.491500000000000270e-01,5.681300000000000239e-01,5.634900000000000464e-01,0.000000000000000000e+00,5.525099999999999456e-01,5.724399999999999489e-01,5.471300000000000052e-01,5.479800000000000226e-01,5.453999999999999959e-01,0.000000000000000000e+00,0.000000000000000000e+00,0.000000000000000000e+00,0.000000000000000000e+00,0.000000000000000000e+00,5.450000000000000400e-01,0.000000000000000000e+00,0.000000000000000000e+00,0.000000000000000000e+00,0.000000000000000000e+00,0.000000000000000000e+00,0.000000000000000000e+00,0.000000000000000000e+00,0.000000000000000000e+00,0.000000000000000000e+00,0.000000000000000000e+00,0.000000000000000000e+00,0.000000000000000000e+00,0.000000000000000000e+00,0.000000000000000000e+00,0.000000000000000000e+00,5.526499999999999746e-01,0.000000000000000000e+00,5.500800000000000134e-01,5.479399999999999826e-01,5.708100000000000396e-01,5.459600000000000009e-01,0.000000000000000000e+00,5.468699999999999672e-01,5.571199999999999486e-01,5.505499999999999838e-01,5.449300000000000255e-01,5.634000000000000119e-01,0.000000000000000000e+00,0.000000000000000000e+00,0.000000000000000000e+00,0.000000000000000000e+00,5.687499999999999778e-01,5.481800000000000006e-01,0.000000000000000000e+00,0.000000000000000000e+00,0.000000000000000000e+00,5.453500000000000014e-01,5.669899999999999940e-01,5.466800000000000548e-01,0.000000000000000000e+00,5.452500000000000124e-01,0.000000000000000000e+00,0.000000000000000000e+00,0.000000000000000000e+00,5.642599999999999838e-01,5.465400000000000258e-01,0.000000000000000000e+00,0.000000000000000000e+00,0.000000000000000000e+00,0.000000000000000000e+00,0.000000000000000000e+00,0.000000000000000000e+00,5.448800000000000310e-01,0.000000000000000000e+00,0.000000000000000000e+00,0.000000000000000000e+00,0.000000000000000000e+00,0.000000000000000000e+00,0.000000000000000000e+00
5.525499999999999856e-01,5.421300000000000008e-01,5.592399999999999594e-01,5.799299999999999455e-01,5.741399999999999837e-01,0.000000000000000000e+00,5.688999999999999613e-01,5.859799999999999454e-01,5.597100000000000408e-01,5.594900000000000428e-01,5.527199999999999891e-01,0.000000000000000000e+00,5.471000000000000307e-01,5.425999999999999712e-01,0.000000000000000000e+00,0.000000000000000000e+00,5.562200000000000477e-01,0.000000000000000000e+00,0.000000000000000000e+00,5.588899999999999979e-01,0.000000000000000000e+00,0.000000000000000000e+00,0.000000000000000000e+00,0.000000000000000000e+00,0.000000000000000000e+00,5.428699999999999637e-01,5.460599999999999898e-01,5.449800000000000200e-01,5.420700000000000518e-01,0.000000000000000000e+00,0.000000000000000000e+00,5.546100000000000474e-01,5.706200000000000161e-01,5.500399999999999734e-01,5.672700000000000520e-01,5.528600000000000181e-01,5.842399999999999816e-01,5.590500000000000469e-01,5.488100000000000200e-01,5.691899999999999737e-01,5.763300000000000090e-01,5.635099999999999554e-01,5.440199999999999481e-01,5.809600000000000319e-01,5.535099999999999465e-01,5.493700000000000250e-01,0.000000000000000000e+00,0.000000000000000000e+00,5.861600000000000144e-01,5.592200000000000504e-01,5.511500000000000288e-01,5.502700000000000369e-01,5.483799999999999786e-01,5.589199999999999724e-01,5.813300000000000134e-01,5.633500000000000174e-01,0.000000000000000000e+00,5.572700000000000431e-01,0.000000000000000000e+00,5.423099999999999588e-01,5.494700000000000140e-01,5.736999999999999877e-01,5.610399999999999832e-01,5.465999999999999748e-01,0.000000000000000000e+00,5.479399999999999826e-01,0.000000000000000000e+00,0.000000000000000000e+00,0.000000000000000000e+00,5.595799999999999663e-01,5.477400000000000047e-01,0.000000000000000000e+00,5.492899999999999450e-01,0.000000000000000000e+00,0.000000000000000000e+00,5.448800000000000310e-01
5.452500000000000124e-01,0.000000000000000000e+00,0.000000000000000000e+00,5.748699999999999921e-01,5.706200000000000161e-01,0.000000000000000000e+00,5.676799999999999624e-01,5.892699999999999605e-01,0.000000000000000000e+00,5.566499999999999782e-01,5.508999999999999453e-01,5.484599999999999476e-01,5.471700000000000452e-01,0.000000000000000000e+00,0.000000000000000000e+00,0.000000000000000000e+00,5.517300000000000537e-01,0.000000000000000000e+00,0.000000000000000000e+00,0.000000000000000000e+00,5.661300000000000221e-01,0.000000000000000000e+00,0.000000000000000000e+00,5.569399999999999906e-01,0.000000000000000000e+00,5.452700000000000324e-01,0.000000000000000000e+00,0.000000000000000000e+00,0.000000000000000000e+00,0.000000000000000000e+00,0.000000000000000000e+00,5.567699999999999871e-01,5.764000000000000234e-01,5.471200000000000507e-01,5.795400000000000551e-01,5.453400000000000469e-01,5.717799999999999550e-01,5.628199999999999870e-01,5.524799999999999711e-01,5.798799999999999510e-01,5.569499999999999451e-01,5.596900000000000208e-01,0.000000000000000000e+00,5.740899999999999892e-01,0.000000000000000000e+00,0.000000000000000000e+00,0.000000000000000000e+00,0.000000000000000000e+00,5.845900000000000540e-01,5.592700000000000449e-01,0.000000000000000000e+00,5.505700000000000038e-01,5.461200000000000498e-01,5.448800000000000310e-01,5.733700000000000463e-01,5.602099999999999858e-01,5.532899999999999485e-01,5.543700000000000294e-01,0.000000000000000000e+00,0.000000000000000000e+00,0.000000000000000000e+00,5.588199999999999834e-01,0.000000000000000000e+00,0.000000000000000000e+00,0.000000000000000000e+00,5.599600000000000133e-01,0.000000000000000000e+00,0.000000000000000000e+00,0.000000000000000000e+00,5.449899999999999745e-01,0.000000000000000000e+00,0.000000000000000000e+00,5.459399999999999809e-01,0.000000000000000000e+00,0.000000000000000000e+00,5.479399999999999826e-01
