5.681100000000000039e-01,0.000000000000000000e+00,0.000000000000000000e+00,5.497699999999999809e-01,5.487600000000000255e-01,5.451799999999999979e-01,5.601300000000000168e-01,5.888900000000000245e-01,0.000000000000000000e+00,5.459500000000000464e-01,5.576799999999999535e-01,0.000000000000000000e+00,5.602000000000000313e-01,5.494299999999999740e-01,0.000000000000000000e+00,0.000000000000000000e+00,5.510899999999999688e-01,5.463599999999999568e-01,0.000000000000000000e+00,0.000000000000000000e+00,5.756999999999999895e-01,0.000000000000000000e+00,5.425200000000000022e-01,0.000000000000000000e+00,5.455600000000000449e-01,0.000000000000000000e+00,0.000000000000000000e+00,0.000000000000000000e+00,0.000000000000000000e+00,0.000000000000000000e+00,0.000000000000000000e+00,5.701699999999999546e-01,5.515700000000000047e-01,5.486799999999999455e-01,5.448399999999999910e-01,5.637699999999999934e-01,0.000000000000000000e+00,0.000000000000000000e+00,5.703099999999999836e-01,5.734299999999999953e-01,5.451300000000000034e-01,5.782100000000000017e-01,5.541199999999999459e-01,5.694099999999999717e-01,5.687699999999999978e-01,5.446800000000000530e-01,0.000000000000000000e+00,0.000000000000000000e+00,5.808299999999999574e-01,5.602300000000000058e-01,5.448199999999999710e-01,5.669199999999999795e-01,0.000000000000000000e+00,5.546299999999999564e-01,5.435699999999999976e-01,5.422299999999999898e-01,0.000000000000000000e+00,5.673700000000000410e-01,5.516299999999999537e-01,0.000000000000000000e+00,0.000000000000000000e+00,0.000000000000000000e+00,0.000000000000000000e+00,0.000000000000000000e+00,0.000000000000000000e+00,0.000000000000000000e+00,0.000000000000000000e+00,0.000000000000000000e+00,0.000000000000000000e+00,0.000000000000000000e+00,0.000000000000000000e+00,0.000000000000000000e+00,5.485600000000000476e-01,0.000000000000000000e+00,0.000000000000000000e+00,0.000000000000000000e+00
0.000000000000000000e+00,0.000000000000000000e+00,0.000000000000000000e+00,0.000000000000000000e+00,0.000000000000000000e+00,0.000000000000000000e+00,5.471200000000000507e-01,5.533799999999999830e-01,0.000000000000000000e+00,0.000000000000000000e+00,0.000000000000000000e+00,0.000000000000000000e+00,5.485100000000000531e-01,0.000000000000000000e+00,0.000000000000000000e+00,0.000000000000000000e+00,5.436199999999999921e-01,0.000000000000000000e+00,0.000000000000000000e+00,0.000000000000000000e+00,5.448199999999999710e-01,0.000000000000000000e+00,0.000000000000000000e+00,0.000000000000000000e+00,0.000000000000000000e+00,0.000000000000000000e+00,0.000000000000000000e+00,0.000000000000000000e+00,0.000000000000000000e+00,0.000000000000000000e+00,0.000000000000000000e+00,5.606200000000000072e-01,5.599199999999999733e-01,0.000000000000000000e+00,0.000000000000000000e+00,5.492099999999999760e-01,0.000000000000000000e+00,0.000000000000000000e+00,5.562200000000000477e-01,5.563799999999999857e-01,0.000000000000000000e+00,5.423599999999999532e-01,5.629800000000000360e-01,5.771600000000000064e-01,0.000000000000000000e+00,0.000000000000000000e+00,0.000000000000000000e+00,0.000000000000000000e+00,5.747299999999999631e-01,5.511200000000000543e-01,0.000000000000000000e+00,5.597800000000000553e-01,0.000000000000000000e+00,5.453799999999999759e-01,0.000000000000000000e+00,0.000000000000000000e+00,0.000000000000000000e+00,5.519899999999999807e-01,5.509899999999999798e-01,0.000000000000000000e+00,0.000000000000000000e+00,0.000000000000000000e+00,0.000000000000000000e+00,0.000000000000000000e+00,0.000000000000000000e+00,0.000000000000000000e+00,0.000000000000000000e+00,0.000000000000000000e+00,0.000000000000000000e+00,0.000000000000000000e+00,0.000000000000000000e+00,0.000000000000000000e+00,0.000000000000000000e+00,0.000000000000000000e+00,0.000000000000000000e+00,0.000000000000000000e+00
0.000000000000000000e+00,0.000000000000000000e+00,0.000000000000000000e+00,0.000000000000000000e+00,0.000000000000000000e+00,0.000000000000000000e+00,0.000000000000000000e+00,0.000000000000000000e+00,0.000000000000000000e+00,0.000000000000000000e+00,0.000000000000000000e+00,0.000000000000000000e+00,0.000000000000000000e+00,0.000000000000000000e+00,0.000000000000000000e+00,0.000000000000000000e+00,0.000000000000000000e+00,0.000000000000000000e+00,0.000000000000000000e+00,0.000000000000000000e+00,0.000000000000000000e+00,0.000000000000000000e+00,0.000000000000000000e+00,0.000000000000000000e+00,0.000000000000000000e+00,0.000000000000000000e+00,0.000000000000000000e+00,0.000000000000000000e+00,0.000000000000000000e+00,0.000000000000000000e+00,0.000000000000000000e+00,5.425299999999999567e-01,5.441399999999999570e-01,0.000000000000000000e+00,0.000000000000000000e+00,5.494400000000000395e-01,0.000000000000000000e+00,0.000000000000000000e+00,0.000000000000000000e+00,5.524499999999999966e-01,0.000000000000000000e+00,5.490800000000000125e-01,5.543099999999999694e-01,5.584099999999999620e-01,5.435699999999999976e-01,0.000000000000000000e+00,0.000000000000000000e+00,0.000000000000000000e+00,5.626299999999999635e-01,0.000000000000000000e+00,0.000000000000000000e+00,5.468199999999999728e-01,0.000000000000000000e+00,0.000000000000000000e+00,0.000000000000000000e+00,0.000000000000000000e+00,0.000000000000000000e+00,0.000000000000000000e+00,0.000000000000000000e+00,0.000000000000000000e+00,0.000000000000000000e+00,0.000000000000000000e+00,0.000000000000000000e+00,0.000000000000000000e+00,0.000000000000000000e+00,0.000000000000000000e+00,0.000000000000000000e+00,0.000000000000000000e+00,0.000000000000000000e+00,0.000000000000000000e+00,0.000000000000000000e+00,0.000000000000000000e+00,0.000000000000000000e+00,0.000000000000000000e+00,0.000000000000000000e+00,0.000000000000000000e+00
5.497699999999999809e-01,0.000000000000000000e+00,0.000000000000000000e+00,5.601699999999999458e-01,5.504099999999999548e-01,5.496900000000000119e-01,5.599699999999999678e-01,5.607600000000000362e-01,0.000000000000000000e+00,5.425200000000000022e-01,5.490699999999999470e-01,0.000000000000000000e+00,5.638499999999999623e-01,0.000000000000000000e+00,0.000000000000000000e+00,0.000000000000000000e+00,0.000000000000000000e+00,5.436600000000000321e-01,0.000000000000000000e+00,0.000000000000000000e+00,5.559399999999999897e-01,0.000000000000000000e+00,0.000000000000000000e+00,0.000000000000000000e+00,5.508499999999999508e-01,0.000000000000000000e+00,0.000000000000000000e+00,5.466999999999999638e-01,0.000000000000000000e+00,0.000000000000000000e+00,0.000000000000000000e+00,5.880100000000000326e-01,5.783300000000000107e-01,5.483099999999999641e-01,5.552399999999999558e-01,5.598600000000000243e-01,5.578400000000000025e-01,5.422299999999999898e-01,5.761199999999999655e-01,5.828699999999999992e-01,5.587299999999999489e-01,5.777499999999999858e-01,5.651300000000000212e-01,5.929200000000000026e-01,5.636299999999999644e-01,0.000000000000000000e+00,0.000000000000000000e+00,0.000000000000000000e+00,5.992100000000000204e-01,5.701699999999999546e-01,5.475200000000000067e-01,5.752500000000000391e-01,0.000000000000000000e+00,5.594500000000000028e-01,5.448399999999999910e-01,5.467699999999999783e-01,5.432099999999999707e-01,5.666200000000000125e-01,5.536699999999999955e-01,0.000000000000000000e+00,0.000000000000000000e+00,0.000000000000000000e+00,5.500199999999999534e-01,0.000000000000000000e+00,0.000000000000000000e+00,0.000000000000000000e+00,0.000000000000000000e+00,0.000000000000000000e+00,0.000000000000000000e+00,5.479800000000000226e-01,0.000000000000000000e+00,0.000000000000000000e+00,5.472200000000000397e-01,0.000000000000000000e+00,0.000000000000000000e+00,0.000000000000000000e+00
5.487600000000000255e-01,0.000000000000000000e+00,0.000000000000000000e+00,5.504099999999999548e-01,5.463900000000000423e-01,5.435299999999999576e-01,5.580199999999999605e-01,5.667600000000000415e-01,0.000000000000000000e+00,5.461399999999999588e-01,5.511200000000000543e-01,0.000000000000000000e+00,5.599600000000000133e-01,5.423299999999999788e-01,0.000000000000000000e+00,0.000000000000000000e+00,5.450500000000000345e-01,0.000000000000000000e+00,0.000000000000000000e+00,0.000000000000000000e+00,5.571599999999999886e-01,0.000000000000000000e+00,0.000000000000000000e+00,0.000000000000000000e+00,0.000000000000000000e+00,0.000000000000000000e+00,0.000000000000000000e+00,5.442900000000000515e-01,0.000000000000000000e+00,0.000000000000000000e+00,0.000000000000000000e+00,5.778799999999999493e-01,5.685400000000000453e-01,0.000000000000000000e+00,5.477199999999999847e-01,5.595400000000000373e-01,5.472599999999999687e-01,0.000000000000000000e+00,5.762599999999999945e-01,5.692599999999999882e-01,5.467600000000000238e-01,5.689300000000000468e-01,5.707999999999999741e-01,5.934099999999999930e-01,5.568800000000000416e-01,0.000000000000000000e+00,0.000000000000000000e+00,0.000000000000000000e+00,5.916099999999999692e-01,5.681000000000000494e-01,0.000000000000000000e+00,5.691599999999999993e-01,0.000000000000000000e+00,5.540199999999999569e-01,5.463799999999999768e-01,5.424799999999999622e-01,0.000000000000000000e+00,5.608199999999999852e-01,5.593099999999999739e-01,0.000000000000000000e+00,0.000000000000000000e+00,5.460599999999999898e-01,0.000000000000000000e+00,0.000000000000000000e+00,0.000000000000000000e+00,0.000000000000000000e+00,0.000000000000000000e+00,0.000000000000000000e+00,0.000000000000000000e+00,5.422900000000000498e-01,0.000000000000000000e+00,0.000000000000000000e+00,5.443999999999999950e-01,0.000000000000000000e+00,0.000000000000000000e+00,0.000000000000000000e+00
5.451799999999999979e-01,0.000000000000000000e+00,0.000000000000000000e+00,5.496900000000000119e-01,5.435299999999999576e-01,5.467600000000000238e-01,5.606100000000000527e-01,5.616700000000000026e-01,0.000000000000000000e+00,5.464599999999999458e-01,5.450700000000000545e-01,0.000000000000000000e+00,5.614099999999999646e-01,5.433400000000000452e-01,0.000000000000000000e+00,0.000000000000000000e+00,5.446999999999999620e-01,5.449199999999999600e-01,0.000000000000000000e+00,0.000000000000000000e+00,5.503500000000000059e-01,0.000000000000000000e+00,0.000000000000000000e+00,0.000000000000000000e+00,5.455900000000000194e-01,0.000000000000000000e+00,0.000000000000000000e+00,5.450700000000000545e-01,0.000000000000000000e+00,0.000000000000000000e+00,0.000000000000000000e+00,5.732300000000000173e-01,5.736099999999999532e-01,5.429699999999999527e-01,5.464700000000000113e-01,5.616100000000000536e-01,5.478199999999999736e-01,0.000000000000000000e+00,5.640600000000000058e-01,5.756099999999999550e-01,5.462099999999999733e-01,5.592500000000000249e-01,5.713799999999999990e-01,5.861199999999999743e-01,5.604500000000000037e-01,0.000000000000000000e+00,0.000000000000000000e+00,0.000000000000000000e+00,5.869799999999999462e-01,5.580000000000000515e-01,5.500599999999999934e-01,5.692199999999999482e-01,0.000000000000000000e+00,5.586900000000000199e-01,0.000000000000000000e+00,0.000000000000000000e+00,0.000000000000000000e+00,5.606499999999999817e-01,5.593099999999999739e-01,0.000000000000000000e+00,0.000000000000000000e+00,0.000000000000000000e+00,5.422000000000000153e-01,0.000000000000000000e+00,0.000000000000000000e+00,0.000000000000000000e+00,0.000000000000000000e+00,0.000000000000000000e+00,0.000000000000000000e+00,5.434799999999999631e-01,0.000000000000000000e+00,0.000000000000000000e+00,5.486799999999999455e-01,0.000000000000000000e+00,0.000000000000000000e+00,0.000000000000000000e+00
5.601300000000000168e-01,5.471200000000000507e-01,0.000000000000000000e+00,5.599699999999999678e-01,5.580199999999999605e-01,5.606100000000000527e-01,5.753000000000000336e-01,5.751500000000000501e-01,5.476499999999999702e-01,5.622800000000000020e-01,5.634500000000000064e-01,0.000000000000000000e+00,5.770300000000000429e-01,5.548999999999999488e-01,0.000000000000000000e+00,0.000000000000000000e+00,5.646700000000000053e-01,5.591199999999999504e-01,0.000000000000000000e+00,0.000000000000000000e+00,5.697299999999999587e-01,0.000000000000000000e+00,0.000000000000000000e+00,0.000000000000000000e+00,5.576799999999999535e-01,0.000000000000000000e+00,0.000000000000000000e+00,5.599899999999999878e-01,5.460899999999999643e-01,0.000000000000000000e+00,5.433499999999999996e-01,5.982100000000000195e-01,5.868100000000000538e-01,5.553900000000000503e-01,5.594500000000000028e-01,5.778200000000000003e-01,5.581300000000000150e-01,0.000000000000000000e+00,5.943000000000000504e-01,5.905899999999999483e-01,5.638999999999999568e-01,5.826799999999999757e-01,5.886799999999999811e-01,6.092300000000000493e-01,5.821699999999999653e-01,5.476100000000000412e-01,0.000000000000000000e+00,0.000000000000000000e+00,6.121600000000000374e-01,5.772800000000000153e-01,5.578699999999999770e-01,5.872399999999999842e-01,5.473500000000000032e-01,5.722099999999999964e-01,5.589800000000000324e-01,5.526400000000000201e-01,5.429699999999999527e-01,5.791300000000000336e-01,5.720399999999999929e-01,5.426699999999999857e-01,5.476299999999999502e-01,5.555600000000000538e-01,5.532099999999999795e-01,5.467800000000000438e-01,0.000000000000000000e+00,0.000000000000000000e+00,0.000000000000000000e+00,5.472399999999999487e-01,0.000000000000000000e+00,5.573099999999999721e-01,0.000000000000000000e+00,0.000000000000000000e+00,5.615299999999999736e-01,0.000000000000000000e+00,0.000000000000000000e+00,5.488600000000000145e-01
5.888900000000000245e-01,5.533799999999999830e-01,0.000000000000000000e+00,5.607600000000000362e-01,5.667600000000000415e-01,5.616700000000000026e-01,5.751500000000000501e-01,6.049499999999999877e-01,5.470800000000000107e-01,5.613599999999999701e-01,5.674799999999999844e-01,0.000000000000000000e+00,5.732599999999999918e-01,5.533500000000000085e-01,0.000000000000000000e+00,5.461300000000000043e-01,5.736999999999999877e-01,5.622000000000000330e-01,0.000000000000000000e+00,0.000000000000000000e+00,5.849400000000000155e-01,0.000000000000000000e+00,5.520199999999999552e-01,0.000000000000000000e+00,5.611899999999999666e-01,5.427300000000000457e-01,5.440500000000000336e-01,5.566699999999999982e-01,5.471300000000000052e-01,0.000000000000000000e+00,5.484499999999999931e-01,6.009999999999999787e-01,6.027099999999999680e-01,5.634099999999999664e-01,5.558499999999999552e-01,5.714500000000000135e-01,5.664400000000000546e-01,5.510599999999999943e-01,6.036000000000000254e-01,5.875000000000000222e-01,5.631599999999999939e-01,5.817799999999999638e-01,5.956500000000000128e-01,6.233300000000000507e-01,5.843800000000000106e-01,5.689899999999999958e-01,0.000000000000000000e+00,0.000000000000000000e+00,6.179400000000000448e-01,5.883399999999999741e-01,5.649399999999999977e-01,5.894700000000000495e-01,5.542799999999999949e-01,5.740199999999999747e-01,5.568600000000000216e-01,5.574299999999999811e-01,5.544000000000000039e-01,5.813300000000000134e-01,5.841199999999999726e-01,5.525499999999999856e-01,5.567299999999999471e-01,5.524499999999999966e-01,5.528399999999999981e-01,0.000000000000000000e+00,0.000000000000000000e+00,5.485799999999999566e-01,0.000000000000000000e+00,5.530699999999999505e-01,0.000000000000000000e+00,5.579800000000000315e-01,5.469899999999999762e-01,0.000000000000000000e+00,5.649899999999999922e-01,0.000000000000000000e+00,0.000000000000000000e+00,5.499600000000000044e-01
0.000000000000000000e+00,0.000000000000000000e+00,0.000000000000000000e+00,0.000000000000000000e+00,0.000000000000000000e+00,0.000000000000000000e+00,5.476499999999999702e-01,5.470800000000000107e-01,0.000000000000000000e+00,0.000000000000000000e+00,0.000000000000000000e+00,0.000000000000000000e+00,5.501399999999999624e-01,0.000000000000000000e+00,0.000000000000000000e+00,0.000000000000000000e+00,0.000000000000000000e+00,0.000000000000000000e+00,0.000000000000000000e+00,0.000000000000000000e+00,0.000000000000000000e+00,0.000000000000000000e+00,0.000000000000000000e+00,0.000000000000000000e+00,0.000000000000000000e+00,0.000000000000000000e+00,0.000000000000000000e+00,0.000000000000000000e+00,0.000000000000000000e+00,0.000000000000000000e+00,0.000000000000000000e+00,5.513599999999999612e-01,5.517400000000000082e-01,0.000000000000000000e+00,0.000000000000000000e+00,5.463799999999999768e-01,0.000000000000000000e+00,0.000000000000000000e+00,5.458499999999999464e-01,5.602700000000000458e-01,0.000000000000000000e+00,5.456100000000000394e-01,5.521200000000000552e-01,5.686200000000000143e-01,5.425499999999999767e-01,0.000000000000000000e+00,0.000000000000000000e+00,0.000000000000000000e+00,5.653700000000000392e-01,0.000000000000000000e+00,0.000000000000000000e+00,5.554099999999999593e-01,0.000000000000000000e+00,5.491000000000000325e-01,0.000000000000000000e+00,0.000000000000000000e+00,0.000000000000000000e+00,5.501800000000000024e-01,5.431200000000000472e-01,0.000000000000000000e+00,0.000000000000000000e+00,0.000000000000000000e+00,0.000000000000000000e+00,0.000000000000000000e+00,0.000000000000000000e+00,0.000000000000000000e+00,0.000000000000000000e+00,0.000000000000000000e+00,0.000000000000000000e+00,0.000000000000000000e+00,0.000000000000000000e+00,0.000000000000000000e+00,0.000000000000000000e+00,0.000000000000000000e+00,0.000000000000000000e+00,0.000000000000000000e+00
5.459500000000000464e-01,0.000000000000000000e+00,0.000000000000000000e+00,5.425200000000000022e-01,5.461399999999999588e-01,5.464599999999999458e-01,5.622800000000000020e-01,5.613599999999999701e-01,0.000000000000000000e+00,5.571500000000000341e-01,5.560300000000000242e-01,0.000000000000000000e+00,5.589199999999999724e-01,5.549399999999999888e-01,0.000000000000000000e+00,0.000000000000000000e+00,5.587499999999999689e-01,5.444299999999999695e-01,0.000000000000000000e+00,0.000000000000000000e+00,5.565200000000000147e-01,0.000000000000000000e+00,0.000000000000000000e+00,0.000000000000000000e+00,0.000000000000000000e+00,0.000000000000000000e+00,0.000000000000000000e+00,5.481300000000000061e-01,0.000000000000000000e+00,0.000000000000000000e+00,0.000000000000000000e+00,5.690300000000000358e-01,5.657600000000000406e-01,5.472700000000000342e-01,0.000000000000000000e+00,5.754500000000000171e-01,5.423700000000000188e-01,0.000000000000000000e+00,5.622099999999999875e-01,5.733899999999999553e-01,5.481399999999999606e-01,5.580100000000000060e-01,5.811199999999999699e-01,5.872300000000000297e-01,5.520100000000000007e-01,0.000000000000000000e+00,0.000000000000000000e+00,0.000000000000000000e+00,5.950199999999999934e-01,5.686400000000000343e-01,0.000000000000000000e+00,5.720499999999999474e-01,0.000000000000000000e+00,5.563099999999999712e-01,5.506900000000000128e-01,0.000000000000000000e+00,0.000000000000000000e+00,5.636600000000000499e-01,5.674000000000000155e-01,0.000000000000000000e+00,0.000000000000000000e+00,5.475600000000000467e-01,0.000000000000000000e+00,0.000000000000000000e+00,0.000000000000000000e+00,0.000000000000000000e+00,0.000000000000000000e+00,0.000000000000000000e+00,0.000000000000000000e+00,0.000000000000000000e+00,0.000000000000000000e+00,0.000000000000000000e+00,5.496799999999999464e-01,0.000000000000000000e+00,0.000000000000000000e+00,0.000000000000000000e+00
5.576799999999999535e-01,0.000000000000000000e+00,0.000000000000000000e+00,5.490699999999999470e-01,5.511200000000000543e-01,5.450700000000000545e-01,5.634500000000000064e-01,5.674799999999999844e-01,0.000000000000000000e+00,5.560300000000000242e-01,5.557600000000000318e-01,0.000000000000000000e+00,5.609399999999999942e-01,5.498300000000000409e-01,0.000000000000000000e+00,0.000000000000000000e+00,5.606999999999999762e-01,5.453500000000000014e-01,0.000000000000000000e+00,0.000000000000000000e+00,5.604099999999999637e-01,0.000000000000000000e+00,0.000000000000000000e+00,0.000000000000000000e+00,5.439500000000000446e-01,0.000000000000000000e+00,0.000000000000000000e+00,5.466100000000000403e-01,0.000000000000000000e+00,0.000000000000000000e+00,0.000000000000000000e+00,5.768199999999999994e-01,5.745599999999999596e-01,5.534599999999999520e-01,5.496499999999999719e-01,5.718100000000000405e-01,5.467499999999999583e-01,0.000000000000000000e+00,5.679899999999999949e-01,5.740199999999999747e-01,5.521000000000000352e-01,5.653099999999999792e-01,5.809299999999999464e-01,5.929400000000000226e-01,5.664700000000000291e-01,5.448699999999999655e-01,0.000000000000000000e+00,0.000000000000000000e+00,5.964300000000000157e-01,5.725500000000000034e-01,5.470099999999999962e-01,5.727299999999999613e-01,0.000000000000000000e+00,5.604400000000000492e-01,5.468100000000000183e-01,5.444400000000000350e-01,0.000000000000000000e+00,5.643799999999999928e-01,5.677699999999999969e-01,0.000000000000000000e+00,0.000000000000000000e+00,0.000000000000000000e+00,0.000000000000000000e+00,0.000000000000000000e+00,0.000000000000000000e+00,0.000000000000000000e+00,0.000000000000000000e+00,0.000000000000000000e+00,0.000000000000000000e+00,5.436699999999999866e-01,0.000000000000000000e+00,0.000000000000000000e+00,5.505200000000000093e-01,0.000000000000000000e+00,0.000000000000000000e+00,0.000000000000000000e+00
0.000000000000000000e+00,0.000000000000000000e+00,0.000000000000000000e+00,0.000000000000000000e+00,0.000000000000000000e+00,0.000000000000000000e+00,0.000000000000000000e+00,0.000000000000000000e+00,0.000000000000000000e+00,0.000000000000000000e+00,0.000000000000000000e+00,0.000000000000000000e+00,0.000000000000000000e+00,0.000000000000000000e+00,0.000000000000000000e+00,0.000000000000000000e+00,0.000000000000000000e+00,0.000000000000000000e+00,0.000000000000000000e+00,0.000000000000000000e+00,0.000000000000000000e+00,0.000000000000000000e+00,0.000000000000000000e+00,0.000000000000000000e+00,0.000000000000000000e+00,0.000000000000000000e+00,0.000000000000000000e+00,0.000000000000000000e+00,0.000000000000000000e+00,0.000000000000000000e+00,0.000000000000000000e+00,5.478399999999999936e-01,5.454799999999999649e-01,0.000000000000000000e+00,0.000000000000000000e+00,0.000000000000000000e+00,0.000000000000000000e+00,0.000000000000000000e+00,0.000000000000000000e+00,5.507199999999999873e-01,0.000000000000000000e+00,0.000000000000000000e+00,5.441200000000000481e-01,5.564200000000000257e-01,0.000000000000000000e+00,0.000000000000000000e+00,0.000000000000000000e+00,0.000000000000000000e+00,5.681000000000000494e-01,5.512399999999999523e-01,0.000000000000000000e+00,5.442299999999999915e-01,0.000000000000000000e+00,0.000000000000000000e+00,0.000000000000000000e+00,0.000000000000000000e+00,0.000000000000000000e+00,0.000000000000000000e+00,0.000000000000000000e+00,0.000000000000000000e+00,0.000000000000000000e+00,0.000000000000000000e+00,0.000000000000000000e+00,0.000000000000000000e+00,0.000000000000000000e+00,0.000000000000000000e+00,0.000000000000000000e+00,0.000000000000000000e+00,0.000000000000000000e+00,0.000000000000000000e+00,0.000000000000000000e+00,0.000000000000000000e+00,0.000000000000000000e+00,0.000000000000000000e+00,0.000000000000000000e+00,0.000000000000000000e+00
5.602000000000000313e-01,5.485100000000000531e-01,0.000000000000000000e+00,5.638600000000000279e-01,5.599600000000000133e-01,5.614099999999999646e-01,5.770300000000000429e-01,5.732599999999999918e-01,5.501399999999999624e-01,5.589199999999999724e-01,5.609399999999999942e-01,0.000000000000000000e+00,5.798900000000000166e-01,5.540100000000000025e-01,0.000000000000000000e+00,0.000000000000000000e+00,5.593599999999999683e-01,5.611000000000000432e-01,0.000000000000000000e+00,0.000000000000000000e+00,5.708100000000000396e-01,0.000000000000000000e+00,0.000000000000000000e+00,0.000000000000000000e+00,5.607999999999999652e-01,0.000000000000000000e+00,5.427999999999999492e-01,5.608899999999999997e-01,5.479899999999999771e-01,0.000000000000000000e+00,5.427999999999999492e-01,5.983399999999999830e-01,5.871699999999999697e-01,5.519600000000000062e-01,5.612000000000000322e-01,5.732399999999999718e-01,5.608800000000000452e-01,0.000000000000000000e+00,5.935700000000000420e-01,5.924199999999999466e-01,5.605999999999999872e-01,5.823000000000000398e-01,5.869299999999999518e-01,6.115699999999999470e-01,5.782399999999999762e-01,5.445299999999999585e-01,0.000000000000000000e+00,0.000000000000000000e+00,6.104600000000000026e-01,5.755799999999999805e-01,5.595999999999999863e-01,5.887299999999999756e-01,5.467499999999999583e-01,5.726999999999999869e-01,5.581500000000000350e-01,5.529100000000000126e-01,5.424299999999999677e-01,5.796000000000000041e-01,5.700399999999999912e-01,0.000000000000000000e+00,5.485700000000000021e-01,5.569100000000000161e-01,5.591199999999999504e-01,5.465100000000000513e-01,0.000000000000000000e+00,0.000000000000000000e+00,0.000000000000000000e+00,5.479100000000000081e-01,0.000000000000000000e+00,5.598400000000000043e-01,0.000000000000000000e+00,0.000000000000000000e+00,5.632599999999999829e-01,0.000000000000000000e+00,0.000000000000000000e+00,5.493799999999999795e-01
5.494299999999999740e-01,0.000000000000000000e+00,0.000000000000000000e+00,0.000000000000000000e+00,5.423299999999999788e-01,5.433400000000000452e-01,5.548999999999999488e-01,5.533500000000000085e-01,0.000000000000000000e+00,5.549399999999999888e-01,5.498300000000000409e-01,0.000000000000000000e+00,5.540100000000000025e-01,5.460599999999999898e-01,0.000000000000000000e+00,0.000000000000000000e+00,5.622700000000000475e-01,0.000000000000000000e+00,0.000000000000000000e+00,0.000000000000000000e+00,5.520000000000000462e-01,0.000000000000000000e+00,0.000000000000000000e+00,0.000000000000000000e+00,0.000000000000000000e+00,0.000000000000000000e+00,0.000000000000000000e+00,5.439899999999999736e-01,0.000000000000000000e+00,0.000000000000000000e+00,0.000000000000000000e+00,5.668800000000000505e-01,5.745200000000000307e-01,5.430700000000000527e-01,0.000000000000000000e+00,5.629300000000000415e-01,0.000000000000000000e+00,0.000000000000000000e+00,5.670500000000000540e-01,5.603099999999999747e-01,5.455299999999999594e-01,5.613700000000000356e-01,5.825799999999999867e-01,5.917599999999999527e-01,5.614799999999999791e-01,0.000000000000000000e+00,0.000000000000000000e+00,0.000000000000000000e+00,5.899299999999999544e-01,5.635900000000000354e-01,0.000000000000000000e+00,5.658400000000000096e-01,0.000000000000000000e+00,5.570500000000000451e-01,5.507800000000000473e-01,0.000000000000000000e+00,0.000000000000000000e+00,5.585200000000000164e-01,5.640899999999999803e-01,0.000000000000000000e+00,0.000000000000000000e+00,0.000000000000000000e+00,0.000000000000000000e+00,0.000000000000000000e+00,0.000000000000000000e+00,0.000000000000000000e+00,0.000000000000000000e+00,0.000000000000000000e+00,0.000000000000000000e+00,0.000000000000000000e+00,0.000000000000000000e+00,0.000000000000000000e+00,5.433000000000000052e-01,0.000000000000000000e+00,0.000000000000000000e+00,0.000000000000000000e+00
0.000000000000000000e+00,0.000000000000000000e+00,0.000000000000000000e+00,0.000000000000000000e+00,0.000000000000000000e+00,0.000000000000000000e+00,0.000000000000000000e+00,0.000000000000000000e+00,0.000000000000000000e+00,0.000000000000000000e+00,0.000000000000000000e+00,0.000000000000000000e+00,0.000000000000000000e+00,0.000000000000000000e+00,0.000000000000000000e+00,0.000000000000000000e+00,0.000000000000000000e+00,0.000000000000000000e+00,0.000000000000000000e+00,0.000000000000000000e+00,0.000000000000000000e+00,0.000000000000000000e+00,0.000000000000000000e+00,0.000000000000000000e+00,0.000000000000000000e+00,0.000000000000000000e+00,0.000000000000000000e+00,0.000000000000000000e+00,0.000000000000000000e+00,0.000000000000000000e+00,0.000000000000000000e+00,0.000000000000000000e+00,0.000000000000000000e+00,0.000000000000000000e+00,0.000000000000000000e+00,0.000000000000000000e+00,0.000000000000000000e+00,0.000000000000000000e+00,0.000000000000000000e+00,0.000000000000000000e+00,0.000000000000000000e+00,0.000000000000000000e+00,0.000000000000000000e+00,0.000000000000000000e+00,0.000000000000000000e+00,0.000000000000000000e+00,0.000000000000000000e+00,0.000000000000000000e+00,5.477100000000000302e-01,0.000000000000000000e+00,0.000000000000000000e+00,0.000000000000000000e+00,0.000000000000000000e+00,0.000000000000000000e+00,0.000000000000000000e+00,0.000000000000000000e+00,0.000000000000000000e+00,0.000000000000000000e+00,0.000000000000000000e+00,0.000000000000000000e+00,0.000000000000000000e+00,0.000000000000000000e+00,0.000000000000000000e+00,0.000000000000000000e+00,0.000000000000000000e+00,0.000000000000000000e+00,0.000000000000000000e+00,0.000000000000000000e+00,0.000000000000000000e+00,0.000000000000000000e+00,0.000000000000000000e+00,0.000000000000000000e+00,0.000000000000000000e+00,0.000000000000000000e+00,0.000000000000000000e+00,0.000000000000000000e+00
0.000000000000000000e+00,0.000000000000000000e+00,0.000000000000000000e+00,0.000000000000000000e+00,0.000000000000000000e+00,0.000000000000000000e+00,0.000000000000000000e+00,5.461300000000000043e-01,0.000000000000000000e+00,0.000000000000000000e+00,0.000000000000000000e+00,0.000000000000000000e+00,0.000000000000000000e+00,0.000000000000000000e+00,0.000000000000000000e+00,0.000000000000000000e+00,0.000000000000000000e+00,0.000000000000000000e+00,0.000000000000000000e+00,0.000000000000000000e+00,0.000000000000000000e+00,0.000000000000000000e+00,0.000000000000000000e+00,0.000000000000000000e+00,0.000000000000000000e+00,0.000000000000000000e+00,0.000000000000000000e+00,0.000000000000000000e+00,0.000000000000000000e+00,0.000000000000000000e+00,0.000000000000000000e+00,5.504499999999999948e-01,5.493700000000000250e-01,0.000000000000000000e+00,0.000000000000000000e+00,0.000000000000000000e+00,0.000000000000000000e+00,0.000000000000000000e+00,5.451300000000000034e-01,5.472799999999999887e-01,0.000000000000000000e+00,0.000000000000000000e+00,5.496799999999999464e-01,5.695999999999999952e-01,0.000000000000000000e+00,0.000000000000000000e+00,0.000000000000000000e+00,0.000000000000000000e+00,5.640699999999999603e-01,0.000000000000000000e+00,0.000000000000000000e+00,5.466400000000000148e-01,0.000000000000000000e+00,0.000000000000000000e+00,0.000000000000000000e+00,0.000000000000000000e+00,0.000000000000000000e+00,0.000000000000000000e+00,0.000000000000000000e+00,0.000000000000000000e+00,0.000000000000000000e+00,0.000000000000000000e+00,0.000000000000000000e+00,0.000000000000000000e+00,0.000000000000000000e+00,0.000000000000000000e+00,0.000000000000000000e+00,0.000000000000000000e+00,0.000000000000000000e+00,0.000000000000000000e+00,0.000000000000000000e+00,0.000000000000000000e+00,0.000000000000000000e+00,0.000000000000000000e+00,0.000000000000000000e+00,0.000000000000000000e+00
5.510899999999999688e-01,5.436199999999999921e-01,0.000000000000000000e+00,0.000000000000000000e+00,5.450500000000000345e-01,5.446999999999999620e-01,5.646700000000000053e-01,5.736999999999999877e-01,0.000000000000000000e+00,5.587499999999999689e-01,5.606999999999999762e-01,0.000000000000000000e+00,5.593599999999999683e-01,5.622700000000000475e-01,0.000000000000000000e+00,0.000000000000000000e+00,5.681500000000000439e-01,5.496900000000000119e-01,0.000000000000000000e+00,0.000000000000000000e+00,5.539500000000000535e-01,0.000000000000000000e+00,0.000000000000000000e+00,0.000000000000000000e+00,5.443700000000000205e-01,0.000000000000000000e+00,0.000000000000000000e+00,5.448600000000000110e-01,0.000000000000000000e+00,5.500800000000000134e-01,0.000000000000000000e+00,5.665599999999999525e-01,5.622599999999999820e-01,5.535400000000000320e-01,0.000000000000000000e+00,5.815000000000000169e-01,0.000000000000000000e+00,0.000000000000000000e+00,5.600500000000000478e-01,5.722800000000000109e-01,5.464700000000000113e-01,5.550000000000000488e-01,5.892399999999999860e-01,5.891600000000000170e-01,5.678600000000000314e-01,5.436600000000000321e-01,0.000000000000000000e+00,0.000000000000000000e+00,5.948200000000000154e-01,5.609199999999999742e-01,0.000000000000000000e+00,5.719999999999999529e-01,0.000000000000000000e+00,5.565099999999999492e-01,5.483099999999999641e-01,0.000000000000000000e+00,0.000000000000000000e+00,5.647400000000000198e-01,5.721199999999999619e-01,0.000000000000000000e+00,0.000000000000000000e+00,5.486100000000000421e-01,0.000000000000000000e+00,0.000000000000000000e+00,0.000000000000000000e+00,0.000000000000000000e+00,0.000000000000000000e+00,0.000000000000000000e+00,0.000000000000000000e+00,0.000000000000000000e+00,0.000000000000000000e+00,0.000000000000000000e+00,5.508100000000000218e-01,0.000000000000000000e+00,0.000000000000000000e+00,0.000000000000000000e+00
5.463599999999999568e-01,0.000000000000000000e+00,0.000000000000000000e+00,5.436600000000000321e-01,0.000000000000000000e+00,5.449199999999999600e-01,5.591199999999999504e-01,5.622000000000000330e-01,0.000000000000000000e+00,5.444299999999999695e-01,5.453500000000000014e-01,0.000000000000000000e+00,5.611000000000000432e-01,0.000000000000000000e+00,0.000000000000000000e+00,0.000000000000000000e+00,5.496900000000000119e-01,5.444799999999999640e-01,0.000000000000000000e+00,0.000000000000000000e+00,5.528699999999999726e-01,0.000000000000000000e+00,0.000000000000000000e+00,0.000000000000000000e+00,5.454299999999999704e-01,0.000000000000000000e+00,0.000000000000000000e+00,5.435600000000000431e-01,0.000000000000000000e+00,0.000000000000000000e+00,0.000000000000000000e+00,5.709600000000000231e-01,5.651100000000000012e-01,0.000000000000000000e+00,0.000000000000000000e+00,5.550199999999999578e-01,0.000000000000000000e+00,0.000000000000000000e+00,5.678499999999999659e-01,5.717200000000000060e-01,0.000000000000000000e+00,5.548600000000000199e-01,5.707400000000000251e-01,5.895000000000000240e-01,5.554099999999999593e-01,0.000000000000000000e+00,0.000000000000000000e+00,0.000000000000000000e+00,5.881600000000000161e-01,5.510699999999999488e-01,5.461500000000000243e-01,5.677100000000000479e-01,0.000000000000000000e+00,5.562300000000000022e-01,0.000000000000000000e+00,0.000000000000000000e+00,0.000000000000000000e+00,5.645700000000000163e-01,5.573000000000000176e-01,0.000000000000000000e+00,0.000000000000000000e+00,0.000000000000000000e+00,0.000000000000000000e+00,0.000000000000000000e+00,0.000000000000000000e+00,0.000000000000000000e+00,0.000000000000000000e+00,0.000000000000000000e+00,0.000000000000000000e+00,5.427999999999999492e-01,0.000000000000000000e+00,0.000000000000000000e+00,5.507999999999999563e-01,0.000000000000000000e+00,0.000000000000000000e+00,0.000000000000000000e+00
0.000000000000000000e+00,0.000000000000000000e+00,0.000000000000000000e+00,0.000000000000000000e+00,0.000000000000000000e+00,0.000000000000000000e+00,0.000000000000000000e+00,0.000000000000000000e+00,0.000000000000000000e+00,0.000000000000000000e+00,0.000000000000000000e+00,0.000000000000000000e+00,0.000000000000000000e+00,0.000000000000000000e+00,0.000000000000000000e+00,0.000000000000000000e+00,0.000000000000000000e+00,0.000000000000000000e+00,0.000000000000000000e+00,0.000000000000000000e+00,0.000000000000000000e+00,0.000000000000000000e+00,0.000000000000000000e+00,0.000000000000000000e+00,0.000000000000000000e+00,0.000000000000000000e+00,0.000000000000000000e+00,0.000000000000000000e+00,0.000000000000000000e+00,0.000000000000000000e+00,0.000000000000000000e+00,0.000000000000000000e+00,0.000000000000000000e+00,0.000000000000000000e+00,0.000000000000000000e+00,5.441899999999999515e-01,0.000000000000000000e+00,0.000000000000000000e+00,0.000000000000000000e+00,0.000000000000000000e+00,0.000000000000000000e+00,0.000000000000000000e+00,5.497199999999999864e-01,5.480899999999999661e-01,0.000000000000000000e+00,0.000000000000000000e+00,0.000000000000000000e+00,0.000000000000000000e+00,5.497600000000000264e-01,0.000000000000000000e+00,0.000000000000000000e+00,0.000000000000000000e+00,0.000000000000000000e+00,0.000000000000000000e+00,0.000000000000000000e+00,0.000000000000000000e+00,0.000000000000000000e+00,0.000000000000000000e+00,0.000000000000000000e+00,0.000000000000000000e+00,0.000000000000000000e+00,0.000000000000000000e+00,0.000000000000000000e+00,0.000000000000000000e+00,0.000000000000000000e+00,0.000000000000000000e+00,0.000000000000000000e+00,0.000000000000000000e+00,0.000000000000000000e+00,0.000000000000000000e+00,0.000000000000000000e+00,0.000000000000000000e+00,0.000000000000000000e+00,0.000000000000000000e+00,0.000000000000000000e+00,0.000000000000000000e+00
0.000000000000000000e+00,0.000000000000000000e+00,0.000000000000000000e+00,0.000000000000000000e+00,0.000000000000000000e+00,0.000000000000000000e+00,0.000000000000000000e+00,0.000000000000000000e+00,0.000000000000000000e+00,0.000000000000000000e+00,0.000000000000000000e+00,0.000000000000000000e+00,0.000000000000000000e+00,0.000000000000000000e+00,0.000000000000000000e+00,0.000000000000000000e+00,0.000000000000000000e+00,0.000000000000000000e+00,0.000000000000000000e+00,0.000000000000000000e+00,0.000000000000000000e+00,0.000000000000000000e+00,0.000000000000000000e+00,0.000000000000000000e+00,0.000000000000000000e+00,0.000000000000000000e+00,0.000000000000000000e+00,0.000000000000000000e+00,0.000000000000000000e+00,0.000000000000000000e+00,0.000000000000000000e+00,0.000000000000000000e+00,0.000000000000000000e+00,0.000000000000000000e+00,0.000000000000000000e+00,0.000000000000000000e+00,0.000000000000000000e+00,0.000000000000000000e+00,0.000000000000000000e+00,0.000000000000000000e+00,0.000000000000000000e+00,0.000000000000000000e+00,0.000000000000000000e+00,0.000000000000000000e+00,0.000000000000000000e+00,0.000000000000000000e+00,0.000000000000000000e+00,0.000000000000000000e+00,0.000000000000000000e+00,0.000000000000000000e+00,0.000000000000000000e+00,0.000000000000000000e+00,0.000000000000000000e+00,0.000000000000000000e+00,0.000000000000000000e+00,0.000000000000000000e+00,0.000000000000000000e+00,0.000000000000000000e+00,0.000000000000000000e+00,0.000000000000000000e+00,0.000000000000000000e+00,0.000000000000000000e+00,0.000000000000000000e+00,0.000000000000000000e+00,0.000000000000000000e+00,0.000000000000000000e+00,0.000000000000000000e+00,0.000000000000000000e+00,0.000000000000000000e+00,0.000000000000000000e+00,0.000000000000000000e+00,0.000000000000000000e+00,0.000000000000000000e+00,0.000000000000000000e+00,0.000000000000000000e+00,0.000000000000000000e+00
5.756999999999999895e-01,5.448199999999999710e-01,0.000000000000000000e+00,5.559399999999999897e-01,5.571599999999999886e-01,5.503500000000000059e-01,5.697299999999999587e-01,5.849400000000000155e-01,0.000000000000000000e+00,5.565200000000000147e-01,5.604099999999999637e-01,0.000000000000000000e+00,5.708100000000000396e-01,5.520000000000000462e-01,0.000000000000000000e+00,0.000000000000000000e+00,5.539500000000000535e-01,5.528699999999999726e-01,0.000000000000000000e+00,0.000000000000000000e+00,5.756499999999999950e-01,0.000000000000000000e+00,0.000000000000000000e+00,0.000000000000000000e+00,5.525600000000000511e-01,0.000000000000000000e+00,0.000000000000000000e+00,5.539500000000000535e-01,0.000000000000000000e+00,0.000000000000000000e+00,0.000000000000000000e+00,5.929600000000000426e-01,5.828200000000000047e-01,5.551399999999999668e-01,5.490599999999999925e-01,5.713200000000000500e-01,5.507199999999999873e-01,0.000000000000000000e+00,5.904800000000000049e-01,5.887599999999999500e-01,5.566499999999999782e-01,5.815900000000000514e-01,5.814599999999999769e-01,6.066300000000000026e-01,5.725900000000000434e-01,5.558600000000000207e-01,0.000000000000000000e+00,0.000000000000000000e+00,6.121100000000000430e-01,5.814500000000000224e-01,5.471399999999999597e-01,5.840600000000000236e-01,0.000000000000000000e+00,5.640600000000000058e-01,5.513599999999999612e-01,5.507100000000000328e-01,5.469000000000000528e-01,5.761199999999999655e-01,5.714900000000000535e-01,5.424799999999999622e-01,5.452399999999999469e-01,5.499699999999999589e-01,5.478800000000000336e-01,0.000000000000000000e+00,0.000000000000000000e+00,5.438499999999999446e-01,0.000000000000000000e+00,5.442000000000000171e-01,0.000000000000000000e+00,5.525499999999999856e-01,0.000000000000000000e+00,0.000000000000000000e+00,5.569100000000000161e-01,0.000000000000000000e+00,0.000000000000000000e+00,5.422400000000000553e-01
