6.152400000000000091e-01,5.679400000000000004e-01,5.852000000000000535e-01,6.013500000000000512e-01,6.018200000000000216e-01,5.749400000000000066e-01,5.958700000000000108e-01,5.936299999999999910e-01,5.824700000000000433e-01,5.740699999999999692e-01,5.634400000000000519e-01,5.970800000000000551e-01,5.811399999999999899e-01,5.967500000000000027e-01,5.689899999999999958e-01,5.555400000000000338e-01,6.014800000000000146e-01,5.520199999999999552e-01,5.455499999999999794e-01,5.575099999999999500e-01,6.081299999999999484e-01,5.572000000000000286e-01,5.714399999999999480e-01,5.994500000000000384e-01,5.743099999999999872e-01,5.810999999999999499e-01,5.503400000000000514e-01,5.741899999999999782e-01,5.711600000000000010e-01,5.616999999999999771e-01,5.870999999999999552e-01,6.023800000000000265e-01,5.900900000000000034e-01,6.110799999999999566e-01,6.091400000000000148e-01,5.950699999999999878e-01,5.773599999999999843e-01,6.062600000000000211e-01,5.913699999999999513e-01,6.130400000000000293e-01,5.948900000000000299e-01,6.059400000000000341e-01,0.000000000000000000e+00,6.032499999999999529e-01,5.789800000000000502e-01,6.135500000000000398e-01,5.595099999999999518e-01,0.000000000000000000e+00,6.115500000000000380e-01,5.751100000000000101e-01,5.560199999999999587e-01,5.860899999999999999e-01,6.180700000000000083e-01,5.503599999999999604e-01,5.905399999999999539e-01,5.744299999999999962e-01,6.018499999999999961e-01,5.732199999999999518e-01,5.632599999999999829e-01,5.603500000000000147e-01,0.000000000000000000e+00,5.661699999999999511e-01,5.729600000000000248e-01,0.000000000000000000e+00,5.467899999999999983e-01,6.097000000000000197e-01,0.000000000000000000e+00,5.732000000000000428e-01,6.143800000000000372e-01,5.724000000000000199e-01,5.897999999999999909e-01,5.465400000000000258e-01,5.649699999999999722e-01,5.559300000000000352e-01,0.000000000000000000e+00,5.765099999999999669e-01
5.679400000000000004e-01,5.503299999999999859e-01,5.565299999999999692e-01,5.780300000000000438e-01,5.804399999999999560e-01,5.566900000000000182e-01,5.812699999999999534e-01,5.668499999999999650e-01,5.677200000000000024e-01,5.627299999999999525e-01,5.482799999999999896e-01,5.665700000000000180e-01,5.667299999999999560e-01,5.790199999999999791e-01,0.000000000000000000e+00,5.484299999999999731e-01,5.874599999999999822e-01,5.492599999999999705e-01,0.000000000000000000e+00,0.000000000000000000e+00,5.661500000000000421e-01,5.468499999999999472e-01,5.500699999999999479e-01,5.638900000000000023e-01,5.615700000000000136e-01,5.529800000000000271e-01,0.000000000000000000e+00,5.616999999999999771e-01,5.567699999999999871e-01,5.513900000000000468e-01,5.633200000000000429e-01,5.822699999999999543e-01,5.783599999999999852e-01,5.728799999999999448e-01,5.748499999999999721e-01,5.765599999999999614e-01,5.641500000000000403e-01,5.791100000000000136e-01,5.713500000000000245e-01,5.758799999999999475e-01,5.554799999999999738e-01,5.703000000000000291e-01,5.623399999999999510e-01,5.911999999999999478e-01,5.497600000000000264e-01,5.649199999999999777e-01,0.000000000000000000e+00,0.000000000000000000e+00,6.001199999999999868e-01,5.605099999999999527e-01,5.444700000000000095e-01,5.801199999999999690e-01,5.848299999999999610e-01,0.000000000000000000e+00,5.726700000000000124e-01,5.526699999999999946e-01,5.679100000000000259e-01,5.663300000000000001e-01,5.655099999999999572e-01,0.000000000000000000e+00,0.000000000000000000e+00,5.482099999999999751e-01,5.609399999999999942e-01,0.000000000000000000e+00,0.000000000000000000e+00,5.716299999999999715e-01,0.000000000000000000e+00,5.511599999999999833e-01,5.689400000000000013e-01,5.618999999999999551e-01,5.598999999999999533e-01,0.000000000000000000e+00,5.550899999999999723e-01,5.454200000000000159e-01,0.000000000000000000e+00,5.560000000000000497e-01
5.852000000000000535e-01,5.565299999999999692e-01,5.777099999999999458e-01,5.862800000000000233e-01,5.901499999999999524e-01,5.608100000000000307e-01,5.907400000000000428e-01,5.642399999999999638e-01,5.765799999999999814e-01,5.707600000000000451e-01,5.501099999999999879e-01,5.849800000000000555e-01,5.708199999999999941e-01,5.868499999999999828e-01,0.000000000000000000e+00,5.532099999999999795e-01,6.036399999999999544e-01,5.553200000000000358e-01,0.000000000000000000e+00,5.507699999999999818e-01,5.738600000000000367e-01,5.551000000000000378e-01,5.580500000000000460e-01,5.772100000000000009e-01,5.666799999999999615e-01,5.588199999999999834e-01,5.472099999999999742e-01,5.677900000000000169e-01,5.653899999999999482e-01,5.636600000000000499e-01,5.770499999999999519e-01,5.829900000000000082e-01,5.786799999999999722e-01,5.856200000000000294e-01,5.779699999999999838e-01,5.821300000000000363e-01,5.641100000000000003e-01,5.848900000000000210e-01,5.767700000000000049e-01,5.827400000000000357e-01,5.714500000000000135e-01,5.784599999999999742e-01,5.633299999999999974e-01,5.871100000000000207e-01,5.706400000000000361e-01,5.942600000000000104e-01,5.497900000000000009e-01,0.000000000000000000e+00,6.025700000000000500e-01,5.613500000000000156e-01,5.508199999999999763e-01,5.850100000000000300e-01,5.968700000000000117e-01,5.439000000000000501e-01,5.787799999999999612e-01,5.590100000000000069e-01,5.883399999999999741e-01,5.683099999999999818e-01,5.641699999999999493e-01,0.000000000000000000e+00,5.452099999999999724e-01,5.540899999999999714e-01,5.678900000000000059e-01,0.000000000000000000e+00,0.000000000000000000e+00,5.887400000000000411e-01,0.000000000000000000e+00,5.593700000000000339e-01,5.902600000000000069e-01,5.689400000000000013e-01,5.753500000000000281e-01,0.000000000000000000e+00,5.582700000000000440e-01,5.512599999999999723e-01,0.000000000000000000e+00,5.620600000000000041e-01
6.013500000000000512e-01,5.780300000000000438e-01,5.862800000000000233e-01,5.922500000000000542e-01,6.110600000000000476e-01,5.833700000000000552e-01,6.140400000000000302e-01,5.974899999999999656e-01,6.001999999999999558e-01,5.958400000000000363e-01,5.747600000000000486e-01,5.996200000000000419e-01,5.975500000000000256e-01,6.101199999999999957e-01,5.510300000000000198e-01,5.705000000000000071e-01,6.281099999999999461e-01,5.744700000000000362e-01,5.532200000000000450e-01,5.650199999999999667e-01,6.037299999999999889e-01,5.726700000000000124e-01,5.763099999999999890e-01,5.974699999999999456e-01,5.899499999999999744e-01,5.812899999999999734e-01,5.657299999999999551e-01,5.897200000000000220e-01,5.851499999999999480e-01,5.819999999999999618e-01,5.950699999999999878e-01,6.164100000000000135e-01,6.097700000000000342e-01,6.106000000000000316e-01,6.100100000000000522e-01,6.014000000000000457e-01,5.923300000000000232e-01,6.145599999999999952e-01,6.035500000000000309e-01,6.092199999999999838e-01,5.832500000000000462e-01,6.001499999999999613e-01,5.922100000000000142e-01,6.294999999999999485e-01,5.740899999999999892e-01,5.959400000000000253e-01,5.682300000000000129e-01,0.000000000000000000e+00,6.344800000000000439e-01,5.865500000000000158e-01,5.705299999999999816e-01,6.063100000000000156e-01,6.194399999999999906e-01,5.645799999999999708e-01,6.023699999999999610e-01,5.841699999999999671e-01,6.029200000000000115e-01,5.917299999999999782e-01,5.910900000000000043e-01,5.470099999999999962e-01,5.568999999999999506e-01,5.725500000000000034e-01,5.835700000000000331e-01,0.000000000000000000e+00,5.513200000000000323e-01,6.116700000000000470e-01,5.497100000000000319e-01,5.761800000000000255e-01,6.091199999999999948e-01,5.870300000000000518e-01,5.901100000000000234e-01,5.521099999999999897e-01,5.789699999999999847e-01,5.681899999999999729e-01,0.000000000000000000e+00,5.808799999999999519e-01
6.018200000000000216e-01,5.804399999999999560e-01,5.901499999999999524e-01,6.110600000000000476e-01,6.308000000000000274e-01,5.830300000000000482e-01,6.297500000000000320e-01,6.048900000000000388e-01,6.060499999999999776e-01,6.132100000000000328e-01,5.894800000000000040e-01,6.086899999999999533e-01,6.088999999999999968e-01,6.200499999999999901e-01,5.490800000000000125e-01,5.756200000000000205e-01,6.473400000000000265e-01,5.772100000000000009e-01,5.576600000000000446e-01,5.720699999999999674e-01,6.092699999999999783e-01,5.752500000000000391e-01,5.809999999999999609e-01,5.969700000000000006e-01,5.983199999999999630e-01,5.847700000000000120e-01,5.719300000000000495e-01,6.027900000000000480e-01,5.899499999999999744e-01,5.958099999999999508e-01,5.986700000000000355e-01,6.327800000000000091e-01,6.198599999999999666e-01,6.107000000000000206e-01,6.194300000000000361e-01,6.168400000000000549e-01,6.051600000000000312e-01,6.226300000000000168e-01,6.255699999999999594e-01,6.136899999999999578e-01,5.863300000000000178e-01,6.073300000000000365e-01,6.012699999999999712e-01,6.550899999999999501e-01,5.751300000000000301e-01,6.024300000000000210e-01,5.684000000000000163e-01,0.000000000000000000e+00,6.498899999999999677e-01,6.088999999999999968e-01,5.741199999999999637e-01,6.252499999999999725e-01,6.263100000000000334e-01,5.723099999999999854e-01,6.178799999999999848e-01,6.004599999999999937e-01,6.095099999999999962e-01,6.004099999999999993e-01,6.031199999999999894e-01,5.430700000000000527e-01,5.602200000000000513e-01,5.902800000000000269e-01,5.891399999999999970e-01,0.000000000000000000e+00,5.508699999999999708e-01,6.198000000000000176e-01,5.536400000000000210e-01,5.795700000000000296e-01,6.106800000000000006e-01,5.948299999999999699e-01,5.943300000000000249e-01,5.540599999999999969e-01,5.900900000000000034e-01,5.725099999999999634e-01,5.431700000000000417e-01,5.852600000000000025e-01
5.749400000000000066e-01,5.566900000000000182e-01,5.608100000000000307e-01,5.833700000000000552e-01,5.830300000000000482e-01,5.589199999999999724e-01,5.863099999999999978e-01,5.746299999999999741e-01,5.732800000000000118e-01,5.633899999999999464e-01,5.503700000000000259e-01,5.659399999999999986e-01,5.715500000000000025e-01,5.794099999999999806e-01,0.000000000000000000e+00,5.507600000000000273e-01,5.843899999999999650e-01,5.571700000000000541e-01,0.000000000000000000e+00,5.441899999999999515e-01,5.715000000000000080e-01,5.524000000000000021e-01,5.566499999999999782e-01,5.683799999999999963e-01,5.664900000000000491e-01,5.630899999999999794e-01,5.448300000000000365e-01,5.650800000000000267e-01,5.595400000000000373e-01,5.522700000000000387e-01,5.674299999999999899e-01,5.875799999999999912e-01,5.830400000000000027e-01,5.773800000000000043e-01,5.832899999999999752e-01,5.786900000000000377e-01,5.706700000000000106e-01,5.869400000000000173e-01,5.743700000000000472e-01,5.856999999999999984e-01,5.585299999999999709e-01,5.757600000000000495e-01,5.613099999999999756e-01,5.949600000000000444e-01,5.526600000000000401e-01,5.703700000000000436e-01,5.453999999999999959e-01,0.000000000000000000e+00,6.030900000000000150e-01,5.636400000000000299e-01,5.493000000000000105e-01,5.826799999999999757e-01,5.891800000000000370e-01,5.497499999999999609e-01,5.721899999999999764e-01,5.574000000000000066e-01,5.674700000000000299e-01,5.684000000000000163e-01,5.685499999999999998e-01,0.000000000000000000e+00,0.000000000000000000e+00,5.489300000000000290e-01,5.649800000000000377e-01,0.000000000000000000e+00,0.000000000000000000e+00,5.763700000000000490e-01,0.000000000000000000e+00,5.568300000000000471e-01,5.758199999999999985e-01,5.627299999999999525e-01,5.644700000000000273e-01,0.000000000000000000e+00,5.571500000000000341e-01,5.486499999999999710e-01,0.000000000000000000e+00,5.609600000000000142e-01
5.958700000000000108e-01,5.812699999999999534e-01,5.907400000000000428e-01,6.140499999999999847e-01,6.297500000000000320e-01,5.863099999999999978e-01,6.333100000000000396e-01,6.099900000000000322e-01,6.072899999999999965e-01,6.093399999999999928e-01,5.884500000000000286e-01,6.087000000000000188e-01,6.074699999999999545e-01,6.170299999999999674e-01,5.478699999999999681e-01,5.800499999999999545e-01,6.450500000000000123e-01,5.794700000000000406e-01,5.579899999999999860e-01,5.705400000000000471e-01,6.074199999999999600e-01,5.760100000000000220e-01,5.827499999999999902e-01,5.963500000000000467e-01,5.972899999999999876e-01,5.857200000000000184e-01,5.699400000000000022e-01,6.020100000000000451e-01,5.907700000000000173e-01,5.935500000000000220e-01,5.986399999999999499e-01,6.350700000000000234e-01,6.124100000000000099e-01,6.048999999999999932e-01,6.146500000000000297e-01,6.160499999999999865e-01,6.107799999999999896e-01,6.156000000000000361e-01,6.305500000000000549e-01,6.163600000000000190e-01,5.820600000000000218e-01,6.104699999999999571e-01,5.966599999999999682e-01,6.519300000000000095e-01,5.776999999999999913e-01,5.899299999999999544e-01,5.663300000000000001e-01,0.000000000000000000e+00,6.525900000000000034e-01,6.048999999999999932e-01,5.765799999999999814e-01,6.280499999999999972e-01,6.251999999999999780e-01,5.756499999999999950e-01,6.161699999999999955e-01,5.968799999999999661e-01,6.080499999999999794e-01,6.041400000000000103e-01,5.998700000000000143e-01,0.000000000000000000e+00,5.631399999999999739e-01,5.953199999999999603e-01,5.948499999999999899e-01,0.000000000000000000e+00,5.473099999999999632e-01,6.142699999999999827e-01,5.535799999999999610e-01,5.801300000000000345e-01,6.092600000000000238e-01,5.975500000000000256e-01,5.919299999999999562e-01,5.541899999999999604e-01,5.894500000000000295e-01,5.742000000000000437e-01,0.000000000000000000e+00,5.841499999999999471e-01
5.936299999999999910e-01,5.668499999999999650e-01,5.642399999999999638e-01,5.974899999999999656e-01,6.048900000000000388e-01,5.746299999999999741e-01,6.099799999999999667e-01,5.976599999999999691e-01,5.855700000000000349e-01,5.866799999999999793e-01,5.729499999999999593e-01,5.913899999999999713e-01,5.876200000000000312e-01,5.948499999999999899e-01,5.565799999999999637e-01,5.626400000000000290e-01,6.177700000000000413e-01,5.605299999999999727e-01,0.000000000000000000e+00,5.591000000000000414e-01,5.967299999999999827e-01,5.625099999999999545e-01,5.681000000000000494e-01,5.871300000000000407e-01,5.756999999999999895e-01,5.770699999999999719e-01,5.555400000000000338e-01,5.817999999999999838e-01,5.706900000000000306e-01,5.793000000000000371e-01,5.813800000000000079e-01,6.067700000000000315e-01,6.018900000000000361e-01,5.889100000000000446e-01,5.963699999999999557e-01,5.918099999999999472e-01,5.885899999999999466e-01,6.025899999999999590e-01,6.042999999999999483e-01,5.981899999999999995e-01,5.723300000000000054e-01,6.009700000000000042e-01,5.760300000000000420e-01,6.290700000000000180e-01,5.657699999999999951e-01,5.728199999999999958e-01,5.560100000000000042e-01,0.000000000000000000e+00,6.267399999999999638e-01,5.889400000000000190e-01,5.638100000000000334e-01,6.048299999999999788e-01,6.086200000000000498e-01,5.607799999999999452e-01,5.964000000000000412e-01,5.784899999999999487e-01,5.863199999999999523e-01,5.891300000000000425e-01,5.871600000000000152e-01,0.000000000000000000e+00,5.462599999999999678e-01,5.731000000000000538e-01,5.796999999999999931e-01,0.000000000000000000e+00,0.000000000000000000e+00,5.956500000000000128e-01,0.000000000000000000e+00,5.647199999999999998e-01,5.903399999999999759e-01,5.801699999999999635e-01,5.774399999999999533e-01,5.445499999999999785e-01,5.731399999999999828e-01,5.581500000000000350e-01,0.000000000000000000e+00,5.738699999999999912e-01
5.824700000000000433e-01,5.677200000000000024e-01,5.765799999999999814e-01,6.001999999999999558e-01,6.060499999999999776e-01,5.732699999999999463e-01,6.072899999999999965e-01,5.855700000000000349e-01,5.912500000000000533e-01,5.858100000000000529e-01,5.659600000000000186e-01,5.829400000000000137e-01,5.868499999999999828e-01,6.008200000000000207e-01,0.000000000000000000e+00,5.676099999999999479e-01,6.099799999999999667e-01,5.709100000000000286e-01,5.464099999999999513e-01,5.621199999999999530e-01,5.814200000000000479e-01,5.687100000000000488e-01,5.697900000000000187e-01,5.792300000000000226e-01,5.840499999999999581e-01,5.742800000000000127e-01,5.598499999999999588e-01,5.839100000000000401e-01,5.764700000000000379e-01,5.749900000000000011e-01,5.825200000000000378e-01,6.041699999999999848e-01,5.958599999999999453e-01,5.880100000000000326e-01,5.966599999999999682e-01,5.995099999999999874e-01,5.875399999999999512e-01,6.029600000000000515e-01,5.928600000000000536e-01,5.991800000000000459e-01,5.668299999999999450e-01,5.866900000000000448e-01,5.850100000000000300e-01,6.181799999999999518e-01,5.654400000000000537e-01,5.811600000000000099e-01,5.570100000000000051e-01,0.000000000000000000e+00,6.216399999999999704e-01,5.809199999999999919e-01,5.610300000000000287e-01,6.025000000000000355e-01,6.041499999999999648e-01,5.637900000000000134e-01,5.918900000000000272e-01,5.752000000000000446e-01,5.829600000000000337e-01,5.846500000000000030e-01,5.836200000000000276e-01,0.000000000000000000e+00,5.524799999999999711e-01,5.691899999999999737e-01,5.813199999999999479e-01,0.000000000000000000e+00,5.455200000000000049e-01,5.866099999999999648e-01,5.470800000000000107e-01,5.705700000000000216e-01,5.903500000000000414e-01,5.806000000000000050e-01,5.777799999999999603e-01,5.486699999999999910e-01,5.730899999999999883e-01,5.653599999999999737e-01,0.000000000000000000e+00,5.719100000000000295e-01
5.740699999999999692e-01,5.627299999999999525e-01,5.707600000000000451e-01,5.958400000000000363e-01,6.132100000000000328e-01,5.633799999999999919e-01,6.093399999999999928e-01,5.866799999999999793e-01,5.858100000000000529e-01,5.936200000000000365e-01,5.734099999999999753e-01,5.849600000000000355e-01,5.875299999999999967e-01,6.094100000000000072e-01,0.000000000000000000e+00,5.692899999999999627e-01,6.247599999999999820e-01,5.645900000000000363e-01,5.428800000000000292e-01,5.594700000000000228e-01,5.786599999999999522e-01,5.609600000000000142e-01,5.637699999999999934e-01,5.639499999999999513e-01,5.786200000000000232e-01,5.635200000000000209e-01,5.581000000000000405e-01,5.843899999999999650e-01,5.716599999999999460e-01,5.810600000000000209e-01,5.745599999999999596e-01,5.952699999999999658e-01,5.930100000000000371e-01,5.764500000000000179e-01,5.827400000000000357e-01,6.058799999999999741e-01,5.935799999999999965e-01,5.953500000000000458e-01,5.904599999999999849e-01,5.932800000000000296e-01,5.637699999999999934e-01,5.773399999999999643e-01,5.913199999999999568e-01,6.320900000000000407e-01,5.583599999999999675e-01,5.740899999999999892e-01,5.504900000000000349e-01,0.000000000000000000e+00,6.261299999999999644e-01,5.893000000000000460e-01,5.558100000000000263e-01,6.057700000000000307e-01,5.925200000000000466e-01,5.552300000000000013e-01,5.980699999999999905e-01,5.779199999999999893e-01,5.835700000000000331e-01,5.847799999999999665e-01,5.890600000000000280e-01,0.000000000000000000e+00,5.520500000000000407e-01,5.802699999999999525e-01,5.739400000000000057e-01,0.000000000000000000e+00,0.000000000000000000e+00,5.879699999999999926e-01,0.000000000000000000e+00,5.594500000000000028e-01,5.753899999999999570e-01,5.810600000000000209e-01,5.711000000000000520e-01,0.000000000000000000e+00,5.749300000000000521e-01,5.577999999999999625e-01,0.000000000000000000e+00,5.613799999999999901e-01
5.634400000000000519e-01,5.482799999999999896e-01,5.501099999999999879e-01,5.747600000000000486e-01,5.894700000000000495e-01,5.503700000000000259e-01,5.884500000000000286e-01,5.729499999999999593e-01,5.659600000000000186e-01,5.734099999999999753e-01,5.521000000000000352e-01,5.712199999999999500e-01,5.688999999999999613e-01,5.814399999999999569e-01,0.000000000000000000e+00,5.486999999999999655e-01,5.987500000000000044e-01,5.486100000000000421e-01,0.000000000000000000e+00,0.000000000000000000e+00,5.713500000000000245e-01,5.438800000000000301e-01,5.480800000000000116e-01,5.576499999999999790e-01,5.618100000000000316e-01,5.514799999999999702e-01,0.000000000000000000e+00,5.664900000000000491e-01,5.518699999999999717e-01,5.582899999999999530e-01,5.606700000000000017e-01,5.843199999999999505e-01,5.756499999999999950e-01,5.672500000000000320e-01,5.743500000000000272e-01,5.801899999999999835e-01,5.691199999999999593e-01,5.781199999999999672e-01,5.713700000000000445e-01,5.725900000000000434e-01,5.486799999999999455e-01,5.640199999999999658e-01,5.676400000000000334e-01,6.031800000000000495e-01,5.431500000000000217e-01,5.588699999999999779e-01,0.000000000000000000e+00,0.000000000000000000e+00,6.052199999999999802e-01,5.724099999999999744e-01,5.449800000000000200e-01,5.841100000000000181e-01,5.790600000000000191e-01,5.452500000000000124e-01,5.775000000000000133e-01,5.643399999999999528e-01,5.688199999999999923e-01,5.681300000000000239e-01,5.710399999999999920e-01,0.000000000000000000e+00,0.000000000000000000e+00,5.598100000000000298e-01,5.554999999999999938e-01,0.000000000000000000e+00,0.000000000000000000e+00,5.745299999999999851e-01,0.000000000000000000e+00,5.454900000000000304e-01,5.652399999999999647e-01,5.615700000000000136e-01,5.559899999999999842e-01,0.000000000000000000e+00,5.581599999999999895e-01,5.434099999999999486e-01,0.000000000000000000e+00,5.503400000000000514e-01
5.970800000000000551e-01,5.665700000000000180e-01,5.849800000000000555e-01,5.996200000000000419e-01,6.086899999999999533e-01,5.659399999999999986e-01,6.087000000000000188e-01,5.913899999999999713e-01,5.829400000000000137e-01,5.849600000000000355e-01,5.712199999999999500e-01,5.970800000000000551e-01,5.873800000000000132e-01,6.030900000000000150e-01,5.473700000000000232e-01,5.608999999999999542e-01,6.206599999999999895e-01,5.562300000000000022e-01,5.439899999999999736e-01,5.570699999999999541e-01,5.974899999999999656e-01,5.580899999999999750e-01,5.681699999999999529e-01,5.839199999999999946e-01,5.757900000000000240e-01,5.704799999999999871e-01,5.529800000000000271e-01,5.801100000000000145e-01,5.720199999999999729e-01,5.720199999999999729e-01,5.816700000000000204e-01,6.048000000000000043e-01,6.001900000000000013e-01,5.961999999999999522e-01,5.943599999999999994e-01,6.001999999999999558e-01,5.861100000000000199e-01,5.966700000000000337e-01,5.979499999999999815e-01,5.959100000000000508e-01,5.781600000000000072e-01,5.905700000000000394e-01,5.805900000000000505e-01,6.273199999999999887e-01,5.652800000000000047e-01,5.986500000000000155e-01,5.533200000000000340e-01,0.000000000000000000e+00,6.307700000000000529e-01,5.862899999999999778e-01,5.568400000000000016e-01,6.010299999999999532e-01,6.110700000000000021e-01,5.501099999999999879e-01,5.966799999999999882e-01,5.791300000000000336e-01,6.020100000000000451e-01,5.808200000000000029e-01,5.854399999999999604e-01,0.000000000000000000e+00,5.495799999999999574e-01,5.757299999999999640e-01,5.724900000000000544e-01,0.000000000000000000e+00,0.000000000000000000e+00,6.042800000000000393e-01,0.000000000000000000e+00,5.668400000000000105e-01,5.981600000000000250e-01,5.767700000000000049e-01,5.816000000000000059e-01,0.000000000000000000e+00,5.707699999999999996e-01,5.566499999999999782e-01,0.000000000000000000e+00,5.698800000000000532e-01
5.811399999999999899e-01,5.667299999999999560e-01,5.708199999999999941e-01,5.975500000000000256e-01,6.088999999999999968e-01,5.715500000000000025e-01,6.074699999999999545e-01,5.876200000000000312e-01,5.868499999999999828e-01,5.875399999999999512e-01,5.688999999999999613e-01,5.873800000000000132e-01,5.879499999999999726e-01,5.992600000000000149e-01,0.000000000000000000e+00,5.669899999999999940e-01,6.157299999999999995e-01,5.678999999999999604e-01,0.000000000000000000e+00,5.561399999999999677e-01,5.885399999999999521e-01,5.623299999999999965e-01,5.661100000000000021e-01,5.770300000000000429e-01,5.824599999999999778e-01,5.701800000000000201e-01,5.569300000000000361e-01,5.839600000000000346e-01,5.745700000000000252e-01,5.759900000000000020e-01,5.817200000000000149e-01,6.096700000000000452e-01,5.947200000000000264e-01,5.890400000000000080e-01,5.975300000000000056e-01,5.970299999999999496e-01,5.860699999999999799e-01,5.989200000000000079e-01,6.014599999999999946e-01,5.977400000000000491e-01,5.685799999999999743e-01,5.871399999999999952e-01,5.832199999999999607e-01,6.256300000000000194e-01,5.627900000000000125e-01,5.801800000000000290e-01,5.545099999999999474e-01,0.000000000000000000e+00,6.280099999999999572e-01,5.853000000000000425e-01,5.574400000000000466e-01,6.049700000000000077e-01,6.012800000000000367e-01,5.592300000000000049e-01,5.942399999999999904e-01,5.756099999999999550e-01,5.886400000000000521e-01,5.846299999999999830e-01,5.847999999999999865e-01,0.000000000000000000e+00,5.495299999999999629e-01,5.691599999999999993e-01,5.775599999999999623e-01,0.000000000000000000e+00,0.000000000000000000e+00,5.957099999999999618e-01,0.000000000000000000e+00,5.659499999999999531e-01,5.907000000000000028e-01,5.797700000000000076e-01,5.764200000000000434e-01,0.000000000000000000e+00,5.734900000000000553e-01,5.587100000000000399e-01,0.000000000000000000e+00,5.690699999999999648e-01
5.967500000000000027e-01,5.790199999999999791e-01,5.868499999999999828e-01,6.101199999999999957e-01,6.200499999999999901e-01,5.794099999999999806e-01,6.170400000000000329e-01,5.948499999999999899e-01,6.008200000000000207e-01,6.094100000000000072e-01,5.814399999999999569e-01,6.030900000000000150e-01,5.992600000000000149e-01,6.069700000000000095e-01,5.440500000000000336e-01,5.746999999999999886e-01,6.455600000000000227e-01,5.718299999999999494e-01,5.595900000000000318e-01,5.711100000000000065e-01,6.016799999999999926e-01,5.736599999999999477e-01,5.734099999999999753e-01,5.903000000000000469e-01,5.922500000000000542e-01,5.749699999999999811e-01,5.693799999999999972e-01,5.962499999999999467e-01,5.867299999999999738e-01,5.947099999999999609e-01,5.925300000000000011e-01,6.147299999999999986e-01,6.133499999999999508e-01,6.044500000000000428e-01,6.101699999999999902e-01,6.061800000000000521e-01,5.924599999999999866e-01,6.215899999999999759e-01,6.087500000000000133e-01,5.994899999999999674e-01,5.810400000000000009e-01,5.990900000000000114e-01,5.987799999999999789e-01,6.368599999999999817e-01,5.771699999999999608e-01,5.981499999999999595e-01,5.665299999999999780e-01,0.000000000000000000e+00,6.355499999999999483e-01,5.967999999999999972e-01,5.694399999999999462e-01,6.117899999999999450e-01,6.198599999999999666e-01,5.627299999999999525e-01,6.108500000000000041e-01,5.911100000000000243e-01,6.035599999999999854e-01,5.912399999999999878e-01,5.974099999999999966e-01,0.000000000000000000e+00,5.602899999999999547e-01,5.794399999999999551e-01,5.856999999999999984e-01,0.000000000000000000e+00,5.519800000000000262e-01,6.112999999999999545e-01,5.523099999999999676e-01,5.739100000000000312e-01,6.031300000000000550e-01,5.918600000000000527e-01,5.893699999999999495e-01,5.510300000000000198e-01,5.828799999999999537e-01,5.687100000000000488e-01,5.448199999999999710e-01,5.792100000000000026e-01
5.689899999999999958e-01,0.000000000000000000e+00,0.000000000000000000e+00,5.510300000000000198e-01,5.490800000000000125e-01,0.000000000000000000e+00,5.478699999999999681e-01,5.565799999999999637e-01,0.000000000000000000e+00,0.000000000000000000e+00,0.000000000000000000e+00,5.473700000000000232e-01,0.000000000000000000e+00,5.440500000000000336e-01,0.000000000000000000e+00,0.000000000000000000e+00,5.473099999999999632e-01,0.000000000000000000e+00,0.000000000000000000e+00,0.000000000000000000e+00,5.603700000000000347e-01,0.000000000000000000e+00,0.000000000000000000e+00,5.542899999999999494e-01,0.000000000000000000e+00,5.441099999999999826e-01,0.000000000000000000e+00,0.000000000000000000e+00,0.000000000000000000e+00,0.000000000000000000e+00,0.000000000000000000e+00,5.446999999999999620e-01,5.524799999999999711e-01,5.580699999999999550e-01,5.531800000000000050e-01,0.000000000000000000e+00,0.000000000000000000e+00,5.545700000000000074e-01,0.000000000000000000e+00,5.533000000000000140e-01,5.447400000000000020e-01,5.555400000000000338e-01,0.000000000000000000e+00,5.498199999999999754e-01,0.000000000000000000e+00,5.545400000000000329e-01,0.000000000000000000e+00,0.000000000000000000e+00,5.645599999999999508e-01,0.000000000000000000e+00,0.000000000000000000e+00,5.437600000000000211e-01,5.669699999999999740e-01,0.000000000000000000e+00,0.000000000000000000e+00,0.000000000000000000e+00,5.464299999999999713e-01,0.000000000000000000e+00,0.000000000000000000e+00,0.000000000000000000e+00,0.000000000000000000e+00,0.000000000000000000e+00,0.000000000000000000e+00,0.000000000000000000e+00,0.000000000000000000e+00,5.511399999999999633e-01,0.000000000000000000e+00,0.000000000000000000e+00,5.570300000000000251e-01,0.000000000000000000e+00,0.000000000000000000e+00,0.000000000000000000e+00,0.000000000000000000e+00,0.000000000000000000e+00,0.000000000000000000e+00,0.000000000000000000e+00
5.555400000000000338e-01,5.484299999999999731e-01,5.532099999999999795e-01,5.705000000000000071e-01,5.756200000000000205e-01,5.507699999999999818e-01,5.800499999999999545e-01,5.626400000000000290e-01,5.676099999999999479e-01,5.692899999999999627e-01,5.486999999999999655e-01,5.608999999999999542e-01,5.669899999999999940e-01,5.746999999999999886e-01,0.000000000000000000e+00,5.510800000000000143e-01,5.931899999999999951e-01,5.508199999999999763e-01,0.000000000000000000e+00,0.000000000000000000e+00,5.574500000000000011e-01,5.486199999999999966e-01,5.487900000000000000e-01,5.475700000000000012e-01,5.594799999999999773e-01,5.471599999999999797e-01,5.433599999999999541e-01,5.633200000000000429e-01,5.560100000000000042e-01,5.565900000000000292e-01,5.597900000000000098e-01,5.763700000000000490e-01,5.719899999999999984e-01,5.575799999999999645e-01,5.640199999999999658e-01,5.761300000000000310e-01,5.676400000000000334e-01,5.727600000000000469e-01,5.639300000000000423e-01,5.682700000000000529e-01,0.000000000000000000e+00,5.582099999999999840e-01,5.731800000000000228e-01,5.988900000000000334e-01,5.466299999999999493e-01,5.562399999999999567e-01,0.000000000000000000e+00,0.000000000000000000e+00,5.979499999999999815e-01,5.598199999999999843e-01,5.437400000000000011e-01,5.792300000000000226e-01,5.791399999999999881e-01,5.453400000000000469e-01,5.726999999999999869e-01,5.514099999999999557e-01,5.610100000000000087e-01,5.652700000000000502e-01,5.680100000000000149e-01,0.000000000000000000e+00,5.443400000000000460e-01,5.576999999999999735e-01,5.560100000000000042e-01,0.000000000000000000e+00,0.000000000000000000e+00,5.619800000000000351e-01,0.000000000000000000e+00,5.487499999999999600e-01,5.602800000000000002e-01,5.615700000000000136e-01,5.551300000000000123e-01,0.000000000000000000e+00,5.543000000000000149e-01,5.469300000000000272e-01,0.000000000000000000e+00,5.486999999999999655e-01
6.014800000000000146e-01,5.874599999999999822e-01,6.036399999999999544e-01,6.281099999999999461e-01,6.473400000000000265e-01,5.843899999999999650e-01,6.450500000000000123e-01,6.177700000000000413e-01,6.099799999999999667e-01,6.247599999999999820e-01,5.987599999999999589e-01,6.206599999999999895e-01,6.157299999999999995e-01,6.455600000000000227e-01,5.473099999999999632e-01,5.931899999999999951e-01,6.567699999999999649e-01,5.828200000000000047e-01,5.663000000000000256e-01,5.825099999999999723e-01,6.079700000000000104e-01,5.829400000000000137e-01,5.897099999999999564e-01,5.907400000000000428e-01,6.033300000000000329e-01,5.847599999999999465e-01,5.777200000000000113e-01,6.125800000000000134e-01,5.977799999999999780e-01,6.065199999999999481e-01,6.029999999999999805e-01,6.265500000000000513e-01,6.241400000000000281e-01,6.107900000000000551e-01,6.153699999999999726e-01,6.434800000000000519e-01,6.258200000000000429e-01,6.163399999999999990e-01,6.232199999999999962e-01,6.219299999999999828e-01,5.876000000000000112e-01,6.018099999999999561e-01,6.186000000000000387e-01,6.677499999999999547e-01,5.804700000000000415e-01,6.058599999999999541e-01,5.707499999999999796e-01,0.000000000000000000e+00,6.644400000000000306e-01,6.227200000000000513e-01,5.788499999999999757e-01,6.376800000000000246e-01,6.243199999999999861e-01,5.725000000000000089e-01,6.296100000000000030e-01,6.060999999999999721e-01,6.163699999999999735e-01,6.122800000000000464e-01,6.218399999999999483e-01,0.000000000000000000e+00,5.776200000000000223e-01,6.061999999999999611e-01,5.921100000000000252e-01,5.471700000000000452e-01,5.560500000000000442e-01,6.214100000000000179e-01,5.574500000000000011e-01,5.826299999999999812e-01,6.076300000000000034e-01,6.073899999999999855e-01,5.976700000000000346e-01,5.588999999999999524e-01,6.014599999999999946e-01,5.793800000000000061e-01,5.625599999999999490e-01,5.845799999999999885e-01
5.520199999999999552e-01,5.492599999999999705e-01,5.553200000000000358e-01,5.744700000000000362e-01,5.772100000000000009e-01,5.571700000000000541e-01,5.794700000000000406e-01,5.605299999999999727e-01,5.709100000000000286e-01,5.645900000000000363e-01,5.486100000000000421e-01,5.562300000000000022e-01,5.678999999999999604e-01,5.718299999999999494e-01,0.000000000000000000e+00,5.508199999999999763e-01,5.828200000000000047e-01,5.548699999999999743e-01,0.000000000000000000e+00,0.000000000000000000e+00,5.534599999999999520e-01,5.511500000000000288e-01,5.496600000000000374e-01,5.588499999999999579e-01,5.637600000000000389e-01,5.520300000000000207e-01,5.442599999999999660e-01,5.637999999999999678e-01,5.575599999999999445e-01,5.550500000000000433e-01,5.612300000000000066e-01,5.766499999999999959e-01,5.724200000000000399e-01,5.626900000000000235e-01,5.682099999999999929e-01,5.646900000000000253e-01,5.610399999999999832e-01,5.751699999999999591e-01,5.729600000000000248e-01,5.641800000000000148e-01,0.000000000000000000e+00,5.625400000000000400e-01,5.657699999999999951e-01,5.880300000000000527e-01,0.000000000000000000e+00,5.482700000000000351e-01,0.000000000000000000e+00,0.000000000000000000e+00,5.963399999999999812e-01,5.550399999999999778e-01,5.472799999999999887e-01,5.795900000000000496e-01,5.773000000000000353e-01,5.491800000000000015e-01,5.659100000000000241e-01,5.544700000000000184e-01,5.573000000000000176e-01,5.657400000000000206e-01,5.616200000000000081e-01,0.000000000000000000e+00,0.000000000000000000e+00,5.462900000000000533e-01,5.614799999999999791e-01,0.000000000000000000e+00,0.000000000000000000e+00,5.599699999999999678e-01,0.000000000000000000e+00,5.508100000000000218e-01,5.628499999999999615e-01,5.639999999999999458e-01,5.544999999999999929e-01,0.000000000000000000e+00,5.554499999999999993e-01,5.464700000000000113e-01,0.000000000000000000e+00,5.535900000000000265e-01
5.455499999999999794e-01,0.000000000000000000e+00,0.000000000000000000e+00,5.532200000000000450e-01,5.576600000000000446e-01,0.000000000000000000e+00,5.579899999999999860e-01,0.000000000000000000e+00,5.464099999999999513e-01,5.428800000000000292e-01,0.000000000000000000e+00,5.439899999999999736e-01,0.000000000000000000e+00,5.595900000000000318e-01,0.000000000000000000e+00,0.000000000000000000e+00,5.663000000000000256e-01,0.000000000000000000e+00,0.000000000000000000e+00,0.000000000000000000e+00,5.442299999999999915e-01,0.000000000000000000e+00,0.000000000000000000e+00,0.000000000000000000e+00,0.000000000000000000e+00,0.000000000000000000e+00,0.000000000000000000e+00,0.000000000000000000e+00,0.000000000000000000e+00,0.000000000000000000e+00,0.000000000000000000e+00,5.474999999999999867e-01,5.443700000000000205e-01,5.460099999999999953e-01,5.463799999999999768e-01,5.565499999999999892e-01,0.000000000000000000e+00,5.534999999999999920e-01,0.000000000000000000e+00,5.498600000000000154e-01,0.000000000000000000e+00,5.450700000000000545e-01,0.000000000000000000e+00,5.571500000000000341e-01,0.000000000000000000e+00,5.471200000000000507e-01,0.000000000000000000e+00,0.000000000000000000e+00,5.681000000000000494e-01,0.000000000000000000e+00,0.000000000000000000e+00,5.525200000000000111e-01,5.607900000000000107e-01,0.000000000000000000e+00,5.477600000000000247e-01,0.000000000000000000e+00,5.429199999999999582e-01,5.432799999999999851e-01,5.436499999999999666e-01,0.000000000000000000e+00,0.000000000000000000e+00,0.000000000000000000e+00,0.000000000000000000e+00,0.000000000000000000e+00,0.000000000000000000e+00,5.446100000000000385e-01,0.000000000000000000e+00,0.000000000000000000e+00,5.500199999999999534e-01,0.000000000000000000e+00,0.000000000000000000e+00,0.000000000000000000e+00,0.000000000000000000e+00,0.000000000000000000e+00,0.000000000000000000e+00,0.000000000000000000e+00
5.575099999999999500e-01,0.000000000000000000e+00,5.507699999999999818e-01,5.650199999999999667e-01,5.720699999999999674e-01,5.441899999999999515e-01,5.705500000000000016e-01,5.590899999999999759e-01,5.621199999999999530e-01,5.594700000000000228e-01,0.000000000000000000e+00,5.570699999999999541e-01,5.561399999999999677e-01,5.711100000000000065e-01,0.000000000000000000e+00,0.000000000000000000e+00,5.825099999999999723e-01,0.000000000000000000e+00,0.000000000000000000e+00,0.000000000000000000e+00,5.544700000000000184e-01,0.000000000000000000e+00,0.000000000000000000e+00,5.492399999999999505e-01,5.548800000000000399e-01,5.454299999999999704e-01,0.000000000000000000e+00,5.539399999999999880e-01,5.492000000000000215e-01,5.487400000000000055e-01,5.539300000000000335e-01,5.641100000000000003e-01,5.622500000000000275e-01,5.597999999999999643e-01,5.651399999999999757e-01,5.709600000000000231e-01,5.539699999999999624e-01,5.758299999999999530e-01,5.503700000000000259e-01,5.643000000000000238e-01,5.461000000000000298e-01,5.560100000000000042e-01,5.539500000000000535e-01,5.824399999999999578e-01,5.449399999999999800e-01,5.584999999999999964e-01,0.000000000000000000e+00,0.000000000000000000e+00,5.816999999999999948e-01,5.532599999999999740e-01,0.000000000000000000e+00,5.654700000000000282e-01,5.751100000000000101e-01,0.000000000000000000e+00,5.636299999999999644e-01,5.459500000000000464e-01,5.535799999999999610e-01,5.528499999999999526e-01,5.539100000000000135e-01,0.000000000000000000e+00,0.000000000000000000e+00,5.442799999999999860e-01,5.494999999999999885e-01,0.000000000000000000e+00,0.000000000000000000e+00,5.550199999999999578e-01,0.000000000000000000e+00,0.000000000000000000e+00,5.587800000000000544e-01,5.522799999999999931e-01,5.519199999999999662e-01,0.000000000000000000e+00,5.456800000000000539e-01,0.000000000000000000e+00,0.000000000000000000e+00,5.442900000000000515e-01
6.081299999999999484e-01,5.661500000000000421e-01,5.738600000000000367e-01,6.037299999999999889e-01,6.092699999999999783e-01,5.715000000000000080e-01,6.074300000000000255e-01,5.967299999999999827e-01,5.814200000000000479e-01,5.786599999999999522e-01,5.713500000000000245e-01,5.975000000000000311e-01,5.885399999999999521e-01,6.016799999999999926e-01,5.603700000000000347e-01,5.574500000000000011e-01,6.079700000000000104e-01,5.534599999999999520e-01,5.442299999999999915e-01,5.544700000000000184e-01,6.037200000000000344e-01,5.563099999999999712e-01,5.690899999999999848e-01,5.937799999999999745e-01,5.750100000000000211e-01,5.765400000000000524e-01,5.520000000000000462e-01,5.806000000000000050e-01,5.689999999999999503e-01,5.685299999999999798e-01,5.832100000000000062e-01,6.096899999999999542e-01,6.020100000000000451e-01,6.017900000000000471e-01,6.034899999999999709e-01,5.963699999999999557e-01,5.843599999999999905e-01,6.009700000000000042e-01,6.015599999999999836e-01,6.041100000000000358e-01,5.810199999999999809e-01,6.001699999999999813e-01,5.694599999999999662e-01,6.236599999999999921e-01,5.652800000000000047e-01,5.981400000000000050e-01,5.530500000000000416e-01,0.000000000000000000e+00,6.300599999999999534e-01,5.885399999999999521e-01,5.576299999999999590e-01,5.992199999999999749e-01,6.131299999999999528e-01,5.522500000000000187e-01,5.931600000000000206e-01,5.792399999999999771e-01,6.003600000000000048e-01,5.799100000000000366e-01,5.831399999999999917e-01,5.457600000000000229e-01,5.462700000000000333e-01,5.692399999999999682e-01,5.756400000000000405e-01,0.000000000000000000e+00,0.000000000000000000e+00,6.092699999999999783e-01,0.000000000000000000e+00,5.676400000000000334e-01,6.034599999999999964e-01,5.781199999999999672e-01,5.816700000000000204e-01,0.000000000000000000e+00,5.698400000000000132e-01,5.517499999999999627e-01,0.000000000000000000e+00,5.733300000000000063e-01
