6.308399999999999563e-01,5.810600000000000209e-01,5.863399999999999723e-01,6.198000000000000176e-01,6.066000000000000281e-01,5.779900000000000038e-01,6.036799999999999944e-01,6.337199999999999500e-01,5.911600000000000188e-01,5.961999999999999522e-01,5.785599999999999632e-01,6.231999999999999762e-01,6.055599999999999872e-01,5.628400000000000070e-01,5.861300000000000399e-01,5.608199999999999852e-01,5.930400000000000116e-01,5.956900000000000528e-01,5.802500000000000435e-01,5.528199999999999781e-01,6.000900000000000123e-01,5.584299999999999820e-01,5.876000000000000112e-01,5.976599999999999691e-01,5.921499999999999542e-01,6.059799999999999631e-01,5.519500000000000517e-01,5.945000000000000284e-01,5.591500000000000359e-01,5.687400000000000233e-01,5.581399999999999695e-01,6.352499999999999813e-01,6.158099999999999685e-01,6.015399999999999636e-01,6.015899999999999581e-01,5.926599999999999646e-01,6.194300000000000361e-01,5.922399999999999887e-01,6.592700000000000227e-01,6.283699999999999841e-01,6.081999999999999629e-01,6.357099999999999973e-01,6.104300000000000281e-01,6.502000000000000002e-01,6.201600000000000446e-01,6.121299999999999519e-01,5.704000000000000181e-01,5.960900000000000087e-01,6.482400000000000384e-01,6.076599999999999779e-01,5.887900000000000356e-01,6.119799999999999685e-01,6.444400000000000128e-01,5.766400000000000414e-01,5.990900000000000114e-01,5.832500000000000462e-01,6.223699999999999788e-01,6.169400000000000439e-01,5.824099999999999833e-01,5.981499999999999595e-01,5.855599999999999694e-01,6.121900000000000119e-01,5.884399999999999631e-01,5.731600000000000028e-01,5.789900000000000047e-01,6.124399999999999844e-01,5.810300000000000464e-01,5.978499999999999925e-01,5.945099999999999829e-01,5.883300000000000196e-01,6.091100000000000403e-01,5.838799999999999546e-01,5.826000000000000068e-01,5.828100000000000502e-01,0.000000000000000000e+00,5.944599999999999884e-01
5.810600000000000209e-01,5.521300000000000097e-01,5.489000000000000545e-01,5.828100000000000502e-01,5.716599999999999460e-01,5.467199999999999838e-01,5.657499999999999751e-01,5.765500000000000069e-01,5.544499999999999984e-01,5.593099999999999739e-01,5.456900000000000084e-01,5.728499999999999703e-01,5.652500000000000302e-01,5.443299999999999805e-01,0.000000000000000000e+00,0.000000000000000000e+00,5.594500000000000028e-01,5.610000000000000542e-01,5.431399999999999562e-01,0.000000000000000000e+00,5.476600000000000357e-01,0.000000000000000000e+00,5.492099999999999760e-01,5.476499999999999702e-01,5.553200000000000358e-01,5.599300000000000388e-01,0.000000000000000000e+00,5.591000000000000414e-01,0.000000000000000000e+00,0.000000000000000000e+00,0.000000000000000000e+00,5.836799999999999766e-01,5.759999999999999565e-01,5.688900000000000068e-01,5.703599999999999781e-01,5.670500000000000540e-01,5.775900000000000478e-01,5.595499999999999918e-01,5.946399999999999464e-01,5.823500000000000343e-01,5.689600000000000213e-01,5.787400000000000322e-01,5.773300000000000098e-01,6.012399999999999967e-01,5.824399999999999578e-01,5.571000000000000396e-01,5.413299999999999779e-01,5.536999999999999700e-01,5.994800000000000129e-01,5.733000000000000318e-01,5.540899999999999714e-01,5.706200000000000161e-01,5.873699999999999477e-01,5.467499999999999583e-01,5.609199999999999742e-01,5.497100000000000319e-01,5.646299999999999653e-01,5.699999999999999512e-01,5.541199999999999459e-01,5.507800000000000473e-01,5.504200000000000204e-01,5.696099999999999497e-01,5.504999999999999893e-01,0.000000000000000000e+00,5.455699999999999994e-01,5.542899999999999494e-01,5.488100000000000200e-01,5.611399999999999721e-01,5.452099999999999724e-01,5.561599999999999877e-01,5.608600000000000252e-01,5.526600000000000401e-01,5.504299999999999748e-01,5.451399999999999579e-01,0.000000000000000000e+00,5.605299999999999727e-01
5.863399999999999723e-01,5.489000000000000545e-01,0.000000000000000000e+00,5.766499999999999959e-01,5.676099999999999479e-01,5.444900000000000295e-01,5.623299999999999965e-01,5.786799999999999722e-01,5.522899999999999476e-01,5.499000000000000554e-01,5.461700000000000443e-01,5.715099999999999625e-01,5.609399999999999942e-01,0.000000000000000000e+00,0.000000000000000000e+00,0.000000000000000000e+00,5.457600000000000229e-01,5.602899999999999547e-01,0.000000000000000000e+00,0.000000000000000000e+00,5.596600000000000463e-01,0.000000000000000000e+00,5.475999999999999757e-01,5.577299999999999480e-01,5.561899999999999622e-01,5.608600000000000252e-01,0.000000000000000000e+00,5.534999999999999920e-01,0.000000000000000000e+00,0.000000000000000000e+00,0.000000000000000000e+00,5.686200000000000143e-01,5.683399999999999563e-01,5.594799999999999773e-01,5.554499999999999993e-01,5.568199999999999816e-01,5.695599999999999552e-01,5.491300000000000070e-01,5.815599999999999659e-01,5.805900000000000505e-01,5.704099999999999726e-01,5.806200000000000250e-01,5.647199999999999998e-01,5.879400000000000182e-01,5.781800000000000272e-01,5.710600000000000120e-01,0.000000000000000000e+00,5.613099999999999756e-01,5.896099999999999675e-01,5.604099999999999637e-01,5.471200000000000507e-01,5.632500000000000284e-01,5.883399999999999741e-01,5.452299999999999924e-01,5.578600000000000225e-01,5.446699999999999875e-01,5.728499999999999703e-01,5.648499999999999632e-01,5.462399999999999478e-01,5.512200000000000433e-01,0.000000000000000000e+00,5.572599999999999776e-01,5.431200000000000472e-01,0.000000000000000000e+00,5.423900000000000388e-01,5.632500000000000284e-01,5.451899999999999524e-01,5.579100000000000170e-01,5.579699999999999660e-01,5.490300000000000180e-01,5.598499999999999588e-01,5.488399999999999945e-01,5.484900000000000331e-01,5.460500000000000353e-01,0.000000000000000000e+00,5.563200000000000367e-01
6.198000000000000176e-01,5.828100000000000502e-01,5.766499999999999959e-01,6.192400000000000126e-01,6.116200000000000525e-01,5.728499999999999703e-01,6.067700000000000315e-01,6.204199999999999715e-01,5.842000000000000526e-01,5.966700000000000337e-01,5.809199999999999919e-01,6.177000000000000268e-01,6.018700000000000161e-01,5.803300000000000125e-01,5.623200000000000420e-01,5.607199999999999962e-01,5.879699999999999926e-01,5.901899999999999924e-01,5.794799999999999951e-01,5.532799999999999940e-01,5.850600000000000245e-01,5.572000000000000286e-01,5.799699999999999855e-01,5.814200000000000479e-01,5.866799999999999793e-01,5.951600000000000223e-01,5.493400000000000505e-01,5.923300000000000232e-01,5.557299999999999462e-01,5.730800000000000338e-01,5.600100000000000078e-01,6.231100000000000527e-01,6.168000000000000149e-01,6.051900000000000057e-01,6.036899999999999489e-01,5.999200000000000088e-01,6.233400000000000052e-01,5.766999999999999904e-01,6.347899999999999654e-01,6.300599999999999534e-01,6.069499999999999895e-01,6.109700000000000131e-01,6.142300000000000537e-01,6.385999999999999455e-01,6.111799999999999455e-01,5.953600000000000003e-01,5.688699999999999868e-01,5.859499999999999709e-01,6.338500000000000245e-01,6.095899999999999652e-01,5.858100000000000529e-01,6.094899999999999762e-01,6.314600000000000213e-01,5.691800000000000193e-01,5.990600000000000369e-01,5.866799999999999793e-01,6.077799999999999869e-01,6.090900000000000203e-01,5.910800000000000498e-01,5.789999999999999591e-01,5.798799999999999510e-01,6.128200000000000314e-01,5.820400000000000018e-01,5.806499999999999995e-01,5.682099999999999929e-01,5.966700000000000337e-01,5.753200000000000536e-01,5.922600000000000087e-01,5.777200000000000113e-01,5.875299999999999967e-01,5.947799999999999754e-01,5.777799999999999603e-01,5.844399999999999595e-01,5.684399999999999453e-01,5.425200000000000022e-01,5.976700000000000346e-01
6.066000000000000281e-01,5.716599999999999460e-01,5.676099999999999479e-01,6.116200000000000525e-01,5.974599999999999911e-01,5.667299999999999560e-01,5.946299999999999919e-01,6.077000000000000179e-01,5.741399999999999837e-01,5.871399999999999952e-01,5.736299999999999732e-01,6.040400000000000214e-01,5.880199999999999871e-01,5.694200000000000372e-01,5.576299999999999590e-01,5.565999999999999837e-01,5.783300000000000107e-01,5.811199999999999699e-01,5.686299999999999688e-01,5.439000000000000501e-01,5.791500000000000536e-01,5.475799999999999557e-01,5.690199999999999703e-01,5.722500000000000364e-01,5.784799999999999942e-01,5.852600000000000025e-01,5.442200000000000371e-01,5.811500000000000554e-01,5.513599999999999612e-01,5.634500000000000064e-01,5.533299999999999885e-01,6.131499999999999728e-01,6.032499999999999529e-01,5.886799999999999811e-01,5.867900000000000338e-01,5.921300000000000452e-01,6.054000000000000492e-01,5.769199999999999884e-01,6.262900000000000134e-01,6.084600000000000009e-01,5.901300000000000434e-01,6.047099999999999698e-01,5.990600000000000369e-01,6.241400000000000281e-01,5.883399999999999741e-01,5.868200000000000083e-01,5.614200000000000301e-01,5.728699999999999903e-01,6.227300000000000058e-01,5.986099999999999755e-01,5.770600000000000174e-01,5.996899999999999453e-01,6.175599999999999978e-01,5.646200000000000108e-01,5.895099999999999785e-01,5.781100000000000128e-01,5.972300000000000386e-01,5.985300000000000065e-01,5.780100000000000238e-01,5.731600000000000028e-01,5.719999999999999529e-01,6.011800000000000477e-01,5.774500000000000188e-01,5.688299999999999468e-01,5.606100000000000527e-01,5.910699999999999843e-01,5.673200000000000465e-01,5.818499999999999783e-01,5.713099999999999845e-01,5.794500000000000206e-01,5.866299999999999848e-01,5.681300000000000239e-01,5.745200000000000307e-01,5.625099999999999545e-01,0.000000000000000000e+00,5.836700000000000221e-01
5.779900000000000038e-01,5.467199999999999838e-01,5.444900000000000295e-01,5.728600000000000358e-01,5.667299999999999560e-01,5.469100000000000072e-01,5.623500000000000165e-01,5.800400000000000000e-01,5.522500000000000187e-01,5.532700000000000395e-01,0.000000000000000000e+00,5.663200000000000456e-01,5.581800000000000095e-01,5.451099999999999834e-01,0.000000000000000000e+00,0.000000000000000000e+00,5.568600000000000216e-01,5.607400000000000162e-01,0.000000000000000000e+00,0.000000000000000000e+00,5.465299999999999603e-01,0.000000000000000000e+00,5.477600000000000247e-01,5.524000000000000021e-01,5.538999999999999480e-01,5.617499999999999716e-01,0.000000000000000000e+00,5.548600000000000199e-01,0.000000000000000000e+00,0.000000000000000000e+00,0.000000000000000000e+00,5.819800000000000528e-01,5.703200000000000491e-01,5.606600000000000472e-01,5.618600000000000261e-01,5.643099999999999783e-01,5.740499999999999492e-01,5.485499999999999821e-01,5.875500000000000167e-01,5.816200000000000259e-01,5.619399999999999951e-01,5.771399999999999864e-01,5.687100000000000488e-01,5.913199999999999568e-01,5.726200000000000179e-01,5.545200000000000129e-01,0.000000000000000000e+00,5.541000000000000369e-01,5.950999999999999623e-01,5.642800000000000038e-01,5.532500000000000195e-01,5.684299999999999908e-01,5.837400000000000366e-01,5.483900000000000441e-01,5.545400000000000329e-01,5.469300000000000272e-01,5.623700000000000365e-01,5.633299999999999974e-01,5.487999999999999545e-01,5.504799999999999693e-01,5.507900000000000018e-01,5.678699999999999859e-01,5.524099999999999566e-01,0.000000000000000000e+00,5.448199999999999710e-01,5.535299999999999665e-01,5.479199999999999626e-01,5.587600000000000344e-01,5.535099999999999465e-01,5.534200000000000230e-01,5.598100000000000298e-01,5.491700000000000470e-01,5.478800000000000336e-01,5.461300000000000043e-01,0.000000000000000000e+00,5.584999999999999964e-01
6.036799999999999944e-01,5.657499999999999751e-01,5.623299999999999965e-01,6.067700000000000315e-01,5.946299999999999919e-01,5.623500000000000165e-01,5.901999999999999469e-01,6.033699999999999619e-01,5.694099999999999717e-01,5.839100000000000401e-01,5.696499999999999897e-01,6.011300000000000532e-01,5.847900000000000320e-01,5.635999999999999899e-01,5.561300000000000132e-01,5.508800000000000363e-01,5.747999999999999776e-01,5.777499999999999858e-01,5.625200000000000200e-01,0.000000000000000000e+00,5.776799999999999713e-01,5.430500000000000327e-01,5.644200000000000328e-01,5.689400000000000013e-01,5.747700000000000031e-01,5.820199999999999818e-01,0.000000000000000000e+00,5.773399999999999643e-01,5.463900000000000423e-01,5.608899999999999997e-01,5.498199999999999754e-01,6.124399999999999844e-01,5.957900000000000418e-01,5.836400000000000476e-01,5.806900000000000395e-01,5.864700000000000468e-01,6.007200000000000317e-01,5.694799999999999862e-01,6.262999999999999678e-01,6.080100000000000504e-01,5.870999999999999552e-01,6.024800000000000155e-01,5.944800000000000084e-01,6.242199999999999971e-01,5.857400000000000384e-01,5.839400000000000146e-01,5.542599999999999749e-01,5.710800000000000320e-01,6.214600000000000124e-01,5.934000000000000385e-01,5.721000000000000529e-01,5.954000000000000403e-01,6.151299999999999546e-01,5.585099999999999509e-01,5.861699999999999688e-01,5.734399999999999498e-01,5.957000000000000073e-01,5.941999999999999504e-01,5.728199999999999958e-01,5.685000000000000053e-01,5.650199999999999667e-01,5.954000000000000403e-01,5.722599999999999909e-01,5.618400000000000061e-01,5.539100000000000135e-01,5.886700000000000266e-01,5.605700000000000127e-01,5.764799999999999924e-01,5.702599999999999891e-01,5.746700000000000141e-01,5.824000000000000288e-01,5.629100000000000215e-01,5.690399999999999903e-01,5.572500000000000231e-01,0.000000000000000000e+00,5.795599999999999641e-01
6.337199999999999500e-01,5.765500000000000069e-01,5.786799999999999722e-01,6.204199999999999715e-01,6.077000000000000179e-01,5.800400000000000000e-01,6.033699999999999619e-01,6.366600000000000037e-01,5.856999999999999984e-01,5.934500000000000330e-01,5.801399999999999890e-01,6.137700000000000378e-01,5.945700000000000429e-01,5.772300000000000209e-01,5.798999999999999710e-01,5.695500000000000007e-01,5.898700000000000054e-01,5.966900000000000537e-01,5.739499999999999602e-01,5.538699999999999735e-01,6.009900000000000242e-01,5.644500000000000073e-01,5.863800000000000123e-01,5.940699999999999870e-01,5.878700000000000037e-01,6.014899999999999691e-01,5.552500000000000213e-01,5.891499999999999515e-01,5.614700000000000246e-01,5.674400000000000555e-01,5.616700000000000026e-01,6.256000000000000449e-01,6.054199999999999582e-01,5.899799999999999489e-01,5.857400000000000384e-01,5.950400000000000134e-01,6.137700000000000378e-01,5.702500000000000346e-01,6.430299999999999905e-01,6.169700000000000184e-01,6.033100000000000129e-01,6.276300000000000212e-01,6.021400000000000086e-01,6.330599999999999561e-01,5.991900000000000004e-01,6.059400000000000341e-01,5.706400000000000361e-01,5.915899999999999492e-01,6.367000000000000437e-01,6.052400000000000002e-01,5.877200000000000202e-01,6.106599999999999806e-01,6.471299999999999830e-01,5.757799999999999585e-01,5.944000000000000394e-01,5.861800000000000344e-01,6.130900000000000238e-01,6.086200000000000498e-01,5.768199999999999994e-01,5.897099999999999564e-01,5.790999999999999481e-01,6.043300000000000338e-01,5.859100000000000419e-01,5.738699999999999912e-01,5.796799999999999731e-01,6.176899999999999613e-01,5.803700000000000525e-01,5.952499999999999458e-01,5.906599999999999628e-01,5.888999999999999790e-01,6.013699999999999601e-01,5.807299999999999685e-01,5.839100000000000401e-01,5.813399999999999679e-01,0.000000000000000000e+00,5.912600000000000078e-01
5.911600000000000188e-01,5.544499999999999984e-01,5.522899999999999476e-01,5.842000000000000526e-01,5.741399999999999837e-01,5.522500000000000187e-01,5.694099999999999717e-01,5.856999999999999984e-01,5.611800000000000122e-01,5.611300000000000177e-01,5.517199999999999882e-01,5.758999999999999675e-01,5.663399999999999546e-01,5.497600000000000264e-01,5.479600000000000026e-01,0.000000000000000000e+00,5.635900000000000354e-01,5.672700000000000520e-01,5.472599999999999687e-01,0.000000000000000000e+00,5.555499999999999883e-01,0.000000000000000000e+00,5.558999999999999497e-01,5.623899999999999455e-01,5.620199999999999640e-01,5.706200000000000161e-01,0.000000000000000000e+00,5.621099999999999985e-01,0.000000000000000000e+00,5.425600000000000422e-01,0.000000000000000000e+00,5.847599999999999465e-01,5.754200000000000426e-01,5.646600000000000508e-01,5.651699999999999502e-01,5.705000000000000071e-01,5.808100000000000485e-01,5.590100000000000069e-01,5.965799999999999992e-01,5.857700000000000129e-01,5.706700000000000106e-01,5.864700000000000468e-01,5.786299999999999777e-01,5.983399999999999830e-01,5.809100000000000374e-01,5.675299999999999789e-01,5.442299999999999915e-01,5.614400000000000501e-01,5.981999999999999540e-01,5.703500000000000236e-01,5.580699999999999550e-01,5.741199999999999637e-01,5.951899999999999968e-01,5.558999999999999497e-01,5.648400000000000087e-01,5.526200000000000001e-01,5.749499999999999611e-01,5.711300000000000265e-01,5.551700000000000523e-01,5.595599999999999463e-01,5.552300000000000013e-01,5.741000000000000547e-01,5.585099999999999509e-01,5.456199999999999939e-01,5.537600000000000300e-01,5.626499999999999835e-01,5.554099999999999593e-01,5.680199999999999694e-01,5.593000000000000194e-01,5.607499999999999707e-01,5.687999999999999723e-01,5.574000000000000066e-01,5.553099999999999703e-01,5.548199999999999799e-01,0.000000000000000000e+00,5.642800000000000038e-01
5.961999999999999522e-01,5.593099999999999739e-01,5.499000000000000554e-01,5.966700000000000337e-01,5.871399999999999952e-01,5.532700000000000395e-01,5.839100000000000401e-01,5.934500000000000330e-01,5.611300000000000177e-01,5.775900000000000478e-01,5.665499999999999980e-01,5.875399999999999512e-01,5.756900000000000350e-01,5.618499999999999606e-01,5.439500000000000446e-01,0.000000000000000000e+00,5.723700000000000454e-01,5.675099999999999589e-01,5.583000000000000185e-01,0.000000000000000000e+00,5.685000000000000053e-01,0.000000000000000000e+00,5.547100000000000364e-01,5.532000000000000250e-01,5.685999999999999943e-01,5.697400000000000242e-01,0.000000000000000000e+00,5.684500000000000108e-01,0.000000000000000000e+00,5.550800000000000178e-01,5.413299999999999779e-01,5.921199999999999797e-01,5.797799999999999621e-01,5.678699999999999859e-01,5.662000000000000366e-01,5.851800000000000335e-01,5.955300000000000038e-01,5.648699999999999832e-01,6.031300000000000550e-01,6.025500000000000300e-01,5.711600000000000010e-01,5.806499999999999995e-01,5.874599999999999822e-01,6.093499999999999472e-01,5.782800000000000162e-01,5.695200000000000262e-01,5.476799999999999446e-01,5.558499999999999552e-01,6.046300000000000008e-01,5.834099999999999842e-01,5.623299999999999965e-01,5.830300000000000482e-01,5.981899999999999995e-01,5.501800000000000024e-01,5.804899999999999505e-01,5.685400000000000453e-01,5.821899999999999853e-01,5.837400000000000366e-01,5.687499999999999778e-01,5.505499999999999838e-01,5.510800000000000143e-01,5.893599999999999950e-01,5.592500000000000249e-01,5.538399999999999990e-01,5.510000000000000453e-01,5.729899999999999993e-01,5.554700000000000193e-01,5.620899999999999785e-01,5.534499999999999975e-01,5.665099999999999580e-01,5.673899999999999499e-01,5.549600000000000088e-01,5.646900000000000253e-01,5.531700000000000506e-01,0.000000000000000000e+00,5.665999999999999925e-01
5.785599999999999632e-01,5.456900000000000084e-01,5.461599999999999788e-01,5.809199999999999919e-01,5.736299999999999732e-01,0.000000000000000000e+00,5.696499999999999897e-01,5.801399999999999890e-01,5.517199999999999882e-01,5.665499999999999980e-01,5.512599999999999723e-01,5.727100000000000524e-01,5.620199999999999640e-01,5.545600000000000529e-01,0.000000000000000000e+00,0.000000000000000000e+00,5.564000000000000057e-01,5.564500000000000002e-01,5.466400000000000148e-01,0.000000000000000000e+00,5.602000000000000313e-01,0.000000000000000000e+00,5.465200000000000058e-01,5.468300000000000383e-01,5.578699999999999770e-01,5.590899999999999759e-01,0.000000000000000000e+00,5.566400000000000237e-01,0.000000000000000000e+00,5.412599999999999634e-01,0.000000000000000000e+00,5.804300000000000015e-01,5.735500000000000043e-01,5.574900000000000411e-01,5.575999999999999845e-01,5.718699999999999894e-01,5.759400000000000075e-01,5.546200000000000019e-01,5.866000000000000103e-01,5.775700000000000278e-01,5.584000000000000075e-01,5.718600000000000350e-01,5.730199999999999738e-01,5.904700000000000504e-01,5.625499999999999945e-01,5.608400000000000052e-01,0.000000000000000000e+00,5.483200000000000296e-01,5.903199999999999559e-01,5.695200000000000262e-01,5.574500000000000011e-01,5.720399999999999929e-01,5.881399999999999961e-01,5.457800000000000429e-01,5.687499999999999778e-01,5.560699999999999532e-01,5.693799999999999972e-01,5.714099999999999735e-01,5.553599999999999648e-01,5.467100000000000293e-01,5.437899999999999956e-01,5.748199999999999976e-01,5.518499999999999517e-01,5.436199999999999921e-01,0.000000000000000000e+00,5.645700000000000163e-01,5.459800000000000209e-01,5.543099999999999694e-01,5.494200000000000195e-01,5.561000000000000387e-01,5.584900000000000420e-01,5.467699999999999783e-01,5.531000000000000361e-01,5.412599999999999634e-01,0.000000000000000000e+00,5.549500000000000544e-01
6.231999999999999762e-01,5.728499999999999703e-01,5.715099999999999625e-01,6.177000000000000268e-01,6.040400000000000214e-01,5.663200000000000456e-01,6.011300000000000532e-01,6.137700000000000378e-01,5.758999999999999675e-01,5.875299999999999967e-01,5.727100000000000524e-01,6.137099999999999778e-01,5.957000000000000073e-01,5.663500000000000201e-01,5.638400000000000079e-01,5.523000000000000131e-01,5.753399999999999626e-01,5.803099999999999925e-01,5.657299999999999551e-01,5.425400000000000222e-01,5.840800000000000436e-01,5.448399999999999910e-01,5.731100000000000083e-01,5.766200000000000214e-01,5.801500000000000545e-01,5.891300000000000425e-01,5.444499999999999895e-01,5.847499999999999920e-01,5.461200000000000498e-01,5.639300000000000423e-01,5.526299999999999546e-01,6.187099999999999822e-01,6.162199999999999900e-01,6.033399999999999874e-01,6.002899999999999903e-01,5.929600000000000426e-01,6.148500000000000076e-01,5.846000000000000085e-01,6.367899999999999672e-01,6.305500000000000549e-01,6.045199999999999463e-01,6.147700000000000387e-01,6.052800000000000402e-01,6.366199999999999637e-01,6.015399999999999636e-01,6.009900000000000242e-01,5.602599999999999802e-01,5.806700000000000195e-01,6.292299999999999560e-01,6.046399999999999553e-01,5.742399999999999727e-01,6.026099999999999790e-01,6.242299999999999516e-01,5.598199999999999843e-01,5.915700000000000403e-01,5.773399999999999643e-01,6.067200000000000371e-01,6.034599999999999964e-01,5.853399999999999714e-01,5.791100000000000136e-01,5.693500000000000227e-01,5.983300000000000285e-01,5.737400000000000277e-01,5.665999999999999925e-01,5.599300000000000388e-01,5.992699999999999694e-01,5.659999999999999476e-01,5.853699999999999459e-01,5.741100000000000092e-01,5.750499999999999501e-01,5.918400000000000327e-01,5.682599999999999874e-01,5.743000000000000327e-01,5.624700000000000255e-01,0.000000000000000000e+00,5.896500000000000075e-01
6.055599999999999872e-01,5.652500000000000302e-01,5.609399999999999942e-01,6.018700000000000161e-01,5.880199999999999871e-01,5.581800000000000095e-01,5.847900000000000320e-01,5.945700000000000429e-01,5.663399999999999546e-01,5.756999999999999895e-01,5.620199999999999640e-01,5.957000000000000073e-01,5.810800000000000409e-01,5.565900000000000292e-01,5.508100000000000218e-01,5.479500000000000481e-01,5.731899999999999773e-01,5.755099999999999660e-01,5.580600000000000005e-01,0.000000000000000000e+00,5.671500000000000430e-01,5.413900000000000379e-01,5.623899999999999455e-01,5.666999999999999815e-01,5.694599999999999662e-01,5.769499999999999629e-01,0.000000000000000000e+00,5.736299999999999732e-01,5.426999999999999602e-01,5.549300000000000344e-01,5.431599999999999762e-01,6.023100000000000120e-01,5.900499999999999634e-01,5.789400000000000102e-01,5.780999999999999472e-01,5.825000000000000178e-01,5.955300000000000038e-01,5.662500000000000311e-01,6.175100000000000033e-01,6.056799999999999962e-01,5.830199999999999827e-01,5.976700000000000346e-01,5.926399999999999446e-01,6.167599999999999749e-01,5.904000000000000359e-01,5.781800000000000272e-01,5.515299999999999647e-01,5.678400000000000114e-01,6.139400000000000412e-01,5.871100000000000207e-01,5.662300000000000111e-01,5.886000000000000121e-01,6.079099999999999504e-01,5.548999999999999488e-01,5.784399999999999542e-01,5.643599999999999728e-01,5.893399999999999750e-01,5.891600000000000170e-01,5.694399999999999462e-01,5.628600000000000270e-01,5.613700000000000356e-01,5.870600000000000263e-01,5.658199999999999896e-01,5.547699999999999854e-01,5.547199999999999909e-01,5.762800000000000145e-01,5.589100000000000179e-01,5.740199999999999747e-01,5.643200000000000438e-01,5.687400000000000233e-01,5.778299999999999548e-01,5.619199999999999751e-01,5.662199999999999456e-01,5.579600000000000115e-01,0.000000000000000000e+00,5.755799999999999805e-01
5.628400000000000070e-01,5.443299999999999805e-01,0.000000000000000000e+00,5.803300000000000125e-01,5.694200000000000372e-01,5.451099999999999834e-01,5.635999999999999899e-01,5.772300000000000209e-01,5.497600000000000264e-01,5.618499999999999606e-01,5.545600000000000529e-01,5.663500000000000201e-01,5.565900000000000292e-01,5.585200000000000164e-01,0.000000000000000000e+00,0.000000000000000000e+00,5.605099999999999527e-01,5.505900000000000238e-01,5.513400000000000523e-01,0.000000000000000000e+00,5.507999999999999563e-01,0.000000000000000000e+00,5.471399999999999597e-01,5.417399999999999993e-01,5.544200000000000239e-01,5.547600000000000309e-01,0.000000000000000000e+00,5.537499999999999645e-01,0.000000000000000000e+00,0.000000000000000000e+00,0.000000000000000000e+00,5.744099999999999762e-01,5.696400000000000352e-01,5.565700000000000092e-01,5.579699999999999660e-01,5.721500000000000474e-01,5.771699999999999608e-01,5.573700000000000321e-01,5.796999999999999931e-01,5.720399999999999929e-01,5.535499999999999865e-01,5.720100000000000184e-01,5.684900000000000508e-01,5.924300000000000122e-01,5.636100000000000554e-01,0.000000000000000000e+00,0.000000000000000000e+00,5.464400000000000368e-01,5.814099999999999824e-01,5.634799999999999809e-01,5.548300000000000454e-01,5.666700000000000070e-01,5.788100000000000467e-01,5.482099999999999751e-01,5.660399999999999876e-01,5.568999999999999506e-01,5.629600000000000160e-01,5.650300000000000322e-01,5.526499999999999746e-01,5.434600000000000541e-01,5.480899999999999661e-01,5.694700000000000317e-01,5.518600000000000172e-01,5.517800000000000482e-01,5.411700000000000399e-01,5.538800000000000390e-01,5.447499999999999565e-01,5.496999999999999664e-01,5.426199999999999912e-01,5.550300000000000233e-01,5.537400000000000100e-01,5.486699999999999910e-01,5.503299999999999859e-01,0.000000000000000000e+00,0.000000000000000000e+00,5.489699999999999580e-01
5.861300000000000399e-01,0.000000000000000000e+00,0.000000000000000000e+00,5.623200000000000420e-01,5.576299999999999590e-01,0.000000000000000000e+00,5.561300000000000132e-01,5.799100000000000366e-01,5.479600000000000026e-01,5.439500000000000446e-01,0.000000000000000000e+00,5.638400000000000079e-01,5.508100000000000218e-01,0.000000000000000000e+00,5.433700000000000196e-01,0.000000000000000000e+00,0.000000000000000000e+00,5.518899999999999917e-01,0.000000000000000000e+00,0.000000000000000000e+00,5.528899999999999926e-01,0.000000000000000000e+00,5.469899999999999762e-01,5.564099999999999602e-01,5.483099999999999641e-01,5.602300000000000058e-01,0.000000000000000000e+00,5.452599999999999669e-01,0.000000000000000000e+00,0.000000000000000000e+00,0.000000000000000000e+00,5.630199999999999649e-01,5.612899999999999556e-01,5.504700000000000149e-01,5.477699999999999791e-01,5.504200000000000204e-01,5.615599999999999481e-01,5.437800000000000411e-01,5.775799999999999823e-01,5.734500000000000153e-01,5.592300000000000049e-01,5.788100000000000467e-01,5.545200000000000129e-01,5.797999999999999821e-01,5.672800000000000065e-01,5.657499999999999751e-01,0.000000000000000000e+00,5.521300000000000097e-01,5.824799999999999978e-01,5.567100000000000382e-01,5.431599999999999762e-01,5.601699999999999458e-01,5.847099999999999520e-01,0.000000000000000000e+00,5.481899999999999551e-01,0.000000000000000000e+00,5.683200000000000474e-01,5.560399999999999787e-01,5.420199999999999463e-01,5.574400000000000466e-01,5.430399999999999672e-01,5.533299999999999885e-01,5.462399999999999478e-01,0.000000000000000000e+00,5.435100000000000486e-01,5.620699999999999585e-01,5.434299999999999686e-01,5.558699999999999752e-01,5.589600000000000124e-01,5.461700000000000443e-01,5.610000000000000542e-01,5.439300000000000246e-01,0.000000000000000000e+00,5.435600000000000431e-01,0.000000000000000000e+00,5.487199999999999855e-01
5.608199999999999852e-01,0.000000000000000000e+00,0.000000000000000000e+00,5.607199999999999962e-01,5.565999999999999837e-01,0.000000000000000000e+00,5.508800000000000363e-01,5.695500000000000007e-01,0.000000000000000000e+00,0.000000000000000000e+00,0.000000000000000000e+00,5.523000000000000131e-01,5.479500000000000481e-01,0.000000000000000000e+00,0.000000000000000000e+00,0.000000000000000000e+00,0.000000000000000000e+00,5.438199999999999701e-01,0.000000000000000000e+00,0.000000000000000000e+00,0.000000000000000000e+00,0.000000000000000000e+00,0.000000000000000000e+00,0.000000000000000000e+00,0.000000000000000000e+00,5.473999999999999977e-01,0.000000000000000000e+00,5.440399999999999681e-01,0.000000000000000000e+00,0.000000000000000000e+00,0.000000000000000000e+00,5.648999999999999577e-01,5.505299999999999638e-01,5.443200000000000260e-01,5.432900000000000507e-01,5.431399999999999562e-01,5.570100000000000051e-01,0.000000000000000000e+00,5.763000000000000345e-01,5.604400000000000492e-01,5.463599999999999568e-01,5.561099999999999932e-01,5.508999999999999453e-01,5.728900000000000103e-01,5.534499999999999975e-01,0.000000000000000000e+00,0.000000000000000000e+00,0.000000000000000000e+00,5.772199999999999553e-01,5.515299999999999647e-01,0.000000000000000000e+00,5.536200000000000010e-01,5.746099999999999541e-01,0.000000000000000000e+00,5.418699999999999628e-01,0.000000000000000000e+00,5.504900000000000349e-01,5.533599999999999630e-01,0.000000000000000000e+00,0.000000000000000000e+00,0.000000000000000000e+00,5.543000000000000149e-01,0.000000000000000000e+00,0.000000000000000000e+00,0.000000000000000000e+00,5.442399999999999460e-01,0.000000000000000000e+00,5.467400000000000038e-01,0.000000000000000000e+00,5.419300000000000228e-01,5.474299999999999722e-01,0.000000000000000000e+00,0.000000000000000000e+00,0.000000000000000000e+00,0.000000000000000000e+00,5.440899999999999626e-01
5.930400000000000116e-01,5.594500000000000028e-01,5.457600000000000229e-01,5.879699999999999926e-01,5.783300000000000107e-01,5.568499999999999561e-01,5.747999999999999776e-01,5.898700000000000054e-01,5.635900000000000354e-01,5.723700000000000454e-01,5.564000000000000057e-01,5.753399999999999626e-01,5.731899999999999773e-01,5.605099999999999527e-01,0.000000000000000000e+00,0.000000000000000000e+00,5.660399999999999876e-01,5.675700000000000189e-01,5.529600000000000071e-01,0.000000000000000000e+00,5.543599999999999639e-01,0.000000000000000000e+00,5.575200000000000156e-01,5.509100000000000108e-01,5.646799999999999597e-01,5.667699999999999960e-01,0.000000000000000000e+00,5.686700000000000088e-01,5.423200000000000243e-01,5.523099999999999676e-01,0.000000000000000000e+00,5.935500000000000220e-01,5.705999999999999961e-01,5.636299999999999644e-01,5.628199999999999870e-01,5.864899999999999558e-01,5.936299999999999910e-01,5.639399999999999968e-01,5.976099999999999746e-01,5.965500000000000247e-01,5.653899999999999482e-01,5.753099999999999881e-01,5.893699999999999495e-01,6.024899999999999700e-01,5.815399999999999459e-01,5.582099999999999840e-01,5.436699999999999866e-01,5.545700000000000074e-01,6.044100000000000028e-01,5.781899999999999817e-01,5.633700000000000374e-01,5.773899999999999588e-01,5.968299999999999716e-01,5.562099999999999822e-01,5.735299999999999843e-01,5.604700000000000237e-01,5.702700000000000546e-01,5.791100000000000136e-01,5.614799999999999791e-01,5.507699999999999818e-01,5.531700000000000506e-01,5.851399999999999935e-01,5.598199999999999843e-01,5.430399999999999672e-01,5.596999999999999753e-01,5.569899999999999851e-01,5.588100000000000289e-01,5.661699999999999511e-01,5.492399999999999505e-01,5.654500000000000082e-01,5.645900000000000363e-01,5.582300000000000040e-01,5.616499999999999826e-01,5.582899999999999530e-01,0.000000000000000000e+00,5.635999999999999899e-01
5.956900000000000528e-01,5.610000000000000542e-01,5.602899999999999547e-01,5.901899999999999924e-01,5.811199999999999699e-01,5.607400000000000162e-01,5.777499999999999858e-01,5.966900000000000537e-01,5.672700000000000520e-01,5.675099999999999589e-01,5.564500000000000002e-01,5.803099999999999925e-01,5.755099999999999660e-01,5.505900000000000238e-01,5.518899999999999917e-01,5.438199999999999701e-01,5.675700000000000189e-01,5.679999999999999494e-01,5.519399999999999862e-01,0.000000000000000000e+00,5.612000000000000322e-01,5.430099999999999927e-01,5.625000000000000000e-01,5.626600000000000490e-01,5.645000000000000018e-01,5.739199999999999857e-01,0.000000000000000000e+00,5.693700000000000427e-01,5.459300000000000264e-01,5.490699999999999470e-01,5.415499999999999758e-01,5.957900000000000418e-01,5.826900000000000412e-01,5.722099999999999964e-01,5.717700000000000005e-01,5.738499999999999712e-01,5.870400000000000063e-01,5.591300000000000159e-01,6.106700000000000461e-01,5.920499999999999652e-01,5.779499999999999638e-01,5.929799999999999516e-01,5.849299999999999500e-01,6.064199999999999591e-01,5.850800000000000445e-01,5.724700000000000344e-01,5.492799999999999905e-01,5.642200000000000548e-01,6.119499999999999940e-01,5.806900000000000395e-01,5.660500000000000531e-01,5.843500000000000361e-01,6.051999999999999602e-01,5.578600000000000225e-01,5.698900000000000077e-01,5.587499999999999689e-01,5.783399999999999652e-01,5.820899999999999963e-01,5.612800000000000011e-01,5.651300000000000212e-01,5.609199999999999742e-01,5.856799999999999784e-01,5.635400000000000409e-01,5.483900000000000441e-01,5.562099999999999822e-01,5.682300000000000129e-01,5.597999999999999643e-01,5.725500000000000034e-01,5.599600000000000133e-01,5.668100000000000360e-01,5.742699999999999472e-01,5.611500000000000377e-01,5.619399999999999951e-01,5.594200000000000284e-01,0.000000000000000000e+00,5.708699999999999886e-01
5.802500000000000435e-01,5.431300000000000017e-01,0.000000000000000000e+00,5.794799999999999951e-01,5.686299999999999688e-01,0.000000000000000000e+00,5.625200000000000200e-01,5.739499999999999602e-01,5.472599999999999687e-01,5.583000000000000185e-01,5.466400000000000148e-01,5.657299999999999551e-01,5.580600000000000005e-01,5.513400000000000523e-01,0.000000000000000000e+00,0.000000000000000000e+00,5.529600000000000071e-01,5.519399999999999862e-01,5.433299999999999796e-01,0.000000000000000000e+00,5.515700000000000047e-01,0.000000000000000000e+00,5.446600000000000330e-01,0.000000000000000000e+00,5.504999999999999893e-01,5.543200000000000349e-01,0.000000000000000000e+00,5.518100000000000227e-01,0.000000000000000000e+00,0.000000000000000000e+00,0.000000000000000000e+00,5.659600000000000186e-01,5.596200000000000063e-01,5.532599999999999740e-01,5.423400000000000443e-01,5.639899999999999913e-01,5.728699999999999903e-01,0.000000000000000000e+00,5.777400000000000313e-01,5.788100000000000467e-01,5.565999999999999837e-01,5.633799999999999919e-01,5.655900000000000372e-01,5.792899999999999716e-01,5.661800000000000166e-01,5.532200000000000450e-01,0.000000000000000000e+00,5.467899999999999983e-01,5.860899999999999999e-01,5.623799999999999910e-01,5.473000000000000087e-01,5.652700000000000502e-01,5.804000000000000270e-01,0.000000000000000000e+00,5.584500000000000020e-01,5.459300000000000264e-01,5.595200000000000173e-01,5.669600000000000195e-01,5.481700000000000461e-01,0.000000000000000000e+00,0.000000000000000000e+00,5.706599999999999451e-01,5.438199999999999701e-01,0.000000000000000000e+00,0.000000000000000000e+00,5.552500000000000213e-01,0.000000000000000000e+00,5.508499999999999508e-01,0.000000000000000000e+00,5.502299999999999969e-01,5.537800000000000500e-01,5.432700000000000307e-01,5.477100000000000302e-01,5.411299999999999999e-01,0.000000000000000000e+00,5.524099999999999566e-01
5.528199999999999781e-01,0.000000000000000000e+00,0.000000000000000000e+00,5.532799999999999940e-01,5.439000000000000501e-01,0.000000000000000000e+00,0.000000000000000000e+00,5.538699999999999735e-01,0.000000000000000000e+00,0.000000000000000000e+00,0.000000000000000000e+00,5.425400000000000222e-01,0.000000000000000000e+00,0.000000000000000000e+00,0.000000000000000000e+00,0.000000000000000000e+00,0.000000000000000000e+00,0.000000000000000000e+00,0.000000000000000000e+00,0.000000000000000000e+00,0.000000000000000000e+00,0.000000000000000000e+00,0.000000000000000000e+00,0.000000000000000000e+00,0.000000000000000000e+00,0.000000000000000000e+00,0.000000000000000000e+00,0.000000000000000000e+00,0.000000000000000000e+00,0.000000000000000000e+00,0.000000000000000000e+00,5.466299999999999493e-01,5.456499999999999684e-01,0.000000000000000000e+00,0.000000000000000000e+00,5.414299999999999669e-01,5.499600000000000044e-01,0.000000000000000000e+00,5.531099999999999905e-01,5.475700000000000012e-01,0.000000000000000000e+00,5.424900000000000277e-01,5.477699999999999791e-01,5.536999999999999700e-01,5.486900000000000110e-01,0.000000000000000000e+00,0.000000000000000000e+00,0.000000000000000000e+00,5.582000000000000295e-01,5.414099999999999469e-01,0.000000000000000000e+00,5.422799999999999843e-01,5.610199999999999632e-01,0.000000000000000000e+00,0.000000000000000000e+00,0.000000000000000000e+00,5.425600000000000422e-01,0.000000000000000000e+00,0.000000000000000000e+00,0.000000000000000000e+00,0.000000000000000000e+00,5.447199999999999820e-01,0.000000000000000000e+00,0.000000000000000000e+00,0.000000000000000000e+00,0.000000000000000000e+00,0.000000000000000000e+00,0.000000000000000000e+00,0.000000000000000000e+00,0.000000000000000000e+00,0.000000000000000000e+00,0.000000000000000000e+00,0.000000000000000000e+00,0.000000000000000000e+00,0.000000000000000000e+00,0.000000000000000000e+00
6.000900000000000123e-01,5.476600000000000357e-01,5.596600000000000463e-01,5.850600000000000245e-01,5.791500000000000536e-01,5.465299999999999603e-01,5.776799999999999713e-01,6.009900000000000242e-01,5.555499999999999883e-01,5.685000000000000053e-01,5.602000000000000313e-01,5.840800000000000436e-01,5.671500000000000430e-01,5.507999999999999563e-01,5.528899999999999926e-01,0.000000000000000000e+00,5.543599999999999639e-01,5.612000000000000322e-01,5.515700000000000047e-01,0.000000000000000000e+00,5.849900000000000100e-01,0.000000000000000000e+00,5.563700000000000312e-01,5.667100000000000470e-01,5.643099999999999783e-01,5.721600000000000019e-01,0.000000000000000000e+00,5.593200000000000394e-01,0.000000000000000000e+00,5.423599999999999532e-01,0.000000000000000000e+00,5.913599999999999968e-01,5.789100000000000357e-01,5.630300000000000304e-01,5.601000000000000423e-01,5.652300000000000102e-01,5.781100000000000128e-01,5.475299999999999612e-01,6.079999999999999849e-01,5.885000000000000231e-01,5.739999999999999547e-01,6.000600000000000378e-01,5.662599999999999856e-01,5.943899999999999739e-01,5.666700000000000070e-01,5.900300000000000544e-01,5.413000000000000034e-01,5.619699999999999696e-01,6.007799999999999807e-01,5.735599999999999588e-01,5.573200000000000376e-01,5.817700000000000093e-01,6.146099999999999897e-01,5.453299999999999814e-01,5.693899999999999517e-01,5.632099999999999884e-01,5.926000000000000156e-01,5.813300000000000134e-01,5.506900000000000128e-01,5.637199999999999989e-01,5.467899999999999983e-01,5.752800000000000136e-01,5.574999999999999956e-01,5.462200000000000388e-01,5.443299999999999805e-01,5.995000000000000329e-01,5.492799999999999905e-01,5.636400000000000299e-01,5.743000000000000327e-01,5.614900000000000446e-01,5.753700000000000481e-01,5.475100000000000522e-01,5.555499999999999883e-01,5.488399999999999945e-01,0.000000000000000000e+00,5.620399999999999840e-01
