5.614599999999999591e-01,5.495400000000000285e-01,5.602099999999999858e-01,5.786400000000000432e-01,5.728999999999999648e-01,5.476900000000000102e-01,5.727400000000000269e-01,0.000000000000000000e+00,5.456299999999999484e-01,5.662500000000000311e-01,5.694700000000000317e-01,5.938499999999999890e-01,5.588800000000000434e-01,5.431799999999999962e-01,5.449899999999999745e-01,0.000000000000000000e+00,5.623299999999999965e-01,5.435299999999999576e-01,5.475999999999999757e-01,5.438300000000000356e-01,5.630600000000000049e-01,5.405100000000000460e-01,5.636600000000000499e-01,5.633000000000000229e-01,5.503700000000000259e-01,5.501000000000000334e-01,5.532200000000000450e-01,5.485999999999999766e-01,5.439399999999999791e-01,0.000000000000000000e+00,0.000000000000000000e+00,5.771300000000000319e-01,5.627900000000000125e-01,5.644700000000000273e-01,5.893000000000000460e-01,5.512599999999999723e-01,5.574200000000000266e-01,5.846500000000000030e-01,5.661699999999999511e-01,5.712199999999999500e-01,5.639399999999999968e-01,5.697400000000000242e-01,5.521800000000000042e-01,5.799800000000000511e-01,5.919699999999999962e-01,5.575099999999999500e-01,0.000000000000000000e+00,5.458800000000000319e-01,6.041600000000000303e-01,5.684500000000000108e-01,0.000000000000000000e+00,5.752099999999999991e-01,0.000000000000000000e+00,5.525900000000000256e-01,5.736099999999999532e-01,5.556200000000000028e-01,5.829900000000000082e-01,5.656600000000000517e-01,0.000000000000000000e+00,0.000000000000000000e+00,0.000000000000000000e+00,5.660500000000000531e-01,5.460700000000000554e-01,5.412099999999999689e-01,0.000000000000000000e+00,5.566400000000000237e-01,0.000000000000000000e+00,5.491500000000000270e-01,5.799699999999999855e-01,5.564200000000000257e-01,5.499800000000000244e-01,5.572200000000000486e-01,5.455299999999999594e-01,0.000000000000000000e+00,0.000000000000000000e+00,0.000000000000000000e+00
5.495400000000000285e-01,5.727600000000000469e-01,5.606200000000000072e-01,5.798499999999999766e-01,5.770499999999999519e-01,5.559100000000000152e-01,5.835399999999999476e-01,0.000000000000000000e+00,5.606499999999999817e-01,5.699999999999999512e-01,5.646999999999999797e-01,5.855700000000000349e-01,5.691899999999999737e-01,5.502099999999999769e-01,0.000000000000000000e+00,0.000000000000000000e+00,5.702599999999999891e-01,5.504499999999999948e-01,5.427899999999999947e-01,5.516499999999999737e-01,5.453400000000000469e-01,5.558699999999999752e-01,5.547600000000000309e-01,5.548699999999999743e-01,5.534200000000000230e-01,5.504299999999999748e-01,5.635599999999999499e-01,5.595499999999999918e-01,5.527699999999999836e-01,0.000000000000000000e+00,5.474400000000000377e-01,5.751300000000000301e-01,5.691100000000000048e-01,5.591000000000000414e-01,5.871100000000000207e-01,5.512000000000000233e-01,5.621699999999999475e-01,5.811300000000000354e-01,5.592200000000000504e-01,5.728600000000000358e-01,5.530800000000000161e-01,5.539600000000000080e-01,5.672000000000000375e-01,6.083100000000000174e-01,5.901999999999999469e-01,5.414799999999999613e-01,0.000000000000000000e+00,5.486400000000000166e-01,6.038099999999999579e-01,5.682800000000000074e-01,5.504999999999999893e-01,5.729999999999999538e-01,0.000000000000000000e+00,5.579800000000000315e-01,5.695599999999999552e-01,5.555099999999999483e-01,5.770100000000000229e-01,5.730800000000000338e-01,5.468899999999999872e-01,0.000000000000000000e+00,5.484099999999999531e-01,5.564000000000000057e-01,5.429899999999999727e-01,5.522299999999999986e-01,0.000000000000000000e+00,5.526699999999999946e-01,5.479500000000000481e-01,5.485999999999999766e-01,5.752899999999999681e-01,5.664500000000000091e-01,5.547800000000000509e-01,5.661800000000000166e-01,5.546699999999999964e-01,0.000000000000000000e+00,0.000000000000000000e+00,0.000000000000000000e+00
5.602099999999999858e-01,5.606200000000000072e-01,5.646900000000000253e-01,5.821600000000000108e-01,5.687600000000000433e-01,5.523200000000000331e-01,5.732300000000000173e-01,5.519800000000000262e-01,5.537900000000000045e-01,5.651399999999999757e-01,5.673399999999999554e-01,5.886400000000000521e-01,5.639800000000000368e-01,5.549100000000000144e-01,0.000000000000000000e+00,0.000000000000000000e+00,5.644900000000000473e-01,5.514299999999999757e-01,5.556100000000000483e-01,5.598899999999999988e-01,5.608199999999999852e-01,5.547900000000000054e-01,5.644099999999999673e-01,5.455299999999999594e-01,5.515799999999999592e-01,5.519300000000000317e-01,5.597900000000000098e-01,5.580600000000000005e-01,5.548199999999999799e-01,5.453099999999999614e-01,5.477600000000000247e-01,5.684599999999999653e-01,5.726499999999999924e-01,5.613299999999999956e-01,5.795799999999999841e-01,5.661800000000000166e-01,5.766799999999999704e-01,5.791600000000000081e-01,5.610199999999999632e-01,5.777400000000000313e-01,5.718400000000000150e-01,5.743399999999999617e-01,5.774500000000000188e-01,5.894800000000000040e-01,5.965300000000000047e-01,5.601199999999999513e-01,0.000000000000000000e+00,5.556600000000000428e-01,6.052100000000000257e-01,5.713799999999999990e-01,5.459199999999999608e-01,5.763599999999999834e-01,5.445100000000000495e-01,5.531399999999999650e-01,5.656299999999999661e-01,5.533200000000000340e-01,5.671699999999999520e-01,5.680300000000000349e-01,5.502399999999999514e-01,5.491500000000000270e-01,5.431599999999999762e-01,5.646299999999999653e-01,5.539399999999999880e-01,5.567299999999999471e-01,5.407699999999999729e-01,5.573099999999999721e-01,5.454599999999999449e-01,5.598999999999999533e-01,5.771899999999999809e-01,5.643099999999999783e-01,5.509500000000000508e-01,5.626799999999999580e-01,5.562599999999999767e-01,0.000000000000000000e+00,0.000000000000000000e+00,0.000000000000000000e+00
5.786400000000000432e-01,5.798499999999999766e-01,5.821600000000000108e-01,6.152999999999999581e-01,6.021999999999999575e-01,5.743099999999999872e-01,6.034199999999999564e-01,5.518699999999999717e-01,5.725099999999999634e-01,5.983100000000000085e-01,5.936799999999999855e-01,6.344999999999999529e-01,5.920400000000000107e-01,5.773899999999999588e-01,5.528199999999999781e-01,5.424900000000000277e-01,5.950199999999999934e-01,5.725200000000000289e-01,5.695900000000000407e-01,5.754099999999999770e-01,5.772000000000000464e-01,5.686499999999999888e-01,5.806799999999999740e-01,5.787400000000000322e-01,5.779199999999999893e-01,5.714299999999999935e-01,5.818400000000000238e-01,5.798999999999999710e-01,5.713300000000000045e-01,5.532299999999999995e-01,5.664099999999999691e-01,6.159000000000000030e-01,6.085300000000000153e-01,6.024800000000000155e-01,6.401099999999999568e-01,5.876400000000000512e-01,5.956000000000000183e-01,6.322200000000000042e-01,5.907599999999999518e-01,6.189500000000000002e-01,5.943699999999999539e-01,5.957700000000000218e-01,5.952300000000000368e-01,6.305300000000000349e-01,6.255500000000000504e-01,5.813700000000000534e-01,5.583299999999999930e-01,5.706499999999999906e-01,6.369099999999999762e-01,6.037400000000000544e-01,5.588199999999999834e-01,6.114500000000000490e-01,5.565400000000000347e-01,5.774899999999999478e-01,5.980900000000000105e-01,5.845099999999999740e-01,6.106099999999999861e-01,5.958900000000000308e-01,5.704799999999999871e-01,5.669600000000000195e-01,5.577100000000000390e-01,5.990699999999999914e-01,5.761600000000000055e-01,5.755299999999999860e-01,5.499800000000000244e-01,5.823199999999999488e-01,5.597699999999999898e-01,5.769400000000000084e-01,6.085599999999999898e-01,5.877000000000000002e-01,5.734399999999999498e-01,5.852000000000000535e-01,5.756499999999999950e-01,0.000000000000000000e+00,0.000000000000000000e+00,5.443000000000000060e-01
5.728999999999999648e-01,5.770499999999999519e-01,5.687600000000000433e-01,6.021999999999999575e-01,5.922800000000000287e-01,5.643000000000000238e-01,5.951800000000000423e-01,5.464599999999999458e-01,5.636900000000000244e-01,5.890400000000000080e-01,5.850699999999999790e-01,6.116700000000000470e-01,5.814000000000000279e-01,5.670899999999999830e-01,5.457899999999999974e-01,0.000000000000000000e+00,5.860600000000000254e-01,5.640699999999999603e-01,5.575900000000000301e-01,5.656600000000000517e-01,5.722399999999999709e-01,5.628800000000000470e-01,5.737799999999999567e-01,5.666999999999999815e-01,5.689499999999999558e-01,5.624200000000000310e-01,5.735599999999999588e-01,5.717200000000000060e-01,5.652199999999999447e-01,5.516199999999999992e-01,5.570199999999999596e-01,5.962399999999999922e-01,5.900499999999999634e-01,5.775799999999999823e-01,6.095000000000000417e-01,5.748400000000000176e-01,5.831800000000000317e-01,6.055599999999999872e-01,5.831699999999999662e-01,5.915300000000000002e-01,5.762100000000000000e-01,5.819999999999999618e-01,5.871800000000000352e-01,6.190799999999999637e-01,6.085099999999999953e-01,5.633799999999999919e-01,5.512000000000000233e-01,5.607900000000000107e-01,6.240099999999999536e-01,5.912800000000000278e-01,5.552599999999999758e-01,5.966000000000000192e-01,5.482700000000000351e-01,5.695000000000000062e-01,5.884700000000000486e-01,5.734399999999999498e-01,5.953800000000000203e-01,5.879499999999999726e-01,5.631800000000000139e-01,5.520399999999999752e-01,5.544799999999999729e-01,5.830800000000000427e-01,5.647499999999999742e-01,5.627999999999999670e-01,5.454099999999999504e-01,5.741500000000000492e-01,5.532299999999999995e-01,5.648499999999999632e-01,5.941600000000000215e-01,5.810300000000000464e-01,5.644299999999999873e-01,5.744799999999999907e-01,5.699800000000000422e-01,0.000000000000000000e+00,0.000000000000000000e+00,0.000000000000000000e+00
5.476900000000000102e-01,5.559100000000000152e-01,5.523200000000000331e-01,5.743099999999999872e-01,5.643000000000000238e-01,5.482299999999999951e-01,5.667799999999999505e-01,0.000000000000000000e+00,5.454799999999999649e-01,5.571500000000000341e-01,5.536200000000000010e-01,5.860899999999999999e-01,5.567199999999999926e-01,5.416999999999999593e-01,0.000000000000000000e+00,0.000000000000000000e+00,5.623000000000000220e-01,5.409300000000000219e-01,0.000000000000000000e+00,5.487199999999999855e-01,5.458199999999999719e-01,5.456999999999999629e-01,5.513500000000000068e-01,5.477499999999999591e-01,5.481200000000000516e-01,5.447499999999999565e-01,5.544900000000000384e-01,5.467600000000000238e-01,5.440399999999999681e-01,0.000000000000000000e+00,0.000000000000000000e+00,5.702300000000000146e-01,5.717299999999999605e-01,5.624299999999999855e-01,5.855000000000000204e-01,5.513700000000000268e-01,5.602599999999999802e-01,5.768400000000000194e-01,5.495900000000000230e-01,5.746499999999999941e-01,5.554599999999999538e-01,5.569800000000000306e-01,5.556299999999999573e-01,5.808600000000000430e-01,5.872000000000000552e-01,5.444499999999999895e-01,0.000000000000000000e+00,5.432399999999999451e-01,5.965300000000000047e-01,5.608600000000000252e-01,0.000000000000000000e+00,5.707499999999999796e-01,0.000000000000000000e+00,5.478100000000000191e-01,5.531500000000000306e-01,5.488899999999999890e-01,5.713599999999999790e-01,5.615700000000000136e-01,0.000000000000000000e+00,0.000000000000000000e+00,0.000000000000000000e+00,5.516299999999999537e-01,5.426499999999999657e-01,5.442399999999999460e-01,0.000000000000000000e+00,5.416299999999999448e-01,0.000000000000000000e+00,5.439899999999999736e-01,5.684399999999999453e-01,5.547499999999999654e-01,5.433000000000000052e-01,5.566999999999999726e-01,5.473799999999999777e-01,0.000000000000000000e+00,0.000000000000000000e+00,0.000000000000000000e+00
5.727400000000000269e-01,5.835399999999999476e-01,5.732300000000000173e-01,6.034199999999999564e-01,5.951800000000000423e-01,5.667799999999999505e-01,5.979499999999999815e-01,5.509600000000000053e-01,5.688299999999999468e-01,5.877000000000000002e-01,5.871100000000000207e-01,6.125000000000000444e-01,5.837900000000000311e-01,5.688900000000000068e-01,5.456999999999999629e-01,5.409399999999999764e-01,5.859199999999999964e-01,5.669699999999999740e-01,5.591399999999999704e-01,5.692599999999999882e-01,5.739900000000000002e-01,5.658400000000000096e-01,5.760999999999999455e-01,5.671199999999999575e-01,5.705000000000000071e-01,5.651100000000000012e-01,5.755599999999999605e-01,5.738299999999999512e-01,5.676499999999999879e-01,5.542200000000000459e-01,5.593599999999999683e-01,5.987500000000000044e-01,5.825399999999999467e-01,5.794899999999999496e-01,6.100499999999999812e-01,5.772199999999999553e-01,5.836999999999999966e-01,6.083100000000000174e-01,5.842800000000000216e-01,5.965399999999999592e-01,5.775700000000000278e-01,5.831699999999999662e-01,5.888999999999999790e-01,6.210799999999999654e-01,6.125899999999999679e-01,5.671399999999999775e-01,5.500199999999999534e-01,5.624099999999999655e-01,6.258799999999999919e-01,5.898400000000000309e-01,5.551399999999999668e-01,5.992699999999999694e-01,5.526799999999999491e-01,5.716700000000000115e-01,5.909499999999999753e-01,5.735000000000000098e-01,5.936599999999999655e-01,5.914800000000000058e-01,5.647600000000000398e-01,5.534099999999999575e-01,5.573599999999999666e-01,5.870300000000000518e-01,5.645400000000000418e-01,5.648499999999999632e-01,5.475200000000000067e-01,5.756299999999999750e-01,5.566699999999999982e-01,5.662700000000000511e-01,5.955000000000000293e-01,5.824399999999999578e-01,5.655700000000000172e-01,5.780199999999999783e-01,5.733700000000000463e-01,0.000000000000000000e+00,0.000000000000000000e+00,0.000000000000000000e+00
0.000000000000000000e+00,0.000000000000000000e+00,5.519800000000000262e-01,5.518699999999999717e-01,5.464599999999999458e-01,0.000000000000000000e+00,5.509600000000000053e-01,0.000000000000000000e+00,0.000000000000000000e+00,5.456600000000000339e-01,5.440199999999999481e-01,5.596299999999999608e-01,0.000000000000000000e+00,0.000000000000000000e+00,0.000000000000000000e+00,0.000000000000000000e+00,5.423400000000000443e-01,0.000000000000000000e+00,0.000000000000000000e+00,0.000000000000000000e+00,5.423000000000000043e-01,0.000000000000000000e+00,5.490300000000000180e-01,0.000000000000000000e+00,0.000000000000000000e+00,0.000000000000000000e+00,5.420800000000000063e-01,0.000000000000000000e+00,0.000000000000000000e+00,0.000000000000000000e+00,0.000000000000000000e+00,5.410899999999999599e-01,5.579699999999999660e-01,5.410399999999999654e-01,5.511200000000000543e-01,5.409800000000000164e-01,5.493799999999999795e-01,5.555700000000000083e-01,0.000000000000000000e+00,5.474700000000000122e-01,5.468800000000000328e-01,5.469000000000000528e-01,5.522599999999999731e-01,5.646900000000000253e-01,5.677499999999999769e-01,0.000000000000000000e+00,0.000000000000000000e+00,0.000000000000000000e+00,5.815700000000000314e-01,5.517699999999999827e-01,0.000000000000000000e+00,5.537699999999999845e-01,0.000000000000000000e+00,0.000000000000000000e+00,5.443500000000000005e-01,0.000000000000000000e+00,5.453200000000000269e-01,5.479500000000000481e-01,0.000000000000000000e+00,0.000000000000000000e+00,0.000000000000000000e+00,5.407699999999999729e-01,0.000000000000000000e+00,0.000000000000000000e+00,0.000000000000000000e+00,5.422599999999999643e-01,0.000000000000000000e+00,0.000000000000000000e+00,5.555799999999999628e-01,0.000000000000000000e+00,0.000000000000000000e+00,5.431700000000000417e-01,0.000000000000000000e+00,0.000000000000000000e+00,0.000000000000000000e+00,0.000000000000000000e+00
5.456299999999999484e-01,5.606499999999999817e-01,5.537900000000000045e-01,5.725099999999999634e-01,5.636900000000000244e-01,5.454799999999999649e-01,5.688199999999999923e-01,0.000000000000000000e+00,5.465200000000000058e-01,5.581099999999999950e-01,5.560100000000000042e-01,5.770899999999999919e-01,5.558999999999999497e-01,5.441399999999999570e-01,0.000000000000000000e+00,0.000000000000000000e+00,5.623299999999999965e-01,5.433200000000000252e-01,0.000000000000000000e+00,5.485600000000000476e-01,5.424400000000000333e-01,5.476199999999999957e-01,5.503200000000000314e-01,5.407300000000000439e-01,5.464499999999999913e-01,5.428500000000000547e-01,5.514999999999999902e-01,5.497800000000000464e-01,5.463700000000000223e-01,0.000000000000000000e+00,0.000000000000000000e+00,5.598100000000000298e-01,5.637400000000000189e-01,5.525700000000000056e-01,5.754299999999999971e-01,5.515700000000000047e-01,5.600000000000000533e-01,5.738100000000000422e-01,5.455200000000000049e-01,5.690300000000000358e-01,5.503700000000000259e-01,5.524400000000000421e-01,5.624000000000000110e-01,5.822000000000000508e-01,5.831600000000000117e-01,5.418199999999999683e-01,0.000000000000000000e+00,5.432500000000000107e-01,5.892800000000000260e-01,5.624599999999999600e-01,0.000000000000000000e+00,5.677200000000000024e-01,0.000000000000000000e+00,5.484700000000000131e-01,5.576699999999999990e-01,5.470199999999999507e-01,5.622300000000000075e-01,5.618600000000000261e-01,5.415799999999999503e-01,0.000000000000000000e+00,0.000000000000000000e+00,5.536200000000000010e-01,5.420800000000000063e-01,5.432700000000000307e-01,0.000000000000000000e+00,5.427800000000000402e-01,0.000000000000000000e+00,5.449399999999999800e-01,5.609199999999999742e-01,5.554599999999999538e-01,5.428199999999999692e-01,5.540800000000000169e-01,5.489500000000000490e-01,0.000000000000000000e+00,0.000000000000000000e+00,0.000000000000000000e+00
5.662500000000000311e-01,5.699999999999999512e-01,5.651399999999999757e-01,5.983100000000000085e-01,5.890400000000000080e-01,5.571500000000000341e-01,5.877000000000000002e-01,5.456600000000000339e-01,5.581099999999999950e-01,5.809299999999999464e-01,5.842300000000000271e-01,6.042300000000000448e-01,5.722099999999999964e-01,5.667699999999999960e-01,5.476600000000000357e-01,0.000000000000000000e+00,5.806000000000000050e-01,5.611699999999999466e-01,5.610100000000000087e-01,5.645599999999999508e-01,5.662700000000000511e-01,5.590699999999999559e-01,5.712599999999999900e-01,5.545499999999999874e-01,5.661300000000000221e-01,5.585599999999999454e-01,5.667499999999999760e-01,5.658699999999999841e-01,5.606900000000000217e-01,5.494599999999999485e-01,5.537600000000000300e-01,5.849900000000000100e-01,5.873699999999999477e-01,5.747100000000000541e-01,6.025700000000000500e-01,5.755599999999999605e-01,5.772100000000000009e-01,6.049200000000000133e-01,5.706400000000000361e-01,5.956900000000000528e-01,5.782100000000000017e-01,5.810400000000000009e-01,5.841699999999999671e-01,6.076700000000000434e-01,6.000799999999999468e-01,5.686700000000000088e-01,5.483999999999999986e-01,5.549600000000000088e-01,6.127099999999999769e-01,5.869799999999999462e-01,5.456900000000000084e-01,5.912899999999999823e-01,5.493900000000000450e-01,5.630699999999999594e-01,5.889799999999999480e-01,5.683200000000000474e-01,5.895200000000000440e-01,5.801600000000000090e-01,5.585999999999999854e-01,5.515499999999999847e-01,5.490399999999999725e-01,5.832000000000000517e-01,5.626600000000000490e-01,5.613500000000000156e-01,5.424299999999999677e-01,5.716900000000000315e-01,5.478699999999999681e-01,5.623599999999999710e-01,5.878600000000000492e-01,5.768100000000000449e-01,5.604900000000000437e-01,5.681300000000000239e-01,5.680100000000000149e-01,0.000000000000000000e+00,0.000000000000000000e+00,0.000000000000000000e+00
5.694700000000000317e-01,5.646999999999999797e-01,5.673399999999999554e-01,5.936799999999999855e-01,5.850699999999999790e-01,5.536200000000000010e-01,5.871100000000000207e-01,5.440199999999999481e-01,5.560100000000000042e-01,5.842300000000000271e-01,5.797400000000000331e-01,6.014199999999999546e-01,5.713500000000000245e-01,5.636100000000000554e-01,5.407199999999999784e-01,0.000000000000000000e+00,5.795500000000000096e-01,5.588499999999999579e-01,5.604200000000000292e-01,5.594599999999999573e-01,5.651699999999999502e-01,5.547999999999999599e-01,5.697499999999999787e-01,5.572000000000000286e-01,5.618900000000000006e-01,5.533099999999999685e-01,5.635000000000000009e-01,5.651800000000000157e-01,5.582500000000000240e-01,5.502700000000000369e-01,5.498699999999999699e-01,5.822000000000000508e-01,5.839400000000000146e-01,5.668299999999999450e-01,5.973500000000000476e-01,5.715400000000000480e-01,5.769499999999999629e-01,5.997900000000000453e-01,5.680899999999999839e-01,5.858999999999999764e-01,5.695999999999999952e-01,5.763200000000000545e-01,5.828699999999999992e-01,6.040600000000000414e-01,6.000400000000000178e-01,5.594799999999999773e-01,5.444900000000000295e-01,5.540800000000000169e-01,6.163100000000000245e-01,5.875099999999999767e-01,5.473700000000000232e-01,5.885000000000000231e-01,5.458800000000000319e-01,5.621300000000000185e-01,5.858799999999999564e-01,5.670300000000000340e-01,5.847900000000000320e-01,5.786900000000000377e-01,5.597499999999999698e-01,5.449500000000000455e-01,5.495799999999999574e-01,5.788499999999999757e-01,5.618999999999999551e-01,5.571000000000000396e-01,5.426199999999999912e-01,5.675700000000000189e-01,5.473299999999999832e-01,5.585999999999999854e-01,5.838499999999999801e-01,5.738199999999999967e-01,5.552700000000000413e-01,5.642200000000000548e-01,5.645599999999999508e-01,0.000000000000000000e+00,0.000000000000000000e+00,0.000000000000000000e+00
5.938499999999999890e-01,5.855700000000000349e-01,5.886400000000000521e-01,6.344999999999999529e-01,6.116700000000000470e-01,5.860899999999999999e-01,6.125000000000000444e-01,5.596299999999999608e-01,5.770899999999999919e-01,6.042300000000000448e-01,6.014199999999999546e-01,6.523099999999999454e-01,6.012499999999999512e-01,5.828799999999999537e-01,5.596200000000000063e-01,5.427100000000000257e-01,6.054100000000000037e-01,5.784399999999999542e-01,5.710399999999999920e-01,5.892199999999999660e-01,5.936399999999999455e-01,5.764099999999999779e-01,5.919400000000000217e-01,5.934099999999999930e-01,5.845599999999999685e-01,5.821800000000000308e-01,5.923300000000000232e-01,5.873500000000000387e-01,5.797600000000000531e-01,5.555700000000000083e-01,5.765900000000000469e-01,6.266500000000000403e-01,6.272999999999999687e-01,6.154399999999999871e-01,6.510299999999999976e-01,5.933199999999999585e-01,6.023300000000000320e-01,6.471999999999999975e-01,6.042800000000000393e-01,6.377300000000000191e-01,6.109900000000000331e-01,6.091600000000000348e-01,5.941499999999999559e-01,6.300799999999999734e-01,6.426899999999999835e-01,5.986799999999999899e-01,5.677299999999999569e-01,5.758799999999999475e-01,6.564200000000000035e-01,6.091499999999999693e-01,5.645700000000000163e-01,6.193800000000000416e-01,5.661500000000000421e-01,5.835799999999999876e-01,6.055500000000000327e-01,5.911100000000000243e-01,6.289700000000000291e-01,6.046200000000000463e-01,5.679400000000000004e-01,5.740899999999999892e-01,5.681199999999999584e-01,6.079700000000000104e-01,5.869600000000000373e-01,5.833399999999999697e-01,5.557400000000000118e-01,5.951100000000000279e-01,5.693599999999999772e-01,5.845799999999999885e-01,6.279200000000000337e-01,5.989299999999999624e-01,5.828900000000000192e-01,5.939299999999999580e-01,5.872699999999999587e-01,0.000000000000000000e+00,0.000000000000000000e+00,5.514099999999999557e-01
5.588800000000000434e-01,5.691899999999999737e-01,5.639800000000000368e-01,5.920400000000000107e-01,5.814000000000000279e-01,5.567199999999999926e-01,5.837900000000000311e-01,0.000000000000000000e+00,5.558999999999999497e-01,5.722099999999999964e-01,5.713500000000000245e-01,6.012499999999999512e-01,5.721000000000000529e-01,5.566200000000000037e-01,0.000000000000000000e+00,0.000000000000000000e+00,5.712399999999999700e-01,5.547400000000000109e-01,5.468800000000000328e-01,5.592200000000000504e-01,5.595299999999999718e-01,5.542500000000000204e-01,5.634700000000000264e-01,5.550500000000000433e-01,5.594400000000000484e-01,5.542000000000000259e-01,5.631500000000000394e-01,5.617499999999999716e-01,5.569499999999999451e-01,5.423099999999999588e-01,5.486799999999999455e-01,5.826200000000000268e-01,5.733200000000000518e-01,5.705700000000000216e-01,5.997000000000000108e-01,5.658900000000000041e-01,5.707299999999999596e-01,5.928200000000000136e-01,5.648499999999999632e-01,5.853899999999999659e-01,5.666900000000000270e-01,5.693599999999999772e-01,5.741300000000000292e-01,6.014699999999999491e-01,6.015399999999999636e-01,5.589300000000000379e-01,0.000000000000000000e+00,5.534599999999999520e-01,6.128500000000000059e-01,5.750999999999999446e-01,5.450599999999999890e-01,5.858499999999999819e-01,5.434799999999999631e-01,5.592799999999999994e-01,5.740199999999999747e-01,5.612399999999999611e-01,5.838499999999999801e-01,5.774299999999999988e-01,5.516999999999999682e-01,5.446600000000000330e-01,5.454200000000000159e-01,5.734099999999999753e-01,5.547999999999999599e-01,5.554799999999999738e-01,0.000000000000000000e+00,5.612899999999999556e-01,5.463799999999999768e-01,5.565400000000000347e-01,5.828799999999999537e-01,5.705500000000000016e-01,5.548800000000000399e-01,5.670199999999999685e-01,5.618699999999999806e-01,0.000000000000000000e+00,0.000000000000000000e+00,0.000000000000000000e+00
5.431799999999999962e-01,5.502099999999999769e-01,5.549100000000000144e-01,5.773899999999999588e-01,5.670899999999999830e-01,5.416999999999999593e-01,5.688800000000000523e-01,0.000000000000000000e+00,5.441399999999999570e-01,5.667699999999999960e-01,5.636100000000000554e-01,5.828799999999999537e-01,5.566200000000000037e-01,5.529399999999999871e-01,0.000000000000000000e+00,0.000000000000000000e+00,5.639600000000000168e-01,5.491500000000000270e-01,5.506199999999999983e-01,5.455699999999999994e-01,5.476199999999999957e-01,5.427999999999999492e-01,5.502700000000000369e-01,5.434700000000000086e-01,5.480199999999999516e-01,0.000000000000000000e+00,5.492799999999999905e-01,5.520300000000000207e-01,5.459399999999999809e-01,0.000000000000000000e+00,0.000000000000000000e+00,5.657799999999999496e-01,5.672300000000000120e-01,5.522599999999999731e-01,5.830400000000000027e-01,5.626400000000000290e-01,5.619100000000000206e-01,5.859999999999999654e-01,5.502099999999999769e-01,5.709100000000000286e-01,5.534900000000000375e-01,5.574599999999999556e-01,5.686700000000000088e-01,5.800400000000000000e-01,5.817499999999999893e-01,5.430099999999999927e-01,0.000000000000000000e+00,5.439800000000000191e-01,5.886599999999999611e-01,5.717299999999999605e-01,0.000000000000000000e+00,5.716900000000000315e-01,0.000000000000000000e+00,5.501599999999999824e-01,5.696999999999999842e-01,5.544000000000000039e-01,5.684900000000000508e-01,5.634099999999999664e-01,5.509399999999999853e-01,0.000000000000000000e+00,0.000000000000000000e+00,5.678100000000000369e-01,5.485799999999999566e-01,5.506499999999999728e-01,0.000000000000000000e+00,5.529699999999999616e-01,0.000000000000000000e+00,5.453999999999999959e-01,5.705099999999999616e-01,5.564700000000000202e-01,5.432500000000000107e-01,5.514599999999999502e-01,5.498300000000000409e-01,0.000000000000000000e+00,0.000000000000000000e+00,0.000000000000000000e+00
5.449899999999999745e-01,0.000000000000000000e+00,0.000000000000000000e+00,5.528199999999999781e-01,5.457899999999999974e-01,0.000000000000000000e+00,5.456999999999999629e-01,0.000000000000000000e+00,0.000000000000000000e+00,5.476600000000000357e-01,5.407199999999999784e-01,5.596200000000000063e-01,0.000000000000000000e+00,0.000000000000000000e+00,0.000000000000000000e+00,0.000000000000000000e+00,0.000000000000000000e+00,0.000000000000000000e+00,0.000000000000000000e+00,0.000000000000000000e+00,0.000000000000000000e+00,0.000000000000000000e+00,5.456400000000000139e-01,0.000000000000000000e+00,0.000000000000000000e+00,0.000000000000000000e+00,0.000000000000000000e+00,0.000000000000000000e+00,0.000000000000000000e+00,0.000000000000000000e+00,0.000000000000000000e+00,5.406199999999999894e-01,5.552899999999999503e-01,0.000000000000000000e+00,5.527600000000000291e-01,0.000000000000000000e+00,5.439199999999999591e-01,5.448899999999999855e-01,0.000000000000000000e+00,5.439500000000000446e-01,5.456900000000000084e-01,5.492799999999999905e-01,5.454999999999999849e-01,5.517199999999999882e-01,5.590699999999999559e-01,0.000000000000000000e+00,0.000000000000000000e+00,0.000000000000000000e+00,5.710399999999999920e-01,5.526400000000000201e-01,0.000000000000000000e+00,5.510300000000000198e-01,0.000000000000000000e+00,0.000000000000000000e+00,5.452299999999999924e-01,0.000000000000000000e+00,5.488699999999999690e-01,5.422799999999999843e-01,0.000000000000000000e+00,0.000000000000000000e+00,0.000000000000000000e+00,0.000000000000000000e+00,0.000000000000000000e+00,0.000000000000000000e+00,0.000000000000000000e+00,5.414799999999999613e-01,0.000000000000000000e+00,0.000000000000000000e+00,5.521899999999999586e-01,0.000000000000000000e+00,0.000000000000000000e+00,0.000000000000000000e+00,0.000000000000000000e+00,0.000000000000000000e+00,0.000000000000000000e+00,0.000000000000000000e+00
0.000000000000000000e+00,0.000000000000000000e+00,0.000000000000000000e+00,5.424900000000000277e-01,0.000000000000000000e+00,0.000000000000000000e+00,5.409399999999999764e-01,0.000000000000000000e+00,0.000000000000000000e+00,0.000000000000000000e+00,0.000000000000000000e+00,5.427100000000000257e-01,0.000000000000000000e+00,0.000000000000000000e+00,0.000000000000000000e+00,0.000000000000000000e+00,0.000000000000000000e+00,0.000000000000000000e+00,0.000000000000000000e+00,0.000000000000000000e+00,0.000000000000000000e+00,0.000000000000000000e+00,0.000000000000000000e+00,0.000000000000000000e+00,0.000000000000000000e+00,0.000000000000000000e+00,0.000000000000000000e+00,0.000000000000000000e+00,0.000000000000000000e+00,0.000000000000000000e+00,0.000000000000000000e+00,0.000000000000000000e+00,0.000000000000000000e+00,0.000000000000000000e+00,5.449100000000000055e-01,0.000000000000000000e+00,0.000000000000000000e+00,5.466900000000000093e-01,0.000000000000000000e+00,0.000000000000000000e+00,0.000000000000000000e+00,0.000000000000000000e+00,5.462599999999999678e-01,5.546699999999999964e-01,5.540599999999999969e-01,0.000000000000000000e+00,0.000000000000000000e+00,0.000000000000000000e+00,5.572700000000000431e-01,0.000000000000000000e+00,0.000000000000000000e+00,5.422099999999999698e-01,0.000000000000000000e+00,0.000000000000000000e+00,0.000000000000000000e+00,0.000000000000000000e+00,0.000000000000000000e+00,0.000000000000000000e+00,0.000000000000000000e+00,0.000000000000000000e+00,0.000000000000000000e+00,0.000000000000000000e+00,0.000000000000000000e+00,0.000000000000000000e+00,0.000000000000000000e+00,0.000000000000000000e+00,0.000000000000000000e+00,0.000000000000000000e+00,0.000000000000000000e+00,0.000000000000000000e+00,0.000000000000000000e+00,0.000000000000000000e+00,0.000000000000000000e+00,0.000000000000000000e+00,0.000000000000000000e+00,0.000000000000000000e+00
5.623299999999999965e-01,5.702599999999999891e-01,5.644900000000000473e-01,5.950199999999999934e-01,5.860600000000000254e-01,5.623000000000000220e-01,5.859199999999999964e-01,5.423400000000000443e-01,5.623299999999999965e-01,5.806000000000000050e-01,5.795500000000000096e-01,6.054100000000000037e-01,5.712399999999999700e-01,5.639600000000000168e-01,0.000000000000000000e+00,0.000000000000000000e+00,5.757299999999999640e-01,5.584700000000000220e-01,5.554700000000000193e-01,5.657200000000000006e-01,5.640800000000000258e-01,5.611300000000000177e-01,5.668900000000000050e-01,5.546799999999999509e-01,5.636700000000000044e-01,5.547699999999999854e-01,5.659600000000000186e-01,5.661599999999999966e-01,5.604299999999999837e-01,5.565799999999999637e-01,5.521399999999999642e-01,5.799699999999999855e-01,5.845500000000000140e-01,5.672099999999999920e-01,5.932600000000000096e-01,5.685099999999999598e-01,5.750999999999999446e-01,6.071999999999999620e-01,5.633299999999999974e-01,5.898200000000000109e-01,5.716999999999999860e-01,5.746599999999999486e-01,5.787299999999999667e-01,6.000499999999999723e-01,5.989600000000000479e-01,5.614599999999999591e-01,5.487499999999999600e-01,5.556799999999999518e-01,6.049700000000000077e-01,5.835500000000000131e-01,5.454400000000000359e-01,5.876900000000000457e-01,5.457800000000000429e-01,5.626700000000000035e-01,5.828299999999999592e-01,5.640500000000000513e-01,5.872300000000000297e-01,5.786799999999999722e-01,5.545099999999999474e-01,5.458199999999999719e-01,5.481700000000000461e-01,5.777700000000000058e-01,5.605700000000000127e-01,5.588899999999999979e-01,5.458600000000000119e-01,5.699699999999999767e-01,5.509300000000000308e-01,5.614999999999999991e-01,5.816500000000000004e-01,5.756700000000000150e-01,5.564400000000000457e-01,5.688800000000000523e-01,5.658100000000000351e-01,0.000000000000000000e+00,0.000000000000000000e+00,0.000000000000000000e+00
5.435299999999999576e-01,5.504499999999999948e-01,5.514299999999999757e-01,5.725200000000000289e-01,5.640699999999999603e-01,5.409300000000000219e-01,5.669699999999999740e-01,0.000000000000000000e+00,5.433200000000000252e-01,5.611699999999999466e-01,5.588400000000000034e-01,5.784399999999999542e-01,5.547400000000000109e-01,5.491500000000000270e-01,0.000000000000000000e+00,0.000000000000000000e+00,5.584700000000000220e-01,0.000000000000000000e+00,5.408500000000000529e-01,5.484099999999999531e-01,5.452500000000000124e-01,5.441500000000000226e-01,5.492899999999999450e-01,0.000000000000000000e+00,5.443900000000000405e-01,0.000000000000000000e+00,5.480000000000000426e-01,5.503200000000000314e-01,5.443000000000000060e-01,0.000000000000000000e+00,0.000000000000000000e+00,5.595299999999999718e-01,5.659800000000000386e-01,5.490300000000000180e-01,5.749800000000000466e-01,5.542000000000000259e-01,5.557900000000000063e-01,5.778900000000000148e-01,5.473700000000000232e-01,5.695599999999999552e-01,5.519600000000000062e-01,5.547499999999999654e-01,5.652099999999999902e-01,5.819999999999999618e-01,5.802399999999999780e-01,5.459699999999999553e-01,0.000000000000000000e+00,0.000000000000000000e+00,5.901800000000000379e-01,5.648600000000000287e-01,0.000000000000000000e+00,5.679499999999999549e-01,0.000000000000000000e+00,5.450899999999999634e-01,5.624400000000000510e-01,5.474200000000000177e-01,5.635099999999999554e-01,5.606299999999999617e-01,5.433099999999999596e-01,0.000000000000000000e+00,0.000000000000000000e+00,5.602000000000000313e-01,5.438399999999999901e-01,5.454400000000000359e-01,0.000000000000000000e+00,5.496999999999999664e-01,0.000000000000000000e+00,5.455200000000000049e-01,5.639300000000000423e-01,5.567299999999999471e-01,5.407699999999999729e-01,5.499699999999999589e-01,5.474700000000000122e-01,0.000000000000000000e+00,0.000000000000000000e+00,0.000000000000000000e+00
5.475999999999999757e-01,5.427899999999999947e-01,5.556100000000000483e-01,5.695900000000000407e-01,5.575900000000000301e-01,0.000000000000000000e+00,5.591399999999999704e-01,0.000000000000000000e+00,0.000000000000000000e+00,5.610100000000000087e-01,5.604200000000000292e-01,5.710399999999999920e-01,5.468899999999999872e-01,5.506199999999999983e-01,0.000000000000000000e+00,0.000000000000000000e+00,5.554700000000000193e-01,5.408500000000000529e-01,5.535299999999999665e-01,5.449600000000000000e-01,5.461399999999999588e-01,0.000000000000000000e+00,5.544799999999999729e-01,0.000000000000000000e+00,5.434200000000000141e-01,0.000000000000000000e+00,5.432700000000000307e-01,5.476499999999999702e-01,0.000000000000000000e+00,5.432299999999999907e-01,0.000000000000000000e+00,5.468499999999999472e-01,5.649199999999999777e-01,5.455999999999999739e-01,5.630300000000000304e-01,5.601899999999999658e-01,5.590300000000000269e-01,5.672000000000000375e-01,0.000000000000000000e+00,5.630100000000000104e-01,5.558100000000000263e-01,5.574500000000000011e-01,5.678499999999999659e-01,5.711800000000000210e-01,5.772399999999999753e-01,5.488199999999999745e-01,0.000000000000000000e+00,0.000000000000000000e+00,5.853800000000000114e-01,5.682300000000000129e-01,0.000000000000000000e+00,5.629899999999999904e-01,0.000000000000000000e+00,5.418500000000000538e-01,5.595299999999999718e-01,5.447199999999999820e-01,5.537699999999999845e-01,5.536499999999999755e-01,5.456900000000000084e-01,0.000000000000000000e+00,0.000000000000000000e+00,5.523299999999999876e-01,5.440599999999999881e-01,5.432099999999999707e-01,0.000000000000000000e+00,5.471500000000000252e-01,0.000000000000000000e+00,5.456100000000000394e-01,5.569199999999999706e-01,5.534299999999999775e-01,0.000000000000000000e+00,5.444200000000000150e-01,5.463799999999999768e-01,0.000000000000000000e+00,0.000000000000000000e+00,0.000000000000000000e+00
5.438300000000000356e-01,5.516499999999999737e-01,5.598899999999999988e-01,5.754099999999999770e-01,5.656700000000000061e-01,5.487199999999999855e-01,5.692599999999999882e-01,0.000000000000000000e+00,5.485600000000000476e-01,5.645599999999999508e-01,5.594599999999999573e-01,5.892199999999999660e-01,5.592200000000000504e-01,5.455699999999999994e-01,0.000000000000000000e+00,0.000000000000000000e+00,5.657200000000000006e-01,5.484099999999999531e-01,5.449600000000000000e-01,5.547999999999999599e-01,5.509500000000000508e-01,5.477800000000000447e-01,5.574500000000000011e-01,0.000000000000000000e+00,5.504999999999999893e-01,5.454599999999999449e-01,5.572799999999999976e-01,5.513500000000000068e-01,5.489199999999999635e-01,0.000000000000000000e+00,5.434999999999999831e-01,5.707499999999999796e-01,5.745999999999999996e-01,5.616600000000000481e-01,5.867299999999999738e-01,5.564900000000000402e-01,5.614099999999999646e-01,5.846900000000000430e-01,5.554000000000000048e-01,5.764299999999999979e-01,5.670600000000000085e-01,5.648400000000000087e-01,5.654599999999999627e-01,5.825500000000000123e-01,5.936399999999999455e-01,5.558899999999999952e-01,0.000000000000000000e+00,5.523599999999999621e-01,5.956900000000000528e-01,5.677400000000000224e-01,0.000000000000000000e+00,5.717600000000000460e-01,0.000000000000000000e+00,5.495999999999999774e-01,5.644400000000000528e-01,5.523000000000000131e-01,5.691000000000000503e-01,5.641300000000000203e-01,0.000000000000000000e+00,5.470599999999999907e-01,0.000000000000000000e+00,5.638600000000000279e-01,5.501300000000000079e-01,5.538100000000000245e-01,0.000000000000000000e+00,5.532899999999999485e-01,5.416900000000000048e-01,5.534900000000000375e-01,5.743500000000000272e-01,5.602700000000000458e-01,5.478499999999999481e-01,5.593299999999999939e-01,5.519199999999999662e-01,0.000000000000000000e+00,0.000000000000000000e+00,0.000000000000000000e+00
5.630600000000000049e-01,5.453400000000000469e-01,5.608199999999999852e-01,5.772000000000000464e-01,5.722399999999999709e-01,5.458199999999999719e-01,5.739800000000000457e-01,5.423000000000000043e-01,5.424400000000000333e-01,5.662700000000000511e-01,5.651699999999999502e-01,5.936399999999999455e-01,5.595299999999999718e-01,5.476199999999999957e-01,0.000000000000000000e+00,0.000000000000000000e+00,5.640800000000000258e-01,5.452500000000000124e-01,5.461399999999999588e-01,5.509500000000000508e-01,5.607600000000000362e-01,5.419599999999999973e-01,5.653799999999999937e-01,5.468800000000000328e-01,5.508899999999999908e-01,5.479600000000000026e-01,5.536100000000000465e-01,5.507900000000000018e-01,5.460199999999999498e-01,0.000000000000000000e+00,5.423499999999999988e-01,5.748799999999999466e-01,5.700699999999999656e-01,5.656200000000000117e-01,5.915700000000000403e-01,5.560100000000000042e-01,5.586699999999999999e-01,5.820699999999999763e-01,5.633000000000000229e-01,5.745799999999999796e-01,5.674700000000000299e-01,5.758699999999999930e-01,5.622599999999999820e-01,5.832699999999999552e-01,5.927400000000000446e-01,5.649100000000000232e-01,0.000000000000000000e+00,5.478899999999999881e-01,6.085500000000000353e-01,5.739499999999999602e-01,0.000000000000000000e+00,5.769199999999999884e-01,0.000000000000000000e+00,5.503599999999999604e-01,5.693399999999999572e-01,5.546600000000000419e-01,5.775299999999999878e-01,5.658499999999999641e-01,5.410800000000000054e-01,5.435999999999999721e-01,0.000000000000000000e+00,5.669999999999999485e-01,5.513700000000000268e-01,5.483700000000000241e-01,0.000000000000000000e+00,5.600800000000000223e-01,0.000000000000000000e+00,5.521000000000000352e-01,5.808600000000000430e-01,5.601699999999999458e-01,5.484099999999999531e-01,5.580300000000000260e-01,5.497499999999999609e-01,0.000000000000000000e+00,0.000000000000000000e+00,0.000000000000000000e+00
