5.559199999999999697e-01,5.443999999999999950e-01,0.000000000000000000e+00,5.567800000000000527e-01,5.617499999999999716e-01,0.000000000000000000e+00,5.696799999999999642e-01,5.702599999999999891e-01,0.000000000000000000e+00,5.423099999999999588e-01,0.000000000000000000e+00,5.581899999999999640e-01,5.577400000000000135e-01,0.000000000000000000e+00,5.413599999999999524e-01,5.482000000000000206e-01,0.000000000000000000e+00,5.432799999999999851e-01,0.000000000000000000e+00,0.000000000000000000e+00,5.634500000000000064e-01,0.000000000000000000e+00,5.460700000000000554e-01,5.649199999999999777e-01,5.457499999999999574e-01,5.559800000000000297e-01,0.000000000000000000e+00,5.478899999999999881e-01,5.424600000000000533e-01,0.000000000000000000e+00,5.444700000000000095e-01,5.714200000000000390e-01,5.850999999999999535e-01,5.612200000000000522e-01,5.792000000000000481e-01,5.460599999999999898e-01,5.504099999999999548e-01,5.763700000000000490e-01,5.729400000000000048e-01,5.835500000000000131e-01,0.000000000000000000e+00,5.839400000000000146e-01,5.585799999999999654e-01,5.951699999999999768e-01,5.633700000000000374e-01,5.805000000000000160e-01,0.000000000000000000e+00,0.000000000000000000e+00,5.744000000000000217e-01,5.617900000000000116e-01,5.492099999999999760e-01,5.659199999999999786e-01,5.778999999999999693e-01,5.582899999999999530e-01,5.684399999999999453e-01,5.551899999999999613e-01,5.522399999999999531e-01,5.557299999999999462e-01,5.582599999999999785e-01,0.000000000000000000e+00,0.000000000000000000e+00,5.667499999999999760e-01,5.679100000000000259e-01,0.000000000000000000e+00,0.000000000000000000e+00,5.585200000000000164e-01,0.000000000000000000e+00,0.000000000000000000e+00,5.629899999999999904e-01,5.546200000000000019e-01,5.520100000000000007e-01,0.000000000000000000e+00,5.437300000000000466e-01,0.000000000000000000e+00,0.000000000000000000e+00,0.000000000000000000e+00
5.443999999999999950e-01,0.000000000000000000e+00,0.000000000000000000e+00,5.566799999999999526e-01,5.522799999999999931e-01,0.000000000000000000e+00,5.587999999999999634e-01,5.500300000000000189e-01,0.000000000000000000e+00,0.000000000000000000e+00,0.000000000000000000e+00,5.442900000000000515e-01,5.506900000000000128e-01,0.000000000000000000e+00,0.000000000000000000e+00,5.473099999999999632e-01,0.000000000000000000e+00,5.410899999999999599e-01,0.000000000000000000e+00,0.000000000000000000e+00,5.552200000000000468e-01,0.000000000000000000e+00,5.419500000000000428e-01,5.485999999999999766e-01,5.435900000000000176e-01,5.449699999999999545e-01,0.000000000000000000e+00,5.417300000000000448e-01,0.000000000000000000e+00,0.000000000000000000e+00,5.413799999999999724e-01,5.576100000000000501e-01,5.776900000000000368e-01,5.549500000000000544e-01,5.665799999999999725e-01,5.486799999999999455e-01,5.545900000000000274e-01,5.617100000000000426e-01,5.549600000000000088e-01,5.752800000000000136e-01,0.000000000000000000e+00,5.674200000000000355e-01,5.575799999999999645e-01,5.800800000000000400e-01,5.523200000000000331e-01,5.642599999999999838e-01,0.000000000000000000e+00,0.000000000000000000e+00,5.655599999999999516e-01,5.560199999999999587e-01,5.469199999999999617e-01,5.611399999999999721e-01,5.615900000000000336e-01,5.544700000000000184e-01,5.583299999999999930e-01,5.469000000000000528e-01,5.414299999999999669e-01,5.464700000000000113e-01,5.556200000000000028e-01,0.000000000000000000e+00,0.000000000000000000e+00,5.608899999999999997e-01,5.606799999999999562e-01,0.000000000000000000e+00,0.000000000000000000e+00,5.427400000000000002e-01,0.000000000000000000e+00,0.000000000000000000e+00,5.542500000000000204e-01,5.496299999999999519e-01,5.486400000000000166e-01,0.000000000000000000e+00,0.000000000000000000e+00,0.000000000000000000e+00,0.000000000000000000e+00,0.000000000000000000e+00
0.000000000000000000e+00,0.000000000000000000e+00,5.439000000000000501e-01,5.607400000000000162e-01,5.488499999999999490e-01,0.000000000000000000e+00,5.502399999999999514e-01,0.000000000000000000e+00,0.000000000000000000e+00,0.000000000000000000e+00,0.000000000000000000e+00,5.454799999999999649e-01,5.423000000000000043e-01,5.439199999999999591e-01,0.000000000000000000e+00,5.550699999999999523e-01,0.000000000000000000e+00,0.000000000000000000e+00,5.509399999999999853e-01,5.415100000000000469e-01,0.000000000000000000e+00,0.000000000000000000e+00,5.424200000000000133e-01,0.000000000000000000e+00,0.000000000000000000e+00,0.000000000000000000e+00,0.000000000000000000e+00,0.000000000000000000e+00,0.000000000000000000e+00,0.000000000000000000e+00,0.000000000000000000e+00,5.435200000000000031e-01,5.698100000000000387e-01,5.625299999999999745e-01,5.603099999999999747e-01,5.591699999999999449e-01,5.571599999999999886e-01,5.529199999999999671e-01,5.448600000000000110e-01,5.865799999999999903e-01,5.463400000000000478e-01,5.672800000000000065e-01,5.661899999999999711e-01,5.580800000000000205e-01,5.746400000000000396e-01,5.592200000000000504e-01,0.000000000000000000e+00,0.000000000000000000e+00,5.688499999999999668e-01,5.490300000000000180e-01,5.423200000000000243e-01,5.593000000000000194e-01,5.503400000000000514e-01,5.457999999999999519e-01,5.500000000000000444e-01,5.436699999999999866e-01,5.479100000000000081e-01,0.000000000000000000e+00,5.626499999999999835e-01,0.000000000000000000e+00,0.000000000000000000e+00,5.532000000000000250e-01,5.553399999999999448e-01,0.000000000000000000e+00,0.000000000000000000e+00,0.000000000000000000e+00,0.000000000000000000e+00,0.000000000000000000e+00,5.634900000000000464e-01,5.412099999999999689e-01,5.502000000000000224e-01,0.000000000000000000e+00,0.000000000000000000e+00,0.000000000000000000e+00,0.000000000000000000e+00,0.000000000000000000e+00
5.567800000000000527e-01,5.566799999999999526e-01,5.607400000000000162e-01,6.012199999999999767e-01,5.902600000000000069e-01,5.550300000000000233e-01,6.005599999999999827e-01,5.738400000000000167e-01,5.586600000000000454e-01,5.603200000000000403e-01,5.624299999999999855e-01,5.808200000000000029e-01,5.894500000000000295e-01,5.770199999999999774e-01,5.715999999999999970e-01,5.884700000000000486e-01,5.737700000000000022e-01,5.732300000000000173e-01,5.706400000000000361e-01,5.670500000000000540e-01,5.922600000000000087e-01,5.479699999999999571e-01,5.712099999999999955e-01,5.777299999999999658e-01,5.685700000000000198e-01,5.757600000000000495e-01,5.585099999999999509e-01,5.665499999999999980e-01,5.704900000000000526e-01,0.000000000000000000e+00,5.724799999999999889e-01,6.070499999999999785e-01,6.241299999999999626e-01,6.046700000000000408e-01,6.180799999999999628e-01,5.925399999999999556e-01,6.029700000000000060e-01,5.997900000000000453e-01,6.056799999999999962e-01,6.365699999999999692e-01,5.705500000000000016e-01,6.184600000000000097e-01,5.906400000000000539e-01,6.434100000000000374e-01,6.039400000000000324e-01,6.036700000000000399e-01,5.413200000000000234e-01,5.460000000000000409e-01,6.101699999999999902e-01,5.947900000000000409e-01,5.733700000000000463e-01,6.069400000000000350e-01,6.028099999999999570e-01,5.806400000000000450e-01,6.020999999999999686e-01,5.882399999999999851e-01,5.860800000000000454e-01,5.827499999999999902e-01,5.891399999999999970e-01,5.629199999999999759e-01,5.626999999999999780e-01,6.008000000000000007e-01,5.953000000000000513e-01,5.615900000000000336e-01,5.502299999999999969e-01,5.793899999999999606e-01,5.438199999999999701e-01,5.694900000000000517e-01,6.028700000000000170e-01,5.786900000000000377e-01,5.857099999999999529e-01,5.615499999999999936e-01,5.701600000000000001e-01,5.532500000000000195e-01,0.000000000000000000e+00,5.496699999999999919e-01
5.617499999999999716e-01,5.522799999999999931e-01,5.488499999999999490e-01,5.902600000000000069e-01,5.922500000000000542e-01,5.520599999999999952e-01,6.003300000000000303e-01,5.721199999999999619e-01,5.597999999999999643e-01,5.619300000000000406e-01,5.653899999999999482e-01,5.833000000000000407e-01,5.847499999999999920e-01,5.681500000000000439e-01,5.581300000000000150e-01,5.795700000000000296e-01,5.738100000000000422e-01,5.665700000000000180e-01,5.708199999999999941e-01,5.635200000000000209e-01,5.857599999999999474e-01,5.451899999999999524e-01,5.666400000000000325e-01,5.742699999999999472e-01,5.652099999999999902e-01,5.678600000000000314e-01,5.544099999999999584e-01,5.662099999999999911e-01,5.650800000000000267e-01,0.000000000000000000e+00,5.648699999999999832e-01,5.974899999999999656e-01,6.170299999999999674e-01,5.911899999999999933e-01,6.098200000000000287e-01,5.880900000000000016e-01,5.967299999999999827e-01,5.880999999999999561e-01,6.038099999999999579e-01,6.188599999999999657e-01,5.560500000000000442e-01,6.068799999999999750e-01,5.990100000000000424e-01,6.338000000000000300e-01,5.894899999999999585e-01,6.047599999999999643e-01,0.000000000000000000e+00,0.000000000000000000e+00,6.047700000000000298e-01,5.970299999999999496e-01,5.689499999999999558e-01,6.052199999999999802e-01,5.940499999999999670e-01,5.799100000000000366e-01,5.997599999999999598e-01,5.837900000000000311e-01,5.842899999999999761e-01,5.799699999999999855e-01,5.936099999999999710e-01,5.453799999999999759e-01,5.552500000000000213e-01,5.970800000000000551e-01,5.886000000000000121e-01,5.552099999999999813e-01,5.482200000000000406e-01,5.757799999999999585e-01,5.426299999999999457e-01,5.627499999999999725e-01,5.880800000000000471e-01,5.775000000000000133e-01,5.761600000000000055e-01,5.585299999999999709e-01,5.650899999999999812e-01,5.514799999999999702e-01,0.000000000000000000e+00,5.424600000000000533e-01
0.000000000000000000e+00,0.000000000000000000e+00,0.000000000000000000e+00,5.550300000000000233e-01,5.520599999999999952e-01,0.000000000000000000e+00,5.579399999999999915e-01,5.433000000000000052e-01,0.000000000000000000e+00,0.000000000000000000e+00,0.000000000000000000e+00,5.454999999999999849e-01,5.465100000000000513e-01,5.438800000000000301e-01,0.000000000000000000e+00,5.506699999999999928e-01,0.000000000000000000e+00,0.000000000000000000e+00,0.000000000000000000e+00,0.000000000000000000e+00,5.466800000000000548e-01,0.000000000000000000e+00,5.420000000000000373e-01,5.419399999999999773e-01,5.414600000000000524e-01,0.000000000000000000e+00,0.000000000000000000e+00,0.000000000000000000e+00,0.000000000000000000e+00,0.000000000000000000e+00,0.000000000000000000e+00,5.542700000000000404e-01,5.751100000000000101e-01,5.535400000000000320e-01,5.649899999999999922e-01,5.564599999999999547e-01,5.561599999999999877e-01,5.496299999999999519e-01,5.563000000000000167e-01,5.787700000000000067e-01,0.000000000000000000e+00,5.661399999999999766e-01,5.653599999999999737e-01,5.746499999999999941e-01,5.555999999999999828e-01,5.602800000000000002e-01,0.000000000000000000e+00,0.000000000000000000e+00,5.674500000000000099e-01,5.541500000000000314e-01,5.451500000000000234e-01,5.610399999999999832e-01,5.576699999999999990e-01,5.506499999999999728e-01,5.507400000000000073e-01,5.452099999999999724e-01,5.424700000000000077e-01,5.457199999999999829e-01,5.623500000000000165e-01,0.000000000000000000e+00,0.000000000000000000e+00,5.490500000000000380e-01,5.535499999999999865e-01,0.000000000000000000e+00,0.000000000000000000e+00,0.000000000000000000e+00,0.000000000000000000e+00,0.000000000000000000e+00,5.522700000000000387e-01,5.455699999999999994e-01,5.464499999999999913e-01,0.000000000000000000e+00,0.000000000000000000e+00,0.000000000000000000e+00,0.000000000000000000e+00,0.000000000000000000e+00
5.696799999999999642e-01,5.587999999999999634e-01,5.502399999999999514e-01,6.005599999999999827e-01,6.003300000000000303e-01,5.579399999999999915e-01,6.058099999999999596e-01,5.862300000000000288e-01,5.620500000000000496e-01,5.652099999999999902e-01,5.698699999999999877e-01,5.883500000000000396e-01,5.906900000000000484e-01,5.768900000000000139e-01,5.608100000000000307e-01,5.907999999999999918e-01,5.749400000000000066e-01,5.732399999999999718e-01,5.709400000000000031e-01,5.667900000000000160e-01,5.910999999999999588e-01,5.500199999999999534e-01,5.731399999999999828e-01,5.822800000000000198e-01,5.727600000000000469e-01,5.739499999999999602e-01,5.583799999999999875e-01,5.729999999999999538e-01,5.690300000000000358e-01,0.000000000000000000e+00,5.721500000000000474e-01,6.073899999999999855e-01,6.212299999999999489e-01,5.929699999999999971e-01,6.128000000000000114e-01,5.943899999999999739e-01,6.027099999999999680e-01,5.951400000000000023e-01,6.159700000000000175e-01,6.284399999999999986e-01,5.621699999999999475e-01,6.196399999999999686e-01,6.037700000000000289e-01,6.501099999999999657e-01,5.968499999999999917e-01,6.120600000000000485e-01,5.408199999999999674e-01,5.422299999999999898e-01,6.133300000000000418e-01,6.027000000000000135e-01,5.741199999999999637e-01,6.105599999999999916e-01,6.032600000000000184e-01,5.848100000000000520e-01,6.071600000000000330e-01,5.886099999999999666e-01,5.899100000000000454e-01,5.875700000000000367e-01,6.013500000000000512e-01,5.461000000000000298e-01,5.593900000000000539e-01,6.045500000000000318e-01,5.965399999999999592e-01,5.595499999999999918e-01,5.486299999999999510e-01,5.800800000000000400e-01,5.461599999999999788e-01,5.673500000000000210e-01,5.943399999999999794e-01,5.836599999999999566e-01,5.818900000000000183e-01,5.614200000000000301e-01,5.718900000000000095e-01,5.549699999999999633e-01,0.000000000000000000e+00,5.482000000000000206e-01
5.702599999999999891e-01,5.500300000000000189e-01,0.000000000000000000e+00,5.738400000000000167e-01,5.721199999999999619e-01,5.433000000000000052e-01,5.862300000000000288e-01,5.768600000000000394e-01,5.437999999999999501e-01,5.516499999999999737e-01,5.511200000000000543e-01,5.697200000000000042e-01,5.695500000000000007e-01,5.512799999999999923e-01,5.553299999999999903e-01,5.619399999999999951e-01,5.484099999999999531e-01,5.500599999999999934e-01,5.427999999999999492e-01,5.446699999999999875e-01,5.910800000000000498e-01,0.000000000000000000e+00,5.583099999999999730e-01,5.792199999999999571e-01,5.532299999999999995e-01,5.678100000000000369e-01,0.000000000000000000e+00,5.585099999999999509e-01,5.507900000000000018e-01,0.000000000000000000e+00,5.546299999999999564e-01,5.802800000000000180e-01,6.129000000000000004e-01,5.723300000000000054e-01,5.907400000000000428e-01,5.623899999999999455e-01,5.809199999999999919e-01,5.697999999999999732e-01,5.746499999999999941e-01,5.976200000000000401e-01,5.467499999999999583e-01,5.917499999999999982e-01,5.720899999999999874e-01,6.255500000000000504e-01,5.699699999999999767e-01,5.993600000000000039e-01,0.000000000000000000e+00,0.000000000000000000e+00,5.944099999999999939e-01,5.753500000000000281e-01,5.608600000000000252e-01,5.805399999999999450e-01,5.917099999999999582e-01,5.683399999999999563e-01,5.736299999999999732e-01,5.618100000000000316e-01,5.585799999999999654e-01,5.627199999999999980e-01,5.724399999999999489e-01,0.000000000000000000e+00,5.450300000000000145e-01,5.616200000000000081e-01,5.800800000000000400e-01,0.000000000000000000e+00,0.000000000000000000e+00,5.748299999999999521e-01,0.000000000000000000e+00,5.471599999999999797e-01,5.690499999999999448e-01,5.679999999999999494e-01,5.615599999999999481e-01,5.414400000000000324e-01,5.512299999999999978e-01,0.000000000000000000e+00,0.000000000000000000e+00,0.000000000000000000e+00
0.000000000000000000e+00,0.000000000000000000e+00,0.000000000000000000e+00,5.586600000000000454e-01,5.598100000000000298e-01,0.000000000000000000e+00,5.620500000000000496e-01,5.437999999999999501e-01,0.000000000000000000e+00,0.000000000000000000e+00,0.000000000000000000e+00,5.493000000000000105e-01,5.512200000000000433e-01,5.490399999999999725e-01,0.000000000000000000e+00,5.554200000000000248e-01,5.470699999999999452e-01,5.457600000000000229e-01,5.461399999999999588e-01,5.433499999999999996e-01,5.521099999999999897e-01,0.000000000000000000e+00,5.434600000000000541e-01,5.454099999999999504e-01,5.462500000000000133e-01,5.427199999999999802e-01,0.000000000000000000e+00,5.424200000000000133e-01,5.413999999999999924e-01,0.000000000000000000e+00,5.412900000000000489e-01,5.553200000000000358e-01,5.765500000000000069e-01,5.591300000000000159e-01,5.713500000000000245e-01,5.634900000000000464e-01,5.598400000000000043e-01,5.611399999999999721e-01,5.557100000000000373e-01,5.860400000000000054e-01,0.000000000000000000e+00,5.696200000000000152e-01,5.732899999999999663e-01,5.825200000000000378e-01,5.591199999999999504e-01,5.702300000000000146e-01,0.000000000000000000e+00,0.000000000000000000e+00,5.697400000000000242e-01,5.623200000000000420e-01,5.458899999999999864e-01,5.685799999999999743e-01,5.603200000000000403e-01,5.557800000000000518e-01,5.593599999999999683e-01,5.521599999999999842e-01,5.474299999999999722e-01,5.513599999999999612e-01,5.695099999999999607e-01,0.000000000000000000e+00,0.000000000000000000e+00,5.603599999999999692e-01,5.602800000000000002e-01,0.000000000000000000e+00,0.000000000000000000e+00,5.423000000000000043e-01,0.000000000000000000e+00,0.000000000000000000e+00,5.550899999999999723e-01,5.517800000000000482e-01,5.504799999999999693e-01,0.000000000000000000e+00,5.421099999999999808e-01,0.000000000000000000e+00,0.000000000000000000e+00,0.000000000000000000e+00
5.423200000000000243e-01,0.000000000000000000e+00,0.000000000000000000e+00,5.603200000000000403e-01,5.619300000000000406e-01,0.000000000000000000e+00,5.652099999999999902e-01,5.516499999999999737e-01,0.000000000000000000e+00,0.000000000000000000e+00,5.422299999999999898e-01,5.537999999999999590e-01,5.506999999999999673e-01,5.508399999999999963e-01,0.000000000000000000e+00,5.529800000000000271e-01,5.465600000000000458e-01,5.438199999999999701e-01,5.441799999999999971e-01,0.000000000000000000e+00,5.573200000000000376e-01,0.000000000000000000e+00,5.424600000000000533e-01,5.464299999999999713e-01,5.425900000000000167e-01,5.412200000000000344e-01,0.000000000000000000e+00,5.411799999999999944e-01,0.000000000000000000e+00,0.000000000000000000e+00,5.407199999999999784e-01,5.563799999999999857e-01,5.736299999999999732e-01,5.569600000000000106e-01,5.677600000000000424e-01,5.654400000000000537e-01,5.639199999999999768e-01,5.524499999999999966e-01,5.588699999999999779e-01,5.836900000000000421e-01,0.000000000000000000e+00,5.720300000000000384e-01,5.718600000000000350e-01,5.957200000000000273e-01,5.587900000000000089e-01,5.701800000000000201e-01,0.000000000000000000e+00,0.000000000000000000e+00,5.703899999999999526e-01,5.669600000000000195e-01,5.406100000000000350e-01,5.690300000000000358e-01,5.649899999999999922e-01,5.500399999999999734e-01,5.661399999999999766e-01,5.553500000000000103e-01,5.530100000000000016e-01,5.513400000000000523e-01,5.707200000000000051e-01,0.000000000000000000e+00,0.000000000000000000e+00,5.643000000000000238e-01,5.611099999999999977e-01,0.000000000000000000e+00,0.000000000000000000e+00,5.463299999999999823e-01,0.000000000000000000e+00,0.000000000000000000e+00,5.515400000000000302e-01,5.501599999999999824e-01,5.476900000000000102e-01,0.000000000000000000e+00,5.423799999999999732e-01,0.000000000000000000e+00,0.000000000000000000e+00,0.000000000000000000e+00
0.000000000000000000e+00,0.000000000000000000e+00,0.000000000000000000e+00,5.624299999999999855e-01,5.653899999999999482e-01,0.000000000000000000e+00,5.698699999999999877e-01,5.511200000000000543e-01,0.000000000000000000e+00,5.422299999999999898e-01,5.477800000000000447e-01,5.552000000000000268e-01,5.553099999999999703e-01,5.478800000000000336e-01,0.000000000000000000e+00,5.531000000000000361e-01,5.520100000000000007e-01,5.430300000000000127e-01,5.563799999999999857e-01,5.431300000000000017e-01,5.594200000000000284e-01,0.000000000000000000e+00,5.434999999999999831e-01,5.503400000000000514e-01,5.436900000000000066e-01,5.449899999999999745e-01,0.000000000000000000e+00,5.433799999999999741e-01,5.446100000000000385e-01,0.000000000000000000e+00,5.420300000000000118e-01,5.592799999999999994e-01,5.783099999999999907e-01,5.636600000000000499e-01,5.725999999999999979e-01,5.660800000000000276e-01,5.697400000000000242e-01,5.601399999999999713e-01,5.566400000000000237e-01,5.859100000000000419e-01,0.000000000000000000e+00,5.704299999999999926e-01,5.788400000000000212e-01,5.873099999999999987e-01,5.564599999999999547e-01,5.734099999999999753e-01,0.000000000000000000e+00,0.000000000000000000e+00,5.725200000000000289e-01,5.681599999999999984e-01,5.456299999999999484e-01,5.738900000000000112e-01,5.631000000000000449e-01,5.555799999999999628e-01,5.683300000000000018e-01,5.592500000000000249e-01,5.535700000000000065e-01,5.549699999999999633e-01,5.724299999999999944e-01,0.000000000000000000e+00,0.000000000000000000e+00,5.626999999999999780e-01,5.646200000000000108e-01,0.000000000000000000e+00,0.000000000000000000e+00,5.499800000000000244e-01,0.000000000000000000e+00,5.416800000000000503e-01,5.562399999999999567e-01,5.543900000000000494e-01,5.511300000000000088e-01,0.000000000000000000e+00,5.438699999999999646e-01,0.000000000000000000e+00,0.000000000000000000e+00,0.000000000000000000e+00
5.581899999999999640e-01,5.442900000000000515e-01,5.454799999999999649e-01,5.808200000000000029e-01,5.833000000000000407e-01,5.454999999999999849e-01,5.883500000000000396e-01,5.697200000000000042e-01,5.493000000000000105e-01,5.537999999999999590e-01,5.552000000000000268e-01,5.793300000000000116e-01,5.732099999999999973e-01,5.642599999999999838e-01,5.570300000000000251e-01,5.755099999999999660e-01,5.647400000000000198e-01,5.607299999999999507e-01,5.622099999999999875e-01,5.550300000000000233e-01,5.834099999999999842e-01,0.000000000000000000e+00,5.655700000000000172e-01,5.704799999999999871e-01,5.587999999999999634e-01,5.620600000000000041e-01,5.471399999999999597e-01,5.589600000000000124e-01,5.538899999999999935e-01,0.000000000000000000e+00,5.596499999999999808e-01,5.859199999999999964e-01,6.079799999999999649e-01,5.857599999999999474e-01,5.984099999999999975e-01,5.802100000000000035e-01,5.822899999999999743e-01,5.789800000000000502e-01,5.919600000000000417e-01,6.129700000000000149e-01,5.673200000000000465e-01,6.034800000000000164e-01,5.890999999999999570e-01,6.264399999999999968e-01,5.961100000000000287e-01,5.953899999999999748e-01,0.000000000000000000e+00,0.000000000000000000e+00,6.003500000000000503e-01,5.838799999999999546e-01,5.646099999999999453e-01,5.907700000000000173e-01,5.952100000000000168e-01,5.719899999999999984e-01,5.884300000000000086e-01,5.723200000000000509e-01,5.826400000000000468e-01,5.689800000000000413e-01,5.870600000000000263e-01,5.476299999999999502e-01,5.459500000000000464e-01,5.814399999999999569e-01,5.817600000000000549e-01,5.468499999999999472e-01,5.417899999999999938e-01,5.718400000000000150e-01,0.000000000000000000e+00,5.567499999999999671e-01,5.808499999999999774e-01,5.678499999999999659e-01,5.729199999999999848e-01,5.528199999999999781e-01,5.590199999999999614e-01,5.451099999999999834e-01,0.000000000000000000e+00,5.407800000000000384e-01
5.577400000000000135e-01,5.506900000000000128e-01,5.423000000000000043e-01,5.894500000000000295e-01,5.847499999999999920e-01,5.465100000000000513e-01,5.906900000000000484e-01,5.695400000000000462e-01,5.512200000000000433e-01,5.506999999999999673e-01,5.553099999999999703e-01,5.732099999999999973e-01,5.759800000000000475e-01,5.645000000000000018e-01,5.538300000000000445e-01,5.775400000000000533e-01,5.598499999999999588e-01,5.629699999999999704e-01,5.570000000000000506e-01,5.564400000000000457e-01,5.794899999999999496e-01,5.412799999999999834e-01,5.608400000000000052e-01,5.677600000000000424e-01,5.621699999999999475e-01,5.640300000000000313e-01,5.482500000000000151e-01,5.610100000000000087e-01,5.584000000000000075e-01,0.000000000000000000e+00,5.615200000000000191e-01,5.895299999999999985e-01,6.065399999999999681e-01,5.823000000000000398e-01,5.987299999999999844e-01,5.794799999999999951e-01,5.852699999999999569e-01,5.838900000000000201e-01,5.952899999999999858e-01,6.157599999999999740e-01,5.518999999999999462e-01,6.026700000000000390e-01,5.871300000000000407e-01,6.246399999999999730e-01,5.858400000000000274e-01,5.971600000000000241e-01,0.000000000000000000e+00,0.000000000000000000e+00,5.982800000000000340e-01,5.859199999999999964e-01,5.631300000000000194e-01,5.934899999999999620e-01,5.890300000000000535e-01,5.734200000000000408e-01,5.882800000000000251e-01,5.754700000000000371e-01,5.741199999999999637e-01,5.727999999999999758e-01,5.866400000000000503e-01,0.000000000000000000e+00,5.483299999999999841e-01,5.849699999999999900e-01,5.822800000000000198e-01,5.490599999999999925e-01,5.424099999999999477e-01,5.685799999999999743e-01,0.000000000000000000e+00,5.556900000000000173e-01,5.822199999999999598e-01,5.706400000000000361e-01,5.714700000000000335e-01,5.519100000000000117e-01,5.598800000000000443e-01,5.449199999999999600e-01,0.000000000000000000e+00,0.000000000000000000e+00
0.000000000000000000e+00,0.000000000000000000e+00,5.439199999999999591e-01,5.770199999999999774e-01,5.681500000000000439e-01,5.438800000000000301e-01,5.768900000000000139e-01,5.512799999999999923e-01,5.490399999999999725e-01,5.508399999999999963e-01,5.478800000000000336e-01,5.642599999999999838e-01,5.645000000000000018e-01,5.480199999999999516e-01,5.464900000000000313e-01,5.642500000000000293e-01,5.620000000000000551e-01,5.518300000000000427e-01,5.639100000000000223e-01,5.522500000000000187e-01,5.614400000000000501e-01,0.000000000000000000e+00,5.494900000000000340e-01,5.564900000000000402e-01,5.492000000000000215e-01,5.511800000000000033e-01,5.455200000000000049e-01,5.482900000000000551e-01,5.533500000000000085e-01,0.000000000000000000e+00,5.492500000000000160e-01,5.760199999999999765e-01,5.903500000000000414e-01,5.725400000000000489e-01,5.870199999999999863e-01,5.686600000000000543e-01,5.754899999999999460e-01,5.805900000000000505e-01,5.794300000000000006e-01,5.919900000000000162e-01,5.415900000000000158e-01,5.884599999999999831e-01,5.816099999999999604e-01,6.044000000000000483e-01,5.690300000000000358e-01,5.692500000000000338e-01,0.000000000000000000e+00,0.000000000000000000e+00,5.774200000000000443e-01,5.707200000000000051e-01,5.553700000000000303e-01,5.798999999999999710e-01,5.735900000000000443e-01,5.649999999999999467e-01,5.805299999999999905e-01,5.684700000000000308e-01,5.623500000000000165e-01,5.604400000000000492e-01,5.729499999999999593e-01,0.000000000000000000e+00,5.469100000000000072e-01,5.869900000000000118e-01,5.707999999999999741e-01,5.490199999999999525e-01,0.000000000000000000e+00,5.511899999999999578e-01,0.000000000000000000e+00,5.457100000000000284e-01,5.710899999999999865e-01,5.613399999999999501e-01,5.614999999999999991e-01,5.446199999999999930e-01,5.504000000000000004e-01,0.000000000000000000e+00,0.000000000000000000e+00,0.000000000000000000e+00
5.413599999999999524e-01,0.000000000000000000e+00,0.000000000000000000e+00,5.715999999999999970e-01,5.581300000000000150e-01,0.000000000000000000e+00,5.608100000000000307e-01,5.553299999999999903e-01,0.000000000000000000e+00,0.000000000000000000e+00,0.000000000000000000e+00,5.570300000000000251e-01,5.538300000000000445e-01,5.464999999999999858e-01,5.458699999999999664e-01,5.603200000000000403e-01,5.485700000000000021e-01,5.488499999999999490e-01,5.496199999999999974e-01,5.447600000000000220e-01,5.659899999999999931e-01,0.000000000000000000e+00,5.490500000000000380e-01,5.523400000000000531e-01,5.425900000000000167e-01,5.524999999999999911e-01,0.000000000000000000e+00,5.423000000000000043e-01,5.447499999999999565e-01,0.000000000000000000e+00,5.466699999999999893e-01,5.660399999999999876e-01,5.873300000000000187e-01,5.759100000000000330e-01,5.833099999999999952e-01,5.654400000000000537e-01,5.658900000000000041e-01,5.698199999999999932e-01,5.584500000000000020e-01,5.968200000000000172e-01,5.508300000000000418e-01,5.761800000000000255e-01,5.600100000000000078e-01,5.886400000000000521e-01,5.803899999999999615e-01,5.752300000000000191e-01,0.000000000000000000e+00,0.000000000000000000e+00,5.675499999999999989e-01,5.601899999999999658e-01,5.526100000000000456e-01,5.719100000000000295e-01,5.731500000000000483e-01,5.580300000000000260e-01,5.627299999999999525e-01,5.537600000000000300e-01,5.555099999999999483e-01,5.517499999999999627e-01,5.584099999999999620e-01,5.421200000000000463e-01,0.000000000000000000e+00,5.636700000000000044e-01,5.647400000000000198e-01,0.000000000000000000e+00,0.000000000000000000e+00,5.546600000000000419e-01,0.000000000000000000e+00,5.452099999999999724e-01,5.655400000000000427e-01,5.520599999999999952e-01,5.584000000000000075e-01,5.413799999999999724e-01,5.432099999999999707e-01,0.000000000000000000e+00,0.000000000000000000e+00,0.000000000000000000e+00
5.482000000000000206e-01,5.473099999999999632e-01,5.550699999999999523e-01,5.884700000000000486e-01,5.795700000000000296e-01,5.506699999999999928e-01,5.907999999999999918e-01,5.619399999999999951e-01,5.554200000000000248e-01,5.529800000000000271e-01,5.531000000000000361e-01,5.755099999999999660e-01,5.775400000000000533e-01,5.642599999999999838e-01,5.603200000000000403e-01,5.847799999999999665e-01,5.705599999999999561e-01,5.633299999999999974e-01,5.775599999999999623e-01,5.645400000000000418e-01,5.775400000000000533e-01,5.464999999999999858e-01,5.659600000000000186e-01,5.660500000000000531e-01,5.607199999999999962e-01,5.621800000000000130e-01,5.529699999999999616e-01,5.628699999999999815e-01,5.634400000000000519e-01,0.000000000000000000e+00,5.632399999999999629e-01,5.882399999999999851e-01,6.162600000000000300e-01,5.945000000000000284e-01,6.069900000000000295e-01,5.907099999999999573e-01,5.971400000000000041e-01,5.813700000000000534e-01,5.927900000000000391e-01,6.188799999999999857e-01,5.575900000000000301e-01,6.024699999999999500e-01,6.027000000000000135e-01,6.159599999999999520e-01,5.915700000000000403e-01,5.975200000000000511e-01,0.000000000000000000e+00,0.000000000000000000e+00,5.963800000000000212e-01,5.814099999999999824e-01,5.682000000000000384e-01,5.938299999999999690e-01,5.929100000000000481e-01,5.784399999999999542e-01,5.835900000000000531e-01,5.729999999999999538e-01,5.711399999999999810e-01,5.711199999999999610e-01,5.930499999999999661e-01,5.409899999999999709e-01,5.515299999999999647e-01,5.828699999999999992e-01,5.858400000000000274e-01,5.517600000000000282e-01,5.521500000000000297e-01,5.638100000000000334e-01,5.450899999999999634e-01,5.595900000000000318e-01,5.836000000000000076e-01,5.716700000000000115e-01,5.763500000000000290e-01,5.574099999999999611e-01,5.595200000000000173e-01,5.505999999999999783e-01,0.000000000000000000e+00,0.000000000000000000e+00
0.000000000000000000e+00,0.000000000000000000e+00,0.000000000000000000e+00,5.737700000000000022e-01,5.738100000000000422e-01,0.000000000000000000e+00,5.749400000000000066e-01,5.484099999999999531e-01,5.470699999999999452e-01,5.465600000000000458e-01,5.520100000000000007e-01,5.647400000000000198e-01,5.598499999999999588e-01,5.620000000000000551e-01,5.485700000000000021e-01,5.705599999999999561e-01,5.649499999999999522e-01,5.553599999999999648e-01,5.696499999999999897e-01,5.541899999999999604e-01,5.607799999999999452e-01,0.000000000000000000e+00,5.515400000000000302e-01,5.496100000000000430e-01,5.514499999999999957e-01,5.479500000000000481e-01,5.425799999999999512e-01,5.506199999999999983e-01,5.520899999999999697e-01,0.000000000000000000e+00,5.474799999999999667e-01,5.649600000000000177e-01,5.856099999999999639e-01,5.696900000000000297e-01,5.839800000000000546e-01,5.856500000000000039e-01,5.855599999999999694e-01,5.669999999999999485e-01,5.695599999999999552e-01,5.963600000000000012e-01,5.440800000000000081e-01,5.817900000000000293e-01,5.973199999999999621e-01,6.151499999999999746e-01,5.702000000000000401e-01,5.777299999999999658e-01,0.000000000000000000e+00,0.000000000000000000e+00,5.788400000000000212e-01,5.775400000000000533e-01,5.539899999999999824e-01,5.839499999999999691e-01,5.754099999999999770e-01,5.645000000000000018e-01,5.795400000000000551e-01,5.694799999999999862e-01,5.626299999999999635e-01,5.621300000000000185e-01,5.871499999999999497e-01,0.000000000000000000e+00,5.435699999999999976e-01,5.847099999999999520e-01,5.696700000000000097e-01,5.455200000000000049e-01,5.456199999999999939e-01,5.481800000000000006e-01,0.000000000000000000e+00,5.493299999999999850e-01,5.633399999999999519e-01,5.625299999999999745e-01,5.614900000000000446e-01,5.472399999999999487e-01,5.504200000000000204e-01,5.428399999999999892e-01,0.000000000000000000e+00,0.000000000000000000e+00
5.432799999999999851e-01,5.410899999999999599e-01,0.000000000000000000e+00,5.732300000000000173e-01,5.665700000000000180e-01,0.000000000000000000e+00,5.732399999999999718e-01,5.500599999999999934e-01,5.457600000000000229e-01,5.438199999999999701e-01,5.430300000000000127e-01,5.607299999999999507e-01,5.629699999999999704e-01,5.518300000000000427e-01,5.488499999999999490e-01,5.633299999999999974e-01,5.553599999999999648e-01,5.494900000000000340e-01,5.556200000000000028e-01,5.495600000000000485e-01,5.659800000000000386e-01,0.000000000000000000e+00,5.521000000000000352e-01,5.534499999999999975e-01,5.505100000000000549e-01,5.511200000000000543e-01,5.420500000000000318e-01,5.504700000000000149e-01,5.489199999999999635e-01,0.000000000000000000e+00,5.507300000000000528e-01,5.644500000000000073e-01,5.940999999999999615e-01,5.717299999999999605e-01,5.811100000000000154e-01,5.671399999999999775e-01,5.705299999999999816e-01,5.724000000000000199e-01,5.693700000000000427e-01,5.905200000000000449e-01,5.439399999999999791e-01,5.829699999999999882e-01,5.827900000000000302e-01,6.003399999999999848e-01,5.715500000000000025e-01,5.791300000000000336e-01,0.000000000000000000e+00,0.000000000000000000e+00,5.810800000000000409e-01,5.684500000000000108e-01,5.524999999999999911e-01,5.772899999999999698e-01,5.762100000000000000e-01,5.619399999999999951e-01,5.749100000000000321e-01,5.608300000000000507e-01,5.593500000000000139e-01,5.566699999999999982e-01,5.746799999999999686e-01,0.000000000000000000e+00,5.439399999999999791e-01,5.787299999999999667e-01,5.730899999999999883e-01,5.433000000000000052e-01,0.000000000000000000e+00,5.537900000000000045e-01,0.000000000000000000e+00,5.468499999999999472e-01,5.660699999999999621e-01,5.599300000000000388e-01,5.616999999999999771e-01,5.439100000000000046e-01,5.484299999999999731e-01,0.000000000000000000e+00,0.000000000000000000e+00,0.000000000000000000e+00
0.000000000000000000e+00,0.000000000000000000e+00,5.509399999999999853e-01,5.706400000000000361e-01,5.708199999999999941e-01,0.000000000000000000e+00,5.709400000000000031e-01,5.427999999999999492e-01,5.461399999999999588e-01,5.441799999999999971e-01,5.563799999999999857e-01,5.622099999999999875e-01,5.570000000000000506e-01,5.639100000000000223e-01,5.496199999999999974e-01,5.775599999999999623e-01,5.696499999999999897e-01,5.556200000000000028e-01,5.848200000000000065e-01,5.591099999999999959e-01,5.561500000000000332e-01,0.000000000000000000e+00,5.567699999999999871e-01,5.492200000000000415e-01,5.501899999999999569e-01,5.444400000000000350e-01,5.442700000000000315e-01,5.471599999999999797e-01,5.535099999999999465e-01,0.000000000000000000e+00,5.483900000000000441e-01,5.603299999999999947e-01,5.861199999999999743e-01,5.787200000000000122e-01,5.781899999999999817e-01,5.908200000000000118e-01,5.805399999999999450e-01,5.657799999999999496e-01,5.600699999999999568e-01,6.025899999999999590e-01,5.523200000000000331e-01,5.806499999999999995e-01,6.010799999999999477e-01,5.846900000000000430e-01,5.772300000000000209e-01,5.722099999999999964e-01,0.000000000000000000e+00,0.000000000000000000e+00,5.830199999999999827e-01,5.717100000000000515e-01,5.555299999999999683e-01,5.815000000000000169e-01,5.655999999999999917e-01,5.647799999999999487e-01,5.705500000000000016e-01,5.638900000000000023e-01,5.622200000000000530e-01,5.602200000000000513e-01,5.907200000000000228e-01,0.000000000000000000e+00,5.452900000000000524e-01,5.685000000000000053e-01,5.711399999999999810e-01,5.439599999999999991e-01,5.490500000000000380e-01,5.419399999999999773e-01,0.000000000000000000e+00,5.516199999999999992e-01,5.686099999999999488e-01,5.580000000000000515e-01,5.614200000000000301e-01,5.510000000000000453e-01,5.504599999999999493e-01,5.460199999999999498e-01,0.000000000000000000e+00,0.000000000000000000e+00
0.000000000000000000e+00,0.000000000000000000e+00,5.415100000000000469e-01,5.670500000000000540e-01,5.635200000000000209e-01,0.000000000000000000e+00,5.667900000000000160e-01,5.446699999999999875e-01,5.433499999999999996e-01,0.000000000000000000e+00,5.431300000000000017e-01,5.550300000000000233e-01,5.564400000000000457e-01,5.522500000000000187e-01,5.447600000000000220e-01,5.645400000000000418e-01,5.541899999999999604e-01,5.495600000000000485e-01,5.591099999999999959e-01,5.489500000000000490e-01,5.550500000000000433e-01,0.000000000000000000e+00,5.506999999999999673e-01,5.491200000000000525e-01,5.497900000000000009e-01,5.476400000000000157e-01,5.412500000000000089e-01,5.463999999999999968e-01,5.492000000000000215e-01,0.000000000000000000e+00,5.472700000000000342e-01,5.614299999999999846e-01,5.846599999999999575e-01,5.695700000000000207e-01,5.768199999999999994e-01,5.695099999999999607e-01,5.712000000000000410e-01,5.688100000000000378e-01,5.608199999999999852e-01,5.921899999999999942e-01,5.417499999999999538e-01,5.775700000000000278e-01,5.803599999999999870e-01,5.859799999999999454e-01,5.686999999999999833e-01,5.735000000000000098e-01,0.000000000000000000e+00,0.000000000000000000e+00,5.756900000000000350e-01,5.648999999999999577e-01,5.528300000000000436e-01,5.744399999999999507e-01,5.657400000000000206e-01,5.615299999999999736e-01,5.668199999999999905e-01,5.550399999999999778e-01,5.523500000000000076e-01,5.549800000000000288e-01,5.738499999999999712e-01,0.000000000000000000e+00,5.412700000000000289e-01,5.696499999999999897e-01,5.662199999999999456e-01,0.000000000000000000e+00,5.407300000000000439e-01,5.450199999999999489e-01,0.000000000000000000e+00,5.448600000000000110e-01,5.632000000000000339e-01,5.558499999999999552e-01,5.580399999999999805e-01,5.429500000000000437e-01,5.458399999999999919e-01,0.000000000000000000e+00,0.000000000000000000e+00,0.000000000000000000e+00
5.634500000000000064e-01,5.552200000000000468e-01,0.000000000000000000e+00,5.922600000000000087e-01,5.857599999999999474e-01,5.466800000000000548e-01,5.910999999999999588e-01,5.910800000000000498e-01,5.521099999999999897e-01,5.573200000000000376e-01,5.594200000000000284e-01,5.834099999999999842e-01,5.794899999999999496e-01,5.614400000000000501e-01,5.659800000000000386e-01,5.775400000000000533e-01,5.607799999999999452e-01,5.659800000000000386e-01,5.561500000000000332e-01,5.550500000000000433e-01,5.899299999999999544e-01,5.423900000000000388e-01,5.663300000000000001e-01,5.803500000000000325e-01,5.631800000000000139e-01,5.736599999999999477e-01,5.467899999999999983e-01,5.637699999999999934e-01,5.588100000000000289e-01,0.000000000000000000e+00,5.646999999999999797e-01,5.993899999999999784e-01,6.166000000000000369e-01,5.902699999999999614e-01,6.084100000000000064e-01,5.769300000000000539e-01,5.853399999999999714e-01,5.859499999999999709e-01,5.993399999999999839e-01,6.200700000000000101e-01,5.591500000000000359e-01,6.091299999999999493e-01,5.750800000000000356e-01,6.348300000000000054e-01,5.938799999999999635e-01,6.014100000000000001e-01,0.000000000000000000e+00,0.000000000000000000e+00,5.981699999999999795e-01,5.847200000000000175e-01,5.676999999999999824e-01,5.950100000000000389e-01,6.013699999999999601e-01,5.769800000000000484e-01,5.917900000000000382e-01,5.755000000000000115e-01,5.797799999999999621e-01,5.747600000000000486e-01,5.759100000000000330e-01,5.507600000000000273e-01,5.508800000000000363e-01,5.832800000000000207e-01,5.883699999999999486e-01,5.458899999999999864e-01,5.439000000000000501e-01,5.818799999999999528e-01,5.431599999999999762e-01,5.574900000000000411e-01,5.861499999999999488e-01,5.728799999999999448e-01,5.751699999999999591e-01,5.534200000000000230e-01,5.609899999999999887e-01,5.472599999999999687e-01,0.000000000000000000e+00,5.442700000000000315e-01
