5.542200000000000459e-01,5.434200000000000141e-01,0.000000000000000000e+00,0.000000000000000000e+00,0.000000000000000000e+00,0.000000000000000000e+00,0.000000000000000000e+00,5.720499999999999474e-01,0.000000000000000000e+00,0.000000000000000000e+00,0.000000000000000000e+00,0.000000000000000000e+00,5.438100000000000156e-01,0.000000000000000000e+00,5.466400000000000148e-01,0.000000000000000000e+00,0.000000000000000000e+00,0.000000000000000000e+00,0.000000000000000000e+00,0.000000000000000000e+00,5.415400000000000214e-01,0.000000000000000000e+00,0.000000000000000000e+00,5.525499999999999856e-01,0.000000000000000000e+00,0.000000000000000000e+00,0.000000000000000000e+00,0.000000000000000000e+00,0.000000000000000000e+00,0.000000000000000000e+00,0.000000000000000000e+00,5.504499999999999948e-01,0.000000000000000000e+00,5.588899999999999979e-01,5.435299999999999576e-01,0.000000000000000000e+00,0.000000000000000000e+00,5.641199999999999548e-01,0.000000000000000000e+00,0.000000000000000000e+00,5.643299999999999983e-01,5.532000000000000250e-01,0.000000000000000000e+00,5.650300000000000322e-01,5.577999999999999625e-01,5.566799999999999526e-01,0.000000000000000000e+00,0.000000000000000000e+00,5.414400000000000324e-01,0.000000000000000000e+00,0.000000000000000000e+00,0.000000000000000000e+00,5.500899999999999679e-01,0.000000000000000000e+00,0.000000000000000000e+00,0.000000000000000000e+00,0.000000000000000000e+00,0.000000000000000000e+00,0.000000000000000000e+00,0.000000000000000000e+00,5.474900000000000322e-01,0.000000000000000000e+00,5.479199999999999626e-01,0.000000000000000000e+00,0.000000000000000000e+00,0.000000000000000000e+00,0.000000000000000000e+00,0.000000000000000000e+00,0.000000000000000000e+00,0.000000000000000000e+00,0.000000000000000000e+00,0.000000000000000000e+00,0.000000000000000000e+00,0.000000000000000000e+00,0.000000000000000000e+00,0.000000000000000000e+00
5.434200000000000141e-01,5.670500000000000540e-01,5.627199999999999980e-01,5.633099999999999774e-01,5.576299999999999590e-01,5.604900000000000437e-01,5.595999999999999863e-01,5.688299999999999468e-01,5.569100000000000161e-01,5.658900000000000041e-01,5.508300000000000418e-01,0.000000000000000000e+00,5.735599999999999588e-01,0.000000000000000000e+00,5.461200000000000498e-01,5.592399999999999594e-01,5.441200000000000481e-01,5.611899999999999666e-01,0.000000000000000000e+00,5.710899999999999865e-01,0.000000000000000000e+00,5.693799999999999972e-01,5.552399999999999558e-01,5.420700000000000518e-01,5.573200000000000376e-01,5.508300000000000418e-01,5.697100000000000497e-01,5.616700000000000026e-01,5.525799999999999601e-01,5.419899999999999718e-01,5.642500000000000293e-01,5.709400000000000031e-01,5.821699999999999653e-01,5.938900000000000290e-01,5.779600000000000293e-01,5.702800000000000091e-01,5.611500000000000377e-01,5.605599999999999472e-01,5.575900000000000301e-01,5.947799999999999754e-01,6.013199999999999656e-01,5.906299999999999883e-01,5.689800000000000413e-01,6.043600000000000083e-01,5.705099999999999616e-01,0.000000000000000000e+00,5.570300000000000251e-01,0.000000000000000000e+00,5.832300000000000262e-01,5.674900000000000500e-01,5.498100000000000209e-01,5.684799999999999853e-01,5.579899999999999860e-01,5.533700000000000285e-01,5.674700000000000299e-01,5.553700000000000303e-01,0.000000000000000000e+00,5.678999999999999604e-01,5.673099999999999810e-01,0.000000000000000000e+00,5.722199999999999509e-01,5.608199999999999852e-01,5.847400000000000375e-01,0.000000000000000000e+00,5.674900000000000500e-01,5.415999999999999703e-01,5.665900000000000380e-01,5.518899999999999917e-01,0.000000000000000000e+00,5.522200000000000442e-01,5.489800000000000235e-01,5.651699999999999502e-01,5.571800000000000086e-01,5.643200000000000438e-01,5.618999999999999551e-01,5.749199999999999866e-01
0.000000000000000000e+00,5.627199999999999980e-01,5.587600000000000344e-01,5.587100000000000399e-01,5.506900000000000128e-01,5.508199999999999763e-01,5.524999999999999911e-01,5.648600000000000287e-01,5.453400000000000469e-01,5.533299999999999885e-01,5.441899999999999515e-01,0.000000000000000000e+00,5.672300000000000120e-01,0.000000000000000000e+00,5.439300000000000246e-01,5.505200000000000093e-01,0.000000000000000000e+00,5.517400000000000082e-01,0.000000000000000000e+00,5.593599999999999683e-01,0.000000000000000000e+00,5.604099999999999637e-01,5.473500000000000032e-01,0.000000000000000000e+00,5.497100000000000319e-01,5.446999999999999620e-01,5.598699999999999788e-01,5.557499999999999662e-01,5.447100000000000275e-01,0.000000000000000000e+00,5.597600000000000353e-01,5.625999999999999890e-01,5.853399999999999714e-01,5.916299999999999892e-01,5.766900000000000359e-01,5.591000000000000414e-01,5.497800000000000464e-01,5.578999999999999515e-01,5.567199999999999926e-01,5.870699999999999807e-01,6.008999999999999897e-01,5.969700000000000006e-01,5.604299999999999837e-01,5.873000000000000442e-01,5.676900000000000279e-01,0.000000000000000000e+00,5.528699999999999726e-01,0.000000000000000000e+00,5.735099999999999643e-01,5.613899999999999446e-01,5.424900000000000277e-01,5.598699999999999788e-01,5.518600000000000172e-01,5.424799999999999622e-01,5.631199999999999539e-01,5.499699999999999589e-01,0.000000000000000000e+00,5.618400000000000061e-01,5.604599999999999582e-01,0.000000000000000000e+00,5.596999999999999753e-01,5.485999999999999766e-01,5.768799999999999484e-01,0.000000000000000000e+00,5.551899999999999613e-01,0.000000000000000000e+00,5.569300000000000361e-01,5.436499999999999666e-01,0.000000000000000000e+00,5.474099999999999522e-01,5.414200000000000124e-01,5.534999999999999920e-01,5.478800000000000336e-01,5.548399999999999999e-01,5.511000000000000343e-01,5.673399999999999554e-01
0.000000000000000000e+00,5.633099999999999774e-01,5.587100000000000399e-01,5.631500000000000394e-01,5.530399999999999761e-01,5.575900000000000301e-01,5.548699999999999743e-01,5.529800000000000271e-01,5.563200000000000367e-01,5.592700000000000449e-01,5.477699999999999791e-01,0.000000000000000000e+00,5.685299999999999798e-01,0.000000000000000000e+00,0.000000000000000000e+00,5.509399999999999853e-01,5.435900000000000176e-01,5.545700000000000074e-01,0.000000000000000000e+00,5.552599999999999758e-01,0.000000000000000000e+00,5.581399999999999695e-01,5.472200000000000397e-01,0.000000000000000000e+00,5.518699999999999717e-01,5.471200000000000507e-01,5.624900000000000455e-01,5.585499999999999909e-01,5.491800000000000015e-01,5.438499999999999446e-01,5.572799999999999976e-01,5.681399999999999784e-01,5.800699999999999745e-01,5.811500000000000554e-01,5.763500000000000290e-01,5.529100000000000126e-01,5.600699999999999568e-01,5.573299999999999921e-01,5.664400000000000546e-01,5.837099999999999511e-01,5.902399999999999869e-01,5.932100000000000151e-01,5.594700000000000228e-01,5.994599999999999929e-01,5.670399999999999885e-01,0.000000000000000000e+00,5.617499999999999716e-01,5.410000000000000364e-01,5.744899999999999451e-01,5.645900000000000363e-01,5.520300000000000207e-01,5.679899999999999949e-01,5.530300000000000216e-01,5.480000000000000426e-01,5.574599999999999556e-01,5.556999999999999718e-01,0.000000000000000000e+00,5.683700000000000419e-01,5.511500000000000288e-01,0.000000000000000000e+00,5.615799999999999681e-01,5.627100000000000435e-01,5.777999999999999803e-01,0.000000000000000000e+00,5.526100000000000456e-01,5.411000000000000254e-01,5.545799999999999619e-01,5.485700000000000021e-01,0.000000000000000000e+00,5.498800000000000354e-01,5.469199999999999617e-01,5.534000000000000030e-01,5.531000000000000361e-01,5.533900000000000485e-01,5.470500000000000362e-01,5.667499999999999760e-01
0.000000000000000000e+00,5.576299999999999590e-01,5.506900000000000128e-01,5.530399999999999761e-01,5.514400000000000412e-01,5.454599999999999449e-01,5.527600000000000291e-01,5.552599999999999758e-01,5.459399999999999809e-01,5.623200000000000420e-01,5.431799999999999962e-01,0.000000000000000000e+00,5.604200000000000292e-01,0.000000000000000000e+00,0.000000000000000000e+00,5.478399999999999936e-01,5.411200000000000454e-01,5.469500000000000473e-01,0.000000000000000000e+00,5.507100000000000328e-01,0.000000000000000000e+00,5.534599999999999520e-01,5.425699999999999967e-01,0.000000000000000000e+00,5.476699999999999902e-01,0.000000000000000000e+00,5.547699999999999854e-01,5.530800000000000161e-01,0.000000000000000000e+00,0.000000000000000000e+00,5.516199999999999992e-01,5.611500000000000377e-01,5.732300000000000173e-01,5.786299999999999777e-01,5.669499999999999540e-01,5.571500000000000341e-01,5.514099999999999557e-01,5.594400000000000484e-01,5.515200000000000102e-01,5.804500000000000215e-01,5.858100000000000529e-01,5.788499999999999757e-01,5.555299999999999683e-01,5.894399999999999640e-01,5.677100000000000479e-01,0.000000000000000000e+00,5.455299999999999594e-01,0.000000000000000000e+00,5.693099999999999827e-01,5.640600000000000058e-01,0.000000000000000000e+00,5.607100000000000417e-01,5.478199999999999736e-01,0.000000000000000000e+00,5.631099999999999994e-01,5.471200000000000507e-01,0.000000000000000000e+00,5.576200000000000045e-01,5.545600000000000529e-01,0.000000000000000000e+00,5.577499999999999680e-01,5.515900000000000247e-01,5.671100000000000030e-01,0.000000000000000000e+00,5.491200000000000525e-01,0.000000000000000000e+00,5.487600000000000255e-01,0.000000000000000000e+00,0.000000000000000000e+00,5.437199999999999811e-01,0.000000000000000000e+00,5.481200000000000516e-01,5.471899999999999542e-01,5.493200000000000305e-01,5.473099999999999632e-01,5.628800000000000470e-01
0.000000000000000000e+00,5.604900000000000437e-01,5.508199999999999763e-01,5.575900000000000301e-01,5.454599999999999449e-01,5.524000000000000021e-01,5.502399999999999514e-01,5.536999999999999700e-01,5.493400000000000505e-01,5.528199999999999781e-01,0.000000000000000000e+00,0.000000000000000000e+00,5.620000000000000551e-01,0.000000000000000000e+00,0.000000000000000000e+00,5.538899999999999935e-01,0.000000000000000000e+00,5.484900000000000331e-01,0.000000000000000000e+00,5.590100000000000069e-01,0.000000000000000000e+00,5.606799999999999562e-01,5.442000000000000171e-01,0.000000000000000000e+00,5.498100000000000209e-01,5.421500000000000208e-01,5.606200000000000072e-01,5.527999999999999581e-01,5.433999999999999941e-01,0.000000000000000000e+00,5.519500000000000517e-01,5.667100000000000470e-01,5.706999999999999851e-01,5.733000000000000318e-01,5.675900000000000389e-01,5.545700000000000074e-01,5.571399999999999686e-01,5.431700000000000417e-01,5.543400000000000549e-01,5.832399999999999807e-01,5.827599999999999447e-01,5.816500000000000004e-01,5.543099999999999694e-01,5.887999999999999901e-01,5.530699999999999505e-01,0.000000000000000000e+00,5.519300000000000317e-01,0.000000000000000000e+00,5.704900000000000526e-01,5.561700000000000532e-01,5.450099999999999945e-01,5.602800000000000002e-01,5.461799999999999988e-01,5.471200000000000507e-01,5.526299999999999546e-01,5.455900000000000194e-01,0.000000000000000000e+00,5.577999999999999625e-01,5.554900000000000393e-01,0.000000000000000000e+00,5.537300000000000555e-01,5.489100000000000090e-01,5.746999999999999886e-01,0.000000000000000000e+00,5.570399999999999796e-01,0.000000000000000000e+00,5.589899999999999869e-01,5.442099999999999715e-01,0.000000000000000000e+00,5.421300000000000008e-01,0.000000000000000000e+00,5.540800000000000169e-01,5.485100000000000531e-01,5.556499999999999773e-01,5.519399999999999862e-01,5.628600000000000270e-01
0.000000000000000000e+00,5.595999999999999863e-01,5.524900000000000366e-01,5.548699999999999743e-01,5.527600000000000291e-01,5.502399999999999514e-01,5.546200000000000019e-01,5.594700000000000228e-01,5.487600000000000255e-01,5.620699999999999585e-01,5.445400000000000240e-01,0.000000000000000000e+00,5.638300000000000534e-01,0.000000000000000000e+00,0.000000000000000000e+00,5.515700000000000047e-01,5.412299999999999889e-01,5.499199999999999644e-01,0.000000000000000000e+00,5.534299999999999775e-01,0.000000000000000000e+00,5.579600000000000115e-01,5.434600000000000541e-01,0.000000000000000000e+00,5.498100000000000209e-01,5.430500000000000327e-01,5.584299999999999820e-01,5.548999999999999488e-01,0.000000000000000000e+00,0.000000000000000000e+00,5.542099999999999804e-01,5.690699999999999648e-01,5.761500000000000510e-01,5.795099999999999696e-01,5.710499999999999465e-01,5.545299999999999674e-01,5.521899999999999586e-01,5.514400000000000412e-01,5.602200000000000513e-01,5.821699999999999653e-01,5.871600000000000152e-01,5.851899999999999880e-01,5.548699999999999743e-01,5.942499999999999449e-01,5.643099999999999783e-01,0.000000000000000000e+00,5.504900000000000349e-01,0.000000000000000000e+00,5.745099999999999651e-01,5.639100000000000223e-01,5.437100000000000266e-01,5.636100000000000554e-01,5.507999999999999563e-01,5.436699999999999866e-01,5.619899999999999896e-01,5.497199999999999864e-01,0.000000000000000000e+00,5.604799999999999782e-01,5.531599999999999850e-01,0.000000000000000000e+00,5.568899999999999961e-01,5.513099999999999667e-01,5.688199999999999923e-01,0.000000000000000000e+00,5.499199999999999644e-01,5.416199999999999903e-01,5.522700000000000387e-01,5.424099999999999477e-01,0.000000000000000000e+00,5.455799999999999539e-01,5.410800000000000054e-01,5.503200000000000314e-01,5.493799999999999795e-01,5.528899999999999926e-01,5.507900000000000018e-01,5.639199999999999768e-01
5.720499999999999474e-01,5.688299999999999468e-01,5.648600000000000287e-01,5.529800000000000271e-01,5.552599999999999758e-01,5.536999999999999700e-01,5.594700000000000228e-01,5.914500000000000313e-01,5.500099999999999989e-01,5.643500000000000183e-01,5.488899999999999890e-01,5.448600000000000110e-01,5.710899999999999865e-01,0.000000000000000000e+00,5.604000000000000092e-01,5.546999999999999709e-01,0.000000000000000000e+00,5.576600000000000446e-01,0.000000000000000000e+00,5.635700000000000154e-01,5.557199999999999918e-01,5.639600000000000168e-01,5.608600000000000252e-01,5.627400000000000180e-01,5.510800000000000143e-01,5.573500000000000121e-01,5.662399999999999656e-01,5.593299999999999939e-01,5.473900000000000432e-01,0.000000000000000000e+00,5.592599999999999794e-01,5.709100000000000286e-01,5.780899999999999928e-01,5.932399999999999896e-01,5.728999999999999648e-01,5.626400000000000290e-01,5.526100000000000456e-01,5.731000000000000538e-01,5.562000000000000277e-01,5.797600000000000531e-01,6.011600000000000277e-01,5.830800000000000427e-01,5.645000000000000018e-01,6.022699999999999720e-01,5.743200000000000527e-01,5.669300000000000450e-01,5.475299999999999612e-01,0.000000000000000000e+00,5.801699999999999635e-01,5.714599999999999680e-01,5.522299999999999986e-01,5.684399999999999453e-01,5.771699999999999608e-01,5.477199999999999847e-01,5.644400000000000528e-01,5.559399999999999897e-01,5.494299999999999740e-01,5.626200000000000090e-01,5.617999999999999661e-01,5.454599999999999449e-01,5.654400000000000537e-01,5.553500000000000103e-01,5.774599999999999733e-01,0.000000000000000000e+00,5.589899999999999869e-01,5.592099999999999849e-01,5.593900000000000539e-01,5.569399999999999906e-01,5.523299999999999876e-01,5.495400000000000285e-01,5.574299999999999811e-01,5.587100000000000399e-01,5.500800000000000134e-01,5.551199999999999468e-01,5.548399999999999999e-01,5.731000000000000538e-01
0.000000000000000000e+00,5.569100000000000161e-01,5.453400000000000469e-01,5.563200000000000367e-01,5.459399999999999809e-01,5.493400000000000505e-01,5.487600000000000255e-01,5.500099999999999989e-01,5.460300000000000153e-01,5.523099999999999676e-01,0.000000000000000000e+00,0.000000000000000000e+00,5.580100000000000060e-01,0.000000000000000000e+00,0.000000000000000000e+00,5.520300000000000207e-01,0.000000000000000000e+00,5.472399999999999487e-01,0.000000000000000000e+00,5.537300000000000555e-01,0.000000000000000000e+00,5.568600000000000216e-01,0.000000000000000000e+00,0.000000000000000000e+00,5.476799999999999446e-01,0.000000000000000000e+00,5.565700000000000092e-01,5.504000000000000004e-01,0.000000000000000000e+00,0.000000000000000000e+00,5.487600000000000255e-01,5.604799999999999782e-01,5.646799999999999597e-01,5.695099999999999607e-01,5.612800000000000011e-01,5.539600000000000080e-01,5.523700000000000276e-01,5.422599999999999643e-01,5.473000000000000087e-01,5.790300000000000447e-01,5.788900000000000157e-01,5.747900000000000231e-01,5.503299999999999859e-01,5.860899999999999999e-01,5.590500000000000469e-01,0.000000000000000000e+00,5.483099999999999641e-01,0.000000000000000000e+00,5.681800000000000184e-01,5.549600000000000088e-01,0.000000000000000000e+00,5.562799999999999967e-01,5.426199999999999912e-01,5.440000000000000391e-01,5.551300000000000123e-01,5.416999999999999593e-01,0.000000000000000000e+00,5.546699999999999964e-01,5.499600000000000044e-01,0.000000000000000000e+00,5.509100000000000108e-01,5.471500000000000252e-01,5.701399999999999801e-01,0.000000000000000000e+00,5.527199999999999891e-01,0.000000000000000000e+00,5.534299999999999775e-01,0.000000000000000000e+00,0.000000000000000000e+00,0.000000000000000000e+00,0.000000000000000000e+00,5.509399999999999853e-01,5.471200000000000507e-01,5.514099999999999557e-01,5.516999999999999682e-01,5.595200000000000173e-01
0.000000000000000000e+00,5.658900000000000041e-01,5.533299999999999885e-01,5.592700000000000449e-01,5.623200000000000420e-01,5.528199999999999781e-01,5.620699999999999585e-01,5.643500000000000183e-01,5.523099999999999676e-01,5.699899999999999967e-01,5.517199999999999882e-01,0.000000000000000000e+00,5.691599999999999993e-01,0.000000000000000000e+00,0.000000000000000000e+00,5.554400000000000448e-01,5.516199999999999992e-01,5.535600000000000520e-01,0.000000000000000000e+00,5.603200000000000403e-01,5.444299999999999695e-01,5.641399999999999748e-01,5.486400000000000166e-01,0.000000000000000000e+00,5.568800000000000416e-01,5.465999999999999748e-01,5.616900000000000226e-01,5.605700000000000127e-01,5.460700000000000554e-01,5.443999999999999950e-01,5.609800000000000342e-01,5.702599999999999891e-01,5.709800000000000431e-01,5.816999999999999948e-01,5.655400000000000427e-01,5.698999999999999622e-01,5.591899999999999649e-01,5.536900000000000155e-01,5.617499999999999716e-01,5.941699999999999759e-01,5.908499999999999863e-01,5.851399999999999935e-01,5.663000000000000256e-01,5.986000000000000210e-01,5.677299999999999569e-01,0.000000000000000000e+00,5.482299999999999951e-01,0.000000000000000000e+00,5.783800000000000052e-01,5.713000000000000300e-01,0.000000000000000000e+00,5.675900000000000389e-01,5.491500000000000270e-01,5.472299999999999942e-01,5.761100000000000110e-01,5.513700000000000268e-01,0.000000000000000000e+00,5.663599999999999746e-01,5.674799999999999844e-01,0.000000000000000000e+00,5.665299999999999780e-01,5.609399999999999942e-01,5.750600000000000156e-01,0.000000000000000000e+00,5.567900000000000071e-01,5.472099999999999742e-01,5.543599999999999639e-01,5.455299999999999594e-01,0.000000000000000000e+00,5.491899999999999560e-01,5.420199999999999463e-01,5.582399999999999585e-01,5.589600000000000124e-01,5.600800000000000223e-01,5.685000000000000053e-01,5.692000000000000393e-01
0.000000000000000000e+00,5.508300000000000418e-01,5.441899999999999515e-01,5.477699999999999791e-01,5.431700000000000417e-01,0.000000000000000000e+00,5.445400000000000240e-01,5.488899999999999890e-01,0.000000000000000000e+00,5.517199999999999882e-01,0.000000000000000000e+00,0.000000000000000000e+00,5.533799999999999830e-01,0.000000000000000000e+00,0.000000000000000000e+00,5.444799999999999640e-01,0.000000000000000000e+00,5.425799999999999512e-01,0.000000000000000000e+00,5.473400000000000487e-01,0.000000000000000000e+00,5.491099999999999870e-01,0.000000000000000000e+00,0.000000000000000000e+00,5.414700000000000069e-01,0.000000000000000000e+00,5.484999999999999876e-01,5.455799999999999539e-01,0.000000000000000000e+00,0.000000000000000000e+00,5.431200000000000472e-01,5.515600000000000502e-01,5.600600000000000023e-01,5.656499999999999861e-01,5.526699999999999946e-01,5.517999999999999572e-01,0.000000000000000000e+00,5.417300000000000448e-01,0.000000000000000000e+00,5.702199999999999491e-01,5.738100000000000422e-01,5.661699999999999511e-01,5.474900000000000322e-01,5.776099999999999568e-01,5.544000000000000039e-01,0.000000000000000000e+00,0.000000000000000000e+00,0.000000000000000000e+00,5.641199999999999548e-01,5.539600000000000080e-01,0.000000000000000000e+00,5.502599999999999714e-01,0.000000000000000000e+00,0.000000000000000000e+00,5.532200000000000450e-01,0.000000000000000000e+00,0.000000000000000000e+00,5.487400000000000055e-01,5.482599999999999696e-01,0.000000000000000000e+00,5.491000000000000325e-01,5.428699999999999637e-01,5.644000000000000128e-01,0.000000000000000000e+00,5.467100000000000293e-01,0.000000000000000000e+00,5.468699999999999672e-01,0.000000000000000000e+00,0.000000000000000000e+00,0.000000000000000000e+00,0.000000000000000000e+00,5.457899999999999974e-01,5.424700000000000077e-01,5.449000000000000510e-01,5.467100000000000293e-01,5.559399999999999897e-01
0.000000000000000000e+00,0.000000000000000000e+00,0.000000000000000000e+00,0.000000000000000000e+00,0.000000000000000000e+00,0.000000000000000000e+00,0.000000000000000000e+00,5.448600000000000110e-01,0.000000000000000000e+00,0.000000000000000000e+00,0.000000000000000000e+00,0.000000000000000000e+00,0.000000000000000000e+00,0.000000000000000000e+00,0.000000000000000000e+00,0.000000000000000000e+00,0.000000000000000000e+00,0.000000000000000000e+00,0.000000000000000000e+00,0.000000000000000000e+00,0.000000000000000000e+00,0.000000000000000000e+00,0.000000000000000000e+00,0.000000000000000000e+00,0.000000000000000000e+00,0.000000000000000000e+00,0.000000000000000000e+00,0.000000000000000000e+00,0.000000000000000000e+00,0.000000000000000000e+00,0.000000000000000000e+00,0.000000000000000000e+00,0.000000000000000000e+00,5.419100000000000028e-01,0.000000000000000000e+00,0.000000000000000000e+00,0.000000000000000000e+00,0.000000000000000000e+00,0.000000000000000000e+00,0.000000000000000000e+00,5.475100000000000522e-01,0.000000000000000000e+00,0.000000000000000000e+00,5.479699999999999571e-01,0.000000000000000000e+00,0.000000000000000000e+00,0.000000000000000000e+00,0.000000000000000000e+00,0.000000000000000000e+00,0.000000000000000000e+00,0.000000000000000000e+00,0.000000000000000000e+00,0.000000000000000000e+00,0.000000000000000000e+00,0.000000000000000000e+00,0.000000000000000000e+00,0.000000000000000000e+00,0.000000000000000000e+00,0.000000000000000000e+00,0.000000000000000000e+00,0.000000000000000000e+00,0.000000000000000000e+00,0.000000000000000000e+00,0.000000000000000000e+00,0.000000000000000000e+00,0.000000000000000000e+00,0.000000000000000000e+00,0.000000000000000000e+00,0.000000000000000000e+00,0.000000000000000000e+00,0.000000000000000000e+00,0.000000000000000000e+00,0.000000000000000000e+00,0.000000000000000000e+00,0.000000000000000000e+00,0.000000000000000000e+00
5.438100000000000156e-01,5.735599999999999588e-01,5.672300000000000120e-01,5.685299999999999798e-01,5.604200000000000292e-01,5.620000000000000551e-01,5.638300000000000534e-01,5.710899999999999865e-01,5.580100000000000060e-01,5.691599999999999993e-01,5.533799999999999830e-01,0.000000000000000000e+00,5.776900000000000368e-01,0.000000000000000000e+00,5.461899999999999533e-01,5.632099999999999884e-01,5.487199999999999855e-01,5.651800000000000157e-01,0.000000000000000000e+00,5.690699999999999648e-01,5.465799999999999548e-01,5.718600000000000350e-01,5.543400000000000549e-01,5.427800000000000402e-01,5.628199999999999870e-01,5.533799999999999830e-01,5.698800000000000532e-01,5.653500000000000192e-01,5.530800000000000161e-01,5.500800000000000134e-01,5.661199999999999566e-01,5.778900000000000148e-01,5.830100000000000282e-01,5.925799999999999956e-01,5.804399999999999560e-01,5.693099999999999827e-01,5.629399999999999959e-01,5.592700000000000449e-01,5.668100000000000360e-01,5.955599999999999783e-01,6.008700000000000152e-01,5.967999999999999972e-01,5.652399999999999647e-01,6.071699999999999875e-01,5.724399999999999489e-01,0.000000000000000000e+00,5.608499999999999597e-01,0.000000000000000000e+00,5.868499999999999828e-01,5.726099999999999524e-01,5.507100000000000328e-01,5.721000000000000529e-01,5.584799999999999764e-01,5.550000000000000488e-01,5.720100000000000184e-01,5.592599999999999794e-01,0.000000000000000000e+00,5.716900000000000315e-01,5.652599999999999847e-01,0.000000000000000000e+00,5.706799999999999651e-01,5.646999999999999797e-01,5.882100000000000106e-01,0.000000000000000000e+00,5.644400000000000528e-01,5.489899999999999780e-01,5.660800000000000276e-01,5.531399999999999650e-01,0.000000000000000000e+00,5.547100000000000364e-01,5.504200000000000204e-01,5.641300000000000203e-01,5.596600000000000463e-01,5.652199999999999447e-01,5.663399999999999546e-01,5.761699999999999600e-01
0.000000000000000000e+00,0.000000000000000000e+00,0.000000000000000000e+00,0.000000000000000000e+00,0.000000000000000000e+00,0.000000000000000000e+00,0.000000000000000000e+00,0.000000000000000000e+00,0.000000000000000000e+00,0.000000000000000000e+00,0.000000000000000000e+00,0.000000000000000000e+00,0.000000000000000000e+00,0.000000000000000000e+00,0.000000000000000000e+00,0.000000000000000000e+00,0.000000000000000000e+00,0.000000000000000000e+00,0.000000000000000000e+00,0.000000000000000000e+00,0.000000000000000000e+00,0.000000000000000000e+00,0.000000000000000000e+00,0.000000000000000000e+00,0.000000000000000000e+00,0.000000000000000000e+00,0.000000000000000000e+00,0.000000000000000000e+00,0.000000000000000000e+00,0.000000000000000000e+00,0.000000000000000000e+00,0.000000000000000000e+00,0.000000000000000000e+00,0.000000000000000000e+00,0.000000000000000000e+00,0.000000000000000000e+00,0.000000000000000000e+00,0.000000000000000000e+00,0.000000000000000000e+00,0.000000000000000000e+00,0.000000000000000000e+00,0.000000000000000000e+00,0.000000000000000000e+00,5.449100000000000055e-01,0.000000000000000000e+00,0.000000000000000000e+00,0.000000000000000000e+00,0.000000000000000000e+00,0.000000000000000000e+00,0.000000000000000000e+00,0.000000000000000000e+00,0.000000000000000000e+00,0.000000000000000000e+00,0.000000000000000000e+00,0.000000000000000000e+00,0.000000000000000000e+00,0.000000000000000000e+00,0.000000000000000000e+00,0.000000000000000000e+00,0.000000000000000000e+00,0.000000000000000000e+00,0.000000000000000000e+00,0.000000000000000000e+00,0.000000000000000000e+00,0.000000000000000000e+00,0.000000000000000000e+00,0.000000000000000000e+00,0.000000000000000000e+00,0.000000000000000000e+00,0.000000000000000000e+00,0.000000000000000000e+00,0.000000000000000000e+00,0.000000000000000000e+00,0.000000000000000000e+00,0.000000000000000000e+00,0.000000000000000000e+00
5.466400000000000148e-01,5.461200000000000498e-01,5.439300000000000246e-01,0.000000000000000000e+00,0.000000000000000000e+00,0.000000000000000000e+00,0.000000000000000000e+00,5.604000000000000092e-01,0.000000000000000000e+00,0.000000000000000000e+00,0.000000000000000000e+00,0.000000000000000000e+00,5.461899999999999533e-01,0.000000000000000000e+00,0.000000000000000000e+00,0.000000000000000000e+00,0.000000000000000000e+00,0.000000000000000000e+00,0.000000000000000000e+00,0.000000000000000000e+00,0.000000000000000000e+00,0.000000000000000000e+00,0.000000000000000000e+00,5.410500000000000309e-01,0.000000000000000000e+00,0.000000000000000000e+00,5.440899999999999626e-01,0.000000000000000000e+00,0.000000000000000000e+00,0.000000000000000000e+00,0.000000000000000000e+00,0.000000000000000000e+00,5.447300000000000475e-01,5.606200000000000072e-01,5.478499999999999481e-01,0.000000000000000000e+00,0.000000000000000000e+00,5.517699999999999827e-01,0.000000000000000000e+00,5.485600000000000476e-01,5.678900000000000059e-01,5.534599999999999520e-01,0.000000000000000000e+00,5.617799999999999461e-01,5.460000000000000409e-01,0.000000000000000000e+00,0.000000000000000000e+00,0.000000000000000000e+00,5.502299999999999969e-01,5.466499999999999693e-01,0.000000000000000000e+00,5.425600000000000422e-01,5.483799999999999786e-01,0.000000000000000000e+00,5.416299999999999448e-01,0.000000000000000000e+00,0.000000000000000000e+00,0.000000000000000000e+00,5.427300000000000457e-01,0.000000000000000000e+00,5.466100000000000403e-01,0.000000000000000000e+00,5.508100000000000218e-01,0.000000000000000000e+00,0.000000000000000000e+00,0.000000000000000000e+00,0.000000000000000000e+00,0.000000000000000000e+00,0.000000000000000000e+00,0.000000000000000000e+00,0.000000000000000000e+00,0.000000000000000000e+00,0.000000000000000000e+00,0.000000000000000000e+00,5.414600000000000524e-01,5.487900000000000000e-01
0.000000000000000000e+00,5.592399999999999594e-01,5.505200000000000093e-01,5.509399999999999853e-01,5.478399999999999936e-01,5.538899999999999935e-01,5.515700000000000047e-01,5.546999999999999709e-01,5.520300000000000207e-01,5.554400000000000448e-01,5.444799999999999640e-01,0.000000000000000000e+00,5.632099999999999884e-01,0.000000000000000000e+00,0.000000000000000000e+00,5.455699999999999994e-01,5.411399999999999544e-01,5.487999999999999545e-01,0.000000000000000000e+00,5.596400000000000263e-01,0.000000000000000000e+00,5.609100000000000197e-01,5.452099999999999724e-01,0.000000000000000000e+00,5.493299999999999850e-01,0.000000000000000000e+00,5.613599999999999701e-01,5.526100000000000456e-01,5.448499999999999455e-01,5.421000000000000263e-01,5.500699999999999479e-01,5.648600000000000287e-01,5.685400000000000453e-01,5.732000000000000428e-01,5.690600000000000103e-01,5.549199999999999688e-01,5.538399999999999990e-01,5.452500000000000124e-01,5.536299999999999555e-01,5.791500000000000536e-01,5.790199999999999791e-01,5.783500000000000307e-01,5.548800000000000399e-01,5.919999999999999707e-01,5.654700000000000282e-01,0.000000000000000000e+00,5.491599999999999815e-01,0.000000000000000000e+00,5.733300000000000063e-01,5.590199999999999614e-01,5.429800000000000182e-01,5.609699999999999687e-01,5.457999999999999519e-01,5.468399999999999928e-01,5.592000000000000304e-01,5.467800000000000438e-01,0.000000000000000000e+00,5.584900000000000420e-01,5.533900000000000485e-01,0.000000000000000000e+00,5.592700000000000449e-01,5.520399999999999752e-01,5.730699999999999683e-01,0.000000000000000000e+00,5.585099999999999509e-01,0.000000000000000000e+00,5.589600000000000124e-01,5.440099999999999936e-01,0.000000000000000000e+00,5.435299999999999576e-01,0.000000000000000000e+00,5.559699999999999642e-01,5.502599999999999714e-01,5.572599999999999776e-01,5.576499999999999790e-01,5.630300000000000304e-01
0.000000000000000000e+00,5.441200000000000481e-01,0.000000000000000000e+00,5.435900000000000176e-01,5.411200000000000454e-01,0.000000000000000000e+00,5.412299999999999889e-01,0.000000000000000000e+00,0.000000000000000000e+00,5.516199999999999992e-01,0.000000000000000000e+00,0.000000000000000000e+00,5.487199999999999855e-01,0.000000000000000000e+00,0.000000000000000000e+00,5.411399999999999544e-01,0.000000000000000000e+00,0.000000000000000000e+00,0.000000000000000000e+00,0.000000000000000000e+00,0.000000000000000000e+00,5.429500000000000437e-01,0.000000000000000000e+00,0.000000000000000000e+00,0.000000000000000000e+00,0.000000000000000000e+00,0.000000000000000000e+00,5.427100000000000257e-01,0.000000000000000000e+00,0.000000000000000000e+00,5.411000000000000254e-01,5.453299999999999814e-01,5.530399999999999761e-01,5.542099999999999804e-01,0.000000000000000000e+00,5.519600000000000062e-01,5.430800000000000072e-01,0.000000000000000000e+00,0.000000000000000000e+00,5.608499999999999597e-01,5.613700000000000356e-01,5.545400000000000329e-01,5.529500000000000526e-01,5.753200000000000536e-01,5.472099999999999742e-01,0.000000000000000000e+00,0.000000000000000000e+00,0.000000000000000000e+00,5.595900000000000318e-01,5.528100000000000236e-01,0.000000000000000000e+00,5.473000000000000087e-01,0.000000000000000000e+00,0.000000000000000000e+00,5.508999999999999453e-01,0.000000000000000000e+00,0.000000000000000000e+00,5.451599999999999779e-01,5.524299999999999766e-01,0.000000000000000000e+00,5.443400000000000460e-01,0.000000000000000000e+00,5.529100000000000126e-01,0.000000000000000000e+00,0.000000000000000000e+00,0.000000000000000000e+00,0.000000000000000000e+00,0.000000000000000000e+00,0.000000000000000000e+00,0.000000000000000000e+00,0.000000000000000000e+00,0.000000000000000000e+00,0.000000000000000000e+00,0.000000000000000000e+00,5.510399999999999743e-01,5.470800000000000107e-01
0.000000000000000000e+00,5.611899999999999666e-01,5.517400000000000082e-01,5.545700000000000074e-01,5.469500000000000473e-01,5.484900000000000331e-01,5.499199999999999644e-01,5.576600000000000446e-01,5.472500000000000142e-01,5.535600000000000520e-01,5.425799999999999512e-01,0.000000000000000000e+00,5.651800000000000157e-01,0.000000000000000000e+00,0.000000000000000000e+00,5.487999999999999545e-01,0.000000000000000000e+00,5.482299999999999951e-01,0.000000000000000000e+00,5.576999999999999735e-01,0.000000000000000000e+00,5.587699999999999889e-01,5.443700000000000205e-01,0.000000000000000000e+00,5.477400000000000047e-01,5.411700000000000399e-01,5.568199999999999816e-01,5.551800000000000068e-01,5.442299999999999915e-01,0.000000000000000000e+00,5.535900000000000265e-01,5.620699999999999585e-01,5.733800000000000008e-01,5.785799999999999832e-01,5.659899999999999931e-01,5.566200000000000037e-01,5.536299999999999555e-01,5.517499999999999627e-01,5.489000000000000545e-01,5.758400000000000185e-01,5.863699999999999468e-01,5.796499999999999986e-01,5.586499999999999799e-01,5.957900000000000418e-01,5.623899999999999455e-01,0.000000000000000000e+00,5.489199999999999635e-01,0.000000000000000000e+00,5.733800000000000008e-01,5.577299999999999480e-01,0.000000000000000000e+00,5.580000000000000515e-01,5.469199999999999617e-01,5.419800000000000173e-01,5.600699999999999568e-01,5.467300000000000493e-01,0.000000000000000000e+00,5.587499999999999689e-01,5.565200000000000147e-01,0.000000000000000000e+00,5.639999999999999458e-01,5.505200000000000093e-01,5.756900000000000350e-01,0.000000000000000000e+00,5.561199999999999477e-01,0.000000000000000000e+00,5.581300000000000150e-01,5.450599999999999890e-01,0.000000000000000000e+00,5.436800000000000521e-01,0.000000000000000000e+00,5.547900000000000054e-01,5.477899999999999991e-01,5.534299999999999775e-01,5.522399999999999531e-01,5.650699999999999612e-01
0.000000000000000000e+00,0.000000000000000000e+00,0.000000000000000000e+00,0.000000000000000000e+00,0.000000000000000000e+00,0.000000000000000000e+00,0.000000000000000000e+00,0.000000000000000000e+00,0.000000000000000000e+00,0.000000000000000000e+00,0.000000000000000000e+00,0.000000000000000000e+00,0.000000000000000000e+00,0.000000000000000000e+00,0.000000000000000000e+00,0.000000000000000000e+00,0.000000000000000000e+00,0.000000000000000000e+00,0.000000000000000000e+00,0.000000000000000000e+00,0.000000000000000000e+00,0.000000000000000000e+00,0.000000000000000000e+00,0.000000000000000000e+00,0.000000000000000000e+00,0.000000000000000000e+00,0.000000000000000000e+00,0.000000000000000000e+00,0.000000000000000000e+00,0.000000000000000000e+00,0.000000000000000000e+00,0.000000000000000000e+00,0.000000000000000000e+00,0.000000000000000000e+00,0.000000000000000000e+00,0.000000000000000000e+00,0.000000000000000000e+00,0.000000000000000000e+00,0.000000000000000000e+00,0.000000000000000000e+00,5.463700000000000223e-01,0.000000000000000000e+00,0.000000000000000000e+00,5.434700000000000086e-01,0.000000000000000000e+00,0.000000000000000000e+00,0.000000000000000000e+00,0.000000000000000000e+00,0.000000000000000000e+00,0.000000000000000000e+00,0.000000000000000000e+00,0.000000000000000000e+00,0.000000000000000000e+00,0.000000000000000000e+00,0.000000000000000000e+00,0.000000000000000000e+00,0.000000000000000000e+00,0.000000000000000000e+00,0.000000000000000000e+00,0.000000000000000000e+00,0.000000000000000000e+00,0.000000000000000000e+00,0.000000000000000000e+00,0.000000000000000000e+00,0.000000000000000000e+00,0.000000000000000000e+00,0.000000000000000000e+00,0.000000000000000000e+00,0.000000000000000000e+00,0.000000000000000000e+00,0.000000000000000000e+00,0.000000000000000000e+00,0.000000000000000000e+00,0.000000000000000000e+00,0.000000000000000000e+00,0.000000000000000000e+00
0.000000000000000000e+00,5.710899999999999865e-01,5.593599999999999683e-01,5.552599999999999758e-01,5.507100000000000328e-01,5.590100000000000069e-01,5.534299999999999775e-01,5.635700000000000154e-01,5.537199999999999900e-01,5.603200000000000403e-01,5.473400000000000487e-01,0.000000000000000000e+00,5.690699999999999648e-01,0.000000000000000000e+00,0.000000000000000000e+00,5.596400000000000263e-01,0.000000000000000000e+00,5.576999999999999735e-01,0.000000000000000000e+00,5.695200000000000262e-01,0.000000000000000000e+00,5.681100000000000039e-01,5.515499999999999847e-01,0.000000000000000000e+00,5.551599999999999868e-01,5.468600000000000128e-01,5.674099999999999699e-01,5.587199999999999944e-01,5.509300000000000308e-01,0.000000000000000000e+00,5.585099999999999509e-01,5.659399999999999986e-01,5.766700000000000159e-01,5.866099999999999648e-01,5.730300000000000393e-01,5.650899999999999812e-01,5.577400000000000135e-01,5.570399999999999796e-01,5.520899999999999697e-01,5.881699999999999706e-01,5.958099999999999508e-01,5.843599999999999905e-01,5.609699999999999687e-01,5.979999999999999760e-01,5.714000000000000190e-01,0.000000000000000000e+00,5.539600000000000080e-01,0.000000000000000000e+00,5.804300000000000015e-01,5.607999999999999652e-01,5.490699999999999470e-01,5.617400000000000171e-01,5.543099999999999694e-01,5.540300000000000225e-01,5.631099999999999994e-01,5.504999999999999893e-01,0.000000000000000000e+00,5.612700000000000466e-01,5.601399999999999713e-01,0.000000000000000000e+00,5.669100000000000250e-01,5.516600000000000392e-01,5.813500000000000334e-01,0.000000000000000000e+00,5.696499999999999897e-01,0.000000000000000000e+00,5.682300000000000129e-01,5.500199999999999534e-01,0.000000000000000000e+00,5.482500000000000151e-01,5.431799999999999962e-01,5.638699999999999823e-01,5.527699999999999836e-01,5.621500000000000385e-01,5.573000000000000176e-01,5.714700000000000335e-01
5.415400000000000214e-01,0.000000000000000000e+00,0.000000000000000000e+00,0.000000000000000000e+00,0.000000000000000000e+00,0.000000000000000000e+00,0.000000000000000000e+00,5.557199999999999918e-01,0.000000000000000000e+00,5.444299999999999695e-01,0.000000000000000000e+00,0.000000000000000000e+00,5.465799999999999548e-01,0.000000000000000000e+00,0.000000000000000000e+00,0.000000000000000000e+00,0.000000000000000000e+00,0.000000000000000000e+00,0.000000000000000000e+00,0.000000000000000000e+00,0.000000000000000000e+00,0.000000000000000000e+00,0.000000000000000000e+00,0.000000000000000000e+00,0.000000000000000000e+00,0.000000000000000000e+00,0.000000000000000000e+00,0.000000000000000000e+00,0.000000000000000000e+00,0.000000000000000000e+00,0.000000000000000000e+00,5.475499999999999812e-01,0.000000000000000000e+00,5.558499999999999552e-01,5.419599999999999973e-01,0.000000000000000000e+00,0.000000000000000000e+00,5.461099999999999843e-01,5.410700000000000509e-01,5.466199999999999948e-01,5.632200000000000539e-01,5.580199999999999605e-01,0.000000000000000000e+00,5.658800000000000496e-01,5.458199999999999719e-01,0.000000000000000000e+00,0.000000000000000000e+00,0.000000000000000000e+00,5.444799999999999640e-01,5.495999999999999774e-01,0.000000000000000000e+00,5.437499999999999556e-01,0.000000000000000000e+00,0.000000000000000000e+00,5.456999999999999629e-01,0.000000000000000000e+00,0.000000000000000000e+00,5.421500000000000208e-01,5.410500000000000309e-01,0.000000000000000000e+00,5.430399999999999672e-01,5.415600000000000414e-01,5.512899999999999467e-01,0.000000000000000000e+00,0.000000000000000000e+00,5.422500000000000098e-01,0.000000000000000000e+00,0.000000000000000000e+00,0.000000000000000000e+00,0.000000000000000000e+00,0.000000000000000000e+00,0.000000000000000000e+00,0.000000000000000000e+00,0.000000000000000000e+00,5.422400000000000553e-01,5.453200000000000269e-01
