6.075500000000000345e-01,5.580199999999999605e-01,0.000000000000000000e+00,5.624299999999999855e-01,5.762000000000000455e-01,0.000000000000000000e+00,5.750199999999999756e-01,5.661500000000000421e-01,5.458100000000000174e-01,5.681199999999999584e-01,5.703500000000000236e-01,5.948400000000000354e-01,5.764399999999999524e-01,5.572700000000000431e-01,5.615599999999999481e-01,0.000000000000000000e+00,5.575700000000000101e-01,5.467600000000000238e-01,5.503099999999999659e-01,0.000000000000000000e+00,5.739900000000000002e-01,0.000000000000000000e+00,5.469100000000000072e-01,5.924599999999999866e-01,5.659199999999999786e-01,5.710499999999999465e-01,0.000000000000000000e+00,5.674099999999999699e-01,5.583099999999999730e-01,0.000000000000000000e+00,5.473799999999999777e-01,5.936799999999999855e-01,6.142400000000000082e-01,6.005099999999999882e-01,6.045899999999999608e-01,5.831899999999999862e-01,5.796599999999999531e-01,5.944000000000000394e-01,5.906799999999999828e-01,5.947700000000000209e-01,5.889499999999999735e-01,5.902800000000000269e-01,5.724000000000000199e-01,5.863099999999999978e-01,5.596400000000000263e-01,5.822199999999999598e-01,0.000000000000000000e+00,5.587499999999999689e-01,5.786099999999999577e-01,5.750499999999999501e-01,5.665999999999999925e-01,5.799699999999999855e-01,5.706499999999999906e-01,5.438300000000000356e-01,5.852600000000000025e-01,5.588199999999999834e-01,5.980400000000000160e-01,5.596900000000000208e-01,5.600100000000000078e-01,5.652099999999999902e-01,0.000000000000000000e+00,5.439599999999999991e-01,0.000000000000000000e+00,5.525999999999999801e-01,0.000000000000000000e+00,5.720100000000000184e-01,0.000000000000000000e+00,5.539800000000000280e-01,5.800300000000000455e-01,5.450899999999999634e-01,5.684399999999999453e-01,0.000000000000000000e+00,5.452200000000000379e-01,5.462200000000000388e-01,0.000000000000000000e+00,5.643099999999999783e-01
5.580199999999999605e-01,5.546699999999999964e-01,5.445200000000000040e-01,5.635599999999999499e-01,5.702399999999999691e-01,0.000000000000000000e+00,5.663700000000000401e-01,0.000000000000000000e+00,0.000000000000000000e+00,5.498300000000000409e-01,5.585400000000000365e-01,5.452700000000000324e-01,5.649800000000000377e-01,5.532899999999999485e-01,0.000000000000000000e+00,0.000000000000000000e+00,0.000000000000000000e+00,5.427300000000000457e-01,0.000000000000000000e+00,0.000000000000000000e+00,5.509600000000000053e-01,0.000000000000000000e+00,0.000000000000000000e+00,5.632099999999999884e-01,5.576900000000000190e-01,5.569499999999999451e-01,0.000000000000000000e+00,5.548699999999999743e-01,5.478300000000000392e-01,0.000000000000000000e+00,0.000000000000000000e+00,5.724099999999999744e-01,5.960499999999999687e-01,5.658499999999999641e-01,5.796499999999999986e-01,5.769800000000000484e-01,5.743000000000000327e-01,5.591399999999999704e-01,5.671199999999999575e-01,5.904700000000000504e-01,5.628800000000000470e-01,5.807200000000000140e-01,5.533099999999999685e-01,5.747999999999999776e-01,5.412299999999999889e-01,5.522500000000000187e-01,5.409100000000000019e-01,5.565299999999999692e-01,5.667499999999999760e-01,5.578899999999999970e-01,5.614599999999999591e-01,5.650600000000000067e-01,0.000000000000000000e+00,5.512299999999999978e-01,5.684099999999999708e-01,5.530100000000000016e-01,5.467499999999999583e-01,5.540199999999999569e-01,5.574299999999999811e-01,0.000000000000000000e+00,0.000000000000000000e+00,0.000000000000000000e+00,0.000000000000000000e+00,5.503200000000000314e-01,0.000000000000000000e+00,5.431899999999999507e-01,0.000000000000000000e+00,0.000000000000000000e+00,5.580899999999999750e-01,5.434900000000000286e-01,5.584900000000000420e-01,0.000000000000000000e+00,5.428500000000000547e-01,5.409199999999999564e-01,0.000000000000000000e+00,5.514900000000000357e-01
0.000000000000000000e+00,5.445200000000000040e-01,5.430300000000000127e-01,5.478699999999999681e-01,5.523900000000000476e-01,0.000000000000000000e+00,5.493900000000000450e-01,0.000000000000000000e+00,0.000000000000000000e+00,0.000000000000000000e+00,5.483900000000000441e-01,0.000000000000000000e+00,5.471500000000000252e-01,5.438100000000000156e-01,0.000000000000000000e+00,0.000000000000000000e+00,0.000000000000000000e+00,0.000000000000000000e+00,0.000000000000000000e+00,0.000000000000000000e+00,0.000000000000000000e+00,0.000000000000000000e+00,0.000000000000000000e+00,5.412200000000000344e-01,5.426800000000000512e-01,5.414600000000000524e-01,0.000000000000000000e+00,5.431599999999999762e-01,0.000000000000000000e+00,0.000000000000000000e+00,0.000000000000000000e+00,5.520199999999999552e-01,5.765900000000000469e-01,5.537900000000000045e-01,5.615799999999999681e-01,5.671199999999999575e-01,5.561099999999999932e-01,5.454299999999999704e-01,5.514000000000000012e-01,5.732599999999999918e-01,5.509600000000000053e-01,5.649300000000000432e-01,5.426199999999999912e-01,5.645200000000000218e-01,5.439899999999999736e-01,0.000000000000000000e+00,0.000000000000000000e+00,5.514999999999999902e-01,5.483700000000000241e-01,0.000000000000000000e+00,5.475299999999999612e-01,5.444499999999999895e-01,0.000000000000000000e+00,5.417999999999999483e-01,5.534299999999999775e-01,5.443200000000000260e-01,0.000000000000000000e+00,5.423999999999999932e-01,5.414200000000000124e-01,0.000000000000000000e+00,0.000000000000000000e+00,0.000000000000000000e+00,0.000000000000000000e+00,5.426100000000000367e-01,0.000000000000000000e+00,0.000000000000000000e+00,0.000000000000000000e+00,0.000000000000000000e+00,5.476900000000000102e-01,0.000000000000000000e+00,5.438899999999999846e-01,0.000000000000000000e+00,0.000000000000000000e+00,0.000000000000000000e+00,0.000000000000000000e+00,0.000000000000000000e+00
5.624299999999999855e-01,5.635599999999999499e-01,5.478699999999999681e-01,5.686700000000000088e-01,5.842000000000000526e-01,5.427800000000000402e-01,5.774599999999999733e-01,5.528399999999999981e-01,5.516400000000000192e-01,5.654799999999999827e-01,5.743800000000000017e-01,5.508100000000000218e-01,5.759600000000000275e-01,5.683599999999999763e-01,0.000000000000000000e+00,5.414099999999999469e-01,5.435999999999999721e-01,5.481700000000000461e-01,5.490500000000000380e-01,0.000000000000000000e+00,5.575099999999999500e-01,5.416800000000000503e-01,0.000000000000000000e+00,5.679699999999999749e-01,5.686200000000000143e-01,5.618999999999999551e-01,0.000000000000000000e+00,5.689100000000000268e-01,5.559300000000000352e-01,0.000000000000000000e+00,5.463400000000000478e-01,5.921399999999999997e-01,6.017700000000000271e-01,5.734399999999999498e-01,5.889400000000000190e-01,5.956099999999999728e-01,5.926900000000000501e-01,5.712500000000000355e-01,5.861100000000000199e-01,5.967200000000000282e-01,5.652800000000000047e-01,5.865799999999999903e-01,5.764899999999999469e-01,5.982800000000000340e-01,5.489500000000000490e-01,5.523299999999999876e-01,5.506699999999999928e-01,5.594099999999999628e-01,5.922800000000000287e-01,5.725900000000000434e-01,5.721300000000000274e-01,5.801300000000000345e-01,5.423000000000000043e-01,5.622000000000000330e-01,5.857900000000000329e-01,5.633200000000000429e-01,5.605200000000000182e-01,5.662000000000000366e-01,5.711199999999999610e-01,0.000000000000000000e+00,0.000000000000000000e+00,5.583000000000000185e-01,5.486199999999999966e-01,5.589199999999999724e-01,0.000000000000000000e+00,5.518699999999999717e-01,0.000000000000000000e+00,0.000000000000000000e+00,5.671300000000000230e-01,5.538999999999999480e-01,5.663000000000000256e-01,5.410099999999999909e-01,5.530899999999999705e-01,5.487199999999999855e-01,0.000000000000000000e+00,5.576900000000000190e-01
5.762000000000000455e-01,5.702399999999999691e-01,5.523900000000000476e-01,5.842000000000000526e-01,5.952699999999999658e-01,5.449699999999999545e-01,5.884899999999999576e-01,5.549800000000000288e-01,5.565799999999999637e-01,5.706499999999999906e-01,5.809299999999999464e-01,5.658900000000000041e-01,5.860400000000000054e-01,5.757700000000000040e-01,0.000000000000000000e+00,5.414600000000000524e-01,5.529100000000000126e-01,5.555200000000000138e-01,5.568899999999999961e-01,0.000000000000000000e+00,5.719800000000000439e-01,5.456900000000000084e-01,0.000000000000000000e+00,5.847900000000000320e-01,5.776599999999999513e-01,5.727100000000000524e-01,0.000000000000000000e+00,5.758100000000000440e-01,5.628999999999999559e-01,0.000000000000000000e+00,5.501899999999999569e-01,6.030600000000000405e-01,6.205500000000000460e-01,5.870999999999999552e-01,6.050799999999999512e-01,6.026299999999999990e-01,5.968200000000000172e-01,5.875000000000000222e-01,5.992300000000000404e-01,6.145000000000000462e-01,5.799199999999999910e-01,6.016200000000000436e-01,5.788999999999999702e-01,6.038900000000000379e-01,5.587499999999999689e-01,5.685900000000000398e-01,5.533500000000000085e-01,5.678999999999999604e-01,5.960800000000000542e-01,5.834899999999999531e-01,5.828299999999999592e-01,5.918099999999999472e-01,5.452700000000000324e-01,5.690100000000000158e-01,5.918400000000000327e-01,5.715999999999999970e-01,5.695200000000000262e-01,5.735400000000000498e-01,5.786700000000000177e-01,5.517800000000000482e-01,0.000000000000000000e+00,5.557800000000000518e-01,5.508999999999999453e-01,5.676600000000000534e-01,0.000000000000000000e+00,5.647499999999999742e-01,5.436100000000000376e-01,0.000000000000000000e+00,5.772699999999999498e-01,5.594099999999999628e-01,5.763300000000000090e-01,5.451300000000000034e-01,5.592200000000000504e-01,5.533599999999999630e-01,0.000000000000000000e+00,5.685299999999999798e-01
0.000000000000000000e+00,0.000000000000000000e+00,0.000000000000000000e+00,5.427800000000000402e-01,5.449699999999999545e-01,0.000000000000000000e+00,5.423200000000000243e-01,0.000000000000000000e+00,0.000000000000000000e+00,0.000000000000000000e+00,0.000000000000000000e+00,0.000000000000000000e+00,0.000000000000000000e+00,0.000000000000000000e+00,0.000000000000000000e+00,0.000000000000000000e+00,0.000000000000000000e+00,0.000000000000000000e+00,0.000000000000000000e+00,0.000000000000000000e+00,0.000000000000000000e+00,0.000000000000000000e+00,0.000000000000000000e+00,0.000000000000000000e+00,0.000000000000000000e+00,0.000000000000000000e+00,0.000000000000000000e+00,0.000000000000000000e+00,0.000000000000000000e+00,0.000000000000000000e+00,0.000000000000000000e+00,5.415299999999999558e-01,5.632099999999999884e-01,5.435999999999999721e-01,5.499699999999999589e-01,5.576600000000000446e-01,5.480699999999999461e-01,5.454499999999999904e-01,0.000000000000000000e+00,5.559699999999999642e-01,0.000000000000000000e+00,5.423499999999999988e-01,0.000000000000000000e+00,5.489500000000000490e-01,0.000000000000000000e+00,0.000000000000000000e+00,0.000000000000000000e+00,0.000000000000000000e+00,5.445200000000000040e-01,0.000000000000000000e+00,0.000000000000000000e+00,0.000000000000000000e+00,0.000000000000000000e+00,0.000000000000000000e+00,5.418500000000000538e-01,0.000000000000000000e+00,0.000000000000000000e+00,0.000000000000000000e+00,0.000000000000000000e+00,0.000000000000000000e+00,0.000000000000000000e+00,0.000000000000000000e+00,0.000000000000000000e+00,0.000000000000000000e+00,0.000000000000000000e+00,0.000000000000000000e+00,0.000000000000000000e+00,0.000000000000000000e+00,0.000000000000000000e+00,0.000000000000000000e+00,0.000000000000000000e+00,0.000000000000000000e+00,0.000000000000000000e+00,0.000000000000000000e+00,0.000000000000000000e+00,0.000000000000000000e+00
5.750199999999999756e-01,5.663700000000000401e-01,5.493900000000000450e-01,5.774599999999999733e-01,5.884899999999999576e-01,5.423200000000000243e-01,5.817700000000000093e-01,5.544799999999999729e-01,5.533400000000000540e-01,5.665400000000000436e-01,5.774899999999999478e-01,5.634099999999999664e-01,5.799999999999999600e-01,5.741800000000000237e-01,0.000000000000000000e+00,0.000000000000000000e+00,5.528199999999999781e-01,5.541599999999999859e-01,5.536699999999999955e-01,0.000000000000000000e+00,5.673799999999999955e-01,5.421300000000000008e-01,0.000000000000000000e+00,5.795799999999999841e-01,5.741000000000000547e-01,5.678900000000000059e-01,0.000000000000000000e+00,5.715000000000000080e-01,5.587800000000000544e-01,0.000000000000000000e+00,5.459000000000000519e-01,5.930699999999999861e-01,6.105599999999999916e-01,5.818400000000000238e-01,5.944700000000000539e-01,6.001100000000000323e-01,5.939699999999999980e-01,5.811199999999999699e-01,5.924399999999999666e-01,6.071100000000000385e-01,5.769699999999999829e-01,5.948299999999999699e-01,5.756599999999999495e-01,6.010999999999999677e-01,5.552500000000000213e-01,5.691399999999999793e-01,5.494299999999999740e-01,5.653899999999999482e-01,5.864200000000000523e-01,5.760999999999999455e-01,5.736599999999999477e-01,5.843099999999999961e-01,5.451099999999999834e-01,5.613000000000000211e-01,5.881600000000000161e-01,5.679999999999999494e-01,5.677900000000000169e-01,5.678699999999999859e-01,5.725099999999999634e-01,5.455100000000000504e-01,0.000000000000000000e+00,5.531300000000000106e-01,5.454700000000000104e-01,5.629499999999999504e-01,0.000000000000000000e+00,5.599300000000000388e-01,0.000000000000000000e+00,0.000000000000000000e+00,5.695299999999999807e-01,5.534799999999999720e-01,5.700600000000000112e-01,5.414900000000000269e-01,5.546299999999999564e-01,5.487199999999999855e-01,0.000000000000000000e+00,5.625900000000000345e-01
5.661500000000000421e-01,0.000000000000000000e+00,0.000000000000000000e+00,5.528399999999999981e-01,5.549800000000000288e-01,0.000000000000000000e+00,5.544799999999999729e-01,5.624099999999999655e-01,0.000000000000000000e+00,5.452599999999999669e-01,5.518100000000000227e-01,5.626700000000000035e-01,5.522299999999999986e-01,5.479000000000000536e-01,0.000000000000000000e+00,0.000000000000000000e+00,0.000000000000000000e+00,0.000000000000000000e+00,0.000000000000000000e+00,0.000000000000000000e+00,5.509899999999999798e-01,0.000000000000000000e+00,0.000000000000000000e+00,5.582599999999999785e-01,5.486199999999999966e-01,5.468600000000000128e-01,0.000000000000000000e+00,5.489100000000000090e-01,0.000000000000000000e+00,0.000000000000000000e+00,0.000000000000000000e+00,5.588499999999999579e-01,5.775700000000000278e-01,5.570699999999999541e-01,5.549300000000000344e-01,5.758900000000000130e-01,5.635200000000000209e-01,5.544599999999999529e-01,5.580000000000000515e-01,5.620000000000000551e-01,5.441799999999999971e-01,5.500300000000000189e-01,5.483000000000000096e-01,5.699899999999999967e-01,0.000000000000000000e+00,5.411799999999999944e-01,0.000000000000000000e+00,0.000000000000000000e+00,5.604400000000000492e-01,5.507600000000000273e-01,5.491000000000000325e-01,5.550699999999999523e-01,5.557100000000000373e-01,0.000000000000000000e+00,5.591899999999999649e-01,0.000000000000000000e+00,5.559899999999999842e-01,5.444499999999999895e-01,5.493599999999999595e-01,0.000000000000000000e+00,0.000000000000000000e+00,0.000000000000000000e+00,0.000000000000000000e+00,0.000000000000000000e+00,0.000000000000000000e+00,5.415100000000000469e-01,0.000000000000000000e+00,0.000000000000000000e+00,5.464799999999999658e-01,0.000000000000000000e+00,5.458199999999999719e-01,0.000000000000000000e+00,0.000000000000000000e+00,0.000000000000000000e+00,0.000000000000000000e+00,0.000000000000000000e+00
5.458100000000000174e-01,0.000000000000000000e+00,0.000000000000000000e+00,5.516400000000000192e-01,5.565799999999999637e-01,0.000000000000000000e+00,5.533400000000000540e-01,0.000000000000000000e+00,0.000000000000000000e+00,5.411200000000000454e-01,5.501899999999999569e-01,0.000000000000000000e+00,5.508399999999999963e-01,5.483400000000000496e-01,0.000000000000000000e+00,0.000000000000000000e+00,0.000000000000000000e+00,0.000000000000000000e+00,0.000000000000000000e+00,0.000000000000000000e+00,0.000000000000000000e+00,0.000000000000000000e+00,0.000000000000000000e+00,5.466400000000000148e-01,5.465799999999999548e-01,5.415400000000000214e-01,0.000000000000000000e+00,5.459500000000000464e-01,0.000000000000000000e+00,0.000000000000000000e+00,0.000000000000000000e+00,5.514700000000000157e-01,5.739999999999999547e-01,5.520599999999999952e-01,5.579499999999999460e-01,5.726599999999999469e-01,5.587800000000000544e-01,5.521099999999999897e-01,5.469500000000000473e-01,5.677200000000000024e-01,5.433400000000000452e-01,5.513200000000000323e-01,5.504700000000000149e-01,5.613700000000000356e-01,0.000000000000000000e+00,5.417300000000000448e-01,0.000000000000000000e+00,5.428399999999999892e-01,5.527300000000000546e-01,5.469399999999999817e-01,5.475999999999999757e-01,5.510000000000000453e-01,0.000000000000000000e+00,0.000000000000000000e+00,5.544200000000000239e-01,5.430500000000000327e-01,0.000000000000000000e+00,5.418199999999999683e-01,5.489100000000000090e-01,0.000000000000000000e+00,0.000000000000000000e+00,0.000000000000000000e+00,0.000000000000000000e+00,0.000000000000000000e+00,0.000000000000000000e+00,0.000000000000000000e+00,0.000000000000000000e+00,0.000000000000000000e+00,5.434299999999999686e-01,0.000000000000000000e+00,5.425100000000000477e-01,0.000000000000000000e+00,0.000000000000000000e+00,0.000000000000000000e+00,0.000000000000000000e+00,0.000000000000000000e+00
5.681199999999999584e-01,5.498199999999999754e-01,0.000000000000000000e+00,5.654799999999999827e-01,5.706499999999999906e-01,0.000000000000000000e+00,5.665400000000000436e-01,5.452599999999999669e-01,5.411200000000000454e-01,5.519600000000000062e-01,5.648699999999999832e-01,5.493900000000000450e-01,5.633799999999999919e-01,5.647600000000000398e-01,0.000000000000000000e+00,0.000000000000000000e+00,0.000000000000000000e+00,5.443200000000000260e-01,0.000000000000000000e+00,0.000000000000000000e+00,5.507800000000000473e-01,0.000000000000000000e+00,0.000000000000000000e+00,5.548699999999999743e-01,5.566900000000000182e-01,5.533700000000000285e-01,0.000000000000000000e+00,5.581099999999999950e-01,5.439199999999999591e-01,0.000000000000000000e+00,0.000000000000000000e+00,5.644099999999999673e-01,5.887000000000000011e-01,5.646099999999999453e-01,5.673200000000000465e-01,5.905000000000000249e-01,5.743500000000000272e-01,5.601800000000000113e-01,5.624200000000000310e-01,5.830100000000000282e-01,5.610699999999999577e-01,5.653099999999999792e-01,5.679400000000000004e-01,5.783099999999999907e-01,0.000000000000000000e+00,5.576100000000000501e-01,0.000000000000000000e+00,5.484799999999999676e-01,5.659999999999999476e-01,5.639199999999999768e-01,5.522399999999999531e-01,5.675999999999999934e-01,0.000000000000000000e+00,5.453599999999999559e-01,5.731100000000000083e-01,5.536999999999999700e-01,5.533000000000000140e-01,5.538199999999999790e-01,5.632300000000000084e-01,0.000000000000000000e+00,0.000000000000000000e+00,5.447100000000000275e-01,0.000000000000000000e+00,5.488600000000000145e-01,0.000000000000000000e+00,5.411500000000000199e-01,0.000000000000000000e+00,0.000000000000000000e+00,5.480199999999999516e-01,5.414999999999999813e-01,5.535499999999999865e-01,0.000000000000000000e+00,5.454099999999999504e-01,0.000000000000000000e+00,0.000000000000000000e+00,5.494499999999999940e-01
5.703500000000000236e-01,5.585400000000000365e-01,5.483900000000000441e-01,5.743800000000000017e-01,5.809299999999999464e-01,0.000000000000000000e+00,5.774799999999999933e-01,5.517999999999999572e-01,5.502000000000000224e-01,5.648699999999999832e-01,5.735299999999999843e-01,5.595900000000000318e-01,5.732599999999999918e-01,5.697699999999999987e-01,0.000000000000000000e+00,0.000000000000000000e+00,5.525200000000000111e-01,5.528899999999999926e-01,5.522799999999999931e-01,0.000000000000000000e+00,5.597800000000000553e-01,0.000000000000000000e+00,0.000000000000000000e+00,5.676700000000000079e-01,5.685200000000000253e-01,5.627199999999999980e-01,0.000000000000000000e+00,5.665700000000000180e-01,5.540000000000000480e-01,0.000000000000000000e+00,5.427499999999999547e-01,5.834399999999999586e-01,6.024500000000000410e-01,5.783300000000000107e-01,5.835700000000000331e-01,6.015700000000000491e-01,5.893300000000000205e-01,5.697200000000000042e-01,5.795500000000000096e-01,5.951199999999999823e-01,5.692800000000000082e-01,5.792000000000000481e-01,5.768699999999999939e-01,5.912399999999999878e-01,5.505100000000000549e-01,5.597400000000000153e-01,5.463200000000000278e-01,5.572200000000000486e-01,5.785500000000000087e-01,5.735500000000000043e-01,5.671000000000000485e-01,5.786700000000000177e-01,0.000000000000000000e+00,5.573200000000000376e-01,5.841499999999999471e-01,5.646099999999999453e-01,5.606400000000000272e-01,5.647199999999999998e-01,5.709199999999999831e-01,0.000000000000000000e+00,0.000000000000000000e+00,5.524799999999999711e-01,5.417300000000000448e-01,5.571800000000000086e-01,0.000000000000000000e+00,5.485700000000000021e-01,0.000000000000000000e+00,0.000000000000000000e+00,5.612399999999999611e-01,5.513400000000000523e-01,5.619800000000000351e-01,0.000000000000000000e+00,5.512599999999999723e-01,5.463000000000000078e-01,0.000000000000000000e+00,5.574599999999999556e-01
5.948400000000000354e-01,5.452700000000000324e-01,0.000000000000000000e+00,5.508100000000000218e-01,5.658900000000000041e-01,0.000000000000000000e+00,5.634099999999999664e-01,5.626700000000000035e-01,0.000000000000000000e+00,5.493900000000000450e-01,5.595900000000000318e-01,5.892699999999999605e-01,5.618199999999999861e-01,5.498499999999999499e-01,5.538199999999999790e-01,0.000000000000000000e+00,0.000000000000000000e+00,0.000000000000000000e+00,0.000000000000000000e+00,0.000000000000000000e+00,5.711699999999999555e-01,0.000000000000000000e+00,0.000000000000000000e+00,5.730100000000000193e-01,5.544200000000000239e-01,5.544400000000000439e-01,0.000000000000000000e+00,5.562099999999999822e-01,0.000000000000000000e+00,0.000000000000000000e+00,0.000000000000000000e+00,5.728799999999999448e-01,5.935000000000000275e-01,5.782800000000000162e-01,5.758400000000000185e-01,5.715500000000000025e-01,5.658300000000000551e-01,5.725500000000000034e-01,5.752300000000000191e-01,5.758499999999999730e-01,5.791100000000000136e-01,5.777999999999999803e-01,5.574500000000000011e-01,5.797799999999999621e-01,5.434299999999999686e-01,5.693899999999999517e-01,0.000000000000000000e+00,5.416299999999999448e-01,5.733599999999999808e-01,5.706400000000000361e-01,5.481000000000000316e-01,5.676200000000000134e-01,5.528699999999999726e-01,0.000000000000000000e+00,5.686999999999999833e-01,5.424299999999999677e-01,5.828699999999999992e-01,5.489000000000000545e-01,5.564700000000000202e-01,5.478699999999999681e-01,0.000000000000000000e+00,0.000000000000000000e+00,0.000000000000000000e+00,0.000000000000000000e+00,0.000000000000000000e+00,5.607600000000000362e-01,0.000000000000000000e+00,5.414099999999999469e-01,5.551500000000000323e-01,0.000000000000000000e+00,5.530500000000000416e-01,0.000000000000000000e+00,0.000000000000000000e+00,0.000000000000000000e+00,0.000000000000000000e+00,5.497499999999999609e-01
5.764399999999999524e-01,5.649800000000000377e-01,5.471500000000000252e-01,5.759600000000000275e-01,5.860400000000000054e-01,0.000000000000000000e+00,5.799999999999999600e-01,5.522299999999999986e-01,5.508399999999999963e-01,5.633799999999999919e-01,5.732599999999999918e-01,5.618199999999999861e-01,5.769900000000000029e-01,5.691500000000000448e-01,0.000000000000000000e+00,0.000000000000000000e+00,5.482700000000000351e-01,5.541199999999999459e-01,5.501800000000000024e-01,0.000000000000000000e+00,5.647600000000000398e-01,0.000000000000000000e+00,0.000000000000000000e+00,5.747100000000000541e-01,5.710800000000000320e-01,5.665599999999999525e-01,0.000000000000000000e+00,5.699100000000000277e-01,5.574900000000000411e-01,0.000000000000000000e+00,5.453000000000000069e-01,5.849699999999999900e-01,6.077599999999999669e-01,5.788400000000000212e-01,5.898999999999999799e-01,5.963300000000000267e-01,5.868499999999999828e-01,5.780699999999999728e-01,5.838999999999999746e-01,6.035800000000000054e-01,5.762000000000000455e-01,5.892800000000000260e-01,5.728199999999999958e-01,5.925200000000000466e-01,5.510000000000000453e-01,5.718600000000000350e-01,5.478699999999999681e-01,5.623700000000000365e-01,5.830999999999999517e-01,5.726299999999999724e-01,5.696400000000000352e-01,5.801100000000000145e-01,5.441899999999999515e-01,5.579600000000000115e-01,5.806400000000000450e-01,5.629999999999999449e-01,5.645999999999999908e-01,5.657200000000000006e-01,5.699899999999999967e-01,5.460599999999999898e-01,0.000000000000000000e+00,5.475999999999999757e-01,5.445799999999999530e-01,5.600500000000000478e-01,0.000000000000000000e+00,5.586999999999999744e-01,0.000000000000000000e+00,0.000000000000000000e+00,5.659800000000000386e-01,5.508699999999999708e-01,5.689400000000000013e-01,0.000000000000000000e+00,5.531800000000000050e-01,5.476900000000000102e-01,0.000000000000000000e+00,5.634000000000000119e-01
5.572700000000000431e-01,5.533000000000000140e-01,5.438100000000000156e-01,5.683599999999999763e-01,5.757700000000000040e-01,0.000000000000000000e+00,5.741800000000000237e-01,5.479000000000000536e-01,5.483400000000000496e-01,5.647600000000000398e-01,5.697699999999999987e-01,5.498499999999999499e-01,5.691500000000000448e-01,5.639100000000000223e-01,0.000000000000000000e+00,0.000000000000000000e+00,5.440800000000000081e-01,5.493400000000000505e-01,5.482700000000000351e-01,0.000000000000000000e+00,5.498800000000000354e-01,0.000000000000000000e+00,0.000000000000000000e+00,5.647699999999999942e-01,5.645999999999999908e-01,5.551899999999999613e-01,0.000000000000000000e+00,5.615999999999999881e-01,5.505999999999999783e-01,0.000000000000000000e+00,0.000000000000000000e+00,5.805399999999999450e-01,5.906400000000000539e-01,5.669100000000000250e-01,5.764299999999999979e-01,5.933000000000000496e-01,5.819600000000000328e-01,5.730699999999999683e-01,5.736700000000000133e-01,5.890100000000000335e-01,5.586100000000000509e-01,5.748199999999999976e-01,5.707999999999999741e-01,5.889400000000000190e-01,5.489000000000000545e-01,5.466800000000000548e-01,5.419500000000000428e-01,5.550599999999999978e-01,5.747799999999999576e-01,5.633399999999999519e-01,5.646700000000000053e-01,5.704500000000000126e-01,0.000000000000000000e+00,5.524000000000000021e-01,5.818699999999999983e-01,5.594900000000000428e-01,5.576799999999999535e-01,5.573799999999999866e-01,5.643899999999999473e-01,0.000000000000000000e+00,0.000000000000000000e+00,5.476199999999999957e-01,0.000000000000000000e+00,5.552399999999999558e-01,0.000000000000000000e+00,5.437899999999999956e-01,0.000000000000000000e+00,0.000000000000000000e+00,5.577699999999999880e-01,5.474799999999999667e-01,5.576100000000000501e-01,0.000000000000000000e+00,5.471899999999999542e-01,5.431899999999999507e-01,0.000000000000000000e+00,5.514200000000000212e-01
5.615599999999999481e-01,0.000000000000000000e+00,0.000000000000000000e+00,0.000000000000000000e+00,0.000000000000000000e+00,0.000000000000000000e+00,0.000000000000000000e+00,0.000000000000000000e+00,0.000000000000000000e+00,0.000000000000000000e+00,0.000000000000000000e+00,5.538199999999999790e-01,0.000000000000000000e+00,0.000000000000000000e+00,0.000000000000000000e+00,0.000000000000000000e+00,0.000000000000000000e+00,0.000000000000000000e+00,0.000000000000000000e+00,0.000000000000000000e+00,5.410099999999999909e-01,0.000000000000000000e+00,0.000000000000000000e+00,5.538199999999999790e-01,0.000000000000000000e+00,0.000000000000000000e+00,0.000000000000000000e+00,0.000000000000000000e+00,0.000000000000000000e+00,0.000000000000000000e+00,0.000000000000000000e+00,5.445299999999999585e-01,5.759100000000000330e-01,5.606299999999999617e-01,5.634900000000000464e-01,0.000000000000000000e+00,0.000000000000000000e+00,5.548499999999999543e-01,5.428399999999999892e-01,5.595299999999999718e-01,5.534299999999999775e-01,5.538199999999999790e-01,0.000000000000000000e+00,5.474700000000000122e-01,0.000000000000000000e+00,5.412000000000000144e-01,0.000000000000000000e+00,0.000000000000000000e+00,5.446699999999999875e-01,0.000000000000000000e+00,0.000000000000000000e+00,0.000000000000000000e+00,0.000000000000000000e+00,0.000000000000000000e+00,0.000000000000000000e+00,0.000000000000000000e+00,5.517499999999999627e-01,0.000000000000000000e+00,0.000000000000000000e+00,0.000000000000000000e+00,0.000000000000000000e+00,0.000000000000000000e+00,0.000000000000000000e+00,0.000000000000000000e+00,0.000000000000000000e+00,0.000000000000000000e+00,0.000000000000000000e+00,0.000000000000000000e+00,5.453799999999999759e-01,0.000000000000000000e+00,0.000000000000000000e+00,0.000000000000000000e+00,0.000000000000000000e+00,0.000000000000000000e+00,0.000000000000000000e+00,0.000000000000000000e+00
0.000000000000000000e+00,0.000000000000000000e+00,0.000000000000000000e+00,5.414099999999999469e-01,5.414600000000000524e-01,0.000000000000000000e+00,0.000000000000000000e+00,0.000000000000000000e+00,0.000000000000000000e+00,0.000000000000000000e+00,0.000000000000000000e+00,0.000000000000000000e+00,0.000000000000000000e+00,0.000000000000000000e+00,0.000000000000000000e+00,0.000000000000000000e+00,0.000000000000000000e+00,0.000000000000000000e+00,0.000000000000000000e+00,0.000000000000000000e+00,0.000000000000000000e+00,0.000000000000000000e+00,0.000000000000000000e+00,0.000000000000000000e+00,0.000000000000000000e+00,0.000000000000000000e+00,0.000000000000000000e+00,0.000000000000000000e+00,0.000000000000000000e+00,0.000000000000000000e+00,0.000000000000000000e+00,0.000000000000000000e+00,5.544400000000000439e-01,0.000000000000000000e+00,5.429599999999999982e-01,5.565400000000000347e-01,5.460399999999999698e-01,0.000000000000000000e+00,0.000000000000000000e+00,5.487100000000000311e-01,0.000000000000000000e+00,0.000000000000000000e+00,0.000000000000000000e+00,5.550000000000000488e-01,0.000000000000000000e+00,0.000000000000000000e+00,0.000000000000000000e+00,0.000000000000000000e+00,5.435100000000000486e-01,0.000000000000000000e+00,0.000000000000000000e+00,0.000000000000000000e+00,0.000000000000000000e+00,0.000000000000000000e+00,5.454599999999999449e-01,0.000000000000000000e+00,0.000000000000000000e+00,0.000000000000000000e+00,0.000000000000000000e+00,0.000000000000000000e+00,0.000000000000000000e+00,0.000000000000000000e+00,0.000000000000000000e+00,0.000000000000000000e+00,0.000000000000000000e+00,0.000000000000000000e+00,0.000000000000000000e+00,0.000000000000000000e+00,0.000000000000000000e+00,0.000000000000000000e+00,0.000000000000000000e+00,0.000000000000000000e+00,0.000000000000000000e+00,0.000000000000000000e+00,0.000000000000000000e+00,0.000000000000000000e+00
5.575700000000000101e-01,0.000000000000000000e+00,0.000000000000000000e+00,5.435999999999999721e-01,5.529100000000000126e-01,0.000000000000000000e+00,5.528199999999999781e-01,0.000000000000000000e+00,0.000000000000000000e+00,0.000000000000000000e+00,5.525200000000000111e-01,0.000000000000000000e+00,5.482700000000000351e-01,5.440800000000000081e-01,0.000000000000000000e+00,0.000000000000000000e+00,0.000000000000000000e+00,0.000000000000000000e+00,0.000000000000000000e+00,0.000000000000000000e+00,0.000000000000000000e+00,0.000000000000000000e+00,0.000000000000000000e+00,5.452500000000000124e-01,5.433299999999999796e-01,5.409399999999999764e-01,0.000000000000000000e+00,5.421799999999999953e-01,0.000000000000000000e+00,0.000000000000000000e+00,0.000000000000000000e+00,5.480000000000000426e-01,5.739100000000000312e-01,5.591699999999999449e-01,5.542799999999999949e-01,5.723700000000000454e-01,5.536600000000000410e-01,5.523799999999999821e-01,5.461200000000000498e-01,5.653099999999999792e-01,5.523299999999999876e-01,5.518199999999999772e-01,5.563099999999999712e-01,5.559500000000000552e-01,0.000000000000000000e+00,5.462599999999999678e-01,0.000000000000000000e+00,0.000000000000000000e+00,5.462900000000000533e-01,5.466199999999999948e-01,0.000000000000000000e+00,5.491800000000000015e-01,0.000000000000000000e+00,0.000000000000000000e+00,5.571199999999999486e-01,0.000000000000000000e+00,5.427800000000000402e-01,0.000000000000000000e+00,5.474499999999999922e-01,0.000000000000000000e+00,0.000000000000000000e+00,0.000000000000000000e+00,0.000000000000000000e+00,0.000000000000000000e+00,0.000000000000000000e+00,0.000000000000000000e+00,0.000000000000000000e+00,0.000000000000000000e+00,0.000000000000000000e+00,0.000000000000000000e+00,0.000000000000000000e+00,0.000000000000000000e+00,0.000000000000000000e+00,0.000000000000000000e+00,0.000000000000000000e+00,0.000000000000000000e+00
5.467600000000000238e-01,5.427300000000000457e-01,0.000000000000000000e+00,5.481700000000000461e-01,5.555200000000000138e-01,0.000000000000000000e+00,5.541700000000000514e-01,0.000000000000000000e+00,0.000000000000000000e+00,5.443200000000000260e-01,5.528899999999999926e-01,0.000000000000000000e+00,5.541199999999999459e-01,5.493400000000000505e-01,0.000000000000000000e+00,0.000000000000000000e+00,0.000000000000000000e+00,0.000000000000000000e+00,0.000000000000000000e+00,0.000000000000000000e+00,0.000000000000000000e+00,0.000000000000000000e+00,0.000000000000000000e+00,5.519199999999999662e-01,5.489600000000000035e-01,5.440899999999999626e-01,0.000000000000000000e+00,5.487600000000000255e-01,0.000000000000000000e+00,0.000000000000000000e+00,0.000000000000000000e+00,5.563900000000000512e-01,5.793700000000000516e-01,5.560500000000000442e-01,5.613799999999999901e-01,5.697900000000000187e-01,5.586400000000000254e-01,5.540100000000000025e-01,5.524299999999999766e-01,5.687299999999999578e-01,5.506900000000000128e-01,5.602500000000000258e-01,5.512799999999999923e-01,5.684599999999999653e-01,0.000000000000000000e+00,5.409399999999999764e-01,0.000000000000000000e+00,5.442099999999999715e-01,5.553399999999999448e-01,5.477899999999999991e-01,5.490399999999999725e-01,5.529699999999999616e-01,0.000000000000000000e+00,0.000000000000000000e+00,5.600800000000000223e-01,5.460199999999999498e-01,0.000000000000000000e+00,5.442599999999999660e-01,5.488199999999999745e-01,0.000000000000000000e+00,0.000000000000000000e+00,0.000000000000000000e+00,0.000000000000000000e+00,0.000000000000000000e+00,0.000000000000000000e+00,0.000000000000000000e+00,0.000000000000000000e+00,0.000000000000000000e+00,5.433999999999999941e-01,0.000000000000000000e+00,5.454700000000000104e-01,0.000000000000000000e+00,0.000000000000000000e+00,0.000000000000000000e+00,0.000000000000000000e+00,0.000000000000000000e+00
5.503200000000000314e-01,0.000000000000000000e+00,0.000000000000000000e+00,5.490500000000000380e-01,5.568899999999999961e-01,0.000000000000000000e+00,5.536699999999999955e-01,0.000000000000000000e+00,0.000000000000000000e+00,0.000000000000000000e+00,5.522799999999999931e-01,0.000000000000000000e+00,5.501800000000000024e-01,5.482700000000000351e-01,0.000000000000000000e+00,0.000000000000000000e+00,0.000000000000000000e+00,0.000000000000000000e+00,0.000000000000000000e+00,0.000000000000000000e+00,0.000000000000000000e+00,0.000000000000000000e+00,0.000000000000000000e+00,5.450899999999999634e-01,5.449899999999999745e-01,5.411299999999999999e-01,0.000000000000000000e+00,5.445499999999999785e-01,0.000000000000000000e+00,0.000000000000000000e+00,0.000000000000000000e+00,5.502500000000000169e-01,5.794099999999999806e-01,5.576499999999999790e-01,5.618199999999999861e-01,5.726499999999999924e-01,5.602200000000000513e-01,5.506499999999999728e-01,5.486799999999999455e-01,5.670300000000000340e-01,5.482200000000000406e-01,5.566100000000000492e-01,5.538600000000000190e-01,5.611800000000000122e-01,0.000000000000000000e+00,5.432200000000000362e-01,0.000000000000000000e+00,0.000000000000000000e+00,5.540800000000000169e-01,5.520899999999999697e-01,5.463400000000000478e-01,5.541599999999999859e-01,0.000000000000000000e+00,0.000000000000000000e+00,5.583200000000000385e-01,5.421700000000000408e-01,0.000000000000000000e+00,5.436900000000000066e-01,5.511500000000000288e-01,0.000000000000000000e+00,0.000000000000000000e+00,0.000000000000000000e+00,0.000000000000000000e+00,0.000000000000000000e+00,0.000000000000000000e+00,0.000000000000000000e+00,0.000000000000000000e+00,0.000000000000000000e+00,5.428800000000000292e-01,0.000000000000000000e+00,5.411399999999999544e-01,0.000000000000000000e+00,0.000000000000000000e+00,0.000000000000000000e+00,0.000000000000000000e+00,0.000000000000000000e+00
0.000000000000000000e+00,0.000000000000000000e+00,0.000000000000000000e+00,0.000000000000000000e+00,0.000000000000000000e+00,0.000000000000000000e+00,0.000000000000000000e+00,0.000000000000000000e+00,0.000000000000000000e+00,0.000000000000000000e+00,0.000000000000000000e+00,0.000000000000000000e+00,0.000000000000000000e+00,0.000000000000000000e+00,0.000000000000000000e+00,0.000000000000000000e+00,0.000000000000000000e+00,0.000000000000000000e+00,0.000000000000000000e+00,0.000000000000000000e+00,0.000000000000000000e+00,0.000000000000000000e+00,0.000000000000000000e+00,0.000000000000000000e+00,0.000000000000000000e+00,0.000000000000000000e+00,0.000000000000000000e+00,0.000000000000000000e+00,0.000000000000000000e+00,0.000000000000000000e+00,0.000000000000000000e+00,0.000000000000000000e+00,5.455499999999999794e-01,0.000000000000000000e+00,0.000000000000000000e+00,0.000000000000000000e+00,0.000000000000000000e+00,0.000000000000000000e+00,0.000000000000000000e+00,0.000000000000000000e+00,0.000000000000000000e+00,0.000000000000000000e+00,0.000000000000000000e+00,0.000000000000000000e+00,0.000000000000000000e+00,0.000000000000000000e+00,0.000000000000000000e+00,0.000000000000000000e+00,0.000000000000000000e+00,0.000000000000000000e+00,0.000000000000000000e+00,0.000000000000000000e+00,0.000000000000000000e+00,0.000000000000000000e+00,0.000000000000000000e+00,0.000000000000000000e+00,0.000000000000000000e+00,0.000000000000000000e+00,0.000000000000000000e+00,0.000000000000000000e+00,0.000000000000000000e+00,0.000000000000000000e+00,0.000000000000000000e+00,0.000000000000000000e+00,0.000000000000000000e+00,0.000000000000000000e+00,0.000000000000000000e+00,0.000000000000000000e+00,0.000000000000000000e+00,0.000000000000000000e+00,0.000000000000000000e+00,0.000000000000000000e+00,0.000000000000000000e+00,0.000000000000000000e+00,0.000000000000000000e+00,0.000000000000000000e+00
5.739900000000000002e-01,5.509600000000000053e-01,0.000000000000000000e+00,5.575099999999999500e-01,5.719800000000000439e-01,0.000000000000000000e+00,5.673799999999999955e-01,5.509899999999999798e-01,0.000000000000000000e+00,5.507800000000000473e-01,5.597800000000000553e-01,5.711699999999999555e-01,5.647600000000000398e-01,5.498800000000000354e-01,5.410099999999999909e-01,0.000000000000000000e+00,0.000000000000000000e+00,0.000000000000000000e+00,0.000000000000000000e+00,0.000000000000000000e+00,5.598400000000000043e-01,0.000000000000000000e+00,0.000000000000000000e+00,5.745700000000000252e-01,5.587600000000000344e-01,5.565600000000000547e-01,0.000000000000000000e+00,5.576299999999999590e-01,5.460000000000000409e-01,0.000000000000000000e+00,0.000000000000000000e+00,5.809400000000000119e-01,5.987000000000000099e-01,5.764700000000000379e-01,5.862399999999999833e-01,5.700300000000000367e-01,5.700399999999999912e-01,5.719400000000000039e-01,5.779900000000000038e-01,5.846799999999999775e-01,5.690800000000000303e-01,5.796799999999999731e-01,5.558699999999999752e-01,5.818100000000000493e-01,5.432900000000000507e-01,5.631399999999999739e-01,0.000000000000000000e+00,5.467800000000000438e-01,5.747499999999999831e-01,5.647199999999999998e-01,5.614500000000000046e-01,5.712300000000000155e-01,5.442000000000000171e-01,5.420399999999999663e-01,5.677400000000000224e-01,5.483700000000000241e-01,5.696200000000000152e-01,5.532500000000000195e-01,5.575599999999999445e-01,5.468600000000000128e-01,0.000000000000000000e+00,0.000000000000000000e+00,0.000000000000000000e+00,5.459600000000000009e-01,0.000000000000000000e+00,5.575299999999999701e-01,0.000000000000000000e+00,0.000000000000000000e+00,5.600000000000000533e-01,0.000000000000000000e+00,5.576600000000000446e-01,0.000000000000000000e+00,0.000000000000000000e+00,0.000000000000000000e+00,0.000000000000000000e+00,5.496400000000000174e-01
