5.457100000000000284e-01,0.000000000000000000e+00,0.000000000000000000e+00,0.000000000000000000e+00,0.000000000000000000e+00,0.000000000000000000e+00,5.463999999999999968e-01,5.788200000000000012e-01,0.000000000000000000e+00,0.000000000000000000e+00,0.000000000000000000e+00,0.000000000000000000e+00,0.000000000000000000e+00,0.000000000000000000e+00,0.000000000000000000e+00,0.000000000000000000e+00,0.000000000000000000e+00,0.000000000000000000e+00,0.000000000000000000e+00,0.000000000000000000e+00,0.000000000000000000e+00,0.000000000000000000e+00,0.000000000000000000e+00,5.463900000000000423e-01,0.000000000000000000e+00,0.000000000000000000e+00,0.000000000000000000e+00,0.000000000000000000e+00,0.000000000000000000e+00,0.000000000000000000e+00,0.000000000000000000e+00,0.000000000000000000e+00,5.467100000000000293e-01,5.521500000000000297e-01,5.523400000000000531e-01,0.000000000000000000e+00,0.000000000000000000e+00,5.595799999999999663e-01,0.000000000000000000e+00,0.000000000000000000e+00,5.453999999999999959e-01,0.000000000000000000e+00,0.000000000000000000e+00,0.000000000000000000e+00,5.476999999999999647e-01,5.741500000000000492e-01,0.000000000000000000e+00,0.000000000000000000e+00,0.000000000000000000e+00,0.000000000000000000e+00,0.000000000000000000e+00,0.000000000000000000e+00,5.739999999999999547e-01,0.000000000000000000e+00,0.000000000000000000e+00,0.000000000000000000e+00,5.480500000000000371e-01,0.000000000000000000e+00,0.000000000000000000e+00,0.000000000000000000e+00,0.000000000000000000e+00,0.000000000000000000e+00,0.000000000000000000e+00,0.000000000000000000e+00,0.000000000000000000e+00,0.000000000000000000e+00,0.000000000000000000e+00,0.000000000000000000e+00,5.595900000000000318e-01,0.000000000000000000e+00,0.000000000000000000e+00,0.000000000000000000e+00,0.000000000000000000e+00,0.000000000000000000e+00,0.000000000000000000e+00,0.000000000000000000e+00
0.000000000000000000e+00,0.000000000000000000e+00,0.000000000000000000e+00,0.000000000000000000e+00,5.473900000000000432e-01,0.000000000000000000e+00,5.603900000000000547e-01,0.000000000000000000e+00,0.000000000000000000e+00,0.000000000000000000e+00,0.000000000000000000e+00,0.000000000000000000e+00,5.475900000000000212e-01,0.000000000000000000e+00,0.000000000000000000e+00,0.000000000000000000e+00,0.000000000000000000e+00,0.000000000000000000e+00,0.000000000000000000e+00,0.000000000000000000e+00,0.000000000000000000e+00,0.000000000000000000e+00,0.000000000000000000e+00,0.000000000000000000e+00,0.000000000000000000e+00,0.000000000000000000e+00,0.000000000000000000e+00,0.000000000000000000e+00,0.000000000000000000e+00,0.000000000000000000e+00,0.000000000000000000e+00,0.000000000000000000e+00,5.463099999999999623e-01,0.000000000000000000e+00,5.504900000000000349e-01,0.000000000000000000e+00,5.460399999999999698e-01,5.456299999999999484e-01,5.432700000000000307e-01,5.519600000000000062e-01,5.514599999999999502e-01,5.474499999999999922e-01,0.000000000000000000e+00,0.000000000000000000e+00,0.000000000000000000e+00,0.000000000000000000e+00,0.000000000000000000e+00,0.000000000000000000e+00,0.000000000000000000e+00,5.438199999999999701e-01,5.501700000000000479e-01,5.487100000000000311e-01,5.460399999999999698e-01,0.000000000000000000e+00,5.493999999999999995e-01,0.000000000000000000e+00,0.000000000000000000e+00,5.436800000000000521e-01,5.499699999999999589e-01,0.000000000000000000e+00,0.000000000000000000e+00,5.533299999999999885e-01,5.442700000000000315e-01,0.000000000000000000e+00,0.000000000000000000e+00,0.000000000000000000e+00,0.000000000000000000e+00,0.000000000000000000e+00,0.000000000000000000e+00,0.000000000000000000e+00,0.000000000000000000e+00,0.000000000000000000e+00,0.000000000000000000e+00,0.000000000000000000e+00,0.000000000000000000e+00,0.000000000000000000e+00
0.000000000000000000e+00,0.000000000000000000e+00,0.000000000000000000e+00,0.000000000000000000e+00,0.000000000000000000e+00,0.000000000000000000e+00,5.433599999999999541e-01,0.000000000000000000e+00,0.000000000000000000e+00,0.000000000000000000e+00,0.000000000000000000e+00,0.000000000000000000e+00,0.000000000000000000e+00,0.000000000000000000e+00,0.000000000000000000e+00,0.000000000000000000e+00,0.000000000000000000e+00,0.000000000000000000e+00,0.000000000000000000e+00,0.000000000000000000e+00,0.000000000000000000e+00,0.000000000000000000e+00,0.000000000000000000e+00,0.000000000000000000e+00,0.000000000000000000e+00,0.000000000000000000e+00,0.000000000000000000e+00,0.000000000000000000e+00,0.000000000000000000e+00,0.000000000000000000e+00,0.000000000000000000e+00,0.000000000000000000e+00,0.000000000000000000e+00,0.000000000000000000e+00,5.446800000000000530e-01,0.000000000000000000e+00,0.000000000000000000e+00,0.000000000000000000e+00,0.000000000000000000e+00,0.000000000000000000e+00,5.440500000000000336e-01,0.000000000000000000e+00,0.000000000000000000e+00,0.000000000000000000e+00,0.000000000000000000e+00,0.000000000000000000e+00,0.000000000000000000e+00,0.000000000000000000e+00,0.000000000000000000e+00,0.000000000000000000e+00,0.000000000000000000e+00,0.000000000000000000e+00,0.000000000000000000e+00,0.000000000000000000e+00,0.000000000000000000e+00,0.000000000000000000e+00,0.000000000000000000e+00,0.000000000000000000e+00,0.000000000000000000e+00,0.000000000000000000e+00,0.000000000000000000e+00,0.000000000000000000e+00,0.000000000000000000e+00,0.000000000000000000e+00,0.000000000000000000e+00,0.000000000000000000e+00,0.000000000000000000e+00,0.000000000000000000e+00,0.000000000000000000e+00,0.000000000000000000e+00,0.000000000000000000e+00,0.000000000000000000e+00,0.000000000000000000e+00,0.000000000000000000e+00,0.000000000000000000e+00,0.000000000000000000e+00
0.000000000000000000e+00,0.000000000000000000e+00,0.000000000000000000e+00,5.450199999999999489e-01,5.624099999999999655e-01,0.000000000000000000e+00,5.768999999999999684e-01,5.510300000000000198e-01,5.435299999999999576e-01,5.508100000000000218e-01,0.000000000000000000e+00,0.000000000000000000e+00,5.566699999999999982e-01,5.512099999999999778e-01,0.000000000000000000e+00,0.000000000000000000e+00,5.423900000000000388e-01,5.465100000000000513e-01,0.000000000000000000e+00,0.000000000000000000e+00,0.000000000000000000e+00,0.000000000000000000e+00,0.000000000000000000e+00,0.000000000000000000e+00,0.000000000000000000e+00,0.000000000000000000e+00,0.000000000000000000e+00,0.000000000000000000e+00,0.000000000000000000e+00,0.000000000000000000e+00,0.000000000000000000e+00,0.000000000000000000e+00,5.601300000000000168e-01,5.639300000000000423e-01,5.689199999999999813e-01,5.556600000000000428e-01,5.597999999999999643e-01,5.705200000000000271e-01,5.460500000000000353e-01,5.693799999999999972e-01,5.745999999999999996e-01,5.626700000000000035e-01,5.596299999999999608e-01,5.544799999999999729e-01,5.568499999999999561e-01,5.532700000000000395e-01,0.000000000000000000e+00,0.000000000000000000e+00,5.437300000000000466e-01,5.628199999999999870e-01,5.571099999999999941e-01,5.610100000000000087e-01,5.659699999999999731e-01,0.000000000000000000e+00,5.708600000000000341e-01,5.477699999999999791e-01,5.528100000000000236e-01,5.546200000000000019e-01,5.707400000000000251e-01,0.000000000000000000e+00,0.000000000000000000e+00,5.756599999999999495e-01,5.582099999999999840e-01,0.000000000000000000e+00,0.000000000000000000e+00,0.000000000000000000e+00,0.000000000000000000e+00,0.000000000000000000e+00,5.613599999999999701e-01,5.476299999999999502e-01,0.000000000000000000e+00,0.000000000000000000e+00,5.434099999999999486e-01,0.000000000000000000e+00,5.462299999999999933e-01,0.000000000000000000e+00
0.000000000000000000e+00,5.473900000000000432e-01,0.000000000000000000e+00,5.624099999999999655e-01,5.836799999999999766e-01,5.657100000000000461e-01,6.018499999999999961e-01,5.658400000000000096e-01,5.568499999999999561e-01,5.677799999999999514e-01,5.552099999999999813e-01,5.590600000000000014e-01,5.788999999999999702e-01,5.665900000000000380e-01,0.000000000000000000e+00,0.000000000000000000e+00,5.571700000000000541e-01,5.671399999999999775e-01,0.000000000000000000e+00,0.000000000000000000e+00,0.000000000000000000e+00,0.000000000000000000e+00,0.000000000000000000e+00,5.524099999999999566e-01,5.527499999999999636e-01,5.506400000000000183e-01,0.000000000000000000e+00,5.523500000000000076e-01,0.000000000000000000e+00,0.000000000000000000e+00,5.471099999999999852e-01,5.699699999999999767e-01,5.797200000000000131e-01,5.812800000000000189e-01,5.955799999999999983e-01,5.770300000000000429e-01,5.791899999999999826e-01,5.859799999999999454e-01,5.905000000000000249e-01,5.947299999999999809e-01,5.956500000000000128e-01,5.973100000000000076e-01,5.638100000000000334e-01,5.573200000000000376e-01,5.651100000000000012e-01,5.609100000000000197e-01,0.000000000000000000e+00,5.493799999999999795e-01,5.557400000000000118e-01,5.804899999999999505e-01,5.780300000000000438e-01,5.822300000000000253e-01,5.793199999999999461e-01,5.601000000000000423e-01,5.866000000000000103e-01,5.699800000000000422e-01,5.681399999999999784e-01,5.741000000000000547e-01,5.796799999999999731e-01,0.000000000000000000e+00,5.526200000000000001e-01,5.920400000000000107e-01,5.697299999999999587e-01,0.000000000000000000e+00,0.000000000000000000e+00,0.000000000000000000e+00,0.000000000000000000e+00,0.000000000000000000e+00,5.805299999999999905e-01,5.628900000000000015e-01,5.581800000000000095e-01,5.480000000000000426e-01,5.582099999999999840e-01,5.510899999999999688e-01,5.610600000000000032e-01,5.585999999999999854e-01
0.000000000000000000e+00,0.000000000000000000e+00,0.000000000000000000e+00,0.000000000000000000e+00,5.657100000000000461e-01,5.512099999999999778e-01,5.812800000000000189e-01,5.454900000000000304e-01,5.434400000000000341e-01,5.432299999999999907e-01,0.000000000000000000e+00,0.000000000000000000e+00,5.621599999999999930e-01,5.530699999999999505e-01,0.000000000000000000e+00,0.000000000000000000e+00,0.000000000000000000e+00,5.521000000000000352e-01,0.000000000000000000e+00,0.000000000000000000e+00,0.000000000000000000e+00,0.000000000000000000e+00,0.000000000000000000e+00,0.000000000000000000e+00,5.420700000000000518e-01,0.000000000000000000e+00,0.000000000000000000e+00,0.000000000000000000e+00,0.000000000000000000e+00,0.000000000000000000e+00,0.000000000000000000e+00,5.431899999999999507e-01,5.709499999999999575e-01,5.648400000000000087e-01,5.778600000000000403e-01,5.552000000000000268e-01,5.599899999999999878e-01,5.615599999999999481e-01,5.586600000000000454e-01,5.823399999999999688e-01,5.796900000000000386e-01,5.790300000000000447e-01,5.454299999999999704e-01,0.000000000000000000e+00,5.504200000000000204e-01,5.473799999999999777e-01,0.000000000000000000e+00,0.000000000000000000e+00,0.000000000000000000e+00,5.580800000000000205e-01,5.632800000000000029e-01,5.652199999999999447e-01,5.534599999999999520e-01,5.500199999999999534e-01,5.606999999999999762e-01,5.533200000000000340e-01,5.523900000000000476e-01,5.574599999999999556e-01,5.595200000000000173e-01,0.000000000000000000e+00,0.000000000000000000e+00,5.742699999999999472e-01,5.535499999999999865e-01,0.000000000000000000e+00,0.000000000000000000e+00,0.000000000000000000e+00,0.000000000000000000e+00,0.000000000000000000e+00,5.667699999999999960e-01,5.510199999999999543e-01,5.457499999999999574e-01,0.000000000000000000e+00,5.428500000000000547e-01,5.450800000000000090e-01,5.445400000000000240e-01,5.446800000000000530e-01
5.463999999999999968e-01,5.603900000000000547e-01,5.433599999999999541e-01,5.768999999999999684e-01,6.018499999999999961e-01,5.812800000000000189e-01,6.203499999999999570e-01,5.819299999999999473e-01,5.686999999999999833e-01,5.798400000000000221e-01,5.693599999999999772e-01,5.722800000000000109e-01,5.966900000000000537e-01,5.836999999999999966e-01,0.000000000000000000e+00,5.542200000000000459e-01,5.690499999999999448e-01,5.835000000000000187e-01,0.000000000000000000e+00,0.000000000000000000e+00,5.484299999999999731e-01,0.000000000000000000e+00,5.453200000000000269e-01,5.691899999999999737e-01,5.668299999999999450e-01,5.613299999999999956e-01,0.000000000000000000e+00,5.684500000000000108e-01,0.000000000000000000e+00,5.430800000000000072e-01,5.613500000000000156e-01,5.846200000000000285e-01,6.020999999999999686e-01,5.989100000000000534e-01,6.122300000000000519e-01,5.943899999999999739e-01,6.003500000000000503e-01,6.041699999999999848e-01,6.113399999999999945e-01,6.159499999999999975e-01,6.199200000000000266e-01,6.183899999999999952e-01,5.815099999999999714e-01,5.725000000000000089e-01,5.843899999999999650e-01,5.769400000000000084e-01,5.524700000000000166e-01,5.607900000000000107e-01,5.679699999999999749e-01,5.971899999999999986e-01,5.956200000000000383e-01,6.003899999999999793e-01,5.972300000000000386e-01,5.723500000000000254e-01,6.046799999999999953e-01,5.851499999999999480e-01,5.853300000000000169e-01,5.919400000000000217e-01,5.986900000000000555e-01,0.000000000000000000e+00,5.696200000000000152e-01,6.106899999999999551e-01,5.879400000000000182e-01,0.000000000000000000e+00,0.000000000000000000e+00,5.482099999999999751e-01,5.502200000000000424e-01,5.455999999999999739e-01,5.992100000000000204e-01,5.807900000000000285e-01,5.720399999999999929e-01,5.620600000000000041e-01,5.728100000000000414e-01,5.652500000000000302e-01,5.751800000000000246e-01,5.728699999999999903e-01
5.788200000000000012e-01,0.000000000000000000e+00,0.000000000000000000e+00,5.510300000000000198e-01,5.658400000000000096e-01,5.454900000000000304e-01,5.819299999999999473e-01,6.024899999999999700e-01,0.000000000000000000e+00,5.545499999999999874e-01,0.000000000000000000e+00,5.678699999999999859e-01,5.576699999999999990e-01,5.572500000000000231e-01,0.000000000000000000e+00,0.000000000000000000e+00,5.431899999999999507e-01,0.000000000000000000e+00,0.000000000000000000e+00,0.000000000000000000e+00,5.581399999999999695e-01,0.000000000000000000e+00,5.514000000000000012e-01,5.736499999999999932e-01,0.000000000000000000e+00,0.000000000000000000e+00,0.000000000000000000e+00,5.446400000000000130e-01,0.000000000000000000e+00,0.000000000000000000e+00,5.427899999999999947e-01,0.000000000000000000e+00,5.789100000000000357e-01,5.840499999999999581e-01,5.825399999999999467e-01,5.642800000000000038e-01,5.736499999999999932e-01,5.891999999999999460e-01,5.609100000000000197e-01,5.685200000000000253e-01,5.866200000000000303e-01,5.745099999999999651e-01,5.697100000000000497e-01,5.554499999999999993e-01,5.846299999999999830e-01,6.097500000000000142e-01,0.000000000000000000e+00,0.000000000000000000e+00,5.501099999999999879e-01,5.650899999999999812e-01,5.614200000000000301e-01,5.670500000000000540e-01,6.008599999999999497e-01,0.000000000000000000e+00,5.636900000000000244e-01,5.505700000000000038e-01,5.892500000000000515e-01,5.582799999999999985e-01,5.702099999999999946e-01,0.000000000000000000e+00,0.000000000000000000e+00,5.608499999999999597e-01,5.573399999999999466e-01,0.000000000000000000e+00,0.000000000000000000e+00,5.504099999999999548e-01,0.000000000000000000e+00,5.466499999999999693e-01,5.984599999999999920e-01,5.544400000000000439e-01,5.471099999999999852e-01,0.000000000000000000e+00,5.448300000000000365e-01,0.000000000000000000e+00,5.429599999999999982e-01,5.427100000000000257e-01
0.000000000000000000e+00,0.000000000000000000e+00,0.000000000000000000e+00,5.435299999999999576e-01,5.568499999999999561e-01,5.434400000000000341e-01,5.686999999999999833e-01,0.000000000000000000e+00,0.000000000000000000e+00,0.000000000000000000e+00,0.000000000000000000e+00,0.000000000000000000e+00,5.534299999999999775e-01,5.457100000000000284e-01,0.000000000000000000e+00,0.000000000000000000e+00,0.000000000000000000e+00,5.426199999999999912e-01,0.000000000000000000e+00,0.000000000000000000e+00,0.000000000000000000e+00,0.000000000000000000e+00,0.000000000000000000e+00,0.000000000000000000e+00,0.000000000000000000e+00,0.000000000000000000e+00,0.000000000000000000e+00,0.000000000000000000e+00,0.000000000000000000e+00,0.000000000000000000e+00,0.000000000000000000e+00,0.000000000000000000e+00,5.535600000000000520e-01,5.516199999999999992e-01,5.624099999999999655e-01,5.496499999999999719e-01,5.568699999999999761e-01,5.553700000000000303e-01,5.457699999999999774e-01,5.669199999999999795e-01,5.656499999999999861e-01,5.629600000000000160e-01,5.438300000000000356e-01,0.000000000000000000e+00,0.000000000000000000e+00,0.000000000000000000e+00,0.000000000000000000e+00,0.000000000000000000e+00,0.000000000000000000e+00,5.519199999999999662e-01,5.549199999999999688e-01,5.551300000000000123e-01,5.476699999999999902e-01,5.441700000000000426e-01,5.564599999999999547e-01,5.445999999999999730e-01,0.000000000000000000e+00,5.502399999999999514e-01,5.557999999999999607e-01,0.000000000000000000e+00,0.000000000000000000e+00,5.629999999999999449e-01,5.445100000000000495e-01,0.000000000000000000e+00,0.000000000000000000e+00,0.000000000000000000e+00,0.000000000000000000e+00,0.000000000000000000e+00,5.530199999999999561e-01,0.000000000000000000e+00,0.000000000000000000e+00,0.000000000000000000e+00,0.000000000000000000e+00,0.000000000000000000e+00,0.000000000000000000e+00,0.000000000000000000e+00
0.000000000000000000e+00,0.000000000000000000e+00,0.000000000000000000e+00,5.508100000000000218e-01,5.677799999999999514e-01,5.432299999999999907e-01,5.798400000000000221e-01,5.545499999999999874e-01,0.000000000000000000e+00,5.466499999999999693e-01,5.423099999999999588e-01,0.000000000000000000e+00,5.578600000000000225e-01,5.544999999999999929e-01,0.000000000000000000e+00,0.000000000000000000e+00,5.425999999999999712e-01,5.461799999999999988e-01,0.000000000000000000e+00,0.000000000000000000e+00,0.000000000000000000e+00,0.000000000000000000e+00,0.000000000000000000e+00,0.000000000000000000e+00,0.000000000000000000e+00,0.000000000000000000e+00,0.000000000000000000e+00,0.000000000000000000e+00,0.000000000000000000e+00,0.000000000000000000e+00,0.000000000000000000e+00,0.000000000000000000e+00,5.587199999999999944e-01,5.599100000000000188e-01,5.655599999999999516e-01,5.626499999999999835e-01,5.669399999999999995e-01,5.682399999999999674e-01,5.547800000000000509e-01,5.703599999999999781e-01,5.736799999999999677e-01,5.702399999999999691e-01,5.581199999999999495e-01,5.444900000000000295e-01,5.502799999999999914e-01,5.522500000000000187e-01,0.000000000000000000e+00,0.000000000000000000e+00,0.000000000000000000e+00,5.662599999999999856e-01,5.555099999999999483e-01,5.638499999999999623e-01,5.570100000000000051e-01,5.430599999999999872e-01,5.697600000000000442e-01,5.489899999999999780e-01,5.503099999999999659e-01,5.556999999999999718e-01,5.723899999999999544e-01,0.000000000000000000e+00,0.000000000000000000e+00,5.711000000000000520e-01,5.513599999999999612e-01,0.000000000000000000e+00,0.000000000000000000e+00,0.000000000000000000e+00,0.000000000000000000e+00,0.000000000000000000e+00,5.583500000000000130e-01,5.477600000000000247e-01,0.000000000000000000e+00,0.000000000000000000e+00,5.462200000000000388e-01,0.000000000000000000e+00,5.512700000000000378e-01,0.000000000000000000e+00
0.000000000000000000e+00,0.000000000000000000e+00,0.000000000000000000e+00,0.000000000000000000e+00,5.552099999999999813e-01,0.000000000000000000e+00,5.693599999999999772e-01,0.000000000000000000e+00,0.000000000000000000e+00,5.423099999999999588e-01,0.000000000000000000e+00,0.000000000000000000e+00,5.517900000000000027e-01,5.434200000000000141e-01,0.000000000000000000e+00,0.000000000000000000e+00,0.000000000000000000e+00,0.000000000000000000e+00,0.000000000000000000e+00,0.000000000000000000e+00,0.000000000000000000e+00,0.000000000000000000e+00,0.000000000000000000e+00,0.000000000000000000e+00,0.000000000000000000e+00,0.000000000000000000e+00,0.000000000000000000e+00,0.000000000000000000e+00,0.000000000000000000e+00,0.000000000000000000e+00,0.000000000000000000e+00,0.000000000000000000e+00,5.521200000000000552e-01,5.484499999999999931e-01,5.598300000000000498e-01,5.482500000000000151e-01,5.562700000000000422e-01,5.534999999999999920e-01,5.483400000000000496e-01,5.614799999999999791e-01,5.617600000000000371e-01,5.604999999999999982e-01,5.422099999999999698e-01,0.000000000000000000e+00,0.000000000000000000e+00,0.000000000000000000e+00,0.000000000000000000e+00,0.000000000000000000e+00,0.000000000000000000e+00,5.542700000000000404e-01,5.526400000000000201e-01,5.544900000000000384e-01,5.476499999999999702e-01,0.000000000000000000e+00,5.582599999999999785e-01,5.442799999999999860e-01,0.000000000000000000e+00,5.466400000000000148e-01,5.560000000000000497e-01,0.000000000000000000e+00,0.000000000000000000e+00,5.639999999999999458e-01,5.433900000000000396e-01,0.000000000000000000e+00,0.000000000000000000e+00,0.000000000000000000e+00,0.000000000000000000e+00,0.000000000000000000e+00,5.482500000000000151e-01,0.000000000000000000e+00,0.000000000000000000e+00,0.000000000000000000e+00,0.000000000000000000e+00,0.000000000000000000e+00,0.000000000000000000e+00,0.000000000000000000e+00
0.000000000000000000e+00,0.000000000000000000e+00,0.000000000000000000e+00,0.000000000000000000e+00,5.590600000000000014e-01,0.000000000000000000e+00,5.722800000000000109e-01,5.678699999999999859e-01,0.000000000000000000e+00,0.000000000000000000e+00,0.000000000000000000e+00,5.441000000000000281e-01,5.517199999999999882e-01,5.454900000000000304e-01,0.000000000000000000e+00,0.000000000000000000e+00,0.000000000000000000e+00,0.000000000000000000e+00,0.000000000000000000e+00,0.000000000000000000e+00,0.000000000000000000e+00,0.000000000000000000e+00,0.000000000000000000e+00,5.421200000000000463e-01,0.000000000000000000e+00,0.000000000000000000e+00,0.000000000000000000e+00,0.000000000000000000e+00,0.000000000000000000e+00,0.000000000000000000e+00,0.000000000000000000e+00,0.000000000000000000e+00,5.593599999999999683e-01,5.596700000000000008e-01,5.643299999999999983e-01,5.544400000000000439e-01,5.548300000000000454e-01,5.706099999999999506e-01,5.540599999999999969e-01,5.642099999999999893e-01,5.701399999999999801e-01,5.677400000000000224e-01,5.468100000000000183e-01,0.000000000000000000e+00,5.558899999999999952e-01,5.577499999999999680e-01,0.000000000000000000e+00,0.000000000000000000e+00,0.000000000000000000e+00,5.556200000000000028e-01,5.481099999999999861e-01,5.573500000000000121e-01,5.632200000000000539e-01,0.000000000000000000e+00,5.588699999999999779e-01,5.421799999999999953e-01,5.574900000000000411e-01,5.480899999999999661e-01,5.579600000000000115e-01,0.000000000000000000e+00,0.000000000000000000e+00,5.584999999999999964e-01,5.439899999999999736e-01,0.000000000000000000e+00,0.000000000000000000e+00,0.000000000000000000e+00,0.000000000000000000e+00,0.000000000000000000e+00,5.612300000000000066e-01,0.000000000000000000e+00,0.000000000000000000e+00,0.000000000000000000e+00,0.000000000000000000e+00,0.000000000000000000e+00,0.000000000000000000e+00,0.000000000000000000e+00
0.000000000000000000e+00,5.475900000000000212e-01,0.000000000000000000e+00,5.566699999999999982e-01,5.788999999999999702e-01,5.621599999999999930e-01,5.966900000000000537e-01,5.576699999999999990e-01,5.534299999999999775e-01,5.578600000000000225e-01,5.517900000000000027e-01,5.517199999999999882e-01,5.754299999999999971e-01,5.637499999999999734e-01,0.000000000000000000e+00,0.000000000000000000e+00,5.510599999999999943e-01,5.651000000000000467e-01,0.000000000000000000e+00,0.000000000000000000e+00,0.000000000000000000e+00,0.000000000000000000e+00,0.000000000000000000e+00,5.495900000000000230e-01,5.535400000000000320e-01,5.485100000000000531e-01,0.000000000000000000e+00,5.509100000000000108e-01,0.000000000000000000e+00,0.000000000000000000e+00,5.463900000000000423e-01,5.621800000000000130e-01,5.789600000000000302e-01,5.746400000000000396e-01,5.889900000000000135e-01,5.716900000000000315e-01,5.768600000000000394e-01,5.767900000000000249e-01,5.827599999999999447e-01,5.956799999999999873e-01,5.933199999999999585e-01,5.933500000000000441e-01,5.581099999999999950e-01,5.532200000000000450e-01,5.654700000000000282e-01,5.570800000000000196e-01,0.000000000000000000e+00,5.457199999999999829e-01,5.520199999999999552e-01,5.724200000000000399e-01,5.756000000000000005e-01,5.782800000000000162e-01,5.713300000000000045e-01,5.575499999999999901e-01,5.808999999999999719e-01,5.648999999999999577e-01,5.639100000000000223e-01,5.723700000000000454e-01,5.758699999999999930e-01,0.000000000000000000e+00,5.525600000000000511e-01,5.885799999999999921e-01,5.686099999999999488e-01,0.000000000000000000e+00,0.000000000000000000e+00,0.000000000000000000e+00,0.000000000000000000e+00,0.000000000000000000e+00,5.758100000000000440e-01,5.613899999999999446e-01,5.549600000000000088e-01,5.473000000000000087e-01,5.559800000000000297e-01,5.527999999999999581e-01,5.598600000000000243e-01,5.561899999999999622e-01
0.000000000000000000e+00,0.000000000000000000e+00,0.000000000000000000e+00,5.512099999999999778e-01,5.665900000000000380e-01,5.530699999999999505e-01,5.836999999999999966e-01,5.572500000000000231e-01,5.457100000000000284e-01,5.544999999999999929e-01,5.434200000000000141e-01,5.454900000000000304e-01,5.637499999999999734e-01,5.477100000000000302e-01,0.000000000000000000e+00,0.000000000000000000e+00,5.444999999999999840e-01,5.531099999999999905e-01,0.000000000000000000e+00,0.000000000000000000e+00,0.000000000000000000e+00,0.000000000000000000e+00,0.000000000000000000e+00,5.421000000000000263e-01,0.000000000000000000e+00,0.000000000000000000e+00,0.000000000000000000e+00,5.430599999999999872e-01,0.000000000000000000e+00,0.000000000000000000e+00,0.000000000000000000e+00,5.435600000000000431e-01,5.656700000000000061e-01,5.667200000000000015e-01,5.786099999999999577e-01,5.580800000000000205e-01,5.681300000000000239e-01,5.734399999999999498e-01,5.614099999999999646e-01,5.766000000000000014e-01,5.772500000000000409e-01,5.760300000000000420e-01,5.523000000000000131e-01,5.442000000000000171e-01,5.575700000000000101e-01,5.508199999999999763e-01,0.000000000000000000e+00,0.000000000000000000e+00,0.000000000000000000e+00,5.641899999999999693e-01,5.641199999999999548e-01,5.662800000000000056e-01,5.641599999999999948e-01,5.489500000000000490e-01,5.724500000000000144e-01,5.550399999999999778e-01,5.548600000000000199e-01,5.611000000000000432e-01,5.662099999999999911e-01,0.000000000000000000e+00,5.426600000000000312e-01,5.779600000000000293e-01,5.550699999999999523e-01,0.000000000000000000e+00,0.000000000000000000e+00,0.000000000000000000e+00,0.000000000000000000e+00,0.000000000000000000e+00,5.654500000000000082e-01,5.502899999999999459e-01,5.456800000000000539e-01,0.000000000000000000e+00,5.463099999999999623e-01,0.000000000000000000e+00,5.487300000000000511e-01,5.455299999999999594e-01
0.000000000000000000e+00,0.000000000000000000e+00,0.000000000000000000e+00,0.000000000000000000e+00,0.000000000000000000e+00,0.000000000000000000e+00,0.000000000000000000e+00,0.000000000000000000e+00,0.000000000000000000e+00,0.000000000000000000e+00,0.000000000000000000e+00,0.000000000000000000e+00,0.000000000000000000e+00,0.000000000000000000e+00,0.000000000000000000e+00,0.000000000000000000e+00,0.000000000000000000e+00,0.000000000000000000e+00,0.000000000000000000e+00,0.000000000000000000e+00,0.000000000000000000e+00,0.000000000000000000e+00,0.000000000000000000e+00,0.000000000000000000e+00,0.000000000000000000e+00,0.000000000000000000e+00,0.000000000000000000e+00,0.000000000000000000e+00,0.000000000000000000e+00,0.000000000000000000e+00,0.000000000000000000e+00,0.000000000000000000e+00,0.000000000000000000e+00,0.000000000000000000e+00,0.000000000000000000e+00,0.000000000000000000e+00,0.000000000000000000e+00,0.000000000000000000e+00,0.000000000000000000e+00,0.000000000000000000e+00,0.000000000000000000e+00,0.000000000000000000e+00,0.000000000000000000e+00,0.000000000000000000e+00,0.000000000000000000e+00,0.000000000000000000e+00,0.000000000000000000e+00,0.000000000000000000e+00,0.000000000000000000e+00,0.000000000000000000e+00,0.000000000000000000e+00,0.000000000000000000e+00,0.000000000000000000e+00,0.000000000000000000e+00,0.000000000000000000e+00,0.000000000000000000e+00,0.000000000000000000e+00,0.000000000000000000e+00,0.000000000000000000e+00,0.000000000000000000e+00,0.000000000000000000e+00,0.000000000000000000e+00,0.000000000000000000e+00,0.000000000000000000e+00,0.000000000000000000e+00,0.000000000000000000e+00,0.000000000000000000e+00,0.000000000000000000e+00,0.000000000000000000e+00,0.000000000000000000e+00,0.000000000000000000e+00,0.000000000000000000e+00,0.000000000000000000e+00,0.000000000000000000e+00,0.000000000000000000e+00,0.000000000000000000e+00
0.000000000000000000e+00,0.000000000000000000e+00,0.000000000000000000e+00,0.000000000000000000e+00,0.000000000000000000e+00,0.000000000000000000e+00,5.542200000000000459e-01,0.000000000000000000e+00,0.000000000000000000e+00,0.000000000000000000e+00,0.000000000000000000e+00,0.000000000000000000e+00,0.000000000000000000e+00,0.000000000000000000e+00,0.000000000000000000e+00,0.000000000000000000e+00,0.000000000000000000e+00,0.000000000000000000e+00,0.000000000000000000e+00,0.000000000000000000e+00,0.000000000000000000e+00,0.000000000000000000e+00,0.000000000000000000e+00,0.000000000000000000e+00,0.000000000000000000e+00,0.000000000000000000e+00,0.000000000000000000e+00,0.000000000000000000e+00,0.000000000000000000e+00,0.000000000000000000e+00,0.000000000000000000e+00,0.000000000000000000e+00,0.000000000000000000e+00,0.000000000000000000e+00,5.461799999999999988e-01,0.000000000000000000e+00,0.000000000000000000e+00,0.000000000000000000e+00,0.000000000000000000e+00,0.000000000000000000e+00,5.484400000000000386e-01,5.454499999999999904e-01,0.000000000000000000e+00,0.000000000000000000e+00,0.000000000000000000e+00,0.000000000000000000e+00,0.000000000000000000e+00,0.000000000000000000e+00,0.000000000000000000e+00,0.000000000000000000e+00,0.000000000000000000e+00,0.000000000000000000e+00,0.000000000000000000e+00,0.000000000000000000e+00,5.497199999999999864e-01,0.000000000000000000e+00,0.000000000000000000e+00,0.000000000000000000e+00,5.425699999999999967e-01,0.000000000000000000e+00,0.000000000000000000e+00,5.475200000000000067e-01,0.000000000000000000e+00,0.000000000000000000e+00,0.000000000000000000e+00,0.000000000000000000e+00,0.000000000000000000e+00,0.000000000000000000e+00,0.000000000000000000e+00,0.000000000000000000e+00,0.000000000000000000e+00,0.000000000000000000e+00,0.000000000000000000e+00,0.000000000000000000e+00,0.000000000000000000e+00,0.000000000000000000e+00
0.000000000000000000e+00,0.000000000000000000e+00,0.000000000000000000e+00,5.423900000000000388e-01,5.571700000000000541e-01,0.000000000000000000e+00,5.690499999999999448e-01,5.431899999999999507e-01,0.000000000000000000e+00,5.425999999999999712e-01,0.000000000000000000e+00,0.000000000000000000e+00,5.510599999999999943e-01,5.445100000000000495e-01,0.000000000000000000e+00,0.000000000000000000e+00,0.000000000000000000e+00,0.000000000000000000e+00,0.000000000000000000e+00,0.000000000000000000e+00,0.000000000000000000e+00,0.000000000000000000e+00,0.000000000000000000e+00,0.000000000000000000e+00,0.000000000000000000e+00,0.000000000000000000e+00,0.000000000000000000e+00,0.000000000000000000e+00,0.000000000000000000e+00,0.000000000000000000e+00,0.000000000000000000e+00,0.000000000000000000e+00,5.507999999999999563e-01,5.473900000000000432e-01,5.533599999999999630e-01,5.533000000000000140e-01,5.583500000000000130e-01,5.565400000000000347e-01,0.000000000000000000e+00,5.611099999999999977e-01,5.632700000000000484e-01,5.603099999999999747e-01,5.469600000000000017e-01,0.000000000000000000e+00,0.000000000000000000e+00,0.000000000000000000e+00,0.000000000000000000e+00,0.000000000000000000e+00,0.000000000000000000e+00,5.586100000000000509e-01,5.492700000000000360e-01,5.543700000000000294e-01,5.436400000000000121e-01,0.000000000000000000e+00,5.644500000000000073e-01,5.429399999999999782e-01,0.000000000000000000e+00,5.472000000000000197e-01,5.662399999999999656e-01,0.000000000000000000e+00,0.000000000000000000e+00,5.609199999999999742e-01,0.000000000000000000e+00,0.000000000000000000e+00,0.000000000000000000e+00,0.000000000000000000e+00,0.000000000000000000e+00,0.000000000000000000e+00,5.444700000000000095e-01,0.000000000000000000e+00,0.000000000000000000e+00,0.000000000000000000e+00,0.000000000000000000e+00,0.000000000000000000e+00,5.467899999999999983e-01,0.000000000000000000e+00
0.000000000000000000e+00,0.000000000000000000e+00,0.000000000000000000e+00,5.465100000000000513e-01,5.671399999999999775e-01,5.521000000000000352e-01,5.835000000000000187e-01,0.000000000000000000e+00,5.426199999999999912e-01,5.461799999999999988e-01,0.000000000000000000e+00,0.000000000000000000e+00,5.651000000000000467e-01,5.531099999999999905e-01,0.000000000000000000e+00,0.000000000000000000e+00,0.000000000000000000e+00,5.551199999999999468e-01,0.000000000000000000e+00,0.000000000000000000e+00,0.000000000000000000e+00,0.000000000000000000e+00,0.000000000000000000e+00,0.000000000000000000e+00,5.425499999999999767e-01,0.000000000000000000e+00,0.000000000000000000e+00,0.000000000000000000e+00,0.000000000000000000e+00,0.000000000000000000e+00,0.000000000000000000e+00,5.449899999999999745e-01,5.701699999999999546e-01,5.644400000000000528e-01,5.774799999999999933e-01,5.585799999999999654e-01,5.648900000000000032e-01,5.658300000000000551e-01,5.647400000000000198e-01,5.798999999999999710e-01,5.798900000000000166e-01,5.767499999999999849e-01,5.482200000000000406e-01,5.425499999999999767e-01,5.481599999999999806e-01,5.433599999999999541e-01,0.000000000000000000e+00,0.000000000000000000e+00,0.000000000000000000e+00,5.602800000000000002e-01,5.635099999999999554e-01,5.662700000000000511e-01,5.554599999999999538e-01,5.465900000000000203e-01,5.683899999999999508e-01,5.513400000000000523e-01,5.495299999999999629e-01,5.614200000000000301e-01,5.633299999999999974e-01,0.000000000000000000e+00,5.442399999999999460e-01,5.718499999999999694e-01,5.587999999999999634e-01,0.000000000000000000e+00,0.000000000000000000e+00,0.000000000000000000e+00,0.000000000000000000e+00,0.000000000000000000e+00,5.620600000000000041e-01,5.519500000000000517e-01,5.457199999999999829e-01,0.000000000000000000e+00,5.466100000000000403e-01,5.437300000000000466e-01,5.496499999999999719e-01,5.468499999999999472e-01
0.000000000000000000e+00,0.000000000000000000e+00,0.000000000000000000e+00,0.000000000000000000e+00,0.000000000000000000e+00,0.000000000000000000e+00,0.000000000000000000e+00,0.000000000000000000e+00,0.000000000000000000e+00,0.000000000000000000e+00,0.000000000000000000e+00,0.000000000000000000e+00,0.000000000000000000e+00,0.000000000000000000e+00,0.000000000000000000e+00,0.000000000000000000e+00,0.000000000000000000e+00,0.000000000000000000e+00,0.000000000000000000e+00,0.000000000000000000e+00,0.000000000000000000e+00,0.000000000000000000e+00,0.000000000000000000e+00,0.000000000000000000e+00,0.000000000000000000e+00,0.000000000000000000e+00,0.000000000000000000e+00,0.000000000000000000e+00,0.000000000000000000e+00,0.000000000000000000e+00,0.000000000000000000e+00,0.000000000000000000e+00,0.000000000000000000e+00,0.000000000000000000e+00,0.000000000000000000e+00,0.000000000000000000e+00,0.000000000000000000e+00,0.000000000000000000e+00,0.000000000000000000e+00,0.000000000000000000e+00,0.000000000000000000e+00,0.000000000000000000e+00,0.000000000000000000e+00,0.000000000000000000e+00,0.000000000000000000e+00,0.000000000000000000e+00,0.000000000000000000e+00,0.000000000000000000e+00,0.000000000000000000e+00,0.000000000000000000e+00,0.000000000000000000e+00,0.000000000000000000e+00,0.000000000000000000e+00,0.000000000000000000e+00,0.000000000000000000e+00,0.000000000000000000e+00,0.000000000000000000e+00,0.000000000000000000e+00,0.000000000000000000e+00,0.000000000000000000e+00,0.000000000000000000e+00,0.000000000000000000e+00,0.000000000000000000e+00,0.000000000000000000e+00,0.000000000000000000e+00,0.000000000000000000e+00,0.000000000000000000e+00,0.000000000000000000e+00,0.000000000000000000e+00,0.000000000000000000e+00,0.000000000000000000e+00,0.000000000000000000e+00,0.000000000000000000e+00,0.000000000000000000e+00,0.000000000000000000e+00,0.000000000000000000e+00
0.000000000000000000e+00,0.000000000000000000e+00,0.000000000000000000e+00,0.000000000000000000e+00,0.000000000000000000e+00,0.000000000000000000e+00,0.000000000000000000e+00,0.000000000000000000e+00,0.000000000000000000e+00,0.000000000000000000e+00,0.000000000000000000e+00,0.000000000000000000e+00,0.000000000000000000e+00,0.000000000000000000e+00,0.000000000000000000e+00,0.000000000000000000e+00,0.000000000000000000e+00,0.000000000000000000e+00,0.000000000000000000e+00,0.000000000000000000e+00,0.000000000000000000e+00,0.000000000000000000e+00,0.000000000000000000e+00,0.000000000000000000e+00,0.000000000000000000e+00,0.000000000000000000e+00,0.000000000000000000e+00,0.000000000000000000e+00,0.000000000000000000e+00,0.000000000000000000e+00,0.000000000000000000e+00,0.000000000000000000e+00,0.000000000000000000e+00,0.000000000000000000e+00,0.000000000000000000e+00,0.000000000000000000e+00,0.000000000000000000e+00,0.000000000000000000e+00,0.000000000000000000e+00,0.000000000000000000e+00,0.000000000000000000e+00,0.000000000000000000e+00,0.000000000000000000e+00,0.000000000000000000e+00,0.000000000000000000e+00,0.000000000000000000e+00,0.000000000000000000e+00,0.000000000000000000e+00,0.000000000000000000e+00,0.000000000000000000e+00,0.000000000000000000e+00,0.000000000000000000e+00,0.000000000000000000e+00,0.000000000000000000e+00,0.000000000000000000e+00,0.000000000000000000e+00,0.000000000000000000e+00,0.000000000000000000e+00,0.000000000000000000e+00,0.000000000000000000e+00,0.000000000000000000e+00,0.000000000000000000e+00,0.000000000000000000e+00,0.000000000000000000e+00,0.000000000000000000e+00,0.000000000000000000e+00,0.000000000000000000e+00,0.000000000000000000e+00,0.000000000000000000e+00,0.000000000000000000e+00,0.000000000000000000e+00,0.000000000000000000e+00,0.000000000000000000e+00,0.000000000000000000e+00,0.000000000000000000e+00,0.000000000000000000e+00
0.000000000000000000e+00,0.000000000000000000e+00,0.000000000000000000e+00,0.000000000000000000e+00,0.000000000000000000e+00,0.000000000000000000e+00,5.484299999999999731e-01,5.581399999999999695e-01,0.000000000000000000e+00,0.000000000000000000e+00,0.000000000000000000e+00,0.000000000000000000e+00,0.000000000000000000e+00,0.000000000000000000e+00,0.000000000000000000e+00,0.000000000000000000e+00,0.000000000000000000e+00,0.000000000000000000e+00,0.000000000000000000e+00,0.000000000000000000e+00,0.000000000000000000e+00,0.000000000000000000e+00,0.000000000000000000e+00,0.000000000000000000e+00,0.000000000000000000e+00,0.000000000000000000e+00,0.000000000000000000e+00,0.000000000000000000e+00,0.000000000000000000e+00,0.000000000000000000e+00,0.000000000000000000e+00,0.000000000000000000e+00,0.000000000000000000e+00,5.459300000000000264e-01,5.484900000000000331e-01,0.000000000000000000e+00,0.000000000000000000e+00,5.494400000000000395e-01,0.000000000000000000e+00,0.000000000000000000e+00,5.518800000000000372e-01,0.000000000000000000e+00,0.000000000000000000e+00,0.000000000000000000e+00,0.000000000000000000e+00,5.577400000000000135e-01,0.000000000000000000e+00,0.000000000000000000e+00,0.000000000000000000e+00,0.000000000000000000e+00,0.000000000000000000e+00,0.000000000000000000e+00,5.541500000000000314e-01,0.000000000000000000e+00,0.000000000000000000e+00,0.000000000000000000e+00,5.456400000000000139e-01,0.000000000000000000e+00,0.000000000000000000e+00,0.000000000000000000e+00,0.000000000000000000e+00,0.000000000000000000e+00,0.000000000000000000e+00,0.000000000000000000e+00,0.000000000000000000e+00,0.000000000000000000e+00,0.000000000000000000e+00,0.000000000000000000e+00,5.520599999999999952e-01,0.000000000000000000e+00,0.000000000000000000e+00,0.000000000000000000e+00,0.000000000000000000e+00,0.000000000000000000e+00,0.000000000000000000e+00,0.000000000000000000e+00
