5.517600000000000282e-01,5.513299999999999867e-01,5.545900000000000274e-01,5.920299999999999452e-01,5.776000000000000023e-01,5.575799999999999645e-01,5.752699999999999481e-01,5.638699999999999823e-01,0.000000000000000000e+00,5.788200000000000012e-01,5.450399999999999689e-01,5.767299999999999649e-01,5.697699999999999987e-01,5.680399999999999894e-01,5.504299999999999748e-01,5.513299999999999867e-01,5.585499999999999909e-01,5.611099999999999977e-01,5.503599999999999604e-01,0.000000000000000000e+00,5.521599999999999842e-01,0.000000000000000000e+00,5.456900000000000084e-01,5.502099999999999769e-01,5.501599999999999824e-01,5.566200000000000037e-01,0.000000000000000000e+00,5.598400000000000043e-01,0.000000000000000000e+00,0.000000000000000000e+00,5.509800000000000253e-01,5.603399999999999492e-01,5.651000000000000467e-01,5.591699999999999449e-01,5.737999999999999767e-01,5.610800000000000232e-01,5.893800000000000150e-01,5.741399999999999837e-01,5.751699999999999591e-01,5.828200000000000047e-01,5.548100000000000254e-01,5.765000000000000124e-01,5.554700000000000193e-01,5.865899999999999448e-01,5.923599999999999977e-01,5.513500000000000068e-01,5.503900000000000459e-01,0.000000000000000000e+00,5.821499999999999453e-01,5.758900000000000130e-01,5.527800000000000491e-01,5.787999999999999812e-01,5.562000000000000277e-01,5.441799999999999971e-01,5.778900000000000148e-01,5.571599999999999886e-01,5.760399999999999965e-01,5.576699999999999990e-01,5.546200000000000019e-01,5.715099999999999625e-01,0.000000000000000000e+00,5.506199999999999983e-01,5.602500000000000258e-01,0.000000000000000000e+00,0.000000000000000000e+00,5.510899999999999688e-01,0.000000000000000000e+00,0.000000000000000000e+00,5.500000000000000444e-01,5.482599999999999696e-01,5.487699999999999800e-01,0.000000000000000000e+00,0.000000000000000000e+00,0.000000000000000000e+00,0.000000000000000000e+00,5.485900000000000221e-01
5.513299999999999867e-01,5.503000000000000114e-01,5.472599999999999687e-01,5.915500000000000203e-01,5.826099999999999612e-01,5.581399999999999695e-01,5.801199999999999690e-01,5.673599999999999755e-01,5.451000000000000290e-01,5.798100000000000476e-01,5.465299999999999603e-01,5.766499999999999959e-01,5.697100000000000497e-01,5.759699999999999820e-01,0.000000000000000000e+00,5.552000000000000268e-01,5.608199999999999852e-01,5.673099999999999810e-01,5.483599999999999586e-01,0.000000000000000000e+00,5.452099999999999724e-01,0.000000000000000000e+00,5.440800000000000081e-01,0.000000000000000000e+00,5.542000000000000259e-01,5.556200000000000028e-01,0.000000000000000000e+00,5.646299999999999653e-01,0.000000000000000000e+00,0.000000000000000000e+00,5.504200000000000204e-01,5.607100000000000417e-01,5.692399999999999682e-01,5.552899999999999503e-01,5.629499999999999504e-01,5.757600000000000495e-01,5.964300000000000157e-01,5.740800000000000347e-01,5.749400000000000066e-01,5.811899999999999844e-01,5.533599999999999630e-01,5.688100000000000378e-01,5.685700000000000198e-01,5.998900000000000343e-01,5.863199999999999523e-01,5.488300000000000400e-01,5.510800000000000143e-01,0.000000000000000000e+00,5.818200000000000038e-01,5.845099999999999740e-01,5.499600000000000044e-01,5.831300000000000372e-01,5.557900000000000063e-01,5.448499999999999455e-01,5.827200000000000157e-01,5.596400000000000263e-01,5.766200000000000214e-01,5.567600000000000326e-01,5.648300000000000542e-01,5.604900000000000437e-01,5.471899999999999542e-01,5.502500000000000169e-01,5.563700000000000312e-01,0.000000000000000000e+00,0.000000000000000000e+00,0.000000000000000000e+00,0.000000000000000000e+00,0.000000000000000000e+00,0.000000000000000000e+00,5.497400000000000064e-01,5.458100000000000174e-01,0.000000000000000000e+00,5.458399999999999919e-01,0.000000000000000000e+00,0.000000000000000000e+00,5.458199999999999719e-01
5.545900000000000274e-01,5.472599999999999687e-01,5.506499999999999728e-01,5.800499999999999545e-01,5.687200000000000033e-01,5.527300000000000546e-01,5.644200000000000328e-01,5.514099999999999557e-01,0.000000000000000000e+00,5.662399999999999656e-01,0.000000000000000000e+00,5.726999999999999869e-01,5.588699999999999779e-01,5.634099999999999664e-01,0.000000000000000000e+00,5.491099999999999870e-01,5.509399999999999853e-01,5.557800000000000518e-01,5.483200000000000296e-01,0.000000000000000000e+00,0.000000000000000000e+00,0.000000000000000000e+00,5.456600000000000339e-01,5.442900000000000515e-01,0.000000000000000000e+00,5.516799999999999482e-01,0.000000000000000000e+00,5.564700000000000202e-01,0.000000000000000000e+00,0.000000000000000000e+00,5.448300000000000365e-01,0.000000000000000000e+00,5.694799999999999862e-01,5.569499999999999451e-01,5.604799999999999782e-01,5.587800000000000544e-01,5.839900000000000091e-01,5.701199999999999601e-01,5.572899999999999521e-01,5.749800000000000466e-01,5.625599999999999490e-01,5.644099999999999673e-01,5.658199999999999896e-01,5.821800000000000308e-01,5.856000000000000094e-01,5.505400000000000293e-01,0.000000000000000000e+00,0.000000000000000000e+00,5.770999999999999464e-01,5.710499999999999465e-01,5.489399999999999835e-01,5.703599999999999781e-01,0.000000000000000000e+00,0.000000000000000000e+00,5.686999999999999833e-01,5.500699999999999479e-01,5.718600000000000350e-01,5.508800000000000363e-01,5.574200000000000266e-01,5.539899999999999824e-01,0.000000000000000000e+00,5.444900000000000295e-01,5.544200000000000239e-01,0.000000000000000000e+00,0.000000000000000000e+00,0.000000000000000000e+00,0.000000000000000000e+00,0.000000000000000000e+00,0.000000000000000000e+00,0.000000000000000000e+00,0.000000000000000000e+00,0.000000000000000000e+00,0.000000000000000000e+00,0.000000000000000000e+00,0.000000000000000000e+00,5.449100000000000055e-01
5.920299999999999452e-01,5.915500000000000203e-01,5.800499999999999545e-01,6.446199999999999708e-01,6.378500000000000281e-01,5.920600000000000307e-01,6.353699999999999903e-01,6.045500000000000318e-01,5.847099999999999520e-01,6.331599999999999451e-01,5.863099999999999978e-01,6.294600000000000195e-01,6.223100000000000298e-01,6.107900000000000551e-01,5.897900000000000365e-01,5.950299999999999478e-01,6.052499999999999547e-01,6.100499999999999812e-01,5.910699999999999843e-01,5.623599999999999710e-01,5.977999999999999980e-01,5.713099999999999845e-01,5.771199999999999664e-01,5.966099999999999737e-01,5.989700000000000024e-01,5.987299999999999844e-01,5.548899999999999944e-01,6.084100000000000064e-01,5.790999999999999481e-01,5.616299999999999626e-01,5.899900000000000144e-01,6.304999999999999494e-01,6.116399999999999615e-01,5.979299999999999615e-01,6.289599999999999635e-01,6.061299999999999466e-01,6.431499999999999995e-01,6.228700000000000347e-01,6.472700000000000120e-01,6.153899999999999926e-01,5.872100000000000097e-01,6.302400000000000224e-01,6.034500000000000419e-01,6.693599999999999550e-01,6.240700000000000136e-01,5.972699999999999676e-01,5.988999999999999879e-01,5.697600000000000442e-01,6.455100000000000282e-01,6.392299999999999649e-01,5.962800000000000322e-01,6.383999999999999675e-01,6.052600000000000202e-01,5.902899999999999814e-01,6.305800000000000294e-01,6.116000000000000325e-01,6.335800000000000320e-01,6.025399999999999645e-01,6.039600000000000524e-01,6.176000000000000378e-01,5.881600000000000161e-01,5.884099999999999886e-01,6.073100000000000165e-01,5.744799999999999907e-01,5.643599999999999728e-01,5.956799999999999873e-01,5.619600000000000151e-01,5.789800000000000502e-01,5.945000000000000284e-01,5.970699999999999896e-01,5.962100000000000177e-01,5.545499999999999874e-01,5.854399999999999604e-01,5.760699999999999710e-01,5.697499999999999787e-01,5.850899999999999990e-01
5.776000000000000023e-01,5.826099999999999612e-01,5.687200000000000033e-01,6.378500000000000281e-01,6.273900000000000032e-01,5.848299999999999610e-01,6.250700000000000145e-01,5.969100000000000517e-01,5.786900000000000377e-01,6.253699999999999815e-01,5.798200000000000021e-01,6.194600000000000106e-01,6.090799999999999548e-01,6.097399999999999487e-01,5.732300000000000173e-01,5.855200000000000404e-01,5.937999999999999945e-01,6.000400000000000178e-01,5.790999999999999481e-01,5.572599999999999776e-01,5.811300000000000354e-01,5.622399999999999620e-01,5.691100000000000048e-01,5.756299999999999750e-01,5.881100000000000216e-01,5.858799999999999564e-01,5.485299999999999621e-01,5.981300000000000505e-01,5.705700000000000216e-01,5.599699999999999678e-01,5.798200000000000021e-01,6.113399999999999945e-01,6.012699999999999712e-01,5.850400000000000045e-01,6.111699999999999910e-01,6.081600000000000339e-01,6.356800000000000228e-01,6.136000000000000343e-01,6.307500000000000329e-01,6.088900000000000423e-01,5.764700000000000379e-01,6.178000000000000158e-01,6.014699999999999491e-01,6.509599999999999831e-01,6.158200000000000340e-01,5.825099999999999723e-01,5.828900000000000192e-01,5.573399999999999466e-01,6.295699999999999630e-01,6.338399999999999590e-01,5.796799999999999731e-01,6.290000000000000036e-01,5.881399999999999961e-01,5.796000000000000041e-01,6.265300000000000313e-01,6.010400000000000187e-01,6.181499999999999773e-01,5.917499999999999982e-01,6.021900000000000031e-01,6.042600000000000193e-01,5.770199999999999774e-01,5.886099999999999666e-01,5.902899999999999814e-01,5.612500000000000266e-01,5.589499999999999469e-01,5.811399999999999899e-01,5.528999999999999471e-01,5.695200000000000262e-01,5.726099999999999524e-01,5.816400000000000459e-01,5.809600000000000319e-01,5.462099999999999733e-01,5.734599999999999698e-01,5.661699999999999511e-01,5.601099999999999968e-01,5.729800000000000448e-01
5.575799999999999645e-01,5.581399999999999695e-01,5.527300000000000546e-01,5.920499999999999652e-01,5.848299999999999610e-01,5.602899999999999547e-01,5.814500000000000224e-01,5.715400000000000480e-01,5.498899999999999899e-01,5.825700000000000323e-01,5.464099999999999513e-01,5.782800000000000162e-01,5.731600000000000028e-01,5.773399999999999643e-01,5.476299999999999502e-01,5.572700000000000431e-01,5.614299999999999846e-01,5.696700000000000097e-01,5.517600000000000282e-01,5.437100000000000266e-01,5.509199999999999653e-01,5.465999999999999748e-01,5.493900000000000450e-01,5.530399999999999761e-01,5.582200000000000495e-01,5.619699999999999696e-01,0.000000000000000000e+00,5.703599999999999781e-01,5.457300000000000484e-01,5.447400000000000020e-01,5.546400000000000219e-01,5.607100000000000417e-01,5.757499999999999840e-01,5.619600000000000151e-01,5.754399999999999515e-01,5.735299999999999843e-01,5.955399999999999583e-01,5.828900000000000192e-01,5.719300000000000495e-01,5.874800000000000022e-01,5.584700000000000220e-01,5.735299999999999843e-01,5.707100000000000506e-01,5.931499999999999551e-01,6.015099999999999891e-01,5.536400000000000210e-01,5.522500000000000187e-01,0.000000000000000000e+00,5.845700000000000340e-01,5.884800000000000031e-01,5.590600000000000014e-01,5.860699999999999799e-01,5.630699999999999594e-01,5.513700000000000268e-01,5.823399999999999688e-01,5.647199999999999998e-01,5.804000000000000270e-01,5.596200000000000063e-01,5.684099999999999708e-01,5.691100000000000048e-01,5.507800000000000473e-01,5.526699999999999946e-01,5.640600000000000058e-01,0.000000000000000000e+00,0.000000000000000000e+00,5.476400000000000157e-01,0.000000000000000000e+00,5.469899999999999762e-01,5.505900000000000238e-01,5.552799999999999958e-01,5.533000000000000140e-01,0.000000000000000000e+00,5.474599999999999467e-01,5.495700000000000029e-01,0.000000000000000000e+00,5.510300000000000198e-01
5.752699999999999481e-01,5.801199999999999690e-01,5.644200000000000328e-01,6.353699999999999903e-01,6.250700000000000145e-01,5.814500000000000224e-01,6.212199999999999944e-01,5.941699999999999759e-01,5.739199999999999857e-01,6.190900000000000292e-01,5.762300000000000200e-01,6.115399999999999725e-01,6.051299999999999457e-01,6.053800000000000292e-01,5.701100000000000056e-01,5.839900000000000091e-01,5.895799999999999930e-01,5.982800000000000340e-01,5.743800000000000017e-01,5.541199999999999459e-01,5.765099999999999669e-01,5.596499999999999808e-01,5.660100000000000131e-01,5.736999999999999877e-01,5.854899999999999549e-01,5.826099999999999612e-01,5.459600000000000009e-01,5.954199999999999493e-01,5.681599999999999984e-01,5.591800000000000104e-01,5.768600000000000394e-01,6.068400000000000460e-01,5.950100000000000389e-01,5.816200000000000259e-01,6.060900000000000176e-01,6.050699999999999967e-01,6.311299999999999688e-01,6.080699999999999994e-01,6.294800000000000395e-01,6.060799999999999521e-01,5.751199999999999646e-01,6.176800000000000068e-01,5.987999999999999989e-01,6.506199999999999761e-01,6.118400000000000505e-01,5.790600000000000191e-01,5.794700000000000406e-01,5.514000000000000012e-01,6.261400000000000299e-01,6.311900000000000288e-01,5.766400000000000414e-01,6.261600000000000499e-01,5.888099999999999445e-01,5.755599999999999605e-01,6.215899999999999759e-01,5.963800000000000212e-01,6.115000000000000435e-01,5.895299999999999985e-01,6.003399999999999848e-01,5.964599999999999902e-01,5.788699999999999957e-01,5.842500000000000471e-01,5.881999999999999451e-01,5.580100000000000060e-01,5.538300000000000445e-01,5.767999999999999794e-01,5.493500000000000050e-01,5.649999999999999467e-01,5.699600000000000222e-01,5.807099999999999485e-01,5.780699999999999728e-01,5.439000000000000501e-01,5.705099999999999616e-01,5.628100000000000325e-01,5.578999999999999515e-01,5.709100000000000286e-01
5.638699999999999823e-01,5.673599999999999755e-01,5.514099999999999557e-01,6.045500000000000318e-01,5.969100000000000517e-01,5.715400000000000480e-01,5.941699999999999759e-01,5.756099999999999550e-01,5.608800000000000452e-01,5.934500000000000330e-01,5.558400000000000007e-01,5.858200000000000074e-01,5.855799999999999894e-01,5.779100000000000348e-01,5.625700000000000145e-01,5.634200000000000319e-01,5.676700000000000079e-01,5.744500000000000162e-01,5.590199999999999614e-01,5.493599999999999595e-01,5.623500000000000165e-01,5.506900000000000128e-01,5.552000000000000268e-01,5.665000000000000036e-01,5.647299999999999542e-01,5.692300000000000137e-01,0.000000000000000000e+00,5.769300000000000539e-01,5.530800000000000161e-01,0.000000000000000000e+00,5.614400000000000501e-01,5.798100000000000476e-01,5.895099999999999785e-01,5.684599999999999653e-01,5.851499999999999480e-01,5.773599999999999843e-01,6.068999999999999950e-01,5.901100000000000234e-01,6.002199999999999758e-01,5.846700000000000230e-01,5.625299999999999745e-01,5.940699999999999870e-01,5.767099999999999449e-01,6.244800000000000351e-01,6.046799999999999953e-01,5.624900000000000455e-01,5.693399999999999572e-01,0.000000000000000000e+00,6.065700000000000536e-01,6.035199999999999454e-01,5.703099999999999836e-01,6.015099999999999891e-01,5.874899999999999567e-01,5.592500000000000249e-01,5.963300000000000267e-01,5.741500000000000492e-01,5.913300000000000223e-01,5.730899999999999883e-01,5.768299999999999539e-01,5.812800000000000189e-01,5.602599999999999802e-01,5.595799999999999663e-01,5.769800000000000484e-01,5.450000000000000400e-01,5.485299999999999621e-01,5.643899999999999473e-01,0.000000000000000000e+00,5.552700000000000413e-01,5.631000000000000449e-01,5.708600000000000341e-01,5.685299999999999798e-01,0.000000000000000000e+00,5.559899999999999842e-01,5.563599999999999657e-01,0.000000000000000000e+00,5.567800000000000527e-01
0.000000000000000000e+00,5.451000000000000290e-01,0.000000000000000000e+00,5.847099999999999520e-01,5.786900000000000377e-01,5.498899999999999899e-01,5.739199999999999857e-01,5.608800000000000452e-01,5.448699999999999655e-01,5.743599999999999817e-01,5.437100000000000266e-01,5.639399999999999968e-01,5.640800000000000258e-01,5.691399999999999793e-01,0.000000000000000000e+00,5.507300000000000528e-01,5.540699999999999514e-01,5.645599999999999508e-01,5.437100000000000266e-01,0.000000000000000000e+00,0.000000000000000000e+00,0.000000000000000000e+00,0.000000000000000000e+00,0.000000000000000000e+00,5.542300000000000004e-01,5.503000000000000114e-01,0.000000000000000000e+00,5.609399999999999942e-01,0.000000000000000000e+00,0.000000000000000000e+00,5.455200000000000049e-01,5.576100000000000501e-01,5.581099999999999950e-01,5.448699999999999655e-01,5.609600000000000142e-01,5.691100000000000048e-01,5.862600000000000033e-01,5.700899999999999856e-01,5.681500000000000439e-01,5.686700000000000088e-01,0.000000000000000000e+00,5.631899999999999684e-01,5.645499999999999963e-01,5.913899999999999713e-01,5.731800000000000228e-01,0.000000000000000000e+00,5.453999999999999959e-01,0.000000000000000000e+00,5.742399999999999727e-01,5.812100000000000044e-01,5.483799999999999786e-01,5.800100000000000255e-01,5.559300000000000352e-01,5.490599999999999925e-01,5.739499999999999602e-01,5.571500000000000341e-01,5.643099999999999783e-01,5.539899999999999824e-01,5.635599999999999499e-01,5.539500000000000535e-01,5.481899999999999551e-01,5.489300000000000290e-01,5.521000000000000352e-01,0.000000000000000000e+00,0.000000000000000000e+00,0.000000000000000000e+00,0.000000000000000000e+00,0.000000000000000000e+00,0.000000000000000000e+00,5.504000000000000004e-01,5.455499999999999794e-01,0.000000000000000000e+00,0.000000000000000000e+00,0.000000000000000000e+00,0.000000000000000000e+00,0.000000000000000000e+00
5.788200000000000012e-01,5.798100000000000476e-01,5.662399999999999656e-01,6.331599999999999451e-01,6.253800000000000470e-01,5.825700000000000323e-01,6.190900000000000292e-01,5.934500000000000330e-01,5.743599999999999817e-01,6.132699999999999818e-01,5.778799999999999493e-01,6.104600000000000026e-01,6.027599999999999625e-01,6.124500000000000499e-01,5.687499999999999778e-01,5.853699999999999459e-01,5.877400000000000402e-01,5.983500000000000485e-01,5.758199999999999985e-01,5.587499999999999689e-01,5.753800000000000026e-01,5.633399999999999519e-01,5.679899999999999949e-01,5.713300000000000045e-01,5.865099999999999758e-01,5.831899999999999862e-01,5.487900000000000000e-01,5.964500000000000357e-01,5.695799999999999752e-01,5.631500000000000394e-01,5.782100000000000017e-01,5.951300000000000479e-01,6.009499999999999842e-01,5.833899999999999642e-01,5.979299999999999615e-01,6.103699999999999681e-01,6.304699999999999749e-01,6.068799999999999750e-01,6.172199999999999909e-01,6.113899999999999890e-01,5.785000000000000142e-01,6.090799999999999548e-01,6.044399999999999773e-01,6.465499999999999581e-01,6.087500000000000133e-01,5.794300000000000006e-01,5.805099999999999705e-01,5.513400000000000523e-01,6.261999999999999789e-01,6.299000000000000155e-01,5.730399999999999938e-01,6.233300000000000507e-01,5.864899999999999558e-01,5.731300000000000283e-01,6.180799999999999628e-01,5.929900000000000171e-01,6.123800000000000354e-01,5.884099999999999886e-01,6.034500000000000419e-01,5.949799999999999534e-01,5.752300000000000191e-01,5.848299999999999610e-01,5.900499999999999634e-01,5.572300000000000031e-01,5.564200000000000257e-01,5.718999999999999639e-01,5.519800000000000262e-01,5.667200000000000015e-01,5.654000000000000137e-01,5.800499999999999545e-01,5.766499999999999959e-01,5.462599999999999678e-01,5.742000000000000437e-01,5.635499999999999954e-01,5.595499999999999918e-01,5.712300000000000155e-01
5.450399999999999689e-01,5.465299999999999603e-01,0.000000000000000000e+00,5.863099999999999978e-01,5.798200000000000021e-01,5.464099999999999513e-01,5.762300000000000200e-01,5.558400000000000007e-01,5.437100000000000266e-01,5.778799999999999493e-01,0.000000000000000000e+00,5.662099999999999911e-01,5.649899999999999922e-01,5.706700000000000106e-01,0.000000000000000000e+00,5.474999999999999867e-01,5.529899999999999816e-01,5.610300000000000287e-01,5.467100000000000293e-01,0.000000000000000000e+00,5.443400000000000460e-01,0.000000000000000000e+00,0.000000000000000000e+00,0.000000000000000000e+00,5.508499999999999508e-01,5.486299999999999510e-01,0.000000000000000000e+00,5.602700000000000458e-01,0.000000000000000000e+00,0.000000000000000000e+00,5.451200000000000490e-01,5.596400000000000263e-01,5.642500000000000293e-01,5.458100000000000174e-01,5.658800000000000496e-01,5.683599999999999763e-01,5.823500000000000343e-01,5.669399999999999995e-01,5.687299999999999578e-01,5.677600000000000424e-01,0.000000000000000000e+00,5.690100000000000158e-01,5.631399999999999739e-01,5.910699999999999843e-01,5.745500000000000052e-01,5.469699999999999562e-01,5.477400000000000047e-01,0.000000000000000000e+00,5.781600000000000072e-01,5.876599999999999602e-01,5.486799999999999455e-01,5.774099999999999788e-01,5.517400000000000082e-01,5.461200000000000498e-01,5.767099999999999449e-01,5.612700000000000466e-01,5.665099999999999580e-01,5.533599999999999630e-01,5.671800000000000175e-01,5.573000000000000176e-01,5.472000000000000197e-01,5.525600000000000511e-01,5.550399999999999778e-01,0.000000000000000000e+00,0.000000000000000000e+00,5.467699999999999783e-01,0.000000000000000000e+00,0.000000000000000000e+00,0.000000000000000000e+00,5.505999999999999783e-01,5.462599999999999678e-01,0.000000000000000000e+00,0.000000000000000000e+00,0.000000000000000000e+00,0.000000000000000000e+00,0.000000000000000000e+00
5.767299999999999649e-01,5.766499999999999959e-01,5.726999999999999869e-01,6.294600000000000195e-01,6.194699999999999651e-01,5.782800000000000162e-01,6.115399999999999725e-01,5.858200000000000074e-01,5.639399999999999968e-01,6.104600000000000026e-01,5.662099999999999911e-01,6.202299999999999480e-01,5.963000000000000522e-01,6.036599999999999744e-01,5.646600000000000508e-01,5.819600000000000328e-01,5.849600000000000355e-01,5.955599999999999783e-01,5.784500000000000197e-01,5.515700000000000047e-01,5.715599999999999570e-01,5.558300000000000463e-01,5.665000000000000036e-01,5.699300000000000477e-01,5.784599999999999742e-01,5.788200000000000012e-01,0.000000000000000000e+00,5.905099999999999794e-01,5.619800000000000351e-01,5.611899999999999666e-01,5.777400000000000313e-01,5.916400000000000547e-01,5.994099999999999984e-01,5.920699999999999852e-01,6.016200000000000436e-01,5.973699999999999566e-01,6.257399999999999629e-01,6.055099999999999927e-01,6.138900000000000468e-01,6.084000000000000519e-01,5.878900000000000237e-01,6.092899999999999983e-01,5.995700000000000474e-01,6.370500000000000052e-01,6.048499999999999988e-01,5.810899999999999954e-01,5.697299999999999587e-01,5.556200000000000028e-01,6.214899999999999869e-01,6.196500000000000341e-01,5.703099999999999836e-01,6.138700000000000268e-01,5.719699999999999784e-01,5.647600000000000398e-01,6.121900000000000119e-01,5.858200000000000074e-01,6.161799999999999500e-01,5.810999999999999499e-01,5.918299999999999672e-01,5.929900000000000171e-01,5.626999999999999780e-01,5.791899999999999826e-01,5.875799999999999912e-01,5.516600000000000392e-01,5.540000000000000480e-01,5.637900000000000134e-01,0.000000000000000000e+00,5.618199999999999861e-01,5.630300000000000304e-01,5.700800000000000312e-01,5.706099999999999506e-01,0.000000000000000000e+00,5.661000000000000476e-01,5.573399999999999466e-01,5.511800000000000033e-01,5.712199999999999500e-01
5.697699999999999987e-01,5.697100000000000497e-01,5.588699999999999779e-01,6.223100000000000298e-01,6.090799999999999548e-01,5.731600000000000028e-01,6.051299999999999457e-01,5.855799999999999894e-01,5.640800000000000258e-01,6.027700000000000280e-01,5.649899999999999922e-01,5.963000000000000522e-01,5.925300000000000011e-01,5.984699999999999465e-01,5.587100000000000399e-01,5.734000000000000208e-01,5.782800000000000162e-01,5.892500000000000515e-01,5.642899999999999583e-01,5.498899999999999899e-01,5.650800000000000267e-01,5.546299999999999564e-01,5.587199999999999944e-01,5.667799999999999505e-01,5.741100000000000092e-01,5.745799999999999796e-01,0.000000000000000000e+00,5.853000000000000425e-01,5.600800000000000223e-01,5.517300000000000537e-01,5.686900000000000288e-01,5.873000000000000442e-01,5.885299999999999976e-01,5.738999999999999657e-01,5.929900000000000171e-01,5.939699999999999980e-01,6.138799999999999812e-01,5.965000000000000302e-01,6.052400000000000002e-01,5.988200000000000189e-01,5.690399999999999903e-01,5.983600000000000030e-01,5.906400000000000539e-01,6.292499999999999760e-01,5.998700000000000143e-01,5.709800000000000431e-01,5.702300000000000146e-01,5.462200000000000388e-01,6.115000000000000435e-01,6.136200000000000543e-01,5.676900000000000279e-01,6.113899999999999890e-01,5.809999999999999609e-01,5.666400000000000325e-01,6.029499999999999860e-01,5.843699999999999450e-01,5.966200000000000392e-01,5.786599999999999522e-01,5.889799999999999480e-01,5.845299999999999940e-01,5.680500000000000549e-01,5.733500000000000263e-01,5.780399999999999983e-01,5.505200000000000093e-01,5.479000000000000536e-01,5.639600000000000168e-01,5.443000000000000060e-01,5.595299999999999718e-01,5.620000000000000551e-01,5.703599999999999781e-01,5.690300000000000358e-01,0.000000000000000000e+00,5.625000000000000000e-01,5.555299999999999683e-01,5.524499999999999966e-01,5.640800000000000258e-01
5.680399999999999894e-01,5.759800000000000475e-01,5.634200000000000319e-01,6.107900000000000551e-01,6.097399999999999487e-01,5.773399999999999643e-01,6.053699999999999637e-01,5.779100000000000348e-01,5.691399999999999793e-01,6.124500000000000499e-01,5.706700000000000106e-01,6.036599999999999744e-01,5.984699999999999465e-01,5.905799999999999939e-01,5.614500000000000046e-01,5.723599999999999799e-01,5.861600000000000144e-01,5.866999999999999993e-01,5.669800000000000395e-01,5.527900000000000036e-01,5.692000000000000393e-01,5.565700000000000092e-01,5.644599999999999618e-01,5.658600000000000296e-01,5.735299999999999843e-01,5.756099999999999550e-01,5.474299999999999722e-01,5.866500000000000048e-01,5.607299999999999507e-01,5.564599999999999547e-01,5.681699999999999529e-01,5.897900000000000365e-01,5.973600000000000021e-01,5.744399999999999507e-01,5.953000000000000513e-01,5.891600000000000170e-01,6.136599999999999833e-01,6.052400000000000002e-01,6.095199999999999507e-01,5.927000000000000046e-01,5.720100000000000184e-01,6.036799999999999944e-01,5.946399999999999464e-01,6.301999999999999824e-01,6.077799999999999869e-01,5.720300000000000384e-01,5.699600000000000222e-01,5.502099999999999769e-01,6.136099999999999888e-01,6.169900000000000384e-01,5.671000000000000485e-01,6.117099999999999760e-01,5.825700000000000323e-01,5.634400000000000519e-01,6.139499999999999957e-01,5.902899999999999814e-01,6.044199999999999573e-01,5.805799999999999850e-01,5.934099999999999930e-01,5.870800000000000463e-01,5.681500000000000439e-01,5.788699999999999957e-01,5.791699999999999626e-01,5.516199999999999992e-01,5.500699999999999479e-01,5.652599999999999847e-01,5.447100000000000275e-01,5.603399999999999492e-01,5.624400000000000510e-01,5.743599999999999817e-01,5.717100000000000515e-01,0.000000000000000000e+00,5.638400000000000079e-01,5.540899999999999714e-01,5.518999999999999462e-01,5.644200000000000328e-01
5.504299999999999748e-01,0.000000000000000000e+00,0.000000000000000000e+00,5.897900000000000365e-01,5.732300000000000173e-01,5.476299999999999502e-01,5.701100000000000056e-01,5.625700000000000145e-01,0.000000000000000000e+00,5.687499999999999778e-01,0.000000000000000000e+00,5.646600000000000508e-01,5.587100000000000399e-01,5.614500000000000046e-01,5.484700000000000131e-01,0.000000000000000000e+00,0.000000000000000000e+00,5.516100000000000447e-01,5.453299999999999814e-01,0.000000000000000000e+00,5.544700000000000184e-01,0.000000000000000000e+00,0.000000000000000000e+00,5.457199999999999829e-01,0.000000000000000000e+00,5.479600000000000026e-01,0.000000000000000000e+00,5.525499999999999856e-01,0.000000000000000000e+00,0.000000000000000000e+00,5.442299999999999915e-01,5.492500000000000160e-01,5.614599999999999591e-01,5.500000000000000444e-01,5.667600000000000415e-01,5.547800000000000509e-01,5.873500000000000387e-01,5.625400000000000400e-01,5.672199999999999465e-01,5.727499999999999813e-01,0.000000000000000000e+00,5.681500000000000439e-01,5.454900000000000304e-01,5.807700000000000085e-01,5.764899999999999469e-01,5.542799999999999949e-01,5.454099999999999504e-01,0.000000000000000000e+00,5.746700000000000141e-01,5.732800000000000118e-01,5.469500000000000473e-01,5.696900000000000297e-01,5.609100000000000197e-01,0.000000000000000000e+00,5.640199999999999658e-01,5.520599999999999952e-01,5.670399999999999885e-01,5.449600000000000000e-01,5.483099999999999641e-01,5.743000000000000327e-01,0.000000000000000000e+00,0.000000000000000000e+00,5.551300000000000123e-01,0.000000000000000000e+00,0.000000000000000000e+00,5.591399999999999704e-01,0.000000000000000000e+00,0.000000000000000000e+00,5.481399999999999606e-01,5.442799999999999860e-01,5.494999999999999885e-01,0.000000000000000000e+00,0.000000000000000000e+00,0.000000000000000000e+00,0.000000000000000000e+00,0.000000000000000000e+00
5.513299999999999867e-01,5.552099999999999813e-01,5.491099999999999870e-01,5.950299999999999478e-01,5.855200000000000404e-01,5.572700000000000431e-01,5.839900000000000091e-01,5.634200000000000319e-01,5.507300000000000528e-01,5.853699999999999459e-01,5.474999999999999867e-01,5.819600000000000328e-01,5.734000000000000208e-01,5.723599999999999799e-01,0.000000000000000000e+00,5.584999999999999964e-01,5.686499999999999888e-01,5.708299999999999486e-01,5.519300000000000317e-01,0.000000000000000000e+00,5.444999999999999840e-01,0.000000000000000000e+00,5.443999999999999950e-01,5.520100000000000007e-01,5.597199999999999953e-01,5.601399999999999713e-01,0.000000000000000000e+00,5.683200000000000474e-01,5.449399999999999800e-01,0.000000000000000000e+00,5.546699999999999964e-01,5.701000000000000512e-01,5.696299999999999697e-01,5.603099999999999747e-01,5.693700000000000427e-01,5.763599999999999834e-01,5.971100000000000296e-01,5.775000000000000133e-01,5.851100000000000190e-01,5.778200000000000003e-01,5.578899999999999970e-01,5.749999999999999556e-01,5.715000000000000080e-01,6.052400000000000002e-01,5.873899999999999677e-01,5.520199999999999552e-01,5.537499999999999645e-01,0.000000000000000000e+00,5.880900000000000016e-01,5.872199999999999642e-01,5.586100000000000509e-01,5.880499999999999616e-01,5.557800000000000518e-01,5.538499999999999535e-01,5.818200000000000038e-01,5.634900000000000464e-01,5.799800000000000511e-01,5.640100000000000113e-01,5.654599999999999627e-01,5.628499999999999615e-01,5.513700000000000268e-01,5.597400000000000153e-01,5.620800000000000241e-01,0.000000000000000000e+00,0.000000000000000000e+00,0.000000000000000000e+00,0.000000000000000000e+00,5.457499999999999574e-01,5.477100000000000302e-01,5.562899999999999512e-01,5.528100000000000236e-01,0.000000000000000000e+00,5.489899999999999780e-01,5.466600000000000348e-01,0.000000000000000000e+00,5.488199999999999745e-01
5.585499999999999909e-01,5.608199999999999852e-01,5.509399999999999853e-01,6.052499999999999547e-01,5.937999999999999945e-01,5.614299999999999846e-01,5.895799999999999930e-01,5.676700000000000079e-01,5.540699999999999514e-01,5.877400000000000402e-01,5.530000000000000471e-01,5.849600000000000355e-01,5.782800000000000162e-01,5.861600000000000144e-01,0.000000000000000000e+00,5.686499999999999888e-01,5.591000000000000414e-01,5.783300000000000107e-01,5.553900000000000503e-01,0.000000000000000000e+00,0.000000000000000000e+00,5.461200000000000498e-01,5.491399999999999615e-01,5.543099999999999694e-01,5.645200000000000218e-01,5.634700000000000264e-01,0.000000000000000000e+00,5.780800000000000383e-01,5.512200000000000433e-01,5.562099999999999822e-01,5.600899999999999768e-01,5.653500000000000192e-01,5.818900000000000183e-01,5.644099999999999673e-01,5.717700000000000005e-01,5.864300000000000068e-01,5.976900000000000546e-01,5.827700000000000102e-01,5.764799999999999924e-01,5.834899999999999531e-01,5.627400000000000180e-01,5.711100000000000065e-01,5.865200000000000413e-01,6.066799999999999971e-01,5.849499999999999700e-01,5.555700000000000083e-01,5.596799999999999553e-01,0.000000000000000000e+00,5.897400000000000420e-01,6.008700000000000152e-01,5.598999999999999533e-01,5.975899999999999546e-01,5.552799999999999958e-01,5.585799999999999654e-01,5.910199999999999898e-01,5.689499999999999558e-01,5.840100000000000291e-01,5.692500000000000338e-01,5.817200000000000149e-01,5.577600000000000335e-01,5.543000000000000149e-01,5.668100000000000360e-01,5.709499999999999575e-01,0.000000000000000000e+00,0.000000000000000000e+00,0.000000000000000000e+00,0.000000000000000000e+00,5.475100000000000522e-01,5.442700000000000315e-01,5.626999999999999780e-01,5.544700000000000184e-01,0.000000000000000000e+00,5.552700000000000413e-01,5.496999999999999664e-01,5.471300000000000052e-01,5.540100000000000025e-01
5.611099999999999977e-01,5.673099999999999810e-01,5.557800000000000518e-01,6.100499999999999812e-01,6.000400000000000178e-01,5.696700000000000097e-01,5.982800000000000340e-01,5.744500000000000162e-01,5.645599999999999508e-01,5.983500000000000485e-01,5.610300000000000287e-01,5.955599999999999783e-01,5.892500000000000515e-01,5.866999999999999993e-01,5.516100000000000447e-01,5.708299999999999486e-01,5.783300000000000107e-01,5.815200000000000369e-01,5.629999999999999449e-01,5.491000000000000325e-01,5.557299999999999462e-01,5.523599999999999621e-01,5.568600000000000216e-01,5.642200000000000548e-01,5.703700000000000436e-01,5.710800000000000320e-01,0.000000000000000000e+00,5.825500000000000123e-01,5.575200000000000156e-01,5.513299999999999867e-01,5.644700000000000273e-01,5.820199999999999818e-01,5.865799999999999903e-01,5.688900000000000068e-01,5.837799999999999656e-01,5.896799999999999820e-01,6.096700000000000452e-01,5.925399999999999556e-01,5.973500000000000476e-01,5.901999999999999469e-01,5.668199999999999905e-01,5.882199999999999651e-01,5.900499999999999634e-01,6.248599999999999710e-01,6.046300000000000008e-01,5.658499999999999641e-01,5.649100000000000232e-01,5.448600000000000110e-01,6.052400000000000002e-01,6.052100000000000257e-01,5.687699999999999978e-01,6.045500000000000318e-01,5.739699999999999802e-01,5.641699999999999493e-01,6.009400000000000297e-01,5.802399999999999780e-01,5.951100000000000279e-01,5.755700000000000260e-01,5.826200000000000268e-01,5.765099999999999669e-01,5.622700000000000475e-01,5.712099999999999955e-01,5.769800000000000484e-01,5.464999999999999858e-01,5.495100000000000540e-01,5.545200000000000129e-01,0.000000000000000000e+00,5.572399999999999576e-01,5.597199999999999953e-01,5.684000000000000163e-01,5.647699999999999942e-01,0.000000000000000000e+00,5.603500000000000147e-01,5.566900000000000182e-01,5.460899999999999643e-01,5.585499999999999909e-01
5.503599999999999604e-01,5.483599999999999586e-01,5.483200000000000296e-01,5.910699999999999843e-01,5.790999999999999481e-01,5.517600000000000282e-01,5.743800000000000017e-01,5.590100000000000069e-01,5.437100000000000266e-01,5.758199999999999985e-01,5.467100000000000293e-01,5.784500000000000197e-01,5.642899999999999583e-01,5.669800000000000395e-01,5.453299999999999814e-01,5.519300000000000317e-01,5.553900000000000503e-01,5.629999999999999449e-01,5.529500000000000526e-01,0.000000000000000000e+00,5.456999999999999629e-01,0.000000000000000000e+00,5.459000000000000519e-01,5.458699999999999664e-01,5.485799999999999566e-01,5.528499999999999526e-01,0.000000000000000000e+00,5.599399999999999933e-01,0.000000000000000000e+00,0.000000000000000000e+00,5.497699999999999809e-01,5.578100000000000280e-01,5.699400000000000022e-01,5.580600000000000005e-01,5.694799999999999862e-01,5.670300000000000340e-01,5.942100000000000160e-01,5.738400000000000167e-01,5.748699999999999921e-01,5.772199999999999553e-01,5.575400000000000356e-01,5.748799999999999466e-01,5.635900000000000354e-01,5.959799999999999542e-01,5.826599999999999557e-01,5.532599999999999740e-01,5.450300000000000145e-01,0.000000000000000000e+00,5.827400000000000357e-01,5.825299999999999923e-01,5.526799999999999491e-01,5.778400000000000203e-01,5.480699999999999461e-01,5.437600000000000211e-01,5.782000000000000473e-01,5.574200000000000266e-01,5.778400000000000203e-01,5.544000000000000039e-01,5.601599999999999913e-01,5.628100000000000325e-01,5.440000000000000391e-01,5.513000000000000123e-01,5.570599999999999996e-01,0.000000000000000000e+00,0.000000000000000000e+00,0.000000000000000000e+00,0.000000000000000000e+00,0.000000000000000000e+00,0.000000000000000000e+00,5.485799999999999566e-01,5.478199999999999736e-01,0.000000000000000000e+00,0.000000000000000000e+00,0.000000000000000000e+00,0.000000000000000000e+00,5.469100000000000072e-01
0.000000000000000000e+00,0.000000000000000000e+00,0.000000000000000000e+00,5.623599999999999710e-01,5.572599999999999776e-01,5.437100000000000266e-01,5.541199999999999459e-01,5.493599999999999595e-01,0.000000000000000000e+00,5.587499999999999689e-01,0.000000000000000000e+00,5.515700000000000047e-01,5.498899999999999899e-01,5.527800000000000491e-01,0.000000000000000000e+00,0.000000000000000000e+00,0.000000000000000000e+00,5.491000000000000325e-01,0.000000000000000000e+00,0.000000000000000000e+00,0.000000000000000000e+00,0.000000000000000000e+00,0.000000000000000000e+00,0.000000000000000000e+00,0.000000000000000000e+00,0.000000000000000000e+00,0.000000000000000000e+00,5.476900000000000102e-01,0.000000000000000000e+00,0.000000000000000000e+00,0.000000000000000000e+00,0.000000000000000000e+00,5.508800000000000363e-01,0.000000000000000000e+00,5.462000000000000188e-01,5.527400000000000091e-01,5.715099999999999625e-01,5.601399999999999713e-01,0.000000000000000000e+00,5.641599999999999948e-01,0.000000000000000000e+00,5.492399999999999505e-01,5.505200000000000093e-01,5.644400000000000528e-01,5.772800000000000153e-01,0.000000000000000000e+00,0.000000000000000000e+00,0.000000000000000000e+00,5.571599999999999886e-01,5.611000000000000432e-01,0.000000000000000000e+00,5.588800000000000434e-01,5.450500000000000345e-01,0.000000000000000000e+00,5.586400000000000254e-01,0.000000000000000000e+00,5.528699999999999726e-01,0.000000000000000000e+00,5.469300000000000272e-01,5.480300000000000171e-01,0.000000000000000000e+00,0.000000000000000000e+00,5.455600000000000449e-01,0.000000000000000000e+00,0.000000000000000000e+00,0.000000000000000000e+00,0.000000000000000000e+00,0.000000000000000000e+00,0.000000000000000000e+00,0.000000000000000000e+00,0.000000000000000000e+00,0.000000000000000000e+00,0.000000000000000000e+00,0.000000000000000000e+00,0.000000000000000000e+00,0.000000000000000000e+00
5.521599999999999842e-01,5.452099999999999724e-01,0.000000000000000000e+00,5.977999999999999980e-01,5.811300000000000354e-01,5.509199999999999653e-01,5.765099999999999669e-01,5.623500000000000165e-01,0.000000000000000000e+00,5.753800000000000026e-01,5.443400000000000460e-01,5.715599999999999570e-01,5.650800000000000267e-01,5.692000000000000393e-01,5.544700000000000184e-01,5.444999999999999840e-01,0.000000000000000000e+00,5.557299999999999462e-01,5.456999999999999629e-01,0.000000000000000000e+00,5.539899999999999824e-01,0.000000000000000000e+00,0.000000000000000000e+00,5.467999999999999527e-01,5.475799999999999557e-01,5.512500000000000178e-01,0.000000000000000000e+00,5.575200000000000156e-01,0.000000000000000000e+00,0.000000000000000000e+00,5.469600000000000017e-01,5.592799999999999994e-01,5.627400000000000180e-01,5.498699999999999699e-01,5.740800000000000347e-01,5.610500000000000487e-01,5.916799999999999837e-01,5.674000000000000155e-01,5.785900000000000487e-01,5.770399999999999974e-01,0.000000000000000000e+00,5.782399999999999762e-01,5.514599999999999502e-01,5.917400000000000437e-01,5.771699999999999608e-01,5.588300000000000489e-01,5.511200000000000543e-01,0.000000000000000000e+00,5.830999999999999517e-01,5.808100000000000485e-01,5.447899999999999965e-01,5.778100000000000458e-01,5.612700000000000466e-01,0.000000000000000000e+00,5.737700000000000022e-01,5.578400000000000025e-01,5.733200000000000518e-01,5.496999999999999664e-01,5.549300000000000344e-01,5.773300000000000098e-01,0.000000000000000000e+00,5.453700000000000214e-01,5.571399999999999686e-01,0.000000000000000000e+00,0.000000000000000000e+00,5.630899999999999794e-01,0.000000000000000000e+00,0.000000000000000000e+00,5.471099999999999852e-01,5.465200000000000058e-01,5.519699999999999607e-01,0.000000000000000000e+00,0.000000000000000000e+00,0.000000000000000000e+00,0.000000000000000000e+00,0.000000000000000000e+00
