5.871499999999999497e-01,5.554299999999999793e-01,0.000000000000000000e+00,5.530300000000000216e-01,5.813199999999999479e-01,5.624000000000000110e-01,5.898200000000000109e-01,5.530000000000000471e-01,5.531500000000000306e-01,5.486299999999999510e-01,5.727299999999999613e-01,5.707900000000000196e-01,5.768799999999999484e-01,5.606100000000000527e-01,5.630100000000000104e-01,0.000000000000000000e+00,5.420899999999999608e-01,5.564900000000000402e-01,5.444099999999999495e-01,5.591699999999999449e-01,6.018999999999999906e-01,5.456499999999999684e-01,5.561000000000000387e-01,5.843099999999999961e-01,5.569699999999999651e-01,5.608199999999999852e-01,5.587900000000000089e-01,5.563000000000000167e-01,5.555999999999999828e-01,0.000000000000000000e+00,5.660899999999999821e-01,5.949200000000000044e-01,6.056500000000000217e-01,6.047400000000000553e-01,6.054399999999999782e-01,5.821399999999999908e-01,5.704000000000000181e-01,5.786799999999999722e-01,5.916500000000000092e-01,5.941199999999999815e-01,5.990199999999999969e-01,6.011100000000000332e-01,5.589399999999999924e-01,5.618699999999999806e-01,5.835099999999999731e-01,5.873199999999999532e-01,5.484799999999999676e-01,5.508399999999999963e-01,5.533400000000000540e-01,5.930299999999999461e-01,5.800600000000000200e-01,5.890499999999999625e-01,5.770100000000000229e-01,5.780300000000000438e-01,5.618699999999999806e-01,5.781800000000000272e-01,5.829100000000000392e-01,5.892500000000000515e-01,5.759699999999999820e-01,0.000000000000000000e+00,5.672899999999999610e-01,5.924199999999999466e-01,5.759900000000000020e-01,5.513500000000000068e-01,5.502599999999999714e-01,5.642000000000000348e-01,5.632399999999999629e-01,5.561599999999999877e-01,5.831699999999999662e-01,5.580500000000000460e-01,5.630100000000000104e-01,5.502200000000000424e-01,5.639300000000000423e-01,5.508300000000000418e-01,0.000000000000000000e+00,5.654099999999999682e-01
5.554299999999999793e-01,5.457600000000000229e-01,0.000000000000000000e+00,0.000000000000000000e+00,5.635099999999999554e-01,5.519100000000000117e-01,5.664200000000000346e-01,0.000000000000000000e+00,0.000000000000000000e+00,0.000000000000000000e+00,5.563099999999999712e-01,5.497400000000000064e-01,5.551899999999999613e-01,5.567100000000000382e-01,5.440000000000000391e-01,0.000000000000000000e+00,0.000000000000000000e+00,5.422599999999999643e-01,0.000000000000000000e+00,5.455600000000000449e-01,5.645200000000000218e-01,0.000000000000000000e+00,0.000000000000000000e+00,5.565200000000000147e-01,0.000000000000000000e+00,5.448100000000000165e-01,5.500699999999999479e-01,5.421599999999999753e-01,5.422000000000000153e-01,0.000000000000000000e+00,5.447199999999999820e-01,5.675299999999999789e-01,5.827400000000000357e-01,5.797099999999999476e-01,5.805200000000000360e-01,5.674500000000000099e-01,5.640399999999999858e-01,5.670300000000000340e-01,5.596499999999999808e-01,5.705500000000000016e-01,5.754500000000000171e-01,5.755900000000000460e-01,5.582599999999999785e-01,5.552200000000000468e-01,5.664799999999999836e-01,5.565200000000000147e-01,0.000000000000000000e+00,0.000000000000000000e+00,5.510000000000000453e-01,5.709499999999999575e-01,5.594799999999999773e-01,5.718499999999999694e-01,5.622399999999999620e-01,5.587299999999999489e-01,5.442000000000000171e-01,5.570199999999999596e-01,5.538199999999999790e-01,5.647499999999999742e-01,5.616900000000000226e-01,0.000000000000000000e+00,5.528499999999999526e-01,5.721100000000000074e-01,5.543900000000000494e-01,0.000000000000000000e+00,0.000000000000000000e+00,0.000000000000000000e+00,5.492000000000000215e-01,0.000000000000000000e+00,5.573900000000000521e-01,5.455799999999999539e-01,5.471000000000000307e-01,0.000000000000000000e+00,5.516499999999999737e-01,0.000000000000000000e+00,0.000000000000000000e+00,5.512799999999999923e-01
0.000000000000000000e+00,0.000000000000000000e+00,0.000000000000000000e+00,0.000000000000000000e+00,0.000000000000000000e+00,0.000000000000000000e+00,0.000000000000000000e+00,0.000000000000000000e+00,0.000000000000000000e+00,0.000000000000000000e+00,0.000000000000000000e+00,0.000000000000000000e+00,0.000000000000000000e+00,0.000000000000000000e+00,0.000000000000000000e+00,0.000000000000000000e+00,0.000000000000000000e+00,0.000000000000000000e+00,0.000000000000000000e+00,0.000000000000000000e+00,0.000000000000000000e+00,0.000000000000000000e+00,0.000000000000000000e+00,0.000000000000000000e+00,0.000000000000000000e+00,0.000000000000000000e+00,0.000000000000000000e+00,0.000000000000000000e+00,0.000000000000000000e+00,0.000000000000000000e+00,0.000000000000000000e+00,0.000000000000000000e+00,5.467800000000000438e-01,0.000000000000000000e+00,0.000000000000000000e+00,0.000000000000000000e+00,0.000000000000000000e+00,0.000000000000000000e+00,0.000000000000000000e+00,0.000000000000000000e+00,5.455100000000000504e-01,5.467600000000000238e-01,0.000000000000000000e+00,0.000000000000000000e+00,0.000000000000000000e+00,0.000000000000000000e+00,0.000000000000000000e+00,0.000000000000000000e+00,0.000000000000000000e+00,0.000000000000000000e+00,0.000000000000000000e+00,0.000000000000000000e+00,0.000000000000000000e+00,0.000000000000000000e+00,0.000000000000000000e+00,0.000000000000000000e+00,0.000000000000000000e+00,0.000000000000000000e+00,0.000000000000000000e+00,0.000000000000000000e+00,0.000000000000000000e+00,0.000000000000000000e+00,0.000000000000000000e+00,0.000000000000000000e+00,0.000000000000000000e+00,0.000000000000000000e+00,0.000000000000000000e+00,0.000000000000000000e+00,0.000000000000000000e+00,0.000000000000000000e+00,0.000000000000000000e+00,0.000000000000000000e+00,0.000000000000000000e+00,0.000000000000000000e+00,0.000000000000000000e+00,0.000000000000000000e+00
5.530300000000000216e-01,0.000000000000000000e+00,0.000000000000000000e+00,5.568300000000000471e-01,5.684900000000000508e-01,5.483900000000000441e-01,5.727100000000000524e-01,0.000000000000000000e+00,5.443900000000000405e-01,0.000000000000000000e+00,5.588300000000000489e-01,5.479600000000000026e-01,5.633200000000000429e-01,5.612500000000000266e-01,0.000000000000000000e+00,0.000000000000000000e+00,0.000000000000000000e+00,5.424200000000000133e-01,0.000000000000000000e+00,5.475900000000000212e-01,5.564200000000000257e-01,0.000000000000000000e+00,0.000000000000000000e+00,5.476999999999999647e-01,0.000000000000000000e+00,5.428800000000000292e-01,5.499899999999999789e-01,5.485100000000000531e-01,5.432200000000000362e-01,0.000000000000000000e+00,5.477600000000000247e-01,5.666600000000000525e-01,5.818900000000000183e-01,5.813700000000000534e-01,5.794500000000000206e-01,5.730399999999999938e-01,5.645799999999999708e-01,5.644299999999999873e-01,5.618300000000000516e-01,5.623899999999999455e-01,5.732000000000000428e-01,5.736499999999999932e-01,5.621399999999999730e-01,5.578699999999999770e-01,5.681599999999999984e-01,5.561500000000000332e-01,0.000000000000000000e+00,0.000000000000000000e+00,5.439399999999999791e-01,5.698499999999999677e-01,5.626400000000000290e-01,5.745999999999999996e-01,5.608400000000000052e-01,5.596299999999999608e-01,5.482500000000000151e-01,5.590000000000000524e-01,5.568999999999999506e-01,5.717900000000000205e-01,5.667100000000000470e-01,0.000000000000000000e+00,5.543500000000000094e-01,5.838499999999999801e-01,5.547800000000000509e-01,0.000000000000000000e+00,0.000000000000000000e+00,0.000000000000000000e+00,5.507699999999999818e-01,0.000000000000000000e+00,5.585700000000000109e-01,5.484099999999999531e-01,5.476600000000000357e-01,0.000000000000000000e+00,5.528699999999999726e-01,0.000000000000000000e+00,0.000000000000000000e+00,5.521700000000000497e-01
5.813199999999999479e-01,5.635099999999999554e-01,0.000000000000000000e+00,5.684900000000000508e-01,5.980299999999999505e-01,5.714200000000000390e-01,6.007200000000000317e-01,5.512500000000000178e-01,5.631399999999999739e-01,5.608300000000000507e-01,5.842399999999999816e-01,5.704700000000000326e-01,5.851499999999999480e-01,5.809499999999999664e-01,5.580199999999999605e-01,0.000000000000000000e+00,5.542399999999999549e-01,5.637699999999999934e-01,5.444400000000000350e-01,5.659100000000000241e-01,5.869199999999999973e-01,5.498199999999999754e-01,5.535200000000000120e-01,5.732300000000000173e-01,5.615400000000000391e-01,5.644099999999999673e-01,5.692899999999999627e-01,5.678299999999999459e-01,5.639600000000000168e-01,5.439699999999999536e-01,5.679699999999999749e-01,6.032199999999999784e-01,6.175800000000000178e-01,6.089799999999999658e-01,6.083199999999999719e-01,6.000199999999999978e-01,5.930900000000000061e-01,5.878799999999999581e-01,5.998299999999999743e-01,5.937400000000000455e-01,6.038200000000000234e-01,5.996000000000000218e-01,5.951699999999999768e-01,5.830899999999999972e-01,5.823500000000000343e-01,5.829400000000000137e-01,5.563900000000000512e-01,5.443700000000000205e-01,5.624799999999999800e-01,6.063100000000000156e-01,5.847999999999999865e-01,6.030699999999999950e-01,5.864700000000000468e-01,5.851899999999999880e-01,5.750199999999999756e-01,5.854800000000000004e-01,5.776700000000000168e-01,5.979799999999999560e-01,5.997599999999999598e-01,5.424400000000000333e-01,5.785599999999999632e-01,6.108599999999999586e-01,5.833099999999999952e-01,5.538899999999999935e-01,5.533700000000000285e-01,5.633500000000000174e-01,5.694700000000000317e-01,5.581000000000000405e-01,5.775599999999999623e-01,5.715099999999999625e-01,5.688299999999999468e-01,5.542700000000000404e-01,5.757299999999999640e-01,5.536100000000000465e-01,5.567499999999999671e-01,5.709699999999999775e-01
5.624000000000000110e-01,5.519100000000000117e-01,0.000000000000000000e+00,5.483900000000000441e-01,5.714200000000000390e-01,5.549600000000000088e-01,5.783300000000000107e-01,5.484700000000000131e-01,5.510899999999999688e-01,5.447600000000000220e-01,5.604200000000000292e-01,5.545999999999999819e-01,5.681699999999999529e-01,5.566299999999999581e-01,5.431500000000000217e-01,0.000000000000000000e+00,0.000000000000000000e+00,5.451099999999999834e-01,0.000000000000000000e+00,5.569800000000000306e-01,5.667699999999999960e-01,5.433999999999999941e-01,5.470199999999999507e-01,5.597999999999999643e-01,5.497100000000000319e-01,5.509899999999999798e-01,5.565799999999999637e-01,5.535099999999999465e-01,5.526900000000000146e-01,0.000000000000000000e+00,5.520599999999999952e-01,5.799699999999999855e-01,5.885599999999999721e-01,5.835000000000000187e-01,5.892800000000000260e-01,5.701000000000000512e-01,5.712000000000000410e-01,5.640800000000000258e-01,5.754399999999999515e-01,5.774700000000000388e-01,5.820499999999999563e-01,5.786999999999999922e-01,5.721600000000000019e-01,5.734299999999999953e-01,5.724399999999999489e-01,5.639999999999999458e-01,5.463200000000000278e-01,0.000000000000000000e+00,5.604099999999999637e-01,5.815399999999999459e-01,5.741199999999999637e-01,5.802300000000000235e-01,5.730899999999999883e-01,5.693200000000000482e-01,5.477199999999999847e-01,5.650500000000000522e-01,5.572000000000000286e-01,5.756000000000000005e-01,5.791600000000000081e-01,0.000000000000000000e+00,5.608400000000000052e-01,5.764899999999999469e-01,5.661199999999999566e-01,0.000000000000000000e+00,5.468300000000000383e-01,0.000000000000000000e+00,5.597699999999999898e-01,5.460700000000000554e-01,5.617999999999999661e-01,5.548199999999999799e-01,5.535799999999999610e-01,5.462700000000000333e-01,5.589300000000000379e-01,5.453299999999999814e-01,0.000000000000000000e+00,5.573299999999999921e-01
5.898200000000000109e-01,5.664200000000000346e-01,0.000000000000000000e+00,5.727100000000000524e-01,6.007200000000000317e-01,5.783300000000000107e-01,6.052100000000000257e-01,5.594900000000000428e-01,5.680899999999999839e-01,5.631199999999999539e-01,5.859199999999999964e-01,5.783800000000000052e-01,5.918900000000000272e-01,5.835299999999999931e-01,5.619899999999999896e-01,0.000000000000000000e+00,5.585099999999999509e-01,5.669999999999999485e-01,5.490000000000000435e-01,5.724299999999999944e-01,5.946900000000000519e-01,5.556900000000000173e-01,5.611399999999999721e-01,5.822399999999999798e-01,5.668999999999999595e-01,5.705799999999999761e-01,5.746999999999999886e-01,5.744599999999999707e-01,5.704700000000000326e-01,5.470099999999999962e-01,5.749300000000000521e-01,6.102300000000000502e-01,6.217000000000000304e-01,6.171999999999999709e-01,6.178200000000000358e-01,6.013300000000000312e-01,5.987700000000000244e-01,5.893300000000000205e-01,6.082699999999999774e-01,6.035199999999999454e-01,6.126800000000000024e-01,6.080900000000000194e-01,5.942800000000000304e-01,5.949600000000000444e-01,5.915700000000000403e-01,5.929799999999999516e-01,5.618600000000000261e-01,5.525600000000000511e-01,5.716400000000000370e-01,6.107900000000000551e-01,5.928999999999999826e-01,6.074100000000000055e-01,5.959999999999999742e-01,5.903399999999999759e-01,5.773500000000000298e-01,5.908799999999999608e-01,5.871300000000000407e-01,6.034399999999999764e-01,6.034899999999999709e-01,5.467999999999999527e-01,5.798900000000000166e-01,6.102199999999999847e-01,5.886500000000000066e-01,5.584000000000000075e-01,5.582799999999999985e-01,5.672399999999999665e-01,5.754000000000000226e-01,5.642800000000000038e-01,5.862699999999999578e-01,5.755400000000000515e-01,5.749800000000000466e-01,5.597299999999999498e-01,5.813500000000000334e-01,5.606700000000000017e-01,5.567699999999999871e-01,5.774099999999999788e-01
5.530000000000000471e-01,0.000000000000000000e+00,0.000000000000000000e+00,0.000000000000000000e+00,5.512500000000000178e-01,5.484700000000000131e-01,5.594900000000000428e-01,5.461899999999999533e-01,0.000000000000000000e+00,0.000000000000000000e+00,5.505900000000000238e-01,5.520500000000000407e-01,5.504499999999999948e-01,0.000000000000000000e+00,0.000000000000000000e+00,0.000000000000000000e+00,0.000000000000000000e+00,0.000000000000000000e+00,0.000000000000000000e+00,0.000000000000000000e+00,5.569300000000000361e-01,0.000000000000000000e+00,0.000000000000000000e+00,5.511899999999999578e-01,0.000000000000000000e+00,5.434600000000000541e-01,5.445299999999999585e-01,0.000000000000000000e+00,0.000000000000000000e+00,0.000000000000000000e+00,0.000000000000000000e+00,5.583299999999999930e-01,5.684399999999999453e-01,5.545700000000000074e-01,5.636100000000000554e-01,5.473400000000000487e-01,5.510099999999999998e-01,0.000000000000000000e+00,5.532000000000000250e-01,5.663300000000000001e-01,5.655799999999999716e-01,5.600100000000000078e-01,0.000000000000000000e+00,5.563200000000000367e-01,5.608400000000000052e-01,5.538300000000000445e-01,0.000000000000000000e+00,0.000000000000000000e+00,5.547699999999999854e-01,5.659300000000000441e-01,5.522200000000000442e-01,5.644400000000000528e-01,5.554999999999999938e-01,5.508899999999999908e-01,0.000000000000000000e+00,5.465999999999999748e-01,5.536299999999999555e-01,5.588800000000000434e-01,5.565600000000000547e-01,0.000000000000000000e+00,0.000000000000000000e+00,5.505999999999999783e-01,5.472099999999999742e-01,0.000000000000000000e+00,0.000000000000000000e+00,0.000000000000000000e+00,0.000000000000000000e+00,0.000000000000000000e+00,0.000000000000000000e+00,0.000000000000000000e+00,0.000000000000000000e+00,0.000000000000000000e+00,5.451599999999999779e-01,0.000000000000000000e+00,0.000000000000000000e+00,5.437999999999999501e-01
5.531500000000000306e-01,0.000000000000000000e+00,0.000000000000000000e+00,5.443900000000000405e-01,5.631399999999999739e-01,5.510899999999999688e-01,5.680899999999999839e-01,0.000000000000000000e+00,0.000000000000000000e+00,0.000000000000000000e+00,5.543799999999999839e-01,5.451500000000000234e-01,5.569600000000000106e-01,5.542099999999999804e-01,0.000000000000000000e+00,0.000000000000000000e+00,0.000000000000000000e+00,0.000000000000000000e+00,0.000000000000000000e+00,5.468100000000000183e-01,5.543299999999999894e-01,0.000000000000000000e+00,0.000000000000000000e+00,5.479600000000000026e-01,5.430500000000000327e-01,5.428899999999999837e-01,5.483700000000000241e-01,5.440199999999999481e-01,5.435799999999999521e-01,0.000000000000000000e+00,5.432799999999999851e-01,5.635599999999999499e-01,5.753099999999999881e-01,5.741000000000000547e-01,5.724500000000000144e-01,5.679499999999999549e-01,5.624000000000000110e-01,5.555999999999999828e-01,5.583200000000000385e-01,5.675299999999999789e-01,5.676099999999999479e-01,5.629300000000000415e-01,5.636600000000000499e-01,5.473400000000000487e-01,5.549100000000000144e-01,5.522299999999999986e-01,0.000000000000000000e+00,0.000000000000000000e+00,5.453299999999999814e-01,5.730699999999999683e-01,5.620399999999999840e-01,5.724099999999999744e-01,5.586799999999999544e-01,5.612599999999999811e-01,5.420800000000000063e-01,5.564099999999999602e-01,5.484900000000000331e-01,5.678199999999999914e-01,5.683300000000000018e-01,0.000000000000000000e+00,5.512700000000000378e-01,5.677699999999999969e-01,5.578699999999999770e-01,0.000000000000000000e+00,0.000000000000000000e+00,0.000000000000000000e+00,5.505799999999999583e-01,0.000000000000000000e+00,5.498199999999999754e-01,5.470800000000000107e-01,5.438499999999999446e-01,0.000000000000000000e+00,5.512599999999999723e-01,0.000000000000000000e+00,0.000000000000000000e+00,5.473000000000000087e-01
5.486299999999999510e-01,0.000000000000000000e+00,0.000000000000000000e+00,0.000000000000000000e+00,5.608300000000000507e-01,5.447600000000000220e-01,5.631199999999999539e-01,0.000000000000000000e+00,0.000000000000000000e+00,0.000000000000000000e+00,5.550000000000000488e-01,5.458399999999999919e-01,5.516999999999999682e-01,5.492899999999999450e-01,0.000000000000000000e+00,0.000000000000000000e+00,0.000000000000000000e+00,0.000000000000000000e+00,0.000000000000000000e+00,0.000000000000000000e+00,5.517800000000000482e-01,0.000000000000000000e+00,0.000000000000000000e+00,5.452700000000000324e-01,0.000000000000000000e+00,0.000000000000000000e+00,0.000000000000000000e+00,0.000000000000000000e+00,0.000000000000000000e+00,0.000000000000000000e+00,0.000000000000000000e+00,5.559500000000000552e-01,5.706299999999999706e-01,5.630699999999999594e-01,5.633099999999999774e-01,5.594400000000000484e-01,5.555200000000000138e-01,5.490099999999999980e-01,5.549199999999999688e-01,5.669899999999999940e-01,5.629800000000000360e-01,5.594900000000000428e-01,5.569300000000000361e-01,5.494799999999999685e-01,5.496499999999999719e-01,5.491599999999999815e-01,0.000000000000000000e+00,0.000000000000000000e+00,5.446699999999999875e-01,5.657999999999999696e-01,5.502899999999999459e-01,5.665299999999999780e-01,5.539699999999999624e-01,5.492399999999999505e-01,5.471300000000000052e-01,5.501599999999999824e-01,5.520300000000000207e-01,5.621199999999999530e-01,5.631500000000000394e-01,0.000000000000000000e+00,0.000000000000000000e+00,5.664700000000000291e-01,5.494799999999999685e-01,0.000000000000000000e+00,0.000000000000000000e+00,0.000000000000000000e+00,0.000000000000000000e+00,0.000000000000000000e+00,0.000000000000000000e+00,0.000000000000000000e+00,0.000000000000000000e+00,0.000000000000000000e+00,5.480699999999999461e-01,0.000000000000000000e+00,0.000000000000000000e+00,5.422099999999999698e-01
5.727299999999999613e-01,5.563099999999999712e-01,0.000000000000000000e+00,5.588300000000000489e-01,5.842399999999999816e-01,5.604200000000000292e-01,5.859199999999999964e-01,5.505900000000000238e-01,5.543799999999999839e-01,5.550000000000000488e-01,5.729899999999999993e-01,5.609100000000000197e-01,5.703599999999999781e-01,5.707499999999999796e-01,5.477800000000000447e-01,0.000000000000000000e+00,5.486199999999999966e-01,5.483999999999999986e-01,0.000000000000000000e+00,5.538999999999999480e-01,5.763200000000000545e-01,5.419100000000000028e-01,5.480399999999999716e-01,5.637199999999999989e-01,5.534900000000000375e-01,5.563900000000000512e-01,5.598400000000000043e-01,5.565200000000000147e-01,5.522500000000000187e-01,0.000000000000000000e+00,5.563399999999999457e-01,5.808799999999999519e-01,5.968999999999999861e-01,5.876200000000000312e-01,5.873300000000000187e-01,5.853000000000000425e-01,5.796499999999999986e-01,5.707699999999999996e-01,5.748400000000000176e-01,5.800199999999999800e-01,5.874200000000000532e-01,5.809199999999999919e-01,5.811300000000000354e-01,5.690499999999999448e-01,5.700899999999999856e-01,5.715000000000000080e-01,5.459399999999999809e-01,0.000000000000000000e+00,5.588699999999999779e-01,5.909400000000000208e-01,5.705000000000000071e-01,5.901600000000000179e-01,5.755099999999999660e-01,5.720499999999999474e-01,5.634500000000000064e-01,5.735799999999999788e-01,5.656799999999999606e-01,5.833800000000000097e-01,5.877200000000000202e-01,0.000000000000000000e+00,5.639800000000000368e-01,5.924899999999999611e-01,5.689199999999999813e-01,5.452900000000000524e-01,5.445200000000000040e-01,5.532000000000000250e-01,5.593000000000000194e-01,5.473900000000000432e-01,5.626999999999999780e-01,5.597900000000000098e-01,5.579300000000000370e-01,5.466299999999999493e-01,5.644599999999999618e-01,5.448199999999999710e-01,5.462700000000000333e-01,5.610199999999999632e-01
5.707900000000000196e-01,5.497400000000000064e-01,0.000000000000000000e+00,5.479600000000000026e-01,5.704700000000000326e-01,5.545999999999999819e-01,5.783800000000000052e-01,5.520500000000000407e-01,5.451500000000000234e-01,5.458399999999999919e-01,5.609100000000000197e-01,5.765200000000000324e-01,5.679699999999999749e-01,5.503599999999999604e-01,0.000000000000000000e+00,0.000000000000000000e+00,0.000000000000000000e+00,5.472299999999999942e-01,0.000000000000000000e+00,5.456600000000000339e-01,5.750399999999999956e-01,0.000000000000000000e+00,5.422400000000000553e-01,5.684700000000000308e-01,5.478199999999999736e-01,5.555999999999999828e-01,5.500399999999999734e-01,5.492700000000000360e-01,5.483500000000000041e-01,0.000000000000000000e+00,5.582799999999999985e-01,5.822500000000000453e-01,5.983800000000000230e-01,5.960499999999999687e-01,6.010600000000000387e-01,5.633899999999999464e-01,5.648999999999999577e-01,5.638600000000000279e-01,5.721500000000000474e-01,5.934500000000000330e-01,5.880900000000000016e-01,5.849900000000000100e-01,5.431799999999999962e-01,5.655200000000000227e-01,5.737400000000000277e-01,5.661199999999999566e-01,0.000000000000000000e+00,0.000000000000000000e+00,5.562599999999999767e-01,5.754500000000000171e-01,5.697900000000000187e-01,5.808799999999999519e-01,5.685799999999999743e-01,5.654900000000000482e-01,5.529300000000000326e-01,5.677999999999999714e-01,5.823099999999999943e-01,5.793800000000000061e-01,5.655200000000000227e-01,0.000000000000000000e+00,5.525299999999999656e-01,5.704500000000000126e-01,5.661800000000000166e-01,0.000000000000000000e+00,0.000000000000000000e+00,5.440199999999999481e-01,5.527800000000000491e-01,5.437199999999999811e-01,5.525900000000000256e-01,5.489500000000000490e-01,5.516400000000000192e-01,0.000000000000000000e+00,5.591599999999999904e-01,0.000000000000000000e+00,0.000000000000000000e+00,5.548899999999999944e-01
5.768799999999999484e-01,5.551899999999999613e-01,0.000000000000000000e+00,5.633200000000000429e-01,5.851499999999999480e-01,5.681699999999999529e-01,5.918900000000000272e-01,5.504499999999999948e-01,5.569600000000000106e-01,5.516999999999999682e-01,5.703599999999999781e-01,5.679699999999999749e-01,5.801399999999999890e-01,5.692000000000000393e-01,5.500099999999999989e-01,0.000000000000000000e+00,5.472299999999999942e-01,5.560000000000000497e-01,0.000000000000000000e+00,5.626999999999999780e-01,5.793099999999999916e-01,5.477899999999999991e-01,5.516100000000000447e-01,5.677699999999999969e-01,5.589100000000000179e-01,5.597299999999999498e-01,5.652000000000000357e-01,5.626200000000000090e-01,5.616400000000000281e-01,0.000000000000000000e+00,5.644900000000000473e-01,5.936599999999999655e-01,6.016700000000000381e-01,5.979900000000000215e-01,6.004899999999999682e-01,5.850400000000000045e-01,5.827299999999999702e-01,5.728699999999999903e-01,5.900600000000000289e-01,5.932500000000000551e-01,5.926299999999999901e-01,5.906700000000000284e-01,5.811300000000000354e-01,5.793700000000000516e-01,5.791100000000000136e-01,5.757799999999999585e-01,5.517400000000000082e-01,0.000000000000000000e+00,5.636799999999999589e-01,5.952699999999999658e-01,5.802199999999999580e-01,5.944000000000000394e-01,5.786400000000000432e-01,5.788999999999999702e-01,5.630600000000000049e-01,5.751899999999999791e-01,5.745000000000000107e-01,5.907599999999999518e-01,5.886299999999999866e-01,0.000000000000000000e+00,5.712300000000000155e-01,5.908200000000000118e-01,5.783700000000000507e-01,5.453900000000000414e-01,5.491500000000000270e-01,5.516600000000000392e-01,5.663799999999999946e-01,5.512899999999999467e-01,5.694200000000000372e-01,5.646400000000000308e-01,5.627100000000000435e-01,5.521599999999999842e-01,5.711000000000000520e-01,5.521099999999999897e-01,5.506999999999999673e-01,5.677100000000000479e-01
5.606200000000000072e-01,5.567100000000000382e-01,0.000000000000000000e+00,5.612500000000000266e-01,5.809499999999999664e-01,5.566299999999999581e-01,5.835299999999999931e-01,0.000000000000000000e+00,5.542099999999999804e-01,5.492899999999999450e-01,5.707499999999999796e-01,5.503599999999999604e-01,5.692000000000000393e-01,5.571199999999999486e-01,5.487300000000000511e-01,0.000000000000000000e+00,5.473000000000000087e-01,5.483099999999999641e-01,0.000000000000000000e+00,5.562099999999999822e-01,5.686799999999999633e-01,0.000000000000000000e+00,5.418399999999999883e-01,5.578400000000000025e-01,5.488300000000000400e-01,5.481200000000000516e-01,5.589399999999999924e-01,5.564700000000000202e-01,5.507400000000000073e-01,0.000000000000000000e+00,5.522299999999999986e-01,5.807600000000000540e-01,5.970699999999999896e-01,5.799699999999999855e-01,5.852699999999999569e-01,5.782399999999999762e-01,5.816200000000000259e-01,5.763300000000000090e-01,5.818499999999999783e-01,5.651899999999999702e-01,5.800499999999999545e-01,5.840899999999999981e-01,5.891399999999999970e-01,5.777799999999999603e-01,5.713799999999999990e-01,5.671300000000000230e-01,5.475600000000000467e-01,0.000000000000000000e+00,5.563000000000000167e-01,5.873199999999999532e-01,5.687699999999999978e-01,5.853800000000000114e-01,5.741199999999999637e-01,5.671399999999999775e-01,5.597999999999999643e-01,5.683000000000000274e-01,5.587100000000000399e-01,5.780699999999999728e-01,5.902300000000000324e-01,0.000000000000000000e+00,5.658300000000000551e-01,5.957599999999999563e-01,5.684900000000000508e-01,0.000000000000000000e+00,5.428300000000000347e-01,5.479899999999999771e-01,5.568499999999999561e-01,5.441500000000000226e-01,5.604200000000000292e-01,5.593399999999999483e-01,5.554299999999999793e-01,0.000000000000000000e+00,5.575599999999999445e-01,0.000000000000000000e+00,5.429300000000000237e-01,5.576699999999999990e-01
5.630100000000000104e-01,5.440000000000000391e-01,0.000000000000000000e+00,0.000000000000000000e+00,5.580199999999999605e-01,5.431500000000000217e-01,5.619899999999999896e-01,0.000000000000000000e+00,0.000000000000000000e+00,0.000000000000000000e+00,5.477800000000000447e-01,0.000000000000000000e+00,5.500099999999999989e-01,5.487300000000000511e-01,5.433900000000000396e-01,0.000000000000000000e+00,0.000000000000000000e+00,0.000000000000000000e+00,0.000000000000000000e+00,5.443400000000000460e-01,5.629499999999999504e-01,0.000000000000000000e+00,0.000000000000000000e+00,5.571700000000000541e-01,0.000000000000000000e+00,0.000000000000000000e+00,5.442500000000000115e-01,5.424499999999999877e-01,0.000000000000000000e+00,0.000000000000000000e+00,0.000000000000000000e+00,5.564099999999999602e-01,5.780800000000000383e-01,5.738299999999999512e-01,5.679800000000000404e-01,5.586999999999999744e-01,5.534900000000000375e-01,5.557999999999999607e-01,5.567999999999999616e-01,5.644500000000000073e-01,5.777799999999999603e-01,5.758799999999999475e-01,5.529899999999999816e-01,5.477199999999999847e-01,5.600300000000000278e-01,5.616799999999999571e-01,0.000000000000000000e+00,0.000000000000000000e+00,5.420099999999999918e-01,5.648199999999999887e-01,5.562399999999999567e-01,5.616700000000000026e-01,5.564299999999999802e-01,5.502399999999999514e-01,0.000000000000000000e+00,5.500300000000000189e-01,5.452900000000000524e-01,5.563599999999999657e-01,5.623099999999999765e-01,0.000000000000000000e+00,5.445200000000000040e-01,5.587900000000000089e-01,5.444400000000000350e-01,0.000000000000000000e+00,0.000000000000000000e+00,0.000000000000000000e+00,5.430700000000000527e-01,0.000000000000000000e+00,5.600399999999999823e-01,0.000000000000000000e+00,5.446499999999999675e-01,0.000000000000000000e+00,0.000000000000000000e+00,0.000000000000000000e+00,0.000000000000000000e+00,5.450500000000000345e-01
0.000000000000000000e+00,0.000000000000000000e+00,0.000000000000000000e+00,0.000000000000000000e+00,0.000000000000000000e+00,0.000000000000000000e+00,0.000000000000000000e+00,0.000000000000000000e+00,0.000000000000000000e+00,0.000000000000000000e+00,0.000000000000000000e+00,0.000000000000000000e+00,0.000000000000000000e+00,0.000000000000000000e+00,0.000000000000000000e+00,0.000000000000000000e+00,0.000000000000000000e+00,0.000000000000000000e+00,0.000000000000000000e+00,0.000000000000000000e+00,0.000000000000000000e+00,0.000000000000000000e+00,0.000000000000000000e+00,0.000000000000000000e+00,0.000000000000000000e+00,0.000000000000000000e+00,0.000000000000000000e+00,0.000000000000000000e+00,0.000000000000000000e+00,0.000000000000000000e+00,0.000000000000000000e+00,5.420399999999999663e-01,0.000000000000000000e+00,0.000000000000000000e+00,0.000000000000000000e+00,0.000000000000000000e+00,0.000000000000000000e+00,0.000000000000000000e+00,0.000000000000000000e+00,0.000000000000000000e+00,0.000000000000000000e+00,0.000000000000000000e+00,5.430599999999999872e-01,5.488499999999999490e-01,0.000000000000000000e+00,0.000000000000000000e+00,0.000000000000000000e+00,0.000000000000000000e+00,0.000000000000000000e+00,5.480099999999999971e-01,0.000000000000000000e+00,5.445499999999999785e-01,0.000000000000000000e+00,0.000000000000000000e+00,0.000000000000000000e+00,0.000000000000000000e+00,0.000000000000000000e+00,0.000000000000000000e+00,5.431399999999999562e-01,0.000000000000000000e+00,0.000000000000000000e+00,5.418699999999999628e-01,0.000000000000000000e+00,0.000000000000000000e+00,0.000000000000000000e+00,0.000000000000000000e+00,0.000000000000000000e+00,0.000000000000000000e+00,0.000000000000000000e+00,0.000000000000000000e+00,0.000000000000000000e+00,0.000000000000000000e+00,0.000000000000000000e+00,0.000000000000000000e+00,0.000000000000000000e+00,0.000000000000000000e+00
5.420899999999999608e-01,0.000000000000000000e+00,0.000000000000000000e+00,0.000000000000000000e+00,5.542399999999999549e-01,0.000000000000000000e+00,5.585099999999999509e-01,0.000000000000000000e+00,0.000000000000000000e+00,0.000000000000000000e+00,5.486199999999999966e-01,0.000000000000000000e+00,5.472299999999999942e-01,5.473000000000000087e-01,0.000000000000000000e+00,0.000000000000000000e+00,0.000000000000000000e+00,0.000000000000000000e+00,0.000000000000000000e+00,0.000000000000000000e+00,0.000000000000000000e+00,0.000000000000000000e+00,0.000000000000000000e+00,0.000000000000000000e+00,0.000000000000000000e+00,0.000000000000000000e+00,0.000000000000000000e+00,0.000000000000000000e+00,0.000000000000000000e+00,0.000000000000000000e+00,0.000000000000000000e+00,5.491500000000000270e-01,5.530500000000000416e-01,5.460800000000000098e-01,5.489300000000000290e-01,5.526900000000000146e-01,5.512000000000000233e-01,0.000000000000000000e+00,5.488199999999999745e-01,5.554299999999999793e-01,5.496999999999999664e-01,5.429399999999999782e-01,5.579899999999999860e-01,5.541300000000000114e-01,5.423000000000000043e-01,5.462399999999999478e-01,0.000000000000000000e+00,0.000000000000000000e+00,0.000000000000000000e+00,5.645400000000000418e-01,0.000000000000000000e+00,5.611599999999999921e-01,5.457499999999999574e-01,5.438300000000000356e-01,5.423900000000000388e-01,5.426600000000000312e-01,0.000000000000000000e+00,5.539899999999999824e-01,5.612099999999999866e-01,0.000000000000000000e+00,0.000000000000000000e+00,5.564099999999999602e-01,5.431500000000000217e-01,0.000000000000000000e+00,0.000000000000000000e+00,0.000000000000000000e+00,0.000000000000000000e+00,0.000000000000000000e+00,0.000000000000000000e+00,0.000000000000000000e+00,0.000000000000000000e+00,0.000000000000000000e+00,5.457499999999999574e-01,0.000000000000000000e+00,0.000000000000000000e+00,0.000000000000000000e+00
5.564900000000000402e-01,5.422599999999999643e-01,0.000000000000000000e+00,5.424200000000000133e-01,5.637699999999999934e-01,5.451099999999999834e-01,5.669999999999999485e-01,0.000000000000000000e+00,0.000000000000000000e+00,0.000000000000000000e+00,5.483999999999999986e-01,5.472299999999999942e-01,5.560000000000000497e-01,5.483099999999999641e-01,0.000000000000000000e+00,0.000000000000000000e+00,0.000000000000000000e+00,0.000000000000000000e+00,0.000000000000000000e+00,0.000000000000000000e+00,5.602000000000000313e-01,0.000000000000000000e+00,0.000000000000000000e+00,5.498600000000000154e-01,0.000000000000000000e+00,0.000000000000000000e+00,5.431300000000000017e-01,5.430599999999999872e-01,0.000000000000000000e+00,0.000000000000000000e+00,5.418600000000000083e-01,5.637100000000000444e-01,5.777299999999999658e-01,5.727100000000000524e-01,5.734200000000000408e-01,5.613500000000000156e-01,5.604099999999999637e-01,5.494200000000000195e-01,5.608499999999999597e-01,5.613599999999999701e-01,5.706299999999999706e-01,5.654799999999999827e-01,5.596400000000000263e-01,5.614400000000000501e-01,5.544000000000000039e-01,5.568199999999999816e-01,0.000000000000000000e+00,0.000000000000000000e+00,5.445499999999999785e-01,5.705299999999999816e-01,5.534900000000000375e-01,5.677799999999999514e-01,5.565799999999999637e-01,5.516799999999999482e-01,5.424999999999999822e-01,5.538100000000000245e-01,5.518800000000000372e-01,5.626900000000000235e-01,5.663599999999999746e-01,0.000000000000000000e+00,5.484999999999999876e-01,5.677799999999999514e-01,5.511800000000000033e-01,0.000000000000000000e+00,0.000000000000000000e+00,0.000000000000000000e+00,0.000000000000000000e+00,0.000000000000000000e+00,5.450500000000000345e-01,0.000000000000000000e+00,0.000000000000000000e+00,0.000000000000000000e+00,5.472599999999999687e-01,0.000000000000000000e+00,0.000000000000000000e+00,5.445499999999999785e-01
5.444099999999999495e-01,0.000000000000000000e+00,0.000000000000000000e+00,0.000000000000000000e+00,5.444400000000000350e-01,0.000000000000000000e+00,5.490000000000000435e-01,0.000000000000000000e+00,0.000000000000000000e+00,0.000000000000000000e+00,0.000000000000000000e+00,0.000000000000000000e+00,0.000000000000000000e+00,0.000000000000000000e+00,0.000000000000000000e+00,0.000000000000000000e+00,0.000000000000000000e+00,0.000000000000000000e+00,0.000000000000000000e+00,0.000000000000000000e+00,5.477899999999999991e-01,0.000000000000000000e+00,0.000000000000000000e+00,0.000000000000000000e+00,0.000000000000000000e+00,0.000000000000000000e+00,0.000000000000000000e+00,0.000000000000000000e+00,0.000000000000000000e+00,0.000000000000000000e+00,0.000000000000000000e+00,0.000000000000000000e+00,5.588499999999999579e-01,5.528899999999999926e-01,5.521899999999999586e-01,5.471899999999999542e-01,5.424600000000000533e-01,5.440700000000000536e-01,0.000000000000000000e+00,5.438300000000000356e-01,5.547600000000000309e-01,5.513099999999999667e-01,0.000000000000000000e+00,0.000000000000000000e+00,0.000000000000000000e+00,0.000000000000000000e+00,0.000000000000000000e+00,0.000000000000000000e+00,0.000000000000000000e+00,5.531099999999999905e-01,5.456600000000000339e-01,5.517300000000000537e-01,5.450800000000000090e-01,5.431899999999999507e-01,0.000000000000000000e+00,0.000000000000000000e+00,0.000000000000000000e+00,5.492299999999999960e-01,5.490500000000000380e-01,0.000000000000000000e+00,0.000000000000000000e+00,5.501500000000000279e-01,0.000000000000000000e+00,0.000000000000000000e+00,0.000000000000000000e+00,0.000000000000000000e+00,0.000000000000000000e+00,0.000000000000000000e+00,0.000000000000000000e+00,0.000000000000000000e+00,0.000000000000000000e+00,0.000000000000000000e+00,0.000000000000000000e+00,0.000000000000000000e+00,0.000000000000000000e+00,0.000000000000000000e+00
5.591699999999999449e-01,5.455600000000000449e-01,0.000000000000000000e+00,5.475900000000000212e-01,5.659100000000000241e-01,5.569800000000000306e-01,5.724299999999999944e-01,0.000000000000000000e+00,5.468100000000000183e-01,0.000000000000000000e+00,5.538999999999999480e-01,5.456600000000000339e-01,5.626999999999999780e-01,5.562099999999999822e-01,5.443299999999999805e-01,0.000000000000000000e+00,0.000000000000000000e+00,0.000000000000000000e+00,0.000000000000000000e+00,5.555200000000000138e-01,5.577600000000000335e-01,0.000000000000000000e+00,5.436499999999999666e-01,5.542899999999999494e-01,5.473599999999999577e-01,5.474700000000000122e-01,5.539600000000000080e-01,5.494700000000000140e-01,5.497300000000000519e-01,0.000000000000000000e+00,5.469199999999999617e-01,5.696999999999999842e-01,5.815299999999999914e-01,5.852100000000000080e-01,5.834899999999999531e-01,5.687200000000000033e-01,5.631399999999999739e-01,5.613200000000000411e-01,5.635999999999999899e-01,5.746900000000000341e-01,5.788499999999999757e-01,5.752199999999999536e-01,5.659600000000000186e-01,5.544799999999999729e-01,5.649199999999999777e-01,5.601899999999999658e-01,5.471599999999999797e-01,0.000000000000000000e+00,5.477899999999999991e-01,5.748600000000000376e-01,5.725999999999999979e-01,5.758400000000000185e-01,5.622700000000000475e-01,5.682000000000000384e-01,5.425299999999999567e-01,5.590600000000000014e-01,5.510300000000000198e-01,5.709600000000000231e-01,5.695799999999999752e-01,0.000000000000000000e+00,5.550500000000000433e-01,5.683700000000000419e-01,5.610899999999999777e-01,0.000000000000000000e+00,5.476199999999999957e-01,0.000000000000000000e+00,5.598499999999999588e-01,5.450599999999999890e-01,5.612200000000000522e-01,5.515400000000000302e-01,5.509300000000000308e-01,5.448800000000000310e-01,5.558499999999999552e-01,5.447699999999999765e-01,0.000000000000000000e+00,5.542200000000000459e-01
6.018999999999999906e-01,5.645200000000000218e-01,0.000000000000000000e+00,5.564200000000000257e-01,5.869199999999999973e-01,5.667699999999999960e-01,5.946900000000000519e-01,5.569399999999999906e-01,5.543299999999999894e-01,5.517800000000000482e-01,5.763200000000000545e-01,5.750399999999999956e-01,5.793099999999999916e-01,5.686799999999999633e-01,5.629499999999999504e-01,0.000000000000000000e+00,0.000000000000000000e+00,5.602000000000000313e-01,5.477899999999999991e-01,5.577600000000000335e-01,6.056700000000000417e-01,5.435400000000000231e-01,5.578300000000000480e-01,5.891499999999999515e-01,5.594000000000000083e-01,5.647900000000000142e-01,5.618100000000000316e-01,5.624500000000000055e-01,5.563399999999999457e-01,0.000000000000000000e+00,5.654799999999999827e-01,6.023600000000000065e-01,6.155199999999999561e-01,6.065899999999999626e-01,6.100900000000000212e-01,5.894700000000000495e-01,5.862500000000000488e-01,5.818200000000000038e-01,6.020999999999999686e-01,5.987299999999999844e-01,6.081600000000000339e-01,6.113899999999999890e-01,5.726299999999999724e-01,5.810100000000000264e-01,5.877999999999999892e-01,5.964800000000000102e-01,5.511000000000000343e-01,5.466299999999999493e-01,5.664599999999999635e-01,5.996799999999999908e-01,5.756499999999999950e-01,5.945300000000000029e-01,5.883300000000000196e-01,5.720100000000000184e-01,5.667900000000000160e-01,5.803899999999999615e-01,5.846000000000000085e-01,5.910600000000000298e-01,5.907099999999999573e-01,0.000000000000000000e+00,5.713300000000000045e-01,6.000600000000000378e-01,5.766700000000000159e-01,5.445499999999999785e-01,0.000000000000000000e+00,5.722000000000000419e-01,5.601599999999999913e-01,5.545200000000000129e-01,5.810100000000000264e-01,5.600100000000000078e-01,5.660300000000000331e-01,5.489199999999999635e-01,5.655299999999999772e-01,5.513299999999999867e-01,0.000000000000000000e+00,5.681199999999999584e-01
