6.194100000000000161e-01,5.584400000000000475e-01,5.740399999999999947e-01,6.015700000000000491e-01,5.824200000000000488e-01,5.572300000000000031e-01,6.055300000000000127e-01,6.069200000000000150e-01,5.684500000000000108e-01,5.856999999999999984e-01,5.944599999999999884e-01,5.965099999999999847e-01,6.006700000000000372e-01,5.421899999999999498e-01,5.718900000000000095e-01,5.548899999999999944e-01,5.774200000000000443e-01,5.848200000000000065e-01,5.871600000000000152e-01,5.410199999999999454e-01,5.633200000000000429e-01,5.485999999999999766e-01,5.744899999999999451e-01,5.825200000000000378e-01,5.706299999999999706e-01,5.763599999999999834e-01,5.603799999999999892e-01,5.768100000000000449e-01,5.556900000000000173e-01,0.000000000000000000e+00,5.682899999999999618e-01,5.861399999999999944e-01,6.146300000000000097e-01,6.055000000000000382e-01,6.128500000000000059e-01,5.823300000000000143e-01,5.771100000000000119e-01,6.215600000000000014e-01,5.894800000000000040e-01,6.100900000000000212e-01,6.089200000000000168e-01,6.201999999999999735e-01,5.647299999999999542e-01,6.066899999999999515e-01,5.838999999999999746e-01,6.105599999999999916e-01,5.478100000000000191e-01,5.549199999999999688e-01,5.752000000000000446e-01,5.853300000000000169e-01,5.801600000000000090e-01,6.046500000000000208e-01,6.085199999999999498e-01,5.758100000000000440e-01,5.878999999999999782e-01,5.934800000000000075e-01,5.714399999999999480e-01,5.894599999999999840e-01,5.804599999999999760e-01,5.757299999999999640e-01,5.453200000000000269e-01,5.621300000000000185e-01,5.566799999999999526e-01,5.720699999999999674e-01,5.561700000000000532e-01,5.681199999999999584e-01,5.435799999999999521e-01,5.577199999999999935e-01,5.782300000000000217e-01,5.557600000000000318e-01,5.729899999999999993e-01,5.434299999999999686e-01,5.590100000000000069e-01,5.512599999999999723e-01,0.000000000000000000e+00,5.511800000000000033e-01
5.584400000000000475e-01,0.000000000000000000e+00,5.412500000000000089e-01,5.528699999999999726e-01,5.475900000000000212e-01,0.000000000000000000e+00,5.656999999999999806e-01,5.522000000000000242e-01,5.434900000000000286e-01,5.508699999999999708e-01,5.535900000000000265e-01,5.414799999999999613e-01,5.627600000000000380e-01,0.000000000000000000e+00,0.000000000000000000e+00,0.000000000000000000e+00,5.410899999999999599e-01,5.539100000000000135e-01,5.518800000000000372e-01,0.000000000000000000e+00,0.000000000000000000e+00,0.000000000000000000e+00,0.000000000000000000e+00,0.000000000000000000e+00,5.410899999999999599e-01,0.000000000000000000e+00,0.000000000000000000e+00,5.505200000000000093e-01,0.000000000000000000e+00,0.000000000000000000e+00,0.000000000000000000e+00,5.416900000000000048e-01,5.776900000000000368e-01,5.643700000000000383e-01,5.629499999999999504e-01,5.500399999999999734e-01,0.000000000000000000e+00,5.661699999999999511e-01,5.430199999999999472e-01,5.750300000000000411e-01,5.696700000000000097e-01,5.727200000000000069e-01,0.000000000000000000e+00,5.681599999999999984e-01,5.510599999999999943e-01,5.547400000000000109e-01,0.000000000000000000e+00,0.000000000000000000e+00,5.413400000000000434e-01,5.521000000000000352e-01,5.549600000000000088e-01,5.627799999999999470e-01,5.581000000000000405e-01,5.500899999999999679e-01,5.530699999999999505e-01,5.553700000000000303e-01,0.000000000000000000e+00,5.536499999999999755e-01,5.481500000000000261e-01,0.000000000000000000e+00,0.000000000000000000e+00,0.000000000000000000e+00,0.000000000000000000e+00,5.451899999999999524e-01,0.000000000000000000e+00,0.000000000000000000e+00,0.000000000000000000e+00,0.000000000000000000e+00,0.000000000000000000e+00,0.000000000000000000e+00,0.000000000000000000e+00,0.000000000000000000e+00,0.000000000000000000e+00,0.000000000000000000e+00,0.000000000000000000e+00,0.000000000000000000e+00
5.740399999999999947e-01,5.412500000000000089e-01,5.590699999999999559e-01,5.674000000000000155e-01,5.457999999999999519e-01,5.407899999999999929e-01,5.692300000000000137e-01,5.651500000000000412e-01,5.490899999999999670e-01,5.504999999999999893e-01,5.604999999999999982e-01,5.445100000000000495e-01,5.683899999999999508e-01,0.000000000000000000e+00,0.000000000000000000e+00,5.413700000000000179e-01,0.000000000000000000e+00,5.577900000000000080e-01,5.654700000000000282e-01,0.000000000000000000e+00,0.000000000000000000e+00,0.000000000000000000e+00,5.457499999999999574e-01,5.420000000000000373e-01,5.425299999999999567e-01,5.460800000000000098e-01,5.417199999999999793e-01,5.544700000000000184e-01,0.000000000000000000e+00,0.000000000000000000e+00,5.473000000000000087e-01,5.484499999999999931e-01,5.828100000000000502e-01,5.749400000000000066e-01,5.763000000000000345e-01,5.563900000000000512e-01,5.464099999999999513e-01,5.834500000000000242e-01,5.526600000000000401e-01,5.787400000000000322e-01,5.801300000000000345e-01,5.883699999999999486e-01,0.000000000000000000e+00,5.714900000000000535e-01,5.511099999999999888e-01,5.653399999999999537e-01,0.000000000000000000e+00,5.446499999999999675e-01,5.440700000000000536e-01,5.553099999999999703e-01,5.593599999999999683e-01,5.701300000000000257e-01,5.638699999999999823e-01,5.576400000000000245e-01,5.457600000000000229e-01,5.563500000000000112e-01,0.000000000000000000e+00,5.584400000000000475e-01,5.487900000000000000e-01,0.000000000000000000e+00,0.000000000000000000e+00,0.000000000000000000e+00,0.000000000000000000e+00,5.563599999999999657e-01,5.419800000000000173e-01,0.000000000000000000e+00,0.000000000000000000e+00,0.000000000000000000e+00,5.493700000000000250e-01,0.000000000000000000e+00,5.433999999999999941e-01,0.000000000000000000e+00,0.000000000000000000e+00,0.000000000000000000e+00,0.000000000000000000e+00,0.000000000000000000e+00
6.015700000000000491e-01,5.528699999999999726e-01,5.674000000000000155e-01,5.792199999999999571e-01,5.731500000000000483e-01,5.534499999999999975e-01,5.948600000000000554e-01,5.853699999999999459e-01,5.623299999999999965e-01,5.785599999999999632e-01,5.806000000000000050e-01,5.757900000000000240e-01,5.900199999999999889e-01,5.421799999999999953e-01,5.611699999999999466e-01,5.517100000000000337e-01,5.632300000000000084e-01,5.782000000000000473e-01,5.783199999999999452e-01,5.427899999999999947e-01,5.470699999999999452e-01,5.457300000000000484e-01,5.616600000000000481e-01,5.673099999999999810e-01,5.625999999999999890e-01,5.647400000000000198e-01,5.569699999999999651e-01,5.713599999999999790e-01,5.554099999999999593e-01,0.000000000000000000e+00,5.627100000000000435e-01,5.767999999999999794e-01,6.137399999999999523e-01,6.009400000000000297e-01,6.055099999999999927e-01,5.740100000000000202e-01,5.639999999999999458e-01,6.088500000000000023e-01,5.753300000000000081e-01,6.093199999999999728e-01,6.067099999999999715e-01,6.079499999999999904e-01,5.567999999999999616e-01,6.032600000000000184e-01,5.806200000000000250e-01,5.930999999999999606e-01,5.412400000000000544e-01,5.495600000000000485e-01,5.679400000000000004e-01,5.745000000000000107e-01,5.781199999999999672e-01,5.941400000000000015e-01,5.914500000000000313e-01,5.678499999999999659e-01,5.751699999999999591e-01,5.821499999999999453e-01,5.544900000000000384e-01,5.829100000000000392e-01,5.671199999999999575e-01,5.633399999999999519e-01,5.427699999999999747e-01,5.488600000000000145e-01,5.545900000000000274e-01,5.662899999999999601e-01,5.525600000000000511e-01,5.536799999999999500e-01,0.000000000000000000e+00,5.464200000000000168e-01,5.701800000000000201e-01,5.498399999999999954e-01,5.629899999999999904e-01,0.000000000000000000e+00,5.515799999999999592e-01,5.497400000000000064e-01,0.000000000000000000e+00,5.461899999999999533e-01
5.824200000000000488e-01,5.475900000000000212e-01,5.457999999999999519e-01,5.731500000000000483e-01,5.716400000000000370e-01,5.503700000000000259e-01,5.886500000000000066e-01,5.592599999999999794e-01,5.565700000000000092e-01,5.764399999999999524e-01,5.716599999999999460e-01,5.637199999999999989e-01,5.818200000000000038e-01,5.436299999999999466e-01,5.419199999999999573e-01,5.468300000000000383e-01,5.635900000000000354e-01,5.709800000000000431e-01,5.643899999999999473e-01,0.000000000000000000e+00,5.470800000000000107e-01,0.000000000000000000e+00,5.462200000000000388e-01,5.515499999999999847e-01,5.612899999999999556e-01,5.563200000000000367e-01,5.514999999999999902e-01,5.657299999999999551e-01,5.504000000000000004e-01,0.000000000000000000e+00,5.551500000000000323e-01,5.696099999999999497e-01,5.914300000000000113e-01,5.777200000000000113e-01,5.840999999999999526e-01,5.705599999999999561e-01,5.597900000000000098e-01,5.822100000000000053e-01,5.679699999999999749e-01,5.895799999999999930e-01,5.844899999999999540e-01,5.914899999999999602e-01,5.512299999999999978e-01,5.855900000000000549e-01,5.637100000000000444e-01,5.736400000000000388e-01,5.463799999999999768e-01,0.000000000000000000e+00,5.630899999999999794e-01,5.774000000000000243e-01,5.691599999999999993e-01,5.885399999999999521e-01,5.720100000000000184e-01,5.660600000000000076e-01,5.735799999999999788e-01,5.787099999999999467e-01,5.444099999999999495e-01,5.750300000000000411e-01,5.649699999999999722e-01,5.491500000000000270e-01,5.432099999999999707e-01,5.502299999999999969e-01,5.495299999999999629e-01,5.621300000000000185e-01,5.420399999999999663e-01,5.460500000000000353e-01,0.000000000000000000e+00,5.407100000000000239e-01,5.554799999999999738e-01,5.480199999999999516e-01,5.539699999999999624e-01,0.000000000000000000e+00,5.518399999999999972e-01,5.419300000000000228e-01,0.000000000000000000e+00,5.467400000000000038e-01
5.572300000000000031e-01,0.000000000000000000e+00,5.407899999999999929e-01,5.534499999999999975e-01,5.503700000000000259e-01,5.453200000000000269e-01,5.676299999999999679e-01,5.534000000000000030e-01,5.470599999999999907e-01,5.507400000000000073e-01,5.527499999999999636e-01,5.419199999999999573e-01,5.636600000000000499e-01,0.000000000000000000e+00,0.000000000000000000e+00,0.000000000000000000e+00,5.421799999999999953e-01,5.565600000000000547e-01,5.528800000000000381e-01,0.000000000000000000e+00,0.000000000000000000e+00,0.000000000000000000e+00,0.000000000000000000e+00,0.000000000000000000e+00,5.449399999999999800e-01,5.443000000000000060e-01,5.409599999999999964e-01,5.538999999999999480e-01,0.000000000000000000e+00,0.000000000000000000e+00,5.439899999999999736e-01,5.519899999999999807e-01,5.790499999999999536e-01,5.647400000000000198e-01,5.647499999999999742e-01,5.495499999999999829e-01,5.423000000000000043e-01,5.693099999999999827e-01,5.502299999999999969e-01,5.693899999999999517e-01,5.723300000000000054e-01,5.773000000000000353e-01,0.000000000000000000e+00,5.714500000000000135e-01,5.595900000000000318e-01,5.525999999999999801e-01,0.000000000000000000e+00,0.000000000000000000e+00,5.479300000000000281e-01,5.505499999999999838e-01,5.601500000000000368e-01,5.654599999999999627e-01,5.595799999999999663e-01,5.550500000000000433e-01,5.496600000000000374e-01,5.566799999999999526e-01,0.000000000000000000e+00,5.537800000000000500e-01,5.458699999999999664e-01,0.000000000000000000e+00,0.000000000000000000e+00,0.000000000000000000e+00,5.433999999999999941e-01,5.512399999999999523e-01,0.000000000000000000e+00,0.000000000000000000e+00,0.000000000000000000e+00,0.000000000000000000e+00,5.487600000000000255e-01,0.000000000000000000e+00,5.439399999999999791e-01,0.000000000000000000e+00,0.000000000000000000e+00,0.000000000000000000e+00,0.000000000000000000e+00,0.000000000000000000e+00
6.055300000000000127e-01,5.656999999999999806e-01,5.692300000000000137e-01,5.948600000000000554e-01,5.886500000000000066e-01,5.676299999999999679e-01,6.102100000000000302e-01,5.816000000000000059e-01,5.754500000000000171e-01,5.903500000000000414e-01,5.920299999999999452e-01,5.806200000000000250e-01,6.038400000000000434e-01,5.508300000000000418e-01,5.607699999999999907e-01,5.628199999999999870e-01,5.777200000000000113e-01,5.892100000000000115e-01,5.839100000000000401e-01,5.476999999999999647e-01,5.591099999999999959e-01,5.547400000000000109e-01,5.654299999999999882e-01,5.681100000000000039e-01,5.765900000000000469e-01,5.732699999999999463e-01,5.685599999999999543e-01,5.855900000000000549e-01,5.659199999999999786e-01,0.000000000000000000e+00,5.736900000000000333e-01,5.891499999999999515e-01,6.216899999999999649e-01,6.074300000000000255e-01,6.110900000000000221e-01,5.876700000000000257e-01,5.780300000000000438e-01,6.091299999999999493e-01,5.926500000000000101e-01,6.177599999999999758e-01,6.158700000000000285e-01,6.231700000000000017e-01,5.693799999999999972e-01,6.137700000000000378e-01,5.819299999999999473e-01,5.933599999999999985e-01,5.580600000000000005e-01,5.555400000000000338e-01,5.803000000000000380e-01,5.947299999999999809e-01,5.898499999999999854e-01,6.094000000000000528e-01,5.969200000000000061e-01,5.823800000000000088e-01,5.926500000000000101e-01,5.969799999999999551e-01,5.597600000000000353e-01,5.955099999999999838e-01,5.836299999999999821e-01,5.656900000000000261e-01,5.585799999999999654e-01,5.632899999999999574e-01,5.685499999999999998e-01,5.783500000000000307e-01,5.570500000000000451e-01,5.616900000000000226e-01,5.523700000000000276e-01,5.534999999999999920e-01,5.737999999999999767e-01,5.624299999999999855e-01,5.709899999999999975e-01,5.479699999999999571e-01,5.658699999999999841e-01,5.581500000000000350e-01,0.000000000000000000e+00,5.628999999999999559e-01
6.069200000000000150e-01,5.522000000000000242e-01,5.651500000000000412e-01,5.853699999999999459e-01,5.592599999999999794e-01,5.534000000000000030e-01,5.816000000000000059e-01,5.942600000000000104e-01,5.586400000000000254e-01,5.681000000000000494e-01,5.741199999999999637e-01,5.789499999999999647e-01,5.780899999999999928e-01,0.000000000000000000e+00,5.622399999999999620e-01,5.477400000000000047e-01,5.618300000000000516e-01,5.676799999999999624e-01,5.724500000000000144e-01,5.418199999999999683e-01,5.471799999999999997e-01,5.445299999999999585e-01,5.663700000000000401e-01,5.776099999999999568e-01,5.525700000000000056e-01,5.632399999999999629e-01,5.502700000000000369e-01,5.606100000000000527e-01,5.443200000000000260e-01,0.000000000000000000e+00,5.573700000000000321e-01,5.650199999999999667e-01,6.010999999999999677e-01,5.902100000000000124e-01,5.913800000000000168e-01,5.665499999999999980e-01,5.641500000000000403e-01,6.046399999999999553e-01,5.684900000000000508e-01,5.910400000000000098e-01,6.014699999999999491e-01,6.010600000000000387e-01,5.576499999999999790e-01,5.957200000000000273e-01,5.810899999999999954e-01,5.916000000000000147e-01,0.000000000000000000e+00,5.502500000000000169e-01,5.627600000000000380e-01,5.650199999999999667e-01,5.684500000000000108e-01,5.813199999999999479e-01,5.871899999999999897e-01,5.693700000000000427e-01,5.668400000000000105e-01,5.701699999999999546e-01,5.552599999999999758e-01,5.706799999999999651e-01,5.649300000000000432e-01,5.607900000000000107e-01,0.000000000000000000e+00,5.477300000000000502e-01,5.497499999999999609e-01,5.539600000000000080e-01,5.509300000000000308e-01,5.482599999999999696e-01,0.000000000000000000e+00,5.490199999999999525e-01,5.696900000000000297e-01,5.459899999999999753e-01,5.631899999999999684e-01,0.000000000000000000e+00,5.425900000000000167e-01,5.454700000000000104e-01,0.000000000000000000e+00,0.000000000000000000e+00
5.684500000000000108e-01,5.434900000000000286e-01,5.491000000000000325e-01,5.623299999999999965e-01,5.565700000000000092e-01,5.470699999999999452e-01,5.754500000000000171e-01,5.586400000000000254e-01,5.509399999999999853e-01,5.570800000000000196e-01,5.604799999999999782e-01,5.467999999999999527e-01,5.720399999999999929e-01,0.000000000000000000e+00,0.000000000000000000e+00,5.448199999999999710e-01,5.486499999999999710e-01,5.635099999999999554e-01,5.605799999999999672e-01,0.000000000000000000e+00,0.000000000000000000e+00,0.000000000000000000e+00,5.421799999999999953e-01,5.443099999999999605e-01,5.508100000000000218e-01,5.481500000000000261e-01,5.439800000000000191e-01,5.597999999999999643e-01,5.426499999999999657e-01,0.000000000000000000e+00,5.480000000000000426e-01,5.552399999999999558e-01,5.854200000000000514e-01,5.711699999999999555e-01,5.726900000000000324e-01,5.622300000000000075e-01,5.497300000000000519e-01,5.771199999999999664e-01,5.542899999999999494e-01,5.811199999999999699e-01,5.785400000000000542e-01,5.804099999999999815e-01,5.459699999999999553e-01,5.789100000000000357e-01,5.599199999999999733e-01,5.648999999999999577e-01,0.000000000000000000e+00,5.411799999999999944e-01,5.516799999999999482e-01,5.606100000000000527e-01,5.633700000000000374e-01,5.743399999999999617e-01,5.634400000000000519e-01,5.604700000000000237e-01,5.562200000000000477e-01,5.615599999999999481e-01,0.000000000000000000e+00,5.612300000000000066e-01,5.545099999999999474e-01,0.000000000000000000e+00,0.000000000000000000e+00,0.000000000000000000e+00,5.457699999999999774e-01,5.562399999999999567e-01,0.000000000000000000e+00,0.000000000000000000e+00,0.000000000000000000e+00,0.000000000000000000e+00,5.519500000000000517e-01,0.000000000000000000e+00,5.477499999999999591e-01,0.000000000000000000e+00,5.422099999999999698e-01,0.000000000000000000e+00,0.000000000000000000e+00,0.000000000000000000e+00
5.856999999999999984e-01,5.508699999999999708e-01,5.504999999999999893e-01,5.785599999999999632e-01,5.764399999999999524e-01,5.507400000000000073e-01,5.903500000000000414e-01,5.681000000000000494e-01,5.570800000000000196e-01,5.718600000000000350e-01,5.763500000000000290e-01,5.617900000000000116e-01,5.841399999999999926e-01,5.486199999999999966e-01,5.445100000000000495e-01,5.524099999999999566e-01,5.617600000000000371e-01,5.724599999999999689e-01,5.692599999999999882e-01,0.000000000000000000e+00,5.458199999999999719e-01,5.430700000000000527e-01,5.495600000000000485e-01,5.519500000000000517e-01,5.618600000000000261e-01,5.557900000000000063e-01,5.498899999999999899e-01,5.680399999999999894e-01,5.501800000000000024e-01,0.000000000000000000e+00,5.540899999999999714e-01,5.598899999999999988e-01,5.877299999999999747e-01,5.747700000000000031e-01,5.774099999999999788e-01,5.772300000000000209e-01,5.630199999999999649e-01,5.803399999999999670e-01,5.658400000000000096e-01,5.892300000000000315e-01,5.873599999999999932e-01,5.906900000000000484e-01,5.578699999999999770e-01,5.923399999999999777e-01,5.612300000000000066e-01,5.776099999999999568e-01,5.471000000000000307e-01,0.000000000000000000e+00,5.611099999999999977e-01,5.788100000000000467e-01,5.624700000000000255e-01,5.877000000000000002e-01,5.738900000000000112e-01,5.644000000000000128e-01,5.716900000000000315e-01,5.765099999999999669e-01,5.443599999999999550e-01,5.744899999999999451e-01,5.705999999999999961e-01,5.493999999999999995e-01,5.457899999999999974e-01,5.504799999999999693e-01,5.501800000000000024e-01,5.614500000000000046e-01,5.438800000000000301e-01,5.481599999999999806e-01,0.000000000000000000e+00,5.428300000000000347e-01,5.517999999999999572e-01,5.488399999999999945e-01,5.534700000000000175e-01,0.000000000000000000e+00,5.556299999999999573e-01,5.435600000000000431e-01,0.000000000000000000e+00,5.467499999999999583e-01
5.944599999999999884e-01,5.535900000000000265e-01,5.604999999999999982e-01,5.806000000000000050e-01,5.716599999999999460e-01,5.527499999999999636e-01,5.920299999999999452e-01,5.741199999999999637e-01,5.604799999999999782e-01,5.763500000000000290e-01,5.789100000000000357e-01,5.686499999999999888e-01,5.865500000000000158e-01,5.423299999999999788e-01,5.522299999999999986e-01,5.549899999999999833e-01,5.642899999999999583e-01,5.751399999999999846e-01,5.764799999999999924e-01,5.412500000000000089e-01,5.466299999999999493e-01,5.460199999999999498e-01,5.578100000000000280e-01,5.593700000000000339e-01,5.621199999999999530e-01,5.597999999999999643e-01,5.544099999999999584e-01,5.693799999999999972e-01,5.521399999999999642e-01,0.000000000000000000e+00,5.604400000000000492e-01,5.694200000000000372e-01,6.042399999999999993e-01,5.919699999999999962e-01,5.954500000000000348e-01,5.798200000000000021e-01,5.705700000000000216e-01,5.992699999999999694e-01,5.682899999999999618e-01,6.011100000000000332e-01,5.985599999999999810e-01,6.001800000000000468e-01,5.594799999999999773e-01,5.957999999999999963e-01,5.739199999999999857e-01,5.789499999999999647e-01,5.476499999999999702e-01,5.464999999999999858e-01,5.673200000000000465e-01,5.791399999999999881e-01,5.721600000000000019e-01,5.904500000000000304e-01,5.774700000000000388e-01,5.705900000000000416e-01,5.759300000000000530e-01,5.798799999999999510e-01,5.425799999999999512e-01,5.794200000000000461e-01,5.700800000000000312e-01,5.516199999999999992e-01,5.437100000000000266e-01,5.553399999999999448e-01,5.544200000000000239e-01,5.655999999999999917e-01,5.496999999999999664e-01,5.458300000000000374e-01,5.423799999999999732e-01,5.424200000000000133e-01,5.590600000000000014e-01,5.488499999999999490e-01,5.562399999999999567e-01,0.000000000000000000e+00,5.546200000000000019e-01,5.469399999999999817e-01,0.000000000000000000e+00,5.463999999999999968e-01
5.965099999999999847e-01,5.414799999999999613e-01,5.445100000000000495e-01,5.757900000000000240e-01,5.637199999999999989e-01,5.419199999999999573e-01,5.806200000000000250e-01,5.789499999999999647e-01,5.467999999999999527e-01,5.617900000000000116e-01,5.686499999999999888e-01,5.691399999999999793e-01,5.733599999999999808e-01,0.000000000000000000e+00,5.517100000000000337e-01,0.000000000000000000e+00,5.535700000000000065e-01,5.630199999999999649e-01,5.581800000000000095e-01,0.000000000000000000e+00,5.488100000000000200e-01,0.000000000000000000e+00,5.500899999999999679e-01,5.582500000000000240e-01,5.496600000000000374e-01,5.559500000000000552e-01,5.424099999999999477e-01,5.564700000000000202e-01,0.000000000000000000e+00,0.000000000000000000e+00,5.497300000000000519e-01,5.616499999999999826e-01,5.876000000000000112e-01,5.792199999999999571e-01,5.775799999999999823e-01,5.645499999999999963e-01,5.568499999999999561e-01,5.853000000000000425e-01,5.648400000000000087e-01,5.871899999999999897e-01,5.875000000000000222e-01,5.887799999999999701e-01,5.471500000000000252e-01,5.848600000000000465e-01,5.642800000000000038e-01,5.823399999999999688e-01,0.000000000000000000e+00,0.000000000000000000e+00,5.576299999999999590e-01,5.653500000000000192e-01,5.554799999999999738e-01,5.794700000000000406e-01,5.760199999999999765e-01,5.528399999999999981e-01,5.631099999999999994e-01,5.698699999999999877e-01,5.519899999999999807e-01,5.672099999999999920e-01,5.601099999999999968e-01,5.546900000000000164e-01,0.000000000000000000e+00,5.437600000000000211e-01,0.000000000000000000e+00,5.472700000000000342e-01,0.000000000000000000e+00,5.514000000000000012e-01,0.000000000000000000e+00,0.000000000000000000e+00,5.545499999999999874e-01,0.000000000000000000e+00,5.533099999999999685e-01,0.000000000000000000e+00,5.441599999999999770e-01,0.000000000000000000e+00,0.000000000000000000e+00,0.000000000000000000e+00
6.006700000000000372e-01,5.627699999999999925e-01,5.683899999999999508e-01,5.900199999999999889e-01,5.818200000000000038e-01,5.636600000000000499e-01,6.038400000000000434e-01,5.780800000000000383e-01,5.720399999999999929e-01,5.841399999999999926e-01,5.865500000000000158e-01,5.733599999999999808e-01,6.002199999999999758e-01,5.457699999999999774e-01,5.550800000000000178e-01,5.623299999999999965e-01,5.723000000000000309e-01,5.872899999999999787e-01,5.821100000000000163e-01,5.452200000000000379e-01,5.509500000000000508e-01,5.521200000000000552e-01,5.623000000000000220e-01,5.654400000000000537e-01,5.725299999999999834e-01,5.686099999999999488e-01,5.632500000000000284e-01,5.819900000000000073e-01,5.612500000000000266e-01,0.000000000000000000e+00,5.682700000000000529e-01,5.834599999999999786e-01,6.122999999999999554e-01,5.983199999999999630e-01,5.999200000000000088e-01,5.866799999999999793e-01,5.724799999999999889e-01,6.021199999999999886e-01,5.873000000000000442e-01,6.084100000000000064e-01,6.078400000000000469e-01,6.149499999999999966e-01,5.676900000000000279e-01,6.080299999999999594e-01,5.793800000000000061e-01,5.923599999999999977e-01,5.532399999999999540e-01,5.573900000000000521e-01,5.756299999999999750e-01,5.878799999999999581e-01,5.836200000000000276e-01,6.039999999999999813e-01,5.907499999999999973e-01,5.787600000000000522e-01,5.860800000000000454e-01,5.894399999999999640e-01,5.542399999999999549e-01,5.897799999999999709e-01,5.797099999999999476e-01,5.582899999999999530e-01,5.559899999999999842e-01,5.578800000000000425e-01,5.637900000000000134e-01,5.753300000000000081e-01,5.558100000000000263e-01,5.541099999999999914e-01,5.489600000000000035e-01,5.527100000000000346e-01,5.713599999999999790e-01,5.587900000000000089e-01,5.662099999999999911e-01,5.458199999999999719e-01,5.635299999999999754e-01,5.552300000000000013e-01,0.000000000000000000e+00,5.571300000000000141e-01
5.421899999999999498e-01,0.000000000000000000e+00,0.000000000000000000e+00,5.421799999999999953e-01,5.436299999999999466e-01,0.000000000000000000e+00,5.508300000000000418e-01,0.000000000000000000e+00,0.000000000000000000e+00,5.486199999999999966e-01,5.423299999999999788e-01,0.000000000000000000e+00,5.457699999999999774e-01,0.000000000000000000e+00,0.000000000000000000e+00,0.000000000000000000e+00,0.000000000000000000e+00,0.000000000000000000e+00,0.000000000000000000e+00,0.000000000000000000e+00,0.000000000000000000e+00,0.000000000000000000e+00,0.000000000000000000e+00,0.000000000000000000e+00,0.000000000000000000e+00,0.000000000000000000e+00,0.000000000000000000e+00,0.000000000000000000e+00,0.000000000000000000e+00,0.000000000000000000e+00,0.000000000000000000e+00,0.000000000000000000e+00,5.492200000000000415e-01,0.000000000000000000e+00,5.461799999999999988e-01,5.410199999999999454e-01,0.000000000000000000e+00,5.490599999999999925e-01,0.000000000000000000e+00,5.494700000000000140e-01,5.447600000000000220e-01,5.466999999999999638e-01,0.000000000000000000e+00,5.476999999999999647e-01,5.419899999999999718e-01,0.000000000000000000e+00,0.000000000000000000e+00,0.000000000000000000e+00,0.000000000000000000e+00,5.459800000000000209e-01,0.000000000000000000e+00,5.513799999999999812e-01,0.000000000000000000e+00,0.000000000000000000e+00,5.443599999999999550e-01,5.464299999999999713e-01,0.000000000000000000e+00,5.434099999999999486e-01,0.000000000000000000e+00,0.000000000000000000e+00,0.000000000000000000e+00,0.000000000000000000e+00,0.000000000000000000e+00,0.000000000000000000e+00,0.000000000000000000e+00,0.000000000000000000e+00,0.000000000000000000e+00,0.000000000000000000e+00,0.000000000000000000e+00,0.000000000000000000e+00,0.000000000000000000e+00,0.000000000000000000e+00,0.000000000000000000e+00,0.000000000000000000e+00,0.000000000000000000e+00,0.000000000000000000e+00
5.718900000000000095e-01,0.000000000000000000e+00,0.000000000000000000e+00,5.611699999999999466e-01,5.419199999999999573e-01,0.000000000000000000e+00,5.607699999999999907e-01,5.622399999999999620e-01,0.000000000000000000e+00,5.445100000000000495e-01,5.522299999999999986e-01,5.517100000000000337e-01,5.550800000000000178e-01,0.000000000000000000e+00,5.407899999999999929e-01,0.000000000000000000e+00,0.000000000000000000e+00,5.481000000000000316e-01,5.493599999999999595e-01,0.000000000000000000e+00,0.000000000000000000e+00,0.000000000000000000e+00,0.000000000000000000e+00,5.419800000000000173e-01,0.000000000000000000e+00,5.410399999999999654e-01,0.000000000000000000e+00,0.000000000000000000e+00,0.000000000000000000e+00,0.000000000000000000e+00,0.000000000000000000e+00,0.000000000000000000e+00,5.749499999999999611e-01,5.664500000000000091e-01,5.671100000000000030e-01,5.408300000000000329e-01,0.000000000000000000e+00,5.768600000000000394e-01,5.437400000000000011e-01,5.697900000000000187e-01,5.721600000000000019e-01,5.763599999999999834e-01,0.000000000000000000e+00,5.676499999999999879e-01,5.479899999999999771e-01,5.612099999999999866e-01,0.000000000000000000e+00,0.000000000000000000e+00,0.000000000000000000e+00,5.451399999999999579e-01,5.446400000000000130e-01,5.564500000000000002e-01,5.624099999999999655e-01,0.000000000000000000e+00,5.441599999999999770e-01,5.499199999999999644e-01,0.000000000000000000e+00,5.492000000000000215e-01,0.000000000000000000e+00,5.451500000000000234e-01,0.000000000000000000e+00,0.000000000000000000e+00,0.000000000000000000e+00,0.000000000000000000e+00,0.000000000000000000e+00,0.000000000000000000e+00,0.000000000000000000e+00,0.000000000000000000e+00,5.426100000000000367e-01,0.000000000000000000e+00,0.000000000000000000e+00,0.000000000000000000e+00,0.000000000000000000e+00,0.000000000000000000e+00,0.000000000000000000e+00,0.000000000000000000e+00
5.548899999999999944e-01,0.000000000000000000e+00,5.413700000000000179e-01,5.517100000000000337e-01,5.468300000000000383e-01,0.000000000000000000e+00,5.628199999999999870e-01,5.477400000000000047e-01,5.448199999999999710e-01,5.524099999999999566e-01,5.549899999999999833e-01,0.000000000000000000e+00,5.623299999999999965e-01,0.000000000000000000e+00,0.000000000000000000e+00,0.000000000000000000e+00,5.451099999999999834e-01,5.515900000000000247e-01,5.538600000000000190e-01,0.000000000000000000e+00,0.000000000000000000e+00,0.000000000000000000e+00,0.000000000000000000e+00,0.000000000000000000e+00,5.418600000000000083e-01,0.000000000000000000e+00,0.000000000000000000e+00,5.504999999999999893e-01,0.000000000000000000e+00,0.000000000000000000e+00,0.000000000000000000e+00,5.519699999999999607e-01,5.724500000000000144e-01,5.578300000000000480e-01,5.587100000000000399e-01,5.480599999999999916e-01,5.421200000000000463e-01,5.596200000000000063e-01,5.502899999999999459e-01,5.625499999999999945e-01,5.623200000000000420e-01,5.688900000000000068e-01,0.000000000000000000e+00,5.740100000000000202e-01,5.522700000000000387e-01,5.454499999999999904e-01,0.000000000000000000e+00,0.000000000000000000e+00,0.000000000000000000e+00,5.482599999999999696e-01,5.542399999999999549e-01,5.630899999999999794e-01,5.535900000000000265e-01,5.517999999999999572e-01,5.483700000000000241e-01,5.527600000000000291e-01,0.000000000000000000e+00,5.538199999999999790e-01,5.429399999999999782e-01,0.000000000000000000e+00,0.000000000000000000e+00,0.000000000000000000e+00,0.000000000000000000e+00,5.489300000000000290e-01,0.000000000000000000e+00,0.000000000000000000e+00,0.000000000000000000e+00,0.000000000000000000e+00,0.000000000000000000e+00,0.000000000000000000e+00,0.000000000000000000e+00,0.000000000000000000e+00,0.000000000000000000e+00,0.000000000000000000e+00,0.000000000000000000e+00,0.000000000000000000e+00
5.774200000000000443e-01,5.410899999999999599e-01,0.000000000000000000e+00,5.632300000000000084e-01,5.635900000000000354e-01,5.421799999999999953e-01,5.777200000000000113e-01,5.618300000000000516e-01,5.486499999999999710e-01,5.617600000000000371e-01,5.642899999999999583e-01,5.535700000000000065e-01,5.723000000000000309e-01,0.000000000000000000e+00,0.000000000000000000e+00,5.451099999999999834e-01,5.540500000000000425e-01,5.617900000000000116e-01,5.598600000000000243e-01,0.000000000000000000e+00,0.000000000000000000e+00,0.000000000000000000e+00,5.425499999999999767e-01,5.484299999999999731e-01,5.528899999999999926e-01,5.473200000000000287e-01,5.428600000000000092e-01,5.593700000000000339e-01,5.413700000000000179e-01,0.000000000000000000e+00,5.474200000000000177e-01,5.523200000000000331e-01,5.766499999999999959e-01,5.627699999999999925e-01,5.674500000000000099e-01,5.651100000000000012e-01,5.494700000000000140e-01,5.689100000000000268e-01,5.519699999999999607e-01,5.764700000000000379e-01,5.704200000000000381e-01,5.720100000000000184e-01,5.512299999999999978e-01,5.799600000000000311e-01,5.593099999999999739e-01,5.714099999999999735e-01,0.000000000000000000e+00,0.000000000000000000e+00,5.557499999999999662e-01,5.635000000000000009e-01,5.527699999999999836e-01,5.761699999999999600e-01,5.648499999999999632e-01,5.571399999999999686e-01,5.622399999999999620e-01,5.665200000000000236e-01,0.000000000000000000e+00,5.623700000000000365e-01,5.588499999999999579e-01,0.000000000000000000e+00,0.000000000000000000e+00,5.466100000000000403e-01,5.445100000000000495e-01,5.524900000000000366e-01,0.000000000000000000e+00,5.421799999999999953e-01,0.000000000000000000e+00,0.000000000000000000e+00,5.505299999999999638e-01,0.000000000000000000e+00,5.463299999999999823e-01,0.000000000000000000e+00,5.457899999999999974e-01,0.000000000000000000e+00,0.000000000000000000e+00,0.000000000000000000e+00
5.848200000000000065e-01,5.539100000000000135e-01,5.577900000000000080e-01,5.782000000000000473e-01,5.709800000000000431e-01,5.565499999999999892e-01,5.892100000000000115e-01,5.676799999999999624e-01,5.635099999999999554e-01,5.724599999999999689e-01,5.751399999999999846e-01,5.630199999999999649e-01,5.872899999999999787e-01,0.000000000000000000e+00,5.481000000000000316e-01,5.515900000000000247e-01,5.617900000000000116e-01,5.763200000000000545e-01,5.706200000000000161e-01,0.000000000000000000e+00,5.421399999999999553e-01,5.450199999999999489e-01,5.524200000000000221e-01,5.546600000000000419e-01,5.623700000000000365e-01,5.596400000000000263e-01,5.571399999999999686e-01,5.712699999999999445e-01,5.516999999999999682e-01,0.000000000000000000e+00,5.601000000000000423e-01,5.700600000000000112e-01,6.065500000000000336e-01,5.912399999999999878e-01,5.919400000000000217e-01,5.697299999999999587e-01,5.573299999999999921e-01,5.926900000000000501e-01,5.702700000000000546e-01,5.956399999999999473e-01,5.954300000000000148e-01,6.005599999999999827e-01,5.539199999999999680e-01,5.944500000000000339e-01,5.703399999999999581e-01,5.784700000000000397e-01,5.467499999999999583e-01,5.460500000000000353e-01,5.654200000000000337e-01,5.723000000000000309e-01,5.751199999999999646e-01,5.874500000000000277e-01,5.797200000000000131e-01,5.669999999999999485e-01,5.730899999999999883e-01,5.785599999999999632e-01,5.441899999999999515e-01,5.757999999999999785e-01,5.658300000000000551e-01,5.527900000000000036e-01,5.467699999999999783e-01,5.518199999999999772e-01,5.572200000000000486e-01,5.658400000000000096e-01,5.488800000000000345e-01,5.474999999999999867e-01,5.449399999999999800e-01,5.460099999999999953e-01,5.640300000000000313e-01,5.498899999999999899e-01,5.587999999999999634e-01,0.000000000000000000e+00,5.505299999999999638e-01,5.465400000000000258e-01,0.000000000000000000e+00,5.497100000000000319e-01
5.871499999999999497e-01,5.518800000000000372e-01,5.654700000000000282e-01,5.783199999999999452e-01,5.643899999999999473e-01,5.528800000000000381e-01,5.839100000000000401e-01,5.724500000000000144e-01,5.605799999999999672e-01,5.692599999999999882e-01,5.764799999999999924e-01,5.581800000000000095e-01,5.821100000000000163e-01,0.000000000000000000e+00,5.493599999999999595e-01,5.538600000000000190e-01,5.598600000000000243e-01,5.706200000000000161e-01,5.789800000000000502e-01,5.420500000000000318e-01,0.000000000000000000e+00,5.473400000000000487e-01,5.598800000000000443e-01,5.541000000000000369e-01,5.554499999999999993e-01,5.566499999999999782e-01,5.527699999999999836e-01,5.672500000000000320e-01,5.492700000000000360e-01,0.000000000000000000e+00,5.553599999999999648e-01,5.599300000000000388e-01,5.975099999999999856e-01,5.863399999999999723e-01,5.879699999999999926e-01,5.767499999999999849e-01,5.662300000000000111e-01,5.967799999999999772e-01,5.586400000000000254e-01,5.919200000000000017e-01,5.946900000000000519e-01,5.953699999999999548e-01,5.568199999999999816e-01,5.896200000000000330e-01,5.737299999999999622e-01,5.715200000000000280e-01,5.437699999999999756e-01,5.505600000000000493e-01,5.633899999999999464e-01,5.696900000000000297e-01,5.699300000000000477e-01,5.832399999999999807e-01,5.695400000000000462e-01,5.697799999999999532e-01,5.688299999999999468e-01,5.697799999999999532e-01,0.000000000000000000e+00,5.726700000000000124e-01,5.645799999999999708e-01,5.465400000000000258e-01,0.000000000000000000e+00,5.484299999999999731e-01,5.554400000000000448e-01,5.658800000000000496e-01,5.519699999999999607e-01,0.000000000000000000e+00,5.412000000000000144e-01,5.429300000000000237e-01,5.552599999999999758e-01,5.452900000000000524e-01,5.521599999999999842e-01,0.000000000000000000e+00,5.506499999999999728e-01,5.464599999999999458e-01,0.000000000000000000e+00,5.418899999999999828e-01
5.410199999999999454e-01,0.000000000000000000e+00,0.000000000000000000e+00,5.427899999999999947e-01,0.000000000000000000e+00,0.000000000000000000e+00,5.476999999999999647e-01,5.418199999999999683e-01,0.000000000000000000e+00,0.000000000000000000e+00,5.412500000000000089e-01,0.000000000000000000e+00,5.452200000000000379e-01,0.000000000000000000e+00,0.000000000000000000e+00,0.000000000000000000e+00,0.000000000000000000e+00,0.000000000000000000e+00,5.420500000000000318e-01,0.000000000000000000e+00,0.000000000000000000e+00,0.000000000000000000e+00,0.000000000000000000e+00,0.000000000000000000e+00,0.000000000000000000e+00,0.000000000000000000e+00,0.000000000000000000e+00,0.000000000000000000e+00,0.000000000000000000e+00,0.000000000000000000e+00,0.000000000000000000e+00,0.000000000000000000e+00,5.575999999999999845e-01,5.495499999999999829e-01,5.522299999999999986e-01,0.000000000000000000e+00,0.000000000000000000e+00,5.561099999999999932e-01,0.000000000000000000e+00,5.596900000000000208e-01,5.557800000000000518e-01,5.526999999999999691e-01,0.000000000000000000e+00,5.555600000000000538e-01,5.431399999999999562e-01,0.000000000000000000e+00,0.000000000000000000e+00,0.000000000000000000e+00,0.000000000000000000e+00,0.000000000000000000e+00,0.000000000000000000e+00,5.442500000000000115e-01,5.439199999999999591e-01,0.000000000000000000e+00,0.000000000000000000e+00,0.000000000000000000e+00,0.000000000000000000e+00,0.000000000000000000e+00,0.000000000000000000e+00,0.000000000000000000e+00,0.000000000000000000e+00,0.000000000000000000e+00,0.000000000000000000e+00,0.000000000000000000e+00,0.000000000000000000e+00,0.000000000000000000e+00,0.000000000000000000e+00,0.000000000000000000e+00,0.000000000000000000e+00,0.000000000000000000e+00,0.000000000000000000e+00,0.000000000000000000e+00,0.000000000000000000e+00,0.000000000000000000e+00,0.000000000000000000e+00,0.000000000000000000e+00
5.633200000000000429e-01,0.000000000000000000e+00,0.000000000000000000e+00,5.470699999999999452e-01,5.470800000000000107e-01,0.000000000000000000e+00,5.591099999999999959e-01,5.471799999999999997e-01,0.000000000000000000e+00,5.458199999999999719e-01,5.466299999999999493e-01,5.488100000000000200e-01,5.509500000000000508e-01,0.000000000000000000e+00,0.000000000000000000e+00,0.000000000000000000e+00,0.000000000000000000e+00,5.421399999999999553e-01,0.000000000000000000e+00,0.000000000000000000e+00,0.000000000000000000e+00,0.000000000000000000e+00,0.000000000000000000e+00,0.000000000000000000e+00,0.000000000000000000e+00,0.000000000000000000e+00,0.000000000000000000e+00,0.000000000000000000e+00,0.000000000000000000e+00,0.000000000000000000e+00,0.000000000000000000e+00,5.421799999999999953e-01,5.624900000000000455e-01,5.500800000000000134e-01,5.552599999999999758e-01,0.000000000000000000e+00,0.000000000000000000e+00,5.559199999999999697e-01,5.478100000000000191e-01,5.538100000000000245e-01,5.551199999999999468e-01,5.637400000000000189e-01,0.000000000000000000e+00,5.571099999999999941e-01,0.000000000000000000e+00,5.545999999999999819e-01,0.000000000000000000e+00,0.000000000000000000e+00,0.000000000000000000e+00,5.466999999999999638e-01,0.000000000000000000e+00,5.578699999999999770e-01,5.574799999999999756e-01,0.000000000000000000e+00,5.431200000000000472e-01,5.518999999999999462e-01,0.000000000000000000e+00,5.447400000000000020e-01,0.000000000000000000e+00,0.000000000000000000e+00,0.000000000000000000e+00,0.000000000000000000e+00,0.000000000000000000e+00,0.000000000000000000e+00,0.000000000000000000e+00,0.000000000000000000e+00,0.000000000000000000e+00,0.000000000000000000e+00,0.000000000000000000e+00,0.000000000000000000e+00,0.000000000000000000e+00,0.000000000000000000e+00,0.000000000000000000e+00,0.000000000000000000e+00,0.000000000000000000e+00,0.000000000000000000e+00
