6.036099999999999799e-01,5.495100000000000540e-01,5.569300000000000361e-01,5.674299999999999899e-01,5.903199999999999559e-01,5.764500000000000179e-01,5.967799999999999772e-01,6.040600000000000414e-01,5.678600000000000314e-01,5.823899999999999633e-01,5.750300000000000411e-01,5.957000000000000073e-01,5.873500000000000387e-01,5.727999999999999758e-01,5.775400000000000533e-01,5.794700000000000406e-01,0.000000000000000000e+00,5.591199999999999504e-01,5.622399999999999620e-01,0.000000000000000000e+00,6.121199999999999974e-01,5.516600000000000392e-01,5.687100000000000488e-01,5.904500000000000304e-01,5.797200000000000131e-01,5.761899999999999800e-01,5.498899999999999899e-01,5.768999999999999684e-01,5.510699999999999488e-01,0.000000000000000000e+00,5.614200000000000301e-01,5.734900000000000553e-01,5.949200000000000044e-01,5.790199999999999791e-01,5.901899999999999924e-01,5.780100000000000238e-01,5.573200000000000376e-01,5.784099999999999797e-01,5.953899999999999748e-01,6.100499999999999812e-01,5.818900000000000183e-01,6.265899999999999803e-01,5.436400000000000121e-01,5.872000000000000552e-01,6.049099999999999477e-01,5.791600000000000081e-01,5.637699999999999934e-01,0.000000000000000000e+00,5.983199999999999630e-01,5.854800000000000004e-01,5.902100000000000124e-01,5.851499999999999480e-01,6.032300000000000439e-01,5.647400000000000198e-01,5.819800000000000528e-01,5.603799999999999892e-01,5.793599999999999861e-01,5.926599999999999646e-01,5.692899999999999627e-01,5.432200000000000362e-01,5.803300000000000125e-01,0.000000000000000000e+00,5.484799999999999676e-01,0.000000000000000000e+00,5.643599999999999728e-01,5.927499999999999991e-01,5.608899999999999997e-01,5.575599999999999445e-01,5.778100000000000458e-01,5.551000000000000378e-01,5.806499999999999995e-01,5.533500000000000085e-01,5.811500000000000554e-01,5.730399999999999938e-01,0.000000000000000000e+00,5.632000000000000339e-01
5.495100000000000540e-01,0.000000000000000000e+00,0.000000000000000000e+00,0.000000000000000000e+00,5.552799999999999958e-01,5.535299999999999665e-01,5.587900000000000089e-01,5.430899999999999617e-01,5.492799999999999905e-01,0.000000000000000000e+00,0.000000000000000000e+00,5.472900000000000542e-01,5.571099999999999941e-01,5.468100000000000183e-01,5.499300000000000299e-01,5.563700000000000312e-01,0.000000000000000000e+00,0.000000000000000000e+00,0.000000000000000000e+00,0.000000000000000000e+00,5.599600000000000133e-01,0.000000000000000000e+00,5.466499999999999693e-01,5.465999999999999748e-01,5.437499999999999556e-01,5.429000000000000492e-01,0.000000000000000000e+00,5.492500000000000160e-01,0.000000000000000000e+00,0.000000000000000000e+00,0.000000000000000000e+00,0.000000000000000000e+00,5.589899999999999869e-01,5.443500000000000005e-01,5.445799999999999530e-01,5.542700000000000404e-01,0.000000000000000000e+00,5.590000000000000524e-01,5.467999999999999527e-01,5.627400000000000180e-01,5.534299999999999775e-01,5.722399999999999709e-01,0.000000000000000000e+00,5.588400000000000034e-01,5.672300000000000120e-01,5.437100000000000266e-01,5.427899999999999947e-01,0.000000000000000000e+00,5.580399999999999805e-01,5.463599999999999568e-01,5.554599999999999538e-01,5.534900000000000375e-01,5.682899999999999618e-01,0.000000000000000000e+00,5.462500000000000133e-01,0.000000000000000000e+00,0.000000000000000000e+00,5.564599999999999547e-01,5.465999999999999748e-01,0.000000000000000000e+00,5.582099999999999840e-01,0.000000000000000000e+00,0.000000000000000000e+00,0.000000000000000000e+00,5.527499999999999636e-01,5.475600000000000467e-01,5.460800000000000098e-01,0.000000000000000000e+00,0.000000000000000000e+00,0.000000000000000000e+00,5.498699999999999699e-01,0.000000000000000000e+00,5.457699999999999774e-01,5.425799999999999512e-01,0.000000000000000000e+00,0.000000000000000000e+00
5.569300000000000361e-01,0.000000000000000000e+00,0.000000000000000000e+00,0.000000000000000000e+00,5.496699999999999919e-01,5.525200000000000111e-01,5.544200000000000239e-01,5.480199999999999516e-01,0.000000000000000000e+00,0.000000000000000000e+00,0.000000000000000000e+00,5.432799999999999851e-01,5.486100000000000421e-01,5.429199999999999582e-01,5.556699999999999973e-01,5.549699999999999633e-01,0.000000000000000000e+00,0.000000000000000000e+00,0.000000000000000000e+00,0.000000000000000000e+00,5.594799999999999773e-01,0.000000000000000000e+00,5.467499999999999583e-01,5.527800000000000491e-01,0.000000000000000000e+00,0.000000000000000000e+00,0.000000000000000000e+00,5.445200000000000040e-01,0.000000000000000000e+00,0.000000000000000000e+00,0.000000000000000000e+00,0.000000000000000000e+00,5.579199999999999715e-01,5.517600000000000282e-01,0.000000000000000000e+00,5.544599999999999529e-01,0.000000000000000000e+00,5.540699999999999514e-01,0.000000000000000000e+00,5.640500000000000513e-01,5.581300000000000150e-01,5.750399999999999956e-01,0.000000000000000000e+00,5.419899999999999718e-01,5.737900000000000222e-01,5.501700000000000479e-01,0.000000000000000000e+00,0.000000000000000000e+00,5.567499999999999671e-01,5.440399999999999681e-01,5.579399999999999915e-01,5.459100000000000064e-01,5.765500000000000069e-01,0.000000000000000000e+00,0.000000000000000000e+00,0.000000000000000000e+00,0.000000000000000000e+00,5.492399999999999505e-01,5.419199999999999573e-01,5.457699999999999774e-01,5.537900000000000045e-01,0.000000000000000000e+00,0.000000000000000000e+00,0.000000000000000000e+00,5.510099999999999998e-01,5.563700000000000312e-01,0.000000000000000000e+00,0.000000000000000000e+00,5.423200000000000243e-01,0.000000000000000000e+00,5.461700000000000443e-01,0.000000000000000000e+00,5.431399999999999562e-01,0.000000000000000000e+00,0.000000000000000000e+00,0.000000000000000000e+00
5.674299999999999899e-01,0.000000000000000000e+00,0.000000000000000000e+00,5.445799999999999530e-01,5.711800000000000210e-01,5.582099999999999840e-01,5.723300000000000054e-01,5.620600000000000041e-01,5.561300000000000132e-01,5.651899999999999702e-01,5.525799999999999601e-01,5.685799999999999743e-01,5.670500000000000540e-01,5.617499999999999716e-01,5.546100000000000474e-01,5.606499999999999817e-01,0.000000000000000000e+00,0.000000000000000000e+00,5.437499999999999556e-01,0.000000000000000000e+00,5.712699999999999445e-01,0.000000000000000000e+00,5.440099999999999936e-01,5.570100000000000051e-01,5.535299999999999665e-01,5.518399999999999972e-01,0.000000000000000000e+00,5.592000000000000304e-01,0.000000000000000000e+00,0.000000000000000000e+00,5.436600000000000321e-01,0.000000000000000000e+00,5.693200000000000482e-01,5.568899999999999961e-01,5.610000000000000542e-01,5.628100000000000325e-01,0.000000000000000000e+00,5.645000000000000018e-01,5.551099999999999923e-01,5.626299999999999635e-01,5.617999999999999661e-01,5.876099999999999657e-01,5.439300000000000246e-01,5.667699999999999960e-01,5.850699999999999790e-01,5.498600000000000154e-01,5.531300000000000106e-01,0.000000000000000000e+00,5.689100000000000268e-01,5.620800000000000241e-01,5.655499999999999972e-01,5.676400000000000334e-01,5.813199999999999479e-01,5.455299999999999594e-01,5.627600000000000380e-01,0.000000000000000000e+00,5.555999999999999828e-01,5.666499999999999870e-01,5.559699999999999642e-01,0.000000000000000000e+00,5.617600000000000371e-01,0.000000000000000000e+00,0.000000000000000000e+00,0.000000000000000000e+00,5.526699999999999946e-01,5.604599999999999582e-01,5.495499999999999829e-01,0.000000000000000000e+00,5.493400000000000505e-01,0.000000000000000000e+00,5.610500000000000487e-01,0.000000000000000000e+00,5.571199999999999486e-01,5.500099999999999989e-01,0.000000000000000000e+00,5.500599999999999934e-01
5.903199999999999559e-01,5.552799999999999958e-01,5.496699999999999919e-01,5.711800000000000210e-01,5.903199999999999559e-01,5.804700000000000415e-01,5.981300000000000505e-01,5.766900000000000359e-01,5.753000000000000336e-01,5.789900000000000047e-01,5.688900000000000068e-01,5.867999999999999883e-01,5.931300000000000461e-01,5.804200000000000470e-01,5.720399999999999929e-01,5.891499999999999515e-01,5.451099999999999834e-01,5.647900000000000142e-01,5.588100000000000289e-01,5.439599999999999991e-01,6.002199999999999758e-01,5.535499999999999865e-01,5.664700000000000291e-01,5.795400000000000551e-01,5.758199999999999985e-01,5.717499999999999805e-01,5.557499999999999662e-01,5.806200000000000250e-01,5.584400000000000475e-01,5.443299999999999805e-01,5.638800000000000479e-01,5.664500000000000091e-01,5.919999999999999707e-01,5.780899999999999928e-01,5.826799999999999757e-01,5.871399999999999952e-01,5.655599999999999516e-01,5.792199999999999571e-01,5.866200000000000303e-01,6.034800000000000164e-01,5.860400000000000054e-01,6.137099999999999778e-01,5.540800000000000169e-01,5.953500000000000458e-01,6.010299999999999532e-01,5.715900000000000425e-01,5.661199999999999566e-01,0.000000000000000000e+00,5.892399999999999860e-01,5.846799999999999775e-01,5.849100000000000410e-01,5.898200000000000109e-01,6.033100000000000129e-01,5.622700000000000475e-01,5.884599999999999831e-01,5.589499999999999469e-01,5.725900000000000434e-01,5.918400000000000327e-01,5.750800000000000356e-01,5.531599999999999850e-01,5.839999999999999636e-01,5.592000000000000304e-01,5.515400000000000302e-01,0.000000000000000000e+00,5.730899999999999883e-01,5.860699999999999799e-01,5.687900000000000178e-01,5.628999999999999559e-01,5.705000000000000071e-01,5.571599999999999886e-01,5.805200000000000360e-01,5.559300000000000352e-01,5.810499999999999554e-01,5.700399999999999912e-01,0.000000000000000000e+00,5.674599999999999644e-01
5.764500000000000179e-01,5.535299999999999665e-01,5.525200000000000111e-01,5.582099999999999840e-01,5.804700000000000415e-01,5.789400000000000102e-01,5.886900000000000466e-01,5.667699999999999960e-01,5.766599999999999504e-01,5.606600000000000472e-01,5.580500000000000460e-01,5.693300000000000027e-01,5.862600000000000033e-01,5.646499999999999853e-01,5.702500000000000346e-01,5.855299999999999949e-01,0.000000000000000000e+00,5.590899999999999759e-01,5.572200000000000486e-01,5.438600000000000101e-01,5.849299999999999500e-01,5.530199999999999561e-01,5.725999999999999979e-01,5.728600000000000358e-01,5.690499999999999448e-01,5.670800000000000285e-01,5.548600000000000199e-01,5.736400000000000388e-01,5.603399999999999492e-01,0.000000000000000000e+00,5.577299999999999480e-01,5.600800000000000223e-01,5.895500000000000185e-01,5.705599999999999561e-01,5.714599999999999680e-01,5.794300000000000006e-01,5.588400000000000034e-01,5.755599999999999605e-01,5.710199999999999720e-01,6.030100000000000460e-01,5.805099999999999705e-01,6.047400000000000553e-01,5.561399999999999677e-01,5.912399999999999878e-01,5.953000000000000513e-01,5.664000000000000146e-01,5.622099999999999875e-01,0.000000000000000000e+00,5.836500000000000021e-01,5.736900000000000333e-01,5.849100000000000410e-01,5.822100000000000053e-01,5.978099999999999525e-01,5.628999999999999559e-01,5.708400000000000141e-01,5.524499999999999966e-01,5.498899999999999899e-01,5.821899999999999853e-01,5.688800000000000523e-01,5.589899999999999869e-01,5.812100000000000044e-01,5.496600000000000374e-01,5.450199999999999489e-01,0.000000000000000000e+00,5.765500000000000069e-01,5.741800000000000237e-01,5.695700000000000207e-01,5.636600000000000499e-01,5.602899999999999547e-01,5.549300000000000344e-01,5.741199999999999637e-01,5.554700000000000193e-01,5.717100000000000515e-01,5.686099999999999488e-01,0.000000000000000000e+00,5.596700000000000008e-01
5.967799999999999772e-01,5.587900000000000089e-01,5.544099999999999584e-01,5.723200000000000509e-01,5.981300000000000505e-01,5.886900000000000466e-01,6.052300000000000457e-01,5.870199999999999863e-01,5.806700000000000195e-01,5.843699999999999450e-01,5.740300000000000402e-01,5.948799999999999644e-01,6.021100000000000341e-01,5.839600000000000346e-01,5.797099999999999476e-01,5.940999999999999615e-01,5.496699999999999919e-01,5.691000000000000503e-01,5.636900000000000244e-01,5.456699999999999884e-01,6.113300000000000400e-01,5.568499999999999561e-01,5.732699999999999463e-01,5.876200000000000312e-01,5.808499999999999774e-01,5.780899999999999928e-01,5.604799999999999782e-01,5.864200000000000523e-01,5.636799999999999589e-01,5.456400000000000139e-01,5.701500000000000457e-01,5.801399999999999890e-01,6.034500000000000419e-01,5.866999999999999993e-01,5.929499999999999771e-01,5.919799999999999507e-01,5.717799999999999550e-01,5.878700000000000037e-01,6.016000000000000236e-01,6.139599999999999502e-01,5.953500000000000458e-01,6.256899999999999684e-01,5.571899999999999631e-01,6.089999999999999858e-01,6.076700000000000434e-01,5.770600000000000174e-01,5.724200000000000399e-01,0.000000000000000000e+00,5.993800000000000239e-01,5.898799999999999599e-01,5.938600000000000545e-01,5.977599999999999580e-01,6.147700000000000387e-01,5.684399999999999453e-01,5.941899999999999959e-01,5.650500000000000522e-01,5.783300000000000107e-01,6.008400000000000407e-01,5.797700000000000076e-01,5.614799999999999791e-01,5.909499999999999753e-01,5.616100000000000536e-01,5.565999999999999837e-01,0.000000000000000000e+00,5.800400000000000000e-01,5.959799999999999542e-01,5.737100000000000533e-01,5.696299999999999697e-01,5.774700000000000388e-01,5.604099999999999637e-01,5.879600000000000382e-01,5.609600000000000142e-01,5.878299999999999637e-01,5.747799999999999576e-01,5.429000000000000492e-01,5.734200000000000408e-01
6.040600000000000414e-01,5.430899999999999617e-01,5.480199999999999516e-01,5.620600000000000041e-01,5.766900000000000359e-01,5.667699999999999960e-01,5.870199999999999863e-01,5.795299999999999896e-01,5.574000000000000066e-01,5.557299999999999462e-01,5.588300000000000489e-01,5.840699999999999781e-01,5.778799999999999493e-01,5.640600000000000058e-01,5.712800000000000100e-01,5.744099999999999762e-01,0.000000000000000000e+00,5.525999999999999801e-01,5.531500000000000306e-01,0.000000000000000000e+00,5.977099999999999635e-01,5.448899999999999855e-01,5.662500000000000311e-01,5.816400000000000459e-01,5.714099999999999735e-01,5.719499999999999584e-01,5.442299999999999915e-01,5.670300000000000340e-01,5.460800000000000098e-01,0.000000000000000000e+00,5.547100000000000364e-01,5.571899999999999631e-01,5.949699999999999989e-01,5.742000000000000437e-01,5.773700000000000498e-01,5.669800000000000395e-01,5.454900000000000304e-01,5.651300000000000212e-01,5.792800000000000171e-01,6.067399999999999460e-01,5.782000000000000473e-01,6.124199999999999644e-01,0.000000000000000000e+00,5.856200000000000294e-01,5.960699999999999887e-01,5.739999999999999547e-01,5.575900000000000301e-01,0.000000000000000000e+00,5.890499999999999625e-01,5.736599999999999477e-01,5.778799999999999493e-01,5.756099999999999550e-01,5.919699999999999962e-01,5.554599999999999538e-01,5.685700000000000198e-01,5.474700000000000122e-01,5.681699999999999529e-01,5.796799999999999731e-01,5.629100000000000215e-01,5.447499999999999565e-01,5.710899999999999865e-01,0.000000000000000000e+00,0.000000000000000000e+00,0.000000000000000000e+00,5.620899999999999785e-01,5.792699999999999516e-01,5.527100000000000346e-01,5.551800000000000068e-01,5.691100000000000048e-01,5.482799999999999896e-01,5.752800000000000136e-01,5.474799999999999667e-01,5.691899999999999737e-01,5.669999999999999485e-01,0.000000000000000000e+00,5.547400000000000109e-01
5.678600000000000314e-01,5.492799999999999905e-01,0.000000000000000000e+00,5.561300000000000132e-01,5.753000000000000336e-01,5.766599999999999504e-01,5.806700000000000195e-01,5.574000000000000066e-01,5.739199999999999857e-01,5.560199999999999587e-01,5.554799999999999738e-01,5.648600000000000287e-01,5.807900000000000285e-01,5.612899999999999556e-01,5.595799999999999663e-01,5.834799999999999986e-01,0.000000000000000000e+00,5.571800000000000086e-01,5.521099999999999897e-01,0.000000000000000000e+00,5.742800000000000127e-01,5.530300000000000216e-01,5.649999999999999467e-01,5.661300000000000221e-01,5.669600000000000195e-01,5.627299999999999525e-01,5.527600000000000291e-01,5.682300000000000129e-01,5.570500000000000451e-01,0.000000000000000000e+00,5.519500000000000517e-01,5.503400000000000514e-01,5.755000000000000115e-01,5.609800000000000342e-01,5.639199999999999768e-01,5.741300000000000292e-01,5.599199999999999733e-01,5.654099999999999682e-01,5.649100000000000232e-01,5.953300000000000258e-01,5.677900000000000169e-01,5.908900000000000263e-01,5.493599999999999595e-01,5.893300000000000205e-01,5.857599999999999474e-01,5.540800000000000169e-01,5.574200000000000266e-01,0.000000000000000000e+00,5.725400000000000489e-01,5.646600000000000508e-01,5.785000000000000142e-01,5.777200000000000113e-01,5.849999999999999645e-01,5.597299999999999498e-01,5.690199999999999703e-01,5.479000000000000536e-01,5.472200000000000397e-01,5.806900000000000395e-01,5.611699999999999466e-01,5.467600000000000238e-01,5.735299999999999843e-01,5.455499999999999794e-01,0.000000000000000000e+00,0.000000000000000000e+00,5.700300000000000367e-01,5.629600000000000160e-01,5.658600000000000296e-01,5.576600000000000446e-01,5.541700000000000514e-01,5.524700000000000166e-01,5.671000000000000485e-01,5.500399999999999734e-01,5.696400000000000352e-01,5.650100000000000122e-01,0.000000000000000000e+00,5.505999999999999783e-01
5.823899999999999633e-01,0.000000000000000000e+00,0.000000000000000000e+00,5.651899999999999702e-01,5.789900000000000047e-01,5.606600000000000472e-01,5.843699999999999450e-01,5.557299999999999462e-01,5.560199999999999587e-01,5.695099999999999607e-01,5.581500000000000350e-01,5.736799999999999677e-01,5.738999999999999657e-01,5.805900000000000505e-01,5.622599999999999820e-01,5.698999999999999622e-01,0.000000000000000000e+00,5.469300000000000272e-01,5.449500000000000455e-01,0.000000000000000000e+00,5.903899999999999704e-01,0.000000000000000000e+00,5.525900000000000256e-01,5.653200000000000447e-01,5.600300000000000278e-01,5.590699999999999559e-01,5.431399999999999562e-01,5.657299999999999551e-01,5.424799999999999622e-01,0.000000000000000000e+00,5.511300000000000088e-01,0.000000000000000000e+00,5.722099999999999964e-01,5.657100000000000461e-01,5.663099999999999801e-01,5.864800000000000013e-01,5.540199999999999569e-01,5.649300000000000432e-01,5.600199999999999623e-01,5.855500000000000149e-01,5.713799999999999990e-01,5.932500000000000551e-01,5.466299999999999493e-01,5.782800000000000162e-01,5.840899999999999981e-01,5.613299999999999956e-01,5.524200000000000221e-01,0.000000000000000000e+00,5.794599999999999751e-01,5.726400000000000379e-01,5.638699999999999823e-01,5.739300000000000512e-01,5.860100000000000309e-01,5.455400000000000249e-01,5.792899999999999716e-01,5.438199999999999701e-01,5.632700000000000484e-01,5.762300000000000200e-01,5.698900000000000077e-01,0.000000000000000000e+00,5.692399999999999682e-01,5.446400000000000130e-01,0.000000000000000000e+00,0.000000000000000000e+00,5.574500000000000011e-01,5.771600000000000064e-01,5.524000000000000021e-01,5.451000000000000290e-01,5.524000000000000021e-01,5.437100000000000266e-01,5.650199999999999667e-01,0.000000000000000000e+00,5.715400000000000480e-01,5.543799999999999839e-01,0.000000000000000000e+00,5.540000000000000480e-01
5.750300000000000411e-01,0.000000000000000000e+00,0.000000000000000000e+00,5.525799999999999601e-01,5.688900000000000068e-01,5.580500000000000460e-01,5.740300000000000402e-01,5.588300000000000489e-01,5.554799999999999738e-01,5.581500000000000350e-01,5.481399999999999606e-01,5.632300000000000084e-01,5.683200000000000474e-01,5.608199999999999852e-01,5.554799999999999738e-01,5.651199999999999557e-01,0.000000000000000000e+00,5.444700000000000095e-01,0.000000000000000000e+00,0.000000000000000000e+00,5.786700000000000177e-01,0.000000000000000000e+00,5.521700000000000497e-01,5.606600000000000472e-01,5.568999999999999506e-01,5.533599999999999630e-01,0.000000000000000000e+00,5.604599999999999582e-01,0.000000000000000000e+00,0.000000000000000000e+00,5.463299999999999823e-01,5.419699999999999518e-01,5.698100000000000387e-01,5.581899999999999640e-01,5.601899999999999658e-01,5.688199999999999923e-01,5.457100000000000284e-01,5.575099999999999500e-01,5.537300000000000555e-01,5.797400000000000331e-01,5.622200000000000530e-01,5.874200000000000532e-01,0.000000000000000000e+00,5.664099999999999691e-01,5.805700000000000305e-01,5.581399999999999695e-01,5.485900000000000221e-01,0.000000000000000000e+00,5.701800000000000201e-01,5.621199999999999530e-01,5.662300000000000111e-01,5.668499999999999650e-01,5.836700000000000221e-01,5.475200000000000067e-01,5.621800000000000130e-01,5.422200000000000353e-01,5.488499999999999490e-01,5.691399999999999793e-01,5.581300000000000150e-01,0.000000000000000000e+00,5.632300000000000084e-01,0.000000000000000000e+00,0.000000000000000000e+00,0.000000000000000000e+00,5.544700000000000184e-01,5.672599999999999865e-01,5.507400000000000073e-01,5.452200000000000379e-01,5.483799999999999786e-01,5.427800000000000402e-01,5.592399999999999594e-01,0.000000000000000000e+00,5.611899999999999666e-01,5.523799999999999821e-01,0.000000000000000000e+00,5.468499999999999472e-01
5.957000000000000073e-01,5.472900000000000542e-01,5.432799999999999851e-01,5.685799999999999743e-01,5.867999999999999883e-01,5.693200000000000482e-01,5.948799999999999644e-01,5.840699999999999781e-01,5.648600000000000287e-01,5.736799999999999677e-01,5.632300000000000084e-01,5.893300000000000205e-01,5.863399999999999723e-01,5.762899999999999689e-01,5.729499999999999593e-01,5.813899999999999624e-01,0.000000000000000000e+00,5.552899999999999503e-01,5.523200000000000331e-01,0.000000000000000000e+00,6.000299999999999523e-01,5.469699999999999562e-01,5.623299999999999965e-01,5.795700000000000296e-01,5.711600000000000010e-01,5.707600000000000451e-01,5.472700000000000342e-01,5.739100000000000312e-01,5.489600000000000035e-01,0.000000000000000000e+00,5.591300000000000159e-01,5.537699999999999845e-01,5.932699999999999640e-01,5.828999999999999737e-01,5.862300000000000288e-01,5.814599999999999769e-01,5.542200000000000459e-01,5.705099999999999616e-01,5.723700000000000454e-01,6.007599999999999607e-01,5.813599999999999879e-01,6.091299999999999493e-01,0.000000000000000000e+00,5.814099999999999824e-01,5.976200000000000401e-01,5.650399999999999867e-01,5.583000000000000185e-01,0.000000000000000000e+00,5.821499999999999453e-01,5.774099999999999788e-01,5.768299999999999539e-01,5.806000000000000050e-01,5.995899999999999563e-01,5.515700000000000047e-01,5.841300000000000381e-01,5.509399999999999853e-01,5.780800000000000383e-01,5.849699999999999900e-01,5.671500000000000430e-01,5.478499999999999481e-01,5.753700000000000481e-01,5.436800000000000521e-01,5.427800000000000402e-01,0.000000000000000000e+00,5.651800000000000157e-01,5.845200000000000395e-01,5.575799999999999645e-01,5.574099999999999611e-01,5.674700000000000299e-01,5.479800000000000226e-01,5.759900000000000020e-01,5.481399999999999606e-01,5.758999999999999675e-01,5.638699999999999823e-01,0.000000000000000000e+00,5.598400000000000043e-01
5.873500000000000387e-01,5.571099999999999941e-01,5.486100000000000421e-01,5.670500000000000540e-01,5.931300000000000461e-01,5.862600000000000033e-01,6.021100000000000341e-01,5.778799999999999493e-01,5.807900000000000285e-01,5.738999999999999657e-01,5.683200000000000474e-01,5.863399999999999723e-01,5.996599999999999708e-01,5.777700000000000058e-01,5.720800000000000329e-01,5.907599999999999518e-01,5.443200000000000260e-01,5.670899999999999830e-01,5.583799999999999875e-01,5.446999999999999620e-01,6.013899999999999801e-01,5.555499999999999883e-01,5.705900000000000416e-01,5.818799999999999528e-01,5.769600000000000284e-01,5.728900000000000103e-01,5.583900000000000530e-01,5.840699999999999781e-01,5.641899999999999693e-01,5.467699999999999783e-01,5.655200000000000227e-01,5.741699999999999582e-01,5.992600000000000149e-01,5.792100000000000026e-01,5.833099999999999952e-01,5.881199999999999761e-01,5.692000000000000393e-01,5.835900000000000531e-01,5.926500000000000101e-01,6.083100000000000174e-01,5.877700000000000147e-01,6.168400000000000549e-01,5.602800000000000002e-01,6.072600000000000220e-01,6.024699999999999500e-01,5.721699999999999564e-01,5.675299999999999789e-01,0.000000000000000000e+00,5.940900000000000070e-01,5.834399999999999586e-01,5.880999999999999561e-01,5.938600000000000545e-01,6.075000000000000400e-01,5.664000000000000146e-01,5.876599999999999602e-01,5.605999999999999872e-01,5.693899999999999517e-01,5.962399999999999922e-01,5.785599999999999632e-01,5.548399999999999999e-01,5.879499999999999726e-01,5.595700000000000118e-01,5.551599999999999868e-01,0.000000000000000000e+00,5.776000000000000023e-01,5.869299999999999518e-01,5.724500000000000144e-01,5.677100000000000479e-01,5.722300000000000164e-01,5.588100000000000289e-01,5.829100000000000392e-01,5.580000000000000515e-01,5.843699999999999450e-01,5.718800000000000550e-01,0.000000000000000000e+00,5.679800000000000404e-01
5.727999999999999758e-01,5.468100000000000183e-01,5.429199999999999582e-01,5.617499999999999716e-01,5.804200000000000470e-01,5.646499999999999853e-01,5.839600000000000346e-01,5.640600000000000058e-01,5.612899999999999556e-01,5.805900000000000505e-01,5.608199999999999852e-01,5.762899999999999689e-01,5.777700000000000058e-01,5.756099999999999550e-01,5.642300000000000093e-01,5.667600000000000415e-01,0.000000000000000000e+00,5.446600000000000330e-01,5.477300000000000502e-01,0.000000000000000000e+00,5.935200000000000475e-01,0.000000000000000000e+00,5.521000000000000352e-01,5.606200000000000072e-01,5.579300000000000370e-01,5.555700000000000083e-01,5.438499999999999446e-01,5.712000000000000410e-01,5.471799999999999997e-01,0.000000000000000000e+00,5.515999999999999792e-01,5.430099999999999927e-01,5.745799999999999796e-01,5.631899999999999684e-01,5.626200000000000090e-01,5.820499999999999563e-01,5.483799999999999786e-01,5.768100000000000449e-01,5.657400000000000206e-01,5.731199999999999628e-01,5.692300000000000137e-01,6.022499999999999520e-01,5.617799999999999461e-01,5.856000000000000094e-01,5.993300000000000294e-01,5.587199999999999944e-01,5.589100000000000179e-01,0.000000000000000000e+00,5.876400000000000512e-01,5.760800000000000365e-01,5.683799999999999963e-01,5.756200000000000205e-01,6.048299999999999788e-01,5.484599999999999476e-01,5.811699999999999644e-01,5.487900000000000000e-01,5.633099999999999774e-01,5.781500000000000528e-01,5.774000000000000243e-01,0.000000000000000000e+00,5.806000000000000050e-01,5.572799999999999976e-01,5.455699999999999994e-01,0.000000000000000000e+00,5.608699999999999797e-01,5.813399999999999679e-01,5.555999999999999828e-01,5.477499999999999591e-01,5.543900000000000494e-01,5.452299999999999924e-01,5.666600000000000525e-01,5.447199999999999820e-01,5.711399999999999810e-01,5.510300000000000198e-01,0.000000000000000000e+00,5.583099999999999730e-01
5.775400000000000533e-01,5.499300000000000299e-01,5.556699999999999973e-01,5.546100000000000474e-01,5.720399999999999929e-01,5.702500000000000346e-01,5.797099999999999476e-01,5.712800000000000100e-01,5.595799999999999663e-01,5.622599999999999820e-01,5.554799999999999738e-01,5.729499999999999593e-01,5.720800000000000329e-01,5.642300000000000093e-01,5.837499999999999911e-01,5.731699999999999573e-01,0.000000000000000000e+00,5.522899999999999476e-01,5.545099999999999474e-01,0.000000000000000000e+00,5.910999999999999588e-01,0.000000000000000000e+00,5.674099999999999699e-01,5.740699999999999692e-01,5.618900000000000006e-01,5.624700000000000255e-01,5.448600000000000110e-01,5.642500000000000293e-01,5.467199999999999838e-01,0.000000000000000000e+00,5.571099999999999941e-01,5.465999999999999748e-01,5.796000000000000041e-01,5.740399999999999947e-01,5.669600000000000195e-01,5.719999999999999529e-01,0.000000000000000000e+00,5.745299999999999851e-01,5.639300000000000423e-01,5.914700000000000513e-01,5.858400000000000274e-01,6.027900000000000480e-01,0.000000000000000000e+00,5.630800000000000249e-01,5.977200000000000291e-01,5.684500000000000108e-01,5.580399999999999805e-01,0.000000000000000000e+00,5.775900000000000478e-01,5.702199999999999491e-01,5.794200000000000461e-01,5.685999999999999943e-01,6.029499999999999860e-01,5.539100000000000135e-01,5.624799999999999800e-01,5.479899999999999771e-01,5.580399999999999805e-01,5.698699999999999877e-01,5.593599999999999683e-01,5.777799999999999603e-01,5.750699999999999701e-01,5.431599999999999762e-01,0.000000000000000000e+00,0.000000000000000000e+00,5.706900000000000306e-01,5.848299999999999610e-01,5.562000000000000277e-01,5.607400000000000162e-01,5.637999999999999678e-01,5.508100000000000218e-01,5.685799999999999743e-01,5.525299999999999656e-01,5.639300000000000423e-01,5.591599999999999904e-01,0.000000000000000000e+00,5.598499999999999588e-01
5.794700000000000406e-01,5.563700000000000312e-01,5.549699999999999633e-01,5.606499999999999817e-01,5.891499999999999515e-01,5.855299999999999949e-01,5.940999999999999615e-01,5.744099999999999762e-01,5.834799999999999986e-01,5.698999999999999622e-01,5.651199999999999557e-01,5.813899999999999624e-01,5.907599999999999518e-01,5.667600000000000415e-01,5.731699999999999573e-01,5.852199999999999624e-01,0.000000000000000000e+00,5.589399999999999924e-01,5.615499999999999936e-01,5.496400000000000174e-01,5.905599999999999739e-01,5.575999999999999845e-01,5.757400000000000295e-01,5.760699999999999710e-01,5.740499999999999492e-01,5.716499999999999915e-01,5.584099999999999620e-01,5.800600000000000200e-01,5.648999999999999577e-01,5.424600000000000533e-01,5.611199999999999521e-01,5.631899999999999684e-01,5.958799999999999653e-01,5.755599999999999605e-01,5.751500000000000501e-01,5.792399999999999771e-01,5.573900000000000521e-01,5.901999999999999469e-01,5.782899999999999707e-01,5.979700000000000015e-01,5.840199999999999836e-01,6.117599999999999705e-01,5.571399999999999686e-01,6.029299999999999660e-01,6.107399999999999496e-01,5.698199999999999932e-01,5.682599999999999874e-01,0.000000000000000000e+00,5.904599999999999849e-01,5.792500000000000426e-01,5.882600000000000051e-01,5.854899999999999549e-01,6.118700000000000250e-01,5.632000000000000339e-01,5.789999999999999591e-01,5.540599999999999969e-01,5.576200000000000045e-01,5.856599999999999584e-01,5.702800000000000091e-01,5.604700000000000237e-01,5.882899999999999796e-01,5.532000000000000250e-01,5.480899999999999661e-01,0.000000000000000000e+00,5.823700000000000543e-01,5.819100000000000383e-01,5.751300000000000301e-01,5.677900000000000169e-01,5.680800000000000294e-01,5.530899999999999705e-01,5.800899999999999945e-01,5.603500000000000147e-01,5.732800000000000118e-01,5.688999999999999613e-01,0.000000000000000000e+00,5.650699999999999612e-01
0.000000000000000000e+00,0.000000000000000000e+00,0.000000000000000000e+00,0.000000000000000000e+00,5.451099999999999834e-01,0.000000000000000000e+00,5.496699999999999919e-01,0.000000000000000000e+00,0.000000000000000000e+00,0.000000000000000000e+00,0.000000000000000000e+00,0.000000000000000000e+00,5.443200000000000260e-01,0.000000000000000000e+00,0.000000000000000000e+00,0.000000000000000000e+00,0.000000000000000000e+00,0.000000000000000000e+00,0.000000000000000000e+00,0.000000000000000000e+00,5.517499999999999627e-01,0.000000000000000000e+00,0.000000000000000000e+00,0.000000000000000000e+00,0.000000000000000000e+00,0.000000000000000000e+00,0.000000000000000000e+00,0.000000000000000000e+00,0.000000000000000000e+00,0.000000000000000000e+00,0.000000000000000000e+00,0.000000000000000000e+00,0.000000000000000000e+00,0.000000000000000000e+00,0.000000000000000000e+00,5.448600000000000110e-01,0.000000000000000000e+00,0.000000000000000000e+00,0.000000000000000000e+00,5.500899999999999679e-01,0.000000000000000000e+00,5.546100000000000474e-01,0.000000000000000000e+00,5.439699999999999536e-01,5.549699999999999633e-01,0.000000000000000000e+00,0.000000000000000000e+00,0.000000000000000000e+00,5.480699999999999461e-01,0.000000000000000000e+00,0.000000000000000000e+00,5.430000000000000382e-01,5.539199999999999680e-01,0.000000000000000000e+00,5.420199999999999463e-01,0.000000000000000000e+00,0.000000000000000000e+00,5.435799999999999521e-01,0.000000000000000000e+00,0.000000000000000000e+00,5.449800000000000200e-01,0.000000000000000000e+00,0.000000000000000000e+00,0.000000000000000000e+00,0.000000000000000000e+00,5.447199999999999820e-01,0.000000000000000000e+00,0.000000000000000000e+00,0.000000000000000000e+00,0.000000000000000000e+00,0.000000000000000000e+00,0.000000000000000000e+00,0.000000000000000000e+00,0.000000000000000000e+00,0.000000000000000000e+00,0.000000000000000000e+00
5.591199999999999504e-01,0.000000000000000000e+00,0.000000000000000000e+00,0.000000000000000000e+00,5.647900000000000142e-01,5.590899999999999759e-01,5.690899999999999848e-01,5.525900000000000256e-01,5.571800000000000086e-01,5.469300000000000272e-01,5.444700000000000095e-01,5.552899999999999503e-01,5.670899999999999830e-01,5.446600000000000330e-01,5.522899999999999476e-01,5.589300000000000379e-01,0.000000000000000000e+00,0.000000000000000000e+00,0.000000000000000000e+00,0.000000000000000000e+00,5.644599999999999618e-01,0.000000000000000000e+00,5.484999999999999876e-01,5.530899999999999705e-01,5.522200000000000442e-01,5.499800000000000244e-01,0.000000000000000000e+00,5.552099999999999813e-01,0.000000000000000000e+00,0.000000000000000000e+00,0.000000000000000000e+00,5.429199999999999582e-01,5.659399999999999986e-01,5.484400000000000386e-01,5.517699999999999827e-01,5.514000000000000012e-01,0.000000000000000000e+00,5.559199999999999697e-01,5.541599999999999859e-01,5.748199999999999976e-01,5.589699999999999669e-01,5.773099999999999898e-01,0.000000000000000000e+00,5.667699999999999960e-01,5.740300000000000402e-01,5.468699999999999672e-01,5.469199999999999617e-01,0.000000000000000000e+00,5.611699999999999466e-01,5.563299999999999912e-01,5.649499999999999522e-01,5.635000000000000009e-01,5.750399999999999956e-01,5.447899999999999965e-01,5.531399999999999650e-01,0.000000000000000000e+00,0.000000000000000000e+00,5.641199999999999548e-01,5.474400000000000377e-01,0.000000000000000000e+00,5.612899999999999556e-01,0.000000000000000000e+00,0.000000000000000000e+00,0.000000000000000000e+00,5.531399999999999650e-01,5.533000000000000140e-01,5.489199999999999635e-01,5.446900000000000075e-01,5.468600000000000128e-01,0.000000000000000000e+00,5.563900000000000512e-01,0.000000000000000000e+00,5.531599999999999850e-01,5.480899999999999661e-01,0.000000000000000000e+00,0.000000000000000000e+00
5.622399999999999620e-01,0.000000000000000000e+00,0.000000000000000000e+00,5.437499999999999556e-01,5.588100000000000289e-01,5.572200000000000486e-01,5.636900000000000244e-01,5.531500000000000306e-01,5.521099999999999897e-01,5.449500000000000455e-01,0.000000000000000000e+00,5.523200000000000331e-01,5.583799999999999875e-01,5.477300000000000502e-01,5.545099999999999474e-01,5.615499999999999936e-01,0.000000000000000000e+00,0.000000000000000000e+00,0.000000000000000000e+00,0.000000000000000000e+00,5.671199999999999575e-01,0.000000000000000000e+00,5.530300000000000216e-01,5.556400000000000228e-01,5.491200000000000525e-01,5.486299999999999510e-01,0.000000000000000000e+00,5.517100000000000337e-01,0.000000000000000000e+00,0.000000000000000000e+00,0.000000000000000000e+00,0.000000000000000000e+00,5.631199999999999539e-01,5.533500000000000085e-01,5.501599999999999824e-01,5.567600000000000326e-01,0.000000000000000000e+00,5.512500000000000178e-01,5.454400000000000359e-01,5.737799999999999567e-01,5.579199999999999715e-01,5.825599999999999667e-01,0.000000000000000000e+00,5.608800000000000452e-01,5.729699999999999793e-01,5.515400000000000302e-01,5.428699999999999637e-01,0.000000000000000000e+00,5.629899999999999904e-01,5.530599999999999961e-01,5.629399999999999959e-01,5.572599999999999776e-01,5.799299999999999455e-01,5.422200000000000353e-01,5.461300000000000043e-01,0.000000000000000000e+00,0.000000000000000000e+00,5.588400000000000034e-01,5.482900000000000551e-01,0.000000000000000000e+00,5.574900000000000411e-01,0.000000000000000000e+00,0.000000000000000000e+00,0.000000000000000000e+00,5.552500000000000213e-01,5.566100000000000492e-01,5.464999999999999858e-01,5.442000000000000171e-01,5.432200000000000362e-01,0.000000000000000000e+00,5.536100000000000465e-01,0.000000000000000000e+00,5.497300000000000519e-01,5.491500000000000270e-01,0.000000000000000000e+00,0.000000000000000000e+00
0.000000000000000000e+00,0.000000000000000000e+00,0.000000000000000000e+00,0.000000000000000000e+00,5.439599999999999991e-01,5.438600000000000101e-01,5.456699999999999884e-01,0.000000000000000000e+00,0.000000000000000000e+00,0.000000000000000000e+00,0.000000000000000000e+00,0.000000000000000000e+00,5.446999999999999620e-01,0.000000000000000000e+00,0.000000000000000000e+00,5.496499999999999719e-01,0.000000000000000000e+00,0.000000000000000000e+00,0.000000000000000000e+00,0.000000000000000000e+00,5.477400000000000047e-01,0.000000000000000000e+00,0.000000000000000000e+00,0.000000000000000000e+00,0.000000000000000000e+00,0.000000000000000000e+00,0.000000000000000000e+00,0.000000000000000000e+00,0.000000000000000000e+00,0.000000000000000000e+00,0.000000000000000000e+00,0.000000000000000000e+00,5.449000000000000510e-01,0.000000000000000000e+00,0.000000000000000000e+00,5.445799999999999530e-01,0.000000000000000000e+00,0.000000000000000000e+00,0.000000000000000000e+00,5.553200000000000358e-01,5.419500000000000428e-01,5.600899999999999768e-01,0.000000000000000000e+00,0.000000000000000000e+00,5.623500000000000165e-01,0.000000000000000000e+00,0.000000000000000000e+00,0.000000000000000000e+00,0.000000000000000000e+00,0.000000000000000000e+00,5.447199999999999820e-01,0.000000000000000000e+00,5.598899999999999988e-01,0.000000000000000000e+00,0.000000000000000000e+00,0.000000000000000000e+00,0.000000000000000000e+00,5.427600000000000202e-01,0.000000000000000000e+00,0.000000000000000000e+00,5.440300000000000136e-01,0.000000000000000000e+00,0.000000000000000000e+00,0.000000000000000000e+00,5.439000000000000501e-01,0.000000000000000000e+00,0.000000000000000000e+00,0.000000000000000000e+00,0.000000000000000000e+00,0.000000000000000000e+00,0.000000000000000000e+00,0.000000000000000000e+00,0.000000000000000000e+00,0.000000000000000000e+00,0.000000000000000000e+00,0.000000000000000000e+00
6.121199999999999974e-01,5.599600000000000133e-01,5.594799999999999773e-01,5.712699999999999445e-01,6.002199999999999758e-01,5.849299999999999500e-01,6.113300000000000400e-01,5.977099999999999635e-01,5.742800000000000127e-01,5.903899999999999704e-01,5.786700000000000177e-01,6.000299999999999523e-01,6.013899999999999801e-01,5.935200000000000475e-01,5.910999999999999588e-01,5.905599999999999739e-01,5.517499999999999627e-01,5.644599999999999618e-01,5.671199999999999575e-01,5.477400000000000047e-01,6.287199999999999456e-01,5.543799999999999839e-01,5.826099999999999612e-01,5.979900000000000215e-01,5.838700000000000001e-01,5.825399999999999467e-01,5.569199999999999706e-01,5.904899999999999594e-01,5.619199999999999751e-01,0.000000000000000000e+00,5.711399999999999810e-01,5.853000000000000425e-01,6.110900000000000221e-01,5.900300000000000544e-01,5.952199999999999713e-01,5.983000000000000540e-01,5.651399999999999757e-01,5.912500000000000533e-01,6.082699999999999774e-01,6.198399999999999466e-01,6.000600000000000378e-01,6.329599999999999671e-01,5.597800000000000553e-01,6.094199999999999617e-01,6.155100000000000016e-01,5.924599999999999866e-01,5.767700000000000049e-01,0.000000000000000000e+00,6.159000000000000030e-01,5.981100000000000305e-01,5.944500000000000339e-01,5.987299999999999844e-01,6.261600000000000499e-01,5.678699999999999859e-01,5.953300000000000258e-01,5.664700000000000291e-01,5.815299999999999914e-01,6.031100000000000350e-01,5.874000000000000332e-01,5.630500000000000504e-01,6.019299999999999651e-01,5.666499999999999870e-01,5.603700000000000347e-01,0.000000000000000000e+00,5.816599999999999548e-01,6.125000000000000444e-01,5.741399999999999837e-01,5.705500000000000016e-01,5.824500000000000233e-01,5.614000000000000101e-01,5.905000000000000249e-01,5.618100000000000316e-01,5.915200000000000458e-01,5.750699999999999701e-01,5.451099999999999834e-01,5.788699999999999957e-01
