5.876599999999999602e-01,5.513599999999999612e-01,5.451099999999999834e-01,5.728400000000000158e-01,5.933399999999999785e-01,5.692700000000000538e-01,5.804000000000000270e-01,5.613700000000000356e-01,5.604500000000000037e-01,5.719999999999999529e-01,5.541500000000000314e-01,5.677299999999999569e-01,5.773800000000000043e-01,5.643399999999999528e-01,5.505499999999999838e-01,5.765799999999999814e-01,5.772699999999999498e-01,5.752399999999999736e-01,5.461200000000000498e-01,5.627699999999999925e-01,5.818299999999999583e-01,5.672800000000000065e-01,5.512000000000000233e-01,5.948600000000000554e-01,5.762199999999999545e-01,5.614299999999999846e-01,0.000000000000000000e+00,5.653200000000000447e-01,5.592200000000000504e-01,0.000000000000000000e+00,5.726200000000000179e-01,5.908999999999999808e-01,5.924099999999999921e-01,5.876299999999999857e-01,6.088700000000000223e-01,5.724099999999999744e-01,5.830300000000000482e-01,5.799600000000000311e-01,5.996500000000000163e-01,6.017900000000000471e-01,5.964099999999999957e-01,6.068900000000000405e-01,5.519899999999999807e-01,6.007700000000000262e-01,6.070200000000000040e-01,5.620199999999999640e-01,5.645900000000000363e-01,5.403000000000000025e-01,5.828100000000000502e-01,5.837099999999999511e-01,5.748199999999999976e-01,5.797099999999999476e-01,6.020100000000000451e-01,5.676799999999999624e-01,5.713599999999999790e-01,5.592599999999999794e-01,5.770699999999999719e-01,5.771699999999999608e-01,5.622300000000000075e-01,0.000000000000000000e+00,5.553399999999999448e-01,5.457899999999999974e-01,5.638100000000000334e-01,0.000000000000000000e+00,5.565900000000000292e-01,5.557800000000000518e-01,5.638300000000000534e-01,5.614400000000000501e-01,5.944099999999999939e-01,5.575200000000000156e-01,5.718900000000000095e-01,5.551199999999999468e-01,5.592200000000000504e-01,5.596700000000000008e-01,0.000000000000000000e+00,5.648300000000000542e-01
5.513599999999999612e-01,0.000000000000000000e+00,0.000000000000000000e+00,5.489199999999999635e-01,5.716099999999999515e-01,5.414999999999999813e-01,5.615200000000000191e-01,0.000000000000000000e+00,5.456100000000000394e-01,5.551300000000000123e-01,0.000000000000000000e+00,0.000000000000000000e+00,5.535499999999999865e-01,5.507800000000000473e-01,0.000000000000000000e+00,5.486499999999999710e-01,5.609399999999999942e-01,5.503599999999999604e-01,0.000000000000000000e+00,5.404299999999999660e-01,5.491200000000000525e-01,5.422000000000000153e-01,0.000000000000000000e+00,5.586699999999999999e-01,5.520399999999999752e-01,0.000000000000000000e+00,0.000000000000000000e+00,5.494299999999999740e-01,0.000000000000000000e+00,0.000000000000000000e+00,5.470199999999999507e-01,5.637900000000000134e-01,5.663799999999999946e-01,5.566999999999999726e-01,5.741899999999999782e-01,5.541800000000000059e-01,5.654200000000000337e-01,5.542099999999999804e-01,5.660100000000000131e-01,5.727299999999999613e-01,5.651199999999999557e-01,5.672099999999999920e-01,5.530000000000000471e-01,5.848400000000000265e-01,5.723000000000000309e-01,0.000000000000000000e+00,5.419000000000000483e-01,0.000000000000000000e+00,5.568100000000000271e-01,5.611399999999999721e-01,5.482399999999999496e-01,5.562899999999999512e-01,5.735500000000000043e-01,5.467999999999999527e-01,5.582899999999999530e-01,5.407699999999999729e-01,5.510500000000000398e-01,5.514000000000000012e-01,5.505299999999999638e-01,0.000000000000000000e+00,0.000000000000000000e+00,0.000000000000000000e+00,5.439599999999999991e-01,0.000000000000000000e+00,0.000000000000000000e+00,0.000000000000000000e+00,5.426100000000000367e-01,5.433700000000000196e-01,5.589699999999999669e-01,5.407399999999999984e-01,5.463599999999999568e-01,0.000000000000000000e+00,5.408500000000000529e-01,5.403000000000000025e-01,0.000000000000000000e+00,5.428800000000000292e-01
5.451099999999999834e-01,0.000000000000000000e+00,0.000000000000000000e+00,0.000000000000000000e+00,5.632899999999999574e-01,0.000000000000000000e+00,5.481099999999999861e-01,0.000000000000000000e+00,0.000000000000000000e+00,5.449899999999999745e-01,0.000000000000000000e+00,0.000000000000000000e+00,5.408199999999999674e-01,5.428100000000000147e-01,0.000000000000000000e+00,5.436299999999999466e-01,5.458699999999999664e-01,0.000000000000000000e+00,0.000000000000000000e+00,0.000000000000000000e+00,0.000000000000000000e+00,0.000000000000000000e+00,0.000000000000000000e+00,5.474799999999999667e-01,5.449600000000000000e-01,0.000000000000000000e+00,0.000000000000000000e+00,5.415299999999999558e-01,0.000000000000000000e+00,0.000000000000000000e+00,0.000000000000000000e+00,5.428899999999999837e-01,5.527400000000000091e-01,5.460199999999999498e-01,5.558899999999999952e-01,5.483700000000000241e-01,5.548300000000000454e-01,5.481099999999999861e-01,5.493000000000000105e-01,5.555400000000000338e-01,5.537800000000000500e-01,5.576499999999999790e-01,5.530000000000000471e-01,5.586900000000000199e-01,5.667900000000000160e-01,5.422200000000000353e-01,0.000000000000000000e+00,0.000000000000000000e+00,5.429199999999999582e-01,5.487900000000000000e-01,0.000000000000000000e+00,5.453299999999999814e-01,5.704399999999999471e-01,5.400700000000000500e-01,5.491200000000000525e-01,0.000000000000000000e+00,0.000000000000000000e+00,5.435999999999999721e-01,5.470699999999999452e-01,0.000000000000000000e+00,0.000000000000000000e+00,0.000000000000000000e+00,0.000000000000000000e+00,0.000000000000000000e+00,0.000000000000000000e+00,0.000000000000000000e+00,0.000000000000000000e+00,5.403700000000000170e-01,5.504599999999999493e-01,0.000000000000000000e+00,0.000000000000000000e+00,0.000000000000000000e+00,0.000000000000000000e+00,0.000000000000000000e+00,0.000000000000000000e+00,0.000000000000000000e+00
5.728400000000000158e-01,5.489199999999999635e-01,0.000000000000000000e+00,5.782599999999999962e-01,6.030699999999999950e-01,5.604599999999999582e-01,5.871499999999999497e-01,5.613700000000000356e-01,5.650699999999999612e-01,5.856799999999999784e-01,5.611699999999999466e-01,5.730100000000000193e-01,5.793800000000000061e-01,5.798200000000000021e-01,5.422299999999999898e-01,5.782599999999999962e-01,5.870900000000000007e-01,5.759800000000000475e-01,5.482399999999999496e-01,5.598699999999999788e-01,5.787799999999999612e-01,5.641599999999999948e-01,5.497900000000000009e-01,5.842899999999999761e-01,5.758100000000000440e-01,5.608499999999999597e-01,0.000000000000000000e+00,5.752099999999999991e-01,5.573900000000000521e-01,5.472000000000000197e-01,5.729800000000000448e-01,5.881800000000000361e-01,6.060400000000000231e-01,5.939999999999999725e-01,6.065899999999999626e-01,5.903199999999999559e-01,6.015500000000000291e-01,5.939299999999999580e-01,5.858700000000000019e-01,6.192800000000000527e-01,5.996200000000000419e-01,5.986200000000000410e-01,5.835299999999999931e-01,6.182900000000000063e-01,6.001800000000000468e-01,5.659199999999999786e-01,5.615900000000000336e-01,0.000000000000000000e+00,5.905799999999999939e-01,5.926399999999999446e-01,5.712699999999999445e-01,5.845599999999999685e-01,6.105699999999999461e-01,5.686900000000000288e-01,5.899699999999999944e-01,5.692300000000000137e-01,5.860800000000000454e-01,5.808600000000000430e-01,5.820600000000000218e-01,0.000000000000000000e+00,5.730399999999999938e-01,5.638300000000000534e-01,5.718499999999999694e-01,5.445900000000000185e-01,5.595499999999999918e-01,5.601500000000000368e-01,5.621500000000000385e-01,5.677600000000000424e-01,5.881899999999999906e-01,5.621899999999999675e-01,5.701399999999999801e-01,5.597699999999999898e-01,5.683799999999999963e-01,5.628199999999999870e-01,0.000000000000000000e+00,5.699800000000000422e-01
5.933399999999999785e-01,5.716099999999999515e-01,5.632899999999999574e-01,6.030699999999999950e-01,6.473200000000000065e-01,5.887499999999999956e-01,6.274999999999999467e-01,5.859100000000000419e-01,6.021699999999999831e-01,6.182900000000000063e-01,5.926399999999999446e-01,5.898700000000000054e-01,6.146599999999999842e-01,6.150200000000000111e-01,5.472799999999999887e-01,6.126899999999999569e-01,6.289200000000000346e-01,6.056899999999999507e-01,5.780399999999999983e-01,5.888999999999999790e-01,6.008099999999999552e-01,5.906200000000000339e-01,5.726900000000000324e-01,6.132199999999999873e-01,6.089099999999999513e-01,5.802000000000000490e-01,5.599699999999999678e-01,6.107700000000000351e-01,5.887900000000000356e-01,5.806400000000000450e-01,5.965200000000000502e-01,6.384900000000000020e-01,6.346100000000000074e-01,6.094100000000000072e-01,6.445699999999999763e-01,6.273199999999999887e-01,6.410400000000000542e-01,6.131699999999999928e-01,6.406899999999999817e-01,6.491599999999999593e-01,6.317800000000000082e-01,6.336500000000000465e-01,6.242199999999999971e-01,6.736600000000000366e-01,6.364699999999999802e-01,5.783899999999999597e-01,5.796799999999999731e-01,5.636200000000000099e-01,6.221299999999999608e-01,6.280799999999999716e-01,6.003800000000000248e-01,6.162300000000000555e-01,6.402400000000000313e-01,6.018299999999999761e-01,6.321999999999999842e-01,5.972199999999999731e-01,6.094100000000000072e-01,6.094100000000000072e-01,6.138900000000000468e-01,0.000000000000000000e+00,5.946399999999999464e-01,5.901800000000000379e-01,6.029600000000000515e-01,5.647900000000000142e-01,5.880400000000000071e-01,5.801199999999999690e-01,5.915500000000000203e-01,5.936200000000000365e-01,6.129799999999999693e-01,5.949100000000000499e-01,5.957000000000000073e-01,5.887999999999999901e-01,5.963100000000000067e-01,5.921399999999999997e-01,5.548600000000000199e-01,5.946299999999999919e-01
5.692700000000000538e-01,5.414999999999999813e-01,0.000000000000000000e+00,5.604599999999999582e-01,5.887499999999999956e-01,5.606499999999999817e-01,5.817700000000000093e-01,5.496999999999999664e-01,5.629899999999999904e-01,5.670600000000000085e-01,5.499100000000000099e-01,5.559699999999999642e-01,5.750100000000000211e-01,5.693399999999999572e-01,0.000000000000000000e+00,5.655599999999999516e-01,5.745299999999999851e-01,5.691000000000000503e-01,5.414499999999999869e-01,5.560800000000000187e-01,5.646200000000000108e-01,5.598499999999999588e-01,5.412099999999999689e-01,5.765500000000000069e-01,5.711199999999999610e-01,5.530000000000000471e-01,0.000000000000000000e+00,5.653899999999999482e-01,5.571800000000000086e-01,0.000000000000000000e+00,5.610000000000000542e-01,5.855299999999999949e-01,5.886799999999999811e-01,5.722500000000000364e-01,5.987400000000000500e-01,5.715299999999999825e-01,5.857599999999999474e-01,5.656499999999999861e-01,5.852100000000000080e-01,6.000799999999999468e-01,5.817799999999999638e-01,5.851399999999999935e-01,5.689800000000000413e-01,6.152199999999999891e-01,5.880100000000000326e-01,0.000000000000000000e+00,5.551899999999999613e-01,0.000000000000000000e+00,5.845399999999999485e-01,5.791500000000000536e-01,5.707499999999999796e-01,5.791100000000000136e-01,5.860600000000000254e-01,5.634000000000000119e-01,5.695099999999999607e-01,5.575799999999999645e-01,5.698800000000000532e-01,5.713799999999999990e-01,5.670100000000000140e-01,0.000000000000000000e+00,5.560500000000000442e-01,5.428399999999999892e-01,5.597999999999999643e-01,0.000000000000000000e+00,5.506400000000000183e-01,5.446900000000000075e-01,5.588800000000000434e-01,5.570899999999999741e-01,5.749900000000000011e-01,5.594000000000000083e-01,5.625799999999999690e-01,5.554700000000000193e-01,5.600000000000000533e-01,5.567900000000000071e-01,0.000000000000000000e+00,5.607299999999999507e-01
5.804000000000000270e-01,5.615200000000000191e-01,5.481099999999999861e-01,5.871499999999999497e-01,6.274999999999999467e-01,5.817700000000000093e-01,6.161400000000000210e-01,5.765400000000000524e-01,5.920299999999999452e-01,6.055399999999999672e-01,5.804500000000000215e-01,5.850800000000000445e-01,6.055899999999999617e-01,6.000900000000000123e-01,0.000000000000000000e+00,5.979200000000000070e-01,6.147299999999999986e-01,5.961100000000000287e-01,5.643099999999999783e-01,5.782199999999999562e-01,5.919699999999999962e-01,5.824399999999999578e-01,5.603900000000000547e-01,5.994899999999999674e-01,6.003199999999999648e-01,5.726599999999999469e-01,5.532399999999999540e-01,5.975300000000000056e-01,5.805000000000000160e-01,5.717900000000000205e-01,5.829999999999999627e-01,6.260000000000000009e-01,6.161699999999999955e-01,5.913899999999999713e-01,6.248200000000000420e-01,6.086599999999999788e-01,6.228500000000000147e-01,5.865700000000000358e-01,6.303400000000000114e-01,6.277099999999999902e-01,6.113699999999999690e-01,6.152300000000000546e-01,6.055599999999999872e-01,6.614700000000000024e-01,6.166899999999999604e-01,5.546699999999999964e-01,5.743200000000000527e-01,5.529399999999999871e-01,6.139599999999999502e-01,6.120600000000000485e-01,5.906900000000000484e-01,6.094199999999999617e-01,6.171799999999999509e-01,5.950699999999999878e-01,6.206199999999999495e-01,5.857999999999999874e-01,6.006000000000000227e-01,6.018400000000000416e-01,5.989900000000000224e-01,0.000000000000000000e+00,5.837200000000000166e-01,5.815299999999999914e-01,5.915599999999999747e-01,5.521899999999999586e-01,5.731600000000000028e-01,5.633899999999999464e-01,5.818699999999999983e-01,5.774099999999999788e-01,5.952300000000000368e-01,5.882500000000000506e-01,5.838400000000000256e-01,5.789699999999999847e-01,5.871300000000000407e-01,5.824500000000000233e-01,5.474700000000000122e-01,5.836799999999999766e-01
5.613700000000000356e-01,0.000000000000000000e+00,0.000000000000000000e+00,5.613700000000000356e-01,5.859100000000000419e-01,5.496999999999999664e-01,5.765400000000000524e-01,5.445299999999999585e-01,5.534900000000000375e-01,5.678699999999999859e-01,5.497199999999999864e-01,5.506799999999999473e-01,5.623599999999999710e-01,5.689899999999999958e-01,0.000000000000000000e+00,5.641000000000000458e-01,5.750999999999999446e-01,5.634900000000000464e-01,5.444499999999999895e-01,5.508600000000000163e-01,5.626100000000000545e-01,5.547699999999999854e-01,5.426199999999999912e-01,5.723799999999999999e-01,5.652700000000000502e-01,5.456400000000000139e-01,0.000000000000000000e+00,5.593099999999999739e-01,5.497300000000000519e-01,0.000000000000000000e+00,5.550000000000000488e-01,5.757999999999999785e-01,5.848900000000000210e-01,5.633000000000000229e-01,5.733800000000000008e-01,5.763399999999999634e-01,5.835200000000000387e-01,5.586400000000000254e-01,5.801199999999999690e-01,5.825700000000000323e-01,5.734900000000000553e-01,5.752099999999999991e-01,5.704900000000000526e-01,6.041600000000000303e-01,5.723700000000000454e-01,0.000000000000000000e+00,5.464499999999999913e-01,0.000000000000000000e+00,5.820499999999999563e-01,5.734900000000000553e-01,5.610300000000000287e-01,5.721899999999999764e-01,5.804000000000000270e-01,5.601000000000000423e-01,5.757100000000000550e-01,5.524700000000000166e-01,5.611699999999999466e-01,5.676299999999999679e-01,5.659699999999999731e-01,0.000000000000000000e+00,5.500599999999999934e-01,5.462299999999999933e-01,5.580100000000000060e-01,0.000000000000000000e+00,5.485600000000000476e-01,5.412799999999999834e-01,5.518199999999999772e-01,5.508100000000000218e-01,5.647100000000000453e-01,5.547100000000000364e-01,5.546900000000000164e-01,5.497400000000000064e-01,5.549199999999999688e-01,5.567699999999999871e-01,0.000000000000000000e+00,5.511500000000000288e-01
5.604500000000000037e-01,5.456100000000000394e-01,0.000000000000000000e+00,5.650699999999999612e-01,6.021699999999999831e-01,5.629999999999999449e-01,5.920299999999999452e-01,5.534900000000000375e-01,5.689899999999999958e-01,5.771500000000000519e-01,5.572399999999999576e-01,5.563399999999999457e-01,5.805399999999999450e-01,5.797700000000000076e-01,0.000000000000000000e+00,5.751699999999999591e-01,5.824500000000000233e-01,5.755099999999999660e-01,5.487900000000000000e-01,5.630300000000000304e-01,5.655900000000000372e-01,5.643700000000000383e-01,5.436199999999999921e-01,5.752500000000000391e-01,5.780699999999999728e-01,5.543299999999999894e-01,5.402700000000000280e-01,5.745900000000000452e-01,5.631699999999999484e-01,5.516100000000000447e-01,5.634900000000000464e-01,5.911999999999999478e-01,5.904099999999999904e-01,5.727799999999999558e-01,6.005000000000000338e-01,5.859699999999999909e-01,5.945599999999999774e-01,5.724500000000000144e-01,5.915599999999999747e-01,6.079999999999999849e-01,5.881100000000000216e-01,5.861100000000000199e-01,5.829600000000000337e-01,6.194499999999999451e-01,5.981699999999999795e-01,5.409199999999999564e-01,5.562799999999999967e-01,0.000000000000000000e+00,5.858799999999999564e-01,5.883800000000000141e-01,5.717299999999999605e-01,5.856099999999999639e-01,5.893899999999999695e-01,5.727200000000000069e-01,5.865000000000000213e-01,5.641300000000000203e-01,5.742399999999999727e-01,5.756799999999999695e-01,5.774299999999999988e-01,0.000000000000000000e+00,5.610000000000000542e-01,5.513799999999999812e-01,5.687200000000000033e-01,0.000000000000000000e+00,5.584500000000000020e-01,5.457600000000000229e-01,5.638100000000000334e-01,5.608699999999999797e-01,5.745500000000000052e-01,5.663500000000000201e-01,5.654200000000000337e-01,5.629300000000000415e-01,5.680100000000000149e-01,5.635000000000000009e-01,0.000000000000000000e+00,5.628800000000000470e-01
5.720100000000000184e-01,5.551300000000000123e-01,5.449899999999999745e-01,5.856799999999999784e-01,6.182900000000000063e-01,5.670600000000000085e-01,6.055399999999999672e-01,5.678699999999999859e-01,5.771500000000000519e-01,5.896400000000000530e-01,5.708299999999999486e-01,5.708999999999999631e-01,5.882300000000000306e-01,5.941199999999999815e-01,0.000000000000000000e+00,5.847200000000000175e-01,5.975899999999999546e-01,5.821399999999999908e-01,5.586900000000000199e-01,5.674000000000000155e-01,5.828999999999999737e-01,5.719300000000000495e-01,5.551399999999999668e-01,5.867900000000000338e-01,5.848299999999999610e-01,5.631500000000000394e-01,5.441000000000000281e-01,5.867299999999999738e-01,5.683700000000000419e-01,5.654900000000000482e-01,5.744899999999999451e-01,6.039600000000000524e-01,6.057700000000000307e-01,5.856700000000000239e-01,6.066099999999999826e-01,6.038400000000000434e-01,6.127399999999999514e-01,5.847599999999999465e-01,6.081199999999999939e-01,6.197300000000000031e-01,6.020400000000000196e-01,5.994899999999999674e-01,5.983699999999999575e-01,6.431000000000000050e-01,6.034899999999999709e-01,5.602500000000000258e-01,5.622500000000000275e-01,5.468100000000000183e-01,6.025099999999999900e-01,6.047000000000000153e-01,5.775099999999999678e-01,5.967200000000000282e-01,6.053399999999999892e-01,5.807600000000000540e-01,6.088900000000000423e-01,5.755400000000000515e-01,5.892100000000000115e-01,5.877400000000000402e-01,5.940800000000000525e-01,0.000000000000000000e+00,5.737200000000000077e-01,5.713799999999999990e-01,5.810100000000000264e-01,5.500000000000000444e-01,5.656799999999999606e-01,5.612300000000000066e-01,5.713799999999999990e-01,5.705599999999999561e-01,5.851800000000000335e-01,5.747200000000000086e-01,5.737400000000000277e-01,5.682700000000000529e-01,5.788100000000000467e-01,5.706999999999999851e-01,5.408699999999999619e-01,5.734399999999999498e-01
5.541599999999999859e-01,0.000000000000000000e+00,0.000000000000000000e+00,5.611699999999999466e-01,5.926399999999999446e-01,5.499199999999999644e-01,5.804500000000000215e-01,5.497199999999999864e-01,5.572399999999999576e-01,5.708299999999999486e-01,5.509399999999999853e-01,5.496600000000000374e-01,5.681500000000000439e-01,5.693300000000000027e-01,0.000000000000000000e+00,5.675400000000000444e-01,5.762000000000000455e-01,5.635900000000000354e-01,5.446699999999999875e-01,5.510500000000000398e-01,5.619499999999999496e-01,5.530500000000000416e-01,0.000000000000000000e+00,5.686700000000000088e-01,5.660800000000000276e-01,5.447600000000000220e-01,0.000000000000000000e+00,5.652099999999999902e-01,5.495299999999999629e-01,5.457600000000000229e-01,5.558300000000000463e-01,5.791100000000000136e-01,5.807099999999999485e-01,5.633500000000000174e-01,5.850100000000000300e-01,5.786099999999999577e-01,5.858400000000000274e-01,5.693099999999999827e-01,5.793599999999999861e-01,5.882699999999999596e-01,5.747200000000000086e-01,5.752800000000000136e-01,5.753700000000000481e-01,6.028499999999999970e-01,5.820400000000000018e-01,5.402000000000000135e-01,5.463999999999999968e-01,0.000000000000000000e+00,5.725700000000000234e-01,5.787299999999999667e-01,5.608400000000000052e-01,5.733300000000000063e-01,5.840600000000000236e-01,5.620300000000000296e-01,5.798699999999999966e-01,5.552700000000000413e-01,5.646400000000000308e-01,5.665799999999999725e-01,5.687200000000000033e-01,0.000000000000000000e+00,5.543099999999999694e-01,5.491399999999999615e-01,5.608499999999999597e-01,0.000000000000000000e+00,5.512399999999999523e-01,5.424600000000000533e-01,5.535600000000000520e-01,5.518600000000000172e-01,5.681199999999999584e-01,5.552799999999999958e-01,5.549600000000000088e-01,5.510000000000000453e-01,5.580300000000000260e-01,5.543299999999999894e-01,0.000000000000000000e+00,5.533200000000000340e-01
5.677299999999999569e-01,0.000000000000000000e+00,0.000000000000000000e+00,5.730100000000000193e-01,5.898700000000000054e-01,5.559699999999999642e-01,5.850800000000000445e-01,5.506699999999999928e-01,5.563399999999999457e-01,5.708999999999999631e-01,5.496600000000000374e-01,5.758400000000000185e-01,5.759300000000000530e-01,5.714700000000000335e-01,0.000000000000000000e+00,5.622800000000000020e-01,5.762199999999999545e-01,5.658900000000000041e-01,0.000000000000000000e+00,5.478399999999999936e-01,5.695900000000000407e-01,5.560699999999999532e-01,0.000000000000000000e+00,5.819699999999999873e-01,5.651199999999999557e-01,5.549500000000000544e-01,0.000000000000000000e+00,5.658699999999999841e-01,5.550899999999999723e-01,5.410300000000000109e-01,5.626299999999999635e-01,5.860400000000000054e-01,5.956900000000000528e-01,5.827900000000000302e-01,6.026099999999999790e-01,5.753099999999999881e-01,5.856799999999999784e-01,5.706299999999999706e-01,5.836299999999999821e-01,6.063499999999999446e-01,5.879600000000000382e-01,5.861800000000000344e-01,5.609199999999999742e-01,6.199500000000000011e-01,5.725799999999999779e-01,5.446699999999999875e-01,5.548999999999999488e-01,0.000000000000000000e+00,5.870600000000000263e-01,5.858600000000000474e-01,5.652899999999999592e-01,5.809999999999999609e-01,5.824200000000000488e-01,5.633700000000000374e-01,5.842199999999999616e-01,5.586200000000000054e-01,5.904399999999999649e-01,5.742500000000000382e-01,5.658499999999999641e-01,0.000000000000000000e+00,5.630199999999999649e-01,5.554900000000000393e-01,5.624400000000000510e-01,0.000000000000000000e+00,5.447499999999999565e-01,5.455400000000000249e-01,5.559600000000000097e-01,5.505400000000000293e-01,5.800499999999999545e-01,5.556400000000000228e-01,5.621899999999999675e-01,5.504200000000000204e-01,5.615200000000000191e-01,5.503900000000000459e-01,0.000000000000000000e+00,5.648400000000000087e-01
5.773800000000000043e-01,5.535499999999999865e-01,5.408199999999999674e-01,5.793800000000000061e-01,6.146599999999999842e-01,5.750100000000000211e-01,6.055899999999999617e-01,5.623599999999999710e-01,5.805399999999999450e-01,5.882300000000000306e-01,5.681500000000000439e-01,5.759300000000000530e-01,5.950999999999999623e-01,5.903000000000000469e-01,0.000000000000000000e+00,5.852399999999999824e-01,5.958099999999999508e-01,5.886500000000000066e-01,5.548499999999999543e-01,5.715500000000000025e-01,5.805000000000000160e-01,5.759100000000000330e-01,5.515099999999999447e-01,5.913599999999999968e-01,5.891999999999999460e-01,5.639999999999999458e-01,5.469199999999999617e-01,5.871600000000000152e-01,5.738199999999999967e-01,5.621599999999999930e-01,5.745200000000000307e-01,6.084199999999999608e-01,6.064500000000000446e-01,5.840499999999999581e-01,6.134600000000000053e-01,5.955899999999999528e-01,6.070699999999999985e-01,5.809699999999999864e-01,6.128599999999999604e-01,6.210599999999999454e-01,6.002300000000000413e-01,6.032199999999999784e-01,5.942199999999999704e-01,6.395899999999999919e-01,6.051699999999999857e-01,5.479100000000000081e-01,5.661100000000000021e-01,5.465499999999999803e-01,6.008900000000000352e-01,6.022300000000000431e-01,5.817200000000000149e-01,6.001499999999999613e-01,5.985599999999999810e-01,5.831399999999999917e-01,6.021400000000000086e-01,5.757299999999999640e-01,5.928400000000000336e-01,5.909900000000000153e-01,5.888099999999999445e-01,0.000000000000000000e+00,5.751500000000000501e-01,5.668800000000000505e-01,5.812399999999999789e-01,5.449300000000000255e-01,5.636900000000000244e-01,5.558300000000000463e-01,5.726200000000000179e-01,5.687299999999999578e-01,5.880199999999999871e-01,5.786099999999999577e-01,5.757600000000000495e-01,5.702800000000000091e-01,5.797999999999999821e-01,5.717600000000000460e-01,5.426900000000000057e-01,5.753800000000000026e-01
5.643399999999999528e-01,5.507800000000000473e-01,5.428100000000000147e-01,5.798200000000000021e-01,6.150200000000000111e-01,5.693399999999999572e-01,6.000900000000000123e-01,5.689899999999999958e-01,5.797700000000000076e-01,5.941199999999999815e-01,5.693300000000000027e-01,5.714700000000000335e-01,5.903000000000000469e-01,5.821199999999999708e-01,0.000000000000000000e+00,5.882899999999999796e-01,6.047099999999999698e-01,5.839699999999999891e-01,5.598499999999999588e-01,5.673899999999999499e-01,5.753899999999999570e-01,5.708600000000000341e-01,5.528600000000000181e-01,5.915300000000000002e-01,5.857400000000000384e-01,5.604000000000000092e-01,5.433200000000000252e-01,5.843300000000000161e-01,5.676200000000000134e-01,5.597400000000000153e-01,5.734200000000000408e-01,6.070299999999999585e-01,6.060400000000000231e-01,5.823700000000000543e-01,6.105199999999999516e-01,5.930699999999999861e-01,6.108700000000000241e-01,5.895299999999999985e-01,6.069999999999999840e-01,6.154100000000000126e-01,5.980100000000000415e-01,5.973800000000000221e-01,5.964399999999999702e-01,6.409299999999999997e-01,5.978999999999999870e-01,5.456600000000000339e-01,5.629899999999999904e-01,5.416800000000000503e-01,5.966599999999999682e-01,5.998400000000000398e-01,5.804200000000000470e-01,5.935200000000000475e-01,6.092699999999999783e-01,5.786200000000000232e-01,6.052199999999999802e-01,5.740199999999999747e-01,5.882800000000000251e-01,5.873399999999999732e-01,5.848999999999999755e-01,0.000000000000000000e+00,5.760800000000000365e-01,5.694399999999999462e-01,5.832300000000000262e-01,5.454599999999999449e-01,5.630699999999999594e-01,5.557900000000000063e-01,5.702000000000000401e-01,5.691000000000000503e-01,5.908099999999999463e-01,5.744799999999999907e-01,5.722000000000000419e-01,5.688199999999999923e-01,5.731300000000000283e-01,5.708800000000000541e-01,0.000000000000000000e+00,5.712399999999999700e-01
5.505499999999999838e-01,0.000000000000000000e+00,0.000000000000000000e+00,5.422299999999999898e-01,5.472799999999999887e-01,0.000000000000000000e+00,0.000000000000000000e+00,0.000000000000000000e+00,0.000000000000000000e+00,0.000000000000000000e+00,0.000000000000000000e+00,0.000000000000000000e+00,0.000000000000000000e+00,0.000000000000000000e+00,0.000000000000000000e+00,0.000000000000000000e+00,0.000000000000000000e+00,0.000000000000000000e+00,0.000000000000000000e+00,0.000000000000000000e+00,0.000000000000000000e+00,0.000000000000000000e+00,0.000000000000000000e+00,5.491300000000000070e-01,0.000000000000000000e+00,0.000000000000000000e+00,0.000000000000000000e+00,0.000000000000000000e+00,0.000000000000000000e+00,0.000000000000000000e+00,0.000000000000000000e+00,0.000000000000000000e+00,5.480500000000000371e-01,5.473299999999999832e-01,5.528499999999999526e-01,0.000000000000000000e+00,5.488699999999999690e-01,5.463999999999999968e-01,5.402200000000000335e-01,5.533799999999999830e-01,5.521399999999999642e-01,5.566699999999999982e-01,0.000000000000000000e+00,5.565099999999999492e-01,5.544599999999999529e-01,5.475299999999999612e-01,0.000000000000000000e+00,0.000000000000000000e+00,5.416100000000000358e-01,5.434099999999999486e-01,0.000000000000000000e+00,0.000000000000000000e+00,5.649800000000000377e-01,0.000000000000000000e+00,0.000000000000000000e+00,0.000000000000000000e+00,0.000000000000000000e+00,0.000000000000000000e+00,0.000000000000000000e+00,0.000000000000000000e+00,0.000000000000000000e+00,0.000000000000000000e+00,0.000000000000000000e+00,0.000000000000000000e+00,0.000000000000000000e+00,0.000000000000000000e+00,0.000000000000000000e+00,0.000000000000000000e+00,5.520100000000000007e-01,0.000000000000000000e+00,0.000000000000000000e+00,0.000000000000000000e+00,0.000000000000000000e+00,0.000000000000000000e+00,0.000000000000000000e+00,0.000000000000000000e+00
5.765799999999999814e-01,5.486499999999999710e-01,5.436299999999999466e-01,5.782599999999999962e-01,6.126899999999999569e-01,5.655599999999999516e-01,5.979200000000000070e-01,5.640899999999999803e-01,5.751699999999999591e-01,5.847200000000000175e-01,5.675400000000000444e-01,5.622800000000000020e-01,5.852300000000000280e-01,5.882899999999999796e-01,0.000000000000000000e+00,5.798699999999999966e-01,5.952899999999999858e-01,5.819100000000000383e-01,5.563000000000000167e-01,5.690100000000000158e-01,5.779900000000000038e-01,5.681800000000000184e-01,5.549500000000000544e-01,5.853500000000000369e-01,5.828999999999999737e-01,5.592300000000000049e-01,5.451500000000000234e-01,5.813099999999999934e-01,5.665599999999999525e-01,5.573299999999999921e-01,5.696799999999999642e-01,6.045000000000000373e-01,6.088799999999999768e-01,5.828900000000000192e-01,6.075000000000000400e-01,5.961100000000000287e-01,6.085899999999999643e-01,5.831800000000000317e-01,6.052100000000000257e-01,6.153899999999999926e-01,5.989999999999999769e-01,5.978400000000000380e-01,5.938600000000000545e-01,6.356800000000000228e-01,6.062800000000000411e-01,5.537300000000000555e-01,5.616200000000000081e-01,5.432200000000000362e-01,5.942399999999999904e-01,5.956200000000000383e-01,5.782800000000000162e-01,5.897099999999999564e-01,6.078099999999999614e-01,5.776499999999999968e-01,5.964599999999999902e-01,5.717900000000000205e-01,5.799900000000000055e-01,5.839499999999999691e-01,5.874200000000000532e-01,0.000000000000000000e+00,5.715599999999999570e-01,5.625700000000000145e-01,5.782300000000000217e-01,5.459300000000000264e-01,5.669600000000000195e-01,5.558699999999999752e-01,5.697900000000000187e-01,5.702099999999999946e-01,5.845599999999999685e-01,5.707600000000000451e-01,5.715700000000000225e-01,5.693000000000000282e-01,5.733000000000000318e-01,5.711899999999999755e-01,5.411399999999999544e-01,5.720899999999999874e-01
5.772699999999999498e-01,5.609399999999999942e-01,5.458699999999999664e-01,5.870900000000000007e-01,6.289200000000000346e-01,5.745299999999999851e-01,6.147299999999999986e-01,5.750999999999999446e-01,5.824500000000000233e-01,5.975899999999999546e-01,5.762000000000000455e-01,5.762199999999999545e-01,5.958200000000000163e-01,6.047099999999999698e-01,0.000000000000000000e+00,5.952899999999999858e-01,5.977400000000000491e-01,5.945399999999999574e-01,5.614200000000000301e-01,5.732199999999999518e-01,5.867799999999999683e-01,5.785000000000000142e-01,5.591800000000000104e-01,5.919400000000000217e-01,5.945200000000000484e-01,5.670600000000000085e-01,5.482399999999999496e-01,5.913000000000000478e-01,5.728400000000000158e-01,5.663700000000000401e-01,5.776700000000000168e-01,6.120700000000000029e-01,6.127700000000000369e-01,5.929299999999999571e-01,6.138099999999999667e-01,6.099200000000000177e-01,6.205300000000000260e-01,5.911899999999999933e-01,6.157899999999999485e-01,6.295699999999999630e-01,6.112800000000000455e-01,6.067599999999999660e-01,6.071199999999999930e-01,6.496399999999999952e-01,6.131299999999999528e-01,5.641800000000000148e-01,5.681899999999999729e-01,5.521300000000000097e-01,6.068500000000000005e-01,6.104300000000000281e-01,5.816200000000000259e-01,6.044300000000000228e-01,6.109900000000000331e-01,5.842600000000000016e-01,6.192800000000000527e-01,5.808900000000000174e-01,5.951300000000000479e-01,5.945899999999999519e-01,5.997799999999999798e-01,0.000000000000000000e+00,5.830699999999999772e-01,5.792599999999999971e-01,5.879799999999999471e-01,5.527400000000000091e-01,5.699199999999999822e-01,5.663799999999999946e-01,5.770300000000000429e-01,5.773899999999999588e-01,5.918499999999999872e-01,5.799499999999999655e-01,5.793399999999999661e-01,5.759100000000000330e-01,5.846799999999999775e-01,5.782100000000000017e-01,5.460899999999999643e-01,5.804899999999999505e-01
5.752500000000000391e-01,5.503700000000000259e-01,0.000000000000000000e+00,5.759800000000000475e-01,6.056899999999999507e-01,5.691000000000000503e-01,5.961100000000000287e-01,5.634900000000000464e-01,5.755099999999999660e-01,5.821399999999999908e-01,5.635900000000000354e-01,5.658900000000000041e-01,5.886500000000000066e-01,5.839699999999999891e-01,0.000000000000000000e+00,5.819100000000000383e-01,5.945399999999999574e-01,5.825700000000000323e-01,5.500199999999999534e-01,5.682300000000000129e-01,5.750800000000000356e-01,5.696799999999999642e-01,5.502099999999999769e-01,5.832399999999999807e-01,5.826900000000000412e-01,5.607999999999999652e-01,5.449199999999999600e-01,5.800600000000000200e-01,5.680699999999999639e-01,5.533799999999999830e-01,5.690399999999999903e-01,6.010600000000000387e-01,6.052499999999999547e-01,5.812800000000000189e-01,6.061400000000000121e-01,5.877200000000000202e-01,6.046000000000000263e-01,5.719699999999999784e-01,6.062600000000000211e-01,6.125099999999999989e-01,5.967999999999999972e-01,5.960199999999999942e-01,5.879299999999999526e-01,6.344199999999999839e-01,5.981499999999999595e-01,5.455699999999999994e-01,5.611099999999999977e-01,5.425200000000000022e-01,5.945799999999999974e-01,5.901399999999999979e-01,5.793800000000000061e-01,5.889600000000000390e-01,6.037099999999999689e-01,5.759699999999999820e-01,5.938799999999999635e-01,5.696200000000000152e-01,5.823000000000000398e-01,5.841499999999999471e-01,5.798499999999999766e-01,0.000000000000000000e+00,5.703599999999999781e-01,5.634200000000000319e-01,5.750699999999999701e-01,5.424400000000000333e-01,5.625299999999999745e-01,5.527800000000000491e-01,5.691199999999999593e-01,5.677900000000000169e-01,5.804500000000000215e-01,5.701000000000000512e-01,5.715999999999999970e-01,5.670399999999999885e-01,5.715900000000000425e-01,5.705500000000000016e-01,0.000000000000000000e+00,5.711100000000000065e-01
5.461200000000000498e-01,0.000000000000000000e+00,0.000000000000000000e+00,5.482399999999999496e-01,5.780399999999999983e-01,5.414499999999999869e-01,5.643099999999999783e-01,5.444499999999999895e-01,5.487900000000000000e-01,5.586900000000000199e-01,5.446699999999999875e-01,0.000000000000000000e+00,5.548499999999999543e-01,5.598499999999999588e-01,0.000000000000000000e+00,5.563000000000000167e-01,5.614200000000000301e-01,5.500199999999999534e-01,5.412500000000000089e-01,5.426600000000000312e-01,5.522399999999999531e-01,5.430300000000000127e-01,0.000000000000000000e+00,5.573000000000000176e-01,5.553299999999999903e-01,0.000000000000000000e+00,0.000000000000000000e+00,5.524700000000000166e-01,0.000000000000000000e+00,0.000000000000000000e+00,5.443099999999999605e-01,5.589800000000000324e-01,5.640500000000000513e-01,5.486400000000000166e-01,5.678600000000000314e-01,5.657100000000000461e-01,5.720300000000000384e-01,5.537300000000000555e-01,5.612099999999999866e-01,5.704299999999999926e-01,5.615599999999999481e-01,5.631199999999999539e-01,5.609199999999999742e-01,5.808200000000000029e-01,5.728999999999999648e-01,0.000000000000000000e+00,0.000000000000000000e+00,0.000000000000000000e+00,5.604700000000000237e-01,5.643099999999999783e-01,5.492000000000000215e-01,5.601699999999999458e-01,5.753000000000000336e-01,5.504999999999999893e-01,5.655900000000000372e-01,5.446999999999999620e-01,5.464400000000000368e-01,5.557900000000000063e-01,5.578800000000000425e-01,0.000000000000000000e+00,0.000000000000000000e+00,0.000000000000000000e+00,5.513200000000000323e-01,0.000000000000000000e+00,5.427199999999999802e-01,0.000000000000000000e+00,5.446999999999999620e-01,5.436699999999999866e-01,5.583900000000000530e-01,5.426100000000000367e-01,5.433599999999999541e-01,5.406699999999999839e-01,5.478100000000000191e-01,5.465999999999999748e-01,0.000000000000000000e+00,5.425900000000000167e-01
5.627699999999999925e-01,5.404299999999999660e-01,0.000000000000000000e+00,5.598699999999999788e-01,5.888999999999999790e-01,5.560800000000000187e-01,5.782300000000000217e-01,5.508600000000000163e-01,5.630399999999999849e-01,5.674000000000000155e-01,5.510599999999999943e-01,5.478399999999999936e-01,5.715599999999999570e-01,5.673899999999999499e-01,0.000000000000000000e+00,5.690100000000000158e-01,5.732199999999999518e-01,5.682300000000000129e-01,5.426600000000000312e-01,5.562799999999999967e-01,5.602899999999999547e-01,5.580899999999999750e-01,5.410300000000000109e-01,5.729199999999999848e-01,5.693899999999999517e-01,5.503299999999999859e-01,0.000000000000000000e+00,5.642200000000000548e-01,5.544400000000000439e-01,0.000000000000000000e+00,5.585299999999999709e-01,5.779800000000000493e-01,5.854300000000000059e-01,5.690800000000000303e-01,5.923100000000000032e-01,5.726599999999999469e-01,5.807200000000000140e-01,5.680699999999999639e-01,5.771500000000000519e-01,5.956900000000000528e-01,5.764200000000000434e-01,5.781500000000000528e-01,5.741000000000000547e-01,6.025199999999999445e-01,5.880100000000000326e-01,5.401099999999999790e-01,5.527199999999999891e-01,0.000000000000000000e+00,5.750499999999999501e-01,5.749100000000000321e-01,5.666200000000000125e-01,5.721199999999999619e-01,5.903500000000000414e-01,5.647299999999999542e-01,5.727100000000000524e-01,5.555900000000000283e-01,5.638499999999999623e-01,5.669600000000000195e-01,5.671199999999999575e-01,0.000000000000000000e+00,5.560000000000000497e-01,5.412900000000000489e-01,5.594299999999999828e-01,0.000000000000000000e+00,5.538300000000000445e-01,5.439399999999999791e-01,5.577999999999999625e-01,5.568699999999999761e-01,5.688800000000000523e-01,5.558600000000000207e-01,5.591099999999999959e-01,5.558999999999999497e-01,5.588100000000000289e-01,5.600699999999999568e-01,0.000000000000000000e+00,5.575499999999999901e-01
5.818299999999999583e-01,5.491200000000000525e-01,0.000000000000000000e+00,5.787799999999999612e-01,6.008000000000000007e-01,5.646200000000000108e-01,5.919699999999999962e-01,5.626100000000000545e-01,5.655900000000000372e-01,5.828999999999999737e-01,5.619499999999999496e-01,5.695900000000000407e-01,5.805000000000000160e-01,5.753899999999999570e-01,0.000000000000000000e+00,5.779900000000000038e-01,5.867799999999999683e-01,5.750800000000000356e-01,5.522399999999999531e-01,5.602899999999999547e-01,5.816700000000000204e-01,5.660500000000000531e-01,5.535600000000000520e-01,5.882800000000000251e-01,5.787600000000000522e-01,5.600300000000000278e-01,0.000000000000000000e+00,5.741100000000000092e-01,5.582899999999999530e-01,5.491200000000000525e-01,5.688600000000000323e-01,5.953800000000000203e-01,5.939699999999999980e-01,5.783000000000000362e-01,5.979999999999999760e-01,5.863399999999999723e-01,5.952399999999999913e-01,5.767799999999999594e-01,6.022600000000000176e-01,6.037000000000000144e-01,5.929299999999999571e-01,5.992600000000000149e-01,5.735000000000000098e-01,6.218599999999999683e-01,5.998599999999999488e-01,5.589300000000000379e-01,5.618800000000000461e-01,5.405600000000000405e-01,5.948799999999999644e-01,5.887299999999999756e-01,5.723300000000000054e-01,5.870600000000000263e-01,5.991600000000000259e-01,5.716599999999999460e-01,5.909499999999999753e-01,5.655700000000000172e-01,5.812399999999999789e-01,5.826000000000000068e-01,5.748999999999999666e-01,0.000000000000000000e+00,5.647699999999999942e-01,5.620800000000000241e-01,5.711899999999999755e-01,0.000000000000000000e+00,5.578499999999999570e-01,5.558199999999999807e-01,5.636900000000000244e-01,5.626299999999999635e-01,5.866900000000000448e-01,5.652800000000000047e-01,5.685499999999999998e-01,5.590100000000000069e-01,5.677499999999999769e-01,5.667499999999999760e-01,0.000000000000000000e+00,5.666900000000000270e-01
