5.456900000000000084e-01,0.000000000000000000e+00,5.564500000000000002e-01,5.723799999999999999e-01,5.558600000000000207e-01,0.000000000000000000e+00,5.538600000000000190e-01,5.549399999999999888e-01,0.000000000000000000e+00,5.475499999999999812e-01,0.000000000000000000e+00,5.632099999999999884e-01,5.519199999999999662e-01,5.479600000000000026e-01,0.000000000000000000e+00,5.449399999999999800e-01,0.000000000000000000e+00,0.000000000000000000e+00,0.000000000000000000e+00,0.000000000000000000e+00,5.560100000000000042e-01,0.000000000000000000e+00,0.000000000000000000e+00,5.691699999999999537e-01,5.504000000000000004e-01,5.455699999999999994e-01,0.000000000000000000e+00,5.454099999999999504e-01,0.000000000000000000e+00,0.000000000000000000e+00,5.470300000000000162e-01,5.583099999999999730e-01,5.588400000000000034e-01,5.669999999999999485e-01,5.689899999999999958e-01,5.502700000000000369e-01,5.718800000000000550e-01,5.534200000000000230e-01,5.586900000000000199e-01,5.636200000000000099e-01,5.488499999999999490e-01,5.431399999999999562e-01,0.000000000000000000e+00,5.537600000000000300e-01,5.528399999999999981e-01,5.490199999999999525e-01,0.000000000000000000e+00,5.443700000000000205e-01,5.436800000000000521e-01,0.000000000000000000e+00,0.000000000000000000e+00,5.460899999999999643e-01,5.577299999999999480e-01,0.000000000000000000e+00,5.635999999999999899e-01,0.000000000000000000e+00,5.715999999999999970e-01,5.510500000000000398e-01,0.000000000000000000e+00,0.000000000000000000e+00,0.000000000000000000e+00,5.590399999999999814e-01,0.000000000000000000e+00,0.000000000000000000e+00,0.000000000000000000e+00,5.487100000000000311e-01,0.000000000000000000e+00,0.000000000000000000e+00,5.664700000000000291e-01,5.458300000000000374e-01,5.484900000000000331e-01,0.000000000000000000e+00,0.000000000000000000e+00,0.000000000000000000e+00,0.000000000000000000e+00,5.488499999999999490e-01
0.000000000000000000e+00,5.860100000000000309e-01,5.878200000000000092e-01,6.023800000000000265e-01,5.994300000000000184e-01,5.498699999999999699e-01,5.923500000000000432e-01,5.721800000000000219e-01,5.745000000000000107e-01,5.946599999999999664e-01,5.823899999999999633e-01,5.899400000000000199e-01,5.950800000000000534e-01,5.827200000000000157e-01,5.456299999999999484e-01,5.737400000000000277e-01,5.692000000000000393e-01,5.802899999999999725e-01,5.616600000000000481e-01,0.000000000000000000e+00,5.828200000000000047e-01,5.585400000000000365e-01,5.707999999999999741e-01,5.827999999999999847e-01,5.937200000000000255e-01,5.795099999999999696e-01,5.505499999999999838e-01,5.947799999999999754e-01,5.562000000000000277e-01,5.607400000000000162e-01,5.890499999999999625e-01,5.970299999999999496e-01,6.122800000000000464e-01,6.116000000000000325e-01,6.191200000000000037e-01,5.880100000000000326e-01,6.158900000000000485e-01,5.762300000000000200e-01,5.957299999999999818e-01,6.051199999999999912e-01,5.738299999999999512e-01,5.871800000000000352e-01,5.653000000000000247e-01,5.944899999999999629e-01,5.771699999999999608e-01,0.000000000000000000e+00,5.861100000000000199e-01,5.799800000000000511e-01,5.812699999999999534e-01,5.892500000000000515e-01,5.847400000000000375e-01,5.979799999999999560e-01,5.835200000000000387e-01,5.901499999999999524e-01,6.021900000000000031e-01,5.914099999999999913e-01,5.968599999999999461e-01,5.935300000000000020e-01,5.699400000000000022e-01,0.000000000000000000e+00,5.637999999999999678e-01,6.067399999999999460e-01,5.899699999999999944e-01,5.730300000000000393e-01,5.446900000000000075e-01,5.800300000000000455e-01,5.569499999999999451e-01,5.673599999999999755e-01,5.928400000000000336e-01,5.950499999999999678e-01,5.758900000000000130e-01,5.644799999999999818e-01,5.767600000000000504e-01,5.639300000000000423e-01,5.573099999999999721e-01,5.879199999999999982e-01
5.564500000000000002e-01,5.878200000000000092e-01,6.082400000000000029e-01,6.109999999999999876e-01,5.947200000000000264e-01,5.554700000000000193e-01,5.968200000000000172e-01,5.776799999999999713e-01,5.808999999999999719e-01,5.873199999999999532e-01,5.810699999999999754e-01,5.968499999999999917e-01,5.995200000000000529e-01,5.869199999999999973e-01,5.606400000000000272e-01,5.910699999999999843e-01,5.643799999999999928e-01,5.863699999999999468e-01,5.752099999999999991e-01,5.539100000000000135e-01,5.863699999999999468e-01,5.734500000000000153e-01,5.822500000000000453e-01,5.929999999999999716e-01,6.013300000000000312e-01,5.882699999999999596e-01,5.601899999999999658e-01,5.979200000000000070e-01,5.590300000000000269e-01,5.583099999999999730e-01,5.951800000000000423e-01,5.965700000000000447e-01,6.311400000000000343e-01,6.349399999999999489e-01,6.307399999999999674e-01,6.008200000000000207e-01,6.175899999999999723e-01,5.985899999999999554e-01,5.972300000000000386e-01,6.173100000000000254e-01,6.022499999999999520e-01,6.005500000000000282e-01,5.740600000000000147e-01,5.935300000000000020e-01,5.929499999999999771e-01,5.484200000000000186e-01,5.973000000000000531e-01,5.941300000000000470e-01,5.892100000000000115e-01,5.815200000000000369e-01,5.960800000000000542e-01,5.918600000000000527e-01,5.881300000000000416e-01,5.900699999999999834e-01,6.109900000000000331e-01,5.857799999999999674e-01,6.006099999999999772e-01,6.014300000000000201e-01,5.657299999999999551e-01,5.487300000000000511e-01,5.584700000000000220e-01,6.076599999999999779e-01,5.783500000000000307e-01,5.748799999999999466e-01,5.650899999999999812e-01,5.832600000000000007e-01,5.675599999999999534e-01,5.820600000000000218e-01,5.948400000000000354e-01,5.945599999999999774e-01,5.844799999999999995e-01,5.812000000000000499e-01,5.857700000000000129e-01,5.700100000000000167e-01,5.622599999999999820e-01,6.025099999999999900e-01
5.723799999999999999e-01,6.023800000000000265e-01,6.109999999999999876e-01,6.266300000000000203e-01,6.187200000000000477e-01,5.620199999999999640e-01,6.125000000000000444e-01,5.910499999999999643e-01,5.870600000000000263e-01,6.047400000000000553e-01,5.914000000000000368e-01,6.137000000000000233e-01,6.166399999999999659e-01,6.010999999999999677e-01,5.610800000000000232e-01,5.931100000000000261e-01,5.774599999999999733e-01,5.927900000000000391e-01,5.746900000000000341e-01,5.453999999999999959e-01,6.018299999999999761e-01,5.701199999999999601e-01,5.856900000000000439e-01,6.117200000000000415e-01,6.103499999999999481e-01,5.951999999999999513e-01,5.619800000000000351e-01,6.107000000000000206e-01,5.666999999999999815e-01,5.636600000000000499e-01,6.060999999999999721e-01,6.283199999999999896e-01,6.326399999999999801e-01,6.439099999999999824e-01,6.384100000000000330e-01,6.066899999999999515e-01,6.402900000000000258e-01,6.044000000000000483e-01,6.253900000000000015e-01,6.178000000000000158e-01,6.034399999999999764e-01,6.119400000000000395e-01,5.767400000000000304e-01,6.356899999999999773e-01,6.040799999999999503e-01,5.765900000000000469e-01,6.003899999999999793e-01,6.002999999999999448e-01,5.987900000000000444e-01,6.033300000000000329e-01,5.992800000000000349e-01,6.109299999999999731e-01,6.177799999999999958e-01,5.991900000000000004e-01,6.252299999999999525e-01,6.001800000000000468e-01,6.277000000000000357e-01,6.124699999999999589e-01,5.707799999999999541e-01,5.515099999999999447e-01,5.710399999999999920e-01,6.256300000000000194e-01,5.927799999999999736e-01,5.900600000000000289e-01,5.564200000000000257e-01,6.037500000000000089e-01,5.667900000000000160e-01,5.899600000000000399e-01,6.241400000000000281e-01,6.078799999999999759e-01,5.956500000000000128e-01,5.754799999999999915e-01,5.897799999999999709e-01,5.710699999999999665e-01,5.605099999999999527e-01,6.094600000000000017e-01
5.558600000000000207e-01,5.994300000000000184e-01,5.947200000000000264e-01,6.187200000000000477e-01,6.136399999999999633e-01,5.552300000000000013e-01,6.058200000000000252e-01,5.862399999999999833e-01,5.825599999999999667e-01,6.094699999999999562e-01,5.928999999999999826e-01,6.088400000000000478e-01,6.100100000000000522e-01,5.971800000000000441e-01,5.550800000000000178e-01,5.852300000000000280e-01,5.766099999999999559e-01,5.854800000000000004e-01,5.658600000000000296e-01,0.000000000000000000e+00,5.983000000000000540e-01,5.636700000000000044e-01,5.796599999999999531e-01,5.967900000000000427e-01,6.019200000000000106e-01,5.856200000000000294e-01,5.564299999999999802e-01,6.039499999999999869e-01,5.611399999999999721e-01,5.651000000000000467e-01,5.980100000000000415e-01,6.150999999999999801e-01,6.242799999999999461e-01,6.283199999999999896e-01,6.279599999999999627e-01,6.039200000000000124e-01,6.289700000000000291e-01,5.918600000000000527e-01,6.125899999999999679e-01,6.125599999999999934e-01,5.877200000000000202e-01,5.976599999999999691e-01,5.740199999999999747e-01,6.151600000000000401e-01,5.974199999999999511e-01,5.571700000000000541e-01,5.938799999999999635e-01,5.870199999999999863e-01,5.840300000000000491e-01,6.006099999999999772e-01,5.918499999999999872e-01,6.079499999999999904e-01,6.048400000000000443e-01,5.943800000000000194e-01,6.176000000000000378e-01,6.026000000000000245e-01,6.203199999999999825e-01,6.044199999999999573e-01,5.715000000000000080e-01,5.442900000000000515e-01,5.718900000000000095e-01,6.236800000000000122e-01,5.929600000000000426e-01,5.847599999999999465e-01,5.533099999999999685e-01,6.012999999999999456e-01,5.613899999999999446e-01,5.810400000000000009e-01,6.124899999999999789e-01,5.996399999999999508e-01,5.841199999999999726e-01,5.715599999999999570e-01,5.852100000000000080e-01,5.695799999999999752e-01,5.632700000000000484e-01,5.996000000000000218e-01
0.000000000000000000e+00,5.498699999999999699e-01,5.554700000000000193e-01,5.620199999999999640e-01,5.552300000000000013e-01,0.000000000000000000e+00,5.539899999999999824e-01,5.459500000000000464e-01,0.000000000000000000e+00,5.500399999999999734e-01,0.000000000000000000e+00,5.500599999999999934e-01,5.557400000000000118e-01,5.481399999999999606e-01,0.000000000000000000e+00,0.000000000000000000e+00,0.000000000000000000e+00,5.467300000000000493e-01,0.000000000000000000e+00,0.000000000000000000e+00,5.443400000000000460e-01,0.000000000000000000e+00,0.000000000000000000e+00,5.493999999999999995e-01,5.572399999999999576e-01,5.473099999999999632e-01,0.000000000000000000e+00,5.535099999999999465e-01,0.000000000000000000e+00,0.000000000000000000e+00,5.514900000000000357e-01,5.526600000000000401e-01,5.701600000000000001e-01,5.702099999999999946e-01,5.715999999999999970e-01,5.525799999999999601e-01,5.724799999999999889e-01,5.470500000000000362e-01,5.497400000000000064e-01,5.625099999999999545e-01,5.433499999999999996e-01,5.496799999999999464e-01,0.000000000000000000e+00,5.528199999999999781e-01,5.513000000000000123e-01,0.000000000000000000e+00,5.480099999999999971e-01,5.489399999999999835e-01,5.474200000000000177e-01,5.487800000000000455e-01,5.502000000000000224e-01,5.542399999999999549e-01,5.507900000000000018e-01,5.505499999999999838e-01,5.562799999999999967e-01,5.453299999999999814e-01,5.553200000000000358e-01,5.516199999999999992e-01,0.000000000000000000e+00,0.000000000000000000e+00,0.000000000000000000e+00,5.608499999999999597e-01,5.453700000000000214e-01,0.000000000000000000e+00,0.000000000000000000e+00,0.000000000000000000e+00,0.000000000000000000e+00,0.000000000000000000e+00,5.555999999999999828e-01,5.514599999999999502e-01,5.449800000000000200e-01,0.000000000000000000e+00,0.000000000000000000e+00,0.000000000000000000e+00,0.000000000000000000e+00,5.514299999999999757e-01
5.538600000000000190e-01,5.923500000000000432e-01,5.968200000000000172e-01,6.125000000000000444e-01,6.058200000000000252e-01,5.539899999999999824e-01,6.023500000000000520e-01,5.874300000000000077e-01,5.804500000000000215e-01,6.015200000000000546e-01,5.909200000000000008e-01,6.044300000000000228e-01,6.048499999999999988e-01,5.915300000000000002e-01,5.522200000000000442e-01,5.866799999999999793e-01,5.716200000000000170e-01,5.858999999999999764e-01,5.673799999999999955e-01,5.428699999999999637e-01,5.945000000000000284e-01,5.637400000000000189e-01,5.788400000000000212e-01,5.927799999999999736e-01,6.010100000000000442e-01,5.832100000000000062e-01,5.557999999999999607e-01,6.004800000000000137e-01,5.585400000000000365e-01,5.640500000000000513e-01,5.966599999999999682e-01,6.082899999999999974e-01,6.231499999999999817e-01,6.267599999999999838e-01,6.264899999999999913e-01,6.037799999999999834e-01,6.285699999999999621e-01,5.857700000000000129e-01,6.096500000000000252e-01,6.169099999999999584e-01,5.890100000000000335e-01,5.970199999999999951e-01,5.701100000000000056e-01,6.089099999999999513e-01,5.937400000000000455e-01,5.460500000000000353e-01,5.896599999999999620e-01,5.849100000000000410e-01,5.870900000000000007e-01,5.950499999999999678e-01,5.921899999999999942e-01,6.025599999999999845e-01,5.991999999999999549e-01,5.926700000000000301e-01,6.141999999999999682e-01,5.952499999999999458e-01,6.134100000000000108e-01,6.021900000000000031e-01,5.688499999999999668e-01,5.435900000000000176e-01,5.675700000000000189e-01,6.211600000000000454e-01,5.887599999999999500e-01,5.783099999999999907e-01,5.534599999999999520e-01,5.971899999999999986e-01,5.616400000000000281e-01,5.767600000000000504e-01,6.017299999999999871e-01,5.949100000000000499e-01,5.814300000000000024e-01,5.723399999999999599e-01,5.834200000000000497e-01,5.689300000000000468e-01,5.577800000000000535e-01,5.978599999999999470e-01
5.549399999999999888e-01,5.721800000000000219e-01,5.776799999999999713e-01,5.910499999999999643e-01,5.862399999999999833e-01,5.459500000000000464e-01,5.874300000000000077e-01,5.767099999999999449e-01,5.691399999999999793e-01,5.865200000000000413e-01,5.725299999999999834e-01,5.893000000000000460e-01,5.782399999999999762e-01,5.694099999999999717e-01,5.481599999999999806e-01,5.721000000000000529e-01,5.678600000000000314e-01,5.727299999999999613e-01,5.569499999999999451e-01,0.000000000000000000e+00,5.790699999999999736e-01,5.503599999999999604e-01,5.677600000000000424e-01,5.781899999999999817e-01,5.826999999999999957e-01,5.709800000000000431e-01,0.000000000000000000e+00,5.826200000000000268e-01,5.448100000000000165e-01,5.466499999999999693e-01,5.762800000000000145e-01,5.887200000000000211e-01,5.928900000000000281e-01,5.872000000000000552e-01,5.952499999999999458e-01,5.797900000000000276e-01,6.139700000000000157e-01,5.752399999999999736e-01,5.936399999999999455e-01,5.823700000000000543e-01,5.650100000000000122e-01,5.743899999999999562e-01,5.602000000000000313e-01,6.046500000000000208e-01,5.748600000000000376e-01,0.000000000000000000e+00,5.749300000000000521e-01,5.646499999999999853e-01,5.787700000000000067e-01,5.850600000000000245e-01,5.737299999999999622e-01,5.891600000000000170e-01,5.919699999999999962e-01,5.771600000000000064e-01,5.929799999999999516e-01,5.709300000000000486e-01,5.892399999999999860e-01,5.826000000000000068e-01,5.692399999999999682e-01,0.000000000000000000e+00,5.566100000000000492e-01,6.043899999999999828e-01,5.822399999999999798e-01,5.558600000000000207e-01,0.000000000000000000e+00,5.695500000000000007e-01,5.461099999999999843e-01,5.573200000000000376e-01,5.679699999999999749e-01,5.832100000000000062e-01,5.697999999999999732e-01,5.538399999999999990e-01,5.672500000000000320e-01,5.538899999999999935e-01,0.000000000000000000e+00,5.761199999999999655e-01
0.000000000000000000e+00,5.745000000000000107e-01,5.808999999999999719e-01,5.870600000000000263e-01,5.825599999999999667e-01,0.000000000000000000e+00,5.804500000000000215e-01,5.691399999999999793e-01,5.688199999999999923e-01,5.789600000000000302e-01,5.666799999999999615e-01,5.749600000000000266e-01,5.823899999999999633e-01,5.763700000000000490e-01,0.000000000000000000e+00,5.722300000000000164e-01,5.556999999999999718e-01,5.750499999999999501e-01,5.584200000000000275e-01,0.000000000000000000e+00,5.696299999999999697e-01,5.584799999999999764e-01,5.651899999999999702e-01,5.703099999999999836e-01,5.876000000000000112e-01,5.686299999999999688e-01,5.452299999999999924e-01,5.830400000000000027e-01,5.505600000000000493e-01,5.567999999999999616e-01,5.763899999999999579e-01,5.793099999999999916e-01,5.938700000000000090e-01,6.000100000000000433e-01,5.984699999999999465e-01,5.854800000000000004e-01,5.984699999999999465e-01,5.717999999999999750e-01,5.724299999999999944e-01,5.870100000000000318e-01,5.640199999999999658e-01,5.706499999999999906e-01,5.619800000000000351e-01,5.768900000000000139e-01,5.717999999999999750e-01,0.000000000000000000e+00,5.750399999999999956e-01,5.763099999999999890e-01,5.714799999999999880e-01,5.747700000000000031e-01,5.771899999999999809e-01,5.819999999999999618e-01,5.786299999999999777e-01,5.818200000000000038e-01,5.868799999999999573e-01,5.758600000000000385e-01,5.774399999999999533e-01,5.793500000000000316e-01,5.610000000000000542e-01,0.000000000000000000e+00,5.547100000000000364e-01,5.921699999999999742e-01,5.737799999999999567e-01,5.702300000000000146e-01,5.456600000000000339e-01,5.637100000000000444e-01,5.539500000000000535e-01,5.659100000000000241e-01,5.803199999999999470e-01,5.820600000000000218e-01,5.656700000000000061e-01,5.611000000000000432e-01,5.695900000000000407e-01,5.614700000000000246e-01,5.542099999999999804e-01,5.755400000000000515e-01
5.475499999999999812e-01,5.946599999999999664e-01,5.873199999999999532e-01,6.047400000000000553e-01,6.094699999999999562e-01,5.500399999999999734e-01,6.015200000000000546e-01,5.865200000000000413e-01,5.789600000000000302e-01,6.061600000000000321e-01,5.960999999999999632e-01,6.010699999999999932e-01,5.988900000000000334e-01,5.952300000000000368e-01,5.524599999999999511e-01,5.836900000000000421e-01,5.762100000000000000e-01,5.862899999999999778e-01,5.667400000000000215e-01,0.000000000000000000e+00,5.933500000000000441e-01,5.645999999999999908e-01,5.754500000000000171e-01,5.795299999999999896e-01,5.987299999999999844e-01,5.786200000000000232e-01,5.535600000000000520e-01,5.991699999999999804e-01,5.543400000000000549e-01,5.750399999999999956e-01,5.917299999999999782e-01,5.989200000000000079e-01,6.042399999999999993e-01,6.129099999999999548e-01,6.190600000000000547e-01,6.070100000000000495e-01,6.246899999999999675e-01,5.747499999999999831e-01,6.012800000000000367e-01,6.151499999999999746e-01,5.813700000000000534e-01,5.907200000000000228e-01,5.772699999999999498e-01,6.026000000000000245e-01,5.858200000000000074e-01,0.000000000000000000e+00,5.862699999999999578e-01,5.769999999999999574e-01,5.858600000000000474e-01,5.999700000000000033e-01,5.864899999999999558e-01,6.038400000000000434e-01,5.940600000000000325e-01,5.913800000000000168e-01,6.175399999999999778e-01,5.997400000000000508e-01,6.100600000000000467e-01,5.973199999999999621e-01,5.778100000000000458e-01,0.000000000000000000e+00,5.719499999999999584e-01,6.238500000000000156e-01,5.920800000000000507e-01,5.806900000000000395e-01,5.513099999999999667e-01,5.980799999999999450e-01,5.581599999999999895e-01,5.714000000000000190e-01,5.889499999999999735e-01,5.964899999999999647e-01,5.748600000000000376e-01,5.698699999999999877e-01,5.838900000000000201e-01,5.701300000000000257e-01,5.703099999999999836e-01,5.911300000000000443e-01
0.000000000000000000e+00,5.823899999999999633e-01,5.810699999999999754e-01,5.914099999999999913e-01,5.928999999999999826e-01,0.000000000000000000e+00,5.909200000000000008e-01,5.725299999999999834e-01,5.666799999999999615e-01,5.960999999999999632e-01,5.759600000000000275e-01,5.895599999999999730e-01,5.870499999999999607e-01,5.785299999999999887e-01,0.000000000000000000e+00,5.725299999999999834e-01,5.639899999999999913e-01,5.724500000000000144e-01,5.561300000000000132e-01,0.000000000000000000e+00,5.790699999999999736e-01,5.550300000000000233e-01,5.660300000000000331e-01,5.744799999999999907e-01,5.873199999999999532e-01,5.682800000000000074e-01,5.450199999999999489e-01,5.883599999999999941e-01,5.471700000000000452e-01,5.582200000000000495e-01,5.806900000000000395e-01,5.908099999999999463e-01,6.055300000000000127e-01,6.030499999999999750e-01,6.075899999999999634e-01,5.896400000000000530e-01,6.074699999999999545e-01,5.738299999999999512e-01,5.882500000000000506e-01,5.920299999999999452e-01,5.711100000000000065e-01,5.810899999999999954e-01,5.659899999999999931e-01,5.954800000000000093e-01,5.806900000000000395e-01,0.000000000000000000e+00,5.773599999999999843e-01,5.704099999999999726e-01,5.736599999999999477e-01,5.872899999999999787e-01,5.794899999999999496e-01,5.911499999999999533e-01,5.833399999999999697e-01,5.819999999999999618e-01,5.960199999999999942e-01,5.860300000000000509e-01,5.956099999999999728e-01,5.871199999999999752e-01,5.672199999999999465e-01,0.000000000000000000e+00,5.588999999999999524e-01,6.045000000000000373e-01,5.820400000000000018e-01,5.713099999999999845e-01,5.429500000000000437e-01,5.795099999999999696e-01,5.520399999999999752e-01,5.627799999999999470e-01,5.843000000000000416e-01,5.849199999999999955e-01,5.668999999999999595e-01,5.590800000000000214e-01,5.709400000000000031e-01,5.596700000000000008e-01,5.588499999999999579e-01,5.797499999999999876e-01
5.632099999999999884e-01,5.899400000000000199e-01,5.968499999999999917e-01,6.137000000000000233e-01,6.088400000000000478e-01,5.500599999999999934e-01,6.044300000000000228e-01,5.893000000000000460e-01,5.749600000000000266e-01,6.010699999999999932e-01,5.895599999999999730e-01,6.076000000000000290e-01,5.999200000000000088e-01,5.943000000000000504e-01,5.575299999999999701e-01,5.841800000000000326e-01,5.698400000000000132e-01,5.846099999999999630e-01,5.644599999999999618e-01,0.000000000000000000e+00,5.983000000000000540e-01,5.586100000000000509e-01,5.781600000000000072e-01,5.920600000000000307e-01,5.963300000000000267e-01,5.826299999999999812e-01,5.503700000000000259e-01,5.963800000000000212e-01,5.485400000000000276e-01,5.577999999999999625e-01,5.930199999999999916e-01,6.054599999999999982e-01,6.178500000000000103e-01,6.267200000000000548e-01,6.273300000000000542e-01,6.048799999999999732e-01,6.250700000000000145e-01,5.793599999999999861e-01,6.106500000000000261e-01,6.179900000000000393e-01,5.939200000000000035e-01,5.955599999999999783e-01,5.681699999999999529e-01,6.046799999999999953e-01,5.936200000000000365e-01,5.510800000000000143e-01,5.814700000000000424e-01,5.791199999999999681e-01,5.854000000000000314e-01,5.961999999999999522e-01,5.884800000000000031e-01,5.998900000000000343e-01,5.978400000000000380e-01,5.854899999999999549e-01,6.164699999999999624e-01,5.936599999999999655e-01,6.182600000000000318e-01,5.999499999999999833e-01,5.669699999999999740e-01,5.486699999999999910e-01,5.645900000000000363e-01,6.191200000000000037e-01,5.822100000000000053e-01,5.720800000000000329e-01,5.515999999999999792e-01,6.013199999999999656e-01,5.538999999999999480e-01,5.730699999999999683e-01,5.932500000000000551e-01,5.911499999999999533e-01,5.799600000000000311e-01,5.691500000000000448e-01,5.807099999999999485e-01,5.651199999999999557e-01,5.563200000000000367e-01,5.958499999999999908e-01
5.519199999999999662e-01,5.950800000000000534e-01,5.995200000000000529e-01,6.166399999999999659e-01,6.099999999999999867e-01,5.557499999999999662e-01,6.048499999999999988e-01,5.782399999999999762e-01,5.823899999999999633e-01,5.988900000000000334e-01,5.870499999999999607e-01,5.999200000000000088e-01,6.067599999999999660e-01,5.951999999999999513e-01,5.516600000000000392e-01,5.860899999999999999e-01,5.705000000000000071e-01,5.877700000000000147e-01,5.702300000000000146e-01,5.443900000000000405e-01,5.929499999999999771e-01,5.670399999999999885e-01,5.790199999999999791e-01,5.934199999999999475e-01,6.042499999999999538e-01,5.874500000000000277e-01,5.562899999999999512e-01,6.021300000000000541e-01,5.627499999999999725e-01,5.642700000000000493e-01,5.989799999999999569e-01,6.049099999999999477e-01,6.250200000000000200e-01,6.305500000000000549e-01,6.297300000000000120e-01,6.026399999999999535e-01,6.276300000000000212e-01,5.898900000000000254e-01,6.061699999999999866e-01,6.190600000000000547e-01,5.892600000000000060e-01,6.001100000000000323e-01,5.738199999999999967e-01,6.046300000000000008e-01,5.941499999999999559e-01,5.512899999999999467e-01,5.928799999999999626e-01,5.902500000000000524e-01,5.901300000000000434e-01,5.963000000000000522e-01,5.929200000000000026e-01,6.040900000000000158e-01,5.930699999999999861e-01,5.958299999999999708e-01,6.121900000000000119e-01,5.931300000000000461e-01,6.085899999999999643e-01,6.031100000000000350e-01,5.717600000000000460e-01,0.000000000000000000e+00,5.688699999999999868e-01,6.166399999999999659e-01,5.901199999999999779e-01,5.821399999999999908e-01,5.548600000000000199e-01,5.915599999999999747e-01,5.637799999999999478e-01,5.795900000000000496e-01,6.040999999999999703e-01,5.995000000000000329e-01,5.853599999999999914e-01,5.722300000000000164e-01,5.852399999999999824e-01,5.714399999999999480e-01,5.622399999999999620e-01,6.000699999999999923e-01
5.479600000000000026e-01,5.827200000000000157e-01,5.869199999999999973e-01,6.010999999999999677e-01,5.971800000000000441e-01,5.481399999999999606e-01,5.915300000000000002e-01,5.694099999999999717e-01,5.763700000000000490e-01,5.952300000000000368e-01,5.785299999999999887e-01,5.943000000000000504e-01,5.951999999999999513e-01,5.775200000000000333e-01,5.515900000000000247e-01,5.771800000000000264e-01,5.667699999999999960e-01,5.748499999999999721e-01,5.535600000000000520e-01,0.000000000000000000e+00,5.840899999999999981e-01,5.594099999999999628e-01,5.711600000000000010e-01,5.827400000000000357e-01,5.888600000000000501e-01,5.716599999999999460e-01,5.518300000000000427e-01,5.941600000000000215e-01,5.557100000000000373e-01,5.612399999999999611e-01,5.808699999999999974e-01,6.018000000000000016e-01,6.161900000000000155e-01,6.145800000000000152e-01,6.126899999999999569e-01,5.901499999999999524e-01,6.119799999999999685e-01,5.874500000000000277e-01,5.986099999999999755e-01,5.912899999999999823e-01,5.804599999999999760e-01,5.874399999999999622e-01,5.728299999999999503e-01,6.078900000000000414e-01,5.891499999999999515e-01,0.000000000000000000e+00,5.843199999999999505e-01,5.782500000000000417e-01,5.772800000000000153e-01,5.892300000000000315e-01,5.848900000000000210e-01,5.951999999999999513e-01,6.038999999999999924e-01,5.838100000000000511e-01,6.063300000000000356e-01,5.918299999999999672e-01,6.066700000000000426e-01,5.914199999999999458e-01,5.639199999999999768e-01,5.435200000000000031e-01,5.637900000000000134e-01,6.090600000000000458e-01,5.835399999999999476e-01,5.790300000000000447e-01,5.500300000000000189e-01,5.865200000000000413e-01,5.586499999999999799e-01,5.737100000000000533e-01,5.977900000000000436e-01,5.911499999999999533e-01,5.746200000000000196e-01,5.677499999999999769e-01,5.732500000000000373e-01,5.613399999999999501e-01,5.548499999999999543e-01,5.898700000000000054e-01
0.000000000000000000e+00,5.456299999999999484e-01,5.606400000000000272e-01,5.610800000000000232e-01,5.550699999999999523e-01,0.000000000000000000e+00,5.522200000000000442e-01,5.481599999999999806e-01,0.000000000000000000e+00,5.524599999999999511e-01,0.000000000000000000e+00,5.575299999999999701e-01,5.516600000000000392e-01,5.515900000000000247e-01,0.000000000000000000e+00,0.000000000000000000e+00,0.000000000000000000e+00,0.000000000000000000e+00,0.000000000000000000e+00,0.000000000000000000e+00,5.476999999999999647e-01,0.000000000000000000e+00,0.000000000000000000e+00,5.539699999999999624e-01,5.492799999999999905e-01,5.461599999999999788e-01,0.000000000000000000e+00,5.474299999999999722e-01,0.000000000000000000e+00,0.000000000000000000e+00,5.431899999999999507e-01,5.449300000000000255e-01,5.691199999999999593e-01,5.707799999999999541e-01,5.731699999999999573e-01,5.510199999999999543e-01,5.605200000000000182e-01,5.526299999999999546e-01,0.000000000000000000e+00,5.680199999999999694e-01,5.473200000000000287e-01,0.000000000000000000e+00,0.000000000000000000e+00,5.433599999999999541e-01,5.501700000000000479e-01,0.000000000000000000e+00,5.439100000000000046e-01,5.449399999999999800e-01,0.000000000000000000e+00,0.000000000000000000e+00,5.480899999999999661e-01,5.491599999999999815e-01,5.487699999999999800e-01,5.434799999999999631e-01,5.565400000000000347e-01,5.447300000000000475e-01,5.633500000000000174e-01,5.493599999999999595e-01,0.000000000000000000e+00,0.000000000000000000e+00,0.000000000000000000e+00,5.606600000000000472e-01,0.000000000000000000e+00,0.000000000000000000e+00,0.000000000000000000e+00,5.454599999999999449e-01,0.000000000000000000e+00,0.000000000000000000e+00,5.550599999999999978e-01,5.427999999999999492e-01,5.451500000000000234e-01,0.000000000000000000e+00,0.000000000000000000e+00,0.000000000000000000e+00,0.000000000000000000e+00,5.501899999999999569e-01
5.449399999999999800e-01,5.737400000000000277e-01,5.910699999999999843e-01,5.931100000000000261e-01,5.852300000000000280e-01,0.000000000000000000e+00,5.866799999999999793e-01,5.721000000000000529e-01,5.722300000000000164e-01,5.836900000000000421e-01,5.725299999999999834e-01,5.841800000000000326e-01,5.860899999999999999e-01,5.771800000000000264e-01,0.000000000000000000e+00,5.738400000000000167e-01,5.604799999999999782e-01,5.746900000000000341e-01,5.579800000000000315e-01,0.000000000000000000e+00,5.742599999999999927e-01,5.587600000000000344e-01,5.690899999999999848e-01,5.775599999999999623e-01,5.888200000000000101e-01,5.709699999999999775e-01,5.498899999999999899e-01,5.879400000000000182e-01,5.507600000000000273e-01,5.559899999999999842e-01,5.787700000000000067e-01,5.838999999999999746e-01,6.059700000000000086e-01,6.110400000000000276e-01,6.071699999999999875e-01,5.915099999999999802e-01,6.027299999999999880e-01,5.757999999999999785e-01,5.799900000000000055e-01,5.913399999999999768e-01,5.786099999999999577e-01,5.739800000000000457e-01,5.654599999999999627e-01,5.912199999999999678e-01,5.801899999999999835e-01,0.000000000000000000e+00,5.800600000000000200e-01,5.764200000000000434e-01,5.780300000000000438e-01,5.771800000000000264e-01,5.810100000000000264e-01,5.826900000000000412e-01,5.922399999999999887e-01,5.787200000000000122e-01,5.994300000000000184e-01,5.775599999999999623e-01,5.920900000000000052e-01,5.845000000000000195e-01,5.615200000000000191e-01,0.000000000000000000e+00,5.584900000000000420e-01,6.058599999999999541e-01,5.766299999999999759e-01,5.687900000000000178e-01,5.539800000000000280e-01,5.782199999999999562e-01,5.578499999999999570e-01,5.693500000000000227e-01,5.823800000000000088e-01,5.835299999999999931e-01,5.704500000000000126e-01,5.666700000000000070e-01,5.709999999999999520e-01,5.620899999999999785e-01,5.518999999999999462e-01,5.846000000000000085e-01
0.000000000000000000e+00,5.692000000000000393e-01,5.643799999999999928e-01,5.774599999999999733e-01,5.766099999999999559e-01,0.000000000000000000e+00,5.716200000000000170e-01,5.678600000000000314e-01,5.556999999999999718e-01,5.762100000000000000e-01,5.639899999999999913e-01,5.698400000000000132e-01,5.705000000000000071e-01,5.667699999999999960e-01,0.000000000000000000e+00,5.604799999999999782e-01,5.451799999999999979e-01,5.624099999999999655e-01,5.461899999999999533e-01,0.000000000000000000e+00,5.603700000000000347e-01,5.460300000000000153e-01,5.542500000000000204e-01,5.571500000000000341e-01,5.753099999999999881e-01,5.573799999999999866e-01,0.000000000000000000e+00,5.735400000000000498e-01,0.000000000000000000e+00,5.515900000000000247e-01,5.654700000000000282e-01,5.685499999999999998e-01,5.820899999999999963e-01,5.809699999999999864e-01,5.863399999999999723e-01,5.762500000000000400e-01,5.929200000000000026e-01,5.568100000000000271e-01,5.660199999999999676e-01,5.781699999999999617e-01,5.537600000000000300e-01,5.628999999999999559e-01,5.573200000000000376e-01,5.775400000000000533e-01,5.641100000000000003e-01,0.000000000000000000e+00,5.669800000000000395e-01,5.587199999999999944e-01,5.631899999999999684e-01,5.729400000000000048e-01,5.660899999999999821e-01,5.756000000000000005e-01,5.696299999999999697e-01,5.715599999999999570e-01,5.786599999999999522e-01,5.695700000000000207e-01,5.726700000000000124e-01,5.709199999999999831e-01,5.604900000000000437e-01,0.000000000000000000e+00,5.464900000000000313e-01,5.892699999999999605e-01,5.720399999999999929e-01,5.578499999999999570e-01,0.000000000000000000e+00,5.606600000000000472e-01,0.000000000000000000e+00,5.518300000000000427e-01,5.660199999999999676e-01,5.714399999999999480e-01,5.546200000000000019e-01,5.492099999999999760e-01,5.601000000000000423e-01,5.499800000000000244e-01,5.503900000000000459e-01,5.652500000000000302e-01
0.000000000000000000e+00,5.802899999999999725e-01,5.863699999999999468e-01,5.927900000000000391e-01,5.854800000000000004e-01,5.467300000000000493e-01,5.858999999999999764e-01,5.727299999999999613e-01,5.750499999999999501e-01,5.862899999999999778e-01,5.724500000000000144e-01,5.846099999999999630e-01,5.877700000000000147e-01,5.748499999999999721e-01,0.000000000000000000e+00,5.746900000000000341e-01,5.624099999999999655e-01,5.746299999999999741e-01,5.596100000000000518e-01,0.000000000000000000e+00,5.732500000000000373e-01,5.609499999999999487e-01,5.693300000000000027e-01,5.754899999999999460e-01,5.899999999999999689e-01,5.736400000000000388e-01,5.498100000000000209e-01,5.892899999999999805e-01,5.539699999999999624e-01,5.599399999999999933e-01,5.825700000000000323e-01,5.879100000000000437e-01,6.078799999999999759e-01,6.088400000000000478e-01,6.100499999999999812e-01,5.921300000000000452e-01,6.070699999999999985e-01,5.739999999999999547e-01,5.848999999999999755e-01,5.910699999999999843e-01,5.750199999999999756e-01,5.841499999999999471e-01,5.666200000000000125e-01,5.926599999999999646e-01,5.720899999999999874e-01,0.000000000000000000e+00,5.797299999999999676e-01,5.791600000000000081e-01,5.832199999999999607e-01,5.836000000000000076e-01,5.854899999999999549e-01,5.897799999999999709e-01,5.867700000000000138e-01,5.891699999999999715e-01,5.966000000000000192e-01,5.827700000000000102e-01,5.867099999999999538e-01,5.883199999999999541e-01,5.684799999999999853e-01,0.000000000000000000e+00,5.576200000000000045e-01,6.068900000000000405e-01,5.859400000000000164e-01,5.717299999999999605e-01,5.481099999999999861e-01,5.728199999999999958e-01,5.567100000000000382e-01,5.685099999999999598e-01,5.846999999999999975e-01,5.886900000000000466e-01,5.712000000000000410e-01,5.657699999999999951e-01,5.751600000000000046e-01,5.639800000000000368e-01,5.507300000000000528e-01,5.849400000000000155e-01
0.000000000000000000e+00,5.616600000000000481e-01,5.752099999999999991e-01,5.746900000000000341e-01,5.658600000000000296e-01,0.000000000000000000e+00,5.673799999999999955e-01,5.569499999999999451e-01,5.584200000000000275e-01,5.667400000000000215e-01,5.561300000000000132e-01,5.644599999999999618e-01,5.702300000000000146e-01,5.535600000000000520e-01,0.000000000000000000e+00,5.579800000000000315e-01,5.461899999999999533e-01,5.596100000000000518e-01,5.428300000000000347e-01,0.000000000000000000e+00,5.577699999999999880e-01,5.463500000000000023e-01,5.549800000000000288e-01,5.612200000000000522e-01,5.725099999999999634e-01,5.579800000000000315e-01,0.000000000000000000e+00,5.718800000000000550e-01,0.000000000000000000e+00,0.000000000000000000e+00,5.664299999999999891e-01,5.665000000000000036e-01,5.933899999999999730e-01,5.909999999999999698e-01,5.899499999999999744e-01,5.689100000000000268e-01,5.862000000000000544e-01,5.611800000000000122e-01,5.650199999999999667e-01,5.722099999999999964e-01,5.594700000000000228e-01,5.657499999999999751e-01,5.491399999999999615e-01,5.747600000000000486e-01,5.641000000000000458e-01,0.000000000000000000e+00,5.671599999999999975e-01,5.637600000000000389e-01,5.618199999999999861e-01,5.612000000000000322e-01,5.690899999999999848e-01,5.679600000000000204e-01,5.653700000000000392e-01,5.686200000000000143e-01,5.769400000000000084e-01,5.645099999999999563e-01,5.693399999999999572e-01,5.710100000000000176e-01,5.504700000000000149e-01,0.000000000000000000e+00,0.000000000000000000e+00,5.845099999999999740e-01,5.639899999999999913e-01,5.527400000000000091e-01,0.000000000000000000e+00,5.563900000000000512e-01,5.443299999999999805e-01,5.525499999999999856e-01,5.646499999999999853e-01,5.704200000000000381e-01,5.559300000000000352e-01,5.520599999999999952e-01,5.569199999999999706e-01,5.473200000000000287e-01,0.000000000000000000e+00,5.676900000000000279e-01
0.000000000000000000e+00,0.000000000000000000e+00,5.539100000000000135e-01,5.453999999999999959e-01,0.000000000000000000e+00,0.000000000000000000e+00,5.428699999999999637e-01,0.000000000000000000e+00,0.000000000000000000e+00,0.000000000000000000e+00,0.000000000000000000e+00,0.000000000000000000e+00,5.443900000000000405e-01,0.000000000000000000e+00,0.000000000000000000e+00,0.000000000000000000e+00,0.000000000000000000e+00,0.000000000000000000e+00,0.000000000000000000e+00,0.000000000000000000e+00,0.000000000000000000e+00,0.000000000000000000e+00,0.000000000000000000e+00,0.000000000000000000e+00,5.490500000000000380e-01,0.000000000000000000e+00,0.000000000000000000e+00,5.446600000000000330e-01,0.000000000000000000e+00,0.000000000000000000e+00,0.000000000000000000e+00,0.000000000000000000e+00,5.618600000000000261e-01,5.652000000000000357e-01,5.589300000000000379e-01,5.496900000000000119e-01,5.496900000000000119e-01,5.514799999999999702e-01,0.000000000000000000e+00,5.525900000000000256e-01,0.000000000000000000e+00,0.000000000000000000e+00,0.000000000000000000e+00,0.000000000000000000e+00,5.464099999999999513e-01,0.000000000000000000e+00,5.429699999999999527e-01,5.457600000000000229e-01,0.000000000000000000e+00,0.000000000000000000e+00,5.471500000000000252e-01,0.000000000000000000e+00,5.468199999999999728e-01,5.456400000000000139e-01,5.485700000000000021e-01,0.000000000000000000e+00,0.000000000000000000e+00,5.429199999999999582e-01,0.000000000000000000e+00,0.000000000000000000e+00,0.000000000000000000e+00,5.541399999999999659e-01,0.000000000000000000e+00,0.000000000000000000e+00,0.000000000000000000e+00,0.000000000000000000e+00,0.000000000000000000e+00,0.000000000000000000e+00,5.441500000000000226e-01,0.000000000000000000e+00,0.000000000000000000e+00,0.000000000000000000e+00,0.000000000000000000e+00,0.000000000000000000e+00,0.000000000000000000e+00,5.445600000000000440e-01
5.560100000000000042e-01,5.828299999999999592e-01,5.863699999999999468e-01,6.018299999999999761e-01,5.983000000000000540e-01,5.443400000000000460e-01,5.945000000000000284e-01,5.790699999999999736e-01,5.696299999999999697e-01,5.933500000000000441e-01,5.790699999999999736e-01,5.983000000000000540e-01,5.929499999999999771e-01,5.840899999999999981e-01,5.476999999999999647e-01,5.742599999999999927e-01,5.603700000000000347e-01,5.732500000000000373e-01,5.577699999999999880e-01,0.000000000000000000e+00,5.876599999999999602e-01,5.541099999999999914e-01,5.701399999999999801e-01,5.850400000000000045e-01,5.877999999999999892e-01,5.733700000000000463e-01,5.467100000000000293e-01,5.887499999999999956e-01,5.477300000000000502e-01,5.576100000000000501e-01,5.825200000000000378e-01,5.907200000000000228e-01,6.031900000000000039e-01,6.070200000000000040e-01,6.081299999999999484e-01,5.922500000000000542e-01,6.145599999999999952e-01,5.745999999999999996e-01,5.898900000000000254e-01,5.997400000000000508e-01,5.765799999999999814e-01,5.740199999999999747e-01,5.673700000000000410e-01,5.889900000000000135e-01,5.795900000000000496e-01,5.482299999999999951e-01,5.748400000000000176e-01,5.723000000000000309e-01,5.737499999999999822e-01,5.842100000000000071e-01,5.790300000000000447e-01,5.888600000000000501e-01,5.916799999999999837e-01,5.749600000000000266e-01,6.042499999999999538e-01,5.831399999999999917e-01,6.062300000000000466e-01,5.872699999999999587e-01,5.678100000000000369e-01,0.000000000000000000e+00,5.597400000000000153e-01,6.068900000000000405e-01,5.741399999999999837e-01,5.651500000000000412e-01,5.462599999999999678e-01,5.897799999999999709e-01,5.504700000000000149e-01,5.659999999999999476e-01,5.868200000000000083e-01,5.830300000000000482e-01,5.719600000000000239e-01,5.625099999999999545e-01,5.716999999999999860e-01,5.592200000000000504e-01,5.524799999999999711e-01,5.842500000000000471e-01
