7.030699999999999728e-01,5.871499999999999497e-01,6.175599999999999978e-01,6.591000000000000192e-01,6.147399999999999531e-01,6.034699999999999509e-01,6.140600000000000502e-01,6.072699999999999765e-01,6.109499999999999931e-01,6.164300000000000335e-01,5.927400000000000446e-01,6.321799999999999642e-01,6.244699999999999696e-01,6.029400000000000315e-01,6.078299999999999814e-01,5.822599999999999998e-01,5.871699999999999697e-01,6.122699999999999809e-01,5.970400000000000151e-01,6.144899999999999807e-01,6.325199999999999712e-01,5.812000000000000499e-01,5.987500000000000044e-01,6.521500000000000075e-01,6.129499999999999948e-01,6.312699999999999978e-01,5.829800000000000537e-01,6.030200000000000005e-01,6.095899999999999652e-01,5.590600000000000014e-01,6.096899999999999542e-01,6.251900000000000235e-01,6.512999999999999901e-01,6.711399999999999588e-01,6.459200000000000497e-01,6.204899999999999860e-01,6.534100000000000463e-01,6.666999999999999593e-01,6.431200000000000250e-01,6.527100000000000124e-01,6.654900000000000260e-01,6.568300000000000249e-01,6.175699999999999523e-01,6.589099999999999957e-01,6.490799999999999903e-01,6.563400000000000345e-01,5.943000000000000504e-01,5.915700000000000403e-01,6.701599999999999779e-01,6.274800000000000377e-01,6.107900000000000551e-01,6.473200000000000065e-01,6.255500000000000504e-01,5.991100000000000314e-01,6.196099999999999941e-01,5.870800000000000463e-01,5.958400000000000363e-01,6.132400000000000073e-01,5.889600000000000390e-01,6.020499999999999741e-01,6.161600000000000410e-01,5.755400000000000515e-01,6.170299999999999674e-01,6.037799999999999834e-01,5.742800000000000127e-01,6.363400000000000167e-01,5.773899999999999588e-01,5.993300000000000294e-01,6.191200000000000037e-01,5.843399999999999705e-01,6.135500000000000398e-01,6.012300000000000422e-01,5.935399999999999565e-01,5.983600000000000030e-01,0.000000000000000000e+00,6.175000000000000488e-01
5.871499999999999497e-01,5.445699999999999985e-01,5.523000000000000131e-01,5.764500000000000179e-01,5.594000000000000083e-01,5.543000000000000149e-01,5.624700000000000255e-01,0.000000000000000000e+00,5.591699999999999449e-01,5.524599999999999511e-01,5.464999999999999858e-01,5.521899999999999586e-01,5.643000000000000238e-01,5.655299999999999772e-01,0.000000000000000000e+00,5.432700000000000307e-01,5.461300000000000043e-01,5.625299999999999745e-01,5.429500000000000437e-01,5.524299999999999766e-01,5.561599999999999877e-01,5.435200000000000031e-01,5.404099999999999460e-01,5.592200000000000504e-01,5.582399999999999585e-01,5.635000000000000009e-01,5.419300000000000228e-01,5.558100000000000263e-01,5.603200000000000403e-01,0.000000000000000000e+00,5.530399999999999761e-01,5.488199999999999745e-01,5.749199999999999866e-01,5.752599999999999936e-01,5.689600000000000213e-01,5.648800000000000487e-01,5.748400000000000176e-01,5.833300000000000152e-01,5.604299999999999837e-01,5.771500000000000519e-01,5.767499999999999849e-01,5.815000000000000169e-01,5.721800000000000219e-01,5.992100000000000204e-01,5.720300000000000384e-01,5.684599999999999653e-01,5.517699999999999827e-01,5.453700000000000214e-01,5.930600000000000316e-01,5.692800000000000082e-01,5.551599999999999868e-01,5.764299999999999979e-01,5.598100000000000298e-01,5.536499999999999755e-01,5.614000000000000101e-01,5.429699999999999527e-01,0.000000000000000000e+00,5.637799999999999478e-01,5.575999999999999845e-01,5.492700000000000360e-01,5.568999999999999506e-01,0.000000000000000000e+00,5.581199999999999495e-01,5.449300000000000255e-01,0.000000000000000000e+00,5.640100000000000113e-01,5.440099999999999936e-01,5.449699999999999545e-01,5.437100000000000266e-01,5.421099999999999808e-01,5.563399999999999457e-01,5.495799999999999574e-01,5.506799999999999473e-01,5.498600000000000154e-01,0.000000000000000000e+00,5.581399999999999695e-01
6.175599999999999978e-01,5.523000000000000131e-01,5.629800000000000360e-01,5.922100000000000142e-01,5.700699999999999656e-01,5.616400000000000281e-01,5.692500000000000338e-01,5.531399999999999650e-01,5.672099999999999920e-01,5.674799999999999844e-01,5.545099999999999474e-01,5.676099999999999479e-01,5.723500000000000254e-01,5.706599999999999451e-01,5.561700000000000532e-01,5.443099999999999605e-01,5.506199999999999983e-01,5.668900000000000050e-01,5.546900000000000164e-01,5.651199999999999557e-01,5.755599999999999605e-01,5.475400000000000267e-01,5.516400000000000192e-01,5.771100000000000119e-01,5.642500000000000293e-01,5.757299999999999640e-01,5.484099999999999531e-01,5.630699999999999594e-01,5.667900000000000160e-01,0.000000000000000000e+00,5.617499999999999716e-01,5.540000000000000480e-01,5.962399999999999922e-01,5.987799999999999789e-01,5.853599999999999914e-01,5.773300000000000098e-01,5.934599999999999875e-01,5.942399999999999904e-01,5.697600000000000442e-01,5.916599999999999637e-01,5.990900000000000114e-01,5.909900000000000153e-01,5.807700000000000085e-01,6.046099999999999808e-01,5.829499999999999682e-01,5.918799999999999617e-01,5.549199999999999688e-01,5.519300000000000317e-01,6.049499999999999877e-01,5.805399999999999450e-01,5.663300000000000001e-01,5.907200000000000228e-01,5.696999999999999842e-01,5.595799999999999663e-01,5.682000000000000384e-01,5.488100000000000200e-01,5.418800000000000283e-01,5.689499999999999558e-01,5.613200000000000411e-01,5.576200000000000045e-01,5.657600000000000406e-01,0.000000000000000000e+00,5.649800000000000377e-01,5.559500000000000552e-01,5.439199999999999591e-01,5.785700000000000287e-01,5.454799999999999649e-01,5.550300000000000233e-01,5.588800000000000434e-01,5.471300000000000052e-01,5.663200000000000456e-01,5.564200000000000257e-01,5.569699999999999651e-01,5.578400000000000025e-01,0.000000000000000000e+00,5.689400000000000013e-01
6.591000000000000192e-01,5.764500000000000179e-01,5.922100000000000142e-01,6.347500000000000364e-01,6.126700000000000479e-01,5.788999999999999702e-01,6.054399999999999782e-01,5.745099999999999651e-01,5.870100000000000318e-01,5.976000000000000201e-01,5.855299999999999949e-01,6.056500000000000217e-01,6.051999999999999602e-01,6.079499999999999904e-01,5.816200000000000259e-01,5.736299999999999732e-01,5.754700000000000371e-01,6.013100000000000112e-01,5.753800000000000026e-01,5.884500000000000286e-01,6.098700000000000232e-01,5.666999999999999815e-01,5.705999999999999961e-01,6.115899999999999670e-01,5.962399999999999922e-01,6.064000000000000501e-01,5.669100000000000250e-01,5.910800000000000498e-01,5.933500000000000441e-01,5.560199999999999587e-01,5.916400000000000547e-01,5.967599999999999572e-01,6.291200000000000125e-01,6.369899999999999451e-01,6.237700000000000466e-01,6.140400000000000302e-01,6.323400000000000132e-01,6.239599999999999591e-01,6.072999999999999510e-01,6.335699999999999665e-01,6.397699999999999498e-01,6.309700000000000308e-01,6.183499999999999552e-01,6.500700000000000367e-01,6.161699999999999955e-01,6.321400000000000352e-01,5.802899999999999725e-01,5.807099999999999485e-01,6.419799999999999951e-01,6.171999999999999709e-01,5.833700000000000552e-01,6.265699999999999603e-01,5.955099999999999838e-01,5.819800000000000528e-01,6.059400000000000341e-01,5.803899999999999615e-01,5.825200000000000378e-01,5.944000000000000394e-01,5.949400000000000244e-01,5.886400000000000521e-01,5.962699999999999667e-01,5.694299999999999917e-01,5.998400000000000398e-01,5.863099999999999978e-01,5.633599999999999719e-01,6.220299999999999718e-01,5.662099999999999911e-01,5.793899999999999606e-01,5.948099999999999499e-01,5.756099999999999550e-01,5.965399999999999592e-01,5.779400000000000093e-01,5.857200000000000184e-01,5.826099999999999612e-01,0.000000000000000000e+00,6.051199999999999912e-01
6.147399999999999531e-01,5.594000000000000083e-01,5.700699999999999656e-01,6.126700000000000479e-01,5.955399999999999583e-01,5.627400000000000180e-01,5.892699999999999605e-01,5.573000000000000176e-01,5.697900000000000187e-01,5.830600000000000227e-01,5.721699999999999564e-01,5.808499999999999774e-01,5.879900000000000126e-01,5.894500000000000295e-01,5.621899999999999675e-01,5.679800000000000404e-01,5.631500000000000394e-01,5.874099999999999877e-01,5.600100000000000078e-01,5.650199999999999667e-01,5.889100000000000446e-01,5.521800000000000042e-01,5.545099999999999474e-01,5.821199999999999708e-01,5.804599999999999760e-01,5.850699999999999790e-01,5.539300000000000335e-01,5.753800000000000026e-01,5.796000000000000041e-01,5.454299999999999704e-01,5.727400000000000269e-01,5.850100000000000300e-01,6.078200000000000269e-01,6.108099999999999641e-01,6.021100000000000341e-01,5.942800000000000304e-01,6.101999999999999647e-01,6.120900000000000230e-01,5.944800000000000084e-01,6.111400000000000166e-01,6.146200000000000552e-01,6.151799999999999491e-01,5.917200000000000237e-01,6.314499999999999558e-01,5.961899999999999977e-01,6.000799999999999468e-01,5.647699999999999942e-01,5.629199999999999759e-01,6.174500000000000544e-01,6.027000000000000135e-01,5.701500000000000457e-01,6.085399999999999698e-01,5.790600000000000191e-01,5.702599999999999891e-01,5.935799999999999965e-01,5.692800000000000082e-01,5.639600000000000168e-01,5.830600000000000227e-01,5.765200000000000324e-01,5.731000000000000538e-01,5.838600000000000456e-01,5.542200000000000459e-01,5.799100000000000366e-01,5.682199999999999473e-01,5.486100000000000421e-01,6.033600000000000074e-01,5.553200000000000358e-01,5.614799999999999791e-01,5.721199999999999619e-01,5.633799999999999919e-01,5.789900000000000047e-01,5.614299999999999846e-01,5.725099999999999634e-01,5.691800000000000193e-01,0.000000000000000000e+00,5.861399999999999944e-01
6.034699999999999509e-01,5.542899999999999494e-01,5.616400000000000281e-01,5.788999999999999702e-01,5.627400000000000180e-01,5.635000000000000009e-01,5.671100000000000030e-01,5.440099999999999936e-01,5.683300000000000018e-01,5.549399999999999888e-01,5.493599999999999595e-01,5.593299999999999939e-01,5.717600000000000460e-01,5.665499999999999980e-01,5.512000000000000233e-01,5.481899999999999551e-01,5.498600000000000154e-01,5.707200000000000051e-01,5.515600000000000502e-01,5.632300000000000084e-01,5.657999999999999696e-01,5.502099999999999769e-01,5.510899999999999688e-01,5.719100000000000295e-01,5.657200000000000006e-01,5.731000000000000538e-01,5.491300000000000070e-01,5.606600000000000472e-01,5.669999999999999485e-01,0.000000000000000000e+00,5.601899999999999658e-01,5.606100000000000527e-01,5.871600000000000152e-01,5.871399999999999952e-01,5.811100000000000154e-01,5.675099999999999589e-01,5.820499999999999563e-01,5.885599999999999721e-01,5.680800000000000294e-01,5.880499999999999616e-01,5.866900000000000448e-01,5.867799999999999683e-01,5.735700000000000243e-01,6.026000000000000245e-01,5.829800000000000537e-01,5.828799999999999537e-01,5.594099999999999628e-01,5.521800000000000042e-01,6.002899999999999903e-01,5.748699999999999921e-01,5.694200000000000372e-01,5.837299999999999711e-01,5.700899999999999856e-01,5.634099999999999664e-01,5.620399999999999840e-01,5.480800000000000116e-01,0.000000000000000000e+00,5.712399999999999700e-01,5.614999999999999991e-01,5.576299999999999590e-01,5.666499999999999870e-01,0.000000000000000000e+00,5.624099999999999655e-01,5.493200000000000305e-01,5.462500000000000133e-01,5.709899999999999975e-01,5.496999999999999664e-01,5.559800000000000297e-01,5.576799999999999535e-01,5.473500000000000032e-01,5.643700000000000383e-01,5.583799999999999875e-01,5.572300000000000031e-01,5.587199999999999944e-01,0.000000000000000000e+00,5.661399999999999766e-01
6.140600000000000502e-01,5.624700000000000255e-01,5.692500000000000338e-01,6.054399999999999782e-01,5.892699999999999605e-01,5.671100000000000030e-01,5.844200000000000506e-01,5.558899999999999952e-01,5.745799999999999796e-01,5.803599999999999870e-01,5.701600000000000001e-01,5.767400000000000304e-01,5.853800000000000114e-01,5.876700000000000257e-01,5.614999999999999991e-01,5.636999999999999789e-01,5.628300000000000525e-01,5.839199999999999946e-01,5.607600000000000362e-01,5.678900000000000059e-01,5.842800000000000216e-01,5.544200000000000239e-01,5.548199999999999799e-01,5.816900000000000404e-01,5.794000000000000261e-01,5.844899999999999540e-01,5.572700000000000431e-01,5.747700000000000031e-01,5.794599999999999751e-01,5.471899999999999542e-01,5.706400000000000361e-01,5.795500000000000096e-01,6.038299999999999779e-01,6.058799999999999741e-01,5.961300000000000487e-01,5.920499999999999652e-01,6.063600000000000101e-01,6.113100000000000200e-01,5.924599999999999866e-01,6.075399999999999689e-01,6.103899999999999881e-01,6.113499999999999490e-01,5.917000000000000037e-01,6.272299999999999542e-01,5.968900000000000317e-01,5.951999999999999513e-01,5.663000000000000256e-01,5.587199999999999944e-01,6.179000000000000048e-01,5.964000000000000412e-01,5.711300000000000265e-01,6.043899999999999828e-01,5.797499999999999876e-01,5.694500000000000117e-01,5.910800000000000498e-01,5.641399999999999748e-01,5.565900000000000292e-01,5.834599999999999786e-01,5.760499999999999510e-01,5.695700000000000207e-01,5.807400000000000340e-01,5.521200000000000552e-01,5.774599999999999733e-01,5.647100000000000453e-01,5.513099999999999667e-01,5.945399999999999574e-01,5.566200000000000037e-01,5.606999999999999762e-01,5.665499999999999980e-01,5.595099999999999518e-01,5.753500000000000281e-01,5.631500000000000394e-01,5.708100000000000396e-01,5.675299999999999789e-01,0.000000000000000000e+00,5.809900000000000064e-01
6.072699999999999765e-01,0.000000000000000000e+00,5.531399999999999650e-01,5.745099999999999651e-01,5.573000000000000176e-01,5.440099999999999936e-01,5.558899999999999952e-01,5.451700000000000434e-01,5.473200000000000287e-01,5.542300000000000004e-01,5.410300000000000109e-01,5.694599999999999662e-01,5.567999999999999616e-01,5.520300000000000207e-01,5.519100000000000117e-01,0.000000000000000000e+00,0.000000000000000000e+00,5.533500000000000085e-01,0.000000000000000000e+00,5.506999999999999673e-01,5.703599999999999781e-01,0.000000000000000000e+00,5.451599999999999779e-01,5.769300000000000539e-01,5.497600000000000264e-01,5.644299999999999873e-01,0.000000000000000000e+00,5.479899999999999771e-01,5.516600000000000392e-01,0.000000000000000000e+00,5.466199999999999948e-01,5.518800000000000372e-01,5.777799999999999603e-01,5.886000000000000121e-01,5.768600000000000394e-01,5.590399999999999814e-01,5.749900000000000011e-01,5.815000000000000169e-01,5.632899999999999574e-01,5.703300000000000036e-01,5.816599999999999548e-01,5.745900000000000452e-01,5.641500000000000403e-01,5.916000000000000147e-01,5.737499999999999822e-01,5.709800000000000431e-01,0.000000000000000000e+00,0.000000000000000000e+00,5.870499999999999607e-01,5.655599999999999516e-01,5.468300000000000383e-01,5.770300000000000429e-01,5.685499999999999998e-01,5.425499999999999767e-01,5.565799999999999637e-01,0.000000000000000000e+00,5.509199999999999653e-01,5.478600000000000136e-01,5.440899999999999626e-01,5.524999999999999911e-01,5.525099999999999456e-01,0.000000000000000000e+00,5.513700000000000268e-01,0.000000000000000000e+00,0.000000000000000000e+00,5.749999999999999556e-01,0.000000000000000000e+00,5.491500000000000270e-01,5.603399999999999492e-01,0.000000000000000000e+00,5.536799999999999500e-01,5.420500000000000318e-01,5.410599999999999854e-01,5.434299999999999686e-01,0.000000000000000000e+00,5.579199999999999715e-01
6.109499999999999931e-01,5.591699999999999449e-01,5.672099999999999920e-01,5.870100000000000318e-01,5.697900000000000187e-01,5.683300000000000018e-01,5.745799999999999796e-01,5.473200000000000287e-01,5.724099999999999744e-01,5.661000000000000476e-01,5.563599999999999657e-01,5.658199999999999896e-01,5.766499999999999959e-01,5.774500000000000188e-01,5.562599999999999767e-01,5.535099999999999465e-01,5.550800000000000178e-01,5.767299999999999649e-01,5.579300000000000370e-01,5.681000000000000494e-01,5.707799999999999541e-01,5.553000000000000158e-01,5.528899999999999926e-01,5.760600000000000165e-01,5.725599999999999579e-01,5.797099999999999476e-01,5.542700000000000404e-01,5.680100000000000149e-01,5.745200000000000307e-01,5.414999999999999813e-01,5.646499999999999853e-01,5.625499999999999945e-01,5.946000000000000174e-01,5.946799999999999864e-01,5.881999999999999451e-01,5.794300000000000006e-01,5.926000000000000156e-01,5.989200000000000079e-01,5.726700000000000124e-01,5.965000000000000302e-01,5.945500000000000229e-01,5.946000000000000174e-01,5.812800000000000189e-01,6.113399999999999945e-01,5.870400000000000063e-01,5.913000000000000478e-01,5.644400000000000528e-01,5.568600000000000216e-01,6.074000000000000510e-01,5.829800000000000537e-01,5.725000000000000089e-01,5.915899999999999492e-01,5.726799999999999669e-01,5.693000000000000282e-01,5.718100000000000405e-01,5.534000000000000030e-01,5.422500000000000098e-01,5.779699999999999838e-01,5.684799999999999853e-01,5.629600000000000160e-01,5.723700000000000454e-01,5.462000000000000188e-01,5.694700000000000317e-01,5.561899999999999622e-01,5.520100000000000007e-01,5.771199999999999664e-01,5.557199999999999918e-01,5.595999999999999863e-01,5.608600000000000252e-01,5.542300000000000004e-01,5.708800000000000541e-01,5.613700000000000356e-01,5.646700000000000053e-01,5.641500000000000403e-01,0.000000000000000000e+00,5.726799999999999669e-01
6.164300000000000335e-01,5.524599999999999511e-01,5.674799999999999844e-01,5.976000000000000201e-01,5.830600000000000227e-01,5.549399999999999888e-01,5.803599999999999870e-01,5.542300000000000004e-01,5.661000000000000476e-01,5.785799999999999832e-01,5.625000000000000000e-01,5.797900000000000276e-01,5.755599999999999605e-01,5.835900000000000531e-01,5.563399999999999457e-01,5.501800000000000024e-01,5.534599999999999520e-01,5.748499999999999721e-01,5.583000000000000185e-01,5.658499999999999641e-01,5.822599999999999998e-01,5.468199999999999728e-01,5.498300000000000409e-01,5.769499999999999629e-01,5.738999999999999657e-01,5.774799999999999933e-01,5.473500000000000032e-01,5.666799999999999615e-01,5.695999999999999952e-01,0.000000000000000000e+00,5.614400000000000501e-01,5.687999999999999723e-01,5.947400000000000464e-01,6.029999999999999805e-01,5.889699999999999935e-01,5.927700000000000191e-01,6.031499999999999639e-01,6.024899999999999700e-01,5.776000000000000023e-01,6.023500000000000520e-01,6.047000000000000153e-01,5.960299999999999487e-01,5.915200000000000458e-01,6.207500000000000240e-01,5.879100000000000437e-01,5.923199999999999577e-01,5.607699999999999907e-01,5.524200000000000221e-01,6.078900000000000414e-01,5.898999999999999799e-01,5.563299999999999912e-01,6.008200000000000207e-01,5.624000000000000110e-01,5.586900000000000199e-01,5.878499999999999837e-01,5.553099999999999703e-01,5.536799999999999500e-01,5.723700000000000454e-01,5.724599999999999689e-01,5.596200000000000063e-01,5.739400000000000057e-01,5.487800000000000455e-01,5.733899999999999553e-01,5.554200000000000248e-01,5.488199999999999745e-01,5.829299999999999482e-01,5.500300000000000189e-01,5.521000000000000352e-01,5.580300000000000260e-01,5.531500000000000306e-01,5.678800000000000514e-01,5.545400000000000329e-01,5.646299999999999653e-01,5.624099999999999655e-01,0.000000000000000000e+00,5.719499999999999584e-01
5.927400000000000446e-01,5.465100000000000513e-01,5.545099999999999474e-01,5.855299999999999949e-01,5.721699999999999564e-01,5.493599999999999595e-01,5.701600000000000001e-01,5.410300000000000109e-01,5.563599999999999657e-01,5.625000000000000000e-01,5.528399999999999981e-01,5.635099999999999554e-01,5.665700000000000180e-01,5.737200000000000077e-01,5.474599999999999467e-01,5.509300000000000308e-01,5.492500000000000160e-01,5.683599999999999763e-01,5.454099999999999504e-01,5.524799999999999711e-01,5.693200000000000482e-01,5.414299999999999669e-01,5.411899999999999489e-01,5.653500000000000192e-01,5.634400000000000519e-01,5.674599999999999644e-01,5.416299999999999448e-01,5.585099999999999509e-01,5.621800000000000130e-01,0.000000000000000000e+00,5.554900000000000393e-01,5.581700000000000550e-01,5.834300000000000042e-01,5.818900000000000183e-01,5.728400000000000158e-01,5.751300000000000301e-01,5.865799999999999903e-01,5.845000000000000195e-01,5.650399999999999867e-01,5.871699999999999697e-01,5.841899999999999871e-01,5.829100000000000392e-01,5.772599999999999953e-01,6.046500000000000208e-01,5.713599999999999790e-01,5.718499999999999694e-01,5.513299999999999867e-01,5.466600000000000348e-01,5.957700000000000218e-01,5.807200000000000140e-01,5.540800000000000169e-01,5.852300000000000280e-01,5.581199999999999495e-01,5.547400000000000109e-01,5.712300000000000155e-01,5.517100000000000337e-01,5.423200000000000243e-01,5.661300000000000221e-01,5.651000000000000467e-01,5.539399999999999880e-01,5.635099999999999554e-01,5.407300000000000439e-01,5.630300000000000304e-01,5.479300000000000281e-01,0.000000000000000000e+00,5.755500000000000060e-01,5.431599999999999762e-01,5.456900000000000084e-01,5.505700000000000038e-01,5.459300000000000264e-01,5.593599999999999683e-01,5.478499999999999481e-01,5.557999999999999607e-01,5.534299999999999775e-01,0.000000000000000000e+00,5.630899999999999794e-01
6.321799999999999642e-01,5.521899999999999586e-01,5.676099999999999479e-01,6.056500000000000217e-01,5.808600000000000430e-01,5.593299999999999939e-01,5.767400000000000304e-01,5.694599999999999662e-01,5.658199999999999896e-01,5.797900000000000276e-01,5.635099999999999554e-01,5.939400000000000235e-01,5.767799999999999594e-01,5.790300000000000447e-01,5.672700000000000520e-01,5.458399999999999919e-01,5.590300000000000269e-01,5.740499999999999492e-01,5.572099999999999831e-01,5.678299999999999459e-01,5.945700000000000429e-01,5.456199999999999939e-01,5.601000000000000423e-01,5.978999999999999870e-01,5.697799999999999532e-01,5.846599999999999575e-01,5.476100000000000412e-01,5.685299999999999798e-01,5.696200000000000152e-01,5.419199999999999573e-01,5.689699999999999758e-01,5.734200000000000408e-01,5.990699999999999914e-01,6.110299999999999621e-01,5.951899999999999968e-01,5.866500000000000048e-01,6.023399999999999865e-01,6.083699999999999664e-01,5.856299999999999839e-01,5.977299999999999836e-01,6.054000000000000492e-01,5.984500000000000375e-01,5.873500000000000387e-01,6.169000000000000039e-01,5.907200000000000228e-01,5.931400000000000006e-01,5.576299999999999590e-01,5.532500000000000195e-01,6.144800000000000262e-01,5.897700000000000164e-01,5.620199999999999640e-01,6.015200000000000546e-01,5.818400000000000238e-01,5.553000000000000158e-01,5.827299999999999702e-01,5.574400000000000466e-01,5.719600000000000239e-01,5.708299999999999486e-01,5.662199999999999456e-01,5.669399999999999995e-01,5.724200000000000399e-01,5.469600000000000017e-01,5.775599999999999623e-01,5.565200000000000147e-01,5.431000000000000272e-01,5.947799999999999754e-01,5.467899999999999983e-01,5.614999999999999991e-01,5.782500000000000417e-01,5.535600000000000520e-01,5.712300000000000155e-01,5.576999999999999735e-01,5.625000000000000000e-01,5.587299999999999489e-01,0.000000000000000000e+00,5.778200000000000003e-01
6.244699999999999696e-01,5.643000000000000238e-01,5.723500000000000254e-01,6.051999999999999602e-01,5.879900000000000126e-01,5.717600000000000460e-01,5.853800000000000114e-01,5.567999999999999616e-01,5.766499999999999959e-01,5.755599999999999605e-01,5.665700000000000180e-01,5.767799999999999594e-01,5.858799999999999564e-01,5.873599999999999932e-01,5.643899999999999473e-01,5.625400000000000400e-01,5.623299999999999965e-01,5.867599999999999483e-01,5.621000000000000441e-01,5.718800000000000550e-01,5.851499999999999480e-01,5.577800000000000535e-01,5.589499999999999469e-01,5.878400000000000292e-01,5.810899999999999954e-01,5.891300000000000425e-01,5.575200000000000156e-01,5.756099999999999550e-01,5.808799999999999519e-01,5.478300000000000392e-01,5.725700000000000234e-01,5.759600000000000275e-01,6.071499999999999675e-01,6.088700000000000223e-01,6.001100000000000323e-01,5.875799999999999912e-01,6.037299999999999889e-01,6.090900000000000203e-01,5.909100000000000463e-01,6.108299999999999841e-01,6.127500000000000169e-01,6.114100000000000090e-01,5.920699999999999852e-01,6.287000000000000366e-01,5.929999999999999716e-01,6.046500000000000208e-01,5.695700000000000207e-01,5.641199999999999548e-01,6.192199999999999926e-01,5.965599999999999792e-01,5.763200000000000545e-01,6.067799999999999860e-01,5.846700000000000230e-01,5.709300000000000486e-01,5.848700000000000010e-01,5.617600000000000371e-01,5.566299999999999581e-01,5.845599999999999685e-01,5.768100000000000449e-01,5.718999999999999639e-01,5.804500000000000215e-01,5.514799999999999702e-01,5.788100000000000467e-01,5.649800000000000377e-01,5.533500000000000085e-01,5.958299999999999708e-01,5.572399999999999576e-01,5.662800000000000056e-01,5.722000000000000419e-01,5.617799999999999461e-01,5.804799999999999960e-01,5.660699999999999621e-01,5.716999999999999860e-01,5.699899999999999967e-01,0.000000000000000000e+00,5.845200000000000395e-01
6.029400000000000315e-01,5.655299999999999772e-01,5.706599999999999451e-01,6.079499999999999904e-01,5.894500000000000295e-01,5.665499999999999980e-01,5.876700000000000257e-01,5.520300000000000207e-01,5.774500000000000188e-01,5.835900000000000531e-01,5.737200000000000077e-01,5.790300000000000447e-01,5.873599999999999932e-01,5.850300000000000500e-01,5.604599999999999582e-01,5.690300000000000358e-01,5.689999999999999503e-01,5.895200000000000440e-01,5.606299999999999617e-01,5.678800000000000514e-01,5.850699999999999790e-01,5.548699999999999743e-01,5.537499999999999645e-01,5.780699999999999728e-01,5.821499999999999453e-01,5.847499999999999920e-01,5.564000000000000057e-01,5.757400000000000295e-01,5.815099999999999714e-01,5.509800000000000253e-01,5.710699999999999665e-01,5.811800000000000299e-01,6.017000000000000126e-01,6.018000000000000016e-01,5.978799999999999670e-01,5.884000000000000341e-01,6.070400000000000240e-01,6.107000000000000206e-01,5.918299999999999672e-01,6.034899999999999709e-01,6.013600000000000056e-01,6.094800000000000217e-01,5.964199999999999502e-01,6.326300000000000257e-01,6.005700000000000482e-01,5.803800000000000070e-01,5.704299999999999926e-01,5.597999999999999643e-01,6.185399999999999787e-01,5.985700000000000465e-01,5.777799999999999603e-01,6.063800000000000301e-01,5.832899999999999752e-01,5.771800000000000264e-01,5.922699999999999632e-01,5.702199999999999491e-01,5.606200000000000072e-01,5.843800000000000106e-01,5.787099999999999467e-01,5.743399999999999617e-01,5.859600000000000364e-01,5.569399999999999906e-01,5.855900000000000549e-01,5.675900000000000389e-01,5.523000000000000131e-01,5.985599999999999810e-01,5.613799999999999901e-01,5.597999999999999643e-01,5.679800000000000404e-01,5.636299999999999644e-01,5.766799999999999704e-01,5.639800000000000368e-01,5.703500000000000236e-01,5.706599999999999451e-01,0.000000000000000000e+00,5.816400000000000459e-01
6.078299999999999814e-01,0.000000000000000000e+00,5.561700000000000532e-01,5.816200000000000259e-01,5.621899999999999675e-01,5.512000000000000233e-01,5.614999999999999991e-01,5.519100000000000117e-01,5.562700000000000422e-01,5.563399999999999457e-01,5.474599999999999467e-01,5.672700000000000520e-01,5.643899999999999473e-01,5.604599999999999582e-01,5.531099999999999905e-01,0.000000000000000000e+00,5.434600000000000541e-01,5.613399999999999501e-01,5.429699999999999527e-01,5.558699999999999752e-01,5.723700000000000454e-01,0.000000000000000000e+00,5.481200000000000516e-01,5.755700000000000260e-01,5.571700000000000541e-01,5.680800000000000294e-01,0.000000000000000000e+00,5.532599999999999740e-01,5.594999999999999973e-01,0.000000000000000000e+00,5.562700000000000422e-01,5.539899999999999824e-01,5.813800000000000079e-01,5.891999999999999460e-01,5.717400000000000260e-01,5.658699999999999841e-01,5.834899999999999531e-01,5.897999999999999909e-01,5.696600000000000552e-01,5.786400000000000432e-01,5.876599999999999602e-01,5.786499999999999977e-01,5.696299999999999697e-01,5.963300000000000267e-01,5.735000000000000098e-01,5.710899999999999865e-01,5.500699999999999479e-01,5.407800000000000384e-01,5.938499999999999890e-01,5.721399999999999819e-01,5.549600000000000088e-01,5.819499999999999673e-01,5.621800000000000130e-01,5.481300000000000061e-01,5.620500000000000496e-01,5.438899999999999846e-01,5.505900000000000238e-01,5.577299999999999480e-01,5.543700000000000294e-01,5.546299999999999564e-01,5.603399999999999492e-01,0.000000000000000000e+00,5.590199999999999614e-01,5.467899999999999983e-01,0.000000000000000000e+00,5.746299999999999741e-01,0.000000000000000000e+00,5.487600000000000255e-01,5.564999999999999947e-01,0.000000000000000000e+00,5.573099999999999721e-01,5.478800000000000336e-01,5.483900000000000441e-01,5.491899999999999560e-01,0.000000000000000000e+00,5.611000000000000432e-01
5.822599999999999998e-01,5.432700000000000307e-01,5.443099999999999605e-01,5.736299999999999732e-01,5.679800000000000404e-01,5.481899999999999551e-01,5.636999999999999789e-01,0.000000000000000000e+00,5.535099999999999465e-01,5.501800000000000024e-01,5.509300000000000308e-01,5.458399999999999919e-01,5.625400000000000400e-01,5.690300000000000358e-01,0.000000000000000000e+00,5.414400000000000324e-01,5.413200000000000234e-01,5.631199999999999539e-01,0.000000000000000000e+00,5.462900000000000533e-01,5.575999999999999845e-01,0.000000000000000000e+00,0.000000000000000000e+00,5.529600000000000071e-01,5.581199999999999495e-01,5.611699999999999466e-01,0.000000000000000000e+00,5.540300000000000225e-01,5.600899999999999768e-01,0.000000000000000000e+00,5.489600000000000035e-01,5.566699999999999982e-01,5.737600000000000477e-01,5.701100000000000056e-01,5.635799999999999699e-01,5.608800000000000452e-01,5.695900000000000407e-01,5.712399999999999700e-01,5.637400000000000189e-01,5.740699999999999692e-01,5.729199999999999848e-01,5.736499999999999932e-01,5.683399999999999563e-01,6.006799999999999917e-01,5.588600000000000234e-01,5.641000000000000458e-01,5.502399999999999514e-01,5.416100000000000358e-01,5.878100000000000547e-01,5.736599999999999477e-01,5.554700000000000193e-01,5.779800000000000493e-01,5.548300000000000454e-01,5.499699999999999589e-01,5.624500000000000055e-01,5.464400000000000368e-01,0.000000000000000000e+00,5.627100000000000435e-01,5.569199999999999706e-01,5.493000000000000105e-01,5.609800000000000342e-01,0.000000000000000000e+00,5.559500000000000552e-01,5.421200000000000463e-01,0.000000000000000000e+00,5.719999999999999529e-01,5.411099999999999799e-01,5.416400000000000103e-01,5.461200000000000498e-01,0.000000000000000000e+00,5.549100000000000144e-01,5.444999999999999840e-01,5.506299999999999528e-01,5.496400000000000174e-01,0.000000000000000000e+00,5.573900000000000521e-01
5.871699999999999697e-01,5.461300000000000043e-01,5.506199999999999983e-01,5.754700000000000371e-01,5.631500000000000394e-01,5.498600000000000154e-01,5.628300000000000525e-01,0.000000000000000000e+00,5.550800000000000178e-01,5.534599999999999520e-01,5.492500000000000160e-01,5.590300000000000269e-01,5.623299999999999965e-01,5.689999999999999503e-01,5.434600000000000541e-01,5.413200000000000234e-01,5.430099999999999927e-01,5.605400000000000382e-01,5.434499999999999886e-01,5.463799999999999768e-01,5.646999999999999797e-01,0.000000000000000000e+00,5.411899999999999489e-01,5.637499999999999734e-01,5.591300000000000159e-01,5.653200000000000447e-01,5.405100000000000460e-01,5.551500000000000323e-01,5.558899999999999952e-01,0.000000000000000000e+00,5.534499999999999975e-01,5.492399999999999505e-01,5.799499999999999655e-01,5.843000000000000416e-01,5.733300000000000063e-01,5.710199999999999720e-01,5.820499999999999563e-01,5.873800000000000132e-01,5.612899999999999556e-01,5.846500000000000030e-01,5.832600000000000007e-01,5.817400000000000349e-01,5.730499999999999483e-01,5.926900000000000501e-01,5.752800000000000136e-01,5.668999999999999595e-01,5.492599999999999705e-01,5.455699999999999994e-01,5.912699999999999623e-01,5.722199999999999509e-01,5.543000000000000149e-01,5.781199999999999672e-01,5.535099999999999465e-01,5.532200000000000450e-01,5.657299999999999551e-01,5.441500000000000226e-01,5.404200000000000115e-01,5.631699999999999484e-01,5.623500000000000165e-01,5.487300000000000511e-01,5.541199999999999459e-01,0.000000000000000000e+00,5.572700000000000431e-01,5.451500000000000234e-01,0.000000000000000000e+00,5.658600000000000296e-01,0.000000000000000000e+00,5.436400000000000121e-01,5.457600000000000229e-01,5.421300000000000008e-01,5.554400000000000448e-01,5.477600000000000247e-01,5.524999999999999911e-01,5.501000000000000334e-01,0.000000000000000000e+00,5.595299999999999718e-01
6.122699999999999809e-01,5.625299999999999745e-01,5.668900000000000050e-01,6.013100000000000112e-01,5.874099999999999877e-01,5.707200000000000051e-01,5.839199999999999946e-01,5.533500000000000085e-01,5.767299999999999649e-01,5.748499999999999721e-01,5.683599999999999763e-01,5.740499999999999492e-01,5.867599999999999483e-01,5.895200000000000440e-01,5.613399999999999501e-01,5.631199999999999539e-01,5.605400000000000382e-01,5.830400000000000027e-01,5.598600000000000243e-01,5.703099999999999836e-01,5.823800000000000088e-01,5.572700000000000431e-01,5.568699999999999761e-01,5.830999999999999517e-01,5.794099999999999806e-01,5.862100000000000088e-01,5.585200000000000164e-01,5.763800000000000034e-01,5.820600000000000218e-01,5.477800000000000447e-01,5.701500000000000457e-01,5.765799999999999814e-01,6.062499999999999556e-01,6.025300000000000100e-01,5.936500000000000110e-01,5.881999999999999451e-01,6.000900000000000123e-01,6.075599999999999890e-01,5.905399999999999539e-01,6.039900000000000269e-01,6.057399999999999451e-01,6.069099999999999495e-01,5.940299999999999470e-01,6.321900000000000297e-01,5.873800000000000132e-01,5.901699999999999724e-01,5.697999999999999732e-01,5.593000000000000194e-01,6.186599999999999877e-01,5.956000000000000183e-01,5.781899999999999817e-01,6.053199999999999692e-01,5.825299999999999923e-01,5.706200000000000161e-01,5.855799999999999894e-01,5.618300000000000516e-01,5.517199999999999882e-01,5.834500000000000242e-01,5.760999999999999455e-01,5.717400000000000260e-01,5.798400000000000221e-01,5.494900000000000340e-01,5.796099999999999586e-01,5.633799999999999919e-01,5.537800000000000500e-01,5.928999999999999826e-01,5.591599999999999904e-01,5.632599999999999829e-01,5.645999999999999908e-01,5.616400000000000281e-01,5.789100000000000357e-01,5.656600000000000517e-01,5.707900000000000196e-01,5.703500000000000236e-01,0.000000000000000000e+00,5.836999999999999966e-01
5.970400000000000151e-01,5.429500000000000437e-01,5.546900000000000164e-01,5.753800000000000026e-01,5.600100000000000078e-01,5.515600000000000502e-01,5.607600000000000362e-01,0.000000000000000000e+00,5.579300000000000370e-01,5.583000000000000185e-01,5.454099999999999504e-01,5.572099999999999831e-01,5.621000000000000441e-01,5.606299999999999617e-01,5.429699999999999527e-01,0.000000000000000000e+00,5.434499999999999886e-01,5.598600000000000243e-01,5.430800000000000072e-01,5.521599999999999842e-01,5.621099999999999985e-01,0.000000000000000000e+00,0.000000000000000000e+00,5.625200000000000200e-01,5.553599999999999648e-01,5.633200000000000429e-01,0.000000000000000000e+00,5.537900000000000045e-01,5.575200000000000156e-01,0.000000000000000000e+00,5.503099999999999659e-01,5.470699999999999452e-01,5.849800000000000555e-01,5.827299999999999702e-01,5.734799999999999898e-01,5.648600000000000287e-01,5.782500000000000417e-01,5.844300000000000050e-01,5.564999999999999947e-01,5.802699999999999525e-01,5.816299999999999804e-01,5.804599999999999760e-01,5.665999999999999925e-01,5.931300000000000461e-01,5.697999999999999732e-01,5.739900000000000002e-01,5.466800000000000548e-01,5.440000000000000391e-01,5.919600000000000417e-01,5.709899999999999975e-01,5.550500000000000433e-01,5.797600000000000531e-01,5.502099999999999769e-01,5.532599999999999740e-01,5.624700000000000255e-01,5.414999999999999813e-01,0.000000000000000000e+00,5.622200000000000530e-01,5.503299999999999859e-01,5.461599999999999788e-01,5.569600000000000106e-01,0.000000000000000000e+00,5.548499999999999543e-01,5.461500000000000243e-01,0.000000000000000000e+00,5.630800000000000249e-01,5.410300000000000109e-01,5.415100000000000469e-01,5.440199999999999481e-01,5.404499999999999860e-01,5.564299999999999802e-01,5.468600000000000128e-01,5.493999999999999995e-01,5.496699999999999919e-01,0.000000000000000000e+00,5.592500000000000249e-01
6.144899999999999807e-01,5.524299999999999766e-01,5.651199999999999557e-01,5.884500000000000286e-01,5.650300000000000322e-01,5.632300000000000084e-01,5.678900000000000059e-01,5.506999999999999673e-01,5.681000000000000494e-01,5.658499999999999641e-01,5.524900000000000366e-01,5.678299999999999459e-01,5.718800000000000550e-01,5.678800000000000514e-01,5.558699999999999752e-01,5.462900000000000533e-01,5.463799999999999768e-01,5.703099999999999836e-01,5.521599999999999842e-01,5.708299999999999486e-01,5.716200000000000170e-01,5.483099999999999641e-01,5.519100000000000117e-01,5.755200000000000315e-01,5.659300000000000441e-01,5.750199999999999756e-01,5.488100000000000200e-01,5.615200000000000191e-01,5.690800000000000303e-01,0.000000000000000000e+00,5.574799999999999756e-01,5.584999999999999964e-01,5.840699999999999781e-01,5.929999999999999716e-01,5.796200000000000241e-01,5.765500000000000069e-01,5.915700000000000403e-01,5.960100000000000398e-01,5.653899999999999482e-01,5.873500000000000387e-01,5.914000000000000368e-01,5.815399999999999459e-01,5.771699999999999608e-01,6.039900000000000269e-01,5.854300000000000059e-01,5.879699999999999926e-01,5.621899999999999675e-01,5.497999999999999554e-01,5.983000000000000540e-01,5.747700000000000031e-01,5.629199999999999759e-01,5.892199999999999660e-01,5.709300000000000486e-01,5.598199999999999843e-01,5.703300000000000036e-01,5.455299999999999594e-01,5.421899999999999498e-01,5.683399999999999563e-01,5.588400000000000034e-01,5.599800000000000333e-01,5.686700000000000088e-01,5.440800000000000081e-01,5.674299999999999899e-01,5.505600000000000493e-01,5.499300000000000299e-01,5.739900000000000002e-01,5.498300000000000409e-01,5.571800000000000086e-01,5.556999999999999718e-01,5.465600000000000458e-01,5.637600000000000389e-01,5.582000000000000295e-01,5.575700000000000101e-01,5.613899999999999446e-01,0.000000000000000000e+00,5.662300000000000111e-01
6.325199999999999712e-01,5.561500000000000332e-01,5.755599999999999605e-01,6.098700000000000232e-01,5.889100000000000446e-01,5.657999999999999696e-01,5.842800000000000216e-01,5.703599999999999781e-01,5.707799999999999541e-01,5.822599999999999998e-01,5.693300000000000027e-01,5.945700000000000429e-01,5.851499999999999480e-01,5.850699999999999790e-01,5.723799999999999999e-01,5.575999999999999845e-01,5.646999999999999797e-01,5.823800000000000088e-01,5.621099999999999985e-01,5.716200000000000170e-01,5.981999999999999540e-01,5.523400000000000531e-01,5.630600000000000049e-01,5.997799999999999798e-01,5.780999999999999472e-01,5.892899999999999805e-01,5.544299999999999784e-01,5.748199999999999976e-01,5.767600000000000504e-01,5.412000000000000144e-01,5.750800000000000356e-01,5.783599999999999852e-01,6.124100000000000099e-01,6.182600000000000318e-01,6.028499999999999970e-01,5.917900000000000382e-01,6.098299999999999832e-01,6.179099999999999593e-01,5.950199999999999934e-01,6.046500000000000208e-01,6.163600000000000190e-01,6.100100000000000522e-01,5.944399999999999684e-01,6.265300000000000313e-01,5.914899999999999602e-01,5.923800000000000177e-01,5.656299999999999661e-01,5.589899999999999869e-01,6.214399999999999924e-01,5.979299999999999615e-01,5.701800000000000201e-01,6.095000000000000417e-01,5.832300000000000262e-01,5.652800000000000047e-01,5.880600000000000271e-01,5.633500000000000174e-01,5.710399999999999920e-01,5.785299999999999887e-01,5.731800000000000228e-01,5.719100000000000295e-01,5.783700000000000507e-01,5.523299999999999876e-01,5.819100000000000383e-01,5.634700000000000264e-01,5.477999999999999536e-01,6.021100000000000341e-01,5.525299999999999656e-01,5.640800000000000258e-01,5.751699999999999591e-01,5.594900000000000428e-01,5.784200000000000452e-01,5.646799999999999597e-01,5.677100000000000479e-01,5.656200000000000117e-01,0.000000000000000000e+00,5.849299999999999500e-01
