6.119400000000000395e-01,5.905799999999999939e-01,6.049099999999999477e-01,5.996500000000000163e-01,5.867499999999999938e-01,5.605900000000000327e-01,5.964800000000000102e-01,6.054800000000000182e-01,5.773800000000000043e-01,5.967799999999999772e-01,5.695799999999999752e-01,5.934099999999999930e-01,5.878700000000000037e-01,5.812800000000000189e-01,5.830899999999999972e-01,5.543400000000000549e-01,5.667200000000000015e-01,5.875000000000000222e-01,5.658199999999999896e-01,5.488600000000000145e-01,5.914300000000000113e-01,5.488399999999999945e-01,5.894399999999999640e-01,5.853300000000000169e-01,5.628499999999999615e-01,5.818799999999999528e-01,5.657900000000000151e-01,5.697999999999999732e-01,5.729899999999999993e-01,0.000000000000000000e+00,5.658300000000000551e-01,6.015500000000000291e-01,6.060499999999999776e-01,6.275899999999999812e-01,6.306500000000000439e-01,5.985899999999999554e-01,6.378200000000000536e-01,6.161400000000000210e-01,6.133499999999999508e-01,6.558300000000000241e-01,5.970800000000000551e-01,6.214499999999999469e-01,5.913500000000000423e-01,5.707999999999999741e-01,5.733200000000000518e-01,5.878400000000000292e-01,5.920600000000000307e-01,5.971600000000000241e-01,6.064399999999999791e-01,6.125399999999999734e-01,5.933500000000000441e-01,5.995099999999999874e-01,5.996799999999999908e-01,5.932300000000000351e-01,5.846900000000000430e-01,5.885299999999999976e-01,5.764599999999999724e-01,5.905899999999999483e-01,6.033500000000000529e-01,5.791399999999999881e-01,5.678900000000000059e-01,5.958099999999999508e-01,5.696400000000000352e-01,5.884300000000000086e-01,5.598100000000000298e-01,5.981499999999999595e-01,5.622300000000000075e-01,5.739699999999999802e-01,5.726499999999999924e-01,5.593200000000000394e-01,5.856099999999999639e-01,5.671800000000000175e-01,5.742800000000000127e-01,5.671699999999999520e-01,0.000000000000000000e+00,5.836799999999999766e-01
5.905799999999999939e-01,5.737299999999999622e-01,5.773800000000000043e-01,5.871100000000000207e-01,5.791899999999999826e-01,5.438899999999999846e-01,5.870100000000000318e-01,5.834300000000000042e-01,5.660300000000000331e-01,5.894000000000000350e-01,5.599600000000000133e-01,5.784799999999999942e-01,5.745999999999999996e-01,5.726200000000000179e-01,5.608100000000000307e-01,0.000000000000000000e+00,5.553099999999999703e-01,5.669499999999999540e-01,5.496299999999999519e-01,0.000000000000000000e+00,5.742599999999999927e-01,0.000000000000000000e+00,5.703000000000000291e-01,5.629100000000000215e-01,5.503099999999999659e-01,5.655299999999999772e-01,5.506400000000000183e-01,5.622700000000000475e-01,5.577699999999999880e-01,0.000000000000000000e+00,5.501099999999999879e-01,5.868200000000000083e-01,5.955500000000000238e-01,6.002999999999999448e-01,6.065099999999999936e-01,5.879699999999999926e-01,6.154899999999999816e-01,5.930499999999999661e-01,5.924800000000000066e-01,6.254699999999999704e-01,5.699300000000000477e-01,5.980299999999999505e-01,5.907700000000000173e-01,5.655999999999999917e-01,5.611599999999999921e-01,5.769400000000000084e-01,5.775099999999999678e-01,5.762800000000000145e-01,5.899600000000000399e-01,5.969100000000000517e-01,5.757900000000000240e-01,5.834399999999999586e-01,5.819699999999999873e-01,5.806400000000000450e-01,5.792699999999999516e-01,5.772800000000000153e-01,5.603500000000000147e-01,5.768499999999999739e-01,5.939900000000000180e-01,5.613399999999999501e-01,5.533500000000000085e-01,5.810800000000000409e-01,5.583799999999999875e-01,5.704000000000000181e-01,5.479600000000000026e-01,5.826299999999999812e-01,5.511599999999999833e-01,5.577900000000000080e-01,5.491800000000000015e-01,5.523900000000000476e-01,5.664299999999999891e-01,5.534499999999999975e-01,5.669199999999999795e-01,5.605999999999999872e-01,0.000000000000000000e+00,5.638199999999999878e-01
6.049099999999999477e-01,5.773800000000000043e-01,5.907499999999999973e-01,5.942699999999999649e-01,5.798699999999999966e-01,5.511200000000000543e-01,5.945399999999999574e-01,5.846099999999999630e-01,5.708100000000000396e-01,5.939100000000000490e-01,5.651399999999999757e-01,5.900699999999999834e-01,5.791199999999999681e-01,5.767700000000000049e-01,5.735999999999999988e-01,0.000000000000000000e+00,5.608400000000000052e-01,5.761500000000000510e-01,5.626400000000000290e-01,5.439399999999999791e-01,5.850400000000000045e-01,0.000000000000000000e+00,5.836599999999999566e-01,5.761699999999999600e-01,5.549600000000000088e-01,5.713200000000000500e-01,5.572399999999999576e-01,5.670100000000000140e-01,5.653399999999999537e-01,0.000000000000000000e+00,5.532799999999999940e-01,5.907400000000000428e-01,6.024100000000000010e-01,6.149000000000000021e-01,6.141499999999999737e-01,5.921899999999999942e-01,6.242900000000000116e-01,6.048200000000000243e-01,5.966099999999999737e-01,6.301900000000000279e-01,5.793700000000000516e-01,6.019200000000000106e-01,6.039900000000000269e-01,5.664400000000000546e-01,5.728299999999999503e-01,5.860899999999999999e-01,5.858600000000000474e-01,5.899299999999999544e-01,6.068400000000000460e-01,6.086799999999999988e-01,5.894300000000000095e-01,5.914500000000000313e-01,5.865200000000000413e-01,5.890699999999999825e-01,5.806499999999999995e-01,5.783099999999999907e-01,5.701699999999999546e-01,5.834500000000000242e-01,6.086300000000000043e-01,5.668100000000000360e-01,5.584400000000000475e-01,5.834899999999999531e-01,5.545799999999999619e-01,5.774700000000000388e-01,5.566699999999999982e-01,5.887299999999999756e-01,5.609699999999999687e-01,5.631199999999999539e-01,5.585400000000000365e-01,5.562500000000000222e-01,5.770600000000000174e-01,5.597199999999999953e-01,5.711199999999999610e-01,5.682899999999999618e-01,0.000000000000000000e+00,5.733200000000000518e-01
5.996500000000000163e-01,5.871100000000000207e-01,5.942699999999999649e-01,5.975200000000000511e-01,5.880300000000000527e-01,5.524900000000000366e-01,5.967799999999999772e-01,6.036299999999999999e-01,5.776700000000000168e-01,6.072199999999999820e-01,5.684599999999999653e-01,6.048799999999999732e-01,5.847900000000000320e-01,5.787200000000000122e-01,5.778499999999999748e-01,5.518499999999999517e-01,5.714200000000000390e-01,5.803599999999999870e-01,5.575599999999999445e-01,5.441099999999999826e-01,5.944899999999999629e-01,0.000000000000000000e+00,5.825500000000000123e-01,5.796200000000000241e-01,5.611399999999999721e-01,5.778100000000000458e-01,5.567299999999999471e-01,5.703599999999999781e-01,5.670399999999999885e-01,0.000000000000000000e+00,5.599800000000000333e-01,6.037200000000000344e-01,6.080799999999999539e-01,6.155599999999999961e-01,6.252199999999999980e-01,5.954199999999999493e-01,6.355600000000000138e-01,6.108999999999999986e-01,6.068500000000000005e-01,6.376399999999999846e-01,5.857299999999999729e-01,6.122999999999999554e-01,5.940199999999999925e-01,5.697100000000000497e-01,5.948900000000000299e-01,5.842500000000000471e-01,5.847700000000000120e-01,5.932399999999999896e-01,6.093100000000000183e-01,6.142600000000000282e-01,5.858499999999999819e-01,6.017900000000000471e-01,5.953500000000000458e-01,5.950600000000000334e-01,5.892600000000000060e-01,5.894099999999999895e-01,5.844099999999999850e-01,5.889299999999999535e-01,6.021800000000000486e-01,5.759699999999999820e-01,5.575999999999999845e-01,6.015599999999999836e-01,5.706700000000000106e-01,5.904300000000000104e-01,5.537999999999999590e-01,6.090600000000000458e-01,5.592300000000000049e-01,5.713000000000000300e-01,5.721600000000000019e-01,5.590600000000000014e-01,5.785900000000000487e-01,5.616700000000000026e-01,5.737799999999999567e-01,5.640699999999999603e-01,0.000000000000000000e+00,5.794000000000000261e-01
5.867499999999999938e-01,5.791899999999999826e-01,5.798699999999999966e-01,5.880300000000000527e-01,5.833099999999999952e-01,0.000000000000000000e+00,5.927599999999999536e-01,5.915700000000000403e-01,5.662800000000000056e-01,5.994599999999999929e-01,5.632000000000000339e-01,5.921699999999999742e-01,5.777600000000000513e-01,5.734500000000000153e-01,5.605200000000000182e-01,5.443999999999999950e-01,5.598400000000000043e-01,5.697799999999999532e-01,5.474200000000000177e-01,0.000000000000000000e+00,5.862699999999999578e-01,0.000000000000000000e+00,5.693799999999999972e-01,5.625200000000000200e-01,5.523000000000000131e-01,5.668600000000000305e-01,5.474999999999999867e-01,5.649100000000000232e-01,5.604099999999999637e-01,0.000000000000000000e+00,5.527999999999999581e-01,5.946099999999999719e-01,5.901800000000000379e-01,5.999299999999999633e-01,6.132900000000000018e-01,5.916599999999999637e-01,6.271099999999999453e-01,5.959200000000000053e-01,6.026799999999999935e-01,6.247000000000000330e-01,5.686600000000000543e-01,6.091600000000000348e-01,5.921499999999999542e-01,5.640800000000000258e-01,5.594999999999999973e-01,5.759600000000000275e-01,5.759300000000000530e-01,5.791100000000000136e-01,5.906099999999999683e-01,6.045700000000000518e-01,5.745200000000000307e-01,5.899199999999999999e-01,5.846700000000000230e-01,5.865599999999999703e-01,5.855599999999999694e-01,5.840199999999999836e-01,5.712599999999999900e-01,5.799299999999999455e-01,5.964399999999999702e-01,5.590899999999999759e-01,5.551399999999999668e-01,5.868299999999999628e-01,5.658999999999999586e-01,5.743899999999999562e-01,0.000000000000000000e+00,5.924500000000000322e-01,5.481300000000000061e-01,5.582899999999999530e-01,5.543500000000000094e-01,5.565099999999999492e-01,5.687299999999999578e-01,5.529300000000000326e-01,5.682800000000000074e-01,5.599399999999999933e-01,0.000000000000000000e+00,5.641800000000000148e-01
5.605900000000000327e-01,5.438899999999999846e-01,5.511200000000000543e-01,5.524900000000000366e-01,0.000000000000000000e+00,0.000000000000000000e+00,5.532700000000000395e-01,5.500599999999999934e-01,5.435999999999999721e-01,5.503500000000000059e-01,0.000000000000000000e+00,5.467899999999999983e-01,5.438399999999999901e-01,0.000000000000000000e+00,0.000000000000000000e+00,0.000000000000000000e+00,0.000000000000000000e+00,0.000000000000000000e+00,0.000000000000000000e+00,0.000000000000000000e+00,0.000000000000000000e+00,0.000000000000000000e+00,5.462299999999999933e-01,5.477400000000000047e-01,0.000000000000000000e+00,0.000000000000000000e+00,0.000000000000000000e+00,0.000000000000000000e+00,0.000000000000000000e+00,0.000000000000000000e+00,0.000000000000000000e+00,5.506900000000000128e-01,5.565999999999999837e-01,5.601899999999999658e-01,5.661199999999999566e-01,5.506799999999999473e-01,5.691699999999999537e-01,5.610300000000000287e-01,5.542099999999999804e-01,5.713700000000000445e-01,0.000000000000000000e+00,5.596700000000000008e-01,5.600899999999999768e-01,0.000000000000000000e+00,0.000000000000000000e+00,0.000000000000000000e+00,5.556799999999999518e-01,5.532799999999999940e-01,5.645099999999999563e-01,5.637799999999999478e-01,5.584700000000000220e-01,5.504700000000000149e-01,5.574299999999999811e-01,5.577800000000000535e-01,0.000000000000000000e+00,0.000000000000000000e+00,0.000000000000000000e+00,5.439399999999999791e-01,5.618499999999999606e-01,0.000000000000000000e+00,0.000000000000000000e+00,0.000000000000000000e+00,0.000000000000000000e+00,5.465200000000000058e-01,0.000000000000000000e+00,0.000000000000000000e+00,0.000000000000000000e+00,0.000000000000000000e+00,0.000000000000000000e+00,0.000000000000000000e+00,0.000000000000000000e+00,0.000000000000000000e+00,0.000000000000000000e+00,0.000000000000000000e+00,0.000000000000000000e+00,0.000000000000000000e+00
5.964800000000000102e-01,5.870100000000000318e-01,5.945399999999999574e-01,5.967799999999999772e-01,5.927599999999999536e-01,5.532700000000000395e-01,6.019200000000000106e-01,6.039499999999999869e-01,5.783099999999999907e-01,6.068299999999999805e-01,5.721000000000000529e-01,5.968900000000000317e-01,5.865799999999999903e-01,5.820699999999999763e-01,5.699300000000000477e-01,5.495299999999999629e-01,5.682899999999999618e-01,5.855399999999999494e-01,5.617199999999999971e-01,5.457100000000000284e-01,5.908200000000000118e-01,5.449000000000000510e-01,5.804500000000000215e-01,5.752699999999999481e-01,5.619399999999999951e-01,5.758900000000000130e-01,5.591199999999999504e-01,5.728900000000000103e-01,5.696799999999999642e-01,0.000000000000000000e+00,5.587800000000000544e-01,6.047900000000000498e-01,5.972100000000000186e-01,6.073800000000000310e-01,6.204499999999999460e-01,6.006099999999999772e-01,6.382600000000000495e-01,6.056700000000000417e-01,6.189500000000000002e-01,6.334199999999999831e-01,5.750199999999999756e-01,6.252699999999999925e-01,6.049900000000000277e-01,5.758900000000000130e-01,5.584799999999999764e-01,5.858999999999999764e-01,5.899400000000000199e-01,5.904800000000000049e-01,6.067299999999999915e-01,6.133899999999999908e-01,5.895899999999999475e-01,5.991800000000000459e-01,5.990400000000000169e-01,5.975500000000000256e-01,5.936099999999999710e-01,5.909799999999999498e-01,5.774500000000000188e-01,5.905000000000000249e-01,6.085599999999999898e-01,5.640699999999999603e-01,5.615900000000000336e-01,5.927099999999999591e-01,5.759900000000000020e-01,5.823700000000000543e-01,5.522599999999999731e-01,5.968799999999999661e-01,5.584500000000000020e-01,5.678800000000000514e-01,5.619899999999999896e-01,5.646799999999999597e-01,5.780100000000000238e-01,5.614299999999999846e-01,5.768100000000000449e-01,5.724799999999999889e-01,0.000000000000000000e+00,5.717900000000000205e-01
6.054800000000000182e-01,5.834300000000000042e-01,5.846099999999999630e-01,6.036299999999999999e-01,5.915700000000000403e-01,5.500599999999999934e-01,6.039499999999999869e-01,6.187500000000000222e-01,5.781199999999999672e-01,5.985399999999999610e-01,5.710699999999999665e-01,5.898799999999999599e-01,5.849499999999999700e-01,5.860100000000000309e-01,5.668400000000000105e-01,5.546299999999999564e-01,5.686700000000000088e-01,5.903699999999999504e-01,5.576799999999999535e-01,0.000000000000000000e+00,5.936700000000000310e-01,5.446199999999999930e-01,5.815200000000000369e-01,5.766400000000000414e-01,5.663500000000000201e-01,5.795700000000000296e-01,5.565299999999999692e-01,5.742199999999999527e-01,5.694399999999999462e-01,0.000000000000000000e+00,5.642599999999999838e-01,6.012399999999999967e-01,6.116599999999999815e-01,6.034800000000000164e-01,6.187700000000000422e-01,5.969499999999999806e-01,6.394100000000000339e-01,6.000600000000000378e-01,6.154199999999999671e-01,6.302600000000000424e-01,5.774700000000000388e-01,6.191299999999999581e-01,6.018499999999999961e-01,5.880100000000000326e-01,0.000000000000000000e+00,5.821800000000000308e-01,5.968799999999999661e-01,5.845099999999999740e-01,6.141799999999999482e-01,6.267500000000000293e-01,5.913100000000000023e-01,6.056399999999999562e-01,6.111900000000000110e-01,5.984699999999999465e-01,5.890499999999999625e-01,5.934599999999999875e-01,5.767999999999999794e-01,5.934800000000000075e-01,6.118400000000000505e-01,5.686299999999999688e-01,5.626600000000000490e-01,5.840899999999999981e-01,5.819100000000000383e-01,5.776599999999999513e-01,5.496600000000000374e-01,5.984699999999999465e-01,5.592200000000000504e-01,5.674700000000000299e-01,5.478600000000000136e-01,5.676999999999999824e-01,5.808200000000000029e-01,5.606999999999999762e-01,5.770999999999999464e-01,5.707100000000000506e-01,0.000000000000000000e+00,5.740100000000000202e-01
5.773800000000000043e-01,5.660300000000000331e-01,5.708100000000000396e-01,5.776700000000000168e-01,5.662800000000000056e-01,5.435999999999999721e-01,5.783099999999999907e-01,5.781199999999999672e-01,5.608499999999999597e-01,5.768299999999999539e-01,5.490199999999999525e-01,5.649699999999999722e-01,5.661800000000000166e-01,5.652899999999999592e-01,5.519600000000000062e-01,0.000000000000000000e+00,5.503000000000000114e-01,5.638600000000000279e-01,5.478499999999999481e-01,0.000000000000000000e+00,5.611599999999999921e-01,0.000000000000000000e+00,5.659300000000000441e-01,5.594200000000000284e-01,5.447199999999999820e-01,5.597400000000000153e-01,5.488800000000000345e-01,5.537600000000000300e-01,5.538899999999999935e-01,0.000000000000000000e+00,0.000000000000000000e+00,5.740699999999999692e-01,5.771699999999999608e-01,5.831800000000000317e-01,5.891199999999999770e-01,5.773099999999999898e-01,6.036399999999999544e-01,5.776000000000000023e-01,5.791600000000000081e-01,6.078599999999999559e-01,5.551199999999999468e-01,5.836799999999999766e-01,5.811800000000000299e-01,5.531500000000000306e-01,0.000000000000000000e+00,5.644099999999999673e-01,5.777799999999999603e-01,5.718400000000000150e-01,5.814399999999999569e-01,5.883500000000000396e-01,5.766599999999999504e-01,5.746799999999999686e-01,5.813000000000000389e-01,5.825500000000000123e-01,5.671699999999999520e-01,5.693500000000000227e-01,5.517699999999999827e-01,5.689100000000000268e-01,5.846299999999999830e-01,5.520699999999999497e-01,5.462700000000000333e-01,5.701100000000000056e-01,5.496199999999999974e-01,5.662300000000000111e-01,5.465299999999999603e-01,5.662899999999999601e-01,5.489800000000000235e-01,5.558100000000000263e-01,5.461899999999999533e-01,5.485200000000000076e-01,5.613599999999999701e-01,5.538399999999999990e-01,5.590600000000000014e-01,5.602500000000000258e-01,0.000000000000000000e+00,5.558800000000000407e-01
5.967799999999999772e-01,5.894000000000000350e-01,5.939100000000000490e-01,6.072199999999999820e-01,5.994599999999999929e-01,5.503500000000000059e-01,6.068299999999999805e-01,5.985399999999999610e-01,5.768299999999999539e-01,6.070900000000000185e-01,5.768699999999999939e-01,6.005300000000000082e-01,5.882100000000000106e-01,5.936299999999999910e-01,5.708400000000000141e-01,5.455699999999999994e-01,5.684200000000000363e-01,5.761699999999999600e-01,5.615900000000000336e-01,5.463799999999999768e-01,5.980199999999999960e-01,5.459100000000000064e-01,5.821499999999999453e-01,5.691899999999999737e-01,5.621500000000000385e-01,5.769800000000000484e-01,5.550000000000000488e-01,5.758299999999999530e-01,5.691500000000000448e-01,5.452099999999999724e-01,5.592899999999999539e-01,6.010900000000000132e-01,6.044599999999999973e-01,6.133399999999999963e-01,6.226300000000000168e-01,6.129700000000000149e-01,6.403799999999999493e-01,6.093899999999999872e-01,6.119299999999999740e-01,6.421499999999999986e-01,5.784500000000000197e-01,6.107299999999999951e-01,6.113899999999999890e-01,5.810300000000000464e-01,5.643899999999999473e-01,5.881999999999999451e-01,5.836000000000000076e-01,5.912199999999999678e-01,6.084699999999999553e-01,6.189700000000000202e-01,5.842000000000000526e-01,6.037599999999999634e-01,5.917299999999999782e-01,5.929299999999999571e-01,5.993100000000000094e-01,5.915200000000000458e-01,5.795799999999999841e-01,5.940699999999999870e-01,6.150299999999999656e-01,5.681199999999999584e-01,5.635999999999999899e-01,5.974899999999999656e-01,5.705599999999999561e-01,5.830899999999999972e-01,5.525499999999999856e-01,6.028099999999999570e-01,5.592599999999999794e-01,5.646999999999999797e-01,5.589499999999999469e-01,5.650300000000000322e-01,5.793300000000000116e-01,5.600699999999999568e-01,5.813500000000000334e-01,5.732899999999999663e-01,5.449500000000000455e-01,5.753200000000000536e-01
5.695799999999999752e-01,5.599699999999999678e-01,5.651399999999999757e-01,5.684599999999999653e-01,5.632000000000000339e-01,0.000000000000000000e+00,5.721000000000000529e-01,5.710699999999999665e-01,5.490199999999999525e-01,5.768699999999999939e-01,5.525799999999999601e-01,5.717400000000000260e-01,5.609100000000000197e-01,5.597299999999999498e-01,5.459800000000000209e-01,0.000000000000000000e+00,5.451700000000000434e-01,5.574599999999999556e-01,0.000000000000000000e+00,0.000000000000000000e+00,5.635200000000000209e-01,0.000000000000000000e+00,5.562099999999999822e-01,5.512599999999999723e-01,0.000000000000000000e+00,5.523200000000000331e-01,0.000000000000000000e+00,5.499399999999999844e-01,5.460700000000000554e-01,0.000000000000000000e+00,0.000000000000000000e+00,5.671100000000000030e-01,5.715000000000000080e-01,5.767700000000000049e-01,5.866299999999999848e-01,5.741699999999999582e-01,6.002199999999999758e-01,5.710300000000000376e-01,5.716900000000000315e-01,5.970499999999999696e-01,5.516799999999999482e-01,5.802399999999999780e-01,5.759999999999999565e-01,5.539500000000000535e-01,0.000000000000000000e+00,5.551599999999999868e-01,5.629600000000000160e-01,5.626299999999999635e-01,5.772399999999999753e-01,5.848700000000000010e-01,5.629300000000000415e-01,5.681800000000000184e-01,5.683899999999999508e-01,5.684599999999999653e-01,5.677600000000000424e-01,5.654900000000000482e-01,5.527400000000000091e-01,5.629899999999999904e-01,5.800499999999999545e-01,5.469100000000000072e-01,0.000000000000000000e+00,5.665200000000000236e-01,5.520300000000000207e-01,5.527400000000000091e-01,0.000000000000000000e+00,5.675099999999999589e-01,0.000000000000000000e+00,5.448199999999999710e-01,0.000000000000000000e+00,5.444400000000000350e-01,5.533599999999999630e-01,0.000000000000000000e+00,5.547299999999999454e-01,5.497800000000000464e-01,0.000000000000000000e+00,5.482399999999999496e-01
5.934099999999999930e-01,5.784799999999999942e-01,5.900699999999999834e-01,6.048799999999999732e-01,5.921699999999999742e-01,5.467899999999999983e-01,5.968900000000000317e-01,5.898799999999999599e-01,5.649699999999999722e-01,6.005200000000000538e-01,5.717400000000000260e-01,6.072899999999999965e-01,5.807700000000000085e-01,5.829299999999999482e-01,5.751100000000000101e-01,0.000000000000000000e+00,5.636600000000000499e-01,5.718400000000000150e-01,5.529199999999999671e-01,0.000000000000000000e+00,6.010100000000000442e-01,0.000000000000000000e+00,5.781500000000000528e-01,5.720199999999999729e-01,5.572899999999999521e-01,5.724299999999999944e-01,5.491800000000000015e-01,5.690699999999999648e-01,5.608100000000000307e-01,0.000000000000000000e+00,5.601000000000000423e-01,5.951800000000000423e-01,6.018700000000000161e-01,6.135000000000000453e-01,6.189400000000000457e-01,6.031499999999999639e-01,6.327300000000000146e-01,6.082899999999999974e-01,6.019900000000000251e-01,6.327700000000000546e-01,5.836999999999999966e-01,6.063800000000000301e-01,5.957200000000000273e-01,5.668600000000000305e-01,5.829400000000000137e-01,5.854899999999999549e-01,5.706599999999999451e-01,5.852300000000000280e-01,6.025300000000000100e-01,6.136800000000000033e-01,5.744299999999999962e-01,5.979999999999999760e-01,5.755900000000000460e-01,5.819699999999999873e-01,5.864800000000000013e-01,5.821100000000000163e-01,5.865599999999999703e-01,5.872100000000000097e-01,6.075199999999999489e-01,5.687799999999999523e-01,5.553000000000000158e-01,5.923800000000000177e-01,5.662700000000000511e-01,5.739100000000000312e-01,0.000000000000000000e+00,6.072999999999999510e-01,5.484299999999999731e-01,5.590699999999999559e-01,5.646400000000000308e-01,5.548100000000000254e-01,5.753000000000000336e-01,5.493000000000000105e-01,5.730499999999999483e-01,5.605799999999999672e-01,0.000000000000000000e+00,5.725700000000000234e-01
5.878700000000000037e-01,5.745999999999999996e-01,5.791199999999999681e-01,5.847999999999999865e-01,5.777600000000000513e-01,5.438499999999999446e-01,5.865899999999999448e-01,5.849499999999999700e-01,5.661800000000000166e-01,5.882100000000000106e-01,5.609100000000000197e-01,5.807700000000000085e-01,5.740600000000000147e-01,5.727499999999999813e-01,5.597400000000000153e-01,0.000000000000000000e+00,5.546699999999999964e-01,5.726599999999999469e-01,5.534099999999999575e-01,0.000000000000000000e+00,5.737900000000000222e-01,0.000000000000000000e+00,5.696299999999999697e-01,5.641199999999999548e-01,5.517699999999999827e-01,5.655099999999999572e-01,5.498300000000000409e-01,5.614400000000000501e-01,5.584799999999999764e-01,0.000000000000000000e+00,5.491800000000000015e-01,5.849100000000000410e-01,5.853199999999999514e-01,5.930499999999999661e-01,6.040100000000000469e-01,5.880800000000000471e-01,6.156800000000000050e-01,5.907499999999999973e-01,5.967799999999999772e-01,6.186500000000000332e-01,5.638699999999999823e-01,6.011199999999999877e-01,5.897200000000000220e-01,5.665599999999999525e-01,5.530699999999999505e-01,5.713000000000000300e-01,5.786700000000000177e-01,5.775299999999999878e-01,5.937500000000000000e-01,5.989999999999999769e-01,5.787400000000000322e-01,5.841899999999999871e-01,5.871199999999999752e-01,5.840100000000000291e-01,5.787400000000000322e-01,5.770699999999999719e-01,5.638300000000000534e-01,5.769499999999999629e-01,5.943899999999999739e-01,5.567499999999999671e-01,5.532399999999999540e-01,5.785900000000000487e-01,5.624000000000000110e-01,5.710300000000000376e-01,5.458899999999999864e-01,5.805700000000000305e-01,5.509500000000000508e-01,5.587400000000000144e-01,5.503799999999999804e-01,5.543400000000000549e-01,5.672899999999999610e-01,5.529199999999999671e-01,5.663399999999999546e-01,5.621300000000000185e-01,0.000000000000000000e+00,5.617199999999999971e-01
5.812800000000000189e-01,5.726200000000000179e-01,5.767700000000000049e-01,5.787200000000000122e-01,5.734599999999999698e-01,0.000000000000000000e+00,5.820699999999999763e-01,5.860100000000000309e-01,5.652899999999999592e-01,5.936299999999999910e-01,5.597299999999999498e-01,5.829299999999999482e-01,5.727499999999999813e-01,5.619899999999999896e-01,5.549600000000000088e-01,0.000000000000000000e+00,5.566499999999999782e-01,5.658699999999999841e-01,5.483700000000000241e-01,0.000000000000000000e+00,5.739300000000000512e-01,0.000000000000000000e+00,5.645400000000000418e-01,5.623200000000000420e-01,5.465499999999999803e-01,5.610800000000000232e-01,5.447800000000000420e-01,5.592200000000000504e-01,5.555700000000000083e-01,0.000000000000000000e+00,5.471500000000000252e-01,5.843500000000000361e-01,5.864000000000000323e-01,5.894899999999999585e-01,6.046500000000000208e-01,5.792300000000000226e-01,6.122100000000000319e-01,5.918700000000000072e-01,5.931800000000000406e-01,6.121999999999999664e-01,5.614599999999999591e-01,5.970900000000000096e-01,5.830199999999999827e-01,5.594799999999999773e-01,5.676700000000000079e-01,5.596200000000000063e-01,5.711600000000000010e-01,5.753200000000000536e-01,5.878900000000000237e-01,5.924399999999999666e-01,5.729899999999999993e-01,5.818799999999999528e-01,5.803500000000000325e-01,5.809199999999999919e-01,5.767099999999999449e-01,5.761100000000000110e-01,5.611800000000000122e-01,5.733599999999999808e-01,5.853000000000000425e-01,5.541700000000000514e-01,5.473299999999999832e-01,5.822199999999999598e-01,5.627100000000000435e-01,5.705999999999999961e-01,0.000000000000000000e+00,5.820800000000000418e-01,5.465200000000000058e-01,5.551700000000000523e-01,5.516499999999999737e-01,5.528300000000000436e-01,5.622399999999999620e-01,5.514200000000000212e-01,5.613899999999999446e-01,5.553200000000000358e-01,0.000000000000000000e+00,5.599499999999999478e-01
5.830899999999999972e-01,5.608100000000000307e-01,5.735999999999999988e-01,5.778499999999999748e-01,5.605200000000000182e-01,0.000000000000000000e+00,5.699300000000000477e-01,5.668400000000000105e-01,5.519600000000000062e-01,5.708400000000000141e-01,5.459800000000000209e-01,5.751100000000000101e-01,5.597400000000000153e-01,5.549600000000000088e-01,5.596999999999999753e-01,0.000000000000000000e+00,5.484799999999999676e-01,5.632099999999999884e-01,5.473000000000000087e-01,0.000000000000000000e+00,5.678400000000000114e-01,0.000000000000000000e+00,5.650899999999999812e-01,5.640500000000000513e-01,5.448899999999999855e-01,5.556999999999999718e-01,0.000000000000000000e+00,5.499000000000000554e-01,5.469600000000000017e-01,0.000000000000000000e+00,0.000000000000000000e+00,5.658900000000000041e-01,5.842000000000000526e-01,5.938600000000000545e-01,5.949999999999999734e-01,5.656099999999999461e-01,6.003699999999999593e-01,5.901499999999999524e-01,5.685599999999999543e-01,5.996000000000000218e-01,5.652899999999999592e-01,5.778900000000000148e-01,5.721000000000000529e-01,0.000000000000000000e+00,5.585799999999999654e-01,5.636299999999999644e-01,5.646099999999999453e-01,5.707400000000000251e-01,5.831699999999999662e-01,5.842800000000000216e-01,5.679300000000000459e-01,5.699899999999999967e-01,5.663200000000000456e-01,5.665799999999999725e-01,5.575799999999999645e-01,5.617600000000000371e-01,5.566699999999999982e-01,5.618100000000000316e-01,5.803300000000000125e-01,5.575200000000000156e-01,0.000000000000000000e+00,5.620899999999999785e-01,0.000000000000000000e+00,5.637999999999999678e-01,0.000000000000000000e+00,5.727799999999999558e-01,0.000000000000000000e+00,5.506199999999999983e-01,5.512500000000000178e-01,0.000000000000000000e+00,5.593500000000000139e-01,0.000000000000000000e+00,5.503599999999999604e-01,5.494499999999999940e-01,0.000000000000000000e+00,5.555600000000000538e-01
5.543400000000000549e-01,0.000000000000000000e+00,0.000000000000000000e+00,5.518499999999999517e-01,5.443999999999999950e-01,0.000000000000000000e+00,5.495299999999999629e-01,5.546299999999999564e-01,0.000000000000000000e+00,5.455699999999999994e-01,0.000000000000000000e+00,0.000000000000000000e+00,0.000000000000000000e+00,0.000000000000000000e+00,0.000000000000000000e+00,0.000000000000000000e+00,0.000000000000000000e+00,0.000000000000000000e+00,0.000000000000000000e+00,0.000000000000000000e+00,0.000000000000000000e+00,0.000000000000000000e+00,0.000000000000000000e+00,0.000000000000000000e+00,0.000000000000000000e+00,0.000000000000000000e+00,0.000000000000000000e+00,0.000000000000000000e+00,0.000000000000000000e+00,0.000000000000000000e+00,0.000000000000000000e+00,5.438499999999999446e-01,5.537499999999999645e-01,5.519100000000000117e-01,5.592700000000000449e-01,5.520399999999999752e-01,5.687600000000000433e-01,5.467400000000000038e-01,5.494700000000000140e-01,5.728999999999999648e-01,0.000000000000000000e+00,5.589199999999999724e-01,5.479800000000000226e-01,0.000000000000000000e+00,0.000000000000000000e+00,0.000000000000000000e+00,5.444900000000000295e-01,0.000000000000000000e+00,5.567999999999999616e-01,5.607799999999999452e-01,0.000000000000000000e+00,5.495499999999999829e-01,5.524000000000000021e-01,5.444299999999999695e-01,0.000000000000000000e+00,5.438899999999999846e-01,0.000000000000000000e+00,0.000000000000000000e+00,5.550199999999999578e-01,0.000000000000000000e+00,0.000000000000000000e+00,5.464499999999999913e-01,0.000000000000000000e+00,0.000000000000000000e+00,0.000000000000000000e+00,0.000000000000000000e+00,0.000000000000000000e+00,0.000000000000000000e+00,0.000000000000000000e+00,0.000000000000000000e+00,0.000000000000000000e+00,0.000000000000000000e+00,0.000000000000000000e+00,0.000000000000000000e+00,0.000000000000000000e+00,0.000000000000000000e+00
5.667200000000000015e-01,5.553099999999999703e-01,5.608400000000000052e-01,5.714200000000000390e-01,5.598400000000000043e-01,0.000000000000000000e+00,5.682899999999999618e-01,5.686700000000000088e-01,5.503000000000000114e-01,5.684200000000000363e-01,5.451799999999999979e-01,5.636600000000000499e-01,5.546699999999999964e-01,5.566499999999999782e-01,5.484799999999999676e-01,0.000000000000000000e+00,0.000000000000000000e+00,5.533200000000000340e-01,0.000000000000000000e+00,0.000000000000000000e+00,5.576400000000000245e-01,0.000000000000000000e+00,5.546699999999999964e-01,5.485499999999999821e-01,0.000000000000000000e+00,5.509800000000000253e-01,0.000000000000000000e+00,5.462099999999999733e-01,0.000000000000000000e+00,0.000000000000000000e+00,0.000000000000000000e+00,5.592000000000000304e-01,5.711600000000000010e-01,5.757799999999999585e-01,5.820499999999999563e-01,5.698900000000000077e-01,5.896799999999999820e-01,5.806700000000000195e-01,5.678600000000000314e-01,5.868499999999999828e-01,5.482599999999999696e-01,5.726099999999999524e-01,5.744500000000000162e-01,5.483200000000000296e-01,0.000000000000000000e+00,5.530699999999999505e-01,5.598699999999999788e-01,5.599699999999999678e-01,5.767299999999999649e-01,5.805399999999999450e-01,5.626100000000000545e-01,5.667600000000000415e-01,5.628499999999999615e-01,5.638699999999999823e-01,5.585299999999999709e-01,5.570899999999999741e-01,5.471599999999999797e-01,5.614000000000000101e-01,5.781100000000000128e-01,5.446999999999999620e-01,0.000000000000000000e+00,5.573799999999999866e-01,0.000000000000000000e+00,5.545799999999999619e-01,0.000000000000000000e+00,5.608600000000000252e-01,0.000000000000000000e+00,0.000000000000000000e+00,0.000000000000000000e+00,0.000000000000000000e+00,5.522000000000000242e-01,0.000000000000000000e+00,5.505200000000000093e-01,5.488499999999999490e-01,0.000000000000000000e+00,5.465499999999999803e-01
5.875000000000000222e-01,5.669499999999999540e-01,5.761500000000000510e-01,5.803599999999999870e-01,5.697799999999999532e-01,0.000000000000000000e+00,5.855399999999999494e-01,5.903699999999999504e-01,5.638600000000000279e-01,5.761699999999999600e-01,5.574599999999999556e-01,5.718400000000000150e-01,5.726499999999999924e-01,5.658699999999999841e-01,5.632099999999999884e-01,0.000000000000000000e+00,5.533200000000000340e-01,5.765299999999999869e-01,5.512000000000000233e-01,0.000000000000000000e+00,5.705099999999999616e-01,0.000000000000000000e+00,5.698199999999999932e-01,5.672000000000000375e-01,5.521099999999999897e-01,5.662700000000000511e-01,5.494499999999999940e-01,5.592799999999999994e-01,5.575499999999999901e-01,0.000000000000000000e+00,5.519199999999999662e-01,5.771300000000000319e-01,5.874599999999999822e-01,5.906799999999999828e-01,5.989700000000000024e-01,5.785400000000000542e-01,6.112400000000000055e-01,5.878900000000000237e-01,5.915000000000000258e-01,6.119299999999999740e-01,5.587299999999999489e-01,5.985399999999999610e-01,5.847099999999999520e-01,5.559899999999999842e-01,0.000000000000000000e+00,5.737999999999999767e-01,5.803800000000000070e-01,5.745400000000000507e-01,5.927900000000000391e-01,5.975300000000000056e-01,5.772300000000000209e-01,5.821800000000000308e-01,5.862000000000000544e-01,5.824700000000000433e-01,5.656299999999999661e-01,5.709800000000000431e-01,5.594099999999999628e-01,5.753200000000000536e-01,5.956900000000000528e-01,5.577400000000000135e-01,5.490699999999999470e-01,5.676900000000000279e-01,5.623899999999999455e-01,5.643000000000000238e-01,5.461399999999999588e-01,5.760800000000000365e-01,5.517999999999999572e-01,5.580899999999999750e-01,5.473900000000000432e-01,5.534700000000000175e-01,5.688299999999999468e-01,5.512000000000000233e-01,5.615799999999999681e-01,5.606900000000000217e-01,0.000000000000000000e+00,5.604200000000000292e-01
5.658199999999999896e-01,5.496299999999999519e-01,5.626400000000000290e-01,5.575599999999999445e-01,5.474200000000000177e-01,0.000000000000000000e+00,5.617199999999999971e-01,5.576799999999999535e-01,5.478499999999999481e-01,5.615900000000000336e-01,0.000000000000000000e+00,5.529199999999999671e-01,5.534099999999999575e-01,5.483700000000000241e-01,5.473000000000000087e-01,0.000000000000000000e+00,0.000000000000000000e+00,5.512000000000000233e-01,0.000000000000000000e+00,0.000000000000000000e+00,5.500599999999999934e-01,0.000000000000000000e+00,5.564700000000000202e-01,5.520199999999999552e-01,0.000000000000000000e+00,5.452700000000000324e-01,0.000000000000000000e+00,0.000000000000000000e+00,0.000000000000000000e+00,0.000000000000000000e+00,0.000000000000000000e+00,5.547100000000000364e-01,5.654299999999999882e-01,5.722899999999999654e-01,5.756000000000000005e-01,5.603000000000000203e-01,5.833300000000000152e-01,5.675000000000000044e-01,5.636900000000000244e-01,5.890300000000000535e-01,5.456100000000000394e-01,5.682800000000000074e-01,5.697900000000000187e-01,0.000000000000000000e+00,0.000000000000000000e+00,5.506600000000000383e-01,5.619300000000000406e-01,5.612700000000000466e-01,5.715500000000000025e-01,5.728600000000000358e-01,5.668499999999999650e-01,5.580699999999999550e-01,5.593599999999999683e-01,5.660300000000000331e-01,5.538100000000000245e-01,5.510099999999999998e-01,0.000000000000000000e+00,5.545200000000000129e-01,5.752099999999999991e-01,0.000000000000000000e+00,0.000000000000000000e+00,5.527400000000000091e-01,0.000000000000000000e+00,5.502599999999999714e-01,0.000000000000000000e+00,5.507199999999999873e-01,0.000000000000000000e+00,0.000000000000000000e+00,0.000000000000000000e+00,0.000000000000000000e+00,5.489000000000000545e-01,0.000000000000000000e+00,5.461399999999999588e-01,5.496400000000000174e-01,0.000000000000000000e+00,0.000000000000000000e+00
5.488600000000000145e-01,0.000000000000000000e+00,5.439300000000000246e-01,5.441099999999999826e-01,0.000000000000000000e+00,0.000000000000000000e+00,5.457100000000000284e-01,0.000000000000000000e+00,0.000000000000000000e+00,5.463799999999999768e-01,0.000000000000000000e+00,0.000000000000000000e+00,0.000000000000000000e+00,0.000000000000000000e+00,0.000000000000000000e+00,0.000000000000000000e+00,0.000000000000000000e+00,0.000000000000000000e+00,0.000000000000000000e+00,0.000000000000000000e+00,0.000000000000000000e+00,0.000000000000000000e+00,0.000000000000000000e+00,0.000000000000000000e+00,0.000000000000000000e+00,0.000000000000000000e+00,0.000000000000000000e+00,0.000000000000000000e+00,0.000000000000000000e+00,0.000000000000000000e+00,0.000000000000000000e+00,0.000000000000000000e+00,5.457400000000000029e-01,5.530699999999999505e-01,5.541399999999999659e-01,5.453900000000000414e-01,5.638199999999999878e-01,5.469300000000000272e-01,0.000000000000000000e+00,5.683700000000000419e-01,0.000000000000000000e+00,5.436600000000000321e-01,5.498399999999999954e-01,0.000000000000000000e+00,0.000000000000000000e+00,0.000000000000000000e+00,5.485900000000000221e-01,0.000000000000000000e+00,5.503500000000000059e-01,5.510000000000000453e-01,5.468600000000000128e-01,0.000000000000000000e+00,5.470500000000000362e-01,5.477600000000000247e-01,0.000000000000000000e+00,0.000000000000000000e+00,0.000000000000000000e+00,0.000000000000000000e+00,5.525600000000000511e-01,0.000000000000000000e+00,0.000000000000000000e+00,0.000000000000000000e+00,0.000000000000000000e+00,0.000000000000000000e+00,0.000000000000000000e+00,0.000000000000000000e+00,0.000000000000000000e+00,0.000000000000000000e+00,0.000000000000000000e+00,0.000000000000000000e+00,0.000000000000000000e+00,0.000000000000000000e+00,0.000000000000000000e+00,0.000000000000000000e+00,0.000000000000000000e+00,0.000000000000000000e+00
5.914300000000000113e-01,5.742599999999999927e-01,5.850400000000000045e-01,5.944899999999999629e-01,5.862699999999999578e-01,0.000000000000000000e+00,5.908200000000000118e-01,5.936700000000000310e-01,5.611599999999999921e-01,5.980199999999999960e-01,5.635200000000000209e-01,6.010100000000000442e-01,5.737900000000000222e-01,5.739300000000000512e-01,5.678400000000000114e-01,0.000000000000000000e+00,5.576400000000000245e-01,5.705099999999999616e-01,5.500599999999999934e-01,0.000000000000000000e+00,5.913699999999999513e-01,0.000000000000000000e+00,5.691300000000000248e-01,5.658800000000000496e-01,5.541700000000000514e-01,5.678600000000000314e-01,5.435900000000000176e-01,5.648300000000000542e-01,5.559899999999999842e-01,0.000000000000000000e+00,5.540899999999999714e-01,5.921199999999999797e-01,5.926900000000000501e-01,6.103899999999999881e-01,6.191699999999999982e-01,5.921499999999999542e-01,6.277199999999999447e-01,6.023399999999999865e-01,5.956900000000000528e-01,6.279400000000000537e-01,5.761399999999999855e-01,6.007200000000000317e-01,5.865799999999999903e-01,5.660399999999999876e-01,5.666600000000000525e-01,5.818699999999999983e-01,5.712800000000000100e-01,5.799800000000000511e-01,5.988400000000000389e-01,6.071400000000000130e-01,5.729199999999999848e-01,5.914500000000000313e-01,5.840600000000000236e-01,5.780600000000000183e-01,5.829299999999999482e-01,5.805299999999999905e-01,5.797799999999999621e-01,5.817600000000000549e-01,5.979700000000000015e-01,5.633500000000000174e-01,5.516699999999999937e-01,5.901499999999999524e-01,5.642899999999999583e-01,5.673000000000000265e-01,0.000000000000000000e+00,5.993399999999999839e-01,5.439100000000000046e-01,5.543799999999999839e-01,5.511200000000000543e-01,5.533700000000000285e-01,5.702599999999999891e-01,5.466900000000000093e-01,5.682399999999999674e-01,5.558199999999999807e-01,0.000000000000000000e+00,5.674400000000000555e-01
