5.843500000000000361e-01,0.000000000000000000e+00,6.149700000000000166e-01,6.027000000000000135e-01,5.899699999999999944e-01,5.796200000000000241e-01,5.745999999999999996e-01,5.862100000000000088e-01,5.609800000000000342e-01,5.704900000000000526e-01,5.792800000000000171e-01,5.852199999999999624e-01,5.722599999999999909e-01,5.760999999999999455e-01,6.026599999999999735e-01,5.860100000000000309e-01,5.574700000000000211e-01,5.550199999999999578e-01,5.700300000000000367e-01,5.664299999999999891e-01,5.925500000000000211e-01,5.729699999999999793e-01,5.796999999999999931e-01,5.816999999999999948e-01,5.557600000000000318e-01,5.635999999999999899e-01,5.735500000000000043e-01,5.612200000000000522e-01,5.630699999999999594e-01,5.726200000000000179e-01,5.909299999999999553e-01,5.890900000000000025e-01,6.102899999999999991e-01,6.179499999999999993e-01,6.117099999999999760e-01,5.846000000000000085e-01,6.072699999999999765e-01,6.199099999999999611e-01,5.857599999999999474e-01,6.043800000000000283e-01,5.701800000000000201e-01,5.783099999999999907e-01,5.682599999999999874e-01,6.004199999999999537e-01,5.730300000000000393e-01,5.803099999999999925e-01,0.000000000000000000e+00,5.877999999999999892e-01,5.840600000000000236e-01,5.712699999999999445e-01,5.793199999999999461e-01,5.746400000000000396e-01,5.921600000000000197e-01,5.742099999999999982e-01,5.591099999999999959e-01,5.560800000000000187e-01,5.798200000000000021e-01,5.667600000000000415e-01,5.613899999999999446e-01,5.794799999999999951e-01,5.602899999999999547e-01,5.909499999999999753e-01,5.734900000000000553e-01,5.668600000000000305e-01,5.484599999999999476e-01,5.773300000000000098e-01,5.563200000000000367e-01,5.617299999999999516e-01,0.000000000000000000e+00,5.503400000000000514e-01,5.559600000000000097e-01,5.687799999999999523e-01,5.640600000000000058e-01,5.590600000000000014e-01,0.000000000000000000e+00,5.528600000000000181e-01
0.000000000000000000e+00,5.532200000000000450e-01,5.765799999999999814e-01,5.791899999999999826e-01,5.879100000000000437e-01,5.611399999999999721e-01,5.709400000000000031e-01,5.827400000000000357e-01,5.633899999999999464e-01,5.674799999999999844e-01,5.734700000000000353e-01,5.639999999999999458e-01,5.705799999999999761e-01,5.705900000000000416e-01,5.638100000000000334e-01,5.666200000000000125e-01,5.684200000000000363e-01,5.577800000000000535e-01,5.585999999999999854e-01,5.522299999999999986e-01,5.699999999999999512e-01,5.617199999999999971e-01,5.571700000000000541e-01,5.612700000000000466e-01,5.614900000000000446e-01,5.609800000000000342e-01,5.577400000000000135e-01,5.599600000000000133e-01,5.540699999999999514e-01,5.560300000000000242e-01,5.654500000000000082e-01,5.715500000000000025e-01,5.821699999999999653e-01,5.704099999999999726e-01,5.806799999999999740e-01,5.762599999999999945e-01,5.963399999999999812e-01,5.774799999999999933e-01,5.637499999999999734e-01,5.794300000000000006e-01,0.000000000000000000e+00,5.532700000000000395e-01,5.702899999999999636e-01,5.932399999999999896e-01,5.672000000000000375e-01,0.000000000000000000e+00,0.000000000000000000e+00,5.658400000000000096e-01,5.715900000000000425e-01,5.710399999999999920e-01,5.802399999999999780e-01,5.731899999999999773e-01,5.758699999999999930e-01,5.785299999999999887e-01,5.560399999999999787e-01,5.622500000000000275e-01,5.581500000000000350e-01,5.666400000000000325e-01,5.724000000000000199e-01,5.615799999999999681e-01,5.527600000000000291e-01,5.714099999999999735e-01,5.619800000000000351e-01,5.638199999999999878e-01,0.000000000000000000e+00,5.611800000000000122e-01,5.583200000000000385e-01,5.556600000000000428e-01,0.000000000000000000e+00,5.486299999999999510e-01,5.522799999999999931e-01,5.665299999999999780e-01,5.601300000000000168e-01,5.579399999999999915e-01,0.000000000000000000e+00,0.000000000000000000e+00
6.149700000000000166e-01,5.765799999999999814e-01,6.453100000000000502e-01,6.364800000000000457e-01,6.207500000000000240e-01,6.078200000000000269e-01,6.092899999999999983e-01,6.115000000000000435e-01,5.967400000000000482e-01,6.036500000000000199e-01,6.060900000000000176e-01,6.089200000000000168e-01,6.047099999999999698e-01,6.038400000000000434e-01,6.279599999999999627e-01,6.091699999999999893e-01,6.032199999999999784e-01,5.863000000000000433e-01,5.975099999999999856e-01,5.917499999999999982e-01,6.113499999999999490e-01,6.066500000000000226e-01,6.062899999999999956e-01,6.089599999999999458e-01,5.899900000000000144e-01,5.886700000000000266e-01,6.039999999999999813e-01,5.968400000000000372e-01,5.914899999999999602e-01,6.077799999999999869e-01,6.188399999999999457e-01,6.202699999999999880e-01,6.518699999999999495e-01,6.431999999999999940e-01,6.439399999999999569e-01,6.253400000000000070e-01,6.507300000000000306e-01,6.513099999999999445e-01,6.171999999999999709e-01,6.436800000000000299e-01,5.936000000000000165e-01,6.089299999999999713e-01,6.256000000000000449e-01,6.582000000000000073e-01,5.990900000000000114e-01,5.957700000000000218e-01,5.589199999999999724e-01,6.187399999999999567e-01,6.329099999999999726e-01,6.052699999999999747e-01,6.152400000000000091e-01,6.114500000000000490e-01,6.321700000000000097e-01,6.125599999999999934e-01,5.874700000000000477e-01,5.836500000000000021e-01,5.945899999999999519e-01,5.997900000000000453e-01,6.061499999999999666e-01,6.010299999999999532e-01,5.925799999999999956e-01,6.235100000000000087e-01,6.119900000000000340e-01,5.972399999999999931e-01,5.712399999999999700e-01,5.953899999999999748e-01,5.860499999999999599e-01,5.938600000000000545e-01,5.478499999999999481e-01,5.867499999999999938e-01,5.820699999999999763e-01,6.011600000000000277e-01,5.965300000000000047e-01,5.898499999999999854e-01,5.500800000000000134e-01,5.750999999999999446e-01
6.027000000000000135e-01,5.791899999999999826e-01,6.364800000000000457e-01,6.312299999999999578e-01,6.353799999999999448e-01,6.058499999999999996e-01,6.124000000000000554e-01,6.225699999999999568e-01,5.984399999999999720e-01,6.054699999999999527e-01,6.095699999999999452e-01,6.147000000000000242e-01,6.056899999999999507e-01,6.055199999999999472e-01,6.198700000000000321e-01,6.131400000000000183e-01,5.988700000000000134e-01,5.929299999999999571e-01,5.981899999999999995e-01,5.878600000000000492e-01,6.111699999999999910e-01,5.981300000000000505e-01,6.025399999999999645e-01,6.119099999999999540e-01,5.903000000000000469e-01,5.907200000000000228e-01,6.031900000000000039e-01,5.961100000000000287e-01,5.924700000000000522e-01,5.981899999999999995e-01,6.159599999999999520e-01,6.346699999999999564e-01,6.589199999999999502e-01,6.456100000000000172e-01,6.491799999999999793e-01,6.174800000000000288e-01,6.492200000000000193e-01,6.553999999999999826e-01,6.259400000000000519e-01,6.352799999999999558e-01,5.898900000000000254e-01,6.048700000000000188e-01,6.280499999999999972e-01,6.679699999999999527e-01,5.943599999999999994e-01,5.814399999999999569e-01,5.560000000000000497e-01,6.278799999999999937e-01,6.274800000000000377e-01,6.116800000000000015e-01,6.220999999999999863e-01,6.126200000000000534e-01,6.403400000000000203e-01,6.159599999999999520e-01,5.925599999999999756e-01,5.953800000000000203e-01,6.071499999999999675e-01,5.991600000000000259e-01,6.022899999999999920e-01,6.115800000000000125e-01,5.890900000000000025e-01,6.160900000000000265e-01,6.111699999999999910e-01,6.106700000000000461e-01,5.714599999999999680e-01,6.050100000000000477e-01,5.876900000000000457e-01,5.965500000000000247e-01,5.588199999999999834e-01,5.886200000000000321e-01,5.853599999999999914e-01,6.068500000000000005e-01,5.963600000000000012e-01,5.889999999999999680e-01,5.536999999999999700e-01,5.761800000000000255e-01
5.899699999999999944e-01,5.879100000000000437e-01,6.207500000000000240e-01,6.353799999999999448e-01,6.432600000000000540e-01,5.996200000000000419e-01,6.158400000000000540e-01,6.238299999999999956e-01,5.965700000000000447e-01,6.137399999999999523e-01,6.206599999999999895e-01,6.144399999999999862e-01,6.058799999999999741e-01,6.138400000000000523e-01,6.155100000000000016e-01,6.166800000000000059e-01,6.041999999999999593e-01,5.913500000000000423e-01,5.985200000000000520e-01,5.900199999999999889e-01,6.173999999999999488e-01,6.015500000000000291e-01,5.925099999999999811e-01,6.045800000000000063e-01,5.942699999999999649e-01,5.918299999999999672e-01,6.010699999999999932e-01,5.965000000000000302e-01,5.897200000000000220e-01,6.021499999999999631e-01,6.128799999999999804e-01,6.328799999999999981e-01,6.387800000000000145e-01,6.259900000000000464e-01,6.331499999999999906e-01,6.247399999999999620e-01,6.561900000000000510e-01,6.417199999999999571e-01,6.261499999999999844e-01,6.318599999999999772e-01,5.790499999999999536e-01,5.948299999999999699e-01,6.283300000000000551e-01,6.681899999999999507e-01,5.965700000000000447e-01,5.684700000000000308e-01,5.585599999999999454e-01,6.164100000000000135e-01,6.177099999999999813e-01,6.206599999999999895e-01,6.206700000000000550e-01,6.170700000000000074e-01,6.211200000000000054e-01,6.151999999999999691e-01,6.012699999999999712e-01,5.974699999999999456e-01,6.040100000000000469e-01,6.022199999999999775e-01,6.177000000000000268e-01,6.077000000000000179e-01,5.904000000000000359e-01,6.215600000000000014e-01,6.007299999999999862e-01,6.063499999999999446e-01,5.713399999999999590e-01,6.107399999999999496e-01,5.900800000000000489e-01,5.928999999999999826e-01,5.519300000000000317e-01,5.842600000000000016e-01,5.855299999999999949e-01,6.052100000000000257e-01,5.978999999999999870e-01,5.899199999999999999e-01,5.671000000000000485e-01,5.734900000000000553e-01
5.796200000000000241e-01,5.611399999999999721e-01,6.078200000000000269e-01,6.058499999999999996e-01,5.996200000000000419e-01,5.818900000000000183e-01,5.868600000000000483e-01,6.018299999999999761e-01,5.792800000000000171e-01,5.807799999999999629e-01,5.783500000000000307e-01,5.804799999999999960e-01,5.826500000000000012e-01,5.806400000000000450e-01,5.909499999999999753e-01,5.840899999999999981e-01,5.773500000000000298e-01,5.763800000000000034e-01,5.796599999999999531e-01,5.694299999999999917e-01,5.815299999999999914e-01,5.785099999999999687e-01,5.848499999999999810e-01,5.833000000000000407e-01,5.719100000000000295e-01,5.710100000000000176e-01,5.811100000000000154e-01,5.752899999999999681e-01,5.718299999999999494e-01,5.748199999999999976e-01,5.918600000000000527e-01,5.980999999999999650e-01,6.205500000000000460e-01,6.097399999999999487e-01,6.120900000000000230e-01,5.966599999999999682e-01,6.196700000000000541e-01,6.112100000000000311e-01,5.882300000000000306e-01,6.068000000000000060e-01,5.635499999999999954e-01,5.744299999999999962e-01,5.998599999999999488e-01,6.236199999999999521e-01,5.729999999999999538e-01,5.598499999999999588e-01,0.000000000000000000e+00,5.945500000000000229e-01,6.049099999999999477e-01,5.855000000000000204e-01,6.036200000000000454e-01,5.916799999999999837e-01,6.056500000000000217e-01,5.950299999999999478e-01,5.633899999999999464e-01,5.725000000000000089e-01,5.739900000000000002e-01,5.801699999999999635e-01,5.870900000000000007e-01,5.805799999999999850e-01,5.666900000000000270e-01,5.930600000000000316e-01,5.863199999999999523e-01,5.797900000000000276e-01,5.559600000000000097e-01,5.728499999999999703e-01,5.691599999999999993e-01,5.782699999999999507e-01,0.000000000000000000e+00,5.692899999999999627e-01,5.652500000000000302e-01,5.861899999999999888e-01,5.766599999999999504e-01,5.726200000000000179e-01,0.000000000000000000e+00,5.607199999999999962e-01
5.745999999999999996e-01,5.709400000000000031e-01,6.092899999999999983e-01,6.124100000000000099e-01,6.158400000000000540e-01,5.868600000000000483e-01,5.951100000000000279e-01,6.085599999999999898e-01,5.864899999999999558e-01,5.926700000000000301e-01,5.985099999999999865e-01,5.945000000000000284e-01,5.907799999999999718e-01,5.933300000000000241e-01,5.946799999999999864e-01,5.940800000000000525e-01,5.883199999999999541e-01,5.758400000000000185e-01,5.836000000000000076e-01,5.744000000000000217e-01,5.948499999999999899e-01,5.849699999999999900e-01,5.823399999999999688e-01,5.882199999999999651e-01,5.795599999999999641e-01,5.776099999999999568e-01,5.856999999999999984e-01,5.812100000000000044e-01,5.756900000000000350e-01,5.837900000000000311e-01,5.936500000000000110e-01,6.104300000000000281e-01,6.169599999999999529e-01,6.053800000000000292e-01,6.137099999999999778e-01,6.041400000000000103e-01,6.312600000000000433e-01,6.186800000000000077e-01,6.067799999999999860e-01,6.111600000000000366e-01,5.674700000000000299e-01,5.839400000000000146e-01,6.062199999999999811e-01,6.430900000000000505e-01,5.836500000000000021e-01,5.541399999999999659e-01,5.458399999999999919e-01,5.983899999999999775e-01,6.051400000000000112e-01,5.957999999999999963e-01,6.027500000000000080e-01,5.993899999999999784e-01,6.102699999999999791e-01,6.008999999999999897e-01,5.828600000000000447e-01,5.812899999999999734e-01,5.851699999999999680e-01,5.888900000000000245e-01,5.957299999999999818e-01,5.881600000000000161e-01,5.723300000000000054e-01,6.032199999999999784e-01,5.867999999999999883e-01,5.910199999999999898e-01,5.580000000000000515e-01,5.887599999999999500e-01,5.736799999999999677e-01,5.802599999999999980e-01,0.000000000000000000e+00,5.709999999999999520e-01,5.707100000000000506e-01,5.885299999999999976e-01,5.833199999999999497e-01,5.751300000000000301e-01,5.492899999999999450e-01,5.611500000000000377e-01
5.862100000000000088e-01,5.827400000000000357e-01,6.115000000000000435e-01,6.225699999999999568e-01,6.238299999999999956e-01,6.018299999999999761e-01,6.085599999999999898e-01,6.156399999999999650e-01,6.025800000000000045e-01,5.982199999999999740e-01,6.012499999999999512e-01,6.064699999999999536e-01,6.029799999999999605e-01,5.956099999999999728e-01,6.119200000000000195e-01,6.018000000000000016e-01,5.990400000000000169e-01,5.865599999999999703e-01,5.981999999999999540e-01,5.815299999999999914e-01,6.137299999999999978e-01,5.945599999999999774e-01,5.936200000000000365e-01,6.084300000000000264e-01,5.905200000000000449e-01,5.909499999999999753e-01,5.950199999999999934e-01,5.889900000000000135e-01,5.872199999999999642e-01,5.906200000000000339e-01,6.027400000000000535e-01,6.292699999999999960e-01,6.338399999999999590e-01,6.127500000000000169e-01,6.389000000000000234e-01,6.132499999999999618e-01,6.407599999999999962e-01,6.147700000000000387e-01,6.177000000000000268e-01,6.198099999999999721e-01,5.807200000000000140e-01,5.991100000000000314e-01,6.217300000000000049e-01,6.701300000000000034e-01,6.004899999999999682e-01,5.490899999999999670e-01,5.578999999999999515e-01,6.075000000000000400e-01,6.290099999999999580e-01,6.158099999999999685e-01,6.236500000000000377e-01,6.139400000000000412e-01,6.336899999999999755e-01,6.151499999999999746e-01,5.805700000000000305e-01,5.993199999999999639e-01,5.964899999999999647e-01,5.988799999999999679e-01,6.128299999999999859e-01,6.011699999999999822e-01,5.789400000000000102e-01,6.101499999999999702e-01,6.041699999999999848e-01,6.044899999999999718e-01,5.633700000000000374e-01,6.020900000000000141e-01,5.876099999999999657e-01,5.938900000000000290e-01,5.477699999999999791e-01,5.835700000000000331e-01,5.854300000000000059e-01,5.965700000000000447e-01,5.909299999999999553e-01,5.847599999999999465e-01,5.485600000000000476e-01,5.719199999999999839e-01
5.609800000000000342e-01,5.633899999999999464e-01,5.967400000000000482e-01,5.984399999999999720e-01,5.965700000000000447e-01,5.792800000000000171e-01,5.864899999999999558e-01,6.025800000000000045e-01,5.815599999999999659e-01,5.803199999999999470e-01,5.784299999999999997e-01,5.752699999999999481e-01,5.816099999999999604e-01,5.800499999999999545e-01,5.809100000000000374e-01,5.790600000000000191e-01,5.806999999999999940e-01,5.749600000000000266e-01,5.751399999999999846e-01,5.630100000000000104e-01,5.758299999999999530e-01,5.749900000000000011e-01,5.769100000000000339e-01,5.776299999999999768e-01,5.734599999999999698e-01,5.708100000000000396e-01,5.767200000000000104e-01,5.730699999999999683e-01,5.705799999999999761e-01,5.687299999999999578e-01,5.834300000000000042e-01,5.925700000000000411e-01,6.005099999999999882e-01,5.881899999999999906e-01,5.988599999999999479e-01,5.912899999999999823e-01,6.153100000000000236e-01,5.946299999999999919e-01,5.848499999999999810e-01,5.970900000000000096e-01,5.527100000000000346e-01,5.662099999999999911e-01,5.942699999999999649e-01,6.197099999999999831e-01,5.796400000000000441e-01,0.000000000000000000e+00,5.473000000000000087e-01,5.890199999999999880e-01,5.975099999999999856e-01,5.809400000000000119e-01,6.039900000000000269e-01,5.889699999999999935e-01,6.012600000000000167e-01,6.000699999999999923e-01,5.647699999999999942e-01,5.740800000000000347e-01,5.662099999999999911e-01,5.813800000000000079e-01,5.827499999999999902e-01,5.758699999999999930e-01,5.654099999999999682e-01,5.901800000000000379e-01,5.815799999999999859e-01,5.802100000000000035e-01,5.517800000000000482e-01,5.690399999999999903e-01,5.689600000000000213e-01,5.758600000000000385e-01,0.000000000000000000e+00,5.677200000000000024e-01,5.637199999999999989e-01,5.831699999999999662e-01,5.743899999999999562e-01,5.712399999999999700e-01,0.000000000000000000e+00,5.561500000000000332e-01
5.704900000000000526e-01,5.674799999999999844e-01,6.036500000000000199e-01,6.054699999999999527e-01,6.137399999999999523e-01,5.807799999999999629e-01,5.926700000000000301e-01,5.982199999999999740e-01,5.803300000000000125e-01,5.981300000000000505e-01,5.961699999999999777e-01,5.915700000000000403e-01,5.875399999999999512e-01,5.949400000000000244e-01,5.881800000000000361e-01,5.939299999999999580e-01,5.860800000000000454e-01,5.821899999999999853e-01,5.831800000000000317e-01,5.775000000000000133e-01,5.846000000000000085e-01,5.899900000000000144e-01,5.768100000000000449e-01,5.808900000000000174e-01,5.802800000000000180e-01,5.711800000000000210e-01,5.840899999999999981e-01,5.806200000000000250e-01,5.738699999999999912e-01,5.885899999999999466e-01,5.938999999999999835e-01,5.946599999999999664e-01,6.061900000000000066e-01,6.022199999999999775e-01,6.010400000000000187e-01,6.084500000000000464e-01,6.250400000000000400e-01,6.205800000000000205e-01,5.914800000000000058e-01,6.098099999999999632e-01,5.657699999999999951e-01,5.736400000000000388e-01,6.129799999999999693e-01,6.325100000000000167e-01,5.691500000000000448e-01,5.549699999999999633e-01,5.516400000000000192e-01,5.905000000000000249e-01,5.970100000000000406e-01,6.002999999999999448e-01,5.950400000000000134e-01,5.995700000000000474e-01,5.906799999999999828e-01,6.009400000000000297e-01,5.858700000000000019e-01,5.756499999999999950e-01,5.770600000000000174e-01,5.849699999999999900e-01,5.984300000000000175e-01,5.772699999999999498e-01,5.774000000000000243e-01,6.092400000000000038e-01,5.851600000000000135e-01,5.846200000000000285e-01,5.632300000000000084e-01,5.771600000000000064e-01,5.757999999999999785e-01,5.710800000000000320e-01,0.000000000000000000e+00,5.714700000000000335e-01,5.647299999999999542e-01,5.888900000000000245e-01,5.841499999999999471e-01,5.725099999999999634e-01,5.558199999999999807e-01,5.564599999999999547e-01
5.792800000000000171e-01,5.734700000000000353e-01,6.060900000000000176e-01,6.095699999999999452e-01,6.206599999999999895e-01,5.783500000000000307e-01,5.985099999999999865e-01,6.012499999999999512e-01,5.784299999999999997e-01,5.961699999999999777e-01,5.964300000000000157e-01,5.941999999999999504e-01,5.884500000000000286e-01,5.994199999999999529e-01,5.905599999999999739e-01,5.966099999999999737e-01,5.820999999999999508e-01,5.754299999999999971e-01,5.839299999999999491e-01,5.734900000000000553e-01,5.976200000000000401e-01,5.866500000000000048e-01,5.807600000000000540e-01,5.857099999999999529e-01,5.804000000000000270e-01,5.755500000000000060e-01,5.823700000000000543e-01,5.799400000000000110e-01,5.707100000000000506e-01,5.896299999999999875e-01,5.923899999999999721e-01,6.061299999999999466e-01,6.137500000000000178e-01,5.999499999999999833e-01,6.100100000000000522e-01,6.091600000000000348e-01,6.274499999999999522e-01,6.101799999999999446e-01,5.950199999999999934e-01,6.052400000000000002e-01,5.588100000000000289e-01,5.693300000000000027e-01,6.092400000000000038e-01,6.402299999999999658e-01,5.693500000000000227e-01,5.543700000000000294e-01,5.483700000000000241e-01,5.926599999999999646e-01,6.051999999999999602e-01,6.052300000000000457e-01,5.999200000000000088e-01,6.000900000000000123e-01,6.006299999999999972e-01,5.978900000000000325e-01,5.813199999999999479e-01,5.798299999999999566e-01,5.830199999999999827e-01,5.879600000000000382e-01,6.030799999999999494e-01,5.789400000000000102e-01,5.753300000000000081e-01,6.059200000000000141e-01,5.851300000000000390e-01,5.834099999999999842e-01,5.593599999999999683e-01,5.869999999999999662e-01,5.756799999999999695e-01,5.719800000000000439e-01,0.000000000000000000e+00,5.712699999999999445e-01,5.681500000000000439e-01,5.872800000000000242e-01,5.834599999999999786e-01,5.740899999999999892e-01,5.562799999999999967e-01,5.551899999999999613e-01
5.852199999999999624e-01,5.639999999999999458e-01,6.089200000000000168e-01,6.147000000000000242e-01,6.144399999999999862e-01,5.804799999999999960e-01,5.945000000000000284e-01,6.064699999999999536e-01,5.752699999999999481e-01,5.915700000000000403e-01,5.941999999999999504e-01,5.972499999999999476e-01,5.899699999999999944e-01,5.939200000000000035e-01,5.953800000000000203e-01,5.898799999999999599e-01,5.810699999999999754e-01,5.750899999999999901e-01,5.779199999999999893e-01,5.751899999999999791e-01,5.972399999999999931e-01,5.849999999999999645e-01,5.790999999999999481e-01,5.882800000000000251e-01,5.738999999999999657e-01,5.753899999999999570e-01,5.813500000000000334e-01,5.803000000000000380e-01,5.733099999999999863e-01,5.832100000000000062e-01,5.983899999999999775e-01,6.032999999999999474e-01,6.252400000000000180e-01,6.178500000000000103e-01,6.149499999999999966e-01,6.053600000000000092e-01,6.353600000000000358e-01,6.243600000000000261e-01,5.971600000000000241e-01,6.211699999999999999e-01,5.747900000000000231e-01,5.834399999999999586e-01,6.086099999999999843e-01,6.419000000000000261e-01,5.726299999999999724e-01,5.705999999999999961e-01,5.444799999999999640e-01,5.941800000000000415e-01,6.036799999999999944e-01,5.998799999999999688e-01,5.906000000000000139e-01,5.960900000000000087e-01,6.017099999999999671e-01,5.915799999999999947e-01,5.779100000000000348e-01,5.750800000000000356e-01,5.896900000000000475e-01,5.811300000000000354e-01,5.958999999999999853e-01,5.845900000000000540e-01,5.728400000000000158e-01,5.967400000000000482e-01,5.829499999999999682e-01,5.863199999999999523e-01,5.567400000000000126e-01,5.886299999999999866e-01,5.705500000000000016e-01,5.704500000000000126e-01,0.000000000000000000e+00,5.638400000000000079e-01,5.676400000000000334e-01,5.813300000000000134e-01,5.816900000000000404e-01,5.695200000000000262e-01,5.445900000000000185e-01,5.619300000000000406e-01
5.722599999999999909e-01,5.705799999999999761e-01,6.047099999999999698e-01,6.056899999999999507e-01,6.058799999999999741e-01,5.826500000000000012e-01,5.907900000000000373e-01,6.029799999999999605e-01,5.816099999999999604e-01,5.875399999999999512e-01,5.884500000000000286e-01,5.899699999999999944e-01,5.858900000000000219e-01,5.863300000000000178e-01,5.897599999999999509e-01,5.871100000000000207e-01,5.812800000000000189e-01,5.752199999999999536e-01,5.787200000000000122e-01,5.694500000000000117e-01,5.884599999999999831e-01,5.809699999999999864e-01,5.780100000000000238e-01,5.857599999999999474e-01,5.764200000000000434e-01,5.765099999999999669e-01,5.799299999999999455e-01,5.779199999999999893e-01,5.733000000000000318e-01,5.763899999999999579e-01,5.888099999999999445e-01,6.010799999999999477e-01,6.114300000000000290e-01,6.003500000000000503e-01,6.093199999999999728e-01,5.979999999999999760e-01,6.218000000000000194e-01,6.086399999999999588e-01,5.942699999999999649e-01,6.076300000000000034e-01,5.650600000000000067e-01,5.815399999999999459e-01,5.980999999999999650e-01,6.283100000000000351e-01,5.791399999999999881e-01,5.498499999999999499e-01,5.467300000000000493e-01,5.934500000000000330e-01,6.013199999999999656e-01,5.886099999999999666e-01,5.991100000000000314e-01,5.930199999999999916e-01,6.076399999999999579e-01,5.973000000000000531e-01,5.753800000000000026e-01,5.769600000000000284e-01,5.800999999999999490e-01,5.838499999999999801e-01,5.883199999999999541e-01,5.824599999999999778e-01,5.692899999999999627e-01,5.962499999999999467e-01,5.847299999999999720e-01,5.859199999999999964e-01,5.557400000000000118e-01,5.797400000000000331e-01,5.712500000000000355e-01,5.756499999999999950e-01,0.000000000000000000e+00,5.691800000000000193e-01,5.680800000000000294e-01,5.855799999999999894e-01,5.783500000000000307e-01,5.722500000000000364e-01,5.444200000000000150e-01,5.589300000000000379e-01
5.760999999999999455e-01,5.705900000000000416e-01,6.038400000000000434e-01,6.055199999999999472e-01,6.138400000000000523e-01,5.806499999999999995e-01,5.933300000000000241e-01,5.956099999999999728e-01,5.800499999999999545e-01,5.949400000000000244e-01,5.994199999999999529e-01,5.939200000000000035e-01,5.863300000000000178e-01,5.837700000000000111e-01,5.909600000000000408e-01,5.968999999999999861e-01,5.812800000000000189e-01,5.716200000000000170e-01,5.832199999999999607e-01,5.707999999999999741e-01,5.937099999999999600e-01,5.798299999999999566e-01,5.779800000000000493e-01,5.847599999999999465e-01,5.763500000000000290e-01,5.702899999999999636e-01,5.820999999999999508e-01,5.773800000000000043e-01,5.713300000000000045e-01,5.868900000000000228e-01,5.872899999999999787e-01,6.064000000000000501e-01,6.187700000000000422e-01,6.014699999999999491e-01,6.120100000000000540e-01,5.967500000000000027e-01,6.185699999999999532e-01,6.136399999999999633e-01,5.996099999999999763e-01,5.936599999999999655e-01,5.579399999999999915e-01,5.750100000000000211e-01,6.123100000000000209e-01,6.437000000000000499e-01,5.628699999999999815e-01,5.464200000000000168e-01,5.454299999999999704e-01,5.962499999999999467e-01,6.038799999999999724e-01,5.995399999999999618e-01,6.010799999999999477e-01,5.951499999999999568e-01,6.081600000000000339e-01,5.932399999999999896e-01,5.827599999999999447e-01,5.821100000000000163e-01,5.842399999999999816e-01,5.839400000000000146e-01,5.973199999999999621e-01,5.825900000000000523e-01,5.728600000000000358e-01,6.018499999999999961e-01,5.838799999999999546e-01,5.896799999999999820e-01,5.562700000000000422e-01,5.875799999999999912e-01,5.742699999999999472e-01,5.751600000000000046e-01,0.000000000000000000e+00,5.726099999999999524e-01,5.671199999999999575e-01,5.894800000000000040e-01,5.797299999999999676e-01,5.687100000000000488e-01,5.490500000000000380e-01,5.531399999999999650e-01
6.026599999999999735e-01,5.638199999999999878e-01,6.279599999999999627e-01,6.198700000000000321e-01,6.155100000000000016e-01,5.909499999999999753e-01,5.946799999999999864e-01,6.119200000000000195e-01,5.809100000000000374e-01,5.881800000000000361e-01,5.905599999999999739e-01,5.953800000000000203e-01,5.897599999999999509e-01,5.909600000000000408e-01,6.057000000000000162e-01,5.995200000000000529e-01,5.885500000000000176e-01,5.777200000000000113e-01,5.835500000000000131e-01,5.806999999999999940e-01,5.964399999999999702e-01,5.918799999999999617e-01,5.932199999999999696e-01,5.946599999999999664e-01,5.746900000000000341e-01,5.790300000000000447e-01,5.896700000000000275e-01,5.810100000000000264e-01,5.780600000000000183e-01,5.886900000000000466e-01,6.074699999999999545e-01,6.045000000000000373e-01,6.441900000000000404e-01,6.353400000000000158e-01,6.283499999999999641e-01,6.070600000000000440e-01,6.376300000000000301e-01,6.375699999999999701e-01,6.033399999999999874e-01,6.278200000000000447e-01,5.808100000000000485e-01,5.898200000000000109e-01,6.081299999999999484e-01,6.418500000000000316e-01,5.797499999999999876e-01,5.829699999999999882e-01,5.459899999999999753e-01,6.025199999999999445e-01,6.138500000000000068e-01,5.952499999999999458e-01,6.049700000000000077e-01,6.011100000000000332e-01,6.076500000000000234e-01,5.955500000000000238e-01,5.716099999999999515e-01,5.664599999999999635e-01,5.869299999999999518e-01,5.867700000000000138e-01,5.937299999999999800e-01,5.880499999999999616e-01,5.782300000000000217e-01,5.991499999999999604e-01,5.960800000000000542e-01,5.834300000000000042e-01,5.605200000000000182e-01,5.795700000000000296e-01,5.728400000000000158e-01,5.777200000000000113e-01,0.000000000000000000e+00,5.703500000000000236e-01,5.703200000000000491e-01,5.893599999999999950e-01,5.872699999999999587e-01,5.771500000000000519e-01,0.000000000000000000e+00,5.647799999999999487e-01
5.860100000000000309e-01,5.666200000000000125e-01,6.091699999999999893e-01,6.131400000000000183e-01,6.166800000000000059e-01,5.840899999999999981e-01,5.940800000000000525e-01,6.018000000000000016e-01,5.790600000000000191e-01,5.939299999999999580e-01,5.966099999999999737e-01,5.898799999999999599e-01,5.871100000000000207e-01,5.968999999999999861e-01,5.995200000000000529e-01,5.933199999999999585e-01,5.895399999999999530e-01,5.784200000000000452e-01,5.803500000000000325e-01,5.765099999999999669e-01,5.956000000000000183e-01,5.866500000000000048e-01,5.853500000000000369e-01,5.883399999999999741e-01,5.752300000000000191e-01,5.724500000000000144e-01,5.856599999999999584e-01,5.805399999999999450e-01,5.744000000000000217e-01,5.913599999999999968e-01,5.974599999999999911e-01,5.997700000000000253e-01,6.301299999999999679e-01,6.155399999999999761e-01,6.155699999999999505e-01,6.065700000000000536e-01,6.315899999999999848e-01,6.232900000000000107e-01,5.978099999999999525e-01,6.128900000000000459e-01,5.639800000000000368e-01,5.735500000000000043e-01,6.135399999999999743e-01,6.426800000000000290e-01,5.666799999999999615e-01,5.606900000000000217e-01,0.000000000000000000e+00,5.966200000000000392e-01,6.069200000000000150e-01,5.965500000000000247e-01,6.042600000000000193e-01,5.988400000000000389e-01,6.053500000000000547e-01,5.963699999999999557e-01,5.774599999999999733e-01,5.734299999999999953e-01,5.803899999999999615e-01,5.880400000000000071e-01,5.975200000000000511e-01,5.801600000000000090e-01,5.779800000000000493e-01,6.034000000000000474e-01,5.893399999999999750e-01,5.855399999999999494e-01,5.604999999999999982e-01,5.808299999999999574e-01,5.734900000000000553e-01,5.747200000000000086e-01,0.000000000000000000e+00,5.711399999999999810e-01,5.673700000000000410e-01,5.887900000000000356e-01,5.863000000000000433e-01,5.736099999999999532e-01,5.495299999999999629e-01,5.590899999999999759e-01
5.574700000000000211e-01,5.684200000000000363e-01,6.032199999999999784e-01,5.988700000000000134e-01,6.041999999999999593e-01,5.773500000000000298e-01,5.883199999999999541e-01,5.990400000000000169e-01,5.806999999999999940e-01,5.860800000000000454e-01,5.820999999999999508e-01,5.810699999999999754e-01,5.812800000000000189e-01,5.812800000000000189e-01,5.885500000000000176e-01,5.895399999999999530e-01,5.825799999999999867e-01,5.756200000000000205e-01,5.748999999999999666e-01,5.664900000000000491e-01,5.819699999999999873e-01,5.838299999999999601e-01,5.766700000000000159e-01,5.796099999999999586e-01,5.731100000000000083e-01,5.747799999999999576e-01,5.783099999999999907e-01,5.755599999999999605e-01,5.690100000000000158e-01,5.629600000000000160e-01,5.869199999999999973e-01,5.980199999999999960e-01,6.048299999999999788e-01,5.950600000000000334e-01,6.097900000000000542e-01,5.943500000000000449e-01,6.223999999999999533e-01,6.083100000000000174e-01,5.897000000000000020e-01,6.070699999999999985e-01,5.461399999999999588e-01,5.646400000000000308e-01,5.923100000000000032e-01,6.231600000000000472e-01,5.798900000000000166e-01,0.000000000000000000e+00,5.446199999999999930e-01,5.917200000000000237e-01,6.008799999999999697e-01,5.873699999999999477e-01,6.089499999999999913e-01,5.905099999999999794e-01,6.014699999999999491e-01,6.004199999999999537e-01,5.713899999999999535e-01,5.735599999999999588e-01,5.668600000000000305e-01,5.821100000000000163e-01,5.828499999999999792e-01,5.816999999999999948e-01,5.744200000000000417e-01,5.980600000000000360e-01,5.903100000000000014e-01,5.818499999999999783e-01,5.582300000000000040e-01,5.698600000000000332e-01,5.720199999999999729e-01,5.729300000000000503e-01,0.000000000000000000e+00,5.686200000000000143e-01,5.641500000000000403e-01,5.890999999999999570e-01,5.769600000000000284e-01,5.787499999999999867e-01,0.000000000000000000e+00,5.503599999999999604e-01
5.550199999999999578e-01,5.577800000000000535e-01,5.863000000000000433e-01,5.929299999999999571e-01,5.913500000000000423e-01,5.763800000000000034e-01,5.758400000000000185e-01,5.865599999999999703e-01,5.749499999999999611e-01,5.821899999999999853e-01,5.754299999999999971e-01,5.750899999999999901e-01,5.752199999999999536e-01,5.716200000000000170e-01,5.777200000000000113e-01,5.784200000000000452e-01,5.756200000000000205e-01,5.701899999999999746e-01,5.683099999999999818e-01,5.632700000000000484e-01,5.646400000000000308e-01,5.732800000000000118e-01,5.690699999999999648e-01,5.694099999999999717e-01,5.678600000000000314e-01,5.600500000000000478e-01,5.730300000000000393e-01,5.692800000000000082e-01,5.674500000000000099e-01,5.665499999999999980e-01,5.785900000000000487e-01,5.819299999999999473e-01,5.981699999999999795e-01,5.927000000000000046e-01,5.940400000000000125e-01,5.863399999999999723e-01,6.035500000000000309e-01,6.057200000000000362e-01,5.817299999999999693e-01,5.956900000000000528e-01,5.533299999999999885e-01,5.639300000000000423e-01,5.937900000000000400e-01,6.157200000000000450e-01,5.611800000000000122e-01,0.000000000000000000e+00,0.000000000000000000e+00,5.845099999999999740e-01,5.883800000000000141e-01,5.784799999999999942e-01,5.891899999999999915e-01,5.812899999999999734e-01,5.836900000000000421e-01,5.881300000000000416e-01,5.683899999999999508e-01,5.652399999999999647e-01,5.638400000000000079e-01,5.682899999999999618e-01,5.754099999999999770e-01,5.725900000000000434e-01,5.669199999999999795e-01,5.893500000000000405e-01,5.809400000000000119e-01,5.773099999999999898e-01,5.529100000000000126e-01,5.593000000000000194e-01,5.662399999999999656e-01,5.674000000000000155e-01,0.000000000000000000e+00,5.629999999999999449e-01,5.555900000000000283e-01,5.810400000000000009e-01,5.689800000000000413e-01,5.641199999999999548e-01,0.000000000000000000e+00,5.498300000000000409e-01
5.700300000000000367e-01,5.585999999999999854e-01,5.975099999999999856e-01,5.981899999999999995e-01,5.985200000000000520e-01,5.796599999999999531e-01,5.836099999999999621e-01,5.981999999999999540e-01,5.751399999999999846e-01,5.831800000000000317e-01,5.839299999999999491e-01,5.779199999999999893e-01,5.787200000000000122e-01,5.832199999999999607e-01,5.835500000000000131e-01,5.803500000000000325e-01,5.748999999999999666e-01,5.683099999999999818e-01,5.734399999999999498e-01,5.640199999999999658e-01,5.796000000000000041e-01,5.776099999999999568e-01,5.776999999999999913e-01,5.770499999999999519e-01,5.696799999999999642e-01,5.632399999999999629e-01,5.763899999999999579e-01,5.711100000000000065e-01,5.649600000000000177e-01,5.777299999999999658e-01,5.865399999999999503e-01,5.893599999999999950e-01,6.059099999999999486e-01,5.974800000000000111e-01,5.969799999999999551e-01,5.994199999999999529e-01,6.150999999999999801e-01,6.051999999999999602e-01,5.885700000000000376e-01,5.986799999999999899e-01,5.610600000000000032e-01,5.675299999999999789e-01,5.991100000000000314e-01,6.245100000000000096e-01,5.716099999999999515e-01,5.579300000000000370e-01,0.000000000000000000e+00,5.854800000000000004e-01,5.944700000000000539e-01,5.882899999999999796e-01,5.892500000000000515e-01,5.924000000000000377e-01,5.838799999999999546e-01,5.900999999999999579e-01,5.696200000000000152e-01,5.658900000000000041e-01,5.702700000000000546e-01,5.796999999999999931e-01,5.885899999999999466e-01,5.721199999999999619e-01,5.647100000000000453e-01,5.943199999999999594e-01,5.779100000000000348e-01,5.724599999999999689e-01,5.492099999999999760e-01,5.707400000000000251e-01,5.637600000000000389e-01,5.679499999999999549e-01,0.000000000000000000e+00,5.656299999999999661e-01,5.600600000000000023e-01,5.778100000000000458e-01,5.747600000000000486e-01,5.649600000000000177e-01,0.000000000000000000e+00,5.541199999999999459e-01
5.664299999999999891e-01,5.522299999999999986e-01,5.917499999999999982e-01,5.878600000000000492e-01,5.900199999999999889e-01,5.694299999999999917e-01,5.744000000000000217e-01,5.815299999999999914e-01,5.630100000000000104e-01,5.775000000000000133e-01,5.734900000000000553e-01,5.751899999999999791e-01,5.694500000000000117e-01,5.707999999999999741e-01,5.806999999999999940e-01,5.765200000000000324e-01,5.664900000000000491e-01,5.632700000000000484e-01,5.640199999999999658e-01,5.620500000000000496e-01,5.729899999999999993e-01,5.722800000000000109e-01,5.675200000000000244e-01,5.702000000000000401e-01,5.616200000000000081e-01,5.587900000000000089e-01,5.687299999999999578e-01,5.637999999999999678e-01,5.593399999999999483e-01,5.690199999999999703e-01,5.787700000000000067e-01,5.794000000000000261e-01,6.017000000000000126e-01,5.944899999999999629e-01,5.955099999999999838e-01,5.844300000000000050e-01,6.030499999999999750e-01,6.006799999999999917e-01,5.744899999999999451e-01,5.958299999999999708e-01,5.520199999999999552e-01,5.615599999999999481e-01,5.904800000000000049e-01,6.124699999999999589e-01,5.525999999999999801e-01,5.463599999999999568e-01,0.000000000000000000e+00,5.760399999999999965e-01,5.882600000000000051e-01,5.803500000000000325e-01,5.836299999999999821e-01,5.793599999999999861e-01,5.838499999999999801e-01,5.779400000000000093e-01,5.606400000000000272e-01,5.596400000000000263e-01,5.650100000000000122e-01,5.659499999999999531e-01,5.797799999999999621e-01,5.660899999999999821e-01,5.615299999999999736e-01,5.860199999999999854e-01,5.725099999999999634e-01,5.665700000000000180e-01,5.485400000000000276e-01,5.623399999999999510e-01,5.600199999999999623e-01,5.585099999999999509e-01,0.000000000000000000e+00,5.562099999999999822e-01,5.523099999999999676e-01,5.728900000000000103e-01,5.658800000000000496e-01,5.604900000000000437e-01,0.000000000000000000e+00,5.448800000000000310e-01
5.925500000000000211e-01,5.699999999999999512e-01,6.113499999999999490e-01,6.111699999999999910e-01,6.173999999999999488e-01,5.815299999999999914e-01,5.948499999999999899e-01,6.137299999999999978e-01,5.758299999999999530e-01,5.846000000000000085e-01,5.976200000000000401e-01,5.972399999999999931e-01,5.884599999999999831e-01,5.937099999999999600e-01,5.964399999999999702e-01,5.956000000000000183e-01,5.819699999999999873e-01,5.646400000000000308e-01,5.796000000000000041e-01,5.729899999999999993e-01,6.075500000000000345e-01,5.826999999999999957e-01,5.872600000000000042e-01,5.944700000000000539e-01,5.729300000000000503e-01,5.811699999999999644e-01,5.810400000000000009e-01,5.744399999999999507e-01,5.693200000000000482e-01,5.832600000000000007e-01,5.965500000000000247e-01,6.081800000000000539e-01,6.276800000000000157e-01,6.132300000000000528e-01,6.186599999999999877e-01,6.008900000000000352e-01,6.308700000000000419e-01,6.191200000000000037e-01,6.032699999999999729e-01,6.108400000000000496e-01,5.629399999999999959e-01,5.808600000000000430e-01,5.934199999999999475e-01,6.359900000000000553e-01,5.806499999999999995e-01,5.670600000000000085e-01,0.000000000000000000e+00,5.953100000000000058e-01,6.038299999999999779e-01,5.987000000000000099e-01,6.009799999999999587e-01,5.984000000000000430e-01,6.034000000000000474e-01,5.893399999999999750e-01,5.671800000000000175e-01,5.770899999999999919e-01,5.915899999999999492e-01,5.867200000000000193e-01,5.959400000000000253e-01,5.895899999999999475e-01,5.644299999999999873e-01,5.936799999999999855e-01,5.839800000000000546e-01,5.830100000000000282e-01,5.522500000000000187e-01,5.972199999999999731e-01,5.677499999999999769e-01,5.742699999999999472e-01,0.000000000000000000e+00,5.606400000000000272e-01,5.699499999999999567e-01,5.801199999999999690e-01,5.790899999999999936e-01,5.724900000000000544e-01,0.000000000000000000e+00,5.583500000000000130e-01
