0.000000000000000000e+00,0.000000000000000000e+00,0.000000000000000000e+00,0.000000000000000000e+00,0.000000000000000000e+00,0.000000000000000000e+00,0.000000000000000000e+00,5.565200000000000147e-01,0.000000000000000000e+00,5.412400000000000544e-01,5.420599999999999863e-01,5.465799999999999548e-01,0.000000000000000000e+00,0.000000000000000000e+00,0.000000000000000000e+00,0.000000000000000000e+00,5.450099999999999945e-01,0.000000000000000000e+00,0.000000000000000000e+00,0.000000000000000000e+00,5.539300000000000335e-01,0.000000000000000000e+00,0.000000000000000000e+00,5.512899999999999467e-01,0.000000000000000000e+00,0.000000000000000000e+00,0.000000000000000000e+00,0.000000000000000000e+00,0.000000000000000000e+00,0.000000000000000000e+00,0.000000000000000000e+00,0.000000000000000000e+00,5.455699999999999994e-01,5.450800000000000090e-01,5.484999999999999876e-01,0.000000000000000000e+00,0.000000000000000000e+00,5.464700000000000113e-01,5.468300000000000383e-01,5.465700000000000003e-01,5.528300000000000436e-01,5.446600000000000330e-01,0.000000000000000000e+00,0.000000000000000000e+00,5.504000000000000004e-01,0.000000000000000000e+00,0.000000000000000000e+00,0.000000000000000000e+00,0.000000000000000000e+00,0.000000000000000000e+00,0.000000000000000000e+00,0.000000000000000000e+00,0.000000000000000000e+00,0.000000000000000000e+00,0.000000000000000000e+00,0.000000000000000000e+00,5.484999999999999876e-01,5.440899999999999626e-01,0.000000000000000000e+00,5.458499999999999464e-01,0.000000000000000000e+00,5.430500000000000327e-01,0.000000000000000000e+00,0.000000000000000000e+00,0.000000000000000000e+00,5.486400000000000166e-01,0.000000000000000000e+00,0.000000000000000000e+00,5.432500000000000107e-01,0.000000000000000000e+00,0.000000000000000000e+00,0.000000000000000000e+00,0.000000000000000000e+00,0.000000000000000000e+00,0.000000000000000000e+00,0.000000000000000000e+00
0.000000000000000000e+00,0.000000000000000000e+00,0.000000000000000000e+00,5.427999999999999492e-01,5.510300000000000198e-01,0.000000000000000000e+00,5.493000000000000105e-01,5.609199999999999742e-01,5.434600000000000541e-01,5.487800000000000455e-01,5.480300000000000171e-01,0.000000000000000000e+00,5.427899999999999947e-01,5.431599999999999762e-01,0.000000000000000000e+00,0.000000000000000000e+00,5.664400000000000546e-01,5.533700000000000285e-01,0.000000000000000000e+00,0.000000000000000000e+00,5.512799999999999923e-01,0.000000000000000000e+00,5.422200000000000353e-01,5.437300000000000466e-01,0.000000000000000000e+00,0.000000000000000000e+00,0.000000000000000000e+00,0.000000000000000000e+00,0.000000000000000000e+00,0.000000000000000000e+00,0.000000000000000000e+00,5.465799999999999548e-01,5.608999999999999542e-01,5.417699999999999738e-01,5.499000000000000554e-01,5.573200000000000376e-01,5.547600000000000309e-01,5.508699999999999708e-01,5.561399999999999677e-01,5.532000000000000250e-01,5.602899999999999547e-01,5.455299999999999594e-01,5.547600000000000309e-01,5.536499999999999755e-01,5.679499999999999549e-01,0.000000000000000000e+00,0.000000000000000000e+00,0.000000000000000000e+00,5.499500000000000499e-01,5.509500000000000508e-01,0.000000000000000000e+00,5.558600000000000207e-01,5.427800000000000402e-01,0.000000000000000000e+00,5.500099999999999989e-01,5.419000000000000483e-01,0.000000000000000000e+00,5.555700000000000083e-01,5.495600000000000485e-01,5.492700000000000360e-01,0.000000000000000000e+00,5.558100000000000263e-01,5.499000000000000554e-01,0.000000000000000000e+00,0.000000000000000000e+00,5.439500000000000446e-01,0.000000000000000000e+00,0.000000000000000000e+00,0.000000000000000000e+00,0.000000000000000000e+00,5.427699999999999747e-01,0.000000000000000000e+00,0.000000000000000000e+00,0.000000000000000000e+00,0.000000000000000000e+00,0.000000000000000000e+00
0.000000000000000000e+00,0.000000000000000000e+00,5.564500000000000002e-01,5.606799999999999562e-01,5.615499999999999936e-01,5.502500000000000169e-01,5.598400000000000043e-01,5.935799999999999965e-01,5.551899999999999613e-01,5.570100000000000051e-01,5.648300000000000542e-01,0.000000000000000000e+00,5.534599999999999520e-01,5.491200000000000525e-01,5.510800000000000143e-01,0.000000000000000000e+00,5.856400000000000494e-01,5.713700000000000445e-01,0.000000000000000000e+00,0.000000000000000000e+00,5.734200000000000408e-01,0.000000000000000000e+00,5.638499999999999623e-01,5.650199999999999667e-01,5.439899999999999736e-01,5.463200000000000278e-01,0.000000000000000000e+00,0.000000000000000000e+00,5.411000000000000254e-01,0.000000000000000000e+00,5.411700000000000399e-01,5.597800000000000553e-01,5.866900000000000448e-01,5.697799999999999532e-01,5.714900000000000535e-01,5.733500000000000263e-01,5.674900000000000500e-01,5.727999999999999758e-01,5.684799999999999853e-01,5.830499999999999572e-01,5.929400000000000226e-01,5.713899999999999535e-01,5.654200000000000337e-01,5.662599999999999856e-01,6.034800000000000164e-01,5.664500000000000091e-01,0.000000000000000000e+00,5.517699999999999827e-01,5.711500000000000465e-01,5.642000000000000348e-01,5.407399999999999984e-01,5.682800000000000074e-01,5.709800000000000431e-01,5.579399999999999915e-01,5.585700000000000109e-01,5.554700000000000193e-01,5.428800000000000292e-01,5.736299999999999732e-01,5.624500000000000055e-01,5.715799999999999770e-01,0.000000000000000000e+00,5.705000000000000071e-01,5.652800000000000047e-01,0.000000000000000000e+00,0.000000000000000000e+00,5.654700000000000282e-01,5.443999999999999950e-01,5.434900000000000286e-01,5.453400000000000469e-01,5.504700000000000149e-01,5.615099999999999536e-01,0.000000000000000000e+00,5.477800000000000447e-01,0.000000000000000000e+00,0.000000000000000000e+00,5.486999999999999655e-01
0.000000000000000000e+00,5.427999999999999492e-01,5.606799999999999562e-01,5.772800000000000153e-01,5.755000000000000115e-01,5.631199999999999539e-01,5.758199999999999985e-01,5.925399999999999556e-01,5.685499999999999998e-01,5.711199999999999610e-01,5.769699999999999829e-01,5.584500000000000020e-01,5.712800000000000100e-01,5.620500000000000496e-01,5.577900000000000080e-01,5.453299999999999814e-01,5.909400000000000208e-01,5.813700000000000534e-01,0.000000000000000000e+00,0.000000000000000000e+00,5.792300000000000226e-01,0.000000000000000000e+00,5.710100000000000176e-01,5.746700000000000141e-01,5.601000000000000423e-01,5.592000000000000304e-01,5.424200000000000133e-01,5.491599999999999815e-01,5.510599999999999943e-01,0.000000000000000000e+00,5.470099999999999962e-01,5.804700000000000415e-01,5.962199999999999722e-01,5.876200000000000312e-01,5.884099999999999886e-01,5.807900000000000285e-01,5.817099999999999493e-01,5.895599999999999730e-01,5.860899999999999999e-01,5.996099999999999763e-01,6.021199999999999886e-01,5.793599999999999861e-01,5.733099999999999863e-01,5.751699999999999591e-01,6.073600000000000110e-01,5.672099999999999920e-01,5.537499999999999645e-01,5.598699999999999788e-01,5.796799999999999731e-01,5.717799999999999550e-01,5.499699999999999589e-01,5.803399999999999670e-01,5.787600000000000522e-01,5.693300000000000027e-01,5.744599999999999707e-01,5.672099999999999920e-01,5.605599999999999472e-01,5.837099999999999511e-01,5.656200000000000117e-01,5.857799999999999674e-01,0.000000000000000000e+00,5.897599999999999509e-01,5.757100000000000550e-01,5.427400000000000002e-01,5.410000000000000364e-01,5.798499999999999766e-01,5.526499999999999746e-01,5.574200000000000266e-01,5.565600000000000547e-01,5.628100000000000325e-01,5.726599999999999469e-01,5.457300000000000484e-01,5.605799999999999672e-01,5.505499999999999838e-01,0.000000000000000000e+00,5.640899999999999803e-01
0.000000000000000000e+00,5.510300000000000198e-01,5.615499999999999936e-01,5.755000000000000115e-01,5.870199999999999863e-01,5.619699999999999696e-01,5.903899999999999704e-01,6.026700000000000390e-01,5.700699999999999656e-01,5.963300000000000267e-01,5.894399999999999640e-01,5.732099999999999973e-01,5.791500000000000536e-01,5.671599999999999975e-01,5.631699999999999484e-01,5.589499999999999469e-01,6.078000000000000069e-01,5.884700000000000486e-01,5.463099999999999623e-01,0.000000000000000000e+00,6.032499999999999529e-01,0.000000000000000000e+00,5.767999999999999794e-01,5.803800000000000070e-01,5.679499999999999549e-01,5.626999999999999780e-01,5.452399999999999469e-01,5.611399999999999721e-01,5.606600000000000472e-01,5.448699999999999655e-01,5.552200000000000468e-01,5.906799999999999828e-01,6.004800000000000137e-01,5.862000000000000544e-01,5.933300000000000241e-01,5.913500000000000423e-01,5.900300000000000544e-01,5.929499999999999771e-01,6.003300000000000303e-01,5.953100000000000058e-01,6.008299999999999752e-01,5.885799999999999921e-01,5.854000000000000314e-01,5.970199999999999951e-01,6.159599999999999520e-01,5.744500000000000162e-01,5.593900000000000539e-01,5.593500000000000139e-01,5.903399999999999759e-01,5.924700000000000522e-01,5.496999999999999664e-01,5.974199999999999511e-01,5.819299999999999473e-01,5.725099999999999634e-01,5.918400000000000327e-01,5.818799999999999528e-01,5.757499999999999840e-01,5.965200000000000502e-01,5.804899999999999505e-01,5.932199999999999696e-01,5.471799999999999997e-01,6.010400000000000187e-01,5.833199999999999497e-01,5.452200000000000379e-01,5.449199999999999600e-01,5.985800000000000010e-01,5.563200000000000367e-01,5.622399999999999620e-01,5.624299999999999855e-01,5.677799999999999514e-01,5.781500000000000528e-01,5.524700000000000166e-01,5.712300000000000155e-01,5.538300000000000445e-01,5.469399999999999817e-01,5.663500000000000201e-01
0.000000000000000000e+00,0.000000000000000000e+00,5.502500000000000169e-01,5.631199999999999539e-01,5.619699999999999696e-01,5.533799999999999830e-01,5.644799999999999818e-01,5.832000000000000517e-01,5.599899999999999878e-01,5.627400000000000180e-01,5.617199999999999971e-01,5.452299999999999924e-01,5.576999999999999735e-01,5.517800000000000482e-01,5.479199999999999626e-01,0.000000000000000000e+00,5.830600000000000227e-01,5.680899999999999839e-01,0.000000000000000000e+00,0.000000000000000000e+00,5.658100000000000351e-01,0.000000000000000000e+00,5.600100000000000078e-01,5.626600000000000490e-01,5.523700000000000276e-01,5.472500000000000142e-01,0.000000000000000000e+00,0.000000000000000000e+00,5.461599999999999788e-01,0.000000000000000000e+00,5.411200000000000454e-01,5.708600000000000341e-01,5.778200000000000003e-01,5.671199999999999575e-01,5.740399999999999947e-01,5.729300000000000503e-01,5.743200000000000527e-01,5.635900000000000354e-01,5.749100000000000321e-01,5.790899999999999936e-01,5.842500000000000471e-01,5.645200000000000218e-01,5.623299999999999965e-01,5.750800000000000356e-01,5.827799999999999647e-01,5.570399999999999796e-01,5.471399999999999597e-01,5.498899999999999899e-01,5.705200000000000271e-01,5.618900000000000006e-01,5.432700000000000307e-01,5.738699999999999912e-01,5.593299999999999939e-01,5.596900000000000208e-01,5.642800000000000038e-01,5.577999999999999625e-01,5.495499999999999829e-01,5.728600000000000358e-01,5.581099999999999950e-01,5.688400000000000123e-01,0.000000000000000000e+00,5.744099999999999762e-01,5.649399999999999977e-01,0.000000000000000000e+00,0.000000000000000000e+00,5.654700000000000282e-01,5.462799999999999878e-01,5.484799999999999676e-01,5.470000000000000417e-01,5.549100000000000144e-01,5.610000000000000542e-01,0.000000000000000000e+00,5.522000000000000242e-01,5.445400000000000240e-01,0.000000000000000000e+00,5.546999999999999709e-01
0.000000000000000000e+00,5.493000000000000105e-01,5.598400000000000043e-01,5.758199999999999985e-01,5.903899999999999704e-01,5.644799999999999818e-01,5.882199999999999651e-01,6.020600000000000396e-01,5.722199999999999509e-01,5.930400000000000116e-01,5.909999999999999698e-01,5.732000000000000428e-01,5.782000000000000473e-01,5.690300000000000358e-01,5.641300000000000203e-01,5.588899999999999979e-01,6.103499999999999481e-01,5.911300000000000443e-01,5.456299999999999484e-01,0.000000000000000000e+00,6.010499999999999732e-01,0.000000000000000000e+00,5.775400000000000533e-01,5.827700000000000102e-01,5.704200000000000381e-01,5.651500000000000412e-01,5.444799999999999640e-01,5.605700000000000127e-01,5.618999999999999551e-01,5.431599999999999762e-01,5.555400000000000338e-01,5.920999999999999597e-01,5.996299999999999963e-01,5.854700000000000459e-01,5.942899999999999849e-01,5.954599999999999893e-01,5.901699999999999724e-01,5.900100000000000344e-01,6.062899999999999956e-01,6.007799999999999807e-01,6.040499999999999758e-01,5.878999999999999782e-01,5.857900000000000329e-01,6.024800000000000155e-01,6.072199999999999820e-01,5.736900000000000333e-01,5.609300000000000397e-01,5.597400000000000153e-01,5.938099999999999490e-01,5.932699999999999640e-01,5.504000000000000004e-01,5.992800000000000349e-01,5.790100000000000247e-01,5.733700000000000463e-01,5.923899999999999721e-01,5.829299999999999482e-01,5.788100000000000467e-01,5.982399999999999940e-01,5.830300000000000482e-01,5.930600000000000316e-01,5.470800000000000107e-01,6.011800000000000477e-01,5.853800000000000114e-01,5.476499999999999702e-01,5.433900000000000396e-01,5.978599999999999470e-01,5.576400000000000245e-01,5.622399999999999620e-01,5.664400000000000546e-01,5.692099999999999937e-01,5.792199999999999571e-01,5.504999999999999893e-01,5.720100000000000184e-01,5.555999999999999828e-01,5.470199999999999507e-01,5.694299999999999917e-01
5.565200000000000147e-01,5.609199999999999742e-01,5.935799999999999965e-01,5.925399999999999556e-01,6.026700000000000390e-01,5.832000000000000517e-01,6.020699999999999941e-01,6.506100000000000216e-01,5.918700000000000072e-01,6.054199999999999582e-01,6.099799999999999667e-01,5.860100000000000309e-01,5.949200000000000044e-01,5.849100000000000410e-01,5.862300000000000288e-01,5.644200000000000328e-01,6.344100000000000295e-01,6.080900000000000194e-01,5.608300000000000507e-01,5.476499999999999702e-01,6.237700000000000466e-01,5.460800000000000098e-01,5.984800000000000120e-01,6.116899999999999560e-01,5.779400000000000093e-01,5.811500000000000554e-01,5.672000000000000375e-01,5.725400000000000489e-01,5.755900000000000460e-01,0.000000000000000000e+00,5.704500000000000126e-01,6.045399999999999663e-01,6.503100000000000547e-01,6.108000000000000096e-01,6.116300000000000070e-01,6.177599999999999758e-01,6.159099999999999575e-01,6.198900000000000521e-01,6.137700000000000378e-01,6.315399999999999903e-01,6.392700000000000049e-01,6.084600000000000009e-01,6.004300000000000193e-01,6.140900000000000247e-01,6.599099999999999966e-01,5.992499999999999494e-01,5.731600000000000028e-01,5.836799999999999766e-01,6.081600000000000339e-01,6.052999999999999492e-01,5.683000000000000274e-01,6.097000000000000197e-01,6.173300000000000454e-01,5.921600000000000197e-01,6.027400000000000535e-01,5.959699999999999998e-01,5.921600000000000197e-01,6.155199999999999561e-01,5.950600000000000334e-01,6.174600000000000088e-01,5.559800000000000297e-01,6.085300000000000153e-01,6.003399999999999848e-01,5.595799999999999663e-01,5.580300000000000260e-01,6.106000000000000316e-01,5.761100000000000110e-01,5.777400000000000313e-01,5.886700000000000266e-01,5.836200000000000276e-01,5.998099999999999543e-01,5.674599999999999644e-01,5.792599999999999971e-01,5.712199999999999500e-01,5.479399999999999826e-01,5.802399999999999780e-01
0.000000000000000000e+00,5.434600000000000541e-01,5.551800000000000068e-01,5.685499999999999998e-01,5.700699999999999656e-01,5.599800000000000333e-01,5.722199999999999509e-01,5.918700000000000072e-01,5.672500000000000320e-01,5.756499999999999950e-01,5.704200000000000381e-01,5.528399999999999981e-01,5.655499999999999972e-01,5.566400000000000237e-01,5.487100000000000311e-01,5.490800000000000125e-01,5.997400000000000508e-01,5.789999999999999591e-01,0.000000000000000000e+00,0.000000000000000000e+00,5.763300000000000090e-01,0.000000000000000000e+00,5.670199999999999685e-01,5.710600000000000120e-01,5.593599999999999683e-01,5.534000000000000030e-01,0.000000000000000000e+00,5.473000000000000087e-01,5.545099999999999474e-01,0.000000000000000000e+00,5.451000000000000290e-01,5.766799999999999704e-01,5.857299999999999729e-01,5.704200000000000381e-01,5.828699999999999992e-01,5.816799999999999748e-01,5.835399999999999476e-01,5.784799999999999942e-01,5.841300000000000381e-01,5.835099999999999731e-01,5.895500000000000185e-01,5.709899999999999975e-01,5.778100000000000458e-01,5.778699999999999948e-01,5.958700000000000108e-01,5.579100000000000170e-01,5.507800000000000473e-01,5.554400000000000448e-01,5.799600000000000311e-01,5.757200000000000095e-01,5.487600000000000255e-01,5.839900000000000091e-01,5.667999999999999705e-01,5.694500000000000117e-01,5.745599999999999596e-01,5.677299999999999569e-01,5.563799999999999857e-01,5.827400000000000357e-01,5.710199999999999720e-01,5.750399999999999956e-01,0.000000000000000000e+00,5.827499999999999902e-01,5.770300000000000429e-01,5.414099999999999469e-01,0.000000000000000000e+00,5.724399999999999489e-01,5.534400000000000430e-01,5.538100000000000245e-01,5.520699999999999497e-01,5.626600000000000490e-01,5.663000000000000256e-01,5.465100000000000513e-01,5.602099999999999858e-01,5.505700000000000038e-01,5.440399999999999681e-01,5.592799999999999994e-01
5.412400000000000544e-01,5.487800000000000455e-01,5.570100000000000051e-01,5.711199999999999610e-01,5.963300000000000267e-01,5.627400000000000180e-01,5.930400000000000116e-01,6.054199999999999582e-01,5.756499999999999950e-01,5.916099999999999692e-01,5.893000000000000460e-01,5.709999999999999520e-01,5.784500000000000197e-01,5.752000000000000446e-01,5.634299999999999864e-01,5.626400000000000290e-01,6.147200000000000442e-01,5.887499999999999956e-01,5.451799999999999979e-01,0.000000000000000000e+00,6.068200000000000260e-01,0.000000000000000000e+00,5.770100000000000229e-01,5.815500000000000114e-01,5.717999999999999750e-01,5.651699999999999502e-01,0.000000000000000000e+00,5.633299999999999974e-01,5.609899999999999887e-01,5.539500000000000535e-01,5.554499999999999993e-01,5.910199999999999898e-01,6.004699999999999482e-01,5.773899999999999588e-01,5.857099999999999529e-01,5.980600000000000360e-01,5.954599999999999893e-01,5.866500000000000048e-01,6.124699999999999589e-01,5.919600000000000417e-01,5.979299999999999615e-01,5.860499999999999599e-01,5.939900000000000180e-01,6.120999999999999774e-01,5.971999999999999531e-01,5.731300000000000283e-01,5.599699999999999678e-01,5.517999999999999572e-01,5.973699999999999566e-01,6.036899999999999489e-01,5.436400000000000121e-01,6.084800000000000209e-01,5.733500000000000263e-01,5.692899999999999627e-01,5.906900000000000484e-01,5.835700000000000331e-01,5.747299999999999631e-01,6.013899999999999801e-01,5.917499999999999982e-01,5.901300000000000434e-01,5.487400000000000055e-01,5.929999999999999716e-01,5.893800000000000150e-01,5.423299999999999788e-01,5.426699999999999857e-01,5.967900000000000427e-01,5.576299999999999590e-01,5.590399999999999814e-01,5.625200000000000200e-01,5.723200000000000509e-01,5.788900000000000157e-01,5.502399999999999514e-01,5.739300000000000512e-01,5.546299999999999564e-01,5.485799999999999566e-01,5.685599999999999543e-01
5.420599999999999863e-01,5.480300000000000171e-01,5.648300000000000542e-01,5.769699999999999829e-01,5.894399999999999640e-01,5.617199999999999971e-01,5.909900000000000153e-01,6.099799999999999667e-01,5.704200000000000381e-01,5.893000000000000460e-01,5.863099999999999978e-01,5.684200000000000363e-01,5.786400000000000432e-01,5.742199999999999527e-01,5.602200000000000513e-01,5.557100000000000373e-01,6.103899999999999881e-01,5.889100000000000446e-01,5.446800000000000530e-01,0.000000000000000000e+00,6.022899999999999920e-01,0.000000000000000000e+00,5.784899999999999487e-01,5.818999999999999728e-01,5.621399999999999730e-01,5.610100000000000087e-01,5.471799999999999997e-01,5.613399999999999501e-01,5.585900000000000309e-01,5.432099999999999707e-01,5.542300000000000004e-01,5.887200000000000211e-01,6.069799999999999640e-01,5.899999999999999689e-01,5.972699999999999676e-01,6.016099999999999781e-01,5.953399999999999803e-01,5.893800000000000150e-01,5.935500000000000220e-01,6.014399999999999746e-01,6.040999999999999703e-01,5.867900000000000338e-01,5.945899999999999519e-01,5.999700000000000033e-01,6.169700000000000184e-01,5.778799999999999493e-01,5.591399999999999704e-01,5.584900000000000420e-01,5.950800000000000534e-01,5.970999999999999641e-01,5.502200000000000424e-01,5.987799999999999789e-01,5.853899999999999659e-01,5.723500000000000254e-01,5.886200000000000321e-01,5.807200000000000140e-01,5.712000000000000410e-01,5.962699999999999667e-01,5.874899999999999567e-01,5.951199999999999823e-01,5.492099999999999760e-01,5.925799999999999956e-01,5.816799999999999748e-01,5.437100000000000266e-01,5.468300000000000383e-01,5.967299999999999827e-01,5.582899999999999530e-01,5.620899999999999785e-01,5.626200000000000090e-01,5.651100000000000012e-01,5.775900000000000478e-01,5.522399999999999531e-01,5.712099999999999955e-01,5.537100000000000355e-01,5.482099999999999751e-01,5.646900000000000253e-01
5.465799999999999548e-01,0.000000000000000000e+00,0.000000000000000000e+00,5.584500000000000020e-01,5.732099999999999973e-01,5.452299999999999924e-01,5.732099999999999973e-01,5.860199999999999854e-01,5.528399999999999981e-01,5.709999999999999520e-01,5.684200000000000363e-01,5.665499999999999980e-01,5.656499999999999861e-01,5.576999999999999735e-01,5.496699999999999919e-01,5.421700000000000408e-01,5.873099999999999987e-01,5.687400000000000233e-01,0.000000000000000000e+00,0.000000000000000000e+00,5.929499999999999771e-01,0.000000000000000000e+00,5.633899999999999464e-01,5.766799999999999704e-01,5.533799999999999830e-01,5.541300000000000114e-01,0.000000000000000000e+00,5.477699999999999791e-01,5.421300000000000008e-01,0.000000000000000000e+00,5.470099999999999962e-01,5.777900000000000258e-01,5.877999999999999892e-01,5.672300000000000120e-01,5.753500000000000281e-01,5.759999999999999565e-01,5.756799999999999695e-01,5.655900000000000372e-01,5.923000000000000487e-01,5.832199999999999607e-01,5.888400000000000301e-01,5.749400000000000066e-01,5.639899999999999913e-01,5.901300000000000434e-01,5.710199999999999720e-01,5.531800000000000050e-01,5.417800000000000393e-01,0.000000000000000000e+00,5.761100000000000110e-01,5.825599999999999667e-01,0.000000000000000000e+00,5.829800000000000537e-01,5.544799999999999729e-01,5.508199999999999763e-01,5.684799999999999853e-01,5.655400000000000427e-01,5.798400000000000221e-01,5.811899999999999844e-01,5.705700000000000216e-01,5.742399999999999727e-01,0.000000000000000000e+00,5.707900000000000196e-01,5.697900000000000187e-01,0.000000000000000000e+00,0.000000000000000000e+00,5.777600000000000513e-01,5.417499999999999538e-01,5.445100000000000495e-01,5.607799999999999452e-01,5.551399999999999668e-01,5.628900000000000015e-01,0.000000000000000000e+00,5.533299999999999885e-01,0.000000000000000000e+00,0.000000000000000000e+00,5.554799999999999738e-01
0.000000000000000000e+00,5.427899999999999947e-01,5.534599999999999520e-01,5.712800000000000100e-01,5.791500000000000536e-01,5.576999999999999735e-01,5.782000000000000473e-01,5.949200000000000044e-01,5.655499999999999972e-01,5.784399999999999542e-01,5.786400000000000432e-01,5.656499999999999861e-01,5.700699999999999656e-01,5.629999999999999449e-01,5.560000000000000497e-01,5.540199999999999569e-01,5.965399999999999592e-01,5.825000000000000178e-01,0.000000000000000000e+00,0.000000000000000000e+00,5.890800000000000480e-01,0.000000000000000000e+00,5.707699999999999996e-01,5.774299999999999988e-01,5.629899999999999904e-01,5.587600000000000344e-01,0.000000000000000000e+00,5.521800000000000042e-01,5.539199999999999680e-01,0.000000000000000000e+00,5.497900000000000009e-01,5.839900000000000091e-01,5.928200000000000136e-01,5.757200000000000095e-01,5.872600000000000042e-01,5.851899999999999880e-01,5.815099999999999714e-01,5.815099999999999714e-01,5.962699999999999667e-01,5.929799999999999516e-01,5.953100000000000058e-01,5.785700000000000287e-01,5.762800000000000145e-01,5.901199999999999779e-01,5.929600000000000426e-01,5.638499999999999623e-01,5.527100000000000346e-01,5.539699999999999624e-01,5.848400000000000265e-01,5.813199999999999479e-01,5.453999999999999959e-01,5.876400000000000512e-01,5.676499999999999879e-01,5.662000000000000366e-01,5.785099999999999687e-01,5.720100000000000184e-01,5.715500000000000025e-01,5.882199999999999651e-01,5.743500000000000272e-01,5.801899999999999835e-01,0.000000000000000000e+00,5.874099999999999877e-01,5.772800000000000153e-01,5.422400000000000553e-01,0.000000000000000000e+00,5.815099999999999714e-01,5.516600000000000392e-01,5.545400000000000329e-01,5.621199999999999530e-01,5.642399999999999638e-01,5.712000000000000410e-01,5.429300000000000237e-01,5.631500000000000394e-01,5.488399999999999945e-01,5.417800000000000393e-01,5.632399999999999629e-01
0.000000000000000000e+00,5.431599999999999762e-01,5.491200000000000525e-01,5.620500000000000496e-01,5.671599999999999975e-01,5.517800000000000482e-01,5.690300000000000358e-01,5.849100000000000410e-01,5.566400000000000237e-01,5.752000000000000446e-01,5.742199999999999527e-01,5.576999999999999735e-01,5.629999999999999449e-01,5.528399999999999981e-01,5.474299999999999722e-01,5.474999999999999867e-01,5.843099999999999961e-01,5.699800000000000422e-01,0.000000000000000000e+00,0.000000000000000000e+00,5.771199999999999664e-01,0.000000000000000000e+00,5.589199999999999724e-01,5.666799999999999615e-01,5.500899999999999679e-01,5.464999999999999858e-01,0.000000000000000000e+00,5.472799999999999887e-01,5.471300000000000052e-01,0.000000000000000000e+00,5.423799999999999732e-01,5.687400000000000233e-01,5.797999999999999821e-01,5.680199999999999694e-01,5.770899999999999919e-01,5.749400000000000066e-01,5.733200000000000518e-01,5.830400000000000027e-01,5.773599999999999843e-01,5.764899999999999469e-01,5.770499999999999519e-01,5.704599999999999671e-01,5.694099999999999717e-01,5.704599999999999671e-01,5.995099999999999874e-01,5.534299999999999775e-01,5.478399999999999936e-01,5.487400000000000055e-01,5.680500000000000549e-01,5.657999999999999696e-01,5.413499999999999979e-01,5.733099999999999863e-01,5.638499999999999623e-01,5.558199999999999807e-01,5.731800000000000228e-01,5.628400000000000070e-01,5.560699999999999532e-01,5.726499999999999924e-01,5.586400000000000254e-01,5.735900000000000443e-01,0.000000000000000000e+00,5.738299999999999512e-01,5.584500000000000020e-01,0.000000000000000000e+00,0.000000000000000000e+00,5.762800000000000145e-01,5.438899999999999846e-01,5.494099999999999540e-01,5.537199999999999900e-01,5.493700000000000250e-01,5.601500000000000368e-01,0.000000000000000000e+00,5.539899999999999824e-01,0.000000000000000000e+00,0.000000000000000000e+00,5.489800000000000235e-01
0.000000000000000000e+00,0.000000000000000000e+00,5.510800000000000143e-01,5.577900000000000080e-01,5.631699999999999484e-01,5.479199999999999626e-01,5.641300000000000203e-01,5.862300000000000288e-01,5.487100000000000311e-01,5.634299999999999864e-01,5.602200000000000513e-01,5.496699999999999919e-01,5.560000000000000497e-01,5.474299999999999722e-01,5.544200000000000239e-01,0.000000000000000000e+00,5.768699999999999939e-01,5.654599999999999627e-01,0.000000000000000000e+00,0.000000000000000000e+00,5.759800000000000475e-01,0.000000000000000000e+00,5.633799999999999919e-01,5.643500000000000183e-01,5.482099999999999751e-01,5.484200000000000186e-01,0.000000000000000000e+00,0.000000000000000000e+00,0.000000000000000000e+00,0.000000000000000000e+00,5.426999999999999602e-01,5.682800000000000074e-01,5.801100000000000145e-01,5.752500000000000391e-01,5.701800000000000201e-01,5.652000000000000357e-01,5.647100000000000453e-01,5.551000000000000378e-01,5.674700000000000299e-01,5.740199999999999747e-01,5.855000000000000204e-01,5.643799999999999928e-01,5.522099999999999786e-01,5.709199999999999831e-01,5.817499999999999893e-01,5.673500000000000210e-01,0.000000000000000000e+00,5.439100000000000046e-01,5.696099999999999497e-01,5.641599999999999948e-01,0.000000000000000000e+00,5.719100000000000295e-01,5.630600000000000049e-01,5.541899999999999604e-01,5.578999999999999515e-01,5.563399999999999457e-01,5.501899999999999569e-01,5.727100000000000524e-01,5.542300000000000004e-01,5.727400000000000269e-01,0.000000000000000000e+00,5.709499999999999575e-01,5.627299999999999525e-01,0.000000000000000000e+00,0.000000000000000000e+00,5.749999999999999556e-01,5.434099999999999486e-01,5.445799999999999530e-01,5.474400000000000377e-01,5.462900000000000533e-01,5.602500000000000258e-01,0.000000000000000000e+00,5.477699999999999791e-01,5.407199999999999784e-01,0.000000000000000000e+00,5.497499999999999609e-01
0.000000000000000000e+00,0.000000000000000000e+00,0.000000000000000000e+00,5.453299999999999814e-01,5.589499999999999469e-01,0.000000000000000000e+00,5.588899999999999979e-01,5.644200000000000328e-01,5.490800000000000125e-01,5.626400000000000290e-01,5.557100000000000373e-01,5.421700000000000408e-01,5.540199999999999569e-01,5.474999999999999867e-01,0.000000000000000000e+00,5.427899999999999947e-01,5.765400000000000524e-01,5.588600000000000234e-01,0.000000000000000000e+00,0.000000000000000000e+00,5.636999999999999789e-01,0.000000000000000000e+00,5.490399999999999725e-01,5.507800000000000473e-01,5.483200000000000296e-01,0.000000000000000000e+00,0.000000000000000000e+00,5.428500000000000547e-01,0.000000000000000000e+00,0.000000000000000000e+00,0.000000000000000000e+00,5.538199999999999790e-01,5.664500000000000091e-01,5.454400000000000359e-01,5.598999999999999533e-01,5.604599999999999582e-01,5.575799999999999645e-01,5.590699999999999559e-01,5.609600000000000142e-01,5.553599999999999648e-01,5.590699999999999559e-01,5.512299999999999978e-01,5.645099999999999563e-01,5.574700000000000211e-01,5.670899999999999830e-01,5.448399999999999910e-01,0.000000000000000000e+00,0.000000000000000000e+00,5.604900000000000437e-01,5.640199999999999658e-01,0.000000000000000000e+00,5.686999999999999833e-01,5.424400000000000333e-01,5.491899999999999560e-01,5.575999999999999845e-01,5.520899999999999697e-01,5.444600000000000550e-01,5.647600000000000398e-01,5.604400000000000492e-01,5.566600000000000437e-01,0.000000000000000000e+00,5.618100000000000316e-01,5.637499999999999734e-01,0.000000000000000000e+00,0.000000000000000000e+00,5.542300000000000004e-01,0.000000000000000000e+00,0.000000000000000000e+00,0.000000000000000000e+00,5.459399999999999809e-01,5.498100000000000209e-01,0.000000000000000000e+00,5.451399999999999579e-01,0.000000000000000000e+00,0.000000000000000000e+00,5.447800000000000420e-01
5.450099999999999945e-01,5.664400000000000546e-01,5.856400000000000494e-01,5.909400000000000208e-01,6.078000000000000069e-01,5.830600000000000227e-01,6.103499999999999481e-01,6.344100000000000295e-01,5.997400000000000508e-01,6.147200000000000442e-01,6.103899999999999881e-01,5.873099999999999987e-01,5.965399999999999592e-01,5.843099999999999961e-01,5.768699999999999939e-01,5.765400000000000524e-01,6.462400000000000366e-01,6.182699999999999863e-01,5.583599999999999675e-01,5.514700000000000157e-01,6.203400000000000025e-01,5.554599999999999538e-01,5.983399999999999830e-01,6.054199999999999582e-01,5.874099999999999877e-01,5.808900000000000174e-01,5.632000000000000339e-01,5.748199999999999976e-01,5.789600000000000302e-01,5.569899999999999851e-01,5.683899999999999508e-01,6.200499999999999901e-01,6.267200000000000548e-01,6.011100000000000332e-01,6.153499999999999526e-01,6.250099999999999545e-01,6.251400000000000290e-01,6.098799999999999777e-01,6.320900000000000407e-01,6.169999999999999929e-01,6.245399999999999840e-01,6.033699999999999619e-01,6.209099999999999620e-01,6.277500000000000302e-01,6.347199999999999509e-01,5.930499999999999661e-01,5.764299999999999979e-01,5.758900000000000130e-01,6.195800000000000196e-01,6.208299999999999930e-01,5.685200000000000253e-01,6.265699999999999603e-01,5.954399999999999693e-01,5.971699999999999786e-01,6.136099999999999888e-01,6.019200000000000106e-01,5.880100000000000326e-01,6.205199999999999605e-01,6.119900000000000340e-01,6.171799999999999509e-01,5.618800000000000461e-01,6.165399999999999769e-01,6.140099999999999447e-01,5.584500000000000020e-01,5.624900000000000455e-01,6.200299999999999701e-01,5.785000000000000142e-01,5.768100000000000449e-01,5.812899999999999734e-01,5.899299999999999544e-01,5.976299999999999946e-01,5.705500000000000016e-01,5.901600000000000179e-01,5.767099999999999449e-01,5.692099999999999937e-01,5.845200000000000395e-01
0.000000000000000000e+00,5.533700000000000285e-01,5.713700000000000445e-01,5.813700000000000534e-01,5.884700000000000486e-01,5.680899999999999839e-01,5.911300000000000443e-01,6.080900000000000194e-01,5.789999999999999591e-01,5.887499999999999956e-01,5.889100000000000446e-01,5.687400000000000233e-01,5.825000000000000178e-01,5.699800000000000422e-01,5.654599999999999627e-01,5.588600000000000234e-01,6.182699999999999863e-01,5.913399999999999768e-01,5.465999999999999748e-01,0.000000000000000000e+00,6.011900000000000022e-01,0.000000000000000000e+00,5.824599999999999778e-01,5.867799999999999683e-01,5.699600000000000222e-01,5.671899999999999720e-01,5.481000000000000316e-01,5.630199999999999649e-01,5.636700000000000044e-01,5.453200000000000269e-01,5.579699999999999660e-01,5.929499999999999771e-01,6.122800000000000464e-01,5.868299999999999628e-01,5.960100000000000398e-01,5.960800000000000542e-01,5.974800000000000111e-01,5.899600000000000399e-01,6.063399999999999901e-01,6.006599999999999717e-01,6.100299999999999612e-01,5.902199999999999669e-01,5.921199999999999797e-01,6.060400000000000231e-01,6.187099999999999822e-01,5.795500000000000096e-01,5.619699999999999696e-01,5.655400000000000427e-01,5.967400000000000482e-01,5.948299999999999699e-01,5.555200000000000138e-01,5.993899999999999784e-01,5.820999999999999508e-01,5.755599999999999605e-01,5.898700000000000054e-01,5.813199999999999479e-01,5.761399999999999855e-01,6.000499999999999723e-01,5.870100000000000318e-01,5.986399999999999499e-01,5.471000000000000307e-01,5.975899999999999546e-01,5.922500000000000542e-01,5.473799999999999777e-01,5.462599999999999678e-01,5.970400000000000151e-01,5.642099999999999893e-01,5.626999999999999780e-01,5.674299999999999899e-01,5.751500000000000501e-01,5.840600000000000236e-01,5.533599999999999630e-01,5.699300000000000477e-01,5.584900000000000420e-01,5.486999999999999655e-01,5.716700000000000115e-01
0.000000000000000000e+00,0.000000000000000000e+00,0.000000000000000000e+00,0.000000000000000000e+00,5.463099999999999623e-01,0.000000000000000000e+00,5.456299999999999484e-01,5.608300000000000507e-01,0.000000000000000000e+00,5.451799999999999979e-01,5.446800000000000530e-01,0.000000000000000000e+00,0.000000000000000000e+00,0.000000000000000000e+00,0.000000000000000000e+00,0.000000000000000000e+00,5.583599999999999675e-01,5.465999999999999748e-01,0.000000000000000000e+00,0.000000000000000000e+00,5.529300000000000326e-01,0.000000000000000000e+00,0.000000000000000000e+00,5.435299999999999576e-01,0.000000000000000000e+00,0.000000000000000000e+00,0.000000000000000000e+00,0.000000000000000000e+00,0.000000000000000000e+00,0.000000000000000000e+00,0.000000000000000000e+00,0.000000000000000000e+00,5.575700000000000101e-01,5.444999999999999840e-01,5.473700000000000232e-01,5.506900000000000128e-01,5.450399999999999689e-01,5.452599999999999669e-01,0.000000000000000000e+00,5.504400000000000404e-01,5.575200000000000156e-01,5.436600000000000321e-01,5.464299999999999713e-01,5.461799999999999988e-01,5.663099999999999801e-01,0.000000000000000000e+00,0.000000000000000000e+00,0.000000000000000000e+00,5.481800000000000006e-01,5.473500000000000032e-01,0.000000000000000000e+00,5.493799999999999795e-01,5.447100000000000275e-01,0.000000000000000000e+00,5.416699999999999848e-01,0.000000000000000000e+00,0.000000000000000000e+00,5.514999999999999902e-01,5.414499999999999869e-01,5.461899999999999533e-01,0.000000000000000000e+00,5.503700000000000259e-01,5.448199999999999710e-01,0.000000000000000000e+00,0.000000000000000000e+00,5.444799999999999640e-01,0.000000000000000000e+00,0.000000000000000000e+00,0.000000000000000000e+00,0.000000000000000000e+00,0.000000000000000000e+00,0.000000000000000000e+00,0.000000000000000000e+00,0.000000000000000000e+00,0.000000000000000000e+00,0.000000000000000000e+00
0.000000000000000000e+00,0.000000000000000000e+00,0.000000000000000000e+00,0.000000000000000000e+00,0.000000000000000000e+00,0.000000000000000000e+00,0.000000000000000000e+00,5.476499999999999702e-01,0.000000000000000000e+00,0.000000000000000000e+00,0.000000000000000000e+00,0.000000000000000000e+00,0.000000000000000000e+00,0.000000000000000000e+00,0.000000000000000000e+00,0.000000000000000000e+00,5.514700000000000157e-01,0.000000000000000000e+00,0.000000000000000000e+00,0.000000000000000000e+00,0.000000000000000000e+00,0.000000000000000000e+00,0.000000000000000000e+00,0.000000000000000000e+00,0.000000000000000000e+00,0.000000000000000000e+00,0.000000000000000000e+00,0.000000000000000000e+00,0.000000000000000000e+00,0.000000000000000000e+00,0.000000000000000000e+00,0.000000000000000000e+00,0.000000000000000000e+00,0.000000000000000000e+00,0.000000000000000000e+00,0.000000000000000000e+00,0.000000000000000000e+00,0.000000000000000000e+00,0.000000000000000000e+00,5.438300000000000356e-01,5.446800000000000530e-01,0.000000000000000000e+00,0.000000000000000000e+00,0.000000000000000000e+00,5.603000000000000203e-01,0.000000000000000000e+00,0.000000000000000000e+00,0.000000000000000000e+00,0.000000000000000000e+00,0.000000000000000000e+00,0.000000000000000000e+00,0.000000000000000000e+00,0.000000000000000000e+00,0.000000000000000000e+00,0.000000000000000000e+00,0.000000000000000000e+00,0.000000000000000000e+00,0.000000000000000000e+00,0.000000000000000000e+00,0.000000000000000000e+00,0.000000000000000000e+00,0.000000000000000000e+00,0.000000000000000000e+00,0.000000000000000000e+00,0.000000000000000000e+00,0.000000000000000000e+00,0.000000000000000000e+00,0.000000000000000000e+00,0.000000000000000000e+00,0.000000000000000000e+00,0.000000000000000000e+00,0.000000000000000000e+00,0.000000000000000000e+00,0.000000000000000000e+00,0.000000000000000000e+00,0.000000000000000000e+00
5.539300000000000335e-01,5.512799999999999923e-01,5.734200000000000408e-01,5.792300000000000226e-01,6.032499999999999529e-01,5.658100000000000351e-01,6.010499999999999732e-01,6.237700000000000466e-01,5.763300000000000090e-01,6.068200000000000260e-01,6.022899999999999920e-01,5.929499999999999771e-01,5.890800000000000480e-01,5.771199999999999664e-01,5.759800000000000475e-01,5.636999999999999789e-01,6.203400000000000025e-01,6.011900000000000022e-01,5.529300000000000326e-01,0.000000000000000000e+00,6.220299999999999718e-01,0.000000000000000000e+00,5.903300000000000214e-01,5.947099999999999609e-01,5.762899999999999689e-01,5.757499999999999840e-01,5.486100000000000421e-01,5.692300000000000137e-01,5.652000000000000357e-01,5.540100000000000025e-01,5.669999999999999485e-01,6.101799999999999446e-01,6.159000000000000030e-01,5.974199999999999511e-01,6.008700000000000152e-01,6.002899999999999903e-01,5.966500000000000137e-01,5.921699999999999742e-01,6.233800000000000452e-01,6.049600000000000533e-01,6.204100000000000170e-01,5.974000000000000421e-01,5.889499999999999735e-01,6.225300000000000278e-01,6.163800000000000390e-01,5.911600000000000188e-01,5.665400000000000436e-01,5.641199999999999548e-01,6.073399999999999910e-01,6.088900000000000423e-01,5.513299999999999867e-01,6.126500000000000279e-01,5.900300000000000544e-01,5.755900000000000460e-01,5.995300000000000074e-01,5.915700000000000403e-01,5.963699999999999557e-01,6.136300000000000088e-01,5.926299999999999901e-01,6.065800000000000081e-01,5.553500000000000103e-01,6.131699999999999928e-01,5.967200000000000282e-01,5.479699999999999571e-01,5.456299999999999484e-01,6.124699999999999589e-01,5.649300000000000432e-01,5.644700000000000273e-01,5.732000000000000428e-01,5.767299999999999649e-01,5.922199999999999687e-01,5.549699999999999633e-01,5.767499999999999849e-01,5.607199999999999962e-01,5.475299999999999612e-01,5.799199999999999910e-01
