5.689800000000000413e-01,5.551599999999999868e-01,5.404200000000000115e-01,5.991699999999999804e-01,5.733700000000000463e-01,5.527400000000000091e-01,5.910999999999999588e-01,5.613500000000000156e-01,5.547600000000000309e-01,5.806099999999999595e-01,5.720100000000000184e-01,5.763800000000000034e-01,5.686600000000000543e-01,5.624200000000000310e-01,5.515700000000000047e-01,5.502899999999999459e-01,5.841699999999999671e-01,5.556200000000000028e-01,5.613799999999999901e-01,5.490000000000000435e-01,5.867999999999999883e-01,5.528100000000000236e-01,0.000000000000000000e+00,5.735799999999999788e-01,5.607199999999999962e-01,5.648400000000000087e-01,0.000000000000000000e+00,5.517199999999999882e-01,5.399399999999999755e-01,0.000000000000000000e+00,5.646099999999999453e-01,5.838999999999999746e-01,5.951499999999999568e-01,5.763500000000000290e-01,5.851899999999999880e-01,5.792300000000000226e-01,6.025500000000000300e-01,5.872800000000000242e-01,5.786900000000000377e-01,6.005599999999999827e-01,5.670600000000000085e-01,5.822599999999999998e-01,5.606700000000000017e-01,5.912600000000000078e-01,5.976599999999999691e-01,5.617499999999999716e-01,5.436600000000000321e-01,5.501599999999999824e-01,6.014500000000000401e-01,5.820800000000000418e-01,5.463900000000000423e-01,5.892399999999999860e-01,0.000000000000000000e+00,5.499899999999999789e-01,5.703500000000000236e-01,5.697400000000000242e-01,5.834399999999999586e-01,5.676299999999999679e-01,5.719999999999999529e-01,5.529300000000000326e-01,5.405600000000000405e-01,5.493099999999999650e-01,5.619199999999999751e-01,0.000000000000000000e+00,5.417999999999999483e-01,5.692800000000000082e-01,0.000000000000000000e+00,0.000000000000000000e+00,5.849199999999999955e-01,5.622800000000000020e-01,5.619300000000000406e-01,5.573099999999999721e-01,5.535600000000000520e-01,0.000000000000000000e+00,0.000000000000000000e+00,5.554599999999999538e-01
5.551599999999999868e-01,5.529800000000000271e-01,0.000000000000000000e+00,5.907900000000000373e-01,5.708699999999999886e-01,5.529800000000000271e-01,5.824300000000000033e-01,0.000000000000000000e+00,5.553900000000000503e-01,5.746099999999999541e-01,5.652899999999999592e-01,5.550500000000000433e-01,5.604299999999999837e-01,5.737100000000000533e-01,0.000000000000000000e+00,5.471099999999999852e-01,5.783199999999999452e-01,5.503700000000000259e-01,5.500699999999999479e-01,5.471700000000000452e-01,5.666999999999999815e-01,5.506299999999999528e-01,0.000000000000000000e+00,5.520100000000000007e-01,5.543099999999999694e-01,5.528100000000000236e-01,0.000000000000000000e+00,5.513799999999999812e-01,5.446199999999999930e-01,0.000000000000000000e+00,5.550100000000000033e-01,5.806099999999999595e-01,6.010499999999999732e-01,5.644000000000000128e-01,5.737400000000000277e-01,5.887299999999999756e-01,6.060400000000000231e-01,5.797600000000000531e-01,5.695999999999999952e-01,5.872600000000000042e-01,5.564000000000000057e-01,5.675000000000000044e-01,5.757700000000000040e-01,6.058000000000000052e-01,5.790800000000000392e-01,5.570100000000000051e-01,5.492899999999999450e-01,0.000000000000000000e+00,5.798600000000000421e-01,5.748100000000000431e-01,5.418399999999999883e-01,5.875599999999999712e-01,0.000000000000000000e+00,5.514599999999999502e-01,5.670800000000000285e-01,5.567100000000000382e-01,5.624799999999999800e-01,5.594500000000000028e-01,5.728299999999999503e-01,0.000000000000000000e+00,0.000000000000000000e+00,5.518300000000000427e-01,5.622500000000000275e-01,0.000000000000000000e+00,5.444299999999999695e-01,5.529899999999999816e-01,0.000000000000000000e+00,0.000000000000000000e+00,5.729999999999999538e-01,5.642500000000000293e-01,5.567900000000000071e-01,5.510000000000000453e-01,5.486900000000000110e-01,0.000000000000000000e+00,0.000000000000000000e+00,5.530800000000000161e-01
5.404200000000000115e-01,0.000000000000000000e+00,0.000000000000000000e+00,5.527199999999999891e-01,5.450800000000000090e-01,0.000000000000000000e+00,5.555700000000000083e-01,5.405799999999999494e-01,0.000000000000000000e+00,5.438499999999999446e-01,5.465299999999999603e-01,0.000000000000000000e+00,5.406300000000000550e-01,5.465400000000000258e-01,0.000000000000000000e+00,0.000000000000000000e+00,5.517300000000000537e-01,0.000000000000000000e+00,5.435499999999999776e-01,0.000000000000000000e+00,5.450300000000000145e-01,0.000000000000000000e+00,0.000000000000000000e+00,0.000000000000000000e+00,0.000000000000000000e+00,0.000000000000000000e+00,0.000000000000000000e+00,0.000000000000000000e+00,0.000000000000000000e+00,0.000000000000000000e+00,0.000000000000000000e+00,0.000000000000000000e+00,5.641199999999999548e-01,5.467999999999999527e-01,5.514200000000000212e-01,5.536100000000000465e-01,5.635299999999999754e-01,5.570000000000000506e-01,0.000000000000000000e+00,5.612200000000000522e-01,5.526100000000000456e-01,5.537199999999999900e-01,5.580899999999999750e-01,5.656600000000000517e-01,5.744299999999999962e-01,5.462599999999999678e-01,0.000000000000000000e+00,0.000000000000000000e+00,5.586900000000000199e-01,5.507100000000000328e-01,0.000000000000000000e+00,5.566900000000000182e-01,0.000000000000000000e+00,0.000000000000000000e+00,5.426999999999999602e-01,0.000000000000000000e+00,0.000000000000000000e+00,0.000000000000000000e+00,5.459600000000000009e-01,0.000000000000000000e+00,0.000000000000000000e+00,0.000000000000000000e+00,5.397800000000000376e-01,0.000000000000000000e+00,0.000000000000000000e+00,0.000000000000000000e+00,0.000000000000000000e+00,0.000000000000000000e+00,5.536299999999999555e-01,5.402000000000000135e-01,0.000000000000000000e+00,0.000000000000000000e+00,0.000000000000000000e+00,0.000000000000000000e+00,0.000000000000000000e+00,0.000000000000000000e+00
5.991699999999999804e-01,5.907900000000000373e-01,5.527199999999999891e-01,6.408800000000000052e-01,6.060400000000000231e-01,5.856400000000000494e-01,6.261600000000000499e-01,5.824399999999999578e-01,5.889499999999999735e-01,6.176800000000000068e-01,5.987999999999999989e-01,6.063100000000000156e-01,5.992399999999999949e-01,5.987700000000000244e-01,5.739800000000000457e-01,5.746299999999999741e-01,6.216599999999999904e-01,5.852800000000000225e-01,5.772899999999999698e-01,5.822599999999999998e-01,6.145300000000000207e-01,5.855799999999999894e-01,5.518499999999999517e-01,5.994199999999999529e-01,5.840100000000000291e-01,5.926900000000000501e-01,5.534499999999999975e-01,5.798299999999999566e-01,5.766900000000000359e-01,5.448699999999999655e-01,5.964399999999999702e-01,6.398800000000000043e-01,6.638899999999999801e-01,6.196300000000000141e-01,6.353400000000000158e-01,6.249200000000000310e-01,6.616300000000000514e-01,6.318000000000000282e-01,6.223199999999999843e-01,6.431700000000000195e-01,5.947099999999999609e-01,6.092499999999999583e-01,6.023500000000000520e-01,6.534600000000000408e-01,6.267500000000000293e-01,5.936799999999999855e-01,5.819100000000000383e-01,5.670100000000000140e-01,6.299099999999999699e-01,6.184600000000000097e-01,5.757600000000000495e-01,6.308799999999999963e-01,5.627499999999999725e-01,5.832500000000000462e-01,6.008200000000000207e-01,5.974500000000000366e-01,6.133899999999999908e-01,5.970600000000000351e-01,6.061600000000000321e-01,5.796999999999999931e-01,5.707499999999999796e-01,5.759400000000000075e-01,6.050600000000000422e-01,5.620899999999999785e-01,5.761899999999999800e-01,5.964199999999999502e-01,5.647199999999999998e-01,5.666299999999999670e-01,6.234600000000000142e-01,6.050699999999999967e-01,6.019999999999999796e-01,5.869799999999999462e-01,5.789199999999999902e-01,5.486299999999999510e-01,5.490099999999999980e-01,5.870100000000000318e-01
5.733700000000000463e-01,5.708699999999999886e-01,5.450800000000000090e-01,6.060400000000000231e-01,5.797600000000000531e-01,5.664700000000000291e-01,5.973100000000000076e-01,5.571099999999999941e-01,5.727799999999999558e-01,5.950900000000000079e-01,5.805000000000000160e-01,5.816000000000000059e-01,5.778900000000000148e-01,5.836500000000000021e-01,5.510000000000000453e-01,5.547100000000000364e-01,5.961800000000000432e-01,5.576100000000000501e-01,5.645999999999999908e-01,5.605299999999999727e-01,5.839400000000000146e-01,5.649399999999999977e-01,0.000000000000000000e+00,5.718299999999999494e-01,5.638699999999999823e-01,5.692700000000000538e-01,0.000000000000000000e+00,5.655000000000000027e-01,5.578600000000000225e-01,5.416999999999999593e-01,5.722699999999999454e-01,5.994599999999999929e-01,6.249599999999999600e-01,5.899299999999999544e-01,6.047700000000000298e-01,6.008599999999999497e-01,6.213600000000000234e-01,6.015500000000000291e-01,5.859600000000000364e-01,6.042300000000000448e-01,5.762199999999999545e-01,5.876900000000000457e-01,5.930400000000000116e-01,6.236099999999999977e-01,6.078000000000000069e-01,5.733200000000000518e-01,5.628400000000000070e-01,5.524700000000000166e-01,6.023300000000000320e-01,5.953500000000000458e-01,5.593900000000000539e-01,6.050100000000000477e-01,5.433799999999999741e-01,5.666799999999999615e-01,5.844000000000000306e-01,5.791800000000000281e-01,5.875399999999999512e-01,5.761899999999999800e-01,5.907599999999999518e-01,5.556699999999999973e-01,5.547100000000000364e-01,5.653000000000000247e-01,5.789800000000000502e-01,5.476499999999999702e-01,5.576999999999999735e-01,5.734099999999999753e-01,5.513799999999999812e-01,5.464200000000000168e-01,5.937799999999999745e-01,5.811199999999999699e-01,5.769800000000000484e-01,5.676299999999999679e-01,5.625000000000000000e-01,0.000000000000000000e+00,0.000000000000000000e+00,5.693500000000000227e-01
5.527400000000000091e-01,5.529800000000000271e-01,0.000000000000000000e+00,5.856400000000000494e-01,5.664700000000000291e-01,5.520399999999999752e-01,5.799699999999999855e-01,5.423299999999999788e-01,5.568999999999999506e-01,5.710300000000000376e-01,5.596100000000000518e-01,5.543000000000000149e-01,5.621599999999999930e-01,5.693500000000000227e-01,0.000000000000000000e+00,5.463500000000000023e-01,5.681800000000000184e-01,5.487100000000000311e-01,5.516199999999999992e-01,5.491700000000000470e-01,5.556999999999999718e-01,5.508100000000000218e-01,0.000000000000000000e+00,5.501000000000000334e-01,5.538499999999999535e-01,5.525900000000000256e-01,0.000000000000000000e+00,5.502599999999999714e-01,5.473200000000000287e-01,0.000000000000000000e+00,5.546499999999999764e-01,5.723300000000000054e-01,5.958700000000000108e-01,5.668800000000000505e-01,5.800400000000000000e-01,5.819999999999999618e-01,5.981800000000000450e-01,5.750499999999999501e-01,5.574500000000000011e-01,5.869199999999999973e-01,5.585299999999999709e-01,5.624000000000000110e-01,5.703899999999999526e-01,5.954399999999999693e-01,5.872500000000000497e-01,5.574099999999999611e-01,5.484999999999999876e-01,5.410300000000000109e-01,5.775700000000000278e-01,5.716200000000000170e-01,5.460899999999999643e-01,5.801100000000000145e-01,0.000000000000000000e+00,5.511399999999999633e-01,5.615499999999999936e-01,5.556400000000000228e-01,5.611899999999999666e-01,5.561000000000000387e-01,5.668699999999999850e-01,0.000000000000000000e+00,5.411899999999999489e-01,5.477499999999999591e-01,5.620699999999999585e-01,0.000000000000000000e+00,5.477999999999999536e-01,5.527900000000000036e-01,0.000000000000000000e+00,0.000000000000000000e+00,5.729600000000000248e-01,5.633899999999999464e-01,5.584500000000000020e-01,5.514000000000000012e-01,5.466900000000000093e-01,0.000000000000000000e+00,0.000000000000000000e+00,5.527999999999999581e-01
5.910999999999999588e-01,5.824300000000000033e-01,5.555700000000000083e-01,6.261600000000000499e-01,5.973000000000000531e-01,5.799699999999999855e-01,6.101499999999999702e-01,5.683300000000000018e-01,5.839299999999999491e-01,6.071100000000000385e-01,5.933199999999999585e-01,5.899100000000000454e-01,5.892500000000000515e-01,5.980199999999999960e-01,5.611500000000000377e-01,5.666700000000000070e-01,6.085599999999999898e-01,5.699699999999999767e-01,5.754099999999999770e-01,5.734900000000000553e-01,5.984599999999999920e-01,5.759800000000000475e-01,5.442500000000000115e-01,5.834700000000000442e-01,5.760300000000000420e-01,5.799199999999999910e-01,5.468800000000000328e-01,5.766499999999999959e-01,5.702700000000000546e-01,5.496400000000000174e-01,5.835599999999999676e-01,6.153100000000000236e-01,6.442799999999999638e-01,6.031999999999999584e-01,6.195100000000000051e-01,6.164399999999999880e-01,6.428500000000000325e-01,6.158700000000000285e-01,6.028999999999999915e-01,6.198799999999999866e-01,5.891899999999999915e-01,6.017599999999999616e-01,6.045000000000000373e-01,6.415800000000000392e-01,6.211900000000000199e-01,5.886299999999999866e-01,5.726799999999999669e-01,5.618600000000000261e-01,6.163499999999999535e-01,6.091600000000000348e-01,5.680399999999999894e-01,6.214300000000000379e-01,5.539899999999999824e-01,5.770399999999999974e-01,5.967799999999999772e-01,5.883000000000000451e-01,5.994899999999999674e-01,5.880800000000000471e-01,6.003699999999999593e-01,5.659999999999999476e-01,5.666600000000000525e-01,5.775099999999999678e-01,5.938400000000000345e-01,5.564299999999999802e-01,5.704500000000000126e-01,5.863599999999999923e-01,5.605499999999999927e-01,5.554099999999999593e-01,6.089799999999999658e-01,5.955799999999999983e-01,5.884599999999999831e-01,5.763399999999999634e-01,5.711899999999999755e-01,5.473299999999999832e-01,5.452399999999999469e-01,5.800899999999999945e-01
5.613500000000000156e-01,0.000000000000000000e+00,5.405799999999999494e-01,5.824399999999999578e-01,5.571099999999999941e-01,5.423299999999999788e-01,5.683300000000000018e-01,5.612500000000000266e-01,5.446199999999999930e-01,5.503000000000000114e-01,5.518100000000000227e-01,0.000000000000000000e+00,5.499500000000000499e-01,5.503599999999999604e-01,5.461500000000000243e-01,5.415699999999999958e-01,5.567699999999999871e-01,0.000000000000000000e+00,5.451500000000000234e-01,5.427400000000000002e-01,5.669100000000000250e-01,0.000000000000000000e+00,5.399699999999999500e-01,5.496900000000000119e-01,5.421000000000000263e-01,5.523099999999999676e-01,0.000000000000000000e+00,5.404099999999999460e-01,0.000000000000000000e+00,0.000000000000000000e+00,5.474599999999999467e-01,5.573799999999999866e-01,5.810699999999999754e-01,5.584999999999999964e-01,5.602700000000000458e-01,5.643599999999999728e-01,5.825900000000000523e-01,5.594299999999999828e-01,5.535499999999999865e-01,5.751899999999999791e-01,5.680500000000000549e-01,5.590800000000000214e-01,5.539199999999999680e-01,5.753099999999999881e-01,5.711399999999999810e-01,5.617100000000000426e-01,0.000000000000000000e+00,0.000000000000000000e+00,5.696600000000000552e-01,5.623200000000000420e-01,5.400300000000000100e-01,5.691800000000000193e-01,5.484799999999999676e-01,0.000000000000000000e+00,5.486600000000000366e-01,5.429899999999999727e-01,5.479000000000000536e-01,5.494299999999999740e-01,5.547600000000000309e-01,5.403099999999999570e-01,0.000000000000000000e+00,0.000000000000000000e+00,5.495900000000000230e-01,0.000000000000000000e+00,5.448300000000000365e-01,5.615200000000000191e-01,0.000000000000000000e+00,5.454099999999999504e-01,5.727499999999999813e-01,5.532500000000000195e-01,5.565499999999999892e-01,0.000000000000000000e+00,0.000000000000000000e+00,0.000000000000000000e+00,0.000000000000000000e+00,5.418899999999999828e-01
5.547600000000000309e-01,5.553900000000000503e-01,0.000000000000000000e+00,5.889499999999999735e-01,5.727799999999999558e-01,5.568999999999999506e-01,5.839299999999999491e-01,5.446199999999999930e-01,5.611000000000000432e-01,5.765000000000000124e-01,5.682500000000000329e-01,5.607199999999999962e-01,5.649699999999999722e-01,5.757299999999999640e-01,5.402400000000000535e-01,5.481800000000000006e-01,5.768400000000000194e-01,5.518999999999999462e-01,5.569399999999999906e-01,5.528499999999999526e-01,5.627999999999999670e-01,5.554799999999999738e-01,0.000000000000000000e+00,5.563099999999999712e-01,5.572500000000000231e-01,5.577999999999999625e-01,0.000000000000000000e+00,5.546100000000000474e-01,5.504700000000000149e-01,0.000000000000000000e+00,5.592799999999999994e-01,5.714599999999999680e-01,5.994300000000000184e-01,5.699499999999999567e-01,5.805299999999999905e-01,5.877900000000000347e-01,6.043100000000000138e-01,5.841100000000000181e-01,5.613299999999999956e-01,5.925099999999999811e-01,5.617699999999999916e-01,5.694700000000000317e-01,5.778699999999999948e-01,6.021100000000000341e-01,5.888099999999999445e-01,5.597999999999999643e-01,5.526100000000000456e-01,5.421099999999999808e-01,5.813099999999999934e-01,5.788499999999999757e-01,5.490300000000000180e-01,5.866400000000000503e-01,0.000000000000000000e+00,5.569199999999999706e-01,5.694799999999999862e-01,5.607900000000000107e-01,5.679199999999999804e-01,5.619199999999999751e-01,5.736400000000000388e-01,5.413200000000000234e-01,5.434400000000000341e-01,5.582000000000000295e-01,5.665099999999999580e-01,0.000000000000000000e+00,5.499199999999999644e-01,5.520500000000000407e-01,5.430399999999999672e-01,0.000000000000000000e+00,5.783099999999999907e-01,5.659800000000000386e-01,5.617400000000000171e-01,5.560699999999999532e-01,5.514499999999999957e-01,0.000000000000000000e+00,0.000000000000000000e+00,5.566400000000000237e-01
5.806099999999999595e-01,5.746099999999999541e-01,5.438499999999999446e-01,6.176800000000000068e-01,5.950900000000000079e-01,5.710300000000000376e-01,6.071100000000000385e-01,5.503000000000000114e-01,5.765000000000000124e-01,5.985500000000000265e-01,5.909400000000000208e-01,5.823300000000000143e-01,5.829999999999999627e-01,5.970900000000000096e-01,5.551899999999999613e-01,5.620500000000000496e-01,6.024599999999999955e-01,5.678100000000000369e-01,5.686799999999999633e-01,5.644700000000000273e-01,5.946500000000000119e-01,5.703599999999999781e-01,0.000000000000000000e+00,5.755700000000000260e-01,5.715099999999999625e-01,5.747400000000000286e-01,0.000000000000000000e+00,5.721399999999999819e-01,5.599199999999999733e-01,5.530399999999999761e-01,5.767900000000000249e-01,5.994199999999999529e-01,6.328500000000000236e-01,5.930699999999999861e-01,6.032499999999999529e-01,6.137200000000000433e-01,6.336500000000000465e-01,6.043199999999999683e-01,5.911899999999999933e-01,6.162999999999999590e-01,5.768199999999999994e-01,5.916500000000000092e-01,6.008700000000000152e-01,6.375399999999999956e-01,5.998200000000000198e-01,5.790800000000000392e-01,5.664299999999999891e-01,5.541199999999999459e-01,6.096200000000000507e-01,6.049999999999999822e-01,5.552599999999999758e-01,6.171400000000000219e-01,0.000000000000000000e+00,5.684599999999999653e-01,5.930800000000000516e-01,5.800600000000000200e-01,5.900699999999999834e-01,5.834099999999999842e-01,6.011800000000000477e-01,5.586799999999999544e-01,5.571599999999999886e-01,5.720300000000000384e-01,5.805700000000000305e-01,5.494499999999999940e-01,5.597900000000000098e-01,5.766200000000000214e-01,5.531599999999999850e-01,5.469699999999999562e-01,5.967200000000000282e-01,5.877000000000000002e-01,5.801899999999999835e-01,5.698699999999999877e-01,5.697400000000000242e-01,5.435799999999999521e-01,5.447100000000000275e-01,5.730199999999999738e-01
5.720100000000000184e-01,5.652899999999999592e-01,5.465299999999999603e-01,5.988099999999999534e-01,5.805000000000000160e-01,5.596100000000000518e-01,5.933300000000000241e-01,5.518100000000000227e-01,5.682500000000000329e-01,5.909400000000000208e-01,5.815599999999999659e-01,5.714000000000000190e-01,5.717700000000000005e-01,5.860400000000000054e-01,5.490199999999999525e-01,5.562799999999999967e-01,5.916000000000000147e-01,5.531700000000000506e-01,5.679699999999999749e-01,5.557800000000000518e-01,5.808699999999999974e-01,5.592300000000000049e-01,0.000000000000000000e+00,5.631399999999999739e-01,5.623700000000000365e-01,5.638900000000000023e-01,0.000000000000000000e+00,5.627400000000000180e-01,5.527400000000000091e-01,5.397100000000000231e-01,5.652199999999999447e-01,5.848499999999999810e-01,6.148700000000000276e-01,5.822899999999999743e-01,5.906000000000000139e-01,5.998299999999999743e-01,6.151100000000000456e-01,5.915399999999999547e-01,5.749699999999999811e-01,5.999499999999999833e-01,5.724299999999999944e-01,5.780199999999999783e-01,5.957400000000000473e-01,6.202100000000000390e-01,5.973699999999999566e-01,5.719499999999999584e-01,5.570199999999999596e-01,5.486100000000000421e-01,5.971899999999999986e-01,5.948200000000000154e-01,5.508600000000000163e-01,6.020600000000000396e-01,0.000000000000000000e+00,5.636600000000000499e-01,5.825000000000000178e-01,5.725700000000000234e-01,5.783000000000000362e-01,5.712300000000000155e-01,5.911199999999999788e-01,5.485499999999999821e-01,5.488899999999999890e-01,5.647600000000000398e-01,5.708699999999999886e-01,5.431000000000000272e-01,5.561899999999999622e-01,5.717799999999999550e-01,5.492000000000000215e-01,5.413499999999999979e-01,5.842399999999999816e-01,5.742500000000000382e-01,5.688400000000000123e-01,5.604099999999999637e-01,5.596400000000000263e-01,0.000000000000000000e+00,0.000000000000000000e+00,5.615700000000000136e-01
5.763800000000000034e-01,5.550500000000000433e-01,0.000000000000000000e+00,6.063100000000000156e-01,5.816000000000000059e-01,5.543000000000000149e-01,5.899100000000000454e-01,0.000000000000000000e+00,5.607199999999999962e-01,5.823300000000000143e-01,5.714000000000000190e-01,5.841100000000000181e-01,5.687699999999999978e-01,5.787900000000000267e-01,0.000000000000000000e+00,5.421700000000000408e-01,5.799800000000000511e-01,5.546200000000000019e-01,5.526999999999999691e-01,5.483299999999999841e-01,5.771800000000000264e-01,5.540000000000000480e-01,0.000000000000000000e+00,5.728499999999999703e-01,5.563700000000000312e-01,5.637600000000000389e-01,0.000000000000000000e+00,5.564099999999999602e-01,5.437899999999999956e-01,0.000000000000000000e+00,5.661399999999999766e-01,5.875599999999999712e-01,6.265199999999999658e-01,5.868700000000000028e-01,6.009900000000000242e-01,5.924700000000000522e-01,6.202100000000000390e-01,5.956500000000000128e-01,5.788900000000000157e-01,6.087799999999999878e-01,5.728600000000000358e-01,5.877999999999999892e-01,5.787200000000000122e-01,6.111199999999999966e-01,5.969700000000000006e-01,5.648499999999999632e-01,5.490899999999999670e-01,0.000000000000000000e+00,5.959999999999999742e-01,5.863399999999999723e-01,5.403099999999999570e-01,5.967799999999999772e-01,0.000000000000000000e+00,5.510099999999999998e-01,5.718699999999999894e-01,5.669300000000000450e-01,5.861399999999999944e-01,5.670699999999999630e-01,5.820100000000000273e-01,5.484700000000000131e-01,5.397600000000000176e-01,5.530399999999999761e-01,5.667699999999999960e-01,0.000000000000000000e+00,5.423299999999999788e-01,5.612300000000000066e-01,5.408500000000000529e-01,0.000000000000000000e+00,5.851199999999999735e-01,5.683399999999999563e-01,5.665099999999999580e-01,5.566400000000000237e-01,5.514400000000000412e-01,0.000000000000000000e+00,0.000000000000000000e+00,5.615499999999999936e-01
5.686600000000000543e-01,5.604299999999999837e-01,5.406300000000000550e-01,5.992399999999999949e-01,5.778900000000000148e-01,5.621599999999999930e-01,5.892500000000000515e-01,5.499500000000000499e-01,5.649699999999999722e-01,5.829999999999999627e-01,5.717700000000000005e-01,5.687699999999999978e-01,5.722500000000000364e-01,5.744200000000000417e-01,5.435299999999999576e-01,5.520899999999999697e-01,5.826200000000000268e-01,5.587100000000000399e-01,5.558100000000000263e-01,5.548899999999999944e-01,5.746700000000000141e-01,5.587199999999999944e-01,0.000000000000000000e+00,5.670300000000000340e-01,5.615499999999999936e-01,5.638300000000000534e-01,0.000000000000000000e+00,5.605599999999999472e-01,5.531199999999999450e-01,0.000000000000000000e+00,5.658600000000000296e-01,5.873399999999999732e-01,6.114500000000000490e-01,5.791800000000000281e-01,5.915200000000000458e-01,5.884899999999999576e-01,6.098799999999999777e-01,5.872300000000000297e-01,5.781899999999999817e-01,5.964699999999999447e-01,5.695700000000000207e-01,5.815299999999999914e-01,5.792199999999999571e-01,6.101999999999999647e-01,5.903399999999999759e-01,5.675299999999999789e-01,5.550899999999999723e-01,5.477300000000000502e-01,5.915500000000000203e-01,5.868200000000000083e-01,5.518100000000000227e-01,5.947000000000000064e-01,0.000000000000000000e+00,5.577299999999999480e-01,5.742000000000000437e-01,5.680100000000000149e-01,5.774799999999999933e-01,5.689899999999999958e-01,5.800300000000000455e-01,5.470000000000000417e-01,5.504299999999999748e-01,5.577400000000000135e-01,5.721100000000000074e-01,5.403000000000000025e-01,5.527699999999999836e-01,5.638900000000000023e-01,5.461599999999999788e-01,5.421599999999999753e-01,5.867299999999999738e-01,5.755500000000000060e-01,5.706900000000000306e-01,5.598699999999999788e-01,5.560800000000000187e-01,0.000000000000000000e+00,0.000000000000000000e+00,5.638300000000000534e-01
5.624200000000000310e-01,5.737100000000000533e-01,5.465400000000000258e-01,5.987700000000000244e-01,5.836500000000000021e-01,5.693500000000000227e-01,5.980199999999999960e-01,5.503599999999999604e-01,5.757299999999999640e-01,5.970900000000000096e-01,5.860400000000000054e-01,5.787900000000000267e-01,5.744200000000000417e-01,5.866700000000000248e-01,5.472399999999999487e-01,5.579699999999999660e-01,5.980499999999999705e-01,5.538300000000000445e-01,5.712899999999999645e-01,5.612500000000000266e-01,5.769199999999999884e-01,5.655900000000000372e-01,0.000000000000000000e+00,5.609800000000000342e-01,5.636100000000000554e-01,5.633599999999999719e-01,0.000000000000000000e+00,5.661300000000000221e-01,5.604500000000000037e-01,5.520199999999999552e-01,5.671800000000000175e-01,5.970999999999999641e-01,6.212800000000000544e-01,5.831800000000000317e-01,6.019799999999999596e-01,6.013899999999999801e-01,6.193499999999999561e-01,6.056399999999999562e-01,5.830300000000000482e-01,5.998700000000000143e-01,5.729699999999999793e-01,5.897499999999999964e-01,6.059799999999999631e-01,6.399899999999999478e-01,6.088999999999999968e-01,5.651300000000000212e-01,5.637699999999999934e-01,5.521500000000000297e-01,5.993800000000000239e-01,5.978700000000000125e-01,5.567299999999999471e-01,6.063699999999999646e-01,0.000000000000000000e+00,5.686600000000000543e-01,5.921800000000000397e-01,5.785000000000000142e-01,5.820800000000000418e-01,5.743500000000000272e-01,5.937099999999999600e-01,5.556400000000000228e-01,5.559100000000000152e-01,5.699400000000000022e-01,5.737400000000000277e-01,5.493500000000000050e-01,5.572899999999999521e-01,5.684500000000000108e-01,5.511899999999999578e-01,5.405100000000000460e-01,5.858799999999999564e-01,5.810800000000000409e-01,5.715200000000000280e-01,5.641599999999999948e-01,5.621699999999999475e-01,5.407899999999999929e-01,0.000000000000000000e+00,5.653799999999999937e-01
5.515700000000000047e-01,0.000000000000000000e+00,0.000000000000000000e+00,5.739800000000000457e-01,5.510000000000000453e-01,0.000000000000000000e+00,5.611500000000000377e-01,5.461500000000000243e-01,5.402400000000000535e-01,5.551899999999999613e-01,5.490199999999999525e-01,0.000000000000000000e+00,5.435299999999999576e-01,5.472399999999999487e-01,0.000000000000000000e+00,0.000000000000000000e+00,5.577900000000000080e-01,0.000000000000000000e+00,5.413400000000000434e-01,0.000000000000000000e+00,5.583399999999999475e-01,0.000000000000000000e+00,0.000000000000000000e+00,5.425499999999999767e-01,0.000000000000000000e+00,5.442799999999999860e-01,0.000000000000000000e+00,0.000000000000000000e+00,0.000000000000000000e+00,0.000000000000000000e+00,5.440700000000000536e-01,5.552500000000000213e-01,5.807099999999999485e-01,5.596299999999999608e-01,5.618999999999999551e-01,5.633099999999999774e-01,5.823800000000000088e-01,5.582700000000000440e-01,5.479399999999999826e-01,5.684099999999999708e-01,5.563099999999999712e-01,5.573099999999999721e-01,5.555900000000000283e-01,5.777400000000000313e-01,5.669499999999999540e-01,5.523200000000000331e-01,0.000000000000000000e+00,0.000000000000000000e+00,5.680699999999999639e-01,5.584500000000000020e-01,0.000000000000000000e+00,5.675900000000000389e-01,0.000000000000000000e+00,0.000000000000000000e+00,5.483000000000000096e-01,5.425699999999999967e-01,5.522200000000000442e-01,5.444600000000000550e-01,5.518399999999999972e-01,0.000000000000000000e+00,0.000000000000000000e+00,0.000000000000000000e+00,5.484999999999999876e-01,0.000000000000000000e+00,0.000000000000000000e+00,5.530800000000000161e-01,0.000000000000000000e+00,0.000000000000000000e+00,5.629300000000000415e-01,5.482799999999999896e-01,5.486400000000000166e-01,0.000000000000000000e+00,0.000000000000000000e+00,0.000000000000000000e+00,0.000000000000000000e+00,0.000000000000000000e+00
5.502899999999999459e-01,5.471099999999999852e-01,0.000000000000000000e+00,5.746299999999999741e-01,5.547100000000000364e-01,5.463500000000000023e-01,5.666700000000000070e-01,5.415699999999999958e-01,5.481800000000000006e-01,5.620500000000000496e-01,5.562799999999999967e-01,5.421700000000000408e-01,5.520899999999999697e-01,5.579699999999999660e-01,0.000000000000000000e+00,0.000000000000000000e+00,5.660100000000000131e-01,5.401399999999999535e-01,5.443299999999999805e-01,5.420199999999999463e-01,5.572599999999999776e-01,5.412200000000000344e-01,0.000000000000000000e+00,5.447400000000000020e-01,5.431599999999999762e-01,5.455299999999999594e-01,0.000000000000000000e+00,5.419399999999999773e-01,0.000000000000000000e+00,0.000000000000000000e+00,5.467600000000000238e-01,5.636900000000000244e-01,5.809600000000000319e-01,5.569100000000000161e-01,5.631000000000000449e-01,5.722300000000000164e-01,5.854599999999999804e-01,5.638900000000000023e-01,5.554900000000000393e-01,5.738999999999999657e-01,5.498699999999999699e-01,5.558300000000000463e-01,5.652300000000000102e-01,5.798600000000000421e-01,5.725700000000000234e-01,5.476199999999999957e-01,0.000000000000000000e+00,0.000000000000000000e+00,5.638699999999999823e-01,5.644500000000000073e-01,0.000000000000000000e+00,5.719300000000000495e-01,0.000000000000000000e+00,5.432000000000000162e-01,5.571199999999999486e-01,5.484400000000000386e-01,5.504999999999999893e-01,5.497699999999999809e-01,5.605200000000000182e-01,0.000000000000000000e+00,0.000000000000000000e+00,5.449500000000000455e-01,5.529399999999999871e-01,0.000000000000000000e+00,5.432799999999999851e-01,5.464700000000000113e-01,0.000000000000000000e+00,0.000000000000000000e+00,5.634799999999999809e-01,5.567800000000000527e-01,5.497999999999999554e-01,5.421700000000000408e-01,5.406999999999999584e-01,0.000000000000000000e+00,0.000000000000000000e+00,5.424200000000000133e-01
5.841699999999999671e-01,5.783199999999999452e-01,5.517300000000000537e-01,6.216599999999999904e-01,5.961800000000000432e-01,5.681800000000000184e-01,6.085599999999999898e-01,5.567699999999999871e-01,5.768400000000000194e-01,6.024599999999999955e-01,5.916000000000000147e-01,5.799800000000000511e-01,5.826200000000000268e-01,5.980499999999999705e-01,5.577900000000000080e-01,5.660100000000000131e-01,5.996200000000000419e-01,5.661399999999999766e-01,5.705400000000000471e-01,5.677699999999999969e-01,5.934099999999999930e-01,5.716700000000000115e-01,5.415600000000000414e-01,5.756099999999999550e-01,5.743500000000000272e-01,5.728499999999999703e-01,5.407899999999999929e-01,5.754700000000000371e-01,5.634200000000000319e-01,5.578800000000000425e-01,5.763800000000000034e-01,6.089700000000000113e-01,6.342799999999999550e-01,5.928499999999999881e-01,6.069499999999999895e-01,6.146899999999999586e-01,6.378300000000000081e-01,6.009100000000000552e-01,5.913199999999999568e-01,6.162499999999999645e-01,5.739199999999999857e-01,5.835799999999999876e-01,6.036399999999999544e-01,6.369899999999999451e-01,6.075199999999999489e-01,5.850999999999999535e-01,5.642700000000000493e-01,5.587900000000000089e-01,6.055800000000000072e-01,6.056200000000000472e-01,5.589499999999999469e-01,6.192699999999999871e-01,5.476299999999999502e-01,5.732099999999999973e-01,5.906700000000000284e-01,5.820699999999999763e-01,5.900499999999999634e-01,5.834700000000000442e-01,6.009900000000000242e-01,5.604500000000000037e-01,5.559500000000000552e-01,5.747400000000000286e-01,5.849299999999999500e-01,5.509199999999999653e-01,5.669699999999999740e-01,5.850999999999999535e-01,5.571300000000000141e-01,5.494299999999999740e-01,6.009400000000000297e-01,5.894200000000000550e-01,5.792300000000000226e-01,5.693599999999999772e-01,5.697699999999999987e-01,5.459500000000000464e-01,5.495799999999999574e-01,5.706499999999999906e-01
5.556200000000000028e-01,5.503700000000000259e-01,0.000000000000000000e+00,5.852800000000000225e-01,5.576100000000000501e-01,5.487100000000000311e-01,5.699699999999999767e-01,0.000000000000000000e+00,5.518999999999999462e-01,5.678100000000000369e-01,5.531700000000000506e-01,5.546200000000000019e-01,5.587100000000000399e-01,5.538300000000000445e-01,0.000000000000000000e+00,5.401399999999999535e-01,5.661399999999999766e-01,5.461300000000000043e-01,0.000000000000000000e+00,5.440199999999999481e-01,5.612399999999999611e-01,5.462799999999999878e-01,0.000000000000000000e+00,5.568100000000000271e-01,5.500300000000000189e-01,5.511200000000000543e-01,0.000000000000000000e+00,5.460700000000000554e-01,5.416600000000000303e-01,0.000000000000000000e+00,5.522399999999999531e-01,5.738400000000000167e-01,5.955399999999999583e-01,5.646600000000000508e-01,5.733200000000000518e-01,5.707600000000000451e-01,5.929999999999999716e-01,5.735200000000000298e-01,5.646600000000000508e-01,5.785099999999999687e-01,5.509300000000000308e-01,5.585900000000000309e-01,5.571199999999999486e-01,5.878999999999999782e-01,5.702000000000000401e-01,5.474599999999999467e-01,5.443000000000000060e-01,0.000000000000000000e+00,5.683599999999999763e-01,5.656999999999999806e-01,5.430199999999999472e-01,5.742399999999999727e-01,0.000000000000000000e+00,5.463799999999999768e-01,5.573700000000000321e-01,5.537600000000000300e-01,5.599499999999999478e-01,5.536699999999999955e-01,5.598899999999999988e-01,0.000000000000000000e+00,0.000000000000000000e+00,5.438100000000000156e-01,5.573700000000000321e-01,0.000000000000000000e+00,5.412099999999999689e-01,5.491300000000000070e-01,0.000000000000000000e+00,0.000000000000000000e+00,5.727200000000000069e-01,5.634299999999999864e-01,5.581000000000000405e-01,5.483500000000000041e-01,5.416400000000000103e-01,0.000000000000000000e+00,0.000000000000000000e+00,5.478899999999999881e-01
5.613799999999999901e-01,5.500699999999999479e-01,5.435499999999999776e-01,5.772899999999999698e-01,5.645999999999999908e-01,5.516199999999999992e-01,5.754099999999999770e-01,5.451500000000000234e-01,5.569399999999999906e-01,5.686799999999999633e-01,5.679699999999999749e-01,5.526999999999999691e-01,5.558100000000000263e-01,5.712899999999999645e-01,5.413400000000000434e-01,5.443299999999999805e-01,5.705400000000000471e-01,0.000000000000000000e+00,5.657299999999999551e-01,5.480599999999999916e-01,5.622099999999999875e-01,5.458800000000000319e-01,0.000000000000000000e+00,5.484999999999999876e-01,5.468699999999999672e-01,5.512200000000000433e-01,0.000000000000000000e+00,5.476499999999999702e-01,5.439800000000000191e-01,0.000000000000000000e+00,5.533200000000000340e-01,5.580500000000000460e-01,5.987700000000000244e-01,5.707200000000000051e-01,5.733300000000000063e-01,5.822100000000000053e-01,5.974300000000000166e-01,5.818799999999999528e-01,5.551199999999999468e-01,5.860300000000000509e-01,5.711699999999999555e-01,5.751100000000000101e-01,5.885000000000000231e-01,5.994000000000000439e-01,5.937000000000000055e-01,5.701500000000000457e-01,5.425699999999999967e-01,5.398699999999999610e-01,5.883699999999999486e-01,5.746799999999999686e-01,5.408100000000000129e-01,5.831300000000000372e-01,0.000000000000000000e+00,5.519300000000000317e-01,5.658900000000000041e-01,5.557900000000000063e-01,5.625400000000000400e-01,5.563399999999999457e-01,5.728400000000000158e-01,0.000000000000000000e+00,0.000000000000000000e+00,5.475700000000000012e-01,5.603799999999999892e-01,0.000000000000000000e+00,5.501599999999999824e-01,5.538899999999999935e-01,0.000000000000000000e+00,0.000000000000000000e+00,5.733000000000000318e-01,5.562799999999999967e-01,5.547999999999999599e-01,5.471300000000000052e-01,5.466900000000000093e-01,0.000000000000000000e+00,0.000000000000000000e+00,5.520599999999999952e-01
5.490000000000000435e-01,5.471700000000000452e-01,0.000000000000000000e+00,5.822599999999999998e-01,5.605299999999999727e-01,5.491700000000000470e-01,5.734900000000000553e-01,5.427400000000000002e-01,5.528499999999999526e-01,5.644599999999999618e-01,5.557800000000000518e-01,5.483299999999999841e-01,5.548899999999999944e-01,5.612500000000000266e-01,0.000000000000000000e+00,5.420199999999999463e-01,5.677699999999999969e-01,5.440199999999999481e-01,5.480599999999999916e-01,5.455799999999999539e-01,5.522099999999999786e-01,5.462399999999999478e-01,0.000000000000000000e+00,5.470599999999999907e-01,5.450899999999999634e-01,5.495999999999999774e-01,0.000000000000000000e+00,5.445900000000000185e-01,5.431599999999999762e-01,0.000000000000000000e+00,5.523599999999999621e-01,5.629300000000000415e-01,5.955899999999999528e-01,5.656099999999999461e-01,5.727499999999999813e-01,5.753599999999999826e-01,5.949200000000000044e-01,5.745900000000000452e-01,5.560199999999999587e-01,5.802500000000000435e-01,5.595200000000000173e-01,5.614200000000000301e-01,5.670600000000000085e-01,5.890600000000000280e-01,5.817600000000000549e-01,5.559100000000000152e-01,5.447300000000000475e-01,0.000000000000000000e+00,5.726700000000000124e-01,5.650300000000000322e-01,5.423099999999999588e-01,5.750499999999999501e-01,0.000000000000000000e+00,5.479500000000000481e-01,5.585999999999999854e-01,5.496400000000000174e-01,5.582000000000000295e-01,5.507600000000000273e-01,5.597400000000000153e-01,0.000000000000000000e+00,0.000000000000000000e+00,5.466299999999999493e-01,5.632500000000000284e-01,0.000000000000000000e+00,5.452599999999999669e-01,5.485100000000000531e-01,0.000000000000000000e+00,0.000000000000000000e+00,5.694000000000000172e-01,5.592700000000000449e-01,5.555499999999999883e-01,5.463900000000000423e-01,5.403599999999999515e-01,0.000000000000000000e+00,0.000000000000000000e+00,5.504499999999999948e-01
5.867999999999999883e-01,5.666999999999999815e-01,5.450300000000000145e-01,6.145300000000000207e-01,5.839400000000000146e-01,5.556999999999999718e-01,5.984599999999999920e-01,5.669100000000000250e-01,5.627999999999999670e-01,5.946500000000000119e-01,5.808699999999999974e-01,5.771800000000000264e-01,5.746700000000000141e-01,5.769199999999999884e-01,5.583399999999999475e-01,5.572599999999999776e-01,5.934099999999999930e-01,5.612399999999999611e-01,5.622099999999999875e-01,5.522099999999999786e-01,6.090299999999999603e-01,5.556499999999999773e-01,5.454400000000000359e-01,5.776700000000000168e-01,5.661000000000000476e-01,5.730800000000000338e-01,0.000000000000000000e+00,5.614999999999999991e-01,5.435100000000000486e-01,0.000000000000000000e+00,5.709899999999999975e-01,6.033800000000000274e-01,6.194899999999999851e-01,5.889999999999999680e-01,5.972399999999999931e-01,5.987500000000000044e-01,6.232400000000000162e-01,5.841199999999999726e-01,5.916599999999999637e-01,6.063899999999999846e-01,5.780199999999999783e-01,5.868900000000000228e-01,5.804300000000000015e-01,6.103499999999999481e-01,5.934399999999999675e-01,5.799299999999999455e-01,5.525200000000000111e-01,5.541399999999999659e-01,6.104399999999999826e-01,5.997799999999999798e-01,5.523099999999999676e-01,6.059700000000000086e-01,0.000000000000000000e+00,5.582000000000000295e-01,5.775200000000000333e-01,5.794200000000000461e-01,5.893000000000000460e-01,5.772000000000000464e-01,5.891199999999999770e-01,5.570899999999999741e-01,5.505100000000000549e-01,5.572799999999999976e-01,5.760399999999999965e-01,5.397199999999999775e-01,5.545900000000000274e-01,5.852800000000000225e-01,5.422799999999999843e-01,5.446999999999999620e-01,5.963899999999999757e-01,5.783899999999999597e-01,5.753000000000000336e-01,5.618800000000000461e-01,5.616400000000000281e-01,0.000000000000000000e+00,0.000000000000000000e+00,5.650300000000000322e-01
