5.656600000000000517e-01,5.418500000000000538e-01,5.655299999999999772e-01,5.550699999999999523e-01,5.759300000000000530e-01,5.535799999999999610e-01,5.761899999999999800e-01,5.709100000000000286e-01,5.514000000000000012e-01,5.631699999999999484e-01,5.563000000000000167e-01,5.730699999999999683e-01,5.677600000000000424e-01,0.000000000000000000e+00,5.499100000000000099e-01,5.453900000000000414e-01,5.649999999999999467e-01,5.464400000000000368e-01,5.626900000000000235e-01,5.420199999999999463e-01,5.722500000000000364e-01,0.000000000000000000e+00,5.578999999999999515e-01,5.551300000000000123e-01,0.000000000000000000e+00,5.474499999999999922e-01,0.000000000000000000e+00,5.487300000000000511e-01,0.000000000000000000e+00,0.000000000000000000e+00,5.496299999999999519e-01,5.667200000000000015e-01,5.810800000000000409e-01,5.756900000000000350e-01,5.696799999999999642e-01,5.519600000000000062e-01,5.672300000000000120e-01,5.803500000000000325e-01,5.555200000000000138e-01,5.749600000000000266e-01,5.873099999999999987e-01,5.856400000000000494e-01,5.711300000000000265e-01,5.739699999999999802e-01,5.919799999999999507e-01,5.590300000000000269e-01,0.000000000000000000e+00,5.415100000000000469e-01,5.700800000000000312e-01,5.623299999999999965e-01,0.000000000000000000e+00,5.802599999999999980e-01,5.826000000000000068e-01,5.508600000000000163e-01,5.720600000000000129e-01,5.537499999999999645e-01,5.884800000000000031e-01,5.665299999999999780e-01,5.627299999999999525e-01,0.000000000000000000e+00,0.000000000000000000e+00,5.539600000000000080e-01,5.563099999999999712e-01,5.511200000000000543e-01,0.000000000000000000e+00,5.602899999999999547e-01,0.000000000000000000e+00,0.000000000000000000e+00,5.684000000000000163e-01,5.548499999999999543e-01,5.456900000000000084e-01,0.000000000000000000e+00,0.000000000000000000e+00,5.423599999999999532e-01,0.000000000000000000e+00,5.643000000000000238e-01
5.418500000000000538e-01,0.000000000000000000e+00,5.564099999999999602e-01,5.483299999999999841e-01,5.617400000000000171e-01,5.520599999999999952e-01,5.663399999999999546e-01,5.517999999999999572e-01,5.530100000000000016e-01,5.523099999999999676e-01,5.444299999999999695e-01,5.606900000000000217e-01,5.614900000000000446e-01,0.000000000000000000e+00,0.000000000000000000e+00,0.000000000000000000e+00,5.579800000000000315e-01,5.446999999999999620e-01,5.463299999999999823e-01,0.000000000000000000e+00,5.497100000000000319e-01,0.000000000000000000e+00,5.454299999999999704e-01,0.000000000000000000e+00,0.000000000000000000e+00,0.000000000000000000e+00,0.000000000000000000e+00,5.447800000000000420e-01,0.000000000000000000e+00,0.000000000000000000e+00,0.000000000000000000e+00,5.547100000000000364e-01,5.761699999999999600e-01,5.546200000000000019e-01,5.550000000000000488e-01,5.428300000000000347e-01,5.520899999999999697e-01,5.722699999999999454e-01,5.441000000000000281e-01,5.625700000000000145e-01,5.614599999999999591e-01,5.578400000000000025e-01,5.744000000000000217e-01,5.726299999999999724e-01,5.754000000000000226e-01,0.000000000000000000e+00,0.000000000000000000e+00,5.423099999999999588e-01,5.592300000000000049e-01,5.514799999999999702e-01,0.000000000000000000e+00,5.697299999999999587e-01,5.704299999999999926e-01,5.422700000000000298e-01,5.632700000000000484e-01,5.434999999999999831e-01,5.688800000000000523e-01,5.561500000000000332e-01,5.608199999999999852e-01,0.000000000000000000e+00,0.000000000000000000e+00,5.459100000000000064e-01,5.469899999999999762e-01,5.447100000000000275e-01,0.000000000000000000e+00,5.415900000000000158e-01,0.000000000000000000e+00,0.000000000000000000e+00,5.521099999999999897e-01,5.517400000000000082e-01,0.000000000000000000e+00,0.000000000000000000e+00,0.000000000000000000e+00,0.000000000000000000e+00,0.000000000000000000e+00,5.522599999999999731e-01
5.655299999999999772e-01,5.564099999999999602e-01,5.883500000000000396e-01,5.784099999999999797e-01,5.971300000000000496e-01,5.828699999999999992e-01,6.029499999999999860e-01,5.831199999999999717e-01,5.870400000000000063e-01,5.776599999999999513e-01,5.731800000000000228e-01,5.902899999999999814e-01,5.969799999999999551e-01,5.498800000000000354e-01,5.564000000000000057e-01,5.586200000000000054e-01,5.875299999999999967e-01,5.756299999999999750e-01,5.832600000000000007e-01,5.644599999999999618e-01,5.765799999999999814e-01,5.538600000000000190e-01,5.795000000000000151e-01,5.679600000000000204e-01,5.617799999999999461e-01,5.638499999999999623e-01,5.634500000000000064e-01,5.709699999999999775e-01,5.634500000000000064e-01,5.514299999999999757e-01,5.655099999999999572e-01,5.917599999999999527e-01,6.175300000000000233e-01,5.879299999999999526e-01,5.937999999999999945e-01,5.670100000000000140e-01,5.887299999999999756e-01,6.076899999999999524e-01,5.854099999999999859e-01,6.024800000000000155e-01,6.050499999999999767e-01,6.011800000000000477e-01,6.079299999999999704e-01,6.070299999999999585e-01,6.310200000000000253e-01,5.515200000000000102e-01,5.515200000000000102e-01,5.699999999999999512e-01,5.931499999999999551e-01,5.775400000000000533e-01,5.638199999999999878e-01,6.028499999999999970e-01,6.030600000000000405e-01,5.720199999999999729e-01,5.920400000000000107e-01,5.686200000000000143e-01,6.020799999999999486e-01,5.894599999999999840e-01,5.921699999999999742e-01,5.488199999999999745e-01,5.523400000000000531e-01,5.693099999999999827e-01,5.739499999999999602e-01,5.667799999999999505e-01,0.000000000000000000e+00,5.663399999999999546e-01,5.482599999999999696e-01,5.625499999999999945e-01,5.837999999999999856e-01,5.816500000000000004e-01,5.594599999999999573e-01,5.577999999999999625e-01,5.635099999999999554e-01,5.666499999999999870e-01,5.507199999999999873e-01,5.852300000000000280e-01
5.550699999999999523e-01,5.483299999999999841e-01,5.784099999999999797e-01,5.713899999999999535e-01,5.923699999999999521e-01,5.773200000000000554e-01,6.015800000000000036e-01,5.726799999999999669e-01,5.808299999999999574e-01,5.738699999999999912e-01,5.672099999999999920e-01,5.993300000000000294e-01,5.922399999999999887e-01,5.486799999999999455e-01,5.525200000000000111e-01,5.535299999999999665e-01,5.761199999999999655e-01,5.673899999999999499e-01,5.705000000000000071e-01,5.614799999999999791e-01,5.710100000000000176e-01,5.526100000000000456e-01,5.676700000000000079e-01,5.662899999999999601e-01,5.618400000000000061e-01,5.628800000000000470e-01,5.611699999999999466e-01,5.696499999999999897e-01,5.641899999999999693e-01,5.487199999999999855e-01,5.619600000000000151e-01,5.877499999999999947e-01,6.110999999999999766e-01,5.812300000000000244e-01,5.882500000000000506e-01,5.614799999999999791e-01,5.866400000000000503e-01,5.953500000000000458e-01,5.744299999999999962e-01,5.994000000000000439e-01,5.935000000000000275e-01,5.806299999999999795e-01,5.893599999999999950e-01,6.036700000000000399e-01,5.972800000000000331e-01,0.000000000000000000e+00,5.521099999999999897e-01,5.613000000000000211e-01,5.852399999999999824e-01,5.837400000000000366e-01,5.563299999999999912e-01,6.045199999999999463e-01,5.917400000000000437e-01,5.684299999999999908e-01,5.909100000000000463e-01,5.648199999999999887e-01,5.975399999999999601e-01,5.815599999999999659e-01,5.834000000000000297e-01,5.427100000000000257e-01,5.499000000000000554e-01,5.745099999999999651e-01,5.742899999999999672e-01,5.670199999999999685e-01,0.000000000000000000e+00,5.564000000000000057e-01,0.000000000000000000e+00,5.542799999999999949e-01,5.759400000000000075e-01,5.797799999999999621e-01,5.595900000000000318e-01,5.499300000000000299e-01,5.594299999999999828e-01,5.570699999999999541e-01,0.000000000000000000e+00,5.800899999999999945e-01
5.759300000000000530e-01,5.617400000000000171e-01,5.971300000000000496e-01,5.923699999999999521e-01,6.286800000000000166e-01,5.946900000000000519e-01,6.328799999999999981e-01,6.046200000000000463e-01,6.025099999999999900e-01,6.053600000000000092e-01,5.946900000000000519e-01,6.306500000000000439e-01,6.216399999999999704e-01,5.637100000000000444e-01,5.693099999999999827e-01,5.755099999999999660e-01,6.089999999999999858e-01,5.897099999999999564e-01,5.892300000000000315e-01,5.786499999999999977e-01,6.035599999999999854e-01,5.588800000000000434e-01,5.860600000000000254e-01,5.785400000000000542e-01,5.757600000000000495e-01,5.749600000000000266e-01,5.759999999999999565e-01,5.915899999999999492e-01,5.745999999999999996e-01,5.657699999999999951e-01,5.791899999999999826e-01,6.179999999999999938e-01,6.420099999999999696e-01,6.006700000000000372e-01,6.094199999999999617e-01,5.894099999999999895e-01,6.245399999999999840e-01,6.146099999999999897e-01,6.068099999999999605e-01,6.165899999999999714e-01,6.223100000000000298e-01,6.068299999999999805e-01,6.247899999999999565e-01,6.400900000000000478e-01,6.247500000000000275e-01,5.602899999999999547e-01,5.601699999999999458e-01,5.727100000000000524e-01,6.105599999999999916e-01,6.165500000000000425e-01,5.695000000000000062e-01,6.381099999999999550e-01,6.206000000000000405e-01,5.845200000000000395e-01,6.221299999999999608e-01,5.906900000000000484e-01,6.352600000000000469e-01,6.118500000000000050e-01,6.189500000000000002e-01,5.635799999999999699e-01,5.662500000000000311e-01,5.941100000000000270e-01,5.958200000000000163e-01,5.841800000000000326e-01,0.000000000000000000e+00,5.895799999999999930e-01,5.504400000000000404e-01,5.666499999999999870e-01,6.021300000000000541e-01,5.975399999999999601e-01,5.741199999999999637e-01,5.660800000000000276e-01,5.810199999999999809e-01,5.723799999999999999e-01,5.654400000000000537e-01,6.031699999999999839e-01
5.535799999999999610e-01,5.520599999999999952e-01,5.828699999999999992e-01,5.773200000000000554e-01,5.946799999999999864e-01,5.812300000000000244e-01,6.045199999999999463e-01,5.903000000000000469e-01,5.860499999999999599e-01,5.805500000000000105e-01,5.715099999999999625e-01,5.975899999999999546e-01,5.971800000000000441e-01,5.517199999999999882e-01,5.541500000000000314e-01,5.585099999999999509e-01,5.850699999999999790e-01,5.761100000000000110e-01,5.783599999999999852e-01,5.660399999999999876e-01,5.750600000000000156e-01,5.526400000000000201e-01,5.756999999999999895e-01,5.650199999999999667e-01,5.668299999999999450e-01,5.610500000000000487e-01,5.653299999999999992e-01,5.734799999999999898e-01,5.677900000000000169e-01,5.563200000000000367e-01,5.626400000000000290e-01,5.931899999999999951e-01,6.135599999999999943e-01,5.774899999999999478e-01,5.857499999999999929e-01,5.714599999999999680e-01,5.976399999999999491e-01,5.962399999999999922e-01,5.837299999999999711e-01,6.002499999999999503e-01,5.912399999999999878e-01,5.829600000000000337e-01,6.021499999999999631e-01,6.081499999999999684e-01,6.120700000000000029e-01,0.000000000000000000e+00,5.526299999999999546e-01,5.660899999999999821e-01,5.899999999999999689e-01,5.845099999999999740e-01,5.610600000000000032e-01,6.081999999999999629e-01,5.977999999999999980e-01,5.731399999999999828e-01,5.972100000000000186e-01,5.687999999999999723e-01,6.016799999999999926e-01,5.877799999999999692e-01,5.947900000000000409e-01,5.480199999999999516e-01,5.544299999999999784e-01,5.741899999999999782e-01,5.762199999999999545e-01,5.717200000000000060e-01,0.000000000000000000e+00,5.618600000000000261e-01,5.457699999999999774e-01,5.606900000000000217e-01,5.794799999999999951e-01,5.832000000000000517e-01,5.593900000000000539e-01,5.562799999999999967e-01,5.663300000000000001e-01,5.642200000000000548e-01,5.587600000000000344e-01,5.835299999999999931e-01
5.761899999999999800e-01,5.663399999999999546e-01,6.029499999999999860e-01,6.015800000000000036e-01,6.328799999999999981e-01,6.045199999999999463e-01,6.408300000000000107e-01,6.183999999999999497e-01,6.132600000000000273e-01,6.076700000000000434e-01,6.007000000000000117e-01,6.348599999999999799e-01,6.286899999999999711e-01,5.709300000000000486e-01,5.733300000000000063e-01,5.784500000000000197e-01,6.130700000000000038e-01,5.975399999999999601e-01,5.985599999999999810e-01,5.864000000000000323e-01,6.027700000000000280e-01,5.695999999999999952e-01,5.972800000000000331e-01,5.912699999999999623e-01,5.879499999999999726e-01,5.840600000000000236e-01,5.861300000000000399e-01,5.985800000000000010e-01,5.868299999999999628e-01,5.775000000000000133e-01,5.867999999999999883e-01,6.305199999999999694e-01,6.531400000000000539e-01,6.054300000000000237e-01,6.216300000000000159e-01,5.941400000000000015e-01,6.310599999999999543e-01,6.237800000000000011e-01,6.202900000000000080e-01,6.302799999999999514e-01,6.232600000000000362e-01,6.094199999999999617e-01,6.285600000000000076e-01,6.476300000000000390e-01,6.347399999999999709e-01,5.520599999999999952e-01,5.697100000000000497e-01,5.804599999999999760e-01,6.188000000000000167e-01,6.197000000000000286e-01,5.795400000000000551e-01,6.451299999999999812e-01,6.290900000000000380e-01,5.955399999999999583e-01,6.262499999999999734e-01,5.975000000000000311e-01,6.357399999999999718e-01,6.187799999999999967e-01,6.237000000000000322e-01,5.663599999999999746e-01,5.737799999999999567e-01,6.010799999999999477e-01,6.044199999999999573e-01,5.880300000000000527e-01,5.500599999999999934e-01,5.868999999999999773e-01,5.610800000000000232e-01,5.757499999999999840e-01,6.054000000000000492e-01,6.082800000000000429e-01,5.815799999999999859e-01,5.732599999999999918e-01,5.871899999999999897e-01,5.834000000000000297e-01,5.721800000000000219e-01,6.107099999999999751e-01
5.709100000000000286e-01,5.517999999999999572e-01,5.831199999999999717e-01,5.726799999999999669e-01,6.046200000000000463e-01,5.903000000000000469e-01,6.183999999999999497e-01,6.083800000000000319e-01,5.934399999999999675e-01,5.939499999999999780e-01,5.800899999999999945e-01,6.090900000000000203e-01,6.059799999999999631e-01,5.653200000000000447e-01,5.660500000000000531e-01,5.669199999999999795e-01,5.954199999999999493e-01,5.804799999999999960e-01,5.874000000000000332e-01,5.752599999999999936e-01,5.919499999999999762e-01,5.546999999999999709e-01,5.860999999999999543e-01,5.836099999999999621e-01,5.713000000000000300e-01,5.693500000000000227e-01,5.736900000000000333e-01,5.835099999999999731e-01,5.728299999999999503e-01,5.661000000000000476e-01,5.723000000000000309e-01,6.028299999999999770e-01,6.355600000000000138e-01,5.827200000000000157e-01,5.814899999999999514e-01,5.812800000000000189e-01,5.950800000000000534e-01,5.949699999999999989e-01,5.991300000000000514e-01,6.042300000000000448e-01,5.991499999999999604e-01,5.877700000000000147e-01,6.193699999999999761e-01,6.200599999999999445e-01,6.168799999999999839e-01,0.000000000000000000e+00,5.568499999999999561e-01,5.635700000000000154e-01,6.032800000000000384e-01,5.982699999999999685e-01,5.672199999999999465e-01,6.214300000000000379e-01,6.197899999999999521e-01,5.869199999999999973e-01,6.072400000000000020e-01,5.820699999999999763e-01,6.159599999999999520e-01,6.006599999999999717e-01,6.128900000000000459e-01,5.570500000000000451e-01,5.638300000000000534e-01,5.812300000000000244e-01,5.862699999999999578e-01,5.777400000000000313e-01,0.000000000000000000e+00,5.803899999999999615e-01,5.518399999999999972e-01,5.648499999999999632e-01,5.854700000000000459e-01,5.966399999999999482e-01,5.687200000000000033e-01,5.638999999999999568e-01,5.745400000000000507e-01,5.699999999999999512e-01,5.698999999999999622e-01,5.928499999999999881e-01
5.513900000000000468e-01,5.530100000000000016e-01,5.870400000000000063e-01,5.808299999999999574e-01,6.025099999999999900e-01,5.860499999999999599e-01,6.132600000000000273e-01,5.934399999999999675e-01,5.984800000000000120e-01,5.837799999999999656e-01,5.773800000000000043e-01,6.014500000000000401e-01,6.059499999999999886e-01,5.474599999999999467e-01,5.529199999999999671e-01,5.617799999999999461e-01,5.968099999999999516e-01,5.850600000000000245e-01,5.809100000000000374e-01,5.709400000000000031e-01,5.766599999999999504e-01,5.565200000000000147e-01,5.804500000000000215e-01,5.649600000000000177e-01,5.732599999999999918e-01,5.646999999999999797e-01,5.721199999999999619e-01,5.785099999999999687e-01,5.733200000000000518e-01,5.623799999999999910e-01,5.664900000000000491e-01,6.011900000000000022e-01,6.208700000000000330e-01,5.767200000000000104e-01,5.942800000000000304e-01,5.747999999999999776e-01,6.065000000000000391e-01,6.027000000000000135e-01,5.901999999999999469e-01,6.060400000000000231e-01,5.949600000000000444e-01,5.809600000000000319e-01,6.110499999999999821e-01,6.180200000000000138e-01,6.213699999999999779e-01,0.000000000000000000e+00,5.595299999999999718e-01,5.683200000000000474e-01,5.953699999999999548e-01,5.907400000000000428e-01,5.658699999999999841e-01,6.175000000000000488e-01,5.958700000000000108e-01,5.797900000000000276e-01,6.043800000000000283e-01,5.766200000000000214e-01,6.048400000000000443e-01,5.971899999999999986e-01,5.996899999999999453e-01,5.498899999999999899e-01,5.577299999999999480e-01,5.763899999999999579e-01,5.813599999999999879e-01,5.685099999999999598e-01,5.448800000000000310e-01,5.595599999999999463e-01,5.525999999999999801e-01,5.640300000000000313e-01,5.803099999999999925e-01,5.872199999999999642e-01,5.602700000000000458e-01,5.608899999999999997e-01,5.722599999999999909e-01,5.716299999999999715e-01,5.672500000000000320e-01,5.879900000000000126e-01
5.631699999999999484e-01,5.523099999999999676e-01,5.776599999999999513e-01,5.738699999999999912e-01,6.053600000000000092e-01,5.805500000000000105e-01,6.076700000000000434e-01,5.939499999999999780e-01,5.837799999999999656e-01,5.814300000000000024e-01,5.761899999999999800e-01,6.004500000000000393e-01,5.965300000000000047e-01,5.569399999999999906e-01,5.516900000000000137e-01,5.619399999999999951e-01,5.885000000000000231e-01,5.728400000000000158e-01,5.753399999999999626e-01,5.627999999999999670e-01,5.791300000000000336e-01,5.491099999999999870e-01,5.720600000000000129e-01,5.605700000000000127e-01,5.597999999999999643e-01,5.580000000000000515e-01,5.624900000000000455e-01,5.725000000000000089e-01,5.623200000000000420e-01,5.564700000000000202e-01,5.619399999999999951e-01,5.886799999999999811e-01,6.088900000000000423e-01,5.771699999999999608e-01,5.805399999999999450e-01,5.811800000000000299e-01,6.025399999999999645e-01,5.937000000000000055e-01,5.800800000000000400e-01,6.048499999999999988e-01,5.988599999999999479e-01,5.870999999999999552e-01,6.074699999999999545e-01,6.120600000000000485e-01,6.148299999999999876e-01,5.491800000000000015e-01,5.486400000000000166e-01,5.604200000000000292e-01,5.919299999999999562e-01,5.900600000000000289e-01,5.542300000000000004e-01,6.110600000000000476e-01,5.977700000000000236e-01,5.703099999999999836e-01,6.021199999999999886e-01,5.717499999999999805e-01,6.074000000000000510e-01,5.892199999999999660e-01,5.968400000000000372e-01,5.490800000000000125e-01,5.480199999999999516e-01,5.783099999999999907e-01,5.746700000000000141e-01,5.694099999999999717e-01,0.000000000000000000e+00,5.667400000000000215e-01,0.000000000000000000e+00,5.570699999999999541e-01,5.791899999999999826e-01,5.805299999999999905e-01,5.581599999999999895e-01,5.538600000000000190e-01,5.670300000000000340e-01,5.615400000000000391e-01,5.655599999999999516e-01,5.839800000000000546e-01
5.563000000000000167e-01,5.444299999999999695e-01,5.731899999999999773e-01,5.672099999999999920e-01,5.946900000000000519e-01,5.715099999999999625e-01,6.007000000000000117e-01,5.800899999999999945e-01,5.773800000000000043e-01,5.761899999999999800e-01,5.681699999999999529e-01,5.912600000000000078e-01,5.906700000000000284e-01,5.434499999999999886e-01,5.469000000000000528e-01,5.535600000000000520e-01,5.832600000000000007e-01,5.647299999999999542e-01,5.696600000000000552e-01,5.581300000000000150e-01,5.750800000000000356e-01,5.421599999999999753e-01,5.666400000000000325e-01,5.574799999999999756e-01,5.551399999999999668e-01,5.522399999999999531e-01,5.561500000000000332e-01,5.662800000000000056e-01,5.556299999999999573e-01,5.483000000000000096e-01,5.546799999999999509e-01,5.843500000000000361e-01,6.066200000000000481e-01,5.692599999999999882e-01,5.797799999999999621e-01,5.677499999999999769e-01,5.885399999999999521e-01,5.883300000000000196e-01,5.749900000000000011e-01,5.903699999999999504e-01,5.891699999999999715e-01,5.748699999999999921e-01,6.014500000000000401e-01,6.036099999999999799e-01,6.032699999999999729e-01,0.000000000000000000e+00,5.437400000000000011e-01,5.519399999999999862e-01,5.851499999999999480e-01,5.837999999999999856e-01,5.542399999999999549e-01,6.036099999999999799e-01,5.889299999999999535e-01,5.651800000000000157e-01,5.910800000000000498e-01,5.685700000000000198e-01,5.973699999999999566e-01,5.844899999999999540e-01,5.914700000000000513e-01,5.425499999999999767e-01,5.457100000000000284e-01,5.684000000000000163e-01,5.710300000000000376e-01,5.616999999999999771e-01,0.000000000000000000e+00,5.593399999999999483e-01,0.000000000000000000e+00,5.486900000000000110e-01,5.719199999999999839e-01,5.737499999999999822e-01,5.510500000000000398e-01,5.480599999999999916e-01,5.601399999999999713e-01,5.563700000000000312e-01,5.545700000000000074e-01,5.763399999999999634e-01
5.730699999999999683e-01,5.606900000000000217e-01,5.902899999999999814e-01,5.993300000000000294e-01,6.306500000000000439e-01,5.975899999999999546e-01,6.348599999999999799e-01,6.090900000000000203e-01,6.014500000000000401e-01,6.004500000000000393e-01,5.912600000000000078e-01,6.253499999999999615e-01,6.210999999999999854e-01,5.668800000000000505e-01,5.729699999999999793e-01,5.746999999999999886e-01,6.046799999999999953e-01,5.908700000000000063e-01,5.912399999999999878e-01,5.807999999999999829e-01,6.020499999999999741e-01,5.619899999999999896e-01,5.897200000000000220e-01,5.836000000000000076e-01,5.766900000000000359e-01,5.782199999999999562e-01,5.774399999999999533e-01,5.898299999999999654e-01,5.790499999999999536e-01,5.636299999999999644e-01,5.820600000000000218e-01,6.198799999999999866e-01,6.483299999999999619e-01,6.035800000000000054e-01,6.154300000000000326e-01,5.910300000000000553e-01,6.256300000000000194e-01,6.118000000000000105e-01,6.069600000000000550e-01,6.308599999999999763e-01,6.266899999999999693e-01,6.110499999999999821e-01,6.216099999999999959e-01,6.351400000000000379e-01,6.265100000000000113e-01,5.525999999999999801e-01,5.601500000000000368e-01,5.684900000000000508e-01,6.133499999999999508e-01,6.163100000000000245e-01,5.711899999999999755e-01,6.388300000000000090e-01,6.209200000000000275e-01,5.893500000000000405e-01,6.203100000000000280e-01,5.906299999999999883e-01,6.363999999999999657e-01,6.112300000000000511e-01,6.188399999999999457e-01,5.584999999999999964e-01,5.647999999999999687e-01,5.954599999999999893e-01,5.994500000000000384e-01,5.844700000000000450e-01,5.420399999999999663e-01,5.833700000000000552e-01,5.535799999999999610e-01,5.639600000000000168e-01,5.985599999999999810e-01,5.986700000000000355e-01,5.753300000000000081e-01,5.645799999999999708e-01,5.781199999999999672e-01,5.768400000000000194e-01,5.651699999999999502e-01,6.078099999999999614e-01
5.677600000000000424e-01,5.614900000000000446e-01,5.969799999999999551e-01,5.922399999999999887e-01,6.216399999999999704e-01,5.971800000000000441e-01,6.286899999999999711e-01,6.059799999999999631e-01,6.059499999999999886e-01,5.965300000000000047e-01,5.906700000000000284e-01,6.210999999999999854e-01,6.175100000000000033e-01,5.637900000000000134e-01,5.664599999999999635e-01,5.701399999999999801e-01,6.029999999999999805e-01,5.895000000000000240e-01,5.918499999999999872e-01,5.783300000000000107e-01,5.928099999999999481e-01,5.641199999999999548e-01,5.894099999999999895e-01,5.783199999999999452e-01,5.806700000000000195e-01,5.751800000000000246e-01,5.789499999999999647e-01,5.898900000000000254e-01,5.810400000000000009e-01,5.730499999999999483e-01,5.762500000000000400e-01,6.172900000000000054e-01,6.365499999999999492e-01,5.920800000000000507e-01,6.068400000000000460e-01,5.857200000000000184e-01,6.187200000000000477e-01,6.134800000000000253e-01,6.072899999999999965e-01,6.211900000000000199e-01,6.109999999999999876e-01,6.000400000000000178e-01,6.185899999999999732e-01,6.347300000000000164e-01,6.269799999999999818e-01,5.486100000000000421e-01,5.648900000000000032e-01,5.780300000000000438e-01,6.070999999999999730e-01,6.058099999999999596e-01,5.706599999999999451e-01,6.317199999999999482e-01,6.157899999999999485e-01,5.864099999999999868e-01,6.172299999999999454e-01,5.866000000000000103e-01,6.227099999999999858e-01,6.072100000000000275e-01,6.116899999999999560e-01,5.597299999999999498e-01,5.660600000000000076e-01,5.928099999999999481e-01,5.932399999999999896e-01,5.821899999999999853e-01,5.465299999999999603e-01,5.781600000000000072e-01,5.553900000000000503e-01,5.715400000000000480e-01,5.967700000000000227e-01,5.998200000000000198e-01,5.730899999999999883e-01,5.680699999999999639e-01,5.808999999999999719e-01,5.770699999999999719e-01,5.698999999999999622e-01,6.001699999999999813e-01
0.000000000000000000e+00,0.000000000000000000e+00,5.498800000000000354e-01,5.486799999999999455e-01,5.637100000000000444e-01,5.517199999999999882e-01,5.709300000000000486e-01,5.653200000000000447e-01,5.474599999999999467e-01,5.569399999999999906e-01,5.434499999999999886e-01,5.668800000000000505e-01,5.637900000000000134e-01,0.000000000000000000e+00,0.000000000000000000e+00,0.000000000000000000e+00,5.522899999999999476e-01,0.000000000000000000e+00,5.464700000000000113e-01,0.000000000000000000e+00,5.545299999999999674e-01,0.000000000000000000e+00,5.443999999999999950e-01,5.425699999999999967e-01,0.000000000000000000e+00,0.000000000000000000e+00,0.000000000000000000e+00,5.489500000000000490e-01,0.000000000000000000e+00,0.000000000000000000e+00,0.000000000000000000e+00,5.542300000000000004e-01,5.682500000000000329e-01,5.454499999999999904e-01,5.509699999999999598e-01,5.507300000000000528e-01,5.604000000000000092e-01,5.565700000000000092e-01,5.465600000000000458e-01,5.578300000000000480e-01,5.577800000000000535e-01,5.579600000000000115e-01,5.659800000000000386e-01,5.737799999999999567e-01,5.508600000000000163e-01,0.000000000000000000e+00,0.000000000000000000e+00,0.000000000000000000e+00,5.587299999999999489e-01,5.602000000000000313e-01,0.000000000000000000e+00,5.729800000000000448e-01,5.680399999999999894e-01,5.469199999999999617e-01,5.644500000000000073e-01,5.447400000000000020e-01,5.704799999999999871e-01,5.581800000000000095e-01,5.613099999999999756e-01,0.000000000000000000e+00,0.000000000000000000e+00,5.463000000000000078e-01,5.545700000000000074e-01,5.503900000000000459e-01,0.000000000000000000e+00,5.423700000000000188e-01,0.000000000000000000e+00,0.000000000000000000e+00,5.552700000000000413e-01,5.545600000000000529e-01,0.000000000000000000e+00,0.000000000000000000e+00,5.419000000000000483e-01,0.000000000000000000e+00,0.000000000000000000e+00,5.519500000000000517e-01
5.499100000000000099e-01,0.000000000000000000e+00,5.564000000000000057e-01,5.525200000000000111e-01,5.693099999999999827e-01,5.541500000000000314e-01,5.733300000000000063e-01,5.660500000000000531e-01,5.529199999999999671e-01,5.516900000000000137e-01,5.469000000000000528e-01,5.729699999999999793e-01,5.664599999999999635e-01,0.000000000000000000e+00,5.414499999999999869e-01,0.000000000000000000e+00,5.555999999999999828e-01,5.452399999999999469e-01,5.528499999999999526e-01,5.416199999999999903e-01,5.622000000000000330e-01,0.000000000000000000e+00,5.520399999999999752e-01,5.475499999999999812e-01,0.000000000000000000e+00,5.428399999999999892e-01,0.000000000000000000e+00,5.482099999999999751e-01,0.000000000000000000e+00,0.000000000000000000e+00,5.418699999999999628e-01,5.642899999999999583e-01,5.867299999999999738e-01,5.616799999999999571e-01,5.572200000000000486e-01,5.461099999999999843e-01,5.644200000000000328e-01,5.679600000000000204e-01,5.557199999999999918e-01,5.686799999999999633e-01,5.727299999999999613e-01,5.666200000000000125e-01,5.727400000000000269e-01,5.759499999999999620e-01,5.716700000000000115e-01,0.000000000000000000e+00,0.000000000000000000e+00,0.000000000000000000e+00,5.678600000000000314e-01,5.582500000000000240e-01,0.000000000000000000e+00,5.777700000000000058e-01,5.789999999999999591e-01,5.482599999999999696e-01,5.671100000000000030e-01,5.429300000000000237e-01,5.790899999999999936e-01,5.613000000000000211e-01,5.647100000000000453e-01,0.000000000000000000e+00,0.000000000000000000e+00,5.467199999999999838e-01,5.492399999999999505e-01,5.460300000000000153e-01,0.000000000000000000e+00,5.497699999999999809e-01,0.000000000000000000e+00,0.000000000000000000e+00,5.589499999999999469e-01,5.542200000000000459e-01,0.000000000000000000e+00,0.000000000000000000e+00,0.000000000000000000e+00,0.000000000000000000e+00,0.000000000000000000e+00,5.590000000000000524e-01
5.453900000000000414e-01,0.000000000000000000e+00,5.586200000000000054e-01,5.535299999999999665e-01,5.755099999999999660e-01,5.585099999999999509e-01,5.784500000000000197e-01,5.669199999999999795e-01,5.617799999999999461e-01,5.619399999999999951e-01,5.535600000000000520e-01,5.746999999999999886e-01,5.701399999999999801e-01,0.000000000000000000e+00,0.000000000000000000e+00,0.000000000000000000e+00,5.643799999999999928e-01,5.495299999999999629e-01,5.542500000000000204e-01,5.462799999999999878e-01,5.584799999999999764e-01,0.000000000000000000e+00,5.521700000000000497e-01,5.425799999999999512e-01,5.425600000000000422e-01,0.000000000000000000e+00,5.441000000000000281e-01,5.529100000000000126e-01,5.456100000000000394e-01,5.436199999999999921e-01,0.000000000000000000e+00,5.616200000000000081e-01,5.889900000000000135e-01,5.546999999999999709e-01,5.524299999999999766e-01,5.576499999999999790e-01,5.725099999999999634e-01,5.741600000000000037e-01,5.544200000000000239e-01,5.730800000000000338e-01,5.694599999999999662e-01,5.612099999999999866e-01,5.888999999999999790e-01,5.847700000000000120e-01,5.838499999999999801e-01,0.000000000000000000e+00,0.000000000000000000e+00,5.418800000000000283e-01,5.712500000000000355e-01,5.667200000000000015e-01,0.000000000000000000e+00,5.811100000000000154e-01,5.746499999999999941e-01,5.491200000000000525e-01,5.734299999999999953e-01,5.516199999999999992e-01,5.764599999999999724e-01,5.649699999999999722e-01,5.771500000000000519e-01,0.000000000000000000e+00,0.000000000000000000e+00,5.548600000000000199e-01,5.534400000000000430e-01,5.522500000000000187e-01,0.000000000000000000e+00,5.472099999999999742e-01,0.000000000000000000e+00,0.000000000000000000e+00,5.584299999999999820e-01,5.592899999999999539e-01,0.000000000000000000e+00,0.000000000000000000e+00,5.459699999999999553e-01,5.413299999999999779e-01,5.430399999999999672e-01,5.616999999999999771e-01
5.649999999999999467e-01,5.579800000000000315e-01,5.875299999999999967e-01,5.761199999999999655e-01,6.089999999999999858e-01,5.850699999999999790e-01,6.130700000000000038e-01,5.954199999999999493e-01,5.968099999999999516e-01,5.885000000000000231e-01,5.832600000000000007e-01,6.046799999999999953e-01,6.029999999999999805e-01,5.522899999999999476e-01,5.555999999999999828e-01,5.643799999999999928e-01,5.919999999999999707e-01,5.789900000000000047e-01,5.904300000000000104e-01,5.729499999999999593e-01,5.809400000000000119e-01,5.572200000000000486e-01,5.823399999999999688e-01,5.666700000000000070e-01,5.662199999999999456e-01,5.636200000000000099e-01,5.688699999999999868e-01,5.770999999999999464e-01,5.700499999999999456e-01,5.622500000000000275e-01,5.667299999999999560e-01,5.968200000000000172e-01,6.123300000000000409e-01,5.816000000000000059e-01,5.863000000000000433e-01,5.795700000000000296e-01,5.999600000000000488e-01,6.129999999999999893e-01,5.919499999999999762e-01,6.112900000000000000e-01,6.060900000000000176e-01,5.963899999999999757e-01,6.182900000000000063e-01,6.168400000000000549e-01,6.310499999999999998e-01,5.502099999999999769e-01,5.575499999999999901e-01,5.699600000000000222e-01,6.005099999999999882e-01,5.893399999999999750e-01,5.635999999999999899e-01,6.142600000000000282e-01,6.064500000000000446e-01,5.773700000000000498e-01,6.077099999999999724e-01,5.773599999999999843e-01,6.116399999999999615e-01,5.966200000000000392e-01,6.032199999999999784e-01,5.571700000000000541e-01,5.550699999999999523e-01,5.804500000000000215e-01,5.806900000000000395e-01,5.687600000000000433e-01,5.431700000000000417e-01,5.688900000000000068e-01,5.491300000000000070e-01,5.663899999999999491e-01,5.859600000000000364e-01,5.858900000000000219e-01,5.612800000000000011e-01,5.603900000000000547e-01,5.723799999999999999e-01,5.697200000000000042e-01,5.688100000000000378e-01,5.910800000000000498e-01
5.464400000000000368e-01,5.446999999999999620e-01,5.756299999999999750e-01,5.673899999999999499e-01,5.897099999999999564e-01,5.761100000000000110e-01,5.975399999999999601e-01,5.804700000000000415e-01,5.850600000000000245e-01,5.728400000000000158e-01,5.647299999999999542e-01,5.908700000000000063e-01,5.895000000000000240e-01,0.000000000000000000e+00,5.452399999999999469e-01,5.495299999999999629e-01,5.789900000000000047e-01,5.647799999999999487e-01,5.693399999999999572e-01,5.598199999999999843e-01,5.657100000000000461e-01,5.467400000000000038e-01,5.696200000000000152e-01,5.582500000000000240e-01,5.582000000000000295e-01,5.541599999999999859e-01,5.589600000000000124e-01,5.651399999999999757e-01,5.627499999999999725e-01,5.525499999999999856e-01,5.554999999999999938e-01,5.847799999999999665e-01,6.131600000000000383e-01,5.709600000000000231e-01,5.748499999999999721e-01,5.567999999999999616e-01,5.834200000000000497e-01,5.973899999999999766e-01,5.797499999999999876e-01,5.907099999999999573e-01,5.872600000000000042e-01,5.762599999999999945e-01,6.006899999999999462e-01,6.034500000000000419e-01,6.052499999999999547e-01,0.000000000000000000e+00,5.442200000000000371e-01,5.596299999999999608e-01,5.842000000000000526e-01,5.755299999999999860e-01,5.525799999999999601e-01,5.974699999999999456e-01,5.946700000000000319e-01,5.642899999999999583e-01,5.891199999999999770e-01,5.625000000000000000e-01,5.949100000000000499e-01,5.809999999999999609e-01,5.873300000000000187e-01,5.417399999999999993e-01,5.476199999999999957e-01,5.666200000000000125e-01,5.686400000000000343e-01,5.618800000000000461e-01,0.000000000000000000e+00,5.539500000000000535e-01,0.000000000000000000e+00,5.525900000000000256e-01,5.728400000000000158e-01,5.752899999999999681e-01,5.501500000000000279e-01,5.496600000000000374e-01,5.581899999999999640e-01,5.578999999999999515e-01,5.494400000000000395e-01,5.768900000000000139e-01
5.626900000000000235e-01,5.463299999999999823e-01,5.832600000000000007e-01,5.704900000000000526e-01,5.892300000000000315e-01,5.783599999999999852e-01,5.985599999999999810e-01,5.874000000000000332e-01,5.809100000000000374e-01,5.753500000000000281e-01,5.696600000000000552e-01,5.912399999999999878e-01,5.918499999999999872e-01,5.464700000000000113e-01,5.528499999999999526e-01,5.542500000000000204e-01,5.904300000000000104e-01,5.693399999999999572e-01,5.766599999999999504e-01,5.627699999999999925e-01,5.749499999999999611e-01,5.481700000000000461e-01,5.750899999999999901e-01,5.636100000000000554e-01,5.579399999999999915e-01,5.564099999999999602e-01,5.599199999999999733e-01,5.677100000000000479e-01,5.613200000000000411e-01,5.539399999999999880e-01,5.587100000000000399e-01,5.882199999999999651e-01,6.073899999999999855e-01,5.777400000000000313e-01,5.834000000000000297e-01,5.669899999999999940e-01,5.875799999999999912e-01,6.034199999999999564e-01,5.791800000000000281e-01,5.932600000000000096e-01,5.968400000000000372e-01,5.857299999999999729e-01,6.090700000000000003e-01,6.030299999999999550e-01,6.200299999999999701e-01,5.449600000000000000e-01,5.466600000000000348e-01,5.631899999999999684e-01,5.910300000000000553e-01,5.752399999999999736e-01,5.594299999999999828e-01,6.011400000000000077e-01,5.991100000000000314e-01,5.687799999999999523e-01,5.935099999999999820e-01,5.663899999999999491e-01,6.007500000000000062e-01,5.849199999999999955e-01,5.914700000000000513e-01,5.460099999999999953e-01,5.481599999999999806e-01,5.711899999999999755e-01,5.720899999999999874e-01,5.656099999999999461e-01,0.000000000000000000e+00,5.624599999999999600e-01,5.425400000000000222e-01,5.574599999999999556e-01,5.772800000000000153e-01,5.778200000000000003e-01,5.542099999999999804e-01,5.540800000000000169e-01,5.616499999999999826e-01,5.632300000000000084e-01,5.549500000000000544e-01,5.813300000000000134e-01
5.420199999999999463e-01,0.000000000000000000e+00,5.644700000000000273e-01,5.614799999999999791e-01,5.786499999999999977e-01,5.660399999999999876e-01,5.864000000000000323e-01,5.752599999999999936e-01,5.709400000000000031e-01,5.627999999999999670e-01,5.581300000000000150e-01,5.807999999999999829e-01,5.783300000000000107e-01,0.000000000000000000e+00,5.416299999999999448e-01,5.462799999999999878e-01,5.729499999999999593e-01,5.598199999999999843e-01,5.627699999999999925e-01,5.503200000000000314e-01,5.597699999999999898e-01,0.000000000000000000e+00,5.586100000000000509e-01,5.517499999999999627e-01,5.486100000000000421e-01,5.474599999999999467e-01,5.503900000000000459e-01,5.562700000000000422e-01,5.527900000000000036e-01,0.000000000000000000e+00,5.493700000000000250e-01,5.732300000000000173e-01,5.929200000000000026e-01,5.653200000000000447e-01,5.735799999999999788e-01,5.581899999999999640e-01,5.801199999999999690e-01,5.812699999999999534e-01,5.610500000000000487e-01,5.856000000000000094e-01,5.798499999999999766e-01,5.658699999999999841e-01,5.846599999999999575e-01,5.880999999999999561e-01,5.988499999999999934e-01,0.000000000000000000e+00,0.000000000000000000e+00,5.494799999999999685e-01,5.742199999999999527e-01,5.660899999999999821e-01,5.462099999999999733e-01,5.887900000000000356e-01,5.822199999999999598e-01,5.586900000000000199e-01,5.809299999999999464e-01,5.549199999999999688e-01,5.873099999999999987e-01,5.710800000000000320e-01,5.740800000000000347e-01,0.000000000000000000e+00,0.000000000000000000e+00,5.594799999999999773e-01,5.603500000000000147e-01,5.553700000000000303e-01,0.000000000000000000e+00,5.464599999999999458e-01,0.000000000000000000e+00,5.447899999999999965e-01,5.647100000000000453e-01,5.652599999999999847e-01,5.448100000000000165e-01,5.426699999999999857e-01,5.504200000000000204e-01,5.521500000000000297e-01,5.448699999999999655e-01,5.690699999999999648e-01
5.722500000000000364e-01,5.497100000000000319e-01,5.765799999999999814e-01,5.710100000000000176e-01,6.035599999999999854e-01,5.750600000000000156e-01,6.027700000000000280e-01,5.919499999999999762e-01,5.766599999999999504e-01,5.791300000000000336e-01,5.750800000000000356e-01,6.020499999999999741e-01,5.928099999999999481e-01,5.545299999999999674e-01,5.622000000000000330e-01,5.584799999999999764e-01,5.809400000000000119e-01,5.657100000000000461e-01,5.749499999999999611e-01,5.597699999999999898e-01,5.867599999999999483e-01,5.433599999999999541e-01,5.724500000000000144e-01,5.663799999999999946e-01,5.545999999999999819e-01,5.586999999999999744e-01,5.544499999999999984e-01,5.684099999999999708e-01,5.562300000000000022e-01,5.473799999999999777e-01,5.619399999999999951e-01,5.917400000000000437e-01,6.108799999999999786e-01,5.840600000000000236e-01,5.825900000000000523e-01,5.704700000000000326e-01,5.921699999999999742e-01,5.940699999999999870e-01,5.852500000000000480e-01,5.957400000000000473e-01,6.008499999999999952e-01,5.949600000000000444e-01,6.005099999999999882e-01,6.102699999999999791e-01,6.020699999999999941e-01,5.584200000000000275e-01,0.000000000000000000e+00,5.527300000000000546e-01,5.939699999999999980e-01,5.841699999999999671e-01,5.520500000000000407e-01,6.077700000000000324e-01,6.034800000000000164e-01,5.662800000000000056e-01,5.976900000000000546e-01,5.685700000000000198e-01,6.108799999999999786e-01,5.876500000000000057e-01,5.913500000000000423e-01,5.487300000000000511e-01,5.437400000000000011e-01,5.723700000000000454e-01,5.712899999999999645e-01,5.669499999999999540e-01,0.000000000000000000e+00,5.762100000000000000e-01,0.000000000000000000e+00,5.506799999999999473e-01,5.820600000000000218e-01,5.749300000000000521e-01,5.574099999999999611e-01,5.477999999999999536e-01,5.597499999999999698e-01,5.547999999999999599e-01,5.467300000000000493e-01,5.813800000000000079e-01
