5.715099999999999625e-01,0.000000000000000000e+00,5.531899999999999595e-01,5.996399999999999508e-01,5.703099999999999836e-01,5.555099999999999483e-01,5.794399999999999551e-01,5.899100000000000454e-01,5.558100000000000263e-01,5.639800000000000368e-01,5.557900000000000063e-01,5.756700000000000150e-01,5.662199999999999456e-01,5.663099999999999801e-01,0.000000000000000000e+00,0.000000000000000000e+00,5.552700000000000413e-01,5.501000000000000334e-01,0.000000000000000000e+00,0.000000000000000000e+00,5.650100000000000122e-01,0.000000000000000000e+00,0.000000000000000000e+00,5.673399999999999554e-01,5.469100000000000072e-01,5.507999999999999563e-01,0.000000000000000000e+00,5.526999999999999691e-01,0.000000000000000000e+00,0.000000000000000000e+00,5.614799999999999791e-01,5.824700000000000433e-01,5.917999999999999927e-01,5.840899999999999981e-01,5.857900000000000329e-01,5.693300000000000027e-01,5.867299999999999738e-01,5.860699999999999799e-01,6.037599999999999634e-01,6.057700000000000307e-01,5.825799999999999867e-01,5.887900000000000356e-01,5.507999999999999563e-01,5.795400000000000551e-01,5.919900000000000162e-01,5.581899999999999640e-01,5.494999999999999885e-01,0.000000000000000000e+00,5.769199999999999884e-01,5.757600000000000495e-01,0.000000000000000000e+00,5.781199999999999672e-01,5.617299999999999516e-01,5.566100000000000492e-01,5.568999999999999506e-01,5.477600000000000247e-01,5.739300000000000512e-01,5.572300000000000031e-01,5.546699999999999964e-01,0.000000000000000000e+00,0.000000000000000000e+00,5.859999999999999654e-01,5.543099999999999694e-01,5.422500000000000098e-01,0.000000000000000000e+00,5.850400000000000045e-01,0.000000000000000000e+00,0.000000000000000000e+00,5.803300000000000125e-01,5.543099999999999694e-01,5.605700000000000127e-01,0.000000000000000000e+00,5.458399999999999919e-01,0.000000000000000000e+00,5.521099999999999897e-01,5.610399999999999832e-01
0.000000000000000000e+00,0.000000000000000000e+00,0.000000000000000000e+00,5.673099999999999810e-01,5.488499999999999490e-01,0.000000000000000000e+00,5.560399999999999787e-01,5.654200000000000337e-01,5.453299999999999814e-01,5.423099999999999588e-01,0.000000000000000000e+00,0.000000000000000000e+00,5.465700000000000003e-01,5.512599999999999723e-01,0.000000000000000000e+00,0.000000000000000000e+00,0.000000000000000000e+00,0.000000000000000000e+00,0.000000000000000000e+00,0.000000000000000000e+00,0.000000000000000000e+00,0.000000000000000000e+00,0.000000000000000000e+00,0.000000000000000000e+00,0.000000000000000000e+00,0.000000000000000000e+00,0.000000000000000000e+00,0.000000000000000000e+00,0.000000000000000000e+00,0.000000000000000000e+00,0.000000000000000000e+00,5.475400000000000267e-01,5.631800000000000139e-01,5.523400000000000531e-01,5.567999999999999616e-01,5.586900000000000199e-01,5.645200000000000218e-01,5.555400000000000338e-01,5.573099999999999721e-01,5.775299999999999878e-01,5.497999999999999554e-01,5.582799999999999985e-01,0.000000000000000000e+00,5.517499999999999627e-01,5.624099999999999655e-01,0.000000000000000000e+00,0.000000000000000000e+00,0.000000000000000000e+00,5.461099999999999843e-01,5.509800000000000253e-01,0.000000000000000000e+00,5.500199999999999534e-01,5.420599999999999863e-01,5.428899999999999837e-01,5.476999999999999647e-01,0.000000000000000000e+00,0.000000000000000000e+00,0.000000000000000000e+00,0.000000000000000000e+00,0.000000000000000000e+00,0.000000000000000000e+00,5.648499999999999632e-01,5.423999999999999932e-01,0.000000000000000000e+00,0.000000000000000000e+00,5.436699999999999866e-01,0.000000000000000000e+00,0.000000000000000000e+00,5.525700000000000056e-01,0.000000000000000000e+00,0.000000000000000000e+00,0.000000000000000000e+00,0.000000000000000000e+00,0.000000000000000000e+00,0.000000000000000000e+00,0.000000000000000000e+00
5.531899999999999595e-01,0.000000000000000000e+00,5.455200000000000049e-01,5.813800000000000079e-01,5.606600000000000472e-01,5.408100000000000129e-01,5.650300000000000322e-01,5.771600000000000064e-01,5.488399999999999945e-01,5.501300000000000079e-01,5.520300000000000207e-01,5.543799999999999839e-01,5.554700000000000193e-01,5.664799999999999836e-01,0.000000000000000000e+00,0.000000000000000000e+00,5.486900000000000110e-01,0.000000000000000000e+00,0.000000000000000000e+00,0.000000000000000000e+00,5.445400000000000240e-01,0.000000000000000000e+00,0.000000000000000000e+00,5.466199999999999948e-01,0.000000000000000000e+00,0.000000000000000000e+00,0.000000000000000000e+00,5.446199999999999930e-01,0.000000000000000000e+00,0.000000000000000000e+00,5.494499999999999940e-01,5.512200000000000433e-01,5.834300000000000042e-01,5.778900000000000148e-01,5.743599999999999817e-01,5.701899999999999746e-01,5.731600000000000028e-01,5.750100000000000211e-01,5.692599999999999882e-01,5.915000000000000258e-01,5.723200000000000509e-01,5.712199999999999500e-01,5.536400000000000210e-01,5.677900000000000169e-01,5.689400000000000013e-01,0.000000000000000000e+00,0.000000000000000000e+00,0.000000000000000000e+00,5.632800000000000029e-01,5.649999999999999467e-01,0.000000000000000000e+00,5.617699999999999916e-01,5.469800000000000217e-01,5.531199999999999450e-01,5.492099999999999760e-01,0.000000000000000000e+00,5.503200000000000314e-01,5.481200000000000516e-01,5.550899999999999723e-01,0.000000000000000000e+00,0.000000000000000000e+00,5.694299999999999917e-01,5.421700000000000408e-01,0.000000000000000000e+00,0.000000000000000000e+00,5.558899999999999952e-01,0.000000000000000000e+00,0.000000000000000000e+00,5.622599999999999820e-01,5.440700000000000536e-01,5.465999999999999748e-01,0.000000000000000000e+00,0.000000000000000000e+00,0.000000000000000000e+00,5.427600000000000202e-01,5.459800000000000209e-01
5.996399999999999508e-01,5.673099999999999810e-01,5.813800000000000079e-01,6.431099999999999595e-01,6.172400000000000109e-01,5.864099999999999868e-01,6.291299999999999670e-01,6.311499999999999888e-01,5.956700000000000328e-01,6.087900000000000533e-01,5.915799999999999947e-01,6.162100000000000355e-01,6.102199999999999847e-01,6.085800000000000098e-01,5.405499999999999750e-01,5.412200000000000344e-01,5.934300000000000130e-01,5.909400000000000208e-01,5.620100000000000096e-01,5.667900000000000160e-01,5.955099999999999838e-01,5.538999999999999480e-01,5.636200000000000099e-01,5.915599999999999747e-01,5.830499999999999572e-01,5.835299999999999931e-01,5.685499999999999998e-01,5.953399999999999803e-01,5.545900000000000274e-01,5.813000000000000389e-01,5.978400000000000380e-01,6.215000000000000524e-01,6.389299999999999979e-01,6.265600000000000058e-01,6.281600000000000517e-01,6.200200000000000156e-01,6.319299999999999917e-01,6.319299999999999917e-01,6.390700000000000269e-01,6.585100000000000398e-01,6.218700000000000339e-01,6.279500000000000082e-01,5.912899999999999823e-01,6.239000000000000101e-01,6.360599999999999588e-01,5.924500000000000322e-01,5.905500000000000194e-01,5.572099999999999831e-01,6.226300000000000168e-01,6.311200000000000143e-01,5.591599999999999904e-01,6.195800000000000196e-01,5.966299999999999937e-01,5.961999999999999522e-01,6.004300000000000193e-01,5.934800000000000075e-01,6.136899999999999578e-01,5.946200000000000374e-01,5.969100000000000517e-01,5.538100000000000245e-01,5.674000000000000155e-01,6.382499999999999840e-01,5.952899999999999858e-01,5.763399999999999634e-01,5.609899999999999887e-01,6.259400000000000519e-01,5.628499999999999615e-01,5.604799999999999782e-01,6.181900000000000173e-01,5.916299999999999892e-01,5.958799999999999653e-01,5.520699999999999497e-01,5.859299999999999509e-01,5.605700000000000127e-01,5.905299999999999994e-01,5.951600000000000223e-01
5.703099999999999836e-01,5.488499999999999490e-01,5.606600000000000472e-01,6.172400000000000109e-01,5.975099999999999856e-01,5.710100000000000176e-01,6.040900000000000158e-01,6.030799999999999494e-01,5.834599999999999786e-01,5.938900000000000290e-01,5.771800000000000264e-01,5.911699999999999733e-01,5.883800000000000141e-01,5.887099999999999556e-01,0.000000000000000000e+00,0.000000000000000000e+00,5.829400000000000137e-01,5.709600000000000231e-01,5.536299999999999555e-01,5.515999999999999792e-01,5.685700000000000198e-01,0.000000000000000000e+00,5.476400000000000157e-01,5.610300000000000287e-01,5.704900000000000526e-01,5.628699999999999815e-01,5.556400000000000228e-01,5.755400000000000515e-01,5.477899999999999991e-01,5.695599999999999552e-01,5.710499999999999465e-01,5.964699999999999447e-01,6.165800000000000169e-01,5.967599999999999572e-01,6.034699999999999509e-01,6.001600000000000268e-01,6.096200000000000507e-01,6.047700000000000298e-01,6.148500000000000076e-01,6.275199999999999667e-01,5.920499999999999652e-01,6.083100000000000174e-01,5.768699999999999939e-01,6.044800000000000173e-01,6.172499999999999654e-01,5.687600000000000433e-01,5.722500000000000364e-01,5.455400000000000249e-01,5.998999999999999888e-01,6.080799999999999539e-01,5.477199999999999847e-01,5.944500000000000339e-01,5.753700000000000481e-01,5.835200000000000387e-01,5.889100000000000446e-01,5.768799999999999484e-01,5.832699999999999552e-01,5.806499999999999995e-01,5.844000000000000306e-01,0.000000000000000000e+00,5.493400000000000505e-01,6.190099999999999492e-01,5.780499999999999527e-01,5.595099999999999518e-01,5.445200000000000040e-01,5.937999999999999945e-01,5.500800000000000134e-01,5.405499999999999750e-01,5.832100000000000062e-01,5.784500000000000197e-01,5.758699999999999930e-01,5.406900000000000039e-01,5.693500000000000227e-01,5.489399999999999835e-01,5.690699999999999648e-01,5.708100000000000396e-01
5.555099999999999483e-01,0.000000000000000000e+00,5.408100000000000129e-01,5.864099999999999868e-01,5.710100000000000176e-01,5.487900000000000000e-01,5.770100000000000229e-01,5.777400000000000313e-01,5.574200000000000266e-01,5.584599999999999564e-01,5.510099999999999998e-01,5.584599999999999564e-01,5.619699999999999696e-01,5.675799999999999734e-01,0.000000000000000000e+00,0.000000000000000000e+00,5.510899999999999688e-01,5.520000000000000462e-01,0.000000000000000000e+00,0.000000000000000000e+00,5.431399999999999562e-01,0.000000000000000000e+00,0.000000000000000000e+00,5.456199999999999939e-01,5.473200000000000287e-01,5.456400000000000139e-01,0.000000000000000000e+00,5.541300000000000114e-01,0.000000000000000000e+00,5.426400000000000112e-01,5.527999999999999581e-01,5.680800000000000294e-01,5.902300000000000324e-01,5.750100000000000211e-01,5.784200000000000452e-01,5.749699999999999811e-01,5.821499999999999453e-01,5.737700000000000022e-01,5.827799999999999647e-01,6.054500000000000437e-01,5.704000000000000181e-01,5.804799999999999960e-01,5.516400000000000192e-01,5.700800000000000312e-01,5.808299999999999574e-01,5.529600000000000071e-01,5.465299999999999603e-01,0.000000000000000000e+00,5.669100000000000250e-01,5.738900000000000112e-01,0.000000000000000000e+00,5.704900000000000526e-01,5.516199999999999992e-01,5.580800000000000205e-01,5.554900000000000393e-01,5.467300000000000493e-01,5.556799999999999518e-01,5.540500000000000425e-01,5.578600000000000225e-01,0.000000000000000000e+00,0.000000000000000000e+00,5.754799999999999915e-01,5.558300000000000463e-01,0.000000000000000000e+00,0.000000000000000000e+00,5.607900000000000107e-01,0.000000000000000000e+00,0.000000000000000000e+00,5.649199999999999777e-01,5.516100000000000447e-01,5.541099999999999914e-01,0.000000000000000000e+00,5.452799999999999869e-01,0.000000000000000000e+00,5.433900000000000396e-01,5.537900000000000045e-01
5.794399999999999551e-01,5.560399999999999787e-01,5.650300000000000322e-01,6.291299999999999670e-01,6.040900000000000158e-01,5.770100000000000229e-01,6.106200000000000516e-01,6.127599999999999714e-01,5.876099999999999657e-01,5.976200000000000401e-01,5.835099999999999731e-01,5.959699999999999998e-01,5.943599999999999994e-01,5.961300000000000487e-01,0.000000000000000000e+00,0.000000000000000000e+00,5.854000000000000314e-01,5.755900000000000460e-01,5.529800000000000271e-01,5.580899999999999750e-01,5.742199999999999527e-01,5.463400000000000478e-01,5.535299999999999665e-01,5.680300000000000349e-01,5.746299999999999741e-01,5.686700000000000088e-01,5.605599999999999472e-01,5.815000000000000169e-01,5.493900000000000450e-01,5.706299999999999706e-01,5.782399999999999762e-01,6.006599999999999717e-01,6.231100000000000527e-01,6.040100000000000469e-01,6.074000000000000510e-01,6.076500000000000234e-01,6.179799999999999738e-01,6.096200000000000507e-01,6.255100000000000104e-01,6.432400000000000340e-01,6.012600000000000167e-01,6.169799999999999729e-01,5.811899999999999844e-01,6.082100000000000284e-01,6.209000000000000075e-01,5.779100000000000348e-01,5.768999999999999684e-01,5.477999999999999536e-01,6.008200000000000207e-01,6.114899999999999780e-01,5.491500000000000270e-01,6.027900000000000480e-01,5.819699999999999873e-01,5.872100000000000097e-01,5.941100000000000270e-01,5.803800000000000070e-01,5.898900000000000254e-01,5.863199999999999523e-01,5.882199999999999651e-01,0.000000000000000000e+00,5.528999999999999471e-01,6.257099999999999884e-01,5.862399999999999833e-01,5.618100000000000316e-01,5.494299999999999740e-01,6.016700000000000381e-01,5.541399999999999659e-01,5.464299999999999713e-01,5.948200000000000154e-01,5.824799999999999978e-01,5.816400000000000459e-01,5.435499999999999776e-01,5.747999999999999776e-01,5.533200000000000340e-01,5.738400000000000167e-01,5.792199999999999571e-01
5.899100000000000454e-01,5.654200000000000337e-01,5.771600000000000064e-01,6.311499999999999888e-01,6.030799999999999494e-01,5.777400000000000313e-01,6.127599999999999714e-01,6.347800000000000109e-01,5.881600000000000161e-01,5.995800000000000018e-01,5.940400000000000125e-01,6.108500000000000041e-01,5.954300000000000148e-01,6.007599999999999607e-01,5.564000000000000057e-01,0.000000000000000000e+00,5.954099999999999948e-01,5.779400000000000093e-01,5.667400000000000215e-01,5.714500000000000135e-01,5.830699999999999772e-01,5.527999999999999581e-01,5.753200000000000536e-01,5.931100000000000261e-01,5.725599999999999579e-01,5.757100000000000550e-01,5.645099999999999563e-01,5.841600000000000126e-01,5.431099999999999817e-01,5.707999999999999741e-01,5.910999999999999588e-01,6.034199999999999564e-01,6.385800000000000365e-01,6.232799999999999452e-01,6.108999999999999986e-01,6.163199999999999790e-01,6.278200000000000447e-01,6.314999999999999503e-01,6.251900000000000235e-01,6.419099999999999806e-01,6.204399999999999915e-01,6.152199999999999891e-01,5.904700000000000504e-01,6.233899999999999997e-01,6.161699999999999955e-01,5.815299999999999914e-01,5.697900000000000187e-01,5.607199999999999962e-01,6.058499999999999996e-01,6.126300000000000079e-01,5.602099999999999858e-01,6.091999999999999638e-01,6.073100000000000165e-01,5.942300000000000360e-01,5.956299999999999928e-01,5.811100000000000154e-01,5.993500000000000494e-01,5.852500000000000480e-01,5.923800000000000177e-01,5.591399999999999704e-01,5.576299999999999590e-01,6.199900000000000411e-01,5.864399999999999613e-01,5.664599999999999635e-01,5.565900000000000292e-01,5.996899999999999453e-01,5.531899999999999595e-01,5.649399999999999977e-01,6.088700000000000223e-01,5.776999999999999913e-01,5.868799999999999573e-01,5.560000000000000497e-01,5.723799999999999999e-01,5.597199999999999953e-01,5.781699999999999617e-01,5.844599999999999795e-01
5.558100000000000263e-01,5.453299999999999814e-01,5.488399999999999945e-01,5.956700000000000328e-01,5.834599999999999786e-01,5.574200000000000266e-01,5.876099999999999657e-01,5.881600000000000161e-01,5.703500000000000236e-01,5.729400000000000048e-01,5.626200000000000090e-01,5.699499999999999567e-01,5.743899999999999562e-01,5.795799999999999841e-01,0.000000000000000000e+00,0.000000000000000000e+00,5.677799999999999514e-01,5.622700000000000475e-01,0.000000000000000000e+00,5.465799999999999548e-01,5.507800000000000473e-01,0.000000000000000000e+00,5.415200000000000014e-01,5.526299999999999546e-01,5.582300000000000040e-01,5.546699999999999964e-01,5.457300000000000484e-01,5.645200000000000218e-01,0.000000000000000000e+00,5.571199999999999486e-01,5.600899999999999768e-01,5.785400000000000542e-01,5.951400000000000023e-01,5.810899999999999954e-01,5.887400000000000411e-01,5.873300000000000187e-01,5.895299999999999985e-01,5.837099999999999511e-01,5.907700000000000173e-01,6.155500000000000416e-01,5.743399999999999617e-01,5.892800000000000260e-01,5.630300000000000304e-01,5.813800000000000079e-01,5.990299999999999514e-01,5.608300000000000507e-01,5.570500000000000451e-01,0.000000000000000000e+00,5.798499999999999766e-01,5.856299999999999839e-01,0.000000000000000000e+00,5.790199999999999791e-01,5.658300000000000551e-01,5.711800000000000210e-01,5.713599999999999790e-01,5.608400000000000052e-01,5.653500000000000192e-01,5.672899999999999610e-01,5.683599999999999763e-01,0.000000000000000000e+00,0.000000000000000000e+00,5.948099999999999499e-01,5.682700000000000529e-01,5.477600000000000247e-01,0.000000000000000000e+00,5.712300000000000155e-01,5.432399999999999451e-01,0.000000000000000000e+00,5.764000000000000234e-01,5.652000000000000357e-01,5.636499999999999844e-01,0.000000000000000000e+00,5.583099999999999730e-01,5.421500000000000208e-01,5.575400000000000356e-01,5.619699999999999696e-01
5.639800000000000368e-01,5.423099999999999588e-01,5.501300000000000079e-01,6.087900000000000533e-01,5.938900000000000290e-01,5.584599999999999564e-01,5.976200000000000401e-01,5.995800000000000018e-01,5.729400000000000048e-01,5.822899999999999743e-01,5.739300000000000512e-01,5.833300000000000152e-01,5.774899999999999478e-01,5.860199999999999854e-01,0.000000000000000000e+00,0.000000000000000000e+00,5.697699999999999987e-01,5.624000000000000110e-01,5.465299999999999603e-01,5.472399999999999487e-01,5.622300000000000075e-01,0.000000000000000000e+00,5.460899999999999643e-01,5.569600000000000106e-01,5.603599999999999692e-01,5.546299999999999564e-01,5.495400000000000285e-01,5.683000000000000274e-01,0.000000000000000000e+00,5.603900000000000547e-01,5.644400000000000528e-01,5.836299999999999821e-01,6.029099999999999460e-01,5.878700000000000037e-01,5.891199999999999770e-01,6.004000000000000448e-01,6.046599999999999753e-01,5.922800000000000287e-01,6.032699999999999729e-01,6.205399999999999805e-01,5.856500000000000039e-01,5.948700000000000099e-01,5.765400000000000524e-01,6.008000000000000007e-01,5.966900000000000537e-01,5.676900000000000279e-01,5.622000000000000330e-01,0.000000000000000000e+00,5.877900000000000347e-01,6.007900000000000462e-01,0.000000000000000000e+00,5.892899999999999805e-01,5.703599999999999781e-01,5.726099999999999524e-01,5.816299999999999804e-01,5.667600000000000415e-01,5.746799999999999686e-01,5.700499999999999456e-01,5.796799999999999731e-01,0.000000000000000000e+00,5.440300000000000136e-01,6.010499999999999732e-01,5.716299999999999715e-01,5.486299999999999510e-01,0.000000000000000000e+00,5.829499999999999682e-01,5.411399999999999544e-01,0.000000000000000000e+00,5.772899999999999698e-01,5.685499999999999998e-01,5.681100000000000039e-01,0.000000000000000000e+00,5.614299999999999846e-01,5.432099999999999707e-01,5.629699999999999704e-01,5.653799999999999937e-01
5.557900000000000063e-01,0.000000000000000000e+00,5.520300000000000207e-01,5.915799999999999947e-01,5.771800000000000264e-01,5.510099999999999998e-01,5.835099999999999731e-01,5.940400000000000125e-01,5.626200000000000090e-01,5.739300000000000512e-01,5.603099999999999747e-01,5.711899999999999755e-01,5.686200000000000143e-01,5.747799999999999576e-01,0.000000000000000000e+00,0.000000000000000000e+00,5.663899999999999491e-01,5.543299999999999894e-01,5.427899999999999947e-01,5.425299999999999567e-01,5.525600000000000511e-01,0.000000000000000000e+00,5.422200000000000353e-01,5.523799999999999821e-01,5.525799999999999601e-01,5.480699999999999461e-01,0.000000000000000000e+00,5.584700000000000220e-01,0.000000000000000000e+00,5.535200000000000120e-01,5.584000000000000075e-01,5.684599999999999653e-01,5.959499999999999797e-01,5.815599999999999659e-01,5.813899999999999624e-01,5.837299999999999711e-01,5.903699999999999504e-01,5.859499999999999709e-01,5.833199999999999497e-01,6.009400000000000297e-01,5.768199999999999994e-01,5.809699999999999864e-01,5.623299999999999965e-01,5.839900000000000091e-01,5.875500000000000167e-01,5.536299999999999555e-01,5.502099999999999769e-01,0.000000000000000000e+00,5.767600000000000504e-01,5.833700000000000552e-01,0.000000000000000000e+00,5.754299999999999971e-01,5.635999999999999899e-01,5.663899999999999491e-01,5.687100000000000488e-01,5.561399999999999677e-01,5.650100000000000122e-01,5.601000000000000423e-01,5.649399999999999977e-01,0.000000000000000000e+00,0.000000000000000000e+00,5.905299999999999994e-01,5.597400000000000153e-01,5.438800000000000301e-01,0.000000000000000000e+00,5.709400000000000031e-01,0.000000000000000000e+00,0.000000000000000000e+00,5.711000000000000520e-01,5.575799999999999645e-01,5.579600000000000115e-01,0.000000000000000000e+00,5.504599999999999493e-01,0.000000000000000000e+00,5.539600000000000080e-01,5.558800000000000407e-01
5.756700000000000150e-01,0.000000000000000000e+00,5.543799999999999839e-01,6.162100000000000355e-01,5.911699999999999733e-01,5.584599999999999564e-01,5.959699999999999998e-01,6.108500000000000041e-01,5.699499999999999567e-01,5.833300000000000152e-01,5.711899999999999755e-01,5.943199999999999594e-01,5.785299999999999887e-01,5.862800000000000233e-01,0.000000000000000000e+00,0.000000000000000000e+00,5.660100000000000131e-01,5.594000000000000083e-01,5.415600000000000414e-01,5.417199999999999793e-01,5.741000000000000547e-01,0.000000000000000000e+00,5.529899999999999816e-01,5.750600000000000156e-01,5.548100000000000254e-01,5.580800000000000205e-01,5.421599999999999753e-01,5.673399999999999554e-01,0.000000000000000000e+00,5.561899999999999622e-01,5.692899999999999627e-01,5.886099999999999666e-01,6.034100000000000019e-01,5.928099999999999481e-01,5.920499999999999652e-01,5.981899999999999995e-01,6.046700000000000408e-01,5.991100000000000314e-01,6.065500000000000336e-01,6.198500000000000121e-01,5.933100000000000041e-01,5.946099999999999719e-01,5.732800000000000118e-01,6.038200000000000234e-01,5.950400000000000134e-01,5.747499999999999831e-01,5.584200000000000275e-01,5.417800000000000393e-01,5.899699999999999944e-01,6.013699999999999601e-01,0.000000000000000000e+00,5.955799999999999983e-01,5.807900000000000285e-01,5.678600000000000314e-01,5.784799999999999942e-01,5.701000000000000512e-01,5.891199999999999770e-01,5.672099999999999920e-01,5.774000000000000243e-01,5.407499999999999529e-01,5.461000000000000298e-01,6.111299999999999510e-01,5.679899999999999949e-01,5.523400000000000531e-01,0.000000000000000000e+00,5.964800000000000102e-01,0.000000000000000000e+00,5.470000000000000417e-01,5.910699999999999843e-01,5.672800000000000065e-01,5.716700000000000115e-01,0.000000000000000000e+00,5.601199999999999513e-01,0.000000000000000000e+00,5.645999999999999908e-01,5.700899999999999856e-01
5.662199999999999456e-01,5.465700000000000003e-01,5.554700000000000193e-01,6.102199999999999847e-01,5.883800000000000141e-01,5.619800000000000351e-01,5.943500000000000449e-01,5.954199999999999493e-01,5.743899999999999562e-01,5.774899999999999478e-01,5.686200000000000143e-01,5.785299999999999887e-01,5.797900000000000276e-01,5.809699999999999864e-01,0.000000000000000000e+00,0.000000000000000000e+00,5.693599999999999772e-01,5.634500000000000064e-01,5.426999999999999602e-01,5.474200000000000177e-01,5.626200000000000090e-01,0.000000000000000000e+00,5.430199999999999472e-01,5.591300000000000159e-01,5.605400000000000382e-01,5.563399999999999457e-01,5.473999999999999977e-01,5.675599999999999534e-01,0.000000000000000000e+00,5.605400000000000382e-01,5.659899999999999931e-01,5.841899999999999871e-01,6.023100000000000120e-01,5.892399999999999860e-01,5.922899999999999832e-01,5.886599999999999611e-01,5.974099999999999966e-01,5.953600000000000003e-01,6.036899999999999489e-01,6.216899999999999649e-01,5.859199999999999964e-01,5.977799999999999780e-01,5.689199999999999813e-01,5.916500000000000092e-01,6.028900000000000370e-01,5.654400000000000537e-01,5.606499999999999817e-01,0.000000000000000000e+00,5.863800000000000123e-01,5.955000000000000293e-01,0.000000000000000000e+00,5.886400000000000521e-01,5.711699999999999555e-01,5.718800000000000550e-01,5.754700000000000371e-01,5.651899999999999702e-01,5.751800000000000246e-01,5.713099999999999845e-01,5.738900000000000112e-01,0.000000000000000000e+00,5.432099999999999707e-01,6.022499999999999520e-01,5.707100000000000506e-01,5.502399999999999514e-01,0.000000000000000000e+00,5.853399999999999714e-01,5.435100000000000486e-01,0.000000000000000000e+00,5.819199999999999928e-01,5.679400000000000004e-01,5.680399999999999894e-01,0.000000000000000000e+00,5.616400000000000281e-01,5.416499999999999648e-01,5.612399999999999611e-01,5.679600000000000204e-01
5.663099999999999801e-01,5.512599999999999723e-01,5.664799999999999836e-01,6.085800000000000098e-01,5.887099999999999556e-01,5.675799999999999734e-01,5.961300000000000487e-01,6.007599999999999607e-01,5.795799999999999841e-01,5.860199999999999854e-01,5.747799999999999576e-01,5.862800000000000233e-01,5.809699999999999864e-01,5.818699999999999983e-01,0.000000000000000000e+00,0.000000000000000000e+00,5.793500000000000316e-01,5.642800000000000038e-01,5.558199999999999807e-01,5.509800000000000253e-01,5.649999999999999467e-01,0.000000000000000000e+00,5.481099999999999861e-01,5.643299999999999983e-01,5.627299999999999525e-01,5.565099999999999492e-01,5.498399999999999954e-01,5.678400000000000114e-01,0.000000000000000000e+00,5.625799999999999690e-01,5.672599999999999865e-01,5.897000000000000020e-01,6.150999999999999801e-01,5.957700000000000218e-01,6.000799999999999468e-01,5.940999999999999615e-01,6.057099999999999707e-01,6.034899999999999709e-01,6.067599999999999660e-01,6.146399999999999642e-01,5.944099999999999939e-01,6.047700000000000298e-01,5.795799999999999841e-01,6.010999999999999677e-01,6.150700000000000056e-01,5.586799999999999544e-01,5.660500000000000531e-01,5.481099999999999861e-01,5.936200000000000365e-01,5.996200000000000419e-01,5.463200000000000278e-01,5.894300000000000095e-01,5.724299999999999944e-01,5.795599999999999641e-01,5.808999999999999719e-01,5.677999999999999714e-01,5.783800000000000052e-01,5.734599999999999698e-01,5.793599999999999861e-01,0.000000000000000000e+00,5.457600000000000229e-01,6.082999999999999519e-01,5.710499999999999465e-01,5.604900000000000437e-01,5.423200000000000243e-01,5.839299999999999491e-01,5.444900000000000295e-01,0.000000000000000000e+00,5.843399999999999705e-01,5.693899999999999517e-01,5.705599999999999561e-01,0.000000000000000000e+00,5.601899999999999658e-01,5.470000000000000417e-01,5.645400000000000418e-01,5.651800000000000157e-01
0.000000000000000000e+00,0.000000000000000000e+00,0.000000000000000000e+00,5.405499999999999750e-01,0.000000000000000000e+00,0.000000000000000000e+00,0.000000000000000000e+00,5.564000000000000057e-01,0.000000000000000000e+00,0.000000000000000000e+00,0.000000000000000000e+00,0.000000000000000000e+00,0.000000000000000000e+00,0.000000000000000000e+00,0.000000000000000000e+00,0.000000000000000000e+00,0.000000000000000000e+00,0.000000000000000000e+00,0.000000000000000000e+00,0.000000000000000000e+00,0.000000000000000000e+00,0.000000000000000000e+00,0.000000000000000000e+00,0.000000000000000000e+00,0.000000000000000000e+00,0.000000000000000000e+00,0.000000000000000000e+00,0.000000000000000000e+00,0.000000000000000000e+00,0.000000000000000000e+00,0.000000000000000000e+00,0.000000000000000000e+00,5.426499999999999657e-01,5.404499999999999860e-01,0.000000000000000000e+00,0.000000000000000000e+00,0.000000000000000000e+00,5.479300000000000281e-01,0.000000000000000000e+00,5.424799999999999622e-01,5.405799999999999494e-01,0.000000000000000000e+00,0.000000000000000000e+00,0.000000000000000000e+00,0.000000000000000000e+00,0.000000000000000000e+00,0.000000000000000000e+00,0.000000000000000000e+00,0.000000000000000000e+00,0.000000000000000000e+00,0.000000000000000000e+00,0.000000000000000000e+00,0.000000000000000000e+00,0.000000000000000000e+00,0.000000000000000000e+00,0.000000000000000000e+00,0.000000000000000000e+00,0.000000000000000000e+00,0.000000000000000000e+00,0.000000000000000000e+00,0.000000000000000000e+00,0.000000000000000000e+00,0.000000000000000000e+00,0.000000000000000000e+00,0.000000000000000000e+00,0.000000000000000000e+00,0.000000000000000000e+00,0.000000000000000000e+00,5.436100000000000376e-01,0.000000000000000000e+00,0.000000000000000000e+00,0.000000000000000000e+00,0.000000000000000000e+00,0.000000000000000000e+00,0.000000000000000000e+00,0.000000000000000000e+00
0.000000000000000000e+00,0.000000000000000000e+00,0.000000000000000000e+00,5.412200000000000344e-01,0.000000000000000000e+00,0.000000000000000000e+00,0.000000000000000000e+00,0.000000000000000000e+00,0.000000000000000000e+00,0.000000000000000000e+00,0.000000000000000000e+00,0.000000000000000000e+00,0.000000000000000000e+00,0.000000000000000000e+00,0.000000000000000000e+00,0.000000000000000000e+00,0.000000000000000000e+00,0.000000000000000000e+00,0.000000000000000000e+00,0.000000000000000000e+00,0.000000000000000000e+00,0.000000000000000000e+00,0.000000000000000000e+00,0.000000000000000000e+00,0.000000000000000000e+00,0.000000000000000000e+00,0.000000000000000000e+00,0.000000000000000000e+00,0.000000000000000000e+00,0.000000000000000000e+00,0.000000000000000000e+00,0.000000000000000000e+00,0.000000000000000000e+00,0.000000000000000000e+00,0.000000000000000000e+00,0.000000000000000000e+00,0.000000000000000000e+00,0.000000000000000000e+00,0.000000000000000000e+00,5.404999999999999805e-01,0.000000000000000000e+00,0.000000000000000000e+00,0.000000000000000000e+00,0.000000000000000000e+00,5.409199999999999564e-01,0.000000000000000000e+00,0.000000000000000000e+00,0.000000000000000000e+00,0.000000000000000000e+00,0.000000000000000000e+00,0.000000000000000000e+00,0.000000000000000000e+00,0.000000000000000000e+00,0.000000000000000000e+00,0.000000000000000000e+00,0.000000000000000000e+00,0.000000000000000000e+00,0.000000000000000000e+00,0.000000000000000000e+00,0.000000000000000000e+00,0.000000000000000000e+00,5.409899999999999709e-01,0.000000000000000000e+00,0.000000000000000000e+00,0.000000000000000000e+00,0.000000000000000000e+00,0.000000000000000000e+00,0.000000000000000000e+00,0.000000000000000000e+00,0.000000000000000000e+00,0.000000000000000000e+00,0.000000000000000000e+00,0.000000000000000000e+00,0.000000000000000000e+00,0.000000000000000000e+00,0.000000000000000000e+00
5.552700000000000413e-01,0.000000000000000000e+00,5.486900000000000110e-01,5.934300000000000130e-01,5.829400000000000137e-01,5.510899999999999688e-01,5.854000000000000314e-01,5.954099999999999948e-01,5.677799999999999514e-01,5.697699999999999987e-01,5.663899999999999491e-01,5.660100000000000131e-01,5.693599999999999772e-01,5.793500000000000316e-01,0.000000000000000000e+00,0.000000000000000000e+00,5.602399999999999602e-01,5.554000000000000048e-01,5.441899999999999515e-01,5.472399999999999487e-01,5.503900000000000459e-01,0.000000000000000000e+00,5.423599999999999532e-01,5.456100000000000394e-01,5.539100000000000135e-01,5.481200000000000516e-01,5.452299999999999924e-01,5.616299999999999626e-01,0.000000000000000000e+00,5.569100000000000161e-01,5.577600000000000335e-01,5.710699999999999665e-01,6.019200000000000106e-01,5.810499999999999554e-01,5.828600000000000447e-01,5.881300000000000416e-01,5.926900000000000501e-01,5.889299999999999535e-01,5.890699999999999825e-01,6.117700000000000360e-01,5.788799999999999502e-01,5.907700000000000173e-01,5.683399999999999563e-01,5.909999999999999698e-01,5.874700000000000477e-01,5.558800000000000407e-01,5.516799999999999482e-01,0.000000000000000000e+00,5.792100000000000026e-01,5.860699999999999799e-01,0.000000000000000000e+00,5.775700000000000278e-01,5.644900000000000473e-01,5.690199999999999703e-01,5.700899999999999856e-01,5.563599999999999657e-01,5.587499999999999689e-01,5.636400000000000299e-01,5.726799999999999669e-01,0.000000000000000000e+00,0.000000000000000000e+00,5.902800000000000269e-01,5.617499999999999716e-01,5.411399999999999544e-01,0.000000000000000000e+00,5.652599999999999847e-01,0.000000000000000000e+00,0.000000000000000000e+00,5.675599999999999534e-01,5.596400000000000263e-01,5.591000000000000414e-01,0.000000000000000000e+00,5.535200000000000120e-01,5.405900000000000150e-01,5.539100000000000135e-01,5.573500000000000121e-01
5.501000000000000334e-01,0.000000000000000000e+00,0.000000000000000000e+00,5.909400000000000208e-01,5.709600000000000231e-01,5.520000000000000462e-01,5.755900000000000460e-01,5.779400000000000093e-01,5.622700000000000475e-01,5.624000000000000110e-01,5.543299999999999894e-01,5.594000000000000083e-01,5.634500000000000064e-01,5.642800000000000038e-01,0.000000000000000000e+00,0.000000000000000000e+00,5.554000000000000048e-01,5.439699999999999536e-01,0.000000000000000000e+00,0.000000000000000000e+00,5.411799999999999944e-01,0.000000000000000000e+00,0.000000000000000000e+00,5.426499999999999657e-01,5.480899999999999661e-01,5.434200000000000141e-01,0.000000000000000000e+00,5.549300000000000344e-01,0.000000000000000000e+00,5.481399999999999606e-01,5.499000000000000554e-01,5.627799999999999470e-01,5.875299999999999967e-01,5.673399999999999554e-01,5.702800000000000091e-01,5.696799999999999642e-01,5.813700000000000534e-01,5.803300000000000125e-01,5.819699999999999873e-01,5.953300000000000258e-01,5.668199999999999905e-01,5.792800000000000171e-01,5.571099999999999941e-01,5.740800000000000347e-01,5.842399999999999816e-01,5.508600000000000163e-01,5.437100000000000266e-01,0.000000000000000000e+00,5.657900000000000151e-01,5.739900000000000002e-01,0.000000000000000000e+00,5.701000000000000512e-01,5.600000000000000533e-01,5.585499999999999909e-01,5.609800000000000342e-01,5.484900000000000331e-01,5.556600000000000428e-01,5.564999999999999947e-01,5.599300000000000388e-01,0.000000000000000000e+00,0.000000000000000000e+00,5.861399999999999944e-01,5.606499999999999817e-01,0.000000000000000000e+00,0.000000000000000000e+00,5.622200000000000530e-01,0.000000000000000000e+00,0.000000000000000000e+00,5.626900000000000235e-01,5.545600000000000529e-01,5.542700000000000404e-01,0.000000000000000000e+00,5.460099999999999953e-01,0.000000000000000000e+00,5.423700000000000188e-01,5.516699999999999937e-01
0.000000000000000000e+00,0.000000000000000000e+00,0.000000000000000000e+00,5.620100000000000096e-01,5.536299999999999555e-01,0.000000000000000000e+00,5.529800000000000271e-01,5.667400000000000215e-01,0.000000000000000000e+00,5.465299999999999603e-01,5.427899999999999947e-01,5.415600000000000414e-01,5.426999999999999602e-01,5.558199999999999807e-01,0.000000000000000000e+00,0.000000000000000000e+00,5.441899999999999515e-01,0.000000000000000000e+00,0.000000000000000000e+00,0.000000000000000000e+00,0.000000000000000000e+00,0.000000000000000000e+00,0.000000000000000000e+00,0.000000000000000000e+00,0.000000000000000000e+00,0.000000000000000000e+00,0.000000000000000000e+00,0.000000000000000000e+00,0.000000000000000000e+00,0.000000000000000000e+00,0.000000000000000000e+00,0.000000000000000000e+00,5.727200000000000069e-01,5.605299999999999727e-01,5.580699999999999550e-01,5.592000000000000304e-01,5.612899999999999556e-01,5.596200000000000063e-01,5.497100000000000319e-01,5.691500000000000448e-01,5.533900000000000485e-01,5.555400000000000338e-01,5.471099999999999852e-01,5.576600000000000446e-01,5.498100000000000209e-01,0.000000000000000000e+00,0.000000000000000000e+00,0.000000000000000000e+00,5.525400000000000311e-01,5.538199999999999790e-01,0.000000000000000000e+00,5.468699999999999672e-01,0.000000000000000000e+00,5.447400000000000020e-01,5.436600000000000321e-01,0.000000000000000000e+00,0.000000000000000000e+00,0.000000000000000000e+00,5.468300000000000383e-01,0.000000000000000000e+00,0.000000000000000000e+00,5.552399999999999558e-01,0.000000000000000000e+00,0.000000000000000000e+00,0.000000000000000000e+00,5.406900000000000039e-01,0.000000000000000000e+00,0.000000000000000000e+00,0.000000000000000000e+00,0.000000000000000000e+00,0.000000000000000000e+00,0.000000000000000000e+00,0.000000000000000000e+00,0.000000000000000000e+00,0.000000000000000000e+00,0.000000000000000000e+00
0.000000000000000000e+00,0.000000000000000000e+00,0.000000000000000000e+00,5.667999999999999705e-01,5.515999999999999792e-01,0.000000000000000000e+00,5.580899999999999750e-01,5.714500000000000135e-01,5.465799999999999548e-01,5.472399999999999487e-01,5.425299999999999567e-01,5.417199999999999793e-01,5.474200000000000177e-01,5.509800000000000253e-01,0.000000000000000000e+00,0.000000000000000000e+00,5.472399999999999487e-01,0.000000000000000000e+00,0.000000000000000000e+00,0.000000000000000000e+00,0.000000000000000000e+00,0.000000000000000000e+00,0.000000000000000000e+00,0.000000000000000000e+00,0.000000000000000000e+00,0.000000000000000000e+00,0.000000000000000000e+00,0.000000000000000000e+00,0.000000000000000000e+00,0.000000000000000000e+00,0.000000000000000000e+00,5.477899999999999991e-01,5.728900000000000103e-01,5.643899999999999473e-01,5.649800000000000377e-01,5.581199999999999495e-01,5.638999999999999568e-01,5.668199999999999905e-01,5.595400000000000373e-01,5.805299999999999905e-01,5.597299999999999498e-01,5.647499999999999742e-01,5.434600000000000541e-01,5.549699999999999633e-01,5.661000000000000476e-01,0.000000000000000000e+00,0.000000000000000000e+00,0.000000000000000000e+00,5.502500000000000169e-01,5.552599999999999758e-01,0.000000000000000000e+00,5.513299999999999867e-01,5.455400000000000249e-01,5.477499999999999591e-01,5.448600000000000110e-01,0.000000000000000000e+00,0.000000000000000000e+00,5.410700000000000509e-01,5.432299999999999907e-01,0.000000000000000000e+00,0.000000000000000000e+00,5.655700000000000172e-01,5.428500000000000547e-01,0.000000000000000000e+00,0.000000000000000000e+00,5.437600000000000211e-01,0.000000000000000000e+00,0.000000000000000000e+00,5.528100000000000236e-01,0.000000000000000000e+00,0.000000000000000000e+00,0.000000000000000000e+00,0.000000000000000000e+00,0.000000000000000000e+00,0.000000000000000000e+00,0.000000000000000000e+00
5.650100000000000122e-01,0.000000000000000000e+00,5.445400000000000240e-01,5.955099999999999838e-01,5.685700000000000198e-01,5.431399999999999562e-01,5.742199999999999527e-01,5.830699999999999772e-01,5.507800000000000473e-01,5.622300000000000075e-01,5.525499999999999856e-01,5.741000000000000547e-01,5.626200000000000090e-01,5.649999999999999467e-01,0.000000000000000000e+00,0.000000000000000000e+00,5.503900000000000459e-01,5.411799999999999944e-01,0.000000000000000000e+00,0.000000000000000000e+00,5.537800000000000500e-01,0.000000000000000000e+00,0.000000000000000000e+00,5.566499999999999782e-01,0.000000000000000000e+00,5.419300000000000228e-01,0.000000000000000000e+00,5.519300000000000317e-01,0.000000000000000000e+00,5.432500000000000107e-01,5.563399999999999457e-01,5.693700000000000427e-01,5.871399999999999952e-01,5.794500000000000206e-01,5.795400000000000551e-01,5.732500000000000373e-01,5.843599999999999905e-01,5.820899999999999963e-01,5.894899999999999585e-01,5.960100000000000398e-01,5.791800000000000281e-01,5.777600000000000513e-01,5.551199999999999468e-01,5.838999999999999746e-01,5.792500000000000426e-01,5.604700000000000237e-01,5.446299999999999475e-01,0.000000000000000000e+00,5.759499999999999620e-01,5.766599999999999504e-01,0.000000000000000000e+00,5.739600000000000257e-01,5.598600000000000243e-01,5.504700000000000149e-01,5.560899999999999732e-01,5.496199999999999974e-01,5.708999999999999631e-01,5.509699999999999598e-01,5.582099999999999840e-01,0.000000000000000000e+00,0.000000000000000000e+00,5.824700000000000433e-01,5.486199999999999966e-01,0.000000000000000000e+00,0.000000000000000000e+00,5.788499999999999757e-01,0.000000000000000000e+00,0.000000000000000000e+00,5.711699999999999555e-01,5.500399999999999734e-01,5.543200000000000349e-01,0.000000000000000000e+00,5.410700000000000509e-01,0.000000000000000000e+00,5.454299999999999704e-01,5.541500000000000314e-01
