6.171999999999999709e-01,5.645599999999999508e-01,5.558499999999999552e-01,5.826999999999999957e-01,5.869999999999999662e-01,5.607100000000000417e-01,5.998599999999999488e-01,6.143600000000000172e-01,5.598999999999999533e-01,6.069499999999999895e-01,5.748900000000000121e-01,5.974000000000000421e-01,5.922100000000000142e-01,5.779800000000000493e-01,5.585700000000000109e-01,5.634299999999999864e-01,6.196500000000000341e-01,5.904399999999999649e-01,5.503299999999999859e-01,5.620100000000000096e-01,5.857299999999999729e-01,5.537900000000000045e-01,5.474799999999999667e-01,6.122699999999999809e-01,5.930100000000000371e-01,5.950100000000000389e-01,5.665900000000000380e-01,5.712300000000000155e-01,5.494799999999999685e-01,0.000000000000000000e+00,5.838200000000000056e-01,5.620399999999999840e-01,6.208599999999999675e-01,6.260999999999999899e-01,6.289400000000000546e-01,6.009999999999999787e-01,6.143100000000000227e-01,6.066500000000000226e-01,5.808799999999999519e-01,5.924599999999999866e-01,6.008900000000000352e-01,6.150299999999999656e-01,6.046500000000000208e-01,5.936500000000000110e-01,5.734599999999999698e-01,5.815299999999999914e-01,0.000000000000000000e+00,5.654299999999999882e-01,6.023699999999999610e-01,5.650600000000000067e-01,5.827099999999999502e-01,5.961400000000000032e-01,5.977999999999999980e-01,5.853099999999999969e-01,5.589100000000000179e-01,5.752899999999999681e-01,5.497400000000000064e-01,5.790100000000000247e-01,5.876799999999999802e-01,5.674799999999999844e-01,5.748199999999999976e-01,5.539699999999999624e-01,5.907799999999999718e-01,5.815099999999999714e-01,5.558800000000000407e-01,5.734700000000000353e-01,5.481700000000000461e-01,5.601500000000000368e-01,5.595599999999999463e-01,5.444200000000000150e-01,5.637799999999999478e-01,5.549899999999999833e-01,5.805299999999999905e-01,5.550699999999999523e-01,5.555400000000000338e-01,5.681300000000000239e-01
5.645599999999999508e-01,0.000000000000000000e+00,0.000000000000000000e+00,5.525799999999999601e-01,5.581000000000000405e-01,0.000000000000000000e+00,5.666200000000000125e-01,5.552300000000000013e-01,5.418699999999999628e-01,5.743300000000000072e-01,5.445900000000000185e-01,5.542000000000000259e-01,5.591500000000000359e-01,5.480399999999999716e-01,0.000000000000000000e+00,0.000000000000000000e+00,5.804099999999999815e-01,5.594000000000000083e-01,0.000000000000000000e+00,0.000000000000000000e+00,0.000000000000000000e+00,0.000000000000000000e+00,0.000000000000000000e+00,5.686299999999999688e-01,5.589499999999999469e-01,5.605299999999999727e-01,0.000000000000000000e+00,5.446999999999999620e-01,0.000000000000000000e+00,0.000000000000000000e+00,5.542899999999999494e-01,0.000000000000000000e+00,5.805299999999999905e-01,5.808900000000000174e-01,5.879199999999999982e-01,5.593700000000000339e-01,5.752000000000000446e-01,5.683300000000000018e-01,5.520800000000000152e-01,5.620800000000000241e-01,5.589100000000000179e-01,5.785500000000000087e-01,5.739300000000000512e-01,5.645999999999999908e-01,0.000000000000000000e+00,5.564500000000000002e-01,0.000000000000000000e+00,0.000000000000000000e+00,5.675400000000000444e-01,5.471500000000000252e-01,5.594799999999999773e-01,5.655700000000000172e-01,5.546600000000000419e-01,5.601099999999999968e-01,0.000000000000000000e+00,5.492299999999999960e-01,0.000000000000000000e+00,5.542399999999999549e-01,5.649600000000000177e-01,0.000000000000000000e+00,5.513799999999999812e-01,5.416400000000000103e-01,5.586499999999999799e-01,5.529600000000000071e-01,0.000000000000000000e+00,0.000000000000000000e+00,0.000000000000000000e+00,0.000000000000000000e+00,0.000000000000000000e+00,0.000000000000000000e+00,5.417800000000000393e-01,0.000000000000000000e+00,5.586400000000000254e-01,0.000000000000000000e+00,0.000000000000000000e+00,5.436699999999999866e-01
5.558499999999999552e-01,0.000000000000000000e+00,0.000000000000000000e+00,0.000000000000000000e+00,0.000000000000000000e+00,0.000000000000000000e+00,5.446699999999999875e-01,5.496499999999999719e-01,0.000000000000000000e+00,5.448199999999999710e-01,0.000000000000000000e+00,0.000000000000000000e+00,0.000000000000000000e+00,0.000000000000000000e+00,0.000000000000000000e+00,0.000000000000000000e+00,5.491700000000000470e-01,5.409100000000000019e-01,0.000000000000000000e+00,0.000000000000000000e+00,0.000000000000000000e+00,0.000000000000000000e+00,0.000000000000000000e+00,5.539800000000000280e-01,0.000000000000000000e+00,5.440500000000000336e-01,0.000000000000000000e+00,0.000000000000000000e+00,0.000000000000000000e+00,0.000000000000000000e+00,0.000000000000000000e+00,0.000000000000000000e+00,5.644099999999999673e-01,5.636299999999999644e-01,5.641000000000000458e-01,5.413400000000000434e-01,5.529800000000000271e-01,5.476100000000000412e-01,0.000000000000000000e+00,5.488699999999999690e-01,5.463400000000000478e-01,5.618900000000000006e-01,5.440899999999999626e-01,5.408500000000000529e-01,0.000000000000000000e+00,5.411200000000000454e-01,0.000000000000000000e+00,0.000000000000000000e+00,0.000000000000000000e+00,0.000000000000000000e+00,0.000000000000000000e+00,5.463700000000000223e-01,0.000000000000000000e+00,5.423599999999999532e-01,0.000000000000000000e+00,0.000000000000000000e+00,0.000000000000000000e+00,0.000000000000000000e+00,5.440000000000000391e-01,0.000000000000000000e+00,0.000000000000000000e+00,0.000000000000000000e+00,5.419199999999999573e-01,0.000000000000000000e+00,0.000000000000000000e+00,0.000000000000000000e+00,0.000000000000000000e+00,0.000000000000000000e+00,0.000000000000000000e+00,0.000000000000000000e+00,0.000000000000000000e+00,0.000000000000000000e+00,0.000000000000000000e+00,0.000000000000000000e+00,0.000000000000000000e+00,0.000000000000000000e+00
5.826999999999999957e-01,5.525799999999999601e-01,0.000000000000000000e+00,5.717299999999999605e-01,5.890300000000000535e-01,5.596499999999999808e-01,5.954300000000000148e-01,5.653000000000000247e-01,5.601599999999999913e-01,6.017799999999999816e-01,5.702099999999999946e-01,5.630600000000000049e-01,5.898600000000000509e-01,5.806499999999999995e-01,0.000000000000000000e+00,5.446800000000000530e-01,6.129299999999999748e-01,5.846700000000000230e-01,0.000000000000000000e+00,5.493599999999999595e-01,5.577100000000000390e-01,5.487900000000000000e-01,0.000000000000000000e+00,5.851499999999999480e-01,5.814700000000000424e-01,5.796299999999999786e-01,5.552099999999999813e-01,5.706799999999999651e-01,5.490599999999999925e-01,0.000000000000000000e+00,5.793899999999999606e-01,5.639199999999999768e-01,6.180600000000000538e-01,6.081400000000000139e-01,6.203300000000000480e-01,5.848100000000000520e-01,6.044599999999999973e-01,5.824799999999999978e-01,5.775599999999999623e-01,5.940600000000000325e-01,5.854700000000000459e-01,6.038499999999999979e-01,6.043800000000000283e-01,5.924300000000000122e-01,5.523900000000000476e-01,5.812899999999999734e-01,5.423499999999999988e-01,5.460800000000000098e-01,6.025599999999999845e-01,5.751199999999999646e-01,5.806099999999999595e-01,5.941499999999999559e-01,5.812500000000000444e-01,5.796499999999999986e-01,5.600800000000000223e-01,5.741699999999999582e-01,0.000000000000000000e+00,5.799900000000000055e-01,5.976599999999999691e-01,5.561099999999999932e-01,5.728400000000000158e-01,5.547999999999999599e-01,5.765000000000000124e-01,5.749999999999999556e-01,5.424400000000000333e-01,5.701800000000000201e-01,5.457100000000000284e-01,5.518899999999999917e-01,5.565099999999999492e-01,5.466800000000000548e-01,5.648699999999999832e-01,5.526900000000000146e-01,5.821199999999999708e-01,5.512299999999999978e-01,5.519199999999999662e-01,5.677100000000000479e-01
5.869999999999999662e-01,5.581000000000000405e-01,0.000000000000000000e+00,5.890300000000000535e-01,5.967500000000000027e-01,5.688800000000000523e-01,6.073399999999999910e-01,5.724900000000000544e-01,5.690199999999999703e-01,6.166899999999999604e-01,5.762500000000000400e-01,5.816099999999999604e-01,5.984699999999999465e-01,5.833099999999999952e-01,0.000000000000000000e+00,5.548699999999999743e-01,6.249000000000000110e-01,5.957000000000000073e-01,0.000000000000000000e+00,5.579600000000000115e-01,5.672199999999999465e-01,5.562099999999999822e-01,0.000000000000000000e+00,5.921800000000000397e-01,5.896500000000000075e-01,5.876099999999999657e-01,5.628199999999999870e-01,5.744500000000000162e-01,5.554299999999999793e-01,0.000000000000000000e+00,5.891800000000000370e-01,5.780800000000000383e-01,6.236300000000000177e-01,6.181799999999999518e-01,6.299799999999999844e-01,5.910999999999999588e-01,6.143800000000000372e-01,5.885000000000000231e-01,5.977400000000000491e-01,6.051999999999999602e-01,5.912300000000000333e-01,6.166800000000000059e-01,6.041100000000000358e-01,6.059600000000000541e-01,5.558999999999999497e-01,5.901899999999999924e-01,5.445699999999999985e-01,5.563399999999999457e-01,6.094600000000000017e-01,5.826299999999999812e-01,5.904199999999999449e-01,6.032100000000000239e-01,5.817999999999999838e-01,5.893100000000000005e-01,5.656700000000000061e-01,5.834799999999999986e-01,5.405999999999999694e-01,5.875500000000000167e-01,5.963600000000000012e-01,5.561700000000000532e-01,5.824099999999999833e-01,5.646999999999999797e-01,5.841899999999999871e-01,5.808499999999999774e-01,5.481000000000000316e-01,5.763399999999999634e-01,5.517100000000000337e-01,5.561800000000000077e-01,5.693599999999999772e-01,5.523099999999999676e-01,5.721500000000000474e-01,5.596900000000000208e-01,5.904899999999999594e-01,5.603799999999999892e-01,5.585200000000000164e-01,5.729699999999999793e-01
5.607100000000000417e-01,0.000000000000000000e+00,0.000000000000000000e+00,5.596499999999999808e-01,5.688800000000000523e-01,5.442799999999999860e-01,5.748900000000000121e-01,5.513000000000000123e-01,5.440899999999999626e-01,5.752800000000000136e-01,5.477899999999999991e-01,5.514099999999999557e-01,5.665700000000000180e-01,5.572300000000000031e-01,0.000000000000000000e+00,0.000000000000000000e+00,5.824599999999999778e-01,5.683099999999999818e-01,0.000000000000000000e+00,0.000000000000000000e+00,0.000000000000000000e+00,0.000000000000000000e+00,0.000000000000000000e+00,5.664700000000000291e-01,5.646799999999999597e-01,5.633099999999999774e-01,5.411299999999999999e-01,5.501099999999999879e-01,0.000000000000000000e+00,0.000000000000000000e+00,5.620100000000000096e-01,5.513599999999999612e-01,5.917400000000000437e-01,5.812599999999999989e-01,5.930600000000000316e-01,5.658300000000000551e-01,5.832399999999999807e-01,5.639600000000000168e-01,5.634799999999999809e-01,5.780199999999999783e-01,5.633899999999999464e-01,5.824200000000000488e-01,5.707299999999999596e-01,5.758299999999999530e-01,0.000000000000000000e+00,5.674599999999999644e-01,0.000000000000000000e+00,0.000000000000000000e+00,5.790399999999999991e-01,5.568600000000000216e-01,5.655299999999999772e-01,5.729400000000000048e-01,5.503900000000000459e-01,5.659399999999999986e-01,5.406600000000000295e-01,5.564299999999999802e-01,0.000000000000000000e+00,5.614999999999999991e-01,5.730699999999999683e-01,0.000000000000000000e+00,5.518100000000000227e-01,5.423000000000000043e-01,5.606499999999999817e-01,5.572200000000000486e-01,0.000000000000000000e+00,5.458300000000000374e-01,0.000000000000000000e+00,0.000000000000000000e+00,0.000000000000000000e+00,0.000000000000000000e+00,5.481000000000000316e-01,0.000000000000000000e+00,5.658499999999999641e-01,5.431700000000000417e-01,5.427800000000000402e-01,5.504099999999999548e-01
5.998599999999999488e-01,5.666200000000000125e-01,5.446699999999999875e-01,5.954300000000000148e-01,6.073399999999999910e-01,5.748900000000000121e-01,6.153499999999999526e-01,5.882800000000000251e-01,5.741399999999999837e-01,6.229599999999999582e-01,5.839199999999999946e-01,5.927999999999999936e-01,6.048700000000000188e-01,5.923800000000000177e-01,5.428199999999999692e-01,5.614500000000000046e-01,6.334100000000000286e-01,6.031100000000000350e-01,5.427300000000000457e-01,5.631199999999999539e-01,5.772699999999999498e-01,5.644799999999999818e-01,5.416900000000000048e-01,6.056300000000000017e-01,6.004199999999999537e-01,5.971600000000000241e-01,5.683200000000000474e-01,5.830499999999999572e-01,5.594299999999999828e-01,0.000000000000000000e+00,5.974300000000000166e-01,5.891600000000000170e-01,6.344300000000000495e-01,6.269400000000000528e-01,6.399599999999999733e-01,5.979999999999999760e-01,6.214300000000000379e-01,5.967099999999999627e-01,6.125800000000000134e-01,6.160400000000000320e-01,6.032699999999999729e-01,6.324300000000000477e-01,6.120499999999999829e-01,6.185800000000000187e-01,5.562599999999999767e-01,5.999999999999999778e-01,5.500599999999999934e-01,5.610000000000000542e-01,6.237399999999999611e-01,5.914099999999999913e-01,5.938900000000000290e-01,6.134899999999999798e-01,5.903500000000000414e-01,5.943599999999999994e-01,5.717700000000000005e-01,5.903000000000000469e-01,5.487199999999999855e-01,5.946500000000000119e-01,6.074899999999999745e-01,5.626900000000000235e-01,5.884899999999999576e-01,5.724700000000000344e-01,5.959400000000000253e-01,5.851399999999999935e-01,5.518300000000000427e-01,5.851600000000000135e-01,5.553500000000000103e-01,5.633000000000000229e-01,5.750300000000000411e-01,5.587499999999999689e-01,5.793899999999999606e-01,5.651000000000000467e-01,5.992399999999999949e-01,5.655900000000000372e-01,5.635799999999999699e-01,5.808400000000000230e-01
6.143600000000000172e-01,5.552399999999999558e-01,5.496499999999999719e-01,5.653000000000000247e-01,5.724900000000000544e-01,5.513000000000000123e-01,5.882800000000000251e-01,5.903399999999999759e-01,5.499100000000000099e-01,5.888200000000000101e-01,5.595400000000000373e-01,5.851100000000000190e-01,5.799999999999999600e-01,5.605200000000000182e-01,5.535299999999999665e-01,5.545700000000000074e-01,5.975899999999999546e-01,5.783899999999999597e-01,0.000000000000000000e+00,5.513000000000000123e-01,5.667400000000000215e-01,5.448199999999999710e-01,0.000000000000000000e+00,6.062600000000000211e-01,5.750499999999999501e-01,5.869100000000000428e-01,5.576100000000000501e-01,5.608300000000000507e-01,5.436800000000000521e-01,0.000000000000000000e+00,5.724700000000000344e-01,5.599800000000000333e-01,6.088000000000000078e-01,6.148099999999999676e-01,6.114899999999999780e-01,5.814000000000000279e-01,6.006899999999999462e-01,5.846999999999999975e-01,5.749999999999999556e-01,5.785799999999999832e-01,5.846500000000000030e-01,6.016799999999999926e-01,5.927200000000000246e-01,5.846099999999999630e-01,0.000000000000000000e+00,5.802399999999999780e-01,0.000000000000000000e+00,5.597400000000000153e-01,5.955799999999999983e-01,5.627199999999999980e-01,5.709999999999999520e-01,5.829900000000000082e-01,5.907099999999999573e-01,5.713099999999999845e-01,5.488199999999999745e-01,5.673000000000000265e-01,5.478600000000000136e-01,5.665299999999999780e-01,5.856299999999999839e-01,5.663799999999999946e-01,5.625599999999999490e-01,5.438800000000000301e-01,5.842000000000000526e-01,5.740699999999999692e-01,5.466499999999999693e-01,5.618999999999999551e-01,5.434200000000000141e-01,5.573200000000000376e-01,5.505299999999999638e-01,0.000000000000000000e+00,5.588600000000000234e-01,5.494799999999999685e-01,5.708699999999999886e-01,5.445999999999999730e-01,5.483900000000000441e-01,5.588199999999999834e-01
5.598999999999999533e-01,5.418699999999999628e-01,0.000000000000000000e+00,5.601599999999999913e-01,5.690199999999999703e-01,5.440899999999999626e-01,5.741399999999999837e-01,5.499100000000000099e-01,5.462700000000000333e-01,5.785599999999999632e-01,5.498600000000000154e-01,5.517900000000000027e-01,5.658600000000000296e-01,5.602300000000000058e-01,0.000000000000000000e+00,0.000000000000000000e+00,5.822599999999999998e-01,5.688199999999999923e-01,0.000000000000000000e+00,0.000000000000000000e+00,0.000000000000000000e+00,5.405100000000000460e-01,0.000000000000000000e+00,5.610000000000000542e-01,5.654400000000000537e-01,5.631000000000000449e-01,5.421799999999999953e-01,5.504599999999999493e-01,0.000000000000000000e+00,0.000000000000000000e+00,5.609199999999999742e-01,5.440399999999999681e-01,5.849100000000000410e-01,5.804799999999999960e-01,5.883899999999999686e-01,5.631899999999999684e-01,5.806599999999999540e-01,5.587100000000000399e-01,5.599199999999999733e-01,5.765099999999999669e-01,5.604999999999999982e-01,5.786000000000000032e-01,5.745000000000000107e-01,5.684599999999999653e-01,0.000000000000000000e+00,5.646600000000000508e-01,0.000000000000000000e+00,0.000000000000000000e+00,5.715799999999999770e-01,5.546100000000000474e-01,5.657400000000000206e-01,5.741000000000000547e-01,5.551899999999999613e-01,5.659800000000000386e-01,5.422299999999999898e-01,5.555499999999999883e-01,0.000000000000000000e+00,5.609600000000000142e-01,5.722599999999999909e-01,0.000000000000000000e+00,5.535700000000000065e-01,5.483200000000000296e-01,5.610399999999999832e-01,5.593900000000000539e-01,0.000000000000000000e+00,5.430800000000000072e-01,0.000000000000000000e+00,0.000000000000000000e+00,0.000000000000000000e+00,0.000000000000000000e+00,5.467600000000000238e-01,0.000000000000000000e+00,5.679600000000000204e-01,5.447800000000000420e-01,5.458699999999999664e-01,5.506799999999999473e-01
6.069499999999999895e-01,5.743300000000000072e-01,5.448199999999999710e-01,6.017799999999999816e-01,6.166800000000000059e-01,5.752800000000000136e-01,6.229599999999999582e-01,5.888200000000000101e-01,5.785599999999999632e-01,6.289000000000000146e-01,5.927000000000000046e-01,5.996899999999999453e-01,6.100299999999999612e-01,6.057000000000000162e-01,5.465700000000000003e-01,5.650199999999999667e-01,6.442200000000000149e-01,6.098700000000000232e-01,5.482399999999999496e-01,5.708699999999999886e-01,5.834700000000000442e-01,5.693700000000000427e-01,5.456600000000000339e-01,6.062600000000000211e-01,6.058700000000000196e-01,6.011800000000000477e-01,5.736700000000000133e-01,5.888499999999999845e-01,5.673599999999999755e-01,0.000000000000000000e+00,6.002899999999999903e-01,5.852399999999999824e-01,6.349200000000000399e-01,6.273900000000000032e-01,6.351999999999999869e-01,6.094800000000000217e-01,6.293900000000000050e-01,5.983000000000000540e-01,6.132300000000000528e-01,6.219400000000000484e-01,6.075899999999999634e-01,6.325899999999999856e-01,6.271299999999999653e-01,6.243600000000000261e-01,5.547199999999999909e-01,6.054100000000000037e-01,5.560399999999999787e-01,5.615299999999999736e-01,6.241100000000000536e-01,5.992399999999999949e-01,5.971699999999999786e-01,6.227599999999999802e-01,5.878100000000000547e-01,5.985700000000000465e-01,5.822500000000000453e-01,5.928900000000000281e-01,5.497900000000000009e-01,5.999200000000000088e-01,6.210999999999999854e-01,5.615900000000000336e-01,5.931800000000000406e-01,5.819699999999999873e-01,6.011300000000000532e-01,5.913300000000000223e-01,5.557299999999999462e-01,5.857900000000000329e-01,5.627199999999999980e-01,5.654500000000000082e-01,5.732599999999999918e-01,5.654500000000000082e-01,5.806700000000000195e-01,5.698499999999999677e-01,6.090400000000000258e-01,5.726200000000000179e-01,5.732699999999999463e-01,5.839999999999999636e-01
5.748900000000000121e-01,5.445900000000000185e-01,0.000000000000000000e+00,5.702099999999999946e-01,5.762500000000000400e-01,5.477899999999999991e-01,5.839199999999999946e-01,5.595400000000000373e-01,5.498600000000000154e-01,5.927000000000000046e-01,5.560000000000000497e-01,5.664000000000000146e-01,5.744200000000000417e-01,5.659300000000000441e-01,0.000000000000000000e+00,5.426600000000000312e-01,6.009400000000000297e-01,5.766700000000000159e-01,0.000000000000000000e+00,5.447100000000000275e-01,5.537300000000000555e-01,5.427800000000000402e-01,0.000000000000000000e+00,5.735500000000000043e-01,5.726700000000000124e-01,5.684700000000000308e-01,5.463500000000000023e-01,5.578100000000000280e-01,0.000000000000000000e+00,0.000000000000000000e+00,5.677600000000000424e-01,5.523500000000000076e-01,5.941400000000000015e-01,5.917799999999999727e-01,6.017000000000000126e-01,5.752500000000000391e-01,5.899900000000000144e-01,5.678900000000000059e-01,5.692800000000000082e-01,5.809900000000000064e-01,5.697999999999999732e-01,5.912399999999999878e-01,5.840800000000000436e-01,5.803199999999999470e-01,0.000000000000000000e+00,5.691199999999999593e-01,0.000000000000000000e+00,5.408100000000000129e-01,5.860800000000000454e-01,5.651800000000000157e-01,5.692800000000000082e-01,5.835299999999999931e-01,5.602599999999999802e-01,5.699100000000000277e-01,5.532500000000000195e-01,5.632599999999999829e-01,0.000000000000000000e+00,5.671100000000000030e-01,5.796700000000000186e-01,0.000000000000000000e+00,5.628100000000000325e-01,5.492500000000000160e-01,5.652899999999999592e-01,5.619499999999999496e-01,0.000000000000000000e+00,5.545400000000000329e-01,0.000000000000000000e+00,5.403700000000000170e-01,5.487199999999999855e-01,0.000000000000000000e+00,5.519300000000000317e-01,5.429500000000000437e-01,5.720800000000000329e-01,5.463400000000000478e-01,5.477400000000000047e-01,5.561199999999999477e-01
5.974000000000000421e-01,5.542000000000000259e-01,0.000000000000000000e+00,5.630600000000000049e-01,5.816099999999999604e-01,5.514099999999999557e-01,5.927999999999999936e-01,5.851100000000000190e-01,5.517900000000000027e-01,5.996899999999999453e-01,5.664000000000000146e-01,5.894700000000000495e-01,5.826799999999999757e-01,5.688600000000000323e-01,5.408899999999999819e-01,5.486999999999999655e-01,6.106599999999999806e-01,5.785599999999999632e-01,0.000000000000000000e+00,5.513400000000000523e-01,5.714500000000000135e-01,5.448199999999999710e-01,0.000000000000000000e+00,5.925099999999999811e-01,5.768199999999999994e-01,5.793899999999999606e-01,5.525200000000000111e-01,5.621500000000000385e-01,5.409500000000000419e-01,0.000000000000000000e+00,5.737700000000000022e-01,5.634400000000000519e-01,6.068599999999999550e-01,6.062999999999999501e-01,6.079200000000000159e-01,5.771300000000000319e-01,5.929999999999999716e-01,5.800199999999999800e-01,5.842699999999999561e-01,5.870900000000000007e-01,5.864500000000000268e-01,6.071600000000000330e-01,5.938799999999999635e-01,5.904300000000000104e-01,5.422400000000000553e-01,5.844700000000000450e-01,0.000000000000000000e+00,5.475799999999999557e-01,5.979700000000000015e-01,5.732899999999999663e-01,5.695700000000000207e-01,5.893800000000000150e-01,5.738400000000000167e-01,5.708999999999999631e-01,5.551500000000000323e-01,5.694399999999999462e-01,5.475900000000000212e-01,5.693700000000000427e-01,5.875899999999999457e-01,5.515600000000000502e-01,5.615400000000000391e-01,5.514000000000000012e-01,5.767900000000000249e-01,5.661100000000000021e-01,0.000000000000000000e+00,5.699600000000000222e-01,0.000000000000000000e+00,5.475200000000000067e-01,5.522099999999999786e-01,0.000000000000000000e+00,5.584700000000000220e-01,5.466999999999999638e-01,5.757999999999999785e-01,5.465799999999999548e-01,5.508899999999999908e-01,5.598199999999999843e-01
5.922100000000000142e-01,5.591500000000000359e-01,0.000000000000000000e+00,5.898700000000000054e-01,5.984699999999999465e-01,5.665700000000000180e-01,6.048700000000000188e-01,5.799999999999999600e-01,5.658600000000000296e-01,6.100299999999999612e-01,5.744200000000000417e-01,5.826799999999999757e-01,5.946700000000000319e-01,5.846999999999999975e-01,0.000000000000000000e+00,5.550199999999999578e-01,6.171400000000000219e-01,5.947400000000000464e-01,0.000000000000000000e+00,5.565700000000000092e-01,5.687999999999999723e-01,5.574200000000000266e-01,0.000000000000000000e+00,5.931400000000000006e-01,5.902199999999999669e-01,5.885799999999999921e-01,5.619600000000000151e-01,5.744399999999999507e-01,5.547400000000000109e-01,0.000000000000000000e+00,5.884000000000000341e-01,5.754000000000000226e-01,6.206300000000000150e-01,6.121400000000000174e-01,6.251299999999999635e-01,5.913899999999999713e-01,6.137799999999999923e-01,5.830300000000000482e-01,5.967500000000000027e-01,6.071199999999999930e-01,5.914800000000000058e-01,6.168400000000000549e-01,6.023300000000000320e-01,6.061900000000000066e-01,5.534099999999999575e-01,5.946799999999999864e-01,5.447699999999999765e-01,5.558899999999999952e-01,6.106099999999999861e-01,5.810300000000000464e-01,5.851899999999999880e-01,6.034899999999999709e-01,5.821699999999999653e-01,5.871499999999999497e-01,5.640300000000000313e-01,5.815500000000000114e-01,5.414900000000000269e-01,5.868400000000000283e-01,5.993899999999999784e-01,5.558199999999999807e-01,5.779400000000000093e-01,5.632099999999999884e-01,5.862699999999999578e-01,5.801100000000000145e-01,5.461700000000000443e-01,5.765700000000000269e-01,5.498300000000000409e-01,5.579699999999999660e-01,5.628800000000000470e-01,5.525999999999999801e-01,5.715700000000000225e-01,5.560300000000000242e-01,5.918200000000000127e-01,5.593099999999999739e-01,5.625799999999999690e-01,5.729400000000000048e-01
5.779800000000000493e-01,5.480399999999999716e-01,0.000000000000000000e+00,5.806499999999999995e-01,5.833099999999999952e-01,5.572300000000000031e-01,5.923800000000000177e-01,5.605200000000000182e-01,5.602300000000000058e-01,6.057000000000000162e-01,5.659300000000000441e-01,5.688600000000000323e-01,5.846999999999999975e-01,5.665700000000000180e-01,0.000000000000000000e+00,5.493500000000000050e-01,6.151200000000000001e-01,5.838400000000000256e-01,0.000000000000000000e+00,5.482900000000000551e-01,5.551000000000000378e-01,5.479399999999999826e-01,0.000000000000000000e+00,5.826900000000000412e-01,5.791800000000000281e-01,5.748999999999999666e-01,5.555499999999999883e-01,5.670199999999999685e-01,5.469699999999999562e-01,0.000000000000000000e+00,5.745500000000000052e-01,5.606200000000000072e-01,6.093800000000000328e-01,6.015700000000000491e-01,6.135300000000000198e-01,5.793399999999999661e-01,6.025899999999999590e-01,5.818400000000000238e-01,5.788299999999999557e-01,5.822100000000000053e-01,5.739699999999999802e-01,5.997599999999999598e-01,6.004399999999999737e-01,5.956299999999999928e-01,5.507900000000000018e-01,5.723599999999999799e-01,0.000000000000000000e+00,5.474299999999999722e-01,5.950600000000000334e-01,5.742000000000000437e-01,5.789800000000000502e-01,5.914800000000000058e-01,5.723599999999999799e-01,5.778400000000000203e-01,5.603799999999999892e-01,5.714700000000000335e-01,0.000000000000000000e+00,5.752399999999999736e-01,5.877999999999999892e-01,5.450199999999999489e-01,5.782100000000000017e-01,5.565400000000000347e-01,5.723399999999999599e-01,5.709499999999999575e-01,5.403099999999999570e-01,5.593099999999999739e-01,5.442299999999999915e-01,5.453500000000000014e-01,5.593299999999999939e-01,5.451099999999999834e-01,5.596400000000000263e-01,5.501599999999999824e-01,5.770800000000000374e-01,5.524900000000000366e-01,5.498600000000000154e-01,5.609199999999999742e-01
5.585700000000000109e-01,0.000000000000000000e+00,0.000000000000000000e+00,0.000000000000000000e+00,0.000000000000000000e+00,0.000000000000000000e+00,5.428199999999999692e-01,5.535299999999999665e-01,0.000000000000000000e+00,5.465700000000000003e-01,0.000000000000000000e+00,5.408899999999999819e-01,0.000000000000000000e+00,0.000000000000000000e+00,0.000000000000000000e+00,0.000000000000000000e+00,5.543000000000000149e-01,0.000000000000000000e+00,0.000000000000000000e+00,0.000000000000000000e+00,0.000000000000000000e+00,0.000000000000000000e+00,0.000000000000000000e+00,5.528499999999999526e-01,0.000000000000000000e+00,5.429800000000000182e-01,0.000000000000000000e+00,0.000000000000000000e+00,0.000000000000000000e+00,0.000000000000000000e+00,0.000000000000000000e+00,0.000000000000000000e+00,5.577900000000000080e-01,5.606200000000000072e-01,5.595200000000000173e-01,0.000000000000000000e+00,5.517900000000000027e-01,5.454499999999999904e-01,0.000000000000000000e+00,0.000000000000000000e+00,0.000000000000000000e+00,5.486999999999999655e-01,5.463599999999999568e-01,0.000000000000000000e+00,0.000000000000000000e+00,5.483200000000000296e-01,0.000000000000000000e+00,0.000000000000000000e+00,5.439699999999999536e-01,0.000000000000000000e+00,0.000000000000000000e+00,5.415900000000000158e-01,5.433700000000000196e-01,0.000000000000000000e+00,0.000000000000000000e+00,0.000000000000000000e+00,0.000000000000000000e+00,0.000000000000000000e+00,5.422900000000000498e-01,0.000000000000000000e+00,0.000000000000000000e+00,0.000000000000000000e+00,0.000000000000000000e+00,0.000000000000000000e+00,0.000000000000000000e+00,0.000000000000000000e+00,0.000000000000000000e+00,0.000000000000000000e+00,0.000000000000000000e+00,0.000000000000000000e+00,0.000000000000000000e+00,0.000000000000000000e+00,0.000000000000000000e+00,0.000000000000000000e+00,0.000000000000000000e+00,0.000000000000000000e+00
5.634299999999999864e-01,0.000000000000000000e+00,0.000000000000000000e+00,5.446800000000000530e-01,5.548699999999999743e-01,0.000000000000000000e+00,5.614500000000000046e-01,5.545700000000000074e-01,0.000000000000000000e+00,5.650199999999999667e-01,5.426600000000000312e-01,5.486999999999999655e-01,5.550199999999999578e-01,5.493500000000000050e-01,0.000000000000000000e+00,0.000000000000000000e+00,5.729899999999999993e-01,5.621500000000000385e-01,0.000000000000000000e+00,0.000000000000000000e+00,0.000000000000000000e+00,0.000000000000000000e+00,0.000000000000000000e+00,5.589399999999999924e-01,5.534999999999999920e-01,5.526400000000000201e-01,0.000000000000000000e+00,5.418899999999999828e-01,0.000000000000000000e+00,0.000000000000000000e+00,5.482399999999999496e-01,0.000000000000000000e+00,5.725200000000000289e-01,5.712899999999999645e-01,5.710100000000000176e-01,5.615900000000000336e-01,5.722699999999999454e-01,5.536100000000000465e-01,5.491099999999999870e-01,5.536299999999999555e-01,5.491099999999999870e-01,5.637600000000000389e-01,5.693399999999999572e-01,5.624900000000000455e-01,0.000000000000000000e+00,5.520300000000000207e-01,0.000000000000000000e+00,0.000000000000000000e+00,5.623899999999999455e-01,5.409100000000000019e-01,5.479600000000000026e-01,5.589699999999999669e-01,5.515200000000000102e-01,5.501899999999999569e-01,0.000000000000000000e+00,5.453200000000000269e-01,0.000000000000000000e+00,5.442500000000000115e-01,5.609300000000000397e-01,0.000000000000000000e+00,5.467400000000000038e-01,0.000000000000000000e+00,5.507800000000000473e-01,5.499899999999999789e-01,0.000000000000000000e+00,0.000000000000000000e+00,0.000000000000000000e+00,0.000000000000000000e+00,0.000000000000000000e+00,0.000000000000000000e+00,0.000000000000000000e+00,0.000000000000000000e+00,5.509600000000000053e-01,0.000000000000000000e+00,0.000000000000000000e+00,0.000000000000000000e+00
6.196500000000000341e-01,5.804099999999999815e-01,5.491700000000000470e-01,6.129299999999999748e-01,6.249000000000000110e-01,5.824599999999999778e-01,6.334100000000000286e-01,5.975899999999999546e-01,5.822599999999999998e-01,6.442200000000000149e-01,6.009400000000000297e-01,6.106599999999999806e-01,6.171400000000000219e-01,6.151200000000000001e-01,5.543000000000000149e-01,5.729899999999999993e-01,6.539899999999999602e-01,6.189299999999999802e-01,5.511800000000000033e-01,5.789999999999999591e-01,5.976500000000000146e-01,5.739300000000000512e-01,5.485900000000000221e-01,6.196899999999999631e-01,6.164500000000000535e-01,6.101600000000000357e-01,5.817400000000000349e-01,5.959799999999999542e-01,5.723500000000000254e-01,0.000000000000000000e+00,6.093699999999999672e-01,5.919699999999999962e-01,6.506499999999999506e-01,6.415300000000000447e-01,6.518500000000000405e-01,6.266500000000000403e-01,6.417599999999999971e-01,6.139799999999999702e-01,6.186800000000000077e-01,6.357099999999999973e-01,6.125000000000000444e-01,6.394999999999999574e-01,6.378800000000000026e-01,6.385300000000000420e-01,5.755299999999999860e-01,6.100499999999999812e-01,5.586900000000000199e-01,5.672899999999999610e-01,6.328700000000000436e-01,6.117299999999999960e-01,6.054399999999999782e-01,6.352499999999999813e-01,5.958099999999999508e-01,6.090799999999999548e-01,5.940999999999999615e-01,6.038299999999999779e-01,5.559399999999999897e-01,6.082199999999999829e-01,6.314100000000000268e-01,5.683399999999999563e-01,6.042199999999999793e-01,5.897999999999999909e-01,6.093300000000000383e-01,5.980999999999999650e-01,5.630100000000000104e-01,5.930299999999999461e-01,5.691300000000000248e-01,5.703200000000000491e-01,5.901399999999999979e-01,5.702099999999999946e-01,5.882300000000000306e-01,5.759699999999999820e-01,6.151100000000000456e-01,5.796900000000000386e-01,5.799499999999999655e-01,5.923699999999999521e-01
5.904399999999999649e-01,5.594000000000000083e-01,5.409100000000000019e-01,5.846700000000000230e-01,5.957000000000000073e-01,5.683099999999999818e-01,6.031100000000000350e-01,5.783899999999999597e-01,5.688199999999999923e-01,6.098700000000000232e-01,5.766700000000000159e-01,5.785599999999999632e-01,5.947400000000000464e-01,5.838400000000000256e-01,0.000000000000000000e+00,5.621500000000000385e-01,6.189299999999999802e-01,5.984199999999999520e-01,5.405200000000000005e-01,5.625099999999999545e-01,5.668800000000000505e-01,5.594500000000000028e-01,0.000000000000000000e+00,5.914899999999999602e-01,5.906799999999999828e-01,5.879600000000000382e-01,5.655099999999999572e-01,5.753399999999999626e-01,5.604400000000000492e-01,0.000000000000000000e+00,5.847900000000000320e-01,5.692000000000000393e-01,6.176800000000000068e-01,6.099299999999999722e-01,6.170600000000000529e-01,5.902300000000000324e-01,6.118799999999999795e-01,5.816299999999999804e-01,5.875299999999999967e-01,5.978599999999999470e-01,5.844300000000000050e-01,6.079700000000000104e-01,6.058999999999999941e-01,6.043699999999999628e-01,5.557600000000000318e-01,5.896900000000000475e-01,5.445900000000000185e-01,5.584799999999999764e-01,6.015200000000000546e-01,5.791500000000000536e-01,5.864700000000000468e-01,6.009900000000000242e-01,5.814599999999999769e-01,5.888200000000000101e-01,5.672300000000000120e-01,5.807099999999999485e-01,0.000000000000000000e+00,5.826799999999999757e-01,6.008299999999999752e-01,5.530399999999999761e-01,5.791100000000000136e-01,5.659199999999999786e-01,5.860899999999999999e-01,5.856900000000000439e-01,5.506100000000000438e-01,5.689300000000000468e-01,5.530100000000000016e-01,5.583500000000000130e-01,5.587199999999999944e-01,5.547800000000000509e-01,5.697799999999999532e-01,5.587699999999999889e-01,5.903899999999999704e-01,5.639999999999999458e-01,5.635400000000000409e-01,5.717400000000000260e-01
5.503299999999999859e-01,0.000000000000000000e+00,0.000000000000000000e+00,0.000000000000000000e+00,0.000000000000000000e+00,0.000000000000000000e+00,5.427300000000000457e-01,0.000000000000000000e+00,0.000000000000000000e+00,5.482399999999999496e-01,0.000000000000000000e+00,0.000000000000000000e+00,0.000000000000000000e+00,0.000000000000000000e+00,0.000000000000000000e+00,0.000000000000000000e+00,5.511800000000000033e-01,5.405200000000000005e-01,0.000000000000000000e+00,0.000000000000000000e+00,0.000000000000000000e+00,0.000000000000000000e+00,0.000000000000000000e+00,5.420399999999999663e-01,0.000000000000000000e+00,0.000000000000000000e+00,0.000000000000000000e+00,0.000000000000000000e+00,0.000000000000000000e+00,0.000000000000000000e+00,0.000000000000000000e+00,0.000000000000000000e+00,5.527400000000000091e-01,5.517999999999999572e-01,5.555700000000000083e-01,0.000000000000000000e+00,5.485600000000000476e-01,0.000000000000000000e+00,0.000000000000000000e+00,0.000000000000000000e+00,0.000000000000000000e+00,5.518999999999999462e-01,5.482599999999999696e-01,0.000000000000000000e+00,0.000000000000000000e+00,0.000000000000000000e+00,0.000000000000000000e+00,0.000000000000000000e+00,5.439599999999999991e-01,0.000000000000000000e+00,5.404799999999999605e-01,5.449000000000000510e-01,0.000000000000000000e+00,5.404999999999999805e-01,0.000000000000000000e+00,0.000000000000000000e+00,0.000000000000000000e+00,0.000000000000000000e+00,5.445499999999999785e-01,0.000000000000000000e+00,0.000000000000000000e+00,0.000000000000000000e+00,0.000000000000000000e+00,0.000000000000000000e+00,0.000000000000000000e+00,0.000000000000000000e+00,0.000000000000000000e+00,0.000000000000000000e+00,0.000000000000000000e+00,0.000000000000000000e+00,0.000000000000000000e+00,0.000000000000000000e+00,0.000000000000000000e+00,0.000000000000000000e+00,0.000000000000000000e+00,0.000000000000000000e+00
5.620100000000000096e-01,0.000000000000000000e+00,0.000000000000000000e+00,5.493599999999999595e-01,5.579600000000000115e-01,0.000000000000000000e+00,5.631099999999999994e-01,5.513000000000000123e-01,0.000000000000000000e+00,5.708699999999999886e-01,5.447100000000000275e-01,5.513400000000000523e-01,5.565700000000000092e-01,5.482900000000000551e-01,0.000000000000000000e+00,0.000000000000000000e+00,5.789999999999999591e-01,5.625099999999999545e-01,0.000000000000000000e+00,0.000000000000000000e+00,0.000000000000000000e+00,0.000000000000000000e+00,0.000000000000000000e+00,5.589300000000000379e-01,5.553000000000000158e-01,5.550800000000000178e-01,0.000000000000000000e+00,5.419899999999999718e-01,0.000000000000000000e+00,0.000000000000000000e+00,5.511599999999999833e-01,0.000000000000000000e+00,5.748400000000000176e-01,5.724799999999999889e-01,5.783599999999999852e-01,5.586400000000000254e-01,5.701000000000000512e-01,5.531099999999999905e-01,5.506600000000000383e-01,5.581800000000000095e-01,5.521000000000000352e-01,5.704299999999999926e-01,5.680100000000000149e-01,5.628800000000000470e-01,0.000000000000000000e+00,5.525400000000000311e-01,0.000000000000000000e+00,0.000000000000000000e+00,5.646200000000000108e-01,5.450800000000000090e-01,5.558300000000000463e-01,5.620199999999999640e-01,5.474400000000000377e-01,5.554299999999999793e-01,0.000000000000000000e+00,5.479399999999999826e-01,0.000000000000000000e+00,5.502099999999999769e-01,5.621099999999999985e-01,0.000000000000000000e+00,5.486999999999999655e-01,0.000000000000000000e+00,5.518899999999999917e-01,5.504700000000000149e-01,0.000000000000000000e+00,0.000000000000000000e+00,0.000000000000000000e+00,0.000000000000000000e+00,0.000000000000000000e+00,0.000000000000000000e+00,0.000000000000000000e+00,0.000000000000000000e+00,5.554799999999999738e-01,0.000000000000000000e+00,0.000000000000000000e+00,5.425200000000000022e-01
5.857200000000000184e-01,0.000000000000000000e+00,0.000000000000000000e+00,5.577100000000000390e-01,5.672199999999999465e-01,0.000000000000000000e+00,5.772699999999999498e-01,5.667400000000000215e-01,0.000000000000000000e+00,5.834700000000000442e-01,5.537300000000000555e-01,5.714500000000000135e-01,5.687999999999999723e-01,5.551000000000000378e-01,0.000000000000000000e+00,0.000000000000000000e+00,5.976399999999999491e-01,5.668699999999999850e-01,0.000000000000000000e+00,0.000000000000000000e+00,5.607299999999999507e-01,0.000000000000000000e+00,0.000000000000000000e+00,5.762500000000000400e-01,5.625499999999999945e-01,5.634099999999999664e-01,0.000000000000000000e+00,5.514299999999999757e-01,0.000000000000000000e+00,0.000000000000000000e+00,5.626499999999999835e-01,5.429599999999999982e-01,5.895500000000000185e-01,5.893699999999999495e-01,5.928400000000000336e-01,5.648300000000000542e-01,5.810899999999999954e-01,5.609899999999999887e-01,5.617499999999999716e-01,5.676499999999999879e-01,5.643899999999999473e-01,5.861499999999999488e-01,5.763099999999999890e-01,5.732399999999999718e-01,5.420199999999999463e-01,5.708100000000000396e-01,0.000000000000000000e+00,0.000000000000000000e+00,5.810800000000000409e-01,5.588400000000000034e-01,5.507699999999999818e-01,5.738299999999999512e-01,5.657999999999999696e-01,5.517800000000000482e-01,5.441300000000000026e-01,5.564200000000000257e-01,0.000000000000000000e+00,5.552799999999999958e-01,5.715500000000000025e-01,5.412500000000000089e-01,5.534599999999999520e-01,0.000000000000000000e+00,5.580399999999999805e-01,5.529399999999999871e-01,0.000000000000000000e+00,5.625799999999999690e-01,0.000000000000000000e+00,0.000000000000000000e+00,5.437600000000000211e-01,0.000000000000000000e+00,5.460599999999999898e-01,0.000000000000000000e+00,5.583200000000000385e-01,0.000000000000000000e+00,0.000000000000000000e+00,5.480599999999999916e-01
