5.582200000000000495e-01,5.404700000000000060e-01,0.000000000000000000e+00,5.645999999999999908e-01,5.682500000000000329e-01,5.675599999999999534e-01,5.666400000000000325e-01,5.548499999999999543e-01,5.529500000000000526e-01,0.000000000000000000e+00,5.598600000000000243e-01,5.623099999999999765e-01,5.650100000000000122e-01,5.667400000000000215e-01,0.000000000000000000e+00,0.000000000000000000e+00,0.000000000000000000e+00,0.000000000000000000e+00,0.000000000000000000e+00,0.000000000000000000e+00,5.523700000000000276e-01,0.000000000000000000e+00,0.000000000000000000e+00,5.747299999999999631e-01,0.000000000000000000e+00,5.526600000000000401e-01,0.000000000000000000e+00,5.468100000000000183e-01,0.000000000000000000e+00,0.000000000000000000e+00,0.000000000000000000e+00,5.708999999999999631e-01,5.903000000000000469e-01,5.928400000000000336e-01,5.821499999999999453e-01,5.611300000000000177e-01,5.826900000000000412e-01,6.066700000000000426e-01,5.868700000000000028e-01,5.977799999999999780e-01,5.886500000000000066e-01,6.050200000000000022e-01,5.583500000000000130e-01,5.822599999999999998e-01,5.519600000000000062e-01,5.646099999999999453e-01,0.000000000000000000e+00,0.000000000000000000e+00,5.945399999999999574e-01,5.635700000000000154e-01,5.668800000000000505e-01,5.737100000000000533e-01,5.592000000000000304e-01,5.619100000000000206e-01,5.666799999999999615e-01,5.573299999999999921e-01,5.633399999999999519e-01,5.598499999999999588e-01,5.512700000000000378e-01,0.000000000000000000e+00,0.000000000000000000e+00,5.471899999999999542e-01,5.517499999999999627e-01,0.000000000000000000e+00,0.000000000000000000e+00,5.595400000000000373e-01,0.000000000000000000e+00,0.000000000000000000e+00,5.507100000000000328e-01,5.523599999999999621e-01,5.482299999999999951e-01,0.000000000000000000e+00,5.416499999999999648e-01,5.496799999999999464e-01,0.000000000000000000e+00,5.435299999999999576e-01
5.404700000000000060e-01,0.000000000000000000e+00,0.000000000000000000e+00,5.596900000000000208e-01,5.670300000000000340e-01,5.546100000000000474e-01,5.664900000000000491e-01,5.503299999999999859e-01,5.458899999999999864e-01,0.000000000000000000e+00,5.515200000000000102e-01,0.000000000000000000e+00,5.559699999999999642e-01,5.639899999999999913e-01,0.000000000000000000e+00,0.000000000000000000e+00,0.000000000000000000e+00,0.000000000000000000e+00,0.000000000000000000e+00,0.000000000000000000e+00,5.475799999999999557e-01,0.000000000000000000e+00,0.000000000000000000e+00,5.470099999999999962e-01,0.000000000000000000e+00,0.000000000000000000e+00,0.000000000000000000e+00,5.428899999999999837e-01,0.000000000000000000e+00,0.000000000000000000e+00,0.000000000000000000e+00,5.535700000000000065e-01,5.666200000000000125e-01,5.619600000000000151e-01,5.688400000000000123e-01,5.646400000000000308e-01,5.743300000000000072e-01,5.706499999999999906e-01,5.513799999999999812e-01,5.823899999999999633e-01,5.591000000000000414e-01,5.754299999999999971e-01,5.612800000000000011e-01,5.788400000000000212e-01,0.000000000000000000e+00,5.537699999999999845e-01,0.000000000000000000e+00,0.000000000000000000e+00,5.749900000000000011e-01,5.643599999999999728e-01,5.539199999999999680e-01,5.671100000000000030e-01,5.489399999999999835e-01,5.542099999999999804e-01,5.601300000000000168e-01,5.539300000000000335e-01,5.465600000000000458e-01,5.505200000000000093e-01,5.583099999999999730e-01,0.000000000000000000e+00,0.000000000000000000e+00,5.466800000000000548e-01,5.465700000000000003e-01,0.000000000000000000e+00,0.000000000000000000e+00,5.532200000000000450e-01,0.000000000000000000e+00,0.000000000000000000e+00,0.000000000000000000e+00,5.449800000000000200e-01,0.000000000000000000e+00,0.000000000000000000e+00,0.000000000000000000e+00,0.000000000000000000e+00,0.000000000000000000e+00,0.000000000000000000e+00
0.000000000000000000e+00,0.000000000000000000e+00,0.000000000000000000e+00,0.000000000000000000e+00,5.437699999999999756e-01,0.000000000000000000e+00,5.426400000000000112e-01,0.000000000000000000e+00,0.000000000000000000e+00,0.000000000000000000e+00,0.000000000000000000e+00,0.000000000000000000e+00,0.000000000000000000e+00,5.412500000000000089e-01,0.000000000000000000e+00,0.000000000000000000e+00,0.000000000000000000e+00,0.000000000000000000e+00,0.000000000000000000e+00,0.000000000000000000e+00,0.000000000000000000e+00,0.000000000000000000e+00,0.000000000000000000e+00,0.000000000000000000e+00,0.000000000000000000e+00,0.000000000000000000e+00,0.000000000000000000e+00,0.000000000000000000e+00,0.000000000000000000e+00,0.000000000000000000e+00,0.000000000000000000e+00,0.000000000000000000e+00,5.537300000000000555e-01,5.494099999999999540e-01,5.487800000000000455e-01,0.000000000000000000e+00,5.468199999999999728e-01,5.548999999999999488e-01,0.000000000000000000e+00,5.593599999999999683e-01,5.459600000000000009e-01,5.585099999999999509e-01,0.000000000000000000e+00,0.000000000000000000e+00,0.000000000000000000e+00,0.000000000000000000e+00,0.000000000000000000e+00,0.000000000000000000e+00,5.599800000000000333e-01,0.000000000000000000e+00,0.000000000000000000e+00,5.452700000000000324e-01,0.000000000000000000e+00,0.000000000000000000e+00,0.000000000000000000e+00,0.000000000000000000e+00,0.000000000000000000e+00,0.000000000000000000e+00,0.000000000000000000e+00,0.000000000000000000e+00,0.000000000000000000e+00,0.000000000000000000e+00,0.000000000000000000e+00,0.000000000000000000e+00,0.000000000000000000e+00,0.000000000000000000e+00,0.000000000000000000e+00,0.000000000000000000e+00,0.000000000000000000e+00,0.000000000000000000e+00,0.000000000000000000e+00,0.000000000000000000e+00,0.000000000000000000e+00,0.000000000000000000e+00,0.000000000000000000e+00,0.000000000000000000e+00
5.645999999999999908e-01,5.596900000000000208e-01,0.000000000000000000e+00,5.732300000000000173e-01,5.944800000000000084e-01,5.838799999999999546e-01,5.919799999999999507e-01,5.667499999999999760e-01,5.681500000000000439e-01,5.493500000000000050e-01,5.769100000000000339e-01,5.664900000000000491e-01,5.846700000000000230e-01,5.940699999999999870e-01,0.000000000000000000e+00,5.424799999999999622e-01,0.000000000000000000e+00,5.450399999999999689e-01,0.000000000000000000e+00,5.442799999999999860e-01,5.699699999999999767e-01,5.496900000000000119e-01,0.000000000000000000e+00,5.742699999999999472e-01,5.490099999999999980e-01,5.606100000000000527e-01,5.532899999999999485e-01,5.639999999999999458e-01,5.509699999999999598e-01,5.457999999999999519e-01,5.479100000000000081e-01,5.852800000000000225e-01,6.015000000000000346e-01,5.943300000000000249e-01,6.003800000000000248e-01,5.888700000000000045e-01,6.003699999999999593e-01,6.033300000000000329e-01,5.868200000000000083e-01,6.083199999999999719e-01,5.899999999999999689e-01,6.139200000000000212e-01,5.846700000000000230e-01,6.096599999999999797e-01,5.567100000000000382e-01,5.813800000000000079e-01,0.000000000000000000e+00,5.408699999999999619e-01,6.109400000000000386e-01,5.959400000000000253e-01,5.772599999999999953e-01,5.967799999999999772e-01,5.714399999999999480e-01,5.762300000000000200e-01,5.861199999999999743e-01,5.797600000000000531e-01,5.758100000000000440e-01,5.793000000000000371e-01,5.803899999999999615e-01,5.407100000000000239e-01,5.539500000000000535e-01,5.611099999999999977e-01,5.677799999999999514e-01,5.464200000000000168e-01,0.000000000000000000e+00,5.819800000000000528e-01,0.000000000000000000e+00,5.459199999999999608e-01,5.619800000000000351e-01,5.659399999999999986e-01,5.621199999999999530e-01,5.478699999999999681e-01,5.577299999999999480e-01,5.634599999999999609e-01,0.000000000000000000e+00,5.536999999999999700e-01
5.682500000000000329e-01,5.670300000000000340e-01,5.437699999999999756e-01,5.944800000000000084e-01,6.058299999999999796e-01,5.878200000000000092e-01,6.057500000000000107e-01,5.788299999999999557e-01,5.803000000000000380e-01,5.585499999999999909e-01,5.905299999999999994e-01,5.707600000000000451e-01,5.949400000000000244e-01,6.041100000000000358e-01,0.000000000000000000e+00,5.513299999999999867e-01,0.000000000000000000e+00,5.558600000000000207e-01,0.000000000000000000e+00,5.517600000000000282e-01,5.753500000000000281e-01,5.589100000000000179e-01,5.483500000000000041e-01,5.795400000000000551e-01,5.569499999999999451e-01,5.635099999999999554e-01,5.617999999999999661e-01,5.773500000000000298e-01,5.585599999999999454e-01,5.582500000000000240e-01,5.490899999999999670e-01,6.027799999999999825e-01,6.161799999999999500e-01,6.015700000000000491e-01,6.124000000000000554e-01,6.031100000000000350e-01,6.158099999999999685e-01,6.119799999999999685e-01,6.049499999999999877e-01,6.251600000000000490e-01,5.974199999999999511e-01,6.282200000000000006e-01,6.027700000000000280e-01,6.371400000000000396e-01,5.611699999999999466e-01,5.863399999999999723e-01,0.000000000000000000e+00,5.424700000000000077e-01,6.272400000000000198e-01,6.077599999999999669e-01,5.908400000000000318e-01,6.092300000000000493e-01,5.797999999999999821e-01,5.897900000000000365e-01,5.993899999999999784e-01,5.885500000000000176e-01,5.786299999999999777e-01,5.889799999999999480e-01,5.952499999999999458e-01,0.000000000000000000e+00,5.640500000000000513e-01,5.784700000000000397e-01,5.797499999999999876e-01,5.475299999999999612e-01,5.466800000000000548e-01,5.825599999999999667e-01,5.427600000000000202e-01,5.517900000000000027e-01,5.622200000000000530e-01,5.781600000000000072e-01,5.641800000000000148e-01,5.542700000000000404e-01,5.684000000000000163e-01,5.742500000000000382e-01,5.495700000000000029e-01,5.601399999999999713e-01
5.675599999999999534e-01,5.546100000000000474e-01,0.000000000000000000e+00,5.838799999999999546e-01,5.878200000000000092e-01,5.819900000000000073e-01,5.870499999999999607e-01,5.641399999999999748e-01,5.699600000000000222e-01,5.461000000000000298e-01,5.712699999999999445e-01,5.542099999999999804e-01,5.836200000000000276e-01,5.945599999999999774e-01,0.000000000000000000e+00,5.427400000000000002e-01,0.000000000000000000e+00,5.490899999999999670e-01,0.000000000000000000e+00,5.466400000000000148e-01,5.544000000000000039e-01,5.531899999999999595e-01,5.440099999999999936e-01,5.710699999999999665e-01,5.493000000000000105e-01,5.578100000000000280e-01,5.574999999999999956e-01,5.651000000000000467e-01,5.508499999999999508e-01,5.459000000000000519e-01,5.449300000000000255e-01,5.862000000000000544e-01,6.029600000000000515e-01,5.909200000000000008e-01,5.973399999999999821e-01,5.900900000000000034e-01,6.017799999999999816e-01,5.927700000000000191e-01,5.926900000000000501e-01,6.165800000000000169e-01,5.873500000000000387e-01,6.114199999999999635e-01,5.876099999999999657e-01,6.179299999999999793e-01,5.604000000000000092e-01,5.810499999999999554e-01,0.000000000000000000e+00,5.417199999999999793e-01,6.171699999999999964e-01,5.891899999999999915e-01,5.860800000000000454e-01,5.932899999999999840e-01,5.706200000000000161e-01,5.803000000000000380e-01,5.805399999999999450e-01,5.716900000000000315e-01,5.588699999999999779e-01,5.779999999999999583e-01,5.847599999999999465e-01,0.000000000000000000e+00,5.539699999999999624e-01,5.676499999999999879e-01,5.760300000000000420e-01,0.000000000000000000e+00,5.418899999999999828e-01,5.655700000000000172e-01,0.000000000000000000e+00,5.482900000000000551e-01,5.567600000000000326e-01,5.690300000000000358e-01,5.569300000000000361e-01,5.496299999999999519e-01,5.606100000000000527e-01,5.653000000000000247e-01,0.000000000000000000e+00,5.595200000000000173e-01
5.666400000000000325e-01,5.664900000000000491e-01,5.426400000000000112e-01,5.919799999999999507e-01,6.057500000000000107e-01,5.870499999999999607e-01,6.026700000000000390e-01,5.797099999999999476e-01,5.797700000000000076e-01,5.568800000000000416e-01,5.900100000000000344e-01,5.656900000000000261e-01,5.920600000000000307e-01,6.029099999999999460e-01,0.000000000000000000e+00,5.514599999999999502e-01,0.000000000000000000e+00,5.566499999999999782e-01,0.000000000000000000e+00,5.512399999999999523e-01,5.732800000000000118e-01,5.587999999999999634e-01,5.471000000000000307e-01,5.755400000000000515e-01,5.552700000000000413e-01,5.624000000000000110e-01,5.598800000000000443e-01,5.750600000000000156e-01,5.578999999999999515e-01,5.556600000000000428e-01,5.475299999999999612e-01,5.947000000000000064e-01,6.159599999999999520e-01,5.996299999999999963e-01,6.100200000000000067e-01,6.020799999999999486e-01,6.151100000000000456e-01,6.141499999999999737e-01,5.972600000000000131e-01,6.261700000000000044e-01,5.954500000000000348e-01,6.253499999999999615e-01,6.004399999999999737e-01,6.286300000000000221e-01,5.570699999999999541e-01,5.832699999999999552e-01,0.000000000000000000e+00,5.414099999999999469e-01,6.242799999999999461e-01,6.057500000000000107e-01,5.899799999999999489e-01,6.074500000000000455e-01,5.784899999999999487e-01,5.891100000000000225e-01,5.975099999999999856e-01,5.875899999999999457e-01,5.738799999999999457e-01,5.878499999999999837e-01,5.932399999999999896e-01,0.000000000000000000e+00,5.626900000000000235e-01,5.785299999999999887e-01,5.768900000000000139e-01,5.469899999999999762e-01,5.463500000000000023e-01,5.820600000000000218e-01,5.425100000000000477e-01,5.514799999999999702e-01,5.567800000000000527e-01,5.772000000000000464e-01,5.622700000000000475e-01,5.533700000000000285e-01,5.669800000000000395e-01,5.727999999999999758e-01,5.462700000000000333e-01,5.583599999999999675e-01
5.548499999999999543e-01,5.503299999999999859e-01,0.000000000000000000e+00,5.667499999999999760e-01,5.788299999999999557e-01,5.641399999999999748e-01,5.797099999999999476e-01,5.753599999999999826e-01,5.587499999999999689e-01,5.414400000000000324e-01,5.611699999999999466e-01,5.534999999999999920e-01,5.697699999999999987e-01,5.804300000000000015e-01,0.000000000000000000e+00,0.000000000000000000e+00,0.000000000000000000e+00,0.000000000000000000e+00,0.000000000000000000e+00,0.000000000000000000e+00,5.675599999999999534e-01,5.421700000000000408e-01,0.000000000000000000e+00,5.617199999999999971e-01,0.000000000000000000e+00,5.478199999999999736e-01,5.439100000000000046e-01,5.589399999999999924e-01,0.000000000000000000e+00,0.000000000000000000e+00,0.000000000000000000e+00,5.670199999999999685e-01,5.892100000000000115e-01,5.739699999999999802e-01,5.826000000000000068e-01,5.724399999999999489e-01,5.777099999999999458e-01,5.755700000000000260e-01,5.760999999999999455e-01,5.873899999999999677e-01,5.667100000000000470e-01,5.970800000000000551e-01,5.754500000000000171e-01,6.104500000000000481e-01,0.000000000000000000e+00,5.616100000000000536e-01,0.000000000000000000e+00,0.000000000000000000e+00,5.999100000000000543e-01,5.762899999999999689e-01,5.662300000000000111e-01,5.816799999999999748e-01,5.789800000000000502e-01,5.673399999999999554e-01,5.808299999999999574e-01,5.623500000000000165e-01,5.706099999999999506e-01,5.617199999999999971e-01,5.691399999999999793e-01,0.000000000000000000e+00,5.456699999999999884e-01,5.589899999999999869e-01,5.616999999999999771e-01,0.000000000000000000e+00,0.000000000000000000e+00,5.692300000000000137e-01,0.000000000000000000e+00,5.425900000000000167e-01,0.000000000000000000e+00,5.591699999999999449e-01,5.457800000000000429e-01,0.000000000000000000e+00,5.495799999999999574e-01,5.515600000000000502e-01,0.000000000000000000e+00,0.000000000000000000e+00
5.529500000000000526e-01,5.458899999999999864e-01,0.000000000000000000e+00,5.681500000000000439e-01,5.803000000000000380e-01,5.699600000000000222e-01,5.797700000000000076e-01,5.587499999999999689e-01,5.641800000000000148e-01,0.000000000000000000e+00,5.651300000000000212e-01,5.404400000000000315e-01,5.735999999999999988e-01,5.830800000000000427e-01,0.000000000000000000e+00,0.000000000000000000e+00,0.000000000000000000e+00,5.445499999999999785e-01,0.000000000000000000e+00,5.409500000000000419e-01,5.477400000000000047e-01,5.475299999999999612e-01,0.000000000000000000e+00,5.554599999999999538e-01,5.422900000000000498e-01,5.469000000000000528e-01,5.500699999999999479e-01,5.584000000000000075e-01,5.458899999999999864e-01,0.000000000000000000e+00,0.000000000000000000e+00,5.707999999999999741e-01,5.883199999999999541e-01,5.753300000000000081e-01,5.837900000000000311e-01,5.815599999999999659e-01,5.870800000000000463e-01,5.769199999999999884e-01,5.713300000000000045e-01,6.030400000000000205e-01,5.750399999999999956e-01,5.973100000000000076e-01,5.765900000000000469e-01,5.959400000000000253e-01,5.451599999999999779e-01,5.678199999999999914e-01,0.000000000000000000e+00,0.000000000000000000e+00,5.987099999999999644e-01,5.794700000000000406e-01,5.769900000000000029e-01,5.824300000000000033e-01,5.627600000000000380e-01,5.736299999999999732e-01,5.739900000000000002e-01,5.658199999999999896e-01,5.471500000000000252e-01,5.674799999999999844e-01,5.745000000000000107e-01,0.000000000000000000e+00,5.482099999999999751e-01,5.654099999999999682e-01,5.681899999999999729e-01,0.000000000000000000e+00,0.000000000000000000e+00,5.559199999999999697e-01,0.000000000000000000e+00,5.415699999999999958e-01,5.416999999999999593e-01,5.624599999999999600e-01,5.470199999999999507e-01,5.425400000000000222e-01,5.539600000000000080e-01,5.593099999999999739e-01,0.000000000000000000e+00,5.496199999999999974e-01
0.000000000000000000e+00,0.000000000000000000e+00,0.000000000000000000e+00,5.493500000000000050e-01,5.585499999999999909e-01,5.461000000000000298e-01,5.568800000000000416e-01,5.414400000000000324e-01,0.000000000000000000e+00,0.000000000000000000e+00,5.437100000000000266e-01,0.000000000000000000e+00,5.470699999999999452e-01,5.597999999999999643e-01,0.000000000000000000e+00,0.000000000000000000e+00,0.000000000000000000e+00,0.000000000000000000e+00,0.000000000000000000e+00,0.000000000000000000e+00,0.000000000000000000e+00,0.000000000000000000e+00,0.000000000000000000e+00,5.414999999999999813e-01,0.000000000000000000e+00,0.000000000000000000e+00,0.000000000000000000e+00,0.000000000000000000e+00,0.000000000000000000e+00,0.000000000000000000e+00,0.000000000000000000e+00,5.454299999999999704e-01,5.657100000000000461e-01,5.566499999999999782e-01,5.621500000000000385e-01,5.591099999999999959e-01,5.668299999999999450e-01,5.635999999999999899e-01,5.477300000000000502e-01,5.736099999999999532e-01,5.520599999999999952e-01,5.714500000000000135e-01,5.544799999999999729e-01,5.739999999999999547e-01,0.000000000000000000e+00,5.477400000000000047e-01,0.000000000000000000e+00,0.000000000000000000e+00,5.715299999999999825e-01,5.601500000000000368e-01,5.431700000000000417e-01,5.628100000000000325e-01,5.405100000000000460e-01,5.447199999999999820e-01,5.519500000000000517e-01,5.438800000000000301e-01,5.407600000000000184e-01,5.459399999999999809e-01,5.496199999999999974e-01,0.000000000000000000e+00,0.000000000000000000e+00,0.000000000000000000e+00,5.426100000000000367e-01,0.000000000000000000e+00,0.000000000000000000e+00,5.466600000000000348e-01,0.000000000000000000e+00,0.000000000000000000e+00,0.000000000000000000e+00,0.000000000000000000e+00,0.000000000000000000e+00,0.000000000000000000e+00,0.000000000000000000e+00,0.000000000000000000e+00,0.000000000000000000e+00,0.000000000000000000e+00
5.598600000000000243e-01,5.515200000000000102e-01,0.000000000000000000e+00,5.769100000000000339e-01,5.905299999999999994e-01,5.712699999999999445e-01,5.900100000000000344e-01,5.611699999999999466e-01,5.651399999999999757e-01,5.437100000000000266e-01,5.710100000000000176e-01,5.523599999999999621e-01,5.782399999999999762e-01,5.891699999999999715e-01,0.000000000000000000e+00,5.411200000000000454e-01,0.000000000000000000e+00,5.454200000000000159e-01,0.000000000000000000e+00,5.410800000000000054e-01,5.598600000000000243e-01,5.465700000000000003e-01,0.000000000000000000e+00,5.645599999999999508e-01,5.442900000000000515e-01,5.512599999999999723e-01,5.495299999999999629e-01,5.627100000000000435e-01,5.453299999999999814e-01,5.417999999999999483e-01,0.000000000000000000e+00,5.794700000000000406e-01,5.977599999999999580e-01,5.847499999999999920e-01,5.929299999999999571e-01,5.885099999999999776e-01,5.989799999999999569e-01,5.878799999999999581e-01,5.810699999999999754e-01,6.118799999999999795e-01,5.838900000000000201e-01,6.089299999999999713e-01,5.868400000000000283e-01,6.111900000000000110e-01,5.516699999999999937e-01,5.722300000000000164e-01,0.000000000000000000e+00,0.000000000000000000e+00,6.087200000000000388e-01,5.877900000000000347e-01,5.787600000000000522e-01,5.888799999999999590e-01,5.661300000000000221e-01,5.753700000000000481e-01,5.816400000000000459e-01,5.723200000000000509e-01,5.604500000000000037e-01,5.708499999999999686e-01,5.809999999999999609e-01,0.000000000000000000e+00,5.506299999999999528e-01,5.649899999999999922e-01,5.672899999999999610e-01,0.000000000000000000e+00,0.000000000000000000e+00,5.660500000000000531e-01,0.000000000000000000e+00,5.431500000000000217e-01,5.476199999999999957e-01,5.664700000000000291e-01,5.508800000000000363e-01,5.414999999999999813e-01,5.555499999999999883e-01,5.620399999999999840e-01,0.000000000000000000e+00,5.492000000000000215e-01
5.623099999999999765e-01,0.000000000000000000e+00,0.000000000000000000e+00,5.664900000000000491e-01,5.707600000000000451e-01,5.542000000000000259e-01,5.656900000000000261e-01,5.534999999999999920e-01,5.404299999999999660e-01,0.000000000000000000e+00,5.523599999999999621e-01,5.605799999999999672e-01,5.571700000000000541e-01,5.715599999999999570e-01,0.000000000000000000e+00,0.000000000000000000e+00,0.000000000000000000e+00,0.000000000000000000e+00,0.000000000000000000e+00,0.000000000000000000e+00,5.648800000000000487e-01,0.000000000000000000e+00,0.000000000000000000e+00,5.667999999999999705e-01,0.000000000000000000e+00,5.485400000000000276e-01,0.000000000000000000e+00,5.440099999999999936e-01,0.000000000000000000e+00,0.000000000000000000e+00,0.000000000000000000e+00,5.585799999999999654e-01,5.870600000000000263e-01,5.837499999999999911e-01,5.745099999999999651e-01,5.656099999999999461e-01,5.802500000000000435e-01,5.913199999999999568e-01,5.650199999999999667e-01,5.827599999999999447e-01,5.797299999999999676e-01,5.886000000000000121e-01,5.626499999999999835e-01,5.881699999999999706e-01,0.000000000000000000e+00,5.667799999999999505e-01,0.000000000000000000e+00,0.000000000000000000e+00,5.905700000000000394e-01,5.670199999999999685e-01,5.455900000000000194e-01,5.708900000000000086e-01,5.523299999999999876e-01,5.469199999999999617e-01,5.601000000000000423e-01,5.531199999999999450e-01,5.725999999999999979e-01,5.516699999999999937e-01,5.528300000000000436e-01,0.000000000000000000e+00,0.000000000000000000e+00,0.000000000000000000e+00,5.402599999999999625e-01,0.000000000000000000e+00,0.000000000000000000e+00,5.669999999999999485e-01,0.000000000000000000e+00,0.000000000000000000e+00,0.000000000000000000e+00,5.408899999999999819e-01,5.424499999999999877e-01,0.000000000000000000e+00,0.000000000000000000e+00,0.000000000000000000e+00,0.000000000000000000e+00,0.000000000000000000e+00
5.650100000000000122e-01,5.559699999999999642e-01,0.000000000000000000e+00,5.846700000000000230e-01,5.949400000000000244e-01,5.836200000000000276e-01,5.920600000000000307e-01,5.697699999999999987e-01,5.735999999999999988e-01,5.470699999999999452e-01,5.782399999999999762e-01,5.571700000000000541e-01,5.852199999999999624e-01,5.963100000000000067e-01,0.000000000000000000e+00,5.455499999999999794e-01,0.000000000000000000e+00,5.514200000000000212e-01,0.000000000000000000e+00,5.469800000000000217e-01,5.599199999999999733e-01,5.540599999999999969e-01,5.435600000000000431e-01,5.691000000000000503e-01,5.516400000000000192e-01,5.576699999999999990e-01,5.566600000000000437e-01,5.663200000000000456e-01,5.528800000000000381e-01,5.452000000000000179e-01,5.444700000000000095e-01,5.904800000000000049e-01,6.032800000000000384e-01,5.942100000000000160e-01,6.007900000000000462e-01,5.935200000000000475e-01,6.046799999999999953e-01,5.976700000000000346e-01,5.931199999999999806e-01,6.219599999999999573e-01,5.883699999999999486e-01,6.157299999999999995e-01,5.846799999999999775e-01,6.150499999999999856e-01,5.598699999999999788e-01,5.819999999999999618e-01,0.000000000000000000e+00,0.000000000000000000e+00,6.165800000000000169e-01,5.938700000000000090e-01,5.850699999999999790e-01,5.976099999999999746e-01,5.736799999999999677e-01,5.824099999999999833e-01,5.869999999999999662e-01,5.773099999999999898e-01,5.637799999999999478e-01,5.808900000000000174e-01,5.818999999999999728e-01,0.000000000000000000e+00,5.556100000000000483e-01,5.715799999999999770e-01,5.749300000000000521e-01,5.424200000000000133e-01,5.420800000000000063e-01,5.720199999999999729e-01,0.000000000000000000e+00,5.476100000000000412e-01,5.556999999999999718e-01,5.717700000000000005e-01,5.572899999999999521e-01,5.510800000000000143e-01,5.625599999999999490e-01,5.681300000000000239e-01,0.000000000000000000e+00,5.580199999999999605e-01
5.667400000000000215e-01,5.639899999999999913e-01,5.412500000000000089e-01,5.940699999999999870e-01,6.041199999999999903e-01,5.945599999999999774e-01,6.029099999999999460e-01,5.804300000000000015e-01,5.830800000000000427e-01,5.598100000000000298e-01,5.891600000000000170e-01,5.715599999999999570e-01,5.963100000000000067e-01,5.999600000000000488e-01,0.000000000000000000e+00,5.542099999999999804e-01,0.000000000000000000e+00,5.522700000000000387e-01,0.000000000000000000e+00,5.519899999999999807e-01,5.687100000000000488e-01,5.617400000000000171e-01,5.452299999999999924e-01,5.827299999999999702e-01,5.571800000000000086e-01,5.650600000000000067e-01,5.634799999999999809e-01,5.766700000000000159e-01,5.601300000000000168e-01,5.526100000000000456e-01,5.514000000000000012e-01,6.044599999999999973e-01,6.126700000000000479e-01,5.997799999999999798e-01,6.114000000000000545e-01,5.954199999999999493e-01,6.126500000000000279e-01,6.108900000000000441e-01,6.117000000000000215e-01,6.263400000000000079e-01,5.956000000000000183e-01,6.340400000000000480e-01,5.966599999999999682e-01,6.344699999999999784e-01,5.684299999999999908e-01,5.859499999999999709e-01,5.429199999999999582e-01,5.440800000000000081e-01,6.279900000000000482e-01,6.044000000000000483e-01,5.929600000000000426e-01,6.105199999999999516e-01,5.830300000000000482e-01,5.893800000000000150e-01,5.985300000000000065e-01,5.888999999999999790e-01,5.765799999999999814e-01,5.916099999999999692e-01,5.908600000000000518e-01,0.000000000000000000e+00,5.660100000000000131e-01,5.797900000000000276e-01,5.850999999999999535e-01,5.497900000000000009e-01,5.455699999999999994e-01,5.821399999999999908e-01,5.425999999999999712e-01,5.494799999999999685e-01,5.670500000000000540e-01,5.809499999999999664e-01,5.666200000000000125e-01,5.568499999999999561e-01,5.686600000000000543e-01,5.750699999999999701e-01,5.419899999999999718e-01,5.622000000000000330e-01
0.000000000000000000e+00,0.000000000000000000e+00,0.000000000000000000e+00,0.000000000000000000e+00,0.000000000000000000e+00,0.000000000000000000e+00,0.000000000000000000e+00,0.000000000000000000e+00,0.000000000000000000e+00,0.000000000000000000e+00,0.000000000000000000e+00,0.000000000000000000e+00,0.000000000000000000e+00,0.000000000000000000e+00,0.000000000000000000e+00,0.000000000000000000e+00,0.000000000000000000e+00,0.000000000000000000e+00,0.000000000000000000e+00,0.000000000000000000e+00,0.000000000000000000e+00,0.000000000000000000e+00,0.000000000000000000e+00,0.000000000000000000e+00,0.000000000000000000e+00,0.000000000000000000e+00,0.000000000000000000e+00,0.000000000000000000e+00,0.000000000000000000e+00,0.000000000000000000e+00,0.000000000000000000e+00,0.000000000000000000e+00,5.403200000000000225e-01,0.000000000000000000e+00,0.000000000000000000e+00,0.000000000000000000e+00,0.000000000000000000e+00,5.497100000000000319e-01,0.000000000000000000e+00,0.000000000000000000e+00,0.000000000000000000e+00,0.000000000000000000e+00,0.000000000000000000e+00,0.000000000000000000e+00,0.000000000000000000e+00,0.000000000000000000e+00,0.000000000000000000e+00,0.000000000000000000e+00,5.406100000000000350e-01,0.000000000000000000e+00,0.000000000000000000e+00,0.000000000000000000e+00,0.000000000000000000e+00,0.000000000000000000e+00,0.000000000000000000e+00,0.000000000000000000e+00,0.000000000000000000e+00,0.000000000000000000e+00,0.000000000000000000e+00,0.000000000000000000e+00,0.000000000000000000e+00,0.000000000000000000e+00,0.000000000000000000e+00,0.000000000000000000e+00,0.000000000000000000e+00,0.000000000000000000e+00,0.000000000000000000e+00,0.000000000000000000e+00,0.000000000000000000e+00,0.000000000000000000e+00,0.000000000000000000e+00,0.000000000000000000e+00,0.000000000000000000e+00,0.000000000000000000e+00,0.000000000000000000e+00,0.000000000000000000e+00
0.000000000000000000e+00,0.000000000000000000e+00,0.000000000000000000e+00,5.424799999999999622e-01,5.513299999999999867e-01,5.427400000000000002e-01,5.514599999999999502e-01,0.000000000000000000e+00,0.000000000000000000e+00,0.000000000000000000e+00,5.411200000000000454e-01,0.000000000000000000e+00,5.455499999999999794e-01,5.542099999999999804e-01,0.000000000000000000e+00,0.000000000000000000e+00,0.000000000000000000e+00,0.000000000000000000e+00,0.000000000000000000e+00,0.000000000000000000e+00,0.000000000000000000e+00,0.000000000000000000e+00,0.000000000000000000e+00,0.000000000000000000e+00,0.000000000000000000e+00,0.000000000000000000e+00,0.000000000000000000e+00,0.000000000000000000e+00,0.000000000000000000e+00,0.000000000000000000e+00,0.000000000000000000e+00,5.496799999999999464e-01,5.581399999999999695e-01,5.446400000000000130e-01,5.558400000000000007e-01,5.544099999999999584e-01,5.570100000000000051e-01,5.495200000000000085e-01,5.524099999999999566e-01,5.687299999999999578e-01,0.000000000000000000e+00,5.589600000000000124e-01,5.500800000000000134e-01,5.756000000000000005e-01,0.000000000000000000e+00,0.000000000000000000e+00,0.000000000000000000e+00,0.000000000000000000e+00,5.679499999999999549e-01,5.510699999999999488e-01,5.450300000000000145e-01,5.560199999999999587e-01,0.000000000000000000e+00,5.442799999999999860e-01,5.468199999999999728e-01,5.409800000000000164e-01,0.000000000000000000e+00,5.437899999999999956e-01,5.484200000000000186e-01,0.000000000000000000e+00,0.000000000000000000e+00,5.404499999999999860e-01,5.423599999999999532e-01,0.000000000000000000e+00,0.000000000000000000e+00,0.000000000000000000e+00,0.000000000000000000e+00,0.000000000000000000e+00,0.000000000000000000e+00,0.000000000000000000e+00,0.000000000000000000e+00,0.000000000000000000e+00,0.000000000000000000e+00,0.000000000000000000e+00,0.000000000000000000e+00,0.000000000000000000e+00
0.000000000000000000e+00,0.000000000000000000e+00,0.000000000000000000e+00,0.000000000000000000e+00,0.000000000000000000e+00,0.000000000000000000e+00,0.000000000000000000e+00,0.000000000000000000e+00,0.000000000000000000e+00,0.000000000000000000e+00,0.000000000000000000e+00,0.000000000000000000e+00,0.000000000000000000e+00,0.000000000000000000e+00,0.000000000000000000e+00,0.000000000000000000e+00,0.000000000000000000e+00,0.000000000000000000e+00,0.000000000000000000e+00,0.000000000000000000e+00,0.000000000000000000e+00,0.000000000000000000e+00,0.000000000000000000e+00,0.000000000000000000e+00,0.000000000000000000e+00,0.000000000000000000e+00,0.000000000000000000e+00,0.000000000000000000e+00,0.000000000000000000e+00,0.000000000000000000e+00,0.000000000000000000e+00,0.000000000000000000e+00,5.421099999999999808e-01,0.000000000000000000e+00,5.405799999999999494e-01,0.000000000000000000e+00,5.420700000000000518e-01,0.000000000000000000e+00,0.000000000000000000e+00,5.505999999999999783e-01,0.000000000000000000e+00,5.437600000000000211e-01,0.000000000000000000e+00,5.464299999999999713e-01,0.000000000000000000e+00,0.000000000000000000e+00,0.000000000000000000e+00,0.000000000000000000e+00,5.474999999999999867e-01,0.000000000000000000e+00,0.000000000000000000e+00,0.000000000000000000e+00,0.000000000000000000e+00,0.000000000000000000e+00,0.000000000000000000e+00,0.000000000000000000e+00,0.000000000000000000e+00,0.000000000000000000e+00,0.000000000000000000e+00,0.000000000000000000e+00,0.000000000000000000e+00,0.000000000000000000e+00,0.000000000000000000e+00,0.000000000000000000e+00,0.000000000000000000e+00,0.000000000000000000e+00,0.000000000000000000e+00,0.000000000000000000e+00,0.000000000000000000e+00,0.000000000000000000e+00,0.000000000000000000e+00,0.000000000000000000e+00,0.000000000000000000e+00,0.000000000000000000e+00,0.000000000000000000e+00,0.000000000000000000e+00
0.000000000000000000e+00,0.000000000000000000e+00,0.000000000000000000e+00,5.450399999999999689e-01,5.558600000000000207e-01,5.490899999999999670e-01,5.566499999999999782e-01,0.000000000000000000e+00,5.445499999999999785e-01,0.000000000000000000e+00,5.454200000000000159e-01,0.000000000000000000e+00,5.514200000000000212e-01,5.522700000000000387e-01,0.000000000000000000e+00,0.000000000000000000e+00,0.000000000000000000e+00,0.000000000000000000e+00,0.000000000000000000e+00,0.000000000000000000e+00,0.000000000000000000e+00,0.000000000000000000e+00,0.000000000000000000e+00,0.000000000000000000e+00,0.000000000000000000e+00,0.000000000000000000e+00,0.000000000000000000e+00,0.000000000000000000e+00,0.000000000000000000e+00,0.000000000000000000e+00,0.000000000000000000e+00,5.435100000000000486e-01,5.587900000000000089e-01,5.461099999999999843e-01,5.556699999999999973e-01,5.484900000000000331e-01,5.564000000000000057e-01,5.554499999999999993e-01,5.480699999999999461e-01,5.704299999999999926e-01,5.448199999999999710e-01,5.690899999999999848e-01,5.529899999999999816e-01,5.725099999999999634e-01,0.000000000000000000e+00,5.410899999999999599e-01,0.000000000000000000e+00,0.000000000000000000e+00,5.710499999999999465e-01,5.538800000000000390e-01,5.504900000000000349e-01,5.599100000000000188e-01,5.409800000000000164e-01,5.498199999999999754e-01,5.508600000000000163e-01,5.437499999999999556e-01,0.000000000000000000e+00,5.469800000000000217e-01,5.493799999999999795e-01,0.000000000000000000e+00,0.000000000000000000e+00,5.442000000000000171e-01,5.452799999999999869e-01,0.000000000000000000e+00,0.000000000000000000e+00,0.000000000000000000e+00,0.000000000000000000e+00,0.000000000000000000e+00,0.000000000000000000e+00,5.411799999999999944e-01,0.000000000000000000e+00,0.000000000000000000e+00,0.000000000000000000e+00,0.000000000000000000e+00,0.000000000000000000e+00,0.000000000000000000e+00
0.000000000000000000e+00,0.000000000000000000e+00,0.000000000000000000e+00,0.000000000000000000e+00,0.000000000000000000e+00,0.000000000000000000e+00,0.000000000000000000e+00,0.000000000000000000e+00,0.000000000000000000e+00,0.000000000000000000e+00,0.000000000000000000e+00,0.000000000000000000e+00,0.000000000000000000e+00,0.000000000000000000e+00,0.000000000000000000e+00,0.000000000000000000e+00,0.000000000000000000e+00,0.000000000000000000e+00,0.000000000000000000e+00,0.000000000000000000e+00,0.000000000000000000e+00,0.000000000000000000e+00,0.000000000000000000e+00,0.000000000000000000e+00,0.000000000000000000e+00,0.000000000000000000e+00,0.000000000000000000e+00,0.000000000000000000e+00,0.000000000000000000e+00,0.000000000000000000e+00,0.000000000000000000e+00,0.000000000000000000e+00,5.483299999999999841e-01,0.000000000000000000e+00,0.000000000000000000e+00,0.000000000000000000e+00,5.415799999999999503e-01,5.482599999999999696e-01,0.000000000000000000e+00,5.492899999999999450e-01,0.000000000000000000e+00,5.460300000000000153e-01,0.000000000000000000e+00,0.000000000000000000e+00,0.000000000000000000e+00,0.000000000000000000e+00,0.000000000000000000e+00,0.000000000000000000e+00,5.479000000000000536e-01,0.000000000000000000e+00,0.000000000000000000e+00,0.000000000000000000e+00,0.000000000000000000e+00,0.000000000000000000e+00,0.000000000000000000e+00,0.000000000000000000e+00,0.000000000000000000e+00,0.000000000000000000e+00,0.000000000000000000e+00,0.000000000000000000e+00,0.000000000000000000e+00,0.000000000000000000e+00,0.000000000000000000e+00,0.000000000000000000e+00,0.000000000000000000e+00,0.000000000000000000e+00,0.000000000000000000e+00,0.000000000000000000e+00,0.000000000000000000e+00,0.000000000000000000e+00,0.000000000000000000e+00,0.000000000000000000e+00,0.000000000000000000e+00,0.000000000000000000e+00,0.000000000000000000e+00,0.000000000000000000e+00
0.000000000000000000e+00,0.000000000000000000e+00,0.000000000000000000e+00,5.442799999999999860e-01,5.517600000000000282e-01,5.466400000000000148e-01,5.512399999999999523e-01,0.000000000000000000e+00,5.409500000000000419e-01,0.000000000000000000e+00,5.410800000000000054e-01,0.000000000000000000e+00,5.469800000000000217e-01,5.519899999999999807e-01,0.000000000000000000e+00,0.000000000000000000e+00,0.000000000000000000e+00,0.000000000000000000e+00,0.000000000000000000e+00,0.000000000000000000e+00,0.000000000000000000e+00,0.000000000000000000e+00,0.000000000000000000e+00,0.000000000000000000e+00,0.000000000000000000e+00,0.000000000000000000e+00,0.000000000000000000e+00,0.000000000000000000e+00,0.000000000000000000e+00,0.000000000000000000e+00,0.000000000000000000e+00,0.000000000000000000e+00,5.591599999999999904e-01,5.485499999999999821e-01,5.571599999999999886e-01,5.494799999999999685e-01,5.576200000000000045e-01,5.571000000000000396e-01,5.432900000000000507e-01,5.717700000000000005e-01,5.470399999999999707e-01,5.664400000000000546e-01,5.490500000000000380e-01,5.598199999999999843e-01,0.000000000000000000e+00,5.409399999999999764e-01,0.000000000000000000e+00,0.000000000000000000e+00,5.651000000000000467e-01,5.492099999999999760e-01,5.509800000000000253e-01,5.532599999999999740e-01,0.000000000000000000e+00,5.486299999999999510e-01,5.472299999999999942e-01,5.406699999999999839e-01,0.000000000000000000e+00,5.425299999999999567e-01,5.468199999999999728e-01,0.000000000000000000e+00,0.000000000000000000e+00,5.414200000000000124e-01,5.415100000000000469e-01,0.000000000000000000e+00,0.000000000000000000e+00,0.000000000000000000e+00,0.000000000000000000e+00,0.000000000000000000e+00,0.000000000000000000e+00,0.000000000000000000e+00,0.000000000000000000e+00,0.000000000000000000e+00,0.000000000000000000e+00,0.000000000000000000e+00,0.000000000000000000e+00,0.000000000000000000e+00
5.523700000000000276e-01,5.475799999999999557e-01,0.000000000000000000e+00,5.699699999999999767e-01,5.753500000000000281e-01,5.544000000000000039e-01,5.732800000000000118e-01,5.675599999999999534e-01,5.477400000000000047e-01,0.000000000000000000e+00,5.598600000000000243e-01,5.648800000000000487e-01,5.599199999999999733e-01,5.687100000000000488e-01,0.000000000000000000e+00,0.000000000000000000e+00,0.000000000000000000e+00,0.000000000000000000e+00,0.000000000000000000e+00,0.000000000000000000e+00,5.727100000000000524e-01,0.000000000000000000e+00,0.000000000000000000e+00,5.642300000000000093e-01,0.000000000000000000e+00,5.459199999999999608e-01,0.000000000000000000e+00,5.492099999999999760e-01,0.000000000000000000e+00,0.000000000000000000e+00,0.000000000000000000e+00,5.615400000000000391e-01,5.766700000000000159e-01,5.719800000000000439e-01,5.771300000000000319e-01,5.695799999999999752e-01,5.808999999999999719e-01,5.939999999999999725e-01,5.613799999999999901e-01,5.799900000000000055e-01,5.710100000000000176e-01,5.853899999999999659e-01,5.706700000000000106e-01,5.947200000000000264e-01,0.000000000000000000e+00,5.566100000000000492e-01,0.000000000000000000e+00,0.000000000000000000e+00,5.834500000000000242e-01,5.681699999999999529e-01,5.507400000000000073e-01,5.739300000000000512e-01,5.582899999999999530e-01,5.537699999999999845e-01,5.672800000000000065e-01,5.579600000000000115e-01,5.726700000000000124e-01,5.512700000000000378e-01,5.573299999999999921e-01,0.000000000000000000e+00,5.413400000000000434e-01,5.408300000000000329e-01,5.409699999999999509e-01,0.000000000000000000e+00,0.000000000000000000e+00,5.702199999999999491e-01,0.000000000000000000e+00,0.000000000000000000e+00,0.000000000000000000e+00,5.453099999999999614e-01,5.405799999999999494e-01,0.000000000000000000e+00,0.000000000000000000e+00,0.000000000000000000e+00,0.000000000000000000e+00,0.000000000000000000e+00
