5.459000000000000519e-01,5.440199999999999481e-01,5.420300000000000118e-01,5.617199999999999971e-01,5.747999999999999776e-01,5.465700000000000003e-01,5.619499999999999496e-01,5.504200000000000204e-01,5.443500000000000005e-01,5.570800000000000196e-01,5.595099999999999518e-01,5.819400000000000128e-01,5.577699999999999880e-01,0.000000000000000000e+00,0.000000000000000000e+00,5.480899999999999661e-01,5.550199999999999578e-01,5.416900000000000048e-01,0.000000000000000000e+00,0.000000000000000000e+00,5.774500000000000188e-01,0.000000000000000000e+00,5.479600000000000026e-01,5.706299999999999706e-01,0.000000000000000000e+00,5.518199999999999772e-01,0.000000000000000000e+00,5.497999999999999554e-01,5.422099999999999698e-01,5.517699999999999827e-01,5.512599999999999723e-01,5.795500000000000096e-01,5.742399999999999727e-01,5.475999999999999757e-01,5.693700000000000427e-01,5.506999999999999673e-01,5.453700000000000214e-01,5.756200000000000205e-01,5.795799999999999841e-01,5.765900000000000469e-01,5.545900000000000274e-01,5.746099999999999541e-01,5.548899999999999944e-01,5.902399999999999869e-01,5.655099999999999572e-01,5.500099999999999989e-01,0.000000000000000000e+00,0.000000000000000000e+00,5.946799999999999864e-01,5.723500000000000254e-01,5.402099999999999680e-01,5.674000000000000155e-01,5.598899999999999988e-01,5.440000000000000391e-01,5.641100000000000003e-01,5.600000000000000533e-01,5.866299999999999848e-01,5.575799999999999645e-01,5.473200000000000287e-01,0.000000000000000000e+00,5.441500000000000226e-01,5.494400000000000395e-01,5.579300000000000370e-01,0.000000000000000000e+00,0.000000000000000000e+00,5.551500000000000323e-01,0.000000000000000000e+00,5.515799999999999592e-01,5.699800000000000422e-01,5.501899999999999569e-01,5.497999999999999554e-01,0.000000000000000000e+00,5.406600000000000295e-01,0.000000000000000000e+00,0.000000000000000000e+00,5.535099999999999465e-01
5.440199999999999481e-01,5.636499999999999844e-01,5.580100000000000060e-01,5.700699999999999656e-01,5.887700000000000156e-01,5.593799999999999883e-01,5.750199999999999756e-01,5.702800000000000091e-01,5.643799999999999928e-01,5.715799999999999770e-01,5.708699999999999886e-01,5.875799999999999912e-01,5.666600000000000525e-01,5.575599999999999445e-01,5.476499999999999702e-01,5.645799999999999708e-01,5.613500000000000156e-01,5.468300000000000383e-01,5.499300000000000299e-01,5.490699999999999470e-01,5.675099999999999589e-01,5.486799999999999455e-01,5.568499999999999561e-01,5.772500000000000409e-01,5.511599999999999833e-01,5.608800000000000452e-01,5.492099999999999760e-01,5.619100000000000206e-01,5.552899999999999503e-01,5.587499999999999689e-01,5.604900000000000437e-01,5.796000000000000041e-01,5.944800000000000084e-01,5.708600000000000341e-01,5.752199999999999536e-01,5.705999999999999961e-01,5.792000000000000481e-01,5.872199999999999642e-01,5.708800000000000541e-01,6.000400000000000178e-01,5.695599999999999552e-01,5.821399999999999908e-01,5.845099999999999740e-01,5.985700000000000465e-01,5.789499999999999647e-01,5.562700000000000422e-01,5.460899999999999643e-01,5.461399999999999588e-01,5.982899999999999885e-01,5.791100000000000136e-01,5.486400000000000166e-01,5.790499999999999536e-01,5.816599999999999548e-01,5.590500000000000469e-01,5.715099999999999625e-01,5.680600000000000094e-01,5.864800000000000013e-01,5.656200000000000117e-01,5.596900000000000208e-01,5.466400000000000148e-01,5.580800000000000205e-01,5.615299999999999736e-01,5.710300000000000376e-01,5.408899999999999819e-01,5.511599999999999833e-01,5.475400000000000267e-01,5.483500000000000041e-01,5.567499999999999671e-01,5.686999999999999833e-01,5.670300000000000340e-01,5.588699999999999779e-01,5.544799999999999729e-01,5.539399999999999880e-01,5.482299999999999951e-01,0.000000000000000000e+00,5.572300000000000031e-01
5.420300000000000118e-01,5.580100000000000060e-01,5.547400000000000109e-01,5.726200000000000179e-01,5.842000000000000526e-01,5.598100000000000298e-01,5.647999999999999687e-01,5.614099999999999646e-01,5.595200000000000173e-01,5.685900000000000398e-01,5.669100000000000250e-01,5.844799999999999995e-01,5.640500000000000513e-01,5.602300000000000058e-01,5.435299999999999576e-01,5.586799999999999544e-01,5.643299999999999983e-01,5.461599999999999788e-01,5.516799999999999482e-01,5.506799999999999473e-01,5.678699999999999859e-01,5.470899999999999652e-01,5.550699999999999523e-01,5.714200000000000390e-01,5.486699999999999910e-01,5.559500000000000552e-01,5.461500000000000243e-01,5.598400000000000043e-01,5.518899999999999917e-01,5.529399999999999871e-01,5.575299999999999701e-01,5.625799999999999690e-01,5.819600000000000328e-01,5.717299999999999605e-01,5.765700000000000269e-01,5.666099999999999470e-01,5.684500000000000108e-01,5.854899999999999549e-01,5.606100000000000527e-01,5.951199999999999823e-01,5.737700000000000022e-01,5.850899999999999990e-01,5.820199999999999818e-01,5.886599999999999611e-01,5.818699999999999983e-01,5.689899999999999958e-01,5.471500000000000252e-01,5.494900000000000340e-01,5.944300000000000139e-01,5.701300000000000257e-01,5.446299999999999475e-01,5.697100000000000497e-01,5.810400000000000009e-01,5.537600000000000300e-01,5.651399999999999757e-01,5.632399999999999629e-01,5.801100000000000145e-01,5.628900000000000015e-01,5.650600000000000067e-01,5.457600000000000229e-01,5.562200000000000477e-01,5.535700000000000065e-01,5.637999999999999678e-01,5.449399999999999800e-01,5.526999999999999691e-01,5.427800000000000402e-01,5.446600000000000330e-01,5.572700000000000431e-01,5.775799999999999823e-01,5.616799999999999571e-01,5.548899999999999944e-01,5.525099999999999456e-01,5.492700000000000360e-01,5.437999999999999501e-01,0.000000000000000000e+00,5.566299999999999581e-01
5.617199999999999971e-01,5.700699999999999656e-01,5.726200000000000179e-01,5.924700000000000522e-01,6.125199999999999534e-01,5.728699999999999903e-01,5.899299999999999544e-01,5.700199999999999712e-01,5.727499999999999813e-01,5.981999999999999540e-01,5.934199999999999475e-01,6.133899999999999908e-01,5.873300000000000187e-01,5.825500000000000123e-01,5.544099999999999584e-01,5.727200000000000069e-01,5.880600000000000271e-01,5.568600000000000216e-01,5.656400000000000317e-01,5.641699999999999493e-01,5.970999999999999641e-01,5.522399999999999531e-01,5.628800000000000470e-01,5.867900000000000338e-01,5.647799999999999487e-01,5.728400000000000158e-01,5.553399999999999448e-01,5.835700000000000331e-01,5.684399999999999453e-01,5.793399999999999661e-01,5.743300000000000072e-01,5.906400000000000539e-01,6.166000000000000369e-01,5.933300000000000241e-01,5.865099999999999758e-01,5.876900000000000457e-01,5.967799999999999772e-01,6.091499999999999693e-01,5.922800000000000287e-01,6.191100000000000492e-01,5.954500000000000348e-01,6.039499999999999869e-01,6.139299999999999757e-01,6.254899999999999904e-01,6.118599999999999595e-01,5.857099999999999529e-01,5.623399999999999510e-01,5.549100000000000144e-01,6.189400000000000457e-01,6.011400000000000077e-01,5.563599999999999657e-01,5.976500000000000146e-01,5.995200000000000529e-01,5.586699999999999999e-01,5.887700000000000156e-01,5.886900000000000466e-01,6.110499999999999821e-01,5.833300000000000152e-01,5.903899999999999704e-01,5.622500000000000275e-01,5.708600000000000341e-01,5.771100000000000119e-01,5.754200000000000426e-01,5.508499999999999508e-01,5.625299999999999745e-01,5.772399999999999753e-01,5.538300000000000445e-01,5.709100000000000286e-01,5.977999999999999980e-01,5.834000000000000297e-01,5.744299999999999962e-01,5.620199999999999640e-01,5.666499999999999870e-01,5.555200000000000138e-01,5.402900000000000480e-01,5.767799999999999594e-01
5.747999999999999776e-01,5.887700000000000156e-01,5.842000000000000526e-01,6.125199999999999534e-01,6.341200000000000170e-01,5.850300000000000500e-01,6.096200000000000507e-01,5.974199999999999511e-01,5.911899999999999933e-01,6.134100000000000108e-01,6.094199999999999617e-01,6.368300000000000072e-01,6.023100000000000120e-01,5.967200000000000282e-01,5.716099999999999515e-01,5.950100000000000389e-01,6.052499999999999547e-01,5.758400000000000185e-01,5.768699999999999939e-01,5.723500000000000254e-01,6.203400000000000025e-01,5.678199999999999914e-01,5.810999999999999499e-01,6.043399999999999883e-01,5.780800000000000383e-01,5.886700000000000266e-01,5.704799999999999871e-01,5.972399999999999931e-01,5.828299999999999592e-01,5.873599999999999932e-01,5.887700000000000156e-01,6.206300000000000150e-01,6.337000000000000410e-01,6.062300000000000466e-01,6.131699999999999928e-01,6.087299999999999933e-01,6.107299999999999951e-01,6.236599999999999921e-01,6.140799999999999592e-01,6.471099999999999630e-01,6.077000000000000179e-01,6.234300000000000397e-01,6.249799999999999800e-01,6.464100000000000401e-01,6.269799999999999818e-01,5.939799999999999525e-01,5.699899999999999967e-01,5.666600000000000525e-01,6.395800000000000374e-01,6.208500000000000130e-01,5.691199999999999593e-01,6.158000000000000140e-01,6.198200000000000376e-01,5.766599999999999504e-01,6.109599999999999476e-01,6.050100000000000477e-01,6.363799999999999457e-01,5.971800000000000441e-01,5.973500000000000476e-01,5.732800000000000118e-01,5.853000000000000425e-01,5.865099999999999758e-01,5.960199999999999942e-01,5.597699999999999898e-01,5.757799999999999585e-01,5.901800000000000379e-01,5.683200000000000474e-01,5.863199999999999523e-01,6.085099999999999953e-01,5.958999999999999853e-01,5.875899999999999457e-01,5.796099999999999586e-01,5.818999999999999728e-01,5.726599999999999469e-01,5.546699999999999964e-01,5.905200000000000449e-01
5.465700000000000003e-01,5.593799999999999883e-01,5.598100000000000298e-01,5.728699999999999903e-01,5.850300000000000500e-01,5.582000000000000295e-01,5.728100000000000414e-01,5.646499999999999853e-01,5.602800000000000002e-01,5.711600000000000010e-01,5.686799999999999633e-01,5.869900000000000118e-01,5.663300000000000001e-01,5.589199999999999724e-01,5.468100000000000183e-01,5.589699999999999669e-01,5.599699999999999678e-01,5.454999999999999849e-01,5.488100000000000200e-01,5.503900000000000459e-01,5.692099999999999937e-01,5.463700000000000223e-01,5.581199999999999495e-01,5.746499999999999941e-01,5.499100000000000099e-01,5.594599999999999573e-01,5.473000000000000087e-01,5.626999999999999780e-01,5.529100000000000126e-01,5.571599999999999886e-01,5.593000000000000194e-01,5.800899999999999945e-01,5.915599999999999747e-01,5.714099999999999735e-01,5.794500000000000206e-01,5.695799999999999752e-01,5.750800000000000356e-01,5.873800000000000132e-01,5.737400000000000277e-01,5.994099999999999984e-01,5.715400000000000480e-01,5.853300000000000169e-01,5.819600000000000328e-01,5.962300000000000377e-01,5.848999999999999755e-01,5.642300000000000093e-01,5.453200000000000269e-01,5.473400000000000487e-01,5.966599999999999682e-01,5.778600000000000403e-01,5.487800000000000455e-01,5.768100000000000449e-01,5.800199999999999800e-01,5.562500000000000222e-01,5.659899999999999931e-01,5.670399999999999885e-01,5.848499999999999810e-01,5.644099999999999673e-01,5.631899999999999684e-01,5.462799999999999878e-01,5.573399999999999466e-01,5.619399999999999951e-01,5.657600000000000406e-01,5.428199999999999692e-01,5.516299999999999537e-01,5.507800000000000473e-01,5.467400000000000038e-01,5.586699999999999999e-01,5.756200000000000205e-01,5.657499999999999751e-01,5.583099999999999730e-01,5.516100000000000447e-01,5.521899999999999586e-01,5.469199999999999617e-01,0.000000000000000000e+00,5.597699999999999898e-01
5.619499999999999496e-01,5.750199999999999756e-01,5.647999999999999687e-01,5.899299999999999544e-01,6.096200000000000507e-01,5.728100000000000414e-01,5.918499999999999872e-01,5.813000000000000389e-01,5.753300000000000081e-01,5.932699999999999640e-01,5.915700000000000403e-01,6.123899999999999899e-01,5.842899999999999761e-01,5.763700000000000490e-01,5.562099999999999822e-01,5.784799999999999942e-01,5.840600000000000236e-01,5.612899999999999556e-01,5.605599999999999472e-01,5.602899999999999547e-01,5.954199999999999493e-01,5.577499999999999680e-01,5.686200000000000143e-01,5.895099999999999785e-01,5.639300000000000423e-01,5.737799999999999567e-01,5.588699999999999779e-01,5.789900000000000047e-01,5.685299999999999798e-01,5.757100000000000550e-01,5.734299999999999953e-01,6.022499999999999520e-01,6.120999999999999774e-01,5.818999999999999728e-01,5.913399999999999768e-01,5.904099999999999904e-01,5.964800000000000102e-01,6.041299999999999448e-01,5.986299999999999955e-01,6.170099999999999474e-01,5.853300000000000169e-01,6.040499999999999758e-01,6.040100000000000469e-01,6.249599999999999600e-01,6.010100000000000442e-01,5.751699999999999591e-01,5.558699999999999752e-01,5.547900000000000054e-01,6.187200000000000477e-01,6.005599999999999827e-01,5.579399999999999915e-01,5.985099999999999865e-01,5.981499999999999595e-01,5.663200000000000456e-01,5.940999999999999615e-01,5.872199999999999642e-01,6.119999999999999885e-01,5.812800000000000189e-01,5.796000000000000041e-01,5.563000000000000167e-01,5.711800000000000210e-01,5.747600000000000486e-01,5.828900000000000192e-01,5.476999999999999647e-01,5.604400000000000492e-01,5.726099999999999524e-01,5.553099999999999703e-01,5.700899999999999856e-01,5.866799999999999793e-01,5.807799999999999629e-01,5.728799999999999448e-01,5.640899999999999803e-01,5.667600000000000415e-01,5.598899999999999988e-01,5.404099999999999460e-01,5.726499999999999924e-01
5.504200000000000204e-01,5.702800000000000091e-01,5.614099999999999646e-01,5.700199999999999712e-01,5.974199999999999511e-01,5.646499999999999853e-01,5.813000000000000389e-01,5.970800000000000551e-01,5.707900000000000196e-01,5.827799999999999647e-01,5.786700000000000177e-01,6.008299999999999752e-01,5.721100000000000074e-01,5.711699999999999555e-01,5.480199999999999516e-01,5.624700000000000255e-01,5.703000000000000291e-01,5.549199999999999688e-01,5.569100000000000161e-01,5.539699999999999624e-01,5.875099999999999767e-01,5.536400000000000210e-01,5.639800000000000368e-01,5.879400000000000182e-01,5.532299999999999995e-01,5.681000000000000494e-01,5.506999999999999673e-01,5.687799999999999523e-01,5.566499999999999782e-01,5.655400000000000427e-01,5.684399999999999453e-01,5.808600000000000430e-01,6.024000000000000465e-01,5.810100000000000264e-01,5.796499999999999986e-01,5.770199999999999774e-01,5.859199999999999964e-01,5.952300000000000368e-01,5.813300000000000134e-01,6.081100000000000394e-01,5.842600000000000016e-01,6.022699999999999720e-01,5.941699999999999759e-01,5.921800000000000397e-01,5.998999999999999888e-01,5.660699999999999621e-01,5.544499999999999984e-01,5.447300000000000475e-01,5.985599999999999810e-01,5.847499999999999920e-01,5.532899999999999485e-01,5.814799999999999969e-01,5.939900000000000180e-01,5.589300000000000379e-01,5.808900000000000174e-01,5.751600000000000046e-01,5.987400000000000500e-01,5.708600000000000341e-01,5.743500000000000272e-01,5.608400000000000052e-01,5.624599999999999600e-01,5.646200000000000108e-01,5.771300000000000319e-01,0.000000000000000000e+00,5.556200000000000028e-01,5.607600000000000362e-01,5.493599999999999595e-01,5.613500000000000156e-01,5.793000000000000371e-01,5.741000000000000547e-01,5.669399999999999995e-01,5.584400000000000475e-01,5.550800000000000178e-01,5.541899999999999604e-01,0.000000000000000000e+00,5.633700000000000374e-01
5.443500000000000005e-01,5.643799999999999928e-01,5.595200000000000173e-01,5.727499999999999813e-01,5.911899999999999933e-01,5.602800000000000002e-01,5.753300000000000081e-01,5.707900000000000196e-01,5.622599999999999820e-01,5.737799999999999567e-01,5.719100000000000295e-01,5.896099999999999675e-01,5.687900000000000178e-01,5.656900000000000261e-01,5.482700000000000351e-01,5.652800000000000047e-01,5.635099999999999554e-01,5.498600000000000154e-01,5.490099999999999980e-01,5.506400000000000183e-01,5.698400000000000132e-01,5.488800000000000345e-01,5.590600000000000014e-01,5.725299999999999834e-01,5.532000000000000250e-01,5.605099999999999527e-01,5.495400000000000285e-01,5.659699999999999731e-01,5.563099999999999712e-01,5.584799999999999764e-01,5.599800000000000333e-01,5.783099999999999907e-01,5.884200000000000541e-01,5.734599999999999698e-01,5.809400000000000119e-01,5.786700000000000177e-01,5.775799999999999823e-01,5.859100000000000419e-01,5.694399999999999462e-01,6.046599999999999753e-01,5.704299999999999926e-01,5.832899999999999752e-01,5.866400000000000503e-01,5.959100000000000508e-01,5.878299999999999637e-01,5.625599999999999490e-01,5.465799999999999548e-01,5.478300000000000392e-01,5.995300000000000074e-01,5.816000000000000059e-01,5.485600000000000476e-01,5.787700000000000067e-01,5.820899999999999963e-01,5.596600000000000463e-01,5.701699999999999546e-01,5.695900000000000407e-01,5.850300000000000500e-01,5.656799999999999606e-01,5.674799999999999844e-01,5.461899999999999533e-01,5.605400000000000382e-01,5.602300000000000058e-01,5.692500000000000338e-01,5.449800000000000200e-01,5.532000000000000250e-01,5.488300000000000400e-01,5.494599999999999485e-01,5.578400000000000025e-01,5.716599999999999460e-01,5.681300000000000239e-01,5.585400000000000365e-01,5.545099999999999474e-01,5.560100000000000042e-01,5.495499999999999829e-01,0.000000000000000000e+00,5.591199999999999504e-01
5.570800000000000196e-01,5.715799999999999770e-01,5.685900000000000398e-01,5.981999999999999540e-01,6.134100000000000108e-01,5.711600000000000010e-01,5.932699999999999640e-01,5.827700000000000102e-01,5.737799999999999567e-01,5.979100000000000525e-01,5.960999999999999632e-01,6.122900000000000009e-01,5.861699999999999688e-01,5.869600000000000373e-01,5.537199999999999900e-01,5.828900000000000192e-01,5.847499999999999920e-01,5.616299999999999626e-01,5.667600000000000415e-01,5.621199999999999530e-01,5.977200000000000291e-01,5.574099999999999611e-01,5.687200000000000033e-01,5.872100000000000097e-01,5.652599999999999847e-01,5.716799999999999660e-01,5.576600000000000446e-01,5.841300000000000381e-01,5.703500000000000236e-01,5.818299999999999583e-01,5.732300000000000173e-01,5.970100000000000406e-01,6.147500000000000187e-01,5.867700000000000138e-01,5.912500000000000533e-01,6.010400000000000187e-01,6.073399999999999910e-01,6.060200000000000031e-01,5.943199999999999594e-01,6.243300000000000516e-01,5.944199999999999484e-01,6.072199999999999820e-01,6.187200000000000477e-01,6.275600000000000067e-01,6.082199999999999829e-01,5.849999999999999645e-01,5.628900000000000015e-01,5.508999999999999453e-01,6.214199999999999724e-01,6.057200000000000362e-01,5.560000000000000497e-01,6.017599999999999616e-01,5.997999999999999998e-01,5.615999999999999881e-01,5.962199999999999722e-01,5.871499999999999497e-01,6.130299999999999638e-01,5.830899999999999972e-01,5.900900000000000034e-01,5.598800000000000443e-01,5.735900000000000443e-01,5.806000000000000050e-01,5.817700000000000093e-01,5.480000000000000426e-01,5.639100000000000223e-01,5.736700000000000133e-01,5.572200000000000486e-01,5.693300000000000027e-01,5.932500000000000551e-01,5.855799999999999894e-01,5.736799999999999677e-01,5.651500000000000412e-01,5.691800000000000193e-01,5.613200000000000411e-01,5.484200000000000186e-01,5.747200000000000086e-01
5.595099999999999518e-01,5.708699999999999886e-01,5.669100000000000250e-01,5.934300000000000130e-01,6.094199999999999617e-01,5.686799999999999633e-01,5.915700000000000403e-01,5.786700000000000177e-01,5.719100000000000295e-01,5.960999999999999632e-01,5.900199999999999889e-01,6.087099999999999733e-01,5.826799999999999757e-01,5.801199999999999690e-01,5.548699999999999743e-01,5.782100000000000017e-01,5.843899999999999650e-01,5.602500000000000258e-01,5.623500000000000165e-01,5.589300000000000379e-01,5.940299999999999470e-01,5.552899999999999503e-01,5.678100000000000369e-01,5.861699999999999688e-01,5.628300000000000525e-01,5.706900000000000306e-01,5.564099999999999602e-01,5.796099999999999586e-01,5.676999999999999824e-01,5.743899999999999562e-01,5.711800000000000210e-01,5.959600000000000453e-01,6.108500000000000041e-01,5.834500000000000242e-01,5.889299999999999535e-01,5.942300000000000360e-01,6.028599999999999515e-01,6.019200000000000106e-01,5.896799999999999820e-01,6.163600000000000190e-01,5.849199999999999955e-01,6.012699999999999712e-01,6.074800000000000200e-01,6.196199999999999486e-01,5.980600000000000360e-01,5.756599999999999495e-01,5.572300000000000031e-01,5.521300000000000097e-01,6.137299999999999978e-01,6.005700000000000482e-01,5.555700000000000083e-01,5.970100000000000406e-01,5.961999999999999522e-01,5.625299999999999745e-01,5.920699999999999852e-01,5.854200000000000514e-01,6.071600000000000330e-01,5.790699999999999736e-01,5.839699999999999891e-01,5.600699999999999568e-01,5.716999999999999860e-01,5.744200000000000417e-01,5.807999999999999829e-01,5.469699999999999562e-01,5.610199999999999632e-01,5.712800000000000100e-01,5.562000000000000277e-01,5.686999999999999833e-01,5.851100000000000190e-01,5.807900000000000285e-01,5.707900000000000196e-01,5.636200000000000099e-01,5.664000000000000146e-01,5.602099999999999858e-01,5.446199999999999930e-01,5.717200000000000060e-01
5.819400000000000128e-01,5.875799999999999912e-01,5.844799999999999995e-01,6.133899999999999908e-01,6.368300000000000072e-01,5.869900000000000118e-01,6.123899999999999899e-01,6.008299999999999752e-01,5.896099999999999675e-01,6.122900000000000009e-01,6.087099999999999733e-01,6.414800000000000502e-01,6.046200000000000463e-01,6.006000000000000227e-01,5.853899999999999659e-01,5.948499999999999899e-01,5.911399999999999988e-01,5.744700000000000362e-01,5.754599999999999715e-01,5.769199999999999884e-01,6.350000000000000089e-01,5.693599999999999772e-01,5.849400000000000155e-01,6.112400000000000055e-01,5.784200000000000452e-01,5.938299999999999690e-01,5.728900000000000103e-01,5.987500000000000044e-01,5.825399999999999467e-01,5.828799999999999537e-01,5.891600000000000170e-01,6.226500000000000368e-01,6.388000000000000345e-01,6.141299999999999537e-01,6.209400000000000475e-01,6.087900000000000533e-01,6.135399999999999743e-01,6.242900000000000116e-01,6.149400000000000421e-01,6.544299999999999562e-01,6.160600000000000520e-01,6.291099999999999470e-01,6.231100000000000527e-01,6.478099999999999969e-01,6.289299999999999891e-01,6.049400000000000333e-01,5.688999999999999613e-01,5.667699999999999960e-01,6.468500000000000361e-01,6.231999999999999762e-01,5.691800000000000193e-01,6.172600000000000309e-01,6.217799999999999994e-01,5.753000000000000336e-01,6.104300000000000281e-01,6.064899999999999736e-01,6.423299999999999566e-01,6.001600000000000268e-01,5.971400000000000041e-01,5.834399999999999586e-01,5.870999999999999552e-01,5.935399999999999565e-01,5.999900000000000233e-01,5.601000000000000423e-01,5.803000000000000380e-01,5.975099999999999856e-01,5.715400000000000480e-01,5.896400000000000530e-01,6.157599999999999740e-01,6.002699999999999703e-01,5.926900000000000501e-01,5.807299999999999685e-01,5.833899999999999642e-01,5.738799999999999457e-01,5.553299999999999903e-01,5.962899999999999867e-01
5.577600000000000335e-01,5.666600000000000525e-01,5.640600000000000058e-01,5.873300000000000187e-01,6.023100000000000120e-01,5.663300000000000001e-01,5.842899999999999761e-01,5.721100000000000074e-01,5.687900000000000178e-01,5.861699999999999688e-01,5.826799999999999757e-01,6.046300000000000008e-01,5.772500000000000409e-01,5.718400000000000150e-01,5.505499999999999838e-01,5.719300000000000495e-01,5.770100000000000229e-01,5.544400000000000439e-01,5.564200000000000257e-01,5.533500000000000085e-01,5.897700000000000164e-01,5.511899999999999578e-01,5.617299999999999516e-01,5.836099999999999621e-01,5.575099999999999500e-01,5.672800000000000065e-01,5.521300000000000097e-01,5.732599999999999918e-01,5.620699999999999585e-01,5.675299999999999789e-01,5.670399999999999885e-01,5.932399999999999896e-01,6.051600000000000312e-01,5.796099999999999586e-01,5.875899999999999457e-01,5.840800000000000436e-01,5.872699999999999587e-01,5.966299999999999937e-01,5.882899999999999796e-01,6.147899999999999476e-01,5.819199999999999928e-01,5.974300000000000166e-01,5.967999999999999972e-01,6.152900000000000036e-01,5.977200000000000291e-01,5.725900000000000434e-01,5.534000000000000030e-01,5.503799999999999804e-01,6.123100000000000209e-01,5.932699999999999640e-01,5.523900000000000476e-01,5.908799999999999608e-01,5.905700000000000394e-01,5.591500000000000359e-01,5.837900000000000311e-01,5.795299999999999896e-01,6.034300000000000219e-01,5.752899999999999681e-01,5.745599999999999596e-01,5.503900000000000459e-01,5.662000000000000366e-01,5.682300000000000129e-01,5.767799999999999594e-01,5.440599999999999881e-01,5.556400000000000228e-01,5.646099999999999453e-01,5.511599999999999833e-01,5.646400000000000308e-01,5.825599999999999667e-01,5.760499999999999510e-01,5.667200000000000015e-01,5.587499999999999689e-01,5.613200000000000411e-01,5.530800000000000161e-01,0.000000000000000000e+00,5.680500000000000549e-01
0.000000000000000000e+00,5.575499999999999901e-01,5.602300000000000058e-01,5.825500000000000123e-01,5.967200000000000282e-01,5.589199999999999724e-01,5.763700000000000490e-01,5.711699999999999555e-01,5.656900000000000261e-01,5.869499999999999718e-01,5.801199999999999690e-01,6.006000000000000227e-01,5.718400000000000150e-01,5.608899999999999997e-01,0.000000000000000000e+00,5.640500000000000513e-01,5.825299999999999923e-01,5.476699999999999902e-01,5.552099999999999813e-01,5.443099999999999605e-01,5.742000000000000437e-01,5.422200000000000353e-01,5.508600000000000163e-01,5.715900000000000425e-01,5.538499999999999535e-01,5.588499999999999579e-01,5.438800000000000301e-01,5.670899999999999830e-01,5.548300000000000454e-01,5.582799999999999985e-01,5.583799999999999875e-01,5.765700000000000269e-01,5.907999999999999918e-01,5.768699999999999939e-01,5.797200000000000131e-01,5.737400000000000277e-01,5.772899999999999698e-01,5.994000000000000439e-01,5.728199999999999958e-01,6.016299999999999981e-01,5.744899999999999451e-01,5.887499999999999956e-01,5.890300000000000535e-01,6.011100000000000332e-01,5.997799999999999798e-01,5.581700000000000550e-01,5.528499999999999526e-01,5.418600000000000083e-01,5.994099999999999984e-01,5.848499999999999810e-01,5.460899999999999643e-01,5.804200000000000470e-01,5.903300000000000214e-01,5.512500000000000178e-01,5.819900000000000073e-01,5.746900000000000341e-01,5.966099999999999737e-01,5.647100000000000453e-01,5.657799999999999496e-01,5.493099999999999650e-01,5.633799999999999919e-01,5.640800000000000258e-01,5.681699999999999529e-01,0.000000000000000000e+00,5.469500000000000473e-01,5.565499999999999892e-01,5.441899999999999515e-01,5.549600000000000088e-01,5.744399999999999507e-01,5.683200000000000474e-01,5.583200000000000385e-01,5.522000000000000242e-01,5.522200000000000442e-01,5.458499999999999464e-01,0.000000000000000000e+00,5.595200000000000173e-01
0.000000000000000000e+00,5.476499999999999702e-01,5.435299999999999576e-01,5.544099999999999584e-01,5.716099999999999515e-01,5.467999999999999527e-01,5.562099999999999822e-01,5.480300000000000171e-01,5.482700000000000351e-01,5.537199999999999900e-01,5.548699999999999743e-01,5.853899999999999659e-01,5.505499999999999838e-01,0.000000000000000000e+00,5.490599999999999925e-01,5.451200000000000490e-01,5.409199999999999564e-01,0.000000000000000000e+00,0.000000000000000000e+00,0.000000000000000000e+00,5.673599999999999755e-01,0.000000000000000000e+00,5.450700000000000545e-01,5.711399999999999810e-01,0.000000000000000000e+00,5.516799999999999482e-01,0.000000000000000000e+00,5.460599999999999898e-01,0.000000000000000000e+00,0.000000000000000000e+00,5.455400000000000249e-01,5.637199999999999989e-01,5.862600000000000033e-01,5.602899999999999547e-01,5.684900000000000508e-01,0.000000000000000000e+00,5.502299999999999969e-01,5.814000000000000279e-01,5.604000000000000092e-01,5.768499999999999739e-01,5.585799999999999654e-01,5.716900000000000315e-01,5.518999999999999462e-01,5.799199999999999910e-01,5.621300000000000185e-01,5.419000000000000483e-01,0.000000000000000000e+00,0.000000000000000000e+00,5.839100000000000401e-01,5.609699999999999687e-01,0.000000000000000000e+00,5.617900000000000116e-01,5.656499999999999861e-01,5.405699999999999950e-01,5.557100000000000373e-01,5.527800000000000491e-01,5.813199999999999479e-01,5.509100000000000108e-01,0.000000000000000000e+00,5.453099999999999614e-01,5.436400000000000121e-01,5.493299999999999850e-01,5.570300000000000251e-01,0.000000000000000000e+00,0.000000000000000000e+00,5.410700000000000509e-01,0.000000000000000000e+00,5.468300000000000383e-01,5.604200000000000292e-01,5.490899999999999670e-01,5.474499999999999922e-01,0.000000000000000000e+00,0.000000000000000000e+00,0.000000000000000000e+00,0.000000000000000000e+00,5.480899999999999661e-01
5.480899999999999661e-01,5.645799999999999708e-01,5.586699999999999999e-01,5.727200000000000069e-01,5.950100000000000389e-01,5.589699999999999669e-01,5.784799999999999942e-01,5.624700000000000255e-01,5.652800000000000047e-01,5.828900000000000192e-01,5.782100000000000017e-01,5.948499999999999899e-01,5.719300000000000495e-01,5.640399999999999858e-01,5.451200000000000490e-01,5.686200000000000143e-01,5.707799999999999541e-01,5.514499999999999957e-01,5.525600000000000511e-01,5.494200000000000195e-01,5.742899999999999672e-01,5.474700000000000122e-01,5.589499999999999469e-01,5.755299999999999860e-01,5.567800000000000527e-01,5.596499999999999808e-01,5.486600000000000366e-01,5.685200000000000253e-01,5.603399999999999492e-01,5.627199999999999980e-01,5.594000000000000083e-01,5.852699999999999569e-01,6.033199999999999674e-01,5.684500000000000108e-01,5.760199999999999765e-01,5.764000000000000234e-01,5.850600000000000245e-01,5.912300000000000333e-01,5.775000000000000133e-01,6.024699999999999500e-01,5.698999999999999622e-01,5.837599999999999456e-01,5.998400000000000398e-01,6.116500000000000270e-01,5.876400000000000512e-01,5.608800000000000452e-01,5.466100000000000403e-01,5.420199999999999463e-01,6.038299999999999779e-01,5.863800000000000123e-01,5.507900000000000018e-01,5.861800000000000344e-01,5.838100000000000511e-01,5.563500000000000112e-01,5.780999999999999472e-01,5.716999999999999860e-01,5.929200000000000026e-01,5.688900000000000068e-01,5.720199999999999729e-01,5.460000000000000409e-01,5.602399999999999602e-01,5.645000000000000018e-01,5.711399999999999810e-01,5.425299999999999567e-01,5.531800000000000050e-01,5.542500000000000204e-01,5.492200000000000415e-01,5.589899999999999869e-01,5.704500000000000126e-01,5.698299999999999477e-01,5.602500000000000258e-01,5.561899999999999622e-01,5.560699999999999532e-01,5.494299999999999740e-01,0.000000000000000000e+00,5.595099999999999518e-01
5.550199999999999578e-01,5.613500000000000156e-01,5.643299999999999983e-01,5.880600000000000271e-01,6.052499999999999547e-01,5.599699999999999678e-01,5.840600000000000236e-01,5.703000000000000291e-01,5.635099999999999554e-01,5.847499999999999920e-01,5.843899999999999650e-01,5.911399999999999988e-01,5.770100000000000229e-01,5.825299999999999923e-01,5.409199999999999564e-01,5.707799999999999541e-01,5.775700000000000278e-01,5.531500000000000306e-01,5.533200000000000340e-01,5.526900000000000146e-01,5.865799999999999903e-01,5.476499999999999702e-01,5.594599999999999573e-01,5.661199999999999566e-01,5.557800000000000518e-01,5.622200000000000530e-01,5.510099999999999998e-01,5.755400000000000515e-01,5.614099999999999646e-01,5.786599999999999522e-01,5.671699999999999520e-01,5.780800000000000383e-01,5.976700000000000346e-01,5.704099999999999726e-01,5.693200000000000482e-01,5.875200000000000422e-01,5.846299999999999830e-01,5.850300000000000500e-01,5.733899999999999553e-01,6.041800000000000503e-01,5.755000000000000115e-01,5.820999999999999508e-01,6.053699999999999637e-01,6.101900000000000102e-01,5.873500000000000387e-01,5.759100000000000330e-01,5.529100000000000126e-01,5.470099999999999962e-01,6.027099999999999680e-01,5.914899999999999602e-01,5.507900000000000018e-01,5.893100000000000005e-01,5.863899999999999668e-01,5.535400000000000320e-01,5.813899999999999624e-01,5.774399999999999533e-01,5.922399999999999887e-01,5.764500000000000179e-01,5.878499999999999837e-01,5.463700000000000223e-01,5.674700000000000299e-01,5.690600000000000103e-01,5.672500000000000320e-01,5.450300000000000145e-01,5.573200000000000376e-01,5.634900000000000464e-01,5.518600000000000172e-01,5.617999999999999661e-01,5.778600000000000403e-01,5.763599999999999834e-01,5.638600000000000279e-01,5.576200000000000045e-01,5.625700000000000145e-01,5.509500000000000508e-01,5.471599999999999797e-01,5.661300000000000221e-01
5.416900000000000048e-01,5.468300000000000383e-01,5.461599999999999788e-01,5.568600000000000216e-01,5.758400000000000185e-01,5.454999999999999849e-01,5.612899999999999556e-01,5.549199999999999688e-01,5.498600000000000154e-01,5.616299999999999626e-01,5.602500000000000258e-01,5.744700000000000362e-01,5.544400000000000439e-01,5.476699999999999902e-01,0.000000000000000000e+00,5.514499999999999957e-01,5.531500000000000306e-01,0.000000000000000000e+00,0.000000000000000000e+00,0.000000000000000000e+00,5.600300000000000278e-01,0.000000000000000000e+00,5.437999999999999501e-01,5.624700000000000255e-01,0.000000000000000000e+00,5.471700000000000452e-01,0.000000000000000000e+00,5.519199999999999662e-01,5.443900000000000405e-01,5.479699999999999571e-01,5.458399999999999919e-01,5.628100000000000325e-01,5.802599999999999980e-01,5.515200000000000102e-01,5.567999999999999616e-01,5.547299999999999454e-01,5.613500000000000156e-01,5.742399999999999727e-01,5.602099999999999858e-01,5.778400000000000203e-01,5.550699999999999523e-01,5.657499999999999751e-01,5.716599999999999460e-01,5.787299999999999667e-01,5.715000000000000080e-01,5.452099999999999724e-01,0.000000000000000000e+00,0.000000000000000000e+00,5.787700000000000067e-01,5.653799999999999937e-01,0.000000000000000000e+00,5.656200000000000117e-01,5.684799999999999853e-01,5.402099999999999680e-01,5.588800000000000434e-01,5.552300000000000013e-01,5.718800000000000550e-01,5.548499999999999543e-01,5.537100000000000355e-01,0.000000000000000000e+00,5.471200000000000507e-01,5.487999999999999545e-01,5.562099999999999822e-01,0.000000000000000000e+00,0.000000000000000000e+00,5.427999999999999492e-01,0.000000000000000000e+00,5.434200000000000141e-01,5.551199999999999468e-01,5.545299999999999674e-01,5.459000000000000519e-01,5.403499999999999970e-01,5.423000000000000043e-01,0.000000000000000000e+00,0.000000000000000000e+00,5.464900000000000313e-01
0.000000000000000000e+00,5.499300000000000299e-01,5.516799999999999482e-01,5.656400000000000317e-01,5.768699999999999939e-01,5.488100000000000200e-01,5.605599999999999472e-01,5.569100000000000161e-01,5.490099999999999980e-01,5.667600000000000415e-01,5.623500000000000165e-01,5.754599999999999715e-01,5.564200000000000257e-01,5.552099999999999813e-01,0.000000000000000000e+00,5.525600000000000511e-01,5.533200000000000340e-01,0.000000000000000000e+00,5.429599999999999982e-01,5.426800000000000512e-01,5.568600000000000216e-01,0.000000000000000000e+00,5.478399999999999936e-01,5.637900000000000134e-01,5.412200000000000344e-01,5.467199999999999838e-01,0.000000000000000000e+00,5.534799999999999720e-01,5.450500000000000345e-01,5.479199999999999626e-01,5.483599999999999586e-01,5.590800000000000214e-01,5.799199999999999910e-01,5.632200000000000539e-01,5.622599999999999820e-01,5.649699999999999722e-01,5.714500000000000135e-01,5.796900000000000386e-01,5.545600000000000529e-01,5.872199999999999642e-01,5.647900000000000142e-01,5.749499999999999611e-01,5.807900000000000285e-01,5.827599999999999447e-01,5.712500000000000355e-01,5.568899999999999961e-01,0.000000000000000000e+00,0.000000000000000000e+00,5.826999999999999957e-01,5.673899999999999499e-01,0.000000000000000000e+00,5.655499999999999972e-01,5.722399999999999709e-01,5.440500000000000336e-01,5.598699999999999788e-01,5.574099999999999611e-01,5.734099999999999753e-01,5.546600000000000419e-01,5.605999999999999872e-01,5.412200000000000344e-01,5.480500000000000371e-01,5.531500000000000306e-01,5.554599999999999538e-01,0.000000000000000000e+00,5.436699999999999866e-01,0.000000000000000000e+00,0.000000000000000000e+00,5.479500000000000481e-01,5.652000000000000357e-01,5.556499999999999773e-01,5.466999999999999638e-01,5.443999999999999950e-01,5.427899999999999947e-01,0.000000000000000000e+00,0.000000000000000000e+00,5.474599999999999467e-01
0.000000000000000000e+00,5.490699999999999470e-01,5.506799999999999473e-01,5.641699999999999493e-01,5.723500000000000254e-01,5.503900000000000459e-01,5.602899999999999547e-01,5.539699999999999624e-01,5.506400000000000183e-01,5.621199999999999530e-01,5.589300000000000379e-01,5.769199999999999884e-01,5.533500000000000085e-01,5.443099999999999605e-01,0.000000000000000000e+00,5.494200000000000195e-01,5.526900000000000146e-01,0.000000000000000000e+00,5.426800000000000512e-01,0.000000000000000000e+00,5.577100000000000390e-01,0.000000000000000000e+00,5.466400000000000148e-01,5.642000000000000348e-01,0.000000000000000000e+00,5.478600000000000136e-01,0.000000000000000000e+00,5.512799999999999923e-01,5.445499999999999785e-01,5.459699999999999553e-01,5.475499999999999812e-01,5.622300000000000075e-01,5.803899999999999615e-01,5.586699999999999999e-01,5.624400000000000510e-01,5.545999999999999819e-01,5.646099999999999453e-01,5.786999999999999922e-01,5.578600000000000225e-01,5.800600000000000200e-01,5.627299999999999525e-01,5.755099999999999660e-01,5.714900000000000535e-01,5.838400000000000256e-01,5.711800000000000210e-01,5.543900000000000494e-01,0.000000000000000000e+00,0.000000000000000000e+00,5.834200000000000497e-01,5.654500000000000082e-01,0.000000000000000000e+00,5.645999999999999908e-01,5.678600000000000314e-01,5.443000000000000060e-01,5.572899999999999521e-01,5.554200000000000248e-01,5.734200000000000408e-01,5.536200000000000010e-01,5.488499999999999490e-01,5.403799999999999715e-01,5.487100000000000311e-01,5.496699999999999919e-01,5.551099999999999923e-01,0.000000000000000000e+00,5.457999999999999519e-01,5.414499999999999869e-01,0.000000000000000000e+00,5.480699999999999461e-01,5.669100000000000250e-01,5.550300000000000233e-01,5.477699999999999791e-01,5.439300000000000246e-01,5.415299999999999558e-01,0.000000000000000000e+00,0.000000000000000000e+00,5.484999999999999876e-01
5.774500000000000188e-01,5.675099999999999589e-01,5.678699999999999859e-01,5.970999999999999641e-01,6.203400000000000025e-01,5.692099999999999937e-01,5.954199999999999493e-01,5.875099999999999767e-01,5.698400000000000132e-01,5.977099999999999635e-01,5.940299999999999470e-01,6.349900000000000544e-01,5.897700000000000164e-01,5.742000000000000437e-01,5.673599999999999755e-01,5.742899999999999672e-01,5.865799999999999903e-01,5.600300000000000278e-01,5.568600000000000216e-01,5.577100000000000390e-01,6.247300000000000075e-01,5.522700000000000387e-01,5.679300000000000459e-01,6.071900000000000075e-01,5.595900000000000318e-01,5.793700000000000516e-01,5.540399999999999769e-01,5.830100000000000282e-01,5.663799999999999946e-01,5.747700000000000031e-01,5.795000000000000151e-01,6.125500000000000389e-01,6.238500000000000156e-01,5.914599999999999858e-01,6.009200000000000097e-01,5.773099999999999898e-01,5.876299999999999857e-01,6.160299999999999665e-01,6.108200000000000296e-01,6.221999999999999753e-01,5.986399999999999499e-01,6.184500000000000552e-01,5.947200000000000264e-01,6.391499999999999959e-01,6.137799999999999923e-01,5.906700000000000284e-01,5.546699999999999964e-01,5.490699999999999470e-01,6.330200000000000271e-01,6.101499999999999702e-01,5.559899999999999842e-01,6.039499999999999869e-01,6.049200000000000133e-01,5.550000000000000488e-01,5.991800000000000459e-01,5.916900000000000492e-01,6.379899999999999460e-01,5.858200000000000074e-01,5.747299999999999631e-01,5.680199999999999694e-01,5.724000000000000199e-01,5.773200000000000554e-01,5.844500000000000250e-01,0.000000000000000000e+00,5.595499999999999918e-01,5.925599999999999756e-01,5.539899999999999824e-01,5.760199999999999765e-01,6.052999999999999492e-01,5.823899999999999633e-01,5.781800000000000272e-01,5.641300000000000203e-01,5.646900000000000253e-01,5.579199999999999715e-01,0.000000000000000000e+00,5.823300000000000143e-01
