6.016500000000000181e-01,5.745999999999999996e-01,5.667400000000000215e-01,6.241299999999999626e-01,5.934300000000000130e-01,5.760100000000000220e-01,6.007599999999999607e-01,6.068900000000000405e-01,5.835099999999999731e-01,5.910499999999999643e-01,5.843899999999999650e-01,6.014100000000000001e-01,5.911800000000000388e-01,5.844000000000000306e-01,6.045099999999999918e-01,5.716400000000000370e-01,5.879299999999999526e-01,5.821800000000000308e-01,5.444600000000000550e-01,5.656299999999999661e-01,6.002699999999999703e-01,5.554499999999999993e-01,5.762399999999999745e-01,5.944599999999999884e-01,5.965099999999999847e-01,5.916700000000000292e-01,5.669999999999999485e-01,5.614299999999999846e-01,5.606400000000000272e-01,0.000000000000000000e+00,5.712399999999999700e-01,6.168599999999999639e-01,6.033399999999999874e-01,5.861399999999999944e-01,6.232900000000000107e-01,5.938700000000000090e-01,6.255399999999999849e-01,5.883500000000000396e-01,6.201600000000000446e-01,6.056700000000000417e-01,6.098999999999999977e-01,6.361799999999999677e-01,5.759100000000000330e-01,6.095599999999999907e-01,6.094199999999999617e-01,5.931100000000000261e-01,5.716400000000000370e-01,5.769300000000000539e-01,5.832699999999999552e-01,5.940199999999999925e-01,5.897999999999999909e-01,6.028700000000000170e-01,5.469199999999999617e-01,5.767499999999999849e-01,6.026500000000000190e-01,5.826000000000000068e-01,5.998700000000000143e-01,5.777799999999999603e-01,5.730499999999999483e-01,5.765000000000000124e-01,5.798799999999999510e-01,6.099799999999999667e-01,5.831600000000000117e-01,5.621699999999999475e-01,5.594000000000000083e-01,5.716200000000000170e-01,5.556400000000000228e-01,5.693599999999999772e-01,5.990199999999999969e-01,5.782000000000000473e-01,5.891499999999999515e-01,5.720699999999999674e-01,5.676900000000000279e-01,5.590300000000000269e-01,0.000000000000000000e+00,5.890999999999999570e-01
5.745999999999999996e-01,5.633899999999999464e-01,5.465600000000000458e-01,5.965399999999999592e-01,5.683899999999999508e-01,5.581099999999999950e-01,5.774799999999999933e-01,5.728900000000000103e-01,5.721100000000000074e-01,5.721600000000000019e-01,5.639800000000000368e-01,5.703000000000000291e-01,5.718800000000000550e-01,5.691599999999999993e-01,5.714299999999999935e-01,5.599899999999999878e-01,5.699699999999999767e-01,5.744500000000000162e-01,0.000000000000000000e+00,5.555700000000000083e-01,5.660300000000000331e-01,5.466400000000000148e-01,5.561599999999999877e-01,5.623700000000000365e-01,5.762399999999999745e-01,5.728199999999999958e-01,5.533400000000000540e-01,5.501800000000000024e-01,5.479800000000000226e-01,0.000000000000000000e+00,5.534299999999999775e-01,5.941499999999999559e-01,5.873199999999999532e-01,5.559300000000000352e-01,5.933599999999999985e-01,5.763599999999999834e-01,5.925599999999999756e-01,5.679899999999999949e-01,5.896000000000000130e-01,5.919799999999999507e-01,5.828299999999999592e-01,5.933300000000000241e-01,5.642700000000000493e-01,6.047000000000000153e-01,5.824599999999999778e-01,5.620600000000000041e-01,5.649100000000000232e-01,5.514700000000000157e-01,5.688600000000000323e-01,5.746200000000000196e-01,5.756200000000000205e-01,5.789299999999999446e-01,0.000000000000000000e+00,5.657299999999999551e-01,5.799499999999999655e-01,5.603599999999999692e-01,5.720300000000000384e-01,5.572599999999999776e-01,5.596900000000000208e-01,5.502700000000000369e-01,5.658800000000000496e-01,5.844700000000000450e-01,5.761399999999999855e-01,5.501099999999999879e-01,5.485400000000000276e-01,5.468100000000000183e-01,5.451099999999999834e-01,5.498499999999999499e-01,5.660300000000000331e-01,5.708299999999999486e-01,5.757100000000000550e-01,5.580199999999999605e-01,5.528300000000000436e-01,5.463000000000000078e-01,0.000000000000000000e+00,5.657900000000000151e-01
5.667400000000000215e-01,5.465600000000000458e-01,5.467600000000000238e-01,5.798999999999999710e-01,5.576299999999999590e-01,5.439399999999999791e-01,5.646799999999999597e-01,5.580600000000000005e-01,5.560000000000000497e-01,5.559899999999999842e-01,5.527400000000000091e-01,5.564000000000000057e-01,5.571899999999999631e-01,5.524299999999999766e-01,5.668100000000000360e-01,5.472599999999999687e-01,5.595299999999999718e-01,5.618199999999999861e-01,0.000000000000000000e+00,5.436800000000000521e-01,5.601500000000000368e-01,0.000000000000000000e+00,5.479100000000000081e-01,5.593700000000000339e-01,5.612399999999999611e-01,5.529699999999999616e-01,0.000000000000000000e+00,0.000000000000000000e+00,0.000000000000000000e+00,0.000000000000000000e+00,5.487300000000000511e-01,5.760300000000000420e-01,5.842800000000000216e-01,5.698299999999999477e-01,6.000900000000000123e-01,5.589800000000000324e-01,5.819400000000000128e-01,5.571700000000000541e-01,5.684900000000000508e-01,5.949200000000000044e-01,5.953800000000000203e-01,5.983399999999999830e-01,5.531899999999999595e-01,5.710399999999999920e-01,6.057500000000000107e-01,5.779800000000000493e-01,5.433200000000000252e-01,5.458199999999999719e-01,5.409399999999999764e-01,5.543200000000000349e-01,5.548600000000000199e-01,5.644900000000000473e-01,0.000000000000000000e+00,5.480899999999999661e-01,5.650300000000000322e-01,5.471899999999999542e-01,5.639499999999999513e-01,5.405200000000000005e-01,5.475299999999999612e-01,5.468199999999999728e-01,5.465200000000000058e-01,5.689400000000000013e-01,5.554599999999999538e-01,5.437300000000000466e-01,0.000000000000000000e+00,5.464200000000000168e-01,0.000000000000000000e+00,5.442000000000000171e-01,5.772500000000000409e-01,5.529399999999999871e-01,5.585099999999999509e-01,5.456199999999999939e-01,0.000000000000000000e+00,0.000000000000000000e+00,0.000000000000000000e+00,5.651300000000000212e-01
6.241299999999999626e-01,5.965399999999999592e-01,5.798999999999999710e-01,6.559800000000000075e-01,6.181299999999999573e-01,5.903100000000000014e-01,6.253400000000000070e-01,6.172999999999999599e-01,6.014300000000000201e-01,6.205399999999999805e-01,6.076599999999999779e-01,6.194699999999999651e-01,6.173300000000000454e-01,6.149499999999999966e-01,6.130499999999999838e-01,5.902199999999999669e-01,6.138599999999999612e-01,6.104300000000000281e-01,5.582500000000000240e-01,5.840999999999999526e-01,6.193600000000000216e-01,5.674400000000000555e-01,5.856400000000000494e-01,6.055800000000000072e-01,6.193499999999999561e-01,6.101299999999999502e-01,5.808499999999999774e-01,5.890199999999999880e-01,5.809699999999999864e-01,0.000000000000000000e+00,5.852300000000000280e-01,6.547500000000000542e-01,6.475899999999999990e-01,6.074199999999999600e-01,6.556699999999999751e-01,6.237599999999999811e-01,6.594100000000000517e-01,6.169200000000000239e-01,6.461599999999999566e-01,6.450200000000000378e-01,6.481099999999999639e-01,6.583099999999999508e-01,6.179000000000000048e-01,6.645900000000000141e-01,6.340400000000000480e-01,6.150600000000000511e-01,5.972899999999999876e-01,5.818100000000000493e-01,6.045700000000000518e-01,6.244499999999999496e-01,6.103300000000000392e-01,6.308700000000000419e-01,5.746999999999999886e-01,5.951400000000000023e-01,6.366600000000000037e-01,6.024399999999999755e-01,6.304999999999999494e-01,5.972600000000000131e-01,6.070499999999999785e-01,5.943399999999999794e-01,6.055300000000000127e-01,6.344100000000000295e-01,6.110400000000000276e-01,5.846400000000000485e-01,5.746900000000000341e-01,5.988599999999999479e-01,5.713000000000000300e-01,5.859600000000000364e-01,6.181499999999999773e-01,6.086300000000000043e-01,6.191200000000000037e-01,5.923399999999999777e-01,5.916000000000000147e-01,5.739600000000000257e-01,5.407199999999999784e-01,6.162999999999999590e-01
5.934300000000000130e-01,5.683899999999999508e-01,5.576299999999999590e-01,6.181299999999999573e-01,5.852500000000000480e-01,5.648900000000000032e-01,5.909400000000000208e-01,5.803599999999999870e-01,5.775900000000000478e-01,5.928600000000000536e-01,5.800400000000000000e-01,5.889100000000000446e-01,5.854700000000000459e-01,5.809699999999999864e-01,5.846000000000000085e-01,5.643099999999999783e-01,5.853399999999999714e-01,5.812100000000000044e-01,0.000000000000000000e+00,5.613200000000000411e-01,5.864300000000000068e-01,5.466999999999999638e-01,5.613299999999999956e-01,5.791600000000000081e-01,5.866599999999999593e-01,5.797700000000000076e-01,5.577900000000000080e-01,5.608999999999999542e-01,5.567999999999999616e-01,0.000000000000000000e+00,5.607699999999999907e-01,6.156399999999999650e-01,6.071299999999999475e-01,5.770499999999999519e-01,6.197200000000000486e-01,5.903800000000000159e-01,6.193499999999999561e-01,5.912899999999999823e-01,6.094199999999999617e-01,6.031300000000000550e-01,6.074000000000000510e-01,6.188500000000000112e-01,5.875299999999999967e-01,6.209999999999999964e-01,6.059200000000000141e-01,5.852399999999999824e-01,5.714399999999999480e-01,5.565299999999999692e-01,5.743200000000000527e-01,5.927599999999999536e-01,5.805700000000000305e-01,5.971300000000000496e-01,5.463299999999999823e-01,5.694099999999999717e-01,6.015899999999999581e-01,5.730300000000000393e-01,5.925099999999999811e-01,5.684799999999999853e-01,5.758799999999999475e-01,5.661500000000000421e-01,5.740899999999999892e-01,6.012399999999999967e-01,5.795599999999999641e-01,5.585599999999999454e-01,5.524599999999999511e-01,5.655900000000000372e-01,5.490099999999999980e-01,5.580800000000000205e-01,5.873199999999999532e-01,5.791699999999999626e-01,5.863599999999999923e-01,5.667600000000000415e-01,5.640899999999999803e-01,5.518600000000000172e-01,0.000000000000000000e+00,5.838499999999999801e-01
5.760100000000000220e-01,5.581099999999999950e-01,5.439399999999999791e-01,5.903100000000000014e-01,5.648900000000000032e-01,5.523700000000000276e-01,5.727299999999999613e-01,5.636999999999999789e-01,5.607299999999999507e-01,5.659899999999999931e-01,5.582200000000000495e-01,5.614900000000000446e-01,5.676999999999999824e-01,5.659899999999999931e-01,5.664400000000000546e-01,5.524999999999999911e-01,5.624099999999999655e-01,5.660199999999999676e-01,0.000000000000000000e+00,5.489899999999999780e-01,5.675700000000000189e-01,0.000000000000000000e+00,5.522500000000000187e-01,5.606499999999999817e-01,5.750600000000000156e-01,5.659300000000000441e-01,5.443299999999999805e-01,5.478699999999999681e-01,5.451200000000000490e-01,0.000000000000000000e+00,5.496699999999999919e-01,5.897400000000000420e-01,5.857099999999999529e-01,5.664799999999999836e-01,6.004000000000000448e-01,5.696299999999999697e-01,5.899900000000000144e-01,5.583700000000000330e-01,5.768699999999999939e-01,5.866200000000000303e-01,5.879299999999999526e-01,5.946099999999999719e-01,5.603700000000000347e-01,5.956500000000000128e-01,5.814099999999999824e-01,5.788999999999999702e-01,5.557299999999999462e-01,5.495799999999999574e-01,5.574500000000000011e-01,5.694700000000000317e-01,5.703899999999999526e-01,5.751199999999999646e-01,0.000000000000000000e+00,5.584599999999999564e-01,5.750699999999999701e-01,5.573900000000000521e-01,5.706499999999999906e-01,5.492399999999999505e-01,5.552500000000000213e-01,5.520699999999999497e-01,5.589899999999999869e-01,5.798200000000000021e-01,5.682800000000000074e-01,5.496199999999999974e-01,5.423099999999999588e-01,5.481000000000000316e-01,0.000000000000000000e+00,5.456199999999999939e-01,5.801100000000000145e-01,5.614700000000000246e-01,5.695999999999999952e-01,5.545499999999999874e-01,5.482599999999999696e-01,5.433700000000000196e-01,0.000000000000000000e+00,5.674400000000000555e-01
6.007599999999999607e-01,5.774799999999999933e-01,5.646799999999999597e-01,6.253400000000000070e-01,5.909400000000000208e-01,5.727299999999999613e-01,5.970499999999999696e-01,5.888900000000000245e-01,5.851499999999999480e-01,5.967599999999999572e-01,5.857299999999999729e-01,5.964199999999999502e-01,5.914899999999999602e-01,5.863000000000000433e-01,5.925200000000000466e-01,5.719499999999999584e-01,5.918600000000000527e-01,5.886299999999999866e-01,5.432000000000000162e-01,5.688999999999999613e-01,5.928999999999999826e-01,5.534799999999999720e-01,5.686299999999999688e-01,5.862800000000000233e-01,5.954199999999999493e-01,5.871699999999999697e-01,5.655200000000000227e-01,5.654799999999999827e-01,5.625200000000000200e-01,0.000000000000000000e+00,5.694099999999999717e-01,6.215100000000000069e-01,6.138900000000000468e-01,5.839400000000000146e-01,6.259000000000000119e-01,5.953699999999999548e-01,6.253999999999999559e-01,5.916900000000000492e-01,6.190499999999999892e-01,6.140600000000000502e-01,6.182800000000000518e-01,6.284199999999999786e-01,5.895200000000000440e-01,6.274600000000000177e-01,6.151499999999999746e-01,5.947900000000000409e-01,5.766099999999999559e-01,5.639300000000000423e-01,5.832100000000000062e-01,5.980499999999999705e-01,5.878900000000000237e-01,6.023500000000000520e-01,5.545499999999999874e-01,5.766400000000000414e-01,6.084100000000000064e-01,5.796200000000000241e-01,6.014699999999999491e-01,5.737400000000000277e-01,5.808400000000000230e-01,5.731699999999999573e-01,5.820300000000000473e-01,6.081400000000000139e-01,5.861499999999999488e-01,5.636499999999999844e-01,5.575900000000000301e-01,5.715799999999999770e-01,5.539300000000000335e-01,5.641699999999999493e-01,5.975200000000000511e-01,5.858799999999999564e-01,5.946799999999999864e-01,5.715299999999999825e-01,5.684200000000000363e-01,5.566100000000000492e-01,0.000000000000000000e+00,5.915099999999999802e-01
6.068900000000000405e-01,5.728900000000000103e-01,5.580600000000000005e-01,6.172999999999999599e-01,5.803599999999999870e-01,5.636999999999999789e-01,5.888900000000000245e-01,5.912399999999999878e-01,5.742399999999999727e-01,5.785400000000000542e-01,5.687600000000000433e-01,5.963000000000000522e-01,5.824599999999999778e-01,5.769900000000000029e-01,5.831800000000000317e-01,5.658100000000000351e-01,5.794500000000000206e-01,5.740800000000000347e-01,0.000000000000000000e+00,5.617699999999999916e-01,5.942199999999999704e-01,5.483799999999999786e-01,5.679400000000000004e-01,5.910999999999999588e-01,5.841699999999999671e-01,5.823099999999999943e-01,5.608400000000000052e-01,5.552399999999999558e-01,5.562799999999999967e-01,0.000000000000000000e+00,5.633099999999999774e-01,6.048299999999999788e-01,6.043199999999999683e-01,5.754200000000000426e-01,6.144300000000000317e-01,5.799900000000000055e-01,6.093600000000000128e-01,5.841899999999999871e-01,5.979499999999999815e-01,6.034000000000000474e-01,6.021600000000000286e-01,6.204399999999999915e-01,5.707499999999999796e-01,6.130999999999999783e-01,5.786400000000000432e-01,5.784200000000000452e-01,5.700100000000000167e-01,5.657299999999999551e-01,5.681599999999999984e-01,5.865599999999999703e-01,5.799400000000000110e-01,5.914000000000000368e-01,5.478199999999999736e-01,5.672899999999999610e-01,5.903300000000000214e-01,5.716999999999999860e-01,5.955500000000000238e-01,5.687200000000000033e-01,5.691899999999999737e-01,5.734099999999999753e-01,5.718100000000000405e-01,5.917200000000000237e-01,5.793000000000000371e-01,5.533500000000000085e-01,5.518999999999999462e-01,5.681800000000000184e-01,5.500899999999999679e-01,5.668600000000000305e-01,5.814500000000000224e-01,5.780499999999999527e-01,5.858600000000000474e-01,5.618300000000000516e-01,5.592799999999999994e-01,5.527499999999999636e-01,0.000000000000000000e+00,5.845200000000000395e-01
5.835099999999999731e-01,5.721100000000000074e-01,5.560000000000000497e-01,6.014300000000000201e-01,5.775900000000000478e-01,5.607299999999999507e-01,5.851499999999999480e-01,5.742399999999999727e-01,5.764000000000000234e-01,5.809600000000000319e-01,5.691699999999999537e-01,5.750699999999999701e-01,5.773200000000000554e-01,5.737299999999999622e-01,5.766200000000000214e-01,5.669199999999999795e-01,5.770699999999999719e-01,5.834200000000000497e-01,0.000000000000000000e+00,5.624700000000000255e-01,5.725599999999999579e-01,5.512500000000000178e-01,5.617999999999999661e-01,5.713300000000000045e-01,5.855799999999999894e-01,5.779400000000000093e-01,5.562700000000000422e-01,5.576499999999999790e-01,5.554400000000000448e-01,0.000000000000000000e+00,5.607100000000000417e-01,6.013399999999999856e-01,5.987099999999999644e-01,5.729199999999999848e-01,6.125899999999999679e-01,5.819100000000000383e-01,6.022399999999999975e-01,5.740600000000000147e-01,5.890499999999999625e-01,6.031900000000000039e-01,5.995200000000000529e-01,6.075099999999999945e-01,5.752800000000000136e-01,6.091100000000000403e-01,5.961400000000000032e-01,5.820199999999999818e-01,5.691699999999999537e-01,5.575999999999999845e-01,5.685000000000000053e-01,5.808999999999999719e-01,5.827700000000000102e-01,5.873300000000000187e-01,5.445999999999999730e-01,5.720300000000000384e-01,5.863599999999999923e-01,5.656999999999999806e-01,5.791600000000000081e-01,5.603000000000000203e-01,5.658699999999999841e-01,5.606400000000000272e-01,5.693500000000000227e-01,5.915799999999999947e-01,5.820100000000000273e-01,5.568199999999999816e-01,5.530100000000000016e-01,5.551800000000000068e-01,5.487800000000000455e-01,5.570000000000000506e-01,5.848499999999999810e-01,5.772300000000000209e-01,5.812100000000000044e-01,5.659800000000000386e-01,5.592599999999999794e-01,5.542200000000000459e-01,0.000000000000000000e+00,5.783099999999999907e-01
5.910499999999999643e-01,5.721600000000000019e-01,5.559899999999999842e-01,6.205399999999999805e-01,5.928600000000000536e-01,5.659899999999999931e-01,5.967599999999999572e-01,5.785400000000000542e-01,5.809600000000000319e-01,5.900100000000000344e-01,5.830199999999999827e-01,5.869799999999999462e-01,5.845500000000000140e-01,5.884099999999999886e-01,5.840699999999999781e-01,5.691300000000000248e-01,5.846400000000000485e-01,5.867999999999999883e-01,5.420199999999999463e-01,5.656400000000000317e-01,5.835500000000000131e-01,5.507800000000000473e-01,5.598600000000000243e-01,5.788600000000000412e-01,5.910699999999999843e-01,5.818200000000000038e-01,5.565400000000000347e-01,5.648600000000000287e-01,5.578999999999999515e-01,0.000000000000000000e+00,5.659899999999999931e-01,6.128099999999999659e-01,6.105800000000000116e-01,5.821699999999999653e-01,6.180099999999999483e-01,5.977999999999999980e-01,6.268299999999999983e-01,5.871499999999999497e-01,6.092499999999999583e-01,6.085899999999999643e-01,6.122499999999999609e-01,6.190900000000000292e-01,5.940199999999999925e-01,6.234399999999999942e-01,6.122900000000000009e-01,5.928299999999999681e-01,5.730699999999999683e-01,5.521399999999999642e-01,5.780600000000000183e-01,5.968099999999999516e-01,5.781100000000000128e-01,6.018900000000000361e-01,5.479000000000000536e-01,5.683300000000000018e-01,6.048499999999999988e-01,5.744200000000000417e-01,5.954800000000000093e-01,5.705400000000000471e-01,5.800499999999999545e-01,5.669499999999999540e-01,5.726499999999999924e-01,6.011300000000000532e-01,5.829699999999999882e-01,5.628699999999999815e-01,5.533900000000000485e-01,5.716499999999999915e-01,5.480599999999999916e-01,5.585900000000000309e-01,5.923100000000000032e-01,5.813199999999999479e-01,5.892500000000000515e-01,5.664200000000000346e-01,5.678199999999999914e-01,5.530399999999999761e-01,0.000000000000000000e+00,5.867200000000000193e-01
5.843899999999999650e-01,5.639800000000000368e-01,5.527400000000000091e-01,6.076599999999999779e-01,5.800400000000000000e-01,5.582099999999999840e-01,5.857299999999999729e-01,5.687600000000000433e-01,5.691699999999999537e-01,5.830199999999999827e-01,5.691899999999999737e-01,5.771100000000000119e-01,5.772500000000000409e-01,5.785099999999999687e-01,5.750399999999999956e-01,5.590199999999999614e-01,5.743200000000000527e-01,5.762500000000000400e-01,0.000000000000000000e+00,5.549800000000000288e-01,5.767900000000000249e-01,5.418699999999999628e-01,5.542899999999999494e-01,5.698100000000000387e-01,5.816099999999999604e-01,5.725400000000000489e-01,5.507499999999999618e-01,5.562799999999999967e-01,5.503099999999999659e-01,0.000000000000000000e+00,5.585499999999999909e-01,6.008499999999999952e-01,5.995000000000000329e-01,5.738100000000000422e-01,6.126200000000000534e-01,5.864899999999999558e-01,6.099700000000000122e-01,5.756400000000000405e-01,5.874800000000000022e-01,5.984899999999999665e-01,5.994399999999999729e-01,6.065399999999999681e-01,5.803599999999999870e-01,6.089400000000000368e-01,6.000900000000000123e-01,5.844799999999999995e-01,5.642200000000000548e-01,5.510000000000000453e-01,5.674900000000000500e-01,5.865000000000000213e-01,5.734700000000000353e-01,5.888200000000000101e-01,5.430500000000000327e-01,5.649499999999999522e-01,5.930999999999999606e-01,5.682700000000000529e-01,5.826700000000000212e-01,5.611199999999999521e-01,5.726799999999999669e-01,5.604700000000000237e-01,5.677600000000000424e-01,5.932399999999999896e-01,5.734299999999999953e-01,5.561899999999999622e-01,5.484599999999999476e-01,5.619100000000000206e-01,5.451399999999999579e-01,5.525799999999999601e-01,5.849400000000000155e-01,5.715700000000000225e-01,5.782399999999999762e-01,5.608699999999999797e-01,5.595900000000000318e-01,5.475400000000000267e-01,0.000000000000000000e+00,5.780999999999999472e-01
6.014100000000000001e-01,5.703000000000000291e-01,5.564000000000000057e-01,6.194699999999999651e-01,5.888999999999999790e-01,5.614900000000000446e-01,5.964199999999999502e-01,5.963000000000000522e-01,5.750699999999999701e-01,5.869799999999999462e-01,5.771100000000000119e-01,6.034000000000000474e-01,5.851699999999999680e-01,5.814899999999999514e-01,5.867200000000000193e-01,5.670800000000000285e-01,5.818499999999999783e-01,5.770499999999999519e-01,0.000000000000000000e+00,5.592899999999999539e-01,5.929600000000000426e-01,5.458499999999999464e-01,5.656799999999999606e-01,5.858100000000000529e-01,5.877700000000000147e-01,5.839800000000000546e-01,5.571700000000000541e-01,5.556900000000000173e-01,5.534900000000000375e-01,0.000000000000000000e+00,5.642099999999999893e-01,6.166700000000000514e-01,6.092699999999999783e-01,5.836999999999999966e-01,6.210200000000000164e-01,5.898999999999999799e-01,6.216199999999999504e-01,5.949400000000000244e-01,6.151499999999999746e-01,6.085800000000000098e-01,6.137700000000000378e-01,6.294800000000000395e-01,5.775799999999999823e-01,6.176700000000000523e-01,6.028499999999999970e-01,5.853399999999999714e-01,5.713000000000000300e-01,5.628499999999999615e-01,5.770800000000000374e-01,5.957799999999999763e-01,5.768799999999999484e-01,6.007500000000000062e-01,5.481800000000000006e-01,5.663099999999999801e-01,5.970800000000000551e-01,5.733599999999999808e-01,6.017200000000000326e-01,5.712800000000000100e-01,5.751699999999999591e-01,5.691199999999999593e-01,5.715299999999999825e-01,5.970199999999999951e-01,5.789299999999999446e-01,5.539100000000000135e-01,5.474299999999999722e-01,5.705400000000000471e-01,5.469300000000000272e-01,5.635599999999999499e-01,5.865899999999999448e-01,5.782899999999999707e-01,5.886200000000000321e-01,5.630699999999999594e-01,5.610100000000000087e-01,5.495100000000000540e-01,0.000000000000000000e+00,5.873699999999999477e-01
5.911699999999999733e-01,5.718800000000000550e-01,5.571800000000000086e-01,6.173300000000000454e-01,5.854800000000000004e-01,5.677100000000000479e-01,5.914899999999999602e-01,5.824599999999999778e-01,5.773200000000000554e-01,5.845500000000000140e-01,5.772500000000000409e-01,5.851699999999999680e-01,5.848299999999999610e-01,5.823500000000000343e-01,5.837700000000000111e-01,5.655099999999999572e-01,5.823700000000000543e-01,5.819900000000000073e-01,0.000000000000000000e+00,5.626900000000000235e-01,5.857400000000000384e-01,5.492599999999999705e-01,5.624200000000000310e-01,5.783399999999999652e-01,5.902699999999999614e-01,5.804899999999999505e-01,5.580500000000000460e-01,5.621199999999999530e-01,5.580199999999999605e-01,0.000000000000000000e+00,5.605599999999999472e-01,6.109099999999999531e-01,6.039299999999999669e-01,5.767600000000000504e-01,6.167300000000000004e-01,5.885700000000000376e-01,6.157099999999999795e-01,5.795400000000000551e-01,6.060900000000000176e-01,6.059900000000000286e-01,6.062699999999999756e-01,6.168900000000000494e-01,5.824000000000000288e-01,6.204100000000000170e-01,6.000499999999999723e-01,5.894500000000000295e-01,5.700800000000000312e-01,5.581899999999999640e-01,5.731300000000000283e-01,5.886299999999999866e-01,5.810999999999999499e-01,5.947400000000000464e-01,5.456600000000000339e-01,5.692099999999999937e-01,5.975599999999999801e-01,5.726999999999999869e-01,5.917999999999999927e-01,5.671899999999999720e-01,5.733800000000000008e-01,5.658499999999999641e-01,5.747400000000000286e-01,6.013100000000000112e-01,5.816400000000000459e-01,5.594999999999999973e-01,5.516799999999999482e-01,5.653399999999999537e-01,5.483099999999999641e-01,5.575700000000000101e-01,5.915200000000000458e-01,5.784099999999999797e-01,5.870100000000000318e-01,5.646700000000000053e-01,5.624299999999999855e-01,5.517800000000000482e-01,0.000000000000000000e+00,5.849100000000000410e-01
5.844000000000000306e-01,5.691500000000000448e-01,5.524400000000000421e-01,6.149499999999999966e-01,5.809699999999999864e-01,5.659899999999999931e-01,5.863000000000000433e-01,5.769800000000000484e-01,5.737299999999999622e-01,5.884099999999999886e-01,5.785099999999999687e-01,5.814899999999999514e-01,5.823500000000000343e-01,5.795700000000000296e-01,5.838700000000000001e-01,5.626700000000000035e-01,5.841899999999999871e-01,5.794599999999999751e-01,0.000000000000000000e+00,5.601099999999999968e-01,5.816099999999999604e-01,5.464499999999999913e-01,5.573900000000000521e-01,5.747499999999999831e-01,5.849600000000000355e-01,5.777400000000000313e-01,5.568899999999999961e-01,5.627699999999999925e-01,5.551199999999999468e-01,0.000000000000000000e+00,5.581800000000000095e-01,6.040900000000000158e-01,5.986700000000000355e-01,5.679300000000000459e-01,6.063499999999999446e-01,5.883899999999999686e-01,6.137799999999999923e-01,5.889299999999999535e-01,5.987900000000000444e-01,5.929600000000000426e-01,5.936599999999999655e-01,6.067799999999999860e-01,5.877400000000000402e-01,6.161400000000000210e-01,5.997400000000000508e-01,5.752599999999999936e-01,5.694099999999999717e-01,5.546999999999999709e-01,5.722099999999999964e-01,5.896299999999999875e-01,5.793800000000000061e-01,5.911899999999999933e-01,5.435699999999999976e-01,5.692599999999999882e-01,6.011900000000000022e-01,5.735999999999999988e-01,5.878799999999999581e-01,5.664700000000000291e-01,5.752699999999999481e-01,5.651199999999999557e-01,5.729800000000000448e-01,6.014000000000000457e-01,5.772599999999999953e-01,5.603399999999999492e-01,5.510899999999999688e-01,5.615099999999999536e-01,5.474299999999999722e-01,5.530199999999999561e-01,5.816200000000000259e-01,5.763700000000000490e-01,5.820100000000000273e-01,5.641000000000000458e-01,5.635700000000000154e-01,5.488699999999999690e-01,0.000000000000000000e+00,5.763800000000000034e-01
6.045099999999999918e-01,5.714299999999999935e-01,5.668100000000000360e-01,6.130499999999999838e-01,5.846000000000000085e-01,5.664400000000000546e-01,5.925300000000000011e-01,5.831800000000000317e-01,5.766200000000000214e-01,5.840699999999999781e-01,5.750399999999999956e-01,5.867200000000000193e-01,5.837700000000000111e-01,5.838700000000000001e-01,5.850600000000000245e-01,5.641699999999999493e-01,5.801199999999999690e-01,5.798999999999999710e-01,5.462700000000000333e-01,5.624900000000000455e-01,5.924700000000000522e-01,5.467699999999999783e-01,5.692300000000000137e-01,5.899999999999999689e-01,5.882399999999999851e-01,5.813199999999999479e-01,5.610000000000000542e-01,5.584400000000000475e-01,5.563200000000000367e-01,0.000000000000000000e+00,5.681800000000000184e-01,6.115099999999999980e-01,6.127299999999999969e-01,5.806999999999999940e-01,6.169599999999999529e-01,5.911999999999999478e-01,6.203199999999999825e-01,5.713300000000000045e-01,6.056399999999999562e-01,6.085599999999999898e-01,6.112600000000000255e-01,6.200299999999999701e-01,5.824300000000000033e-01,6.126000000000000334e-01,6.028200000000000225e-01,5.952600000000000113e-01,5.695999999999999952e-01,5.652800000000000047e-01,5.758299999999999530e-01,5.943300000000000249e-01,5.871699999999999697e-01,5.958799999999999653e-01,5.531700000000000506e-01,5.729300000000000503e-01,5.938600000000000545e-01,5.770999999999999464e-01,5.917799999999999727e-01,5.680699999999999639e-01,5.765200000000000324e-01,5.708699999999999886e-01,5.741399999999999837e-01,5.989100000000000534e-01,5.819400000000000128e-01,5.590300000000000269e-01,5.563200000000000367e-01,5.704700000000000326e-01,5.518300000000000427e-01,5.655299999999999772e-01,5.961499999999999577e-01,5.815299999999999914e-01,5.868499999999999828e-01,5.687600000000000433e-01,5.647699999999999942e-01,5.589199999999999724e-01,0.000000000000000000e+00,5.862899999999999778e-01
5.716400000000000370e-01,5.599899999999999878e-01,5.472599999999999687e-01,5.902199999999999669e-01,5.643099999999999783e-01,5.524999999999999911e-01,5.719499999999999584e-01,5.658100000000000351e-01,5.669199999999999795e-01,5.691300000000000248e-01,5.590199999999999614e-01,5.670800000000000285e-01,5.655099999999999572e-01,5.626700000000000035e-01,5.641699999999999493e-01,5.537300000000000555e-01,5.663300000000000001e-01,5.692500000000000338e-01,0.000000000000000000e+00,5.530000000000000471e-01,5.608499999999999597e-01,5.429800000000000182e-01,5.510899999999999688e-01,5.640399999999999858e-01,5.708400000000000141e-01,5.658499999999999641e-01,5.496199999999999974e-01,5.464700000000000113e-01,5.466800000000000548e-01,0.000000000000000000e+00,5.507100000000000328e-01,5.850800000000000445e-01,5.877999999999999892e-01,5.602000000000000313e-01,5.971800000000000441e-01,5.682399999999999674e-01,5.870999999999999552e-01,5.661300000000000221e-01,5.806599999999999540e-01,5.905500000000000194e-01,5.866500000000000048e-01,5.952499999999999458e-01,5.622899999999999565e-01,5.973300000000000276e-01,5.887700000000000156e-01,5.656900000000000261e-01,5.581000000000000405e-01,5.490800000000000125e-01,5.594099999999999628e-01,5.694599999999999662e-01,5.698800000000000532e-01,5.742500000000000382e-01,0.000000000000000000e+00,5.599800000000000333e-01,5.774200000000000443e-01,5.564500000000000002e-01,5.720499999999999474e-01,5.509699999999999598e-01,5.555400000000000338e-01,5.542899999999999494e-01,5.585599999999999454e-01,5.793000000000000371e-01,5.668999999999999595e-01,5.492799999999999905e-01,5.436699999999999866e-01,5.483299999999999841e-01,5.410800000000000054e-01,5.469600000000000017e-01,5.696999999999999842e-01,5.660399999999999876e-01,5.698400000000000132e-01,5.534999999999999920e-01,5.484499999999999931e-01,5.428100000000000147e-01,0.000000000000000000e+00,5.679899999999999949e-01
5.879299999999999526e-01,5.699699999999999767e-01,5.595299999999999718e-01,6.138599999999999612e-01,5.853399999999999714e-01,5.624099999999999655e-01,5.918600000000000527e-01,5.794500000000000206e-01,5.770699999999999719e-01,5.846400000000000485e-01,5.743200000000000527e-01,5.818499999999999783e-01,5.823700000000000543e-01,5.841899999999999871e-01,5.801199999999999690e-01,5.663300000000000001e-01,5.745900000000000452e-01,5.825599999999999667e-01,0.000000000000000000e+00,5.633799999999999919e-01,5.796900000000000386e-01,5.498699999999999699e-01,5.609699999999999687e-01,5.730499999999999483e-01,5.888600000000000501e-01,5.802000000000000490e-01,5.571199999999999486e-01,5.616600000000000481e-01,5.559899999999999842e-01,0.000000000000000000e+00,5.674500000000000099e-01,6.099499999999999922e-01,6.125399999999999734e-01,5.828999999999999737e-01,6.186700000000000532e-01,5.954199999999999493e-01,6.210099999999999509e-01,5.784500000000000197e-01,5.962699999999999667e-01,6.142900000000000027e-01,6.099999999999999867e-01,6.120299999999999629e-01,5.871100000000000207e-01,6.182900000000000063e-01,6.147599999999999731e-01,5.870999999999999552e-01,5.693399999999999572e-01,5.561000000000000387e-01,5.786299999999999777e-01,5.900100000000000344e-01,5.775900000000000478e-01,5.964899999999999647e-01,5.532099999999999795e-01,5.714700000000000335e-01,5.968599999999999461e-01,5.723500000000000254e-01,5.876700000000000257e-01,5.676600000000000534e-01,5.795200000000000351e-01,5.613200000000000411e-01,5.712099999999999955e-01,5.987400000000000500e-01,5.785799999999999832e-01,5.618999999999999551e-01,5.519600000000000062e-01,5.684900000000000508e-01,5.506400000000000183e-01,5.598999999999999533e-01,5.859999999999999654e-01,5.787499999999999867e-01,5.847200000000000175e-01,5.655099999999999572e-01,5.658800000000000496e-01,5.521599999999999842e-01,0.000000000000000000e+00,5.855599999999999694e-01
5.821800000000000308e-01,5.744500000000000162e-01,5.618199999999999861e-01,6.104300000000000281e-01,5.812100000000000044e-01,5.660199999999999676e-01,5.886299999999999866e-01,5.740800000000000347e-01,5.834200000000000497e-01,5.867999999999999883e-01,5.762500000000000400e-01,5.770499999999999519e-01,5.819900000000000073e-01,5.794599999999999751e-01,5.798999999999999710e-01,5.692500000000000338e-01,5.825599999999999667e-01,5.848400000000000265e-01,5.415999999999999703e-01,5.672700000000000520e-01,5.762300000000000200e-01,5.532000000000000250e-01,5.608100000000000307e-01,5.740499999999999492e-01,5.861800000000000344e-01,5.792000000000000481e-01,5.594599999999999573e-01,5.611199999999999521e-01,5.592200000000000504e-01,0.000000000000000000e+00,5.643000000000000238e-01,6.054399999999999782e-01,6.089499999999999913e-01,5.740300000000000402e-01,6.172600000000000309e-01,5.887200000000000211e-01,6.111199999999999966e-01,5.787700000000000067e-01,5.986900000000000555e-01,6.097099999999999742e-01,6.075599999999999890e-01,6.119900000000000340e-01,5.864399999999999613e-01,6.175300000000000233e-01,6.094000000000000528e-01,5.822300000000000253e-01,5.721600000000000019e-01,5.574999999999999956e-01,5.756499999999999950e-01,5.848400000000000265e-01,5.851100000000000190e-01,5.908099999999999463e-01,5.515900000000000247e-01,5.749999999999999556e-01,5.972600000000000131e-01,5.691899999999999737e-01,5.838400000000000256e-01,5.648600000000000287e-01,5.747600000000000486e-01,5.626400000000000290e-01,5.748299999999999521e-01,5.982300000000000395e-01,5.817600000000000549e-01,5.616999999999999771e-01,5.566299999999999581e-01,5.619800000000000351e-01,5.533099999999999685e-01,5.575999999999999845e-01,5.862800000000000233e-01,5.825599999999999667e-01,5.854899999999999549e-01,5.680600000000000094e-01,5.649899999999999922e-01,5.559699999999999642e-01,0.000000000000000000e+00,5.835099999999999731e-01
5.444600000000000550e-01,0.000000000000000000e+00,0.000000000000000000e+00,5.582500000000000240e-01,0.000000000000000000e+00,0.000000000000000000e+00,5.432000000000000162e-01,0.000000000000000000e+00,0.000000000000000000e+00,5.420199999999999463e-01,0.000000000000000000e+00,0.000000000000000000e+00,0.000000000000000000e+00,0.000000000000000000e+00,5.462700000000000333e-01,0.000000000000000000e+00,0.000000000000000000e+00,5.415999999999999703e-01,0.000000000000000000e+00,0.000000000000000000e+00,0.000000000000000000e+00,0.000000000000000000e+00,0.000000000000000000e+00,0.000000000000000000e+00,5.429500000000000437e-01,0.000000000000000000e+00,0.000000000000000000e+00,0.000000000000000000e+00,0.000000000000000000e+00,0.000000000000000000e+00,0.000000000000000000e+00,5.492399999999999505e-01,5.567100000000000382e-01,5.449399999999999800e-01,5.716499999999999915e-01,5.420199999999999463e-01,5.608699999999999797e-01,0.000000000000000000e+00,5.406999999999999584e-01,5.594200000000000284e-01,5.617400000000000171e-01,5.701100000000000056e-01,0.000000000000000000e+00,5.588400000000000034e-01,5.701699999999999546e-01,5.543599999999999639e-01,0.000000000000000000e+00,0.000000000000000000e+00,0.000000000000000000e+00,0.000000000000000000e+00,0.000000000000000000e+00,5.466100000000000403e-01,0.000000000000000000e+00,0.000000000000000000e+00,5.482900000000000551e-01,0.000000000000000000e+00,5.434200000000000141e-01,0.000000000000000000e+00,0.000000000000000000e+00,0.000000000000000000e+00,0.000000000000000000e+00,5.535400000000000320e-01,0.000000000000000000e+00,0.000000000000000000e+00,0.000000000000000000e+00,0.000000000000000000e+00,0.000000000000000000e+00,0.000000000000000000e+00,5.555099999999999483e-01,0.000000000000000000e+00,0.000000000000000000e+00,0.000000000000000000e+00,0.000000000000000000e+00,0.000000000000000000e+00,0.000000000000000000e+00,5.423900000000000388e-01
5.656400000000000317e-01,5.555700000000000083e-01,5.436800000000000521e-01,5.840999999999999526e-01,5.613200000000000411e-01,5.489899999999999780e-01,5.688999999999999613e-01,5.617699999999999916e-01,5.624700000000000255e-01,5.656299999999999661e-01,5.549800000000000288e-01,5.592899999999999539e-01,5.626900000000000235e-01,5.601099999999999968e-01,5.624900000000000455e-01,5.530000000000000471e-01,5.633799999999999919e-01,5.672700000000000520e-01,0.000000000000000000e+00,5.480399999999999716e-01,5.582700000000000440e-01,0.000000000000000000e+00,5.472299999999999942e-01,5.576699999999999990e-01,5.685299999999999798e-01,5.628100000000000325e-01,5.437100000000000266e-01,5.429599999999999982e-01,5.419500000000000428e-01,0.000000000000000000e+00,5.474200000000000177e-01,5.820199999999999818e-01,5.794399999999999551e-01,5.541300000000000114e-01,5.902500000000000524e-01,5.678699999999999859e-01,5.843899999999999650e-01,5.596400000000000263e-01,5.711199999999999610e-01,5.859900000000000109e-01,5.804599999999999760e-01,5.899499999999999744e-01,5.596200000000000063e-01,5.889299999999999535e-01,5.802899999999999725e-01,5.621899999999999675e-01,5.561000000000000387e-01,5.452299999999999924e-01,5.544900000000000384e-01,5.660800000000000276e-01,5.666700000000000070e-01,5.709800000000000431e-01,0.000000000000000000e+00,5.573099999999999721e-01,5.724599999999999689e-01,5.527900000000000036e-01,5.630199999999999649e-01,5.487400000000000055e-01,5.531800000000000050e-01,5.484099999999999531e-01,5.552700000000000413e-01,5.750399999999999956e-01,5.640300000000000313e-01,5.459399999999999809e-01,5.410399999999999654e-01,5.439500000000000446e-01,0.000000000000000000e+00,5.445799999999999530e-01,5.640199999999999658e-01,5.624400000000000510e-01,5.657100000000000461e-01,5.504700000000000149e-01,5.468499999999999472e-01,5.409599999999999964e-01,0.000000000000000000e+00,5.621300000000000185e-01
6.002699999999999703e-01,5.660300000000000331e-01,5.601500000000000368e-01,6.193600000000000216e-01,5.864300000000000068e-01,5.675700000000000189e-01,5.928999999999999826e-01,5.942199999999999704e-01,5.725599999999999579e-01,5.835500000000000131e-01,5.767900000000000249e-01,5.929600000000000426e-01,5.857400000000000384e-01,5.816099999999999604e-01,5.924700000000000522e-01,5.608499999999999597e-01,5.796999999999999931e-01,5.762300000000000200e-01,0.000000000000000000e+00,5.582700000000000440e-01,5.941300000000000470e-01,5.438800000000000301e-01,5.672800000000000065e-01,5.873099999999999987e-01,5.874700000000000477e-01,5.807600000000000540e-01,5.569600000000000106e-01,5.580500000000000460e-01,5.542599999999999749e-01,0.000000000000000000e+00,5.644500000000000073e-01,6.153399999999999981e-01,6.076399999999999579e-01,5.824200000000000488e-01,6.184600000000000097e-01,5.883599999999999941e-01,6.217200000000000504e-01,5.784399999999999542e-01,6.105000000000000426e-01,6.096200000000000507e-01,6.128500000000000059e-01,6.270599999999999508e-01,5.767200000000000104e-01,6.111799999999999455e-01,5.992199999999999749e-01,5.938200000000000145e-01,5.639399999999999968e-01,5.631599999999999939e-01,5.687799999999999523e-01,5.887400000000000411e-01,5.783000000000000362e-01,5.944399999999999684e-01,5.481399999999999606e-01,5.662599999999999856e-01,5.956700000000000328e-01,5.758400000000000185e-01,5.967700000000000227e-01,5.685900000000000398e-01,5.732199999999999518e-01,5.709199999999999831e-01,5.732000000000000428e-01,6.002300000000000413e-01,5.798799999999999510e-01,5.568899999999999961e-01,5.497100000000000319e-01,5.743700000000000472e-01,5.461899999999999533e-01,5.624000000000000110e-01,5.955899999999999528e-01,5.755000000000000115e-01,5.856999999999999984e-01,5.639699999999999713e-01,5.626999999999999780e-01,5.532200000000000450e-01,0.000000000000000000e+00,5.872100000000000097e-01
