0.000000000000000000e+00,0.000000000000000000e+00,0.000000000000000000e+00,0.000000000000000000e+00,0.000000000000000000e+00,0.000000000000000000e+00,0.000000000000000000e+00,0.000000000000000000e+00,0.000000000000000000e+00,0.000000000000000000e+00,0.000000000000000000e+00,0.000000000000000000e+00,0.000000000000000000e+00,0.000000000000000000e+00,0.000000000000000000e+00,0.000000000000000000e+00,0.000000000000000000e+00,0.000000000000000000e+00,0.000000000000000000e+00,0.000000000000000000e+00,0.000000000000000000e+00,0.000000000000000000e+00,0.000000000000000000e+00,0.000000000000000000e+00,0.000000000000000000e+00,0.000000000000000000e+00,0.000000000000000000e+00,0.000000000000000000e+00,0.000000000000000000e+00,0.000000000000000000e+00,0.000000000000000000e+00,0.000000000000000000e+00,0.000000000000000000e+00,0.000000000000000000e+00,0.000000000000000000e+00,0.000000000000000000e+00,0.000000000000000000e+00,0.000000000000000000e+00,5.403299999999999770e-01,0.000000000000000000e+00,0.000000000000000000e+00,0.000000000000000000e+00,0.000000000000000000e+00,0.000000000000000000e+00,0.000000000000000000e+00,0.000000000000000000e+00,0.000000000000000000e+00,0.000000000000000000e+00,0.000000000000000000e+00,0.000000000000000000e+00,0.000000000000000000e+00,0.000000000000000000e+00,0.000000000000000000e+00,0.000000000000000000e+00,0.000000000000000000e+00,0.000000000000000000e+00,0.000000000000000000e+00,0.000000000000000000e+00,0.000000000000000000e+00,0.000000000000000000e+00,0.000000000000000000e+00,0.000000000000000000e+00,0.000000000000000000e+00,0.000000000000000000e+00,0.000000000000000000e+00,0.000000000000000000e+00,0.000000000000000000e+00,0.000000000000000000e+00,0.000000000000000000e+00,0.000000000000000000e+00,0.000000000000000000e+00,0.000000000000000000e+00,0.000000000000000000e+00,0.000000000000000000e+00,0.000000000000000000e+00,0.000000000000000000e+00
0.000000000000000000e+00,5.450599999999999890e-01,0.000000000000000000e+00,5.500000000000000444e-01,5.502299999999999969e-01,5.527499999999999636e-01,5.604900000000000437e-01,0.000000000000000000e+00,5.547100000000000364e-01,0.000000000000000000e+00,0.000000000000000000e+00,0.000000000000000000e+00,5.551599999999999868e-01,5.503000000000000114e-01,0.000000000000000000e+00,5.405400000000000205e-01,5.517400000000000082e-01,5.404299999999999660e-01,0.000000000000000000e+00,5.426900000000000057e-01,0.000000000000000000e+00,5.417899999999999938e-01,0.000000000000000000e+00,0.000000000000000000e+00,5.462200000000000388e-01,0.000000000000000000e+00,0.000000000000000000e+00,0.000000000000000000e+00,5.428899999999999837e-01,0.000000000000000000e+00,0.000000000000000000e+00,5.647299999999999542e-01,5.891699999999999715e-01,5.455900000000000194e-01,5.780199999999999783e-01,5.567100000000000382e-01,5.626600000000000490e-01,0.000000000000000000e+00,5.737100000000000533e-01,5.652800000000000047e-01,5.704500000000000126e-01,5.797299999999999676e-01,5.554700000000000193e-01,5.483099999999999641e-01,0.000000000000000000e+00,0.000000000000000000e+00,5.459600000000000009e-01,0.000000000000000000e+00,5.649399999999999977e-01,5.673000000000000265e-01,5.446800000000000530e-01,5.679300000000000459e-01,5.440099999999999936e-01,5.525499999999999856e-01,5.587900000000000089e-01,0.000000000000000000e+00,0.000000000000000000e+00,5.579100000000000170e-01,5.672099999999999920e-01,0.000000000000000000e+00,5.552399999999999558e-01,0.000000000000000000e+00,5.410899999999999599e-01,0.000000000000000000e+00,0.000000000000000000e+00,0.000000000000000000e+00,0.000000000000000000e+00,0.000000000000000000e+00,5.432900000000000507e-01,0.000000000000000000e+00,0.000000000000000000e+00,5.469000000000000528e-01,0.000000000000000000e+00,0.000000000000000000e+00,0.000000000000000000e+00,5.521099999999999897e-01
0.000000000000000000e+00,0.000000000000000000e+00,0.000000000000000000e+00,5.407899999999999929e-01,0.000000000000000000e+00,0.000000000000000000e+00,5.426400000000000112e-01,0.000000000000000000e+00,0.000000000000000000e+00,0.000000000000000000e+00,0.000000000000000000e+00,0.000000000000000000e+00,0.000000000000000000e+00,5.447999999999999510e-01,0.000000000000000000e+00,0.000000000000000000e+00,0.000000000000000000e+00,0.000000000000000000e+00,0.000000000000000000e+00,0.000000000000000000e+00,0.000000000000000000e+00,0.000000000000000000e+00,0.000000000000000000e+00,0.000000000000000000e+00,0.000000000000000000e+00,0.000000000000000000e+00,0.000000000000000000e+00,0.000000000000000000e+00,0.000000000000000000e+00,0.000000000000000000e+00,0.000000000000000000e+00,5.485600000000000476e-01,5.737499999999999822e-01,5.432900000000000507e-01,5.703899999999999526e-01,5.467100000000000293e-01,5.443599999999999550e-01,0.000000000000000000e+00,5.534499999999999975e-01,5.505900000000000238e-01,5.660199999999999676e-01,5.632399999999999629e-01,5.429500000000000437e-01,0.000000000000000000e+00,0.000000000000000000e+00,0.000000000000000000e+00,0.000000000000000000e+00,0.000000000000000000e+00,5.524400000000000421e-01,5.508899999999999908e-01,0.000000000000000000e+00,5.529399999999999871e-01,0.000000000000000000e+00,0.000000000000000000e+00,5.405299999999999550e-01,0.000000000000000000e+00,0.000000000000000000e+00,0.000000000000000000e+00,5.504599999999999493e-01,0.000000000000000000e+00,0.000000000000000000e+00,0.000000000000000000e+00,0.000000000000000000e+00,0.000000000000000000e+00,0.000000000000000000e+00,0.000000000000000000e+00,0.000000000000000000e+00,0.000000000000000000e+00,0.000000000000000000e+00,0.000000000000000000e+00,0.000000000000000000e+00,0.000000000000000000e+00,0.000000000000000000e+00,0.000000000000000000e+00,0.000000000000000000e+00,5.448399999999999910e-01
0.000000000000000000e+00,5.500000000000000444e-01,5.407899999999999929e-01,5.500800000000000134e-01,5.600600000000000023e-01,5.551800000000000068e-01,5.694700000000000317e-01,0.000000000000000000e+00,5.604599999999999582e-01,5.460700000000000554e-01,5.474599999999999467e-01,0.000000000000000000e+00,5.625799999999999690e-01,5.705400000000000471e-01,5.485400000000000276e-01,5.487999999999999545e-01,5.560800000000000187e-01,5.482599999999999696e-01,5.435400000000000231e-01,5.483700000000000241e-01,5.487800000000000455e-01,5.466900000000000093e-01,0.000000000000000000e+00,5.408100000000000129e-01,5.532700000000000395e-01,5.480899999999999661e-01,5.465600000000000458e-01,5.432700000000000307e-01,5.455600000000000449e-01,0.000000000000000000e+00,0.000000000000000000e+00,5.851699999999999680e-01,6.045700000000000518e-01,5.635099999999999554e-01,6.000999999999999668e-01,5.712899999999999645e-01,5.695900000000000407e-01,5.418800000000000283e-01,5.917400000000000437e-01,5.765700000000000269e-01,5.957599999999999563e-01,5.970699999999999896e-01,5.675200000000000244e-01,5.660399999999999876e-01,5.460800000000000098e-01,5.548100000000000254e-01,5.462299999999999933e-01,5.467300000000000493e-01,5.855200000000000404e-01,5.813000000000000389e-01,5.524400000000000421e-01,5.818200000000000038e-01,5.641199999999999548e-01,5.531800000000000050e-01,5.695900000000000407e-01,5.456400000000000139e-01,0.000000000000000000e+00,5.642899999999999583e-01,5.784399999999999542e-01,0.000000000000000000e+00,5.566499999999999782e-01,0.000000000000000000e+00,0.000000000000000000e+00,0.000000000000000000e+00,5.413299999999999779e-01,5.483799999999999786e-01,5.425200000000000022e-01,5.434600000000000541e-01,5.597199999999999953e-01,0.000000000000000000e+00,5.487199999999999855e-01,5.552799999999999958e-01,5.463299999999999823e-01,0.000000000000000000e+00,0.000000000000000000e+00,5.697900000000000187e-01
0.000000000000000000e+00,5.502299999999999969e-01,0.000000000000000000e+00,5.600600000000000023e-01,5.702800000000000091e-01,5.520300000000000207e-01,5.749100000000000321e-01,0.000000000000000000e+00,5.617299999999999516e-01,5.517300000000000537e-01,5.529199999999999671e-01,0.000000000000000000e+00,5.671199999999999575e-01,5.689600000000000213e-01,0.000000000000000000e+00,5.467400000000000038e-01,5.654000000000000137e-01,5.486900000000000110e-01,0.000000000000000000e+00,5.467800000000000438e-01,5.541000000000000369e-01,5.463500000000000023e-01,0.000000000000000000e+00,0.000000000000000000e+00,5.529899999999999816e-01,5.438300000000000356e-01,5.429599999999999982e-01,5.448399999999999910e-01,5.463999999999999968e-01,0.000000000000000000e+00,0.000000000000000000e+00,5.837400000000000366e-01,6.048400000000000443e-01,5.618800000000000461e-01,5.986900000000000555e-01,5.723899999999999544e-01,5.688100000000000378e-01,0.000000000000000000e+00,5.922199999999999687e-01,5.809499999999999664e-01,5.931400000000000006e-01,5.917999999999999927e-01,5.679800000000000404e-01,5.587199999999999944e-01,5.455900000000000194e-01,5.456100000000000394e-01,5.444099999999999495e-01,0.000000000000000000e+00,5.807999999999999829e-01,5.879600000000000382e-01,5.436100000000000376e-01,5.869100000000000428e-01,5.556499999999999773e-01,5.543099999999999694e-01,5.735700000000000243e-01,5.481500000000000261e-01,0.000000000000000000e+00,5.686200000000000143e-01,5.804399999999999560e-01,0.000000000000000000e+00,5.572000000000000286e-01,5.413400000000000434e-01,5.412099999999999689e-01,0.000000000000000000e+00,0.000000000000000000e+00,5.488800000000000345e-01,5.403999999999999915e-01,0.000000000000000000e+00,5.499399999999999844e-01,5.436199999999999921e-01,5.466999999999999638e-01,5.545400000000000329e-01,5.480800000000000116e-01,0.000000000000000000e+00,0.000000000000000000e+00,5.664900000000000491e-01
0.000000000000000000e+00,5.527499999999999636e-01,0.000000000000000000e+00,5.551800000000000068e-01,5.520300000000000207e-01,5.525299999999999656e-01,5.652800000000000047e-01,0.000000000000000000e+00,5.513700000000000268e-01,0.000000000000000000e+00,0.000000000000000000e+00,0.000000000000000000e+00,5.584400000000000475e-01,5.570599999999999996e-01,0.000000000000000000e+00,5.441799999999999971e-01,5.469899999999999762e-01,5.412500000000000089e-01,0.000000000000000000e+00,5.416499999999999648e-01,0.000000000000000000e+00,5.454099999999999504e-01,0.000000000000000000e+00,0.000000000000000000e+00,5.507199999999999873e-01,5.404799999999999605e-01,5.403599999999999515e-01,0.000000000000000000e+00,5.416199999999999903e-01,0.000000000000000000e+00,0.000000000000000000e+00,5.752599999999999936e-01,5.891999999999999460e-01,5.451399999999999579e-01,5.804300000000000015e-01,5.654200000000000337e-01,5.707100000000000506e-01,0.000000000000000000e+00,5.728799999999999448e-01,5.773300000000000098e-01,5.642800000000000038e-01,5.713200000000000500e-01,5.633299999999999974e-01,5.653599999999999737e-01,5.431099999999999817e-01,0.000000000000000000e+00,5.424299999999999677e-01,0.000000000000000000e+00,5.733200000000000518e-01,5.711600000000000010e-01,5.514499999999999957e-01,5.736700000000000133e-01,5.505999999999999783e-01,5.545400000000000329e-01,5.604500000000000037e-01,0.000000000000000000e+00,0.000000000000000000e+00,5.597400000000000153e-01,5.752300000000000191e-01,0.000000000000000000e+00,5.521200000000000552e-01,5.425200000000000022e-01,5.410199999999999454e-01,0.000000000000000000e+00,0.000000000000000000e+00,0.000000000000000000e+00,0.000000000000000000e+00,0.000000000000000000e+00,5.421099999999999808e-01,5.423499999999999988e-01,5.407399999999999984e-01,5.488699999999999690e-01,5.451300000000000034e-01,0.000000000000000000e+00,0.000000000000000000e+00,5.575200000000000156e-01
0.000000000000000000e+00,5.604900000000000437e-01,5.426400000000000112e-01,5.694700000000000317e-01,5.749100000000000321e-01,5.652800000000000047e-01,5.832500000000000462e-01,0.000000000000000000e+00,5.710699999999999665e-01,5.569300000000000361e-01,5.593700000000000339e-01,0.000000000000000000e+00,5.759400000000000075e-01,5.753899999999999570e-01,5.408199999999999674e-01,5.544900000000000384e-01,5.700300000000000367e-01,5.544000000000000039e-01,5.473400000000000487e-01,5.570800000000000196e-01,5.610600000000000032e-01,5.547900000000000054e-01,0.000000000000000000e+00,5.423000000000000043e-01,5.610000000000000542e-01,5.525799999999999601e-01,5.508600000000000163e-01,5.515299999999999647e-01,5.546900000000000164e-01,0.000000000000000000e+00,5.421700000000000408e-01,5.979799999999999560e-01,6.187799999999999967e-01,5.660600000000000076e-01,6.025599999999999845e-01,5.789699999999999847e-01,5.856799999999999784e-01,5.429399999999999782e-01,6.040900000000000158e-01,5.899299999999999544e-01,5.948400000000000354e-01,6.003300000000000303e-01,5.776200000000000223e-01,5.742599999999999927e-01,5.489500000000000490e-01,5.549199999999999688e-01,5.527100000000000346e-01,5.413900000000000379e-01,5.922399999999999887e-01,5.946900000000000519e-01,5.549800000000000288e-01,5.945200000000000484e-01,5.647799999999999487e-01,5.638600000000000279e-01,5.828499999999999792e-01,5.574500000000000011e-01,0.000000000000000000e+00,5.771100000000000119e-01,5.916500000000000092e-01,0.000000000000000000e+00,5.656900000000000261e-01,5.497600000000000264e-01,5.497699999999999809e-01,0.000000000000000000e+00,5.454900000000000304e-01,5.540800000000000169e-01,5.489500000000000490e-01,0.000000000000000000e+00,5.576900000000000190e-01,5.518100000000000227e-01,5.532899999999999485e-01,5.622800000000000020e-01,5.555900000000000283e-01,0.000000000000000000e+00,0.000000000000000000e+00,5.722899999999999654e-01
0.000000000000000000e+00,0.000000000000000000e+00,0.000000000000000000e+00,0.000000000000000000e+00,0.000000000000000000e+00,0.000000000000000000e+00,0.000000000000000000e+00,0.000000000000000000e+00,0.000000000000000000e+00,0.000000000000000000e+00,0.000000000000000000e+00,0.000000000000000000e+00,0.000000000000000000e+00,0.000000000000000000e+00,0.000000000000000000e+00,0.000000000000000000e+00,0.000000000000000000e+00,0.000000000000000000e+00,0.000000000000000000e+00,0.000000000000000000e+00,0.000000000000000000e+00,0.000000000000000000e+00,0.000000000000000000e+00,0.000000000000000000e+00,0.000000000000000000e+00,0.000000000000000000e+00,0.000000000000000000e+00,0.000000000000000000e+00,0.000000000000000000e+00,0.000000000000000000e+00,0.000000000000000000e+00,0.000000000000000000e+00,5.511599999999999833e-01,0.000000000000000000e+00,5.496199999999999974e-01,0.000000000000000000e+00,0.000000000000000000e+00,0.000000000000000000e+00,0.000000000000000000e+00,0.000000000000000000e+00,5.510500000000000398e-01,0.000000000000000000e+00,0.000000000000000000e+00,0.000000000000000000e+00,0.000000000000000000e+00,0.000000000000000000e+00,0.000000000000000000e+00,0.000000000000000000e+00,5.433000000000000052e-01,0.000000000000000000e+00,0.000000000000000000e+00,0.000000000000000000e+00,5.485100000000000531e-01,0.000000000000000000e+00,0.000000000000000000e+00,0.000000000000000000e+00,0.000000000000000000e+00,0.000000000000000000e+00,0.000000000000000000e+00,0.000000000000000000e+00,0.000000000000000000e+00,0.000000000000000000e+00,0.000000000000000000e+00,0.000000000000000000e+00,0.000000000000000000e+00,0.000000000000000000e+00,0.000000000000000000e+00,0.000000000000000000e+00,0.000000000000000000e+00,0.000000000000000000e+00,0.000000000000000000e+00,0.000000000000000000e+00,0.000000000000000000e+00,0.000000000000000000e+00,0.000000000000000000e+00,0.000000000000000000e+00
0.000000000000000000e+00,5.547100000000000364e-01,0.000000000000000000e+00,5.604599999999999582e-01,5.617299999999999516e-01,5.513700000000000268e-01,5.710699999999999665e-01,0.000000000000000000e+00,5.546900000000000164e-01,5.434299999999999686e-01,5.463400000000000478e-01,0.000000000000000000e+00,5.622399999999999620e-01,5.662599999999999856e-01,0.000000000000000000e+00,5.488199999999999745e-01,5.516499999999999737e-01,5.479100000000000081e-01,0.000000000000000000e+00,5.450300000000000145e-01,5.490099999999999980e-01,5.460700000000000554e-01,0.000000000000000000e+00,0.000000000000000000e+00,5.529500000000000526e-01,5.438199999999999701e-01,5.409899999999999709e-01,5.410399999999999654e-01,5.446699999999999875e-01,0.000000000000000000e+00,0.000000000000000000e+00,5.732500000000000373e-01,5.963399999999999812e-01,5.562599999999999767e-01,5.881499999999999506e-01,5.751199999999999646e-01,5.754000000000000226e-01,0.000000000000000000e+00,5.759499999999999620e-01,5.864800000000000013e-01,5.845399999999999485e-01,5.796000000000000041e-01,5.663000000000000256e-01,5.599699999999999678e-01,5.458199999999999719e-01,5.460000000000000409e-01,5.436299999999999466e-01,0.000000000000000000e+00,5.752800000000000136e-01,5.765400000000000524e-01,5.474999999999999867e-01,5.784799999999999942e-01,5.553399999999999448e-01,5.556200000000000028e-01,5.654500000000000082e-01,5.451000000000000290e-01,0.000000000000000000e+00,5.628600000000000270e-01,5.783899999999999597e-01,0.000000000000000000e+00,5.551000000000000378e-01,5.404999999999999805e-01,5.410800000000000054e-01,0.000000000000000000e+00,0.000000000000000000e+00,5.416299999999999448e-01,5.415400000000000214e-01,0.000000000000000000e+00,5.481200000000000516e-01,5.405400000000000205e-01,5.441300000000000026e-01,5.517999999999999572e-01,5.474200000000000177e-01,0.000000000000000000e+00,0.000000000000000000e+00,5.629300000000000415e-01
0.000000000000000000e+00,0.000000000000000000e+00,0.000000000000000000e+00,5.460700000000000554e-01,5.517300000000000537e-01,0.000000000000000000e+00,5.569300000000000361e-01,0.000000000000000000e+00,5.434299999999999686e-01,0.000000000000000000e+00,5.408300000000000329e-01,0.000000000000000000e+00,5.468699999999999672e-01,5.552399999999999558e-01,0.000000000000000000e+00,0.000000000000000000e+00,0.000000000000000000e+00,0.000000000000000000e+00,0.000000000000000000e+00,0.000000000000000000e+00,0.000000000000000000e+00,0.000000000000000000e+00,0.000000000000000000e+00,0.000000000000000000e+00,0.000000000000000000e+00,0.000000000000000000e+00,0.000000000000000000e+00,0.000000000000000000e+00,0.000000000000000000e+00,0.000000000000000000e+00,0.000000000000000000e+00,5.474599999999999467e-01,5.748699999999999921e-01,0.000000000000000000e+00,5.637100000000000444e-01,5.615200000000000191e-01,5.619199999999999751e-01,0.000000000000000000e+00,5.554000000000000048e-01,5.687799999999999523e-01,5.662000000000000366e-01,5.642700000000000493e-01,5.531199999999999450e-01,5.450300000000000145e-01,0.000000000000000000e+00,0.000000000000000000e+00,0.000000000000000000e+00,0.000000000000000000e+00,5.557999999999999607e-01,5.623899999999999455e-01,0.000000000000000000e+00,5.616600000000000481e-01,0.000000000000000000e+00,0.000000000000000000e+00,5.532799999999999940e-01,0.000000000000000000e+00,0.000000000000000000e+00,5.470500000000000362e-01,5.647799999999999487e-01,0.000000000000000000e+00,0.000000000000000000e+00,0.000000000000000000e+00,0.000000000000000000e+00,0.000000000000000000e+00,0.000000000000000000e+00,0.000000000000000000e+00,0.000000000000000000e+00,0.000000000000000000e+00,0.000000000000000000e+00,0.000000000000000000e+00,0.000000000000000000e+00,0.000000000000000000e+00,0.000000000000000000e+00,0.000000000000000000e+00,0.000000000000000000e+00,5.464999999999999858e-01
0.000000000000000000e+00,0.000000000000000000e+00,0.000000000000000000e+00,5.474599999999999467e-01,5.529199999999999671e-01,0.000000000000000000e+00,5.593700000000000339e-01,0.000000000000000000e+00,5.463400000000000478e-01,5.408300000000000329e-01,5.421799999999999953e-01,0.000000000000000000e+00,5.498800000000000354e-01,5.559199999999999697e-01,0.000000000000000000e+00,0.000000000000000000e+00,5.439000000000000501e-01,0.000000000000000000e+00,0.000000000000000000e+00,0.000000000000000000e+00,5.426600000000000312e-01,0.000000000000000000e+00,0.000000000000000000e+00,0.000000000000000000e+00,0.000000000000000000e+00,0.000000000000000000e+00,0.000000000000000000e+00,0.000000000000000000e+00,0.000000000000000000e+00,0.000000000000000000e+00,0.000000000000000000e+00,5.606700000000000017e-01,5.815599999999999659e-01,5.484499999999999931e-01,5.756599999999999495e-01,5.609300000000000397e-01,5.622300000000000075e-01,0.000000000000000000e+00,5.654599999999999627e-01,5.653799999999999937e-01,5.765200000000000324e-01,5.695000000000000062e-01,5.544700000000000184e-01,5.465700000000000003e-01,0.000000000000000000e+00,0.000000000000000000e+00,0.000000000000000000e+00,0.000000000000000000e+00,5.608999999999999542e-01,5.685799999999999743e-01,0.000000000000000000e+00,5.652700000000000502e-01,5.483299999999999841e-01,5.418199999999999683e-01,5.597199999999999953e-01,0.000000000000000000e+00,0.000000000000000000e+00,5.485600000000000476e-01,5.630100000000000104e-01,0.000000000000000000e+00,5.412500000000000089e-01,0.000000000000000000e+00,0.000000000000000000e+00,0.000000000000000000e+00,0.000000000000000000e+00,0.000000000000000000e+00,0.000000000000000000e+00,0.000000000000000000e+00,0.000000000000000000e+00,0.000000000000000000e+00,0.000000000000000000e+00,0.000000000000000000e+00,0.000000000000000000e+00,0.000000000000000000e+00,0.000000000000000000e+00,5.512799999999999923e-01
0.000000000000000000e+00,0.000000000000000000e+00,0.000000000000000000e+00,0.000000000000000000e+00,0.000000000000000000e+00,0.000000000000000000e+00,0.000000000000000000e+00,0.000000000000000000e+00,0.000000000000000000e+00,0.000000000000000000e+00,0.000000000000000000e+00,0.000000000000000000e+00,0.000000000000000000e+00,0.000000000000000000e+00,0.000000000000000000e+00,0.000000000000000000e+00,0.000000000000000000e+00,0.000000000000000000e+00,0.000000000000000000e+00,0.000000000000000000e+00,0.000000000000000000e+00,0.000000000000000000e+00,0.000000000000000000e+00,0.000000000000000000e+00,0.000000000000000000e+00,0.000000000000000000e+00,0.000000000000000000e+00,0.000000000000000000e+00,0.000000000000000000e+00,0.000000000000000000e+00,0.000000000000000000e+00,0.000000000000000000e+00,0.000000000000000000e+00,0.000000000000000000e+00,0.000000000000000000e+00,0.000000000000000000e+00,0.000000000000000000e+00,0.000000000000000000e+00,0.000000000000000000e+00,0.000000000000000000e+00,0.000000000000000000e+00,0.000000000000000000e+00,0.000000000000000000e+00,0.000000000000000000e+00,0.000000000000000000e+00,0.000000000000000000e+00,0.000000000000000000e+00,0.000000000000000000e+00,0.000000000000000000e+00,0.000000000000000000e+00,0.000000000000000000e+00,0.000000000000000000e+00,0.000000000000000000e+00,0.000000000000000000e+00,0.000000000000000000e+00,0.000000000000000000e+00,0.000000000000000000e+00,0.000000000000000000e+00,0.000000000000000000e+00,0.000000000000000000e+00,0.000000000000000000e+00,0.000000000000000000e+00,0.000000000000000000e+00,0.000000000000000000e+00,0.000000000000000000e+00,0.000000000000000000e+00,0.000000000000000000e+00,0.000000000000000000e+00,0.000000000000000000e+00,0.000000000000000000e+00,0.000000000000000000e+00,0.000000000000000000e+00,0.000000000000000000e+00,0.000000000000000000e+00,0.000000000000000000e+00,0.000000000000000000e+00
0.000000000000000000e+00,5.551599999999999868e-01,0.000000000000000000e+00,5.625799999999999690e-01,5.671199999999999575e-01,5.584400000000000475e-01,5.759400000000000075e-01,0.000000000000000000e+00,5.622399999999999620e-01,5.468600000000000128e-01,5.498800000000000354e-01,0.000000000000000000e+00,5.671800000000000175e-01,5.665499999999999980e-01,0.000000000000000000e+00,5.505499999999999838e-01,5.586900000000000199e-01,5.491599999999999815e-01,0.000000000000000000e+00,5.508499999999999508e-01,5.541000000000000369e-01,5.491800000000000015e-01,0.000000000000000000e+00,0.000000000000000000e+00,5.559199999999999697e-01,5.458899999999999864e-01,5.449000000000000510e-01,5.440800000000000081e-01,5.492099999999999760e-01,0.000000000000000000e+00,0.000000000000000000e+00,5.846200000000000285e-01,6.046000000000000263e-01,5.579100000000000170e-01,5.925300000000000011e-01,5.736799999999999677e-01,5.770600000000000174e-01,0.000000000000000000e+00,5.922399999999999887e-01,5.880699999999999816e-01,5.859499999999999709e-01,5.924300000000000122e-01,5.674200000000000355e-01,5.649699999999999722e-01,5.433599999999999541e-01,5.452000000000000179e-01,5.469199999999999617e-01,0.000000000000000000e+00,5.807299999999999685e-01,5.826900000000000412e-01,5.487300000000000511e-01,5.847499999999999920e-01,5.566999999999999726e-01,5.580500000000000460e-01,5.732500000000000373e-01,5.482599999999999696e-01,0.000000000000000000e+00,5.689100000000000268e-01,5.822000000000000508e-01,0.000000000000000000e+00,5.576799999999999535e-01,5.444299999999999695e-01,5.449500000000000455e-01,0.000000000000000000e+00,0.000000000000000000e+00,5.451500000000000234e-01,5.429500000000000437e-01,0.000000000000000000e+00,5.506100000000000438e-01,5.457999999999999519e-01,5.472700000000000342e-01,5.555700000000000083e-01,5.488800000000000345e-01,0.000000000000000000e+00,0.000000000000000000e+00,5.643899999999999473e-01
0.000000000000000000e+00,5.503000000000000114e-01,5.447999999999999510e-01,5.705400000000000471e-01,5.689600000000000213e-01,5.570599999999999996e-01,5.753899999999999570e-01,0.000000000000000000e+00,5.662599999999999856e-01,5.552399999999999558e-01,5.559199999999999697e-01,0.000000000000000000e+00,5.665499999999999980e-01,5.694000000000000172e-01,5.471099999999999852e-01,5.523700000000000276e-01,5.602000000000000313e-01,5.491200000000000525e-01,5.491599999999999815e-01,5.500800000000000134e-01,5.549899999999999833e-01,5.473000000000000087e-01,0.000000000000000000e+00,5.420599999999999863e-01,5.573000000000000176e-01,5.494299999999999740e-01,5.471700000000000452e-01,5.464200000000000168e-01,5.453500000000000014e-01,0.000000000000000000e+00,5.427300000000000457e-01,5.825099999999999723e-01,5.987400000000000500e-01,5.635099999999999554e-01,5.976500000000000146e-01,5.716400000000000370e-01,5.764899999999999469e-01,5.508800000000000363e-01,5.867599999999999483e-01,5.812599999999999989e-01,5.961800000000000432e-01,5.948099999999999499e-01,5.683000000000000274e-01,5.688499999999999668e-01,5.580100000000000060e-01,5.468100000000000183e-01,5.461300000000000043e-01,5.430899999999999617e-01,5.852300000000000280e-01,5.838499999999999801e-01,5.475200000000000067e-01,5.848999999999999755e-01,5.670800000000000285e-01,5.562399999999999567e-01,5.769199999999999884e-01,5.519300000000000317e-01,5.449899999999999745e-01,5.662199999999999456e-01,5.779900000000000038e-01,0.000000000000000000e+00,5.594799999999999773e-01,5.430300000000000127e-01,0.000000000000000000e+00,0.000000000000000000e+00,5.416199999999999903e-01,5.505999999999999783e-01,5.454200000000000159e-01,0.000000000000000000e+00,5.578100000000000280e-01,5.437999999999999501e-01,5.520100000000000007e-01,5.559100000000000152e-01,5.486799999999999455e-01,0.000000000000000000e+00,0.000000000000000000e+00,5.707200000000000051e-01
0.000000000000000000e+00,0.000000000000000000e+00,0.000000000000000000e+00,5.485400000000000276e-01,0.000000000000000000e+00,0.000000000000000000e+00,5.408199999999999674e-01,0.000000000000000000e+00,0.000000000000000000e+00,0.000000000000000000e+00,0.000000000000000000e+00,0.000000000000000000e+00,0.000000000000000000e+00,5.471099999999999852e-01,0.000000000000000000e+00,0.000000000000000000e+00,0.000000000000000000e+00,0.000000000000000000e+00,0.000000000000000000e+00,0.000000000000000000e+00,0.000000000000000000e+00,0.000000000000000000e+00,0.000000000000000000e+00,0.000000000000000000e+00,0.000000000000000000e+00,0.000000000000000000e+00,0.000000000000000000e+00,0.000000000000000000e+00,0.000000000000000000e+00,0.000000000000000000e+00,0.000000000000000000e+00,5.414499999999999869e-01,5.668699999999999850e-01,0.000000000000000000e+00,5.575400000000000356e-01,5.453999999999999959e-01,5.412700000000000289e-01,0.000000000000000000e+00,5.469100000000000072e-01,5.522700000000000387e-01,5.653500000000000192e-01,5.547199999999999909e-01,0.000000000000000000e+00,5.421399999999999553e-01,0.000000000000000000e+00,0.000000000000000000e+00,0.000000000000000000e+00,0.000000000000000000e+00,5.505600000000000493e-01,5.460500000000000353e-01,0.000000000000000000e+00,5.468800000000000328e-01,5.494599999999999485e-01,0.000000000000000000e+00,0.000000000000000000e+00,0.000000000000000000e+00,0.000000000000000000e+00,0.000000000000000000e+00,5.450899999999999634e-01,0.000000000000000000e+00,0.000000000000000000e+00,0.000000000000000000e+00,0.000000000000000000e+00,0.000000000000000000e+00,0.000000000000000000e+00,0.000000000000000000e+00,0.000000000000000000e+00,0.000000000000000000e+00,0.000000000000000000e+00,0.000000000000000000e+00,0.000000000000000000e+00,0.000000000000000000e+00,0.000000000000000000e+00,0.000000000000000000e+00,0.000000000000000000e+00,5.425799999999999512e-01
0.000000000000000000e+00,5.405400000000000205e-01,0.000000000000000000e+00,5.487999999999999545e-01,5.467400000000000038e-01,5.441799999999999971e-01,5.544900000000000384e-01,0.000000000000000000e+00,5.488199999999999745e-01,0.000000000000000000e+00,0.000000000000000000e+00,0.000000000000000000e+00,5.505499999999999838e-01,5.523700000000000276e-01,0.000000000000000000e+00,0.000000000000000000e+00,0.000000000000000000e+00,0.000000000000000000e+00,0.000000000000000000e+00,0.000000000000000000e+00,0.000000000000000000e+00,0.000000000000000000e+00,0.000000000000000000e+00,0.000000000000000000e+00,5.405999999999999694e-01,0.000000000000000000e+00,0.000000000000000000e+00,0.000000000000000000e+00,0.000000000000000000e+00,0.000000000000000000e+00,0.000000000000000000e+00,5.620600000000000041e-01,5.842300000000000271e-01,5.476799999999999446e-01,5.754700000000000371e-01,5.560100000000000042e-01,5.616700000000000026e-01,0.000000000000000000e+00,5.599600000000000133e-01,5.629399999999999959e-01,5.646499999999999853e-01,5.579499999999999460e-01,5.561599999999999877e-01,5.547400000000000109e-01,0.000000000000000000e+00,0.000000000000000000e+00,0.000000000000000000e+00,0.000000000000000000e+00,5.701600000000000001e-01,5.601300000000000168e-01,5.403599999999999515e-01,5.639699999999999713e-01,5.460000000000000409e-01,5.420700000000000518e-01,5.539699999999999624e-01,0.000000000000000000e+00,0.000000000000000000e+00,5.504200000000000204e-01,5.649499999999999522e-01,0.000000000000000000e+00,5.440899999999999626e-01,0.000000000000000000e+00,0.000000000000000000e+00,0.000000000000000000e+00,0.000000000000000000e+00,0.000000000000000000e+00,0.000000000000000000e+00,0.000000000000000000e+00,0.000000000000000000e+00,0.000000000000000000e+00,0.000000000000000000e+00,5.406900000000000039e-01,0.000000000000000000e+00,0.000000000000000000e+00,0.000000000000000000e+00,5.495999999999999774e-01
0.000000000000000000e+00,5.517400000000000082e-01,0.000000000000000000e+00,5.560800000000000187e-01,5.654000000000000137e-01,5.469899999999999762e-01,5.700300000000000367e-01,0.000000000000000000e+00,5.516600000000000392e-01,0.000000000000000000e+00,5.439000000000000501e-01,0.000000000000000000e+00,5.586900000000000199e-01,5.602000000000000313e-01,0.000000000000000000e+00,0.000000000000000000e+00,5.443099999999999605e-01,5.408199999999999674e-01,0.000000000000000000e+00,5.429100000000000037e-01,5.470599999999999907e-01,5.429800000000000182e-01,0.000000000000000000e+00,0.000000000000000000e+00,5.491399999999999615e-01,0.000000000000000000e+00,0.000000000000000000e+00,0.000000000000000000e+00,5.413599999999999524e-01,0.000000000000000000e+00,0.000000000000000000e+00,5.758999999999999675e-01,5.948499999999999899e-01,5.461500000000000243e-01,5.835399999999999476e-01,5.675099999999999589e-01,5.701699999999999546e-01,0.000000000000000000e+00,5.759699999999999820e-01,5.810300000000000464e-01,5.738199999999999967e-01,5.762300000000000200e-01,5.570599999999999996e-01,5.496400000000000174e-01,0.000000000000000000e+00,0.000000000000000000e+00,5.403000000000000025e-01,0.000000000000000000e+00,5.697200000000000042e-01,5.741300000000000292e-01,5.415999999999999703e-01,5.767299999999999649e-01,0.000000000000000000e+00,5.518999999999999462e-01,5.613700000000000356e-01,5.420800000000000063e-01,0.000000000000000000e+00,5.613500000000000156e-01,5.731800000000000228e-01,0.000000000000000000e+00,5.488499999999999490e-01,0.000000000000000000e+00,5.408199999999999674e-01,0.000000000000000000e+00,0.000000000000000000e+00,0.000000000000000000e+00,0.000000000000000000e+00,0.000000000000000000e+00,0.000000000000000000e+00,0.000000000000000000e+00,0.000000000000000000e+00,5.493799999999999795e-01,5.445200000000000040e-01,0.000000000000000000e+00,0.000000000000000000e+00,5.551800000000000068e-01
0.000000000000000000e+00,5.404299999999999660e-01,0.000000000000000000e+00,5.482599999999999696e-01,5.486900000000000110e-01,5.412500000000000089e-01,5.544000000000000039e-01,0.000000000000000000e+00,5.479100000000000081e-01,0.000000000000000000e+00,0.000000000000000000e+00,0.000000000000000000e+00,5.491599999999999815e-01,5.491099999999999870e-01,0.000000000000000000e+00,0.000000000000000000e+00,5.408199999999999674e-01,0.000000000000000000e+00,0.000000000000000000e+00,0.000000000000000000e+00,0.000000000000000000e+00,0.000000000000000000e+00,0.000000000000000000e+00,0.000000000000000000e+00,5.418300000000000338e-01,0.000000000000000000e+00,0.000000000000000000e+00,0.000000000000000000e+00,0.000000000000000000e+00,0.000000000000000000e+00,0.000000000000000000e+00,5.572599999999999776e-01,5.898600000000000509e-01,5.446800000000000530e-01,5.746400000000000396e-01,5.546999999999999709e-01,5.540100000000000025e-01,0.000000000000000000e+00,5.668699999999999850e-01,5.626600000000000490e-01,5.702199999999999491e-01,5.708600000000000341e-01,5.529500000000000526e-01,5.480599999999999916e-01,0.000000000000000000e+00,0.000000000000000000e+00,0.000000000000000000e+00,0.000000000000000000e+00,5.684799999999999853e-01,5.630600000000000049e-01,0.000000000000000000e+00,5.661100000000000021e-01,5.406400000000000095e-01,5.434600000000000541e-01,5.489800000000000235e-01,0.000000000000000000e+00,0.000000000000000000e+00,5.508499999999999508e-01,5.634599999999999609e-01,0.000000000000000000e+00,5.480800000000000116e-01,0.000000000000000000e+00,0.000000000000000000e+00,0.000000000000000000e+00,0.000000000000000000e+00,0.000000000000000000e+00,0.000000000000000000e+00,0.000000000000000000e+00,0.000000000000000000e+00,0.000000000000000000e+00,0.000000000000000000e+00,5.409300000000000219e-01,0.000000000000000000e+00,0.000000000000000000e+00,0.000000000000000000e+00,5.498499999999999499e-01
0.000000000000000000e+00,0.000000000000000000e+00,0.000000000000000000e+00,5.435400000000000231e-01,0.000000000000000000e+00,0.000000000000000000e+00,5.473400000000000487e-01,0.000000000000000000e+00,0.000000000000000000e+00,0.000000000000000000e+00,0.000000000000000000e+00,0.000000000000000000e+00,0.000000000000000000e+00,5.491599999999999815e-01,0.000000000000000000e+00,0.000000000000000000e+00,0.000000000000000000e+00,0.000000000000000000e+00,0.000000000000000000e+00,0.000000000000000000e+00,0.000000000000000000e+00,0.000000000000000000e+00,0.000000000000000000e+00,0.000000000000000000e+00,0.000000000000000000e+00,0.000000000000000000e+00,0.000000000000000000e+00,0.000000000000000000e+00,0.000000000000000000e+00,0.000000000000000000e+00,0.000000000000000000e+00,5.489699999999999580e-01,5.722500000000000364e-01,5.430700000000000527e-01,5.663899999999999491e-01,5.523599999999999621e-01,5.532200000000000450e-01,0.000000000000000000e+00,5.567900000000000071e-01,5.505600000000000493e-01,5.708699999999999886e-01,5.564400000000000457e-01,5.515299999999999647e-01,5.432399999999999451e-01,0.000000000000000000e+00,0.000000000000000000e+00,0.000000000000000000e+00,0.000000000000000000e+00,5.551399999999999668e-01,5.542099999999999804e-01,0.000000000000000000e+00,5.525400000000000311e-01,5.440099999999999936e-01,0.000000000000000000e+00,5.486900000000000110e-01,0.000000000000000000e+00,0.000000000000000000e+00,0.000000000000000000e+00,5.531800000000000050e-01,0.000000000000000000e+00,0.000000000000000000e+00,0.000000000000000000e+00,0.000000000000000000e+00,0.000000000000000000e+00,0.000000000000000000e+00,0.000000000000000000e+00,0.000000000000000000e+00,0.000000000000000000e+00,0.000000000000000000e+00,0.000000000000000000e+00,0.000000000000000000e+00,0.000000000000000000e+00,0.000000000000000000e+00,0.000000000000000000e+00,0.000000000000000000e+00,5.473900000000000432e-01
0.000000000000000000e+00,5.426900000000000057e-01,0.000000000000000000e+00,5.483700000000000241e-01,5.467800000000000438e-01,5.416499999999999648e-01,5.570800000000000196e-01,0.000000000000000000e+00,5.450300000000000145e-01,0.000000000000000000e+00,0.000000000000000000e+00,0.000000000000000000e+00,5.508600000000000163e-01,5.500800000000000134e-01,0.000000000000000000e+00,0.000000000000000000e+00,5.429100000000000037e-01,0.000000000000000000e+00,0.000000000000000000e+00,0.000000000000000000e+00,0.000000000000000000e+00,0.000000000000000000e+00,0.000000000000000000e+00,0.000000000000000000e+00,0.000000000000000000e+00,0.000000000000000000e+00,0.000000000000000000e+00,0.000000000000000000e+00,0.000000000000000000e+00,0.000000000000000000e+00,0.000000000000000000e+00,5.605400000000000382e-01,5.836099999999999621e-01,5.438699999999999646e-01,5.768499999999999739e-01,5.579199999999999715e-01,5.619300000000000406e-01,0.000000000000000000e+00,5.658400000000000096e-01,5.653399999999999537e-01,5.684099999999999708e-01,5.724500000000000144e-01,5.544599999999999529e-01,5.466400000000000148e-01,0.000000000000000000e+00,0.000000000000000000e+00,0.000000000000000000e+00,0.000000000000000000e+00,5.631300000000000194e-01,5.636499999999999844e-01,0.000000000000000000e+00,5.644099999999999673e-01,0.000000000000000000e+00,5.443799999999999750e-01,5.543200000000000349e-01,0.000000000000000000e+00,0.000000000000000000e+00,5.516900000000000137e-01,5.653500000000000192e-01,0.000000000000000000e+00,5.470399999999999707e-01,0.000000000000000000e+00,0.000000000000000000e+00,0.000000000000000000e+00,0.000000000000000000e+00,0.000000000000000000e+00,0.000000000000000000e+00,0.000000000000000000e+00,0.000000000000000000e+00,0.000000000000000000e+00,0.000000000000000000e+00,5.415200000000000014e-01,0.000000000000000000e+00,0.000000000000000000e+00,0.000000000000000000e+00,5.491700000000000470e-01
0.000000000000000000e+00,0.000000000000000000e+00,0.000000000000000000e+00,5.487800000000000455e-01,5.541000000000000369e-01,0.000000000000000000e+00,5.610600000000000032e-01,0.000000000000000000e+00,5.490099999999999980e-01,0.000000000000000000e+00,5.426600000000000312e-01,0.000000000000000000e+00,5.541000000000000369e-01,5.549899999999999833e-01,0.000000000000000000e+00,0.000000000000000000e+00,5.470599999999999907e-01,0.000000000000000000e+00,0.000000000000000000e+00,0.000000000000000000e+00,5.527699999999999836e-01,0.000000000000000000e+00,0.000000000000000000e+00,0.000000000000000000e+00,5.416199999999999903e-01,0.000000000000000000e+00,0.000000000000000000e+00,0.000000000000000000e+00,0.000000000000000000e+00,0.000000000000000000e+00,0.000000000000000000e+00,5.722000000000000419e-01,5.929600000000000426e-01,5.458600000000000119e-01,5.748299999999999521e-01,5.582000000000000295e-01,5.628600000000000270e-01,0.000000000000000000e+00,5.788999999999999702e-01,5.682199999999999473e-01,5.734000000000000208e-01,5.742300000000000182e-01,5.548399999999999999e-01,5.517199999999999882e-01,0.000000000000000000e+00,0.000000000000000000e+00,0.000000000000000000e+00,0.000000000000000000e+00,5.691899999999999737e-01,5.731399999999999828e-01,0.000000000000000000e+00,5.725500000000000034e-01,5.468199999999999728e-01,5.424200000000000133e-01,5.592300000000000049e-01,0.000000000000000000e+00,0.000000000000000000e+00,5.541300000000000114e-01,5.653200000000000447e-01,0.000000000000000000e+00,5.453000000000000069e-01,0.000000000000000000e+00,0.000000000000000000e+00,0.000000000000000000e+00,0.000000000000000000e+00,5.446400000000000130e-01,0.000000000000000000e+00,0.000000000000000000e+00,0.000000000000000000e+00,0.000000000000000000e+00,0.000000000000000000e+00,5.408399999999999874e-01,0.000000000000000000e+00,0.000000000000000000e+00,0.000000000000000000e+00,5.514200000000000212e-01
