0.000000000000000000e+00,0.000000000000000000e+00,0.000000000000000000e+00,0.000000000000000000e+00,0.000000000000000000e+00,0.000000000000000000e+00,0.000000000000000000e+00,0.000000000000000000e+00,0.000000000000000000e+00,5.412099999999999689e-01,0.000000000000000000e+00,0.000000000000000000e+00,0.000000000000000000e+00,0.000000000000000000e+00,0.000000000000000000e+00,0.000000000000000000e+00,0.000000000000000000e+00,0.000000000000000000e+00,0.000000000000000000e+00,0.000000000000000000e+00,0.000000000000000000e+00,0.000000000000000000e+00,0.000000000000000000e+00,0.000000000000000000e+00,0.000000000000000000e+00,0.000000000000000000e+00,0.000000000000000000e+00,0.000000000000000000e+00,0.000000000000000000e+00,0.000000000000000000e+00,0.000000000000000000e+00,0.000000000000000000e+00,0.000000000000000000e+00,0.000000000000000000e+00,0.000000000000000000e+00,0.000000000000000000e+00,0.000000000000000000e+00,0.000000000000000000e+00,5.433999999999999941e-01,0.000000000000000000e+00,0.000000000000000000e+00,0.000000000000000000e+00,0.000000000000000000e+00,0.000000000000000000e+00,0.000000000000000000e+00,0.000000000000000000e+00,0.000000000000000000e+00,0.000000000000000000e+00,0.000000000000000000e+00,0.000000000000000000e+00,0.000000000000000000e+00,0.000000000000000000e+00,5.418100000000000138e-01,0.000000000000000000e+00,0.000000000000000000e+00,0.000000000000000000e+00,0.000000000000000000e+00,0.000000000000000000e+00,0.000000000000000000e+00,0.000000000000000000e+00,0.000000000000000000e+00,0.000000000000000000e+00,0.000000000000000000e+00,0.000000000000000000e+00,0.000000000000000000e+00,0.000000000000000000e+00,0.000000000000000000e+00,0.000000000000000000e+00,0.000000000000000000e+00,0.000000000000000000e+00,0.000000000000000000e+00,0.000000000000000000e+00,0.000000000000000000e+00,0.000000000000000000e+00,0.000000000000000000e+00,0.000000000000000000e+00
0.000000000000000000e+00,5.640300000000000313e-01,0.000000000000000000e+00,5.892800000000000260e-01,5.682199999999999473e-01,5.504900000000000349e-01,5.711100000000000065e-01,5.772300000000000209e-01,5.598199999999999843e-01,5.935799999999999965e-01,5.477400000000000047e-01,5.818999999999999728e-01,5.669699999999999740e-01,5.539899999999999824e-01,5.676400000000000334e-01,5.639199999999999768e-01,5.657600000000000406e-01,5.815399999999999459e-01,5.461799999999999988e-01,5.412799999999999834e-01,5.591599999999999904e-01,5.595999999999999863e-01,5.661100000000000021e-01,5.581599999999999895e-01,5.734099999999999753e-01,5.544400000000000439e-01,0.000000000000000000e+00,5.661899999999999711e-01,5.516999999999999682e-01,5.664000000000000146e-01,5.547299999999999454e-01,5.834099999999999842e-01,5.961899999999999977e-01,5.619699999999999696e-01,5.821199999999999708e-01,5.687600000000000433e-01,5.777099999999999458e-01,5.751600000000000046e-01,5.954399999999999693e-01,5.987400000000000500e-01,5.752199999999999536e-01,5.909799999999999498e-01,5.601300000000000168e-01,5.818499999999999783e-01,5.834399999999999586e-01,0.000000000000000000e+00,0.000000000000000000e+00,5.693200000000000482e-01,5.798600000000000421e-01,5.651100000000000012e-01,5.743099999999999872e-01,5.776000000000000023e-01,5.601599999999999913e-01,5.720300000000000384e-01,5.827799999999999647e-01,5.472500000000000142e-01,5.711300000000000265e-01,5.675400000000000444e-01,5.690100000000000158e-01,5.554499999999999993e-01,0.000000000000000000e+00,5.749999999999999556e-01,5.626499999999999835e-01,5.591899999999999649e-01,0.000000000000000000e+00,0.000000000000000000e+00,0.000000000000000000e+00,5.557800000000000518e-01,5.437899999999999956e-01,5.578899999999999970e-01,5.568899999999999961e-01,5.430199999999999472e-01,5.434600000000000541e-01,0.000000000000000000e+00,0.000000000000000000e+00,5.484599999999999476e-01
0.000000000000000000e+00,0.000000000000000000e+00,0.000000000000000000e+00,5.531099999999999905e-01,5.454400000000000359e-01,0.000000000000000000e+00,5.464299999999999713e-01,5.525299999999999656e-01,0.000000000000000000e+00,5.519500000000000517e-01,0.000000000000000000e+00,5.467600000000000238e-01,5.425299999999999567e-01,0.000000000000000000e+00,5.404099999999999460e-01,0.000000000000000000e+00,0.000000000000000000e+00,5.509199999999999653e-01,0.000000000000000000e+00,0.000000000000000000e+00,0.000000000000000000e+00,0.000000000000000000e+00,0.000000000000000000e+00,0.000000000000000000e+00,5.443299999999999805e-01,0.000000000000000000e+00,0.000000000000000000e+00,5.421000000000000263e-01,0.000000000000000000e+00,0.000000000000000000e+00,0.000000000000000000e+00,5.525799999999999601e-01,5.640600000000000058e-01,5.425799999999999512e-01,5.560800000000000187e-01,0.000000000000000000e+00,5.424200000000000133e-01,5.418100000000000138e-01,5.557199999999999918e-01,5.588999999999999524e-01,5.477600000000000247e-01,5.580699999999999550e-01,0.000000000000000000e+00,5.428100000000000147e-01,5.526900000000000146e-01,0.000000000000000000e+00,0.000000000000000000e+00,5.497699999999999809e-01,5.522399999999999531e-01,5.463700000000000223e-01,5.479899999999999771e-01,5.533500000000000085e-01,5.446100000000000385e-01,5.471700000000000452e-01,5.428399999999999892e-01,0.000000000000000000e+00,5.416199999999999903e-01,5.449899999999999745e-01,5.474099999999999522e-01,0.000000000000000000e+00,0.000000000000000000e+00,5.416600000000000303e-01,0.000000000000000000e+00,0.000000000000000000e+00,0.000000000000000000e+00,0.000000000000000000e+00,0.000000000000000000e+00,0.000000000000000000e+00,0.000000000000000000e+00,0.000000000000000000e+00,0.000000000000000000e+00,0.000000000000000000e+00,0.000000000000000000e+00,0.000000000000000000e+00,0.000000000000000000e+00,0.000000000000000000e+00
0.000000000000000000e+00,5.892800000000000260e-01,5.531099999999999905e-01,6.224300000000000388e-01,5.949900000000000189e-01,5.695900000000000407e-01,5.963399999999999812e-01,6.021300000000000541e-01,5.768299999999999539e-01,6.168799999999999839e-01,5.666299999999999670e-01,6.109200000000000186e-01,5.921199999999999797e-01,5.812399999999999789e-01,5.871199999999999752e-01,5.851800000000000335e-01,5.870300000000000518e-01,6.033899999999999819e-01,5.587800000000000544e-01,5.548300000000000454e-01,5.866900000000000448e-01,5.742199999999999527e-01,5.835399999999999476e-01,5.836200000000000276e-01,5.966900000000000537e-01,5.768999999999999684e-01,5.496799999999999464e-01,5.892199999999999660e-01,5.713399999999999590e-01,5.751100000000000101e-01,5.761199999999999655e-01,6.201299999999999590e-01,6.284800000000000386e-01,5.895299999999999985e-01,6.146200000000000552e-01,5.935500000000000220e-01,6.014899999999999691e-01,6.027299999999999880e-01,6.247700000000000475e-01,6.321299999999999697e-01,6.072100000000000275e-01,6.154699999999999616e-01,5.823899999999999633e-01,6.212199999999999944e-01,6.102100000000000302e-01,0.000000000000000000e+00,5.430000000000000382e-01,5.905200000000000449e-01,6.096000000000000307e-01,5.958200000000000163e-01,5.961600000000000232e-01,6.053899999999999837e-01,5.963699999999999557e-01,5.952300000000000368e-01,6.058900000000000396e-01,5.700100000000000167e-01,6.027799999999999825e-01,5.906700000000000284e-01,5.926799999999999846e-01,5.808699999999999974e-01,5.454799999999999649e-01,5.947799999999999754e-01,5.780300000000000438e-01,5.809100000000000374e-01,5.406499999999999639e-01,5.714399999999999480e-01,0.000000000000000000e+00,5.786799999999999722e-01,5.644299999999999873e-01,5.799999999999999600e-01,5.797700000000000076e-01,5.579600000000000115e-01,5.607799999999999452e-01,5.467899999999999983e-01,5.507100000000000328e-01,5.688600000000000323e-01
0.000000000000000000e+00,5.682199999999999473e-01,5.454400000000000359e-01,5.949900000000000189e-01,5.773599999999999843e-01,5.520500000000000407e-01,5.805200000000000360e-01,5.720300000000000384e-01,5.595999999999999863e-01,6.035700000000000509e-01,5.570599999999999996e-01,5.925000000000000266e-01,5.754200000000000426e-01,5.645099999999999563e-01,5.678400000000000114e-01,5.696099999999999497e-01,5.727100000000000524e-01,5.857099999999999529e-01,5.504400000000000404e-01,5.409100000000000019e-01,5.604700000000000237e-01,5.603700000000000347e-01,5.675700000000000189e-01,5.650500000000000522e-01,5.780199999999999783e-01,5.577999999999999625e-01,0.000000000000000000e+00,5.727900000000000214e-01,5.559800000000000297e-01,5.710100000000000176e-01,5.617999999999999661e-01,5.922100000000000142e-01,6.032600000000000184e-01,5.740800000000000347e-01,5.954300000000000148e-01,5.769999999999999574e-01,5.806799999999999740e-01,5.858400000000000274e-01,6.063600000000000101e-01,6.020999999999999686e-01,5.877499999999999947e-01,6.003399999999999848e-01,5.723700000000000454e-01,5.922600000000000087e-01,5.945899999999999519e-01,0.000000000000000000e+00,0.000000000000000000e+00,5.749600000000000266e-01,5.887200000000000211e-01,5.774399999999999533e-01,5.787999999999999812e-01,5.851600000000000135e-01,5.678999999999999604e-01,5.782500000000000417e-01,5.955300000000000038e-01,5.562300000000000022e-01,5.822899999999999743e-01,5.735700000000000243e-01,5.775700000000000278e-01,5.534700000000000175e-01,0.000000000000000000e+00,5.818600000000000438e-01,5.659199999999999786e-01,5.680600000000000094e-01,0.000000000000000000e+00,5.426100000000000367e-01,0.000000000000000000e+00,5.603500000000000147e-01,5.459500000000000464e-01,5.666999999999999815e-01,5.580600000000000005e-01,5.432599999999999651e-01,5.505400000000000293e-01,0.000000000000000000e+00,5.458800000000000319e-01,5.552799999999999958e-01
0.000000000000000000e+00,5.504900000000000349e-01,0.000000000000000000e+00,5.695900000000000407e-01,5.520500000000000407e-01,0.000000000000000000e+00,5.515999999999999792e-01,5.544799999999999729e-01,5.414900000000000269e-01,5.655900000000000372e-01,0.000000000000000000e+00,5.599100000000000188e-01,5.495700000000000029e-01,0.000000000000000000e+00,5.519300000000000317e-01,5.441000000000000281e-01,0.000000000000000000e+00,5.580600000000000005e-01,0.000000000000000000e+00,0.000000000000000000e+00,0.000000000000000000e+00,5.416600000000000303e-01,5.468800000000000328e-01,5.426400000000000112e-01,5.526999999999999691e-01,0.000000000000000000e+00,0.000000000000000000e+00,5.481300000000000061e-01,0.000000000000000000e+00,5.419500000000000428e-01,5.439800000000000191e-01,5.622000000000000330e-01,5.758699999999999930e-01,5.538100000000000245e-01,5.676700000000000079e-01,5.477300000000000502e-01,5.547999999999999599e-01,5.542500000000000204e-01,5.627600000000000380e-01,5.742099999999999982e-01,5.603000000000000203e-01,5.654700000000000282e-01,5.412900000000000489e-01,5.666299999999999670e-01,5.599399999999999933e-01,0.000000000000000000e+00,0.000000000000000000e+00,5.544900000000000384e-01,5.628600000000000270e-01,5.495499999999999829e-01,5.576499999999999790e-01,5.601699999999999458e-01,5.434700000000000086e-01,5.559399999999999897e-01,5.579199999999999715e-01,0.000000000000000000e+00,5.524900000000000366e-01,5.492899999999999450e-01,5.515600000000000502e-01,5.417499999999999538e-01,0.000000000000000000e+00,5.512899999999999467e-01,5.433000000000000052e-01,5.467600000000000238e-01,0.000000000000000000e+00,0.000000000000000000e+00,0.000000000000000000e+00,5.410399999999999654e-01,0.000000000000000000e+00,0.000000000000000000e+00,5.408100000000000129e-01,0.000000000000000000e+00,0.000000000000000000e+00,0.000000000000000000e+00,0.000000000000000000e+00,0.000000000000000000e+00
0.000000000000000000e+00,5.711100000000000065e-01,5.464299999999999713e-01,5.963399999999999812e-01,5.805200000000000360e-01,5.515999999999999792e-01,5.821199999999999708e-01,5.818299999999999583e-01,5.612700000000000466e-01,6.069700000000000095e-01,5.606600000000000472e-01,5.957299999999999818e-01,5.765000000000000124e-01,5.658800000000000496e-01,5.662000000000000366e-01,5.731699999999999573e-01,5.771800000000000264e-01,5.903800000000000159e-01,5.515400000000000302e-01,5.410099999999999909e-01,5.627900000000000125e-01,5.615700000000000136e-01,5.710300000000000376e-01,5.670899999999999830e-01,5.812300000000000244e-01,5.591000000000000414e-01,0.000000000000000000e+00,5.758900000000000130e-01,5.545200000000000129e-01,5.729199999999999848e-01,5.630100000000000104e-01,5.964599999999999902e-01,6.056700000000000417e-01,5.736400000000000388e-01,5.932699999999999640e-01,5.799600000000000311e-01,5.814399999999999569e-01,5.820400000000000018e-01,6.114500000000000490e-01,6.045599999999999863e-01,5.887499999999999956e-01,6.032199999999999784e-01,5.729300000000000503e-01,5.950800000000000534e-01,5.924500000000000322e-01,0.000000000000000000e+00,0.000000000000000000e+00,5.756900000000000350e-01,5.932199999999999696e-01,5.813399999999999679e-01,5.792199999999999571e-01,5.909100000000000463e-01,5.728100000000000414e-01,5.783300000000000107e-01,5.968099999999999516e-01,5.557699999999999863e-01,5.854099999999999859e-01,5.769199999999999884e-01,5.797499999999999876e-01,5.521599999999999842e-01,0.000000000000000000e+00,5.835500000000000131e-01,5.692399999999999682e-01,5.646299999999999653e-01,0.000000000000000000e+00,5.475999999999999757e-01,0.000000000000000000e+00,5.603599999999999692e-01,5.484900000000000331e-01,5.658499999999999641e-01,5.602500000000000258e-01,5.445999999999999730e-01,5.522500000000000187e-01,0.000000000000000000e+00,5.460099999999999953e-01,5.557800000000000518e-01
0.000000000000000000e+00,5.772300000000000209e-01,5.525299999999999656e-01,6.021300000000000541e-01,5.720300000000000384e-01,5.544799999999999729e-01,5.818299999999999583e-01,5.889199999999999990e-01,5.622000000000000330e-01,5.965000000000000302e-01,5.558899999999999952e-01,5.902600000000000069e-01,5.739600000000000257e-01,5.613899999999999446e-01,5.780300000000000438e-01,5.752500000000000391e-01,5.710600000000000120e-01,5.878400000000000292e-01,5.539399999999999880e-01,5.481399999999999606e-01,5.754700000000000371e-01,5.639100000000000223e-01,5.759800000000000475e-01,5.652500000000000302e-01,5.772000000000000464e-01,5.646400000000000308e-01,0.000000000000000000e+00,5.725599999999999579e-01,5.544099999999999584e-01,5.635400000000000409e-01,5.608699999999999797e-01,5.876099999999999657e-01,6.064599999999999991e-01,5.732399999999999718e-01,5.904000000000000359e-01,5.770399999999999974e-01,5.843300000000000161e-01,5.750999999999999446e-01,5.984899999999999665e-01,6.028000000000000025e-01,5.833000000000000407e-01,5.936299999999999910e-01,5.630199999999999649e-01,5.882600000000000051e-01,5.884200000000000541e-01,0.000000000000000000e+00,0.000000000000000000e+00,5.787200000000000122e-01,5.967900000000000427e-01,5.843599999999999905e-01,5.791100000000000136e-01,5.896400000000000530e-01,5.807299999999999685e-01,5.777299999999999658e-01,5.846000000000000085e-01,5.567199999999999926e-01,5.809400000000000119e-01,5.757499999999999840e-01,5.759199999999999875e-01,5.718600000000000350e-01,0.000000000000000000e+00,5.794599999999999751e-01,5.687200000000000033e-01,5.622899999999999565e-01,0.000000000000000000e+00,5.683799999999999963e-01,0.000000000000000000e+00,5.662500000000000311e-01,5.512399999999999523e-01,5.643899999999999473e-01,5.710300000000000376e-01,5.469300000000000272e-01,5.501800000000000024e-01,0.000000000000000000e+00,0.000000000000000000e+00,5.524599999999999511e-01
0.000000000000000000e+00,5.598199999999999843e-01,0.000000000000000000e+00,5.768299999999999539e-01,5.595999999999999863e-01,5.414900000000000269e-01,5.612700000000000466e-01,5.622000000000000330e-01,5.533400000000000540e-01,5.781600000000000072e-01,0.000000000000000000e+00,5.637600000000000389e-01,5.582099999999999840e-01,5.469000000000000528e-01,5.534999999999999920e-01,5.577499999999999680e-01,5.565400000000000347e-01,5.706099999999999506e-01,0.000000000000000000e+00,0.000000000000000000e+00,5.461899999999999533e-01,5.535400000000000320e-01,5.543599999999999639e-01,5.472099999999999742e-01,5.652599999999999847e-01,5.473900000000000432e-01,0.000000000000000000e+00,5.587299999999999489e-01,5.471399999999999597e-01,5.585900000000000309e-01,5.496199999999999974e-01,5.674099999999999699e-01,5.795299999999999896e-01,5.534700000000000175e-01,5.692800000000000082e-01,5.593700000000000339e-01,5.678400000000000114e-01,5.625499999999999945e-01,5.717799999999999550e-01,5.807499999999999885e-01,5.605499999999999927e-01,5.707900000000000196e-01,5.503299999999999859e-01,5.677400000000000224e-01,5.689899999999999958e-01,0.000000000000000000e+00,0.000000000000000000e+00,5.597499999999999698e-01,5.698100000000000387e-01,5.552000000000000268e-01,5.620199999999999640e-01,5.669300000000000450e-01,5.523299999999999876e-01,5.658400000000000096e-01,5.693399999999999572e-01,5.433499999999999996e-01,5.573700000000000321e-01,5.583700000000000330e-01,5.622200000000000530e-01,5.432399999999999451e-01,0.000000000000000000e+00,5.611500000000000377e-01,5.534999999999999920e-01,5.546799999999999509e-01,0.000000000000000000e+00,0.000000000000000000e+00,0.000000000000000000e+00,5.480599999999999916e-01,0.000000000000000000e+00,5.507800000000000473e-01,5.468399999999999928e-01,0.000000000000000000e+00,0.000000000000000000e+00,0.000000000000000000e+00,0.000000000000000000e+00,5.415900000000000158e-01
5.412099999999999689e-01,5.935799999999999965e-01,5.519500000000000517e-01,6.168799999999999839e-01,6.035700000000000509e-01,5.655900000000000372e-01,6.069700000000000095e-01,5.965000000000000302e-01,5.781600000000000072e-01,6.303699999999999859e-01,5.773700000000000498e-01,6.135699999999999488e-01,5.964699999999999447e-01,5.846099999999999630e-01,5.896000000000000130e-01,5.876299999999999857e-01,5.998400000000000398e-01,6.094000000000000528e-01,5.684700000000000308e-01,5.537600000000000300e-01,5.818200000000000038e-01,5.807499999999999885e-01,5.923500000000000432e-01,5.789699999999999847e-01,6.015700000000000491e-01,5.761699999999999600e-01,5.515600000000000502e-01,5.953500000000000458e-01,5.693500000000000227e-01,5.989200000000000079e-01,5.772500000000000409e-01,6.119400000000000395e-01,6.279900000000000482e-01,5.896799999999999820e-01,6.094300000000000272e-01,6.079799999999999649e-01,6.089200000000000168e-01,6.021800000000000486e-01,6.294399999999999995e-01,6.364999999999999547e-01,6.088299999999999823e-01,6.194699999999999651e-01,5.964399999999999702e-01,6.168599999999999639e-01,6.064500000000000446e-01,0.000000000000000000e+00,5.481200000000000516e-01,5.853800000000000114e-01,6.182299999999999462e-01,5.938400000000000345e-01,5.893000000000000460e-01,6.106099999999999861e-01,5.797299999999999676e-01,5.922199999999999687e-01,6.250900000000000345e-01,5.700699999999999656e-01,6.015099999999999891e-01,5.955300000000000038e-01,6.004800000000000137e-01,5.642800000000000038e-01,5.491000000000000325e-01,6.078599999999999559e-01,5.874099999999999877e-01,5.824799999999999978e-01,5.461300000000000043e-01,5.564299999999999802e-01,0.000000000000000000e+00,5.732800000000000118e-01,5.507400000000000073e-01,5.847799999999999665e-01,5.752300000000000191e-01,5.604599999999999582e-01,5.698999999999999622e-01,5.527900000000000036e-01,5.710600000000000120e-01,5.721000000000000529e-01
0.000000000000000000e+00,5.477400000000000047e-01,0.000000000000000000e+00,5.666299999999999670e-01,5.570599999999999996e-01,0.000000000000000000e+00,5.606600000000000472e-01,5.558899999999999952e-01,0.000000000000000000e+00,5.773700000000000498e-01,0.000000000000000000e+00,5.668299999999999450e-01,5.527999999999999581e-01,5.461300000000000043e-01,5.446800000000000530e-01,5.479300000000000281e-01,5.515700000000000047e-01,5.609399999999999942e-01,0.000000000000000000e+00,0.000000000000000000e+00,5.424200000000000133e-01,0.000000000000000000e+00,5.471500000000000252e-01,5.425100000000000477e-01,5.550100000000000033e-01,0.000000000000000000e+00,0.000000000000000000e+00,5.504900000000000349e-01,0.000000000000000000e+00,5.492099999999999760e-01,0.000000000000000000e+00,5.577600000000000335e-01,5.701800000000000201e-01,5.476400000000000157e-01,5.641399999999999748e-01,5.578100000000000280e-01,5.609600000000000142e-01,5.566100000000000492e-01,5.680300000000000349e-01,5.716999999999999860e-01,5.577800000000000535e-01,5.666900000000000270e-01,5.513799999999999812e-01,5.635599999999999499e-01,5.595900000000000318e-01,0.000000000000000000e+00,0.000000000000000000e+00,5.494999999999999885e-01,5.694500000000000117e-01,5.579699999999999660e-01,5.505999999999999783e-01,5.614099999999999646e-01,5.469899999999999762e-01,5.530899999999999705e-01,5.703300000000000036e-01,0.000000000000000000e+00,5.562000000000000277e-01,5.510300000000000198e-01,5.564799999999999747e-01,0.000000000000000000e+00,0.000000000000000000e+00,5.596700000000000008e-01,5.443999999999999950e-01,5.431099999999999817e-01,0.000000000000000000e+00,0.000000000000000000e+00,0.000000000000000000e+00,0.000000000000000000e+00,0.000000000000000000e+00,5.442599999999999660e-01,0.000000000000000000e+00,0.000000000000000000e+00,0.000000000000000000e+00,0.000000000000000000e+00,0.000000000000000000e+00,0.000000000000000000e+00
0.000000000000000000e+00,5.818999999999999728e-01,5.467600000000000238e-01,6.109200000000000186e-01,5.925000000000000266e-01,5.599100000000000188e-01,5.957299999999999818e-01,5.902600000000000069e-01,5.637600000000000389e-01,6.135699999999999488e-01,5.668299999999999450e-01,6.073100000000000165e-01,5.831899999999999862e-01,5.735400000000000498e-01,5.852600000000000025e-01,5.710300000000000376e-01,5.772300000000000209e-01,5.941400000000000015e-01,5.574599999999999556e-01,5.445299999999999585e-01,5.805900000000000505e-01,5.652500000000000302e-01,5.836900000000000421e-01,5.747100000000000541e-01,5.867599999999999483e-01,5.665700000000000180e-01,5.442200000000000371e-01,5.809199999999999919e-01,5.561000000000000387e-01,5.773099999999999898e-01,5.698600000000000332e-01,6.057799999999999851e-01,6.254499999999999504e-01,5.914099999999999913e-01,6.103199999999999736e-01,5.951300000000000479e-01,6.008599999999999497e-01,5.942899999999999849e-01,6.206500000000000350e-01,6.315399999999999903e-01,6.107799999999999896e-01,6.160900000000000265e-01,5.811399999999999899e-01,6.109900000000000331e-01,6.071800000000000530e-01,0.000000000000000000e+00,0.000000000000000000e+00,5.813500000000000334e-01,6.103199999999999736e-01,5.905700000000000394e-01,5.846099999999999630e-01,6.024500000000000410e-01,5.787400000000000322e-01,5.809999999999999609e-01,6.066700000000000426e-01,5.604200000000000292e-01,5.973300000000000276e-01,5.846599999999999575e-01,5.863899999999999668e-01,5.691699999999999537e-01,0.000000000000000000e+00,5.952199999999999713e-01,5.735700000000000243e-01,5.691399999999999793e-01,0.000000000000000000e+00,5.619800000000000351e-01,0.000000000000000000e+00,5.683300000000000018e-01,5.552700000000000413e-01,5.704599999999999671e-01,5.706999999999999851e-01,5.507999999999999563e-01,5.558400000000000007e-01,5.410700000000000509e-01,5.507600000000000273e-01,5.636799999999999589e-01
0.000000000000000000e+00,5.669800000000000395e-01,5.425299999999999567e-01,5.921199999999999797e-01,5.754200000000000426e-01,5.495700000000000029e-01,5.765000000000000124e-01,5.739600000000000257e-01,5.582000000000000295e-01,5.964599999999999902e-01,5.527999999999999581e-01,5.831899999999999862e-01,5.709499999999999575e-01,5.603500000000000147e-01,5.610699999999999577e-01,5.670800000000000285e-01,5.688400000000000123e-01,5.851100000000000190e-01,5.470699999999999452e-01,0.000000000000000000e+00,5.597499999999999698e-01,5.587800000000000544e-01,5.651500000000000412e-01,5.591899999999999649e-01,5.767999999999999794e-01,5.558600000000000207e-01,0.000000000000000000e+00,5.697400000000000242e-01,5.522500000000000187e-01,5.696700000000000097e-01,5.580199999999999605e-01,5.902600000000000069e-01,5.961199999999999832e-01,5.627699999999999925e-01,5.823199999999999488e-01,5.726799999999999669e-01,5.755700000000000260e-01,5.690600000000000103e-01,6.001300000000000523e-01,5.969900000000000206e-01,5.746200000000000196e-01,5.915399999999999547e-01,5.676400000000000334e-01,5.868299999999999628e-01,5.812500000000000444e-01,0.000000000000000000e+00,0.000000000000000000e+00,5.713799999999999990e-01,5.862000000000000544e-01,5.734900000000000553e-01,5.757200000000000095e-01,5.826900000000000412e-01,5.660699999999999621e-01,5.748499999999999721e-01,5.860999999999999543e-01,5.525799999999999601e-01,5.750800000000000356e-01,5.718199999999999950e-01,5.773800000000000043e-01,5.504099999999999548e-01,0.000000000000000000e+00,5.762599999999999945e-01,5.658100000000000351e-01,5.613399999999999501e-01,0.000000000000000000e+00,5.433700000000000196e-01,0.000000000000000000e+00,5.571099999999999941e-01,5.461599999999999788e-01,5.615900000000000336e-01,5.565799999999999637e-01,5.420700000000000518e-01,5.484400000000000386e-01,0.000000000000000000e+00,5.446900000000000075e-01,5.520100000000000007e-01
0.000000000000000000e+00,5.539899999999999824e-01,0.000000000000000000e+00,5.812399999999999789e-01,5.645099999999999563e-01,0.000000000000000000e+00,5.658800000000000496e-01,5.613899999999999446e-01,5.469000000000000528e-01,5.846099999999999630e-01,5.461300000000000043e-01,5.735400000000000498e-01,5.603500000000000147e-01,5.475799999999999557e-01,5.543799999999999839e-01,5.519399999999999862e-01,5.549199999999999688e-01,5.668499999999999650e-01,0.000000000000000000e+00,0.000000000000000000e+00,5.481000000000000316e-01,5.428199999999999692e-01,5.514599999999999502e-01,5.491099999999999870e-01,5.613700000000000356e-01,5.424099999999999477e-01,0.000000000000000000e+00,5.568100000000000271e-01,5.433200000000000252e-01,5.549199999999999688e-01,5.465400000000000258e-01,5.683300000000000018e-01,5.814599999999999769e-01,5.550100000000000033e-01,5.763899999999999579e-01,5.612399999999999611e-01,5.693700000000000427e-01,5.688100000000000378e-01,5.798900000000000166e-01,5.858100000000000529e-01,5.695099999999999607e-01,5.801800000000000290e-01,5.591599999999999904e-01,5.774000000000000243e-01,5.741300000000000292e-01,0.000000000000000000e+00,0.000000000000000000e+00,5.575799999999999645e-01,5.717999999999999750e-01,5.638499999999999623e-01,5.606200000000000072e-01,5.674200000000000355e-01,5.535400000000000320e-01,5.618800000000000461e-01,5.786000000000000032e-01,5.442099999999999715e-01,5.625799999999999690e-01,5.578499999999999570e-01,5.635900000000000354e-01,0.000000000000000000e+00,0.000000000000000000e+00,5.626900000000000235e-01,5.490500000000000380e-01,5.536600000000000410e-01,0.000000000000000000e+00,0.000000000000000000e+00,0.000000000000000000e+00,5.434900000000000286e-01,0.000000000000000000e+00,5.503700000000000259e-01,5.430599999999999872e-01,0.000000000000000000e+00,0.000000000000000000e+00,0.000000000000000000e+00,0.000000000000000000e+00,0.000000000000000000e+00
0.000000000000000000e+00,5.676400000000000334e-01,5.404099999999999460e-01,5.871199999999999752e-01,5.678400000000000114e-01,5.519300000000000317e-01,5.662000000000000366e-01,5.780300000000000438e-01,5.534999999999999920e-01,5.896000000000000130e-01,5.446800000000000530e-01,5.852600000000000025e-01,5.610699999999999577e-01,5.543799999999999839e-01,5.775599999999999623e-01,5.561800000000000077e-01,5.582200000000000495e-01,5.783199999999999452e-01,5.460399999999999698e-01,0.000000000000000000e+00,5.606600000000000472e-01,5.572099999999999831e-01,5.705500000000000016e-01,5.619600000000000151e-01,5.710899999999999865e-01,5.553599999999999648e-01,0.000000000000000000e+00,5.623799999999999910e-01,5.467499999999999583e-01,5.566999999999999726e-01,5.564000000000000057e-01,5.654700000000000282e-01,6.070100000000000495e-01,5.767099999999999449e-01,5.906900000000000484e-01,5.694399999999999462e-01,5.727499999999999813e-01,5.821100000000000163e-01,5.834599999999999786e-01,6.010100000000000442e-01,5.890400000000000080e-01,5.880400000000000071e-01,5.620800000000000241e-01,5.803300000000000125e-01,5.827700000000000102e-01,0.000000000000000000e+00,0.000000000000000000e+00,5.738400000000000167e-01,5.892600000000000060e-01,5.631800000000000139e-01,5.729400000000000048e-01,5.755700000000000260e-01,5.564900000000000402e-01,5.684000000000000163e-01,5.797200000000000131e-01,5.439000000000000501e-01,5.714599999999999680e-01,5.656600000000000517e-01,5.625200000000000200e-01,5.642899999999999583e-01,0.000000000000000000e+00,5.739999999999999547e-01,5.617199999999999971e-01,5.636400000000000299e-01,0.000000000000000000e+00,0.000000000000000000e+00,0.000000000000000000e+00,5.591800000000000104e-01,5.440199999999999481e-01,5.514700000000000157e-01,5.582500000000000240e-01,5.434499999999999886e-01,0.000000000000000000e+00,0.000000000000000000e+00,0.000000000000000000e+00,5.507400000000000073e-01
0.000000000000000000e+00,5.639199999999999768e-01,0.000000000000000000e+00,5.851800000000000335e-01,5.696099999999999497e-01,5.441000000000000281e-01,5.731699999999999573e-01,5.752500000000000391e-01,5.577499999999999680e-01,5.876299999999999857e-01,5.479300000000000281e-01,5.710199999999999720e-01,5.670800000000000285e-01,5.519399999999999862e-01,5.561800000000000077e-01,5.572099999999999831e-01,5.658400000000000096e-01,5.782100000000000017e-01,0.000000000000000000e+00,0.000000000000000000e+00,5.593500000000000139e-01,5.547900000000000054e-01,5.628499999999999615e-01,5.510800000000000143e-01,5.691599999999999993e-01,5.514599999999999502e-01,0.000000000000000000e+00,5.659300000000000441e-01,5.456100000000000394e-01,5.638800000000000479e-01,5.521700000000000497e-01,5.911199999999999788e-01,5.941800000000000415e-01,5.606900000000000217e-01,5.743099999999999872e-01,5.620600000000000041e-01,5.718299999999999494e-01,5.573099999999999721e-01,5.910699999999999843e-01,5.914300000000000113e-01,5.695500000000000007e-01,5.826099999999999612e-01,5.565799999999999637e-01,5.862600000000000033e-01,5.768799999999999484e-01,0.000000000000000000e+00,0.000000000000000000e+00,5.626700000000000035e-01,5.799100000000000366e-01,5.663599999999999746e-01,5.694200000000000372e-01,5.794799999999999951e-01,5.650399999999999867e-01,5.694799999999999862e-01,5.770699999999999719e-01,5.483999999999999986e-01,5.648100000000000342e-01,5.679800000000000404e-01,5.683899999999999508e-01,5.495299999999999629e-01,0.000000000000000000e+00,5.683500000000000218e-01,5.589800000000000324e-01,5.538899999999999935e-01,0.000000000000000000e+00,5.444700000000000095e-01,0.000000000000000000e+00,5.537100000000000355e-01,5.406100000000000350e-01,5.567800000000000527e-01,5.546499999999999764e-01,0.000000000000000000e+00,5.455299999999999594e-01,0.000000000000000000e+00,5.423000000000000043e-01,5.447800000000000420e-01
0.000000000000000000e+00,5.657600000000000406e-01,0.000000000000000000e+00,5.870300000000000518e-01,5.727100000000000524e-01,0.000000000000000000e+00,5.771800000000000264e-01,5.710600000000000120e-01,5.565400000000000347e-01,5.998400000000000398e-01,5.515799999999999592e-01,5.772300000000000209e-01,5.688400000000000123e-01,5.549199999999999688e-01,5.582200000000000495e-01,5.658400000000000096e-01,5.738499999999999712e-01,5.858200000000000074e-01,5.435400000000000231e-01,0.000000000000000000e+00,5.626900000000000235e-01,5.585499999999999909e-01,5.632899999999999574e-01,5.495700000000000029e-01,5.744799999999999907e-01,5.521099999999999897e-01,0.000000000000000000e+00,5.700100000000000167e-01,5.473500000000000032e-01,5.767700000000000049e-01,5.470899999999999652e-01,5.790300000000000447e-01,5.881499999999999506e-01,5.482299999999999951e-01,5.671800000000000175e-01,5.718900000000000095e-01,5.738199999999999967e-01,5.655599999999999516e-01,5.905500000000000194e-01,5.918200000000000127e-01,5.622700000000000475e-01,5.799199999999999910e-01,5.670899999999999830e-01,5.805399999999999450e-01,5.625000000000000000e-01,0.000000000000000000e+00,0.000000000000000000e+00,5.589600000000000124e-01,5.811399999999999899e-01,5.640300000000000313e-01,5.622000000000000330e-01,5.773300000000000098e-01,5.573299999999999921e-01,5.674299999999999899e-01,5.907099999999999573e-01,5.492399999999999505e-01,5.675499999999999989e-01,5.641199999999999548e-01,5.737499999999999822e-01,5.418699999999999628e-01,0.000000000000000000e+00,5.784500000000000197e-01,5.616499999999999826e-01,5.542000000000000259e-01,0.000000000000000000e+00,0.000000000000000000e+00,0.000000000000000000e+00,5.503799999999999804e-01,0.000000000000000000e+00,5.604599999999999582e-01,5.504000000000000004e-01,0.000000000000000000e+00,5.451399999999999579e-01,0.000000000000000000e+00,5.510099999999999998e-01,5.432900000000000507e-01
0.000000000000000000e+00,5.815399999999999459e-01,5.509199999999999653e-01,6.033899999999999819e-01,5.857099999999999529e-01,5.580500000000000460e-01,5.903800000000000159e-01,5.878400000000000292e-01,5.706099999999999506e-01,6.094000000000000528e-01,5.609399999999999942e-01,5.941400000000000015e-01,5.851100000000000190e-01,5.668499999999999650e-01,5.783199999999999452e-01,5.782000000000000473e-01,5.858200000000000074e-01,5.986399999999999499e-01,5.539600000000000080e-01,5.521200000000000552e-01,5.778200000000000003e-01,5.728799999999999448e-01,5.796499999999999986e-01,5.687600000000000433e-01,5.882600000000000051e-01,5.680800000000000294e-01,5.442900000000000515e-01,5.826099999999999612e-01,5.618900000000000006e-01,5.816700000000000204e-01,5.667600000000000415e-01,6.025399999999999645e-01,6.130999999999999783e-01,5.745700000000000252e-01,5.932899999999999840e-01,5.827400000000000357e-01,5.878400000000000292e-01,5.820899999999999963e-01,6.138500000000000068e-01,6.125199999999999534e-01,5.879600000000000382e-01,6.035599999999999854e-01,5.772899999999999698e-01,6.018400000000000416e-01,5.965799999999999992e-01,0.000000000000000000e+00,5.430300000000000127e-01,5.810699999999999754e-01,5.985099999999999865e-01,5.842600000000000016e-01,5.875099999999999767e-01,5.964000000000000412e-01,5.787900000000000267e-01,5.873399999999999732e-01,5.995599999999999818e-01,5.617600000000000371e-01,5.864399999999999613e-01,5.837799999999999656e-01,5.883399999999999741e-01,5.669300000000000450e-01,5.441599999999999770e-01,5.916500000000000092e-01,5.778200000000000003e-01,5.705000000000000071e-01,0.000000000000000000e+00,5.573799999999999866e-01,0.000000000000000000e+00,5.706599999999999451e-01,5.555999999999999828e-01,5.747999999999999776e-01,5.701399999999999801e-01,5.537300000000000555e-01,5.576999999999999735e-01,5.466100000000000403e-01,5.550300000000000233e-01,5.608899999999999997e-01
0.000000000000000000e+00,5.461799999999999988e-01,0.000000000000000000e+00,5.587800000000000544e-01,5.504400000000000404e-01,0.000000000000000000e+00,5.515400000000000302e-01,5.539399999999999880e-01,0.000000000000000000e+00,5.684700000000000308e-01,0.000000000000000000e+00,5.574599999999999556e-01,5.470699999999999452e-01,0.000000000000000000e+00,5.460399999999999698e-01,0.000000000000000000e+00,5.435400000000000231e-01,5.539600000000000080e-01,0.000000000000000000e+00,0.000000000000000000e+00,0.000000000000000000e+00,0.000000000000000000e+00,5.474700000000000122e-01,0.000000000000000000e+00,5.507800000000000473e-01,0.000000000000000000e+00,0.000000000000000000e+00,5.463500000000000023e-01,0.000000000000000000e+00,5.481099999999999861e-01,0.000000000000000000e+00,5.538999999999999480e-01,5.739600000000000257e-01,5.472299999999999942e-01,5.609499999999999487e-01,5.512799999999999923e-01,5.573399999999999466e-01,5.541199999999999459e-01,5.642899999999999583e-01,5.694200000000000372e-01,5.566299999999999581e-01,5.665200000000000236e-01,5.457100000000000284e-01,5.603399999999999492e-01,5.487499999999999600e-01,0.000000000000000000e+00,0.000000000000000000e+00,5.484700000000000131e-01,5.649399999999999977e-01,5.483900000000000441e-01,5.522500000000000187e-01,5.555799999999999628e-01,0.000000000000000000e+00,5.484599999999999476e-01,5.614299999999999846e-01,0.000000000000000000e+00,5.461200000000000498e-01,5.474599999999999467e-01,5.493299999999999850e-01,0.000000000000000000e+00,0.000000000000000000e+00,5.534499999999999975e-01,5.436900000000000066e-01,0.000000000000000000e+00,0.000000000000000000e+00,0.000000000000000000e+00,0.000000000000000000e+00,0.000000000000000000e+00,0.000000000000000000e+00,0.000000000000000000e+00,0.000000000000000000e+00,0.000000000000000000e+00,0.000000000000000000e+00,0.000000000000000000e+00,0.000000000000000000e+00,0.000000000000000000e+00
0.000000000000000000e+00,5.412799999999999834e-01,0.000000000000000000e+00,5.548300000000000454e-01,5.409100000000000019e-01,0.000000000000000000e+00,5.410099999999999909e-01,5.481399999999999606e-01,0.000000000000000000e+00,5.537600000000000300e-01,0.000000000000000000e+00,5.445299999999999585e-01,0.000000000000000000e+00,0.000000000000000000e+00,0.000000000000000000e+00,0.000000000000000000e+00,0.000000000000000000e+00,5.521200000000000552e-01,0.000000000000000000e+00,0.000000000000000000e+00,0.000000000000000000e+00,0.000000000000000000e+00,0.000000000000000000e+00,0.000000000000000000e+00,5.463500000000000023e-01,0.000000000000000000e+00,0.000000000000000000e+00,0.000000000000000000e+00,0.000000000000000000e+00,0.000000000000000000e+00,0.000000000000000000e+00,5.417499999999999538e-01,5.541700000000000514e-01,0.000000000000000000e+00,5.437100000000000266e-01,0.000000000000000000e+00,0.000000000000000000e+00,0.000000000000000000e+00,5.482000000000000206e-01,5.593700000000000339e-01,0.000000000000000000e+00,5.527199999999999891e-01,0.000000000000000000e+00,5.441200000000000481e-01,5.466800000000000548e-01,0.000000000000000000e+00,0.000000000000000000e+00,5.433700000000000196e-01,5.479699999999999571e-01,0.000000000000000000e+00,5.443599999999999550e-01,5.478300000000000392e-01,0.000000000000000000e+00,5.468899999999999872e-01,5.470300000000000162e-01,0.000000000000000000e+00,0.000000000000000000e+00,0.000000000000000000e+00,5.431599999999999762e-01,0.000000000000000000e+00,0.000000000000000000e+00,5.418399999999999883e-01,0.000000000000000000e+00,0.000000000000000000e+00,0.000000000000000000e+00,0.000000000000000000e+00,0.000000000000000000e+00,0.000000000000000000e+00,0.000000000000000000e+00,0.000000000000000000e+00,0.000000000000000000e+00,0.000000000000000000e+00,0.000000000000000000e+00,0.000000000000000000e+00,0.000000000000000000e+00,0.000000000000000000e+00
0.000000000000000000e+00,5.591599999999999904e-01,0.000000000000000000e+00,5.866900000000000448e-01,5.604700000000000237e-01,0.000000000000000000e+00,5.627900000000000125e-01,5.754700000000000371e-01,5.461899999999999533e-01,5.818200000000000038e-01,5.424200000000000133e-01,5.805900000000000505e-01,5.597499999999999698e-01,5.481000000000000316e-01,5.606600000000000472e-01,5.593500000000000139e-01,5.626900000000000235e-01,5.778200000000000003e-01,0.000000000000000000e+00,0.000000000000000000e+00,5.668699999999999850e-01,5.481700000000000461e-01,5.557800000000000518e-01,5.550300000000000233e-01,5.644799999999999818e-01,5.516799999999999482e-01,0.000000000000000000e+00,5.548199999999999799e-01,5.407699999999999729e-01,5.509600000000000053e-01,5.413099999999999579e-01,5.777600000000000513e-01,5.870400000000000063e-01,5.454299999999999704e-01,5.702199999999999491e-01,5.605200000000000182e-01,5.662700000000000511e-01,5.638999999999999568e-01,5.895399999999999530e-01,5.895500000000000185e-01,5.625099999999999545e-01,5.819100000000000383e-01,5.452299999999999924e-01,5.767900000000000249e-01,5.789199999999999902e-01,5.409899999999999709e-01,0.000000000000000000e+00,5.665499999999999980e-01,5.769900000000000029e-01,5.640600000000000058e-01,5.661399999999999766e-01,5.724599999999999689e-01,5.700699999999999656e-01,5.651699999999999502e-01,5.714399999999999480e-01,0.000000000000000000e+00,5.710300000000000376e-01,5.612099999999999866e-01,5.585900000000000309e-01,5.600300000000000278e-01,0.000000000000000000e+00,5.714799999999999880e-01,5.530500000000000416e-01,5.462599999999999678e-01,0.000000000000000000e+00,5.584900000000000420e-01,0.000000000000000000e+00,5.545700000000000074e-01,5.438699999999999646e-01,5.485100000000000531e-01,5.558499999999999552e-01,0.000000000000000000e+00,0.000000000000000000e+00,0.000000000000000000e+00,0.000000000000000000e+00,5.409300000000000219e-01
