5.536200000000000010e-01,0.000000000000000000e+00,0.000000000000000000e+00,5.552399999999999558e-01,5.550000000000000488e-01,0.000000000000000000e+00,5.557400000000000118e-01,5.672300000000000120e-01,0.000000000000000000e+00,5.562599999999999767e-01,5.476400000000000157e-01,5.657299999999999551e-01,5.453299999999999814e-01,5.612800000000000011e-01,5.444799999999999640e-01,0.000000000000000000e+00,5.501700000000000479e-01,0.000000000000000000e+00,0.000000000000000000e+00,0.000000000000000000e+00,5.489699999999999580e-01,0.000000000000000000e+00,0.000000000000000000e+00,5.666999999999999815e-01,0.000000000000000000e+00,0.000000000000000000e+00,0.000000000000000000e+00,0.000000000000000000e+00,0.000000000000000000e+00,0.000000000000000000e+00,5.420899999999999608e-01,5.550500000000000433e-01,5.684799999999999853e-01,5.690600000000000103e-01,5.674700000000000299e-01,5.565200000000000147e-01,5.497900000000000009e-01,5.763899999999999579e-01,5.576100000000000501e-01,5.599499999999999478e-01,5.701399999999999801e-01,5.607799999999999452e-01,0.000000000000000000e+00,5.621199999999999530e-01,5.656999999999999806e-01,5.514299999999999757e-01,0.000000000000000000e+00,0.000000000000000000e+00,5.442399999999999460e-01,5.563399999999999457e-01,5.481000000000000316e-01,0.000000000000000000e+00,5.616700000000000026e-01,0.000000000000000000e+00,5.554900000000000393e-01,0.000000000000000000e+00,5.657400000000000206e-01,5.534999999999999920e-01,5.465700000000000003e-01,0.000000000000000000e+00,0.000000000000000000e+00,5.501200000000000534e-01,5.447400000000000020e-01,0.000000000000000000e+00,0.000000000000000000e+00,5.467400000000000038e-01,0.000000000000000000e+00,5.469600000000000017e-01,5.626100000000000545e-01,0.000000000000000000e+00,5.451300000000000034e-01,0.000000000000000000e+00,0.000000000000000000e+00,0.000000000000000000e+00,0.000000000000000000e+00,5.423799999999999732e-01
0.000000000000000000e+00,0.000000000000000000e+00,0.000000000000000000e+00,5.427300000000000457e-01,5.564999999999999947e-01,0.000000000000000000e+00,5.637100000000000444e-01,5.598400000000000043e-01,5.461799999999999988e-01,5.559100000000000152e-01,5.511000000000000343e-01,0.000000000000000000e+00,5.491399999999999615e-01,5.590699999999999559e-01,0.000000000000000000e+00,0.000000000000000000e+00,5.443799999999999750e-01,0.000000000000000000e+00,0.000000000000000000e+00,0.000000000000000000e+00,0.000000000000000000e+00,0.000000000000000000e+00,0.000000000000000000e+00,0.000000000000000000e+00,0.000000000000000000e+00,0.000000000000000000e+00,0.000000000000000000e+00,5.445499999999999785e-01,5.442799999999999860e-01,0.000000000000000000e+00,0.000000000000000000e+00,5.520000000000000462e-01,5.709499999999999575e-01,5.553200000000000358e-01,5.551800000000000068e-01,5.648999999999999577e-01,5.618100000000000316e-01,5.602599999999999802e-01,5.584099999999999620e-01,5.755299999999999860e-01,5.512099999999999778e-01,5.636499999999999844e-01,5.569100000000000161e-01,5.727200000000000069e-01,5.487300000000000511e-01,0.000000000000000000e+00,5.472200000000000397e-01,0.000000000000000000e+00,5.612099999999999866e-01,5.541300000000000114e-01,5.593399999999999483e-01,5.421000000000000263e-01,5.633899999999999464e-01,5.518499999999999517e-01,5.659800000000000386e-01,5.453700000000000214e-01,0.000000000000000000e+00,5.580899999999999750e-01,5.556799999999999518e-01,0.000000000000000000e+00,0.000000000000000000e+00,5.598800000000000443e-01,5.550300000000000233e-01,0.000000000000000000e+00,0.000000000000000000e+00,0.000000000000000000e+00,0.000000000000000000e+00,0.000000000000000000e+00,0.000000000000000000e+00,5.508899999999999908e-01,0.000000000000000000e+00,0.000000000000000000e+00,0.000000000000000000e+00,5.522299999999999986e-01,0.000000000000000000e+00,5.456400000000000139e-01
0.000000000000000000e+00,0.000000000000000000e+00,0.000000000000000000e+00,5.552599999999999758e-01,5.595700000000000118e-01,0.000000000000000000e+00,5.598899999999999988e-01,5.644900000000000473e-01,5.569800000000000306e-01,5.624099999999999655e-01,5.604000000000000092e-01,0.000000000000000000e+00,5.534999999999999920e-01,5.706599999999999451e-01,0.000000000000000000e+00,0.000000000000000000e+00,5.441599999999999770e-01,0.000000000000000000e+00,0.000000000000000000e+00,0.000000000000000000e+00,0.000000000000000000e+00,0.000000000000000000e+00,0.000000000000000000e+00,5.444999999999999840e-01,5.418100000000000138e-01,0.000000000000000000e+00,0.000000000000000000e+00,5.492399999999999505e-01,5.505999999999999783e-01,0.000000000000000000e+00,5.443599999999999550e-01,5.528899999999999926e-01,5.860899999999999999e-01,5.762800000000000145e-01,5.708400000000000141e-01,5.679300000000000459e-01,5.526100000000000456e-01,5.804399999999999560e-01,5.589800000000000324e-01,5.767999999999999794e-01,5.781300000000000328e-01,5.724000000000000199e-01,5.617699999999999916e-01,5.656400000000000317e-01,5.587999999999999634e-01,0.000000000000000000e+00,5.524299999999999766e-01,0.000000000000000000e+00,5.537300000000000555e-01,5.613899999999999446e-01,5.625900000000000345e-01,5.481000000000000316e-01,5.692899999999999627e-01,5.588899999999999979e-01,5.704799999999999871e-01,5.437899999999999956e-01,0.000000000000000000e+00,5.618300000000000516e-01,5.629199999999999759e-01,0.000000000000000000e+00,0.000000000000000000e+00,5.569899999999999851e-01,5.524299999999999766e-01,0.000000000000000000e+00,0.000000000000000000e+00,0.000000000000000000e+00,0.000000000000000000e+00,5.428100000000000147e-01,0.000000000000000000e+00,5.491700000000000470e-01,5.459500000000000464e-01,5.425299999999999567e-01,0.000000000000000000e+00,5.565600000000000547e-01,0.000000000000000000e+00,5.552200000000000468e-01
5.552399999999999558e-01,5.427300000000000457e-01,5.552599999999999758e-01,5.715999999999999970e-01,5.875700000000000367e-01,5.501700000000000479e-01,5.940100000000000380e-01,5.956799999999999873e-01,5.704700000000000326e-01,5.871499999999999497e-01,5.836799999999999766e-01,5.718600000000000350e-01,5.785599999999999632e-01,5.952499999999999458e-01,5.527300000000000546e-01,5.516999999999999682e-01,5.741300000000000292e-01,5.581599999999999895e-01,5.518300000000000427e-01,0.000000000000000000e+00,5.665900000000000380e-01,0.000000000000000000e+00,5.503700000000000259e-01,5.651300000000000212e-01,5.595299999999999718e-01,5.531399999999999650e-01,5.427300000000000457e-01,5.690800000000000303e-01,5.626400000000000290e-01,0.000000000000000000e+00,5.650800000000000267e-01,5.893899999999999695e-01,6.070299999999999585e-01,5.911199999999999788e-01,5.898999999999999799e-01,5.989799999999999569e-01,5.960199999999999942e-01,5.918099999999999472e-01,5.913399999999999768e-01,6.106200000000000516e-01,5.940900000000000070e-01,5.878799999999999581e-01,5.818299999999999583e-01,6.008299999999999752e-01,5.851800000000000335e-01,5.546699999999999964e-01,5.703099999999999836e-01,0.000000000000000000e+00,5.789699999999999847e-01,5.881800000000000361e-01,5.810100000000000264e-01,5.676400000000000334e-01,5.928200000000000136e-01,5.710899999999999865e-01,6.030900000000000150e-01,5.674299999999999899e-01,5.667400000000000215e-01,5.856999999999999984e-01,5.844599999999999795e-01,5.417999999999999483e-01,5.531199999999999450e-01,5.853599999999999914e-01,5.755799999999999805e-01,5.544700000000000184e-01,5.493400000000000505e-01,5.615099999999999536e-01,5.513900000000000468e-01,5.627499999999999725e-01,5.627299999999999525e-01,5.699999999999999512e-01,5.670800000000000285e-01,5.613099999999999756e-01,5.632700000000000484e-01,5.758799999999999475e-01,5.579699999999999660e-01,5.750899999999999901e-01
5.550000000000000488e-01,5.564999999999999947e-01,5.595700000000000118e-01,5.875700000000000367e-01,5.974899999999999656e-01,5.547499999999999654e-01,6.081699999999999884e-01,6.016700000000000381e-01,5.764299999999999979e-01,5.976700000000000346e-01,5.945099999999999829e-01,5.760999999999999455e-01,5.871199999999999752e-01,6.022499999999999520e-01,5.531899999999999595e-01,5.599199999999999733e-01,5.796400000000000441e-01,5.678499999999999659e-01,5.563799999999999857e-01,5.441500000000000226e-01,5.723599999999999799e-01,5.474599999999999467e-01,5.538399999999999990e-01,5.671500000000000430e-01,5.692300000000000137e-01,5.612899999999999556e-01,5.506699999999999928e-01,5.783700000000000507e-01,5.705900000000000416e-01,5.487900000000000000e-01,5.734099999999999753e-01,6.049700000000000077e-01,6.217000000000000304e-01,6.001600000000000268e-01,6.019799999999999596e-01,6.090200000000000058e-01,6.045099999999999918e-01,6.047099999999999698e-01,6.083499999999999464e-01,6.228599999999999692e-01,5.983600000000000030e-01,6.054699999999999527e-01,5.883599999999999941e-01,6.218500000000000139e-01,5.931400000000000006e-01,5.515999999999999792e-01,5.788400000000000212e-01,5.437300000000000466e-01,5.941600000000000215e-01,6.013800000000000257e-01,5.906400000000000539e-01,5.769300000000000539e-01,6.027400000000000535e-01,5.828299999999999592e-01,6.152100000000000346e-01,5.828499999999999792e-01,5.633700000000000374e-01,5.953800000000000203e-01,5.912899999999999823e-01,5.433200000000000252e-01,5.606100000000000527e-01,6.022600000000000176e-01,5.856000000000000094e-01,5.668100000000000360e-01,5.508100000000000218e-01,5.676799999999999624e-01,5.592799999999999994e-01,5.642200000000000548e-01,5.607999999999999652e-01,5.809600000000000319e-01,5.736200000000000188e-01,5.656900000000000261e-01,5.729300000000000503e-01,5.846200000000000285e-01,5.634599999999999609e-01,5.823399999999999688e-01
0.000000000000000000e+00,0.000000000000000000e+00,0.000000000000000000e+00,5.501700000000000479e-01,5.547499999999999654e-01,0.000000000000000000e+00,5.567100000000000382e-01,5.558899999999999952e-01,5.431099999999999817e-01,5.529500000000000526e-01,5.491300000000000070e-01,0.000000000000000000e+00,5.464499999999999913e-01,5.605200000000000182e-01,0.000000000000000000e+00,0.000000000000000000e+00,0.000000000000000000e+00,0.000000000000000000e+00,0.000000000000000000e+00,0.000000000000000000e+00,0.000000000000000000e+00,0.000000000000000000e+00,0.000000000000000000e+00,0.000000000000000000e+00,0.000000000000000000e+00,0.000000000000000000e+00,0.000000000000000000e+00,5.417899999999999938e-01,0.000000000000000000e+00,0.000000000000000000e+00,0.000000000000000000e+00,5.489199999999999635e-01,5.731699999999999573e-01,5.608300000000000507e-01,5.607100000000000417e-01,5.618900000000000006e-01,5.528399999999999981e-01,5.666900000000000270e-01,5.472299999999999942e-01,5.722099999999999964e-01,5.590000000000000524e-01,5.571599999999999886e-01,5.515099999999999447e-01,5.603900000000000547e-01,5.508600000000000163e-01,0.000000000000000000e+00,5.419500000000000428e-01,0.000000000000000000e+00,5.495200000000000085e-01,5.560399999999999787e-01,5.552399999999999558e-01,0.000000000000000000e+00,5.560300000000000242e-01,5.481599999999999806e-01,5.588600000000000234e-01,0.000000000000000000e+00,0.000000000000000000e+00,5.532200000000000450e-01,5.543099999999999694e-01,0.000000000000000000e+00,0.000000000000000000e+00,5.503500000000000059e-01,5.466400000000000148e-01,0.000000000000000000e+00,0.000000000000000000e+00,0.000000000000000000e+00,0.000000000000000000e+00,0.000000000000000000e+00,0.000000000000000000e+00,5.429899999999999727e-01,0.000000000000000000e+00,0.000000000000000000e+00,0.000000000000000000e+00,5.502399999999999514e-01,0.000000000000000000e+00,5.437100000000000266e-01
5.557400000000000118e-01,5.637100000000000444e-01,5.598899999999999988e-01,5.940100000000000380e-01,6.081699999999999884e-01,5.567100000000000382e-01,6.148099999999999676e-01,6.115099999999999980e-01,5.790300000000000447e-01,6.016200000000000436e-01,6.008999999999999897e-01,5.812899999999999734e-01,5.912300000000000333e-01,6.108000000000000096e-01,5.550500000000000433e-01,5.677799999999999514e-01,5.845099999999999740e-01,5.745099999999999651e-01,5.559199999999999697e-01,5.472299999999999942e-01,5.742000000000000437e-01,5.528199999999999781e-01,5.587100000000000399e-01,5.687400000000000233e-01,5.747999999999999776e-01,5.648499999999999632e-01,5.551199999999999468e-01,5.844500000000000250e-01,5.731000000000000538e-01,5.559500000000000552e-01,5.794300000000000006e-01,6.069700000000000095e-01,6.284399999999999986e-01,6.067700000000000315e-01,6.051999999999999602e-01,6.174500000000000544e-01,6.180099999999999483e-01,6.122699999999999809e-01,6.167799999999999949e-01,6.322400000000000242e-01,6.049499999999999877e-01,6.142900000000000027e-01,5.981100000000000305e-01,6.342700000000000005e-01,5.954099999999999948e-01,5.505100000000000549e-01,5.830600000000000227e-01,5.431700000000000417e-01,6.044100000000000028e-01,6.111100000000000421e-01,5.944000000000000394e-01,5.849999999999999645e-01,6.089999999999999858e-01,5.860100000000000309e-01,6.192900000000000071e-01,5.894099999999999895e-01,5.652800000000000047e-01,6.028000000000000025e-01,5.998700000000000143e-01,5.444299999999999695e-01,5.644200000000000328e-01,6.048999999999999932e-01,5.920400000000000107e-01,5.689300000000000468e-01,5.515799999999999592e-01,5.717600000000000460e-01,5.621199999999999530e-01,5.646499999999999853e-01,5.610899999999999777e-01,5.869400000000000173e-01,5.770600000000000174e-01,5.688900000000000068e-01,5.784299999999999997e-01,5.898299999999999654e-01,5.693899999999999517e-01,5.862399999999999833e-01
5.672300000000000120e-01,5.598400000000000043e-01,5.644900000000000473e-01,5.956799999999999873e-01,6.016700000000000381e-01,5.558899999999999952e-01,6.115099999999999980e-01,6.119499999999999940e-01,5.803700000000000525e-01,5.984599999999999920e-01,5.983500000000000485e-01,5.831600000000000117e-01,5.881499999999999506e-01,6.112199999999999855e-01,5.600300000000000278e-01,5.692099999999999937e-01,5.837999999999999856e-01,5.746299999999999741e-01,5.541899999999999604e-01,5.510899999999999688e-01,5.789299999999999446e-01,5.516499999999999737e-01,5.650500000000000522e-01,5.772300000000000209e-01,5.756900000000000350e-01,5.651800000000000157e-01,5.557699999999999863e-01,5.845200000000000395e-01,5.759499999999999620e-01,5.553200000000000358e-01,5.759699999999999820e-01,6.011400000000000077e-01,6.366100000000000092e-01,6.113899999999999890e-01,6.042699999999999738e-01,6.181400000000000228e-01,6.175000000000000488e-01,6.158700000000000285e-01,6.104899999999999771e-01,6.255100000000000104e-01,6.083199999999999719e-01,6.054399999999999782e-01,6.095899999999999652e-01,6.359799999999999898e-01,6.004500000000000393e-01,5.572799999999999976e-01,5.829400000000000137e-01,5.446100000000000385e-01,6.003699999999999593e-01,6.080499999999999794e-01,5.960900000000000087e-01,5.840400000000000036e-01,6.124000000000000554e-01,5.867400000000000393e-01,6.138099999999999667e-01,5.861100000000000199e-01,5.737900000000000222e-01,6.020799999999999486e-01,6.059799999999999631e-01,5.436600000000000321e-01,5.583700000000000330e-01,6.018700000000000161e-01,5.930600000000000316e-01,5.676499999999999879e-01,5.516699999999999937e-01,5.749900000000000011e-01,5.623000000000000220e-01,5.683599999999999763e-01,5.705799999999999761e-01,5.858700000000000019e-01,5.796900000000000386e-01,5.701699999999999546e-01,5.747799999999999576e-01,5.901199999999999779e-01,5.614000000000000101e-01,5.823399999999999688e-01
0.000000000000000000e+00,5.461799999999999988e-01,5.569800000000000306e-01,5.704700000000000326e-01,5.764299999999999979e-01,5.431099999999999817e-01,5.790300000000000447e-01,5.803700000000000525e-01,5.659899999999999931e-01,5.783500000000000307e-01,5.754899999999999460e-01,5.529800000000000271e-01,5.693500000000000227e-01,5.907299999999999773e-01,0.000000000000000000e+00,5.490500000000000380e-01,5.602800000000000002e-01,5.540699999999999514e-01,5.461899999999999533e-01,5.418100000000000138e-01,5.483299999999999841e-01,5.433799999999999741e-01,5.421599999999999753e-01,5.509300000000000308e-01,5.560500000000000442e-01,5.492799999999999905e-01,0.000000000000000000e+00,5.648199999999999887e-01,5.615700000000000136e-01,5.438199999999999701e-01,5.583399999999999475e-01,5.716400000000000370e-01,5.998200000000000198e-01,5.893399999999999750e-01,5.835099999999999731e-01,5.938900000000000290e-01,5.767600000000000504e-01,5.919999999999999707e-01,5.719400000000000039e-01,6.041999999999999593e-01,5.890699999999999825e-01,5.838100000000000511e-01,5.792599999999999971e-01,5.907599999999999518e-01,5.762800000000000145e-01,0.000000000000000000e+00,5.665900000000000380e-01,0.000000000000000000e+00,5.712500000000000355e-01,5.788200000000000012e-01,5.771300000000000319e-01,5.603200000000000403e-01,5.824500000000000233e-01,5.737299999999999622e-01,5.890900000000000025e-01,5.620199999999999640e-01,5.461700000000000443e-01,5.772000000000000464e-01,5.783599999999999852e-01,0.000000000000000000e+00,5.483500000000000041e-01,5.778100000000000458e-01,5.693700000000000427e-01,5.549699999999999633e-01,5.476400000000000157e-01,5.442299999999999915e-01,5.524599999999999511e-01,5.536499999999999755e-01,5.453500000000000014e-01,5.652500000000000302e-01,5.573399999999999466e-01,5.569100000000000161e-01,5.576200000000000045e-01,5.747999999999999776e-01,5.555799999999999628e-01,5.675400000000000444e-01
5.562599999999999767e-01,5.559100000000000152e-01,5.624099999999999655e-01,5.871499999999999497e-01,5.976700000000000346e-01,5.529500000000000526e-01,6.016200000000000436e-01,5.984599999999999920e-01,5.783500000000000307e-01,5.907799999999999718e-01,5.947500000000000009e-01,5.727999999999999758e-01,5.827999999999999847e-01,6.113199999999999745e-01,5.552300000000000013e-01,5.608600000000000252e-01,5.737900000000000222e-01,5.649199999999999777e-01,5.587699999999999889e-01,5.458699999999999664e-01,5.687499999999999778e-01,5.490800000000000125e-01,5.537400000000000100e-01,5.634700000000000264e-01,5.653700000000000392e-01,5.576100000000000501e-01,5.497400000000000064e-01,5.778600000000000403e-01,5.686200000000000143e-01,5.606700000000000017e-01,5.703300000000000036e-01,5.881699999999999706e-01,6.160700000000000065e-01,5.998099999999999543e-01,5.901499999999999524e-01,6.173100000000000254e-01,6.048999999999999932e-01,6.022699999999999720e-01,5.950999999999999623e-01,6.240299999999999736e-01,6.015000000000000346e-01,5.973199999999999621e-01,5.951899999999999968e-01,6.133899999999999908e-01,5.867099999999999538e-01,5.566400000000000237e-01,5.797299999999999676e-01,5.457800000000000429e-01,5.865799999999999903e-01,5.987000000000000099e-01,5.839100000000000401e-01,5.749900000000000011e-01,5.974500000000000366e-01,5.797099999999999476e-01,6.102600000000000247e-01,5.766299999999999759e-01,5.641300000000000203e-01,5.920299999999999452e-01,5.954000000000000403e-01,5.417999999999999483e-01,5.569100000000000161e-01,5.955000000000000293e-01,5.815000000000000169e-01,5.657100000000000461e-01,5.510399999999999743e-01,5.643899999999999473e-01,5.574999999999999956e-01,5.648100000000000342e-01,5.584599999999999564e-01,5.784599999999999742e-01,5.708499999999999686e-01,5.659499999999999531e-01,5.726900000000000324e-01,5.839800000000000546e-01,5.697200000000000042e-01,5.806700000000000195e-01
5.476400000000000157e-01,5.511000000000000343e-01,5.604000000000000092e-01,5.836900000000000421e-01,5.945099999999999829e-01,5.491300000000000070e-01,6.008900000000000352e-01,5.983500000000000485e-01,5.754899999999999460e-01,5.947500000000000009e-01,5.909299999999999553e-01,5.701899999999999746e-01,5.812199999999999589e-01,6.042899999999999938e-01,5.481599999999999806e-01,5.568699999999999761e-01,5.752000000000000446e-01,5.628400000000000070e-01,5.572099999999999831e-01,5.433999999999999941e-01,5.650899999999999812e-01,5.448499999999999455e-01,5.479800000000000226e-01,5.564099999999999602e-01,5.648800000000000487e-01,5.565099999999999492e-01,5.482099999999999751e-01,5.753599999999999826e-01,5.652599999999999847e-01,5.499100000000000099e-01,5.692599999999999882e-01,5.915899999999999492e-01,6.179999999999999938e-01,5.997500000000000053e-01,5.942100000000000160e-01,6.116899999999999560e-01,5.994099999999999984e-01,6.025000000000000355e-01,5.932800000000000296e-01,6.198200000000000376e-01,6.019200000000000106e-01,5.969299999999999606e-01,5.940299999999999470e-01,6.172900000000000054e-01,5.895899999999999475e-01,5.427499999999999547e-01,5.775000000000000133e-01,0.000000000000000000e+00,5.850400000000000045e-01,5.982699999999999685e-01,5.838700000000000001e-01,5.731399999999999828e-01,5.958099999999999508e-01,5.803899999999999615e-01,6.103300000000000392e-01,5.777099999999999458e-01,5.559800000000000297e-01,5.893599999999999950e-01,5.916500000000000092e-01,0.000000000000000000e+00,5.577199999999999935e-01,5.966299999999999937e-01,5.828999999999999737e-01,5.625400000000000400e-01,5.504999999999999893e-01,5.598899999999999988e-01,5.585599999999999454e-01,5.577299999999999480e-01,5.505799999999999583e-01,5.777999999999999803e-01,5.672399999999999665e-01,5.656999999999999806e-01,5.699800000000000422e-01,5.825900000000000523e-01,5.643599999999999728e-01,5.798299999999999566e-01
5.657299999999999551e-01,0.000000000000000000e+00,0.000000000000000000e+00,5.718600000000000350e-01,5.760999999999999455e-01,0.000000000000000000e+00,5.812800000000000189e-01,5.831600000000000117e-01,5.529800000000000271e-01,5.727999999999999758e-01,5.701899999999999746e-01,5.773700000000000498e-01,5.616100000000000536e-01,5.842899999999999761e-01,5.533200000000000340e-01,5.417199999999999793e-01,5.594299999999999828e-01,0.000000000000000000e+00,0.000000000000000000e+00,0.000000000000000000e+00,5.633099999999999774e-01,0.000000000000000000e+00,5.493299999999999850e-01,5.673399999999999554e-01,0.000000000000000000e+00,5.445400000000000240e-01,0.000000000000000000e+00,5.549600000000000088e-01,5.468899999999999872e-01,0.000000000000000000e+00,5.552500000000000213e-01,5.660899999999999821e-01,5.957000000000000073e-01,5.865500000000000158e-01,5.795799999999999841e-01,5.854000000000000314e-01,5.826700000000000212e-01,5.875700000000000367e-01,5.734799999999999898e-01,5.884000000000000341e-01,5.859400000000000164e-01,5.761199999999999655e-01,5.651000000000000467e-01,5.857499999999999929e-01,5.758699999999999930e-01,5.554700000000000193e-01,5.505400000000000293e-01,0.000000000000000000e+00,5.642200000000000548e-01,5.807099999999999485e-01,5.607199999999999962e-01,5.523099999999999676e-01,5.778799999999999493e-01,5.505400000000000293e-01,5.817799999999999638e-01,5.570399999999999796e-01,5.745099999999999651e-01,5.692399999999999682e-01,5.718900000000000095e-01,0.000000000000000000e+00,0.000000000000000000e+00,5.645599999999999508e-01,5.593200000000000394e-01,5.420500000000000318e-01,0.000000000000000000e+00,5.590000000000000524e-01,0.000000000000000000e+00,5.515299999999999647e-01,5.594799999999999773e-01,5.526100000000000456e-01,5.564799999999999747e-01,5.453099999999999614e-01,5.478300000000000392e-01,5.578899999999999970e-01,0.000000000000000000e+00,5.570100000000000051e-01
5.453299999999999814e-01,5.491399999999999615e-01,5.534999999999999920e-01,5.785599999999999632e-01,5.871199999999999752e-01,5.464499999999999913e-01,5.912300000000000333e-01,5.881499999999999506e-01,5.693500000000000227e-01,5.827900000000000302e-01,5.812300000000000244e-01,5.616200000000000081e-01,5.745000000000000107e-01,5.927599999999999536e-01,5.449600000000000000e-01,5.525999999999999801e-01,5.696400000000000352e-01,5.588699999999999779e-01,5.468300000000000383e-01,0.000000000000000000e+00,5.566799999999999526e-01,5.419300000000000228e-01,5.465400000000000258e-01,5.579199999999999715e-01,5.592899999999999539e-01,5.511800000000000033e-01,5.432500000000000107e-01,5.688499999999999668e-01,5.627299999999999525e-01,5.430899999999999617e-01,5.635599999999999499e-01,5.848200000000000065e-01,6.091699999999999893e-01,5.913300000000000223e-01,5.886200000000000321e-01,5.953699999999999548e-01,5.901399999999999979e-01,5.951499999999999568e-01,5.887099999999999556e-01,6.078400000000000469e-01,5.909600000000000408e-01,5.923899999999999721e-01,5.826599999999999557e-01,6.050999999999999712e-01,5.807799999999999629e-01,0.000000000000000000e+00,5.686400000000000343e-01,0.000000000000000000e+00,5.826999999999999957e-01,5.880699999999999816e-01,5.810400000000000009e-01,5.660800000000000276e-01,5.928700000000000081e-01,5.731000000000000538e-01,5.954399999999999693e-01,5.686799999999999633e-01,5.523900000000000476e-01,5.843000000000000416e-01,5.830400000000000027e-01,0.000000000000000000e+00,5.512700000000000378e-01,5.831399999999999917e-01,5.768499999999999739e-01,5.554099999999999593e-01,5.450300000000000145e-01,5.538699999999999735e-01,5.513599999999999612e-01,5.556799999999999518e-01,5.522599999999999731e-01,5.704700000000000326e-01,5.629600000000000160e-01,5.585299999999999709e-01,5.616100000000000536e-01,5.763300000000000090e-01,5.561000000000000387e-01,5.719999999999999529e-01
5.612800000000000011e-01,5.590699999999999559e-01,5.706599999999999451e-01,5.952499999999999458e-01,6.022499999999999520e-01,5.605200000000000182e-01,6.108000000000000096e-01,6.112199999999999855e-01,5.907299999999999773e-01,6.113199999999999745e-01,6.042899999999999938e-01,5.842899999999999761e-01,5.927599999999999536e-01,6.050200000000000022e-01,5.579300000000000370e-01,5.664599999999999635e-01,5.953500000000000458e-01,5.701100000000000056e-01,5.682599999999999874e-01,5.534299999999999775e-01,5.749600000000000266e-01,5.530100000000000016e-01,5.586100000000000509e-01,5.758100000000000440e-01,5.729600000000000248e-01,5.649199999999999777e-01,5.561199999999999477e-01,5.855599999999999694e-01,5.789199999999999902e-01,5.587499999999999689e-01,5.767799999999999594e-01,6.078500000000000014e-01,6.245199999999999640e-01,6.073300000000000365e-01,6.075599999999999890e-01,6.152600000000000291e-01,5.998400000000000398e-01,6.181200000000000028e-01,6.116200000000000525e-01,6.251200000000000090e-01,6.147399999999999531e-01,6.137299999999999978e-01,6.076700000000000434e-01,6.239999999999999991e-01,6.094199999999999617e-01,5.522899999999999476e-01,5.901800000000000379e-01,5.530199999999999561e-01,5.915500000000000203e-01,6.034000000000000474e-01,6.009499999999999842e-01,5.800400000000000000e-01,6.119400000000000395e-01,5.942899999999999849e-01,6.254899999999999904e-01,5.846299999999999830e-01,5.750800000000000356e-01,5.995899999999999563e-01,5.965000000000000302e-01,5.459300000000000264e-01,5.691699999999999537e-01,6.093100000000000183e-01,5.933500000000000441e-01,5.777900000000000258e-01,5.626999999999999780e-01,5.695900000000000407e-01,5.688199999999999923e-01,5.694000000000000172e-01,5.709400000000000031e-01,5.896700000000000275e-01,5.793099999999999916e-01,5.771800000000000264e-01,5.759600000000000275e-01,5.930999999999999606e-01,5.703399999999999581e-01,5.895899999999999475e-01
5.444799999999999640e-01,0.000000000000000000e+00,0.000000000000000000e+00,5.527300000000000546e-01,5.531899999999999595e-01,0.000000000000000000e+00,5.550500000000000433e-01,5.600300000000000278e-01,0.000000000000000000e+00,5.552300000000000013e-01,5.481700000000000461e-01,5.533200000000000340e-01,5.449600000000000000e-01,5.579300000000000370e-01,0.000000000000000000e+00,0.000000000000000000e+00,5.443400000000000460e-01,0.000000000000000000e+00,0.000000000000000000e+00,0.000000000000000000e+00,5.435499999999999776e-01,0.000000000000000000e+00,0.000000000000000000e+00,5.530599999999999961e-01,0.000000000000000000e+00,0.000000000000000000e+00,0.000000000000000000e+00,0.000000000000000000e+00,0.000000000000000000e+00,0.000000000000000000e+00,0.000000000000000000e+00,5.479199999999999626e-01,5.754799999999999915e-01,5.691000000000000503e-01,5.637299999999999534e-01,5.569300000000000361e-01,5.461300000000000043e-01,5.744099999999999762e-01,5.522099999999999786e-01,5.638100000000000334e-01,5.686600000000000543e-01,5.621099999999999985e-01,5.459699999999999553e-01,5.630199999999999649e-01,5.498600000000000154e-01,0.000000000000000000e+00,0.000000000000000000e+00,0.000000000000000000e+00,5.477999999999999536e-01,5.553900000000000503e-01,5.494400000000000395e-01,0.000000000000000000e+00,5.607299999999999507e-01,0.000000000000000000e+00,5.574599999999999556e-01,0.000000000000000000e+00,5.549800000000000288e-01,5.508399999999999963e-01,5.503200000000000314e-01,0.000000000000000000e+00,0.000000000000000000e+00,5.478399999999999936e-01,5.443000000000000060e-01,0.000000000000000000e+00,0.000000000000000000e+00,5.425600000000000422e-01,0.000000000000000000e+00,5.419399999999999773e-01,5.504799999999999693e-01,0.000000000000000000e+00,5.434799999999999631e-01,0.000000000000000000e+00,0.000000000000000000e+00,5.437899999999999956e-01,0.000000000000000000e+00,0.000000000000000000e+00
0.000000000000000000e+00,0.000000000000000000e+00,0.000000000000000000e+00,5.516999999999999682e-01,5.599199999999999733e-01,0.000000000000000000e+00,5.677799999999999514e-01,5.692099999999999937e-01,5.490500000000000380e-01,5.608600000000000252e-01,5.568699999999999761e-01,5.417199999999999793e-01,5.525999999999999801e-01,5.664599999999999635e-01,0.000000000000000000e+00,0.000000000000000000e+00,5.518699999999999717e-01,0.000000000000000000e+00,0.000000000000000000e+00,0.000000000000000000e+00,0.000000000000000000e+00,0.000000000000000000e+00,0.000000000000000000e+00,0.000000000000000000e+00,5.425400000000000222e-01,0.000000000000000000e+00,0.000000000000000000e+00,5.475200000000000067e-01,5.449899999999999745e-01,0.000000000000000000e+00,5.421099999999999808e-01,5.601399999999999713e-01,5.791600000000000081e-01,5.614000000000000101e-01,5.640199999999999658e-01,5.713399999999999590e-01,5.766900000000000359e-01,5.644799999999999818e-01,5.647199999999999998e-01,5.801399999999999890e-01,5.590899999999999759e-01,5.623299999999999965e-01,5.565200000000000147e-01,5.823800000000000088e-01,5.569100000000000161e-01,0.000000000000000000e+00,5.463099999999999623e-01,0.000000000000000000e+00,5.668199999999999905e-01,5.627900000000000125e-01,5.617900000000000116e-01,5.450700000000000545e-01,5.729999999999999538e-01,5.526900000000000146e-01,5.702500000000000346e-01,5.493599999999999595e-01,0.000000000000000000e+00,5.620500000000000496e-01,5.584500000000000020e-01,0.000000000000000000e+00,0.000000000000000000e+00,5.601399999999999713e-01,5.525799999999999601e-01,0.000000000000000000e+00,0.000000000000000000e+00,0.000000000000000000e+00,0.000000000000000000e+00,0.000000000000000000e+00,0.000000000000000000e+00,5.485799999999999566e-01,5.433599999999999541e-01,0.000000000000000000e+00,5.422299999999999898e-01,5.539199999999999680e-01,0.000000000000000000e+00,5.475400000000000267e-01
5.501700000000000479e-01,5.443799999999999750e-01,5.441599999999999770e-01,5.741300000000000292e-01,5.796400000000000441e-01,0.000000000000000000e+00,5.845099999999999740e-01,5.837999999999999856e-01,5.602800000000000002e-01,5.737900000000000222e-01,5.752000000000000446e-01,5.594299999999999828e-01,5.696400000000000352e-01,5.953500000000000458e-01,5.443400000000000460e-01,5.518699999999999717e-01,5.671399999999999775e-01,5.490399999999999725e-01,5.455600000000000449e-01,0.000000000000000000e+00,5.585200000000000164e-01,0.000000000000000000e+00,5.463200000000000278e-01,5.536999999999999700e-01,5.528300000000000436e-01,5.453299999999999814e-01,0.000000000000000000e+00,5.633500000000000174e-01,5.543700000000000294e-01,5.513799999999999812e-01,5.579300000000000370e-01,5.685599999999999543e-01,5.893000000000000460e-01,5.718800000000000550e-01,5.634799999999999809e-01,5.995800000000000018e-01,5.910999999999999588e-01,5.808600000000000430e-01,5.693599999999999772e-01,5.972399999999999931e-01,5.730199999999999738e-01,5.665999999999999925e-01,5.813300000000000134e-01,5.954800000000000093e-01,5.648199999999999887e-01,5.462700000000000333e-01,5.609199999999999742e-01,0.000000000000000000e+00,5.733000000000000318e-01,5.747900000000000231e-01,5.726599999999999469e-01,5.584400000000000475e-01,5.815599999999999659e-01,5.665299999999999780e-01,5.855500000000000149e-01,5.604799999999999782e-01,5.530000000000000471e-01,5.766400000000000414e-01,5.743099999999999872e-01,0.000000000000000000e+00,5.442799999999999860e-01,5.798900000000000166e-01,5.703700000000000436e-01,5.488699999999999690e-01,5.432799999999999851e-01,5.498300000000000409e-01,5.452000000000000179e-01,5.540000000000000480e-01,5.490000000000000435e-01,5.627499999999999725e-01,5.552399999999999558e-01,5.551300000000000123e-01,5.579800000000000315e-01,5.690600000000000103e-01,5.651199999999999557e-01,5.628600000000000270e-01
0.000000000000000000e+00,0.000000000000000000e+00,0.000000000000000000e+00,5.581599999999999895e-01,5.678499999999999659e-01,0.000000000000000000e+00,5.745099999999999651e-01,5.746299999999999741e-01,5.540699999999999514e-01,5.649100000000000232e-01,5.628400000000000070e-01,0.000000000000000000e+00,5.588699999999999779e-01,5.701100000000000056e-01,0.000000000000000000e+00,0.000000000000000000e+00,5.490399999999999725e-01,5.480399999999999716e-01,0.000000000000000000e+00,0.000000000000000000e+00,0.000000000000000000e+00,0.000000000000000000e+00,0.000000000000000000e+00,0.000000000000000000e+00,5.491700000000000470e-01,0.000000000000000000e+00,0.000000000000000000e+00,5.545999999999999819e-01,5.516799999999999482e-01,0.000000000000000000e+00,5.477699999999999791e-01,5.610399999999999832e-01,5.833899999999999642e-01,5.664599999999999635e-01,5.666700000000000070e-01,5.729999999999999538e-01,5.681699999999999529e-01,5.684900000000000508e-01,5.646900000000000253e-01,5.837999999999999856e-01,5.636799999999999589e-01,5.668199999999999905e-01,5.632899999999999574e-01,5.780600000000000183e-01,5.632200000000000539e-01,0.000000000000000000e+00,5.559500000000000552e-01,0.000000000000000000e+00,5.646900000000000253e-01,5.690800000000000303e-01,5.674099999999999699e-01,5.537600000000000300e-01,5.774200000000000443e-01,5.629899999999999904e-01,5.768999999999999684e-01,5.546100000000000474e-01,0.000000000000000000e+00,5.690800000000000303e-01,5.644000000000000128e-01,0.000000000000000000e+00,0.000000000000000000e+00,5.711399999999999810e-01,5.635099999999999554e-01,5.426100000000000367e-01,0.000000000000000000e+00,0.000000000000000000e+00,5.445699999999999985e-01,0.000000000000000000e+00,0.000000000000000000e+00,5.577999999999999625e-01,5.472799999999999887e-01,5.431799999999999962e-01,5.494400000000000395e-01,5.609899999999999887e-01,5.448499999999999455e-01,5.556699999999999973e-01
0.000000000000000000e+00,0.000000000000000000e+00,0.000000000000000000e+00,5.518300000000000427e-01,5.563799999999999857e-01,0.000000000000000000e+00,5.559199999999999697e-01,5.541899999999999604e-01,5.461899999999999533e-01,5.587699999999999889e-01,5.572099999999999831e-01,0.000000000000000000e+00,5.468300000000000383e-01,5.682599999999999874e-01,0.000000000000000000e+00,0.000000000000000000e+00,5.455600000000000449e-01,0.000000000000000000e+00,0.000000000000000000e+00,0.000000000000000000e+00,0.000000000000000000e+00,0.000000000000000000e+00,0.000000000000000000e+00,0.000000000000000000e+00,0.000000000000000000e+00,0.000000000000000000e+00,0.000000000000000000e+00,5.425200000000000022e-01,0.000000000000000000e+00,0.000000000000000000e+00,0.000000000000000000e+00,5.441500000000000226e-01,5.803000000000000380e-01,5.692599999999999882e-01,5.615700000000000136e-01,5.695000000000000062e-01,5.491800000000000015e-01,5.689699999999999758e-01,5.423599999999999532e-01,5.742500000000000382e-01,5.701199999999999601e-01,5.572799999999999976e-01,5.569399999999999906e-01,5.617900000000000116e-01,5.532000000000000250e-01,0.000000000000000000e+00,5.459899999999999753e-01,0.000000000000000000e+00,5.443500000000000005e-01,5.594900000000000428e-01,5.515600000000000502e-01,0.000000000000000000e+00,5.543099999999999694e-01,5.489600000000000035e-01,5.671399999999999775e-01,0.000000000000000000e+00,0.000000000000000000e+00,5.513299999999999867e-01,5.556200000000000028e-01,0.000000000000000000e+00,0.000000000000000000e+00,5.542899999999999494e-01,5.433099999999999596e-01,0.000000000000000000e+00,0.000000000000000000e+00,0.000000000000000000e+00,0.000000000000000000e+00,0.000000000000000000e+00,0.000000000000000000e+00,5.420199999999999463e-01,0.000000000000000000e+00,0.000000000000000000e+00,0.000000000000000000e+00,5.502000000000000224e-01,0.000000000000000000e+00,5.482299999999999951e-01
0.000000000000000000e+00,0.000000000000000000e+00,0.000000000000000000e+00,0.000000000000000000e+00,5.441500000000000226e-01,0.000000000000000000e+00,5.472299999999999942e-01,5.510899999999999688e-01,5.418100000000000138e-01,5.458699999999999664e-01,5.433999999999999941e-01,0.000000000000000000e+00,0.000000000000000000e+00,5.534299999999999775e-01,0.000000000000000000e+00,0.000000000000000000e+00,0.000000000000000000e+00,0.000000000000000000e+00,0.000000000000000000e+00,0.000000000000000000e+00,0.000000000000000000e+00,0.000000000000000000e+00,0.000000000000000000e+00,0.000000000000000000e+00,0.000000000000000000e+00,0.000000000000000000e+00,0.000000000000000000e+00,0.000000000000000000e+00,0.000000000000000000e+00,0.000000000000000000e+00,0.000000000000000000e+00,0.000000000000000000e+00,5.658499999999999641e-01,5.589399999999999924e-01,5.577499999999999680e-01,5.558699999999999752e-01,5.441599999999999770e-01,5.624799999999999800e-01,0.000000000000000000e+00,5.679100000000000259e-01,5.590199999999999614e-01,5.545600000000000529e-01,5.436199999999999921e-01,5.489500000000000490e-01,5.507900000000000018e-01,0.000000000000000000e+00,0.000000000000000000e+00,0.000000000000000000e+00,0.000000000000000000e+00,5.469199999999999617e-01,5.508199999999999763e-01,0.000000000000000000e+00,5.530699999999999505e-01,5.460500000000000353e-01,5.531500000000000306e-01,0.000000000000000000e+00,0.000000000000000000e+00,5.467400000000000038e-01,5.472799999999999887e-01,0.000000000000000000e+00,0.000000000000000000e+00,5.453700000000000214e-01,5.417999999999999483e-01,0.000000000000000000e+00,0.000000000000000000e+00,0.000000000000000000e+00,0.000000000000000000e+00,0.000000000000000000e+00,0.000000000000000000e+00,0.000000000000000000e+00,0.000000000000000000e+00,0.000000000000000000e+00,0.000000000000000000e+00,5.456199999999999939e-01,0.000000000000000000e+00,0.000000000000000000e+00
5.489699999999999580e-01,0.000000000000000000e+00,0.000000000000000000e+00,5.665900000000000380e-01,5.723599999999999799e-01,0.000000000000000000e+00,5.742000000000000437e-01,5.789299999999999446e-01,5.483299999999999841e-01,5.687499999999999778e-01,5.650899999999999812e-01,5.633099999999999774e-01,5.566799999999999526e-01,5.749499999999999611e-01,5.435499999999999776e-01,0.000000000000000000e+00,5.585200000000000164e-01,0.000000000000000000e+00,0.000000000000000000e+00,0.000000000000000000e+00,5.565400000000000347e-01,0.000000000000000000e+00,5.444700000000000095e-01,5.575599999999999445e-01,5.423000000000000043e-01,0.000000000000000000e+00,0.000000000000000000e+00,5.515600000000000502e-01,5.466699999999999893e-01,0.000000000000000000e+00,5.489899999999999780e-01,5.638400000000000079e-01,5.854300000000000059e-01,5.748600000000000376e-01,5.708299999999999486e-01,5.769300000000000539e-01,5.729800000000000448e-01,5.826500000000000012e-01,5.715599999999999570e-01,5.812399999999999789e-01,5.718199999999999950e-01,5.740899999999999892e-01,5.625599999999999490e-01,5.833800000000000097e-01,5.650800000000000267e-01,5.462799999999999878e-01,5.500599999999999934e-01,0.000000000000000000e+00,5.622899999999999565e-01,5.720899999999999874e-01,5.591000000000000414e-01,5.505100000000000549e-01,5.757999999999999785e-01,5.505499999999999838e-01,5.748100000000000431e-01,5.524999999999999911e-01,5.577999999999999625e-01,5.634799999999999809e-01,5.633799999999999919e-01,0.000000000000000000e+00,0.000000000000000000e+00,5.638600000000000279e-01,5.562200000000000477e-01,0.000000000000000000e+00,0.000000000000000000e+00,5.534000000000000030e-01,0.000000000000000000e+00,5.465799999999999548e-01,5.524799999999999711e-01,5.549500000000000544e-01,5.519100000000000117e-01,0.000000000000000000e+00,5.433200000000000252e-01,5.553599999999999648e-01,0.000000000000000000e+00,5.512299999999999978e-01
