5.886900000000000466e-01,5.451599999999999779e-01,5.538499999999999535e-01,5.829400000000000137e-01,5.948200000000000154e-01,5.593599999999999683e-01,5.766099999999999559e-01,6.076300000000000034e-01,5.653899999999999482e-01,5.762500000000000400e-01,5.642599999999999838e-01,5.846799999999999775e-01,5.785000000000000142e-01,5.726200000000000179e-01,5.758600000000000385e-01,5.441599999999999770e-01,5.602000000000000313e-01,5.616299999999999626e-01,5.430399999999999672e-01,0.000000000000000000e+00,6.040600000000000414e-01,5.570899999999999741e-01,5.735000000000000098e-01,5.784500000000000197e-01,5.510300000000000198e-01,5.688499999999999668e-01,5.586600000000000454e-01,5.642000000000000348e-01,0.000000000000000000e+00,5.693399999999999572e-01,5.662199999999999456e-01,5.944199999999999484e-01,5.986900000000000555e-01,5.765000000000000124e-01,5.998599999999999488e-01,5.793800000000000061e-01,5.744099999999999762e-01,5.673799999999999955e-01,5.732300000000000173e-01,6.131600000000000383e-01,5.767200000000000104e-01,5.862000000000000544e-01,5.562700000000000422e-01,6.010799999999999477e-01,5.635200000000000209e-01,5.784200000000000452e-01,5.651500000000000412e-01,0.000000000000000000e+00,6.118900000000000450e-01,5.999299999999999633e-01,5.801800000000000290e-01,6.014500000000000401e-01,5.707799999999999541e-01,5.805500000000000105e-01,5.724900000000000544e-01,5.548600000000000199e-01,5.906599999999999628e-01,5.952699999999999658e-01,5.729800000000000448e-01,5.869199999999999973e-01,5.603399999999999492e-01,5.619100000000000206e-01,5.492200000000000415e-01,0.000000000000000000e+00,5.615999999999999881e-01,5.930699999999999861e-01,5.729100000000000303e-01,5.622800000000000020e-01,5.588600000000000234e-01,5.515499999999999847e-01,5.698800000000000532e-01,5.463400000000000478e-01,5.711800000000000210e-01,5.573000000000000176e-01,0.000000000000000000e+00,5.711100000000000065e-01
5.451700000000000434e-01,0.000000000000000000e+00,0.000000000000000000e+00,5.590199999999999614e-01,5.615200000000000191e-01,5.421099999999999808e-01,5.528100000000000236e-01,5.656299999999999661e-01,5.472599999999999687e-01,5.524099999999999566e-01,5.405900000000000150e-01,5.554099999999999593e-01,5.521000000000000352e-01,5.531700000000000506e-01,5.491399999999999615e-01,0.000000000000000000e+00,0.000000000000000000e+00,0.000000000000000000e+00,0.000000000000000000e+00,0.000000000000000000e+00,5.634799999999999809e-01,0.000000000000000000e+00,5.480300000000000171e-01,5.419100000000000028e-01,0.000000000000000000e+00,5.454999999999999849e-01,5.426999999999999602e-01,5.445200000000000040e-01,0.000000000000000000e+00,5.479399999999999826e-01,0.000000000000000000e+00,5.658400000000000096e-01,5.737799999999999567e-01,5.453599999999999559e-01,5.697400000000000242e-01,5.599399999999999933e-01,5.587400000000000144e-01,5.458899999999999864e-01,5.496999999999999664e-01,5.708199999999999941e-01,5.490000000000000435e-01,5.467300000000000493e-01,5.455799999999999539e-01,5.834200000000000497e-01,0.000000000000000000e+00,5.556499999999999773e-01,5.438300000000000356e-01,0.000000000000000000e+00,5.768900000000000139e-01,5.705999999999999961e-01,5.530199999999999561e-01,5.810199999999999809e-01,5.410899999999999599e-01,5.548199999999999799e-01,5.528499999999999526e-01,0.000000000000000000e+00,5.623899999999999455e-01,5.666400000000000325e-01,5.598899999999999988e-01,5.565099999999999492e-01,5.431399999999999562e-01,5.505700000000000038e-01,0.000000000000000000e+00,0.000000000000000000e+00,5.505700000000000038e-01,5.485299999999999621e-01,5.536900000000000155e-01,0.000000000000000000e+00,0.000000000000000000e+00,0.000000000000000000e+00,5.485999999999999766e-01,0.000000000000000000e+00,5.491200000000000525e-01,5.403200000000000225e-01,0.000000000000000000e+00,5.437800000000000411e-01
5.538499999999999535e-01,0.000000000000000000e+00,5.645999999999999908e-01,5.594799999999999773e-01,5.697100000000000497e-01,5.511800000000000033e-01,5.612899999999999556e-01,5.722300000000000164e-01,5.605099999999999527e-01,5.672099999999999920e-01,5.565799999999999637e-01,5.677900000000000169e-01,5.599199999999999733e-01,5.580600000000000005e-01,5.560899999999999732e-01,0.000000000000000000e+00,5.426499999999999657e-01,5.525400000000000311e-01,5.490399999999999725e-01,0.000000000000000000e+00,5.577400000000000135e-01,5.460500000000000353e-01,5.611500000000000377e-01,5.501599999999999824e-01,0.000000000000000000e+00,5.479300000000000281e-01,5.525600000000000511e-01,5.528800000000000381e-01,0.000000000000000000e+00,5.500199999999999534e-01,5.469699999999999562e-01,5.650300000000000322e-01,5.812899999999999734e-01,5.638699999999999823e-01,5.745200000000000307e-01,5.708699999999999886e-01,5.700399999999999912e-01,5.673599999999999755e-01,5.505700000000000038e-01,5.832000000000000517e-01,5.671899999999999720e-01,5.637100000000000444e-01,5.600500000000000478e-01,5.854099999999999859e-01,5.612500000000000266e-01,5.694900000000000517e-01,5.525099999999999456e-01,5.434600000000000541e-01,6.026599999999999735e-01,5.823199999999999488e-01,5.675299999999999789e-01,5.867999999999999883e-01,5.504900000000000349e-01,5.739499999999999602e-01,5.594200000000000284e-01,0.000000000000000000e+00,5.734099999999999753e-01,5.788900000000000157e-01,5.690800000000000303e-01,5.702500000000000346e-01,5.578699999999999770e-01,5.483599999999999586e-01,5.503500000000000059e-01,0.000000000000000000e+00,5.647600000000000398e-01,5.456100000000000394e-01,5.634900000000000464e-01,5.502399999999999514e-01,5.421799999999999953e-01,5.464700000000000113e-01,5.561800000000000077e-01,5.448600000000000110e-01,5.595200000000000173e-01,5.539899999999999824e-01,0.000000000000000000e+00,5.529199999999999671e-01
5.829400000000000137e-01,5.590199999999999614e-01,5.594799999999999773e-01,6.001800000000000468e-01,6.032600000000000184e-01,5.720399999999999929e-01,5.906299999999999883e-01,6.034300000000000219e-01,5.764599999999999724e-01,5.953100000000000058e-01,5.787099999999999467e-01,5.960400000000000142e-01,5.954300000000000148e-01,5.932600000000000096e-01,5.827599999999999447e-01,5.470399999999999707e-01,5.653000000000000247e-01,5.670399999999999885e-01,5.539300000000000335e-01,5.522200000000000442e-01,6.115800000000000125e-01,5.635299999999999754e-01,5.773700000000000498e-01,5.786299999999999777e-01,5.614400000000000501e-01,5.778400000000000203e-01,5.732699999999999463e-01,5.783700000000000507e-01,5.530100000000000016e-01,5.772500000000000409e-01,5.750499999999999501e-01,6.166199999999999459e-01,6.198399999999999466e-01,5.947000000000000064e-01,6.195199999999999596e-01,6.025099999999999900e-01,6.008200000000000207e-01,5.850699999999999790e-01,5.915599999999999747e-01,6.220299999999999718e-01,5.894000000000000350e-01,5.917599999999999527e-01,5.783199999999999452e-01,6.240700000000000136e-01,5.706499999999999906e-01,5.906700000000000284e-01,5.773800000000000043e-01,5.532700000000000395e-01,6.145899999999999697e-01,6.141799999999999482e-01,5.875399999999999512e-01,6.235899999999999777e-01,5.784399999999999542e-01,5.918799999999999617e-01,5.891199999999999770e-01,5.640699999999999603e-01,6.029400000000000315e-01,6.093300000000000383e-01,5.949100000000000499e-01,5.962399999999999922e-01,5.725400000000000489e-01,5.772800000000000153e-01,5.649199999999999777e-01,5.508999999999999453e-01,5.768900000000000139e-01,5.909699999999999953e-01,5.848799999999999555e-01,5.726700000000000124e-01,5.571099999999999941e-01,5.642500000000000293e-01,5.825599999999999667e-01,5.588600000000000234e-01,5.843800000000000106e-01,5.677499999999999769e-01,5.460300000000000153e-01,5.778999999999999693e-01
5.948200000000000154e-01,5.615200000000000191e-01,5.697100000000000497e-01,6.032600000000000184e-01,6.072699999999999765e-01,5.732699999999999463e-01,5.952100000000000168e-01,6.047400000000000553e-01,5.779600000000000293e-01,5.990199999999999969e-01,5.830300000000000482e-01,6.038599999999999524e-01,5.949299999999999589e-01,5.914599999999999858e-01,5.852600000000000025e-01,5.558800000000000407e-01,5.700699999999999656e-01,5.718699999999999894e-01,5.524999999999999911e-01,5.515799999999999592e-01,6.163499999999999535e-01,5.660300000000000331e-01,5.820100000000000273e-01,5.850499999999999590e-01,5.643299999999999983e-01,5.810199999999999809e-01,5.753800000000000026e-01,5.802300000000000235e-01,5.537199999999999900e-01,5.829999999999999627e-01,5.763500000000000290e-01,6.189500000000000002e-01,6.208900000000000530e-01,5.935700000000000420e-01,6.187899999999999512e-01,6.037799999999999834e-01,5.981699999999999795e-01,5.856999999999999984e-01,5.980299999999999505e-01,6.272600000000000398e-01,5.891499999999999515e-01,5.933500000000000441e-01,5.795400000000000551e-01,6.327199999999999491e-01,5.799699999999999855e-01,5.991100000000000314e-01,5.797099999999999476e-01,5.554799999999999738e-01,6.267800000000000038e-01,6.225399999999999823e-01,5.900499999999999634e-01,6.291799999999999615e-01,5.800300000000000455e-01,5.955000000000000293e-01,5.948499999999999899e-01,5.692800000000000082e-01,6.111799999999999455e-01,6.141499999999999737e-01,5.970199999999999951e-01,5.958700000000000108e-01,5.759400000000000075e-01,5.823800000000000088e-01,5.668199999999999905e-01,5.500300000000000189e-01,5.785400000000000542e-01,5.937099999999999600e-01,5.863300000000000178e-01,5.736299999999999732e-01,5.604599999999999582e-01,5.668600000000000305e-01,5.859699999999999909e-01,5.603900000000000547e-01,5.874399999999999622e-01,5.695400000000000462e-01,5.503500000000000059e-01,5.822000000000000508e-01
5.593599999999999683e-01,5.421099999999999808e-01,5.511800000000000033e-01,5.720399999999999929e-01,5.732699999999999463e-01,5.510399999999999743e-01,5.654299999999999882e-01,5.759600000000000275e-01,5.582000000000000295e-01,5.649499999999999522e-01,5.507999999999999563e-01,5.681500000000000439e-01,5.652500000000000302e-01,5.650100000000000122e-01,5.613299999999999956e-01,0.000000000000000000e+00,5.455100000000000504e-01,5.534599999999999520e-01,5.404999999999999805e-01,0.000000000000000000e+00,5.752099999999999991e-01,5.482200000000000406e-01,5.604700000000000237e-01,5.571599999999999886e-01,5.444999999999999840e-01,5.554400000000000448e-01,5.540399999999999769e-01,5.575200000000000156e-01,0.000000000000000000e+00,5.543400000000000549e-01,5.512500000000000178e-01,5.767900000000000249e-01,5.875700000000000367e-01,5.643200000000000438e-01,5.847999999999999865e-01,5.747700000000000031e-01,5.731600000000000028e-01,5.586100000000000509e-01,5.569499999999999451e-01,5.916099999999999692e-01,5.652000000000000357e-01,5.607299999999999507e-01,5.551899999999999613e-01,5.918700000000000072e-01,5.553900000000000503e-01,5.666799999999999615e-01,5.541300000000000114e-01,5.404799999999999605e-01,5.903899999999999704e-01,5.849400000000000155e-01,5.670800000000000285e-01,5.926500000000000101e-01,5.541800000000000059e-01,5.713099999999999845e-01,5.609499999999999487e-01,5.407800000000000384e-01,5.729100000000000303e-01,5.781600000000000072e-01,5.706999999999999851e-01,5.737100000000000533e-01,5.543900000000000494e-01,5.538800000000000390e-01,5.452599999999999669e-01,0.000000000000000000e+00,5.602300000000000058e-01,5.632399999999999629e-01,5.646400000000000308e-01,5.531500000000000306e-01,5.422200000000000353e-01,5.450599999999999890e-01,5.576699999999999990e-01,5.432099999999999707e-01,5.600000000000000533e-01,5.522399999999999531e-01,0.000000000000000000e+00,5.558300000000000463e-01
5.766099999999999559e-01,5.528100000000000236e-01,5.612899999999999556e-01,5.906299999999999883e-01,5.952100000000000168e-01,5.654299999999999882e-01,5.819299999999999473e-01,5.977700000000000236e-01,5.722599999999999909e-01,5.859100000000000419e-01,5.695799999999999752e-01,5.876400000000000512e-01,5.821800000000000308e-01,5.823500000000000343e-01,5.733099999999999863e-01,5.496900000000000119e-01,5.571000000000000396e-01,5.640399999999999858e-01,5.458199999999999719e-01,5.493500000000000050e-01,5.990199999999999969e-01,5.600199999999999623e-01,5.728999999999999648e-01,5.705500000000000016e-01,5.583500000000000130e-01,5.711500000000000465e-01,5.674200000000000355e-01,5.718900000000000095e-01,5.481000000000000316e-01,5.760399999999999965e-01,5.652800000000000047e-01,6.038400000000000434e-01,6.113399999999999945e-01,5.758299999999999530e-01,6.024199999999999555e-01,5.924800000000000066e-01,5.919299999999999562e-01,5.774200000000000443e-01,5.868499999999999828e-01,6.091699999999999893e-01,5.761199999999999655e-01,5.800199999999999800e-01,5.721399999999999819e-01,6.239099999999999646e-01,5.672599999999999865e-01,5.850100000000000300e-01,5.694200000000000372e-01,5.481500000000000261e-01,6.085800000000000098e-01,6.071800000000000530e-01,5.793300000000000116e-01,6.165599999999999969e-01,5.687200000000000033e-01,5.826400000000000468e-01,5.824099999999999833e-01,5.564299999999999802e-01,5.954000000000000403e-01,6.004500000000000393e-01,5.883500000000000396e-01,5.817600000000000549e-01,5.669600000000000195e-01,5.771500000000000519e-01,5.601699999999999458e-01,5.416499999999999648e-01,5.723099999999999854e-01,5.790800000000000392e-01,5.791600000000000081e-01,5.636400000000000299e-01,5.538199999999999790e-01,5.591399999999999704e-01,5.735999999999999988e-01,5.525299999999999656e-01,5.756799999999999695e-01,5.635999999999999899e-01,5.417399999999999993e-01,5.711600000000000010e-01
6.076300000000000034e-01,5.656299999999999661e-01,5.722300000000000164e-01,6.034300000000000219e-01,6.047400000000000553e-01,5.759600000000000275e-01,5.977700000000000236e-01,6.287199999999999456e-01,5.851199999999999735e-01,5.840999999999999526e-01,5.685700000000000198e-01,6.009900000000000242e-01,5.972699999999999676e-01,5.860300000000000509e-01,5.932399999999999896e-01,5.710699999999999665e-01,5.690300000000000358e-01,5.934300000000000130e-01,5.542799999999999949e-01,5.661899999999999711e-01,6.264199999999999768e-01,5.848100000000000520e-01,5.981300000000000505e-01,6.052100000000000257e-01,5.732800000000000118e-01,5.902899999999999814e-01,5.795000000000000151e-01,5.831399999999999917e-01,5.610000000000000542e-01,5.833000000000000407e-01,5.783700000000000507e-01,6.243600000000000261e-01,6.249000000000000110e-01,5.861399999999999944e-01,6.205699999999999550e-01,6.002899999999999903e-01,6.034100000000000019e-01,5.841600000000000126e-01,6.006200000000000427e-01,6.398899999999999588e-01,5.965500000000000247e-01,6.023100000000000120e-01,5.660399999999999876e-01,6.433299999999999574e-01,5.727400000000000269e-01,6.002100000000000213e-01,5.851899999999999880e-01,5.579199999999999715e-01,6.327500000000000346e-01,6.257000000000000339e-01,5.999400000000000288e-01,6.357599999999999918e-01,5.890100000000000335e-01,6.043199999999999683e-01,5.848999999999999755e-01,5.684399999999999453e-01,6.021999999999999575e-01,6.188299999999999912e-01,5.998499999999999943e-01,6.047900000000000498e-01,5.827499999999999902e-01,5.867599999999999483e-01,5.735099999999999643e-01,5.526200000000000001e-01,5.902100000000000124e-01,6.054899999999999727e-01,6.006399999999999517e-01,5.791199999999999681e-01,5.745900000000000452e-01,5.733200000000000518e-01,5.872699999999999587e-01,5.623799999999999910e-01,5.896900000000000475e-01,5.819100000000000383e-01,0.000000000000000000e+00,5.866099999999999648e-01
5.653899999999999482e-01,5.472599999999999687e-01,5.605099999999999527e-01,5.764599999999999724e-01,5.779600000000000293e-01,5.582000000000000295e-01,5.722599999999999909e-01,5.851199999999999735e-01,5.693799999999999972e-01,5.698800000000000532e-01,5.571300000000000141e-01,5.708199999999999941e-01,5.740300000000000402e-01,5.678400000000000114e-01,5.631599999999999939e-01,5.448699999999999655e-01,5.493599999999999595e-01,5.644799999999999818e-01,5.451599999999999779e-01,5.459100000000000064e-01,5.766099999999999559e-01,5.577100000000000390e-01,5.664400000000000546e-01,5.618900000000000006e-01,5.529800000000000271e-01,5.596900000000000208e-01,5.588400000000000034e-01,5.618400000000000061e-01,5.433200000000000252e-01,5.582000000000000295e-01,5.540800000000000169e-01,5.826599999999999557e-01,5.884599999999999831e-01,5.648400000000000087e-01,5.917099999999999582e-01,5.805299999999999905e-01,5.800699999999999745e-01,5.610699999999999577e-01,5.599199999999999733e-01,5.984199999999999520e-01,5.694599999999999662e-01,5.685200000000000253e-01,5.558499999999999552e-01,5.953699999999999548e-01,5.588400000000000034e-01,5.669100000000000250e-01,5.597199999999999953e-01,5.467800000000000438e-01,5.946299999999999919e-01,5.923199999999999577e-01,5.727999999999999758e-01,6.011199999999999877e-01,5.590500000000000469e-01,5.793599999999999861e-01,5.641300000000000203e-01,5.439399999999999791e-01,5.732800000000000118e-01,5.871899999999999897e-01,5.772399999999999753e-01,5.763399999999999634e-01,5.625799999999999690e-01,5.586799999999999544e-01,5.532700000000000395e-01,0.000000000000000000e+00,5.700899999999999856e-01,5.640100000000000113e-01,5.729199999999999848e-01,5.573500000000000121e-01,5.490899999999999670e-01,5.521000000000000352e-01,5.606499999999999817e-01,5.465799999999999548e-01,5.663799999999999946e-01,5.607999999999999652e-01,0.000000000000000000e+00,5.604700000000000237e-01
5.762500000000000400e-01,5.524099999999999566e-01,5.672099999999999920e-01,5.953100000000000058e-01,5.990199999999999969e-01,5.649499999999999522e-01,5.859100000000000419e-01,5.840999999999999526e-01,5.698800000000000532e-01,5.920699999999999852e-01,5.754799999999999915e-01,5.935899999999999510e-01,5.813099999999999934e-01,5.892899999999999805e-01,5.694900000000000517e-01,5.436199999999999921e-01,5.590600000000000014e-01,5.637900000000000134e-01,5.531000000000000361e-01,5.489000000000000545e-01,5.925799999999999956e-01,5.564999999999999947e-01,5.714299999999999935e-01,5.682500000000000329e-01,5.552799999999999958e-01,5.685000000000000053e-01,5.686799999999999633e-01,5.744399999999999507e-01,5.446600000000000330e-01,5.763700000000000490e-01,5.695299999999999807e-01,5.961999999999999522e-01,6.116099999999999870e-01,5.920900000000000052e-01,6.015800000000000036e-01,6.038499999999999979e-01,6.020699999999999941e-01,5.793300000000000116e-01,5.809199999999999919e-01,6.158700000000000285e-01,5.862399999999999833e-01,5.791500000000000536e-01,5.835700000000000331e-01,6.249299999999999855e-01,5.692000000000000393e-01,5.915899999999999492e-01,5.704200000000000381e-01,5.463599999999999568e-01,6.196899999999999631e-01,6.108799999999999786e-01,5.798100000000000476e-01,6.153399999999999981e-01,5.642300000000000093e-01,5.855799999999999894e-01,5.865099999999999758e-01,5.564799999999999747e-01,5.992499999999999494e-01,6.013600000000000056e-01,5.941999999999999504e-01,5.832500000000000462e-01,5.680199999999999694e-01,5.703000000000000291e-01,5.599800000000000333e-01,5.445799999999999530e-01,5.743899999999999562e-01,5.752899999999999681e-01,5.780800000000000383e-01,5.654299999999999882e-01,5.515099999999999447e-01,5.580300000000000260e-01,5.742500000000000382e-01,5.566299999999999581e-01,5.789100000000000357e-01,5.645299999999999763e-01,5.488100000000000200e-01,5.690300000000000358e-01
5.642599999999999838e-01,5.405900000000000150e-01,5.565799999999999637e-01,5.787099999999999467e-01,5.830300000000000482e-01,5.507999999999999563e-01,5.695799999999999752e-01,5.685700000000000198e-01,5.571300000000000141e-01,5.754899999999999460e-01,5.575400000000000356e-01,5.743599999999999817e-01,5.670600000000000085e-01,5.732899999999999663e-01,5.561099999999999932e-01,0.000000000000000000e+00,5.462599999999999678e-01,5.513400000000000523e-01,5.411299999999999999e-01,0.000000000000000000e+00,5.727200000000000069e-01,5.450500000000000345e-01,5.604400000000000492e-01,5.556799999999999518e-01,5.438499999999999446e-01,5.550399999999999778e-01,5.549899999999999833e-01,5.600300000000000278e-01,0.000000000000000000e+00,5.639199999999999768e-01,5.551399999999999668e-01,5.782100000000000017e-01,5.911600000000000188e-01,5.725099999999999634e-01,5.855299999999999949e-01,5.844599999999999795e-01,5.814000000000000279e-01,5.684799999999999853e-01,5.603700000000000347e-01,5.940400000000000125e-01,5.673700000000000410e-01,5.620000000000000551e-01,5.720899999999999874e-01,5.982499999999999485e-01,5.537300000000000555e-01,5.742399999999999727e-01,5.540300000000000225e-01,0.000000000000000000e+00,5.992100000000000204e-01,5.933800000000000185e-01,5.664299999999999891e-01,5.956299999999999928e-01,5.543200000000000349e-01,5.723599999999999799e-01,5.671599999999999975e-01,5.442799999999999860e-01,5.803300000000000125e-01,5.822899999999999743e-01,5.808900000000000174e-01,5.685400000000000453e-01,5.546400000000000219e-01,5.567900000000000071e-01,5.482700000000000351e-01,0.000000000000000000e+00,5.603299999999999947e-01,5.598499999999999588e-01,5.642700000000000493e-01,5.526200000000000001e-01,0.000000000000000000e+00,5.482399999999999496e-01,5.593399999999999483e-01,5.429599999999999982e-01,5.641399999999999748e-01,5.524499999999999966e-01,5.420599999999999863e-01,5.566900000000000182e-01
5.846799999999999775e-01,5.554099999999999593e-01,5.677900000000000169e-01,5.960400000000000142e-01,6.038599999999999524e-01,5.681500000000000439e-01,5.876400000000000512e-01,6.009900000000000242e-01,5.708299999999999486e-01,5.935899999999999510e-01,5.743599999999999817e-01,6.044599999999999973e-01,5.862199999999999633e-01,5.862000000000000544e-01,5.827499999999999902e-01,5.429699999999999527e-01,5.601399999999999713e-01,5.646600000000000508e-01,5.511200000000000543e-01,5.503099999999999659e-01,6.080499999999999794e-01,5.583599999999999675e-01,5.798499999999999766e-01,5.818200000000000038e-01,5.548899999999999944e-01,5.768799999999999484e-01,5.721899999999999764e-01,5.774399999999999533e-01,5.481200000000000516e-01,5.800100000000000255e-01,5.758199999999999985e-01,6.046799999999999953e-01,6.184699999999999642e-01,5.983800000000000230e-01,6.139200000000000212e-01,5.991999999999999549e-01,5.996599999999999708e-01,5.792399999999999771e-01,5.842000000000000526e-01,6.241499999999999826e-01,5.949400000000000244e-01,5.899100000000000454e-01,5.766900000000000359e-01,6.255300000000000304e-01,5.769199999999999884e-01,6.038499999999999979e-01,5.771199999999999664e-01,5.484499999999999931e-01,6.248899999999999455e-01,6.130200000000000093e-01,5.825399999999999467e-01,6.184500000000000552e-01,5.700899999999999856e-01,5.882500000000000506e-01,5.902899999999999814e-01,5.636400000000000299e-01,6.097599999999999687e-01,6.049099999999999477e-01,5.929699999999999971e-01,5.927799999999999736e-01,5.692300000000000137e-01,5.728999999999999648e-01,5.632300000000000084e-01,5.452200000000000379e-01,5.755000000000000115e-01,5.911699999999999733e-01,5.826700000000000212e-01,5.697799999999999532e-01,5.599399999999999933e-01,5.613899999999999446e-01,5.827799999999999647e-01,5.604999999999999982e-01,5.834700000000000442e-01,5.648900000000000032e-01,5.431099999999999817e-01,5.756799999999999695e-01
5.785000000000000142e-01,5.521000000000000352e-01,5.599199999999999733e-01,5.954300000000000148e-01,5.949299999999999589e-01,5.652500000000000302e-01,5.821699999999999653e-01,5.972800000000000331e-01,5.740199999999999747e-01,5.813099999999999934e-01,5.670600000000000085e-01,5.862199999999999633e-01,5.832800000000000207e-01,5.800300000000000455e-01,5.751600000000000046e-01,5.502700000000000369e-01,5.568499999999999561e-01,5.675099999999999589e-01,5.462799999999999878e-01,5.501099999999999879e-01,5.950600000000000334e-01,5.617299999999999516e-01,5.735999999999999988e-01,5.701699999999999546e-01,5.569399999999999906e-01,5.695400000000000462e-01,5.664400000000000546e-01,5.719300000000000495e-01,5.491300000000000070e-01,5.746700000000000141e-01,5.657299999999999551e-01,6.019200000000000106e-01,6.077299999999999924e-01,5.775599999999999623e-01,6.051999999999999602e-01,5.920900000000000052e-01,5.927700000000000191e-01,5.703399999999999581e-01,5.833099999999999952e-01,6.118500000000000050e-01,5.798900000000000166e-01,5.832100000000000062e-01,5.688400000000000123e-01,6.205100000000000060e-01,5.675400000000000444e-01,5.844399999999999595e-01,5.707299999999999596e-01,5.504799999999999693e-01,6.066700000000000426e-01,6.066599999999999770e-01,5.795099999999999696e-01,6.158299999999999885e-01,5.673300000000000010e-01,5.835700000000000331e-01,5.784599999999999742e-01,5.547199999999999909e-01,5.918900000000000272e-01,6.007200000000000317e-01,5.847700000000000120e-01,5.854899999999999549e-01,5.682199999999999473e-01,5.725700000000000234e-01,5.603599999999999692e-01,5.441300000000000026e-01,5.721000000000000529e-01,5.791399999999999881e-01,5.793000000000000371e-01,5.651300000000000212e-01,5.527900000000000036e-01,5.587800000000000544e-01,5.732199999999999518e-01,5.524799999999999711e-01,5.756799999999999695e-01,5.635299999999999754e-01,0.000000000000000000e+00,5.721300000000000274e-01
5.726099999999999524e-01,5.531700000000000506e-01,5.580600000000000005e-01,5.932600000000000096e-01,5.914599999999999858e-01,5.649999999999999467e-01,5.823500000000000343e-01,5.860400000000000054e-01,5.678400000000000114e-01,5.892899999999999805e-01,5.732899999999999663e-01,5.862000000000000544e-01,5.800300000000000455e-01,5.823899999999999633e-01,5.711500000000000465e-01,5.460099999999999953e-01,5.640100000000000113e-01,5.594999999999999973e-01,5.535799999999999610e-01,5.441599999999999770e-01,5.906099999999999683e-01,5.557400000000000118e-01,5.679300000000000459e-01,5.666799999999999615e-01,5.571800000000000086e-01,5.695299999999999807e-01,5.660500000000000531e-01,5.704299999999999926e-01,5.441099999999999826e-01,5.700399999999999912e-01,5.658400000000000096e-01,5.934800000000000075e-01,6.000299999999999523e-01,5.814099999999999824e-01,5.975300000000000056e-01,5.933199999999999585e-01,5.911100000000000243e-01,5.803399999999999670e-01,5.755599999999999605e-01,6.015899999999999581e-01,5.761899999999999800e-01,5.763500000000000290e-01,5.771399999999999864e-01,6.070900000000000185e-01,5.659499999999999531e-01,5.771500000000000519e-01,5.634599999999999609e-01,5.479100000000000081e-01,6.098500000000000032e-01,6.008000000000000007e-01,5.813099999999999934e-01,6.084699999999999553e-01,5.672599999999999865e-01,5.851100000000000190e-01,5.840899999999999981e-01,5.564400000000000457e-01,5.940100000000000380e-01,5.961400000000000032e-01,5.864200000000000523e-01,5.848200000000000065e-01,5.635000000000000009e-01,5.700399999999999912e-01,5.590000000000000524e-01,5.430300000000000127e-01,5.689999999999999503e-01,5.747400000000000286e-01,5.744500000000000162e-01,5.649199999999999777e-01,5.487699999999999800e-01,5.577400000000000135e-01,5.713899999999999535e-01,5.539199999999999680e-01,5.751300000000000301e-01,5.612399999999999611e-01,5.473299999999999832e-01,5.679199999999999804e-01
5.758600000000000385e-01,5.491399999999999615e-01,5.560899999999999732e-01,5.827599999999999447e-01,5.852600000000000025e-01,5.613299999999999956e-01,5.733099999999999863e-01,5.932399999999999896e-01,5.631599999999999939e-01,5.694900000000000517e-01,5.561099999999999932e-01,5.827499999999999902e-01,5.751600000000000046e-01,5.711600000000000010e-01,5.762500000000000400e-01,0.000000000000000000e+00,5.541500000000000314e-01,5.617799999999999461e-01,5.436400000000000121e-01,5.454499999999999904e-01,5.958299999999999708e-01,5.533799999999999830e-01,5.707600000000000451e-01,5.737600000000000477e-01,5.495499999999999829e-01,5.666299999999999670e-01,5.580300000000000260e-01,5.639300000000000423e-01,5.452099999999999724e-01,5.589100000000000179e-01,5.630500000000000504e-01,5.862899999999999778e-01,5.909100000000000463e-01,5.810800000000000409e-01,5.986099999999999755e-01,5.804500000000000215e-01,5.798200000000000021e-01,5.639100000000000223e-01,5.635099999999999554e-01,6.082100000000000284e-01,5.811399999999999899e-01,5.809999999999999609e-01,5.532700000000000395e-01,5.898700000000000054e-01,5.693300000000000027e-01,5.809699999999999864e-01,5.632399999999999629e-01,5.501399999999999624e-01,5.988700000000000134e-01,5.872800000000000242e-01,5.734900000000000553e-01,5.981800000000000450e-01,5.664099999999999691e-01,5.803800000000000070e-01,5.684900000000000508e-01,5.491399999999999615e-01,5.870600000000000263e-01,5.886299999999999866e-01,5.705700000000000216e-01,5.903100000000000014e-01,5.604999999999999982e-01,5.641000000000000458e-01,5.563299999999999912e-01,0.000000000000000000e+00,5.660600000000000076e-01,5.815000000000000169e-01,5.715200000000000280e-01,5.633399999999999519e-01,5.536400000000000210e-01,5.507499999999999618e-01,5.703599999999999781e-01,5.507499999999999618e-01,5.691699999999999537e-01,5.567699999999999871e-01,0.000000000000000000e+00,5.682899999999999618e-01
5.441599999999999770e-01,0.000000000000000000e+00,0.000000000000000000e+00,5.470399999999999707e-01,5.558800000000000407e-01,0.000000000000000000e+00,5.496900000000000119e-01,5.710699999999999665e-01,5.448699999999999655e-01,5.436199999999999921e-01,0.000000000000000000e+00,5.429699999999999527e-01,5.502700000000000369e-01,5.460000000000000409e-01,0.000000000000000000e+00,0.000000000000000000e+00,0.000000000000000000e+00,5.425799999999999512e-01,0.000000000000000000e+00,0.000000000000000000e+00,5.574299999999999811e-01,0.000000000000000000e+00,5.462799999999999878e-01,0.000000000000000000e+00,0.000000000000000000e+00,0.000000000000000000e+00,0.000000000000000000e+00,5.417100000000000248e-01,0.000000000000000000e+00,5.469500000000000473e-01,0.000000000000000000e+00,5.676099999999999479e-01,5.652599999999999847e-01,0.000000000000000000e+00,5.591099999999999959e-01,5.545099999999999474e-01,5.514799999999999702e-01,0.000000000000000000e+00,5.467600000000000238e-01,5.672599999999999865e-01,0.000000000000000000e+00,0.000000000000000000e+00,0.000000000000000000e+00,5.799299999999999455e-01,0.000000000000000000e+00,5.425499999999999767e-01,0.000000000000000000e+00,0.000000000000000000e+00,5.668900000000000050e-01,5.660300000000000331e-01,5.483900000000000441e-01,5.774799999999999933e-01,0.000000000000000000e+00,5.509399999999999853e-01,5.434999999999999831e-01,0.000000000000000000e+00,5.480899999999999661e-01,5.626999999999999780e-01,5.561399999999999677e-01,5.459500000000000464e-01,5.422099999999999698e-01,5.444499999999999895e-01,0.000000000000000000e+00,0.000000000000000000e+00,5.472799999999999887e-01,0.000000000000000000e+00,5.509699999999999598e-01,0.000000000000000000e+00,0.000000000000000000e+00,0.000000000000000000e+00,0.000000000000000000e+00,0.000000000000000000e+00,5.439500000000000446e-01,0.000000000000000000e+00,0.000000000000000000e+00,0.000000000000000000e+00
5.602000000000000313e-01,0.000000000000000000e+00,5.426499999999999657e-01,5.653000000000000247e-01,5.700699999999999656e-01,5.455100000000000504e-01,5.571000000000000396e-01,5.690300000000000358e-01,5.493599999999999595e-01,5.590600000000000014e-01,5.462599999999999678e-01,5.601399999999999713e-01,5.568499999999999561e-01,5.640100000000000113e-01,5.541500000000000314e-01,0.000000000000000000e+00,0.000000000000000000e+00,5.445100000000000495e-01,0.000000000000000000e+00,0.000000000000000000e+00,5.683700000000000419e-01,5.426900000000000057e-01,5.544799999999999729e-01,5.490000000000000435e-01,0.000000000000000000e+00,5.479699999999999571e-01,5.478199999999999736e-01,5.503200000000000314e-01,0.000000000000000000e+00,5.493099999999999650e-01,5.458399999999999919e-01,5.660899999999999821e-01,5.831499999999999462e-01,5.598899999999999988e-01,5.780499999999999527e-01,5.668499999999999650e-01,5.673500000000000210e-01,5.514200000000000212e-01,5.478199999999999736e-01,5.842500000000000471e-01,5.576200000000000045e-01,5.562399999999999567e-01,5.495799999999999574e-01,5.866299999999999848e-01,5.436800000000000521e-01,5.557299999999999462e-01,5.476199999999999957e-01,0.000000000000000000e+00,5.838700000000000001e-01,5.752000000000000446e-01,5.589800000000000324e-01,5.828100000000000502e-01,5.506900000000000128e-01,5.600199999999999623e-01,5.577900000000000080e-01,0.000000000000000000e+00,5.653899999999999482e-01,5.688999999999999613e-01,5.599800000000000333e-01,5.644700000000000273e-01,5.460500000000000353e-01,5.509800000000000253e-01,0.000000000000000000e+00,0.000000000000000000e+00,5.518899999999999917e-01,5.527199999999999891e-01,5.575400000000000356e-01,5.466699999999999893e-01,0.000000000000000000e+00,0.000000000000000000e+00,5.493999999999999995e-01,0.000000000000000000e+00,5.500699999999999479e-01,5.441799999999999971e-01,0.000000000000000000e+00,5.477800000000000447e-01
5.616299999999999626e-01,0.000000000000000000e+00,5.525400000000000311e-01,5.670399999999999885e-01,5.718699999999999894e-01,5.534499999999999975e-01,5.640399999999999858e-01,5.934300000000000130e-01,5.644799999999999818e-01,5.637900000000000134e-01,5.513400000000000523e-01,5.646600000000000508e-01,5.675099999999999589e-01,5.594999999999999973e-01,5.617799999999999461e-01,5.425799999999999512e-01,5.445100000000000495e-01,5.584999999999999964e-01,0.000000000000000000e+00,5.449500000000000455e-01,5.766999999999999904e-01,5.557999999999999607e-01,5.645799999999999708e-01,5.568100000000000271e-01,5.473200000000000287e-01,5.544900000000000384e-01,5.553799999999999848e-01,5.587600000000000344e-01,5.413599999999999524e-01,5.582200000000000495e-01,5.501599999999999824e-01,5.798600000000000421e-01,5.897000000000000020e-01,5.560399999999999787e-01,5.861499999999999488e-01,5.672500000000000320e-01,5.723799999999999999e-01,5.573000000000000176e-01,5.605400000000000382e-01,5.903399999999999759e-01,5.660600000000000076e-01,5.673500000000000210e-01,5.529800000000000271e-01,6.004300000000000193e-01,5.517300000000000537e-01,5.622000000000000330e-01,5.565200000000000147e-01,0.000000000000000000e+00,5.905099999999999794e-01,5.842199999999999616e-01,5.678999999999999604e-01,5.953699999999999548e-01,5.602200000000000513e-01,5.696299999999999697e-01,5.605700000000000127e-01,0.000000000000000000e+00,5.697299999999999587e-01,5.821499999999999453e-01,5.680800000000000294e-01,5.753899999999999570e-01,5.582799999999999985e-01,5.551899999999999613e-01,5.481399999999999606e-01,0.000000000000000000e+00,5.643200000000000438e-01,5.609300000000000397e-01,5.708100000000000396e-01,5.527400000000000091e-01,5.433400000000000452e-01,5.475499999999999812e-01,5.558100000000000263e-01,0.000000000000000000e+00,5.592899999999999539e-01,5.533700000000000285e-01,0.000000000000000000e+00,5.568999999999999506e-01
5.430399999999999672e-01,0.000000000000000000e+00,5.490399999999999725e-01,5.539300000000000335e-01,5.524999999999999911e-01,5.405100000000000460e-01,5.458199999999999719e-01,5.542799999999999949e-01,5.451599999999999779e-01,5.531000000000000361e-01,5.411299999999999999e-01,5.511099999999999888e-01,5.462799999999999878e-01,5.535799999999999610e-01,5.436400000000000121e-01,0.000000000000000000e+00,0.000000000000000000e+00,0.000000000000000000e+00,0.000000000000000000e+00,0.000000000000000000e+00,5.472099999999999742e-01,0.000000000000000000e+00,5.474200000000000177e-01,0.000000000000000000e+00,0.000000000000000000e+00,0.000000000000000000e+00,5.405299999999999550e-01,5.423299999999999788e-01,0.000000000000000000e+00,0.000000000000000000e+00,0.000000000000000000e+00,5.423299999999999788e-01,5.701100000000000056e-01,5.564599999999999547e-01,5.580399999999999805e-01,5.613899999999999446e-01,5.610199999999999632e-01,5.590199999999999614e-01,0.000000000000000000e+00,5.732699999999999463e-01,5.557100000000000373e-01,5.474099999999999522e-01,5.510399999999999743e-01,5.677699999999999969e-01,5.414999999999999813e-01,5.538499999999999535e-01,0.000000000000000000e+00,0.000000000000000000e+00,5.822899999999999743e-01,5.633799999999999919e-01,5.521000000000000352e-01,5.685900000000000398e-01,0.000000000000000000e+00,5.578100000000000280e-01,5.447300000000000475e-01,0.000000000000000000e+00,5.552000000000000268e-01,5.617999999999999661e-01,5.562500000000000222e-01,5.564599999999999547e-01,0.000000000000000000e+00,0.000000000000000000e+00,0.000000000000000000e+00,0.000000000000000000e+00,5.480800000000000116e-01,0.000000000000000000e+00,5.470599999999999907e-01,5.404700000000000060e-01,0.000000000000000000e+00,0.000000000000000000e+00,5.420300000000000118e-01,0.000000000000000000e+00,5.466499999999999693e-01,5.414900000000000269e-01,0.000000000000000000e+00,0.000000000000000000e+00
0.000000000000000000e+00,0.000000000000000000e+00,0.000000000000000000e+00,5.522200000000000442e-01,5.515799999999999592e-01,0.000000000000000000e+00,5.493500000000000050e-01,5.661899999999999711e-01,5.459100000000000064e-01,5.489000000000000545e-01,0.000000000000000000e+00,5.503099999999999659e-01,5.501099999999999879e-01,5.441599999999999770e-01,5.454499999999999904e-01,0.000000000000000000e+00,0.000000000000000000e+00,5.449500000000000455e-01,0.000000000000000000e+00,0.000000000000000000e+00,5.543900000000000494e-01,0.000000000000000000e+00,5.449800000000000200e-01,0.000000000000000000e+00,0.000000000000000000e+00,0.000000000000000000e+00,0.000000000000000000e+00,5.410099999999999909e-01,0.000000000000000000e+00,0.000000000000000000e+00,0.000000000000000000e+00,5.548499999999999543e-01,5.646499999999999853e-01,5.447600000000000220e-01,5.644700000000000273e-01,5.552399999999999558e-01,5.596299999999999608e-01,5.420199999999999463e-01,0.000000000000000000e+00,5.714799999999999880e-01,5.478399999999999936e-01,5.449699999999999545e-01,0.000000000000000000e+00,5.686499999999999888e-01,0.000000000000000000e+00,5.426600000000000312e-01,0.000000000000000000e+00,0.000000000000000000e+00,5.686400000000000343e-01,5.636400000000000299e-01,5.519199999999999662e-01,5.724299999999999944e-01,0.000000000000000000e+00,5.561700000000000532e-01,5.458499999999999464e-01,0.000000000000000000e+00,5.533500000000000085e-01,5.619899999999999896e-01,5.497600000000000264e-01,5.560599999999999987e-01,5.420899999999999608e-01,0.000000000000000000e+00,0.000000000000000000e+00,0.000000000000000000e+00,5.513200000000000323e-01,5.433000000000000052e-01,5.530399999999999761e-01,0.000000000000000000e+00,0.000000000000000000e+00,0.000000000000000000e+00,0.000000000000000000e+00,0.000000000000000000e+00,5.435100000000000486e-01,5.419699999999999518e-01,0.000000000000000000e+00,0.000000000000000000e+00
6.040600000000000414e-01,5.634799999999999809e-01,5.577400000000000135e-01,6.115800000000000125e-01,6.163499999999999535e-01,5.752099999999999991e-01,5.990199999999999969e-01,6.264199999999999768e-01,5.766099999999999559e-01,5.925799999999999956e-01,5.727200000000000069e-01,6.080499999999999794e-01,5.950600000000000334e-01,5.906099999999999683e-01,5.958299999999999708e-01,5.574299999999999811e-01,5.683700000000000419e-01,5.766999999999999904e-01,5.472099999999999742e-01,5.543900000000000494e-01,6.386300000000000310e-01,5.693200000000000482e-01,5.845799999999999885e-01,5.982300000000000395e-01,5.679800000000000404e-01,5.926700000000000301e-01,5.714099999999999735e-01,5.812100000000000044e-01,5.562300000000000022e-01,5.869799999999999462e-01,5.816400000000000459e-01,6.274300000000000432e-01,6.225300000000000278e-01,5.875000000000000222e-01,6.229099999999999637e-01,6.013399999999999856e-01,6.015099999999999891e-01,5.810100000000000264e-01,6.029900000000000260e-01,6.267099999999999893e-01,5.884300000000000086e-01,6.026200000000000445e-01,5.666400000000000325e-01,6.309099999999999708e-01,5.705000000000000071e-01,6.017200000000000326e-01,5.808900000000000174e-01,5.500199999999999534e-01,6.239900000000000446e-01,6.227099999999999858e-01,5.883800000000000141e-01,6.327399999999999691e-01,5.839800000000000546e-01,5.911399999999999988e-01,5.985700000000000465e-01,5.750300000000000411e-01,6.145899999999999697e-01,6.157899999999999485e-01,5.913199999999999568e-01,5.987099999999999644e-01,5.700800000000000312e-01,5.913800000000000168e-01,5.649100000000000232e-01,5.457600000000000229e-01,5.745299999999999851e-01,6.116700000000000470e-01,5.881699999999999706e-01,5.750199999999999756e-01,5.740600000000000147e-01,5.692599999999999882e-01,5.913500000000000423e-01,5.593799999999999883e-01,5.891199999999999770e-01,5.699300000000000477e-01,5.446900000000000075e-01,5.872199999999999642e-01
