5.663799999999999946e-01,5.816299999999999804e-01,0.000000000000000000e+00,5.825900000000000523e-01,5.723899999999999544e-01,5.542399999999999549e-01,5.774899999999999478e-01,5.891300000000000425e-01,5.563500000000000112e-01,5.477100000000000302e-01,5.560899999999999732e-01,5.587900000000000089e-01,5.655099999999999572e-01,5.611800000000000122e-01,5.722399999999999709e-01,0.000000000000000000e+00,0.000000000000000000e+00,5.485900000000000221e-01,0.000000000000000000e+00,5.518600000000000172e-01,5.748499999999999721e-01,5.479899999999999771e-01,5.574599999999999556e-01,5.678499999999999659e-01,5.547900000000000054e-01,5.607499999999999707e-01,5.504000000000000004e-01,5.471000000000000307e-01,5.598999999999999533e-01,0.000000000000000000e+00,5.662800000000000056e-01,5.739999999999999547e-01,5.982399999999999940e-01,5.888600000000000501e-01,5.937799999999999745e-01,5.600800000000000223e-01,5.739900000000000002e-01,5.630800000000000249e-01,5.859900000000000109e-01,5.831699999999999662e-01,5.762199999999999545e-01,5.612599999999999811e-01,5.532599999999999740e-01,5.908700000000000063e-01,5.694700000000000317e-01,5.750600000000000156e-01,5.515799999999999592e-01,5.690399999999999903e-01,5.807099999999999485e-01,5.882399999999999851e-01,5.454999999999999849e-01,5.723200000000000509e-01,5.907000000000000028e-01,5.611899999999999666e-01,5.731800000000000228e-01,5.584299999999999820e-01,5.691599999999999993e-01,5.705700000000000216e-01,5.707400000000000251e-01,5.673000000000000265e-01,0.000000000000000000e+00,0.000000000000000000e+00,0.000000000000000000e+00,5.537300000000000555e-01,0.000000000000000000e+00,5.760899999999999910e-01,5.465400000000000258e-01,5.510500000000000398e-01,5.585299999999999709e-01,5.470199999999999507e-01,5.553000000000000158e-01,0.000000000000000000e+00,5.541500000000000314e-01,5.429500000000000437e-01,0.000000000000000000e+00,5.543200000000000349e-01
5.816299999999999804e-01,6.221600000000000463e-01,5.675799999999999734e-01,6.176700000000000523e-01,6.103899999999999881e-01,5.856900000000000439e-01,6.209299999999999820e-01,6.118099999999999650e-01,5.928200000000000136e-01,5.760399999999999965e-01,5.845000000000000195e-01,5.709199999999999831e-01,6.002800000000000358e-01,6.109499999999999931e-01,6.050400000000000222e-01,5.679800000000000404e-01,5.595700000000000118e-01,5.852800000000000225e-01,5.565499999999999892e-01,5.829900000000000082e-01,5.948200000000000154e-01,5.837900000000000311e-01,5.801500000000000545e-01,5.694200000000000372e-01,5.950199999999999934e-01,5.862600000000000033e-01,5.831600000000000117e-01,5.807999999999999829e-01,5.943100000000000049e-01,5.691000000000000503e-01,5.952800000000000313e-01,6.028799999999999715e-01,6.317099999999999937e-01,6.154899999999999816e-01,6.180299999999999683e-01,6.145100000000000007e-01,6.229099999999999637e-01,5.753300000000000081e-01,6.183999999999999497e-01,6.366199999999999637e-01,6.134800000000000253e-01,6.000699999999999923e-01,5.899100000000000454e-01,6.370099999999999651e-01,5.869699999999999918e-01,5.882500000000000506e-01,5.880300000000000527e-01,5.947000000000000064e-01,6.235699999999999577e-01,6.300400000000000444e-01,5.739199999999999857e-01,6.137799999999999923e-01,6.133999999999999453e-01,5.977400000000000491e-01,6.043399999999999883e-01,5.863899999999999668e-01,5.829600000000000337e-01,6.074800000000000200e-01,6.093899999999999872e-01,5.885200000000000431e-01,5.756999999999999895e-01,5.636999999999999789e-01,5.589100000000000179e-01,5.803000000000000380e-01,5.711399999999999810e-01,5.881300000000000416e-01,5.813300000000000134e-01,5.739699999999999802e-01,5.641100000000000003e-01,5.833500000000000352e-01,5.800800000000000400e-01,5.578699999999999770e-01,5.883899999999999686e-01,5.780899999999999928e-01,5.504700000000000149e-01,5.817999999999999838e-01
0.000000000000000000e+00,5.675799999999999734e-01,0.000000000000000000e+00,5.580500000000000460e-01,5.528100000000000236e-01,5.453599999999999559e-01,5.596999999999999753e-01,5.716599999999999460e-01,5.508699999999999708e-01,0.000000000000000000e+00,0.000000000000000000e+00,0.000000000000000000e+00,5.477300000000000502e-01,5.512200000000000433e-01,5.586200000000000054e-01,0.000000000000000000e+00,0.000000000000000000e+00,0.000000000000000000e+00,0.000000000000000000e+00,5.413599999999999524e-01,5.451799999999999979e-01,0.000000000000000000e+00,5.411599999999999744e-01,0.000000000000000000e+00,5.407100000000000239e-01,5.425299999999999567e-01,0.000000000000000000e+00,0.000000000000000000e+00,5.475700000000000012e-01,0.000000000000000000e+00,5.492799999999999905e-01,5.435499999999999776e-01,5.668100000000000360e-01,5.638900000000000023e-01,5.659399999999999986e-01,5.544799999999999729e-01,5.586799999999999544e-01,5.437499999999999556e-01,5.588899999999999979e-01,5.648499999999999632e-01,5.536299999999999555e-01,5.501200000000000534e-01,5.480399999999999716e-01,5.655299999999999772e-01,5.460599999999999898e-01,5.440399999999999681e-01,5.401000000000000245e-01,5.508699999999999708e-01,5.693700000000000427e-01,5.676200000000000134e-01,0.000000000000000000e+00,5.561700000000000532e-01,5.612200000000000522e-01,5.492099999999999760e-01,5.515499999999999847e-01,5.417800000000000393e-01,0.000000000000000000e+00,5.560199999999999587e-01,5.600899999999999768e-01,5.448499999999999455e-01,0.000000000000000000e+00,0.000000000000000000e+00,0.000000000000000000e+00,0.000000000000000000e+00,0.000000000000000000e+00,5.406900000000000039e-01,0.000000000000000000e+00,0.000000000000000000e+00,0.000000000000000000e+00,0.000000000000000000e+00,0.000000000000000000e+00,0.000000000000000000e+00,5.415400000000000214e-01,0.000000000000000000e+00,0.000000000000000000e+00,0.000000000000000000e+00
5.825900000000000523e-01,6.176700000000000523e-01,5.580500000000000460e-01,6.466899999999999871e-01,6.159299999999999775e-01,5.759800000000000475e-01,6.216000000000000414e-01,6.148400000000000531e-01,5.841699999999999671e-01,5.751500000000000501e-01,5.822199999999999598e-01,5.704799999999999871e-01,5.951800000000000423e-01,6.232100000000000417e-01,5.997099999999999653e-01,5.555200000000000138e-01,5.479600000000000026e-01,5.756299999999999750e-01,5.456900000000000084e-01,5.758299999999999530e-01,5.928499999999999881e-01,5.738199999999999967e-01,5.741600000000000037e-01,5.712899999999999645e-01,5.854000000000000314e-01,5.751399999999999846e-01,5.709600000000000231e-01,5.758799999999999475e-01,5.905700000000000394e-01,5.750399999999999956e-01,5.946299999999999919e-01,6.008299999999999752e-01,6.332499999999999796e-01,6.199099999999999611e-01,6.191799999999999526e-01,6.213699999999999779e-01,6.315600000000000103e-01,5.919499999999999762e-01,6.205300000000000260e-01,6.333199999999999941e-01,6.209700000000000220e-01,5.997000000000000108e-01,5.976799999999999891e-01,6.316000000000000503e-01,5.916500000000000092e-01,6.067700000000000315e-01,5.738600000000000367e-01,5.915899999999999492e-01,6.151799999999999491e-01,6.350799999999999779e-01,5.648400000000000087e-01,6.162199999999999900e-01,6.136899999999999578e-01,5.935399999999999565e-01,6.078999999999999959e-01,5.884399999999999631e-01,5.953899999999999748e-01,6.025700000000000500e-01,6.168799999999999839e-01,5.877099999999999547e-01,5.651800000000000157e-01,5.591599999999999904e-01,5.586499999999999799e-01,5.777099999999999458e-01,5.644799999999999818e-01,5.961499999999999577e-01,5.708100000000000396e-01,5.715299999999999825e-01,5.670100000000000140e-01,5.760499999999999510e-01,5.687799999999999523e-01,5.491000000000000325e-01,5.818799999999999528e-01,5.652500000000000302e-01,5.465999999999999748e-01,5.799999999999999600e-01
5.723899999999999544e-01,6.103899999999999881e-01,5.528100000000000236e-01,6.159299999999999775e-01,6.044000000000000483e-01,5.713599999999999790e-01,6.073699999999999655e-01,5.957099999999999618e-01,5.805099999999999705e-01,5.717600000000000460e-01,5.774799999999999933e-01,5.679800000000000404e-01,5.929999999999999716e-01,5.990999999999999659e-01,5.887400000000000411e-01,5.595400000000000373e-01,5.491200000000000525e-01,5.733700000000000463e-01,5.448600000000000110e-01,5.659499999999999531e-01,5.885099999999999776e-01,5.704200000000000381e-01,5.667299999999999560e-01,5.634500000000000064e-01,5.873800000000000132e-01,5.732199999999999518e-01,5.695400000000000462e-01,5.706400000000000361e-01,5.803000000000000380e-01,5.605299999999999727e-01,5.834799999999999986e-01,5.964399999999999702e-01,6.182100000000000373e-01,6.008999999999999897e-01,6.081299999999999484e-01,6.051199999999999912e-01,6.150499999999999856e-01,5.697200000000000042e-01,6.125800000000000134e-01,6.189099999999999602e-01,5.952399999999999913e-01,5.883500000000000396e-01,5.819199999999999928e-01,6.262199999999999989e-01,5.710899999999999865e-01,5.891899999999999915e-01,5.755099999999999660e-01,5.820899999999999963e-01,6.147799999999999931e-01,6.240900000000000336e-01,5.632099999999999884e-01,6.061400000000000121e-01,5.981400000000000050e-01,5.877499999999999947e-01,6.010799999999999477e-01,5.787600000000000522e-01,5.784500000000000197e-01,5.992300000000000404e-01,6.000299999999999523e-01,5.744399999999999507e-01,5.573500000000000121e-01,5.644500000000000073e-01,5.488100000000000200e-01,5.684099999999999708e-01,5.566999999999999726e-01,5.831800000000000317e-01,5.662300000000000111e-01,5.622800000000000020e-01,5.563399999999999457e-01,5.736700000000000133e-01,5.681399999999999784e-01,5.472000000000000197e-01,5.804700000000000415e-01,5.665900000000000380e-01,5.462900000000000533e-01,5.721899999999999764e-01
5.542399999999999549e-01,5.856900000000000439e-01,5.453599999999999559e-01,5.759800000000000475e-01,5.713500000000000245e-01,5.632399999999999629e-01,5.815799999999999859e-01,5.809999999999999609e-01,5.693399999999999572e-01,5.454400000000000359e-01,5.498399999999999954e-01,0.000000000000000000e+00,5.663899999999999491e-01,5.695700000000000207e-01,5.745700000000000252e-01,5.407100000000000239e-01,0.000000000000000000e+00,5.563099999999999712e-01,0.000000000000000000e+00,5.578499999999999570e-01,5.565600000000000547e-01,5.582799999999999985e-01,5.571099999999999941e-01,5.471500000000000252e-01,5.623000000000000220e-01,5.577800000000000535e-01,5.581500000000000350e-01,5.531800000000000050e-01,5.694500000000000117e-01,5.467600000000000238e-01,5.646799999999999597e-01,5.692500000000000338e-01,5.856700000000000239e-01,5.785099999999999687e-01,5.849299999999999500e-01,5.768999999999999684e-01,5.806999999999999940e-01,5.522899999999999476e-01,5.809400000000000119e-01,5.957999999999999963e-01,5.727499999999999813e-01,5.647299999999999542e-01,5.612899999999999556e-01,5.901899999999999924e-01,5.579800000000000315e-01,5.605799999999999672e-01,5.601199999999999513e-01,5.696900000000000297e-01,5.811600000000000099e-01,5.874099999999999877e-01,5.542000000000000259e-01,5.760499999999999510e-01,5.784500000000000197e-01,5.728499999999999703e-01,5.639100000000000223e-01,5.522099999999999786e-01,5.437600000000000211e-01,5.733500000000000263e-01,5.760100000000000220e-01,5.599899999999999878e-01,5.499300000000000299e-01,5.429800000000000182e-01,0.000000000000000000e+00,5.513700000000000268e-01,5.493099999999999650e-01,5.490099999999999980e-01,5.572399999999999576e-01,5.520899999999999697e-01,5.446999999999999620e-01,5.530399999999999761e-01,5.520800000000000152e-01,0.000000000000000000e+00,5.574099999999999611e-01,5.539600000000000080e-01,0.000000000000000000e+00,5.518399999999999972e-01
5.774899999999999478e-01,6.209299999999999820e-01,5.596999999999999753e-01,6.216000000000000414e-01,6.073699999999999655e-01,5.815799999999999859e-01,6.144600000000000062e-01,6.127299999999999969e-01,5.887099999999999556e-01,5.727499999999999813e-01,5.820400000000000018e-01,5.715099999999999625e-01,5.969299999999999606e-01,6.050999999999999712e-01,6.003699999999999593e-01,5.644599999999999618e-01,5.529800000000000271e-01,5.793300000000000116e-01,5.517100000000000337e-01,5.772399999999999753e-01,5.926099999999999701e-01,5.788100000000000467e-01,5.756200000000000205e-01,5.704900000000000526e-01,5.922699999999999632e-01,5.806499999999999995e-01,5.755700000000000260e-01,5.759999999999999565e-01,5.903899999999999704e-01,5.655900000000000372e-01,5.919999999999999707e-01,6.035399999999999654e-01,6.210900000000000309e-01,6.110799999999999566e-01,6.108799999999999786e-01,6.119799999999999685e-01,6.229000000000000092e-01,5.755099999999999660e-01,6.201100000000000501e-01,6.312400000000000233e-01,6.072600000000000220e-01,5.961199999999999832e-01,5.866200000000000303e-01,6.287399999999999656e-01,5.764299999999999979e-01,5.921899999999999942e-01,5.822699999999999543e-01,5.895599999999999730e-01,6.162699999999999845e-01,6.272699999999999942e-01,5.671300000000000230e-01,6.116099999999999870e-01,6.082199999999999829e-01,5.938600000000000545e-01,6.045800000000000063e-01,5.822399999999999798e-01,5.807499999999999885e-01,6.056200000000000472e-01,6.058400000000000452e-01,5.822500000000000453e-01,5.688699999999999868e-01,5.654500000000000082e-01,5.548100000000000254e-01,5.765200000000000324e-01,5.645599999999999508e-01,5.854099999999999859e-01,5.738900000000000112e-01,5.686700000000000088e-01,5.598100000000000298e-01,5.774700000000000388e-01,5.723300000000000054e-01,5.522500000000000187e-01,5.849400000000000155e-01,5.727600000000000469e-01,5.483099999999999641e-01,5.774599999999999733e-01
5.891300000000000425e-01,6.118099999999999650e-01,5.716599999999999460e-01,6.148400000000000531e-01,5.957099999999999618e-01,5.809999999999999609e-01,6.127299999999999969e-01,6.305500000000000549e-01,5.888799999999999590e-01,5.688600000000000323e-01,5.770399999999999974e-01,5.837599999999999456e-01,5.886299999999999866e-01,6.063100000000000156e-01,6.085300000000000153e-01,5.514400000000000412e-01,5.469899999999999762e-01,5.755500000000000060e-01,5.593299999999999939e-01,5.851399999999999935e-01,5.965799999999999992e-01,5.797799999999999621e-01,5.896799999999999820e-01,5.852100000000000080e-01,5.816400000000000459e-01,5.873199999999999532e-01,5.759300000000000530e-01,5.751600000000000046e-01,5.927999999999999936e-01,5.688100000000000378e-01,5.968900000000000317e-01,5.933899999999999730e-01,6.225000000000000533e-01,6.183199999999999807e-01,6.116000000000000325e-01,6.132900000000000018e-01,6.193699999999999761e-01,5.792100000000000026e-01,6.105399999999999716e-01,6.233300000000000507e-01,6.117700000000000360e-01,5.909499999999999753e-01,5.900300000000000544e-01,6.249200000000000310e-01,5.890300000000000535e-01,5.901600000000000179e-01,5.795000000000000151e-01,5.927400000000000446e-01,6.248899999999999455e-01,6.276100000000000012e-01,5.693399999999999572e-01,6.088799999999999768e-01,6.235100000000000087e-01,5.932100000000000151e-01,5.954500000000000348e-01,5.837799999999999656e-01,5.852899999999999769e-01,6.006000000000000227e-01,6.150999999999999801e-01,5.883300000000000196e-01,5.708199999999999941e-01,5.484700000000000131e-01,5.520899999999999697e-01,5.789800000000000502e-01,5.700100000000000167e-01,5.857799999999999674e-01,5.784700000000000397e-01,5.746999999999999886e-01,5.562599999999999767e-01,5.704200000000000381e-01,5.725299999999999834e-01,5.543299999999999894e-01,5.801699999999999635e-01,5.719800000000000439e-01,5.456199999999999939e-01,5.717299999999999605e-01
5.563500000000000112e-01,5.928200000000000136e-01,5.508699999999999708e-01,5.841699999999999671e-01,5.805099999999999705e-01,5.693399999999999572e-01,5.887099999999999556e-01,5.888799999999999590e-01,5.771399999999999864e-01,5.558999999999999497e-01,5.591199999999999504e-01,5.458100000000000174e-01,5.739699999999999802e-01,5.827999999999999847e-01,5.786200000000000232e-01,5.485400000000000276e-01,5.440000000000000391e-01,5.649800000000000377e-01,5.410599999999999854e-01,5.674200000000000355e-01,5.628400000000000070e-01,5.669100000000000250e-01,5.617699999999999916e-01,5.502700000000000369e-01,5.710300000000000376e-01,5.623299999999999965e-01,5.654700000000000282e-01,5.614799999999999791e-01,5.774200000000000443e-01,5.569699999999999651e-01,5.709699999999999775e-01,5.754000000000000226e-01,5.928900000000000281e-01,5.844500000000000250e-01,5.879400000000000182e-01,5.905500000000000194e-01,5.932199999999999696e-01,5.570699999999999541e-01,5.847499999999999920e-01,6.001900000000000013e-01,5.769100000000000339e-01,5.702000000000000401e-01,5.725099999999999634e-01,5.971100000000000296e-01,5.608100000000000307e-01,5.626600000000000490e-01,5.678600000000000314e-01,5.744099999999999762e-01,5.890100000000000335e-01,5.983899999999999775e-01,5.625900000000000345e-01,5.863099999999999978e-01,5.840400000000000036e-01,5.826500000000000012e-01,5.746999999999999886e-01,5.619499999999999496e-01,5.507699999999999818e-01,5.809900000000000064e-01,5.860699999999999799e-01,5.650100000000000122e-01,5.568400000000000016e-01,5.524299999999999766e-01,5.432900000000000507e-01,5.592300000000000049e-01,5.581300000000000150e-01,5.560100000000000042e-01,5.654200000000000337e-01,5.573000000000000176e-01,5.501000000000000334e-01,5.617100000000000426e-01,5.577100000000000390e-01,5.441399999999999570e-01,5.657400000000000206e-01,5.606499999999999817e-01,0.000000000000000000e+00,5.566499999999999782e-01
5.477100000000000302e-01,5.760399999999999965e-01,0.000000000000000000e+00,5.751500000000000501e-01,5.717600000000000460e-01,5.454400000000000359e-01,5.727499999999999813e-01,5.688600000000000323e-01,5.558999999999999497e-01,5.467400000000000038e-01,5.518100000000000227e-01,0.000000000000000000e+00,5.599699999999999678e-01,5.808600000000000430e-01,5.594099999999999628e-01,0.000000000000000000e+00,0.000000000000000000e+00,5.480500000000000371e-01,0.000000000000000000e+00,5.469800000000000217e-01,5.565700000000000092e-01,5.469600000000000017e-01,5.433299999999999796e-01,0.000000000000000000e+00,5.579399999999999915e-01,5.446499999999999675e-01,5.425299999999999567e-01,5.456400000000000139e-01,5.542399999999999549e-01,5.404600000000000515e-01,5.552399999999999558e-01,5.532099999999999795e-01,5.732500000000000373e-01,5.643700000000000383e-01,5.630600000000000049e-01,5.823800000000000088e-01,5.853000000000000425e-01,5.435900000000000176e-01,5.655299999999999772e-01,5.812699999999999534e-01,5.601699999999999458e-01,5.528300000000000436e-01,5.653399999999999537e-01,5.780999999999999472e-01,5.497900000000000009e-01,5.528499999999999526e-01,5.503599999999999604e-01,5.487300000000000511e-01,5.764200000000000434e-01,5.859299999999999509e-01,5.404400000000000315e-01,5.715700000000000225e-01,5.638400000000000079e-01,5.577400000000000135e-01,5.705299999999999816e-01,5.505600000000000493e-01,5.491200000000000525e-01,5.643200000000000438e-01,5.761399999999999855e-01,5.451099999999999834e-01,0.000000000000000000e+00,5.402000000000000135e-01,0.000000000000000000e+00,0.000000000000000000e+00,0.000000000000000000e+00,5.503599999999999604e-01,5.442099999999999715e-01,0.000000000000000000e+00,0.000000000000000000e+00,5.461300000000000043e-01,5.403999999999999915e-01,0.000000000000000000e+00,5.524200000000000221e-01,5.426100000000000367e-01,0.000000000000000000e+00,5.435600000000000431e-01
5.560899999999999732e-01,5.845000000000000195e-01,0.000000000000000000e+00,5.822199999999999598e-01,5.774799999999999933e-01,5.498399999999999954e-01,5.820400000000000018e-01,5.770399999999999974e-01,5.591199999999999504e-01,5.518100000000000227e-01,5.548699999999999743e-01,5.474499999999999922e-01,5.669499999999999540e-01,5.777299999999999658e-01,5.678600000000000314e-01,0.000000000000000000e+00,0.000000000000000000e+00,5.525299999999999656e-01,0.000000000000000000e+00,5.505900000000000238e-01,5.645900000000000363e-01,5.528999999999999471e-01,5.489199999999999635e-01,5.424200000000000133e-01,5.648800000000000487e-01,5.538100000000000245e-01,5.499300000000000299e-01,5.507999999999999563e-01,5.602700000000000458e-01,5.423799999999999732e-01,5.606400000000000272e-01,5.637199999999999989e-01,5.913899999999999713e-01,5.753700000000000481e-01,5.747799999999999576e-01,5.797799999999999621e-01,5.869499999999999718e-01,5.503700000000000259e-01,5.731000000000000538e-01,5.894500000000000295e-01,5.702500000000000346e-01,5.588999999999999524e-01,5.637999999999999678e-01,5.919600000000000417e-01,5.518100000000000227e-01,5.619199999999999751e-01,5.557900000000000063e-01,5.580000000000000515e-01,5.857599999999999474e-01,5.934199999999999475e-01,5.459500000000000464e-01,5.788900000000000157e-01,5.735099999999999643e-01,5.650100000000000122e-01,5.724000000000000199e-01,5.595900000000000318e-01,5.550699999999999523e-01,5.729899999999999993e-01,5.776099999999999568e-01,5.554400000000000448e-01,5.429899999999999727e-01,5.411799999999999944e-01,0.000000000000000000e+00,5.471500000000000252e-01,5.432799999999999851e-01,5.583099999999999730e-01,5.502500000000000169e-01,5.435999999999999721e-01,0.000000000000000000e+00,5.533200000000000340e-01,5.487800000000000455e-01,0.000000000000000000e+00,5.598300000000000498e-01,5.485600000000000476e-01,0.000000000000000000e+00,5.514200000000000212e-01
5.587900000000000089e-01,5.709199999999999831e-01,0.000000000000000000e+00,5.704799999999999871e-01,5.679800000000000404e-01,0.000000000000000000e+00,5.715099999999999625e-01,5.837599999999999456e-01,5.458100000000000174e-01,0.000000000000000000e+00,5.474499999999999922e-01,5.513700000000000268e-01,5.535600000000000520e-01,5.662700000000000511e-01,5.674299999999999899e-01,0.000000000000000000e+00,0.000000000000000000e+00,0.000000000000000000e+00,0.000000000000000000e+00,5.403299999999999770e-01,5.660699999999999621e-01,0.000000000000000000e+00,5.479800000000000226e-01,5.463999999999999968e-01,5.497800000000000464e-01,5.502299999999999969e-01,0.000000000000000000e+00,0.000000000000000000e+00,5.477400000000000047e-01,0.000000000000000000e+00,5.548800000000000399e-01,5.553700000000000303e-01,5.810100000000000264e-01,5.721399999999999819e-01,5.698600000000000332e-01,5.665900000000000380e-01,5.746799999999999686e-01,5.450700000000000545e-01,5.694399999999999462e-01,5.768699999999999939e-01,5.672199999999999465e-01,5.552000000000000268e-01,5.534400000000000430e-01,5.788699999999999957e-01,5.501800000000000024e-01,5.586400000000000254e-01,5.444200000000000150e-01,5.494900000000000340e-01,5.816599999999999548e-01,5.839299999999999491e-01,0.000000000000000000e+00,5.682399999999999674e-01,5.678600000000000314e-01,5.487699999999999800e-01,5.640100000000000113e-01,5.493599999999999595e-01,5.588899999999999979e-01,5.633299999999999974e-01,5.683300000000000018e-01,5.489800000000000235e-01,0.000000000000000000e+00,0.000000000000000000e+00,0.000000000000000000e+00,5.400099999999999900e-01,0.000000000000000000e+00,5.571899999999999631e-01,0.000000000000000000e+00,0.000000000000000000e+00,0.000000000000000000e+00,0.000000000000000000e+00,5.406600000000000295e-01,0.000000000000000000e+00,5.473700000000000232e-01,0.000000000000000000e+00,0.000000000000000000e+00,5.400899999999999590e-01
5.655099999999999572e-01,6.002800000000000358e-01,5.477300000000000502e-01,5.951800000000000423e-01,5.929999999999999716e-01,5.663899999999999491e-01,5.969299999999999606e-01,5.886299999999999866e-01,5.739699999999999802e-01,5.599699999999999678e-01,5.669499999999999540e-01,5.535600000000000520e-01,5.812000000000000499e-01,5.894000000000000350e-01,5.807900000000000285e-01,5.521500000000000297e-01,5.415400000000000214e-01,5.662199999999999456e-01,0.000000000000000000e+00,5.631199999999999539e-01,5.769300000000000539e-01,5.657100000000000461e-01,5.608800000000000452e-01,5.515200000000000102e-01,5.788999999999999702e-01,5.655599999999999516e-01,5.629199999999999759e-01,5.637900000000000134e-01,5.752199999999999536e-01,5.564000000000000057e-01,5.744899999999999451e-01,5.834099999999999842e-01,6.000199999999999978e-01,5.878700000000000037e-01,5.880600000000000271e-01,5.950199999999999934e-01,6.003500000000000503e-01,5.539100000000000135e-01,5.955899999999999528e-01,6.097399999999999487e-01,5.815200000000000369e-01,5.751399999999999846e-01,5.733700000000000463e-01,6.069900000000000295e-01,5.597199999999999953e-01,5.753700000000000481e-01,5.684900000000000508e-01,5.738499999999999712e-01,5.969100000000000517e-01,6.069999999999999840e-01,5.562599999999999767e-01,5.927900000000000391e-01,5.901499999999999524e-01,5.779300000000000548e-01,5.863300000000000178e-01,5.669199999999999795e-01,5.623099999999999765e-01,5.877299999999999747e-01,5.882699999999999596e-01,5.677900000000000169e-01,5.550899999999999723e-01,5.562200000000000477e-01,5.444499999999999895e-01,5.610000000000000542e-01,5.523900000000000476e-01,5.700899999999999856e-01,5.616400000000000281e-01,5.570899999999999741e-01,5.471399999999999597e-01,5.659399999999999986e-01,5.602599999999999802e-01,5.417499999999999538e-01,5.718900000000000095e-01,5.603500000000000147e-01,5.415699999999999958e-01,5.630500000000000504e-01
5.611800000000000122e-01,6.109499999999999931e-01,5.512200000000000433e-01,6.232100000000000417e-01,5.990999999999999659e-01,5.695700000000000207e-01,6.050999999999999712e-01,6.063100000000000156e-01,5.827999999999999847e-01,5.808600000000000430e-01,5.777299999999999658e-01,5.662700000000000511e-01,5.894000000000000350e-01,6.110200000000000076e-01,5.893000000000000460e-01,5.613000000000000211e-01,5.570399999999999796e-01,5.769600000000000284e-01,5.426600000000000312e-01,5.716900000000000315e-01,5.870499999999999607e-01,5.723700000000000454e-01,5.662700000000000511e-01,5.606400000000000272e-01,5.869699999999999918e-01,5.687100000000000488e-01,5.646799999999999597e-01,5.713200000000000500e-01,5.834799999999999986e-01,5.678299999999999459e-01,5.842600000000000016e-01,5.933100000000000041e-01,6.087500000000000133e-01,5.948400000000000354e-01,6.017599999999999616e-01,6.197700000000000431e-01,6.285300000000000331e-01,5.756299999999999750e-01,6.078700000000000214e-01,6.158500000000000085e-01,5.936599999999999655e-01,5.840499999999999581e-01,5.950199999999999934e-01,6.198799999999999866e-01,5.783599999999999852e-01,5.662899999999999601e-01,5.759699999999999820e-01,5.769400000000000084e-01,6.099599999999999467e-01,6.278599999999999737e-01,5.652700000000000502e-01,6.051499999999999657e-01,6.011199999999999877e-01,5.917400000000000437e-01,6.071600000000000330e-01,5.836400000000000476e-01,5.829299999999999482e-01,5.951400000000000023e-01,6.070499999999999785e-01,5.727700000000000014e-01,5.623599999999999710e-01,5.609499999999999487e-01,5.511700000000000488e-01,5.682899999999999618e-01,5.648199999999999887e-01,5.804099999999999815e-01,5.688100000000000378e-01,5.603500000000000147e-01,5.472799999999999887e-01,5.710199999999999720e-01,5.604900000000000437e-01,5.492000000000000215e-01,5.774700000000000388e-01,5.662500000000000311e-01,5.507800000000000473e-01,5.658999999999999586e-01
5.722399999999999709e-01,6.050400000000000222e-01,5.586200000000000054e-01,5.997099999999999653e-01,5.887400000000000411e-01,5.745700000000000252e-01,6.003699999999999593e-01,6.085300000000000153e-01,5.786200000000000232e-01,5.594099999999999628e-01,5.678600000000000314e-01,5.674400000000000555e-01,5.807900000000000285e-01,5.893000000000000460e-01,5.935300000000000020e-01,5.503200000000000314e-01,5.467899999999999983e-01,5.676799999999999624e-01,5.472399999999999487e-01,5.719199999999999839e-01,5.827599999999999447e-01,5.695200000000000262e-01,5.743800000000000017e-01,5.715700000000000225e-01,5.741600000000000037e-01,5.754399999999999515e-01,5.664799999999999836e-01,5.649600000000000177e-01,5.830100000000000282e-01,5.563900000000000512e-01,5.829199999999999937e-01,5.862000000000000544e-01,6.087500000000000133e-01,6.014399999999999746e-01,6.029799999999999605e-01,5.932199999999999696e-01,5.995200000000000529e-01,5.691699999999999537e-01,6.020299999999999541e-01,6.078400000000000469e-01,5.955099999999999838e-01,5.819199999999999928e-01,5.763800000000000034e-01,6.070200000000000040e-01,5.729999999999999538e-01,5.775000000000000133e-01,5.713599999999999790e-01,5.838600000000000456e-01,6.048000000000000043e-01,6.122300000000000519e-01,5.616400000000000281e-01,5.950600000000000334e-01,6.034599999999999964e-01,5.835799999999999876e-01,5.861100000000000199e-01,5.732699999999999463e-01,5.762699999999999489e-01,5.908600000000000518e-01,5.954899999999999638e-01,5.797200000000000131e-01,5.567499999999999671e-01,5.463200000000000278e-01,5.433200000000000252e-01,5.678100000000000369e-01,5.601300000000000168e-01,5.759400000000000075e-01,5.676700000000000079e-01,5.654599999999999627e-01,5.584500000000000020e-01,5.631199999999999539e-01,5.654200000000000337e-01,5.456299999999999484e-01,5.714500000000000135e-01,5.617900000000000116e-01,5.411200000000000454e-01,5.650100000000000122e-01
0.000000000000000000e+00,5.679800000000000404e-01,0.000000000000000000e+00,5.555299999999999683e-01,5.595400000000000373e-01,5.407100000000000239e-01,5.644599999999999618e-01,5.514400000000000412e-01,5.485499999999999821e-01,0.000000000000000000e+00,0.000000000000000000e+00,0.000000000000000000e+00,5.521500000000000297e-01,5.613000000000000211e-01,5.503200000000000314e-01,0.000000000000000000e+00,0.000000000000000000e+00,5.406900000000000039e-01,0.000000000000000000e+00,5.416499999999999648e-01,5.442200000000000371e-01,5.419800000000000173e-01,0.000000000000000000e+00,0.000000000000000000e+00,5.490699999999999470e-01,0.000000000000000000e+00,0.000000000000000000e+00,0.000000000000000000e+00,5.484700000000000131e-01,0.000000000000000000e+00,5.450300000000000145e-01,5.518300000000000427e-01,5.625599999999999490e-01,5.487300000000000511e-01,5.508699999999999708e-01,5.656200000000000117e-01,5.658800000000000496e-01,0.000000000000000000e+00,5.554000000000000048e-01,5.652399999999999647e-01,5.453700000000000214e-01,0.000000000000000000e+00,5.537999999999999590e-01,5.753200000000000536e-01,0.000000000000000000e+00,0.000000000000000000e+00,5.422700000000000298e-01,5.420199999999999463e-01,5.643799999999999928e-01,5.718800000000000550e-01,0.000000000000000000e+00,5.602200000000000513e-01,5.607999999999999652e-01,5.502799999999999914e-01,5.548800000000000399e-01,5.407499999999999529e-01,0.000000000000000000e+00,5.549300000000000344e-01,5.568300000000000471e-01,0.000000000000000000e+00,0.000000000000000000e+00,0.000000000000000000e+00,0.000000000000000000e+00,0.000000000000000000e+00,0.000000000000000000e+00,5.407199999999999784e-01,5.399699999999999500e-01,0.000000000000000000e+00,0.000000000000000000e+00,0.000000000000000000e+00,0.000000000000000000e+00,0.000000000000000000e+00,5.425900000000000167e-01,0.000000000000000000e+00,0.000000000000000000e+00,0.000000000000000000e+00
0.000000000000000000e+00,5.595700000000000118e-01,0.000000000000000000e+00,5.479600000000000026e-01,5.491200000000000525e-01,0.000000000000000000e+00,5.529800000000000271e-01,5.469899999999999762e-01,5.440000000000000391e-01,0.000000000000000000e+00,0.000000000000000000e+00,0.000000000000000000e+00,5.415400000000000214e-01,5.570399999999999796e-01,5.467899999999999983e-01,0.000000000000000000e+00,0.000000000000000000e+00,0.000000000000000000e+00,0.000000000000000000e+00,0.000000000000000000e+00,5.413700000000000179e-01,0.000000000000000000e+00,0.000000000000000000e+00,0.000000000000000000e+00,0.000000000000000000e+00,0.000000000000000000e+00,0.000000000000000000e+00,0.000000000000000000e+00,5.418100000000000138e-01,0.000000000000000000e+00,0.000000000000000000e+00,0.000000000000000000e+00,5.471399999999999597e-01,5.440899999999999626e-01,5.447899999999999965e-01,5.632700000000000484e-01,5.534200000000000230e-01,0.000000000000000000e+00,5.495700000000000029e-01,5.625000000000000000e-01,0.000000000000000000e+00,0.000000000000000000e+00,5.527600000000000291e-01,5.579800000000000315e-01,0.000000000000000000e+00,0.000000000000000000e+00,0.000000000000000000e+00,5.433000000000000052e-01,5.539300000000000335e-01,5.664500000000000091e-01,0.000000000000000000e+00,5.536900000000000155e-01,5.571700000000000541e-01,5.442000000000000171e-01,5.518300000000000427e-01,0.000000000000000000e+00,0.000000000000000000e+00,5.480800000000000116e-01,5.592099999999999849e-01,0.000000000000000000e+00,0.000000000000000000e+00,0.000000000000000000e+00,0.000000000000000000e+00,0.000000000000000000e+00,0.000000000000000000e+00,0.000000000000000000e+00,0.000000000000000000e+00,0.000000000000000000e+00,0.000000000000000000e+00,0.000000000000000000e+00,0.000000000000000000e+00,0.000000000000000000e+00,0.000000000000000000e+00,0.000000000000000000e+00,0.000000000000000000e+00,0.000000000000000000e+00
5.485900000000000221e-01,5.852800000000000225e-01,0.000000000000000000e+00,5.756299999999999750e-01,5.733700000000000463e-01,5.563099999999999712e-01,5.793300000000000116e-01,5.755500000000000060e-01,5.649800000000000377e-01,5.480500000000000371e-01,5.525299999999999656e-01,0.000000000000000000e+00,5.662199999999999456e-01,5.769600000000000284e-01,5.676799999999999624e-01,5.406900000000000039e-01,0.000000000000000000e+00,5.542500000000000204e-01,0.000000000000000000e+00,5.552700000000000413e-01,5.612300000000000066e-01,5.541500000000000314e-01,5.507499999999999618e-01,0.000000000000000000e+00,5.627900000000000125e-01,5.507600000000000273e-01,5.507100000000000328e-01,5.524599999999999511e-01,5.648300000000000542e-01,5.498899999999999899e-01,5.603799999999999892e-01,5.713399999999999590e-01,5.778499999999999748e-01,5.674799999999999844e-01,5.678800000000000514e-01,5.843500000000000361e-01,5.853800000000000114e-01,5.428100000000000147e-01,5.810300000000000464e-01,5.855500000000000149e-01,5.625999999999999890e-01,5.554700000000000193e-01,5.677400000000000224e-01,5.946799999999999864e-01,5.468800000000000328e-01,5.509399999999999853e-01,5.573599999999999666e-01,5.597499999999999698e-01,5.804500000000000215e-01,5.929200000000000026e-01,5.474200000000000177e-01,5.780199999999999783e-01,5.790300000000000447e-01,5.663899999999999491e-01,5.722800000000000109e-01,5.545700000000000074e-01,5.496799999999999464e-01,5.720100000000000184e-01,5.755500000000000060e-01,5.543000000000000149e-01,5.479899999999999771e-01,5.464900000000000313e-01,0.000000000000000000e+00,5.488499999999999490e-01,5.465900000000000203e-01,5.565999999999999837e-01,5.526699999999999946e-01,5.458899999999999864e-01,0.000000000000000000e+00,5.513000000000000123e-01,5.458199999999999719e-01,0.000000000000000000e+00,5.583900000000000530e-01,5.493099999999999650e-01,0.000000000000000000e+00,5.477300000000000502e-01
0.000000000000000000e+00,5.565499999999999892e-01,0.000000000000000000e+00,5.456900000000000084e-01,5.448600000000000110e-01,0.000000000000000000e+00,5.516999999999999682e-01,5.593299999999999939e-01,5.410500000000000309e-01,0.000000000000000000e+00,0.000000000000000000e+00,0.000000000000000000e+00,0.000000000000000000e+00,5.426600000000000312e-01,5.472399999999999487e-01,0.000000000000000000e+00,0.000000000000000000e+00,0.000000000000000000e+00,0.000000000000000000e+00,0.000000000000000000e+00,0.000000000000000000e+00,0.000000000000000000e+00,0.000000000000000000e+00,0.000000000000000000e+00,0.000000000000000000e+00,0.000000000000000000e+00,0.000000000000000000e+00,0.000000000000000000e+00,0.000000000000000000e+00,0.000000000000000000e+00,0.000000000000000000e+00,0.000000000000000000e+00,5.618999999999999551e-01,5.546299999999999564e-01,5.531800000000000050e-01,5.452399999999999469e-01,5.536900000000000155e-01,0.000000000000000000e+00,5.438399999999999901e-01,5.598300000000000498e-01,5.477400000000000047e-01,0.000000000000000000e+00,0.000000000000000000e+00,5.576900000000000190e-01,0.000000000000000000e+00,0.000000000000000000e+00,0.000000000000000000e+00,5.425100000000000477e-01,5.584599999999999564e-01,5.574799999999999756e-01,0.000000000000000000e+00,5.477699999999999791e-01,5.486199999999999966e-01,5.411799999999999944e-01,5.421700000000000408e-01,0.000000000000000000e+00,0.000000000000000000e+00,5.465600000000000458e-01,5.485299999999999621e-01,0.000000000000000000e+00,0.000000000000000000e+00,0.000000000000000000e+00,0.000000000000000000e+00,0.000000000000000000e+00,0.000000000000000000e+00,0.000000000000000000e+00,0.000000000000000000e+00,0.000000000000000000e+00,0.000000000000000000e+00,0.000000000000000000e+00,0.000000000000000000e+00,0.000000000000000000e+00,0.000000000000000000e+00,0.000000000000000000e+00,0.000000000000000000e+00,0.000000000000000000e+00
5.518600000000000172e-01,5.829900000000000082e-01,5.413700000000000179e-01,5.758299999999999530e-01,5.659499999999999531e-01,5.578499999999999570e-01,5.772300000000000209e-01,5.851399999999999935e-01,5.674200000000000355e-01,5.469800000000000217e-01,5.505900000000000238e-01,5.403299999999999770e-01,5.631199999999999539e-01,5.716900000000000315e-01,5.719199999999999839e-01,5.416499999999999648e-01,0.000000000000000000e+00,5.552700000000000413e-01,0.000000000000000000e+00,5.583099999999999730e-01,5.579899999999999860e-01,5.568800000000000416e-01,5.546299999999999564e-01,5.476199999999999957e-01,5.589699999999999669e-01,5.552000000000000268e-01,5.533500000000000085e-01,5.493299999999999850e-01,5.674500000000000099e-01,5.428500000000000547e-01,5.639999999999999458e-01,5.639300000000000423e-01,5.807099999999999485e-01,5.796299999999999786e-01,5.819999999999999618e-01,5.785000000000000142e-01,5.811699999999999644e-01,5.562599999999999767e-01,5.717100000000000515e-01,5.848400000000000265e-01,5.725700000000000234e-01,5.594500000000000028e-01,5.611599999999999921e-01,5.812500000000000444e-01,5.592700000000000449e-01,5.556699999999999973e-01,5.566299999999999581e-01,5.643399999999999528e-01,5.750999999999999446e-01,5.847999999999999865e-01,5.534799999999999720e-01,5.734900000000000553e-01,5.818999999999999728e-01,5.711199999999999610e-01,5.669499999999999540e-01,5.553000000000000158e-01,5.477199999999999847e-01,5.683200000000000474e-01,5.735500000000000043e-01,5.582399999999999585e-01,5.502099999999999769e-01,5.407899999999999929e-01,0.000000000000000000e+00,5.511000000000000343e-01,5.520100000000000007e-01,5.506799999999999473e-01,5.564599999999999547e-01,5.498399999999999954e-01,5.433700000000000196e-01,5.495400000000000285e-01,5.484999999999999876e-01,0.000000000000000000e+00,5.540599999999999969e-01,5.509199999999999653e-01,0.000000000000000000e+00,5.493299999999999850e-01
5.748499999999999721e-01,5.948200000000000154e-01,5.451799999999999979e-01,5.928499999999999881e-01,5.885099999999999776e-01,5.565600000000000547e-01,5.926099999999999701e-01,5.965799999999999992e-01,5.628400000000000070e-01,5.565700000000000092e-01,5.645900000000000363e-01,5.660699999999999621e-01,5.769300000000000539e-01,5.870499999999999607e-01,5.827599999999999447e-01,5.442200000000000371e-01,5.413700000000000179e-01,5.612300000000000066e-01,0.000000000000000000e+00,5.579899999999999860e-01,5.852399999999999824e-01,5.571700000000000541e-01,5.643200000000000438e-01,5.636900000000000244e-01,5.694399999999999462e-01,5.661699999999999511e-01,5.544900000000000384e-01,5.586200000000000054e-01,5.677299999999999569e-01,5.485700000000000021e-01,5.724099999999999744e-01,5.833800000000000097e-01,5.981400000000000050e-01,5.866799999999999793e-01,5.840699999999999781e-01,5.897000000000000020e-01,5.926299999999999901e-01,5.551000000000000378e-01,5.953899999999999748e-01,5.950499999999999678e-01,5.796299999999999786e-01,5.684299999999999908e-01,5.716400000000000370e-01,6.070999999999999730e-01,5.662300000000000111e-01,5.767299999999999649e-01,5.595700000000000118e-01,5.679800000000000404e-01,5.970800000000000551e-01,6.075800000000000090e-01,5.508199999999999763e-01,5.908400000000000318e-01,5.974199999999999511e-01,5.689999999999999503e-01,5.887400000000000411e-01,5.670100000000000140e-01,5.790800000000000392e-01,5.819800000000000528e-01,5.872199999999999642e-01,5.718600000000000350e-01,5.433599999999999541e-01,5.505799999999999583e-01,0.000000000000000000e+00,5.588100000000000289e-01,5.478899999999999881e-01,5.841100000000000181e-01,5.550699999999999523e-01,5.548300000000000454e-01,5.495700000000000029e-01,5.565200000000000147e-01,5.592899999999999539e-01,0.000000000000000000e+00,5.642300000000000093e-01,5.506600000000000383e-01,0.000000000000000000e+00,5.568100000000000271e-01
