1.000000000000000000e+00,-4.049400000000000222e-02,1.393010000000000081e-01,-4.328670000000000018e-01,-1.400659999999999961e-01,-3.296020000000000061e-01,-3.009140000000000148e-01,-3.156370000000000009e-01,2.112529999999999963e-01,4.347000000000000169e-02,3.293019999999999836e-01,-3.850140000000000229e-01,-2.844169999999999754e-01,1.052970000000000017e-01,4.169180000000000108e-01,4.204709999999999837e-01,4.942139999999999866e-01,8.637300000000000533e-02,1.294980000000000020e-01,2.624589999999999979e-01,4.395259999999999723e-01,4.438389999999999835e-01,-1.495819999999999927e-01,8.141600000000000226e-02,4.348130000000000051e-01,4.354899999999999882e-01,4.511589999999999767e-01,-1.542800000000000074e-02,4.153430000000000177e-01,2.038780000000000037e-01,4.667780000000000262e-01,1.397539999999999893e-01,5.228000000000000008e-03,1.335310000000000108e-01,2.330889999999999906e-01,-2.154459999999999986e-01,-3.935489999999999822e-01,-1.101359999999999978e-01,1.013570000000000026e-01,-4.537299999999999667e-02,2.511120000000000019e-01,3.347950000000000093e-01,-3.409479999999999733e-01,-4.011109999999999953e-01,-1.279649999999999954e-01,7.461459999999999759e-01,7.844000000000000278e-03,3.020799999999999874e-02,-3.176220000000000154e-01,-8.607199999999999573e-02,-2.360790000000000111e-01,2.521419999999999773e-01,-1.978880000000000083e-01,-2.594099999999999878e-02,-1.161890000000000006e-01,1.932999999999999996e-01,-1.625959999999999905e-01,1.024120000000000030e-01,-4.306600000000000011e-02,3.696220000000000061e-01,5.355739999999999945e-01,1.930109999999999881e-01,4.485620000000000163e-01,3.218000000000000027e-02,1.990770000000000040e-01,5.376950000000000340e-01,1.773049999999999904e-01,-1.847700000000000037e-02,6.870000000000000238e-03,3.293100000000000194e-02,5.089569999999999927e-01,4.993219999999999881e-01,3.025660000000000016e-01,3.228030000000000066e-01,3.853700000000000181e-02,4.539449999999999874e-01
-4.049400000000000222e-02,1.000000000000000000e+00,2.212919999999999887e-01,-1.419499999999999929e-01,3.642029999999999990e-01,1.230220000000000063e-01,2.125879999999999992e-01,2.196180000000000077e-01,-2.479740000000000000e-01,-5.770200000000000329e-02,6.638499999999999956e-02,-1.375220000000000053e-01,-1.394950000000000079e-01,2.059950000000000114e-01,8.640499999999999570e-02,-7.777299999999999491e-02,2.721239999999999770e-01,1.486530000000000074e-01,1.753399999999999959e-01,2.475000000000000117e-02,-9.988600000000000256e-02,7.418900000000000494e-02,1.417299999999999949e-01,-1.840799999999999936e-01,4.331180000000000030e-01,2.583299999999999833e-02,3.216410000000000102e-01,-1.088549999999999934e-01,-1.628299999999999886e-02,2.632669999999999733e-01,2.908379999999999854e-01,6.585100000000000675e-02,4.109380000000000255e-01,-9.298099999999999421e-02,-2.841400000000000037e-01,9.537000000000000338e-03,-1.493799999999999989e-02,-4.018109999999999737e-01,2.940260000000000096e-01,3.521869999999999723e-01,-7.861300000000000232e-02,-3.658319999999999905e-01,-4.214799999999999797e-02,-4.585700000000000193e-02,-4.782759999999999789e-01,1.079610000000000014e-01,5.077909999999999924e-01,2.704559999999999742e-01,-2.708130000000000259e-01,2.493859999999999966e-01,1.311789999999999901e-01,2.457779999999999965e-01,1.130739999999999940e-01,-6.506000000000000671e-02,-2.567880000000000162e-01,1.747080000000000022e-01,-6.417000000000000481e-02,-9.076099999999999446e-02,-3.388300000000000339e-02,1.247859999999999941e-01,6.906299999999999939e-02,1.313509999999999955e-01,7.435200000000000142e-02,2.650609999999999911e-01,2.983509999999999773e-01,-6.738900000000000445e-02,2.410770000000000135e-01,2.801400000000000071e-02,-3.855620000000000158e-01,4.170280000000000098e-01,-2.014080000000000037e-01,5.130000000000000011e-03,-1.356100000000000014e-02,4.134399999999999881e-02,1.919210000000000083e-01,2.378879999999999884e-01
1.393010000000000081e-01,2.212919999999999887e-01,1.000000000000000000e+00,-2.870710000000000206e-01,1.669309999999999961e-01,4.285100000000000020e-02,-1.955500000000000016e-01,2.177620000000000111e-01,3.053100000000000258e-01,-1.381050000000000055e-01,7.137670000000000403e-01,-1.663699999999999901e-01,-1.781629999999999880e-01,-3.438499999999999890e-02,1.821129999999999971e-01,2.001390000000000113e-01,3.842249999999999832e-01,1.888279999999999959e-01,7.625349999999999628e-01,3.327950000000000075e-01,1.593620000000000037e-01,2.213690000000000102e-01,2.446119999999999961e-01,6.372000000000000060e-03,1.630590000000000095e-01,8.768700000000000105e-02,-7.596700000000000674e-02,9.869699999999999307e-02,-1.251659999999999995e-01,5.774829999999999686e-01,2.570799999999999752e-01,-1.948999999999999899e-01,3.354030000000000067e-01,2.233600000000000030e-01,-1.269180000000000030e-01,-1.810710000000000097e-01,-2.827339999999999853e-01,-2.694480000000000208e-01,-8.303000000000000658e-02,3.122260000000000035e-01,1.094669999999999949e-01,-2.180199999999999916e-01,-1.742160000000000097e-01,-2.681669999999999887e-01,-2.994510000000000227e-01,2.512380000000000169e-01,1.720990000000000020e-01,8.716599999999999904e-01,-3.845160000000000244e-01,2.131669999999999954e-01,1.706239999999999979e-01,-1.540930000000000077e-01,2.076119999999999910e-01,4.704530000000000101e-01,-2.272129999999999983e-01,7.863400000000000389e-01,6.233799999999999758e-02,1.562810000000000032e-01,-7.103900000000000492e-02,2.080100000000000005e-01,1.213930000000000009e-01,2.522030000000000105e-01,5.966699999999999782e-02,7.472499999999999698e-01,2.780779999999999919e-01,1.211219999999999936e-01,3.009109999999999840e-01,3.211959999999999815e-01,-6.307899999999999618e-02,2.289390000000000036e-01,8.341200000000000003e-02,-1.142330000000000012e-01,3.291689999999999894e-01,-1.783099999999999963e-02,5.259390000000000454e-01,1.450400000000000023e-01
-4.328670000000000018e-01,-1.419499999999999929e-01,-2.870710000000000206e-01,1.000000000000000000e+00,2.916619999999999768e-01,1.181220000000000048e-01,2.889109999999999734e-01,-8.485299999999999787e-02,-2.569099999999999856e-02,2.634619999999999740e-01,-4.009809999999999763e-01,4.484150000000000080e-01,2.068359999999999921e-01,2.608690000000000175e-01,-4.524400000000000088e-01,-6.582499999999999463e-02,-2.326479999999999937e-01,-4.107299999999999840e-02,-1.661700000000000121e-01,-1.548499999999999877e-01,-3.638640000000000208e-01,-3.113319999999999976e-01,-1.566170000000000062e-01,7.234500000000000652e-02,-2.172439999999999927e-01,-3.458999999999999835e-03,-2.514000000000000123e-01,3.595800000000000107e-01,-1.180839999999999945e-01,-2.022329999999999961e-01,-1.579480000000000051e-01,-3.886499999999999677e-02,-2.773050000000000237e-01,-5.998799999999999966e-02,-1.147600000000000009e-01,4.920829999999999926e-01,7.752069999999999794e-01,3.644769999999999954e-01,-1.547830000000000039e-01,-2.126260000000000094e-01,-2.340470000000000050e-01,-1.260769999999999946e-01,6.091180000000000483e-01,7.334410000000000096e-01,4.145420000000000216e-01,-5.297560000000000047e-01,-3.200560000000000072e-01,-2.046050000000000091e-01,7.628800000000000026e-01,2.844079999999999941e-01,-3.767600000000000116e-02,-1.326749999999999874e-01,-1.890830000000000011e-01,3.007200000000000151e-02,3.895350000000000201e-01,-2.578179999999999916e-01,1.754890000000000061e-01,-2.714190000000000214e-01,2.446840000000000126e-01,-4.736190000000000122e-01,-3.159790000000000099e-01,-3.122170000000000223e-01,-1.936430000000000096e-01,-3.677400000000000113e-02,-2.560359999999999858e-01,-4.210079999999999933e-01,-1.303960000000000119e-01,-2.881489999999999885e-01,1.994170000000000109e-01,-3.193289999999999740e-01,-3.219719999999999804e-01,-3.545409999999999950e-01,-5.943799999999999778e-02,-3.020439999999999792e-01,-6.085700000000000137e-02,-2.472380000000000133e-01
-1.400659999999999961e-01,3.642029999999999990e-01,1.669309999999999961e-01,2.916619999999999768e-01,1.000000000000000000e+00,3.190399999999999903e-01,6.986269999999999980e-01,2.709190000000000209e-01,3.557710000000000039e-01,3.211620000000000030e-01,1.554339999999999888e-01,4.237799999999999900e-01,3.349940000000000140e-01,2.852609999999999868e-01,-2.391919999999999880e-01,-1.018389999999999990e-01,2.665259999999999851e-01,-1.451500000000000012e-02,1.041259999999999963e-01,-2.103980000000000017e-01,-2.307929999999999982e-01,-3.573290000000000077e-01,1.760190000000000088e-01,2.478239999999999887e-01,8.078899999999999970e-02,1.442920000000000036e-01,1.897700000000000081e-02,9.976999999999999758e-02,-2.042110000000000036e-01,-3.676900000000000307e-02,-7.290199999999999458e-02,-1.036620000000000041e-01,1.326160000000000116e-01,-1.399000000000000070e-02,-1.246460000000000068e-01,2.502420000000000200e-01,9.615600000000000536e-02,2.699590000000000045e-01,-5.843600000000000183e-02,3.293639999999999901e-01,-2.289599999999999969e-02,-1.498579999999999912e-01,2.493380000000000041e-01,7.287100000000000521e-02,2.263709999999999889e-01,-2.303429999999999922e-01,2.249049999999999938e-01,3.236930000000000085e-01,1.969500000000000070e-02,7.275179999999999980e-01,4.149059999999999970e-01,3.107619999999999827e-01,2.498950000000000060e-01,5.441319999999999490e-01,3.786720000000000086e-01,2.451139999999999985e-01,3.633790000000000076e-01,1.213999999999999975e-02,4.993460000000000121e-01,-3.105760000000000187e-01,-2.511369999999999991e-01,2.553659999999999819e-01,-1.389809999999999934e-01,3.066559999999999842e-01,-1.346529999999999949e-01,-1.786530000000000062e-01,-1.720540000000000125e-01,7.798499999999999877e-02,1.595080000000000109e-01,2.017899999999999971e-01,-4.209399999999999947e-02,-1.287000000000000088e-01,-6.101000000000000173e-02,-1.119330000000000047e-01,2.067140000000000088e-01,-1.150859999999999939e-01
-3.296020000000000061e-01,1.230220000000000063e-01,4.285100000000000020e-02,1.181220000000000048e-01,3.190399999999999903e-01,1.000000000000000000e+00,2.972779999999999867e-01,7.247759999999999758e-01,2.367499999999999882e-01,4.451240000000000197e-01,8.716500000000000636e-02,7.136770000000000058e-01,5.002710000000000212e-01,2.672050000000000258e-01,-1.480859999999999954e-01,-3.634459999999999913e-01,-4.444800000000000140e-02,-1.792399999999999896e-02,-4.144099999999999867e-02,-2.512280000000000069e-01,-4.201200000000000073e-02,-4.695179999999999909e-01,6.231900000000000217e-01,6.007379999999999942e-01,-3.087309999999999777e-01,4.250309999999999921e-01,-1.420480000000000076e-01,1.761620000000000130e-01,-3.299139999999999850e-01,3.228500000000000120e-02,-5.055020000000000069e-01,1.559300000000000130e-01,-6.405600000000000183e-02,-3.335799999999999876e-02,-5.753000000000000301e-03,3.439510000000000067e-01,-1.594399999999999984e-02,4.138419999999999876e-01,6.493200000000000360e-02,1.295739999999999947e-01,-8.867800000000000682e-02,1.662770000000000081e-01,3.139399999999999968e-01,-6.257999999999999674e-03,4.335040000000000004e-01,-5.175769999999999538e-01,2.759440000000000226e-01,1.980210000000000026e-01,1.190340000000000009e-01,6.363000000000000600e-02,6.268299999999999983e-01,2.045299999999999896e-02,6.979840000000000488e-01,2.452010000000000023e-01,4.946450000000000014e-01,7.975599999999999357e-02,7.865809999999999746e-01,2.931340000000000057e-01,4.826599999999999779e-01,-1.206160000000000010e-01,-5.653569999999999984e-01,1.631170000000000120e-01,-2.159840000000000093e-01,-3.030999999999999840e-03,-1.964460000000000095e-01,-1.322520000000000084e-01,-3.701079999999999925e-01,4.624079999999999857e-01,4.909040000000000070e-01,1.631600000000000064e-02,2.767499999999999960e-01,-1.709140000000000104e-01,2.121999999999999928e-02,-3.633560000000000123e-01,2.316819999999999991e-01,-5.180649999999999977e-01
-3.009140000000000148e-01,2.125879999999999992e-01,-1.955500000000000016e-01,2.889109999999999734e-01,6.986269999999999980e-01,2.972779999999999867e-01,1.000000000000000000e+00,1.685830000000000106e-01,1.929599999999999926e-01,2.985749999999999793e-01,-1.969839999999999924e-01,4.075449999999999906e-01,4.519909999999999761e-01,-5.137100000000000000e-02,-3.413599999999999968e-01,-1.981120000000000103e-01,4.029800000000000049e-02,-7.323999999999999781e-03,-2.373889999999999889e-01,-3.459610000000000185e-01,-1.405319999999999903e-01,-4.825309999999999877e-01,-2.986300000000000066e-02,1.826210000000000055e-01,1.272200000000000067e-02,-1.245000000000000013e-03,-8.340999999999999456e-03,-4.351900000000000213e-02,-1.079169999999999990e-01,-2.872819999999999818e-01,-2.603929999999999856e-01,-2.512329999999999841e-01,-1.814899999999999847e-02,-1.099040000000000017e-01,4.551000000000000184e-02,1.429719999999999880e-01,1.522500000000000069e-02,3.302899999999999725e-01,-2.339400000000000091e-01,1.721310000000000062e-01,-2.681400000000000103e-02,-6.405399999999999983e-02,1.381680000000000130e-01,7.957200000000000384e-02,3.031170000000000253e-01,-2.982839999999999936e-01,6.688199999999999701e-02,-5.797399999999999776e-02,6.239399999999999807e-02,5.456640000000000379e-01,2.696370000000000156e-01,4.214800000000000213e-01,1.547189999999999954e-01,4.059479999999999755e-01,3.614510000000000223e-01,-5.289699999999999958e-02,2.417229999999999934e-01,2.214599999999999902e-02,3.001639999999999864e-01,-4.262310000000000265e-01,-3.118139999999999801e-01,1.765510000000000135e-01,-1.878319999999999990e-01,4.742299999999999988e-02,-3.362530000000000241e-01,-1.793800000000000117e-01,-2.896960000000000091e-01,-1.658119999999999872e-01,1.360480000000000023e-01,7.994900000000000617e-02,-1.674819999999999920e-01,-1.194650000000000017e-01,-1.839899999999999869e-01,-8.826299999999999424e-02,-5.336300000000000071e-02,-1.824240000000000028e-01
-3.156370000000000009e-01,2.196180000000000077e-01,2.177620000000000111e-01,-8.485299999999999787e-02,2.709190000000000209e-01,7.247759999999999758e-01,1.685830000000000106e-01,1.000000000000000000e+00,1.217550000000000021e-01,2.674509999999999943e-01,2.629650000000000043e-01,5.430000000000000382e-01,3.714029999999999831e-01,2.658019999999999827e-01,4.131499999999999756e-02,-4.958130000000000037e-01,-1.422789999999999888e-01,-2.434399999999999897e-01,6.698400000000000187e-02,-1.966449999999999865e-01,-5.192000000000000087e-02,-4.075779999999999959e-01,7.812989999999999657e-01,5.034020000000000161e-01,-4.497829999999999884e-01,3.594399999999999817e-01,-2.766290000000000138e-01,-8.228599999999999803e-02,-5.759779999999999900e-01,3.377499999999999947e-02,-4.956860000000000155e-01,1.278739999999999877e-01,1.152269999999999961e-01,7.864400000000000557e-02,-1.215409999999999963e-01,1.409529999999999950e-01,-1.469179999999999930e-01,1.785009999999999930e-01,1.658199999999999952e-01,2.048310000000000131e-01,-7.577000000000000401e-03,-3.969000000000000306e-02,6.224899999999999878e-02,-1.714630000000000043e-01,1.619049999999999934e-01,-4.369199999999999751e-01,2.595509999999999762e-01,3.901600000000000068e-01,-1.088480000000000003e-01,1.498190000000000077e-01,5.036890000000000533e-01,7.903300000000000602e-02,8.710670000000000357e-01,3.026030000000000109e-01,2.399999999999999911e-01,2.093450000000000033e-01,6.777940000000000076e-01,3.107489999999999974e-01,2.373300000000000132e-01,4.760000000000000234e-04,-6.264920000000000488e-01,1.598670000000000091e-01,-3.855859999999999843e-01,1.258150000000000102e-01,-8.297200000000000408e-02,-7.206600000000000505e-02,-3.022469999999999879e-01,5.986010000000000497e-01,2.609630000000000005e-01,-8.399999999999999481e-03,1.483909999999999951e-01,-3.101709999999999745e-01,-6.824199999999999711e-02,-5.317899999999999849e-01,1.390780000000000072e-01,-4.748379999999999823e-01
2.112529999999999963e-01,-2.479740000000000000e-01,3.053100000000000258e-01,-2.569099999999999856e-02,3.557710000000000039e-01,2.367499999999999882e-01,1.929599999999999926e-01,1.217550000000000021e-01,1.000000000000000000e+00,4.203430000000000222e-01,4.784109999999999752e-01,4.075810000000000266e-01,1.269359999999999933e-01,1.180630000000000013e-01,8.436499999999999555e-02,-1.258269999999999944e-01,1.926440000000000097e-01,-1.144919999999999966e-01,2.522570000000000090e-01,-7.546899999999999442e-02,7.510000000000000182e-03,-2.349749999999999894e-01,1.365310000000000135e-01,5.554850000000000065e-01,-8.921800000000000563e-02,3.442169999999999952e-01,-8.905899999999999928e-02,-2.239899999999999877e-02,-2.424310000000000076e-01,8.131199999999999539e-02,-2.740839999999999943e-01,-2.610910000000000175e-01,-2.299819999999999920e-01,-9.353699999999999515e-02,1.512749999999999928e-01,-3.429999999999999716e-02,-3.772909999999999875e-01,6.010539999999999772e-01,-3.736700000000000021e-01,3.883999999999999866e-03,2.254600000000000007e-02,1.596079999999999999e-01,-9.788199999999999679e-02,-4.146409999999999818e-01,5.317020000000000080e-01,4.320500000000000035e-02,-8.127000000000000543e-03,2.919700000000000073e-01,3.749399999999999955e-02,3.436569999999999903e-01,2.374940000000000107e-01,1.287540000000000073e-01,1.339120000000000033e-01,7.928479999999999972e-01,4.826540000000000274e-01,5.087570000000000148e-01,4.482789999999999830e-01,1.172080000000000066e-01,3.676570000000000116e-01,-5.090200000000000280e-02,-3.058409999999999740e-01,1.384050000000000002e-01,-1.677130000000000010e-01,2.934280000000000221e-01,-1.416129999999999889e-01,7.302000000000000157e-02,-2.867199999999999749e-01,1.739320000000000033e-01,5.479330000000000034e-01,-4.291899999999999882e-02,4.321659999999999946e-01,5.932799999999999879e-02,-2.207699999999999940e-02,-2.273989999999999900e-01,1.131059999999999982e-01,-3.627409999999999801e-01
4.347000000000000169e-02,-5.770200000000000329e-02,-1.381050000000000055e-01,2.634619999999999740e-01,3.211620000000000030e-01,4.451240000000000197e-01,2.985749999999999793e-01,2.674509999999999943e-01,4.203430000000000222e-01,1.000000000000000000e+00,1.255769999999999942e-01,6.562500000000000000e-01,2.667680000000000051e-01,1.398449999999999971e-01,-4.229000000000000120e-03,-2.062890000000000001e-01,1.104109999999999953e-01,-1.842000000000000104e-03,-8.406999999999999543e-03,-1.184629999999999989e-01,6.041699999999999848e-02,-2.775050000000000017e-01,1.191500000000000059e-01,6.235920000000000352e-01,-2.187489999999999990e-01,5.530540000000000456e-01,4.556400000000000033e-02,3.672920000000000074e-01,-7.212699999999999667e-02,-8.672299999999999454e-02,-2.290220000000000034e-01,1.375900000000000040e-02,-3.476000000000000201e-01,-1.698830000000000062e-01,2.609099999999999753e-01,6.531740000000000324e-01,1.852159999999999918e-01,6.873970000000000358e-01,-1.069819999999999938e-01,-4.263000000000000123e-02,-2.282140000000000002e-01,4.192910000000000248e-01,5.654400000000000537e-01,1.832120000000000137e-01,6.801439999999999708e-01,-1.492120000000000113e-01,-1.369920000000000027e-01,5.367100000000000343e-02,2.362670000000000048e-01,1.415750000000000064e-01,1.152139999999999970e-01,4.990900000000000197e-02,1.868479999999999863e-01,3.271319999999999784e-01,7.873590000000000311e-01,4.713500000000000328e-02,5.695409999999999640e-01,2.439060000000000117e-01,3.299560000000000271e-01,-8.607199999999999573e-02,-3.604840000000000266e-01,2.563679999999999848e-01,-5.787799999999999889e-02,5.795499999999999957e-02,-1.870690000000000131e-01,1.366779999999999939e-01,-3.648319999999999896e-01,-3.869800000000000323e-02,6.343680000000000430e-01,-2.927640000000000242e-01,3.409150000000000236e-01,-1.982099999999999834e-02,2.462910000000000099e-01,-3.027869999999999728e-01,-8.077399999999999858e-02,-3.144100000000000228e-01
3.293019999999999836e-01,6.638499999999999956e-02,7.137670000000000403e-01,-4.009809999999999763e-01,1.554339999999999888e-01,8.716500000000000636e-02,-1.969839999999999924e-01,2.629650000000000043e-01,4.784109999999999752e-01,1.255769999999999942e-01,1.000000000000000000e+00,-2.936100000000000168e-02,-1.415260000000000129e-01,4.833699999999999802e-02,3.376770000000000049e-01,9.600699999999999512e-02,3.173019999999999730e-01,1.544300000000000013e-02,7.134840000000000071e-01,1.779419999999999891e-01,2.361949999999999883e-01,1.152620000000000033e-01,2.621009999999999729e-01,2.854249999999999843e-01,1.098859999999999976e-01,2.762510000000000243e-01,6.726000000000000208e-03,1.267310000000000103e-01,-1.498259999999999870e-01,4.672990000000000199e-01,1.347559999999999869e-01,-1.084930000000000061e-01,1.229839999999999961e-01,1.001100000000000045e-01,-1.100100000000000036e-02,-5.685500000000000276e-02,-3.959159999999999902e-01,2.142399999999999860e-02,-6.164000000000000208e-03,1.532290000000000041e-01,4.317000000000000004e-02,8.231099999999999528e-02,-1.111240000000000006e-01,-4.205690000000000262e-01,-2.312900000000000025e-02,3.222780000000000089e-01,2.111349999999999894e-01,6.721420000000000172e-01,-4.142140000000000266e-01,6.518300000000000483e-02,2.563650000000000095e-01,-2.570199999999999915e-02,2.956259999999999999e-01,4.596529999999999783e-01,4.111000000000000071e-02,7.803309999999999969e-01,1.948409999999999864e-01,2.771799999999999820e-01,-2.121899999999999828e-02,2.866020000000000234e-01,8.560900000000000454e-02,3.206189999999999873e-01,1.294140000000000013e-01,5.984680000000000000e-01,2.288199999999999956e-01,2.906799999999999939e-01,7.666100000000000692e-02,3.695979999999999821e-01,2.229949999999999988e-01,2.450799999999999923e-01,4.326510000000000078e-01,8.397399999999999309e-02,3.169549999999999867e-01,9.589000000000000301e-03,3.897280000000000189e-01,5.599599999999999717e-02
-3.850140000000000229e-01,-1.375220000000000053e-01,-1.663699999999999901e-01,4.484150000000000080e-01,4.237799999999999900e-01,7.136770000000000058e-01,4.075449999999999906e-01,5.430000000000000382e-01,4.075810000000000266e-01,6.562500000000000000e-01,-2.936100000000000168e-02,1.000000000000000000e+00,5.610460000000000447e-01,2.438929999999999987e-01,-2.546619999999999995e-01,-3.981899999999999884e-01,-1.156049999999999994e-01,-5.935900000000000204e-02,-1.855040000000000022e-01,-3.215020000000000100e-01,-2.741999999999999993e-01,-6.133579999999999588e-01,3.676479999999999748e-01,7.300649999999999640e-01,-4.506109999999999838e-01,4.573110000000000230e-01,-3.028370000000000228e-01,2.299420000000000075e-01,-4.384359999999999924e-01,-1.972990000000000022e-01,-6.342379999999999685e-01,-3.540700000000000097e-02,-2.952899999999999969e-01,-2.099590000000000067e-01,-7.607899999999999385e-02,5.248829999999999885e-01,2.098889999999999922e-01,8.160760000000000236e-01,-1.808730000000000060e-01,-4.028000000000000330e-02,-2.574319999999999942e-01,7.225800000000000278e-02,5.358619999999999495e-01,1.578440000000000121e-01,8.046969999999999956e-01,-6.042680000000000273e-01,-3.300499999999999962e-02,2.113999999999999994e-03,4.126650000000000040e-01,1.885630000000000084e-01,3.792960000000000220e-01,-6.047700000000000298e-02,4.382679999999999909e-01,3.757110000000000172e-01,8.279919999999999503e-01,-8.399600000000000122e-02,8.339060000000000361e-01,1.027659999999999962e-01,5.657860000000000111e-01,-3.000829999999999886e-01,-7.153580000000000494e-01,6.147600000000000287e-02,-3.555619999999999892e-01,-8.396399999999999697e-02,-2.926590000000000025e-01,-3.077590000000000048e-01,-5.202069999999999750e-01,1.943390000000000117e-01,7.066999999999999948e-01,-2.341199999999999948e-01,2.144560000000000077e-01,-2.902199999999999780e-01,-1.851150000000000018e-01,-4.751639999999999753e-01,4.037700000000000317e-02,-6.690690000000000248e-01
-2.844169999999999754e-01,-1.394950000000000079e-01,-1.781629999999999880e-01,2.068359999999999921e-01,3.349940000000000140e-01,5.002710000000000212e-01,4.519909999999999761e-01,3.714029999999999831e-01,1.269359999999999933e-01,2.667680000000000051e-01,-1.415260000000000129e-01,5.610460000000000447e-01,1.000000000000000000e+00,8.818600000000000050e-02,-1.574770000000000059e-01,-1.454479999999999940e-01,1.424610000000000043e-01,1.416090000000000126e-01,-1.618120000000000114e-01,-2.816819999999999879e-01,-7.979899999999999494e-02,-4.588099999999999956e-01,2.630029999999999868e-01,3.652980000000000116e-01,-4.302110000000000101e-01,1.619990000000000041e-01,-3.486759999999999859e-01,2.253620000000000068e-01,-2.764349999999999863e-01,-3.508709999999999885e-01,-3.939599999999999769e-01,9.524199999999999333e-02,3.555699999999999833e-02,7.144699999999999662e-02,-1.075770000000000060e-01,2.470950000000000091e-01,1.369390000000000052e-01,3.558499999999999996e-01,4.840000000000000010e-04,1.354920000000000013e-01,4.779100000000000015e-02,-7.345000000000000140e-02,2.368089999999999917e-01,1.364450000000000107e-01,3.581880000000000064e-01,-3.926600000000000090e-01,-5.545699999999999935e-02,3.559799999999999770e-02,1.768180000000000029e-01,2.934590000000000254e-01,3.297880000000000256e-01,1.127790000000000042e-01,3.310699999999999754e-01,3.374119999999999897e-01,3.406089999999999951e-01,-9.397300000000000098e-02,4.057220000000000271e-01,5.013710000000000111e-01,3.755000000000000004e-01,-2.021620000000000084e-01,-4.170200000000000018e-01,2.458519999999999872e-01,-1.795319999999999971e-01,4.204600000000000004e-02,-2.858859999999999735e-01,-7.900000000000000078e-02,-3.581190000000000206e-01,1.526830000000000132e-01,2.635890000000000177e-01,-1.845499999999999918e-01,5.715900000000000147e-02,-3.130780000000000229e-01,-5.125199999999999895e-02,-1.230310000000000015e-01,2.193399999999999864e-02,-3.709279999999999800e-01
1.052970000000000017e-01,2.059950000000000114e-01,-3.438499999999999890e-02,2.608690000000000175e-01,2.852609999999999868e-01,2.672050000000000258e-01,-5.137100000000000000e-02,2.658019999999999827e-01,1.180630000000000013e-01,1.398449999999999971e-01,4.833699999999999802e-02,2.438929999999999987e-01,8.818600000000000050e-02,1.000000000000000000e+00,4.312900000000000067e-02,-1.769000000000000017e-01,8.532099999999999407e-02,-1.445889999999999953e-01,4.351100000000000106e-02,-5.655999999999999917e-02,-1.522159999999999902e-01,-5.049499999999999822e-02,3.247539999999999871e-01,1.852280000000000038e-01,-4.830000000000000265e-02,2.952370000000000272e-01,4.910199999999999981e-02,2.702600000000000141e-02,-1.811820000000000097e-01,4.375899999999999929e-02,-3.366000000000000068e-03,2.710770000000000124e-01,-1.818339999999999956e-01,-1.143300000000000011e-01,-1.903900000000000037e-01,1.894319999999999893e-01,1.981199999999999906e-01,1.303420000000000134e-01,3.098500000000000143e-01,-1.354360000000000008e-01,-1.315989999999999938e-01,-1.098940000000000056e-01,1.477189999999999892e-01,7.467999999999999639e-02,1.201799999999999952e-01,-1.162070000000000047e-01,1.944539999999999880e-01,9.516700000000000159e-02,2.984789999999999943e-01,3.532250000000000112e-01,2.832109999999999905e-01,2.854340000000000210e-01,2.728030000000000177e-01,7.145600000000000562e-02,1.400770000000000071e-01,1.028850000000000042e-01,2.465320000000000011e-01,-6.609700000000000297e-02,5.106399999999999828e-01,1.797100000000000086e-02,-1.438319999999999876e-01,-1.165780000000000011e-01,-1.619889999999999941e-01,9.976100000000000245e-02,1.163690000000000002e-01,-2.715400000000000105e-02,2.604100000000000165e-02,2.991719999999999935e-01,1.115769999999999956e-01,6.019399999999999751e-02,1.466649999999999898e-01,6.151600000000000124e-02,-6.225499999999999784e-02,-1.458629999999999927e-01,1.057239999999999985e-01,-4.245499999999999968e-02
4.169180000000000108e-01,8.640499999999999570e-02,1.821129999999999971e-01,-4.524400000000000088e-01,-2.391919999999999880e-01,-1.480859999999999954e-01,-3.413599999999999968e-01,4.131499999999999756e-02,8.436499999999999555e-02,-4.229000000000000120e-03,3.376770000000000049e-01,-2.546619999999999995e-01,-1.574770000000000059e-01,4.312900000000000067e-02,1.000000000000000000e+00,1.107680000000000053e-01,1.295479999999999965e-01,1.441489999999999994e-01,3.073119999999999741e-01,6.005489999999999995e-01,5.324719999999999454e-01,5.837579999999999991e-01,5.199499999999999955e-02,-7.019899999999999751e-02,5.469500000000000056e-02,1.699579999999999980e-01,3.827579999999999871e-01,6.781299999999999828e-02,3.405949999999999811e-01,4.599779999999999980e-01,2.556459999999999844e-01,3.530940000000000190e-01,5.910699999999999982e-02,4.715300000000000047e-02,3.089599999999999985e-02,-3.024240000000000261e-01,-3.526949999999999807e-01,-1.924319999999999919e-01,4.183080000000000132e-01,1.097599999999999965e-02,1.500970000000000082e-01,6.131299999999999945e-02,-3.160789999999999988e-01,-3.628250000000000086e-01,-2.061929999999999874e-01,4.721090000000000009e-01,8.697299999999999476e-02,7.205999999999999905e-02,-1.732120000000000049e-01,-1.188049999999999939e-01,-1.906599999999999961e-01,2.878850000000000020e-01,9.016799999999999815e-02,-4.975399999999999961e-02,-1.606229999999999880e-01,2.036159999999999914e-01,-1.171299999999999945e-02,2.259410000000000029e-01,-1.620189999999999964e-01,8.723880000000000523e-01,2.582050000000000178e-01,1.084579999999999989e-01,1.897459999999999980e-01,1.532050000000000078e-01,7.009640000000000315e-01,5.817839999999999678e-01,4.171460000000000168e-01,9.113899999999999779e-02,-9.690699999999999315e-02,-5.449500000000000177e-02,2.255010000000000070e-01,4.594900000000000095e-01,2.829749999999999766e-01,3.019260000000000277e-01,2.239349999999999952e-01,2.419659999999999866e-01
4.204709999999999837e-01,-7.777299999999999491e-02,2.001390000000000113e-01,-6.582499999999999463e-02,-1.018389999999999990e-01,-3.634459999999999913e-01,-1.981120000000000103e-01,-4.958130000000000037e-01,-1.258269999999999944e-01,-2.062890000000000001e-01,9.600699999999999512e-02,-3.981899999999999884e-01,-1.454479999999999940e-01,-1.769000000000000017e-01,1.107680000000000053e-01,1.000000000000000000e+00,5.210529999999999884e-01,6.102030000000000509e-01,2.525330000000000075e-01,3.057300000000000018e-01,3.230660000000000198e-01,4.623680000000000012e-01,-2.348030000000000117e-01,-1.863619999999999999e-01,4.859979999999999856e-01,1.444139999999999868e-01,2.641290000000000027e-01,3.360480000000000134e-01,5.856109999999999927e-01,2.594350000000000267e-01,6.197740000000000471e-01,1.199019999999999947e-01,1.961509999999999920e-01,3.236339999999999772e-01,1.021549999999999958e-01,-8.921199999999999963e-02,1.737000000000000046e-03,-2.701740000000000252e-01,3.962000000000000244e-02,1.123109999999999942e-01,2.103289999999999882e-01,1.415069999999999939e-01,-5.217999999999999722e-02,8.808699999999999863e-02,-2.075369999999999993e-01,3.977930000000000077e-01,-1.822880000000000056e-01,5.367500000000000049e-02,-1.260699999999999876e-01,-1.855980000000000130e-01,-3.382450000000000179e-01,-1.580439999999999900e-01,-4.168060000000000098e-01,-1.422750000000000126e-01,-2.085069999999999979e-01,1.343250000000000000e-01,-2.555979999999999919e-01,-9.314400000000000457e-02,-5.790300000000000308e-02,2.633190000000000253e-01,6.858910000000000284e-01,9.318899999999999406e-02,5.886230000000000073e-01,2.405339999999999978e-01,2.491619999999999946e-01,1.878029999999999977e-01,4.267409999999999815e-01,-1.457620000000000027e-01,-1.068960000000000049e-01,-3.374499999999999722e-02,9.966800000000000659e-02,3.279250000000000220e-01,3.850520000000000054e-01,4.934879999999999822e-01,3.597949999999999759e-01,5.519789999999999974e-01
4.942139999999999866e-01,2.721239999999999770e-01,3.842249999999999832e-01,-2.326479999999999937e-01,2.665259999999999851e-01,-4.444800000000000140e-02,4.029800000000000049e-02,-1.422789999999999888e-01,1.926440000000000097e-01,1.104109999999999953e-01,3.173019999999999730e-01,-1.156049999999999994e-01,1.424610000000000043e-01,8.532099999999999407e-02,1.295479999999999965e-01,5.210529999999999884e-01,1.000000000000000000e+00,5.929159999999999986e-01,3.315179999999999794e-01,1.636549999999999949e-01,1.952079999999999926e-01,1.713899999999999868e-01,-4.158000000000000237e-03,1.047919999999999963e-01,3.947169999999999845e-01,3.850069999999999881e-01,1.917149999999999965e-01,1.886369999999999991e-01,2.280560000000000087e-01,2.289579999999999949e-01,5.042640000000000455e-01,3.476100000000000023e-02,3.664049999999999807e-01,1.949629999999999974e-01,-3.470399999999999874e-02,3.107999999999999999e-02,-2.064169999999999894e-01,-1.002730000000000010e-01,5.088999999999999774e-02,3.971569999999999823e-01,1.956050000000000011e-01,4.341300000000000020e-02,-3.514599999999999669e-02,-1.666739999999999888e-01,-1.364509999999999890e-01,4.181900000000000062e-01,1.177180000000000032e-01,4.155289999999999817e-01,-2.692760000000000153e-01,2.280260000000000065e-01,-2.472500000000000045e-02,9.329999999999999405e-02,-1.548990000000000089e-01,2.684520000000000239e-01,-4.126400000000000207e-02,3.949550000000000005e-01,-2.098099999999999965e-02,1.894579999999999875e-01,2.060879999999999934e-01,1.896490000000000120e-01,3.765189999999999926e-01,4.661250000000000115e-01,4.189450000000000118e-01,4.457869999999999888e-01,1.564800000000000080e-01,2.308900000000000119e-01,2.188219999999999887e-01,5.332800000000000040e-02,-2.899999999999999800e-03,1.337389999999999968e-01,2.682959999999999789e-01,1.447579999999999978e-01,2.817919999999999869e-01,2.822959999999999914e-01,3.705640000000000045e-01,3.557199999999999807e-01
8.637300000000000533e-02,1.486530000000000074e-01,1.888279999999999959e-01,-4.107299999999999840e-02,-1.451500000000000012e-02,-1.792399999999999896e-02,-7.323999999999999781e-03,-2.434399999999999897e-01,-1.144919999999999966e-01,-1.842000000000000104e-03,1.544300000000000013e-02,-5.935900000000000204e-02,1.416090000000000126e-01,-1.445889999999999953e-01,1.441489999999999994e-01,6.102030000000000509e-01,5.929159999999999986e-01,1.000000000000000000e+00,2.097849999999999993e-01,2.973069999999999879e-01,1.566990000000000050e-01,2.484909999999999897e-01,-1.346150000000000124e-01,-3.464799999999999824e-02,2.606769999999999921e-01,1.718689999999999940e-01,7.627899999999999958e-02,3.746780000000000110e-01,3.929599999999999760e-01,2.582329999999999903e-01,4.090969999999999884e-01,8.165799999999999448e-02,2.856899999999999995e-01,2.081649999999999889e-01,-2.945899999999999908e-02,7.462499999999999689e-02,6.458099999999999952e-02,-1.327939999999999954e-01,7.446999999999999453e-02,2.586879999999999735e-01,1.249180000000000013e-01,-1.764299999999999896e-02,1.292480000000000018e-01,1.034899999999999987e-01,-7.291300000000000558e-02,1.962589999999999890e-01,3.970000000000000005e-04,1.181809999999999944e-01,-2.244399999999999867e-02,-5.001599999999999796e-02,-1.610060000000000102e-01,-1.947480000000000044e-01,-2.163750000000000118e-01,-5.521000000000000213e-02,3.930700000000000166e-02,1.234569999999999973e-01,-1.810499999999999957e-02,5.530199999999999699e-02,7.389400000000000135e-02,2.929789999999999894e-01,3.985219999999999874e-01,3.581590000000000051e-01,5.260639999999999761e-01,2.728519999999999834e-01,3.615240000000000120e-01,5.909799999999999776e-02,4.066690000000000027e-01,-1.005790000000000017e-01,1.681600000000000109e-02,1.391799999999999982e-02,5.300799999999999956e-02,8.162200000000000011e-02,2.576640000000000041e-01,3.678870000000000196e-01,3.178300000000000014e-01,3.122170000000000223e-01
1.294980000000000020e-01,1.753399999999999959e-01,7.625349999999999628e-01,-1.661700000000000121e-01,1.041259999999999963e-01,-4.144099999999999867e-02,-2.373889999999999889e-01,6.698400000000000187e-02,2.522570000000000090e-01,-8.406999999999999543e-03,7.134840000000000071e-01,-1.855040000000000022e-01,-1.618120000000000114e-01,4.351100000000000106e-02,3.073119999999999741e-01,2.525330000000000075e-01,3.315179999999999794e-01,2.097849999999999993e-01,1.000000000000000000e+00,3.497480000000000033e-01,2.399660000000000126e-01,2.845710000000000184e-01,3.741799999999999987e-02,-5.053699999999999859e-02,1.519099999999999895e-01,5.834799999999999709e-02,7.661300000000000054e-02,3.500170000000000226e-01,7.681000000000000327e-03,6.361599999999999477e-01,3.729419999999999957e-01,7.661000000000000275e-03,1.747819999999999929e-01,1.535680000000000101e-01,-5.254299999999999943e-02,-1.810000000000000150e-02,-6.615799999999999459e-02,-1.894820000000000115e-01,1.014850000000000058e-01,1.576190000000000091e-01,3.024200000000000152e-02,-1.021520000000000067e-01,1.446599999999999969e-02,-4.594700000000000173e-02,-2.031429999999999902e-01,2.053570000000000118e-01,1.693199999999999983e-01,6.961230000000000473e-01,-1.539639999999999898e-01,1.489550000000000041e-01,1.271460000000000090e-01,-6.246999999999999775e-02,1.308050000000000046e-01,3.186320000000000263e-01,-1.456099999999999894e-01,7.688760000000000039e-01,5.852000000000000431e-03,1.872600000000000098e-01,-1.613650000000000084e-01,2.883899999999999797e-01,1.961370000000000058e-01,1.725339999999999929e-01,1.752589999999999981e-01,8.328630000000000200e-01,3.157579999999999831e-01,2.280389999999999917e-01,3.072529999999999983e-01,1.510440000000000116e-01,-1.709999999999999932e-03,2.020899999999999919e-01,1.212789999999999979e-01,4.383499999999999897e-02,4.813259999999999761e-01,1.108559999999999962e-01,5.213999999999999746e-01,1.869649999999999923e-01
2.624589999999999979e-01,2.475000000000000117e-02,3.327950000000000075e-01,-1.548499999999999877e-01,-2.103980000000000017e-01,-2.512280000000000069e-01,-3.459610000000000185e-01,-1.966449999999999865e-01,-7.546899999999999442e-02,-1.184629999999999989e-01,1.779419999999999891e-01,-3.215020000000000100e-01,-2.816819999999999879e-01,-5.655999999999999917e-02,6.005489999999999995e-01,3.057300000000000018e-01,1.636549999999999949e-01,2.973069999999999879e-01,3.497480000000000033e-01,1.000000000000000000e+00,4.625900000000000012e-01,8.064930000000000154e-01,-1.302329999999999877e-01,-3.335420000000000051e-01,1.446900000000000130e-01,-6.759999999999999516e-04,2.787959999999999883e-01,3.235359999999999903e-01,5.367499999999999494e-01,5.496579999999999799e-01,4.948980000000000046e-01,3.264619999999999744e-01,1.480529999999999902e-01,1.245030000000000026e-01,1.039100000000000024e-01,-1.269780000000000075e-01,1.508100000000000065e-02,-3.385730000000000128e-01,4.053100000000000036e-01,5.518399999999999694e-02,8.792899999999999328e-02,4.975000000000000255e-02,-5.948699999999999821e-02,2.876599999999999990e-02,-2.833269999999999955e-01,4.073300000000000254e-01,-2.652999999999999976e-03,1.758550000000000113e-01,-5.113899999999999696e-02,-5.903200000000000114e-02,-2.524689999999999990e-01,-2.544700000000000087e-02,-9.056200000000000361e-02,-7.539300000000000168e-02,-2.277959999999999985e-01,1.791760000000000019e-01,-1.732059999999999989e-01,-1.013599999999999918e-02,-1.021800000000000069e-01,6.410860000000000447e-01,4.860079999999999956e-01,1.495380000000000043e-01,3.112690000000000179e-01,2.445430000000000104e-01,7.588240000000000540e-01,4.512289999999999912e-01,7.791970000000000285e-01,-2.346099999999999922e-02,-2.513090000000000046e-01,-5.152099999999999735e-02,-1.694899999999999879e-02,3.338189999999999769e-01,4.184370000000000034e-01,4.111090000000000022e-01,3.775609999999999800e-01,4.715759999999999952e-01
