1.000000000000000000e+00,3.031730000000000258e-01,-2.893169999999999908e-01,-1.056190000000000045e-01,-3.712559999999999749e-01,6.124199999999999783e-02,-4.141290000000000249e-01,1.736010000000000053e-01,-3.417490000000000250e-01,-1.944190000000000085e-01,-2.948080000000000145e-01,-1.325600000000000112e-01,1.589799999999999894e-02,-4.186549999999999994e-01,1.957309999999999883e-01,3.890779999999999794e-01,-1.456780000000000019e-01,-1.871400000000000147e-02,8.113000000000000420e-03,2.289319999999999966e-01,4.457430000000000003e-01,3.066389999999999949e-01,2.316900000000000071e-01,3.467589999999999839e-01,5.317969999999999642e-01,3.012659999999999783e-01,2.047200000000000131e-01,-7.579999999999999932e-04,3.819560000000000177e-01,5.952199999999999852e-02,4.272639999999999771e-01,5.267579999999999485e-01,1.859159999999999979e-01,6.493489999999999540e-01,-2.166349999999999942e-01,-6.267499999999999460e-02,-5.782199999999999840e-02,-6.094600000000000017e-02,5.606200000000000072e-01,4.562039999999999984e-01,4.793359999999999843e-01,3.840740000000000265e-01,2.424899999999999972e-02,-3.214940000000000020e-01,-3.593819999999999792e-01,8.478980000000000405e-01,3.617079999999999740e-01,-2.339579999999999993e-01,-1.298850000000000005e-01,-2.564540000000000153e-01,4.723299999999999721e-02,-2.572039999999999882e-01,-3.267699999999999771e-02,-2.288189999999999946e-01,-2.690179999999999794e-01,-3.413849999999999940e-01,-8.685700000000000365e-02,1.177839999999999998e-01,-2.970679999999999987e-01,2.437749999999999917e-01,3.485349999999999837e-01,3.023270000000000124e-01,2.716350000000000153e-01,9.358199999999999852e-02,1.708570000000000089e-01,5.694660000000000277e-01,3.689729999999999954e-01,1.418230000000000046e-01,4.270120000000000027e-01,4.351840000000000153e-01,5.337290000000000090e-01,-7.654900000000000593e-02,2.507650000000000157e-01,4.368369999999999753e-01,3.485079999999999845e-01,5.221010000000000373e-01
3.031730000000000258e-01,1.000000000000000000e+00,4.216380000000000128e-01,-1.869770000000000043e-01,-2.694270000000000276e-01,7.570350000000000135e-01,-2.969100000000000072e-01,5.901089999999999947e-01,-4.942099999999999965e-02,-4.064110000000000222e-01,1.621340000000000003e-01,-2.064940000000000109e-01,4.587060000000000026e-01,-4.201429999999999887e-01,3.917550000000000199e-01,3.309759999999999924e-01,-1.136069999999999997e-01,1.207190000000000069e-01,5.234750000000000236e-01,6.026219999999999910e-01,4.017870000000000053e-01,6.584719999999999462e-01,4.974290000000000100e-01,-3.310000000000000008e-03,6.125099999999999989e-01,8.116020000000000456e-01,5.545459999999999834e-01,3.765660000000000118e-01,6.041999999999999593e-01,6.037200000000000205e-02,-4.664499999999999896e-02,-1.294099999999999938e-02,-1.034209999999999990e-01,7.108899999999999941e-02,-5.185899999999999954e-01,2.183400000000000063e-01,-7.755099999999999494e-02,-3.721050000000000191e-01,4.239799999999999819e-02,3.373849999999999905e-01,-1.656789999999999929e-01,-1.071789999999999965e-01,2.616910000000000069e-01,-7.201200000000000656e-02,-4.187679999999999736e-01,2.731879999999999864e-01,7.479230000000000045e-01,4.740230000000000277e-01,-7.398000000000000409e-02,4.810600000000000293e-02,6.876470000000000082e-01,1.088100000000000039e-01,3.864360000000000017e-01,7.361800000000000288e-02,-3.993780000000000108e-01,8.799099999999999977e-02,6.326700000000000379e-02,5.979259999999999575e-01,-3.303699999999999970e-01,4.172159999999999758e-01,1.440009999999999901e-01,-1.056630000000000069e-01,1.393860000000000099e-01,5.226549999999999807e-01,5.765759999999999774e-01,2.934300000000000241e-01,6.727509999999999879e-01,5.196119999999999628e-01,2.587700000000000070e-02,3.215230000000000032e-01,7.033709999999999685e-01,4.217859999999999943e-01,5.139749999999999597e-01,3.973220000000000085e-01,6.243570000000000508e-01,4.774500000000000272e-02
-2.893169999999999908e-01,4.216380000000000128e-01,1.000000000000000000e+00,-6.830000000000000134e-03,3.188210000000000210e-01,4.468110000000000137e-01,1.006119999999999931e-01,2.234760000000000080e-01,5.964399999999999702e-01,-9.570700000000000041e-02,7.852860000000000396e-01,-7.941700000000000148e-02,4.904439999999999911e-01,-2.207399999999999987e-02,3.074879999999999836e-01,1.680699999999999972e-01,7.531100000000000294e-02,1.925030000000000074e-01,7.635999999999999455e-01,6.015829999999999789e-01,4.406800000000000300e-02,5.107530000000000125e-01,1.191780000000000062e-01,-2.300290000000000112e-01,7.686900000000000677e-02,3.337780000000000191e-01,5.178000000000000380e-01,5.333630000000000315e-01,3.213449999999999918e-01,1.781649999999999900e-01,-4.863900000000000168e-02,-5.697010000000000129e-01,-5.188679999999999959e-01,-4.273259999999999836e-01,-4.262739999999999863e-01,2.953359999999999874e-01,4.663199999999999984e-02,-2.304900000000000004e-01,-5.353069999999999773e-01,-3.277780000000000138e-01,-4.012649999999999828e-01,-5.614240000000000341e-01,3.143250000000000210e-01,3.248210000000000264e-01,-8.902500000000000691e-02,-2.796939999999999982e-01,4.107359999999999900e-01,9.487259999999999582e-01,6.434199999999999642e-02,6.602010000000000378e-01,4.866770000000000262e-01,4.337750000000000217e-01,2.723409999999999997e-01,6.310289999999999511e-01,-3.040400000000000047e-02,7.762019999999999476e-01,2.148529999999999884e-01,4.430839999999999779e-01,6.289699999999999458e-02,3.781189999999999829e-01,3.705599999999999866e-02,-2.554359999999999964e-01,-2.429500000000000062e-02,6.780220000000000136e-01,5.567950000000000399e-01,-1.038660000000000000e-01,4.361050000000000204e-01,2.839909999999999934e-01,-2.931500000000000217e-01,-3.941000000000000059e-03,1.747009999999999952e-01,7.262619999999999632e-01,4.185630000000000184e-01,1.410959999999999992e-01,3.682000000000000273e-01,-6.819400000000000461e-02
-1.056190000000000045e-01,-1.869770000000000043e-01,-6.830000000000000134e-03,1.000000000000000000e+00,5.927890000000000104e-01,1.670419999999999960e-01,6.600129999999999608e-01,3.517699999999999994e-02,3.320159999999999778e-01,6.225650000000000350e-01,2.403839999999999866e-01,5.575630000000000308e-01,3.372209999999999930e-01,6.447979999999999823e-01,9.395799999999999985e-02,1.723760000000000014e-01,6.078569999999999807e-01,4.579940000000000122e-01,-1.642800000000000094e-01,-8.296699999999999908e-02,2.736879999999999868e-01,-1.491989999999999983e-01,3.701399999999999829e-02,3.120450000000000168e-01,1.321499999999999897e-01,8.959599999999999509e-02,5.898799999999999877e-02,2.995200000000000085e-01,2.447080000000000088e-01,3.598149999999999959e-01,4.093689999999999829e-01,-6.595000000000000168e-03,1.614740000000000064e-01,2.058589999999999864e-01,3.997890000000000055e-01,5.438600000000000101e-01,4.945010000000000239e-01,6.496899999999999897e-01,-1.345900000000000048e-02,-9.448600000000000054e-02,4.185490000000000044e-01,-1.719519999999999937e-01,4.832060000000000244e-01,5.584729999999999972e-01,6.556319999999999926e-01,-1.255830000000000002e-01,-4.375199999999999922e-02,-5.208600000000000035e-02,3.503359999999999808e-01,3.565030000000000143e-01,1.749809999999999977e-01,4.990350000000000064e-01,2.764929999999999888e-01,3.077449999999999908e-01,6.113739999999999730e-01,3.137630000000000141e-01,5.201040000000000108e-01,4.152200000000000335e-02,5.460340000000000193e-01,5.360800000000000287e-02,1.438119999999999954e-01,4.231840000000000046e-01,3.478919999999999790e-01,-1.230470000000000036e-01,-1.056419999999999998e-01,6.153999999999999748e-02,-1.794030000000000069e-01,9.667000000000000592e-02,3.831200000000000161e-01,2.432090000000000085e-01,4.739000000000000157e-03,1.405210000000000070e-01,6.920600000000000362e-02,1.394519999999999926e-01,-8.373800000000000687e-02,2.952750000000000097e-01
-3.712559999999999749e-01,-2.694270000000000276e-01,3.188210000000000210e-01,5.927890000000000104e-01,1.000000000000000000e+00,1.063319999999999960e-01,8.689559999999999507e-01,-2.060919999999999974e-01,7.574490000000000389e-01,6.832780000000000520e-01,6.742169999999999552e-01,4.850689999999999724e-01,3.763360000000000039e-01,8.176999999999999824e-01,2.628199999999999981e-02,8.704499999999999738e-02,7.681090000000000417e-01,5.895979999999999555e-01,8.058600000000000485e-02,-7.136900000000000188e-02,5.479900000000000049e-02,-1.206050000000000039e-01,-1.760529999999999873e-01,1.290540000000000020e-01,-6.550000000000000266e-03,5.808399999999999674e-02,-3.420999999999999996e-03,4.046080000000000232e-01,1.405490000000000073e-01,3.390989999999999838e-01,2.648209999999999731e-01,-3.723250000000000171e-01,7.684999999999999991e-03,-8.832399999999999973e-02,2.857069999999999887e-01,5.444459999999999855e-01,3.252610000000000223e-01,5.376469999999999860e-01,-4.359040000000000137e-01,-3.680109999999999770e-01,1.984180000000000110e-01,-5.522029999999999994e-01,4.653769999999999851e-01,6.532379999999999853e-01,6.689359999999999751e-01,-4.469230000000000147e-01,-1.554619999999999891e-01,2.152469999999999939e-01,1.054139999999999938e-01,7.654149999999999565e-01,1.477090000000000070e-01,6.143389999999999684e-01,2.190189999999999915e-01,6.498530000000000140e-01,6.770350000000000534e-01,7.251180000000000403e-01,5.337480000000000002e-01,-5.422400000000000136e-02,7.186970000000000303e-01,-4.685999999999999888e-02,-5.355499999999999844e-02,2.521140000000000048e-01,2.403879999999999906e-01,6.816999999999999449e-02,-1.556780000000000108e-01,-2.220810000000000006e-01,-2.609480000000000133e-01,-3.237099999999999700e-02,5.949100000000000221e-02,1.140550000000000036e-01,-2.311850000000000016e-01,2.649960000000000093e-01,-2.742000000000000080e-03,-6.974800000000000444e-02,-1.638459999999999916e-01,1.011319999999999997e-01
6.124199999999999783e-02,7.570350000000000135e-01,4.468110000000000137e-01,1.670419999999999960e-01,1.063319999999999960e-01,1.000000000000000000e+00,1.773460000000000036e-01,7.344739999999999602e-01,1.619800000000000129e-01,-8.798400000000000665e-02,3.167760000000000020e-01,1.038660000000000000e-01,6.036859999999999449e-01,1.412799999999999993e-02,2.872859999999999858e-01,1.273759999999999892e-01,1.792630000000000057e-01,2.918390000000000151e-01,3.104890000000000150e-01,3.746129999999999738e-01,4.706080000000000263e-01,3.728090000000000015e-01,6.366180000000000172e-01,6.500499999999999334e-02,4.469899999999999984e-01,8.067029999999999479e-01,5.102259999999999573e-01,4.070739999999999914e-01,5.021189999999999820e-01,3.352600000000000025e-02,-5.228800000000000114e-02,-5.798500000000000182e-02,-1.015910000000000007e-01,8.814199999999999813e-02,-2.785239999999999938e-01,4.671629999999999949e-01,5.303499999999999881e-02,2.801999999999999803e-03,-9.151800000000000213e-02,1.739920000000000078e-01,-2.834400000000000114e-02,-3.514410000000000034e-01,4.823189999999999977e-01,1.352669999999999983e-01,-7.277999999999999747e-03,1.523300000000000001e-02,4.325879999999999725e-01,4.562089999999999756e-01,-3.771000000000000046e-03,1.931489999999999874e-01,8.437430000000000208e-01,3.740229999999999944e-01,6.905710000000000459e-01,2.557849999999999846e-01,-8.286999999999999922e-02,2.744739999999999958e-01,4.182339999999999947e-01,4.697919999999999874e-01,6.026299999999999712e-02,2.574960000000000027e-01,-1.831049999999999900e-01,-1.615099999999999869e-01,3.796700000000000075e-02,2.819119999999999959e-01,2.859209999999999807e-01,1.844069999999999876e-01,3.123500000000000165e-01,6.796659999999999924e-01,9.565500000000000391e-02,1.875070000000000070e-01,4.597289999999999988e-01,4.450350000000000139e-01,3.204830000000000179e-01,1.724030000000000007e-01,3.439119999999999955e-01,-7.784499999999999753e-02
-4.141290000000000249e-01,-2.969100000000000072e-01,1.006119999999999931e-01,6.600129999999999608e-01,8.689559999999999507e-01,1.773460000000000036e-01,1.000000000000000000e+00,-1.192259999999999986e-01,4.602240000000000220e-01,7.340410000000000545e-01,4.262679999999999803e-01,5.800530000000000408e-01,3.025820000000000176e-01,8.850909999999999611e-01,-7.263899999999999524e-02,-5.111899999999999777e-02,7.499590000000000423e-01,4.999270000000000103e-01,-1.254599999999999882e-01,-2.993029999999999857e-01,6.104099999999999804e-02,-3.557580000000000187e-01,-7.967899999999999983e-02,1.846540000000000126e-01,2.026599999999999929e-02,4.566300000000000220e-02,-1.009110000000000007e-01,2.103180000000000049e-01,1.100450000000000039e-01,3.132820000000000049e-01,2.352499999999999869e-01,-2.077600000000000002e-01,1.802709999999999868e-01,-9.062000000000000610e-03,4.760170000000000234e-01,5.468490000000000295e-01,3.590909999999999935e-01,6.207200000000000495e-01,-2.836650000000000005e-01,-2.273300000000000043e-01,2.596060000000000034e-01,-4.338730000000000087e-01,4.158800000000000274e-01,5.938149999999999817e-01,7.655659999999999688e-01,-4.509839999999999960e-01,-2.465559999999999974e-01,4.826000000000000428e-03,1.956819999999999948e-01,4.552539999999999920e-01,1.508649999999999991e-01,6.016749999999999599e-01,3.053319999999999923e-01,3.370369999999999755e-01,7.022080000000000544e-01,4.776529999999999943e-01,5.309660000000000490e-01,-1.241479999999999945e-01,7.502769999999999717e-01,-2.044920000000000071e-01,-1.452519999999999922e-01,3.043540000000000134e-01,2.255389999999999895e-01,-1.546059999999999934e-01,-3.413390000000000035e-01,-2.045089999999999963e-01,-4.714050000000000185e-01,1.401999999999999948e-02,1.418270000000000086e-01,1.361519999999999953e-01,-2.841040000000000232e-01,7.719199999999999673e-02,-1.676680000000000115e-01,-1.207359999999999961e-01,-2.973009999999999819e-01,-4.442999999999999901e-03
1.736010000000000053e-01,5.901089999999999947e-01,2.234760000000000080e-01,3.517699999999999994e-02,-2.060919999999999974e-01,7.344739999999999602e-01,-1.192259999999999986e-01,1.000000000000000000e+00,-1.794520000000000004e-01,-3.378920000000000257e-01,1.061699999999999970e-02,1.835300000000000126e-02,1.373600000000000099e-01,-2.335840000000000138e-01,2.432070000000000065e-01,-1.283779999999999921e-01,-1.412700000000000067e-01,-7.724499999999999422e-02,1.270409999999999873e-01,2.389959999999999862e-01,6.518300000000000205e-01,2.665179999999999771e-01,8.912459999999999827e-01,3.629600000000000187e-02,3.005200000000000093e-01,5.972169999999999979e-01,4.467260000000000120e-01,6.461000000000000076e-02,2.753809999999999869e-01,-1.377720000000000056e-01,-1.175619999999999998e-01,2.666319999999999801e-01,-9.877600000000000269e-02,1.370480000000000032e-01,-2.310530000000000084e-01,1.541079999999999950e-01,-1.921920000000000017e-01,-2.133440000000000059e-01,2.267619999999999914e-01,1.683330000000000104e-01,-6.430700000000000305e-02,-1.732900000000000065e-02,1.133839999999999987e-01,-1.953290000000000026e-01,-2.543320000000000025e-01,2.191720000000000057e-01,2.776649999999999952e-01,3.010059999999999958e-01,-7.336499999999999966e-02,-9.293200000000000072e-02,5.766930000000000112e-01,5.775999999999999884e-03,8.233540000000000303e-01,-7.501299999999999635e-02,-2.805159999999999876e-01,-4.194799999999999918e-02,2.269480000000000108e-01,1.910940000000000139e-01,-1.849669999999999925e-01,2.958899999999999864e-01,-2.248020000000000018e-01,-2.087870000000000004e-01,-2.043459999999999999e-01,1.318640000000000090e-01,1.731749999999999956e-01,4.606520000000000059e-01,2.491849999999999898e-01,8.069309999999999539e-01,1.896930000000000005e-01,2.040300000000000100e-02,3.924630000000000063e-01,2.544560000000000155e-01,1.075760000000000050e-01,1.164729999999999932e-01,2.541100000000000025e-01,-7.721200000000000285e-02
-3.417490000000000250e-01,-4.942099999999999965e-02,5.964399999999999702e-01,3.320159999999999778e-01,7.574490000000000389e-01,1.619800000000000129e-01,4.602240000000000220e-01,-1.794520000000000004e-01,1.000000000000000000e+00,3.790540000000000020e-01,7.335549999999999571e-01,2.096909999999999885e-01,5.296130000000000004e-01,4.090869999999999784e-01,1.009860000000000063e-01,2.178470000000000129e-01,5.181799999999999740e-01,5.134100000000000330e-01,3.472000000000000086e-01,3.023910000000000209e-01,-5.599400000000000210e-02,1.941749999999999865e-01,-1.971360000000000057e-01,-3.365900000000000142e-02,1.576200000000000170e-02,1.669630000000000003e-01,2.445990000000000109e-01,5.566060000000000452e-01,2.323749999999999982e-01,2.166450000000000042e-01,8.720400000000000373e-02,-5.750250000000000083e-01,-2.616379999999999817e-01,-2.502800000000000025e-01,-1.638320000000000054e-01,4.556439999999999935e-01,2.850190000000000223e-01,2.827970000000000206e-01,-5.893059999999999965e-01,-3.559229999999999894e-01,-3.008800000000000016e-02,-6.647110000000000518e-01,4.890749999999999820e-01,5.657309999999999839e-01,4.105989999999999918e-01,-4.103729999999999878e-01,1.056219999999999937e-01,5.177140000000000075e-01,1.247900000000000051e-02,8.394800000000000040e-01,2.810369999999999813e-01,6.173809999999999576e-01,8.587899999999999701e-02,9.259469999999999645e-01,3.814089999999999980e-01,7.746039999999999592e-01,3.679220000000000268e-01,2.478110000000000035e-01,3.542029999999999901e-01,1.394060000000000021e-01,4.347800000000000276e-02,2.005200000000000038e-02,2.391010000000000080e-01,3.156349999999999989e-01,2.205209999999999948e-01,-2.357190000000000119e-01,8.580699999999999439e-02,-3.399699999999999944e-02,-1.274399999999999977e-01,1.201959999999999973e-01,-2.093100000000000169e-02,5.420970000000000510e-01,2.737580000000000013e-01,1.236010000000000025e-01,7.441100000000000492e-02,6.249199999999999894e-02
-1.944190000000000085e-01,-4.064110000000000222e-01,-9.570700000000000041e-02,6.225650000000000350e-01,6.832780000000000520e-01,-8.798400000000000665e-02,7.340410000000000545e-01,-3.378920000000000257e-01,3.790540000000000020e-01,1.000000000000000000e+00,3.347029999999999728e-01,8.216250000000000497e-01,2.919379999999999753e-01,8.099100000000000188e-01,2.524099999999999955e-02,2.300079999999999902e-01,8.437810000000000032e-01,5.553679999999999728e-01,-1.283009999999999984e-01,-2.576439999999999841e-01,4.342200000000000226e-02,-2.783640000000000003e-01,-3.113630000000000009e-01,5.908870000000000511e-01,8.923499999999999488e-02,-4.165200000000000152e-02,-3.026130000000000209e-01,2.464699999999999946e-01,1.014550000000000035e-01,5.107089999999999685e-01,4.956169999999999742e-01,-2.673429999999999973e-01,3.885239999999999805e-01,2.133609999999999951e-01,5.175450000000000328e-01,4.389489999999999781e-01,5.928839999999999666e-01,8.644439999999999902e-01,-3.072019999999999751e-01,-5.003799999999999915e-02,5.232759999999999634e-01,-3.171689999999999787e-01,4.035259999999999958e-01,6.328390000000000404e-01,8.394709999999999672e-01,-3.282769999999999855e-01,-2.572639999999999927e-01,-1.875940000000000107e-01,1.681390000000000107e-01,3.026630000000000154e-01,-6.525799999999999657e-02,3.669939999999999869e-01,4.048199999999999715e-02,3.044049999999999812e-01,9.024400000000000199e-01,3.777289999999999814e-01,5.838740000000000041e-01,-1.003689999999999999e-01,7.954569999999999697e-01,-1.427100000000000035e-01,1.136999999999999955e-01,5.506670000000000176e-01,3.866200000000000192e-01,-1.318749999999999922e-01,-2.738340000000000218e-01,-1.612439999999999984e-01,-3.504880000000000217e-01,-2.079409999999999870e-01,4.208140000000000214e-01,2.164580000000000115e-01,-2.556510000000000171e-01,-5.299800000000000344e-02,-3.528699999999999892e-02,-7.772500000000000242e-02,-1.938600000000000045e-01,3.046929999999999916e-01
-2.948080000000000145e-01,1.621340000000000003e-01,7.852860000000000396e-01,2.403839999999999866e-01,6.742169999999999552e-01,3.167760000000000020e-01,4.262679999999999803e-01,1.061699999999999970e-02,7.335549999999999571e-01,3.347029999999999728e-01,1.000000000000000000e+00,1.958739999999999926e-01,4.797120000000000273e-01,4.118129999999999846e-01,3.038609999999999922e-01,2.326459999999999917e-01,4.698939999999999784e-01,4.401479999999999837e-01,6.898459999999999592e-01,3.927260000000000195e-01,8.068000000000000171e-02,3.553899999999999837e-01,-7.748700000000000032e-02,-1.437899999999999942e-02,5.366599999999999843e-02,2.679819999999999980e-01,2.618659999999999877e-01,5.581120000000000525e-01,2.586030000000000273e-01,3.861439999999999872e-01,2.054630000000000067e-01,-5.729560000000000208e-01,-2.657630000000000270e-01,-2.635460000000000025e-01,-1.476320000000000132e-01,4.498759999999999981e-01,2.279899999999999982e-01,1.580600000000000060e-01,-5.921549999999999869e-01,-3.557649999999999979e-01,-1.067879999999999940e-01,-6.498779999999999557e-01,4.656750000000000056e-01,5.648910000000000320e-01,2.505530000000000257e-01,-3.695030000000000259e-01,1.745589999999999919e-01,7.293629999999999836e-01,9.098699999999999843e-02,7.676610000000000378e-01,3.386219999999999786e-01,4.834689999999999821e-01,2.290359999999999896e-01,7.219630000000000214e-01,3.352800000000000225e-01,9.561079999999999579e-01,3.646110000000000184e-01,1.917359999999999898e-01,4.925510000000000166e-01,2.867140000000000244e-01,5.357200000000000156e-02,-4.389500000000000346e-02,7.728000000000000147e-02,6.473510000000000097e-01,3.299849999999999728e-01,-1.856849999999999890e-01,2.409820000000000018e-01,9.517599999999999671e-02,-1.609990000000000032e-01,-5.683999999999999816e-03,-2.382799999999999849e-02,5.910609999999999475e-01,3.060320000000000262e-01,-3.870000000000000176e-03,2.683409999999999962e-01,1.133620000000000044e-01
-1.325600000000000112e-01,-2.064940000000000109e-01,-7.941700000000000148e-02,5.575630000000000308e-01,4.850689999999999724e-01,1.038660000000000000e-01,5.800530000000000408e-01,1.835300000000000126e-02,2.096909999999999885e-01,8.216250000000000497e-01,1.958739999999999926e-01,1.000000000000000000e+00,2.565060000000000118e-01,6.208139999999999770e-01,1.140160000000000062e-01,1.927109999999999934e-01,6.273549999999999960e-01,3.942289999999999961e-01,-1.706350000000000089e-01,-1.711930000000000118e-01,2.307950000000000002e-01,-1.800019999999999953e-01,2.404200000000000087e-02,7.445310000000000539e-01,1.297989999999999977e-01,1.386729999999999907e-01,-1.662109999999999976e-01,1.751870000000000094e-01,1.521019999999999872e-01,4.310660000000000047e-01,4.098080000000000056e-01,-2.238789999999999947e-01,3.403979999999999784e-01,2.137189999999999923e-01,5.294229999999999769e-01,3.723929999999999740e-01,3.792189999999999728e-01,7.495880000000000321e-01,-2.708119999999999972e-01,-5.097600000000000048e-02,4.598720000000000030e-01,-1.070119999999999960e-01,2.696899999999999853e-01,4.830610000000000182e-01,7.559500000000000108e-01,-2.390230000000000132e-01,-1.572729999999999961e-01,-1.438129999999999964e-01,2.970809999999999840e-01,2.090940000000000021e-01,9.085600000000000620e-02,2.894979999999999776e-01,3.039009999999999767e-01,1.737950000000000050e-01,8.658449999999999758e-01,2.602809999999999846e-01,7.018649999999999611e-01,-2.755900000000000016e-02,6.535809999999999675e-01,-3.373700000000000310e-02,4.335200000000000164e-02,4.508360000000000145e-01,2.228580000000000005e-01,-1.675169999999999992e-01,-2.178960000000000063e-01,2.193600000000000064e-02,-2.538179999999999881e-01,7.922300000000000175e-02,5.950379999999999558e-01,1.276309999999999945e-01,-1.212049999999999933e-01,7.879999999999999635e-04,-1.187599999999999940e-02,-5.501799999999999746e-02,-1.344110000000000027e-01,2.249859999999999915e-01
1.589799999999999894e-02,4.587060000000000026e-01,4.904439999999999911e-01,3.372209999999999930e-01,3.763360000000000039e-01,6.036859999999999449e-01,3.025820000000000176e-01,1.373600000000000099e-01,5.296130000000000004e-01,2.919379999999999753e-01,4.797120000000000273e-01,2.565060000000000118e-01,1.000000000000000000e+00,1.919889999999999930e-01,3.272709999999999786e-01,6.148350000000000204e-01,4.887259999999999938e-01,6.781070000000000153e-01,3.428860000000000241e-01,4.863580000000000125e-01,2.347140000000000060e-01,4.151759999999999895e-01,4.932899999999999785e-02,1.831659999999999955e-01,4.283159999999999745e-01,5.916749999999999510e-01,3.111030000000000184e-01,8.222519999999999829e-01,6.387920000000000265e-01,4.293730000000000047e-01,2.833479999999999888e-01,-4.123970000000000136e-01,-9.179199999999999859e-02,6.064100000000000046e-02,-2.548300000000000010e-01,6.743740000000000290e-01,3.986770000000000036e-01,3.361109999999999931e-01,-3.746869999999999923e-01,4.702699999999999936e-02,1.466339999999999866e-01,-4.659039999999999848e-01,7.398890000000000189e-01,5.854169999999999652e-01,3.488410000000000122e-01,-1.061730000000000035e-01,4.564250000000000251e-01,4.274240000000000261e-01,4.166299999999999865e-02,4.677830000000000044e-01,6.016439999999999566e-01,6.161590000000000122e-01,2.847199999999999731e-01,5.362379999999999924e-01,2.591300000000000270e-01,4.690099999999999825e-01,5.030919999999999837e-01,7.112929999999999531e-01,2.588759999999999950e-01,2.983999999999999986e-01,2.651299999999999768e-01,1.320439999999999947e-01,5.311470000000000358e-01,2.914809999999999901e-01,4.317670000000000119e-01,3.737300000000000344e-02,3.428220000000000156e-01,2.487169999999999936e-01,1.387849999999999917e-01,4.305100000000000038e-01,4.027700000000000169e-01,4.853430000000000244e-01,6.712230000000000141e-01,3.870060000000000167e-01,4.635259999999999936e-01,2.689540000000000264e-01
-4.186549999999999994e-01,-4.201429999999999887e-01,-2.207399999999999987e-02,6.447979999999999823e-01,8.176999999999999824e-01,1.412799999999999993e-02,8.850909999999999611e-01,-2.335840000000000138e-01,4.090869999999999784e-01,8.099100000000000188e-01,4.118129999999999846e-01,6.208139999999999770e-01,1.919889999999999930e-01,1.000000000000000000e+00,-9.496100000000000374e-02,-4.054200000000000165e-02,7.594060000000000255e-01,5.116290000000000004e-01,-1.857240000000000002e-01,-3.972310000000000008e-01,-2.376299999999999940e-02,-4.194599999999999995e-01,-2.056560000000000055e-01,2.353139999999999954e-01,-1.354160000000000086e-01,-1.088849999999999957e-01,-2.994319999999999760e-01,1.677259999999999862e-01,-7.462499999999999689e-02,3.093179999999999819e-01,2.238980000000000137e-01,-2.480350000000000055e-01,2.525580000000000047e-01,-1.614499999999999963e-02,5.845110000000000028e-01,4.937110000000000110e-01,4.359560000000000102e-01,6.817579999999999751e-01,-3.352249999999999952e-01,-2.765969999999999818e-01,2.948479999999999990e-01,-3.378109999999999724e-01,3.579049999999999732e-01,6.250080000000000080e-01,7.942390000000000283e-01,-5.200970000000000315e-01,-3.888690000000000202e-01,-9.732999999999999985e-02,2.059449999999999892e-01,3.831740000000000146e-01,-2.229599999999999985e-02,4.523679999999999923e-01,2.022190000000000099e-01,3.146789999999999865e-01,7.895410000000000483e-01,4.601540000000000075e-01,4.852369999999999739e-01,-2.590080000000000160e-01,8.679689999999999905e-01,-2.678189999999999737e-01,-1.497410000000000130e-01,2.879639999999999977e-01,1.647480000000000055e-01,-1.801659999999999928e-01,-4.258689999999999976e-01,-3.101929999999999965e-01,-5.419340000000000268e-01,-1.057300000000000045e-01,1.446359999999999868e-01,-1.991800000000000168e-02,-4.401200000000000112e-01,-2.719600000000000142e-02,-2.538540000000000241e-01,-2.937239999999999851e-01,-3.494550000000000156e-01,1.066300000000000060e-02
1.957309999999999883e-01,3.917550000000000199e-01,3.074879999999999836e-01,9.395799999999999985e-02,2.628199999999999981e-02,2.872859999999999858e-01,-7.263899999999999524e-02,2.432070000000000065e-01,1.009860000000000063e-01,2.524099999999999955e-02,3.038609999999999922e-01,1.140160000000000062e-01,3.272709999999999786e-01,-9.496100000000000374e-02,1.000000000000000000e+00,5.175490000000000368e-01,1.665119999999999933e-01,2.459129999999999927e-01,4.140559999999999796e-01,6.342729999999999757e-01,5.831499999999999462e-01,7.007090000000000263e-01,1.964899999999999980e-01,1.448109999999999953e-01,3.178710000000000147e-01,3.266109999999999847e-01,3.713879999999999959e-01,4.800769999999999760e-01,5.530859999999999665e-01,5.453299999999999814e-01,4.816909999999999803e-01,-8.442299999999999804e-02,-2.288999999999999924e-01,1.539159999999999973e-01,-1.755770000000000108e-01,2.212159999999999960e-01,7.980299999999999894e-02,-2.334299999999999917e-02,-3.275600000000000039e-02,-1.113660000000000067e-01,1.304869999999999919e-01,-8.495800000000000574e-02,2.620810000000000084e-01,2.821960000000000024e-01,-3.333300000000000152e-02,2.489780000000000049e-01,5.816459999999999964e-01,3.075860000000000261e-01,1.380699999999999983e-01,2.006159999999999888e-01,3.157340000000000146e-01,1.699640000000000040e-01,2.291829999999999978e-01,1.314990000000000048e-01,7.341000000000000303e-02,2.362920000000000020e-01,1.327059999999999906e-01,3.278760000000000008e-01,-2.846100000000000019e-02,8.956629999999999869e-01,4.505790000000000073e-01,2.143279999999999907e-01,2.529629999999999934e-01,3.644990000000000174e-01,5.691619999999999457e-01,4.569250000000000256e-01,6.442790000000000461e-01,3.369690000000000185e-01,2.449179999999999968e-01,2.667229999999999879e-01,4.496859999999999746e-01,4.291240000000000054e-01,5.032710000000000239e-01,4.394069999999999920e-01,5.738520000000000287e-01,4.746710000000000096e-01
3.890779999999999794e-01,3.309759999999999924e-01,1.680699999999999972e-01,1.723760000000000014e-01,8.704499999999999738e-02,1.273759999999999892e-01,-5.111899999999999777e-02,-1.283779999999999921e-01,2.178470000000000129e-01,2.300079999999999902e-01,2.326459999999999917e-01,1.927109999999999934e-01,6.148350000000000204e-01,-4.054200000000000165e-02,5.175490000000000368e-01,1.000000000000000000e+00,3.414019999999999833e-01,6.085930000000000506e-01,3.501710000000000100e-01,6.075040000000000440e-01,2.408849999999999880e-01,6.419040000000000301e-01,-2.012629999999999975e-01,3.105740000000000167e-01,4.793620000000000103e-01,3.696769999999999778e-01,2.463359999999999994e-01,7.338299999999999823e-01,6.425689999999999458e-01,6.325319999999999832e-01,6.554499999999999771e-01,-1.980320000000000136e-01,6.153999999999999748e-03,2.834300000000000153e-01,-1.715039999999999898e-01,3.971040000000000125e-01,2.811529999999999863e-01,2.464500000000000024e-01,-1.292320000000000135e-01,4.388299999999999840e-02,2.979330000000000034e-01,-7.621300000000000296e-02,4.138399999999999856e-01,4.662540000000000018e-01,1.410970000000000002e-01,2.926099999999999812e-01,5.802709999999999813e-01,1.650689999999999935e-01,6.954200000000000659e-02,2.261970000000000092e-01,1.695889999999999898e-01,2.367329999999999990e-01,-9.518400000000000472e-02,2.387640000000000040e-01,2.077110000000000067e-01,2.152310000000000056e-01,1.473909999999999942e-01,5.184320000000000039e-01,5.219399999999999734e-02,5.082659999999999956e-01,7.208560000000000523e-01,3.816519999999999913e-01,5.931039999999999646e-01,3.778830000000000244e-01,5.539380000000000415e-01,1.471729999999999983e-01,5.945009999999999462e-01,-7.560799999999999466e-02,2.923720000000000208e-01,4.982929999999999859e-01,4.972500000000000253e-01,2.950420000000000265e-01,7.238449999999999607e-01,5.064539999999999598e-01,6.319249999999999590e-01,6.784339999999999815e-01
-1.456780000000000019e-01,-1.136069999999999997e-01,7.531100000000000294e-02,6.078569999999999807e-01,7.681090000000000417e-01,1.792630000000000057e-01,7.499590000000000423e-01,-1.412700000000000067e-01,5.181799999999999740e-01,8.437810000000000032e-01,4.698939999999999784e-01,6.273549999999999960e-01,4.887259999999999938e-01,7.594060000000000255e-01,1.665119999999999933e-01,3.414019999999999833e-01,1.000000000000000000e+00,8.101530000000000120e-01,-5.272999999999999909e-03,-7.072000000000000508e-02,2.490789999999999949e-01,-4.730800000000000283e-02,-1.463669999999999971e-01,4.515509999999999802e-01,2.730339999999999989e-01,2.701720000000000232e-01,-1.456449999999999967e-01,5.004370000000000207e-01,3.224730000000000096e-01,5.143900000000000139e-01,4.760599999999999832e-01,-2.768669999999999742e-01,3.421950000000000269e-01,2.096059999999999868e-01,2.873990000000000156e-01,5.612359999999999571e-01,5.320820000000000549e-01,6.899159999999999737e-01,-3.101079999999999948e-01,-2.549000000000000050e-03,4.489060000000000272e-01,-5.096870000000000012e-01,5.457710000000000061e-01,6.546220000000000372e-01,7.129459999999999686e-01,-2.587450000000000028e-01,-4.170900000000000302e-02,1.318199999999999927e-02,-7.988999999999999574e-03,4.457650000000000223e-01,1.713760000000000006e-01,4.758890000000000065e-01,2.340559999999999863e-01,4.645520000000000205e-01,7.337770000000000126e-01,5.047369999999999912e-01,5.973209999999999908e-01,8.138099999999999501e-02,6.985799999999999788e-01,2.963199999999999862e-02,1.234240000000000059e-01,5.483209999999999473e-01,5.313419999999999810e-01,1.376699999999999972e-02,-1.218609999999999971e-01,-6.643000000000000294e-02,-1.561369999999999980e-01,-8.377000000000000765e-03,3.611679999999999890e-01,3.617210000000000147e-01,-1.211399999999999977e-02,8.279599999999999460e-02,1.336050000000000015e-01,7.001300000000000578e-02,1.162499999999999992e-02,3.360549999999999926e-01
-1.871400000000000147e-02,1.207190000000000069e-01,1.925030000000000074e-01,4.579940000000000122e-01,5.895979999999999555e-01,2.918390000000000151e-01,4.999270000000000103e-01,-7.724499999999999422e-02,5.134100000000000330e-01,5.553679999999999728e-01,4.401479999999999837e-01,3.942289999999999961e-01,6.781070000000000153e-01,5.116290000000000004e-01,2.459129999999999927e-01,6.085930000000000506e-01,8.101530000000000120e-01,1.000000000000000000e+00,1.258940000000000059e-01,1.681620000000000059e-01,2.333030000000000104e-01,2.145309999999999995e-01,-1.181910000000000044e-01,3.191200000000000148e-01,3.947399999999999798e-01,4.208210000000000006e-01,3.026000000000000044e-03,7.247620000000000173e-01,5.021980000000000333e-01,4.997599999999999820e-01,4.494159999999999822e-01,-2.939229999999999898e-01,2.044610000000000039e-01,1.832969999999999877e-01,1.401650000000000118e-01,5.843340000000000201e-01,3.763599999999999723e-01,4.526660000000000128e-01,-3.060019999999999962e-01,-8.824500000000000399e-02,3.330230000000000135e-01,-4.294040000000000079e-01,5.234220000000000539e-01,6.603780000000000205e-01,5.098989999999999911e-01,-1.938449999999999895e-01,1.764950000000000130e-01,1.476739999999999997e-01,-7.150600000000000012e-02,4.495879999999999876e-01,2.179139999999999966e-01,4.264959999999999862e-01,1.819929999999999881e-01,4.556200000000000250e-01,4.798140000000000183e-01,4.509250000000000203e-01,4.175650000000000195e-01,2.884369999999999989e-01,4.654400000000000204e-01,1.558239999999999903e-01,2.321840000000000015e-01,3.673589999999999911e-01,5.977489999999999748e-01,1.511560000000000126e-01,9.935299999999999687e-02,-8.762599999999999556e-02,9.147500000000000075e-02,-4.882000000000000055e-03,1.746399999999999897e-01,3.784799999999999831e-01,1.598509999999999931e-01,1.839719999999999966e-01,3.621679999999999899e-01,1.880529999999999979e-01,2.408049999999999913e-01,3.623299999999999854e-01
8.113000000000000420e-03,5.234750000000000236e-01,7.635999999999999455e-01,-1.642800000000000094e-01,8.058600000000000485e-02,3.104890000000000150e-01,-1.254599999999999882e-01,1.270409999999999873e-01,3.472000000000000086e-01,-1.283009999999999984e-01,6.898459999999999592e-01,-1.706350000000000089e-01,3.428860000000000241e-01,-1.857240000000000002e-01,4.140559999999999796e-01,3.501710000000000100e-01,-5.272999999999999909e-03,1.258940000000000059e-01,1.000000000000000000e+00,6.493309999999999915e-01,7.412100000000000632e-02,6.610190000000000232e-01,-2.868700000000000069e-02,-1.282600000000000129e-01,2.985499999999999821e-01,3.852220000000000089e-01,4.827529999999999877e-01,4.340060000000000029e-01,3.887760000000000105e-01,2.804889999999999883e-01,1.538180000000000103e-01,-3.504189999999999805e-01,-3.481580000000000230e-01,-2.080919999999999992e-01,-4.550270000000000148e-01,2.403599999999999903e-01,3.500500000000000139e-02,-2.619119999999999782e-01,-2.861949999999999772e-01,-1.114030000000000020e-01,-2.528509999999999924e-01,-3.695459999999999856e-01,2.877160000000000273e-01,2.462189999999999934e-01,-2.486700000000000021e-01,-6.316000000000000433e-03,5.709509999999999863e-01,7.519759999999999778e-01,-8.481999999999999956e-03,4.500709999999999988e-01,3.331230000000000024e-01,1.766449999999999965e-01,3.487200000000000022e-02,3.809569999999999901e-01,-1.739769999999999928e-01,5.916949999999999710e-01,-1.961200000000000096e-02,3.503930000000000100e-01,-3.405199999999999894e-02,4.715449999999999919e-01,3.370969999999999800e-01,-1.040530000000000066e-01,4.298600000000000337e-02,9.259880000000000333e-01,6.833519999999999595e-01,-2.522500000000000089e-02,6.580890000000000351e-01,5.131600000000000050e-02,-2.508340000000000014e-01,1.204270000000000063e-01,3.438970000000000082e-01,5.968879999999999741e-01,4.684189999999999743e-01,2.340849999999999875e-01,5.586830000000000407e-01,1.623290000000000011e-01
2.289319999999999966e-01,6.026219999999999910e-01,6.015829999999999789e-01,-8.296699999999999908e-02,-7.136900000000000188e-02,3.746129999999999738e-01,-2.993029999999999857e-01,2.389959999999999862e-01,3.023910000000000209e-01,-2.576439999999999841e-01,3.927260000000000195e-01,-1.711930000000000118e-01,4.863580000000000125e-01,-3.972310000000000008e-01,6.342729999999999757e-01,6.075040000000000440e-01,-7.072000000000000508e-02,1.681620000000000059e-01,6.493309999999999915e-01,1.000000000000000000e+00,2.884650000000000269e-01,9.220199999999999507e-01,1.213710000000000067e-01,-7.230000000000000315e-02,3.655019999999999936e-01,4.395870000000000055e-01,7.154359999999999609e-01,6.452679999999999527e-01,6.184779999999999722e-01,3.732909999999999839e-01,2.876170000000000115e-01,-2.420720000000000094e-01,-4.812150000000000039e-01,4.262900000000000023e-02,-6.260719999999999619e-01,2.417040000000000022e-01,8.033400000000000263e-02,-2.545640000000000125e-01,-1.500749999999999862e-01,-2.808000000000000166e-03,-6.839199999999999446e-02,-2.494599999999999873e-01,3.553870000000000084e-01,1.854570000000000107e-01,-3.050660000000000038e-01,2.834920000000000218e-01,7.786520000000000108e-01,6.107099999999999751e-01,2.619799999999999907e-02,3.788110000000000088e-01,5.243120000000000003e-01,2.759099999999999886e-01,1.099440000000000001e-01,4.155220000000000025e-01,-2.203549999999999953e-01,3.384699999999999931e-01,5.692799999999999944e-02,6.134760000000000213e-01,-2.617220000000000102e-01,7.422990000000000421e-01,4.909850000000000048e-01,-3.685499999999999887e-02,2.000709999999999988e-01,6.071659999999999835e-01,9.124590000000000201e-01,2.547019999999999840e-01,8.901059999999999528e-01,2.628940000000000166e-01,3.774799999999999683e-02,3.213679999999999870e-01,6.336810000000000498e-01,7.223220000000000196e-01,7.730040000000000244e-01,6.007919999999999927e-01,7.502170000000000227e-01,4.143600000000000061e-01
