1.000000000000000000e+00,-1.134619999999999934e-01,4.230030000000000179e-01,-2.012710000000000055e-01,2.256360000000000032e-01,4.096090000000000009e-01,2.285590000000000122e-01,-1.541000000000000052e-03,4.606560000000000099e-01,-2.123589999999999922e-01,2.945539999999999825e-01,4.853000000000000091e-01,3.142550000000000066e-01,-2.379580000000000028e-01,3.423169999999999824e-01,-5.231600000000000139e-02,-3.096070000000000211e-01,8.480999999999999650e-02,1.526460000000000039e-01,3.542109999999999981e-01,2.611959999999999837e-01,5.073950000000000404e-01,3.061670000000000225e-01,4.718260000000000232e-01,1.994900000000000007e-01,5.093800000000000550e-01,5.264560000000000350e-01,3.582099999999999729e-01,6.375680000000000236e-01,-7.538999999999999868e-02,1.619460000000000066e-01,1.626650000000000040e-01,4.382639999999999869e-01,-8.532099999999999407e-02,-4.669499999999999762e-01,-2.030760000000000065e-01,-1.036709999999999993e-01,2.800179999999999891e-01,6.305700000000000194e-02,-3.106639999999999957e-01,-6.507200000000000484e-02,-1.624089999999999978e-01,-3.731019999999999892e-01,-8.218000000000000305e-02,5.161430000000000184e-01,8.085630000000000317e-01,-7.230200000000000515e-02,-2.148100000000000009e-01,-5.254870000000000374e-01,7.643999999999999406e-02,1.774320000000000064e-01,2.327839999999999909e-01,-2.018659999999999899e-01,1.244149999999999978e-01,2.731310000000000127e-01,-6.231699999999999739e-02,4.750670000000000170e-01,-1.460750000000000104e-01,6.075999999999999804e-03,3.121220000000000105e-01,3.789000000000000146e-01,3.448089999999999766e-01,3.463120000000000087e-01,-5.432300000000000323e-02,2.028089999999999893e-01,2.253360000000000085e-01,4.547390000000000043e-01,2.772129999999999872e-01,3.414760000000000018e-01,1.218110000000000026e-01,2.231549999999999923e-01,2.946389999999999842e-01,-4.261100000000000304e-02,4.710199999999999942e-01,-2.539359999999999951e-01,4.499000000000000395e-03
-1.134619999999999934e-01,1.000000000000000000e+00,-1.466749999999999998e-01,3.086099999999999954e-02,1.019840000000000052e-01,3.246519999999999961e-01,2.559870000000000201e-01,-1.933999999999999955e-03,-2.563800000000000107e-02,4.624820000000000042e-01,6.014300000000000201e-02,1.315919999999999868e-01,4.658510000000000151e-01,-3.895270000000000121e-01,9.151099999999999512e-02,3.792360000000000175e-01,5.340939999999999577e-01,5.960459999999999647e-01,9.334499999999999742e-02,-2.141000000000000108e-03,1.608169999999999877e-01,1.766600000000000115e-01,3.685570000000000235e-01,4.661270000000000135e-01,7.838540000000000507e-01,5.910999999999999588e-01,2.200529999999999986e-01,2.327800000000000008e-02,1.277480000000000004e-01,1.191849999999999993e-01,-2.820159999999999889e-01,-1.814969999999999917e-01,3.993100000000000122e-02,3.659300000000000053e-02,-6.050799999999999929e-02,-3.672839999999999994e-01,-3.077849999999999753e-01,-1.859099999999999919e-01,-4.291670000000000207e-01,3.466389999999999749e-01,-1.314559999999999895e-01,-3.908880000000000132e-01,-3.582130000000000036e-01,-3.873030000000000084e-01,-6.401999999999999358e-02,-4.152100000000000235e-02,6.893890000000000295e-01,1.692700000000000038e-01,-2.586000000000000104e-02,9.589999999999999913e-02,3.668029999999999902e-01,3.367470000000000185e-01,-7.536000000000000164e-03,1.027639999999999942e-01,-7.068900000000000183e-02,9.399299999999999322e-02,1.820120000000000071e-01,6.162760000000000460e-01,-3.294869999999999743e-01,3.791599999999999832e-02,-8.248300000000000076e-02,-2.932910000000000239e-01,-8.308599999999999319e-02,8.740900000000000059e-02,1.295000000000000040e-01,7.087599999999999456e-02,5.635199999999999931e-02,1.966859999999999997e-01,4.747270000000000101e-01,5.994340000000000224e-01,6.390679999999999694e-01,3.608660000000000201e-01,-8.947499999999999898e-02,3.263829999999999787e-01,1.018410000000000010e-01,-5.249369999999999870e-01
4.230030000000000179e-01,-1.466749999999999998e-01,1.000000000000000000e+00,-5.910399999999999682e-02,5.247990000000000155e-01,7.522370000000000445e-01,7.902000000000000690e-02,3.586019999999999763e-01,8.943710000000000271e-01,-5.370859999999999523e-01,6.753749999999999476e-01,6.493579999999999908e-01,5.301420000000000021e-01,-1.088899999999999937e-02,1.255139999999999867e-01,-4.227239999999999887e-01,-5.747769999999999824e-01,-9.794999999999999540e-02,6.596649999999999459e-01,7.234400000000000552e-02,-4.581500000000000156e-02,1.708550000000000069e-01,3.240890000000000160e-01,4.850000000000000144e-02,-1.123429999999999984e-01,1.421209999999999973e-01,6.005920000000000147e-01,4.003309999999999924e-01,3.919409999999999838e-01,-7.611099999999999810e-02,-1.355099999999999916e-01,6.756800000000000306e-02,2.917549999999999866e-01,3.635499999999999843e-02,-5.811910000000000132e-01,1.912079999999999891e-01,4.322199999999999653e-02,4.272340000000000027e-01,6.370699999999999974e-02,-6.854780000000000317e-01,4.991199999999999803e-02,-4.050299999999999734e-02,2.009400000000000075e-02,4.499999999999999877e-04,6.053330000000000100e-01,2.392239999999999922e-01,3.509899999999999826e-02,3.783480000000000176e-01,-5.164779999999999927e-01,5.138470000000000537e-01,4.311429999999999985e-01,2.023949999999999916e-01,1.762070000000000025e-01,6.043230000000000546e-01,4.072899999999999854e-01,4.482380000000000253e-01,5.163130000000000219e-01,-1.679209999999999869e-01,2.946010000000000018e-01,3.291299999999999781e-02,3.352180000000000160e-01,3.800549999999999762e-01,3.308209999999999762e-01,4.185090000000000199e-01,-2.077589999999999992e-01,1.759000000000000147e-02,1.030360000000000026e-01,2.614790000000000170e-01,1.372460000000000069e-01,-1.745400000000000076e-02,-1.470100000000000018e-01,8.718199999999999561e-02,-8.193100000000000382e-02,4.175199999999999745e-02,-3.093580000000000219e-01,2.507869999999999822e-01
-2.012710000000000055e-01,3.086099999999999954e-02,-5.910399999999999682e-02,1.000000000000000000e+00,1.142380000000000062e-01,-2.910000000000000260e-04,2.388899999999999912e-01,5.110599999999999865e-02,4.856400000000000300e-02,-7.754099999999999882e-02,1.754219999999999946e-01,4.018300000000000344e-02,1.126489999999999991e-01,1.757950000000000068e-01,2.690700000000000036e-02,-5.928000000000000110e-03,3.881600000000000328e-02,-4.674400000000000083e-02,-9.899999999999999946e-04,-8.553099999999999592e-02,1.865390000000000104e-01,-5.098300000000000054e-02,1.574869999999999881e-01,-8.142900000000000138e-02,-6.164100000000000135e-02,-1.506639999999999924e-01,1.177699999999999927e-02,9.971900000000000208e-02,-6.393699999999999384e-02,-1.163219999999999948e-01,-1.911130000000000051e-01,-5.167399999999999771e-02,-1.910499999999999976e-01,-1.687339999999999951e-01,1.217300000000000049e-01,1.606410000000000060e-01,1.059000000000000045e-02,-1.085310000000000025e-01,-8.977300000000000557e-02,-1.471550000000000080e-01,-7.275199999999999723e-02,2.112500000000000142e-02,4.144990000000000063e-01,-1.800680000000000058e-01,-5.176300000000000345e-02,-2.526800000000000157e-01,2.198309999999999986e-01,-3.679099999999999732e-02,1.575040000000000051e-01,9.549499999999999655e-02,7.644600000000000006e-02,9.431299999999999406e-02,8.459600000000000453e-02,2.434000000000000052e-02,3.050629999999999731e-01,2.050230000000000108e-01,9.636999999999999733e-03,2.194299999999999862e-01,-5.659000000000000141e-02,-4.039100000000000329e-02,-1.036849999999999994e-01,2.398220000000000074e-01,3.275900000000000339e-02,8.375000000000000500e-03,-1.218589999999999951e-01,1.811180000000000012e-01,-1.492960000000000120e-01,1.974110000000000031e-01,2.587300000000000016e-02,5.846699999999999814e-02,2.681400000000000103e-02,-1.545299999999999972e-02,8.989400000000000168e-02,1.439099999999999928e-02,4.879999999999999789e-03,1.294599999999999917e-02
2.256360000000000032e-01,1.019840000000000052e-01,5.247990000000000155e-01,1.142380000000000062e-01,1.000000000000000000e+00,5.209369999999999834e-01,5.840560000000000196e-01,1.593620000000000037e-01,6.190170000000000394e-01,-2.230650000000000133e-01,5.227939999999999809e-01,3.851049999999999751e-01,5.385490000000000554e-01,6.035399999999999793e-02,-1.634800000000000142e-02,-8.464599999999999902e-02,-2.337400000000000033e-01,5.828699999999999853e-02,2.126329999999999887e-01,4.019600000000000256e-02,-6.715899999999999648e-02,2.111570000000000114e-01,3.331870000000000109e-01,-1.970900000000000082e-02,3.664499999999999702e-02,1.147549999999999959e-01,5.017660000000000453e-01,4.233919999999999906e-01,3.559680000000000066e-01,-2.391799999999999829e-02,-1.089819999999999955e-01,1.779199999999999948e-01,1.676719999999999877e-01,1.330939999999999901e-01,-3.803279999999999994e-01,2.531769999999999854e-01,1.941529999999999923e-01,1.433879999999999877e-01,8.136200000000000376e-02,-4.684209999999999763e-01,1.958509999999999973e-01,-2.432399999999999840e-02,1.414539999999999964e-01,1.181320000000000009e-01,2.287740000000000051e-01,-2.141999999999999807e-03,7.497700000000000198e-02,1.473980000000000012e-01,-1.589309999999999889e-01,6.535429999999999851e-01,1.987180000000000057e-01,3.899710000000000121e-01,3.772099999999999759e-02,4.500609999999999888e-01,3.536830000000000251e-01,4.124280000000000168e-01,1.760059999999999958e-01,-2.075000000000000022e-03,2.400229999999999864e-01,-1.150049999999999961e-01,3.128770000000000162e-01,3.867849999999999899e-01,2.826699999999999768e-01,1.128379999999999939e-01,-1.515710000000000113e-01,-1.158600000000000046e-01,4.118700000000000139e-02,1.096530000000000005e-01,-1.934100000000000055e-02,-7.976999999999999369e-02,-9.695299999999999752e-02,2.093339999999999923e-01,-7.211399999999999755e-02,-1.609000000000000014e-02,-4.631689999999999974e-01,7.872600000000000431e-02
4.096090000000000009e-01,3.246519999999999961e-01,7.522370000000000445e-01,-2.910000000000000260e-04,5.209369999999999834e-01,1.000000000000000000e+00,2.886969999999999814e-01,3.843759999999999954e-01,8.148579999999999712e-01,-3.706070000000000197e-01,6.244070000000000453e-01,6.700490000000000057e-01,8.096449999999999481e-01,-1.642609999999999904e-01,1.901470000000000105e-01,-3.088359999999999994e-01,-4.000270000000000215e-01,1.632319999999999882e-01,5.333059999999999468e-01,1.558340000000000003e-01,1.707480000000000109e-01,2.541349999999999998e-01,5.828060000000000462e-01,3.186149999999999816e-01,2.832999999999999963e-01,4.543780000000000041e-01,7.537160000000000526e-01,3.616960000000000175e-01,4.751440000000000108e-01,-1.350530000000000064e-01,-3.164210000000000078e-01,4.542000000000000204e-02,2.800949999999999829e-01,-2.741499999999999840e-02,-6.250909999999999522e-01,2.199900000000000119e-02,-9.725999999999999923e-02,4.002569999999999739e-01,-9.269199999999999662e-02,-5.376290000000000235e-01,-5.943500000000000172e-02,-2.716580000000000106e-01,-9.366499999999999826e-02,-1.571379999999999999e-01,6.159470000000000223e-01,2.829769999999999786e-01,4.029340000000000144e-01,1.443049999999999888e-01,-4.644559999999999800e-01,4.750210000000000266e-01,7.170539999999999692e-01,4.268140000000000267e-01,2.223799999999999943e-01,5.508079999999999643e-01,3.351560000000000095e-01,3.149399999999999977e-01,5.997350000000000181e-01,2.470799999999999941e-01,7.244000000000000439e-02,1.060610000000000025e-01,2.610729999999999995e-01,1.877790000000000015e-01,2.997830000000000217e-01,2.941190000000000193e-01,-5.543800000000000117e-02,1.683260000000000034e-01,1.625250000000000028e-01,4.104720000000000035e-01,3.975600000000000245e-01,3.791919999999999735e-01,1.517050000000000065e-01,3.617079999999999740e-01,-6.225300000000000278e-02,2.578650000000000109e-01,-2.731509999999999772e-01,-3.194000000000000311e-02
2.285590000000000122e-01,2.559870000000000201e-01,7.902000000000000690e-02,2.388899999999999912e-01,5.840560000000000196e-01,2.886969999999999814e-01,1.000000000000000000e+00,-1.338380000000000125e-01,2.852009999999999823e-01,3.197799999999999948e-02,2.668940000000000201e-01,2.852669999999999928e-01,5.160460000000000047e-01,-1.753669999999999951e-01,1.800410000000000066e-01,2.570400000000000115e-02,9.823700000000000487e-02,6.960700000000000220e-02,5.117000000000000021e-03,1.422370000000000023e-01,1.582800000000000040e-01,3.086610000000000187e-01,2.668329999999999869e-01,2.245590000000000086e-01,2.322990000000000055e-01,2.026229999999999976e-01,4.115860000000000074e-01,2.134949999999999903e-01,4.517729999999999801e-01,-1.192119999999999985e-01,-1.259859999999999869e-01,-1.921899999999999997e-02,1.482600000000000064e-02,-1.015339999999999993e-01,-1.589700000000000002e-01,-1.060859999999999997e-01,5.990600000000000092e-02,2.805000000000000202e-03,-9.420099999999999307e-02,-2.924129999999999785e-01,-7.476700000000000013e-02,-9.695800000000000252e-02,-2.060000000000000026e-02,-1.309929999999999983e-01,3.515599999999999975e-02,1.272050000000000125e-01,2.250910000000000133e-01,-2.205519999999999980e-01,-1.490000000000000005e-03,2.217679999999999929e-01,1.913799999999999946e-01,5.067469999999999475e-01,-1.342190000000000050e-01,3.350800000000000306e-02,2.718630000000000213e-01,1.066850000000000021e-01,9.636799999999999533e-02,2.749789999999999734e-01,-2.510299999999999754e-01,1.221379999999999966e-01,7.515800000000000258e-02,3.570780000000000065e-01,7.768100000000000005e-02,-1.327240000000000086e-01,7.044899999999999773e-02,7.017500000000000127e-02,1.813019999999999909e-01,1.292959999999999943e-01,1.864099999999999924e-01,1.309180000000000066e-01,1.676229999999999942e-01,4.316309999999999869e-01,-2.615210000000000035e-01,2.389719999999999900e-01,-4.167159999999999753e-01,-2.218710000000000127e-01
-1.541000000000000052e-03,-1.933999999999999955e-03,3.586019999999999763e-01,5.110599999999999865e-02,1.593620000000000037e-01,3.843759999999999954e-01,-1.338380000000000125e-01,1.000000000000000000e+00,2.604859999999999953e-01,-3.962220000000000186e-01,4.305860000000000243e-01,7.415499999999999869e-02,3.609559999999999991e-01,3.377939999999999832e-01,-2.923399999999999957e-02,-3.049720000000000208e-01,-2.229210000000000080e-01,-2.690100000000000269e-01,4.124909999999999966e-01,-2.645210000000000061e-01,1.188799999999999996e-01,-2.941849999999999743e-01,5.919729999999999714e-01,-7.510000000000000182e-03,-2.330750000000000044e-01,2.200900000000000079e-02,-4.196699999999999736e-02,8.803900000000000614e-02,-2.802999999999999936e-01,-2.542600000000000068e-02,-2.774579999999999824e-01,1.445629999999999971e-01,-1.093719999999999970e-01,-1.844810000000000061e-01,-1.257199999999999984e-02,4.211659999999999848e-01,2.112269999999999981e-01,2.627699999999999828e-02,1.692990000000000050e-01,-3.589010000000000256e-01,-1.221349999999999936e-01,1.136479999999999990e-01,3.226760000000000184e-01,-1.741099999999999939e-02,1.293340000000000045e-01,-2.252900000000000041e-02,-1.970200000000000076e-02,2.243439999999999879e-01,-1.407199999999999944e-02,1.826059999999999905e-01,2.246589999999999976e-01,-4.418300000000000005e-02,7.952639999999999709e-01,2.371479999999999977e-01,-6.863800000000000456e-02,3.385489999999999888e-01,6.282500000000000584e-02,3.104799999999999921e-02,6.161400000000000210e-02,-4.764000000000000005e-03,-1.006100000000000050e-01,5.419000000000000206e-03,-2.756199999999999969e-02,4.718350000000000044e-01,-2.766000000000000125e-01,8.821400000000000075e-02,-2.138039999999999941e-01,4.189470000000000138e-01,-9.232899999999999441e-02,-5.916899999999999937e-02,-2.241789999999999894e-01,-2.293030000000000068e-01,6.687800000000000689e-02,-2.744240000000000013e-01,5.323599999999999860e-02,2.194220000000000059e-01
4.606560000000000099e-01,-2.563800000000000107e-02,8.943710000000000271e-01,4.856400000000000300e-02,6.190170000000000394e-01,8.148579999999999712e-01,2.852009999999999823e-01,2.604859999999999953e-01,1.000000000000000000e+00,-4.398310000000000275e-01,6.300900000000000389e-01,7.796359999999999957e-01,6.665569999999999551e-01,-1.393459999999999976e-01,2.561869999999999981e-01,-4.533969999999999945e-01,-5.452369999999999717e-01,-2.122800000000000034e-02,5.453689999999999927e-01,2.165289999999999992e-01,1.588399999999999881e-02,3.208389999999999853e-01,3.938880000000000159e-01,1.963219999999999965e-01,-1.214499999999999955e-02,3.207889999999999908e-01,7.209529999999999550e-01,3.819949999999999735e-01,4.761420000000000097e-01,-1.219650000000000040e-01,-2.451820000000000110e-01,-6.478200000000000625e-02,2.619699999999999807e-01,4.023000000000000187e-02,-7.262300000000000422e-01,8.366700000000000526e-02,-8.328000000000000333e-03,4.206759999999999944e-01,-1.225050000000000028e-01,-6.995289999999999564e-01,3.110399999999999970e-02,-2.581930000000000058e-01,-4.384899999999999909e-02,-8.169099999999999973e-02,6.043990000000000196e-01,2.888089999999999824e-01,9.856299999999999784e-02,1.889730000000000021e-01,-5.035389999999999588e-01,5.747339999999999671e-01,4.633380000000000276e-01,4.081270000000000175e-01,1.102250000000000035e-01,6.855219999999999647e-01,3.791720000000000090e-01,3.821609999999999729e-01,6.588600000000000012e-01,-4.409400000000000125e-02,1.393010000000000081e-01,1.557119999999999893e-01,2.704110000000000125e-01,3.528660000000000130e-01,3.133440000000000114e-01,2.609790000000000165e-01,-6.086400000000000143e-02,7.971899999999999820e-02,2.119189999999999963e-01,2.882299999999999862e-01,2.456730000000000025e-01,6.824000000000000205e-03,-7.767999999999999731e-03,2.481109999999999982e-01,-1.546889999999999932e-01,1.351179999999999881e-01,-3.599060000000000037e-01,3.987799999999999678e-02
-2.123589999999999922e-01,4.624820000000000042e-01,-5.370859999999999523e-01,-7.754099999999999882e-02,-2.230650000000000133e-01,-3.706070000000000197e-01,3.197799999999999948e-02,-3.962220000000000186e-01,-4.398310000000000275e-01,1.000000000000000000e+00,-5.964589999999999614e-01,-7.130400000000000627e-02,-2.074999999999999900e-01,-1.400440000000000018e-01,-1.151169999999999971e-01,5.641359999999999708e-01,7.605739999999999723e-01,2.789309999999999845e-01,-4.229870000000000019e-01,-1.601080000000000003e-01,-1.545569999999999999e-01,-6.198000000000000037e-02,-2.594049999999999967e-01,1.847040000000000071e-01,4.242750000000000132e-01,2.419590000000000074e-01,-2.964499999999999913e-01,-2.784449999999999981e-01,-1.704080000000000039e-01,2.451160000000000005e-01,9.862899999999999445e-02,-9.007400000000000129e-02,1.684700000000000086e-02,2.073579999999999868e-01,2.962659999999999738e-01,-2.639949999999999797e-01,-1.097140000000000060e-01,-1.590900000000000092e-01,-1.518930000000000002e-01,7.153639999999999999e-01,6.697500000000000675e-02,-6.268000000000000134e-03,-2.904610000000000247e-01,-2.157799999999999996e-02,-3.577029999999999932e-01,-8.234500000000000153e-02,1.375319999999999876e-01,8.636699999999999933e-02,2.736669999999999936e-01,-1.299059999999999937e-01,-1.767549999999999955e-01,-7.142600000000000338e-02,-3.757269999999999777e-01,-1.165039999999999965e-01,-1.083709999999999951e-01,-2.491690000000000016e-01,-3.603999999999999999e-03,2.200989999999999891e-01,-2.170340000000000047e-01,-8.329699999999999604e-02,-7.788799999999999890e-02,-1.999950000000000061e-01,-1.868370000000000031e-01,-3.815279999999999783e-01,5.181499999999999995e-02,-1.431790000000000007e-01,-1.003129999999999994e-01,-2.902580000000000160e-01,1.488549999999999873e-01,1.025329999999999991e-01,3.608790000000000053e-01,1.712199999999999833e-02,-2.173500000000000085e-02,-3.686099999999999793e-02,1.270229999999999970e-01,-4.674220000000000041e-01
2.945539999999999825e-01,6.014300000000000201e-02,6.753749999999999476e-01,1.754219999999999946e-01,5.227939999999999809e-01,6.244070000000000453e-01,2.668940000000000201e-01,4.305860000000000243e-01,6.300900000000000389e-01,-5.964589999999999614e-01,1.000000000000000000e+00,3.206339999999999746e-01,6.052380000000000537e-01,-1.838500000000000134e-01,3.365909999999999735e-01,-3.412089999999999845e-01,-3.714759999999999729e-01,5.486000000000000425e-03,6.894580000000000153e-01,3.310350000000000237e-01,3.339119999999999866e-01,4.054749999999999743e-01,6.273149999999999560e-01,9.721799999999999886e-02,9.742699999999999971e-02,1.991779999999999939e-01,5.687130000000000241e-01,4.707270000000000065e-01,3.770229999999999970e-01,-1.658499999999999974e-01,-2.383780000000000066e-01,-4.247599999999999987e-02,2.511899999999999897e-02,-1.761350000000000138e-01,-4.665429999999999855e-01,2.134499999999999939e-02,-5.316400000000000292e-02,6.181400000000000089e-02,-1.287989999999999968e-01,-5.878889999999999949e-01,-1.414789999999999937e-01,-3.497900000000000315e-02,-3.719700000000000090e-02,-3.151519999999999877e-01,4.010839999999999961e-01,2.105899999999999994e-01,3.472430000000000239e-01,2.321060000000000068e-01,-4.340729999999999866e-01,4.885619999999999963e-01,5.297030000000000349e-01,4.709149999999999725e-01,4.047640000000000127e-01,4.550350000000000228e-01,2.340530000000000110e-01,6.941019999999999968e-01,2.882109999999999950e-01,2.534890000000000199e-01,4.054200000000000165e-02,2.683719999999999994e-01,6.594600000000000461e-02,3.131780000000000119e-01,2.032770000000000132e-01,6.735729999999999773e-01,1.458959999999999979e-01,3.353610000000000202e-01,3.504780000000000117e-01,5.913800000000000168e-01,2.207409999999999928e-01,2.423680000000000001e-01,1.142119999999999941e-01,3.220879999999999854e-01,-1.114399999999999939e-02,3.281290000000000040e-01,-2.070809999999999873e-01,9.302799999999999958e-02
4.853000000000000091e-01,1.315919999999999868e-01,6.493579999999999908e-01,4.018300000000000344e-02,3.851049999999999751e-01,6.700490000000000057e-01,2.852669999999999928e-01,7.415499999999999869e-02,7.796359999999999957e-01,-7.130400000000000627e-02,3.206339999999999746e-01,1.000000000000000000e+00,6.463889999999999914e-01,-2.678530000000000078e-01,3.265259999999999829e-01,-2.442699999999999871e-01,-2.693840000000000123e-01,9.231999999999999929e-02,2.240790000000000004e-01,2.942850000000000188e-01,1.498609999999999942e-01,4.302139999999999853e-01,2.837749999999999995e-01,3.317609999999999726e-01,1.700659999999999950e-01,4.294850000000000056e-01,6.797990000000000421e-01,4.031710000000000016e-01,5.634630000000000472e-01,-7.852299999999999558e-02,-1.520080000000000042e-01,-2.353500000000000036e-02,3.661460000000000270e-01,1.093890000000000001e-01,-5.847120000000000095e-01,-1.341870000000000007e-01,-6.684999999999999970e-03,5.142219999999999569e-01,-1.420629999999999948e-01,-4.679139999999999966e-01,1.995500000000000052e-02,-2.921960000000000113e-01,-2.517469999999999986e-01,-1.275050000000000072e-01,5.706099999999999506e-01,4.272710000000000119e-01,2.252750000000000030e-01,-8.798999999999999530e-03,-4.491029999999999744e-01,5.067230000000000345e-01,4.355040000000000022e-01,4.437999999999999723e-01,-1.162849999999999995e-01,4.871210000000000262e-01,5.346619999999999706e-01,1.602959999999999940e-01,8.719569999999999821e-01,5.356999999999999956e-02,8.759400000000000519e-02,2.232979999999999965e-01,2.743889999999999940e-01,3.798409999999999842e-01,3.310739999999999794e-01,-8.891999999999999904e-02,2.541900000000000062e-02,1.907889999999999864e-01,2.973040000000000127e-01,1.934460000000000068e-01,4.617419999999999858e-01,8.992300000000000293e-02,2.006499999999999950e-01,2.918919999999999848e-01,-1.060030000000000000e-01,2.617760000000000087e-01,-3.164339999999999931e-01,-1.662379999999999969e-01
3.142550000000000066e-01,4.658510000000000151e-01,5.301420000000000021e-01,1.126489999999999991e-01,5.385490000000000554e-01,8.096449999999999481e-01,5.160460000000000047e-01,3.609559999999999991e-01,6.665569999999999551e-01,-2.074999999999999900e-01,6.052380000000000537e-01,6.463889999999999914e-01,1.000000000000000000e+00,-2.360140000000000016e-01,2.269170000000000076e-01,-2.385450000000000070e-01,-1.394090000000000051e-01,1.818760000000000099e-01,4.389009999999999856e-01,2.167350000000000110e-01,2.707729999999999859e-01,3.288670000000000204e-01,6.350729999999999986e-01,3.873590000000000089e-01,3.873909999999999854e-01,5.046329999999999982e-01,6.194119999999999626e-01,4.975220000000000198e-01,4.637100000000000111e-01,-8.775600000000000067e-02,-2.643449999999999966e-01,3.620600000000000207e-02,1.970310000000000117e-01,-3.234700000000000075e-02,-5.094030000000000502e-01,-2.736500000000000044e-02,3.379399999999999765e-02,2.057420000000000082e-01,-1.502459999999999907e-01,-4.819359999999999755e-01,-2.968900000000000011e-02,-2.546559999999999935e-01,-1.007939999999999947e-01,-2.540149999999999908e-01,4.461160000000000125e-01,2.647209999999999841e-01,4.584619999999999806e-01,5.257000000000000388e-03,-3.480509999999999993e-01,4.193379999999999885e-01,6.103920000000000456e-01,5.474550000000000249e-01,2.318099999999999883e-01,3.952899999999999747e-01,3.764120000000000243e-01,3.409119999999999928e-01,5.629159999999999719e-01,4.468550000000000022e-01,-1.160879999999999967e-01,1.707509999999999861e-01,1.115339999999999943e-01,2.271380000000000066e-01,1.875890000000000057e-01,2.201359999999999983e-01,5.819499999999999673e-02,2.546900000000000275e-01,2.447779999999999956e-01,4.515819999999999834e-01,4.632600000000000051e-01,3.811919999999999753e-01,2.726239999999999775e-01,3.797909999999999897e-01,-4.821999999999999897e-02,3.008990000000000276e-01,-3.044669999999999876e-01,-1.451409999999999922e-01
-2.379580000000000028e-01,-3.895270000000000121e-01,-1.088899999999999937e-02,1.757950000000000068e-01,6.035399999999999793e-02,-1.642609999999999904e-01,-1.753669999999999951e-01,3.377939999999999832e-01,-1.393459999999999976e-01,-1.400440000000000018e-01,-1.838500000000000134e-01,-2.678530000000000078e-01,-2.360140000000000016e-01,1.000000000000000000e+00,-5.726339999999999764e-01,-1.036119999999999958e-01,-9.370699999999999863e-02,-4.610290000000000221e-01,-6.162200000000000316e-02,-5.639450000000000296e-01,-4.014869999999999828e-01,-6.689640000000000031e-01,-2.173529999999999907e-01,-4.345700000000000118e-01,-5.502249999999999641e-01,-5.521150000000000224e-01,-4.164120000000000044e-01,-2.929100000000000106e-02,-3.959949999999999859e-01,1.885509999999999964e-01,2.415200000000000125e-01,4.630349999999999744e-01,-7.999399999999999566e-02,3.833500000000000102e-02,3.381219999999999781e-01,7.342349999999999710e-01,3.804770000000000096e-01,4.040799999999999947e-02,6.854649999999999910e-01,-4.850999999999999757e-02,2.804420000000000246e-01,4.883440000000000003e-01,7.020309999999999606e-01,4.507289999999999908e-01,-1.132299999999999973e-01,-3.841499999999999915e-01,-4.474069999999999991e-01,1.321150000000000102e-01,3.401199999999999779e-01,-1.517940000000000123e-01,-3.168779999999999930e-01,-5.485710000000000308e-01,2.182530000000000026e-01,-1.682950000000000002e-01,1.351809999999999956e-01,-1.648499999999999965e-01,-4.092129999999999934e-01,-4.091290000000000204e-01,3.402089999999999836e-01,-4.983560000000000212e-01,2.260759999999999992e-01,2.394350000000000089e-01,1.174660000000000010e-01,-5.825999999999999582e-03,-5.724040000000000239e-01,-4.045050000000000034e-01,-5.992979999999999974e-01,-2.531579999999999941e-01,-5.021550000000000180e-01,-3.891220000000000234e-01,-6.230269999999999975e-01,-5.153159999999999963e-01,2.363709999999999978e-01,-6.149369999999999559e-01,1.089519999999999933e-01,6.544600000000000417e-01
3.423169999999999824e-01,9.151099999999999512e-02,1.255139999999999867e-01,2.690700000000000036e-02,-1.634800000000000142e-02,1.901470000000000105e-01,1.800410000000000066e-01,-2.923399999999999957e-02,2.561869999999999981e-01,-1.151169999999999971e-01,3.365909999999999735e-01,3.265259999999999829e-01,2.269170000000000076e-01,-5.726339999999999764e-01,1.000000000000000000e+00,-1.809510000000000007e-01,-9.143999999999999351e-03,5.960900000000000226e-02,2.816640000000000255e-01,6.131640000000000423e-01,6.062070000000000514e-01,6.592869999999999564e-01,3.175040000000000084e-01,2.672180000000000111e-01,1.858420000000000072e-01,4.604130000000000167e-01,4.227139999999999787e-01,2.034390000000000087e-01,3.156800000000000161e-01,-9.305499999999999883e-02,-2.841359999999999997e-01,-3.430909999999999793e-01,-1.788329999999999920e-01,-1.561539999999999873e-01,-3.649069999999999814e-01,-4.165130000000000221e-01,-2.258729999999999905e-01,-6.792499999999999927e-02,-4.576410000000000200e-01,-2.093790000000000096e-01,-2.753610000000000224e-01,-4.819510000000000183e-01,-4.395330000000000070e-01,-4.609659999999999869e-01,3.663000000000000284e-02,4.772449999999999748e-01,2.687300000000000244e-01,-8.822900000000000187e-02,-2.872149999999999981e-01,1.631080000000000030e-01,2.489840000000000109e-01,4.902250000000000218e-01,7.767899999999999805e-02,2.370770000000000099e-01,-1.573189999999999866e-01,2.121069999999999900e-01,4.272880000000000011e-01,2.556660000000000044e-01,-4.199829999999999952e-01,9.289939999999999864e-01,-3.342669999999999808e-01,-1.345000000000000058e-03,-1.152109999999999940e-01,1.936599999999999988e-01,5.991229999999999611e-01,6.353889999999999816e-01,7.127170000000000449e-01,5.037709999999999688e-01,3.833719999999999906e-01,1.440800000000000136e-01,5.101609999999999756e-01,5.423559999999999492e-01,-5.260200000000000292e-02,6.442719999999999558e-01,9.117200000000000304e-02,-4.195820000000000105e-01
-5.231600000000000139e-02,3.792360000000000175e-01,-4.227239999999999887e-01,-5.928000000000000110e-03,-8.464599999999999902e-02,-3.088359999999999994e-01,2.570400000000000115e-02,-3.049720000000000208e-01,-4.533969999999999945e-01,5.641359999999999708e-01,-3.412089999999999845e-01,-2.442699999999999871e-01,-2.385450000000000070e-01,-1.036119999999999958e-01,-1.809510000000000007e-01,1.000000000000000000e+00,5.969879999999999631e-01,6.230539999999999967e-01,-3.042369999999999797e-01,-1.810460000000000125e-01,-4.309799999999999742e-02,4.472000000000000280e-02,-1.517360000000000098e-01,1.652349999999999930e-01,4.633689999999999753e-01,1.042669999999999986e-01,-2.530160000000000187e-01,-1.058250000000000024e-01,-2.366300000000000001e-02,2.988290000000000113e-01,3.251660000000000106e-01,8.507699999999999985e-02,1.640870000000000106e-01,3.645120000000000027e-01,4.400879999999999792e-01,-2.513599999999999723e-01,-1.798140000000000016e-01,-3.011349999999999860e-01,-4.665899999999999909e-02,6.679220000000000157e-01,2.803129999999999789e-01,6.489200000000000523e-02,-2.290600000000000136e-01,-3.173299999999999732e-02,-2.869439999999999769e-01,-6.097500000000000142e-02,1.251210000000000100e-01,2.087100000000000066e-01,1.160729999999999956e-01,-4.635500000000000037e-02,-2.465279999999999971e-01,-1.183919999999999972e-01,-3.530119999999999925e-01,-1.864169999999999994e-01,-2.026899999999999882e-02,-1.131550000000000056e-01,-3.153750000000000164e-01,1.059889999999999999e-01,-1.215899999999999967e-02,-2.606559999999999988e-01,3.104500000000000037e-01,-1.259399999999999929e-02,2.320730000000000015e-01,-2.014289999999999969e-01,-1.401400000000000041e-02,-1.485599999999999976e-01,-9.338000000000000467e-02,-2.418659999999999977e-01,4.170700000000000102e-02,2.474639999999999895e-01,2.702860000000000262e-01,-7.368500000000000050e-02,9.156999999999999862e-02,1.195299999999999974e-01,2.017329999999999957e-01,-1.314520000000000133e-01
-3.096070000000000211e-01,5.340939999999999577e-01,-5.747769999999999824e-01,3.881600000000000328e-02,-2.337400000000000033e-01,-4.000270000000000215e-01,9.823700000000000487e-02,-2.229210000000000080e-01,-5.452369999999999717e-01,7.605739999999999723e-01,-3.714759999999999729e-01,-2.693840000000000123e-01,-1.394090000000000051e-01,-9.370699999999999863e-02,-9.143999999999999351e-03,5.969879999999999631e-01,1.000000000000000000e+00,2.237510000000000054e-01,-2.159510000000000041e-01,-1.970870000000000122e-01,-8.500000000000000611e-05,-8.400499999999999634e-02,-7.272900000000000198e-02,1.423909999999999898e-01,3.765279999999999738e-01,2.276350000000000040e-01,-4.099200000000000066e-01,-2.066250000000000031e-01,-2.886449999999999849e-01,2.156369999999999953e-01,3.095699999999999841e-02,-1.337849999999999873e-01,-2.854679999999999995e-01,5.589500000000000024e-02,4.509969999999999812e-01,-1.940290000000000070e-01,-6.630400000000000182e-02,-5.530760000000000121e-01,-1.873690000000000078e-01,6.665969999999999951e-01,2.662600000000000036e-02,-1.098000000000000018e-03,-1.461480000000000001e-01,-1.288749999999999896e-01,-5.959160000000000013e-01,-1.316190000000000138e-01,2.701459999999999972e-01,2.429900000000000115e-01,3.899489999999999901e-01,-1.587760000000000005e-01,-1.747060000000000002e-01,-7.256300000000000250e-02,-1.047010000000000024e-01,-1.742029999999999967e-01,-2.307750000000000079e-01,-2.900200000000000000e-02,-2.593239999999999990e-01,3.571929999999999827e-01,-3.092460000000000209e-01,5.719400000000000178e-02,-1.488669999999999993e-01,-9.554400000000000392e-02,-2.107940000000000091e-01,-8.775399999999999867e-02,8.157300000000000662e-02,-2.221599999999999964e-02,-6.281200000000000672e-02,-1.085450000000000026e-01,1.439199999999999924e-01,1.708929999999999894e-01,4.588559999999999861e-01,-1.409200000000000036e-02,1.938799999999999898e-02,6.929000000000000437e-02,2.374259999999999982e-01,-3.796269999999999922e-01
8.480999999999999650e-02,5.960459999999999647e-01,-9.794999999999999540e-02,-4.674400000000000083e-02,5.828699999999999853e-02,1.632319999999999882e-01,6.960700000000000220e-02,-2.690100000000000269e-01,-2.122800000000000034e-02,2.789309999999999845e-01,5.486000000000000425e-03,9.231999999999999929e-02,1.818760000000000099e-01,-4.610290000000000221e-01,5.960900000000000226e-02,6.230539999999999967e-01,2.237510000000000054e-01,1.000000000000000000e+00,-3.766100000000000003e-02,1.810529999999999917e-01,1.366620000000000057e-01,3.611779999999999990e-01,9.734600000000000197e-02,3.945739999999999803e-01,7.568660000000000387e-01,4.897460000000000147e-01,2.637689999999999757e-01,4.134499999999999981e-02,3.406060000000000199e-01,2.216690000000000049e-01,4.314799999999999885e-02,-1.877649999999999875e-01,3.462049999999999850e-01,2.501260000000000150e-01,-1.163669999999999982e-01,-4.766690000000000094e-01,-3.886950000000000127e-01,-3.501200000000000145e-02,-3.709790000000000032e-01,3.962729999999999864e-01,5.958600000000000008e-02,-3.816609999999999725e-01,-4.501319999999999766e-01,-4.077810000000000046e-01,2.158770000000000133e-01,1.295489999999999975e-01,4.660099999999999798e-01,5.191400000000000181e-02,-3.242269999999999874e-01,1.173759999999999942e-01,1.953840000000000021e-01,3.067259999999999986e-01,-3.017400000000000082e-01,1.850200000000000108e-02,5.697800000000000087e-02,-5.177500000000000158e-02,1.565179999999999905e-01,3.551130000000000120e-01,-1.706590000000000051e-01,-4.170900000000000302e-02,2.642260000000000164e-01,-1.836280000000000134e-01,3.775339999999999807e-01,-5.718000000000000166e-02,2.643010000000000081e-01,6.659299999999999942e-02,2.389489999999999947e-01,4.952299999999999758e-02,3.194469999999999810e-01,6.081050000000000066e-01,5.338540000000000507e-01,3.068549999999999889e-01,6.888000000000000025e-03,4.855999999999999761e-01,2.492860000000000076e-01,-2.812359999999999860e-01
1.526460000000000039e-01,9.334499999999999742e-02,6.596649999999999459e-01,-9.899999999999999946e-04,2.126329999999999887e-01,5.333059999999999468e-01,5.117000000000000021e-03,4.124909999999999966e-01,5.453689999999999927e-01,-4.229870000000000019e-01,6.894580000000000153e-01,2.240790000000000004e-01,4.389009999999999856e-01,-6.162200000000000316e-02,2.816640000000000255e-01,-3.042369999999999797e-01,-2.159510000000000041e-01,-3.766100000000000003e-02,1.000000000000000000e+00,8.916799999999999726e-02,6.915100000000000413e-02,1.318020000000000025e-01,4.242980000000000085e-01,1.713480000000000003e-01,7.441100000000000492e-02,2.356600000000000084e-01,3.550409999999999955e-01,3.463269999999999960e-01,1.689019999999999966e-01,3.926799999999999735e-02,-1.994609999999999994e-01,-2.351439999999999919e-01,-2.793500000000000150e-02,-4.730899999999999689e-02,-3.995819999999999927e-01,4.376700000000000035e-02,-1.257220000000000004e-01,-1.414999999999999938e-02,-1.616640000000000021e-01,-3.396580000000000155e-01,-1.362929999999999975e-01,-1.580679999999999863e-01,-4.914500000000000118e-02,-3.086809999999999832e-01,2.483289999999999942e-01,1.450970000000000037e-01,2.542429999999999968e-01,5.576630000000000198e-01,-2.813559999999999950e-01,1.425829999999999875e-01,4.229629999999999779e-01,1.825759999999999883e-01,3.991939999999999933e-01,4.252639999999999754e-01,-5.269599999999999979e-02,3.806640000000000024e-01,1.975010000000000099e-01,2.270240000000000036e-01,-1.718129999999999935e-01,2.827790000000000026e-01,-6.917399999999999938e-02,1.076970000000000011e-01,7.671999999999999653e-02,8.184930000000000261e-01,5.452100000000000002e-02,9.556299999999999517e-02,1.799900000000000111e-01,4.861300000000000066e-01,2.137570000000000026e-01,2.281799999999999939e-01,1.504800000000000026e-01,1.739269999999999983e-01,1.048430000000000056e-01,2.097140000000000115e-01,1.951380000000000059e-01,6.295199999999999407e-02
3.542109999999999981e-01,-2.141000000000000108e-03,7.234400000000000552e-02,-8.553099999999999592e-02,4.019600000000000256e-02,1.558340000000000003e-01,1.422370000000000023e-01,-2.645210000000000061e-01,2.165289999999999992e-01,-1.601080000000000003e-01,3.310350000000000237e-01,2.942850000000000188e-01,2.167350000000000110e-01,-5.639450000000000296e-01,6.131640000000000423e-01,-1.810460000000000125e-01,-1.970870000000000122e-01,1.810529999999999917e-01,8.916799999999999726e-02,1.000000000000000000e+00,5.212080000000000046e-01,8.726509999999999545e-01,1.801220000000000043e-01,2.808039999999999980e-01,2.812140000000000195e-01,3.422399999999999887e-01,5.894190000000000262e-01,3.628569999999999851e-01,6.016960000000000086e-01,-3.776899999999999702e-02,-1.339100000000000013e-02,-2.324009999999999965e-01,1.251849999999999907e-01,-1.217069999999999957e-01,-4.976650000000000240e-01,-5.100649999999999906e-01,-2.373099999999999932e-01,1.506010000000000126e-01,-3.353090000000000237e-01,-1.669160000000000088e-01,-2.354759999999999909e-01,-3.165229999999999988e-01,-5.038869999999999738e-01,-4.282730000000000148e-01,2.839220000000000077e-01,5.105960000000000498e-01,2.352490000000000137e-01,-3.541900000000000048e-01,-4.284370000000000123e-01,1.671640000000000070e-01,2.185489999999999933e-01,5.373529999999999696e-01,-9.928900000000000226e-02,4.383399999999999797e-02,3.901400000000000007e-02,2.607299999999999895e-02,4.192589999999999928e-01,2.588840000000000030e-01,-2.808479999999999865e-01,6.136000000000000343e-01,-1.240440000000000015e-01,3.537799999999999973e-02,9.392300000000000648e-02,1.229200000000000084e-02,8.691360000000000197e-01,5.489319999999999755e-01,8.868150000000000199e-01,3.743009999999999948e-01,3.761240000000000139e-01,2.222129999999999939e-01,4.480700000000000238e-01,6.865360000000000351e-01,7.085099999999999731e-02,6.701650000000000107e-01,-2.268000000000000051e-03,-2.676020000000000065e-01
