1.000000000000000000e+00,1.434560000000000002e-01,-1.059340000000000004e-01,1.449870000000000048e-01,6.120500000000000246e-02,6.762899999999999467e-02,2.932199999999999807e-01,-1.601400000000000046e-01,-1.333779999999999966e-01,4.828990000000000227e-01,-1.217700000000000032e-01,-1.795789999999999886e-01,9.556000000000000605e-02,1.003539999999999988e-01,4.395749999999999935e-01,3.190319999999999823e-01,5.147570000000000201e-01,2.028220000000000023e-01,-2.961000000000000090e-02,4.277159999999999851e-01,5.610979999999999857e-01,4.207139999999999769e-01,-2.380259999999999876e-01,2.036590000000000067e-01,3.473970000000000113e-01,3.704640000000000155e-01,5.983700000000000130e-02,3.363240000000000118e-01,4.628959999999999742e-01,6.144089999999999829e-01,7.904360000000000275e-01,5.278810000000000446e-01,3.362890000000000046e-01,4.176489999999999925e-01,-7.665199999999999791e-02,2.220219999999999971e-01,1.078360000000000013e-01,2.405500000000000138e-01,4.675779999999999936e-01,3.411310000000000175e-01,4.396860000000000213e-01,1.727559999999999929e-01,2.197280000000000066e-01,1.703060000000000129e-01,7.232299999999999840e-02,8.333559999999999857e-01,-7.590000000000000175e-04,-1.670550000000000090e-01,1.659809999999999897e-01,-1.212960000000000010e-01,-1.323890000000000067e-01,1.546510000000000107e-01,-1.267800000000000038e-01,-1.681469999999999909e-01,1.023580000000000045e-01,-1.917500000000000038e-01,-2.363760000000000028e-01,-1.448400000000000035e-02,1.625989999999999935e-01,2.895349999999999868e-01,5.403909999999999547e-01,4.255140000000000033e-01,4.418759999999999910e-01,-8.680899999999999728e-02,3.308989999999999987e-01,6.010680000000000467e-01,4.036489999999999800e-01,-2.345750000000000057e-01,2.123230000000000117e-01,2.406030000000000113e-01,3.088870000000000227e-01,1.758799999999999947e-02,2.212189999999999990e-01,5.156899999999999817e-01,5.240479999999999583e-01,7.972179999999999822e-01
1.434560000000000002e-01,1.000000000000000000e+00,9.840300000000000435e-02,-4.742699999999999694e-02,2.769610000000000127e-01,4.639539999999999775e-01,5.467229999999999590e-01,3.475110000000000143e-01,-1.924899999999999875e-02,7.891399999999999804e-02,4.598599999999999910e-02,-2.876119999999999788e-01,1.516810000000000103e-01,1.265360000000000096e-01,1.104920000000000069e-01,-2.628619999999999846e-01,-2.870100000000000082e-02,-1.949279999999999902e-01,9.595199999999999563e-02,1.538410000000000055e-01,4.473489999999999966e-01,1.411129999999999884e-01,3.275649999999999951e-01,-7.864999999999999769e-02,7.623360000000000136e-01,5.858989999999999476e-01,5.578950000000000298e-01,-6.960800000000000320e-02,2.652050000000000241e-01,2.070670000000000011e-01,-4.317700000000000010e-02,1.882900000000000129e-01,2.208890000000000020e-01,-8.822299999999999587e-02,-4.865430000000000033e-01,1.637570000000000137e-01,-1.837290000000000034e-01,5.988199999999999773e-02,2.732249999999999956e-01,1.892109999999999903e-01,-8.463700000000000390e-02,-3.244230000000000169e-01,-9.912200000000000177e-02,-4.239220000000000210e-01,-1.086680000000000007e-01,2.659560000000000257e-01,6.885989999999999611e-01,1.017760000000000054e-01,-3.939299999999999746e-02,5.975500000000000256e-02,4.778390000000000137e-01,3.760859999999999759e-01,3.679930000000000145e-01,7.662999999999999673e-03,-1.990199999999999955e-02,2.360869999999999913e-01,-2.466619999999999924e-01,1.178059999999999941e-01,2.114959999999999896e-01,6.922300000000000675e-02,9.856499999999999984e-02,3.936080000000000134e-01,2.712559999999999971e-01,1.063960000000000045e-01,7.524500000000000632e-02,3.340489999999999848e-01,6.160899999999999710e-02,3.109310000000000129e-01,-4.861200000000000243e-02,5.696269999999999945e-01,4.962509999999999977e-01,4.027709999999999901e-01,-9.718499999999999361e-02,1.900459999999999927e-01,6.178399999999999864e-02,-6.582699999999999663e-02
-1.059340000000000004e-01,9.840300000000000435e-02,1.000000000000000000e+00,-1.808800000000000130e-01,7.425279999999999658e-01,1.768540000000000112e-01,7.627499999999999558e-02,3.391759999999999775e-01,7.989960000000000395e-01,-3.470800000000000274e-02,9.511249999999999982e-01,2.282379999999999964e-01,1.601009999999999933e-01,-9.368400000000000338e-02,3.889940000000000064e-01,-3.538870000000000071e-01,-1.245539999999999980e-01,-2.231309999999999960e-01,9.382279999999999509e-01,3.788560000000000261e-01,-3.373950000000000005e-01,2.754710000000000214e-01,3.114310000000000134e-01,8.223900000000000654e-02,8.781300000000000217e-02,7.122299999999999465e-02,4.131409999999999805e-01,2.917950000000000266e-01,-2.183579999999999965e-01,2.992429999999999812e-01,-1.646600000000000008e-01,-5.175760000000000360e-01,-4.402220000000000022e-01,-5.966679999999999762e-01,-3.651159999999999961e-01,-6.480999999999999782e-03,-5.538400000000000267e-02,-1.571399999999999880e-02,-5.225809999999999622e-01,-4.636910000000000198e-01,-5.023159999999999847e-01,-4.406470000000000109e-01,-5.505899999999999683e-02,-8.132799999999999752e-02,6.736799999999999733e-02,-2.453339999999999965e-01,-2.056320000000000092e-01,9.700370000000000381e-01,-3.637299999999999978e-01,5.838109999999999689e-01,-4.036200000000000204e-02,1.597099999999999909e-02,1.355270000000000086e-01,8.434500000000000330e-01,1.222209999999999963e-01,8.944720000000000448e-01,2.169639999999999902e-01,-3.485800000000000010e-02,-2.271400000000000155e-02,3.158969999999999834e-01,-1.961640000000000050e-01,-1.050019999999999981e-01,-4.121099999999999763e-02,9.495200000000000307e-01,4.735750000000000237e-01,-3.262939999999999729e-01,3.481420000000000070e-01,2.844809999999999839e-01,6.749700000000000144e-02,-1.018720000000000042e-01,-1.634369999999999989e-01,3.962530000000000219e-01,3.290669999999999984e-01,-8.460800000000000265e-02,2.899970000000000048e-01,-1.044289999999999941e-01
1.449870000000000048e-01,-4.742699999999999694e-02,-1.808800000000000130e-01,1.000000000000000000e+00,-8.191000000000000364e-03,1.914190000000000058e-01,7.685899999999999677e-02,2.395500000000000129e-01,-2.228300000000000003e-01,4.403529999999999944e-01,-1.700319999999999887e-01,3.251789999999999958e-01,1.879049999999999887e-01,2.025810000000000111e-01,1.359199999999999992e-02,3.728929999999999745e-01,3.563209999999999988e-01,3.625050000000000217e-01,-2.516539999999999888e-01,-1.204869999999999969e-01,1.102989999999999943e-01,-6.112999999999999684e-02,6.843899999999999983e-02,3.615430000000000033e-01,-1.366829999999999989e-01,3.536520000000000219e-01,-2.741339999999999888e-01,2.184450000000000003e-01,1.069739999999999996e-01,1.804800000000000015e-01,2.504160000000000275e-01,2.625899999999999901e-01,-5.729499999999999871e-02,2.107950000000000101e-01,-5.375999999999999703e-03,5.493200000000000305e-01,6.793249999999999567e-01,2.677840000000000220e-01,2.375579999999999914e-01,-4.718100000000000072e-02,1.590529999999999999e-01,2.024499999999999911e-02,5.983079999999999510e-01,5.786839999999999762e-01,8.645300000000000207e-02,2.495779999999999943e-01,3.939299999999999746e-02,-1.554740000000000011e-01,4.107839999999999825e-01,2.484939999999999927e-01,1.040699999999999958e-01,2.468609999999999971e-01,9.364500000000000601e-02,-1.333129999999999871e-01,3.217070000000000207e-01,-1.830440000000000123e-01,2.698969999999999980e-01,2.754240000000000022e-01,1.211340000000000056e-01,1.699799999999999922e-02,2.004960000000000075e-01,1.496939999999999937e-01,1.736749999999999960e-01,-2.014269999999999949e-01,-1.351640000000000064e-01,1.644660000000000011e-01,-1.014540000000000025e-01,3.099000000000000192e-03,3.074779999999999736e-01,-1.205839999999999967e-01,2.503540000000000210e-01,-2.301439999999999875e-01,2.786989999999999745e-01,-1.930499999999999924e-02,7.507400000000000184e-02,2.533030000000000004e-01
6.120500000000000246e-02,2.769610000000000127e-01,7.425279999999999658e-01,-8.191000000000000364e-03,1.000000000000000000e+00,3.686929999999999930e-01,4.745210000000000261e-01,2.230139999999999900e-01,6.757549999999999946e-01,2.168980000000000075e-01,8.109530000000000349e-01,1.290119999999999878e-01,4.442240000000000077e-01,-6.777600000000000291e-02,5.684850000000000181e-01,-1.772610000000000019e-01,7.286900000000000321e-02,-8.867400000000000282e-02,7.052840000000000220e-01,4.690440000000000165e-01,-2.497689999999999910e-01,3.651710000000000234e-01,1.624069999999999958e-01,7.012899999999999689e-02,2.505830000000000002e-01,2.736489999999999756e-01,4.811329999999999774e-01,5.015889999999999516e-01,3.549399999999999777e-02,4.850909999999999944e-01,8.262100000000000000e-02,-3.656599999999999850e-01,-4.171019999999999728e-01,-5.401150000000000118e-01,-4.319729999999999959e-01,1.704090000000000049e-01,6.708100000000000174e-02,1.830000000000000029e-02,-4.038200000000000123e-01,-4.729929999999999968e-01,-4.431300000000000239e-01,-4.599679999999999880e-01,1.003069999999999934e-01,4.403599999999999876e-02,-2.871299999999999894e-02,-1.084380000000000066e-01,-4.358800000000000174e-02,7.107050000000000312e-01,-2.064799999999999969e-01,7.925999999999999712e-01,7.385600000000000498e-02,3.360609999999999986e-01,3.625400000000000150e-02,6.836799999999999544e-01,2.855369999999999853e-01,8.215219999999999745e-01,1.290590000000000070e-01,1.992539999999999867e-01,-5.439200000000000285e-02,4.558249999999999802e-01,4.777599999999999902e-02,7.119399999999999340e-02,1.531720000000000026e-01,7.622100000000000541e-01,5.781709999999999905e-01,-2.033389999999999920e-01,4.478719999999999923e-01,1.537389999999999868e-01,2.868800000000000169e-02,4.318000000000000310e-02,3.291000000000000088e-03,4.421619999999999995e-01,5.179350000000000342e-01,1.389630000000000032e-01,3.876120000000000121e-01,1.339950000000000030e-01
6.762899999999999467e-02,4.639539999999999775e-01,1.768540000000000112e-01,1.914190000000000058e-01,3.686929999999999930e-01,1.000000000000000000e+00,4.857859999999999956e-01,4.615000000000000213e-01,1.938840000000000008e-01,2.918729999999999936e-01,1.376040000000000041e-01,1.513039999999999941e-01,4.759369999999999989e-01,3.669120000000000159e-01,6.379000000000000122e-03,2.943300000000000083e-02,2.954600000000000004e-01,9.276900000000000424e-02,7.146500000000000075e-02,-3.100299999999999931e-02,2.338709999999999956e-01,-5.463200000000000001e-02,5.711220000000000185e-01,2.890409999999999924e-01,2.608139999999999903e-01,5.119299999999999962e-01,3.088350000000000262e-01,2.865679999999999894e-01,2.279879999999999962e-01,2.667760000000000131e-01,1.159049999999999941e-01,1.509179999999999966e-01,1.866009999999999891e-01,4.914999999999999925e-02,-3.716659999999999964e-01,3.967840000000000256e-01,2.122599999999999834e-02,3.715559999999999974e-01,1.667180000000000051e-01,-8.194600000000000495e-02,4.304100000000000287e-02,-1.877959999999999907e-01,1.601660000000000028e-01,-7.662999999999999673e-03,2.232599999999999862e-01,5.877299999999999885e-02,3.780930000000000124e-01,2.504589999999999872e-01,5.805799999999999850e-02,3.487870000000000137e-01,6.390029999999999877e-01,4.728760000000000185e-01,4.175719999999999987e-01,2.380379999999999996e-01,2.883209999999999940e-01,3.073750000000000093e-01,2.119880000000000098e-01,2.846639999999999726e-01,3.694149999999999934e-01,-1.672289999999999888e-01,7.012100000000000277e-02,2.262480000000000047e-01,2.133099999999999996e-01,1.215539999999999954e-01,-6.279600000000000459e-02,1.842660000000000131e-01,-8.113499999999999879e-02,5.443630000000000413e-01,1.839550000000000074e-01,2.311050000000000049e-01,3.560849999999999849e-01,3.176390000000000047e-01,1.102220000000000005e-01,1.234809999999999935e-01,-4.086499999999999855e-02,1.696200000000000138e-02
2.932199999999999807e-01,5.467229999999999590e-01,7.627499999999999558e-02,7.685899999999999677e-02,4.745210000000000261e-01,4.857859999999999956e-01,1.000000000000000000e+00,-8.242199999999999527e-02,2.451939999999999953e-01,4.245340000000000225e-01,7.586900000000000588e-02,-2.059630000000000072e-01,4.667620000000000102e-01,-7.274600000000000510e-02,1.344329999999999969e-01,2.216500000000000067e-02,2.511229999999999851e-01,5.194499999999999812e-02,2.322099999999999859e-02,2.529710000000000014e-01,2.594870000000000232e-01,1.524929999999999897e-01,-1.196139999999999981e-01,-2.138999999999999842e-03,6.931540000000000479e-01,3.349099999999999855e-01,6.802719999999999878e-01,2.638849999999999807e-01,5.526870000000000394e-01,2.902100000000000235e-01,3.359619999999999829e-01,1.432599999999999985e-01,1.737599999999999908e-02,-3.309100000000000236e-02,-4.613459999999999783e-01,1.620189999999999964e-01,-1.695400000000000032e-02,2.271160000000000123e-01,1.218859999999999943e-01,-8.064699999999999647e-02,-2.387999999999999845e-02,-2.291159999999999863e-01,8.741300000000000459e-02,-4.114899999999999808e-02,-2.363799999999999929e-02,2.571510000000000185e-01,4.313290000000000179e-01,2.148299999999999862e-02,5.275599999999999734e-02,2.825570000000000026e-01,2.410779999999999867e-01,7.521889999999999965e-01,-2.181999999999999912e-02,2.178430000000000089e-01,3.149330000000000185e-01,2.221909999999999996e-01,-2.504129999999999967e-01,2.471490000000000076e-01,1.254300000000000033e-02,1.444400000000000024e-02,2.927879999999999927e-01,4.429040000000000199e-01,3.997689999999999855e-01,6.565500000000000502e-02,1.722599999999999965e-01,2.987580000000000235e-01,8.297699999999999521e-02,-9.185300000000000409e-02,3.914499999999999924e-02,5.231139999999999679e-01,2.397779999999999911e-01,5.604860000000000397e-01,1.391469999999999929e-01,5.681319999999999704e-01,1.118180000000000007e-01,2.832950000000000190e-01
-1.601400000000000046e-01,3.475110000000000143e-01,3.391759999999999775e-01,2.395500000000000129e-01,2.230139999999999900e-01,4.615000000000000213e-01,-8.242199999999999527e-02,1.000000000000000000e+00,4.308599999999999930e-02,-5.222299999999999859e-02,2.289599999999999969e-01,4.217770000000000130e-01,-4.431600000000000122e-02,4.253899999999999904e-01,-2.556000000000000112e-03,-2.279420000000000057e-01,-9.043199999999999850e-02,-7.069200000000000483e-02,2.194440000000000002e-01,-1.858789999999999887e-01,2.146730000000000027e-01,-1.630500000000000005e-01,8.515509999999999469e-01,4.323259999999999881e-01,-2.265800000000000106e-02,4.877440000000000109e-01,-2.428100000000000050e-02,-1.102739999999999970e-01,-3.415969999999999840e-01,2.865099999999999938e-02,-3.385279999999999956e-01,-5.027700000000000224e-02,-2.582999999999999793e-03,-1.317129999999999967e-01,-2.574790000000000134e-01,4.844479999999999897e-01,5.758300000000000224e-02,2.085670000000000024e-01,-1.281700000000000027e-02,-1.287840000000000096e-01,-8.825199999999999712e-02,-2.540049999999999808e-01,3.246470000000000189e-01,-1.366000000000000027e-03,1.750160000000000049e-01,-1.369049999999999989e-01,2.187469999999999970e-01,4.307849999999999735e-01,4.233200000000000157e-02,3.168469999999999898e-01,4.780220000000000025e-01,1.249650000000000066e-01,8.495800000000000018e-01,1.592169999999999974e-01,1.062250000000000000e-01,3.921780000000000266e-01,4.892850000000000255e-01,-4.363600000000000118e-02,4.817199999999999815e-01,-4.079200000000000187e-02,-2.711580000000000101e-01,4.272200000000000303e-02,-3.086399999999999907e-02,2.646410000000000151e-01,-1.655490000000000017e-01,6.913999999999999313e-02,-1.604309999999999903e-01,7.881150000000000100e-01,3.223119999999999874e-01,8.687999999999999542e-03,3.458780000000000188e-01,1.174909999999999982e-01,-3.978399999999999992e-02,-3.873690000000000189e-01,-1.685719999999999996e-01,-2.933120000000000172e-01
-1.333779999999999966e-01,-1.924899999999999875e-02,7.989960000000000395e-01,-2.228300000000000003e-01,6.757549999999999946e-01,1.938840000000000008e-01,2.451939999999999953e-01,4.308599999999999930e-02,1.000000000000000000e+00,6.718000000000000360e-02,7.770679999999999810e-01,2.716580000000000106e-01,2.883109999999999840e-01,-2.614929999999999755e-01,2.552710000000000257e-01,-2.756589999999999874e-01,-6.755400000000000293e-02,-1.989319999999999977e-01,6.833169999999999522e-01,3.475340000000000096e-01,-3.377399999999999847e-01,1.844050000000000133e-01,9.030299999999999438e-02,1.066200000000000064e-01,1.222739999999999938e-01,-6.967700000000000282e-02,4.555330000000000212e-01,3.499829999999999885e-01,-2.605599999999999930e-02,2.229230000000000100e-01,-1.016849999999999976e-01,-5.443120000000000180e-01,-5.070850000000000080e-01,-5.672289999999999832e-01,-4.139729999999999799e-01,-9.909900000000000653e-02,-1.228690000000000060e-01,1.266160000000000063e-01,-5.897959999999999869e-01,-6.118010000000000392e-01,-4.656279999999999863e-01,-4.489079999999999737e-01,-1.085809999999999970e-01,-6.257100000000000162e-02,1.786739999999999995e-01,-3.142099999999999893e-01,-2.447880000000000056e-01,7.202990000000000226e-01,-1.598299999999999998e-01,4.852150000000000074e-01,-1.443780000000000063e-01,6.076100000000000251e-02,-5.963799999999999657e-02,9.364270000000000094e-01,2.480900000000000050e-01,7.419860000000000344e-01,2.126099999999999934e-01,-2.392499999999999835e-02,-2.405940000000000023e-01,1.750349999999999961e-01,-1.915169999999999928e-01,-8.590699999999999725e-02,-5.986099999999999755e-02,6.910150000000000459e-01,4.029369999999999896e-01,-3.303349999999999898e-01,2.349529999999999952e-01,6.189599999999999963e-02,1.186500000000000055e-01,-6.985600000000000143e-02,-2.957440000000000069e-01,3.644299999999999762e-01,3.222389999999999977e-01,5.042399999999999660e-02,2.098669999999999980e-01,-4.435000000000000053e-02
4.828990000000000227e-01,7.891399999999999804e-02,-3.470800000000000274e-02,4.403529999999999944e-01,2.168980000000000075e-01,2.918729999999999936e-01,4.245340000000000225e-01,-5.222299999999999859e-02,6.718000000000000360e-02,1.000000000000000000e+00,-2.550999999999999882e-03,3.106389999999999985e-01,6.151109999999999634e-01,-1.232940000000000008e-01,2.913310000000000066e-01,5.845630000000000548e-01,6.921460000000000390e-01,5.394360000000000266e-01,-9.261000000000000135e-03,3.732809999999999739e-01,2.433250000000000135e-01,3.859580000000000233e-01,-2.612340000000000217e-01,4.782259999999999844e-01,3.433399999999999785e-01,4.535509999999999819e-01,6.825100000000000611e-02,6.725750000000000339e-01,6.950950000000000184e-01,4.540930000000000244e-01,7.065500000000000114e-01,1.366630000000000067e-01,6.639999999999999852e-04,1.776669999999999916e-01,-2.168670000000000042e-01,3.017219999999999902e-01,4.191900000000000071e-01,4.858959999999999946e-01,9.542200000000000681e-02,-7.596000000000000321e-03,1.958030000000000048e-01,-5.034700000000000286e-02,3.190020000000000078e-01,4.872989999999999822e-01,2.859650000000000247e-01,4.527200000000000113e-01,2.107219999999999926e-01,-8.744799999999999796e-02,2.081260000000000054e-01,1.816480000000000039e-01,1.717289999999999928e-01,4.176000000000000267e-01,-1.211809999999999971e-01,3.884300000000000253e-02,7.797830000000000039e-01,-1.038799999999999966e-02,1.875130000000000130e-01,5.330930000000000391e-01,-2.314199999999999938e-02,2.142630000000000090e-01,7.378280000000000394e-01,5.947759999999999714e-01,7.034740000000000437e-01,-1.528900000000000051e-02,2.606510000000000216e-01,3.783929999999999794e-01,2.686709999999999932e-01,-2.491299999999999903e-01,4.385720000000000174e-01,4.240160000000000040e-01,3.901629999999999820e-01,9.667199999999999405e-02,6.032659999999999689e-01,6.669180000000000108e-01,3.603919999999999901e-01,6.955419999999999936e-01
-1.217700000000000032e-01,4.598599999999999910e-02,9.511249999999999982e-01,-1.700319999999999887e-01,8.109530000000000349e-01,1.376040000000000041e-01,7.586900000000000588e-02,2.289599999999999969e-01,7.770679999999999810e-01,-2.550999999999999882e-03,1.000000000000000000e+00,2.202649999999999886e-01,2.620689999999999964e-01,-1.318789999999999962e-01,5.199730000000000185e-01,-2.843930000000000069e-01,-1.108709999999999973e-01,-1.702510000000000134e-01,9.392500000000000293e-01,4.656730000000000036e-01,-4.384870000000000156e-01,3.845379999999999909e-01,2.040359999999999951e-01,3.248600000000000099e-02,5.298599999999999838e-02,5.387399999999999828e-02,3.446500000000000119e-01,3.915870000000000184e-01,-1.883070000000000022e-01,3.315600000000000214e-01,-1.249610000000000026e-01,-5.562240000000000517e-01,-5.158779999999999477e-01,-5.976920000000000011e-01,-2.956509999999999971e-01,-7.465299999999999714e-02,-6.089999999999999494e-04,-7.051999999999999935e-02,-5.749370000000000314e-01,-5.134109999999999507e-01,-5.115159999999999707e-01,-4.663019999999999943e-01,-8.845699999999999397e-02,-1.380299999999999930e-02,2.421500000000000041e-02,-2.848260000000000236e-01,-2.667269999999999919e-01,9.150669999999999638e-01,-3.609010000000000273e-01,6.673109999999999875e-01,-9.901600000000000679e-02,2.765899999999999956e-02,-1.609599999999999920e-02,8.161819999999999631e-01,1.575880000000000059e-01,9.097960000000000491e-01,1.987760000000000082e-01,6.855200000000000182e-02,-1.264669999999999961e-01,4.443270000000000275e-01,-1.239939999999999931e-01,-1.538770000000000138e-01,-1.916800000000000101e-02,9.502110000000000278e-01,5.850469999999999837e-01,-3.974420000000000175e-01,4.761799999999999922e-01,1.822130000000000138e-01,3.210000000000000180e-03,-1.541319999999999912e-01,-2.062910000000000021e-01,3.449139999999999984e-01,4.367079999999999851e-01,-4.817199999999999954e-02,3.630030000000000201e-01,-5.966500000000000276e-02
-1.795789999999999886e-01,-2.876119999999999788e-01,2.282379999999999964e-01,3.251789999999999958e-01,1.290119999999999878e-01,1.513039999999999941e-01,-2.059630000000000072e-01,4.217770000000000130e-01,2.716580000000000106e-01,3.106389999999999985e-01,2.202649999999999886e-01,1.000000000000000000e+00,1.942290000000000127e-01,7.751099999999999657e-02,4.495500000000000190e-02,1.066150000000000014e-01,-2.322700000000000112e-02,2.131210000000000049e-01,1.008399999999999991e-01,-1.420000000000000038e-03,-2.243870000000000031e-01,-5.137900000000000106e-02,3.502799999999999803e-01,8.093420000000000059e-01,-3.513439999999999896e-01,8.042499999999999649e-02,-2.604739999999999833e-01,2.809719999999999995e-01,-2.051570000000000060e-01,-2.115799999999999972e-02,-8.346499999999999753e-02,-4.129019999999999913e-01,-3.651220000000000021e-01,-1.768299999999999872e-01,-1.305399999999999894e-01,1.606470000000000120e-01,1.669450000000000101e-01,5.332010000000000360e-01,-4.226289999999999769e-01,-4.383600000000000274e-01,-7.477200000000000513e-02,-1.918239999999999945e-01,3.502419999999999978e-01,5.009860000000000424e-01,6.229459999999999997e-01,-2.869709999999999761e-01,-1.987470000000000070e-01,2.323520000000000030e-01,2.442699999999999871e-01,3.161349999999999993e-01,1.808879999999999932e-01,3.142999999999999960e-02,2.797830000000000039e-01,3.402510000000000256e-01,5.499770000000000492e-01,2.110910000000000009e-01,9.242089999999999472e-01,1.427559999999999940e-01,1.474570000000000047e-01,7.529199999999999782e-02,-1.203169999999999934e-01,-1.026419999999999971e-01,-9.164000000000000271e-03,9.466800000000000215e-02,3.133699999999999680e-02,-1.286470000000000113e-01,-1.746400000000000036e-02,3.474070000000000213e-01,7.120100000000000318e-01,-1.856279999999999875e-01,6.697599999999999387e-02,-5.336400000000000171e-02,4.031739999999999768e-01,-1.746810000000000029e-01,2.790799999999999878e-02,5.661700000000000066e-02
9.556000000000000605e-02,1.516810000000000103e-01,1.601009999999999933e-01,1.879049999999999887e-01,4.442240000000000077e-01,4.759369999999999989e-01,4.667620000000000102e-01,-4.431600000000000122e-02,2.883109999999999840e-01,6.151109999999999634e-01,2.620689999999999964e-01,1.942290000000000127e-01,1.000000000000000000e+00,-2.552820000000000089e-01,3.864139999999999797e-01,4.149459999999999815e-01,5.236150000000000526e-01,4.217549999999999910e-01,1.971940000000000082e-01,3.865790000000000060e-01,-5.109299999999999953e-02,3.541239999999999943e-01,-8.111599999999999366e-02,2.586160000000000125e-01,3.302760000000000140e-01,4.485009999999999830e-01,1.059749999999999998e-01,7.936490000000000489e-01,5.679180000000000339e-01,4.200969999999999982e-01,3.925239999999999840e-01,-1.157590000000000008e-01,-1.364190000000000125e-01,-9.411799999999999333e-02,-2.943509999999999738e-01,2.038179999999999992e-01,3.174399999999999999e-01,2.555049999999999821e-01,-1.354420000000000068e-01,-2.473809999999999898e-01,-7.245500000000000551e-02,-3.002779999999999894e-01,1.254989999999999994e-01,3.653390000000000248e-01,1.221809999999999979e-01,-2.278900000000000023e-02,1.459860000000000047e-01,1.282149999999999956e-01,1.062960000000000016e-01,3.950380000000000003e-01,3.346219999999999750e-01,4.311289999999999845e-01,-1.538460000000000105e-01,2.260840000000000072e-01,5.521559999999999802e-01,2.554020000000000179e-01,1.779419999999999891e-01,7.824489999999999501e-01,-2.422660000000000091e-01,2.291900000000000048e-01,5.283820000000000183e-01,3.753569999999999962e-01,5.791190000000000504e-01,2.054120000000000112e-01,3.422499999999999987e-01,-2.494499999999999842e-02,2.538500000000000201e-01,-5.927299999999999930e-02,1.588320000000000010e-01,2.691580000000000084e-01,2.817359999999999864e-01,6.652099999999999680e-02,6.803360000000000518e-01,4.419040000000000190e-01,2.523420000000000107e-01,3.071769999999999778e-01
1.003539999999999988e-01,1.265360000000000096e-01,-9.368400000000000338e-02,2.025810000000000111e-01,-6.777600000000000291e-02,3.669120000000000159e-01,-7.274600000000000510e-02,4.253899999999999904e-01,-2.614929999999999755e-01,-1.232940000000000008e-01,-1.318789999999999962e-01,7.751099999999999657e-02,-2.552820000000000089e-01,1.000000000000000000e+00,-1.594119999999999981e-01,-3.542399999999999716e-02,-1.437399999999999962e-02,-1.515900000000000060e-02,-1.383689999999999920e-01,-2.502759999999999985e-01,2.497340000000000115e-01,-1.380119999999999958e-01,5.019080000000000208e-01,1.580890000000000073e-01,-2.231619999999999993e-01,1.458830000000000127e-01,-7.739999999999999658e-02,-1.771469999999999989e-01,-2.233700000000000130e-01,8.927599999999999425e-02,3.908099999999999768e-02,4.020460000000000145e-01,1.920509999999999995e-01,1.967460000000000042e-01,1.954289999999999916e-01,3.770149999999999890e-01,5.890000000000000270e-03,1.177200000000000052e-01,3.772619999999999862e-01,1.195800000000000057e-01,1.348779999999999979e-01,2.080039999999999945e-01,3.248550000000000049e-01,-4.743999999999999953e-03,1.572010000000000074e-01,1.154690000000000022e-01,1.043059999999999959e-01,1.164000000000000104e-03,-1.202399999999999997e-02,7.357900000000000551e-02,2.746330000000000160e-01,1.011679999999999940e-01,3.972280000000000255e-01,-1.438240000000000074e-01,-1.632649999999999935e-01,-7.998900000000000454e-02,7.807500000000000551e-02,-2.245649999999999868e-01,8.168069999999999498e-01,-1.716759999999999953e-01,-2.064120000000000121e-01,-1.364549999999999930e-01,-2.230229999999999990e-01,-1.311289999999999956e-01,-2.324829999999999952e-01,2.025659999999999961e-01,-1.365999999999999992e-01,4.440379999999999883e-01,1.074110000000000065e-01,-1.010979999999999934e-01,5.881700000000000123e-02,4.267800000000000066e-02,-2.211609999999999965e-01,-1.737940000000000040e-01,-2.892799999999999885e-02,-2.566500000000000031e-02
4.395749999999999935e-01,1.104920000000000069e-01,3.889940000000000064e-01,1.359199999999999992e-02,5.684850000000000181e-01,6.379000000000000122e-03,1.344329999999999969e-01,-2.556000000000000112e-03,2.552710000000000257e-01,2.913310000000000066e-01,5.199730000000000185e-01,4.495500000000000190e-02,3.864139999999999797e-01,-1.594119999999999981e-01,1.000000000000000000e+00,-8.647000000000000172e-03,1.339660000000000017e-01,-4.789700000000000207e-02,5.004349999999999632e-01,7.779009999999999536e-01,2.332899999999999904e-02,7.011349999999999527e-01,-8.332100000000000617e-02,9.299499999999999433e-02,1.918789999999999940e-01,2.840420000000000167e-01,7.642100000000000282e-02,6.232839999999999492e-01,1.568599999999999994e-01,6.962779999999999525e-01,3.844049999999999967e-01,-9.552099999999999480e-02,-1.074439999999999978e-01,-9.499699999999999811e-02,-3.267490000000000117e-01,6.383999999999999918e-03,1.990760000000000030e-01,-2.926199999999999982e-02,-1.351890000000000036e-01,-6.928900000000000337e-02,-1.299799999999999914e-02,-3.445300000000000029e-01,-4.109000000000000152e-02,2.024960000000000093e-01,-3.611299999999999927e-02,1.891690000000000038e-01,-1.852340000000000098e-01,3.429200000000000026e-01,-1.016640000000000044e-01,4.602680000000000105e-01,-9.820700000000000263e-02,1.147799999999999931e-01,-1.694100000000000050e-01,2.377890000000000004e-01,1.637510000000000077e-01,3.843960000000000155e-01,4.391599999999999671e-02,2.683570000000000122e-01,-1.443250000000000088e-01,8.368400000000000283e-01,2.928600000000000092e-01,5.038000000000000117e-02,2.424880000000000091e-01,4.700150000000000161e-01,8.255360000000000475e-01,7.285200000000000009e-02,7.891820000000000501e-01,-3.969600000000000212e-02,3.347300000000000275e-02,-1.374700000000000054e-02,1.397170000000000079e-01,1.309849999999999903e-01,6.818410000000000304e-01,3.060780000000000167e-01,7.383999999999999453e-01,4.754499999999999837e-01
3.190319999999999823e-01,-2.628619999999999846e-01,-3.538870000000000071e-01,3.728929999999999745e-01,-1.772610000000000019e-01,2.943300000000000083e-02,2.216500000000000067e-02,-2.279420000000000057e-01,-2.756589999999999874e-01,5.845630000000000548e-01,-2.843930000000000069e-01,1.066150000000000014e-01,4.149459999999999815e-01,-3.542399999999999716e-02,-8.647000000000000172e-03,1.000000000000000000e+00,6.615720000000000489e-01,9.179150000000000365e-01,-2.791569999999999885e-01,1.124769999999999937e-01,1.534979999999999956e-01,2.722280000000000255e-01,-3.754109999999999947e-01,1.844969999999999943e-01,-4.425199999999999967e-02,1.933179999999999898e-01,-2.615700000000000247e-01,4.686290000000000178e-01,5.896770000000000067e-01,2.313369999999999871e-01,6.575410000000000421e-01,3.523169999999999913e-01,6.789399999999999602e-02,3.062889999999999779e-01,2.905710000000000237e-01,2.625700000000000256e-01,4.089749999999999774e-01,3.154710000000000014e-01,2.965920000000000223e-01,2.596400000000000097e-02,2.278499999999999970e-01,2.989450000000000163e-01,3.322039999999999993e-01,4.986530000000000129e-01,1.750670000000000004e-01,3.152760000000000007e-01,4.082100000000000312e-02,-3.537779999999999814e-01,2.674549999999999983e-01,-1.502690000000000137e-01,-5.374700000000000311e-02,8.558399999999999341e-02,-1.972260000000000124e-01,-3.211749999999999883e-01,3.582500000000000129e-01,-3.488399999999999834e-01,1.379999999999999933e-03,3.442290000000000072e-01,-5.093299999999999911e-02,-5.889300000000000090e-02,7.058780000000000054e-01,3.322510000000000185e-01,5.215060000000000251e-01,-2.923140000000000183e-01,-3.370800000000000185e-02,2.546109999999999762e-01,4.900800000000000295e-02,-3.723319999999999963e-01,1.463980000000000004e-01,1.349249999999999894e-01,1.383000000000000063e-01,-2.189929999999999932e-01,3.289790000000000214e-01,4.111790000000000167e-01,3.907499999999999862e-02,4.681469999999999798e-01
5.147570000000000201e-01,-2.870100000000000082e-02,-1.245539999999999980e-01,3.563209999999999988e-01,7.286900000000000321e-02,2.954600000000000004e-01,2.511229999999999851e-01,-9.043199999999999850e-02,-6.755400000000000293e-02,6.921460000000000390e-01,-1.108709999999999973e-01,-2.322700000000000112e-02,5.236150000000000526e-01,-1.437399999999999962e-02,1.339660000000000017e-01,6.615720000000000489e-01,1.000000000000000000e+00,5.397170000000000023e-01,-7.859399999999999720e-02,1.336569999999999980e-01,2.717680000000000096e-01,2.051610000000000100e-01,-1.997659999999999991e-01,2.296229999999999938e-01,1.846740000000000048e-01,4.723879999999999746e-01,-1.370270000000000099e-01,4.955620000000000025e-01,5.481970000000000454e-01,3.530490000000000017e-01,6.788549999999999862e-01,3.148150000000000115e-01,2.317059999999999953e-01,3.011800000000000033e-01,-5.549000000000000113e-03,3.705399999999999805e-01,3.615079999999999960e-01,2.270620000000000138e-01,2.617410000000000014e-01,1.413699999999999957e-01,2.704159999999999897e-01,1.369390000000000052e-01,2.463710000000000067e-01,3.727340000000000098e-01,2.115200000000000066e-02,4.656239999999999823e-01,3.032500000000000126e-02,-1.508780000000000121e-01,2.002210000000000101e-01,2.865499999999999992e-02,2.881299999999999834e-02,2.134240000000000026e-01,-1.582439999999999958e-01,-1.330890000000000128e-01,3.973889999999999922e-01,-8.779499999999999804e-02,-8.235099999999999365e-02,3.805330000000000101e-01,-2.258900000000000144e-02,-6.375999999999999723e-03,7.389120000000000132e-01,5.228300000000000169e-01,6.351179999999999604e-01,-8.412999999999999645e-02,3.701800000000000229e-02,2.427249999999999963e-01,1.155479999999999979e-01,-2.501059999999999950e-01,1.366120000000000112e-01,1.932049999999999879e-01,3.103759999999999852e-01,-1.160199999999999981e-01,3.411020000000000163e-01,4.408830000000000249e-01,1.743439999999999990e-01,6.125310000000000477e-01
2.028220000000000023e-01,-1.949279999999999902e-01,-2.231309999999999960e-01,3.625050000000000217e-01,-8.867400000000000282e-02,9.276900000000000424e-02,5.194499999999999812e-02,-7.069200000000000483e-02,-1.989319999999999977e-01,5.394360000000000266e-01,-1.702510000000000134e-01,2.131210000000000049e-01,4.217549999999999910e-01,-1.515900000000000060e-02,-4.789700000000000207e-02,9.179150000000000365e-01,5.397170000000000023e-01,1.000000000000000000e+00,-1.754620000000000068e-01,9.233600000000000141e-02,7.483499999999999874e-02,2.497070000000000123e-01,-2.556680000000000064e-01,2.364759999999999918e-01,-2.943399999999999836e-02,1.880969999999999864e-01,-1.920389999999999875e-01,4.122939999999999938e-01,4.962940000000000129e-01,1.944859999999999922e-01,5.499410000000000132e-01,2.504529999999999812e-01,-6.485799999999999899e-02,1.925409999999999899e-01,2.167949999999999877e-01,2.826299999999999923e-01,3.778500000000000192e-01,3.323300000000000143e-01,2.200169999999999904e-01,-1.359889999999999988e-01,1.352309999999999901e-01,1.936900000000000011e-01,4.053840000000000221e-01,4.961420000000000274e-01,1.738760000000000028e-01,2.131379999999999941e-01,8.106599999999999917e-02,-2.090549999999999908e-01,2.293969999999999898e-01,-7.719900000000000373e-02,8.113999999999999685e-03,1.441630000000000134e-01,-6.705800000000000649e-02,-1.858009999999999939e-01,4.026480000000000059e-01,-1.974619999999999986e-01,1.141370000000000023e-01,2.988750000000000018e-01,1.963200000000000014e-02,-9.446499999999999342e-02,6.217909999999999826e-01,3.218349999999999822e-01,5.676419999999999799e-01,-1.646559999999999968e-01,-3.883099999999999746e-02,2.021189999999999931e-01,1.848800000000000096e-02,-2.640750000000000042e-01,1.678449999999999942e-01,1.529679999999999929e-01,1.158040000000000042e-01,-1.346420000000000117e-01,2.896509999999999918e-01,3.267419999999999769e-01,-1.687100000000000058e-02,3.693529999999999869e-01
-2.961000000000000090e-02,9.595199999999999563e-02,9.382279999999999509e-01,-2.516539999999999888e-01,7.052840000000000220e-01,7.146500000000000075e-02,2.322099999999999859e-02,2.194440000000000002e-01,6.833169999999999522e-01,-9.261000000000000135e-03,9.392500000000000293e-01,1.008399999999999991e-01,1.971940000000000082e-01,-1.383689999999999920e-01,5.004349999999999632e-01,-2.791569999999999885e-01,-7.859399999999999720e-02,-1.754620000000000068e-01,1.000000000000000000e+00,4.983739999999999837e-01,-3.516440000000000121e-01,4.441209999999999880e-01,1.703490000000000004e-01,-2.675400000000000000e-02,1.306329999999999991e-01,8.746400000000000008e-02,3.555090000000000194e-01,3.442189999999999972e-01,-1.402609999999999968e-01,3.755109999999999837e-01,-8.251899999999999513e-02,-4.714059999999999917e-01,-3.759939999999999949e-01,-5.397239999999999815e-01,-2.985369999999999968e-01,-9.398099999999999510e-02,-3.565000000000000113e-02,-1.081899999999999945e-01,-4.778169999999999917e-01,-3.698640000000000261e-01,-4.620009999999999950e-01,-4.303870000000000196e-01,-1.495039999999999980e-01,-1.052680000000000005e-01,-2.336900000000000088e-02,-1.806869999999999865e-01,-2.028040000000000120e-01,9.041759999999999797e-01,-4.079260000000000108e-01,5.006829999999999892e-01,-8.123800000000000465e-02,-5.689000000000000307e-02,-1.227000000000000009e-03,7.042640000000000011e-01,6.683300000000000352e-02,8.212159999999999460e-01,9.506100000000000660e-02,2.468700000000000061e-02,-8.062800000000000522e-02,4.247420000000000084e-01,-6.982900000000000218e-02,-8.008999999999999453e-02,3.052399999999999905e-02,9.665580000000000283e-01,5.904420000000000224e-01,-3.325199999999999823e-01,5.056100000000000039e-01,1.550989999999999869e-01,-4.683600000000000263e-02,-6.868699999999999806e-02,-1.474850000000000050e-01,3.348659999999999970e-01,3.613469999999999738e-01,-6.988000000000000288e-03,4.098749999999999893e-01,-4.667299999999999921e-02
4.277159999999999851e-01,1.538410000000000055e-01,3.788560000000000261e-01,-1.204869999999999969e-01,4.690440000000000165e-01,-3.100299999999999931e-02,2.529710000000000014e-01,-1.858789999999999887e-01,3.475340000000000096e-01,3.732809999999999739e-01,4.656730000000000036e-01,-1.420000000000000038e-03,3.865790000000000060e-01,-2.502759999999999985e-01,7.779009999999999536e-01,1.124769999999999937e-01,1.336569999999999980e-01,9.233600000000000141e-02,4.983739999999999837e-01,1.000000000000000000e+00,-1.908500000000000127e-02,9.345160000000000133e-01,-2.358310000000000128e-01,3.676499999999999907e-02,3.569740000000000135e-01,2.096790000000000043e-01,2.876330000000000275e-01,6.465579999999999661e-01,3.506619999999999737e-01,6.847459999999999658e-01,5.119829999999999659e-01,-1.217109999999999997e-01,-2.167080000000000117e-01,-1.791909999999999892e-01,-2.964229999999999920e-01,-1.209800000000000042e-01,9.872000000000000219e-02,3.890199999999999908e-02,-1.407269999999999910e-01,-1.581660000000000010e-01,-1.622079999999999911e-01,-3.431270000000000153e-01,-1.393880000000000119e-01,8.595400000000000262e-02,2.197199999999999848e-02,2.350069999999999937e-01,-1.229090000000000044e-01,3.078890000000000238e-01,1.096600000000000005e-02,3.095640000000000058e-01,-1.816599999999999882e-01,1.230330000000000035e-01,-3.242010000000000169e-01,3.333720000000000017e-01,2.174240000000000061e-01,3.502899999999999903e-01,-2.136199999999999904e-02,2.246199999999999863e-01,-1.999470000000000136e-01,6.777919999999999501e-01,3.796720000000000095e-01,9.566299999999999804e-02,3.461230000000000140e-01,4.476490000000000191e-01,9.131010000000000515e-01,7.984499999999999931e-02,8.804999999999999494e-01,-2.192369999999999874e-01,4.502899999999999958e-02,1.381499999999999950e-01,6.152799999999999936e-02,2.455140000000000100e-01,6.191710000000000269e-01,5.064910000000000245e-01,7.527629999999999599e-01,5.192980000000000373e-01
