1.000000000000000000e+00,5.146309999999999496e-01,-2.820100000000000037e-02,-4.854339999999999766e-01,2.883809999999999985e-01,1.771790000000000032e-01,3.631090000000000151e-01,4.689700000000000119e-02,8.653700000000000281e-02,7.016400000000000414e-02,2.416679999999999939e-01,-5.004389999999999672e-01,5.176990000000000203e-01,1.161650000000000044e-01,2.948330000000000117e-01,4.450509999999999744e-01,5.813120000000000509e-01,3.350020000000000220e-01,3.970049999999999968e-01,2.827049999999999841e-01,6.490000000000000213e-01,3.723159999999999803e-01,2.361900000000000110e-01,-4.668610000000000260e-01,7.305390000000000494e-01,4.180349999999999899e-01,2.340760000000000063e-01,1.818670000000000009e-01,3.517120000000000246e-01,3.133179999999999854e-01,5.977890000000000148e-01,2.746910000000000185e-01,3.064439999999999942e-01,2.813229999999999897e-01,-2.402370000000000061e-01,4.872900000000000148e-02,-3.253199999999999842e-02,-4.608590000000000186e-01,3.784959999999999991e-01,2.775409999999999822e-01,2.877819999999999823e-01,-1.181689999999999963e-01,-4.284000000000000308e-02,1.214699999999999981e-02,-4.392420000000000213e-01,6.360540000000000083e-01,2.874950000000000006e-01,2.157320000000000071e-01,-3.619879999999999765e-01,1.338830000000000020e-01,2.005290000000000128e-01,4.010480000000000156e-01,2.596600000000000019e-01,9.710799999999999987e-02,-1.766969999999999930e-01,3.749730000000000008e-01,-4.807310000000000194e-01,2.113909999999999956e-01,-4.674799999999999789e-02,-2.083929999999999949e-01,4.321349999999999913e-01,3.120720000000000161e-01,3.480659999999999865e-01,4.539730000000000154e-01,-2.561199999999999935e-02,4.299850000000000061e-01,1.338360000000000105e-01,3.832530000000000103e-01,-4.127640000000000198e-01,5.679450000000000331e-01,4.294009999999999772e-01,3.197409999999999974e-01,1.707629999999999981e-01,1.392809999999999881e-01,4.054900000000000171e-02,3.576259999999999994e-01
5.146309999999999496e-01,1.000000000000000000e+00,-2.195979999999999877e-01,-4.438770000000000215e-01,-2.449000000000000135e-02,4.072270000000000056e-01,3.145569999999999755e-01,3.635680000000000023e-01,-3.397839999999999749e-01,2.293300000000000061e-01,6.930899999999999561e-02,-1.728659999999999919e-01,4.367099999999999871e-01,-3.914600000000000024e-02,2.862149999999999972e-01,5.918269999999999920e-01,4.572419999999999818e-01,6.891829999999999901e-01,2.081189999999999984e-01,1.508879999999999943e-01,5.370660000000000434e-01,3.268389999999999906e-01,4.316659999999999942e-01,-2.396939999999999904e-01,7.258620000000000072e-01,6.564449999999999452e-01,1.720399999999999985e-01,-1.037710000000000021e-01,1.833029999999999937e-01,2.031300000000000050e-01,4.249089999999999812e-01,2.835820000000000007e-01,3.232670000000000265e-01,1.912240000000000051e-01,-4.265459999999999807e-01,5.528899999999999787e-02,1.080500000000000037e-02,-2.850929999999999853e-01,4.322469999999999923e-01,3.064009999999999789e-01,8.882600000000000218e-02,-1.843940000000000023e-01,-6.206899999999999917e-02,4.563600000000000295e-02,-1.745029999999999915e-01,1.444100000000000106e-01,6.272079999999999878e-01,-1.457499999999999907e-01,-2.793200000000000127e-01,-9.164400000000000324e-02,2.227200000000000013e-01,3.483120000000000105e-01,4.663729999999999820e-01,-1.875360000000000082e-01,3.158400000000000096e-02,5.436200000000000060e-02,-1.253430000000000100e-01,8.563199999999999978e-02,4.569000000000000145e-02,-8.855599999999999583e-02,3.840169999999999972e-01,3.144609999999999905e-01,4.081629999999999980e-01,1.748959999999999959e-01,1.735230000000000106e-01,1.660320000000000129e-01,1.886410000000000031e-01,3.670720000000000094e-01,-1.986900000000000055e-01,4.756839999999999957e-01,4.652769999999999961e-01,1.157959999999999962e-01,-1.684499999999999886e-02,-7.273399999999999310e-02,-1.080399999999999971e-01,-1.512100000000000076e-02
-2.820100000000000037e-02,-2.195979999999999877e-01,1.000000000000000000e+00,-5.798500000000000182e-02,2.373000000000000109e-03,1.131979999999999931e-01,-1.307830000000000104e-01,2.462580000000000047e-01,3.864639999999999742e-01,-1.379950000000000065e-01,4.005659999999999776e-01,3.498339999999999783e-01,-1.951360000000000039e-01,-1.430200000000000048e-02,-1.033400000000000013e-01,-6.451800000000000590e-02,6.701699999999999324e-02,-1.203970000000000040e-01,4.124030000000000196e-01,-8.726100000000000523e-02,1.350719999999999976e-01,-1.765309999999999935e-01,2.296809999999999963e-01,3.947280000000000233e-01,-1.230099999999999943e-01,2.671290000000000053e-01,1.835400000000000087e-01,1.769050000000000067e-01,-1.070030000000000009e-01,-7.477799999999999725e-02,-2.818080000000000029e-01,-5.421000000000000124e-02,-1.638739999999999919e-01,4.857899999999999718e-02,2.246470000000000133e-01,-1.593420000000000114e-01,-5.374500000000000111e-02,1.623360000000000081e-01,-1.270759999999999945e-01,-2.581100000000000061e-02,1.214600000000000055e-02,-2.907900000000000068e-02,1.731270000000000031e-01,5.863199999999999662e-02,3.188059999999999783e-01,1.456699999999999939e-01,-6.049999999999999822e-03,5.919090000000000185e-01,1.630220000000000002e-01,1.778379999999999961e-01,4.191630000000000078e-01,3.759210000000000051e-01,1.948660000000000114e-01,6.347340000000000204e-01,3.393939999999999735e-01,3.564300000000000246e-01,2.724790000000000267e-01,4.808740000000000236e-01,-1.584919999999999940e-01,1.133310000000000012e-01,2.033899999999999944e-02,1.033779999999999977e-01,-1.002030000000000004e-01,5.165720000000000312e-01,-1.516629999999999923e-01,1.755339999999999956e-01,-2.545919999999999850e-01,2.083250000000000102e-01,4.292900000000000049e-01,-7.212699999999999667e-02,3.270569999999999866e-01,1.291279999999999928e-01,1.027350000000000069e-01,1.468679999999999986e-01,1.378910000000000136e-01,-2.111870000000000136e-01
-4.854339999999999766e-01,-4.438770000000000215e-01,-5.798500000000000182e-02,1.000000000000000000e+00,-3.134500000000000064e-01,-2.509640000000000204e-01,-4.815929999999999933e-01,-8.626999999999999252e-03,-9.333199999999999830e-02,-1.944879999999999942e-01,-5.377800000000000358e-01,2.800239999999999951e-01,-5.459640000000000049e-01,1.768399999999999833e-02,-5.904800000000000326e-02,3.776000000000000190e-02,-5.235400000000000054e-01,-1.332520000000000093e-01,-7.835599999999999510e-02,-3.292700000000000071e-01,-6.003249999999999975e-01,-3.770549999999999735e-01,-1.595350000000000101e-01,4.038209999999999855e-01,-4.356949999999999990e-01,-2.362259999999999915e-01,-1.730589999999999906e-01,6.784500000000000253e-02,-1.647730000000000028e-01,-2.830110000000000126e-01,-3.060669999999999780e-01,2.626859999999999751e-01,-3.325480000000000103e-01,-1.613050000000000039e-01,5.821250000000000036e-01,-6.883400000000000629e-02,-1.913799999999999876e-02,3.005610000000000226e-01,6.996700000000000141e-02,-1.703490000000000004e-01,-9.321100000000000219e-02,4.893600000000000172e-01,-2.754799999999999957e-02,-1.451240000000000030e-01,9.508199999999999985e-02,-3.164950000000000263e-01,-3.750680000000000125e-01,-6.667499999999999816e-02,5.567530000000000534e-01,-3.708199999999999830e-01,-3.011409999999999920e-01,-3.674160000000000204e-01,-1.533360000000000001e-01,-1.856440000000000035e-01,-1.475960000000000050e-01,-4.244450000000000167e-01,2.729519999999999724e-01,-3.539559999999999929e-01,4.319599999999999829e-02,3.757469999999999977e-01,-1.751169999999999949e-01,-3.946500000000000008e-01,-2.225699999999999901e-01,-1.221440000000000026e-01,-4.461400000000000088e-02,-5.147699999999999498e-01,-1.837930000000000119e-01,-3.435500000000000220e-01,2.778010000000000201e-01,-4.078990000000000116e-01,-4.236539999999999750e-01,-3.183000000000000274e-01,-4.788999999999999854e-03,-1.598099999999999868e-02,5.214400000000000285e-02,-6.249400000000000094e-02
2.883809999999999985e-01,-2.449000000000000135e-02,2.373000000000000109e-03,-3.134500000000000064e-01,1.000000000000000000e+00,3.603729999999999989e-01,7.410820000000000185e-01,-8.742400000000000171e-02,7.391469999999999985e-01,-1.766709999999999947e-01,4.862070000000000003e-01,-4.662529999999999730e-01,6.874599999999999600e-01,5.297410000000000174e-01,-4.108479999999999910e-01,-1.584500000000000075e-01,1.474389999999999867e-01,-8.505200000000000260e-02,-2.724050000000000082e-01,7.670999999999999867e-03,3.124339999999999895e-01,3.879300000000000109e-02,-1.420000000000000082e-02,-5.153010000000000090e-01,1.057509999999999978e-01,-1.503269999999999884e-01,-1.708320000000000116e-01,1.733000000000000165e-02,1.549240000000000061e-01,1.725569999999999882e-01,1.657339999999999924e-01,-2.329000000000000167e-02,-1.667470000000000063e-01,-2.125809999999999922e-01,-2.836770000000000125e-01,4.261960000000000193e-01,1.946849999999999969e-01,-4.735070000000000112e-01,-8.591100000000000125e-02,-1.167020000000000002e-01,-3.217479999999999785e-01,-4.574719999999999898e-01,1.086570000000000036e-01,1.002849999999999991e-01,-2.646000000000000019e-01,2.898120000000000140e-01,3.086099999999999954e-02,1.819330000000000114e-01,-5.114309999999999690e-01,4.238060000000000160e-01,-6.947000000000000050e-03,1.905669999999999864e-01,-1.823349999999999971e-01,4.926559999999999828e-01,-3.683139999999999747e-01,4.766750000000000154e-01,-4.931320000000000148e-01,3.030030000000000223e-01,1.285840000000000038e-01,-5.769969999999999821e-01,4.356000000000000150e-02,-1.370570000000000122e-01,-1.874999999999999931e-02,5.569000000000000339e-02,-1.786230000000000040e-01,3.348579999999999890e-01,-2.266400000000000012e-02,-1.135380000000000000e-01,-3.864310000000000245e-01,1.173519999999999980e-01,2.642299999999999857e-02,1.705339999999999911e-01,-3.050999999999999893e-03,8.145499999999999963e-02,-7.148999999999999973e-03,3.751459999999999795e-01
1.771790000000000032e-01,4.072270000000000056e-01,1.131979999999999931e-01,-2.509640000000000204e-01,3.603729999999999989e-01,1.000000000000000000e+00,3.498809999999999976e-01,5.384919999999999707e-01,2.999809999999999977e-01,-1.867999999999999938e-01,1.275479999999999947e-01,-9.981500000000000095e-02,5.029230000000000089e-01,2.649920000000000053e-01,-1.024999999999999939e-01,7.394100000000000672e-02,5.986999999999999961e-02,4.026230000000000087e-01,6.758999999999999730e-02,-7.864599999999999369e-02,5.595480000000000453e-01,-5.409100000000000019e-02,7.248189999999999911e-01,-4.069300000000000000e-02,1.028079999999999966e-01,4.849169999999999869e-01,5.079299999999999787e-02,-1.521480000000000055e-01,1.897119999999999918e-01,1.344029999999999947e-01,3.030000000000000141e-03,2.307349999999999957e-01,-6.213199999999999973e-02,-2.135789999999999911e-01,-1.574500000000000066e-01,1.680129999999999957e-01,-1.572139999999999926e-01,-2.715150000000000063e-01,1.616620000000000001e-01,1.321899999999999985e-02,-2.314100000000000046e-01,-2.413089999999999957e-01,3.452000000000000207e-02,-1.770990000000000064e-01,-2.168219999999999870e-01,7.582200000000000051e-02,5.540580000000000505e-01,2.208420000000000105e-01,-1.961720000000000130e-01,-7.706799999999999762e-02,6.014840000000000186e-01,3.499860000000000193e-01,4.712200000000000277e-01,1.917619999999999880e-01,-1.958209999999999951e-01,2.083399999999999974e-01,-9.265199999999999825e-02,3.802789999999999782e-01,1.647810000000000108e-01,-2.135700000000000098e-01,2.444560000000000066e-01,8.687000000000000277e-02,2.299680000000000057e-01,2.990200000000000080e-01,1.067329999999999945e-01,3.484720000000000040e-01,9.441599999999999993e-02,5.132309999999999928e-01,1.770100000000000146e-02,1.937860000000000138e-01,5.232930000000000081e-01,2.289869999999999961e-01,-5.279799999999999771e-02,1.741779999999999995e-01,-5.987399999999999667e-02,-1.303400000000000045e-02
3.631090000000000151e-01,3.145569999999999755e-01,-1.307830000000000104e-01,-4.815929999999999933e-01,7.410820000000000185e-01,3.498809999999999976e-01,1.000000000000000000e+00,2.265999999999999959e-02,5.003020000000000245e-01,-7.066500000000000559e-02,5.693540000000000267e-01,-4.791799999999999948e-01,7.414659999999999584e-01,4.225189999999999779e-01,-4.108780000000000210e-01,2.152700000000000100e-02,3.383280000000000176e-01,5.320199999999999929e-02,-2.720400000000000040e-01,-1.261699999999999974e-02,4.567010000000000236e-01,2.983299999999999841e-02,1.529800000000000083e-02,-5.153959999999999653e-01,3.650289999999999924e-01,4.163499999999999840e-02,-2.385150000000000048e-01,-1.111140000000000044e-01,1.508200000000000096e-01,1.801200000000000023e-01,2.110070000000000001e-01,-7.058699999999999697e-02,-9.265199999999999825e-02,-2.494089999999999918e-01,-4.193660000000000165e-01,2.404249999999999998e-01,1.347059999999999924e-01,-5.195619999999999683e-01,-9.559900000000000342e-02,-5.309799999999999937e-02,-2.857669999999999932e-01,-5.034429999999999739e-01,1.617199999999999888e-02,1.366040000000000032e-01,-2.167159999999999920e-01,2.848160000000000136e-01,2.943660000000000165e-01,4.846999999999999746e-03,-4.863069999999999893e-01,2.691000000000000059e-01,5.583500000000000268e-02,4.567160000000000108e-01,-4.759499999999999842e-02,4.674139999999999961e-01,-2.221319999999999961e-01,5.394480000000000386e-01,-4.508750000000000258e-01,3.876930000000000098e-01,7.191200000000000370e-02,-6.815160000000000107e-01,1.701370000000000104e-01,-5.008300000000000252e-02,-1.785499999999999934e-02,5.936899999999999816e-02,-1.445220000000000116e-01,3.048310000000000186e-01,-5.348800000000000082e-02,-5.943099999999999772e-02,-3.893320000000000114e-01,2.574930000000000274e-01,1.663920000000000121e-01,1.555870000000000031e-01,-1.038000000000000034e-02,-1.481599999999999931e-02,-7.490900000000000336e-02,3.195479999999999987e-01
4.689700000000000119e-02,3.635680000000000023e-01,2.462580000000000047e-01,-8.626999999999999252e-03,-8.742400000000000171e-02,5.384919999999999707e-01,2.265999999999999959e-02,1.000000000000000000e+00,-3.759699999999999848e-02,1.433000000000000072e-02,1.253779999999999895e-01,2.890829999999999789e-01,5.058399999999999702e-02,2.501220000000000110e-01,-1.838650000000000007e-01,2.446760000000000046e-01,1.551690000000000014e-01,3.199620000000000242e-01,2.698639999999999928e-01,-3.526270000000000238e-01,3.628259999999999819e-01,-2.849130000000000273e-01,7.849709999999999743e-01,3.479720000000000035e-01,-2.740300000000000027e-02,6.626670000000000060e-01,-1.761050000000000115e-01,-1.944210000000000105e-01,-2.821100000000000274e-01,-1.179260000000000030e-01,-1.020869999999999972e-01,3.678770000000000095e-01,-1.055719999999999992e-01,-1.866960000000000008e-01,-6.922000000000000201e-03,1.471179999999999988e-01,-4.041199999999999654e-02,-3.865099999999999786e-02,3.103750000000000120e-01,-8.803400000000000114e-02,-2.106069999999999887e-01,2.154000000000000099e-03,1.984569999999999945e-01,3.599200000000000316e-02,7.663699999999999679e-02,-1.900570000000000037e-01,3.528609999999999802e-01,6.599599999999999911e-02,1.287590000000000123e-01,-3.394380000000000175e-01,2.727559999999999985e-01,1.292830000000000090e-01,7.485859999999999737e-01,8.491700000000000637e-02,1.785650000000000015e-01,1.021330000000000016e-01,3.036519999999999775e-01,2.126840000000000119e-01,1.109200000000000047e-01,-7.277200000000000335e-02,-4.208200000000000135e-02,1.479149999999999909e-01,1.125540000000000013e-01,3.821820000000000217e-01,-8.634400000000000408e-02,6.400200000000000333e-02,-2.337160000000000071e-01,4.201130000000000142e-01,3.332390000000000074e-01,-7.632300000000000195e-02,4.585560000000000191e-01,-3.420569999999999999e-01,-2.802899999999999836e-01,-3.451210000000000111e-01,-2.291739999999999888e-01,-4.613090000000000246e-01
8.653700000000000281e-02,-3.397839999999999749e-01,3.864639999999999742e-01,-9.333199999999999830e-02,7.391469999999999985e-01,2.999809999999999977e-01,5.003020000000000245e-01,-3.759699999999999848e-02,1.000000000000000000e+00,-3.933550000000000102e-01,4.623909999999999965e-01,-1.913620000000000043e-01,3.037239999999999940e-01,3.448030000000000261e-01,-4.569920000000000093e-01,-2.391149999999999942e-01,-1.139399999999999961e-02,-2.489919999999999911e-01,-1.764699999999999880e-01,-1.056949999999999973e-01,1.797549999999999981e-01,-1.720929999999999960e-01,8.507999999999999938e-03,-1.097349999999999992e-01,-1.542860000000000065e-01,-1.535370000000000068e-01,-1.385029999999999872e-01,1.102839999999999931e-01,1.201320000000000027e-01,2.408499999999999877e-02,-7.744499999999999995e-02,-1.920799999999999938e-02,-3.469110000000000249e-01,-1.946199999999999875e-01,1.111449999999999938e-01,1.176610000000000017e-01,3.642999999999999971e-03,-2.383780000000000066e-01,-1.517940000000000123e-01,-9.992600000000000093e-02,-1.686199999999999921e-01,-2.389499999999999957e-01,1.261649999999999994e-01,7.138700000000000601e-02,-4.863499999999999768e-02,4.147100000000000231e-01,-5.641399999999999887e-02,4.199220000000000175e-01,-1.641650000000000054e-01,3.522359999999999935e-01,2.127229999999999954e-01,2.282820000000000127e-01,-1.735770000000000091e-01,7.967349999999999710e-01,-1.687329999999999941e-01,5.440399999999999681e-01,-2.161869999999999903e-01,4.714880000000000182e-01,9.369500000000000051e-02,-3.113009999999999944e-01,6.389100000000000334e-02,-1.733780000000000043e-01,-1.239679999999999949e-01,1.898970000000000102e-01,-1.052929999999999977e-01,3.666420000000000234e-01,-6.843499999999999583e-02,-5.665400000000000297e-02,1.600499999999999839e-02,1.673399999999999888e-02,1.302359999999999907e-01,2.164919999999999900e-01,8.488999999999999324e-02,2.808550000000000213e-01,1.375069999999999903e-01,3.231720000000000148e-01
7.016400000000000414e-02,2.293300000000000061e-01,-1.379950000000000065e-01,-1.944879999999999942e-01,-1.766709999999999947e-01,-1.867999999999999938e-01,-7.066500000000000559e-02,1.433000000000000072e-02,-3.933550000000000102e-01,1.000000000000000000e+00,1.948149999999999882e-01,3.937599999999999989e-01,6.804599999999999538e-02,-1.764200000000000143e-02,2.051010000000000055e-01,2.467169999999999919e-01,4.154360000000000275e-01,2.660680000000000267e-01,5.418300000000000199e-02,1.983749999999999958e-01,1.010790000000000022e-01,2.108929999999999971e-01,-8.099999999999999561e-03,2.693059999999999898e-01,2.842470000000000274e-01,2.408639999999999948e-01,8.542500000000000093e-02,2.712089999999999779e-01,-2.899600000000000094e-02,1.593120000000000092e-01,3.263880000000000114e-01,-2.417159999999999864e-01,5.854110000000000147e-01,3.223179999999999934e-01,-1.917979999999999963e-01,3.782800000000000051e-02,2.981500000000000261e-01,5.174210000000000198e-01,-9.954100000000000448e-02,2.606629999999999781e-01,-2.363699999999999829e-02,-2.279329999999999967e-01,7.970900000000000207e-02,1.712079999999999991e-01,4.324520000000000031e-01,-1.078039999999999971e-01,1.041740000000000027e-01,-2.640250000000000097e-01,-1.078199999999999992e-01,3.192619999999999902e-01,-4.811300000000000299e-02,-1.602179999999999993e-01,1.684019999999999961e-01,-2.993299999999999850e-01,6.171050000000000146e-01,-5.926999999999999977e-03,4.686339999999999950e-01,3.277599999999999958e-02,-8.357699999999999851e-02,1.035179999999999989e-01,1.150719999999999937e-01,4.191989999999999883e-01,3.214330000000000243e-01,-8.038599999999999912e-02,3.251799999999999830e-02,8.401799999999999546e-02,1.159469999999999945e-01,1.054739999999999983e-01,3.064950000000000174e-01,1.185780000000000028e-01,1.137969999999999954e-01,-1.134990000000000027e-01,-1.044869999999999965e-01,-9.167400000000000548e-02,9.150899999999999312e-02,-1.526579999999999881e-01
2.416679999999999939e-01,6.930899999999999561e-02,4.005659999999999776e-01,-5.377800000000000358e-01,4.862070000000000003e-01,1.275479999999999947e-01,5.693540000000000267e-01,1.253779999999999895e-01,4.623909999999999965e-01,1.948149999999999882e-01,1.000000000000000000e+00,-3.770300000000000040e-02,4.464440000000000075e-01,4.326150000000000273e-01,-3.281379999999999852e-01,4.613400000000000140e-02,5.276340000000000474e-01,-1.158499999999999981e-02,-2.737999999999999982e-03,-3.364999999999999936e-03,4.454350000000000254e-01,-1.327099999999999981e-02,1.122660000000000047e-01,-8.533200000000000507e-02,1.909170000000000034e-01,1.930129999999999901e-01,-1.192470000000000058e-01,1.472430000000000128e-01,-5.327500000000000291e-02,2.065510000000000124e-01,1.591289999999999927e-01,-2.834280000000000133e-01,5.000500000000000084e-02,-8.893500000000000016e-02,-3.506630000000000025e-01,1.355329999999999868e-01,2.804960000000000231e-01,-1.464010000000000034e-01,-2.658820000000000072e-01,2.188899999999999874e-02,-2.507099999999999884e-01,-6.140830000000000455e-01,2.799159999999999981e-01,3.756430000000000047e-01,2.422600000000000031e-01,2.981869999999999798e-01,1.307159999999999989e-01,3.077630000000000088e-01,-4.186880000000000046e-01,5.928820000000000201e-01,1.121530000000000027e-01,2.910340000000000149e-01,6.576500000000000401e-02,6.237089999999999579e-01,2.936639999999999806e-01,6.687980000000000036e-01,-7.169999999999999724e-04,5.704669999999999463e-01,2.615999999999999836e-03,-3.799980000000000024e-01,1.398109999999999908e-01,2.904309999999999947e-01,1.104929999999999940e-01,2.283810000000000007e-01,-2.462080000000000102e-01,4.381160000000000054e-01,-1.675369999999999915e-01,1.156449999999999978e-01,3.392599999999999782e-02,1.289180000000000048e-01,3.010530000000000150e-01,9.027100000000000402e-02,3.272400000000000309e-02,-4.898799999999999683e-02,1.623870000000000036e-01,1.046139999999999987e-01
-5.004389999999999672e-01,-1.728659999999999919e-01,3.498339999999999783e-01,2.800239999999999951e-01,-4.662529999999999730e-01,-9.981500000000000095e-02,-4.791799999999999948e-01,2.890829999999999789e-01,-1.913620000000000043e-01,3.937599999999999989e-01,-3.770300000000000040e-02,1.000000000000000000e+00,-5.289399999999999658e-01,-2.418130000000000002e-01,-7.263799999999999424e-02,4.932999999999999885e-02,-2.137680000000000136e-01,4.135899999999999993e-02,-1.747999999999999988e-03,1.173999999999999913e-03,-2.490090000000000081e-01,-4.492100000000000259e-02,1.451000000000000068e-01,9.148209999999999953e-01,-3.578939999999999899e-01,2.926500000000000212e-01,3.173399999999999832e-02,9.198000000000000620e-02,-2.010929999999999940e-01,-1.508329999999999949e-01,-2.595470000000000277e-01,-4.972300000000000331e-02,5.813999999999999724e-03,1.036200000000000038e-01,2.300190000000000012e-01,-2.501600000000000004e-02,1.952879999999999894e-01,6.681479999999999642e-01,-1.796089999999999909e-01,3.949000000000000253e-03,-5.831900000000000278e-02,3.612800000000000039e-02,3.392229999999999968e-01,2.738099999999999978e-01,7.673680000000000501e-01,-3.864870000000000250e-01,-1.521389999999999965e-01,-1.611209999999999865e-01,4.130949999999999900e-01,6.645500000000000018e-02,8.415999999999999870e-02,-2.787669999999999870e-01,1.322210000000000052e-01,1.918999999999999916e-03,7.005019999999999580e-01,-1.710899999999999921e-01,9.314069999999999849e-01,1.078080000000000011e-01,-1.578239999999999921e-01,4.518249999999999766e-01,-2.512460000000000249e-01,1.103380000000000055e-01,-4.438199999999999784e-02,-1.157689999999999969e-01,2.597329999999999917e-01,-1.642579999999999874e-01,8.234600000000000253e-02,-4.404899999999999788e-02,8.585739999999999483e-01,-3.720789999999999931e-01,2.704900000000000013e-02,-3.512319999999999887e-01,-2.012639999999999985e-01,9.261800000000000588e-02,1.774820000000000009e-01,-4.882420000000000093e-01
5.176990000000000203e-01,4.367099999999999871e-01,-1.951360000000000039e-01,-5.459640000000000049e-01,6.874599999999999600e-01,5.029230000000000089e-01,7.414659999999999584e-01,5.058399999999999702e-02,3.037239999999999940e-01,6.804599999999999538e-02,4.464440000000000075e-01,-5.289399999999999658e-01,1.000000000000000000e+00,3.487500000000000044e-01,-8.568699999999999928e-02,1.639950000000000019e-01,4.774990000000000068e-01,2.819329999999999892e-01,-7.274899999999999423e-02,1.141830000000000067e-01,5.439150000000000373e-01,2.196510000000000129e-01,2.017309999999999937e-01,-5.681119999999999504e-01,4.514779999999999904e-01,2.382660000000000056e-01,-7.484300000000000674e-02,7.505199999999999372e-02,2.525729999999999920e-01,3.952849999999999975e-01,3.676039999999999863e-01,-6.943000000000000560e-02,2.699099999999999833e-01,-5.235299999999999676e-02,-5.801579999999999515e-01,2.955220000000000069e-01,1.944929999999999992e-01,-4.519670000000000076e-01,2.950900000000000051e-02,1.252199999999999980e-01,-1.834560000000000080e-01,-4.690869999999999762e-01,-8.694999999999999604e-03,2.251900000000000082e-02,-3.495159999999999934e-01,2.944200000000000150e-01,2.825840000000000019e-01,6.206999999999999844e-03,-6.496619999999999617e-01,3.421890000000000209e-01,1.021439999999999987e-01,3.806660000000000044e-01,9.071200000000000097e-02,2.085319999999999951e-01,-2.984169999999999878e-01,4.091270000000000184e-01,-4.985959999999999837e-01,3.017239999999999922e-01,-1.956999999999999972e-03,-4.890459999999999807e-01,2.468249999999999889e-01,2.229049999999999920e-01,2.489619999999999889e-01,1.148880000000000040e-01,-4.860799999999999843e-02,3.790430000000000188e-01,1.105280000000000012e-01,1.724970000000000114e-01,-4.863290000000000113e-01,3.217619999999999925e-01,2.958310000000000106e-01,2.527829999999999799e-01,1.363030000000000075e-01,3.736600000000000338e-02,1.667000000000000079e-02,3.298440000000000261e-01
1.161650000000000044e-01,-3.914600000000000024e-02,-1.430200000000000048e-02,1.768399999999999833e-02,5.297410000000000174e-01,2.649920000000000053e-01,4.225189999999999779e-01,2.501220000000000110e-01,3.448030000000000261e-01,-1.764200000000000143e-02,4.326150000000000273e-01,-2.418130000000000002e-01,3.487500000000000044e-01,1.000000000000000000e+00,-5.552510000000000501e-01,5.486999999999999690e-03,1.562769999999999992e-01,2.244399999999999867e-02,-2.714489999999999958e-01,-4.660989999999999855e-01,2.756620000000000181e-01,-4.159249999999999892e-01,1.759249999999999980e-01,-2.366550000000000042e-01,-8.994900000000000118e-02,-6.278999999999999859e-03,-5.547480000000000189e-01,-1.753470000000000029e-01,-2.027750000000000108e-01,1.167509999999999937e-01,1.061639999999999945e-01,8.237500000000000377e-02,-1.467050000000000021e-01,-3.723460000000000103e-01,-2.333089999999999886e-01,4.912489999999999912e-01,1.386789999999999967e-01,-2.239289999999999892e-01,8.811900000000000288e-02,-1.181109999999999938e-01,-4.371709999999999763e-01,-4.325399999999999801e-01,3.220210000000000017e-01,2.088180000000000036e-01,-8.291999999999999371e-02,6.788800000000000390e-02,4.504799999999999777e-02,1.976899999999999838e-02,-2.613489999999999980e-01,-7.569999999999999689e-04,-1.337969999999999993e-01,-4.329399999999999915e-02,-4.126099999999999907e-02,2.297150000000000025e-01,-2.013870000000000104e-01,9.204099999999999782e-02,-2.227770000000000028e-01,1.469920000000000115e-01,4.439699999999999758e-01,-4.491240000000000232e-01,-7.600300000000000111e-02,-5.868299999999999905e-02,1.384200000000000014e-02,6.634500000000000119e-02,-3.914949999999999819e-01,2.072720000000000118e-01,-3.545889999999999875e-01,-4.028400000000000036e-02,-1.757539999999999936e-01,-1.564349999999999907e-01,-2.634500000000000036e-02,-2.685080000000000244e-01,-3.118369999999999753e-01,-2.538739999999999886e-01,-1.357750000000000068e-01,6.347500000000000364e-02
2.948330000000000117e-01,2.862149999999999972e-01,-1.033400000000000013e-01,-5.904800000000000326e-02,-4.108479999999999910e-01,-1.024999999999999939e-01,-4.108780000000000210e-01,-1.838650000000000007e-01,-4.569920000000000093e-01,2.051010000000000055e-01,-3.281379999999999852e-01,-7.263799999999999424e-02,-8.568699999999999928e-02,-5.552510000000000501e-01,1.000000000000000000e+00,3.040780000000000149e-01,1.650399999999999923e-01,3.002020000000000244e-01,4.870099999999999985e-01,5.621089999999999698e-01,1.783900000000000069e-02,5.282320000000000348e-01,6.734199999999999908e-02,-4.758199999999999930e-02,4.804539999999999922e-01,1.814630000000000132e-01,8.094400000000000484e-01,4.707799999999999763e-01,5.094640000000000279e-01,1.473869999999999902e-01,3.342330000000000023e-01,1.481860000000000122e-01,4.260320000000000218e-01,4.668760000000000132e-01,1.992049999999999932e-01,-4.825860000000000150e-01,-1.846859999999999891e-01,1.490480000000000138e-01,2.136780000000000068e-01,3.298139999999999961e-01,4.830369999999999941e-01,4.397490000000000010e-01,-4.304060000000000108e-01,-2.878859999999999753e-01,-2.076270000000000060e-01,2.068359999999999921e-01,1.249770000000000048e-01,2.088339999999999919e-01,1.126940000000000025e-01,9.185999999999999721e-02,1.926799999999999902e-01,1.156540000000000068e-01,2.638949999999999907e-01,-4.699650000000000216e-01,1.002750000000000030e-01,1.122500000000000060e-02,2.568000000000000144e-02,-1.862979999999999914e-01,-2.783309999999999951e-01,5.777200000000000113e-01,4.244780000000000220e-01,3.162369999999999903e-01,3.724190000000000000e-01,1.186470000000000025e-01,2.875329999999999830e-01,-9.372999999999999388e-03,3.325910000000000255e-01,4.190409999999999968e-01,-6.548299999999999954e-02,4.645659999999999790e-01,1.850269999999999970e-01,5.197370000000000045e-01,5.139080000000000314e-01,2.969080000000000052e-01,2.787180000000000213e-01,1.749010000000000009e-01
4.450509999999999744e-01,5.918269999999999920e-01,-6.451800000000000590e-02,3.776000000000000190e-02,-1.584500000000000075e-01,7.394100000000000672e-02,2.152700000000000100e-02,2.446760000000000046e-01,-2.391149999999999942e-01,2.467169999999999919e-01,4.613400000000000140e-02,4.932999999999999885e-02,1.639950000000000019e-01,5.486999999999999690e-03,3.040780000000000149e-01,1.000000000000000000e+00,4.785090000000000177e-01,7.903040000000000065e-01,3.719080000000000163e-01,1.253779999999999895e-01,2.234470000000000067e-01,2.896779999999999911e-01,2.255300000000000082e-01,5.303399999999999781e-02,5.894949999999999912e-01,5.925350000000000339e-01,1.765819999999999890e-01,2.590729999999999977e-01,2.299110000000000043e-01,1.750019999999999909e-01,5.906390000000000251e-01,4.427639999999999909e-01,3.122759999999999980e-01,3.164469999999999783e-01,-1.214800000000000081e-02,-8.382799999999999974e-02,5.849900000000000239e-02,-9.608899999999999386e-02,4.551370000000000138e-01,4.251229999999999731e-01,2.166049999999999920e-01,4.115300000000000208e-02,7.607700000000000573e-02,1.647760000000000058e-01,-5.331400000000000028e-02,2.469600000000000128e-01,2.636809999999999987e-01,6.458099999999999952e-02,2.388799999999999951e-02,-8.474500000000000088e-02,-1.146299999999999923e-02,9.515400000000000247e-02,2.341580000000000050e-01,-9.808100000000000152e-02,1.389110000000000067e-01,9.764100000000000557e-02,1.406149999999999900e-01,9.478000000000000314e-03,-8.505699999999999372e-02,2.264249999999999874e-01,5.473099999999999632e-01,3.437629999999999852e-01,5.523470000000000324e-01,3.260569999999999857e-01,2.248229999999999951e-01,1.660000000000000017e-03,2.502199999999999980e-01,1.437130000000000074e-01,6.232100000000000140e-02,3.685220000000000162e-01,2.496649999999999980e-01,7.376099999999999324e-02,7.424899999999999556e-02,8.135599999999999776e-02,2.057390000000000052e-01,1.522350000000000092e-01
5.813120000000000509e-01,4.572419999999999818e-01,6.701699999999999324e-02,-5.235400000000000054e-01,1.474389999999999867e-01,5.986999999999999961e-02,3.383280000000000176e-01,1.551690000000000014e-01,-1.139399999999999961e-02,4.154360000000000275e-01,5.276340000000000474e-01,-2.137680000000000136e-01,4.774990000000000068e-01,1.562769999999999992e-01,1.650399999999999923e-01,4.785090000000000177e-01,1.000000000000000000e+00,3.874110000000000054e-01,3.394739999999999980e-01,1.074510000000000048e-01,4.993940000000000046e-01,1.723389999999999922e-01,1.355059999999999876e-01,-2.225989999999999913e-01,5.798680000000000501e-01,4.338230000000000142e-01,6.698900000000000687e-02,3.159660000000000246e-01,7.046800000000000286e-02,3.964349999999999818e-01,5.577769999999999673e-01,7.023500000000000576e-02,4.218740000000000268e-01,3.100089999999999790e-01,-2.815590000000000037e-01,1.561300000000000014e-02,1.693310000000000093e-01,-2.120329999999999993e-01,2.041320000000000079e-01,2.857350000000000168e-01,2.012799999999999867e-01,-2.129689999999999916e-01,5.033900000000000180e-02,2.059070000000000067e-01,-1.115140000000000020e-01,3.864830000000000210e-01,2.592169999999999752e-01,1.164629999999999971e-01,-3.056889999999999885e-01,2.607249999999999845e-01,8.132100000000000439e-02,3.158619999999999761e-01,2.711819999999999786e-01,1.348699999999999899e-01,2.685130000000000017e-01,4.607310000000000016e-01,-1.371779999999999944e-01,3.325670000000000015e-01,-4.655700000000000116e-02,-1.506149999999999989e-01,3.610289999999999888e-01,6.066939999999999555e-01,3.694149999999999934e-01,3.501520000000000188e-01,-1.095689999999999997e-01,3.522170000000000023e-01,2.553499999999999867e-02,2.621979999999999866e-01,-1.753029999999999866e-01,3.721369999999999956e-01,4.080159999999999898e-01,1.126709999999999934e-01,1.364700000000000080e-01,-1.072150000000000047e-01,1.502090000000000092e-01,2.246019999999999961e-01
3.350020000000000220e-01,6.891829999999999901e-01,-1.203970000000000040e-01,-1.332520000000000093e-01,-8.505200000000000260e-02,4.026230000000000087e-01,5.320199999999999929e-02,3.199620000000000242e-01,-2.489919999999999911e-01,2.660680000000000267e-01,-1.158499999999999981e-02,4.135899999999999993e-02,2.819329999999999892e-01,2.244399999999999867e-02,3.002020000000000244e-01,7.903040000000000065e-01,3.874110000000000054e-01,1.000000000000000000e+00,3.135459999999999914e-01,1.215699999999999975e-01,3.230279999999999818e-01,2.900360000000000160e-01,3.581599999999999784e-01,-1.921199999999999991e-02,5.559910000000000130e-01,6.162840000000000540e-01,2.153809999999999891e-01,9.434800000000000131e-02,2.629560000000000231e-01,2.714480000000000226e-01,5.567790000000000239e-01,3.922740000000000116e-01,3.937660000000000049e-01,2.557130000000000236e-01,-1.815170000000000117e-01,5.766000000000000292e-03,5.961199999999999832e-02,-6.586799999999999600e-02,4.457699999999999996e-01,4.823370000000000157e-01,1.371030000000000026e-01,-1.258019999999999972e-01,1.090850000000000014e-01,9.210100000000000231e-02,-4.677900000000000114e-02,1.969120000000000037e-01,5.301599999999999646e-01,2.035800000000000110e-02,-1.646320000000000006e-01,-8.795899999999999552e-02,2.045990000000000031e-01,1.510940000000000061e-01,3.069250000000000034e-01,-1.924160000000000037e-01,1.448170000000000013e-01,5.503000000000000079e-03,1.255000000000000004e-01,5.418599999999999806e-02,-9.350999999999999590e-02,1.937389999999999946e-01,6.061649999999999539e-01,4.699729999999999741e-01,7.277169999999999472e-01,2.723389999999999977e-01,3.536020000000000274e-01,1.361489999999999922e-01,3.615869999999999918e-01,2.821750000000000091e-01,5.403299999999999770e-02,5.075809999999999489e-01,4.054440000000000266e-01,1.662420000000000009e-01,1.535000000000000080e-02,1.570169999999999899e-01,2.138940000000000008e-01,9.374300000000000688e-02
3.970049999999999968e-01,2.081189999999999984e-01,4.124030000000000196e-01,-7.835599999999999510e-02,-2.724050000000000082e-01,6.758999999999999730e-02,-2.720400000000000040e-01,2.698639999999999928e-01,-1.764699999999999880e-01,5.418300000000000199e-02,-2.737999999999999982e-03,-1.747999999999999988e-03,-7.274899999999999423e-02,-2.714489999999999958e-01,4.870099999999999985e-01,3.719080000000000163e-01,3.394739999999999980e-01,3.135459999999999914e-01,1.000000000000000000e+00,2.200390000000000124e-01,1.746520000000000017e-01,2.366499999999999992e-01,3.301810000000000023e-01,6.442499999999999616e-02,3.039859999999999784e-01,4.449529999999999874e-01,4.403469999999999884e-01,2.034509999999999930e-01,1.270880000000000065e-01,-3.837800000000000239e-02,1.788019999999999887e-01,3.548870000000000080e-01,1.452199999999999880e-01,2.925639999999999907e-01,2.084570000000000034e-01,-2.530459999999999932e-01,-1.201720000000000010e-01,-8.339100000000000679e-02,3.370380000000000043e-01,1.878279999999999950e-01,3.359929999999999861e-01,3.029999999999999916e-01,-1.205490000000000034e-01,-1.676239999999999952e-01,-1.973580000000000056e-01,1.707789999999999864e-01,1.892290000000000083e-01,5.579319999999999835e-01,1.490450000000000108e-01,-1.763490000000000058e-01,2.805549999999999988e-01,2.453500000000000125e-01,4.881940000000000168e-01,-6.621299999999999408e-02,1.018150000000000027e-01,2.778780000000000139e-01,2.962499999999999856e-02,3.917199999999999849e-02,-2.892319999999999891e-01,1.688500000000000001e-01,3.356250000000000067e-01,3.519570000000000198e-01,3.609939999999999816e-01,7.922430000000000305e-01,8.376599999999999324e-02,-2.597999999999999962e-02,1.150189999999999962e-01,3.922189999999999843e-01,2.896999999999999836e-03,3.516710000000000114e-01,3.456940000000000013e-01,2.224119999999999986e-01,2.483200000000000129e-01,3.879200000000000009e-02,5.976399999999999768e-02,-3.048100000000000115e-02
2.827049999999999841e-01,1.508879999999999943e-01,-8.726100000000000523e-02,-3.292700000000000071e-01,7.670999999999999867e-03,-7.864599999999999369e-02,-1.261699999999999974e-02,-3.526270000000000238e-01,-1.056949999999999973e-01,1.983749999999999958e-01,-3.364999999999999936e-03,1.173999999999999913e-03,1.141830000000000067e-01,-4.660989999999999855e-01,5.621089999999999698e-01,1.253779999999999895e-01,1.074510000000000048e-01,1.215699999999999975e-01,2.200390000000000124e-01,1.000000000000000000e+00,1.097790000000000016e-01,9.050989999999999869e-01,-1.372909999999999964e-01,-1.159860000000000058e-01,3.618089999999999917e-01,6.893900000000000028e-02,6.881080000000000529e-01,3.030260000000000176e-01,7.223699999999999566e-01,2.908370000000000122e-01,4.090389999999999859e-01,5.720299999999999691e-02,2.304239999999999899e-01,3.390529999999999933e-01,-6.240899999999999920e-02,-1.545050000000000034e-01,7.878200000000000480e-02,3.179999999999999776e-04,-3.649100000000000260e-02,1.943189999999999917e-01,1.985520000000000063e-01,-8.703999999999999931e-03,-1.527709999999999901e-01,2.687499999999999958e-02,-3.662300000000000277e-02,3.080479999999999885e-01,-1.477900000000000047e-02,1.110749999999999932e-01,-1.167669999999999958e-01,3.713640000000000274e-01,1.241209999999999952e-01,7.106800000000000617e-02,-1.089230000000000059e-01,-1.154700000000000032e-01,1.149359999999999965e-01,2.768909999999999982e-01,3.935600000000000209e-02,1.803799999999999848e-02,-3.871539999999999981e-01,2.042090000000000016e-01,2.412799999999999945e-01,2.293749999999999956e-01,2.525959999999999872e-01,1.127900000000000083e-02,5.353430000000000133e-01,1.828450000000000075e-01,6.209839999999999804e-01,7.167500000000000260e-02,-4.406500000000000000e-02,3.822189999999999754e-01,8.634500000000000508e-02,4.547789999999999888e-01,2.650480000000000058e-01,5.495130000000000292e-01,2.911299999999999999e-01,2.369489999999999930e-01
