1.000000000000000000e+00,1.077789999999999998e-01,5.984399999999999720e-01,4.333000000000000046e-03,2.105339999999999989e-01,-7.993000000000000105e-03,2.356939999999999868e-01,-2.692620000000000013e-01,2.196210000000000107e-01,3.261080000000000090e-01,2.662019999999999942e-01,-2.825230000000000241e-01,2.210590000000000055e-01,-2.122650000000000092e-01,4.838569999999999816e-01,4.944430000000000214e-01,3.253530000000000033e-01,3.004499999999999948e-01,3.926319999999999810e-01,5.593569999999999931e-01,6.809260000000000312e-01,6.884850000000000136e-01,2.370140000000000025e-01,1.353229999999999988e-01,5.279220000000000024e-01,2.747169999999999890e-01,4.908310000000000173e-01,4.421300000000000230e-01,6.358679999999999888e-01,6.517439999999999900e-01,7.654469999999999885e-01,3.303659999999999930e-01,3.251519999999999966e-01,6.943639999999999812e-01,2.469590000000000118e-01,-2.177479999999999971e-01,7.324899999999999467e-02,3.808999999999999886e-02,2.955309999999999881e-01,2.300030000000000130e-01,4.977219999999999978e-01,-2.429870000000000085e-01,-2.923740000000000228e-01,-1.683260000000000034e-01,-1.072900000000000069e-02,8.286970000000000169e-01,2.468299999999999939e-01,4.840920000000000223e-01,-3.099999999999999999e-04,-8.683799999999999852e-02,2.256690000000000085e-01,-5.894400000000000334e-02,-2.718709999999999738e-01,1.250650000000000095e-01,1.196999999999999974e-02,1.296470000000000122e-01,-2.664369999999999794e-01,4.433600000000000041e-02,-2.001370000000000093e-01,6.326720000000000121e-01,6.008740000000000192e-01,6.235700000000000270e-02,2.931779999999999942e-01,5.228819999999999579e-01,6.079179999999999584e-01,5.546579999999999844e-01,5.105300000000000393e-01,3.913189999999999724e-01,2.691100000000000089e-02,3.252079999999999971e-01,4.751810000000000200e-01,6.855850000000000000e-01,7.125599999999999989e-02,6.189470000000000249e-01,6.698840000000000350e-01,7.563199999999999923e-01
1.077789999999999998e-01,1.000000000000000000e+00,1.631640000000000035e-01,-5.250230000000000175e-01,-1.869820000000000093e-01,6.790199999999999569e-01,-1.691310000000000036e-01,4.321070000000000189e-01,6.897000000000000353e-03,1.606090000000000018e-01,-1.857290000000000052e-01,6.086899999999999950e-02,2.167560000000000042e-01,-3.739999999999999835e-03,4.204510000000000192e-01,4.080210000000000226e-01,4.727569999999999828e-01,2.873100000000000098e-01,1.608700000000000130e-01,5.594789999999999486e-01,7.175099999999999534e-02,3.831240000000000201e-01,3.735829999999999984e-01,3.968320000000000181e-01,3.897939999999999738e-01,7.591050000000000297e-01,6.976139999999999564e-01,8.035000000000000475e-03,5.319559999999999844e-01,3.933559999999999834e-01,7.604800000000000448e-02,1.860709999999999864e-01,4.147429999999999728e-01,1.583289999999999975e-01,-3.408660000000000023e-01,3.717019999999999769e-01,-4.208599999999999841e-02,-5.378889999999999505e-01,3.683790000000000120e-01,4.357400000000000162e-02,-1.216109999999999969e-01,1.232509999999999994e-01,-4.675349999999999784e-01,-5.209669999999999579e-01,3.139100000000000223e-02,-3.757499999999999729e-02,2.397859999999999991e-01,1.768440000000000012e-01,3.555780000000000052e-01,-3.496770000000000156e-01,3.589519999999999933e-01,-2.857239999999999780e-01,3.161300000000000221e-01,-1.887850000000000084e-01,-3.283240000000000047e-01,-1.586509999999999865e-01,2.385349999999999970e-01,-2.644889999999999741e-01,1.823879999999999946e-01,1.263519999999999921e-01,5.960200000000000220e-02,-1.278189999999999882e-01,-4.167499999999999677e-02,7.054900000000000060e-02,1.148639999999999939e-01,-1.509929999999999883e-01,-1.136869999999999964e-01,3.693620000000000236e-01,1.048589999999999939e-01,4.497400000000000009e-02,4.479110000000000036e-01,3.780749999999999944e-01,-3.499970000000000026e-01,-1.556700000000000028e-01,-6.859999999999999779e-03,-8.861700000000000133e-02
5.984399999999999720e-01,1.631640000000000035e-01,1.000000000000000000e+00,9.068199999999999872e-02,4.865800000000000125e-01,2.534609999999999919e-01,5.028040000000000287e-01,-2.321590000000000042e-01,5.965089999999999559e-01,4.145760000000000001e-01,4.660819999999999963e-01,5.658400000000000235e-02,5.031440000000000357e-01,1.098959999999999937e-01,2.477949999999999875e-01,2.372829999999999939e-01,1.396930000000000116e-01,3.682340000000000058e-01,7.754499999999999726e-01,3.398999999999999799e-01,4.887520000000000198e-01,6.431099999999999595e-01,3.596900000000000097e-01,8.043000000000000149e-02,5.902220000000000244e-01,3.531119999999999814e-01,4.122560000000000113e-01,4.682390000000000163e-01,4.227190000000000114e-01,3.108650000000000024e-01,4.691259999999999875e-01,2.294460000000000111e-01,4.512900000000000245e-01,5.503740000000000299e-01,3.527330000000000187e-01,-3.721920000000000228e-01,3.486409999999999787e-01,-2.008300000000000016e-02,2.274329999999999963e-01,3.659029999999999783e-01,3.099709999999999965e-01,-4.740070000000000117e-01,-2.094209999999999960e-01,-5.287700000000000039e-02,-2.718880000000000186e-01,5.436819999999999986e-01,3.995400000000000063e-01,7.502360000000000140e-01,-2.056399999999999895e-01,5.105599999999999722e-02,4.691719999999999779e-01,-9.282999999999999585e-03,-3.011490000000000000e-01,3.945899999999999963e-01,8.090999999999999234e-03,1.723669999999999924e-01,-1.039900000000000026e-02,9.451900000000000579e-02,-2.589690000000000047e-01,3.838790000000000258e-01,4.890680000000000027e-01,3.170100000000000001e-02,2.837770000000000015e-01,7.069550000000000001e-01,6.253279999999999950e-01,3.321250000000000036e-01,5.772479999999999833e-01,4.010859999999999981e-01,-2.055879999999999930e-01,3.722790000000000266e-01,3.987780000000000213e-01,5.637469999999999981e-01,9.358400000000000052e-02,4.867819999999999925e-01,5.700469999999999704e-01,4.638360000000000261e-01
4.333000000000000046e-03,-5.250230000000000175e-01,9.068199999999999872e-02,1.000000000000000000e+00,6.474900000000000100e-01,-6.497600000000000597e-02,6.429200000000000470e-01,-5.285119999999999818e-01,4.285729999999999817e-01,4.489759999999999862e-01,2.682709999999999817e-01,2.341930000000000123e-01,2.831569999999999920e-01,1.024130000000000040e-01,-4.032149999999999901e-01,-2.233590000000000020e-01,-3.567800000000000138e-02,2.531320000000000237e-01,1.492159999999999875e-01,-4.726469999999999838e-01,3.805220000000000269e-01,-8.564000000000000432e-03,-1.898839999999999972e-01,-2.854189999999999783e-01,2.071159999999999946e-01,-1.568380000000000052e-01,-5.527830000000000243e-01,4.047239999999999727e-01,-1.512459999999999916e-01,-3.346020000000000105e-01,2.583139999999999881e-01,-5.908000000000000057e-03,8.742300000000000071e-02,2.519799999999999818e-01,6.071480000000000210e-01,-5.789530000000000509e-01,5.527060000000000306e-01,4.561769999999999992e-01,-3.382689999999999864e-01,1.411489999999999967e-01,3.025289999999999924e-01,-5.015669999999999851e-01,5.144509999999999916e-01,6.045310000000000406e-01,-3.704500000000000015e-01,1.947780000000000067e-01,2.163239999999999885e-01,-2.277420000000000000e-01,-5.936940000000000550e-01,4.702000000000000068e-01,1.416270000000000029e-01,4.094670000000000254e-01,-4.954049999999999843e-01,4.169039999999999968e-01,4.437309999999999865e-01,4.935900000000000010e-02,-2.241640000000000021e-01,4.705190000000000206e-01,-5.923509999999999609e-01,-8.029000000000000026e-02,2.433109999999999995e-01,3.972559999999999980e-01,3.761240000000000139e-01,1.250799999999999967e-01,2.119939999999999880e-01,4.136099999999999777e-01,3.927809999999999913e-01,-3.457370000000000165e-01,-3.938820000000000099e-01,3.480770000000000253e-01,-4.651399999999999979e-02,-2.286789999999999934e-01,5.081059999999999466e-01,3.953439999999999732e-01,2.901560000000000250e-01,2.807520000000000016e-01
2.105339999999999989e-01,-1.869820000000000093e-01,4.865800000000000125e-01,6.474900000000000100e-01,1.000000000000000000e+00,2.406000000000000083e-01,9.702100000000000168e-01,-3.305520000000000125e-01,8.941170000000000506e-01,7.407380000000000075e-01,6.426119999999999610e-01,4.160119999999999929e-01,7.377669999999999506e-01,3.449459999999999749e-01,-3.781209999999999849e-01,-2.237530000000000074e-01,-6.118900000000000033e-02,4.584219999999999962e-01,5.669920000000000515e-01,-2.034749999999999892e-01,6.123089999999999922e-01,3.164520000000000111e-01,3.298889999999999878e-01,-1.395200000000000051e-01,6.355779999999999763e-01,2.377960000000000074e-01,-1.831790000000000085e-01,6.380169999999999453e-01,6.006700000000000234e-02,-2.437539999999999984e-01,3.351210000000000022e-01,2.204079999999999928e-01,5.198669999999999680e-01,3.406719999999999748e-01,5.223189999999999777e-01,-8.147119999999999918e-01,6.792890000000000317e-01,3.453849999999999976e-01,-2.157940000000000136e-01,5.711870000000000003e-01,3.005979999999999763e-01,-8.708979999999999499e-01,5.011590000000000211e-01,6.102629999999999999e-01,-6.267430000000000501e-01,3.760249999999999981e-01,5.768389999999999906e-01,7.147799999999999987e-02,-7.503739999999999855e-01,6.295589999999999797e-01,5.678560000000000274e-01,4.618010000000000170e-01,-4.223040000000000127e-01,7.437380000000000102e-01,4.946380000000000221e-01,3.568839999999999790e-01,-6.054400000000000059e-02,5.601030000000000175e-01,-5.120409999999999684e-01,-1.534699999999999953e-02,4.112990000000000257e-01,3.921069999999999833e-01,5.238439999999999763e-01,3.972029999999999728e-01,5.633709999999999551e-01,5.701490000000000169e-01,6.679169999999999829e-01,1.227020000000000055e-01,-4.260680000000000023e-01,5.771260000000000279e-01,3.342350000000000043e-01,1.989269999999999927e-01,5.477239999999999887e-01,6.230099999999999527e-01,4.978989999999999805e-01,3.656050000000000133e-01
-7.993000000000000105e-03,6.790199999999999569e-01,2.534609999999999919e-01,-6.497600000000000597e-02,2.406000000000000083e-01,1.000000000000000000e+00,2.488839999999999941e-01,4.204180000000000139e-01,3.516900000000000026e-01,4.269270000000000009e-01,9.793499999999999428e-02,3.005470000000000086e-01,5.909820000000000073e-01,3.570720000000000005e-01,2.386099999999999888e-01,1.429500000000000041e-02,2.702539999999999942e-01,3.236439999999999872e-01,2.837029999999999830e-01,3.096679999999999988e-01,3.181649999999999756e-01,3.176999999999999824e-01,5.128049999999999553e-01,3.246600000000000041e-01,4.476029999999999731e-01,7.094519999999999715e-01,3.602310000000000234e-01,3.495960000000000178e-01,4.433790000000000231e-01,9.583300000000000152e-02,-1.480899999999999925e-02,3.127340000000000120e-01,5.158810000000000340e-01,1.784239999999999993e-01,1.387490000000000112e-01,8.280800000000000660e-02,3.755680000000000129e-01,-3.917539999999999911e-01,3.873929999999999874e-01,8.462500000000000577e-02,-2.034160000000000135e-01,-1.336610000000000020e-01,-3.421219999999999817e-01,-3.227419999999999733e-01,-4.302779999999999938e-01,-1.333260000000000001e-01,2.736660000000000204e-01,-1.927600000000000147e-02,1.608950000000000102e-01,-2.352519999999999889e-01,5.628849999999999687e-01,-3.088960000000000039e-01,3.514579999999999926e-01,-3.149099999999999816e-02,-3.222320000000000184e-01,-2.800309999999999744e-01,2.302379999999999982e-01,-2.160489999999999911e-01,1.087510000000000004e-01,3.176299999999999957e-02,5.383500000000000091e-02,-1.245679999999999982e-01,3.209100000000000147e-02,4.234299999999999869e-02,2.067289999999999961e-01,-1.985999999999999918e-02,3.151799999999999741e-02,3.830009999999999803e-01,-1.625070000000000126e-01,6.356900000000000051e-02,4.031489999999999796e-01,2.549799999999999844e-01,-2.906929999999999792e-01,-1.260110000000000119e-01,-1.776900000000000007e-02,-2.016880000000000062e-01
2.356939999999999868e-01,-1.691310000000000036e-01,5.028040000000000287e-01,6.429200000000000470e-01,9.702100000000000168e-01,2.488839999999999941e-01,1.000000000000000000e+00,-3.439699999999999980e-01,8.544979999999999798e-01,7.664879999999999471e-01,5.713549999999999462e-01,4.207170000000000076e-01,7.638289999999999802e-01,3.370380000000000043e-01,-3.775370000000000115e-01,-1.926470000000000127e-01,-5.759299999999999836e-02,5.078279999999999461e-01,5.680239999999999734e-01,-2.050410000000000010e-01,6.363060000000000382e-01,3.061260000000000092e-01,3.232369999999999965e-01,-1.010149999999999937e-01,6.995989999999999709e-01,2.655129999999999990e-01,-1.933539999999999981e-01,6.457939999999999792e-01,9.832899999999999974e-02,-2.113329999999999931e-01,3.521819999999999951e-01,2.416010000000000102e-01,5.346910000000000274e-01,3.714640000000000164e-01,5.607839999999999492e-01,-8.508599999999999497e-01,6.650099999999999900e-01,3.390340000000000020e-01,-2.148960000000000037e-01,5.485029999999999628e-01,2.819599999999999884e-01,-8.648280000000000411e-01,4.693769999999999887e-01,5.714489999999999847e-01,-6.105949999999999989e-01,4.097560000000000091e-01,5.555729999999999835e-01,5.303399999999999781e-02,-7.180309999999999748e-01,5.650760000000000227e-01,5.340639999999999832e-01,4.188520000000000021e-01,-4.241550000000000042e-01,6.690249999999999808e-01,4.779640000000000000e-01,2.911710000000000131e-01,-7.332199999999999829e-02,5.217829999999999968e-01,-5.326410000000000311e-01,-5.820499999999999979e-02,4.141130000000000089e-01,3.938900000000000179e-01,5.260810000000000208e-01,4.149019999999999930e-01,5.383029999999999760e-01,5.721709999999999852e-01,6.300759999999999694e-01,1.290199999999999958e-01,-4.146500000000000186e-01,5.913260000000000183e-01,3.397999999999999909e-01,1.716209999999999958e-01,5.234600000000000364e-01,6.075120000000000520e-01,5.402959999999999985e-01,3.753799999999999915e-01
-2.692620000000000013e-01,4.321070000000000189e-01,-2.321590000000000042e-01,-5.285119999999999818e-01,-3.305520000000000125e-01,4.204180000000000139e-01,-3.439699999999999980e-01,1.000000000000000000e+00,-2.825860000000000039e-01,-1.272949999999999915e-01,-2.391100000000000170e-02,3.832679999999999976e-01,-2.266500000000000112e-02,2.686359999999999859e-01,1.456349999999999867e-01,-2.532260000000000066e-01,-2.772600000000000064e-02,-3.328090000000000215e-01,-1.568489999999999884e-01,1.406749999999999945e-01,-1.622560000000000113e-01,-2.427189999999999903e-01,5.584369999999999612e-01,6.421750000000000513e-01,-2.634949999999999792e-01,2.861670000000000047e-01,1.543249999999999900e-01,-2.699599999999999778e-01,-6.343000000000000027e-02,-4.711499999999999716e-02,-5.598729999999999540e-01,-1.152099999999999999e-02,1.524210000000000009e-01,-3.797909999999999897e-01,-3.314799999999999969e-01,4.595799999999999885e-01,-2.922600000000000198e-01,-1.911309999999999953e-01,2.429000000000000048e-01,3.921800000000000286e-02,-4.473360000000000114e-01,3.546670000000000100e-01,-2.833280000000000243e-01,-3.946149999999999936e-01,1.232840000000000047e-01,-3.192579999999999862e-01,-8.326100000000000168e-02,-1.249780000000000058e-01,3.661460000000000270e-01,-2.793359999999999732e-01,1.064549999999999941e-01,-3.425839999999999996e-01,9.050049999999999484e-01,-3.387270000000000003e-01,-3.139730000000000021e-01,-7.140000000000000513e-02,6.241780000000000106e-01,-3.208710000000000173e-01,5.426999999999999602e-01,-1.154280000000000028e-01,-5.194539999999999713e-01,-3.449999999999999734e-01,-4.072950000000000181e-01,-2.919289999999999941e-01,-2.574049999999999949e-01,-2.121669999999999945e-01,-4.011430000000000273e-01,4.766859999999999986e-01,5.637429999999999941e-01,-3.885850000000000137e-01,1.072570000000000051e-01,-9.170799999999999785e-02,-4.149289999999999923e-01,-5.298110000000000319e-01,-4.352210000000000245e-01,-5.854740000000000499e-01
2.196210000000000107e-01,6.897000000000000353e-03,5.965089999999999559e-01,4.285729999999999817e-01,8.941170000000000506e-01,3.516900000000000026e-01,8.544979999999999798e-01,-2.825860000000000039e-01,1.000000000000000000e+00,6.784799999999999720e-01,6.377000000000000446e-01,2.758030000000000204e-01,7.488190000000000124e-01,3.188480000000000203e-01,-2.104979999999999907e-01,-1.271130000000000038e-01,2.884300000000000058e-02,4.612100000000000088e-01,7.036829999999999474e-01,1.874299999999999924e-02,4.947360000000000091e-01,4.712020000000000097e-01,3.479909999999999948e-01,-1.759350000000000080e-01,6.597319999999999851e-01,3.575809999999999822e-01,5.055799999999999877e-02,6.240170000000000439e-01,1.848990000000000078e-01,-1.211909999999999932e-01,3.220430000000000237e-01,2.598179999999999934e-01,5.067059999999999897e-01,3.251539999999999986e-01,3.894279999999999964e-01,-6.691019999999999746e-01,6.217310000000000336e-01,1.222260000000000013e-01,-2.903199999999999878e-02,4.768260000000000276e-01,1.865839999999999999e-01,-8.428870000000000529e-01,3.151430000000000065e-01,4.255419999999999758e-01,-5.982800000000000340e-01,3.224879999999999969e-01,5.677799999999999514e-01,2.432749999999999913e-01,-6.230850000000000000e-01,5.266129999999999978e-01,6.336629999999999763e-01,3.514539999999999886e-01,-3.933269999999999822e-01,7.726600000000000135e-01,3.277450000000000085e-01,3.781749999999999834e-01,-5.099000000000000060e-02,4.219959999999999822e-01,-4.227719999999999811e-01,6.274399999999999422e-02,4.365640000000000076e-01,2.681220000000000270e-01,4.742850000000000121e-01,4.749680000000000013e-01,5.902589999999999781e-01,3.976379999999999915e-01,6.298920000000000075e-01,2.025679999999999981e-01,-4.869789999999999952e-01,5.470190000000000330e-01,3.960850000000000204e-01,3.485190000000000232e-01,4.071830000000000171e-01,5.549939999999999873e-01,4.308520000000000127e-01,3.204239999999999866e-01
3.261080000000000090e-01,1.606090000000000018e-01,4.145760000000000001e-01,4.489759999999999862e-01,7.407380000000000075e-01,4.269270000000000009e-01,7.664879999999999471e-01,-1.272949999999999915e-01,6.784799999999999720e-01,1.000000000000000000e+00,4.276969999999999938e-01,4.241730000000000222e-01,7.945269999999999833e-01,3.688069999999999959e-01,-8.305600000000000482e-02,8.233699999999999353e-02,3.428590000000000249e-01,6.777210000000000178e-01,5.636349999999999971e-01,5.973200000000000037e-02,6.494680000000000453e-01,4.150400000000000200e-01,3.076789999999999803e-01,8.054799999999999460e-02,7.256629999999999470e-01,5.615879999999999761e-01,8.765900000000000081e-02,7.247540000000000093e-01,3.241120000000000112e-01,-3.522100000000000231e-02,4.460749999999999993e-01,3.121039999999999925e-01,6.496319999999999872e-01,4.553380000000000205e-01,4.207389999999999741e-01,-5.975209999999999688e-01,5.729389999999999761e-01,2.483789999999999887e-01,-3.551200000000000190e-02,4.609820000000000029e-01,2.739050000000000096e-01,-6.677370000000000250e-01,2.540859999999999785e-01,3.239409999999999790e-01,-4.024530000000000052e-01,3.563899999999999846e-01,4.619360000000000133e-01,3.574399999999999800e-02,-4.346309999999999896e-01,3.506070000000000020e-01,5.383539999999999992e-01,2.404530000000000001e-01,-2.340659999999999963e-01,5.081059999999999466e-01,3.672860000000000014e-01,1.985290000000000110e-01,8.074900000000000133e-02,3.705890000000000017e-01,-3.768239999999999923e-01,1.218670000000000031e-01,4.171790000000000220e-01,3.483930000000000082e-01,5.096910000000000052e-01,3.837420000000000275e-01,5.752570000000000183e-01,4.337659999999999849e-01,5.425520000000000342e-01,1.476929999999999910e-01,-3.202840000000000131e-01,4.572800000000000198e-01,4.325749999999999873e-01,3.592049999999999965e-01,3.549910000000000010e-01,4.957090000000000107e-01,4.684220000000000050e-01,3.927089999999999748e-01
2.662019999999999942e-01,-1.857290000000000052e-01,4.660819999999999963e-01,2.682709999999999817e-01,6.426119999999999610e-01,9.793499999999999428e-02,5.713549999999999462e-01,-2.391100000000000170e-02,6.377000000000000446e-01,4.276969999999999938e-01,1.000000000000000000e+00,1.346150000000000124e-01,3.994030000000000080e-01,2.613389999999999880e-01,2.375499999999999834e-02,-1.213349999999999984e-01,-9.782899999999999929e-02,9.985800000000000232e-02,6.131809999999999761e-01,-1.516799999999999919e-02,4.053820000000000201e-01,2.516729999999999801e-01,3.961120000000000196e-01,-5.229299999999999921e-02,2.816569999999999907e-01,8.715299999999999436e-02,4.265100000000000141e-02,3.730390000000000095e-01,1.284460000000000046e-01,-4.877900000000000291e-02,1.449360000000000093e-01,2.275820000000000065e-01,2.326779999999999959e-01,6.832199999999999385e-02,3.141479999999999828e-01,-4.345229999999999926e-01,3.662719999999999865e-01,2.241329999999999989e-01,7.713699999999999724e-02,2.938910000000000133e-01,2.788900000000000060e-02,-5.111010000000000275e-01,1.419060000000000044e-01,2.169969999999999954e-01,-2.958200000000000274e-01,2.240469999999999962e-01,3.015209999999999835e-01,3.200770000000000004e-01,-3.787940000000000196e-01,3.747770000000000268e-01,3.652529999999999943e-01,2.058780000000000054e-01,-2.722099999999999867e-02,5.042440000000000255e-01,1.815599999999999992e-01,5.985930000000000417e-01,1.107049999999999979e-01,2.111210000000000031e-01,-9.987500000000000544e-02,2.419689999999999896e-01,2.824369999999999936e-01,3.386700000000000127e-02,2.395299999999999929e-01,4.499529999999999919e-01,4.674869999999999859e-01,3.651280000000000081e-01,4.784709999999999797e-01,4.290900000000000269e-01,-1.922389999999999932e-01,2.007369999999999988e-01,2.031260000000000010e-01,4.106859999999999955e-01,1.696749999999999925e-01,3.786649999999999738e-01,2.335619999999999918e-01,2.357519999999999893e-01
-2.825230000000000241e-01,6.086899999999999950e-02,5.658400000000000235e-02,2.341930000000000123e-01,4.160119999999999929e-01,3.005470000000000086e-01,4.207170000000000076e-01,3.832679999999999976e-01,2.758030000000000204e-01,4.241730000000000222e-01,1.346150000000000124e-01,1.000000000000000000e+00,4.257770000000000166e-01,5.232599999999999474e-01,-4.129940000000000278e-01,-4.580919999999999992e-01,-1.546500000000000097e-01,1.213489999999999985e-01,1.932659999999999934e-01,-3.477120000000000211e-01,1.389509999999999912e-01,-1.902669999999999917e-01,4.368210000000000148e-01,4.330590000000000273e-01,1.191330000000000028e-01,2.503119999999999790e-01,-3.264880000000000004e-01,1.188270000000000021e-01,-3.448260000000000214e-01,-4.583010000000000139e-01,-2.709150000000000169e-01,-1.699710000000000110e-01,4.265760000000000107e-01,-8.470700000000000451e-02,7.196400000000000019e-02,-3.607569999999999943e-01,1.848349999999999993e-01,4.060239999999999960e-01,-3.774950000000000250e-01,5.274539999999999784e-01,2.880699999999999927e-02,-3.153770000000000184e-01,4.764619999999999966e-01,4.386479999999999824e-01,-2.041040000000000076e-01,-1.390100000000000016e-02,3.780240000000000267e-01,-1.594049999999999911e-01,-4.395350000000000090e-01,4.531660000000000132e-01,3.832019999999999871e-01,3.375059999999999727e-01,2.445340000000000014e-01,3.494410000000000016e-01,4.700799999999999979e-01,1.903360000000000052e-01,6.560179999999999900e-01,4.125309999999999810e-01,-1.019300000000000067e-01,-2.736239999999999783e-01,-2.664099999999999802e-01,3.386520000000000086e-01,8.324399999999999855e-02,3.234700000000000075e-02,2.358100000000000127e-02,2.026729999999999920e-01,1.237100000000000005e-01,1.350729999999999986e-01,2.446389999999999953e-01,1.788440000000000030e-01,1.740730000000000055e-01,-3.022540000000000227e-01,3.785780000000000256e-01,9.131000000000000227e-03,2.453999999999999931e-02,-2.406040000000000123e-01
2.210590000000000055e-01,2.167560000000000042e-01,5.031440000000000357e-01,2.831569999999999920e-01,7.377669999999999506e-01,5.909820000000000073e-01,7.638289999999999802e-01,-2.266500000000000112e-02,7.488190000000000124e-01,7.945269999999999833e-01,3.994030000000000080e-01,4.257770000000000166e-01,1.000000000000000000e+00,4.680940000000000101e-01,-8.406099999999999683e-02,-9.339899999999999591e-02,1.120639999999999969e-01,5.728229999999999711e-01,5.683040000000000314e-01,1.178980000000000028e-01,5.622679999999999900e-01,4.071759999999999824e-01,4.014079999999999870e-01,1.683820000000000039e-01,7.031169999999999920e-01,5.654700000000000282e-01,3.676700000000000107e-02,7.913909999999999556e-01,3.450059999999999794e-01,-5.278100000000000153e-02,2.644810000000000216e-01,3.252749999999999808e-01,6.460219999999999851e-01,3.807969999999999966e-01,4.341510000000000091e-01,-5.757660000000000000e-01,5.012170000000000236e-01,8.863899999999999557e-02,2.496100000000000055e-02,4.636739999999999751e-01,1.259329999999999894e-01,-5.810110000000000552e-01,1.036409999999999970e-01,2.304690000000000072e-01,-6.431499999999999995e-01,2.111760000000000026e-01,4.524409999999999821e-01,9.507799999999999585e-02,-3.347689999999999833e-01,2.077189999999999870e-01,6.022469999999999768e-01,2.435700000000000018e-02,-1.054439999999999961e-01,4.366340000000000221e-01,1.504169999999999952e-01,1.093459999999999988e-01,4.115100000000000008e-02,2.310300000000000131e-01,-2.598480000000000234e-01,1.701799999999999841e-02,2.633929999999999882e-01,2.032529999999999892e-01,3.483780000000000210e-01,2.984669999999999823e-01,4.935930000000000040e-01,3.187690000000000246e-01,4.414409999999999723e-01,2.109640000000000126e-01,-2.637789999999999857e-01,3.453809999999999936e-01,4.747040000000000148e-01,2.658079999999999887e-01,2.226980000000000071e-01,3.690339999999999732e-01,3.384360000000000146e-01,1.763450000000000017e-01
-2.122650000000000092e-01,-3.739999999999999835e-03,1.098959999999999937e-01,1.024130000000000040e-01,3.449459999999999749e-01,3.570720000000000005e-01,3.370380000000000043e-01,2.686359999999999859e-01,3.188480000000000203e-01,3.688069999999999959e-01,2.613389999999999880e-01,5.232599999999999474e-01,4.680940000000000101e-01,1.000000000000000000e+00,-7.965800000000000658e-02,-3.366480000000000028e-01,-1.524590000000000112e-01,1.306819999999999926e-01,3.467999999999999972e-01,-1.686680000000000124e-01,8.344100000000000128e-02,-4.992300000000000210e-02,3.357570000000000277e-01,6.539499999999999480e-02,8.703099999999999725e-02,1.847959999999999881e-01,-1.737350000000000005e-01,2.959669999999999801e-01,-1.468460000000000043e-01,-2.645560000000000134e-01,-1.706280000000000019e-01,1.671320000000000028e-01,2.414650000000000130e-01,-9.919799999999999451e-02,9.288899999999999935e-02,-1.966430000000000122e-01,2.816859999999999919e-01,1.631819999999999937e-01,5.571700000000000264e-02,1.523160000000000069e-01,-1.063399999999999936e-02,-2.853660000000000085e-01,2.189309999999999867e-01,2.144749999999999990e-01,-2.449860000000000093e-01,-1.425639999999999963e-01,1.163740000000000052e-01,-3.563399999999999901e-02,-2.176510000000000111e-01,2.481319999999999915e-01,3.203119999999999856e-01,1.028560000000000030e-01,2.518090000000000050e-01,2.701379999999999892e-01,1.345069999999999877e-01,1.834429999999999950e-01,4.402289999999999814e-01,1.674190000000000123e-01,3.118670000000000053e-01,-6.670800000000000340e-02,-4.113499999999999795e-02,1.265729999999999911e-01,1.713560000000000083e-01,2.189109999999999945e-01,9.748300000000000021e-02,-3.794000000000000150e-02,1.541899999999999937e-01,1.763000000000000123e-01,-2.048619999999999886e-01,4.827300000000000341e-02,7.642899999999999694e-02,-2.032600000000000032e-02,1.193420000000000036e-01,-4.696700000000000180e-02,3.704999999999999960e-03,-1.236880000000000063e-01
4.838569999999999816e-01,4.204510000000000192e-01,2.477949999999999875e-01,-4.032149999999999901e-01,-3.781209999999999849e-01,2.386099999999999888e-01,-3.775370000000000115e-01,1.456349999999999867e-01,-2.104979999999999907e-01,-8.305600000000000482e-02,2.375499999999999834e-02,-4.129940000000000278e-01,-8.406099999999999683e-02,-7.965800000000000658e-02,1.000000000000000000e+00,4.587200000000000166e-01,3.993909999999999960e-01,4.157299999999999884e-02,1.229849999999999971e-01,6.826100000000000501e-01,1.612790000000000057e-01,4.800659999999999927e-01,7.675800000000000678e-02,1.391179999999999917e-01,8.628000000000000252e-03,3.128369999999999762e-01,6.312919999999999643e-01,1.224839999999999957e-01,5.424259999999999637e-01,7.049039999999999750e-01,2.700520000000000143e-01,2.182779999999999998e-01,-5.622800000000000020e-02,2.685770000000000102e-01,-1.076799999999999979e-01,4.854530000000000234e-01,-1.450410000000000033e-01,-4.324859999999999816e-01,5.277870000000000061e-01,-3.408200000000000118e-01,-5.140000000000000254e-04,3.359199999999999964e-01,-7.285819999999999519e-01,-6.915559999999999485e-01,2.532420000000000226e-01,1.127169999999999978e-01,-1.935089999999999866e-01,3.327129999999999810e-01,5.829499999999999682e-01,-5.446079999999999810e-01,6.784600000000000353e-02,-4.919930000000000136e-01,2.207729999999999970e-01,-3.508390000000000120e-01,-5.184910000000000352e-01,-1.861059999999999937e-01,1.270899999999999981e-02,-4.613700000000000023e-01,3.739790000000000059e-01,7.477279999999999482e-01,1.534149999999999958e-01,-3.624220000000000219e-01,-1.721300000000000052e-01,1.888100000000000056e-01,1.912439999999999973e-01,-9.738700000000000134e-02,-4.195100000000000218e-02,3.398280000000000189e-01,2.589899999999999841e-02,-2.577869999999999884e-01,2.363709999999999978e-01,5.397849999999999593e-01,-4.766460000000000141e-01,-7.846899999999999709e-02,8.529599999999999682e-02,1.858329999999999982e-01
4.944430000000000214e-01,4.080210000000000226e-01,2.372829999999999939e-01,-2.233590000000000020e-01,-2.237530000000000074e-01,1.429500000000000041e-02,-1.926470000000000127e-01,-2.532260000000000066e-01,-1.271130000000000038e-01,8.233699999999999353e-02,-1.213349999999999984e-01,-4.580919999999999992e-01,-9.339899999999999591e-02,-3.366480000000000028e-01,4.587200000000000166e-01,1.000000000000000000e+00,6.428220000000000045e-01,5.185079999999999689e-01,1.330649999999999888e-01,5.228469999999999507e-01,2.075790000000000135e-01,5.335109999999999575e-01,-1.666090000000000071e-01,-1.221010000000000012e-01,3.365830000000000211e-01,2.744750000000000245e-01,6.626699999999999813e-01,1.473700000000000010e-01,6.943559999999999732e-01,5.929079999999999906e-01,6.430169999999999497e-01,1.734980000000000133e-01,3.924300000000000010e-02,4.582939999999999792e-01,-1.446240000000000026e-01,2.026679999999999870e-01,-1.710119999999999973e-01,-1.915080000000000116e-01,2.943939999999999890e-01,-1.055119999999999947e-01,3.639000000000000012e-01,1.604770000000000085e-01,-3.218960000000000155e-01,-3.004700000000000149e-01,3.365659999999999763e-01,3.439019999999999855e-01,7.207900000000000418e-02,3.505079999999999862e-01,3.173019999999999730e-01,-2.374539999999999984e-01,1.332999999999999984e-02,-9.747000000000000455e-03,-2.265389999999999904e-01,-9.280599999999999961e-02,-6.714599999999999735e-02,-1.589499999999999941e-02,-2.988720000000000265e-01,-9.437099999999999655e-02,-1.667700000000000085e-02,4.403859999999999997e-01,6.108949999999999658e-01,1.532610000000000083e-01,3.465869999999999784e-01,2.455809999999999937e-01,3.753400000000000070e-01,7.125800000000000189e-02,2.639710000000000112e-01,-1.899000000000000080e-03,-1.152299999999999991e-01,2.436510000000000065e-01,2.113089999999999968e-01,5.525780000000000136e-01,-3.503300000000000164e-02,3.434450000000000003e-01,3.730999999999999872e-01,5.465710000000000290e-01
3.253530000000000033e-01,4.727569999999999828e-01,1.396930000000000116e-01,-3.567800000000000138e-02,-6.118900000000000033e-02,2.702539999999999942e-01,-5.759299999999999836e-02,-2.772600000000000064e-02,2.884300000000000058e-02,3.428590000000000249e-01,-9.782899999999999929e-02,-1.546500000000000097e-01,1.120639999999999969e-01,-1.524590000000000112e-01,3.993909999999999960e-01,6.428220000000000045e-01,1.000000000000000000e+00,5.967989999999999684e-01,1.618429999999999869e-01,4.140030000000000099e-01,2.418959999999999999e-01,4.414170000000000038e-01,-1.123679999999999957e-01,-1.816200000000000106e-02,3.292129999999999779e-01,6.319900000000000517e-01,4.448280000000000012e-01,3.210740000000000260e-01,5.064159999999999773e-01,4.949950000000000183e-01,5.443219999999999725e-01,2.305790000000000062e-01,2.806239999999999846e-01,4.262520000000000198e-01,-4.310999999999999728e-03,2.634929999999999772e-01,1.683669999999999889e-01,-2.790389999999999815e-01,2.890400000000000191e-01,-2.024400000000000158e-02,2.456830000000000125e-01,-6.522000000000000020e-03,-2.516669999999999741e-01,-2.636519999999999975e-01,1.491850000000000120e-01,2.060059999999999947e-01,1.008410000000000001e-01,1.002500000000000058e-01,1.872030000000000083e-01,-1.762070000000000025e-01,2.273759999999999948e-01,-6.644200000000000106e-02,-1.095700000000000007e-01,-3.271799999999999708e-02,-5.603099999999999747e-02,-9.208199999999999719e-02,-5.437999999999999778e-02,-1.207399999999999966e-02,-2.347399999999999834e-02,3.670919999999999739e-01,4.312699999999999867e-01,1.659059999999999979e-01,3.773569999999999980e-01,1.228400000000000047e-01,3.308570000000000122e-01,7.775999999999999579e-02,1.863090000000000024e-01,-5.381600000000000272e-02,-1.963670000000000138e-01,2.150160000000000127e-01,4.149829999999999908e-01,3.581340000000000079e-01,-1.989300000000000096e-02,1.763389999999999957e-01,3.438379999999999770e-01,4.004460000000000242e-01
3.004499999999999948e-01,2.873100000000000098e-01,3.682340000000000058e-01,2.531320000000000237e-01,4.584219999999999962e-01,3.236439999999999872e-01,5.078279999999999461e-01,-3.328090000000000215e-01,4.612100000000000088e-01,6.777210000000000178e-01,9.985800000000000232e-02,1.213489999999999985e-01,5.728229999999999711e-01,1.306819999999999926e-01,4.157299999999999884e-02,5.185079999999999689e-01,5.967989999999999684e-01,1.000000000000000000e+00,4.107160000000000255e-01,1.870690000000000131e-01,4.880900000000000238e-01,5.113050000000000095e-01,-3.001900000000000054e-02,-1.931190000000000129e-01,7.044240000000000501e-01,6.232910000000000394e-01,2.358540000000000081e-01,5.506969999999999921e-01,3.965620000000000256e-01,1.376330000000000053e-01,6.339050000000000518e-01,2.918839999999999768e-01,4.775920000000000165e-01,5.668790000000000218e-01,2.437620000000000064e-01,-3.941790000000000016e-01,4.081060000000000243e-01,-7.456500000000000627e-02,-2.442499999999999880e-02,2.755090000000000039e-01,4.302340000000000053e-01,-4.380649999999999822e-01,1.680059999999999887e-01,2.249700000000000033e-01,-3.078480000000000105e-01,3.405030000000000001e-01,3.631869999999999821e-01,4.286399999999999932e-02,-2.136369999999999936e-01,2.027889999999999970e-01,4.039460000000000273e-01,2.318199999999999983e-01,-4.285789999999999877e-01,3.546630000000000060e-01,3.116639999999999966e-01,5.455299999999999733e-02,-2.239879999999999927e-01,2.922859999999999903e-01,-2.989140000000000130e-01,2.038459999999999994e-01,5.831030000000000380e-01,4.388790000000000191e-01,6.298209999999999642e-01,2.783800000000000163e-01,5.581620000000000470e-01,3.161100000000000021e-01,5.158409999999999940e-01,-1.506039999999999879e-01,-4.844990000000000130e-01,5.336840000000000472e-01,4.428929999999999811e-01,3.253530000000000033e-01,3.510170000000000234e-01,5.033429999999999849e-01,5.374050000000000216e-01,5.016199999999999548e-01
3.926319999999999810e-01,1.608700000000000130e-01,7.754499999999999726e-01,1.492159999999999875e-01,5.669920000000000515e-01,2.837029999999999830e-01,5.680239999999999734e-01,-1.568489999999999884e-01,7.036829999999999474e-01,5.636349999999999971e-01,6.131809999999999761e-01,1.932659999999999934e-01,5.683040000000000314e-01,3.467999999999999972e-01,1.229849999999999971e-01,1.330649999999999888e-01,1.618429999999999869e-01,4.107160000000000255e-01,1.000000000000000000e+00,2.713610000000000189e-01,4.138539999999999996e-01,5.549100000000000144e-01,3.005800000000000138e-01,-4.715199999999999947e-02,5.439599999999999991e-01,3.915350000000000219e-01,2.703450000000000020e-01,4.829399999999999804e-01,3.421040000000000192e-01,1.481790000000000052e-01,3.873139999999999916e-01,3.444780000000000064e-01,4.485029999999999850e-01,3.542120000000000268e-01,2.422050000000000036e-01,-4.129099999999999993e-01,4.090739999999999932e-01,1.308299999999999914e-02,2.061479999999999979e-01,2.911969999999999836e-01,2.101590000000000125e-01,-5.776390000000000136e-01,1.920699999999999838e-02,1.152299999999999991e-01,-2.644560000000000244e-01,3.769190000000000040e-01,4.193230000000000013e-01,5.282080000000000108e-01,-2.845829999999999749e-01,2.462469999999999937e-01,5.044800000000000395e-01,1.295030000000000070e-01,-2.311249999999999971e-01,5.458420000000000494e-01,1.689730000000000121e-01,4.765429999999999944e-01,1.508730000000000071e-01,2.030990000000000018e-01,-1.743780000000000052e-01,2.859180000000000055e-01,4.429000000000000159e-01,1.717309999999999948e-01,3.664049999999999807e-01,8.352730000000000432e-01,6.144129999999999869e-01,2.782749999999999946e-01,5.572890000000000343e-01,3.380310000000000259e-01,-3.191709999999999825e-01,3.858030000000000070e-01,3.579399999999999804e-01,5.198810000000000375e-01,1.790420000000000067e-01,4.539150000000000129e-01,4.437450000000000006e-01,4.106139999999999790e-01
5.593569999999999931e-01,5.594789999999999486e-01,3.398999999999999799e-01,-4.726469999999999838e-01,-2.034749999999999892e-01,3.096679999999999988e-01,-2.050410000000000010e-01,1.406749999999999945e-01,1.874299999999999924e-02,5.973200000000000037e-02,-1.516799999999999919e-02,-3.477120000000000211e-01,1.178980000000000028e-01,-1.686680000000000124e-01,6.826100000000000501e-01,5.228469999999999507e-01,4.140030000000000099e-01,1.870690000000000131e-01,2.713610000000000189e-01,1.000000000000000000e+00,2.080579999999999929e-01,7.809420000000000250e-01,1.922109999999999930e-01,1.525370000000000059e-01,2.510910000000000086e-01,4.618320000000000203e-01,7.991070000000000118e-01,2.304809999999999914e-01,6.855059999999999487e-01,7.403729999999999478e-01,4.118419999999999859e-01,4.085940000000000127e-01,2.160600000000000021e-01,2.805659999999999821e-01,-2.390909999999999980e-01,3.630090000000000261e-01,-4.932999999999999885e-02,-5.352329999999999588e-01,5.861469999999999736e-01,-1.282899999999999874e-01,-2.753600000000000145e-02,8.417099999999999582e-02,-6.286190000000000389e-01,-5.942399999999999904e-01,4.270399999999999890e-02,2.829909999999999926e-01,-5.395099999999999896e-02,4.130750000000000255e-01,4.771050000000000013e-01,-4.710679999999999867e-01,1.280380000000000129e-01,-4.302170000000000161e-01,9.454100000000000004e-02,-2.094689999999999885e-01,-4.595799999999999885e-01,-1.037840000000000013e-01,-1.007600000000000023e-01,-4.019969999999999932e-01,1.909869999999999901e-01,4.801830000000000265e-01,2.805279999999999996e-01,-3.258240000000000025e-01,-4.517199999999999688e-02,2.944869999999999988e-01,4.083439999999999848e-01,-2.761600000000000166e-02,1.307830000000000104e-01,3.713739999999999819e-01,2.159799999999999914e-02,-7.106200000000000017e-02,3.216249999999999942e-01,6.722399999999999487e-01,-4.025839999999999974e-01,1.039910000000000001e-01,1.963719999999999910e-01,2.684960000000000124e-01
