1.000000000000000000e+00,-3.449300000000000282e-02,1.459419999999999884e-01,1.268579999999999985e-01,-1.204670000000000046e-01,-1.700510000000000077e-01,1.430079999999999962e-01,-2.813200000000000145e-01,5.166300000000000059e-02,-3.308829999999999827e-01,-1.546230000000000104e-01,-1.374670000000000059e-01,2.370170000000000055e-01,-6.491600000000000148e-02,3.113130000000000064e-01,4.089249999999999829e-01,-1.422509999999999886e-01,1.909929999999999961e-01,2.982270000000000199e-01,2.623989999999999934e-01,3.519769999999999843e-01,2.903259999999999730e-01,-1.561140000000000028e-01,-1.645810000000000051e-01,3.643429999999999724e-01,4.579820000000000002e-01,1.214739999999999986e-01,3.225660000000000194e-01,3.315029999999999921e-01,4.833100000000000174e-01,3.786950000000000038e-01,1.294530000000000125e-01,7.397939999999999516e-01,5.576039999999999885e-01,2.447200000000000070e-02,9.784600000000000242e-02,-1.023130000000000012e-01,-4.626430000000000264e-01,-1.027639999999999942e-01,-1.239999999999999956e-02,5.135960000000000525e-01,-4.972200000000000231e-02,-1.969900000000000123e-02,-3.859580000000000233e-01,-4.991220000000000101e-01,6.213459999999999539e-01,-2.994729999999999892e-01,1.007460000000000022e-01,-4.272700000000000109e-02,-4.227000000000000202e-01,-5.103290000000000326e-01,-5.246779999999999777e-01,-1.127260000000000068e-01,-7.463400000000000589e-02,-2.913999999999999924e-01,-9.786499999999999366e-02,-5.261879999999999891e-01,-2.865619999999999834e-01,-1.453999999999999997e-03,2.388049999999999895e-01,-3.632999999999999945e-03,-2.072029999999999983e-01,-1.313590000000000035e-01,2.727849999999999997e-01,-9.571499999999999453e-02,-7.244699999999999751e-02,1.392450000000000077e-01,-1.038840000000000041e-01,-5.069080000000000252e-01,-1.444290000000000018e-01,3.484799999999999703e-02,-1.754499999999999948e-01,-4.750420000000000198e-01,-2.646240000000000259e-01,1.669650000000000023e-01,2.395180000000000087e-01
-3.449300000000000282e-02,1.000000000000000000e+00,-2.035289999999999877e-01,1.441939999999999888e-01,-3.177590000000000137e-01,4.404600000000000182e-01,-1.380010000000000125e-01,9.703900000000000026e-02,-2.000770000000000048e-01,1.331450000000000133e-01,-1.785899999999999987e-01,1.878390000000000060e-01,1.582810000000000050e-01,-1.294200000000000038e-02,-1.206219999999999931e-01,-1.209459999999999980e-01,5.666999999999999815e-01,3.275009999999999866e-01,-1.010879999999999973e-01,-9.736400000000000610e-02,-1.794099999999999862e-02,-1.192649999999999960e-01,1.282189999999999996e-01,5.577900000000000219e-02,2.302289999999999892e-01,4.248509999999999787e-01,-1.492729999999999890e-01,2.664079999999999782e-01,3.367069999999999785e-01,7.520599999999999508e-02,-9.407899999999999596e-02,1.278120000000000089e-01,1.474689999999999890e-01,-1.755490000000000106e-01,1.553569999999999951e-01,1.546400000000000031e-02,2.037779999999999869e-01,2.718369999999999953e-01,-3.717100000000000265e-02,1.917609999999999870e-01,-9.087499999999999745e-02,1.604869999999999908e-01,-1.292870000000000130e-01,6.396200000000000496e-02,1.551980000000000026e-01,-9.479999999999999538e-02,1.823259999999999881e-01,-1.182600000000000040e-01,8.144600000000000450e-02,-9.647799999999999432e-02,6.064200000000000146e-02,-1.192980000000000013e-01,-1.376030000000000031e-01,-2.064410000000000134e-01,1.196720000000000006e-01,-1.402859999999999940e-01,9.868999999999999995e-02,1.194299999999999945e-01,-9.793799999999999728e-02,-1.450919999999999987e-01,-1.530539999999999956e-01,1.263890000000000013e-01,9.426299999999999957e-02,-2.252099999999999935e-02,-5.761899999999999661e-02,-6.889199999999999491e-02,-4.804599999999999843e-02,-3.875599999999999878e-02,-4.740000000000000289e-03,1.145729999999999943e-01,3.164390000000000258e-01,-2.417469999999999897e-01,3.315480000000000094e-01,9.571300000000000641e-02,2.658710000000000240e-01,-9.748999999999999333e-02
1.459419999999999884e-01,-2.035289999999999877e-01,1.000000000000000000e+00,-9.556499999999999717e-02,5.201200000000000268e-01,-2.141039999999999888e-01,5.011000000000000176e-02,-9.335999999999999854e-02,8.411049999999999915e-01,-5.420409999999999950e-01,8.385650000000000048e-01,-1.400119999999999976e-01,-5.911899999999999794e-02,-3.856080000000000063e-01,4.143720000000000181e-01,-4.242000000000000111e-03,-4.360450000000000159e-01,-3.074279999999999791e-01,8.539510000000000156e-01,4.971209999999999796e-01,-4.780999999999999660e-03,4.980269999999999975e-01,-2.102999999999999835e-03,-2.762129999999999863e-01,1.313199999999999958e-02,-1.338169999999999915e-01,1.575960000000000139e-01,2.902529999999999832e-01,-5.094999999999999703e-03,3.294210000000000194e-01,4.448300000000000171e-02,-2.801660000000000261e-01,-5.118700000000000333e-02,1.330340000000000134e-01,-1.697690000000000032e-01,-2.788999999999999813e-01,-3.059900000000000120e-02,-1.943689999999999862e-01,-1.698820000000000052e-01,-3.522359999999999935e-01,1.126690000000000053e-01,-3.487120000000000219e-01,-2.224270000000000136e-01,-1.911809999999999898e-01,-1.786629999999999885e-01,-2.059000000000000066e-03,-1.985629999999999895e-01,8.971050000000000413e-01,-2.783510000000000151e-01,2.763260000000000161e-01,-2.646549999999999736e-01,-1.743879999999999875e-01,1.454449999999999910e-01,7.259870000000000489e-01,-5.089829999999999632e-01,8.249539999999999651e-01,-3.601570000000000049e-01,-3.961060000000000136e-01,-1.737219999999999875e-01,3.473660000000000081e-01,-1.931799999999999837e-02,-5.476980000000000182e-01,-2.683900000000000174e-01,7.079469999999999930e-01,3.724620000000000153e-01,-1.478109999999999979e-01,4.541000000000000036e-01,1.829000000000000070e-02,-3.940919999999999979e-01,-2.385380000000000000e-01,-3.694450000000000234e-01,9.163799999999999724e-02,-1.341310000000000002e-01,-2.360609999999999931e-01,1.896549999999999903e-01,3.565700000000000119e-02
1.268579999999999985e-01,1.441939999999999888e-01,-9.556499999999999717e-02,1.000000000000000000e+00,-4.411479999999999846e-01,-8.233200000000000240e-02,-4.192919999999999980e-01,-1.044839999999999935e-01,-1.588370000000000060e-01,1.420699999999999914e-02,-1.513680000000000025e-01,7.074099999999999833e-02,-1.499010000000000065e-01,4.416500000000000287e-02,-2.206299999999999928e-01,2.444379999999999886e-01,3.456060000000000243e-01,2.086929999999999896e-01,1.355600000000000034e-02,-8.629399999999999571e-02,-2.281640000000000057e-01,-2.818999999999999978e-02,2.897299999999999875e-02,9.764000000000000457e-02,9.479999999999999495e-04,2.632939999999999725e-01,-4.608229999999999826e-01,1.619400000000000006e-02,7.961799999999999433e-02,-1.084009999999999974e-01,1.777090000000000058e-01,3.154399999999999982e-01,1.114440000000000014e-01,9.511699999999999322e-02,1.890979999999999883e-01,-2.391659999999999897e-01,3.672540000000000249e-01,1.064329999999999998e-01,1.595439999999999914e-01,2.703050000000000175e-01,9.660599999999999743e-02,3.101430000000000020e-01,-6.854399999999999382e-02,6.846299999999999608e-02,1.926080000000000014e-01,3.124089999999999923e-01,-5.994000000000000196e-03,-7.242600000000000426e-02,5.182579999999999965e-01,-2.618610000000000104e-01,-7.164900000000000435e-02,-3.380029999999999979e-01,-9.280099999999999461e-02,-1.884329999999999894e-01,2.572349999999999914e-01,-1.906049999999999967e-01,2.212320000000000120e-01,-1.442769999999999886e-01,-1.593090000000000062e-01,-2.587149999999999728e-01,4.321200000000000041e-02,-9.671599999999999642e-02,2.672820000000000196e-01,1.644899999999999834e-02,-1.548269999999999924e-01,-2.587920000000000220e-01,2.014300000000000118e-02,-1.086600000000000066e-02,2.279300000000000076e-02,2.064399999999999916e-02,1.553569999999999951e-01,-3.762599999999999834e-01,2.494629999999999903e-01,-8.977999999999999869e-03,8.111999999999999419e-03,2.075269999999999893e-01
-1.204670000000000046e-01,-3.177590000000000137e-01,5.201200000000000268e-01,-4.411479999999999846e-01,1.000000000000000000e+00,4.838599999999999846e-02,4.424739999999999784e-01,1.163740000000000052e-01,7.283300000000000329e-01,-2.595890000000000142e-01,7.212290000000000090e-01,-1.407430000000000070e-01,2.880960000000000187e-01,-7.382900000000000573e-02,3.380199999999999871e-01,-2.334219999999999906e-01,-4.724039999999999906e-01,-3.973300000000000165e-01,3.471259999999999901e-01,2.867020000000000124e-01,1.223550000000000054e-01,2.222609999999999864e-01,4.414699999999999874e-02,-2.730139999999999789e-01,-8.422399999999999332e-02,-4.090250000000000274e-01,4.707899999999999863e-01,1.211870000000000031e-01,-1.033369999999999983e-01,1.956070000000000031e-01,-1.759600000000000053e-01,-3.252269999999999883e-01,-1.877369999999999872e-01,-8.212999999999999814e-03,-3.654040000000000066e-01,-4.649699999999999667e-02,-2.915949999999999931e-01,-2.749690000000000190e-01,-1.062049999999999939e-01,-5.877539999999999987e-01,-5.255300000000000249e-02,-3.756410000000000027e-01,-2.780799999999999939e-02,-9.392300000000000648e-02,-3.422450000000000214e-01,-3.584319999999999729e-01,-8.544599999999999418e-02,4.786219999999999919e-01,-3.894360000000000044e-01,6.351020000000000554e-01,1.160790000000000016e-01,2.933580000000000076e-01,2.528190000000000159e-01,7.424619999999999553e-01,-3.104549999999999810e-01,6.777069999999999483e-01,-2.773459999999999814e-01,-8.875299999999999856e-02,1.636469999999999869e-01,3.980790000000000162e-01,-1.459699999999999886e-01,-2.678369999999999918e-01,-4.278669999999999973e-01,2.909919999999999729e-01,3.085559999999999969e-01,4.066299999999999776e-02,1.579339999999999911e-01,2.877599999999999950e-02,-2.379819999999999991e-01,-9.793000000000000316e-02,-4.575250000000000150e-01,3.956149999999999944e-01,-2.312539999999999873e-01,-1.001390000000000058e-01,6.514200000000000546e-02,-2.127239999999999964e-01
-1.700510000000000077e-01,4.404600000000000182e-01,-2.141039999999999888e-01,-8.233200000000000240e-02,4.838599999999999846e-02,1.000000000000000000e+00,3.370759999999999867e-01,6.930899999999999839e-01,-1.908199999999999896e-01,1.434960000000000124e-01,-1.595959999999999879e-01,3.923559999999999826e-01,4.821630000000000082e-01,1.678189999999999960e-01,-1.203020000000000062e-01,-3.144910000000000205e-01,2.594159999999999799e-01,-1.645800000000000041e-01,-1.969009999999999927e-01,-2.301580000000000015e-01,4.949259999999999771e-01,-3.216620000000000035e-01,6.607929999999999637e-01,3.020979999999999777e-01,7.219499999999999529e-02,1.927850000000000119e-01,3.053440000000000043e-01,8.819999999999999715e-04,2.144010000000000082e-01,9.707000000000000350e-02,-2.460450000000000137e-01,6.399999999999999710e-05,3.143200000000000160e-02,-2.958540000000000059e-01,-2.107600000000000029e-01,2.226299999999999946e-01,-5.962800000000000045e-02,8.648999999999999744e-02,2.219000000000000052e-03,-1.124769999999999937e-01,-2.346940000000000137e-01,-1.384749999999999870e-01,1.075880000000000031e-01,1.789900000000000171e-02,1.017000000000000022e-02,-3.211160000000000125e-01,-6.421999999999999931e-02,-4.481000000000000261e-02,-1.890159999999999896e-01,-9.875699999999999756e-02,3.837940000000000240e-01,7.449400000000000466e-02,4.712029999999999830e-01,-2.071179999999999966e-01,1.578880000000000006e-01,-1.721389999999999865e-01,1.211180000000000034e-01,1.014810000000000018e-01,1.582270000000000065e-01,-8.991300000000000681e-02,-3.911439999999999917e-01,3.702099999999999835e-02,-4.170730000000000270e-01,-8.972099999999999520e-02,-2.924900000000000277e-01,3.799939999999999984e-01,-4.146630000000000038e-01,4.675540000000000251e-01,1.785450000000000093e-01,1.461699999999999978e-02,6.657499999999999529e-02,1.080969999999999986e-01,-3.142099999999999754e-02,-7.987800000000000455e-02,1.260870000000000046e-01,-3.195939999999999892e-01
1.430079999999999962e-01,-1.380010000000000125e-01,5.011000000000000176e-02,-4.192919999999999980e-01,4.424739999999999784e-01,3.370759999999999867e-01,1.000000000000000000e+00,7.473000000000000476e-02,9.145499999999999463e-02,-5.233700000000000158e-02,-2.421399999999999941e-02,-2.329209999999999892e-01,7.412990000000000412e-01,-1.043369999999999992e-01,8.727799999999999447e-02,2.049050000000000038e-01,-2.678679999999999950e-01,-1.861619999999999941e-01,2.207599999999999840e-02,1.120440000000000047e-01,3.497140000000000248e-01,5.011600000000000082e-02,-5.190000000000000169e-02,-3.175859999999999794e-01,2.267560000000000131e-01,-3.775870000000000060e-01,7.017489999999999561e-01,2.169989999999999974e-01,3.822780000000000067e-01,3.379770000000000274e-01,1.178469999999999934e-01,-1.834500000000000020e-01,2.282780000000000087e-01,6.725200000000000622e-02,-1.802630000000000066e-01,2.557760000000000034e-01,-2.300929999999999920e-01,-5.305809999999999693e-01,-1.218349999999999989e-01,-4.225929999999999964e-01,6.768699999999999717e-02,-1.116290000000000060e-01,-2.331199999999999939e-02,-1.721429999999999905e-01,-4.900789999999999869e-01,-2.791739999999999777e-01,1.267000000000000071e-02,6.260100000000000386e-02,-2.418820000000000137e-01,-4.245999999999999774e-02,-2.623800000000000091e-02,2.783519999999999883e-01,1.481719999999999982e-01,2.838600000000000151e-02,-1.368149999999999922e-01,6.729699999999999571e-02,-4.997460000000000235e-01,-1.388649999999999884e-01,1.834290000000000087e-01,1.035110000000000058e-01,9.807399999999999451e-02,-1.072999999999999995e-02,-3.751189999999999802e-01,4.872400000000000342e-02,2.255899999999999919e-02,2.676870000000000083e-01,-1.902989999999999959e-01,-7.928599999999999537e-02,-3.510050000000000114e-01,5.260200000000000292e-02,-4.490600000000000147e-01,5.044650000000000523e-01,-4.587720000000000131e-01,8.055299999999999960e-02,1.234520000000000062e-01,4.518500000000000294e-02
-2.813200000000000145e-01,9.703900000000000026e-02,-9.335999999999999854e-02,-1.044839999999999935e-01,1.163740000000000052e-01,6.930899999999999839e-01,7.473000000000000476e-02,1.000000000000000000e+00,-8.807500000000000051e-02,8.412500000000000533e-02,3.218800000000000133e-02,5.105830000000000091e-01,1.497680000000000122e-01,4.063309999999999977e-01,-5.068199999999999789e-02,-5.126960000000000406e-01,1.166500000000000037e-01,-3.521349999999999758e-01,-1.271690000000000043e-01,-2.023399999999999921e-01,3.543729999999999936e-01,-2.920800000000000063e-01,8.525479999999999725e-01,4.277650000000000063e-01,-3.225029999999999841e-01,1.035599999999999993e-01,8.824300000000000199e-02,-1.615310000000000079e-01,-2.311080000000000079e-01,3.527999999999999886e-03,-3.100879999999999748e-01,5.761199999999999655e-02,-1.284619999999999929e-01,-3.750080000000000080e-01,-3.030550000000000188e-01,2.726810000000000067e-01,-5.885100000000000053e-02,1.907800000000000051e-01,1.129489999999999938e-01,-7.315000000000000668e-02,-3.391290000000000138e-01,-1.567540000000000044e-01,2.501470000000000082e-01,1.181620000000000031e-01,1.167819999999999969e-01,-2.788880000000000248e-01,-1.532610000000000083e-01,2.442599999999999980e-02,-2.192949999999999899e-01,8.691300000000000414e-02,3.846269999999999967e-01,1.712200000000000111e-01,7.083469999999999489e-01,-7.073599999999999333e-02,1.682619999999999949e-01,-4.973500000000000143e-02,3.076450000000000018e-01,2.479870000000000130e-01,4.109459999999999780e-01,-3.327100000000000196e-02,-4.923540000000000139e-01,5.977299999999999974e-02,-4.485500000000000043e-01,-8.098400000000000043e-02,-2.160279999999999978e-01,3.037389999999999812e-01,-2.925679999999999947e-01,6.521909999999999652e-01,3.755990000000000162e-01,-1.925209999999999977e-01,1.049410000000000065e-01,-4.389300000000000146e-02,5.917900000000000243e-02,-2.020399999999999974e-01,7.391399999999999360e-02,-3.352319999999999744e-01
5.166300000000000059e-02,-2.000770000000000048e-01,8.411049999999999915e-01,-1.588370000000000060e-01,7.283300000000000329e-01,-1.908199999999999896e-01,9.145499999999999463e-02,-8.807500000000000051e-02,1.000000000000000000e+00,-5.150599999999999623e-01,8.682659999999999823e-01,-2.228410000000000113e-01,5.790499999999999814e-02,-3.090609999999999746e-01,4.875439999999999774e-01,-6.084799999999999931e-02,-4.410299999999999776e-01,-2.656330000000000080e-01,6.645769999999999733e-01,5.370789999999999731e-01,-2.931999999999999884e-02,4.776610000000000023e-01,-6.987899999999999667e-02,-4.449029999999999929e-01,1.866900000000000157e-02,-2.560680000000000178e-01,2.508770000000000167e-01,3.167719999999999980e-01,-2.694900000000000073e-02,3.098110000000000031e-01,-8.910700000000000565e-02,-3.492210000000000036e-01,-1.169830000000000036e-01,1.159310000000000063e-01,-2.391069999999999862e-01,-2.424250000000000016e-01,-5.481799999999999867e-02,-2.223809999999999953e-01,-2.497600000000000098e-01,-4.546470000000000233e-01,7.632500000000000395e-02,-3.857490000000000085e-01,-1.593900000000000039e-01,-6.022799999999999682e-02,-2.395879999999999954e-01,-1.566029999999999922e-01,-1.013740000000000058e-01,7.293530000000000291e-01,-3.105060000000000042e-01,4.365899999999999781e-01,-5.768399999999999916e-02,-5.717699999999999866e-02,1.164560000000000040e-01,8.755509999999999682e-01,-4.954770000000000008e-01,8.001899999999999569e-01,-4.005549999999999944e-01,-2.502519999999999745e-01,-1.443699999999999983e-01,4.529580000000000273e-01,-8.629599999999999771e-02,-5.314680000000000515e-01,-3.103560000000000207e-01,5.079019999999999646e-01,4.597370000000000068e-01,-2.016789999999999972e-01,4.498179999999999956e-01,-2.689100000000000171e-02,-4.664630000000000165e-01,-1.478700000000000014e-01,-4.048510000000000164e-01,1.925979999999999914e-01,-1.344160000000000077e-01,-1.942139999999999977e-01,1.560050000000000048e-01,-7.286099999999999521e-02
-3.308829999999999827e-01,1.331450000000000133e-01,-5.420409999999999950e-01,1.420699999999999914e-02,-2.595890000000000142e-01,1.434960000000000124e-01,-5.233700000000000158e-02,8.412500000000000533e-02,-5.150599999999999623e-01,1.000000000000000000e+00,-3.820439999999999947e-01,3.664229999999999987e-01,-2.444199999999999845e-02,2.042440000000000089e-01,-3.320830000000000171e-01,-1.314029999999999920e-01,5.187929999999999486e-01,3.405549999999999966e-01,-5.235069999999999446e-01,-5.297809999999999464e-01,-7.276599999999999735e-02,-3.807280000000000109e-01,-4.312200000000000061e-02,4.035650000000000071e-01,-8.631999999999999396e-02,1.355290000000000106e-01,-2.006920000000000093e-01,-2.499389999999999945e-01,-1.801159999999999983e-01,-5.079780000000000406e-01,-6.888900000000000579e-02,1.935449999999999948e-01,-3.307280000000000220e-01,-1.425770000000000093e-01,1.714380000000000071e-01,2.429290000000000060e-01,9.625000000000000222e-02,3.670129999999999781e-01,2.297829999999999873e-01,2.820880000000000054e-01,-1.342470000000000052e-01,1.818839999999999901e-01,4.458529999999999993e-01,3.174529999999999852e-01,2.593730000000000202e-01,-6.977300000000000169e-02,3.806799999999999767e-02,-5.079740000000000366e-01,2.909590000000000232e-01,1.080929999999999946e-01,9.323900000000000243e-02,2.091139999999999943e-01,-2.299930000000000030e-01,-2.997340000000000004e-01,3.751979999999999760e-01,-3.669149999999999912e-01,4.623390000000000000e-01,4.991470000000000073e-01,-2.541999999999999989e-03,-2.972830000000000195e-01,6.949299999999999922e-02,6.398439999999999683e-01,3.994920000000000138e-01,-3.862970000000000015e-01,-2.668530000000000069e-01,7.999799999999999967e-02,-3.248019999999999796e-01,-1.738580000000000125e-01,5.224149999999999627e-01,1.310759999999999981e-01,2.606470000000000176e-01,-1.760150000000000048e-01,2.565819999999999768e-01,1.638070000000000082e-01,-3.344599999999999795e-01,-9.356699999999999739e-02
-1.546230000000000104e-01,-1.785899999999999987e-01,8.385650000000000048e-01,-1.513680000000000025e-01,7.212290000000000090e-01,-1.595959999999999879e-01,-2.421399999999999941e-02,3.218800000000000133e-02,8.682659999999999823e-01,-3.820439999999999947e-01,1.000000000000000000e+00,-1.080300000000000010e-01,-7.022699999999999776e-02,-2.523000000000000242e-01,2.896779999999999911e-01,-2.198740000000000139e-01,-3.826470000000000149e-01,-3.635650000000000270e-01,6.722390000000000310e-01,3.427439999999999931e-01,-7.132600000000000051e-02,2.803990000000000093e-01,3.237899999999999806e-02,-2.517659999999999898e-01,-1.289559999999999873e-01,-2.681330000000000102e-01,9.796399999999999553e-02,1.998550000000000049e-01,-1.637399999999999967e-01,2.161659999999999970e-01,-1.535739999999999883e-01,-3.032799999999999940e-01,-2.691979999999999928e-01,-6.403699999999999670e-02,-2.059439999999999882e-01,-2.441029999999999867e-01,-4.865099999999999980e-02,-6.461699999999999389e-02,-1.024120000000000030e-01,-4.045259999999999967e-01,-5.853200000000000069e-02,-2.948060000000000125e-01,-1.501119999999999954e-01,-7.394000000000000399e-03,-9.735900000000000110e-02,-2.148650000000000004e-01,-7.126000000000000389e-02,7.711419999999999941e-01,-2.427539999999999976e-01,6.194770000000000554e-01,-5.414999999999999675e-03,5.635099999999999831e-02,1.819850000000000079e-01,8.405909999999999771e-01,-3.357970000000000121e-01,9.134139999999999482e-01,-1.712589999999999946e-01,-1.594609999999999916e-01,-2.042899999999999924e-02,2.992330000000000267e-01,-1.011269999999999947e-01,-3.876060000000000061e-01,-2.686910000000000132e-01,5.536069999999999602e-01,3.245830000000000104e-01,-1.027880000000000044e-01,3.166760000000000130e-01,5.151700000000000029e-02,-2.173769999999999869e-01,-1.376769999999999938e-01,-2.918220000000000258e-01,1.314190000000000080e-01,7.517799999999999483e-02,-1.255100000000000104e-01,1.866970000000000018e-01,-1.148409999999999986e-01
-1.374670000000000059e-01,1.878390000000000060e-01,-1.400119999999999976e-01,7.074099999999999833e-02,-1.407430000000000070e-01,3.923559999999999826e-01,-2.329209999999999892e-01,5.105830000000000091e-01,-2.228410000000000113e-01,3.664229999999999987e-01,-1.080300000000000010e-01,1.000000000000000000e+00,-1.595590000000000064e-01,1.932409999999999961e-01,-1.871000000000000050e-03,-4.374419999999999975e-01,2.624230000000000174e-01,-6.249199999999999894e-02,-1.961559999999999970e-01,-2.120190000000000130e-01,1.945959999999999912e-01,-1.497410000000000130e-01,4.870689999999999742e-01,7.345089999999999675e-01,-2.026000000000000023e-01,4.865399999999999725e-01,-1.868569999999999953e-01,-1.306509999999999894e-01,-2.822290000000000076e-01,-2.524350000000000205e-01,-2.195419999999999872e-01,1.436439999999999939e-01,-9.269299999999999762e-02,-7.888000000000000567e-02,7.180699999999999583e-02,2.356719999999999926e-01,2.413589999999999902e-01,5.538739999999999775e-01,1.909420000000000006e-01,2.462459999999999927e-01,-8.446099999999999441e-02,3.597700000000000203e-02,2.724099999999999855e-01,2.337490000000000123e-01,4.345350000000000046e-01,1.388070000000000137e-01,-2.625970000000000248e-01,-7.706000000000000349e-02,3.334100000000000258e-02,1.353930000000000133e-01,7.700200000000000100e-02,5.166699999999999765e-02,2.643550000000000066e-01,-9.162800000000000111e-02,3.408909999999999996e-01,-9.997200000000000530e-02,5.396109999999999518e-01,2.035929999999999962e-01,4.071199999999999819e-02,9.718499999999999361e-02,-3.756539999999999879e-01,1.991660000000000097e-01,4.658899999999999847e-02,-9.131200000000000427e-02,-2.240649999999999864e-01,1.773069999999999924e-01,-1.238410000000000066e-01,2.924240000000000173e-01,5.839590000000000058e-01,-2.244319999999999926e-01,4.675130000000000119e-01,-3.256830000000000003e-01,2.213199999999999890e-01,-2.643240000000000034e-01,-1.939849999999999908e-01,-3.382120000000000126e-01
2.370170000000000055e-01,1.582810000000000050e-01,-5.911899999999999794e-02,-1.499010000000000065e-01,2.880960000000000187e-01,4.821630000000000082e-01,7.412990000000000412e-01,1.497680000000000122e-01,5.790499999999999814e-02,-2.444199999999999845e-02,-7.022699999999999776e-02,-1.595590000000000064e-01,1.000000000000000000e+00,3.058299999999999907e-02,8.048299999999999899e-02,1.039420000000000066e-01,1.030370000000000036e-01,3.068299999999999847e-02,-2.596999999999999916e-03,5.834799999999999709e-02,3.748330000000000273e-01,-1.421949999999999881e-01,4.892400000000000221e-02,-2.994269999999999987e-01,2.783120000000000038e-01,-8.136100000000000276e-02,4.787799999999999834e-01,4.047359999999999847e-01,5.450270000000000392e-01,5.044659999999999700e-01,3.612100000000000033e-02,-2.312569999999999903e-01,4.123220000000000218e-01,-2.770500000000000046e-02,-2.184260000000000090e-01,2.599049999999999971e-01,-1.461030000000000106e-01,-5.456929999999999836e-01,-2.178539999999999921e-01,-3.461119999999999752e-01,-2.475099999999999870e-02,-9.031899999999999651e-02,-3.481900000000000273e-02,-1.442890000000000006e-01,-5.400909999999999878e-01,-2.735429999999999806e-01,-7.732500000000000484e-02,-1.266199999999999964e-02,-1.681600000000000039e-01,-1.160830000000000056e-01,5.650199999999999667e-02,5.495499999999999691e-02,2.008330000000000115e-01,-7.555800000000000016e-02,-3.504700000000000176e-02,-2.413399999999999920e-02,-4.635529999999999928e-01,1.742000000000000059e-03,2.172119999999999884e-01,1.301999999999999989e-03,-1.361300000000000010e-01,6.461000000000000076e-02,-4.148140000000000160e-01,1.440999999999999920e-02,-1.231389999999999985e-01,1.822640000000000093e-01,-3.690840000000000232e-01,5.291999999999999829e-03,-3.723799999999999888e-01,8.301899999999999558e-02,-2.592659999999999965e-01,2.969280000000000252e-01,-3.426150000000000029e-01,4.894600000000000339e-02,2.901529999999999943e-01,-4.796700000000000269e-02
-6.491600000000000148e-02,-1.294200000000000038e-02,-3.856080000000000063e-01,4.416500000000000287e-02,-7.382900000000000573e-02,1.678189999999999960e-01,-1.043369999999999992e-01,4.063309999999999977e-01,-3.090609999999999746e-01,2.042440000000000089e-01,-2.523000000000000242e-01,1.932409999999999961e-01,3.058299999999999907e-02,1.000000000000000000e+00,9.318400000000000294e-02,-3.793630000000000058e-01,1.385059999999999902e-01,2.782400000000000151e-02,-3.085309999999999997e-01,-1.422980000000000078e-01,5.660500000000000254e-02,-1.680290000000000117e-01,3.863710000000000200e-01,2.777370000000000116e-01,-3.169350000000000223e-01,1.902119999999999922e-01,-1.270719999999999905e-01,-1.254190000000000027e-01,-4.283310000000000173e-01,-9.855899999999999384e-02,-2.245850000000000068e-01,2.392130000000000090e-01,-4.231999999999999651e-03,-1.082790000000000002e-01,-1.267349999999999866e-01,3.975489999999999857e-01,-3.422100000000000142e-02,2.576099999999999918e-02,1.796879999999999866e-01,3.396699999999999720e-02,-2.251150000000000095e-01,-6.140400000000000025e-02,4.909470000000000223e-01,1.331479999999999886e-01,-1.115320000000000061e-01,2.497999999999999787e-03,-1.295310000000000072e-01,-2.949809999999999932e-01,2.967000000000000019e-03,7.405000000000000124e-03,1.148190000000000044e-01,4.753000000000000280e-02,3.146340000000000248e-01,-2.485870000000000024e-01,9.988600000000000256e-02,-3.048870000000000191e-01,3.574069999999999747e-01,4.260880000000000223e-01,6.558899999999999730e-01,9.399799999999999822e-02,-3.522919999999999940e-01,1.718540000000000068e-01,-9.093600000000000294e-02,-2.335569999999999868e-01,-7.403999999999999471e-02,-6.732599999999999696e-02,-8.112900000000000666e-02,3.564869999999999983e-01,2.688229999999999786e-01,-3.468620000000000037e-01,4.233100000000000057e-02,-1.997520000000000129e-01,5.035300000000000192e-02,-3.405819999999999959e-01,-6.079299999999999982e-02,-2.612780000000000102e-01
3.113130000000000064e-01,-1.206219999999999931e-01,4.143720000000000181e-01,-2.206299999999999928e-01,3.380199999999999871e-01,-1.203020000000000062e-01,8.727799999999999447e-02,-5.068199999999999789e-02,4.875439999999999774e-01,-3.320830000000000171e-01,2.896779999999999911e-01,-1.871000000000000050e-03,8.048299999999999899e-02,9.318400000000000294e-02,1.000000000000000000e+00,-1.911869999999999958e-01,-4.757819999999999827e-01,-1.219490000000000018e-01,2.522619999999999862e-01,6.906930000000000014e-01,1.183310000000000056e-01,6.597650000000000459e-01,6.452600000000000002e-02,-2.105180000000000107e-01,-3.615199999999999664e-02,1.702029999999999932e-01,2.079030000000000045e-01,2.607929999999999970e-01,-1.281370000000000009e-01,2.569580000000000197e-01,-1.498450000000000060e-01,-1.316549999999999943e-01,1.967129999999999990e-01,3.006900000000000128e-01,-1.524709999999999954e-01,2.185860000000000025e-01,1.065350000000000047e-01,-2.085700000000000054e-01,-1.060040000000000010e-01,-2.339600000000000013e-01,1.349700000000000066e-01,-2.287029999999999896e-01,3.077940000000000120e-01,5.263000000000000317e-03,-3.612699999999999800e-01,1.152890000000000026e-01,-3.621039999999999814e-01,2.917560000000000153e-01,-3.340310000000000223e-01,1.401320000000000066e-01,-2.032400000000000040e-01,-8.012299999999999978e-02,2.156889999999999918e-01,3.661650000000000182e-01,-5.318359999999999754e-01,2.842459999999999987e-01,-3.069490000000000274e-01,3.379999999999999758e-04,2.477800000000000141e-02,8.680330000000000545e-01,-2.975160000000000027e-01,-4.471609999999999752e-01,-2.948729999999999962e-01,1.356350000000000056e-01,5.428279999999999772e-01,-2.308699999999999919e-01,5.702749999999999764e-01,9.475300000000000389e-02,-3.925299999999999900e-01,-5.821499999999999453e-01,-2.313649999999999873e-01,-8.535700000000000232e-02,-2.460839999999999972e-01,-5.263400000000000301e-01,4.815200000000000036e-02,-1.995639999999999914e-01
4.089249999999999829e-01,-1.209459999999999980e-01,-4.242000000000000111e-03,2.444379999999999886e-01,-2.334219999999999906e-01,-3.144910000000000205e-01,2.049050000000000038e-01,-5.126960000000000406e-01,-6.084799999999999931e-02,-1.314029999999999920e-01,-2.198740000000000139e-01,-4.374419999999999975e-01,1.039420000000000066e-01,-3.793630000000000058e-01,-1.911869999999999958e-01,1.000000000000000000e+00,-1.013599999999999918e-02,2.933970000000000189e-01,8.929299999999999737e-02,1.929579999999999906e-01,-5.420900000000000024e-02,2.434330000000000105e-01,-5.402460000000000040e-01,-3.393280000000000185e-01,4.121580000000000243e-01,-1.654110000000000025e-01,1.656370000000000064e-01,1.973820000000000019e-01,5.527030000000000554e-01,2.138660000000000005e-01,7.021810000000000551e-01,1.693749999999999978e-01,2.865980000000000194e-01,4.185590000000000144e-01,3.415389999999999815e-01,-2.771109999999999962e-01,-1.204390000000000044e-01,-3.300420000000000020e-01,-1.507900000000000039e-02,3.117599999999999885e-02,4.796019999999999728e-01,2.748340000000000227e-01,-3.512830000000000119e-01,-2.345559999999999867e-01,-1.929579999999999906e-01,2.804940000000000211e-01,1.570370000000000099e-01,-1.492809999999999970e-01,1.500100000000000044e-01,-4.516040000000000054e-01,-3.739160000000000261e-01,-9.950199999999999323e-02,-5.296349999999999669e-01,-2.003959999999999908e-01,-2.475099999999999870e-02,-2.333530000000000049e-01,-4.687569999999999792e-01,-4.364669999999999939e-01,-2.792049999999999810e-01,-1.649589999999999945e-01,7.568909999999999805e-01,7.317200000000000093e-02,2.817069999999999852e-01,-2.433700000000000099e-02,1.104979999999999990e-01,-6.358300000000000063e-02,1.391080000000000094e-01,-5.027260000000000062e-01,-3.843130000000000157e-01,3.774310000000000165e-01,-1.478240000000000109e-01,2.699170000000000180e-01,-1.548370000000000024e-01,4.657800000000000273e-01,1.270249999999999990e-01,7.078769999999999785e-01
-1.422509999999999886e-01,5.666999999999999815e-01,-4.360450000000000159e-01,3.456060000000000243e-01,-4.724039999999999906e-01,2.594159999999999799e-01,-2.678679999999999950e-01,1.166500000000000037e-01,-4.410299999999999776e-01,5.187929999999999486e-01,-3.826470000000000149e-01,2.624230000000000174e-01,1.030370000000000036e-01,1.385059999999999902e-01,-4.757819999999999827e-01,-1.013599999999999918e-02,1.000000000000000000e+00,6.052750000000000075e-01,-2.436220000000000052e-01,-3.946959999999999913e-01,-1.488790000000000113e-01,-4.471979999999999844e-01,1.374500000000000027e-02,2.522820000000000062e-01,1.494099999999999942e-02,3.926720000000000210e-01,-4.193390000000000173e-01,6.504400000000000459e-02,1.907760000000000011e-01,-1.274990000000000012e-01,8.881799999999999418e-02,1.758859999999999868e-01,-1.944299999999999848e-02,-2.517440000000000233e-01,9.844899999999999485e-02,5.963199999999999751e-02,2.402880000000000016e-01,3.186610000000000276e-01,5.284799999999999914e-02,3.095680000000000098e-01,-1.504109999999999892e-01,2.134659999999999891e-01,3.297900000000000137e-02,2.721379999999999910e-01,2.507980000000000209e-01,-7.591000000000000525e-02,1.363149999999999917e-01,-3.881140000000000145e-01,2.437030000000000030e-01,-1.229719999999999980e-01,3.399800000000000044e-02,-5.218199999999999922e-02,-2.775859999999999994e-01,-3.523439999999999905e-01,4.111290000000000222e-01,-3.913470000000000004e-01,2.714650000000000118e-01,2.749389999999999890e-01,-4.483700000000000185e-02,-5.218589999999999618e-01,8.040000000000000271e-03,5.895629999999999482e-01,2.753050000000000219e-01,-1.746330000000000104e-01,-2.977090000000000014e-01,-9.945900000000000574e-02,-3.501509999999999900e-01,-1.857479999999999964e-01,3.100789999999999935e-01,2.096280000000000088e-01,4.049860000000000126e-01,-3.432629999999999848e-01,3.634220000000000228e-01,2.351489999999999969e-01,8.930399999999999450e-02,1.220549999999999968e-01
1.909929999999999961e-01,3.275009999999999866e-01,-3.074279999999999791e-01,2.086929999999999896e-01,-3.973300000000000165e-01,-1.645800000000000041e-01,-1.861619999999999941e-01,-3.521349999999999758e-01,-2.656330000000000080e-01,3.405549999999999966e-01,-3.635650000000000270e-01,-6.249199999999999894e-02,3.068299999999999847e-02,2.782400000000000151e-02,-1.219490000000000018e-01,2.933970000000000189e-01,6.052750000000000075e-01,1.000000000000000000e+00,-9.956800000000000372e-02,-1.284339999999999926e-01,-2.295820000000000083e-01,-5.612700000000000328e-02,-4.503510000000000013e-01,-7.161099999999999410e-02,1.021040000000000003e-01,3.255669999999999953e-01,-3.064140000000000197e-01,1.946749999999999869e-01,1.169820000000000026e-01,-4.563600000000000295e-02,2.834110000000000240e-01,2.042059999999999986e-01,2.281620000000000037e-01,1.953439999999999899e-01,1.484459999999999946e-01,1.159699999999999967e-02,1.352970000000000006e-01,-1.557399999999999930e-02,3.187999999999999862e-03,3.793799999999999950e-01,2.070889999999999953e-01,2.257190000000000030e-01,9.712999999999999412e-03,1.474840000000000040e-01,-4.781599999999999739e-02,2.562150000000000261e-01,9.716500000000000137e-02,-3.698170000000000068e-01,2.099949999999999872e-01,-1.922339999999999882e-01,-3.002389999999999781e-01,-7.661700000000000454e-02,-5.858179999999999499e-01,-2.105980000000000074e-01,3.435300000000000159e-02,-3.600550000000000139e-01,-6.196600000000000025e-02,1.607919999999999905e-01,-2.184999999999999998e-01,-1.857020000000000060e-01,2.905340000000000145e-01,4.025250000000000217e-01,5.154140000000000388e-01,-1.310230000000000006e-01,-1.646299999999999847e-02,-3.541869999999999741e-01,3.179900000000000088e-02,-5.382200000000000317e-01,-6.566099999999999715e-02,6.812699999999999312e-02,2.013330000000000120e-01,-3.242389999999999994e-01,1.833660000000000012e-01,1.209289999999999948e-01,4.114199999999999802e-02,2.785360000000000058e-01
2.982270000000000199e-01,-1.010879999999999973e-01,8.539510000000000156e-01,1.355600000000000034e-02,3.471259999999999901e-01,-1.969009999999999927e-01,2.207599999999999840e-02,-1.271690000000000043e-01,6.645769999999999733e-01,-5.235069999999999446e-01,6.722390000000000310e-01,-1.961559999999999970e-01,-2.596999999999999916e-03,-3.085309999999999997e-01,2.522619999999999862e-01,8.929299999999999737e-02,-2.436220000000000052e-01,-9.956800000000000372e-02,1.000000000000000000e+00,3.667830000000000257e-01,-1.673900000000000041e-02,3.598219999999999752e-01,-8.275200000000000611e-02,-2.870730000000000226e-01,1.030750000000000000e-01,-3.926999999999999935e-03,5.562199999999999783e-02,3.542469999999999786e-01,4.324100000000000166e-02,3.961810000000000054e-01,1.475920000000000010e-01,-1.963110000000000133e-01,1.079979999999999968e-01,1.967270000000000130e-01,-5.879100000000000298e-02,-2.863530000000000242e-01,-6.207100000000000117e-02,-3.100789999999999935e-01,-2.223890000000000033e-01,-3.134890000000000176e-01,1.621730000000000116e-01,-2.121089999999999920e-01,-2.505339999999999789e-01,-2.856290000000000218e-01,-2.760380000000000056e-01,9.220599999999999630e-02,-2.455990000000000117e-01,8.235510000000000330e-01,-2.038790000000000047e-01,1.179270000000000040e-01,-3.792809999999999793e-01,-3.615019999999999900e-01,4.404600000000000182e-02,5.749689999999999523e-01,-5.137239999999999585e-01,6.821030000000000149e-01,-4.707219999999999738e-01,-3.944409999999999861e-01,-1.161849999999999966e-01,1.141070000000000001e-01,2.448999999999999788e-03,-4.273429999999999729e-01,-2.348179999999999990e-01,8.638700000000000268e-01,1.594059999999999921e-01,-2.624239999999999906e-01,3.228550000000000031e-01,-9.488299999999999512e-02,-4.355999999999999872e-01,-2.111119999999999941e-01,-3.330879999999999952e-01,-4.781900000000000039e-02,-1.994740000000000124e-01,-2.643650000000000166e-01,2.299630000000000007e-01,1.719080000000000052e-01
2.623989999999999934e-01,-9.736400000000000610e-02,4.971209999999999796e-01,-8.629399999999999571e-02,2.867020000000000124e-01,-2.301580000000000015e-01,1.120440000000000047e-01,-2.023399999999999921e-01,5.370789999999999731e-01,-5.297809999999999464e-01,3.427439999999999931e-01,-2.120190000000000130e-01,5.834799999999999709e-02,-1.422980000000000078e-01,6.906930000000000014e-01,1.929579999999999906e-01,-3.946959999999999913e-01,-1.284339999999999926e-01,3.667830000000000257e-01,1.000000000000000000e+00,-5.181399999999999895e-02,8.582149999999999501e-01,-1.057810000000000000e-01,-3.456910000000000260e-01,-5.543800000000000117e-02,-6.268400000000000361e-02,3.176860000000000239e-01,4.897639999999999771e-01,1.628890000000000060e-01,4.016069999999999918e-01,2.523580000000000267e-01,-7.298399999999999332e-02,1.699469999999999870e-01,3.377649999999999819e-01,1.837899999999999950e-02,-4.000599999999999989e-02,8.843199999999999672e-02,-2.585919999999999885e-01,-8.780000000000000304e-02,-2.422829999999999984e-01,2.909160000000000079e-01,-1.365850000000000120e-01,-9.579999999999999974e-03,1.879000000000000028e-03,-2.832689999999999930e-01,4.017500000000000238e-02,-1.939549999999999885e-01,3.138290000000000246e-01,-1.973070000000000102e-01,1.588099999999999928e-02,-3.122349999999999848e-01,3.117699999999999985e-02,-8.005999999999999228e-03,3.390909999999999758e-01,-4.293989999999999752e-01,2.983930000000000193e-01,-4.594809999999999728e-01,-2.985430000000000028e-01,-1.338409999999999878e-01,6.435170000000000057e-01,1.139509999999999967e-01,-4.427730000000000277e-01,-2.181659999999999988e-01,2.078740000000000032e-01,7.826520000000000143e-01,-2.319869999999999988e-01,7.480930000000000080e-01,-8.280999999999999472e-02,-4.483249999999999735e-01,-3.409829999999999806e-01,-2.958379999999999899e-01,1.640949999999999909e-01,-1.272060000000000135e-01,-1.545870000000000022e-01,2.938450000000000228e-01,2.942940000000000000e-01
