1.000000000000000000e+00,3.328039999999999887e-01,-1.579319999999999891e-01,-4.113269999999999982e-01,3.347680000000000100e-01,1.569909999999999917e-01,2.811500000000000110e-02,-1.966950000000000087e-01,3.593509999999999760e-01,6.089520000000000488e-01,-3.822459999999999747e-01,1.513760000000000105e-01,4.657120000000000148e-01,-5.640889999999999516e-01,7.211389999999999745e-01,4.085409999999999875e-01,-6.879899999999999904e-02,3.726200000000000345e-02,-2.486599999999999921e-02,5.931600000000000206e-01,7.287200000000000344e-01,4.164910000000000001e-01,-6.742399999999999782e-02,3.537710000000000021e-01,6.408740000000000547e-01,4.493909999999999849e-01,-1.847779999999999978e-01,1.382359999999999978e-01,7.177040000000000086e-01,5.410700000000000509e-01,3.069640000000000146e-01,1.366640000000000077e-01,6.475180000000000380e-01,3.052270000000000261e-01,-1.242029999999999940e-01,-3.024970000000000159e-01,1.454199999999999937e-02,4.163870000000000071e-01,8.953200000000000047e-02,-5.966620000000000257e-01,2.001989999999999881e-01,8.698200000000000376e-02,1.498800000000000132e-01,1.214699999999999946e-01,-4.036279999999999868e-01,-4.699300000000000005e-02,-3.391239999999999810e-01,-1.601569999999999938e-01,1.984009999999999940e-01,-1.382460000000000078e-01,-6.879269999999999552e-01,-6.118980000000000530e-01,-2.263099999999999834e-02,-4.915519999999999889e-01,-4.855229999999999824e-01,6.754799999999999693e-02,-1.389039999999999997e-01,-6.293530000000000513e-01,1.209889999999999993e-01,-4.630449999999999844e-01,5.344370000000000509e-01,-2.148009999999999919e-01,3.862269999999999870e-01,9.790200000000000291e-02,-4.096040000000000236e-01,7.993200000000000305e-02,-1.150019999999999931e-01,-2.074759999999999938e-01,-6.412900000000000544e-02,1.156549999999999939e-01,-3.781140000000000057e-01,-2.466919999999999946e-01,1.857360000000000122e-01,-2.941440000000000166e-01,-1.064269999999999938e-01,6.761840000000000073e-01
3.328039999999999887e-01,1.000000000000000000e+00,-2.669219999999999926e-01,-3.330560000000000187e-01,2.962380000000000013e-01,6.313370000000000370e-01,1.592979999999999952e-01,-1.824129999999999918e-01,3.576889999999999792e-01,7.210229999999999695e-01,-2.734110000000000151e-01,4.246610000000000107e-01,6.541690000000000005e-01,-5.108430000000000470e-01,1.999140000000000084e-01,4.196940000000000115e-01,2.303459999999999952e-01,4.796880000000000033e-01,5.814799999999999830e-02,3.210779999999999745e-01,2.028820000000000068e-01,3.405020000000000269e-01,-3.765999999999999816e-03,5.370239999999999458e-01,5.340669999999999584e-01,8.401859999999999884e-01,-2.553489999999999926e-01,-2.591089999999999782e-01,6.091689999999999605e-01,6.506199999999999484e-02,-3.784399999999999986e-01,4.113699999999999996e-02,5.244389999999999885e-01,2.727640000000000065e-01,-1.494779999999999998e-01,3.216800000000000215e-02,-6.925000000000000600e-02,2.282859999999999889e-01,1.711119999999999863e-01,-4.291189999999999727e-01,5.358700000000000269e-02,3.469369999999999954e-01,2.629810000000000203e-01,4.825600000000000028e-02,-6.207949999999999857e-01,-4.177350000000000230e-01,-2.028359999999999885e-01,-1.085219999999999935e-01,1.707450000000000079e-01,-1.571730000000000071e-01,-3.932479999999999865e-01,-4.771560000000000246e-01,-8.092699999999999894e-02,-3.600820000000000132e-01,-4.086699999999999777e-01,-1.602800000000000058e-02,1.908700000000000119e-01,-3.395650000000000057e-01,2.076719999999999955e-01,-5.602709999999999635e-01,2.817819999999999769e-01,1.573420000000000096e-01,3.877579999999999916e-01,1.507090000000000096e-01,-3.380520000000000191e-01,-4.404509999999999814e-01,-2.591280000000000250e-01,-2.809949999999999948e-01,-7.271700000000000386e-02,-1.740629999999999955e-01,-2.617889999999999939e-01,-4.497399999999999731e-01,9.391099999999999448e-02,-5.429000000000000492e-01,-3.752780000000000005e-01,8.560600000000000154e-02
-1.579319999999999891e-01,-2.669219999999999926e-01,1.000000000000000000e+00,1.803849999999999898e-01,-2.551439999999999819e-01,-4.842300000000000076e-02,3.718350000000000266e-01,2.608309999999999795e-01,9.069499999999999784e-02,-3.824850000000000194e-01,7.319499999999999895e-01,-3.311729999999999952e-01,-9.939099999999999324e-02,1.939829999999999888e-01,-3.876149999999999873e-01,1.875280000000000002e-01,4.566120000000000179e-01,1.407700000000000062e-01,7.637549999999999617e-01,-2.325639999999999930e-01,-4.370109999999999828e-01,-3.373700000000000310e-02,1.168629999999999947e-01,-3.390469999999999873e-01,-2.623730000000000229e-01,-9.825599999999999612e-02,7.633919999999999595e-01,3.627400000000000069e-01,-3.351109999999999922e-01,-2.483619999999999994e-01,3.099560000000000093e-01,1.873479999999999868e-01,-3.404539999999999789e-01,-9.216999999999999499e-03,-1.551690000000000014e-01,-9.818999999999999603e-03,-1.780629999999999991e-01,-2.634619999999999740e-01,-1.082960000000000034e-01,5.285819999999999963e-01,5.706000000000000134e-03,-2.893000000000000085e-02,-4.831619999999999804e-01,-2.410080000000000000e-01,3.915739999999999776e-01,3.315130000000000021e-01,1.887700000000000142e-02,8.860850000000000115e-01,-4.250669999999999726e-01,1.729169999999999874e-01,3.144790000000000085e-01,5.445210000000000328e-01,-1.353169999999999928e-01,7.351729999999999654e-01,3.806910000000000016e-01,4.262270000000000225e-01,-2.470579999999999998e-01,3.227820000000000134e-01,-5.444309999999999983e-01,4.802139999999999742e-01,-2.651299999999999837e-02,3.318200000000000038e-01,-2.938069999999999848e-01,6.129890000000000061e-01,3.302399999999999780e-01,-4.184000000000000219e-02,1.348540000000000016e-01,6.973799999999999444e-02,-2.000270000000000103e-01,-2.683920000000000194e-01,1.545870000000000022e-01,5.965449999999999919e-01,-6.389499999999999347e-02,2.744590000000000085e-01,3.180769999999999986e-01,-2.855889999999999818e-01
-4.113269999999999982e-01,-3.330560000000000187e-01,1.803849999999999898e-01,1.000000000000000000e+00,-5.824730000000000185e-01,-5.786620000000000097e-01,-1.798460000000000059e-01,1.016180000000000000e-01,-6.934700000000000308e-01,-5.082870000000000443e-01,3.555389999999999939e-01,2.969099999999999864e-02,-6.640179999999999971e-01,5.344440000000000301e-01,-3.448669999999999791e-01,-1.161839999999999956e-01,1.948469999999999924e-01,2.270250000000000046e-01,3.566600000000000326e-02,-2.635750000000000037e-01,-3.042210000000000192e-01,4.508000000000000201e-02,-1.570290000000000019e-01,-1.689289999999999958e-01,-1.895670000000000133e-01,-2.995619999999999949e-01,1.552880000000000094e-01,-7.580900000000000138e-02,-5.657950000000000479e-01,-2.589060000000000250e-01,3.335919999999999996e-01,3.835689999999999933e-01,-5.958599999999999453e-01,-6.543999999999999817e-02,3.217869999999999897e-01,4.902259999999999951e-01,6.304570000000000451e-01,-3.675069999999999726e-01,1.167419999999999985e-01,4.277730000000000143e-01,2.870199999999999835e-02,-1.968949999999999867e-01,2.814499999999999780e-01,5.303820000000000201e-01,1.006859999999999977e-01,3.891189999999999927e-01,1.007809999999999956e-01,5.510500000000000120e-02,4.294810000000000016e-01,1.258209999999999884e-01,3.496270000000000211e-01,4.930579999999999963e-01,-7.774799999999999767e-02,4.381650000000000267e-01,4.944069999999999854e-01,-2.434560000000000057e-01,4.614460000000000228e-01,3.658159999999999745e-01,-2.667030000000000234e-01,5.633989999999999831e-01,-2.235560000000000047e-01,-5.232999999999999804e-03,-2.700370000000000270e-01,-3.309800000000000242e-02,4.635400000000000076e-01,3.993920000000000248e-01,3.177389999999999937e-01,-3.911200000000000093e-02,3.765379999999999838e-01,4.869600000000000317e-02,4.223759999999999737e-01,1.470289999999999930e-01,2.664119999999999822e-01,4.488070000000000115e-01,4.249999999999999889e-01,-7.647400000000000031e-02
3.347680000000000100e-01,2.962380000000000013e-01,-2.551439999999999819e-01,-5.824730000000000185e-01,1.000000000000000000e+00,5.066800000000000193e-01,4.262779999999999903e-01,-4.203529999999999767e-01,7.776199999999999779e-01,3.699489999999999723e-01,-1.904540000000000122e-01,-1.705969999999999986e-01,6.450360000000000538e-01,-3.118830000000000213e-01,5.109529999999999905e-01,1.867790000000000006e-01,-2.669429999999999858e-01,-1.687420000000000031e-01,-8.445999999999999341e-02,4.175530000000000075e-01,4.343090000000000006e-01,1.071710000000000024e-01,-9.526900000000000646e-02,-6.590500000000000524e-02,2.170259999999999967e-01,1.376690000000000136e-01,-6.617299999999999571e-02,-1.332000000000000024e-02,6.723160000000000247e-01,4.224229999999999929e-01,-6.831299999999999872e-02,-2.796529999999999849e-01,4.714740000000000042e-01,8.937399999999999511e-02,1.217030000000000056e-01,-5.026899999999999702e-01,-3.130140000000000144e-01,3.797309999999999852e-01,-1.472340000000000038e-01,-5.447969999999999757e-01,-1.474070000000000102e-01,3.565299999999999719e-02,-1.582000000000000073e-02,-1.881760000000000099e-01,-2.558489999999999931e-01,-4.327630000000000088e-01,-4.001899999999999902e-01,-1.620260000000000034e-01,-9.771000000000000171e-03,3.173279999999999990e-01,-5.139599999999999724e-01,-5.230430000000000357e-01,-1.374199999999999866e-01,-4.006089999999999929e-01,-8.065539999999999932e-01,9.956600000000000172e-02,-5.194349999999999801e-01,-6.360080000000000178e-01,3.688179999999999792e-01,-6.021710000000000118e-01,1.626829999999999943e-01,-3.003310000000000146e-01,2.187350000000000128e-01,-1.357849999999999890e-01,-4.890340000000000242e-01,-2.593070000000000097e-01,-2.107559999999999989e-01,-1.589409999999999989e-01,-6.055409999999999959e-01,-1.130720000000000058e-01,-6.254539999999999544e-01,-2.244339999999999946e-01,-3.229060000000000263e-01,-4.542030000000000234e-01,-3.716809999999999836e-01,2.187979999999999925e-01
1.569909999999999917e-01,6.313370000000000370e-01,-4.842300000000000076e-02,-5.786620000000000097e-01,5.066800000000000193e-01,1.000000000000000000e+00,2.452509999999999968e-01,1.594629999999999936e-01,5.420719999999999983e-01,4.803580000000000072e-01,-1.556520000000000126e-01,1.547489999999999977e-01,7.047369999999999468e-01,-2.320859999999999868e-01,1.915930000000000133e-01,7.594099999999999462e-02,-5.678199999999999914e-02,3.379399999999999765e-02,8.706099999999999950e-02,1.297139999999999960e-01,1.952339999999999909e-01,-5.174900000000000333e-02,4.734050000000000202e-01,3.190069999999999850e-01,4.810299999999999992e-02,5.329429999999999445e-01,-8.871400000000000119e-02,4.748900000000000343e-02,4.840240000000000098e-01,8.435099999999999543e-02,-5.011959999999999749e-01,-1.544599999999999966e-02,5.344849999999999879e-01,2.407239999999999935e-01,-1.388250000000000040e-01,-4.329600000000000115e-02,-2.473059999999999981e-01,2.871639999999999748e-01,2.225350000000000106e-01,-3.804480000000000084e-01,1.479899999999999965e-02,1.828569999999999918e-01,1.159280000000000033e-01,-1.969430000000000069e-01,-3.360259999999999914e-01,-4.805719999999999992e-01,-7.811400000000000288e-02,4.715300000000000047e-02,-1.668429999999999913e-01,4.975899999999999768e-02,-1.328570000000000029e-01,-4.403029999999999999e-01,2.896639999999999771e-01,-2.866449999999999831e-01,-4.516129999999999867e-01,6.503499999999999559e-02,-1.101270000000000027e-01,-2.383689999999999976e-01,3.508789999999999965e-01,-5.104880000000000528e-01,1.496600000000000014e-02,1.197010000000000018e-01,2.468720000000000081e-01,1.380909999999999915e-01,-2.964609999999999745e-01,-3.779279999999999862e-01,-2.469490000000000018e-01,1.984750000000000125e-01,-3.075829999999999953e-01,-3.077489999999999948e-01,-2.719239999999999990e-01,-2.165509999999999935e-01,-1.128060000000000035e-01,-5.556799999999999518e-01,-3.419119999999999937e-01,-8.568800000000000028e-02
2.811500000000000110e-02,1.592979999999999952e-01,3.718350000000000266e-01,-1.798460000000000059e-01,4.262779999999999903e-01,2.452509999999999968e-01,1.000000000000000000e+00,-2.579089999999999994e-01,5.319629999999999637e-01,4.514599999999999863e-02,2.252649999999999930e-01,-2.795860000000000012e-01,5.136340000000000350e-01,-1.763760000000000050e-01,-3.112000000000000183e-03,4.374790000000000068e-01,3.852800000000000114e-01,2.391240000000000032e-01,4.289899999999999824e-01,2.366030000000000078e-01,-1.129219999999999946e-01,1.722160000000000080e-01,-2.595160000000000244e-01,-2.847080000000000166e-01,-2.678099999999999925e-02,1.273380000000000067e-01,4.229580000000000006e-01,2.891710000000000114e-01,2.852029999999999843e-01,1.225949999999999956e-01,2.272909999999999930e-01,-2.961099999999999843e-02,4.775000000000000078e-02,2.751500000000000126e-02,-1.540150000000000130e-01,-2.360369999999999968e-01,-2.066510000000000014e-01,8.464000000000000690e-02,-2.760380000000000056e-01,4.035999999999999657e-03,-1.853619999999999990e-01,4.760099999999999748e-02,-3.637389999999999790e-01,-2.213029999999999997e-01,9.622999999999999610e-02,-1.900159999999999905e-01,-4.326010000000000133e-01,3.158329999999999749e-01,-3.066159999999999997e-01,2.685480000000000089e-01,-1.917540000000000078e-01,3.036700000000000163e-02,-3.899639999999999773e-01,2.435980000000000090e-01,-2.162060000000000093e-01,2.418100000000000110e-02,-4.185849999999999849e-01,-1.729680000000000106e-01,-3.461940000000000017e-01,-8.501400000000000623e-02,1.258640000000000037e-01,4.686900000000000094e-02,-9.759500000000000119e-02,2.046580000000000066e-01,-1.576390000000000013e-01,-3.538399999999999879e-01,-1.795680000000000054e-01,-3.578299999999999814e-01,-5.372280000000000388e-01,-4.785139999999999949e-01,-4.094039999999999901e-01,1.521929999999999950e-01,-2.049350000000000060e-01,-1.917879999999999863e-01,-3.894199999999999745e-02,-1.372269999999999879e-01
-1.966950000000000087e-01,-1.824129999999999918e-01,2.608309999999999795e-01,1.016180000000000000e-01,-4.203529999999999767e-01,1.594629999999999936e-01,-2.579089999999999994e-01,1.000000000000000000e+00,-3.403639999999999999e-01,-3.589330000000000020e-01,1.772299999999999986e-01,-5.761100000000000249e-02,-2.214730000000000032e-01,5.732949999999999990e-01,-2.941400000000000126e-01,-4.274589999999999779e-01,-1.068199999999999983e-01,-2.973000000000000087e-01,1.083130000000000065e-01,-5.489939999999999820e-01,-1.592260000000000064e-01,-5.436299999999999466e-01,7.890200000000000546e-01,1.542459999999999942e-01,-3.811950000000000061e-01,9.206300000000000594e-02,-6.316599999999999993e-02,3.330750000000000099e-01,-4.829459999999999864e-01,-3.612790000000000168e-01,-2.277990000000000015e-01,2.236410000000000065e-01,-1.432130000000000070e-01,-1.805720000000000103e-01,-3.187199999999999755e-02,4.653100000000000014e-01,-9.631000000000000671e-03,-3.553950000000000164e-01,1.127530000000000060e-01,4.448679999999999857e-01,-1.036090000000000066e-01,-2.447719999999999896e-01,-7.448299999999999366e-02,-1.978630000000000111e-01,3.535429999999999962e-01,3.184159999999999768e-01,4.869249999999999967e-01,1.796709999999999974e-01,-3.062650000000000095e-01,-2.967859999999999943e-01,6.276880000000000237e-01,2.316670000000000118e-01,7.466930000000000511e-01,2.617329999999999934e-01,4.155880000000000130e-01,1.638200000000000073e-02,1.930560000000000054e-01,5.012619999999999854e-01,-1.259230000000000071e-01,3.585630000000000206e-01,-4.365169999999999884e-01,1.513559999999999905e-01,-2.728010000000000157e-01,5.045499999999999985e-02,2.422999999999999876e-01,3.485940000000000150e-01,8.281000000000000166e-03,6.441419999999999924e-01,3.267760000000000109e-01,-9.520999999999999949e-03,6.516699999999999715e-01,1.072430000000000050e-01,-8.788600000000000578e-02,1.853680000000000050e-01,1.486639999999999906e-01,-4.418309999999999738e-01
3.593509999999999760e-01,3.576889999999999792e-01,9.069499999999999784e-02,-6.934700000000000308e-01,7.776199999999999779e-01,5.420719999999999983e-01,5.319629999999999637e-01,-3.403639999999999999e-01,1.000000000000000000e+00,3.786789999999999878e-01,-6.323700000000000154e-02,-3.371540000000000092e-01,7.598530000000000006e-01,-4.864530000000000243e-01,2.980320000000000191e-01,3.803739999999999899e-01,2.132500000000000021e-02,-8.633999999999999314e-03,1.971160000000000134e-01,4.540109999999999979e-01,2.372249999999999914e-01,1.829300000000000093e-01,-8.688899999999999402e-02,-1.390750000000000042e-01,1.751189999999999969e-01,2.849220000000000086e-01,1.688320000000000098e-01,1.044329999999999981e-01,6.181360000000000188e-01,3.203650000000000109e-01,-3.846100000000000213e-02,-3.141430000000000056e-01,4.025310000000000277e-01,1.167200000000000043e-01,-1.629170000000000063e-01,-4.713740000000000152e-01,-5.344910000000000494e-01,2.903819999999999735e-01,-2.805860000000000021e-01,-3.351489999999999747e-01,-2.213590000000000002e-01,1.186139999999999972e-01,-2.919849999999999945e-01,-4.434660000000000268e-01,-2.083990000000000009e-01,-2.692729999999999846e-01,-4.069889999999999897e-01,2.329569999999999974e-01,-3.328439999999999732e-01,1.369509999999999894e-01,-4.374569999999999848e-01,-3.884219999999999895e-01,-1.861819999999999864e-01,-1.194810000000000039e-01,-6.890659999999999563e-01,3.611280000000000046e-01,-6.807509999999999950e-01,-4.692700000000000204e-01,4.139500000000000124e-02,-5.056300000000000239e-01,1.854470000000000007e-01,-8.181299999999999684e-02,1.374900000000000011e-01,8.718599999999999961e-02,-4.249140000000000139e-01,-3.983360000000000234e-01,-3.108469999999999844e-01,-1.608980000000000132e-01,-6.957569999999999588e-01,-2.464870000000000116e-01,-6.005200000000000538e-01,3.446999999999999977e-03,-3.290170000000000039e-01,-4.466820000000000235e-01,-3.571219999999999950e-01,5.115999999999999714e-02
6.089520000000000488e-01,7.210229999999999695e-01,-3.824850000000000194e-01,-5.082870000000000443e-01,3.699489999999999723e-01,4.803580000000000072e-01,4.514599999999999863e-02,-3.589330000000000020e-01,3.786789999999999878e-01,1.000000000000000000e+00,-5.747609999999999664e-01,6.204389999999999628e-01,6.672360000000000513e-01,-7.432100000000000373e-01,4.745650000000000146e-01,3.996270000000000100e-01,5.411699999999999844e-02,3.017099999999999782e-01,-7.205200000000000493e-02,4.827489999999999837e-01,4.895709999999999784e-01,3.641389999999999905e-01,-1.682140000000000024e-01,6.729349999999999499e-01,6.202440000000000175e-01,6.160369999999999457e-01,-3.702630000000000088e-01,-1.650250000000000050e-01,7.725629999999999997e-01,3.930339999999999945e-01,-2.044880000000000031e-01,-2.028500000000000095e-02,7.652740000000000098e-01,3.408749999999999836e-01,-1.782440000000000135e-01,-1.635459999999999969e-01,1.705800000000000025e-02,6.369489999999999874e-01,2.526760000000000117e-01,-7.265939999999999621e-01,2.692140000000000088e-01,4.237400000000000055e-01,3.756599999999999939e-01,2.033139999999999947e-01,-5.587659999999999849e-01,-5.555489999999999595e-01,-3.217019999999999880e-01,-3.314750000000000196e-01,3.398619999999999974e-01,-7.880099999999999605e-02,-7.185420000000000140e-01,-6.592109999999999914e-01,-1.054599999999999982e-01,-6.793620000000000214e-01,-4.138080000000000092e-01,-7.206700000000000605e-02,1.865310000000000024e-01,-5.540500000000000425e-01,4.003340000000000232e-01,-7.461839999999999584e-01,5.820610000000000506e-01,1.345010000000000094e-01,6.269820000000000393e-01,9.331599999999999617e-02,-4.650340000000000029e-01,-3.880299999999999860e-01,-2.689500000000000224e-01,-3.831999999999999851e-01,4.510499999999999926e-02,-3.868499999999999717e-02,-5.170379999999999976e-01,-5.252559999999999452e-01,3.097090000000000121e-01,-6.218900000000000539e-01,-3.236990000000000145e-01,4.949100000000000166e-01
-3.822459999999999747e-01,-2.734110000000000151e-01,7.319499999999999895e-01,3.555389999999999939e-01,-1.904540000000000122e-01,-1.556520000000000126e-01,2.252649999999999930e-01,1.772299999999999986e-01,-6.323700000000000154e-02,-5.747609999999999664e-01,1.000000000000000000e+00,-3.846439999999999859e-01,-3.517339999999999911e-01,4.455069999999999864e-01,-4.386570000000000191e-01,1.856700000000000017e-02,3.165049999999999808e-01,1.414809999999999957e-01,5.297800000000000287e-01,-2.171470000000000067e-01,-5.615390000000000104e-01,7.282199999999999784e-02,6.084099999999999925e-02,-4.630710000000000104e-01,-3.276089999999999836e-01,-2.343939999999999912e-01,6.663409999999999611e-01,3.282199999999999701e-02,-4.995870000000000033e-01,-2.787740000000000218e-01,2.675839999999999885e-01,1.897689999999999932e-01,-5.775409999999999711e-01,-9.766999999999999640e-03,2.445319999999999994e-01,1.490049999999999986e-01,-6.027699999999999725e-02,-4.261849999999999805e-01,-7.437499999999999667e-02,6.008029999999999760e-01,-2.988999999999999903e-03,-1.096300000000000052e-02,-4.278549999999999853e-01,-2.021409999999999874e-01,3.734810000000000074e-01,4.381369999999999987e-01,1.844099999999999906e-02,7.448630000000000528e-01,-3.362080000000000068e-01,2.949910000000000032e-01,4.668709999999999805e-01,6.255540000000000544e-01,-1.904240000000000099e-01,8.261169999999999902e-01,3.360839999999999939e-01,4.555299999999999905e-01,-1.348330000000000084e-01,3.198829999999999729e-01,-4.769309999999999938e-01,6.447629999999999750e-01,-3.150370000000000115e-01,1.744779999999999942e-01,-5.266509999999999803e-01,4.604440000000000199e-01,5.241209999999999480e-01,-2.006300000000000097e-02,3.806999999999999829e-01,9.148799999999999988e-02,-2.052990000000000093e-01,-2.679810000000000247e-01,2.171369999999999967e-01,5.076000000000000512e-01,-1.865269999999999984e-01,3.722280000000000033e-01,4.370020000000000016e-01,-3.568549999999999778e-01
1.513760000000000105e-01,4.246610000000000107e-01,-3.311729999999999952e-01,2.969099999999999864e-02,-1.705969999999999986e-01,1.547489999999999977e-01,-2.795860000000000012e-01,-5.761100000000000249e-02,-3.371540000000000092e-01,6.204389999999999628e-01,-3.846439999999999859e-01,1.000000000000000000e+00,8.133300000000000252e-02,-2.486970000000000014e-01,5.921400000000000274e-02,4.587999999999999717e-02,-1.307999999999999961e-02,2.696100000000000163e-01,-4.599799999999999722e-02,-8.189999999999999364e-03,1.454679999999999862e-01,1.539780000000000038e-01,-9.822500000000000675e-02,8.184500000000000108e-01,4.000699999999999812e-01,3.187969999999999970e-01,-4.341079999999999939e-01,-2.804900000000000171e-01,2.009309999999999985e-01,3.442599999999999827e-02,-3.464789999999999814e-01,1.741080000000000128e-01,4.473880000000000079e-01,1.552719999999999934e-01,-2.380000000000000171e-03,1.672659999999999980e-01,3.433769999999999878e-01,4.211759999999999948e-01,4.485210000000000030e-01,-4.294740000000000224e-01,3.924790000000000223e-01,2.976329999999999809e-01,6.094330000000000025e-01,5.359859999999999625e-01,-2.999279999999999724e-01,-5.011700000000000044e-01,9.546599999999999531e-02,-4.078339999999999743e-01,5.759790000000000187e-01,-1.244640000000000052e-01,-3.124830000000000108e-01,-3.102249999999999730e-01,6.712400000000000311e-02,-4.940510000000000179e-01,1.635399999999999909e-01,-3.183869999999999756e-01,7.747209999999999930e-01,-1.583309999999999995e-01,4.131920000000000037e-01,-3.743870000000000253e-01,4.069760000000000044e-01,2.654710000000000125e-01,4.813870000000000093e-01,1.013420000000000015e-01,-3.765600000000000197e-02,-2.076520000000000032e-01,7.400299999999999934e-02,-2.334870000000000001e-01,5.593660000000000299e-01,1.288090000000000068e-01,-4.176900000000000057e-02,-4.866340000000000110e-01,4.803939999999999877e-01,-3.297419999999999796e-01,-6.693100000000000438e-02,2.972639999999999727e-01
4.657120000000000148e-01,6.541690000000000005e-01,-9.939099999999999324e-02,-6.640179999999999971e-01,6.450360000000000538e-01,7.047369999999999468e-01,5.136340000000000350e-01,-2.214730000000000032e-01,7.598530000000000006e-01,6.672360000000000513e-01,-3.517339999999999911e-01,8.133300000000000252e-02,1.000000000000000000e+00,-6.345690000000000497e-01,3.829750000000000099e-01,4.998949999999999783e-01,2.060649999999999982e-01,2.020629999999999926e-01,1.335099999999999898e-01,4.091960000000000042e-01,3.427589999999999804e-01,1.882290000000000074e-01,-4.673599999999999977e-02,2.588840000000000030e-01,2.937379999999999991e-01,6.247230000000000283e-01,-1.594569999999999876e-01,2.466730000000000034e-01,7.956929999999999836e-01,3.086209999999999787e-01,-1.705409999999999981e-01,-1.371829999999999994e-01,6.882690000000000197e-01,2.263950000000000129e-01,-2.641370000000000107e-01,-3.558100000000000152e-01,-3.260549999999999837e-01,4.010770000000000168e-01,-7.811899999999999400e-02,-5.289230000000000320e-01,-5.148599999999999705e-02,1.720260000000000122e-01,8.769000000000000752e-03,-2.131240000000000079e-01,-4.420680000000000165e-01,-5.453679999999999639e-01,-4.262759999999999883e-01,-1.336399999999999914e-02,-1.326690000000000091e-01,-1.639399999999999885e-02,-5.622460000000000235e-01,-5.925719999999999876e-01,-6.736599999999999533e-02,-4.057120000000000171e-01,-6.487220000000000208e-01,6.156199999999999867e-02,-3.132920000000000149e-01,-4.464850000000000207e-01,1.157510000000000067e-01,-7.254779999999999562e-01,4.234169999999999878e-01,8.172699999999999410e-02,4.674459999999999726e-01,1.113380000000000064e-01,-6.237819999999999476e-01,-4.861440000000000206e-01,-4.547590000000000243e-01,-3.004760000000000209e-01,-4.279740000000000211e-01,-3.236350000000000060e-01,-5.541089999999999627e-01,-3.292820000000000191e-01,1.072999999999999952e-03,-6.520979999999999555e-01,-4.120960000000000178e-01,1.722380000000000022e-01
-5.640889999999999516e-01,-5.108430000000000470e-01,1.939829999999999888e-01,5.344440000000000301e-01,-3.118830000000000213e-01,-2.320859999999999868e-01,-1.763760000000000050e-01,5.732949999999999990e-01,-4.864530000000000243e-01,-7.432100000000000373e-01,4.455069999999999864e-01,-2.486970000000000014e-01,-6.345690000000000497e-01,1.000000000000000000e+00,-4.309680000000000177e-01,-5.751849999999999463e-01,-2.637889999999999957e-01,-3.968729999999999758e-01,1.863899999999999932e-02,-5.253029999999999644e-01,-3.800120000000000164e-01,-4.608180000000000054e-01,4.272320000000000007e-01,-2.267389999999999961e-01,-5.628450000000000397e-01,-4.101270000000000193e-01,1.032659999999999967e-01,1.095399999999999985e-01,-7.563739999999999908e-01,-3.279139999999999833e-01,-1.860300000000000148e-02,1.588960000000000095e-01,-5.615369999999999528e-01,-3.895379999999999954e-01,3.541030000000000011e-01,4.341130000000000266e-01,1.736679999999999890e-01,-4.779579999999999940e-01,-4.051699999999999746e-02,5.724650000000000016e-01,-2.054050000000000042e-01,-3.555030000000000134e-01,-8.397399999999999309e-02,-3.312299999999999967e-02,5.534160000000000190e-01,4.242980000000000085e-01,4.205430000000000001e-01,7.127300000000000302e-02,-8.001099999999999879e-02,1.737000000000000002e-02,7.376629999999999576e-01,4.487499999999999822e-01,4.067390000000000172e-01,4.616750000000000020e-01,4.527559999999999918e-01,-1.363050000000000095e-01,1.652929999999999955e-01,4.359720000000000262e-01,-5.121599999999999764e-02,5.969139999999999446e-01,-6.814580000000000082e-01,-1.561859999999999915e-01,-6.152149999999999563e-01,-1.650550000000000073e-01,4.889569999999999750e-01,4.479710000000000081e-01,2.793530000000000180e-01,5.565229999999999899e-01,2.182520000000000016e-01,4.071299999999999919e-02,6.135230000000000405e-01,2.360260000000000136e-01,-2.895909999999999873e-01,4.198660000000000170e-01,3.279730000000000145e-01,-4.824350000000000027e-01
7.211389999999999745e-01,1.999140000000000084e-01,-3.876149999999999873e-01,-3.448669999999999791e-01,5.109529999999999905e-01,1.915930000000000133e-01,-3.112000000000000183e-03,-2.941400000000000126e-01,2.980320000000000191e-01,4.745650000000000146e-01,-4.386570000000000191e-01,5.921400000000000274e-02,3.829750000000000099e-01,-4.309680000000000177e-01,1.000000000000000000e+00,2.254780000000000117e-01,-2.899399999999999755e-01,-1.335000000000000075e-01,-2.221760000000000124e-01,6.876900000000000235e-01,8.529290000000000482e-01,4.355589999999999740e-01,-3.769499999999999934e-02,1.716880000000000073e-01,4.111210000000000142e-01,2.075039999999999940e-01,-3.006820000000000048e-01,1.095160000000000022e-01,6.922660000000000480e-01,6.762920000000000043e-01,2.804329999999999878e-01,1.252699999999999925e-01,6.105420000000000291e-01,2.974550000000000249e-01,8.629699999999999871e-02,-2.899900000000000255e-01,1.263170000000000126e-01,5.611570000000000169e-01,1.719529999999999947e-01,-6.827640000000000375e-01,1.635159999999999947e-01,1.705299999999999871e-02,3.338130000000000264e-01,2.403180000000000038e-01,-4.095949999999999869e-01,-2.457670000000000132e-01,-3.468879999999999741e-01,-4.319379999999999886e-01,3.208770000000000233e-01,-1.001999999999999939e-02,-6.557629999999999848e-01,-6.677410000000000290e-01,6.330600000000000116e-02,-6.467960000000000376e-01,-6.442649999999999766e-01,-1.433010000000000117e-01,-1.790110000000000035e-01,-6.531160000000000299e-01,3.581190000000000206e-01,-4.236489999999999978e-01,3.759330000000000171e-01,-3.930960000000000010e-01,3.758569999999999967e-01,-1.979480000000000128e-01,-4.580239999999999867e-01,2.496720000000000050e-01,-6.562500000000000278e-02,-1.246369999999999978e-01,-1.600060000000000093e-01,1.064039999999999986e-01,-4.471249999999999947e-01,-3.338579999999999881e-01,1.779119999999999868e-01,-2.655609999999999915e-01,-1.058029999999999943e-01,7.076379999999999892e-01
4.085409999999999875e-01,4.196940000000000115e-01,1.875280000000000002e-01,-1.161839999999999956e-01,1.867790000000000006e-01,7.594099999999999462e-02,4.374790000000000068e-01,-4.274589999999999779e-01,3.803739999999999899e-01,3.996270000000000100e-01,1.856700000000000017e-02,4.587999999999999717e-02,4.998949999999999783e-01,-5.751849999999999463e-01,2.254780000000000117e-01,1.000000000000000000e+00,7.222969999999999668e-01,6.879140000000000255e-01,3.743190000000000128e-01,4.383850000000000247e-01,8.524099999999999733e-02,5.685769999999999991e-01,-5.048120000000000385e-01,1.926599999999999840e-02,4.139479999999999826e-01,4.572890000000000010e-01,1.846039999999999903e-01,2.155579999999999996e-01,5.267699999999999605e-01,1.076140000000000013e-01,4.264129999999999865e-01,9.263299999999999312e-02,2.817830000000000057e-01,3.409579999999999833e-01,-1.471629999999999883e-01,-2.417239999999999944e-01,-2.209200000000000053e-02,1.480950000000000044e-01,-1.136970000000000064e-01,-1.568189999999999862e-01,4.965399999999999675e-02,1.259119999999999961e-01,-6.075699999999999851e-02,2.977899999999999991e-02,-3.391589999999999883e-01,-1.537260000000000015e-01,-5.580749999999999877e-01,2.441159999999999997e-01,-3.869000000000000043e-03,2.925699999999999829e-02,-5.319030000000000147e-01,-1.103340000000000015e-01,-5.193010000000000126e-01,1.568800000000000056e-02,-2.931920000000000082e-01,1.344480000000000119e-01,-1.688260000000000038e-01,-2.547320000000000140e-01,-2.932640000000000247e-01,-2.240840000000000054e-01,6.606980000000000075e-01,3.494709999999999761e-01,4.249260000000000259e-01,3.915230000000000099e-01,-2.025379999999999958e-01,-3.640160000000000062e-01,-2.917799999999999908e-02,-6.883489999999999887e-01,-3.207749999999999768e-01,-3.239719999999999822e-01,-4.066290000000000182e-01,-1.589000000000000135e-01,2.403049999999999908e-01,-2.989850000000000008e-01,-4.435999999999999666e-02,3.067039999999999766e-01
-6.879899999999999904e-02,2.303459999999999952e-01,4.566120000000000179e-01,1.948469999999999924e-01,-2.669429999999999858e-01,-5.678199999999999914e-02,3.852800000000000114e-01,-1.068199999999999983e-01,2.132500000000000021e-02,5.411699999999999844e-02,3.165049999999999808e-01,-1.307999999999999961e-02,2.060649999999999982e-01,-2.637889999999999957e-01,-2.899399999999999755e-01,7.222969999999999668e-01,1.000000000000000000e+00,7.733149999999999746e-01,4.965410000000000101e-01,3.364600000000000229e-02,-3.844529999999999892e-01,3.210149999999999948e-01,-3.339099999999999846e-01,-8.274499999999999911e-02,1.310000000000000129e-04,3.244020000000000237e-01,3.678029999999999911e-01,2.118760000000000088e-01,2.586600000000000010e-02,-2.396220000000000017e-01,3.512950000000000239e-01,2.237830000000000097e-01,-1.725160000000000027e-01,2.668429999999999969e-01,-1.885080000000000089e-01,9.807799999999999851e-02,3.628900000000000181e-02,-1.804109999999999880e-01,-4.020399999999999668e-02,3.067699999999999871e-01,1.200859999999999983e-01,2.358149999999999968e-01,-2.214119999999999977e-01,-3.936599999999999822e-02,-1.052809999999999996e-01,8.004000000000000004e-02,-3.556880000000000042e-01,5.094739999999999824e-01,-1.768099999999999949e-01,4.480599999999999861e-02,-2.223899999999999835e-02,3.722799999999999998e-01,-4.480239999999999778e-01,4.394620000000000193e-01,2.008860000000000090e-01,1.644410000000000038e-01,1.992199999999999874e-02,2.344019999999999992e-01,-5.741749999999999909e-01,1.971860000000000002e-01,3.354559999999999764e-01,5.325379999999999558e-01,1.399060000000000026e-01,5.638009999999999966e-01,1.169059999999999960e-01,-3.690599999999999992e-01,-3.230999999999999931e-03,-4.895320000000000227e-01,-9.723400000000000098e-02,-4.825459999999999749e-01,-4.251599999999999824e-02,5.306700000000000306e-02,2.903530000000000277e-01,-1.584299999999999944e-02,1.903179999999999872e-01,-7.105899999999999717e-02
3.726200000000000345e-02,4.796880000000000033e-01,1.407700000000000062e-01,2.270250000000000046e-01,-1.687420000000000031e-01,3.379399999999999765e-02,2.391240000000000032e-01,-2.973000000000000087e-01,-8.633999999999999314e-03,3.017099999999999782e-01,1.414809999999999957e-01,2.696100000000000163e-01,2.020629999999999926e-01,-3.968729999999999758e-01,-1.335000000000000075e-01,6.879140000000000255e-01,7.733149999999999746e-01,1.000000000000000000e+00,2.621220000000000216e-01,2.293590000000000073e-01,-1.464449999999999918e-01,5.554289999999999505e-01,-4.162040000000000184e-01,3.316700000000000204e-02,3.357600000000000029e-01,3.290509999999999824e-01,1.554550000000000098e-01,-1.868879999999999986e-01,2.036880000000000079e-01,-7.675999999999999490e-02,1.726370000000000127e-01,2.344990000000000130e-01,-2.089200000000000085e-02,3.395429999999999837e-01,-1.710200000000000053e-01,2.130970000000000086e-01,2.968759999999999732e-01,-2.505699999999999941e-02,1.421939999999999871e-01,-4.934199999999999697e-02,2.150650000000000062e-01,2.603880000000000083e-01,2.175559999999999994e-01,3.476429999999999798e-01,-4.560560000000000169e-01,-1.371699999999999864e-01,-3.745180000000000176e-01,2.550470000000000237e-01,2.099769999999999970e-01,1.009769999999999973e-01,-2.212949999999999917e-01,1.129229999999999956e-01,-4.057899999999999840e-01,2.184260000000000090e-01,4.735899999999999832e-02,9.218800000000000605e-02,2.705770000000000119e-01,7.113600000000000478e-02,-2.435090000000000032e-01,-7.319900000000000018e-02,4.468300000000000050e-01,4.160269999999999802e-01,3.276959999999999873e-01,4.650050000000000017e-01,1.166220000000000034e-01,-3.785140000000000171e-01,1.482060000000000044e-01,-5.545579999999999954e-01,-5.675899999999999695e-02,-2.944519999999999915e-01,-2.400829999999999909e-01,-4.548599999999999866e-02,4.715130000000000154e-01,-9.501199999999999923e-02,1.632879999999999887e-01,1.628739999999999910e-01
-2.486599999999999921e-02,5.814799999999999830e-02,7.637549999999999617e-01,3.566600000000000326e-02,-8.445999999999999341e-02,8.706099999999999950e-02,4.289899999999999824e-01,1.083130000000000065e-01,1.971160000000000134e-01,-7.205200000000000493e-02,5.297800000000000287e-01,-4.599799999999999722e-02,1.335099999999999898e-01,1.863899999999999932e-02,-2.221760000000000124e-01,3.743190000000000128e-01,4.965410000000000101e-01,2.621220000000000216e-01,1.000000000000000000e+00,-1.618599999999999900e-02,-2.693960000000000243e-01,1.741929999999999867e-01,-6.572999999999999850e-03,-2.007199999999999956e-02,-4.356499999999999956e-02,1.505039999999999989e-01,5.348810000000000509e-01,3.253229999999999733e-01,-8.095499999999999918e-02,-7.223400000000000654e-02,2.059159999999999879e-01,2.798280000000000212e-01,-6.010200000000000264e-02,5.075899999999999856e-02,-3.345700000000000063e-02,-6.612700000000000522e-02,-2.316410000000000136e-01,-8.231000000000000469e-03,-1.738500000000000115e-02,3.187329999999999885e-01,4.137600000000000305e-02,1.330479999999999996e-01,-3.407200000000000228e-01,-1.836669999999999969e-01,2.552380000000000204e-01,9.067999999999999672e-02,-5.950400000000000134e-02,7.138719999999999510e-01,-2.625029999999999863e-01,-2.629899999999999946e-02,9.242999999999999827e-02,2.900530000000000053e-01,-1.456240000000000034e-01,4.812489999999999823e-01,2.191510000000000125e-01,2.587439999999999740e-01,-9.830099999999999949e-02,1.259419999999999984e-01,-3.762809999999999766e-01,2.519069999999999920e-01,1.692960000000000020e-01,3.595280000000000142e-01,-1.168239999999999973e-01,7.110279999999999934e-01,2.353339999999999876e-01,-1.396880000000000066e-01,1.425140000000000018e-01,-7.821100000000000274e-02,-9.821499999999999675e-02,-2.883160000000000167e-01,4.068700000000000094e-02,2.989120000000000110e-01,4.848199999999999732e-02,6.539899999999999880e-02,2.653530000000000055e-01,-1.555090000000000083e-01
5.931600000000000206e-01,3.210779999999999745e-01,-2.325639999999999930e-01,-2.635750000000000037e-01,4.175530000000000075e-01,1.297139999999999960e-01,2.366030000000000078e-01,-5.489939999999999820e-01,4.540109999999999979e-01,4.827489999999999837e-01,-2.171470000000000067e-01,-8.189999999999999364e-03,4.091960000000000042e-01,-5.253029999999999644e-01,6.876900000000000235e-01,4.383850000000000247e-01,3.364600000000000229e-02,2.293590000000000073e-01,-1.618599999999999900e-02,1.000000000000000000e+00,5.867890000000000050e-01,8.093650000000000011e-01,-2.920920000000000183e-01,3.774700000000000277e-02,4.303950000000000276e-01,1.829490000000000005e-01,-2.628600000000000034e-02,-8.332199999999999329e-02,6.553339999999999721e-01,7.388919999999999932e-01,3.895899999999999919e-01,1.287490000000000023e-01,3.344340000000000090e-01,3.344460000000000210e-01,3.521400000000000224e-02,-2.080899999999999972e-01,3.022999999999999993e-02,4.537109999999999754e-01,6.157300000000000273e-02,-5.594050000000000411e-01,1.686249999999999971e-01,2.030879999999999908e-01,1.340159999999999962e-01,1.587629999999999875e-01,-4.078249999999999931e-01,-1.203089999999999993e-01,-5.153360000000000163e-01,-1.707019999999999926e-01,2.012519999999999865e-01,1.813800000000000134e-02,-5.974810000000000398e-01,-4.641170000000000018e-01,-2.540459999999999940e-01,-3.080729999999999857e-01,-5.334470000000000045e-01,-1.131000000000000061e-03,-2.175539999999999974e-01,-5.581690000000000262e-01,8.917600000000000526e-02,-2.947739999999999805e-01,3.603609999999999869e-01,-2.578119999999999856e-01,2.186369999999999980e-01,1.141700000000000007e-02,-1.668969999999999898e-01,1.650700000000000084e-02,1.393139999999999934e-01,-2.965940000000000243e-01,-2.484040000000000137e-01,-2.551900000000000002e-02,-5.746289999999999454e-01,-1.184570000000000067e-01,2.231339999999999990e-01,-1.558879999999999988e-01,1.164420000000000038e-01,6.247949999999999893e-01
