1.000000000000000000e+00,-4.259410000000000140e-01,3.246160000000000156e-01,-1.642649999999999944e-01,1.638129999999999864e-01,-1.767120000000000080e-01,-2.054010000000000002e-01,-1.144069999999999948e-01,4.221900000000000097e-01,-2.824229999999999796e-01,4.465859999999999830e-01,-8.574700000000000377e-02,-1.105180000000000051e-01,-2.774110000000000187e-01,6.009860000000000202e-01,3.196530000000000205e-01,7.656699999999999617e-02,1.486740000000000006e-01,1.741659999999999875e-01,4.408429999999999849e-01,3.419590000000000130e-01,5.439289999999999958e-01,-9.640500000000000458e-02,2.369030000000000025e-01,1.852010000000000045e-01,1.537890000000000090e-01,3.348550000000000137e-01,4.702470000000000261e-01,5.171930000000000138e-01,4.647089999999999832e-01,7.152290000000000036e-01,4.229539999999999966e-01,7.241599999999999426e-02,3.249429999999999819e-01,3.555829999999999824e-01,7.005699999999999428e-02,-1.836800000000000099e-01,8.866100000000000370e-02,4.866829999999999767e-01,1.171699999999999998e-02,5.521080000000000432e-01,3.625579999999999914e-01,1.936299999999999827e-02,1.646819999999999951e-01,4.512090000000000267e-01,7.925759999999999472e-01,-2.375109999999999999e-01,-8.481999999999999956e-03,1.141400000000000053e-01,3.164620000000000211e-01,-2.758390000000000009e-01,2.953299999999999814e-01,-4.985599999999999754e-02,1.110639999999999961e-01,-1.631849999999999967e-01,-1.121140000000000053e-01,-2.925900000000000167e-01,-2.546240000000000170e-01,-2.467380000000000129e-01,6.122699999999999809e-01,4.967940000000000134e-01,-9.636599999999999333e-02,5.394600000000000090e-02,-7.856200000000000683e-02,3.600030000000000174e-01,4.673039999999999972e-01,4.114970000000000017e-01,-1.364970000000000072e-01,2.308449999999999946e-01,-1.579939999999999956e-01,1.791220000000000034e-01,4.839390000000000081e-01,3.972689999999999833e-01,4.934939999999999882e-01,4.716699999999999782e-01,6.742510000000000447e-01
-4.259410000000000140e-01,1.000000000000000000e+00,-2.804699999999999901e-02,8.281099999999999572e-02,-2.904550000000000187e-01,7.225540000000000296e-01,8.205800000000000594e-02,2.573639999999999817e-01,-1.277290000000000092e-01,4.713430000000000120e-01,-1.341630000000000045e-01,1.899059999999999915e-01,3.994489999999999985e-01,1.386599999999999985e-02,-3.801809999999999912e-01,3.618199999999999888e-02,1.141780000000000017e-01,2.100920000000000010e-01,2.198259999999999936e-01,-9.393200000000000160e-02,1.541000000000000052e-03,-1.418510000000000049e-01,3.986589999999999856e-01,2.089789999999999981e-01,6.292649999999999633e-01,5.373919999999999808e-01,2.124020000000000075e-01,-6.386799999999999422e-02,-1.026799999999999935e-02,-9.591700000000000226e-02,-4.645639999999999770e-01,2.940800000000000011e-02,2.814949999999999952e-01,-2.181960000000000011e-01,-2.660879999999999912e-01,1.767219999999999902e-01,-5.170099999999999696e-02,2.925200000000000022e-01,-3.509090000000000265e-01,1.857759999999999967e-01,-4.464650000000000007e-01,-3.962289999999999979e-01,-2.150170000000000137e-01,-2.500189999999999912e-01,-1.300840000000000052e-01,-3.875239999999999796e-01,4.030560000000000254e-01,2.126099999999999934e-01,-9.229300000000000004e-02,-2.184879999999999878e-01,4.477539999999999853e-01,-1.543430000000000080e-01,1.089959999999999957e-01,1.916460000000000108e-01,7.406799999999999495e-02,6.564599999999999602e-02,1.358479999999999965e-01,6.341499999999999915e-02,1.153129999999999988e-01,-4.621739999999999737e-01,-5.264839999999999520e-01,-1.532630000000000103e-01,-2.826420000000000043e-01,3.350650000000000017e-01,-2.335909999999999931e-01,-3.208650000000000113e-01,-2.984359999999999791e-01,2.365289999999999893e-01,1.001019999999999965e-01,3.743520000000000181e-01,3.249699999999999811e-02,-9.889699999999999880e-02,-2.616129999999999844e-01,-4.144749999999999823e-01,-2.724000000000000032e-02,-5.668790000000000218e-01
3.246160000000000156e-01,-2.804699999999999901e-02,1.000000000000000000e+00,-7.123899999999999677e-02,3.199310000000000209e-01,1.118920000000000053e-01,-3.150870000000000060e-01,-1.085870000000000030e-01,7.621799999999999686e-01,-2.190200000000000133e-02,7.695699999999999763e-01,-2.035700000000000010e-02,4.606999999999999984e-03,-2.721189999999999998e-01,2.239790000000000114e-01,1.847320000000000073e-01,-6.479200000000000237e-02,3.636999999999999955e-02,7.403309999999999613e-01,1.455519999999999869e-01,-6.052799999999999847e-02,3.111110000000000264e-01,1.121339999999999976e-01,1.401110000000000133e-01,1.791389999999999927e-01,1.434599999999999938e-02,2.175300000000000011e-01,4.585500000000000131e-01,2.004680000000000073e-01,3.946600000000000108e-01,1.339380000000000015e-01,-2.420200000000000129e-02,-8.657099999999999518e-02,2.515620000000000078e-01,4.220399999999999846e-02,-7.566999999999999942e-03,-9.446100000000000330e-02,3.608120000000000216e-01,-7.950699999999999434e-02,3.300299999999999762e-02,1.588449999999999862e-01,-3.397200000000000220e-02,-2.989299999999999735e-01,-8.135199999999999376e-02,2.983069999999999888e-01,3.979380000000000139e-01,1.146400000000000023e-02,7.376679999999999904e-01,-2.277109999999999967e-01,3.444670000000000232e-01,9.950000000000000511e-03,8.771900000000000530e-02,-1.090689999999999993e-01,5.632380000000000164e-01,-2.075329999999999953e-01,5.860060000000000269e-01,-1.863380000000000036e-01,-4.454700000000000326e-02,-2.424330000000000096e-01,2.002839999999999898e-01,2.140680000000000083e-01,-1.704360000000000042e-01,-1.388600000000000077e-02,5.469680000000000097e-01,1.434269999999999989e-01,-4.644999999999999823e-02,2.514930000000000221e-01,7.519900000000000195e-02,2.538329999999999753e-01,5.874800000000000161e-02,7.688499999999999501e-02,3.504689999999999750e-01,3.722110000000000141e-01,2.308080000000000132e-01,4.071529999999999871e-01,1.519459999999999977e-01
-1.642649999999999944e-01,8.281099999999999572e-02,-7.123899999999999677e-02,1.000000000000000000e+00,1.817920000000000091e-01,8.987299999999999456e-02,3.920350000000000223e-01,3.707999999999999925e-03,-4.395000000000000295e-02,1.747539999999999927e-01,-7.316999999999999893e-02,5.259500000000000286e-02,-2.201900000000000038e-02,8.603299999999999836e-02,-1.565070000000000072e-01,-3.842500000000000082e-02,-9.415800000000000558e-02,5.915399999999999825e-02,-7.215599999999999792e-02,-1.507799999999999974e-01,1.352399999999999956e-02,-8.411599999999999633e-02,1.558299999999999963e-02,-5.171300000000000202e-02,1.215360000000000051e-01,-7.457600000000000340e-02,1.332859999999999878e-01,6.500599999999999434e-02,1.200060000000000016e-01,-1.152029999999999998e-01,-6.306900000000000006e-02,1.339750000000000107e-01,-1.064299999999999968e-01,-8.530000000000000082e-02,-6.531900000000000206e-02,-4.739700000000000163e-02,5.470900000000000069e-02,-6.475999999999999812e-02,-2.437100000000000030e-02,-1.870420000000000138e-01,2.983399999999999941e-02,-1.618500000000000147e-02,-3.806199999999999861e-02,-1.739709999999999868e-01,-1.332220000000000071e-01,-9.636400000000000521e-02,2.794200000000000156e-02,-6.802900000000000613e-02,8.157699999999999674e-02,-5.247099999999999681e-02,-2.077100000000000127e-02,7.597099999999999687e-02,9.859999999999999321e-02,-5.751200000000000062e-02,-1.523399999999999928e-02,6.002500000000000197e-02,2.974800000000000014e-02,-3.920300000000000173e-02,-6.805200000000000138e-02,-1.987379999999999980e-01,-4.601100000000000328e-02,-1.728639999999999899e-01,-7.147399999999999587e-02,-1.614609999999999934e-01,-8.462200000000000277e-02,-5.402099999999999957e-02,-1.231619999999999937e-01,4.453499999999999820e-02,-1.230839999999999990e-01,1.002600000000000019e-01,-1.663270000000000026e-01,1.401439999999999908e-01,-1.103599999999999998e-01,-6.579999999999999738e-02,8.018999999999999739e-02,-1.153480000000000061e-01
1.638129999999999864e-01,-2.904550000000000187e-01,3.199310000000000209e-01,1.817920000000000091e-01,1.000000000000000000e+00,-3.379190000000000249e-01,4.214979999999999838e-01,-8.429599999999999593e-02,3.965929999999999733e-01,6.695099999999999663e-02,3.550599999999999867e-01,-1.564159999999999995e-01,-6.499199999999999422e-02,1.429050000000000042e-01,1.308249999999999968e-01,1.959869999999999945e-01,9.861000000000000321e-02,1.261079999999999979e-01,1.095199999999999993e-02,-1.980429999999999968e-01,9.769600000000000506e-02,-1.049220000000000014e-01,-2.212060000000000137e-01,-1.165609999999999979e-01,-2.211780000000000135e-01,-3.335069999999999979e-01,3.029300000000000048e-02,2.557860000000000134e-01,1.353739999999999943e-01,1.818369999999999986e-01,2.921059999999999768e-01,-1.073090000000000016e-01,-2.039060000000000039e-01,1.653489999999999960e-01,2.092099999999999863e-02,-2.165269999999999972e-01,1.477779999999999927e-01,-1.467800000000000007e-02,-1.580709999999999893e-01,-3.639129999999999865e-01,2.753380000000000272e-01,9.488900000000000112e-02,1.569810000000000094e-01,1.547880000000000089e-01,-1.157839999999999980e-01,1.427529999999999910e-01,-2.462330000000000074e-01,1.656459999999999877e-01,1.559480000000000033e-01,5.672199999999999465e-01,-3.264199999999999879e-01,3.266419999999999879e-01,4.538500000000000173e-02,2.357299999999999951e-01,6.507799999999999696e-02,5.402160000000000295e-01,-4.720099999999999990e-02,5.643299999999999705e-02,7.688100000000000489e-02,1.728470000000000006e-01,2.511260000000000159e-01,1.596410000000000051e-01,1.825730000000000131e-01,2.823000000000000162e-02,4.184399999999999925e-02,1.402019999999999933e-01,1.126909999999999995e-01,-1.923169999999999880e-01,-1.785100000000000020e-01,-1.118149999999999977e-01,-2.634850000000000247e-01,1.233019999999999949e-01,3.690479999999999872e-01,2.125110000000000054e-01,2.251360000000000028e-01,2.533739999999999881e-01
-1.767120000000000080e-01,7.225540000000000296e-01,1.118920000000000053e-01,8.987299999999999456e-02,-3.379190000000000249e-01,1.000000000000000000e+00,1.817000000000000039e-03,5.591810000000000391e-01,1.004189999999999944e-01,1.424040000000000028e-01,7.211499999999999855e-02,5.088529999999999998e-01,5.176699999999999635e-01,-1.214309999999999973e-01,-6.789100000000000690e-02,-2.914269999999999916e-01,-8.134999999999999870e-03,1.394229999999999914e-01,2.650489999999999791e-01,4.122499999999999776e-02,3.342899999999999761e-01,-6.566900000000000515e-02,7.016809999999999992e-01,5.437009999999999899e-01,6.109489999999999643e-01,7.150670000000000082e-01,3.863739999999999952e-01,1.395679999999999976e-01,9.345799999999999941e-02,1.096179999999999932e-01,-3.927479999999999860e-01,1.665699999999999958e-01,2.707579999999999987e-01,-2.808620000000000005e-01,6.340400000000000202e-02,1.066860000000000031e-01,-3.617000000000000215e-01,2.928120000000000167e-01,-1.771439999999999959e-01,1.366630000000000067e-01,-1.233640000000000014e-01,-1.599199999999999927e-02,-2.719489999999999963e-01,-1.848829999999999918e-01,3.070990000000000109e-01,-2.561269999999999936e-01,6.509199999999999708e-02,1.035260000000000069e-01,-5.316499999999999698e-02,-2.485040000000000027e-01,5.189369999999999816e-01,-2.638440000000000230e-01,3.877320000000000211e-01,-1.598000000000000028e-03,-1.417110000000000036e-01,-1.298370000000000080e-01,2.094479999999999953e-01,-2.682120000000000060e-01,-2.828500000000000111e-02,-3.523640000000000105e-01,-6.374999999999999556e-01,-4.519219999999999904e-01,-5.624540000000000095e-01,1.768299999999999872e-01,-4.048300000000000232e-01,2.866000000000000145e-02,-4.489790000000000170e-01,5.473949999999999649e-01,2.126170000000000004e-01,-2.341400000000000078e-02,6.390600000000000447e-02,4.382999999999999743e-03,-3.043699999999999739e-01,-5.261529999999999818e-01,1.231900000000000009e-02,-5.470249999999999835e-01
-2.054010000000000002e-01,8.205800000000000594e-02,-3.150870000000000060e-01,3.920350000000000223e-01,4.214979999999999838e-01,1.817000000000000039e-03,1.000000000000000000e+00,1.403149999999999953e-01,-1.940030000000000088e-01,3.648730000000000029e-01,-2.426169999999999993e-01,3.237600000000000200e-02,2.349759999999999904e-01,1.593690000000000107e-01,-9.633300000000000196e-02,7.614100000000000035e-02,1.328209999999999946e-01,2.163200000000000123e-01,-3.730970000000000120e-01,-3.170520000000000005e-01,2.930949999999999944e-01,-3.570860000000000145e-01,-1.235519999999999952e-01,-1.006259999999999932e-01,2.580000000000000002e-02,-1.356880000000000031e-01,2.555870000000000086e-01,6.827300000000000035e-02,3.047059999999999769e-01,9.054199999999999748e-02,5.481799999999999867e-02,-9.742999999999999924e-03,-9.049899999999999611e-02,-1.531329999999999913e-01,-5.291699999999999876e-02,-2.116850000000000120e-01,5.830199999999999966e-02,-4.354500000000000037e-02,-2.366099999999999870e-01,-3.700490000000000168e-01,8.025699999999999501e-02,1.070300000000000001e-01,2.049600000000000033e-01,2.058560000000000112e-01,-1.649629999999999985e-01,-4.164149999999999796e-01,-2.278920000000000112e-01,-2.812100000000000155e-01,2.311360000000000081e-01,3.938599999999999740e-02,-2.783570000000000211e-01,2.010180000000000022e-01,2.407479999999999898e-01,-2.558920000000000083e-01,2.366230000000000000e-01,2.160199999999999967e-02,1.258400000000000074e-01,-5.517099999999999782e-02,1.346690000000000109e-01,-2.496220000000000105e-01,-2.526880000000000237e-01,-8.018799999999999539e-02,-1.728399999999999936e-01,-2.043000000000000094e-01,-2.301040000000000030e-01,1.237260000000000026e-01,-3.414659999999999918e-01,-1.496840000000000115e-01,-3.271180000000000199e-01,-1.146210000000000007e-01,-5.142999999999999794e-01,2.825199999999999934e-02,-2.999900000000000136e-02,-2.036830000000000029e-01,5.632999999999999986e-03,-8.339199999999999391e-02
-1.144069999999999948e-01,2.573639999999999817e-01,-1.085870000000000030e-01,3.707999999999999925e-03,-8.429599999999999593e-02,5.591810000000000391e-01,1.403149999999999953e-01,1.000000000000000000e+00,-2.073200000000000043e-01,-2.776299999999999948e-02,-1.518930000000000002e-01,7.480080000000000062e-01,2.276189999999999880e-01,3.479160000000000030e-01,6.746499999999999719e-02,-5.460549999999999571e-01,-1.850529999999999953e-01,-1.867729999999999946e-01,-1.079869999999999997e-01,-5.801200000000000107e-02,4.766810000000000214e-01,-2.547519999999999785e-01,8.310389999999999722e-01,6.146059999999999857e-01,4.720599999999999796e-02,3.969239999999999990e-01,1.601640000000000008e-01,4.771600000000000147e-02,-2.419370000000000132e-01,1.637629999999999919e-01,-3.704200000000000270e-01,-6.628799999999999970e-02,1.286980000000000068e-01,-4.912989999999999857e-01,8.833799999999999986e-02,2.038329999999999864e-01,-2.368929999999999925e-01,1.204780000000000018e-01,-1.885030000000000039e-01,-3.159200000000000202e-02,-6.664599999999999691e-02,6.574900000000000189e-02,9.772300000000000431e-02,1.426599999999999917e-02,2.334829999999999961e-01,-2.094729999999999925e-01,-1.787610000000000032e-01,1.521699999999999962e-02,1.525849999999999984e-01,-2.564029999999999920e-01,4.097359999999999891e-01,-1.962619999999999920e-01,8.741330000000000489e-01,-3.668159999999999754e-01,-6.811599999999999600e-02,-1.451880000000000115e-01,5.345379999999999576e-01,-2.552809999999999802e-01,3.337570000000000259e-01,-9.452499999999999791e-02,-5.794880000000000031e-01,-2.847149999999999959e-01,-4.204109999999999792e-01,-1.323850000000000027e-01,-3.882249999999999868e-01,3.176959999999999784e-01,-4.635429999999999828e-01,7.786079999999999668e-01,2.191680000000000017e-01,-2.466200000000000059e-01,4.748100000000000237e-02,-4.720900000000000096e-02,-4.054900000000000171e-01,-5.868689999999999740e-01,-2.543230000000000213e-01,-4.308060000000000223e-01
4.221900000000000097e-01,-1.277290000000000092e-01,7.621799999999999686e-01,-4.395000000000000295e-02,3.965929999999999733e-01,1.004189999999999944e-01,-1.940030000000000088e-01,-2.073200000000000043e-01,1.000000000000000000e+00,-1.002419999999999978e-01,7.845199999999999951e-01,-7.115900000000000003e-02,7.245200000000000251e-02,-5.003260000000000485e-01,2.536539999999999906e-01,1.290090000000000126e-01,9.298599999999999921e-02,1.367510000000000114e-01,6.226530000000000120e-01,1.340870000000000117e-01,8.730699999999999572e-02,2.702359999999999762e-01,-1.088670000000000054e-01,1.733719999999999983e-01,2.880570000000000075e-01,1.105560000000000015e-01,2.956199999999999939e-01,4.346249999999999836e-01,3.611070000000000113e-01,4.103950000000000098e-01,2.512340000000000129e-01,5.158800000000000191e-02,3.671999999999999917e-03,2.517429999999999946e-01,1.455359999999999987e-01,-1.729300000000000004e-01,-2.818010000000000237e-01,3.252900000000000236e-01,-2.401199999999999862e-02,-4.996600000000000347e-02,3.209919999999999995e-01,1.291789999999999883e-01,-2.636120000000000130e-01,6.289500000000000646e-02,4.172310000000000185e-01,4.089990000000000014e-01,-2.104479999999999962e-01,3.903349999999999875e-01,-5.726200000000000040e-02,3.517020000000000146e-01,-2.289319999999999966e-01,1.875290000000000012e-01,-2.833350000000000035e-01,5.546830000000000371e-01,-1.999589999999999979e-01,3.234270000000000200e-01,-3.238880000000000092e-01,-2.884490000000000109e-01,-4.890030000000000210e-01,1.312389999999999946e-01,1.482509999999999939e-01,-2.213859999999999995e-01,-1.496949999999999947e-01,4.005380000000000051e-01,3.728000000000000064e-02,1.103869999999999990e-01,1.425889999999999935e-01,-1.988229999999999997e-01,1.279440000000000022e-01,-9.604100000000000137e-02,-4.687000000000000194e-02,3.295230000000000103e-01,2.943890000000000118e-01,2.401079999999999881e-01,4.973819999999999908e-01,2.080289999999999917e-01
-2.824229999999999796e-01,4.713430000000000120e-01,-2.190200000000000133e-02,1.747539999999999927e-01,6.695099999999999663e-02,1.424040000000000028e-01,3.648730000000000029e-01,-2.776299999999999948e-02,-1.002419999999999978e-01,1.000000000000000000e+00,-1.395810000000000106e-01,-6.797699999999999576e-02,3.380839999999999956e-01,1.556780000000000108e-01,-2.368020000000000125e-01,2.340079999999999938e-01,2.972620000000000262e-01,2.361169999999999936e-01,6.906099999999999739e-02,-2.751649999999999929e-01,-7.470999999999999863e-02,-2.029839999999999978e-01,-5.705500000000000155e-02,5.004499999999999921e-02,2.380349999999999966e-01,3.887299999999999783e-02,9.220200000000000617e-02,7.642899999999999694e-02,7.785000000000000253e-02,4.245499999999999968e-02,-8.265599999999999337e-02,2.342199999999999838e-02,4.596000000000000085e-02,4.004200000000000120e-02,-3.710680000000000089e-01,1.792829999999999979e-01,3.773250000000000215e-01,3.861189999999999900e-01,-1.618970000000000131e-01,6.437299999999999967e-02,-3.021940000000000182e-01,-3.236870000000000025e-01,1.054230000000000028e-01,1.066560000000000008e-01,-3.001309999999999811e-01,-2.492910000000000126e-01,3.776930000000000009e-01,1.997339999999999949e-01,-1.238599999999999979e-01,-2.425100000000000172e-02,1.929400000000000004e-01,2.498839999999999950e-01,7.340800000000000103e-02,2.268280000000000018e-01,6.628199999999999648e-01,2.704139999999999877e-01,3.534840000000000204e-01,3.466859999999999942e-01,1.905459999999999932e-01,-1.822960000000000136e-01,-9.454899999999999416e-02,2.362960000000000060e-01,1.560560000000000003e-01,2.767689999999999872e-01,5.711900000000000310e-02,-2.023530000000000051e-01,-5.313199999999999867e-02,-3.291100000000000275e-02,2.039950000000000097e-01,4.393480000000000163e-01,7.256799999999999362e-02,1.604849999999999888e-01,1.062560000000000032e-01,-5.618599999999999983e-02,9.088899999999999757e-02,-1.019489999999999980e-01
4.465859999999999830e-01,-1.341630000000000045e-01,7.695699999999999763e-01,-7.316999999999999893e-02,3.550599999999999867e-01,7.211499999999999855e-02,-2.426169999999999993e-01,-1.518930000000000002e-01,7.845199999999999951e-01,-1.395810000000000106e-01,1.000000000000000000e+00,4.139000000000000318e-03,9.204000000000000375e-03,-2.565129999999999910e-01,3.861089999999999800e-01,1.729380000000000084e-01,1.375129999999999963e-01,2.891659999999999786e-01,6.194560000000000066e-01,2.344799999999999940e-01,5.527200000000000168e-02,4.320599999999999996e-01,-3.184000000000000025e-02,1.052529999999999993e-01,2.268300000000000038e-01,1.014489999999999975e-01,3.095950000000000091e-01,5.221590000000000398e-01,3.398740000000000094e-01,4.295640000000000014e-01,3.424070000000000169e-01,1.882350000000000134e-01,1.339300000000000039e-02,1.591940000000000022e-01,2.974089999999999789e-01,-8.123800000000000465e-02,-2.058929999999999927e-01,2.405430000000000068e-01,8.967100000000000071e-02,1.038700000000000040e-02,4.179919999999999747e-01,2.608300000000000063e-01,-3.122469999999999968e-01,-2.775800000000000142e-02,4.972460000000000213e-01,4.240599999999999925e-01,-2.646709999999999896e-01,3.441940000000000000e-01,-4.632000000000000006e-02,4.691190000000000082e-01,-2.269919999999999993e-01,-5.238899999999999807e-02,-1.247349999999999987e-01,3.235689999999999955e-01,-3.020769999999999844e-01,4.177839999999999887e-01,-3.615380000000000260e-01,-3.700289999999999968e-01,-2.619799999999999907e-01,2.938620000000000121e-01,1.798450000000000049e-01,-2.662280000000000202e-01,-1.857209999999999972e-01,3.331609999999999849e-01,-5.999999999999999474e-04,7.793200000000000127e-02,1.934480000000000088e-01,-7.363300000000000400e-02,3.918399999999999661e-02,-2.302470000000000072e-01,-9.053200000000000136e-02,3.060100000000000042e-01,3.247169999999999779e-01,1.615449999999999942e-01,5.140489999999999782e-01,2.393869999999999887e-01
-8.574700000000000377e-02,1.899059999999999915e-01,-2.035700000000000010e-02,5.259500000000000286e-02,-1.564159999999999995e-01,5.088529999999999998e-01,3.237600000000000200e-02,7.480080000000000062e-01,-7.115900000000000003e-02,-6.797699999999999576e-02,4.139000000000000318e-03,1.000000000000000000e+00,2.967319999999999958e-01,3.446600000000000219e-01,1.450220000000000120e-01,-6.546260000000000412e-01,-1.543760000000000132e-01,-1.934760000000000091e-01,7.834000000000000685e-03,1.552000000000000046e-01,2.670629999999999948e-01,-1.383510000000000018e-01,7.110659999999999759e-01,6.935759999999999703e-01,9.961599999999999622e-02,5.072240000000000082e-01,9.637300000000000033e-02,3.957800000000000207e-02,-2.487610000000000099e-01,2.364620000000000055e-01,-3.974779999999999980e-01,-1.732269999999999921e-01,2.607079999999999953e-01,-4.694789999999999797e-01,7.324100000000000055e-02,2.387279999999999958e-01,-2.817939999999999889e-01,3.283940000000000192e-01,-1.375480000000000036e-01,1.406779999999999975e-01,-4.989999999999999861e-04,7.567599999999999327e-02,1.269810000000000105e-01,4.096299999999999941e-02,4.232699999999999796e-01,-1.758010000000000128e-01,-1.698330000000000117e-01,-2.850000000000000103e-02,1.341340000000000032e-01,-3.057090000000000085e-01,4.268149999999999999e-01,-2.483960000000000057e-01,6.510850000000000248e-01,-3.711490000000000067e-01,-1.614500000000000102e-01,-1.820509999999999906e-01,5.420970000000000510e-01,-2.906469999999999887e-01,2.778800000000000159e-01,-3.931400000000000172e-02,-5.638609999999999456e-01,-3.400810000000000222e-01,-4.268939999999999957e-01,-8.655400000000000593e-02,-3.766419999999999768e-01,1.958120000000000138e-01,-4.811730000000000174e-01,7.087740000000000151e-01,2.738570000000000171e-01,-2.969840000000000257e-01,1.973499999999999976e-01,-4.340000000000000108e-02,-4.479759999999999853e-01,-6.062480000000000091e-01,-1.791919999999999902e-01,-4.867900000000000005e-01
-1.105180000000000051e-01,3.994489999999999985e-01,4.606999999999999984e-03,-2.201900000000000038e-02,-6.499199999999999422e-02,5.176699999999999635e-01,2.349759999999999904e-01,2.276189999999999880e-01,7.245200000000000251e-02,3.380839999999999956e-01,9.204000000000000375e-03,2.967319999999999958e-01,1.000000000000000000e+00,-5.758900000000000130e-02,5.088999999999999774e-03,3.591199999999999948e-02,2.452719999999999900e-01,3.710999999999999854e-01,2.887699999999999989e-02,-5.718000000000000166e-02,2.998390000000000222e-01,-2.370929999999999982e-01,2.150229999999999919e-01,2.405170000000000086e-01,3.000970000000000026e-01,3.849870000000000236e-01,9.280299999999999661e-02,2.067890000000000006e-01,2.260979999999999934e-01,1.399029999999999996e-01,-6.838600000000000234e-02,1.330699999999999938e-02,1.396010000000000029e-01,-1.420150000000000023e-01,-1.407460000000000100e-01,7.334699999999999553e-02,-1.458979999999999999e-01,2.654520000000000213e-01,-6.972899999999999932e-02,-2.208600000000000146e-02,-3.706600000000000172e-02,-8.522799999999999820e-02,1.533670000000000033e-01,1.742539999999999922e-01,1.160469999999999974e-01,-2.418939999999999979e-01,-3.399200000000000138e-02,-1.505000000000000044e-03,1.527880000000000071e-01,-1.594420000000000004e-01,2.638699999999999934e-01,2.760200000000000153e-02,2.241889999999999994e-01,-3.985999999999999960e-02,7.728000000000000147e-02,-9.852900000000000547e-02,1.886490000000000111e-01,1.535680000000000101e-01,8.290999999999999759e-03,-2.131609999999999894e-01,-2.282629999999999937e-01,-5.946200000000000097e-02,-1.260819999999999996e-01,8.957600000000000284e-02,-1.888219999999999898e-01,2.203320000000000001e-01,-2.918540000000000023e-01,2.036469999999999947e-01,-3.098700000000000065e-02,-1.711040000000000061e-01,-2.883000000000000146e-02,-6.507200000000000484e-02,8.971899999999999320e-02,-1.357510000000000105e-01,1.881000000000000076e-03,-2.227860000000000118e-01
-2.774110000000000187e-01,1.386599999999999985e-02,-2.721189999999999998e-01,8.603299999999999836e-02,1.429050000000000042e-01,-1.214309999999999973e-01,1.593690000000000107e-01,3.479160000000000030e-01,-5.003260000000000485e-01,1.556780000000000108e-01,-2.565129999999999910e-01,3.446600000000000219e-01,-5.758900000000000130e-02,1.000000000000000000e+00,-6.148900000000000199e-02,-2.686149999999999927e-01,-1.007599999999999989e-02,-1.389299999999999979e-01,-2.423470000000000069e-01,-3.314199999999999785e-02,-2.456949999999999967e-01,-1.568180000000000129e-01,2.895900000000000141e-01,3.968800000000000106e-02,-4.579369999999999830e-01,-6.147400000000000087e-02,-2.403349999999999931e-01,-1.729729999999999879e-01,-5.383430000000000160e-01,-1.068780000000000008e-01,-2.612579999999999902e-01,-1.006879999999999997e-01,-2.738600000000000062e-02,-2.108349999999999946e-01,-1.199419999999999931e-01,4.044590000000000130e-01,3.507330000000000170e-01,-4.910500000000000281e-02,-3.420499999999999929e-02,4.310300000000000242e-02,-1.673759999999999970e-01,-1.196809999999999957e-01,4.103370000000000073e-01,5.045499999999999985e-02,-2.512289999999999801e-01,-2.125529999999999919e-01,1.269049999999999900e-01,1.770599999999999952e-02,1.435700000000000032e-01,6.235799999999999677e-02,3.202570000000000139e-01,-1.540789999999999937e-01,4.383440000000000114e-01,-3.370059999999999722e-01,1.675230000000000052e-01,1.922520000000000062e-01,5.253640000000000532e-01,2.292140000000000011e-01,7.851740000000000386e-01,4.740899999999999975e-02,-1.107810000000000045e-01,2.581760000000000166e-01,1.963409999999999878e-01,-9.857899999999999996e-02,-9.013799999999999590e-02,-2.297079999999999955e-01,-1.104099999999999943e-01,4.207890000000000241e-01,4.877000000000000259e-03,3.237999999999999993e-03,1.881790000000000129e-01,-2.010180000000000022e-01,-1.418439999999999979e-01,-3.766950000000000021e-01,-3.625729999999999786e-01,-2.262190000000000034e-01
6.009860000000000202e-01,-3.801809999999999912e-01,2.239790000000000114e-01,-1.565070000000000072e-01,1.308249999999999968e-01,-6.789100000000000690e-02,-9.633300000000000196e-02,6.746499999999999719e-02,2.536539999999999906e-01,-2.368020000000000125e-01,3.861089999999999800e-01,1.450220000000000120e-01,5.088999999999999774e-03,-6.148900000000000199e-02,1.000000000000000000e+00,5.358000000000000262e-02,2.520689999999999875e-01,2.536749999999999838e-01,-2.681800000000000156e-02,5.082470000000000043e-01,3.599649999999999794e-01,5.089820000000000455e-01,-1.219399999999999998e-02,2.420269999999999921e-01,-1.374700000000000054e-02,2.597650000000000237e-01,1.968749999999999944e-01,5.904559999999999809e-01,3.904400000000000093e-01,5.751439999999999886e-01,5.740359999999999907e-01,3.588919999999999888e-01,9.638199999999999545e-02,1.374360000000000026e-01,5.512240000000000473e-01,-9.577199999999999602e-02,-1.773309999999999886e-01,1.010869999999999963e-01,4.508679999999999910e-01,8.976900000000000157e-02,6.553560000000000496e-01,6.170879999999999699e-01,1.247000000000000062e-03,2.664529999999999954e-01,5.824359999999999538e-01,3.468399999999999817e-01,-4.107339999999999880e-01,-1.843400000000000039e-01,1.805070000000000008e-01,2.307279999999999887e-01,-1.862179999999999946e-01,7.078700000000000270e-02,1.271390000000000020e-01,-2.197830000000000061e-01,-7.314099999999999768e-02,-1.233339999999999992e-01,-9.088200000000000445e-02,-2.959080000000000044e-01,-7.994600000000000317e-02,8.026809999999999778e-01,2.667220000000000146e-01,2.245799999999999880e-02,-1.180000000000000059e-03,-2.969550000000000245e-01,1.606299999999999950e-01,4.559579999999999744e-01,2.158239999999999881e-01,1.324200000000000030e-02,1.255110000000000114e-01,-4.417360000000000175e-01,1.524510000000000032e-01,2.521829999999999905e-01,2.715890000000000248e-01,2.280379999999999907e-01,2.439639999999999864e-01,4.630480000000000151e-01
3.196530000000000205e-01,3.618199999999999888e-02,1.847320000000000073e-01,-3.842500000000000082e-02,1.959869999999999945e-01,-2.914269999999999916e-01,7.614100000000000035e-02,-5.460549999999999571e-01,1.290090000000000126e-01,2.340079999999999938e-01,1.729380000000000084e-01,-6.546260000000000412e-01,3.591199999999999948e-02,-2.686149999999999927e-01,5.358000000000000262e-02,1.000000000000000000e+00,4.583260000000000112e-01,5.841819999999999791e-01,1.624039999999999928e-01,4.069899999999999907e-02,-8.787399999999999378e-02,3.412760000000000238e-01,-5.479110000000000369e-01,-4.854780000000000206e-01,2.317960000000000020e-01,-2.050389999999999990e-01,7.219799999999999829e-02,3.183429999999999871e-01,5.464649999999999785e-01,1.098549999999999943e-01,6.258700000000000374e-01,3.726329999999999920e-01,-1.118979999999999975e-01,4.695909999999999807e-01,-3.530699999999999811e-02,-1.112100000000000068e-02,1.479270000000000029e-01,-1.120219999999999966e-01,2.360369999999999968e-01,-9.195000000000000395e-02,1.107729999999999965e-01,-8.270700000000000274e-02,-3.984999999999999654e-02,3.946299999999999808e-02,-2.059410000000000129e-01,2.754260000000000042e-01,1.501470000000000027e-01,1.575149999999999884e-01,-1.005489999999999995e-01,3.551480000000000192e-01,-3.491630000000000011e-01,2.287319999999999909e-01,-4.594219999999999970e-01,3.079330000000000123e-01,2.658599999999999852e-02,1.638419999999999876e-01,-5.826419999999999932e-01,2.394050000000000067e-01,-1.546160000000000034e-01,1.313610000000000055e-01,5.715759999999999730e-01,2.266180000000000139e-01,3.810459999999999958e-01,2.028159999999999963e-01,3.613489999999999758e-01,-1.028789999999999982e-01,4.757399999999999962e-01,-5.928849999999999953e-01,-2.170169999999999877e-01,2.565299999999999803e-01,-2.329620000000000024e-01,1.337700000000000000e-01,5.839410000000000434e-01,5.801779999999999715e-01,4.071110000000000007e-01,5.575780000000000181e-01
7.656699999999999617e-02,1.141780000000000017e-01,-6.479200000000000237e-02,-9.415800000000000558e-02,9.861000000000000321e-02,-8.134999999999999870e-03,1.328209999999999946e-01,-1.850529999999999953e-01,9.298599999999999921e-02,2.972620000000000262e-01,1.375129999999999963e-01,-1.543760000000000132e-01,2.452719999999999900e-01,-1.007599999999999989e-02,2.520689999999999875e-01,4.583260000000000112e-01,1.000000000000000000e+00,8.065090000000000314e-01,6.966100000000000070e-02,7.358900000000000163e-02,9.333500000000000130e-02,1.357839999999999880e-01,-3.537739999999999774e-01,-1.136029999999999957e-01,1.189400000000000041e-01,2.517769999999999730e-01,-1.547810000000000019e-01,3.024990000000000179e-01,2.361320000000000086e-01,6.237100000000000283e-02,3.845290000000000097e-01,4.036580000000000168e-01,1.170090000000000019e-01,1.035790000000000044e-01,5.748500000000000137e-02,-2.303799999999999945e-02,-5.394399999999999890e-02,-1.166419999999999957e-01,2.643940000000000179e-01,6.606900000000000273e-02,9.862700000000000633e-02,1.611730000000000107e-01,2.802999999999999936e-02,1.377899999999999958e-02,-1.444800000000000077e-02,-1.794999999999999938e-03,-4.547500000000000153e-02,-1.844300000000000106e-01,8.278499999999999748e-02,1.137210000000000026e-01,-1.174449999999999938e-01,4.720400000000000290e-02,-2.022239999999999871e-01,6.172999999999999668e-03,2.653119999999999923e-01,-1.451299999999999986e-02,-2.060520000000000129e-01,6.386000000000000010e-02,8.299999999999999815e-05,1.208449999999999941e-01,2.294259999999999911e-01,4.484600000000000253e-01,3.384929999999999883e-01,-3.755900000000000211e-02,4.748499999999999943e-02,8.155900000000000649e-02,9.599499999999999700e-02,-3.713480000000000114e-01,-1.827959999999999863e-01,-1.020199999999999996e-01,-5.068999999999999895e-02,-1.640270000000000061e-01,2.050990000000000035e-01,1.342109999999999970e-01,2.073799999999999949e-02,1.847439999999999916e-01
1.486740000000000006e-01,2.100920000000000010e-01,3.636999999999999955e-02,5.915399999999999825e-02,1.261079999999999979e-01,1.394229999999999914e-01,2.163200000000000123e-01,-1.867729999999999946e-01,1.367510000000000114e-01,2.361169999999999936e-01,2.891659999999999786e-01,-1.934760000000000091e-01,3.710999999999999854e-01,-1.389299999999999979e-01,2.536749999999999838e-01,5.841819999999999791e-01,8.065090000000000314e-01,1.000000000000000000e+00,7.939499999999999336e-02,9.030199999999999338e-02,1.624339999999999951e-01,1.949980000000000047e-01,-2.831980000000000053e-01,-1.514290000000000080e-01,3.578169999999999962e-01,2.298489999999999978e-01,1.405730000000000035e-01,4.350589999999999735e-01,5.352569999999999828e-01,1.160220000000000001e-01,4.668160000000000087e-01,5.625339999999999785e-01,1.947180000000000022e-01,1.492479999999999918e-01,1.820529999999999926e-01,-1.244399999999999951e-01,-1.609279999999999877e-01,-5.752299999999999774e-02,3.399460000000000259e-01,7.606799999999999673e-02,2.848410000000000108e-01,2.500649999999999817e-01,-8.174599999999999922e-02,2.175300000000000150e-02,1.438510000000000066e-01,1.424399999999999972e-02,-6.288699999999999846e-02,-1.467670000000000086e-01,1.183970000000000022e-01,1.418210000000000026e-01,-1.167789999999999939e-01,-1.857299999999999923e-02,-9.414200000000000346e-02,-4.207899999999999835e-02,8.827500000000000624e-02,-4.705199999999999660e-02,-3.798739999999999895e-01,-4.076199999999999962e-02,-3.174099999999999838e-02,9.562199999999999867e-02,2.212679999999999925e-01,1.843480000000000119e-01,1.626509999999999900e-01,-7.153299999999999936e-02,-2.186700000000000102e-02,1.155999999999999944e-01,1.213799999999999948e-02,-2.852250000000000063e-01,-2.817749999999999977e-01,-8.609799999999999398e-02,-1.833859999999999935e-01,3.588100000000000317e-02,3.091659999999999964e-01,1.630510000000000015e-01,1.870960000000000123e-01,1.936370000000000036e-01
1.741659999999999875e-01,2.198259999999999936e-01,7.403309999999999613e-01,-7.215599999999999792e-02,1.095199999999999993e-02,2.650489999999999791e-01,-3.730970000000000120e-01,-1.079869999999999997e-01,6.226530000000000120e-01,6.906099999999999739e-02,6.194560000000000066e-01,7.834000000000000685e-03,2.887699999999999989e-02,-2.423470000000000069e-01,-2.681800000000000156e-02,1.624039999999999928e-01,6.966100000000000070e-02,7.939499999999999336e-02,1.000000000000000000e+00,2.254279999999999895e-01,-1.911799999999999888e-01,3.633069999999999911e-01,1.092570000000000069e-01,1.594279999999999864e-01,3.297359999999999736e-01,1.969879999999999964e-01,1.733999999999999986e-01,3.320350000000000246e-01,1.084760000000000030e-01,2.456139999999999990e-01,-3.878700000000000203e-02,4.790200000000000014e-02,3.109400000000000011e-02,1.195350000000000024e-01,-7.221900000000000541e-02,2.626299999999999746e-01,-1.629029999999999923e-01,3.575519999999999810e-01,-4.484099999999999892e-02,1.524669999999999914e-01,-1.223489999999999994e-01,-2.636149999999999882e-01,-2.578309999999999769e-01,-2.118250000000000133e-01,1.872759999999999980e-01,2.990389999999999993e-01,1.814840000000000064e-01,7.043570000000000109e-01,-2.458239999999999870e-01,1.122449999999999976e-01,9.124500000000000666e-02,1.407500000000000070e-02,-1.941479999999999873e-01,5.836670000000000469e-01,-2.037289999999999934e-01,4.233500000000000041e-01,-2.045289999999999886e-01,-9.586600000000000676e-02,-2.658200000000000007e-01,-5.581099999999999950e-02,3.832300000000000290e-02,-2.472689999999999888e-01,-7.130300000000000527e-02,7.910099999999999909e-01,1.237309999999999938e-01,-1.970210000000000017e-01,2.186869999999999925e-01,2.110300000000000023e-02,2.795199999999999907e-01,1.774439999999999906e-01,1.261299999999999921e-01,2.137759999999999938e-01,1.342919999999999947e-01,2.553800000000000167e-02,2.872850000000000126e-01,-2.033300000000000038e-02
4.408429999999999849e-01,-9.393200000000000160e-02,1.455519999999999869e-01,-1.507799999999999974e-01,-1.980429999999999968e-01,4.122499999999999776e-02,-3.170520000000000005e-01,-5.801200000000000107e-02,1.340870000000000117e-01,-2.751649999999999929e-01,2.344799999999999940e-01,1.552000000000000046e-01,-5.718000000000000166e-02,-3.314199999999999785e-02,5.082470000000000043e-01,4.069899999999999907e-02,7.358900000000000163e-02,9.030199999999999338e-02,2.254279999999999895e-01,1.000000000000000000e+00,4.867300000000000099e-02,7.940540000000000376e-01,2.543700000000000128e-02,1.585350000000000092e-01,1.158980000000000010e-01,2.611600000000000033e-01,1.220379999999999937e-01,3.340159999999999796e-01,2.211599999999999955e-01,3.460150000000000170e-01,3.555349999999999899e-01,2.986519999999999730e-01,1.365399999999999947e-01,1.705059999999999909e-01,7.492899999999999561e-02,3.812070000000000181e-01,-2.365269999999999873e-01,1.050930000000000059e-01,3.951950000000000185e-01,3.191149999999999820e-01,2.572400000000000242e-01,2.101400000000000143e-02,5.640300000000000175e-02,-1.353409999999999891e-01,3.754279999999999839e-01,4.805760000000000032e-01,1.707440000000000069e-01,4.654799999999999910e-02,1.828849999999999920e-01,-8.690199999999999314e-02,1.749020000000000019e-01,6.022000000000000269e-02,-8.850700000000000234e-02,4.901099999999999901e-02,-1.576940000000000008e-01,-2.139850000000000085e-01,-3.495399999999999896e-02,-5.491200000000000248e-02,-1.086219999999999963e-01,5.121010000000000284e-01,2.698550000000000115e-01,-9.446699999999999542e-02,8.139899999999999913e-02,3.607400000000000190e-02,5.020649999999999835e-01,1.728270000000000084e-01,4.929520000000000013e-01,7.600999999999999424e-02,2.036100000000000132e-01,2.462100000000000052e-02,4.060289999999999733e-01,2.544870000000000188e-01,1.425589999999999913e-01,2.346540000000000015e-01,1.791629999999999889e-01,3.385810000000000208e-01
