1.000000000000000000e+00,1.725049999999999917e-01,-2.756140000000000256e-01,2.392730000000000135e-01,2.428800000000000056e-02,-2.455050000000000010e-01,2.079799999999999982e-01,-1.590650000000000119e-01,-4.050779999999999936e-01,2.964789999999999925e-01,-2.538549999999999973e-01,-5.627299999999999663e-02,2.846999999999999878e-02,2.665779999999999816e-01,-9.509000000000000091e-03,7.031089999999999840e-01,3.190729999999999955e-01,5.211839999999999806e-01,-2.157299999999999843e-02,-8.176999999999999547e-02,4.234629999999999783e-01,5.314459999999999740e-01,-2.693690000000000251e-01,1.165739999999999971e-01,5.571819999999999551e-01,2.071079999999999866e-01,-1.891750000000000098e-01,2.506880000000000219e-01,4.757480000000000042e-01,1.584599999999999898e-01,7.489350000000000174e-01,3.103940000000000032e-01,3.771900000000000253e-01,5.123130000000000184e-01,3.655459999999999821e-01,1.967909999999999937e-01,2.009970000000000090e-01,-4.126500000000000307e-02,3.620860000000000190e-01,3.465090000000000114e-01,5.355259999999999465e-01,3.053130000000000011e-01,3.835199999999999720e-02,6.590300000000000324e-02,8.592900000000000538e-02,7.647620000000000529e-01,2.584699999999999845e-02,-3.189949999999999730e-01,2.981800000000000075e-02,-1.459479999999999944e-01,-2.536889999999999978e-01,7.003299999999999803e-02,-2.416409999999999947e-01,-3.793440000000000145e-01,2.671069999999999833e-01,-2.847100000000000186e-01,-6.309000000000000372e-03,-6.599900000000000211e-02,-6.167899999999999772e-02,-9.266299999999999537e-02,6.430829999999999602e-01,3.172840000000000105e-01,4.320260000000000211e-01,-5.631599999999999800e-02,-2.535450000000000204e-01,2.543630000000000058e-01,1.829169999999999963e-01,-2.639469999999999872e-01,1.207680000000000003e-01,2.985570000000000168e-01,1.310949999999999893e-01,-2.629029999999999978e-01,9.608999999999999486e-02,1.758570000000000133e-01,1.738250000000000073e-01,7.137550000000000283e-01
1.725049999999999917e-01,1.000000000000000000e+00,-8.417700000000000182e-02,-1.649059999999999970e-01,9.144299999999999651e-02,5.460180000000000033e-01,-9.400699999999999334e-02,3.441759999999999819e-01,-3.501049999999999995e-01,3.471799999999999886e-02,-6.908100000000000351e-02,4.250999999999999571e-03,1.634919999999999984e-01,1.849969999999999948e-01,1.814400000000000041e-02,2.755889999999999729e-01,5.825040000000000218e-01,2.843689999999999829e-01,-3.674999999999999795e-02,6.314500000000000668e-02,4.688189999999999857e-01,3.576949999999999852e-01,3.192479999999999762e-01,3.375980000000000092e-01,6.118550000000000377e-01,7.779340000000000144e-01,-4.387200000000000127e-02,-5.250999999999999591e-03,4.425959999999999894e-01,1.387190000000000090e-01,1.378959999999999908e-01,4.034670000000000201e-01,1.738619999999999888e-01,-6.661300000000000554e-02,-1.396590000000000054e-01,2.909530000000000172e-01,9.141199999999999326e-02,1.568500000000000102e-02,3.377140000000000142e-01,3.354329999999999812e-01,4.253900000000000042e-02,-3.235870000000000135e-01,3.404159999999999964e-01,2.240929999999999866e-01,3.054620000000000113e-01,3.262100000000000000e-01,6.870619999999999505e-01,-1.322579999999999867e-01,2.685930000000000262e-01,-5.542000000000000051e-03,3.138340000000000019e-01,9.041000000000000425e-03,3.513459999999999916e-01,-2.144159999999999955e-01,6.307400000000000506e-02,-5.812300000000000105e-02,2.040799999999999906e-02,2.681370000000000142e-01,-2.027460000000000095e-01,2.867669999999999941e-01,2.553090000000000082e-01,9.483000000000000110e-03,1.398649999999999893e-01,3.338999999999999954e-03,8.265699999999999437e-02,4.285840000000000205e-01,4.226820000000000022e-01,1.757039999999999991e-01,3.157059999999999866e-01,3.233869999999999800e-01,6.920030000000000348e-01,6.094200000000000311e-02,-1.669329999999999981e-01,4.054780000000000051e-01,-1.688189999999999968e-01,1.122640000000000027e-01
-2.756140000000000256e-01,-8.417700000000000182e-02,1.000000000000000000e+00,-2.010929999999999940e-01,3.849090000000000011e-01,8.283400000000000485e-02,7.621100000000000096e-02,2.979240000000000221e-01,3.777269999999999794e-01,4.012399999999999994e-02,7.694419999999999593e-01,-1.148379999999999956e-01,3.231200000000000044e-02,2.869740000000000069e-01,-1.754699999999999871e-01,-1.090809999999999974e-01,5.728799999999999865e-02,-2.209399999999999906e-02,8.169619999999999660e-01,-1.829050000000000120e-01,-3.132249999999999757e-01,-8.060499999999999610e-02,2.821799999999999864e-01,-1.407599999999999962e-01,-2.572169999999999734e-01,-8.829299999999999649e-02,4.125219999999999998e-01,-8.293599999999999584e-02,-2.292009999999999881e-01,-1.311249999999999916e-01,-2.963729999999999976e-01,-8.103499999999999592e-02,-6.422400000000000331e-02,-3.412299999999999778e-01,-1.236509999999999970e-01,1.510279999999999956e-01,7.620399999999999396e-02,1.462019999999999986e-01,-1.642499999999999863e-02,-7.484499999999999487e-02,-2.026070000000000093e-01,-2.131899999999999906e-01,2.562630000000000186e-01,2.090470000000000106e-01,2.522999999999999896e-02,-2.877029999999999865e-01,1.574039999999999884e-01,8.729679999999999662e-01,-1.996630000000000071e-01,4.381430000000000047e-01,3.030419999999999781e-01,3.388999999999999790e-01,4.183649999999999869e-01,3.304130000000000122e-01,2.043599999999999930e-02,7.115160000000000373e-01,-1.712160000000000071e-01,1.644569999999999921e-01,2.194899999999999976e-02,-1.778240000000000098e-01,-1.184840000000000060e-01,1.516699999999999993e-02,-4.594700000000000173e-02,7.826809999999999601e-01,-4.005800000000000333e-02,-2.619679999999999787e-01,-8.927000000000000213e-02,3.893659999999999899e-01,-1.996020000000000016e-01,-8.446199999999999541e-02,-1.143170000000000019e-01,4.957429999999999892e-01,-1.159359999999999974e-01,-1.131429999999999936e-01,-1.247889999999999971e-01,-2.126230000000000064e-01
2.392730000000000135e-01,-1.649059999999999970e-01,-2.010929999999999940e-01,1.000000000000000000e+00,-1.335899999999999865e-01,7.217000000000000325e-03,-5.602300000000000335e-02,-3.124970000000000248e-01,-2.693740000000000023e-01,1.563239999999999907e-01,-2.160580000000000001e-01,4.315329999999999999e-01,1.906120000000000037e-01,2.200680000000000136e-01,1.516200000000000013e-02,1.612250000000000072e-01,-8.566400000000000403e-02,1.652349999999999930e-01,-1.537620000000000098e-01,1.815479999999999872e-01,-3.563700000000000201e-02,-2.435000000000000098e-03,-1.329039999999999944e-01,1.865249999999999964e-01,1.719599999999999948e-02,-1.114060000000000050e-01,-4.308900000000000230e-02,6.847649999999999570e-01,7.146800000000000375e-02,3.732139999999999902e-01,5.593820000000000459e-01,8.201999999999999222e-03,7.681999999999999940e-02,6.534379999999999633e-01,2.427429999999999866e-01,1.779519999999999991e-01,3.048409999999999731e-01,-1.814899999999999847e-02,2.206720000000000070e-01,-1.002600000000000019e-01,4.226840000000000042e-01,5.232480000000000464e-01,-5.234599999999999670e-02,-3.391600000000000170e-02,-1.586130000000000040e-01,1.445009999999999906e-01,-2.622309999999999919e-01,-3.709870000000000112e-01,-1.425379999999999980e-01,1.883869999999999989e-01,6.728199999999999459e-02,-3.272909999999999986e-01,-1.968310000000000060e-01,-1.384340000000000015e-01,4.949999999999999973e-04,-2.708909999999999929e-01,4.804979999999999807e-01,-1.918940000000000090e-01,1.938320000000000043e-01,-2.670649999999999968e-01,2.538730000000000153e-01,2.493769999999999876e-01,3.634700000000000153e-01,-1.731350000000000111e-01,2.567699999999999844e-02,-1.938989999999999880e-01,-9.713399999999999812e-02,-1.868180000000000118e-01,1.707059999999999966e-01,7.192700000000000482e-02,-1.266390000000000016e-01,-1.866960000000000008e-01,4.554730000000000167e-01,4.009800000000000170e-02,4.711509999999999865e-01,5.025039999999999507e-01
2.428800000000000056e-02,9.144299999999999651e-02,3.849090000000000011e-01,-1.335899999999999865e-01,1.000000000000000000e+00,2.956889999999999796e-01,3.005419999999999758e-01,2.729489999999999972e-01,5.372829999999999551e-01,2.977009999999999934e-01,6.062739999999999796e-01,1.277210000000000012e-01,2.235509999999999997e-01,1.914849999999999886e-01,5.525000000000000397e-03,1.189199999999999979e-02,1.674209999999999865e-01,-6.466900000000000426e-02,4.289259999999999740e-01,4.413299999999999862e-02,-2.946000000000000008e-02,1.323660000000000114e-01,1.891720000000000068e-01,1.116140000000000049e-01,3.037239999999999940e-01,2.591160000000000130e-01,5.554459999999999953e-01,1.774080000000000101e-01,-4.025100000000000205e-02,-7.621000000000000170e-03,-1.077530000000000016e-01,-5.490899999999999948e-02,3.543600000000000222e-02,-1.388580000000000092e-01,-1.260100000000000109e-01,6.256799999999999862e-02,1.661199999999999830e-02,1.012269999999999975e-01,-4.825800000000000228e-02,1.252659999999999885e-01,-6.091699999999999893e-02,-4.578800000000000231e-02,7.608600000000000085e-02,3.130399999999999849e-02,1.223130000000000051e-01,4.392700000000000077e-02,1.279230000000000089e-01,4.525980000000000003e-01,-2.868290000000000006e-01,5.502639999999999754e-01,2.916279999999999983e-01,5.802110000000000323e-01,3.226109999999999811e-01,5.348819999999999686e-01,4.075559999999999738e-01,4.891209999999999725e-01,1.299180000000000057e-01,4.384100000000000219e-01,-1.481840000000000102e-01,-1.078999999999999924e-02,-9.191100000000000658e-02,1.881049999999999944e-01,-9.281799999999999773e-02,4.406590000000000229e-01,1.135619999999999963e-01,-1.684249999999999914e-01,3.036000000000000070e-03,2.303020000000000067e-01,1.637290000000000134e-01,3.618310000000000137e-01,1.410490000000000077e-01,4.629210000000000269e-01,2.828789999999999916e-01,1.051900000000000057e-02,8.207200000000000606e-02,-1.217999999999999899e-03
-2.455050000000000010e-01,5.460180000000000033e-01,8.283400000000000485e-02,7.217000000000000325e-03,2.956889999999999796e-01,1.000000000000000000e+00,7.260600000000000387e-02,5.195980000000000043e-01,5.012899999999999995e-02,6.811899999999999900e-02,1.904599999999999904e-01,2.951110000000000122e-01,5.012410000000000476e-01,1.122920000000000029e-01,1.055750000000000022e-01,-2.073399999999999965e-01,2.709010000000000029e-01,-1.710500000000000076e-01,4.834800000000000209e-02,8.705699999999999550e-02,2.176909999999999956e-01,-1.100040000000000046e-01,6.778370000000000228e-01,4.249999999999999889e-01,1.852439999999999920e-01,4.722529999999999784e-01,2.060480000000000089e-01,2.109910000000000119e-01,7.521600000000000508e-02,2.343989999999999962e-01,-1.257359999999999867e-01,1.618870000000000031e-01,-2.164999999999999911e-02,4.582000000000000135e-03,-7.326000000000000567e-02,1.008010000000000017e-01,-2.419999999999999842e-03,1.678080000000000127e-01,1.436030000000000084e-01,2.011000000000000201e-03,1.759999999999999954e-04,-1.118050000000000016e-01,1.204879999999999979e-01,-1.735199999999999937e-02,1.561929999999999985e-01,-9.046200000000000074e-02,4.709969999999999990e-01,1.060600000000000015e-01,-7.511700000000000321e-02,2.430499999999999883e-01,7.878549999999999720e-01,1.770380000000000009e-01,6.793709999999999471e-01,1.704980000000000107e-01,1.649909999999999988e-01,1.436089999999999867e-01,3.253159999999999941e-01,4.999879999999999880e-01,-9.650000000000000244e-02,1.510189999999999866e-01,-1.851250000000000118e-01,1.770079999999999987e-01,-1.085259999999999975e-01,8.835600000000000398e-02,1.277860000000000107e-01,1.769870000000000054e-01,-1.999099999999999835e-02,6.082349999999999701e-01,3.319320000000000048e-01,3.147880000000000122e-01,4.255499999999999838e-01,1.511929999999999941e-01,1.986769999999999925e-01,2.254249999999999865e-01,1.612550000000000094e-01,-1.688139999999999918e-01
2.079799999999999982e-01,-9.400699999999999334e-02,7.621100000000000096e-02,-5.602300000000000335e-02,3.005419999999999758e-01,7.260600000000000387e-02,1.000000000000000000e+00,3.587890000000000246e-01,2.398959999999999981e-01,5.506400000000000183e-01,2.127749999999999919e-01,1.407199999999999944e-02,6.220449999999999591e-01,5.916799999999999837e-02,-2.105680000000000052e-01,4.482799999999999979e-02,2.847830000000000084e-01,1.659100000000000158e-02,3.500510000000000010e-01,-4.860610000000000208e-01,7.301699999999999857e-02,-2.005830000000000113e-01,9.041299999999999337e-02,1.107520000000000032e-01,8.399299999999999822e-02,-1.021100000000000063e-01,2.121869999999999867e-01,6.642699999999999994e-02,-1.187829999999999997e-01,-2.884390000000000009e-01,-5.834500000000000103e-02,1.013730000000000048e-01,3.744930000000000203e-01,1.506059999999999899e-01,5.562120000000000397e-01,-1.009379999999999999e-01,2.589270000000000183e-01,1.903699999999999837e-02,5.852099999999999663e-02,9.452000000000000679e-02,2.173839999999999939e-01,3.612040000000000251e-01,-4.406079999999999997e-01,-7.882100000000000217e-02,-2.507289999999999797e-01,-1.662869999999999904e-01,-1.010920000000000013e-01,2.031840000000000035e-01,-4.241139999999999910e-01,-1.776359999999999884e-01,8.440400000000000680e-02,6.380890000000000173e-01,9.427099999999999369e-02,8.799099999999999977e-02,5.585539999999999949e-01,2.994809999999999972e-01,1.031099999999999933e-01,4.054729999999999723e-01,1.904399999999999843e-02,-3.978030000000000177e-01,8.278499999999999748e-02,6.757220000000000448e-01,1.399829999999999963e-01,2.120319999999999983e-01,-3.790899999999999825e-01,-2.067690000000000083e-01,-5.263449999999999518e-01,1.736659999999999870e-01,-6.619700000000000584e-02,1.858879999999999977e-01,-2.878339999999999788e-01,-3.110800000000000023e-02,2.037200000000000122e-01,-4.009980000000000211e-01,3.717610000000000081e-01,1.057379999999999987e-01
-1.590650000000000119e-01,3.441759999999999819e-01,2.979240000000000221e-01,-3.124970000000000248e-01,2.729489999999999972e-01,5.195980000000000043e-01,3.587890000000000246e-01,1.000000000000000000e+00,1.481429999999999969e-01,1.252999999999999947e-02,2.948479999999999990e-01,-1.373850000000000071e-01,3.598160000000000247e-01,1.198779999999999984e-01,-2.677740000000000120e-01,-1.572649999999999881e-01,4.039610000000000145e-01,-6.519400000000000195e-02,3.509419999999999762e-01,-3.194420000000000037e-01,2.615040000000000142e-01,-1.592330000000000134e-01,7.267439999999999456e-01,2.951179999999999914e-01,5.798199999999999882e-02,2.820309999999999762e-01,1.212960000000000010e-01,-9.547200000000000131e-02,-1.131609999999999977e-01,-1.679049999999999987e-01,-2.713820000000000121e-01,3.269759999999999889e-01,2.538489999999999913e-01,-1.394559999999999966e-01,2.039050000000000029e-01,2.380279999999999896e-01,1.207219999999999960e-01,1.640700000000000144e-02,2.369420000000000137e-01,2.268940000000000123e-01,8.883000000000000271e-03,-9.046400000000000274e-02,9.730099999999999860e-02,1.305080000000000129e-01,-9.717999999999999208e-03,-2.093309999999999893e-01,3.270830000000000126e-01,4.117899999999999894e-01,-2.497630000000000128e-01,-2.961199999999999943e-02,4.497820000000000151e-01,4.993609999999999993e-01,8.278729999999999700e-01,7.206100000000000005e-02,2.164899999999999880e-01,4.306389999999999940e-01,-7.937800000000000411e-02,5.249829999999999774e-01,-1.828049999999999953e-01,-6.407699999999999507e-02,-1.242830000000000046e-01,3.316049999999999831e-01,-5.331099999999999728e-02,2.901949999999999807e-01,-9.686599999999999377e-02,1.611509999999999887e-01,-7.739200000000000246e-02,7.138280000000000181e-01,1.178619999999999945e-01,1.306190000000000129e-01,2.098820000000000130e-01,1.865729999999999889e-01,-1.231099999999999972e-01,-1.165360000000000007e-01,-6.088400000000000062e-02,-1.547640000000000127e-01
-4.050779999999999936e-01,-3.501049999999999995e-01,3.777269999999999794e-01,-2.693740000000000023e-01,5.372829999999999551e-01,5.012899999999999995e-02,2.398959999999999981e-01,1.481429999999999969e-01,1.000000000000000000e+00,-4.465000000000000219e-02,6.093600000000000128e-01,-4.348599999999999688e-02,1.768359999999999932e-01,-3.427069999999999839e-01,2.650819999999999843e-01,-4.360379999999999812e-01,-1.941730000000000123e-01,-4.165309999999999846e-01,3.291069999999999829e-01,2.444510000000000016e-01,-2.702200000000000157e-01,-2.073139999999999983e-01,4.397800000000000320e-02,-2.045140000000000013e-01,-2.061280000000000057e-01,-1.132370000000000043e-01,6.468049999999999633e-01,9.907699999999999840e-02,-2.136190000000000033e-01,4.919799999999999868e-02,-3.531110000000000082e-01,-2.163009999999999933e-01,-1.802890000000000048e-01,-3.511179999999999857e-01,-1.389970000000000094e-01,-2.036689999999999889e-01,-1.148900000000000060e-01,-5.797100000000000170e-02,-2.854160000000000030e-01,-2.181919999999999971e-01,-3.594060000000000032e-01,-9.220299999999999330e-02,-2.180910000000000071e-01,-2.220920000000000116e-01,-2.128619999999999957e-01,-3.091149999999999731e-01,-1.613989999999999869e-01,5.493360000000000465e-01,-3.491540000000000199e-01,3.402209999999999956e-01,2.214289999999999869e-01,4.582479999999999887e-01,1.742889999999999995e-01,8.955140000000000322e-01,8.378599999999999937e-02,5.372489999999999766e-01,-2.735299999999999884e-02,3.870560000000000112e-01,6.517000000000000223e-03,1.309430000000000038e-01,-4.317119999999999846e-01,2.631999999999999965e-02,-2.967150000000000065e-01,3.355710000000000082e-01,4.214910000000000045e-01,-2.856270000000000198e-01,-1.546359999999999957e-01,2.562329999999999885e-01,-1.264000000000000123e-01,6.311600000000000543e-02,-1.627049999999999885e-01,5.891410000000000258e-01,3.519019999999999926e-01,-2.768899999999999834e-02,3.107779999999999987e-01,-1.963999999999999913e-01
2.964789999999999925e-01,3.471799999999999886e-02,4.012399999999999994e-02,1.563239999999999907e-01,2.977009999999999934e-01,6.811899999999999900e-02,5.506400000000000183e-01,1.252999999999999947e-02,-4.465000000000000219e-02,1.000000000000000000e+00,1.989219999999999877e-01,5.366769999999999596e-01,4.267329999999999735e-01,2.905369999999999897e-01,-2.779329999999999856e-01,2.513029999999999986e-01,2.897140000000000271e-01,1.849870000000000125e-01,2.079729999999999912e-01,-3.321649999999999880e-01,6.019999999999999657e-02,3.282500000000000001e-02,-1.528370000000000006e-01,4.342239999999999989e-01,1.639720000000000066e-01,-3.253299999999999942e-02,6.722599999999999409e-02,2.739159999999999928e-01,7.153999999999999769e-03,-4.379899999999999766e-02,1.903650000000000064e-01,-5.127299999999999913e-02,1.868140000000000078e-01,3.082159999999999900e-01,3.059370000000000145e-01,1.720530000000000115e-01,3.526179999999999870e-01,5.042229999999999768e-01,-2.805999999999999901e-03,1.004369999999999985e-01,4.464259999999999895e-01,3.117559999999999776e-01,-1.098920000000000036e-01,2.503989999999999827e-01,2.458950000000000025e-01,2.819599999999999884e-02,-1.031770000000000048e-01,-2.429999999999999977e-04,-2.543569999999999998e-01,6.029099999999999737e-02,2.451199999999999907e-02,3.105359999999999787e-01,-2.228700000000000125e-02,-6.246899999999999675e-02,7.427970000000000406e-01,1.477739999999999887e-01,4.953529999999999878e-01,3.040919999999999734e-01,4.829100000000000059e-02,-4.178450000000000220e-01,1.937079999999999913e-01,4.889700000000000157e-01,2.310039999999999871e-01,1.326090000000000046e-01,-3.345290000000000208e-01,-1.837890000000000079e-01,-3.180569999999999786e-01,-1.042970000000000008e-01,3.262920000000000265e-01,8.273099999999999898e-02,-1.557630000000000126e-01,-1.369759999999999867e-01,2.661879999999999802e-01,-1.431479999999999975e-01,2.113970000000000016e-01,2.624650000000000039e-01
-2.538549999999999973e-01,-6.908100000000000351e-02,7.694419999999999593e-01,-2.160580000000000001e-01,6.062739999999999796e-01,1.904599999999999904e-01,2.127749999999999919e-01,2.948479999999999990e-01,6.093600000000000128e-01,1.989219999999999877e-01,1.000000000000000000e+00,4.091700000000000198e-02,2.086600000000000121e-01,1.915920000000000123e-01,-1.395000000000000059e-02,-1.643600000000000061e-01,3.946999999999999814e-02,-1.585070000000000090e-01,7.697939999999999783e-01,-6.527999999999999949e-03,-2.290959999999999941e-01,-3.649899999999999672e-02,1.611869999999999969e-01,-6.318999999999999617e-02,-2.099310000000000065e-01,8.340000000000000191e-03,5.229759999999999964e-01,8.345900000000000540e-02,-8.235199999999999465e-02,6.257999999999999674e-03,-3.003460000000000019e-01,-1.843760000000000121e-01,-1.255449999999999899e-01,-3.906410000000000160e-01,-1.500390000000000057e-01,1.059670000000000056e-01,2.479800000000000060e-02,1.953729999999999911e-01,-1.401940000000000131e-01,-1.051060000000000050e-01,-3.089250000000000052e-01,-2.005389999999999950e-01,1.807340000000000058e-01,1.054279999999999939e-01,3.140199999999999936e-02,-2.221990000000000076e-01,1.428800000000000070e-01,8.211789999999999923e-01,-2.738369999999999971e-01,5.881370000000000209e-01,3.324230000000000240e-01,5.122229999999999839e-01,4.185380000000000211e-01,6.017820000000000391e-01,2.085740000000000094e-01,9.028589999999999671e-01,-2.194799999999999876e-02,4.495720000000000272e-01,2.584799999999999945e-02,-6.100200000000000067e-02,-2.143309999999999937e-01,9.226399999999999879e-02,-1.234119999999999939e-01,7.922470000000000345e-01,1.139010000000000022e-01,-2.464639999999999886e-01,-1.157030000000000003e-01,3.397629999999999817e-01,-1.127360000000000029e-01,6.017800000000000232e-02,-8.530200000000000282e-02,5.329760000000000053e-01,1.616579999999999961e-01,3.250299999999999717e-02,8.489599999999999924e-02,-1.647339999999999915e-01
-5.627299999999999663e-02,4.250999999999999571e-03,-1.148379999999999956e-01,4.315329999999999999e-01,1.277210000000000012e-01,2.951110000000000122e-01,1.407199999999999944e-02,-1.373850000000000071e-01,-4.348599999999999688e-02,5.366769999999999596e-01,4.091700000000000198e-02,1.000000000000000000e+00,2.276219999999999910e-01,1.615020000000000067e-01,5.190000000000000169e-02,-4.086100000000000149e-02,-5.390000000000000346e-02,-1.198570000000000052e-01,-1.637049999999999894e-01,1.130690000000000028e-01,-2.304339999999999999e-01,-1.247540000000000038e-01,-2.042700000000000071e-02,4.896480000000000277e-01,-8.707299999999999762e-02,7.315900000000000181e-02,1.997130000000000016e-01,4.643729999999999802e-01,-1.765740000000000087e-01,8.862799999999999845e-02,2.101820000000000077e-01,-2.237109999999999932e-01,-1.269399999999999973e-01,3.742880000000000096e-01,-8.372000000000000275e-02,1.764149999999999885e-01,4.169729999999999825e-01,3.986370000000000191e-01,-1.088419999999999943e-01,-2.221499999999999864e-01,3.352519999999999945e-01,2.619469999999999854e-01,2.119499999999999856e-02,1.828309999999999935e-01,1.383060000000000123e-01,-8.528399999999999870e-02,-1.918229999999999935e-01,-1.696300000000000030e-01,-1.270779999999999965e-01,3.885049999999999892e-01,1.664930000000000021e-01,-3.799999999999999906e-02,1.178799999999999987e-02,1.041419999999999985e-01,3.113799999999999901e-01,-1.928300000000000153e-02,9.322200000000000486e-01,1.389140000000000097e-01,1.486729999999999996e-01,-5.570499999999999757e-02,-5.713399999999999729e-02,1.288910000000000056e-01,-4.868399999999999811e-02,-1.552800000000000014e-01,1.712529999999999886e-01,-2.520720000000000183e-01,-2.518799999999999858e-02,-4.018100000000000144e-02,4.305979999999999808e-01,-7.002999999999999503e-02,2.333199999999999857e-02,1.322869999999999879e-01,4.717990000000000239e-01,7.859099999999999420e-02,1.760940000000000005e-01,1.355679999999999941e-01
2.846999999999999878e-02,1.634919999999999984e-01,3.231200000000000044e-02,1.906120000000000037e-01,2.235509999999999997e-01,5.012410000000000476e-01,6.220449999999999591e-01,3.598160000000000247e-01,1.768359999999999932e-01,4.267329999999999735e-01,2.086600000000000121e-01,2.276219999999999910e-01,1.000000000000000000e+00,9.121000000000000635e-03,1.077099999999999932e-02,1.835200000000000026e-02,4.722189999999999999e-01,1.179169999999999940e-01,3.253590000000000093e-01,-1.327730000000000021e-01,1.887490000000000001e-01,-1.246739999999999932e-01,2.273679999999999868e-01,1.878990000000000105e-01,5.417299999999999893e-02,1.260890000000000066e-01,1.032219999999999943e-01,3.655030000000000223e-01,1.869709999999999983e-01,7.999799999999999967e-02,7.673900000000000166e-02,1.174960000000000032e-01,5.622300000000000214e-02,2.815210000000000212e-01,4.544500000000000206e-01,-6.585100000000000675e-02,2.176869999999999916e-01,-2.726999999999999910e-02,1.567310000000000092e-01,-1.525309999999999999e-01,3.284449999999999870e-01,3.458910000000000040e-01,-3.879630000000000023e-01,-1.904879999999999907e-01,-1.976459999999999884e-01,-1.384299999999999975e-01,-1.803300000000000042e-02,7.749200000000000532e-02,-4.066259999999999875e-01,1.740999999999999926e-03,4.239390000000000103e-01,3.941370000000000151e-01,2.563409999999999855e-01,1.467120000000000091e-01,4.977429999999999910e-01,2.530580000000000052e-01,3.163560000000000261e-01,5.910640000000000338e-01,6.780600000000000516e-02,-1.888730000000000131e-01,5.908399999999999763e-02,6.832300000000000040e-01,2.520470000000000210e-01,2.710859999999999936e-01,-1.089740000000000014e-01,-8.528199999999999670e-02,-3.227010000000000156e-01,2.527340000000000142e-01,4.441999999999999768e-03,1.362069999999999947e-01,-7.680199999999999527e-02,-7.591599999999999737e-02,3.691639999999999922e-01,8.861000000000000820e-03,5.293949999999999489e-01,2.399469999999999936e-01
2.665779999999999816e-01,1.849969999999999948e-01,2.869740000000000069e-01,2.200680000000000136e-01,1.914849999999999886e-01,1.122920000000000029e-01,5.916799999999999837e-02,1.198779999999999984e-01,-3.427069999999999839e-01,2.905369999999999897e-01,1.915920000000000123e-01,1.615020000000000067e-01,9.121000000000000635e-03,1.000000000000000000e+00,-2.736549999999999816e-01,1.620270000000000044e-01,1.780279999999999918e-01,2.060619999999999952e-01,3.422689999999999899e-01,-1.974269999999999914e-01,4.655200000000000310e-02,1.218439999999999940e-01,1.713240000000000041e-01,1.505549999999999944e-01,1.606569999999999943e-01,9.496599999999999486e-02,-1.415699999999999945e-02,1.376020000000000021e-01,-3.409999999999999945e-04,1.199240000000000028e-01,2.316419999999999868e-01,1.349859999999999949e-01,3.517120000000000246e-01,2.219420000000000004e-01,4.013800000000000007e-02,5.342270000000000074e-01,4.388779999999999903e-01,3.351700000000000235e-01,3.719009999999999816e-01,2.759789999999999743e-01,2.706319999999999837e-01,1.207440000000000041e-01,3.240179999999999727e-01,5.550859999999999683e-01,1.055999999999999994e-01,7.438300000000000467e-02,1.707089999999999996e-01,1.103900000000000020e-01,-1.034769999999999995e-01,3.510719999999999952e-01,1.626049999999999995e-01,2.614469999999999850e-01,2.034140000000000115e-01,-2.352229999999999877e-01,1.675339999999999885e-01,1.392970000000000041e-01,1.141289999999999943e-01,3.075000000000000042e-03,1.318469999999999920e-01,-3.445239999999999969e-01,1.449050000000000060e-01,1.938920000000000088e-01,3.042579999999999729e-01,3.418479999999999852e-01,-2.299190000000000123e-01,-1.530459999999999876e-01,-6.060800000000000215e-02,1.658600000000000074e-01,-3.511500000000000038e-02,2.037670000000000037e-01,3.549599999999999977e-02,-7.141599999999999338e-02,8.435199999999999643e-02,-7.834399999999999697e-02,-1.322100000000000011e-02,1.086140000000000022e-01
-9.509000000000000091e-03,1.814400000000000041e-02,-1.754699999999999871e-01,1.516200000000000013e-02,5.525000000000000397e-03,1.055750000000000022e-01,-2.105680000000000052e-01,-2.677740000000000120e-01,2.650819999999999843e-01,-2.779329999999999856e-01,-1.395000000000000059e-02,5.190000000000000169e-02,1.077099999999999932e-02,-2.736549999999999816e-01,1.000000000000000000e+00,-2.735710000000000086e-01,-1.545269999999999977e-01,-2.481720000000000037e-01,-2.761770000000000058e-01,7.485640000000000072e-01,2.180829999999999991e-01,2.197610000000000119e-01,1.996399999999999911e-02,-6.773999999999999640e-03,6.027000000000000239e-03,3.071699999999999986e-01,2.346030000000000060e-01,1.815769999999999884e-01,2.715989999999999793e-01,4.165440000000000254e-01,9.297199999999999909e-02,9.051000000000000018e-03,-1.539750000000000008e-01,-1.361310000000000020e-01,-2.181569999999999898e-01,-2.391909999999999870e-01,-2.140799999999999925e-01,-1.555300000000000016e-01,-5.809199999999999781e-02,-2.088059999999999916e-01,-2.123120000000000007e-01,-6.831199999999999772e-02,-5.866199999999999887e-02,-3.130850000000000022e-01,-1.125339999999999951e-01,2.335170000000000023e-01,5.161299999999999916e-02,-9.602099999999999524e-02,1.229370000000000046e-01,1.947139999999999982e-01,1.879560000000000120e-01,-2.023709999999999953e-01,-9.418100000000000083e-02,3.655990000000000073e-01,-2.440720000000000112e-01,-8.571199999999999652e-02,5.864199999999999968e-02,5.548999999999999766e-02,1.457779999999999909e-01,7.524119999999999697e-01,-1.834520000000000040e-01,-2.270210000000000006e-01,-1.924039999999999917e-01,-1.744259999999999977e-01,6.609650000000000247e-01,3.120260000000000256e-01,3.747449999999999948e-01,6.384599999999999997e-02,3.012600000000000000e-02,1.394360000000000044e-01,3.518189999999999928e-01,3.002460000000000129e-01,3.456159999999999788e-01,4.845479999999999787e-01,3.670499999999999874e-01,3.549900000000000277e-02
7.031089999999999840e-01,2.755889999999999729e-01,-1.090809999999999974e-01,1.612250000000000072e-01,1.189199999999999979e-02,-2.073399999999999965e-01,4.482799999999999979e-02,-1.572649999999999881e-01,-4.360379999999999812e-01,2.513029999999999986e-01,-1.643600000000000061e-01,-4.086100000000000149e-02,1.835200000000000026e-02,1.620270000000000044e-01,-2.735710000000000086e-01,1.000000000000000000e+00,4.865840000000000165e-01,8.667580000000000284e-01,8.936199999999999699e-02,-1.803240000000000121e-01,1.367240000000000122e-01,5.800779999999999825e-01,-3.418800000000000172e-01,-4.085899999999999949e-02,4.801799999999999957e-01,1.800829999999999931e-01,-1.614099999999999979e-01,2.007720000000000060e-01,4.661839999999999873e-01,2.461699999999999999e-02,6.175749999999999851e-01,1.475180000000000102e-01,1.564029999999999865e-01,3.903209999999999735e-01,3.095649999999999791e-01,1.752559999999999951e-01,9.730999999999999373e-02,-1.378590000000000093e-01,2.137280000000000013e-01,2.354360000000000064e-01,4.300579999999999958e-01,1.940330000000000110e-01,1.088309999999999972e-01,3.894399999999999945e-02,1.233910000000000007e-01,5.192120000000000068e-01,1.091420000000000029e-01,-1.725879999999999914e-01,7.990500000000000380e-02,-1.522000000000000020e-01,-3.092770000000000241e-01,-3.900300000000000294e-02,-2.230870000000000075e-01,-3.940799999999999859e-01,2.505700000000000149e-01,-1.814280000000000059e-01,-3.738600000000000256e-02,-1.434110000000000107e-01,-1.380540000000000100e-01,-2.021219999999999961e-01,8.316989999999999661e-01,3.124120000000000230e-01,5.979510000000000103e-01,3.543299999999999922e-02,-3.584200000000000164e-01,5.793399999999999939e-02,1.984009999999999940e-01,-4.224530000000000229e-01,-4.158400000000000291e-02,5.305900000000000200e-02,3.524900000000000255e-02,-2.087400000000000089e-01,-7.693800000000000638e-02,2.228769999999999918e-01,-8.380799999999999361e-02,5.982570000000000388e-01
3.190729999999999955e-01,5.825040000000000218e-01,5.728799999999999865e-02,-8.566400000000000403e-02,1.674209999999999865e-01,2.709010000000000029e-01,2.847830000000000084e-01,4.039610000000000145e-01,-1.941730000000000123e-01,2.897140000000000271e-01,3.946999999999999814e-02,-5.390000000000000346e-02,4.722189999999999999e-01,1.780279999999999918e-01,-1.545269999999999977e-01,4.865840000000000165e-01,1.000000000000000000e+00,6.044059999999999988e-01,2.722640000000000060e-01,-1.431350000000000122e-01,3.415509999999999935e-01,3.043350000000000222e-01,2.314219999999999888e-01,2.894090000000000273e-01,3.909779999999999922e-01,4.912650000000000072e-01,-4.388000000000000407e-03,6.166200000000000153e-02,4.756460000000000132e-01,-3.339199999999999807e-02,2.796009999999999884e-01,3.951749999999999985e-01,2.284339999999999982e-01,1.525799999999999934e-01,1.984519999999999895e-01,2.857910000000000172e-01,1.993040000000000089e-01,-7.869600000000000206e-02,3.138139999999999818e-01,2.470070000000000043e-01,3.083089999999999997e-01,-5.362600000000000006e-02,1.177389999999999964e-01,1.335439999999999960e-01,1.086339999999999945e-01,1.766999999999999960e-01,2.378979999999999984e-01,4.441400000000000209e-02,-4.711599999999999816e-02,-7.303300000000000070e-02,1.637250000000000094e-01,2.686529999999999752e-01,2.846639999999999726e-01,-1.524530000000000052e-01,3.287430000000000074e-01,1.413800000000000057e-01,2.767999999999999974e-02,3.602440000000000087e-01,-1.691870000000000041e-01,-4.655299999999999716e-02,4.500790000000000068e-01,4.585710000000000064e-01,3.994039999999999813e-01,2.429489999999999983e-01,-1.230480000000000046e-01,1.679110000000000047e-01,1.649170000000000080e-01,1.192349999999999938e-01,6.636300000000000532e-02,7.809399999999999675e-02,2.928490000000000260e-01,3.291899999999999687e-02,-1.460740000000000094e-01,2.781179999999999763e-01,-2.025300000000000017e-02,3.434380000000000210e-01
5.211839999999999806e-01,2.843689999999999829e-01,-2.209399999999999906e-02,1.652349999999999930e-01,-6.466900000000000426e-02,-1.710500000000000076e-01,1.659100000000000158e-02,-6.519400000000000195e-02,-4.165309999999999846e-01,1.849870000000000125e-01,-1.585070000000000090e-01,-1.198570000000000052e-01,1.179169999999999940e-01,2.060619999999999952e-01,-2.481720000000000037e-01,8.667580000000000284e-01,6.044059999999999988e-01,1.000000000000000000e+00,1.463250000000000106e-01,-1.405869999999999898e-01,1.632160000000000000e-01,5.342339999999999867e-01,-2.369509999999999950e-01,-4.585999999999999799e-02,3.822490000000000054e-01,1.602939999999999920e-01,-1.769169999999999909e-01,1.734229999999999938e-01,5.336699999999999777e-01,9.209299999999999431e-02,5.400700000000000500e-01,2.224200000000000066e-01,1.390500000000000069e-01,3.345710000000000073e-01,3.215250000000000052e-01,2.291749999999999898e-01,8.622499999999999609e-02,-1.309379999999999988e-01,2.626829999999999998e-01,1.654259999999999897e-01,3.918679999999999941e-01,1.260159999999999891e-01,1.451550000000000062e-01,8.070099999999999496e-02,4.939500000000000141e-02,3.421250000000000124e-01,4.826099999999999834e-02,-9.219199999999999617e-02,6.925499999999999712e-02,-1.099789999999999934e-01,-2.382749999999999868e-01,-3.046499999999999903e-02,-1.508889999999999953e-01,-3.421310000000000184e-01,1.813049999999999939e-01,-1.199270000000000058e-01,-1.366410000000000124e-01,-1.287000000000000088e-01,-1.010349999999999998e-01,-1.794900000000000106e-01,7.946119999999999850e-01,3.290770000000000084e-01,7.374020000000000019e-01,1.159509999999999985e-01,-2.575100000000000167e-01,6.580300000000000038e-02,2.131659999999999944e-01,-3.418059999999999987e-01,-1.874300000000000133e-01,-7.882999999999999730e-02,1.283499999999999919e-02,-1.600439999999999918e-01,-1.351269999999999971e-01,2.841779999999999862e-01,-7.356899999999999551e-02,5.735449999999999715e-01
-2.157299999999999843e-02,-3.674999999999999795e-02,8.169619999999999660e-01,-1.537620000000000098e-01,4.289259999999999740e-01,4.834800000000000209e-02,3.500510000000000010e-01,3.509419999999999762e-01,3.291069999999999829e-01,2.079729999999999912e-01,7.697939999999999783e-01,-1.637049999999999894e-01,3.253590000000000093e-01,3.422689999999999899e-01,-2.761770000000000058e-01,8.936199999999999699e-02,2.722640000000000060e-01,1.463250000000000106e-01,1.000000000000000000e+00,-3.025970000000000049e-01,-1.568529999999999924e-01,3.736000000000000171e-03,1.476570000000000105e-01,-1.599849999999999883e-01,-9.924199999999999688e-02,-7.136599999999999888e-02,2.706649999999999889e-01,-2.106299999999999839e-02,-5.853300000000000169e-02,-1.892169999999999963e-01,-1.214920000000000028e-01,-9.055999999999999814e-03,4.221899999999999958e-02,-1.268430000000000113e-01,1.448760000000000048e-01,1.339859999999999940e-01,2.044259999999999966e-01,1.771299999999999958e-02,9.765300000000000369e-02,-4.810299999999999992e-02,1.117699999999999944e-02,2.324700000000000030e-02,5.918400000000000050e-02,1.242850000000000066e-01,-9.363000000000000489e-02,-1.795160000000000089e-01,5.935599999999999904e-02,7.513870000000000271e-01,-3.653560000000000141e-01,3.312439999999999829e-01,2.120670000000000055e-01,5.826310000000000100e-01,3.422229999999999994e-01,2.539600000000000191e-01,2.511079999999999979e-01,7.180330000000000323e-01,-1.431769999999999987e-01,2.804949999999999943e-01,-3.929200000000000054e-02,-3.474110000000000253e-01,4.054999999999999577e-03,3.013779999999999792e-01,6.951499999999999346e-02,9.395860000000000323e-01,-2.281459999999999877e-01,-2.657220000000000137e-01,-2.323850000000000082e-01,2.800560000000000271e-01,-2.540600000000000080e-01,7.713000000000000238e-03,-2.541089999999999738e-01,2.524330000000000185e-01,-4.200799999999999673e-02,-1.935479999999999978e-01,3.077299999999999827e-02,3.189399999999999874e-02
-8.176999999999999547e-02,6.314500000000000668e-02,-1.829050000000000120e-01,1.815479999999999872e-01,4.413299999999999862e-02,8.705699999999999550e-02,-4.860610000000000208e-01,-3.194420000000000037e-01,2.444510000000000016e-01,-3.321649999999999880e-01,-6.527999999999999949e-03,1.130690000000000028e-01,-1.327730000000000021e-01,-1.974269999999999914e-01,7.485640000000000072e-01,-1.803240000000000121e-01,-1.431350000000000122e-01,-1.405869999999999898e-01,-3.025970000000000049e-01,1.000000000000000000e+00,1.193359999999999976e-01,4.095150000000000179e-01,-5.917200000000000237e-02,-6.689999999999999983e-04,5.700899999999999718e-02,3.377339999999999787e-01,2.503480000000000150e-01,3.276290000000000036e-01,3.979969999999999897e-01,5.617210000000000258e-01,2.201960000000000028e-01,3.314999999999999804e-03,-2.011989999999999890e-01,-1.100959999999999994e-01,-3.946709999999999940e-01,1.369399999999999958e-02,-1.222079999999999972e-01,-9.624499999999999722e-02,-1.349999999999999985e-02,-1.095549999999999996e-01,-2.384400000000000130e-01,-1.028830000000000022e-01,1.642049999999999899e-01,-1.122660000000000047e-01,3.973600000000000049e-02,2.752350000000000074e-01,-1.448600000000000061e-02,-1.676120000000000110e-01,1.983209999999999973e-01,3.316350000000000131e-01,1.348679999999999879e-01,-2.898899999999999810e-01,-1.247830000000000050e-01,3.835120000000000196e-01,-3.083529999999999882e-01,-1.232710000000000056e-01,1.023160000000000042e-01,4.322000000000000321e-03,5.499600000000000322e-02,6.367899999999999672e-01,-1.105320000000000052e-01,-3.641240000000000032e-01,-1.181650000000000061e-01,-1.490640000000000021e-01,8.305500000000000105e-01,1.672829999999999873e-01,5.909699999999999953e-01,-6.856600000000000195e-02,8.552800000000000680e-02,1.054520000000000041e-01,3.748529999999999918e-01,3.434989999999999988e-01,3.607429999999999803e-01,5.983150000000000412e-01,3.048609999999999931e-01,1.563720000000000110e-01
