1.000000000000000000e+00,1.106169999999999931e-01,1.414990000000000137e-01,2.209619999999999918e-01,-9.686899999999999678e-02,1.881980000000000042e-01,-1.994759999999999867e-01,2.672129999999999783e-01,1.183700000000000030e-02,2.234200000000000075e-01,-1.304130000000000011e-01,1.855169999999999875e-01,-9.889999999999999486e-03,3.634910000000000085e-01,2.073230000000000073e-01,4.682740000000000236e-01,9.230399999999999716e-02,3.731099999999999695e-02,-3.108999999999999785e-03,-5.406299999999999994e-02,6.292130000000000223e-01,4.965599999999999875e-02,3.862340000000000217e-01,5.273989999999999512e-01,4.452119999999999966e-01,2.003919999999999868e-01,1.272890000000000132e-01,1.160550000000000054e-01,1.301329999999999987e-01,1.984740000000000115e-01,4.160400000000000209e-01,5.081409999999999538e-01,5.063999999999999752e-02,3.822240000000000082e-01,4.812549999999999883e-01,-7.559399999999999453e-02,-2.861999999999999961e-03,2.000949999999999951e-01,5.524970000000000159e-01,8.056499999999999773e-02,3.744100000000000206e-01,4.786639999999999784e-01,1.273829999999999962e-01,-2.621620000000000061e-01,1.899560000000000137e-01,7.483630000000000004e-01,2.247490000000000043e-01,1.865249999999999964e-01,1.367279999999999884e-01,-1.912800000000000056e-01,2.335699999999999998e-01,-2.049239999999999950e-01,3.267519999999999869e-01,1.484979999999999911e-01,1.073670000000000041e-01,8.101300000000000168e-02,2.961250000000000271e-01,1.533650000000000013e-01,-2.908499999999999974e-01,-1.654399999999999968e-02,3.636420000000000208e-01,4.514100000000000057e-02,1.004739999999999939e-01,2.399560000000000026e-01,-5.511599999999999833e-02,6.692930000000000268e-01,1.110939999999999983e-01,5.215419999999999501e-01,4.327280000000000015e-01,3.134640000000000204e-01,3.877789999999999848e-01,1.358600000000000085e-01,2.056900000000000117e-01,2.166339999999999932e-01,1.787189999999999890e-01,3.689399999999999902e-01
1.106169999999999931e-01,1.000000000000000000e+00,-1.456069999999999864e-01,-8.196699999999999819e-02,-4.472809999999999842e-01,6.862840000000000051e-01,-8.593900000000000150e-02,5.972100000000000186e-01,-4.776039999999999730e-01,6.612099999999999922e-02,-4.211559999999999748e-01,5.026829999999999909e-01,7.755220000000000447e-01,2.518199999999999883e-01,-4.283170000000000033e-01,2.806770000000000098e-01,7.679000000000000270e-01,5.694479999999999542e-01,-2.722029999999999728e-01,-4.912130000000000107e-01,4.102190000000000003e-01,-5.545099999999999474e-01,6.293459999999999610e-01,5.847630000000000328e-01,5.395699999999999941e-01,8.868719999999999937e-01,-4.451720000000000121e-01,-1.877359999999999862e-01,-1.221420000000000006e-01,-3.419150000000000245e-01,-3.911660000000000137e-01,4.257190000000000141e-01,6.061879999999999491e-01,2.104119999999999879e-01,8.242700000000000027e-02,6.514100000000000446e-02,1.203690000000000038e-01,-1.426689999999999903e-01,3.652380000000000071e-01,5.081700000000000106e-01,2.739199999999999968e-02,6.832100000000000672e-02,1.250419999999999865e-01,-2.001749999999999918e-01,-1.549409999999999954e-01,-2.548100000000000018e-02,5.361529999999999907e-01,-1.306009999999999949e-01,-7.468199999999999839e-02,-4.416880000000000250e-01,4.096090000000000009e-01,-4.458429999999999893e-01,3.933929999999999927e-01,-3.950899999999999967e-01,1.717049999999999965e-01,-2.582920000000000216e-01,2.394640000000000102e-01,4.874919999999999809e-01,-1.320570000000000077e-01,-3.773259999999999947e-01,-2.893530000000000268e-01,4.314819999999999767e-01,1.956179999999999863e-01,4.732900000000000301e-02,-5.222449999999999593e-01,9.739499999999999547e-02,-5.872140000000000137e-01,3.054879999999999818e-01,2.892239999999999811e-01,-1.765819999999999890e-01,7.159529999999999506e-01,-5.925399999999999556e-01,-3.539120000000000044e-01,-4.977059999999999818e-01,-3.679910000000000125e-01,-4.828919999999999879e-01
1.414990000000000137e-01,-1.456069999999999864e-01,1.000000000000000000e+00,-1.336099999999999961e-02,3.004560000000000008e-01,-9.319199999999999706e-02,-2.762240000000000251e-01,4.320000000000000229e-02,7.168729999999999825e-01,-1.927299999999999847e-02,6.671300000000000008e-01,1.080379999999999951e-01,-1.330999999999999935e-03,5.839899999999999952e-02,5.104849999999999666e-01,-2.831620000000000248e-01,-1.574730000000000019e-01,-3.501500000000000168e-01,7.451820000000000110e-01,4.890349999999999975e-01,-6.636699999999999544e-02,3.761189999999999811e-01,-8.422999999999999932e-03,1.160000000000000007e-03,-2.967650000000000010e-01,-1.082869999999999944e-01,2.301570000000000005e-01,3.850899999999999879e-01,-2.277909999999999935e-01,4.022109999999999852e-01,6.975199999999999456e-02,-1.227459999999999940e-01,-2.610779999999999768e-01,1.034879999999999967e-01,-7.762399999999999856e-02,1.996239999999999959e-01,4.552599999999999703e-02,1.264139999999999986e-01,-9.732200000000000573e-02,-2.363790000000000058e-01,6.451400000000000190e-02,-2.294059999999999988e-01,1.601760000000000128e-01,1.928320000000000034e-01,3.418500000000000011e-02,1.282899999999999874e-01,-2.735520000000000174e-01,8.919230000000000214e-01,-7.526900000000000257e-02,4.689670000000000227e-01,-1.194600000000000002e-02,-2.538400000000000031e-02,1.943249999999999977e-01,7.578650000000000109e-01,-2.054559999999999997e-01,5.575999999999999845e-01,9.626700000000000534e-02,-1.570500000000000021e-02,1.431099999999999872e-01,4.773930000000000118e-01,-1.535769999999999913e-01,-1.680020000000000124e-01,-2.470449999999999868e-01,6.730329999999999924e-01,4.779680000000000040e-01,6.072899999999999826e-02,4.241159999999999930e-01,-1.572999999999999962e-03,-4.928699999999999748e-02,-2.876230000000000175e-01,-1.730119999999999991e-01,3.589689999999999825e-01,3.215850000000000097e-01,-4.268799999999999678e-02,3.199730000000000074e-01,1.609980000000000022e-01
2.209619999999999918e-01,-8.196699999999999819e-02,-1.336099999999999961e-02,1.000000000000000000e+00,2.947759999999999825e-01,1.824729999999999963e-01,5.376400000000000068e-01,1.529530000000000056e-01,2.164939999999999920e-01,3.874540000000000206e-01,-7.014399999999999802e-02,3.058480000000000087e-01,2.412499999999999922e-01,2.547570000000000112e-01,3.080000000000000055e-04,1.458329999999999904e-01,6.521499999999999519e-02,1.508660000000000001e-01,-1.375919999999999921e-01,9.104500000000000093e-02,1.454120000000000135e-01,4.762199999999999767e-02,1.247650000000000009e-01,2.332720000000000071e-01,5.695299999999999668e-02,-6.048300000000000204e-02,6.722599999999999409e-02,4.373040000000000260e-01,2.339789999999999925e-01,1.948860000000000037e-01,2.707530000000000214e-01,1.111900000000000041e-02,-1.505060000000000009e-01,7.317600000000000493e-02,1.295560000000000045e-01,5.010900000000000354e-01,5.962690000000000490e-01,4.482269999999999865e-01,1.428500000000000048e-01,-1.924279999999999879e-01,1.384960000000000080e-01,2.682199999999999862e-02,2.872480000000000033e-01,1.761959999999999915e-01,3.761749999999999816e-01,-1.315969999999999918e-01,1.739299999999999874e-02,-7.416699999999999682e-02,6.101769999999999694e-01,9.249799999999999689e-02,1.797120000000000106e-01,3.811479999999999868e-01,1.498609999999999942e-01,1.418590000000000129e-01,4.561580000000000079e-01,1.726800000000000002e-01,5.327889999999999571e-01,1.300520000000000009e-01,8.606099999999999861e-02,-6.656499999999999917e-02,1.282729999999999981e-01,9.603100000000000525e-02,1.093879999999999991e-01,-4.773199999999999665e-02,4.347199999999999676e-02,2.690999999999999989e-02,9.449399999999999467e-02,1.672960000000000003e-01,3.308659999999999934e-01,6.864599999999999869e-02,-1.022440000000000015e-01,7.509899999999999909e-02,2.142910000000000093e-01,2.489500000000000046e-02,1.231050000000000061e-01,2.671250000000000013e-01
-9.686899999999999678e-02,-4.472809999999999842e-01,3.004560000000000008e-01,2.947759999999999825e-01,1.000000000000000000e+00,-3.157340000000000146e-01,4.496640000000000081e-01,-4.523289999999999811e-01,6.498760000000000092e-01,-4.703500000000000042e-02,5.793279999999999541e-01,-2.874369999999999981e-01,-2.101379999999999915e-01,9.753000000000000558e-02,3.414789999999999770e-01,-2.046699999999999908e-02,-4.196909999999999807e-01,-2.100200000000000122e-01,2.457449999999999912e-01,4.591379999999999906e-01,-3.815049999999999830e-01,4.469009999999999927e-01,-4.611750000000000016e-01,-4.652870000000000061e-01,-2.567619999999999902e-01,-5.356419999999999515e-01,5.048449999999999882e-01,4.232290000000000219e-01,3.369779999999999998e-01,2.880619999999999847e-01,2.526169999999999805e-01,-3.515199999999999991e-01,-3.736709999999999754e-01,-1.201210000000000055e-01,-1.230050000000000032e-01,1.933050000000000046e-01,1.473369999999999957e-01,1.229080000000000034e-01,-2.748570000000000180e-01,-3.061309999999999865e-01,-3.524200000000000249e-02,-3.276600000000000068e-01,2.390600000000000017e-02,2.979849999999999999e-01,1.812999999999999941e-03,-2.157830000000000026e-01,-3.379670000000000174e-01,3.253349999999999853e-01,4.705999999999999767e-02,7.246409999999999796e-01,-1.912149999999999961e-01,7.245300000000000074e-01,-3.138079999999999758e-01,5.447400000000000020e-01,-9.675699999999999579e-02,4.816119999999999846e-01,-1.827799999999999980e-01,-1.454959999999999865e-01,7.667100000000000304e-02,2.783579999999999943e-01,2.586870000000000003e-01,-2.952919999999999989e-01,-3.432099999999999734e-02,6.693000000000000338e-02,4.933469999999999800e-01,-2.586220000000000185e-01,4.737140000000000239e-01,-2.989470000000000183e-01,-3.121970000000000023e-01,8.200699999999999656e-02,-6.265600000000000058e-01,5.842370000000000063e-01,3.557890000000000219e-01,4.083200000000000163e-01,3.621590000000000087e-01,3.167639999999999900e-01
1.881980000000000042e-01,6.862840000000000051e-01,-9.319199999999999706e-02,1.824729999999999963e-01,-3.157340000000000146e-01,1.000000000000000000e+00,2.074610000000000065e-01,7.076980000000000492e-01,-3.303420000000000245e-01,1.477340000000000042e-01,-5.077559999999999851e-01,4.232639999999999736e-01,7.698899999999999633e-01,4.392610000000000126e-01,-3.379079999999999862e-01,2.163579999999999948e-01,5.944059999999999899e-01,5.313940000000000330e-01,-2.304690000000000072e-01,-4.521870000000000056e-01,6.372640000000000526e-01,-5.907829999999999471e-01,8.346789999999999488e-01,5.635400000000000409e-01,5.126209999999999933e-01,6.147749999999999604e-01,-2.362720000000000098e-01,3.376000000000000095e-03,1.181230000000000058e-01,-7.893699999999999328e-02,-1.888460000000000139e-01,5.391449999999999854e-01,4.124889999999999946e-01,7.603200000000000236e-02,1.918650000000000078e-01,1.216620000000000063e-01,1.915880000000000083e-01,-1.056740000000000040e-01,5.353139999999999565e-01,1.599889999999999923e-01,-2.840799999999999922e-02,2.153559999999999919e-01,1.810599999999999987e-01,-1.465400000000000036e-01,-8.684899999999999565e-02,5.683999999999999816e-03,6.681190000000000184e-01,-1.443440000000000001e-01,6.717700000000000060e-02,-5.822580000000000533e-01,7.658679999999999932e-01,-2.743670000000000275e-01,6.872549999999999493e-01,-3.350380000000000025e-01,2.195169999999999899e-01,-3.015289999999999915e-01,4.056939999999999991e-01,6.449970000000000425e-01,-2.262039999999999884e-01,-3.926490000000000258e-01,-1.736340000000000106e-01,4.898159999999999736e-01,3.395380000000000065e-01,1.016559999999999964e-01,-5.239470000000000516e-01,3.125740000000000185e-01,-5.153560000000000363e-01,6.754860000000000309e-01,4.007709999999999884e-01,1.617499999999999841e-02,7.094000000000000306e-01,-3.720479999999999898e-01,-1.210839999999999972e-01,-2.798260000000000192e-01,-1.560620000000000063e-01,-2.411139999999999950e-01
-1.994759999999999867e-01,-8.593900000000000150e-02,-2.762240000000000251e-01,5.376400000000000068e-01,4.496640000000000081e-01,2.074610000000000065e-01,1.000000000000000000e+00,-1.510690000000000088e-01,3.246700000000000280e-02,2.770299999999999985e-01,-2.303890000000000104e-01,4.160900000000000015e-02,2.378490000000000049e-01,1.175070000000000003e-01,-1.445150000000000046e-01,1.449999999999999900e-01,1.032229999999999953e-01,3.087440000000000184e-01,-3.514459999999999806e-01,-6.400599999999999346e-02,2.507999999999999813e-03,-1.270479999999999943e-01,-2.413200000000000067e-02,-1.427279999999999938e-01,1.503059999999999952e-01,-1.590390000000000137e-01,1.172389999999999960e-01,1.771890000000000132e-01,4.804669999999999774e-01,-2.566799999999999984e-02,5.121300000000000158e-02,-9.020799999999999652e-02,-6.618999999999999884e-03,-2.150370000000000059e-01,-9.665200000000000180e-02,2.385929999999999995e-01,2.053230000000000055e-01,2.660129999999999995e-01,-9.654500000000000581e-02,-1.951219999999999899e-01,-1.546109999999999984e-01,-2.681850000000000067e-01,-7.728500000000000647e-02,2.623360000000000136e-01,2.220270000000000021e-01,-3.971979999999999955e-01,1.178820000000000007e-01,-3.638230000000000075e-01,2.411349999999999882e-01,3.547499999999999959e-02,8.014899999999999802e-02,5.904540000000000344e-01,-1.454429999999999890e-01,-1.441929999999999878e-01,4.340229999999999921e-01,-7.375800000000000411e-02,1.743830000000000102e-01,8.588999999999999413e-02,3.969999999999999571e-03,-3.042139999999999844e-01,7.789300000000000390e-02,2.101510000000000045e-01,3.012529999999999930e-01,-3.571550000000000002e-01,-1.160199999999999981e-01,-1.605080000000000118e-01,-1.337309999999999888e-01,-6.364000000000000212e-02,2.946999999999999967e-02,2.213040000000000007e-01,-2.537739999999999996e-01,3.963099999999999956e-02,-3.229400000000000326e-02,1.496200000000000030e-01,-4.126900000000000013e-02,4.036100000000000104e-02
2.672129999999999783e-01,5.972100000000000186e-01,4.320000000000000229e-02,1.529530000000000056e-01,-4.523289999999999811e-01,7.076980000000000492e-01,-1.510690000000000088e-01,1.000000000000000000e+00,-2.528730000000000144e-01,7.472900000000000376e-02,-3.829060000000000241e-01,5.259470000000000534e-01,6.213459999999999539e-01,4.564389999999999836e-01,-2.567409999999999970e-01,-3.125000000000000000e-02,5.707109999999999683e-01,3.652869999999999728e-01,-6.965899999999999870e-02,-3.125979999999999870e-01,5.792079999999999451e-01,-4.939930000000000154e-01,8.272589999999999666e-01,7.008539999999999770e-01,2.077019999999999977e-01,7.006339999999999790e-01,-5.233160000000000034e-01,-5.335999999999999598e-03,-3.436960000000000015e-01,-5.541499999999999898e-02,-1.873489999999999878e-01,5.270249999999999657e-01,3.660510000000000153e-01,1.651120000000000088e-01,1.998610000000000109e-01,3.350659999999999750e-01,3.087670000000000137e-01,-6.870600000000000318e-02,5.167680000000000051e-01,1.947039999999999882e-01,5.781499999999999834e-02,1.789939999999999864e-01,3.476719999999999811e-01,-6.696599999999999775e-02,-5.546600000000000141e-02,1.243810000000000054e-01,3.510119999999999907e-01,2.514900000000000121e-02,8.358100000000000251e-02,-4.179069999999999729e-01,6.085190000000000321e-01,-3.941330000000000111e-01,8.633859999999999868e-01,-1.883269999999999944e-01,1.503849999999999909e-01,-1.527779999999999971e-01,4.422769999999999757e-01,5.062510000000000066e-01,-5.386799999999999922e-02,-2.102870000000000017e-01,-3.653750000000000053e-01,3.949469999999999925e-01,1.195269999999999944e-01,2.206589999999999940e-01,-3.852510000000000101e-01,2.802930000000000144e-01,-4.173370000000000135e-01,6.236660000000000537e-01,4.260669999999999735e-01,-2.538309999999999733e-01,7.056329999999999547e-01,-5.285969999999999835e-01,-1.049090000000000023e-01,-5.582249999999999712e-01,-8.237300000000000177e-02,-2.071510000000000018e-01
1.183700000000000030e-02,-4.776039999999999730e-01,7.168729999999999825e-01,2.164939999999999920e-01,6.498760000000000092e-01,-3.303420000000000245e-01,3.246700000000000280e-02,-2.528730000000000144e-01,1.000000000000000000e+00,6.160800000000000304e-02,6.918060000000000320e-01,-1.023460000000000064e-01,-1.911710000000000076e-01,2.661600000000000077e-02,6.175019999999999953e-01,-2.319499999999999895e-01,-3.767969999999999930e-01,-4.065170000000000172e-01,6.792230000000000212e-01,6.878300000000000525e-01,-2.786339999999999928e-01,5.982889999999999597e-01,-3.569410000000000083e-01,-2.969040000000000012e-01,-4.699820000000000109e-01,-4.688880000000000270e-01,4.100469999999999948e-01,4.959890000000000132e-01,7.022999999999999729e-03,5.585240000000000204e-01,3.065930000000000044e-01,-3.217679999999999985e-01,-4.612950000000000106e-01,-3.791300000000000225e-02,-1.449300000000000067e-02,2.677959999999999785e-01,9.754999999999999782e-02,2.055140000000000022e-01,-2.496750000000000080e-01,-3.994820000000000038e-01,-2.801899999999999877e-02,-2.428690000000000015e-01,1.095359999999999945e-01,3.232630000000000225e-01,6.135000000000000175e-02,-2.103199999999999861e-02,-4.709650000000000225e-01,6.695079999999999920e-01,3.320900000000000241e-02,7.341029999999999500e-01,-1.328689999999999871e-01,4.174080000000000013e-01,-5.630799999999999694e-02,9.154529999999999612e-01,-9.985399999999999832e-02,6.329649999999999999e-01,3.959999999999999978e-03,-1.304980000000000029e-01,2.770400000000000085e-01,5.195030000000000481e-01,1.164749999999999952e-01,-2.049320000000000030e-01,-1.863080000000000014e-01,4.793160000000000198e-01,6.823179999999999801e-01,-6.418100000000000194e-02,6.864249999999999519e-01,-2.184270000000000100e-01,-1.925800000000000012e-01,-1.158389999999999975e-01,-5.016869999999999941e-01,5.858360000000000234e-01,4.704220000000000068e-01,2.434119999999999895e-01,5.605520000000000502e-01,4.310649999999999760e-01
2.234200000000000075e-01,6.612099999999999922e-02,-1.927299999999999847e-02,3.874540000000000206e-01,-4.703500000000000042e-02,1.477340000000000042e-01,2.770299999999999985e-01,7.472900000000000376e-02,6.160800000000000304e-02,1.000000000000000000e+00,-3.692869999999999764e-01,5.864460000000000228e-01,1.895070000000000088e-01,5.124700000000000089e-02,5.827700000000000241e-02,3.216260000000000230e-01,3.884290000000000243e-01,3.116309999999999913e-01,-1.582899999999999932e-02,6.042000000000000148e-02,3.145339999999999803e-01,1.035739999999999994e-01,5.952999999999999958e-02,3.755470000000000197e-01,2.090229999999999866e-01,9.387600000000000111e-02,-7.395000000000000184e-02,2.603019999999999778e-01,3.297680000000000056e-01,2.731060000000000154e-01,4.201320000000000054e-01,3.516600000000000281e-02,-1.296279999999999932e-01,-8.958000000000000684e-03,9.364599999999999314e-02,2.552849999999999842e-01,2.311110000000000109e-01,7.121349999999999625e-01,4.640000000000000027e-04,-1.886869999999999936e-01,2.411299999999999902e-02,9.556900000000000117e-02,8.714199999999999724e-02,3.435460000000000180e-01,6.386479999999999935e-01,2.090130000000000043e-01,1.067150000000000043e-01,-2.277710000000000012e-01,3.243570000000000064e-01,-1.816429999999999989e-01,5.357300000000000256e-02,1.523849999999999927e-01,3.212000000000000272e-02,3.823200000000000209e-02,7.781799999999999828e-01,-1.648820000000000008e-01,6.866999999999999771e-01,1.984219999999999873e-01,8.045000000000000068e-03,-1.966539999999999955e-01,1.360570000000000113e-01,4.937940000000000107e-01,3.034660000000000135e-01,4.450099999999999889e-02,-2.676200000000000107e-02,2.670930000000000248e-01,1.055330000000000018e-01,-1.340200000000000072e-02,6.145699999999999497e-01,1.543170000000000097e-01,7.429600000000000093e-02,-8.990199999999999581e-02,2.443670000000000009e-01,1.070649999999999935e-01,1.314230000000000120e-01,3.715439999999999854e-01
-1.304130000000000011e-01,-4.211559999999999748e-01,6.671300000000000008e-01,-7.014399999999999802e-02,5.793279999999999541e-01,-5.077559999999999851e-01,-2.303890000000000104e-01,-3.829060000000000241e-01,6.918060000000000320e-01,-3.692869999999999764e-01,1.000000000000000000e+00,-2.652539999999999898e-01,-3.421899999999999942e-01,-5.998200000000000059e-02,4.920660000000000034e-01,-3.809239999999999848e-01,-5.305180000000000451e-01,-5.815780000000000394e-01,6.507209999999999939e-01,6.438610000000000166e-01,-5.183510000000000062e-01,6.287989999999999968e-01,-4.709289999999999865e-01,-3.713679999999999759e-01,-5.326800000000000423e-01,-4.214510000000000201e-01,4.389210000000000056e-01,3.520449999999999968e-01,-1.749219999999999942e-01,2.791939999999999977e-01,5.492500000000000160e-02,-4.539400000000000102e-01,-4.114760000000000084e-01,6.241900000000000226e-02,-2.292220000000000091e-01,1.254899999999999904e-01,-3.606100000000000277e-02,-2.324000000000000024e-02,-3.569399999999999795e-01,-1.890380000000000116e-01,3.397000000000000020e-02,-3.386750000000000038e-01,5.122899999999999676e-02,1.166119999999999934e-01,-1.127589999999999981e-01,-1.119850000000000012e-01,-4.889430000000000165e-01,7.124110000000000165e-01,-1.536659999999999970e-01,7.903350000000000097e-01,-2.510809999999999986e-01,2.786580000000000168e-01,-2.344169999999999865e-01,7.263100000000000112e-01,-3.949679999999999858e-01,7.021500000000000519e-01,-2.729039999999999799e-01,-1.934720000000000051e-01,1.634909999999999974e-01,6.743010000000000392e-01,-2.688799999999999871e-02,-4.793319999999999803e-01,-4.064599999999999880e-01,4.314259999999999762e-01,7.150339999999999474e-01,-2.454379999999999895e-01,6.193840000000000456e-01,-3.028410000000000268e-01,-3.145939999999999848e-01,-2.421280000000000099e-01,-4.855940000000000256e-01,5.920499999999999652e-01,3.492939999999999934e-01,1.622359999999999913e-01,3.465710000000000179e-01,1.505809999999999926e-01
1.855169999999999875e-01,5.026829999999999909e-01,1.080379999999999951e-01,3.058480000000000087e-01,-2.874369999999999981e-01,4.232639999999999736e-01,4.160900000000000015e-02,5.259470000000000534e-01,-1.023460000000000064e-01,5.864460000000000228e-01,-2.652539999999999898e-01,1.000000000000000000e+00,5.555769999999999875e-01,3.363709999999999756e-01,-1.617780000000000051e-01,6.199500000000000149e-02,7.061929999999999596e-01,2.858459999999999890e-01,-1.972199999999999995e-02,-1.261629999999999974e-01,3.151030000000000220e-01,-1.618670000000000109e-01,4.493599999999999817e-01,8.022770000000000179e-01,1.681219999999999937e-01,6.572740000000000249e-01,-3.697219999999999951e-01,1.435569999999999902e-01,-1.638509999999999966e-01,-4.781799999999999939e-02,-1.413389999999999924e-01,1.747559999999999947e-01,2.011320000000000052e-01,1.830630000000000035e-01,2.086199999999999860e-02,4.319490000000000274e-01,4.496020000000000016e-01,5.981149999999999523e-01,1.031590000000000007e-01,5.871200000000000030e-02,2.899300000000000141e-02,-2.371900000000000050e-02,4.239959999999999840e-01,2.555080000000000129e-01,5.866869999999999585e-01,-4.148400000000000004e-02,6.797300000000000564e-02,-7.705599999999999949e-02,3.846200000000000313e-02,-2.690609999999999946e-01,2.102509999999999935e-01,-2.649130000000000096e-01,3.796789999999999887e-01,-9.399200000000000610e-02,6.796489999999999476e-01,-8.034299999999999775e-02,8.719379999999999908e-01,2.755580000000000251e-01,-9.216199999999999393e-02,-1.908330000000000026e-01,-3.808090000000000086e-01,3.444079999999999919e-01,1.372400000000000009e-02,2.498819999999999930e-01,-1.983860000000000068e-01,9.754599999999999382e-02,-1.865850000000000009e-01,1.944809999999999872e-01,7.877330000000000165e-01,-3.519700000000000051e-01,3.684899999999999842e-01,-4.277619999999999756e-01,-7.697500000000000175e-02,-4.485169999999999990e-01,-1.709579999999999989e-01,-1.394920000000000049e-01
-9.889999999999999486e-03,7.755220000000000447e-01,-1.330999999999999935e-03,2.412499999999999922e-01,-2.101379999999999915e-01,7.698899999999999633e-01,2.378490000000000049e-01,6.213459999999999539e-01,-1.911710000000000076e-01,1.895070000000000088e-01,-3.421899999999999942e-01,5.555769999999999875e-01,1.000000000000000000e+00,2.908760000000000234e-01,-2.102300000000000002e-01,2.049499999999999933e-01,7.242189999999999461e-01,6.617439999999999989e-01,-1.191200000000000037e-01,-2.046949999999999881e-01,3.913789999999999769e-01,-4.058709999999999818e-01,5.947040000000000104e-01,4.821509999999999962e-01,3.040740000000000109e-01,6.545969999999999844e-01,-3.281209999999999960e-01,2.418810000000000127e-01,3.118100000000000038e-02,-1.980300000000000116e-02,-1.660810000000000064e-01,3.583169999999999966e-01,3.800959999999999894e-01,1.054390000000000049e-01,1.156859999999999972e-01,3.147530000000000050e-01,3.715289999999999981e-01,-1.055399999999999915e-02,3.103060000000000263e-01,1.958219999999999961e-01,-3.569699999999999956e-02,-2.316500000000000156e-02,2.166369999999999962e-01,2.293600000000000153e-02,-5.574400000000000188e-02,-1.557409999999999906e-01,4.058459999999999845e-01,-4.208699999999999941e-02,1.286950000000000038e-01,-3.122510000000000008e-01,5.500869999999999926e-01,-1.492829999999999990e-01,5.197030000000000260e-01,-1.778700000000000003e-01,2.598050000000000082e-01,-1.877189999999999970e-01,4.268600000000000172e-01,6.389519999999999644e-01,2.404900000000000093e-02,-2.159169999999999978e-01,-2.652889999999999970e-01,4.883410000000000251e-01,3.480670000000000153e-01,9.141100000000000614e-02,-2.841870000000000229e-01,3.784599999999999770e-02,-3.635669999999999735e-01,3.490389999999999882e-01,2.504259999999999819e-01,-2.385190000000000088e-01,5.297330000000000094e-01,-4.121730000000000116e-01,-3.721499999999999808e-02,-3.852470000000000061e-01,-1.125020000000000048e-01,-1.988250000000000017e-01
3.634910000000000085e-01,2.518199999999999883e-01,5.839899999999999952e-02,2.547570000000000112e-01,9.753000000000000558e-02,4.392610000000000126e-01,1.175070000000000003e-01,4.564389999999999836e-01,2.661600000000000077e-02,5.124700000000000089e-02,-5.998200000000000059e-02,3.363709999999999756e-01,2.908760000000000234e-01,1.000000000000000000e+00,1.231800000000000082e-02,3.952699999999999964e-02,2.517349999999999866e-01,2.675400000000000000e-02,1.953999999999999834e-02,-9.938999999999999918e-03,3.335980000000000056e-01,-6.960299999999999820e-02,4.541160000000000196e-01,4.696790000000000131e-01,5.806299999999999656e-02,3.477660000000000196e-01,-5.152700000000000335e-02,1.445069999999999966e-01,-3.350500000000000006e-02,3.048199999999999868e-02,7.529999999999999801e-04,2.760329999999999728e-01,6.402299999999999658e-02,2.139300000000000090e-01,1.574639999999999929e-01,3.281569999999999765e-01,3.454740000000000033e-01,1.296760000000000135e-01,2.463299999999999934e-01,7.463300000000000489e-02,1.712289999999999923e-01,1.181460000000000010e-01,5.124469999999999859e-01,2.256599999999999995e-01,1.076190000000000063e-01,9.769300000000000206e-02,7.704099999999999837e-02,5.679599999999999926e-02,-2.024150000000000116e-01,-1.390039999999999887e-01,2.727629999999999777e-01,-4.601600000000000135e-02,4.424569999999999892e-01,-1.066600000000000013e-02,1.862379999999999869e-01,3.207000000000000215e-03,3.247499999999999831e-01,1.748290000000000122e-01,-5.379099999999999854e-02,-4.703100000000000336e-02,-1.399479999999999891e-01,1.180800000000000044e-01,-7.411000000000000053e-03,2.492169999999999941e-01,-6.780300000000000216e-02,2.393500000000000072e-01,-4.795900000000000163e-02,3.638529999999999820e-01,4.115090000000000137e-01,-1.772450000000000137e-01,2.682950000000000057e-01,-1.157519999999999938e-01,4.188399999999999762e-02,-1.561849999999999905e-01,1.375790000000000068e-01,2.030000000000000012e-04
2.073230000000000073e-01,-4.283170000000000033e-01,5.104849999999999666e-01,3.080000000000000055e-04,3.414789999999999770e-01,-3.379079999999999862e-01,-1.445150000000000046e-01,-2.567409999999999970e-01,6.175019999999999953e-01,5.827700000000000241e-02,4.920660000000000034e-01,-1.617780000000000051e-01,-2.102300000000000002e-01,1.231800000000000082e-02,1.000000000000000000e+00,-6.432599999999999429e-02,-3.891870000000000052e-01,-3.070749999999999869e-01,5.132529999999999593e-01,8.519609999999999683e-01,4.017999999999999870e-03,8.086820000000000119e-01,-3.227920000000000234e-01,-2.284319999999999962e-01,-3.908909999999999885e-01,-4.074900000000000189e-01,5.581319999999999615e-01,6.306079999999999464e-01,1.331160000000000121e-01,7.181910000000000238e-01,6.278029999999999999e-01,-3.328539999999999832e-01,-6.014319999999999666e-01,-5.995099999999999735e-02,1.273050000000000015e-01,5.001300000000000190e-02,1.889599999999999960e-02,1.004710000000000047e-01,-3.193219999999999947e-01,-4.683459999999999845e-01,-4.492899999999999672e-02,4.540999999999999898e-03,8.701899999999999913e-02,2.420400000000000051e-01,5.785499999999999671e-02,2.836500000000000132e-01,-3.695829999999999949e-01,4.904330000000000078e-01,-8.040799999999999337e-02,4.436390000000000056e-01,-1.651590000000000003e-01,2.161170000000000035e-01,-5.706499999999999767e-02,6.176810000000000356e-01,-1.583400000000000085e-01,2.712740000000000151e-01,-4.926900000000000029e-02,-6.307400000000000506e-02,1.591549999999999909e-01,8.325289999999999635e-01,2.347490000000000132e-01,-2.009150000000000102e-01,-8.030600000000000238e-02,2.755219999999999891e-01,8.211190000000000433e-01,2.994680000000000120e-01,8.685920000000000307e-01,-9.544500000000000206e-02,-1.275840000000000030e-01,-8.160900000000000098e-02,-3.095570000000000266e-01,6.664600000000000524e-01,7.012909999999999977e-01,4.270309999999999939e-01,6.876839999999999620e-01,6.628810000000000535e-01
4.682740000000000236e-01,2.806770000000000098e-01,-2.831620000000000248e-01,1.458329999999999904e-01,-2.046699999999999908e-02,2.163579999999999948e-01,1.449999999999999900e-01,-3.125000000000000000e-02,-2.319499999999999895e-01,3.216260000000000230e-01,-3.809239999999999848e-01,6.199500000000000149e-02,2.049499999999999933e-01,3.952699999999999964e-02,-6.432599999999999429e-02,1.000000000000000000e+00,2.558500000000000218e-01,5.852629999999999777e-01,-3.119480000000000031e-01,-2.354380000000000084e-01,3.560360000000000191e-01,-8.771099999999999730e-02,4.388700000000000240e-02,1.945189999999999975e-01,6.167719999999999869e-01,1.326759999999999884e-01,1.939809999999999868e-01,1.305810000000000026e-01,6.375159999999999716e-01,1.309400000000000008e-01,4.271849999999999814e-01,4.241039999999999810e-01,2.396419999999999939e-01,1.751759999999999984e-01,4.909250000000000003e-01,-3.884349999999999747e-01,-3.767999999999999822e-02,2.935600000000000015e-02,4.384319999999999884e-01,2.224019999999999886e-01,2.136919999999999931e-01,5.368899999999999784e-01,-1.642730000000000024e-01,-3.678879999999999928e-01,1.357799999999999979e-02,3.580430000000000001e-01,3.816439999999999833e-01,-2.351070000000000104e-01,9.950599999999999723e-02,-3.456759999999999833e-01,1.890469999999999928e-01,4.627699999999999869e-02,-1.019660000000000011e-01,-1.734789999999999943e-01,1.617169999999999996e-01,-2.272210000000000063e-01,1.403560000000000085e-01,2.356640000000000124e-01,-3.168699999999999850e-01,-3.102179999999999938e-01,6.804289999999999505e-01,3.279119999999999813e-01,5.632570000000000077e-01,-1.705760000000000054e-01,-2.093869999999999898e-01,3.002879999999999994e-01,-6.613499999999999934e-02,1.224210000000000020e-01,1.654509999999999870e-01,4.790320000000000134e-01,2.545089999999999852e-01,9.104199999999999793e-02,1.734279999999999988e-01,4.637539999999999996e-01,5.780699999999999728e-02,3.231020000000000003e-01
9.230399999999999716e-02,7.679000000000000270e-01,-1.574730000000000019e-01,6.521499999999999519e-02,-4.196909999999999807e-01,5.944059999999999899e-01,1.032229999999999953e-01,5.707109999999999683e-01,-3.767969999999999930e-01,3.884290000000000243e-01,-5.305180000000000451e-01,7.061929999999999596e-01,7.242189999999999461e-01,2.517349999999999866e-01,-3.891870000000000052e-01,2.558500000000000218e-01,1.000000000000000000e+00,6.518739999999999535e-01,-3.092550000000000021e-01,-4.398150000000000115e-01,4.019719999999999960e-01,-5.273529999999999607e-01,5.254910000000000414e-01,6.848459999999999548e-01,4.149660000000000015e-01,8.220730000000000537e-01,-5.914380000000000193e-01,-1.370909999999999906e-01,-1.057120000000000004e-01,-2.092640000000000056e-01,-2.437779999999999947e-01,4.243129999999999957e-01,5.485330000000000483e-01,2.046689999999999898e-01,7.723199999999999510e-02,2.091369999999999896e-01,1.514600000000000113e-01,1.745649999999999979e-01,2.997810000000000197e-01,3.381950000000000234e-01,-2.615599999999999870e-02,1.230299999999999970e-02,1.781610000000000138e-01,1.414100000000000079e-02,2.075470000000000093e-01,-5.068500000000000089e-02,4.016029999999999878e-01,-2.471980000000000011e-01,-2.054399999999999976e-02,-4.617499999999999938e-01,2.877990000000000270e-01,-3.525800000000000045e-01,3.714370000000000172e-01,-3.642560000000000242e-01,5.024330000000000185e-01,-2.292359999999999953e-01,5.055579999999999519e-01,3.903929999999999900e-01,-7.553500000000000492e-02,-4.815130000000000243e-01,-3.004910000000000081e-01,6.257800000000000029e-01,3.549419999999999797e-01,4.856900000000000106e-02,-5.089089999999999447e-01,1.108060000000000017e-01,-5.453470000000000262e-01,1.865600000000000036e-01,4.926760000000000028e-01,-1.445829999999999893e-01,6.113530000000000353e-01,-6.666109999999999536e-01,-3.393889999999999962e-01,-4.810749999999999749e-01,-2.908720000000000194e-01,-3.138420000000000099e-01
3.731099999999999695e-02,5.694479999999999542e-01,-3.501500000000000168e-01,1.508660000000000001e-01,-2.100200000000000122e-01,5.313940000000000330e-01,3.087440000000000184e-01,3.652869999999999728e-01,-4.065170000000000172e-01,3.116309999999999913e-01,-5.815780000000000394e-01,2.858459999999999890e-01,6.617439999999999989e-01,2.675400000000000000e-02,-3.070749999999999869e-01,5.852629999999999777e-01,6.518739999999999535e-01,1.000000000000000000e+00,-4.516339999999999799e-01,-3.303789999999999782e-01,4.164999999999999813e-01,-4.241090000000000138e-01,3.487279999999999824e-01,2.700130000000000030e-01,4.346039999999999903e-01,4.300089999999999746e-01,-2.102930000000000077e-01,1.255789999999999962e-01,3.808639999999999803e-01,3.476400000000000323e-02,1.038530000000000009e-01,3.926609999999999823e-01,4.017040000000000055e-01,-6.640000000000000069e-02,2.013210000000000000e-01,3.829599999999999671e-02,1.861349999999999949e-01,-3.361600000000000005e-02,3.368840000000000168e-01,1.974629999999999996e-01,-1.213230000000000003e-01,1.779779999999999973e-01,-1.686500000000000152e-02,-1.473649999999999960e-01,-2.069599999999999912e-02,1.714800000000000005e-02,5.245990000000000375e-01,-3.223349999999999826e-01,1.952699999999999991e-01,-4.694610000000000172e-01,3.403240000000000154e-01,-3.323199999999999765e-02,2.489580000000000126e-01,-3.638350000000000195e-01,2.765480000000000160e-01,-4.200050000000000172e-01,2.609569999999999945e-01,4.779030000000000222e-01,-7.056199999999999972e-02,-3.934880000000000044e-01,1.709090000000000054e-01,6.346589999999999732e-01,7.459000000000000075e-01,-2.733550000000000146e-01,-3.884630000000000027e-01,1.171240000000000059e-01,-3.974039999999999795e-01,2.299269999999999925e-01,1.594669999999999976e-01,2.026090000000000113e-01,4.561709999999999932e-01,-2.855440000000000200e-01,2.099000000000000171e-02,-5.599999999999999943e-03,-7.815800000000000525e-02,3.399400000000000338e-02
-3.108999999999999785e-03,-2.722029999999999728e-01,7.451820000000000110e-01,-1.375919999999999921e-01,2.457449999999999912e-01,-2.304690000000000072e-01,-3.514459999999999806e-01,-6.965899999999999870e-02,6.792230000000000212e-01,-1.582899999999999932e-02,6.507209999999999939e-01,-1.972199999999999995e-02,-1.191200000000000037e-01,1.953999999999999834e-02,5.132529999999999593e-01,-3.119480000000000031e-01,-3.092550000000000021e-01,-4.516339999999999799e-01,1.000000000000000000e+00,6.008559999999999457e-01,-2.497560000000000058e-01,5.339840000000000142e-01,-2.445410000000000084e-01,-1.886480000000000101e-01,-5.277230000000000532e-01,-2.692200000000000149e-01,2.518730000000000135e-01,3.934019999999999739e-01,-2.131959999999999966e-01,4.898100000000000231e-01,1.631620000000000015e-01,-2.292579999999999896e-01,-4.301490000000000036e-01,1.324950000000000017e-01,-2.584399999999999892e-02,1.116579999999999934e-01,-1.058699999999999919e-02,7.143599999999999950e-02,-2.346620000000000095e-01,-3.110319999999999752e-01,4.175999999999999851e-02,-1.555999999999999883e-01,1.078550000000000064e-01,2.130910000000000026e-01,-1.578200000000000089e-02,1.168310000000000043e-01,-4.235650000000000248e-01,6.685839999999999561e-01,-8.217199999999999505e-02,4.619099999999999873e-01,-8.781799999999999329e-02,1.038319999999999937e-01,6.624599999999999933e-02,7.330529999999999546e-01,-2.605609999999999871e-01,4.984739999999999727e-01,7.447999999999999760e-03,-1.806100000000000066e-02,2.341519999999999990e-01,5.282639999999999558e-01,-5.844799999999999995e-02,-1.293640000000000068e-01,-2.754969999999999919e-01,7.780589999999999451e-01,5.847869999999999457e-01,-3.518600000000000200e-02,5.650549999999999740e-01,-1.685339999999999894e-01,-1.726169999999999927e-01,-3.642360000000000042e-01,-2.620000000000000107e-01,3.690180000000000127e-01,4.465489999999999737e-01,5.037500000000000311e-02,4.870039999999999925e-01,2.687100000000000044e-01
-5.406299999999999994e-02,-4.912130000000000107e-01,4.890349999999999975e-01,9.104500000000000093e-02,4.591379999999999906e-01,-4.521870000000000056e-01,-6.400599999999999346e-02,-3.125979999999999870e-01,6.878300000000000525e-01,6.042000000000000148e-02,6.438610000000000166e-01,-1.261629999999999974e-01,-2.046949999999999881e-01,-9.938999999999999918e-03,8.519609999999999683e-01,-2.354380000000000084e-01,-4.398150000000000115e-01,-3.303789999999999782e-01,6.008559999999999457e-01,1.000000000000000000e+00,-2.761989999999999723e-01,8.997290000000000010e-01,-4.916420000000000234e-01,-3.603180000000000271e-01,-5.976639999999999731e-01,-4.991709999999999758e-01,4.975760000000000183e-01,7.379520000000000524e-01,7.132299999999999751e-02,6.966130000000000377e-01,5.241930000000000200e-01,-5.329110000000000236e-01,-6.563649999999999762e-01,-1.457930000000000059e-01,-8.354999999999999927e-02,2.668380000000000196e-01,1.485899999999999999e-01,2.083399999999999974e-01,-4.913569999999999882e-01,-5.035889999999999533e-01,-1.019120000000000026e-01,-2.237159999999999982e-01,1.972420000000000007e-01,3.983729999999999771e-01,1.486139999999999961e-01,6.856399999999999995e-02,-4.795280000000000098e-01,4.461689999999999823e-01,-2.543999999999999821e-03,5.981229999999999603e-01,-2.430829999999999935e-01,3.940460000000000074e-01,-1.451939999999999897e-01,6.653750000000000497e-01,-8.484300000000000175e-02,2.978779999999999761e-01,-1.980900000000000022e-02,-4.577799999999999925e-02,3.229110000000000036e-01,8.658050000000000468e-01,1.090440000000000020e-01,-2.162600000000000078e-01,-1.082440000000000069e-01,2.533679999999999821e-01,9.664669999999999650e-01,3.752599999999999686e-02,9.194849999999999968e-01,-2.744380000000000153e-01,-1.848950000000000038e-01,-1.790470000000000117e-01,-4.905780000000000141e-01,6.686170000000000169e-01,7.465659999999999519e-01,3.481330000000000258e-01,7.033700000000000507e-01,6.087709999999999511e-01
