1.000000000000000000e+00,-5.386400000000000216e-02,-2.849409999999999998e-01,2.627900000000000236e-01,-1.235220000000000068e-01,-3.228679999999999883e-01,-4.203649999999999887e-01,-8.005199999999999816e-02,-3.134339999999999904e-01,5.601199999999999929e-02,-3.042009999999999992e-01,-1.484159999999999924e-01,-5.073680000000000412e-01,-9.800399999999999390e-02,6.900499999999999690e-02,-4.416500000000000287e-02,1.894010000000000138e-01,-4.858400000000000218e-02,1.694599999999999926e-02,6.158000000000000279e-03,6.431890000000000107e-01,-8.050400000000000611e-02,-7.373999999999999999e-02,5.605299999999999727e-01,1.538049999999999973e-01,2.878379999999999828e-01,-4.067620000000000124e-01,-3.724190000000000000e-01,2.792599999999999943e-02,3.795510000000000272e-01,5.665940000000000420e-01,6.849460000000000548e-01,6.712890000000000246e-01,6.032969999999999722e-01,3.426219999999999821e-01,2.978330000000000144e-01,1.540050000000000030e-01,7.568400000000000127e-02,6.515239999999999920e-01,4.522669999999999746e-01,5.800800000000000400e-01,2.274269999999999903e-01,-5.923099999999999893e-02,1.578110000000000068e-01,-1.311120000000000063e-01,9.266199999999999992e-01,-4.719500000000000084e-02,-3.369489999999999985e-01,-1.927010000000000112e-01,-4.822949999999999737e-01,-4.015909999999999758e-01,-5.326899999999999968e-01,-1.234839999999999965e-01,-3.846450000000000147e-01,-2.566789999999999905e-01,-3.441250000000000142e-01,-2.620730000000000004e-01,-5.710060000000000136e-01,-4.229689999999999839e-01,9.517699999999999771e-02,2.910130000000000217e-01,1.183879999999999932e-01,3.377600000000000047e-02,-2.347229999999999872e-01,-9.084999999999999326e-03,7.025529999999999831e-01,1.083289999999999947e-01,-1.914150000000000018e-01,9.989499999999999769e-02,3.578599999999999837e-02,5.474649999999999794e-01,-3.839069999999999983e-01,-3.659839999999999760e-01,3.359000000000000007e-03,2.780900000000000039e-01,6.745679999999999454e-01
-5.386400000000000216e-02,1.000000000000000000e+00,1.296070000000000000e-01,4.146699999999999692e-02,9.471999999999999864e-02,6.697490000000000387e-01,1.428599999999999870e-01,1.436850000000000072e-01,1.001409999999999939e-01,5.481899999999999967e-02,1.521949999999999970e-01,2.926750000000000185e-01,6.084330000000000016e-01,-2.910099999999999840e-02,3.241140000000000132e-01,5.205379999999999452e-01,4.726330000000000253e-01,5.682110000000000216e-01,2.388780000000000070e-01,4.078149999999999831e-01,1.908529999999999949e-01,4.189510000000000178e-01,2.501039999999999930e-01,-9.019299999999999540e-02,7.852050000000000418e-01,5.638400000000000079e-01,3.213630000000000098e-01,4.729419999999999735e-01,4.530350000000000210e-01,1.571900000000000033e-02,-8.451899999999999691e-02,-4.027100000000000124e-02,5.166099999999999859e-02,-6.750899999999999956e-02,-4.691560000000000175e-01,1.277969999999999939e-01,-1.690250000000000086e-01,3.081340000000000190e-01,-1.263219999999999898e-01,-2.579800000000000149e-02,-8.837200000000000610e-02,-5.129620000000000291e-01,1.532630000000000103e-01,1.866800000000000126e-01,3.845410000000000217e-01,-2.665310000000000179e-01,6.346159999999999579e-01,1.317089999999999927e-01,-2.191349999999999965e-01,8.594699999999999562e-02,5.537119999999999820e-01,2.582149999999999723e-01,1.480779999999999874e-01,1.333489999999999953e-01,2.180660000000000098e-01,2.049499999999999933e-02,2.839639999999999942e-01,3.996129999999999960e-01,-8.900999999999999190e-03,1.613590000000000024e-01,3.902200000000000113e-02,3.279020000000000268e-01,4.108859999999999735e-01,2.173690000000000067e-01,2.364469999999999905e-01,4.455499999999999738e-02,2.162749999999999950e-01,2.023610000000000131e-01,-8.535099999999999631e-02,5.856649999999999912e-01,3.527930000000000232e-01,2.854129999999999723e-01,3.147610000000000130e-01,1.531939999999999968e-01,7.602799999999999836e-02,-2.031679999999999875e-01
-2.849409999999999998e-01,1.296070000000000000e-01,1.000000000000000000e+00,-1.247079999999999994e-01,4.033030000000000226e-01,4.743109999999999826e-01,2.786370000000000235e-01,4.033649999999999736e-01,5.885479999999999601e-01,-1.260759999999999936e-01,8.379969999999999919e-01,3.857039999999999913e-01,5.147249999999999881e-01,1.287059999999999871e-01,3.113850000000000229e-01,2.450859999999999983e-01,3.539390000000000036e-01,2.300139999999999962e-01,6.340510000000000312e-01,3.923780000000000046e-01,-1.139699999999999915e-02,3.578770000000000007e-01,6.076709999999999612e-01,-2.108559999999999879e-01,-2.928300000000000000e-02,2.520760000000000223e-01,6.569359999999999644e-01,6.130830000000000446e-01,3.379989999999999939e-01,2.132880000000000054e-01,1.596950000000000036e-01,-4.114769999999999817e-01,-3.570650000000000213e-01,-3.328889999999999905e-01,-2.796139999999999737e-01,-1.255940000000000112e-01,-5.186000000000000332e-02,-1.451979999999999937e-01,-4.589480000000000226e-01,-5.941410000000000302e-01,-2.571609999999999729e-01,-3.482649999999999912e-01,1.193020000000000053e-01,-3.085699999999999901e-02,1.196580000000000005e-01,-3.600479999999999792e-01,-4.119199999999999945e-02,9.476809999999999956e-01,1.799409999999999898e-01,6.057000000000000162e-01,2.373419999999999974e-01,5.436280000000000001e-01,3.700439999999999841e-01,5.895169999999999577e-01,3.342269999999999963e-01,8.110500000000000487e-01,9.640300000000000258e-02,4.853160000000000251e-01,1.421119999999999883e-01,2.670250000000000123e-01,1.694950000000000068e-01,1.864590000000000136e-01,6.685800000000000076e-02,7.904619999999999980e-01,3.513209999999999944e-01,-5.121699999999999864e-02,2.941940000000000111e-01,6.781239999999999490e-01,-9.329500000000000293e-02,-1.178619999999999945e-01,-7.360600000000000476e-02,5.477659999999999751e-01,5.580429999999999557e-01,3.915509999999999824e-01,2.291050000000000031e-01,3.775699999999999890e-02
2.627900000000000236e-01,4.146699999999999692e-02,-1.247079999999999994e-01,1.000000000000000000e+00,-1.319950000000000012e-01,-8.385599999999999998e-02,-5.396299999999999708e-02,1.553029999999999966e-01,-2.311090000000000089e-01,1.942560000000000120e-01,-1.470470000000000110e-01,3.615299999999999764e-02,-8.285999999999999963e-03,4.185340000000000171e-01,-3.067699999999999941e-02,-1.403629999999999878e-01,2.044749999999999901e-01,-5.482499999999999873e-02,2.147800000000000056e-02,3.799000000000000293e-02,2.447850000000000026e-01,-3.455400000000000138e-02,1.228839999999999932e-01,3.054470000000000240e-01,3.035900000000000057e-02,1.760349999999999970e-01,-1.236710000000000031e-01,2.802500000000000130e-02,-5.708000000000000400e-03,3.120020000000000016e-01,1.785509999999999875e-01,2.757049999999999779e-01,2.912669999999999981e-01,1.974219999999999864e-01,1.795470000000000121e-01,3.062059999999999782e-01,3.572940000000000005e-01,2.224679999999999991e-01,2.606550000000000256e-01,2.695910000000000251e-01,3.060749999999999860e-01,5.620599999999999902e-02,3.444209999999999772e-01,3.059379999999999877e-01,2.529810000000000114e-01,2.281030000000000002e-01,-1.078650000000000025e-01,-1.473889999999999922e-01,1.596599999999999964e-01,-1.957309999999999883e-01,-1.333360000000000101e-01,-1.525229999999999919e-01,1.533990000000000076e-01,-2.389439999999999897e-01,1.427910000000000013e-01,-2.085220000000000129e-01,9.542299999999999394e-02,-1.930929999999999869e-01,-1.232420000000000043e-01,1.127500000000000030e-02,-1.818900000000000031e-02,-6.677800000000000402e-02,-4.214299999999999990e-02,-1.451429999999999942e-01,-4.884899999999999659e-02,2.378520000000000079e-01,1.799900000000000111e-02,-4.906999999999999904e-03,2.849610000000000198e-01,-1.553999999999999999e-02,1.365230000000000055e-01,-8.514599999999999946e-02,-4.409999999999999858e-03,-2.520999999999999804e-03,2.629790000000000183e-01,2.115680000000000061e-01
-1.235220000000000068e-01,9.471999999999999864e-02,4.033030000000000226e-01,-1.319950000000000012e-01,1.000000000000000000e+00,3.080240000000000200e-01,4.665290000000000270e-01,-1.422150000000000081e-01,8.346419999999999950e-01,-3.601079999999999837e-01,6.122170000000000112e-01,-1.220799999999999941e-01,2.105559999999999932e-01,2.490199999999999914e-01,1.890759999999999941e-01,3.080510000000000193e-01,9.924600000000000088e-02,2.161190000000000055e-01,1.004599999999999937e-01,2.095410000000000050e-01,-1.154059999999999947e-01,2.974100000000000077e-01,1.314180000000000070e-01,-4.790630000000000166e-01,8.461200000000000665e-02,-1.009219999999999978e-01,7.071640000000000148e-01,3.894949999999999801e-01,3.835600000000000120e-01,-1.342119999999999980e-01,2.656459999999999932e-01,-3.398379999999999734e-01,-3.260750000000000037e-01,-1.330260000000000054e-01,-6.897999999999999965e-02,9.748999999999999333e-02,-8.138099999999999501e-02,-4.226349999999999829e-01,-3.571010000000000018e-01,-4.202480000000000104e-01,-2.539179999999999771e-01,-2.573849999999999749e-01,3.866000000000000079e-03,1.259200000000000076e-02,-1.819870000000000099e-01,-1.019940000000000013e-01,3.248719999999999941e-01,4.049780000000000046e-01,9.886999999999999955e-03,7.364810000000000523e-01,3.383090000000000264e-01,6.214260000000000339e-01,-1.490700000000000011e-02,7.445850000000000524e-01,-5.405100000000000182e-02,5.052809999999999802e-01,-2.216950000000000032e-01,3.210020000000000095e-01,2.262200000000000044e-01,1.190139999999999948e-01,2.735319999999999974e-01,7.653999999999999693e-02,4.700399999999999717e-02,2.317950000000000010e-01,1.939619999999999955e-01,5.257099999999999967e-02,2.217469999999999997e-01,3.370929999999999760e-01,-4.465299999999999825e-01,2.034660000000000080e-01,3.826500000000000040e-02,6.174439999999999928e-01,2.811719999999999775e-01,2.783459999999999823e-01,-6.537700000000000455e-02,1.347550000000000137e-01
-3.228679999999999883e-01,6.697490000000000387e-01,4.743109999999999826e-01,-8.385599999999999998e-02,3.080240000000000200e-01,1.000000000000000000e+00,3.769049999999999900e-01,4.868919999999999915e-01,4.407610000000000139e-01,-1.199490000000000001e-01,4.001939999999999942e-01,4.938910000000000244e-01,7.959340000000000304e-01,5.147299999999999792e-02,3.628160000000000274e-01,5.598859999999999948e-01,4.942449999999999899e-01,6.333739999999999926e-01,3.146999999999999797e-01,5.221689999999999943e-01,1.475180000000000102e-01,4.733990000000000142e-01,6.746590000000000087e-01,-7.740600000000000258e-02,4.604409999999999892e-01,4.378690000000000082e-01,6.227340000000000098e-01,7.676779999999999715e-01,5.918240000000000167e-01,1.198270000000000030e-01,1.797999999999999945e-02,-2.932049999999999934e-01,-2.574790000000000134e-01,-2.470789999999999931e-01,-5.329570000000000141e-01,9.903000000000000691e-02,-7.332099999999999729e-02,1.369329999999999992e-01,-3.976250000000000062e-01,-5.018019999999999703e-01,-3.056170000000000275e-01,-6.261409999999999476e-01,2.246900000000000008e-01,1.861299999999999899e-01,3.607380000000000031e-01,-4.607800000000000229e-01,4.089610000000000190e-01,4.431740000000000124e-01,-1.356439999999999868e-01,3.742179999999999951e-01,7.246960000000000068e-01,4.939620000000000122e-01,4.991490000000000093e-01,4.654429999999999956e-01,2.822049999999999836e-01,2.401050000000000129e-01,3.136349999999999971e-01,6.143370000000000219e-01,4.717500000000000165e-02,2.195719999999999894e-01,1.054250000000000048e-01,2.823080000000000034e-01,4.632850000000000024e-01,3.609339999999999771e-01,4.013189999999999813e-01,4.516499999999999682e-02,2.720099999999999740e-01,6.215140000000000109e-01,-1.011070000000000024e-01,3.583339999999999859e-01,1.094239999999999935e-01,5.207619999999999472e-01,5.694719999999999782e-01,3.413979999999999793e-01,1.876089999999999980e-01,-1.778569999999999873e-01
-4.203649999999999887e-01,1.428599999999999870e-01,2.786370000000000235e-01,-5.396299999999999708e-02,4.665290000000000270e-01,3.769049999999999900e-01,1.000000000000000000e+00,-2.298000000000000129e-03,4.527530000000000165e-01,1.810329999999999995e-01,3.234099999999999753e-01,3.083810000000000162e-01,5.693270000000000275e-01,2.394219999999999959e-01,6.928000000000000130e-03,1.574440000000000006e-01,7.764899999999999580e-02,1.415999999999999941e-03,9.224100000000000354e-02,1.718240000000000045e-01,-2.838109999999999800e-01,2.820929999999999827e-01,1.699529999999999930e-01,-2.824369999999999936e-01,2.395699999999999913e-02,-3.349099999999999994e-02,6.212710000000000177e-01,4.726839999999999931e-01,3.558760000000000256e-01,-2.802239999999999731e-01,-4.524799999999999656e-02,-5.857949999999999546e-01,-5.638809999999999656e-01,-4.421180000000000110e-01,-2.933999999999999941e-01,-2.078069999999999917e-01,-6.495399999999999785e-02,-8.440599999999999492e-02,-5.679100000000000259e-01,-4.603999999999999759e-01,-3.981120000000000214e-01,-1.505740000000000134e-01,7.814999999999999725e-02,-1.403890000000000138e-01,2.184200000000000030e-01,-4.506009999999999738e-01,1.686300000000000021e-01,2.659099999999999797e-01,3.962919999999999776e-01,5.661059999999999981e-01,3.801249999999999907e-01,8.018490000000000339e-01,3.456100000000000144e-02,4.024989999999999957e-01,4.544420000000000126e-01,2.435329999999999995e-01,2.977759999999999851e-01,6.297500000000000320e-01,3.566790000000000238e-01,-1.362999999999999975e-02,1.511240000000000083e-01,1.336479999999999890e-01,6.047000000000000292e-02,1.337419999999999998e-01,1.729910000000000059e-01,-2.884260000000000157e-01,2.276080000000000048e-01,2.265979999999999939e-01,1.103190000000000004e-01,5.333899999999999753e-02,-6.988800000000000567e-02,6.296880000000000255e-01,4.656350000000000211e-01,3.500639999999999863e-01,-7.394000000000000572e-02,-1.308469999999999911e-01
-8.005199999999999816e-02,1.436850000000000072e-01,4.033649999999999736e-01,1.553029999999999966e-01,-1.422150000000000081e-01,4.868919999999999915e-01,-2.298000000000000129e-03,1.000000000000000000e+00,-1.366999999999999943e-03,7.223300000000000554e-02,2.645279999999999854e-01,7.432630000000000070e-01,3.946999999999999953e-01,2.431250000000000078e-01,5.452800000000000008e-02,-6.986000000000000022e-03,5.003199999999999870e-01,2.253280000000000005e-01,3.131519999999999859e-01,1.832300000000000040e-01,3.805850000000000066e-01,-3.009999999999999980e-04,7.748059999999999947e-01,4.797779999999999823e-01,1.455000000000000043e-02,5.907970000000000166e-01,1.090070000000000067e-01,2.801359999999999961e-01,-1.190699999999999918e-02,2.605359999999999898e-01,1.712100000000000080e-02,1.814199999999999841e-02,1.080900000000000055e-01,-3.167400000000000077e-02,-1.794360000000000122e-01,6.373700000000000199e-02,5.303499999999999881e-02,1.749910000000000077e-01,-9.416900000000000270e-02,-1.857209999999999972e-01,-1.096699999999999932e-02,-2.643050000000000122e-01,4.355629999999999780e-01,1.046679999999999972e-01,3.293499999999999761e-01,-1.675830000000000097e-01,-1.651080000000000048e-01,3.003600000000000159e-01,1.285940000000000139e-01,8.486499999999999599e-02,8.425699999999999856e-02,8.954199999999999660e-02,8.345219999999999860e-01,1.732600000000000112e-02,3.849870000000000236e-01,2.168140000000000067e-01,3.793159999999999865e-01,1.773849999999999871e-01,7.150399999999999812e-02,-3.170000000000000075e-03,-2.026940000000000131e-01,2.675819999999999865e-01,1.566750000000000087e-01,2.904979999999999785e-01,7.680199999999999527e-02,1.641499999999999904e-01,3.510999999999999798e-03,4.512780000000000125e-01,3.693370000000000264e-01,-6.214299999999999685e-02,1.379720000000000113e-01,-9.006000000000000116e-03,1.899470000000000047e-01,-1.126500000000000071e-02,1.890850000000000031e-01,-5.412100000000000244e-02
-3.134339999999999904e-01,1.001409999999999939e-01,5.885479999999999601e-01,-2.311090000000000089e-01,8.346419999999999950e-01,4.407610000000000139e-01,4.527530000000000165e-01,-1.366999999999999943e-03,1.000000000000000000e+00,-3.785499999999999976e-01,7.181610000000000493e-01,-8.429999999999999993e-04,3.419690000000000230e-01,8.014300000000000590e-02,2.452930000000000110e-01,3.130479999999999929e-01,1.420059999999999933e-01,2.283789999999999987e-01,1.963650000000000118e-01,2.610660000000000203e-01,-1.400460000000000038e-01,3.295440000000000036e-01,2.754489999999999994e-01,-5.219449999999999923e-01,-2.054500000000000076e-02,-5.333199999999999746e-02,7.912949999999999706e-01,4.734129999999999727e-01,3.728480000000000127e-01,-7.956299999999999484e-02,1.442110000000000058e-01,-5.214130000000000154e-01,-4.700869999999999771e-01,-3.332860000000000267e-01,-2.359239999999999948e-01,-9.544400000000000106e-02,-2.068609999999999893e-01,-4.275140000000000051e-01,-5.444480000000000430e-01,-5.530059999999999976e-01,-4.651049999999999907e-01,-3.806579999999999964e-01,-8.924400000000000388e-02,-1.402110000000000023e-01,-1.721949999999999870e-01,-3.231789999999999941e-01,2.502059999999999840e-01,6.316009999999999680e-01,3.572999999999999787e-03,7.818540000000000489e-01,4.128169999999999895e-01,6.988649999999999585e-01,8.683699999999999752e-02,9.283470000000000333e-01,-2.986499999999999919e-02,6.469489999999999963e-01,-1.567079999999999862e-01,4.625540000000000207e-01,1.574240000000000084e-01,1.526990000000000014e-01,1.232369999999999993e-01,6.672999999999999765e-02,3.295900000000000218e-02,3.746129999999999738e-01,2.445950000000000069e-01,-6.582599999999999563e-02,1.775170000000000081e-01,4.880189999999999806e-01,-4.284069999999999823e-01,9.533700000000000507e-02,-1.047079999999999955e-01,6.741049999999999542e-01,4.003079999999999972e-01,2.699329999999999785e-01,-4.068999999999999700e-02,-5.206399999999999917e-02
5.601199999999999929e-02,5.481899999999999967e-02,-1.260759999999999936e-01,1.942560000000000120e-01,-3.601079999999999837e-01,-1.199490000000000001e-01,1.810329999999999995e-01,7.223300000000000554e-02,-3.785499999999999976e-01,1.000000000000000000e+00,-2.456200000000000050e-01,3.299489999999999923e-01,-1.316799999999999915e-02,-1.548099999999999997e-02,-7.701199999999999712e-02,-1.292490000000000028e-01,2.517380000000000173e-01,-2.098679999999999990e-01,5.089099999999999874e-02,-9.959400000000000197e-02,1.521100000000000056e-02,-5.904100000000000320e-02,-7.283299999999999497e-02,2.794179999999999997e-01,1.013870000000000049e-01,2.493829999999999936e-01,-2.184800000000000075e-01,-1.536710000000000020e-01,-1.311489999999999878e-01,-1.322399999999999964e-02,1.278640000000000054e-01,7.885000000000000342e-02,-1.334819999999999895e-01,7.746000000000000281e-03,1.408600000000000130e-01,-1.385929999999999940e-01,3.711280000000000134e-01,3.787400000000000211e-01,1.159099999999999991e-01,5.524400000000000144e-02,5.705699999999999661e-02,2.878879999999999773e-01,2.237659999999999927e-01,9.889000000000000568e-02,3.188840000000000008e-01,-1.445100000000000030e-02,-1.285650000000000126e-01,-1.862969999999999904e-01,3.852689999999999726e-01,-2.083619999999999917e-01,-1.559069999999999900e-01,3.790999999999999925e-02,-6.596299999999999386e-02,-3.034049999999999803e-01,5.647259999999999502e-01,-2.480110000000000092e-01,4.511080000000000090e-01,7.880399999999999905e-02,2.625000000000000163e-03,-3.392599999999999782e-02,-4.539800000000000085e-02,3.847490000000000077e-01,-1.288599999999999988e-02,-5.419199999999999712e-02,-4.015599999999999725e-02,-1.356150000000000133e-01,1.861999999999999940e-03,-2.394429999999999892e-01,5.648210000000000175e-01,-9.318500000000000394e-02,2.352829999999999921e-01,-1.529339999999999866e-01,4.232600000000000251e-02,-4.760000000000000234e-04,2.841899999999999982e-02,5.743700000000000194e-02
-3.042009999999999992e-01,1.521949999999999970e-01,8.379969999999999919e-01,-1.470470000000000110e-01,6.122170000000000112e-01,4.001939999999999942e-01,3.234099999999999753e-01,2.645279999999999854e-01,7.181610000000000493e-01,-2.456200000000000050e-01,1.000000000000000000e+00,1.770049999999999957e-01,4.088990000000000125e-01,2.141589999999999883e-01,1.342230000000000090e-01,2.263550000000000006e-01,2.252820000000000100e-01,2.709639999999999826e-01,5.624149999999999983e-01,2.655129999999999990e-01,-1.859649999999999914e-01,2.026910000000000101e-01,4.588610000000000189e-01,-2.994499999999999940e-01,4.582800000000000068e-02,9.466099999999999515e-02,6.944909999999999695e-01,5.134079999999999755e-01,2.449060000000000126e-01,5.079100000000000281e-02,8.104999999999999705e-02,-4.124909999999999966e-01,-3.569240000000000190e-01,-3.475679999999999881e-01,-2.102370000000000072e-01,-7.953000000000000347e-02,-1.448780000000000068e-01,-2.187360000000000138e-01,-4.578180000000000027e-01,-5.263769999999999838e-01,-3.617250000000000187e-01,-3.186570000000000236e-01,6.920099999999999862e-02,-9.650499999999999357e-02,4.413999999999999868e-02,-3.614189999999999903e-01,1.897099999999999828e-02,8.359159999999999924e-01,4.326699999999999990e-02,7.203380000000000338e-01,2.443150000000000044e-01,5.800009999999999888e-01,3.048449999999999771e-01,6.981519999999999948e-01,2.267669999999999964e-01,8.607120000000000326e-01,-6.337999999999999884e-03,3.550599999999999867e-01,2.693369999999999931e-01,8.334400000000000142e-02,1.762800000000000131e-02,8.372499999999999387e-02,4.146999999999999645e-03,6.626849999999999685e-01,1.534909999999999886e-01,-1.557630000000000126e-01,1.114470000000000044e-01,5.749940000000000051e-01,-2.024060000000000026e-01,2.062100000000000044e-02,-1.568509999999999904e-01,5.882500000000000506e-01,3.733509999999999884e-01,2.032390000000000030e-01,2.429999999999999868e-03,-4.395099999999999701e-02
-1.484159999999999924e-01,2.926750000000000185e-01,3.857039999999999913e-01,3.615299999999999764e-02,-1.220799999999999941e-01,4.938910000000000244e-01,3.083810000000000162e-01,7.432630000000000070e-01,-8.429999999999999993e-04,3.299489999999999923e-01,1.770049999999999957e-01,1.000000000000000000e+00,5.764820000000000499e-01,1.209490000000000010e-01,1.559129999999999960e-01,1.273060000000000025e-01,5.442979999999999485e-01,2.249299999999999911e-01,3.591349999999999820e-01,2.086909999999999876e-01,2.336759999999999948e-01,1.494260000000000033e-01,5.813570000000000126e-01,3.943090000000000206e-01,1.985550000000000093e-01,6.239630000000000454e-01,1.770919999999999994e-01,3.974940000000000140e-01,1.125799999999999995e-01,9.597500000000000475e-02,-8.461899999999999977e-02,-1.950649999999999884e-01,-9.501300000000000023e-02,-1.289049999999999918e-01,-4.391470000000000096e-01,-2.036500000000000116e-02,9.015000000000000444e-03,3.436799999999999855e-01,-2.741939999999999933e-01,-2.633929999999999882e-01,-8.379899999999999849e-02,-2.440400000000000069e-01,3.995130000000000070e-01,9.766000000000000375e-03,4.732009999999999827e-01,-2.755830000000000224e-01,2.473900000000000057e-02,2.595509999999999762e-01,3.754419999999999980e-01,1.521039999999999892e-01,1.921279999999999932e-01,3.120839999999999725e-01,5.696569999999999689e-01,1.130199999999999955e-02,6.354589999999999961e-01,1.627639999999999920e-01,6.418049999999999589e-01,4.400839999999999752e-01,1.660329999999999862e-01,1.135810000000000014e-01,-5.273200000000000109e-02,4.949770000000000003e-01,2.968279999999999808e-01,3.198360000000000092e-01,1.164199999999999957e-01,-8.064999999999999253e-03,9.574000000000000565e-02,3.097010000000000041e-01,4.540170000000000039e-01,6.537300000000000055e-02,2.944339999999999735e-01,1.156579999999999969e-01,3.361319999999999864e-01,9.857399999999999496e-02,1.349190000000000111e-01,-1.347089999999999954e-01
-5.073680000000000412e-01,6.084330000000000016e-01,5.147249999999999881e-01,-8.285999999999999963e-03,2.105559999999999932e-01,7.959340000000000304e-01,5.693270000000000275e-01,3.946999999999999953e-01,3.419690000000000230e-01,-1.316799999999999915e-02,4.088990000000000125e-01,5.764820000000000499e-01,1.000000000000000000e+00,2.116659999999999930e-01,2.293640000000000123e-01,4.393159999999999843e-01,3.870879999999999876e-01,4.525560000000000138e-01,3.100879999999999748e-01,4.806759999999999922e-01,-7.071500000000000008e-02,4.703740000000000143e-01,5.344489999999999519e-01,-2.133929999999999993e-01,3.144419999999999993e-01,3.538180000000000214e-01,6.234819999999999807e-01,8.497069999999999901e-01,4.875490000000000101e-01,1.219800000000000051e-02,-1.802189999999999903e-01,-4.370569999999999733e-01,-3.135020000000000029e-01,-3.756249999999999867e-01,-6.034810000000000452e-01,-3.700799999999999923e-02,-8.744599999999999596e-02,1.747299999999999964e-01,-5.126619999999999511e-01,-4.357599999999999807e-01,-2.699039999999999773e-01,-5.810009999999999897e-01,2.880639999999999867e-01,1.421979999999999911e-01,4.493110000000000159e-01,-6.245049999999999768e-01,3.748469999999999858e-01,5.019519999999999538e-01,1.828480000000000105e-01,4.556089999999999862e-01,6.455530000000000435e-01,6.254779999999999784e-01,4.193259999999999765e-01,3.776100000000000012e-01,4.622930000000000095e-01,2.886009999999999964e-01,4.017589999999999772e-01,7.682050000000000267e-01,2.812209999999999988e-01,1.328380000000000116e-01,1.187200000000000061e-01,2.647780000000000133e-01,3.972120000000000095e-01,4.217090000000000005e-01,3.531079999999999774e-01,-1.960850000000000093e-01,3.113389999999999769e-01,5.411010000000000542e-01,3.108299999999999952e-02,2.884970000000000034e-01,1.689699999999999883e-02,5.990490000000000537e-01,7.083519999999999817e-01,3.794839999999999880e-01,1.597719999999999974e-01,-2.568199999999999927e-01
-9.800399999999999390e-02,-2.910099999999999840e-02,1.287059999999999871e-01,4.185340000000000171e-01,2.490199999999999914e-01,5.147299999999999792e-02,2.394219999999999959e-01,2.431250000000000078e-01,8.014300000000000590e-02,-1.548099999999999997e-02,2.141589999999999883e-01,1.209490000000000010e-01,2.116659999999999930e-01,1.000000000000000000e+00,1.719700000000000048e-02,-1.640499999999999944e-02,1.258869999999999989e-01,-4.415199999999999680e-02,6.560199999999999365e-02,1.198420000000000041e-01,2.536800000000000166e-02,1.041220000000000062e-01,2.071620000000000128e-01,1.596600000000000102e-02,-1.070070000000000049e-01,3.510900000000000132e-02,1.603630000000000055e-01,2.404640000000000111e-01,5.583199999999999968e-02,8.995000000000000218e-02,9.086900000000000532e-02,-9.149300000000000488e-02,-1.410999999999999928e-03,8.723000000000000198e-02,5.117499999999999827e-02,1.643370000000000108e-01,1.862209999999999976e-01,1.600199999999999886e-02,-7.569199999999999540e-02,-2.921999999999999945e-02,1.666479999999999906e-01,-1.144700000000000058e-02,3.828259999999999996e-01,2.374300000000000022e-01,1.177279999999999993e-01,-4.566400000000000320e-02,3.870900000000000035e-02,8.300699999999999745e-02,2.872170000000000001e-01,2.884249999999999869e-01,7.726399999999999935e-02,2.242850000000000121e-01,2.955189999999999761e-01,6.918199999999999350e-02,1.884139999999999981e-01,1.776060000000000139e-01,1.304579999999999906e-01,1.179609999999999964e-01,4.443460000000000187e-01,4.100199999999999678e-02,1.350550000000000084e-01,-3.595000000000000279e-02,1.851600000000000121e-02,1.052720000000000045e-01,-3.196100000000000330e-02,1.680000000000000070e-03,5.325400000000000272e-02,2.123240000000000127e-01,1.357009999999999883e-01,-1.339399999999999966e-02,7.982200000000000406e-02,2.020909999999999929e-01,1.913990000000000136e-01,9.396999999999999797e-02,1.243319999999999981e-01,6.313699999999999868e-02
6.900499999999999690e-02,3.241140000000000132e-01,3.113850000000000229e-01,-3.067699999999999941e-02,1.890759999999999941e-01,3.628160000000000274e-01,6.928000000000000130e-03,5.452800000000000008e-02,2.452930000000000110e-01,-7.701199999999999712e-02,1.342230000000000090e-01,1.559129999999999960e-01,2.293640000000000123e-01,1.719700000000000048e-02,1.000000000000000000e+00,2.673490000000000033e-01,2.760750000000000148e-01,9.154500000000000137e-02,3.585050000000000181e-01,7.185719999999999885e-01,4.525649999999999951e-01,7.994560000000000555e-01,2.477840000000000042e-01,-1.979910000000000003e-01,1.178669999999999995e-01,2.323610000000000120e-01,3.429679999999999951e-01,4.112460000000000004e-01,6.384140000000000370e-01,4.145099999999999896e-01,4.433819999999999983e-01,-7.554099999999999704e-02,-1.180969999999999936e-01,9.574100000000000665e-02,-2.369499999999999940e-01,-3.243000000000000049e-02,-8.149299999999999600e-02,3.945800000000000002e-02,-5.678600000000000314e-02,-3.045209999999999861e-01,7.570300000000000640e-02,-2.523850000000000260e-01,-8.731999999999999484e-02,3.260500000000000204e-02,1.984000000000000000e-02,1.891299999999999926e-02,4.060579999999999745e-01,2.907839999999999869e-01,-1.335349999999999870e-01,1.478889999999999927e-01,3.487649999999999917e-01,2.559509999999999841e-01,2.493700000000000083e-02,2.137910000000000088e-01,1.493500000000000036e-02,1.453720000000000012e-01,4.197000000000000036e-02,4.285700000000000065e-01,-1.308169999999999888e-01,9.285970000000000057e-01,4.740119999999999889e-01,2.284640000000000004e-01,1.482169999999999876e-01,4.989319999999999866e-01,7.227999999999999980e-01,4.412969999999999948e-01,6.964069999999999983e-01,3.814359999999999973e-01,-2.458829999999999905e-01,8.193899999999999795e-02,3.710479999999999889e-01,3.708520000000000150e-01,5.538859999999999895e-01,6.405549999999999855e-01,5.654230000000000089e-01,3.046320000000000139e-01
-4.416500000000000287e-02,5.205379999999999452e-01,2.450859999999999983e-01,-1.403629999999999878e-01,3.080510000000000193e-01,5.598859999999999948e-01,1.574440000000000006e-01,-6.986000000000000022e-03,3.130479999999999929e-01,-1.292490000000000028e-01,2.263550000000000006e-01,1.273060000000000025e-01,4.393159999999999843e-01,-1.640499999999999944e-02,2.673490000000000033e-01,1.000000000000000000e+00,5.035340000000000371e-01,8.083110000000000017e-01,2.034000000000000044e-02,3.572380000000000000e-01,3.943599999999999883e-02,4.531350000000000100e-01,1.286440000000000083e-01,-2.450769999999999893e-01,4.917469999999999897e-01,3.195290000000000075e-01,3.563569999999999793e-01,5.074419999999999487e-01,4.834700000000000109e-01,8.172599999999999310e-02,1.751560000000000061e-01,-2.460390000000000077e-01,-1.545620000000000049e-01,2.800700000000000064e-02,-4.774300000000000210e-01,2.087690000000000101e-01,1.349200000000000121e-01,-5.769900000000000029e-02,-3.526830000000000243e-01,-3.485650000000000137e-01,-1.415609999999999924e-01,-3.183900000000000063e-01,-1.443230000000000068e-01,1.782890000000000030e-01,-5.992800000000000210e-02,-1.786639999999999895e-01,4.707529999999999770e-01,2.440630000000000022e-01,2.143199999999999966e-02,3.085330000000000017e-01,4.942520000000000246e-01,2.419969999999999899e-01,-1.508899999999999998e-02,3.841470000000000162e-01,-8.142399999999999638e-02,2.261319999999999997e-01,-7.828699999999999548e-02,3.759009999999999851e-01,-4.720000000000000237e-03,1.949299999999999922e-01,4.077279999999999793e-01,3.252789999999999848e-01,5.997369999999999646e-01,1.909220000000000084e-01,2.400789999999999869e-01,-2.527199999999999933e-02,1.638630000000000086e-01,2.398299999999999876e-01,-3.994329999999999825e-01,3.628000000000000114e-01,2.149490000000000012e-01,2.899260000000000170e-01,3.086269999999999847e-01,1.985260000000000080e-01,3.871900000000000341e-02,-3.575199999999999906e-02
1.894010000000000138e-01,4.726330000000000253e-01,3.539390000000000036e-01,2.044749999999999901e-01,9.924600000000000088e-02,4.942449999999999899e-01,7.764899999999999580e-02,5.003199999999999870e-01,1.420059999999999933e-01,2.517380000000000173e-01,2.252820000000000100e-01,5.442979999999999485e-01,3.870879999999999876e-01,1.258869999999999989e-01,2.760750000000000148e-01,5.035340000000000371e-01,1.000000000000000000e+00,5.856630000000000447e-01,1.965860000000000107e-01,2.757519999999999971e-01,3.920890000000000208e-01,2.631410000000000138e-01,4.249089999999999812e-01,2.316580000000000028e-01,3.430230000000000223e-01,7.895389999999999908e-01,1.974039999999999961e-01,3.249150000000000094e-01,2.025220000000000076e-01,2.101419999999999955e-01,2.802160000000000206e-01,3.388800000000000145e-02,1.417460000000000109e-01,1.433270000000000099e-01,-3.106729999999999769e-01,1.455589999999999939e-01,1.100389999999999979e-01,7.130300000000000527e-02,-1.023929999999999979e-01,-1.351710000000000134e-01,4.340100000000000208e-02,-3.311720000000000219e-01,2.339620000000000033e-01,2.147870000000000057e-01,1.686690000000000134e-01,1.568500000000000102e-02,1.687160000000000049e-01,2.697410000000000085e-01,1.612109999999999932e-01,1.431689999999999907e-01,1.631219999999999892e-01,2.256440000000000112e-01,3.250000000000000111e-01,1.541659999999999975e-01,2.453940000000000010e-01,2.096139999999999948e-01,1.436709999999999932e-01,2.300300000000000122e-01,-2.538599999999999884e-02,1.683860000000000079e-01,1.235699999999999993e-01,5.386419999999999542e-01,3.318289999999999851e-01,2.521680000000000033e-01,1.404449999999999865e-01,2.129979999999999929e-01,1.360339999999999883e-01,2.400009999999999921e-01,1.832500000000000101e-02,1.368159999999999932e-01,4.756400000000000072e-01,7.306100000000000094e-02,1.905699999999999894e-01,9.326099999999999668e-02,1.584500000000000075e-01,1.109210000000000057e-01
-4.858400000000000218e-02,5.682110000000000216e-01,2.300139999999999962e-01,-5.482499999999999873e-02,2.161190000000000055e-01,6.333739999999999926e-01,1.415999999999999941e-03,2.253280000000000005e-01,2.283789999999999987e-01,-2.098679999999999990e-01,2.709639999999999826e-01,2.249299999999999911e-01,4.525560000000000138e-01,-4.415199999999999680e-02,9.154500000000000137e-02,8.083110000000000017e-01,5.856630000000000447e-01,1.000000000000000000e+00,1.034449999999999953e-01,2.149959999999999927e-01,2.764499999999999943e-02,1.772799999999999931e-01,2.882480000000000042e-01,-2.089999999999999844e-02,6.095660000000000522e-01,3.952879999999999727e-01,2.948000000000000065e-01,4.449040000000000217e-01,2.451079999999999925e-01,3.863099999999999867e-02,-3.437199999999999978e-02,-1.253950000000000065e-01,1.426499999999999990e-02,1.776000000000000148e-02,-4.881489999999999996e-01,3.499749999999999805e-01,6.414300000000000557e-02,8.319500000000000506e-02,-2.620080000000000187e-01,-2.055639999999999967e-01,-1.750359999999999971e-01,-4.562479999999999869e-01,5.585400000000000087e-02,2.601470000000000171e-01,1.214220000000000022e-01,-1.636990000000000112e-01,3.709149999999999947e-01,2.373379999999999934e-01,-1.467400000000000093e-01,2.053919999999999912e-01,4.570469999999999811e-01,1.294810000000000128e-01,2.572539999999999827e-01,3.151129999999999765e-01,-3.019600000000000062e-02,2.193710000000000104e-01,4.133499999999999674e-02,1.915260000000000018e-01,-3.289899999999999769e-02,-2.574399999999999952e-02,9.886599999999999555e-02,3.381790000000000074e-01,6.697109999999999452e-01,1.483919999999999961e-01,2.270799999999999902e-02,-1.946300000000000113e-02,-7.782699999999999341e-02,2.746399999999999952e-01,-3.040570000000000217e-01,4.941940000000000222e-01,1.314790000000000125e-01,1.685240000000000071e-01,8.432699999999999918e-02,-7.842300000000000659e-02,-9.793999999999999928e-02,-1.701519999999999977e-01
1.694599999999999926e-02,2.388780000000000070e-01,6.340510000000000312e-01,2.147800000000000056e-02,1.004599999999999937e-01,3.146999999999999797e-01,9.224100000000000354e-02,3.131519999999999859e-01,1.963650000000000118e-01,5.089099999999999874e-02,5.624149999999999983e-01,3.591349999999999820e-01,3.100879999999999748e-01,6.560199999999999365e-02,3.585050000000000181e-01,2.034000000000000044e-02,1.965860000000000107e-01,1.034449999999999953e-01,1.000000000000000000e+00,4.702799999999999758e-01,1.441540000000000044e-01,3.359400000000000164e-01,4.986579999999999901e-01,1.279780000000000084e-01,1.557199999999999973e-01,2.074950000000000128e-01,3.316359999999999864e-01,4.156580000000000275e-01,3.646909999999999874e-01,4.283730000000000038e-01,1.984760000000000135e-01,-2.248100000000000098e-02,-1.216359999999999941e-01,-7.613000000000000322e-02,-1.516309999999999880e-01,3.660100000000000159e-02,1.209299999999999958e-02,3.129709999999999992e-01,-2.324299999999999977e-02,-3.647130000000000094e-01,-1.101199999999999922e-02,-3.094680000000000208e-01,1.984789999999999888e-01,1.023079999999999962e-01,3.584109999999999796e-01,-7.157800000000000273e-02,-6.425999999999999768e-02,5.924329999999999874e-01,-9.180900000000000172e-02,1.316519999999999913e-01,5.085300000000000237e-02,2.371659999999999879e-01,3.260899999999999910e-01,1.808970000000000022e-01,3.863230000000000275e-01,3.842840000000000145e-01,3.104210000000000025e-01,1.467720000000000136e-01,-7.450500000000000178e-02,3.620070000000000232e-01,2.079769999999999952e-01,9.799599999999999977e-02,1.226359999999999950e-01,7.781620000000000203e-01,4.042180000000000217e-01,1.420960000000000001e-01,3.720550000000000246e-01,4.644079999999999875e-01,1.355889999999999873e-01,-2.714799999999999852e-02,3.172599999999999726e-02,3.442689999999999917e-01,3.667019999999999724e-01,4.063649999999999762e-01,4.358489999999999864e-01,2.358729999999999993e-01
6.158000000000000279e-03,4.078149999999999831e-01,3.923780000000000046e-01,3.799000000000000293e-02,2.095410000000000050e-01,5.221689999999999943e-01,1.718240000000000045e-01,1.832300000000000040e-01,2.610660000000000203e-01,-9.959400000000000197e-02,2.655129999999999990e-01,2.086909999999999876e-01,4.806759999999999922e-01,1.198420000000000041e-01,7.185719999999999885e-01,3.572380000000000000e-01,2.757519999999999971e-01,2.149959999999999927e-01,4.702799999999999758e-01,1.000000000000000000e+00,3.926870000000000083e-01,8.877239999999999576e-01,4.971679999999999988e-01,-1.627740000000000020e-01,1.584520000000000095e-01,2.511539999999999884e-01,4.783040000000000069e-01,6.649450000000000083e-01,8.452549999999999786e-01,5.778919999999999613e-01,4.934169999999999945e-01,-2.918400000000000161e-02,-1.588739999999999875e-01,-6.872999999999999769e-03,-2.703010000000000135e-01,-5.439900000000000291e-02,-3.867099999999999704e-02,3.826199999999999740e-02,-7.244499999999999551e-02,-4.765840000000000076e-01,5.358199999999999769e-02,-4.114670000000000272e-01,-1.592100000000000112e-02,1.304069999999999951e-01,7.848800000000000221e-02,-4.774599999999999678e-02,3.735959999999999837e-01,4.179080000000000017e-01,-1.719729999999999870e-01,1.608120000000000105e-01,4.295820000000000194e-01,3.191860000000000253e-01,2.016360000000000097e-01,2.420730000000000104e-01,9.165800000000000336e-02,1.463450000000000029e-01,3.707699999999999885e-02,4.880309999999999926e-01,-1.974430000000000074e-01,6.927370000000000472e-01,6.185410000000000075e-01,2.056020000000000070e-01,3.499689999999999745e-01,5.390639999999999876e-01,8.918319999999999581e-01,3.955389999999999739e-01,8.285080000000000222e-01,6.035599999999999854e-01,-1.607250000000000068e-01,1.438709999999999989e-01,2.836259999999999892e-01,5.499880000000000324e-01,6.863780000000000436e-01,7.994259999999999700e-01,6.876109999999999722e-01,3.768070000000000030e-01
