1.000000000000000000e+00,-6.241200000000000220e-02,7.012899999999999689e-02,1.750000000000000036e-03,-1.643769999999999953e-01,-2.812029999999999808e-01,-1.038999999999999993e-02,-2.906079999999999774e-01,2.529500000000000151e-02,2.057789999999999897e-01,-1.301199999999999926e-02,2.479400000000000007e-02,-1.309399999999999974e-02,-3.451219999999999843e-01,5.150169999999999471e-01,5.002379999999999605e-01,1.717779999999999863e-01,-1.175100000000000033e-01,1.913719999999999866e-01,2.440199999999999869e-01,3.941359999999999864e-01,3.931970000000000187e-01,-1.041780000000000067e-01,3.067579999999999751e-01,4.660059999999999758e-01,4.543050000000000144e-01,1.693449999999999955e-01,4.833459999999999979e-01,4.260829999999999895e-01,4.818089999999999873e-01,6.673519999999999452e-01,1.893370000000000053e-01,3.619890000000000052e-01,4.561250000000000027e-01,8.021000000000000352e-02,-2.041689999999999894e-01,-1.056030000000000024e-01,9.415800000000000558e-02,1.055460000000000009e-01,3.659680000000000155e-01,4.769269999999999898e-01,1.293300000000000005e-01,-1.867310000000000081e-01,-1.116900000000000011e-02,1.319299999999999987e-02,8.623709999999999987e-01,-1.628209999999999935e-01,-3.435999999999999818e-03,-1.286319999999999963e-01,-7.010199999999999765e-02,-3.462219999999999742e-01,-4.129000000000000031e-02,-2.906980000000000119e-01,-2.533300000000000135e-02,9.555900000000000505e-02,1.112619999999999998e-01,-1.815450000000000119e-01,6.473600000000000187e-02,-3.618469999999999742e-01,5.694780000000000397e-01,4.901010000000000089e-01,-9.334599999999999842e-02,6.838500000000000134e-02,1.825090000000000046e-01,3.639399999999999857e-01,3.875979999999999981e-01,3.739359999999999906e-01,-2.077150000000000107e-01,4.229859999999999731e-01,2.245330000000000104e-01,5.589399999999999924e-01,2.657490000000000130e-01,3.994739999999999958e-01,4.428730000000000167e-01,5.378049999999999775e-01,6.597380000000000466e-01
-6.241200000000000220e-02,1.000000000000000000e+00,-8.575299999999999589e-02,-3.548099999999999865e-02,-2.176440000000000041e-01,7.013350000000000417e-01,3.399949999999999917e-01,3.802769999999999762e-01,-9.590799999999999326e-02,3.653480000000000061e-01,-1.222469999999999946e-01,1.764509999999999967e-01,4.133760000000000212e-01,1.169100000000000000e-01,6.049999999999999822e-03,2.914300000000000224e-01,3.746669999999999723e-01,4.934390000000000165e-01,-6.268899999999999473e-02,3.805599999999999955e-02,4.594429999999999903e-01,-1.916500000000000148e-02,3.611670000000000158e-01,2.899209999999999843e-01,4.802319999999999922e-01,5.105049999999999866e-01,4.034479999999999733e-01,-5.540899999999999992e-02,2.966679999999999873e-01,-9.740400000000000447e-02,-1.714660000000000073e-01,1.560729999999999895e-01,2.765610000000000013e-01,-5.238500000000000101e-02,2.285799999999999985e-02,-3.797299999999999981e-02,-2.099789999999999990e-01,1.536450000000000038e-01,-2.279899999999999982e-02,5.388999999999999693e-03,-1.799929999999999863e-01,-2.001380000000000103e-01,3.563199999999999701e-02,-1.652700000000000002e-01,1.162659999999999944e-01,-2.414759999999999962e-01,3.080769999999999897e-01,-1.187649999999999956e-01,-1.842969999999999886e-01,-1.121209999999999984e-01,4.349270000000000080e-01,9.289600000000000635e-02,2.349759999999999904e-01,-9.813900000000000401e-02,2.648940000000000183e-01,-2.628199999999999981e-02,8.729099999999999360e-02,2.780830000000000246e-01,-1.448600000000000061e-02,-1.809280000000000055e-01,-2.368190000000000017e-01,2.358079999999999898e-01,8.381399999999999961e-02,-9.398000000000000104e-03,-6.198200000000000237e-02,2.796540000000000137e-01,-2.077559999999999962e-01,1.404169999999999863e-01,-1.899100000000000094e-02,1.918499999999999928e-01,5.005699999999999733e-02,3.335799999999999876e-02,-1.754100000000000104e-02,-2.140099999999999988e-02,-8.116600000000000203e-02,-2.591010000000000257e-01
7.012899999999999689e-02,-8.575299999999999589e-02,1.000000000000000000e+00,-2.279130000000000045e-01,5.448420000000000485e-01,1.978640000000000121e-01,9.847499999999999309e-02,3.585039999999999893e-01,5.806620000000000115e-01,5.672699999999999965e-02,8.038859999999999895e-01,4.260340000000000238e-01,5.845000000000000195e-02,1.400200000000000056e-01,6.757699999999999818e-02,8.400900000000000034e-02,2.529980000000000007e-01,2.130910000000000026e-01,6.289390000000000258e-01,2.279849999999999932e-01,2.249899999999999956e-01,1.824629999999999863e-01,3.662440000000000140e-01,2.924689999999999790e-01,-9.887300000000000255e-02,1.569220000000000059e-01,-2.680700000000000097e-02,2.100770000000000137e-01,-1.205480000000000024e-01,2.800639999999999796e-01,2.298800000000000149e-02,-1.376350000000000073e-01,1.459830000000000017e-01,-9.619400000000000173e-02,-3.090499999999999844e-02,1.377579999999999916e-01,-1.364950000000000052e-01,4.574299999999999894e-02,-3.335699999999999776e-01,8.669200000000000517e-02,-2.112100000000000088e-02,-1.013860000000000039e-01,1.222079999999999972e-01,5.478600000000000136e-02,2.125940000000000052e-01,1.499189999999999967e-01,-1.891750000000000098e-01,8.385110000000000063e-01,-3.367160000000000153e-01,3.829199999999999826e-01,1.535799999999999943e-01,2.527610000000000134e-01,3.575729999999999742e-01,4.829530000000000212e-01,2.799079999999999901e-01,7.441459999999999742e-01,2.270069999999999866e-01,1.705099999999999949e-01,-1.598999999999999866e-01,-4.941299999999999859e-02,7.480900000000000050e-02,9.212700000000000056e-02,6.429899999999999505e-02,5.419279999999999653e-01,1.049520000000000036e-01,4.741800000000000181e-02,2.407539999999999958e-01,3.382950000000000124e-01,2.121139999999999970e-01,-1.674849999999999950e-01,2.130460000000000131e-01,-2.793100000000000097e-02,1.053739999999999954e-01,-2.128200000000000092e-01,1.659079999999999999e-01,5.317800000000000304e-02
1.750000000000000036e-03,-3.548099999999999865e-02,-2.279130000000000045e-01,1.000000000000000000e+00,2.956200000000000147e-02,5.067000000000000323e-03,1.626670000000000060e-01,-4.633299999999999919e-02,-2.727299999999999724e-01,-2.038609999999999867e-01,-1.623080000000000078e-01,-6.967099999999999682e-02,2.235939999999999872e-01,1.637639999999999929e-01,1.851849999999999885e-01,3.747099999999999737e-02,-1.800200000000000133e-01,-5.919599999999999862e-02,-6.087999999999999662e-03,8.184900000000000508e-02,-9.167899999999999661e-02,1.725250000000000117e-01,-5.177699999999999664e-02,-2.280679999999999930e-01,-9.961699999999999722e-02,6.558999999999999726e-03,2.224999999999999895e-02,1.990510000000000057e-01,-9.053000000000000283e-03,2.720999999999999894e-03,7.994800000000000517e-02,3.781619999999999981e-01,-7.704400000000000137e-02,2.412060000000000037e-01,2.891000000000000167e-02,3.047899999999999915e-02,3.872740000000000071e-01,-8.892899999999999416e-02,3.889710000000000112e-01,-2.124300000000000146e-02,2.378520000000000079e-01,1.493819999999999870e-01,1.000299999999999939e-01,4.014329999999999843e-01,-1.455750000000000099e-01,3.288300000000000251e-02,2.762999999999999831e-02,-1.598600000000000021e-01,5.197699999999999543e-01,-9.601200000000000012e-02,-2.013500000000000012e-02,-4.402400000000000063e-02,-2.606199999999999836e-02,-2.491960000000000008e-01,-1.406560000000000032e-01,-1.036269999999999969e-01,-2.886700000000000030e-02,-5.636300000000000338e-02,1.777340000000000031e-01,1.772710000000000119e-01,-1.879999999999999890e-04,1.469400000000000046e-02,-1.434159999999999879e-01,7.583499999999999963e-02,4.748999999999999749e-02,1.589000000000000135e-02,1.431649999999999867e-01,-2.686099999999999946e-02,-2.067120000000000068e-01,-9.870700000000000307e-02,-1.270209999999999950e-01,-5.380399999999999766e-02,9.464200000000000390e-02,2.641999999999999817e-03,4.682000000000000398e-03,5.759299999999999836e-02
-1.643769999999999953e-01,-2.176440000000000041e-01,5.448420000000000485e-01,2.956200000000000147e-02,1.000000000000000000e+00,5.885999999999999739e-03,2.690719999999999779e-01,2.062299999999999967e-01,6.724099999999999522e-01,-2.434000000000000052e-02,7.291020000000000278e-01,3.131680000000000019e-01,2.520199999999999871e-02,3.195529999999999760e-01,-9.453000000000000291e-02,-2.938169999999999948e-01,-3.420100000000000223e-02,-9.399999999999999719e-04,2.718180000000000041e-01,-2.690400000000000083e-02,1.744000000000000107e-03,-5.359200000000000075e-02,2.036669999999999869e-01,-4.903400000000000120e-02,-2.840829999999999744e-01,-5.346900000000000264e-02,6.519999999999999754e-03,-5.072900000000000326e-02,-2.925730000000000275e-01,-4.365999999999999742e-02,-1.850219999999999920e-01,-1.741520000000000012e-01,-1.605109999999999870e-01,-1.859599999999999864e-01,2.037900000000000128e-02,2.187000000000000055e-01,1.256490000000000107e-01,-1.102830000000000060e-01,-3.098839999999999928e-01,-2.881429999999999825e-01,-1.345709999999999962e-01,3.473500000000000199e-02,2.364330000000000043e-01,3.438329999999999997e-01,1.248189999999999994e-01,-9.977700000000000458e-02,-2.800880000000000036e-01,5.326809999999999601e-01,-9.511000000000000010e-02,6.578129999999999811e-01,1.248400000000000030e-02,3.385679999999999801e-01,2.050629999999999953e-01,5.783559999999999812e-01,1.090539999999999982e-01,5.821720000000000228e-01,-3.759000000000000188e-03,-1.831840000000000135e-01,-8.900500000000000078e-02,-6.933000000000000274e-02,-1.902449999999999974e-01,-6.724600000000000022e-02,-1.929780000000000106e-01,2.385420000000000040e-01,-7.309000000000000219e-02,-3.294600000000000306e-02,-8.450000000000000479e-04,2.112749999999999906e-01,-1.410649999999999959e-01,-2.966849999999999765e-01,-1.989259999999999917e-01,8.548100000000000143e-02,-1.656489999999999907e-01,-2.967870000000000230e-01,-1.402309999999999945e-01,-1.175900000000000001e-01
-2.812029999999999808e-01,7.013350000000000417e-01,1.978640000000000121e-01,5.067000000000000323e-03,5.885999999999999739e-03,1.000000000000000000e+00,1.720520000000000105e-01,7.740829999999999655e-01,2.718699999999999936e-02,1.491109999999999935e-01,1.555590000000000028e-01,4.623030000000000195e-01,3.492250000000000076e-01,4.451019999999999976e-01,-1.286200000000000121e-01,-8.198999999999999691e-03,2.576829999999999954e-01,3.318570000000000131e-01,9.516299999999999759e-02,-5.176900000000000251e-02,4.015819999999999945e-01,-1.989289999999999947e-01,7.795140000000000402e-01,3.431600000000000206e-01,1.472650000000000070e-01,4.007519999999999971e-01,2.643099999999999894e-01,-1.507100000000000106e-01,-7.904999999999999527e-02,-1.379589999999999983e-01,-4.178580000000000072e-01,1.013440000000000035e-01,2.233660000000000090e-01,-1.973100000000000132e-01,8.705300000000000538e-02,1.360240000000000060e-01,-2.276710000000000123e-01,6.179899999999999977e-02,-8.127199999999999702e-02,-5.438799999999999885e-02,-2.816759999999999819e-01,-1.915000000000000036e-02,1.198739999999999944e-01,1.951800000000000063e-02,1.113090000000000052e-01,-3.945130000000000026e-01,2.027160000000000073e-01,1.161589999999999984e-01,-6.632499999999999507e-02,-7.041200000000000236e-02,7.638639999999999874e-01,5.165200000000000347e-02,6.753820000000000379e-01,4.693000000000000123e-03,1.993169999999999942e-01,1.526740000000000042e-01,3.309099999999999819e-01,2.152630000000000099e-01,1.054409999999999931e-01,-4.227319999999999967e-01,-5.105199999999999738e-01,1.917689999999999950e-01,-2.160400000000000098e-01,2.400599999999999956e-02,-3.523249999999999993e-01,2.430700000000000083e-01,-3.605709999999999749e-01,6.494499999999999718e-01,-4.612700000000000133e-02,-9.710000000000000575e-02,3.051699999999999899e-02,-1.928699999999999859e-02,-2.115130000000000066e-01,-4.271220000000000017e-01,-2.040410000000000001e-01,-5.489279999999999715e-01
-1.038999999999999993e-02,3.399949999999999917e-01,9.847499999999999309e-02,1.626670000000000060e-01,2.690719999999999779e-01,1.720520000000000105e-01,1.000000000000000000e+00,1.874270000000000103e-01,9.177799999999999847e-02,1.340020000000000100e-01,2.263120000000000132e-01,1.675790000000000057e-01,6.329550000000000454e-01,2.327609999999999957e-01,9.468000000000000027e-02,-3.886799999999999977e-02,-4.710500000000000104e-02,2.303469999999999962e-01,2.250649999999999873e-01,1.658389999999999864e-01,1.046249999999999958e-01,1.590799999999999992e-01,1.073749999999999982e-01,1.326160000000000116e-01,1.900699999999999959e-02,1.874180000000000013e-01,2.622399999999999731e-01,5.914099999999999913e-02,1.883160000000000112e-01,-2.417400000000000104e-02,-7.411800000000000332e-02,2.821699999999999903e-02,6.539999999999999590e-04,-8.695100000000000051e-02,-1.748689999999999967e-01,-8.652999999999999581e-02,7.170899999999999497e-02,-3.641300000000000092e-02,-1.239900000000000030e-01,5.830000000000000113e-03,-1.608999999999999875e-01,-1.923080000000000067e-01,-8.739999999999999939e-04,1.786679999999999935e-01,1.605200000000000030e-02,-2.598999999999999921e-02,2.633010000000000073e-01,5.051300000000000234e-02,-6.921900000000000275e-02,1.018949999999999995e-01,1.684279999999999944e-01,6.649220000000000130e-01,1.874389999999999945e-01,7.227200000000000291e-02,3.741349999999999953e-01,1.904800000000000104e-01,2.354630000000000056e-01,1.166289999999999966e-01,-8.781500000000000417e-02,6.216300000000000298e-02,-6.233899999999999858e-02,2.758840000000000181e-01,7.087100000000000344e-02,1.735160000000000036e-01,1.000899999999999984e-01,1.224220000000000030e-01,9.219900000000000317e-02,7.532400000000000206e-02,-1.658000000000000099e-02,1.252820000000000045e-01,4.909899999999999681e-02,6.240500000000000214e-02,-5.764199999999999879e-02,-1.236899999999999979e-02,-8.288800000000000334e-02,-5.950500000000000234e-02
-2.906079999999999774e-01,3.802769999999999762e-01,3.585039999999999893e-01,-4.633299999999999919e-02,2.062299999999999967e-01,7.740829999999999655e-01,1.874270000000000103e-01,1.000000000000000000e+00,9.212199999999999556e-02,7.484699999999999687e-02,3.102820000000000022e-01,5.592019999999999769e-01,1.436280000000000057e-01,6.599080000000000501e-01,-1.544619999999999882e-01,-2.725159999999999805e-01,1.787380000000000080e-01,1.428039999999999865e-01,2.202490000000000003e-01,-1.439850000000000019e-01,2.903390000000000137e-01,-3.281250000000000000e-01,8.824940000000000007e-01,4.258100000000000218e-01,-1.404940000000000078e-01,2.470590000000000008e-01,2.920199999999999879e-02,-2.498599999999999988e-01,-4.118910000000000071e-01,-1.395510000000000084e-01,-4.898419999999999996e-01,8.668499999999999817e-02,1.464330000000000076e-01,-2.349400000000000099e-01,-5.919999999999999698e-04,2.815030000000000032e-01,-1.342039999999999900e-01,-5.578600000000000225e-02,-6.355800000000000338e-02,9.503699999999999648e-02,-2.592490000000000072e-01,-1.601299999999999946e-02,2.511970000000000036e-01,2.016400000000000137e-01,1.277379999999999904e-01,-3.821539999999999937e-01,1.017689999999999984e-01,2.290959999999999941e-01,-2.241900000000000143e-02,2.523900000000000102e-02,6.914869999999999628e-01,1.421659999999999868e-01,8.700820000000000221e-01,1.333979999999999888e-01,2.582900000000000196e-01,2.401169999999999971e-01,5.584529999999999772e-01,1.000459999999999960e-01,3.196419999999999817e-01,-3.535280000000000089e-01,-5.761920000000000375e-01,2.505269999999999997e-01,-2.852520000000000056e-01,5.255300000000000249e-02,-4.355289999999999995e-01,1.545209999999999917e-01,-3.502210000000000045e-01,8.317590000000000261e-01,3.458300000000000263e-02,-2.584049999999999958e-01,6.631700000000000095e-02,-1.093609999999999999e-01,-3.373050000000000215e-01,-6.109310000000000018e-01,-2.527570000000000094e-01,-5.850450000000000372e-01
2.529500000000000151e-02,-9.590799999999999326e-02,5.806620000000000115e-01,-2.727299999999999724e-01,6.724099999999999522e-01,2.718699999999999936e-02,9.177799999999999847e-02,9.212199999999999556e-02,1.000000000000000000e+00,2.116790000000000060e-01,6.213959999999999484e-01,3.914420000000000122e-01,-1.002899999999999972e-02,1.022200000000000018e-02,6.628299999999999470e-02,-4.425199999999999967e-02,1.025829999999999936e-01,1.137900000000000023e-01,3.836780000000000190e-01,1.104529999999999956e-01,1.625500000000000000e-01,-3.735299999999999732e-02,1.296760000000000135e-01,1.432340000000000002e-01,2.604700000000000071e-02,9.051199999999999524e-02,1.947149999999999992e-01,1.058150000000000063e-01,8.262799999999999312e-02,1.584039999999999893e-01,1.734799999999999884e-02,-2.338379999999999903e-01,1.539290000000000103e-01,-2.081659999999999899e-01,-2.904400000000000037e-02,3.579000000000000237e-02,-1.075679999999999970e-01,-5.053000000000000200e-03,-3.856430000000000136e-01,-5.541800000000000198e-02,-2.026620000000000088e-01,-1.601249999999999896e-01,1.369999999999999907e-03,1.027499999999999941e-01,3.413930000000000020e-01,1.809780000000000000e-01,-3.140700000000000158e-01,5.794160000000000421e-01,-4.231929999999999858e-01,5.675200000000000244e-01,-2.758800000000000141e-02,2.268580000000000041e-01,9.468699999999999339e-02,7.921249999999999680e-01,3.035519999999999885e-01,5.914080000000000448e-01,-6.792399999999999827e-02,-1.245800000000000032e-02,-2.758550000000000169e-01,1.156680000000000069e-01,-3.865299999999999986e-02,-4.279100000000000265e-02,-1.008939999999999976e-01,3.741399999999999726e-01,4.071500000000000119e-02,1.173799999999999982e-01,-2.262600000000000028e-02,4.007299999999999751e-02,1.415339999999999931e-01,-9.975000000000000533e-02,3.328600000000000309e-02,2.180739999999999901e-01,2.985900000000000012e-02,-9.192000000000000171e-02,1.439870000000000039e-01,5.906000000000000139e-02
2.057789999999999897e-01,3.653480000000000061e-01,5.672699999999999965e-02,-2.038609999999999867e-01,-2.434000000000000052e-02,1.491109999999999935e-01,1.340020000000000100e-01,7.484699999999999687e-02,2.116790000000000060e-01,1.000000000000000000e+00,-3.936800000000000022e-02,1.221470000000000056e-01,-4.326300000000000284e-02,-9.656399999999999706e-02,6.367299999999999349e-02,2.720629999999999993e-01,2.855630000000000113e-01,3.583759999999999724e-01,-1.565899999999999931e-02,-6.753999999999999587e-03,3.810180000000000233e-01,-1.109289999999999998e-01,5.310499999999999943e-02,3.888449999999999962e-01,5.138070000000000137e-01,3.207969999999999988e-01,2.315619999999999901e-01,4.063400000000000345e-02,2.903120000000000145e-01,4.264799999999999841e-02,7.691399999999999626e-02,8.518100000000000671e-02,2.968589999999999840e-01,-1.552290000000000059e-01,-1.350619999999999876e-01,-1.095420000000000005e-01,-2.038290000000000102e-01,4.830119999999999969e-01,-1.252659999999999885e-01,2.447570000000000023e-01,-4.803700000000000331e-02,-1.396910000000000096e-01,1.659999999999999963e-04,-7.885999999999999954e-02,5.629459999999999464e-01,1.372670000000000001e-01,-1.046600000000000030e-01,7.344299999999999440e-02,-2.985039999999999916e-01,8.005800000000000416e-02,8.371000000000000663e-02,1.642790000000000084e-01,3.193399999999999711e-02,2.501920000000000255e-01,5.677710000000000257e-01,8.935899999999999399e-02,5.011999999999999962e-03,3.074180000000000246e-01,-1.124939999999999968e-01,1.258300000000000043e-02,1.101199999999999922e-02,3.104299999999999837e-01,2.031959999999999877e-01,-6.395999999999999776e-03,4.081000000000000426e-03,3.277780000000000138e-01,-1.644960000000000033e-01,-9.071899999999999409e-02,4.429899999999999949e-01,2.395990000000000064e-01,1.550020000000000009e-01,1.616170000000000107e-01,6.330199999999999716e-02,1.219260000000000066e-01,1.625830000000000053e-01,6.649700000000000055e-02
-1.301199999999999926e-02,-1.222469999999999946e-01,8.038859999999999895e-01,-1.623080000000000078e-01,7.291020000000000278e-01,1.555590000000000028e-01,2.263120000000000132e-01,3.102820000000000022e-01,6.213959999999999484e-01,-3.936800000000000022e-02,1.000000000000000000e+00,4.759519999999999862e-01,8.553099999999999592e-02,2.914590000000000236e-01,7.828799999999999648e-02,-6.981600000000000306e-02,1.441729999999999956e-01,1.162450000000000011e-01,5.476010000000000044e-01,1.570000000000000007e-01,1.815289999999999959e-01,1.335030000000000105e-01,3.037409999999999832e-01,1.711749999999999938e-01,-2.063969999999999971e-01,8.606400000000000161e-02,4.682299999999999657e-02,9.647200000000000220e-02,-1.285090000000000121e-01,1.807759999999999923e-01,-5.585899999999999893e-02,-1.151879999999999987e-01,1.096749999999999947e-01,-9.833300000000000374e-02,5.322500000000000148e-02,1.302119999999999944e-01,-1.121680000000000038e-01,-1.004499999999999976e-01,-3.506469999999999865e-01,-6.464300000000000601e-02,-5.288799999999999751e-02,-5.770000000000000389e-04,7.914599999999999413e-02,1.765690000000000037e-01,1.635540000000000049e-01,6.478499999999999537e-02,-1.819240000000000024e-01,6.968950000000000422e-01,-3.099620000000000153e-01,4.632269999999999999e-01,9.089899999999999369e-02,3.684270000000000045e-01,2.939749999999999863e-01,4.857119999999999771e-01,2.750650000000000039e-01,8.089499999999999469e-01,1.684350000000000014e-01,-3.474399999999999711e-02,-1.740210000000000090e-01,-2.305700000000000111e-02,-1.782299999999999857e-02,4.492999999999999598e-03,-8.865800000000000070e-02,4.474650000000000016e-01,5.867999999999999952e-03,7.149099999999999899e-02,1.008519999999999972e-01,2.971380000000000132e-01,5.263799999999999729e-02,-2.247030000000000138e-01,5.414299999999999669e-02,6.946900000000000297e-02,-5.220899999999999846e-02,-2.689039999999999764e-01,1.366299999999999980e-02,-3.267300000000000065e-02
2.479400000000000007e-02,1.764509999999999967e-01,4.260340000000000238e-01,-6.967099999999999682e-02,3.131680000000000019e-01,4.623030000000000195e-01,1.675790000000000057e-01,5.592019999999999769e-01,3.914420000000000122e-01,1.221470000000000056e-01,4.759519999999999862e-01,1.000000000000000000e+00,4.622899999999999926e-02,4.755659999999999887e-01,9.703399999999999526e-02,-3.850699999999999956e-02,2.548300000000000010e-01,1.495950000000000057e-01,6.571499999999999564e-02,6.002999999999999656e-03,3.260379999999999945e-01,-1.578739999999999866e-01,5.620950000000000113e-01,5.376300000000000523e-01,4.655200000000000310e-02,3.962579999999999991e-01,2.380980000000000041e-01,-2.552000000000000102e-02,1.298400000000000075e-02,1.736959999999999893e-01,-6.036099999999999799e-02,-4.207899999999999835e-02,4.486370000000000080e-01,-3.064990000000000214e-01,3.012770000000000170e-01,1.476880000000000137e-01,-2.364680000000000115e-01,-8.693199999999999539e-02,-3.195459999999999967e-01,7.251599999999999713e-02,-2.234049999999999925e-01,2.591900000000000107e-02,1.425300000000000004e-02,2.865090000000000137e-01,3.790870000000000073e-01,7.402000000000000246e-02,-3.714219999999999744e-01,3.006119999999999903e-01,-1.053459999999999952e-01,1.641110000000000069e-01,1.301039999999999974e-01,5.223699999999999871e-02,4.228210000000000024e-01,2.939689999999999803e-01,2.758240000000000136e-01,4.508639999999999870e-01,2.715690000000000048e-01,-2.730929999999999747e-01,-3.800900000000000112e-02,-1.097569999999999935e-01,-2.573019999999999752e-01,-2.033599999999999991e-02,-4.850530000000000119e-01,-2.514100000000000015e-02,-2.550569999999999782e-01,1.821790000000000076e-01,-3.065860000000000252e-01,4.240820000000000145e-01,1.466899999999999871e-01,-3.281600000000000072e-01,9.815000000000000807e-03,9.682699999999999640e-02,-1.974009999999999931e-01,-3.974590000000000067e-01,-3.299900000000000055e-02,-1.942309999999999870e-01
-1.309399999999999974e-02,4.133760000000000212e-01,5.845000000000000195e-02,2.235939999999999872e-01,2.520199999999999871e-02,3.492250000000000076e-01,6.329550000000000454e-01,1.436280000000000057e-01,-1.002899999999999972e-02,-4.326300000000000284e-02,8.553099999999999592e-02,4.622899999999999926e-02,1.000000000000000000e+00,1.325890000000000124e-01,2.008850000000000080e-01,1.201340000000000047e-01,-7.791800000000000115e-02,2.932339999999999947e-01,1.810110000000000052e-01,3.355540000000000189e-01,2.632579999999999920e-01,3.132840000000000069e-01,9.826899999999999524e-02,1.649000000000000075e-03,4.548900000000000166e-02,1.564919999999999922e-01,3.638899999999999912e-01,4.239200000000000190e-01,3.676409999999999956e-01,1.971849999999999992e-01,1.258899999999999950e-02,6.833200000000000385e-02,1.226420000000000010e-01,6.548400000000000054e-02,-6.422700000000000631e-02,-2.252089999999999925e-01,-1.694189999999999863e-01,2.145000000000000032e-02,-3.658900000000000347e-02,4.729400000000000270e-02,-9.112699999999999967e-02,-1.972099999999999895e-02,-1.640540000000000054e-01,4.076599999999999668e-02,-8.837399999999999423e-02,1.205200000000000021e-02,3.917760000000000131e-01,-5.252199999999999924e-02,-1.320900000000000026e-02,-2.031820000000000015e-01,3.002819999999999934e-01,3.519320000000000226e-01,1.771220000000000017e-01,-1.620119999999999894e-01,2.059010000000000007e-01,2.025499999999999870e-02,3.422000000000000128e-03,4.165440000000000254e-01,-2.155090000000000061e-01,4.934299999999999797e-02,4.298099999999999837e-02,2.276690000000000103e-01,1.275670000000000137e-01,1.474850000000000050e-01,2.002230000000000121e-01,2.643349999999999866e-01,1.449060000000000070e-01,7.311600000000000044e-02,-9.850899999999999934e-02,2.016779999999999962e-01,9.125099999999999878e-02,8.601000000000000312e-02,2.356830000000000036e-01,1.284260000000000124e-01,1.635290000000000077e-01,-1.080700000000000063e-02
-3.451219999999999843e-01,1.169100000000000000e-01,1.400200000000000056e-01,1.637639999999999929e-01,3.195529999999999760e-01,4.451019999999999976e-01,2.327609999999999957e-01,6.599080000000000501e-01,1.022200000000000018e-02,-9.656399999999999706e-02,2.914590000000000236e-01,4.755659999999999887e-01,1.325890000000000124e-01,1.000000000000000000e+00,-1.820499999999999896e-01,-4.989140000000000241e-01,-9.559199999999999642e-02,-8.564000000000000432e-03,7.203500000000000181e-02,-1.458379999999999954e-01,-3.777799999999999908e-02,-3.027369999999999783e-01,5.270899999999999475e-01,2.361000000000000043e-01,-3.895870000000000166e-01,3.092699999999999963e-02,-1.048800000000000079e-02,-3.439559999999999840e-01,-4.488960000000000172e-01,-2.729699999999999904e-01,-4.855659999999999976e-01,1.942899999999999835e-02,-3.135500000000000093e-02,-1.623960000000000126e-01,-1.213499999999999995e-02,2.134379999999999888e-01,-4.491400000000000253e-02,-1.260709999999999886e-01,-8.737699999999999634e-02,-1.659300000000000011e-02,-2.033999999999999975e-01,2.801700000000000024e-02,1.560199999999999920e-01,3.815310000000000090e-01,1.190189999999999998e-01,-4.373290000000000233e-01,3.948700000000000127e-02,1.538699999999999964e-02,2.484619999999999884e-01,7.201000000000000456e-02,3.640109999999999735e-01,2.442439999999999889e-01,6.089520000000000488e-01,9.875399999999999456e-02,1.940719999999999945e-01,1.923729999999999885e-01,5.197289999999999965e-01,-2.576789999999999914e-01,4.779059999999999975e-01,-2.587960000000000260e-01,-5.583110000000000017e-01,2.200890000000000069e-01,-4.116029999999999966e-01,-1.282919999999999894e-01,-3.588870000000000116e-01,-4.888100000000000084e-02,-3.140830000000000011e-01,5.680749999999999966e-01,-1.974090000000000011e-01,-3.322490000000000165e-01,-2.623190000000000244e-01,-5.460299999999999876e-02,-4.851079999999999837e-01,-5.924199999999999466e-01,-3.898639999999999883e-01,-5.556119999999999948e-01
5.150169999999999471e-01,6.049999999999999822e-03,6.757699999999999818e-02,1.851849999999999885e-01,-9.453000000000000291e-02,-1.286200000000000121e-01,9.468000000000000027e-02,-1.544619999999999882e-01,6.628299999999999470e-02,6.367299999999999349e-02,7.828799999999999648e-02,9.703399999999999526e-02,2.008850000000000080e-01,-1.820499999999999896e-01,1.000000000000000000e+00,3.680039999999999978e-01,1.376280000000000003e-01,8.942100000000000048e-02,2.524620000000000197e-01,5.894399999999999640e-01,4.593249999999999833e-01,5.630180000000000184e-01,-9.166499999999999648e-02,8.361599999999999588e-02,1.590669999999999862e-01,1.514850000000000085e-01,3.014519999999999977e-01,5.104899999999999993e-01,5.343369999999999509e-01,4.727549999999999808e-01,5.467800000000000438e-01,3.762179999999999969e-01,4.223270000000000080e-01,4.956690000000000262e-01,4.943299999999999778e-02,-8.940000000000000030e-03,-1.217769999999999964e-01,1.010699999999999966e-02,2.921090000000000075e-01,3.768469999999999875e-01,4.580850000000000199e-01,9.515600000000000447e-02,5.099000000000000234e-03,-4.638500000000000262e-02,-5.810000000000000277e-04,5.662040000000000406e-01,3.045000000000000137e-02,3.119800000000000004e-02,1.020780000000000021e-01,-4.143100000000000255e-02,-1.315230000000000010e-01,-1.159499999999999940e-02,-1.293529999999999958e-01,-1.144430000000000031e-01,8.595600000000000462e-02,8.536699999999999844e-02,-1.334170000000000078e-01,1.957480000000000053e-01,-7.443900000000000516e-02,7.908720000000000194e-01,4.319219999999999726e-01,-8.691599999999999326e-02,1.354289999999999938e-01,1.688929999999999876e-01,5.303090000000000304e-01,4.903799999999999826e-01,3.611989999999999923e-01,-1.187659999999999966e-01,2.406979999999999953e-01,1.066799999999999971e-01,3.109640000000000182e-01,2.533949999999999814e-01,4.550520000000000120e-01,4.089030000000000165e-01,3.975449999999999817e-01,4.989540000000000086e-01
5.002379999999999605e-01,2.914300000000000224e-01,8.400900000000000034e-02,3.747099999999999737e-02,-2.938169999999999948e-01,-8.198999999999999691e-03,-3.886799999999999977e-02,-2.725159999999999805e-01,-4.425199999999999967e-02,2.720629999999999993e-01,-6.981600000000000306e-02,-3.850699999999999956e-02,1.201340000000000047e-01,-4.989140000000000241e-01,3.680039999999999978e-01,1.000000000000000000e+00,4.745989999999999931e-01,5.563200000000000367e-01,1.583360000000000045e-01,3.487009999999999832e-01,3.011329999999999840e-01,5.418110000000000426e-01,-2.385019999999999918e-01,1.892349999999999866e-01,6.134140000000000148e-01,3.974239999999999995e-01,5.360499999999999987e-02,5.340909999999999824e-01,5.617259999999999476e-01,4.142000000000000126e-01,7.070210000000000106e-01,3.361919999999999908e-01,3.306270000000000042e-01,3.731209999999999805e-01,2.944899999999999948e-02,-1.426010000000000055e-01,-1.356569999999999998e-01,1.905550000000000022e-01,1.505819999999999936e-01,2.299769999999999870e-01,4.076330000000000231e-01,2.973299999999999901e-02,-1.372039999999999926e-01,-2.464230000000000032e-01,1.252389999999999892e-01,5.151029999999999776e-01,-1.638999999999999832e-02,1.269500000000000073e-01,-1.804369999999999863e-01,-1.060360000000000053e-01,-2.455940000000000067e-01,-1.291370000000000018e-01,-3.041909999999999892e-01,-1.692099999999999993e-01,1.721149999999999902e-01,1.350079999999999891e-01,-1.950199999999999989e-01,3.729959999999999942e-01,-3.255259999999999820e-01,3.107679999999999887e-01,6.697859999999999925e-01,8.212800000000000655e-02,4.703100000000000058e-01,2.814760000000000040e-01,4.246130000000000182e-01,1.407269999999999910e-01,4.282110000000000083e-01,-3.501589999999999980e-01,2.872779999999999778e-01,3.062500000000000222e-01,4.083390000000000075e-01,-3.488000000000000128e-02,5.639100000000000223e-01,5.027960000000000207e-01,5.820330000000000226e-01,6.659310000000000507e-01
1.717779999999999863e-01,3.746669999999999723e-01,2.529980000000000007e-01,-1.800200000000000133e-01,-3.420100000000000223e-02,2.576829999999999954e-01,-4.710500000000000104e-02,1.787380000000000080e-01,1.025829999999999936e-01,2.855630000000000113e-01,1.441729999999999956e-01,2.548300000000000010e-01,-7.791800000000000115e-02,-9.559199999999999642e-02,1.376280000000000003e-01,4.745989999999999931e-01,1.000000000000000000e+00,5.698630000000000084e-01,2.994589999999999752e-01,9.600100000000000300e-02,3.550860000000000127e-01,1.208199999999999968e-01,1.533430000000000071e-01,3.437310000000000088e-01,3.170669999999999877e-01,4.782040000000000179e-01,5.241300000000000125e-02,1.679690000000000072e-01,1.422039999999999971e-01,2.481669999999999987e-01,2.880699999999999927e-01,3.631989999999999941e-01,4.113559999999999994e-01,8.321699999999999930e-02,7.032399999999999762e-02,4.001520000000000077e-01,-1.113439999999999985e-01,1.212820000000000009e-01,9.580700000000000327e-02,2.346489999999999965e-01,1.217789999999999984e-01,-1.997799999999999923e-02,3.887129999999999752e-01,-2.806469999999999798e-01,1.648799999999999988e-01,1.570610000000000062e-01,-1.672939999999999983e-01,2.463839999999999919e-01,-3.773859999999999992e-01,4.288499999999999951e-02,-2.947699999999999973e-02,-1.472399999999999924e-02,-3.205399999999999916e-02,9.484299999999999675e-02,2.434250000000000025e-01,1.942909999999999915e-01,1.384189999999999865e-01,1.938310000000000033e-01,-1.268130000000000090e-01,-3.247099999999999986e-02,1.078019999999999951e-01,5.887400000000000272e-02,2.810759999999999925e-01,3.202420000000000266e-01,1.410730000000000040e-01,6.214000000000000079e-02,3.383200000000000096e-02,-3.181300000000000100e-02,1.835930000000000062e-01,1.088500000000000058e-02,3.010390000000000010e-01,-6.003100000000000103e-02,1.440929999999999989e-01,7.211299999999999655e-02,2.330810000000000104e-01,1.753810000000000091e-01
-1.175100000000000033e-01,4.934390000000000165e-01,2.130910000000000026e-01,-5.919599999999999862e-02,-9.399999999999999719e-04,3.318570000000000131e-01,2.303469999999999962e-01,1.428039999999999865e-01,1.137900000000000023e-01,3.583759999999999724e-01,1.162450000000000011e-01,1.495950000000000057e-01,2.932339999999999947e-01,-8.564000000000000432e-03,8.942100000000000048e-02,5.563200000000000367e-01,5.698630000000000084e-01,1.000000000000000000e+00,1.766939999999999900e-01,2.298570000000000058e-01,1.375540000000000096e-01,1.660310000000000119e-01,-1.343300000000000050e-02,2.782819999999999738e-01,3.776570000000000205e-01,3.075229999999999908e-01,3.051200000000000093e-02,1.731179999999999941e-01,2.736399999999999944e-01,2.112899999999999848e-02,2.034509999999999930e-01,2.348490000000000022e-01,2.775079999999999769e-01,5.116799999999999821e-02,-1.428639999999999910e-01,1.654999999999999874e-02,-1.860729999999999884e-01,1.838930000000000009e-01,-4.312999999999999994e-03,2.054850000000000010e-01,5.354199999999999932e-02,-1.102899999999999991e-01,2.824700000000000127e-02,-1.369080000000000019e-01,2.888649999999999829e-01,-4.482499999999999679e-02,7.514700000000000546e-02,2.865599999999999814e-01,-1.778349999999999931e-01,1.109460000000000029e-01,9.945800000000000474e-02,1.958390000000000131e-01,9.313999999999999363e-03,1.203440000000000065e-01,4.365390000000000104e-01,2.249579999999999913e-01,1.571990000000000054e-01,4.584269999999999734e-01,-1.096219999999999972e-01,-4.309299999999999936e-02,2.464210000000000012e-01,4.380430000000000157e-01,5.743930000000000424e-01,2.737510000000000221e-01,2.132159999999999889e-01,-8.129400000000000515e-02,1.385260000000000102e-01,-1.176050000000000012e-01,1.033420000000000033e-01,1.864210000000000034e-01,8.377900000000000624e-02,-1.874119999999999953e-01,1.916180000000000105e-01,1.272280000000000078e-01,2.423210000000000086e-01,1.435140000000000027e-01
1.913719999999999866e-01,-6.268899999999999473e-02,6.289390000000000258e-01,-6.087999999999999662e-03,2.718180000000000041e-01,9.516299999999999759e-02,2.250649999999999873e-01,2.202490000000000003e-01,3.836780000000000190e-01,-1.565899999999999931e-02,5.476010000000000044e-01,6.571499999999999564e-02,1.810110000000000052e-01,7.203500000000000181e-02,2.524620000000000197e-01,1.583360000000000045e-01,2.994589999999999752e-01,1.766939999999999900e-01,1.000000000000000000e+00,2.636539999999999995e-01,1.455329999999999957e-01,3.438499999999999890e-01,1.977220000000000089e-01,2.027930000000000010e-01,-1.131650000000000017e-01,1.645220000000000016e-01,-1.274869999999999892e-01,3.373519999999999852e-01,-5.861399999999999944e-02,2.877520000000000078e-01,1.417869999999999964e-01,1.087400000000000033e-01,1.068230000000000013e-01,2.097620000000000040e-01,-2.780839999999999979e-01,1.077380000000000004e-01,-6.175100000000000033e-02,-1.377399999999999979e-02,-7.316999999999999720e-03,2.310830000000000106e-01,1.164280000000000037e-01,-1.795200000000000129e-01,1.140609999999999957e-01,-6.704999999999999849e-02,-7.692400000000000626e-02,2.215020000000000044e-01,4.161399999999999821e-02,5.716510000000000202e-01,-2.758360000000000256e-01,2.191259999999999875e-01,1.276130000000000042e-01,3.095280000000000253e-01,2.587749999999999773e-01,3.426989999999999759e-01,3.360090000000000021e-01,5.272409999999999597e-01,3.994380000000000153e-01,3.099040000000000128e-01,-1.380639999999999923e-01,2.087029999999999996e-01,1.210520000000000068e-01,1.606150000000000078e-01,1.953499999999999959e-01,8.078750000000000098e-01,2.049410000000000120e-01,5.704000000000000042e-02,3.639569999999999750e-01,1.951849999999999974e-01,2.175020000000000009e-01,-6.472300000000000275e-02,3.782209999999999739e-01,-1.116000000000000048e-01,2.451280000000000125e-01,-1.008799999999999975e-01,2.832500000000000018e-01,1.547789999999999999e-01
2.440199999999999869e-01,3.805599999999999955e-02,2.279849999999999932e-01,8.184900000000000508e-02,-2.690400000000000083e-02,-5.176900000000000251e-02,1.658389999999999864e-01,-1.439850000000000019e-01,1.104529999999999956e-01,-6.753999999999999587e-03,1.570000000000000007e-01,6.002999999999999656e-03,3.355540000000000189e-01,-1.458379999999999954e-01,5.894399999999999640e-01,3.487009999999999832e-01,9.600100000000000300e-02,2.298570000000000058e-01,2.636539999999999995e-01,1.000000000000000000e+00,2.998600000000000154e-01,7.925870000000000415e-01,-1.484090000000000131e-01,-3.092000000000000130e-03,3.802200000000000024e-02,1.291499999999999940e-02,2.466440000000000021e-01,5.227640000000000065e-01,4.391619999999999968e-01,4.680520000000000236e-01,4.161900000000000044e-01,2.368810000000000082e-01,1.344980000000000064e-01,3.148819999999999952e-01,-1.034550000000000053e-01,2.040099999999999900e-02,-9.773700000000000443e-02,2.238380000000000092e-01,1.691630000000000078e-01,1.274379999999999957e-01,1.780450000000000088e-01,-3.296999999999999931e-02,2.294699999999999865e-02,-4.770599999999999841e-02,-2.719999999999999979e-04,3.544459999999999833e-01,8.512400000000000522e-02,1.705959999999999976e-01,7.683700000000000252e-02,-8.328599999999999892e-02,-8.458100000000000340e-02,1.012900000000000050e-01,-1.188199999999999951e-01,-3.946800000000000308e-02,1.533120000000000038e-01,1.466079999999999883e-01,-6.230299999999999727e-02,2.422449999999999881e-01,-1.250280000000000002e-01,4.844760000000000177e-01,4.688550000000000217e-01,4.164099999999999746e-02,2.504410000000000247e-01,2.121869999999999867e-01,7.843050000000000299e-01,2.911790000000000211e-01,6.415600000000000191e-01,-1.541889999999999927e-01,1.402849999999999930e-01,1.728629999999999889e-01,2.020329999999999904e-01,1.659079999999999999e-01,4.736890000000000267e-01,3.668359999999999954e-01,4.024800000000000044e-01,4.612910000000000066e-01
