1.000000000000000000e+00,-2.766239999999999810e-01,-9.623800000000000410e-02,2.014620000000000022e-01,-7.360899999999999388e-02,-4.367000000000000222e-03,-2.079709999999999892e-01,1.010770000000000002e-01,-1.522910000000000097e-01,-7.475400000000000100e-02,-2.358889999999999876e-01,1.339239999999999875e-01,-1.687919999999999976e-01,1.779169999999999918e-01,1.662730000000000041e-01,1.473720000000000030e-01,-3.355099999999999749e-02,8.177099999999999647e-02,1.034920000000000007e-01,-5.985800000000000148e-02,5.594000000000000083e-01,1.539000000000000003e-03,9.440900000000000680e-02,3.833899999999999808e-02,-1.166200000000000014e-01,4.165800000000000058e-02,-5.358799999999999675e-02,4.750499999999999862e-02,1.180380000000000040e-01,-9.072800000000000309e-02,3.322470000000000145e-01,4.026970000000000272e-01,4.539850000000000274e-01,4.682790000000000008e-01,3.027380000000000071e-01,2.598460000000000214e-01,2.987989999999999813e-01,-4.593099999999999961e-02,4.257190000000000141e-01,2.550749999999999962e-01,5.153900000000000148e-01,3.388269999999999893e-01,-2.014859999999999984e-01,2.551479999999999859e-01,-1.617159999999999986e-01,6.575769999999999671e-01,-3.069350000000000134e-01,-9.844600000000000573e-02,2.894059999999999966e-01,-8.866699999999999582e-02,-1.045300000000000049e-02,-1.720329999999999915e-01,1.840999999999999972e-03,-2.388099999999999945e-01,-5.064300000000000052e-02,-3.837840000000000140e-01,2.964599999999999874e-02,-2.657630000000000270e-01,1.888309999999999989e-01,1.639049999999999951e-01,2.661310000000000064e-01,5.499600000000000322e-02,2.668099999999999916e-01,6.400200000000000333e-02,-1.218319999999999959e-01,2.541640000000000010e-01,1.226900000000000039e-02,8.335299999999999654e-02,3.454900000000000332e-02,-8.909100000000000352e-02,5.273800000000000016e-02,-6.630300000000000082e-02,-2.086709999999999954e-01,4.841299999999999770e-02,-2.154999999999999798e-03,3.683540000000000147e-01
-2.766239999999999810e-01,1.000000000000000000e+00,2.830810000000000271e-01,2.115999999999999825e-03,2.878350000000000075e-01,4.857009999999999939e-01,3.781820000000000181e-01,2.881909999999999750e-01,1.542789999999999995e-01,1.711890000000000078e-01,2.291430000000000133e-01,-5.220999999999999946e-02,3.750629999999999797e-01,7.939499999999999336e-02,-1.203570000000000056e-01,2.380210000000000103e-01,4.145209999999999728e-01,4.716460000000000097e-01,-8.056699999999999973e-02,3.747899999999999843e-02,-5.009399999999999964e-02,1.688999999999999946e-01,2.287420000000000009e-01,1.352589999999999903e-01,6.443480000000000318e-01,5.795670000000000543e-01,3.781070000000000264e-01,3.425999999999999792e-03,1.537280000000000035e-01,2.135620000000000018e-01,-3.884499999999999759e-02,-2.479369999999999907e-01,1.562400000000000073e-02,-2.605819999999999803e-01,-3.828810000000000269e-01,-2.600370000000000181e-01,-3.734120000000000217e-01,2.502650000000000152e-01,-3.574240000000000195e-01,2.216700000000000059e-01,-4.623680000000000012e-01,-3.800299999999999789e-01,3.023700000000000276e-01,-4.060889999999999778e-01,2.175519999999999954e-01,-1.837399999999999867e-01,5.795200000000000351e-01,1.526619999999999922e-01,-4.416309999999999958e-01,6.549800000000000066e-02,1.923179999999999890e-01,3.742369999999999863e-01,1.088230000000000031e-01,3.605309999999999904e-01,8.583699999999999664e-02,2.306459999999999899e-01,-2.409299999999999983e-02,4.034010000000000096e-01,-8.737899999999999834e-02,4.366500000000000242e-02,-9.526199999999999946e-02,2.280079999999999885e-01,1.139550000000000007e-01,-1.007500000000000062e-02,1.077100000000000002e-01,1.345800000000000052e-01,3.583299999999999680e-02,5.336099999999999871e-02,-2.411800000000000055e-02,4.226289999999999769e-01,3.751430000000000042e-01,2.661430000000000184e-01,2.020399999999999974e-01,2.043830000000000091e-01,1.736860000000000070e-01,-2.649759999999999893e-01
-9.623800000000000410e-02,2.830810000000000271e-01,1.000000000000000000e+00,1.065370000000000067e-01,6.191680000000000517e-01,3.241080000000000072e-01,3.539200000000000124e-01,2.507389999999999897e-01,6.531099999999999683e-01,3.318659999999999943e-01,6.793829999999999592e-01,1.890209999999999946e-01,5.467959999999999487e-01,-3.008600000000000163e-02,8.781500000000000417e-02,1.046149999999999997e-01,3.331189999999999984e-01,2.117729999999999890e-01,1.719739999999999880e-01,6.397789999999999866e-01,-8.347400000000000653e-02,3.983410000000000006e-01,3.508800000000000252e-01,3.134480000000000044e-01,4.599460000000000215e-01,2.064840000000000009e-01,6.197570000000000023e-01,4.555679999999999730e-01,3.915310000000000179e-01,5.811950000000000172e-01,2.589389999999999747e-01,-4.074389999999999956e-01,-1.008369999999999961e-01,-2.192060000000000120e-01,-4.115050000000000097e-01,-2.205959999999999865e-01,-3.908139999999999947e-01,2.887979999999999992e-01,-4.918420000000000014e-01,1.503299999999999914e-01,-3.936729999999999952e-01,-4.630440000000000111e-01,3.089359999999999884e-01,-3.586750000000000216e-01,3.024390000000000134e-01,-1.042040000000000050e-01,2.331739999999999924e-01,7.481769999999999810e-01,-2.724099999999999855e-01,5.662160000000000526e-01,2.457789999999999975e-01,5.257929999999999549e-01,1.945979999999999932e-01,6.498770000000000380e-01,2.647539999999999893e-01,6.601850000000000218e-01,4.699600000000000305e-02,5.014849999999999586e-01,2.549799999999999983e-02,2.451190000000000035e-01,1.304220000000000101e-01,1.405909999999999938e-01,6.906299999999999939e-02,4.099920000000000231e-01,6.774200000000000221e-01,6.880400000000000404e-02,4.391570000000000196e-01,3.224060000000000259e-01,1.912389999999999923e-01,3.375909999999999744e-01,2.098220000000000085e-01,5.688239999999999963e-01,6.630110000000000170e-01,4.801739999999999897e-01,6.317409999999999970e-01,6.828800000000000148e-02
2.014620000000000022e-01,2.115999999999999825e-03,1.065370000000000067e-01,1.000000000000000000e+00,3.024270000000000014e-01,2.929100000000000106e-02,4.938839999999999897e-01,-5.775999999999999884e-02,2.518150000000000110e-01,3.227519999999999833e-01,6.103700000000000098e-02,4.110400000000000165e-02,2.777399999999999869e-01,2.387849999999999973e-01,-9.365500000000000214e-02,1.026360000000000050e-01,1.923920000000000075e-01,8.429399999999999393e-02,5.279299999999999965e-02,3.617000000000000076e-02,-3.004499999999999879e-02,2.129659999999999886e-01,9.917800000000000227e-02,2.270780000000000021e-01,2.161470000000000058e-01,-2.110700000000000076e-02,-7.287599999999999634e-02,9.713900000000000312e-02,-1.225040000000000018e-01,2.098319999999999907e-01,4.823310000000000097e-01,1.895600000000000063e-02,2.901380000000000070e-01,1.750889999999999946e-01,-3.380830000000000224e-01,-1.613670000000000104e-01,1.443840000000000123e-01,4.401490000000000125e-01,1.540799999999999982e-02,3.644640000000000102e-01,1.554740000000000011e-01,-2.719869999999999788e-01,5.307159999999999656e-01,1.042669999999999986e-01,3.443609999999999727e-01,2.119489999999999985e-01,1.361499999999999932e-01,1.744320000000000037e-01,-1.442519999999999913e-01,-9.994100000000000206e-02,-1.113579999999999987e-01,4.234649999999999803e-01,2.391599999999999976e-02,3.067090000000000094e-01,1.432440000000000102e-01,-6.430000000000000169e-04,1.414080000000000059e-01,3.422009999999999774e-01,9.973400000000000321e-02,-1.767600000000000074e-02,2.369279999999999997e-01,1.100489999999999940e-01,2.652849999999999930e-01,2.673579999999999846e-01,1.029889999999999972e-01,8.847499999999999809e-02,2.553579999999999739e-01,2.590500000000000094e-02,2.338369999999999893e-01,5.894400000000000334e-02,1.356330000000000036e-01,-1.048120000000000024e-01,1.994150000000000089e-01,1.922780000000000045e-01,5.913899999999999713e-02,3.818199999999999927e-01
-7.360899999999999388e-02,2.878350000000000075e-01,6.191680000000000517e-01,3.024270000000000014e-01,1.000000000000000000e+00,3.000490000000000101e-01,4.937960000000000127e-01,2.100390000000000035e-01,6.786309999999999842e-01,2.861210000000000142e-01,6.122100000000000319e-01,6.536799999999999555e-02,3.578489999999999727e-01,1.191610000000000030e-01,-6.968199999999999394e-02,7.766000000000000680e-02,2.549009999999999887e-01,2.925740000000000007e-01,2.622079999999999966e-01,2.828570000000000251e-01,-1.791429999999999967e-01,3.415639999999999787e-01,2.551740000000000119e-01,2.167360000000000120e-01,4.513829999999999787e-01,1.179430000000000062e-01,4.651839999999999864e-01,2.754670000000000174e-01,2.404110000000000136e-01,4.925419999999999798e-01,2.841810000000000169e-01,-1.502269999999999994e-01,5.423000000000000043e-02,1.217599999999999932e-02,-3.489990000000000037e-01,-1.708629999999999871e-01,-2.353329999999999866e-01,3.105729999999999880e-01,-2.737120000000000108e-01,2.388919999999999932e-01,-1.758210000000000051e-01,-4.303409999999999735e-01,3.986430000000000251e-01,-2.700690000000000035e-01,2.274930000000000008e-01,-4.932999999999999885e-03,3.294599999999999751e-01,6.299709999999999477e-01,-1.719960000000000100e-01,5.397410000000000263e-01,2.260649999999999882e-01,5.522989999999999844e-01,2.164270000000000083e-01,6.421050000000000368e-01,1.971420000000000117e-01,5.352679999999999660e-01,3.999199999999999977e-02,4.449480000000000102e-01,2.634870000000000267e-01,5.564899999999999708e-02,2.806810000000000138e-01,1.136260000000000048e-01,2.320589999999999875e-01,5.609140000000000237e-01,2.964439999999999853e-01,2.946700000000000014e-02,2.648070000000000146e-01,2.570339999999999847e-01,1.376880000000000048e-01,3.699180000000000246e-01,1.796800000000000064e-01,3.993260000000000143e-01,4.654349999999999876e-01,3.698370000000000268e-01,4.671000000000000152e-01,1.730919999999999959e-01
-4.367000000000000222e-03,4.857009999999999939e-01,3.241080000000000072e-01,2.929100000000000106e-02,3.000490000000000101e-01,1.000000000000000000e+00,5.873699999999999755e-02,6.196880000000000166e-01,1.743929999999999925e-01,2.402299999999999922e-02,1.342089999999999950e-01,3.175799999999999734e-01,3.552279999999999882e-01,1.904270000000000129e-01,-1.337210000000000065e-01,-7.047699999999999798e-02,6.766500000000000292e-02,2.976639999999999842e-01,2.037899999999999989e-01,1.381350000000000078e-01,4.832600000000000090e-02,-6.004700000000000315e-02,6.052419999999999467e-01,1.734199999999999908e-01,2.825960000000000139e-01,4.769209999999999838e-01,5.086509999999999643e-01,1.502199999999999924e-01,2.149979999999999947e-01,1.908400000000000027e-02,-1.835019999999999984e-01,5.044699999999999879e-02,2.590339999999999865e-01,1.025739999999999985e-01,1.776700000000000154e-02,4.244599999999999762e-02,-8.363700000000000301e-02,3.444400000000000239e-02,-6.322099999999999942e-02,2.703269999999999840e-01,-9.053999999999999548e-03,3.873100000000000154e-02,-4.653700000000000198e-02,-1.367160000000000042e-01,5.981000000000000205e-03,-1.877209999999999990e-01,1.023720000000000047e-01,1.996070000000000066e-01,4.612200000000000327e-02,2.113740000000000063e-01,6.033600000000000074e-01,1.924530000000000129e-01,4.584150000000000169e-01,2.074270000000000003e-01,3.516000000000000028e-03,-2.756799999999999876e-02,2.726580000000000115e-01,1.230220000000000063e-01,3.399929999999999897e-01,-6.664799999999999891e-02,-2.098810000000000120e-01,-1.183599999999999930e-02,2.884799999999999864e-02,2.110229999999999884e-01,4.055799999999999683e-02,4.242699999999999944e-02,-1.267689999999999928e-01,3.984940000000000149e-01,-1.430000000000000064e-03,1.863120000000000054e-01,3.217479999999999785e-01,3.734790000000000054e-01,2.776500000000000148e-02,2.818199999999999872e-02,8.004799999999999416e-02,-3.246919999999999806e-01
-2.079709999999999892e-01,3.781820000000000181e-01,3.539200000000000124e-01,4.938839999999999897e-01,4.937960000000000127e-01,5.873699999999999755e-02,1.000000000000000000e+00,-6.199400000000000049e-02,4.515830000000000122e-01,7.811420000000000030e-01,2.224619999999999931e-01,8.288399999999999934e-02,5.708100000000000396e-01,3.020600000000000021e-02,-1.099610000000000032e-01,3.286370000000000124e-01,6.126139999999999919e-01,2.336959999999999871e-01,-1.615969999999999906e-01,7.461900000000000477e-02,-2.351459999999999939e-01,2.345359999999999945e-01,1.577399999999999913e-01,5.179580000000000295e-01,6.536410000000000275e-01,1.293179999999999885e-01,2.509500000000000064e-01,-8.612300000000000511e-02,-9.395199999999999385e-02,3.562819999999999876e-01,4.907130000000000103e-01,-4.965959999999999819e-01,-4.506899999999999795e-02,-2.202359999999999873e-01,-8.391769999999999508e-01,-6.155709999999999793e-01,-5.354210000000000358e-01,8.340570000000000483e-01,-5.194870000000000321e-01,3.697269999999999723e-01,-3.608589999999999853e-01,-8.657589999999999453e-01,8.594140000000000112e-01,-5.861899999999999888e-01,7.567519999999999802e-01,9.058199999999999585e-02,4.904240000000000266e-01,2.403339999999999921e-01,-7.055000000000000160e-01,-1.157490000000000047e-01,-2.266809999999999936e-01,8.656169999999999698e-01,-1.364849999999999952e-01,6.376779999999999671e-01,5.848160000000000025e-01,2.905679999999999930e-01,1.956789999999999918e-01,8.275510000000000366e-01,-2.099509999999999987e-01,2.176799999999999916e-02,2.200499999999999956e-01,3.066019999999999857e-01,2.884200000000000097e-01,9.338000000000000467e-02,3.112260000000000026e-01,2.577429999999999999e-01,3.658429999999999738e-01,-8.394400000000000472e-02,5.539739999999999664e-01,4.291320000000000134e-01,3.060749999999999860e-01,6.245799999999999963e-02,5.061130000000000351e-01,4.064329999999999887e-01,2.137350000000000083e-01,2.495439999999999880e-01
1.010770000000000002e-01,2.881909999999999750e-01,2.507389999999999897e-01,-5.775999999999999884e-02,2.100390000000000035e-01,6.196880000000000166e-01,-6.199400000000000049e-02,1.000000000000000000e+00,-4.208100000000000035e-02,-1.911180000000000101e-01,1.600870000000000071e-01,4.416539999999999910e-01,-5.167100000000000165e-02,3.812389999999999946e-01,-2.529819999999999847e-01,-3.635849999999999915e-01,-1.401880000000000071e-01,6.223100000000000159e-02,3.408470000000000111e-01,-5.958999999999999887e-03,1.355499999999999934e-02,-1.264730000000000021e-01,6.767630000000000035e-01,2.494740000000000013e-01,6.288100000000000633e-02,5.226300000000000390e-01,2.185370000000000090e-01,4.541499999999999704e-02,-2.001509999999999956e-01,1.798720000000000041e-01,-2.446730000000000016e-01,3.379820000000000046e-01,4.242319999999999980e-01,2.161049999999999915e-01,7.787600000000000078e-02,2.303709999999999924e-01,-5.982400000000000218e-02,-1.936299999999999827e-02,2.339789999999999925e-01,4.716989999999999794e-01,6.481299999999999562e-02,1.401540000000000008e-01,-1.092909999999999993e-01,-1.980949999999999933e-01,-1.380200000000000038e-01,-4.832199999999999690e-02,7.267999999999999461e-02,1.694060000000000010e-01,7.165299999999999447e-02,1.290870000000000073e-01,5.482639999999999736e-01,-4.658299999999999941e-02,8.147769999999999735e-01,-2.527700000000000086e-02,-2.057980000000000087e-01,-7.439000000000000300e-03,3.720289999999999986e-01,-5.898199999999999971e-02,4.985499999999999932e-01,-2.813809999999999922e-01,-4.155809999999999782e-01,-3.107619999999999827e-01,-2.377420000000000089e-01,2.743860000000000188e-01,-1.309259999999999868e-01,1.985619999999999885e-01,-2.976860000000000062e-01,5.501509999999999456e-01,4.308900000000000230e-02,9.154500000000000137e-02,4.449919999999999987e-01,8.238299999999999790e-02,-4.253799999999999942e-02,-3.390059999999999740e-01,1.759999999999999898e-01,-4.027419999999999889e-01
-1.522910000000000097e-01,1.542789999999999995e-01,6.531099999999999683e-01,2.518150000000000110e-01,6.786309999999999842e-01,1.743929999999999925e-01,4.515830000000000122e-01,-4.208100000000000035e-02,1.000000000000000000e+00,3.281700000000000172e-01,5.770410000000000261e-01,-4.929399999999999754e-02,4.904220000000000246e-01,-1.317270000000000107e-01,1.538960000000000050e-01,8.664299999999999780e-02,2.539770000000000083e-01,8.269100000000000061e-02,1.240659999999999957e-01,4.791679999999999828e-01,-2.373929999999999929e-01,3.602540000000000187e-01,6.976300000000000556e-02,2.295909999999999895e-01,4.334500000000000020e-01,2.935499999999999915e-02,6.120389999999999997e-01,1.717819999999999903e-01,2.189200000000000035e-01,3.423280000000000212e-01,2.493440000000000101e-01,-4.713390000000000080e-01,-1.791830000000000089e-01,-2.711480000000000001e-01,-4.638720000000000065e-01,-3.137559999999999794e-01,-2.957919999999999994e-01,3.240859999999999852e-01,-4.674650000000000194e-01,7.245200000000000251e-02,-3.660149999999999793e-01,-5.078390000000000404e-01,4.246170000000000222e-01,-2.649230000000000196e-01,3.285399999999999987e-01,-2.074200000000000002e-02,2.378909999999999914e-01,6.862009999999999499e-01,-2.776910000000000212e-01,4.706380000000000008e-01,6.994999999999999829e-02,6.689770000000000438e-01,-1.734799999999999884e-02,8.744720000000000271e-01,3.454869999999999886e-01,6.355950000000000211e-01,-8.390100000000000335e-02,5.245119999999999783e-01,-5.016400000000000026e-02,2.638789999999999747e-01,2.215759999999999952e-01,1.383810000000000040e-01,1.633330000000000060e-01,4.144499999999999851e-01,4.666190000000000060e-01,-2.663000000000000003e-03,4.275100000000000011e-01,4.749799999999999855e-02,2.396570000000000089e-01,3.964389999999999858e-01,1.469320000000000070e-01,5.657290000000000374e-01,4.141230000000000189e-01,4.855880000000000196e-01,3.333130000000000259e-01,2.015260000000000107e-01
-7.475400000000000100e-02,1.711890000000000078e-01,3.318659999999999943e-01,3.227519999999999833e-01,2.861210000000000142e-01,2.402299999999999922e-02,7.811420000000000030e-01,-1.911180000000000101e-01,3.281700000000000172e-01,1.000000000000000000e+00,-3.393999999999999882e-03,2.806890000000000218e-01,5.556410000000000515e-01,-1.180940000000000045e-01,3.959999999999999762e-04,3.762420000000000209e-01,6.844839999999999813e-01,2.217079999999999884e-01,-2.942520000000000135e-01,1.264720000000000011e-01,-1.482449999999999879e-01,1.491869999999999863e-01,4.165499999999999758e-02,6.855900000000000327e-01,5.724939999999999474e-01,6.276400000000000035e-02,2.562309999999999865e-01,-5.278499999999999859e-02,-3.119999999999999944e-04,2.891380000000000061e-01,4.792399999999999993e-01,-5.053029999999999466e-01,-7.473699999999999788e-02,-2.379139999999999866e-01,-7.033099999999999907e-01,-6.622059999999999613e-01,-6.117510000000000447e-01,8.738679999999999781e-01,-5.401430000000000398e-01,3.561940000000000106e-01,-3.043029999999999902e-01,-7.353070000000000439e-01,7.131950000000000234e-01,-5.877499999999999947e-01,8.824319999999999942e-01,1.158290000000000014e-01,2.231630000000000003e-01,1.188739999999999936e-01,-6.372949999999999449e-01,-1.385709999999999997e-01,-3.142130000000000201e-01,7.213009999999999700e-01,-3.295779999999999821e-01,5.155210000000000070e-01,8.307639999999999469e-01,1.570560000000000012e-01,3.311180000000000234e-01,7.639470000000000427e-01,-2.859570000000000167e-01,7.223400000000000654e-02,2.110509999999999886e-01,4.569619999999999793e-01,3.864219999999999877e-01,-3.851299999999999862e-02,4.049650000000000194e-01,2.256450000000000122e-01,3.517390000000000239e-01,-2.108740000000000059e-01,7.274720000000000075e-01,3.058939999999999992e-01,1.687440000000000051e-01,2.963500000000000162e-02,5.104429999999999801e-01,3.838059999999999805e-01,1.807650000000000090e-01,2.770219999999999905e-01
-2.358889999999999876e-01,2.291430000000000133e-01,6.793829999999999592e-01,6.103700000000000098e-02,6.122100000000000319e-01,1.342089999999999950e-01,2.224619999999999931e-01,1.600870000000000071e-01,5.770410000000000261e-01,-3.393999999999999882e-03,1.000000000000000000e+00,7.120700000000000640e-02,2.929760000000000142e-01,-3.818599999999999772e-02,5.170000000000000290e-02,1.105800000000000012e-02,6.517499999999999682e-02,1.577280000000000071e-01,5.518600000000000172e-01,5.217929999999999513e-01,-3.657309999999999728e-01,4.734610000000000207e-01,1.106919999999999987e-01,5.870299999999999824e-02,2.432759999999999923e-01,1.666469999999999896e-01,4.465040000000000120e-01,4.526669999999999860e-01,3.202570000000000139e-01,5.208070000000000199e-01,1.183079999999999965e-01,-2.763189999999999813e-01,-8.601599999999999524e-02,-1.228839999999999932e-01,-2.127769999999999939e-01,-1.820000000000000090e-02,-1.139679999999999999e-01,1.688699999999999923e-02,-3.603930000000000189e-01,-1.034769999999999995e-01,-2.394860000000000044e-01,-2.657539999999999902e-01,1.371970000000000134e-01,-1.390290000000000137e-01,3.251099999999999823e-02,-3.302990000000000093e-01,1.326219999999999899e-01,7.958499999999999464e-01,-2.833600000000000008e-02,5.871170000000000000e-01,1.183059999999999945e-01,3.200629999999999864e-01,1.704459999999999864e-01,4.796130000000000115e-01,-6.113199999999999884e-02,7.993120000000000225e-01,-1.786099999999999841e-02,2.539500000000000091e-01,1.096710000000000046e-01,5.594699999999999673e-02,1.198970000000000036e-01,-1.076929999999999971e-01,-1.534760000000000013e-01,6.545530000000000515e-01,5.062790000000000346e-01,-3.400380000000000069e-01,3.443149999999999822e-01,1.906809999999999894e-01,-1.029370000000000007e-01,7.131800000000000639e-02,-4.769400000000000028e-02,4.096759999999999846e-01,5.181480000000000530e-01,2.253130000000000133e-01,5.297730000000000494e-01,2.057399999999999854e-02
1.339239999999999875e-01,-5.220999999999999946e-02,1.890209999999999946e-01,4.110400000000000165e-02,6.536799999999999555e-02,3.175799999999999734e-01,8.288399999999999934e-02,4.416539999999999910e-01,-4.929399999999999754e-02,2.806890000000000218e-01,7.120700000000000640e-02,1.000000000000000000e+00,5.135200000000000181e-02,3.892260000000000164e-01,-2.978099999999999845e-02,-3.708080000000000265e-01,-1.215539999999999954e-01,-2.139959999999999918e-01,1.600219999999999976e-01,7.714999999999999636e-02,-2.515649999999999831e-01,-1.074770000000000031e-01,4.651689999999999992e-01,7.325990000000000002e-01,-1.322770000000000057e-01,4.271010000000000084e-01,1.320900000000000130e-01,5.638900000000000162e-02,-2.075690000000000035e-01,1.672879999999999923e-01,-2.202290000000000081e-01,-4.515700000000000269e-02,1.651299999999999990e-01,-3.998299999999999771e-02,3.951999999999999957e-02,1.600830000000000031e-01,-5.001300000000000190e-02,3.407999999999999918e-01,-1.264349999999999918e-01,1.793359999999999954e-01,7.137899999999999801e-02,8.968500000000000083e-02,3.834200000000000108e-02,-1.384499999999999897e-01,3.930500000000000105e-01,-2.047970000000000068e-01,-1.862679999999999891e-01,3.732400000000000301e-02,-2.530699999999999963e-02,1.196340000000000042e-01,1.800200000000000133e-01,2.851199999999999915e-02,3.789299999999999891e-01,-5.886799999999999672e-02,3.522989999999999733e-01,-4.995600000000000041e-02,8.960780000000000411e-01,5.461200000000000082e-02,2.639859999999999984e-01,-2.696609999999999840e-01,-4.366539999999999866e-01,-1.884879999999999889e-01,-3.396339999999999915e-01,2.187199999999999978e-01,8.938599999999999324e-02,-1.505799999999999916e-01,-1.896829999999999905e-01,3.704859999999999820e-01,6.110100000000000531e-01,-2.301759999999999917e-01,2.709400000000000142e-01,-1.050780000000000047e-01,1.587749999999999995e-01,-3.359539999999999749e-01,5.963799999999999657e-02,-3.509360000000000257e-01
-1.687919999999999976e-01,3.750629999999999797e-01,5.467959999999999487e-01,2.777399999999999869e-01,3.578489999999999727e-01,3.552279999999999882e-01,5.708100000000000396e-01,-5.167100000000000165e-02,4.904220000000000246e-01,5.556410000000000515e-01,2.929760000000000142e-01,5.135200000000000181e-02,1.000000000000000000e+00,4.749999999999999990e-04,4.601600000000000135e-02,4.318750000000000089e-01,7.437850000000000295e-01,5.305149999999999588e-01,-9.436700000000000643e-02,5.189369999999999816e-01,-1.477489999999999915e-01,2.447489999999999943e-01,4.693800000000000056e-02,2.402459999999999873e-01,4.357150000000000190e-01,7.163200000000000123e-02,3.532799999999999829e-01,5.185100000000000264e-01,2.744019999999999793e-01,4.506049999999999778e-01,4.272360000000000047e-01,-5.362339999999999884e-01,-1.889349999999999918e-01,-2.487620000000000109e-01,-6.037470000000000336e-01,-3.401310000000000167e-01,-3.927320000000000255e-01,4.924549999999999761e-01,-5.166300000000000336e-01,1.550709999999999866e-01,-2.964350000000000041e-01,-5.769579999999999709e-01,5.706839999999999691e-01,-3.544510000000000161e-01,5.092079999999999940e-01,-9.058099999999999485e-02,3.153670000000000084e-01,4.088919999999999777e-01,-4.681939999999999991e-01,2.296610000000000040e-01,8.871700000000000419e-02,6.885860000000000314e-01,-1.451399999999999912e-01,6.621850000000000236e-01,3.644930000000000114e-01,3.214020000000000210e-01,5.513500000000000345e-02,7.929100000000000037e-01,-2.144800000000000040e-01,8.235199999999999465e-02,2.438680000000000014e-01,6.064779999999999616e-01,4.685810000000000253e-01,1.252979999999999927e-01,6.132330000000000281e-01,7.735999999999999821e-03,4.425359999999999849e-01,-1.210799999999999932e-01,1.978489999999999971e-01,2.019940000000000069e-01,7.033300000000000662e-02,2.770500000000000185e-01,7.059630000000000072e-01,5.608640000000000292e-01,4.383520000000000194e-01,1.621930000000000038e-01
1.779169999999999918e-01,7.939499999999999336e-02,-3.008600000000000163e-02,2.387849999999999973e-01,1.191610000000000030e-01,1.904270000000000129e-01,3.020600000000000021e-02,3.812389999999999946e-01,-1.317270000000000107e-01,-1.180940000000000045e-01,-3.818599999999999772e-02,3.892260000000000164e-01,4.749999999999999990e-04,1.000000000000000000e+00,-5.566399999999999820e-02,-2.966960000000000153e-01,-8.615899999999999948e-02,-2.705499999999999919e-02,1.911150000000000071e-01,-1.464209999999999956e-01,-3.683999999999999775e-02,-1.832120000000000137e-01,2.442429999999999879e-01,2.429429999999999923e-01,-1.745109999999999995e-01,1.984930000000000028e-01,-1.707269999999999899e-01,1.347569999999999879e-01,-2.789550000000000085e-01,1.252199999999999980e-01,-5.176900000000000251e-02,1.915769999999999973e-01,1.884959999999999969e-01,1.265370000000000106e-01,5.260299999999999698e-02,3.787179999999999991e-01,1.014820000000000028e-01,8.566999999999999615e-02,1.446149999999999936e-01,1.813639999999999974e-01,1.254500000000000060e-01,1.266100000000000003e-01,1.311970000000000081e-01,-4.273799999999999821e-02,4.626099999999999657e-02,-1.077130000000000032e-01,1.464189999999999936e-01,-1.374460000000000126e-01,-1.175829999999999931e-01,3.230500000000000038e-02,2.257210000000000050e-01,-7.076799999999999757e-02,4.039929999999999910e-01,-1.094539999999999957e-01,-1.144609999999999933e-01,-2.174780000000000046e-01,4.362360000000000126e-01,1.365500000000000047e-02,3.187389999999999946e-01,-2.955659999999999954e-01,-2.238660000000000094e-01,-1.379859999999999975e-01,-1.203639999999999988e-01,1.935820000000000041e-01,-1.736800000000000010e-01,-1.360300000000000051e-02,-2.846960000000000046e-01,2.547369999999999912e-01,1.683310000000000084e-01,-1.259129999999999971e-01,2.375049999999999939e-01,-2.347710000000000075e-01,9.719800000000000662e-02,-2.142270000000000008e-01,9.358099999999999752e-02,-2.304940000000000044e-01
1.662730000000000041e-01,-1.203570000000000056e-01,8.781500000000000417e-02,-9.365500000000000214e-02,-6.968199999999999394e-02,-1.337210000000000065e-01,-1.099610000000000032e-01,-2.529819999999999847e-01,1.538960000000000050e-01,3.959999999999999762e-04,5.170000000000000290e-02,-2.978099999999999845e-02,4.601600000000000135e-02,-5.566399999999999820e-02,1.000000000000000000e+00,8.311000000000000332e-02,1.574599999999999958e-02,-5.989000000000000400e-03,-4.482799999999999979e-02,2.893229999999999968e-01,3.826700000000000101e-01,3.048159999999999759e-01,-1.835239999999999927e-01,-4.753000000000000280e-03,-1.043899999999999967e-01,-7.428700000000000581e-02,2.636539999999999995e-01,1.231259999999999993e-01,3.700089999999999768e-01,-2.555199999999999833e-02,4.679099999999999926e-02,-2.285409999999999942e-01,-7.946200000000000485e-02,-7.495799999999999685e-02,1.477380000000000082e-01,1.167320000000000024e-01,4.567600000000000132e-02,-4.729400000000000270e-02,-1.488889999999999936e-01,-1.770079999999999987e-01,1.246799999999999992e-02,7.757799999999999419e-02,-1.493460000000000065e-01,7.659599999999999742e-02,4.863000000000000135e-03,9.164400000000000324e-02,-6.421300000000000618e-02,7.862900000000000444e-02,-4.879999999999999898e-04,1.787080000000000057e-01,-9.877500000000000169e-02,-4.399399999999999838e-02,-2.064439999999999886e-01,2.159399999999999861e-02,1.455629999999999979e-01,8.816699999999999537e-02,-1.146900000000000003e-01,-1.091570000000000040e-01,-2.186539999999999873e-01,6.443689999999999696e-01,1.368719999999999937e-01,7.996999999999999942e-02,-4.190000000000000148e-03,-7.108699999999999741e-02,2.422120000000000106e-01,5.220000000000000031e-04,2.006620000000000070e-01,-9.851899999999999546e-02,4.107800000000000340e-02,-1.490400000000000058e-02,-4.928899999999999948e-02,2.785790000000000211e-01,3.883000000000000167e-03,2.710290000000000199e-01,-2.122399999999999981e-02,1.667119999999999991e-01
1.473720000000000030e-01,2.380210000000000103e-01,1.046149999999999997e-01,1.026360000000000050e-01,7.766000000000000680e-02,-7.047699999999999798e-02,3.286370000000000124e-01,-3.635849999999999915e-01,8.664299999999999780e-02,3.762420000000000209e-01,1.105800000000000012e-02,-3.708080000000000265e-01,4.318750000000000089e-01,-2.966960000000000153e-01,8.311000000000000332e-02,1.000000000000000000e+00,7.120009999999999950e-01,6.721209999999999685e-01,-2.088730000000000031e-01,5.597499999999999698e-02,1.446089999999999876e-01,2.177290000000000059e-01,-3.495940000000000158e-01,-1.136260000000000048e-01,5.296130000000000004e-01,-3.271600000000000202e-02,5.920500000000000068e-02,1.808180000000000065e-01,3.379099999999999882e-01,1.027689999999999992e-01,5.607860000000000067e-01,-3.175250000000000017e-01,2.846100000000000019e-02,8.225999999999999979e-02,-2.980650000000000244e-01,-4.045670000000000099e-01,-2.999519999999999964e-01,2.523179999999999867e-01,-2.881099999999999772e-01,1.028889999999999944e-01,2.000000000000000042e-03,-3.700109999999999788e-01,2.604480000000000128e-01,-2.546990000000000087e-01,1.995520000000000072e-01,2.071079999999999866e-01,1.486000000000000099e-01,9.545900000000000218e-02,-3.524300000000000210e-01,-2.434300000000000005e-02,-1.922760000000000025e-01,3.145600000000000063e-01,-5.154999999999999583e-01,2.873189999999999911e-01,2.211670000000000025e-01,9.664000000000000368e-02,-3.989139999999999908e-01,3.896000000000000019e-01,-5.270839999999999970e-01,2.067440000000000111e-01,6.708030000000000381e-01,6.689340000000000286e-01,6.519770000000000287e-01,-1.605090000000000128e-01,2.390710000000000057e-01,8.360599999999999976e-02,3.243699999999999917e-01,-4.319620000000000126e-01,-1.136260000000000048e-01,2.890130000000000199e-01,-1.646640000000000048e-01,9.320599999999999719e-02,3.493120000000000114e-01,5.419300000000000228e-01,2.496319999999999928e-01,4.758100000000000107e-01
-3.355099999999999749e-02,4.145209999999999728e-01,3.331189999999999984e-01,1.923920000000000075e-01,2.549009999999999887e-01,6.766500000000000292e-02,6.126139999999999919e-01,-1.401880000000000071e-01,2.539770000000000083e-01,6.844839999999999813e-01,6.517499999999999682e-02,-1.215539999999999954e-01,7.437850000000000295e-01,-8.615899999999999948e-02,1.574599999999999958e-02,7.120009999999999950e-01,1.000000000000000000e+00,6.633989999999999609e-01,-2.702450000000000130e-01,2.066080000000000139e-01,-2.999800000000000036e-02,1.560570000000000013e-01,-1.594649999999999956e-01,2.754969999999999919e-01,6.414509999999999934e-01,1.132920000000000038e-01,1.956239999999999923e-01,2.541359999999999730e-01,1.189520000000000022e-01,3.823880000000000057e-01,5.625329999999999497e-01,-4.560890000000000222e-01,-7.931199999999999362e-02,-1.525680000000000092e-01,-6.447000000000000508e-01,-5.445410000000000528e-01,-5.853089999999999682e-01,5.889600000000000390e-01,-4.579079999999999817e-01,3.451969999999999761e-01,-2.712189999999999879e-01,-6.398610000000000131e-01,6.025179999999999980e-01,-5.685719999999999663e-01,5.360700000000000465e-01,1.217150000000000037e-01,3.694620000000000126e-01,1.691979999999999873e-01,-6.372529999999999584e-01,-1.064299999999999968e-02,-1.786699999999999955e-01,6.135319999999999663e-01,-3.788290000000000268e-01,5.431489999999999929e-01,4.421019999999999950e-01,1.893680000000000085e-01,-1.075419999999999987e-01,7.669970000000000399e-01,-4.069869999999999877e-01,9.313200000000000645e-02,3.740220000000000211e-01,7.777579999999999494e-01,6.533480000000000398e-01,-5.969300000000000300e-02,4.454029999999999934e-01,2.176089999999999969e-01,3.391449999999999743e-01,-3.543629999999999836e-01,2.208789999999999920e-01,3.647130000000000094e-01,4.893800000000000233e-02,8.472999999999999976e-02,5.957789999999999475e-01,5.145250000000000101e-01,3.788360000000000061e-01,2.921250000000000235e-01
8.177099999999999647e-02,4.716460000000000097e-01,2.117729999999999890e-01,8.429399999999999393e-02,2.925740000000000007e-01,2.976639999999999842e-01,2.336959999999999871e-01,6.223100000000000159e-02,8.269100000000000061e-02,2.217079999999999884e-01,1.577280000000000071e-01,-2.139959999999999918e-01,5.305149999999999588e-01,-2.705499999999999919e-02,-5.989000000000000400e-03,6.721209999999999685e-01,6.633989999999999609e-01,1.000000000000000000e+00,1.259230000000000071e-01,1.622300000000000131e-01,1.127719999999999972e-01,1.922689999999999955e-01,-2.230540000000000023e-01,-1.662170000000000036e-01,3.820450000000000235e-01,1.204709999999999948e-01,1.234890000000000015e-01,4.121340000000000003e-01,3.538430000000000186e-01,2.166200000000000070e-01,3.967499999999999916e-01,-3.750799999999999967e-02,1.716149999999999898e-01,2.011439999999999895e-01,-1.816979999999999984e-01,-5.676500000000000296e-02,-1.342550000000000132e-01,1.084389999999999937e-01,-9.399899999999999922e-02,2.153690000000000049e-01,6.471100000000000463e-02,-1.763659999999999950e-01,1.532610000000000083e-01,-1.489810000000000023e-01,-8.151000000000000259e-03,5.708200000000000079e-02,1.300959999999999894e-01,2.653800000000000048e-01,-1.276329999999999965e-01,1.892699999999999938e-01,4.095999999999999815e-03,2.501729999999999787e-01,-1.916519999999999890e-01,2.845980000000000176e-01,-5.937100000000000016e-02,1.195930000000000049e-01,-2.601649999999999796e-01,3.223940000000000139e-01,-6.644100000000000006e-02,9.535999999999999338e-03,4.107569999999999832e-01,5.343849999999999989e-01,6.285110000000000419e-01,1.503019999999999912e-01,2.293580000000000063e-01,-5.571500000000000064e-02,2.090329999999999966e-01,-3.585249999999999826e-01,-3.064649999999999874e-01,7.527499999999999469e-02,-1.856690000000000007e-01,1.202610000000000068e-01,3.407220000000000248e-01,3.025140000000000051e-01,3.598709999999999964e-01,2.450330000000000008e-01
1.034920000000000007e-01,-8.056699999999999973e-02,1.719739999999999880e-01,5.279299999999999965e-02,2.622079999999999966e-01,2.037899999999999989e-01,-1.615969999999999906e-01,3.408470000000000111e-01,1.240659999999999957e-01,-2.942520000000000135e-01,5.518600000000000172e-01,1.600219999999999976e-01,-9.436700000000000643e-02,1.911150000000000071e-01,-4.482799999999999979e-02,-2.088730000000000031e-01,-2.702450000000000130e-01,1.259230000000000071e-01,1.000000000000000000e+00,2.011870000000000047e-01,-1.759199999999999930e-01,2.367940000000000045e-01,6.426900000000000668e-02,-1.187539999999999984e-01,-1.504590000000000094e-01,-2.340499999999999872e-02,1.285729999999999928e-01,2.533000000000000251e-01,1.381509999999999960e-01,1.523909999999999987e-01,2.656700000000000034e-02,3.809279999999999888e-01,3.708629999999999982e-01,2.944120000000000070e-01,2.325180000000000025e-01,3.019740000000000202e-01,2.488410000000000066e-01,-2.634460000000000135e-01,2.697539999999999938e-01,8.014499999999999402e-02,2.512659999999999894e-01,2.834670000000000245e-01,-1.700290000000000135e-01,1.539109999999999923e-01,-3.433120000000000061e-01,-1.858279999999999932e-01,-1.560169999999999890e-01,4.927909999999999791e-01,3.442410000000000192e-01,2.080940000000000012e-01,2.150650000000000062e-01,-7.532400000000000206e-02,3.821979999999999822e-01,-4.580900000000000249e-02,-3.894329999999999736e-01,1.834619999999999862e-01,1.302000000000000102e-01,-1.823190000000000088e-01,4.060090000000000088e-01,-2.071060000000000123e-01,-8.570000000000000144e-04,-3.998669999999999725e-01,-1.634220000000000117e-01,7.811190000000000078e-01,8.850800000000000334e-02,-3.103839999999999932e-01,3.668799999999999839e-02,1.765140000000000042e-01,-2.624250000000000194e-01,-2.516950000000000021e-01,-2.168940000000000035e-01,1.094259999999999955e-01,8.770000000000000018e-03,-1.312649999999999928e-01,1.620010000000000061e-01,5.220600000000000240e-02
-5.985800000000000148e-02,3.747899999999999843e-02,6.397789999999999866e-01,3.617000000000000076e-02,2.828570000000000251e-01,1.381350000000000078e-01,7.461900000000000477e-02,-5.958999999999999887e-03,4.791679999999999828e-01,1.264720000000000011e-01,5.217929999999999513e-01,7.714999999999999636e-02,5.189369999999999816e-01,-1.464209999999999956e-01,2.893229999999999968e-01,5.597499999999999698e-02,2.066080000000000139e-01,1.622300000000000131e-01,2.011870000000000047e-01,1.000000000000000000e+00,-1.433899999999999932e-02,6.803379999999999983e-01,5.525999999999999662e-03,3.782300000000000245e-02,7.508900000000000297e-02,-6.839599999999999846e-02,5.434569999999999679e-01,6.195709999999999829e-01,5.774759999999999893e-01,5.528049999999999908e-01,2.283109999999999862e-01,-3.352410000000000112e-01,-2.327230000000000132e-01,-2.695940000000000003e-01,-1.954369999999999996e-01,3.837800000000000239e-02,-1.325129999999999919e-01,3.390100000000000058e-02,-3.196439999999999837e-01,-1.090570000000000012e-01,-2.560450000000000226e-01,-1.801800000000000068e-01,9.364699999999999414e-02,-2.528899999999999898e-02,1.183639999999999970e-01,-1.790329999999999977e-01,-1.949599999999999944e-02,5.836660000000000181e-01,3.637000000000000042e-03,5.873369999999999980e-01,1.565930000000000100e-01,3.089830000000000076e-01,-2.648700000000000013e-02,4.759369999999999989e-01,7.013800000000000590e-02,4.847150000000000070e-01,-5.070999999999999813e-02,2.800340000000000051e-01,-6.532999999999999918e-02,3.184370000000000256e-01,4.589499999999999830e-02,1.518589999999999940e-01,1.864800000000000138e-02,3.645550000000000179e-01,8.799850000000000172e-01,-1.390419999999999989e-01,6.531639999999999668e-01,6.861799999999999844e-02,-5.619699999999999696e-02,-7.510000000000000009e-02,-1.890199999999999936e-01,5.004600000000000160e-01,5.859699999999999909e-01,4.697700000000000209e-01,5.561019999999999852e-01,1.205989999999999979e-01
