1.000000000000000000e+00,-2.901899999999999966e-02,1.077229999999999993e-01,-3.969219999999999970e-01,-1.486709999999999976e-01,-5.597300000000000192e-02,-1.419680000000000109e-01,-3.270629999999999926e-01,-5.948300000000000115e-02,-3.504100000000000270e-02,2.272550000000000125e-01,-3.106729999999999769e-01,-1.181659999999999933e-01,-1.895900000000000085e-01,4.705909999999999815e-01,5.506370000000000431e-01,1.860300000000000009e-01,1.300890000000000102e-01,2.194820000000000104e-01,4.464469999999999827e-01,5.085229999999999473e-01,5.742340000000000222e-01,3.170800000000000007e-02,1.737370000000000025e-01,2.805900000000000061e-01,1.899359999999999937e-01,1.208940000000000015e-01,4.244040000000000035e-01,5.241310000000000136e-01,2.382519999999999916e-01,6.630949999999999900e-01,3.207530000000000103e-01,3.776880000000000237e-01,3.920759999999999801e-01,2.063919999999999921e-01,-3.325629999999999975e-01,-4.308440000000000047e-01,1.239190000000000014e-01,3.361129999999999951e-01,4.149089999999999723e-01,5.309319999999999595e-01,2.005349999999999910e-01,-3.141700000000000048e-01,-5.275459999999999594e-01,-6.665100000000000191e-02,8.579320000000000279e-01,3.724180000000000268e-01,2.700339999999999963e-01,-1.508889999999999953e-01,-1.948280000000000012e-01,2.993499999999999980e-02,-1.524560000000000082e-01,-2.204170000000000018e-01,-1.634440000000000059e-01,-7.371900000000000674e-02,1.874109999999999943e-01,-1.835199999999999887e-01,3.819399999999999878e-02,-7.675400000000000278e-02,4.458039999999999781e-01,6.755719999999999503e-01,1.131459999999999966e-01,4.745409999999999906e-01,2.323500000000000010e-01,5.999940000000000273e-01,6.825930000000000053e-01,6.609920000000000240e-01,1.860870000000000024e-01,7.781200000000000616e-02,3.645399999999999752e-01,4.709420000000000273e-01,2.620700000000000252e-01,3.158469999999999889e-01,5.738910000000000400e-01,2.666649999999999854e-01,6.753280000000000394e-01
-2.901899999999999966e-02,1.000000000000000000e+00,3.968940000000000246e-01,-2.917819999999999858e-01,2.176990000000000036e-01,8.708050000000000512e-01,3.304730000000000167e-01,5.024410000000000265e-01,4.194309999999999983e-01,1.736109999999999876e-01,3.545780000000000043e-01,4.008820000000000161e-01,5.946709999999999496e-01,5.312700000000000061e-02,1.307240000000000069e-01,3.380859999999999976e-01,4.533179999999999987e-01,6.213589999999999947e-01,2.064429999999999876e-01,2.371109999999999884e-01,1.427620000000000000e-01,1.374609999999999999e-01,5.416260000000000518e-01,3.117829999999999768e-01,6.582019999999999538e-01,6.895590000000000330e-01,4.759849999999999914e-01,-2.946719999999999895e-01,2.157040000000000068e-01,-1.261670000000000014e-01,-3.230910000000000171e-01,3.400600000000000150e-02,2.351330000000000087e-01,-2.764739999999999975e-01,-3.657929999999999793e-01,2.240299999999999930e-02,-2.386250000000000038e-01,-1.568130000000000079e-01,-1.813480000000000092e-01,5.028799999999999937e-02,-4.376849999999999907e-01,-2.581709999999999838e-01,2.401500000000000162e-02,-2.358460000000000001e-01,-1.547099999999999864e-01,-2.688260000000000094e-01,1.904839999999999867e-01,3.003640000000000199e-01,-8.150000000000000300e-02,1.790499999999999869e-01,3.508669999999999844e-01,9.720900000000000374e-02,3.270419999999999994e-01,3.420039999999999747e-01,-4.751000000000000015e-03,4.373859999999999970e-01,3.386399999999999827e-02,1.528839999999999921e-01,4.704099999999999948e-02,-4.855899999999999800e-02,-3.636050000000000115e-01,-8.847000000000000697e-03,6.258999999999999807e-03,2.815599999999999770e-01,-2.132199999999999929e-01,-2.158640000000000003e-01,-2.280899999999999872e-01,2.279869999999999952e-01,1.333799999999999986e-01,2.320399999999999893e-02,4.347700000000000176e-02,-1.418600000000000069e-02,-9.817499999999999838e-02,-3.181080000000000019e-01,-1.611450000000000105e-01,-4.930240000000000178e-01
1.077229999999999993e-01,3.968940000000000246e-01,1.000000000000000000e+00,-3.041510000000000047e-01,2.260129999999999917e-01,3.641440000000000232e-01,-2.720799999999999955e-02,2.086550000000000071e-01,6.031849999999999712e-01,-1.665709999999999968e-01,7.923449999999999660e-01,5.664199999999999791e-02,1.371179999999999899e-01,3.087200000000000014e-02,2.515379999999999838e-01,3.291290000000000049e-01,1.985290000000000110e-01,3.774239999999999817e-01,4.059389999999999943e-01,2.926279999999999992e-01,8.719899999999999873e-02,2.153160000000000074e-01,2.360480000000000078e-01,9.605700000000000349e-02,3.160789999999999988e-01,2.995920000000000250e-01,4.503420000000000201e-01,3.038899999999999935e-02,1.407100000000000017e-01,7.638300000000000645e-02,-7.299999999999999545e-02,-1.401370000000000116e-01,6.884099999999999941e-02,-1.504399999999999904e-01,-2.261160000000000114e-01,7.496899999999999398e-02,-5.958299999999999708e-02,-2.942000000000000171e-01,-1.607770000000000032e-01,-6.642900000000000194e-02,-1.406270000000000020e-01,1.387200000000000100e-01,-1.165280000000000066e-01,-2.201069999999999971e-01,-1.513349999999999973e-01,-5.173799999999999927e-02,8.772199999999999442e-02,7.655509999999999815e-01,-2.174129999999999951e-01,2.589859999999999940e-01,3.105280000000000262e-01,5.540300000000000086e-02,3.251799999999999830e-02,5.011790000000000411e-01,-2.033139999999999947e-01,5.684789999999999566e-01,-1.427740000000000120e-01,6.492699999999999860e-02,-6.364000000000000212e-02,1.481240000000000057e-01,-4.559699999999999864e-02,7.439800000000000579e-02,1.184970000000000051e-01,5.331219999999999848e-01,1.796830000000000094e-01,-5.468200000000000144e-02,9.942299999999999749e-02,1.425470000000000070e-01,-1.670999999999999916e-02,2.175200000000000050e-02,5.229799999999999727e-02,1.548070000000000002e-01,1.622450000000000003e-01,-2.580000000000000002e-02,1.157910000000000050e-01,-1.498180000000000067e-01
-3.969219999999999970e-01,-2.917819999999999858e-01,-3.041510000000000047e-01,1.000000000000000000e+00,2.167070000000000107e-01,-2.145360000000000045e-01,2.905260000000000065e-01,7.347800000000000165e-02,-1.932250000000000079e-01,4.157449999999999757e-01,-4.738330000000000042e-01,1.847010000000000041e-01,-1.355999999999999914e-02,3.136869999999999936e-01,-1.567580000000000084e-01,-2.978709999999999969e-01,-7.397700000000000109e-02,-1.528420000000000056e-01,-6.123800000000000077e-02,-3.481480000000000130e-01,-2.720670000000000033e-01,-3.243369999999999864e-01,-1.516560000000000130e-01,-1.603900000000000117e-02,-2.494850000000000123e-01,-1.622399999999999953e-01,-2.546599999999999975e-01,-2.826400000000000093e-02,-3.839179999999999815e-01,-8.606600000000000361e-02,1.001739999999999992e-01,1.024800000000000016e-01,-2.024489999999999901e-01,1.252699999999999925e-01,1.321589999999999987e-01,1.741810000000000025e-01,6.612329999999999597e-01,1.897340000000000138e-01,2.236300000000000093e-02,-1.297719999999999985e-01,-1.000000000000000021e-02,3.579700000000000243e-02,3.852070000000000216e-01,5.456889999999999796e-01,3.830189999999999984e-01,-3.739379999999999926e-01,-2.752959999999999852e-01,-2.244950000000000001e-01,3.897490000000000121e-01,1.978050000000000086e-01,-2.108889999999999931e-01,3.630769999999999831e-01,1.093110000000000054e-01,-4.719700000000000284e-02,3.870919999999999916e-01,-3.473910000000000053e-01,3.672989999999999866e-01,-7.877000000000000321e-03,2.235790000000000000e-01,-1.087810000000000027e-01,-2.133750000000000091e-01,-2.133300000000000127e-02,-2.653110000000000190e-01,-2.396669999999999912e-01,-3.189879999999999938e-01,-2.611999999999999877e-01,-3.629390000000000116e-01,-1.917030000000000123e-01,-2.700000000000000143e-03,-1.540279999999999982e-01,-1.298980000000000135e-01,-2.031449999999999922e-01,-1.606420000000000070e-01,-2.251970000000000083e-01,-2.069300000000000028e-01,-7.118900000000000228e-02
-1.486709999999999976e-01,2.176990000000000036e-01,2.260129999999999917e-01,2.167070000000000107e-01,1.000000000000000000e+00,3.013219999999999787e-01,5.386440000000000117e-01,3.339489999999999958e-01,4.273179999999999756e-01,3.484090000000000242e-01,3.225979999999999959e-01,1.853380000000000027e-01,2.704050000000000065e-01,2.258330000000000060e-01,1.705579999999999874e-01,-1.155869999999999953e-01,9.167300000000000448e-02,5.220500000000000140e-02,1.452630000000000032e-01,1.021999999999999992e-02,-2.319600000000000134e-02,-1.021839999999999971e-01,2.252000000000000113e-01,1.139519999999999977e-01,1.604810000000000125e-01,1.456530000000000047e-01,3.535320000000000129e-01,-1.710339999999999916e-01,-7.740600000000000258e-02,-1.471889999999999865e-01,-1.515849999999999975e-01,-9.433199999999999918e-02,-2.426100000000000131e-02,-1.679019999999999957e-01,-2.603099999999999858e-02,1.393749999999999989e-01,1.351430000000000131e-01,1.609140000000000015e-01,-3.595249999999999835e-01,-8.417499999999999982e-02,-2.802529999999999744e-01,-1.506190000000000029e-01,3.521250000000000213e-01,8.772599999999999842e-02,1.997859999999999914e-01,-3.503140000000000143e-01,-6.173800000000000121e-02,1.757340000000000013e-01,1.452620000000000022e-01,6.521639999999999660e-01,1.098579999999999973e-01,4.298029999999999906e-01,2.886170000000000124e-01,4.554500000000000215e-01,2.420970000000000066e-01,2.700230000000000130e-01,1.776760000000000006e-01,3.873200000000000254e-02,3.219600000000000239e-01,7.409699999999999620e-02,-2.352859999999999951e-01,-2.057940000000000047e-01,-3.554269999999999929e-01,5.386400000000000216e-02,-1.385029999999999872e-01,-2.500519999999999965e-01,-2.422970000000000124e-01,8.007100000000000328e-02,8.948899999999999910e-02,-8.357299999999999451e-02,-1.218230000000000007e-01,1.700579999999999870e-01,-1.187909999999999938e-01,-2.551720000000000099e-01,-2.047360000000000013e-01,-2.684650000000000092e-01
-5.597300000000000192e-02,8.708050000000000512e-01,3.641440000000000232e-01,-2.145360000000000045e-01,3.013219999999999787e-01,1.000000000000000000e+00,3.771950000000000025e-01,6.368139999999999912e-01,4.459969999999999768e-01,2.035079999999999945e-01,3.284759999999999902e-01,4.568909999999999916e-01,6.212609999999999522e-01,9.546300000000000618e-02,1.596309999999999951e-01,2.487820000000000031e-01,3.175339999999999829e-01,5.593770000000000131e-01,1.856839999999999880e-01,2.928060000000000107e-01,2.504770000000000052e-01,1.631380000000000052e-01,7.049339999999999495e-01,3.966529999999999778e-01,6.150569999999999649e-01,5.740269999999999539e-01,5.351669999999999483e-01,-3.163090000000000068e-01,2.664409999999999834e-01,-1.276440000000000075e-01,-3.313200000000000034e-01,-1.523500000000000028e-02,1.313090000000000090e-01,-3.032360000000000055e-01,-4.045210000000000194e-01,8.867300000000000182e-02,-1.862610000000000099e-01,-2.627499999999999974e-02,-2.378639999999999921e-01,2.148000000000000170e-03,-4.289510000000000267e-01,-1.990530000000000077e-01,1.623739999999999906e-01,-1.905300000000000049e-01,-8.890000000000000333e-03,-2.678820000000000090e-01,2.509770000000000056e-01,3.233840000000000048e-01,-1.083220000000000016e-01,2.174329999999999874e-01,5.700190000000000534e-01,1.227970000000000034e-01,5.044459999999999500e-01,3.740550000000000264e-01,1.044680000000000053e-01,3.723670000000000035e-01,1.320290000000000075e-01,2.260850000000000082e-01,8.108300000000000229e-02,-5.370300000000000074e-02,-3.785839999999999761e-01,-1.490999999999999964e-02,-2.730099999999999888e-02,2.600459999999999994e-01,-1.435889999999999944e-01,-1.348999999999999921e-01,-1.873589999999999978e-01,4.403920000000000057e-01,2.145410000000000095e-01,3.540399999999999797e-02,4.784299999999999664e-02,1.186689999999999967e-01,-8.685999999999999277e-03,-2.797080000000000122e-01,-1.879629999999999912e-01,-4.761650000000000049e-01
-1.419680000000000109e-01,3.304730000000000167e-01,-2.720799999999999955e-02,2.905260000000000065e-01,5.386440000000000117e-01,3.771950000000000025e-01,1.000000000000000000e+00,1.949579999999999924e-01,1.355089999999999906e-01,6.896569999999999645e-01,-5.163100000000000328e-02,1.575809999999999989e-01,6.092130000000000045e-01,-5.589100000000000318e-02,1.069149999999999961e-01,1.287850000000000106e-01,1.501119999999999954e-01,3.757539999999999769e-01,2.958089999999999886e-01,-2.813749999999999862e-01,7.957699999999999496e-02,-2.608719999999999928e-01,9.813600000000000101e-02,1.919600000000000126e-02,5.048939999999999539e-01,2.987710000000000088e-01,3.239360000000000017e-01,-1.033509999999999984e-01,3.252399999999999736e-02,-3.176829999999999932e-01,-8.299099999999999533e-02,1.498950000000000005e-01,3.625400000000000150e-02,-1.565570000000000017e-01,-2.593600000000000072e-02,-1.596619999999999984e-01,9.548700000000000243e-02,1.382980000000000043e-01,-2.149999999999999967e-01,-8.457399999999999640e-02,-2.673189999999999733e-01,-2.733030000000000181e-01,6.140099999999999725e-02,-4.163200000000000234e-02,1.879679999999999962e-01,-2.915510000000000046e-01,1.541359999999999952e-01,4.667500000000000121e-02,9.983200000000000407e-02,2.917569999999999886e-01,1.607089999999999907e-01,6.263659999999999783e-01,1.797020000000000006e-01,2.481780000000000097e-01,4.945300000000000251e-01,1.925320000000000087e-01,2.269490000000000118e-01,2.711430000000000229e-01,1.178270000000000012e-01,5.493699999999999972e-02,-1.781800000000000050e-02,1.323550000000000004e-01,1.605799999999999936e-02,8.971099999999999908e-02,-3.066249999999999809e-01,-2.588210000000000233e-01,-3.824670000000000014e-01,-8.301699999999999358e-02,5.727000000000000320e-03,3.302970000000000073e-01,4.571499999999999869e-02,1.568650000000000044e-01,-1.165970000000000062e-01,-6.863600000000000256e-02,-3.132179999999999964e-01,-1.936690000000000078e-01
-3.270629999999999926e-01,5.024410000000000265e-01,2.086550000000000071e-01,7.347800000000000165e-02,3.339489999999999958e-01,6.368139999999999912e-01,1.949579999999999924e-01,1.000000000000000000e+00,2.338570000000000093e-01,2.157930000000000126e-01,1.739410000000000123e-01,7.414479999999999960e-01,2.692919999999999758e-01,3.991540000000000088e-01,-1.078499999999999945e-02,-2.140180000000000138e-01,1.537370000000000125e-01,1.739410000000000123e-01,1.577850000000000086e-01,1.858000000000000059e-03,1.182129999999999986e-01,-1.380869999999999875e-01,8.096210000000000351e-01,5.147319999999999673e-01,5.228499999999999814e-02,3.415420000000000122e-01,1.858879999999999977e-01,-5.070810000000000040e-01,-2.253840000000000010e-01,-1.275199999999999945e-01,-4.944760000000000266e-01,-2.824700000000000127e-02,-8.031900000000000150e-02,-4.494670000000000054e-01,-4.083890000000000020e-01,2.686899999999999844e-01,6.780400000000000316e-02,6.893399999999999528e-02,-1.826369999999999938e-01,-1.529320000000000124e-01,-5.351120000000000321e-01,-2.540149999999999908e-01,4.212339999999999973e-01,7.143499999999999850e-02,3.613500000000000045e-02,-4.971389999999999976e-01,-1.263589999999999991e-01,1.520920000000000050e-01,6.597200000000000286e-02,3.434300000000000130e-01,3.647929999999999784e-01,1.026029999999999998e-01,8.632809999999999651e-01,2.842870000000000119e-01,1.378350000000000131e-01,2.128460000000000074e-01,3.132590000000000097e-01,4.175600000000000145e-02,3.486500000000000155e-01,-1.295439999999999925e-01,-6.548920000000000297e-01,-2.270050000000000123e-01,-3.647320000000000007e-01,2.068750000000000033e-01,-3.509249999999999869e-01,-2.337190000000000101e-01,-4.397750000000000270e-01,5.869229999999999725e-01,3.530030000000000112e-01,-4.151250000000000218e-01,-1.182150000000000006e-01,-7.337499999999999578e-02,-1.316350000000000020e-01,-5.691469999999999585e-01,-1.856119999999999992e-01,-5.850790000000000157e-01
-5.948300000000000115e-02,4.194309999999999983e-01,6.031849999999999712e-01,-1.932250000000000079e-01,4.273179999999999756e-01,4.459969999999999768e-01,1.355089999999999906e-01,2.338570000000000093e-01,1.000000000000000000e+00,-1.260779999999999956e-01,5.340160000000000462e-01,9.919600000000000639e-02,2.374169999999999892e-01,-6.223200000000000259e-02,3.130390000000000117e-01,6.990799999999999792e-02,1.791079999999999894e-01,2.188430000000000097e-01,4.399399999999999838e-02,3.784089999999999954e-01,-1.494700000000000022e-02,1.503079999999999972e-01,1.660820000000000074e-01,1.452140000000000097e-01,3.439619999999999900e-01,4.566839999999999788e-01,5.205910000000000259e-01,-1.400929999999999953e-01,4.765000000000000138e-03,-4.753299999999999886e-02,-2.445340000000000014e-01,-4.504179999999999851e-01,-4.661699999999999872e-02,-2.288769999999999971e-01,-3.199969999999999759e-01,-2.134399999999999839e-02,-1.589959999999999984e-01,-3.093810000000000171e-01,-5.202069999999999750e-01,-1.540809999999999957e-01,-2.235850000000000060e-01,-1.132289999999999963e-01,6.010999999999999677e-02,-3.154599999999999765e-02,-1.476149999999999962e-01,-2.399729999999999919e-01,8.805999999999999939e-02,3.613580000000000125e-01,-4.187699999999999756e-02,6.137610000000000010e-01,3.778130000000000099e-01,1.552310000000000079e-01,8.518000000000000571e-02,8.203510000000000524e-01,-1.986439999999999872e-01,4.657009999999999761e-01,-1.914000000000000076e-02,1.528329999999999966e-01,1.480099999999999992e-02,1.780039999999999956e-01,-2.431429999999999980e-01,-1.490499999999999985e-02,-7.681000000000000327e-02,6.588499999999999912e-02,1.646440000000000126e-01,-2.214150000000000007e-01,2.925399999999999875e-02,1.847000000000000031e-02,2.812900000000000122e-02,5.360199999999999687e-02,1.033860000000000057e-01,2.181200000000000083e-01,-3.916800000000000143e-02,-1.578189999999999871e-01,-1.509379999999999888e-01,-3.458809999999999940e-01
-3.504100000000000270e-02,1.736109999999999876e-01,-1.665709999999999968e-01,4.157449999999999757e-01,3.484090000000000242e-01,2.035079999999999945e-01,6.896569999999999645e-01,2.157930000000000126e-01,-1.260779999999999956e-01,1.000000000000000000e+00,-2.403240000000000098e-01,3.787249999999999783e-01,4.962039999999999784e-01,5.622900000000000120e-02,-7.527499999999999469e-02,1.491600000000000044e-02,3.288719999999999977e-01,3.204710000000000059e-01,2.361520000000000008e-01,-3.627239999999999909e-01,4.558100000000000346e-02,-2.907699999999999729e-01,9.931600000000000150e-02,3.086229999999999807e-01,3.736590000000000189e-01,2.484580000000000122e-01,-1.169359999999999983e-01,-5.607600000000000084e-02,-1.407869999999999955e-01,-7.746200000000000307e-02,6.014100000000000001e-02,2.498940000000000050e-01,1.850940000000000085e-01,1.082600000000000055e-02,1.313719999999999888e-01,-3.291069999999999829e-01,2.258500000000000091e-02,5.014939999999999953e-01,-7.577899999999999914e-02,5.805099999999999844e-02,-1.047870000000000051e-01,-3.648359999999999936e-01,1.471510000000000040e-01,-1.184619999999999979e-01,3.457640000000000158e-01,-1.262109999999999899e-01,6.905600000000000627e-02,-5.729299999999999671e-02,3.876959999999999851e-01,8.729000000000000647e-02,-2.613800000000000151e-02,2.983060000000000156e-01,2.998089999999999922e-01,4.858500000000000318e-02,6.491559999999999553e-01,-5.291900000000000076e-02,3.138920000000000043e-01,1.936599999999999988e-01,1.803319999999999923e-01,-5.929000000000000242e-02,-1.327700000000000061e-02,1.796040000000000136e-01,1.197999999999999933e-02,-4.964999999999999795e-03,-4.516390000000000127e-01,-1.268990000000000118e-01,-3.895230000000000081e-01,-5.616000000000000159e-02,2.398929999999999951e-01,2.820070000000000077e-01,9.250700000000000589e-02,-1.923630000000000062e-01,-1.140820000000000028e-01,-2.051759999999999973e-01,-2.408730000000000038e-01,-8.883099999999999330e-02
2.272550000000000125e-01,3.545780000000000043e-01,7.923449999999999660e-01,-4.738330000000000042e-01,3.225979999999999959e-01,3.284759999999999902e-01,-5.163100000000000328e-02,1.739410000000000123e-01,5.340160000000000462e-01,-2.403240000000000098e-01,1.000000000000000000e+00,-7.965999999999999470e-02,1.975299999999999973e-02,1.054480000000000001e-01,2.614139999999999797e-01,2.985829999999999873e-01,1.392059999999999964e-01,2.651979999999999893e-01,5.044079999999999675e-01,3.687739999999999907e-01,1.074729999999999991e-01,2.997679999999999789e-01,2.321539999999999992e-01,-1.807500000000000079e-02,3.116410000000000013e-01,1.904309999999999892e-01,5.141189999999999927e-01,8.533499999999999419e-02,2.750219999999999887e-01,1.635409999999999919e-01,-2.415700000000000139e-02,-9.727299999999999836e-02,1.382579999999999920e-01,-1.828410000000000035e-01,-2.223660000000000081e-01,9.777099999999999680e-02,-2.746460000000000012e-01,-2.904970000000000052e-01,-8.089599999999999569e-02,2.652999999999999976e-03,-1.377939999999999998e-01,2.184200000000000030e-02,-1.715280000000000138e-01,-3.235370000000000190e-01,-2.854840000000000155e-01,5.041099999999999748e-02,1.052590000000000053e-01,7.086919999999999886e-01,-2.020319999999999894e-01,2.669360000000000066e-01,2.012649999999999995e-01,2.289000000000000062e-02,2.831900000000000042e-02,3.919619999999999771e-01,-3.981299999999999839e-01,7.288909999999999556e-01,-3.457390000000000185e-01,-1.025049999999999989e-01,1.149200000000000048e-02,1.459499999999999964e-01,4.726400000000000046e-02,-1.573930000000000051e-01,2.119199999999999903e-02,6.872829999999999773e-01,2.740639999999999743e-01,7.856999999999999401e-03,2.349719999999999864e-01,2.000419999999999976e-01,-1.304919999999999969e-01,6.199999999999999782e-03,-2.253499999999999948e-02,2.651789999999999980e-01,1.282050000000000134e-01,4.336600000000000177e-02,2.149230000000000029e-01,-4.954800000000000176e-02
-3.106729999999999769e-01,4.008820000000000161e-01,5.664199999999999791e-02,1.847010000000000041e-01,1.853380000000000027e-01,4.568909999999999916e-01,1.575809999999999989e-01,7.414479999999999960e-01,9.919600000000000639e-02,3.787249999999999783e-01,-7.965999999999999470e-02,1.000000000000000000e+00,3.943550000000000111e-01,2.306179999999999897e-01,-3.101500000000000090e-02,-3.476980000000000071e-01,3.308170000000000277e-01,9.188899999999999846e-02,-2.023600000000000051e-02,-1.464880000000000071e-01,1.824800000000000033e-02,-2.563130000000000130e-01,6.356509999999999661e-01,7.125460000000000127e-01,-4.411099999999999743e-02,4.455910000000000148e-01,-9.384800000000000086e-02,-3.840020000000000100e-01,-4.451220000000000176e-01,-6.490000000000000109e-03,-4.413400000000000101e-01,-1.448190000000000033e-01,3.227399999999999713e-02,-1.516689999999999983e-01,-1.913769999999999916e-01,1.206139999999999990e-01,9.483600000000000363e-02,3.896249999999999991e-01,-2.138569999999999915e-01,1.651800000000000143e-02,-2.797270000000000034e-01,-1.980179999999999996e-01,4.418670000000000098e-01,8.827200000000000324e-02,2.751160000000000272e-01,-3.921450000000000213e-01,-2.116969999999999963e-01,8.013499999999999790e-02,1.846689999999999998e-01,2.270449999999999968e-01,1.856849999999999890e-01,-1.650599999999999984e-02,7.187689999999999912e-01,2.469480000000000008e-01,3.622199999999999864e-01,1.292139999999999955e-01,6.353940000000000143e-01,2.322029999999999927e-01,2.075140000000000040e-01,-1.317480000000000040e-01,-6.391679999999999584e-01,-2.125300000000000106e-02,-3.056949999999999945e-01,-3.223000000000000170e-03,-4.030619999999999759e-01,-2.456470000000000042e-01,-4.198890000000000122e-01,4.226349999999999829e-01,6.034080000000000554e-01,-4.100630000000000108e-01,-4.099000000000000213e-03,-2.655080000000000218e-01,-1.957199999999999912e-02,-5.868689999999999740e-01,-7.731000000000000372e-02,-5.196739999999999693e-01
-1.181659999999999933e-01,5.946709999999999496e-01,1.371179999999999899e-01,-1.355999999999999914e-02,2.704050000000000065e-01,6.212609999999999522e-01,6.092130000000000045e-01,2.692919999999999758e-01,2.374169999999999892e-01,4.962039999999999784e-01,1.975299999999999973e-02,3.943550000000000111e-01,1.000000000000000000e+00,-1.224989999999999968e-01,2.124250000000000027e-01,1.647820000000000118e-01,5.829609999999999514e-01,5.620739999999999625e-01,8.168599999999999473e-02,-8.917899999999999439e-02,2.981210000000000249e-01,-1.713320000000000121e-01,3.417560000000000042e-01,2.591479999999999895e-01,5.252310000000000034e-01,5.486919999999999575e-01,2.549480000000000079e-01,8.214399999999999480e-02,8.336300000000000654e-02,-9.479700000000000626e-02,-1.664879999999999971e-01,-2.638800000000000173e-02,1.725549999999999862e-01,-1.462289999999999979e-01,-1.826230000000000075e-01,-1.694690000000000085e-01,-8.544999999999999818e-02,1.989070000000000005e-01,-2.919220000000000148e-01,-4.725700000000000039e-02,-2.296600000000000030e-01,-3.185549999999999771e-01,3.668999999999999952e-03,-1.412059999999999982e-01,2.175140000000000129e-01,-1.572830000000000061e-01,2.261960000000000082e-01,1.741679999999999895e-01,2.250399999999999970e-02,9.008399999999999741e-02,3.740890000000000049e-01,1.590620000000000089e-01,2.893789999999999973e-01,2.940440000000000276e-01,4.732910000000000172e-01,2.525370000000000115e-01,3.495829999999999771e-01,5.503879999999999884e-01,-3.992500000000000215e-02,1.441290000000000071e-01,-1.156510000000000038e-01,4.380979999999999874e-01,2.714719999999999911e-01,-2.018999999999999961e-03,-2.939390000000000058e-01,-6.134699999999999875e-02,-3.079910000000000148e-01,1.576720000000000066e-01,2.680859999999999910e-01,2.655859999999999888e-01,2.293219999999999981e-01,5.029499999999999943e-02,1.829689999999999928e-01,-8.609899999999999498e-02,-1.624780000000000113e-01,-2.536559999999999926e-01
-1.895900000000000085e-01,5.312700000000000061e-02,3.087200000000000014e-02,3.136869999999999936e-01,2.258330000000000060e-01,9.546300000000000618e-02,-5.589100000000000318e-02,3.991540000000000088e-01,-6.223200000000000259e-02,5.622900000000000120e-02,1.054480000000000001e-01,2.306179999999999897e-01,-1.224989999999999968e-01,1.000000000000000000e+00,-1.280999999999999917e-01,-2.320669999999999955e-01,-1.224920000000000037e-01,-2.228729999999999878e-01,2.189689999999999970e-01,-5.235900000000000276e-02,-1.304170000000000051e-01,-5.185399999999999732e-02,2.167499999999999982e-01,1.771439999999999959e-01,-1.728689999999999949e-01,-1.428730000000000000e-01,7.537000000000000297e-03,8.578000000000000555e-03,-1.689090000000000036e-01,2.247069999999999901e-01,-1.980000000000000163e-02,-5.779999999999999548e-04,-1.689340000000000008e-01,-2.529609999999999914e-01,-5.597400000000000292e-02,3.646070000000000144e-01,1.144300000000000039e-01,8.885999999999999802e-03,2.180860000000000021e-01,-3.248999999999999805e-02,-2.643119999999999914e-01,-2.151499999999999940e-02,3.269020000000000259e-01,2.037229999999999874e-01,-2.157699999999999896e-02,-2.085859999999999936e-01,-1.872560000000000058e-01,-2.881399999999999934e-02,3.412910000000000110e-01,2.141699999999999993e-01,-1.000749999999999973e-01,4.955500000000000183e-02,3.508080000000000087e-01,-4.907500000000000057e-02,-7.427400000000000668e-02,6.675899999999999890e-02,2.820800000000000043e-02,-9.810099999999999376e-02,5.293080000000000007e-01,-2.046870000000000078e-01,-2.444610000000000116e-01,-2.920300000000000118e-01,-3.137030000000000096e-01,1.876460000000000072e-01,-1.241980000000000028e-01,-1.285000000000000031e-01,-1.635870000000000102e-01,1.200500000000000039e-01,9.285899999999999710e-02,-3.194009999999999905e-01,-2.216889999999999972e-01,-1.547729999999999939e-01,-7.659000000000000009e-03,-2.793430000000000080e-01,1.558789999999999898e-01,-1.294019999999999893e-01
4.705909999999999815e-01,1.307240000000000069e-01,2.515379999999999838e-01,-1.567580000000000084e-01,1.705579999999999874e-01,1.596309999999999951e-01,1.069149999999999961e-01,-1.078499999999999945e-02,3.130390000000000117e-01,-7.527499999999999469e-02,2.614139999999999797e-01,-3.101500000000000090e-02,2.124250000000000027e-01,-1.280999999999999917e-01,1.000000000000000000e+00,2.583799999999999986e-01,2.016779999999999962e-01,9.702399999999999913e-02,1.959100000000000077e-02,4.174320000000000253e-01,5.610509999999999664e-01,3.256809999999999983e-01,2.930479999999999752e-01,1.415919999999999956e-01,1.598380000000000078e-01,4.345390000000000086e-01,4.903890000000000193e-01,2.257349999999999912e-01,2.463309999999999944e-01,8.605400000000000549e-02,2.910300000000000109e-01,2.622000000000000199e-03,2.297480000000000078e-01,2.887219999999999787e-01,-3.281900000000000095e-02,-3.015360000000000262e-01,-2.197020000000000084e-01,5.279199999999999865e-02,-1.150759999999999977e-01,1.877270000000000050e-01,3.619689999999999852e-01,7.511400000000000021e-02,-2.152070000000000094e-01,-2.743280000000000163e-01,2.391499999999999876e-02,2.962400000000000033e-01,2.935070000000000179e-01,4.205639999999999934e-01,-1.926309999999999967e-01,2.611640000000000073e-01,3.216999999999999860e-01,1.035189999999999999e-01,1.078660000000000035e-01,3.145800000000000263e-01,3.534600000000000242e-02,4.093979999999999841e-01,2.193239999999999912e-01,3.083139999999999770e-01,2.270300000000000096e-02,9.076400000000000023e-01,3.306399999999999895e-01,1.212469999999999937e-01,2.439669999999999894e-01,1.926399999999999987e-02,4.653289999999999926e-01,4.796179999999999888e-01,3.585269999999999846e-01,3.810370000000000146e-01,1.118080000000000046e-01,1.293559999999999988e-01,4.984540000000000082e-01,5.999020000000000463e-01,3.699910000000000143e-01,4.554989999999999872e-01,1.063650000000000012e-01,2.997239999999999904e-01
5.506370000000000431e-01,3.380859999999999976e-01,3.291290000000000049e-01,-2.978709999999999969e-01,-1.155869999999999953e-01,2.487820000000000031e-01,1.287850000000000106e-01,-2.140180000000000138e-01,6.990799999999999792e-02,1.491600000000000044e-02,2.985829999999999873e-01,-3.476980000000000071e-01,1.647820000000000118e-01,-2.320669999999999955e-01,2.583799999999999986e-01,1.000000000000000000e+00,3.185810000000000031e-01,7.282680000000000264e-01,4.041969999999999730e-01,3.388829999999999898e-01,3.139520000000000088e-01,4.692279999999999784e-01,2.695000000000000173e-02,-1.026620000000000033e-01,5.980440000000000200e-01,3.648199999999999776e-01,3.234279999999999933e-01,2.749670000000000170e-01,6.636300000000000532e-01,4.386600000000000221e-02,4.519650000000000056e-01,4.208319999999999839e-01,2.575390000000000179e-01,2.270280000000000076e-01,6.227699999999999902e-02,-2.076590000000000102e-01,-1.514929999999999888e-01,-1.151250000000000051e-01,2.031669999999999865e-01,1.382339999999999958e-01,1.433419999999999972e-01,1.406139999999999890e-01,-4.593160000000000021e-01,-3.239879999999999982e-01,1.545799999999999952e-02,3.977709999999999857e-01,3.874380000000000046e-01,3.291819999999999746e-01,-2.931289999999999729e-01,-3.109489999999999754e-01,1.869820000000000093e-01,8.917200000000000126e-02,-2.757310000000000039e-01,-7.208799999999999930e-02,9.705000000000000085e-03,1.950159999999999949e-01,-1.910310000000000064e-01,4.827100000000000141e-02,-2.660819999999999852e-01,2.225679999999999881e-01,5.083579999999999766e-01,2.368649999999999922e-01,5.769140000000000379e-01,4.055659999999999821e-01,2.733240000000000114e-01,3.239429999999999810e-01,2.976489999999999969e-01,2.257800000000000085e-02,-1.840859999999999996e-01,4.803649999999999864e-01,3.058580000000000187e-01,2.000810000000000088e-01,1.877010000000000067e-01,4.447650000000000214e-01,3.476699999999999929e-02,3.481469999999999843e-01
1.860300000000000009e-01,4.533179999999999987e-01,1.985290000000000110e-01,-7.397700000000000109e-02,9.167300000000000448e-02,3.175339999999999829e-01,1.501119999999999954e-01,1.537370000000000125e-01,1.791079999999999894e-01,3.288719999999999977e-01,1.392059999999999964e-01,3.308170000000000277e-01,5.829609999999999514e-01,-1.224920000000000037e-01,2.016779999999999962e-01,3.185810000000000031e-01,1.000000000000000000e+00,5.177559999999999940e-01,9.366399999999999726e-02,1.371140000000000136e-01,2.447290000000000021e-01,9.493899999999999562e-02,2.848060000000000036e-01,4.449440000000000062e-01,2.871440000000000103e-01,6.147949999999999804e-01,-1.211199999999999950e-02,1.738079999999999903e-01,1.140639999999999987e-01,2.206309999999999938e-01,3.261499999999999816e-02,-1.078699999999999971e-02,3.844279999999999919e-01,6.813700000000000312e-02,-8.368200000000000638e-02,-1.214019999999999960e-01,-1.397049999999999959e-01,2.369249999999999967e-01,-9.462900000000000478e-02,1.443240000000000078e-01,-2.387900000000000092e-02,-2.190560000000000007e-01,-4.339500000000000302e-02,-1.367720000000000047e-01,2.450279999999999958e-01,1.148269999999999985e-01,1.609810000000000130e-01,2.220989999999999909e-01,4.662999999999999784e-02,-3.944899999999999796e-02,1.135690000000000033e-01,-1.334529999999999883e-01,2.070379999999999998e-01,1.210139999999999966e-01,3.962669999999999804e-01,2.095150000000000068e-01,2.964260000000000228e-01,2.882660000000000222e-01,-2.010400000000000034e-02,1.861559999999999881e-01,-3.320000000000000034e-02,3.845199999999999729e-01,2.775270000000000237e-01,7.877099999999999380e-02,-1.290590000000000070e-01,1.273150000000000115e-01,-5.455900000000000333e-02,1.987760000000000082e-01,4.622609999999999775e-01,9.463100000000000678e-02,3.339230000000000254e-01,-8.560399999999999954e-02,2.606580000000000008e-01,-6.517599999999999782e-02,1.147510000000000058e-01,-7.522500000000000020e-02
1.300890000000000102e-01,6.213589999999999947e-01,3.774239999999999817e-01,-1.528420000000000056e-01,5.220500000000000140e-02,5.593770000000000131e-01,3.757539999999999769e-01,1.739410000000000123e-01,2.188430000000000097e-01,3.204710000000000059e-01,2.651979999999999893e-01,9.188899999999999846e-02,5.620739999999999625e-01,-2.228729999999999878e-01,9.702399999999999913e-02,7.282680000000000264e-01,5.177559999999999940e-01,1.000000000000000000e+00,3.988619999999999943e-01,1.403270000000000073e-01,2.292180000000000051e-01,1.844270000000000076e-01,2.055750000000000077e-01,1.205650000000000055e-01,7.218689999999999829e-01,5.240139999999999798e-01,2.522840000000000082e-01,-1.933000000000000039e-03,4.175139999999999962e-01,-1.866900000000000157e-02,7.884499999999999842e-02,3.274810000000000221e-01,1.641009999999999969e-01,-6.007500000000000340e-02,-1.689670000000000061e-01,-2.005240000000000078e-01,-5.807099999999999762e-02,5.360000000000000181e-04,-6.262000000000000205e-03,-6.652500000000000080e-02,-1.709710000000000119e-01,-1.371010000000000006e-01,-2.191740000000000077e-01,-1.981030000000000013e-01,1.696169999999999900e-01,3.278000000000000098e-03,2.488110000000000044e-01,3.116369999999999973e-01,-1.054029999999999967e-01,-1.431020000000000070e-01,2.755690000000000084e-01,1.085430000000000006e-01,5.033200000000000174e-02,1.647150000000000003e-01,2.289400000000000046e-01,2.482789999999999997e-01,3.161100000000000021e-02,1.896579999999999933e-01,-1.952800000000000091e-01,5.036800000000000305e-02,7.937199999999999811e-02,3.274000000000000243e-01,4.629400000000000182e-01,3.874619999999999731e-01,-1.402539999999999898e-01,2.944300000000000042e-02,-1.149619999999999947e-01,3.426400000000000279e-02,3.507300000000000001e-02,3.922160000000000091e-01,1.982269999999999865e-01,-5.432499999999999829e-02,1.001019999999999965e-01,6.801899999999999613e-02,-1.628360000000000085e-01,-8.515200000000000546e-02
2.194820000000000104e-01,2.064429999999999876e-01,4.059389999999999943e-01,-6.123800000000000077e-02,1.452630000000000032e-01,1.856839999999999880e-01,2.958089999999999886e-01,1.577850000000000086e-01,4.399399999999999838e-02,2.361520000000000008e-01,5.044079999999999675e-01,-2.023600000000000051e-02,8.168599999999999473e-02,2.189689999999999970e-01,1.959100000000000077e-02,4.041969999999999730e-01,9.366399999999999726e-02,3.988619999999999943e-01,1.000000000000000000e+00,-2.599699999999999928e-02,8.512200000000000322e-02,8.385399999999999798e-02,7.981699999999999906e-02,7.585300000000000376e-02,4.474529999999999896e-01,9.985900000000000332e-02,1.627629999999999910e-01,8.645300000000000207e-02,2.337760000000000116e-01,1.048629999999999979e-01,2.140330000000000010e-01,4.172969999999999735e-01,2.253499999999999948e-02,-2.009070000000000022e-01,-1.808299999999999907e-01,-7.964400000000000646e-02,-4.739199999999999663e-02,-1.254329999999999889e-01,4.246779999999999999e-01,2.071399999999999977e-02,-1.747569999999999957e-01,-1.113600000000000007e-02,-1.524369999999999892e-01,-2.727539999999999965e-01,-6.174000000000000321e-02,1.250719999999999887e-01,2.183140000000000081e-01,4.160170000000000257e-01,1.974819999999999909e-01,-3.856600000000000306e-02,5.850899999999999851e-02,2.971500000000000252e-01,1.050930000000000059e-01,-4.877100000000000185e-02,-3.866000000000000079e-03,5.486830000000000318e-01,-1.377430000000000043e-01,1.970799999999999982e-02,1.232619999999999966e-01,7.174700000000000522e-02,2.116490000000000038e-01,7.635899999999999632e-02,2.485479999999999912e-01,8.811480000000000423e-01,2.728799999999999976e-02,6.581099999999999450e-02,-1.010199999999999987e-02,5.927400000000000030e-02,-3.278000000000000098e-03,3.395719999999999850e-01,1.495779999999999887e-01,1.272299999999999993e-02,-2.733400000000000066e-02,1.355600000000000138e-01,6.468500000000000638e-02,9.910199999999999565e-02
4.464469999999999827e-01,2.371109999999999884e-01,2.926279999999999992e-01,-3.481480000000000130e-01,1.021999999999999992e-02,2.928060000000000107e-01,-2.813749999999999862e-01,1.858000000000000059e-03,3.784089999999999954e-01,-3.627239999999999909e-01,3.687739999999999907e-01,-1.464880000000000071e-01,-8.917899999999999439e-02,-5.235900000000000276e-02,4.174320000000000253e-01,3.388829999999999898e-01,1.371140000000000136e-01,1.403270000000000073e-01,-2.599699999999999928e-02,1.000000000000000000e+00,1.495879999999999987e-01,8.868690000000000184e-01,1.860549999999999982e-01,1.149899999999999950e-01,2.070170000000000066e-01,1.351050000000000029e-01,4.724709999999999743e-01,1.878700000000000092e-01,6.807900000000000063e-01,4.441599999999999993e-01,2.724199999999999955e-01,-2.957999999999999866e-02,3.102619999999999822e-01,1.961029999999999995e-01,-1.527300000000000046e-01,8.003399999999999403e-02,-3.295219999999999816e-01,-1.438580000000000136e-01,-8.748999999999999833e-03,1.464739999999999931e-01,2.603889999999999816e-01,3.096760000000000068e-01,-7.555000000000000604e-02,-2.013510000000000022e-01,-1.667720000000000036e-01,3.151780000000000137e-01,5.816099999999999742e-02,1.409870000000000012e-01,-2.394350000000000089e-01,1.991999999999999847e-03,1.127539999999999931e-01,-3.902070000000000261e-01,-5.550399999999999778e-02,3.437099999999999878e-02,-3.488180000000000169e-01,1.337800000000000100e-01,-2.148720000000000074e-01,-2.197209999999999996e-01,-9.214100000000000068e-02,2.613240000000000007e-01,1.039759999999999990e-01,-2.199689999999999979e-01,3.054899999999999977e-02,1.312530000000000086e-01,7.189389999999999947e-01,2.998330000000000162e-01,7.028429999999999955e-01,2.286680000000000101e-01,2.336500000000000035e-02,-7.862500000000000044e-02,5.984400000000000136e-02,2.200259999999999994e-01,3.033810000000000118e-01,2.260830000000000062e-01,3.826339999999999741e-01,2.189929999999999932e-01
