1.000000000000000000e+00,-1.029019999999999935e-01,4.171449999999999880e-01,-1.558360000000000023e-01,2.595199999999999937e-02,-1.777100000000000068e-01,-5.028999999999999616e-03,-1.160459999999999964e-01,1.180680000000000063e-01,-3.637009999999999965e-01,1.600000000000000131e-04,-6.366150000000000420e-01,-1.597000000000000156e-02,-2.597769999999999802e-01,5.161289999999999489e-01,5.573949999999999738e-01,-2.039799999999999947e-02,1.692230000000000123e-01,2.404640000000000111e-01,3.573149999999999937e-01,4.327889999999999793e-01,6.703320000000000389e-01,1.681120000000000114e-01,-1.001660000000000050e-01,4.500020000000000131e-01,2.555299999999999794e-01,4.222339999999999982e-01,4.384390000000000231e-01,4.242369999999999752e-01,4.996860000000000190e-01,7.917729999999999491e-01,4.305939999999999768e-01,4.955959999999999810e-01,3.690089999999999759e-01,1.519280000000000075e-01,-3.627710000000000101e-01,-4.283500000000000085e-01,-3.553509999999999724e-01,6.305920000000000414e-01,3.878659999999999886e-01,5.026310000000000500e-01,2.309670000000000056e-01,-1.816520000000000079e-01,-3.196720000000000117e-01,-3.687219999999999942e-01,8.557249999999999579e-01,3.048560000000000159e-01,4.516879999999999784e-01,-1.125410000000000021e-01,2.367500000000000160e-02,-3.133999999999999980e-02,-1.161419999999999952e-01,1.049299999999999955e-01,2.793500000000000150e-02,-4.312280000000000002e-01,2.081629999999999869e-01,-5.273320000000000229e-01,2.008369999999999878e-01,-2.246970000000000078e-01,6.618079999999999519e-01,6.519730000000000247e-01,9.269399999999999862e-02,4.801739999999999897e-01,4.122899999999999898e-01,5.400009999999999533e-01,5.739729999999999555e-01,7.548449999999999882e-01,2.924430000000000085e-01,-2.691600000000000104e-01,5.153999999999999693e-01,5.976879999999999971e-01,5.363269999999999982e-01,3.303820000000000090e-01,6.032809999999999562e-01,3.871399999999999841e-01,7.157869999999999511e-01
-1.029019999999999935e-01,1.000000000000000000e+00,-2.488599999999999840e-02,2.042329999999999979e-01,2.743309999999999915e-01,8.094609999999999861e-01,4.865590000000000193e-01,4.926869999999999861e-01,1.973040000000000072e-01,4.701910000000000256e-01,-3.413599999999999968e-02,5.456339999999999524e-01,8.123519999999999630e-01,2.734260000000000024e-01,3.544800000000000173e-01,3.386419999999999986e-01,6.974599999999999689e-01,6.475020000000000220e-01,8.749999999999999445e-02,1.468710000000000016e-01,4.865700000000000025e-01,1.995770000000000044e-01,2.986770000000000258e-01,4.508639999999999870e-01,6.666689999999999561e-01,8.192409999999999970e-01,2.775670000000000082e-01,4.860129999999999728e-01,4.617569999999999730e-01,4.704869999999999886e-01,-1.433520000000000072e-01,3.005269999999999886e-01,2.111969999999999958e-01,3.919399999999999967e-02,-2.454100000000000031e-02,2.967409999999999770e-01,2.242659999999999931e-01,1.921869999999999967e-01,5.390199999999999853e-02,-1.756800000000000028e-01,-5.493699999999999972e-02,2.498920000000000030e-01,-9.155199999999999450e-02,-1.444159999999999888e-01,-1.712289999999999923e-01,-2.457310000000000050e-01,2.425029999999999963e-01,-8.269700000000000661e-02,1.553609999999999991e-01,9.875100000000000544e-02,3.973909999999999942e-01,-1.346310000000000007e-01,2.465769999999999906e-01,-5.699999999999999772e-04,-7.661199999999999954e-02,3.551900000000000196e-02,2.505029999999999757e-01,2.258040000000000047e-01,-1.339289999999999925e-01,6.808000000000000163e-02,-3.427069999999999839e-01,-4.958400000000000307e-02,-1.546190000000000064e-01,8.530400000000000482e-02,-8.339299999999999491e-02,1.375730000000000008e-01,-2.463509999999999867e-01,-6.119999999999999572e-03,6.810800000000000187e-02,-5.896900000000000058e-02,1.839320000000000122e-01,-1.488530000000000131e-01,3.037770000000000192e-01,-2.363580000000000125e-01,3.748989999999999823e-01,-4.126000000000000223e-01
4.171449999999999880e-01,-2.488599999999999840e-02,1.000000000000000000e+00,-2.403770000000000073e-01,5.601629999999999665e-01,-6.163500000000000228e-02,2.231609999999999983e-01,-1.005220000000000002e-01,6.990779999999999772e-01,-2.795480000000000187e-01,6.935780000000000278e-01,-3.992140000000000133e-01,1.825589999999999991e-01,-1.060679999999999956e-01,5.443850000000000078e-01,2.314269999999999938e-01,5.091299999999999992e-02,7.654400000000000093e-02,8.353690000000000282e-01,3.210370000000000168e-01,1.365339999999999887e-01,5.623139999999999805e-01,-9.849700000000000122e-02,-1.208000000000000046e-01,2.259649999999999992e-01,1.374900000000000011e-01,5.346769999999999579e-01,3.508249999999999980e-01,2.769269999999999787e-01,4.121540000000000203e-01,3.010959999999999748e-01,2.601010000000000266e-01,1.743550000000000100e-01,2.222800000000000054e-01,-5.111600000000000171e-02,-1.726870000000000072e-01,-2.610480000000000023e-01,-1.096800000000000032e-02,3.742320000000000091e-01,2.234099999999999975e-02,3.546110000000000095e-01,2.000389999999999946e-01,-1.056949999999999973e-01,-2.680009999999999892e-01,-2.856190000000000118e-01,3.881439999999999890e-01,5.602000000000000035e-02,8.560330000000000439e-01,-1.410499999999999948e-02,4.449060000000000237e-01,-1.627500000000000127e-02,-3.157800000000000190e-02,9.154000000000000678e-03,5.696179999999999577e-01,-4.236750000000000238e-01,6.707619999999999694e-01,-2.935229999999999784e-01,1.893499999999999905e-01,-5.332800000000000040e-02,5.820539999999999603e-01,3.249279999999999946e-01,-4.914899999999999824e-02,1.500400000000000067e-01,8.013109999999999955e-01,4.195220000000000060e-01,3.436139999999999750e-01,4.669099999999999917e-01,8.662100000000000355e-02,-3.120890000000000053e-01,2.639099999999999779e-01,2.810770000000000213e-01,4.038169999999999815e-01,2.900360000000000160e-01,3.109689999999999954e-01,2.667120000000000046e-01,3.259310000000000263e-01
-1.558360000000000023e-01,2.042329999999999979e-01,-2.403770000000000073e-01,1.000000000000000000e+00,-1.560400000000000120e-01,1.842709999999999904e-01,3.911999999999999679e-03,1.671930000000000083e-01,-3.152900000000000147e-01,5.394569999999999643e-01,-3.279119999999999813e-01,4.108299999999999730e-01,1.499040000000000095e-01,3.460969999999999880e-01,-7.820399999999999574e-02,-6.305999999999999973e-03,-3.393199999999999689e-02,3.426499999999999685e-02,-1.807660000000000100e-01,-8.807700000000000251e-02,-8.594699999999999562e-02,-1.960109999999999908e-01,9.855700000000000571e-02,2.351620000000000099e-01,-3.914600000000000024e-02,1.141660000000000036e-01,-1.752239999999999909e-01,2.469439999999999968e-01,-7.984199999999999631e-02,1.663519999999999999e-01,-5.981299999999999811e-02,2.399340000000000084e-01,-2.354300000000000143e-02,3.942899999999999877e-02,2.105999999999999886e-02,5.587349999999999817e-01,5.797269999999999923e-01,2.154909999999999881e-01,-1.239700000000000003e-02,-2.499719999999999998e-01,-3.815999999999999948e-02,2.910829999999999806e-01,8.739299999999999846e-02,1.623080000000000078e-01,-8.161200000000000399e-02,-3.171169999999999822e-01,-2.028649999999999898e-01,-3.072199999999999931e-01,7.541510000000000158e-01,-1.543950000000000045e-01,-4.242599999999999844e-02,-2.808229999999999893e-01,7.150399999999999812e-02,-4.502059999999999951e-01,8.259000000000000716e-03,-3.985190000000000121e-01,5.527159999999999851e-01,-3.010979999999999768e-01,-7.167199999999999960e-02,-2.004249999999999921e-01,-3.356509999999999772e-01,-4.816270000000000273e-01,-3.030780000000000141e-01,-2.606499999999999928e-01,-7.949100000000000610e-02,-2.846469999999999834e-01,-3.238900000000000112e-01,-1.641099999999999851e-02,1.968419999999999892e-01,-2.853310000000000013e-01,-2.930070000000000174e-01,-2.724650000000000127e-01,1.672089999999999965e-01,-3.754890000000000172e-01,1.843229999999999869e-01,-2.345720000000000027e-01
2.595199999999999937e-02,2.743309999999999915e-01,5.601629999999999665e-01,-1.560400000000000120e-01,1.000000000000000000e+00,3.799620000000000219e-01,6.988529999999999465e-01,1.773309999999999886e-01,8.270370000000000221e-01,1.369249999999999912e-01,7.010110000000000507e-01,4.402899999999999869e-02,5.136150000000000437e-01,4.151380000000000070e-01,4.807500000000000107e-01,1.274839999999999862e-01,3.324349999999999805e-01,2.376280000000000059e-01,5.719070000000000542e-01,4.584829999999999739e-01,1.774499999999999966e-01,4.973949999999999760e-01,1.955199999999999994e-02,-7.883700000000000430e-02,1.809939999999999882e-01,2.623699999999999921e-01,5.841370000000000173e-01,2.360559999999999881e-01,2.622630000000000239e-01,9.802299999999999902e-02,6.511799999999999533e-02,3.673719999999999763e-01,8.545000000000000512e-03,2.666720000000000201e-01,-2.163660000000000028e-01,1.870420000000000138e-01,1.199849999999999944e-01,2.125209999999999877e-01,3.857490000000000085e-01,1.746199999999999836e-02,2.522599999999999842e-01,-1.264949999999999963e-01,2.620370000000000199e-01,1.133129999999999971e-01,-2.430900000000000075e-02,-5.170700000000000296e-02,1.083579999999999960e-01,4.834649999999999781e-01,-6.611999999999999822e-02,7.893470000000000208e-01,2.905309999999999837e-01,4.019880000000000120e-01,1.621640000000000026e-01,7.522609999999999575e-01,-1.372300000000000082e-02,7.514189999999999481e-01,9.884000000000000424e-03,3.617250000000000187e-01,3.205200000000000271e-01,2.930429999999999979e-01,-2.588499999999999829e-02,1.082700000000000051e-01,-7.072100000000000608e-02,5.348370000000000068e-01,3.264710000000000112e-01,1.649940000000000018e-01,1.058029999999999943e-01,3.552199999999999802e-02,-2.000679999999999958e-01,1.091300000000000082e-02,1.594129999999999991e-01,3.198840000000000017e-01,9.940200000000000424e-02,2.216000000000000088e-03,4.726000000000000166e-03,-4.980099999999999805e-02
-1.777100000000000068e-01,8.094609999999999861e-01,-6.163500000000000228e-02,1.842709999999999904e-01,3.799620000000000219e-01,1.000000000000000000e+00,4.563610000000000166e-01,7.399510000000000254e-01,2.620480000000000032e-01,2.990639999999999965e-01,-7.917000000000000426e-03,5.363590000000000302e-01,6.976580000000000004e-01,4.273210000000000064e-01,4.271240000000000037e-01,7.035700000000000287e-02,5.655480000000000507e-01,3.878260000000000041e-01,7.086900000000000144e-02,1.614949999999999997e-01,4.593360000000000221e-01,1.244939999999999936e-01,5.489180000000000170e-01,4.024110000000000187e-01,3.936009999999999787e-01,7.233849999999999447e-01,2.429590000000000083e-01,3.989860000000000073e-01,2.473529999999999895e-01,2.537989999999999968e-01,-2.460450000000000137e-01,3.560159999999999991e-01,1.560080000000000078e-01,8.111400000000000554e-02,-1.309730000000000061e-01,5.048479999999999634e-01,2.006830000000000003e-01,8.776299999999999379e-02,9.210200000000000331e-02,-9.170499999999999485e-02,-2.791499999999999884e-02,5.711900000000000310e-02,8.832700000000000273e-02,-5.290899999999999770e-02,-1.334160000000000068e-01,-3.343289999999999873e-01,1.312919999999999920e-01,1.638900000000000079e-02,2.731400000000000147e-02,2.373750000000000027e-01,6.011509999999999909e-01,-5.090299999999999686e-02,5.869119999999999893e-01,5.120299999999999851e-02,-3.703599999999999948e-02,1.611209999999999865e-01,3.216760000000000175e-01,2.447660000000000113e-01,1.608279999999999987e-01,5.750199999999999756e-02,-5.217979999999999841e-01,-7.110800000000000454e-02,-3.936700000000000199e-01,1.495759999999999867e-01,-7.778899999999999704e-02,1.045230000000000048e-01,-3.613819999999999810e-01,2.647360000000000269e-01,-2.169099999999999848e-02,-2.707849999999999979e-01,1.189479999999999982e-01,-1.056229999999999947e-01,1.469020000000000048e-01,-3.933070000000000177e-01,2.467340000000000089e-01,-4.734550000000000147e-01
-5.028999999999999616e-03,4.865590000000000193e-01,2.231609999999999983e-01,3.911999999999999679e-03,6.988529999999999465e-01,4.563610000000000166e-01,1.000000000000000000e+00,7.603300000000000336e-02,5.043119999999999825e-01,3.533620000000000094e-01,2.683019999999999849e-01,1.479679999999999884e-01,6.398230000000000306e-01,4.730079999999999840e-01,3.241600000000000037e-01,2.896690000000000098e-01,3.455090000000000106e-01,4.969319999999999848e-01,2.545109999999999872e-01,3.537370000000000236e-01,2.769449999999999967e-01,4.050699999999999856e-01,-4.483999999999999792e-02,-1.727199999999999916e-02,3.164020000000000166e-01,3.223119999999999874e-01,5.727729999999999766e-01,2.763709999999999778e-01,5.323600000000000554e-01,2.046310000000000073e-01,2.681800000000000156e-02,2.943919999999999870e-01,2.086800000000000113e-02,2.925639999999999907e-01,-5.181100000000000289e-02,2.011179999999999912e-01,1.704769999999999897e-01,2.182749999999999968e-01,2.848169999999999868e-01,-8.182000000000000037e-03,1.752319999999999989e-01,5.438000000000000125e-03,1.534320000000000128e-01,5.592099999999999849e-02,8.587699999999999501e-02,-7.012599999999999389e-02,1.791999999999999982e-01,7.320000000000000118e-02,2.041600000000000012e-02,5.557130000000000125e-01,1.824560000000000071e-01,4.468480000000000230e-01,-9.693000000000000227e-03,3.847149999999999737e-01,7.404900000000000371e-02,3.448140000000000094e-01,7.841900000000000259e-02,3.708409999999999762e-01,1.562669999999999892e-01,3.079399999999999846e-02,2.357400000000000120e-02,4.052000000000000046e-03,5.681000000000000286e-03,1.811760000000000037e-01,1.696469999999999922e-01,1.293310000000000015e-01,-4.921000000000000027e-03,-1.607429999999999970e-01,-9.790799999999999503e-02,1.303910000000000069e-01,1.107960000000000056e-01,1.884730000000000016e-01,2.011330000000000062e-01,1.037990000000000024e-01,1.265290000000000026e-01,-5.553500000000000103e-02
-1.160459999999999964e-01,4.926869999999999861e-01,-1.005220000000000002e-01,1.671930000000000083e-01,1.773309999999999886e-01,7.399510000000000254e-01,7.603300000000000336e-02,1.000000000000000000e+00,1.188459999999999933e-01,2.152060000000000084e-01,-6.279300000000000159e-02,5.131269999999999998e-01,3.934039999999999759e-01,3.124290000000000123e-01,2.635750000000000037e-01,-8.525900000000000145e-02,4.624929999999999874e-01,9.363799999999999901e-02,-8.137600000000000389e-02,7.256500000000000450e-02,5.774639999999999773e-01,3.926999999999999935e-03,7.838530000000000220e-01,5.430359999999999632e-01,1.908400000000000096e-01,5.657809999999999784e-01,-4.675399999999999695e-02,1.853700000000000070e-01,-9.204099999999999782e-02,9.506799999999999973e-02,-1.264480000000000048e-01,2.643309999999999826e-01,1.180739999999999984e-01,-6.571200000000000652e-02,-2.118829999999999880e-01,4.985029999999999739e-01,1.041559999999999986e-01,-1.300399999999999993e-02,1.165429999999999938e-01,9.944100000000000161e-02,-2.186499999999999902e-02,-1.541009999999999880e-01,2.486140000000000017e-01,3.988599999999999784e-02,3.942600000000000271e-02,-1.615669999999999884e-01,1.179390000000000022e-01,1.043069999999999969e-01,-1.890999999999999973e-02,1.679190000000000127e-01,6.092910000000000270e-01,-6.181999999999999995e-02,8.158659999999999801e-01,2.553100000000000161e-02,1.462209999999999899e-01,1.429310000000000025e-01,3.593319999999999848e-01,2.060099999999999987e-01,2.968339999999999868e-01,9.910099999999999465e-02,-4.623340000000000227e-01,8.790699999999999903e-02,-3.039999999999999925e-01,7.293499999999999983e-02,-6.358999999999999375e-02,2.900530000000000053e-01,-2.779360000000000164e-01,5.689109999999999445e-01,2.521220000000000128e-01,-2.977949999999999764e-01,2.061139999999999917e-01,-1.390639999999999932e-01,8.666000000000000092e-03,-4.155280000000000085e-01,9.912600000000000577e-02,-3.238190000000000235e-01
1.180680000000000063e-01,1.973040000000000072e-01,6.990779999999999772e-01,-3.152900000000000147e-01,8.270370000000000221e-01,2.620480000000000032e-01,5.043119999999999825e-01,1.188459999999999933e-01,1.000000000000000000e+00,-2.886299999999999977e-02,7.817560000000000064e-01,-1.292169999999999985e-01,4.478360000000000118e-01,6.209900000000000142e-02,5.732810000000000406e-01,9.831499999999999961e-02,2.666250000000000009e-01,1.252240000000000020e-01,6.810580000000000522e-01,4.557410000000000072e-01,2.489039999999999864e-01,5.234290000000000331e-01,8.077800000000000258e-02,-1.574230000000000074e-01,2.395500000000000129e-01,2.259700000000000042e-01,6.770570000000000199e-01,1.911980000000000068e-01,2.959629999999999761e-01,1.326610000000000011e-01,4.830899999999999778e-02,2.138700000000000045e-01,1.853499999999999939e-02,1.887679999999999914e-01,-2.686499999999999999e-01,-6.495299999999999685e-02,-1.466379999999999906e-01,1.673119999999999885e-01,3.477199999999999736e-01,-2.758199999999999888e-02,2.268529999999999991e-01,-6.597300000000000386e-02,5.442999999999999922e-02,-1.339690000000000047e-01,-1.231580000000000036e-01,1.245929999999999954e-01,2.004299999999999971e-01,6.881880000000000219e-01,-1.646779999999999911e-01,6.290120000000000156e-01,2.971960000000000157e-01,2.145130000000000092e-01,1.874220000000000053e-01,7.870460000000000234e-01,-1.505080000000000029e-01,7.911660000000000359e-01,-1.330780000000000018e-01,4.455569999999999808e-01,1.277880000000000127e-01,4.519009999999999971e-01,1.038179999999999936e-01,1.530660000000000076e-01,7.081600000000000394e-02,6.659080000000000554e-01,3.057349999999999790e-01,3.852949999999999986e-01,2.202959999999999918e-01,2.288840000000000041e-01,-2.761640000000000206e-01,1.613290000000000002e-01,3.121909999999999963e-01,4.465390000000000192e-01,9.708300000000000263e-02,1.247849999999999931e-01,-2.029399999999999954e-02,8.347000000000000253e-03
-3.637009999999999965e-01,4.701910000000000256e-01,-2.795480000000000187e-01,5.394569999999999643e-01,1.369249999999999912e-01,2.990639999999999965e-01,3.533620000000000094e-01,2.152060000000000084e-01,-2.886299999999999977e-02,1.000000000000000000e+00,-6.737700000000000633e-02,7.883989999999999609e-01,4.743979999999999864e-01,3.792380000000000195e-01,-1.726080000000000114e-01,1.428319999999999868e-01,3.889409999999999812e-01,3.600079999999999947e-01,-2.153450000000000086e-01,-2.141900000000000054e-02,5.544700000000000323e-02,-1.469759999999999955e-01,9.037499999999999700e-02,5.296910000000000229e-01,1.606380000000000030e-01,3.153239999999999932e-01,-1.122879999999999989e-01,1.147569999999999979e-01,6.786999999999999977e-02,5.769099999999999923e-02,-7.305300000000000682e-02,-2.536800000000000166e-02,-2.118019999999999903e-01,-5.069900000000000101e-02,-3.164299999999999752e-02,3.794290000000000163e-01,6.280459999999999932e-01,6.077249999999999597e-01,-1.212759999999999949e-01,-1.895290000000000030e-01,-1.591019999999999934e-01,2.603400000000000158e-02,1.232449999999999934e-01,2.964709999999999845e-01,3.463860000000000272e-01,-4.412010000000000098e-01,-5.716899999999999760e-02,-3.604899999999999771e-01,4.755690000000000195e-01,4.652099999999999985e-02,1.392299999999999961e-02,-3.502799999999999664e-02,-1.034920000000000007e-01,-1.198079999999999978e-01,4.861329999999999818e-01,-2.094419999999999893e-01,7.412520000000000220e-01,1.110000000000000011e-04,2.385400000000000020e-02,-3.246939999999999826e-01,-2.824280000000000124e-01,-5.895100000000000340e-02,-3.304699999999999999e-02,-3.464630000000000210e-01,-1.815730000000000122e-01,-2.196390000000000009e-01,-3.609040000000000026e-01,-1.666239999999999943e-01,5.454280000000000239e-01,-2.321020000000000028e-01,-1.722690000000000055e-01,-4.003349999999999964e-01,1.235669999999999963e-01,-3.552640000000000242e-01,-3.297400000000000331e-02,-3.272289999999999921e-01
1.600000000000000131e-04,-3.413599999999999968e-02,6.935780000000000278e-01,-3.279119999999999813e-01,7.010110000000000507e-01,-7.917000000000000426e-03,2.683019999999999849e-01,-6.279300000000000159e-02,7.817560000000000064e-01,-6.737700000000000633e-02,1.000000000000000000e+00,-1.364730000000000110e-01,1.653810000000000002e-01,4.354800000000000337e-02,3.262240000000000140e-01,5.631499999999999700e-02,1.084890000000000021e-01,4.123399999999999982e-02,6.783580000000000165e-01,2.552090000000000192e-01,-5.838900000000000340e-02,3.139770000000000061e-01,-1.271100000000000008e-01,-1.801039999999999863e-01,6.856900000000000495e-02,8.586999999999999147e-03,4.197919999999999985e-01,7.560000000000000530e-04,7.684499999999999664e-02,-6.482899999999999774e-02,1.945200000000000054e-02,1.532179999999999931e-01,-1.405600000000000079e-02,9.808500000000000552e-02,-1.091540000000000010e-01,-2.972800000000000095e-02,-1.002129999999999965e-01,2.206770000000000120e-01,1.421429999999999916e-01,2.081799999999999970e-02,8.959200000000000497e-02,-6.044999999999999679e-02,-6.858999999999999646e-03,-7.904899999999999427e-02,-7.180499999999999383e-02,-6.952999999999999979e-03,-8.372200000000000475e-02,6.296300000000000230e-01,-1.052629999999999955e-01,5.222409999999999553e-01,1.795300000000000021e-02,1.463700000000000001e-01,-2.810599999999999904e-02,7.441290000000000404e-01,-1.356499999999999928e-01,7.752489999999999659e-01,-1.560809999999999975e-01,6.096000000000000030e-02,1.392140000000000044e-01,3.134669999999999956e-01,5.105900000000000022e-02,2.808799999999999839e-02,-2.043299999999999977e-02,6.197599999999999776e-01,2.119089999999999863e-01,7.444599999999999829e-02,1.549800000000000066e-01,-5.795999999999999937e-03,-2.132419999999999871e-01,2.318999999999999881e-02,4.968399999999999900e-02,2.470940000000000081e-01,-1.196509999999999935e-01,7.108999999999999868e-03,-1.671729999999999883e-01,-6.466900000000000426e-02
-6.366150000000000420e-01,5.456339999999999524e-01,-3.992140000000000133e-01,4.108299999999999730e-01,4.402899999999999869e-02,5.363590000000000302e-01,1.479679999999999884e-01,5.131269999999999998e-01,-1.292169999999999985e-01,7.883989999999999609e-01,-1.364730000000000110e-01,1.000000000000000000e+00,4.432909999999999906e-01,3.688779999999999837e-01,-2.033290000000000097e-01,-1.548200000000000132e-01,4.445239999999999747e-01,1.938960000000000128e-01,-2.874720000000000053e-01,-1.037409999999999999e-01,4.226800000000000002e-02,-3.667409999999999837e-01,2.419389999999999874e-01,6.398909999999999876e-01,-1.062500000000000076e-02,3.650309999999999944e-01,-3.355000000000000204e-01,1.425099999999999978e-02,-1.466679999999999928e-01,-5.294800000000000201e-02,-4.198729999999999962e-01,-6.891200000000000103e-02,-2.787490000000000245e-01,-2.047519999999999896e-01,-5.773799999999999766e-02,5.119310000000000249e-01,5.643610000000000015e-01,5.163429999999999964e-01,-2.826270000000000171e-01,-2.941679999999999851e-01,-3.212610000000000188e-01,-1.267860000000000098e-01,1.668699999999999906e-01,2.911719999999999864e-01,3.505039999999999822e-01,-6.680690000000000239e-01,-1.360500000000000043e-01,-3.945339999999999958e-01,3.096979999999999733e-01,-3.449999999999999942e-03,2.354559999999999986e-01,-7.487099999999999311e-02,1.512120000000000131e-01,-1.677069999999999950e-01,4.819999999999999840e-01,-2.332889999999999964e-01,7.737810000000000521e-01,-1.866999999999999910e-02,1.719890000000000030e-01,-3.865239999999999787e-01,-6.167960000000000109e-01,-3.816800000000000054e-02,-3.314119999999999844e-01,-3.658689999999999998e-01,-3.112170000000000214e-01,-3.064520000000000022e-01,-6.096310000000000340e-01,-7.106800000000000617e-02,5.558440000000000047e-01,-5.110599999999999588e-01,-2.490880000000000039e-01,-5.682249999999999801e-01,1.892900000000000138e-02,-5.941889999999999672e-01,-4.088699999999999973e-02,-6.161130000000000217e-01
-1.597000000000000156e-02,8.123519999999999630e-01,1.825589999999999991e-01,1.499040000000000095e-01,5.136150000000000437e-01,6.976580000000000004e-01,6.398230000000000306e-01,3.934039999999999759e-01,4.478360000000000118e-01,4.743979999999999864e-01,1.653810000000000002e-01,4.432909999999999906e-01,1.000000000000000000e+00,2.649150000000000116e-01,4.484040000000000248e-01,4.330269999999999953e-01,7.691010000000000346e-01,6.778319999999999901e-01,2.770429999999999837e-01,3.196419999999999817e-01,4.494500000000000162e-01,3.300799999999999845e-01,2.272129999999999983e-01,3.123429999999999818e-01,5.316870000000000207e-01,7.390290000000000470e-01,4.528670000000000195e-01,5.943829999999999947e-01,5.485630000000000228e-01,4.694820000000000104e-01,-3.116599999999999926e-02,3.946529999999999760e-01,7.656200000000000505e-02,1.262179999999999969e-01,-9.863399999999999945e-02,2.409699999999999898e-01,1.859760000000000024e-01,2.634949999999999792e-01,2.129769999999999996e-01,-2.195739999999999914e-01,4.405499999999999694e-02,2.279130000000000045e-01,-1.067059999999999953e-01,-1.839409999999999934e-01,-1.906499999999999861e-01,-1.364259999999999917e-01,1.222300000000000053e-01,1.115710000000000035e-01,1.654370000000000007e-01,2.208029999999999993e-01,2.898499999999999965e-01,-1.190920000000000034e-01,1.936839999999999951e-01,1.499320000000000097e-01,-8.860999999999999432e-02,1.926200000000000134e-01,1.777080000000000048e-01,3.455349999999999810e-01,-1.146120000000000055e-01,1.419400000000000106e-01,-2.245850000000000068e-01,-2.546999999999999958e-02,-6.856600000000000195e-02,2.067039999999999988e-01,3.715899999999999759e-02,2.026100000000000123e-01,-1.857010000000000050e-01,2.177799999999999875e-02,-7.028000000000000393e-03,-1.208999999999999936e-01,2.043560000000000099e-01,-2.391100000000000170e-02,3.737380000000000146e-01,-1.479820000000000024e-01,3.382359999999999811e-01,-2.846719999999999806e-01
-2.597769999999999802e-01,2.734260000000000024e-01,-1.060679999999999956e-01,3.460969999999999880e-01,4.151380000000000070e-01,4.273210000000000064e-01,4.730079999999999840e-01,3.124290000000000123e-01,6.209900000000000142e-02,3.792380000000000195e-01,4.354800000000000337e-02,3.688779999999999837e-01,2.649150000000000116e-01,1.000000000000000000e+00,-4.508899999999999714e-02,-1.407009999999999927e-01,2.267730000000000024e-01,6.731299999999999784e-02,-3.313599999999999879e-02,1.570219999999999949e-01,-1.153799999999999965e-02,1.654100000000000015e-02,5.236199999999999882e-02,1.358090000000000130e-01,-8.450900000000000079e-02,1.673840000000000050e-01,-7.139800000000000313e-02,-2.537999999999999892e-03,-1.966160000000000130e-01,-1.176829999999999959e-01,-6.647200000000000331e-02,3.053529999999999855e-01,-6.319900000000000517e-02,2.349559999999999982e-01,-9.172099999999999698e-02,6.889110000000000511e-01,5.191820000000000324e-01,9.020799999999999652e-02,1.300520000000000009e-01,8.735099999999999809e-02,1.091189999999999938e-01,-6.595299999999999774e-02,5.220010000000000483e-01,4.264689999999999870e-01,2.127489999999999937e-01,-4.146000000000000241e-01,-1.170989999999999948e-01,-2.107920000000000071e-01,1.630199999999999982e-01,5.239300000000000068e-01,2.333359999999999879e-01,3.506859999999999977e-01,1.716320000000000068e-01,1.537959999999999883e-01,2.453680000000000028e-01,1.542250000000000010e-01,4.251849999999999796e-01,-6.137000000000000094e-02,6.615710000000000202e-01,-2.430329999999999990e-01,-4.518469999999999986e-01,-3.558000000000000052e-02,-4.434319999999999928e-01,-8.476499999999999313e-02,9.051399999999999724e-02,-2.736560000000000104e-01,-3.021980000000000222e-01,-1.765120000000000022e-01,5.350099999999999995e-02,-3.534390000000000032e-01,-2.304190000000000127e-01,-2.129860000000000086e-01,-1.332089999999999941e-01,-4.286030000000000117e-01,-6.885600000000000054e-02,-2.389739999999999920e-01
5.161289999999999489e-01,3.544800000000000173e-01,5.443850000000000078e-01,-7.820399999999999574e-02,4.807500000000000107e-01,4.271240000000000037e-01,3.241600000000000037e-01,2.635750000000000037e-01,5.732810000000000406e-01,-1.726080000000000114e-01,3.262240000000000140e-01,-2.033290000000000097e-01,4.484040000000000248e-01,-4.508899999999999714e-02,1.000000000000000000e+00,3.232959999999999723e-01,2.513150000000000106e-01,2.158039999999999958e-01,5.571700000000000541e-01,6.244659999999999656e-01,5.097920000000000229e-01,7.389489999999999670e-01,3.064169999999999949e-01,2.898900000000000088e-02,4.425720000000000209e-01,5.033210000000000184e-01,6.734080000000000066e-01,6.417760000000000131e-01,5.159359999999999502e-01,5.625510000000000232e-01,2.569040000000000212e-01,5.265149999999999553e-01,4.078209999999999891e-01,3.519590000000000218e-01,8.819000000000000450e-03,-4.683400000000000063e-02,-2.795119999999999827e-01,5.031999999999999668e-02,5.563620000000000232e-01,2.064799999999999969e-02,3.686450000000000005e-01,2.519660000000000233e-01,-1.818750000000000089e-01,-4.345740000000000158e-01,-3.892450000000000077e-01,3.547460000000000058e-01,2.791009999999999880e-01,6.429580000000000295e-01,-1.944999999999999854e-02,3.737860000000000071e-01,3.971529999999999783e-01,-1.023619999999999947e-01,4.260320000000000218e-01,3.117489999999999983e-01,-4.256670000000000176e-01,4.836710000000000176e-01,-2.122549999999999992e-01,3.964559999999999751e-01,-9.434900000000000231e-02,7.816189999999999527e-01,1.745140000000000025e-01,-8.264599999999999724e-02,7.689000000000000001e-02,6.944919999999999982e-01,5.145539999999999559e-01,5.209989999999999899e-01,3.716709999999999736e-01,4.070969999999999867e-01,-2.688159999999999994e-01,2.406320000000000126e-01,4.865260000000000140e-01,5.199019999999999753e-01,3.898460000000000258e-01,2.540290000000000048e-01,4.384190000000000031e-01,1.200559999999999961e-01
5.573949999999999738e-01,3.386419999999999986e-01,2.314269999999999938e-01,-6.305999999999999973e-03,1.274839999999999862e-01,7.035700000000000287e-02,2.896690000000000098e-01,-8.525900000000000145e-02,9.831499999999999961e-02,1.428319999999999868e-01,5.631499999999999700e-02,-1.548200000000000132e-01,4.330269999999999953e-01,-1.407009999999999927e-01,3.232959999999999723e-01,1.000000000000000000e+00,4.416800000000000170e-01,7.952129999999999477e-01,1.241870000000000057e-01,1.380129999999999968e-01,3.382169999999999899e-01,4.277819999999999956e-01,9.049200000000000299e-02,3.000099999999999989e-02,7.189090000000000202e-01,4.483429999999999915e-01,4.402030000000000109e-01,4.425009999999999777e-01,6.580660000000000398e-01,4.641370000000000218e-01,5.545889999999999986e-01,3.560989999999999989e-01,3.694259999999999766e-01,1.804929999999999868e-01,1.818259999999999876e-01,-2.846219999999999861e-01,-1.959269999999999901e-01,-6.621399999999999508e-02,3.153380000000000072e-01,7.113899999999999391e-02,1.766189999999999982e-01,2.791080000000000227e-01,-3.637730000000000130e-01,-3.080789999999999917e-01,-2.832779999999999743e-01,4.278989999999999738e-01,1.016729999999999995e-01,1.440859999999999919e-01,-3.505500000000000282e-02,-7.121900000000000452e-02,-2.190560000000000007e-01,-1.876480000000000092e-01,-1.517799999999999983e-01,-3.501300000000000245e-02,-1.538170000000000093e-01,4.780299999999999827e-02,-2.457749999999999935e-01,1.361970000000000125e-01,-3.982109999999999816e-01,2.883530000000000260e-01,4.855010000000000159e-01,7.160800000000000498e-02,4.929189999999999960e-01,1.639269999999999894e-01,1.601420000000000066e-01,2.540529999999999733e-01,3.737329999999999819e-01,-6.325100000000000167e-02,-1.387869999999999937e-01,3.227269999999999861e-01,2.620850000000000124e-01,1.384039999999999992e-01,3.438720000000000110e-01,3.806860000000000244e-01,3.269380000000000064e-01,2.997319999999999984e-01
-2.039799999999999947e-02,6.974599999999999689e-01,5.091299999999999992e-02,-3.393199999999999689e-02,3.324349999999999805e-01,5.655480000000000507e-01,3.455090000000000106e-01,4.624929999999999874e-01,2.666250000000000009e-01,3.889409999999999812e-01,1.084890000000000021e-01,4.445239999999999747e-01,7.691010000000000346e-01,2.267730000000000024e-01,2.513150000000000106e-01,4.416800000000000170e-01,1.000000000000000000e+00,6.531519999999999548e-01,1.218560000000000060e-01,1.383359999999999868e-01,4.067450000000000232e-01,1.665300000000000114e-01,2.589339999999999975e-01,3.611800000000000010e-01,5.626830000000000442e-01,7.353150000000000519e-01,1.086099999999999982e-01,3.308039999999999869e-01,2.571499999999999897e-01,2.645580000000000154e-01,5.132599999999999663e-02,2.955059999999999909e-01,1.285530000000000006e-01,4.589000000000000024e-02,-7.961300000000000321e-02,1.806919999999999915e-01,1.755750000000000088e-01,4.672899999999999970e-02,6.579400000000000526e-02,-5.803799999999999931e-02,-4.096099999999999741e-02,2.262300000000000075e-02,1.672799999999999981e-02,-9.691999999999999227e-03,-1.115479999999999944e-01,-1.453039999999999887e-01,1.050750000000000017e-01,3.247699999999999892e-02,-8.344999999999999640e-02,1.757170000000000121e-01,2.636240000000000250e-01,-7.023200000000000276e-02,1.501550000000000107e-01,1.911940000000000028e-01,1.177580000000000016e-01,1.321229999999999905e-01,1.547499999999999987e-01,3.198799999999999977e-01,5.062999999999999792e-03,1.028850000000000042e-01,-2.459840000000000082e-01,3.134270000000000111e-01,1.515299999999999980e-02,1.046419999999999989e-01,1.772500000000000117e-02,1.146360000000000018e-01,-1.523859999999999937e-01,-5.271200000000000191e-02,4.406999999999999806e-02,-1.598769999999999913e-01,2.248410000000000131e-01,-2.348159999999999969e-01,1.753029999999999866e-01,-2.092759999999999898e-01,1.663959999999999884e-01,-2.462959999999999872e-01
1.692230000000000123e-01,6.475020000000000220e-01,7.654400000000000093e-02,3.426499999999999685e-02,2.376280000000000059e-01,3.878260000000000041e-01,4.969319999999999848e-01,9.363799999999999901e-02,1.252240000000000020e-01,3.600079999999999947e-01,4.123399999999999982e-02,1.938960000000000128e-01,6.778319999999999901e-01,6.731299999999999784e-02,2.158039999999999958e-01,7.952129999999999477e-01,6.531519999999999548e-01,1.000000000000000000e+00,3.531100000000000211e-02,5.506099999999999883e-02,3.099370000000000180e-01,2.648409999999999931e-01,4.046199999999999797e-02,1.724940000000000084e-01,6.980180000000000273e-01,5.892849999999999477e-01,3.506650000000000045e-01,4.165659999999999918e-01,6.295190000000000508e-01,4.021529999999999827e-01,1.714749999999999885e-01,2.765630000000000033e-01,2.390490000000000115e-01,1.429769999999999930e-01,8.382900000000000074e-02,-1.417000000000000030e-02,7.732899999999999496e-02,3.314999999999999891e-02,8.446199999999999541e-02,-5.945999999999999897e-03,5.377599999999999741e-02,2.096919999999999895e-01,-3.036920000000000175e-01,-2.368730000000000002e-01,-1.878279999999999950e-01,2.771200000000000052e-02,6.020600000000000257e-02,-8.234800000000000453e-02,-2.130100000000000049e-02,7.570000000000000340e-03,-9.854999999999999871e-02,-1.278569999999999984e-01,-1.598860000000000003e-01,-1.228899999999999958e-02,-2.549799999999999983e-02,-9.773000000000000437e-03,-2.470699999999999980e-02,1.267000000000000071e-01,-3.222570000000000157e-01,7.681899999999999840e-02,1.284839999999999871e-01,4.420199999999999824e-02,2.743110000000000270e-01,2.477299999999999988e-02,-3.494400000000000284e-02,7.475199999999999900e-02,6.191399999999999681e-02,-2.316300000000000026e-01,-4.541499999999999704e-02,1.173789999999999972e-01,1.227379999999999999e-01,-1.031870000000000009e-01,3.010849999999999915e-01,8.867400000000000282e-02,3.420019999999999727e-01,-6.496699999999999697e-02
2.404640000000000111e-01,8.749999999999999445e-02,8.353690000000000282e-01,-1.807660000000000100e-01,5.719070000000000542e-01,7.086900000000000144e-02,2.545109999999999872e-01,-8.137600000000000389e-02,6.810580000000000522e-01,-2.153450000000000086e-01,6.783580000000000165e-01,-2.874720000000000053e-01,2.770429999999999837e-01,-3.313599999999999879e-02,5.571700000000000541e-01,1.241870000000000057e-01,1.218560000000000060e-01,3.531100000000000211e-02,1.000000000000000000e+00,1.968509999999999982e-01,6.868299999999999406e-02,4.671150000000000024e-01,-1.403439999999999965e-01,-2.183279999999999943e-01,2.256360000000000032e-01,1.510640000000000038e-01,5.164959999999999551e-01,3.797800000000000065e-01,2.526570000000000205e-01,3.762809999999999766e-01,5.609200000000000297e-02,2.682740000000000125e-01,2.031519999999999992e-01,3.086369999999999947e-01,-7.321800000000000530e-02,-8.637899999999999745e-02,-1.593179999999999874e-01,-3.138799999999999923e-02,3.005490000000000106e-01,-9.054500000000000048e-02,3.359889999999999821e-01,2.645520000000000094e-01,-1.550120000000000109e-01,-2.145980000000000110e-01,-4.477400000000000269e-01,1.483869999999999911e-01,9.430800000000000294e-02,7.566070000000000295e-01,5.235200000000000270e-02,3.748049999999999993e-01,9.566700000000000204e-02,-4.752699999999999980e-02,5.295400000000000107e-02,5.749279999999999946e-01,-4.854080000000000061e-01,6.035970000000000502e-01,-2.434040000000000092e-01,1.670760000000000023e-01,-1.463760000000000061e-01,4.668999999999999817e-01,1.069340000000000013e-01,-1.558710000000000095e-01,-7.831299999999999373e-02,8.388510000000000133e-01,2.955960000000000254e-01,1.996419999999999861e-01,2.642129999999999757e-01,3.100100000000000078e-02,-4.530250000000000110e-01,1.714739999999999875e-01,1.696769999999999945e-01,3.891060000000000074e-01,2.992619999999999725e-01,1.532439999999999913e-01,2.762399999999999856e-01,7.079799999999999982e-02
3.573149999999999937e-01,1.468710000000000016e-01,3.210370000000000168e-01,-8.807700000000000251e-02,4.584829999999999739e-01,1.614949999999999997e-01,3.537370000000000236e-01,7.256500000000000450e-02,4.557410000000000072e-01,-2.141900000000000054e-02,2.552090000000000192e-01,-1.037409999999999999e-01,3.196419999999999817e-01,1.570219999999999949e-01,6.244659999999999656e-01,1.380129999999999968e-01,1.383359999999999868e-01,5.506099999999999883e-02,1.968509999999999982e-01,1.000000000000000000e+00,3.001030000000000086e-01,7.548470000000000457e-01,1.693800000000000167e-02,2.843400000000000094e-02,8.167900000000000160e-02,2.666399999999999881e-01,4.673419999999999797e-01,3.467529999999999779e-01,2.896960000000000091e-01,2.208130000000000093e-01,2.878060000000000063e-01,4.276809999999999778e-01,7.435400000000000342e-02,1.790200000000000125e-01,-1.219250000000000056e-01,2.629899999999999946e-02,-1.170120000000000049e-01,2.406570000000000098e-01,5.018899999999999473e-01,5.509800000000000114e-02,1.706540000000000001e-01,-3.706199999999999772e-02,1.763710000000000000e-01,-1.390550000000000119e-01,6.241399999999999726e-02,2.824829999999999841e-01,1.550020000000000009e-01,3.223630000000000106e-01,-5.782999999999999946e-02,4.694189999999999752e-01,2.138390000000000013e-01,1.679990000000000094e-01,1.562489999999999990e-01,3.326149999999999940e-01,-7.495200000000000473e-02,3.750700000000000145e-01,-1.466399999999999926e-01,3.555550000000000099e-01,2.593929999999999847e-01,5.733089999999999575e-01,8.902899999999999703e-02,8.581099999999999839e-02,3.350399999999999906e-02,3.226479999999999904e-01,7.842440000000000522e-01,3.348990000000000022e-01,4.010619999999999741e-01,1.439120000000000121e-01,7.712000000000000105e-03,2.053800000000000070e-02,3.352240000000000220e-01,3.906120000000000148e-01,2.658769999999999745e-01,1.852830000000000032e-01,1.610669999999999880e-01,2.133529999999999871e-01
