1.000000000000000000e+00,3.416370000000000240e-01,2.565479999999999983e-01,-1.565749999999999920e-01,-8.520400000000000196e-02,3.303459999999999730e-01,-2.240719999999999934e-01,-2.211799999999999877e-02,4.133800000000000252e-01,3.194000000000000311e-02,2.434540000000000037e-01,1.769000000000000086e-02,-1.136699999999999933e-01,-4.694169999999999732e-01,2.081399999999999917e-01,4.662169999999999925e-01,6.213729999999999531e-01,-3.203899999999999804e-02,1.966449999999999865e-01,2.553289999999999726e-01,3.176430000000000087e-01,2.943350000000000133e-01,1.045159999999999978e-01,4.735779999999999990e-01,5.613529999999999909e-01,6.287310000000000398e-01,3.881950000000000123e-01,4.612800000000000233e-02,4.908660000000000245e-01,3.526039999999999730e-01,2.264009999999999911e-01,-8.478700000000000125e-02,6.731970000000000454e-01,3.441299999999999915e-02,-2.113069999999999948e-01,-4.326470000000000038e-01,-3.967459999999999876e-01,-7.839500000000000635e-02,-8.172799999999999510e-02,2.723519999999999830e-01,5.253900000000000237e-02,-8.774999999999999467e-02,-3.696720000000000006e-01,-3.945600000000000218e-01,1.364740000000000120e-01,1.842270000000000019e-01,2.350359999999999949e-01,2.668400000000000216e-01,-2.581599999999999867e-02,2.899729999999999808e-01,1.120550000000000018e-01,1.358439999999999925e-01,-7.710799999999999599e-02,4.117350000000000176e-01,-4.266699999999999660e-02,1.511689999999999978e-01,-2.067199999999999940e-02,-2.084399999999999864e-01,-4.056440000000000046e-01,1.876970000000000027e-01,3.291399999999999881e-02,-1.354360000000000008e-01,-3.116129999999999733e-01,3.341850000000000098e-01,2.351149999999999907e-01,1.216779999999999945e-01,3.058179999999999787e-01,2.615999999999999923e-02,2.170839999999999992e-01,3.793230000000000213e-01,2.320069999999999910e-01,1.902449999999999974e-01,-6.020299999999999957e-02,1.699579999999999980e-01,2.770020000000000260e-01,1.045449999999999990e-01
3.416370000000000240e-01,1.000000000000000000e+00,1.794219999999999982e-01,1.566670000000000007e-01,1.375889999999999891e-01,6.253809999999999647e-01,1.641900000000000026e-01,1.089190000000000019e-01,2.529790000000000094e-01,4.531580000000000052e-01,1.186719999999999997e-01,-7.183000000000000149e-03,3.428289999999999949e-01,-1.747140000000000082e-01,1.293950000000000100e-01,7.237500000000000044e-01,3.364320000000000088e-01,5.142409999999999481e-01,2.044739999999999891e-01,2.125460000000000127e-01,3.827690000000000259e-01,4.825099999999999945e-01,2.280810000000000060e-01,1.000619999999999982e-01,8.362549999999999706e-01,6.541289999999999605e-01,3.218639999999999834e-01,2.329950000000000077e-01,6.282870000000000399e-01,4.203599999999999698e-02,4.498840000000000061e-01,1.748820000000000097e-01,2.714349999999999818e-01,2.560609999999999831e-01,-1.060340000000000032e-01,1.535710000000000131e-01,8.115999999999999603e-02,1.069760000000000016e-01,5.969800000000000106e-02,3.546250000000000235e-01,1.872840000000000060e-01,-1.923110000000000097e-01,1.521309999999999885e-01,-1.005400000000000044e-02,2.063300000000000134e-01,6.257999999999999674e-02,6.040910000000000446e-01,1.992949999999999999e-01,3.032170000000000143e-01,3.169549999999999867e-01,2.859010000000000162e-01,2.241180000000000117e-01,1.222000000000000031e-01,2.711430000000000229e-01,1.196929999999999938e-01,3.828299999999999759e-02,5.507200000000000290e-02,2.581209999999999893e-01,-7.367999999999999550e-02,1.390919999999999934e-01,4.691270000000000162e-01,2.593539999999999734e-01,2.704230000000000245e-01,1.961870000000000003e-01,2.572670000000000234e-01,2.117729999999999890e-01,3.921529999999999738e-01,8.163399999999999823e-02,1.806820000000000093e-01,6.247899999999999565e-01,3.047739999999999894e-01,1.784900000000000098e-01,2.105069999999999997e-01,4.429069999999999951e-01,2.824479999999999769e-01,2.281430000000000125e-01
2.565479999999999983e-01,1.794219999999999982e-01,1.000000000000000000e+00,2.778490000000000126e-01,7.316650000000000098e-01,4.566129999999999911e-01,2.656199999999999881e-02,8.553239999999999732e-01,8.139150000000000551e-01,4.556399999999999895e-01,9.308370000000000255e-01,7.122370000000000090e-01,6.538979999999999793e-01,4.757000000000000117e-01,6.135230000000000405e-01,-1.128090000000000065e-01,3.065579999999999972e-01,4.212099999999999733e-01,9.456059999999999466e-01,7.637629999999999697e-01,7.162349999999999550e-01,4.866510000000000002e-01,8.505209999999999715e-01,6.931760000000000144e-01,2.467769999999999964e-01,6.350719999999999699e-01,7.654790000000000205e-01,7.556349999999999456e-01,1.569540000000000102e-01,5.343149999999999844e-01,3.016780000000000017e-01,-5.546609999999999596e-01,-2.312099999999999989e-01,-1.961650000000000060e-01,4.830700000000000272e-02,2.733289999999999886e-01,6.058000000000000190e-02,2.792850000000000055e-01,-5.570910000000000029e-01,-3.967669999999999808e-01,3.553000000000000169e-03,-2.972400000000000042e-02,2.852239999999999776e-01,1.547749999999999959e-01,4.830499999999999794e-01,-3.396989999999999732e-01,5.179110000000000102e-01,9.685230000000000228e-01,5.186579999999999524e-01,8.453340000000000298e-01,8.192660000000000498e-01,6.994249999999999634e-01,8.258180000000000520e-01,7.843350000000000044e-01,6.349860000000000504e-01,8.583619999999999584e-01,7.727429999999999577e-01,7.041809999999999459e-01,3.057940000000000103e-01,6.867050000000000098e-01,1.567220000000000002e-01,4.660420000000000118e-01,3.996830000000000105e-01,9.086649999999999450e-01,7.238350000000000062e-01,6.354079999999999728e-01,6.468570000000000153e-01,8.539259999999999629e-01,5.641840000000000188e-01,4.018260000000000165e-01,7.132359999999999811e-01,7.050849999999999618e-01,7.449729999999999963e-01,3.755040000000000044e-01,4.770240000000000036e-01,4.834959999999999813e-01
-1.565749999999999920e-01,1.566670000000000007e-01,2.778490000000000126e-01,1.000000000000000000e+00,4.881849999999999801e-01,8.675199999999999578e-02,7.315019999999999856e-01,3.477999999999999980e-01,-2.033099999999999838e-02,5.363940000000000374e-01,1.924760000000000082e-01,4.032789999999999986e-01,2.998810000000000087e-01,5.169939999999999536e-01,1.150759999999999977e-01,1.828069999999999973e-01,-6.052300000000000041e-02,3.727639999999999842e-01,2.366000000000000048e-01,2.434310000000000085e-01,4.640920000000000045e-01,2.092729999999999868e-01,4.817910000000000248e-01,4.192699999999999899e-02,3.886499999999999677e-02,1.630900000000000058e-02,2.779449999999999976e-01,3.794569999999999887e-01,3.246609999999999774e-01,2.087390000000000079e-01,3.602170000000000094e-01,1.409110000000000085e-01,-2.790199999999999902e-01,3.633759999999999768e-01,5.496809999999999752e-01,4.271739999999999982e-01,7.412590000000000012e-01,6.537300000000000333e-01,9.089600000000000457e-02,-1.473700000000000010e-02,4.482599999999999918e-01,2.538509999999999933e-01,7.740369999999999751e-01,7.545530000000000292e-01,3.763429999999999831e-01,3.504399999999999876e-02,2.890050000000000119e-01,2.714230000000000254e-01,5.741979999999999862e-01,3.322200000000000153e-01,4.159209999999999852e-01,6.030200000000000005e-01,4.552649999999999753e-01,2.426260000000000083e-01,5.335999999999999632e-01,7.863399999999999557e-02,5.151780000000000248e-01,5.014039999999999608e-01,7.608939999999999593e-01,1.487789999999999946e-01,4.331079999999999930e-01,2.436429999999999985e-01,4.660989999999999855e-01,1.808939999999999992e-01,3.680860000000000243e-01,4.063479999999999870e-01,3.662340000000000040e-01,4.030529999999999946e-01,3.747170000000000223e-01,3.381819999999999826e-01,1.727019999999999944e-01,4.662220000000000253e-01,4.075699999999999878e-01,4.832770000000000121e-01,2.544270000000000143e-01,5.290939999999999532e-01
-8.520400000000000196e-02,1.375889999999999891e-01,7.316650000000000098e-01,4.881849999999999801e-01,1.000000000000000000e+00,2.198420000000000096e-01,3.488129999999999842e-01,7.247999999999999998e-01,6.175749999999999851e-01,6.024730000000000363e-01,7.816079999999999695e-01,7.543739999999999890e-01,7.230069999999999553e-01,6.019999999999999796e-01,4.877139999999999809e-01,-7.062799999999999634e-02,2.043210000000000026e-01,5.049320000000000475e-01,7.549029999999999907e-01,6.569629999999999637e-01,5.586320000000000174e-01,4.354939999999999922e-01,6.918309999999999738e-01,4.958679999999999755e-01,1.683799999999999880e-02,3.770299999999999763e-01,6.410209999999999519e-01,7.588829999999999742e-01,1.561889999999999945e-01,3.820950000000000180e-01,2.585390000000000188e-01,-4.632419999999999871e-01,-4.071319999999999939e-01,-1.378149999999999931e-01,1.344849999999999934e-01,3.286789999999999989e-01,2.759469999999999978e-01,5.046730000000000382e-01,-5.139320000000000555e-01,-3.615229999999999833e-01,5.738300000000000345e-02,4.209000000000000068e-03,4.573940000000000228e-01,4.155699999999999950e-01,4.727549999999999808e-01,-3.552980000000000027e-01,3.963010000000000144e-01,6.973610000000000086e-01,5.330730000000000190e-01,7.647030000000000216e-01,6.640909999999999869e-01,8.192009999999999570e-01,7.260940000000000172e-01,6.251010000000000177e-01,7.103509999999999547e-01,6.830600000000000005e-01,7.559839999999999893e-01,8.201009999999999689e-01,5.869170000000000220e-01,5.692009999999999570e-01,2.845139999999999891e-01,5.452979999999999494e-01,5.260829999999999673e-01,6.455469999999999819e-01,6.704639999999999489e-01,5.498750000000000027e-01,5.998390000000000111e-01,7.000189999999999468e-01,4.473079999999999834e-01,1.727349999999999997e-01,5.109799999999999898e-01,6.400259999999999838e-01,7.701090000000000435e-01,3.999710000000000210e-01,3.210290000000000088e-01,4.807159999999999767e-01
3.303459999999999730e-01,6.253809999999999647e-01,4.566129999999999911e-01,8.675199999999999578e-02,2.198420000000000096e-01,1.000000000000000000e+00,1.017190000000000039e-01,4.174120000000000053e-01,5.152839999999999643e-01,4.242520000000000180e-01,3.403869999999999951e-01,2.038419999999999954e-01,5.317619999999999569e-01,6.000899999999999984e-02,1.798079999999999956e-01,2.834130000000000260e-01,2.691799999999999748e-01,2.976170000000000204e-01,3.564820000000000211e-01,2.942960000000000020e-01,4.187600000000000211e-01,2.302849999999999897e-01,5.298159999999999537e-01,3.059089999999999865e-01,6.894280000000000408e-01,6.380029999999999868e-01,4.203560000000000074e-01,3.533410000000000162e-01,5.264389999999999903e-01,2.094580000000000053e-01,2.987369999999999748e-01,-1.161709999999999965e-01,1.181549999999999961e-01,-3.573099999999999887e-02,-8.956500000000000572e-02,3.059959999999999902e-01,-1.849400000000000002e-02,7.366899999999999837e-02,-1.473720000000000030e-01,1.351999999999999903e-03,-4.033199999999999980e-02,-1.723770000000000024e-01,1.605149999999999910e-01,-7.293299999999999783e-02,3.265730000000000022e-01,-1.620169999999999944e-01,3.698449999999999793e-01,5.534970000000000168e-01,2.572570000000000134e-01,4.883859999999999868e-01,4.582370000000000054e-01,3.997809999999999975e-01,3.913209999999999744e-01,5.193710000000000271e-01,2.062269999999999937e-01,3.419749999999999734e-01,2.425460000000000116e-01,3.319819999999999993e-01,-4.051899999999999946e-02,2.453730000000000078e-01,8.073999999999999580e-03,1.166080000000000033e-01,6.285599999999999521e-02,4.944859999999999811e-01,3.131329999999999947e-01,2.169919999999999904e-01,2.048780000000000046e-01,4.076350000000000251e-01,2.166700000000000015e-01,3.473430000000000129e-01,3.150680000000000147e-01,3.861899999999999777e-01,3.030430000000000068e-01,3.471190000000000109e-01,3.632170000000000121e-01,1.496580000000000132e-01
-2.240719999999999934e-01,1.641900000000000026e-01,2.656199999999999881e-02,7.315019999999999856e-01,3.488129999999999842e-01,1.017190000000000039e-01,1.000000000000000000e+00,3.328799999999999815e-02,-1.723379999999999912e-01,5.274990000000000512e-01,-3.901899999999999813e-02,1.741610000000000102e-01,8.932199999999999862e-02,3.995600000000000263e-01,-1.068039999999999962e-01,2.690069999999999961e-01,-2.020869999999999889e-01,1.442730000000000123e-01,3.325499999999999984e-02,5.491499999999999854e-02,1.661189999999999889e-01,8.416300000000000170e-02,2.255209999999999992e-01,-1.655230000000000035e-01,1.049899999999999965e-02,-1.767459999999999865e-01,1.525720000000000132e-01,1.345320000000000127e-01,3.748690000000000078e-01,8.000300000000000467e-02,2.764070000000000138e-01,3.017989999999999839e-01,-2.112999999999999878e-01,3.871129999999999849e-01,5.881990000000000274e-01,3.246970000000000134e-01,7.204439999999999733e-01,6.739119999999999555e-01,2.499429999999999985e-01,9.697899999999999576e-02,4.231079999999999841e-01,3.733299999999999952e-01,6.840110000000000356e-01,7.560270000000000046e-01,4.188769999999999993e-01,1.031880000000000019e-01,1.968860000000000054e-01,6.556900000000000228e-02,3.861439999999999872e-01,1.534010000000000096e-01,2.239279999999999882e-01,4.985129999999999839e-01,2.100460000000000105e-01,1.049309999999999965e-01,4.253799999999999804e-01,-1.194759999999999989e-01,2.114590000000000081e-01,2.933629999999999849e-01,6.696480000000000210e-01,-4.313600000000000073e-02,4.955229999999999912e-01,1.543680000000000052e-01,3.626780000000000004e-01,5.862599999999999756e-02,1.392940000000000011e-01,2.006699999999999873e-01,1.576849999999999918e-01,1.740289999999999893e-01,2.333119999999999916e-01,2.029370000000000063e-01,-6.942299999999999860e-02,3.599120000000000097e-01,1.622629999999999906e-01,4.724249999999999838e-01,1.409320000000000017e-01,4.109439999999999760e-01
-2.211799999999999877e-02,1.089190000000000019e-01,8.553239999999999732e-01,3.477999999999999980e-01,7.247999999999999998e-01,4.174120000000000053e-01,3.328799999999999815e-02,1.000000000000000000e+00,6.276059999999999972e-01,4.061190000000000078e-01,8.058140000000000303e-01,7.463279999999999914e-01,8.038070000000000492e-01,5.572690000000000143e-01,6.408380000000000187e-01,-2.387990000000000113e-01,1.854329999999999867e-01,5.424700000000000077e-01,8.091749999999999776e-01,6.943949999999999845e-01,6.846769999999999801e-01,4.042169999999999930e-01,8.969260000000000010e-01,5.766550000000000287e-01,1.466449999999999976e-01,5.195619999999999683e-01,6.157319999999999460e-01,7.663839999999999542e-01,1.119210000000000066e-01,4.019690000000000207e-01,2.503639999999999755e-01,-5.278030000000000221e-01,-4.451559999999999961e-01,-2.319410000000000083e-01,5.069400000000000295e-02,4.358779999999999877e-01,1.334259999999999891e-01,1.769409999999999872e-01,-5.270179999999999865e-01,-5.178110000000000213e-01,-6.813900000000000512e-02,-3.174600000000000338e-02,3.767889999999999850e-01,2.061149999999999927e-01,3.232590000000000185e-01,-3.660050000000000248e-01,3.592529999999999890e-01,8.342450000000000143e-01,4.916769999999999752e-01,7.046480000000000521e-01,7.607720000000000038e-01,6.470599999999999685e-01,9.288370000000000237e-01,5.789670000000000094e-01,5.987649999999999917e-01,7.480529999999999680e-01,7.918169999999999931e-01,7.974280000000000257e-01,3.856840000000000268e-01,6.865480000000000471e-01,7.793300000000000227e-02,4.897810000000000219e-01,5.001910000000000522e-01,7.289280000000000204e-01,6.707039999999999669e-01,6.196979999999999711e-01,5.299800000000000066e-01,8.855830000000000091e-01,4.351099999999999968e-01,2.730710000000000082e-01,6.442579999999999973e-01,5.776289999999999480e-01,7.837659999999999627e-01,3.239719999999999822e-01,3.667569999999999997e-01,4.249999999999999889e-01
4.133800000000000252e-01,2.529790000000000094e-01,8.139150000000000551e-01,-2.033099999999999838e-02,6.175749999999999851e-01,5.152839999999999643e-01,-1.723379999999999912e-01,6.276059999999999972e-01,1.000000000000000000e+00,3.106630000000000225e-01,8.464970000000000550e-01,5.388889999999999514e-01,5.770640000000000214e-01,1.328590000000000049e-01,4.702930000000000166e-01,-4.884800000000000253e-02,4.364299999999999846e-01,2.392640000000000045e-01,7.701850000000000085e-01,6.656720000000000415e-01,4.890650000000000275e-01,3.958880000000000177e-01,6.021619999999999751e-01,6.833069999999999977e-01,3.510980000000000212e-01,7.001359999999999806e-01,7.443990000000000329e-01,5.708429999999999893e-01,1.961450000000000138e-01,3.993220000000000103e-01,1.180709999999999954e-01,-5.797879999999999701e-01,3.783600000000000158e-02,-3.089819999999999789e-01,-2.720609999999999973e-01,9.770000000000000039e-04,-2.783789999999999876e-01,1.091460000000000069e-01,-5.879889999999999839e-01,-2.310510000000000064e-01,-1.626479999999999870e-01,-2.134290000000000076e-01,-9.814100000000000601e-02,-2.009960000000000080e-01,4.072479999999999989e-01,-3.549530000000000185e-01,4.514040000000000274e-01,8.062859999999999472e-01,2.313119999999999898e-01,8.107370000000000410e-01,6.434210000000000207e-01,6.060710000000000264e-01,5.831790000000000029e-01,8.281330000000000080e-01,4.306929999999999925e-01,8.146550000000000180e-01,5.315050000000000052e-01,4.816840000000000011e-01,-1.010899999999999993e-02,5.376300000000000523e-01,-3.109200000000000158e-02,3.340620000000000256e-01,1.137869999999999993e-01,7.958889999999999576e-01,5.627299999999999525e-01,3.981930000000000192e-01,4.678660000000000041e-01,6.293600000000000305e-01,3.711110000000000242e-01,2.860929999999999862e-01,6.189710000000000489e-01,5.885759999999999881e-01,5.299430000000000529e-01,2.244220000000000104e-01,3.323300000000000143e-01,1.706840000000000024e-01
3.194000000000000311e-02,4.531580000000000052e-01,4.556399999999999895e-01,5.363940000000000374e-01,6.024730000000000363e-01,4.242520000000000180e-01,5.274990000000000512e-01,4.061190000000000078e-01,3.106630000000000225e-01,1.000000000000000000e+00,4.163229999999999986e-01,6.219029999999999836e-01,5.335499999999999687e-01,4.369870000000000143e-01,1.850300000000000000e-01,3.593009999999999815e-01,2.415259999999999907e-01,5.283489999999999576e-01,4.376659999999999995e-01,4.263020000000000143e-01,4.619719999999999938e-01,4.281960000000000210e-01,5.000400000000000400e-01,3.970449999999999813e-01,2.728740000000000054e-01,3.966810000000000058e-01,5.204560000000000297e-01,5.116530000000000244e-01,4.201139999999999874e-01,2.568949999999999845e-01,4.867739999999999845e-01,-3.595999999999999891e-02,-1.273620000000000030e-01,1.846579999999999888e-01,2.931150000000000144e-01,4.382980000000000209e-01,4.732089999999999907e-01,6.285300000000000331e-01,-1.115389999999999993e-01,5.457000000000000045e-02,2.274869999999999948e-01,3.543999999999999841e-03,6.080830000000000402e-01,4.729920000000000235e-01,6.122680000000000344e-01,-6.612500000000000322e-02,4.086190000000000100e-01,4.962920000000000109e-01,6.021600000000000286e-01,5.077970000000000539e-01,4.748870000000000036e-01,6.230970000000000120e-01,4.859160000000000146e-01,4.686389999999999723e-01,6.206700000000000550e-01,3.326410000000000200e-01,6.209139999999999660e-01,5.784690000000000110e-01,4.546180000000000221e-01,2.770549999999999957e-01,4.760210000000000274e-01,5.084720000000000351e-01,4.927980000000000138e-01,4.773160000000000180e-01,4.836539999999999728e-01,4.261519999999999753e-01,5.181529999999999747e-01,4.433750000000000191e-01,5.968160000000000132e-01,3.471600000000000241e-01,3.217340000000000200e-01,5.536590000000000122e-01,5.307100000000000151e-01,4.967199999999999949e-01,2.504069999999999907e-01,5.127140000000000031e-01
2.434540000000000037e-01,1.186719999999999997e-01,9.308370000000000255e-01,1.924760000000000082e-01,7.816079999999999695e-01,3.403869999999999951e-01,-3.901899999999999813e-02,8.058140000000000303e-01,8.464970000000000550e-01,4.163229999999999986e-01,1.000000000000000000e+00,7.531449999999999534e-01,6.379470000000000418e-01,4.136690000000000089e-01,5.578279999999999905e-01,-1.519469999999999987e-01,3.820899999999999852e-01,3.627920000000000034e-01,8.969190000000000218e-01,7.071669999999999900e-01,5.814390000000000391e-01,3.836120000000000085e-01,7.444530000000000314e-01,7.259160000000000057e-01,1.489389999999999881e-01,6.150280000000000191e-01,7.424349999999999561e-01,7.005259999999999820e-01,4.584099999999999980e-02,4.372679999999999900e-01,1.319859999999999922e-01,-6.773090000000000499e-01,-2.053869999999999862e-01,-3.164770000000000083e-01,-5.776599999999999790e-02,1.420939999999999981e-01,-8.136599999999999389e-02,2.298060000000000103e-01,-6.930399999999999894e-01,-4.314080000000000137e-01,-1.151139999999999941e-01,-5.949600000000000027e-02,1.447360000000000035e-01,4.399700000000000139e-02,4.356479999999999797e-01,-4.435450000000000226e-01,4.379819999999999824e-01,8.949610000000000065e-01,3.810680000000000178e-01,8.464359999999999662e-01,6.946590000000000265e-01,6.821979999999999711e-01,7.420080000000000009e-01,7.817840000000000344e-01,5.972750000000000004e-01,9.273080000000000211e-01,7.080330000000000235e-01,6.538450000000000095e-01,2.566979999999999817e-01,6.160860000000000225e-01,7.591599999999999737e-02,4.526370000000000116e-01,3.017389999999999795e-01,8.546899999999999498e-01,6.288749999999999618e-01,5.025579999999999492e-01,5.509309999999999485e-01,7.433950000000000280e-01,4.685630000000000073e-01,2.576269999999999949e-01,6.338240000000000540e-01,6.148000000000000131e-01,6.884160000000000279e-01,2.240229999999999999e-01,3.194989999999999775e-01,3.264059999999999739e-01
1.769000000000000086e-02,-7.183000000000000149e-03,7.122370000000000090e-01,4.032789999999999986e-01,7.543739999999999890e-01,2.038419999999999954e-01,1.741610000000000102e-01,7.463279999999999914e-01,5.388889999999999514e-01,6.219029999999999836e-01,7.531449999999999534e-01,1.000000000000000000e+00,6.770159999999999512e-01,5.103659999999999863e-01,4.987079999999999846e-01,-1.736459999999999948e-01,3.154239999999999822e-01,4.680270000000000263e-01,6.669289999999999941e-01,6.865489999999999648e-01,5.614670000000000494e-01,3.566639999999999810e-01,6.848980000000000068e-01,7.907340000000000479e-01,-5.779999999999999721e-02,4.553059999999999885e-01,6.172600000000000309e-01,7.401830000000000354e-01,9.238899999999999890e-02,4.647089999999999832e-01,2.343339999999999868e-01,-6.154990000000000183e-01,-2.829579999999999873e-01,-2.551780000000000159e-01,1.253559999999999952e-01,2.677450000000000108e-01,1.209049999999999986e-01,4.488240000000000007e-01,-6.496750000000000025e-01,-3.790270000000000028e-01,-6.212999999999999773e-02,-1.383400000000000081e-02,3.183880000000000043e-01,2.421570000000000111e-01,5.200649999999999995e-01,-3.793869999999999743e-01,3.132619999999999849e-01,7.059619999999999784e-01,4.425209999999999977e-01,5.876599999999999602e-01,5.318720000000000114e-01,6.630570000000000075e-01,6.913960000000000106e-01,5.035190000000000499e-01,7.730230000000000157e-01,6.644569999999999643e-01,8.588099999999999623e-01,7.149029999999999552e-01,4.080329999999999790e-01,5.466590000000000060e-01,1.457140000000000102e-01,5.218620000000000481e-01,4.046440000000000037e-01,5.814110000000000111e-01,6.118660000000000210e-01,5.514700000000000157e-01,5.182409999999999517e-01,7.096890000000000143e-01,6.352769999999999806e-01,1.318070000000000075e-01,5.372280000000000388e-01,5.679849999999999621e-01,7.666680000000000161e-01,2.934129999999999794e-01,2.709239999999999982e-01,4.335240000000000204e-01
-1.136699999999999933e-01,3.428289999999999949e-01,6.538979999999999793e-01,2.998810000000000087e-01,7.230069999999999553e-01,5.317619999999999569e-01,8.932199999999999862e-02,8.038070000000000492e-01,5.770640000000000214e-01,5.335499999999999687e-01,6.379470000000000418e-01,6.770159999999999512e-01,1.000000000000000000e+00,4.369469999999999743e-01,5.303689999999999793e-01,-1.396900000000000051e-02,2.690540000000000154e-01,7.491240000000000121e-01,6.368909999999999849e-01,6.349909999999999721e-01,5.478730000000000544e-01,4.629260000000000042e-01,7.020499999999999519e-01,4.777830000000000132e-01,2.829209999999999781e-01,5.793819999999999526e-01,5.141120000000000134e-01,8.122230000000000283e-01,2.594469999999999832e-01,3.199640000000000262e-01,3.546940000000000093e-01,-4.517070000000000252e-01,-3.817159999999999997e-01,-1.978300000000000058e-01,-5.332400000000000334e-02,4.727149999999999963e-01,1.008659999999999973e-01,1.984430000000000083e-01,-5.040519999999999445e-01,-3.525090000000000168e-01,-7.143299999999999650e-02,-1.299949999999999994e-01,3.139859999999999873e-01,1.749759999999999927e-01,3.097630000000000106e-01,-3.399030000000000107e-01,3.618750000000000022e-01,6.440310000000000201e-01,4.830169999999999741e-01,5.992929999999999646e-01,5.949870000000000436e-01,6.048170000000000490e-01,7.120950000000000335e-01,4.636060000000000181e-01,6.135770000000000390e-01,5.780450000000000310e-01,6.827130000000000143e-01,8.646970000000000489e-01,2.602570000000000161e-01,5.782340000000000257e-01,1.640030000000000099e-01,6.207279999999999465e-01,5.649290000000000145e-01,5.294809999999999794e-01,6.116409999999999902e-01,4.843740000000000268e-01,4.874479999999999924e-01,6.659920000000000284e-01,3.343309999999999893e-01,2.249539999999999873e-01,5.792800000000000171e-01,4.467289999999999872e-01,8.277860000000000218e-01,3.797690000000000232e-01,3.427029999999999799e-01,4.006069999999999909e-01
-4.694169999999999732e-01,-1.747140000000000082e-01,4.757000000000000117e-01,5.169939999999999536e-01,6.019999999999999796e-01,6.000899999999999984e-02,3.995600000000000263e-01,5.572690000000000143e-01,1.328590000000000049e-01,4.369870000000000143e-01,4.136690000000000089e-01,5.103659999999999863e-01,4.369469999999999743e-01,1.000000000000000000e+00,3.045050000000000257e-01,-3.384559999999999791e-01,-4.116139999999999799e-01,3.043359999999999954e-01,5.160989999999999744e-01,4.012499999999999956e-01,4.233120000000000216e-01,1.973260000000000014e-01,5.782049999999999690e-01,1.463820000000000121e-01,-2.718309999999999893e-01,-1.026510000000000061e-01,2.129830000000000056e-01,5.671659999999999480e-01,-1.069220000000000032e-01,3.825760000000000272e-01,3.012569999999999970e-01,-1.007190000000000030e-01,-6.673160000000000203e-01,9.096300000000000219e-02,5.568819999999999881e-01,7.317630000000000523e-01,6.341909999999999492e-01,5.230540000000000189e-01,-1.168669999999999987e-01,-4.391709999999999781e-01,2.145179999999999865e-01,2.746770000000000045e-01,7.200940000000000119e-01,6.919440000000000035e-01,4.149010000000000198e-01,-1.305550000000000044e-01,1.755859999999999921e-01,4.456760000000000166e-01,5.856099999999999639e-01,3.512509999999999799e-01,5.007489999999999997e-01,4.473509999999999986e-01,6.561470000000000358e-01,2.436439999999999995e-01,5.422909999999999675e-01,4.198689999999999922e-01,6.393780000000000019e-01,6.477990000000000137e-01,7.191269999999999607e-01,4.094369999999999954e-01,2.407630000000000048e-01,3.519660000000000011e-01,5.793319999999999581e-01,3.935250000000000137e-01,4.365840000000000276e-01,5.306089999999999973e-01,3.479280000000000150e-01,6.167650000000000077e-01,3.666349999999999887e-01,3.088799999999999879e-02,3.200060000000000127e-01,4.346169999999999756e-01,5.992319999999999869e-01,3.002900000000000014e-01,3.410389999999999810e-01,5.407600000000000184e-01
2.081399999999999917e-01,1.293950000000000100e-01,6.135230000000000405e-01,1.150759999999999977e-01,4.877139999999999809e-01,1.798079999999999956e-01,-1.068039999999999962e-01,6.408380000000000187e-01,4.702930000000000166e-01,1.850300000000000000e-01,5.578279999999999905e-01,4.987079999999999846e-01,5.303689999999999793e-01,3.045050000000000257e-01,1.000000000000000000e+00,-3.394799999999999901e-02,1.432470000000000132e-01,5.004119999999999679e-01,6.554269999999999818e-01,7.956710000000000171e-01,7.280910000000000437e-01,7.086419999999999941e-01,6.618020000000000014e-01,5.306330000000000213e-01,2.026779999999999970e-01,5.465799999999999548e-01,5.767109999999999737e-01,6.818330000000000224e-01,2.990430000000000033e-01,4.967759999999999954e-01,4.828479999999999994e-01,-3.318679999999999963e-01,-1.659869999999999957e-01,-7.138899999999999413e-02,-5.063399999999999845e-02,2.174830000000000096e-01,3.601300000000000334e-02,8.351600000000000690e-02,-3.231580000000000008e-01,-2.790420000000000122e-01,6.734800000000000508e-02,2.512800000000000103e-02,1.438810000000000089e-01,8.034600000000000075e-02,2.030099999999999960e-01,-8.855699999999999683e-02,3.871609999999999774e-01,5.148270000000000346e-01,4.370450000000000168e-01,4.334950000000000192e-01,5.756599999999999495e-01,4.216869999999999785e-01,6.134739999999999638e-01,3.103239999999999887e-01,3.931509999999999727e-01,4.672769999999999979e-01,6.024389999999999468e-01,5.809119999999999839e-01,9.800699999999999690e-02,9.070529999999999982e-01,2.373200000000000032e-01,4.354569999999999830e-01,4.743290000000000006e-01,4.751879999999999993e-01,7.524769999999999515e-01,7.199130000000000251e-01,6.768060000000000187e-01,6.629180000000000073e-01,3.852300000000000169e-01,3.734069999999999889e-01,7.129140000000000477e-01,5.167279999999999651e-01,6.723829999999999529e-01,4.397889999999999855e-01,4.473860000000000059e-01,5.545050000000000257e-01
4.662169999999999925e-01,7.237500000000000044e-01,-1.128090000000000065e-01,1.828069999999999973e-01,-7.062799999999999634e-02,2.834130000000000260e-01,2.690069999999999961e-01,-2.387990000000000113e-01,-4.884800000000000253e-02,3.593009999999999815e-01,-1.519469999999999987e-01,-1.736459999999999948e-01,-1.396900000000000051e-02,-3.384559999999999791e-01,-3.394799999999999901e-02,1.000000000000000000e+00,4.142569999999999864e-01,4.226590000000000069e-01,-7.834099999999999397e-02,3.040800000000000100e-02,1.819840000000000069e-01,4.447260000000000102e-01,-8.900199999999999778e-02,-9.513800000000000034e-02,7.031880000000000353e-01,3.750749999999999917e-01,1.502950000000000119e-01,3.742499999999999993e-02,6.943700000000000427e-01,4.264899999999999941e-02,5.487009999999999943e-01,3.166019999999999945e-01,3.594490000000000185e-01,3.862229999999999830e-01,-1.484500000000000056e-02,-3.297699999999999937e-02,1.268249999999999933e-01,1.417130000000000056e-01,2.380899999999999961e-01,4.639490000000000003e-01,2.834659999999999958e-01,-4.182999999999999913e-02,1.074050000000000005e-01,3.426300000000000179e-02,1.105349999999999944e-01,4.147549999999999848e-01,3.114330000000000154e-01,-9.473399999999999876e-02,1.635139999999999927e-01,1.042190000000000061e-01,-5.051699999999999940e-02,1.203029999999999933e-01,-1.867080000000000128e-01,1.272079999999999878e-01,-2.066300000000000081e-02,-2.366350000000000120e-01,-1.202560000000000018e-01,-2.683599999999999874e-02,-9.935299999999999687e-02,-4.641100000000000086e-02,6.057879999999999932e-01,1.059029999999999971e-01,1.706390000000000129e-01,1.519299999999999991e-02,1.169860000000000066e-01,5.665400000000000297e-02,3.414130000000000220e-01,-2.480819999999999970e-01,9.417399999999999383e-02,5.348410000000000108e-01,2.741400000000000087e-02,1.238200000000000064e-02,-2.220600000000000004e-02,3.661650000000000182e-01,1.915060000000000096e-01,3.185620000000000118e-01
6.213729999999999531e-01,3.364320000000000088e-01,3.065579999999999972e-01,-6.052300000000000041e-02,2.043210000000000026e-01,2.691799999999999748e-01,-2.020869999999999889e-01,1.854329999999999867e-01,4.364299999999999846e-01,2.415259999999999907e-01,3.820899999999999852e-01,3.154239999999999822e-01,2.690540000000000154e-01,-4.116139999999999799e-01,1.432470000000000132e-01,4.142569999999999864e-01,1.000000000000000000e+00,3.108090000000000019e-01,2.464899999999999869e-01,2.403200000000000058e-01,1.605310000000000070e-01,2.368460000000000010e-01,9.191000000000000558e-02,5.225090000000000012e-01,3.824960000000000027e-01,6.588739999999999597e-01,3.785339999999999816e-01,2.043919999999999904e-01,2.878490000000000215e-01,1.218769999999999992e-01,5.885800000000000060e-02,-4.517559999999999909e-01,3.799620000000000219e-01,-3.573999999999999955e-01,-4.474069999999999991e-01,-4.237870000000000248e-01,-4.734949999999999992e-01,-1.494389999999999885e-01,-4.937119999999999842e-01,4.990900000000000197e-02,-2.793579999999999952e-01,-3.124319999999999875e-01,-3.494800000000000129e-01,-4.154860000000000220e-01,-3.527199999999999780e-02,-1.392589999999999939e-01,1.861609999999999931e-01,3.309799999999999964e-01,-9.651999999999999469e-02,3.584229999999999916e-01,5.066400000000000070e-02,2.233259999999999967e-01,1.412799999999999993e-02,3.809179999999999788e-01,2.343600000000000128e-01,2.884189999999999809e-01,1.301360000000000017e-01,8.269999999999999574e-02,-2.967469999999999830e-01,1.049820000000000059e-01,3.915799999999999836e-02,2.657300000000000217e-01,-8.690599999999999714e-02,3.344639999999999835e-01,1.776099999999999901e-01,-2.373199999999999962e-02,2.631379999999999830e-01,2.915900000000000089e-02,1.786679999999999935e-01,1.995349999999999902e-01,2.571180000000000132e-01,1.157569999999999988e-01,1.597780000000000034e-01,7.974000000000000185e-03,-1.443499999999999991e-02,2.715599999999999958e-02
-3.203899999999999804e-02,5.142409999999999481e-01,4.212099999999999733e-01,3.727639999999999842e-01,5.049320000000000475e-01,2.976170000000000204e-01,1.442730000000000123e-01,5.424700000000000077e-01,2.392640000000000045e-01,5.283489999999999576e-01,3.627920000000000034e-01,4.680270000000000263e-01,7.491240000000000121e-01,3.043359999999999954e-01,5.004119999999999679e-01,4.226590000000000069e-01,3.108090000000000019e-01,1.000000000000000000e+00,4.835079999999999933e-01,5.581829999999999847e-01,5.779640000000000333e-01,6.920190000000000508e-01,4.949169999999999958e-01,2.706520000000000037e-01,4.547019999999999951e-01,5.341599999999999682e-01,3.891470000000000207e-01,7.189999999999999725e-01,4.199100000000000055e-01,2.850170000000000203e-01,6.700030000000000152e-01,-1.721620000000000095e-01,-3.153969999999999829e-01,1.121479999999999977e-01,3.859200000000000130e-02,4.690860000000000030e-01,2.885139999999999927e-01,2.335899999999999921e-01,-2.507949999999999902e-01,-1.147470000000000018e-01,1.822650000000000103e-01,-5.832299999999999984e-02,4.004090000000000149e-01,2.985229999999999828e-01,1.820759999999999879e-01,5.543800000000000117e-02,4.521569999999999756e-01,3.720970000000000111e-01,5.501239999999999464e-01,3.783520000000000216e-01,4.023039999999999949e-01,4.127719999999999723e-01,5.070230000000000015e-01,2.109020000000000061e-01,5.061330000000000551e-01,2.627510000000000123e-01,5.636710000000000331e-01,7.247609999999999886e-01,2.547760000000000025e-01,5.560950000000000060e-01,5.725740000000000274e-01,6.765799999999999592e-01,7.689810000000000256e-01,3.258539999999999770e-01,6.005200000000000538e-01,5.632840000000000069e-01,6.758870000000000156e-01,4.387860000000000094e-01,3.560940000000000216e-01,5.168479999999999741e-01,5.585419999999999829e-01,2.828510000000000191e-01,7.390619999999999967e-01,4.976869999999999905e-01,3.756680000000000019e-01,6.463820000000000121e-01
1.966449999999999865e-01,2.044739999999999891e-01,9.456059999999999466e-01,2.366000000000000048e-01,7.549029999999999907e-01,3.564820000000000211e-01,3.325499999999999984e-02,8.091749999999999776e-01,7.701850000000000085e-01,4.376659999999999995e-01,8.969190000000000218e-01,6.669289999999999941e-01,6.368909999999999849e-01,5.160989999999999744e-01,6.554269999999999818e-01,-7.834099999999999397e-02,2.464899999999999869e-01,4.835079999999999933e-01,1.000000000000000000e+00,7.664539999999999687e-01,7.194209999999999772e-01,5.653209999999999624e-01,8.011740000000000528e-01,6.683719999999999661e-01,2.326620000000000077e-01,6.160820000000000185e-01,7.034409999999999830e-01,7.723659999999999970e-01,1.161709999999999965e-01,5.330989999999999895e-01,3.657569999999999988e-01,-5.327990000000000226e-01,-2.910739999999999994e-01,-2.046199999999999963e-01,1.196999999999999930e-03,3.295469999999999788e-01,7.736099999999999921e-02,2.522249999999999770e-01,-5.573580000000000201e-01,-4.042879999999999807e-01,-2.064300000000000163e-02,-5.682100000000000345e-02,2.703740000000000032e-01,1.735540000000000138e-01,4.006540000000000101e-01,-2.624529999999999919e-01,5.728889999999999816e-01,8.745359999999999800e-01,5.197920000000000318e-01,7.628589999999999538e-01,8.001300000000000079e-01,6.190250000000000474e-01,7.955060000000000464e-01,6.654459999999999820e-01,5.952849999999999531e-01,8.194179999999999797e-01,7.448719999999999786e-01,7.150560000000000249e-01,3.219210000000000127e-01,7.557690000000000241e-01,2.737689999999999846e-01,5.127490000000000103e-01,4.921929999999999916e-01,8.572650000000000547e-01,7.091870000000000118e-01,7.050189999999999513e-01,6.902890000000000414e-01,8.315550000000000441e-01,5.734909999999999730e-01,4.100349999999999828e-01,7.533170000000000144e-01,6.278359999999999497e-01,7.621499999999999941e-01,3.979949999999999877e-01,4.619900000000000118e-01,5.304839999999999556e-01
2.553289999999999726e-01,2.125460000000000127e-01,7.637629999999999697e-01,2.434310000000000085e-01,6.569629999999999637e-01,2.942960000000000020e-01,5.491499999999999854e-02,6.943949999999999845e-01,6.656720000000000415e-01,4.263020000000000143e-01,7.071669999999999900e-01,6.865489999999999648e-01,6.349909999999999721e-01,4.012499999999999956e-01,7.956710000000000171e-01,3.040800000000000100e-02,2.403200000000000058e-01,5.581829999999999847e-01,7.664539999999999687e-01,1.000000000000000000e+00,7.690930000000000266e-01,8.012129999999999530e-01,7.307730000000000059e-01,6.808480000000000087e-01,2.794079999999999897e-01,6.322259999999999547e-01,7.786279999999999868e-01,8.470239999999999991e-01,4.354219999999999757e-01,7.207329999999999570e-01,5.634230000000000071e-01,-4.017140000000000155e-01,-1.726399999999999879e-01,-2.359999999999999945e-02,7.917499999999999538e-02,2.407870000000000010e-01,1.149919999999999970e-01,3.463419999999999832e-01,-4.070340000000000069e-01,-2.671229999999999993e-01,1.665619999999999878e-01,3.707400000000000279e-02,2.075750000000000095e-01,1.913140000000000118e-01,4.937139999999999862e-01,-1.512860000000000038e-01,5.299199999999999466e-01,6.934040000000000203e-01,5.803469999999999462e-01,6.214939999999999909e-01,6.605820000000000025e-01,6.313680000000000403e-01,6.992899999999999672e-01,5.420660000000000478e-01,6.210489999999999622e-01,5.766670000000000407e-01,7.386559999999999793e-01,7.045519999999999561e-01,1.766149999999999942e-01,8.425160000000000426e-01,3.515139999999999931e-01,5.293090000000000295e-01,5.293870000000000520e-01,6.216580000000000439e-01,9.236710000000000198e-01,7.769519999999999760e-01,8.488679999999999559e-01,7.598799999999999999e-01,5.672810000000000352e-01,4.482360000000000233e-01,7.818869999999999987e-01,6.901580000000000492e-01,8.419839999999999547e-01,5.795449999999999768e-01,6.324130000000000029e-01,6.876989999999999492e-01
