1.000000000000000000e+00,1.283100000000000039e-02,-9.888900000000000468e-02,-3.583800000000000180e-02,-2.494129999999999958e-01,-3.567379999999999995e-01,-8.515300000000000646e-02,-5.872499999999999942e-02,-2.580760000000000276e-01,-1.325010000000000077e-01,-2.578659999999999841e-01,-2.312039999999999929e-01,8.873399999999999344e-02,-3.050390000000000046e-01,4.151859999999999995e-01,5.851920000000000455e-01,1.229129999999999945e-01,-8.796999999999999265e-03,7.772900000000000642e-02,1.863329999999999986e-01,2.081119999999999914e-01,3.445630000000000082e-01,-3.653300000000000297e-02,-1.187710000000000016e-01,2.221559999999999924e-01,1.482880000000000031e-01,-2.179709999999999981e-01,7.005200000000000315e-02,4.454350000000000254e-01,5.182500000000000301e-02,4.036759999999999793e-01,2.931980000000000142e-01,5.598399999999999904e-02,8.262200000000000100e-02,4.556000000000000050e-01,3.639580000000000037e-01,-5.365299999999999930e-02,2.414209999999999967e-01,4.401000000000000051e-02,5.011600000000000082e-02,2.396200000000000066e-02,4.968199999999999839e-01,3.430980000000000141e-01,-9.910199999999999565e-02,3.203940000000000121e-01,5.482650000000000023e-01,1.767900000000000027e-02,-7.305300000000000682e-02,-8.542800000000000393e-02,-2.583590000000000053e-01,-2.702919999999999767e-01,-1.700609999999999900e-01,6.637300000000000144e-02,-3.731090000000000240e-01,-3.534500000000000142e-02,-8.870599999999999319e-02,-2.570640000000000147e-01,-1.582089999999999885e-01,-2.699179999999999913e-01,3.012599999999999723e-01,4.837859999999999938e-01,-2.033400000000000138e-02,-4.045100000000000084e-02,5.667000000000000162e-03,5.758200000000000124e-02,2.989609999999999768e-01,3.056260000000000088e-01,-2.245399999999999827e-02,-1.478039999999999909e-01,2.223569999999999991e-01,2.240570000000000062e-01,-2.362410000000000065e-01,-5.906100000000000239e-02,2.328530000000000044e-01,7.637900000000000245e-02,4.131449999999999845e-01
1.283100000000000039e-02,1.000000000000000000e+00,-3.883999999999999952e-02,7.676800000000000290e-02,-8.502700000000000535e-02,5.261609999999999898e-01,1.207239999999999980e-01,3.781709999999999794e-01,-4.666900000000000215e-02,-1.108309999999999990e-01,-1.874319999999999875e-01,-1.544449999999999990e-01,4.738919999999999799e-01,-2.978469999999999729e-01,9.433500000000000218e-02,4.438230000000000230e-01,2.174510000000000054e-01,6.005380000000000162e-01,2.697099999999999845e-02,2.506979999999999764e-01,1.689640000000000031e-01,3.005419999999999758e-01,3.459690000000000265e-01,-7.360400000000000276e-02,6.854519999999999502e-01,7.390740000000000087e-01,7.738699999999999746e-02,1.967119999999999980e-01,1.485420000000000074e-01,1.271130000000000038e-01,4.893800000000000233e-02,7.812800000000000300e-02,2.323840000000000072e-01,1.647129999999999983e-01,1.458649999999999947e-01,3.653239999999999821e-01,-1.649789999999999868e-01,1.682300000000000115e-02,-2.322750000000000092e-01,1.832459999999999922e-01,1.334990000000000065e-01,-3.380199999999999871e-02,3.499530000000000141e-01,1.522940000000000127e-01,1.879270000000000107e-01,-3.279759999999999898e-01,4.975240000000000218e-01,1.695530000000000093e-01,5.088999999999999774e-03,-2.051999999999999935e-01,2.206639999999999990e-01,-1.453240000000000087e-01,3.833230000000000248e-01,-9.861899999999999833e-02,-1.570020000000000027e-01,-4.706400000000000167e-02,-2.034199999999999897e-02,1.020399999999999953e-02,-3.503149999999999875e-01,6.862500000000000544e-02,-6.656099999999999517e-02,5.385500000000000009e-02,2.674110000000000098e-01,7.557300000000000129e-02,1.725430000000000019e-01,-1.058100000000000013e-02,1.592860000000000109e-01,1.681169999999999887e-01,-1.713989999999999958e-01,2.717629999999999768e-01,3.231919999999999793e-01,5.935800000000000104e-02,1.958940000000000126e-01,-9.715699999999999337e-02,1.530690000000000106e-01,-1.930489999999999984e-01
-9.888900000000000468e-02,-3.883999999999999952e-02,1.000000000000000000e+00,4.799199999999999994e-02,1.127940000000000054e-01,1.168229999999999963e-01,-1.606849999999999945e-01,3.240669999999999940e-01,2.149240000000000039e-01,5.101300000000000279e-02,6.224490000000000300e-01,2.112910000000000066e-01,1.151760000000000006e-01,1.184329999999999966e-01,1.718820000000000070e-01,-1.460999999999999972e-02,1.330260000000000054e-01,1.347720000000000029e-01,5.747780000000000111e-01,1.744800000000000170e-02,-1.983000000000000040e-01,6.759800000000000531e-02,4.419239999999999835e-01,5.120700000000000252e-02,-1.884419999999999984e-01,-1.018870000000000053e-01,1.130570000000000047e-01,4.461899999999999894e-02,-1.568019999999999969e-01,1.521949999999999970e-01,-2.391919999999999880e-01,-2.771699999999999858e-02,-2.908399999999999874e-01,-2.442000000000000004e-01,-4.821000000000000285e-02,-3.096360000000000223e-01,-7.247199999999999476e-02,-3.666940000000000199e-01,8.401799999999999546e-02,-4.809700000000000086e-01,-1.390379999999999949e-01,-8.567099999999999715e-02,-2.455350000000000033e-01,6.249799999999999800e-02,-4.171230000000000215e-01,-3.082440000000000180e-01,-3.120299999999999740e-01,6.821019999999999861e-01,-6.948300000000000309e-02,8.397999999999999909e-02,7.846899999999999709e-02,4.392000000000000071e-02,1.332319999999999893e-01,2.828180000000000138e-01,-1.579260000000000108e-01,6.776229999999999754e-01,7.517699999999999383e-02,2.760889999999999733e-01,2.954180000000000139e-01,7.523000000000000520e-02,-3.753330000000000277e-01,3.206400000000000222e-02,-2.007029999999999925e-01,6.878539999999999655e-01,1.501230000000000064e-01,-3.362060000000000048e-01,4.905400000000000038e-02,2.383639999999999926e-01,1.444699999999999977e-02,-3.810549999999999771e-01,-4.261119999999999908e-01,6.451900000000000690e-02,1.356680000000000108e-01,-1.794070000000000109e-01,1.466989999999999961e-01,-2.003979999999999928e-01
-3.583800000000000180e-02,7.676800000000000290e-02,4.799199999999999994e-02,1.000000000000000000e+00,-1.168089999999999962e-01,1.476290000000000102e-01,1.843740000000000101e-01,2.665700000000000014e-02,4.212500000000000272e-02,-2.358100000000000127e-02,-3.113199999999999995e-02,1.927709999999999979e-01,2.019519999999999926e-01,-1.403399999999999960e-02,-7.504099999999999659e-02,5.393900000000000083e-02,-8.867800000000000682e-02,1.176299999999999985e-01,5.927199999999999830e-02,1.879589999999999872e-01,-2.078200000000000047e-01,7.156899999999999373e-02,4.897399999999999670e-02,1.165729999999999961e-01,-5.087200000000000055e-02,2.267129999999999979e-01,7.148699999999999499e-02,3.197380000000000222e-01,1.789800000000000071e-02,3.235699999999999688e-02,2.412999999999999867e-02,-7.211800000000000155e-02,-4.894699999999999745e-02,-5.503399999999999959e-02,9.464899999999999702e-02,2.051240000000000008e-01,2.743399999999999728e-01,1.571549999999999891e-01,1.099480000000000041e-01,5.278000000000000053e-02,1.607799999999999854e-02,6.009999999999999717e-03,3.487100000000000199e-01,3.992740000000000178e-01,1.509999999999999953e-01,-1.570900000000000074e-02,-2.085300000000000001e-02,6.596100000000000574e-02,4.602099999999999941e-02,-1.711050000000000071e-01,-1.115909999999999958e-01,-2.110549999999999926e-01,1.267099999999999997e-02,-2.514900000000000121e-02,-7.828799999999999648e-02,2.428900000000000156e-02,1.098750000000000004e-01,-1.569979999999999987e-01,-8.868600000000000094e-02,-1.017149999999999999e-01,-5.516599999999999976e-02,-2.249390000000000001e-01,-7.191799999999999582e-02,6.783999999999999753e-02,1.068879999999999969e-01,-2.117809999999999970e-01,1.554999999999999959e-02,1.121199999999999974e-02,1.247260000000000035e-01,-8.446900000000000241e-02,1.304690000000000016e-01,5.078599999999999781e-02,1.026429999999999981e-01,-1.352410000000000001e-01,-6.922699999999999687e-02,-1.965689999999999937e-01
-2.494129999999999958e-01,-8.502700000000000535e-02,1.127940000000000054e-01,-1.168089999999999962e-01,1.000000000000000000e+00,4.629369999999999874e-01,2.785389999999999810e-01,2.960389999999999966e-01,7.790310000000000290e-01,3.468000000000000162e-03,5.760610000000000452e-01,8.651999999999999968e-03,1.376950000000000118e-01,4.060670000000000113e-01,1.715980000000000005e-01,-2.828970000000000096e-01,9.916600000000000414e-02,2.535199999999999954e-02,1.603080000000000060e-01,8.601300000000000612e-02,1.396950000000000136e-01,-4.360000000000000269e-04,1.562260000000000038e-01,2.090799999999999950e-02,-1.943040000000000045e-01,-1.283090000000000064e-01,3.923139999999999961e-01,3.695220000000000171e-01,-2.605999999999999810e-03,4.250889999999999946e-01,1.855330000000000035e-01,9.248000000000000664e-02,-3.215359999999999885e-01,-2.795900000000000052e-01,-4.166369999999999796e-01,-1.427640000000000020e-01,5.953399999999999664e-02,-1.794389999999999874e-01,4.561799999999999883e-02,-3.392930000000000113e-01,-2.411919999999999897e-01,-3.047130000000000116e-01,2.825099999999999834e-02,2.600850000000000106e-01,-1.795930000000000026e-01,-3.269199999999999884e-02,-1.356340000000000046e-01,2.514529999999999821e-01,4.649050000000000127e-01,7.667110000000000314e-01,4.835650000000000226e-01,3.822459999999999747e-01,2.567289999999999850e-01,8.330440000000000067e-01,1.762839999999999963e-01,3.391259999999999830e-01,1.024410000000000043e-01,4.540060000000000207e-01,4.515250000000000097e-01,1.796250000000000069e-01,-2.798399999999999777e-01,1.837640000000000107e-01,1.694450000000000123e-01,1.773550000000000126e-01,2.829059999999999908e-01,1.818400000000000016e-01,1.329279999999999906e-01,2.272790000000000088e-01,-5.958800000000000208e-02,-1.464870000000000061e-01,-1.392660000000000009e-01,4.940229999999999899e-01,5.965150000000000174e-01,2.325139999999999985e-01,5.343130000000000379e-01,2.425110000000000043e-01
-3.567379999999999995e-01,5.261609999999999898e-01,1.168229999999999963e-01,1.476290000000000102e-01,4.629369999999999874e-01,1.000000000000000000e+00,4.152879999999999905e-01,5.674420000000000019e-01,5.201000000000000068e-01,9.013999999999999443e-03,2.344990000000000130e-01,2.108760000000000079e-01,3.571759999999999935e-01,1.982839999999999880e-01,7.216999999999999804e-02,-4.427699999999999692e-02,3.265900000000000053e-02,4.637809999999999988e-01,1.401090000000000113e-01,1.447259999999999935e-01,8.716300000000000436e-02,1.595999999999999979e-03,5.013539999999999663e-01,2.712499999999999911e-01,3.348249999999999837e-01,4.973040000000000238e-01,2.818640000000000034e-01,3.168099999999999805e-01,-5.736499999999999932e-02,2.047470000000000123e-01,-2.803699999999999942e-02,-6.999500000000000166e-02,-1.341529999999999945e-01,-1.249019999999999991e-01,-1.914659999999999973e-01,1.602040000000000131e-01,-1.845000000000000069e-03,3.920499999999999680e-02,-2.169470000000000010e-01,-2.026459999999999928e-01,-8.737999999999999934e-02,-2.529390000000000249e-01,3.074069999999999858e-01,3.000510000000000121e-01,-1.008500000000000021e-02,-4.245470000000000077e-01,2.451460000000000028e-01,2.545229999999999992e-01,2.462239999999999984e-01,3.334010000000000029e-01,5.725419999999999954e-01,1.146019999999999955e-01,4.947320000000000051e-01,4.884769999999999945e-01,-7.310300000000000131e-02,1.734380000000000088e-01,3.439050000000000162e-01,1.958540000000000003e-01,1.394219999999999904e-01,3.674100000000000282e-02,-3.717779999999999974e-01,-3.347999999999999848e-03,1.732380000000000031e-01,1.966060000000000030e-01,2.115350000000000008e-01,-7.030000000000000138e-02,-3.024500000000000105e-02,3.963010000000000144e-01,1.750929999999999986e-01,-5.820899999999999685e-02,1.127260000000000068e-01,2.814570000000000127e-01,3.201240000000000197e-01,-1.619420000000000026e-01,2.418939999999999979e-01,-1.893990000000000118e-01
-8.515300000000000646e-02,1.207239999999999980e-01,-1.606849999999999945e-01,1.843740000000000101e-01,2.785389999999999810e-01,4.152879999999999905e-01,1.000000000000000000e+00,-2.887699999999999989e-02,1.992089999999999972e-01,-1.348759999999999959e-01,-1.081779999999999964e-01,-6.574499999999999789e-02,1.666630000000000056e-01,7.986000000000000043e-03,-1.062349999999999961e-01,-1.191409999999999969e-01,-1.212639999999999968e-01,1.557949999999999890e-01,-1.269409999999999983e-01,1.632999999999999903e-03,1.846399999999999986e-01,-2.075000000000000108e-02,-1.303420000000000134e-01,-2.529700000000000004e-02,2.133899999999999963e-01,7.385799999999999310e-02,5.617400000000000171e-01,1.699360000000000037e-01,2.821400000000000019e-01,-1.152000000000000073e-02,2.203819999999999946e-01,1.117620000000000002e-01,-1.425770000000000093e-01,-8.960799999999999321e-02,-5.955699999999999883e-02,8.914700000000000402e-02,2.245590000000000086e-01,1.993520000000000014e-01,1.387369999999999992e-01,-9.951699999999999435e-02,-1.525110000000000077e-01,-5.926999999999999977e-03,6.416900000000000381e-02,2.190489999999999937e-01,1.488690000000000013e-01,1.313519999999999965e-01,2.935409999999999964e-01,2.067099999999999840e-02,1.017529999999999962e-01,1.648719999999999908e-01,1.823369999999999991e-01,5.137059999999999960e-01,7.774399999999999367e-02,2.397309999999999997e-01,8.604000000000000536e-03,-8.489499999999999824e-02,-9.799499999999999877e-02,-7.706000000000000176e-03,-1.063120000000000037e-01,-1.014290000000000053e-01,1.231369999999999965e-01,-1.954930000000000001e-01,2.761529999999999818e-01,-7.349700000000000677e-02,9.220499999999999530e-02,1.678649999999999864e-01,1.333100000000000084e-02,5.935200000000000198e-02,-3.555000000000000000e-03,2.543119999999999825e-01,2.214569999999999872e-01,5.162900000000000267e-01,-3.605999999999999830e-03,3.197189999999999754e-01,3.537000000000000213e-03,9.057999999999999385e-02
-5.872499999999999942e-02,3.781709999999999794e-01,3.240669999999999940e-01,2.665700000000000014e-02,2.960389999999999966e-01,5.674420000000000019e-01,-2.887699999999999989e-02,1.000000000000000000e+00,2.224180000000000046e-01,-1.947700000000000126e-02,2.464530000000000054e-01,1.272800000000000042e-01,2.096419999999999950e-01,1.839929999999999899e-01,2.503259999999999930e-01,-7.113500000000000378e-02,-4.700700000000000017e-02,1.110199999999999937e-01,2.610460000000000003e-01,2.468470000000000109e-01,2.491730000000000056e-01,1.067759999999999959e-01,8.042449999999999877e-01,2.990079999999999960e-01,1.767489999999999895e-01,5.573270000000000168e-01,-7.857100000000000195e-02,1.889180000000000026e-01,-2.844869999999999899e-01,4.282679999999999820e-01,6.898999999999999751e-03,1.317669999999999952e-01,1.189420000000000061e-01,4.469900000000000262e-02,-9.062299999999999522e-02,1.370159999999999989e-01,1.788599999999999912e-02,-5.139500000000000318e-02,-1.900000000000000105e-04,1.107600000000000078e-02,1.154939999999999994e-01,-1.237270000000000036e-01,3.428390000000000049e-01,2.079529999999999990e-01,7.465600000000000014e-02,-2.584290000000000198e-01,2.264400000000000093e-02,3.110249999999999959e-01,2.217369999999999897e-01,1.414249999999999952e-01,3.718589999999999951e-01,-2.824700000000000127e-02,7.787100000000000133e-01,2.006310000000000038e-01,8.550099999999999367e-02,2.614730000000000110e-01,3.685809999999999920e-01,2.768709999999999782e-01,2.342299999999999938e-01,1.767019999999999980e-01,-4.687000000000000055e-01,5.667699999999999821e-02,-1.581909999999999983e-01,2.785389999999999810e-01,3.354579999999999784e-01,4.153199999999999947e-02,4.322299999999999753e-02,5.789699999999999847e-01,9.825499999999999512e-02,-1.653959999999999875e-01,1.569240000000000079e-01,-9.012499999999999678e-02,3.657730000000000148e-01,-2.982000000000000206e-01,4.478920000000000123e-01,-4.788999999999999854e-03
-2.580760000000000276e-01,-4.666900000000000215e-02,2.149240000000000039e-01,4.212500000000000272e-02,7.790310000000000290e-01,5.201000000000000068e-01,1.992089999999999972e-01,2.224180000000000046e-01,1.000000000000000000e+00,-4.340299999999999714e-02,6.334419999999999495e-01,3.205299999999999816e-02,1.079969999999999958e-01,3.166570000000000218e-01,2.965380000000000238e-01,-2.267440000000000011e-01,-5.600399999999999823e-02,7.316100000000000381e-02,4.436490000000000156e-01,2.699340000000000073e-01,-8.988000000000000156e-02,8.710099999999999787e-02,2.029489999999999905e-01,1.020300000000000026e-02,-1.694849999999999968e-01,-4.761200000000000154e-02,3.593319999999999848e-01,2.844249999999999834e-01,-2.002299999999999913e-02,1.630739999999999967e-01,4.509799999999999920e-02,6.429600000000000593e-02,-5.595759999999999623e-01,-3.730470000000000175e-01,-2.999589999999999756e-01,-3.463700000000000112e-02,3.208600000000000341e-02,-1.601990000000000081e-01,-4.882600000000000134e-02,-5.620279999999999720e-01,-4.094050000000000189e-01,-3.608009999999999828e-01,1.877350000000000130e-01,2.849599999999999911e-01,-2.111139999999999961e-01,-2.696830000000000060e-01,-1.993590000000000084e-01,4.300160000000000093e-01,2.983199999999999741e-01,6.498939999999999717e-01,3.601019999999999777e-01,8.166800000000000448e-02,2.916300000000000003e-01,9.083419999999999828e-01,-1.169530000000000014e-01,5.098610000000000086e-01,1.097729999999999956e-01,1.149049999999999933e-01,2.305719999999999992e-01,2.850199999999999956e-01,-4.651440000000000019e-01,-7.023100000000000176e-02,-6.382999999999999785e-02,4.680489999999999928e-01,3.773279999999999967e-01,-5.439999999999999957e-04,1.675049999999999872e-01,2.820270000000000277e-01,-3.444099999999999939e-02,-2.490420000000000134e-01,-2.050079999999999958e-01,5.094790000000000152e-01,3.945799999999999863e-01,5.615799999999999959e-02,3.595519999999999827e-01,2.985499999999999959e-02
-1.325010000000000077e-01,-1.108309999999999990e-01,5.101300000000000279e-02,-2.358100000000000127e-02,3.468000000000000162e-03,9.013999999999999443e-03,-1.348759999999999959e-01,-1.947700000000000126e-02,-4.340299999999999714e-02,1.000000000000000000e+00,2.105539999999999912e-01,7.373549999999999827e-01,-1.763500000000000137e-02,1.059319999999999984e-01,-1.461469999999999991e-01,-8.810300000000000076e-02,5.245440000000000103e-01,2.305520000000000069e-01,-1.668930000000000136e-01,-3.229719999999999813e-01,-1.789930000000000132e-01,-1.356060000000000043e-01,-1.416689999999999894e-01,6.456520000000000037e-01,-7.483000000000000068e-03,-1.080480000000000051e-01,-2.944999999999999840e-01,1.372420000000000029e-01,-3.561429999999999874e-01,2.773479999999999834e-01,-2.352450000000000097e-01,-3.257599999999999940e-01,1.331279999999999963e-01,-6.592099999999999349e-02,-3.766180000000000083e-01,-1.710419999999999996e-01,2.084479999999999944e-01,-1.624619999999999953e-01,-5.782999999999999946e-02,8.778199999999999892e-02,-7.440999999999999698e-03,-3.824589999999999934e-01,-1.845529999999999948e-01,1.286039999999999961e-01,-3.014129999999999865e-01,-1.615479999999999972e-01,-1.720730000000000037e-01,-3.600800000000000112e-01,4.577999999999999604e-03,1.622530000000000083e-01,-1.366070000000000062e-01,1.264710000000000001e-01,-4.222219999999999862e-01,4.468899999999999956e-02,5.255189999999999584e-01,-1.704070000000000029e-01,5.189150000000000151e-01,3.345940000000000025e-01,4.077560000000000073e-01,-1.456040000000000112e-01,-1.713429999999999953e-01,4.728430000000000133e-01,9.629100000000000159e-02,-2.314029999999999976e-01,-3.864159999999999817e-01,-3.568399999999999905e-01,-2.745170000000000110e-01,-3.701650000000000218e-01,5.888889999999999958e-01,-2.422940000000000094e-01,-3.131999999999999784e-01,-4.186030000000000029e-01,6.520099999999999507e-02,-3.745450000000000168e-01,-2.221000000000000058e-02,-2.127549999999999997e-01
-2.578659999999999841e-01,-1.874319999999999875e-01,6.224490000000000300e-01,-3.113199999999999995e-02,5.760610000000000452e-01,2.344990000000000130e-01,-1.081779999999999964e-01,2.464530000000000054e-01,6.334419999999999495e-01,2.105539999999999912e-01,1.000000000000000000e+00,2.743860000000000188e-01,5.412899999999999656e-02,4.303170000000000051e-01,2.592999999999999750e-01,-2.113849999999999896e-01,2.790520000000000223e-01,8.157699999999999674e-02,5.576440000000000285e-01,1.912429999999999963e-01,-2.075430000000000053e-01,1.826309999999999878e-01,2.370730000000000059e-01,1.817060000000000064e-01,-3.100689999999999835e-01,-1.753369999999999929e-01,2.426129999999999953e-01,1.835589999999999999e-01,-1.050029999999999991e-01,2.309700000000000086e-01,-2.317619999999999958e-01,-7.674300000000000566e-02,-4.047749999999999959e-01,-2.960430000000000006e-01,-3.046189999999999731e-01,-2.681569999999999787e-01,3.769800000000000234e-02,-4.277340000000000031e-01,-3.012600000000000000e-02,-5.438190000000000524e-01,-2.369060000000000055e-01,-3.308300000000000129e-01,-1.415929999999999966e-01,1.931599999999999984e-01,-5.141449999999999632e-01,-3.396190000000000042e-01,-4.230010000000000159e-01,4.721299999999999941e-01,1.267800000000000038e-01,5.852140000000000120e-01,1.400720000000000021e-01,6.080900000000000194e-02,1.101479999999999959e-01,6.766379999999999617e-01,-3.804300000000000043e-02,7.436979999999999702e-01,2.525089999999999835e-01,2.456139999999999990e-01,4.598459999999999770e-01,1.982919999999999960e-01,-5.125290000000000123e-01,1.081369999999999970e-01,-1.947850000000000137e-01,5.952619999999999578e-01,2.423460000000000059e-01,-2.216970000000000052e-01,1.083009999999999945e-01,1.494310000000000083e-01,1.340520000000000045e-01,-4.355530000000000235e-01,-4.477929999999999966e-01,2.492020000000000068e-01,3.122500000000000275e-01,-1.005220000000000002e-01,2.602110000000000256e-01,-1.548229999999999884e-01
-2.312039999999999929e-01,-1.544449999999999990e-01,2.112910000000000066e-01,1.927709999999999979e-01,8.651999999999999968e-03,2.108760000000000079e-01,-6.574499999999999789e-02,1.272800000000000042e-01,3.205299999999999816e-02,7.373549999999999827e-01,2.743860000000000188e-01,1.000000000000000000e+00,6.437600000000000267e-02,1.138829999999999981e-01,-1.139389999999999986e-01,-1.461659999999999904e-01,3.653460000000000041e-01,3.051139999999999963e-01,-7.432600000000000318e-02,-2.851270000000000193e-01,-3.112869999999999804e-01,-2.237669999999999937e-01,-2.225999999999999854e-02,8.264639999999999764e-01,-1.308030000000000026e-01,-1.839800000000000116e-02,-2.141589999999999883e-01,2.127410000000000134e-01,-3.839369999999999727e-01,1.901349999999999985e-01,-4.036420000000000008e-01,-4.557289999999999952e-01,1.027799999999999964e-01,-1.683149999999999924e-01,-3.209719999999999795e-01,-1.745329999999999937e-01,1.526369999999999949e-01,-1.169499999999999984e-01,-8.596499999999999975e-02,-2.198200000000000154e-02,-1.082520000000000010e-01,-3.620829999999999882e-01,-8.133899999999999464e-02,2.614949999999999775e-01,-3.140709999999999891e-01,-2.410720000000000085e-01,-2.744690000000000185e-01,-2.901739999999999875e-01,3.164100000000000246e-02,2.316600000000000048e-01,-1.264659999999999951e-01,1.465460000000000096e-01,-3.259880000000000000e-01,1.301299999999999957e-01,2.973190000000000000e-01,-1.179919999999999997e-01,7.793280000000000207e-01,2.968350000000000155e-01,5.527100000000000346e-01,-1.655169999999999975e-01,-2.853299999999999725e-01,3.088310000000000222e-01,-1.213799999999999948e-02,-1.310300000000000076e-01,-3.436429999999999763e-01,-4.770670000000000188e-01,-3.720870000000000011e-01,-2.604469999999999841e-01,8.315329999999999666e-01,-4.451629999999999754e-01,-3.270100000000000229e-01,-3.601739999999999942e-01,8.146999999999999728e-03,-4.978369999999999740e-01,-9.617799999999999960e-02,-3.882010000000000183e-01
8.873399999999999344e-02,4.738919999999999799e-01,1.151760000000000006e-01,2.019519999999999926e-01,1.376950000000000118e-01,3.571759999999999935e-01,1.666630000000000056e-01,2.096419999999999950e-01,1.079969999999999958e-01,-1.763500000000000137e-02,5.412899999999999656e-02,6.437600000000000267e-02,1.000000000000000000e+00,-1.782970000000000110e-01,-5.245899999999999869e-02,5.633320000000000549e-01,3.507250000000000090e-01,4.861429999999999918e-01,1.576319999999999943e-01,5.871200000000000030e-02,-3.735129999999999839e-01,1.678250000000000020e-01,1.471600000000000130e-01,-6.246199999999999669e-02,1.682600000000000068e-02,4.413810000000000233e-01,-1.481599999999999931e-02,7.518890000000000295e-01,1.456540000000000057e-01,2.289080000000000004e-01,-1.350820000000000076e-01,-4.039299999999999835e-02,-8.593999999999999209e-03,-2.133899999999999963e-01,-3.020700000000000121e-02,2.981059999999999821e-01,-1.147569999999999979e-01,-1.425819999999999865e-01,-1.614259999999999862e-01,-7.675899999999999390e-02,-1.443649999999999933e-01,-1.094269999999999965e-01,3.183529999999999971e-01,1.091160000000000047e-01,-3.030000000000000141e-03,-2.264450000000000074e-01,1.185380000000000045e-01,2.375829999999999886e-01,-2.299500000000000155e-02,8.588500000000000301e-02,1.867769999999999986e-01,-8.168599999999999473e-02,1.733560000000000101e-01,1.054039999999999977e-01,-1.173229999999999967e-01,1.968699999999999894e-01,-5.588599999999999818e-02,4.005299999999999971e-01,-1.228930000000000022e-01,-3.082800000000000124e-02,-4.139999999999999800e-04,2.506820000000000159e-01,1.679190000000000127e-01,2.315949999999999953e-01,-2.827500000000000152e-02,-2.926540000000000252e-01,4.256000000000000061e-02,1.622399999999999884e-02,-1.073309999999999959e-01,-1.206829999999999986e-01,9.420099999999999307e-02,7.053000000000000241e-03,5.196389999999999620e-01,-1.742839999999999945e-01,9.497400000000000286e-02,-3.032810000000000228e-01
-3.050390000000000046e-01,-2.978469999999999729e-01,1.184329999999999966e-01,-1.403399999999999960e-02,4.060670000000000113e-01,1.982839999999999880e-01,7.986000000000000043e-03,1.839929999999999899e-01,3.166570000000000218e-01,1.059319999999999984e-01,4.303170000000000051e-01,1.138829999999999981e-01,-1.782970000000000110e-01,1.000000000000000000e+00,1.505189999999999861e-01,-3.809259999999999868e-01,2.772099999999999911e-02,-9.967600000000000071e-02,6.655899999999999317e-02,3.252700000000000036e-02,7.649999999999999465e-04,-7.789200000000000290e-02,1.792900000000000049e-01,1.356340000000000046e-01,-2.331320000000000059e-01,-1.704330000000000012e-01,1.604300000000000170e-02,3.546200000000000047e-02,-1.842179999999999929e-01,1.737910000000000010e-01,1.634700000000000042e-02,-7.377699999999999536e-02,-2.390730000000000077e-01,-1.595789999999999986e-01,-3.625709999999999766e-01,8.576999999999999902e-02,1.937389999999999946e-01,-1.453270000000000117e-01,1.087359999999999993e-01,-1.972760000000000069e-01,4.220999999999999926e-03,-1.239109999999999934e-01,8.075400000000000633e-02,1.770700000000000052e-02,-2.966230000000000255e-01,3.681600000000000150e-02,-6.647000000000000131e-03,1.514540000000000053e-01,1.617699999999999971e-01,4.352139999999999898e-01,4.005110000000000059e-01,8.149900000000000200e-02,1.826299999999999868e-01,3.596159999999999912e-01,1.178889999999999938e-01,3.298809999999999798e-01,2.049239999999999950e-01,1.957210000000000061e-01,5.716820000000000235e-01,1.601140000000000063e-01,-1.323350000000000082e-01,1.200350000000000028e-01,5.670100000000000140e-02,1.538069999999999993e-01,1.310850000000000071e-01,1.205090000000000050e-01,7.965999999999999470e-02,2.898020000000000040e-01,1.599279999999999868e-01,-1.183430000000000037e-01,-3.773300000000000265e-02,1.784900000000000098e-01,2.330500000000000071e-01,6.322500000000000342e-02,2.540769999999999973e-01,1.178870000000000057e-01
4.151859999999999995e-01,9.433500000000000218e-02,1.718820000000000070e-01,-7.504099999999999659e-02,1.715980000000000005e-01,7.216999999999999804e-02,-1.062349999999999961e-01,2.503259999999999930e-01,2.965380000000000238e-01,-1.461469999999999991e-01,2.592999999999999750e-01,-1.139389999999999986e-01,-5.245899999999999869e-02,1.505189999999999861e-01,1.000000000000000000e+00,1.721270000000000022e-01,7.941299999999999748e-02,6.433999999999999442e-02,3.642589999999999995e-01,5.621709999999999763e-01,2.615970000000000240e-01,5.930090000000000083e-01,3.360859999999999959e-01,1.990000000000000015e-03,2.028429999999999955e-01,2.299319999999999975e-01,1.304339999999999944e-01,4.162600000000000328e-02,4.072339999999999849e-01,2.397209999999999896e-01,3.685800000000000187e-01,2.363929999999999920e-01,-1.485420000000000074e-01,4.942099999999999965e-02,1.523440000000000072e-01,1.798369999999999969e-01,-1.422009999999999941e-01,6.317999999999999831e-03,4.203699999999999798e-02,-2.634409999999999807e-01,1.111000000000000008e-02,1.383119999999999905e-01,2.848780000000000201e-01,-1.433899999999999932e-02,1.402199999999999974e-02,1.509419999999999928e-01,-1.652999999999999955e-03,2.424979999999999913e-01,1.132500000000000000e-02,4.800900000000000306e-02,-1.056299999999999947e-02,-1.692839999999999900e-01,3.694129999999999914e-01,1.183270000000000016e-01,-1.491419999999999968e-01,2.374880000000000047e-01,1.232739999999999947e-01,-1.489280000000000048e-01,-1.552999999999999910e-03,8.747369999999999868e-01,8.448999999999999566e-02,5.572599999999999776e-02,-8.921000000000000110e-03,2.909209999999999852e-01,5.257209999999999939e-01,4.002999999999999892e-01,6.041809999999999681e-01,3.089000000000000079e-01,-4.981000000000000184e-03,3.861699999999999855e-02,1.733979999999999966e-01,1.562040000000000095e-01,1.341579999999999995e-01,2.595060000000000144e-01,4.169120000000000048e-01,3.800299999999999789e-01
5.851920000000000455e-01,4.438230000000000230e-01,-1.460999999999999972e-02,5.393900000000000083e-02,-2.828970000000000096e-01,-4.427699999999999692e-02,-1.191409999999999969e-01,-7.113500000000000378e-02,-2.267440000000000011e-01,-8.810300000000000076e-02,-2.113849999999999896e-01,-1.461659999999999904e-01,5.633320000000000549e-01,-3.809259999999999868e-01,1.721270000000000022e-01,1.000000000000000000e+00,3.878599999999999826e-01,5.253060000000000507e-01,1.386340000000000072e-01,1.865199999999999914e-01,-1.405349999999999933e-01,4.158660000000000134e-01,-2.733999999999999972e-02,-1.928479999999999916e-01,3.294509999999999939e-01,4.445270000000000055e-01,-2.032930000000000015e-01,3.103279999999999927e-01,3.714689999999999936e-01,-3.239800000000000318e-02,1.164310000000000067e-01,1.583930000000000060e-01,7.795000000000000540e-02,5.130699999999999844e-02,3.209620000000000251e-01,4.300880000000000258e-01,-1.915729999999999933e-01,2.313300000000000078e-02,-1.314670000000000005e-01,-2.939999999999999905e-04,1.660700000000000023e-02,3.111169999999999769e-01,3.553959999999999897e-01,-2.340599999999999972e-02,1.637109999999999954e-01,2.267500000000000071e-02,1.560249999999999970e-01,6.230200000000000321e-02,-2.000609999999999888e-01,-2.595279999999999809e-01,-1.083859999999999962e-01,-3.968249999999999833e-01,-6.085000000000000131e-03,-2.982750000000000123e-01,-3.097159999999999913e-01,2.366000000000000048e-03,-2.169750000000000012e-01,-1.742399999999999852e-02,-3.924679999999999835e-01,8.577600000000000502e-02,4.113640000000000074e-01,1.467559999999999976e-01,1.603380000000000083e-01,1.354760000000000131e-01,-4.056999999999999842e-03,-1.695440000000000003e-01,2.344249999999999945e-01,-1.451629999999999865e-01,-2.239089999999999969e-01,7.661600000000000354e-02,1.492920000000000080e-01,-2.329509999999999914e-01,1.106499999999999984e-01,-6.677099999999999702e-02,-6.957099999999999396e-02,-4.940400000000000347e-02
1.229129999999999945e-01,2.174510000000000054e-01,1.330260000000000054e-01,-8.867800000000000682e-02,9.916600000000000414e-02,3.265900000000000053e-02,-1.212639999999999968e-01,-4.700700000000000017e-02,-5.600399999999999823e-02,5.245440000000000103e-01,2.790520000000000223e-01,3.653460000000000041e-01,3.507250000000000090e-01,2.772099999999999911e-02,7.941299999999999748e-02,3.878599999999999826e-01,1.000000000000000000e+00,6.142840000000000522e-01,9.561699999999999366e-02,-9.578499999999999515e-02,-1.896950000000000025e-01,1.857910000000000117e-01,-1.644390000000000018e-01,2.920229999999999770e-01,1.126749999999999974e-01,1.231720000000000037e-01,-7.377300000000000524e-02,3.645229999999999859e-01,4.089500000000000079e-02,3.086119999999999974e-01,-8.029699999999999338e-02,-2.307549999999999879e-01,1.531279999999999863e-01,-6.534800000000000331e-02,-1.546460000000000057e-01,8.963999999999999746e-03,-1.350149999999999961e-01,-1.718810000000000060e-01,-1.075340000000000046e-01,1.801000000000000170e-02,-3.059399999999999967e-02,-1.565739999999999910e-01,-8.025999999999999801e-02,5.408500000000000113e-02,-2.452479999999999938e-01,-7.721600000000000685e-02,-5.837400000000000228e-02,-7.518500000000000183e-02,-1.306900000000000006e-01,7.614100000000000035e-02,-1.095890000000000059e-01,2.528199999999999892e-02,-2.566359999999999753e-01,1.840200000000000169e-02,2.109820000000000029e-01,5.428100000000000286e-02,2.166309999999999902e-01,3.535409999999999942e-01,2.660210000000000075e-01,1.473700000000000010e-02,1.090330000000000049e-01,5.812479999999999869e-01,3.632679999999999798e-01,1.475699999999999928e-02,-1.550400000000000111e-01,-2.623429999999999929e-01,2.970799999999999830e-02,-3.655340000000000256e-01,2.506550000000000167e-01,-1.346519999999999939e-01,-1.461149999999999949e-01,-1.564139999999999975e-01,2.221239999999999881e-01,-8.337999999999999579e-02,1.187239999999999962e-01,-1.077769999999999978e-01
-8.796999999999999265e-03,6.005380000000000162e-01,1.347720000000000029e-01,1.176299999999999985e-01,2.535199999999999954e-02,4.637809999999999988e-01,1.557949999999999890e-01,1.110199999999999937e-01,7.316100000000000381e-02,2.305520000000000069e-01,8.157699999999999674e-02,3.051139999999999963e-01,4.861429999999999918e-01,-9.967600000000000071e-02,6.433999999999999442e-02,5.253060000000000507e-01,6.142840000000000522e-01,1.000000000000000000e+00,1.472160000000000135e-01,1.704799999999999927e-01,-2.191490000000000105e-01,3.013069999999999915e-01,1.203800000000000009e-02,2.386780000000000013e-01,4.083930000000000060e-01,4.643320000000000225e-01,2.881900000000000087e-02,4.125739999999999963e-01,1.133379999999999943e-01,1.749529999999999974e-01,-7.611999999999999322e-02,-1.000670000000000032e-01,2.243799999999999961e-02,-1.370850000000000124e-01,-1.315280000000000060e-01,2.509990000000000276e-01,-8.679699999999999915e-02,-7.256200000000000150e-02,-1.685000000000000109e-01,-1.048270000000000035e-01,-1.310010000000000063e-01,-1.870749999999999913e-01,1.708729999999999971e-01,2.679179999999999895e-01,-1.140339999999999965e-01,-2.828019999999999978e-01,1.124509999999999954e-01,9.683799999999999353e-02,-7.091500000000000581e-02,-8.529000000000000123e-03,7.065100000000000546e-02,-6.879899999999999904e-02,-7.316899999999999793e-02,8.797199999999999465e-02,-1.977730000000000044e-01,5.259899999999999992e-02,1.860330000000000039e-01,1.111309999999999937e-01,5.218000000000000416e-03,2.331199999999999939e-02,3.866599999999999898e-02,2.296080000000000065e-01,4.268149999999999999e-01,1.457060000000000022e-01,1.101310000000000067e-01,-3.659950000000000148e-01,1.568610000000000004e-01,-1.724340000000000039e-01,1.860900000000000054e-01,-8.522599999999999620e-02,-6.767700000000000105e-02,-4.531000000000000305e-03,2.229980000000000018e-01,-1.502159999999999884e-01,1.258390000000000064e-01,-2.573309999999999764e-01
7.772900000000000642e-02,2.697099999999999845e-02,5.747780000000000111e-01,5.927199999999999830e-02,1.603080000000000060e-01,1.401090000000000113e-01,-1.269409999999999983e-01,2.610460000000000003e-01,4.436490000000000156e-01,-1.668930000000000136e-01,5.576440000000000285e-01,-7.432600000000000318e-02,1.576319999999999943e-01,6.655899999999999317e-02,3.642589999999999995e-01,1.386340000000000072e-01,9.561699999999999366e-02,1.472160000000000135e-01,1.000000000000000000e+00,3.897479999999999833e-01,-2.424520000000000008e-01,3.617810000000000192e-01,2.611339999999999772e-01,-3.424499999999999766e-02,-1.036419999999999980e-01,1.208919999999999995e-01,-1.135300000000000024e-02,7.126200000000000589e-02,-3.187899999999999762e-02,2.342199999999999838e-02,-1.443250000000000088e-01,1.138900000000000051e-01,-3.507279999999999842e-01,-2.515089999999999826e-01,1.658669999999999867e-01,1.820499999999999896e-02,-1.899830000000000130e-01,-1.416989999999999916e-01,-5.014000000000000228e-03,-5.241989999999999705e-01,-2.334040000000000004e-01,3.436899999999999678e-02,1.275209999999999955e-01,-1.812899999999999928e-02,-1.614170000000000049e-01,-2.794579999999999842e-01,-2.656979999999999897e-01,5.083419999999999606e-01,-1.481729999999999992e-01,3.509500000000000119e-02,-3.240000000000000150e-04,-2.757109999999999839e-01,3.663770000000000082e-01,2.903970000000000162e-01,-3.266229999999999967e-01,6.858440000000000092e-01,-3.288100000000000050e-02,-1.544399999999999940e-01,-2.636900000000000008e-02,2.970709999999999740e-01,-3.280049999999999910e-01,-1.142309999999999992e-01,-1.948129999999999862e-01,8.728500000000000147e-01,3.740290000000000004e-01,-1.919810000000000128e-01,2.546900000000000275e-01,2.253110000000000113e-01,-8.144400000000000250e-02,-3.056429999999999980e-01,-1.941759999999999875e-01,3.443299999999999833e-02,4.469999999999999668e-02,-1.805390000000000050e-01,1.665719999999999978e-01,-1.133360000000000062e-01
1.863329999999999986e-01,2.506979999999999764e-01,1.744800000000000170e-02,1.879589999999999872e-01,8.601300000000000612e-02,1.447259999999999935e-01,1.632999999999999903e-03,2.468470000000000109e-01,2.699340000000000073e-01,-3.229719999999999813e-01,1.912429999999999963e-01,-2.851270000000000193e-01,5.871200000000000030e-02,3.252700000000000036e-02,5.621709999999999763e-01,1.865199999999999914e-01,-9.578499999999999515e-02,1.704799999999999927e-01,3.897479999999999833e-01,1.000000000000000000e+00,1.195179999999999992e-01,8.181969999999999521e-01,2.395780000000000132e-01,-1.233179999999999971e-01,2.117549999999999988e-01,3.770040000000000058e-01,1.352279999999999871e-01,1.990750000000000020e-01,3.594220000000000192e-01,1.585149999999999892e-01,3.521949999999999803e-01,3.022480000000000167e-01,-1.507519999999999971e-01,1.188629999999999964e-01,3.703499999999999848e-02,3.401540000000000119e-01,1.006380000000000052e-01,6.510799999999999921e-02,8.113999999999999685e-03,-1.627109999999999945e-01,1.964799999999999880e-02,6.369999999999999794e-03,4.065010000000000012e-01,2.845869999999999789e-01,1.859989999999999977e-01,5.950899999999999940e-02,6.707200000000000661e-02,2.890480000000000271e-01,1.104829999999999979e-01,-2.043700000000000030e-02,4.792300000000000032e-02,-3.382510000000000239e-01,3.805950000000000166e-01,1.037170000000000036e-01,-2.493720000000000103e-01,2.839539999999999842e-01,-8.332599999999999729e-02,-3.598740000000000272e-01,-2.803189999999999849e-01,5.098589999999999511e-01,3.941900000000000265e-02,-1.934299999999999908e-01,2.196400000000000088e-02,3.582609999999999961e-01,7.962709999999999511e-01,1.896339999999999970e-01,7.241570000000000507e-01,2.659759999999999902e-01,-1.375760000000000038e-01,1.640790000000000026e-01,2.825119999999999854e-01,2.083909999999999929e-01,2.245860000000000078e-01,1.953979999999999884e-01,3.694250000000000034e-01,2.810710000000000153e-01
