1.000000000000000000e+00,-1.286130000000000051e-01,-6.965399999999999370e-02,-2.194750000000000034e-01,-1.142040000000000000e-01,-3.372999999999999887e-01,-1.525350000000000039e-01,-1.957800000000000096e-01,-1.608899999999999914e-02,-1.734509999999999941e-01,-4.535399999999999848e-02,-1.705560000000000132e-01,-1.293930000000000080e-01,-6.892800000000000316e-02,7.962460000000000093e-01,1.438959999999999961e-01,-8.234199999999999853e-02,2.385730000000000073e-01,-4.244499999999999662e-02,5.106680000000000108e-01,7.653309999999999835e-01,6.128120000000000234e-01,6.294600000000000195e-02,7.712800000000000211e-02,-1.075949999999999962e-01,2.088260000000000116e-01,1.079009999999999969e-01,3.500739999999999963e-01,2.125229999999999897e-01,2.144649999999999890e-01,5.457140000000000324e-01,4.615719999999999823e-01,1.541450000000000042e-01,5.813479999999999759e-01,3.798500000000000210e-01,-1.540900000000000047e-01,4.104200000000000209e-02,2.541699999999999862e-02,3.588390000000000191e-01,1.014570000000000055e-01,6.916579999999999950e-01,1.650959999999999928e-01,-8.126899999999999402e-02,1.581680000000000030e-01,-6.375300000000000411e-02,6.888819999999999943e-01,2.601499999999999993e-02,-2.207399999999999987e-02,2.079370000000000107e-01,9.094299999999999606e-02,-6.792299999999999727e-02,-1.707470000000000099e-01,-1.088260000000000061e-01,-8.290599999999999359e-02,-7.392700000000000660e-02,5.962200000000000139e-02,2.987100000000000172e-02,1.325999999999999922e-03,-2.270419999999999938e-01,7.135070000000000023e-01,3.883429999999999938e-01,3.125700000000000006e-02,4.110690000000000177e-01,2.550099999999999936e-02,2.511579999999999924e-01,7.146709999999999452e-01,5.388540000000000552e-01,1.604210000000000080e-01,1.309530000000000138e-01,1.969039999999999957e-01,5.181719999999999660e-01,2.467759999999999954e-01,5.708910000000000373e-01,4.382650000000000157e-01,4.754380000000000273e-01,7.570719999999999672e-01
-1.286130000000000051e-01,1.000000000000000000e+00,-1.386439999999999895e-01,-2.864229999999999832e-01,-2.684540000000000259e-01,7.433180000000000343e-01,1.184699999999999989e-02,4.473969999999999891e-01,-2.542030000000000123e-01,-1.140260000000000024e-01,-8.044300000000000062e-02,-1.050510000000000055e-01,3.104310000000000125e-01,-7.772600000000000342e-02,-9.348999999999999672e-03,6.563099999999999490e-01,4.519920000000000049e-01,5.255370000000000319e-01,-1.577220000000000011e-01,3.062300000000000022e-01,6.500499999999999334e-02,3.194540000000000157e-01,4.671080000000000232e-01,-9.127100000000000490e-02,8.237240000000000117e-01,8.082489999999999952e-01,1.829270000000000063e-01,6.856000000000000115e-03,4.498449999999999949e-01,1.868110000000000048e-01,-4.906200000000000144e-02,6.139499999999999819e-02,4.799579999999999957e-01,8.057899999999999785e-02,-2.449340000000000128e-01,-1.345000000000000058e-03,-1.723030000000000117e-01,-8.040200000000000125e-02,1.887729999999999964e-01,4.705750000000000210e-01,9.162199999999999511e-02,6.569099999999999939e-02,-1.422640000000000016e-01,-4.768399999999999722e-02,-2.178249999999999909e-01,-5.107099999999999834e-02,5.512320000000000553e-01,-1.405389999999999973e-01,1.414189999999999892e-01,-2.156349999999999933e-01,4.516000000000000014e-01,-1.783559999999999868e-01,3.343160000000000021e-01,-2.580049999999999844e-01,-2.648599999999999843e-01,-8.935899999999999399e-02,-6.396699999999999608e-02,9.514000000000000234e-02,-1.192659999999999970e-01,1.374200000000000074e-02,1.234999999999999987e-01,7.000499999999999778e-02,1.976759999999999906e-01,-1.750490000000000101e-01,5.456269999999999731e-01,-1.154700000000000032e-01,3.474740000000000051e-01,1.818490000000000106e-01,-2.575540000000000052e-01,4.217179999999999818e-01,3.334320000000000062e-01,-2.425090000000000023e-01,7.003299999999999803e-02,4.227000000000000202e-02,6.120999999999999705e-03,-3.340699999999999920e-02
-6.965399999999999370e-02,-1.386439999999999895e-01,1.000000000000000000e+00,-1.587290000000000090e-01,7.815969999999999862e-01,-1.599780000000000091e-01,-4.352519999999999722e-01,2.261200000000000015e-02,7.831230000000000135e-01,-5.367709999999999981e-01,9.359490000000000309e-01,-5.149430000000000396e-01,8.978999999999999135e-03,3.119839999999999836e-01,-1.266690000000000038e-01,-5.452499999999999708e-02,-1.018919999999999965e-01,-1.374399999999999927e-02,9.443890000000000340e-01,-2.090770000000000128e-01,-9.307400000000000395e-02,-9.981199999999999795e-02,1.833059999999999967e-01,-6.157970000000000388e-01,-2.518009999999999970e-01,-2.438140000000000029e-01,3.467589999999999839e-01,7.539999999999999480e-02,-4.135550000000000059e-01,8.306199999999999695e-02,-2.308399999999999896e-01,-1.091160000000000047e-01,-4.019229999999999747e-01,-2.837200000000000277e-01,6.540100000000000080e-02,-7.932400000000000562e-02,-1.319359999999999977e-01,-5.823190000000000310e-01,-9.553300000000000680e-02,-5.103360000000000118e-01,-2.956400000000000139e-01,-9.442000000000000393e-02,-3.144279999999999853e-01,-3.441779999999999839e-01,-5.441219999999999946e-01,-6.004299999999999915e-02,2.394580000000000042e-01,9.455620000000000136e-01,-4.165900000000000158e-02,7.605720000000000258e-01,1.454809999999999992e-01,-1.052860000000000046e-01,3.365250000000000186e-01,7.990460000000000340e-01,-5.927130000000000454e-01,9.234679999999999556e-01,-4.747660000000000213e-01,4.008470000000000089e-01,2.660969999999999724e-01,-7.714699999999999336e-02,-1.265789999999999971e-01,-3.429389999999999938e-01,2.643880000000000119e-01,9.143010000000000304e-01,-3.209770000000000123e-01,-1.311170000000000113e-01,-1.414239999999999942e-01,4.054369999999999918e-01,-4.979410000000000225e-01,7.210700000000000442e-02,-4.852900000000000269e-02,2.810139999999999860e-01,1.093060000000000004e-01,-2.034219999999999917e-01,-9.219199999999999617e-02,-1.744279999999999997e-01
-2.194750000000000034e-01,-2.864229999999999832e-01,-1.587290000000000090e-01,1.000000000000000000e+00,-1.182000000000000065e-02,-1.355349999999999888e-01,3.512689999999999979e-01,-1.314150000000000040e-01,-9.634000000000000202e-03,5.056469999999999576e-01,-2.510399999999999854e-01,3.095979999999999843e-01,4.333700000000000052e-02,3.332669999999999799e-01,-2.814499999999999780e-01,-6.262500000000000011e-02,-7.600200000000000011e-02,-2.687700000000000089e-01,-1.822340000000000071e-01,-3.366049999999999875e-01,-2.910829999999999806e-01,-2.859630000000000227e-01,-2.293640000000000123e-01,2.352219999999999867e-01,-2.345770000000000077e-01,-3.641949999999999910e-01,-1.997150000000000036e-01,1.686709999999999876e-01,-7.176499999999999546e-02,-2.597800000000000109e-02,5.990299999999999792e-02,-2.126059999999999894e-01,-2.173100000000000032e-01,-1.826300000000000145e-02,-5.776599999999999790e-02,2.939019999999999966e-01,3.439490000000000047e-01,2.375379999999999991e-01,-3.124730000000000008e-01,-1.992490000000000094e-01,-1.368860000000000077e-01,-1.408399999999999930e-01,2.089149999999999896e-01,3.082759999999999945e-01,1.819989999999999941e-01,-1.782729999999999870e-01,-3.811260000000000203e-01,-1.606730000000000103e-01,-1.767880000000000007e-01,-1.226580000000000031e-01,-2.751700000000000257e-01,2.760969999999999813e-01,-2.894579999999999931e-01,-5.786999999999999610e-03,3.484459999999999780e-01,-3.109910000000000174e-01,3.032759999999999900e-01,-1.666920000000000068e-01,2.595520000000000049e-01,-3.003270000000000106e-01,-9.249100000000000377e-02,2.805349999999999788e-01,-1.931420000000000081e-01,-2.198839999999999961e-01,-2.751069999999999904e-01,-2.629029999999999978e-01,-2.616430000000000144e-01,-3.467430000000000234e-01,1.563789999999999902e-01,-3.540679999999999938e-01,-3.127210000000000267e-01,-9.526300000000000046e-02,-4.451800000000000201e-02,-1.574649999999999939e-01,5.822299999999999698e-02,-1.769880000000000064e-01
-1.142040000000000000e-01,-2.684540000000000259e-01,7.815969999999999862e-01,-1.182000000000000065e-02,1.000000000000000000e+00,-2.432600000000000040e-01,-2.307889999999999942e-01,7.619700000000000084e-02,8.068910000000000249e-01,-2.771489999999999787e-01,8.254289999999999683e-01,-4.113669999999999827e-01,9.420399999999999607e-02,3.647500000000000187e-01,-2.239420000000000022e-01,-1.294609999999999927e-01,-1.534369999999999901e-01,-6.057200000000000084e-02,7.343549999999999800e-01,-2.636580000000000035e-01,-2.100710000000000077e-01,-2.398679999999999979e-01,7.712700000000000111e-02,-4.258330000000000171e-01,-3.303159999999999985e-01,-3.435329999999999773e-01,2.057690000000000075e-01,2.001500000000000154e-02,-3.770609999999999795e-01,-1.638769999999999949e-01,-1.843299999999999939e-01,-1.736109999999999876e-01,-3.393979999999999775e-01,-2.847069999999999879e-01,2.069400000000000059e-02,-6.120999999999999705e-03,-1.375230000000000063e-01,-4.832980000000000054e-01,-2.039459999999999884e-01,-4.364149999999999974e-01,-3.316399999999999904e-01,-1.748830000000000107e-01,-1.778250000000000108e-01,-3.024040000000000061e-01,-3.312470000000000137e-01,-4.281700000000000089e-02,9.569300000000000028e-02,7.397709999999999564e-01,-2.650959999999999983e-01,8.057379999999999542e-01,2.948200000000000126e-02,8.179699999999999471e-02,3.251410000000000133e-01,7.468949999999999756e-01,-3.354449999999999932e-01,8.129699999999999704e-01,-4.502340000000000231e-01,3.948499999999999788e-01,3.268110000000000182e-01,-1.560199999999999920e-01,-1.592250000000000054e-01,-2.440100000000000047e-01,1.753480000000000039e-01,6.875130000000000408e-01,-4.136170000000000124e-01,-1.179899999999999977e-01,-2.917779999999999818e-01,2.827189999999999981e-01,-3.154830000000000134e-01,6.489699999999999636e-02,-1.126199999999999979e-01,2.665680000000000271e-01,-3.475099999999999717e-02,-2.270419999999999938e-01,-2.721830000000000083e-01,-2.513770000000000171e-01
-3.372999999999999887e-01,7.433180000000000343e-01,-1.599780000000000091e-01,-1.355349999999999888e-01,-2.432600000000000040e-01,1.000000000000000000e+00,2.769070000000000142e-01,5.695189999999999975e-01,-1.969720000000000082e-01,2.169700000000000101e-02,-1.803659999999999985e-01,4.124499999999999694e-02,5.064319999999999933e-01,5.094999999999999703e-03,-9.371699999999999475e-02,3.500190000000000246e-01,2.435509999999999897e-01,3.030450000000000088e-01,-2.367229999999999890e-01,2.005069999999999908e-01,-5.455499999999999933e-02,1.362099999999999977e-01,5.682080000000000464e-01,-5.681900000000000145e-02,7.478759999999999852e-01,4.502760000000000096e-01,3.407229999999999981e-01,-4.419800000000000118e-02,5.646710000000000340e-01,3.478900000000000048e-02,-1.095440000000000025e-01,3.108400000000000052e-02,2.262170000000000014e-01,-6.185800000000000326e-02,-3.344050000000000078e-01,1.693510000000000015e-01,-1.293070000000000053e-01,3.541799999999999810e-02,1.964799999999999880e-02,2.402170000000000138e-01,-1.008069999999999938e-01,-2.046689999999999898e-01,1.788770000000000082e-01,-1.083699999999999941e-02,-5.609999999999999752e-04,-2.873129999999999851e-01,5.087899999999999645e-01,-1.987269999999999870e-01,7.363300000000000400e-02,-1.699720000000000120e-01,5.615560000000000551e-01,4.554899999999999921e-02,3.918579999999999841e-01,-2.673389999999999933e-01,-1.862400000000000166e-02,-1.849320000000000130e-01,7.810000000000000102e-03,1.565890000000000060e-01,1.601080000000000003e-01,-1.136039999999999967e-01,9.472600000000000464e-02,8.646399999999999919e-02,-4.753700000000000286e-02,-2.814220000000000055e-01,4.173870000000000080e-01,-1.088299999999999962e-01,1.149929999999999980e-01,2.509279999999999844e-01,-1.362760000000000082e-01,3.847189999999999777e-01,2.667299999999999879e-02,-1.257600000000000037e-02,-7.005799999999999528e-02,1.397589999999999943e-01,-3.167999999999999809e-03,-1.016230000000000050e-01
-1.525350000000000039e-01,1.184699999999999989e-02,-4.352519999999999722e-01,3.512689999999999979e-01,-2.307889999999999942e-01,2.769070000000000142e-01,1.000000000000000000e+00,1.499469999999999970e-01,-1.350240000000000051e-01,5.715970000000000217e-01,-4.180679999999999952e-01,4.829479999999999884e-01,4.069329999999999892e-01,-4.780299999999999827e-02,-1.771230000000000027e-01,3.385300000000000115e-02,8.977100000000000357e-02,3.782499999999999751e-02,-4.237299999999999955e-01,-2.040399999999999853e-02,-1.443039999999999878e-01,-1.354839999999999933e-01,-9.645900000000000307e-02,4.466680000000000095e-01,7.835899999999999810e-02,-4.445199999999999846e-02,2.286399999999999891e-02,1.695500000000000132e-02,4.154640000000000000e-01,-3.039270000000000027e-01,9.969899999999999596e-02,6.705400000000000249e-02,3.860199999999999743e-02,-2.353399999999999936e-02,-5.707399999999999973e-02,3.434760000000000035e-01,2.054259999999999975e-01,3.845950000000000202e-01,-1.974730000000000096e-01,2.379699999999999871e-02,-3.040599999999999900e-02,-6.987999999999999767e-02,3.503379999999999828e-01,3.984150000000000191e-01,3.078589999999999938e-01,-3.247090000000000254e-01,-2.208199999999999885e-01,-4.451220000000000176e-01,-4.579099999999999837e-02,-2.441850000000000132e-01,-8.594799999999999662e-02,4.204479999999999884e-01,-1.313439999999999885e-01,-4.249490000000000212e-01,6.145329999999999959e-01,-5.046720000000000095e-01,4.271860000000000102e-01,-2.185630000000000073e-01,5.200099999999999861e-02,-2.884849999999999914e-01,1.943380000000000107e-01,4.950990000000000113e-01,-1.585139999999999882e-01,-5.411219999999999919e-01,-4.506999999999999722e-03,-1.422950000000000048e-01,-1.768409999999999982e-01,-3.259600000000000275e-01,2.463539999999999897e-01,-1.061779999999999946e-01,-2.489909999999999901e-01,5.193500000000000200e-02,-1.352559999999999873e-01,1.019329999999999958e-01,-1.507080000000000086e-01,2.223000000000000149e-03
-1.957800000000000096e-01,4.473969999999999891e-01,2.261200000000000015e-02,-1.314150000000000040e-01,7.619700000000000084e-02,5.695189999999999975e-01,1.499469999999999970e-01,1.000000000000000000e+00,8.846700000000000397e-02,1.090959999999999985e-01,1.006780000000000036e-01,9.853800000000000059e-02,5.420160000000000533e-01,1.184240000000000015e-01,-9.076599999999999946e-02,2.714880000000000071e-01,1.819429999999999936e-01,3.252490000000000103e-01,-1.381100000000000036e-02,1.840970000000000106e-01,2.550399999999999889e-02,4.071899999999999825e-02,6.722700000000000342e-01,3.438800000000000190e-02,3.556610000000000049e-01,3.320819999999999883e-01,-2.023000000000000145e-02,4.186999999999999750e-03,3.425719999999999876e-01,-9.110999999999999654e-02,-1.054760000000000003e-01,2.520890000000000075e-01,1.993280000000000052e-01,-1.672999999999999834e-02,-1.265840000000000021e-01,7.874799999999999855e-02,-1.441020000000000079e-01,-1.787800000000000153e-02,5.195099999999999718e-02,1.857340000000000102e-01,2.543300000000000075e-02,-1.405730000000000035e-01,1.897320000000000118e-01,-2.138400000000000023e-02,6.623700000000000421e-02,-2.660540000000000127e-01,3.386390000000000233e-01,-2.653399999999999856e-02,-1.826200000000000045e-02,1.531949999999999978e-01,4.143120000000000136e-01,2.139570000000000083e-01,7.813830000000000497e-01,-1.919679999999999997e-01,7.834499999999999797e-02,1.222479999999999956e-01,5.211400000000000060e-02,4.119329999999999936e-01,3.168000000000000260e-01,-5.599400000000000210e-02,9.385999999999999899e-02,1.569079999999999919e-01,9.199999999999999845e-02,-1.075939999999999952e-01,2.275929999999999898e-01,7.731999999999999984e-02,2.947299999999999920e-02,4.826790000000000247e-01,1.693000000000000060e-02,2.232169999999999987e-01,7.841900000000000259e-02,5.740699999999999970e-02,-1.933100000000000096e-02,6.511000000000000121e-02,-2.074179999999999913e-01,-1.309210000000000096e-01
-1.608899999999999914e-02,-2.542030000000000123e-01,7.831230000000000135e-01,-9.634000000000000202e-03,8.068910000000000249e-01,-1.969720000000000082e-01,-1.350240000000000051e-01,8.846700000000000397e-02,1.000000000000000000e+00,-2.133279999999999899e-01,7.733299999999999619e-01,-2.844559999999999866e-01,7.810000000000000275e-02,1.938380000000000103e-01,-1.118809999999999943e-01,-6.532300000000000606e-02,-2.616809999999999969e-01,-7.903100000000000402e-02,7.759690000000000198e-01,-1.488530000000000131e-01,-1.234959999999999947e-01,-9.991700000000000581e-02,9.707399999999999363e-02,-3.524769999999999848e-01,-4.046790000000000109e-01,-3.313090000000000201e-01,2.246750000000000136e-01,1.804429999999999923e-01,-2.656529999999999725e-01,4.615699999999999664e-02,-8.165699999999999348e-02,3.970699999999999924e-02,-3.522440000000000015e-01,-1.194899999999999990e-01,6.413299999999999557e-02,5.026699999999999918e-02,1.799800000000000011e-02,-2.952469999999999817e-01,-6.735700000000000021e-02,-4.694389999999999952e-01,-1.716580000000000050e-01,-1.734580000000000011e-01,-9.107400000000000218e-02,-1.267540000000000056e-01,-3.368059999999999943e-01,-1.117110000000000047e-01,5.928699999999999942e-02,7.402940000000000076e-01,-1.030459999999999987e-01,7.416570000000000107e-01,2.352500000000000077e-02,3.189999999999999780e-02,2.896489999999999898e-01,7.523100000000000342e-01,-2.874479999999999813e-01,7.636129999999999862e-01,-2.615709999999999980e-01,2.892649999999999944e-01,3.057949999999999835e-01,-1.163610000000000061e-01,-1.338499999999999933e-02,-1.584069999999999923e-01,2.115219999999999878e-01,7.334490000000000176e-01,-3.309770000000000212e-01,-5.103599999999999803e-02,-1.881940000000000002e-01,2.724599999999999800e-01,-2.570410000000000195e-01,-2.284000000000000006e-03,-1.230409999999999976e-01,3.057880000000000043e-01,1.319329999999999947e-01,-1.320929999999999882e-01,-2.876300000000000037e-02,-4.974100000000000049e-02
-1.734509999999999941e-01,-1.140260000000000024e-01,-5.367709999999999981e-01,5.056469999999999576e-01,-2.771489999999999787e-01,2.169700000000000101e-02,5.715970000000000217e-01,1.090959999999999985e-01,-2.133279999999999899e-01,1.000000000000000000e+00,-4.873879999999999879e-01,7.281370000000000342e-01,1.878769999999999885e-01,-1.524230000000000029e-01,-1.727319999999999967e-01,4.270000000000000184e-02,1.334319999999999951e-01,-7.210500000000000242e-02,-4.722959999999999936e-01,-1.542320000000000080e-01,-6.748899999999999344e-02,-2.052339999999999998e-01,-2.909470000000000112e-01,7.175150000000000139e-01,-3.041900000000000159e-02,-5.031599999999999961e-02,-3.057830000000000270e-01,3.609899999999999914e-02,2.227899999999999880e-01,-2.136800000000000088e-01,2.137129999999999863e-01,4.854399999999999687e-02,8.737000000000000322e-02,5.517999999999999988e-02,-2.544300000000000034e-02,1.674519999999999897e-01,2.267019999999999869e-01,6.485020000000000229e-01,-1.476500000000000035e-01,1.123289999999999983e-01,2.693100000000000008e-02,-2.330899999999999986e-02,2.732379999999999809e-01,3.293050000000000144e-01,5.373689999999999856e-01,-2.737129999999999841e-01,-4.710480000000000222e-01,-4.953850000000000198e-01,-1.288060000000000038e-01,-4.348650000000000015e-01,-3.188799999999999968e-01,2.066040000000000099e-01,-2.840670000000000139e-01,-4.041109999999999980e-01,7.751860000000000417e-01,-5.621420000000000305e-01,5.251029999999999864e-01,-3.094629999999999881e-01,-7.374600000000000599e-02,-2.251410000000000078e-01,9.346899999999999653e-02,5.939860000000000140e-01,-1.864240000000000064e-01,-5.356459999999999555e-01,-6.418100000000000194e-02,-1.180999999999999975e-03,-1.800489999999999868e-01,-4.974629999999999885e-01,5.879389999999999894e-01,-3.087389999999999857e-01,-2.887560000000000127e-01,-5.519099999999999701e-02,-1.452769999999999895e-01,4.109899999999999665e-02,-7.848399999999999821e-02,1.900000000000000105e-05
-4.535399999999999848e-02,-8.044300000000000062e-02,9.359490000000000309e-01,-2.510399999999999854e-01,8.254289999999999683e-01,-1.803659999999999985e-01,-4.180679999999999952e-01,1.006780000000000036e-01,7.733299999999999619e-01,-4.873879999999999879e-01,1.000000000000000000e+00,-5.033959999999999546e-01,-1.343600000000000003e-02,2.836099999999999732e-01,-9.874399999999999844e-02,-3.238400000000000306e-02,-7.421999999999999778e-03,4.010699999999999682e-02,9.452739999999999476e-01,-1.098839999999999956e-01,-7.363999999999999713e-02,-4.046999999999999903e-02,1.501719999999999999e-01,-5.244720000000000493e-01,-1.692480000000000095e-01,-1.313600000000000045e-01,2.999020000000000019e-01,1.078800000000000071e-02,-3.917979999999999796e-01,9.981299999999999895e-02,-2.112930000000000086e-01,-3.286000000000000032e-02,-2.430889999999999995e-01,-2.597960000000000269e-01,5.026800000000000018e-02,-1.391040000000000054e-01,-2.626519999999999966e-01,-5.892629999999999812e-01,4.037000000000000310e-02,-3.472890000000000144e-01,-2.623059999999999836e-01,-3.027699999999999836e-02,-4.099149999999999738e-01,-4.424580000000000179e-01,-5.187950000000000061e-01,-5.197000000000000230e-03,2.499889999999999890e-01,9.102249999999999508e-01,-6.962799999999999545e-02,7.285620000000000429e-01,1.224930000000000047e-01,-1.233459999999999973e-01,4.089149999999999729e-01,7.137489999999999668e-01,-5.884179999999999966e-01,9.526090000000000391e-01,-5.283959999999999768e-01,3.818739999999999912e-01,1.594230000000000091e-01,-5.060400000000000315e-02,-1.043970000000000037e-01,-3.058839999999999892e-01,3.300230000000000108e-01,8.811459999999999848e-01,-2.242000000000000104e-01,-1.275840000000000030e-01,-5.387700000000000128e-02,3.889909999999999757e-01,-4.772759999999999780e-01,1.481870000000000132e-01,3.087000000000000161e-02,2.582149999999999723e-01,4.016999999999999738e-02,-1.677849999999999897e-01,-1.869730000000000003e-01,-1.449840000000000018e-01
-1.705560000000000132e-01,-1.050510000000000055e-01,-5.149430000000000396e-01,3.095979999999999843e-01,-4.113669999999999827e-01,4.124499999999999694e-02,4.829479999999999884e-01,9.853800000000000059e-02,-2.844559999999999866e-01,7.281370000000000342e-01,-5.033959999999999546e-01,1.000000000000000000e+00,-3.386900000000000327e-02,-2.859180000000000055e-01,-1.411840000000000039e-01,-8.415300000000000558e-02,6.375999999999999723e-03,-2.446309999999999873e-01,-4.732190000000000007e-01,-1.316340000000000010e-01,-1.153529999999999972e-01,-1.669430000000000081e-01,-2.171349999999999947e-01,8.106400000000000272e-01,-4.060899999999999926e-02,-2.039300000000000140e-02,-3.235649999999999915e-01,-6.492399999999999560e-02,7.637499999999999845e-02,-2.090079999999999993e-01,-6.134999999999999828e-03,1.845050000000000023e-01,1.705440000000000011e-01,5.300699999999999856e-02,1.042840000000000017e-01,3.304940000000000100e-01,3.053190000000000071e-01,7.037489999999999579e-01,2.337000000000000102e-03,1.022460000000000035e-01,1.133829999999999977e-01,1.958030000000000048e-01,4.375689999999999857e-01,4.513010000000000077e-01,6.721740000000000492e-01,-3.229960000000000053e-01,-4.623639999999999972e-01,-5.145999999999999464e-01,2.392999999999999988e-02,-5.161590000000000344e-01,-3.622159999999999824e-01,1.257769999999999999e-01,-1.583130000000000093e-01,-4.592379999999999796e-01,7.254519999999999857e-01,-5.798680000000000501e-01,6.292079999999999895e-01,-4.388250000000000206e-01,-7.888900000000000079e-02,-2.791629999999999945e-01,-1.151240000000000041e-01,3.527649999999999952e-01,-3.276609999999999800e-01,-5.120069999999999899e-01,-7.990999999999999839e-03,-9.095499999999999419e-02,-1.221939999999999971e-01,-3.883480000000000265e-01,6.624280000000000168e-01,-4.881079999999999863e-01,-2.210870000000000057e-01,-1.518369999999999997e-01,-3.175830000000000042e-01,-2.125470000000000137e-01,-9.351700000000000290e-02,-6.058700000000000196e-02
-1.293930000000000080e-01,3.104310000000000125e-01,8.978999999999999135e-03,4.333700000000000052e-02,9.420399999999999607e-02,5.064319999999999933e-01,4.069329999999999892e-01,5.420160000000000533e-01,7.810000000000000275e-02,1.878769999999999885e-01,-1.343600000000000003e-02,-3.386900000000000327e-02,1.000000000000000000e+00,1.923570000000000002e-01,-7.427499999999999380e-02,3.676590000000000136e-01,2.847709999999999964e-01,5.904329999999999856e-01,-1.926399999999999987e-02,6.945999999999999397e-02,1.315299999999999976e-02,-1.109549999999999981e-01,5.655729999999999924e-01,-1.336990000000000123e-01,2.559930000000000261e-01,1.157070000000000043e-01,1.709859999999999991e-01,2.972000000000000197e-01,5.087350000000000483e-01,-2.257579999999999865e-01,1.402740000000000098e-01,2.376000000000000074e-03,-1.415530000000000121e-01,-1.703050000000000119e-01,-9.844700000000000673e-02,7.691299999999999526e-02,-1.010429999999999939e-01,-1.312190000000000023e-01,-2.252699999999999980e-01,-1.456230000000000024e-01,-1.678000000000000047e-01,-2.343449999999999978e-01,1.919039999999999913e-01,-1.909599999999999839e-02,-1.201099999999999945e-01,-3.175970000000000182e-01,2.036789999999999989e-01,-9.742299999999999571e-02,-1.780019999999999936e-01,1.851109999999999978e-01,3.127150000000000207e-01,2.993770000000000042e-01,3.159069999999999934e-01,-1.821230000000000071e-01,2.342470000000000108e-01,-3.056700000000000042e-02,1.360399999999999977e-02,5.219460000000000210e-01,3.126970000000000027e-01,-2.366000000000000048e-03,2.826580000000000203e-01,3.552230000000000110e-01,2.715080000000000271e-01,-1.552340000000000109e-01,-2.068800000000000153e-02,7.847999999999999421e-02,-1.714249999999999940e-01,2.677599999999999980e-01,-1.659339999999999982e-01,2.273050000000000070e-01,-1.325530000000000042e-01,9.527399999999999758e-02,2.283630000000000104e-01,1.762319999999999998e-01,-1.882939999999999892e-01,-5.195299999999999918e-02
-6.892800000000000316e-02,-7.772600000000000342e-02,3.119839999999999836e-01,3.332669999999999799e-01,3.647500000000000187e-01,5.094999999999999703e-03,-4.780299999999999827e-02,1.184240000000000015e-01,1.938380000000000103e-01,-1.524230000000000029e-01,2.836099999999999732e-01,-2.859180000000000055e-01,1.923570000000000002e-01,1.000000000000000000e+00,-1.814379999999999882e-01,-9.836399999999999311e-02,2.175199999999999911e-01,-5.774200000000000166e-02,2.743619999999999948e-01,-2.112570000000000003e-01,-1.673280000000000045e-01,-1.519079999999999875e-01,1.956970000000000098e-01,-2.925780000000000047e-01,-1.459749999999999936e-01,-1.650020000000000098e-01,5.228399999999999714e-02,2.438780000000000114e-01,-1.798180000000000056e-01,6.931600000000000261e-02,-8.928000000000000172e-03,-6.720099999999999685e-02,-1.367230000000000112e-01,-4.424299999999999761e-02,2.647400000000000100e-02,2.212999999999999967e-01,-3.523600000000000343e-02,-3.295739999999999781e-01,-6.292200000000000570e-02,-2.326060000000000072e-01,-1.468899999999999928e-01,-6.704999999999999849e-02,1.203000000000000076e-03,-1.059579999999999966e-01,-2.512449999999999961e-01,-7.467999999999999812e-03,1.322230000000000072e-01,3.392660000000000120e-01,-1.249829999999999969e-01,3.842889999999999917e-01,1.180989999999999956e-01,1.939420000000000033e-01,2.304440000000000099e-01,2.136629999999999918e-01,-1.549409999999999954e-01,2.686339999999999839e-01,-3.047590000000000021e-01,2.391649999999999887e-01,5.848959999999999715e-01,-8.711299999999999599e-02,-1.600660000000000138e-01,-2.011599999999999847e-02,1.624300000000000049e-02,2.392380000000000062e-01,-2.033790000000000042e-01,-1.263630000000000031e-01,-1.368749999999999967e-01,2.612140000000000017e-01,-3.481330000000000258e-01,-1.414900000000000012e-02,-2.611300000000000079e-02,1.001469999999999999e-01,5.447999999999999718e-03,-9.543100000000000194e-02,1.484500000000000056e-02,-1.609960000000000002e-01
7.962460000000000093e-01,-9.348999999999999672e-03,-1.266690000000000038e-01,-2.814499999999999780e-01,-2.239420000000000022e-01,-9.371699999999999475e-02,-1.771230000000000027e-01,-9.076599999999999946e-02,-1.118809999999999943e-01,-1.727319999999999967e-01,-9.874399999999999844e-02,-1.411840000000000039e-01,-7.427499999999999380e-02,-1.814379999999999882e-01,1.000000000000000000e+00,1.407829999999999915e-01,-1.189810000000000034e-01,2.585549999999999793e-01,-8.782399999999999929e-02,7.265019999999999811e-01,7.958800000000000319e-01,7.825180000000000469e-01,1.040640000000000037e-01,8.485199999999999687e-02,5.118999999999999939e-02,1.969960000000000044e-01,2.519069999999999920e-01,2.224029999999999896e-01,3.318729999999999736e-01,2.595140000000000224e-01,5.503080000000000194e-01,3.373280000000000167e-01,9.497099999999999986e-02,5.141660000000000119e-01,2.336000000000000021e-01,-2.292800000000000116e-01,2.247499999999999845e-02,6.052400000000000141e-02,2.936830000000000274e-01,1.428649999999999920e-01,6.430169999999999497e-01,1.072850000000000054e-01,-9.647100000000000120e-02,1.010839999999999933e-01,-8.395900000000000585e-02,5.696510000000000185e-01,1.438349999999999906e-01,-7.281999999999999584e-02,3.025979999999999781e-01,1.998999999999999909e-03,1.087520000000000014e-01,-1.218319999999999959e-01,-7.254499999999999837e-02,-1.436969999999999914e-01,-1.213899999999999979e-01,1.646999999999999853e-02,1.065320000000000017e-01,4.045100000000000084e-02,-2.895320000000000116e-01,8.746040000000000481e-01,4.392099999999999893e-01,-6.020299999999999957e-02,2.989290000000000003e-01,-1.730900000000000147e-02,4.926559999999999828e-01,7.449759999999999716e-01,6.819370000000000154e-01,1.835019999999999984e-01,1.619349999999999956e-01,2.745810000000000195e-01,4.880909999999999971e-01,3.386509999999999798e-01,5.924260000000000081e-01,5.673880000000000035e-01,4.894240000000000257e-01,7.397010000000000529e-01
1.438959999999999961e-01,6.563099999999999490e-01,-5.452499999999999708e-02,-6.262500000000000011e-02,-1.294609999999999927e-01,3.500190000000000246e-01,3.385300000000000115e-02,2.714880000000000071e-01,-6.532300000000000606e-02,4.270000000000000184e-02,-3.238400000000000306e-02,-8.415300000000000558e-02,3.676590000000000136e-01,-9.836399999999999311e-02,1.407829999999999915e-01,1.000000000000000000e+00,4.421439999999999815e-01,7.414330000000000087e-01,-5.188799999999999663e-02,3.843559999999999754e-01,2.712220000000000186e-01,3.807450000000000001e-01,3.236870000000000025e-01,-2.989299999999999943e-02,4.927099999999999813e-01,5.880840000000000511e-01,2.518619999999999748e-01,3.173920000000000075e-01,5.674829999999999597e-01,2.116470000000000018e-01,3.338929999999999954e-01,1.470410000000000050e-01,3.170370000000000132e-01,1.675590000000000135e-01,-1.304800000000000057e-02,-1.274839999999999862e-01,-5.392700000000000271e-02,3.347999999999999848e-03,8.431900000000000506e-02,3.118270000000000208e-01,2.172580000000000067e-01,2.501000000000000185e-03,-1.126680000000000043e-01,5.328100000000000197e-02,-1.691580000000000028e-01,1.693880000000000108e-01,2.108200000000000074e-01,-8.198199999999999932e-02,1.116680000000000034e-01,-6.011500000000000177e-02,1.536879999999999913e-01,-8.878999999999999393e-02,9.482500000000000651e-02,-1.228230000000000016e-01,-1.239669999999999939e-01,-2.258699999999999944e-02,5.802800000000000319e-02,1.289760000000000073e-01,-7.970199999999999507e-02,1.850410000000000110e-01,3.557549999999999879e-01,2.199399999999999966e-01,4.931860000000000133e-01,-8.943099999999999661e-02,3.853829999999999756e-01,7.704500000000000237e-02,3.289099999999999802e-01,4.262799999999999923e-02,-1.158060000000000062e-01,2.967040000000000233e-01,2.319120000000000070e-01,-7.040899999999999936e-02,3.323949999999999960e-01,1.808019999999999905e-01,9.533300000000000107e-02,2.005210000000000048e-01
-8.234199999999999853e-02,4.519920000000000049e-01,-1.018919999999999965e-01,-7.600200000000000011e-02,-1.534369999999999901e-01,2.435509999999999897e-01,8.977100000000000357e-02,1.819429999999999936e-01,-2.616809999999999969e-01,1.334319999999999951e-01,-7.421999999999999778e-03,6.375999999999999723e-03,2.847709999999999964e-01,2.175199999999999911e-01,-1.189810000000000034e-01,4.421439999999999815e-01,1.000000000000000000e+00,4.992869999999999808e-01,-2.861800000000000108e-02,8.359800000000000564e-02,1.257939999999999892e-01,3.888899999999999996e-02,6.919699999999999462e-02,5.874999999999999667e-02,4.182460000000000067e-01,4.768950000000000133e-01,4.853999999999999808e-03,1.301849999999999952e-01,1.633809999999999985e-01,1.960330000000000128e-01,2.496329999999999938e-01,8.262999999999999512e-03,3.619660000000000100e-01,-4.568900000000000045e-02,-1.775699999999999848e-02,5.950300000000000034e-02,-2.389239999999999975e-01,-1.431590000000000085e-01,1.333670000000000133e-01,3.545800000000000063e-01,-1.246399999999999939e-02,1.090200000000000058e-01,-7.874200000000000643e-02,-1.682379999999999987e-01,-9.256200000000000538e-02,6.150400000000000311e-02,1.224190000000000000e-01,-7.165299999999999447e-02,5.381400000000000072e-02,-1.211070000000000063e-01,-1.997300000000000117e-02,-4.260800000000000004e-02,7.272900000000000198e-02,-2.224109999999999976e-01,6.747999999999999658e-03,-9.536999999999999644e-02,-1.621199999999999863e-01,-9.317000000000000628e-03,-4.173500000000000126e-02,-8.761099999999999444e-02,4.169099999999999889e-02,2.782609999999999806e-01,2.789599999999999858e-01,-7.173100000000000309e-02,2.332680000000000031e-01,-1.516540000000000110e-01,1.605659999999999865e-01,-1.396360000000000101e-01,-1.731030000000000069e-01,1.253599999999999992e-01,1.239770000000000039e-01,-2.546820000000000195e-01,-8.888000000000000067e-03,-3.548699999999999771e-02,-1.001070000000000015e-01,3.303099999999999786e-02
2.385730000000000073e-01,5.255370000000000319e-01,-1.374399999999999927e-02,-2.687700000000000089e-01,-6.057200000000000084e-02,3.030450000000000088e-01,3.782499999999999751e-02,3.252490000000000103e-01,-7.903100000000000402e-02,-7.210500000000000242e-02,4.010699999999999682e-02,-2.446309999999999873e-01,5.904329999999999856e-01,-5.774200000000000166e-02,2.585549999999999793e-01,7.414330000000000087e-01,4.992869999999999808e-01,1.000000000000000000e+00,5.707000000000000267e-03,4.558479999999999754e-01,3.562770000000000103e-01,3.592529999999999890e-01,4.348770000000000135e-01,-1.263110000000000066e-01,3.907249999999999890e-01,5.141940000000000399e-01,2.176720000000000044e-01,2.947819999999999885e-01,5.866479999999999473e-01,7.833900000000000585e-02,3.564510000000000178e-01,1.536210000000000075e-01,1.656279999999999974e-01,1.140000000000000041e-02,-1.706200000000000078e-02,-1.652669999999999972e-01,-2.666879999999999806e-01,-1.633169999999999900e-01,1.214800000000000081e-02,2.446069999999999911e-01,1.126769999999999994e-01,-8.770300000000000318e-02,-1.259760000000000046e-01,-1.978850000000000053e-01,-1.765049999999999952e-01,1.538980000000000070e-01,3.011400000000000188e-01,-5.773400000000000060e-02,1.027489999999999931e-01,1.305369999999999864e-01,2.458140000000000047e-01,4.161100000000000215e-02,1.757869999999999988e-01,-1.490609999999999991e-01,-6.194700000000000206e-02,7.310099999999999931e-02,-2.525200000000000014e-02,4.030420000000000114e-01,-2.704099999999999906e-02,3.617540000000000200e-01,4.710159999999999902e-01,1.778329999999999911e-01,5.895719999999999850e-01,-4.870499999999999829e-02,3.574959999999999805e-01,2.759289999999999798e-01,3.532819999999999849e-01,2.200390000000000124e-01,-1.505539999999999934e-01,4.748629999999999796e-01,2.541559999999999930e-01,2.928100000000000147e-02,4.336949999999999972e-01,3.400610000000000022e-01,1.569800000000000015e-02,2.695609999999999951e-01
-4.244499999999999662e-02,-1.577220000000000011e-01,9.443890000000000340e-01,-1.822340000000000071e-01,7.343549999999999800e-01,-2.367229999999999890e-01,-4.237299999999999955e-01,-1.381100000000000036e-02,7.759690000000000198e-01,-4.722959999999999936e-01,9.452739999999999476e-01,-4.732190000000000007e-01,-1.926399999999999987e-02,2.743619999999999948e-01,-8.782399999999999929e-02,-5.188799999999999663e-02,-2.861800000000000108e-02,5.707000000000000267e-03,1.000000000000000000e+00,-1.207460000000000061e-01,-5.997500000000000053e-02,-5.563699999999999896e-02,1.002669999999999950e-01,-5.538950000000000262e-01,-2.411929999999999907e-01,-2.147820000000000007e-01,3.169379999999999975e-01,1.097420000000000062e-01,-3.952809999999999935e-01,1.870040000000000036e-01,-1.269859999999999878e-01,-1.764500000000000096e-02,-3.571799999999999975e-01,-2.356219999999999981e-01,1.188059999999999949e-01,-1.001159999999999967e-01,-1.799699999999999911e-01,-5.392120000000000246e-01,2.696499999999999939e-02,-4.553749999999999742e-01,-2.534399999999999986e-01,-3.178199999999999775e-02,-3.407589999999999786e-01,-3.965040000000000231e-01,-5.238920000000000243e-01,-3.112099999999999936e-02,1.831889999999999907e-01,9.149199999999999555e-01,-3.692999999999999755e-02,6.957969999999999988e-01,6.553900000000000003e-02,-1.217759999999999954e-01,2.671850000000000058e-01,7.133049999999999669e-01,-5.355670000000000153e-01,8.920949999999999713e-01,-4.679470000000000018e-01,3.357939999999999814e-01,1.879800000000000082e-01,-4.003500000000000114e-02,-6.826300000000000423e-02,-2.816359999999999975e-01,3.050970000000000071e-01,9.303660000000000263e-01,-2.725330000000000252e-01,-1.226560000000000011e-01,-1.079060000000000019e-01,3.190149999999999930e-01,-4.574050000000000060e-01,7.263200000000000212e-02,-3.936100000000000015e-02,2.703729999999999745e-01,9.267599999999999449e-02,-1.386429999999999885e-01,-7.949100000000000610e-02,-8.885200000000000042e-02
5.106680000000000108e-01,3.062300000000000022e-01,-2.090770000000000128e-01,-3.366049999999999875e-01,-2.636580000000000035e-01,2.005069999999999908e-01,-2.040399999999999853e-02,1.840970000000000106e-01,-1.488530000000000131e-01,-1.542320000000000080e-01,-1.098839999999999956e-01,-1.316340000000000010e-01,6.945999999999999397e-02,-2.112570000000000003e-01,7.265019999999999811e-01,3.843559999999999754e-01,8.359800000000000564e-02,4.558479999999999754e-01,-1.207460000000000061e-01,1.000000000000000000e+00,5.945249999999999702e-01,8.802400000000000224e-01,2.381280000000000063e-01,1.074279999999999957e-01,3.310279999999999889e-01,4.019449999999999967e-01,3.935130000000000017e-01,1.528490000000000126e-01,5.918200000000000127e-01,2.931250000000000244e-01,4.091989999999999794e-01,3.330509999999999859e-01,2.908640000000000114e-01,3.911370000000000124e-01,7.821200000000000374e-02,-1.225509999999999933e-01,-1.915939999999999865e-01,7.381699999999999373e-02,3.463749999999999885e-01,3.988829999999999876e-01,4.464750000000000107e-01,-7.470000000000000251e-02,-4.456999999999999851e-02,-6.351999999999999313e-02,-1.005299999999999944e-02,3.880279999999999840e-01,2.537460000000000271e-01,-1.719310000000000005e-01,3.208710000000000173e-01,-1.654399999999999968e-02,2.688050000000000161e-01,6.481299999999999562e-02,9.769300000000000206e-02,-2.109000000000000041e-01,-1.309760000000000091e-01,-1.160500000000000073e-02,9.792499999999999816e-02,6.718699999999999672e-02,-2.410039999999999960e-01,6.563630000000000297e-01,4.442300000000000137e-01,-4.343799999999999745e-02,2.795949999999999824e-01,-1.540040000000000020e-01,8.092920000000000114e-01,4.920869999999999966e-01,7.356679999999999886e-01,1.965890000000000137e-01,1.177809999999999968e-01,4.360870000000000024e-01,4.053180000000000116e-01,2.861520000000000175e-01,3.954239999999999977e-01,6.093079999999999607e-01,3.223309999999999786e-01,5.472399999999999487e-01
