1.000000000000000000e+00,2.232850000000000112e-01,-1.115089999999999970e-01,5.911000000000000282e-02,5.328100000000000197e-02,5.178499999999999770e-02,1.130700000000000038e-01,8.335900000000000254e-02,-1.598940000000000083e-01,1.849359999999999893e-01,2.364799999999999888e-02,1.713709999999999956e-01,1.574230000000000074e-01,1.669559999999999933e-01,2.725199999999999845e-01,1.085909999999999931e-01,1.100030000000000036e-01,-6.470599999999999963e-02,1.241489999999999955e-01,1.970969999999999944e-01,4.212239999999999873e-01,2.875869999999999815e-01,1.164209999999999967e-01,3.944360000000000088e-01,3.495519999999999738e-01,5.401120000000000365e-01,1.771659999999999902e-01,1.014899999999999969e-01,1.832219999999999960e-01,2.429200000000000109e-02,3.566050000000000053e-01,3.158270000000000244e-01,1.984910000000000008e-01,2.160269999999999968e-01,1.117510000000000031e-01,1.683060000000000112e-01,5.431600000000000317e-02,1.976999999999999869e-01,3.358679999999999999e-01,2.138559999999999905e-01,1.639519999999999866e-01,8.828900000000000636e-02,1.365959999999999952e-01,-1.049090000000000023e-01,2.879299999999999915e-02,7.234380000000000255e-01,1.221509999999999957e-01,-9.604100000000000137e-02,5.426299999999999873e-02,1.466199999999999969e-02,1.522300000000000042e-02,1.705699999999999925e-02,-2.403999999999999887e-02,-3.110699999999999923e-02,1.288100000000000078e-01,4.658299999999999941e-02,1.090480000000000060e-01,-2.045500000000000096e-02,1.471480000000000010e-01,4.076509999999999856e-01,3.069200000000000053e-02,7.498000000000000498e-02,7.546400000000000330e-02,1.101410000000000028e-01,7.209599999999999342e-02,4.058970000000000078e-01,1.681590000000000029e-01,1.246659999999999990e-01,3.963459999999999761e-01,2.500530000000000252e-01,5.433149999999999924e-01,1.482150000000000134e-01,3.448699999999999682e-02,2.028230000000000033e-01,2.381010000000000071e-01,2.145749999999999880e-01
2.232850000000000112e-01,1.000000000000000000e+00,-1.683230000000000004e-01,-4.664800000000000196e-02,-9.912000000000000671e-03,7.593060000000000365e-01,1.713119999999999921e-01,2.517469999999999986e-01,-9.426800000000000457e-02,3.373059999999999947e-01,-8.329999999999999905e-02,3.573080000000000145e-01,4.384759999999999769e-01,4.612299999999999733e-02,-1.127289999999999959e-01,3.734060000000000157e-01,3.824500000000000122e-01,3.797010000000000107e-01,-1.035600000000000062e-02,-1.698890000000000122e-01,2.835559999999999747e-01,-7.265900000000000136e-02,2.062410000000000077e-01,2.187489999999999990e-01,6.280259999999999732e-01,6.319850000000000190e-01,1.460859999999999936e-01,2.425360000000000016e-01,2.390029999999999932e-01,1.804129999999999900e-01,6.060299999999999715e-02,1.660800000000000054e-01,2.557260000000000089e-01,-2.536479999999999846e-01,-2.881549999999999945e-01,6.171499999999999903e-02,-2.750199999999999867e-02,2.108990000000000031e-01,1.682069999999999954e-01,3.345850000000000213e-01,-3.081389999999999962e-01,-2.403339999999999921e-01,-1.693099999999999883e-01,-1.654229999999999867e-01,1.647629999999999928e-01,2.050480000000000080e-01,5.383320000000000327e-01,-1.279089999999999949e-01,-1.302310000000000134e-01,-2.443410000000000026e-01,3.727739999999999942e-01,2.197999999999999954e-02,2.441149999999999987e-01,-7.770399999999999530e-02,2.632430000000000048e-01,-2.880800000000000027e-02,1.639730000000000076e-01,2.474320000000000130e-01,-7.417400000000000382e-02,-1.169420000000000043e-01,2.121989999999999987e-01,2.767930000000000113e-01,2.990189999999999793e-01,-2.821299999999999850e-02,-1.810809999999999920e-01,1.713200000000000139e-02,-1.596889999999999976e-01,1.875330000000000052e-01,1.710909999999999931e-01,5.208289999999999864e-01,4.046600000000000197e-01,-1.144280000000000019e-01,-7.654600000000000293e-02,7.344499999999999640e-02,6.831900000000000472e-02,-2.511299999999999991e-02
-1.115089999999999970e-01,-1.683230000000000004e-01,1.000000000000000000e+00,-8.255800000000000638e-02,1.171969999999999956e-01,-1.317639999999999922e-01,-1.797719999999999874e-01,1.142510000000000053e-01,4.870369999999999977e-01,-1.775760000000000116e-01,5.396769999999999623e-01,-2.213799999999999935e-01,-2.775059999999999749e-01,4.154200000000000254e-02,5.057199999999999890e-02,-3.000010000000000177e-01,-2.057559999999999945e-01,-1.449890000000000068e-01,7.043789999999999774e-01,-6.773099999999999954e-02,-2.734360000000000124e-01,-1.355719999999999981e-01,1.666640000000000066e-01,7.950000000000000252e-04,-1.731520000000000004e-01,-1.789449999999999930e-01,1.200800000000000062e-01,-2.591669999999999807e-01,-3.564669999999999783e-01,-8.751000000000000445e-02,-3.529430000000000067e-01,-2.177469999999999961e-01,-2.387990000000000113e-01,-1.015429999999999944e-01,1.664049999999999974e-01,-4.091399999999999898e-02,4.049999999999999781e-04,-1.877060000000000117e-01,-2.240360000000000129e-01,-2.398639999999999939e-01,3.478999999999999888e-03,2.264430000000000054e-01,7.334300000000000541e-02,-3.864599999999999980e-02,-2.254730000000000067e-01,-2.422330000000000039e-01,-1.813420000000000032e-01,6.990610000000000435e-01,-1.290040000000000076e-01,4.703669999999999796e-01,-8.172200000000000297e-02,-6.232200000000000240e-02,-4.689999999999999725e-03,4.876119999999999899e-01,-3.669009999999999772e-01,5.172210000000000418e-01,-4.954000000000000070e-03,-1.676930000000000087e-01,4.355900000000000050e-02,1.165300000000000016e-02,-3.410219999999999918e-01,-1.958249999999999991e-01,-2.134020000000000084e-01,6.135230000000000405e-01,1.245160000000000017e-01,-3.530550000000000077e-01,1.323330000000000062e-01,7.019000000000000239e-02,-2.137940000000000118e-01,-2.045569999999999888e-01,-2.218070000000000042e-01,1.449620000000000075e-01,-2.402299999999999922e-02,-3.362600000000000033e-01,3.788899999999999907e-02,-3.508279999999999732e-01
5.911000000000000282e-02,-4.664800000000000196e-02,-8.255800000000000638e-02,1.000000000000000000e+00,4.238270000000000093e-01,1.320699999999999930e-01,3.657750000000000168e-01,-1.851339999999999930e-01,1.234809999999999935e-01,-2.830900000000000083e-02,5.393189999999999928e-01,-2.564069999999999960e-01,2.248989999999999878e-01,4.923089999999999966e-01,4.185599999999999737e-02,-1.465819999999999901e-01,-2.442769999999999941e-01,-2.242830000000000101e-01,2.622499999999999831e-01,1.470299999999999940e-01,2.216090000000000004e-01,4.293830000000000147e-01,-1.452410000000000090e-01,-4.775139999999999940e-01,-1.648700000000000165e-02,-1.681239999999999957e-01,4.008240000000000136e-01,3.538649999999999851e-01,3.732320000000000082e-01,3.178409999999999846e-01,3.293900000000000161e-01,3.839640000000000275e-01,1.692329999999999945e-01,2.325999999999999943e-02,-1.593769999999999909e-01,5.834089999999999554e-01,3.877090000000000258e-01,7.210500000000000242e-02,1.994620000000000004e-01,1.027919999999999945e-01,9.135000000000000758e-03,-2.163180000000000103e-01,4.935300000000000104e-02,5.181710000000000482e-01,3.929099999999999954e-02,2.252099999999999935e-02,-2.263959999999999861e-01,4.225320000000000187e-01,5.719819999999999904e-01,3.965819999999999901e-01,3.247829999999999884e-01,5.045420000000000460e-01,5.399400000000000033e-02,3.529079999999999995e-01,-4.547099999999999753e-02,4.373259999999999925e-01,-1.411360000000000114e-01,2.652990000000000070e-01,5.988329999999999487e-01,-4.434099999999999847e-02,-7.589600000000000513e-02,-4.223049999999999859e-01,-1.925890000000000102e-01,4.113709999999999867e-01,7.357199999999999851e-02,3.769669999999999965e-01,-6.193999999999999853e-03,3.711479999999999779e-01,-3.813960000000000128e-01,5.308100000000000318e-02,-2.959900000000000031e-02,5.631479999999999819e-01,3.986200000000000160e-02,4.926630000000000176e-01,4.816409999999999858e-01,2.331670000000000131e-01
5.328100000000000197e-02,-9.912000000000000671e-03,1.171969999999999956e-01,4.238270000000000093e-01,1.000000000000000000e+00,1.384160000000000112e-01,8.071730000000000294e-01,-3.190350000000000130e-01,7.187459999999999960e-01,5.421859999999999458e-01,6.258799999999999919e-01,2.266650000000000054e-01,6.533449999999999536e-01,8.414730000000000265e-01,-4.475040000000000129e-01,-7.981699999999999906e-02,2.657889999999999975e-01,-1.700379999999999947e-01,1.573420000000000096e-01,-4.236889999999999823e-01,-2.997700000000000017e-02,-4.128400000000000125e-02,-5.922789999999999999e-01,3.842399999999999982e-02,3.603259999999999796e-01,1.207519999999999982e-01,-2.624599999999999850e-02,6.539230000000000320e-01,1.470450000000000090e-01,5.932749999999999968e-01,1.048039999999999944e-01,4.413819999999999966e-01,5.114649999999999475e-01,-4.300910000000000011e-01,-5.889039999999999830e-01,3.889759999999999884e-01,6.746670000000000167e-01,2.514159999999999728e-01,-1.772880000000000011e-01,2.124600000000000100e-01,-2.462650000000000117e-01,-6.321250000000000480e-01,-3.975139999999999785e-01,4.002200000000000202e-01,2.443760000000000099e-01,1.899260000000000115e-01,-3.340440000000000076e-01,6.017019999999999591e-01,1.905040000000000067e-01,6.336169999999999858e-01,1.499179999999999957e-01,8.324650000000000105e-01,2.214409999999999989e-01,7.593330000000000357e-01,2.779449999999999976e-01,6.258399999999999519e-01,-3.009760000000000213e-01,3.074489999999999723e-01,4.696100000000000274e-01,-4.203919999999999879e-01,6.803499999999999825e-02,-5.057199999999999890e-02,-1.886099999999999999e-01,4.693470000000000142e-01,-3.835379999999999900e-01,6.553699999999999803e-02,-3.902919999999999723e-01,2.575560000000000072e-01,-8.634600000000000608e-02,-1.209469999999999990e-01,-2.622140000000000026e-01,3.064379999999999882e-01,-2.712959999999999816e-01,3.460900000000000087e-02,4.553159999999999985e-01,3.056440000000000268e-01
5.178499999999999770e-02,7.593060000000000365e-01,-1.317639999999999922e-01,1.320699999999999930e-01,1.384160000000000112e-01,1.000000000000000000e+00,3.195209999999999995e-01,2.380349999999999966e-01,-3.960299999999999931e-02,3.155640000000000112e-01,2.114689999999999903e-01,2.179679999999999951e-01,5.587630000000000097e-01,2.211539999999999895e-01,-2.291080000000000061e-01,4.357130000000000170e-01,3.450509999999999966e-01,4.597640000000000060e-01,1.899280000000000135e-01,-1.940240000000000020e-01,2.460299999999999987e-01,1.340299999999999998e-02,2.250600000000000100e-01,-4.976900000000000074e-02,5.136929999999999552e-01,3.466440000000000077e-01,3.375670000000000059e-01,3.674979999999999913e-01,3.351359999999999895e-01,3.306259999999999755e-01,1.376610000000000056e-01,2.119040000000000090e-01,3.451279999999999903e-01,-2.102020000000000000e-01,-3.683649999999999980e-01,9.494600000000000262e-02,1.456989999999999952e-01,2.013840000000000074e-01,1.443740000000000023e-01,2.944749999999999868e-01,-2.731799999999999784e-01,-2.669790000000000219e-01,-1.748020000000000129e-01,6.007300000000000140e-02,6.754100000000000381e-02,9.210000000000000521e-04,3.891129999999999867e-01,7.548000000000000542e-02,7.703000000000000125e-02,-1.007119999999999960e-01,6.533269999999999911e-01,2.354330000000000034e-01,3.612870000000000248e-01,6.795700000000000351e-02,1.633630000000000082e-01,1.946309999999999985e-01,1.078490000000000004e-01,4.990209999999999924e-01,1.951060000000000016e-01,-3.020070000000000254e-01,2.140710000000000113e-01,1.193550000000000028e-01,2.062259999999999927e-01,2.418440000000000034e-01,-2.819130000000000247e-01,1.212799999999999989e-01,-2.910349999999999882e-01,5.018070000000000030e-01,-3.543099999999999722e-02,5.541049999999999587e-01,2.548030000000000017e-01,1.282040000000000124e-01,2.964400000000000021e-02,2.491629999999999956e-01,2.019170000000000131e-01,-7.712299999999999711e-02
1.130700000000000038e-01,1.713119999999999921e-01,-1.797719999999999874e-01,3.657750000000000168e-01,8.071730000000000294e-01,3.195209999999999995e-01,1.000000000000000000e+00,-3.364770000000000261e-01,3.847019999999999884e-01,6.832129999999999592e-01,3.148070000000000035e-01,4.221940000000000137e-01,7.881580000000000252e-01,6.867339999999999556e-01,-4.166670000000000096e-01,1.284899999999999931e-01,4.496870000000000034e-01,1.859600000000000142e-02,-1.020220000000000016e-01,-3.222679999999999989e-01,1.003050000000000053e-01,6.936999999999999590e-03,-5.421200000000000463e-01,8.519999999999999796e-03,5.461460000000000203e-01,2.631720000000000170e-01,3.289299999999999863e-02,7.533729999999999594e-01,4.137080000000000202e-01,6.346680000000000099e-01,2.504370000000000207e-01,5.386900000000000022e-01,6.146059999999999857e-01,-3.902740000000000098e-01,-6.016080000000000316e-01,1.653060000000000085e-01,6.587020000000000097e-01,1.375339999999999896e-01,-1.295499999999999950e-02,3.016240000000000032e-01,-2.002059999999999951e-01,-6.010609999999999564e-01,-5.266389999999999683e-01,3.032560000000000255e-01,1.633529999999999982e-01,2.246859999999999968e-01,-2.592479999999999785e-01,2.455600000000000005e-01,-6.740999999999999596e-03,3.066280000000000117e-01,1.063879999999999965e-01,6.895270000000000010e-01,9.381899999999999962e-02,4.433960000000000123e-01,4.756750000000000145e-01,2.757109999999999839e-01,-3.337080000000000046e-01,3.743779999999999886e-01,2.434149999999999925e-01,-3.315339999999999954e-01,2.761569999999999858e-01,1.040169999999999983e-01,4.855500000000000094e-02,1.487880000000000036e-01,-3.766749999999999821e-01,1.451830000000000065e-01,-4.010690000000000088e-01,1.850279999999999980e-01,-3.179900000000000088e-02,-3.917999999999999955e-02,-2.059249999999999969e-01,2.019140000000000101e-01,-1.634690000000000032e-01,2.151180000000000037e-01,4.264470000000000205e-01,4.050420000000000131e-01
8.335900000000000254e-02,2.517469999999999986e-01,1.142510000000000053e-01,-1.851339999999999930e-01,-3.190350000000000130e-01,2.380349999999999966e-01,-3.364770000000000261e-01,1.000000000000000000e+00,-1.282310000000000116e-01,-2.709420000000000162e-01,-5.240199999999999719e-02,-6.169899999999999690e-02,-2.144560000000000077e-01,-2.458740000000000092e-01,1.522300000000000042e-01,-5.353999999999999732e-02,-1.790490000000000137e-01,7.934099999999999486e-02,2.217699999999999949e-01,-3.857800000000000118e-02,1.262699999999999934e-01,-2.458839999999999915e-01,7.791360000000000507e-01,2.625480000000000036e-01,-1.578589999999999993e-01,2.318870000000000098e-01,-1.211689999999999989e-01,-3.526259999999999950e-01,-4.554170000000000162e-01,-4.224669999999999814e-01,-2.743760000000000088e-01,-2.509930000000000216e-01,-3.233210000000000250e-01,-6.931199999999999861e-02,2.000500000000000056e-01,3.316199999999999704e-02,-4.613249999999999851e-01,-1.665059999999999873e-01,-2.809599999999999945e-02,-1.812580000000000024e-01,-1.687889999999999946e-01,2.408359999999999945e-01,4.608059999999999934e-01,-3.530090000000000172e-01,-2.265949999999999909e-01,-3.113199999999999995e-02,3.105689999999999840e-01,-6.548500000000000154e-02,-3.213200000000000084e-02,-1.971040000000000014e-01,2.674210000000000198e-01,-2.604279999999999928e-01,6.311170000000000391e-01,-1.840680000000000094e-01,-2.331020000000000036e-01,4.623300000000000326e-02,6.505619999999999736e-01,4.235400000000000276e-02,-5.804399999999999837e-02,2.796099999999999974e-02,-2.884530000000000149e-01,-1.409499999999999989e-02,-9.324999999999999956e-03,7.470300000000000551e-02,-4.586199999999999999e-02,-5.903800000000000020e-02,-1.919099999999999973e-02,3.242410000000000014e-01,2.503330000000000277e-01,2.497969999999999913e-01,4.361619999999999941e-01,-4.103729999999999878e-01,-2.201799999999999938e-02,-3.301669999999999883e-01,-2.437670000000000115e-01,-3.925029999999999908e-01
-1.598940000000000083e-01,-9.426800000000000457e-02,4.870369999999999977e-01,1.234809999999999935e-01,7.187459999999999960e-01,-3.960299999999999931e-02,3.847019999999999884e-01,-1.282310000000000116e-01,1.000000000000000000e+00,3.183599999999999763e-01,5.546879999999999589e-01,5.470799999999999969e-02,3.129540000000000100e-01,5.381810000000000205e-01,-3.219810000000000172e-01,-5.254700000000000343e-02,2.144810000000000050e-01,-2.752900000000000139e-02,3.090959999999999819e-01,-2.950479999999999769e-01,-2.693690000000000251e-01,-1.091870000000000063e-01,-3.475249999999999728e-01,8.223199999999999954e-02,1.903650000000000064e-01,3.317200000000000010e-02,-7.731300000000000672e-02,3.470409999999999884e-01,-9.925399999999999501e-02,3.652000000000000246e-01,-5.399500000000000133e-02,1.839610000000000134e-01,1.964839999999999920e-01,-3.759879999999999889e-01,-4.161489999999999911e-01,1.418049999999999866e-01,4.259689999999999865e-01,1.810940000000000050e-01,-3.469419999999999726e-01,5.470900000000000069e-02,-2.564649999999999985e-01,-4.011120000000000241e-01,-2.417400000000000104e-01,3.259750000000000147e-01,2.449209999999999998e-01,-4.807700000000000168e-02,-3.415239999999999942e-01,6.419620000000000326e-01,6.324899999999999967e-02,7.066000000000000059e-01,-7.336800000000000266e-02,5.889959999999999640e-01,1.636400000000000077e-01,8.625119999999999454e-01,8.081699999999999995e-02,5.702679999999999971e-01,-2.184200000000000030e-01,1.677140000000000020e-01,3.394260000000000055e-01,-3.563140000000000196e-01,-6.764799999999999980e-02,5.392000000000000091e-03,-2.969499999999999917e-01,4.349169999999999980e-01,-1.479409999999999892e-01,-2.927930000000000255e-01,-1.572310000000000096e-01,1.690200000000000036e-02,-1.429259999999999975e-01,-2.686950000000000172e-01,-3.825169999999999959e-01,1.286239999999999883e-01,-1.803790000000000115e-01,-2.701700000000000212e-01,2.709500000000000242e-01,8.606600000000000361e-02
1.849359999999999893e-01,3.373059999999999947e-01,-1.775760000000000116e-01,-2.830900000000000083e-02,5.421859999999999458e-01,3.155640000000000112e-01,6.832129999999999592e-01,-2.709420000000000162e-01,3.183599999999999763e-01,1.000000000000000000e+00,-9.516999999999999418e-03,8.190960000000000463e-01,7.895269999999999788e-01,5.535409999999999497e-01,-6.479390000000000427e-01,3.109250000000000069e-01,7.973599999999999577e-01,2.060329999999999939e-01,-8.340500000000000691e-02,-5.016549999999999621e-01,-1.724169999999999869e-01,-2.455739999999999867e-01,-5.548149999999999471e-01,4.697140000000000204e-01,8.261349999999999527e-01,6.449930000000000385e-01,-3.008449999999999736e-01,7.789850000000000385e-01,2.022740000000000093e-01,6.853129999999999500e-01,1.754249999999999976e-01,4.695770000000000222e-01,8.188609999999999500e-01,-5.667339999999999600e-01,-7.895469999999999988e-01,-1.601849999999999941e-01,5.985430000000000472e-01,3.156800000000000161e-01,-1.177779999999999938e-01,5.430169999999999719e-01,-3.662409999999999832e-01,-7.384089999999999820e-01,-6.938069999999999515e-01,1.233839999999999937e-01,3.278329999999999855e-01,4.498820000000000041e-01,1.861799999999999913e-02,9.294000000000000178e-03,-3.248719999999999941e-01,-5.892200000000000215e-02,8.693700000000000039e-02,4.109470000000000067e-01,1.795539999999999914e-01,2.083859999999999879e-01,8.445489999999999942e-01,6.669200000000000128e-02,-2.148519999999999874e-01,2.474520000000000053e-01,9.026700000000000002e-02,-4.110509999999999997e-01,2.905659999999999910e-01,4.487709999999999755e-01,1.351700000000000124e-01,-2.319299999999999834e-02,-5.531460000000000266e-01,2.340599999999999972e-02,-4.798660000000000148e-01,7.246400000000000063e-02,3.790350000000000108e-01,1.256700000000000039e-01,-1.792300000000000143e-02,-1.623269999999999991e-01,-3.605240000000000111e-01,-5.867399999999999699e-02,1.875449999999999895e-01,3.927930000000000033e-01
2.364799999999999888e-02,-8.329999999999999905e-02,5.396769999999999623e-01,5.393189999999999928e-01,6.258799999999999919e-01,2.114689999999999903e-01,3.148070000000000035e-01,-5.240199999999999719e-02,5.546879999999999589e-01,-9.516999999999999418e-03,1.000000000000000000e+00,-2.896659999999999791e-01,2.358300000000000118e-01,5.666020000000000501e-01,-1.241180000000000061e-01,-1.849500000000000033e-01,-1.730970000000000009e-01,-1.642969999999999986e-01,6.909239999999999826e-01,-1.507159999999999889e-01,-6.584999999999999708e-03,1.638469999999999926e-01,-1.109210000000000057e-01,-2.425710000000000088e-01,-3.192500000000000199e-02,-1.869760000000000033e-01,3.509849999999999914e-01,2.175650000000000084e-01,1.850100000000000008e-02,3.309739999999999904e-01,4.693100000000000049e-02,2.297849999999999893e-01,7.356500000000000539e-02,-1.140609999999999957e-01,-2.061159999999999937e-01,4.843770000000000020e-01,3.893010000000000081e-01,1.155280000000000057e-01,-4.603299999999999753e-02,-2.681199999999999903e-02,-7.916499999999999926e-02,-2.026900000000000091e-01,-2.560000000000000123e-02,4.513329999999999842e-01,2.574299999999999852e-02,-6.795400000000000051e-02,-2.820550000000000002e-01,9.049260000000000081e-01,4.354040000000000132e-01,7.532689999999999664e-01,3.687529999999999974e-01,6.216469999999999496e-01,2.172820000000000029e-01,7.581229999999999913e-01,-2.841859999999999942e-01,9.252040000000000264e-01,-5.285200000000000314e-02,3.091149999999999731e-01,5.950309999999999766e-01,-2.466190000000000049e-01,-2.454020000000000090e-01,-4.339709999999999956e-01,-3.977620000000000045e-01,9.031040000000000179e-01,-9.747000000000000108e-02,4.214199999999999890e-02,-1.151340000000000002e-01,4.844490000000000185e-01,-3.322849999999999970e-01,2.320399999999999893e-02,-1.164670000000000011e-01,5.736649999999999805e-01,-5.628299999999999970e-02,1.104559999999999986e-01,4.625719999999999832e-01,-1.137620000000000020e-01
1.713709999999999956e-01,3.573080000000000145e-01,-2.213799999999999935e-01,-2.564069999999999960e-01,2.266650000000000054e-01,2.179679999999999951e-01,4.221940000000000137e-01,-6.169899999999999690e-02,5.470799999999999969e-02,8.190960000000000463e-01,-2.896659999999999791e-01,1.000000000000000000e+00,6.039050000000000251e-01,2.738240000000000118e-01,-5.394489999999999563e-01,1.659259999999999902e-01,6.187770000000000215e-01,9.337299999999999767e-02,-2.238890000000000047e-01,-4.896400000000000197e-01,-2.210479999999999945e-01,-3.943780000000000063e-01,-3.325270000000000170e-01,6.519479999999999720e-01,6.805029999999999690e-01,7.508690000000000087e-01,-4.411889999999999978e-01,4.780200000000000005e-01,3.890799999999999814e-02,3.821539999999999937e-01,-9.098000000000000531e-02,1.789880000000000082e-01,6.280160000000000187e-01,-5.400629999999999598e-01,-5.569600000000000106e-01,-2.620449999999999724e-01,2.328580000000000094e-01,2.156079999999999941e-01,-1.844149999999999956e-01,3.819710000000000050e-01,-3.423379999999999757e-01,-5.298910000000000009e-01,-5.634679999999999689e-01,-1.605320000000000080e-01,1.946319999999999995e-01,3.530229999999999757e-01,6.167500000000000066e-02,-2.239359999999999962e-01,-4.630969999999999809e-01,-2.341799999999999993e-01,-1.028500000000000074e-02,8.816000000000000225e-02,1.729499999999999926e-01,-9.335000000000000242e-02,7.651829999999999465e-01,-1.757620000000000016e-01,9.559199999999999642e-02,4.344599999999999851e-02,-1.673409999999999898e-01,-2.792100000000000137e-01,1.171719999999999984e-01,3.672340000000000049e-01,2.184149999999999980e-01,-2.523409999999999820e-01,-5.565059999999999452e-01,-8.422799999999999732e-02,-4.546649999999999858e-01,-5.803900000000000031e-02,6.063990000000000213e-01,1.129710000000000020e-01,1.713659999999999906e-01,-4.301059999999999883e-01,-4.201829999999999732e-01,-1.873609999999999998e-01,-1.280179999999999929e-01,1.291700000000000070e-01
1.574230000000000074e-01,4.384759999999999769e-01,-2.775059999999999749e-01,2.248989999999999878e-01,6.533449999999999536e-01,5.587630000000000097e-01,7.881580000000000252e-01,-2.144560000000000077e-01,3.129540000000000100e-01,7.895269999999999788e-01,2.358300000000000118e-01,6.039050000000000251e-01,1.000000000000000000e+00,7.068950000000000511e-01,-4.878049999999999886e-01,2.401629999999999876e-01,5.833260000000000112e-01,1.375709999999999988e-01,-1.033769999999999967e-01,-3.683890000000000220e-01,1.764249999999999985e-01,-3.028799999999999895e-02,-4.775909999999999878e-01,1.982140000000000013e-01,6.539359999999999618e-01,4.752359999999999918e-01,-5.366400000000000337e-02,8.409039999999999848e-01,4.523019999999999818e-01,7.503640000000000310e-01,2.195870000000000044e-01,5.635040000000000049e-01,7.391860000000000097e-01,-4.458190000000000208e-01,-7.449919999999999876e-01,2.321030000000000038e-01,6.237949999999999884e-01,4.289950000000000152e-01,-1.731999999999999859e-02,4.664300000000000113e-01,-2.581539999999999946e-01,-7.747429999999999595e-01,-6.002150000000000540e-01,3.183610000000000051e-01,3.386609999999999898e-01,3.241370000000000084e-01,-4.134999999999999787e-03,1.435680000000000012e-01,-2.237499999999999906e-02,1.011419999999999958e-01,3.398030000000000217e-01,6.132149999999999546e-01,2.469959999999999933e-01,3.029519999999999991e-01,6.008080000000000087e-01,2.089540000000000008e-01,-1.748830000000000107e-01,5.027190000000000270e-01,2.635770000000000057e-01,-3.777380000000000182e-01,2.987389999999999768e-01,1.805440000000000100e-01,1.256420000000000037e-01,1.192480000000000068e-01,-4.386140000000000039e-01,2.129810000000000036e-01,-4.232009999999999939e-01,3.051880000000000148e-01,1.369360000000000022e-01,1.912149999999999961e-01,1.710899999999999921e-02,8.627799999999999359e-02,-1.832590000000000052e-01,2.654130000000000100e-01,4.137770000000000059e-01,3.366870000000000140e-01
1.669559999999999933e-01,4.612299999999999733e-02,4.154200000000000254e-02,4.923089999999999966e-01,8.414730000000000265e-01,2.211539999999999895e-01,6.867339999999999556e-01,-2.458740000000000092e-01,5.381810000000000205e-01,5.535409999999999497e-01,5.666020000000000501e-01,2.738240000000000118e-01,7.068950000000000511e-01,1.000000000000000000e+00,-3.546969999999999845e-01,-1.240060000000000051e-01,2.305270000000000097e-01,-2.432670000000000110e-01,2.256900000000000017e-01,-2.980280000000000151e-01,1.123480000000000034e-01,2.647300000000000000e-02,-4.865329999999999933e-01,5.774699999999999972e-02,3.634510000000000240e-01,1.667389999999999983e-01,5.775700000000000278e-02,7.115259999999999918e-01,2.601649999999999796e-01,6.693470000000000253e-01,1.519149999999999945e-01,5.291580000000000172e-01,6.369780000000000442e-01,-3.869139999999999802e-01,-5.837069999999999759e-01,5.053919999999999524e-01,7.258660000000000112e-01,3.964469999999999938e-01,-3.646599999999999842e-02,3.321479999999999988e-01,-1.837880000000000069e-01,-6.443609999999999616e-01,-4.293319999999999914e-01,4.404210000000000069e-01,2.940699999999999981e-01,2.696069999999999856e-01,-2.790529999999999955e-01,4.699760000000000049e-01,2.025170000000000026e-01,4.936900000000000177e-01,2.736049999999999871e-01,7.114049999999999541e-01,2.209840000000000138e-01,5.759199999999999875e-01,3.599979999999999847e-01,5.296729999999999494e-01,-2.607999999999999763e-01,3.144600000000000173e-01,5.773610000000000131e-01,-2.734869999999999801e-01,4.258499999999999786e-02,-1.070490000000000053e-01,-9.767099999999999393e-02,4.621080000000000187e-01,-3.111599999999999921e-01,2.696490000000000276e-01,-3.237129999999999730e-01,3.584539999999999949e-01,-7.430699999999999805e-02,-5.424299999999999955e-02,-1.568779999999999897e-01,3.014390000000000125e-01,-2.312500000000000111e-01,2.087459999999999871e-01,5.561019999999999852e-01,3.444180000000000019e-01
2.725199999999999845e-01,-1.127289999999999959e-01,5.057199999999999890e-02,4.185599999999999737e-02,-4.475040000000000129e-01,-2.291080000000000061e-01,-4.166670000000000096e-01,1.522300000000000042e-01,-3.219810000000000172e-01,-6.479390000000000427e-01,-1.241180000000000061e-01,-5.394489999999999563e-01,-4.878049999999999886e-01,-3.546969999999999845e-01,1.000000000000000000e+00,-1.588400000000000090e-01,-4.977550000000000030e-01,-1.920119999999999882e-01,9.884000000000000424e-03,7.756440000000000001e-01,5.164560000000000262e-01,5.238390000000000546e-01,4.777939999999999965e-01,-3.244020000000000237e-01,-4.492380000000000262e-01,-2.371300000000000074e-01,5.368640000000000079e-01,-4.679719999999999991e-01,1.524490000000000012e-01,-4.661959999999999993e-01,1.628950000000000120e-01,-1.078459999999999974e-01,-4.691730000000000067e-01,6.132769999999999611e-01,7.029649999999999510e-01,1.837070000000000092e-01,-3.063219999999999832e-01,-1.287850000000000106e-01,2.548409999999999842e-01,-2.557440000000000269e-01,5.172700000000000076e-01,6.038080000000000114e-01,5.952960000000000473e-01,-1.139330000000000065e-01,-1.864339999999999886e-01,-5.109099999999999753e-02,6.206300000000000011e-02,-1.586019999999999930e-01,1.741630000000000122e-01,-7.450000000000000025e-03,-1.959370000000000001e-01,-4.195189999999999753e-01,-3.840419999999999945e-01,-2.408520000000000105e-01,-4.906719999999999970e-01,-2.200769999999999949e-01,-5.348999999999999588e-03,-2.179310000000000136e-01,-5.184300000000000019e-02,8.798770000000000202e-01,-7.681699999999999640e-02,-2.636760000000000215e-01,4.621200000000000307e-02,-9.606399999999999662e-02,8.051540000000000363e-01,2.506749999999999812e-01,7.274220000000000130e-01,-1.579810000000000103e-01,-3.264259999999999939e-01,-1.200989999999999974e-01,9.764399999999999469e-02,3.000909999999999966e-01,4.906139999999999946e-01,3.406529999999999836e-01,3.744200000000000306e-02,5.497500000000000303e-02
1.085909999999999931e-01,3.734060000000000157e-01,-3.000010000000000177e-01,-1.465819999999999901e-01,-7.981699999999999906e-02,4.357130000000000170e-01,1.284899999999999931e-01,-5.353999999999999732e-02,-5.254700000000000343e-02,3.109250000000000069e-01,-1.849500000000000033e-01,1.659259999999999902e-01,2.401629999999999876e-01,-1.240060000000000051e-01,-1.588400000000000090e-01,1.000000000000000000e+00,7.048889999999999878e-01,9.268199999999999772e-01,-5.750799999999999662e-02,5.753300000000000081e-02,2.314000000000000085e-02,1.653419999999999890e-01,4.722999999999999768e-03,-3.793300000000000144e-02,4.572390000000000065e-01,2.465809999999999946e-01,1.589129999999999987e-01,3.295029999999999903e-01,3.923159999999999981e-01,2.414239999999999997e-01,5.929200000000000026e-01,2.982659999999999756e-01,2.218970000000000109e-01,9.409499999999999809e-02,-2.713709999999999734e-01,-4.074019999999999864e-01,8.771500000000000130e-02,1.183040000000000064e-01,2.390529999999999877e-01,4.591810000000000058e-01,-2.153809999999999891e-01,-1.347679999999999989e-01,-1.647190000000000043e-01,1.490960000000000063e-01,3.688460000000000072e-01,1.575169999999999904e-01,2.176309999999999911e-01,-2.678229999999999777e-01,1.781100000000000044e-02,-1.879840000000000122e-01,-1.088599999999999984e-02,1.381459999999999910e-01,2.674999999999999861e-03,-9.969500000000000584e-02,2.658630000000000160e-01,-1.058390000000000025e-01,-3.352000000000000118e-02,3.843610000000000082e-01,2.112299999999999942e-02,-1.856410000000000005e-01,6.263670000000000071e-01,4.909439999999999915e-01,2.533389999999999809e-01,-1.154040000000000066e-01,-3.764200000000000185e-02,-1.196400000000000068e-02,-7.821599999999999386e-02,-9.559299999999999742e-02,7.971399999999999320e-02,2.763510000000000133e-01,1.241899999999999948e-02,1.991000000000000148e-03,2.174240000000000061e-01,1.201939999999999953e-01,6.048800000000000010e-02,2.196970000000000034e-01
1.100030000000000036e-01,3.824500000000000122e-01,-2.057559999999999945e-01,-2.442769999999999941e-01,2.657889999999999975e-01,3.450509999999999966e-01,4.496870000000000034e-01,-1.790490000000000137e-01,2.144810000000000050e-01,7.973599999999999577e-01,-1.730970000000000009e-01,6.187770000000000215e-01,5.833260000000000112e-01,2.305270000000000097e-01,-4.977550000000000030e-01,7.048889999999999878e-01,1.000000000000000000e+00,6.442080000000000028e-01,-1.124030000000000029e-01,-3.415549999999999975e-01,-1.549629999999999896e-01,-2.218799999999999939e-01,-3.517910000000000204e-01,3.467089999999999894e-01,7.499249999999999527e-01,5.231620000000000159e-01,-2.279500000000000137e-01,6.384440000000000115e-01,2.291169999999999873e-01,5.429540000000000477e-01,3.377959999999999852e-01,4.257469999999999866e-01,5.822060000000000013e-01,-3.563839999999999786e-01,-6.546459999999999502e-01,-4.501809999999999978e-01,4.408770000000000189e-01,2.239309999999999912e-01,1.289999999999999914e-03,5.910210000000000186e-01,-3.590639999999999943e-01,-5.311900000000000510e-01,-5.847849999999999993e-01,1.147630000000000039e-01,4.366510000000000113e-01,3.506150000000000100e-01,1.409269999999999967e-01,-1.736820000000000030e-01,-3.596820000000000017e-01,-2.164149999999999963e-01,-7.578999999999999626e-02,2.672900000000000276e-01,1.288650000000000073e-01,4.811399999999999705e-02,6.942629999999999635e-01,-5.805199999999999944e-02,-1.646209999999999896e-01,3.853409999999999891e-01,-6.466500000000000026e-02,-3.484289999999999887e-01,6.376749999999999918e-01,7.437160000000000437e-01,2.927839999999999887e-01,-1.352659999999999973e-01,-3.144629999999999925e-01,-1.292139999999999955e-01,-3.030109999999999748e-01,-1.121639999999999998e-01,2.978990000000000249e-01,1.189820000000000044e-01,-8.773699999999999555e-02,-2.083109999999999962e-01,-3.436999999999999778e-02,-1.149249999999999994e-01,1.476470000000000005e-01,4.241110000000000158e-01
-6.470599999999999963e-02,3.797010000000000107e-01,-1.449890000000000068e-01,-2.242830000000000101e-01,-1.700379999999999947e-01,4.597640000000000060e-01,1.859600000000000142e-02,7.934099999999999486e-02,-2.752900000000000139e-02,2.060329999999999939e-01,-1.642969999999999986e-01,9.337299999999999767e-02,1.375709999999999988e-01,-2.432670000000000110e-01,-1.920119999999999882e-01,9.268199999999999772e-01,6.442080000000000028e-01,1.000000000000000000e+00,4.794299999999999951e-02,2.451199999999999907e-02,-5.498900000000000315e-02,7.103399999999999992e-02,1.232599999999999946e-01,-7.463699999999999501e-02,3.698770000000000113e-01,1.612039999999999862e-01,1.103299999999999975e-01,2.100430000000000075e-01,2.794740000000000002e-01,1.768929999999999947e-01,4.392119999999999913e-01,1.770980000000000054e-01,9.277799999999999936e-02,5.678799999999999820e-02,-2.435450000000000115e-01,-4.859109999999999818e-01,-1.727000000000000063e-02,3.308099999999999929e-02,1.962180000000000035e-01,3.521000000000000241e-01,-2.449770000000000003e-01,-8.759599999999999331e-02,-1.207059999999999939e-01,1.148949999999999971e-01,2.392120000000000080e-01,1.071700000000000083e-02,2.390879999999999950e-01,-2.067640000000000033e-01,-3.401900000000000063e-02,-2.195139999999999869e-01,2.458000000000000115e-03,5.915499999999999925e-02,1.091379999999999989e-01,-9.687700000000000478e-02,1.700399999999999967e-01,-8.458999999999999853e-02,1.338899999999999986e-02,3.845709999999999962e-01,-7.968200000000000283e-02,-2.604909999999999726e-01,5.600230000000000485e-01,4.732339999999999880e-01,2.552980000000000249e-01,-6.553699999999999803e-02,-3.259599999999999997e-02,-1.628789999999999960e-01,-7.341000000000000303e-02,-7.890800000000000591e-02,2.370000000000000145e-03,2.747550000000000270e-01,-2.349299999999999999e-02,-1.130400000000000016e-01,2.323429999999999940e-01,-6.072000000000000140e-03,3.007999999999999823e-03,6.462099999999999789e-02
1.241489999999999955e-01,-1.035600000000000062e-02,7.043789999999999774e-01,2.622499999999999831e-01,1.573420000000000096e-01,1.899280000000000135e-01,-1.020220000000000016e-01,2.217699999999999949e-01,3.090959999999999819e-01,-8.340500000000000691e-02,6.909239999999999826e-01,-2.238890000000000047e-01,-1.033769999999999967e-01,2.256900000000000017e-01,9.884000000000000424e-03,-5.750799999999999662e-02,-1.124030000000000029e-01,4.794299999999999951e-02,1.000000000000000000e+00,-5.052299999999999847e-02,-1.749050000000000049e-01,4.374900000000000316e-02,2.726819999999999800e-01,-5.958499999999999908e-02,1.003099999999999999e-02,-1.155699999999999956e-02,3.218630000000000102e-01,-7.838699999999999835e-02,-1.901049999999999962e-01,6.116699999999999915e-02,-4.122100000000000070e-02,7.387100000000000610e-02,-1.672500000000000028e-02,-8.648699999999999444e-02,1.896799999999999875e-02,1.166309999999999986e-01,1.079299999999999982e-01,-2.379000000000000038e-03,6.940499999999999448e-02,7.196000000000000139e-03,-4.326399999999999690e-02,9.266099999999999337e-02,1.351610000000000034e-01,1.960119999999999918e-01,-1.853370000000000017e-01,-2.900900000000000006e-02,-1.060630000000000045e-01,6.822289999999999743e-01,1.571359999999999979e-01,4.041440000000000032e-01,2.665270000000000139e-01,1.589619999999999922e-01,2.459870000000000112e-01,4.384219999999999784e-01,-2.638960000000000194e-01,7.105639999999999734e-01,9.160000000000000087e-02,1.058589999999999948e-01,3.744109999999999938e-01,-6.627800000000000358e-02,-2.664440000000000142e-01,-2.247669999999999946e-01,-2.106800000000000062e-01,8.729489999999999750e-01,1.272200000000000067e-02,-8.371800000000000075e-02,7.631999999999999895e-03,3.825439999999999952e-01,-1.577999999999999958e-01,1.090769999999999934e-01,4.547400000000000053e-02,2.877669999999999950e-01,-4.472700000000000287e-02,-7.146900000000000475e-02,2.091800000000000048e-01,-2.172560000000000047e-01
1.970969999999999944e-01,-1.698890000000000122e-01,-6.773099999999999954e-02,1.470299999999999940e-01,-4.236889999999999823e-01,-1.940240000000000020e-01,-3.222679999999999989e-01,-3.857800000000000118e-02,-2.950479999999999769e-01,-5.016549999999999621e-01,-1.507159999999999889e-01,-4.896400000000000197e-01,-3.683890000000000220e-01,-2.980280000000000151e-01,7.756440000000000001e-01,5.753300000000000081e-02,-3.415549999999999975e-01,2.451199999999999907e-02,-5.052299999999999847e-02,1.000000000000000000e+00,4.585859999999999936e-01,8.302549999999999653e-01,2.720029999999999948e-01,-4.250309999999999921e-01,-3.708130000000000037e-01,-3.207880000000000176e-01,5.208690000000000264e-01,-2.241470000000000129e-01,4.313170000000000059e-01,-1.280679999999999874e-01,4.371059999999999945e-01,3.386700000000000127e-02,-2.999919999999999809e-01,7.202960000000000473e-01,5.237220000000000208e-01,9.695199999999999652e-02,-1.747499999999999887e-01,-4.065200000000000063e-02,3.578740000000000254e-01,-1.647669999999999968e-01,5.591209999999999791e-01,4.501129999999999853e-01,3.675840000000000218e-01,1.333540000000000003e-01,-9.656299999999999606e-02,-2.227900000000000019e-02,-9.433400000000000118e-02,-2.188299999999999967e-01,3.257109999999999728e-01,-2.533000000000000095e-03,-2.679570000000000007e-01,-3.118509999999999893e-01,-4.748859999999999748e-01,-1.944510000000000127e-01,-3.629939999999999833e-01,-2.974260000000000237e-01,-1.579190000000000038e-01,-2.387529999999999930e-01,3.602999999999999953e-02,7.393420000000000547e-01,-2.915500000000000036e-02,-3.004379999999999828e-01,-1.146230000000000027e-01,-1.595519999999999994e-01,8.582870000000000221e-01,3.407129999999999881e-01,8.403549999999999631e-01,-1.579369999999999941e-01,-4.324160000000000226e-01,-1.961390000000000078e-01,-5.395599999999999702e-02,3.776300000000000212e-01,5.398230000000000528e-01,4.444589999999999930e-01,3.025709999999999789e-01,1.505579999999999974e-01
