1.000000000000000000e+00,9.181300000000000572e-02,1.470220000000000138e-01,-6.712000000000000084e-03,-2.002259999999999873e-01,-1.756299999999999875e-02,-2.396439999999999959e-01,5.263600000000000223e-02,-3.048100000000000115e-02,-4.896300000000000097e-01,2.639230000000000187e-01,-4.191259999999999986e-01,-2.115009999999999946e-01,-1.257719999999999949e-01,3.450440000000000174e-01,4.408059999999999756e-01,-2.648179999999999978e-01,2.533349999999999769e-01,2.832009999999999805e-01,3.357430000000000136e-01,3.191320000000000268e-01,4.470870000000000122e-01,1.843549999999999911e-01,-5.452900000000000108e-02,2.454159999999999953e-01,2.949510000000000187e-01,3.507779999999999787e-01,-2.708300000000000152e-01,1.964829999999999910e-01,-2.071209999999999996e-01,-8.813600000000000600e-02,-3.505099999999999882e-02,1.803939999999999988e-01,1.267679999999999918e-01,-5.897999999999999597e-03,-3.655749999999999833e-01,-1.872300000000000075e-01,-1.138990000000000002e-01,1.513100000000000001e-01,9.704200000000000326e-02,1.120739999999999931e-01,-1.934230000000000116e-01,-2.839090000000000225e-01,-4.215969999999999995e-01,-1.230220000000000063e-01,4.081609999999999960e-01,3.736899999999999944e-02,-1.586410000000000042e-01,-2.702970000000000095e-01,-5.083200000000000218e-02,4.453900000000000220e-02,-5.137100000000000000e-02,2.457000000000000156e-02,-1.738049999999999873e-01,-5.060729999999999951e-01,2.290290000000000104e-01,-3.629530000000000256e-01,-2.027339999999999975e-01,2.811489999999999823e-01,3.053939999999999988e-01,1.702059999999999962e-01,-2.824220000000000064e-01,2.851770000000000138e-01,-4.080199999999999799e-02,2.353329999999999866e-01,3.586779999999999968e-01,3.210799999999999765e-01,1.783939999999999970e-01,-2.129939999999999889e-01,2.693050000000000166e-01,1.892099999999999893e-01,2.551619999999999999e-01,-3.280259999999999843e-01,1.565630000000000077e-01,-1.875900000000000067e-01,1.047450000000000048e-01
9.181300000000000572e-02,1.000000000000000000e+00,1.541109999999999980e-01,-2.533790000000000209e-01,-1.793900000000000008e-02,4.782669999999999977e-01,2.212270000000000070e-01,2.406500000000000028e-01,-1.733760000000000023e-01,2.886989999999999834e-01,-1.718320000000000125e-01,3.347669999999999813e-01,-7.425099999999999756e-02,-3.552120000000000277e-01,-1.185230000000000034e-01,1.240450000000000025e-01,3.153489999999999904e-01,3.340219999999999856e-01,-1.495509999999999895e-01,4.917440000000000144e-01,4.263029999999999875e-01,5.620009999999999728e-01,2.760790000000000188e-01,4.067819999999999769e-01,7.106820000000000359e-01,8.615869999999999918e-01,3.928479999999999750e-01,1.342150000000000010e-01,4.430540000000000034e-01,4.776520000000000210e-01,-6.133899999999999769e-02,-2.124910000000000132e-01,6.071100000000000385e-01,-2.823140000000000094e-01,-1.173769999999999952e-01,-2.581669999999999798e-01,-5.450549999999999562e-01,-4.162259999999999849e-01,-2.688980000000000259e-01,6.827130000000000143e-01,-1.456739999999999979e-01,2.630480000000000040e-01,-4.368679999999999786e-01,-3.159049999999999914e-01,-3.292400000000000188e-02,2.971630000000000105e-01,8.186879999999999713e-01,1.958580000000000043e-01,3.937600000000000128e-02,1.487660000000000093e-01,3.319179999999999908e-01,-1.754070000000000074e-01,2.593670000000000142e-01,2.816710000000000047e-01,2.603480000000000238e-01,3.702869999999999773e-01,3.302399999999999780e-01,1.120980000000000032e-01,-1.902800000000000047e-01,-1.375820000000000098e-01,5.661000000000000233e-03,2.167330000000000090e-01,1.555899999999999991e-02,5.541999999999999704e-02,4.626089999999999924e-01,4.466640000000000055e-01,3.944429999999999881e-01,1.275340000000000085e-01,2.218259999999999954e-01,6.796609999999999596e-01,8.192310000000000425e-01,5.294419999999999682e-01,7.625300000000000133e-02,3.352490000000000192e-01,-3.597500000000000003e-02,-2.814479999999999760e-01
1.470220000000000138e-01,1.541109999999999980e-01,1.000000000000000000e+00,-3.028739999999999766e-01,3.828399999999999859e-02,6.278310000000000279e-01,2.420500000000000082e-02,2.175149999999999861e-01,6.239580000000000126e-01,-2.111780000000000046e-01,2.307780000000000109e-01,-2.744320000000000093e-01,5.385999999999999815e-02,-1.966440000000000132e-01,8.057000000000000273e-02,1.753389999999999949e-01,-7.594900000000000262e-02,2.489530000000000076e-01,5.497210000000000152e-01,3.106960000000000277e-01,3.055849999999999955e-01,2.188340000000000007e-01,5.111350000000000060e-01,7.460000000000000268e-04,2.373339999999999894e-01,5.252699999999999730e-02,3.496400000000000202e-02,-3.744000000000000106e-02,6.246300000000000185e-01,3.344960000000000155e-01,-2.190519999999999967e-01,1.218400000000000039e-01,2.286900000000000044e-02,-9.493999999999999662e-02,8.846600000000000297e-02,-1.583839999999999970e-01,-2.061570000000000069e-01,-1.011770000000000030e-01,3.534299999999999942e-02,1.075109999999999955e-01,-1.283890000000000031e-01,8.390000000000000105e-04,-3.236709999999999865e-01,-3.924449999999999883e-01,7.724399999999999322e-02,1.129720000000000030e-01,7.273100000000000398e-02,6.949870000000000214e-01,-3.760080000000000089e-01,3.196769999999999889e-01,4.801259999999999972e-01,2.389280000000000015e-01,3.269449999999999856e-01,6.105070000000000219e-01,-2.401600000000000124e-01,4.975519999999999943e-01,-1.622099999999999931e-01,1.990319999999999867e-01,-6.421300000000000618e-02,5.769999999999999955e-03,2.387670000000000070e-01,-1.661150000000000126e-01,3.617630000000000012e-01,4.639679999999999915e-01,1.209760000000000002e-01,1.829030000000000100e-01,9.150300000000000100e-02,3.271640000000000104e-01,8.812300000000000688e-02,2.685779999999999834e-01,1.123460000000000014e-01,1.328820000000000001e-01,-3.370480000000000143e-01,1.699660000000000060e-01,3.201180000000000136e-01,-2.096250000000000058e-01
-6.712000000000000084e-03,-2.533790000000000209e-01,-3.028739999999999766e-01,1.000000000000000000e+00,1.112490000000000007e-01,6.700000000000000226e-05,1.277109999999999912e-01,1.231690000000000007e-01,3.991499999999999909e-02,1.273999999999999959e-02,2.085629999999999984e-01,8.883900000000000130e-02,1.833889999999999965e-01,1.480049999999999977e-01,2.849439999999999751e-01,-1.353099999999999963e-02,-3.641059999999999852e-01,-9.954599999999999560e-02,-2.404499999999999971e-01,-2.482799999999999938e-02,-2.446200000000000110e-02,-2.980400000000000063e-02,1.088019999999999959e-01,-2.393199999999999841e-02,-4.735949999999999882e-01,-1.135660000000000003e-01,-1.873350000000000015e-01,4.086969999999999770e-01,-2.127360000000000084e-01,-2.483100000000000029e-01,-2.297750000000000070e-01,-3.169139999999999735e-01,-2.158099999999999949e-02,1.817739999999999911e-01,1.574329999999999896e-01,1.785380000000000023e-01,6.394260000000000499e-01,3.133440000000000114e-01,-3.134640000000000204e-01,-2.665379999999999971e-01,1.462259999999999949e-01,8.311300000000000632e-02,1.486349999999999894e-01,-3.849999999999999798e-04,3.169960000000000000e-01,-1.940399999999999903e-01,-2.549500000000000099e-01,-2.769579999999999820e-01,2.634290000000000243e-01,-2.317079999999999973e-01,-3.173999999999999738e-02,-2.231299999999999950e-02,1.649400000000000172e-02,-1.701380000000000114e-01,-1.415540000000000131e-01,-5.088700000000000168e-02,2.763079999999999981e-01,-2.322770000000000112e-01,-1.112999999999999927e-02,2.363939999999999930e-01,-2.701810000000000045e-01,-8.294400000000000384e-02,3.615299999999999764e-02,-2.193150000000000099e-01,-4.519100000000000200e-02,-8.482999999999999222e-03,-1.973830000000000029e-01,3.896499999999999964e-02,2.140309999999999990e-01,-4.509739999999999860e-01,-9.540099999999999969e-02,-2.594150000000000067e-01,2.240800000000000083e-02,-1.526309999999999889e-01,-2.415289999999999937e-01,-6.132200000000000151e-02
-2.002259999999999873e-01,-1.793900000000000008e-02,3.828399999999999859e-02,1.112490000000000007e-01,1.000000000000000000e+00,2.074010000000000020e-01,5.872009999999999730e-01,9.339300000000000379e-02,8.172699999999999410e-02,2.143069999999999975e-01,2.231019999999999948e-01,1.105659999999999976e-01,9.941400000000000237e-02,-1.247179999999999955e-01,7.731000000000000372e-02,-2.940400000000000236e-01,1.082010000000000055e-01,7.480900000000000050e-02,-6.881800000000000417e-02,-4.048199999999999715e-02,5.258800000000000280e-02,-8.570099999999999940e-02,3.309700000000000142e-02,-2.691199999999999842e-02,-1.292010000000000103e-01,-3.180000000000000188e-02,1.177119999999999972e-01,4.812299999999999911e-02,1.213820000000000038e-01,-1.270529999999999993e-01,-1.983659999999999868e-01,-2.046020000000000061e-01,-6.893699999999999828e-02,-1.996670000000000111e-01,3.579899999999999749e-02,-1.170960000000000056e-01,2.177419999999999911e-01,1.019169999999999937e-01,-2.665210000000000079e-01,-2.633159999999999945e-01,-3.289899999999999769e-02,1.261160000000000059e-01,-1.418400000000000043e-02,1.364720000000000100e-01,2.754500000000000004e-02,-3.147800000000000042e-01,-1.140479999999999966e-01,-7.606100000000000361e-02,2.695560000000000178e-01,5.376360000000000028e-01,2.230599999999999944e-02,5.660429999999999628e-01,2.566109999999999780e-01,2.393389999999999962e-01,2.426200000000000023e-01,2.150350000000000039e-01,2.992250000000000187e-01,2.052249999999999908e-01,2.364099999999999882e-02,-5.276499999999999940e-02,-2.189909999999999912e-01,6.107699999999999935e-02,-1.775309999999999944e-01,1.810200000000000004e-02,-1.159970000000000029e-01,-8.554200000000000692e-02,-1.250410000000000132e-01,-2.400400000000000103e-02,1.270570000000000033e-01,-1.850799999999999945e-01,-9.704599999999999338e-02,4.026400000000000118e-02,2.016640000000000099e-01,-8.906000000000000028e-02,-1.585390000000000132e-01,3.151500000000000135e-02
-1.756299999999999875e-02,4.782669999999999977e-01,6.278310000000000279e-01,6.700000000000000226e-05,2.074010000000000020e-01,1.000000000000000000e+00,3.672349999999999781e-01,4.947050000000000058e-01,4.636399999999999966e-01,9.507300000000000473e-02,1.218499999999999965e-02,1.347359999999999947e-01,7.758299999999999919e-02,-3.581539999999999724e-01,8.766599999999999393e-02,-1.624899999999999956e-02,9.390099999999999836e-02,3.007670000000000066e-01,1.070809999999999956e-01,4.154459999999999820e-01,4.253890000000000171e-01,2.785079999999999778e-01,7.167259999999999742e-01,2.967770000000000130e-01,2.340959999999999985e-01,4.751859999999999973e-01,1.257399999999999907e-01,1.752259999999999929e-01,6.238789999999999614e-01,3.238480000000000247e-01,-5.330650000000000110e-01,-2.707280000000000242e-01,3.115600000000000036e-01,-3.059970000000000190e-01,2.055819999999999870e-01,-2.455730000000000135e-01,-2.190479999999999927e-01,-1.581599999999999950e-01,-4.456220000000000181e-01,3.252010000000000178e-01,-1.428830000000000100e-01,3.253710000000000213e-01,-5.006869999999999932e-01,-5.954460000000000308e-01,3.029499999999999971e-01,-4.808199999999999974e-02,4.112540000000000084e-01,5.599150000000000515e-01,-1.089370000000000061e-01,4.064630000000000187e-01,7.029819999999999958e-01,2.169109999999999927e-01,4.897549999999999959e-01,7.312629999999999963e-01,-2.102300000000000002e-02,5.959759999999999502e-01,3.751260000000000150e-01,2.799050000000000149e-01,-3.143099999999999783e-01,-8.477800000000000613e-02,-2.850400000000000156e-02,-4.289400000000000157e-02,2.694909999999999806e-01,3.102690000000000170e-01,3.207809999999999828e-01,2.172679999999999889e-01,1.489119999999999888e-01,4.278779999999999806e-01,4.255599999999999938e-01,3.652059999999999751e-01,5.228260000000000129e-01,2.391109999999999902e-01,-1.599869999999999903e-01,2.343369999999999898e-01,1.413609999999999867e-01,-5.238730000000000331e-01
-2.396439999999999959e-01,2.212270000000000070e-01,2.420500000000000082e-02,1.277109999999999912e-01,5.872009999999999730e-01,3.672349999999999781e-01,1.000000000000000000e+00,-9.525599999999999346e-02,6.869300000000000406e-02,5.969130000000000269e-01,-1.250380000000000102e-01,5.934110000000000218e-01,9.716999999999999943e-03,-4.242600000000000260e-01,1.121859999999999941e-01,-4.038160000000000083e-01,3.925469999999999793e-01,9.312000000000000832e-03,-2.996070000000000122e-01,1.824629999999999863e-01,1.386930000000000107e-01,8.432599999999999818e-02,1.400780000000000081e-01,4.035210000000000186e-01,1.172330000000000039e-01,2.573460000000000192e-01,-2.563700000000000007e-02,2.215519999999999989e-01,3.916120000000000156e-01,2.289080000000000004e-01,-2.182969999999999910e-01,-5.348009999999999708e-01,1.693729999999999958e-01,-3.445520000000000249e-01,-9.710900000000000087e-02,2.270099999999999896e-02,-1.416850000000000054e-01,-1.511619999999999908e-01,-6.286709999999999798e-01,7.449799999999999478e-02,2.496800000000000061e-02,5.782399999999999762e-01,-1.561680000000000013e-01,5.819099999999999967e-02,2.060089999999999977e-01,-3.553310000000000080e-01,5.739500000000000157e-02,-1.128949999999999954e-01,4.784630000000000272e-01,3.190680000000000183e-01,-7.256300000000000250e-02,2.335699999999999998e-01,2.249000000000000131e-03,3.861370000000000080e-01,5.284189999999999721e-01,2.471980000000000011e-01,6.060539999999999816e-01,-6.224999999999999978e-02,-1.590920000000000112e-01,-1.067940000000000000e-01,-2.381010000000000071e-01,3.660889999999999977e-01,-1.428149999999999975e-01,-1.576500000000000123e-01,2.002720000000000056e-01,-1.380699999999999983e-02,1.447650000000000048e-01,-2.355579999999999896e-01,4.585009999999999919e-01,-2.281000000000000041e-03,1.598880000000000023e-01,4.953199999999999964e-02,1.335580000000000100e-01,6.903900000000000314e-02,-2.119669999999999888e-01,-3.581039999999999779e-01
5.263600000000000223e-02,2.406500000000000028e-01,2.175149999999999861e-01,1.231690000000000007e-01,9.339300000000000379e-02,4.947050000000000058e-01,-9.525599999999999346e-02,1.000000000000000000e+00,1.548410000000000064e-01,-1.498289999999999900e-01,1.892300000000000093e-01,-3.658999999999999753e-02,1.954140000000000044e-01,-3.562900000000000095e-02,-1.732390000000000041e-01,4.293099999999999694e-02,-1.261750000000000094e-01,1.690899999999999903e-01,1.096319999999999933e-01,9.641000000000000264e-03,3.639809999999999990e-01,-4.556099999999999733e-02,6.705680000000000529e-01,2.465120000000000089e-01,-1.364199999999999961e-02,2.200290000000000024e-01,1.294000000000000011e-02,7.886300000000000254e-02,6.098100000000000048e-02,-1.315070000000000128e-01,-3.427390000000000159e-01,4.849300000000000138e-02,2.127249999999999974e-01,1.608400000000000107e-02,3.106309999999999905e-01,-1.294909999999999950e-01,6.139200000000000212e-02,2.170900000000000052e-01,-1.562099999999999947e-02,1.627629999999999910e-01,-4.109999999999999938e-03,3.556600000000000039e-02,-1.312250000000000083e-01,-4.300059999999999993e-01,3.474200000000000066e-01,2.208900000000000099e-02,2.774490000000000012e-01,2.755449999999999844e-01,-1.448440000000000005e-01,3.355239999999999889e-01,6.329399999999999471e-01,1.919909999999999950e-01,7.021119999999999584e-01,2.074689999999999868e-01,-1.561420000000000030e-01,5.030529999999999724e-01,2.216019999999999934e-01,3.952910000000000035e-01,6.036999999999999832e-03,-7.127999999999999788e-03,-1.335399999999999955e-02,-1.439769999999999939e-01,2.504040000000000155e-01,1.357220000000000093e-01,8.365300000000000513e-02,2.626220000000000221e-01,-1.455380000000000007e-01,6.625569999999999515e-01,2.548250000000000237e-01,1.385359999999999925e-01,2.932370000000000254e-01,3.441799999999999721e-02,-4.342700000000000032e-02,9.333299999999999930e-02,-5.262200000000000211e-02,-2.085279999999999911e-01
-3.048100000000000115e-02,-1.733760000000000023e-01,6.239580000000000126e-01,3.991499999999999909e-02,8.172699999999999410e-02,4.636399999999999966e-01,6.869300000000000406e-02,1.548410000000000064e-01,1.000000000000000000e+00,-2.317220000000000113e-01,3.068980000000000041e-01,-2.200459999999999916e-01,5.024269999999999570e-01,-1.093800000000000050e-01,1.380059999999999898e-01,2.106999999999999984e-01,-2.872870000000000146e-01,2.085370000000000001e-01,5.174849999999999728e-01,1.067000000000000032e-01,5.992399999999999810e-02,8.784400000000000541e-02,2.426429999999999976e-01,2.369200000000000125e-02,-1.000299999999999974e-02,-2.418119999999999992e-01,-2.671660000000000146e-01,1.080949999999999966e-01,3.145350000000000090e-01,1.297770000000000035e-01,-2.735670000000000046e-01,-1.011689999999999950e-01,-3.095200000000000173e-01,-6.382500000000000673e-02,-1.359190000000000120e-01,1.379029999999999978e-01,2.358949999999999936e-01,3.336959999999999926e-01,-6.862200000000000244e-02,-2.041159999999999919e-01,-3.438700000000000090e-01,-2.010979999999999990e-01,3.021499999999999880e-02,-1.730200000000000071e-01,3.757469999999999977e-01,1.391630000000000089e-01,-1.569919999999999927e-01,5.058200000000000474e-01,-4.092689999999999939e-01,3.397900000000000226e-02,3.493689999999999851e-01,3.246370000000000089e-01,2.466909999999999936e-01,4.401680000000000037e-01,-2.352450000000000097e-01,8.094400000000000206e-02,-1.304970000000000019e-01,1.966019999999999990e-01,-1.205790000000000056e-01,1.680820000000000092e-01,1.791860000000000119e-01,-1.295739999999999947e-01,4.579199999999999937e-01,4.776830000000000243e-01,-6.066300000000000164e-02,-1.242000000000000048e-02,-2.054459999999999897e-01,2.207820000000000060e-01,1.911279999999999923e-01,-9.089600000000000457e-02,-1.079490000000000033e-01,-2.486299999999999899e-01,-4.296789999999999776e-01,-2.052299999999999958e-02,2.526439999999999797e-01,-1.763929999999999942e-01
-4.896300000000000097e-01,2.886989999999999834e-01,-2.111780000000000046e-01,1.273999999999999959e-02,2.143069999999999975e-01,9.507300000000000473e-02,5.969130000000000269e-01,-1.498289999999999900e-01,-2.317220000000000113e-01,1.000000000000000000e+00,-4.808279999999999776e-01,8.769400000000000528e-01,-6.466999999999999658e-03,-2.340569999999999873e-01,-1.341310000000000002e-01,-2.283489999999999964e-01,6.186570000000000125e-01,-1.186220000000000052e-01,-5.205859999999999932e-01,1.601249999999999896e-01,1.613640000000000074e-01,1.301900000000000002e-01,3.132100000000000162e-02,5.255229999999999624e-01,2.595689999999999942e-01,2.846650000000000014e-01,-1.444580000000000031e-01,3.408059999999999978e-01,1.444600000000000051e-01,3.525710000000000233e-01,2.704860000000000042e-01,-1.328439999999999899e-01,6.641700000000000381e-02,-2.691279999999999784e-01,-1.096599999999999936e-01,1.138870000000000021e-01,-1.120860000000000051e-01,1.603600000000000164e-02,-3.341680000000000206e-01,2.049819999999999975e-01,-3.054000000000000117e-02,4.949489999999999723e-01,-7.385999999999999510e-02,3.807920000000000194e-01,2.572519999999999807e-01,-2.033629999999999882e-01,1.576649999999999996e-01,3.956900000000000001e-02,5.795780000000000376e-01,1.410210000000000075e-01,-2.556269999999999931e-01,-4.531400000000000011e-02,-2.583199999999999941e-01,3.262700000000000045e-01,9.083949999999999525e-01,2.126199999999999965e-02,7.251969999999999805e-01,-4.914700000000000318e-02,-2.162179999999999935e-01,-3.174649999999999972e-01,-2.196589999999999931e-01,2.977310000000000234e-01,-3.885959999999999970e-01,-3.645299999999999929e-02,2.243890000000000051e-01,2.676600000000000160e-02,2.357950000000000046e-01,-3.389920000000000155e-01,6.297939999999999650e-01,3.731500000000000095e-02,2.628400000000000181e-01,-2.121699999999999975e-02,4.267360000000000042e-01,7.354199999999999626e-02,1.292899999999999883e-01,-1.761989999999999945e-01
2.639230000000000187e-01,-1.718320000000000125e-01,2.307780000000000109e-01,2.085629999999999984e-01,2.231019999999999948e-01,1.218499999999999965e-02,-1.250380000000000102e-01,1.892300000000000093e-01,3.068980000000000041e-01,-4.808279999999999776e-01,1.000000000000000000e+00,-3.621949999999999892e-01,1.181799999999999934e-01,2.650319999999999898e-01,3.872920000000000251e-01,2.701699999999999935e-02,-3.452939999999999898e-01,5.471499999999999975e-02,6.160630000000000273e-01,-1.003480000000000066e-01,-1.159499999999999975e-01,-3.389899999999999858e-02,1.183320000000000066e-01,-2.261559999999999959e-01,-1.932740000000000014e-01,-2.451210000000000055e-01,9.226099999999999579e-02,-2.126290000000000124e-01,-1.090809999999999974e-01,-3.577679999999999749e-01,-2.574359999999999982e-01,-9.220200000000000617e-02,-2.605910000000000171e-01,2.084260000000000002e-01,-1.146760000000000002e-01,1.631100000000000050e-01,3.845589999999999842e-01,1.110720000000000041e-01,1.568289999999999962e-01,-4.139260000000000161e-01,-2.952099999999999863e-02,-3.563410000000000188e-01,1.393759999999999999e-01,-2.865600000000000092e-02,-1.606489999999999863e-01,-2.511599999999999944e-02,-3.112090000000000134e-01,-8.259700000000000375e-02,-2.130340000000000011e-01,-4.716200000000000253e-02,1.190390000000000059e-01,2.231789999999999885e-01,3.086809999999999832e-01,-1.648300000000000043e-01,-4.993609999999999993e-01,1.910189999999999944e-01,-4.112430000000000252e-01,-1.032890000000000058e-01,3.110550000000000259e-01,4.522930000000000006e-01,-6.673099999999999865e-02,2.774300000000000030e-02,2.749039999999999817e-01,9.742099999999999371e-02,-3.002380000000000049e-01,-2.836899999999999838e-02,-3.659009999999999763e-01,3.453550000000000231e-01,-3.503160000000000163e-01,-2.965149999999999730e-01,-2.846279999999999921e-01,-5.367000000000000243e-02,-4.635199999999999876e-01,-3.188520000000000243e-01,-2.793669999999999765e-01,3.792800000000000338e-02
-4.191259999999999986e-01,3.347669999999999813e-01,-2.744320000000000093e-01,8.883900000000000130e-02,1.105659999999999976e-01,1.347359999999999947e-01,5.934110000000000218e-01,-3.658999999999999753e-02,-2.200459999999999916e-01,8.769400000000000528e-01,-3.621949999999999892e-01,1.000000000000000000e+00,2.371200000000000044e-02,-2.139409999999999923e-01,-5.509499999999999814e-02,-3.138569999999999971e-01,6.215559999999999974e-01,-8.189000000000000445e-02,-4.807259999999999867e-01,1.443989999999999996e-01,8.580000000000000127e-02,7.213500000000000467e-02,1.266690000000000038e-01,6.940260000000000318e-01,2.419159999999999922e-01,3.900129999999999986e-01,-1.011210000000000025e-01,2.860960000000000170e-01,2.337600000000000094e-02,2.315740000000000021e-01,4.143600000000000061e-02,-3.347180000000000155e-01,1.477829999999999977e-01,-2.629119999999999790e-01,-1.990449999999999997e-01,1.885459999999999914e-01,-1.171070000000000028e-01,-6.219999999999999835e-03,-4.611210000000000031e-01,2.129610000000000114e-01,-2.121000000000000055e-03,4.992820000000000036e-01,-6.674800000000000177e-02,2.661149999999999904e-01,3.042710000000000137e-01,-2.519649999999999945e-01,2.277929999999999955e-01,-4.304600000000000093e-02,5.660600000000000076e-01,6.160199999999999704e-02,-1.444670000000000121e-01,-9.411999999999999533e-02,-1.791079999999999894e-01,2.840650000000000119e-01,8.326470000000000260e-01,5.254199999999999843e-02,7.618519999999999737e-01,-2.789799999999999919e-02,-2.649159999999999848e-01,-1.816480000000000039e-01,-2.849599999999999911e-01,4.582939999999999792e-01,-2.679150000000000142e-01,-1.170339999999999991e-01,2.233529999999999960e-01,-2.644699999999999829e-02,1.494340000000000113e-01,-1.899659999999999960e-01,6.399369999999999781e-01,9.004700000000000204e-02,3.582879999999999954e-01,-3.668899999999999939e-02,2.999459999999999904e-01,8.319000000000000006e-03,-8.018899999999999639e-02,-3.176329999999999987e-01
-2.115009999999999946e-01,-7.425099999999999756e-02,5.385999999999999815e-02,1.833889999999999965e-01,9.941400000000000237e-02,7.758299999999999919e-02,9.716999999999999943e-03,1.954140000000000044e-01,5.024269999999999570e-01,-6.466999999999999658e-03,1.181799999999999934e-01,2.371200000000000044e-02,1.000000000000000000e+00,4.094500000000000223e-02,-1.052430000000000032e-01,3.336219999999999741e-01,-2.120500000000000163e-02,3.857189999999999785e-01,1.817860000000000031e-01,-2.282599999999999907e-02,-3.379000000000000059e-03,9.054700000000000248e-02,-3.304300000000000292e-02,5.644300000000000012e-02,-4.785000000000000191e-03,-2.255020000000000080e-01,-1.913590000000000013e-01,5.405440000000000245e-01,-1.932199999999999890e-02,8.226200000000000179e-02,1.691189999999999916e-01,6.021399999999999669e-02,-3.664549999999999752e-01,1.774119999999999864e-01,-3.895009999999999861e-01,2.673409999999999953e-01,3.834670000000000023e-01,5.824319999999999498e-01,4.453100000000000114e-02,-3.402930000000000121e-01,-7.569499999999999840e-02,-3.538490000000000246e-01,2.789360000000000173e-01,1.985899999999999888e-01,4.341240000000000099e-01,6.601200000000000123e-02,-6.978999999999999961e-03,3.070320000000000271e-01,-2.116590000000000138e-01,-2.413600000000000120e-02,3.066949999999999954e-01,3.109779999999999767e-01,1.742720000000000102e-01,1.210090000000000054e-01,8.906300000000000328e-02,-1.822830000000000006e-01,7.629500000000000171e-02,4.352449999999999930e-01,-2.571899999999999742e-01,9.444900000000000517e-02,1.921430000000000082e-01,1.832769999999999955e-01,2.901869999999999727e-01,2.922950000000000270e-01,-2.084959999999999869e-01,-4.417200000000000293e-02,-3.300640000000000240e-01,1.367039999999999922e-01,2.064549999999999996e-01,-1.537409999999999888e-01,-7.092199999999999893e-02,-1.539349999999999885e-01,1.919440000000000035e-01,-2.854299999999999893e-02,1.483770000000000089e-01,1.639940000000000009e-01
-1.257719999999999949e-01,-3.552120000000000277e-01,-1.966440000000000132e-01,1.480049999999999977e-01,-1.247179999999999955e-01,-3.581539999999999724e-01,-4.242600000000000260e-01,-3.562900000000000095e-02,-1.093800000000000050e-01,-2.340569999999999873e-01,2.650319999999999898e-01,-2.139409999999999923e-01,4.094500000000000223e-02,1.000000000000000000e+00,-8.945599999999999385e-02,1.084700000000000074e-02,-1.307589999999999864e-01,-1.788069999999999937e-01,2.362180000000000113e-01,-5.243440000000000323e-01,-4.322050000000000058e-01,-4.457260000000000111e-01,-1.548889999999999989e-01,-1.074740000000000001e-01,-3.184679999999999733e-01,-4.054349999999999898e-01,-4.032120000000000148e-01,-5.119599999999999845e-02,-5.478950000000000209e-01,-1.090379999999999960e-01,1.929150000000000031e-01,2.747220000000000217e-01,-3.532799999999999829e-01,2.314340000000000008e-01,-4.724199999999999927e-02,5.654120000000000257e-01,5.277800000000000269e-01,2.901190000000000158e-01,2.987770000000000148e-01,-3.820350000000000135e-01,1.160399999999999973e-02,-3.818810000000000260e-01,4.901800000000000046e-01,2.488809999999999911e-01,-9.908100000000000240e-02,5.337200000000000277e-02,-4.193459999999999965e-01,-1.210870000000000002e-01,-1.245750000000000052e-01,-4.359509999999999774e-01,-2.283250000000000002e-01,-2.346840000000000037e-01,-2.216110000000000024e-01,-4.223850000000000104e-01,-3.069819999999999771e-01,-2.814789999999999792e-01,-2.928950000000000164e-01,-2.027450000000000085e-01,2.329469999999999874e-01,6.600699999999999623e-02,-2.660410000000000275e-01,-7.647099999999999731e-02,-8.693599999999999939e-02,1.413959999999999939e-01,-4.930829999999999935e-01,-3.337620000000000031e-01,-5.111059999999999492e-01,7.974999999999999450e-03,-2.973069999999999879e-01,-5.144079999999999764e-01,-4.200800000000000090e-01,-4.645520000000000205e-01,-9.799399999999999777e-02,-5.067829999999999835e-01,-1.436300000000000077e-02,2.567349999999999910e-01
3.450440000000000174e-01,-1.185230000000000034e-01,8.057000000000000273e-02,2.849439999999999751e-01,7.731000000000000372e-02,8.766599999999999393e-02,1.121859999999999941e-01,-1.732390000000000041e-01,1.380059999999999898e-01,-1.341310000000000002e-01,3.872920000000000251e-01,-5.509499999999999814e-02,-1.052430000000000032e-01,-8.945599999999999385e-02,1.000000000000000000e+00,-6.476899999999999324e-02,-1.866309999999999913e-01,8.272100000000000286e-02,1.748039999999999872e-01,2.418349999999999944e-01,1.683550000000000046e-01,3.399440000000000239e-01,1.649799999999999878e-01,-1.793269999999999864e-01,7.998999999999999166e-03,9.291399999999999659e-02,1.818170000000000064e-01,-4.786399999999999683e-02,2.873799999999999966e-02,-2.698710000000000275e-01,-2.570890000000000120e-01,-1.319120000000000015e-01,-2.282039999999999902e-01,6.635399999999999632e-02,-3.794299999999999756e-02,-1.263869999999999993e-01,2.099030000000000062e-01,-9.105000000000000246e-03,-2.893499999999999892e-02,-3.265109999999999957e-01,6.357699999999999463e-02,-1.248139999999999944e-01,-1.110590000000000049e-01,-8.471099999999999464e-02,-4.420000000000000318e-02,-9.661400000000000543e-02,-2.667240000000000166e-01,-2.108970000000000011e-01,-6.697999999999999787e-02,-3.604399999999999965e-02,-1.379400000000000071e-01,1.761359999999999870e-01,-2.942099999999999924e-02,4.707999999999999685e-02,-2.399830000000000019e-01,7.632899999999999407e-02,-7.824699999999999711e-02,-2.553619999999999779e-01,1.444620000000000071e-01,6.979520000000000168e-01,-2.468309999999999949e-01,-1.332770000000000066e-01,-4.657399999999999735e-02,-1.830999999999999989e-02,8.558200000000000529e-02,5.003799999999999915e-02,1.545120000000000104e-01,9.670199999999999629e-02,-1.052339999999999942e-01,-4.997599999999999959e-02,-7.446999999999999627e-03,4.407200000000000006e-02,-2.329630000000000034e-01,-1.739159999999999873e-01,-1.337260000000000115e-01,-2.402999999999999928e-02
4.408059999999999756e-01,1.240450000000000025e-01,1.753389999999999949e-01,-1.353099999999999963e-02,-2.940400000000000236e-01,-1.624899999999999956e-02,-4.038160000000000083e-01,4.293099999999999694e-02,2.106999999999999984e-01,-2.283489999999999964e-01,2.701699999999999935e-02,-3.138569999999999971e-01,3.336219999999999741e-01,1.084700000000000074e-02,-6.476899999999999324e-02,1.000000000000000000e+00,-9.601800000000000612e-02,5.685810000000000031e-01,2.100980000000000070e-01,1.989700000000000080e-01,1.381799999999999973e-01,4.936829999999999830e-01,1.307799999999999935e-02,3.902499999999999719e-02,4.070400000000000129e-01,8.394600000000000672e-02,1.337470000000000048e-01,4.150100000000000317e-02,1.469600000000000073e-01,7.470899999999999763e-02,3.536320000000000019e-01,2.567760000000000042e-01,-1.685100000000000139e-02,3.366120000000000223e-01,-7.950999999999999734e-02,-1.454689999999999872e-01,-4.005500000000000033e-02,2.709090000000000109e-01,2.917750000000000066e-01,9.460999999999999965e-02,-8.040999999999999537e-02,-4.225110000000000254e-01,-1.695770000000000055e-01,-2.099070000000000102e-01,1.378159999999999941e-01,4.505390000000000228e-01,1.357559999999999878e-01,2.497499999999999998e-01,-4.465979999999999950e-01,-1.868160000000000098e-01,2.066820000000000046e-01,-4.397100000000000314e-02,-6.867399999999999893e-02,-8.834300000000000486e-02,-2.091040000000000121e-01,-4.258499999999999786e-02,-2.558349999999999791e-01,1.111940000000000012e-01,-1.559999999999999928e-02,-3.868499999999999717e-02,4.539650000000000074e-01,-1.684889999999999999e-01,4.502140000000000031e-01,2.898720000000000185e-01,3.452999999999999906e-03,1.547169999999999934e-01,1.216580000000000022e-01,1.180760000000000004e-01,4.032399999999999873e-02,2.843660000000000077e-01,1.807169999999999888e-01,1.377110000000000001e-01,-1.511079999999999923e-01,1.756620000000000126e-01,1.991090000000000082e-01,2.192119999999999902e-01
-2.648179999999999978e-01,3.153489999999999904e-01,-7.594900000000000262e-02,-3.641059999999999852e-01,1.082010000000000055e-01,9.390099999999999836e-02,3.925469999999999793e-01,-1.261750000000000094e-01,-2.872870000000000146e-01,6.186570000000000125e-01,-3.452939999999999898e-01,6.215559999999999974e-01,-2.120500000000000163e-02,-1.307589999999999864e-01,-1.866309999999999913e-01,-9.601800000000000612e-02,1.000000000000000000e+00,2.475380000000000080e-01,-2.116000000000000103e-01,1.198919999999999986e-01,-4.280500000000000277e-02,3.685200000000000281e-02,-3.192500000000000199e-02,4.545159999999999756e-01,3.386199999999999766e-01,3.028469999999999773e-01,7.097399999999999542e-02,-3.991800000000000209e-02,1.158219999999999944e-01,2.795259999999999967e-01,2.621419999999999861e-01,-5.659000000000000141e-02,1.028799999999999992e-01,-2.452390000000000125e-01,-1.679730000000000112e-01,3.963200000000000056e-02,-3.408649999999999736e-01,-1.391910000000000092e-01,-2.434250000000000025e-01,1.863740000000000119e-01,9.803900000000000114e-02,2.473440000000000083e-01,-2.316620000000000068e-01,2.665370000000000239e-01,-9.540400000000000269e-02,-2.105029999999999957e-01,2.317430000000000045e-01,1.655699999999999950e-01,3.272149999999999781e-01,1.996640000000000081e-01,-1.075899999999999947e-02,3.595299999999999885e-02,-2.494609999999999883e-01,3.095180000000000153e-01,6.510730000000000128e-01,6.314300000000000468e-02,3.470860000000000056e-01,2.351820000000000022e-01,-3.363900000000000223e-01,-4.417269999999999808e-01,-5.648399999999999949e-02,4.967210000000000236e-01,-9.910800000000000165e-02,1.434350000000000069e-01,7.688100000000000489e-02,-2.308280000000000054e-01,1.773679999999999979e-01,-2.341110000000000135e-01,2.846179999999999821e-01,2.484169999999999989e-01,2.538090000000000068e-01,1.253239999999999910e-01,3.625990000000000046e-01,-5.448499999999999871e-02,7.979100000000000081e-02,-2.794299999999999909e-02
2.533349999999999769e-01,3.340219999999999856e-01,2.489530000000000076e-01,-9.954599999999999560e-02,7.480900000000000050e-02,3.007670000000000066e-01,9.312000000000000832e-03,1.690899999999999903e-01,2.085370000000000001e-01,-1.186220000000000052e-01,5.471499999999999975e-02,-8.189000000000000445e-02,3.857189999999999785e-01,-1.788069999999999937e-01,8.272100000000000286e-02,5.685810000000000031e-01,2.475380000000000080e-01,1.000000000000000000e+00,1.801449999999999996e-01,3.754190000000000027e-01,7.289700000000000346e-02,4.506379999999999830e-01,1.021119999999999944e-01,1.802549999999999986e-01,3.563270000000000048e-01,3.486230000000000162e-01,3.074109999999999898e-01,4.428100000000000092e-02,3.327490000000000170e-01,1.563680000000000070e-01,3.634400000000000130e-02,-3.320000000000000034e-03,1.959140000000000048e-01,4.827499999999999847e-02,-7.001100000000000378e-02,-2.727350000000000052e-01,-1.493019999999999903e-01,7.968300000000000383e-02,-1.114040000000000030e-01,5.998300000000000159e-02,5.419600000000000112e-02,-1.977150000000000019e-01,-3.052150000000000141e-01,-3.325890000000000235e-01,1.289959999999999996e-01,6.727900000000000547e-02,3.319819999999999993e-01,2.852430000000000243e-01,-3.825049999999999839e-01,8.965599999999999958e-02,4.349430000000000240e-01,2.291890000000000038e-01,1.226200000000000068e-01,2.181549999999999878e-01,-1.901200000000000112e-02,1.195900000000000019e-01,2.749100000000000155e-02,3.967539999999999956e-01,-3.508049999999999780e-01,2.727299999999999863e-02,3.885290000000000132e-01,1.040190000000000003e-01,5.726790000000000491e-01,2.555279999999999774e-01,1.765829999999999900e-01,-6.676999999999999776e-03,1.869290000000000118e-01,1.441290000000000071e-01,1.254210000000000047e-01,3.966450000000000253e-01,3.434929999999999928e-01,3.342040000000000011e-01,-5.059000000000000129e-03,2.157749999999999946e-01,3.792299999999999838e-02,6.474299999999999500e-02
2.832009999999999805e-01,-1.495509999999999895e-01,5.497210000000000152e-01,-2.404499999999999971e-01,-6.881800000000000417e-02,1.070809999999999956e-01,-2.996070000000000122e-01,1.096319999999999933e-01,5.174849999999999728e-01,-5.205859999999999932e-01,6.160630000000000273e-01,-4.807259999999999867e-01,1.817860000000000031e-01,2.362180000000000113e-01,1.748039999999999872e-01,2.100980000000000070e-01,-2.116000000000000103e-01,1.801449999999999996e-01,1.000000000000000000e+00,-4.398200000000000026e-02,-3.259599999999999997e-02,8.199999999999999824e-04,1.750140000000000029e-01,-2.181200000000000083e-01,1.341799999999999937e-02,-2.767049999999999788e-01,2.489200000000000093e-02,-2.473450000000000093e-01,2.624100000000000044e-02,-9.326900000000000468e-02,-1.333979999999999888e-01,2.183029999999999970e-01,-3.480800000000000005e-01,1.219370000000000037e-01,-1.715289999999999870e-01,1.359710000000000085e-01,9.362800000000000289e-02,1.588870000000000005e-01,3.556179999999999897e-01,-3.057389999999999830e-01,-1.110050000000000064e-01,-4.835659999999999958e-01,1.384819999999999940e-01,-7.310899999999999344e-02,-1.098200000000000010e-01,2.032710000000000072e-01,-1.766050000000000120e-01,3.260120000000000240e-01,-5.464750000000000441e-01,-5.143400000000000055e-02,2.745310000000000250e-01,1.448429999999999995e-01,2.416490000000000027e-01,4.218299999999999828e-02,-4.836260000000000003e-01,1.477169999999999872e-01,-5.379599999999999937e-01,1.231310000000000043e-01,1.843150000000000066e-01,2.677869999999999973e-01,1.998469999999999969e-01,-1.259869999999999879e-01,3.618009999999999837e-01,4.555390000000000272e-01,-2.569339999999999957e-01,-2.283200000000000160e-02,-2.228219999999999923e-01,3.920449999999999768e-01,-3.250049999999999883e-01,-3.574299999999999700e-02,-2.172179999999999944e-01,-4.410300000000000331e-02,-3.914320000000000022e-01,-1.874810000000000088e-01,1.474999999999999922e-01,6.239900000000000307e-02
3.357430000000000136e-01,4.917440000000000144e-01,3.106960000000000277e-01,-2.482799999999999938e-02,-4.048199999999999715e-02,4.154459999999999820e-01,1.824629999999999863e-01,9.641000000000000264e-03,1.067000000000000032e-01,1.601249999999999896e-01,-1.003480000000000066e-01,1.443989999999999996e-01,-2.282599999999999907e-02,-5.243440000000000323e-01,2.418349999999999944e-01,1.989700000000000080e-01,1.198919999999999986e-01,3.754190000000000027e-01,-4.398200000000000026e-02,1.000000000000000000e+00,5.028589999999999449e-01,8.022299999999999986e-01,2.695739999999999803e-01,1.830370000000000053e-01,3.931700000000000195e-01,6.017620000000000191e-01,4.940220000000000167e-01,2.302569999999999895e-01,6.789830000000000032e-01,3.891290000000000027e-01,-1.051379999999999953e-01,-1.371799999999999964e-01,3.012119999999999798e-01,-2.786919999999999953e-01,-7.819600000000000162e-02,-3.799819999999999864e-01,-3.807329999999999881e-01,-3.270159999999999734e-01,-2.732410000000000116e-01,3.165609999999999813e-01,-8.566300000000000303e-02,1.628819999999999990e-01,-4.318910000000000249e-01,-3.256530000000000258e-01,5.421000000000000124e-02,2.402269999999999961e-01,4.635610000000000008e-01,2.893299999999999761e-01,-1.799800000000000011e-02,1.268150000000000110e-01,2.342490000000000128e-01,2.445400000000000004e-02,7.235400000000000165e-02,4.309149999999999925e-01,1.147470000000000018e-01,2.650029999999999886e-01,2.192649999999999877e-01,1.228910000000000002e-01,-2.885320000000000107e-01,9.234100000000000641e-02,1.964470000000000105e-01,1.051599999999999931e-02,1.948860000000000037e-01,1.041480000000000045e-01,6.810239999999999627e-01,4.742700000000000249e-01,6.234979999999999967e-01,1.369000000000000078e-02,3.125359999999999805e-01,5.074589999999999934e-01,5.683690000000000131e-01,5.711650000000000338e-01,2.494199999999999889e-02,5.017989999999999950e-01,1.851569999999999883e-01,-1.642919999999999936e-01
