1.000000000000000000e+00,2.797819999999999752e-01,5.288089999999999735e-01,-3.151689999999999769e-01,2.789920000000000178e-01,3.198690000000000144e-01,4.632700000000000012e-02,3.828759999999999941e-01,3.898309999999999831e-01,2.763120000000000021e-01,3.595650000000000235e-01,5.037209999999999743e-01,3.258989999999999942e-01,3.592159999999999798e-01,5.670659999999999590e-01,3.385810000000000208e-01,4.606160000000000254e-01,3.674279999999999768e-01,4.585980000000000056e-01,5.372999999999999998e-01,6.988419999999999632e-01,4.686230000000000118e-01,5.437710000000000043e-01,7.008729999999999682e-01,4.176000000000000267e-01,6.166249999999999787e-01,2.120650000000000035e-01,5.905519999999999659e-01,3.817820000000000102e-01,6.481609999999999872e-01,5.050919999999999854e-01,5.624879999999999880e-01,4.893939999999999957e-01,2.289899999999999991e-01,-1.027870000000000034e-01,3.415549999999999975e-01,3.835100000000000314e-02,4.136440000000000117e-01,4.292349999999999777e-01,4.766099999999999781e-01,2.661020000000000052e-01,-2.102660000000000085e-01,2.675569999999999893e-01,6.725200000000000622e-02,5.579119999999999635e-01,8.852879999999999638e-01,3.091289999999999871e-01,4.204930000000000057e-01,2.145410000000000095e-01,2.153650000000000009e-01,3.078819999999999890e-01,1.910729999999999928e-01,4.364580000000000126e-01,2.554379999999999984e-01,4.784349999999999992e-01,1.852910000000000112e-01,4.170829999999999815e-01,4.651899999999999924e-01,2.301310000000000022e-01,4.709889999999999910e-01,3.035550000000000193e-01,3.787510000000000043e-01,6.085450000000000026e-01,3.050760000000000138e-01,5.449819999999999665e-01,6.089590000000000281e-01,3.947760000000000158e-01,5.180329999999999657e-01,5.589279999999999804e-01,3.176519999999999899e-01,6.563820000000000210e-01,1.069190000000000002e-01,5.299559999999999826e-01,3.392890000000000073e-01,6.702320000000000499e-01,3.951850000000000085e-01
2.797819999999999752e-01,1.000000000000000000e+00,3.779770000000000074e-01,-5.810779999999999834e-01,6.048449999999999660e-01,3.769179999999999753e-01,6.831279999999999575e-01,3.248989999999999934e-01,5.415649999999999631e-01,4.858899999999999886e-01,4.509429999999999827e-01,3.403900000000000259e-01,7.503900000000000015e-01,6.712700000000000333e-01,1.350079999999999891e-01,1.561329999999999940e-01,6.514900000000000135e-01,4.941030000000000144e-01,5.924230000000000329e-01,3.419240000000000057e-01,4.291799999999999782e-02,3.470889999999999809e-01,1.515140000000000098e-01,-1.115970000000000018e-01,8.554920000000000302e-01,6.391219999999999679e-01,6.600270000000000303e-01,3.807209999999999761e-01,4.786329999999999751e-01,4.494040000000000257e-01,1.287030000000000118e-01,1.847900000000000098e-01,5.307629999999999848e-01,8.480000000000000038e-02,-6.190999999999999837e-01,6.052950000000000275e-01,4.100949999999999873e-01,4.827469999999999817e-01,1.419100000000000049e-02,5.055610000000000381e-01,7.182499999999999996e-02,-2.794730000000000270e-01,4.171989999999999865e-01,5.012400000000000189e-01,3.841849999999999987e-01,1.122309999999999974e-01,5.714690000000000047e-01,4.113709999999999867e-01,5.786660000000000137e-01,1.376749999999999918e-01,6.471799999999999775e-02,6.099710000000000409e-01,3.536059999999999759e-01,4.654880000000000129e-01,5.423179999999999668e-01,3.465019999999999767e-01,2.107950000000000101e-01,3.881490000000000218e-01,-1.709769999999999901e-01,-1.910199999999999954e-01,9.130900000000000127e-02,3.459550000000000125e-01,3.120439999999999880e-01,5.363280000000000269e-01,3.834290000000000198e-01,-9.770199999999999718e-02,1.944990000000000052e-01,7.242000000000000173e-03,-3.012099999999999847e-02,5.848929999999999962e-01,-2.489600000000000146e-02,4.240439999999999765e-01,1.050910000000000039e-01,5.492600000000000260e-02,4.828700000000000214e-01,1.589349999999999929e-01
5.288089999999999735e-01,3.779770000000000074e-01,1.000000000000000000e+00,-3.738389999999999769e-01,5.980950000000000433e-01,4.022149999999999892e-01,3.046309999999999851e-01,4.309470000000000245e-01,7.375099999999999989e-01,4.660030000000000006e-01,7.295509999999999495e-01,5.724190000000000111e-01,5.278070000000000261e-01,3.487850000000000117e-01,2.093589999999999895e-01,-2.021699999999999886e-02,5.151109999999999856e-01,2.916219999999999923e-01,7.677680000000000060e-01,4.296429999999999971e-01,2.280099999999999905e-01,2.953149999999999942e-01,4.387309999999999821e-01,5.031390000000000029e-01,3.176760000000000139e-01,4.605360000000000009e-01,5.749349999999999739e-01,5.469960000000000377e-01,1.999140000000000084e-01,4.096609999999999974e-01,3.294300000000000006e-02,2.499010000000000120e-01,2.457419999999999882e-01,5.715499999999999747e-02,-3.481049999999999978e-01,4.519940000000000069e-01,1.271110000000000018e-01,5.654860000000000442e-01,1.382259999999999878e-01,3.571039999999999770e-01,1.359410000000000063e-01,-3.043660000000000254e-01,4.011440000000000006e-01,2.656259999999999732e-01,5.975009999999999488e-01,4.360970000000000124e-01,2.928959999999999897e-01,8.827580000000000426e-01,2.100579999999999947e-01,5.807060000000000555e-01,3.006619999999999848e-01,3.883829999999999782e-01,4.333199999999999830e-01,6.926849999999999952e-01,5.536149999999999682e-01,6.737910000000000288e-01,5.648640000000000327e-01,5.064739999999999798e-01,1.472999999999999865e-01,4.081200000000000105e-02,-4.874699999999999867e-02,3.759500000000000064e-01,3.310859999999999914e-01,6.954190000000000094e-01,2.954789999999999917e-01,1.570940000000000114e-01,7.697299999999999975e-02,4.344939999999999913e-01,5.331240000000000423e-01,2.149230000000000029e-01,2.975639999999999952e-01,3.815399999999999903e-01,5.214950000000000419e-01,-6.230600000000000027e-02,4.981410000000000005e-01,-1.589099999999999888e-02
-3.151689999999999769e-01,-5.810779999999999834e-01,-3.738389999999999769e-01,1.000000000000000000e+00,-7.237869999999999582e-01,-5.718700000000000172e-02,-7.149109999999999632e-01,-7.872400000000000231e-02,-6.458209999999999784e-01,-2.355430000000000024e-01,-5.041290000000000493e-01,-3.559809999999999919e-01,-5.333290000000000530e-01,-4.596529999999999783e-01,-1.122910000000000019e-01,-3.540999999999999703e-02,-4.712569999999999815e-01,-2.502499999999999725e-01,-4.667899999999999827e-01,-2.605359999999999898e-01,7.655000000000000693e-02,-2.037509999999999877e-01,-9.803299999999999514e-02,8.093500000000000694e-02,-6.963949999999999863e-01,-3.974019999999999775e-01,-4.391260000000000163e-01,-1.357919999999999960e-01,-2.874729999999999785e-01,-1.957510000000000083e-01,-8.940399999999999736e-02,2.200759999999999939e-01,-4.175030000000000130e-01,6.828299999999999648e-02,7.203929999999999501e-01,-4.761719999999999842e-01,-1.991940000000000099e-01,-5.551530000000000076e-01,2.631539999999999990e-01,-5.518849999999999589e-01,-1.588999999999999918e-03,4.738809999999999967e-01,-2.963430000000000231e-01,-4.499730000000000119e-01,-3.318079999999999918e-01,-2.743510000000000115e-01,-3.447160000000000224e-01,-4.186270000000000269e-01,-5.857430000000000136e-01,-1.189360000000000001e-01,2.605999999999999810e-03,-8.083789999999999587e-01,-1.864949999999999941e-01,-5.751180000000000181e-01,-4.665270000000000250e-01,-3.431370000000000253e-01,-2.766440000000000010e-01,-4.093910000000000049e-01,3.386170000000000013e-01,1.568289999999999962e-01,-1.081249999999999989e-01,-7.747999999999999332e-02,-3.917680000000000051e-01,-4.386129999999999751e-01,-3.943829999999999836e-01,8.706600000000000450e-02,-1.959249999999999881e-01,-4.730299999999999783e-02,5.289599999999999858e-02,-5.383280000000000287e-01,2.395999999999999866e-02,-3.814089999999999980e-01,4.656400000000000122e-02,-1.292020000000000113e-01,-4.199640000000000040e-01,-1.418770000000000031e-01
2.789920000000000178e-01,6.048449999999999660e-01,5.980950000000000433e-01,-7.237869999999999582e-01,1.000000000000000000e+00,1.158799999999999969e-01,8.510729999999999684e-01,1.181740000000000013e-01,9.099509999999999543e-01,5.213729999999999754e-01,8.110039999999999472e-01,3.737650000000000139e-01,6.885390000000000121e-01,5.463700000000000223e-01,2.333959999999999924e-01,1.279589999999999894e-01,5.413689999999999891e-01,3.222999999999999754e-01,6.777170000000000138e-01,4.300169999999999826e-01,3.370000000000000057e-04,3.702389999999999848e-01,7.110099999999999754e-02,-2.335699999999999929e-02,6.485929999999999751e-01,3.717409999999999881e-01,6.564330000000000442e-01,2.607450000000000045e-01,4.849339999999999762e-01,2.732330000000000036e-01,1.789509999999999990e-01,-9.850000000000000422e-02,3.343650000000000233e-01,1.747800000000000048e-02,-7.274800000000000155e-01,5.808910000000000462e-01,3.480210000000000248e-01,7.005700000000000260e-01,-1.817630000000000079e-01,3.448459999999999859e-01,1.366100000000000092e-01,-3.534240000000000159e-01,4.109300000000000175e-01,6.465290000000000203e-01,4.301860000000000128e-01,2.592599999999999905e-01,2.648420000000000218e-01,6.850439999999999863e-01,6.454459999999999642e-01,5.725569999999999826e-01,1.068700000000000032e-02,7.799319999999999586e-01,2.107050000000000034e-01,8.462439999999999962e-01,5.410989999999999966e-01,6.535410000000000386e-01,3.802429999999999977e-01,3.153400000000000092e-01,-2.246819999999999928e-01,-1.546669999999999989e-01,2.224550000000000138e-01,1.299649999999999972e-01,3.642380000000000062e-01,6.558789999999999898e-01,4.620259999999999923e-01,-2.602900000000000005e-02,2.563599999999999768e-01,2.177300000000000069e-02,1.123709999999999987e-01,4.966400000000000259e-01,-1.031090000000000062e-01,5.306180000000000341e-01,7.723499999999999810e-02,1.737529999999999908e-01,4.068649999999999767e-01,2.747870000000000035e-01
3.198690000000000144e-01,3.769179999999999753e-01,4.022149999999999892e-01,-5.718700000000000172e-02,1.158799999999999969e-01,1.000000000000000000e+00,3.296099999999999725e-02,7.655950000000000255e-01,2.317460000000000075e-01,5.598670000000000035e-01,1.776780000000000026e-01,7.064850000000000296e-01,6.313689999999999580e-01,3.629220000000000224e-01,-2.480000000000000108e-04,-2.383639999999999926e-01,5.354020000000000445e-01,4.059289999999999843e-01,3.740319999999999756e-01,1.459519999999999984e-01,2.450739999999999863e-01,-6.414899999999999769e-02,7.852320000000000411e-01,5.025800000000000267e-01,1.940280000000000060e-01,6.561129999999999463e-01,2.401530000000000054e-01,6.276319999999999677e-01,1.549530000000000074e-01,2.927420000000000022e-01,-9.607200000000000462e-02,3.431130000000000013e-01,2.182969999999999910e-01,-2.009309999999999985e-01,-9.133700000000000152e-02,2.411159999999999970e-01,1.342559999999999865e-01,3.787409999999999943e-01,2.224669999999999981e-01,2.255590000000000095e-01,-1.461189999999999989e-01,-7.943699999999999373e-02,2.637769999999999837e-01,4.100000000000000172e-02,4.341869999999999896e-01,8.335599999999999954e-02,3.186100000000000043e-01,3.458609999999999740e-01,8.209800000000000431e-02,1.990049999999999875e-01,7.152389999999999581e-01,-3.915799999999999836e-02,6.586130000000000040e-01,2.529159999999999742e-01,4.990089999999999804e-01,3.077659999999999840e-01,5.409770000000000412e-01,6.574579999999999869e-01,4.097069999999999879e-01,-1.447120000000000073e-01,-2.961150000000000171e-01,5.835770000000000124e-01,1.320830000000000060e-01,4.791239999999999943e-01,3.917500000000000149e-02,6.654999999999999805e-02,-2.225560000000000038e-01,6.393849999999999811e-01,4.794660000000000033e-01,2.202399999999999844e-02,5.688269999999999715e-01,-5.865299999999999681e-02,5.486090000000000133e-01,-1.350049999999999861e-01,3.409139999999999948e-01,-1.943350000000000077e-01
4.632700000000000012e-02,6.831279999999999575e-01,3.046309999999999851e-01,-7.149109999999999632e-01,8.510729999999999684e-01,3.296099999999999725e-02,1.000000000000000000e+00,5.426000000000000267e-03,7.088700000000000001e-01,5.094670000000000032e-01,5.817799999999999638e-01,2.084630000000000094e-01,6.799410000000000176e-01,6.064580000000000526e-01,2.025440000000000018e-01,1.548700000000000077e-01,5.193579999999999863e-01,3.313070000000000181e-01,4.556200000000000250e-01,3.386239999999999806e-01,-1.225880000000000025e-01,3.590630000000000210e-01,-7.926600000000000312e-02,-3.047849999999999726e-01,6.951009999999999689e-01,2.796759999999999802e-01,6.270219999999999683e-01,1.166539999999999938e-01,5.430519999999999792e-01,2.558059999999999778e-01,1.980190000000000006e-01,-1.373910000000000131e-01,3.256939999999999835e-01,-5.289100000000000051e-02,-7.370419999999999749e-01,5.640770000000000506e-01,4.428909999999999791e-01,6.642569999999999864e-01,-2.172360000000000124e-01,2.759079999999999866e-01,8.916200000000000514e-02,-2.911199999999999899e-01,3.713130000000000042e-01,6.891850000000000476e-01,2.895229999999999748e-01,5.418900000000000106e-02,2.704159999999999897e-01,4.108430000000000137e-01,7.409569999999999768e-01,3.000309999999999921e-01,-9.079199999999999771e-02,7.627599999999999936e-01,1.274730000000000030e-01,6.482539999999999969e-01,4.525870000000000171e-01,4.469770000000000132e-01,2.081179999999999974e-01,1.643950000000000133e-01,-3.408129999999999771e-01,-2.337239999999999873e-01,2.686370000000000147e-01,2.002299999999999913e-02,3.078810000000000158e-01,4.348810000000000175e-01,4.182060000000000222e-01,-1.285540000000000016e-01,2.709889999999999799e-01,-1.343769999999999964e-01,-1.598849999999999993e-01,5.209169999999999634e-01,-3.142329999999999846e-01,5.431070000000000064e-01,-1.093510000000000038e-01,2.163730000000000098e-01,3.201149999999999829e-01,3.355589999999999962e-01
3.828759999999999941e-01,3.248989999999999934e-01,4.309470000000000245e-01,-7.872400000000000231e-02,1.181740000000000013e-01,7.655950000000000255e-01,5.426000000000000267e-03,1.000000000000000000e+00,1.877639999999999865e-01,4.304060000000000108e-01,2.123259999999999870e-01,7.268630000000000368e-01,5.003959999999999519e-01,5.387330000000000174e-01,4.286000000000000226e-02,-3.214949999999999752e-01,4.568189999999999751e-01,1.967780000000000085e-01,3.762380000000000169e-01,1.401799999999999990e-01,3.716519999999999824e-01,-6.713900000000000423e-02,8.633450000000000291e-01,5.434120000000000061e-01,9.525699999999999446e-02,7.182300000000000351e-01,5.373399999999999704e-02,6.158700000000000285e-01,-1.012399999999999932e-02,3.804799999999999849e-01,-6.581900000000000250e-02,4.036270000000000135e-01,1.597280000000000089e-01,-1.381789999999999963e-01,-1.830650000000000055e-01,4.038220000000000143e-01,3.081019999999999870e-01,2.474230000000000040e-01,3.193460000000000187e-01,2.786969999999999725e-01,-1.232919999999999988e-01,-1.524619999999999864e-01,3.806160000000000099e-01,1.759529999999999983e-01,3.342539999999999956e-01,2.389020000000000032e-01,1.434459999999999902e-01,2.604969999999999786e-01,1.575139999999999874e-01,3.327399999999999802e-02,4.741529999999999911e-01,-1.029199999999999976e-01,8.881350000000000078e-01,1.226890000000000064e-01,4.732049999999999867e-01,1.272629999999999872e-01,5.475910000000000499e-01,6.049160000000000093e-01,4.100249999999999728e-01,-6.551000000000000399e-03,-3.343800000000000106e-01,4.212799999999999878e-01,1.126489999999999991e-01,2.914340000000000264e-01,2.064209999999999934e-01,2.057670000000000055e-01,-4.918199999999999655e-02,7.389879999999999782e-01,4.665300000000000002e-01,-5.914900000000000019e-02,5.763340000000000130e-01,-2.002249999999999863e-01,5.458680000000000199e-01,-2.483950000000000047e-01,4.236659999999999870e-01,-1.375399999999999956e-01
3.898309999999999831e-01,5.415649999999999631e-01,7.375099999999999989e-01,-6.458209999999999784e-01,9.099509999999999543e-01,2.317460000000000075e-01,7.088700000000000001e-01,1.877639999999999865e-01,1.000000000000000000e+00,5.988529999999999687e-01,8.547439999999999483e-01,4.697350000000000136e-01,6.820640000000000036e-01,4.943150000000000044e-01,2.229599999999999915e-01,3.597399999999999903e-02,5.223250000000000393e-01,2.925869999999999860e-01,7.878870000000000040e-01,5.112550000000000150e-01,8.246000000000000552e-02,3.438229999999999897e-01,1.539280000000000093e-01,2.062890000000000001e-01,5.655599999999999516e-01,4.052720000000000211e-01,6.835740000000000149e-01,3.535510000000000042e-01,4.285519999999999885e-01,3.272169999999999801e-01,1.870850000000000013e-01,-2.438299999999999843e-02,3.500759999999999983e-01,2.516499999999999987e-02,-6.741629999999999567e-01,5.760319999999999885e-01,3.585670000000000246e-01,7.198600000000000554e-01,-1.000619999999999982e-01,3.851390000000000091e-01,1.947339999999999904e-01,-3.489610000000000212e-01,4.938330000000000219e-01,5.891560000000000130e-01,6.044089999999999741e-01,3.446179999999999799e-01,3.341609999999999858e-01,7.988560000000000105e-01,5.909609999999999586e-01,6.519719999999999960e-01,1.767309999999999992e-01,7.498299999999999965e-01,2.705409999999999759e-01,9.205959999999999699e-01,6.386859999999999760e-01,7.138120000000000021e-01,5.320850000000000302e-01,4.089990000000000014e-01,-1.306710000000000094e-01,-1.293680000000000108e-01,1.659370000000000012e-01,2.370039999999999925e-01,4.140309999999999824e-01,7.200980000000000159e-01,4.237549999999999928e-01,4.172200000000000214e-02,1.777769999999999906e-01,1.305939999999999879e-01,3.538999999999999924e-01,4.869129999999999847e-01,6.403799999999999770e-02,5.673160000000000425e-01,2.191940000000000000e-01,1.701989999999999892e-01,4.582740000000000147e-01,2.527820000000000067e-01
2.763120000000000021e-01,4.858899999999999886e-01,4.660030000000000006e-01,-2.355430000000000024e-01,5.213729999999999754e-01,5.598670000000000035e-01,5.094670000000000032e-01,4.304060000000000108e-01,5.988529999999999687e-01,1.000000000000000000e+00,4.607049999999999756e-01,6.585220000000000518e-01,7.608580000000000343e-01,5.106279999999999708e-01,3.330029999999999935e-01,1.416449999999999931e-01,7.025240000000000373e-01,5.529549999999999743e-01,5.702249999999999819e-01,5.030029999999999779e-01,2.897700000000000276e-01,3.867619999999999947e-01,3.749219999999999775e-01,2.731919999999999904e-01,4.049880000000000146e-01,5.013290000000000246e-01,4.160590000000000122e-01,6.187700000000000422e-01,5.687999999999999723e-01,5.110590000000000410e-01,3.248519999999999741e-01,2.909470000000000112e-01,2.868890000000000051e-01,-4.406100000000000294e-02,-3.200259999999999772e-01,4.740630000000000122e-01,5.334839999999999582e-01,6.602550000000000363e-01,1.988820000000000032e-01,2.362380000000000035e-01,1.543579999999999952e-01,-1.251790000000000125e-01,4.744010000000000171e-01,6.373060000000000391e-01,6.247249999999999748e-01,2.053969999999999962e-01,2.451490000000000058e-01,4.385169999999999901e-01,6.386810000000000542e-01,3.281189999999999940e-01,4.360149999999999859e-01,2.352920000000000011e-01,4.473239999999999994e-01,6.229170000000000540e-01,8.204369999999999719e-01,4.283980000000000010e-01,7.395479999999999832e-01,4.618340000000000223e-01,5.156499999999999972e-02,-2.824000000000000121e-03,2.519959999999999978e-01,5.496480000000000254e-01,5.068139999999999867e-01,5.703749999999999654e-01,4.110309999999999797e-01,1.842050000000000076e-01,2.444169999999999954e-01,2.432829999999999993e-01,5.401810000000000223e-01,3.633149999999999991e-01,2.737800000000000233e-01,2.429330000000000100e-01,4.296329999999999871e-01,2.462129999999999874e-01,5.492899999999999450e-01,3.486489999999999867e-01
3.595650000000000235e-01,4.509429999999999827e-01,7.295509999999999495e-01,-5.041290000000000493e-01,8.110039999999999472e-01,1.776780000000000026e-01,5.817799999999999638e-01,2.123259999999999870e-01,8.547439999999999483e-01,4.607049999999999756e-01,1.000000000000000000e+00,3.895730000000000026e-01,5.331529999999999880e-01,4.318910000000000249e-01,1.640419999999999934e-01,-1.461000000000000059e-03,3.910000000000000142e-01,1.709960000000000091e-01,7.865060000000000384e-01,3.896009999999999751e-01,1.170589999999999964e-01,2.672550000000000203e-01,1.782400000000000095e-01,2.280399999999999927e-01,4.484839999999999938e-01,2.903279999999999750e-01,6.288789999999999658e-01,2.397569999999999979e-01,3.063219999999999832e-01,2.032349999999999990e-01,1.076860000000000039e-01,-8.795999999999999999e-03,1.604520000000000113e-01,1.106500000000000018e-02,-5.559180000000000232e-01,5.023159999999999847e-01,2.312659999999999993e-01,5.699309999999999654e-01,-9.702199999999999713e-02,2.536950000000000038e-01,1.863170000000000104e-01,-3.470309999999999784e-01,3.634399999999999853e-01,4.642919999999999825e-01,5.180620000000000225e-01,3.382000000000000006e-01,2.487060000000000104e-01,7.650000000000000133e-01,4.614670000000000161e-01,6.797929999999999806e-01,1.063349999999999990e-01,6.158649999999999958e-01,2.508830000000000227e-01,7.833590000000000275e-01,4.813040000000000096e-01,7.748610000000000220e-01,4.579770000000000230e-01,3.038390000000000257e-01,2.544000000000000081e-02,-1.119509999999999950e-01,9.003300000000000192e-02,1.781129999999999936e-01,2.825779999999999959e-01,6.860319999999999752e-01,3.542350000000000221e-01,7.677000000000000490e-02,1.952270000000000116e-01,1.814959999999999907e-01,3.460650000000000115e-01,3.735519999999999952e-01,4.789700000000000207e-02,5.072330000000000449e-01,1.538029999999999953e-01,5.554599999999999815e-02,3.140450000000000186e-01,1.528509999999999869e-01
5.037209999999999743e-01,3.403900000000000259e-01,5.724190000000000111e-01,-3.559809999999999919e-01,3.737650000000000139e-01,7.064850000000000296e-01,2.084630000000000094e-01,7.268630000000000368e-01,4.697350000000000136e-01,6.585220000000000518e-01,3.895730000000000026e-01,1.000000000000000000e+00,6.615320000000000089e-01,4.725269999999999748e-01,2.252830000000000110e-01,-7.218800000000000217e-02,7.246150000000000091e-01,5.206549999999999789e-01,5.099460000000000104e-01,3.574590000000000267e-01,3.777659999999999907e-01,1.820249999999999924e-01,7.235909999999999842e-01,6.235779999999999657e-01,2.534199999999999786e-01,7.336300000000000043e-01,1.283440000000000136e-01,6.823919999999999986e-01,2.265530000000000044e-01,4.457119999999999971e-01,1.572939999999999894e-01,3.097579999999999778e-01,3.281479999999999952e-01,-5.080799999999999900e-02,-3.388079999999999981e-01,4.991869999999999918e-01,2.544170000000000043e-01,5.472380000000000022e-01,2.755889999999999729e-01,4.782500000000000084e-01,5.809000000000000274e-02,-2.959600000000000009e-01,4.509210000000000163e-01,3.391910000000000203e-01,6.044089999999999741e-01,4.032569999999999766e-01,1.816129999999999967e-01,4.328110000000000013e-01,3.720539999999999958e-01,2.091669999999999918e-01,5.379490000000000105e-01,1.868209999999999871e-01,6.546760000000000357e-01,4.554520000000000235e-01,7.613170000000000215e-01,3.047560000000000269e-01,8.435409999999999853e-01,7.892519999999999536e-01,2.516090000000000271e-01,6.489200000000000523e-02,-2.103599999999999914e-02,5.696350000000000025e-01,5.071799999999999642e-01,4.433230000000000226e-01,3.963030000000000164e-01,2.498579999999999968e-01,1.290479999999999960e-01,5.949410000000000531e-01,6.372090000000000254e-01,1.286490000000000133e-01,6.302670000000000217e-01,-8.179200000000000359e-02,5.940069999999999517e-01,3.778000000000000108e-02,5.740450000000000275e-01,1.015230000000000021e-01
3.258989999999999942e-01,7.503900000000000015e-01,5.278070000000000261e-01,-5.333290000000000530e-01,6.885390000000000121e-01,6.313689999999999580e-01,6.799410000000000176e-01,5.003959999999999519e-01,6.820640000000000036e-01,7.608580000000000343e-01,5.331529999999999880e-01,6.615320000000000089e-01,1.000000000000000000e+00,6.442740000000000133e-01,2.891529999999999934e-01,8.966599999999999571e-02,7.925750000000000295e-01,6.029339999999999700e-01,5.974159999999999471e-01,4.779930000000000012e-01,2.155310000000000004e-01,3.618810000000000082e-01,4.138780000000000237e-01,1.852860000000000062e-01,6.479719999999999924e-01,6.674229999999999885e-01,5.895550000000000512e-01,6.566499999999999559e-01,5.876989999999999714e-01,5.018430000000000391e-01,1.997160000000000046e-01,2.348250000000000060e-01,4.926969999999999961e-01,4.420000000000000318e-03,-5.683599999999999763e-01,5.725390000000000201e-01,4.794849999999999945e-01,6.759889999999999510e-01,1.094790000000000069e-01,4.198669999999999902e-01,1.506440000000000001e-01,-1.737049999999999983e-01,5.412099999999999689e-01,6.156620000000000426e-01,5.978639999999999510e-01,2.170209999999999917e-01,4.297009999999999996e-01,5.195389999999999731e-01,6.165620000000000545e-01,3.327229999999999910e-01,3.908719999999999972e-01,5.009590000000000432e-01,5.375429999999999930e-01,6.406159999999999632e-01,7.739420000000000188e-01,4.564210000000000211e-01,5.427710000000000035e-01,6.245859999999999745e-01,-1.664900000000000060e-02,-8.766500000000000681e-02,1.476629999999999887e-01,4.979660000000000197e-01,4.693209999999999882e-01,6.038499999999999979e-01,4.221340000000000092e-01,1.115619999999999945e-01,2.122090000000000087e-01,2.957989999999999786e-01,3.018839999999999857e-01,4.850220000000000087e-01,2.173720000000000097e-01,3.417419999999999902e-01,4.080469999999999930e-01,1.995899999999999896e-01,5.569469999999999699e-01,2.415160000000000085e-01
3.592159999999999798e-01,6.712700000000000333e-01,3.487850000000000117e-01,-4.596529999999999783e-01,5.463700000000000223e-01,3.629220000000000224e-01,6.064580000000000526e-01,5.387330000000000174e-01,4.943150000000000044e-01,5.106279999999999708e-01,4.318910000000000249e-01,4.725269999999999748e-01,6.442740000000000133e-01,1.000000000000000000e+00,3.187260000000000093e-01,1.241189999999999932e-01,5.522519999999999651e-01,3.456659999999999733e-01,4.817560000000000175e-01,3.749449999999999728e-01,3.105539999999999967e-01,3.534349999999999992e-01,4.168919999999999848e-01,6.544700000000000517e-02,6.019349999999999978e-01,6.334459999999999535e-01,3.298599999999999866e-01,4.548389999999999933e-01,4.426849999999999952e-01,5.415919999999999623e-01,3.098500000000000143e-01,2.941679999999999851e-01,3.388200000000000101e-01,-2.940299999999999858e-02,-5.276929999999999676e-01,7.627429999999999488e-01,5.980339999999999545e-01,5.068989999999999885e-01,1.773530000000000106e-01,3.720160000000000133e-01,1.427199999999999996e-02,-2.162519999999999998e-01,5.532859999999999445e-01,5.599189999999999445e-01,3.189520000000000133e-01,2.824999999999999734e-01,2.993680000000000230e-01,2.839590000000000169e-01,6.432550000000000212e-01,1.336610000000000020e-01,1.241830000000000017e-01,3.963180000000000036e-01,6.017599999999999616e-01,3.379710000000000214e-01,5.606309999999999905e-01,2.092080000000000051e-01,3.753290000000000237e-01,4.021120000000000250e-01,1.448049999999999893e-01,3.554299999999999821e-02,1.493470000000000075e-01,2.752589999999999759e-01,3.781240000000000157e-01,3.210109999999999908e-01,5.269220000000000015e-01,1.866879999999999928e-01,2.885639999999999872e-01,2.977940000000000031e-01,8.877400000000000568e-02,3.856640000000000068e-01,1.554250000000000076e-01,1.411870000000000069e-01,2.453660000000000008e-01,1.347649999999999959e-01,5.726430000000000131e-01,3.191849999999999965e-01
5.670659999999999590e-01,1.350079999999999891e-01,2.093589999999999895e-01,-1.122910000000000019e-01,2.333959999999999924e-01,-2.480000000000000108e-04,2.025440000000000018e-01,4.286000000000000226e-02,2.229599999999999915e-01,3.330029999999999935e-01,1.640419999999999934e-01,2.252830000000000110e-01,2.891529999999999934e-01,3.187260000000000093e-01,1.000000000000000000e+00,6.529629999999999601e-01,3.886189999999999922e-01,4.294959999999999889e-01,1.904200000000000059e-01,6.021849999999999703e-01,7.343619999999999592e-01,7.158619999999999983e-01,1.384400000000000075e-01,2.675600000000000200e-01,2.868910000000000071e-01,2.400809999999999889e-01,1.103920000000000040e-01,4.445939999999999892e-01,7.269769999999999843e-01,6.750950000000000006e-01,7.474159999999999693e-01,6.002859999999999863e-01,3.309099999999999819e-01,3.029890000000000083e-01,9.415099999999999858e-02,1.425430000000000030e-01,1.764989999999999892e-01,2.971719999999999917e-01,5.651779999999999582e-01,1.022770000000000068e-01,4.058410000000000073e-01,2.132149999999999879e-01,1.929750000000000076e-01,2.770130000000000092e-01,3.098020000000000218e-01,6.649059999999999970e-01,1.030729999999999980e-01,1.178929999999999978e-01,3.001699999999999924e-01,1.899800000000000100e-01,9.377900000000000125e-02,5.677499999999999908e-02,1.979609999999999981e-01,1.407760000000000122e-01,3.817550000000000110e-01,-2.202600000000000044e-02,1.652899999999999925e-01,1.034469999999999973e-01,1.840400000000000022e-02,7.888009999999999744e-01,7.258740000000000192e-01,2.674819999999999975e-01,6.352290000000000436e-01,6.519400000000000195e-02,5.134319999999999995e-01,7.537359999999999616e-01,6.939920000000000533e-01,1.551740000000000064e-01,2.297470000000000068e-01,3.457230000000000025e-01,3.097239999999999993e-01,1.516440000000000010e-01,3.699180000000000246e-01,7.163749999999999840e-01,5.374010000000000176e-01,7.572140000000000537e-01
3.385810000000000208e-01,1.561329999999999940e-01,-2.021699999999999886e-02,-3.540999999999999703e-02,1.279589999999999894e-01,-2.383639999999999926e-01,1.548700000000000077e-01,-3.214949999999999752e-01,3.597399999999999903e-02,1.416449999999999931e-01,-1.461000000000000059e-03,-7.218800000000000217e-02,8.966599999999999571e-02,1.241189999999999932e-01,6.529629999999999601e-01,1.000000000000000000e+00,1.571269999999999889e-01,5.441719999999999891e-01,5.344499999999999945e-02,4.880780000000000118e-01,3.702219999999999955e-01,7.239339999999999664e-01,-2.074550000000000005e-01,-8.906300000000000328e-02,3.547980000000000023e-01,-7.276000000000000349e-03,1.654970000000000052e-01,2.791159999999999752e-01,6.779849999999999488e-01,4.724149999999999738e-01,7.164059999999999873e-01,3.544820000000000193e-01,1.851299999999999890e-01,4.536029999999999784e-01,1.696729999999999905e-01,7.341300000000000603e-02,7.704199999999999937e-02,6.994699999999999529e-02,2.804360000000000186e-01,8.158999999999999586e-03,4.210949999999999971e-01,1.195920000000000039e-01,2.446999999999999956e-03,2.076890000000000125e-01,1.674289999999999945e-01,3.910179999999999767e-01,1.038700000000000040e-02,-7.759000000000000272e-03,2.100049999999999972e-01,4.068000000000000088e-02,-2.225330000000000086e-01,1.267359999999999876e-01,-2.266579999999999984e-01,8.144700000000000550e-02,2.006110000000000115e-01,-8.251699999999999313e-02,-1.239999999999999956e-02,-1.075949999999999962e-01,-1.091909999999999964e-01,6.144849999999999479e-01,8.161500000000000421e-01,4.381700000000000178e-02,4.881539999999999768e-01,7.173999999999999821e-03,4.496519999999999961e-01,3.957399999999999807e-01,6.525530000000000497e-01,-2.292530000000000123e-01,4.543900000000000022e-02,2.683949999999999947e-01,-5.319100000000000217e-02,1.330270000000000064e-01,1.629929999999999990e-01,6.271980000000000333e-01,4.055480000000000196e-01,6.631050000000000555e-01
4.606160000000000254e-01,6.514900000000000135e-01,5.151109999999999856e-01,-4.712569999999999815e-01,5.413689999999999891e-01,5.354020000000000445e-01,5.193579999999999863e-01,4.568189999999999751e-01,5.223250000000000393e-01,7.025240000000000373e-01,3.910000000000000142e-01,7.246150000000000091e-01,7.925750000000000295e-01,5.522519999999999651e-01,3.886189999999999922e-01,1.571269999999999889e-01,1.000000000000000000e+00,7.560930000000000151e-01,5.089580000000000215e-01,3.987930000000000086e-01,3.624229999999999952e-01,4.142660000000000231e-01,4.003430000000000044e-01,3.032009999999999983e-01,5.738659999999999872e-01,7.019450000000000411e-01,3.667110000000000092e-01,6.113880000000000425e-01,5.124440000000000106e-01,5.694169999999999510e-01,3.054850000000000065e-01,3.598330000000000140e-01,5.120630000000000459e-01,3.181099999999999900e-02,-4.080940000000000123e-01,4.948199999999999821e-01,2.521189999999999820e-01,6.550249999999999684e-01,2.679779999999999940e-01,4.660480000000000178e-01,1.403469999999999995e-01,-2.632939999999999725e-01,3.504510000000000125e-01,3.945520000000000138e-01,5.036300000000000221e-01,4.077549999999999786e-01,3.913349999999999884e-01,4.330649999999999777e-01,5.121700000000000141e-01,2.085170000000000079e-01,3.599029999999999729e-01,3.140689999999999871e-01,4.858250000000000068e-01,4.793540000000000023e-01,7.492739999999999956e-01,3.775580000000000047e-01,5.213719999999999466e-01,6.497300000000000297e-01,-4.096899999999999847e-02,5.654200000000000198e-02,2.096510000000000040e-01,6.729490000000000194e-01,6.629990000000000050e-01,5.032659999999999911e-01,4.460009999999999808e-01,2.624020000000000241e-01,2.648479999999999723e-01,2.726310000000000122e-01,2.954330000000000012e-01,4.322130000000000138e-01,3.573870000000000102e-01,1.830110000000000070e-01,4.531419999999999892e-01,2.351949999999999874e-01,6.058219999999999716e-01,2.957799999999999874e-01
3.674279999999999768e-01,4.941030000000000144e-01,2.916219999999999923e-01,-2.502499999999999725e-01,3.222999999999999754e-01,4.059289999999999843e-01,3.313070000000000181e-01,1.967780000000000085e-01,2.925869999999999860e-01,5.529549999999999743e-01,1.709960000000000091e-01,5.206549999999999789e-01,6.029339999999999700e-01,3.456659999999999733e-01,4.294959999999999889e-01,5.441719999999999891e-01,7.560930000000000151e-01,1.000000000000000000e+00,3.146479999999999833e-01,3.882579999999999920e-01,3.669229999999999992e-01,4.775579999999999825e-01,2.002710000000000046e-01,2.133470000000000089e-01,4.824840000000000240e-01,4.620179999999999843e-01,3.368929999999999980e-01,5.608830000000000204e-01,6.197979999999999601e-01,4.867619999999999725e-01,5.082860000000000156e-01,3.900520000000000098e-01,4.221010000000000040e-01,1.611370000000000025e-01,-1.421600000000000086e-01,2.959089999999999776e-01,8.555000000000000104e-02,4.561560000000000059e-01,2.814010000000000122e-01,3.081189999999999762e-01,2.200519999999999976e-01,-1.870739999999999903e-01,1.329089999999999994e-01,2.105160000000000087e-01,4.374120000000000230e-01,3.219170000000000087e-01,2.887919999999999932e-01,2.477119999999999878e-01,3.211620000000000030e-01,2.003179999999999961e-01,2.478619999999999990e-01,2.541539999999999910e-01,2.085930000000000006e-01,3.600740000000000052e-01,5.859429999999999916e-01,2.355720000000000036e-01,3.757699999999999929e-01,4.780780000000000030e-01,2.324599999999999930e-02,2.320210000000000050e-01,4.119610000000000216e-01,6.025340000000000140e-01,6.474029999999999507e-01,3.655320000000000236e-01,3.646010000000000084e-01,2.956230000000000246e-01,3.018830000000000124e-01,9.277399999999999536e-02,2.678749999999999742e-01,3.037759999999999905e-01,2.431740000000000013e-01,1.288040000000000018e-01,4.662930000000000130e-01,4.078160000000000118e-01,5.496240000000000014e-01,4.230329999999999924e-01
4.585980000000000056e-01,5.924230000000000329e-01,7.677680000000000060e-01,-4.667899999999999827e-01,6.777170000000000138e-01,3.740319999999999756e-01,4.556200000000000250e-01,3.762380000000000169e-01,7.878870000000000040e-01,5.702249999999999819e-01,7.865060000000000384e-01,5.099460000000000104e-01,5.974159999999999471e-01,4.817560000000000175e-01,1.904200000000000059e-01,5.344499999999999945e-02,5.089580000000000215e-01,3.146479999999999833e-01,1.000000000000000000e+00,4.553180000000000005e-01,1.524500000000000022e-01,3.193289999999999740e-01,2.884099999999999997e-01,2.714269999999999738e-01,5.320759999999999934e-01,4.966639999999999944e-01,5.848750000000000338e-01,4.303179999999999783e-01,3.093339999999999979e-01,3.883090000000000153e-01,1.488539999999999863e-01,1.999529999999999919e-01,2.879659999999999997e-01,4.023199999999999693e-02,-4.717049999999999854e-01,5.189300000000000024e-01,3.112699999999999911e-01,4.976650000000000240e-01,8.299499999999999933e-02,4.115139999999999909e-01,1.302919999999999912e-01,-2.744770000000000265e-01,4.339529999999999776e-01,4.468509999999999982e-01,5.590840000000000254e-01,3.520670000000000188e-01,3.758050000000000002e-01,7.432389999999999830e-01,4.141340000000000021e-01,5.111869999999999470e-01,1.928429999999999866e-01,5.761709999999999887e-01,3.877419999999999756e-01,7.473950000000000315e-01,6.159529999999999728e-01,6.234730000000000549e-01,5.310709999999999598e-01,4.106920000000000015e-01,4.016999999999999738e-03,-5.278399999999999759e-02,6.056500000000000078e-02,4.063760000000000150e-01,3.033179999999999765e-01,8.170709999999999917e-01,3.728509999999999880e-01,4.006799999999999945e-02,1.815420000000000089e-01,2.064259999999999984e-01,4.044949999999999934e-01,4.214359999999999773e-01,2.068220000000000058e-01,3.853340000000000098e-01,2.906759999999999899e-01,6.152999999999999615e-03,5.036549999999999638e-01,1.328959999999999864e-01
5.372999999999999998e-01,3.419240000000000057e-01,4.296429999999999971e-01,-2.605359999999999898e-01,4.300169999999999826e-01,1.459519999999999984e-01,3.386239999999999806e-01,1.401799999999999990e-01,5.112550000000000150e-01,5.030029999999999779e-01,3.896009999999999751e-01,3.574590000000000267e-01,4.779930000000000012e-01,3.749449999999999728e-01,6.021849999999999703e-01,4.880780000000000118e-01,3.987930000000000086e-01,3.882579999999999920e-01,4.553180000000000005e-01,1.000000000000000000e+00,4.472340000000000204e-01,8.393350000000000533e-01,1.198580000000000062e-01,3.102269999999999750e-01,4.616879999999999873e-01,3.255990000000000273e-01,3.611230000000000273e-01,5.516199999999999992e-01,6.051410000000000400e-01,6.775999999999999801e-01,6.268460000000000143e-01,3.479090000000000238e-01,2.435620000000000007e-01,2.694679999999999853e-01,-2.479250000000000065e-01,3.854130000000000056e-01,3.524840000000000195e-01,4.487909999999999955e-01,2.773990000000000067e-01,2.748680000000000012e-01,3.417459999999999942e-01,-1.097930000000000017e-01,3.478189999999999893e-01,4.675849999999999729e-01,5.719199999999999839e-01,5.377739999999999743e-01,2.279140000000000055e-01,3.836200000000000165e-01,3.988829999999999876e-01,2.893410000000000148e-01,1.577409999999999923e-01,3.150450000000000195e-01,2.846699999999999786e-01,4.520460000000000034e-01,5.839659999999999851e-01,2.476420000000000010e-01,4.402139999999999942e-01,2.849570000000000158e-01,4.019699999999999662e-02,4.197460000000000080e-01,6.314910000000000245e-01,2.329789999999999917e-01,5.688469999999999915e-01,3.309409999999999852e-01,7.496990000000000043e-01,4.303969999999999740e-01,6.614520000000000399e-01,1.054999999999999966e-01,4.869820000000000260e-01,4.639220000000000010e-01,2.832919999999999883e-01,3.195149999999999935e-01,3.976970000000000227e-01,5.231519999999999504e-01,6.488589999999999636e-01,6.268310000000000271e-01
