1.000000000000000000e+00,3.878960000000000186e-01,1.546250000000000124e-01,-5.973000000000000011e-03,-4.789899999999999713e-02,4.209660000000000069e-01,-1.384269999999999945e-01,1.247700000000000059e-01,7.291699999999999571e-02,1.945799999999999960e-02,1.589270000000000127e-01,1.805239999999999900e-01,4.831070000000000086e-01,6.682000000000000439e-02,3.213929999999999843e-01,5.561570000000000125e-01,2.785110000000000086e-01,2.720819999999999905e-01,2.468370000000000009e-01,4.406669999999999754e-01,5.872829999999999995e-01,3.833960000000000146e-01,4.269399999999999862e-01,5.376360000000000028e-01,6.952139999999999986e-01,7.508139999999999814e-01,1.898970000000000102e-01,3.893420000000000214e-01,5.348260000000000236e-01,3.834759999999999835e-01,5.969079999999999941e-01,2.957440000000000069e-01,-1.399100000000000066e-01,8.085799999999999932e-02,4.870000000000000197e-04,-6.753999999999999587e-03,1.057899999999999952e-01,-1.274599999999999900e-01,3.090289999999999981e-01,-1.552270000000000039e-01,5.395320000000000116e-01,-5.883300000000000335e-02,-4.300799999999999762e-02,3.474999999999999756e-01,9.969500000000000584e-02,5.992169999999999996e-01,5.238009999999999611e-01,1.247739999999999960e-01,3.141399999999999748e-01,7.731300000000000672e-02,1.367750000000000077e-01,-1.793710000000000027e-01,2.469500000000000028e-01,-1.760000000000000106e-02,1.471089999999999898e-01,-1.460390000000000021e-01,1.133040000000000019e-01,3.196760000000000157e-01,2.594150000000000067e-01,3.273340000000000138e-01,4.787609999999999921e-01,9.466299999999999715e-02,3.548290000000000055e-01,1.925929999999999864e-01,4.870410000000000017e-01,6.721139999999999892e-01,4.946760000000000046e-01,4.110739999999999950e-01,3.683020000000000183e-01,6.115150000000000308e-01,5.942950000000000177e-01,3.080720000000000125e-01,2.689429999999999876e-01,4.631739999999999746e-01,1.645969999999999933e-01,8.120690000000000408e-01
3.878960000000000186e-01,1.000000000000000000e+00,3.346939999999999915e-01,3.151059999999999972e-01,2.585310000000000108e-01,7.167350000000000110e-01,2.528270000000000239e-01,3.880160000000000275e-01,1.571289999999999909e-01,4.748029999999999751e-01,2.891320000000000001e-01,5.210569999999999924e-01,6.623339999999999783e-01,-8.910099999999999965e-02,4.201869999999999772e-01,4.512349999999999972e-01,3.717759999999999954e-01,5.869529999999999470e-01,4.040610000000000035e-01,5.044180000000000330e-01,5.249300000000000077e-01,6.717729999999999535e-01,5.032370000000000454e-01,4.644090000000000162e-01,6.676640000000000352e-01,6.742219999999999880e-01,5.558680000000000287e-01,4.629590000000000094e-01,5.847430000000000128e-01,3.879179999999999851e-01,3.905449999999999755e-01,2.838720000000000132e-01,1.316980000000000095e-01,4.724099999999999827e-02,-5.022090000000000165e-01,6.227289999999999770e-01,2.785309999999999730e-01,1.724640000000000062e-01,2.669880000000000031e-01,7.738499999999999546e-02,1.618930000000000091e-01,-5.283769999999999856e-01,5.112889999999999935e-01,4.508299999999999808e-02,4.749840000000000173e-01,2.891179999999999861e-01,7.900390000000000468e-01,4.256309999999999816e-01,1.773639999999999939e-01,3.883909999999999862e-01,5.216229999999999478e-01,-1.437699999999999916e-02,4.961940000000000239e-01,2.985600000000000059e-02,4.969430000000000236e-01,6.957699999999999996e-02,2.766049999999999898e-01,3.059160000000000212e-01,1.462739999999999874e-01,2.955349999999999921e-01,5.362440000000000540e-01,-4.277999999999999858e-02,3.077320000000000055e-01,4.501930000000000098e-01,3.723339999999999983e-01,4.166440000000000143e-01,5.395360000000000156e-01,3.509129999999999749e-01,4.423009999999999997e-01,5.063269999999999715e-01,4.875269999999999881e-01,5.135939999999999950e-01,2.538529999999999953e-01,3.266530000000000267e-01,3.104290000000000105e-01,3.886809999999999987e-01
1.546250000000000124e-01,3.346939999999999915e-01,1.000000000000000000e+00,1.553289999999999949e-01,4.749479999999999813e-01,4.959089999999999887e-01,9.783600000000000629e-02,4.642789999999999973e-01,7.276519999999999655e-01,5.139900000000000024e-02,8.471969999999999779e-01,2.057569999999999955e-01,3.852400000000000269e-01,-3.950200000000000239e-02,5.110700000000000243e-01,1.505809999999999926e-01,-7.762999999999999935e-03,4.301800000000000068e-02,7.848709999999999853e-01,5.493019999999999570e-01,4.116619999999999724e-01,4.011460000000000026e-01,5.538370000000000237e-01,1.534919999999999896e-01,2.807200000000000251e-01,3.681099999999999928e-01,3.260939999999999950e-01,5.041590000000000238e-01,4.133319999999999772e-01,3.080579999999999985e-01,7.043800000000000061e-02,-3.031949999999999923e-01,4.212199999999999972e-02,-2.234780000000000100e-01,-1.889339999999999908e-01,2.597119999999999984e-01,6.102999999999999918e-03,-9.374799999999999800e-02,-3.002360000000000029e-01,-2.151830000000000132e-01,-8.925900000000000500e-02,-1.292109999999999925e-01,1.983709999999999918e-01,-1.057130000000000014e-01,-3.400000000000000244e-04,8.492399999999999949e-02,2.589159999999999795e-01,9.112029999999999852e-01,2.686859999999999804e-01,5.768780000000000019e-01,3.275680000000000258e-01,2.688600000000000018e-02,2.871779999999999888e-01,6.351329999999999476e-01,-3.096300000000000094e-02,4.591000000000000081e-01,-1.170800000000000035e-01,3.586600000000000205e-02,7.730599999999999972e-02,3.672429999999999861e-01,1.851109999999999978e-01,-7.312899999999999956e-02,-1.191849999999999993e-01,5.833049999999999624e-01,5.158519999999999772e-01,1.362009999999999887e-01,3.818429999999999880e-01,2.524159999999999737e-01,-1.702199999999999894e-02,8.994399999999999618e-02,9.772899999999999643e-02,3.381520000000000081e-01,3.692409999999999859e-01,2.341530000000000000e-01,2.830790000000000251e-01,1.755579999999999918e-01
-5.973000000000000011e-03,3.151059999999999972e-01,1.553289999999999949e-01,1.000000000000000000e+00,4.977920000000000122e-01,1.979049999999999976e-01,5.643599999999999728e-01,4.973999999999999949e-02,2.709320000000000062e-01,3.418410000000000060e-01,2.091330000000000133e-01,2.892279999999999851e-01,4.014420000000000210e-01,-1.179909999999999987e-01,1.973489999999999966e-01,1.979190000000000116e-01,2.384599999999999914e-02,1.800259999999999916e-01,1.304879999999999929e-01,9.506799999999999973e-02,2.415360000000000007e-01,2.225169999999999926e-01,1.325030000000000097e-01,3.002179999999999849e-01,2.636479999999999935e-01,2.874419999999999753e-01,3.039529999999999732e-01,6.002950000000000230e-01,2.685299999999999909e-01,2.187709999999999932e-01,1.112820000000000059e-01,3.414199999999999874e-02,-1.443979999999999986e-01,7.546700000000000630e-02,-7.864300000000000457e-02,3.910839999999999872e-01,7.574330000000000229e-01,2.627120000000000011e-01,1.929600000000000065e-02,-6.033899999999999680e-02,9.277299999999999436e-02,-7.056500000000000272e-02,6.294710000000000027e-01,2.756629999999999914e-01,5.125750000000000028e-01,2.931299999999999878e-02,1.962009999999999865e-01,1.787489999999999912e-01,3.136430000000000051e-01,5.908480000000000398e-01,9.839000000000000523e-03,5.014579999999999593e-01,-6.292300000000000670e-02,2.166389999999999982e-01,3.494110000000000271e-01,2.675609999999999933e-01,2.407640000000000058e-01,2.055200000000000082e-01,-6.116800000000000015e-02,2.607010000000000161e-01,2.606780000000000208e-01,-1.855870000000000020e-01,-5.373200000000000198e-02,1.307969999999999966e-01,6.753900000000000181e-02,1.140980000000000050e-01,1.740059999999999940e-01,-5.926599999999999924e-02,2.932919999999999972e-01,5.970999999999999919e-02,1.955230000000000024e-01,1.017099999999999949e-02,2.665390000000000259e-01,-4.531000000000000305e-02,2.125890000000000002e-01,8.966399999999999371e-02
-4.789899999999999713e-02,2.585310000000000108e-01,4.749479999999999813e-01,4.977920000000000122e-01,1.000000000000000000e+00,1.735250000000000126e-01,7.229069999999999663e-01,-7.707700000000000662e-02,6.748220000000000329e-01,2.990289999999999893e-01,4.526430000000000176e-01,3.321160000000000223e-01,3.369889999999999830e-01,1.025749999999999995e-01,4.202339999999999964e-01,3.342300000000000132e-02,1.733210000000000028e-01,2.917370000000000241e-01,3.000340000000000229e-01,4.273100000000000231e-01,2.716770000000000018e-01,4.117839999999999834e-01,-1.569999999999999868e-02,6.669100000000000028e-02,4.108400000000000246e-02,7.261900000000000299e-02,4.626959999999999962e-01,4.909339999999999815e-01,4.813990000000000213e-01,4.529279999999999973e-01,2.446859999999999868e-01,-2.001139999999999863e-01,3.236390000000000100e-01,-2.345299999999999885e-01,-1.992130000000000012e-01,4.702959999999999918e-01,3.367240000000000233e-01,5.902199999999999808e-02,-3.225649999999999906e-01,-1.227769999999999972e-01,-1.332389999999999963e-01,-1.301339999999999997e-01,5.338110000000000355e-01,4.884000000000000147e-02,2.474399999999999933e-01,-1.353310000000000068e-01,1.052120000000000000e-01,4.427550000000000097e-01,1.385499999999999926e-02,6.801319999999999588e-01,-2.752900000000000139e-02,5.570079999999999476e-01,-1.136080000000000007e-01,5.602380000000000138e-01,1.458649999999999947e-01,3.837789999999999813e-01,-2.292649999999999966e-01,-1.103499999999999967e-02,2.847000000000000138e-03,1.126299999999999940e-01,1.740549999999999875e-01,7.137799999999999701e-02,4.723999999999999901e-03,1.534590000000000121e-01,2.339239999999999930e-01,-8.836199999999999610e-02,1.785470000000000113e-01,-2.117020000000000013e-01,-3.456999999999999656e-02,-1.093400000000000066e-01,-1.885779999999999956e-01,2.392140000000000100e-01,3.039589999999999792e-01,6.023799999999999988e-02,3.876629999999999798e-01,7.706399999999999362e-02
4.209660000000000069e-01,7.167350000000000110e-01,4.959089999999999887e-01,1.979049999999999976e-01,1.735250000000000126e-01,1.000000000000000000e+00,9.115499999999999992e-02,5.634730000000000016e-01,2.579270000000000174e-01,1.127169999999999978e-01,3.870460000000000012e-01,4.780590000000000117e-01,7.493260000000000476e-01,-1.261390000000000011e-01,3.334590000000000054e-01,4.087580000000000102e-01,1.805819999999999925e-01,3.314739999999999909e-01,4.655449999999999866e-01,3.127809999999999757e-01,4.040139999999999842e-01,3.032659999999999800e-01,7.401720000000000521e-01,5.197100000000000053e-01,5.983739999999999615e-01,7.061570000000000347e-01,2.003900000000000126e-01,4.297389999999999821e-01,5.291460000000000052e-01,2.323350000000000137e-01,9.434700000000000031e-02,1.836150000000000004e-01,-1.289000000000000042e-02,-6.427900000000000280e-02,-1.161179999999999990e-01,2.732669999999999821e-01,1.858480000000000132e-01,-1.722609999999999975e-01,1.340989999999999960e-01,-2.501260000000000150e-01,2.463200000000000112e-01,-2.100920000000000010e-01,1.670040000000000135e-01,1.996759999999999924e-01,9.904399999999999316e-02,5.288700000000000345e-02,5.855409999999999782e-01,4.221480000000000232e-01,3.455139999999999878e-01,2.788010000000000210e-01,6.006369999999999765e-01,-2.134179999999999966e-01,6.102830000000000199e-01,1.427039999999999975e-01,1.327929999999999944e-01,3.651700000000000085e-02,5.979199999999999793e-02,1.798859999999999904e-01,1.677619999999999945e-01,1.393739999999999979e-01,2.142080000000000095e-01,-2.999829999999999997e-01,7.100299999999999667e-02,4.195659999999999945e-01,2.969800000000000217e-01,2.747080000000000077e-01,2.860869999999999802e-01,4.334580000000000100e-01,2.293630000000000113e-01,4.115030000000000077e-01,3.622799999999999909e-01,2.298000000000000043e-01,9.114800000000000679e-02,1.900670000000000137e-01,6.915599999999999525e-02,3.463260000000000227e-01
-1.384269999999999945e-01,2.528270000000000239e-01,9.783600000000000629e-02,5.643599999999999728e-01,7.229069999999999663e-01,9.115499999999999992e-02,1.000000000000000000e+00,-5.604100000000000054e-02,3.823590000000000044e-01,3.130749999999999922e-01,5.897899999999999671e-02,2.503879999999999995e-01,1.812580000000000024e-01,2.034410000000000107e-01,-3.700999999999999863e-03,-1.045220000000000038e-01,1.436630000000000129e-01,2.808030000000000248e-01,1.573499999999999899e-02,3.892199999999999827e-02,1.440150000000000041e-01,1.238999999999999962e-01,-1.062929999999999986e-01,-1.174700000000000050e-02,1.240699999999999963e-02,5.161299999999999916e-02,3.994300000000000073e-01,1.788180000000000047e-01,1.941549999999999943e-01,2.529129999999999989e-01,8.747499999999999720e-02,1.712770000000000126e-01,4.028370000000000006e-01,-3.399599999999999844e-02,-1.301140000000000074e-01,3.917869999999999964e-01,3.622739999999999849e-01,1.444100000000000106e-01,-2.903199999999999878e-02,1.518329999999999957e-01,-4.276800000000000046e-02,3.396000000000000147e-03,5.977749999999999453e-01,1.624349999999999961e-01,2.505410000000000137e-01,-2.671549999999999758e-01,1.998000000000000123e-02,1.409179999999999877e-01,-7.202699999999999381e-02,4.560139999999999749e-01,-3.993100000000000122e-02,5.151769999999999960e-01,2.696799999999999892e-02,2.966599999999999793e-01,1.931690000000000074e-01,5.095439999999999969e-01,-2.513920000000000043e-01,-1.271970000000000045e-01,-6.995000000000000349e-03,-2.474639999999999895e-01,-1.075199999999999941e-02,-6.030100000000000043e-02,-1.205490000000000034e-01,7.218600000000000017e-02,-2.431750000000000023e-01,-1.980409999999999948e-01,-1.712460000000000093e-01,-1.910860000000000058e-01,-6.500699999999999534e-02,-1.211720000000000019e-01,-1.855060000000000042e-01,1.247749999999999970e-01,-6.490700000000000636e-02,-2.531419999999999781e-01,2.215509999999999979e-01,-1.925379999999999869e-01
1.247700000000000059e-01,3.880160000000000275e-01,4.642789999999999973e-01,4.973999999999999949e-02,-7.707700000000000662e-02,5.634730000000000016e-01,-5.604100000000000054e-02,1.000000000000000000e+00,8.665200000000000680e-02,1.534989999999999966e-01,3.337319999999999731e-01,2.314130000000000076e-01,2.942540000000000155e-01,-4.346400000000000263e-02,1.388979999999999937e-01,-9.897100000000000342e-02,-3.748800000000000049e-02,-1.416810000000000014e-01,4.176489999999999925e-01,5.998300000000000159e-02,4.145360000000000156e-01,2.017299999999999996e-02,7.043840000000000101e-01,3.460449999999999915e-01,2.886090000000000044e-01,4.016629999999999923e-01,1.542800000000000074e-02,2.771359999999999935e-01,2.563100000000000100e-02,7.322299999999999642e-02,-2.081099999999999964e-02,1.792070000000000052e-01,6.180399999999999783e-02,3.114129999999999954e-01,-1.533130000000000048e-01,1.725740000000000052e-01,-8.490000000000000324e-02,1.032720000000000027e-01,1.204920000000000019e-01,1.340570000000000095e-01,2.546229999999999882e-01,-5.022000000000000422e-03,6.952800000000000646e-02,-2.098240000000000105e-01,2.429399999999999962e-02,1.322589999999999877e-01,2.506590000000000207e-01,5.023349999999999760e-01,1.401930000000000121e-01,2.469300000000000106e-01,5.809140000000000414e-01,-2.112900000000000056e-01,8.057630000000000070e-01,1.262000000000000066e-01,1.299029999999999907e-01,2.302700000000000025e-01,1.417380000000000029e-01,5.080799999999999900e-02,7.636600000000000332e-02,1.020910000000000012e-01,-3.129500000000000337e-02,-7.953899999999999859e-02,-2.623460000000000236e-01,5.476029999999999509e-01,3.053799999999999917e-02,2.566390000000000060e-01,4.031599999999999767e-02,5.308910000000000018e-01,2.328129999999999922e-01,2.076639999999999875e-01,3.462060000000000137e-01,1.935060000000000113e-01,1.377019999999999911e-01,7.825799999999999423e-02,1.378550000000000053e-01,-1.676400000000000112e-02
7.291699999999999571e-02,1.571289999999999909e-01,7.276519999999999655e-01,2.709320000000000062e-01,6.748220000000000329e-01,2.579270000000000174e-01,3.823590000000000044e-01,8.665200000000000680e-02,1.000000000000000000e+00,9.443200000000000205e-02,6.129609999999999781e-01,1.528809999999999891e-01,2.566700000000000093e-01,1.516299999999999940e-02,3.166490000000000138e-01,2.056060000000000110e-01,1.585360000000000102e-01,2.132570000000000021e-01,4.849200000000000177e-01,4.564440000000000164e-01,3.294869999999999743e-01,3.793369999999999798e-01,1.787100000000000077e-01,4.491200000000000053e-02,1.492809999999999970e-01,2.065849999999999909e-01,4.118859999999999744e-01,3.665249999999999897e-01,4.171889999999999765e-01,3.367220000000000213e-01,1.579059999999999908e-01,-2.309019999999999961e-01,1.343699999999999894e-01,-2.677709999999999813e-01,-1.621360000000000023e-01,2.561169999999999836e-01,1.416149999999999909e-01,-3.048800000000000121e-02,-2.403530000000000111e-01,-1.387609999999999955e-01,-1.798039999999999916e-01,-1.305179999999999951e-01,3.616460000000000230e-01,-6.274599999999999622e-02,8.159800000000000386e-02,4.130299999999999944e-02,9.520900000000000196e-02,6.390400000000000524e-01,1.156569999999999959e-01,6.089949999999999530e-01,8.368100000000000538e-02,2.485179999999999889e-01,-2.760599999999999860e-02,8.231629999999999781e-01,-7.344999999999999966e-03,5.168859999999999566e-01,-2.169639999999999902e-01,-1.618299999999999947e-02,4.221699999999999758e-02,1.661569999999999991e-01,2.609980000000000078e-01,6.520800000000000207e-02,-3.304000000000000079e-03,3.217189999999999772e-01,3.761439999999999784e-01,5.527399999999999675e-02,2.824429999999999996e-01,-2.823300000000000115e-02,-6.975099999999999356e-02,2.563800000000000107e-02,-3.720600000000000296e-02,3.377249999999999974e-01,1.816480000000000039e-01,1.562439999999999940e-01,2.366199999999999970e-01,1.138760000000000050e-01
1.945799999999999960e-02,4.748029999999999751e-01,5.139900000000000024e-02,3.418410000000000060e-01,2.990289999999999893e-01,1.127169999999999978e-01,3.130749999999999922e-01,1.534989999999999966e-01,9.443200000000000205e-02,1.000000000000000000e+00,-2.330600000000000033e-02,7.275199999999999445e-01,2.440130000000000077e-01,-1.079429999999999973e-01,3.836900000000000033e-02,-7.179399999999999671e-02,6.806109999999999660e-01,4.372159999999999935e-01,1.491329999999999878e-01,1.486590000000000134e-01,2.618539999999999757e-01,4.421390000000000042e-01,-5.875000000000000014e-03,5.752089999999999703e-01,2.631000000000000005e-01,3.063779999999999837e-01,1.943890000000000062e-01,2.812490000000000268e-01,3.216200000000000309e-02,4.090920000000000112e-01,5.316950000000000287e-01,2.755110000000000059e-01,3.676559999999999828e-01,2.998219999999999774e-01,-6.777269999999999683e-01,7.736119999999999663e-01,4.010190000000000143e-01,8.058499999999999552e-01,2.327089999999999992e-01,4.378049999999999997e-01,3.986599999999999866e-02,-6.361499999999999932e-01,5.639950000000000241e-01,-1.607609999999999872e-01,8.325190000000000090e-01,2.693289999999999851e-01,1.869109999999999938e-01,1.332059999999999911e-01,-4.042580000000000062e-01,3.072469999999999923e-01,1.075929999999999942e-01,1.818980000000000041e-01,9.748900000000000621e-02,1.623070000000000068e-01,8.902109999999999745e-01,5.334099999999999953e-02,5.874040000000000372e-01,3.981419999999999959e-01,-7.448499999999999566e-02,1.137139999999999956e-01,2.927219999999999822e-01,4.758209999999999940e-01,2.434119999999999895e-01,1.606519999999999893e-01,2.896800000000000069e-02,2.024700000000000111e-01,2.605109999999999926e-01,-1.187799999999999967e-02,6.846229999999999816e-01,2.348169999999999980e-01,3.631960000000000188e-01,2.200950000000000129e-01,2.744699999999999918e-01,5.500900000000000234e-02,4.113280000000000269e-01,1.085549999999999987e-01
1.589270000000000127e-01,2.891320000000000001e-01,8.471969999999999779e-01,2.091330000000000133e-01,4.526430000000000176e-01,3.870460000000000012e-01,5.897899999999999671e-02,3.337319999999999731e-01,6.129609999999999781e-01,-2.330600000000000033e-02,1.000000000000000000e+00,2.179240000000000066e-01,4.722669999999999924e-01,7.551599999999999979e-02,5.909419999999999673e-01,2.134820000000000051e-01,-1.352049999999999919e-01,-8.286999999999999228e-03,8.127980000000000205e-01,5.374820000000000153e-01,3.510480000000000267e-01,3.794980000000000020e-01,3.976109999999999922e-01,1.485249999999999904e-01,3.450070000000000081e-01,3.549399999999999777e-01,2.997340000000000004e-01,5.805240000000000400e-01,4.716940000000000022e-01,8.215699999999999392e-02,6.809999999999999647e-04,-3.974360000000000115e-01,-1.585350000000000092e-01,-2.582510000000000083e-01,-1.050930000000000059e-01,1.584889999999999910e-01,-2.295200000000000018e-02,-1.617619999999999891e-01,-4.152770000000000072e-01,-4.128760000000000208e-01,-1.935999999999999874e-02,-4.255899999999999961e-02,1.937109999999999943e-01,7.456200000000000327e-02,4.578600000000000031e-02,5.168799999999999784e-02,2.825909999999999811e-01,8.318600000000000438e-01,5.086800000000000210e-01,5.771380000000000399e-01,1.536790000000000100e-01,1.291760000000000130e-01,9.658500000000000418e-02,5.500279999999999614e-01,-5.396200000000000302e-02,5.531430000000000513e-01,-8.966899999999999871e-02,1.203990000000000060e-01,2.910010000000000097e-01,4.400549999999999740e-01,2.945099999999999940e-01,-1.177829999999999988e-01,-1.321579999999999977e-01,6.784860000000000335e-01,5.465219999999999523e-01,1.400579999999999881e-01,4.465850000000000097e-01,1.143939999999999957e-01,-1.654100000000000015e-02,6.665200000000000291e-02,5.921400000000000274e-02,3.419809999999999794e-01,4.598180000000000045e-01,3.093170000000000086e-01,9.155800000000000050e-02,2.651519999999999988e-01
1.805239999999999900e-01,5.210569999999999924e-01,2.057569999999999955e-01,2.892279999999999851e-01,3.321160000000000223e-01,4.780590000000000117e-01,2.503879999999999995e-01,2.314130000000000076e-01,1.528809999999999891e-01,7.275199999999999445e-01,2.179240000000000066e-01,1.000000000000000000e+00,5.526640000000000441e-01,-1.150130000000000041e-01,2.005290000000000128e-01,2.860100000000000142e-02,5.297990000000000199e-01,4.056230000000000113e-01,2.800420000000000131e-01,1.944780000000000120e-01,1.927719999999999989e-01,3.154980000000000007e-01,1.729700000000000126e-01,7.486709999999999754e-01,3.474349999999999938e-01,4.767950000000000244e-01,-3.505699999999999789e-02,3.845779999999999754e-01,1.937949999999999950e-01,2.108009999999999884e-01,2.447999999999999898e-01,2.500640000000000085e-01,2.749059999999999837e-01,2.226600000000000107e-02,-3.947479999999999878e-01,6.719289999999999985e-01,2.931869999999999754e-01,3.474450000000000038e-01,9.072099999999999609e-02,-8.295399999999999996e-02,1.641700000000000104e-01,-5.137490000000000112e-01,4.367869999999999808e-01,1.414009999999999989e-01,5.972319999999999851e-01,-8.040400000000000325e-02,1.889160000000000006e-01,1.727970000000000061e-01,-8.610700000000000298e-02,2.185179999999999900e-01,1.057669999999999999e-01,-6.084300000000000125e-02,2.057170000000000110e-01,1.264379999999999948e-01,6.110710000000000308e-01,7.143700000000000050e-02,3.260859999999999870e-01,3.211120000000000085e-01,9.854699999999999571e-02,-2.805099999999999955e-02,1.166770000000000029e-01,6.986499999999999655e-02,3.785199999999999676e-02,3.047440000000000149e-01,6.373399999999999899e-02,4.425799999999999873e-02,1.490640000000000021e-01,-7.494299999999999573e-02,5.053760000000000474e-01,1.316070000000000018e-01,1.734080000000000066e-01,5.847900000000000320e-02,1.740500000000000103e-01,-8.536299999999999444e-02,7.391100000000000447e-02,1.685969999999999969e-01
4.831070000000000086e-01,6.623339999999999783e-01,3.852400000000000269e-01,4.014420000000000210e-01,3.369889999999999830e-01,7.493260000000000476e-01,1.812580000000000024e-01,2.942540000000000155e-01,2.566700000000000093e-01,2.440130000000000077e-01,4.722669999999999924e-01,5.526640000000000441e-01,1.000000000000000000e+00,-5.520699999999999913e-02,4.061119999999999730e-01,5.419969999999999510e-01,3.168420000000000125e-01,4.556760000000000255e-01,5.262780000000000236e-01,4.079039999999999888e-01,3.274050000000000016e-01,4.404839999999999867e-01,4.630750000000000144e-01,5.886540000000000106e-01,6.519470000000000542e-01,7.226650000000000018e-01,1.424580000000000013e-01,6.742489999999999872e-01,5.734259999999999913e-01,2.619659999999999767e-01,2.527190000000000270e-01,1.868099999999999969e-02,-2.028679999999999928e-01,-1.784890000000000088e-01,-1.751010000000000066e-01,3.161979999999999791e-01,4.055650000000000088e-01,-7.692200000000000426e-02,-1.855300000000000005e-02,-3.903409999999999935e-01,2.240630000000000122e-01,-3.187610000000000166e-01,2.839499999999999802e-01,4.482430000000000025e-01,3.129440000000000000e-01,1.472229999999999928e-01,5.995239999999999458e-01,3.793980000000000130e-01,3.951700000000000212e-01,4.012780000000000236e-01,3.117759999999999976e-01,1.445569999999999911e-01,2.673889999999999878e-01,1.931769999999999876e-01,3.471739999999999826e-01,1.184710000000000069e-01,2.109570000000000056e-01,5.608239999999999892e-01,2.761370000000000213e-01,3.530469999999999997e-01,4.363199999999999856e-01,-1.665600000000000136e-01,2.466279999999999861e-01,3.949730000000000185e-01,4.455839999999999801e-01,3.214839999999999920e-01,4.917659999999999809e-01,1.735279999999999878e-01,3.901760000000000228e-01,4.526029999999999776e-01,4.295869999999999966e-01,1.829250000000000043e-01,3.782739999999999991e-01,3.006759999999999988e-01,1.808909999999999962e-01,5.319329999999999892e-01
6.682000000000000439e-02,-8.910099999999999965e-02,-3.950200000000000239e-02,-1.179909999999999987e-01,1.025749999999999995e-01,-1.261390000000000011e-01,2.034410000000000107e-01,-4.346400000000000263e-02,1.516299999999999940e-02,-1.079429999999999973e-01,7.551599999999999979e-02,-1.150130000000000041e-01,-5.520699999999999913e-02,1.000000000000000000e+00,-5.445799999999999946e-02,-2.145289999999999975e-01,-1.131670000000000037e-01,-1.885499999999999954e-01,6.905100000000000127e-02,-1.113109999999999933e-01,6.989499999999999880e-02,-1.283289999999999986e-01,-2.589199999999999835e-02,-7.299300000000000233e-02,-2.098600000000000118e-02,3.564799999999999913e-02,-3.451599999999999807e-02,-1.224549999999999944e-01,-1.145919999999999994e-01,-4.832600000000000090e-02,-1.855300000000000005e-02,-2.194270000000000109e-01,1.472940000000000083e-01,-1.341400000000000058e-02,1.681910000000000072e-01,-2.918600000000000083e-01,-2.622849999999999904e-01,3.886300000000000171e-02,-3.348430000000000017e-01,1.299740000000000062e-01,6.539000000000000368e-02,2.676629999999999843e-01,-1.174240000000000006e-01,2.927270000000000150e-01,-2.393899999999999847e-02,1.945799999999999960e-02,2.698199999999999904e-02,-1.879600000000000021e-02,1.524040000000000117e-01,-2.150399999999999881e-02,-1.099400000000000030e-02,2.118919999999999970e-01,-2.737200000000000050e-02,6.871399999999999730e-02,-6.968000000000000582e-02,3.360690000000000066e-01,-1.423300000000000121e-01,3.378699999999999759e-02,6.653670000000000417e-01,-2.844500000000000153e-02,-5.496899999999999703e-02,2.727699999999999916e-02,3.867000000000000211e-03,-2.046600000000000155e-02,-6.752700000000000369e-02,4.224100000000000077e-02,-5.811800000000000299e-02,3.194099999999999717e-02,-5.834099999999999703e-02,1.082600000000000055e-02,-2.799499999999999905e-02,2.694500000000000020e-02,6.442299999999999416e-02,2.326800000000000049e-02,1.522650000000000114e-01,1.277999999999999969e-01
3.213929999999999843e-01,4.201869999999999772e-01,5.110700000000000243e-01,1.973489999999999966e-01,4.202339999999999964e-01,3.334590000000000054e-01,-3.700999999999999863e-03,1.388979999999999937e-01,3.166490000000000138e-01,3.836900000000000033e-02,5.909419999999999673e-01,2.005290000000000128e-01,4.061119999999999730e-01,-5.445799999999999946e-02,1.000000000000000000e+00,3.111050000000000204e-01,-4.157500000000000084e-02,1.550950000000000106e-01,4.234350000000000058e-01,7.805199999999999916e-01,5.537659999999999805e-01,6.442780000000000173e-01,2.619000000000000217e-01,1.491190000000000015e-01,2.617380000000000262e-01,3.046550000000000091e-01,4.297170000000000156e-01,6.314149999999999485e-01,7.219510000000000094e-01,3.491429999999999811e-01,3.216860000000000275e-01,-1.660240000000000049e-01,-2.362500000000000017e-02,-1.172740000000000032e-01,-1.219790000000000041e-01,3.508160000000000167e-01,1.029609999999999970e-01,-2.385670000000000013e-01,-1.750909999999999966e-01,-3.889130000000000087e-01,1.215470000000000023e-01,-1.215610000000000024e-01,2.120450000000000113e-01,-3.194000000000000311e-02,2.185399999999999843e-02,1.609430000000000027e-01,3.853639999999999843e-01,5.464609999999999745e-01,3.582690000000000041e-01,3.612850000000000228e-01,8.153199999999999337e-02,-7.370000000000000249e-04,1.002780000000000060e-01,1.596009999999999929e-01,-7.558199999999999641e-02,-2.745500000000000024e-02,-1.457150000000000112e-01,3.817000000000000080e-03,1.044550000000000062e-01,5.985449999999999937e-01,3.980540000000000189e-01,-1.359699999999999971e-02,7.001000000000000278e-02,3.520490000000000008e-01,6.939389999999999725e-01,3.188739999999999908e-01,5.785749999999999504e-01,4.361500000000000099e-02,-2.448600000000000082e-02,7.866299999999999681e-02,7.131999999999999451e-02,4.017819999999999725e-01,5.460319999999999618e-01,4.527249999999999885e-01,2.905429999999999957e-01,4.434529999999999861e-01
5.561570000000000125e-01,4.512349999999999972e-01,1.505809999999999926e-01,1.979190000000000116e-01,3.342300000000000132e-02,4.087580000000000102e-01,-1.045220000000000038e-01,-9.897100000000000342e-02,2.056060000000000110e-01,-7.179399999999999671e-02,2.134820000000000051e-01,2.860100000000000142e-02,5.419969999999999510e-01,-2.145289999999999975e-01,3.111050000000000204e-01,1.000000000000000000e+00,3.219730000000000092e-01,6.839910000000000156e-01,1.925060000000000104e-01,5.180569999999999897e-01,2.937770000000000103e-01,5.844200000000000506e-01,2.335629999999999928e-01,2.054199999999999915e-01,5.562629999999999519e-01,5.710929999999999618e-01,3.276839999999999753e-01,2.875539999999999763e-01,6.625670000000000170e-01,2.523130000000000095e-01,3.473379999999999801e-01,4.539399999999999685e-02,-2.934860000000000246e-01,-2.137010000000000021e-01,-1.546440000000000037e-01,9.395000000000000573e-02,3.528399999999999870e-01,-2.508909999999999751e-01,2.084310000000000052e-01,-3.013500000000000068e-01,1.174449999999999938e-01,-3.013810000000000100e-01,1.934079999999999966e-01,2.634340000000000015e-01,1.398830000000000073e-01,3.689100000000000157e-01,5.595290000000000541e-01,1.252060000000000117e-01,3.698359999999999981e-01,1.627520000000000078e-01,5.527599999999999875e-02,-5.184199999999999919e-02,-3.439699999999999702e-02,2.085199999999999901e-02,1.008330000000000060e-01,-1.101290000000000047e-01,9.788399999999999879e-02,2.935679999999999956e-01,7.943200000000000260e-02,4.047789999999999999e-01,7.731999999999999984e-01,-7.977900000000000269e-02,5.615869999999999473e-01,7.348399999999999377e-02,5.786320000000000352e-01,4.066960000000000020e-01,6.310160000000000213e-01,1.192460000000000048e-01,1.714160000000000128e-01,4.481120000000000103e-01,4.153379999999999850e-01,2.442590000000000039e-01,4.763400000000000273e-02,3.838500000000000245e-01,5.410399999999999932e-02,5.967440000000000522e-01
2.785110000000000086e-01,3.717759999999999954e-01,-7.762999999999999935e-03,2.384599999999999914e-02,1.733210000000000028e-01,1.805819999999999925e-01,1.436630000000000129e-01,-3.748800000000000049e-02,1.585360000000000102e-01,6.806109999999999660e-01,-1.352049999999999919e-01,5.297990000000000199e-01,3.168420000000000125e-01,-1.131670000000000037e-01,-4.157500000000000084e-02,3.219730000000000092e-01,1.000000000000000000e+00,7.252309999999999590e-01,1.040989999999999971e-01,2.340299999999999880e-01,1.072749999999999954e-01,5.003469999999999862e-01,-5.547599999999999754e-02,4.536129999999999884e-01,2.150579999999999992e-01,3.943409999999999971e-01,3.576499999999999818e-02,9.026199999999999501e-02,1.236639999999999961e-01,5.846949999999999648e-01,6.450939999999999452e-01,2.536450000000000093e-01,4.510299999999999865e-01,1.047209999999999946e-01,-5.861739999999999728e-01,5.587919999999999554e-01,3.161439999999999806e-01,4.260800000000000143e-01,2.350089999999999957e-01,3.330290000000000195e-01,5.875299999999999967e-02,-6.283689999999999554e-01,3.449990000000000001e-01,-4.426299999999999679e-02,5.009940000000000504e-01,3.067719999999999891e-01,1.606940000000000035e-01,9.686000000000000165e-03,-4.742649999999999921e-01,2.255700000000000066e-02,-8.385399999999999798e-02,-2.725899999999999851e-02,-3.729000000000000110e-03,6.402900000000000258e-02,6.330259999999999776e-01,-1.470470000000000110e-01,3.245020000000000127e-01,3.658199999999999785e-01,-3.497000000000000108e-02,6.112999999999999684e-02,3.768440000000000123e-01,5.768020000000000369e-01,5.469659999999999522e-01,-5.130599999999999744e-02,1.657929999999999959e-01,1.297649999999999915e-01,3.051820000000000088e-01,-1.313979999999999870e-01,4.553539999999999810e-01,2.467650000000000121e-01,3.233449999999999935e-01,7.608600000000000085e-02,2.220799999999999857e-02,8.620000000000000275e-04,4.466890000000000027e-01,3.027590000000000003e-01
2.720819999999999905e-01,5.869529999999999470e-01,4.301800000000000068e-02,1.800259999999999916e-01,2.917370000000000241e-01,3.314739999999999909e-01,2.808030000000000248e-01,-1.416810000000000014e-01,2.132570000000000021e-01,4.372159999999999935e-01,-8.286999999999999228e-03,4.056230000000000113e-01,4.556760000000000255e-01,-1.885499999999999954e-01,1.550950000000000106e-01,6.839910000000000156e-01,7.252309999999999590e-01,1.000000000000000000e+00,8.795100000000000140e-02,4.683860000000000245e-01,1.965530000000000055e-01,6.973110000000000142e-01,-5.394800000000000290e-02,2.277450000000000030e-01,3.907519999999999882e-01,4.226820000000000022e-01,3.316749999999999976e-01,8.201799999999999369e-02,5.026119999999999477e-01,3.959820000000000007e-01,4.642580000000000040e-01,2.389550000000000007e-01,2.551169999999999827e-01,-2.129010000000000069e-01,-5.781349999999999545e-01,5.550749999999999851e-01,3.549430000000000085e-01,7.638200000000000545e-02,2.789719999999999978e-01,3.978199999999999792e-02,-9.601400000000000212e-02,-6.547389999999999599e-01,5.016410000000000036e-01,6.029899999999999843e-02,3.962979999999999836e-01,1.626209999999999878e-01,4.244800000000000240e-01,6.625699999999999645e-02,-1.659539999999999904e-01,1.634740000000000082e-01,-1.845099999999999865e-02,3.346699999999999675e-02,1.166700000000000029e-02,4.922200000000000186e-02,4.598900000000000210e-01,-4.299100000000000144e-02,9.154600000000000237e-02,2.559230000000000116e-01,-7.442699999999999316e-02,1.061030000000000029e-01,6.361719999999999597e-01,1.712549999999999906e-01,5.959900000000000198e-01,1.284800000000000005e-02,3.013810000000000100e-01,1.480390000000000039e-01,4.593289999999999873e-01,-1.442269999999999941e-01,2.321439999999999892e-01,3.101010000000000155e-01,2.421059999999999879e-01,2.368280000000000107e-01,-9.579200000000000215e-02,1.139259999999999995e-01,1.959140000000000048e-01,3.016570000000000085e-01
2.468370000000000009e-01,4.040610000000000035e-01,7.848709999999999853e-01,1.304879999999999929e-01,3.000340000000000229e-01,4.655449999999999866e-01,1.573499999999999899e-02,4.176489999999999925e-01,4.849200000000000177e-01,1.491329999999999878e-01,8.127980000000000205e-01,2.800420000000000131e-01,5.262780000000000236e-01,6.905100000000000127e-02,4.234350000000000058e-01,1.925060000000000104e-01,1.040989999999999971e-01,8.795100000000000140e-02,1.000000000000000000e+00,4.977159999999999918e-01,3.948360000000000203e-01,4.329350000000000143e-01,4.674280000000000102e-01,2.931630000000000069e-01,4.489139999999999797e-01,4.856420000000000181e-01,1.835749999999999882e-01,5.144710000000000116e-01,3.422689999999999899e-01,2.440350000000000019e-01,1.765529999999999877e-01,-2.457890000000000075e-01,-9.125099999999999878e-02,-1.802020000000000011e-01,-3.042869999999999742e-01,2.318060000000000120e-01,5.711600000000000010e-02,4.899499999999999689e-02,-1.941160000000000108e-01,-1.385210000000000052e-01,-2.148000000000000170e-03,-1.971090000000000064e-01,2.497640000000000138e-01,1.686840000000000006e-01,1.831689999999999985e-01,2.501510000000000122e-01,4.014240000000000030e-01,8.049180000000000224e-01,2.825179999999999914e-01,4.971729999999999761e-01,2.906850000000000267e-01,1.200200000000000017e-01,2.513440000000000119e-01,4.832949999999999746e-01,1.954909999999999981e-01,4.503190000000000248e-01,1.735269999999999868e-01,4.001089999999999924e-01,2.236039999999999972e-01,5.011459999999999804e-01,2.995389999999999997e-01,5.100999999999999979e-02,7.861999999999999544e-02,7.724079999999999835e-01,5.475740000000000052e-01,2.703849999999999865e-01,5.600749999999999895e-01,2.794880000000000142e-01,2.078170000000000017e-01,2.891739999999999866e-01,3.128279999999999950e-01,2.762890000000000068e-01,5.134870000000000267e-01,3.787229999999999763e-01,2.764679999999999915e-01,3.626579999999999804e-01
4.406669999999999754e-01,5.044180000000000330e-01,5.493019999999999570e-01,9.506799999999999973e-02,4.273100000000000231e-01,3.127809999999999757e-01,3.892199999999999827e-02,5.998300000000000159e-02,4.564440000000000164e-01,1.486590000000000134e-01,5.374820000000000153e-01,1.944780000000000120e-01,4.079039999999999888e-01,-1.113109999999999933e-01,7.805199999999999916e-01,5.180569999999999897e-01,2.340299999999999880e-01,4.683860000000000245e-01,4.977159999999999918e-01,1.000000000000000000e+00,5.391979999999999551e-01,8.801780000000000159e-01,2.066449999999999954e-01,1.111229999999999996e-01,3.894529999999999936e-01,4.080550000000000010e-01,5.701800000000000201e-01,4.562689999999999801e-01,7.609080000000000288e-01,5.019839999999999858e-01,5.204199999999999937e-01,-5.298100000000000032e-02,6.511100000000000221e-02,-2.393849999999999867e-01,-3.688049999999999939e-01,4.230300000000000171e-01,1.398389999999999911e-01,-1.216369999999999951e-01,1.418799999999999922e-02,-1.885930000000000106e-01,-1.070800000000000050e-02,-3.924489999999999923e-01,2.835829999999999740e-01,-8.461599999999999677e-02,1.280840000000000034e-01,3.446699999999999764e-01,4.835180000000000033e-01,5.877839999999999732e-01,1.954440000000000066e-01,4.278770000000000073e-01,1.102530000000000038e-01,3.666400000000000214e-02,6.534199999999999731e-02,3.037659999999999805e-01,1.025049999999999989e-01,9.479999999999999495e-04,-6.556199999999999528e-02,1.399630000000000041e-01,8.507000000000000672e-02,5.724960000000000049e-01,6.239500000000000046e-01,1.145550000000000040e-01,3.365819999999999923e-01,3.501469999999999860e-01,8.651609999999999578e-01,3.674290000000000056e-01,7.802750000000000519e-01,5.462100000000000288e-02,5.384400000000000297e-02,2.736219999999999763e-01,2.148849999999999927e-01,5.648440000000000127e-01,4.234350000000000058e-01,5.478960000000000496e-01,3.725019999999999998e-01,5.542700000000000404e-01
