1.000000000000000000e+00,1.147760000000000030e-01,-6.790599999999999414e-02,-3.225900000000000295e-02,-1.860890000000000044e-01,-7.252300000000000413e-02,2.052309999999999968e-01,-7.806499999999999551e-02,-4.029280000000000084e-01,-5.644590000000000440e-01,3.584799999999999792e-02,-3.339210000000000234e-01,-4.578299999999999731e-02,-3.224569999999999936e-01,5.361660000000000315e-01,3.287700000000000067e-01,-1.199090000000000017e-01,1.279820000000000124e-01,-8.092000000000000581e-02,-8.592700000000000338e-02,5.484609999999999763e-01,7.870000000000000259e-03,-6.436000000000000054e-02,-1.789689999999999892e-01,3.426919999999999966e-01,2.542340000000000155e-01,-3.086000000000000201e-03,-1.140720000000000067e-01,5.222459999999999880e-01,-2.120599999999999916e-02,5.401099999999999790e-01,5.904810000000000336e-01,2.949769999999999892e-01,3.609530000000000238e-01,5.342569999999999819e-01,-4.235119999999999996e-01,-4.399719999999999742e-01,-4.604909999999999837e-01,4.714430000000000009e-01,-1.380669999999999953e-01,3.377399999999999847e-01,4.800840000000000107e-01,-6.135899999999999688e-01,-5.889649999999999608e-01,-2.474979999999999958e-01,7.834759999999999502e-01,2.594150000000000067e-01,-1.278150000000000119e-01,-5.380340000000000122e-01,-2.430440000000000100e-01,-2.858660000000000090e-01,3.452700000000000213e-02,-3.950599999999999945e-02,-4.777310000000000167e-01,-1.311750000000000138e-01,-2.348400000000000140e-02,-6.135789999999999855e-01,2.802999999999999936e-02,-6.819600000000000106e-01,3.562359999999999971e-01,4.480640000000000178e-01,-2.537599999999999925e-02,8.484000000000000222e-03,-2.652619999999999978e-01,-9.807100000000000539e-02,2.632160000000000055e-01,-2.740969999999999795e-01,-1.080409999999999981e-01,-1.727259999999999907e-01,3.214020000000000210e-01,3.041610000000000147e-01,-4.221799999999999858e-02,-5.821599999999999692e-02,4.439190000000000080e-01,-5.221219999999999750e-01,4.548670000000000213e-01
1.147760000000000030e-01,1.000000000000000000e+00,-1.692440000000000055e-01,-1.687240000000000129e-01,-1.201070000000000054e-01,4.698869999999999991e-01,-6.954000000000000112e-03,3.786160000000000081e-01,-1.559270000000000100e-01,8.210699999999999943e-02,-7.291000000000000258e-02,1.298870000000000025e-01,1.648620000000000085e-01,-1.665999999999999981e-01,1.257359999999999867e-01,3.263630000000000142e-01,6.069780000000000175e-01,2.303350000000000120e-01,5.334799999999999959e-02,-1.036620000000000041e-01,1.023919999999999969e-01,1.694209999999999883e-01,1.951819999999999944e-01,1.620179999999999954e-01,7.152929999999999566e-01,4.899270000000000014e-01,-1.031730000000000008e-01,4.094189999999999774e-01,1.866899999999999948e-01,1.299970000000000014e-01,-5.524600000000000344e-02,3.683859999999999912e-01,1.793309999999999904e-01,4.855119999999999991e-01,-5.057999999999999996e-03,2.674710000000000143e-01,-1.608289999999999997e-01,1.333070000000000088e-01,3.273030000000000106e-01,4.432570000000000121e-01,4.538599999999999857e-01,-5.194100000000000106e-02,1.284589999999999899e-01,-3.339000000000000301e-02,-6.325500000000000567e-02,1.649700000000000125e-02,4.557129999999999792e-01,8.659899999999999542e-02,-9.874399999999999844e-02,1.359589999999999965e-01,4.032049999999999801e-01,6.419099999999999806e-02,2.565479999999999983e-01,4.732900000000000301e-02,4.599700000000000316e-02,9.005100000000000604e-02,3.067779999999999951e-01,2.771540000000000115e-01,-4.782900000000000346e-02,2.296890000000000043e-01,5.894400000000000334e-02,2.429499999999999993e-01,1.134479999999999933e-01,8.935899999999999399e-02,-1.132660000000000056e-01,8.042100000000000637e-02,4.411600000000000243e-02,6.705600000000000449e-02,3.535940000000000194e-01,3.332450000000000134e-01,3.661760000000000015e-01,-1.619700000000000029e-01,4.073049999999999726e-01,-1.131609999999999977e-01,1.965820000000000067e-01,-9.386999999999999511e-02
-6.790599999999999414e-02,-1.692440000000000055e-01,1.000000000000000000e+00,4.474800000000000305e-02,4.266170000000000240e-01,1.679259999999999919e-01,1.029359999999999997e-01,-3.880000000000000115e-02,3.963160000000000016e-01,1.218240000000000017e-01,6.897790000000000310e-01,1.360470000000000013e-01,3.251180000000000181e-01,1.668830000000000036e-01,-2.588050000000000073e-01,-1.872820000000000040e-01,1.631000000000000071e-03,8.585000000000000617e-03,6.351609999999999756e-01,-1.046089999999999937e-01,-4.381000000000000172e-02,-5.893600000000000227e-02,2.452110000000000123e-01,5.633900000000000019e-02,5.452599999999999808e-02,-2.866830000000000211e-01,5.316769999999999552e-01,1.342160000000000020e-01,5.530000000000000193e-03,-1.674099999999999894e-02,-1.467970000000000108e-01,-2.432110000000000105e-01,-1.159400000000000014e-01,-2.906179999999999874e-01,-2.922660000000000258e-01,-1.317010000000000125e-01,-3.605400000000000271e-02,-7.939100000000000323e-02,-3.040340000000000265e-01,-4.243509999999999782e-01,-2.619799999999999907e-02,-2.875719999999999943e-01,1.135560000000000042e-01,1.542340000000000100e-01,4.016020000000000145e-01,-3.543789999999999996e-01,-3.420600000000000029e-02,3.573000000000000065e-01,1.069289999999999963e-01,2.151309999999999889e-01,9.492599999999999649e-02,3.112499999999999989e-02,2.855399999999999952e-02,4.203790000000000027e-01,2.714809999999999723e-01,4.581859999999999822e-01,-1.803400000000000142e-02,-1.860289999999999999e-01,1.023059999999999942e-01,-2.469429999999999958e-01,-7.372900000000000287e-02,-9.925000000000000488e-02,-1.046379999999999949e-01,5.095819999999999794e-01,4.566400000000000320e-02,-7.247299999999999576e-02,-4.456600000000000145e-02,2.068329999999999891e-01,-1.694829999999999948e-01,-3.635000000000000210e-03,-3.316640000000000144e-01,3.548930000000000140e-01,-1.782410000000000105e-01,-1.937290000000000123e-01,-2.571060000000000012e-01,-6.438199999999999479e-02
-3.225900000000000295e-02,-1.687240000000000129e-01,4.474800000000000305e-02,1.000000000000000000e+00,4.405529999999999724e-01,1.279740000000000044e-01,5.240100000000000313e-02,-1.087019999999999931e-01,2.787910000000000110e-01,-1.490750000000000131e-01,5.299100000000000338e-02,3.478200000000000042e-02,-3.680000000000000003e-04,3.377160000000000162e-01,-2.502800000000000163e-02,-2.799550000000000094e-01,-2.063149999999999984e-01,-3.769129999999999980e-01,-1.109139999999999987e-01,5.968099999999999794e-02,1.030490000000000017e-01,-1.028560000000000030e-01,-1.701310000000000044e-01,-2.019400000000000014e-02,-2.917109999999999981e-01,-2.604300000000000018e-02,1.837670000000000137e-01,2.414040000000000075e-01,4.993399999999999922e-02,3.532950000000000257e-01,-2.922999999999999904e-02,1.152350000000000041e-01,-8.171299999999999397e-02,1.100199999999999963e-02,6.083700000000000219e-02,2.191790000000000127e-01,5.168120000000000491e-01,1.061699999999999970e-02,1.136680000000000051e-01,-1.186949999999999950e-01,5.757799999999999724e-02,1.657309999999999894e-01,-1.638200000000000073e-02,4.503399999999999764e-02,1.863569999999999949e-01,1.811799999999999869e-02,-1.729899999999999841e-02,-8.524099999999999733e-02,5.528600000000000181e-02,2.466369999999999951e-01,-5.040100000000000136e-02,3.864700000000000080e-02,-9.013699999999999490e-02,9.360999999999999877e-02,-1.929120000000000001e-01,-1.373790000000000011e-01,-1.561849999999999905e-01,-1.566629999999999967e-01,4.581500000000000156e-02,-3.237199999999999800e-02,-7.815000000000000765e-03,-9.083000000000000795e-03,-2.736709999999999976e-01,-1.488609999999999933e-01,1.923650000000000082e-01,9.919200000000000239e-02,-1.683600000000000027e-02,-1.982669999999999988e-01,1.530899999999999969e-02,-8.172000000000000097e-02,-1.188519999999999993e-01,1.326350000000000029e-01,1.350149999999999961e-01,5.684800000000000270e-02,-1.288500000000000062e-02,1.973820000000000019e-01
-1.860890000000000044e-01,-1.201070000000000054e-01,4.266170000000000240e-01,4.405529999999999724e-01,1.000000000000000000e+00,1.242489999999999983e-01,3.601949999999999874e-01,-2.096179999999999988e-01,7.963179999999999703e-01,3.415059999999999762e-01,6.156409999999999938e-01,-3.885299999999999865e-02,3.703319999999999945e-01,4.569690000000000141e-01,-2.333709999999999951e-01,-4.208799999999999764e-01,-1.794800000000000006e-01,-3.595889999999999920e-01,3.783469999999999889e-01,-6.488099999999999423e-02,-1.020969999999999933e-01,-1.752090000000000036e-01,1.254180000000000017e-01,2.724700000000000039e-02,-9.187199999999999533e-02,-3.335290000000000199e-01,6.225110000000000365e-01,2.088579999999999881e-01,3.546500000000000347e-02,2.268969999999999876e-01,-2.211660000000000015e-01,-1.097069999999999990e-01,-2.981500000000000261e-01,-3.774710000000000010e-01,-3.780100000000000127e-01,-1.917500000000000107e-02,4.085759999999999947e-01,3.811430000000000096e-01,-2.101329999999999865e-01,-2.618360000000000132e-01,-1.654670000000000030e-01,-3.509970000000000034e-01,6.395499999999999796e-02,3.199719999999999787e-01,4.023829999999999907e-01,-1.704469999999999874e-01,5.287599999999999939e-02,3.776039999999999952e-01,2.347629999999999995e-01,7.827140000000000208e-01,4.581299999999999956e-02,4.128009999999999735e-01,-1.116790000000000005e-01,6.466380000000000461e-01,7.098300000000000443e-02,4.903370000000000228e-01,1.719249999999999945e-01,6.974700000000000344e-02,3.283699999999999952e-01,-2.572969999999999979e-01,-3.332600000000000146e-02,-1.668899999999999897e-02,-8.988899999999999668e-02,4.034710000000000241e-01,3.155899999999999678e-02,-5.034299999999999886e-02,3.548899999999999971e-02,1.780490000000000128e-01,1.222079999999999972e-01,9.521000000000000296e-02,-2.887460000000000027e-01,5.792469999999999564e-01,1.123730000000000007e-01,7.108799999999999841e-02,4.914400000000000018e-02,8.356600000000000139e-02
-7.252300000000000413e-02,4.698869999999999991e-01,1.679259999999999919e-01,1.279740000000000044e-01,1.242489999999999983e-01,1.000000000000000000e+00,1.528849999999999931e-01,7.571999999999999842e-01,-3.924999999999999670e-03,-5.503199999999999759e-02,1.041279999999999983e-01,4.907480000000000175e-01,4.211860000000000048e-01,2.574560000000000182e-01,2.217359999999999887e-01,-1.162269999999999970e-01,2.859369999999999967e-01,-9.872999999999999832e-03,6.858300000000000507e-02,-1.240499999999999936e-02,3.874859999999999971e-01,8.422999999999999932e-03,6.393229999999999746e-01,2.562999999999999723e-01,1.580620000000000080e-01,1.720750000000000057e-01,1.374319999999999986e-01,5.215060000000000251e-01,2.130039999999999989e-01,3.126650000000000262e-01,-7.903699999999999615e-02,2.357049999999999979e-01,2.849550000000000138e-01,3.780709999999999904e-01,1.867500000000000063e-02,3.654009999999999758e-01,1.322220000000000062e-01,-5.942200000000000260e-02,3.433370000000000033e-01,8.694300000000000639e-02,4.816329999999999778e-01,1.274600000000000039e-02,2.463079999999999992e-01,-1.427400000000000023e-02,1.105730000000000046e-01,-1.835610000000000019e-01,4.173330000000000095e-01,-2.684800000000000034e-02,-2.998299999999999924e-02,1.220399999999999957e-02,7.477599999999999802e-01,1.170090000000000019e-01,7.488169999999999549e-01,-1.405400000000000052e-02,2.063450000000000006e-01,3.290300000000000169e-02,1.245539999999999980e-01,4.282960000000000100e-01,8.333000000000000129e-03,2.109159999999999924e-01,-8.295600000000000196e-02,1.824350000000000138e-01,-2.076419999999999932e-01,5.346900000000000264e-02,-4.943399999999999878e-02,4.274470000000000214e-01,-1.818899999999999961e-01,5.156539999999999457e-01,2.310550000000000104e-01,2.920980000000000243e-01,2.355629999999999946e-01,-7.865500000000000269e-02,3.824609999999999954e-01,-1.451000000000000068e-01,-6.741500000000000270e-02,-3.609300000000000008e-02
2.052309999999999968e-01,-6.954000000000000112e-03,1.029359999999999997e-01,5.240100000000000313e-02,3.601949999999999874e-01,1.528849999999999931e-01,1.000000000000000000e+00,-3.723699999999999927e-02,-7.198999999999999844e-02,-1.775869999999999949e-01,4.509770000000000167e-01,-3.072079999999999811e-01,3.854650000000000021e-01,7.363200000000000300e-02,1.752249999999999919e-01,2.038200000000000012e-01,-2.887890000000000179e-01,1.591480000000000117e-01,1.577570000000000083e-01,-7.902499999999999802e-02,1.213560000000000055e-01,-9.687999999999999390e-02,1.501760000000000039e-01,-2.401069999999999871e-01,1.589679999999999982e-01,-4.665770000000000195e-01,4.924180000000000224e-01,-7.187599999999999545e-02,5.200979999999999492e-01,1.145449999999999940e-01,3.673750000000000071e-01,1.507159999999999889e-01,-3.036110000000000197e-01,-3.673599999999999782e-02,3.005360000000000253e-01,-4.181199999999999917e-01,-2.701399999999999912e-01,1.127300000000000003e-02,3.134699999999999986e-02,-3.696920000000000206e-01,8.371800000000000075e-02,-7.143299999999999650e-02,-3.593060000000000143e-01,-3.130020000000000024e-01,4.411340000000000261e-01,1.554230000000000056e-01,1.086170000000000052e-01,2.179250000000000076e-01,-4.372679999999999900e-01,2.089459999999999928e-01,-1.016240000000000060e-01,7.644290000000000251e-01,7.758600000000000219e-02,-7.947600000000000497e-02,-5.578199999999999825e-02,4.442070000000000185e-01,-2.438720000000000054e-01,2.575450000000000239e-01,-3.708339999999999970e-01,-8.308699999999999419e-02,4.689519999999999800e-01,-3.442250000000000032e-01,1.114700000000000066e-02,1.927049999999999874e-01,-1.308169999999999888e-01,-4.839700000000000252e-02,-3.292479999999999851e-01,1.752170000000000116e-01,-4.580100000000000143e-02,2.897100000000000231e-01,-2.728140000000000009e-01,5.216290000000000093e-01,3.070700000000000165e-02,3.804649999999999976e-01,-2.822879999999999834e-01,3.060689999999999800e-01
-7.806499999999999551e-02,3.786160000000000081e-01,-3.880000000000000115e-02,-1.087019999999999931e-01,-2.096179999999999988e-01,7.571999999999999842e-01,-3.723699999999999927e-02,1.000000000000000000e+00,-2.483219999999999872e-01,-1.126560000000000061e-01,-3.588000000000000043e-03,5.139460000000000139e-01,1.211929999999999952e-01,9.223699999999999954e-02,2.237439999999999984e-01,-2.964200000000000168e-02,2.612729999999999775e-01,3.388499999999999845e-02,1.062199999999999950e-02,-1.022760000000000058e-01,4.331610000000000182e-01,-1.132380000000000053e-01,7.488489999999999869e-01,3.100049999999999750e-01,7.186399999999999733e-02,2.285339999999999872e-01,-2.914399999999999769e-01,3.702520000000000255e-01,-4.035699999999999704e-02,5.873899999999999955e-02,-4.937300000000000022e-02,2.380569999999999908e-01,3.168730000000000158e-01,4.806860000000000022e-01,1.492950000000000110e-01,2.947679999999999745e-01,-5.724300000000000221e-02,-6.773999999999999466e-02,3.891879999999999784e-01,2.822760000000000269e-01,4.245550000000000157e-01,9.429500000000000381e-02,1.846359999999999946e-01,-1.412499999999999867e-01,-1.240279999999999994e-01,-8.475900000000000101e-02,3.150379999999999847e-01,-3.598000000000000070e-03,-1.423969999999999958e-01,-2.637180000000000080e-01,6.919030000000000458e-01,-1.153290000000000010e-01,9.215489999999999515e-01,-1.686960000000000126e-01,1.831659999999999955e-01,5.503000000000000252e-02,1.562850000000000072e-01,4.769280000000000186e-01,-1.114699999999999996e-01,1.761000000000000065e-01,-3.533599999999999935e-02,2.507210000000000272e-01,-6.449299999999999478e-02,6.412600000000000244e-02,-2.167620000000000102e-01,4.923609999999999931e-01,-2.052589999999999970e-01,5.891319999999999890e-01,3.345790000000000153e-01,2.852520000000000056e-01,3.803010000000000002e-01,-3.895489999999999786e-01,4.223729999999999984e-01,-1.968959999999999877e-01,-1.118000000000000070e-02,-5.604800000000000060e-02
-4.029280000000000084e-01,-1.559270000000000100e-01,3.963160000000000016e-01,2.787910000000000110e-01,7.963179999999999703e-01,-3.924999999999999670e-03,-7.198999999999999844e-02,-2.483219999999999872e-01,1.000000000000000000e+00,6.178040000000000198e-01,3.316140000000000199e-01,9.375400000000000400e-02,3.236089999999999800e-01,4.523619999999999863e-01,-4.139860000000000206e-01,-4.659780000000000033e-01,4.568000000000000012e-03,-3.005300000000000193e-01,2.959430000000000116e-01,1.134460000000000052e-01,-2.349610000000000032e-01,3.164299999999999752e-02,5.188199999999999756e-02,1.754870000000000041e-01,-1.815009999999999957e-01,-1.317000000000000115e-01,5.101059999999999484e-01,2.326380000000000114e-01,-1.476230000000000042e-01,1.268120000000000080e-01,-3.927350000000000008e-01,-3.115299999999999736e-01,-1.220709999999999990e-01,-4.435180000000000233e-01,-6.641479999999999606e-01,2.067049999999999998e-01,5.789360000000000062e-01,5.119650000000000034e-01,-3.128380000000000050e-01,8.196999999999999426e-03,-2.791230000000000100e-01,-4.067049999999999832e-01,3.560240000000000071e-01,6.021180000000000421e-01,2.043629999999999891e-01,-3.347359999999999780e-01,1.355300000000000081e-02,3.077469999999999928e-01,6.147949999999999804e-01,6.833050000000000512e-01,8.326400000000000468e-02,1.333729999999999916e-01,-1.889250000000000096e-01,8.096670000000000256e-01,1.619019999999999904e-01,2.084129999999999872e-01,3.946609999999999840e-01,-2.715499999999999858e-02,6.466340000000000421e-01,-2.214619999999999922e-01,-3.325040000000000218e-01,1.768669999999999964e-01,-7.621899999999999509e-02,3.286499999999999977e-01,1.121999999999999942e-01,-8.512599999999999334e-02,2.842399999999999927e-01,1.186409999999999965e-01,1.713409999999999933e-01,-6.209100000000000036e-02,-1.600979999999999903e-01,4.426729999999999832e-01,7.461500000000000077e-02,-6.833599999999999397e-02,2.799490000000000034e-01,-9.192599999999999383e-02
-5.644590000000000440e-01,8.210699999999999943e-02,1.218240000000000017e-01,-1.490750000000000131e-01,3.415059999999999762e-01,-5.503199999999999759e-02,-1.775869999999999949e-01,-1.126560000000000061e-01,6.178040000000000198e-01,1.000000000000000000e+00,1.379199999999999871e-01,2.150890000000000024e-01,2.586800000000000210e-01,4.122660000000000213e-01,-6.616849999999999676e-01,-3.757480000000000264e-01,2.751219999999999777e-01,-1.139700000000000019e-01,2.681180000000000230e-01,-5.344900000000000345e-02,-3.414730000000000265e-01,8.753000000000000363e-03,6.980300000000000393e-02,4.400419999999999887e-01,1.089139999999999969e-01,-6.009899999999999964e-02,2.396069999999999867e-01,4.404000000000000276e-02,-2.462739999999999929e-01,-8.289900000000000047e-02,-4.855979999999999741e-01,-3.731689999999999729e-01,-1.753000000000000114e-01,-5.435219999999999496e-01,-8.350149999999999517e-01,1.861009999999999887e-01,4.040739999999999887e-01,7.695920000000000538e-01,-3.679299999999999793e-01,1.470950000000000035e-01,-4.204229999999999912e-01,-5.330610000000000070e-01,4.615170000000000106e-01,6.393959999999999644e-01,1.942730000000000012e-01,-4.949589999999999823e-01,4.116999999999999826e-02,1.584019999999999873e-01,5.870100000000000318e-01,4.095380000000000131e-01,1.895360000000000100e-01,5.029000000000000137e-02,-1.606350000000000000e-01,5.527020000000000266e-01,4.368600000000000261e-01,1.419279999999999986e-01,8.237820000000000142e-01,4.372199999999999698e-02,7.278160000000000185e-01,-4.253589999999999871e-01,-4.048280000000000212e-01,3.700379999999999781e-01,3.490499999999999853e-02,4.627399999999999847e-01,-9.141799999999999926e-02,-1.931309999999999971e-01,2.612720000000000042e-01,1.138149999999999995e-01,3.588290000000000091e-01,5.852999999999999696e-03,-9.325200000000000156e-02,2.049940000000000095e-01,6.212999999999999773e-02,-1.125059999999999949e-01,4.982059999999999822e-01,-2.240419999999999912e-01
3.584799999999999792e-02,-7.291000000000000258e-02,6.897790000000000310e-01,5.299100000000000338e-02,6.156409999999999938e-01,1.041279999999999983e-01,4.509770000000000167e-01,-3.588000000000000043e-03,3.316140000000000199e-01,1.379199999999999871e-01,1.000000000000000000e+00,-1.058779999999999999e-01,3.188380000000000103e-01,2.294899999999999995e-01,-1.947599999999999887e-01,-1.282270000000000076e-01,-1.938539999999999985e-01,-6.734900000000000608e-02,7.826990000000000336e-01,-3.672170000000000156e-01,-6.773999999999999640e-03,-3.534329999999999972e-01,3.436319999999999930e-01,2.008199999999999916e-02,1.368749999999999967e-01,-3.921589999999999798e-01,4.981260000000000132e-01,-2.011800000000000047e-02,6.844600000000000684e-02,-1.062899999999999956e-01,-7.264099999999999724e-02,-6.550699999999999579e-02,-3.281490000000000240e-01,-2.992440000000000100e-01,-1.418800000000000061e-01,-3.795899999999999830e-01,-1.929109999999999991e-01,1.360689999999999955e-01,-1.763699999999999990e-01,-4.125329999999999830e-01,-1.407420000000000060e-01,-2.573250000000000259e-01,-2.768200000000000105e-01,-1.037919999999999954e-01,3.155390000000000139e-01,-8.577799999999999314e-02,9.287199999999999622e-02,6.071079999999999810e-01,-1.821979999999999988e-01,3.879980000000000095e-01,-6.716999999999999880e-03,2.720770000000000133e-01,9.075400000000000134e-02,3.032549999999999968e-01,1.541180000000000050e-01,8.703100000000000280e-01,-8.850000000000000228e-03,1.295179999999999942e-01,-8.501300000000000523e-02,-3.300009999999999888e-01,2.280149999999999955e-01,-8.510600000000000109e-02,2.563800000000000107e-02,7.710080000000000267e-01,-2.657780000000000142e-01,-4.616800000000000070e-02,-2.775110000000000077e-01,3.652090000000000058e-01,1.052189999999999931e-01,2.010149999999999992e-01,-2.848620000000000041e-01,5.022849999999999815e-01,-3.524800000000000155e-02,4.812199999999999811e-02,-3.437319999999999820e-01,9.879999999999999893e-02
-3.339210000000000234e-01,1.298870000000000025e-01,1.360470000000000013e-01,3.478200000000000042e-02,-3.885299999999999865e-02,4.907480000000000175e-01,-3.072079999999999811e-01,5.139460000000000139e-01,9.375400000000000400e-02,2.150890000000000024e-01,-1.058779999999999999e-01,1.000000000000000000e+00,7.342999999999999527e-02,3.004740000000000189e-01,1.298500000000000001e-02,-4.304290000000000060e-01,3.658270000000000133e-01,-2.297119999999999995e-01,-1.227970000000000034e-01,-5.793999999999999671e-03,7.405499999999999583e-02,-8.559200000000000141e-02,3.193679999999999852e-01,5.465870000000000450e-01,-6.394199999999999884e-02,3.174290000000000167e-01,-1.774580000000000046e-01,3.153659999999999797e-01,-3.661360000000000170e-01,-1.960699999999999943e-02,-4.449179999999999802e-01,2.204499999999999862e-02,3.075049999999999728e-01,5.245999999999999969e-02,-2.167729999999999935e-01,3.821809999999999929e-01,3.554780000000000162e-01,3.999300000000000077e-02,7.146500000000000075e-02,4.164400000000000046e-02,1.344269999999999909e-01,-4.028899999999999842e-02,4.563340000000000174e-01,2.597340000000000204e-01,9.574199999999999378e-02,-4.869180000000000175e-01,-3.719700000000000090e-02,-2.253539999999999988e-01,2.627030000000000198e-01,-6.405500000000000083e-02,4.305519999999999903e-01,-3.411440000000000028e-01,4.184499999999999886e-01,1.902109999999999912e-01,5.146420000000000439e-01,-1.218719999999999942e-01,3.683779999999999832e-01,4.925500000000000017e-02,3.430139999999999856e-01,3.685499999999999887e-02,-4.105759999999999965e-01,3.744160000000000266e-01,-1.971630000000000049e-01,-7.759900000000000131e-02,5.326100000000000279e-02,2.173039999999999972e-01,5.637400000000000050e-02,1.673830000000000040e-01,1.131319999999999965e-01,-1.423040000000000138e-01,1.619170000000000054e-01,-4.011330000000000173e-01,9.287600000000000022e-02,-5.341749999999999554e-01,1.460730000000000084e-01,-3.618839999999999835e-01
-4.578299999999999731e-02,1.648620000000000085e-01,3.251180000000000181e-01,-3.680000000000000003e-04,3.703319999999999945e-01,4.211860000000000048e-01,3.854650000000000021e-01,1.211929999999999952e-01,3.236089999999999800e-01,2.586800000000000210e-01,3.188380000000000103e-01,7.342999999999999527e-02,1.000000000000000000e+00,3.190999999999999948e-01,-1.072299999999999989e-02,2.496100000000000055e-02,3.522230000000000083e-01,2.993219999999999770e-01,1.897899999999999865e-01,4.055500000000000077e-02,1.735029999999999906e-01,1.428119999999999945e-01,2.193160000000000109e-01,2.504599999999999882e-02,2.472640000000000116e-01,-7.845699999999999896e-02,4.310880000000000267e-01,4.913520000000000110e-01,3.480210000000000248e-01,4.596100000000000185e-02,-2.905999999999999903e-02,1.357399999999999995e-01,1.409630000000000050e-01,-6.296999999999999820e-02,-2.457080000000000097e-01,-6.113500000000000184e-02,1.503790000000000127e-01,1.134539999999999993e-01,6.995099999999999929e-02,-1.151829999999999937e-01,1.490070000000000006e-01,-1.825209999999999888e-01,1.540249999999999952e-01,2.041920000000000124e-01,1.522570000000000034e-01,-1.939390000000000003e-01,1.976529999999999954e-01,-2.516499999999999987e-02,1.948860000000000037e-01,2.324620000000000020e-01,2.479369999999999907e-01,4.347779999999999978e-01,1.689759999999999873e-01,2.207830000000000070e-01,2.245459999999999956e-01,1.808240000000000125e-01,2.084300000000000042e-02,2.802129999999999899e-01,1.922389999999999932e-01,5.466300000000000325e-02,-4.718399999999999678e-02,3.323000000000000259e-02,-1.590000000000000094e-02,2.847549999999999804e-01,-7.389400000000000135e-02,2.225169999999999926e-01,-3.217500000000000221e-02,1.908110000000000084e-01,-9.951899999999999635e-02,2.377809999999999924e-01,-1.188629999999999964e-01,1.980729999999999991e-01,1.137110000000000065e-01,3.743099999999999900e-02,-1.221549999999999997e-01,-1.433000000000000029e-03
-3.224569999999999936e-01,-1.665999999999999981e-01,1.668830000000000036e-01,3.377160000000000162e-01,4.569690000000000141e-01,2.574560000000000182e-01,7.363200000000000300e-02,9.223699999999999954e-02,4.523619999999999863e-01,4.122660000000000213e-01,2.294899999999999995e-01,3.004740000000000189e-01,3.190999999999999948e-01,1.000000000000000000e+00,-1.670310000000000128e-01,-6.685729999999999729e-01,-9.979399999999999382e-02,-4.587450000000000139e-01,3.125399999999999706e-02,-1.585570000000000035e-01,7.402499999999999358e-02,-2.349519999999999942e-01,1.969019999999999937e-01,3.282030000000000225e-01,-2.543790000000000218e-01,-1.699039999999999995e-01,3.125069999999999792e-01,1.378929999999999878e-01,-1.316029999999999978e-01,-2.633999999999999883e-02,-3.689140000000000197e-01,-6.238099999999999895e-02,8.866699999999999582e-02,-3.980830000000000202e-01,-4.536680000000000157e-01,2.048490000000000033e-01,4.991439999999999766e-01,2.561430000000000096e-01,2.026199999999999876e-02,-2.542630000000000168e-01,-1.868609999999999993e-01,-3.077920000000000100e-01,3.082329999999999792e-01,3.681440000000000268e-01,1.519840000000000080e-01,-3.032520000000000215e-01,1.154769999999999963e-01,-1.970520000000000049e-01,4.130980000000000207e-01,2.050810000000000133e-01,1.977829999999999866e-01,1.194140000000000063e-01,1.297919999999999907e-01,1.729960000000000109e-01,3.979159999999999919e-01,5.921200000000000074e-02,2.406889999999999863e-01,1.035340000000000010e-01,5.012919999999999598e-01,-1.825180000000000136e-01,-8.767400000000000193e-02,2.484939999999999927e-01,-2.145199999999999885e-02,1.937790000000000068e-01,-1.011890000000000012e-01,1.891089999999999993e-01,-1.729100000000000081e-02,1.897089999999999888e-01,3.167999999999999983e-02,9.342399999999999316e-02,-1.550410000000000121e-01,9.846499999999999697e-02,-9.915799999999999614e-02,-1.761199999999999918e-02,-5.766000000000000292e-03,2.981999999999999929e-02
5.361660000000000315e-01,1.257359999999999867e-01,-2.588050000000000073e-01,-2.502800000000000163e-02,-2.333709999999999951e-01,2.217359999999999887e-01,1.752249999999999919e-01,2.237439999999999984e-01,-4.139860000000000206e-01,-6.616849999999999676e-01,-1.947599999999999887e-01,1.298500000000000001e-02,-1.072299999999999989e-02,-1.670310000000000128e-01,1.000000000000000000e+00,1.696930000000000105e-01,-5.660199999999999954e-02,-1.495999999999999934e-03,-3.812090000000000201e-01,1.792849999999999999e-01,5.672920000000000185e-01,7.283599999999999797e-02,4.597299999999999998e-02,-1.108999999999999986e-01,3.483200000000000185e-02,3.528600000000000070e-01,-1.544059999999999877e-01,8.108100000000000029e-02,3.266160000000000174e-01,-1.216700000000000073e-02,3.396770000000000067e-01,5.845219999999999860e-01,3.944750000000000201e-01,5.197180000000000133e-01,6.807839999999999447e-01,-1.162119999999999959e-01,-2.274750000000000105e-01,-4.584630000000000094e-01,5.658029999999999449e-01,-1.289999999999999914e-03,4.570259999999999878e-01,4.469159999999999799e-01,-2.727530000000000232e-01,-4.383099999999999774e-01,-2.610850000000000115e-01,5.216389999999999638e-01,2.457300000000000040e-01,-1.971759999999999902e-01,-3.738839999999999941e-01,-2.888589999999999769e-01,-5.605000000000000260e-02,5.714299999999999935e-02,2.606229999999999936e-01,-4.411840000000000206e-01,-1.780100000000000016e-01,-1.483899999999999941e-01,-5.763989999999999947e-01,1.773720000000000019e-01,-5.396630000000000038e-01,7.729800000000000004e-01,2.555660000000000154e-01,-5.355599999999999944e-02,-6.277299999999999547e-02,-4.977539999999999742e-01,1.299359999999999959e-01,4.263259999999999827e-01,-1.023160000000000042e-01,1.985800000000000065e-02,-1.476190000000000002e-01,1.519649999999999890e-01,4.038829999999999920e-01,-1.863460000000000116e-01,2.494400000000000089e-02,1.610449999999999937e-01,-4.483280000000000043e-01,2.077910000000000035e-01
3.287700000000000067e-01,3.263630000000000142e-01,-1.872820000000000040e-01,-2.799550000000000094e-01,-4.208799999999999764e-01,-1.162269999999999970e-01,2.038200000000000012e-01,-2.964200000000000168e-02,-4.659780000000000033e-01,-3.757480000000000264e-01,-1.282270000000000076e-01,-4.304290000000000060e-01,2.496100000000000055e-02,-6.685729999999999729e-01,1.696930000000000105e-01,1.000000000000000000e+00,1.964220000000000133e-01,8.351809999999999512e-01,8.010200000000000653e-02,2.995380000000000265e-01,-6.410299999999999332e-02,5.311949999999999728e-01,-1.891380000000000006e-01,-4.288020000000000165e-01,4.104010000000000158e-01,4.333200000000000246e-02,-1.487970000000000126e-01,6.334900000000000253e-02,3.947590000000000265e-01,1.211760000000000059e-01,5.937959999999999905e-01,1.873809999999999920e-01,-1.073410000000000059e-01,4.810889999999999889e-01,4.811219999999999941e-01,-1.684450000000000114e-01,-5.726930000000000076e-01,-1.987019999999999897e-01,1.113060000000000022e-01,1.985649999999999915e-01,2.891900000000000026e-01,1.966779999999999917e-01,-3.161909999999999998e-01,-4.524190000000000156e-01,-8.533899999999999819e-02,2.677089999999999748e-01,-1.497599999999999973e-02,1.248930000000000040e-01,-4.526629999999999820e-01,-2.355690000000000006e-01,-1.969370000000000009e-01,7.606799999999999673e-02,-8.434899999999999343e-02,-2.970970000000000000e-01,-4.996809999999999863e-01,-2.512700000000000003e-02,-2.855550000000000033e-01,-7.667400000000000604e-02,-4.828160000000000229e-01,1.396179999999999921e-01,2.522030000000000105e-01,-3.749390000000000223e-01,2.261700000000000169e-02,-3.246899999999999786e-02,6.661000000000000254e-03,-2.533340000000000036e-01,-5.272799999999999709e-02,-2.076880000000000115e-01,-5.001400000000000290e-02,-9.232999999999999888e-03,1.239400000000000050e-02,-1.771100000000000105e-02,6.492399999999999560e-02,7.201499999999999568e-02,-1.022819999999999979e-01,8.057799999999999685e-02
-1.199090000000000017e-01,6.069780000000000175e-01,1.631000000000000071e-03,-2.063149999999999984e-01,-1.794800000000000006e-01,2.859369999999999967e-01,-2.887890000000000179e-01,2.612729999999999775e-01,4.568000000000000012e-03,2.751219999999999777e-01,-1.938539999999999985e-01,3.658270000000000133e-01,3.522230000000000083e-01,-9.979399999999999382e-02,-5.660199999999999954e-02,1.964220000000000133e-01,1.000000000000000000e+00,2.866130000000000067e-01,-2.266400000000000012e-02,-6.624399999999999733e-02,3.703999999999999827e-03,1.704070000000000029e-01,5.524300000000000044e-02,1.137660000000000060e-01,5.052100000000000479e-01,4.714809999999999834e-01,-2.285780000000000034e-01,5.196779999999999733e-01,-7.842899999999999872e-02,-5.979700000000000293e-02,-2.186670000000000003e-01,2.795270000000000254e-01,2.784349999999999881e-01,2.594029999999999947e-01,-1.789139999999999897e-01,2.168210000000000137e-01,4.909499999999999975e-02,6.961399999999999533e-02,1.826589999999999880e-01,3.444470000000000032e-01,3.124839999999999840e-01,-1.501240000000000074e-01,4.134260000000000157e-01,2.802899999999999836e-01,-4.242499999999999744e-02,-3.176530000000000187e-01,1.129570000000000018e-01,-1.222659999999999997e-01,2.401810000000000056e-01,4.667400000000000021e-02,3.075410000000000088e-01,-1.937619999999999898e-01,1.131899999999999989e-01,2.540890000000000093e-01,2.456220000000000070e-01,-8.930399999999999450e-02,3.069250000000000034e-01,1.106420000000000042e-01,2.803640000000000021e-01,1.860449999999999882e-01,-3.149029999999999885e-01,3.269259999999999944e-01,1.752599999999999991e-02,9.769999999999999518e-02,-3.971999999999999836e-02,9.049799999999999511e-02,1.805680000000000063e-01,-9.345299999999999441e-02,-1.221099999999999963e-02,5.810000000000000277e-04,1.793569999999999887e-01,-3.864830000000000210e-01,2.100690000000000057e-01,-4.118609999999999771e-01,2.504430000000000267e-01,-3.648390000000000244e-01
1.279820000000000124e-01,2.303350000000000120e-01,8.585000000000000617e-03,-3.769129999999999980e-01,-3.595889999999999920e-01,-9.872999999999999832e-03,1.591480000000000117e-01,3.388499999999999845e-02,-3.005300000000000193e-01,-1.139700000000000019e-01,-6.734900000000000608e-02,-2.297119999999999995e-01,2.993219999999999770e-01,-4.587450000000000139e-01,-1.495999999999999934e-03,8.351809999999999512e-01,2.866130000000000067e-01,1.000000000000000000e+00,1.043179999999999941e-01,2.788769999999999860e-01,-6.910299999999999776e-02,5.694810000000000150e-01,-7.440900000000000292e-02,-2.608779999999999988e-01,3.949520000000000253e-01,-1.478100000000000074e-02,-4.820900000000000185e-02,6.723200000000000010e-02,3.118270000000000208e-01,-3.593999999999999972e-03,3.852459999999999773e-01,2.075799999999999867e-02,1.694700000000000026e-02,3.201919999999999766e-01,1.897739999999999982e-01,-1.632160000000000000e-01,-4.338659999999999739e-01,-1.437009999999999954e-01,-1.211600000000000003e-02,1.313080000000000080e-01,2.173640000000000017e-01,8.294999999999999596e-02,-1.102390000000000037e-01,-2.135330000000000006e-01,-7.148100000000000287e-02,1.231499999999999956e-02,-2.245499999999999927e-02,-3.080199999999999952e-02,-1.779610000000000081e-01,-2.325649999999999940e-01,-5.263000000000000317e-02,1.146589999999999970e-01,-2.019599999999999868e-02,-1.880549999999999999e-01,-2.290530000000000066e-01,-7.903599999999999515e-02,-1.550999999999999879e-01,-7.293099999999999583e-02,-2.329299999999999982e-01,5.558799999999999852e-02,4.457200000000000051e-02,-2.849809999999999843e-01,1.708700000000000149e-02,4.747300000000000131e-02,-4.942499999999999671e-02,-1.713979999999999948e-01,-3.180299999999999794e-02,-1.158789999999999959e-01,-1.069979999999999959e-01,-1.002499999999999919e-02,-9.161099999999999799e-02,-4.272000000000000103e-02,-4.901500000000000301e-02,-4.214899999999999897e-02,-7.615299999999999847e-02,-1.043479999999999963e-01
-8.092000000000000581e-02,5.334799999999999959e-02,6.351609999999999756e-01,-1.109139999999999987e-01,3.783469999999999889e-01,6.858300000000000507e-02,1.577570000000000083e-01,1.062199999999999950e-02,2.959430000000000116e-01,2.681180000000000230e-01,7.826990000000000336e-01,-1.227970000000000034e-01,1.897899999999999865e-01,3.125399999999999706e-02,-3.812090000000000201e-01,8.010200000000000653e-02,-2.266400000000000012e-02,1.043179999999999941e-01,1.000000000000000000e+00,-1.580950000000000133e-01,-1.581940000000000013e-01,-3.953899999999999776e-02,2.335170000000000023e-01,-2.873200000000000059e-02,2.013419999999999932e-01,-3.139750000000000041e-01,3.769879999999999898e-01,4.127800000000000219e-02,5.743000000000000188e-02,6.574000000000000676e-02,9.051000000000000018e-03,-1.253849999999999965e-01,-3.605360000000000231e-01,-2.190469999999999917e-01,-2.372340000000000004e-01,-1.361030000000000018e-01,-2.120190000000000130e-01,2.349749999999999894e-01,-1.765740000000000087e-01,-1.636509999999999909e-01,-1.343850000000000044e-01,-3.075470000000000148e-01,-1.133809999999999957e-01,-3.182999999999999718e-02,1.923769999999999925e-01,-1.304639999999999966e-01,1.081499999999999961e-01,6.919889999999999652e-01,-1.059459999999999985e-01,1.944049999999999945e-01,7.739300000000000346e-02,3.073299999999999990e-02,6.029999999999999943e-02,2.622889999999999944e-01,4.730000000000000177e-02,6.771399999999999642e-01,1.906349999999999989e-01,5.451000000000000290e-02,3.354000000000000210e-03,-3.925950000000000273e-01,1.389759999999999884e-01,-5.899499999999999883e-02,3.796100000000000169e-02,8.749620000000000175e-01,-1.755720000000000058e-01,-1.953320000000000056e-01,-7.036000000000000587e-02,2.889399999999999746e-01,2.017619999999999969e-01,1.632000000000000117e-01,-1.473039999999999905e-01,4.289660000000000140e-01,4.667299999999999921e-02,-2.265999999999999959e-02,-1.030380000000000046e-01,9.601500000000000312e-02
-8.592700000000000338e-02,-1.036620000000000041e-01,-1.046089999999999937e-01,5.968099999999999794e-02,-6.488099999999999423e-02,-1.240499999999999936e-02,-7.902499999999999802e-02,-1.022760000000000058e-01,1.134460000000000052e-01,-5.344900000000000345e-02,-3.672170000000000156e-01,-5.793999999999999671e-03,4.055500000000000077e-02,-1.585570000000000035e-01,1.792849999999999999e-01,2.995380000000000265e-01,-6.624399999999999733e-02,2.788769999999999860e-01,-1.580950000000000133e-01,1.000000000000000000e+00,-3.937100000000000322e-02,8.085689999999999822e-01,-2.145189999999999875e-01,-1.319359999999999977e-01,-1.577419999999999933e-01,6.557499999999999440e-02,2.317839999999999900e-01,1.907570000000000099e-01,3.030800000000000161e-01,4.579110000000000125e-01,3.860509999999999775e-01,-8.544999999999999818e-02,-4.174300000000000233e-02,5.568300000000000333e-02,5.467099999999999738e-02,2.790679999999999827e-01,1.921899999999999997e-01,2.424899999999999972e-02,-9.236500000000000266e-02,1.179599999999999954e-01,1.174399999999999923e-02,6.773200000000000054e-02,2.013560000000000072e-01,9.057099999999999873e-02,5.621600000000000208e-02,-4.429999999999999910e-03,-1.204250000000000043e-01,-6.794000000000000039e-02,1.460690000000000044e-01,-1.186949999999999950e-01,-1.194130000000000053e-01,1.211500000000000077e-02,-1.165560000000000068e-01,-1.287899999999999982e-02,-3.333280000000000132e-01,-4.154379999999999740e-01,-5.636100000000000138e-02,-2.362080000000000013e-01,5.440600000000000297e-02,2.083339999999999914e-01,-1.125290000000000040e-01,-1.919810000000000128e-01,-1.698260000000000047e-01,-3.111999999999999766e-01,6.732629999999999448e-01,-1.783909999999999940e-01,5.108390000000000430e-01,-2.009219999999999895e-01,-5.418699999999999906e-02,-2.542159999999999975e-01,3.534500000000000142e-02,1.659950000000000037e-01,4.746600000000000125e-02,6.140400000000000025e-02,2.299219999999999875e-01,1.959849999999999925e-01
