1.000000000000000000e+00,8.760099999999999831e-02,2.011570000000000025e-01,-3.990199999999999997e-02,3.332500000000000046e-02,-2.656999999999999987e-02,-9.339899999999999591e-02,6.235700000000000270e-02,-1.603870000000000018e-01,-5.630299999999999888e-02,2.249160000000000048e-01,2.244900000000000020e-02,5.340799999999999714e-02,2.441889999999999894e-01,6.757699999999999818e-01,3.422950000000000159e-01,5.279899999999999871e-02,2.669030000000000014e-01,3.479760000000000075e-01,5.129259999999999931e-01,6.126800000000000024e-01,6.221489999999999521e-01,2.453809999999999880e-01,2.142050000000000065e-01,3.995630000000000015e-01,4.245559999999999889e-01,4.193749999999999978e-01,3.688649999999999984e-01,5.402660000000000240e-01,4.835960000000000258e-01,5.345039999999999791e-01,4.199820000000000220e-01,3.335400000000000170e-02,3.863779999999999992e-01,1.098790000000000044e-01,-4.613400000000000140e-02,-2.622000000000000199e-03,1.153720000000000023e-01,3.646840000000000082e-01,-4.015200000000000019e-02,4.178879999999999817e-01,1.177490000000000064e-01,-7.133499999999999563e-02,3.749600000000000155e-02,-4.216400000000000009e-02,8.495489999999999986e-01,9.450999999999999679e-02,1.610360000000000125e-01,2.468920000000000003e-01,5.960300000000000320e-02,2.237000000000000099e-02,9.657499999999999418e-02,-1.892649999999999888e-01,-9.297600000000000309e-02,-3.462169999999999970e-01,9.789699999999999791e-02,-3.157619999999999871e-01,-1.042200000000000071e-02,1.551699999999999954e-02,6.984399999999999498e-01,6.036040000000000294e-01,-6.857499999999999707e-02,9.463599999999999790e-02,1.270409999999999873e-01,5.441430000000000433e-01,5.455689999999999706e-01,5.810779999999999834e-01,1.235559999999999992e-01,2.022200000000000039e-02,1.862810000000000021e-01,2.528119999999999812e-01,4.589199999999999946e-01,3.242220000000000102e-01,5.666440000000000365e-01,4.871300000000000074e-01,4.602269999999999972e-01
8.760099999999999831e-02,1.000000000000000000e+00,1.142729999999999996e-01,-8.391200000000000048e-02,-9.794200000000000128e-02,8.140610000000000346e-01,9.776200000000000168e-02,4.221460000000000212e-01,-2.014859999999999984e-01,-1.061119999999999980e-01,1.116900000000000011e-02,2.156409999999999993e-01,3.265609999999999902e-01,1.788230000000000097e-01,-1.070559999999999984e-01,3.743480000000000141e-01,5.997759999999999758e-01,6.470479999999999565e-01,8.628500000000000059e-02,-7.517100000000000171e-02,2.883189999999999920e-01,1.198390000000000011e-01,3.735260000000000247e-01,2.545220000000000260e-01,6.174950000000000161e-01,7.463619999999999699e-01,3.194999999999999923e-03,1.734199999999999978e-02,1.548080000000000012e-01,7.999100000000000654e-02,-1.289359999999999951e-01,3.556070000000000064e-01,3.676989999999999981e-01,1.479429999999999912e-01,-1.708040000000000114e-01,2.609719999999999818e-01,-3.877799999999999997e-02,1.126780000000000004e-01,3.713560000000000194e-01,3.789660000000000251e-01,1.371819999999999984e-01,6.290900000000000658e-02,1.619730000000000059e-01,-1.632689999999999975e-01,3.951500000000000151e-02,-2.250399999999999970e-02,5.366130000000000067e-01,8.859799999999999620e-02,5.400300000000000239e-02,-2.047900000000000068e-02,6.037639999999999674e-01,1.152510000000000062e-01,3.113000000000000211e-01,-2.972999999999999948e-03,-3.524599999999999955e-02,1.511869999999999881e-01,-1.622499999999999984e-02,3.482430000000000248e-01,-9.576400000000000190e-02,-4.162400000000000128e-02,-2.870500000000000135e-02,4.965330000000000021e-01,2.621439999999999881e-01,2.178529999999999911e-01,-1.756639999999999868e-01,1.941080000000000028e-01,-1.040250000000000064e-01,3.173070000000000057e-01,1.446669999999999900e-01,2.880780000000000007e-01,6.602379999999999916e-01,8.929499999999999937e-02,7.470100000000000351e-02,-1.658499999999999905e-02,6.233000000000000346e-02,-2.305379999999999929e-01
2.011570000000000025e-01,1.142729999999999996e-01,1.000000000000000000e+00,5.063600000000000045e-02,3.243539999999999757e-01,2.867179999999999729e-01,7.715800000000000436e-02,3.993729999999999780e-01,5.089129999999999487e-01,2.643099999999999894e-01,5.477469999999999839e-01,4.221710000000000185e-01,3.359489999999999976e-01,3.905879999999999908e-01,4.233879999999999866e-01,9.249999999999999889e-02,1.463490000000000069e-01,2.935829999999999829e-01,8.019359999999999822e-01,4.596379999999999910e-01,2.483150000000000079e-01,3.634410000000000140e-01,4.232909999999999728e-01,3.445670000000000122e-01,-8.491000000000000283e-03,2.464679999999999926e-01,1.534949999999999926e-01,5.491989999999999927e-01,1.872469999999999968e-01,4.854840000000000266e-01,4.190720000000000001e-01,5.052640000000000464e-01,8.265100000000000224e-02,3.253730000000000233e-01,2.259460000000000079e-01,-6.313900000000000068e-02,3.257050000000000223e-01,1.184729999999999950e-01,4.484540000000000193e-01,7.800300000000000289e-02,3.797710000000000252e-01,-1.101899999999999963e-01,5.278999999999999665e-02,4.003709999999999769e-01,-6.136699999999999794e-02,3.499360000000000248e-01,-3.753170000000000117e-01,7.851820000000000466e-01,5.288669999999999760e-01,9.682100000000000428e-02,8.147300000000000375e-02,2.947400000000000020e-02,1.318380000000000107e-01,5.496299999999999519e-01,-2.221599999999999964e-02,2.166130000000000000e-01,3.097289999999999766e-01,1.841669999999999974e-01,7.519800000000000095e-02,2.923290000000000055e-01,1.307190000000000019e-01,8.616899999999999560e-02,-1.770579999999999932e-01,4.978779999999999872e-01,4.730670000000000153e-01,1.800090000000000023e-01,3.849690000000000056e-01,2.990389999999999993e-01,3.250919999999999921e-01,-2.962960000000000038e-01,2.741999999999999993e-02,1.352760000000000074e-01,3.769359999999999933e-01,8.126700000000000590e-02,5.904199999999999449e-01,3.619499999999999940e-01
-3.990199999999999997e-02,-8.391200000000000048e-02,5.063600000000000045e-02,1.000000000000000000e+00,4.554309999999999747e-01,-5.055300000000000071e-02,2.656020000000000048e-01,1.881909999999999972e-01,3.214429999999999787e-01,4.485399999999999943e-01,4.101529999999999898e-01,3.376879999999999882e-01,3.023270000000000124e-01,1.839959999999999929e-01,-4.283200000000000202e-02,-2.057690000000000075e-01,1.748260000000000092e-01,-1.402710000000000068e-01,1.949750000000000094e-01,3.046099999999999849e-02,-5.470900000000000069e-02,-9.434800000000000131e-02,-3.216900000000000315e-02,3.370659999999999767e-01,-3.003799999999999873e-02,-1.313970000000000138e-01,-1.240460000000000035e-01,2.184760000000000035e-01,-8.699099999999999888e-02,-1.022900000000000025e-02,1.473970000000000002e-01,3.367099999999999954e-02,-3.074100000000000096e-02,1.661320000000000019e-01,2.718829999999999858e-01,2.262000000000000122e-01,3.189910000000000245e-01,2.316330000000000056e-01,7.074400000000000133e-02,-1.440780000000000116e-01,1.418609999999999871e-01,2.137030000000000041e-01,2.755179999999999851e-01,2.546390000000000042e-01,1.089870000000000005e-01,-8.258899999999999575e-02,-2.900650000000000173e-01,8.623999999999999722e-02,1.304460000000000064e-01,2.673989999999999978e-01,-1.285590000000000066e-01,4.902100000000000207e-02,2.532380000000000186e-01,1.745929999999999982e-01,4.090380000000000127e-01,3.569060000000000010e-01,3.236209999999999920e-01,-1.770529999999999882e-01,1.439890000000000059e-01,-2.013230000000000020e-01,-1.717930000000000013e-01,2.185209999999999930e-01,-1.962280000000000135e-01,4.591900000000000148e-02,-1.253559999999999952e-01,-9.192699999999999483e-02,-1.609819999999999862e-01,-7.855900000000000383e-02,2.748920000000000252e-01,-2.217979999999999952e-01,-1.349760000000000126e-01,-2.421909999999999896e-01,1.359930000000000028e-01,-2.137759999999999938e-01,2.710399999999999962e-02,5.913800000000000306e-02
3.332500000000000046e-02,-9.794200000000000128e-02,3.243539999999999757e-01,4.554309999999999747e-01,1.000000000000000000e+00,2.412200000000000108e-02,7.398709999999999454e-01,2.858459999999999890e-01,6.798840000000000439e-01,4.685300000000000020e-01,7.688260000000000094e-01,2.794420000000000237e-01,5.151940000000000408e-01,5.387420000000000542e-01,1.809000000000000052e-01,1.546190000000000064e-01,2.731330000000000147e-01,9.576900000000000690e-02,3.916250000000000009e-01,3.216229999999999922e-01,2.001030000000000031e-01,2.984769999999999923e-01,4.109899999999999665e-02,2.399020000000000041e-01,8.634300000000000308e-02,-4.014899999999999719e-02,4.285950000000000037e-01,5.993990000000000151e-01,2.991449999999999942e-01,3.613910000000000178e-01,4.985539999999999972e-01,1.890429999999999888e-01,7.207600000000000118e-02,3.127590000000000092e-01,4.246199999999999974e-01,8.570999999999999452e-02,1.455930000000000002e-01,2.365389999999999993e-01,1.748750000000000027e-01,1.168069999999999942e-01,3.269199999999999884e-01,2.623510000000000009e-01,1.208719999999999933e-01,2.824960000000000249e-01,2.908699999999999827e-02,5.197399999999999937e-02,-4.084160000000000013e-01,5.403350000000000097e-01,2.488970000000000071e-01,7.004770000000000163e-01,-1.983320000000000083e-01,4.440959999999999908e-01,2.474850000000000105e-01,5.370350000000000401e-01,3.469300000000000161e-01,6.645379999999999621e-01,2.655100000000000238e-01,-2.723300000000000165e-01,2.361370000000000136e-01,6.558200000000000141e-02,1.162860000000000005e-01,2.933160000000000212e-01,-1.076649999999999968e-01,2.130499999999999894e-01,2.737010000000000276e-01,1.887700000000000142e-02,2.478009999999999935e-01,-7.635200000000000320e-02,2.273080000000000100e-01,-2.173680000000000057e-01,-1.206789999999999946e-01,2.535330000000000084e-01,5.152689999999999770e-01,1.298020000000000007e-01,4.139200000000000101e-01,3.427229999999999999e-01
-2.656999999999999987e-02,8.140610000000000346e-01,2.867179999999999729e-01,-5.055300000000000071e-02,2.412200000000000108e-02,1.000000000000000000e+00,1.591569999999999929e-01,6.464429999999999898e-01,-9.819600000000000550e-02,5.198200000000000043e-02,4.691300000000000331e-02,4.660340000000000038e-01,4.257900000000000018e-01,2.802930000000000144e-01,-1.439590000000000036e-01,2.710719999999999796e-01,5.578290000000000193e-01,5.338559999999999972e-01,1.827050000000000063e-01,-1.171740000000000004e-01,3.547350000000000225e-01,2.338900000000000007e-02,5.845820000000000460e-01,4.452180000000000026e-01,3.863400000000000167e-01,6.417140000000000066e-01,-1.140099999999999968e-02,8.241999999999999327e-02,1.229709999999999970e-01,1.176959999999999951e-01,-1.224149999999999960e-01,4.311329999999999885e-01,3.372049999999999770e-01,1.803819999999999868e-01,-7.671600000000000641e-02,3.248500000000000276e-01,3.141000000000000042e-02,1.352109999999999979e-01,4.687120000000000175e-01,4.039909999999999890e-01,1.531490000000000073e-01,7.757000000000000006e-03,2.573650000000000104e-01,-7.733900000000000496e-02,9.198399999999999632e-02,-4.155899999999999872e-02,4.012410000000000143e-01,2.009269999999999945e-01,1.109760000000000052e-01,-2.696199999999999986e-02,7.534159999999999746e-01,1.824409999999999921e-01,5.772540000000000449e-01,8.578099999999999614e-02,1.067120000000000013e-01,1.553549999999999931e-01,2.110329999999999984e-01,5.075359999999999872e-01,2.520700000000000024e-02,-1.064269999999999938e-01,-1.207310000000000050e-01,5.176389999999999603e-01,2.824450000000000016e-01,2.223479999999999901e-01,-1.878720000000000112e-01,3.349699999999999900e-01,-1.421070000000000111e-01,5.075180000000000247e-01,3.916000000000000036e-01,1.866700000000000026e-01,6.462229999999999919e-01,4.379500000000000060e-02,1.453129999999999977e-01,-3.948800000000000227e-02,5.278299999999999659e-02,-2.156720000000000026e-01
-9.339899999999999591e-02,9.776200000000000168e-02,7.715800000000000436e-02,2.656020000000000048e-01,7.398709999999999454e-01,1.591569999999999929e-01,1.000000000000000000e+00,1.459920000000000107e-01,4.900610000000000244e-01,3.902530000000000165e-01,4.259379999999999833e-01,3.403799999999999881e-02,6.621000000000000218e-01,3.692699999999999871e-01,1.752700000000000091e-02,4.166219999999999923e-01,4.107430000000000248e-01,3.364599999999999813e-01,2.449699999999999933e-01,1.900959999999999872e-01,1.030819999999999931e-01,2.471099999999999963e-01,-1.616569999999999951e-01,6.069100000000000189e-02,2.669569999999999999e-01,-3.596499999999999697e-02,4.564059999999999784e-01,5.287250000000000005e-01,4.319239999999999746e-01,3.459630000000000205e-01,4.206309999999999771e-01,2.310550000000000104e-01,2.261940000000000062e-01,2.217699999999999949e-01,1.776689999999999936e-01,3.230700000000000238e-02,4.803999999999999937e-02,-1.408599999999999956e-02,1.757809999999999928e-01,2.226440000000000086e-01,2.482429999999999914e-01,9.400400000000000422e-02,5.374500000000000111e-02,2.251160000000000105e-01,-8.652999999999999234e-03,-1.358840000000000048e-01,-1.283880000000000021e-01,2.562030000000000141e-01,1.807670000000000110e-01,4.318600000000000216e-01,-9.750699999999999645e-02,5.398770000000000513e-01,9.494199999999999862e-02,3.527420000000000000e-01,3.769890000000000185e-01,3.934730000000000172e-01,8.953099999999999947e-02,-1.043909999999999977e-01,1.567910000000000137e-01,-1.301670000000000049e-01,1.649690000000000045e-01,3.962910000000000044e-01,1.981239999999999946e-01,1.902540000000000064e-01,1.892479999999999996e-01,-1.151979999999999948e-01,1.653469999999999940e-01,-2.650399999999999978e-01,5.654499999999999804e-02,9.721000000000000474e-03,-1.577510000000000023e-01,2.826230000000000131e-01,4.422260000000000080e-01,1.639210000000000111e-01,3.591090000000000115e-01,3.196289999999999965e-01
6.235700000000000270e-02,4.221460000000000212e-01,3.993729999999999780e-01,1.881909999999999972e-01,2.858459999999999890e-01,6.464429999999999898e-01,1.459920000000000107e-01,1.000000000000000000e+00,3.937399999999999928e-02,1.373739999999999961e-01,3.493080000000000074e-01,5.283130000000000326e-01,3.611340000000000106e-01,3.180640000000000134e-01,4.744099999999999706e-02,-1.212000000000000056e-02,3.200219999999999732e-01,2.754880000000000106e-01,3.341819999999999791e-01,3.427499999999999991e-02,4.886949999999999905e-01,7.645200000000000606e-02,8.108379999999999477e-01,4.823899999999999855e-01,8.145399999999999863e-02,4.045190000000000174e-01,1.680099999999999996e-02,2.243159999999999876e-01,6.286799999999999333e-02,2.021989999999999899e-01,6.035999999999999699e-02,5.015389999999999571e-01,1.043860000000000066e-01,1.212919999999999970e-01,1.895679999999999865e-01,3.115829999999999989e-01,1.312149999999999983e-01,3.030459999999999821e-01,5.140470000000000317e-01,2.073250000000000093e-01,1.322879999999999889e-01,1.249650000000000066e-01,3.592810000000000170e-01,-1.009900000000000034e-02,1.785360000000000003e-01,8.378800000000000137e-02,8.502999999999999448e-02,2.928180000000000227e-01,3.706280000000000130e-01,1.910580000000000056e-01,6.199759999999999716e-01,1.951569999999999971e-01,8.225000000000000089e-01,1.300320000000000087e-01,1.627599999999999880e-01,2.851429999999999798e-01,3.249119999999999786e-01,3.578330000000000122e-01,1.577590000000000103e-01,7.267000000000000022e-03,-1.282270000000000076e-01,3.216240000000000210e-01,2.710800000000000015e-02,1.512539999999999996e-01,-1.024690000000000045e-01,5.024750000000000050e-01,-6.919000000000000150e-02,6.900979999999999892e-01,5.347180000000000266e-01,-2.887100000000000083e-02,5.276699999999999724e-01,1.779199999999999879e-02,1.911190000000000111e-01,-8.060000000000000497e-02,2.225850000000000051e-01,-1.107660000000000033e-01
-1.603870000000000018e-01,-2.014859999999999984e-01,5.089129999999999487e-01,3.214429999999999787e-01,6.798840000000000439e-01,-9.819600000000000550e-02,4.900610000000000244e-01,3.937399999999999928e-02,1.000000000000000000e+00,4.347190000000000221e-01,5.925460000000000171e-01,2.462030000000000052e-01,4.277409999999999823e-01,2.721140000000000225e-01,5.500399999999999734e-02,8.878600000000000381e-02,2.157239999999999991e-01,9.313599999999999657e-02,5.620300000000000296e-01,2.341799999999999993e-01,-1.643030000000000046e-01,1.367029999999999912e-01,-1.584280000000000133e-01,1.217860000000000054e-01,-8.397399999999999309e-02,-1.702480000000000104e-01,7.127100000000000102e-02,5.725379999999999914e-01,4.145700000000000079e-02,3.940670000000000006e-01,4.225039999999999907e-01,1.066409999999999997e-01,9.051399999999999724e-02,3.968030000000000168e-01,3.767559999999999798e-01,-2.534089999999999954e-01,1.017850000000000005e-01,2.296199999999999977e-02,4.218000000000000395e-03,1.179309999999999942e-01,4.087990000000000235e-01,-1.287020000000000108e-01,-1.310040000000000093e-01,4.948139999999999761e-01,-7.936899999999999511e-02,-2.329499999999999973e-02,-5.493710000000000537e-01,6.085559999999999858e-01,2.238420000000000132e-01,4.306809999999999805e-01,-3.878829999999999778e-01,2.303300000000000070e-01,2.972199999999999842e-02,7.445979999999999821e-01,3.247499999999999831e-01,4.094220000000000081e-01,3.725919999999999788e-01,-1.573330000000000006e-01,3.595799999999999691e-02,-1.206870000000000026e-01,2.879599999999999868e-02,2.565580000000000083e-01,-4.766600000000000004e-02,3.944619999999999793e-01,2.749210000000000265e-01,-3.093409999999999771e-01,1.711129999999999873e-01,-2.254110000000000003e-01,1.193280000000000035e-01,-3.637520000000000198e-01,-3.238770000000000260e-01,-6.512999999999999345e-02,4.701690000000000036e-01,-2.598599999999999868e-02,4.093919999999999781e-01,3.637190000000000145e-01
-5.630299999999999888e-02,-1.061119999999999980e-01,2.643099999999999894e-01,4.485399999999999943e-01,4.685300000000000020e-01,5.198200000000000043e-02,3.902530000000000165e-01,1.373739999999999961e-01,4.347190000000000221e-01,1.000000000000000000e+00,5.233970000000000011e-01,5.492979999999999530e-01,2.648340000000000138e-01,4.230410000000000004e-01,3.706600000000000172e-02,2.280500000000000027e-01,1.805799999999999905e-01,1.621070000000000011e-01,3.269880000000000009e-01,1.545479999999999909e-01,8.599600000000000299e-02,8.479599999999999638e-02,-6.935499999999999998e-02,5.747820000000000151e-01,1.151380000000000042e-01,-6.614200000000000634e-02,6.701699999999999324e-02,2.802529999999999744e-01,8.608799999999999786e-02,1.359470000000000123e-01,3.381779999999999786e-01,2.056209999999999982e-01,1.972800000000000109e-01,4.562740000000000129e-01,4.149479999999999835e-01,-1.583950000000000080e-01,1.073299999999999949e-01,5.491610000000000102e-01,1.249539999999999956e-01,3.794489999999999807e-01,2.595450000000000257e-01,8.430300000000000293e-02,-1.712619999999999976e-01,2.887520000000000087e-01,4.197380000000000000e-01,-5.200300000000000061e-02,-3.434139999999999970e-01,3.268920000000000159e-01,2.783189999999999831e-01,4.219809999999999950e-01,-2.004960000000000075e-01,2.631029999999999758e-01,1.652959999999999985e-01,2.757789999999999964e-01,6.882089999999999597e-01,4.169959999999999778e-01,7.295049999999999590e-01,7.752900000000000069e-02,3.607000000000000206e-01,2.885599999999999971e-02,2.618900000000000047e-02,3.093460000000000099e-01,6.740599999999999370e-02,1.439239999999999964e-01,1.934510000000000118e-01,-1.276249999999999885e-01,1.208169999999999938e-01,-2.188140000000000085e-01,4.448079999999999812e-01,-3.107280000000000042e-01,-1.006500000000000034e-01,-7.083000000000000407e-02,3.079729999999999968e-01,7.646000000000000019e-03,9.510499999999999510e-02,2.874280000000000168e-01
2.249160000000000048e-01,1.116900000000000011e-02,5.477469999999999839e-01,4.101529999999999898e-01,7.688260000000000094e-01,4.691300000000000331e-02,4.259379999999999833e-01,3.493080000000000074e-01,5.925460000000000171e-01,5.233970000000000011e-01,1.000000000000000000e+00,4.037720000000000198e-01,3.487460000000000004e-01,5.946369999999999711e-01,3.785950000000000149e-01,2.220459999999999934e-01,2.066689999999999916e-01,2.311979999999999869e-01,5.987930000000000197e-01,4.151159999999999850e-01,2.553730000000000167e-01,4.039519999999999778e-01,1.585620000000000085e-01,4.020639999999999770e-01,1.602860000000000118e-01,1.275479999999999947e-01,3.661229999999999762e-01,5.635949999999999571e-01,2.994459999999999900e-01,3.304349999999999787e-01,5.698539999999999717e-01,3.228730000000000211e-01,2.259699999999999903e-02,4.547840000000000216e-01,5.655940000000000412e-01,-1.735799999999999843e-02,2.008919999999999872e-01,4.271440000000000237e-01,2.623309999999999809e-01,1.063619999999999982e-01,4.476769999999999916e-01,3.036470000000000002e-01,3.130000000000000143e-02,2.996969999999999912e-01,1.338620000000000088e-01,2.698470000000000035e-01,-4.389350000000000196e-01,6.349129999999999496e-01,5.419680000000000053e-01,6.125810000000000421e-01,-1.879649999999999932e-01,2.257709999999999995e-01,1.634190000000000087e-01,4.900390000000000024e-01,2.811739999999999795e-01,6.749199999999999644e-01,3.683029999999999915e-01,-2.632680000000000020e-01,2.297839999999999883e-01,2.988750000000000018e-01,2.149619999999999864e-01,2.590310000000000112e-01,-2.015810000000000102e-01,3.755939999999999834e-01,3.811039999999999983e-01,3.845799999999999913e-02,3.561590000000000034e-01,-2.219300000000000092e-02,3.297379999999999756e-01,-3.256459999999999910e-01,-4.159399999999999903e-02,2.451349999999999918e-01,4.535540000000000127e-01,1.275910000000000100e-01,4.905459999999999821e-01,3.733630000000000004e-01
2.244900000000000020e-02,2.156409999999999993e-01,4.221710000000000185e-01,3.376879999999999882e-01,2.794420000000000237e-01,4.660340000000000038e-01,3.403799999999999881e-02,5.283130000000000326e-01,2.462030000000000052e-01,5.492979999999999530e-01,4.037720000000000198e-01,1.000000000000000000e+00,2.619509999999999894e-01,4.397699999999999942e-01,4.713099999999999928e-02,1.250880000000000047e-01,3.938519999999999799e-01,2.163879999999999970e-01,3.548540000000000028e-01,-6.697999999999999787e-02,2.903439999999999910e-01,-7.653500000000000580e-02,3.715390000000000081e-01,8.670900000000000274e-01,-6.099799999999999667e-02,3.677360000000000073e-01,-1.766729999999999967e-01,2.566849999999999965e-01,-8.967600000000000571e-02,2.471839999999999871e-01,9.947499999999999398e-02,3.426379999999999981e-01,3.919659999999999811e-01,3.695769999999999889e-01,3.551750000000000185e-01,3.341600000000000126e-02,-4.877200000000000285e-02,5.360920000000000130e-01,2.400519999999999876e-01,3.375879999999999992e-01,3.454709999999999726e-01,-1.538600000000000037e-02,7.728300000000000447e-02,2.265989999999999949e-01,3.691699999999999982e-01,2.786599999999999841e-02,-2.062509999999999899e-01,2.820949999999999847e-01,1.994960000000000067e-01,2.158609999999999973e-01,1.395170000000000021e-01,9.511300000000000310e-02,4.706339999999999968e-01,1.755490000000000106e-01,4.859330000000000038e-01,2.884059999999999957e-01,7.371490000000000542e-01,2.362839999999999940e-01,3.333289999999999864e-01,-4.410800000000000137e-02,-1.854399999999999937e-01,3.432230000000000003e-01,5.588800000000000018e-02,5.567300000000000026e-02,-9.072299999999999809e-02,1.448250000000000093e-01,-1.148279999999999995e-01,1.972250000000000114e-01,7.085270000000000179e-01,-2.529210000000000069e-01,2.388069999999999915e-01,-2.544239999999999835e-01,2.896219999999999906e-01,-2.031229999999999980e-01,1.613690000000000124e-01,6.670299999999999840e-02
5.340799999999999714e-02,3.265609999999999902e-01,3.359489999999999976e-01,3.023270000000000124e-01,5.151940000000000408e-01,4.257900000000000018e-01,6.621000000000000218e-01,3.611340000000000106e-01,4.277409999999999823e-01,2.648340000000000138e-01,3.487460000000000004e-01,2.619509999999999894e-01,1.000000000000000000e+00,2.623329999999999829e-01,1.630989999999999940e-01,2.709489999999999954e-01,6.196369999999999933e-01,5.191470000000000251e-01,4.829570000000000252e-01,2.855550000000000033e-01,2.228189999999999893e-01,2.516490000000000116e-01,1.469930000000000125e-01,2.865059999999999829e-01,3.409650000000000181e-01,1.509439999999999948e-01,1.709769999999999901e-01,6.886069999999999691e-01,4.277489999999999903e-01,4.096009999999999929e-01,3.369650000000000145e-01,4.479310000000000236e-01,1.935649999999999871e-01,2.053089999999999915e-01,7.153400000000000036e-02,3.219099999999999739e-01,2.732490000000000197e-01,-1.750099999999999920e-02,3.360779999999999879e-01,1.036709999999999993e-01,2.744090000000000140e-01,6.876599999999999380e-02,3.927229999999999888e-01,2.963459999999999983e-01,-4.232099999999999751e-02,2.232500000000000109e-02,-1.191050000000000025e-01,3.758679999999999799e-01,3.683500000000000107e-01,1.600719999999999921e-01,1.851959999999999995e-01,3.678989999999999760e-01,1.904339999999999922e-01,4.796909999999999785e-01,2.595950000000000202e-01,3.051760000000000028e-01,7.982499999999999318e-02,2.146200000000000052e-01,-5.168199999999999877e-02,-1.513329999999999953e-01,2.139439999999999953e-01,5.285250000000000226e-01,1.993290000000000062e-01,4.995229999999999948e-01,1.364710000000000090e-01,1.409829999999999972e-01,9.099000000000000143e-02,6.636999999999999844e-02,2.987349999999999728e-01,7.610100000000000198e-02,4.983900000000000136e-02,5.414700000000000069e-02,5.765000000000000124e-01,1.691570000000000018e-01,4.711520000000000152e-01,2.618400000000000172e-01
2.441889999999999894e-01,1.788230000000000097e-01,3.905879999999999908e-01,1.839959999999999929e-01,5.387420000000000542e-01,2.802930000000000144e-01,3.692699999999999871e-01,3.180640000000000134e-01,2.721140000000000225e-01,4.230410000000000004e-01,5.946369999999999711e-01,4.397699999999999942e-01,2.623329999999999829e-01,1.000000000000000000e+00,3.020619999999999972e-01,2.872950000000000226e-01,1.159670000000000006e-01,2.649650000000000061e-01,3.437709999999999932e-01,3.239909999999999735e-01,4.553869999999999862e-01,3.676659999999999928e-01,2.074650000000000105e-01,4.739439999999999764e-01,2.476389999999999980e-01,3.036479999999999735e-01,4.264740000000000197e-01,4.259120000000000128e-01,3.272490000000000121e-01,3.695249999999999924e-01,4.342260000000000009e-01,3.634330000000000060e-01,2.852040000000000131e-01,3.866660000000000097e-01,3.477750000000000008e-01,-5.380800000000000166e-02,1.610350000000000115e-01,4.785110000000000197e-01,4.077569999999999806e-01,3.424070000000000169e-01,4.027850000000000041e-01,2.484979999999999967e-01,-8.793800000000000228e-02,2.486619999999999941e-01,2.279599999999999960e-01,2.558250000000000246e-01,-1.355540000000000078e-01,4.151309999999999722e-01,3.982620000000000049e-01,5.597290000000000321e-01,1.131000000000000061e-02,4.329669999999999908e-01,2.140029999999999988e-01,9.547100000000000031e-02,1.976910000000000056e-01,4.361090000000000244e-01,3.076530000000000098e-01,-3.064899999999999916e-02,6.266899999999999693e-01,3.252430000000000043e-01,1.385139999999999982e-01,2.105080000000000007e-01,-2.308800000000000088e-02,-2.848099999999999937e-02,2.883919999999999817e-01,3.126630000000000242e-01,2.940969999999999973e-01,7.619499999999999884e-02,3.693930000000000269e-01,1.497799999999999999e-02,2.559859999999999913e-01,3.627980000000000094e-01,3.556590000000000029e-01,2.419709999999999916e-01,3.934639999999999804e-01,3.484300000000000175e-01
6.757699999999999818e-01,-1.070559999999999984e-01,4.233879999999999866e-01,-4.283200000000000202e-02,1.809000000000000052e-01,-1.439590000000000036e-01,1.752700000000000091e-02,4.744099999999999706e-02,5.500399999999999734e-02,3.706600000000000172e-02,3.785950000000000149e-01,4.713099999999999928e-02,1.630989999999999940e-01,3.020619999999999972e-01,1.000000000000000000e+00,2.314930000000000043e-01,-1.251099999999999955e-02,2.531959999999999766e-01,5.210280000000000467e-01,7.413290000000000157e-01,5.629819999999999824e-01,6.964050000000000518e-01,1.918569999999999998e-01,1.659390000000000032e-01,1.685750000000000026e-01,2.415879999999999972e-01,4.090900000000000092e-01,5.922880000000000367e-01,6.076719999999999899e-01,6.188050000000000495e-01,6.951289999999999969e-01,4.620779999999999887e-01,-1.678840000000000054e-01,2.146389999999999965e-01,1.961040000000000005e-01,-9.919600000000000639e-02,1.744249999999999967e-01,7.834000000000000685e-02,3.575980000000000270e-01,-2.772290000000000032e-01,2.898330000000000073e-01,1.998010000000000064e-01,-1.945099999999999954e-02,2.864979999999999749e-01,-4.966999999999999887e-02,7.585389999999999633e-01,-2.312909999999999966e-01,3.531179999999999874e-01,5.518199999999999772e-01,3.146299999999999791e-02,-1.162230000000000069e-01,7.082999999999999886e-03,-2.940809999999999813e-01,9.369800000000000351e-02,-2.803629999999999733e-01,4.684699999999999975e-02,-1.615459999999999952e-01,-7.021600000000000064e-02,8.419400000000000495e-02,7.687530000000000197e-01,6.210130000000000372e-01,-1.678570000000000062e-01,-1.292750000000000010e-01,1.908809999999999951e-01,7.225369999999999848e-01,4.387570000000000081e-01,7.091870000000000118e-01,7.614500000000000435e-02,3.670799999999999758e-02,-6.812999999999999612e-02,6.268000000000000134e-03,4.032060000000000088e-01,3.948780000000000068e-01,5.698459999999999637e-01,7.590850000000000097e-01,6.279639999999999667e-01
3.422950000000000159e-01,3.743480000000000141e-01,9.249999999999999889e-02,-2.057690000000000075e-01,1.546190000000000064e-01,2.710719999999999796e-01,4.166219999999999923e-01,-1.212000000000000056e-02,8.878600000000000381e-02,2.280500000000000027e-01,2.220459999999999934e-01,1.250880000000000047e-01,2.709489999999999954e-01,2.872950000000000226e-01,2.314930000000000043e-01,1.000000000000000000e+00,4.683669999999999778e-01,7.183040000000000536e-01,2.853629999999999778e-01,1.765980000000000050e-01,3.943220000000000058e-01,4.448079999999999812e-01,-1.137679999999999941e-01,2.367329999999999990e-01,4.523240000000000038e-01,5.006620000000000514e-01,3.945210000000000106e-01,4.089039999999999897e-01,5.735590000000000410e-01,4.954470000000000263e-01,5.095490000000000297e-01,3.373269999999999880e-01,3.926850000000000063e-01,4.800139999999999962e-01,1.421520000000000006e-01,-3.262209999999999832e-01,-3.327249999999999930e-01,1.407390000000000030e-01,2.137499999999999956e-01,4.208580000000000099e-01,4.094470000000000054e-01,-2.087900000000000172e-02,-4.178910000000000124e-01,6.433300000000000129e-02,5.216599999999999709e-02,2.886199999999999877e-01,1.395899999999999919e-01,1.439439999999999886e-01,1.081469999999999931e-01,2.230399999999999883e-01,-1.100909999999999944e-01,1.988520000000000010e-01,-1.540809999999999957e-01,4.905000000000000332e-02,6.494999999999999385e-02,1.984380000000000033e-01,5.041600000000000248e-02,6.708999999999999686e-02,1.470680000000000043e-01,3.512979999999999992e-01,5.106749999999999901e-01,3.564169999999999838e-01,5.330319999999999503e-01,1.298300000000000010e-01,3.842679999999999985e-01,3.324900000000000078e-02,4.089740000000000042e-01,-3.324940000000000118e-01,-8.196299999999999419e-02,-7.205999999999999732e-03,1.689479999999999871e-01,3.077570000000000028e-01,4.577539999999999942e-01,4.015509999999999913e-01,4.281440000000000246e-01,4.527180000000000093e-01
5.279899999999999871e-02,5.997759999999999758e-01,1.463490000000000069e-01,1.748260000000000092e-01,2.731330000000000147e-01,5.578290000000000193e-01,4.107430000000000248e-01,3.200219999999999732e-01,2.157239999999999991e-01,1.805799999999999905e-01,2.066689999999999916e-01,3.938519999999999799e-01,6.196369999999999933e-01,1.159670000000000006e-01,-1.251099999999999955e-02,4.683669999999999778e-01,1.000000000000000000e+00,6.639909999999999979e-01,2.815010000000000012e-01,-8.219899999999999429e-02,1.650600000000000123e-01,8.325000000000000802e-03,1.121169999999999944e-01,4.143240000000000256e-01,4.322369999999999823e-01,5.538710000000000022e-01,-7.619599999999999984e-02,3.944329999999999781e-01,2.415799999999999892e-01,2.924149999999999805e-01,1.359390000000000043e-01,2.716330000000000133e-01,5.034800000000000386e-01,2.939089999999999758e-01,-3.671399999999999664e-02,2.626850000000000018e-01,-1.426399999999999890e-01,1.012000000000000052e-02,1.729710000000000136e-01,2.918589999999999796e-01,2.979069999999999774e-01,6.293100000000000083e-02,2.327849999999999919e-01,-5.504900000000000071e-02,-7.999599999999999766e-02,-5.364100000000000118e-02,7.473699999999999788e-02,1.887500000000000011e-01,-4.845999999999999613e-03,1.068209999999999993e-01,1.676960000000000117e-01,7.610500000000000598e-02,2.292009999999999881e-01,2.457280000000000020e-01,2.995900000000000230e-01,3.501949999999999785e-01,1.902619999999999867e-01,1.342869999999999897e-01,-1.455230000000000135e-01,-1.922379999999999922e-01,1.816999999999999865e-02,7.272640000000000216e-01,4.203210000000000002e-01,3.631130000000000191e-01,-1.524610000000000132e-01,-1.615600000000000022e-02,-1.160709999999999936e-01,-1.533900000000000020e-02,2.479230000000000045e-01,4.030399999999999955e-02,3.010470000000000090e-01,-2.006290000000000018e-01,4.632669999999999844e-01,-5.892300000000000315e-02,2.534629999999999939e-01,2.961099999999999843e-02
2.669030000000000014e-01,6.470479999999999565e-01,2.935829999999999829e-01,-1.402710000000000068e-01,9.576900000000000690e-02,5.338559999999999972e-01,3.364599999999999813e-01,2.754880000000000106e-01,9.313599999999999657e-02,1.621070000000000011e-01,2.311979999999999869e-01,2.163879999999999970e-01,5.191470000000000251e-01,2.649650000000000061e-01,2.531959999999999766e-01,7.183040000000000536e-01,6.639909999999999979e-01,1.000000000000000000e+00,4.057060000000000111e-01,2.404249999999999998e-01,4.129630000000000245e-01,4.277960000000000096e-01,1.512529999999999986e-01,3.358280000000000154e-01,5.933650000000000313e-01,5.934390000000000498e-01,2.152499999999999969e-01,4.218899999999999872e-01,5.199690000000000145e-01,3.915319999999999911e-01,3.957700000000000107e-01,5.695940000000000447e-01,3.728130000000000055e-01,4.148029999999999773e-01,-4.113200000000000189e-02,2.285299999999999832e-02,-3.044999999999999964e-03,1.642379999999999951e-01,3.878249999999999753e-01,3.970589999999999953e-01,3.825219999999999732e-01,1.005250000000000032e-01,3.373500000000000110e-02,8.249800000000000189e-02,5.430299999999999710e-02,2.218340000000000034e-01,1.491800000000000070e-01,3.297720000000000096e-01,3.668879999999999919e-01,5.775099999999999678e-02,2.669279999999999986e-01,1.602459999999999996e-01,-3.298500000000000043e-02,2.714989999999999903e-01,4.748299999999999743e-02,2.197999999999999954e-01,7.843799999999999384e-02,2.702869999999999995e-01,3.598300000000000110e-02,1.735160000000000036e-01,4.009489999999999998e-01,5.152470000000000105e-01,4.747279999999999833e-01,3.934219999999999939e-01,2.325679999999999970e-01,1.337520000000000098e-01,2.980519999999999836e-01,-3.104099999999999915e-02,1.866200000000000081e-01,5.875699999999999673e-02,3.578629999999999867e-01,1.739169999999999883e-01,4.149720000000000075e-01,3.072190000000000198e-01,4.481519999999999948e-01,2.788550000000000195e-01
3.479760000000000075e-01,8.628500000000000059e-02,8.019359999999999822e-01,1.949750000000000094e-01,3.916250000000000009e-01,1.827050000000000063e-01,2.449699999999999933e-01,3.341819999999999791e-01,5.620300000000000296e-01,3.269880000000000009e-01,5.987930000000000197e-01,3.548540000000000028e-01,4.829570000000000252e-01,3.437709999999999932e-01,5.210280000000000467e-01,2.853629999999999778e-01,2.815010000000000012e-01,4.057060000000000111e-01,1.000000000000000000e+00,4.576979999999999937e-01,2.491819999999999868e-01,4.052499999999999991e-01,3.189799999999999858e-01,3.595419999999999727e-01,5.452400000000000302e-02,2.160880000000000023e-01,1.325759999999999994e-01,6.906660000000000021e-01,2.872259999999999813e-01,6.237899999999999556e-01,5.797170000000000378e-01,5.097159999999999469e-01,3.545800000000000340e-02,4.550719999999999765e-01,3.385799999999999921e-01,-1.470970000000000055e-01,2.614659999999999762e-01,1.007740000000000025e-01,3.578189999999999982e-01,-2.290999999999999981e-02,4.681170000000000053e-01,-1.509729999999999961e-01,6.050999999999999955e-03,5.402829999999999577e-01,-1.438379999999999936e-01,4.658240000000000158e-01,-3.887450000000000072e-01,6.080330000000000457e-01,5.531270000000000353e-01,7.105799999999999617e-02,-4.396200000000000108e-02,7.017400000000000027e-02,4.181499999999999800e-02,5.061539999999999928e-01,3.273700000000000221e-02,1.900340000000000085e-01,2.306020000000000014e-01,1.713969999999999938e-01,1.480999999999999895e-03,3.016389999999999905e-01,2.955980000000000274e-01,1.827950000000000130e-01,-5.702200000000000324e-02,5.690140000000000198e-01,5.049529999999999852e-01,1.391719999999999902e-01,4.162930000000000241e-01,1.475680000000000047e-01,2.524310000000000165e-01,-3.473089999999999788e-01,-9.499399999999999511e-02,6.057799999999999990e-02,4.870340000000000225e-01,1.185289999999999955e-01,7.297190000000000065e-01,4.564929999999999821e-01
5.129259999999999931e-01,-7.517100000000000171e-02,4.596379999999999910e-01,3.046099999999999849e-02,3.216229999999999922e-01,-1.171740000000000004e-01,1.900959999999999872e-01,3.427499999999999991e-02,2.341799999999999993e-01,1.545479999999999909e-01,4.151159999999999850e-01,-6.697999999999999787e-02,2.855550000000000033e-01,3.239909999999999735e-01,7.413290000000000157e-01,1.765980000000000050e-01,-8.219899999999999429e-02,2.404249999999999998e-01,4.576979999999999937e-01,1.000000000000000000e+00,5.359519999999999840e-01,8.723109999999999475e-01,1.250870000000000037e-01,6.717399999999999760e-02,2.960130000000000261e-01,7.095300000000000218e-02,5.559450000000000225e-01,5.909180000000000543e-01,6.545130000000000114e-01,5.432820000000000427e-01,6.877699999999999925e-01,4.775170000000000248e-01,-1.608070000000000055e-01,2.059900000000000064e-01,1.598620000000000041e-01,-1.840599999999999875e-02,3.620380000000000265e-01,1.243589999999999973e-01,3.810479999999999978e-01,-3.756999999999999923e-02,2.139459999999999973e-01,9.320799999999999919e-02,2.533499999999999988e-02,3.102059999999999818e-01,-6.832799999999999985e-02,5.541380000000000194e-01,-2.778829999999999911e-01,5.420199999999999463e-01,5.598159999999999803e-01,2.389229999999999965e-01,-9.025500000000000189e-02,2.253950000000000120e-01,-2.096000000000000085e-01,3.572219999999999840e-01,-1.946489999999999887e-01,2.503319999999999990e-01,-1.490879999999999983e-01,-7.080200000000000382e-02,8.774999999999999814e-03,6.202199999999999935e-01,5.482259999999999911e-01,-7.597700000000000287e-02,-1.762309999999999988e-01,3.701559999999999850e-01,8.408120000000000038e-01,4.118950000000000111e-01,8.124449999999999728e-01,3.806400000000000061e-02,8.522399999999999420e-02,-6.551999999999999491e-02,-8.047999999999999599e-03,5.491340000000000110e-01,4.232560000000000211e-01,6.223180000000000378e-01,6.724360000000000337e-01,6.496859999999999857e-01
