1.000000000000000000e+00,-2.518360000000000043e-01,-1.164899999999999963e-01,1.721129999999999882e-01,2.757799999999999835e-02,-1.492580000000000018e-01,-2.061669999999999892e-01,-1.897089999999999888e-01,-1.986680000000000113e-01,7.080999999999999794e-02,2.083859999999999879e-01,3.029799999999999854e-02,-1.815569999999999962e-01,1.451880000000000115e-01,5.648060000000000302e-01,4.357130000000000170e-01,2.484699999999999964e-01,1.088409999999999933e-01,3.223679999999999879e-01,4.022839999999999749e-01,6.285570000000000324e-01,5.198749999999999760e-01,6.637899999999999356e-02,2.914379999999999749e-01,-2.160819999999999963e-01,3.246890000000000054e-01,-4.535999999999999754e-02,4.555210000000000092e-01,4.781199999999999894e-01,4.828250000000000042e-01,7.060870000000000202e-01,3.351709999999999967e-01,3.890609999999999902e-01,6.419540000000000246e-01,2.573469999999999924e-01,1.016060000000000019e-01,-4.847400000000000320e-02,4.286399999999999932e-02,3.604979999999999851e-01,2.850889999999999813e-01,5.893880000000000230e-01,3.866700000000000137e-01,-2.101300000000000043e-02,-2.276759999999999895e-01,1.167699999999999988e-01,6.638979999999999881e-01,-2.012400000000000022e-01,-1.815690000000000082e-01,-8.729599999999999860e-02,2.414200000000000026e-02,-1.263579999999999981e-01,-2.616040000000000032e-01,-9.638800000000000145e-02,-1.867999999999999938e-01,2.066700000000000134e-02,3.582599999999999674e-02,8.340000000000000191e-03,-2.830520000000000258e-01,4.836100000000000121e-02,5.843009999999999593e-01,5.294809999999999794e-01,1.037160000000000026e-01,2.897560000000000136e-01,1.098499999999999997e-02,4.025610000000000022e-01,5.748490000000000544e-01,5.929410000000000514e-01,1.808699999999999891e-02,2.817620000000000124e-01,-8.272599999999999398e-02,4.050900000000000056e-01,1.257449999999999957e-01,4.362260000000000026e-01,5.107620000000000493e-01,4.814579999999999971e-01,6.725759999999999517e-01
-2.518360000000000043e-01,1.000000000000000000e+00,-1.802620000000000056e-01,-1.481200000000000017e-01,1.079699999999999931e-02,7.769260000000000055e-01,1.167969999999999980e-01,2.603849999999999776e-01,-6.074000000000000232e-02,6.732200000000000684e-02,-8.323500000000000343e-02,3.220699999999999952e-02,7.060889999999999667e-01,2.176069999999999949e-01,-2.771500000000000075e-01,3.577139999999999764e-01,3.689769999999999994e-01,2.343909999999999882e-01,9.995600000000000318e-02,-1.431429999999999925e-01,-1.028830000000000022e-01,1.613099999999999951e-02,4.009880000000000111e-01,-1.658400000000000152e-02,5.551789999999999781e-01,4.936760000000000037e-01,7.101599999999999580e-02,1.841579999999999884e-01,5.910100000000000076e-02,3.177599999999999869e-02,-1.205389999999999934e-01,1.603839999999999988e-01,3.099930000000000185e-01,9.616299999999999848e-02,-3.791599999999999832e-02,-4.866999999999999799e-03,-2.544100000000000250e-01,2.635699999999999849e-02,4.261100000000000304e-02,2.304879999999999984e-01,-1.038000000000000034e-02,2.731700000000000100e-02,1.151620000000000005e-01,-2.531149999999999789e-01,-3.599100000000000216e-02,-1.903870000000000007e-01,6.782070000000000043e-01,-2.963299999999999962e-02,-1.217619999999999952e-01,-8.477000000000000160e-03,5.232710000000000417e-01,-2.716599999999999918e-02,2.732789999999999941e-01,8.009000000000000494e-03,-1.958270000000000011e-01,1.707029999999999936e-01,-5.210000000000000221e-03,5.050609999999999822e-01,5.781999999999999813e-03,-3.776909999999999989e-01,1.368219999999999992e-01,3.872760000000000091e-01,3.269009999999999971e-01,5.251299999999999718e-02,-1.929649999999999976e-01,-1.637750000000000039e-01,-1.099849999999999994e-01,2.921079999999999788e-01,7.829899999999999360e-02,2.960030000000000161e-01,3.184069999999999956e-01,-1.704680000000000084e-01,4.313499999999999973e-02,-2.936869999999999759e-01,-3.638600000000000168e-02,-8.576200000000000490e-02
-1.164899999999999963e-01,-1.802620000000000056e-01,1.000000000000000000e+00,2.227540000000000076e-01,3.148360000000000047e-01,-3.093170000000000086e-01,1.338060000000000083e-01,3.789060000000000206e-01,3.851519999999999944e-01,-2.589940000000000020e-01,5.786289999999999489e-01,1.278559999999999974e-01,-2.125249999999999917e-01,4.012099999999999694e-02,-1.017190000000000039e-01,-3.677440000000000153e-01,-4.184089999999999754e-01,-3.531340000000000034e-01,1.330590000000000106e-01,-1.541939999999999977e-01,-1.154590000000000061e-01,-1.752049999999999996e-01,-4.178300000000000070e-02,-4.609100000000000003e-02,-2.193029999999999979e-01,-2.943140000000000200e-01,-1.225600000000000023e-01,-1.099549999999999972e-01,-2.771950000000000247e-01,6.757499999999999618e-02,-1.973250000000000004e-01,-2.817149999999999932e-01,-2.203600000000000003e-01,-2.806029999999999913e-01,1.426510000000000000e-01,-4.102939999999999920e-01,-2.111260000000000081e-01,3.130510000000000237e-01,-3.308269999999999822e-01,-2.885329999999999839e-01,-2.347960000000000047e-01,-8.300999999999999351e-03,-3.456130000000000035e-01,-3.933999999999999997e-02,4.332369999999999832e-01,-3.763170000000000126e-01,-1.558529999999999915e-01,6.556100000000000261e-01,2.901329999999999742e-01,3.928599999999999870e-01,-8.053499999999999548e-02,4.242549999999999932e-01,2.231869999999999965e-01,5.081579999999999986e-01,-1.956380000000000063e-01,3.200149999999999939e-01,7.899299999999999378e-02,-9.799700000000000077e-02,-1.736429999999999918e-01,-1.292159999999999975e-01,-2.268540000000000001e-01,-1.154400000000000009e-01,-2.858669999999999822e-01,1.648950000000000138e-01,-2.008399999999999908e-01,-2.045460000000000056e-01,-1.152890000000000026e-01,-3.765999999999999816e-03,-2.227999999999999946e-03,-9.835000000000000686e-02,-8.402300000000000046e-02,1.333509999999999973e-01,-2.522100000000000036e-02,-1.134150000000000019e-01,9.186800000000000521e-02,-2.342579999999999940e-01
1.721129999999999882e-01,-1.481200000000000017e-01,2.227540000000000076e-01,1.000000000000000000e+00,3.813170000000000170e-01,-1.761899999999999925e-02,8.406500000000000083e-02,2.882069999999999910e-01,1.524020000000000097e-01,2.137779999999999958e-01,1.755349999999999966e-01,2.604960000000000053e-01,-2.096999999999999906e-02,3.927689999999999793e-01,8.959300000000000597e-02,-1.719350000000000045e-01,9.239999999999999603e-02,-2.178990000000000093e-01,2.382099999999999843e-02,3.993100000000000122e-02,1.223619999999999985e-01,3.494799999999999990e-02,4.614399999999999752e-02,1.375490000000000046e-01,-1.826319999999999888e-01,3.223800000000000276e-02,-1.241189999999999932e-01,3.430630000000000068e-01,1.943539999999999990e-01,3.557150000000000034e-01,2.323850000000000082e-01,2.454240000000000033e-01,-1.309720000000000051e-01,2.502980000000000205e-01,3.034209999999999963e-01,1.931539999999999924e-01,1.646410000000000096e-01,4.540239999999999831e-01,1.935340000000000116e-01,1.960200000000000137e-02,2.435509999999999897e-01,2.430390000000000050e-01,2.415829999999999922e-01,1.940830000000000055e-01,2.396560000000000079e-01,4.165499999999999758e-02,-2.757879999999999776e-01,2.065730000000000066e-01,7.528409999999999824e-01,3.241439999999999877e-01,-8.518299999999999483e-02,6.591800000000000437e-02,1.213909999999999989e-01,2.401240000000000041e-01,1.812499999999999944e-01,1.074480000000000018e-01,2.493390000000000051e-01,-7.729700000000000459e-02,1.048059999999999964e-01,9.703199999999999326e-02,-2.149520000000000042e-01,-1.475300000000000049e-02,-2.851159999999999806e-01,-1.867999999999999869e-02,1.276599999999999957e-01,3.071600000000000025e-02,-2.191399999999999945e-02,-2.069999999999999965e-02,1.961769999999999903e-01,-3.380190000000000139e-01,8.301100000000000145e-02,-1.654800000000000021e-02,2.601180000000000159e-01,2.456849999999999867e-01,3.469550000000000134e-01,3.040320000000000245e-01
2.757799999999999835e-02,1.079699999999999931e-02,3.148360000000000047e-01,3.813170000000000170e-01,1.000000000000000000e+00,1.657700000000000146e-02,6.259639999999999649e-01,3.913329999999999864e-01,6.681890000000000329e-01,3.670459999999999834e-01,3.531099999999999794e-01,4.231240000000000001e-01,5.005099999999999827e-02,6.079149999999999832e-01,3.807900000000000174e-02,-1.826699999999999990e-01,1.901390000000000025e-01,-1.838430000000000064e-01,1.833919999999999995e-01,1.301410000000000067e-01,2.261160000000000114e-01,1.448029999999999873e-01,4.125000000000000194e-02,3.042409999999999837e-01,-8.327299999999999980e-02,1.598099999999999868e-02,2.436949999999999950e-01,3.144779999999999798e-01,3.139959999999999973e-01,5.102780000000000094e-01,2.402950000000000086e-01,2.780590000000000006e-01,-1.191920000000000063e-01,1.915540000000000020e-01,3.559249999999999914e-01,-5.588000000000000085e-03,-1.259019999999999861e-01,4.649269999999999792e-01,1.099539999999999962e-01,4.866399999999999892e-02,2.529120000000000257e-01,2.638050000000000117e-01,9.848300000000000110e-02,1.084890000000000021e-01,3.052679999999999838e-01,9.043999999999999956e-03,-4.017470000000000208e-01,3.750129999999999852e-01,3.982519999999999949e-01,7.624720000000000386e-01,-1.585590000000000055e-01,5.459180000000000144e-01,2.472389999999999866e-01,5.403780000000000250e-01,1.597550000000000081e-01,3.539660000000000029e-01,3.081369999999999942e-01,-3.556000000000000133e-02,-7.971000000000000654e-03,2.040099999999999900e-02,-1.692980000000000040e-01,5.675600000000000089e-02,-2.015540000000000109e-01,3.316060000000000119e-01,6.074299999999999838e-02,2.326800000000000049e-02,4.933799999999999991e-02,-8.163700000000000123e-02,2.023729999999999973e-01,-4.195010000000000128e-01,-6.851500000000000645e-02,1.890880000000000061e-01,4.327739999999999920e-01,2.089989999999999903e-01,5.193179999999999463e-01,1.806770000000000043e-01
-1.492580000000000018e-01,7.769260000000000055e-01,-3.093170000000000086e-01,-1.761899999999999925e-02,1.657700000000000146e-02,1.000000000000000000e+00,-2.495400000000000049e-02,3.345389999999999753e-01,-8.893399999999999916e-02,2.216960000000000042e-01,-1.261559999999999904e-01,1.940759999999999985e-01,8.694100000000000161e-01,3.468870000000000009e-01,2.818999999999999891e-03,3.623609999999999887e-01,4.168589999999999796e-01,2.890559999999999796e-01,1.751169999999999949e-01,4.259999999999999898e-03,1.636170000000000124e-01,-2.305600000000000011e-02,7.035559999999999592e-01,1.713020000000000098e-01,2.744690000000000185e-01,6.206270000000000397e-01,-8.411599999999999633e-02,3.958269999999999844e-01,1.789640000000000120e-01,1.473750000000000060e-01,1.664399999999999907e-02,2.871380000000000043e-01,2.402410000000000101e-01,1.947379999999999944e-01,-3.402299999999999769e-02,1.913320000000000021e-01,-7.328500000000000292e-02,2.899399999999999894e-02,1.370740000000000014e-01,2.693150000000000266e-01,4.156800000000000078e-02,1.454209999999999947e-01,3.198119999999999852e-01,-1.957450000000000023e-01,-7.112699999999999578e-02,-6.526500000000000357e-02,5.768990000000000506e-01,-7.305599999999999594e-02,-8.990099999999999481e-02,-4.216400000000000009e-02,7.861669999999999492e-01,-1.615679999999999894e-01,4.812469999999999803e-01,-6.574900000000000189e-02,-7.303199999999999970e-02,1.541959999999999997e-01,2.390279999999999905e-01,6.980539999999999523e-01,1.925320000000000087e-01,-2.315609999999999891e-01,1.861510000000000109e-01,5.698779999999999957e-01,3.979079999999999839e-01,1.091020000000000045e-01,-4.902200000000000307e-02,1.125489999999999963e-01,-1.041360000000000063e-01,5.747259999999999591e-01,2.874059999999999948e-01,8.518100000000000671e-02,4.377050000000000107e-01,-2.694489999999999941e-01,1.868080000000000018e-01,-2.226650000000000018e-01,1.932999999999999996e-02,5.541999999999999704e-02
-2.061669999999999892e-01,1.167969999999999980e-01,1.338060000000000083e-01,8.406500000000000083e-02,6.259639999999999649e-01,-2.495400000000000049e-02,1.000000000000000000e+00,8.906699999999999340e-02,4.705230000000000246e-01,3.042969999999999842e-01,-5.385000000000000030e-03,2.123869999999999925e-01,-6.925099999999999312e-02,4.448909999999999809e-01,-4.696899999999999686e-02,-2.673800000000000066e-01,-1.757600000000000134e-02,-2.969189999999999885e-01,4.353400000000000325e-02,-5.308299999999999824e-02,1.657799999999999899e-02,6.008499999999999952e-02,-1.902510000000000034e-01,8.921700000000000463e-02,3.115709999999999869e-01,-1.583330000000000015e-01,5.935920000000000085e-01,-7.955600000000000172e-02,2.586030000000000273e-01,3.096789999999999821e-01,1.046470000000000039e-01,2.000659999999999938e-01,4.420999999999999930e-02,1.050289999999999974e-01,3.611559999999999770e-01,-5.943600000000000272e-02,-2.399090000000000111e-01,2.375249999999999861e-01,1.222919999999999979e-01,7.868999999999999606e-02,2.078990000000000005e-01,8.484300000000000175e-02,8.351500000000000590e-02,6.189000000000000057e-02,1.493250000000000133e-01,-1.232270000000000032e-01,-2.386659999999999893e-01,2.350760000000000072e-01,1.307689999999999964e-01,4.208950000000000191e-01,-2.346630000000000105e-01,6.557380000000000431e-01,1.739399999999999974e-02,3.579539999999999944e-01,2.118120000000000003e-01,1.457630000000000037e-01,1.008899999999999936e-01,-1.067879999999999940e-01,5.472000000000000301e-03,-4.305599999999999705e-02,-3.795510000000000272e-01,-1.528079999999999994e-01,-3.416520000000000112e-01,2.635259999999999825e-01,-1.162269999999999970e-01,-7.633900000000000408e-02,4.393400000000000083e-02,-2.783909999999999996e-01,-2.627900000000000028e-02,-1.428989999999999982e-01,-2.417219999999999924e-01,3.785310000000000064e-01,1.189130000000000048e-01,2.338580000000000103e-01,2.856500000000000150e-01,2.815000000000000141e-02
-1.897089999999999888e-01,2.603849999999999776e-01,3.789060000000000206e-01,2.882069999999999910e-01,3.913329999999999864e-01,3.345389999999999753e-01,8.906699999999999340e-02,1.000000000000000000e+00,2.636200000000000210e-01,4.966999999999999887e-02,3.370029999999999970e-01,4.012020000000000031e-01,2.933589999999999809e-01,4.450310000000000099e-01,-1.076769999999999949e-01,1.140000000000000063e-04,9.875499999999999556e-02,-4.654400000000000204e-02,2.274970000000000048e-01,-6.548800000000000454e-02,3.152100000000000041e-02,-1.542719999999999925e-01,4.316849999999999854e-01,1.981249999999999956e-01,-9.877099999999999769e-02,1.887780000000000014e-01,-1.885239999999999971e-01,2.641580000000000039e-01,-6.154599999999999654e-02,2.989840000000000275e-01,-1.101399999999999949e-02,2.191520000000000135e-01,8.401599999999999346e-02,-1.839299999999999963e-02,1.863930000000000031e-01,9.181599999999999484e-02,-1.427269999999999928e-01,3.639359999999999817e-01,1.135929999999999995e-01,9.289899999999999547e-02,-7.737299999999999733e-02,1.879039999999999877e-01,2.139070000000000138e-01,-1.283809999999999951e-01,3.198829999999999729e-01,-2.451419999999999988e-01,9.018099999999999727e-02,4.234319999999999751e-01,2.478049999999999975e-01,3.858380000000000143e-01,3.273829999999999796e-01,1.670030000000000125e-01,8.105280000000000262e-01,3.660229999999999873e-01,-1.742680000000000062e-01,3.711679999999999979e-01,3.286930000000000129e-01,2.541140000000000065e-01,2.272550000000000125e-01,-3.093839999999999923e-01,-2.414900000000000033e-02,1.418470000000000009e-01,3.174899999999999944e-02,2.858220000000000205e-01,-1.641320000000000001e-01,-7.215100000000000680e-02,-1.173619999999999941e-01,3.611329999999999818e-01,2.620879999999999876e-01,-3.171999999999999820e-01,1.447450000000000125e-01,-2.093069999999999931e-01,1.426969999999999905e-01,-1.979760000000000131e-01,2.063099999999999934e-01,-1.102230000000000015e-01
-1.986680000000000113e-01,-6.074000000000000232e-02,3.851519999999999944e-01,1.524020000000000097e-01,6.681890000000000329e-01,-8.893399999999999916e-02,4.705230000000000246e-01,2.636200000000000210e-01,1.000000000000000000e+00,9.891500000000000292e-02,1.472509999999999930e-01,2.555089999999999861e-01,-9.397899999999999310e-02,3.721780000000000088e-01,6.808899999999999675e-02,-2.992029999999999967e-01,-2.983900000000000094e-02,-3.114720000000000266e-01,1.675989999999999980e-01,7.497399999999999898e-02,5.854999999999999788e-02,2.614500000000000157e-02,-1.074490000000000028e-01,1.048000000000000043e-01,-3.202659999999999951e-01,-1.250320000000000042e-01,2.830400000000000138e-01,-5.556000000000000175e-03,7.860599999999999532e-02,2.583500000000000241e-01,-1.174430000000000057e-01,-1.108320000000000000e-01,-2.708209999999999784e-01,-1.603219999999999923e-01,2.332180000000000086e-01,-1.984140000000000070e-01,-2.340190000000000048e-01,4.027740000000000209e-01,-1.286140000000000061e-01,-1.043660000000000004e-01,-1.259989999999999999e-01,3.100149999999999850e-01,-8.218200000000000505e-02,-1.089029999999999998e-01,3.716099999999999959e-01,-2.605859999999999843e-01,-3.808259999999999978e-01,5.501070000000000126e-01,3.109779999999999767e-01,6.035209999999999742e-01,-1.923380000000000090e-01,4.101259999999999906e-01,1.124890000000000057e-01,7.736849999999999561e-01,6.004999999999999921e-02,2.651189999999999936e-01,2.281700000000000117e-01,-7.301100000000000645e-02,-1.116999999999999937e-03,-3.147000000000000058e-03,-2.490279999999999994e-01,-6.289400000000000546e-02,-1.666469999999999896e-01,4.009499999999999731e-01,-8.921999999999999376e-02,-1.271770000000000123e-01,2.336799999999999988e-02,-1.364609999999999990e-01,4.068599999999999994e-02,-3.259190000000000142e-01,-1.534949999999999926e-01,3.272329999999999961e-01,1.101720000000000060e-01,9.389999999999999476e-04,2.453960000000000030e-01,-1.156979999999999953e-01
7.080999999999999794e-02,6.732200000000000684e-02,-2.589940000000000020e-01,2.137779999999999958e-01,3.670459999999999834e-01,2.216960000000000042e-01,3.042969999999999842e-01,4.966999999999999887e-02,9.891500000000000292e-02,1.000000000000000000e+00,-2.613230000000000275e-01,3.864330000000000265e-01,2.383560000000000123e-01,4.704909999999999926e-01,3.552400000000000002e-02,1.309670000000000001e-01,4.978719999999999812e-01,3.016409999999999925e-01,1.526490000000000069e-01,1.223410000000000053e-01,2.067120000000000068e-01,1.723830000000000084e-01,1.397710000000000063e-01,4.162429999999999741e-01,1.395560000000000134e-01,2.184170000000000000e-01,1.840160000000000129e-01,3.612739999999999840e-01,3.401629999999999932e-01,3.232050000000000201e-01,3.465360000000000107e-01,4.694189999999999752e-01,1.440740000000000076e-01,1.697549999999999892e-01,-1.460999999999999972e-02,2.774599999999999844e-01,2.107430000000000136e-01,1.350499999999999964e-02,3.288429999999999964e-01,2.918089999999999851e-01,2.480640000000000067e-01,1.615300000000000069e-01,3.420440000000000147e-01,3.075620000000000021e-01,-2.723039999999999905e-01,3.259670000000000067e-01,-6.819000000000000061e-02,-6.941200000000000148e-02,6.569200000000000039e-02,2.054390000000000105e-01,5.484599999999999892e-02,1.565060000000000062e-01,7.743700000000000583e-02,-1.687400000000000011e-02,5.606839999999999602e-01,-1.444529999999999981e-01,3.042380000000000084e-01,2.272629999999999928e-01,-1.178500000000000034e-02,-8.700099999999999500e-02,8.693700000000000039e-02,3.116320000000000201e-01,1.962379999999999958e-01,2.832339999999999858e-01,1.448240000000000083e-01,1.537139999999999895e-01,1.536500000000000019e-02,-3.112000000000000183e-03,3.559539999999999926e-01,-8.341999999999999416e-02,1.341849999999999987e-01,-2.213999999999999996e-02,4.651440000000000019e-01,2.134850000000000081e-01,4.379930000000000212e-01,3.402060000000000084e-01
2.083859999999999879e-01,-8.323500000000000343e-02,5.786289999999999489e-01,1.755349999999999966e-01,3.531099999999999794e-01,-1.261559999999999904e-01,-5.385000000000000030e-03,3.370029999999999970e-01,1.472509999999999930e-01,-2.613230000000000275e-01,1.000000000000000000e+00,2.596339999999999759e-01,-1.115199999999999941e-01,1.546829999999999872e-01,1.013740000000000058e-01,-7.341300000000000603e-02,-2.084189999999999932e-01,-9.676099999999999979e-02,3.574080000000000035e-01,1.103429999999999966e-01,2.018580000000000096e-01,7.838599999999999735e-02,1.438589999999999869e-01,2.005119999999999958e-01,-1.876899999999999957e-01,1.099979999999999986e-01,-1.650169999999999970e-01,1.058439999999999936e-01,-5.928300000000000236e-02,3.206689999999999818e-01,1.687089999999999979e-01,-4.456500000000000045e-02,-4.726000000000000340e-02,1.654009999999999925e-01,4.248640000000000194e-01,-3.357769999999999921e-01,-3.101800000000000113e-01,3.170290000000000052e-01,-1.551669999999999994e-01,-9.668699999999999517e-02,1.233009999999999939e-01,1.797370000000000079e-01,-2.817069999999999852e-01,-2.428750000000000075e-01,5.216220000000000301e-01,-4.604300000000000059e-02,-3.891800000000000120e-02,3.378169999999999784e-01,1.269669999999999965e-01,5.056819999999999649e-01,5.078200000000000075e-02,2.775270000000000237e-01,3.207160000000000011e-01,3.542649999999999966e-01,-1.045480000000000020e-01,6.841709999999999736e-01,1.911650000000000016e-01,-6.518300000000000483e-02,-8.434600000000000430e-02,1.177580000000000016e-01,2.948299999999999879e-02,4.516000000000000049e-03,-6.787500000000000477e-02,1.363119999999999887e-01,8.408200000000000396e-02,1.729799999999999949e-01,1.734989999999999866e-01,8.615699999999999747e-02,2.395210000000000117e-01,-1.215379999999999933e-01,2.535330000000000084e-01,4.567399999999999932e-02,1.786880000000000135e-01,1.779000000000000026e-02,3.168030000000000013e-01,1.087390000000000023e-01
3.029799999999999854e-02,3.220699999999999952e-02,1.278559999999999974e-01,2.604960000000000053e-01,4.231240000000000001e-01,1.940759999999999985e-01,2.123869999999999925e-01,4.012020000000000031e-01,2.555089999999999861e-01,3.864330000000000265e-01,2.596339999999999759e-01,1.000000000000000000e+00,1.014570000000000055e-01,4.791440000000000143e-01,1.175410000000000066e-01,-2.173799999999999899e-01,7.631200000000000483e-02,-3.012300000000000047e-02,2.687430000000000097e-01,1.782449999999999868e-01,3.952939999999999787e-01,5.942999999999999672e-02,3.853779999999999983e-01,8.247090000000000254e-01,-1.841460000000000041e-01,4.535759999999999792e-01,-1.487900000000000056e-01,1.783830000000000138e-01,-4.108799999999999952e-02,2.994990000000000152e-01,1.244439999999999991e-01,2.195020000000000027e-01,9.123599999999999766e-02,6.177300000000000152e-02,2.684010000000000007e-01,8.419100000000000195e-02,-1.265509999999999968e-01,5.707069999999999643e-01,4.335900000000000171e-02,3.356629999999999892e-01,1.473770000000000080e-01,1.565880000000000050e-01,3.185149999999999926e-01,3.168200000000000183e-02,4.445370000000000155e-01,1.182050000000000045e-01,-1.697629999999999972e-01,1.141910000000000008e-01,1.635320000000000107e-01,4.287839999999999985e-01,8.797299999999999565e-02,3.055700000000000083e-01,4.966800000000000104e-01,2.622120000000000006e-01,3.777519999999999767e-01,3.089069999999999871e-01,8.453720000000000123e-01,6.346000000000000252e-02,1.094340000000000035e-01,5.912999999999999853e-03,-2.658960000000000212e-01,1.156299999999999967e-01,-1.264260000000000106e-01,2.880980000000000207e-01,1.984299999999999953e-01,2.480870000000000020e-01,2.253600000000000048e-02,1.083009999999999945e-01,7.266930000000000334e-01,-5.172080000000000011e-01,2.918850000000000056e-01,-1.474999999999999922e-01,1.887929999999999886e-01,-6.336799999999999378e-02,4.678720000000000101e-01,3.539199999999999985e-02
-1.815569999999999962e-01,7.060889999999999667e-01,-2.125249999999999917e-01,-2.096999999999999906e-02,5.005099999999999827e-02,8.694100000000000161e-01,-6.925099999999999312e-02,2.933589999999999809e-01,-9.397899999999999310e-02,2.383560000000000123e-01,-1.115199999999999941e-01,1.014570000000000055e-01,1.000000000000000000e+00,1.399739999999999873e-01,-7.052200000000000135e-02,4.186270000000000269e-01,4.629139999999999922e-01,4.474859999999999949e-01,4.126900000000000013e-02,-2.407600000000000018e-02,6.212600000000000067e-02,-2.711500000000000021e-02,5.474109999999999809e-01,3.455300000000000038e-02,2.655699999999999728e-01,4.495589999999999864e-01,-2.614480000000000137e-01,4.702160000000000228e-01,1.262089999999999879e-01,2.531100000000000017e-02,-9.341000000000000345e-03,2.377690000000000081e-01,1.620419999999999916e-01,1.936690000000000078e-01,-1.404410000000000103e-01,2.034819999999999962e-01,-3.510999999999999798e-03,-7.174600000000000422e-02,8.369400000000000450e-02,1.638959999999999861e-01,-1.334899999999999975e-02,3.713299999999999934e-02,2.768950000000000022e-01,-7.662900000000000267e-02,-1.549010000000000109e-01,-1.019280000000000047e-01,5.331820000000000448e-01,-2.083099999999999882e-02,-8.105400000000000105e-02,-2.708699999999999997e-02,6.630890000000000395e-01,-6.008600000000000052e-02,4.048080000000000012e-01,-4.993100000000000316e-02,-4.512599999999999945e-02,1.012549999999999978e-01,1.364039999999999975e-01,7.970169999999999755e-01,1.383790000000000020e-01,-3.175859999999999794e-01,2.308469999999999966e-01,6.551679999999999726e-01,4.446189999999999864e-01,-5.393799999999999983e-02,-8.088199999999999557e-02,-1.412799999999999993e-02,-2.051890000000000103e-01,4.529460000000000153e-01,1.954599999999999949e-01,1.291200000000000125e-01,2.983720000000000261e-01,-3.760859999999999759e-01,2.456079999999999930e-01,-2.628010000000000068e-01,-1.006019999999999970e-01,3.401900000000000063e-02
1.451880000000000115e-01,2.176069999999999949e-01,4.012099999999999694e-02,3.927689999999999793e-01,6.079149999999999832e-01,3.468870000000000009e-01,4.448909999999999809e-01,4.450310000000000099e-01,3.721780000000000088e-01,4.704909999999999926e-01,1.546829999999999872e-01,4.791440000000000143e-01,1.399739999999999873e-01,1.000000000000000000e+00,2.706319999999999837e-01,-2.891200000000000020e-02,3.289690000000000114e-01,-1.723149999999999959e-01,3.334750000000000214e-01,2.489770000000000039e-01,3.620929999999999982e-01,2.021260000000000001e-01,3.203400000000000136e-01,4.520020000000000149e-01,-1.025370000000000031e-01,3.452520000000000033e-01,3.314500000000000224e-01,4.062560000000000060e-01,3.635320000000000218e-01,6.798840000000000439e-01,3.556429999999999869e-01,4.177609999999999935e-01,1.884850000000000136e-01,2.634199999999999875e-01,3.465809999999999724e-01,1.359750000000000125e-01,-1.943689999999999862e-01,3.180629999999999846e-01,2.777519999999999989e-01,3.678489999999999815e-01,2.752109999999999834e-01,4.208759999999999724e-01,3.376430000000000264e-01,-1.157389999999999947e-01,2.087080000000000046e-01,9.642299999999999482e-02,-1.404749999999999888e-01,2.521249999999999880e-01,2.248610000000000053e-01,5.132830000000000448e-01,2.325260000000000105e-01,2.113839999999999886e-01,4.389589999999999881e-01,3.670510000000000161e-01,1.553809999999999913e-01,2.797729999999999939e-01,4.858509999999999773e-01,8.863000000000000045e-02,1.823529999999999873e-01,1.368169999999999942e-01,-5.122999999999999950e-03,1.860030000000000017e-01,4.243399999999999950e-02,3.714359999999999884e-01,1.445019999999999916e-01,2.129719999999999946e-01,2.651919999999999833e-01,1.952299999999999869e-01,3.514689999999999759e-01,-3.987910000000000066e-01,2.376250000000000029e-01,1.969889999999999974e-01,4.374520000000000075e-01,2.167280000000000040e-01,6.287719999999999976e-01,3.631429999999999936e-01
5.648060000000000302e-01,-2.771500000000000075e-01,-1.017190000000000039e-01,8.959300000000000597e-02,3.807900000000000174e-02,2.818999999999999891e-03,-4.696899999999999686e-02,-1.076769999999999949e-01,6.808899999999999675e-02,3.552400000000000002e-02,1.013740000000000058e-01,1.175410000000000066e-01,-7.052200000000000135e-02,2.706319999999999837e-01,1.000000000000000000e+00,1.716040000000000065e-01,1.372339999999999949e-01,-9.406299999999999384e-02,1.973179999999999934e-01,6.080860000000000154e-01,7.490080000000000071e-01,5.436560000000000281e-01,1.595560000000000034e-01,2.303040000000000087e-01,-4.048479999999999857e-01,2.686569999999999792e-01,1.751000000000000056e-01,3.587040000000000228e-01,5.289030000000000120e-01,4.775119999999999920e-01,5.643449999999999855e-01,1.887959999999999916e-01,1.751199999999999979e-01,4.054030000000000133e-01,3.788540000000000241e-01,-1.703199999999999853e-02,-2.060639999999999972e-01,2.918700000000000114e-02,2.883240000000000247e-01,2.125809999999999922e-01,3.595130000000000270e-01,4.802919999999999967e-01,7.399999999999999623e-05,-3.355440000000000089e-01,2.360520000000000118e-01,3.570130000000000248e-01,-1.596269999999999911e-01,6.214000000000000079e-02,-1.208290000000000058e-01,1.508899999999999963e-01,1.311710000000000098e-01,-2.331099999999999839e-02,9.627600000000000047e-02,1.392500000000000127e-01,1.120899999999999952e-01,1.505819999999999936e-01,2.520680000000000143e-01,-2.551799999999999902e-02,1.789050000000000085e-01,8.230469999999999731e-01,3.925899999999999945e-01,1.849010000000000098e-01,2.607749999999999790e-01,3.638700000000000268e-02,4.747859999999999858e-01,6.664799999999999613e-01,7.330109999999999681e-01,1.956720000000000126e-01,2.828769999999999896e-01,-1.265979999999999883e-01,3.788650000000000073e-01,4.355499999999999927e-01,3.749930000000000208e-01,5.537940000000000085e-01,4.103849999999999998e-01,5.556459999999999733e-01
4.357130000000000170e-01,3.577139999999999764e-01,-3.677440000000000153e-01,-1.719350000000000045e-01,-1.826699999999999990e-01,3.623609999999999887e-01,-2.673800000000000066e-01,1.140000000000000063e-04,-2.992029999999999967e-01,1.309670000000000001e-01,-7.341300000000000603e-02,-2.173799999999999899e-01,4.186270000000000269e-01,-2.891200000000000020e-02,1.716040000000000065e-01,1.000000000000000000e+00,5.659490000000000354e-01,6.849100000000000188e-01,2.440460000000000129e-01,1.967830000000000135e-01,2.327879999999999949e-01,4.009320000000000106e-01,2.536030000000000229e-01,-4.173099999999999726e-02,1.906579999999999941e-01,4.289089999999999847e-01,-9.938700000000000312e-02,5.192719999999999558e-01,4.116670000000000051e-01,1.886599999999999944e-01,4.129399999999999737e-01,2.790050000000000030e-01,3.778650000000000064e-01,4.769280000000000186e-01,2.707199999999999884e-02,1.549969999999999959e-01,-3.503499999999999670e-02,-2.751529999999999809e-01,3.059100000000000152e-01,2.564110000000000000e-01,3.127170000000000227e-01,2.117799999999999960e-01,9.879999999999999893e-03,-3.047009999999999996e-01,-2.100029999999999952e-01,3.402180000000000204e-01,3.338539999999999841e-01,-1.618300000000000016e-01,-3.229299999999999948e-01,-8.322400000000000631e-02,2.454260000000000053e-01,-3.360890000000000266e-01,8.618499999999999772e-02,-2.038260000000000072e-01,-1.761520000000000030e-01,3.604199999999999765e-02,-1.545360000000000067e-01,2.358679999999999943e-01,1.022969999999999990e-01,5.077199999999999769e-02,7.472050000000000081e-01,3.872630000000000239e-01,6.474680000000000435e-01,-5.537999999999999867e-02,1.100129999999999997e-01,2.479119999999999935e-01,2.996909999999999852e-01,2.337549999999999906e-01,1.159850000000000048e-01,1.855150000000000132e-01,3.555579999999999852e-01,-1.769660000000000122e-01,3.501949999999999785e-01,1.027509999999999951e-01,1.584059999999999913e-01,3.641630000000000145e-01
2.484699999999999964e-01,3.689769999999999994e-01,-4.184089999999999754e-01,9.239999999999999603e-02,1.901390000000000025e-01,4.168589999999999796e-01,-1.757600000000000134e-02,9.875499999999999556e-02,-2.983900000000000094e-02,4.978719999999999812e-01,-2.084189999999999932e-01,7.631200000000000483e-02,4.629139999999999922e-01,3.289690000000000114e-01,1.372339999999999949e-01,5.659490000000000354e-01,1.000000000000000000e+00,4.513889999999999847e-01,2.131730000000000014e-01,2.587979999999999725e-01,2.872850000000000126e-01,4.040219999999999922e-01,1.497989999999999877e-01,1.246260000000000007e-01,1.161589999999999984e-01,3.358679999999999999e-01,7.093299999999999605e-02,5.742770000000000374e-01,4.873730000000000007e-01,2.517110000000000181e-01,4.146210000000000173e-01,4.219140000000000112e-01,2.443970000000000031e-01,3.477469999999999728e-01,7.588599999999999512e-02,2.790799999999999947e-01,-3.586299999999999905e-02,-8.547699999999999743e-02,3.660530000000000173e-01,3.738360000000000016e-01,2.854780000000000095e-01,1.540920000000000067e-01,2.921929999999999805e-01,-1.411389999999999867e-01,-1.471250000000000058e-01,3.166950000000000043e-01,1.612560000000000104e-01,-1.156100000000000044e-01,3.670299999999999951e-02,6.735800000000000121e-02,1.837249999999999994e-01,-1.017369999999999941e-01,1.223280000000000062e-01,-4.460700000000000082e-02,2.094840000000000035e-01,1.995600000000000152e-02,9.073799999999999921e-02,3.549910000000000010e-01,5.831700000000000078e-02,3.099199999999999872e-02,4.534520000000000217e-01,5.456600000000000339e-01,5.566710000000000269e-01,9.300899999999999446e-02,2.105069999999999997e-01,2.202600000000000113e-01,2.084809999999999997e-01,9.186900000000000621e-02,2.145160000000000122e-01,1.753100000000000144e-02,2.308800000000000019e-01,-8.566899999999999515e-02,4.485899999999999888e-01,1.786570000000000102e-01,2.562610000000000166e-01,5.027490000000000014e-01
1.088409999999999933e-01,2.343909999999999882e-01,-3.531340000000000034e-01,-2.178990000000000093e-01,-1.838430000000000064e-01,2.890559999999999796e-01,-2.969189999999999885e-01,-4.654400000000000204e-02,-3.114720000000000266e-01,3.016409999999999925e-01,-9.676099999999999979e-02,-3.012300000000000047e-02,4.474859999999999949e-01,-1.723149999999999959e-01,-9.406299999999999384e-02,6.849100000000000188e-01,4.513889999999999847e-01,1.000000000000000000e+00,1.762970000000000093e-01,2.464500000000000024e-02,-2.881600000000000134e-02,1.587320000000000120e-01,1.425359999999999960e-01,9.437099999999999655e-02,2.649210000000000176e-01,2.991139999999999910e-01,-2.483549999999999924e-01,2.715440000000000076e-01,1.522590000000000054e-01,-5.752600000000000074e-02,1.592770000000000019e-01,1.749840000000000007e-01,9.113699999999999579e-02,2.090809999999999891e-01,-2.279660000000000020e-01,2.901099999999999790e-01,2.739130000000000176e-01,-3.054180000000000228e-01,1.414940000000000087e-01,6.479899999999999549e-02,1.174169999999999936e-01,-6.161300000000000110e-02,1.522189999999999932e-01,8.964199999999999946e-02,-3.370239999999999903e-01,1.797300000000000009e-01,2.147660000000000124e-01,-2.921340000000000048e-01,-3.123679999999999790e-01,-1.690560000000000118e-01,1.056350000000000067e-01,-2.620899999999999896e-01,-2.412500000000000061e-02,-2.869929999999999981e-01,8.824700000000000599e-02,-1.502050000000000052e-01,-4.211600000000000066e-02,2.354020000000000001e-01,9.121300000000000241e-02,-2.350820000000000132e-01,4.486029999999999740e-01,2.519140000000000268e-01,4.274609999999999799e-01,-8.858900000000000108e-02,8.045900000000000274e-02,-1.079999999999999960e-04,-1.056799999999999927e-02,-2.279000000000000123e-02,1.096499999999999975e-01,1.248480000000000006e-01,7.323799999999999755e-02,-3.622500000000000164e-01,1.553400000000000059e-01,-6.913300000000000001e-02,1.465499999999999962e-02,8.182200000000000584e-02
3.223679999999999879e-01,9.995600000000000318e-02,1.330590000000000106e-01,2.382099999999999843e-02,1.833919999999999995e-01,1.751169999999999949e-01,4.353400000000000325e-02,2.274970000000000048e-01,1.675989999999999980e-01,1.526490000000000069e-01,3.574080000000000035e-01,2.687430000000000097e-01,4.126900000000000013e-02,3.334750000000000214e-01,1.973179999999999934e-01,2.440460000000000129e-01,2.131730000000000014e-01,1.762970000000000093e-01,1.000000000000000000e+00,1.422710000000000086e-01,3.898739999999999983e-01,2.357450000000000101e-01,2.661450000000000204e-01,3.642799999999999927e-01,-7.996699999999999642e-02,3.765490000000000226e-01,-2.337300000000000141e-02,4.248759999999999759e-01,1.762749999999999873e-01,5.198760000000000048e-01,2.917100000000000248e-01,3.623410000000000242e-01,3.572049999999999947e-01,4.011770000000000058e-01,2.656720000000000192e-01,4.934000000000000018e-03,-2.048999999999999988e-01,1.400569999999999871e-01,3.150819999999999732e-01,3.609470000000000178e-01,3.929440000000000155e-01,1.585749999999999937e-01,1.124219999999999942e-01,-3.871189999999999909e-01,2.000220000000000053e-01,3.142389999999999906e-01,8.954800000000000260e-02,1.661809999999999954e-01,2.993200000000000027e-02,2.494450000000000001e-01,1.017880000000000035e-01,4.513600000000000251e-02,3.304500000000000215e-01,1.557189999999999963e-01,1.037099999999999966e-01,1.923980000000000135e-01,2.454800000000000038e-01,5.229199999999999821e-02,-1.110000000000000011e-04,1.098839999999999956e-01,2.560959999999999903e-01,2.351590000000000069e-01,2.941739999999999911e-01,6.368899999999999562e-01,1.695059999999999900e-01,3.791519999999999890e-01,3.496819999999999928e-01,1.047300000000000036e-01,4.104119999999999990e-01,-7.508499999999999897e-02,3.995960000000000067e-01,8.019199999999999939e-02,4.335089999999999777e-01,1.483909999999999951e-01,4.709499999999999797e-01,2.923419999999999908e-01
4.022839999999999749e-01,-1.431429999999999925e-01,-1.541939999999999977e-01,3.993100000000000122e-02,1.301410000000000067e-01,4.259999999999999898e-03,-5.308299999999999824e-02,-6.548800000000000454e-02,7.497399999999999898e-02,1.223410000000000053e-01,1.103429999999999966e-01,1.782449999999999868e-01,-2.407600000000000018e-02,2.489770000000000039e-01,6.080860000000000154e-01,1.967830000000000135e-01,2.587979999999999725e-01,2.464500000000000024e-02,1.422710000000000086e-01,1.000000000000000000e+00,6.295530000000000292e-01,8.216670000000000362e-01,1.452150000000000107e-01,3.330989999999999784e-01,-2.573010000000000019e-01,1.761119999999999908e-01,1.227479999999999960e-01,4.621480000000000032e-01,5.487750000000000128e-01,4.940979999999999817e-01,5.797200000000000131e-01,2.199419999999999986e-01,3.100500000000000131e-02,3.458640000000000048e-01,2.300349999999999895e-01,2.398220000000000074e-01,-2.538699999999999984e-02,9.923800000000000676e-02,2.577169999999999739e-01,2.012750000000000095e-01,3.681869999999999865e-01,1.565259999999999985e-01,1.773959999999999981e-01,-8.329999999999999905e-02,2.186829999999999885e-01,4.565250000000000141e-01,-6.225599999999999884e-02,1.201040000000000024e-01,-3.418000000000000031e-03,2.623610000000000109e-01,3.930899999999999672e-02,1.103080000000000033e-01,8.272500000000000686e-02,1.540860000000000007e-01,2.978620000000000156e-01,1.911799999999999888e-01,1.898579999999999990e-01,4.946699999999999708e-02,1.767469999999999875e-01,5.697689999999999699e-01,3.254980000000000095e-01,2.236170000000000102e-01,2.670930000000000248e-01,-5.121200000000000058e-02,8.576589999999999492e-01,5.032379999999999631e-01,7.210630000000000095e-01,1.733049999999999868e-01,3.892619999999999969e-01,-1.007040000000000018e-01,2.222099999999999909e-01,2.165140000000000120e-01,5.023379999999999512e-01,4.746589999999999976e-01,4.547760000000000136e-01,5.384489999999999554e-01
