1.000000000000000000e+00,-1.488029999999999908e-01,-1.541410000000000002e-01,-3.482999999999999985e-03,8.466799999999999327e-02,-2.932870000000000199e-01,-6.223499999999999865e-02,-3.323960000000000248e-01,-6.013700000000000295e-02,1.152900000000000036e-01,-2.856170000000000098e-01,-2.295939999999999925e-01,-3.955399999999999888e-02,-3.110000000000000243e-04,4.354830000000000090e-01,7.181910000000000238e-01,4.634210000000000274e-01,3.391649999999999943e-01,-1.518529999999999880e-01,5.250699999999999812e-02,6.125789999999999846e-01,4.170849999999999835e-01,5.126599999999999907e-02,2.567280000000000117e-01,2.883660000000000112e-01,1.889969999999999983e-01,3.137989999999999946e-01,2.993560000000000110e-01,7.079079999999999817e-01,4.320840000000000236e-01,8.143780000000000463e-01,4.156020000000000270e-01,1.655200000000000005e-01,1.907459999999999989e-01,4.239300000000000013e-02,-1.372059999999999946e-01,-2.715700000000000058e-02,6.048699999999999910e-02,3.876060000000000061e-01,2.929999999999999879e-03,2.233360000000000067e-01,-1.710049999999999903e-01,-1.490249999999999908e-01,-1.607770000000000032e-01,2.010879999999999890e-01,8.828209999999999669e-01,-1.049159999999999954e-01,-2.753039999999999932e-01,2.958950000000000191e-01,-2.659580000000000277e-01,-1.679440000000000099e-01,1.328310000000000046e-01,-1.617069999999999896e-01,-2.405760000000000121e-01,1.096089999999999981e-01,-4.178839999999999777e-01,-1.303249999999999964e-01,-2.544739999999999780e-01,1.229399999999999937e-02,2.456959999999999977e-01,6.714860000000000273e-01,-1.825610000000000011e-01,3.800649999999999862e-01,-2.698780000000000068e-01,-1.257330000000000114e-01,7.777140000000000164e-01,3.068799999999999861e-01,2.480199999999999905e-01,2.307730000000000059e-01,6.580600000000000338e-02,3.891049999999999787e-01,3.525980000000000225e-01,9.336999999999999467e-02,7.020969999999999711e-01,2.463869999999999949e-01,6.636929999999999774e-01
-1.488029999999999908e-01,1.000000000000000000e+00,-2.029239999999999933e-01,-1.068299999999999979e-02,-1.666980000000000128e-01,7.571930000000000049e-01,3.127210000000000267e-01,4.302090000000000081e-01,-1.732720000000000093e-01,-2.224780000000000091e-01,-1.849830000000000085e-01,-6.488199999999999523e-02,4.851730000000000209e-01,3.860299999999999843e-02,-4.483130000000000170e-01,2.399840000000000029e-01,4.650699999999999834e-01,5.027479999999999727e-01,2.741759999999999753e-01,-3.900469999999999771e-01,2.748400000000000148e-02,-6.203000000000000180e-03,4.828640000000000154e-01,-1.330260000000000054e-01,6.229909999999999615e-01,7.983789999999999498e-01,2.299899999999999861e-02,-1.605659999999999865e-01,6.001000000000000258e-03,-7.288000000000000034e-02,-3.205810000000000048e-01,3.948090000000000210e-01,5.245440000000000103e-01,-1.663900000000000101e-02,-2.122960000000000125e-01,-2.480430000000000135e-01,-1.802080000000000071e-01,-2.395239999999999869e-01,2.830460000000000198e-01,5.372759999999999758e-01,-1.461860000000000104e-01,-1.001900000000000013e-02,-3.536549999999999971e-01,-4.298299999999999899e-01,-1.925139999999999907e-01,-1.525090000000000057e-01,7.477650000000000130e-01,-2.877730000000000010e-01,-9.055000000000000548e-03,-3.815910000000000135e-01,3.138810000000000211e-01,2.202999999999999958e-01,3.562969999999999748e-01,-2.004839999999999955e-01,-9.035700000000000676e-02,-1.132630000000000026e-01,-6.420900000000000218e-02,4.272679999999999811e-01,2.258500000000000091e-02,-4.669730000000000270e-01,-8.103399999999999492e-02,4.251159999999999939e-01,2.565270000000000050e-01,1.747489999999999877e-01,-3.481250000000000178e-01,-1.972119999999999984e-01,-3.046769999999999756e-01,2.718140000000000001e-01,-1.077229999999999993e-01,5.751060000000000061e-01,5.765360000000000484e-01,3.850699999999999956e-02,-2.104439999999999922e-01,-1.324809999999999877e-01,-6.432200000000000417e-02,-4.531519999999999992e-01
-1.541410000000000002e-01,-2.029239999999999933e-01,1.000000000000000000e+00,-2.687649999999999761e-01,1.617319999999999869e-01,-1.193270000000000025e-01,-2.247429999999999983e-01,3.384800000000000308e-02,6.014930000000000554e-01,-3.252619999999999956e-01,8.066119999999999957e-01,-1.213309999999999944e-01,-2.753240000000000132e-01,2.087200000000000166e-02,3.896140000000000159e-01,-2.483380000000000032e-01,-3.379519999999999746e-01,-3.628359999999999919e-01,5.430150000000000254e-01,5.053689999999999571e-01,-4.081159999999999788e-01,3.779230000000000089e-01,8.603600000000000136e-02,-3.938110000000000221e-01,-3.449180000000000024e-01,-2.358270000000000088e-01,2.400289999999999924e-01,1.909069999999999934e-01,-2.064469999999999916e-01,3.784900000000000070e-02,-2.035109999999999975e-01,-1.326340000000000019e-01,-3.050140000000000073e-01,-2.434300000000000005e-02,1.288940000000000086e-01,-2.406250000000000056e-01,-3.428829999999999933e-01,-3.121300000000000185e-01,-2.684270000000000267e-01,-3.124870000000000148e-01,-9.102599999999999580e-02,-3.159399999999999986e-01,-2.439200000000000049e-02,-7.906699999999999839e-02,-2.066250000000000031e-01,-1.845799999999999941e-01,-2.109779999999999989e-01,9.181399999999999562e-01,6.583100000000000063e-02,5.005230000000000512e-01,1.257780000000000009e-01,-2.292079999999999951e-01,8.969299999999999495e-02,6.365150000000000530e-01,-3.280139999999999723e-01,8.485409999999999897e-01,-1.259480000000000044e-01,-1.729159999999999864e-01,-9.255700000000000038e-02,4.902279999999999971e-01,-3.355850000000000222e-01,-3.598990000000000244e-01,-5.155140000000000278e-01,6.039250000000000451e-01,5.677529999999999522e-01,-2.596939999999999804e-01,4.466990000000000127e-01,1.155029999999999946e-01,-4.136159999999999837e-01,-3.645220000000000127e-01,-3.489050000000000207e-01,7.105699999999999517e-02,1.747430000000000094e-01,-2.256620000000000015e-01,-7.930299999999999849e-02,-1.095750000000000057e-01
-3.482999999999999985e-03,-1.068299999999999979e-02,-2.687649999999999761e-01,1.000000000000000000e+00,2.880679999999999907e-01,9.081999999999999795e-03,2.704130000000000145e-01,6.403200000000000558e-02,-7.220300000000000329e-02,4.001859999999999862e-01,-2.232339999999999880e-01,2.798490000000000144e-01,3.200990000000000224e-01,2.660739999999999772e-01,-1.439930000000000099e-01,7.677499999999999603e-02,2.923700000000000188e-01,1.091889999999999944e-01,-1.948310000000000042e-01,-1.475299999999999945e-01,1.738719999999999988e-01,-9.862300000000000233e-02,-1.497399999999999946e-02,3.352809999999999957e-01,7.987600000000000255e-02,6.388000000000000622e-02,-1.415420000000000011e-01,1.914839999999999876e-01,1.331559999999999966e-01,1.905519999999999992e-01,1.245490000000000069e-01,-1.205679999999999946e-01,2.165600000000000164e-02,-1.396400000000000072e-02,7.887199999999999767e-02,4.224580000000000002e-01,5.196950000000000180e-01,4.631890000000000174e-01,-3.975800000000000167e-02,-6.318300000000000305e-02,7.238700000000000689e-02,-9.151600000000000013e-02,8.065899999999999459e-02,2.386429999999999940e-01,2.834269999999999845e-01,-2.524099999999999955e-02,-1.029500000000000033e-02,-3.232949999999999990e-01,-1.695959999999999968e-01,4.912199999999999900e-02,-6.445399999999999741e-02,1.944390000000000007e-01,-3.948999999999999733e-02,-8.477999999999999425e-03,2.593969999999999887e-01,-2.391429999999999945e-01,2.301390000000000102e-01,2.109530000000000016e-01,1.514840000000000075e-01,-1.204630000000000006e-01,1.492920000000000080e-01,2.393859999999999877e-01,1.673379999999999868e-01,-2.922839999999999883e-01,-1.758220000000000061e-01,9.005299999999999416e-02,-1.148620000000000058e-01,-4.801600000000000312e-02,3.485989999999999922e-01,4.165200000000000152e-02,1.324999999999999963e-02,-4.154700000000000060e-02,1.404100000000000070e-01,9.722699999999999398e-02,2.454540000000000055e-01,1.820529999999999926e-01
8.466799999999999327e-02,-1.666980000000000128e-01,1.617319999999999869e-01,2.880679999999999907e-01,1.000000000000000000e+00,5.976999999999999674e-02,4.832679999999999754e-01,1.961999999999999855e-02,4.408460000000000156e-01,2.334309999999999996e-01,2.394959999999999867e-01,1.753530000000000089e-01,3.954699999999999882e-01,3.209569999999999923e-01,2.747829999999999995e-01,-6.083999999999999998e-03,4.917099999999999943e-02,-1.159830000000000028e-01,-1.275590000000000057e-01,3.966089999999999893e-01,1.123809999999999948e-01,3.463959999999999817e-01,9.399100000000000510e-02,9.048999999999999752e-03,9.630500000000000171e-02,-2.002029999999999921e-01,4.220409999999999995e-01,4.636640000000000206e-01,2.664750000000000174e-01,3.073250000000000148e-01,3.139270000000000116e-01,-1.837280000000000024e-01,-2.943649999999999878e-01,-1.930630000000000124e-01,1.947959999999999969e-01,4.632870000000000044e-01,3.758119999999999794e-01,2.110080000000000011e-01,-2.493950000000000056e-01,-3.958849999999999869e-01,-8.661499999999999755e-02,-1.131120000000000042e-01,3.797989999999999977e-01,1.667039999999999911e-01,2.193579999999999974e-01,1.077400000000000059e-02,-9.659199999999999731e-02,1.798059999999999936e-01,-7.278700000000000447e-02,6.129660000000000108e-01,1.967540000000000122e-01,4.458670000000000133e-01,6.444800000000000528e-02,4.388150000000000106e-01,3.021079999999999877e-01,2.163009999999999933e-01,2.403639999999999943e-01,2.277220000000000077e-01,4.062890000000000112e-01,3.731709999999999749e-01,1.425329999999999930e-01,4.969500000000000306e-02,-1.929499999999999965e-02,-1.520070000000000032e-01,2.957150000000000056e-01,1.172559999999999991e-01,3.534930000000000017e-01,1.816480000000000039e-01,3.075400000000000009e-02,1.092410000000000048e-01,-1.426300000000000068e-01,4.043760000000000132e-01,4.002510000000000234e-01,2.742680000000000118e-01,3.058119999999999727e-01,4.133430000000000160e-01
-2.932870000000000199e-01,7.571930000000000049e-01,-1.193270000000000025e-01,9.081999999999999795e-03,5.976999999999999674e-02,1.000000000000000000e+00,4.738399999999999834e-01,7.189360000000000195e-01,-1.591079999999999994e-01,-1.263829999999999953e-01,-1.808170000000000055e-01,2.431260000000000088e-01,6.107160000000000366e-01,2.106419999999999959e-01,-2.246990000000000098e-01,-5.700800000000000312e-02,2.845179999999999931e-01,2.622740000000000071e-01,-3.531000000000000111e-02,-8.953999999999999460e-02,8.257499999999999563e-02,-3.837999999999999832e-03,6.846370000000000511e-01,-2.057900000000000007e-02,3.419590000000000130e-01,6.081779999999999964e-01,-2.932999999999999843e-03,9.094700000000000006e-02,-1.500410000000000077e-01,-6.447799999999999365e-02,-3.233889999999999820e-01,1.111940000000000012e-01,1.585900000000000087e-01,-2.763090000000000268e-01,-1.619849999999999901e-01,4.141399999999999942e-02,-1.737299999999999955e-02,-2.415650000000000019e-01,-1.036180000000000018e-01,1.926219999999999877e-01,-3.730979999999999852e-01,-2.542799999999999921e-02,-8.621399999999999897e-02,-3.475230000000000263e-01,-1.242090000000000000e-01,-3.231450000000000156e-01,5.508170000000000011e-01,-1.290999999999999925e-01,-4.345700000000000257e-02,-1.048079999999999984e-01,5.866029999999999855e-01,2.423410000000000009e-01,6.092239999999999878e-01,-6.225900000000000184e-02,5.946300000000000197e-02,-3.462599999999999706e-02,2.208809999999999940e-01,5.903080000000000549e-01,1.527159999999999906e-01,-2.230830000000000035e-01,-3.739029999999999854e-01,3.680439999999999823e-01,-2.509499999999999925e-02,-5.879100000000000298e-02,-1.030129999999999935e-01,-2.607909999999999950e-01,-2.004509999999999903e-01,4.097480000000000011e-01,8.108999999999999889e-03,4.326999999999999735e-01,3.679200000000000248e-01,-3.733999999999999906e-03,3.178799999999999681e-02,-2.888569999999999749e-01,-9.173800000000000010e-02,-3.822650000000000214e-01
-6.223499999999999865e-02,3.127210000000000267e-01,-2.247429999999999983e-01,2.704130000000000145e-01,4.832679999999999754e-01,4.738399999999999834e-01,1.000000000000000000e+00,2.209790000000000088e-01,-2.007450000000000068e-01,2.253650000000000098e-01,-2.528020000000000267e-01,1.802439999999999876e-01,6.633360000000000367e-01,1.035120000000000068e-01,-1.745690000000000019e-01,2.008890000000000120e-01,3.224699999999999789e-01,2.282009999999999872e-01,-3.077440000000000175e-01,-4.995100000000000234e-02,2.798160000000000092e-01,4.331700000000000134e-02,2.335959999999999981e-01,-1.752599999999999991e-02,5.945960000000000134e-01,1.186200000000000032e-01,3.048669999999999991e-01,2.362640000000000018e-01,2.676029999999999798e-01,1.140020000000000061e-01,1.030599999999999988e-01,7.149300000000000099e-02,-3.709099999999999897e-02,-2.134689999999999921e-01,7.651099999999999568e-02,2.621879999999999766e-01,2.072819999999999940e-01,6.923200000000000187e-02,-5.479799999999999949e-02,-1.149700000000000027e-02,-1.308090000000000086e-01,8.282499999999999585e-02,1.390049999999999897e-01,-1.347899999999999966e-02,1.356310000000000016e-01,-1.392110000000000014e-01,3.993110000000000270e-01,-2.658289999999999820e-01,-1.506900000000000080e-02,3.888400000000000190e-02,1.823730000000000073e-01,7.321569999999999467e-01,1.695740000000000025e-01,-1.946869999999999989e-01,2.582999999999999741e-01,-1.943880000000000052e-01,1.311329999999999996e-01,4.252790000000000181e-01,1.475889999999999980e-01,-1.222020000000000051e-01,1.552479999999999971e-01,4.380609999999999782e-01,1.989360000000000017e-01,-3.186240000000000183e-01,-1.048589999999999939e-01,2.516900000000000040e-02,-6.811200000000000587e-02,1.649339999999999973e-01,1.605300000000000130e-02,6.016000000000000236e-01,8.340200000000000391e-02,3.886930000000000107e-01,2.200479999999999936e-01,2.317720000000000058e-01,1.932899999999999896e-01,1.639249999999999874e-01
-3.323960000000000248e-01,4.302090000000000081e-01,3.384800000000000308e-02,6.403200000000000558e-02,1.961999999999999855e-02,7.189360000000000195e-01,2.209790000000000088e-01,1.000000000000000000e+00,-1.362349999999999950e-01,5.011600000000000082e-02,-4.342900000000000232e-02,5.999470000000000081e-01,3.288400000000000212e-01,5.442529999999999868e-01,-1.516740000000000033e-01,-3.223489999999999966e-01,8.031800000000000050e-02,-3.094399999999999928e-02,2.007600000000000010e-02,-1.982599999999999987e-02,-3.768799999999999928e-02,-3.528300000000000186e-02,7.472680000000000433e-01,2.437030000000000030e-01,-1.247270000000000045e-01,4.855209999999999804e-01,-1.704289999999999972e-01,5.462999999999999801e-02,-4.307980000000000143e-01,-3.430400000000000116e-02,-2.916349999999999776e-01,1.754860000000000031e-01,1.163489999999999941e-01,-1.592610000000000137e-01,3.671599999999999864e-02,3.219739999999999824e-01,2.520700000000000024e-02,-3.339400000000000007e-02,6.251999999999999745e-03,1.715359999999999940e-01,-2.995720000000000049e-01,-1.479370000000000129e-01,2.404709999999999903e-01,-1.124200000000000026e-02,3.441400000000000015e-02,-2.352740000000000109e-01,3.836019999999999985e-01,3.631000000000000200e-02,4.588199999999999917e-02,1.500809999999999922e-01,6.777750000000000163e-01,1.309200000000000086e-01,8.893900000000000139e-01,1.591800000000000159e-02,1.646370000000000056e-01,8.852599999999999358e-02,5.853249999999999842e-01,5.617529999999999468e-01,3.521509999999999918e-01,-1.283130000000000104e-01,-4.676640000000000241e-01,2.568489999999999940e-01,-1.652770000000000072e-01,4.412499999999999756e-02,1.001499999999999960e-02,-2.029549999999999965e-01,-1.549039999999999861e-01,5.391599999999999726e-01,2.511630000000000251e-01,1.572800000000000031e-01,3.391649999999999943e-01,-1.118050000000000016e-01,4.053899999999999865e-02,-4.510460000000000025e-01,-4.126900000000000013e-02,-3.127519999999999745e-01
-6.013700000000000295e-02,-1.732720000000000093e-01,6.014930000000000554e-01,-7.220300000000000329e-02,4.408460000000000156e-01,-1.591079999999999994e-01,-2.007450000000000068e-01,-1.362349999999999950e-01,1.000000000000000000e+00,-3.349159999999999915e-01,6.364819999999999922e-01,-1.765629999999999977e-01,-1.727490000000000137e-01,1.315500000000000003e-01,4.039880000000000138e-01,-2.587019999999999875e-01,-2.858240000000000225e-01,-3.862900000000000222e-01,3.887590000000000212e-01,5.132619999999999960e-01,-2.828510000000000191e-01,3.887519999999999865e-01,-5.812200000000000005e-02,-4.148950000000000138e-01,-2.658380000000000187e-01,-2.004370000000000041e-01,2.620770000000000044e-01,2.185130000000000128e-01,-4.682700000000000057e-02,1.527669999999999861e-01,-9.011099999999999666e-02,-1.139649999999999969e-01,-3.248920000000000141e-01,-1.815900000000000014e-01,-1.336799999999999967e-02,-8.884699999999999542e-02,-1.585779999999999967e-01,-2.535129999999999884e-01,-1.730379999999999974e-01,-3.277479999999999838e-01,-7.531400000000000594e-02,-2.107229999999999936e-01,2.675100000000000047e-02,-1.130280000000000035e-01,-2.391669999999999907e-01,-4.357599999999999668e-02,-2.345379999999999965e-01,5.867790000000000505e-01,5.433000000000000329e-02,5.451570000000000027e-01,1.831560000000000132e-01,-1.498009999999999897e-01,-1.628900000000000139e-02,8.576850000000000307e-01,-2.078500000000000070e-01,6.176779999999999493e-01,-1.134069999999999939e-01,-7.566100000000000603e-02,1.205499999999999974e-02,4.915610000000000257e-01,-2.210439999999999905e-01,-2.723539999999999850e-01,-3.179629999999999956e-01,3.868139999999999912e-01,5.219369999999999843e-01,-1.075399999999999967e-01,4.257799999999999918e-01,6.346100000000000352e-02,-3.653399999999999981e-01,-2.795989999999999864e-01,-1.608570000000000000e-01,1.060350000000000042e-01,1.722319999999999962e-01,-2.220799999999999857e-02,1.083490000000000009e-01,1.222799999999999929e-02
1.152900000000000036e-01,-2.224780000000000091e-01,-3.252619999999999956e-01,4.001859999999999862e-01,2.334309999999999996e-01,-1.263829999999999953e-01,2.253650000000000098e-01,5.011600000000000082e-02,-3.349159999999999915e-01,1.000000000000000000e+00,-3.468780000000000197e-01,6.384490000000000443e-01,3.447450000000000236e-01,2.228519999999999945e-01,-6.455999999999999933e-03,6.693499999999999450e-02,1.585350000000000092e-01,6.919699999999999462e-02,-5.129050000000000553e-01,-9.801000000000000684e-03,2.946139999999999870e-01,-4.360399999999999693e-02,-4.380300000000000166e-02,7.448630000000000528e-01,-2.480000000000000000e-03,-1.416489999999999971e-01,-2.336699999999999888e-02,3.282590000000000230e-01,1.551389999999999991e-01,2.229109999999999980e-01,4.420680000000000165e-01,-1.272989999999999955e-01,-4.631999999999999833e-03,1.676179999999999892e-01,4.397110000000000185e-01,6.196939999999999671e-01,6.326559999999999961e-01,8.635340000000000238e-01,-1.614909999999999957e-01,-1.574379999999999946e-01,1.838490000000000124e-01,-2.288099999999999856e-02,5.513649999999999940e-01,6.694069999999999743e-01,7.486380000000000257e-01,9.103300000000000280e-02,-5.974299999999999750e-02,-2.973549999999999804e-01,7.512299999999999534e-02,1.690659999999999941e-01,-6.388900000000000134e-02,3.311649999999999872e-01,-3.919500000000000067e-02,-2.607990000000000030e-01,8.391389999999999683e-01,-3.093509999999999871e-01,6.210940000000000349e-01,2.708920000000000217e-01,1.494000000000000050e-01,-3.144199999999999773e-02,2.930200000000000027e-01,2.830590000000000050e-01,2.242069999999999896e-01,-4.880789999999999851e-01,-2.762200000000000072e-02,2.328310000000000102e-01,4.737899999999999751e-02,-8.941100000000000436e-02,7.151250000000000107e-01,6.349000000000000477e-02,-9.177899999999999947e-02,1.293620000000000048e-01,3.593060000000000143e-01,2.740060000000000273e-01,4.426700000000000079e-01,5.532369999999999788e-01
-2.856170000000000098e-01,-1.849830000000000085e-01,8.066119999999999957e-01,-2.232339999999999880e-01,2.394959999999999867e-01,-1.808170000000000055e-01,-2.528020000000000267e-01,-4.342900000000000232e-02,6.364819999999999922e-01,-3.468780000000000197e-01,1.000000000000000000e+00,-2.122149999999999870e-01,-2.935969999999999969e-01,4.800900000000000306e-02,1.511800000000000088e-01,-3.106289999999999885e-01,-3.970299999999999940e-01,-3.218520000000000270e-01,6.402060000000000528e-01,2.664340000000000042e-01,-4.523479999999999723e-01,1.128330000000000027e-01,-5.761899999999999661e-02,-4.171449999999999880e-01,-3.279460000000000153e-01,-2.872509999999999786e-01,8.741799999999999571e-02,-4.896600000000000258e-02,-3.020880000000000232e-01,-1.266670000000000018e-01,-2.972629999999999995e-01,-1.250419999999999865e-01,-1.950260000000000049e-01,7.385400000000000298e-02,1.891500000000000126e-02,-1.952450000000000019e-01,-2.945369999999999933e-01,-2.900209999999999733e-01,-2.090470000000000106e-01,-1.944480000000000097e-01,1.073700000000000002e-02,-1.192870000000000041e-01,4.483100000000000279e-02,-6.358500000000000263e-02,-2.192689999999999917e-01,-2.536479999999999846e-01,-1.734519999999999951e-01,8.286839999999999762e-01,2.580500000000000155e-02,5.286640000000000228e-01,-4.838000000000000286e-03,-2.584319999999999951e-01,-5.063499999999999945e-02,6.639169999999999794e-01,-3.338840000000000141e-01,9.007500000000000506e-01,-2.136039999999999883e-01,-2.090930000000000011e-01,-7.804600000000000426e-02,2.660359999999999947e-01,-3.100829999999999975e-01,-2.397239999999999926e-01,-3.804919999999999969e-01,7.036050000000000360e-01,3.308130000000000237e-01,-2.832669999999999910e-01,1.924710000000000032e-01,-3.368800000000000266e-02,-4.282529999999999948e-01,-2.924740000000000117e-01,-3.493850000000000011e-01,-4.071099999999999719e-02,-4.232699999999999657e-02,-2.890639999999999876e-01,-2.145610000000000017e-01,-2.128680000000000017e-01
-2.295939999999999925e-01,-6.488199999999999523e-02,-1.213309999999999944e-01,2.798490000000000144e-01,1.753530000000000089e-01,2.431260000000000088e-01,1.802439999999999876e-01,5.999470000000000081e-01,-1.765629999999999977e-01,6.384490000000000443e-01,-2.122149999999999870e-01,1.000000000000000000e+00,2.832489999999999730e-01,5.366410000000000347e-01,-3.399499999999999744e-02,-3.770370000000000110e-01,-4.148500000000000104e-02,-2.289839999999999931e-01,-4.236610000000000098e-01,5.636200000000000238e-02,-7.879400000000000293e-02,-9.364100000000000201e-02,2.943450000000000233e-01,6.617459999999999454e-01,-3.310529999999999862e-01,1.053749999999999964e-01,-2.256519999999999915e-01,2.089979999999999893e-01,-3.172139999999999960e-01,3.928199999999999747e-02,-1.423400000000000012e-02,-9.628599999999999659e-02,-1.518919999999999992e-01,-1.015100000000000030e-02,3.762650000000000161e-01,7.099900000000000100e-01,5.312710000000000488e-01,5.537469999999999892e-01,-2.197000000000000064e-01,-1.352250000000000119e-01,-1.047649999999999970e-01,-2.801800000000000124e-02,5.840049999999999963e-01,5.615499999999999936e-01,4.766349999999999754e-01,-1.605910000000000115e-01,-1.394699999999999933e-02,-5.299600000000000144e-02,-3.979300000000000198e-02,4.047399999999999887e-01,3.917539999999999911e-01,1.748210000000000042e-01,5.140409999999999702e-01,-1.357099999999999973e-02,6.688359999999999861e-01,-3.520299999999999818e-02,9.370680000000000121e-01,4.868089999999999917e-01,4.188200000000000256e-01,5.673000000000000091e-03,-2.281430000000000125e-01,2.062950000000000061e-01,-1.393330000000000124e-01,-3.149899999999999922e-01,8.051899999999999336e-02,-1.692400000000000015e-01,-1.896899999999999975e-02,1.780950000000000033e-01,6.499770000000000270e-01,-9.601600000000000412e-02,2.869499999999999829e-02,-1.338469999999999938e-01,2.878390000000000115e-01,-2.433790000000000120e-01,2.295409999999999950e-01,9.880400000000000293e-02
-3.955399999999999888e-02,4.851730000000000209e-01,-2.753240000000000132e-01,3.200990000000000224e-01,3.954699999999999882e-01,6.107160000000000366e-01,6.633360000000000367e-01,3.288400000000000212e-01,-1.727490000000000137e-01,3.447450000000000236e-01,-2.935969999999999969e-01,2.832489999999999730e-01,1.000000000000000000e+00,1.529149999999999954e-01,-2.050730000000000053e-01,2.833160000000000123e-01,5.211630000000000429e-01,5.149550000000000516e-01,-2.376989999999999936e-01,-8.118599999999999428e-02,3.282559999999999922e-01,1.711000000000000021e-01,2.687789999999999901e-01,2.174560000000000104e-01,4.900059999999999971e-01,3.763839999999999963e-01,3.402499999999999969e-02,4.136190000000000144e-01,3.364929999999999866e-01,3.331060000000000132e-01,1.597339999999999871e-01,4.907199999999999757e-02,1.009860000000000063e-01,-1.576599999999999946e-01,4.424800000000000261e-02,3.791840000000000210e-01,4.406169999999999809e-01,2.169540000000000080e-01,-7.908300000000000052e-02,2.460499999999999840e-02,-1.166770000000000029e-01,-1.224829999999999947e-01,1.638499999999999956e-01,5.224499999999999977e-02,1.725230000000000097e-01,-4.167200000000000071e-02,3.662520000000000220e-01,-2.636870000000000047e-01,-1.691320000000000046e-01,2.688199999999999965e-02,2.518059999999999743e-01,4.773809999999999998e-01,2.174339999999999884e-01,-7.775999999999999579e-02,4.090809999999999724e-01,-1.942389999999999950e-01,2.810420000000000140e-01,6.947879999999999612e-01,1.522330000000000072e-01,-1.524020000000000097e-01,2.251519999999999910e-01,5.613810000000000189e-01,3.751929999999999987e-01,-2.563559999999999728e-01,-1.070320000000000021e-01,9.683000000000000634e-03,4.153799999999999853e-02,1.341990000000000127e-01,2.441649999999999932e-01,4.646629999999999927e-01,2.213729999999999865e-01,1.154410000000000019e-01,4.093539999999999957e-01,2.528130000000000099e-01,3.975620000000000265e-01,1.599839999999999873e-01
-3.110000000000000243e-04,3.860299999999999843e-02,2.087200000000000166e-02,2.660739999999999772e-01,3.209569999999999923e-01,2.106419999999999959e-01,1.035120000000000068e-01,5.442529999999999868e-01,1.315500000000000003e-01,2.228519999999999945e-01,4.800900000000000306e-02,5.366410000000000347e-01,1.529149999999999954e-01,1.000000000000000000e+00,5.505199999999999677e-02,-1.810700000000000087e-01,2.818500000000000172e-02,-2.119149999999999923e-01,-5.033800000000000080e-02,1.436199999999999977e-02,2.925000000000000169e-02,6.697000000000000175e-02,4.562780000000000169e-01,2.569420000000000037e-01,-2.214909999999999934e-01,2.206599999999999950e-01,-6.762500000000000455e-02,1.644599999999999951e-01,-1.138519999999999949e-01,4.441099999999999909e-02,4.588600000000000317e-02,2.470449999999999868e-01,-4.449000000000000177e-02,-8.132999999999999952e-02,1.935790000000000011e-01,4.967429999999999901e-01,2.930579999999999852e-01,1.875729999999999897e-01,1.257840000000000069e-01,-1.153840000000000005e-01,-1.199630000000000002e-01,-2.056099999999999872e-01,4.666440000000000032e-01,2.882830000000000115e-01,2.266140000000000099e-01,7.591599999999999737e-02,9.357500000000000540e-02,4.754099999999999993e-02,3.332700000000000107e-01,3.826649999999999774e-01,4.742910000000000181e-01,2.113379999999999981e-01,5.527760000000000451e-01,1.605930000000000135e-01,2.925019999999999842e-01,6.483600000000000474e-02,5.661749999999999838e-01,2.869959999999999734e-01,6.231919999999999682e-01,3.904099999999999931e-02,-1.403830000000000078e-01,-1.487800000000000060e-02,-6.585100000000000675e-02,-3.113600000000000048e-02,-8.552500000000000380e-02,1.185329999999999995e-01,-8.460399999999999865e-02,4.597939999999999805e-01,2.701959999999999917e-01,-2.923399999999999957e-02,2.467380000000000129e-01,3.955100000000000282e-02,3.670500000000000151e-02,-9.268400000000000249e-02,4.752599999999999880e-02,7.325299999999999867e-02
4.354830000000000090e-01,-4.483130000000000170e-01,3.896140000000000159e-01,-1.439930000000000099e-01,2.747829999999999995e-01,-2.246990000000000098e-01,-1.745690000000000019e-01,-1.516740000000000033e-01,4.039880000000000138e-01,-6.455999999999999933e-03,1.511800000000000088e-01,-3.399499999999999744e-02,-2.050730000000000053e-01,5.505199999999999677e-02,1.000000000000000000e+00,8.887799999999999867e-02,-4.790799999999999920e-02,-1.873390000000000055e-01,-1.171859999999999985e-01,8.239840000000000497e-01,2.516930000000000001e-01,7.208280000000000243e-01,-8.240000000000000796e-03,-2.556599999999999845e-02,-2.412529999999999952e-01,-2.178910000000000013e-01,3.731670000000000265e-01,6.535600000000000298e-01,2.432449999999999890e-01,4.697049999999999836e-01,4.725460000000000216e-01,-5.814400000000000124e-02,-3.551150000000000140e-01,-1.043540000000000023e-01,5.490899999999999948e-02,-3.832300000000000290e-02,-2.837399999999999992e-02,-9.346500000000000641e-02,-2.767870000000000053e-01,-4.898689999999999989e-01,-8.619999999999999191e-03,-3.224969999999999781e-01,9.370299999999999463e-02,-8.746299999999999908e-02,1.542370000000000130e-01,2.371669999999999889e-01,-4.868529999999999802e-01,3.638190000000000035e-01,3.183420000000000138e-01,2.528819999999999957e-01,6.406799999999999995e-02,-8.651499999999999468e-02,-1.249399999999999990e-02,3.313260000000000094e-01,1.005879999999999969e-01,1.610600000000000087e-01,1.325999999999999922e-03,-2.643159999999999954e-01,2.542200000000000015e-02,9.102860000000000396e-01,-1.643999999999999975e-02,-4.613050000000000206e-01,-3.035430000000000073e-01,-1.211020000000000013e-01,6.738669999999999938e-01,2.991050000000000098e-01,7.460259999999999669e-01,1.103630000000000028e-01,1.370399999999999917e-02,-3.526670000000000083e-01,-1.803539999999999865e-01,2.401679999999999926e-01,4.790030000000000121e-01,2.023880000000000123e-01,2.582849999999999868e-01,5.063720000000000443e-01
7.181910000000000238e-01,2.399840000000000029e-01,-2.483380000000000032e-01,7.677499999999999603e-02,-6.083999999999999998e-03,-5.700800000000000312e-02,2.008890000000000120e-01,-3.223489999999999966e-01,-2.587019999999999875e-01,6.693499999999999450e-02,-3.106289999999999885e-01,-3.770370000000000110e-01,2.833160000000000123e-01,-1.810700000000000087e-01,8.887799999999999867e-02,1.000000000000000000e+00,7.509569999999999856e-01,7.807950000000000168e-01,4.022499999999999687e-02,-1.961360000000000048e-01,5.663099999999999801e-01,3.506670000000000065e-01,1.875399999999999984e-02,1.537580000000000058e-01,6.802899999999999503e-01,3.889750000000000152e-01,2.847649999999999904e-01,1.700409999999999977e-01,7.971289999999999765e-01,3.206879999999999731e-01,5.943690000000000362e-01,4.981630000000000225e-01,4.448509999999999964e-01,2.799650000000000194e-01,-9.889999999999999486e-03,-3.088460000000000094e-01,2.139699999999999935e-02,1.883100000000000052e-02,4.133120000000000127e-01,2.936139999999999861e-01,3.574729999999999852e-01,-2.196299999999999988e-02,-3.634560000000000013e-01,-2.941360000000000086e-01,1.635989999999999944e-01,5.936360000000000525e-01,1.252630000000000132e-01,-4.043539999999999912e-01,1.206689999999999985e-01,-4.476890000000000036e-01,-3.362069999999999781e-01,2.202439999999999953e-01,-2.968729999999999980e-01,-3.380719999999999836e-01,5.695599999999999968e-02,-4.442229999999999790e-01,-3.422839999999999772e-01,-1.603259999999999963e-01,-1.053550000000000042e-01,-8.853900000000000658e-02,7.646150000000000446e-01,1.050220000000000042e-01,6.307019999999999849e-01,-1.116820000000000035e-01,-3.364679999999999893e-01,5.233160000000000034e-01,9.041299999999999337e-02,2.512400000000000050e-02,1.269579999999999875e-01,3.049720000000000208e-01,3.612489999999999868e-01,2.733720000000000039e-01,-6.252599999999999825e-02,6.540280000000000538e-01,1.601539999999999908e-01,4.008169999999999789e-01
4.634210000000000274e-01,4.650699999999999834e-01,-3.379519999999999746e-01,2.923700000000000188e-01,4.917099999999999943e-02,2.845179999999999931e-01,3.224699999999999789e-01,8.031800000000000050e-02,-2.858240000000000225e-01,1.585350000000000092e-01,-3.970299999999999940e-01,-4.148500000000000104e-02,5.211630000000000429e-01,2.818500000000000172e-02,-4.790799999999999920e-02,7.509569999999999856e-01,1.000000000000000000e+00,8.470280000000000031e-01,4.924100000000000005e-02,-2.608150000000000190e-01,5.042529999999999513e-01,2.523009999999999975e-01,1.976370000000000071e-01,3.451859999999999928e-01,6.064380000000000326e-01,6.530359999999999498e-01,1.857699999999999976e-02,2.490910000000000069e-01,4.703260000000000218e-01,3.647599999999999731e-01,3.933849999999999847e-01,3.682300000000000018e-01,4.677169999999999939e-01,8.250899999999999901e-02,-4.328699999999999909e-02,-8.209800000000000431e-02,1.734779999999999933e-01,9.509900000000000297e-02,2.448099999999999998e-01,3.789739999999999776e-01,1.480960000000000054e-01,-1.106629999999999975e-01,-3.511670000000000069e-01,-3.108040000000000247e-01,1.760799999999999865e-01,3.645229999999999859e-01,2.528639999999999777e-01,-4.443420000000000147e-01,-3.237299999999999900e-02,-4.170679999999999943e-01,-8.802500000000000602e-02,1.802229999999999943e-01,2.447999999999999829e-02,-2.274750000000000105e-01,2.359999999999999876e-01,-4.561120000000000174e-01,-3.750799999999999967e-02,2.395440000000000069e-01,6.340600000000000402e-02,-1.832459999999999922e-01,5.232710000000000417e-01,4.817250000000000143e-01,6.653989999999999627e-01,-1.199640000000000012e-01,-3.642819999999999947e-01,2.686140000000000194e-01,1.049699999999999939e-02,8.128699999999999815e-02,3.503709999999999880e-01,3.824659999999999727e-01,4.910519999999999885e-01,2.655000000000000068e-02,6.440700000000000591e-02,3.364860000000000073e-01,2.785949999999999815e-01,1.955320000000000114e-01
3.391649999999999943e-01,5.027479999999999727e-01,-3.628359999999999919e-01,1.091889999999999944e-01,-1.159830000000000028e-01,2.622740000000000071e-01,2.282009999999999872e-01,-3.094399999999999928e-02,-3.862900000000000222e-01,6.919699999999999462e-02,-3.218520000000000270e-01,-2.289839999999999931e-01,5.149550000000000516e-01,-2.119149999999999923e-01,-1.873390000000000055e-01,7.807950000000000168e-01,8.470280000000000031e-01,1.000000000000000000e+00,1.076050000000000062e-01,-3.412169999999999925e-01,4.344270000000000076e-01,1.566819999999999879e-01,2.888699999999999948e-02,2.225890000000000091e-01,6.271879999999999677e-01,5.945850000000000302e-01,-7.107299999999999729e-02,5.933599999999999985e-02,4.618689999999999740e-01,2.301010000000000000e-01,2.837310000000000110e-01,3.421230000000000104e-01,5.360279999999999490e-01,1.744930000000000092e-01,-1.435250000000000137e-01,-2.134369999999999878e-01,2.144899999999999932e-02,-1.495900000000000007e-02,2.474989999999999968e-01,4.299970000000000181e-01,1.929299999999999904e-01,-2.116600000000000079e-02,-3.957950000000000079e-01,-3.479849999999999888e-01,-1.385199999999999973e-02,2.835010000000000030e-01,2.568489999999999940e-01,-4.268379999999999952e-01,-1.304190000000000071e-01,-5.226490000000000302e-01,-2.715310000000000223e-01,2.718299999999999883e-02,-1.885249999999999981e-01,-3.177869999999999862e-01,8.052099999999999536e-02,-4.010050000000000003e-01,-2.499079999999999913e-01,1.676469999999999905e-01,-1.963459999999999928e-01,-2.917839999999999878e-01,5.398340000000000360e-01,5.059360000000000523e-01,7.421820000000000084e-01,-2.590100000000000041e-02,-3.749640000000000195e-01,1.569109999999999949e-01,-4.100800000000000278e-02,-1.498319999999999930e-01,1.783730000000000038e-01,3.672670000000000101e-01,3.742739999999999956e-01,-1.067199999999999954e-01,-1.766799999999999968e-02,2.955920000000000214e-01,1.611130000000000062e-01,9.089300000000000157e-02
-1.518529999999999880e-01,2.741759999999999753e-01,5.430150000000000254e-01,-1.948310000000000042e-01,-1.275590000000000057e-01,-3.531000000000000111e-02,-3.077440000000000175e-01,2.007600000000000010e-02,3.887590000000000212e-01,-5.129050000000000553e-01,6.402060000000000528e-01,-4.236610000000000098e-01,-2.376989999999999936e-01,-5.033800000000000080e-02,-1.171859999999999985e-01,4.022499999999999687e-02,4.924100000000000005e-02,1.076050000000000062e-01,1.000000000000000000e+00,-1.048199999999999965e-01,-2.654030000000000000e-01,8.589399999999999813e-02,6.503499999999999559e-02,-3.894159999999999844e-01,1.349000000000000025e-02,1.635659999999999892e-01,-3.526200000000000168e-02,-2.647140000000000049e-01,-1.711729999999999918e-01,-7.434000000000000330e-02,-3.374820000000000042e-01,2.276150000000000118e-01,2.837509999999999755e-01,1.237349999999999978e-01,-1.217379999999999990e-01,-4.573539999999999828e-01,-4.260740000000000083e-01,-3.820049999999999835e-01,2.707030000000000269e-01,3.526889999999999747e-01,1.372889999999999944e-01,-4.082000000000000212e-02,-3.250460000000000016e-01,-3.955110000000000015e-01,-3.159120000000000261e-01,-9.022900000000000365e-02,2.402130000000000098e-01,4.571529999999999760e-01,-2.743599999999999858e-02,2.017700000000000049e-02,1.126899999999999950e-02,-2.369870000000000032e-01,5.257499999999999674e-02,3.690570000000000239e-01,-4.686009999999999898e-01,5.798090000000000188e-01,-4.118020000000000014e-01,-1.027720000000000022e-01,-8.261000000000000287e-02,-9.112599999999999867e-02,-7.678200000000000303e-02,9.976999999999999758e-03,1.595200000000000090e-02,9.175079999999999902e-01,-2.890600000000000114e-02,-1.572119999999999906e-01,-6.331199999999999328e-02,9.505399999999999960e-02,-3.431429999999999758e-01,3.259399999999999797e-02,1.265449999999999908e-01,-4.323799999999999866e-02,-3.302629999999999733e-01,-1.761979999999999935e-01,-1.737660000000000038e-01,-4.125499999999999723e-01
5.250699999999999812e-02,-3.900469999999999771e-01,5.053689999999999571e-01,-1.475299999999999945e-01,3.966089999999999893e-01,-8.953999999999999460e-02,-4.995100000000000234e-02,-1.982599999999999987e-02,5.132619999999999960e-01,-9.801000000000000684e-03,2.664340000000000042e-01,5.636200000000000238e-02,-8.118599999999999428e-02,1.436199999999999977e-02,8.239840000000000497e-01,-1.961360000000000048e-01,-2.608150000000000190e-01,-3.412169999999999925e-01,-1.048199999999999965e-01,1.000000000000000000e+00,-5.192999999999999700e-02,7.124150000000000205e-01,-2.266599999999999865e-02,-2.167520000000000002e-01,-2.968709999999999960e-01,-3.338380000000000236e-01,3.985409999999999786e-01,6.751620000000000399e-01,4.274599999999999927e-02,4.079929999999999946e-01,2.247039999999999871e-01,-3.054129999999999900e-01,-4.510640000000000205e-01,-2.058079999999999909e-01,7.979799999999999394e-02,6.930200000000000249e-02,-2.457300000000000109e-02,-9.205900000000000194e-02,-4.778080000000000105e-01,-5.384759999999999547e-01,-1.526750000000000052e-01,-3.242349999999999954e-01,2.556820000000000204e-01,5.363699999999999718e-02,5.208499999999999935e-02,-1.066819999999999991e-01,-3.991509999999999780e-01,5.068650000000000100e-01,1.561220000000000108e-01,5.130230000000000068e-01,2.025250000000000106e-01,-2.401899999999999868e-02,6.219600000000000128e-02,5.168840000000000101e-01,9.308199999999999807e-02,3.782949999999999924e-01,9.027899999999999814e-02,-3.418000000000000205e-02,1.412599999999999967e-02,8.907380000000000297e-01,-2.377340000000000009e-01,-3.100249999999999950e-01,-4.484839999999999938e-01,-5.408099999999999713e-02,9.330990000000000117e-01,-4.440199999999999703e-02,8.080770000000000453e-01,4.197300000000000336e-02,-1.755279999999999896e-01,-3.096650000000000236e-01,-3.462109999999999910e-01,2.222639999999999894e-01,6.348599999999999799e-01,2.291299999999999934e-02,3.271419999999999884e-01,3.734600000000000142e-01
