1.000000000000000000e+00,1.769570000000000032e-01,-3.217510000000000092e-01,3.342200000000000032e-02,-9.593599999999999350e-02,-2.272879999999999900e-01,-1.516100000000000086e-02,-1.141690000000000066e-01,-1.373979999999999924e-01,2.957600000000000159e-02,-5.232799999999999951e-02,-1.710980000000000001e-01,-6.438099999999999379e-02,-9.950000000000000077e-04,1.657700000000000007e-01,4.055759999999999921e-01,-1.330100000000000032e-02,3.614699999999999858e-02,-5.276999999999999746e-02,1.081450000000000050e-01,6.108249999999999513e-01,5.085650000000000448e-01,-5.886600000000000166e-02,5.335389999999999855e-01,2.719340000000000090e-01,1.498670000000000002e-01,-1.126199999999999979e-01,6.019499999999999851e-02,1.885840000000000016e-01,6.629300000000000470e-02,6.861859999999999626e-01,5.950500000000000234e-02,2.901029999999999998e-01,5.007679999999999909e-01,2.156579999999999886e-01,3.283500000000000307e-02,5.120700000000000252e-02,1.755510000000000126e-01,4.890400000000000302e-02,4.385379999999999834e-01,4.152810000000000112e-01,-1.030129999999999935e-01,-3.056999999999999822e-03,-1.044220000000000009e-01,3.559400000000000064e-02,8.814380000000000548e-01,6.283900000000000596e-02,-3.393050000000000233e-01,-1.472000000000000001e-03,-6.360000000000000375e-02,-2.070130000000000026e-01,-1.457060000000000022e-01,-7.423000000000000431e-02,-1.606569999999999943e-01,-6.163600000000000328e-02,-1.015270000000000061e-01,-2.041689999999999894e-01,-1.296009999999999940e-01,-6.685699999999999976e-02,1.953219999999999956e-01,3.122110000000000163e-01,1.230379999999999946e-01,-1.798500000000000099e-02,-1.575199999999999934e-01,5.271599999999999897e-02,5.432259999999999867e-01,3.662759999999999905e-01,-7.246400000000000063e-02,4.146050000000000013e-01,5.221100000000000046e-02,2.153750000000000109e-01,-1.648880000000000068e-01,1.320580000000000087e-01,1.784169999999999923e-01,1.987510000000000110e-01,5.898630000000000262e-01
1.769570000000000032e-01,1.000000000000000000e+00,6.970500000000000307e-02,-9.541800000000000281e-02,-2.332450000000000079e-01,4.499980000000000091e-01,1.643930000000000113e-01,3.095029999999999726e-01,5.305300000000000293e-02,2.219349999999999934e-01,-3.691200000000000037e-02,9.044599999999999862e-02,5.951579999999999648e-01,-5.115790000000000060e-01,-2.923439999999999928e-01,7.466749999999999776e-01,5.776470000000000216e-01,7.088670000000000249e-01,3.627980000000000094e-01,1.483230000000000104e-01,5.074999999999999650e-03,3.198320000000000052e-01,1.589550000000000129e-01,1.564669999999999950e-01,7.908209999999999962e-01,8.088060000000000249e-01,2.505959999999999854e-01,1.020270000000000066e-01,4.019449999999999967e-01,-4.272529999999999939e-01,-3.478400000000000242e-02,-1.257060000000000122e-01,6.490200000000000136e-02,-2.251999999999999835e-02,-3.507430000000000270e-01,-3.232490000000000085e-01,-2.909249999999999892e-01,-1.201450000000000018e-01,-2.317480000000000095e-01,1.991630000000000067e-01,-6.121499999999999858e-02,-4.349930000000000185e-01,-2.152650000000000119e-01,-2.746950000000000225e-01,-1.924230000000000107e-01,1.075990000000000002e-01,7.445110000000000339e-01,-8.811099999999999488e-02,-1.660310000000000119e-01,-3.380009999999999959e-01,-8.290100000000000247e-02,-1.187760000000000066e-01,4.690999999999999857e-03,-1.047860000000000041e-01,-2.107900000000000051e-02,-2.336380000000000123e-01,1.674499999999999947e-02,2.978819999999999801e-01,-4.492900000000000227e-01,-2.493479999999999863e-01,3.370670000000000055e-01,4.572039999999999993e-01,5.007740000000000524e-01,3.265120000000000244e-01,-5.516100000000000170e-02,-1.956980000000000108e-01,1.026839999999999975e-01,-1.522860000000000047e-01,2.173480000000000134e-01,5.614019999999999566e-01,5.585449999999999582e-01,8.666500000000000592e-02,8.645899999999999419e-02,-1.974400000000000113e-02,-2.964860000000000273e-01,-3.191209999999999880e-01
-3.217510000000000092e-01,6.970500000000000307e-02,1.000000000000000000e+00,1.315350000000000130e-01,-1.614680000000000004e-01,3.301850000000000063e-01,-4.026799999999999824e-02,4.366590000000000193e-01,1.066079999999999944e-01,2.316789999999999961e-01,4.937190000000000190e-01,1.597089999999999899e-01,1.421679999999999888e-01,-1.290789999999999993e-01,-9.502299999999999636e-02,-5.165800000000000253e-02,4.485700000000000104e-02,1.075119999999999965e-01,6.618659999999999544e-01,2.247450000000000003e-01,1.227499999999999945e-02,9.206999999999999906e-03,5.726280000000000259e-01,-2.273899999999999880e-02,6.821900000000000186e-02,1.733490000000000031e-01,4.187480000000000091e-01,1.175760000000000000e-01,1.365540000000000087e-01,-1.428049999999999875e-01,-3.698500000000000121e-01,-1.112260000000000054e-01,-1.004099999999999958e-02,-2.964599999999999874e-02,-1.027850000000000014e-01,-2.291400000000000103e-01,1.398959999999999926e-01,2.115049999999999986e-01,-2.220439999999999914e-01,-3.769299999999999734e-02,-7.814899999999999625e-02,-1.535999999999999865e-01,-1.171600000000000003e-01,1.491909999999999903e-01,3.394559999999999800e-01,-3.809890000000000221e-01,1.438900000000000075e-02,8.782940000000000191e-01,2.321660000000000112e-01,-1.923330000000000040e-01,-3.786099999999999882e-02,1.382300000000000022e-02,3.905540000000000123e-01,1.490549999999999931e-01,2.636700000000000155e-01,5.200989999999999780e-01,6.411600000000000632e-02,1.524200000000000034e-02,3.638700000000000268e-02,-1.353060000000000096e-01,-2.075160000000000060e-01,1.730399999999999994e-02,4.545000000000000429e-03,7.108170000000000321e-01,1.997879999999999934e-01,-1.051870000000000027e-01,1.307220000000000049e-01,1.269840000000000135e-01,2.818000000000000019e-02,-6.893999999999999954e-03,-5.331199999999999828e-02,3.186760000000000148e-01,-1.380800000000000083e-02,1.155579999999999941e-01,5.587600000000000205e-02,-3.818210000000000215e-01
3.342200000000000032e-02,-9.541800000000000281e-02,1.315350000000000130e-01,1.000000000000000000e+00,3.366190000000000015e-01,1.641779999999999906e-01,1.881569999999999909e-01,1.091379999999999989e-01,1.731630000000000114e-01,3.899489999999999901e-01,2.072000000000000057e-03,2.415799999999999892e-01,9.448800000000000254e-02,3.290409999999999724e-01,3.680300000000000238e-02,-4.480900000000000161e-02,-8.949699999999999322e-02,-1.157559999999999978e-01,-5.702299999999999730e-02,1.401890000000000081e-01,2.764519999999999755e-01,1.586599999999999955e-01,1.521089999999999942e-01,3.757090000000000152e-01,-6.580700000000000438e-02,-5.956700000000000189e-02,8.161000000000000199e-02,2.891980000000000106e-01,1.351189999999999891e-01,2.244589999999999919e-01,1.409449999999999870e-01,-6.085100000000000231e-02,3.109319999999999862e-01,2.619859999999999967e-01,1.687839999999999896e-01,9.145899999999999863e-02,4.267050000000000010e-01,5.039259999999999851e-01,-8.071499999999999508e-02,1.044780000000000014e-01,1.996419999999999861e-01,5.424799999999999761e-02,5.095589999999999842e-01,3.645100000000000007e-01,3.350940000000000030e-01,1.289500000000000091e-01,5.833599999999999897e-02,1.829689999999999928e-01,5.046920000000000295e-01,1.926640000000000019e-01,1.130820000000000020e-01,1.233820000000000056e-01,1.937580000000000136e-01,2.375980000000000036e-01,2.915570000000000106e-01,2.076999999999999853e-03,2.499530000000000085e-01,1.887550000000000061e-01,3.240919999999999912e-01,1.718499999999999889e-02,1.285310000000000064e-01,8.096499999999999531e-02,1.232120000000000021e-01,5.595100000000000073e-02,8.256399999999999850e-02,1.339490000000000125e-01,1.837000000000000022e-01,1.433929999999999927e-01,5.022480000000000278e-01,9.584700000000000164e-02,1.668699999999999906e-01,1.517139999999999878e-01,1.708369999999999889e-01,1.231420000000000015e-01,1.413459999999999994e-01,1.505900000000000016e-01
-9.593599999999999350e-02,-2.332450000000000079e-01,-1.614680000000000004e-01,3.366190000000000015e-01,1.000000000000000000e+00,2.098460000000000047e-01,5.016469999999999541e-01,-1.366709999999999869e-01,6.684259999999999646e-01,2.906469999999999887e-01,2.231789999999999885e-01,3.237369999999999970e-01,1.328209999999999946e-01,3.521659999999999791e-01,-9.560499999999999554e-02,-2.874459999999999793e-01,3.723599999999999827e-02,-2.330019999999999869e-01,-3.053520000000000123e-01,-2.451210000000000055e-01,-1.540430000000000132e-01,-2.379070000000000074e-01,-1.583779999999999910e-01,4.393199999999999883e-02,-2.413379999999999970e-01,-2.411850000000000105e-01,1.677730000000000055e-01,1.415690000000000004e-01,-1.602979999999999960e-01,2.255999999999999950e-01,-2.753799999999999998e-02,-5.170199999999999796e-02,5.127999999999999919e-02,-1.737569999999999948e-01,7.637499999999999845e-02,2.527409999999999934e-01,3.957510000000000194e-01,2.259549999999999892e-01,-9.940799999999999637e-02,-2.325260000000000105e-01,-1.126349999999999990e-01,7.277699999999999447e-02,3.448720000000000119e-01,2.405680000000000041e-01,2.298030000000000073e-01,-6.866300000000000181e-02,1.414839999999999987e-01,-9.778199999999999392e-02,2.453079999999999983e-01,8.539639999999999453e-01,4.438590000000000035e-01,6.787790000000000212e-01,-1.939999999999999993e-04,7.004730000000000123e-01,3.246319999999999761e-01,2.197199999999999848e-02,3.149259999999999837e-01,3.015079999999999982e-01,3.663509999999999822e-01,-7.886999999999999567e-02,5.925500000000000211e-02,3.472499999999999892e-02,1.541200000000000035e-02,-1.705579999999999874e-01,-2.190519999999999967e-01,-1.550819999999999976e-01,-1.349879999999999969e-01,1.226929999999999965e-01,1.692559999999999898e-01,4.494000000000000078e-02,-8.002999999999999697e-03,2.501499999999999835e-01,1.576220000000000121e-01,-1.391330000000000067e-01,9.581199999999999439e-02,3.630300000000000193e-02
-2.272879999999999900e-01,4.499980000000000091e-01,3.301850000000000063e-01,1.641779999999999906e-01,2.098460000000000047e-01,1.000000000000000000e+00,2.943740000000000245e-01,4.578980000000000272e-01,2.839969999999999994e-01,4.544920000000000071e-01,7.513799999999999646e-02,4.432110000000000216e-01,6.289270000000000138e-01,-2.007450000000000068e-01,-3.135990000000000166e-01,2.354330000000000034e-01,3.747570000000000068e-01,3.550440000000000262e-01,1.288880000000000026e-01,4.062999999999999945e-02,-4.706799999999999873e-02,-8.667199999999999904e-02,4.817810000000000148e-01,2.189599999999999880e-01,3.563839999999999786e-01,4.746250000000000191e-01,3.603370000000000184e-01,3.921180000000000221e-01,4.750360000000000138e-01,-2.698869999999999880e-01,-1.523750000000000104e-01,-2.810219999999999940e-01,1.928010000000000002e-01,-7.640800000000000369e-02,-3.221149999999999847e-01,-7.749100000000000432e-02,1.343260000000000010e-01,2.611299999999999732e-01,-3.832539999999999836e-01,4.098600000000000160e-02,-6.748200000000000032e-02,-2.480070000000000052e-01,6.463399999999999701e-02,3.884699999999999959e-02,1.459850000000000037e-01,-2.821359999999999979e-01,5.224990000000000467e-01,2.226569999999999938e-01,3.855800000000000199e-02,8.183100000000000096e-02,4.807730000000000059e-01,2.491069999999999951e-01,3.261530000000000262e-01,2.639400000000000079e-01,2.993020000000000125e-01,-9.776600000000000568e-02,4.142350000000000199e-01,6.005989999999999940e-01,-4.413899999999999768e-02,-3.459670000000000245e-01,1.776429999999999954e-01,3.606539999999999746e-01,4.416410000000000058e-01,1.857080000000000120e-01,-9.418799999999999395e-02,-1.672970000000000013e-01,-1.124079999999999940e-01,2.877279999999999838e-01,2.907850000000000157e-01,3.729029999999999845e-01,4.516609999999999792e-01,2.449929999999999886e-01,3.149640000000000217e-01,1.968749999999999944e-01,-2.855309999999999793e-01,-3.001090000000000146e-01
-1.516100000000000086e-02,1.643930000000000113e-01,-4.026799999999999824e-02,1.881569999999999909e-01,5.016469999999999541e-01,2.943740000000000245e-01,1.000000000000000000e+00,1.426179999999999948e-01,3.701909999999999923e-01,3.528609999999999802e-01,7.306799999999999407e-02,2.135410000000000086e-01,4.615409999999999791e-01,5.209099999999999842e-02,-2.797810000000000019e-01,-4.771999999999999853e-02,2.991920000000000135e-01,5.181600000000000095e-02,-2.821409999999999751e-01,-3.193940000000000112e-01,-1.608499999999999860e-02,-2.146109999999999962e-01,-2.730799999999999894e-02,1.911500000000000005e-02,2.147010000000000030e-01,9.535000000000000073e-03,1.859899999999999887e-01,2.303590000000000082e-01,1.917290000000000105e-01,3.284920000000000062e-01,-8.040799999999999337e-02,1.601740000000000108e-01,2.268799999999999983e-01,-6.941400000000000348e-02,2.572599999999999887e-02,7.485500000000000487e-02,1.451600000000000112e-01,2.879369999999999985e-01,1.771299999999999958e-02,8.996400000000000230e-02,-4.295199999999999713e-02,-1.254540000000000100e-01,1.354499999999999871e-01,6.810000000000000081e-03,3.039810000000000012e-01,-4.770699999999999941e-02,2.415180000000000105e-01,-8.765699999999999881e-02,2.139109999999999900e-01,2.465219999999999911e-01,2.434400000000000105e-02,5.707459999999999756e-01,-1.924400000000000069e-02,2.899050000000000238e-01,4.300990000000000091e-01,-2.328600000000000114e-02,3.882300000000000334e-02,2.898530000000000273e-01,-7.206799999999999318e-02,-2.660009999999999875e-01,-1.037710000000000021e-01,3.192309999999999870e-01,3.088600000000000026e-02,-1.377190000000000081e-01,-3.561219999999999941e-01,-2.282329999999999914e-01,-2.460940000000000072e-01,-1.270060000000000078e-01,1.634400000000000019e-01,2.104199999999999959e-01,-9.623500000000000110e-02,4.746100000000000319e-02,1.590199999999999947e-01,-8.832399999999999973e-02,3.206280000000000241e-01,-7.377300000000000524e-02
-1.141690000000000066e-01,3.095029999999999726e-01,4.366590000000000193e-01,1.091379999999999989e-01,-1.366709999999999869e-01,4.578980000000000272e-01,1.426179999999999948e-01,1.000000000000000000e+00,-1.460780000000000134e-01,2.289049999999999974e-01,2.779070000000000151e-01,4.158560000000000034e-01,3.189460000000000073e-01,1.184930000000000011e-01,-1.952190000000000036e-01,1.518000000000000035e-03,1.706340000000000079e-01,1.434900000000000064e-01,2.354640000000000066e-01,-5.542699999999999710e-02,1.673810000000000020e-01,-2.070670000000000011e-01,8.107090000000000130e-01,3.658410000000000273e-01,1.529210000000000014e-01,3.250720000000000276e-01,-1.025139999999999940e-01,2.344680000000000097e-01,8.149900000000000200e-02,-1.031910000000000049e-01,-2.903700000000000170e-01,2.151499999999999940e-02,2.117320000000000035e-01,1.099679999999999963e-01,-1.654450000000000087e-01,2.381780000000000008e-01,8.064999999999999947e-02,9.827400000000000024e-02,-7.800799999999999401e-02,2.086570000000000091e-01,-1.748200000000000101e-02,-1.541349999999999942e-01,2.042140000000000066e-01,-2.652900000000000050e-02,1.335729999999999973e-01,-1.905630000000000102e-01,1.211590000000000028e-01,3.983209999999999806e-01,-1.214289999999999953e-01,-1.665190000000000003e-01,1.355810000000000071e-01,-1.509399999999999908e-01,7.497040000000000370e-01,-1.505599999999999994e-01,4.418899999999999911e-02,2.465469999999999884e-01,3.092429999999999901e-01,2.489659999999999929e-01,1.480950000000000044e-01,-1.785789999999999877e-01,-2.405940000000000023e-01,1.260699999999999876e-01,1.419789999999999941e-01,3.253420000000000201e-01,-9.870500000000000107e-02,6.699399999999999800e-02,-1.772459999999999869e-01,4.395959999999999868e-01,3.025550000000000184e-01,3.942000000000000191e-03,1.991729999999999889e-01,-1.978219999999999978e-01,1.767390000000000072e-01,1.297700000000000069e-02,-6.368999999999999662e-02,-3.349520000000000275e-01
-1.373979999999999924e-01,5.305300000000000293e-02,1.066079999999999944e-01,1.731630000000000114e-01,6.684259999999999646e-01,2.839969999999999994e-01,3.701909999999999923e-01,-1.460780000000000134e-01,1.000000000000000000e+00,4.455669999999999908e-01,3.952939999999999787e-01,3.176289999999999947e-01,2.022930000000000006e-01,-1.161090000000000039e-01,-1.257989999999999942e-01,-7.441999999999999831e-03,1.652599999999999902e-01,2.757799999999999835e-02,1.043110000000000009e-01,-1.205159999999999981e-01,-2.844610000000000194e-01,-1.120059999999999945e-01,-1.163720000000000032e-01,-7.724599999999999522e-02,5.969499999999999806e-02,-1.823100000000000068e-02,5.020639999999999548e-01,2.554999999999999979e-03,-1.231909999999999950e-01,-6.289100000000000246e-02,-1.469610000000000083e-01,-2.848269999999999968e-01,-1.423369999999999913e-01,-3.004330000000000056e-01,2.593300000000000119e-02,-1.103279999999999955e-01,2.984339999999999771e-01,2.789479999999999738e-01,-3.941000000000000059e-01,-3.436799999999999855e-01,-2.436709999999999987e-01,-1.147730000000000000e-01,-4.504400000000000071e-02,2.008310000000000095e-01,3.168170000000000153e-01,-2.528020000000000267e-01,3.423340000000000272e-01,1.427940000000000043e-01,2.821060000000000234e-01,5.160080000000000222e-01,3.201430000000000109e-01,5.897310000000000052e-01,-1.281970000000000054e-01,8.638360000000000483e-01,4.551290000000000058e-01,9.769500000000000406e-02,2.258419999999999872e-01,1.706999999999999906e-01,4.932899999999999785e-02,-1.463689999999999991e-01,5.195500000000000118e-02,1.823089999999999988e-01,7.514700000000000546e-02,1.952230000000000076e-01,-1.905100000000000127e-01,-3.993809999999999860e-01,-1.158649999999999958e-01,-3.943000000000000324e-03,4.579300000000000037e-02,2.263769999999999949e-01,3.534999999999999948e-03,4.585179999999999811e-01,-6.698700000000000487e-02,-2.922870000000000190e-01,-1.011090000000000044e-01,-2.600819999999999799e-01
2.957600000000000159e-02,2.219349999999999934e-01,2.316789999999999961e-01,3.899489999999999901e-01,2.906469999999999887e-01,4.544920000000000071e-01,3.528609999999999802e-01,2.289049999999999974e-01,4.455669999999999908e-01,1.000000000000000000e+00,1.823150000000000048e-01,7.615039999999999587e-01,4.895840000000000192e-01,-3.417699999999999905e-02,-1.487890000000000046e-01,2.190509999999999957e-01,4.689450000000000007e-01,2.871150000000000091e-01,2.025000000000000064e-02,1.882359999999999867e-01,3.730100000000000082e-02,8.418399999999999495e-02,2.202159999999999951e-01,5.007099999999999884e-01,2.886179999999999857e-01,2.860139999999999905e-01,4.126750000000000140e-01,3.800189999999999957e-01,3.186950000000000061e-01,-2.269259999999999888e-01,1.366310000000000024e-01,-5.657619999999999871e-01,4.036300000000000304e-02,-5.019300000000000150e-02,-1.276299999999999935e-01,1.625169999999999948e-01,5.096600000000000019e-01,6.772160000000000402e-01,-6.239649999999999919e-01,-3.536600000000000160e-02,9.898800000000000654e-02,-2.999780000000000224e-01,1.147819999999999951e-01,2.206780000000000130e-01,6.396749999999999936e-01,-9.431100000000000594e-02,2.829260000000000108e-01,2.861380000000000035e-01,3.614180000000000170e-01,2.489419999999999966e-01,2.877439999999999998e-01,5.247349999999999515e-01,1.320770000000000000e-01,4.836449999999999916e-01,7.962129999999999486e-01,-1.695100000000000079e-02,5.235670000000000046e-01,4.194260000000000210e-01,1.366259999999999974e-01,-1.987480000000000080e-01,1.238709999999999950e-01,5.260399999999999521e-01,2.534029999999999894e-01,8.576100000000000390e-02,1.460700000000000019e-02,-1.726070000000000104e-01,1.978800000000000003e-02,1.283169999999999866e-01,4.953960000000000030e-01,3.059259999999999757e-01,2.021789999999999976e-01,3.837130000000000263e-01,2.390180000000000082e-01,1.717299999999999938e-01,-9.255499999999999838e-02,-1.588499999999999981e-02
-5.232799999999999951e-02,-3.691200000000000037e-02,4.937190000000000190e-01,2.072000000000000057e-03,2.231789999999999885e-01,7.513799999999999646e-02,7.306799999999999407e-02,2.779070000000000151e-01,3.952939999999999787e-01,1.823150000000000048e-01,1.000000000000000000e+00,1.578779999999999906e-01,-8.810700000000000476e-02,1.158259999999999984e-01,1.230900000000000050e-01,-1.903489999999999904e-01,-5.832299999999999984e-02,-1.611970000000000069e-01,5.128740000000000521e-01,-6.146700000000000080e-02,5.045600000000000085e-02,-1.391100000000000114e-01,3.584300000000000264e-01,1.571399999999999880e-02,-5.715699999999999947e-02,-7.820100000000000662e-02,2.828109999999999791e-01,-1.345359999999999889e-01,-2.044330000000000036e-01,-4.115599999999999814e-02,-2.917270000000000141e-01,-5.574500000000000288e-02,1.460900000000000046e-02,-3.351500000000000312e-02,5.387200000000000322e-02,3.193399999999999711e-02,9.544900000000000606e-02,1.853650000000000020e-01,-1.483990000000000031e-01,-8.845100000000000184e-02,-2.338000000000000148e-02,9.508099999999999885e-02,-1.255539999999999989e-01,-6.283000000000000390e-03,3.454430000000000001e-01,-2.016959999999999864e-01,-7.247900000000000176e-02,5.334550000000000125e-01,6.312700000000000256e-02,2.650549999999999851e-01,5.735900000000000026e-02,1.262520000000000031e-01,1.944520000000000137e-01,3.760479999999999934e-01,1.396000000000000019e-01,7.457629999999999537e-01,-2.798600000000000046e-02,-2.069340000000000068e-01,3.324739999999999918e-01,1.171380000000000060e-01,-3.275060000000000193e-01,-2.198479999999999879e-01,-3.176610000000000267e-01,5.146079999999999544e-01,-6.611400000000000610e-02,-5.513200000000000045e-02,4.550000000000000008e-04,1.445619999999999961e-01,1.284800000000000005e-02,-1.409019999999999995e-01,-2.579609999999999959e-01,1.553249999999999909e-01,-2.129759999999999986e-01,-2.469419999999999948e-01,-1.520099999999999923e-02,-2.814289999999999847e-01
-1.710980000000000001e-01,9.044599999999999862e-02,1.597089999999999899e-01,2.415799999999999892e-01,3.237369999999999970e-01,4.432110000000000216e-01,2.135410000000000086e-01,4.158560000000000034e-01,3.176289999999999947e-01,7.615039999999999587e-01,1.578779999999999906e-01,1.000000000000000000e+00,4.456220000000000181e-01,1.585570000000000035e-01,-7.024400000000000088e-02,-1.248299999999999930e-02,4.020110000000000072e-01,1.607419999999999960e-01,-7.190000000000000557e-02,3.014800000000000119e-02,-1.015830000000000066e-01,-1.772940000000000071e-01,3.163889999999999758e-01,4.910510000000000153e-01,-2.923900000000000110e-02,2.427259999999999973e-01,1.834610000000000130e-01,3.703500000000000125e-01,-6.052600000000000341e-02,-2.285840000000000094e-01,-1.376570000000000016e-01,-5.192309999999999981e-01,3.485499999999999710e-02,-1.288330000000000031e-01,-1.700339999999999907e-01,4.314609999999999834e-01,5.485379999999999701e-01,4.977869999999999795e-01,-5.366539999999999644e-01,-8.455899999999999528e-02,7.524000000000000306e-03,-2.085609999999999964e-01,2.939640000000000031e-01,2.961219999999999963e-01,5.666099999999999470e-01,-3.061479999999999757e-01,1.569470000000000032e-01,2.381399999999999906e-01,1.867649999999999866e-01,3.188920000000000088e-01,4.486069999999999780e-01,4.157179999999999764e-01,3.251979999999999871e-01,3.920859999999999901e-01,6.364579999999999682e-01,-1.204200000000000062e-02,8.100990000000000135e-01,4.854160000000000141e-01,3.039450000000000207e-01,-9.403200000000000447e-02,-4.181599999999999900e-02,2.836119999999999752e-01,1.952639999999999931e-01,2.903700000000000031e-02,-1.159730000000000066e-01,-1.686709999999999876e-01,-1.856119999999999992e-01,3.316580000000000084e-01,4.830019999999999869e-01,6.349100000000000577e-02,1.778639999999999943e-01,1.953429999999999889e-01,2.696109999999999896e-01,-6.128800000000000220e-02,-2.334910000000000041e-01,-1.537060000000000093e-01
-6.438099999999999379e-02,5.951579999999999648e-01,1.421679999999999888e-01,9.448800000000000254e-02,1.328209999999999946e-01,6.289270000000000138e-01,4.615409999999999791e-01,3.189460000000000073e-01,2.022930000000000006e-01,4.895840000000000192e-01,-8.810700000000000476e-02,4.456220000000000181e-01,1.000000000000000000e+00,-4.233339999999999881e-01,-2.681189999999999962e-01,4.492820000000000147e-01,6.940279999999999783e-01,6.831500000000000350e-01,6.427299999999999680e-02,2.660600000000000187e-01,-2.599699999999999928e-02,1.662720000000000031e-01,2.043100000000000124e-02,1.602590000000000126e-01,3.466730000000000089e-01,6.221440000000000303e-01,1.035539999999999933e-01,7.115479999999999583e-01,4.997329999999999828e-01,4.342999999999999639e-03,-1.230499999999999997e-02,-2.771290000000000142e-01,7.590299999999999825e-02,-3.779699999999999727e-02,-3.137769999999999726e-01,-1.834449999999999970e-01,1.360899999999999888e-01,2.058719999999999994e-01,-3.856829999999999981e-01,1.054480000000000001e-01,3.315699999999999897e-02,-3.647380000000000067e-01,-9.795700000000000240e-02,-3.057899999999999854e-02,1.776610000000000134e-01,-1.289359999999999951e-01,4.446530000000000205e-01,-2.322600000000000012e-02,1.295709999999999917e-01,-1.608000000000000054e-02,-1.722999999999999922e-03,3.261410000000000142e-01,6.200300000000000256e-02,1.662780000000000091e-01,3.860850000000000115e-01,-2.590899999999999870e-01,3.232650000000000245e-01,7.658960000000000212e-01,-3.919860000000000011e-01,-2.468309999999999949e-01,2.049989999999999868e-01,5.786649999999999849e-01,5.406210000000000182e-01,9.408800000000000496e-02,6.510799999999999921e-02,-2.235250000000000015e-01,7.038899999999999324e-02,-2.556889999999999996e-01,2.707060000000000022e-01,2.645799999999999819e-01,3.183329999999999771e-01,3.862600000000000061e-02,6.306669999999999776e-01,1.763349999999999917e-01,5.126000000000000001e-02,-1.293719999999999870e-01
-9.950000000000000077e-04,-5.115790000000000060e-01,-1.290789999999999993e-01,3.290409999999999724e-01,3.521659999999999791e-01,-2.007450000000000068e-01,5.209099999999999842e-02,1.184930000000000011e-01,-1.161090000000000039e-01,-3.417699999999999905e-02,1.158259999999999984e-01,1.585570000000000035e-01,-4.233339999999999881e-01,1.000000000000000000e+00,4.772799999999999959e-02,-4.766859999999999986e-01,-3.233170000000000210e-01,-5.471679999999999877e-01,-2.990929999999999978e-01,-3.279159999999999853e-01,7.446500000000000341e-02,-3.285899999999999932e-01,2.044390000000000096e-01,2.336469999999999936e-01,-4.202520000000000144e-01,-4.922960000000000114e-01,-1.978520000000000001e-01,-1.733629999999999893e-01,-3.690229999999999899e-01,3.343769999999999798e-01,1.722299999999999873e-02,2.687419999999999809e-01,1.376519999999999966e-01,1.123350000000000043e-01,2.939939999999999776e-01,5.791680000000000161e-01,2.585489999999999733e-01,1.395460000000000034e-01,3.224330000000000251e-01,-3.006500000000000145e-02,7.724399999999999322e-02,3.462459999999999982e-01,6.012119999999999687e-01,2.890840000000000076e-01,1.679839999999999944e-01,9.725699999999999623e-02,-3.242940000000000267e-01,3.301799999999999874e-02,3.159100000000000102e-02,4.025489999999999902e-01,3.212740000000000040e-01,2.865200000000000038e-02,2.818089999999999762e-01,-2.382000000000000003e-03,-2.524200000000000055e-02,2.328419999999999934e-01,2.027660000000000018e-01,-1.849149999999999960e-01,8.044449999999999656e-01,5.586399999999999699e-02,-1.989160000000000095e-01,-2.153039999999999954e-01,-2.852720000000000256e-01,-2.339390000000000081e-01,-1.891700000000000048e-01,1.796669999999999934e-01,-1.514169999999999960e-01,4.676730000000000054e-01,1.543940000000000035e-01,-2.032799999999999885e-01,-1.960629999999999873e-01,-1.016350000000000031e-01,-1.737460000000000115e-01,-1.290659999999999863e-01,1.547630000000000117e-01,1.971960000000000102e-01
1.657700000000000007e-01,-2.923439999999999928e-01,-9.502299999999999636e-02,3.680300000000000238e-02,-9.560499999999999554e-02,-3.135990000000000166e-01,-2.797810000000000019e-01,-1.952190000000000036e-01,-1.257989999999999942e-01,-1.487890000000000046e-01,1.230900000000000050e-01,-7.024400000000000088e-02,-2.681189999999999962e-01,4.772799999999999959e-02,1.000000000000000000e+00,-2.068480000000000041e-01,-2.990439999999999765e-01,-2.953760000000000274e-01,-2.124200000000000046e-02,9.611100000000000199e-02,4.310300000000000242e-01,1.495180000000000120e-01,-1.528599999999999959e-01,-3.452999999999999906e-03,-3.454280000000000128e-01,-3.218559999999999754e-01,-2.054269999999999985e-01,-1.167000000000000069e-03,-2.169840000000000102e-01,1.443280000000000118e-01,1.606760000000000133e-01,-1.327220000000000066e-01,-1.200319999999999998e-01,2.313700000000000132e-02,1.636350000000000027e-01,3.973399999999999849e-02,-4.679999999999999915e-04,5.753400000000000181e-02,-4.473200000000000093e-02,-1.446270000000000056e-01,5.974000000000000143e-03,1.371310000000000029e-01,-5.889199999999999990e-02,9.227000000000000826e-03,6.109599999999999753e-02,1.917040000000000133e-01,-2.825840000000000019e-01,2.410500000000000143e-02,6.111799999999999872e-02,4.801300000000000012e-02,-1.261420000000000041e-01,-1.439030000000000031e-01,-6.775499999999999579e-02,5.313000000000000014e-03,-1.077069999999999972e-01,2.336529999999999996e-01,-2.263199999999999934e-02,-1.958799999999999986e-01,2.139469999999999983e-01,9.643140000000000045e-01,-1.500229999999999897e-01,-2.986309999999999798e-01,-3.135539999999999994e-01,4.760799999999999754e-02,1.481250000000000067e-01,5.591329999999999911e-01,1.975290000000000101e-01,-4.990300000000000291e-02,-1.941999999999999976e-02,-2.181839999999999891e-01,-1.758929999999999938e-01,-1.784860000000000058e-01,-9.237999999999999684e-03,6.535299999999999443e-02,9.485899999999999888e-02,2.685609999999999942e-01
4.055759999999999921e-01,7.466749999999999776e-01,-5.165800000000000253e-02,-4.480900000000000161e-02,-2.874459999999999793e-01,2.354330000000000034e-01,-4.771999999999999853e-02,1.518000000000000035e-03,-7.441999999999999831e-03,2.190509999999999957e-01,-1.903489999999999904e-01,-1.248299999999999930e-02,4.492820000000000147e-01,-4.766859999999999986e-01,-2.068480000000000041e-01,1.000000000000000000e+00,5.318939999999999779e-01,8.102890000000000370e-01,3.434189999999999743e-01,4.052520000000000011e-01,1.863619999999999999e-01,7.084529999999999994e-01,-9.627900000000000347e-02,2.421000000000000096e-01,6.508899999999999686e-01,7.628519999999999746e-01,1.306269999999999931e-01,1.804959999999999898e-01,5.673799999999999955e-01,-3.616480000000000250e-01,4.251570000000000071e-01,-1.576899999999999968e-01,1.859900000000000095e-02,2.207590000000000108e-01,-1.033229999999999982e-01,-3.779759999999999787e-01,-1.829800000000000038e-01,-3.869199999999999723e-02,-2.150489999999999902e-01,2.845960000000000156e-01,1.861210000000000087e-01,-3.801370000000000027e-01,-2.451619999999999910e-01,-1.313549999999999995e-01,-1.846530000000000116e-01,3.740189999999999904e-01,6.003680000000000128e-01,-2.302770000000000095e-01,2.470699999999999980e-02,-3.386179999999999746e-01,-1.534860000000000113e-01,-1.684930000000000039e-01,-1.209940000000000043e-01,-1.412499999999999867e-01,1.833299999999999860e-02,-4.004329999999999834e-01,1.203899999999999935e-02,2.573170000000000179e-01,-4.217650000000000010e-01,-1.796139999999999959e-01,6.996210000000000484e-01,5.127239999999999576e-01,6.190440000000000387e-01,2.052559999999999940e-01,2.344549999999999967e-01,4.503499999999999864e-02,4.405470000000000219e-01,-2.775500000000000189e-01,2.789189999999999725e-01,4.615170000000000106e-01,6.001539999999999653e-01,3.852599999999999775e-02,1.777249999999999941e-01,2.486819999999999864e-01,-1.331060000000000021e-01,1.174550000000000038e-01
-1.330100000000000032e-02,5.776470000000000216e-01,4.485700000000000104e-02,-8.949699999999999322e-02,3.723599999999999827e-02,3.747570000000000068e-01,2.991920000000000135e-01,1.706340000000000079e-01,1.652599999999999902e-01,4.689450000000000007e-01,-5.832299999999999984e-02,4.020110000000000072e-01,6.940279999999999783e-01,-3.233170000000000210e-01,-2.990439999999999765e-01,5.318939999999999779e-01,1.000000000000000000e+00,8.121059999999999945e-01,1.292659999999999920e-01,3.263750000000000262e-01,-9.051399999999999724e-02,2.755989999999999829e-01,-6.937599999999999323e-02,1.452809999999999935e-01,3.841089999999999782e-01,6.875919999999999810e-01,1.133409999999999973e-01,4.134289999999999909e-01,4.660880000000000023e-01,-1.850600000000000023e-01,3.004599999999999979e-02,-2.402249999999999941e-01,7.872800000000000631e-02,-1.477890000000000037e-01,-4.139240000000000141e-01,-6.127200000000000008e-02,3.228700000000000320e-02,6.054699999999999666e-02,-3.238739999999999952e-01,1.006859999999999977e-01,-2.838999999999999944e-03,-4.609969999999999901e-01,-3.355299999999999949e-02,-1.186819999999999958e-01,3.080199999999999952e-02,-5.677299999999999708e-02,4.184390000000000054e-01,-4.933099999999999985e-02,4.904200000000000226e-02,-5.741799999999999682e-02,3.481900000000000273e-02,2.047309999999999963e-01,1.067799999999999999e-02,1.314730000000000065e-01,3.505759999999999987e-01,-2.862830000000000097e-01,2.553630000000000067e-01,5.601190000000000335e-01,-2.787490000000000245e-01,-2.862999999999999989e-01,2.243680000000000119e-01,6.320949999999999624e-01,6.459660000000000402e-01,1.007019999999999998e-01,1.241109999999999991e-01,-2.800230000000000219e-01,1.387990000000000057e-01,-2.039870000000000017e-01,2.065819999999999879e-01,2.741939999999999933e-01,3.727320000000000078e-01,3.888500000000000290e-02,3.758440000000000114e-01,1.518789999999999862e-01,8.389000000000000623e-03,-7.485200000000000187e-02
3.614699999999999858e-02,7.088670000000000249e-01,1.075119999999999965e-01,-1.157559999999999978e-01,-2.330019999999999869e-01,3.550440000000000262e-01,5.181600000000000095e-02,1.434900000000000064e-01,2.757799999999999835e-02,2.871150000000000091e-01,-1.611970000000000069e-01,1.607419999999999960e-01,6.831500000000000350e-01,-5.471679999999999877e-01,-2.953760000000000274e-01,8.102890000000000370e-01,8.121059999999999945e-01,1.000000000000000000e+00,3.359770000000000256e-01,4.920300000000000229e-01,-3.641099999999999892e-02,5.213910000000000489e-01,-7.516100000000000558e-02,8.123800000000000465e-02,4.922039999999999749e-01,8.239069999999999450e-01,6.022600000000000176e-02,3.726820000000000133e-01,5.708499999999999686e-01,-2.952699999999999769e-01,1.129359999999999947e-01,-2.053810000000000080e-01,-5.841699999999999671e-02,-3.481299999999999673e-02,-3.153380000000000072e-01,-3.475790000000000268e-01,-1.441000000000000059e-01,-2.155899999999999830e-02,-2.700099999999999723e-01,1.750450000000000061e-01,-6.780999999999999701e-03,-4.183569999999999789e-01,-2.427950000000000108e-01,-1.638390000000000124e-01,-1.346239999999999937e-01,2.185799999999999896e-02,4.846309999999999785e-01,-8.619100000000000372e-02,4.892400000000000221e-02,-3.236430000000000140e-01,-1.444370000000000098e-01,-8.144400000000000250e-02,-4.669800000000000340e-02,-6.278000000000000247e-02,9.931600000000000150e-02,-3.836519999999999930e-01,1.090470000000000050e-01,4.896249999999999769e-01,-4.725059999999999816e-01,-2.782100000000000128e-01,4.344640000000000168e-01,5.791460000000000496e-01,7.382589999999999986e-01,2.270610000000000128e-01,2.773789999999999867e-01,-1.890159999999999896e-01,2.996759999999999979e-01,-3.150060000000000082e-01,1.490529999999999911e-01,3.118759999999999866e-01,4.815389999999999948e-01,-1.902500000000000024e-02,3.598600000000000132e-01,2.239440000000000042e-01,-5.163899999999999740e-02,-1.082329999999999959e-01
-5.276999999999999746e-02,3.627980000000000094e-01,6.618659999999999544e-01,-5.702299999999999730e-02,-3.053520000000000123e-01,1.288880000000000026e-01,-2.821409999999999751e-01,2.354640000000000066e-01,1.043110000000000009e-01,2.025000000000000064e-02,5.128740000000000521e-01,-7.190000000000000557e-02,6.427299999999999680e-02,-2.990929999999999978e-01,-2.124200000000000046e-02,3.434189999999999743e-01,1.292659999999999920e-01,3.359770000000000256e-01,1.000000000000000000e+00,2.890969999999999929e-01,2.838299999999999851e-02,3.607540000000000191e-01,3.176180000000000114e-01,-3.493000000000000271e-02,2.401300000000000101e-01,3.878759999999999986e-01,2.290550000000000086e-01,-6.125300000000000189e-02,6.785199999999999565e-02,-3.638449999999999740e-01,-1.477910000000000057e-01,-2.755000000000000157e-02,-7.877199999999999480e-02,9.759700000000000319e-02,-8.082899999999999807e-02,-3.952539999999999942e-01,-3.131099999999999856e-02,-1.214770000000000016e-01,-1.193459999999999938e-01,3.155299999999999772e-02,8.130999999999999339e-03,-1.009560000000000041e-01,-2.001360000000000083e-01,1.226140000000000008e-01,-6.090099999999999680e-02,-1.305169999999999941e-01,2.657379999999999742e-01,4.786569999999999991e-01,1.551170000000000049e-01,-3.236490000000000200e-01,-1.402609999999999968e-01,-2.960900000000000198e-01,2.210499999999999965e-01,-1.719199999999999895e-02,-2.659800000000000011e-02,2.862379999999999924e-01,-7.146099999999999675e-02,-8.325100000000000555e-02,-1.327949999999999964e-01,-1.932899999999999896e-02,9.758600000000000607e-02,2.989699999999999996e-02,1.912020000000000108e-01,8.538649999999999851e-01,1.916640000000000010e-01,-7.426399999999999668e-02,3.246419999999999861e-01,-1.145900000000000044e-02,4.371400000000000285e-02,1.007139999999999980e-01,1.932049999999999879e-01,1.312409999999999966e-01,-1.349430000000000074e-01,-6.020199999999999857e-02,-1.412289999999999934e-01,-2.831759999999999833e-01
1.081450000000000050e-01,1.483230000000000104e-01,2.247450000000000003e-01,1.401890000000000081e-01,-2.451210000000000055e-01,4.062999999999999945e-02,-3.193940000000000112e-01,-5.542699999999999710e-02,-1.205159999999999981e-01,1.882359999999999867e-01,-6.146700000000000080e-02,3.014800000000000119e-02,2.660600000000000187e-01,-3.279159999999999853e-01,9.611100000000000199e-02,4.052520000000000011e-01,3.263750000000000262e-01,4.920300000000000229e-01,2.890969999999999929e-01,1.000000000000000000e+00,2.942799999999999860e-01,7.384309999999999485e-01,-5.927999999999999936e-02,1.625830000000000053e-01,7.853200000000000458e-02,4.098120000000000096e-01,-4.995200000000000334e-02,4.117100000000000204e-01,4.969160000000000244e-01,-1.155359999999999998e-01,3.185470000000000246e-01,-2.611069999999999780e-01,4.895000000000000046e-02,1.313519999999999965e-01,-1.141049999999999981e-01,-2.122630000000000072e-01,1.400109999999999966e-01,1.749840000000000007e-01,-2.824019999999999864e-01,1.021019999999999983e-01,2.597610000000000197e-01,-1.792839999999999989e-01,-1.019619999999999971e-01,3.846499999999999919e-02,4.134600000000000081e-02,1.748669999999999947e-01,9.622000000000000344e-03,1.976239999999999941e-01,2.535810000000000008e-01,-1.671769999999999923e-01,-1.976940000000000086e-01,-8.139399999999999413e-02,-8.649999999999999920e-04,3.532099999999999823e-02,1.045029999999999987e-01,-8.508000000000000285e-02,4.510700000000000126e-02,2.603440000000000198e-01,-1.527050000000000074e-01,8.707199999999999662e-02,2.873660000000000103e-01,2.472679999999999878e-01,4.062720000000000220e-01,2.702649999999999775e-01,8.502669999999999950e-01,1.867749999999999966e-01,7.785760000000000458e-01,-2.333699999999999941e-01,1.623940000000000106e-01,-4.587399999999999811e-02,2.932580000000000187e-01,1.378989999999999938e-01,4.124979999999999758e-01,5.962309999999999555e-01,1.764419999999999877e-01,2.915010000000000101e-01
