1.000000000000000000e+00,1.959500000000000131e-01,-5.368789999999999951e-01,-1.766580000000000095e-01,-4.420939999999999870e-01,-2.964789999999999925e-01,-1.563049999999999995e-01,5.838399999999999840e-02,-4.492369999999999974e-01,-2.915619999999999878e-01,-4.491600000000000037e-01,-4.690489999999999937e-01,-4.905450000000000088e-01,1.002490000000000048e-01,-1.236229999999999968e-01,3.424429999999999974e-01,-2.433700000000000099e-02,5.891300000000000009e-02,-3.292160000000000086e-01,-2.084610000000000074e-01,6.790279999999999649e-01,-3.060000000000000111e-04,1.414030000000000009e-01,2.302430000000000032e-01,4.178769999999999984e-01,4.450939999999999896e-01,-1.692659999999999998e-01,-4.116719999999999824e-01,2.203910000000000036e-01,9.189500000000000446e-02,3.560059999999999891e-01,6.610679999999999890e-01,6.357099999999999973e-01,5.130080000000000195e-01,3.913559999999999817e-01,-1.852370000000000128e-01,-3.947419999999999818e-01,-2.941619999999999790e-01,6.596030000000000504e-01,6.113119999999999665e-01,5.744920000000000027e-01,3.893880000000000119e-01,-2.760070000000000023e-01,-4.090529999999999999e-01,-2.019730000000000136e-01,8.868390000000000439e-01,1.654299999999999937e-01,-5.834650000000000114e-01,1.250700000000000076e-02,-4.257259999999999933e-01,-4.339629999999999876e-01,-2.388359999999999927e-01,1.371930000000000094e-01,-3.695999999999999841e-01,-2.197590000000000099e-01,-5.040040000000000076e-01,-4.964770000000000016e-01,-4.848239999999999772e-01,-1.100310000000000038e-01,-1.239729999999999999e-01,3.422799999999999732e-01,4.409300000000000025e-02,1.414779999999999927e-01,-3.548520000000000008e-01,-1.438570000000000126e-01,6.585210000000000230e-01,-1.225519999999999943e-01,9.654300000000000381e-02,-5.535400000000000043e-02,1.609059999999999935e-01,5.455569999999999586e-01,-2.121589999999999865e-01,-4.173120000000000163e-01,1.866549999999999876e-01,4.879399999999999710e-02,2.747720000000000162e-01
1.959500000000000131e-01,1.000000000000000000e+00,-2.169040000000000135e-01,-9.600599999999999412e-02,-1.756919999999999871e-01,6.179660000000000153e-01,1.253539999999999932e-01,4.995539999999999980e-01,-1.208790000000000003e-01,-5.728300000000000058e-02,-4.064000000000000251e-02,-2.974820000000000242e-01,1.706999999999999967e-03,1.474000000000000032e-01,4.952399999999999858e-02,6.310399999999999343e-02,3.468970000000000109e-01,4.417740000000000000e-01,2.404260000000000008e-01,-8.554799999999999904e-02,2.722959999999999825e-01,1.974319999999999964e-01,5.335079999999999822e-01,-2.197610000000000119e-01,4.215800000000000103e-01,7.273049999999999793e-01,2.532260000000000066e-01,-2.504919999999999924e-01,-2.591200000000000170e-01,-2.504089999999999927e-01,-2.222079999999999889e-01,3.204489999999999839e-01,3.515550000000000064e-01,9.502299999999999636e-02,7.782300000000000328e-02,1.433520000000000072e-01,-3.881699999999999734e-02,-1.041220000000000062e-01,2.520769999999999955e-01,3.399570000000000092e-01,4.467100000000000237e-02,-1.757620000000000016e-01,3.241299999999999737e-02,-8.758699999999999819e-02,-1.041789999999999938e-01,1.122869999999999979e-01,7.041720000000000201e-01,-1.639049999999999951e-01,1.634849999999999914e-01,-2.047110000000000041e-01,3.423069999999999724e-01,-1.206210000000000060e-01,5.077970000000000539e-01,-6.473500000000000087e-02,1.047299999999999967e-02,-3.606899999999999690e-02,-8.277800000000000435e-02,8.372699999999999587e-02,1.644919999999999993e-01,9.576600000000000390e-02,-1.152780000000000055e-01,2.627140000000000031e-01,2.966099999999999987e-02,2.197669999999999901e-01,-7.212000000000000355e-02,7.266599999999999449e-02,6.407400000000000595e-02,4.459409999999999763e-01,-2.330629999999999924e-01,2.101520000000000055e-01,5.005600000000000049e-01,3.289999999999999869e-02,-1.566170000000000062e-01,-2.007009999999999905e-01,-1.522469999999999934e-01,-2.764630000000000143e-01
-5.368789999999999951e-01,-2.169040000000000135e-01,1.000000000000000000e+00,2.103119999999999989e-01,7.386869999999999825e-01,2.915679999999999938e-01,4.202099999999999724e-01,-1.003850000000000020e-01,7.905929999999999902e-01,3.664080000000000115e-01,9.017730000000000468e-01,3.003779999999999784e-01,6.455750000000000099e-01,-7.913999999999999160e-03,3.690769999999999884e-01,4.560700000000000170e-02,2.231339999999999990e-01,1.463730000000000031e-01,5.305689999999999573e-01,5.460749999999999771e-01,-3.220970000000000222e-01,3.926370000000000138e-01,-1.791099999999999984e-02,-4.482699999999999879e-02,-2.127699999999999869e-01,-2.756170000000000009e-01,5.589739999999999709e-01,6.444229999999999681e-01,1.798790000000000111e-01,3.507839999999999847e-01,1.198079999999999978e-01,-6.385640000000000205e-01,-5.040489999999999693e-01,-2.701270000000000060e-01,-3.610269999999999868e-01,1.368979999999999919e-01,4.287210000000000187e-01,3.756530000000000147e-01,-6.607229999999999492e-01,-5.086709999999999843e-01,-3.525780000000000025e-01,-3.977519999999999945e-01,2.640299999999999869e-01,4.437189999999999745e-01,1.840710000000000124e-01,-4.619159999999999933e-01,-2.535299999999999776e-01,9.598210000000000353e-01,9.196899999999999520e-02,7.569839999999999902e-01,5.267699999999999605e-01,6.551879999999999926e-01,-1.975119999999999931e-01,7.404410000000000158e-01,2.679799999999999960e-01,8.622610000000000552e-01,4.200740000000000030e-01,6.236439999999999761e-01,1.775019999999999931e-01,4.474460000000000104e-01,7.482300000000000062e-02,1.294490000000000085e-01,1.204839999999999939e-01,5.779840000000000533e-01,5.496119999999999894e-01,-3.664410000000000167e-01,4.904100000000000126e-01,-1.365899999999999927e-02,1.505519999999999914e-01,-1.271440000000000070e-01,-3.894440000000000124e-01,6.111389999999999878e-01,6.329529999999999879e-01,2.279269999999999907e-01,2.738430000000000031e-01,1.381120000000000125e-01
-1.766580000000000095e-01,-9.600599999999999412e-02,2.103119999999999989e-01,1.000000000000000000e+00,3.788239999999999941e-01,4.814999999999999836e-03,4.823549999999999782e-01,-1.510900000000000021e-01,2.732040000000000024e-01,3.044330000000000092e-01,2.692180000000000129e-01,1.689930000000000043e-01,2.959260000000000224e-01,5.292930000000000135e-01,1.386769999999999947e-01,1.089350000000000041e-01,-2.479299999999999907e-02,5.281000000000000277e-02,1.273539999999999950e-01,3.089290000000000092e-01,-2.000149999999999983e-01,1.312899999999999900e-01,-2.152070000000000094e-01,-1.156729999999999980e-01,9.610000000000000486e-04,-2.345379999999999965e-01,-5.278000000000000053e-02,4.483159999999999923e-01,8.472699999999999676e-02,1.779499999999999971e-01,1.931120000000000059e-01,-2.182340000000000113e-01,-6.306299999999999406e-02,4.011900000000000188e-02,-2.195779999999999954e-01,3.619580000000000020e-01,6.968969999999999887e-01,2.153100000000000014e-01,-1.458039999999999892e-01,-2.616299999999999876e-02,2.128599999999999937e-02,-3.561280000000000001e-01,7.130229999999999624e-01,5.677149999999999697e-01,2.565410000000000190e-01,-1.005849999999999939e-01,-1.350270000000000081e-01,2.076369999999999882e-01,4.572999999999999843e-01,1.674029999999999963e-01,7.534000000000000419e-02,3.336890000000000134e-01,-1.946430000000000105e-01,1.709720000000000129e-01,2.236329999999999985e-01,1.687400000000000011e-01,3.673779999999999824e-01,3.336910000000000154e-01,4.383920000000000039e-01,8.998100000000000542e-02,2.571800000000000128e-02,3.292400000000000188e-02,4.537399999999999767e-02,6.630400000000000182e-02,3.092880000000000074e-01,-2.312180000000000069e-01,1.558690000000000075e-01,-1.859860000000000124e-01,5.558699999999999752e-02,1.110040000000000054e-01,-1.855040000000000022e-01,8.406199999999999783e-02,3.190740000000000243e-01,6.842199999999999671e-02,2.173529999999999907e-01,1.428190000000000015e-01
-4.420939999999999870e-01,-1.756919999999999871e-01,7.386869999999999825e-01,3.788239999999999941e-01,1.000000000000000000e+00,2.279339999999999977e-01,6.003709999999999880e-01,-2.614949999999999775e-01,8.865420000000000522e-01,3.329820000000000002e-01,6.981209999999999916e-01,2.481549999999999867e-01,6.620009999999999506e-01,1.034439999999999943e-01,3.040720000000000089e-01,8.311300000000000632e-02,7.865099999999999869e-02,4.965200000000000169e-02,2.361449999999999938e-01,4.685779999999999945e-01,-4.391579999999999928e-01,3.667549999999999977e-01,-2.374110000000000109e-01,-2.351270000000000027e-01,-1.478160000000000029e-01,-3.544519999999999893e-01,5.399559999999999915e-01,6.452590000000000270e-01,1.736830000000000040e-01,1.784560000000000035e-01,1.503770000000000107e-01,-5.350479999999999681e-01,-4.971209999999999796e-01,-2.284200000000000119e-01,-4.062950000000000172e-01,1.492880000000000040e-01,4.900209999999999844e-01,2.782990000000000186e-01,-5.877449999999999619e-01,-5.353639999999999510e-01,-3.053449999999999775e-01,-4.717080000000000162e-01,3.638890000000000180e-01,5.406220000000000470e-01,2.464250000000000052e-01,-3.897559999999999913e-01,-1.917280000000000095e-01,6.679110000000000325e-01,2.987699999999999800e-01,8.697179999999999911e-01,5.402040000000000175e-01,8.693490000000000384e-01,-3.806430000000000091e-01,7.552379999999999649e-01,2.244470000000000076e-01,7.130410000000000359e-01,3.837200000000000055e-01,6.698619999999999575e-01,3.054689999999999905e-01,3.927700000000000080e-01,1.937799999999999939e-02,4.201499999999999679e-02,-3.218499999999999833e-02,2.700949999999999740e-01,5.386819999999999942e-01,-4.521850000000000036e-01,4.709889999999999910e-01,-2.545069999999999832e-01,9.275000000000000258e-03,-3.107499999999999846e-02,-4.059860000000000135e-01,6.391989999999999617e-01,6.114279999999999715e-01,2.408349999999999935e-01,1.099669999999999953e-01,1.554780000000000051e-01
-2.964789999999999925e-01,6.179660000000000153e-01,2.915679999999999938e-01,4.814999999999999836e-03,2.279339999999999977e-01,1.000000000000000000e+00,3.346609999999999863e-01,6.750789999999999846e-01,2.573610000000000064e-01,1.429310000000000025e-01,3.892269999999999897e-01,1.080000000000000014e-03,5.037580000000000391e-01,1.917159999999999975e-01,2.557269999999999821e-01,-1.175630000000000008e-01,4.809010000000000229e-01,3.702929999999999833e-01,4.677279999999999771e-01,1.745259999999999867e-01,5.362200000000000299e-02,2.332450000000000079e-01,6.508110000000000284e-01,-1.045279999999999959e-01,-1.251460000000000072e-01,3.626480000000000259e-01,5.195009999999999906e-01,2.274569999999999925e-01,-2.440599999999999992e-01,3.948000000000000120e-03,-2.281900000000000039e-01,-1.748889999999999889e-01,-5.490899999999999948e-02,-2.265320000000000111e-01,-7.895900000000000141e-02,2.935949999999999949e-01,2.137580000000000036e-01,1.968250000000000000e-01,-2.661220000000000252e-01,-5.354199999999999932e-02,-3.662090000000000067e-01,-2.676220000000000265e-01,1.996290000000000009e-01,2.134969999999999923e-01,7.472800000000000276e-02,-3.391839999999999855e-01,3.967649999999999788e-01,3.642940000000000067e-01,1.644029999999999936e-01,2.080649999999999999e-01,7.624290000000000234e-01,1.949239999999999862e-01,5.478530000000000344e-01,2.952380000000000004e-01,1.865070000000000061e-01,3.779330000000000189e-01,2.834619999999999918e-01,5.207089999999999774e-01,2.757290000000000019e-01,2.613550000000000040e-01,-2.278370000000000117e-01,2.849769999999999803e-01,-1.178099999999999981e-02,4.831259999999999999e-01,1.266960000000000031e-01,-1.625179999999999958e-01,2.000629999999999908e-01,5.694860000000000477e-01,4.258200000000000179e-02,-6.194999999999999812e-02,1.596380000000000021e-01,2.512130000000000196e-01,3.298180000000000001e-01,-2.051310000000000078e-01,2.871699999999999947e-02,-2.331979999999999886e-01
-1.563049999999999995e-01,1.253539999999999932e-01,4.202099999999999724e-01,4.823549999999999782e-01,6.003709999999999880e-01,3.346609999999999863e-01,1.000000000000000000e+00,-1.089689999999999964e-01,4.475990000000000246e-01,3.700010000000000243e-01,4.112850000000000117e-01,3.010799999999999935e-02,6.217049999999999521e-01,2.278820000000000012e-01,2.756520000000000081e-01,4.633079999999999976e-01,2.191069999999999962e-01,4.402840000000000087e-01,2.601729999999999876e-01,4.627990000000000159e-01,-1.577739999999999976e-01,4.299470000000000236e-01,-9.369399999999999951e-02,-2.200090000000000101e-01,2.015800000000000092e-01,-2.451099999999999945e-01,5.752950000000000008e-01,6.492719999999999603e-01,5.084889999999999688e-01,4.124579999999999913e-01,5.004129999999999967e-01,-3.842880000000000185e-01,-2.410239999999999883e-01,-1.261990000000000056e-01,-3.587330000000000241e-01,1.990109999999999935e-01,5.071700000000000097e-01,2.015730000000000022e-01,-3.837820000000000120e-01,-1.915020000000000056e-01,-1.759900000000000075e-01,-5.108819999999999473e-01,3.712130000000000152e-01,4.396140000000000048e-01,2.007319999999999938e-01,-4.579999999999999870e-03,1.345689999999999942e-01,3.991540000000000088e-01,4.587229999999999919e-01,4.042879999999999807e-01,4.434690000000000021e-01,7.034000000000000252e-01,-1.780180000000000096e-01,3.340600000000000236e-01,3.722920000000000118e-01,3.533540000000000014e-01,2.483120000000000049e-01,4.946200000000000041e-01,3.171499999999999875e-01,2.985349999999999948e-01,3.085510000000000197e-01,3.513660000000000116e-01,3.508180000000000187e-01,2.408079999999999943e-01,5.722169999999999757e-01,-1.164779999999999982e-01,4.805440000000000267e-01,-1.093070000000000014e-01,1.544000000000000060e-02,3.502480000000000038e-01,-1.588940000000000075e-01,6.326199999999999601e-01,6.215519999999999934e-01,5.235959999999999503e-01,4.016939999999999955e-01,4.294520000000000004e-01
5.838399999999999840e-02,4.995539999999999980e-01,-1.003850000000000020e-01,-1.510900000000000021e-01,-2.614949999999999775e-01,6.750789999999999846e-01,-1.089689999999999964e-01,1.000000000000000000e+00,-1.442039999999999988e-01,-1.395210000000000061e-01,2.931800000000000031e-02,-1.631450000000000122e-01,-1.244499999999999947e-02,2.328639999999999877e-01,1.251110000000000000e-01,-2.032100000000000017e-01,3.029649999999999843e-01,1.381300000000000028e-01,3.044709999999999916e-01,-9.677800000000000291e-02,4.755449999999999955e-01,-4.477500000000000230e-02,9.046380000000000532e-01,7.510000000000000009e-02,-1.182210000000000066e-01,4.647209999999999952e-01,2.193410000000000082e-01,-1.738689999999999958e-01,-3.318090000000000206e-01,-2.302600000000000133e-02,-2.166879999999999917e-01,2.399660000000000126e-01,2.406469999999999998e-01,5.407900000000000207e-02,1.801020000000000121e-01,2.233439999999999870e-01,-6.107900000000000135e-02,-1.165000000000000063e-02,1.846750000000000058e-01,2.710420000000000051e-01,-3.333599999999999758e-02,1.012009999999999993e-01,4.639999999999999680e-02,-1.104949999999999960e-01,-4.081599999999999812e-02,3.873000000000000140e-03,3.876000000000000001e-01,-2.323000000000000065e-02,-6.151299999999999824e-02,-2.097249999999999948e-01,3.512580000000000147e-01,-2.636870000000000047e-01,9.200789999999999802e-01,-3.040400000000000047e-02,-2.700100000000000069e-02,-1.000599999999999927e-02,3.096999999999999927e-03,3.252900000000000236e-02,1.673250000000000015e-01,4.652499999999999691e-02,-2.451210000000000055e-01,2.242220000000000046e-01,-6.931199999999999861e-02,2.834969999999999990e-01,-1.673040000000000083e-01,2.906159999999999854e-01,-9.644099999999999895e-02,8.442359999999999864e-01,6.937899999999999623e-02,-4.689600000000000019e-02,3.919039999999999746e-01,-1.001670000000000060e-01,-1.470360000000000000e-01,-3.340549999999999908e-01,-2.011299999999999893e-02,-2.183910000000000018e-01
-4.492369999999999974e-01,-1.208790000000000003e-01,7.905929999999999902e-01,2.732040000000000024e-01,8.865420000000000522e-01,2.573610000000000064e-01,4.475990000000000246e-01,-1.442039999999999988e-01,1.000000000000000000e+00,3.970049999999999968e-01,7.758840000000000181e-01,2.869849999999999901e-01,5.948200000000000154e-01,1.999300000000000035e-02,3.024569999999999759e-01,1.096399999999999979e-02,1.866810000000000136e-01,8.493699999999999861e-02,4.214350000000000041e-01,4.231199999999999961e-01,-3.628680000000000239e-01,3.322950000000000070e-01,-9.218300000000000105e-02,-1.506159999999999999e-01,-1.179499999999999993e-01,-2.610450000000000270e-01,6.303410000000000402e-01,5.464130000000000376e-01,4.157999999999999891e-02,1.961009999999999975e-01,7.158100000000000573e-02,-4.839550000000000241e-01,-4.262389999999999790e-01,-1.736159999999999926e-01,-3.539559999999999929e-01,1.550759999999999916e-01,4.545219999999999816e-01,4.038280000000000203e-01,-5.214109999999999578e-01,-4.116779999999999884e-01,-2.635109999999999952e-01,-4.156679999999999819e-01,3.237659999999999982e-01,4.306090000000000195e-01,2.966829999999999745e-01,-3.988630000000000231e-01,-1.415450000000000041e-01,7.240389999999999882e-01,1.967039999999999900e-01,8.500999999999999668e-01,5.509939999999999838e-01,7.717889999999999473e-01,-2.400390000000000024e-01,9.203540000000000054e-01,2.918100000000000138e-01,7.781730000000000036e-01,4.053120000000000056e-01,6.146890000000000409e-01,2.224579999999999891e-01,3.607830000000000203e-01,-2.211199999999999971e-02,1.647730000000000028e-01,1.150100000000000081e-02,4.734320000000000195e-01,4.507039999999999935e-01,-4.062310000000000088e-01,4.211110000000000131e-01,-8.286699999999999622e-02,1.038950000000000012e-01,-2.170100000000000154e-02,-3.193849999999999745e-01,6.617809999999999526e-01,5.214509999999999978e-01,1.240460000000000035e-01,1.019560000000000050e-01,8.124099999999999377e-02
-2.915619999999999878e-01,-5.728300000000000058e-02,3.664080000000000115e-01,3.044330000000000092e-01,3.329820000000000002e-01,1.429310000000000025e-01,3.700010000000000243e-01,-1.395210000000000061e-01,3.970049999999999968e-01,1.000000000000000000e+00,3.184000000000000163e-01,7.690890000000000226e-01,5.332689999999999930e-01,-5.588499999999999718e-02,5.716099999999999653e-02,2.605469999999999731e-01,4.482400000000000273e-01,3.352200000000000180e-01,3.205109999999999904e-01,2.276769999999999905e-01,-1.377659999999999996e-01,2.638750000000000262e-01,-1.124580000000000024e-01,4.681239999999999846e-01,1.311319999999999986e-01,-4.225399999999999989e-02,2.817899999999999849e-01,4.515660000000000229e-01,1.859889999999999877e-01,1.378590000000000093e-01,2.442269999999999996e-01,-4.345260000000000233e-01,-1.900350000000000095e-01,-4.795800000000000063e-02,-2.399070000000000091e-01,3.459600000000000175e-02,3.162679999999999936e-01,8.103259999999999907e-01,-4.539480000000000182e-01,-6.907099999999999351e-02,-1.058479999999999976e-01,-3.934270000000000267e-01,6.523099999999999732e-02,2.784849999999999826e-01,6.473290000000000433e-01,-1.679450000000000109e-01,4.380400000000000266e-02,4.112999999999999989e-01,2.518750000000000155e-01,3.221570000000000267e-01,2.344960000000000100e-01,2.824990000000000001e-01,-2.167550000000000032e-01,3.510639999999999872e-01,7.958749999999999991e-01,2.591939999999999800e-01,7.649129999999999541e-01,4.367519999999999736e-01,2.316500000000000156e-02,1.169599999999999980e-02,1.906660000000000021e-01,4.974999999999999978e-01,3.858980000000000188e-01,3.148509999999999920e-01,2.226470000000000116e-01,-1.460710000000000064e-01,1.095509999999999956e-01,-1.018460000000000060e-01,6.158449999999999758e-01,2.461430000000000007e-01,-1.305800000000000016e-02,3.611320000000000086e-01,4.303319999999999923e-01,1.938340000000000063e-01,1.228709999999999941e-01,1.784380000000000133e-01
-4.491600000000000037e-01,-4.064000000000000251e-02,9.017730000000000468e-01,2.692180000000000129e-01,6.981209999999999916e-01,3.892269999999999897e-01,4.112850000000000117e-01,2.931800000000000031e-02,7.758840000000000181e-01,3.184000000000000163e-01,1.000000000000000000e+00,2.464800000000000046e-01,6.008909999999999529e-01,1.794379999999999864e-01,2.964999999999999858e-01,1.951400000000000010e-02,3.316629999999999856e-01,2.277089999999999947e-01,6.790810000000000457e-01,4.163399999999999879e-01,-2.688159999999999994e-01,3.565380000000000216e-01,1.070090000000000069e-01,-4.082500000000000018e-02,-2.395009999999999917e-01,-1.086059999999999942e-01,4.864450000000000163e-01,6.087590000000000501e-01,1.273499999999999979e-02,3.010439999999999783e-01,4.354899999999999743e-02,-5.558349999999999680e-01,-3.896350000000000091e-01,-1.775039999999999951e-01,-2.803329999999999989e-01,3.271540000000000004e-01,5.357030000000000403e-01,3.573850000000000082e-01,-5.559260000000000312e-01,-3.760740000000000194e-01,-2.614779999999999882e-01,-3.823380000000000112e-01,4.161650000000000071e-01,4.757819999999999827e-01,2.432249999999999968e-01,-3.984030000000000071e-01,-1.142040000000000000e-01,9.130260000000000042e-01,1.556210000000000093e-01,6.980600000000000138e-01,6.134960000000000413e-01,6.021900000000000031e-01,-3.547199999999999659e-02,7.215219999999999967e-01,2.695540000000000158e-01,9.005699999999999816e-01,4.393859999999999988e-01,6.276850000000000485e-01,3.253639999999999866e-01,3.829620000000000246e-01,4.605800000000000172e-02,1.959039999999999948e-01,1.180189999999999989e-01,7.175979999999999581e-01,4.191219999999999946e-01,-3.645410000000000039e-01,4.059420000000000250e-01,1.042470000000000063e-01,1.731759999999999966e-01,-1.303680000000000117e-01,-2.468879999999999963e-01,5.174860000000000015e-01,5.764169999999999572e-01,8.687599999999999489e-02,2.538360000000000061e-01,5.180099999999999982e-02
-4.690489999999999937e-01,-2.974820000000000242e-01,3.003779999999999784e-01,1.689930000000000043e-01,2.481549999999999867e-01,1.080000000000000014e-03,3.010799999999999935e-02,-1.631450000000000122e-01,2.869849999999999901e-01,7.690890000000000226e-01,2.464800000000000046e-01,1.000000000000000000e+00,3.044830000000000036e-01,-1.346960000000000102e-01,-9.524000000000000521e-02,-4.945599999999999996e-02,8.752999999999999670e-02,2.145199999999999885e-02,2.630449999999999733e-01,1.378000000000000058e-02,-3.091249999999999831e-01,8.562000000000000166e-03,-1.583170000000000133e-01,5.308270000000000488e-01,-1.762970000000000093e-01,-1.685190000000000021e-01,-8.337000000000000660e-03,2.738659999999999983e-01,-1.055949999999999944e-01,-8.661800000000000055e-02,-9.576600000000000390e-02,-4.551609999999999823e-01,-3.046599999999999864e-01,-2.143140000000000045e-01,-2.458410000000000040e-01,5.501400000000000040e-02,2.606519999999999948e-01,6.956440000000000401e-01,-4.796099999999999808e-01,-1.775960000000000039e-01,-2.501140000000000030e-01,-3.081139999999999990e-01,7.470000000000000251e-02,3.020280000000000187e-01,6.122450000000000392e-01,-4.070570000000000022e-01,-1.916660000000000030e-01,3.653970000000000273e-01,6.890400000000000691e-02,2.446570000000000134e-01,1.320290000000000075e-01,6.175900000000000140e-02,-2.101669999999999927e-01,2.162090000000000123e-01,5.688189999999999635e-01,1.889710000000000001e-01,8.626620000000000399e-01,2.782870000000000066e-01,-5.536000000000000122e-03,-1.321110000000000062e-01,-1.121690000000000048e-01,8.645899999999999419e-02,4.781599999999999739e-02,2.772830000000000017e-01,-9.606999999999999221e-03,-2.808620000000000005e-01,-8.147600000000000675e-02,-1.050419999999999965e-01,7.065470000000000361e-01,-3.072599999999999984e-02,-1.831170000000000020e-01,1.105440000000000034e-01,2.323260000000000047e-01,-1.132490000000000024e-01,4.600000000000000139e-04,-1.243120000000000058e-01
-4.905450000000000088e-01,1.706999999999999967e-03,6.455750000000000099e-01,2.959260000000000224e-01,6.620009999999999506e-01,5.037580000000000391e-01,6.217049999999999521e-01,-1.244499999999999947e-02,5.948200000000000154e-01,5.332689999999999930e-01,6.008909999999999529e-01,3.044830000000000036e-01,1.000000000000000000e+00,-5.454999999999999780e-03,2.571869999999999989e-01,2.021010000000000029e-01,5.774249999999999661e-01,4.448219999999999952e-01,3.245939999999999936e-01,4.407719999999999971e-01,-2.816549999999999887e-01,3.727199999999999958e-01,-8.284199999999999897e-02,3.989399999999999891e-02,-2.372100000000000042e-01,-1.069419999999999954e-01,4.980149999999999855e-01,7.860989999999999922e-01,2.468009999999999926e-01,1.981630000000000058e-01,1.652980000000000005e-01,-7.084869999999999779e-01,-4.683339999999999725e-01,-3.886100000000000110e-01,-2.819729999999999737e-01,1.548879999999999979e-01,4.507090000000000263e-01,4.666649999999999965e-01,-7.599160000000000359e-01,-4.087140000000000217e-01,-4.617269999999999985e-01,-4.259029999999999760e-01,2.013959999999999917e-01,4.471939999999999804e-01,3.500639999999999863e-01,-4.700219999999999954e-01,-1.782759999999999900e-01,6.701209999999999667e-01,2.109360000000000124e-01,6.655720000000000525e-01,5.362019999999999564e-01,6.707189999999999541e-01,-2.202759999999999996e-01,5.512449999999999850e-01,4.431439999999999824e-01,6.341949999999999532e-01,5.057829999999999826e-01,8.618409999999999682e-01,1.303940000000000099e-01,3.169139999999999735e-01,1.985480000000000023e-01,3.612839999999999940e-01,2.980650000000000244e-01,3.519329999999999958e-01,4.526629999999999820e-01,-4.034159999999999968e-01,3.640519999999999867e-01,-1.597510000000000041e-01,1.724400000000000099e-01,-1.095430000000000015e-01,-3.035309999999999953e-01,4.837609999999999966e-01,8.041129999999999667e-01,2.606829999999999981e-01,1.201659999999999950e-01,1.670949999999999935e-01
1.002490000000000048e-01,1.474000000000000032e-01,-7.913999999999999160e-03,5.292930000000000135e-01,1.034439999999999943e-01,1.917159999999999975e-01,2.278820000000000012e-01,2.328639999999999877e-01,1.999300000000000035e-02,-5.588499999999999718e-02,1.794379999999999864e-01,-1.346960000000000102e-01,-5.454999999999999780e-03,1.000000000000000000e+00,-7.974000000000000185e-03,1.148519999999999958e-01,1.051929999999999948e-01,1.292459999999999998e-01,2.080710000000000059e-01,6.047299999999999898e-02,-6.277900000000000147e-02,9.096300000000000219e-02,2.346219999999999972e-01,-1.164290000000000047e-01,-1.142800000000000066e-02,9.608500000000000374e-02,-1.081769999999999954e-01,1.349339999999999984e-01,-1.190060000000000007e-01,1.879099999999999937e-01,1.190539999999999932e-01,1.611970000000000069e-01,2.142830000000000013e-01,3.078739999999999810e-01,1.769320000000000059e-01,5.307380000000000431e-01,3.201309999999999989e-01,-1.874800000000000078e-02,2.575049999999999839e-01,1.737509999999999888e-01,2.144379999999999897e-01,1.038580000000000059e-01,5.774690000000000101e-01,2.238499999999999934e-01,-1.326549999999999951e-01,1.420500000000000096e-01,1.403389999999999915e-01,1.250500000000000049e-02,9.353699999999999515e-02,-3.435699999999999865e-02,2.069390000000000118e-01,4.365999999999999742e-02,2.561240000000000183e-01,-3.401900000000000063e-02,-5.097899999999999654e-02,5.564899999999999708e-02,-2.957699999999999912e-02,3.624900000000000344e-02,7.556760000000000144e-01,-5.687400000000000094e-02,3.508999999999999966e-03,9.494299999999999962e-02,-1.156800000000000016e-02,1.603749999999999898e-01,5.013100000000000195e-02,-1.136879999999999974e-01,5.500000000000000028e-02,2.333340000000000136e-01,-5.290000000000000258e-02,-5.481999999999999894e-03,3.415800000000000086e-02,-7.887600000000000167e-02,1.039950000000000041e-01,-1.458250000000000102e-01,3.258530000000000038e-01,1.163750000000000062e-01
-1.236229999999999968e-01,4.952399999999999858e-02,3.690769999999999884e-01,1.386769999999999947e-01,3.040720000000000089e-01,2.557269999999999821e-01,2.756520000000000081e-01,1.251110000000000000e-01,3.024569999999999759e-01,5.716099999999999653e-02,2.964999999999999858e-01,-9.524000000000000521e-02,2.571869999999999989e-01,-7.974000000000000185e-03,1.000000000000000000e+00,-3.236399999999999694e-02,8.764299999999999868e-02,3.140400000000000136e-02,1.055659999999999932e-01,7.576950000000000074e-01,1.580270000000000008e-01,6.211060000000000469e-01,1.120229999999999976e-01,-1.267089999999999883e-01,1.799900000000000111e-02,-1.338300000000000080e-02,4.525449999999999751e-01,2.565560000000000063e-01,2.088089999999999946e-01,2.944789999999999908e-01,1.934009999999999896e-01,-1.865549999999999986e-01,-1.783409999999999995e-01,-2.295409999999999950e-01,-2.857169999999999987e-01,-1.603200000000000111e-02,1.315929999999999878e-01,-1.881000000000000033e-02,-2.346989999999999910e-01,-2.331769999999999954e-01,-2.303099999999999870e-01,-1.612520000000000064e-01,1.163580000000000031e-01,2.808100000000000041e-01,2.760200000000000153e-02,-1.057120000000000004e-01,7.061699999999999922e-02,3.661479999999999735e-01,1.441570000000000074e-01,2.762950000000000128e-01,3.346689999999999943e-01,4.025699999999999834e-01,1.311060000000000003e-01,3.263409999999999922e-01,1.492779999999999940e-01,3.434789999999999788e-01,7.198499999999999344e-02,3.243900000000000117e-01,1.028759999999999952e-01,9.110030000000000072e-01,1.330399999999999916e-01,1.179970000000000047e-01,1.366310000000000024e-01,1.005780000000000007e-01,6.946419999999999817e-01,9.709500000000000075e-02,6.672299999999999898e-01,1.501879999999999882e-01,-3.103699999999999862e-02,1.683479999999999976e-01,7.373100000000000487e-02,4.441300000000000248e-01,3.051630000000000176e-01,3.275310000000000166e-01,1.680389999999999939e-01,2.649020000000000263e-01
3.424429999999999974e-01,6.310399999999999343e-02,4.560700000000000170e-02,1.089350000000000041e-01,8.311300000000000632e-02,-1.175630000000000008e-01,4.633079999999999976e-01,-2.032100000000000017e-01,1.096399999999999979e-02,2.605469999999999731e-01,1.951400000000000010e-02,-4.945599999999999996e-02,2.021010000000000029e-01,1.148519999999999958e-01,-3.236399999999999694e-02,1.000000000000000000e+00,2.012750000000000095e-01,6.234530000000000349e-01,9.913099999999999690e-02,1.664670000000000039e-01,1.653900000000000092e-01,4.289049999999999807e-01,-1.461149999999999949e-01,1.240919999999999940e-01,4.104369999999999963e-01,-4.529500000000000193e-02,1.565410000000000135e-01,4.335100000000000064e-01,7.046219999999999706e-01,4.111110000000000042e-01,7.303140000000000187e-01,3.590299999999999742e-02,1.882909999999999862e-01,3.397490000000000232e-01,6.491900000000000448e-02,2.292999999999999899e-03,1.069910000000000028e-01,1.651749999999999885e-01,5.111899999999999777e-02,2.171960000000000002e-01,3.536130000000000106e-01,-5.317100000000000298e-02,-1.613500000000000004e-02,1.210240000000000066e-01,6.943699999999999872e-02,5.056519999999999904e-01,2.024700000000000111e-02,5.385000000000000203e-02,2.151099999999999957e-01,-5.533500000000000224e-02,-1.144899999999999946e-01,1.766330000000000122e-01,-1.980490000000000028e-01,-8.256800000000000250e-02,1.846879999999999911e-01,-6.026999999999999719e-02,-3.613199999999999745e-02,1.754100000000000104e-02,-5.258800000000000280e-02,-3.109200000000000158e-02,7.373420000000000529e-01,3.281640000000000112e-01,5.808750000000000302e-01,7.913599999999999801e-02,2.948600000000000110e-01,1.924420000000000019e-01,3.264460000000000139e-01,-2.321660000000000112e-01,1.140410000000000035e-01,2.890650000000000164e-01,-2.367000000000000180e-03,2.039159999999999862e-01,3.571989999999999887e-01,5.588950000000000307e-01,4.665590000000000015e-01,6.575889999999999791e-01
-2.433700000000000099e-02,3.468970000000000109e-01,2.231339999999999990e-01,-2.479299999999999907e-02,7.865099999999999869e-02,4.809010000000000229e-01,2.191069999999999962e-01,3.029649999999999843e-01,1.866810000000000136e-01,4.482400000000000273e-01,3.316629999999999856e-01,8.752999999999999670e-02,5.774249999999999661e-01,1.051929999999999948e-01,8.764299999999999868e-02,2.012750000000000095e-01,1.000000000000000000e+00,6.357530000000000125e-01,3.458339999999999748e-01,1.114659999999999956e-01,7.544800000000000118e-02,2.969390000000000085e-01,2.248509999999999953e-01,3.078029999999999933e-01,-3.434799999999999659e-02,4.331260000000000110e-01,3.313780000000000059e-01,3.157030000000000114e-01,-1.240000000000000054e-04,1.419819999999999971e-01,1.237599999999999950e-01,-2.302909999999999957e-01,5.306299999999999906e-02,7.694000000000000318e-03,2.210139999999999882e-01,1.454280000000000017e-01,1.084920000000000051e-01,4.103709999999999858e-01,-2.652309999999999945e-01,9.768599999999999506e-02,-8.389399999999999635e-02,4.614700000000000052e-02,-5.572200000000000070e-02,5.960499999999999826e-02,2.624679999999999791e-01,-1.004250000000000004e-01,1.175009999999999943e-01,2.922310000000000185e-01,-4.565000000000000308e-02,2.859639999999999960e-01,3.442790000000000017e-01,1.999350000000000016e-01,1.702239999999999864e-01,2.776489999999999791e-01,4.978170000000000095e-01,3.387640000000000096e-01,2.176869999999999916e-01,4.742799999999999794e-01,1.503049999999999942e-01,1.135479999999999962e-01,2.844479999999999786e-01,7.233289999999999997e-01,4.722620000000000151e-01,3.515019999999999811e-01,7.530799999999999994e-02,-1.560789999999999955e-01,8.455500000000000516e-02,1.398139999999999938e-01,1.859760000000000024e-01,-3.511299999999999838e-02,1.561240000000000128e-01,2.169520000000000060e-01,3.850310000000000121e-01,5.341900000000000120e-02,2.253700000000000148e-02,1.275139999999999885e-01
5.891300000000000009e-02,4.417740000000000000e-01,1.463730000000000031e-01,5.281000000000000277e-02,4.965200000000000169e-02,3.702929999999999833e-01,4.402840000000000087e-01,1.381300000000000028e-01,8.493699999999999861e-02,3.352200000000000180e-01,2.277089999999999947e-01,2.145199999999999885e-02,4.448219999999999952e-01,1.292459999999999998e-01,3.140400000000000136e-02,6.234530000000000349e-01,6.357530000000000125e-01,1.000000000000000000e+00,3.893159999999999954e-01,1.125199999999999950e-01,5.912800000000000000e-02,4.084929999999999950e-01,1.048869999999999941e-01,7.456799999999999540e-02,3.271819999999999729e-01,2.802290000000000059e-01,3.420750000000000179e-01,4.054420000000000246e-01,2.981219999999999981e-01,2.425789999999999891e-01,3.262880000000000225e-01,-8.040100000000000025e-02,3.411299999999999749e-02,2.435700000000000018e-02,1.476200000000000012e-01,2.678610000000000158e-01,3.181840000000000224e-01,2.861139999999999795e-01,-9.257799999999999363e-02,1.381960000000000133e-01,-6.871000000000000371e-03,-1.166200000000000014e-01,1.899270000000000125e-01,2.458509999999999862e-01,1.848029999999999951e-01,1.210200000000000026e-01,2.325619999999999910e-01,2.147469999999999934e-01,1.429799999999999960e-01,3.023299999999999946e-02,2.565859999999999808e-01,1.650969999999999938e-01,6.508999999999999508e-02,1.041519999999999946e-01,3.736749999999999794e-01,1.598799999999999943e-01,1.824240000000000028e-01,3.439860000000000140e-01,6.809400000000000175e-02,3.822799999999999809e-02,4.803189999999999960e-01,5.305830000000000268e-01,6.412879999999999692e-01,3.577359999999999984e-01,1.783849999999999880e-01,-5.575600000000000001e-02,2.504810000000000092e-01,5.501000000000000334e-02,1.690149999999999986e-01,2.257099999999999940e-01,1.189400000000000041e-01,2.541100000000000025e-01,4.360359999999999792e-01,2.471440000000000026e-01,3.412080000000000113e-01,3.025539999999999896e-01
-3.292160000000000086e-01,2.404260000000000008e-01,5.305689999999999573e-01,1.273539999999999950e-01,2.361449999999999938e-01,4.677279999999999771e-01,2.601729999999999876e-01,3.044709999999999916e-01,4.214350000000000041e-01,3.205109999999999904e-01,6.790810000000000457e-01,2.630449999999999733e-01,3.245939999999999936e-01,2.080710000000000059e-01,1.055659999999999932e-01,9.913099999999999690e-02,3.458339999999999748e-01,3.893159999999999954e-01,1.000000000000000000e+00,2.358139999999999958e-01,-8.096599999999999631e-02,3.287089999999999734e-01,3.816320000000000268e-01,2.188199999999999867e-02,-2.244300000000000114e-02,9.227499999999999591e-02,3.485150000000000192e-01,4.100300000000000056e-01,-4.929999999999999660e-02,3.088339999999999974e-01,7.101999999999999806e-03,-2.535519999999999996e-01,-1.216199999999999920e-02,-6.442999999999999942e-03,-1.844079999999999886e-01,2.625990000000000268e-01,3.679120000000000168e-01,3.307399999999999785e-01,-2.389709999999999890e-01,2.962999999999999922e-03,-1.408719999999999972e-01,-2.667660000000000031e-01,2.676740000000000230e-01,2.011910000000000087e-01,1.618459999999999899e-01,-2.528710000000000124e-01,2.224750000000000061e-01,6.352529999999999566e-01,-4.134399999999999881e-02,1.962139999999999995e-01,5.216640000000000166e-01,1.193509999999999988e-01,3.025169999999999804e-01,3.782780000000000031e-01,2.479959999999999942e-01,4.829709999999999837e-01,3.658500000000000085e-01,3.536759999999999904e-01,2.041989999999999916e-01,1.207889999999999936e-01,9.165500000000000036e-02,3.238130000000000175e-01,2.380009999999999903e-01,9.431310000000000526e-01,1.652289999999999870e-01,-1.551669999999999994e-01,2.635919999999999930e-01,3.805359999999999854e-01,2.182999999999999940e-01,7.586500000000000188e-02,5.282000000000000237e-03,1.947460000000000024e-01,3.847119999999999984e-01,-1.755699999999999969e-02,3.387129999999999863e-01,1.463599999999999970e-02
-2.084610000000000074e-01,-8.554799999999999904e-02,5.460749999999999771e-01,3.089290000000000092e-01,4.685779999999999945e-01,1.745259999999999867e-01,4.627990000000000159e-01,-9.677800000000000291e-02,4.231199999999999961e-01,2.276769999999999905e-01,4.163399999999999879e-01,1.378000000000000058e-02,4.407719999999999971e-01,6.047299999999999898e-02,7.576950000000000074e-01,1.664670000000000039e-01,1.114659999999999956e-01,1.125199999999999950e-01,2.358139999999999958e-01,1.000000000000000000e+00,-1.350999999999999987e-03,8.218459999999999654e-01,-1.070880000000000026e-01,-2.123980000000000035e-01,-5.032000000000000015e-03,-1.635709999999999942e-01,4.673379999999999757e-01,5.747560000000000446e-01,4.746219999999999883e-01,5.616139999999999466e-01,4.570960000000000023e-01,-2.855570000000000053e-01,-1.351080000000000059e-01,-1.219429999999999958e-01,-3.590220000000000078e-01,-3.243399999999999755e-02,3.055590000000000250e-01,7.448000000000000453e-02,-3.398209999999999842e-01,-1.952019999999999866e-01,-1.463470000000000049e-01,-3.736659999999999981e-01,1.696139999999999870e-01,4.341659999999999964e-01,2.378600000000000159e-02,-1.524500000000000022e-01,-2.672199999999999923e-02,5.349450000000000038e-01,2.549219999999999819e-01,3.806030000000000246e-01,3.573580000000000090e-01,5.807870000000000532e-01,-1.072840000000000044e-01,3.289520000000000222e-01,2.129780000000000006e-01,4.050099999999999811e-01,1.889409999999999978e-01,4.674820000000000086e-01,1.459950000000000137e-01,7.624830000000000219e-01,2.586390000000000078e-01,1.352820000000000134e-01,1.991189999999999904e-01,2.014070000000000027e-01,9.190030000000000143e-01,-4.124400000000000288e-02,8.402779999999999694e-01,-9.997899999999999843e-02,-1.097619999999999985e-01,1.331660000000000066e-01,-1.368499999999999994e-01,5.149799999999999933e-01,6.157810000000000228e-01,5.280449999999999866e-01,3.974300000000000055e-01,4.763290000000000024e-01
