1.000000000000000000e+00,2.356709999999999916e-01,2.444079999999999864e-01,-2.521990000000000065e-01,-9.549100000000000643e-02,7.435799999999999355e-02,-1.360999999999999988e-01,-5.691850000000000520e-01,1.504769999999999996e-01,-1.516999999999999902e-03,-1.687299999999999911e-02,-1.780210000000000126e-01,1.377639999999999976e-01,-1.797600000000000031e-01,6.452870000000000550e-01,6.608910000000000062e-01,1.753560000000000119e-01,8.850999999999999493e-03,2.962310000000000221e-01,6.050969999999999960e-01,6.449540000000000273e-01,7.720519999999999605e-01,1.900810000000000000e-01,7.406100000000000183e-02,4.679449999999999998e-01,4.862890000000000268e-01,3.753099999999999770e-01,4.014159999999999950e-01,5.657969999999999944e-01,3.549669999999999770e-01,4.027749999999999941e-01,-1.456709999999999949e-01,-3.603800000000000059e-02,-7.851800000000000446e-02,-1.615250000000000019e-01,-6.840300000000000546e-02,-4.229600000000000026e-02,-1.919690000000000007e-01,-2.626580000000000026e-01,-1.030510000000000037e-01,-1.383129999999999915e-01,-2.079489999999999950e-01,-3.799069999999999947e-01,-4.668680000000000052e-01,9.775599999999999568e-02,8.283869999999999845e-01,2.605009999999999826e-01,2.175610000000000044e-01,-4.659670000000000201e-01,-4.404779999999999807e-01,-1.610779999999999990e-01,-2.485640000000000072e-01,-4.573450000000000015e-01,-1.085750000000000048e-01,9.564400000000000679e-02,-6.397200000000000109e-02,-9.890500000000000680e-02,-3.358599999999999919e-01,-6.045350000000000446e-01,6.054180000000000117e-01,5.200909999999999700e-01,7.920299999999999563e-02,2.216249999999999887e-01,2.454490000000000005e-01,6.404410000000000380e-01,6.391850000000000032e-01,6.961629999999999763e-01,2.913850000000000051e-01,1.337939999999999963e-01,4.292619999999999769e-01,6.789060000000000095e-01,3.996680000000000232e-01,1.653419999999999890e-01,5.270160000000000400e-01,1.434700000000000038e-02,3.725749999999999895e-01
2.356709999999999916e-01,1.000000000000000000e+00,-6.237199999999999689e-02,-4.048199999999999715e-02,-3.700799999999999923e-02,3.736459999999999781e-01,-3.340440000000000076e-01,-8.855000000000000024e-03,-1.821270000000000111e-01,-2.156289999999999873e-01,-5.242200000000000332e-02,-1.190139999999999948e-01,-1.523809999999999887e-01,-1.843700000000000061e-01,7.398599999999999621e-02,1.490289999999999948e-01,1.523430000000000062e-01,7.563400000000000678e-02,-7.593999999999999362e-02,1.256319999999999937e-01,1.238510000000000028e-01,1.573209999999999886e-01,2.281459999999999877e-01,9.412099999999999633e-02,6.381099999999999550e-01,6.674639999999999462e-01,1.523410000000000042e-01,-1.272790000000000032e-01,1.748800000000000077e-01,-2.201440000000000063e-01,-1.207069999999999949e-01,-5.519299999999999901e-02,-1.735659999999999981e-01,2.447400000000000131e-01,-3.816209999999999880e-01,2.755619999999999736e-01,4.055170000000000163e-01,3.050499999999999878e-01,-4.015999999999999605e-03,-2.175590000000000024e-01,-2.033339999999999870e-01,-2.526070000000000260e-01,-2.514999999999999875e-02,-3.006619999999999848e-01,1.222999999999999912e-03,3.121200000000000016e-02,7.907049999999999912e-01,-1.055590000000000001e-01,-3.167329999999999868e-01,-1.794749999999999956e-01,1.795489999999999864e-01,1.447930000000000050e-01,2.154510000000000036e-01,-1.984769999999999868e-01,-1.589830000000000132e-01,8.569300000000000528e-02,-1.245850000000000013e-01,-6.908200000000000451e-02,-2.463519999999999877e-01,-8.039999999999999925e-02,-9.128300000000000303e-02,9.303000000000000505e-03,2.706930000000000169e-01,1.089299999999999990e-02,1.572560000000000069e-01,6.731600000000000084e-02,1.746479999999999977e-01,2.436419999999999975e-01,7.019200000000000439e-02,5.369920000000000249e-01,5.067359999999999642e-01,-8.167900000000000160e-02,-1.056219999999999937e-01,3.565000000000000027e-03,-3.069509999999999739e-01,-1.972490000000000077e-01
2.444079999999999864e-01,-6.237199999999999689e-02,1.000000000000000000e+00,-4.925910000000000011e-01,7.706200000000000550e-02,2.384749999999999925e-01,-1.286110000000000031e-01,-2.078290000000000137e-01,7.012800000000000145e-01,-1.062339999999999951e-01,7.202889999999999571e-01,-9.552900000000000280e-02,5.600600000000000023e-02,-4.093649999999999789e-01,4.755489999999999995e-01,-8.628999999999999518e-03,-2.608800000000000008e-02,-2.274079999999999990e-01,8.620170000000000332e-01,4.699559999999999849e-01,2.562249999999999805e-01,3.811209999999999876e-01,5.171390000000000153e-01,-1.152429999999999982e-01,-9.575300000000000478e-02,2.893270000000000008e-01,3.283229999999999760e-01,8.487100000000000199e-02,1.621460000000000123e-01,3.298399999999999943e-02,-2.283419999999999894e-01,-4.388340000000000019e-01,-2.977259999999999907e-01,-4.037379999999999858e-01,-1.439419999999999866e-01,-2.371070000000000122e-01,-6.098300000000000248e-02,-3.117659999999999876e-01,-4.355959999999999832e-01,-3.612940000000000040e-01,-4.741850000000000231e-01,4.396300000000000208e-02,-3.097039999999999793e-01,-3.946450000000000236e-01,3.755700000000000011e-02,1.133559999999999984e-01,-9.232200000000000129e-02,8.431210000000000093e-01,-3.519499999999999851e-01,1.332359999999999933e-01,4.394629999999999925e-01,2.381369999999999876e-01,-9.009300000000000641e-02,5.949299999999999589e-01,1.356610000000000038e-01,4.352099999999999858e-01,-2.135100000000000053e-01,-5.113399999999999890e-02,-4.013990000000000058e-01,5.125600000000000156e-01,1.708389999999999909e-01,-2.803309999999999969e-01,-1.087759999999999977e-01,8.220159999999999689e-01,4.002789999999999959e-01,2.215669999999999862e-01,4.357179999999999942e-01,6.116040000000000365e-01,-1.081430000000000030e-01,-1.417769999999999864e-01,4.236440000000000206e-01,3.722659999999999858e-01,-6.550400000000000666e-02,3.880970000000000253e-01,-5.466599999999999931e-02,-1.928779999999999939e-01
-2.521990000000000065e-01,-4.048199999999999715e-02,-4.925910000000000011e-01,1.000000000000000000e+00,3.625300000000000189e-01,-2.475910000000000055e-01,1.133959999999999968e-01,1.713790000000000036e-01,-4.509920000000000040e-01,1.815110000000000057e-01,-3.315919999999999979e-01,2.404489999999999961e-01,-6.788099999999999690e-02,6.309360000000000523e-01,-2.486180000000000057e-01,-9.530500000000000083e-02,1.126550000000000051e-01,2.083820000000000117e-01,-3.404619999999999869e-01,-2.420279999999999931e-01,-1.555809999999999971e-01,-1.965729999999999977e-01,-3.605630000000000224e-01,2.305510000000000059e-01,1.397359999999999991e-01,-4.118060000000000054e-01,-8.396900000000000197e-02,1.762199999999999878e-01,8.279899999999999760e-02,1.441830000000000056e-01,4.121719999999999828e-01,4.048189999999999844e-01,2.303860000000000074e-01,6.280510000000000259e-01,2.779320000000000124e-01,1.958779999999999966e-01,1.272989999999999955e-01,1.701799999999999979e-01,5.122600000000000486e-01,2.323189999999999977e-01,1.522209999999999952e-01,-3.346199999999999730e-01,6.934899999999999398e-02,4.086139999999999772e-01,-1.122240000000000043e-01,1.097799999999999991e-02,6.407200000000000395e-02,-4.461069999999999758e-01,7.115590000000000526e-01,-1.634599999999999942e-02,-3.688020000000000187e-01,-2.586849999999999983e-01,-8.021999999999999617e-03,-5.006199999999999539e-01,1.588569999999999982e-01,-1.578320000000000001e-01,3.324349999999999805e-01,9.051800000000000124e-02,1.520330000000000015e-01,-3.793569999999999998e-01,-2.467530000000000001e-01,1.207749999999999935e-01,-6.128900000000000320e-02,-4.925249999999999906e-01,-1.962589999999999890e-01,-2.404439999999999911e-01,-1.995240000000000069e-01,-5.323499999999999899e-01,2.361800000000000010e-01,2.625739999999999741e-01,-3.734120000000000217e-01,-1.651350000000000040e-01,4.258319999999999883e-01,-1.566269999999999885e-01,2.937600000000000211e-01,2.445930000000000049e-01
-9.549100000000000643e-02,-3.700799999999999923e-02,7.706200000000000550e-02,3.625300000000000189e-01,1.000000000000000000e+00,2.999419999999999864e-01,1.198560000000000042e-01,-1.318560000000000010e-01,3.137260000000000049e-01,-9.312299999999999744e-02,6.902899999999999314e-02,-1.126739999999999964e-01,-3.625599999999999656e-02,2.361159999999999926e-01,1.844260000000000066e-01,-7.989200000000000468e-02,-4.797099999999999975e-02,-9.418200000000000183e-02,7.614700000000000635e-02,1.830890000000000017e-01,8.404799999999999771e-02,9.766999999999999640e-03,6.063500000000000140e-02,-1.709350000000000036e-01,-6.641800000000000481e-02,-1.338590000000000058e-01,3.177719999999999989e-01,2.485700000000000132e-01,3.251950000000000118e-01,1.626039999999999985e-01,5.759800000000000336e-02,1.820050000000000001e-01,-2.717299999999999924e-02,4.136659999999999782e-01,4.938580000000000192e-01,1.820420000000000094e-01,2.829720000000000013e-01,9.035700000000000676e-02,9.940899999999999737e-02,-7.973500000000000032e-02,-1.236140000000000017e-01,2.250780000000000003e-01,-3.034169999999999923e-01,-1.434179999999999899e-01,-2.489260000000000084e-01,-1.161559999999999954e-01,5.659999999999999884e-04,-6.023099999999999982e-02,3.577790000000000137e-01,1.029690000000000050e-01,1.790589999999999959e-01,-9.406399999999999484e-02,-1.206649999999999945e-01,-1.171200000000000019e-02,2.436379999999999935e-01,-1.141370000000000023e-01,-4.677200000000000107e-02,-1.106680000000000025e-01,-1.249600000000000016e-02,1.529520000000000046e-01,-1.480509999999999882e-01,-2.037879999999999969e-01,-1.112429999999999947e-01,-8.652700000000000669e-02,9.978299999999999670e-02,8.641300000000000370e-02,3.049199999999999827e-02,1.364100000000000035e-02,-4.335900000000000171e-02,-4.251800000000000024e-02,-6.468599999999999350e-02,1.721429999999999905e-01,2.599819999999999909e-01,2.508259999999999934e-01,-9.339000000000000079e-03,-1.159290000000000043e-01
7.435799999999999355e-02,3.736459999999999781e-01,2.384749999999999925e-01,-2.475910000000000055e-01,2.999419999999999864e-01,1.000000000000000000e+00,3.905600000000000044e-02,8.671800000000000341e-02,4.394140000000000268e-01,-5.502900000000000152e-02,-1.240400000000000010e-02,9.330000000000000186e-04,1.715109999999999968e-01,-8.168200000000000460e-02,3.527989999999999737e-01,-7.002999999999999677e-03,-1.170459999999999973e-01,-5.654800000000000104e-02,1.085119999999999973e-01,3.244219999999999882e-01,4.197080000000000255e-01,1.585189999999999932e-01,6.937050000000000161e-01,3.139200000000000323e-02,1.698240000000000027e-01,4.345990000000000131e-01,3.935989999999999767e-01,2.087819999999999954e-01,3.426100000000000256e-01,1.201900000000000052e-01,-2.023379999999999901e-01,-7.946599999999999497e-02,-3.828899999999999665e-02,-5.239800000000000013e-02,2.155699999999999977e-02,6.226899999999999796e-02,1.034700000000000064e-01,6.108399999999999941e-02,-2.231279999999999930e-01,-9.939399999999999624e-02,-2.797729999999999939e-01,1.999080000000000024e-01,-9.750200000000000533e-02,-2.151589999999999892e-01,-6.584299999999999875e-02,-1.060230000000000061e-01,3.167630000000000168e-01,2.092099999999999863e-02,-1.206610000000000044e-01,-1.701739999999999919e-01,6.145699999999999497e-01,-1.209000000000000005e-02,1.838140000000000052e-01,1.860779999999999934e-01,1.324309999999999932e-01,-1.947939999999999949e-01,-3.802599999999999730e-02,-4.589999999999999896e-04,-6.501300000000000134e-02,3.189580000000000193e-01,-9.921399999999999664e-02,-1.622349999999999903e-01,-4.791299999999999726e-02,3.029499999999999901e-02,1.939849999999999908e-01,3.929360000000000075e-01,1.171890000000000015e-01,6.619720000000000049e-01,6.183199999999999807e-02,3.821399999999999797e-02,4.132819999999999827e-01,2.196559999999999901e-01,9.671699999999999742e-02,3.017000000000000237e-01,-2.779179999999999984e-01,-3.252300000000000191e-01
-1.360999999999999988e-01,-3.340440000000000076e-01,-1.286110000000000031e-01,1.133959999999999968e-01,1.198560000000000042e-01,3.905600000000000044e-02,1.000000000000000000e+00,-1.937499999999999986e-02,5.416900000000000187e-02,6.848100000000000298e-01,-2.936599999999999766e-01,5.509150000000000436e-01,8.016400000000000192e-01,4.489699999999999802e-01,-4.604599999999999665e-02,7.218499999999999917e-02,5.372649999999999926e-01,4.356220000000000092e-01,-2.224699999999999941e-02,8.395800000000000485e-02,-1.678010000000000057e-01,5.503500000000000059e-02,-1.406050000000000078e-01,3.801229999999999887e-01,1.522219999999999962e-01,-2.700409999999999755e-01,1.945489999999999997e-01,2.644549999999999956e-01,2.046409999999999896e-01,3.478600000000000025e-01,4.557379999999999765e-01,-3.324799999999999978e-02,3.479129999999999723e-01,-1.880080000000000084e-01,4.173999999999999932e-01,2.037150000000000072e-01,-2.499869999999999870e-01,-2.976010000000000044e-01,-9.709199999999999775e-02,2.962529999999999886e-01,2.824320000000000164e-01,-8.817099999999999937e-02,3.259819999999999940e-01,5.472320000000000517e-01,4.727000000000000091e-01,1.579550000000000121e-01,-1.321450000000000125e-01,-9.556699999999999917e-02,3.522569999999999868e-01,6.351700000000000401e-02,4.959500000000000020e-02,2.370200000000000085e-02,-2.101530000000000065e-01,2.114149999999999918e-01,6.598389999999999533e-01,-5.002729999999999677e-01,6.377819999999999601e-01,3.124540000000000095e-01,4.468300000000000050e-02,1.041100000000000012e-02,5.452900000000000108e-02,6.137089999999999490e-01,-2.242310000000000136e-01,-5.110200000000000159e-02,1.834060000000000135e-01,-1.055849999999999983e-01,-1.537560000000000038e-01,-1.995780000000000054e-01,4.920510000000000161e-01,7.860599999999999532e-02,-1.143430000000000002e-01,2.457590000000000052e-01,4.503610000000000113e-01,1.746850000000000069e-01,2.275689999999999935e-01,4.105130000000000168e-01
-5.691850000000000520e-01,-8.855000000000000024e-03,-2.078290000000000137e-01,1.713790000000000036e-01,-1.318560000000000010e-01,8.671800000000000341e-02,-1.937499999999999986e-02,1.000000000000000000e+00,-3.900899999999999923e-01,2.517799999999999899e-02,5.250200000000000006e-02,2.870280000000000054e-01,-8.526000000000000245e-02,2.127660000000000107e-01,-5.611949999999999994e-01,-4.665529999999999955e-01,-2.109300000000000064e-02,6.100699999999999873e-02,-3.876800000000000246e-01,-6.301780000000000159e-01,-1.774340000000000084e-01,-6.232320000000000082e-01,2.540529999999999733e-01,3.421870000000000189e-01,-1.971700000000000119e-01,-1.369960000000000067e-01,-4.562189999999999857e-01,-2.487489999999999979e-01,-5.822330000000000005e-01,-7.052700000000000635e-02,-1.929539999999999866e-01,3.786599999999999966e-01,3.654080000000000106e-01,2.251970000000000083e-01,6.135299999999999782e-02,-8.289100000000000634e-02,-1.668640000000000123e-01,3.305750000000000077e-01,5.140010000000000412e-01,4.168490000000000251e-01,2.457409999999999872e-01,1.241599999999999995e-02,2.529850000000000154e-01,2.424300000000000066e-01,-1.152119999999999950e-01,-4.441910000000000025e-01,-6.702199999999999824e-02,-1.166200000000000014e-01,2.927100000000000257e-01,2.751170000000000004e-01,1.142350000000000032e-01,1.129830000000000001e-01,8.746519999999999850e-01,-7.703799999999999537e-02,-3.230000000000000232e-02,2.340760000000000063e-01,3.034769999999999968e-01,5.000360000000000360e-01,6.147700000000000387e-01,-5.625210000000000488e-01,-4.233219999999999761e-01,1.311690000000000078e-01,4.243899999999999756e-02,-3.130390000000000117e-01,-6.118240000000000345e-01,-2.250399999999999900e-01,-5.536290000000000378e-01,7.640299999999999869e-02,1.891450000000000076e-01,-1.419519999999999949e-01,-3.723060000000000258e-01,-4.648229999999999862e-01,-1.451629999999999865e-01,-6.128099999999999659e-01,1.857479999999999964e-01,-9.015800000000000203e-02
1.504769999999999996e-01,-1.821270000000000111e-01,7.012800000000000145e-01,-4.509920000000000040e-01,3.137260000000000049e-01,4.394140000000000268e-01,5.416900000000000187e-02,-3.900899999999999923e-01,1.000000000000000000e+00,-8.229699999999999516e-02,4.070889999999999787e-01,-1.276090000000000002e-01,1.158170000000000033e-01,-4.398839999999999972e-01,5.486349999999999838e-01,-2.946999999999999967e-03,-1.425480000000000080e-01,-2.651459999999999928e-01,6.267920000000000158e-01,5.229949999999999877e-01,2.374729999999999897e-01,3.743330000000000268e-01,3.206459999999999866e-01,-2.567369999999999930e-01,-2.063540000000000096e-01,1.700949999999999962e-01,3.974079999999999835e-01,2.114149999999999918e-01,3.151599999999999957e-01,2.301200000000000120e-02,-2.868399999999999839e-01,-4.883870000000000156e-01,-4.127500000000000058e-01,-3.406480000000000063e-01,-2.335999999999999969e-03,-2.597269999999999857e-01,-2.260799999999999962e-02,-3.478499999999999925e-01,-5.929689999999999683e-01,-4.220030000000000170e-01,-4.581029999999999824e-01,2.620819999999999816e-01,-3.501619999999999733e-01,-2.929149999999999809e-01,4.896000000000000178e-03,1.406100000000000058e-02,-2.134359999999999868e-01,5.030289999999999484e-01,-2.495310000000000028e-01,1.093630000000000019e-01,4.938290000000000179e-01,2.144290000000000085e-01,-3.085229999999999917e-01,6.887790000000000301e-01,1.530600000000000016e-01,1.366229999999999944e-01,-2.396830000000000072e-01,-9.987500000000000544e-02,-3.364800000000000013e-01,6.330959999999999921e-01,1.727980000000000071e-01,-4.096770000000000134e-01,-2.195779999999999954e-01,5.253379999999999717e-01,4.045340000000000047e-01,2.493499999999999883e-01,3.975639999999999730e-01,4.568880000000000163e-01,-1.540910000000000057e-01,-2.514549999999999841e-01,3.698560000000000181e-01,3.868630000000000124e-01,9.131400000000000627e-02,4.862909999999999733e-01,-1.487209999999999921e-01,-3.209199999999999831e-01
-1.516999999999999902e-03,-2.156289999999999873e-01,-1.062339999999999951e-01,1.815110000000000057e-01,-9.312299999999999744e-02,-5.502900000000000152e-02,6.848100000000000298e-01,2.517799999999999899e-02,-8.229699999999999516e-02,1.000000000000000000e+00,-2.698429999999999995e-01,7.567070000000000185e-01,5.559159999999999657e-01,4.417789999999999773e-01,5.936700000000000310e-02,7.536800000000000443e-02,2.995369999999999977e-01,4.759160000000000057e-01,1.475450000000000095e-01,4.561799999999999883e-02,8.899000000000000660e-03,1.109190000000000037e-01,-4.450300000000000089e-02,5.535759999999999570e-01,2.453500000000000125e-01,-1.723010000000000097e-01,2.125650000000000039e-01,1.613239999999999952e-01,2.256050000000000000e-01,4.446939999999999782e-01,4.612930000000000086e-01,1.237869999999999943e-01,3.867990000000000039e-01,-1.680969999999999964e-01,1.986130000000000118e-01,-1.076740000000000058e-01,-4.152120000000000255e-01,-4.294149999999999912e-01,9.013100000000000278e-02,3.928079999999999905e-01,5.250200000000000006e-02,-3.109720000000000262e-01,2.396929999999999894e-01,4.382739999999999969e-01,3.941239999999999744e-01,2.746029999999999860e-01,1.000099999999999947e-02,-1.681570000000000009e-01,2.455320000000000003e-01,-1.806119999999999948e-01,-4.517899999999999694e-02,-6.997200000000000641e-02,-2.054040000000000032e-01,3.200000000000000153e-03,6.270379999999999843e-01,-3.530980000000000230e-01,7.467279999999999474e-01,2.842359999999999887e-01,-1.135229999999999989e-01,2.912700000000000011e-02,1.975800000000000056e-01,4.366760000000000086e-01,-9.511999999999999622e-02,-7.697600000000000275e-02,1.613539999999999974e-01,-7.247199999999999476e-02,-1.973000000000000101e-02,-2.081300000000000094e-01,5.389369999999999994e-01,2.143390000000000017e-01,2.245700000000000127e-02,2.268529999999999991e-01,3.402669999999999861e-01,1.577490000000000003e-01,3.665630000000000277e-01,3.100330000000000030e-01
-1.687299999999999911e-02,-5.242200000000000332e-02,7.202889999999999571e-01,-3.315919999999999979e-01,6.902899999999999314e-02,-1.240400000000000010e-02,-2.936599999999999766e-01,5.250200000000000006e-02,4.070889999999999787e-01,-2.698429999999999995e-01,1.000000000000000000e+00,-1.499129999999999907e-01,-2.392259999999999942e-01,-3.324199999999999933e-01,1.202669999999999989e-01,-3.260700000000000265e-01,-1.053899999999999976e-01,-3.687570000000000014e-01,5.706189999999999873e-01,-5.196000000000000098e-03,-1.052280000000000021e-01,-4.141299999999999842e-02,2.271799999999999931e-01,-1.091789999999999983e-01,-2.644039999999999724e-01,2.076369999999999882e-01,-5.125199999999999895e-02,-2.513340000000000019e-01,-2.484899999999999887e-01,-1.498929999999999985e-01,-4.231469999999999954e-01,-1.748790000000000067e-01,-2.372009999999999952e-01,-1.150550000000000045e-01,-1.934359999999999968e-01,-1.090279999999999999e-01,9.910199999999999565e-02,6.161099999999999910e-02,-1.196060000000000040e-01,-2.494520000000000071e-01,-2.202399999999999913e-01,9.442799999999999805e-02,-1.314710000000000045e-01,-3.438559999999999950e-01,2.670000000000000151e-02,-1.494749999999999968e-01,-1.088530000000000053e-01,8.348710000000000298e-01,-3.004859999999999753e-01,3.644100000000000117e-01,2.096560000000000090e-01,3.191289999999999960e-01,2.250790000000000013e-01,4.484969999999999790e-01,-7.186800000000000133e-02,7.555330000000000101e-01,-2.260479999999999989e-01,3.055300000000000030e-02,-1.895399999999999863e-02,1.408609999999999862e-01,-1.668939999999999868e-01,-2.251110000000000055e-01,-4.334999999999999964e-02,7.467030000000000056e-01,4.934000000000000191e-02,-6.367899999999999949e-02,1.144069999999999948e-01,3.815080000000000138e-01,-1.053830000000000044e-01,-1.570090000000000097e-01,1.849379999999999913e-01,5.682799999999999657e-02,-2.351610000000000089e-01,-5.602900000000000241e-02,-4.035099999999999798e-02,-2.646029999999999771e-01
-1.780210000000000126e-01,-1.190139999999999948e-01,-9.552900000000000280e-02,2.404489999999999961e-01,-1.126739999999999964e-01,9.330000000000000186e-04,5.509150000000000436e-01,2.870280000000000054e-01,-1.276090000000000002e-01,7.567070000000000185e-01,-1.499129999999999907e-01,1.000000000000000000e+00,5.255919999999999481e-01,4.813760000000000261e-01,-3.850200000000000150e-02,-1.583330000000000015e-01,4.500270000000000103e-01,3.417229999999999990e-01,1.008489999999999942e-01,-8.307100000000000595e-02,-1.132869999999999988e-01,-1.189800000000000059e-02,4.839700000000000252e-02,8.132500000000000284e-01,2.264909999999999979e-01,-1.748790000000000067e-01,6.638199999999999656e-02,-2.883199999999999999e-02,9.784900000000000542e-02,3.455329999999999790e-01,3.103659999999999752e-01,1.111540000000000028e-01,4.786250000000000226e-01,-1.868099999999999969e-02,1.985230000000000050e-01,-8.377500000000000224e-02,-4.386610000000000231e-01,-2.458660000000000012e-01,2.006749999999999923e-01,4.738459999999999894e-01,1.266450000000000076e-01,-4.824289999999999967e-01,2.197629999999999861e-01,4.969830000000000081e-01,5.046429999999999527e-01,1.582429999999999948e-01,3.384199999999999708e-02,-1.231870000000000048e-01,2.913029999999999786e-01,1.484500000000000056e-02,7.832300000000000373e-02,2.533799999999999941e-02,7.511900000000000521e-02,8.290300000000000447e-02,7.346540000000000292e-01,-1.808770000000000100e-01,8.977359999999999784e-01,4.636029999999999873e-01,-2.960300000000000084e-02,-1.573489999999999889e-01,-2.798600000000000046e-02,4.935590000000000255e-01,-1.601219999999999866e-01,-7.931699999999999862e-02,1.250469999999999915e-01,-2.202820000000000056e-01,-8.726699999999999735e-02,-1.376269999999999993e-01,7.525100000000000122e-01,3.180129999999999901e-01,-5.571700000000000264e-02,1.117599999999999982e-01,3.010120000000000018e-01,1.961999999999999855e-02,5.057359999999999634e-01,3.141510000000000136e-01
1.377639999999999976e-01,-1.523809999999999887e-01,5.600600000000000023e-02,-6.788099999999999690e-02,-3.625599999999999656e-02,1.715109999999999968e-01,8.016400000000000192e-01,-8.526000000000000245e-02,1.158170000000000033e-01,5.559159999999999657e-01,-2.392259999999999942e-01,5.255919999999999481e-01,1.000000000000000000e+00,3.229719999999999813e-01,1.368669999999999887e-01,3.377749999999999919e-01,7.098179999999999490e-01,5.299829999999999819e-01,1.125710000000000044e-01,2.763050000000000228e-01,2.421999999999999847e-02,3.357499999999999929e-01,5.370199999999999974e-02,5.093809999999999727e-01,3.238759999999999972e-01,-1.567400000000000043e-02,1.821339999999999903e-01,4.461120000000000085e-01,2.776919999999999944e-01,4.335879999999999734e-01,5.580950000000000077e-01,-1.704539999999999944e-01,3.607299999999999951e-01,-2.547679999999999945e-01,2.026660000000000128e-01,2.114050000000000096e-01,-2.780969999999999831e-01,-3.060590000000000255e-01,-1.878920000000000035e-01,2.582260000000000111e-01,2.271120000000000083e-01,-3.149460000000000037e-01,2.683019999999999849e-01,4.464739999999999820e-01,5.637379999999999614e-01,4.110030000000000072e-01,6.619999999999999496e-02,1.111999999999999968e-02,1.303209999999999924e-01,-1.376809999999999978e-01,6.324399999999999467e-02,-9.620700000000000085e-02,-2.141629999999999923e-01,1.832729999999999915e-01,6.552970000000000184e-01,-4.850149999999999739e-01,6.333729999999999638e-01,3.482870000000000132e-01,-1.512610000000000066e-01,1.385029999999999872e-01,2.857199999999999740e-01,7.159020000000000383e-01,-9.913999999999999202e-03,7.636300000000000032e-02,4.138319999999999776e-01,5.299899999999999750e-02,1.234179999999999999e-01,-2.620300000000000060e-02,5.662260000000000071e-01,2.920550000000000090e-01,1.615769999999999984e-01,2.681330000000000102e-01,5.057749999999999746e-01,2.960519999999999818e-01,3.090289999999999981e-01,5.674599999999999644e-01
-1.797600000000000031e-01,-1.843700000000000061e-01,-4.093649999999999789e-01,6.309360000000000523e-01,2.361159999999999926e-01,-8.168200000000000460e-02,4.489699999999999802e-01,2.127660000000000107e-01,-4.398839999999999972e-01,4.417789999999999773e-01,-3.324199999999999933e-01,4.813760000000000261e-01,3.229719999999999813e-01,1.000000000000000000e+00,-1.729569999999999996e-01,-1.166510000000000047e-01,3.329849999999999755e-01,3.607319999999999971e-01,-2.460529999999999939e-01,-7.869800000000000406e-02,-5.324399999999999966e-02,-1.054849999999999954e-01,-9.963199999999999834e-02,4.151949999999999807e-01,1.093630000000000019e-01,-4.801579999999999737e-01,2.303830000000000044e-01,2.322780000000000122e-01,2.250469999999999970e-01,4.707140000000000213e-01,5.979700000000000015e-01,4.973400000000000043e-01,6.024549999999999628e-01,2.724340000000000095e-01,4.570069999999999966e-01,2.622149999999999759e-01,-2.796580000000000177e-01,-8.328800000000000092e-02,5.136929999999999552e-01,5.440469999999999473e-01,2.051560000000000050e-01,-3.594840000000000257e-01,3.487160000000000259e-01,5.608109999999999484e-01,1.589810000000000112e-01,1.915270000000000028e-01,1.012360000000000065e-01,-3.260230000000000072e-01,6.293819999999999970e-01,-1.410790000000000100e-01,-2.390670000000000017e-01,-4.295610000000000261e-01,-4.419000000000000011e-02,-4.353480000000000127e-01,4.569980000000000153e-01,-3.858809999999999740e-01,5.968379999999999797e-01,1.331239999999999923e-01,3.087210000000000232e-01,-2.978489999999999749e-01,-3.815600000000000241e-02,5.146589999999999776e-01,-6.538499999999999868e-02,-4.248390000000000222e-01,-3.468999999999999861e-03,-8.129599999999999327e-02,-2.208779999999999910e-01,-2.785500000000000198e-01,4.153299999999999770e-01,2.860170000000000212e-01,-3.656619999999999870e-01,3.015140000000000042e-01,3.869360000000000022e-01,8.180800000000000571e-02,4.750249999999999750e-01,5.223069999999999657e-01
6.452870000000000550e-01,7.398599999999999621e-02,4.755489999999999995e-01,-2.486180000000000057e-01,1.844260000000000066e-01,3.527989999999999737e-01,-4.604599999999999665e-02,-5.611949999999999994e-01,5.486349999999999838e-01,5.936700000000000310e-02,1.202669999999999989e-01,-3.850200000000000150e-02,1.368669999999999887e-01,-1.729569999999999996e-01,1.000000000000000000e+00,2.961690000000000156e-01,-4.445500000000000146e-02,-1.854339999999999877e-01,5.316220000000000390e-01,7.395850000000000479e-01,6.252969999999999917e-01,7.541799999999999615e-01,3.929489999999999927e-01,1.456000000000000046e-03,2.324350000000000027e-01,3.456170000000000075e-01,4.814640000000000031e-01,3.679859999999999798e-01,5.848400000000000265e-01,2.635469999999999757e-01,1.112439999999999957e-01,-3.716749999999999776e-01,-3.209239999999999871e-01,-1.816049999999999887e-01,-3.966499999999999887e-02,-1.467299999999999993e-01,2.088800000000000032e-02,-3.791579999999999950e-01,-4.815860000000000141e-01,-3.081459999999999755e-01,-4.342309999999999781e-01,-6.590899999999999537e-02,-4.985569999999999724e-01,-4.091679999999999762e-01,1.481000000000000025e-02,5.320460000000000189e-01,1.129850000000000021e-01,2.885070000000000134e-01,-3.028170000000000028e-01,-2.355589999999999906e-01,2.589250000000000163e-01,-1.544000000000000060e-02,-5.095910000000000162e-01,2.623650000000000149e-01,2.775009999999999977e-01,-3.678300000000000319e-02,-8.744999999999999996e-02,-2.016010000000000024e-01,-5.767740000000000089e-01,9.376799999999999580e-01,3.775939999999999852e-01,-2.257550000000000112e-01,-6.453000000000000402e-02,3.679120000000000168e-01,7.180839999999999446e-01,5.393459999999999921e-01,7.718260000000000121e-01,4.637049999999999783e-01,1.080509999999999943e-01,2.269349999999999978e-01,6.506760000000000321e-01,4.741090000000000027e-01,2.312130000000000019e-01,7.197280000000000344e-01,-1.965199999999999933e-02,1.447599999999999928e-02
6.608910000000000062e-01,1.490289999999999948e-01,-8.628999999999999518e-03,-9.530500000000000083e-02,-7.989200000000000468e-02,-7.002999999999999677e-03,7.218499999999999917e-02,-4.665529999999999955e-01,-2.946999999999999967e-03,7.536800000000000443e-02,-3.260700000000000265e-01,-1.583330000000000015e-01,3.377749999999999919e-01,-1.166510000000000047e-01,2.961690000000000156e-01,1.000000000000000000e+00,2.793160000000000087e-01,5.390810000000000324e-01,5.772100000000000147e-02,4.151290000000000258e-01,2.603730000000000211e-01,6.106559999999999766e-01,-8.565100000000000491e-02,-1.785399999999999834e-02,4.567660000000000053e-01,2.492050000000000098e-01,1.871520000000000128e-01,5.956240000000000423e-01,4.398940000000000072e-01,2.683679999999999954e-01,5.007580000000000364e-01,-4.517499999999999988e-02,7.898399999999999865e-02,6.914000000000000007e-03,1.199000000000000066e-02,-6.054600000000000259e-02,-7.235199999999999965e-02,-1.785279999999999923e-01,-1.242499999999999993e-01,5.941699999999999759e-02,8.099199999999999455e-02,-1.229599999999999999e-01,-2.746560000000000112e-01,-1.296569999999999945e-01,-8.328599999999999892e-02,5.888330000000000508e-01,1.992259999999999864e-01,-9.821299999999999475e-02,-9.857499999999999596e-02,-3.695049999999999724e-01,-1.366279999999999994e-01,-2.351010000000000044e-01,-4.778490000000000237e-01,-1.464850000000000041e-01,8.086599999999999344e-02,-3.184089999999999976e-01,-3.430099999999999816e-02,-5.468900000000000150e-02,-4.121349999999999736e-01,3.015160000000000062e-01,5.945340000000000069e-01,1.684670000000000056e-01,3.622420000000000084e-01,-1.858999999999999975e-03,3.897599999999999953e-01,2.513349999999999751e-01,4.641660000000000230e-01,-8.979600000000000082e-02,3.967699999999999699e-02,2.646060000000000079e-01,3.476179999999999826e-01,1.277240000000000042e-01,3.292970000000000064e-01,3.611159999999999926e-01,2.022099999999999939e-02,3.875279999999999836e-01
1.753560000000000119e-01,1.523430000000000062e-01,-2.608800000000000008e-02,1.126550000000000051e-01,-4.797099999999999975e-02,-1.170459999999999973e-01,5.372649999999999926e-01,-2.109300000000000064e-02,-1.425480000000000080e-01,2.995369999999999977e-01,-1.053899999999999976e-01,4.500270000000000103e-01,7.098179999999999490e-01,3.329849999999999755e-01,-4.445500000000000146e-02,2.793160000000000087e-01,1.000000000000000000e+00,4.673979999999999801e-01,4.485200000000000298e-02,1.681239999999999957e-01,-1.513829999999999898e-01,3.048279999999999879e-01,-1.197280000000000011e-01,5.899170000000000247e-01,5.149770000000000181e-01,9.870400000000000007e-02,1.002009999999999984e-01,2.635149999999999992e-01,2.046580000000000066e-01,2.366330000000000100e-01,5.670060000000000100e-01,-1.164189999999999947e-01,3.460980000000000167e-01,1.181579999999999991e-01,1.674900000000000000e-01,3.291410000000000169e-01,-1.312939999999999940e-01,-9.800100000000000477e-02,-2.790000000000000054e-04,2.525259999999999727e-01,2.987409999999999788e-01,-5.361110000000000042e-01,1.553080000000000016e-01,3.194690000000000030e-01,5.293060000000000542e-01,4.438719999999999888e-01,2.537320000000000131e-01,1.181360000000000049e-01,1.111459999999999948e-01,1.684099999999999833e-02,-8.717999999999999361e-02,-1.314199999999999917e-02,-6.049100000000000310e-02,5.386099999999999915e-02,5.645999999999999908e-01,-1.724229999999999929e-01,6.035310000000000397e-01,3.276999999999999913e-01,-1.801699999999999968e-01,-1.154219999999999968e-01,8.304100000000000370e-02,7.730209999999999582e-01,1.268999999999999989e-02,1.031289999999999984e-01,3.764879999999999893e-01,-1.488990000000000036e-01,1.232509999999999994e-01,-1.151940000000000047e-01,6.334100000000000286e-01,5.305440000000000156e-01,2.024950000000000083e-01,1.581440000000000068e-01,4.201159999999999894e-01,8.500000000000000611e-02,3.386399999999999966e-01,6.234530000000000349e-01
8.850999999999999493e-03,7.563400000000000678e-02,-2.274079999999999990e-01,2.083820000000000117e-01,-9.418200000000000183e-02,-5.654800000000000104e-02,4.356220000000000092e-01,6.100699999999999873e-02,-2.651459999999999928e-01,4.759160000000000057e-01,-3.687570000000000014e-01,3.417229999999999990e-01,5.299829999999999819e-01,3.607319999999999971e-01,-1.854339999999999877e-01,5.390810000000000324e-01,4.673979999999999801e-01,1.000000000000000000e+00,-1.261120000000000019e-01,1.557599999999999957e-02,-1.843289999999999929e-01,1.346320000000000017e-01,-1.540390000000000092e-01,2.711879999999999846e-01,3.893639999999999879e-01,-9.854300000000000559e-02,1.158079999999999943e-01,4.227690000000000059e-01,1.613539999999999974e-01,3.332010000000000249e-01,4.917920000000000069e-01,2.106889999999999874e-01,4.206690000000000151e-01,7.706200000000000550e-02,1.873090000000000033e-01,-5.334599999999999759e-02,-3.239500000000000157e-01,-2.345089999999999952e-01,2.687109999999999776e-01,4.332860000000000045e-01,2.062259999999999927e-01,-3.033000000000000140e-01,2.057710000000000095e-01,4.788970000000000171e-01,8.513700000000000434e-02,2.029269999999999963e-01,2.234089999999999965e-01,-2.877660000000000218e-01,3.838570000000000038e-01,-1.413550000000000084e-01,-2.190000000000000106e-04,-1.323159999999999892e-01,-1.799669999999999881e-01,-1.287389999999999923e-01,3.278889999999999860e-01,-3.471350000000000269e-01,4.634650000000000158e-01,4.387920000000000154e-01,5.816299999999999942e-02,-2.178309999999999969e-01,3.344820000000000015e-01,4.693370000000000042e-01,3.077159999999999895e-01,-2.256680000000000075e-01,4.848600000000000132e-02,-2.333659999999999901e-01,-3.051399999999999946e-02,-3.357080000000000064e-01,2.344839999999999980e-01,2.563779999999999948e-01,-8.608399999999999386e-02,6.885199999999999654e-02,3.955049999999999955e-01,1.057570000000000038e-01,3.358200000000000074e-01,3.861840000000000273e-01
2.962310000000000221e-01,-7.593999999999999362e-02,8.620170000000000332e-01,-3.404619999999999869e-01,7.614700000000000635e-02,1.085119999999999973e-01,-2.224699999999999941e-02,-3.876800000000000246e-01,6.267920000000000158e-01,1.475450000000000095e-01,5.706189999999999873e-01,1.008489999999999942e-01,1.125710000000000044e-01,-2.460529999999999939e-01,5.316220000000000390e-01,5.772100000000000147e-02,4.485200000000000298e-02,-1.261120000000000019e-01,1.000000000000000000e+00,5.362270000000000092e-01,2.094010000000000038e-01,4.840289999999999870e-01,3.641240000000000032e-01,-2.117499999999999938e-02,5.251999999999999724e-03,1.943779999999999952e-01,4.375459999999999905e-01,7.275299999999999823e-02,2.990970000000000018e-01,8.712699999999999612e-02,-8.726899999999999935e-02,-3.811080000000000023e-01,-2.193839999999999957e-01,-3.806470000000000131e-01,-7.465499999999999914e-02,-2.680119999999999725e-01,-1.675339999999999885e-01,-4.468389999999999862e-01,-3.952840000000000242e-01,-2.930760000000000032e-01,-4.730790000000000273e-01,-7.923399999999999888e-02,-3.540590000000000126e-01,-2.905659999999999910e-01,9.067600000000000660e-02,2.420289999999999941e-01,-3.475299999999999917e-02,7.015930000000000222e-01,-3.048759999999999803e-01,-9.483999999999999375e-03,3.069149999999999934e-01,8.010200000000000653e-02,-3.158670000000000089e-01,4.688390000000000057e-01,2.638559999999999794e-01,2.905960000000000210e-01,-4.501499999999999946e-02,-1.361930000000000085e-01,-5.756510000000000238e-01,5.233560000000000434e-01,2.653229999999999755e-01,-2.228330000000000033e-01,-1.733590000000000131e-01,7.825379999999999558e-01,4.822449999999999792e-01,1.478790000000000104e-01,4.874919999999999809e-01,4.182440000000000047e-01,-2.999800000000000036e-02,-4.512100000000000138e-02,4.153129999999999877e-01,4.854539999999999966e-01,4.250999999999999571e-03,4.525219999999999798e-01,3.184499999999999831e-02,-1.221760000000000068e-01
6.050969999999999960e-01,1.256319999999999937e-01,4.699559999999999849e-01,-2.420279999999999931e-01,1.830890000000000017e-01,3.244219999999999882e-01,8.395800000000000485e-02,-6.301780000000000159e-01,5.229949999999999877e-01,4.561799999999999883e-02,-5.196000000000000098e-03,-8.307100000000000595e-02,2.763050000000000228e-01,-7.869800000000000406e-02,7.395850000000000479e-01,4.151290000000000258e-01,1.681239999999999957e-01,1.557599999999999957e-02,5.362270000000000092e-01,1.000000000000000000e+00,4.921409999999999951e-01,8.819069999999999965e-01,3.336629999999999874e-01,-7.865500000000000269e-02,3.547850000000000170e-01,3.126439999999999775e-01,7.308179999999999676e-01,5.554890000000000105e-01,7.399320000000000341e-01,3.345480000000000120e-01,2.436020000000000130e-01,-3.845790000000000042e-01,-2.823919999999999764e-01,-2.819690000000000252e-01,-4.640600000000000280e-02,3.275900000000000339e-02,5.185000000000000372e-03,-4.124979999999999758e-01,-4.773600000000000065e-01,-3.167200000000000015e-01,-4.496600000000000041e-01,-1.512570000000000026e-01,-2.655609999999999915e-01,-1.943429999999999880e-01,8.781899999999999429e-02,5.381409999999999805e-01,1.690889999999999893e-01,2.421079999999999899e-01,-2.071780000000000010e-01,-1.947770000000000057e-01,3.333960000000000257e-01,1.077499999999999986e-02,-5.830130000000000035e-01,2.599920000000000009e-01,2.548230000000000217e-01,-1.901730000000000087e-01,-1.083689999999999931e-01,-2.044430000000000136e-01,-5.395940000000000181e-01,6.994150000000000089e-01,4.103129999999999833e-01,-9.428000000000000269e-02,-1.253699999999999953e-02,3.494030000000000191e-01,8.728339999999999987e-01,4.231210000000000249e-01,8.002690000000000081e-01,4.012629999999999808e-01,3.471599999999999686e-02,2.324279999999999957e-01,5.755799999999999805e-01,6.676039999999999752e-01,3.615340000000000220e-01,8.342410000000000103e-01,3.588500000000000023e-02,1.805150000000000088e-01
