1.000000000000000000e+00,1.927679999999999949e-01,-1.876319999999999932e-01,1.429469999999999907e-01,-1.570870000000000044e-01,-1.710720000000000018e-01,1.908950000000000091e-01,5.633500000000000313e-02,-2.638700000000000073e-02,1.769030000000000047e-01,-1.946400000000000075e-01,1.405679999999999985e-01,-7.409799999999999720e-02,-1.439580000000000026e-01,6.283600000000000296e-02,5.357680000000000220e-01,1.784779999999999978e-01,4.121799999999999908e-01,6.841899999999999371e-02,-1.811300000000000063e-02,4.286519999999999775e-01,2.874000000000000166e-02,-1.398129999999999928e-01,4.597350000000000048e-01,3.541520000000000223e-01,4.761650000000000049e-01,-1.690550000000000108e-01,-6.859999999999999432e-02,4.073680000000000079e-01,2.883099999999999899e-02,7.267350000000000199e-01,3.317869999999999986e-01,4.144860000000000211e-01,4.817009999999999903e-01,-1.207320000000000060e-01,1.015130000000000060e-01,1.092309999999999948e-01,3.658060000000000200e-01,3.323139999999999983e-01,4.155079999999999885e-01,5.096460000000000434e-01,-8.623200000000000309e-02,2.806029999999999913e-01,2.343900000000000150e-02,3.665169999999999817e-01,7.355559999999999876e-01,2.569460000000000077e-01,-2.581789999999999918e-01,-2.123500000000000110e-01,-1.939670000000000005e-01,-3.095399999999999888e-02,-2.196199999999999888e-02,1.521069999999999922e-01,-1.679219999999999879e-01,2.277309999999999890e-01,-2.815590000000000037e-01,1.082280000000000048e-01,-1.281299999999999939e-01,-7.064099999999999546e-02,3.502999999999999864e-02,6.799629999999999841e-01,3.211669999999999803e-01,5.353919999999999790e-01,-2.336999999999999841e-02,-7.526499999999999857e-02,3.503780000000000228e-01,9.585200000000000664e-02,-1.224199999999999941e-02,5.346379999999999466e-01,4.487389999999999990e-01,5.226659999999999640e-01,-4.024300000000000099e-02,2.873300000000000159e-02,4.597780000000000200e-01,-1.500699999999999951e-02,6.442390000000000061e-01
1.927679999999999949e-01,1.000000000000000000e+00,1.752700000000000091e-01,5.147499999999999992e-02,3.413649999999999740e-01,4.365910000000000069e-01,4.776650000000000063e-01,-4.509099999999999914e-02,1.999789999999999901e-01,2.393869999999999887e-01,1.714809999999999945e-01,7.332900000000000529e-02,4.992559999999999776e-01,-6.905999999999999639e-02,-1.160059999999999980e-01,6.488080000000000513e-01,4.214550000000000241e-01,7.570799999999999752e-01,3.642469999999999875e-01,1.223130000000000051e-01,-1.845880000000000021e-01,2.727930000000000077e-01,-3.733399999999999913e-02,-8.304699999999999582e-02,5.848280000000000145e-01,5.222700000000000120e-01,5.118989999999999929e-01,2.977350000000000274e-01,5.797020000000000506e-01,1.661449999999999871e-01,1.397780000000000133e-01,4.069699999999999707e-02,7.870000000000000259e-03,3.252300000000000330e-02,-1.178460000000000063e-01,9.406000000000000472e-02,2.549099999999999977e-02,1.803190000000000071e-01,-8.561699999999999866e-02,5.275099999999999928e-02,-7.802299999999999514e-02,-1.734960000000000113e-01,4.529000000000000040e-03,1.103930000000000050e-01,1.236820000000000003e-01,-4.871500000000000136e-02,3.581509999999999971e-01,1.289109999999999978e-01,-5.113999999999999622e-03,1.340369999999999895e-01,9.896299999999999542e-02,2.638780000000000014e-01,-2.489570000000000116e-01,2.089550000000000018e-01,1.586480000000000112e-01,1.467940000000000078e-01,6.171999999999999709e-02,1.566140000000000032e-01,-1.073910000000000003e-01,-7.155499999999999361e-02,3.338700000000000001e-01,3.925230000000000108e-01,4.119990000000000041e-01,3.737289999999999779e-01,3.491600000000000259e-02,-2.792459999999999942e-01,1.829840000000000078e-01,-2.043000000000000094e-01,-5.269700000000000079e-02,2.784690000000000221e-01,1.254180000000000017e-01,3.968709999999999738e-01,1.838210000000000122e-01,1.963080000000000103e-01,1.200470000000000009e-01,-2.857799999999999924e-02
-1.876319999999999932e-01,1.752700000000000091e-01,1.000000000000000000e+00,-2.447200000000000070e-02,4.820510000000000073e-01,4.300970000000000071e-01,1.032310000000000033e-01,1.254359999999999919e-01,6.807029999999999470e-01,-1.209640000000000021e-01,7.531160000000000077e-01,5.105300000000000116e-02,2.441039999999999877e-01,3.880460000000000020e-01,3.060709999999999820e-01,-1.856230000000000102e-01,-2.407289999999999985e-01,-1.057659999999999989e-01,6.422459999999999836e-01,3.262180000000000080e-01,-3.856640000000000068e-01,3.437319999999999820e-01,3.073199999999999821e-01,-2.117330000000000045e-01,-1.839870000000000116e-01,6.469400000000000150e-02,3.319739999999999913e-01,4.452010000000000134e-01,-2.919080000000000008e-01,5.148070000000000146e-01,-1.201340000000000047e-01,-4.259919999999999818e-01,-3.489240000000000119e-01,-3.810939999999999883e-01,-3.258679999999999910e-01,1.818230000000000124e-01,1.076799999999999979e-01,1.460400000000000031e-01,-3.987459999999999893e-01,-4.941679999999999962e-01,-3.224699999999999789e-01,-2.727260000000000240e-01,7.130300000000000527e-02,1.383739999999999970e-01,2.771440000000000015e-01,-3.554640000000000022e-01,2.691100000000000089e-02,8.267189999999999817e-01,2.846500000000000072e-02,5.735930000000000195e-01,5.577010000000000023e-01,3.004700000000000149e-01,-9.807100000000000539e-02,7.128179999999999517e-01,-2.300379999999999925e-01,7.609519999999999618e-01,-4.204499999999999904e-02,4.231690000000000174e-01,4.305550000000000210e-01,3.238019999999999787e-01,-2.124560000000000060e-01,-6.487199999999999911e-02,-2.002099999999999991e-01,6.691390000000000393e-01,4.374839999999999840e-01,-3.482219999999999760e-01,3.169159999999999755e-01,1.585040000000000060e-01,-8.088199999999999557e-02,-1.783750000000000058e-01,-1.671779999999999933e-01,3.794870000000000188e-01,4.962280000000000024e-01,-1.403880000000000128e-01,5.124999999999999556e-01,2.964899999999999827e-02
1.429469999999999907e-01,5.147499999999999992e-02,-2.447200000000000070e-02,1.000000000000000000e+00,1.043430000000000052e-01,1.739709999999999868e-01,3.062349999999999794e-01,2.725380000000000025e-01,5.963100000000000345e-02,2.638389999999999902e-01,-9.764000000000000110e-03,2.194379999999999942e-01,8.053299999999999348e-02,3.870060000000000167e-01,8.019400000000000139e-02,-1.428149999999999975e-01,1.948469999999999924e-01,-8.565000000000000391e-02,-2.304300000000000098e-02,2.438699999999999896e-02,2.593730000000000202e-01,-5.525000000000000397e-03,2.061790000000000012e-01,1.876130000000000020e-01,1.856939999999999980e-01,3.723350000000000271e-01,-1.384880000000000000e-01,9.316399999999999681e-02,4.580900000000000249e-02,3.170400000000000301e-02,1.794999999999999929e-01,1.624390000000000001e-01,2.293759999999999966e-01,1.972119999999999984e-01,-7.664700000000000679e-02,7.229649999999999688e-01,5.967940000000000467e-01,2.361479999999999968e-01,1.912099999999999911e-01,2.846170000000000089e-01,2.217010000000000092e-01,-3.174500000000000238e-02,3.942039999999999988e-01,5.838999999999999746e-01,2.603790000000000271e-01,7.384000000000000286e-02,1.208420000000000050e-01,8.924899999999999500e-02,2.757649999999999824e-01,1.476419999999999955e-01,9.793300000000000616e-02,2.646490000000000231e-01,2.222669999999999924e-01,-3.000200000000000089e-02,7.238999999999999602e-02,-1.872599999999999959e-02,1.536349999999999938e-01,2.327110000000000012e-01,1.128649999999999931e-01,-9.030000000000000483e-04,-2.002299999999999913e-02,2.088319999999999899e-01,-1.734799999999999884e-02,3.643199999999999911e-02,5.277699999999999753e-02,1.779100000000000126e-01,8.418299999999999395e-02,2.170400000000000107e-01,2.407019999999999993e-01,1.255999999999999894e-01,2.960499999999999798e-01,-2.349899999999999906e-02,1.294299999999999895e-01,-2.028999999999999988e-03,8.543000000000000246e-03,2.596849999999999992e-01
-1.570870000000000044e-01,3.413649999999999740e-01,4.820510000000000073e-01,1.043430000000000052e-01,1.000000000000000000e+00,5.489579999999999460e-01,5.251360000000000472e-01,-1.600979999999999903e-01,7.103190000000000337e-01,3.487799999999999789e-01,6.360160000000000258e-01,3.092539999999999734e-01,6.365129999999999955e-01,3.094060000000000143e-01,3.009649999999999825e-01,8.971200000000000008e-02,2.603159999999999918e-01,1.234699999999999964e-01,2.802250000000000019e-01,5.801370000000000138e-01,-4.814840000000000231e-01,6.383050000000000113e-01,9.452900000000000191e-02,-1.315050000000000108e-01,2.414200000000000026e-02,1.584349999999999925e-01,3.971450000000000258e-01,7.798509999999999609e-01,6.646599999999999731e-02,6.988910000000000400e-01,-8.489399999999999724e-02,-4.639869999999999828e-01,-5.416339999999999488e-01,-5.559319999999999817e-01,-3.745600000000000318e-02,2.216740000000000099e-01,-2.230599999999999944e-02,3.626750000000000251e-01,-5.519110000000000404e-01,-4.860650000000000248e-01,-5.204750000000000210e-01,-2.307089999999999974e-01,-1.306049999999999989e-01,3.069720000000000226e-01,2.117110000000000103e-01,-5.044279999999999875e-01,-1.690639999999999921e-01,6.173910000000000231e-01,-2.622700000000000031e-02,7.163239999999999608e-01,3.089740000000000264e-01,5.873209999999999820e-01,-4.024980000000000224e-01,6.691160000000000441e-01,1.756910000000000138e-01,6.239069999999999894e-01,3.201709999999999834e-01,6.156589999999999563e-01,6.196399999999999825e-02,3.046960000000000224e-01,-2.730520000000000169e-01,2.388329999999999897e-01,-1.903769999999999907e-01,3.456400000000000028e-01,5.394400000000000306e-01,-5.435729999999999729e-01,5.132210000000000383e-01,-7.514700000000000546e-02,-4.973799999999999749e-02,-2.241009999999999946e-01,-2.095430000000000070e-01,4.632780000000000231e-01,6.308960000000000123e-01,-1.022819999999999979e-01,5.556400000000000228e-01,-6.086199999999999943e-02
-1.710720000000000018e-01,4.365910000000000069e-01,4.300970000000000071e-01,1.739709999999999868e-01,5.489579999999999460e-01,1.000000000000000000e+00,2.951639999999999819e-01,2.952110000000000012e-01,3.810459999999999958e-01,6.890000000000000291e-02,4.287690000000000112e-01,1.851579999999999893e-01,7.579930000000000279e-01,2.497260000000000035e-01,4.320649999999999769e-01,-5.360999999999999793e-02,2.156599999999999837e-02,1.422600000000000080e-02,2.454119999999999913e-01,4.620850000000000235e-01,-2.132799999999999974e-02,4.557140000000000080e-01,5.339669999999999694e-01,-4.141399999999999942e-02,-8.081099999999999395e-02,4.542410000000000059e-01,1.913130000000000108e-01,5.220059999999999700e-01,7.286700000000000121e-02,4.698979999999999824e-01,8.700499999999999901e-02,-2.882739999999999747e-01,-2.192199999999999982e-01,-3.178289999999999726e-01,-4.143129999999999868e-01,4.641040000000000165e-01,2.411739999999999995e-01,1.158420000000000005e-01,-3.456529999999999880e-01,-3.113079999999999736e-01,-2.732089999999999796e-01,-5.250869999999999704e-01,2.534150000000000014e-01,1.451669999999999905e-01,6.841800000000000659e-02,-1.534939999999999916e-01,1.096410000000000023e-01,5.316309999999999647e-01,4.036599999999999910e-02,3.328380000000000227e-01,6.398000000000000353e-01,4.422800000000000065e-01,-6.178800000000000264e-02,3.673989999999999756e-01,-1.426620000000000110e-01,3.801700000000000079e-01,3.036000000000000157e-02,5.748499999999999721e-01,1.596909999999999996e-01,4.501229999999999953e-01,-1.698399999999999910e-01,1.436979999999999924e-01,-1.200259999999999938e-01,2.872959999999999958e-01,5.017000000000000348e-01,-9.493400000000000449e-02,4.410339999999999816e-01,2.617260000000000142e-01,5.667000000000000162e-03,-1.853930000000000022e-01,1.015139999999999931e-01,3.605519999999999836e-01,5.455560000000000409e-01,9.371000000000000857e-03,3.136349999999999971e-01,1.236820000000000003e-01
1.908950000000000091e-01,4.776650000000000063e-01,1.032310000000000033e-01,3.062349999999999794e-01,5.251360000000000472e-01,2.951639999999999819e-01,1.000000000000000000e+00,-1.484429999999999916e-01,2.851600000000000246e-01,6.052039999999999642e-01,1.198319999999999941e-01,2.242039999999999866e-01,5.081059999999999466e-01,-9.860000000000000708e-03,-1.683070000000000122e-01,3.175499999999999989e-01,7.080739999999999812e-01,4.037040000000000073e-01,9.853499999999999759e-02,1.074169999999999986e-01,1.403899999999999940e-02,1.813480000000000092e-01,-7.435899999999999455e-02,9.522100000000000009e-02,5.022489999999999455e-01,3.134339999999999904e-01,2.159590000000000121e-01,3.621449999999999947e-01,4.864299999999999735e-01,2.511059999999999959e-01,1.355570000000000108e-01,1.039100000000000024e-01,1.164410000000000028e-01,4.435800000000000159e-02,2.861699999999999799e-01,1.623249999999999971e-01,-1.574800000000000158e-02,4.214459999999999873e-01,2.163400000000000045e-02,1.943789999999999962e-01,2.845900000000000166e-02,-8.247000000000000858e-03,-2.244710000000000039e-01,3.566369999999999818e-01,2.097449999999999870e-01,-3.932000000000000078e-02,1.107599999999999973e-01,9.783600000000000629e-02,-1.420119999999999993e-01,1.877199999999999980e-01,-3.176799999999999763e-02,4.858750000000000013e-01,-1.943920000000000092e-01,1.092189999999999966e-01,4.145110000000000183e-01,5.937800000000000022e-02,2.604739999999999833e-01,2.941619999999999790e-01,-2.972830000000000195e-01,-1.867469999999999963e-01,9.775200000000000555e-02,6.315650000000000430e-01,1.795930000000000026e-01,1.603130000000000110e-01,-3.082500000000000170e-02,-1.011969999999999953e-01,1.103719999999999979e-01,-1.164310000000000067e-01,1.732059999999999989e-01,2.668119999999999936e-01,2.120789999999999897e-01,2.238549999999999984e-01,1.602780000000000038e-01,1.733899999999999886e-01,8.636199999999999433e-02,1.016490000000000032e-01
5.633500000000000313e-02,-4.509099999999999914e-02,1.254359999999999919e-01,2.725380000000000025e-01,-1.600979999999999903e-01,2.952110000000000012e-01,-1.484429999999999916e-01,1.000000000000000000e+00,-2.700000000000000035e-04,-7.508099999999999496e-02,-8.723799999999999610e-02,2.290899999999999881e-02,-1.981169999999999876e-01,4.398299999999999987e-01,1.890599999999999919e-02,-3.689330000000000109e-01,-2.441720000000000002e-01,-3.272599999999999953e-01,6.586000000000000187e-02,-2.395339999999999969e-01,5.024009999999999865e-01,-2.788169999999999815e-01,8.046309999999999851e-01,2.648269999999999791e-01,-8.458000000000000240e-03,3.184100000000000263e-01,-9.533200000000000007e-02,-2.545330000000000092e-01,-2.237389999999999934e-01,-5.546800000000000341e-02,7.468600000000000239e-02,2.281179999999999874e-01,2.519429999999999725e-01,1.755490000000000106e-01,-8.905699999999999728e-02,2.900630000000000153e-01,5.534300000000000330e-02,1.979600000000000110e-02,2.613369999999999860e-01,2.474600000000000133e-01,1.227619999999999961e-01,-9.883300000000000418e-02,2.972069999999999990e-01,6.945500000000000285e-02,9.001599999999999879e-02,2.492709999999999926e-01,2.329140000000000099e-01,2.007539999999999880e-01,1.109580000000000011e-01,8.392000000000000154e-03,3.023399999999999976e-01,-6.121800000000000158e-02,7.700700000000000323e-01,-5.276900000000000340e-02,-1.801449999999999996e-01,-3.091899999999999857e-02,-7.827599999999999836e-02,4.535200000000000342e-02,5.347859999999999836e-01,2.755900000000000016e-02,-1.437859999999999971e-01,-1.601950000000000041e-01,-1.909639999999999949e-01,4.343000000000000332e-02,-1.408619999999999872e-01,5.000529999999999697e-01,-2.353570000000000106e-01,7.006109999999999838e-01,3.044649999999999856e-01,6.001900000000000290e-02,3.067540000000000266e-01,-8.784000000000000141e-02,-4.322399999999999853e-02,-7.669700000000000129e-02,4.096199999999999841e-02,1.813069999999999959e-01
-2.638700000000000073e-02,1.999789999999999901e-01,6.807029999999999470e-01,5.963100000000000345e-02,7.103190000000000337e-01,3.810459999999999958e-01,2.851600000000000246e-01,-2.700000000000000035e-04,1.000000000000000000e+00,1.076089999999999963e-01,6.491090000000000471e-01,1.668360000000000121e-01,3.000140000000000029e-01,3.857510000000000105e-01,2.766390000000000238e-01,-7.282500000000000084e-02,-1.075490000000000057e-01,-2.226200000000000054e-02,3.722059999999999813e-01,4.581100000000000172e-01,-3.669200000000000239e-01,4.653079999999999994e-01,1.565989999999999882e-01,-1.077150000000000052e-01,-5.733599999999999808e-02,1.746669999999999889e-01,3.856680000000000108e-01,4.846199999999999952e-01,-1.471850000000000103e-01,5.684160000000000323e-01,7.961000000000000021e-02,-4.204550000000000232e-01,-3.456540000000000168e-01,-4.327500000000000235e-01,-2.360619999999999941e-01,1.521879999999999900e-01,-3.442100000000000021e-02,3.522980000000000000e-01,-4.105019999999999780e-01,-3.827019999999999866e-01,-3.559030000000000249e-01,-2.578139999999999876e-01,-2.461100000000000093e-02,1.737910000000000010e-01,4.170189999999999730e-01,-3.042909999999999782e-01,-7.180200000000000471e-02,6.986339999999999772e-01,-1.426630000000000120e-01,7.283690000000000442e-01,4.083789999999999920e-01,4.568960000000000243e-01,-1.801800000000000068e-01,8.627160000000000384e-01,-7.869600000000000206e-02,6.546650000000000524e-01,7.369100000000000650e-02,5.440059999999999896e-01,3.352249999999999952e-01,3.106340000000000212e-01,-1.554010000000000113e-01,3.867500000000000104e-02,-2.484359999999999902e-01,3.645309999999999939e-01,5.220320000000000515e-01,-3.387089999999999823e-01,4.132210000000000050e-01,4.036300000000000304e-02,7.877800000000000080e-02,-1.099360000000000059e-01,-1.369269999999999932e-01,4.463239999999999985e-01,5.748560000000000336e-01,-5.960499999999999826e-02,5.708220000000000516e-01,2.162250000000000005e-01
1.769030000000000047e-01,2.393869999999999887e-01,-1.209640000000000021e-01,2.638389999999999902e-01,3.487799999999999789e-01,6.890000000000000291e-02,6.052039999999999642e-01,-7.508099999999999496e-02,1.076089999999999963e-01,1.000000000000000000e+00,-2.006259999999999988e-01,6.399559999999999693e-01,2.790779999999999927e-01,1.660280000000000089e-01,-1.677160000000000040e-01,1.414519999999999944e-01,7.884280000000000177e-01,2.003030000000000088e-01,-1.576750000000000096e-01,-3.244600000000000262e-02,2.847999999999999837e-02,9.821399999999999575e-02,1.156100000000000010e-02,5.288500000000000423e-01,4.792910000000000226e-01,4.923589999999999911e-01,-1.383939999999999892e-01,3.342959999999999821e-01,2.661149999999999904e-01,2.208700000000000108e-01,-7.466899999999999926e-02,-6.383800000000000585e-02,-5.498200000000000309e-02,-1.958630000000000093e-01,4.844760000000000177e-01,1.064009999999999956e-01,-2.465299999999999991e-01,7.345260000000000122e-01,-1.492340000000000055e-01,2.797169999999999934e-01,-1.782519999999999938e-01,2.339640000000000053e-01,-3.529180000000000095e-01,5.480969999999999454e-01,4.310120000000000062e-01,-1.209240000000000037e-01,5.553700000000000303e-02,2.698800000000000157e-02,-2.220250000000000001e-01,2.101339999999999875e-01,-7.137400000000000688e-02,4.325979999999999825e-01,-1.629309999999999925e-01,6.181699999999999695e-02,8.433530000000000193e-01,-1.706580000000000041e-01,7.164589999999999570e-01,3.826039999999999996e-01,-3.112710000000000199e-01,-2.229949999999999988e-01,-1.936299999999999827e-02,7.669110000000000094e-01,2.904199999999999837e-02,-6.958999999999999908e-02,-8.829199999999999549e-02,-1.643370000000000108e-01,1.125049999999999939e-01,7.650999999999999815e-03,5.672599999999999865e-01,2.307539999999999869e-01,4.003499999999999837e-01,-4.891999999999999647e-03,1.922310000000000130e-01,7.606400000000000661e-02,1.668070000000000108e-01,-4.072800000000000031e-02
-1.946400000000000075e-01,1.714809999999999945e-01,7.531160000000000077e-01,-9.764000000000000110e-03,6.360160000000000258e-01,4.287690000000000112e-01,1.198319999999999941e-01,-8.723799999999999610e-02,6.491090000000000471e-01,-2.006259999999999988e-01,1.000000000000000000e+00,8.975000000000000339e-03,3.779080000000000217e-01,2.397940000000000071e-01,3.526369999999999783e-01,-5.011700000000000182e-02,-1.550300000000000011e-01,-7.060700000000000309e-02,6.996790000000000509e-01,5.265579999999999705e-01,-5.374590000000000201e-01,5.078000000000000291e-01,6.836599999999999622e-02,-3.170299999999999785e-01,-1.835739999999999872e-01,-1.116600000000000058e-02,3.410349999999999770e-01,5.809800000000000519e-01,-2.128200000000000092e-01,5.469340000000000312e-01,-4.138100000000000112e-02,-4.514230000000000187e-01,-4.312849999999999739e-01,-3.899630000000000041e-01,-3.703589999999999938e-01,2.660199999999999787e-01,2.615379999999999927e-01,3.814100000000000129e-02,-4.587910000000000044e-01,-6.705280000000000129e-01,-3.444189999999999752e-01,-4.229840000000000266e-01,1.520990000000000120e-01,7.281400000000000372e-02,7.481000000000000150e-02,-4.154610000000000247e-01,-8.676699999999999691e-02,6.944660000000000277e-01,1.249989999999999990e-01,5.682260000000000089e-01,4.372280000000000055e-01,2.065480000000000094e-01,-2.371409999999999907e-01,6.416340000000000376e-01,-2.451959999999999973e-01,9.144219999999999571e-01,-3.899299999999999988e-02,2.813490000000000157e-01,3.269150000000000111e-01,3.569649999999999768e-01,-2.493229999999999891e-01,-1.331589999999999996e-01,-2.110259999999999914e-01,7.086559999999999526e-01,5.327570000000000361e-01,-4.903730000000000033e-01,4.250740000000000074e-01,-1.430799999999999954e-02,-2.566419999999999813e-01,-2.455569999999999975e-01,-3.055880000000000263e-01,4.027299999999999769e-01,4.767210000000000059e-01,-2.231660000000000033e-01,4.318899999999999961e-01,-2.843499999999999847e-02
1.405679999999999985e-01,7.332900000000000529e-02,5.105300000000000116e-02,2.194379999999999942e-01,3.092539999999999734e-01,1.851579999999999893e-01,2.242039999999999866e-01,2.290899999999999881e-02,1.668360000000000121e-01,6.399559999999999693e-01,8.975000000000000339e-03,1.000000000000000000e+00,2.862049999999999872e-01,3.423089999999999744e-01,1.822630000000000083e-01,2.429699999999999915e-02,3.311790000000000012e-01,2.658699999999999952e-02,-1.956680000000000086e-01,9.543699999999999406e-02,-1.136149999999999938e-01,1.768280000000000129e-01,9.465099999999999902e-02,7.432999999999999607e-01,3.302000000000000074e-02,4.631009999999999849e-01,-7.466799999999999826e-02,4.005589999999999984e-01,-1.071010000000000018e-01,3.403820000000000179e-01,-4.203099999999999892e-02,-3.768560000000000243e-01,-3.120660000000000101e-01,-4.004199999999999982e-01,1.348660000000000136e-01,2.926340000000000052e-01,-5.231000000000000406e-03,6.794540000000000024e-01,-3.883829999999999782e-01,-1.125929999999999986e-01,-3.009740000000000193e-01,3.291229999999999989e-01,5.295300000000000007e-02,6.090140000000000553e-01,6.566309999999999647e-01,-1.865149999999999864e-01,-2.776399999999999979e-01,1.327599999999999891e-01,9.133600000000000052e-02,4.306579999999999853e-01,4.835099999999999815e-02,4.154689999999999772e-01,-2.419469999999999954e-01,2.287009999999999876e-01,7.099280000000000035e-01,1.257100000000000058e-02,9.283829999999999583e-01,4.111330000000000262e-01,7.523699999999999832e-02,8.711599999999999899e-02,-1.477870000000000017e-01,4.388529999999999931e-01,-9.761300000000000532e-02,-8.321000000000000618e-02,1.709849999999999981e-01,-2.845610000000000084e-01,2.427110000000000101e-01,-1.101710000000000050e-01,6.286479999999999846e-01,-2.115130000000000066e-01,1.687369999999999981e-01,-6.604200000000000348e-02,4.199979999999999825e-01,-1.501230000000000064e-01,3.763079999999999758e-01,6.596299999999999386e-02
-7.409799999999999720e-02,4.992559999999999776e-01,2.441039999999999877e-01,8.053299999999999348e-02,6.365129999999999955e-01,7.579930000000000279e-01,5.081059999999999466e-01,-1.981169999999999876e-01,3.000140000000000029e-01,2.790779999999999927e-01,3.779080000000000217e-01,2.862049999999999872e-01,1.000000000000000000e+00,-4.083500000000000324e-02,4.031370000000000231e-01,2.855369999999999853e-01,3.780810000000000004e-01,2.560399999999999898e-01,1.562070000000000125e-01,5.646879999999999677e-01,-1.949730000000000074e-01,6.351710000000000411e-01,6.027500000000000219e-02,-6.051200000000000329e-02,-4.693100000000000049e-02,3.845029999999999837e-01,1.321700000000000097e-01,7.655100000000000238e-01,3.100990000000000135e-01,5.521249999999999769e-01,9.477800000000000114e-02,-4.053089999999999749e-01,-3.097070000000000101e-01,-3.840740000000000265e-01,-2.003900000000000126e-01,3.262979999999999769e-01,1.350770000000000026e-01,2.018689999999999929e-01,-5.054669999999999996e-01,-3.563560000000000061e-01,-2.974499999999999922e-01,-3.438729999999999842e-01,1.943699999999999942e-02,1.589770000000000072e-01,2.318699999999999928e-02,-2.583810000000000273e-01,-1.864899999999999891e-02,2.820739999999999914e-01,2.385900000000000173e-02,2.903990000000000182e-01,3.592790000000000150e-01,4.811360000000000081e-01,-4.906079999999999885e-01,3.054769999999999985e-01,1.536150000000000015e-01,2.615419999999999967e-01,2.277859999999999885e-01,5.589300000000000379e-01,-2.432390000000000108e-01,3.942399999999999793e-01,-2.503000000000000017e-02,4.126029999999999975e-01,7.466299999999999326e-02,1.966259999999999952e-01,5.153759999999999453e-01,-3.117849999999999788e-01,5.952089999999999881e-01,-1.780579999999999941e-01,-6.451600000000000390e-02,-2.072039999999999993e-01,3.053900000000000017e-02,3.136900000000000244e-01,5.662789999999999768e-01,7.560400000000000453e-02,3.295069999999999943e-01,3.492399999999999671e-02
-1.439580000000000026e-01,-6.905999999999999639e-02,3.880460000000000020e-01,3.870060000000000167e-01,3.094060000000000143e-01,2.497260000000000035e-01,-9.860000000000000708e-03,4.398299999999999987e-01,3.857510000000000105e-01,1.660280000000000089e-01,2.397940000000000071e-01,3.423089999999999744e-01,-4.083500000000000324e-02,1.000000000000000000e+00,2.162030000000000063e-01,-4.084209999999999785e-01,-1.685359999999999914e-01,-3.654999999999999916e-01,1.342409999999999992e-01,7.600200000000000011e-02,-7.329600000000000004e-02,8.990800000000000181e-02,4.679619999999999891e-01,1.856530000000000125e-01,-1.002510000000000068e-01,2.365200000000000080e-01,6.414100000000000357e-02,1.856059999999999932e-01,-2.666999999999999926e-01,2.791980000000000017e-01,-2.776109999999999967e-01,-2.557650000000000201e-01,-1.677220000000000100e-01,-2.992409999999999792e-01,9.627099999999999547e-02,5.105990000000000251e-01,1.347250000000000114e-01,2.373149999999999982e-01,-2.034269999999999967e-01,-1.094510000000000066e-01,-2.632789999999999853e-01,9.327499999999999680e-02,1.444020000000000026e-01,4.876199999999999979e-01,3.350139999999999785e-01,-2.894820000000000171e-01,1.367499999999999966e-02,4.653820000000000179e-01,1.688369999999999871e-01,5.373559999999999448e-01,3.706920000000000215e-01,2.067819999999999936e-01,3.144580000000000153e-01,4.162480000000000069e-01,5.310700000000000143e-02,2.976329999999999809e-01,2.546030000000000237e-01,3.415400000000000102e-01,6.591860000000000497e-01,1.515900000000000025e-01,-4.083140000000000103e-01,-9.165800000000000336e-02,-4.013260000000000161e-01,1.727120000000000044e-01,1.653610000000000080e-01,-7.578600000000000614e-02,1.162730000000000014e-01,3.960730000000000084e-01,2.667550000000000199e-01,-1.815100000000000047e-01,1.675899999999999959e-02,1.134629999999999944e-01,2.491730000000000056e-01,-2.643059999999999854e-01,3.159629999999999939e-01,-6.054500000000000159e-02
6.283600000000000296e-02,-1.160059999999999980e-01,3.060709999999999820e-01,8.019400000000000139e-02,3.009649999999999825e-01,4.320649999999999769e-01,-1.683070000000000122e-01,1.890599999999999919e-02,2.766390000000000238e-01,-1.677160000000000040e-01,3.526369999999999783e-01,1.822630000000000083e-01,4.031370000000000231e-01,2.162030000000000063e-01,1.000000000000000000e+00,-1.143969999999999987e-01,-3.299289999999999723e-01,-2.771100000000000230e-01,1.028899999999999954e-02,7.487009999999999499e-01,-1.035299999999999936e-02,7.057889999999999997e-01,2.077370000000000050e-01,7.120999999999999726e-03,-4.833189999999999986e-01,1.457259999999999944e-01,-7.988800000000000068e-02,5.583449999999999802e-01,-1.846970000000000001e-01,6.428829999999999822e-01,2.587929999999999953e-01,-5.197629999999999750e-01,-4.118930000000000091e-01,-3.769970000000000265e-01,-5.509760000000000213e-01,4.879950000000000121e-01,3.413640000000000008e-01,1.116290000000000060e-01,-4.834629999999999761e-01,-5.061649999999999761e-01,-2.513870000000000271e-01,-3.873860000000000081e-01,4.055000000000000271e-01,8.893700000000000216e-02,1.250249999999999972e-01,-7.378300000000000136e-02,-1.936080000000000023e-01,3.761300000000000199e-01,1.084640000000000049e-01,3.342129999999999823e-01,4.459270000000000178e-01,3.095740000000000158e-01,-2.177469999999999961e-01,3.372569999999999735e-01,-2.133309999999999929e-01,3.181240000000000179e-01,8.896600000000000341e-02,4.679280000000000106e-01,2.238239999999999952e-01,9.596550000000000358e-01,-1.180780000000000024e-01,-1.535060000000000036e-01,-1.698659999999999892e-01,-6.314000000000000168e-03,8.451539999999999608e-01,-8.147699999999999387e-02,8.045269999999999921e-01,6.924900000000000500e-02,2.179299999999999987e-02,-3.984579999999999789e-01,-5.748299999999999937e-02,2.467409999999999881e-01,6.507330000000000059e-01,6.929000000000000437e-02,5.068420000000000147e-01,3.220529999999999782e-01
5.357680000000000220e-01,6.488080000000000513e-01,-1.856230000000000102e-01,-1.428149999999999975e-01,8.971200000000000008e-02,-5.360999999999999793e-02,3.175499999999999989e-01,-3.689330000000000109e-01,-7.282500000000000084e-02,1.414519999999999944e-01,-5.011700000000000182e-02,2.429699999999999915e-02,2.855369999999999853e-01,-4.084209999999999785e-01,-1.143969999999999987e-01,1.000000000000000000e+00,4.163919999999999844e-01,8.645110000000000294e-01,1.667019999999999891e-01,1.382190000000000085e-01,-1.154550000000000021e-01,2.795839999999999992e-01,-4.924819999999999753e-01,-5.148799999999999905e-02,4.429319999999999924e-01,2.327809999999999879e-01,3.052130000000000121e-01,1.836879999999999902e-01,7.074120000000000408e-01,8.497799999999999798e-02,4.129539999999999877e-01,1.841990000000000016e-01,7.228400000000000103e-02,1.982379999999999975e-01,-2.261700000000000169e-02,-1.684690000000000076e-01,-5.867200000000000193e-02,1.127189999999999998e-01,9.914199999999999402e-02,1.112930000000000030e-01,1.342520000000000102e-01,5.200999999999999894e-03,-6.108600000000000141e-02,-1.244240000000000068e-01,5.498499999999999915e-02,1.904639999999999944e-01,1.053299999999999931e-01,-2.832310000000000105e-01,-1.087830000000000047e-01,-1.601239999999999886e-01,-2.770630000000000037e-01,9.277999999999999789e-03,-4.006779999999999786e-01,-8.410800000000000221e-02,2.515780000000000238e-01,-1.229390000000000066e-01,9.357899999999999552e-02,-1.872230000000000005e-01,-3.625220000000000109e-01,-9.846599999999999797e-02,6.546830000000000149e-01,3.192139999999999977e-01,6.453069999999999640e-01,1.395450000000000024e-01,-3.643600000000000311e-02,-1.877240000000000020e-01,1.797020000000000006e-01,-5.286429999999999740e-01,-5.986899999999999861e-02,2.677129999999999788e-01,3.155999999999999778e-02,2.102390000000000092e-01,5.475999999999999965e-03,3.551750000000000185e-01,1.859900000000000095e-02,1.663260000000000016e-01
1.784779999999999978e-01,4.214550000000000241e-01,-2.407289999999999985e-01,1.948469999999999924e-01,2.603159999999999918e-01,2.156599999999999837e-02,7.080739999999999812e-01,-2.441720000000000002e-01,-1.075490000000000057e-01,7.884280000000000177e-01,-1.550300000000000011e-01,3.311790000000000012e-01,3.780810000000000004e-01,-1.685359999999999914e-01,-3.299289999999999723e-01,4.163919999999999844e-01,1.000000000000000000e+00,5.000250000000000528e-01,-4.697799999999999893e-02,-1.591700000000000059e-02,1.394600000000000006e-02,9.064300000000000135e-02,-2.466480000000000061e-01,2.232389999999999930e-01,5.803890000000000438e-01,3.607830000000000203e-01,-5.073199999999999932e-02,2.864769999999999817e-01,5.206370000000000164e-01,6.634800000000000419e-02,-1.191399999999999924e-02,1.744759999999999922e-01,9.006799999999999529e-02,4.272299999999999709e-02,4.566629999999999856e-01,6.814999999999999877e-03,-2.026239999999999986e-01,4.536419999999999897e-01,2.200600000000000125e-02,3.108520000000000172e-01,-2.302500000000000033e-02,1.015179999999999971e-01,-3.491489999999999871e-01,2.833510000000000195e-01,5.949900000000000327e-02,-7.227600000000000691e-02,7.618600000000000372e-02,-1.791899999999999882e-01,-1.138929999999999942e-01,-6.778299999999999603e-02,-2.959330000000000016e-01,2.760870000000000268e-01,-2.675190000000000068e-01,-1.878410000000000080e-01,7.266479999999999606e-01,-2.007549999999999890e-01,4.684729999999999728e-01,7.878999999999999893e-02,-5.463710000000000511e-01,-3.666479999999999739e-01,1.392110000000000014e-01,7.736459999999999448e-01,3.100559999999999983e-01,3.371699999999999697e-02,-2.219609999999999916e-01,-1.734390000000000098e-01,2.253799999999999901e-02,-2.416820000000000079e-01,1.875709999999999877e-01,2.983640000000000181e-01,2.954339999999999744e-01,-3.040800000000000100e-02,-6.371000000000000274e-02,1.077069999999999972e-01,-8.565399999999999403e-02,-1.755559999999999898e-01
4.121799999999999908e-01,7.570799999999999752e-01,-1.057659999999999989e-01,-8.565000000000000391e-02,1.234699999999999964e-01,1.422600000000000080e-02,4.037040000000000073e-01,-3.272599999999999953e-01,-2.226200000000000054e-02,2.003030000000000088e-01,-7.060700000000000309e-02,2.658699999999999952e-02,2.560399999999999898e-01,-3.654999999999999916e-01,-2.771100000000000230e-01,8.645110000000000294e-01,5.000250000000000528e-01,1.000000000000000000e+00,1.975030000000000119e-01,4.555399999999999727e-02,-1.190890000000000004e-01,1.632909999999999917e-01,-4.361019999999999897e-01,-6.142600000000000143e-02,5.736879999999999757e-01,2.435110000000000052e-01,4.019969999999999932e-01,1.222919999999999979e-01,6.945310000000000095e-01,2.170100000000000154e-02,3.230140000000000233e-01,2.962279999999999913e-01,4.757100000000000217e-02,2.094189999999999940e-01,-1.282800000000000086e-02,-2.136059999999999903e-01,-1.031190000000000023e-01,1.607800000000000062e-01,1.574550000000000116e-01,1.194140000000000063e-01,1.114129999999999981e-01,-1.490799999999999938e-02,-7.184500000000000608e-02,-7.227300000000000391e-02,9.989000000000000656e-02,1.422539999999999916e-01,1.459679999999999866e-01,-2.300540000000000085e-01,-9.743899999999999784e-02,-1.459209999999999952e-01,-2.756210000000000049e-01,1.026080000000000048e-01,-3.594459999999999877e-01,-1.347500000000000087e-02,3.048049999999999926e-01,-9.107899999999999330e-02,9.946900000000000186e-02,-1.540249999999999952e-01,-3.499419999999999753e-01,-2.396079999999999877e-01,5.955070000000000086e-01,3.946819999999999773e-01,7.160910000000000331e-01,2.088909999999999934e-01,-1.326569999999999971e-01,-2.321149999999999880e-01,4.022099999999999981e-02,-5.149789999999999646e-01,-7.896999999999999853e-02,3.465449999999999919e-01,3.551599999999999896e-02,2.139780000000000015e-01,-3.434000000000000247e-02,3.260379999999999945e-01,-3.768699999999999828e-02,5.560400000000000065e-02
6.841899999999999371e-02,3.642469999999999875e-01,6.422459999999999836e-01,-2.304300000000000098e-02,2.802250000000000019e-01,2.454119999999999913e-01,9.853499999999999759e-02,6.586000000000000187e-02,3.722059999999999813e-01,-1.576750000000000096e-01,6.996790000000000509e-01,-1.956680000000000086e-01,1.562070000000000125e-01,1.342409999999999992e-01,1.028899999999999954e-02,1.667019999999999891e-01,-4.697799999999999893e-02,1.975030000000000119e-01,1.000000000000000000e+00,1.252149999999999930e-01,-2.935519999999999796e-01,1.716920000000000113e-01,2.333800000000000111e-02,-2.617949999999999999e-01,1.231059999999999932e-01,1.470110000000000028e-01,2.202149999999999941e-01,2.231899999999999995e-01,4.261600000000000110e-02,1.948060000000000069e-01,1.369000000000000078e-02,-5.916799999999999837e-02,-5.801400000000000307e-02,-4.513500000000000151e-02,-2.073109999999999953e-01,7.458199999999999552e-02,1.429660000000000097e-01,-8.346199999999999453e-02,-8.728800000000000447e-02,-3.118989999999999818e-01,-5.209799999999999848e-02,-3.521119999999999806e-01,5.594299999999999967e-02,-4.645599999999999730e-02,4.092000000000000151e-03,-1.514840000000000075e-01,2.491569999999999896e-01,4.462180000000000035e-01,6.436600000000000654e-02,2.163200000000000123e-01,3.565139999999999976e-01,-8.569000000000000228e-02,-3.805999999999999921e-03,4.151630000000000043e-01,-2.105970000000000064e-01,6.545600000000000307e-01,-2.332569999999999921e-01,-2.528499999999999845e-02,2.248799999999999966e-01,-4.627000000000000036e-03,5.573100000000000276e-02,-2.625100000000000003e-02,8.629299999999999471e-02,9.264930000000000110e-01,9.614100000000000423e-02,-2.653360000000000163e-01,9.356899999999999940e-02,4.581299999999999956e-02,-1.527509999999999979e-01,8.577799999999999314e-02,-4.984999999999999848e-02,2.244019999999999904e-01,1.057099999999999984e-01,-9.001399999999999679e-02,1.277230000000000032e-01,-2.845599999999999866e-02
-1.811300000000000063e-02,1.223130000000000051e-01,3.262180000000000080e-01,2.438699999999999896e-02,5.801370000000000138e-01,4.620850000000000235e-01,1.074169999999999986e-01,-2.395339999999999969e-01,4.581100000000000172e-01,-3.244600000000000262e-02,5.265579999999999705e-01,9.543699999999999406e-02,5.646879999999999677e-01,7.600200000000000011e-02,7.487009999999999499e-01,1.382190000000000085e-01,-1.591700000000000059e-02,4.555399999999999727e-02,1.252149999999999930e-01,1.000000000000000000e+00,-2.876469999999999860e-01,9.335639999999999494e-01,7.124000000000000124e-03,-2.835659999999999847e-01,-2.409030000000000060e-01,5.466499999999999831e-02,2.368329999999999880e-01,7.562370000000000481e-01,1.100990000000000024e-01,7.300919999999999632e-01,2.352339999999999987e-01,-4.172969999999999735e-01,-5.348110000000000364e-01,-4.294350000000000112e-01,-4.674630000000000174e-01,3.944309999999999761e-01,1.977649999999999963e-01,1.685580000000000134e-01,-4.753200000000000203e-01,-5.866130000000000511e-01,-3.989730000000000221e-01,-5.384510000000000129e-01,1.613759999999999917e-01,3.986399999999999666e-02,-2.959999999999999849e-04,-2.510049999999999781e-01,-2.224589999999999901e-01,4.923739999999999783e-01,2.557200000000000098e-02,3.732380000000000142e-01,3.047599999999999754e-01,3.982299999999999729e-01,-4.406619999999999981e-01,4.517669999999999741e-01,-9.030299999999999438e-02,5.091120000000000090e-01,9.742800000000000071e-02,4.181730000000000169e-01,-9.211000000000000437e-03,7.716979999999999951e-01,-7.708700000000000274e-02,-3.357500000000000068e-02,-5.022900000000000281e-02,1.601559999999999928e-01,9.146469999999999878e-01,-3.644459999999999922e-01,8.996450000000000280e-01,-1.207089999999999969e-01,-2.515060000000000073e-01,-2.836119999999999752e-01,-2.326249999999999984e-01,5.572489999999999943e-01,6.200219999999999620e-01,1.262270000000000059e-01,4.629539999999999766e-01,1.656739999999999879e-01
