1.000000000000000000e+00,1.967490000000000072e-01,1.153040000000000037e-01,3.555139999999999967e-01,-4.132000000000000256e-02,6.085399999999999837e-02,-2.252309999999999868e-01,-8.320700000000000318e-02,-8.149399999999999700e-02,9.821999999999999134e-03,-1.145089999999999997e-01,1.862659999999999871e-01,-2.013739999999999974e-01,6.452299999999999702e-02,5.398389999999999578e-01,6.162309999999999732e-01,1.469169999999999920e-01,4.376090000000000257e-01,2.812109999999999888e-01,5.242219999999999658e-01,5.406699999999999701e-02,4.022709999999999897e-01,7.365299999999999625e-02,4.023709999999999787e-01,5.512930000000000330e-01,5.685090000000000421e-01,2.323560000000000070e-01,4.200749999999999762e-01,2.834860000000000158e-01,3.909500000000000197e-01,6.616499999999999604e-01,5.154060000000000308e-01,1.659650000000000014e-01,2.633340000000000125e-01,2.345150000000000012e-01,-2.711950000000000194e-01,-2.747430000000000150e-01,-2.062900000000000150e-02,2.874300000000000119e-02,5.098000000000000101e-03,4.248799999999999799e-02,-3.871240000000000236e-01,-4.274599999999999927e-02,-3.069020000000000081e-01,-2.437299999999999883e-02,6.193400000000000016e-01,1.103220000000000034e-01,1.102999999999999987e-02,-3.844469999999999832e-01,-3.919670000000000099e-01,-3.158790000000000209e-01,-4.558280000000000109e-01,-2.162370000000000125e-01,-2.912899999999999934e-01,6.647500000000000631e-02,-1.695949999999999958e-01,-9.567299999999999416e-02,-4.318989999999999774e-01,-1.880630000000000079e-01,5.141179999999999639e-01,2.230930000000000135e-01,1.855890000000000040e-01,3.257550000000000168e-01,2.060700000000000032e-01,1.790569999999999939e-01,-5.164300000000000140e-02,2.930659999999999932e-01,9.044999999999999221e-03,1.594170000000000031e-01,3.065050000000000274e-01,3.844639999999999724e-01,-8.833499999999999686e-02,3.708499999999999991e-02,-4.586999999999999932e-03,1.149010000000000031e-01,4.645770000000000177e-01
1.967490000000000072e-01,1.000000000000000000e+00,4.028000000000000330e-02,3.056409999999999960e-01,-1.848980000000000068e-01,7.090689999999999493e-01,-2.046409999999999896e-01,3.494400000000000284e-02,-2.542300000000000115e-02,2.988979999999999970e-01,-2.651359999999999828e-01,2.943180000000000240e-01,5.797860000000000236e-01,4.054090000000000193e-01,2.601899999999999769e-01,3.730729999999999880e-01,2.694259999999999988e-01,6.112549999999999928e-01,3.070099999999999912e-02,2.903560000000000030e-01,2.107370000000000076e-01,1.086249999999999993e-01,3.361970000000000236e-01,1.600679999999999881e-01,6.033760000000000234e-01,5.815810000000000146e-01,2.726810000000000067e-01,5.051179999999999559e-01,3.872369999999999979e-01,2.287260000000000126e-01,2.895199999999999996e-01,2.511459999999999804e-01,4.474239999999999884e-01,3.478229999999999933e-01,-9.389999999999999476e-04,-2.517240000000000033e-01,-3.673950000000000271e-01,1.098480000000000012e-01,1.348699999999999899e-01,2.669019999999999726e-01,1.912580000000000113e-01,-3.561540000000000261e-01,1.764560000000000017e-01,-6.503799999999999859e-02,1.054080000000000017e-01,4.268099999999999672e-02,5.485259999999999581e-01,-1.191500000000000024e-02,-3.832999999999999741e-01,-3.984230000000000271e-01,1.758679999999999966e-01,-2.573409999999999864e-01,-1.396709999999999896e-01,-2.546080000000000010e-01,3.049270000000000036e-01,-2.105799999999999894e-01,2.054380000000000095e-01,-4.150299999999999823e-02,1.033310000000000062e-01,1.804870000000000085e-01,1.146250000000000047e-01,3.619859999999999745e-01,3.961890000000000134e-01,5.905099999999999932e-02,3.174600000000000338e-02,-2.778299999999999867e-02,9.632100000000000384e-02,2.189480000000000037e-01,-4.234000000000000263e-02,4.173100000000000143e-01,4.622479999999999922e-01,2.803900000000000142e-02,9.759099999999999719e-02,1.669700000000000004e-02,-7.927800000000000125e-02,-1.061999999999999923e-02
1.153040000000000037e-01,4.028000000000000330e-02,1.000000000000000000e+00,-2.661120000000000152e-01,4.122910000000000186e-01,9.181300000000000572e-02,1.677829999999999877e-01,2.085390000000000021e-01,7.454180000000000250e-01,1.224910000000000027e-01,5.944249999999999812e-01,3.026789999999999758e-01,7.852399999999999658e-02,8.814999999999999919e-03,2.447590000000000043e-01,-1.220800000000000010e-02,3.476429999999999798e-01,-5.530999999999999805e-02,6.759519999999999973e-01,2.944209999999999883e-01,3.956210000000000004e-01,4.087489999999999735e-01,2.111959999999999948e-01,1.159670000000000006e-01,8.920599999999999363e-02,2.794209999999999749e-01,5.477649999999999464e-01,2.139689999999999925e-01,1.295699999999999977e-02,4.913210000000000077e-01,2.666100000000000067e-02,2.197540000000000049e-01,3.648959999999999981e-01,2.975579999999999892e-01,1.387200000000000065e-02,3.191970000000000085e-01,2.248570000000000013e-01,7.725600000000000522e-02,4.046509999999999829e-01,4.376519999999999855e-01,3.662199999999999900e-01,2.894340000000000246e-01,4.747370000000000201e-01,4.294109999999999872e-01,-4.333599999999999952e-02,3.340029999999999943e-01,4.007999999999999757e-02,8.988329999999999931e-01,2.246430000000000093e-01,4.214399999999999813e-01,4.710949999999999860e-01,3.831890000000000018e-01,3.084239999999999760e-01,6.484259999999999469e-01,1.187710000000000016e-01,5.068259999999999987e-01,1.495009999999999950e-01,3.178839999999999999e-01,1.157640000000000058e-01,3.347410000000000108e-01,2.173390000000000044e-01,9.935199999999999587e-02,2.607399999999999995e-02,7.241849999999999676e-01,6.239879999999999871e-01,4.628269999999999884e-01,5.750790000000000068e-01,2.447550000000000003e-01,1.081580000000000041e-01,-2.507679999999999909e-01,1.770430000000000059e-01,6.110060000000000491e-01,6.472489999999999633e-01,3.550470000000000015e-01,6.015009999999999524e-01,3.367459999999999898e-01
3.555139999999999967e-01,3.056409999999999960e-01,-2.661120000000000152e-01,1.000000000000000000e+00,-2.788129999999999775e-01,2.812359999999999860e-01,-4.526970000000000161e-01,-2.970450000000000035e-01,-3.206030000000000268e-01,8.860300000000000120e-02,-6.271459999999999813e-01,5.613699999999999940e-02,1.401459999999999928e-01,4.122799999999999798e-01,3.871979999999999866e-01,4.472419999999999729e-01,-2.608480000000000243e-01,3.852050000000000196e-01,-5.411900000000000044e-02,3.848650000000000126e-01,-4.033039999999999958e-01,-2.876700000000000090e-02,8.287600000000000522e-02,1.908269999999999966e-01,4.733029999999999737e-01,4.191690000000000138e-01,-6.336600000000000565e-02,5.173999999999999710e-01,2.647010000000000196e-01,1.217099999999999987e-01,4.947889999999999788e-01,9.924800000000000288e-02,-2.404500000000000040e-02,-7.090499999999999581e-02,2.085780000000000134e-01,-7.179299999999999571e-01,-7.243100000000000094e-01,-7.468800000000000439e-02,-3.697550000000000003e-01,-3.353119999999999989e-01,-2.270169999999999966e-01,-6.260480000000000489e-01,-2.890960000000000196e-01,-4.918399999999999994e-01,1.480100000000000027e-01,-1.856899999999999940e-01,2.625600000000000156e-01,-3.497850000000000126e-01,-8.171329999999999982e-01,-8.219899999999999984e-01,-3.658250000000000113e-01,-7.412309999999999732e-01,-5.214870000000000339e-01,-6.968170000000000197e-01,1.389650000000000052e-01,-5.151029999999999776e-01,2.202000000000000138e-02,-5.436269999999999714e-01,-7.512699999999999934e-02,4.145690000000000208e-01,-6.581499999999999850e-02,1.654869999999999952e-01,3.629220000000000224e-01,-1.634480000000000099e-01,-2.431139999999999968e-01,-4.860789999999999833e-01,-6.719100000000000072e-02,3.985600000000000254e-02,-2.340300000000000019e-02,5.066490000000000160e-01,2.984800000000000231e-01,-3.379989999999999939e-01,-2.174969999999999959e-01,-2.902580000000000160e-01,-3.191419999999999813e-01,-4.609400000000000303e-02
-4.132000000000000256e-02,-1.848980000000000068e-01,4.122910000000000186e-01,-2.788129999999999775e-01,1.000000000000000000e+00,-1.418429999999999969e-01,6.291999999999999815e-01,-2.074680000000000135e-01,7.621700000000000141e-01,1.144239999999999979e-01,6.308150000000000146e-01,-9.767199999999999493e-02,-1.776079999999999881e-01,-1.018410000000000010e-01,2.374100000000000169e-02,-5.046400000000000191e-02,1.457499999999999941e-02,-2.619700000000000153e-02,4.206059999999999799e-01,1.625419999999999920e-01,5.075400000000000050e-02,4.186139999999999861e-01,-2.303989999999999927e-01,-2.963180000000000258e-01,8.467399999999999927e-02,-1.474550000000000027e-01,4.084889999999999910e-01,1.010029999999999956e-01,2.982600000000000251e-01,3.873929999999999874e-01,3.755499999999999811e-02,-1.925000000000000062e-03,1.198120000000000018e-01,1.429999999999999882e-01,5.472899999999999987e-02,2.935599999999999876e-01,1.886249999999999871e-01,6.248200000000000282e-02,1.506200000000000039e-01,1.133630000000000054e-01,2.694739999999999913e-01,2.239909999999999957e-01,1.669779999999999875e-01,1.676090000000000080e-01,1.266899999999999971e-02,1.162320000000000020e-01,-2.338659999999999906e-01,4.267839999999999967e-01,1.699569999999999970e-01,5.198509999999999520e-01,8.062600000000000322e-02,3.824239999999999862e-01,-2.075099999999999861e-02,5.766289999999999472e-01,3.746200000000000224e-02,4.866889999999999827e-01,-5.479500000000000343e-02,5.311899999999999955e-02,-1.099999999999999936e-02,7.701700000000000212e-02,3.810970000000000191e-01,5.646700000000000330e-02,-1.534969999999999946e-01,4.592280000000000251e-01,3.852369999999999961e-01,7.324700000000000655e-02,3.833329999999999793e-01,-2.384439999999999893e-01,-1.568219999999999892e-01,-2.296970000000000123e-01,-2.698969999999999980e-01,5.171970000000000178e-01,3.713009999999999922e-01,3.995170000000000110e-01,4.929470000000000240e-01,3.575999999999999734e-01
6.085399999999999837e-02,7.090689999999999493e-01,9.181300000000000572e-02,2.812359999999999860e-01,-1.418429999999999969e-01,1.000000000000000000e+00,-1.396580000000000044e-01,3.748600000000000265e-01,-2.912100000000000105e-02,2.389449999999999907e-01,-3.266870000000000052e-01,5.343200000000000172e-01,7.517399999999999638e-01,5.180670000000000552e-01,2.504660000000000220e-01,4.453599999999999920e-02,7.856799999999999895e-02,2.919619999999999993e-01,-1.231170000000000042e-01,1.485080000000000011e-01,2.511309999999999931e-01,-1.677250000000000130e-01,6.888279999999999959e-01,3.515190000000000259e-01,3.769549999999999845e-01,3.844159999999999799e-01,4.138780000000000237e-01,4.791560000000000263e-01,3.481670000000000043e-01,6.136500000000000288e-02,8.817899999999999350e-02,1.914980000000000016e-01,2.350510000000000099e-01,2.668479999999999741e-01,-4.156200000000000172e-02,-1.403659999999999908e-01,-3.773929999999999785e-01,2.066649999999999876e-01,7.132299999999999751e-02,1.602899999999999880e-01,2.369690000000000130e-01,-3.265449999999999742e-01,3.249340000000000006e-01,7.735799999999999621e-02,2.207780000000000020e-01,-2.664700000000000055e-02,5.135399999999999965e-01,5.702700000000000130e-02,-3.234569999999999945e-01,-2.966219999999999968e-01,4.401140000000000052e-01,-1.338900000000000090e-01,1.757410000000000083e-01,-1.973999999999999921e-01,2.855369999999999853e-01,-1.866559999999999886e-01,4.680560000000000276e-01,1.489030000000000076e-01,3.878059999999999841e-01,1.297139999999999960e-01,-7.953200000000000547e-02,2.849769999999999803e-01,1.374690000000000079e-01,2.065200000000000022e-02,-1.055770000000000042e-01,1.237710000000000060e-01,-1.753639999999999921e-01,6.104559999999999986e-01,2.759570000000000078e-01,2.869599999999999929e-01,3.972069999999999768e-01,7.660699999999999454e-02,1.095919999999999950e-01,-3.559999999999999970e-02,-1.899240000000000095e-01,-1.704450000000000132e-01
-2.252309999999999868e-01,-2.046409999999999896e-01,1.677829999999999877e-01,-4.526970000000000161e-01,6.291999999999999815e-01,-1.396580000000000044e-01,1.000000000000000000e+00,-1.073709999999999942e-01,4.578400000000000247e-01,5.622499999999999720e-02,3.786900000000000266e-01,-1.756570000000000076e-01,-1.389890000000000014e-01,-1.893930000000000058e-01,-8.534100000000000019e-02,-3.087179999999999924e-01,-8.374399999999999900e-02,-1.913380000000000081e-01,2.036400000000000016e-02,-1.347099999999999964e-01,2.127449999999999897e-01,2.136859999999999871e-01,-2.865340000000000109e-01,-2.566999999999999837e-01,-5.951300000000000340e-02,-4.307779999999999943e-01,4.216520000000000268e-01,-2.270179999999999976e-01,2.543469999999999898e-01,1.049149999999999944e-01,-1.971009999999999984e-01,-6.347400000000000264e-02,-6.980100000000000193e-02,-1.947770000000000057e-01,-1.425899999999999945e-01,3.784950000000000259e-01,4.027999999999999914e-01,1.087059999999999971e-01,1.952389999999999959e-01,7.398899999999999921e-02,1.106799999999999971e-02,4.572289999999999965e-01,-6.319400000000000017e-02,3.525989999999999958e-01,1.118199999999999923e-02,3.828000000000000153e-02,-1.608050000000000035e-01,1.638539999999999996e-01,4.289569999999999772e-01,6.633149999999999880e-01,1.861460000000000059e-01,7.029279999999999973e-01,3.670400000000000051e-02,5.722140000000000004e-01,-1.170069999999999999e-01,2.779499999999999749e-01,-7.731699999999999684e-02,3.260190000000000032e-01,2.905900000000000150e-02,-2.968399999999999858e-02,3.419139999999999957e-01,-1.516329999999999900e-01,-1.731570000000000054e-01,4.450199999999999989e-02,2.175370000000000081e-01,2.308240000000000014e-01,1.964839999999999920e-01,-2.776170000000000027e-01,-1.081599999999999923e-02,-1.835450000000000137e-01,-3.071180000000000021e-01,5.456280000000000019e-01,2.369229999999999947e-01,5.468769999999999465e-01,3.457790000000000030e-01,1.763679999999999970e-01
-8.320700000000000318e-02,3.494400000000000284e-02,2.085390000000000021e-01,-2.970450000000000035e-01,-2.074680000000000135e-01,3.748600000000000265e-01,-1.073709999999999942e-01,1.000000000000000000e+00,-8.234099999999999753e-02,-4.875800000000000273e-02,1.751139999999999919e-01,5.586659999999999959e-01,3.577210000000000112e-01,1.289800000000000113e-01,1.076500000000000026e-02,-3.507170000000000010e-01,2.903040000000000065e-01,-2.977130000000000054e-01,-1.799870000000000081e-01,-2.375440000000000051e-01,4.379190000000000027e-01,-3.036260000000000070e-01,7.806480000000000086e-01,5.046129999999999782e-01,-3.804429999999999756e-01,1.481520000000000059e-01,5.499500000000000222e-02,-1.734539999999999971e-01,-3.987760000000000193e-01,-2.038639999999999897e-01,-4.663459999999999828e-01,-2.711900000000000074e-02,-7.263000000000000358e-03,-1.019560000000000050e-01,-2.115150000000000086e-01,3.745689999999999853e-01,1.663640000000000119e-01,1.786099999999999910e-01,1.997839999999999894e-01,3.193889999999999785e-01,-1.336799999999999967e-02,1.694559999999999955e-01,4.653019999999999934e-01,3.474570000000000158e-01,1.119740000000000041e-01,1.585100000000000120e-01,1.627619999999999900e-01,3.160379999999999856e-01,3.163719999999999866e-01,2.393699999999999994e-01,5.677370000000000472e-01,2.311439999999999884e-01,8.604870000000000019e-01,1.831560000000000132e-01,6.449699999999999878e-02,3.069680000000000186e-01,5.407560000000000144e-01,5.041449999999999543e-01,5.138049999999999562e-01,-1.066870000000000041e-01,-4.161549999999999971e-01,2.678999999999999958e-03,-3.264170000000000127e-01,-2.063200000000000103e-02,-7.548299999999999454e-02,4.767359999999999931e-01,-2.446720000000000006e-01,7.763579999999999925e-01,6.163669999999999982e-01,-2.660139999999999727e-01,2.970140000000000002e-01,-1.495900000000000007e-02,7.809000000000000663e-02,-1.463359999999999939e-01,7.164000000000000229e-03,-3.257660000000000000e-01
-8.149399999999999700e-02,-2.542300000000000115e-02,7.454180000000000250e-01,-3.206030000000000268e-01,7.621700000000000141e-01,-2.912100000000000105e-02,4.578400000000000247e-01,-8.234099999999999753e-02,1.000000000000000000e+00,1.252550000000000052e-01,7.029159999999999853e-01,6.708000000000000421e-03,-1.100899999999999969e-02,-5.760500000000000342e-02,1.223700000000000065e-01,-1.057789999999999980e-01,1.066010000000000013e-01,-9.764200000000000657e-02,6.503879999999999661e-01,2.816420000000000035e-01,2.754159999999999942e-01,5.054539999999999589e-01,-6.473600000000000187e-02,-2.510020000000000029e-01,8.822299999999999587e-02,1.747500000000000095e-02,5.320679999999999854e-01,1.770889999999999964e-01,2.104979999999999907e-01,5.346199999999999841e-01,-1.771400000000000058e-02,2.890399999999999914e-02,3.093369999999999731e-01,2.693519999999999803e-01,-5.011199999999999682e-02,3.141530000000000156e-01,1.964480000000000115e-01,6.627600000000000158e-02,3.515070000000000139e-01,4.273700000000000276e-01,4.056819999999999871e-01,3.480759999999999965e-01,3.490750000000000242e-01,3.865339999999999887e-01,-3.672399999999999970e-02,1.560050000000000048e-01,-3.956699999999999801e-02,6.904320000000000457e-01,1.983280000000000043e-01,5.607879999999999532e-01,3.683379999999999987e-01,5.022210000000000285e-01,1.137190000000000006e-01,7.586659999999999515e-01,7.685799999999999577e-02,5.802939999999999765e-01,6.970000000000000284e-04,2.750090000000000034e-01,-2.996499999999999858e-02,2.142590000000000050e-01,4.056759999999999811e-01,8.815099999999999325e-02,-4.336199999999999777e-02,7.318789999999999463e-01,6.100360000000000227e-01,2.859140000000000015e-01,5.903030000000000221e-01,-3.640700000000000186e-02,-1.442529999999999923e-01,-2.161460000000000048e-01,-2.524600000000000108e-02,7.097290000000000543e-01,6.236110000000000264e-01,4.978560000000000207e-01,6.435809999999999587e-01,3.448410000000000086e-01
9.821999999999999134e-03,2.988979999999999970e-01,1.224910000000000027e-01,8.860300000000000120e-02,1.144239999999999979e-01,2.389449999999999907e-01,5.622499999999999720e-02,-4.875800000000000273e-02,1.252550000000000052e-01,1.000000000000000000e+00,1.099230000000000068e-01,4.903980000000000006e-01,1.797060000000000046e-01,8.758100000000000607e-02,5.827000000000000235e-02,1.190210000000000018e-01,2.905409999999999937e-01,2.877759999999999763e-01,1.136380000000000029e-01,6.108899999999999747e-02,-7.247099999999999376e-02,4.302099999999999674e-02,3.984800000000000147e-02,2.745850000000000235e-01,3.918980000000000241e-01,2.750369999999999759e-01,1.068650000000000017e-01,2.033379999999999910e-01,1.076619999999999938e-01,9.082600000000000395e-02,1.143580000000000013e-01,-7.180400000000000671e-02,4.765889999999999849e-01,1.686080000000000079e-01,-1.756419999999999926e-01,-9.085999999999999632e-02,-8.256299999999999750e-02,5.210080000000000267e-01,-2.493289999999999951e-01,3.366830000000000100e-01,1.141429999999999945e-01,-2.772200000000000011e-02,9.829100000000000337e-02,2.224049999999999916e-01,7.045510000000000383e-01,-1.660189999999999999e-01,-5.415999999999999981e-02,2.033949999999999925e-01,-6.989800000000000180e-02,-1.563680000000000070e-01,-7.893500000000000516e-02,-1.220090000000000063e-01,-6.646199999999999330e-02,-7.533900000000000319e-02,7.860930000000000417e-01,7.813199999999999312e-02,6.375969999999999693e-01,-8.444400000000000517e-02,-9.613000000000000017e-03,-3.483699999999999991e-02,1.528160000000000074e-01,1.887590000000000101e-01,2.096300000000000108e-01,1.306680000000000064e-01,-8.736099999999999421e-02,-1.835920000000000052e-01,2.741299999999999987e-02,1.240999999999999916e-03,2.612789999999999835e-01,-8.200100000000000444e-02,-6.873300000000000243e-02,5.141300000000000037e-02,1.754799999999999971e-01,-5.764600000000000279e-02,-3.446699999999999764e-02,2.537100000000000119e-02
-1.145089999999999997e-01,-2.651359999999999828e-01,5.944249999999999812e-01,-6.271459999999999813e-01,6.308150000000000146e-01,-3.266870000000000052e-01,3.786900000000000266e-01,1.751139999999999919e-01,7.029159999999999853e-01,1.099230000000000068e-01,1.000000000000000000e+00,1.018580000000000041e-01,-2.377610000000000001e-01,-2.730659999999999754e-01,-7.779700000000000504e-02,-2.428089999999999971e-01,3.357840000000000269e-01,-2.564359999999999973e-01,5.124999999999999556e-01,-1.476599999999999961e-02,3.227320000000000189e-01,3.299710000000000143e-01,-1.050340000000000024e-01,-9.215199999999999780e-02,-1.850719999999999865e-01,-1.014329999999999954e-01,2.305300000000000127e-01,-1.861909999999999954e-01,-1.574490000000000056e-01,2.377110000000000056e-01,-2.437890000000000057e-01,-5.208299999999999735e-02,1.888340000000000019e-01,1.463679999999999981e-01,-1.948469999999999924e-01,6.018569999999999753e-01,4.723760000000000181e-01,1.341849999999999987e-01,2.979959999999999831e-01,4.341130000000000266e-01,2.018580000000000096e-01,4.804780000000000162e-01,3.735760000000000192e-01,4.509880000000000000e-01,1.234200000000000054e-02,2.229009999999999880e-01,-2.466500000000000081e-01,6.651249999999999662e-01,5.141970000000000152e-01,7.070400000000000018e-01,2.577619999999999911e-01,5.249660000000000437e-01,4.049340000000000162e-01,7.393079999999999652e-01,6.682899999999999952e-02,7.816359999999999975e-01,7.632999999999999508e-02,3.154549999999999854e-01,-2.341499999999999831e-02,-5.297799999999999732e-02,1.717100000000000015e-01,-1.025459999999999983e-01,-2.780719999999999859e-01,5.884949999999999903e-01,4.711389999999999745e-01,3.690060000000000007e-01,4.002379999999999827e-01,-6.486300000000000399e-02,3.481999999999999679e-02,-4.641029999999999878e-01,-1.613279999999999992e-01,4.587120000000000086e-01,4.171770000000000200e-01,3.139060000000000183e-01,5.548959999999999448e-01,2.012210000000000110e-01
1.862659999999999871e-01,2.943180000000000240e-01,3.026789999999999758e-01,5.613699999999999940e-02,-9.767199999999999493e-02,5.343200000000000172e-01,-1.756570000000000076e-01,5.586659999999999959e-01,6.708000000000000421e-03,4.903980000000000006e-01,1.018580000000000041e-01,1.000000000000000000e+00,3.705550000000000233e-01,1.784050000000000080e-01,2.343109999999999915e-01,-1.166470000000000007e-01,4.345550000000000246e-01,4.351499999999999813e-02,-3.097000000000000100e-02,-4.376999999999999814e-03,1.501560000000000117e-01,-1.628290000000000015e-01,6.515760000000000440e-01,7.816980000000000040e-01,9.607000000000000262e-02,4.804329999999999989e-01,1.307290000000000119e-01,1.329839999999999911e-01,-2.360089999999999966e-01,-3.783500000000000058e-02,-1.287200000000000011e-01,1.545200000000000046e-02,3.361480000000000024e-01,7.988099999999999368e-02,-1.679769999999999874e-01,8.217199999999999505e-02,-1.080689999999999984e-01,4.915379999999999749e-01,-1.446109999999999896e-01,3.516329999999999734e-01,7.477300000000000613e-02,3.456399999999999750e-02,3.335670000000000024e-01,2.961030000000000051e-01,5.030360000000000387e-01,5.827299999999999841e-02,9.696499999999999564e-02,3.314759999999999929e-01,1.054700000000000082e-02,-8.844000000000000472e-02,2.557119999999999949e-01,-1.266599999999999948e-01,4.602020000000000000e-01,-7.950000000000000252e-04,4.188350000000000128e-01,1.982869999999999910e-01,7.978210000000000024e-01,1.537939999999999863e-01,3.026110000000000189e-01,8.075000000000000233e-02,-3.335589999999999944e-01,1.751270000000000049e-01,-1.574800000000000089e-01,1.238790000000000030e-01,-1.052570000000000033e-01,1.216129999999999989e-01,-1.491550000000000098e-01,5.486100000000000421e-01,6.495170000000000110e-01,-2.495239999999999958e-01,1.746870000000000089e-01,-8.532199999999999507e-02,1.235529999999999962e-01,-3.267120000000000024e-01,-5.955599999999999783e-02,-2.458760000000000112e-01
-2.013739999999999974e-01,5.797860000000000236e-01,7.852399999999999658e-02,1.401459999999999928e-01,-1.776079999999999881e-01,7.517399999999999638e-01,-1.389890000000000014e-01,3.577210000000000112e-01,-1.100899999999999969e-02,1.797060000000000046e-01,-2.377610000000000001e-01,3.705550000000000233e-01,1.000000000000000000e+00,2.348530000000000062e-01,-8.356000000000000580e-03,3.118200000000000138e-02,2.202989999999999948e-01,2.260340000000000127e-01,-7.423899999999999944e-02,-1.104020000000000001e-01,1.256369999999999987e-01,-2.570790000000000020e-01,5.314130000000000242e-01,2.010500000000000065e-01,7.741599999999999870e-02,2.892190000000000039e-01,1.232530000000000014e-01,4.288390000000000257e-01,1.088839999999999947e-01,-9.688900000000000290e-02,-1.451389999999999902e-01,-9.231799999999999728e-02,2.097310000000000008e-01,1.839490000000000014e-01,-8.578199999999999714e-02,-4.440199999999999703e-02,-1.957909999999999928e-01,2.324229999999999907e-01,3.092699999999999963e-02,1.439930000000000099e-01,1.564429999999999987e-01,-2.358699999999999963e-01,2.314879999999999993e-01,1.221129999999999993e-01,2.199029999999999874e-01,-1.430619999999999947e-01,4.519520000000000204e-01,9.932299999999999462e-02,-1.319529999999999870e-01,-1.535650000000000071e-01,4.615690000000000071e-01,1.246599999999999965e-02,2.243759999999999921e-01,-1.029940000000000022e-01,2.394560000000000022e-01,-9.680199999999999916e-02,4.332810000000000272e-01,4.012809999999999988e-01,3.374510000000000010e-01,-9.347300000000000053e-02,-1.071320000000000050e-01,2.438960000000000017e-01,1.038310000000000066e-01,1.281400000000000074e-02,-1.927709999999999979e-01,1.268900000000000028e-01,-1.976990000000000136e-01,5.109230000000000160e-01,1.705909999999999926e-01,1.431779999999999997e-01,3.681119999999999948e-01,-2.353099999999999983e-02,1.524310000000000109e-01,-7.016999999999999627e-02,-1.845720000000000138e-01,-3.136669999999999736e-01
6.452299999999999702e-02,4.054090000000000193e-01,8.814999999999999919e-03,4.122799999999999798e-01,-1.018410000000000010e-01,5.180670000000000552e-01,-1.893930000000000058e-01,1.289800000000000113e-01,-5.760500000000000342e-02,8.758100000000000607e-02,-2.730659999999999754e-01,1.784050000000000080e-01,2.348530000000000062e-01,1.000000000000000000e+00,3.129689999999999972e-01,1.169339999999999963e-01,-3.429299999999999710e-02,2.149820000000000064e-01,-9.125199999999999978e-02,2.818740000000000134e-01,3.934599999999999903e-02,-5.604999999999999739e-03,3.589049999999999740e-01,4.010299999999999976e-02,2.640049999999999897e-01,2.884269999999999889e-01,1.785430000000000073e-01,3.426750000000000074e-01,2.482399999999999884e-01,5.868299999999999905e-02,2.133720000000000061e-01,2.177790000000000004e-01,1.082499999999999990e-01,1.308030000000000026e-01,1.982939999999999980e-01,-3.100100000000000078e-01,-5.357380000000000475e-01,-1.638719999999999899e-01,9.152499999999999525e-02,-9.655900000000000594e-02,8.049699999999999911e-02,-2.557309999999999861e-01,1.237739999999999951e-01,-1.925860000000000072e-01,-1.584999999999999951e-02,-1.957339999999999913e-01,4.023189999999999822e-01,-6.431800000000000017e-02,-4.950680000000000081e-01,-3.785229999999999984e-01,9.876799999999999469e-02,-2.659420000000000117e-01,-5.332699999999999940e-02,-3.037400000000000100e-01,1.302639999999999909e-01,-1.934539999999999871e-01,9.843100000000000460e-02,-2.056250000000000022e-01,4.170389999999999930e-01,2.736939999999999928e-01,-2.991100000000000009e-02,1.774399999999999866e-01,1.786880000000000135e-01,-1.429899999999999921e-02,-3.999899999999999983e-02,-1.170599999999999974e-01,-5.690599999999999825e-02,2.962890000000000246e-01,7.355399999999999439e-02,2.439919999999999867e-01,3.472620000000000151e-01,1.225399999999999927e-02,-1.419960000000000111e-01,-1.287790000000000046e-01,-2.395279999999999909e-01,-6.571799999999999864e-02
5.398389999999999578e-01,2.601899999999999769e-01,2.447590000000000043e-01,3.871979999999999866e-01,2.374100000000000169e-02,2.504660000000000220e-01,-8.534100000000000019e-02,1.076500000000000026e-02,1.223700000000000065e-01,5.827000000000000235e-02,-7.779700000000000504e-02,2.343109999999999915e-01,-8.356000000000000580e-03,3.129689999999999972e-01,1.000000000000000000e+00,2.668479999999999741e-01,-3.424800000000000066e-02,2.584359999999999991e-01,2.666069999999999829e-01,6.252029999999999532e-01,3.090189999999999881e-01,4.028660000000000019e-01,2.061169999999999947e-01,3.116229999999999833e-01,3.994570000000000065e-01,3.608230000000000048e-01,4.740199999999999969e-01,4.383219999999999894e-01,3.869630000000000014e-01,5.434809999999999919e-01,4.970479999999999898e-01,4.316070000000000184e-01,3.931599999999999678e-02,1.174400000000000027e-01,2.122340000000000060e-01,-2.072209999999999885e-01,-3.430030000000000023e-01,-3.622100000000000319e-02,1.739680000000000115e-01,-4.960599999999999732e-02,-2.779999999999999919e-03,-2.683039999999999869e-01,4.023899999999999699e-02,-1.389849999999999974e-01,-5.449500000000000177e-02,3.322140000000000093e-01,2.215159999999999907e-01,1.822100000000000108e-01,-4.398210000000000175e-01,-2.983819999999999806e-01,-1.229289999999999966e-01,-2.904809999999999892e-01,-1.033219999999999972e-01,-1.282210000000000016e-01,1.698199999999999987e-01,1.580099999999999907e-02,-3.061699999999999838e-02,-2.901449999999999863e-01,-8.411299999999999333e-02,7.964740000000000153e-01,1.890870000000000051e-01,1.173379999999999979e-01,2.792120000000000157e-01,2.334940000000000071e-01,2.167469999999999952e-01,8.452400000000000191e-02,2.838579999999999992e-01,1.879939999999999944e-01,1.586059999999999970e-01,3.165899999999999825e-01,4.108700000000000130e-01,2.609339999999999993e-01,1.713349999999999873e-01,1.320010000000000072e-01,1.621410000000000073e-01,2.935409999999999964e-01
6.162309999999999732e-01,3.730729999999999880e-01,-1.220800000000000010e-02,4.472419999999999729e-01,-5.046400000000000191e-02,4.453599999999999920e-02,-3.087179999999999924e-01,-3.507170000000000010e-01,-1.057789999999999980e-01,1.190210000000000018e-01,-2.428089999999999971e-01,-1.166470000000000007e-01,3.118200000000000138e-02,1.169339999999999963e-01,2.668479999999999741e-01,1.000000000000000000e+00,3.193819999999999992e-01,8.080190000000000428e-01,2.671040000000000081e-01,4.963929999999999731e-01,-2.668389999999999929e-01,4.208390000000000186e-01,-1.325850000000000084e-01,1.041000000000000042e-03,6.118540000000000090e-01,5.636940000000000284e-01,6.163400000000000128e-02,5.930800000000000516e-01,3.893719999999999959e-01,2.857040000000000135e-01,7.286979999999999569e-01,4.476100000000000079e-01,2.078019999999999867e-01,3.737550000000000039e-01,3.109799999999999787e-01,-4.485609999999999875e-01,-3.374030000000000085e-01,-1.285910000000000108e-01,4.166000000000000432e-03,-8.239299999999999402e-02,1.073609999999999981e-01,-5.247640000000000082e-01,-2.075440000000000063e-01,-4.446539999999999937e-01,-9.613700000000000023e-02,2.805980000000000141e-01,6.074100000000000332e-02,-5.964099999999999957e-02,-4.397679999999999922e-01,-4.890300000000000202e-01,-4.526919999999999833e-01,-5.562240000000000517e-01,-5.145149999999999446e-01,-4.161429999999999851e-01,1.107849999999999946e-01,-2.470809999999999951e-01,-2.591140000000000110e-01,-5.047819999999999530e-01,-2.962600000000000233e-01,2.358129999999999948e-01,3.796329999999999982e-01,1.545300000000000007e-01,5.086070000000000313e-01,1.094360000000000055e-01,1.301470000000000127e-01,-3.679419999999999913e-01,3.163619999999999766e-01,-2.388429999999999997e-01,-2.816179999999999795e-01,3.459180000000000033e-01,2.768430000000000057e-01,-1.758550000000000113e-01,-9.406000000000000472e-02,-7.293800000000000283e-02,-9.703799999999999926e-02,3.758040000000000269e-01
1.469169999999999920e-01,2.694259999999999988e-01,3.476429999999999798e-01,-2.608480000000000243e-01,1.457499999999999941e-02,7.856799999999999895e-02,-8.374399999999999900e-02,2.903040000000000065e-01,1.066010000000000013e-01,2.905409999999999937e-01,3.357840000000000269e-01,4.345550000000000246e-01,2.202989999999999948e-01,-3.429299999999999710e-02,-3.424800000000000066e-02,3.193819999999999992e-01,1.000000000000000000e+00,4.033740000000000103e-01,1.179550000000000043e-01,-8.912799999999999889e-02,7.081600000000000394e-02,8.640899999999999970e-02,2.295659999999999923e-01,2.640859999999999874e-01,2.883499999999999952e-02,5.474419999999999842e-01,-4.348300000000000082e-02,7.466000000000000414e-02,-3.226999999999999869e-01,1.137699999999999996e-02,-5.325900000000000079e-02,1.958070000000000088e-01,3.760839999999999739e-01,2.494349999999999901e-01,1.062030000000000057e-01,1.416159999999999919e-01,2.581979999999999831e-01,1.894500000000000073e-01,1.655339999999999867e-01,3.853460000000000218e-01,1.239520000000000066e-01,1.376920000000000088e-01,1.860090000000000077e-01,2.390549999999999897e-01,7.309999999999999658e-03,2.235509999999999997e-01,-1.212389999999999995e-01,4.239260000000000250e-01,2.244400000000000006e-01,1.843450000000000089e-01,9.053100000000000036e-02,5.103699999999999903e-02,2.511979999999999769e-01,2.116689999999999960e-01,1.929490000000000094e-01,4.397940000000000182e-01,2.618860000000000077e-01,1.195559999999999956e-01,1.832850000000000035e-01,-1.828140000000000043e-01,-5.180300000000000182e-02,2.248570000000000013e-01,1.314899999999999923e-02,1.854010000000000102e-01,1.176180000000000003e-01,6.867199999999999693e-02,1.422799999999999898e-01,8.065899999999999459e-02,1.118870000000000003e-01,-3.670419999999999794e-01,8.443599999999999717e-02,-7.133599999999999663e-02,1.202349999999999947e-01,-2.165009999999999990e-01,1.285389999999999866e-01,4.677999999999999867e-03
4.376090000000000257e-01,6.112549999999999928e-01,-5.530999999999999805e-02,3.852050000000000196e-01,-2.619700000000000153e-02,2.919619999999999993e-01,-1.913380000000000081e-01,-2.977130000000000054e-01,-9.764200000000000657e-02,2.877759999999999763e-01,-2.564359999999999973e-01,4.351499999999999813e-02,2.260340000000000127e-01,2.149820000000000064e-01,2.584359999999999991e-01,8.080190000000000428e-01,4.033740000000000103e-01,1.000000000000000000e+00,1.328449999999999909e-01,4.173729999999999940e-01,-1.934259999999999868e-01,3.046240000000000059e-01,-8.167900000000000160e-02,2.593499999999999972e-02,7.074730000000000185e-01,5.597140000000000448e-01,1.129330000000000056e-01,5.995840000000000058e-01,4.819609999999999728e-01,2.676760000000000250e-01,6.207470000000000487e-01,4.454690000000000039e-01,3.413959999999999773e-01,4.454580000000000206e-01,2.422759999999999914e-01,-4.240659999999999985e-01,-2.875429999999999930e-01,-3.900800000000000101e-02,6.591199999999999837e-02,-4.913999999999999965e-03,2.476359999999999950e-01,-4.409500000000000086e-01,-9.182400000000000284e-02,-3.183790000000000231e-01,4.613099999999999840e-02,1.380939999999999945e-01,1.268569999999999975e-01,-8.031499999999999750e-02,-4.006790000000000074e-01,-4.533190000000000275e-01,-3.355899999999999994e-01,-4.409420000000000006e-01,-4.852529999999999899e-01,-3.632719999999999838e-01,3.128650000000000042e-01,-1.991970000000000129e-01,-7.044000000000000261e-02,-3.784410000000000274e-01,-1.922689999999999955e-01,2.146919999999999940e-01,3.680490000000000150e-01,3.458249999999999935e-01,5.690699999999999648e-01,5.940200000000000341e-02,9.431499999999999606e-02,-3.427999999999999936e-01,2.599699999999999789e-01,-2.469290000000000096e-01,-2.423379999999999979e-01,3.994539999999999758e-01,2.604679999999999773e-01,-1.008050000000000057e-01,-3.173700000000000132e-02,-1.499200000000000012e-02,-1.019859999999999933e-01,2.993100000000000205e-01
2.812109999999999888e-01,3.070099999999999912e-02,6.759519999999999973e-01,-5.411900000000000044e-02,4.206059999999999799e-01,-1.231170000000000042e-01,2.036400000000000016e-02,-1.799870000000000081e-01,6.503879999999999661e-01,1.136380000000000029e-01,5.124999999999999556e-01,-3.097000000000000100e-02,-7.423899999999999944e-02,-9.125199999999999978e-02,2.666069999999999829e-01,2.671040000000000081e-01,1.179550000000000043e-01,1.328449999999999909e-01,1.000000000000000000e+00,4.824109999999999787e-01,2.253219999999999945e-01,5.903410000000000046e-01,-1.319470000000000087e-01,-1.191939999999999944e-01,2.910840000000000094e-01,2.269420000000000048e-01,3.852289999999999881e-01,4.143569999999999753e-01,2.851069999999999993e-01,5.964270000000000405e-01,3.494769999999999821e-01,2.436369999999999925e-01,3.538529999999999731e-01,4.441869999999999985e-01,7.378400000000000236e-02,4.259899999999999798e-02,1.374599999999999954e-02,1.780199999999999838e-02,3.146260000000000168e-01,2.790630000000000055e-01,4.255220000000000113e-01,9.051000000000000018e-03,2.600290000000000101e-01,1.526730000000000032e-01,5.140999999999999737e-03,3.249079999999999746e-01,1.229839999999999961e-01,5.940290000000000292e-01,-9.407999999999999696e-03,1.419110000000000094e-01,1.586220000000000130e-01,1.156620000000000009e-01,-6.414200000000000457e-02,3.514829999999999899e-01,1.962419999999999998e-01,3.124669999999999948e-01,-1.079169999999999990e-01,3.787299999999999695e-02,-2.308550000000000046e-01,4.087120000000000197e-01,4.765309999999999824e-01,1.442390000000000061e-01,2.799559999999999826e-01,8.495310000000000361e-01,6.342619999999999925e-01,2.354849999999999999e-01,6.739779999999999660e-01,-4.100700000000000178e-02,-1.325179999999999969e-01,7.103099999999999692e-02,2.194309999999999872e-01,4.814439999999999831e-01,5.422740000000000338e-01,4.609969999999999901e-01,5.502590000000000536e-01,5.228019999999999889e-01
5.242219999999999658e-01,2.903560000000000030e-01,2.944209999999999883e-01,3.848650000000000126e-01,1.625419999999999920e-01,1.485080000000000011e-01,-1.347099999999999964e-01,-2.375440000000000051e-01,2.816420000000000035e-01,6.108899999999999747e-02,-1.476599999999999961e-02,-4.376999999999999814e-03,-1.104020000000000001e-01,2.818740000000000134e-01,6.252029999999999532e-01,4.963929999999999731e-01,-8.912799999999999889e-02,4.173729999999999940e-01,4.824109999999999787e-01,1.000000000000000000e+00,1.256529999999999869e-01,7.492210000000000258e-01,4.250199999999999811e-02,5.447999999999999718e-03,5.287439999999999918e-01,3.852729999999999766e-01,4.945479999999999876e-01,5.751800000000000246e-01,5.508790000000000076e-01,6.323509999999999964e-01,6.766630000000000145e-01,4.245479999999999809e-01,7.911300000000000276e-02,2.959910000000000041e-01,1.405929999999999958e-01,-3.318780000000000063e-01,-4.338790000000000147e-01,-1.594740000000000046e-01,1.659680000000000044e-01,6.731800000000000284e-02,2.324569999999999970e-01,-2.690830000000000166e-01,1.247950000000000031e-01,-2.586180000000000145e-01,-1.146520000000000039e-01,3.129009999999999847e-01,2.025009999999999866e-01,1.519349999999999867e-01,-4.451330000000000009e-01,-2.836359999999999992e-01,-1.035360000000000030e-01,-2.776230000000000087e-01,-2.753650000000000264e-01,-5.394499999999999990e-02,1.856299999999999895e-01,-4.249200000000000199e-02,-1.515539999999999943e-01,-3.201069999999999749e-01,-2.588969999999999883e-01,6.462040000000000006e-01,4.309870000000000090e-01,2.477719999999999922e-01,4.691029999999999922e-01,4.416240000000000165e-01,6.446429999999999660e-01,-1.074600000000000034e-02,6.455469999999999819e-01,1.093900000000000081e-02,-1.390800000000000092e-01,4.077330000000000121e-01,4.450890000000000124e-01,3.193429999999999880e-01,2.490799999999999959e-01,2.683420000000000250e-01,2.537400000000000211e-01,5.569330000000000114e-01
