1.000000000000000000e+00,3.732349999999999834e-01,-8.501300000000000523e-02,-7.035800000000000387e-02,1.410309999999999897e-01,7.342899999999999427e-02,-1.119529999999999970e-01,3.323929999999999940e-01,2.555999999999999939e-02,5.605000000000000260e-02,1.051689999999999986e-01,1.434489999999999932e-01,-4.096199999999999841e-02,4.219500000000000334e-02,4.650250000000000217e-01,3.965299999999999936e-01,1.750829999999999886e-01,3.730550000000000255e-01,-3.013499999999999859e-02,1.950500000000000150e-02,4.059420000000000250e-01,2.555029999999999801e-01,2.301650000000000085e-01,3.177789999999999782e-01,5.831159999999999677e-01,5.013699999999999823e-01,7.925799999999999512e-02,1.087930000000000008e-01,-1.119750000000000051e-01,3.163980000000000126e-01,3.788679999999999826e-01,5.145750000000000046e-01,3.065399999999999792e-01,2.619929999999999759e-01,1.644609999999999961e-01,-8.236000000000000265e-03,-1.875100000000000100e-01,3.006269999999999776e-01,3.557489999999999819e-01,1.434020000000000017e-01,3.697570000000000023e-01,1.975540000000000074e-01,-9.853399999999999659e-02,-9.070499999999999396e-02,7.492600000000000648e-02,4.275740000000000096e-01,2.615489999999999760e-01,3.592700000000000060e-02,-2.187350000000000128e-01,-2.782259999999999733e-01,4.893499999999999933e-02,-2.994459999999999900e-01,1.891490000000000116e-01,-2.841029999999999944e-01,-8.212099999999999955e-02,4.908599999999999769e-02,8.601300000000000612e-02,-1.881230000000000124e-01,-9.531299999999999495e-02,2.539719999999999756e-01,3.491400000000000059e-02,-1.672810000000000130e-01,-3.174620000000000219e-01,-2.175509999999999944e-01,4.124499999999999694e-02,2.464059999999999861e-01,2.298449999999999938e-01,3.604899999999999771e-02,2.570120000000000182e-01,1.803700000000000025e-01,5.092039999999999900e-01,1.497779999999999945e-01,2.786299999999999888e-02,3.493600000000000178e-02,3.458339999999999748e-01,4.501800000000000246e-02
3.732349999999999834e-01,1.000000000000000000e+00,-4.787500000000000089e-01,5.970520000000000271e-01,1.718520000000000048e-01,-2.104640000000000122e-01,6.246700000000000169e-02,5.443930000000000158e-01,-4.532630000000000270e-01,1.283030000000000004e-01,2.334500000000000117e-02,4.418639999999999790e-01,-3.038259999999999850e-01,3.815250000000000030e-01,4.682080000000000131e-01,5.488699999999999690e-01,3.630780000000000118e-01,7.221929999999999739e-01,-4.959489999999999732e-01,3.572199999999999820e-01,4.149979999999999780e-01,7.646490000000000231e-01,1.347119999999999984e-01,4.911349999999999882e-01,7.151629999999999932e-01,8.061930000000000485e-01,-2.194089999999999929e-01,4.612649999999999806e-01,-1.835509999999999919e-01,3.704040000000000110e-01,3.234060000000000268e-01,1.965659999999999907e-01,5.009329999999999616e-01,6.524050000000000127e-01,6.099409999999999554e-01,7.694999999999999583e-03,-1.141100000000000031e-01,3.681900000000000173e-01,3.066909999999999914e-01,6.254300000000000415e-01,3.107110000000000150e-01,6.602529999999999788e-01,-4.257409999999999806e-01,-8.090999999999999234e-03,5.429929999999999479e-01,5.126169999999999893e-01,3.864969999999999795e-01,-1.119400000000000082e-02,-1.324929999999999997e-01,1.131110000000000032e-01,-5.165419999999999456e-01,-2.899999999999999800e-01,2.651640000000000108e-01,-3.578700000000000214e-01,5.444600000000000134e-02,3.168909999999999783e-01,4.516879999999999784e-01,-3.179270000000000151e-01,9.884300000000000030e-02,5.016739999999999533e-01,-2.079979999999999885e-01,-1.970040000000000124e-01,-4.661319999999999908e-01,-5.673270000000000257e-01,-1.170469999999999983e-01,3.617730000000000112e-01,8.143699999999999550e-02,-8.611299999999999510e-02,3.664729999999999932e-01,6.452600000000000002e-02,7.447629999999999528e-01,7.171500000000000097e-02,2.782020000000000048e-01,-4.527959999999999763e-01,1.373969999999999914e-01,-2.120479999999999865e-01
-8.501300000000000523e-02,-4.787500000000000089e-01,1.000000000000000000e+00,-4.073129999999999806e-01,-1.685820000000000096e-01,5.469410000000000105e-01,9.097600000000000131e-02,-2.117860000000000020e-01,8.053590000000000471e-01,-4.851699999999999763e-02,1.733669999999999933e-01,-1.131400000000000045e-01,5.129730000000000123e-01,-3.605200000000000071e-01,-1.699630000000000030e-01,-3.105399999999999827e-01,-1.208290000000000058e-01,-3.784339999999999926e-01,8.606679999999999886e-01,-2.685299999999999840e-02,-4.931599999999999873e-02,-3.108489999999999864e-01,2.170999999999999874e-01,-7.746699999999999420e-02,-2.475259999999999960e-01,-3.183880000000000043e-01,5.750119999999999676e-01,-4.816299999999999748e-02,4.049630000000000174e-01,-7.033599999999999575e-02,-1.026669999999999944e-01,-8.079600000000000670e-02,-1.871939999999999993e-01,-3.533450000000000202e-01,-4.498240000000000016e-01,-1.616350000000000009e-01,-1.987699999999999884e-02,-2.582260000000000111e-01,-2.807069999999999843e-01,-5.043100000000000360e-01,-4.548490000000000033e-01,-6.278540000000000232e-01,2.754869999999999819e-01,-9.161900000000000599e-02,-3.115499999999999936e-01,-2.685870000000000202e-01,-4.012970000000000148e-01,2.411880000000000135e-01,1.843999999999999936e-03,-2.627590000000000203e-01,6.774069999999999814e-01,3.333590000000000164e-01,-7.239299999999999902e-02,4.171389999999999820e-01,-9.954899999999999860e-02,-3.217490000000000072e-01,-3.156630000000000269e-01,4.717899999999999872e-01,-1.876569999999999905e-01,-2.942379999999999995e-01,1.950500000000000012e-01,2.006429999999999880e-01,3.832849999999999868e-01,7.430330000000000545e-01,-2.625600000000000156e-02,-1.555549999999999988e-01,-1.960790000000000033e-01,4.345939999999999803e-01,-8.831999999999999573e-02,-2.297499999999999890e-02,-3.845310000000000117e-01,7.346800000000000552e-02,-1.537550000000000028e-01,3.536030000000000006e-01,-3.195200000000000123e-02,8.265999999999999737e-02
-7.035800000000000387e-02,5.970520000000000271e-01,-4.073129999999999806e-01,1.000000000000000000e+00,3.942300000000000249e-01,-6.060600000000000015e-02,7.340000000000000691e-02,3.902579999999999938e-01,-2.389300000000000035e-01,-3.903199999999999725e-02,3.294420000000000126e-01,1.295999999999999930e-01,-5.946399999999999464e-01,6.087580000000000213e-01,3.481130000000000058e-01,5.301109999999999989e-01,-9.072900000000000409e-02,5.889950000000000463e-01,-4.035250000000000226e-01,-4.499199999999999727e-02,-1.519520000000000037e-01,6.562280000000000335e-01,1.974529999999999896e-01,5.259260000000000046e-01,2.948390000000000177e-01,3.066909999999999914e-01,-8.010399999999999465e-02,1.949200000000000099e-01,-1.955040000000000111e-01,2.513870000000000271e-01,2.731089999999999907e-01,-7.051100000000000423e-02,1.428500000000000048e-01,8.233420000000000183e-01,7.962939999999999463e-01,-4.837500000000000133e-02,1.887560000000000071e-01,1.139669999999999989e-01,2.848330000000000028e-01,3.092520000000000269e-01,4.572120000000000073e-01,7.012389999999999457e-01,-4.778669999999999862e-01,3.489320000000000199e-01,4.419150000000000023e-01,5.342350000000000154e-01,-9.341800000000000104e-02,3.230129999999999946e-01,-3.471629999999999994e-01,-5.779999999999999548e-04,-5.153560000000000363e-01,-4.036159999999999748e-01,-3.326899999999999996e-02,-4.811409999999999854e-01,-2.331459999999999921e-01,4.189990000000000103e-01,2.346040000000000070e-01,-3.088620000000000254e-01,-1.075070000000000053e-01,2.081330000000000124e-01,-7.256799999999999362e-02,-2.213970000000000105e-01,-1.004430000000000045e-01,-4.346670000000000256e-01,-2.695930000000000271e-01,-1.380619999999999903e-01,-2.037629999999999997e-01,-9.515099999999999947e-02,2.476740000000000053e-01,3.849099999999999744e-02,3.963510000000000089e-01,-2.706109999999999904e-01,2.998129999999999962e-01,-4.831409999999999871e-01,2.380799999999999930e-02,-3.220109999999999917e-01
1.410309999999999897e-01,1.718520000000000048e-01,-1.685820000000000096e-01,3.942300000000000249e-01,1.000000000000000000e+00,4.547999999999999959e-03,2.777500000000000108e-02,2.841350000000000264e-01,8.197300000000000419e-02,-3.986149999999999971e-01,5.870680000000000343e-01,-2.789380000000000193e-01,-2.952420000000000044e-01,6.249059999999999615e-01,2.774750000000000272e-01,5.687039999999999873e-01,-3.591050000000000075e-01,3.899529999999999941e-01,6.859800000000000619e-02,-3.405259999999999954e-01,-2.426810000000000078e-01,1.884160000000000001e-01,1.546059999999999934e-01,9.248399999999999677e-02,6.255299999999999749e-02,-1.005599999999999966e-01,1.439050000000000051e-01,-5.525599999999999956e-02,-2.325099999999999945e-01,3.787000000000000002e-03,4.572780000000000178e-01,3.232869999999999910e-01,-2.293489999999999973e-01,4.468139999999999890e-01,4.110659999999999870e-01,4.545230000000000103e-01,4.101639999999999731e-01,3.561199999999999782e-02,5.993089999999999806e-01,-9.815599999999999326e-02,3.911850000000000049e-01,2.766569999999999863e-01,3.404700000000000087e-02,5.332500000000000018e-01,-6.807599999999999763e-02,4.308310000000000195e-01,-2.773050000000000237e-01,4.748910000000000076e-01,-2.501610000000000222e-01,-1.325919999999999876e-01,-1.315900000000000125e-01,-2.878200000000000203e-01,-4.171600000000000308e-02,-4.479779999999999873e-01,-3.225689999999999946e-01,4.762649999999999939e-01,-2.617090000000000249e-01,-1.219159999999999966e-01,1.036220000000000058e-01,2.047970000000000068e-01,-1.629390000000000005e-01,-1.537139999999999895e-01,-1.012050000000000033e-01,-1.112999999999999962e-01,-1.535060000000000036e-01,-2.530149999999999899e-01,-1.630959999999999910e-01,-2.404280000000000028e-01,-1.697750000000000092e-01,-1.650810000000000055e-01,1.089709999999999984e-01,-3.544680000000000053e-01,1.104659999999999948e-01,-1.598930000000000073e-01,1.810970000000000080e-01,-7.693300000000000138e-02
7.342899999999999427e-02,-2.104640000000000122e-01,5.469410000000000105e-01,-6.060600000000000015e-02,4.547999999999999959e-03,1.000000000000000000e+00,-3.273679999999999923e-01,2.536499999999999866e-01,7.392619999999999747e-01,-2.145269999999999955e-01,4.530799999999999828e-01,-3.445030000000000037e-01,3.848999999999999991e-03,-1.259309999999999874e-01,1.781719999999999970e-01,1.012720000000000009e-01,-3.411410000000000275e-01,-1.489330000000000098e-01,5.923869999999999969e-01,5.147999999999999798e-03,-1.681739999999999902e-01,-1.210600000000000044e-02,6.647769999999999513e-01,7.549799999999999567e-02,-1.205299999999999983e-01,-2.308429999999999926e-01,7.693489999999999496e-01,-2.737209999999999921e-01,4.831369999999999831e-01,6.251400000000000012e-02,1.284150000000000014e-01,-1.417529999999999901e-01,-3.521110000000000073e-01,5.587600000000000205e-02,-3.806400000000000061e-02,-2.808169999999999833e-01,3.646599999999999842e-02,-3.544229999999999881e-01,-1.688500000000000070e-02,-4.470680000000000209e-01,-7.746799999999999520e-02,-2.192070000000000130e-01,-6.809800000000000575e-02,1.169179999999999942e-01,-4.646890000000000187e-01,1.743919999999999915e-01,-6.081400000000000139e-01,5.660929999999999573e-01,-5.616809999999999858e-01,-6.641249999999999654e-01,3.824770000000000114e-01,-3.770720000000000183e-01,-1.754830000000000001e-01,-3.244159999999999822e-01,-6.002509999999999790e-01,-1.853349999999999997e-01,-1.146770000000000012e-01,-1.084439999999999987e-01,-5.774569999999999981e-01,-1.755089999999999983e-01,2.210799999999999918e-02,-1.694799999999999918e-01,2.491669999999999996e-01,3.746490000000000098e-01,-6.376300000000000023e-02,-3.617130000000000067e-01,-2.990340000000000220e-01,4.731779999999999875e-01,-1.552530000000000021e-01,-1.073999999999999955e-01,-2.646839999999999749e-01,-8.217900000000000205e-02,-3.970350000000000268e-01,4.373300000000000104e-02,-1.089659999999999934e-01,-3.980819999999999914e-01
-1.119529999999999970e-01,6.246700000000000169e-02,9.097600000000000131e-02,7.340000000000000691e-02,2.777500000000000108e-02,-3.273679999999999923e-01,1.000000000000000000e+00,-1.229470000000000007e-01,-1.102640000000000009e-01,5.074819999999999887e-01,-1.736389999999999878e-01,5.323109999999999786e-01,5.638830000000000231e-01,1.455980000000000052e-01,-1.239600000000000077e-02,-8.273300000000000098e-02,4.470270000000000077e-01,1.690760000000000041e-01,9.154800000000000437e-02,2.613619999999999832e-01,1.970600000000000129e-01,1.949710000000000054e-01,-9.229700000000000404e-02,3.604939999999999811e-01,2.540359999999999840e-01,1.994559999999999944e-01,-1.798970000000000014e-01,6.619570000000000176e-01,1.934639999999999971e-01,4.383650000000000047e-01,9.694899999999999352e-02,3.601579999999999782e-01,5.162679999999999492e-01,6.974400000000000044e-02,1.015920000000000017e-01,-5.557299999999999740e-02,-1.878209999999999880e-01,5.218800000000000106e-01,-3.134489999999999776e-01,6.288599999999999746e-02,-2.024549999999999961e-01,1.752650000000000041e-01,1.290360000000000118e-01,1.650739999999999985e-01,3.832189999999999763e-01,-3.483260000000000245e-01,1.499989999999999934e-01,-7.173499999999999321e-02,4.806980000000000142e-01,4.395939999999999848e-01,-2.318299999999999875e-02,4.942219999999999946e-01,3.635660000000000003e-01,5.260359999999999481e-01,4.452559999999999851e-01,1.381840000000000013e-01,1.375770000000000048e-01,2.049199999999999910e-01,4.528530000000000055e-01,-1.172870000000000024e-01,5.043099999999999666e-02,3.214359999999999995e-01,-4.434099999999999847e-02,2.225620000000000098e-01,-2.571269999999999945e-01,2.230850000000000055e-01,-5.875099999999999767e-02,1.326980000000000104e-01,3.977829999999999977e-01,2.536550000000000193e-01,2.636200000000000002e-02,2.647639999999999993e-01,2.774849999999999817e-01,-1.290640000000000120e-01,-3.188999999999999994e-03,1.709870000000000001e-01
3.323929999999999940e-01,5.443930000000000158e-01,-2.117860000000000020e-01,3.902579999999999938e-01,2.841350000000000264e-01,2.536499999999999866e-01,-1.229470000000000007e-01,1.000000000000000000e+00,-1.617210000000000036e-01,-2.160299999999999998e-01,4.036210000000000075e-01,1.719999999999999862e-01,-2.373089999999999922e-01,5.121590000000000309e-01,4.703339999999999743e-01,5.941459999999999519e-01,-9.056699999999999473e-02,5.569579999999999531e-01,-8.486100000000000587e-02,1.548509999999999887e-01,3.249690000000000079e-01,4.415789999999999993e-01,6.751850000000000351e-01,3.886160000000000170e-01,3.099190000000000000e-01,3.755890000000000062e-01,1.110499999999999959e-01,1.762970000000000093e-01,-3.903700000000000225e-02,2.559449999999999781e-01,3.819100000000000272e-01,4.231829999999999758e-01,-2.268999999999999836e-02,5.364700000000000024e-01,4.771909999999999763e-01,1.603090000000000070e-01,6.380700000000000260e-02,1.183779999999999971e-01,4.550710000000000033e-01,1.904420000000000002e-01,4.871900000000000119e-01,4.708209999999999895e-01,-2.673530000000000073e-01,1.762690000000000090e-01,1.681719999999999882e-01,4.034769999999999746e-01,-5.030500000000000249e-02,4.174379999999999757e-01,-2.720469999999999833e-01,-4.149200000000000110e-02,-3.373669999999999725e-01,-4.564770000000000216e-01,5.639049999999999896e-01,-4.061560000000000170e-01,-2.825070000000000081e-01,4.906010000000000093e-01,2.752290000000000014e-01,-4.479609999999999981e-01,-7.136099999999999388e-02,2.107130000000000114e-01,-2.513699999999999823e-01,-1.502169999999999894e-01,-2.507150000000000212e-01,-2.153960000000000041e-01,-1.842100000000000126e-01,1.142190000000000011e-01,-1.437410000000000077e-01,3.480860000000000065e-01,2.078500000000000070e-01,-2.472799999999999998e-02,3.359980000000000189e-01,-2.663199999999999942e-02,-7.129399999999999626e-02,-4.525870000000000171e-01,1.801429999999999976e-01,-2.966389999999999860e-01
2.555999999999999939e-02,-4.532630000000000270e-01,8.053590000000000471e-01,-2.389300000000000035e-01,8.197300000000000419e-02,7.392619999999999747e-01,-1.102640000000000009e-01,-1.617210000000000036e-01,1.000000000000000000e+00,-1.954309999999999936e-01,3.928490000000000038e-01,-3.894310000000000271e-01,2.102340000000000042e-01,-2.805489999999999928e-01,-1.950999999999999956e-02,-9.313899999999999957e-02,-3.160229999999999984e-01,-2.993450000000000277e-01,8.139300000000000423e-01,-2.306209999999999927e-01,-2.879160000000000053e-01,-2.484240000000000059e-01,2.493720000000000103e-01,-6.871199999999999530e-02,-2.309549999999999936e-01,-3.980040000000000244e-01,6.742909999999999737e-01,-2.806790000000000118e-01,3.144529999999999825e-01,-6.895700000000000440e-02,1.549900000000000062e-02,-1.524480000000000002e-01,-3.401129999999999987e-01,-1.261859999999999926e-01,-1.963390000000000135e-01,-2.463470000000000104e-01,4.567500000000000032e-02,-3.106539999999999857e-01,-1.464799999999999991e-01,-5.675320000000000364e-01,-3.029999999999999916e-01,-4.702489999999999726e-01,1.237670000000000020e-01,3.081700000000000064e-02,-4.882199999999999873e-01,4.852599999999999969e-02,-5.992140000000000244e-01,4.319109999999999894e-01,-3.482649999999999912e-01,-5.830750000000000099e-01,6.348949999999999871e-01,2.405000000000000020e-03,-3.532129999999999992e-01,-2.073499999999999996e-02,-4.255950000000000011e-01,-3.129759999999999764e-01,-3.777679999999999927e-01,2.811699999999999755e-01,-4.163839999999999764e-01,-2.116419999999999968e-01,1.657470000000000054e-01,4.278599999999999764e-02,3.534800000000000164e-01,6.236310000000000464e-01,1.522199999999999942e-02,-3.870879999999999876e-01,-1.914649999999999963e-01,2.332539999999999891e-01,-2.162610000000000088e-01,-1.201160000000000005e-01,-3.610050000000000203e-01,-1.458639999999999937e-01,-2.535229999999999984e-01,3.641320000000000112e-01,-3.844899999999999707e-02,-1.239470000000000016e-01
5.605000000000000260e-02,1.283030000000000004e-01,-4.851699999999999763e-02,-3.903199999999999725e-02,-3.986149999999999971e-01,-2.145269999999999955e-01,5.074819999999999887e-01,-2.160299999999999998e-01,-1.954309999999999936e-01,1.000000000000000000e+00,-4.325069999999999748e-01,6.504550000000000054e-01,3.425869999999999749e-01,-2.395039999999999947e-01,-5.306099999999999706e-02,-3.737779999999999991e-01,7.771120000000000250e-01,-3.600600000000000328e-02,-1.776079999999999881e-01,3.328090000000000215e-01,3.010840000000000183e-01,7.473100000000000576e-02,-1.350369999999999904e-01,2.792950000000000155e-01,4.092259999999999787e-01,3.393900000000000250e-01,-2.354990000000000139e-01,4.248089999999999922e-01,2.264259999999999884e-01,3.270569999999999866e-01,-1.527779999999999971e-01,6.168300000000000172e-02,6.266159999999999508e-01,-2.326599999999999849e-02,6.870800000000000518e-02,-2.934149999999999814e-01,-3.210740000000000260e-01,3.807429999999999981e-01,-3.955460000000000087e-01,2.874510000000000121e-01,-2.873069999999999791e-01,1.883279999999999954e-01,-2.166099999999999970e-01,-2.909100000000000019e-01,4.260220000000000118e-01,-3.113670000000000049e-01,3.650660000000000016e-01,-3.004749999999999921e-01,2.333800000000000041e-01,2.192300000000000082e-01,4.046999999999999903e-02,2.132969999999999866e-01,1.843670000000000031e-01,3.912280000000000202e-01,5.364579999999999904e-01,-1.378939999999999888e-01,5.223210000000000353e-01,2.588000000000000023e-02,2.932000000000000144e-03,-1.519010000000000082e-01,4.261399999999999910e-02,-6.769999999999999976e-03,-1.452400000000000080e-01,-4.294100000000000000e-02,-2.228650000000000075e-01,2.960699999999999998e-01,-1.033700000000000070e-02,1.132760000000000017e-01,4.517430000000000057e-01,3.362600000000000033e-01,1.598600000000000021e-01,3.978809999999999847e-01,1.786510000000000042e-01,-5.563400000000000289e-02,-1.187099999999999961e-01,-2.456699999999999856e-02
1.051689999999999986e-01,2.334500000000000117e-02,1.733669999999999933e-01,3.294420000000000126e-01,5.870680000000000343e-01,4.530799999999999828e-01,-1.736389999999999878e-01,4.036210000000000075e-01,3.928490000000000038e-01,-4.325069999999999748e-01,1.000000000000000000e+00,-2.702800000000000202e-01,-3.190259999999999763e-01,5.473689999999999944e-01,2.386840000000000073e-01,4.519290000000000251e-01,-4.216920000000000113e-01,2.944649999999999768e-01,3.836950000000000083e-01,-2.717829999999999968e-01,-2.635299999999999865e-01,2.006269999999999998e-01,4.788229999999999986e-01,2.265439999999999954e-01,7.284499999999999309e-02,-8.313299999999999856e-02,4.713840000000000252e-01,-1.664180000000000104e-01,8.280500000000000360e-02,1.512200000000000003e-02,3.598239999999999772e-01,1.105020000000000030e-01,-3.625630000000000241e-01,4.209490000000000176e-01,3.124700000000000255e-01,9.559299999999999742e-02,1.947820000000000107e-01,-1.566299999999999915e-01,2.927310000000000190e-01,-2.773909999999999987e-01,3.396230000000000082e-01,1.584250000000000103e-01,-2.749300000000000008e-02,4.621799999999999797e-01,-2.097330000000000028e-01,4.191400000000000126e-01,-4.377780000000000005e-01,6.909049999999999914e-01,-4.174959999999999782e-01,-1.964120000000000033e-01,-7.296199999999999908e-02,-3.899380000000000068e-01,-6.146000000000000074e-02,-4.035199999999999898e-01,-5.006230000000000402e-01,5.875369999999999759e-01,-1.998910000000000131e-01,-1.452050000000000007e-01,-2.574830000000000174e-01,7.696300000000000363e-02,4.924100000000000005e-02,-1.190780000000000033e-01,1.825809999999999933e-01,1.924899999999999944e-01,-2.423440000000000039e-01,-2.799209999999999754e-01,-2.225880000000000081e-01,9.377199999999999425e-02,2.592999999999999819e-03,2.683500000000000121e-02,6.514899999999999858e-02,-2.903879999999999795e-01,-2.968900000000000011e-02,-1.585650000000000115e-01,1.489479999999999971e-01,-1.564450000000000007e-01
1.434489999999999932e-01,4.418639999999999790e-01,-1.131400000000000045e-01,1.295999999999999930e-01,-2.789380000000000193e-01,-3.445030000000000037e-01,5.323109999999999786e-01,1.719999999999999862e-01,-3.894310000000000271e-01,6.504550000000000054e-01,-2.702800000000000202e-01,1.000000000000000000e+00,2.722019999999999995e-01,7.219000000000000417e-02,1.451400000000000086e-02,-4.844799999999999801e-02,7.292769999999999531e-01,2.882700000000000262e-01,-2.425279999999999936e-01,4.403799999999999937e-01,4.208560000000000079e-01,3.637170000000000125e-01,-4.784000000000000058e-03,5.816550000000000331e-01,5.586780000000000079e-01,6.315269999999999495e-01,-3.104740000000000277e-01,6.367559999999999887e-01,5.557200000000000334e-02,4.214860000000000273e-01,-7.251999999999999766e-03,3.224110000000000031e-01,7.655830000000000135e-01,1.897870000000000112e-01,2.577019999999999866e-01,-1.808099999999999985e-01,-4.016819999999999835e-01,5.973309999999999453e-01,-2.089890000000000081e-01,4.682189999999999963e-01,-3.818400000000000266e-02,3.727750000000000230e-01,-6.721100000000000685e-02,-1.788810000000000122e-01,7.390900000000000247e-01,-2.496279999999999888e-01,3.669439999999999924e-01,-3.462089999999999890e-01,3.714839999999999809e-01,5.233729999999999771e-01,-2.569500000000000117e-01,3.114600000000000146e-01,4.199330000000000007e-01,3.916569999999999774e-01,6.004869999999999930e-01,1.533269999999999911e-01,5.409969999999999501e-01,3.009600000000000122e-02,3.440270000000000272e-01,5.339800000000000102e-02,1.330199999999999959e-02,1.573980000000000101e-01,-2.685759999999999814e-01,-1.588060000000000027e-01,-2.916259999999999963e-01,3.443419999999999814e-01,-3.914299999999999724e-02,8.145900000000000363e-02,7.011659999999999560e-01,2.699960000000000138e-01,4.044280000000000097e-01,2.687479999999999869e-01,3.389849999999999808e-01,-2.922819999999999863e-01,1.534400000000000000e-02,1.272050000000000125e-01
-4.096199999999999841e-02,-3.038259999999999850e-01,5.129730000000000123e-01,-5.946399999999999464e-01,-2.952420000000000044e-01,3.848999999999999991e-03,5.638830000000000231e-01,-2.373089999999999922e-01,2.102340000000000042e-01,3.425869999999999749e-01,-3.190259999999999763e-01,2.722019999999999995e-01,1.000000000000000000e+00,-2.667809999999999904e-01,-3.016739999999999977e-01,-3.086809999999999832e-01,3.710990000000000122e-01,-2.231839999999999935e-01,4.595360000000000000e-01,3.168750000000000178e-01,3.224609999999999976e-01,-2.865199999999999969e-01,-8.911199999999999677e-02,-6.223900000000000265e-02,1.818900000000000031e-02,-5.262100000000000111e-02,2.427299999999999944e-02,4.856599999999999806e-01,4.873830000000000107e-01,1.947419999999999984e-01,3.934900000000000203e-02,2.758990000000000054e-01,2.331860000000000044e-01,-5.157059999999999977e-01,-5.794470000000000454e-01,1.262209999999999999e-01,-1.168050000000000060e-01,1.868039999999999978e-01,-4.263620000000000188e-01,-1.627669999999999950e-01,-5.410679999999999934e-01,-4.570699999999999763e-01,3.794919999999999960e-01,-2.016799999999999982e-01,-2.394999999999999993e-03,-6.034279999999999644e-01,4.668699999999999933e-02,-2.660390000000000255e-01,5.539420000000000455e-01,2.834849999999999870e-01,3.522560000000000136e-01,6.542449999999999655e-01,2.994220000000000215e-01,7.314779999999999616e-01,3.896200000000000219e-01,-2.719579999999999775e-01,-1.004199999999999954e-01,3.903900000000000148e-01,3.445320000000000049e-01,-2.934700000000000086e-01,4.705600000000000060e-02,3.297530000000000183e-01,1.949800000000000144e-02,4.952280000000000015e-01,-1.216529999999999972e-01,2.172260000000000024e-01,-1.332810000000000106e-01,2.842270000000000074e-01,1.346239999999999937e-01,1.196460000000000024e-01,-2.625640000000000196e-01,2.909289999999999932e-01,-5.864000000000000289e-03,1.260070000000000079e-01,-5.852600000000000163e-02,2.629380000000000051e-01
4.219500000000000334e-02,3.815250000000000030e-01,-3.605200000000000071e-01,6.087580000000000213e-01,6.249059999999999615e-01,-1.259309999999999874e-01,1.455980000000000052e-01,5.121590000000000309e-01,-2.805489999999999928e-01,-2.395039999999999947e-01,5.473689999999999944e-01,7.219000000000000417e-02,-2.667809999999999904e-01,1.000000000000000000e+00,2.032329999999999970e-01,6.298930000000000362e-01,-1.888589999999999991e-01,5.567530000000000534e-01,-1.546569999999999889e-01,-6.560599999999999765e-02,-2.862699999999999967e-02,4.198970000000000202e-01,2.505979999999999874e-01,3.260230000000000072e-01,1.795380000000000031e-01,1.987309999999999910e-01,-7.863299999999999457e-02,2.713010000000000144e-01,-1.680220000000000047e-01,2.242659999999999931e-01,5.390700000000000491e-01,3.293240000000000056e-01,-1.347000000000000107e-03,5.262909999999999533e-01,4.819399999999999795e-01,4.944629999999999859e-01,2.170529999999999959e-01,2.753709999999999769e-01,3.428640000000000021e-01,1.260290000000000021e-01,4.360080000000000067e-01,5.220500000000000140e-01,6.035700000000000093e-02,5.216049999999999853e-01,2.025560000000000138e-01,2.946540000000000270e-01,-5.472300000000000081e-02,3.226829999999999976e-01,4.340999999999999720e-02,2.554029999999999911e-01,-5.767449999999999521e-01,-2.390490000000000115e-01,2.536340000000000261e-01,-3.316270000000000051e-01,-1.218920000000000003e-01,6.089259999999999673e-01,5.867399999999999699e-02,-3.789489999999999803e-01,3.092380000000000129e-01,1.726999999999999924e-01,-2.132529999999999981e-01,-7.292700000000000571e-02,-1.169209999999999972e-01,-2.410629999999999995e-01,-4.182600000000000207e-01,-4.320100000000000329e-02,-2.605100000000000193e-01,-9.274100000000000399e-02,2.133559999999999901e-01,-7.306600000000000594e-02,2.439459999999999962e-01,-3.126559999999999895e-01,9.006799999999999529e-02,-5.809320000000000039e-01,6.426400000000000168e-02,-8.274600000000000011e-02
4.650250000000000217e-01,4.682080000000000131e-01,-1.699630000000000030e-01,3.481130000000000058e-01,2.774750000000000272e-01,1.781719999999999970e-01,-1.239600000000000077e-02,4.703339999999999743e-01,-1.950999999999999956e-02,-5.306099999999999706e-02,2.386840000000000073e-01,1.451400000000000086e-02,-3.016739999999999977e-01,2.032329999999999970e-01,1.000000000000000000e+00,4.346140000000000003e-01,-2.407700000000000118e-02,3.670370000000000021e-01,-4.494000000000000078e-02,2.517490000000000006e-01,2.960110000000000241e-01,5.978409999999999558e-01,5.095840000000000369e-01,4.482349999999999945e-01,2.885949999999999904e-01,3.693199999999999816e-01,3.523180000000000200e-01,-6.928600000000000037e-02,-2.412100000000000008e-02,1.561120000000000008e-01,1.577749999999999986e-01,2.424099999999999866e-01,1.212870000000000059e-01,5.339580000000000437e-01,5.069700000000000317e-01,-1.475519999999999887e-01,-1.061800000000000070e-02,2.403039999999999898e-01,2.707769999999999899e-01,-6.883000000000000229e-02,4.055679999999999841e-01,4.420410000000000172e-01,-2.667950000000000044e-01,3.872900000000000231e-01,1.368899999999999978e-02,4.572629999999999750e-01,-1.624999999999999925e-03,5.041050000000000253e-01,-3.674229999999999996e-01,-3.285719999999999752e-01,-1.760940000000000005e-01,-4.421939999999999760e-01,1.488740000000000063e-01,-4.825929999999999942e-01,-2.865949999999999886e-01,2.961039999999999783e-01,1.221379999999999966e-01,-2.816969999999999752e-01,-2.070839999999999903e-01,5.142799999999999594e-01,-6.891000000000000424e-03,-2.368520000000000070e-01,-1.422970000000000068e-01,-1.535080000000000056e-01,1.936279999999999946e-01,1.273650000000000060e-01,2.916489999999999916e-01,2.014029999999999987e-01,8.355999999999999539e-02,7.797000000000000111e-03,3.862400000000000277e-01,2.223529999999999951e-01,9.549399999999999555e-02,-1.588569999999999982e-01,2.196289999999999909e-01,-2.189669999999999950e-01
3.965299999999999936e-01,5.488699999999999690e-01,-3.105399999999999827e-01,5.301109999999999989e-01,5.687039999999999873e-01,1.012720000000000009e-01,-8.273300000000000098e-02,5.941459999999999519e-01,-9.313899999999999957e-02,-3.737779999999999991e-01,4.519290000000000251e-01,-4.844799999999999801e-02,-3.086809999999999832e-01,6.298930000000000362e-01,4.346140000000000003e-01,1.000000000000000000e+00,-2.116939999999999933e-01,7.786499999999999533e-01,-1.299559999999999882e-01,1.109669999999999962e-01,9.398800000000000210e-02,6.187510000000000510e-01,3.336629999999999874e-01,4.478650000000000131e-01,4.429629999999999956e-01,3.577899999999999969e-01,1.856909999999999950e-01,1.947949999999999959e-01,-2.055900000000000089e-02,3.165129999999999888e-01,7.303530000000000300e-01,3.808869999999999756e-01,3.235699999999999688e-02,6.976679999999999549e-01,5.344950000000000534e-01,2.219250000000000111e-01,2.264730000000000076e-01,2.991340000000000110e-01,5.996780000000000443e-01,2.501240000000000130e-01,5.213400000000000256e-01,5.462010000000000476e-01,-1.420889999999999931e-01,4.585949999999999749e-01,1.968650000000000122e-01,6.841850000000000431e-01,-1.114910000000000068e-01,2.832689999999999930e-01,-2.684309999999999752e-01,-1.257709999999999939e-01,-3.650700000000000056e-01,-3.661710000000000242e-01,9.877800000000000469e-02,-5.668009999999999993e-01,-3.921169999999999933e-01,3.808889999999999776e-01,-6.422400000000000331e-02,-3.368729999999999780e-01,9.344099999999999628e-02,4.752449999999999730e-01,-1.642089999999999939e-01,-9.986200000000000632e-02,-2.815420000000000145e-01,-3.604359999999999786e-01,-1.409009999999999985e-01,4.417599999999999999e-02,-9.807100000000000539e-02,-8.675299999999999678e-02,1.815299999999999969e-01,-6.328999999999999904e-02,4.606819999999999804e-01,-2.435170000000000112e-01,1.489679999999999893e-01,-3.128330000000000277e-01,2.122209999999999930e-01,-2.106040000000000134e-01
1.750829999999999886e-01,3.630780000000000118e-01,-1.208290000000000058e-01,-9.072900000000000409e-02,-3.591050000000000075e-01,-3.411410000000000275e-01,4.470270000000000077e-01,-9.056699999999999473e-02,-3.160229999999999984e-01,7.771120000000000250e-01,-4.216920000000000113e-01,7.292769999999999531e-01,3.710990000000000122e-01,-1.888589999999999991e-01,-2.407700000000000118e-02,-2.116939999999999933e-01,1.000000000000000000e+00,1.861889999999999934e-01,-2.368399999999999950e-01,4.607930000000000081e-01,4.754709999999999770e-01,1.501669999999999949e-01,-2.391840000000000077e-01,2.445080000000000031e-01,6.032589999999999897e-01,5.286199999999999788e-01,-3.455030000000000046e-01,6.109310000000000018e-01,1.592409999999999937e-01,3.904610000000000025e-01,2.582399999999999973e-02,2.028020000000000100e-01,7.578529999999999989e-01,-9.272999999999999993e-03,5.401799999999999657e-02,-2.040939999999999976e-01,-3.712320000000000064e-01,4.287329999999999752e-01,-2.692950000000000066e-01,5.233579999999999899e-01,-2.670710000000000028e-01,2.116270000000000095e-01,-2.049370000000000080e-01,-4.517120000000000024e-01,5.204790000000000250e-01,-2.771919999999999940e-01,4.769809999999999883e-01,-4.246110000000000162e-01,2.521570000000000200e-01,3.561219999999999941e-01,-1.210460000000000008e-01,2.477979999999999905e-01,2.741330000000000156e-01,4.158899999999999819e-01,6.007719999999999727e-01,-6.694000000000000297e-03,4.762279999999999847e-01,2.118499999999999897e-02,1.537370000000000125e-01,-7.379199999999999648e-02,2.429500000000000062e-02,3.950300000000000339e-02,-3.416540000000000132e-01,-1.178749999999999937e-01,-2.047350000000000003e-01,4.183040000000000092e-01,5.060900000000000121e-02,-3.793900000000000050e-02,4.875189999999999801e-01,3.314400000000000124e-01,3.096650000000000236e-01,4.402079999999999882e-01,2.073709999999999998e-01,-1.707789999999999864e-01,6.370999999999999927e-03,7.933600000000000374e-02
3.730550000000000255e-01,7.221929999999999739e-01,-3.784339999999999926e-01,5.889950000000000463e-01,3.899529999999999941e-01,-1.489330000000000098e-01,1.690760000000000041e-01,5.569579999999999531e-01,-2.993450000000000277e-01,-3.600600000000000328e-02,2.944649999999999768e-01,2.882700000000000262e-01,-2.231839999999999935e-01,5.567530000000000534e-01,3.670370000000000021e-01,7.786499999999999533e-01,1.861889999999999934e-01,1.000000000000000000e+00,-2.737339999999999773e-01,2.346330000000000082e-01,3.509970000000000034e-01,6.471350000000000158e-01,2.109199999999999964e-01,5.473630000000000440e-01,6.489249999999999741e-01,5.826820000000000332e-01,-4.811499999999999805e-02,4.477149999999999741e-01,-9.346999999999999406e-03,3.382459999999999911e-01,6.208749999999999547e-01,4.013990000000000058e-01,2.576109999999999789e-01,7.214850000000000430e-01,5.720460000000000544e-01,1.711030000000000051e-01,1.000930000000000014e-01,3.810779999999999723e-01,4.269140000000000157e-01,4.588949999999999974e-01,4.151409999999999823e-01,6.511529999999999818e-01,-3.673199999999999799e-01,2.263400000000000134e-01,5.023079999999999767e-01,5.504219999999999668e-01,2.119969999999999910e-01,1.624109999999999998e-01,-7.649699999999999556e-02,1.689380000000000048e-01,-4.233129999999999948e-01,-2.130670000000000064e-01,3.386310000000000153e-01,-2.753450000000000064e-01,-2.082399999999999876e-02,4.929990000000000205e-01,2.325409999999999977e-01,-2.682979999999999809e-01,1.044709999999999944e-01,4.377159999999999940e-01,-1.046009999999999995e-01,-6.538599999999999968e-02,-2.892330000000000179e-01,-3.776289999999999925e-01,-2.524540000000000117e-01,3.294759999999999911e-01,-4.832600000000000090e-02,-4.626199999999999757e-02,4.589739999999999931e-01,2.300059999999999882e-01,6.001549999999999940e-01,-1.380900000000000009e-02,3.368639999999999968e-01,-3.678609999999999935e-01,2.817709999999999937e-01,-1.189360000000000001e-01
-3.013499999999999859e-02,-4.959489999999999732e-01,8.606679999999999886e-01,-4.035250000000000226e-01,6.859800000000000619e-02,5.923869999999999969e-01,9.154800000000000437e-02,-8.486100000000000587e-02,8.139300000000000423e-01,-1.776079999999999881e-01,3.836950000000000083e-01,-2.425279999999999936e-01,4.595360000000000000e-01,-1.546569999999999889e-01,-4.494000000000000078e-02,-1.299559999999999882e-01,-2.368399999999999950e-01,-2.737339999999999773e-01,1.000000000000000000e+00,-4.547699999999999659e-02,-7.325800000000000367e-02,-2.866810000000000191e-01,3.428519999999999901e-01,-7.660999999999999754e-02,-2.607400000000000273e-01,-3.507250000000000090e-01,6.684250000000000469e-01,-1.290830000000000033e-01,3.843829999999999747e-01,-9.235599999999999365e-02,6.705700000000000549e-02,7.204399999999999693e-02,-3.265890000000000182e-01,-2.540999999999999925e-01,-3.892970000000000041e-01,6.788999999999999896e-03,3.767899999999999722e-02,-2.014650000000000052e-01,-1.223769999999999997e-01,-5.935359999999999525e-01,-3.263579999999999814e-01,-5.541139999999999954e-01,4.094519999999999826e-01,1.594969999999999999e-01,-4.552329999999999988e-01,-1.457600000000000007e-01,-4.417070000000000163e-01,4.710059999999999802e-01,-2.832600000000000048e-02,-2.996750000000000247e-01,6.258340000000000014e-01,2.239460000000000062e-01,-7.452000000000000290e-03,2.714750000000000218e-01,-2.175880000000000036e-01,-1.400560000000000138e-01,-3.050120000000000053e-01,3.773779999999999912e-01,-1.271970000000000045e-01,-1.931370000000000031e-01,1.586380000000000012e-01,1.914800000000000113e-01,3.983369999999999966e-01,8.626570000000000071e-01,-1.400999999999999902e-03,-1.646140000000000103e-01,-1.390959999999999974e-01,4.301760000000000028e-01,-1.062970000000000026e-01,-2.395100000000000007e-02,-3.617130000000000067e-01,5.537700000000000261e-02,-1.952770000000000061e-01,3.331500000000000017e-01,4.809900000000000286e-02,8.431500000000000106e-02
1.950500000000000150e-02,3.572199999999999820e-01,-2.685299999999999840e-02,-4.499199999999999727e-02,-3.405259999999999954e-01,5.147999999999999798e-03,2.613619999999999832e-01,1.548509999999999887e-01,-2.306209999999999927e-01,3.328090000000000215e-01,-2.717829999999999968e-01,4.403799999999999937e-01,3.168750000000000178e-01,-6.560599999999999765e-02,2.517490000000000006e-01,1.109669999999999962e-01,4.607930000000000081e-01,2.346330000000000082e-01,-4.547699999999999659e-02,1.000000000000000000e+00,6.414689999999999559e-01,5.179430000000000422e-01,1.825819999999999943e-01,1.807330000000000048e-01,3.138469999999999871e-01,3.753009999999999957e-01,2.300879999999999870e-01,4.414000000000000146e-01,5.784289999999999710e-01,3.064609999999999834e-01,2.402509999999999923e-01,1.468049999999999911e-01,3.905129999999999990e-01,3.992300000000000015e-02,1.853600000000000039e-02,-9.261999999999999400e-02,-2.017490000000000117e-01,3.369219999999999993e-01,-1.773389999999999966e-01,3.424329999999999874e-01,-3.007170000000000121e-01,1.498720000000000052e-01,3.346999999999999975e-02,-5.565400000000000208e-02,2.497810000000000030e-01,-1.298360000000000070e-01,2.847970000000000224e-01,-1.458909999999999929e-01,2.997079999999999744e-01,2.185549999999999993e-01,-9.866600000000000370e-02,2.464639999999999886e-01,3.471460000000000101e-01,2.338919999999999888e-01,3.087039999999999784e-01,-6.773999999999999466e-02,3.178139999999999854e-01,-4.944999999999999743e-03,2.282329999999999914e-01,4.107589999999999852e-01,-5.283399999999999902e-02,7.686400000000000177e-02,-1.645659999999999901e-01,-1.458800000000000027e-02,6.135399999999999882e-02,6.200059999999999460e-01,1.067379999999999995e-01,3.575329999999999897e-01,3.108750000000000124e-01,4.285400000000000320e-02,1.658979999999999899e-01,5.598950000000000315e-01,1.226750000000000063e-01,-7.831100000000000561e-02,1.738699999999999968e-02,3.336499999999999883e-02
