1.000000000000000000e+00,2.077800000000000133e-02,1.791919999999999902e-01,8.241199999999999914e-02,2.342199999999999838e-02,-1.698359999999999870e-01,1.108930000000000055e-01,-1.882989999999999942e-01,6.198900000000000243e-02,3.832900000000000196e-02,-2.626200000000000062e-02,-1.358560000000000045e-01,5.660500000000000254e-02,-1.342400000000000017e-02,4.811500000000000221e-01,5.626949999999999452e-01,3.429209999999999758e-01,4.484110000000000040e-01,9.181999999999999190e-03,2.328069999999999862e-01,6.825989999999999558e-01,2.328260000000000052e-01,5.302599999999999675e-02,7.083200000000000607e-02,2.195370000000000099e-01,5.301899999999999669e-02,1.791550000000000087e-01,2.321350000000000080e-01,3.977379999999999804e-01,2.199250000000000094e-01,6.193260000000000431e-01,1.963870000000000060e-01,1.585699999999999887e-01,4.364199999999999746e-01,-6.308099999999999818e-02,1.541829999999999867e-01,-4.049799999999999928e-02,-1.915299999999999989e-02,5.513799999999999951e-02,-1.307780000000000054e-01,3.949010000000000020e-01,-3.578999999999999959e-01,-2.341700000000000031e-02,-1.446220000000000006e-01,-2.193920000000000037e-01,8.089119999999999644e-01,-3.483699999999999991e-02,1.999479999999999869e-01,-2.019900000000000029e-01,-8.007999999999999841e-02,-1.985460000000000003e-01,-6.733999999999999708e-02,-2.248950000000000116e-01,2.076199999999999921e-02,-3.530809999999999782e-01,-2.698199999999999904e-02,-2.452120000000000133e-01,-1.798699999999999952e-02,-1.183939999999999992e-01,2.723970000000000002e-01,4.200920000000000210e-01,3.238329999999999820e-01,3.386540000000000106e-01,-1.583749999999999880e-01,-2.726459999999999995e-01,5.223560000000000425e-01,1.349990000000000079e-01,1.136700000000000037e-02,-8.143000000000000238e-02,-4.431399999999999922e-02,-9.045200000000000462e-02,1.026259999999999950e-01,1.690240000000000076e-01,1.972599999999999909e-01,2.106280000000000097e-01,5.446459999999999635e-01
2.077800000000000133e-02,1.000000000000000000e+00,-1.936209999999999876e-01,-2.589230000000000143e-01,-1.465879999999999961e-01,6.774609999999999799e-01,1.465100000000000083e-02,1.197710000000000025e-01,-2.302309999999999912e-01,2.427809999999999968e-01,-1.761479999999999990e-01,-1.865500000000000144e-02,1.634369999999999989e-01,1.980799999999999922e-02,-1.244760000000000033e-01,2.186720000000000053e-01,7.479000000000000405e-03,3.321729999999999960e-01,-9.363200000000000689e-02,1.758750000000000036e-01,1.123790000000000067e-01,3.624930000000000097e-01,4.591109999999999913e-01,-2.006910000000000083e-01,8.368510000000000115e-01,6.695560000000000400e-01,2.843129999999999824e-01,-9.346100000000000241e-02,4.262460000000000138e-01,4.407929999999999904e-01,4.177899999999999670e-02,3.618009999999999837e-01,2.735790000000000166e-01,-1.260599999999999915e-02,4.580900000000000249e-02,-2.310540000000000094e-01,-9.917800000000000227e-02,-2.780050000000000021e-01,1.692869999999999930e-01,2.488259999999999916e-01,-1.029840000000000061e-01,-5.423200000000000243e-02,-3.313369999999999926e-01,-2.787999999999999853e-02,-3.197670000000000234e-01,-6.406100000000000683e-02,6.458159999999999457e-01,-8.834300000000000486e-02,3.369500000000000273e-02,-1.472640000000000060e-01,4.118100000000000094e-01,-1.041529999999999956e-01,8.235599999999999865e-02,-3.047270000000000256e-01,8.413400000000000045e-02,-5.654499999999999804e-02,-3.606840000000000046e-01,7.991700000000000192e-02,-6.604799999999999560e-02,-2.529480000000000062e-01,3.572299999999999781e-02,5.174399999999999833e-02,6.049600000000000116e-02,1.054120000000000057e-01,2.206450000000000078e-01,9.511999999999999622e-02,1.833230000000000137e-01,2.544330000000000203e-01,-4.897429999999999839e-01,6.757370000000000321e-01,3.986339999999999884e-01,2.583260000000000001e-01,-2.535029999999999784e-01,2.532280000000000086e-01,2.744079999999999853e-01,4.310400000000000342e-02
1.791919999999999902e-01,-1.936209999999999876e-01,1.000000000000000000e+00,3.071369999999999933e-01,4.054320000000000146e-01,-1.274750000000000050e-01,2.953549999999999787e-01,-1.504290000000000072e-01,5.130120000000000235e-01,-4.773600000000000065e-02,5.950010000000000021e-01,-1.789800000000000071e-02,1.301229999999999887e-01,1.275899999999999951e-02,3.754089999999999927e-01,6.634099999999999719e-02,8.527600000000000458e-02,1.741330000000000100e-01,2.932509999999999839e-01,4.942349999999999799e-01,2.280880000000000130e-01,3.336830000000000074e-01,1.157890000000000030e-01,-3.053799999999999917e-02,-2.631999999999999791e-03,-2.673360000000000181e-01,2.872259999999999813e-01,4.086569999999999925e-01,1.949940000000000007e-01,3.057790000000000230e-01,4.124439999999999773e-01,-4.233250000000000068e-01,1.456499999999999982e-02,-9.669300000000000117e-02,-2.908439999999999914e-01,2.692740000000000133e-01,3.011220000000000008e-01,5.021099999999999869e-02,-3.591039999999999788e-01,-1.605759999999999965e-01,-1.208919999999999995e-01,-2.261499999999999899e-01,6.301700000000000357e-02,2.184909999999999908e-01,-1.585840000000000027e-01,3.044439999999999924e-01,-1.937780000000000058e-01,8.662290000000000267e-01,-1.211899999999999956e-02,3.377080000000000082e-01,-8.428199999999999581e-02,7.473000000000000476e-02,-2.546400000000000052e-02,5.137829999999999897e-01,-1.739290000000000003e-01,6.864339999999999886e-01,-1.278380000000000072e-01,2.276859999999999995e-01,4.991700000000000303e-02,1.103110000000000063e-01,2.483190000000000119e-01,2.396079999999999877e-01,3.320899999999999963e-01,-1.741799999999999946e-02,2.134790000000000021e-01,2.731990000000000252e-01,2.508639999999999759e-01,2.949950000000000072e-01,-1.414769999999999917e-01,9.006100000000000216e-02,-9.751100000000000045e-02,3.471569999999999934e-01,4.982199999999999962e-01,1.825920000000000043e-01,4.166560000000000263e-01,4.293730000000000047e-01
8.241199999999999914e-02,-2.589230000000000143e-01,3.071369999999999933e-01,1.000000000000000000e+00,7.060030000000000472e-01,-1.945979999999999932e-01,6.669399999999999773e-01,-1.075750000000000040e-01,6.303100000000000369e-01,2.551599999999999979e-01,4.343870000000000231e-01,2.603219999999999978e-01,4.705690000000000150e-01,2.665859999999999896e-01,-4.533600000000000130e-02,-8.957500000000000184e-02,2.530740000000000212e-01,2.918870000000000076e-01,1.854369999999999907e-01,1.212909999999999960e-01,-4.559799999999999964e-02,-2.829699999999999924e-02,-3.476449999999999818e-01,2.093450000000000033e-01,-2.045629999999999948e-01,-1.644359999999999988e-01,-1.057960000000000012e-01,6.258089999999999486e-01,-1.000420000000000059e-01,2.435980000000000090e-01,3.604749999999999899e-01,-3.052420000000000133e-01,-2.787689999999999890e-01,-4.322100000000000247e-02,-1.953999999999999904e-01,4.408520000000000216e-01,6.684219999999999606e-01,3.518100000000000116e-01,-4.287659999999999805e-01,-3.343380000000000241e-01,-3.065800000000000122e-02,-1.152579999999999993e-01,4.701569999999999916e-01,6.507859999999999756e-01,9.445099999999999330e-02,6.867299999999999793e-02,-4.165139999999999953e-01,2.470229999999999926e-01,6.118200000000000305e-01,6.281759999999999566e-01,-2.432020000000000015e-01,4.949479999999999991e-01,-1.855950000000000100e-01,6.329900000000000526e-01,1.802140000000000131e-01,2.834920000000000218e-01,2.154810000000000059e-01,2.738180000000000058e-01,1.818249999999999866e-01,-1.873060000000000003e-01,-1.735599999999999990e-02,3.172630000000000172e-01,2.299519999999999897e-01,-8.637699999999999545e-02,-7.732100000000000084e-02,-1.278009999999999979e-01,-1.994559999999999944e-01,-2.305439999999999989e-01,1.238059999999999994e-01,-2.596609999999999752e-01,-2.056900000000000117e-01,-1.551639999999999964e-01,6.234889999999999599e-01,-1.158539999999999986e-01,3.195259999999999767e-01,4.343859999999999943e-01
2.342199999999999838e-02,-1.465879999999999961e-01,4.054320000000000146e-01,7.060030000000000472e-01,1.000000000000000000e+00,-8.951000000000000623e-02,8.380520000000000191e-01,-2.657120000000000037e-01,7.956600000000000339e-01,3.796350000000000002e-01,5.692760000000000042e-01,3.029890000000000083e-01,2.558719999999999883e-01,3.587040000000000228e-01,-6.154599999999999654e-02,-8.609799999999999398e-02,2.111449999999999994e-01,2.206430000000000058e-01,1.906990000000000074e-01,7.221400000000000041e-02,-7.472199999999999676e-02,2.012480000000000102e-01,-3.083150000000000057e-01,1.129959999999999992e-01,-2.237099999999999853e-02,-1.245350000000000068e-01,-6.312800000000000356e-02,4.867190000000000127e-01,1.053879999999999956e-01,2.305699999999999972e-01,2.338469999999999993e-01,-2.028250000000000053e-01,-2.999999999999999737e-04,-9.476500000000000201e-02,-1.097970000000000057e-01,1.818680000000000019e-01,5.513829999999999565e-01,3.670579999999999954e-01,-3.840089999999999892e-01,-1.988669999999999882e-01,-3.578800000000000037e-02,1.691989999999999883e-01,1.692470000000000085e-01,4.115650000000000142e-01,1.168430000000000024e-01,9.265700000000000325e-02,-3.647889999999999744e-01,3.085410000000000097e-01,4.916260000000000074e-01,7.564359999999999973e-01,-1.784479999999999955e-01,5.569509999999999739e-01,-1.757539999999999936e-01,7.127660000000000107e-01,2.523929999999999785e-01,4.305970000000000075e-01,6.966400000000000370e-02,1.750950000000000006e-01,8.857299999999999895e-02,-3.915480000000000071e-01,6.944899999999999685e-02,3.129430000000000267e-01,1.797920000000000074e-01,-8.716000000000000136e-02,-6.090799999999999687e-02,-7.612999999999999975e-03,4.154000000000000054e-02,-1.687269999999999881e-01,-9.902299999999999991e-02,-2.065230000000000121e-01,-1.659360000000000002e-01,-4.833500000000000296e-02,4.522689999999999766e-01,-4.035600000000000298e-02,2.564199999999999813e-01,3.085399999999999809e-01
-1.698359999999999870e-01,6.774609999999999799e-01,-1.274750000000000050e-01,-1.945979999999999932e-01,-8.951000000000000623e-02,1.000000000000000000e+00,1.109100000000000016e-02,6.174770000000000536e-01,2.648899999999999866e-02,4.492100000000000259e-02,2.781600000000000045e-02,2.165640000000000065e-01,4.137100000000000222e-01,3.378149999999999764e-01,-8.636299999999999533e-02,-2.826930000000000276e-01,-1.153819999999999985e-01,-9.392100000000000448e-02,1.245180000000000037e-01,1.032150000000000012e-01,-3.509899999999999826e-02,-6.746000000000000607e-02,6.668389999999999596e-01,1.512270000000000003e-01,4.233219999999999761e-01,6.295950000000000157e-01,9.892299999999999705e-02,8.396800000000000097e-02,4.528800000000000187e-02,4.957449999999999912e-01,-1.836909999999999932e-01,2.882640000000000202e-01,2.260189999999999977e-01,5.615799999999999959e-02,-2.019500000000000114e-02,1.138080000000000064e-01,1.589399999999999841e-02,-2.273759999999999948e-01,1.927010000000000112e-01,9.876400000000000456e-02,-7.232199999999999740e-02,-2.794820000000000082e-01,1.288199999999999901e-01,2.497600000000000167e-02,-4.483790000000000275e-01,-2.224879999999999913e-01,5.434409999999999519e-01,2.878400000000000056e-02,6.487999999999999844e-03,-1.219329999999999997e-01,6.610080000000000400e-01,-2.168039999999999967e-01,6.286350000000000549e-01,-6.085999999999999743e-02,-1.103819999999999940e-01,1.376709999999999878e-01,-8.074599999999999833e-02,3.747559999999999780e-01,2.540410000000000168e-01,-1.650320000000000120e-01,-4.658550000000000191e-01,-1.979899999999999993e-01,-2.904880000000000240e-01,2.404300000000000048e-01,7.736800000000000621e-02,-6.391700000000000159e-02,-1.671549999999999980e-01,5.931189999999999518e-01,-1.485980000000000079e-01,3.739850000000000119e-01,5.541319999999999579e-01,1.225310000000000010e-01,-7.645499999999999519e-02,-1.809429999999999927e-01,2.876830000000000220e-01,-1.755940000000000001e-01
1.108930000000000055e-01,1.465100000000000083e-02,2.953549999999999787e-01,6.669399999999999773e-01,8.380520000000000191e-01,1.109100000000000016e-02,1.000000000000000000e+00,-3.278619999999999868e-01,6.906309999999999949e-01,3.865080000000000182e-01,4.015190000000000148e-01,2.135789999999999911e-01,3.158889999999999754e-01,3.063359999999999972e-01,-9.966300000000000159e-02,7.065200000000000646e-02,1.887330000000000119e-01,3.423829999999999929e-01,6.891500000000000403e-02,1.283829999999999971e-01,-1.463000000000000064e-02,2.632539999999999880e-01,-3.092039999999999789e-01,5.948599999999999721e-02,1.453099999999999947e-01,-6.329100000000000004e-02,9.987999999999999656e-02,4.685739999999999905e-01,3.042880000000000029e-01,2.674219999999999930e-01,3.466600000000000237e-01,-1.186210000000000042e-01,1.547300000000000064e-02,-7.977700000000000069e-02,-2.187530000000000030e-01,1.507969999999999866e-01,5.385929999999999884e-01,3.287840000000000207e-01,-3.508200000000000207e-01,-8.511599999999999722e-02,-1.711999999999999980e-02,1.031299999999999994e-01,1.379650000000000043e-01,5.079179999999999806e-01,1.016529999999999934e-01,1.019100000000000006e-01,-2.278999999999999915e-01,1.647579999999999878e-01,6.163819999999999855e-01,7.298369999999999580e-01,-7.571400000000000352e-02,7.083549999999999569e-01,-2.574159999999999782e-01,6.236779999999999546e-01,3.047540000000000249e-01,2.436530000000000085e-01,6.729999999999999871e-03,2.057340000000000002e-01,6.561100000000000265e-02,-4.569500000000000228e-01,1.582349999999999868e-01,2.807930000000000148e-01,1.940310000000000090e-01,-9.283900000000000485e-02,-1.203629999999999978e-01,1.216000000000000067e-03,-6.220400000000000235e-02,-2.142340000000000078e-01,-1.791490000000000027e-01,-8.872700000000000031e-02,-1.970570000000000099e-01,6.274399999999999422e-02,4.021170000000000022e-01,1.327109999999999956e-01,1.975349999999999884e-01,3.883699999999999930e-01
-1.882989999999999942e-01,1.197710000000000025e-01,-1.504290000000000072e-01,-1.075750000000000040e-01,-2.657120000000000037e-01,6.174770000000000536e-01,-3.278619999999999868e-01,1.000000000000000000e+00,-1.086299999999999939e-02,-9.801799999999999402e-02,8.899100000000000066e-02,4.783330000000000082e-01,4.507249999999999868e-01,1.434759999999999924e-01,-4.292200000000000182e-02,-5.831490000000000284e-01,8.940000000000000464e-04,-3.235669999999999935e-01,2.405909999999999993e-01,-2.050499999999999892e-02,-5.066000000000000190e-03,-4.373360000000000025e-01,5.383630000000000360e-01,6.412860000000000227e-01,-1.865920000000000079e-01,5.005680000000000129e-01,-3.400719999999999854e-01,1.730329999999999924e-01,-5.355379999999999585e-01,2.561599999999999988e-01,-2.754570000000000074e-01,8.079699999999999382e-02,5.339200000000000196e-02,9.013400000000000578e-02,-9.775699999999999668e-02,4.276840000000000086e-01,1.263450000000000129e-01,2.067000000000000087e-02,1.726320000000000077e-01,-6.300799999999999457e-02,5.272899999999999809e-02,-4.221779999999999977e-01,4.407570000000000099e-01,5.510000000000000314e-02,-2.778639999999999999e-01,-2.259120000000000017e-01,3.462599999999999706e-02,7.190499999999999670e-02,-1.118350000000000039e-01,-3.119149999999999978e-01,2.637450000000000072e-01,-5.476590000000000069e-01,8.785859999999999781e-01,-3.029199999999999948e-02,-2.168039999999999967e-01,1.479860000000000064e-01,4.139820000000000166e-01,3.484800000000000120e-01,1.930369999999999864e-01,9.514699999999999547e-02,-7.641139999999999599e-01,-2.357200000000000129e-01,-4.176340000000000052e-01,3.494889999999999941e-01,-3.258699999999999791e-02,-1.796369999999999911e-01,-3.601980000000000182e-01,5.452360000000000539e-01,4.493579999999999797e-01,-1.392190000000000094e-01,5.460760000000000058e-01,-3.316939999999999888e-01,1.198769999999999974e-01,-6.497899999999999787e-01,1.672349999999999948e-01,-2.710310000000000219e-01
6.198900000000000243e-02,-2.302309999999999912e-01,5.130120000000000235e-01,6.303100000000000369e-01,7.956600000000000339e-01,2.648899999999999866e-02,6.906309999999999949e-01,-1.086299999999999939e-02,1.000000000000000000e+00,2.242389999999999939e-01,7.328000000000000069e-01,3.159000000000000141e-01,4.080409999999999870e-01,3.075990000000000113e-01,7.783199999999999841e-02,-2.125489999999999879e-01,2.192089999999999872e-01,1.246970000000000023e-01,3.919790000000000219e-01,1.166670000000000068e-01,-9.957499999999999685e-02,6.934200000000000086e-02,-2.051620000000000110e-01,2.283560000000000034e-01,-1.622780000000000056e-01,-1.056190000000000045e-01,-4.021199999999999775e-02,5.677799999999999514e-01,-5.941199999999999953e-02,2.961159999999999903e-01,1.951340000000000019e-01,-3.168309999999999738e-01,-4.162300000000000028e-02,-3.061699999999999838e-02,-1.593009999999999982e-01,3.331609999999999849e-01,4.954939999999999900e-01,3.049640000000000128e-01,-4.039170000000000260e-01,-3.243699999999999917e-01,-2.446600000000000164e-02,-1.403129999999999933e-01,3.514519999999999866e-01,4.107819999999999805e-01,-3.842600000000000182e-02,5.660099999999999854e-02,-3.805660000000000154e-01,4.479400000000000048e-01,4.064019999999999855e-01,6.120470000000000077e-01,-1.107899999999999996e-01,3.791379999999999750e-01,7.822000000000000827e-03,9.268610000000000460e-01,-2.507300000000000154e-02,6.061229999999999674e-01,1.190760000000000013e-01,3.443740000000000134e-01,1.790660000000000029e-01,-2.418260000000000132e-01,-9.447500000000000342e-02,2.149459999999999982e-01,8.158799999999999386e-02,9.560499999999999554e-02,-1.566110000000000002e-01,-1.020910000000000012e-01,-1.449930000000000108e-01,-3.386600000000000027e-02,-1.301999999999999989e-03,-3.098779999999999868e-01,-1.087209999999999982e-01,-4.758199999999999930e-02,5.375699999999999923e-01,-1.916509999999999880e-01,3.259960000000000080e-01,2.709880000000000067e-01
3.832900000000000196e-02,2.427809999999999968e-01,-4.773600000000000065e-02,2.551599999999999979e-01,3.796350000000000002e-01,4.492100000000000259e-02,3.865080000000000182e-01,-9.801799999999999402e-02,2.242389999999999939e-01,1.000000000000000000e+00,1.266480000000000106e-01,5.967529999999999779e-01,3.144129999999999980e-01,-4.766100000000000197e-02,-9.253599999999999326e-02,2.031110000000000138e-01,7.054719999999999880e-01,5.918240000000000167e-01,6.667800000000000116e-02,1.397710000000000063e-01,6.079299999999999982e-02,4.682029999999999803e-01,-1.567800000000000027e-01,1.781020000000000103e-01,2.754349999999999854e-01,3.762769999999999726e-01,-1.123139999999999972e-01,3.693259999999999876e-01,1.706409999999999871e-01,2.083440000000000014e-01,2.365639999999999965e-01,1.195250000000000062e-01,1.693300000000000013e-02,-1.206630000000000064e-01,-1.077390000000000014e-01,-7.114499999999999991e-02,4.039349999999999885e-01,5.457030000000000491e-01,-1.041500000000000065e-01,7.718800000000000661e-02,-1.002899999999999972e-02,1.680659999999999932e-01,-1.659150000000000069e-01,3.715390000000000081e-01,3.734310000000000129e-01,1.251960000000000017e-01,-1.529300000000000104e-01,4.191899999999999793e-02,5.487149999999999528e-01,3.781039999999999957e-01,3.504499999999999976e-02,3.062349999999999794e-01,-1.015350000000000003e-01,1.403109999999999913e-01,6.427509999999999613e-01,6.539799999999999780e-02,3.798210000000000197e-01,1.939710000000000045e-01,-1.754370000000000096e-01,-2.949899999999999745e-01,9.585100000000000564e-02,6.886529999999999596e-01,3.667009999999999992e-01,1.386350000000000082e-01,2.328300000000000092e-01,8.831700000000000661e-02,1.840950000000000086e-01,-1.056890000000000052e-01,-1.998499999999999929e-02,5.743499999999999994e-02,2.614540000000000197e-01,-1.988129999999999897e-01,3.388959999999999750e-01,7.390800000000000147e-02,2.348770000000000024e-01,3.031730000000000258e-01
-2.626200000000000062e-02,-1.761479999999999990e-01,5.950010000000000021e-01,4.343870000000000231e-01,5.692760000000000042e-01,2.781600000000000045e-02,4.015190000000000148e-01,8.899100000000000066e-02,7.328000000000000069e-01,1.266480000000000106e-01,1.000000000000000000e+00,2.371890000000000109e-01,2.931190000000000184e-01,9.824800000000000200e-02,3.037569999999999992e-01,-2.778900000000000259e-01,1.389370000000000049e-01,-1.085200000000000053e-02,6.285899999999999821e-01,2.876779999999999893e-01,-4.143000000000000155e-02,1.421650000000000136e-01,1.356399999999999967e-02,2.442239999999999966e-01,-1.264510000000000078e-01,-2.560799999999999882e-02,9.462999999999999190e-03,4.460410000000000208e-01,-1.285620000000000096e-01,2.635620000000000185e-01,8.965499999999999858e-02,-3.590340000000000198e-01,-1.006029999999999980e-01,-1.223339999999999983e-01,-1.531869999999999898e-01,2.565890000000000115e-01,3.536270000000000246e-01,2.412739999999999885e-01,-3.148119999999999807e-01,-3.908960000000000212e-01,-9.392300000000000648e-02,-1.382009999999999905e-01,1.841109999999999969e-01,3.015840000000000187e-01,-1.113760000000000028e-01,9.544600000000000306e-02,-2.363069999999999893e-01,6.328789999999999694e-01,1.825519999999999921e-01,3.991560000000000108e-01,-6.310899999999999843e-02,6.379600000000000548e-02,1.687909999999999966e-01,6.505199999999999871e-01,1.039600000000000073e-02,7.811489999999999823e-01,1.392970000000000041e-01,2.757379999999999831e-01,7.188899999999999457e-02,-1.359600000000000045e-02,-9.719300000000000161e-02,1.958409999999999873e-01,9.230199999999999516e-02,3.023150000000000004e-01,7.903100000000000402e-02,2.865499999999999992e-02,8.347499999999999365e-02,2.008359999999999868e-01,1.182480000000000059e-01,-8.507399999999999685e-02,9.673299999999999954e-02,2.278600000000000070e-02,4.436840000000000228e-01,-1.768790000000000084e-01,2.945559999999999845e-01,2.100730000000000097e-01
-1.358560000000000045e-01,-1.865500000000000144e-02,-1.789800000000000071e-02,2.603219999999999978e-01,3.029890000000000083e-01,2.165640000000000065e-01,2.135789999999999911e-01,4.783330000000000082e-01,3.159000000000000141e-01,5.967529999999999779e-01,2.371890000000000109e-01,1.000000000000000000e+00,4.827380000000000004e-01,1.201900000000000052e-01,-1.675729999999999997e-01,-3.463769999999999905e-01,5.478560000000000096e-01,1.641269999999999951e-01,1.580479999999999940e-01,9.816500000000000226e-02,-6.975000000000000644e-02,7.302999999999999770e-02,-1.142699999999999966e-02,7.429339999999999833e-01,-1.249439999999999995e-01,4.856659999999999866e-01,-4.541830000000000034e-01,5.108599999999999808e-01,-3.203500000000000236e-01,3.370230000000000170e-01,-1.269999999999999948e-02,4.058799999999999908e-02,1.157890000000000030e-01,-9.300400000000000333e-02,-1.206630000000000064e-01,3.393300000000000205e-01,5.507360000000000033e-01,6.466399999999999926e-01,-8.727600000000000635e-02,6.199199999999999849e-02,1.068130000000000052e-01,-1.163600000000000051e-02,2.576570000000000249e-01,4.599329999999999807e-01,2.920059999999999878e-01,-6.898200000000000165e-02,-3.760839999999999739e-01,1.233899999999999997e-01,3.873960000000000181e-01,2.098760000000000070e-01,3.337000000000000122e-03,-1.333600000000000063e-02,4.445609999999999840e-01,2.511809999999999876e-01,4.007459999999999911e-01,2.288499999999999979e-01,7.729190000000000227e-01,3.106180000000000052e-01,-4.248400000000000093e-02,-2.685390000000000277e-01,-4.356149999999999745e-01,3.615149999999999753e-01,-5.519799999999999707e-02,2.585020000000000095e-01,2.181130000000000013e-01,-4.148899999999999810e-02,-8.599600000000000299e-02,1.047919999999999963e-01,3.659540000000000015e-01,-3.282999999999999807e-01,4.309859999999999802e-01,-4.657549999999999746e-01,4.889959999999999862e-01,-4.414810000000000123e-01,3.834440000000000071e-01,8.192900000000000182e-02
5.660500000000000254e-02,1.634369999999999989e-01,1.301229999999999887e-01,4.705690000000000150e-01,2.558719999999999883e-01,4.137100000000000222e-01,3.158889999999999754e-01,4.507249999999999868e-01,4.080409999999999870e-01,3.144129999999999980e-01,2.931190000000000184e-01,4.827380000000000004e-01,1.000000000000000000e+00,8.557599999999999929e-02,1.072789999999999994e-01,-1.279629999999999934e-01,4.716119999999999757e-01,3.795819999999999750e-01,2.759119999999999906e-01,3.097849999999999770e-01,1.146469999999999989e-01,-1.001719999999999972e-01,1.693479999999999985e-01,3.786959999999999771e-01,-1.474000000000000050e-03,3.968880000000000186e-01,-3.589300000000000129e-02,7.657680000000000042e-01,-1.021579999999999988e-01,4.976249999999999840e-01,3.279429999999999845e-01,-2.515900000000000081e-02,-1.221899999999999931e-01,1.216139999999999999e-01,-3.857099999999999973e-01,6.531249999999999556e-01,5.635529999999999706e-01,2.300590000000000135e-01,-9.721100000000000574e-02,-2.343719999999999970e-01,5.784399999999999958e-02,-5.611589999999999634e-01,5.632470000000000532e-01,4.700199999999999934e-01,-2.654929999999999790e-01,-2.653600000000000056e-02,-6.757100000000000606e-02,3.260049999999999892e-01,3.341890000000000138e-01,3.082199999999999940e-01,2.661169999999999924e-01,1.573209999999999886e-01,3.167960000000000220e-01,4.032160000000000188e-01,5.016400000000000026e-02,2.716129999999999933e-01,3.163969999999999838e-01,7.545870000000000077e-01,1.762720000000000120e-01,7.707200000000000162e-02,-3.183949999999999836e-01,4.259339999999999793e-01,2.975619999999999932e-01,1.558440000000000103e-01,4.139000000000000318e-03,-4.126400000000000207e-02,-3.536039999999999739e-01,2.424850000000000061e-01,1.071679999999999994e-01,-2.555400000000000033e-02,4.104030000000000178e-01,-1.953249999999999986e-01,6.802859999999999463e-01,-2.784619999999999873e-01,4.833609999999999851e-01,3.350369999999999737e-01
-1.342400000000000017e-02,1.980799999999999922e-02,1.275899999999999951e-02,2.665859999999999896e-01,3.587040000000000228e-01,3.378149999999999764e-01,3.063359999999999972e-01,1.434759999999999924e-01,3.075990000000000113e-01,-4.766100000000000197e-02,9.824800000000000200e-02,1.201900000000000052e-01,8.557599999999999929e-02,1.000000000000000000e+00,-1.761079999999999868e-01,-1.734380000000000088e-01,-9.044599999999999862e-02,-7.610300000000000398e-02,1.356320000000000026e-01,-4.858500000000000318e-02,-8.184700000000000308e-02,-7.937299999999999911e-02,6.749199999999999644e-02,1.248080000000000023e-01,9.369999999999999857e-03,1.432199999999999966e-02,9.785000000000000295e-03,1.843559999999999921e-01,-8.999200000000000255e-02,3.909779999999999922e-01,-2.058499999999999913e-02,2.534680000000000266e-01,2.161770000000000080e-01,1.627270000000000105e-01,8.548699999999999355e-02,3.354730000000000212e-01,2.536979999999999791e-01,-8.086400000000000532e-02,9.441800000000000193e-02,9.274100000000000399e-02,8.049399999999999611e-02,4.180500000000000188e-02,3.584809999999999941e-01,2.128740000000000077e-01,-1.891510000000000136e-01,2.115200000000000066e-02,-5.603000000000000341e-03,-8.683499999999999552e-02,2.609560000000000213e-01,2.909700000000000064e-01,1.498980000000000035e-01,1.271950000000000025e-01,2.393039999999999889e-01,1.861220000000000097e-01,-5.187499999999999750e-02,2.207659999999999900e-01,-1.166439999999999977e-01,-4.055299999999999877e-02,6.394570000000000531e-01,-3.024470000000000214e-01,-2.704039999999999777e-01,-2.335099999999999953e-01,-3.199190000000000089e-01,4.120800000000000157e-02,-3.400799999999999657e-02,-1.401149999999999896e-01,-7.504099999999999659e-02,1.118040000000000006e-01,-1.000950000000000034e-01,-1.642399999999999971e-01,-1.466800000000000048e-02,4.585299999999999793e-02,5.452400000000000302e-02,-1.596079999999999999e-01,2.741100000000000203e-01,1.581600000000000020e-02
4.811500000000000221e-01,-1.244760000000000033e-01,3.754089999999999927e-01,-4.533600000000000130e-02,-6.154599999999999654e-02,-8.636299999999999533e-02,-9.966300000000000159e-02,-4.292200000000000182e-02,7.783199999999999841e-02,-9.253599999999999326e-02,3.037569999999999992e-01,-1.675729999999999997e-01,1.072789999999999994e-01,-1.761079999999999868e-01,1.000000000000000000e+00,3.275000000000000133e-01,1.817830000000000001e-01,1.138600000000000029e-01,2.604799999999999893e-01,5.178129999999999677e-01,5.361010000000000497e-01,1.982649999999999968e-01,1.536359999999999948e-01,-2.265899999999999859e-02,-1.123220000000000052e-01,-1.062580000000000052e-01,3.508809999999999985e-01,2.554649999999999976e-01,2.677720000000000100e-01,1.194449999999999956e-01,4.457929999999999948e-01,-8.971899999999999320e-02,-1.910949999999999871e-01,3.421660000000000257e-01,-2.274229999999999863e-01,2.018810000000000049e-01,-1.724799999999999944e-01,-1.674360000000000015e-01,-6.153399999999999842e-02,-5.109879999999999978e-01,1.591130000000000044e-01,-4.340490000000000181e-01,5.791199999999999820e-02,-1.676499999999999935e-01,-3.659259999999999735e-01,4.478119999999999878e-01,9.094099999999999406e-02,4.422229999999999772e-01,-3.824790000000000134e-01,-1.204680000000000056e-01,4.710000000000000298e-02,-2.694030000000000036e-01,-9.846000000000000585e-02,2.172599999999999879e-02,-4.621739999999999737e-01,2.456540000000000112e-01,-1.170619999999999994e-01,1.853130000000000055e-01,1.264799999999999952e-02,7.613450000000000495e-01,3.189319999999999933e-01,2.845099999999999851e-01,2.972369999999999735e-01,-1.116919999999999996e-01,1.236699999999999952e-02,4.869729999999999892e-01,2.783729999999999816e-01,2.113609999999999933e-01,7.352499999999999314e-02,-3.287000000000000338e-02,-1.129100000000000069e-02,3.296819999999999751e-01,2.681230000000000002e-01,1.564099999999999935e-01,2.005000000000000115e-01,4.126739999999999853e-01
5.626949999999999452e-01,2.186720000000000053e-01,6.634099999999999719e-02,-8.957500000000000184e-02,-8.609799999999999398e-02,-2.826930000000000276e-01,7.065200000000000646e-02,-5.831490000000000284e-01,-2.125489999999999879e-01,2.031110000000000138e-01,-2.778900000000000259e-01,-3.463769999999999905e-01,-1.279629999999999934e-01,-1.734380000000000088e-01,3.275000000000000133e-01,1.000000000000000000e+00,3.019680000000000142e-01,6.726720000000000477e-01,-1.470829999999999915e-01,2.679980000000000140e-01,5.036159999999999526e-01,5.456389999999999851e-01,-7.220500000000000529e-02,-4.927460000000000173e-01,4.325410000000000088e-01,-1.371350000000000069e-01,4.885349999999999970e-01,1.885999999999999829e-02,7.208750000000000435e-01,1.054549999999999932e-01,5.928630000000000289e-01,2.401469999999999994e-01,2.453299999999999925e-02,2.855710000000000193e-01,-1.902399999999999924e-02,-1.758520000000000083e-01,-1.702490000000000114e-01,-6.755600000000000493e-02,8.401799999999999546e-02,3.962000000000000244e-02,2.062130000000000074e-01,3.395000000000000014e-03,-3.564450000000000118e-01,-1.149799999999999989e-01,4.207999999999999935e-02,4.636790000000000078e-01,1.887570000000000081e-01,4.141000000000000236e-02,-5.904899999999999732e-02,2.438999999999999849e-02,-1.125400000000000011e-01,2.103649999999999964e-01,-5.864209999999999701e-01,-2.480779999999999930e-01,-5.482299999999999673e-02,-2.043220000000000036e-01,-3.982129999999999836e-01,-1.514199999999999990e-01,-1.539000000000000090e-01,1.675590000000000135e-01,7.555030000000000356e-01,4.144019999999999926e-01,5.569460000000000521e-01,-1.887939999999999896e-01,1.034700000000000029e-02,4.240129999999999733e-01,3.548890000000000100e-01,-1.840380000000000071e-01,-4.475569999999999826e-01,2.600930000000000186e-01,-2.619279999999999942e-01,3.751459999999999795e-01,-4.660799999999999665e-02,6.518150000000000333e-01,1.424410000000000120e-01,4.930539999999999923e-01
3.429209999999999758e-01,7.479000000000000405e-03,8.527600000000000458e-02,2.530740000000000212e-01,2.111449999999999994e-01,-1.153819999999999985e-01,1.887330000000000119e-01,8.940000000000000464e-04,2.192089999999999872e-01,7.054719999999999880e-01,1.389370000000000049e-01,5.478560000000000096e-01,4.716119999999999757e-01,-9.044599999999999862e-02,1.817830000000000001e-01,3.019680000000000142e-01,1.000000000000000000e+00,7.127369999999999539e-01,2.285260000000000069e-01,3.494889999999999941e-01,2.242000000000000104e-01,3.963479999999999781e-01,-1.619430000000000036e-01,3.288269999999999804e-01,9.934800000000000575e-02,3.971060000000000145e-01,-4.759700000000000042e-02,6.065270000000000383e-01,6.544999999999999603e-03,2.592039999999999900e-01,3.523660000000000125e-01,6.477499999999999925e-02,6.763500000000000068e-02,9.803399999999999614e-02,-1.592959999999999932e-01,2.969040000000000012e-01,3.780780000000000252e-01,4.421140000000000070e-01,-1.193789999999999990e-01,1.209900000000000038e-02,1.577969999999999928e-01,-1.648540000000000005e-01,7.983200000000000018e-02,2.884929999999999994e-01,8.610299999999999898e-02,3.021019999999999817e-01,-3.248730000000000229e-01,2.140340000000000020e-01,2.603280000000000038e-01,2.411699999999999955e-01,-1.521599999999999897e-01,1.011039999999999994e-01,-9.870299999999999907e-02,1.685379999999999934e-01,2.852459999999999996e-01,1.289929999999999966e-01,3.376410000000000244e-01,2.127799999999999969e-01,-1.417930000000000024e-01,-4.003500000000000114e-02,4.166000000000000258e-02,7.732569999999999721e-01,5.069360000000000532e-01,1.736830000000000040e-01,2.399679999999999869e-01,1.327490000000000059e-01,2.186170000000000058e-01,-1.327409999999999979e-01,9.603999999999999690e-03,-1.664509999999999879e-01,2.443579999999999919e-01,-1.692629999999999968e-01,5.213100000000000511e-01,-3.851099999999999662e-02,4.008889999999999953e-01,4.223089999999999899e-01
4.484110000000000040e-01,3.321729999999999960e-01,1.741330000000000100e-01,2.918870000000000076e-01,2.206430000000000058e-01,-9.392100000000000448e-02,3.423829999999999929e-01,-3.235669999999999935e-01,1.246970000000000023e-01,5.918240000000000167e-01,-1.085200000000000053e-02,1.641269999999999951e-01,3.795819999999999750e-01,-7.610300000000000398e-02,1.138600000000000029e-01,6.726720000000000477e-01,7.127369999999999539e-01,1.000000000000000000e+00,5.770999999999999741e-02,3.773360000000000047e-01,3.679669999999999885e-01,5.458570000000000366e-01,-1.141680000000000056e-01,-1.075600000000000028e-01,4.981410000000000005e-01,2.716210000000000013e-01,2.585669999999999913e-01,4.795260000000000078e-01,4.373540000000000205e-01,4.081980000000000053e-01,6.061830000000000274e-01,1.655929999999999902e-01,1.443109999999999948e-01,1.383290000000000075e-01,-2.314700000000000091e-01,1.752090000000000036e-01,3.482660000000000200e-01,2.418470000000000064e-01,-8.156700000000000061e-02,1.471189999999999998e-01,1.373129999999999906e-01,-1.007969999999999977e-01,-6.365600000000000425e-02,3.283019999999999827e-01,-7.405000000000000124e-03,3.806629999999999736e-01,-5.666000000000000203e-02,2.230570000000000053e-01,3.049939999999999873e-01,2.827520000000000033e-01,-1.225620000000000043e-01,3.046039999999999859e-01,-4.037490000000000245e-01,8.814199999999999813e-02,2.753689999999999749e-01,5.435000000000000248e-02,-9.477499999999999813e-02,1.711989999999999901e-01,-1.598070000000000046e-01,-1.019120000000000026e-01,4.237529999999999908e-01,7.510270000000000001e-01,7.305249999999999799e-01,-6.079000000000000202e-03,1.989750000000000130e-01,2.787979999999999903e-01,2.334739999999999871e-01,-1.569460000000000022e-01,-4.032510000000000261e-01,2.323870000000000102e-01,6.034599999999999687e-02,1.040139999999999953e-01,3.744790000000000063e-01,3.226990000000000136e-01,4.700880000000000059e-01,6.129189999999999916e-01
9.181999999999999190e-03,-9.363200000000000689e-02,2.932509999999999839e-01,1.854369999999999907e-01,1.906990000000000074e-01,1.245180000000000037e-01,6.891500000000000403e-02,2.405909999999999993e-01,3.919790000000000219e-01,6.667800000000000116e-02,6.285899999999999821e-01,1.580479999999999940e-01,2.759119999999999906e-01,1.356320000000000026e-01,2.604799999999999893e-01,-1.470829999999999915e-01,2.285260000000000069e-01,5.770999999999999741e-02,1.000000000000000000e+00,2.420140000000000069e-01,8.541999999999999593e-02,9.133700000000000152e-02,1.817459999999999909e-01,2.712450000000000139e-01,-8.539199999999999569e-02,1.470019999999999938e-01,-1.350000000000000071e-03,4.008519999999999861e-01,-2.170839999999999992e-01,3.591230000000000255e-01,3.623099999999999932e-02,-1.044209999999999999e-01,-1.355600000000000034e-02,5.552399999999999697e-02,-5.823899999999999910e-02,2.607189999999999785e-01,1.841049999999999909e-01,1.051910000000000067e-01,-2.167200000000000029e-02,-1.757869999999999988e-01,-2.762900000000000078e-02,-1.965790000000000037e-01,1.607609999999999872e-01,2.163889999999999980e-01,-1.785690000000000055e-01,2.186140000000000028e-01,-1.215090000000000059e-01,4.048249999999999904e-01,5.587400000000000005e-02,1.014449999999999935e-01,2.732000000000000053e-03,-1.510479999999999878e-01,2.516829999999999901e-01,2.952980000000000049e-01,-1.276500000000000030e-02,4.746279999999999943e-01,7.782200000000000228e-02,6.764199999999999380e-02,1.080969999999999986e-01,4.603399999999999853e-02,-1.094569999999999987e-01,1.601349999999999996e-01,9.435999999999999943e-02,7.531440000000000357e-01,8.682800000000000240e-02,-6.660000000000000338e-04,1.334720000000000073e-01,2.395670000000000022e-01,2.015619999999999912e-01,-1.610299999999999926e-02,2.948620000000000130e-01,-7.679500000000000215e-02,2.808689999999999798e-01,-1.790160000000000085e-01,3.714430000000000232e-01,1.923239999999999950e-01
2.328069999999999862e-01,1.758750000000000036e-01,4.942349999999999799e-01,1.212909999999999960e-01,7.221400000000000041e-02,1.032150000000000012e-01,1.283829999999999971e-01,-2.050499999999999892e-02,1.166670000000000068e-01,1.397710000000000063e-01,2.876779999999999893e-01,9.816500000000000226e-02,3.097849999999999770e-01,-4.858500000000000318e-02,5.178129999999999677e-01,2.679980000000000140e-01,3.494889999999999941e-01,3.773360000000000047e-01,2.420140000000000069e-01,1.000000000000000000e+00,3.323829999999999840e-01,6.053920000000000412e-01,1.717930000000000013e-01,4.809900000000000286e-02,2.396490000000000009e-01,2.130120000000000069e-01,5.896460000000000035e-01,5.104980000000000073e-01,3.955690000000000039e-01,5.035619999999999541e-01,4.871980000000000199e-01,-1.457839999999999969e-01,-7.170300000000000284e-02,8.866999999999999882e-03,-3.399309999999999832e-01,3.238019999999999787e-01,2.313449999999999951e-01,-1.979600000000000110e-02,-2.436109999999999942e-01,-1.196160000000000001e-01,-7.009799999999999365e-02,-3.773059999999999747e-01,4.672500000000000264e-02,2.475819999999999965e-01,-2.784030000000000116e-01,2.365609999999999935e-01,9.449699999999999767e-02,5.749490000000000434e-01,-4.405000000000000061e-03,1.187180000000000041e-01,1.379029999999999978e-01,-4.433700000000000141e-02,-6.126999999999999807e-02,6.310499999999999443e-02,-9.937400000000000400e-02,3.617279999999999940e-01,-5.772000000000000221e-03,2.320180000000000020e-01,1.411399999999999981e-02,2.692030000000000256e-01,2.228340000000000043e-01,4.205510000000000081e-01,3.469459999999999766e-01,3.048199999999999868e-02,5.456630000000000091e-01,3.663029999999999897e-01,4.128530000000000255e-01,2.133269999999999889e-01,-1.536629999999999940e-01,2.145739999999999870e-01,1.789149999999999907e-01,5.554559999999999498e-01,4.885869999999999935e-01,4.039340000000000153e-01,5.627950000000000452e-01,5.238629999999999676e-01
