1.000000000000000000e+00,3.900330000000000186e-01,-1.993510000000000004e-01,-6.558060000000000000e-01,-7.137820000000000276e-01,5.549500000000000266e-02,-5.829410000000000425e-01,1.319579999999999920e-01,-5.678889999999999771e-01,-5.427859999999999907e-01,-3.362490000000000201e-01,-8.329400000000000692e-02,-6.664700000000000069e-01,-6.203030000000000488e-01,5.812460000000000404e-01,3.842999999999999750e-01,-1.625749999999999973e-01,2.101069999999999882e-01,9.828699999999999937e-02,-4.227230000000000154e-01,4.562299999999999689e-02,3.017710000000000115e-01,2.971539999999999737e-01,2.006100000000000105e-01,2.663360000000000172e-01,6.413330000000000419e-01,-1.200760000000000022e-01,-5.929769999999999763e-01,1.596799999999999956e-02,4.724579999999999891e-01,1.568509999999999904e-01,5.925519999999999676e-01,-2.885030000000000094e-01,-1.182600000000000040e-01,-1.492999999999999883e-01,-4.248029999999999862e-01,-4.239439999999999875e-01,-5.587480000000000224e-01,2.921869999999999745e-01,-1.670320000000000138e-01,-3.071700000000000125e-02,-7.417380000000000084e-01,-4.955780000000000185e-01,-6.797530000000000516e-01,-5.469519999999999937e-01,4.912509999999999932e-01,1.837600000000000067e-01,-2.396939999999999904e-01,-6.190790000000000459e-01,-6.524769999999999737e-01,-9.834999999999999992e-03,-7.021800000000000264e-01,-2.776500000000000148e-02,-3.010709999999999775e-01,-6.611460000000000115e-01,1.291219999999999868e-01,-5.553190000000000071e-01,-5.371820000000000483e-01,-4.718289999999999984e-01,5.354370000000000518e-01,3.476499999999999729e-02,-6.533160000000000078e-01,-1.480839999999999934e-01,1.891680000000000028e-01,-1.877030000000000087e-01,-1.214869999999999978e-01,4.112700000000000244e-01,1.684640000000000026e-01,-1.090470000000000050e-01,4.090099999999999847e-01,2.312970000000000026e-01,-4.010699999999999682e-02,-5.713749999999999662e-01,7.183000000000000149e-03,3.030990000000000073e-01,-2.082519999999999927e-01
3.900330000000000186e-01,1.000000000000000000e+00,2.482779999999999987e-01,-8.413800000000000445e-02,-4.224240000000000217e-01,5.991739999999999844e-01,-2.502980000000000205e-01,4.547809999999999908e-01,-2.161279999999999868e-01,-1.641320000000000001e-01,1.644120000000000026e-01,-7.286399999999999821e-02,-1.436550000000000049e-01,-2.467390000000000139e-01,3.658100000000000240e-02,5.839349999999999818e-01,2.183869999999999978e-01,4.848250000000000060e-01,4.870869999999999922e-01,-1.921360000000000012e-01,2.738990000000000036e-01,2.146520000000000095e-01,4.827569999999999917e-01,1.029830000000000051e-01,8.572060000000000235e-01,8.032399999999999540e-01,3.260640000000000205e-01,-1.744900000000000062e-01,-9.325799999999999368e-02,3.337189999999999879e-01,1.153809999999999975e-01,3.399130000000000207e-01,-2.110799999999999829e-02,-7.382900000000000573e-02,-3.582110000000000016e-01,-1.166849999999999971e-01,-9.426900000000000557e-02,-3.960480000000000111e-01,1.414140000000000119e-01,1.609750000000000070e-01,-3.948399999999999826e-02,-4.279479999999999951e-01,-1.854700000000000099e-02,-2.797799999999999732e-01,-2.873120000000000118e-01,3.073699999999999766e-01,6.646779999999999911e-01,2.599239999999999884e-01,-2.345839999999999870e-01,-3.750209999999999932e-01,4.346829999999999861e-01,-3.081980000000000275e-01,3.431029999999999913e-01,-1.047239999999999976e-01,-2.709059999999999802e-01,2.766009999999999858e-01,-3.505889999999999840e-01,-1.795130000000000059e-01,-1.447980000000000100e-01,1.689859999999999973e-01,6.460799999999999876e-02,-1.615560000000000052e-01,-8.241300000000000014e-02,5.618520000000000181e-01,-4.036700000000000010e-02,-6.715000000000000135e-02,2.465749999999999886e-01,2.482379999999999864e-01,-8.605100000000000249e-02,5.803770000000000318e-01,5.910260000000000513e-01,8.066700000000000259e-02,-1.775539999999999896e-01,-1.957540000000000113e-01,3.188509999999999955e-01,-1.672879999999999923e-01
-1.993510000000000004e-01,2.482779999999999987e-01,1.000000000000000000e+00,4.024690000000000212e-01,2.608050000000000090e-01,1.631940000000000057e-01,1.857139999999999902e-01,1.997029999999999916e-01,5.868889999999999940e-01,2.596100000000000074e-01,7.809800000000000075e-01,1.232759999999999967e-01,3.716280000000000139e-01,1.416189999999999949e-01,-3.141329999999999956e-01,-1.751739999999999964e-01,3.617190000000000127e-01,-3.959700000000000025e-02,7.223859999999999726e-01,2.862430000000000252e-01,2.784470000000000001e-01,-8.337100000000000066e-02,1.367510000000000114e-01,-2.902100000000000166e-02,1.435160000000000047e-01,5.204899999999999805e-02,2.475229999999999930e-01,4.351119999999999988e-01,-2.594580000000000219e-01,8.559700000000000641e-02,-2.890300000000000161e-02,-3.983360000000000234e-01,1.356999999999999873e-01,-1.383900000000000061e-02,-3.042210000000000192e-01,3.781599999999999961e-01,3.168210000000000193e-01,2.277270000000000127e-01,-3.230370000000000186e-01,1.300900000000000112e-01,-1.480799999999999998e-02,8.809699999999999476e-02,3.385389999999999788e-01,3.171729999999999827e-01,2.346060000000000090e-01,2.899699999999999847e-02,1.620779999999999998e-01,9.098540000000000516e-01,2.409100000000000130e-01,3.505280000000000062e-01,1.692249999999999865e-01,2.870240000000000014e-01,2.991289999999999782e-01,6.474450000000000482e-01,2.240830000000000044e-01,6.257270000000000332e-01,8.807199999999999751e-02,2.255580000000000085e-01,3.568060000000000120e-01,-1.816079999999999917e-01,-8.922199999999999576e-02,3.097030000000000061e-01,-5.219599999999999934e-02,4.468559999999999754e-01,2.584949999999999748e-01,1.168399999999999994e-01,6.198999999999999649e-03,1.174619999999999970e-01,-2.686000000000000019e-03,-2.113599999999999854e-02,1.045470000000000010e-01,1.606049999999999978e-01,4.119780000000000109e-01,-2.474669999999999925e-01,7.032299999999999662e-02,4.232400000000000051e-02
-6.558060000000000000e-01,-8.413800000000000445e-02,4.024690000000000212e-01,1.000000000000000000e+00,7.974360000000000337e-01,1.336569999999999980e-01,7.472349999999999826e-01,3.305500000000000105e-02,7.955999999999999739e-01,7.934940000000000326e-01,5.098150000000000182e-01,2.776210000000000067e-01,8.727319999999999522e-01,7.727020000000000000e-01,-6.891070000000000251e-01,-3.367519999999999958e-01,3.895560000000000134e-01,-2.660469999999999779e-01,2.008830000000000060e-01,5.985589999999999522e-01,5.036810000000000453e-01,-2.425410000000000066e-01,-4.701600000000000223e-02,1.228349999999999997e-01,3.937100000000000322e-02,-3.260199999999999765e-01,3.910560000000000147e-01,8.687209999999999654e-01,-4.014000000000000207e-03,-2.760790000000000188e-01,5.381000000000000366e-03,-5.940339999999999510e-01,6.455689999999999484e-01,2.951119999999999854e-01,1.574570000000000136e-01,7.130100000000000326e-01,7.339259999999999673e-01,7.481170000000000320e-01,-2.366860000000000075e-01,5.013530000000000486e-01,1.921849999999999947e-01,7.212929999999999620e-01,7.926779999999999937e-01,8.708200000000000385e-01,7.502140000000000475e-01,-1.542779999999999985e-01,7.312599999999999656e-02,4.562539999999999929e-01,8.354530000000000012e-01,7.062669999999999781e-01,1.681279999999999997e-01,8.513810000000000544e-01,2.966509999999999980e-01,4.410100000000000131e-01,8.390870000000000273e-01,-1.445899999999999963e-01,6.640740000000000531e-01,6.141560000000000352e-01,7.698350000000000470e-01,-6.321120000000000072e-01,1.506599999999999953e-02,8.503549999999999720e-01,1.956229999999999913e-01,1.079029999999999989e-01,3.874070000000000014e-01,4.506330000000000058e-01,-3.845390000000000197e-01,8.092000000000000234e-03,4.373000000000000220e-01,-2.751819999999999822e-01,7.630299999999999583e-02,1.367150000000000032e-01,7.789190000000000280e-01,-4.436999999999999972e-03,-1.652240000000000097e-01,4.284819999999999740e-01
-7.137820000000000276e-01,-4.224240000000000217e-01,2.608050000000000090e-01,7.974360000000000337e-01,1.000000000000000000e+00,-6.221399999999999847e-02,8.318630000000000191e-01,-2.894599999999999951e-01,8.573830000000000062e-01,8.577010000000000467e-01,4.377019999999999800e-01,2.334140000000000104e-01,8.449229999999999796e-01,7.524039999999999617e-01,-6.791810000000000347e-01,-4.403920000000000057e-01,2.820540000000000269e-01,-3.667639999999999789e-01,-9.706299999999999650e-02,6.091999999999999638e-01,1.976779999999999926e-01,-3.195560000000000067e-01,-3.237079999999999957e-01,6.064599999999999852e-02,-2.060099999999999987e-01,-5.984789999999999832e-01,3.179870000000000196e-01,8.194069999999999965e-01,4.556199999999999833e-02,-5.645729999999999915e-01,3.234700000000000075e-02,-7.423650000000000526e-01,6.246530000000000138e-01,1.936150000000000093e-01,2.929450000000000109e-01,6.274459999999999482e-01,5.622500000000000275e-01,8.755110000000000392e-01,-3.547910000000000230e-01,3.248240000000000016e-01,8.918600000000000139e-02,8.354540000000000299e-01,5.542829999999999702e-01,9.004020000000000357e-01,8.013059999999999627e-01,-3.216080000000000050e-01,-2.387759999999999883e-01,2.485360000000000069e-01,8.143000000000000238e-01,9.122770000000000046e-01,-1.066379999999999967e-01,9.316959999999999686e-01,-7.693999999999999451e-02,5.752760000000000096e-01,8.730390000000000095e-01,-1.439600000000000046e-01,7.339320000000000288e-01,5.511470000000000535e-01,6.925820000000000309e-01,-6.526669999999999972e-01,4.038200000000000123e-02,8.274470000000000436e-01,1.819769999999999999e-01,-2.272170000000000023e-01,4.418230000000000213e-01,2.135880000000000001e-01,-3.938829999999999831e-01,-2.799969999999999959e-01,3.475119999999999876e-01,-4.591919999999999891e-01,-3.126329999999999942e-01,1.761139999999999928e-01,7.409040000000000070e-01,8.341600000000000403e-02,-4.600810000000000177e-01,4.499330000000000274e-01
5.549500000000000266e-02,5.991739999999999844e-01,1.631940000000000057e-01,1.336569999999999980e-01,-6.221399999999999847e-02,1.000000000000000000e+00,2.358729999999999993e-01,6.274910000000000210e-01,-3.232199999999999657e-02,2.558159999999999878e-01,2.002919999999999978e-01,3.526650000000000063e-01,2.695830000000000171e-01,7.508800000000000197e-02,-3.048199999999999799e-01,1.758200000000000041e-01,4.276320000000000121e-01,1.992250000000000132e-01,3.366970000000000240e-01,-2.400490000000000124e-01,4.663860000000000228e-01,-3.266839999999999744e-01,6.345800000000000329e-01,3.113600000000000256e-01,6.331649999999999778e-01,4.115650000000000142e-01,5.291580000000000172e-01,1.661100000000000076e-02,-4.327600000000000197e-02,1.113300000000000053e-02,1.113800000000000033e-02,1.310439999999999938e-01,1.669539999999999913e-01,-1.462499999999999911e-01,-2.344590000000000007e-01,1.062710000000000043e-01,4.710000000000000102e-04,3.630800000000000000e-02,1.436679999999999902e-01,1.682400000000000007e-01,-1.664309999999999956e-01,-3.508499999999999813e-02,1.205969999999999959e-01,3.581100000000000255e-02,1.019550000000000040e-01,-1.317619999999999902e-01,5.591720000000000024e-01,2.123579999999999912e-01,1.270350000000000090e-01,-1.006139999999999951e-01,7.678289999999999837e-01,2.512299999999999950e-02,6.017430000000000279e-01,-9.448700000000000154e-02,1.013320000000000054e-01,6.153900000000000342e-02,9.638599999999999945e-02,3.626299999999999663e-02,1.362359999999999960e-01,-3.319639999999999813e-01,-7.396099999999999897e-02,1.894849999999999868e-01,4.837999999999999939e-02,4.742450000000000276e-01,-9.365300000000000014e-02,7.769999999999999997e-03,-1.510839999999999961e-01,4.872449999999999837e-01,2.466190000000000049e-01,4.834789999999999921e-01,5.093910000000000382e-01,2.492459999999999953e-01,-1.375989999999999991e-01,-1.041009999999999991e-01,1.087399999999999999e-02,-2.505459999999999909e-01
-5.829410000000000425e-01,-2.502980000000000205e-01,1.857139999999999902e-01,7.472349999999999826e-01,8.318630000000000191e-01,2.358729999999999993e-01,1.000000000000000000e+00,-1.351920000000000066e-01,7.108710000000000306e-01,8.341220000000000301e-01,3.585570000000000146e-01,2.789389999999999925e-01,8.350640000000000285e-01,6.648279999999999745e-01,-6.206909999999999927e-01,-3.505280000000000062e-01,2.553469999999999906e-01,-3.075959999999999805e-01,4.239799999999999819e-02,4.098700000000000121e-01,3.406370000000000231e-01,-3.320910000000000251e-01,-7.354800000000000226e-02,1.435600000000000070e-02,-1.930799999999999877e-02,-5.013879999999999448e-01,5.955500000000000238e-01,6.876970000000000027e-01,2.025019999999999876e-01,-4.427699999999999969e-01,3.295800000000000118e-02,-6.194290000000000074e-01,5.388279999999999736e-01,1.326620000000000021e-01,1.979180000000000106e-01,6.795679999999999499e-01,6.382320000000000215e-01,7.867159999999999709e-01,-2.723269999999999857e-01,2.776049999999999907e-01,7.416000000000000369e-02,7.530109999999999859e-01,5.511230000000000295e-01,8.420509999999999939e-01,7.480989999999999585e-01,-2.949269999999999947e-01,-8.723999999999999810e-02,2.227520000000000056e-01,7.993339999999999890e-01,7.155719999999999859e-01,1.329660000000000009e-01,8.737099999999999866e-01,5.264599999999999835e-02,3.938039999999999874e-01,8.230750000000000011e-01,-2.054429999999999867e-01,6.940110000000000445e-01,5.299139999999999961e-01,6.293959999999999555e-01,-6.689479999999999871e-01,-2.220999999999999884e-03,7.259299999999999642e-01,1.566529999999999867e-01,-1.530199999999999963e-02,3.905540000000000123e-01,2.561720000000000108e-01,-3.798799999999999955e-01,-1.413500000000000000e-02,3.428030000000000244e-01,-2.633389999999999898e-01,-2.248140000000000138e-01,4.066389999999999727e-01,5.781830000000000025e-01,2.185900000000000065e-01,-3.845850000000000102e-01,3.530920000000000170e-01
1.319579999999999920e-01,4.547809999999999908e-01,1.997029999999999916e-01,3.305500000000000105e-02,-2.894599999999999951e-01,6.274910000000000210e-01,-1.351920000000000066e-01,1.000000000000000000e+00,-2.161460000000000048e-01,-6.561599999999999377e-02,1.717190000000000105e-01,5.333550000000000235e-01,1.620800000000000018e-02,1.178599999999999960e-02,-5.308100000000000318e-02,-7.259300000000000475e-02,3.768710000000000115e-01,-1.552699999999999914e-02,3.941629999999999856e-01,-2.103589999999999904e-01,5.247570000000000290e-01,-1.544470000000000010e-01,7.810289999999999733e-01,5.169730000000000159e-01,2.764280000000000070e-01,5.179329999999999767e-01,6.474199999999999400e-02,-9.833799999999999486e-02,-3.067719999999999891e-01,1.923570000000000002e-01,-2.529810000000000114e-01,3.556119999999999837e-01,-4.165800000000000058e-02,-1.003939999999999971e-01,-2.418319999999999914e-01,1.484530000000000016e-01,7.854800000000000670e-02,-1.316100000000000048e-01,2.797529999999999739e-01,9.564799999999999691e-02,-1.694440000000000113e-01,-2.236470000000000125e-01,1.769910000000000094e-01,-1.356809999999999961e-01,-4.284500000000000114e-02,-3.906300000000000050e-02,3.072259999999999991e-01,2.772870000000000057e-01,-1.981999999999999821e-03,-2.475519999999999943e-01,5.989290000000000447e-01,-2.177189999999999959e-01,8.249589999999999979e-01,-2.251360000000000028e-01,-1.062059999999999949e-01,1.501059999999999894e-01,4.055299999999999877e-02,-5.422699999999999743e-02,1.173860000000000042e-01,-2.666299999999999920e-02,-3.415770000000000195e-01,-3.259000000000000091e-02,-1.613839999999999997e-01,5.478490000000000304e-01,-2.065299999999999914e-01,1.754890000000000061e-01,-7.298799999999999732e-02,6.438909999999999911e-01,3.191080000000000028e-01,1.661670000000000091e-01,6.544240000000000057e-01,-8.149299999999999600e-02,-1.862479999999999969e-01,-3.589629999999999765e-01,2.526269999999999905e-01,-2.916679999999999828e-01
-5.678889999999999771e-01,-2.161279999999999868e-01,5.868889999999999940e-01,7.955999999999999739e-01,8.573830000000000062e-01,-3.232199999999999657e-02,7.108710000000000306e-01,-2.161460000000000048e-01,1.000000000000000000e+00,7.795710000000000139e-01,5.692859999999999587e-01,2.310649999999999926e-01,7.960739999999999483e-01,5.639279999999999848e-01,-6.681740000000000457e-01,-4.918449999999999767e-01,3.698960000000000026e-01,-3.593500000000000028e-01,2.132350000000000079e-01,6.063629999999999853e-01,2.966289999999999760e-01,-2.644130000000000091e-01,-2.040490000000000081e-01,4.329299999999999815e-02,-1.296539999999999915e-01,-4.225700000000000012e-01,3.812659999999999938e-01,8.401250000000000107e-01,-3.425799999999999679e-02,-3.214359999999999995e-01,5.811999999999999805e-02,-7.845149999999999624e-01,5.484480000000000466e-01,1.813079999999999969e-01,8.153199999999999337e-02,6.780730000000000368e-01,6.142589999999999995e-01,7.854860000000000175e-01,-4.482419999999999738e-01,3.921350000000000113e-01,6.481800000000000062e-02,6.155519999999999881e-01,6.065439999999999721e-01,8.501859999999999973e-01,7.661219999999999697e-01,-7.786500000000000365e-02,-1.189530000000000032e-01,5.473820000000000352e-01,7.252579999999999583e-01,8.378910000000000524e-01,8.540999999999999981e-03,8.733049999999999979e-01,3.238599999999999812e-02,8.186590000000000256e-01,7.624410000000000354e-01,6.557300000000000628e-02,5.802359999999999740e-01,5.619439999999999991e-01,6.763249999999999540e-01,-5.661359999999999726e-01,-3.922799999999999898e-02,7.760620000000000296e-01,9.389000000000000123e-02,-4.490899999999999753e-02,4.880140000000000033e-01,2.782259999999999733e-01,-3.522399999999999975e-01,-1.283449999999999869e-01,3.149440000000000017e-01,-3.648029999999999884e-01,-1.627049999999999885e-01,2.256569999999999965e-01,7.727659999999999529e-01,-2.445400000000000004e-02,-3.215310000000000112e-01,3.043500000000000094e-01
-5.427859999999999907e-01,-1.641320000000000001e-01,2.596100000000000074e-01,7.934940000000000326e-01,8.577010000000000467e-01,2.558159999999999878e-01,8.341220000000000301e-01,-6.561599999999999377e-02,7.795710000000000139e-01,1.000000000000000000e+00,4.003860000000000197e-01,4.267759999999999887e-01,8.509390000000000009e-01,7.068569999999999576e-01,-8.278189999999999715e-01,-3.003529999999999811e-01,5.087110000000000243e-01,-2.813019999999999965e-01,7.647199999999999831e-02,4.222650000000000015e-01,3.820450000000000235e-01,-4.210209999999999786e-01,-9.935399999999999787e-02,2.791779999999999817e-01,4.234099999999999669e-02,-3.559149999999999814e-01,4.610139999999999794e-01,7.453769999999999563e-01,-9.052799999999999736e-02,-5.559460000000000512e-01,1.164670000000000011e-01,-6.662310000000000176e-01,7.933069999999999844e-01,2.430100000000000038e-01,3.211570000000000258e-01,6.612940000000000484e-01,5.509119999999999573e-01,8.872480000000000366e-01,-2.282540000000000124e-01,5.206800000000000317e-01,1.112630000000000008e-01,7.875990000000000490e-01,6.156110000000000193e-01,9.098880000000000301e-01,8.454260000000000108e-01,-2.277129999999999987e-01,3.759300000000000141e-02,2.999029999999999752e-01,8.661389999999999922e-01,7.503170000000000117e-01,2.013659999999999894e-01,8.735669999999999824e-01,1.564939999999999942e-01,4.429690000000000016e-01,9.199610000000000287e-01,-2.284190000000000109e-01,7.756300000000000416e-01,4.498489999999999989e-01,6.974409999999999776e-01,-8.222720000000000029e-01,1.700099999999999875e-02,9.191909999999999803e-01,2.279120000000000035e-01,3.443800000000000333e-02,3.031440000000000246e-01,1.873100000000000043e-01,-5.262539999999999996e-01,-1.085590000000000027e-01,5.430059999999999887e-01,-2.552659999999999929e-01,-2.439900000000000055e-02,1.539210000000000023e-01,5.923349999999999449e-01,-9.264500000000000512e-02,-5.185889999999999667e-01,3.304239999999999955e-01
-3.362490000000000201e-01,1.644120000000000026e-01,7.809800000000000075e-01,5.098150000000000182e-01,4.377019999999999800e-01,2.002919999999999978e-01,3.585570000000000146e-01,1.717190000000000105e-01,5.692859999999999587e-01,4.003860000000000197e-01,1.000000000000000000e+00,1.380979999999999985e-01,4.788870000000000071e-01,4.074030000000000151e-01,-3.862160000000000037e-01,-9.684600000000000153e-02,3.721550000000000136e-01,-2.169899999999999954e-02,6.914299999999999891e-01,4.086020000000000207e-01,2.893669999999999853e-01,-7.509200000000000597e-02,1.516569999999999863e-01,1.133999999999999939e-02,2.225630000000000108e-01,-4.635899999999999743e-02,3.735970000000000124e-01,4.919620000000000104e-01,-1.269190000000000040e-01,-1.110779999999999962e-01,4.314000000000000126e-03,-3.500719999999999943e-01,3.574800000000000200e-01,1.196929999999999938e-01,-7.886500000000000454e-02,4.088769999999999905e-01,2.873850000000000016e-01,3.740140000000000131e-01,-2.044439999999999868e-01,3.053049999999999931e-01,1.285000000000000031e-01,3.364510000000000001e-01,2.363599999999999868e-01,4.148950000000000138e-01,3.473289999999999988e-01,-6.636400000000000632e-02,2.125190000000000135e-01,7.764699999999999935e-01,3.328209999999999780e-01,5.031870000000000509e-01,1.280650000000000122e-01,4.232549999999999923e-01,2.982259999999999911e-01,5.093710000000000182e-01,3.842749999999999777e-01,6.779420000000000446e-01,2.378939999999999944e-01,2.231630000000000003e-01,5.300970000000000404e-01,-2.927799999999999847e-01,1.098409999999999942e-01,4.398059999999999747e-01,1.017509999999999942e-01,5.139340000000000019e-01,3.810279999999999778e-01,1.141009999999999941e-01,1.577200000000000130e-02,5.987699999999999967e-02,1.204940000000000039e-01,3.782800000000000051e-02,8.173199999999999910e-02,2.682570000000000232e-01,4.433150000000000146e-01,-1.057249999999999995e-01,2.724199999999999885e-02,3.154319999999999902e-01
-8.329400000000000692e-02,-7.286399999999999821e-02,1.232759999999999967e-01,2.776210000000000067e-01,2.334140000000000104e-01,3.526650000000000063e-01,2.789389999999999925e-01,5.333550000000000235e-01,2.310649999999999926e-01,4.267759999999999887e-01,1.380979999999999985e-01,1.000000000000000000e+00,3.404130000000000211e-01,2.194170000000000009e-01,-3.214250000000000163e-01,-4.849640000000000062e-01,6.189540000000000042e-01,-3.002969999999999806e-01,8.552000000000000574e-03,6.871800000000000130e-02,3.818799999999999972e-01,-4.047239999999999727e-01,3.140499999999999958e-01,7.317960000000000020e-01,-1.921680000000000055e-01,9.411300000000000221e-02,-3.494000000000000144e-03,2.645500000000000074e-01,-3.536349999999999771e-01,-8.850500000000000034e-02,-1.081970000000000015e-01,-5.846300000000000108e-02,3.109469999999999734e-01,2.053900000000000170e-02,1.070460000000000023e-01,5.156410000000000160e-01,2.872279999999999833e-01,4.092439999999999967e-01,1.105479999999999935e-01,2.598030000000000062e-01,-1.560489999999999933e-01,1.753039999999999876e-01,2.538449999999999873e-01,3.145890000000000075e-01,4.650420000000000109e-01,-2.051119999999999888e-01,-7.867999999999999994e-02,1.309879999999999933e-01,3.775800000000000267e-01,2.297430000000000028e-01,3.543169999999999931e-01,2.285719999999999974e-01,5.231459999999999999e-01,1.266569999999999918e-01,3.621880000000000099e-01,-7.346800000000000552e-02,5.656280000000000197e-01,1.481230000000000047e-01,4.033059999999999978e-01,-3.481899999999999995e-01,-3.934869999999999757e-01,3.901819999999999733e-01,-2.352699999999999930e-02,6.098499999999999754e-02,-3.563000000000000195e-03,1.124639999999999945e-01,-3.766399999999999748e-01,2.671149999999999913e-01,7.082249999999999934e-01,-2.934860000000000246e-01,2.864729999999999777e-01,-1.793309999999999904e-01,1.504820000000000046e-01,-4.152069999999999927e-01,-1.330310000000000104e-01,-4.574199999999999794e-02
-6.664700000000000069e-01,-1.436550000000000049e-01,3.716280000000000139e-01,8.727319999999999522e-01,8.449229999999999796e-01,2.695830000000000171e-01,8.350640000000000285e-01,1.620800000000000018e-02,7.960739999999999483e-01,8.509390000000000009e-01,4.788870000000000071e-01,3.404130000000000211e-01,1.000000000000000000e+00,7.407529999999999948e-01,-7.109020000000000339e-01,-3.624560000000000004e-01,5.299660000000000482e-01,-1.404610000000000025e-01,1.186719999999999997e-01,5.916019999999999612e-01,4.455810000000000048e-01,-2.704670000000000130e-01,-7.460400000000000365e-02,7.116999999999999715e-02,1.239999999999999956e-02,-4.310240000000000182e-01,4.466049999999999742e-01,8.817399999999999682e-01,1.204350000000000004e-01,-3.934730000000000172e-01,4.558700000000000252e-02,-5.996380000000000043e-01,5.906599999999999628e-01,1.786590000000000122e-01,1.650339999999999863e-01,7.064859999999999474e-01,6.865719999999999601e-01,7.930289999999999839e-01,-1.812159999999999882e-01,4.062769999999999992e-01,1.231519999999999976e-01,7.658930000000000460e-01,6.880830000000000002e-01,8.657880000000000020e-01,7.715699999999999781e-01,-2.311140000000000139e-01,6.934700000000000586e-02,3.928490000000000038e-01,8.131000000000000449e-01,7.420949999999999491e-01,2.534330000000000194e-01,8.546799999999999953e-01,2.451969999999999983e-01,4.920010000000000217e-01,8.560769999999999769e-01,-1.348330000000000084e-01,7.251440000000000108e-01,7.311539999999999706e-01,6.916330000000000533e-01,-6.773179999999999756e-01,1.038499999999999979e-01,8.899099999999999788e-01,3.531549999999999967e-01,3.111200000000000077e-02,4.300359999999999738e-01,3.700559999999999961e-01,-3.541179999999999883e-01,4.859999999999999954e-04,4.146199999999999886e-01,-2.476690000000000003e-01,7.721000000000000432e-03,2.576180000000000136e-01,7.423490000000000366e-01,9.713700000000000112e-02,-2.990059999999999940e-01,3.451670000000000016e-01
-6.203030000000000488e-01,-2.467390000000000139e-01,1.416189999999999949e-01,7.727020000000000000e-01,7.524039999999999617e-01,7.508800000000000197e-02,6.648279999999999745e-01,1.178599999999999960e-02,5.639279999999999848e-01,7.068569999999999576e-01,4.074030000000000151e-01,2.194170000000000009e-01,7.407529999999999948e-01,1.000000000000000000e+00,-6.096930000000000405e-01,-2.925840000000000107e-01,2.362360000000000015e-01,-3.316290000000000071e-01,3.363599999999999923e-02,4.954219999999999735e-01,3.775370000000000115e-01,-2.752069999999999794e-01,9.648999999999999591e-03,1.374549999999999939e-01,-3.912800000000000306e-02,-4.067419999999999924e-01,2.844209999999999794e-01,7.002040000000000486e-01,-1.775000000000000102e-03,-4.941010000000000124e-01,-1.072430000000000050e-01,-4.350829999999999975e-01,6.403250000000000330e-01,1.641420000000000101e-01,2.682280000000000220e-01,6.163440000000000030e-01,5.359730000000000327e-01,6.800040000000000529e-01,-9.702399999999999913e-02,3.535630000000000162e-01,1.805180000000000118e-01,7.162110000000000420e-01,5.960280000000000022e-01,7.557230000000000336e-01,5.985599999999999810e-01,-2.389739999999999920e-01,2.795500000000000068e-02,1.688729999999999953e-01,7.112429999999999586e-01,6.514980000000000215e-01,7.366899999999999837e-02,7.134249999999999758e-01,2.886699999999999822e-01,1.890000000000000013e-01,7.428979999999999473e-01,-1.527249999999999996e-01,5.989609999999999657e-01,4.472929999999999962e-01,7.194960000000000244e-01,-6.141689999999999650e-01,2.867000000000000104e-02,7.189689999999999692e-01,1.751540000000000041e-01,4.421200000000000130e-02,2.999140000000000139e-01,3.273909999999999876e-01,-2.752939999999999832e-01,3.897400000000000170e-02,3.424209999999999754e-01,-2.873160000000000158e-01,-8.040000000000000271e-03,8.783699999999999841e-02,5.651310000000000500e-01,2.982699999999999935e-02,-3.133529999999999927e-01,4.480370000000000186e-01
5.812460000000000404e-01,3.658100000000000240e-02,-3.141329999999999956e-01,-6.891070000000000251e-01,-6.791810000000000347e-01,-3.048199999999999799e-01,-6.206909999999999927e-01,-5.308100000000000318e-02,-6.681740000000000457e-01,-8.278189999999999715e-01,-3.862160000000000037e-01,-3.214250000000000163e-01,-7.109020000000000339e-01,-6.096930000000000405e-01,1.000000000000000000e+00,2.354769999999999919e-01,-4.526519999999999988e-01,2.381179999999999963e-01,-1.482850000000000001e-01,-1.398069999999999868e-01,-2.470990000000000131e-01,5.008399999999999519e-01,5.874399999999999761e-02,-2.025049999999999906e-01,-8.552600000000000480e-02,2.604130000000000056e-01,-3.342430000000000123e-01,-5.827830000000000510e-01,3.915199999999999791e-01,5.753920000000000146e-01,5.858800000000000119e-02,6.673989999999999645e-01,-7.174800000000000066e-01,-7.792200000000000515e-02,-1.206249999999999961e-01,-5.833399999999999697e-01,-4.297889999999999766e-01,-7.090429999999999788e-01,3.275970000000000271e-01,-5.286539999999999573e-01,4.571399999999999769e-02,-6.679659999999999487e-01,-6.241790000000000393e-01,-7.908009999999999762e-01,-7.116749999999999465e-01,2.113180000000000058e-01,-1.498700000000000032e-01,-4.073680000000000079e-01,-7.767640000000000100e-01,-6.651690000000000103e-01,-2.575760000000000272e-01,-7.395319999999999672e-01,-2.869110000000000271e-01,-4.235720000000000041e-01,-7.798239999999999617e-01,1.086880000000000068e-01,-6.227200000000000513e-01,-3.645439999999999792e-01,-6.208080000000000265e-01,8.911949999999999594e-01,1.078660000000000035e-01,-8.148849999999999705e-01,-5.356199999999999850e-02,-1.430609999999999937e-01,-1.017900000000000055e-01,-5.229000000000000141e-03,5.924500000000000322e-01,5.258899999999999686e-02,-4.234490000000000198e-01,1.748589999999999867e-01,-8.125400000000000678e-02,7.053000000000000241e-03,-4.631930000000000214e-01,3.453359999999999763e-01,5.231050000000000422e-01,-4.853999999999999981e-02
3.842999999999999750e-01,5.839349999999999818e-01,-1.751739999999999964e-01,-3.367519999999999958e-01,-4.403920000000000057e-01,1.758200000000000041e-01,-3.505280000000000062e-01,-7.259300000000000475e-02,-4.918449999999999767e-01,-3.003529999999999811e-01,-9.684600000000000153e-02,-4.849640000000000062e-01,-3.624560000000000004e-01,-2.925840000000000107e-01,2.354769999999999919e-01,1.000000000000000000e+00,-8.189000000000000445e-02,7.575279999999999792e-01,1.495809999999999917e-01,-2.323949999999999905e-01,-1.767459999999999865e-01,4.526120000000000143e-01,-4.247499999999999887e-02,-2.546689999999999787e-01,6.680469999999999464e-01,4.381619999999999959e-01,8.674999999999999378e-02,-3.788250000000000228e-01,1.164700000000000041e-01,1.155510000000000009e-01,3.418900000000000272e-01,4.124300000000000188e-01,-1.040589999999999987e-01,1.002289999999999986e-01,7.769999999999999997e-03,-4.696640000000000259e-01,-3.351930000000000187e-01,-4.433500000000000218e-01,2.063230000000000064e-01,-3.805399999999999755e-02,2.321179999999999910e-01,-2.541680000000000050e-01,-3.472040000000000126e-01,-4.227299999999999947e-01,-4.060340000000000060e-01,2.411929999999999907e-01,5.422209999999999530e-01,-1.456419999999999937e-01,-3.780529999999999724e-01,-4.514509999999999912e-01,5.841099999999999764e-02,-4.071649999999999991e-01,-1.620040000000000091e-01,-4.153450000000000197e-01,-3.165350000000000108e-01,1.000010000000000066e-01,-3.831430000000000113e-01,-2.617539999999999867e-01,-3.307999999999999829e-01,2.846270000000000189e-01,5.545400000000000329e-01,-2.898850000000000038e-01,2.460910000000000042e-01,2.380680000000000018e-01,-6.307500000000000606e-02,-2.755219999999999891e-01,4.292599999999999749e-01,-2.049229999999999940e-01,-2.801830000000000154e-01,5.992589999999999861e-01,1.647379999999999955e-01,2.464300000000000171e-02,-2.811159999999999770e-01,9.977300000000000058e-02,2.374580000000000024e-01,1.169990000000000058e-01
-1.625749999999999973e-01,2.183869999999999978e-01,3.617190000000000127e-01,3.895560000000000134e-01,2.820540000000000269e-01,4.276320000000000121e-01,2.553469999999999906e-01,3.768710000000000115e-01,3.698960000000000026e-01,5.087110000000000243e-01,3.721550000000000136e-01,6.189540000000000042e-01,5.299660000000000482e-01,2.362360000000000015e-01,-4.526519999999999988e-01,-8.189000000000000445e-02,1.000000000000000000e+00,2.310609999999999886e-01,2.422080000000000066e-01,2.591780000000000195e-01,3.288960000000000217e-01,-1.612369999999999914e-01,1.253460000000000130e-01,4.106710000000000083e-01,1.186529999999999946e-01,1.666330000000000033e-01,1.517830000000000013e-01,4.457340000000000191e-01,-1.676709999999999867e-01,-1.108500000000000041e-01,2.076830000000000065e-01,-1.335689999999999933e-01,4.067270000000000052e-01,2.081210000000000004e-01,8.949799999999999423e-02,4.535040000000000182e-01,3.354239999999999999e-01,3.725740000000000163e-01,1.162050000000000027e-01,4.703849999999999976e-01,7.188400000000000345e-02,2.252149999999999985e-01,2.698599999999999888e-01,3.701220000000000065e-01,4.895129999999999759e-01,-4.893000000000000127e-02,2.232409999999999950e-01,3.625849999999999906e-01,3.725570000000000270e-01,2.434409999999999907e-01,4.168020000000000058e-01,2.984450000000000158e-01,4.292830000000000257e-01,2.434649999999999870e-01,4.054729999999999723e-01,5.991500000000000298e-02,4.682729999999999948e-01,3.962450000000000139e-01,4.212980000000000058e-01,-3.840419999999999945e-01,6.966700000000000670e-02,5.892659999999999565e-01,4.003630000000000244e-01,1.795059999999999989e-01,1.723230000000000040e-01,6.258800000000000474e-02,-2.663570000000000104e-01,6.158000000000000279e-02,4.937329999999999774e-01,-7.385600000000000498e-02,3.702750000000000208e-01,-4.176599999999999757e-02,3.510360000000000147e-01,-2.958990000000000231e-01,-2.178799999999999834e-02,7.704700000000000437e-02
2.101069999999999882e-01,4.848250000000000060e-01,-3.959700000000000025e-02,-2.660469999999999779e-01,-3.667639999999999789e-01,1.992250000000000132e-01,-3.075959999999999805e-01,-1.552699999999999914e-02,-3.593500000000000028e-01,-2.813019999999999965e-01,-2.169899999999999954e-02,-3.002969999999999806e-01,-1.404610000000000025e-01,-3.316290000000000071e-01,2.381179999999999963e-01,7.575279999999999792e-01,2.310609999999999886e-01,1.000000000000000000e+00,8.445999999999999341e-02,-2.343399999999999997e-02,-1.722940000000000027e-01,4.883649999999999936e-01,-1.109460000000000029e-01,-3.153070000000000039e-01,4.855800000000000116e-01,2.646680000000000144e-01,2.282500000000000154e-02,-1.483359999999999956e-01,2.502449999999999952e-01,2.692599999999999993e-01,4.284569999999999768e-01,4.117469999999999741e-01,-2.384270000000000000e-01,1.096150000000000041e-01,-8.387899999999999523e-02,-3.627489999999999881e-01,-2.064199999999999924e-01,-3.592500000000000138e-01,2.847910000000000164e-01,-9.560000000000000789e-03,2.215860000000000052e-01,-1.857149999999999912e-01,-3.074439999999999951e-01,-3.756209999999999827e-01,-3.125359999999999805e-01,1.881410000000000027e-01,4.365680000000000116e-01,-5.351999999999999813e-02,-3.666420000000000234e-01,-3.673870000000000191e-01,1.626769999999999883e-01,-3.586940000000000128e-01,-6.547400000000000442e-02,-2.368800000000000072e-01,-2.828030000000000266e-01,1.744320000000000037e-01,-2.357289999999999941e-01,6.716999999999999360e-02,-2.941730000000000178e-01,3.237479999999999802e-01,6.358420000000000183e-01,-1.740639999999999965e-01,5.493609999999999882e-01,4.713200000000000028e-02,6.408200000000000007e-02,-1.647689999999999988e-01,4.594900000000000095e-01,-1.794949999999999879e-01,-1.916750000000000120e-01,4.353920000000000012e-01,1.131859999999999949e-01,5.976900000000000268e-02,-6.128299999999999720e-02,1.416669999999999874e-01,3.639490000000000225e-01,6.812200000000000200e-02
9.828699999999999937e-02,4.870869999999999922e-01,7.223859999999999726e-01,2.008830000000000060e-01,-9.706299999999999650e-02,3.366970000000000240e-01,4.239799999999999819e-02,3.941629999999999856e-01,2.132350000000000079e-01,7.647199999999999831e-02,6.914299999999999891e-01,8.552000000000000574e-03,1.186719999999999997e-01,3.363599999999999923e-02,-1.482850000000000001e-01,1.495809999999999917e-01,2.422080000000000066e-01,8.445999999999999341e-02,1.000000000000000000e+00,5.503199999999999759e-02,3.708380000000000010e-01,7.893600000000000616e-02,4.294990000000000197e-01,-3.665899999999999714e-02,4.190699999999999981e-01,2.992790000000000172e-01,3.861350000000000060e-01,1.098780000000000034e-01,-1.691620000000000068e-01,1.961970000000000103e-01,3.950599999999999945e-02,-1.007289999999999991e-01,1.227379999999999999e-01,9.642100000000000670e-02,-1.767630000000000035e-01,2.248979999999999868e-01,1.927760000000000029e-01,-8.606000000000000802e-03,-8.904900000000000315e-02,2.227359999999999896e-01,1.789149999999999907e-01,-8.073299999999999921e-02,1.607059999999999877e-01,7.878400000000000680e-02,5.681400000000000339e-02,2.166609999999999925e-01,4.871480000000000254e-01,7.756960000000000521e-01,5.068600000000000189e-02,-5.876900000000000179e-02,3.696550000000000114e-01,3.064000000000000057e-02,4.576279999999999792e-01,1.910860000000000058e-01,5.218899999999999928e-02,5.633460000000000134e-01,-8.829599999999999949e-02,7.849000000000000074e-03,2.024759999999999893e-01,-9.931900000000000450e-02,5.920000000000000262e-02,1.027239999999999959e-01,-3.838899999999999951e-02,8.509259999999999602e-01,1.414660000000000084e-01,1.127289999999999959e-01,1.449139999999999873e-01,3.781680000000000041e-01,-3.567999999999999991e-03,3.756090000000000262e-01,3.552029999999999910e-01,2.753059999999999952e-01,8.802300000000000402e-02,-1.367279999999999884e-01,2.182139999999999913e-01,4.957899999999999807e-02
-4.227230000000000154e-01,-1.921360000000000012e-01,2.862430000000000252e-01,5.985589999999999522e-01,6.091999999999999638e-01,-2.400490000000000124e-01,4.098700000000000121e-01,-2.103589999999999904e-01,6.063629999999999853e-01,4.222650000000000015e-01,4.086020000000000207e-01,6.871800000000000130e-02,5.916019999999999612e-01,4.954219999999999735e-01,-1.398069999999999868e-01,-2.323949999999999905e-01,2.591780000000000195e-01,-2.343399999999999997e-02,5.503199999999999759e-02,1.000000000000000000e+00,2.435890000000000000e-01,3.603120000000000211e-01,-2.533369999999999789e-01,-5.693000000000000144e-02,-1.247619999999999979e-01,-3.232519999999999838e-01,1.742450000000000110e-01,7.488240000000000451e-01,2.910829999999999806e-01,-2.431399999999999881e-02,3.620389999999999997e-01,-2.984040000000000026e-01,2.649869999999999726e-01,4.143850000000000033e-01,1.681010000000000004e-01,4.485020000000000118e-01,5.533299999999999885e-01,4.803180000000000227e-01,7.515900000000000358e-02,2.977319999999999967e-01,4.409250000000000114e-01,4.979169999999999985e-01,4.072250000000000036e-01,5.599300000000000388e-01,4.561799999999999744e-01,8.611699999999999910e-02,-4.440899999999999709e-02,2.630049999999999888e-01,4.358529999999999904e-01,5.211299999999999821e-01,-9.828299999999999537e-02,5.792340000000000266e-01,-3.690700000000000230e-02,4.166909999999999781e-01,5.313210000000000433e-01,2.877599999999999950e-02,4.701659999999999728e-01,5.853019999999999889e-01,4.384330000000000171e-01,-4.830899999999999778e-02,3.500389999999999890e-01,5.332369999999999610e-01,3.948389999999999955e-01,-1.352389999999999981e-01,7.633510000000000018e-01,4.148390000000000133e-01,2.151649999999999952e-01,-1.876510000000000122e-01,2.512829999999999786e-01,-2.726290000000000102e-01,-6.157800000000000079e-02,2.012369999999999992e-01,7.580270000000000064e-01,2.631649999999999823e-01,1.084009999999999974e-01,6.432189999999999852e-01
