1.000000000000000000e+00,-4.413480000000000181e-01,-2.636160000000000170e-01,-1.485599999999999941e-02,-1.165970000000000062e-01,-6.188529999999999864e-01,4.985809999999999964e-01,-3.436759999999999815e-01,-2.778100000000000014e-01,1.757350000000000023e-01,-2.838289999999999980e-01,-1.444249999999999978e-01,-4.617930000000000090e-01,-3.265649999999999942e-01,5.442810000000000148e-01,3.574320000000000275e-01,4.157299999999999884e-02,1.833079999999999987e-01,-2.514950000000000241e-01,5.228789999999999827e-01,6.171910000000000451e-01,5.495999999999999774e-01,-9.127100000000000490e-02,2.540370000000000128e-01,2.298409999999999898e-01,-1.694479999999999875e-01,4.207699999999999774e-01,-2.193300000000000111e-02,7.281480000000000175e-01,2.769460000000000255e-01,7.931049999999999489e-01,2.632709999999999773e-01,6.117500000000000021e-02,6.238749999999999574e-01,2.056799999999999948e-02,-2.769710000000000227e-01,-6.009300000000000058e-02,-1.205709999999999976e-01,2.808979999999999810e-01,3.339529999999999998e-01,6.264669999999999961e-01,1.565620000000000067e-01,-4.579899999999999943e-02,1.358109999999999873e-01,9.346200000000000341e-02,9.143689999999999873e-01,-1.989009999999999945e-01,-2.374199999999999922e-01,5.834899999999999809e-02,-6.475999999999999812e-02,-3.572130000000000027e-01,4.133470000000000200e-01,-2.446129999999999971e-01,-2.193769999999999887e-01,3.000340000000000229e-01,-2.458059999999999967e-01,-1.210500000000000048e-01,-3.720979999999999843e-01,-2.642379999999999729e-01,7.617909999999999959e-01,7.154319999999999569e-01,2.166730000000000045e-01,5.656090000000000284e-01,-3.095930000000000071e-01,5.451120000000000410e-01,5.096810000000000507e-01,7.326489999999999947e-01,-1.058410000000000045e-01,3.965779999999999861e-01,2.487270000000000036e-01,3.526380000000000070e-01,5.279080000000000439e-01,2.782330000000000081e-01,6.975700000000000234e-01,2.361850000000000060e-01,7.408770000000000078e-01
-4.413480000000000181e-01,1.000000000000000000e+00,2.473549999999999915e-01,-1.548549999999999927e-01,2.346040000000000070e-01,7.015169999999999462e-01,-2.379850000000000021e-01,2.516820000000000168e-01,2.691629999999999856e-01,-2.962499999999999856e-02,2.236609999999999987e-01,2.747020000000000017e-01,6.584370000000000500e-01,2.480060000000000042e-01,-3.898070000000000146e-01,2.506510000000000127e-01,1.569250000000000089e-01,4.127009999999999845e-01,3.398680000000000034e-01,-1.764699999999999880e-01,-3.820490000000000275e-01,-5.619899999999999896e-02,8.426999999999999769e-02,-1.152139999999999970e-01,5.097530000000000117e-01,6.484529999999999461e-01,1.403599999999999987e-02,1.810180000000000122e-01,-2.253030000000000033e-01,-1.550239999999999951e-01,-4.895570000000000199e-01,-3.984399999999999747e-02,3.980270000000000197e-01,-2.555250000000000021e-01,-2.731009999999999827e-01,-3.639599999999999780e-02,-2.083250000000000102e-01,-1.531569999999999876e-01,-1.452019999999999977e-01,8.111999999999999419e-03,-3.230129999999999946e-01,-3.536000000000000254e-01,-1.549349999999999894e-01,-3.286040000000000072e-01,-3.918479999999999741e-01,-4.878649999999999931e-01,6.243630000000000013e-01,2.265520000000000034e-01,-3.413800000000000168e-01,1.617510000000000059e-01,4.157560000000000144e-01,-1.282800000000000051e-01,7.740199999999999858e-02,3.041070000000000162e-01,-1.799779999999999991e-01,1.377790000000000126e-01,7.635000000000000293e-03,3.603529999999999789e-01,7.773599999999999954e-02,-5.077469999999999484e-01,-3.555599999999999872e-01,-1.125359999999999971e-01,-2.054570000000000007e-01,3.471000000000000196e-01,-2.428039999999999921e-01,-3.581329999999999791e-01,-2.871460000000000123e-01,2.333400000000000057e-02,-3.994179999999999953e-01,1.931249999999999911e-01,4.013300000000000201e-02,-1.926070000000000004e-01,-1.540900000000000047e-01,-3.946580000000000088e-01,-1.293370000000000075e-01,-5.192710000000000381e-01
-2.636160000000000170e-01,2.473549999999999915e-01,1.000000000000000000e+00,3.169299999999999895e-02,5.320390000000000397e-01,2.971750000000000225e-01,-2.917409999999999726e-01,4.784999999999999809e-01,6.351660000000000084e-01,1.204569999999999946e-01,8.874400000000000066e-01,3.129020000000000135e-01,3.065590000000000259e-01,2.516439999999999788e-01,-2.406939999999999913e-01,-2.997100000000000111e-02,1.761699999999999933e-01,-7.898999999999999772e-03,7.137630000000000363e-01,2.631999999999999791e-03,-7.108100000000000529e-02,-3.851299999999999862e-02,4.743640000000000079e-01,2.172769999999999979e-01,1.031340000000000034e-01,1.955689999999999928e-01,-1.916400000000000048e-01,4.589309999999999778e-01,-2.435559999999999947e-01,1.815630000000000022e-01,-1.449409999999999865e-01,-1.131550000000000056e-01,6.532699999999999618e-02,-2.453349999999999975e-01,-2.896349999999999758e-01,8.788600000000000578e-02,-1.955799999999999900e-02,8.285900000000000210e-02,5.124700000000000089e-02,-1.132959999999999939e-01,-9.345199999999999341e-02,-2.789579999999999838e-01,1.247199999999999975e-01,1.003369999999999956e-01,-2.541500000000000009e-02,-1.821859999999999868e-01,1.478250000000000119e-01,9.135600000000000387e-01,-1.413359999999999894e-01,2.620899999999999896e-01,1.789280000000000037e-01,-9.622799999999999410e-02,3.538580000000000059e-01,5.323010000000000241e-01,4.248699999999999699e-02,8.117499999999999716e-01,2.416310000000000124e-01,2.857469999999999732e-01,1.226850000000000024e-01,-3.572389999999999732e-01,-5.022200000000000275e-02,1.529649999999999899e-01,-1.122540000000000066e-01,6.843089999999999451e-01,-3.223899999999999683e-02,3.524900000000000255e-02,-1.544280000000000097e-01,3.067619999999999791e-01,1.414890000000000037e-01,1.509379999999999888e-01,-7.028999999999999658e-03,-2.062479999999999869e-01,3.292269999999999919e-01,-1.686739999999999906e-01,1.178899999999999948e-01,-1.182500000000000044e-02
-1.485599999999999941e-02,-1.548549999999999927e-01,3.169299999999999895e-02,1.000000000000000000e+00,-9.168400000000000161e-02,-1.085350000000000065e-01,4.323400000000000160e-02,3.253199999999999842e-02,2.228600000000000025e-02,3.616010000000000058e-01,4.796299999999999869e-02,2.862640000000000184e-01,-1.336700000000000041e-02,1.385010000000000130e-01,-3.408100000000000018e-02,-6.720600000000000185e-02,1.392879999999999951e-01,-1.571430000000000049e-01,1.942029999999999867e-01,2.279499999999999929e-02,5.558699999999999752e-02,1.739200000000000121e-02,-9.916999999999999427e-02,2.621379999999999821e-01,-9.866800000000000570e-02,8.156599999999999961e-02,-2.721620000000000150e-01,1.282649999999999901e-01,-1.385299999999999865e-01,2.280389999999999917e-01,7.630000000000000671e-02,9.377699999999999925e-02,1.112510000000000027e-01,9.461700000000000665e-02,1.596879999999999966e-01,2.581709999999999838e-01,3.222920000000000229e-01,2.932750000000000079e-01,6.193900000000000100e-02,7.435500000000000442e-02,1.957889999999999908e-01,7.245799999999999463e-02,4.162799999999999834e-01,3.395099999999999785e-01,1.414179999999999882e-01,3.794700000000000156e-02,-1.350250000000000061e-01,5.323399999999999660e-02,1.565549999999999997e-01,1.161200000000000079e-02,-1.532570000000000043e-01,9.642000000000000570e-02,-3.343000000000000051e-03,5.518399999999999694e-02,3.243909999999999849e-01,1.305379999999999874e-01,3.695959999999999801e-01,1.299499999999999961e-02,1.956809999999999938e-01,-6.782299999999999440e-02,1.094099999999999934e-02,1.334470000000000101e-01,-3.174600000000000338e-02,1.008629999999999943e-01,-3.604000000000000259e-02,3.557199999999999945e-02,3.099599999999999925e-02,-6.243100000000000038e-02,2.813950000000000062e-01,-7.445000000000000229e-02,8.587500000000000688e-02,-1.467690000000000106e-01,2.080390000000000017e-01,-8.882099999999999718e-02,2.803919999999999746e-01,9.502800000000000136e-02
-1.165970000000000062e-01,2.346040000000000070e-01,5.320390000000000397e-01,-9.168400000000000161e-02,1.000000000000000000e+00,2.957429999999999781e-01,1.890400000000000136e-01,1.979039999999999966e-01,7.121159999999999712e-01,8.384600000000000386e-02,6.442980000000000373e-01,2.116169999999999995e-01,2.982159999999999811e-01,3.306769999999999987e-01,-2.722499999999999920e-02,6.311999999999999555e-02,9.770800000000000318e-02,2.992279999999999940e-01,3.510869999999999824e-01,2.625979999999999981e-01,-1.419529999999999959e-01,1.476880000000000137e-01,1.418230000000000046e-01,7.395500000000000684e-02,2.439840000000000064e-01,2.306590000000000029e-01,2.499339999999999895e-01,3.501529999999999920e-01,8.116500000000000103e-02,1.320900000000000130e-01,-1.228390000000000037e-01,1.012399999999999967e-01,1.665379999999999916e-01,-5.991099999999999898e-02,-3.324159999999999893e-01,2.034000000000000044e-02,-4.425400000000000167e-02,-8.185599999999999821e-02,1.463210000000000066e-01,-6.604999999999999760e-02,-2.499699999999999839e-02,-3.185499999999999998e-01,-2.890999999999999907e-03,-4.754499999999999699e-02,-2.936819999999999986e-01,-3.694100000000000161e-02,2.759829999999999783e-01,5.272270000000000012e-01,-2.927859999999999907e-01,6.660129999999999661e-01,2.168710000000000082e-01,2.552110000000000212e-01,1.462539999999999951e-01,5.474949999999999539e-01,3.408699999999999924e-02,6.072260000000000435e-01,4.961100000000000232e-02,2.234470000000000067e-01,1.261649999999999994e-01,-1.626410000000000078e-01,-5.911700000000000288e-02,-6.386899999999999522e-02,5.033699999999999980e-02,3.580439999999999734e-01,8.363500000000000101e-02,-7.248300000000000576e-02,1.820000000000000003e-03,5.945000000000000284e-02,-8.700499999999999901e-02,2.619779999999999887e-01,6.315600000000000380e-02,1.801879999999999871e-01,1.977430000000000021e-01,-3.907499999999999862e-02,6.715999999999999748e-02,-5.434699999999999948e-02
-6.188529999999999864e-01,7.015169999999999462e-01,2.971750000000000225e-01,-1.085350000000000065e-01,2.957429999999999781e-01,1.000000000000000000e+00,-3.886879999999999780e-01,5.423639999999999572e-01,3.091400000000000259e-01,2.172500000000000125e-02,2.572980000000000267e-01,5.097939999999999694e-01,7.412710000000000132e-01,5.228949999999999987e-01,-4.143789999999999973e-01,-1.224670000000000064e-01,2.066020000000000079e-01,1.338600000000000068e-01,3.446480000000000099e-01,-3.020399999999999752e-01,-3.728069999999999995e-01,-4.598780000000000090e-01,4.162899999999999934e-01,1.047330000000000066e-01,2.041779999999999984e-01,6.441280000000000339e-01,-2.035339999999999927e-01,2.981280000000000041e-01,-5.067700000000000538e-01,-1.379920000000000035e-01,-6.769479999999999942e-01,-8.158600000000000574e-02,2.890420000000000211e-01,-4.758029999999999760e-01,-3.772269999999999790e-01,2.436000000000000110e-01,-1.052170000000000050e-01,-4.645599999999999730e-02,-1.822610000000000063e-01,-1.460509999999999864e-01,-4.822239999999999860e-01,-4.161850000000000271e-01,2.645199999999999982e-02,-1.499719999999999942e-01,-3.670050000000000257e-01,-6.320249999999999480e-01,3.440739999999999910e-01,2.707309999999999994e-01,-3.080169999999999852e-01,1.706840000000000024e-01,7.140530000000000488e-01,-3.616480000000000250e-01,4.513530000000000042e-01,3.239730000000000110e-01,-1.257580000000000087e-01,1.819280000000000064e-01,2.733550000000000146e-01,4.795039999999999858e-01,2.893879999999999786e-01,-6.985770000000000035e-01,-6.342140000000000555e-01,-2.254520000000000135e-01,-4.729499999999999815e-01,3.600610000000000199e-01,-4.499650000000000039e-01,-3.591550000000000020e-01,-5.776189999999999936e-01,3.443309999999999982e-01,-3.285069999999999935e-01,-8.330500000000000405e-02,2.654700000000000115e-02,-4.017029999999999768e-01,-1.052720000000000045e-01,-6.728809999999999514e-01,-2.019170000000000131e-01,-7.213209999999999900e-01
4.985809999999999964e-01,-2.379850000000000021e-01,-2.917409999999999726e-01,4.323400000000000160e-02,1.890400000000000136e-01,-3.886879999999999780e-01,1.000000000000000000e+00,-4.487360000000000237e-01,-2.063629999999999909e-01,2.767789999999999973e-01,-3.022969999999999824e-01,-1.616779999999999884e-01,-2.390809999999999880e-01,-3.486980000000000079e-01,3.633799999999999808e-01,2.816440000000000055e-01,-1.432039999999999980e-01,4.523940000000000183e-01,-1.894000000000000128e-01,4.255829999999999891e-01,1.550350000000000061e-01,3.777730000000000254e-01,-3.510730000000000239e-01,-1.093900000000000081e-02,2.450509999999999911e-01,-1.694289999999999963e-01,6.806740000000000013e-01,2.727500000000000063e-02,7.472389999999999866e-01,2.805699999999999861e-01,5.338049999999999740e-01,1.786439999999999972e-01,1.860709999999999864e-01,3.779819999999999847e-01,3.285199999999999926e-02,-3.676530000000000076e-01,3.304900000000000199e-02,4.295199999999999713e-02,1.613020000000000009e-01,1.675230000000000052e-01,4.134809999999999874e-01,1.578859999999999986e-01,-2.068069999999999908e-01,3.322900000000000159e-02,-8.204699999999999493e-02,5.527619999999999756e-01,7.362799999999999900e-02,-3.228759999999999963e-01,-4.410100000000000131e-02,1.619019999999999904e-01,-3.028069999999999928e-01,7.029229999999999645e-01,-3.974980000000000180e-01,-2.881929999999999770e-01,3.113090000000000024e-01,-3.098179999999999823e-01,-1.553509999999999891e-01,-2.807819999999999760e-01,-3.475019999999999776e-01,4.633970000000000034e-01,3.565679999999999961e-01,-1.871499999999999900e-02,4.636620000000000186e-01,-2.021399999999999864e-01,2.791779999999999817e-01,1.453579999999999872e-01,3.693930000000000269e-01,-3.263070000000000137e-01,1.179029999999999939e-01,3.725419999999999843e-01,5.657600000000000129e-02,7.605870000000000131e-01,1.608529999999999960e-01,5.409049999999999692e-01,1.090639999999999943e-01,4.205530000000000102e-01
-3.436759999999999815e-01,2.516820000000000168e-01,4.784999999999999809e-01,3.253199999999999842e-02,1.979039999999999966e-01,5.423639999999999572e-01,-4.487360000000000237e-01,1.000000000000000000e+00,1.099939999999999946e-01,1.169020000000000059e-01,4.485480000000000023e-01,2.950389999999999957e-01,4.051950000000000274e-01,5.390850000000000364e-01,-2.725480000000000125e-01,-2.786699999999999733e-01,1.469570000000000043e-01,-1.785269999999999913e-01,3.902709999999999790e-01,-2.257190000000000030e-01,1.488379999999999981e-01,-2.557320000000000149e-01,8.023620000000000196e-01,1.761729999999999963e-01,-2.714700000000000099e-02,1.485130000000000061e-01,-3.032929999999999793e-01,3.549900000000000277e-01,-5.055169999999999941e-01,1.308330000000000048e-01,-2.698559999999999848e-01,2.210920000000000107e-01,-1.863499999999999879e-02,-1.783420000000000005e-01,-1.710810000000000108e-01,3.205950000000000188e-01,8.651599999999999568e-02,9.836599999999999511e-02,3.072520000000000251e-01,-1.673689999999999900e-01,-1.014100000000000001e-01,-2.489939999999999931e-01,2.751819999999999822e-01,4.805600000000000149e-02,3.055799999999999836e-02,-3.081380000000000230e-01,1.652869999999999895e-01,4.950109999999999788e-01,-7.283000000000000584e-02,4.368799999999999767e-02,5.935829999999999718e-01,-2.889079999999999981e-01,9.106290000000000218e-01,1.743409999999999960e-01,9.647799999999999432e-02,4.040409999999999835e-01,2.893830000000000013e-01,4.200010000000000132e-01,4.286300000000000110e-01,-3.633739999999999748e-01,-3.415529999999999955e-01,1.596319999999999961e-01,-2.604290000000000216e-01,4.880249999999999866e-01,-2.814360000000000195e-01,2.344169999999999865e-01,-3.971489999999999743e-01,7.741959999999999953e-01,4.540600000000000191e-02,3.251799999999999830e-02,7.342500000000000415e-02,-2.479429999999999967e-01,2.690469999999999806e-01,-3.698489999999999833e-01,1.696709999999999885e-01,-2.141240000000000088e-01
-2.778100000000000014e-01,2.691629999999999856e-01,6.351660000000000084e-01,2.228600000000000025e-02,7.121159999999999712e-01,3.091400000000000259e-01,-2.063629999999999909e-01,1.099939999999999946e-01,1.000000000000000000e+00,-9.232000000000000622e-03,6.829250000000000043e-01,3.834750000000000103e-01,2.932759999999999811e-01,1.982099999999999973e-01,-2.351399999999999879e-01,-2.994099999999999887e-02,1.075900000000000051e-01,8.011899999999999578e-02,5.247920000000000362e-01,1.868479999999999863e-01,-2.992639999999999745e-01,3.059399999999999967e-02,6.149999999999999911e-02,1.954259999999999886e-01,1.721209999999999962e-01,4.014119999999999910e-01,-1.114779999999999938e-01,2.874650000000000261e-01,-2.307039999999999924e-01,5.977799999999999780e-02,-3.297209999999999863e-01,-1.597820000000000074e-01,1.820150000000000101e-01,-3.159000000000000141e-01,-3.369599999999999818e-01,-7.230999999999999581e-03,-1.390730000000000022e-01,-3.563299999999999801e-02,-1.943499999999999950e-01,5.579400000000000331e-02,-2.313139999999999918e-01,-3.192050000000000165e-01,-7.617000000000000159e-02,-7.494199999999999473e-02,-2.208509999999999918e-01,-2.782709999999999906e-01,1.156859999999999972e-01,6.355979999999999963e-01,-3.228420000000000178e-01,6.132260000000000488e-01,7.324500000000000455e-02,1.531700000000000075e-02,9.079999999999999530e-04,8.890460000000000029e-01,-8.055400000000000060e-02,7.125169999999999559e-01,1.899830000000000130e-01,1.915499999999999980e-01,-1.920600000000000085e-02,-4.084139999999999993e-01,-2.206269999999999898e-01,-8.329000000000000292e-02,-2.141180000000000028e-01,4.816289999999999738e-01,1.099139999999999978e-01,-2.805389999999999828e-01,-3.048100000000000115e-02,-8.894799999999999929e-02,-6.275799999999999434e-02,2.319999999999999840e-02,1.000270000000000048e-01,-2.303310000000000080e-01,8.582199999999999551e-02,-2.925650000000000195e-01,-2.474000000000000157e-02,-2.132370000000000099e-01
1.757350000000000023e-01,-2.962499999999999856e-02,1.204569999999999946e-01,3.616010000000000058e-01,8.384600000000000386e-02,2.172500000000000125e-02,2.767789999999999973e-01,1.169020000000000059e-01,-9.232000000000000622e-03,1.000000000000000000e+00,8.801699999999999802e-02,5.468119999999999647e-01,3.289850000000000274e-01,-4.749500000000000249e-02,-1.009089999999999987e-01,3.348550000000000137e-01,3.871390000000000109e-01,3.540809999999999791e-01,1.535479999999999901e-01,1.729320000000000024e-01,1.847739999999999938e-01,1.587459999999999982e-01,1.786979999999999957e-01,5.864070000000000116e-01,2.772959999999999869e-01,1.655359999999999887e-01,-6.486799999999999511e-02,6.103530000000000344e-01,2.130469999999999864e-01,4.411970000000000058e-01,3.601150000000000184e-01,1.397400000000000031e-01,3.384059999999999846e-01,2.650250000000000106e-01,6.170899999999999996e-02,-1.387399999999999918e-02,2.867850000000000121e-01,5.372069999999999901e-01,1.556800000000000128e-01,3.473470000000000169e-01,4.947300000000000031e-01,1.015830000000000066e-01,1.756220000000000003e-01,4.370979999999999865e-01,2.507809999999999762e-01,1.349120000000000041e-01,1.367710000000000037e-01,1.200949999999999934e-01,-9.751700000000000645e-02,1.080679999999999974e-01,1.823599999999999943e-01,3.801680000000000059e-01,1.043489999999999973e-01,2.333000000000000004e-03,8.698280000000000456e-01,-5.043999999999999873e-03,6.741890000000000382e-01,3.331609999999999849e-01,-4.633600000000000219e-02,2.397999999999999958e-03,2.853749999999999898e-01,4.092899999999999872e-01,4.530989999999999740e-01,1.455990000000000062e-01,1.068930000000000019e-01,1.695429999999999993e-01,7.341100000000000403e-02,2.119109999999999883e-01,6.056529999999999969e-01,3.365759999999999863e-01,4.740079999999999849e-01,1.472310000000000008e-01,5.743730000000000224e-01,1.637570000000000137e-01,2.632689999999999753e-01,2.606550000000000256e-01
-2.838289999999999980e-01,2.236609999999999987e-01,8.874400000000000066e-01,4.796299999999999869e-02,6.442980000000000373e-01,2.572980000000000267e-01,-3.022969999999999824e-01,4.485480000000000023e-01,6.829250000000000043e-01,8.801699999999999802e-02,1.000000000000000000e+00,2.602720000000000034e-01,2.873600000000000043e-01,3.036960000000000215e-01,-1.624250000000000138e-01,-6.558799999999999353e-02,1.497610000000000052e-01,-2.132300000000000167e-02,6.475319999999999965e-01,5.009500000000000064e-02,-1.064630000000000021e-01,4.386899999999999827e-02,3.773139999999999827e-01,1.682289999999999897e-01,8.046100000000000474e-02,1.536089999999999955e-01,-1.760690000000000033e-01,4.369190000000000018e-01,-1.969539999999999902e-01,2.337319999999999953e-01,-1.268249999999999933e-01,-9.091200000000000669e-02,-2.798099999999999893e-02,-1.981430000000000136e-01,-1.995869999999999866e-01,1.834790000000000032e-01,7.032700000000000062e-02,6.436799999999999466e-02,1.302310000000000134e-01,-1.915530000000000010e-01,-8.536100000000000632e-02,-2.445430000000000104e-01,1.497159999999999880e-01,1.417059999999999986e-01,-1.721000000000000090e-03,-2.108119999999999994e-01,1.630780000000000007e-01,8.457970000000000210e-01,-1.686709999999999876e-01,3.252309999999999923e-01,1.571909999999999974e-01,-6.119999999999999746e-02,3.379759999999999986e-01,5.824979999999999603e-01,6.435999999999999881e-03,9.086779999999999857e-01,2.289130000000000054e-01,2.781159999999999743e-01,2.192659999999999887e-01,-3.082190000000000207e-01,-5.008399999999999658e-02,1.007799999999999946e-01,-1.146609999999999990e-01,5.984859999999999625e-01,6.103000000000000091e-02,9.759999999999999579e-03,-1.115460000000000063e-01,2.678150000000000253e-01,1.312570000000000126e-01,1.524999999999999967e-01,-9.709000000000000616e-03,-1.846289999999999876e-01,3.615180000000000060e-01,-1.047919999999999963e-01,2.161780000000000090e-01,3.608499999999999902e-02
-1.444249999999999978e-01,2.747020000000000017e-01,3.129020000000000135e-01,2.862640000000000184e-01,2.116169999999999995e-01,5.097939999999999694e-01,-1.616779999999999884e-01,2.950389999999999957e-01,3.834750000000000103e-01,5.468119999999999647e-01,2.602720000000000034e-01,1.000000000000000000e+00,5.106110000000000371e-01,3.405779999999999919e-01,-3.560050000000000159e-01,-8.683399999999999452e-02,3.440819999999999990e-01,1.544169999999999987e-01,4.619880000000000098e-01,1.614039999999999919e-01,-1.566520000000000135e-01,-1.596339999999999981e-01,2.638960000000000194e-01,7.415380000000000305e-01,2.583170000000000188e-01,6.133760000000000323e-01,-3.142490000000000006e-01,4.187919999999999976e-01,-3.101889999999999925e-01,1.832640000000000102e-01,-2.383149999999999991e-01,9.908999999999999406e-03,4.926789999999999781e-01,-2.257560000000000122e-01,-3.382350000000000079e-01,2.025720000000000021e-01,-4.141000000000000236e-02,2.203670000000000073e-01,-1.714100000000000068e-01,3.440509999999999957e-01,-5.553600000000000203e-02,-4.203029999999999822e-01,1.647139999999999993e-01,1.132240000000000052e-01,-1.126370000000000010e-01,-2.002760000000000096e-01,-2.509499999999999925e-02,3.657030000000000003e-01,-3.296700000000000186e-01,2.413339999999999930e-01,3.824339999999999962e-01,-8.953600000000000447e-02,2.166780000000000095e-01,4.992719999999999936e-01,4.385189999999999921e-01,2.652180000000000093e-01,7.838990000000000125e-01,2.933490000000000264e-01,1.884290000000000131e-01,-4.142919999999999936e-01,-2.914889999999999981e-01,-6.909600000000000464e-02,-1.869490000000000041e-01,3.826740000000000141e-01,-4.301599999999999868e-02,-2.461139999999999994e-01,-1.007590000000000013e-01,1.756850000000000078e-01,3.418740000000000112e-01,-6.405800000000000383e-02,3.907959999999999767e-01,-3.330239999999999867e-01,1.620900000000000118e-01,-4.215539999999999843e-01,-1.418400000000000043e-02,-2.774650000000000172e-01
-4.617930000000000090e-01,6.584370000000000500e-01,3.065590000000000259e-01,-1.336700000000000041e-02,2.982159999999999811e-01,7.412710000000000132e-01,-2.390809999999999880e-01,4.051950000000000274e-01,2.932759999999999811e-01,3.289850000000000274e-01,2.873600000000000043e-01,5.106110000000000371e-01,1.000000000000000000e+00,3.747070000000000123e-01,-3.909630000000000050e-01,2.678780000000000050e-01,5.109759999999999858e-01,3.776180000000000092e-01,3.414429999999999965e-01,-1.813160000000000049e-01,-1.562570000000000070e-01,-2.109350000000000114e-01,2.576800000000000201e-01,2.777359999999999829e-01,2.913680000000000159e-01,5.578570000000000473e-01,-2.418579999999999897e-01,6.172379999999999534e-01,-2.948259999999999770e-01,-2.871399999999999994e-02,-3.950609999999999955e-01,8.142800000000000038e-02,4.045500000000000207e-01,-1.651799999999999935e-01,-2.879780000000000117e-01,2.556459999999999844e-01,-1.886799999999999936e-02,1.483069999999999944e-01,-5.709499999999999992e-02,1.187689999999999996e-01,-1.542479999999999962e-01,-3.639330000000000065e-01,1.412499999999999867e-01,5.689999999999999529e-04,-1.614349999999999952e-01,-5.040989999999999638e-01,4.676420000000000021e-01,3.051440000000000263e-01,-2.074090000000000100e-01,1.335010000000000085e-01,5.873829999999999885e-01,-5.616800000000000265e-02,2.735420000000000074e-01,2.928660000000000152e-01,1.758550000000000113e-01,1.800539999999999918e-01,3.821370000000000045e-01,7.654940000000000078e-01,1.719710000000000127e-01,-5.234929999999999861e-01,-3.267820000000000169e-01,6.078100000000000169e-02,-1.177770000000000067e-01,3.215859999999999830e-01,-3.156849999999999934e-01,-1.593179999999999874e-01,-4.259930000000000105e-01,2.379920000000000091e-01,-2.209600000000000106e-02,1.299319999999999919e-01,2.657430000000000070e-01,-3.034069999999999823e-01,1.824330000000000118e-01,-3.743369999999999753e-01,-5.932699999999999779e-02,-4.519279999999999964e-01
-3.265649999999999942e-01,2.480060000000000042e-01,2.516439999999999788e-01,1.385010000000000130e-01,3.306769999999999987e-01,5.228949999999999987e-01,-3.486980000000000079e-01,5.390850000000000364e-01,1.982099999999999973e-01,-4.749500000000000249e-02,3.036960000000000215e-01,3.405779999999999919e-01,3.747070000000000123e-01,1.000000000000000000e+00,-1.823410000000000031e-01,-3.104629999999999890e-01,2.731129999999999947e-01,-5.743399999999999894e-02,3.177269999999999817e-01,-1.489540000000000031e-01,-1.343149999999999900e-01,-3.321140000000000203e-01,4.431599999999999984e-01,1.542709999999999915e-01,-7.571600000000000552e-02,3.050490000000000146e-01,-2.514500000000000068e-01,1.627800000000000080e-01,-4.777310000000000167e-01,-4.573100000000000082e-02,-3.699270000000000058e-01,3.204179999999999806e-01,2.022549999999999903e-01,-2.489959999999999951e-01,-3.615949999999999998e-01,6.452510000000000190e-01,1.236960000000000004e-01,-2.308449999999999946e-01,1.158870000000000039e-01,-5.306099999999999706e-02,-2.899289999999999923e-01,-4.462720000000000020e-01,5.127289999999999903e-01,8.794399999999999440e-02,-3.603339999999999876e-01,-2.941489999999999938e-01,4.561400000000000177e-02,3.018170000000000019e-01,-8.067000000000000559e-02,7.770499999999999630e-02,4.856179999999999941e-01,-3.753699999999999815e-01,5.824460000000000193e-01,2.378089999999999926e-01,-2.639899999999999886e-02,2.754780000000000006e-01,1.708060000000000134e-01,2.993509999999999782e-01,7.271800000000000486e-01,-3.347459999999999880e-01,-3.686519999999999797e-01,-1.894520000000000093e-01,-2.791939999999999977e-01,3.369579999999999798e-01,-4.047649999999999859e-01,-1.579560000000000131e-01,-3.414300000000000113e-01,4.707270000000000065e-01,-1.770780000000000132e-01,-1.315949999999999898e-01,9.799999999999999684e-04,-3.489979999999999749e-01,6.318999999999999964e-03,-4.954479999999999995e-01,-1.374999999999999920e-03,-4.091319999999999957e-01
5.442810000000000148e-01,-3.898070000000000146e-01,-2.406939999999999913e-01,-3.408100000000000018e-02,-2.722499999999999920e-02,-4.143789999999999973e-01,3.633799999999999808e-01,-2.725480000000000125e-01,-2.351399999999999879e-01,-1.009089999999999987e-01,-1.624250000000000138e-01,-3.560050000000000159e-01,-3.909630000000000050e-01,-1.823410000000000031e-01,1.000000000000000000e+00,3.279800000000000076e-02,-8.711999999999999258e-03,-1.049709999999999949e-01,-2.776819999999999844e-01,3.670459999999999834e-01,5.141160000000000174e-01,3.298570000000000113e-01,-8.444200000000000317e-02,4.014000000000000207e-03,-9.005199999999999316e-02,-1.937730000000000008e-01,4.473860000000000059e-01,-4.797200000000000075e-02,5.783209999999999740e-01,2.199160000000000004e-01,4.837609999999999966e-01,1.792370000000000074e-01,-2.000109999999999943e-01,4.233299999999999841e-01,2.514520000000000088e-01,-7.760000000000000231e-02,1.414719999999999867e-01,2.492499999999999924e-02,3.287619999999999987e-01,-1.058769999999999989e-01,3.743310000000000248e-01,3.396339999999999915e-01,8.515799999999999759e-02,1.916480000000000128e-01,2.430819999999999925e-01,6.492499999999999938e-01,-1.797249999999999959e-01,-3.348180000000000045e-01,2.926210000000000200e-01,-9.356399999999999439e-02,-3.970009999999999928e-01,2.875559999999999783e-01,-2.050889999999999935e-01,-3.208409999999999873e-01,2.091399999999999856e-02,-1.701969999999999872e-01,-1.901299999999999935e-01,-4.221389999999999865e-01,5.884299999999999947e-02,7.946250000000000258e-01,3.940219999999999834e-01,8.018699999999999439e-02,2.072539999999999938e-01,-3.683730000000000060e-01,3.870959999999999956e-01,5.003049999999999997e-01,3.724689999999999945e-01,-1.473049999999999915e-01,1.817130000000000134e-01,6.881299999999999917e-02,3.531299999999999717e-02,4.580819999999999892e-01,1.275090000000000112e-01,5.827510000000000190e-01,2.391310000000000102e-01,5.030609999999999804e-01
3.574320000000000275e-01,2.506510000000000127e-01,-2.997100000000000111e-02,-6.720600000000000185e-02,6.311999999999999555e-02,-1.224670000000000064e-01,2.816440000000000055e-01,-2.786699999999999733e-01,-2.994099999999999887e-02,3.348550000000000137e-01,-6.558799999999999353e-02,-8.683399999999999452e-02,2.678780000000000050e-01,-3.104629999999999890e-01,3.279800000000000076e-02,1.000000000000000000e+00,3.470369999999999844e-01,6.803289999999999615e-01,-2.119999999999999923e-03,1.150759999999999977e-01,2.316610000000000058e-01,4.395270000000000010e-01,-2.054650000000000087e-01,5.786299999999999777e-02,4.361539999999999861e-01,1.359889999999999988e-01,2.211079999999999990e-01,2.913780000000000259e-01,4.843669999999999920e-01,-1.682700000000000168e-02,3.763870000000000271e-01,5.453899999999999720e-02,3.010800000000000143e-01,4.405209999999999959e-01,-1.187160000000000021e-01,-2.951059999999999794e-01,-1.578569999999999973e-01,-6.295000000000000248e-03,7.783299999999999941e-02,3.366620000000000168e-01,4.021989999999999732e-01,5.248099999999999987e-02,-1.306879999999999986e-01,-4.068599999999999994e-02,-5.452599999999999808e-02,2.491790000000000116e-01,3.813489999999999935e-01,-5.139300000000000118e-02,-8.180800000000000571e-02,1.175699999999999940e-01,-4.795200000000000157e-02,4.327739999999999920e-01,-3.371319999999999872e-01,-4.184700000000000225e-02,2.437209999999999932e-01,-1.420460000000000056e-01,-7.208699999999999830e-02,3.356270000000000087e-01,-3.774250000000000105e-01,1.973169999999999924e-01,5.380160000000000498e-01,3.574649999999999772e-01,6.013680000000000136e-01,-4.687600000000000100e-02,2.289210000000000134e-01,1.758200000000000041e-01,3.171860000000000235e-01,-2.011409999999999865e-01,1.906160000000000077e-01,3.318829999999999836e-01,3.603109999999999924e-01,2.955699999999999994e-01,2.908879999999999799e-01,3.897920000000000273e-01,-2.614400000000000057e-02,2.897279999999999855e-01
4.157299999999999884e-02,1.569250000000000089e-01,1.761699999999999933e-01,1.392879999999999951e-01,9.770800000000000318e-02,2.066020000000000079e-01,-1.432039999999999980e-01,1.469570000000000043e-01,1.075900000000000051e-01,3.871390000000000109e-01,1.497610000000000052e-01,3.440819999999999990e-01,5.109759999999999858e-01,2.731129999999999947e-01,-8.711999999999999258e-03,3.470369999999999844e-01,1.000000000000000000e+00,2.174359999999999904e-01,2.182630000000000126e-01,-3.053900000000000017e-02,2.589040000000000230e-01,4.580800000000000149e-02,1.830710000000000115e-01,5.290679999999999827e-01,1.964529999999999887e-01,4.220709999999999740e-01,-2.704340000000000077e-01,4.304970000000000185e-01,-5.510000000000000314e-02,-5.603799999999999754e-02,4.387100000000000027e-02,8.670600000000000529e-02,3.540909999999999891e-01,1.062120000000000009e-01,-2.503650000000000042e-01,3.894719999999999849e-01,1.349090000000000011e-01,7.502499999999999447e-02,7.377899999999999736e-02,2.815989999999999882e-01,1.819109999999999894e-01,-2.158100000000000018e-01,4.941999999999999726e-01,3.368090000000000250e-01,-3.015899999999999831e-02,9.154800000000000437e-02,1.342029999999999890e-01,1.695379999999999943e-01,6.873100000000000043e-02,2.496999999999999914e-02,2.031459999999999932e-01,2.661200000000000024e-02,9.945299999999999974e-02,1.070910000000000056e-01,4.494639999999999747e-01,7.606499999999999373e-02,3.722449999999999926e-01,5.091050000000000297e-01,3.200399999999999912e-01,2.569199999999999956e-02,1.946239999999999915e-01,3.576070000000000082e-01,2.342200000000000115e-01,1.379519999999999913e-01,-1.546639999999999959e-01,2.254589999999999927e-01,-4.557200000000000140e-02,1.918519999999999948e-01,3.336270000000000069e-01,3.883700000000000346e-02,4.009619999999999851e-01,-1.798019999999999896e-01,2.880210000000000270e-01,-6.475999999999999812e-02,2.514100000000000015e-02,-2.810500000000000151e-02
1.833079999999999987e-01,4.127009999999999845e-01,-7.898999999999999772e-03,-1.571430000000000049e-01,2.992279999999999940e-01,1.338600000000000068e-01,4.523940000000000183e-01,-1.785269999999999913e-01,8.011899999999999578e-02,3.540809999999999791e-01,-2.132300000000000167e-02,1.544169999999999987e-01,3.776180000000000092e-01,-5.743399999999999894e-02,-1.049709999999999949e-01,6.803289999999999615e-01,2.174359999999999904e-01,1.000000000000000000e+00,4.760500000000000148e-02,1.506180000000000019e-01,-1.133429999999999993e-01,2.163410000000000055e-01,-1.719539999999999957e-01,4.385100000000000109e-02,6.363809999999999745e-01,2.845010000000000039e-01,3.878820000000000046e-01,1.877199999999999980e-01,4.154900000000000260e-01,3.254100000000000048e-02,1.440420000000000034e-01,1.181480000000000030e-01,5.221710000000000518e-01,1.200230000000000047e-01,-3.839049999999999963e-01,-2.637010000000000187e-01,-2.485799999999999954e-01,-2.460179999999999867e-01,-4.023999999999999799e-02,3.507049999999999890e-01,1.342170000000000030e-01,-2.703510000000000080e-01,-2.118490000000000095e-01,-2.378689999999999971e-01,-4.192400000000000015e-01,1.065259999999999957e-01,4.586600000000000121e-01,1.987900000000000084e-02,-2.986269999999999758e-01,2.868890000000000051e-01,1.696130000000000138e-01,3.626190000000000246e-01,-2.361560000000000048e-01,1.053850000000000064e-01,2.275200000000000000e-01,-8.648799999999999544e-02,-1.222680000000000017e-01,2.774249999999999772e-01,-2.057410000000000072e-01,-1.054999999999999948e-03,2.070470000000000088e-01,-2.012500000000000053e-02,5.500129999999999741e-01,1.343010000000000037e-01,3.089499999999999885e-02,-1.510620000000000018e-01,1.549030000000000129e-01,-1.532830000000000026e-01,-7.496800000000000685e-02,4.709900000000000198e-01,2.664830000000000254e-01,3.657969999999999833e-01,1.047840000000000021e-01,1.558819999999999928e-01,-1.772610000000000019e-01,-3.359999999999999814e-04
-2.514950000000000241e-01,3.398680000000000034e-01,7.137630000000000363e-01,1.942029999999999867e-01,3.510869999999999824e-01,3.446480000000000099e-01,-1.894000000000000128e-01,3.902709999999999790e-01,5.247920000000000362e-01,1.535479999999999901e-01,6.475319999999999965e-01,4.619880000000000098e-01,3.414429999999999965e-01,3.177269999999999817e-01,-2.776819999999999844e-01,-2.119999999999999923e-03,2.182630000000000126e-01,4.760500000000000148e-02,1.000000000000000000e+00,1.692180000000000073e-01,-1.401350000000000096e-01,7.610799999999999510e-02,2.701270000000000060e-01,3.002710000000000101e-01,2.053129999999999955e-01,4.194390000000000063e-01,-1.926670000000000049e-01,3.856229999999999936e-01,-2.485809999999999964e-01,2.196649999999999991e-01,-1.924530000000000129e-01,5.089799999999999880e-02,3.071989999999999998e-01,-1.852910000000000112e-01,-3.148920000000000052e-01,1.915219999999999978e-01,-1.560500000000000081e-02,-2.953400000000000122e-02,4.989999999999999991e-02,5.556200000000000028e-02,-1.119799999999999962e-01,-3.361000000000000099e-01,2.112559999999999993e-01,1.325240000000000029e-01,-1.865970000000000129e-01,-2.045379999999999976e-01,1.707100000000000006e-01,6.374389999999999779e-01,-2.084870000000000057e-01,1.916069999999999995e-01,1.185940000000000050e-01,-9.834500000000000186e-02,2.545729999999999937e-01,5.257610000000000339e-01,9.306799999999999795e-02,5.984610000000000207e-01,3.457649999999999890e-01,2.516619999999999968e-01,1.775839999999999919e-01,-3.969909999999999828e-01,-1.693159999999999943e-01,-6.874399999999999955e-02,-2.291489999999999916e-01,8.015959999999999752e-01,5.503399999999999959e-02,-7.768899999999999417e-02,-9.249000000000000277e-02,1.392859999999999931e-01,8.777999999999999692e-02,5.623000000000000220e-02,1.013339999999999935e-01,-2.651979999999999893e-01,2.641910000000000092e-01,-2.807620000000000116e-01,1.250600000000000045e-01,-1.149740000000000067e-01
5.228789999999999827e-01,-1.764699999999999880e-01,2.631999999999999791e-03,2.279499999999999929e-02,2.625979999999999981e-01,-3.020399999999999752e-01,4.255829999999999891e-01,-2.257190000000000030e-01,1.868479999999999863e-01,1.729320000000000024e-01,5.009500000000000064e-02,1.614039999999999919e-01,-1.813160000000000049e-01,-1.489540000000000031e-01,3.670459999999999834e-01,1.150759999999999977e-01,-3.053900000000000017e-02,1.506180000000000019e-01,1.692180000000000073e-01,1.000000000000000000e+00,2.070510000000000128e-01,6.883470000000000422e-01,-1.360879999999999868e-01,1.844540000000000068e-01,1.536409999999999998e-01,8.995599999999999430e-02,3.434960000000000235e-01,1.770770000000000122e-01,4.912739999999999885e-01,4.012839999999999741e-01,4.372469999999999968e-01,3.618410000000000237e-01,1.913860000000000006e-01,3.654100000000000126e-01,-9.651500000000000357e-02,-1.997240000000000126e-01,-5.581900000000000056e-02,-1.844099999999999906e-02,2.490670000000000106e-01,2.907379999999999964e-01,4.267619999999999747e-01,5.791299999999999920e-02,-7.723099999999999410e-02,4.558100000000000346e-02,-5.283999999999999808e-02,5.220810000000000173e-01,-1.483289999999999886e-01,8.829999999999999958e-04,-1.623159999999999881e-01,2.636290000000000022e-01,-2.331900000000000084e-01,3.984010000000000051e-01,-2.559730000000000061e-01,2.256259999999999932e-01,1.742819999999999925e-01,8.814800000000000413e-02,3.908600000000000269e-02,-2.050810000000000133e-01,-1.464050000000000074e-01,3.914469999999999894e-01,2.887440000000000007e-01,-1.522959999999999869e-01,2.195769999999999944e-01,9.926000000000000795e-03,7.847619999999999596e-01,1.445889999999999953e-01,6.479740000000000499e-01,-1.801000000000000101e-01,1.542699999999999905e-01,1.175780000000000020e-01,2.469610000000000138e-01,2.981289999999999774e-01,2.553239999999999954e-01,3.598399999999999932e-01,3.357760000000000189e-01,4.828169999999999962e-01
