1.000000000000000000e+00,2.308520000000000016e-01,9.847499999999999309e-02,-1.361150000000000138e-01,1.646859999999999991e-01,2.562199999999999894e-02,4.821000000000000285e-02,-4.402099999999999763e-02,-2.995899999999999952e-02,-1.043049999999999949e-01,6.784900000000000653e-02,-2.114270000000000038e-01,2.827890000000000126e-01,1.862449999999999939e-01,2.353020000000000111e-01,6.370609999999999884e-01,2.699920000000000098e-01,4.893270000000000119e-01,1.817100000000000104e-01,3.779910000000000214e-01,6.196310000000000429e-01,4.431089999999999751e-01,2.117880000000000040e-01,-4.298899999999999944e-02,3.376370000000000204e-01,2.702809999999999935e-01,7.871999999999999831e-02,5.587600000000000344e-01,4.609260000000000024e-01,5.828029999999999600e-01,7.186700000000000310e-01,5.784500000000000197e-01,1.405399999999999983e-01,4.911980000000000235e-01,6.547100000000000142e-02,2.374280000000000002e-01,1.354470000000000118e-01,-1.701880000000000059e-01,4.586430000000000229e-01,4.982000000000000317e-03,3.933019999999999849e-01,1.880010000000000014e-01,-3.962000000000000244e-02,-4.840000000000000010e-04,-1.111710000000000059e-01,7.296380000000000088e-01,1.668979999999999908e-01,-2.615100000000000063e-02,-2.197040000000000104e-01,1.430790000000000117e-01,-2.506699999999999900e-02,4.663699999999999790e-02,-8.259199999999999875e-02,6.642499999999999793e-02,-1.806830000000000103e-01,1.406899999999999991e-02,-2.616089999999999804e-01,9.704799999999999538e-02,2.052869999999999973e-01,1.886929999999999996e-01,5.298490000000000144e-01,8.005400000000000016e-02,5.361979999999999524e-01,2.648490000000000011e-01,3.520340000000000136e-01,6.051699999999999857e-01,4.419859999999999900e-01,4.287000000000000012e-03,-1.360979999999999968e-01,1.735889999999999933e-01,2.947819999999999885e-01,-3.738799999999999762e-02,3.369880000000000098e-01,3.842800000000000105e-01,5.929959999999999676e-01,6.018580000000000041e-01
2.308520000000000016e-01,1.000000000000000000e+00,1.255600000000000049e-01,2.341139999999999888e-01,7.428400000000000281e-02,6.452459999999999862e-01,-1.571900000000000033e-02,3.996009999999999840e-01,-3.477299999999999836e-02,3.670869999999999966e-01,-1.694120000000000070e-01,4.046370000000000244e-01,5.200649999999999995e-01,3.317240000000000189e-01,-1.472009999999999985e-01,2.435809999999999920e-01,4.718689999999999829e-01,3.372390000000000110e-01,3.814409999999999745e-01,-1.027350000000000069e-01,1.727569999999999939e-01,-2.572599999999999887e-02,2.507030000000000092e-01,3.814049999999999940e-01,6.593329999999999469e-01,6.932319999999999593e-01,-1.293580000000000008e-01,2.148450000000000082e-01,-3.967799999999999799e-02,2.433929999999999982e-01,-3.503499999999999670e-02,3.318610000000000171e-01,4.683470000000000133e-01,9.766299999999999981e-02,2.178759999999999863e-01,-6.855799999999999395e-02,-1.433099999999999999e-02,1.048219999999999985e-01,4.211869999999999781e-01,2.965079999999999938e-01,6.962799999999999545e-02,6.458400000000000252e-02,2.129550000000000054e-01,-4.482400000000000273e-02,8.845999999999999697e-03,2.319670000000000065e-01,5.200789999999999580e-01,-2.112320000000000031e-01,1.953539999999999999e-01,2.935000000000000109e-03,3.278240000000000043e-01,-7.080899999999999694e-02,3.834589999999999943e-01,-2.708899999999999850e-02,3.351970000000000227e-01,-1.183720000000000050e-01,3.705899999999999750e-01,4.301380000000000203e-01,2.545209999999999972e-01,-8.155700000000000449e-02,-7.529999999999999801e-04,4.916059999999999874e-01,3.341979999999999951e-01,1.449129999999999863e-01,8.006399999999999628e-02,2.889500000000000055e-02,9.971000000000000696e-03,1.247329999999999967e-01,2.728940000000000254e-01,4.705030000000000046e-01,5.633099999999999774e-01,-1.234409999999999952e-01,2.826690000000000036e-01,-2.282299999999999954e-02,1.261110000000000009e-01,5.411300000000000138e-02
9.847499999999999309e-02,1.255600000000000049e-01,1.000000000000000000e+00,1.486419999999999964e-01,5.616349999999999953e-01,2.092469999999999886e-01,1.696249999999999980e-01,5.240999999999999999e-03,5.469009999999999705e-01,2.069580000000000031e-01,3.851570000000000271e-01,2.156540000000000123e-01,2.385879999999999945e-01,3.082719999999999905e-01,3.565650000000000208e-01,1.048300000000000065e-01,2.986639999999999850e-01,1.061669999999999975e-01,7.505159999999999609e-01,3.462859999999999827e-01,-7.272800000000000098e-02,2.636569999999999747e-01,-4.397399999999999920e-02,1.437680000000000069e-01,-3.377100000000000241e-02,2.796629999999999949e-01,1.521009999999999862e-01,3.938980000000000259e-01,1.155219999999999997e-01,3.109999999999999987e-01,9.809299999999999964e-02,-3.346500000000000169e-02,2.827599999999999905e-02,1.022490000000000065e-01,2.838049999999999740e-01,2.433530000000000137e-01,1.776899999999999868e-01,1.653370000000000117e-01,-9.330099999999999505e-02,6.486799999999999511e-02,8.633799999999999808e-02,1.113399999999999945e-01,-1.203820000000000029e-01,-2.110499999999999876e-02,1.570890000000000064e-01,1.549700000000000036e-02,8.955399999999999472e-02,4.331300000000000150e-01,3.902000000000000086e-03,2.891679999999999806e-01,7.680800000000000127e-02,3.585869999999999891e-01,-6.423900000000000443e-02,5.401259999999999950e-01,2.255230000000000012e-01,2.973129999999999939e-01,1.657069999999999932e-01,3.193920000000000092e-01,2.282270000000000132e-01,4.132779999999999787e-01,3.873499999999999860e-02,2.041689999999999894e-01,9.391800000000000148e-02,6.293670000000000098e-01,4.077219999999999733e-01,-5.193300000000000000e-02,3.098799999999999888e-01,-2.151700000000000140e-02,1.985220000000000040e-01,-2.886999999999999809e-03,1.019899999999999973e-01,3.204890000000000239e-01,3.061610000000000165e-01,3.807599999999999874e-02,2.141560000000000130e-01,4.243399999999999950e-02
-1.361150000000000138e-01,2.341139999999999888e-01,1.486419999999999964e-01,1.000000000000000000e+00,9.441499999999999893e-02,1.308350000000000068e-01,1.751060000000000116e-01,2.850900000000000101e-01,2.726770000000000027e-01,8.494009999999999616e-01,-3.674100000000000282e-02,6.876069999999999682e-01,5.111639999999999517e-01,2.954129999999999812e-01,-3.692619999999999791e-01,2.276050000000000018e-01,4.938440000000000052e-01,2.561820000000000208e-01,3.334030000000000049e-01,-1.701479999999999937e-01,-2.078740000000000032e-01,-1.707569999999999921e-01,-4.784299999999999664e-02,6.799770000000000536e-01,2.784159999999999968e-01,4.708660000000000068e-01,-1.218459999999999960e-01,3.526469999999999883e-01,-1.774650000000000116e-01,2.948540000000000050e-01,-5.272999999999999909e-03,-1.765440000000000065e-01,3.047159999999999869e-01,1.555759999999999921e-01,4.517600000000000088e-02,-5.779570000000000540e-01,2.483420000000000072e-01,6.939079999999999693e-01,3.749500000000000055e-02,4.686179999999999790e-01,3.025019999999999931e-01,-1.007709999999999995e-01,6.234169999999999989e-01,5.224990000000000467e-01,4.921209999999999751e-01,1.167760000000000048e-01,1.960200000000000137e-02,-2.881299999999999834e-02,9.149380000000000290e-01,3.497730000000000006e-01,1.168239999999999973e-01,-3.680000000000000003e-04,2.695049999999999946e-01,1.433500000000000052e-02,6.612770000000000037e-01,1.939600000000000005e-02,7.232849999999999557e-01,2.532340000000000146e-01,2.956019999999999759e-01,-4.044570000000000110e-01,-1.324380000000000002e-01,7.435580000000000522e-01,1.786359999999999892e-01,1.994859999999999967e-01,-1.365439999999999987e-01,-3.054540000000000033e-01,-3.279779999999999918e-01,-6.399699999999999833e-02,7.036550000000000304e-01,4.802399999999999725e-02,3.623850000000000127e-01,-2.435859999999999970e-01,5.599030000000000395e-01,-2.796139999999999737e-01,1.938000000000000139e-02,3.358929999999999971e-01
1.646859999999999991e-01,7.428400000000000281e-02,5.616349999999999953e-01,9.441499999999999893e-02,1.000000000000000000e+00,6.992199999999999804e-02,6.060370000000000479e-01,-1.253259999999999930e-01,6.850380000000000358e-01,5.810499999999999693e-02,5.992410000000000236e-01,3.105799999999999880e-02,4.544869999999999743e-01,5.373080000000000078e-01,4.389649999999999941e-01,3.049919999999999853e-01,3.485249999999999737e-01,3.334820000000000007e-01,3.849670000000000036e-01,5.626299999999999635e-01,1.527129999999999876e-01,5.416299999999999448e-01,-4.795999999999999916e-03,1.019499999999999920e-02,4.501700000000000146e-02,1.297460000000000002e-01,5.712720000000000020e-01,5.080999999999999961e-01,5.531930000000000458e-01,3.985480000000000134e-01,3.170040000000000080e-01,1.730200000000000141e-02,2.759599999999999900e-02,2.443140000000000034e-01,6.929399999999999449e-02,4.412579999999999836e-01,5.595200000000000173e-01,2.461730000000000029e-01,-4.035299999999999998e-02,3.294400000000000106e-02,3.022929999999999784e-01,1.252850000000000075e-01,-6.458500000000000352e-02,1.443609999999999893e-01,2.167100000000000137e-01,-3.384999999999999988e-03,1.458240000000000092e-01,3.631730000000000236e-01,-3.497000000000000108e-02,5.715789999999999482e-01,8.958800000000000097e-02,7.448209999999999553e-01,-1.361640000000000073e-01,6.877429999999999932e-01,1.244439999999999991e-01,4.797139999999999738e-01,-2.095199999999999840e-02,4.209600000000000009e-01,4.852389999999999759e-01,4.339450000000000252e-01,3.131970000000000032e-01,3.259900000000000297e-02,4.520069999999999921e-01,4.011649999999999938e-01,5.825890000000000235e-01,2.048760000000000026e-01,5.261350000000000193e-01,8.790000000000000070e-04,5.950300000000000034e-02,-4.774699999999999778e-02,3.971399999999999930e-02,5.027160000000000517e-01,3.992769999999999930e-01,3.536380000000000079e-01,2.833999999999999853e-01,2.371769999999999989e-01
2.562199999999999894e-02,6.452459999999999862e-01,2.092469999999999886e-01,1.308350000000000068e-01,6.992199999999999804e-02,1.000000000000000000e+00,8.788500000000000478e-02,6.770859999999999657e-01,2.455600000000000144e-02,1.995419999999999972e-01,9.386000000000000246e-03,3.037230000000000207e-01,4.597600000000000020e-01,2.855960000000000165e-01,-1.031870000000000009e-01,-1.894029999999999880e-01,2.211919999999999997e-01,8.227999999999999203e-03,2.179969999999999963e-01,-1.351040000000000019e-01,1.433760000000000034e-01,-3.322559999999999958e-01,5.833390000000000519e-01,2.160880000000000023e-01,2.205459999999999920e-01,3.568290000000000073e-01,-9.901999999999999344e-03,7.063400000000000234e-02,-1.524459999999999982e-01,2.034809999999999952e-01,-1.445710000000000051e-01,1.517290000000000028e-01,3.346850000000000103e-01,8.215999999999999345e-03,-1.914599999999999982e-02,2.567849999999999855e-01,1.238999999999999962e-01,1.073520000000000030e-01,1.892560000000000076e-01,2.316779999999999951e-01,-2.072299999999999837e-02,-1.077329999999999954e-01,2.816609999999999947e-01,4.324800000000000172e-02,9.215299999999999880e-02,1.624899999999999956e-02,2.975289999999999879e-01,4.147100000000000092e-02,1.355379999999999918e-01,5.965000000000000163e-02,6.135169999999999790e-01,4.517199999999999688e-02,6.246279999999999610e-01,1.141380000000000033e-01,1.232599999999999946e-01,4.465399999999999925e-02,3.932579999999999965e-01,4.765289999999999804e-01,2.999609999999999776e-01,-2.340300000000000019e-02,-1.609889999999999932e-01,2.613309999999999800e-01,5.660300000000000054e-02,2.483460000000000112e-01,-6.236900000000000083e-02,5.181000000000000189e-02,-1.982109999999999983e-01,4.854010000000000269e-01,2.772629999999999817e-01,2.627269999999999883e-01,3.646490000000000009e-01,-3.106199999999999933e-02,2.292089999999999961e-01,-3.834699999999999914e-02,7.334400000000000641e-02,-1.682039999999999924e-01
4.821000000000000285e-02,-1.571900000000000033e-02,1.696249999999999980e-01,1.751060000000000116e-01,6.060370000000000479e-01,8.788500000000000478e-02,1.000000000000000000e+00,5.412000000000000144e-02,5.055680000000000174e-01,1.108119999999999938e-01,4.329399999999999915e-01,-1.698540000000000050e-01,4.445109999999999895e-01,2.432549999999999990e-01,1.609500000000000167e-02,3.135040000000000049e-01,1.958999999999999908e-01,4.714880000000000182e-01,5.960800000000000126e-02,4.122839999999999838e-01,2.604250000000000176e-01,3.597250000000000170e-01,1.248200000000000004e-02,-2.247300000000000131e-01,-4.286100000000000326e-02,-2.505330000000000057e-01,6.971789999999999932e-01,2.002559999999999896e-01,5.549209999999999976e-01,2.283870000000000067e-01,3.394329999999999847e-01,-5.212300000000000266e-02,1.498099999999999987e-01,2.807740000000000236e-01,-3.551179999999999892e-01,2.265540000000000054e-01,5.355240000000000000e-01,2.180880000000000041e-01,-2.126300000000000065e-02,2.026110000000000133e-01,2.770299999999999985e-01,-2.668209999999999749e-01,2.315099999999999936e-01,3.674700000000000188e-01,9.427599999999999869e-02,-1.655600000000000127e-01,-2.661099999999999924e-02,2.195620000000000072e-01,1.076700000000000018e-01,5.464280000000000248e-01,1.352250000000000119e-01,7.845210000000000239e-01,-8.590599999999999625e-02,4.723390000000000088e-01,-1.309430000000000038e-01,3.793739999999999890e-01,-1.370319999999999871e-01,1.191600000000000020e-01,2.423760000000000081e-01,-4.596599999999999991e-02,4.209689999999999821e-01,-4.223699999999999677e-02,4.281559999999999810e-01,3.233790000000000275e-01,3.222940000000000249e-01,1.840400000000000091e-01,3.072349999999999803e-01,-3.208600000000000341e-02,-1.931819999999999926e-01,-6.189700000000000063e-02,-2.735500000000000154e-01,3.218559999999999754e-01,2.324809999999999932e-01,3.247709999999999764e-01,2.543920000000000070e-01,3.207160000000000011e-01
-4.402099999999999763e-02,3.996009999999999840e-01,5.240999999999999999e-03,2.850900000000000101e-01,-1.253259999999999930e-01,6.770859999999999657e-01,5.412000000000000144e-02,1.000000000000000000e+00,7.735899999999999721e-02,1.779239999999999988e-01,1.365679999999999950e-01,3.865129999999999955e-01,2.404159999999999908e-01,6.265600000000000336e-02,-3.674390000000000156e-01,-1.969549999999999912e-01,2.189530000000000087e-01,-2.263499999999999887e-02,8.745899999999999508e-02,-2.106889999999999874e-01,1.253180000000000127e-01,-4.178999999999999937e-01,6.545419999999999572e-01,2.008449999999999958e-01,2.327999999999999861e-02,2.697030000000000260e-01,-8.643599999999999894e-02,3.235699999999999688e-02,-3.870279999999999831e-01,1.544460000000000000e-01,-1.816109999999999947e-01,6.299000000000000432e-02,4.397539999999999782e-01,5.479799999999999949e-02,-3.213449999999999918e-01,-2.546999999999999785e-03,1.896329999999999960e-01,2.492310000000000081e-01,2.009789999999999910e-01,4.542010000000000214e-01,3.812700000000000117e-02,-4.504440000000000111e-01,5.361420000000000075e-01,2.686810000000000032e-01,1.570360000000000089e-01,3.390999999999999917e-03,1.653870000000000062e-01,1.081469999999999931e-01,3.252320000000000211e-01,3.062599999999999767e-01,5.548370000000000246e-01,1.133600000000000059e-02,8.636160000000000503e-01,1.146910000000000013e-01,1.025139999999999940e-01,1.771419999999999939e-01,5.118570000000000064e-01,2.502420000000000200e-01,3.035499999999999865e-01,-2.373399999999999954e-01,-2.683150000000000257e-01,2.593599999999999794e-01,-7.088500000000000356e-02,2.957029999999999936e-01,-2.393909999999999927e-01,3.307199999999999723e-02,-3.207019999999999871e-01,5.843509999999999538e-01,3.602110000000000034e-01,3.383300000000000196e-02,3.469740000000000046e-01,-2.722870000000000013e-01,2.685449999999999782e-01,-2.784940000000000193e-01,1.369360000000000022e-01,-7.148500000000000687e-02
-2.995899999999999952e-02,-3.477299999999999836e-02,5.469009999999999705e-01,2.726770000000000027e-01,6.850380000000000358e-01,2.455600000000000144e-02,5.055680000000000174e-01,7.735899999999999721e-02,1.000000000000000000e+00,1.430329999999999935e-01,7.029570000000000540e-01,6.598199999999999898e-02,3.569609999999999728e-01,1.881240000000000134e-01,8.422999999999999932e-02,5.506199999999999983e-02,3.461090000000000000e-01,2.757459999999999911e-01,4.226730000000000209e-01,4.804379999999999762e-01,-1.749249999999999972e-01,2.647979999999999778e-01,-1.640210000000000001e-01,-7.287000000000000421e-02,-1.633600000000000052e-01,1.476700000000000061e-02,4.662410000000000165e-01,3.740840000000000276e-01,1.725059999999999927e-01,2.632979999999999765e-01,6.172099999999999809e-02,-1.797020000000000006e-01,2.231249999999999900e-01,1.176380000000000065e-01,-3.111729999999999774e-01,2.692039999999999988e-01,5.822450000000000125e-01,3.687889999999999779e-01,-1.842139999999999889e-01,4.362809999999999744e-01,1.981640000000000068e-01,-3.649649999999999839e-01,2.921770000000000200e-01,5.127230000000000398e-01,2.391620000000000135e-01,-2.715299999999999936e-01,6.251099999999999712e-02,4.544819999999999971e-01,1.792469999999999897e-01,7.430170000000000385e-01,1.422450000000000103e-01,6.525999999999999579e-01,-5.079100000000000281e-02,8.832060000000000466e-01,1.529600000000000057e-02,5.642530000000000046e-01,1.187900000000000067e-01,2.703430000000000000e-01,3.851160000000000139e-01,2.280820000000000070e-01,1.474820000000000020e-01,1.288090000000000068e-01,3.070189999999999864e-01,6.314699999999999758e-01,4.606230000000000047e-01,-1.355830000000000091e-01,3.767579999999999818e-01,-5.149399999999999811e-02,8.506600000000000272e-02,-1.642149999999999999e-01,4.602699999999999847e-02,2.192550000000000054e-01,4.684729999999999728e-01,4.551700000000000190e-02,3.357550000000000257e-01,1.013789999999999969e-01
-1.043049999999999949e-01,3.670869999999999966e-01,2.069580000000000031e-01,8.494009999999999616e-01,5.810499999999999693e-02,1.995419999999999972e-01,1.108119999999999938e-01,1.779239999999999988e-01,1.430329999999999935e-01,1.000000000000000000e+00,-1.577780000000000016e-01,7.317329999999999668e-01,5.107230000000000381e-01,3.442729999999999957e-01,-3.779500000000000082e-01,2.811730000000000063e-01,6.051339999999999497e-01,3.839739999999999820e-01,4.354560000000000097e-01,-2.151530000000000109e-01,-2.493849999999999956e-01,-1.810769999999999880e-01,-1.433200000000000029e-01,7.871569999999999956e-01,3.876319999999999766e-01,6.047420000000000018e-01,-2.060800000000000132e-01,3.470610000000000084e-01,-1.996950000000000114e-01,2.183519999999999905e-01,1.699999999999999987e-05,-1.589399999999999841e-02,2.945400000000000240e-01,8.298800000000000621e-02,2.078430000000000000e-01,-5.263529999999999598e-01,1.268340000000000023e-01,6.809300000000000352e-01,1.427509999999999890e-01,4.424469999999999792e-01,2.113939999999999986e-01,8.057499999999999385e-02,5.043520000000000225e-01,4.234109999999999818e-01,5.796299999999999786e-01,9.901899999999999591e-02,-2.503199999999999870e-02,-1.146130000000000065e-01,8.262739999999999529e-01,1.915659999999999863e-01,3.055799999999999836e-02,-1.072680000000000022e-01,1.790390000000000037e-01,-5.138500000000000012e-02,7.679289999999999727e-01,-1.153389999999999971e-01,7.301670000000000105e-01,2.362640000000000018e-01,1.501790000000000069e-01,-3.739250000000000074e-01,-2.412640000000000062e-01,8.325540000000000163e-01,1.851980000000000015e-01,1.739189999999999903e-01,-7.538699999999999568e-02,-4.085710000000000175e-01,-3.381500000000000061e-01,-2.053560000000000108e-01,6.973850000000000326e-01,8.103299999999999392e-02,3.033139999999999725e-01,-2.855489999999999973e-01,5.079540000000000166e-01,-3.271279999999999744e-01,-6.648199999999999943e-02,2.770900000000000030e-01
6.784900000000000653e-02,-1.694120000000000070e-01,3.851570000000000271e-01,-3.674100000000000282e-02,5.992410000000000236e-01,9.386000000000000246e-03,4.329399999999999915e-01,1.365679999999999950e-01,7.029570000000000540e-01,-1.577780000000000016e-01,1.000000000000000000e+00,-1.761629999999999863e-01,1.306289999999999951e-01,4.792799999999999838e-02,1.779519999999999991e-01,-5.286400000000000127e-02,3.709500000000000297e-02,7.130799999999999639e-02,1.162900000000000045e-01,4.023840000000000194e-01,1.821400000000000102e-02,1.689819999999999933e-01,7.182600000000000096e-02,-3.121209999999999818e-01,-2.324509999999999910e-01,-1.963709999999999900e-01,4.371970000000000023e-01,1.757930000000000048e-01,1.576190000000000091e-01,1.761719999999999953e-01,5.767400000000000304e-02,-2.635850000000000137e-01,1.230720000000000008e-01,1.982400000000000134e-02,-3.636759999999999993e-01,3.885529999999999817e-01,4.340550000000000241e-01,1.223159999999999942e-01,-2.856920000000000015e-01,2.969780000000000197e-01,6.526099999999999957e-02,-3.321899999999999853e-01,6.142700000000000243e-02,2.933189999999999964e-01,1.193690000000000029e-01,-2.096939999999999915e-01,-2.876300000000000037e-02,6.746320000000000094e-01,-2.989800000000000096e-02,7.026109999999999856e-01,1.015550000000000064e-01,5.842009999999999703e-01,-2.640000000000000202e-04,8.088440000000000074e-01,-2.700549999999999895e-01,8.236780000000000213e-01,-8.459400000000000253e-02,1.405869999999999898e-01,3.282059999999999977e-01,3.389340000000000130e-01,2.051209999999999978e-01,-1.821149999999999991e-01,1.312780000000000058e-01,5.056969999999999521e-01,3.647389999999999799e-01,1.027829999999999994e-01,3.037969999999999837e-01,1.046760000000000052e-01,-1.313469999999999915e-01,-1.891529999999999878e-01,-1.104819999999999969e-01,3.062650000000000095e-01,2.315280000000000116e-01,8.987199999999999356e-02,3.477480000000000016e-01,-9.868000000000000035e-03
-2.114270000000000038e-01,4.046370000000000244e-01,2.156540000000000123e-01,6.876069999999999682e-01,3.105799999999999880e-02,3.037230000000000207e-01,-1.698540000000000050e-01,3.865129999999999955e-01,6.598199999999999898e-02,7.317329999999999668e-01,-1.761629999999999863e-01,1.000000000000000000e+00,3.422540000000000027e-01,3.655640000000000001e-01,-1.446850000000000080e-01,1.310300000000000006e-02,5.827090000000000325e-01,5.098400000000000154e-02,5.180029999999999912e-01,-2.790900000000000047e-01,-3.237619999999999942e-01,-2.446419999999999983e-01,1.109580000000000011e-01,8.987910000000000066e-01,3.260339999999999905e-01,7.528890000000000304e-01,-4.021469999999999767e-01,2.890079999999999871e-01,-4.700840000000000019e-01,1.425140000000000018e-01,-2.780630000000000046e-01,-5.627000000000000057e-03,3.408700000000000063e-01,-5.050899999999999834e-02,3.898229999999999751e-01,-3.855970000000000231e-01,7.074199999999999933e-02,6.430000000000000160e-01,1.260580000000000034e-01,3.260649999999999937e-01,7.492799999999999461e-02,1.731739999999999946e-01,3.869250000000000189e-01,1.419630000000000059e-01,5.833739999999999482e-01,7.218900000000000317e-02,1.244669999999999943e-01,-4.493599999999999678e-02,6.417000000000000481e-01,4.878400000000000097e-02,1.266170000000000073e-01,-2.409699999999999898e-01,5.092510000000000092e-01,-9.743100000000000371e-02,8.921700000000000186e-01,-8.026999999999999413e-02,9.383700000000000374e-01,3.906080000000000108e-01,2.538839999999999986e-01,-1.274599999999999900e-01,-5.285889999999999755e-01,7.261410000000000364e-01,3.589000000000000176e-03,1.390859999999999874e-01,-9.429200000000000081e-02,-4.040659999999999807e-01,-3.544829999999999925e-01,1.043589999999999934e-01,8.736310000000000464e-01,1.955000000000000140e-02,4.614929999999999866e-01,-2.972480000000000122e-01,4.062220000000000275e-01,-5.098519999999999719e-01,-1.869889999999999886e-01,1.991800000000000168e-02
2.827890000000000126e-01,5.200649999999999995e-01,2.385879999999999945e-01,5.111639999999999517e-01,4.544869999999999743e-01,4.597600000000000020e-01,4.445109999999999895e-01,2.404159999999999908e-01,3.569609999999999728e-01,5.107230000000000381e-01,1.306289999999999951e-01,3.422540000000000027e-01,1.000000000000000000e+00,5.200909999999999700e-01,4.372800000000000298e-02,4.909060000000000090e-01,6.803109999999999991e-01,6.579650000000000221e-01,3.161229999999999873e-01,3.323059999999999903e-01,2.014680000000000082e-01,2.780639999999999779e-01,1.748810000000000087e-01,3.748170000000000113e-01,4.346360000000000223e-01,4.992400000000000171e-01,2.736239999999999783e-01,6.390190000000000037e-01,3.656179999999999986e-01,4.912599999999999745e-01,3.457759999999999723e-01,2.648539999999999783e-01,3.418300000000000227e-01,3.091309999999999891e-01,-3.899600000000000288e-02,7.679999999999999327e-02,5.447650000000000547e-01,3.653699999999999726e-01,3.228550000000000031e-01,3.998619999999999952e-01,4.107959999999999945e-01,1.821800000000000155e-02,4.656799999999999828e-01,4.275019999999999931e-01,3.646199999999999997e-01,1.773170000000000024e-01,1.182570000000000010e-01,3.981900000000000023e-02,4.131529999999999925e-01,4.125750000000000250e-01,1.679289999999999949e-01,3.118210000000000148e-01,1.930290000000000061e-01,3.315730000000000066e-01,3.230390000000000206e-01,1.899530000000000107e-01,3.706369999999999942e-01,4.721639999999999726e-01,3.847679999999999989e-01,5.566299999999999720e-02,1.200640000000000041e-01,5.229070000000000107e-01,5.972520000000000051e-01,3.906439999999999912e-01,3.550570000000000115e-01,1.167539999999999967e-01,1.858579999999999954e-01,-2.513000000000000043e-03,3.209899999999999975e-01,7.397499999999999909e-02,3.464149999999999729e-01,-6.953099999999999559e-02,6.912800000000000056e-01,1.131080000000000002e-01,3.144890000000000185e-01,4.236449999999999938e-01
1.862449999999999939e-01,3.317240000000000189e-01,3.082719999999999905e-01,2.954129999999999812e-01,5.373080000000000078e-01,2.855960000000000165e-01,2.432549999999999990e-01,6.265600000000000336e-02,1.881240000000000134e-01,3.442729999999999957e-01,4.792799999999999838e-02,3.655640000000000001e-01,5.200909999999999700e-01,1.000000000000000000e+00,2.698169999999999735e-01,2.849920000000000231e-01,5.757060000000000510e-01,4.050150000000000139e-01,4.673450000000000104e-01,2.414100000000000135e-01,9.476700000000000401e-02,2.638119999999999910e-01,3.649800000000000266e-02,4.234350000000000058e-01,9.827500000000000124e-02,5.148430000000000506e-01,5.375400000000000317e-02,5.128770000000000273e-01,1.717380000000000018e-01,4.010619999999999741e-01,3.096700000000000008e-01,3.001900000000000124e-01,4.456999999999999851e-02,2.455140000000000100e-01,2.581689999999999818e-01,2.725119999999999765e-01,4.441939999999999777e-01,2.620339999999999892e-01,3.160439999999999916e-01,-8.918000000000000579e-03,2.519179999999999753e-01,2.720130000000000048e-01,2.259470000000000089e-01,1.495670000000000055e-01,3.120040000000000036e-01,1.987279999999999880e-01,2.426250000000000073e-01,-5.302500000000000269e-02,1.742380000000000040e-01,2.520589999999999775e-01,2.263920000000000099e-01,2.368339999999999890e-01,1.675470000000000015e-01,1.758570000000000133e-01,3.885410000000000252e-01,7.380200000000000649e-02,3.603379999999999916e-01,5.534040000000000070e-01,5.395469999999999988e-01,2.483470000000000122e-01,1.045289999999999969e-01,4.468579999999999774e-01,5.020550000000000290e-01,3.365139999999999798e-01,3.219609999999999972e-01,7.162300000000000610e-02,2.281449999999999867e-01,8.705699999999999550e-02,4.260769999999999835e-01,5.129999999999999838e-02,3.808059999999999778e-01,6.121399999999999758e-02,4.714340000000000197e-01,1.524899999999999867e-01,2.173930000000000029e-01,3.042019999999999724e-01
2.353020000000000111e-01,-1.472009999999999985e-01,3.565650000000000208e-01,-3.692619999999999791e-01,4.389649999999999941e-01,-1.031870000000000009e-01,1.609500000000000167e-02,-3.674390000000000156e-01,8.422999999999999932e-02,-3.779500000000000082e-01,1.779519999999999991e-01,-1.446850000000000080e-01,4.372800000000000298e-02,2.698169999999999735e-01,1.000000000000000000e+00,8.986399999999999944e-02,6.009999999999999717e-04,-5.494999999999999885e-02,1.393709999999999949e-01,5.525269999999999904e-01,2.671890000000000098e-01,5.918849999999999945e-01,7.268499999999999961e-02,-1.283179999999999876e-01,-6.602299999999999836e-02,3.347100000000000075e-02,1.579510000000000081e-01,2.763950000000000018e-01,4.019139999999999935e-01,2.382569999999999966e-01,2.478760000000000130e-01,2.086890000000000134e-01,-3.853869999999999796e-01,5.835400000000000309e-02,4.210400000000000253e-01,4.783459999999999934e-01,1.171409999999999951e-01,-2.569119999999999737e-01,2.754699999999999857e-02,-5.075579999999999536e-01,-2.038099999999999981e-02,3.995589999999999975e-01,-5.007740000000000524e-01,-3.651820000000000066e-01,-3.573899999999999993e-02,6.540400000000000380e-02,-6.146999999999999686e-03,3.168969999999999843e-01,-4.973040000000000238e-01,-6.493799999999999573e-02,-2.032039999999999957e-01,1.977740000000000054e-01,-2.432989999999999875e-01,2.373929999999999929e-01,-1.072739999999999944e-01,2.493599999999999983e-01,-2.544290000000000163e-01,1.342039999999999900e-01,2.622100000000000125e-02,8.841120000000000090e-01,1.005820000000000047e-01,-3.061510000000000065e-01,1.195829999999999949e-01,1.479620000000000102e-01,5.292820000000000302e-01,3.919440000000000146e-01,5.689459999999999518e-01,5.322699999999999654e-02,-1.753020000000000134e-01,-1.486850000000000116e-01,-6.971099999999999519e-02,3.721189999999999776e-01,-2.486199999999999868e-02,2.597490000000000077e-01,2.096520000000000050e-01,5.495099999999999985e-02
6.370609999999999884e-01,2.435809999999999920e-01,1.048300000000000065e-01,2.276050000000000018e-01,3.049919999999999853e-01,-1.894029999999999880e-01,3.135040000000000049e-01,-1.969549999999999912e-01,5.506199999999999983e-02,2.811730000000000063e-01,-5.286400000000000127e-02,1.310300000000000006e-02,4.909060000000000090e-01,2.849920000000000231e-01,8.986399999999999944e-02,1.000000000000000000e+00,4.981320000000000192e-01,7.693900000000000183e-01,2.292260000000000131e-01,3.641229999999999745e-01,4.260909999999999975e-01,6.257639999999999869e-01,9.697000000000000758e-03,1.743450000000000000e-01,4.987240000000000006e-01,3.275600000000000178e-01,2.501099999999999990e-01,6.721850000000000325e-01,6.259820000000000384e-01,4.560080000000000244e-01,7.273920000000000385e-01,4.131360000000000032e-01,7.674300000000000566e-02,5.990689999999999626e-01,1.695280000000000120e-01,-1.329770000000000119e-01,3.006269999999999776e-01,1.502070000000000072e-01,3.911359999999999837e-01,1.471570000000000100e-01,6.099320000000000297e-01,2.798410000000000064e-01,6.122999999999999970e-02,1.838919999999999999e-01,1.729640000000000066e-01,5.295609999999999484e-01,7.777399999999999591e-02,-1.035350000000000020e-01,9.720499999999999974e-02,2.530259999999999732e-01,-2.328949999999999909e-01,2.038329999999999864e-01,-2.446840000000000126e-01,3.619200000000000195e-02,1.978820000000000023e-01,-4.355400000000000243e-02,-8.618800000000000072e-02,2.339499999999999913e-02,1.861339999999999939e-01,-2.742299999999999946e-02,5.282419999999999893e-01,2.794929999999999914e-01,6.538329999999999975e-01,1.994670000000000054e-01,3.001380000000000159e-01,3.461210000000000120e-01,3.579430000000000112e-01,-2.036850000000000049e-01,3.244799999999999768e-02,9.583999999999999464e-02,1.681709999999999872e-01,-7.910000000000000364e-04,4.343710000000000071e-01,3.018799999999999817e-01,3.514149999999999774e-01,7.383440000000000003e-01
2.699920000000000098e-01,4.718689999999999829e-01,2.986639999999999850e-01,4.938440000000000052e-01,3.485249999999999737e-01,2.211919999999999997e-01,1.958999999999999908e-01,2.189530000000000087e-01,3.461090000000000000e-01,6.051339999999999497e-01,3.709500000000000297e-02,5.827090000000000325e-01,6.803109999999999991e-01,5.757060000000000510e-01,6.009999999999999717e-04,4.981320000000000192e-01,1.000000000000000000e+00,7.126630000000000464e-01,5.993570000000000286e-01,2.366739999999999955e-01,-2.459400000000000128e-02,2.221509999999999874e-01,-4.036499999999999810e-02,5.850070000000000547e-01,2.787140000000000173e-01,7.130750000000000144e-01,-4.017600000000000338e-02,7.225709999999999633e-01,3.878899999999999709e-02,4.878759999999999764e-01,3.460710000000000175e-01,3.890989999999999727e-01,3.870890000000000164e-01,3.512330000000000174e-01,1.464959999999999873e-01,7.674000000000000266e-03,5.105859999999999843e-01,4.669289999999999830e-01,4.159430000000000072e-01,4.206900000000000084e-01,3.823860000000000037e-01,1.180009999999999948e-01,4.685739999999999905e-01,3.995949999999999780e-01,4.885579999999999923e-01,2.146139999999999992e-01,6.360599999999999588e-02,-3.410300000000000137e-02,4.128959999999999853e-01,4.024269999999999792e-01,-7.483000000000000068e-03,1.182939999999999964e-01,1.916299999999999948e-01,2.642289999999999917e-01,5.399080000000000545e-01,8.410199999999999620e-02,5.481989999999999919e-01,3.800470000000000237e-01,4.263799999999999812e-01,8.114200000000000579e-02,-3.357999999999999874e-02,6.801040000000000418e-01,5.642909999999999870e-01,4.851030000000000064e-01,3.629669999999999841e-01,-1.154030000000000056e-01,1.591990000000000072e-01,-1.651019999999999988e-01,5.092430000000000012e-01,-7.920299999999999563e-02,3.952189999999999870e-01,-2.844300000000000161e-01,6.780389999999999473e-01,-1.779610000000000081e-01,3.850350000000000161e-01,4.636799999999999811e-01
4.893270000000000119e-01,3.372390000000000110e-01,1.061669999999999975e-01,2.561820000000000208e-01,3.334820000000000007e-01,8.227999999999999203e-03,4.714880000000000182e-01,-2.263499999999999887e-02,2.757459999999999911e-01,3.839739999999999820e-01,7.130799999999999639e-02,5.098400000000000154e-02,6.579650000000000221e-01,4.050150000000000139e-01,-5.494999999999999885e-02,7.693900000000000183e-01,7.126630000000000464e-01,1.000000000000000000e+00,3.079479999999999995e-01,4.021370000000000222e-01,2.442459999999999909e-01,4.752140000000000253e-01,-1.663580000000000059e-01,1.300489999999999979e-01,3.335739999999999816e-01,3.622259999999999924e-01,2.172419999999999907e-01,6.059959999999999791e-01,4.345399999999999818e-01,3.922579999999999956e-01,5.956979999999999498e-01,4.897830000000000239e-01,2.435799999999999910e-01,5.170609999999999928e-01,-1.005199999999999982e-01,7.485899999999999499e-02,5.011149999999999771e-01,1.626859999999999973e-01,4.348989999999999800e-01,3.528249999999999997e-01,4.585969999999999769e-01,-6.568000000000000053e-03,3.252309999999999923e-01,4.089800000000000102e-01,2.389620000000000077e-01,1.928630000000000067e-01,-9.336500000000000354e-02,-1.395919999999999939e-01,1.845529999999999948e-01,3.897470000000000101e-01,-1.822950000000000126e-01,2.463869999999999949e-01,-1.474949999999999872e-01,2.632470000000000088e-01,8.683100000000000540e-02,6.706900000000000361e-02,3.184200000000000225e-02,4.273300000000000015e-02,2.037390000000000034e-01,-1.690799999999999942e-02,3.131059999999999954e-01,3.734839999999999827e-01,6.810640000000000027e-01,3.847840000000000149e-01,3.715260000000000229e-01,9.677399999999999891e-02,3.421830000000000149e-01,-3.485170000000000212e-01,-4.784000000000000058e-03,-8.955100000000000560e-02,9.409800000000000109e-02,-2.511829999999999896e-01,5.116709999999999869e-01,7.265599999999999836e-02,4.351499999999999813e-01,5.675050000000000372e-01
1.817100000000000104e-01,3.814409999999999745e-01,7.505159999999999609e-01,3.334030000000000049e-01,3.849670000000000036e-01,2.179969999999999963e-01,5.960800000000000126e-02,8.745899999999999508e-02,4.226730000000000209e-01,4.354560000000000097e-01,1.162900000000000045e-01,5.180029999999999912e-01,3.161229999999999873e-01,4.673450000000000104e-01,1.393709999999999949e-01,2.292260000000000131e-01,5.993570000000000286e-01,3.079479999999999995e-01,1.000000000000000000e+00,2.632229999999999848e-01,-1.118159999999999987e-01,2.043909999999999894e-01,-9.951400000000000523e-02,4.602600000000000025e-01,1.464509999999999978e-01,6.080950000000000522e-01,-1.016259999999999941e-01,4.745619999999999838e-01,-7.328999999999999404e-02,3.649430000000000174e-01,1.547640000000000127e-01,2.308219999999999994e-01,2.427310000000000023e-01,2.118899999999999950e-01,3.541059999999999763e-01,5.904299999999999826e-02,1.896359999999999990e-01,3.038399999999999990e-01,2.070240000000000136e-01,2.137920000000000098e-01,1.866049999999999931e-01,1.175879999999999981e-01,1.590040000000000064e-01,8.067399999999999571e-02,2.306479999999999919e-01,2.000850000000000128e-01,2.682350000000000012e-01,8.078799999999999870e-02,1.924150000000000027e-01,1.732019999999999949e-01,1.395059999999999911e-01,8.545400000000000218e-02,9.841500000000000248e-02,2.906630000000000047e-01,4.856099999999999861e-01,1.474499999999999943e-02,4.515859999999999874e-01,4.338919999999999999e-01,3.037199999999999900e-01,2.262149999999999994e-01,2.777299999999999908e-02,5.694639999999999702e-01,3.442299999999999804e-01,6.396800000000000264e-01,4.138140000000000152e-01,-1.796609999999999874e-01,2.631279999999999730e-01,-3.627299999999999969e-02,4.532229999999999870e-01,1.339170000000000083e-01,4.129999999999999782e-01,2.120800000000000116e-02,4.649249999999999772e-01,-7.294699999999999795e-02,2.459729999999999972e-01,2.297980000000000023e-01
3.779910000000000214e-01,-1.027350000000000069e-01,3.462859999999999827e-01,-1.701479999999999937e-01,5.626299999999999635e-01,-1.351040000000000019e-01,4.122839999999999838e-01,-2.106889999999999874e-01,4.804379999999999762e-01,-2.151530000000000109e-01,4.023840000000000194e-01,-2.790900000000000047e-01,3.323059999999999903e-01,2.414100000000000135e-01,5.525269999999999904e-01,3.641229999999999745e-01,2.366739999999999955e-01,4.021370000000000222e-01,2.632229999999999848e-01,1.000000000000000000e+00,3.458740000000000148e-01,8.255160000000000275e-01,-6.406599999999999795e-02,-2.639400000000000079e-01,-1.420140000000000013e-01,-6.024700000000000194e-02,4.933819999999999872e-01,5.025490000000000235e-01,6.388300000000000090e-01,4.267050000000000010e-01,5.721209999999999907e-01,2.850699999999999901e-01,-8.342600000000000016e-02,3.413459999999999828e-01,-1.394589999999999996e-01,4.866159999999999930e-01,5.021809999999999885e-01,-9.758100000000000107e-02,1.479469999999999952e-01,-4.374499999999999916e-02,2.919740000000000113e-01,-5.476899999999999824e-02,-3.806299999999999961e-02,1.339710000000000067e-01,-1.069520000000000054e-01,9.629600000000000659e-02,-6.334000000000000220e-03,1.563879999999999992e-01,-2.850929999999999853e-01,3.132289999999999797e-01,-6.461799999999999489e-02,4.868310000000000137e-01,-2.533389999999999809e-01,5.108610000000000095e-01,-2.423250000000000126e-01,2.691459999999999964e-01,-2.700540000000000163e-01,1.365319999999999867e-01,1.076199999999999934e-01,5.693880000000000052e-01,4.081089999999999995e-01,-1.151350000000000012e-01,4.638720000000000065e-01,4.525250000000000106e-01,8.016290000000000360e-01,4.049909999999999899e-01,8.496029999999999971e-01,-7.672299999999999953e-02,-2.278129999999999877e-01,-1.698550000000000060e-01,-2.800100000000000158e-02,2.822990000000000221e-01,3.770560000000000023e-01,4.360760000000000192e-01,5.998189999999999911e-01,4.107089999999999907e-01
