1.000000000000000000e+00,-1.459920000000000107e-01,2.579509999999999859e-01,-2.270510000000000028e-01,2.162209999999999965e-01,-3.067469999999999919e-01,2.210640000000000105e-01,-8.512799999999999534e-02,2.501360000000000250e-01,-2.278189999999999937e-01,2.783820000000000183e-01,-4.872770000000000157e-01,9.579100000000000115e-02,-6.373600000000000099e-02,4.080269999999999730e-01,3.936569999999999792e-01,1.432869999999999977e-01,3.910660000000000247e-01,2.705719999999999792e-01,3.774739999999999762e-01,4.250630000000000241e-01,5.120029999999999859e-01,-1.820999999999999919e-03,-1.895080000000000098e-01,3.994440000000000213e-01,3.498899999999999927e-02,2.357499999999999873e-01,2.259240000000000137e-01,3.938470000000000026e-01,3.606900000000000106e-01,6.522480000000000500e-01,3.606309999999999794e-01,6.407999999999999634e-03,1.137340000000000018e-01,1.698600000000000110e-01,-1.375059999999999893e-01,5.851800000000000057e-02,-4.425109999999999877e-01,3.318969999999999976e-01,-5.444999999999999840e-02,1.732080000000000009e-01,-8.124599999999999878e-02,-1.370250000000000079e-01,-3.033890000000000198e-01,-4.385910000000000086e-01,8.553819999999999757e-01,-2.696600000000000039e-02,2.901400000000000090e-01,-2.636510000000000242e-01,2.190469999999999917e-01,-3.322479999999999878e-01,2.589049999999999963e-01,-1.359100000000000065e-02,2.058790000000000064e-01,-3.543819999999999748e-01,2.737600000000000033e-01,-4.891059999999999852e-01,1.506429999999999991e-01,-6.759500000000000230e-02,3.366120000000000223e-01,4.226179999999999937e-01,2.618900000000000117e-01,5.094250000000000167e-01,2.769539999999999780e-01,4.428480000000000194e-01,4.701810000000000156e-01,5.771640000000000104e-01,5.919699999999999962e-02,-3.258289999999999798e-01,3.543930000000000136e-01,3.956300000000000094e-02,2.382900000000000018e-01,2.081349999999999867e-01,4.293230000000000102e-01,4.005750000000000144e-01,7.025400000000000533e-01
-1.459920000000000107e-01,1.000000000000000000e+00,-1.912619999999999876e-01,4.705600000000000060e-02,-1.082639999999999991e-01,7.710879999999999956e-01,7.603300000000000336e-02,4.950829999999999953e-01,-2.596840000000000259e-01,1.990750000000000020e-01,-2.042200000000000126e-01,9.191900000000000071e-02,4.010420000000000096e-01,2.504819999999999824e-01,-1.779320000000000068e-01,3.011579999999999813e-01,4.590299999999999936e-01,2.753929999999999989e-01,-1.259790000000000076e-01,-2.816400000000000015e-01,1.868849999999999956e-01,-1.455349999999999977e-01,4.145710000000000228e-01,6.151800000000000324e-02,4.151549999999999963e-01,6.196530000000000094e-01,1.582659999999999900e-01,-9.474799999999999889e-02,1.837330000000000074e-01,-6.264599999999999336e-02,-2.209129999999999983e-01,3.698040000000000216e-01,3.504439999999999777e-01,7.160600000000000298e-02,-9.676999999999999491e-02,9.640300000000000258e-02,-2.083300000000000082e-02,-5.217200000000000309e-02,2.259440000000000059e-01,1.988679999999999892e-01,8.670000000000000406e-04,-1.944200000000000095e-02,8.876299999999999468e-02,7.078199999999999770e-02,-1.382960000000000023e-01,-1.593650000000000067e-01,4.446039999999999992e-01,-2.642100000000000004e-01,-2.031890000000000085e-01,-1.634440000000000059e-01,3.582670000000000021e-01,-2.221970000000000056e-01,2.717490000000000183e-01,-2.619489999999999874e-01,1.559750000000000025e-01,-2.209160000000000013e-01,-6.752000000000000189e-03,1.443210000000000048e-01,-3.234299999999999675e-02,-1.694990000000000108e-01,-1.107540000000000052e-01,1.186000000000000075e-02,-1.020650000000000029e-01,-1.243579999999999963e-01,-3.747039999999999815e-01,-3.881899999999999934e-02,-3.201530000000000209e-01,1.754370000000000096e-01,-1.510999999999999973e-03,1.036190000000000028e-01,2.638320000000000110e-01,-7.459899999999999864e-02,-9.656099999999999406e-02,-1.744429999999999870e-01,-1.004469999999999946e-01,-2.763530000000000153e-01
2.579509999999999859e-01,-1.912619999999999876e-01,1.000000000000000000e+00,-2.967219999999999858e-01,5.250010000000000510e-01,-2.390639999999999987e-01,8.681600000000000428e-02,1.411229999999999984e-01,8.331330000000000124e-01,-1.382859999999999923e-01,9.172010000000000440e-01,-1.861730000000000051e-01,-5.549199999999999966e-02,1.325919999999999876e-01,6.455659999999999732e-01,-1.037870000000000043e-01,4.480999999999999740e-03,-4.704099999999999948e-02,6.720709999999999740e-01,7.660599999999999632e-01,2.624259999999999926e-01,6.333440000000000181e-01,2.746549999999999825e-01,-1.541520000000000112e-01,3.352100000000000218e-02,-4.306800000000000211e-02,5.130280000000000395e-01,1.500700000000000089e-01,-7.269200000000000661e-02,3.544619999999999993e-01,2.554500000000000173e-02,-2.077829999999999955e-01,-3.450360000000000094e-01,-2.953390000000000182e-01,-2.629909999999999748e-01,2.143889999999999962e-01,7.102500000000000480e-02,-3.216010000000000257e-01,-2.131919999999999926e-01,-3.960650000000000004e-01,-2.167850000000000055e-01,-5.884909999999999863e-01,3.599299999999999722e-02,-1.676819999999999977e-01,-2.789289999999999825e-01,1.716219999999999968e-01,-2.779750000000000276e-01,9.650499999999999634e-01,-2.178140000000000076e-01,7.288459999999999939e-01,-9.327399999999999580e-02,5.291879999999999917e-01,2.422600000000000031e-01,8.517430000000000279e-01,-4.677040000000000086e-01,9.165950000000000486e-01,-3.835470000000000268e-01,-3.392900000000000083e-02,1.031770000000000048e-01,6.134359999999999813e-01,-1.008190000000000058e-01,-1.775190000000000101e-01,1.095299999999999919e-02,7.627230000000000398e-01,6.819509999999999739e-01,2.514640000000000208e-01,6.189890000000000114e-01,1.740810000000000135e-01,-3.320790000000000131e-01,-1.271370000000000000e-01,-3.056929999999999925e-01,2.470019999999999993e-01,2.030369999999999953e-01,-1.845400000000000165e-02,1.887719999999999954e-01,6.020500000000000157e-02
-2.270510000000000028e-01,4.705600000000000060e-02,-2.967219999999999858e-01,1.000000000000000000e+00,-2.851000000000000062e-02,1.116309999999999941e-01,7.814000000000000112e-02,6.119299999999999740e-02,-2.524879999999999902e-01,1.287689999999999946e-01,-3.248679999999999901e-01,3.358840000000000159e-01,6.339000000000000190e-02,1.582340000000000135e-01,-2.663969999999999949e-01,-7.981299999999999506e-02,-1.410039999999999905e-01,-6.583400000000000363e-02,-3.329909999999999815e-01,-2.724239999999999995e-01,-7.925799999999999512e-02,-2.174919999999999909e-01,-3.011199999999999988e-02,3.073830000000000173e-01,2.923999999999999863e-02,5.779000000000000282e-03,-1.073869999999999963e-01,-9.150200000000000000e-02,-4.073299999999999838e-02,-2.893749999999999933e-01,-9.396000000000000185e-02,6.409299999999999720e-02,-2.622999999999999898e-03,2.458199999999999968e-02,2.534040000000000181e-01,1.586720000000000075e-01,4.068760000000000154e-01,3.396540000000000115e-01,1.814999999999999947e-02,7.794600000000000140e-02,-8.974400000000000432e-02,7.921499999999999375e-02,-4.320399999999999935e-02,9.165500000000000036e-02,3.871589999999999754e-01,-2.068570000000000131e-01,5.358799999999999675e-02,-3.262160000000000060e-01,1.735649999999999971e-01,-1.155589999999999951e-01,7.459399999999999364e-02,-2.834700000000000067e-02,-3.581999999999999768e-02,-2.599540000000000184e-01,3.970639999999999725e-01,-3.134979999999999989e-01,3.532500000000000084e-01,8.117699999999999916e-02,2.458690000000000042e-01,-2.298840000000000050e-01,-4.343400000000000039e-02,1.404030000000000000e-01,-1.185240000000000044e-01,-3.162570000000000103e-01,-2.180179999999999896e-01,-5.553099999999999703e-02,-3.078779999999999850e-01,-2.505500000000000088e-02,3.590070000000000205e-01,1.477299999999999967e-02,2.316549999999999998e-01,-1.116859999999999936e-01,-9.308199999999999807e-02,-5.466200000000000225e-02,-1.586720000000000075e-01,-7.415599999999999969e-02
2.162209999999999965e-01,-1.082639999999999991e-01,5.250010000000000510e-01,-2.851000000000000062e-02,1.000000000000000000e+00,-1.253100000000000047e-01,6.644769999999999843e-01,-6.136199999999999988e-02,6.179550000000000320e-01,1.222769999999999968e-01,5.646120000000000028e-01,-3.514900000000000246e-01,3.819930000000000270e-01,1.307460000000000011e-01,5.073600000000000332e-01,1.997430000000000039e-01,1.136690000000000061e-01,2.985990000000000033e-01,1.533770000000000133e-01,5.824190000000000200e-01,2.629630000000000023e-01,6.572259999999999769e-01,4.990499999999999797e-02,-3.463840000000000252e-01,3.514579999999999926e-01,-1.781139999999999946e-01,7.312389999999999723e-01,3.583729999999999971e-01,3.513649999999999829e-01,2.180850000000000011e-01,2.946550000000000002e-01,-6.499199999999999422e-02,-4.055739999999999901e-01,-1.197359999999999952e-01,-2.106889999999999874e-01,2.362879999999999980e-01,2.181049999999999933e-01,-2.623030000000000084e-01,-1.013389999999999985e-01,-3.283530000000000060e-01,-1.209380000000000038e-01,-5.209650000000000114e-01,-4.779300000000000215e-02,-8.736800000000000122e-02,-8.790599999999999803e-02,1.615320000000000089e-01,-7.311299999999999744e-02,5.578480000000000105e-01,-1.125000000000000028e-01,6.980490000000000306e-01,-1.360020000000000118e-01,7.170729999999999604e-01,5.948099999999999915e-02,5.448619999999999575e-01,-7.546700000000000630e-02,5.699760000000000382e-01,-2.168539999999999912e-01,3.110769999999999924e-01,1.900599999999999859e-02,5.152309999999999945e-01,1.891400000000000026e-01,1.678709999999999924e-01,2.837509999999999755e-01,2.370079999999999965e-01,6.000900000000000123e-01,2.471450000000000036e-01,5.311719999999999775e-01,1.218600000000000065e-02,-3.145629999999999815e-01,1.594339999999999924e-01,-1.739839999999999998e-01,4.618479999999999808e-01,3.568459999999999965e-01,3.276000000000000023e-01,1.993540000000000034e-01,2.549020000000000175e-01
-3.067469999999999919e-01,7.710879999999999956e-01,-2.390639999999999987e-01,1.116309999999999941e-01,-1.253100000000000047e-01,1.000000000000000000e+00,5.089099999999999874e-02,6.746950000000000447e-01,-2.881850000000000245e-01,3.463720000000000132e-01,-2.932779999999999831e-01,3.586380000000000123e-01,4.834479999999999889e-01,3.719069999999999876e-01,-3.022719999999999851e-01,1.622180000000000011e-01,4.269089999999999829e-01,1.966489999999999905e-01,-9.340099999999999791e-02,-3.183929999999999816e-01,1.648959999999999870e-01,-2.584520000000000151e-01,5.611680000000000001e-01,3.083089999999999997e-01,2.064870000000000039e-01,5.889339999999999575e-01,4.109000000000000152e-02,-3.090499999999999844e-02,1.433450000000000002e-01,-5.018600000000000144e-02,-3.159910000000000219e-01,3.300960000000000005e-01,3.797519999999999785e-01,1.046979999999999994e-01,-1.732529999999999903e-01,1.960669999999999913e-01,-1.276579999999999937e-01,1.658719999999999917e-01,2.077980000000000105e-01,2.662610000000000254e-01,3.030100000000000154e-02,-1.095620000000000066e-01,1.310790000000000011e-01,4.474800000000000305e-02,7.072499999999999620e-02,-2.996500000000000274e-01,3.607500000000000151e-01,-2.757680000000000131e-01,-1.899270000000000125e-01,-2.144699999999999940e-01,6.709300000000000264e-01,-1.553859999999999963e-01,4.820860000000000145e-01,-3.046590000000000131e-01,3.353519999999999834e-01,-3.262570000000000192e-01,2.660029999999999895e-01,2.194740000000000024e-01,5.900999999999999995e-02,-3.978510000000000102e-01,-2.051530000000000020e-01,-1.785700000000000134e-02,-6.735099999999999421e-02,-1.080969999999999986e-01,-4.299930000000000141e-01,-6.458099999999999952e-02,-4.844820000000000237e-01,3.918110000000000204e-01,2.681160000000000210e-01,-2.620499999999999913e-02,3.428419999999999801e-01,-1.206080000000000069e-01,-1.651599999999999943e-02,-2.179760000000000031e-01,-1.615899999999999975e-02,-3.596230000000000260e-01
2.210640000000000105e-01,7.603300000000000336e-02,8.681600000000000428e-02,7.814000000000000112e-02,6.644769999999999843e-01,5.089099999999999874e-02,1.000000000000000000e+00,-9.126399999999999790e-02,2.197079999999999866e-01,3.698580000000000201e-01,5.135499999999999787e-02,-4.141690000000000094e-01,7.496019999999999905e-01,-2.817700000000000066e-02,2.239269999999999872e-01,3.627250000000000196e-01,1.796939999999999926e-01,5.036610000000000253e-01,-1.626309999999999978e-01,3.403260000000000174e-01,3.532089999999999952e-01,4.638399999999999745e-01,-4.981900000000000217e-02,-4.003849999999999909e-01,5.818870000000000431e-01,-2.278739999999999932e-01,7.061439999999999939e-01,4.223040000000000127e-01,7.276949999999999807e-01,1.296879999999999977e-01,5.220190000000000108e-01,1.400400000000000082e-02,-3.334349999999999814e-01,-3.026300000000000170e-02,-7.261700000000000099e-02,1.184069999999999984e-01,1.309220000000000106e-01,-4.114000000000000296e-02,-6.142700000000000243e-02,-2.458639999999999992e-01,-8.802100000000000202e-02,-2.110489999999999866e-01,1.870399999999999840e-02,5.000299999999999884e-02,4.722999999999999768e-03,1.459650000000000114e-01,4.052900000000000252e-02,8.222899999999999654e-02,6.330800000000000316e-02,1.698610000000000120e-01,-1.757960000000000078e-01,4.215280000000000138e-01,-2.054699999999999929e-02,8.212700000000000555e-02,2.107370000000000076e-01,1.017399999999999971e-01,-1.018219999999999958e-01,4.267460000000000142e-01,-1.689390000000000058e-01,1.987770000000000092e-01,4.491359999999999797e-01,1.774390000000000134e-01,4.011620000000000186e-01,-1.189569999999999933e-01,3.620090000000000252e-01,3.247329999999999939e-01,2.916159999999999863e-01,-9.347900000000000653e-02,-2.369590000000000030e-01,4.446899999999999742e-01,-8.100499999999999368e-02,5.405659999999999910e-01,3.538789999999999991e-01,5.284339999999999593e-01,2.054840000000000000e-01,4.004780000000000006e-01
-8.512799999999999534e-02,4.950829999999999953e-01,1.411229999999999984e-01,6.119299999999999740e-02,-6.136199999999999988e-02,6.746950000000000447e-01,-9.126399999999999790e-02,1.000000000000000000e+00,-8.828400000000000136e-02,5.977099999999999774e-02,3.880100000000000215e-02,2.645109999999999961e-01,1.614019999999999899e-01,5.279279999999999529e-01,-9.359199999999999464e-02,-2.517840000000000078e-01,1.493579999999999908e-01,-1.503919999999999979e-01,2.553119999999999834e-01,-9.060500000000000498e-02,5.381669999999999510e-01,-1.381429999999999880e-01,7.643259999999999499e-01,4.671790000000000109e-01,6.126199999999999701e-02,5.160799999999999832e-01,7.491799999999999848e-02,-2.656569999999999765e-01,-2.110059999999999991e-01,-1.247000000000000062e-03,-4.007609999999999784e-01,2.825909999999999811e-01,3.144140000000000268e-01,-8.801599999999999702e-02,-1.671219999999999928e-01,4.545179999999999776e-01,-6.326099999999999779e-02,8.418999999999999401e-03,1.806999999999999995e-01,1.732430000000000081e-01,-9.208500000000000019e-02,-2.206339999999999968e-01,3.676159999999999983e-01,4.179999999999999688e-03,-1.166699999999999959e-01,-7.126899999999999902e-02,2.029870000000000008e-01,8.784599999999999353e-02,-1.409050000000000025e-01,1.508899999999999998e-02,6.222579999999999778e-01,-4.837000000000000327e-02,8.438290000000000513e-01,-3.923800000000000204e-02,6.579599999999999338e-02,6.297999999999999779e-03,7.680399999999999727e-02,6.788399999999999990e-02,2.449359999999999871e-01,-9.795099999999999640e-02,-3.604040000000000021e-01,-2.692899999999999738e-01,-2.312500000000000111e-01,2.540669999999999873e-01,-2.277579999999999882e-01,3.623870000000000147e-01,-3.095069999999999766e-01,6.127050000000000551e-01,2.390230000000000132e-01,-1.224569999999999964e-01,3.171070000000000277e-01,-1.495599999999999985e-01,-8.416099999999999970e-02,-3.393920000000000270e-01,-1.656499999999999986e-02,-3.689450000000000229e-01
2.501360000000000250e-01,-2.596840000000000259e-01,8.331330000000000124e-01,-2.524879999999999902e-01,6.179550000000000320e-01,-2.881850000000000245e-01,2.197079999999999866e-01,-8.828400000000000136e-02,1.000000000000000000e+00,4.261000000000000031e-03,8.269440000000000124e-01,-2.023830000000000073e-01,9.370399999999999563e-02,-6.236699999999999883e-02,5.004159999999999719e-01,-4.291500000000000176e-02,5.673399999999999971e-02,3.007699999999999957e-02,4.235720000000000041e-01,7.997530000000000472e-01,1.461570000000000091e-01,6.185159999999999547e-01,6.709700000000000386e-02,-2.225380000000000136e-01,1.464689999999999881e-01,-1.390039999999999887e-01,5.951589999999999936e-01,3.824520000000000142e-01,9.006200000000000316e-02,3.953249999999999820e-01,1.174169999999999936e-01,-4.297420000000000129e-01,-4.439930000000000265e-01,-3.798210000000000197e-01,-2.987339999999999995e-01,8.953600000000000447e-02,-4.537999999999999673e-02,-1.647619999999999918e-01,-4.038010000000000210e-01,-3.991520000000000068e-01,-2.677729999999999833e-01,-6.450799999999999867e-01,-1.226610000000000061e-01,-3.054220000000000268e-01,-1.300459999999999949e-01,1.859619999999999884e-01,-2.087289999999999979e-01,8.305890000000000217e-01,-2.851420000000000066e-01,7.897659999999999680e-01,-7.388500000000000623e-02,7.382910000000000306e-01,1.117969999999999936e-01,9.531749999999999945e-01,-3.118920000000000026e-01,8.381229999999999514e-01,-2.973239999999999772e-01,2.113200000000000078e-01,-9.974999999999999492e-03,4.968989999999999796e-01,3.502999999999999864e-02,1.192909999999999943e-01,1.340780000000000027e-01,5.411010000000000542e-01,7.797349999999999559e-01,1.868049999999999988e-01,6.436859999999999804e-01,9.942800000000000249e-02,-2.267520000000000091e-01,6.909300000000000164e-02,-1.896809999999999885e-01,3.708799999999999875e-01,4.115929999999999866e-01,2.066850000000000076e-01,2.147429999999999894e-01,1.610699999999999910e-01
-2.278189999999999937e-01,1.990750000000000020e-01,-1.382859999999999923e-01,1.287689999999999946e-01,1.222769999999999968e-01,3.463720000000000132e-01,3.698580000000000201e-01,5.977099999999999774e-02,4.261000000000000031e-03,1.000000000000000000e+00,-1.488420000000000021e-01,3.676459999999999728e-01,5.184100000000000374e-01,1.366789999999999949e-01,-1.183099999999999950e-02,2.452630000000000088e-01,5.927550000000000319e-01,3.801729999999999832e-01,-3.834359999999999991e-01,5.534200000000000230e-02,1.644700000000000051e-01,4.926799999999999929e-02,5.933999999999999692e-02,3.263170000000000237e-01,3.114560000000000106e-01,1.828110000000000013e-01,2.707829999999999959e-01,3.523120000000000140e-01,4.351709999999999745e-01,6.195699999999999819e-02,2.001920000000000088e-01,-2.600950000000000206e-01,-6.342599999999999627e-02,-1.522599999999999995e-02,-2.887339999999999907e-01,2.539580000000000171e-01,8.779499999999999804e-02,6.717389999999999750e-01,-2.807279999999999776e-01,3.484700000000000297e-02,-7.807600000000000651e-02,-2.592079999999999940e-01,3.209650000000000003e-01,3.574069999999999747e-01,5.942009999999999792e-01,-1.116899999999999976e-01,6.649299999999999655e-02,-9.614399999999999336e-02,3.937269999999999937e-01,-3.432099999999999734e-02,1.769570000000000032e-01,4.830000000000000265e-02,-2.724599999999999939e-02,-5.080300000000000094e-02,7.593750000000000222e-01,-1.464310000000000056e-01,6.870290000000000008e-01,3.745740000000000181e-01,1.199449999999999961e-01,-7.393600000000000172e-02,1.678689999999999904e-01,3.365989999999999815e-01,3.193710000000000160e-01,-3.855410000000000226e-01,3.616500000000000270e-02,3.692399999999999849e-02,-4.116800000000000320e-02,1.005400000000000044e-02,5.514200000000000212e-01,2.116230000000000055e-01,3.085590000000000277e-01,1.599579999999999891e-01,4.070509999999999962e-01,3.101289999999999880e-01,9.222099999999999742e-02,1.182259999999999978e-01
2.783820000000000183e-01,-2.042200000000000126e-01,9.172010000000000440e-01,-3.248679999999999901e-01,5.646120000000000028e-01,-2.932779999999999831e-01,5.135499999999999787e-02,3.880100000000000215e-02,8.269440000000000124e-01,-1.488420000000000021e-01,1.000000000000000000e+00,-2.449759999999999993e-01,-7.230300000000000615e-02,8.495700000000000474e-02,6.748509999999999787e-01,-7.023300000000000376e-02,2.736500000000000044e-02,-4.049599999999999728e-02,5.786630000000000384e-01,7.114610000000000101e-01,1.916460000000000108e-01,6.290519999999999445e-01,1.821879999999999888e-01,-2.246190000000000131e-01,6.736000000000000321e-02,-6.273900000000000310e-02,4.676520000000000121e-01,1.652319999999999900e-01,-8.320500000000000118e-02,3.048569999999999891e-01,1.959299999999999931e-02,-2.266859999999999986e-01,-2.752669999999999839e-01,-2.205989999999999895e-01,-2.343580000000000108e-01,1.483649999999999969e-01,9.135300000000000364e-02,-3.722900000000000098e-01,-1.638390000000000124e-01,-2.853010000000000268e-01,-1.241880000000000067e-01,-5.563829999999999609e-01,-1.204299999999999989e-02,-1.770239999999999869e-01,-2.978709999999999969e-01,2.398480000000000056e-01,-2.225179999999999936e-01,9.148629999999999818e-01,-2.376109999999999889e-01,7.587270000000000403e-01,-1.002360000000000056e-01,4.788640000000000119e-01,1.849979999999999958e-01,8.253399999999999626e-01,-4.595480000000000120e-01,9.396759999999999557e-01,-3.769480000000000053e-01,-5.545999999999999715e-03,8.337400000000000366e-02,6.251079999999999970e-01,-3.303299999999999986e-02,-9.910099999999999465e-02,7.451800000000000090e-02,6.707189999999999541e-01,6.737469999999999848e-01,2.078550000000000120e-01,6.730559999999999876e-01,1.407549999999999912e-01,-3.481319999999999970e-01,-3.163500000000000340e-02,-2.188829999999999942e-01,2.529919999999999947e-01,2.152570000000000039e-01,5.032600000000000268e-02,1.222980000000000039e-01,1.118230000000000057e-01
-4.872770000000000157e-01,9.191900000000000071e-02,-1.861730000000000051e-01,3.358840000000000159e-01,-3.514900000000000246e-01,3.586380000000000123e-01,-4.141690000000000094e-01,2.645109999999999961e-01,-2.023830000000000073e-01,3.676459999999999728e-01,-2.449759999999999993e-01,1.000000000000000000e+00,-1.992500000000000104e-01,2.512170000000000236e-01,-3.634510000000000240e-01,-2.555749999999999966e-01,8.744300000000000683e-02,-2.343880000000000130e-01,-2.743800000000000058e-02,-2.389739999999999920e-01,-1.353239999999999998e-01,-3.727849999999999775e-01,2.618719999999999937e-01,8.015790000000000415e-01,-4.171009999999999995e-01,3.978389999999999982e-01,-3.090680000000000094e-01,-3.220709999999999962e-01,-3.523229999999999973e-01,-3.204469999999999819e-01,-4.599849999999999772e-01,-1.484850000000000059e-01,1.637109999999999954e-01,-1.851879999999999915e-01,-4.819699999999999679e-02,1.300860000000000072e-01,-1.447370000000000045e-01,6.860159999999999592e-01,-2.794650000000000190e-01,1.495499999999999954e-02,-2.460960000000000092e-01,-1.289260000000000128e-01,1.054899999999999935e-02,1.456919999999999882e-01,6.612379999999999924e-01,-5.271059999999999635e-01,-2.193940000000000057e-01,-1.613390000000000102e-01,1.817370000000000096e-01,-1.933420000000000138e-01,3.239449999999999830e-01,-1.050040000000000001e-01,7.061199999999999422e-02,-1.292689999999999950e-01,4.187259999999999871e-01,-2.916380000000000083e-01,7.551980000000000359e-01,-2.829749999999999766e-01,2.414159999999999917e-01,-3.782369999999999899e-01,-5.750870000000000148e-01,-1.180230000000000029e-01,-3.513689999999999869e-01,-4.978300000000000086e-02,-3.577279999999999904e-01,-2.843189999999999884e-01,-5.072299999999999587e-01,1.660929999999999906e-01,7.529379999999999962e-01,-5.458319999999999839e-01,1.815529999999999922e-01,-4.114639999999999964e-01,-2.751219999999999777e-01,-4.927070000000000061e-01,-2.723380000000000245e-01,-5.340219999999999967e-01
9.579100000000000115e-02,4.010420000000000096e-01,-5.549199999999999966e-02,6.339000000000000190e-02,3.819930000000000270e-01,4.834479999999999889e-01,7.496019999999999905e-01,1.614019999999999899e-01,9.370399999999999563e-02,5.184100000000000374e-01,-7.230300000000000615e-02,-1.992500000000000104e-01,1.000000000000000000e+00,1.066699999999999940e-02,4.882000000000000228e-02,4.536609999999999809e-01,4.898089999999999944e-01,5.437819999999999876e-01,-1.947200000000000042e-01,1.365399999999999947e-01,3.862510000000000110e-01,2.358399999999999941e-01,1.125359999999999971e-01,-1.774630000000000096e-01,6.519930000000000447e-01,1.140960000000000030e-01,4.979270000000000085e-01,5.821429999999999660e-01,7.551229999999999887e-01,2.573119999999999852e-01,4.019220000000000015e-01,1.359559999999999935e-01,-4.396400000000000308e-02,7.380699999999999761e-02,-9.828699999999999937e-02,1.868070000000000008e-01,6.052199999999999941e-02,5.818199999999999761e-02,1.023320000000000063e-01,1.814500000000000141e-02,7.130699999999999539e-02,-2.016570000000000029e-01,1.172320000000000029e-01,3.926899999999999835e-02,8.174000000000000710e-03,1.382150000000000045e-01,2.834059999999999913e-01,-9.523099999999999621e-02,-3.218700000000000033e-02,3.884800000000000059e-02,2.060680000000000012e-01,2.309039999999999981e-01,1.899049999999999905e-01,-4.884299999999999753e-02,3.733369999999999744e-01,-5.101900000000000185e-02,2.053699999999999970e-02,6.486809999999999521e-01,-1.164290000000000047e-01,-6.626200000000000145e-02,4.164229999999999876e-01,3.556070000000000064e-01,4.070920000000000094e-01,-1.985449999999999993e-01,1.325050000000000117e-01,3.037009999999999987e-01,6.947000000000000397e-02,8.727200000000000235e-02,-1.275300000000000045e-02,5.458060000000000134e-01,2.517889999999999850e-01,3.469269999999999854e-01,4.973389999999999755e-01,4.958409999999999762e-01,3.292919999999999736e-01,3.148050000000000015e-01
-6.373600000000000099e-02,2.504819999999999824e-01,1.325919999999999876e-01,1.582340000000000135e-01,1.307460000000000011e-01,3.719069999999999876e-01,-2.817700000000000066e-02,5.279279999999999529e-01,-6.236699999999999883e-02,1.366789999999999949e-01,8.495700000000000474e-02,2.512170000000000236e-01,1.066699999999999940e-02,1.000000000000000000e+00,1.947339999999999904e-01,-3.045300000000000090e-02,6.641400000000000081e-02,-5.505999999999999610e-03,1.748280000000000112e-01,9.063799999999999635e-02,1.999910000000000021e-01,8.055500000000000160e-02,6.302999999999999714e-01,2.752640000000000087e-01,9.259999999999999568e-04,2.621870000000000034e-01,1.099050000000000027e-01,-8.348700000000000565e-02,-7.528899999999999482e-02,8.662300000000000555e-02,-9.189600000000000546e-02,2.590020000000000100e-01,-1.293700000000000058e-02,5.589000000000000218e-03,-8.563800000000000578e-02,2.474629999999999885e-01,7.537699999999999956e-02,5.419399999999999912e-02,1.817350000000000076e-01,-6.620000000000000016e-03,-7.398299999999999321e-02,-1.297439999999999982e-01,2.180149999999999866e-01,9.920900000000000551e-02,5.831399999999999778e-02,-6.962200000000000333e-02,1.195380000000000054e-01,1.563730000000000120e-01,7.459000000000000352e-03,5.138999999999999818e-02,2.915349999999999886e-01,-1.498999999999999898e-03,3.557540000000000147e-01,-1.506799999999999980e-02,6.746000000000000607e-02,2.030000000000000012e-04,2.570999999999999952e-01,-5.563099999999999989e-02,4.908689999999999998e-01,1.134669999999999984e-01,-1.676509999999999945e-01,-2.056340000000000112e-01,-1.085700000000000033e-02,1.770740000000000092e-01,1.743199999999999958e-02,2.657699999999999993e-02,-3.356599999999999862e-02,4.315309999999999979e-01,1.607149999999999967e-01,-2.158110000000000028e-01,7.241999999999999826e-02,1.514300000000000021e-02,-3.390000000000000001e-04,-1.168050000000000060e-01,1.222469999999999946e-01,-8.895799999999999541e-02
4.080269999999999730e-01,-1.779320000000000068e-01,6.455659999999999732e-01,-2.663969999999999949e-01,5.073600000000000332e-01,-3.022719999999999851e-01,2.239269999999999872e-01,-9.359199999999999464e-02,5.004159999999999719e-01,-1.183099999999999950e-02,6.748509999999999787e-01,-3.634510000000000240e-01,4.882000000000000228e-02,1.947339999999999904e-01,1.000000000000000000e+00,1.956509999999999916e-01,1.352740000000000054e-01,1.909170000000000034e-01,4.170610000000000150e-01,6.616490000000000427e-01,2.753169999999999784e-01,7.427960000000000118e-01,1.291960000000000053e-01,-2.946280000000000010e-01,2.142950000000000133e-01,-5.559399999999999759e-02,4.089030000000000165e-01,2.663090000000000179e-01,1.976310000000000011e-01,2.874189999999999801e-01,3.599530000000000229e-01,-1.190800000000000018e-02,-3.577310000000000212e-01,4.960500000000000326e-02,-1.188680000000000014e-01,2.144020000000000092e-01,2.288850000000000051e-01,-3.877510000000000123e-01,3.106599999999999986e-02,-3.251769999999999938e-01,1.037310000000000038e-01,-3.080740000000000145e-01,8.555300000000000404e-02,4.319400000000000323e-02,-2.766149999999999998e-01,3.686420000000000252e-01,-1.879089999999999927e-01,6.832869999999999777e-01,-2.447900000000000076e-02,4.535290000000000155e-01,-3.120330000000000048e-01,2.696500000000000008e-01,-2.551399999999999849e-02,4.818749999999999978e-01,-3.892289999999999917e-01,6.580610000000000070e-01,-3.189509999999999845e-01,-5.262100000000000111e-02,1.448129999999999973e-01,8.058680000000000287e-01,1.640479999999999994e-01,-5.153599999999999848e-02,3.300799999999999845e-01,4.565989999999999771e-01,6.600690000000000168e-01,2.488789999999999891e-01,8.062430000000000430e-01,2.721200000000000008e-02,-4.304870000000000085e-01,6.045999999999999985e-02,-2.575350000000000139e-01,2.841960000000000042e-01,1.892419999999999936e-01,2.235870000000000080e-01,2.180519999999999958e-01,3.441969999999999752e-01
3.936569999999999792e-01,3.011579999999999813e-01,-1.037870000000000043e-01,-7.981299999999999506e-02,1.997430000000000039e-01,1.622180000000000011e-01,3.627250000000000196e-01,-2.517840000000000078e-01,-4.291500000000000176e-02,2.452630000000000088e-01,-7.023300000000000376e-02,-2.555749999999999966e-01,4.536609999999999809e-01,-3.045300000000000090e-02,1.956509999999999916e-01,1.000000000000000000e+00,5.596410000000000551e-01,9.165299999999999558e-01,-1.147090000000000054e-01,4.051400000000000140e-02,3.483100000000000085e-02,3.773900000000000032e-01,-1.615769999999999984e-01,-2.536370000000000013e-01,6.307479999999999754e-01,1.393020000000000092e-01,2.397529999999999939e-01,4.352150000000000185e-01,7.880939999999999612e-01,1.751179999999999959e-01,5.792019999999999946e-01,3.339520000000000266e-01,-1.244800000000000073e-02,3.739680000000000226e-01,8.841100000000000347e-02,-2.895079999999999876e-01,4.922200000000000186e-02,-1.577830000000000066e-01,2.301100000000000090e-01,-2.463299999999999865e-02,3.062090000000000090e-01,2.100399999999999837e-02,-2.753109999999999724e-01,-1.126230000000000009e-01,-6.277699999999999947e-02,3.351140000000000230e-01,-4.683799999999999769e-02,-6.951599999999999446e-02,-2.212540000000000062e-01,2.856200000000000058e-02,-3.360529999999999906e-01,6.757900000000000018e-02,-4.057749999999999968e-01,-6.611699999999999522e-02,7.195100000000000107e-02,-6.183600000000000207e-02,-1.020859999999999962e-01,2.401399999999999924e-01,-2.000129999999999963e-01,1.014999999999999930e-02,4.771690000000000098e-01,4.882540000000000213e-01,6.825240000000000196e-01,-9.173900000000000110e-02,6.646199999999999330e-02,-7.687399999999999789e-02,2.604759999999999853e-01,-3.121860000000000190e-01,-2.100629999999999997e-01,3.479300000000000170e-01,-1.015650000000000025e-01,7.434899999999999842e-02,2.300740000000000007e-01,3.888159999999999950e-01,3.502850000000000130e-01,4.797009999999999885e-01
1.432869999999999977e-01,4.590299999999999936e-01,4.480999999999999740e-03,-1.410039999999999905e-01,1.136690000000000061e-01,4.269089999999999829e-01,1.796939999999999926e-01,1.493579999999999908e-01,5.673399999999999971e-02,5.927550000000000319e-01,2.736500000000000044e-02,8.744300000000000683e-02,4.898089999999999944e-01,6.641400000000000081e-02,1.352740000000000054e-01,5.596410000000000551e-01,1.000000000000000000e+00,5.879870000000000374e-01,-9.477199999999999513e-02,9.015199999999999603e-02,3.016579999999999817e-01,1.926990000000000092e-01,5.322199999999999848e-02,1.871379999999999988e-01,4.176529999999999965e-01,5.992629999999999901e-01,2.063560000000000116e-01,3.337399999999999811e-01,4.692520000000000024e-01,2.221390000000000031e-01,2.564420000000000033e-01,1.006470000000000004e-01,1.570149999999999879e-01,9.289600000000000635e-02,-2.277830000000000132e-01,1.245460000000000039e-01,2.320699999999999846e-02,1.354589999999999961e-01,1.913499999999999923e-02,8.944799999999999973e-02,9.025700000000000389e-02,-2.127169999999999894e-01,1.987150000000000027e-01,1.142620000000000025e-01,8.151799999999999324e-02,1.925360000000000127e-01,4.196500000000000230e-02,1.233899999999999927e-02,9.110100000000000142e-02,1.095359999999999945e-01,1.333809999999999996e-01,-1.284999999999999901e-03,-2.928800000000000153e-02,4.167499999999999677e-02,3.424130000000000229e-01,4.484899999999999998e-02,1.797289999999999999e-01,3.873090000000000144e-01,7.320000000000000118e-04,8.282399999999999485e-02,9.896199999999999442e-02,4.432450000000000001e-01,3.632139999999999813e-01,-1.061829999999999996e-01,2.018800000000000108e-02,1.206470000000000042e-01,9.652099999999999569e-02,-6.703000000000000624e-02,1.962629999999999930e-01,2.043949999999999934e-01,2.940659999999999941e-01,-9.723199999999999898e-02,3.308139999999999969e-01,2.237030000000000129e-01,2.085629999999999984e-01,1.863080000000000014e-01
3.910660000000000247e-01,2.753929999999999989e-01,-4.704099999999999948e-02,-6.583400000000000363e-02,2.985990000000000033e-01,1.966489999999999905e-01,5.036610000000000253e-01,-1.503919999999999979e-01,3.007699999999999957e-02,3.801729999999999832e-01,-4.049599999999999728e-02,-2.343880000000000130e-01,5.437819999999999876e-01,-5.505999999999999610e-03,1.909170000000000034e-01,9.165299999999999558e-01,5.879870000000000374e-01,1.000000000000000000e+00,-1.818599999999999939e-01,8.402199999999999946e-02,2.178339999999999999e-01,3.871510000000000229e-01,-1.109620000000000051e-01,-2.058149999999999979e-01,7.324730000000000407e-01,1.378570000000000073e-01,3.956770000000000009e-01,4.178109999999999880e-01,8.460220000000000518e-01,1.655330000000000135e-01,5.921079999999999677e-01,2.870469999999999966e-01,-6.714299999999999435e-02,3.031289999999999818e-01,1.896700000000000122e-02,-2.331409999999999871e-01,4.293899999999999800e-02,-8.479100000000000525e-02,1.651529999999999943e-01,-1.023840000000000028e-01,2.193219999999999892e-01,-1.116960000000000036e-01,-2.470169999999999866e-01,-1.029140000000000055e-01,1.559900000000000002e-02,3.217320000000000180e-01,-5.497799999999999909e-02,-8.987000000000000197e-03,-1.992339999999999944e-01,6.264000000000000123e-02,-2.685609999999999942e-01,1.635520000000000029e-01,-2.702999999999999847e-01,-1.455799999999999976e-02,1.984869999999999968e-01,-2.210300000000000112e-02,-5.161899999999999822e-02,3.246390000000000109e-01,-1.986690000000000123e-01,2.551499999999999949e-02,5.333099999999999508e-01,5.132100000000000550e-01,7.660280000000000422e-01,-1.262909999999999866e-01,1.068950000000000039e-01,9.471400000000000652e-02,2.488779999999999881e-01,-2.376479999999999981e-01,-1.493359999999999965e-01,4.436590000000000256e-01,-3.509899999999999826e-02,1.983050000000000090e-01,2.491059999999999941e-01,4.796739999999999893e-01,3.081709999999999727e-01,4.992119999999999891e-01
2.705719999999999792e-01,-1.259790000000000076e-01,6.720709999999999740e-01,-3.329909999999999815e-01,1.533770000000000133e-01,-9.340099999999999791e-02,-1.626309999999999978e-01,2.553119999999999834e-01,4.235720000000000041e-01,-3.834359999999999991e-01,5.786630000000000384e-01,-2.743800000000000058e-02,-1.947200000000000042e-01,1.748280000000000112e-01,4.170610000000000150e-01,-1.147090000000000054e-01,-9.477199999999999513e-02,-1.818599999999999939e-01,1.000000000000000000e+00,5.311810000000000143e-01,1.831909999999999927e-01,4.388679999999999803e-01,3.350890000000000257e-01,1.454399999999999964e-02,-2.447030000000000038e-01,1.129539999999999988e-01,1.057540000000000008e-01,-6.882800000000000029e-02,-2.048059999999999881e-01,2.709320000000000062e-01,-4.253799999999999942e-02,1.588650000000000062e-01,-3.987199999999999772e-02,-1.155159999999999937e-01,7.968000000000000083e-02,1.366169999999999884e-01,-9.138599999999999501e-02,-3.831939999999999791e-01,1.122029999999999972e-01,-1.853019999999999945e-01,-4.393000000000000203e-03,-1.749110000000000109e-01,4.234999999999999876e-02,-2.015899999999999914e-01,-3.684470000000000245e-01,1.238400000000000056e-01,-3.418660000000000032e-01,6.425910000000000233e-01,-2.633940000000000170e-01,3.670329999999999981e-01,-8.146899999999999975e-02,2.247979999999999978e-01,2.361340000000000106e-01,4.627729999999999899e-01,-5.920469999999999899e-01,5.349120000000000541e-01,-3.414349999999999885e-01,-3.186680000000000068e-01,2.000709999999999988e-01,2.785790000000000211e-01,-3.010590000000000210e-01,-4.102040000000000131e-01,-1.491049999999999875e-01,9.166779999999999928e-01,3.898619999999999863e-01,1.316730000000000123e-01,3.533850000000000047e-01,2.039580000000000004e-01,-2.651530000000000276e-01,-3.898750000000000271e-01,-3.464679999999999982e-01,-8.188900000000000345e-02,-7.472700000000000176e-02,-3.316939999999999888e-01,2.574799999999999867e-01,-6.766600000000000392e-02
3.774739999999999762e-01,-2.816400000000000015e-01,7.660599999999999632e-01,-2.724239999999999995e-01,5.824190000000000200e-01,-3.183929999999999816e-01,3.403260000000000174e-01,-9.060500000000000498e-02,7.997530000000000472e-01,5.534200000000000230e-02,7.114610000000000101e-01,-2.389739999999999920e-01,1.365399999999999947e-01,9.063799999999999635e-02,6.616490000000000427e-01,4.051400000000000140e-02,9.015199999999999603e-02,8.402199999999999946e-02,5.311810000000000143e-01,1.000000000000000000e+00,2.177169999999999939e-01,8.305879999999999930e-01,1.210429999999999978e-01,-2.458579999999999932e-01,1.084360000000000046e-01,-1.277790000000000037e-01,6.204359999999999875e-01,4.179550000000000209e-01,2.462890000000000079e-01,5.132010000000000183e-01,3.602779999999999871e-01,-2.361020000000000063e-01,-5.129669999999999508e-01,-3.687090000000000090e-01,-2.019960000000000089e-01,2.242439999999999989e-01,2.200699999999999878e-02,-2.122280000000000000e-01,-2.341679999999999873e-01,-4.561979999999999924e-01,-2.605009999999999826e-01,-5.073229999999999684e-01,6.571999999999999717e-03,-1.576220000000000121e-01,-1.964339999999999975e-01,2.735600000000000254e-01,-2.495560000000000000e-01,7.816389999999999727e-01,-1.261589999999999934e-01,6.443400000000000238e-01,-2.294039999999999968e-01,5.938679999999999515e-01,2.277500000000000011e-02,7.623250000000000304e-01,-3.239690000000000070e-01,7.289670000000000316e-01,-2.856850000000000223e-01,7.841199999999999559e-02,1.033739999999999937e-01,6.268070000000000030e-01,6.989299999999999680e-02,-3.112099999999999936e-02,1.889879999999999893e-01,6.235540000000000527e-01,9.086600000000000232e-01,2.155130000000000101e-01,7.759599999999999831e-01,7.164199999999999735e-02,-2.990360000000000240e-01,2.438000000000000063e-03,-2.750420000000000087e-01,4.007899999999999796e-01,3.830239999999999756e-01,2.444109999999999894e-01,3.863500000000000267e-01,3.223409999999999886e-01
