1.000000000000000000e+00,2.750560000000000227e-01,-1.157959999999999962e-01,-8.074699999999999933e-02,-1.650500000000000023e-01,-3.692400000000000126e-01,-1.317119999999999957e-01,-8.318699999999999706e-02,-3.565000000000000113e-02,7.597199999999999787e-02,-2.230340000000000100e-01,3.793000000000000260e-01,3.619260000000000255e-01,-2.736359999999999904e-01,4.493090000000000139e-01,3.469400000000000261e-01,2.423230000000000106e-01,3.165120000000000156e-01,-3.318499999999999783e-01,3.687790000000000235e-01,4.638889999999999958e-01,2.892589999999999884e-01,1.683600000000000096e-01,4.312960000000000127e-01,1.810660000000000047e-01,3.079180000000000250e-01,-1.807910000000000073e-01,5.936900000000000510e-01,3.981529999999999792e-01,3.534909999999999997e-01,5.132120000000000015e-01,2.614159999999999817e-01,3.380879999999999996e-01,3.626280000000000059e-01,-1.805479999999999863e-01,2.917210000000000081e-01,-2.744559999999999778e-01,2.506120000000000014e-01,9.048499999999999599e-02,4.005190000000000139e-01,3.144649999999999945e-01,2.326599999999999849e-02,2.095420000000000060e-01,2.583239999999999981e-01,1.732249999999999901e-01,7.559439999999999493e-01,1.478410000000000002e-01,7.805800000000000238e-02,7.491499999999999548e-02,1.469080000000000108e-01,8.460900000000000365e-02,1.065669999999999951e-01,1.555699999999999965e-02,-1.889830000000000121e-01,2.149739999999999984e-01,-2.108470000000000066e-01,2.076439999999999952e-01,3.280890000000000195e-01,-4.525900000000000062e-02,3.865310000000000135e-01,1.404970000000000108e-01,4.198799999999999755e-01,3.508830000000000005e-01,-2.474190000000000000e-01,2.437429999999999874e-01,6.009370000000000545e-01,4.207629999999999981e-01,1.796020000000000116e-01,4.409680000000000266e-01,1.458470000000000044e-01,4.278660000000000241e-01,7.396999999999999409e-02,5.063499999999999668e-01,2.306660000000000099e-01,2.910579999999999834e-01,6.203469999999999818e-01
2.750560000000000227e-01,1.000000000000000000e+00,-8.946600000000000386e-02,2.313510000000000011e-01,1.625560000000000060e-01,4.615900000000000003e-01,2.893930000000000113e-01,2.845299999999999913e-02,1.036490000000000050e-01,4.436849999999999961e-01,-5.804900000000000337e-02,4.426280000000000214e-01,5.361099999999999755e-01,-1.741900000000000046e-02,-9.619700000000000473e-02,3.946379999999999888e-01,4.921639999999999904e-01,2.895490000000000008e-01,-1.202870000000000050e-01,9.392799999999999760e-02,7.200700000000000156e-02,1.794999999999999929e-01,3.344829999999999748e-01,3.167349999999999888e-01,5.437659999999999716e-01,7.397960000000000091e-01,5.407499999999999807e-02,3.350609999999999977e-01,3.328960000000000252e-01,1.564260000000000095e-01,-8.711000000000000687e-02,3.825330000000000119e-01,4.690529999999999977e-01,1.422849999999999948e-01,-2.864689999999999737e-01,3.040500000000000147e-02,-3.368590000000000195e-01,2.087630000000000041e-01,-1.333120000000000138e-01,2.914619999999999989e-01,5.761600000000000055e-02,-2.177030000000000076e-01,6.413900000000000157e-02,2.082880000000000009e-01,3.115649999999999809e-01,-2.031799999999999926e-02,5.328490000000000171e-01,-2.508099999999999913e-02,7.217500000000000304e-02,1.714310000000000000e-01,3.414619999999999878e-01,4.345849999999999991e-01,9.181699999999999584e-02,-3.729299999999999976e-02,4.344029999999999836e-01,1.216099999999999993e-02,3.004339999999999788e-01,5.003290000000000237e-01,1.366799999999999959e-01,-5.772999999999999660e-02,9.171200000000000185e-02,5.319000000000000394e-01,1.980290000000000106e-01,-2.069709999999999883e-01,-1.722640000000000005e-01,-1.916899999999999854e-02,1.767199999999999882e-01,2.086639999999999884e-01,2.223009999999999986e-01,3.384719999999999951e-01,4.828930000000000167e-01,3.075649999999999773e-01,-3.992600000000000315e-02,-8.200000000000000095e-05,-5.653299999999999992e-02,2.033109999999999917e-01
-1.157959999999999962e-01,-8.946600000000000386e-02,1.000000000000000000e+00,-3.338519999999999821e-01,6.713700000000000223e-02,2.600169999999999981e-01,-1.626039999999999985e-01,2.114979999999999916e-01,4.741609999999999991e-01,-8.894299999999999429e-02,6.535429999999999851e-01,2.128299999999999984e-02,-1.733810000000000073e-01,2.964589999999999725e-01,1.195269999999999944e-01,-2.122360000000000080e-01,-1.340629999999999877e-01,-1.739570000000000005e-01,8.057980000000000143e-01,1.162419999999999981e-01,3.126000000000000306e-02,-9.250500000000000389e-02,2.547969999999999957e-01,8.273300000000000098e-02,2.364000000000000216e-03,9.455500000000000016e-02,1.859419999999999962e-01,-1.699410000000000087e-01,-1.992760000000000087e-01,2.873450000000000171e-01,4.308399999999999730e-02,-9.719000000000000208e-03,-1.773669999999999969e-01,-4.386400000000000021e-02,-5.200999999999999894e-03,5.247000000000000275e-02,1.029840000000000061e-01,2.773079999999999989e-01,1.112199999999999994e-01,-8.682700000000000140e-02,-1.643299999999999969e-02,1.078979999999999939e-01,4.566200000000000120e-02,4.018700000000000050e-02,-2.085420000000000051e-01,-5.719799999999999884e-02,-5.643499999999999905e-02,6.978699999999999903e-01,2.912219999999999809e-01,-1.015569999999999945e-01,-1.869699999999999834e-02,-2.483589999999999964e-01,1.314430000000000043e-01,3.277680000000000038e-01,-1.120929999999999982e-01,5.649260000000000392e-01,-1.541099999999999935e-02,-2.036560000000000037e-01,-3.863999999999999813e-03,2.737600000000000103e-02,-4.043399999999999772e-02,-2.934720000000000106e-01,-2.062479999999999869e-01,7.812230000000000008e-01,1.492330000000000045e-01,-6.537999999999999368e-02,-3.455899999999999944e-02,1.692950000000000010e-01,3.458900000000000169e-02,-1.017359999999999931e-01,1.276399999999999930e-02,7.716599999999999848e-02,7.797800000000000564e-02,-1.575719999999999898e-01,2.443110000000000004e-01,-1.205169999999999991e-01
-8.074699999999999933e-02,2.313510000000000011e-01,-3.338519999999999821e-01,1.000000000000000000e+00,3.478950000000000098e-01,1.422559999999999936e-01,5.955390000000000406e-01,4.521700000000000025e-02,7.947200000000000097e-02,7.268470000000000208e-01,-2.808889999999999998e-01,4.112709999999999977e-01,2.834490000000000065e-01,1.007030000000000008e-01,-4.653550000000000186e-01,-2.298400000000000096e-02,4.186469999999999914e-01,-2.499010000000000120e-01,-3.180209999999999981e-01,3.956999999999999580e-03,1.751830000000000054e-01,1.890030000000000043e-01,-5.689799999999999719e-02,3.130490000000000217e-01,-8.876000000000000209e-03,1.886500000000000121e-01,-1.655939999999999912e-01,6.356399999999999550e-02,1.457400000000000084e-01,-1.182760000000000061e-01,-2.560209999999999986e-01,2.111810000000000076e-01,5.775719999999999743e-01,3.560300000000000270e-02,-6.285150000000000459e-01,1.751359999999999861e-01,-2.251559999999999950e-01,-1.515090000000000048e-01,-4.701670000000000016e-01,2.435700000000000087e-01,-7.681000000000000327e-02,-7.085540000000000171e-01,2.654670000000000085e-01,7.833800000000000485e-02,7.274969999999999493e-01,-3.222920000000000229e-01,-2.132360000000000089e-01,-2.272460000000000035e-01,1.037830000000000003e-01,9.665300000000000280e-02,-1.908229999999999926e-01,6.929880000000000484e-01,1.721330000000000082e-01,1.665729999999999988e-01,6.587070000000000425e-01,-4.771199999999999747e-02,5.145330000000000181e-01,2.512249999999999761e-01,4.462780000000000080e-01,-2.705989999999999784e-01,-4.933609999999999940e-01,3.649700000000000166e-01,-2.864800000000000124e-01,-5.517060000000000297e-01,-3.349880000000000080e-01,2.935499999999999915e-02,1.729370000000000074e-01,-4.867300000000000099e-02,2.371510000000000007e-01,-1.055389999999999939e-01,3.207700000000000135e-02,1.541029999999999900e-01,-4.067799999999999749e-01,-2.602130000000000276e-01,-3.112099999999999866e-01,2.269249999999999878e-01
-1.650500000000000023e-01,1.625560000000000060e-01,6.713700000000000223e-02,3.478950000000000098e-01,1.000000000000000000e+00,5.507670000000000066e-01,7.636770000000000502e-01,-3.920300000000000173e-02,6.440270000000000161e-01,5.040989999999999638e-01,3.442040000000000100e-01,2.617800000000000127e-01,3.861399999999999832e-01,2.841310000000000224e-01,-1.735730000000000051e-01,1.835229999999999917e-01,3.968010000000000148e-01,1.945469999999999977e-01,1.733399999999999871e-02,1.640189999999999981e-01,1.792749999999999899e-01,2.730630000000000002e-01,-5.303399999999999781e-02,3.907999999999999668e-02,1.774959999999999871e-01,1.641930000000000056e-01,4.359080000000000177e-01,1.162730000000000014e-01,2.746850000000000125e-01,2.307029999999999914e-01,-7.737800000000000233e-02,2.935079999999999911e-01,3.776010000000000200e-01,1.839939999999999909e-01,-4.276809999999999778e-01,8.442600000000000104e-02,-1.705129999999999979e-01,6.895099999999999840e-02,-1.766890000000000127e-01,1.833370000000000000e-01,1.077049999999999952e-01,-4.081020000000000203e-01,1.518899999999999972e-01,1.215139999999999970e-01,3.632210000000000161e-01,-3.317499999999999893e-01,-1.442589999999999983e-01,6.974099999999999744e-02,2.446540000000000104e-01,7.237270000000000092e-01,-4.961000000000000132e-03,4.818250000000000033e-01,6.773700000000000554e-02,5.712469999999999493e-01,3.736119999999999997e-01,5.165870000000000184e-01,3.355500000000000149e-01,1.157190000000000024e-01,3.175169999999999937e-01,-1.600060000000000093e-01,-4.989899999999999891e-02,3.576730000000000187e-01,1.379460000000000131e-01,-1.064179999999999987e-01,-1.785730000000000095e-01,-1.089009999999999978e-01,1.893630000000000035e-01,-4.469299999999999662e-02,-5.192999999999999700e-02,3.346699999999999675e-02,-1.693550000000000055e-01,4.758120000000000127e-01,-3.440900000000000208e-02,1.317399999999999995e-02,-8.571900000000000353e-02,1.125799999999999995e-01
-3.692400000000000126e-01,4.615900000000000003e-01,2.600169999999999981e-01,1.422559999999999936e-01,5.507670000000000066e-01,1.000000000000000000e+00,3.536880000000000024e-01,4.420789999999999997e-01,4.310300000000000242e-01,2.620959999999999956e-01,3.381310000000000149e-01,2.642780000000000129e-01,3.400830000000000242e-01,4.661219999999999808e-01,-2.078029999999999877e-01,-1.349400000000000044e-01,2.790000000000000258e-01,-2.465399999999999883e-02,2.703749999999999765e-01,1.543300000000000054e-02,8.727000000000000382e-03,3.111200000000000077e-02,4.698209999999999886e-01,1.046330000000000038e-01,8.892500000000000404e-02,4.369830000000000103e-01,1.862900000000000111e-01,1.152819999999999956e-01,-8.040300000000000225e-02,2.429590000000000083e-01,-3.275879999999999903e-01,2.100460000000000105e-01,1.201070000000000054e-01,2.903999999999999984e-02,-1.991860000000000019e-01,6.597999999999999698e-02,4.682299999999999657e-02,9.452499999999999791e-02,-8.443100000000000604e-02,4.762199999999999767e-02,7.463000000000000016e-03,-2.277359999999999940e-01,1.194319999999999965e-01,1.875199999999999922e-01,8.698100000000000276e-02,-4.633459999999999801e-01,2.333030000000000104e-01,2.631020000000000025e-01,2.609799999999999898e-01,2.938370000000000148e-01,4.012569999999999748e-01,2.974660000000000082e-01,4.306470000000000020e-01,4.290450000000000097e-01,1.912639999999999896e-01,4.505649999999999933e-01,2.331080000000000096e-01,3.445259999999999989e-01,4.196460000000000190e-01,-1.804530000000000023e-01,-1.733119999999999938e-01,1.255979999999999874e-01,-1.132859999999999978e-01,1.814139999999999919e-01,-1.958459999999999923e-01,-2.223819999999999963e-01,7.570999999999999605e-03,3.932709999999999817e-01,3.692299999999999749e-02,-1.202100000000000043e-02,1.390949999999999964e-01,3.160899999999999821e-01,-7.955600000000000172e-02,-2.456500000000000072e-01,5.724300000000000221e-02,-1.708300000000000096e-01
-1.317119999999999957e-01,2.893930000000000113e-01,-1.626039999999999985e-01,5.955390000000000406e-01,7.636770000000000502e-01,3.536880000000000024e-01,1.000000000000000000e+00,-2.360980000000000023e-01,4.273370000000000224e-01,7.592459999999999765e-01,5.009799999999999670e-02,3.230850000000000111e-01,3.986890000000000156e-01,4.422199999999999742e-02,-3.324810000000000265e-01,3.322860000000000258e-01,5.734979999999999523e-01,1.659380000000000022e-01,-1.418250000000000066e-01,1.069309999999999983e-01,2.515080000000000093e-01,2.934160000000000101e-01,-2.432769999999999933e-01,9.836799999999999711e-02,3.377769999999999939e-01,2.172040000000000082e-01,4.014079999999999870e-01,7.246999999999999970e-03,4.659989999999999966e-01,-1.575000000000000011e-03,-6.685099999999999376e-02,3.201189999999999869e-01,5.637729999999999686e-01,1.161299999999999971e-01,-5.504189999999999916e-01,9.118600000000000316e-02,-3.482100000000000195e-01,-9.304900000000000670e-02,-3.233340000000000103e-01,2.174210000000000031e-01,2.029800000000000007e-02,-5.616259999999999586e-01,8.770200000000000218e-02,5.836100000000000315e-02,5.979689999999999728e-01,-4.046799999999999842e-01,-1.460509999999999864e-01,-1.531859999999999888e-01,1.056590000000000029e-01,5.413829999999999476e-01,-2.096300000000000108e-01,6.427509999999999613e-01,-1.288779999999999926e-01,3.825169999999999959e-01,6.062089999999999979e-01,2.796779999999999822e-01,4.326030000000000153e-01,1.140779999999999988e-01,1.963340000000000085e-01,-3.008759999999999768e-01,-6.123200000000000170e-02,4.355539999999999967e-01,1.327450000000000019e-01,-3.229549999999999921e-01,-3.338070000000000204e-01,-1.283819999999999961e-01,1.804139999999999910e-01,-2.833870000000000000e-01,-4.716100000000000153e-02,1.224019999999999969e-01,-1.684039999999999981e-01,4.600270000000000192e-01,-2.660259999999999847e-01,6.493100000000000260e-02,-3.103029999999999955e-01,2.240060000000000107e-01
-8.318699999999999706e-02,2.845299999999999913e-02,2.114979999999999916e-01,4.521700000000000025e-02,-3.920300000000000173e-02,4.420789999999999997e-01,-2.360980000000000023e-01,1.000000000000000000e+00,2.387699999999999892e-02,-2.718999999999999889e-02,5.591999999999999749e-02,4.425270000000000037e-01,4.363600000000000118e-02,6.037439999999999474e-01,5.974000000000000143e-03,-7.240900000000000114e-01,-6.780600000000000516e-02,-5.504850000000000021e-01,2.295139999999999958e-01,5.340000000000000129e-03,2.878229999999999955e-01,-1.868190000000000128e-01,7.730139999999999789e-01,5.384839999999999627e-01,-5.405790000000000317e-01,2.701770000000000005e-01,-4.755989999999999940e-01,7.297599999999999920e-02,-5.814799999999999969e-01,1.606440000000000090e-01,-3.703089999999999993e-01,-4.152999999999999574e-03,8.870000000000000107e-02,3.382000000000000284e-02,-1.432910000000000017e-01,3.798019999999999730e-01,1.398270000000000068e-01,1.813289999999999902e-01,-3.294400000000000106e-02,1.920910000000000117e-01,1.058639999999999998e-01,-5.568000000000000033e-02,3.677880000000000038e-01,1.429709999999999870e-01,9.301199999999999746e-02,-9.690500000000000502e-02,-2.812399999999999969e-02,3.070910000000000029e-01,2.004080000000000028e-01,-1.561970000000000025e-01,2.461720000000000019e-01,-1.361599999999999963e-02,9.304139999999999633e-01,1.891480000000000106e-01,3.435999999999999818e-03,2.734699999999999978e-02,4.080849999999999755e-01,2.183519999999999905e-01,6.087879999999999958e-01,-3.441000000000000308e-02,-6.604609999999999648e-01,-2.674630000000000063e-01,-5.644740000000000313e-01,1.629289999999999905e-01,-2.223000000000000149e-03,2.276759999999999895e-01,-1.647300000000000153e-02,7.041269999999999474e-01,5.644869999999999610e-01,-4.641460000000000030e-01,3.917889999999999984e-01,-2.411389999999999922e-01,4.110799999999999871e-02,-5.643120000000000358e-01,2.501240000000000130e-01,-1.605520000000000003e-01
-3.565000000000000113e-02,1.036490000000000050e-01,4.741609999999999991e-01,7.947200000000000097e-02,6.440270000000000161e-01,4.310300000000000242e-01,4.273370000000000224e-01,2.387699999999999892e-02,1.000000000000000000e+00,3.416250000000000120e-01,6.136880000000000113e-01,2.567980000000000262e-01,3.329380000000000117e-01,2.350289999999999879e-01,-6.412000000000000165e-03,5.306299999999999906e-02,2.870420000000000194e-01,2.160400000000000167e-02,3.240850000000000120e-01,3.439369999999999927e-01,1.185490000000000016e-01,1.386799999999999977e-01,1.513180000000000081e-01,1.089679999999999954e-01,1.630860000000000087e-01,1.123989999999999989e-01,4.674369999999999914e-01,1.358050000000000090e-01,2.534359999999999946e-01,3.468470000000000164e-01,9.365700000000000414e-02,1.262230000000000019e-01,1.823510000000000131e-01,6.207300000000000317e-02,-4.331070000000000197e-01,1.261199999999999995e-02,-3.401350000000000207e-01,2.066010000000000069e-01,-2.493519999999999903e-01,1.244650000000000062e-01,-4.050499999999999934e-02,-3.018839999999999857e-01,1.074650000000000050e-01,6.625000000000000333e-02,1.785809999999999897e-01,-9.339500000000000579e-02,-1.681749999999999912e-01,4.454540000000000166e-01,2.581240000000000201e-01,4.835050000000000181e-01,-2.923800000000000010e-02,2.959680000000000089e-01,7.362599999999999700e-02,7.644170000000000131e-01,3.011090000000000155e-01,6.736220000000000541e-01,2.617599999999999927e-01,7.004799999999999915e-02,2.004039999999999988e-01,8.401999999999999746e-03,-8.668299999999999617e-02,2.327220000000000122e-01,-8.689999999999999808e-04,2.236440000000000095e-01,4.028000000000000330e-02,-5.723999999999999921e-03,1.735559999999999881e-01,1.087790000000000007e-01,6.625699999999999645e-02,2.086999999999999966e-02,-5.366100000000000037e-02,4.865169999999999773e-01,5.822599999999999998e-02,4.095100000000000129e-02,1.009010000000000046e-01,1.889450000000000018e-01
7.597199999999999787e-02,4.436849999999999961e-01,-8.894299999999999429e-02,7.268470000000000208e-01,5.040989999999999638e-01,2.620959999999999956e-01,7.592459999999999765e-01,-2.718999999999999889e-02,3.416250000000000120e-01,1.000000000000000000e+00,-2.177499999999999922e-02,6.559249999999999803e-01,4.481890000000000041e-01,1.771459999999999979e-01,-3.715649999999999786e-01,1.929440000000000044e-01,7.654239999999999933e-01,-2.367199999999999860e-02,-1.105410000000000004e-01,1.570290000000000019e-01,4.019739999999999980e-01,3.135379999999999834e-01,-7.128600000000000214e-02,5.279220000000000024e-01,3.273479999999999723e-01,4.743510000000000226e-01,4.827999999999999826e-03,7.296199999999999908e-02,3.369219999999999993e-01,1.034799999999999956e-02,-1.014680000000000026e-01,5.141759999999999664e-01,8.399450000000000527e-01,2.874669999999999725e-01,-7.481700000000000017e-01,2.768039999999999945e-01,-5.389410000000000034e-01,-1.178399999999999934e-02,-3.582879999999999954e-01,5.369089999999999696e-01,1.966700000000000115e-01,-7.440529999999999644e-01,2.947230000000000127e-01,7.619700000000000084e-02,8.157280000000000086e-01,-2.716729999999999978e-01,-5.613699999999999940e-02,-4.452099999999999808e-02,1.861659999999999981e-01,3.287630000000000274e-01,-1.689029999999999976e-01,7.611019999999999452e-01,1.375049999999999883e-01,3.109040000000000137e-01,9.175130000000000230e-01,1.861299999999999899e-01,7.331560000000000299e-01,2.960610000000000186e-01,3.875720000000000276e-01,-2.638610000000000122e-01,-2.873749999999999916e-01,5.860589999999999966e-01,-9.309299999999999520e-02,-3.588669999999999916e-01,-3.243579999999999797e-01,8.674999999999999378e-02,3.192550000000000110e-01,-8.794000000000000428e-02,3.924449999999999883e-01,9.241299999999999515e-02,2.198370000000000046e-01,3.581440000000000179e-01,-3.527790000000000092e-01,-1.485559999999999936e-01,-3.535940000000000194e-01,4.170929999999999915e-01
-2.230340000000000100e-01,-5.804900000000000337e-02,6.535429999999999851e-01,-2.808889999999999998e-01,3.442040000000000100e-01,3.381310000000000149e-01,5.009799999999999670e-02,5.591999999999999749e-02,6.136880000000000113e-01,-2.177499999999999922e-02,1.000000000000000000e+00,-4.089399999999999979e-02,6.340099999999999902e-02,2.994700000000000140e-01,4.190399999999999681e-02,-5.131000000000000144e-02,1.031689999999999968e-01,5.935399999999999704e-02,5.059090000000000531e-01,1.313819999999999988e-01,-7.485100000000000087e-02,-1.077380000000000004e-01,1.183420000000000027e-01,-9.855999999999999484e-02,1.374549999999999939e-01,9.978000000000000758e-03,4.505350000000000188e-01,-1.461760000000000004e-01,2.437200000000000130e-02,9.764000000000000457e-02,-6.614000000000000087e-03,-5.197199999999999737e-02,-1.367130000000000012e-01,-5.175600000000000339e-02,5.631599999999999800e-02,-2.225099999999999995e-02,3.954900000000000082e-02,-6.819100000000000161e-02,-7.470000000000000511e-04,-8.722799999999999998e-02,-3.562900000000000095e-02,1.133060000000000039e-01,-6.877700000000000480e-02,-9.035799999999999388e-02,-2.002039999999999931e-01,-2.220699999999999896e-01,-1.694610000000000005e-01,4.039479999999999738e-01,1.094880000000000020e-01,3.371549999999999825e-01,7.276999999999999615e-03,-1.903950000000000087e-01,-1.444900000000000004e-02,4.410720000000000196e-01,-1.015530000000000044e-01,7.323150000000000492e-01,-5.342399999999999927e-02,-1.621630000000000016e-01,-4.718499999999999778e-02,-8.693900000000000239e-02,6.629300000000000470e-02,-8.808199999999999363e-02,-2.531600000000000170e-02,4.755079999999999862e-01,1.033580000000000054e-01,-2.094850000000000045e-01,-1.486389999999999934e-01,3.627500000000000169e-02,-1.033540000000000014e-01,-7.500199999999999922e-02,-1.892320000000000113e-01,7.817200000000000537e-02,-1.020100000000000000e-02,-3.538000000000000173e-02,-2.781700000000000145e-02,-2.010270000000000112e-01
3.793000000000000260e-01,4.426280000000000214e-01,2.128299999999999984e-02,4.112709999999999977e-01,2.617800000000000127e-01,2.642780000000000129e-01,3.230850000000000111e-01,4.425270000000000037e-01,2.567980000000000262e-01,6.559249999999999803e-01,-4.089399999999999979e-02,1.000000000000000000e+00,5.688560000000000283e-01,2.593190000000000217e-01,1.478999999999999933e-02,-1.261470000000000091e-01,5.679450000000000331e-01,-1.284359999999999946e-01,-7.695499999999999563e-02,3.934340000000000059e-01,5.562489999999999934e-01,2.575589999999999824e-01,3.394280000000000075e-01,8.341749999999999998e-01,-1.647399999999999906e-02,6.217810000000000281e-01,-3.051459999999999728e-01,3.736999999999999766e-01,9.635499999999999621e-02,2.825010000000000021e-01,-5.878699999999999898e-02,4.300979999999999803e-01,7.179029999999999578e-01,4.191559999999999730e-01,-6.535670000000000091e-01,5.115229999999999499e-01,-3.775479999999999947e-01,2.808459999999999845e-01,-1.987839999999999885e-01,6.701310000000000322e-01,3.622659999999999769e-01,-5.096380000000000354e-01,6.002499999999999503e-01,4.187989999999999768e-01,6.878300000000000525e-01,7.369199999999999362e-02,1.200959999999999944e-01,1.030699999999999950e-01,3.488439999999999874e-01,2.954899999999999749e-01,1.150690000000000046e-01,6.079539999999999944e-01,5.349939999999999696e-01,2.488690000000000069e-01,7.202889999999999571e-01,-9.204000000000000375e-03,9.263019999999999587e-01,5.442900000000000515e-01,5.027260000000000062e-01,6.241599999999999926e-02,-4.243979999999999975e-01,4.540770000000000084e-01,-1.375919999999999921e-01,-2.693389999999999951e-01,2.501000000000000185e-03,4.028320000000000234e-01,4.345990000000000131e-01,3.212889999999999913e-01,8.214639999999999720e-01,-8.279200000000000448e-02,6.793139999999999734e-01,2.573989999999999889e-01,7.359400000000000663e-02,-2.051040000000000085e-01,6.007500000000000340e-02,4.560939999999999994e-01
3.619260000000000255e-01,5.361099999999999755e-01,-1.733810000000000073e-01,2.834490000000000065e-01,3.861399999999999832e-01,3.400830000000000242e-01,3.986890000000000156e-01,4.363600000000000118e-02,3.329380000000000117e-01,4.481890000000000041e-01,6.340099999999999902e-02,5.688560000000000283e-01,1.000000000000000000e+00,-7.931900000000000062e-02,6.303699999999999581e-02,2.996389999999999887e-01,7.366449999999999942e-01,3.461650000000000005e-01,-3.398610000000000242e-01,3.959260000000000002e-01,2.494889999999999886e-01,2.345730000000000037e-01,1.306239999999999901e-01,3.479329999999999923e-01,2.046719999999999928e-01,5.829459999999999642e-01,-2.655700000000000074e-02,7.026470000000000216e-01,5.540680000000000049e-01,2.878519999999999968e-01,7.087000000000000244e-02,2.833319999999999728e-01,5.031670000000000309e-01,1.962419999999999998e-01,-4.552829999999999933e-01,1.973580000000000056e-01,-3.437810000000000032e-01,9.314799999999999469e-02,-2.333189999999999986e-01,3.921080000000000121e-01,1.441749999999999976e-01,-3.233320000000000083e-01,1.857479999999999964e-01,2.834690000000000265e-01,3.575229999999999797e-01,-4.197000000000000210e-03,1.436709999999999932e-01,2.005699999999999844e-02,-3.258300000000000085e-02,5.384609999999999674e-01,2.700819999999999887e-01,5.751519999999999966e-01,1.395899999999999919e-01,2.597539999999999849e-01,4.849289999999999989e-01,1.763019999999999865e-01,4.571439999999999948e-01,7.945520000000000360e-01,2.425900000000000001e-01,1.390919999999999934e-01,-4.980300000000000005e-02,7.444460000000000521e-01,3.263960000000000194e-01,-3.912240000000000162e-01,1.426409999999999900e-01,2.951869999999999772e-01,3.185720000000000218e-01,1.120720000000000049e-01,3.719830000000000081e-01,4.923700000000000299e-02,4.291010000000000102e-01,2.682309999999999972e-01,1.762579999999999980e-01,9.528799999999999770e-02,2.136400000000000104e-02,4.047009999999999774e-01
-2.736359999999999904e-01,-1.741900000000000046e-02,2.964589999999999725e-01,1.007030000000000008e-01,2.841310000000000224e-01,4.661219999999999808e-01,4.422199999999999742e-02,6.037439999999999474e-01,2.350289999999999879e-01,1.771459999999999979e-01,2.994700000000000140e-01,2.593190000000000217e-01,-7.931900000000000062e-02,1.000000000000000000e+00,-3.065199999999999869e-02,-4.368759999999999866e-01,2.053000000000000137e-03,-3.839960000000000040e-01,3.184549999999999881e-01,-7.462100000000000677e-02,2.519810000000000105e-01,-7.623699999999999921e-02,4.551100000000000145e-01,3.551679999999999837e-01,-1.599909999999999943e-01,1.132559999999999956e-01,-1.251480000000000092e-01,-1.375699999999999978e-01,-3.691090000000000204e-01,1.553539999999999921e-01,-1.708840000000000081e-01,2.749619999999999842e-01,1.788649999999999962e-01,1.966590000000000005e-01,-1.091919999999999974e-01,2.090180000000000093e-01,9.946499999999999786e-02,1.297329999999999872e-01,1.694019999999999970e-01,2.741270000000000095e-01,2.750830000000000219e-01,-1.537800000000000000e-01,2.473799999999999888e-01,-1.823800000000000074e-02,5.404799999999999882e-02,-2.180880000000000041e-01,-2.123399999999999940e-02,2.193460000000000132e-01,2.933089999999999864e-01,8.007499999999999341e-02,1.449449999999999905e-01,2.380499999999999977e-02,6.067090000000000538e-01,3.201899999999999746e-01,1.452469999999999872e-01,1.942560000000000120e-01,3.080319999999999725e-01,-1.224100000000000014e-02,6.325969999999999649e-01,-7.489300000000000124e-02,-3.052050000000000041e-01,-1.641410000000000091e-01,-3.629589999999999761e-01,2.225070000000000103e-01,-1.623310000000000031e-01,4.820499999999999785e-02,-4.012299999999999894e-02,4.760489999999999999e-01,3.216430000000000122e-01,-1.679440000000000099e-01,1.405810000000000115e-01,-9.708400000000000363e-02,-4.336299999999999877e-02,-3.145660000000000123e-01,1.558299999999999963e-02,-7.585699999999999388e-02
4.493090000000000139e-01,-9.619700000000000473e-02,1.195269999999999944e-01,-4.653550000000000186e-01,-1.735730000000000051e-01,-2.078029999999999877e-01,-3.324810000000000265e-01,5.974000000000000143e-03,-6.412000000000000165e-03,-3.715649999999999786e-01,4.190399999999999681e-02,1.478999999999999933e-02,6.303699999999999581e-02,-3.065199999999999869e-02,1.000000000000000000e+00,1.666910000000000058e-01,-1.396600000000000064e-01,2.453799999999999870e-01,-6.164300000000000335e-02,5.646860000000000213e-01,3.862970000000000015e-01,3.830319999999999836e-01,9.765899999999999581e-02,8.871000000000000413e-03,1.022890000000000049e-01,1.562200000000000047e-02,2.959600000000000078e-02,3.266930000000000112e-01,1.757450000000000123e-01,5.598659999999999748e-01,5.592420000000000169e-01,-9.376000000000000653e-03,-1.470819999999999905e-01,3.466790000000000149e-01,3.587159999999999793e-01,1.588729999999999865e-01,1.986140000000000128e-01,1.755700000000000038e-01,4.086509999999999865e-01,1.233230000000000021e-01,3.288769999999999749e-01,3.976790000000000047e-01,1.530809999999999949e-01,3.257889999999999953e-01,-4.122680000000000233e-01,5.233330000000000481e-01,2.273570000000000035e-01,1.790200000000000125e-01,2.044239999999999946e-01,1.779850000000000043e-01,1.976050000000000029e-01,-3.165299999999999780e-01,-2.770399999999999946e-02,-1.071399999999999957e-02,-2.475410000000000110e-01,-5.251700000000000118e-02,-8.627300000000000246e-02,1.110929999999999973e-01,-1.899339999999999917e-01,7.256390000000000340e-01,3.716789999999999816e-01,8.713000000000000259e-03,3.821359999999999757e-01,1.377039999999999931e-01,6.844160000000000244e-01,4.433779999999999943e-01,4.378400000000000070e-01,1.628179999999999905e-01,8.170600000000000085e-02,1.686159999999999881e-01,2.707879999999999732e-01,1.875100000000000031e-02,7.174840000000000106e-01,3.999039999999999817e-01,6.311160000000000103e-01,2.697430000000000105e-01
3.469400000000000261e-01,3.946379999999999888e-01,-2.122360000000000080e-01,-2.298400000000000096e-02,1.835229999999999917e-01,-1.349400000000000044e-01,3.322860000000000258e-01,-7.240900000000000114e-01,5.306299999999999906e-02,1.929440000000000044e-01,-5.131000000000000144e-02,-1.261470000000000091e-01,2.996389999999999887e-01,-4.368759999999999866e-01,1.666910000000000058e-01,1.000000000000000000e+00,3.783320000000000016e-01,8.535289999999999822e-01,-2.699540000000000273e-01,1.847669999999999868e-01,4.398799999999999932e-02,4.655219999999999914e-01,-4.031279999999999863e-01,-2.893089999999999828e-01,7.400870000000000504e-01,1.932709999999999984e-01,4.918669999999999987e-01,2.350500000000000089e-01,7.329940000000000344e-01,1.209620000000000001e-01,4.943520000000000136e-01,2.435229999999999895e-01,1.562810000000000032e-01,8.823400000000000687e-02,3.421300000000000036e-02,-2.256400000000000072e-01,-2.405309999999999948e-01,-5.888000000000000178e-02,1.016149999999999970e-01,4.455499999999999738e-02,-3.743999999999999932e-03,6.348000000000000344e-03,-2.325389999999999957e-01,1.477400000000000067e-02,-3.352399999999999824e-02,1.943749999999999922e-01,2.156119999999999981e-01,-1.954369999999999996e-01,-8.240500000000000602e-02,3.872340000000000226e-01,-2.832900000000000001e-02,1.563579999999999970e-01,-6.522639999999999549e-01,-9.737800000000000622e-02,1.409239999999999937e-01,1.904600000000000043e-02,-1.905270000000000019e-01,7.685400000000000564e-02,-3.643129999999999979e-01,1.293809999999999960e-01,6.887619999999999854e-01,5.539979999999999905e-01,7.759679999999999911e-01,-2.180120000000000113e-01,6.668200000000000516e-02,-4.575800000000000006e-02,2.827219999999999733e-01,-3.950069999999999970e-01,-3.824560000000000182e-01,5.100479999999999459e-01,-1.040480000000000016e-01,3.392240000000000255e-01,1.928610000000000047e-01,5.895289999999999697e-01,-1.293500000000000032e-02,3.748520000000000185e-01
2.423230000000000106e-01,4.921639999999999904e-01,-1.340629999999999877e-01,4.186469999999999914e-01,3.968010000000000148e-01,2.790000000000000258e-01,5.734979999999999523e-01,-6.780600000000000516e-02,2.870420000000000194e-01,7.654239999999999933e-01,1.031689999999999968e-01,5.679450000000000331e-01,7.366449999999999942e-01,2.053000000000000137e-03,-1.396600000000000064e-01,3.783320000000000016e-01,1.000000000000000000e+00,3.359249999999999736e-01,-1.910370000000000124e-01,2.964260000000000228e-01,3.777389999999999914e-01,2.999260000000000259e-01,-8.548500000000000543e-02,4.021170000000000022e-01,4.061119999999999730e-01,6.093009999999999815e-01,1.696399999999999991e-02,3.309190000000000187e-01,5.127180000000000071e-01,1.018860000000000043e-01,7.741299999999999570e-02,4.303199999999999803e-01,6.626389999999999780e-01,2.703280000000000127e-01,-5.022590000000000110e-01,2.948899999999999855e-01,-4.846909999999999830e-01,-1.779499999999999971e-01,-2.340299999999999880e-01,4.656139999999999723e-01,2.433589999999999920e-01,-4.636850000000000138e-01,1.885809999999999986e-01,8.144999999999999463e-02,5.034929999999999684e-01,-1.679599999999999982e-01,-5.590999999999999616e-03,-9.386000000000000246e-03,8.316199999999999981e-02,4.671420000000000017e-01,-5.619999999999999996e-03,5.945690000000000142e-01,3.305099999999999705e-02,2.882950000000000235e-01,7.188630000000000297e-01,2.594940000000000024e-01,5.605980000000000407e-01,5.154720000000000413e-01,2.042599999999999971e-01,-1.430480000000000085e-01,-4.172300000000000314e-02,7.054160000000000430e-01,2.358699999999999963e-01,-3.029229999999999978e-01,-4.515299999999999869e-02,1.371330000000000049e-01,3.317289999999999961e-01,-1.105809999999999987e-01,3.234349999999999725e-01,9.340400000000000091e-02,2.728760000000000074e-01,2.239700000000000024e-01,-1.058270000000000044e-01,4.002100000000000102e-02,-2.201150000000000051e-01,4.759200000000000097e-01
3.165120000000000156e-01,2.895490000000000008e-01,-1.739570000000000005e-01,-2.499010000000000120e-01,1.945469999999999977e-01,-2.465399999999999883e-02,1.659380000000000022e-01,-5.504850000000000021e-01,2.160400000000000167e-02,-2.367199999999999860e-02,5.935399999999999704e-02,-1.284359999999999946e-01,3.461650000000000005e-01,-3.839960000000000040e-01,2.453799999999999870e-01,8.535289999999999822e-01,3.359249999999999736e-01,1.000000000000000000e+00,-2.239919999999999967e-01,1.918410000000000115e-01,8.262999999999999512e-03,3.839270000000000183e-01,-3.316729999999999956e-01,-3.252669999999999728e-01,6.063469999999999693e-01,1.878700000000000092e-01,4.330149999999999832e-01,3.228800000000000003e-01,5.824019999999999753e-01,2.031449999999999922e-01,4.912009999999999987e-01,1.980830000000000091e-01,1.499499999999999965e-02,1.536869999999999903e-01,1.928149999999999864e-01,-1.513339999999999963e-01,-4.109800000000000259e-02,-9.014800000000000590e-02,2.937230000000000119e-01,8.275200000000000611e-02,1.280779999999999974e-01,2.226619999999999988e-01,-1.558400000000000063e-01,1.200220000000000037e-01,-2.592800000000000105e-01,2.435350000000000015e-01,2.833220000000000183e-01,-1.656370000000000064e-01,-6.592199999999999449e-02,5.202329999999999455e-01,1.407430000000000070e-01,3.282399999999999901e-02,-5.337749999999999995e-01,-4.016100000000000225e-02,-3.270599999999999896e-02,4.066199999999999676e-02,-2.280220000000000025e-01,1.468669999999999976e-01,-3.864480000000000137e-01,1.834000000000000075e-01,7.463929999999999731e-01,4.666250000000000120e-01,8.872480000000000366e-01,-1.040800000000000058e-01,2.015859999999999874e-01,-1.333499999999999963e-02,2.534230000000000094e-01,-2.949760000000000160e-01,-3.467069999999999874e-01,4.476979999999999849e-01,-1.859600000000000142e-02,2.800400000000000111e-01,3.860799999999999788e-01,5.968010000000000259e-01,8.247899999999999676e-02,2.643780000000000019e-01
-3.318499999999999783e-01,-1.202870000000000050e-01,8.057980000000000143e-01,-3.180209999999999981e-01,1.733399999999999871e-02,2.703749999999999765e-01,-1.418250000000000066e-01,2.295139999999999958e-01,3.240850000000000120e-01,-1.105410000000000004e-01,5.059090000000000531e-01,-7.695499999999999563e-02,-3.398610000000000242e-01,3.184549999999999881e-01,-6.164300000000000335e-02,-2.699540000000000273e-01,-1.910370000000000124e-01,-2.239919999999999967e-01,1.000000000000000000e+00,-2.035200000000000065e-01,-9.282899999999999485e-02,-3.264170000000000127e-01,1.161009999999999959e-01,8.949699999999999322e-02,-5.674499999999999683e-02,1.207909999999999956e-01,1.016600000000000004e-01,-4.787469999999999781e-01,-4.168239999999999723e-01,4.651399999999999979e-02,-2.252520000000000078e-01,-1.471760000000000013e-01,-2.959169999999999856e-01,-1.772680000000000089e-01,3.262099999999999722e-02,-4.018300000000000344e-02,1.215480000000000033e-01,2.588719999999999910e-01,1.222999999999999912e-03,-2.455040000000000000e-01,-3.530900000000000011e-02,1.877929999999999877e-01,-5.980300000000000199e-02,-4.000100000000000183e-02,-2.078599999999999892e-01,-2.577829999999999844e-01,-9.326299999999999868e-02,5.107859999999999623e-01,1.879419999999999980e-01,-2.620390000000000219e-01,-1.322609999999999897e-01,-3.531540000000000235e-01,1.364690000000000070e-01,2.633170000000000233e-01,-2.072589999999999988e-01,4.708209999999999895e-01,-1.413999999999999892e-03,-3.864920000000000022e-01,3.446500000000000258e-02,-2.239810000000000134e-01,-6.459700000000000164e-02,-5.066739999999999577e-01,-2.818599999999999994e-01,9.208450000000000246e-01,-1.236820000000000003e-01,-2.991010000000000058e-01,-3.040840000000000209e-01,-6.363999999999999865e-03,7.289000000000000340e-03,-1.670599999999999863e-01,-2.533600000000000088e-02,-1.027840000000000004e-01,-1.017850000000000005e-01,-3.057790000000000230e-01,1.481220000000000037e-01,-3.972120000000000095e-01
3.687790000000000235e-01,9.392799999999999760e-02,1.162419999999999981e-01,3.956999999999999580e-03,1.640189999999999981e-01,1.543300000000000054e-02,1.069309999999999983e-01,5.340000000000000129e-03,3.439369999999999927e-01,1.570290000000000019e-01,1.313819999999999988e-01,3.934340000000000059e-01,3.959260000000000002e-01,-7.462100000000000677e-02,5.646860000000000213e-01,1.847669999999999868e-01,2.964260000000000228e-01,1.918410000000000115e-01,-2.035200000000000065e-01,1.000000000000000000e+00,4.770550000000000068e-01,6.988539999999999752e-01,1.072270000000000029e-01,1.453160000000000007e-01,1.941110000000000058e-01,1.636060000000000014e-01,1.395349999999999924e-01,4.986099999999999977e-01,4.207969999999999766e-01,5.968510000000000204e-01,5.454599999999999449e-01,2.474619999999999875e-01,2.761399999999999966e-01,4.170010000000000105e-01,-9.746499999999999608e-02,2.939590000000000258e-01,-1.327639999999999931e-01,1.404670000000000085e-01,1.139219999999999955e-01,4.242909999999999737e-01,2.369449999999999890e-01,-1.509659999999999891e-01,3.835740000000000260e-01,3.503339999999999788e-01,3.656000000000000222e-02,3.289779999999999927e-01,1.550099999999999915e-02,2.786179999999999768e-01,4.128490000000000215e-01,3.939900000000000069e-01,6.404600000000000570e-02,2.715899999999999981e-01,4.715999999999999706e-03,2.545390000000000152e-01,2.382249999999999923e-01,6.039100000000000024e-02,2.905229999999999757e-01,3.397439999999999904e-01,-2.203799999999999856e-02,5.868710000000000315e-01,4.502300000000000052e-02,3.496949999999999781e-01,1.854230000000000045e-01,-1.636880000000000002e-01,7.081070000000000420e-01,4.973170000000000091e-01,7.817450000000000232e-01,1.542550000000000032e-01,1.776540000000000064e-01,9.745499999999999996e-02,2.573019999999999752e-01,4.089200000000000057e-01,5.092189999999999772e-01,3.629479999999999928e-01,4.688999999999999835e-01,6.080590000000000162e-01
