1.000000000000000000e+00,-4.982799999999999729e-02,2.428939999999999988e-01,-7.270699999999999386e-02,2.192209999999999992e-01,-2.572869999999999879e-01,1.626920000000000033e-01,-7.784099999999999353e-02,2.178110000000000046e-01,8.204899999999999693e-02,1.328729999999999911e-01,-2.569339999999999957e-01,-9.005000000000000851e-03,-1.000569999999999932e-01,6.590629999999999544e-01,4.843919999999999892e-01,4.851750000000000229e-01,3.673029999999999906e-01,2.417650000000000077e-01,4.948380000000000001e-01,5.205650000000000555e-01,5.553690000000000015e-01,-1.896720000000000073e-01,5.664999999999999897e-02,4.415810000000000013e-01,2.076729999999999965e-01,4.682319999999999816e-01,3.191559999999999953e-01,5.116309999999999469e-01,3.185189999999999966e-01,6.632379999999999942e-01,2.387309999999999988e-01,1.885229999999999961e-01,3.131539999999999879e-01,-2.701999999999999888e-02,-1.166959999999999942e-01,-1.438750000000000029e-01,7.508499999999999897e-02,1.851309999999999900e-01,-6.461600000000000676e-02,3.058130000000000015e-01,-4.373500000000000304e-02,-7.869400000000000006e-02,-1.419809999999999961e-01,-3.052200000000000052e-02,7.519040000000000168e-01,-4.934800000000000297e-02,2.300810000000000077e-01,-7.890099999999999891e-02,3.843799999999999994e-01,-2.058780000000000054e-01,2.174699999999999966e-01,-1.939279999999999893e-01,3.741849999999999898e-01,2.272579999999999878e-01,1.887880000000000114e-01,-2.580140000000000211e-01,-2.100599999999999967e-01,-1.356300000000000006e-01,5.775449999999999751e-01,2.786190000000000055e-01,2.333359999999999879e-01,2.798289999999999944e-01,3.020970000000000044e-01,5.148439999999999683e-01,3.826100000000000056e-01,5.922420000000000462e-01,-2.037460000000000104e-01,-6.586300000000000487e-02,1.809280000000000055e-01,2.067130000000000078e-01,4.160190000000000277e-01,2.647079999999999989e-01,3.751659999999999995e-01,3.484539999999999860e-01,5.785949999999999704e-01
-4.982799999999999729e-02,1.000000000000000000e+00,3.268750000000000266e-01,-2.108960000000000001e-01,1.399289999999999978e-01,8.136020000000000474e-01,2.323270000000000057e-01,3.548749999999999960e-01,2.182179999999999953e-01,1.685919999999999919e-01,3.567569999999999908e-01,3.739649999999999919e-01,7.092140000000000111e-01,9.958300000000000485e-02,7.331300000000000316e-02,3.052449999999999886e-01,3.714609999999999856e-01,5.493479999999999475e-01,4.032850000000000046e-01,2.093150000000000011e-01,1.575900000000000079e-01,8.210199999999999443e-02,3.213039999999999785e-01,3.033930000000000238e-01,6.726020000000000332e-01,7.544410000000000283e-01,-2.984500000000000000e-02,3.875129999999999963e-01,1.104760000000000048e-01,2.936799999999999966e-01,3.819600000000000078e-02,4.202589999999999937e-01,5.367020000000000124e-01,2.778200000000000114e-02,-1.563910000000000022e-01,2.853800000000000087e-02,-2.421359999999999901e-01,1.739100000000000021e-02,1.993769999999999987e-01,2.944570000000000243e-01,-4.892999999999999780e-03,-1.878849999999999965e-01,-2.690599999999999936e-02,-2.374799999999999967e-01,5.917200000000000237e-02,-2.101099999999999912e-01,5.062750000000000306e-01,4.000400000000000067e-01,-4.738799999999999957e-02,-3.556000000000000133e-03,4.087810000000000055e-01,-2.298899999999999902e-02,3.170930000000000137e-01,7.732100000000000084e-02,3.565399999999999819e-02,3.144219999999999793e-01,4.281119999999999925e-01,4.387229999999999741e-01,-1.668240000000000001e-01,-4.416099999999999887e-02,1.918580000000000008e-01,2.191150000000000042e-01,7.699999999999999597e-04,5.735409999999999675e-01,1.404449999999999865e-01,-9.943699999999999761e-02,-5.483799999999999786e-02,1.302560000000000107e-01,8.275299999999999323e-02,2.325609999999999900e-01,4.326139999999999985e-01,-1.758039999999999881e-01,2.033550000000000080e-01,-6.907000000000000639e-02,3.155189999999999939e-01,-1.534739999999999993e-01
2.428939999999999988e-01,3.268750000000000266e-01,1.000000000000000000e+00,-6.249299999999999994e-02,2.395670000000000022e-01,4.963569999999999927e-01,-2.658800000000000052e-02,6.901089999999999725e-01,4.763040000000000052e-01,2.146929999999999950e-01,6.671080000000000343e-01,5.051999999999999824e-01,4.118939999999999824e-01,3.116639999999999966e-01,3.379220000000000002e-01,-8.211999999999999855e-02,1.746979999999999922e-01,1.130820000000000020e-01,4.977880000000000082e-01,4.151009999999999978e-01,5.242700000000000138e-01,1.621660000000000046e-01,6.424929999999999808e-01,5.541040000000000409e-01,2.153090000000000004e-01,3.546119999999999828e-01,1.645240000000000036e-01,3.612659999999999760e-01,-1.055780000000000052e-01,4.001839999999999842e-01,7.420000000000000380e-03,2.973100000000000187e-01,2.475910000000000055e-01,-6.790999999999999814e-02,-3.272639999999999993e-01,4.386099999999999721e-02,-1.929480000000000084e-01,3.122840000000000060e-01,1.386519999999999975e-01,2.034000000000000044e-02,1.363299999999999929e-02,-1.134570000000000023e-01,1.414509999999999934e-01,-2.338000000000000078e-01,2.146170000000000022e-01,5.807999999999999968e-02,3.107440000000000202e-01,7.876969999999999805e-01,-1.170869999999999966e-01,1.553489999999999871e-01,4.972070000000000101e-01,8.440899999999999792e-02,6.507739999999999636e-01,2.653349999999999875e-01,4.296570000000000111e-01,6.477230000000000487e-01,4.532499999999999862e-01,3.675439999999999818e-01,6.802999999999999325e-02,3.149020000000000152e-01,-6.855600000000000582e-02,6.209800000000000042e-02,-9.263899999999999912e-02,5.716930000000000067e-01,3.278800000000000048e-01,2.945380000000000220e-01,1.226150000000000018e-01,6.116800000000000015e-01,4.142310000000000159e-01,1.219370000000000037e-01,4.952790000000000248e-01,1.946410000000000085e-01,2.650870000000000171e-01,-1.262909999999999866e-01,3.852400000000000269e-01,-6.708400000000000474e-02
-7.270699999999999386e-02,-2.108960000000000001e-01,-6.249299999999999994e-02,1.000000000000000000e+00,-5.649699999999999861e-02,-1.833220000000000127e-01,-3.583700000000000080e-02,1.911200000000000052e-02,-2.189500000000000127e-02,2.454459999999999975e-01,-1.210989999999999983e-01,4.477500000000000230e-02,-2.292450000000000043e-01,9.732200000000000573e-02,-2.230999999999999997e-02,-2.530339999999999812e-01,-1.478119999999999989e-01,-2.672809999999999908e-01,-2.248999999999999888e-01,-4.526199999999999668e-02,5.692300000000000137e-02,-2.870899999999999841e-02,6.097099999999999742e-02,-1.453589999999999882e-01,-2.562079999999999913e-01,-1.365999999999999992e-01,-6.680300000000000127e-02,-2.259519999999999862e-01,-7.644700000000000106e-02,-4.794299999999999951e-02,-1.151899999999999973e-02,-9.596000000000000363e-03,-1.138949999999999962e-01,1.575499999999999956e-01,-4.620300000000000101e-02,-9.890200000000000380e-02,-1.738929999999999920e-01,5.525900000000000256e-02,1.011289999999999967e-01,-1.072489999999999971e-01,1.508819999999999883e-01,1.145900000000000044e-02,1.406229999999999980e-01,-1.609309999999999907e-01,-5.989599999999999785e-02,-1.893399999999999944e-02,-2.007579999999999920e-01,-1.041239999999999943e-01,4.367240000000000011e-01,-2.847099999999999978e-02,-1.506889999999999896e-01,8.625700000000000034e-02,5.695000000000000409e-03,2.015899999999999984e-02,5.760500000000000342e-02,-8.541799999999999393e-02,-6.506000000000000671e-02,-1.218029999999999946e-01,-1.479070000000000107e-01,4.535399999999999848e-02,-2.113939999999999986e-01,-1.154659999999999992e-01,-5.635699999999999737e-02,-2.498839999999999950e-01,-5.400699999999999945e-02,1.002849999999999991e-01,1.152000000000000073e-02,4.846400000000000013e-02,1.511799999999999949e-02,-2.321149999999999880e-01,-8.273999999999999411e-02,-2.355600000000000055e-02,-9.037800000000000000e-02,-1.057199999999999980e-02,-8.484999999999999487e-02,-5.765300000000000286e-02
2.192209999999999992e-01,1.399289999999999978e-01,2.395670000000000022e-01,-5.649699999999999861e-02,1.000000000000000000e+00,1.244650000000000062e-01,4.654590000000000116e-01,3.843400000000000288e-02,5.939379999999999660e-01,-1.007860000000000006e-01,4.488519999999999732e-01,1.940310000000000090e-01,2.767310000000000048e-01,4.296630000000000171e-01,4.229029999999999734e-01,2.871190000000000131e-01,-4.592999999999999861e-03,3.179910000000000236e-01,2.257709999999999995e-01,4.602069999999999772e-01,9.134200000000000652e-02,5.135370000000000212e-01,-1.147899999999999962e-02,2.315409999999999968e-01,3.228900000000000103e-01,3.710700000000000109e-01,4.376740000000000075e-01,1.899250000000000105e-01,3.194640000000000257e-01,7.109600000000000641e-02,2.415190000000000115e-01,5.683719999999999883e-01,2.090609999999999968e-01,-1.027800000000000068e-02,-1.242999999999999938e-01,2.214210000000000067e-01,-7.254099999999999437e-02,-8.594000000000000250e-02,3.629109999999999836e-01,2.317059999999999953e-01,-1.102349999999999997e-01,-2.054010000000000002e-01,1.742940000000000045e-01,-2.349700000000000052e-02,-9.452399999999999691e-02,1.871929999999999983e-01,2.026640000000000108e-01,4.391869999999999941e-01,-6.546799999999999842e-02,7.594640000000000279e-01,1.006380000000000052e-01,4.873330000000000162e-01,8.508499999999999397e-02,5.577220000000000510e-01,2.347300000000000081e-02,5.041830000000000478e-01,3.599809999999999954e-01,2.419489999999999974e-01,2.703880000000000172e-01,4.701810000000000156e-01,1.694269999999999943e-01,1.865759999999999919e-01,2.568969999999999865e-01,1.446050000000000113e-01,4.185550000000000104e-01,7.294699999999999795e-02,4.587789999999999924e-01,-1.286799999999999923e-02,2.579499999999999849e-02,1.996600000000000041e-01,3.063799999999999857e-01,3.480210000000000248e-01,2.406059999999999865e-01,1.926769999999999872e-01,2.448170000000000068e-01,1.811770000000000047e-01
-2.572869999999999879e-01,8.136020000000000474e-01,4.963569999999999927e-01,-1.833220000000000127e-01,1.244650000000000062e-01,1.000000000000000000e+00,2.537150000000000238e-01,6.524839999999999529e-01,1.026699999999999974e-01,2.059860000000000024e-01,3.095620000000000038e-01,6.138670000000000515e-01,6.735090000000000243e-01,3.651840000000000086e-01,-6.766300000000000092e-02,-7.747600000000000320e-02,1.582089999999999885e-01,2.826080000000000259e-01,2.620890000000000164e-01,8.308400000000000507e-02,2.699940000000000118e-01,-1.604099999999999970e-01,6.832949999999999857e-01,4.970669999999999811e-01,3.862349999999999950e-01,5.942619999999999569e-01,-3.692000000000000143e-02,2.275139999999999940e-01,-1.068510000000000015e-01,2.235999999999999932e-01,-2.151480000000000059e-01,3.636190000000000255e-01,4.540290000000000159e-01,-1.292659999999999920e-01,-2.210260000000000002e-01,8.069199999999999984e-02,-2.123950000000000005e-01,1.695389999999999953e-01,2.017150000000000054e-01,2.603900000000000103e-01,-1.259520000000000084e-01,-2.282270000000000132e-01,5.296399999999999719e-02,-1.916009999999999935e-01,1.422640000000000016e-01,-3.443539999999999934e-01,5.287659999999999583e-01,4.545489999999999808e-01,-3.635000000000000037e-02,-1.686419999999999864e-01,6.813249999999999584e-01,-4.753199999999999786e-02,6.524750000000000272e-01,-1.616879999999999984e-01,1.233540000000000053e-01,2.779550000000000076e-01,6.557969999999999633e-01,5.622589999999999533e-01,3.231900000000000051e-02,-1.093350000000000016e-01,-2.825099999999999834e-02,1.218930000000000013e-01,-1.040360000000000035e-01,4.328330000000000233e-01,-3.549499999999999877e-02,5.179899999999999782e-02,-2.583099999999999841e-01,5.479610000000000314e-01,3.138179999999999858e-01,1.773200000000000054e-01,4.950539999999999941e-01,-1.092650000000000010e-01,6.675899999999999890e-02,-2.054459999999999897e-01,2.210979999999999890e-01,-3.756450000000000067e-01
1.626920000000000033e-01,2.323270000000000057e-01,-2.658800000000000052e-02,-3.583700000000000080e-02,4.654590000000000116e-01,2.537150000000000238e-01,1.000000000000000000e+00,-1.161439999999999972e-01,7.179999999999999750e-03,2.290250000000000064e-01,-2.052799999999999903e-01,-1.020009999999999944e-01,2.568929999999999825e-01,-2.839699999999999863e-02,3.336029999999999829e-01,4.427670000000000217e-01,1.942750000000000032e-01,5.042809999999999793e-01,6.969699999999999507e-02,2.984930000000000083e-01,3.135439999999999894e-01,4.027089999999999836e-01,-1.445490000000000108e-01,-1.067580000000000057e-01,4.805260000000000087e-01,1.873849999999999960e-01,5.931450000000000333e-01,2.162389999999999868e-01,7.315650000000000208e-01,1.859490000000000032e-01,5.050689999999999902e-01,4.404410000000000269e-01,2.227860000000000118e-01,2.110769999999999869e-01,-1.087159999999999932e-01,-1.292800000000000026e-02,-1.532489999999999963e-01,3.839999999999999664e-02,3.701180000000000025e-01,3.524849999999999928e-01,1.287389999999999923e-01,-7.989699999999999580e-02,-5.388300000000000034e-02,3.704799999999999760e-02,9.686799999999999577e-02,2.176530000000000131e-01,1.521170000000000022e-01,5.474699999999999706e-02,1.710599999999999968e-02,2.004789999999999905e-01,1.531099999999999996e-02,5.595630000000000326e-01,-1.600040000000000073e-01,1.211100000000000024e-02,1.326229999999999909e-01,-1.847199999999999884e-02,-1.900299999999999906e-02,9.064400000000000235e-02,-6.794300000000000339e-02,3.835520000000000040e-01,3.423709999999999809e-01,3.648120000000000251e-01,3.367820000000000258e-01,1.024150000000000060e-01,3.160120000000000151e-01,2.853160000000000140e-01,4.037359999999999838e-01,-1.966340000000000032e-01,-1.261589999999999934e-01,2.575999999999999956e-01,8.225699999999999679e-02,4.389850000000000141e-01,2.572929999999999939e-01,5.360989999999999922e-01,2.876029999999999975e-01,3.900560000000000138e-01
-7.784099999999999353e-02,3.548749999999999960e-01,6.901089999999999725e-01,1.911200000000000052e-02,3.843400000000000288e-02,6.524839999999999529e-01,-1.161439999999999972e-01,1.000000000000000000e+00,8.257599999999999663e-02,2.059340000000000059e-01,4.014369999999999883e-01,7.048339999999999606e-01,3.206939999999999791e-01,5.401669999999999527e-01,-9.647200000000000220e-02,-4.552889999999999993e-01,6.674900000000000277e-02,-1.454020000000000035e-01,5.637099999999999750e-02,-5.564199999999999702e-02,4.405839999999999756e-01,-3.380190000000000139e-01,9.089519999999999822e-01,7.017750000000000377e-01,8.011000000000000759e-03,3.803730000000000167e-01,-1.785889999999999977e-01,-1.917599999999999860e-02,-4.190380000000000216e-01,1.555439999999999878e-01,-3.273900000000000143e-01,2.189190000000000025e-01,2.901139999999999830e-01,-2.129469999999999974e-01,-3.129410000000000247e-01,1.096059999999999951e-01,-1.057120000000000004e-01,2.760639999999999761e-01,1.168990000000000029e-01,-4.015999999999999605e-03,-1.597919999999999896e-01,-7.646899999999999531e-02,1.569840000000000124e-01,-1.158980000000000010e-01,2.011979999999999880e-01,-2.422420000000000129e-01,2.958799999999999764e-01,4.475509999999999766e-01,-4.007000000000000145e-02,-2.163090000000000013e-01,5.829280000000000017e-01,-2.295079999999999898e-01,9.368109999999999493e-01,-1.582379999999999898e-01,3.558100000000000152e-01,3.236379999999999812e-01,6.206519999999999815e-01,3.297820000000000196e-01,2.358969999999999956e-01,-6.165799999999999753e-02,-3.429900000000000171e-01,-1.111769999999999980e-01,-3.154370000000000229e-01,2.437439999999999884e-01,-1.529619999999999869e-01,2.738869999999999916e-01,-3.642009999999999970e-01,8.401920000000000499e-01,5.552179999999999893e-01,-2.742199999999999846e-02,5.337330000000000130e-01,-1.188459999999999933e-01,-1.433169999999999999e-01,-4.082149999999999945e-01,9.290299999999999947e-02,-4.085619999999999807e-01
2.178110000000000046e-01,2.182179999999999953e-01,4.763040000000000052e-01,-2.189500000000000127e-02,5.939379999999999660e-01,1.026699999999999974e-01,7.179999999999999750e-03,8.257599999999999663e-02,1.000000000000000000e+00,7.731799999999999784e-02,7.604570000000000496e-01,3.456469999999999820e-01,2.912520000000000109e-01,1.519659999999999900e-01,3.327959999999999807e-01,1.399729999999999863e-01,-3.847500000000000225e-02,1.462990000000000124e-01,5.968909999999999494e-01,5.970760000000000511e-01,-5.186700000000000338e-02,5.134990000000000387e-01,-6.859999999999999779e-03,3.550240000000000062e-01,1.895630000000000093e-01,3.772269999999999790e-01,2.547519999999999785e-01,4.166150000000000131e-01,1.010199999999999987e-02,3.302490000000000148e-01,1.126270000000000049e-01,3.580980000000000274e-01,1.231939999999999980e-01,3.568600000000000244e-02,-7.827499999999999736e-02,7.627399999999999458e-02,-2.012559999999999905e-01,5.421200000000000324e-02,1.691259999999999986e-01,1.663419999999999899e-01,-4.072000000000000099e-03,-1.133160000000000001e-01,9.128999999999999615e-02,-2.212480000000000002e-01,3.485300000000000203e-02,1.698999999999999955e-01,1.800049999999999983e-01,7.288599999999999524e-01,-2.845999999999999919e-02,6.621780000000000443e-01,1.161539999999999934e-01,3.786490000000000133e-01,1.125120000000000009e-01,8.298020000000000396e-01,1.768039999999999889e-01,8.086929999999999952e-01,3.307970000000000077e-01,3.159910000000000219e-01,-6.589000000000000239e-03,3.026490000000000014e-01,3.559799999999999770e-02,9.965799999999999659e-02,5.695000000000000062e-02,4.266690000000000205e-01,4.934919999999999862e-01,-1.209250000000000047e-01,3.439869999999999872e-01,-1.398100000000000037e-02,2.571180000000000132e-01,1.548420000000000074e-01,3.390130000000000088e-01,1.243419999999999942e-01,4.504029999999999978e-01,6.999999999999999929e-04,4.653950000000000031e-01,8.154699999999999449e-02
8.204899999999999693e-02,1.685919999999999919e-01,2.146929999999999950e-01,2.454459999999999975e-01,-1.007860000000000006e-01,2.059860000000000024e-01,2.290250000000000064e-01,2.059340000000000059e-01,7.731799999999999784e-02,1.000000000000000000e+00,3.630900000000000100e-02,2.113730000000000053e-01,1.015169999999999961e-01,-1.287790000000000046e-01,2.651589999999999780e-01,-4.904000000000000026e-02,3.228920000000000123e-01,1.694039999999999990e-01,8.010000000000000453e-02,1.647220000000000073e-01,3.557080000000000242e-01,1.718200000000000005e-01,1.674760000000000137e-01,2.190890000000000060e-01,9.092799999999999494e-02,5.004800000000000221e-02,1.637790000000000079e-01,8.556900000000000617e-02,1.156469999999999998e-01,1.593070000000000042e-01,1.463649999999999951e-01,5.137499999999999706e-02,2.772680000000000144e-01,2.132610000000000061e-01,-1.266600000000000018e-02,-5.261080000000000201e-01,-4.416789999999999883e-01,5.402660000000000240e-01,1.047759999999999941e-01,-3.754500000000000198e-02,2.518719999999999848e-01,1.917290000000000105e-01,-1.264010000000000133e-01,-3.903469999999999995e-01,5.876080000000000192e-01,-9.541900000000000381e-02,-1.743609999999999882e-01,1.334029999999999938e-01,1.461230000000000029e-01,-7.808199999999999863e-02,-5.361199999999999993e-02,1.663099999999999995e-02,1.267419999999999936e-01,-9.742800000000000071e-02,5.585809999999999942e-01,1.123600000000000015e-01,-1.556100000000000018e-02,-1.649599999999999955e-01,-5.440169999999999728e-01,1.353179999999999938e-01,-2.503389999999999782e-01,-1.437670000000000059e-01,-2.537369999999999903e-01,1.446900000000000130e-01,7.677399999999999503e-02,2.432600000000000040e-02,-1.229000000000000058e-02,7.523599999999999732e-02,4.056669999999999998e-01,-2.280860000000000110e-01,-5.352099999999999913e-02,1.721000000000000090e-03,6.201000000000000262e-02,-8.896600000000000341e-02,1.781480000000000008e-01,-1.003040000000000043e-01
1.328729999999999911e-01,3.567569999999999908e-01,6.671080000000000343e-01,-1.210989999999999983e-01,4.488519999999999732e-01,3.095620000000000038e-01,-2.052799999999999903e-01,4.014369999999999883e-01,7.604570000000000496e-01,3.630900000000000100e-02,1.000000000000000000e+00,4.971300000000000163e-01,4.979640000000000177e-01,3.833139999999999881e-01,2.423279999999999879e-01,4.310699999999999948e-02,1.772539999999999949e-01,1.504439999999999944e-01,5.834650000000000114e-01,3.943019999999999858e-01,4.469999999999999668e-02,2.572019999999999862e-01,3.118009999999999948e-01,5.349009999999999598e-01,1.429140000000000132e-01,4.157719999999999749e-01,-3.923999999999999710e-02,3.844469999999999832e-01,-2.408069999999999933e-01,3.497129999999999961e-01,-5.944499999999999784e-02,2.985300000000000176e-01,3.251080000000000081e-01,4.833999999999999755e-03,-7.072399999999999520e-02,1.734680000000000111e-01,-6.379300000000000248e-02,2.152320000000000066e-01,-4.622000000000000240e-03,4.917300000000000143e-02,5.024599999999999900e-02,9.341000000000000345e-03,2.049310000000000020e-01,-1.988149999999999917e-01,1.979970000000000063e-01,-5.066600000000000270e-02,2.448849999999999916e-01,7.137900000000000356e-01,-4.779800000000000021e-02,4.187759999999999816e-01,2.876509999999999900e-01,4.697999999999999919e-03,4.460620000000000140e-01,5.191559999999999508e-01,2.853680000000000105e-01,7.939420000000000366e-01,4.978940000000000032e-01,3.401980000000000004e-01,1.500759999999999872e-01,1.124310000000000032e-01,-3.690199999999999730e-02,-6.016799999999999926e-02,-1.403369999999999895e-01,5.203969999999999985e-01,2.343099999999999905e-01,-1.840229999999999921e-01,6.752600000000000269e-02,2.934189999999999854e-01,3.922189999999999843e-01,2.964400000000000021e-02,4.095860000000000056e-01,-1.148480000000000056e-01,2.688579999999999859e-01,-3.172949999999999937e-01,3.006309999999999816e-01,-1.522189999999999932e-01
-2.569339999999999957e-01,3.739649999999999919e-01,5.051999999999999824e-01,4.477500000000000230e-02,1.940310000000000090e-01,6.138670000000000515e-01,-1.020009999999999944e-01,7.048339999999999606e-01,3.456469999999999820e-01,2.113730000000000053e-01,4.971300000000000163e-01,1.000000000000000000e+00,3.681059999999999888e-01,5.911199999999999788e-01,-5.612799999999999734e-02,-4.009059999999999846e-01,-8.147899999999999587e-02,-7.057399999999999785e-02,3.060010000000000230e-01,1.016920000000000046e-01,3.817199999999999760e-02,-1.462140000000000106e-01,6.537330000000000085e-01,8.121490000000000098e-01,-1.059159999999999963e-01,5.261799999999999811e-01,-3.303440000000000265e-01,6.142500000000000043e-02,-5.548969999999999736e-01,2.046330000000000093e-01,-3.764859999999999873e-01,3.484369999999999967e-01,3.679600000000000093e-01,-5.775199999999999778e-02,-9.193700000000000483e-02,2.657340000000000257e-01,-1.208909999999999985e-01,2.405609999999999971e-01,1.941269999999999940e-01,2.997070000000000012e-01,-5.754499999999999893e-02,-1.534220000000000028e-01,3.006570000000000076e-01,-5.377799999999999941e-02,1.908269999999999966e-01,-2.929169999999999829e-01,2.706270000000000064e-01,4.936590000000000145e-01,8.655999999999999805e-02,-4.313999999999999779e-02,4.808109999999999884e-01,-9.628200000000000647e-02,7.485789999999999944e-01,4.912199999999999900e-02,2.716939999999999911e-01,3.682130000000000125e-01,8.679029999999999800e-01,4.588099999999999956e-01,2.087710000000000121e-01,-1.079709999999999975e-01,-3.377310000000000034e-01,-1.060259999999999952e-01,-2.559379999999999988e-01,1.820819999999999939e-01,-2.476799999999999835e-02,-1.381479999999999930e-01,-2.482870000000000077e-01,5.731859999999999733e-01,6.806109999999999660e-01,-1.052079999999999960e-01,5.240179999999999838e-01,-4.164709999999999801e-01,2.493199999999999930e-02,-4.922019999999999729e-01,2.192270000000000052e-01,-4.878029999999999866e-01
-9.005000000000000851e-03,7.092140000000000111e-01,4.118939999999999824e-01,-2.292450000000000043e-01,2.767310000000000048e-01,6.735090000000000243e-01,2.568929999999999825e-01,3.206939999999999791e-01,2.912520000000000109e-01,1.015169999999999961e-01,4.979640000000000177e-01,3.681059999999999888e-01,1.000000000000000000e+00,2.116000000000000103e-01,1.128220000000000056e-01,3.625639999999999974e-01,2.473770000000000135e-01,5.522700000000000387e-01,4.747759999999999758e-01,3.119709999999999983e-01,1.230399999999999966e-01,1.763210000000000055e-01,3.419010000000000105e-01,3.132800000000000029e-01,3.723639999999999728e-01,5.605080000000000062e-01,1.122399999999999960e-02,6.447319999999999718e-01,1.088569999999999954e-01,4.412499999999999756e-01,1.272210000000000008e-01,4.329169999999999963e-01,4.790650000000000186e-01,1.806149999999999978e-01,-1.947319999999999884e-01,6.914800000000000113e-02,-1.860090000000000077e-01,6.338100000000000678e-02,2.462519999999999987e-01,3.990270000000000206e-01,1.769590000000000052e-01,-1.256470000000000087e-01,3.397200000000000220e-02,-1.286100000000000021e-01,8.832299999999999873e-02,-6.378300000000000636e-02,4.458559999999999746e-01,4.981659999999999977e-01,-6.109900000000000053e-02,1.345369999999999899e-01,4.322659999999999836e-01,1.115830000000000016e-01,3.607130000000000059e-01,9.631599999999999884e-02,2.702590000000000270e-01,4.343339999999999979e-01,4.834040000000000004e-01,6.374130000000000074e-01,2.578400000000000136e-02,1.692199999999999954e-02,2.664639999999999787e-01,2.204790000000000083e-01,1.846770000000000078e-01,5.414790000000000436e-01,2.233009999999999995e-01,-5.042800000000000060e-02,1.222229999999999983e-01,2.296719999999999873e-01,2.051119999999999888e-01,1.764340000000000075e-01,4.318919999999999981e-01,-9.743100000000000371e-02,4.573169999999999735e-01,-3.622299999999999826e-02,4.464659999999999740e-01,-4.666399999999999715e-02
-1.000569999999999932e-01,9.958300000000000485e-02,3.116639999999999966e-01,9.732200000000000573e-02,4.296630000000000171e-01,3.651840000000000086e-01,-2.839699999999999863e-02,5.401669999999999527e-01,1.519659999999999900e-01,-1.287790000000000046e-01,3.833139999999999881e-01,5.911199999999999788e-01,2.116000000000000103e-01,1.000000000000000000e+00,7.067000000000000365e-03,-3.268880000000000119e-01,-1.012229999999999935e-01,-1.427950000000000053e-01,-2.427800000000000097e-02,-4.716000000000000053e-02,8.277099999999999735e-02,-1.616920000000000024e-01,5.856200000000000294e-01,5.509800000000000253e-01,-8.579599999999999727e-02,3.130620000000000069e-01,-1.479030000000000067e-01,-1.644039999999999946e-01,-4.257619999999999738e-01,-4.760600000000000248e-02,-3.134009999999999851e-01,3.793199999999999905e-01,1.678099999999999870e-01,-2.447149999999999881e-01,-1.113559999999999967e-01,3.785160000000000191e-01,1.200000000000000030e-05,-1.735499999999999890e-02,2.348870000000000124e-01,8.160900000000000098e-02,-2.668289999999999829e-01,-2.477000000000000035e-01,3.924449999999999883e-01,1.128450000000000009e-01,-6.800499999999999601e-02,-1.006810000000000066e-01,3.458200000000000163e-01,2.910880000000000134e-01,2.114939999999999876e-01,9.592199999999999338e-02,5.031039999999999957e-01,-1.482100000000000084e-02,6.317960000000000242e-01,-3.308200000000000029e-02,2.539599999999999844e-02,2.538980000000000126e-01,6.937569999999999570e-01,3.329380000000000117e-01,5.782629999999999715e-01,2.774199999999999930e-02,-1.811659999999999937e-01,-7.258799999999999975e-02,-6.326500000000000179e-02,-7.351299999999999502e-02,-1.309349999999999958e-01,3.980700000000000210e-02,-1.425420000000000020e-01,6.161590000000000122e-01,3.821359999999999757e-01,5.432499999999999829e-02,4.805630000000000179e-01,-9.418700000000000683e-02,-1.096260000000000012e-01,-3.381990000000000274e-01,-5.186999999999999944e-02,-3.703830000000000178e-01
6.590629999999999544e-01,7.331300000000000316e-02,3.379220000000000002e-01,-2.230999999999999997e-02,4.229029999999999734e-01,-6.766300000000000092e-02,3.336029999999999829e-01,-9.647200000000000220e-02,3.327959999999999807e-01,2.651589999999999780e-01,2.423279999999999879e-01,-5.612799999999999734e-02,1.128220000000000056e-01,7.067000000000000365e-03,1.000000000000000000e+00,4.782379999999999964e-01,4.491740000000000177e-01,4.647129999999999872e-01,3.392609999999999792e-01,7.094099999999999850e-01,5.037220000000000031e-01,7.270990000000000508e-01,-1.331640000000000046e-01,9.038000000000000200e-02,4.237040000000000251e-01,2.054570000000000007e-01,5.034349999999999659e-01,4.003619999999999957e-01,4.873439999999999994e-01,3.833019999999999761e-01,5.889199999999999990e-01,4.597220000000000195e-01,2.944479999999999875e-01,4.032549999999999746e-01,-4.785999999999999976e-02,-1.393689999999999929e-01,-2.461609999999999909e-01,2.723889999999999922e-01,3.217280000000000140e-01,-3.363900000000000223e-02,4.273339999999999916e-01,9.003300000000000192e-02,-1.366999999999999943e-03,-2.727149999999999852e-01,1.813529999999999864e-01,3.800689999999999902e-01,-1.277500000000000024e-01,3.995110000000000050e-01,1.893299999999999844e-02,5.539169999999999927e-01,-1.906349999999999989e-01,3.147599999999999842e-01,-1.367240000000000122e-01,4.087779999999999747e-01,2.318689999999999918e-01,2.861770000000000147e-01,-6.727500000000000147e-02,-1.967839999999999867e-01,-2.068450000000000011e-01,8.508010000000000295e-01,1.595640000000000114e-01,5.726300000000000140e-02,8.519799999999999596e-02,3.997169999999999890e-01,7.036909999999999554e-01,1.960220000000000018e-01,6.761599999999999833e-01,-1.479669999999999874e-01,-4.232299999999999951e-02,-4.461600000000000288e-02,2.524099999999999955e-02,3.715860000000000274e-01,3.053859999999999908e-01,2.348729999999999984e-01,4.068660000000000054e-01,3.879600000000000271e-01
4.843919999999999892e-01,3.052449999999999886e-01,-8.211999999999999855e-02,-2.530339999999999812e-01,2.871190000000000131e-01,-7.747600000000000320e-02,4.427670000000000217e-01,-4.552889999999999993e-01,1.399729999999999863e-01,-4.904000000000000026e-02,4.310699999999999948e-02,-4.009059999999999846e-01,3.625639999999999974e-01,-3.268880000000000119e-01,4.782379999999999964e-01,1.000000000000000000e+00,4.097250000000000059e-01,8.149229999999999530e-01,3.000510000000000121e-01,4.270160000000000067e-01,1.674370000000000025e-01,6.097820000000000462e-01,-4.882409999999999806e-01,-3.265009999999999857e-01,6.622240000000000348e-01,2.854829999999999868e-01,3.829509999999999859e-01,5.333329999999999460e-01,7.012739999999999529e-01,2.472610000000000086e-01,7.272140000000000271e-01,3.532529999999999837e-01,3.136379999999999724e-01,4.850450000000000039e-01,-4.443400000000000127e-02,-5.084099999999999731e-02,-1.843940000000000023e-01,-2.284249999999999892e-01,2.997139999999999804e-01,3.464030000000000165e-01,3.667719999999999869e-01,-1.559439999999999993e-01,-7.803899999999999726e-02,-1.149200000000000048e-02,-1.701610000000000067e-01,4.860749999999999793e-01,2.055009999999999892e-01,1.190220000000000028e-01,-8.118200000000000416e-02,3.670740000000000114e-01,-1.569429999999999992e-01,3.659129999999999883e-01,-4.649679999999999924e-01,2.493249999999999911e-01,2.484099999999999850e-02,9.953800000000000148e-02,-2.160789999999999933e-01,8.524400000000000033e-02,-1.984799999999999898e-01,4.221309999999999785e-01,7.335000000000000409e-01,5.244870000000000365e-01,5.864570000000000061e-01,2.775070000000000037e-01,5.253900000000000237e-01,7.454600000000000115e-02,6.885989999999999611e-01,-5.214109999999999578e-01,-4.269040000000000057e-01,3.738380000000000036e-01,8.548300000000000343e-02,2.834720000000000018e-01,4.871690000000000187e-01,5.508570000000000411e-01,3.441429999999999767e-01,6.373149999999999649e-01
4.851750000000000229e-01,3.714609999999999856e-01,1.746979999999999922e-01,-1.478119999999999989e-01,-4.592999999999999861e-03,1.582089999999999885e-01,1.942750000000000032e-01,6.674900000000000277e-02,-3.847500000000000225e-02,3.228920000000000123e-01,1.772539999999999949e-01,-8.147899999999999587e-02,2.473770000000000135e-01,-1.012229999999999935e-01,4.491740000000000177e-01,4.097250000000000059e-01,1.000000000000000000e+00,5.696280000000000232e-01,2.071600000000000108e-01,1.145309999999999939e-01,3.691099999999999937e-01,1.933989999999999876e-01,-9.400300000000000322e-02,1.414980000000000127e-01,4.495500000000000052e-01,3.036599999999999855e-01,7.980399999999999994e-02,1.862949999999999884e-01,3.120569999999999733e-01,2.885380000000000167e-01,4.052009999999999779e-01,1.672629999999999950e-01,4.919160000000000199e-01,2.582369999999999943e-01,1.445160000000000056e-01,-8.619100000000000372e-02,2.371600000000000097e-02,3.156340000000000257e-01,-1.883999999999999911e-02,-2.275030000000000108e-01,3.195379999999999887e-01,2.952099999999999724e-01,5.435600000000000154e-02,-1.296960000000000057e-01,3.250939999999999941e-01,6.590100000000000124e-02,-1.431030000000000080e-01,1.440699999999999967e-02,-6.274000000000000410e-02,1.379999999999999977e-02,-2.180539999999999978e-01,-2.056369999999999865e-01,-1.567800000000000096e-02,-3.721900000000000208e-02,3.403209999999999846e-01,-2.743500000000000105e-02,-1.625610000000000110e-01,-3.184730000000000061e-01,-3.538899999999999824e-01,1.513110000000000011e-01,8.121699999999999753e-02,-4.394000000000000336e-03,-1.286420000000000063e-01,4.555719999999999770e-01,5.787699999999999789e-02,-7.593300000000000050e-02,5.404300000000000076e-02,-1.946039999999999992e-01,4.021799999999999681e-02,-1.602550000000000086e-01,-1.218999999999999945e-02,-1.059139999999999943e-01,-9.019399999999999640e-02,-1.028030000000000055e-01,3.141999999999999654e-02,1.544649999999999912e-01
3.673029999999999906e-01,5.493479999999999475e-01,1.130820000000000020e-01,-2.672809999999999908e-01,3.179910000000000236e-01,2.826080000000000259e-01,5.042809999999999793e-01,-1.454020000000000035e-01,1.462990000000000124e-01,1.694039999999999990e-01,1.504439999999999944e-01,-7.057399999999999785e-02,5.522700000000000387e-01,-1.427950000000000053e-01,4.647129999999999872e-01,8.149229999999999530e-01,5.696280000000000232e-01,1.000000000000000000e+00,3.479880000000000195e-01,4.045250000000000234e-01,2.795569999999999999e-01,4.935709999999999820e-01,-2.021159999999999901e-01,2.369900000000000131e-02,6.824510000000000298e-01,5.317309999999999537e-01,2.576809999999999934e-01,5.111930000000000085e-01,5.461160000000000458e-01,2.873910000000000076e-01,5.193830000000000391e-01,5.035410000000000164e-01,5.433869999999999534e-01,3.956509999999999749e-01,-3.733800000000000313e-02,-6.725100000000000522e-02,-2.262220000000000064e-01,-7.826800000000000423e-02,3.535340000000000149e-01,3.605639999999999956e-01,3.015950000000000020e-01,-1.533259999999999901e-01,-3.257100000000000273e-02,-1.051239999999999952e-01,5.217000000000000283e-03,2.552059999999999884e-01,2.298890000000000100e-01,2.177050000000000096e-01,-1.555819999999999981e-01,2.409920000000000118e-01,1.325999999999999922e-03,1.758909999999999918e-01,-1.657359999999999944e-01,1.195930000000000049e-01,1.613110000000000099e-01,1.348910000000000109e-01,8.924400000000000388e-02,1.642669999999999964e-01,-2.959729999999999861e-01,3.765089999999999826e-01,5.310329999999999773e-01,3.936629999999999852e-01,4.423019999999999730e-01,4.159729999999999817e-01,4.488690000000000180e-01,-2.768699999999999981e-02,4.923310000000000186e-01,-3.175069999999999837e-01,-2.011280000000000012e-01,2.084350000000000092e-01,1.993030000000000079e-01,7.087999999999999856e-02,3.619930000000000092e-01,2.645179999999999754e-01,3.778900000000000037e-01,3.464050000000000185e-01
2.417650000000000077e-01,4.032850000000000046e-01,4.977880000000000082e-01,-2.248999999999999888e-01,2.257709999999999995e-01,2.620890000000000164e-01,6.969699999999999507e-02,5.637099999999999750e-02,5.968909999999999494e-01,8.010000000000000453e-02,5.834650000000000114e-01,3.060010000000000230e-01,4.747759999999999758e-01,-2.427800000000000097e-02,3.392609999999999792e-01,3.000510000000000121e-01,2.071600000000000108e-01,3.479880000000000195e-01,1.000000000000000000e+00,6.116800000000000015e-01,2.455299999999999844e-02,4.893620000000000192e-01,-2.991500000000000062e-02,2.803889999999999993e-01,2.632120000000000015e-01,4.342409999999999881e-01,1.165199999999999986e-01,6.770190000000000374e-01,7.879600000000000493e-02,6.588859999999999717e-01,2.357740000000000113e-01,2.366030000000000078e-01,1.801800000000000068e-01,1.532350000000000101e-01,2.955800000000000094e-02,2.230920000000000125e-01,-7.261399999999999799e-02,1.369569999999999954e-01,1.093000000000000005e-03,2.452590000000000048e-01,2.134759999999999991e-01,-1.116179999999999950e-01,1.741149999999999920e-01,-1.139929999999999971e-01,1.298940000000000095e-01,1.672260000000000135e-01,2.081260000000000054e-01,6.272510000000000030e-01,-6.610199999999999410e-02,3.368120000000000003e-01,1.147939999999999933e-01,2.297309999999999908e-01,5.194100000000000106e-02,5.080080000000000151e-01,2.467890000000000084e-01,5.683540000000000258e-01,2.363870000000000138e-01,3.470779999999999976e-01,-3.895799999999999957e-02,1.908269999999999966e-01,1.763500000000000068e-01,1.933010000000000006e-01,7.447499999999999953e-02,7.455819999999999670e-01,5.168260000000000076e-01,-1.830450000000000133e-01,3.117050000000000098e-01,-9.267899999999999749e-02,1.073510000000000020e-01,1.132399999999999934e-01,2.380579999999999918e-01,-4.006799999999999945e-02,6.442419999999999813e-01,5.219700000000000034e-02,6.754179999999999628e-01,1.377299999999999913e-01
4.948380000000000001e-01,2.093150000000000011e-01,4.151009999999999978e-01,-4.526199999999999668e-02,4.602069999999999772e-01,8.308400000000000507e-02,2.984930000000000083e-01,-5.564199999999999702e-02,5.970760000000000511e-01,1.647220000000000073e-01,3.943019999999999858e-01,1.016920000000000046e-01,3.119709999999999983e-01,-4.716000000000000053e-02,7.094099999999999850e-01,4.270160000000000067e-01,1.145309999999999939e-01,4.045250000000000234e-01,6.116800000000000015e-01,1.000000000000000000e+00,2.715009999999999923e-01,8.842229999999999812e-01,-1.116250000000000020e-01,1.253249999999999920e-01,3.633879999999999888e-01,3.309520000000000239e-01,5.479960000000000386e-01,6.265119999999999578e-01,4.265909999999999980e-01,5.922520000000000007e-01,5.429340000000000277e-01,4.929410000000000180e-01,1.966549999999999965e-01,3.615019999999999900e-01,-3.602600000000000247e-02,-5.141600000000000337e-02,-3.965420000000000056e-01,1.279329999999999912e-01,3.698299999999999921e-01,2.714969999999999883e-01,2.787490000000000245e-01,-1.047949999999999993e-01,6.651500000000000468e-02,-3.115249999999999964e-01,-1.691900000000000001e-02,4.098010000000000264e-01,1.168740000000000057e-01,6.172769999999999646e-01,-3.873399999999999760e-02,6.039120000000000044e-01,2.746000000000000177e-03,5.162440000000000362e-01,-7.817200000000000537e-02,5.990910000000000402e-01,1.264560000000000128e-01,5.382679999999999687e-01,1.161120000000000069e-01,1.743079999999999907e-01,-1.776780000000000026e-01,6.505589999999999984e-01,2.310989999999999989e-01,2.541149999999999798e-01,1.867250000000000021e-01,5.555919999999999748e-01,8.796059999999999990e-01,1.133829999999999977e-01,7.034129999999999550e-01,-1.324400000000000022e-01,-2.977600000000000038e-02,1.556180000000000063e-01,1.953890000000000071e-01,3.891700000000000159e-01,6.148449999999999749e-01,3.571489999999999942e-01,7.222469999999999724e-01,3.836950000000000083e-01
