1.000000000000000000e+00,-1.152610000000000023e-01,-1.494810000000000028e-01,3.469499999999999668e-02,-6.845299999999999996e-02,-4.123769999999999936e-01,-4.621299999999999714e-02,-2.766910000000000203e-01,-1.597750000000000004e-01,2.651419999999999888e-01,-1.947149999999999992e-01,5.517799999999999788e-02,-2.685250000000000137e-01,-1.854919999999999902e-01,-4.224000000000000324e-03,4.194049999999999723e-01,4.328009999999999913e-01,5.264050000000000118e-01,-3.602250000000000174e-01,-9.320000000000000159e-03,3.832019999999999871e-01,2.136339999999999906e-01,-2.640640000000000209e-01,4.168040000000000078e-01,1.805070000000000008e-01,1.182210000000000066e-01,6.937100000000000211e-02,1.380409999999999970e-01,2.864369999999999972e-01,1.785400000000000043e-01,7.181779999999999831e-01,3.827059999999999906e-01,1.017259999999999970e-01,3.835720000000000240e-01,7.935699999999999699e-02,-1.860819999999999974e-01,1.296869999999999967e-01,2.104509999999999992e-01,4.145019999999999816e-01,7.284499999999999309e-02,3.848420000000000174e-01,1.122220000000000023e-01,-1.990389999999999937e-01,-1.412430000000000074e-01,1.176370000000000055e-01,8.678320000000000478e-01,-2.240870000000000084e-01,-1.379479999999999873e-01,4.672899999999999970e-02,-6.526800000000000657e-02,-4.797399999999999998e-01,-8.581099999999999839e-02,-2.993350000000000177e-01,-5.772299999999999653e-02,3.473870000000000013e-01,-1.995949999999999946e-01,-2.879400000000000015e-02,-3.036820000000000075e-01,-1.425329999999999930e-01,4.598599999999999910e-02,5.069789999999999575e-01,4.584579999999999766e-01,4.313080000000000247e-01,-2.853020000000000000e-01,-1.324549999999999894e-01,2.703320000000000167e-01,1.265519999999999978e-01,-1.981320000000000026e-01,3.878420000000000201e-01,2.179629999999999901e-01,1.742559999999999942e-01,9.213000000000000356e-02,1.442789999999999906e-01,1.297750000000000015e-01,3.231899999999999773e-01,6.361069999999999780e-01
-1.152610000000000023e-01,1.000000000000000000e+00,-2.642860000000000209e-01,1.026959999999999956e-01,-3.998959999999999737e-01,6.376439999999999886e-01,7.337799999999999878e-02,5.623709999999999543e-01,-4.274259999999999726e-01,1.515340000000000020e-01,-3.359389999999999876e-01,1.823740000000000083e-01,5.417229999999999546e-01,2.681239999999999735e-01,-1.740730000000000055e-01,4.084010000000000140e-01,4.706130000000000035e-01,1.436969999999999914e-01,1.786979999999999957e-01,-3.428760000000000141e-01,3.814870000000000205e-01,-2.316789999999999961e-01,5.576630000000000198e-01,1.313600000000000011e-02,7.573109999999999564e-01,7.191920000000000535e-01,-2.058830000000000104e-01,-8.958800000000000097e-02,1.577580000000000093e-01,-1.171959999999999946e-01,-2.665540000000000131e-01,4.279850000000000043e-01,4.485219999999999763e-01,-6.036699999999999705e-02,-1.826399999999999899e-02,3.327399999999999802e-01,-1.638090000000000102e-01,-1.087599999999999956e-01,2.505069999999999797e-01,4.496850000000000014e-01,-6.629899999999999682e-02,7.878200000000000480e-02,1.556009999999999893e-01,-1.006090000000000040e-01,-2.085899999999999907e-02,-2.560099999999999876e-02,6.141400000000000192e-01,-3.683400000000000007e-01,-1.290959999999999885e-01,-4.176380000000000092e-01,3.784480000000000066e-01,-1.772100000000000064e-01,4.358029999999999959e-01,-4.146639999999999771e-01,4.878600000000000297e-02,-2.757020000000000026e-01,3.278070000000000150e-01,4.415319999999999800e-01,2.418849999999999889e-01,-6.791899999999999327e-02,-2.078999999999999945e-02,2.339610000000000023e-01,1.154570000000000041e-01,1.557109999999999883e-01,-2.708630000000000204e-01,2.009330000000000005e-01,-2.051570000000000060e-01,3.313220000000000054e-01,-9.259199999999999375e-02,2.835230000000000250e-01,4.598280000000000145e-01,-3.059580000000000077e-01,-8.904199999999999615e-02,-2.792999999999999997e-02,-7.215599999999999792e-02,-3.758659999999999779e-01
-1.494810000000000028e-01,-2.642860000000000209e-01,1.000000000000000000e+00,1.672609999999999930e-01,6.552980000000000471e-01,1.858589999999999964e-01,4.085409999999999875e-01,-1.900759999999999950e-01,8.442359999999999864e-01,1.879180000000000017e-01,9.125450000000000506e-01,1.057980000000000032e-01,2.751660000000000217e-01,-1.156670000000000059e-01,4.662279999999999758e-01,-3.476200000000000123e-02,-3.184700000000000031e-02,9.027000000000000302e-03,7.714520000000000266e-01,5.245830000000000215e-01,-2.840799999999999992e-01,4.743379999999999819e-01,-1.052160000000000040e-01,-5.886999999999999872e-03,-1.749259999999999982e-01,-2.404759999999999953e-01,5.057319999999999593e-01,5.711840000000000250e-01,1.499500000000000000e-01,6.082699999999999774e-01,3.028499999999999942e-02,-6.166089999999999627e-01,-6.900100000000000677e-02,5.205499999999999711e-02,-1.479260000000000019e-01,-8.361000000000000376e-03,-6.203299999999999786e-02,1.364819999999999922e-01,-6.381809999999999983e-01,-6.575799999999999701e-02,-4.721100000000000296e-02,-2.718809999999999838e-01,4.607900000000000190e-02,4.629030000000000089e-01,2.394090000000000107e-01,-1.550980000000000136e-01,-1.721040000000000070e-01,9.624949999999999894e-01,2.075249999999999873e-01,7.078119999999999967e-01,2.139199999999999990e-01,6.285770000000000524e-01,-4.832600000000000090e-02,7.791500000000000092e-01,1.094819999999999960e-01,8.781609999999999694e-01,-3.791100000000000025e-02,2.946210000000000218e-01,1.251510000000000122e-01,3.536039999999999739e-01,1.487499999999999933e-01,2.583500000000000033e-02,-1.431299999999999933e-02,7.682790000000000452e-01,6.620890000000000386e-01,-2.144099999999999895e-01,5.526400000000000201e-01,-3.393700000000000189e-02,-1.484300000000000029e-02,-1.138569999999999999e-01,-2.433389999999999997e-01,4.923989999999999756e-01,6.277690000000000214e-01,1.748450000000000004e-01,4.218870000000000120e-01,1.694090000000000040e-01
3.469499999999999668e-02,1.026959999999999956e-01,1.672609999999999930e-01,1.000000000000000000e+00,2.063039999999999874e-01,2.479850000000000110e-01,4.118249999999999966e-01,1.905870000000000064e-01,1.782610000000000028e-01,2.686410000000000187e-01,1.550320000000000031e-01,3.297809999999999908e-01,3.482859999999999845e-01,2.492739999999999956e-01,1.511770000000000058e-01,5.179500000000000076e-02,2.158299999999999941e-01,4.971799999999999831e-02,1.186799999999999938e-01,8.497799999999999798e-02,1.829459999999999975e-01,9.786200000000000454e-02,2.437920000000000087e-01,3.066659999999999942e-01,1.084240000000000065e-01,1.866990000000000038e-01,1.717799999999999883e-01,2.364449999999999885e-01,1.418399999999999939e-01,3.019609999999999794e-01,3.253999999999999948e-02,-1.428500000000000082e-02,4.692029999999999812e-01,2.437789999999999957e-01,4.074070000000000191e-01,4.542200000000000126e-01,9.793200000000000516e-02,3.103659999999999752e-01,-8.367900000000000338e-02,4.789349999999999996e-01,7.132099999999999551e-02,2.200860000000000039e-01,3.915330000000000199e-01,3.533600000000000074e-01,3.097050000000000081e-01,1.688129999999999908e-01,2.538239999999999941e-01,1.873350000000000015e-01,5.368049999999999766e-01,3.126360000000000250e-01,3.636059999999999848e-01,4.419139999999999735e-01,3.812840000000000118e-01,2.097940000000000083e-01,4.611640000000000184e-01,1.961579999999999990e-01,3.512410000000000254e-01,4.045360000000000067e-01,6.458399999999999697e-01,5.471700000000000175e-02,2.492290000000000061e-01,3.224440000000000084e-01,5.305399999999999699e-02,1.670480000000000020e-01,1.100809999999999983e-01,3.076429999999999998e-01,3.534000000000000336e-02,3.072630000000000083e-01,2.007470000000000088e-01,2.805619999999999781e-01,2.698720000000000008e-01,2.632019999999999915e-01,3.526110000000000078e-01,2.501539999999999875e-01,2.213370000000000060e-01,1.889100000000000154e-02
-6.845299999999999996e-02,-3.998959999999999737e-01,6.552980000000000471e-01,2.063039999999999874e-01,1.000000000000000000e+00,1.380939999999999945e-01,6.433159999999999989e-01,-2.870659999999999878e-01,8.330359999999999987e-01,3.230540000000000078e-01,7.434889999999999555e-01,1.848180000000000101e-01,2.140600000000000003e-01,2.084699999999999886e-01,4.708890000000000020e-01,-1.659380000000000022e-01,-9.103300000000000280e-02,1.139059999999999934e-01,2.818780000000000174e-01,5.087199999999999500e-01,-2.101810000000000067e-01,4.734189999999999787e-01,-2.634449999999999847e-01,8.649999999999999703e-03,-2.325579999999999870e-01,-3.565789999999999793e-01,5.075290000000000079e-01,4.637160000000000171e-01,1.305310000000000081e-01,4.862630000000000008e-01,1.466189999999999993e-01,-6.110229999999999828e-01,-2.317369999999999985e-01,-6.153399999999999842e-02,-1.507590000000000041e-01,6.166999999999999739e-03,-1.070949999999999958e-01,2.875710000000000210e-01,-5.707999999999999741e-01,-2.137459999999999916e-01,-1.482410000000000116e-01,-3.827200000000000046e-01,1.263920000000000043e-01,4.533340000000000147e-01,3.622310000000000252e-01,-1.508339999999999959e-01,-2.635899999999999910e-01,6.977029999999999621e-01,7.014700000000000102e-02,9.075220000000000509e-01,1.197020000000000028e-01,7.893040000000000056e-01,-1.199140000000000067e-01,8.522250000000000103e-01,3.026809999999999778e-01,7.378090000000000481e-01,4.383499999999999897e-02,2.135680000000000078e-01,3.146289999999999920e-01,2.815960000000000130e-01,2.361419999999999908e-01,4.171899999999999914e-02,-7.714999999999999636e-03,3.540809999999999791e-01,5.207380000000000342e-01,-1.560259999999999980e-01,4.132589999999999875e-01,-1.671789999999999943e-01,5.517000000000000202e-03,-6.628900000000000070e-02,-3.907869999999999955e-01,4.921840000000000104e-01,5.764329999999999732e-01,1.676739999999999897e-01,3.117429999999999923e-01,2.700810000000000155e-01
-4.123769999999999936e-01,6.376439999999999886e-01,1.858589999999999964e-01,2.479850000000000110e-01,1.380939999999999945e-01,1.000000000000000000e+00,5.061769999999999881e-01,4.963940000000000019e-01,5.449699999999999683e-02,1.916680000000000050e-01,1.449789999999999968e-01,2.569719999999999782e-01,8.085299999999999709e-01,4.808819999999999761e-01,1.462870000000000004e-01,2.385900000000000173e-02,1.272610000000000130e-01,7.112499999999999378e-02,3.892959999999999754e-01,-2.597199999999999856e-02,3.196069999999999744e-01,4.000000000000000192e-04,5.788910000000000444e-01,-1.564750000000000030e-01,4.819089999999999763e-01,3.891939999999999844e-01,3.263409999999999922e-01,1.627079999999999915e-01,3.746780000000000110e-01,1.535060000000000036e-01,-2.642680000000000029e-01,-3.324200000000000071e-02,1.621140000000000081e-01,-5.230900000000000133e-02,-1.318060000000000065e-01,4.651210000000000067e-01,-1.475420000000000065e-01,-1.399000000000000070e-02,-1.753540000000000099e-01,1.917889999999999873e-01,-1.237909999999999983e-01,-1.567540000000000044e-01,3.584800000000000209e-01,3.150100000000000122e-01,6.567399999999999627e-02,-3.045789999999999886e-01,5.557520000000000238e-01,8.817500000000000338e-02,3.722000000000000048e-03,7.778599999999999404e-02,7.393610000000000460e-01,3.545840000000000103e-01,5.419070000000000276e-01,2.695600000000000079e-02,1.697919999999999985e-01,1.418639999999999901e-01,3.220990000000000242e-01,6.828239999999999865e-01,4.120369999999999866e-01,2.070089999999999986e-01,-1.877799999999999955e-02,5.877000000000000279e-02,4.380900000000000072e-02,3.425770000000000204e-01,8.133200000000000152e-02,2.589049999999999963e-01,-1.629999999999999939e-03,4.623209999999999820e-01,-1.876480000000000092e-01,3.021300000000000097e-01,2.066630000000000134e-01,2.113009999999999888e-01,2.338050000000000128e-01,2.642149999999999777e-01,2.014600000000000071e-02,-2.932770000000000099e-01
-4.621299999999999714e-02,7.337799999999999878e-02,4.085409999999999875e-01,4.118249999999999966e-01,6.433159999999999989e-01,5.061769999999999881e-01,1.000000000000000000e+00,-6.656399999999999817e-02,4.274339999999999806e-01,3.269759999999999889e-01,4.828219999999999734e-01,7.003800000000000303e-02,5.070949999999999624e-01,3.347280000000000255e-01,4.388880000000000003e-01,-3.928000000000000241e-02,1.300149999999999917e-01,2.464069999999999871e-01,2.388200000000000045e-01,2.713670000000000249e-01,2.182729999999999948e-01,2.413240000000000107e-01,1.343899999999999956e-02,-1.376630000000000076e-01,1.706209999999999949e-01,-8.067699999999999871e-02,6.094850000000000545e-01,2.907819999999999849e-01,5.525189999999999824e-01,4.734889999999999932e-01,8.904800000000000215e-02,-3.388650000000000273e-01,1.628999999999999893e-02,-5.731800000000000089e-02,4.375400000000000122e-02,1.340280000000000082e-01,-1.512259999999999993e-01,1.888509999999999911e-01,-3.737659999999999871e-01,5.672200000000000158e-02,-2.266180000000000139e-01,-2.225109999999999866e-01,8.949600000000000610e-02,2.796020000000000172e-01,2.505209999999999937e-01,-3.224400000000000183e-02,1.744010000000000005e-01,3.912140000000000062e-01,1.053790000000000004e-01,5.866590000000000416e-01,3.812690000000000246e-01,7.442320000000000046e-01,7.421999999999999431e-02,4.754160000000000053e-01,4.192660000000000275e-01,4.666680000000000272e-01,3.139999999999999888e-04,4.048519999999999897e-01,4.417470000000000008e-01,3.895230000000000081e-01,3.121039999999999925e-01,7.915400000000000214e-02,1.248780000000000029e-01,2.497550000000000048e-01,3.509220000000000117e-01,2.184379999999999933e-01,1.981179999999999886e-01,6.162100000000000216e-02,-1.911829999999999918e-01,2.830559999999999743e-01,-1.976430000000000131e-01,6.373490000000000544e-01,4.833540000000000059e-01,5.126610000000000333e-01,2.499840000000000118e-01,7.518299999999999983e-02
-2.766910000000000203e-01,5.623709999999999543e-01,-1.900759999999999950e-01,1.905870000000000064e-01,-2.870659999999999878e-01,4.963940000000000019e-01,-6.656399999999999817e-02,1.000000000000000000e+00,-2.794300000000000117e-01,-2.981299999999999922e-02,-2.740600000000000258e-01,2.909140000000000059e-01,4.267670000000000075e-01,4.042240000000000277e-01,-3.438930000000000042e-01,-5.800299999999999900e-02,2.092809999999999948e-01,-3.765760000000000218e-01,1.326410000000000089e-01,-4.260050000000000225e-01,4.483710000000000195e-01,-4.228810000000000069e-01,8.992440000000000433e-01,2.084469999999999934e-01,2.305379999999999929e-01,6.750680000000000014e-01,-2.296719999999999873e-01,-1.781679999999999930e-01,-2.829729999999999746e-01,-2.123559999999999892e-01,-5.372090000000000476e-01,3.578620000000000134e-01,4.385820000000000274e-01,-1.021309999999999996e-01,9.720800000000000274e-02,6.166890000000000427e-01,-1.322429999999999994e-01,1.072999999999999952e-03,2.126399999999999957e-01,4.434420000000000028e-01,-1.788039999999999907e-01,5.163100000000000328e-02,5.014619999999999633e-01,-4.446000000000000299e-03,8.749600000000000433e-02,-1.211460000000000037e-01,4.899040000000000061e-01,-2.369900000000000062e-01,-4.389099999999999946e-02,-2.706189999999999984e-01,5.449950000000000072e-01,-1.869470000000000021e-01,8.730069999999999775e-01,-2.999720000000000164e-01,-3.446799999999999864e-02,-2.303340000000000110e-01,4.693350000000000022e-01,4.931889999999999885e-01,4.779640000000000000e-01,-3.373249999999999860e-01,-4.209910000000000041e-01,7.774899999999999867e-02,-3.231100000000000083e-01,5.372099999999999792e-02,-3.748250000000000193e-01,4.365789999999999949e-01,-4.393219999999999903e-01,7.731489999999999752e-01,1.294019999999999893e-01,-2.423399999999999860e-02,5.698410000000000419e-01,-2.187240000000000018e-01,-1.460299999999999931e-01,-2.302410000000000012e-01,-1.313269999999999993e-01,-5.647379999999999622e-01
-1.597750000000000004e-01,-4.274259999999999726e-01,8.442359999999999864e-01,1.782610000000000028e-01,8.330359999999999987e-01,5.449699999999999683e-02,4.274339999999999806e-01,-2.794300000000000117e-01,1.000000000000000000e+00,2.355160000000000031e-01,8.958810000000000384e-01,1.764789999999999970e-01,1.833710000000000062e-01,-9.815200000000000313e-02,4.569050000000000056e-01,-6.752199999999999869e-02,-5.124200000000000282e-02,-4.923000000000000292e-03,5.520950000000000024e-01,6.156949999999999923e-01,-3.412870000000000070e-01,5.136190000000000477e-01,-2.513429999999999831e-01,7.281899999999999484e-02,-3.638480000000000047e-01,-3.361430000000000251e-01,4.609880000000000089e-01,5.624919999999999920e-01,8.432599999999999818e-02,5.869710000000000205e-01,7.075800000000000145e-02,-6.542339999999999822e-01,-1.329180000000000084e-01,-5.973000000000000011e-03,-1.332450000000000023e-01,-1.525699999999999973e-02,-5.332699999999999940e-02,2.354880000000000029e-01,-6.793259999999999854e-01,-1.527129999999999876e-01,-7.520699999999999608e-02,-3.015590000000000215e-01,5.388199999999999934e-02,4.560350000000000237e-01,2.990909999999999958e-01,-2.006989999999999885e-01,-3.100800000000000223e-01,8.894480000000000164e-01,1.933590000000000031e-01,8.765560000000000018e-01,6.629200000000000370e-02,7.032070000000000265e-01,-1.470950000000000035e-01,9.455839999999999801e-01,1.682319999999999927e-01,8.510659999999999892e-01,4.057999999999999975e-03,2.079930000000000112e-01,1.461949999999999916e-01,2.623030000000000084e-01,1.612159999999999982e-01,7.104000000000000072e-03,-4.112199999999999883e-02,6.048210000000000530e-01,6.959539999999999615e-01,-2.669050000000000034e-01,5.410350000000000437e-01,-1.669599999999999973e-01,5.566999999999999726e-02,-2.423039999999999916e-01,-3.620499999999999829e-01,4.522550000000000181e-01,6.237620000000000386e-01,1.225600000000000023e-01,3.903039999999999843e-01,2.469919999999999893e-01
2.651419999999999888e-01,1.515340000000000020e-01,1.879180000000000017e-01,2.686410000000000187e-01,3.230540000000000078e-01,1.916680000000000050e-01,3.269759999999999889e-01,-2.981299999999999922e-02,2.355160000000000031e-01,1.000000000000000000e+00,1.010830000000000062e-01,7.708549999999999569e-01,3.414550000000000085e-01,3.763219999999999898e-01,1.542689999999999895e-01,2.881750000000000145e-01,4.308679999999999732e-01,4.258310000000000151e-01,1.168050000000000060e-01,9.090600000000000069e-02,2.825269999999999726e-01,1.269790000000000085e-01,5.772000000000000221e-03,6.279439999999999467e-01,4.030070000000000041e-01,3.566349999999999798e-01,7.450700000000000378e-02,4.186659999999999826e-01,1.910689999999999888e-01,4.124209999999999821e-01,2.006419999999999870e-01,-9.235699999999999465e-02,3.258630000000000138e-01,-3.345599999999999963e-02,-2.162459999999999938e-01,2.756979999999999986e-01,-2.032589999999999952e-01,7.188510000000000177e-01,-1.302780000000000049e-01,3.059810000000000030e-01,-1.189700000000000063e-01,-2.739179999999999948e-01,2.754309999999999814e-01,3.359779999999999989e-01,7.067149999999999821e-01,3.228880000000000083e-01,1.957499999999999865e-02,1.678449999999999942e-01,4.267800000000000066e-02,3.275680000000000258e-01,5.201499999999999874e-02,4.200519999999999810e-01,6.477499999999999925e-02,3.256689999999999863e-01,7.079689999999999594e-01,1.853609999999999980e-01,6.039759999999999573e-01,3.306439999999999935e-01,2.422839999999999994e-01,1.370589999999999864e-01,3.416199999999999792e-01,5.873720000000000052e-01,2.198160000000000114e-01,1.840870000000000006e-01,1.182529999999999970e-01,1.581919999999999993e-01,1.624450000000000061e-01,-4.345999999999999863e-02,5.446029999999999482e-01,1.988620000000000110e-01,2.571370000000000045e-01,8.942899999999999461e-02,5.267800000000000260e-01,8.083799999999999319e-02,4.386240000000000139e-01,2.248320000000000041e-01
-1.947149999999999992e-01,-3.359389999999999876e-01,9.125450000000000506e-01,1.550320000000000031e-01,7.434889999999999555e-01,1.449789999999999968e-01,4.828219999999999734e-01,-2.740600000000000258e-01,8.958810000000000384e-01,1.010830000000000062e-01,1.000000000000000000e+00,-5.800000000000000034e-05,2.367680000000000062e-01,-8.891999999999999904e-02,5.285840000000000538e-01,-9.398299999999999710e-02,-7.760200000000000431e-02,5.699000000000000073e-03,6.880870000000000042e-01,5.768739999999999979e-01,-2.968509999999999760e-01,4.884450000000000180e-01,-2.092819999999999958e-01,-1.245310000000000028e-01,-2.451790000000000080e-01,-3.734640000000000182e-01,5.372029999999999861e-01,5.484149999999999858e-01,1.516119999999999968e-01,5.551289999999999836e-01,3.051699999999999899e-02,-6.912610000000000143e-01,-1.849030000000000118e-01,-2.908399999999999874e-02,-9.505500000000000060e-02,-3.536899999999999766e-02,-4.396200000000000108e-02,7.621600000000000597e-02,-6.873690000000000078e-01,-1.825299999999999978e-01,-1.102650000000000019e-01,-2.509830000000000116e-01,-1.979999999999999989e-03,4.152279999999999860e-01,1.717629999999999990e-01,-2.128740000000000077e-01,-2.147689999999999877e-01,9.145539999999999781e-01,1.661519999999999941e-01,7.829019999999999868e-01,1.628509999999999958e-01,6.744639999999999525e-01,-1.305230000000000001e-01,8.247830000000000439e-01,9.787700000000000566e-02,9.356670000000000265e-01,-1.368790000000000007e-01,2.438869999999999927e-01,1.421570000000000056e-01,3.838480000000000225e-01,1.710689999999999988e-01,-5.561699999999999977e-02,-3.468799999999999661e-02,7.155110000000000081e-01,7.117310000000000025e-01,-2.295520000000000060e-01,5.384290000000000465e-01,-1.284389999999999976e-01,-1.314180000000000070e-01,-1.455009999999999915e-01,-3.939980000000000149e-01,5.136439999999999895e-01,6.101619999999999822e-01,1.958950000000000136e-01,3.176660000000000039e-01,1.690510000000000068e-01
5.517799999999999788e-02,1.823740000000000083e-01,1.057980000000000032e-01,3.297809999999999908e-01,1.848180000000000101e-01,2.569719999999999782e-01,7.003800000000000303e-02,2.909140000000000059e-01,1.764789999999999970e-01,7.708549999999999569e-01,-5.800000000000000034e-05,1.000000000000000000e+00,3.318209999999999771e-01,4.022620000000000084e-01,8.912100000000000577e-02,1.541790000000000105e-01,2.769309999999999827e-01,1.655709999999999960e-01,6.614299999999999347e-02,9.675100000000000366e-02,2.397150000000000114e-01,1.687299999999999911e-01,2.658719999999999972e-01,7.730310000000000237e-01,2.176190000000000069e-01,4.997099999999999875e-01,-1.819099999999999884e-02,3.787349999999999883e-01,-6.442399999999999516e-02,2.244099999999999984e-01,-8.210000000000000067e-04,-4.876199999999999979e-02,4.401300000000000212e-01,5.140100000000000224e-02,-1.855769999999999920e-01,5.284229999999999761e-01,7.485799999999999399e-02,7.305430000000000534e-01,-1.002249999999999946e-01,3.605900000000000216e-01,7.812000000000000367e-03,-2.048560000000000103e-01,5.705839999999999801e-01,5.179589999999999472e-01,6.693829999999999503e-01,1.915469999999999950e-01,1.304220000000000101e-01,1.099230000000000068e-01,2.574870000000000214e-01,1.724849999999999994e-01,2.200819999999999999e-01,3.336640000000000161e-01,3.526770000000000183e-01,2.235910000000000120e-01,6.172029999999999461e-01,5.723600000000000215e-02,9.046110000000000539e-01,4.555710000000000037e-01,2.475239999999999940e-01,4.210499999999999660e-02,1.796719999999999984e-01,5.476769999999999694e-01,1.033970000000000028e-01,1.123780000000000057e-01,1.035780000000000034e-01,2.070140000000000036e-01,1.807050000000000045e-01,2.017289999999999917e-01,7.186970000000000303e-01,1.052389999999999992e-01,4.692959999999999909e-01,-4.737399999999999944e-02,4.278980000000000006e-01,-6.643499999999999406e-02,3.312289999999999957e-01,9.278699999999999448e-02
-2.685250000000000137e-01,5.417229999999999546e-01,2.751660000000000217e-01,3.482859999999999845e-01,2.140600000000000003e-01,8.085299999999999709e-01,5.070949999999999624e-01,4.267670000000000075e-01,1.833710000000000062e-01,3.414550000000000085e-01,2.367680000000000062e-01,3.318209999999999771e-01,1.000000000000000000e+00,3.963130000000000264e-01,3.235799999999999788e-01,2.827180000000000248e-01,3.904210000000000180e-01,1.431610000000000105e-01,4.650989999999999847e-01,6.173800000000000121e-02,3.216559999999999975e-01,9.880600000000000493e-02,4.806279999999999997e-01,5.478299999999999836e-02,3.628290000000000126e-01,4.060110000000000108e-01,2.049110000000000098e-01,4.939959999999999907e-01,3.516040000000000276e-01,3.286209999999999964e-01,-1.895350000000000090e-01,-5.033900000000000180e-02,2.913819999999999744e-01,-5.379699999999999760e-02,-9.724299999999999611e-02,4.414330000000000198e-01,-1.196429999999999993e-01,1.721600000000000075e-01,-2.309769999999999879e-01,2.684250000000000247e-01,-1.162649999999999934e-01,-1.631569999999999965e-01,3.858240000000000003e-01,3.045660000000000034e-01,2.762629999999999808e-01,-1.674209999999999865e-01,4.079019999999999868e-01,1.961259999999999948e-01,1.951900000000000163e-02,1.836200000000000054e-01,6.630340000000000122e-01,4.546520000000000006e-01,4.777120000000000255e-01,2.101860000000000117e-01,3.059580000000000077e-01,2.288969999999999894e-01,3.763480000000000159e-01,8.398179999999999534e-01,4.281969999999999943e-01,2.732720000000000149e-01,1.023799999999999988e-01,3.342970000000000108e-01,1.206180000000000030e-01,4.162429999999999741e-01,2.127739999999999909e-01,2.741669999999999940e-01,1.327939999999999954e-01,3.735589999999999744e-01,-2.386399999999999980e-02,1.859800000000000064e-01,2.602999999999999758e-01,1.709400000000000086e-01,5.125880000000000436e-01,2.813800000000000190e-01,1.636749999999999872e-01,-1.782289999999999985e-01
-1.854919999999999902e-01,2.681239999999999735e-01,-1.156670000000000059e-01,2.492739999999999956e-01,2.084699999999999886e-01,4.808819999999999761e-01,3.347280000000000255e-01,4.042240000000000277e-01,-9.815200000000000313e-02,3.763219999999999898e-01,-8.891999999999999904e-02,4.022620000000000084e-01,3.963130000000000264e-01,1.000000000000000000e+00,-6.336700000000000665e-02,-2.855820000000000025e-01,-7.414999999999999369e-02,-4.547899999999999859e-02,-4.462599999999999900e-02,-2.409550000000000025e-01,3.220390000000000197e-01,-1.803490000000000093e-01,4.597069999999999768e-01,1.119980000000000003e-01,3.217900000000000205e-01,3.243860000000000077e-01,4.874799999999999967e-02,-9.574299999999999478e-02,-4.021299999999999875e-02,5.151200000000000223e-02,-2.274770000000000125e-01,1.622099999999999931e-01,7.226599999999999691e-02,-1.888600000000000001e-01,-2.523699999999999902e-02,5.884570000000000078e-01,-2.211730000000000085e-01,2.238290000000000002e-01,2.012100000000000000e-01,2.188670000000000060e-01,-2.468090000000000006e-01,-1.735800000000000121e-01,6.226180000000000048e-01,2.528099999999999792e-01,3.357490000000000197e-01,-4.974300000000000249e-02,4.337989999999999902e-01,-1.600959999999999883e-01,-9.687099999999999878e-02,1.061330000000000051e-01,5.262210000000000498e-01,2.355319999999999914e-01,5.717349999999999932e-01,-6.353000000000000314e-02,3.053089999999999971e-01,3.260099999999999804e-02,4.675960000000000116e-01,4.637129999999999863e-01,6.580439999999999623e-01,-3.473099999999999798e-02,-2.292000000000000200e-03,1.548509999999999887e-01,-1.201829999999999982e-01,1.082699999999999982e-02,-2.714139999999999886e-01,3.425400000000000111e-01,-3.113449999999999829e-01,4.622470000000000190e-01,5.700999999999999818e-02,3.345730000000000093e-01,3.529649999999999732e-01,8.364099999999999313e-02,9.057800000000000573e-02,5.681699999999999945e-02,1.039510000000000017e-01,-2.677519999999999900e-01
-4.224000000000000324e-03,-1.740730000000000055e-01,4.662279999999999758e-01,1.511770000000000058e-01,4.708890000000000020e-01,1.462870000000000004e-01,4.388880000000000003e-01,-3.438930000000000042e-01,4.569050000000000056e-01,1.542689999999999895e-01,5.285840000000000538e-01,8.912100000000000577e-02,3.235799999999999788e-01,-6.336700000000000665e-02,1.000000000000000000e+00,7.210800000000000542e-02,5.453000000000000208e-02,3.121889999999999943e-01,2.492010000000000058e-01,7.210860000000000047e-01,2.360999999999999904e-02,6.452449999999999575e-01,-2.844559999999999866e-01,-5.808399999999999674e-02,-4.692199999999999843e-02,-2.720460000000000100e-01,4.726920000000000011e-01,5.672230000000000327e-01,4.069510000000000072e-01,4.226869999999999794e-01,2.678130000000000233e-01,-4.958210000000000117e-01,-2.286430000000000129e-01,-2.994000000000000133e-03,-2.289339999999999986e-01,-1.790100000000000025e-01,1.057199999999999945e-01,1.121980000000000061e-01,-4.694409999999999972e-01,-3.215379999999999905e-01,1.883999999999999911e-02,-1.779530000000000001e-01,-9.993000000000000146e-03,3.026670000000000194e-01,1.565469999999999917e-01,2.896100000000000063e-02,-1.242069999999999980e-01,4.814780000000000171e-01,1.389910000000000034e-01,4.283429999999999738e-01,1.361380000000000090e-01,6.062490000000000379e-01,-2.385249999999999870e-01,5.366619999999999724e-01,3.035720000000000085e-01,4.602789999999999937e-01,3.556800000000000239e-02,2.353099999999999914e-01,-6.128800000000000220e-02,8.776629999999999709e-01,4.200610000000000177e-01,1.861079999999999957e-01,3.175740000000000229e-01,2.459520000000000040e-01,7.890110000000000179e-01,3.841699999999999976e-02,7.180959999999999566e-01,-2.474329999999999863e-01,-6.633200000000000207e-02,1.204130000000000061e-01,-3.136610000000000231e-01,4.809860000000000246e-01,5.963439999999999852e-01,4.232600000000000251e-01,2.524529999999999830e-01,3.663410000000000277e-01
4.194049999999999723e-01,4.084010000000000140e-01,-3.476200000000000123e-02,5.179500000000000076e-02,-1.659380000000000022e-01,2.385900000000000173e-02,-3.928000000000000241e-02,-5.800299999999999900e-02,-6.752199999999999869e-02,2.881750000000000145e-01,-9.398299999999999710e-02,1.541790000000000105e-01,2.827180000000000248e-01,-2.855820000000000025e-01,7.210800000000000542e-02,1.000000000000000000e+00,7.978169999999999984e-01,5.553569999999999895e-01,1.061239999999999961e-01,-7.662999999999999673e-03,1.438139999999999974e-01,1.696789999999999965e-01,-1.255390000000000117e-01,2.506590000000000207e-01,3.666340000000000154e-01,3.550389999999999935e-01,-1.596700000000000064e-01,4.178520000000000012e-01,2.970260000000000122e-01,1.244730000000000003e-01,3.418660000000000032e-01,1.873509999999999898e-01,3.528720000000000190e-01,1.887939999999999896e-01,2.206000000000000062e-03,-1.342170000000000030e-01,5.840299999999999658e-02,1.033489999999999964e-01,1.432600000000000019e-02,2.513469999999999871e-01,2.325500000000000067e-01,5.322000000000000342e-02,-2.265270000000000061e-01,-1.259359999999999924e-01,4.007899999999999657e-02,3.377829999999999999e-01,-4.637999999999999762e-03,-5.292700000000000182e-02,-3.760700000000000154e-02,-1.460390000000000021e-01,-2.101409999999999945e-01,-3.160899999999999821e-02,-2.037370000000000014e-01,-2.237700000000000106e-02,2.046759999999999968e-01,-1.104369999999999935e-01,1.487310000000000021e-01,1.696280000000000010e-01,-1.674209999999999865e-01,6.090099999999999680e-02,4.067740000000000244e-01,5.916759999999999797e-01,5.144339999999999469e-01,1.388840000000000074e-01,4.068299999999999694e-02,-5.621000000000000302e-02,2.407940000000000080e-01,-2.680759999999999810e-01,2.075599999999999945e-01,4.462100000000000094e-02,1.862860000000000071e-01,-2.262470000000000037e-01,2.421619999999999884e-01,4.995100000000000234e-02,1.813349999999999962e-01,2.663550000000000084e-01
4.328009999999999913e-01,4.706130000000000035e-01,-3.184700000000000031e-02,2.158299999999999941e-01,-9.103300000000000280e-02,1.272610000000000130e-01,1.300149999999999917e-01,2.092809999999999948e-01,-5.124200000000000282e-02,4.308679999999999732e-01,-7.760200000000000431e-02,2.769309999999999827e-01,3.904210000000000180e-01,-7.414999999999999369e-02,5.453000000000000208e-02,7.978169999999999984e-01,1.000000000000000000e+00,4.798919999999999852e-01,1.517900000000000083e-01,-8.862599999999999645e-02,4.034679999999999933e-01,2.894199999999999898e-02,1.232160000000000061e-01,3.789830000000000143e-01,4.946670000000000234e-01,5.959520000000000373e-01,-1.206089999999999940e-01,3.245370000000000199e-01,1.777739999999999876e-01,1.491240000000000065e-01,1.570719999999999894e-01,2.123240000000000127e-01,5.348669999999999813e-01,1.372750000000000081e-01,5.618800000000000183e-02,8.876399999999999568e-02,-1.042000000000000010e-01,2.567889999999999895e-01,3.495800000000000296e-02,4.851960000000000162e-01,1.004079999999999973e-01,4.259999999999999898e-02,-2.663599999999999995e-02,-1.682889999999999942e-01,2.911000000000000254e-01,4.007129999999999859e-01,4.261000000000000031e-03,-5.898899999999999977e-02,-1.004450000000000065e-01,-5.518200000000000188e-02,-1.252679999999999905e-01,4.762600000000000167e-02,4.337799999999999989e-02,2.356600000000000014e-02,3.271560000000000024e-01,-3.972900000000000043e-02,2.757499999999999951e-01,2.699289999999999745e-01,1.308080000000000076e-01,-5.930000000000000375e-03,2.489550000000000096e-01,6.470430000000000348e-01,3.221129999999999827e-01,1.721560000000000035e-01,-1.018999999999999941e-03,1.600020000000000053e-01,8.615100000000000535e-02,-5.209199999999999942e-02,2.345510000000000095e-01,2.228600000000000025e-02,2.902159999999999740e-01,-1.759000000000000008e-01,2.759539999999999771e-01,-6.230900000000000327e-02,2.335710000000000008e-01,9.252599999999999714e-02
5.264050000000000118e-01,1.436969999999999914e-01,9.027000000000000302e-03,4.971799999999999831e-02,1.139059999999999934e-01,7.112499999999999378e-02,2.464069999999999871e-01,-3.765760000000000218e-01,-4.923000000000000292e-03,4.258310000000000151e-01,5.699000000000000073e-03,1.655709999999999960e-01,1.431610000000000105e-01,-4.547899999999999859e-02,3.121889999999999943e-01,5.553569999999999895e-01,4.798919999999999852e-01,1.000000000000000000e+00,-1.108979999999999966e-01,1.858499999999999874e-01,2.749710000000000210e-01,3.704359999999999875e-01,-4.195340000000000180e-01,3.154599999999999765e-02,5.085920000000000440e-01,1.446700000000000069e-02,2.508170000000000122e-01,3.720169999999999866e-01,6.324499999999999567e-01,2.282289999999999874e-01,6.868929999999999758e-01,4.088800000000000073e-02,-1.567699999999999996e-02,2.059590000000000032e-01,-2.313840000000000063e-01,-1.933890000000000053e-01,6.840699999999999559e-02,1.155069999999999986e-01,4.564399999999999707e-02,-6.221700000000000147e-02,2.464760000000000006e-01,-1.146090000000000025e-01,-1.732519999999999893e-01,8.001400000000000179e-02,7.082399999999999807e-02,3.676849999999999841e-01,-2.023000000000000076e-01,-1.674199999999999994e-02,2.719999999999999848e-02,3.676100000000000201e-02,-3.427810000000000024e-01,1.991509999999999947e-01,-4.201239999999999974e-01,9.325999999999999568e-02,4.002850000000000019e-01,-1.028600000000000000e-02,7.055100000000000260e-02,-7.803599999999999426e-02,-1.908690000000000109e-01,4.216420000000000168e-01,7.271300000000000541e-01,4.971030000000000171e-01,7.830570000000000030e-01,-1.903399999999999884e-02,1.717750000000000110e-01,2.979899999999999910e-02,4.014679999999999915e-01,-4.937920000000000087e-01,1.200099999999999952e-02,3.406739999999999768e-01,-1.864099999999999924e-01,1.226200000000000068e-01,3.699749999999999983e-01,3.243800000000000017e-01,2.284329999999999972e-01,6.093359999999999888e-01
-3.602250000000000174e-01,1.786979999999999957e-01,7.714520000000000266e-01,1.186799999999999938e-01,2.818780000000000174e-01,3.892959999999999754e-01,2.388200000000000045e-01,1.326410000000000089e-01,5.520950000000000024e-01,1.168050000000000060e-01,6.880870000000000042e-01,6.614299999999999347e-02,4.650989999999999847e-01,-4.462599999999999900e-02,2.492010000000000058e-01,1.061239999999999961e-01,1.517900000000000083e-01,-1.108979999999999966e-01,1.000000000000000000e+00,2.611140000000000128e-01,-2.218610000000000027e-01,2.122209999999999930e-01,1.554790000000000061e-01,-9.261800000000000588e-02,8.189000000000000445e-02,1.126719999999999944e-01,1.820849999999999969e-01,4.494230000000000169e-01,-8.540000000000000499e-04,4.180659999999999932e-01,-3.124589999999999868e-01,-3.699430000000000218e-01,1.669519999999999893e-01,-1.703540000000000054e-01,-1.787400000000000100e-01,1.211630000000000068e-01,-2.754809999999999759e-01,-2.666900000000000173e-02,-4.821460000000000190e-01,1.948060000000000069e-01,-2.217490000000000017e-01,-2.392350000000000032e-01,7.101399999999999380e-02,2.514540000000000108e-01,1.377839999999999898e-01,-2.863680000000000114e-01,8.119899999999999340e-02,6.787590000000000012e-01,-8.182000000000000037e-03,4.021040000000000170e-01,3.538560000000000039e-01,3.626360000000000139e-01,1.641330000000000011e-01,4.476729999999999876e-01,-1.053089999999999998e-01,7.179870000000000418e-01,-3.781000000000000073e-03,4.805479999999999752e-01,2.186450000000000060e-01,1.705840000000000134e-01,-9.089500000000000357e-02,3.186100000000000043e-02,-1.471540000000000070e-01,9.541209999999999969e-01,4.554079999999999795e-01,-2.288969999999999894e-01,3.306859999999999800e-01,9.339300000000000379e-02,-1.574019999999999864e-01,-1.913479999999999903e-01,-2.085400000000000101e-02,1.473470000000000057e-01,4.740230000000000277e-01,-8.533999999999999919e-03,2.548440000000000150e-01,-2.020830000000000126e-01
-9.320000000000000159e-03,-3.428760000000000141e-01,5.245830000000000215e-01,8.497799999999999798e-02,5.087199999999999500e-01,-2.597199999999999856e-02,2.713670000000000249e-01,-4.260050000000000225e-01,6.156949999999999923e-01,9.090600000000000069e-02,5.768739999999999979e-01,9.675100000000000366e-02,6.173800000000000121e-02,-2.409550000000000025e-01,7.210860000000000047e-01,-7.662999999999999673e-03,-8.862599999999999645e-02,1.858499999999999874e-01,2.611140000000000128e-01,1.000000000000000000e+00,-3.408579999999999943e-01,8.186590000000000256e-01,-3.875739999999999741e-01,-1.315299999999999976e-02,-2.558610000000000051e-01,-3.814210000000000100e-01,4.080159999999999898e-01,5.110179999999999723e-01,2.867600000000000149e-01,5.326379999999999448e-01,3.234469999999999845e-01,-5.534360000000000390e-01,-2.775029999999999997e-01,1.193369999999999986e-01,-2.178360000000000019e-01,-2.400190000000000101e-01,1.202590000000000048e-01,2.969099999999999864e-02,-5.203119999999999967e-01,-3.568350000000000133e-01,1.356479999999999908e-01,-1.825499999999999901e-01,-7.005000000000000115e-02,4.108049999999999757e-01,4.309199999999999836e-02,-5.174000000000000127e-02,-3.502709999999999990e-01,5.926029999999999909e-01,1.638209999999999944e-01,5.707269999999999843e-01,-5.695999999999999674e-02,5.575900000000000301e-01,-3.760620000000000074e-01,6.838920000000000554e-01,9.619199999999999973e-02,5.345649999999999569e-01,-1.354900000000000028e-02,7.161800000000000110e-02,-1.468129999999999991e-01,5.989670000000000272e-01,2.664340000000000042e-01,-1.033599999999999970e-02,1.485430000000000084e-01,3.095120000000000093e-01,8.926340000000000385e-01,-3.118460000000000121e-01,8.332500000000000462e-01,-3.374739999999999962e-01,-8.769000000000000752e-03,-1.571230000000000127e-01,-4.412280000000000091e-01,3.738980000000000081e-01,5.202999999999999847e-01,1.826200000000000045e-01,4.262079999999999758e-01,4.868919999999999915e-01
