1.000000000000000000e+00,-3.030280000000000196e-01,-1.344079999999999997e-01,-6.539999999999999807e-03,-1.483440000000000036e-01,-3.850319999999999854e-01,-1.183199999999999946e-01,-1.803480000000000083e-01,-2.153960000000000041e-01,7.498900000000000010e-02,-1.293539999999999968e-01,-2.647140000000000049e-01,-1.583330000000000015e-01,1.034100000000000019e-01,9.725499999999999423e-02,5.157969999999999500e-01,2.508859999999999979e-01,9.539400000000000657e-02,7.187000000000000333e-02,6.434299999999999742e-02,5.043570000000000553e-01,4.014759999999999995e-01,-5.598399999999999904e-02,-1.944399999999999948e-02,1.188450000000000062e-01,3.115199999999999914e-02,-3.147940000000000182e-01,2.243479999999999919e-01,3.264279999999999959e-01,3.595110000000000250e-01,6.495900000000000007e-01,5.003030000000000532e-01,3.347220000000000195e-01,5.811370000000000147e-01,1.685830000000000106e-01,1.209650000000000031e-01,2.701850000000000085e-01,1.175739999999999980e-01,4.706540000000000168e-01,2.988810000000000078e-01,5.857240000000000224e-01,-6.704000000000000237e-02,1.694529999999999925e-01,1.675429999999999975e-01,3.547800000000000259e-02,8.362110000000000376e-01,-4.433999999999999574e-03,-1.222799999999999998e-01,-4.346099999999999963e-02,-9.757200000000000595e-02,-1.966310000000000002e-01,2.189389999999999947e-01,-1.009970000000000034e-01,-1.798269999999999869e-01,4.032060000000000088e-01,1.489500000000000025e-02,-2.075140000000000040e-01,1.369239999999999902e-01,2.396429999999999949e-01,2.899930000000000008e-01,4.636069999999999913e-01,4.024760000000000004e-01,3.840290000000000092e-01,3.824899999999999828e-02,1.225210000000000049e-01,5.976749999999999563e-01,5.686710000000000376e-01,4.042099999999999860e-02,6.121499999999999858e-02,2.040970000000000006e-01,3.593790000000000040e-01,-1.952800000000000091e-01,4.328690000000000038e-01,3.381020000000000136e-01,5.542179999999999884e-01,6.776670000000000194e-01
-3.030280000000000196e-01,1.000000000000000000e+00,-1.002379999999999938e-01,-1.518440000000000067e-01,-1.453899999999999915e-01,7.006120000000000125e-01,9.097099999999999631e-02,3.909909999999999775e-01,-1.744599999999999970e-02,1.829469999999999985e-01,-1.217209999999999959e-01,2.038480000000000014e-01,4.801150000000000140e-01,3.000799999999999995e-02,-1.885739999999999916e-01,-9.181699999999999584e-02,2.205799999999999983e-01,2.708960000000000257e-01,-1.255000000000000004e-01,-1.644500000000000128e-02,-2.803289999999999949e-01,-1.406620000000000092e-01,1.443339999999999901e-01,1.269600000000000069e-02,6.756240000000000023e-01,7.093540000000000401e-01,4.838699999999999946e-02,1.323400000000000132e-01,-5.350900000000000101e-02,-1.365800000000000070e-01,-1.160709999999999936e-01,1.014660000000000006e-01,1.082660000000000011e-01,-3.309600000000000042e-02,-2.806429999999999758e-01,3.971000000000000224e-02,3.023060000000000191e-01,-3.094020000000000103e-01,-1.978200000000000097e-02,1.939700000000000035e-01,-1.368810000000000027e-01,-3.474180000000000046e-01,2.057100000000000040e-01,1.156810000000000060e-01,-3.064189999999999969e-01,-3.876490000000000213e-01,6.028280000000000305e-01,-6.800599999999999701e-02,-1.918940000000000090e-01,-3.022999999999999993e-02,4.685250000000000248e-01,2.321600000000000052e-02,3.244239999999999902e-01,1.809600000000000097e-02,-2.855610000000000093e-01,-5.816199999999999842e-02,3.395679999999999810e-01,1.728480000000000016e-01,-5.598199999999999704e-02,-3.500809999999999755e-01,-2.795590000000000019e-01,-5.994399999999999729e-02,-2.396540000000000059e-01,-7.759199999999999431e-02,-1.254139999999999977e-01,-3.394010000000000082e-01,-3.421469999999999789e-01,6.259399999999999686e-02,-1.587399999999999922e-02,2.821819999999999884e-01,3.496210000000000151e-01,-2.551000000000000142e-02,-8.260499999999999787e-02,-1.269170000000000020e-01,2.836500000000000132e-02,-2.578820000000000001e-01
-1.344079999999999997e-01,-1.002379999999999938e-01,1.000000000000000000e+00,2.803350000000000009e-01,2.061290000000000067e-01,1.059090000000000031e-01,-1.255950000000000122e-01,3.024640000000000106e-01,2.653900000000000148e-01,-1.027529999999999971e-01,7.550590000000000357e-01,1.199240000000000028e-01,-1.843799999999999883e-01,3.805800000000000155e-02,-2.321030000000000038e-01,-2.106659999999999922e-01,-1.388359999999999872e-01,-1.257389999999999897e-01,6.732200000000000406e-01,-2.051870000000000083e-01,6.563000000000000257e-03,-1.580679999999999863e-01,3.243119999999999892e-01,5.099499999999999866e-02,-1.738270000000000093e-01,-6.745900000000000507e-02,4.069300000000000139e-01,-1.284619999999999929e-01,-2.206089999999999995e-01,-1.590390000000000137e-01,-3.414039999999999853e-01,-5.465729999999999755e-01,-3.916339999999999821e-01,-3.335779999999999856e-01,-2.213110000000000077e-01,-2.695600000000000079e-02,-3.644549999999999734e-01,8.972499999999999920e-02,-4.790380000000000194e-01,-2.651069999999999816e-01,-2.916170000000000151e-01,-7.426900000000000168e-02,-1.101489999999999969e-01,-3.971040000000000125e-01,7.693899999999999351e-02,-1.406300000000000050e-01,-2.802020000000000066e-01,9.182420000000000027e-01,-1.724380000000000079e-01,1.514699999999999935e-01,-1.113600000000000007e-02,-1.054680000000000062e-01,2.155289999999999984e-01,1.926730000000000109e-01,-1.375480000000000036e-01,7.768690000000000317e-01,9.892399999999999805e-02,-2.052759999999999863e-01,-3.907499999999999862e-02,-2.016509999999999969e-01,-2.675759999999999805e-01,-1.248979999999999951e-01,-2.265169999999999961e-01,7.232610000000000428e-01,-1.364559999999999940e-01,-5.857000000000000227e-03,-1.029889999999999972e-01,3.110669999999999824e-01,-6.021399999999999669e-02,-2.687390000000000057e-01,-2.440199999999999869e-01,4.256409999999999916e-01,-1.528720000000000079e-01,-3.082929999999999837e-01,-3.161559999999999926e-01,-3.275529999999999831e-01
-6.539999999999999807e-03,-1.518440000000000067e-01,2.803350000000000009e-01,1.000000000000000000e+00,1.856919999999999960e-01,-5.016999999999999932e-02,-4.080000000000000293e-03,1.615199999999999969e-02,2.044199999999999906e-01,-1.615719999999999934e-01,2.583699999999999886e-01,6.884300000000000141e-02,-5.469000000000000250e-02,2.697879999999999723e-01,1.247899999999999981e-01,-2.180380000000000096e-01,1.155179999999999957e-01,8.093699999999999506e-02,1.024140000000000050e-01,3.286009999999999764e-01,-4.473400000000000293e-02,-9.253400000000000514e-02,1.760430000000000050e-01,3.109270000000000089e-01,-2.293989999999999918e-01,-4.748499999999999943e-02,2.531729999999999814e-01,1.517439999999999900e-01,-5.967599999999999988e-02,-2.377500000000000099e-02,-2.215050000000000074e-01,-2.337289999999999923e-01,-2.825670000000000126e-01,-2.598210000000000242e-01,-1.139410000000000006e-01,3.516920000000000046e-01,-3.655109999999999748e-01,-7.589300000000000213e-02,-2.095819999999999905e-01,-1.563239999999999907e-01,-1.979390000000000038e-01,4.470299999999999968e-02,-9.133700000000000152e-02,-2.553309999999999746e-01,-2.226300000000000154e-02,-1.250610000000000055e-01,-2.696490000000000276e-01,4.126219999999999888e-01,-9.470399999999999652e-02,-2.460299999999999987e-02,6.699000000000000093e-03,-1.167210000000000053e-01,3.935899999999999815e-02,3.276459999999999928e-01,-1.893930000000000058e-01,2.638059999999999850e-01,3.060399999999999926e-02,-6.098900000000000154e-02,-3.332069999999999754e-01,2.127580000000000027e-01,-1.990820000000000090e-01,-2.546500000000000152e-02,-1.253170000000000117e-01,1.185770000000000018e-01,2.005859999999999865e-01,-1.052600000000000063e-01,-9.038799999999999613e-02,1.033779999999999977e-01,1.092879999999999963e-01,-2.394249999999999989e-01,-1.676999999999999880e-01,3.029270000000000018e-01,-1.079650000000000054e-01,-2.493779999999999886e-01,-4.030719999999999859e-01,-2.384630000000000083e-01
-1.483440000000000036e-01,-1.453899999999999915e-01,2.061290000000000067e-01,1.856919999999999960e-01,1.000000000000000000e+00,-2.243559999999999999e-01,4.784039999999999959e-01,-3.812789999999999790e-01,8.317980000000000373e-01,-8.353499999999999814e-02,5.790290000000000159e-01,-8.814400000000000013e-02,9.158499999999999974e-02,-4.085600000000000342e-02,5.446899999999999659e-02,5.616199999999999665e-02,7.952299999999999647e-02,2.514790000000000081e-01,-2.275399999999999923e-01,2.345180000000000042e-01,-2.598989999999999911e-01,-2.104640000000000122e-01,-2.989600000000000035e-01,-2.724900000000000100e-01,9.496499999999999386e-02,-1.268299999999999983e-01,6.318230000000000235e-01,4.592999999999999861e-02,9.851500000000000534e-02,5.097600000000000048e-02,-1.153160000000000018e-01,-3.788590000000000013e-01,-2.854610000000000203e-01,-4.507660000000000000e-01,-1.658280000000000032e-01,-1.493069999999999953e-01,-6.185399999999999926e-02,4.681400000000000144e-02,-3.184460000000000068e-01,-2.619799999999999907e-01,-4.734680000000000000e-01,-1.595310000000000061e-01,-3.995520000000000183e-01,-1.449370000000000103e-01,-1.882769999999999999e-01,-2.457239999999999980e-01,-2.242679999999999951e-01,2.274650000000000005e-01,1.337499999999999974e-02,7.690050000000000496e-01,-2.037059999999999982e-01,5.902530000000000276e-01,-5.018430000000000391e-01,6.953439999999999621e-01,1.033769999999999967e-01,2.447960000000000136e-01,-1.595880000000000076e-01,-1.063179999999999958e-01,7.322999999999999649e-03,1.157880000000000020e-01,-2.253999999999999927e-03,1.327909999999999924e-01,2.107769999999999921e-01,-2.171639999999999959e-01,2.440100000000000047e-01,-2.132759999999999934e-01,-1.555960000000000121e-01,-3.699339999999999851e-01,-3.184500000000000108e-01,1.746919999999999862e-01,-1.624369999999999981e-01,6.488909999999999956e-01,-9.886599999999999555e-02,4.468500000000000250e-02,-1.858329999999999982e-01,-9.955700000000000660e-02
-3.850319999999999854e-01,7.006120000000000125e-01,1.059090000000000031e-01,-5.016999999999999932e-02,-2.243559999999999999e-01,1.000000000000000000e+00,-9.060999999999999610e-02,7.068459999999999743e-01,1.297999999999999892e-03,1.578700000000000103e-01,-1.843970000000000053e-01,4.477329999999999921e-01,5.302419999999999911e-01,-8.961299999999999821e-02,-1.447730000000000128e-01,-3.186950000000000061e-01,1.732069999999999999e-01,-1.005099999999999917e-02,-3.212000000000000272e-02,-1.532360000000000111e-01,1.140900000000000074e-02,-3.775450000000000195e-01,5.979259999999999575e-01,3.379079999999999862e-01,1.815930000000000044e-01,6.269369999999999665e-01,-1.429199999999999915e-02,3.749899999999999761e-02,-2.944089999999999763e-01,-2.794929999999999914e-01,-3.326830000000000065e-01,-2.424090000000000134e-01,2.836699999999999985e-02,-2.442159999999999886e-01,-1.580169999999999908e-01,1.631960000000000077e-01,-9.528699999999999670e-02,-1.280640000000000112e-01,-2.869789999999999841e-01,8.142000000000000626e-02,-2.500870000000000037e-01,-1.608789999999999942e-01,1.583900000000000030e-01,-1.123730000000000007e-01,-9.055299999999999461e-02,-3.423789999999999889e-01,4.120679999999999898e-01,1.232700000000000046e-01,-1.370079999999999909e-01,-2.178140000000000076e-01,5.761340000000000350e-01,-6.155700000000000061e-02,6.551649999999999974e-01,-7.437599999999999767e-02,-3.044239999999999724e-01,-5.060400000000000315e-02,5.480180000000000051e-01,3.130049999999999777e-01,-2.665310000000000179e-01,-3.027489999999999903e-01,-4.014940000000000175e-01,-1.130189999999999945e-01,-4.138390000000000124e-01,1.092000000000000089e-03,-2.153569999999999929e-01,-1.203140000000000043e-01,-4.148439999999999905e-01,5.027869999999999839e-01,3.241829999999999989e-01,-7.855199999999999683e-02,3.156579999999999941e-01,-5.974999999999999756e-02,-3.364099999999999729e-02,-3.644390000000000129e-01,-1.561829999999999885e-01,-3.877229999999999843e-01
-1.183199999999999946e-01,9.097099999999999631e-02,-1.255950000000000122e-01,-4.080000000000000293e-03,4.784039999999999959e-01,-9.060999999999999610e-02,1.000000000000000000e+00,-3.889730000000000132e-01,2.754309999999999814e-01,8.762899999999999856e-02,8.077499999999999958e-02,-2.167499999999999982e-01,5.064699999999999758e-02,-1.217909999999999965e-01,4.598999999999999790e-03,2.901020000000000265e-01,-2.068400000000000100e-02,3.846870000000000012e-01,-1.978650000000000131e-01,1.884019999999999861e-01,-8.173600000000000310e-02,-7.082399999999999807e-02,-3.414909999999999890e-01,-4.092040000000000122e-01,3.405549999999999966e-01,-2.128639999999999977e-01,5.446119999999999850e-01,1.243829999999999936e-01,5.557750000000000190e-01,1.654920000000000002e-01,1.224989999999999968e-01,2.648999999999999879e-03,-7.406100000000000183e-02,-1.811020000000000130e-01,3.997699999999999865e-02,-2.809929999999999928e-01,1.575000000000000011e-01,-6.291299999999999670e-02,2.516399999999999887e-02,-1.780500000000000138e-02,-2.363210000000000033e-01,-1.919260000000000133e-01,-2.242449999999999999e-01,1.761759999999999993e-01,-2.558960000000000123e-01,-2.466520000000000101e-01,1.276480000000000115e-01,-1.613789999999999947e-01,1.263600000000000001e-01,2.595620000000000149e-01,2.914200000000000124e-02,5.217340000000000311e-01,-3.505460000000000242e-01,1.851949999999999985e-01,2.838390000000000080e-01,-6.792700000000000127e-02,-2.292820000000000136e-01,-1.188950000000000007e-01,-1.717390000000000028e-01,1.432700000000000085e-01,2.017130000000000034e-01,1.095710000000000017e-01,3.830330000000000124e-01,-1.958519999999999983e-01,2.844209999999999794e-01,-2.874499999999999972e-02,9.796000000000000540e-02,-4.090799999999999992e-01,-4.114970000000000017e-01,4.827469999999999817e-01,-1.527169999999999916e-01,5.123109999999999609e-01,1.389199999999999983e-02,5.044410000000000283e-01,5.195099999999999718e-02,1.523039999999999949e-01
-1.803480000000000083e-01,3.909909999999999775e-01,3.024640000000000106e-01,1.615199999999999969e-02,-3.812789999999999790e-01,7.068459999999999743e-01,-3.889730000000000132e-01,1.000000000000000000e+00,-1.826000000000000123e-01,7.467200000000000226e-02,-9.460599999999999565e-02,5.101310000000000011e-01,1.173259999999999997e-01,9.590000000000000000e-04,-2.174899999999999889e-01,-3.094450000000000256e-01,-7.340599999999999903e-02,-2.221849999999999936e-01,2.917120000000000268e-01,-3.325520000000000143e-01,1.426830000000000043e-01,-1.901899999999999979e-01,7.503260000000000485e-01,4.408449999999999869e-01,6.297999999999999779e-03,4.293870000000000187e-01,-1.812120000000000120e-01,-2.237449999999999994e-01,-5.504409999999999581e-01,-2.342170000000000085e-01,-3.888759999999999994e-01,-1.857749999999999957e-01,-8.004000000000000697e-03,-9.325899999999999468e-02,-8.534200000000000119e-02,1.997800000000000131e-01,-3.976400000000000073e-02,-8.512000000000000469e-03,-3.225169999999999981e-01,3.268599999999999978e-02,-4.189099999999999768e-02,-1.525899999999999999e-02,2.730489999999999862e-01,-6.805100000000000038e-02,1.270169999999999910e-01,-9.291800000000000059e-02,1.038570000000000049e-01,2.892089999999999939e-01,-7.922600000000000475e-02,-3.655430000000000068e-01,3.331109999999999904e-01,-2.676040000000000085e-01,8.539379999999999749e-01,-2.164240000000000053e-01,-2.992319999999999980e-01,1.548849999999999949e-01,5.681310000000000526e-01,2.895999999999999963e-02,-7.227999999999999703e-02,-3.728290000000000215e-01,-4.884029999999999760e-01,-2.664730000000000154e-01,-6.128740000000000299e-01,2.802499999999999991e-01,-3.907640000000000002e-01,-2.166699999999999876e-02,-3.117849999999999788e-01,6.375420000000000531e-01,3.845330000000000137e-01,-3.289810000000000234e-01,1.222580000000000056e-01,-2.038830000000000087e-01,-2.509279999999999844e-01,-5.754930000000000323e-01,-2.117120000000000113e-01,-4.216269999999999740e-01
-2.153960000000000041e-01,-1.744599999999999970e-02,2.653900000000000148e-01,2.044199999999999906e-01,8.317980000000000373e-01,1.297999999999999892e-03,2.754309999999999814e-01,-1.826000000000000123e-01,1.000000000000000000e+00,1.283489999999999909e-01,5.854800000000000004e-01,1.933489999999999931e-01,2.623510000000000009e-01,-1.580400000000000138e-01,8.061300000000000410e-02,-2.079149999999999887e-01,2.360649999999999971e-01,2.600919999999999899e-01,-2.580029999999999824e-01,2.380529999999999868e-01,-2.395259999999999889e-01,-4.529340000000000033e-01,-8.590899999999999925e-02,2.528400000000000092e-02,1.296769999999999867e-01,1.774330000000000074e-01,6.320480000000000542e-01,4.448900000000000077e-02,-1.622989999999999988e-01,-7.444599999999999829e-02,-2.521300000000000208e-01,-4.812779999999999836e-01,-1.776389999999999914e-01,-5.282590000000000341e-01,-3.740720000000000156e-01,-1.042119999999999991e-01,-1.012409999999999977e-01,1.061509999999999954e-01,-3.970400000000000040e-01,-1.131100000000000022e-01,-5.421000000000000263e-01,-4.154709999999999792e-01,-3.054390000000000160e-01,-1.734970000000000123e-01,-1.088329999999999992e-01,-2.682450000000000112e-01,-1.365230000000000055e-01,2.930110000000000214e-01,-3.376400000000000234e-02,6.870159999999999600e-01,-4.094699999999999729e-02,5.584230000000000027e-01,-3.251140000000000141e-01,8.372429999999999595e-01,-3.482199999999999879e-02,2.709650000000000114e-01,1.652859999999999885e-01,6.430800000000000405e-02,-1.665649999999999908e-01,4.850000000000000144e-02,-2.422100000000000086e-01,6.170099999999999890e-02,-1.068400000000000079e-02,-2.521300000000000208e-01,2.417739999999999889e-01,-2.156800000000000106e-01,-3.134529999999999816e-01,-1.762249999999999928e-01,-1.889300000000000007e-02,1.793260000000000132e-01,8.656600000000000406e-02,6.696659999999999835e-01,-1.341259999999999952e-01,-1.611680000000000057e-01,-3.005399999999999738e-01,-2.354819999999999969e-01
7.498900000000000010e-02,1.829469999999999985e-01,-1.027529999999999971e-01,-1.615719999999999934e-01,-8.353499999999999814e-02,1.578700000000000103e-01,8.762899999999999856e-02,7.467200000000000226e-02,1.283489999999999909e-01,1.000000000000000000e+00,-1.013669999999999988e-01,5.296349999999999669e-01,3.839060000000000250e-01,-4.260699999999999904e-02,5.909600000000000269e-02,1.071929999999999966e-01,4.422300000000000120e-01,4.374449999999999728e-01,-8.162600000000000411e-02,5.165299999999999753e-02,1.089210000000000039e-01,-1.242530000000000023e-01,-7.239999999999999908e-03,2.889610000000000234e-01,1.944269999999999887e-01,4.033260000000000178e-01,-1.503499999999999975e-02,6.963700000000000445e-02,4.681199999999999944e-02,-1.332599999999999930e-02,1.929990000000000039e-01,1.930510000000000004e-01,3.798739999999999895e-01,2.073850000000000138e-01,-7.287599999999999634e-02,-3.101599999999999843e-02,1.978330000000000088e-01,3.673850000000000171e-01,2.189190000000000025e-01,5.027080000000000437e-01,1.480789999999999884e-01,-3.753580000000000250e-01,1.400750000000000051e-01,2.245060000000000111e-01,3.132929999999999882e-01,9.951100000000000223e-02,2.925559999999999827e-01,-1.599710000000000021e-01,-7.444000000000000616e-02,-1.754350000000000076e-01,7.856100000000000583e-02,1.803700000000000025e-01,-6.113199999999999884e-02,-7.890400000000000191e-02,1.008750000000000063e-01,-1.435240000000000127e-01,6.062910000000000244e-01,3.199830000000000174e-01,1.466600000000000022e-02,-5.888700000000000184e-02,8.939999999999999336e-02,-7.510999999999999621e-02,1.649090000000000000e-01,-1.039209999999999995e-01,1.411429999999999907e-01,4.582100000000000062e-02,3.033999999999999805e-03,-6.435399999999999454e-02,4.092959999999999932e-01,2.807959999999999900e-01,4.881880000000000108e-01,-2.333899999999999864e-02,1.033160000000000051e-01,7.357600000000000251e-02,1.369839999999999947e-01,1.121820000000000039e-01
-1.293539999999999968e-01,-1.217209999999999959e-01,7.550590000000000357e-01,2.583699999999999886e-01,5.790290000000000159e-01,-1.843970000000000053e-01,8.077499999999999958e-02,-9.460599999999999565e-02,5.854800000000000004e-01,-1.013669999999999988e-01,1.000000000000000000e+00,-6.407899999999999707e-02,-2.212639999999999885e-01,1.459830000000000017e-01,-1.855539999999999967e-01,-1.021790000000000059e-01,-9.463900000000000090e-02,5.225599999999999690e-02,4.355180000000000162e-01,-3.747799999999999743e-02,-2.579799999999999871e-01,-1.769479999999999942e-01,-1.878060000000000007e-01,-1.562719999999999942e-01,5.195500000000000118e-02,-1.082309999999999939e-01,5.493080000000000185e-01,-1.199619999999999992e-01,-1.345729999999999982e-01,-4.659900000000000153e-02,-2.116609999999999880e-01,-4.311989999999999990e-01,-3.605090000000000239e-01,-3.663620000000000210e-01,-2.173990000000000089e-01,-1.244340000000000029e-01,-2.067410000000000081e-01,-7.806999999999999704e-03,-3.655260000000000176e-01,-2.956710000000000171e-01,-4.159450000000000092e-01,-1.360840000000000105e-01,-2.228700000000000125e-01,-2.834679999999999978e-01,-9.968000000000000471e-02,-1.589029999999999887e-01,-2.979959999999999831e-01,7.119839999999999502e-01,-1.170680000000000054e-01,5.743460000000000232e-01,-2.360619999999999941e-01,1.239350000000000035e-01,-1.974390000000000034e-01,4.752649999999999930e-01,-8.419699999999999407e-02,7.647899999999999698e-01,-7.639899999999999469e-02,-3.180239999999999734e-01,4.865900000000000086e-02,-1.216539999999999982e-01,-2.165430000000000132e-01,-6.643499999999999406e-02,-7.701299999999999812e-02,4.379270000000000107e-01,7.397700000000000109e-02,-1.948830000000000007e-01,-9.078700000000000658e-02,-1.746749999999999969e-01,-2.653469999999999995e-01,-6.474999999999999853e-03,-2.668949999999999934e-01,5.206539999999999502e-01,-1.825100000000000056e-01,-1.819649999999999879e-01,-2.446200000000000041e-01,-2.327269999999999894e-01
-2.647140000000000049e-01,2.038480000000000014e-01,1.199240000000000028e-01,6.884300000000000141e-02,-8.814400000000000013e-02,4.477329999999999921e-01,-2.167499999999999982e-01,5.101310000000000011e-01,1.933489999999999931e-01,5.296349999999999669e-01,-6.407899999999999707e-02,1.000000000000000000e+00,3.142249999999999766e-01,-2.084779999999999966e-01,-9.607400000000000662e-02,-3.893639999999999879e-01,1.256760000000000099e-01,-1.028680000000000011e-01,-2.263000000000000081e-02,-7.655099999999999405e-02,-9.798300000000000065e-02,-2.925309999999999855e-01,4.407289999999999819e-01,7.286740000000000439e-01,-6.322899999999999354e-02,4.623300000000000187e-01,1.478699999999999980e-02,-1.866210000000000091e-01,-4.578139999999999987e-01,-4.057919999999999860e-01,-4.276320000000000121e-01,-2.756850000000000134e-01,1.231949999999999990e-01,-2.034789999999999932e-01,-2.307440000000000047e-01,1.040670000000000067e-01,-2.630299999999999999e-02,3.597239999999999882e-01,-3.440369999999999817e-01,2.220300000000000051e-01,-1.687390000000000001e-01,-2.351509999999999989e-01,1.036509999999999931e-01,1.453319999999999890e-01,4.090260000000000007e-01,-2.284069999999999989e-01,8.293999999999999290e-03,1.315880000000000105e-01,-1.665280000000000094e-01,-1.990830000000000100e-01,1.605959999999999888e-01,-4.312900000000000067e-02,3.053000000000000158e-01,1.926100000000000034e-02,-2.349640000000000062e-01,-1.743600000000000011e-02,8.713750000000000107e-01,1.134190000000000059e-01,-2.090400000000000036e-01,-2.794309999999999850e-01,-4.694590000000000152e-01,-4.161079999999999779e-01,-4.931550000000000100e-01,-4.206000000000000016e-02,-1.240779999999999939e-01,-2.628920000000000146e-01,-3.290589999999999904e-01,2.894459999999999811e-01,6.507669999999999844e-01,-2.362819999999999920e-01,2.661290000000000044e-01,-3.137000000000000031e-03,-3.267059999999999964e-01,-4.667029999999999790e-01,-3.756590000000000207e-01,-4.520959999999999979e-01
-1.583330000000000015e-01,4.801150000000000140e-01,-1.843799999999999883e-01,-5.469000000000000250e-02,9.158499999999999974e-02,5.302419999999999911e-01,5.064699999999999758e-02,1.173259999999999997e-01,2.623510000000000009e-01,3.839060000000000250e-01,-2.212639999999999885e-01,3.142249999999999766e-01,1.000000000000000000e+00,-2.295119999999999938e-01,1.345699999999999952e-01,6.026000000000000106e-03,7.242790000000000061e-01,2.732749999999999901e-01,-4.356140000000000012e-01,2.269750000000000101e-01,4.849900000000000044e-02,-3.192110000000000225e-01,1.849560000000000093e-01,2.872239999999999793e-01,1.052109999999999990e-01,6.321219999999999617e-01,-6.913800000000000501e-02,4.497849999999999904e-01,7.195100000000000107e-02,-6.281200000000000672e-02,5.376999999999999835e-02,-8.115999999999999950e-03,2.395059999999999967e-01,-1.302319999999999867e-01,-1.422110000000000041e-01,-4.565999999999999920e-02,-8.379999999999999862e-04,8.294100000000000084e-02,1.698900000000000063e-02,3.277240000000000153e-01,-5.746099999999999819e-02,-2.539690000000000003e-01,-5.150400000000000117e-02,-7.526399999999999757e-02,-8.401300000000000434e-02,-1.234930000000000055e-01,4.085210000000000230e-01,-9.073299999999999421e-02,-1.096739999999999937e-01,1.486290000000000111e-01,4.303330000000000211e-01,3.206689999999999818e-01,2.535499999999999907e-02,2.290679999999999938e-01,1.199260000000000048e-01,-1.998689999999999911e-01,3.550909999999999900e-01,7.257329999999999615e-01,-1.266279999999999906e-01,-2.402500000000000122e-02,7.539099999999999968e-02,3.646389999999999909e-01,1.021360000000000046e-01,-3.591380000000000128e-01,1.149499999999999966e-01,-1.116600000000000058e-02,-3.116430000000000033e-01,2.069459999999999911e-01,3.556940000000000102e-01,1.051549999999999985e-01,6.133570000000000411e-01,1.558599999999999916e-02,3.381970000000000254e-01,1.678599999999999884e-02,9.394700000000000273e-02,4.226099999999999995e-02
1.034100000000000019e-01,3.000799999999999995e-02,3.805800000000000155e-02,2.697879999999999723e-01,-4.085600000000000342e-02,-8.961299999999999821e-02,-1.217909999999999965e-01,9.590000000000000000e-04,-1.580400000000000138e-01,-4.260699999999999904e-02,1.459830000000000017e-01,-2.084779999999999966e-01,-2.295119999999999938e-01,1.000000000000000000e+00,2.165900000000000117e-02,5.966799999999999882e-02,-1.255709999999999882e-01,5.350900000000000101e-02,1.766719999999999957e-01,2.012889999999999957e-01,-4.000299999999999689e-02,1.870219999999999938e-01,-1.529969999999999941e-01,-1.359299999999999953e-01,9.879499999999999393e-02,-5.710900000000000004e-02,-1.466600000000000022e-02,1.947190000000000032e-01,-3.844600000000000101e-02,3.985139999999999794e-01,1.879010000000000125e-01,3.055919999999999748e-01,6.386799999999999422e-02,1.581279999999999908e-01,1.077110000000000012e-01,3.316370000000000151e-01,-1.101700000000000075e-02,-1.981559999999999988e-01,2.493819999999999926e-01,-3.295200000000000212e-02,8.292499999999999871e-02,1.644980000000000053e-01,4.134570000000000189e-01,5.482700000000000073e-02,-1.626430000000000098e-01,1.067619999999999958e-01,-6.146700000000000080e-02,-3.225000000000000089e-02,1.176600000000000007e-01,-1.035719999999999974e-01,-1.276029999999999942e-01,-2.556470000000000131e-01,3.813300000000000023e-02,-9.767499999999999793e-02,-1.856410000000000005e-01,2.019800000000000068e-02,-1.195530000000000065e-01,-1.487690000000000123e-01,4.367500000000000271e-01,6.705899999999999361e-02,2.774700000000000083e-02,-1.558519999999999905e-01,1.414900000000000012e-02,1.465100000000000013e-01,1.806470000000000020e-01,-4.021500000000000075e-02,1.356519999999999948e-01,-9.172900000000000498e-02,-1.217099999999999987e-01,-2.171800000000000119e-02,-1.707120000000000026e-01,-1.175780000000000020e-01,1.992490000000000094e-01,-5.561100000000000071e-02,2.520200000000000218e-01,1.258120000000000072e-01
9.725499999999999423e-02,-1.885739999999999916e-01,-2.321030000000000038e-01,1.247899999999999981e-01,5.446899999999999659e-02,-1.447730000000000128e-01,4.598999999999999790e-03,-2.174899999999999889e-01,8.061300000000000410e-02,5.909600000000000269e-02,-1.855539999999999967e-01,-9.607400000000000662e-02,1.345699999999999952e-01,2.165900000000000117e-02,1.000000000000000000e+00,5.549699999999999772e-02,2.498450000000000115e-01,2.134179999999999966e-01,-3.194980000000000042e-01,5.590209999999999901e-01,4.147959999999999980e-01,2.546059999999999990e-01,4.437499999999999778e-02,1.268599999999999936e-02,-1.665810000000000068e-01,2.563599999999999907e-02,-4.656600000000000322e-02,3.876020000000000021e-01,1.868019999999999958e-01,2.966710000000000180e-01,2.694270000000000276e-01,2.683189999999999742e-01,6.465200000000000113e-02,7.732799999999999396e-02,2.412800000000000014e-02,1.594420000000000004e-01,-1.224950000000000067e-01,-1.011880000000000002e-01,3.316149999999999931e-01,3.503200000000000064e-02,1.712700000000000056e-01,9.670900000000000329e-02,-5.365299999999999930e-02,5.020299999999999763e-02,-6.811499999999999500e-02,3.919199999999999767e-02,-3.377299999999999747e-02,-2.301320000000000032e-01,-1.074969999999999953e-01,5.705999999999999961e-02,-1.544000000000000095e-01,9.159100000000000574e-02,-1.282149999999999956e-01,1.883509999999999907e-01,-3.989800000000000291e-02,-1.321749999999999869e-01,-1.160069999999999990e-01,1.779419999999999891e-01,-1.990300000000000125e-01,8.291659999999999586e-01,2.780179999999999874e-01,6.110299999999999759e-02,2.359080000000000066e-01,-3.128799999999999915e-01,5.157589999999999675e-01,2.811440000000000050e-01,2.708780000000000077e-01,-3.703100000000000142e-02,-9.083000000000000795e-03,-1.925599999999999881e-02,3.511500000000000038e-02,6.113000000000000378e-03,2.921639999999999793e-01,8.834400000000000586e-02,1.830529999999999935e-01,3.003259999999999819e-01
5.157969999999999500e-01,-9.181699999999999584e-02,-2.106659999999999922e-01,-2.180380000000000096e-01,5.616199999999999665e-02,-3.186950000000000061e-01,2.901020000000000265e-01,-3.094450000000000256e-01,-2.079149999999999887e-01,1.071929999999999966e-01,-1.021790000000000059e-01,-3.893639999999999879e-01,6.026000000000000106e-03,5.966799999999999882e-02,5.549699999999999772e-02,1.000000000000000000e+00,2.483869999999999967e-01,4.862429999999999808e-01,1.131000000000000061e-03,4.052800000000000152e-02,2.990949999999999998e-01,5.060210000000000541e-01,-3.533160000000000189e-01,-4.241349999999999842e-01,2.274180000000000090e-01,-9.555500000000000105e-02,-1.401360000000000106e-01,1.771890000000000132e-01,7.270590000000000108e-01,3.596050000000000080e-01,7.631539999999999990e-01,5.022980000000000222e-01,2.539739999999999776e-01,5.253510000000000124e-01,4.131969999999999810e-01,-6.632000000000000395e-02,3.230609999999999871e-01,-3.363000000000000017e-02,4.928460000000000063e-01,2.138150000000000051e-01,4.294760000000000244e-01,1.475889999999999980e-01,-6.622000000000000108e-02,2.500080000000000080e-01,-1.498539999999999872e-01,3.893249999999999766e-01,1.248609999999999998e-01,-2.575799999999999756e-01,-4.266999999999999960e-03,8.662000000000000255e-02,-2.478539999999999910e-01,3.256720000000000170e-01,-2.874360000000000248e-01,-2.875469999999999970e-01,4.270709999999999784e-01,-6.117000000000000215e-02,-3.018219999999999792e-01,7.951099999999999834e-02,2.519489999999999785e-01,1.026100000000000068e-01,7.181110000000000548e-01,4.171320000000000028e-01,6.742960000000000065e-01,-5.490099999999999841e-02,1.151729999999999976e-01,3.365879999999999983e-01,4.822440000000000060e-01,-2.916190000000000171e-01,-3.047619999999999774e-01,3.234830000000000205e-01,1.769169999999999909e-01,-1.337399999999999978e-01,3.684319999999999817e-01,5.739840000000000497e-01,5.568480000000000096e-01,6.841960000000000264e-01
2.508859999999999979e-01,2.205799999999999983e-01,-1.388359999999999872e-01,1.155179999999999957e-01,7.952299999999999647e-02,1.732069999999999999e-01,-2.068400000000000100e-02,-7.340599999999999903e-02,2.360649999999999971e-01,4.422300000000000120e-01,-9.463900000000000090e-02,1.256760000000000099e-01,7.242790000000000061e-01,-1.255709999999999882e-01,2.498450000000000115e-01,2.483869999999999967e-01,1.000000000000000000e+00,4.694420000000000259e-01,-3.326859999999999817e-01,2.849949999999999983e-01,2.230010000000000048e-01,-1.319420000000000037e-01,3.973700000000000149e-02,2.729699999999999904e-01,8.094899999999999318e-02,6.244070000000000453e-01,-4.669199999999999739e-02,5.023609999999999465e-01,2.484729999999999994e-01,1.352619999999999933e-01,3.695669999999999789e-01,1.539580000000000115e-01,3.478220000000000200e-01,9.849499999999999922e-02,-1.025419999999999943e-01,1.306049999999999989e-01,1.664699999999999860e-02,5.844799999999999995e-02,2.377440000000000109e-01,4.506040000000000045e-01,1.509989999999999943e-01,-2.999430000000000152e-01,-1.559699999999999975e-02,-9.729100000000000248e-02,-9.685599999999999765e-02,2.183809999999999918e-01,2.520930000000000115e-01,-2.430999999999999828e-02,-1.853069999999999995e-01,1.724960000000000104e-01,1.575890000000000069e-01,3.188300000000000023e-01,-1.648570000000000035e-01,2.778399999999999759e-01,1.958749999999999936e-01,-7.577299999999999314e-02,2.141160000000000008e-01,6.249869999999999592e-01,-1.085060000000000052e-01,1.824020000000000086e-01,3.118509999999999893e-01,5.257629999999999804e-01,3.701400000000000245e-01,-2.825440000000000174e-01,2.970119999999999982e-01,2.076570000000000082e-01,-1.977299999999999891e-02,6.001700000000000090e-02,2.922210000000000085e-01,1.499610000000000110e-01,7.120809999999999640e-01,7.323399999999999355e-02,4.687040000000000095e-01,1.242469999999999963e-01,2.332549999999999901e-01,3.159219999999999806e-01
9.539400000000000657e-02,2.708960000000000257e-01,-1.257389999999999897e-01,8.093699999999999506e-02,2.514790000000000081e-01,-1.005099999999999917e-02,3.846870000000000012e-01,-2.221849999999999936e-01,2.600919999999999899e-01,4.374449999999999728e-01,5.225599999999999690e-02,-1.028680000000000011e-01,2.732749999999999901e-01,5.350900000000000101e-02,2.134179999999999966e-01,4.862429999999999808e-01,4.694420000000000259e-01,1.000000000000000000e+00,-2.956329999999999791e-01,3.318820000000000103e-01,2.298400000000000096e-02,1.178440000000000043e-01,-2.919660000000000033e-01,-2.023000000000000076e-01,4.350919999999999788e-01,2.709320000000000062e-01,2.700440000000000063e-01,3.237479999999999802e-01,4.604699999999999904e-01,2.702609999999999735e-01,4.104820000000000135e-01,2.496420000000000028e-01,1.023909999999999959e-01,1.137849999999999973e-01,-3.241299999999999737e-02,1.551760000000000084e-01,2.750049999999999994e-01,-1.510859999999999981e-01,2.350540000000000129e-01,2.104600000000000082e-01,4.303999999999999666e-03,-3.108830000000000204e-01,6.101199999999999679e-02,1.773289999999999866e-01,-2.211460000000000092e-01,-9.137099999999999389e-02,1.710059999999999913e-01,-1.396199999999999941e-01,-1.127210000000000018e-01,1.767309999999999992e-01,-9.595599999999999963e-02,3.460539999999999727e-01,-3.001130000000000186e-01,2.470350000000000046e-01,-4.442999999999999901e-03,-1.018310000000000048e-01,7.877499999999999780e-02,5.378499999999999948e-02,-3.330500000000000127e-02,1.548930000000000029e-01,2.212939999999999907e-01,1.494139999999999913e-01,4.139309999999999934e-01,-2.828049999999999731e-01,3.598399999999999932e-01,-5.642999999999999579e-03,1.815730000000000122e-01,-3.893010000000000081e-01,-1.819109999999999894e-01,4.177199999999999802e-01,1.864159999999999984e-01,2.976119999999999877e-01,1.628680000000000128e-01,2.246309999999999973e-01,2.504080000000000195e-01,2.831870000000000220e-01
7.187000000000000333e-02,-1.255000000000000004e-01,6.732200000000000406e-01,1.024140000000000050e-01,-2.275399999999999923e-01,-3.212000000000000272e-02,-1.978650000000000131e-01,2.917120000000000268e-01,-2.580029999999999824e-01,-8.162600000000000411e-02,4.355180000000000162e-01,-2.263000000000000081e-02,-4.356140000000000012e-01,1.766719999999999957e-01,-3.194980000000000042e-01,1.131000000000000061e-03,-3.326859999999999817e-01,-2.956329999999999791e-01,1.000000000000000000e+00,-3.881470000000000198e-01,2.858799999999999883e-02,3.309700000000000142e-02,1.834999999999999964e-01,-3.893300000000000233e-02,-9.403300000000000547e-02,-2.519489999999999785e-01,-1.854300000000000045e-02,-2.689349999999999796e-01,-1.424749999999999905e-01,-4.048100000000000309e-02,-1.242570000000000063e-01,-4.428100000000000092e-02,-1.393590000000000106e-01,5.173699999999999827e-02,1.065409999999999968e-01,-1.156780000000000030e-01,-1.839089999999999892e-01,8.705699999999999550e-02,-8.840000000000000201e-04,-9.358700000000000352e-02,7.474300000000000388e-02,2.259420000000000039e-01,-2.676699999999999913e-02,-1.650060000000000138e-01,1.866379999999999983e-01,1.117979999999999946e-01,-1.338899999999999986e-02,5.823040000000000438e-01,2.100300000000000084e-02,-2.221499999999999864e-01,2.727299999999999863e-02,-2.533420000000000116e-01,3.280190000000000050e-01,-3.573600000000000110e-01,7.708800000000000374e-02,6.819709999999999939e-01,-2.808599999999999985e-02,-1.825299999999999978e-01,1.073650000000000021e-01,-2.727740000000000165e-01,-3.132200000000000262e-02,-1.038170000000000065e-01,-7.883999999999999342e-02,9.436360000000000303e-01,-3.765200000000000213e-01,6.103299999999999698e-02,3.781000000000000073e-03,2.608420000000000183e-01,-1.713399999999999992e-02,-1.157500000000000057e-01,-1.682629999999999959e-01,-8.185099999999999321e-02,-1.271509999999999863e-01,-7.400400000000000034e-02,-1.389080000000000037e-01,-1.358280000000000043e-01
6.434299999999999742e-02,-1.644500000000000128e-02,-2.051870000000000083e-01,3.286009999999999764e-01,2.345180000000000042e-01,-1.532360000000000111e-01,1.884019999999999861e-01,-3.325520000000000143e-01,2.380529999999999868e-01,5.165299999999999753e-02,-3.747799999999999743e-02,-7.655099999999999405e-02,2.269750000000000101e-01,2.012889999999999957e-01,5.590209999999999901e-01,4.052800000000000152e-02,2.849949999999999983e-01,3.318820000000000103e-01,-3.881470000000000198e-01,1.000000000000000000e+00,1.024699999999999916e-02,2.682120000000000060e-01,-1.550140000000000129e-01,8.064100000000000434e-02,-2.191299999999999845e-02,9.828099999999999337e-02,2.940679999999999961e-01,6.258120000000000349e-01,2.240199999999999969e-01,4.901659999999999906e-01,2.773840000000000194e-01,2.093059999999999921e-01,4.072900000000000131e-02,-4.336600000000000177e-02,-1.459380000000000122e-01,2.737930000000000086e-01,-8.532299999999999607e-02,-2.318489999999999995e-01,2.165680000000000105e-01,2.356099999999999861e-02,-1.412300000000000014e-02,-7.358099999999999363e-02,7.124900000000000677e-02,1.032060000000000061e-01,-1.683840000000000059e-01,-5.642500000000000293e-02,-1.205760000000000026e-01,-1.805100000000000038e-01,1.325899999999999995e-02,1.227319999999999939e-01,-1.182809999999999973e-01,7.653799999999999493e-02,-2.787799999999999723e-01,3.555119999999999947e-01,-1.377460000000000073e-01,-1.875799999999999967e-01,-1.144410000000000011e-01,9.620599999999999985e-02,-1.286750000000000116e-01,5.301479999999999526e-01,9.229999999999999316e-02,-4.036599999999999910e-02,1.289939999999999976e-01,-3.801990000000000092e-01,7.687760000000000149e-01,-1.606499999999999942e-02,2.290729999999999988e-01,-2.276620000000000033e-01,1.313300000000000058e-02,2.695600000000000079e-02,-2.250699999999999923e-02,2.818289999999999962e-01,2.829200000000000048e-01,5.564700000000000202e-02,1.577490000000000003e-01,2.120630000000000015e-01
