1.000000000000000000e+00,-3.523099999999999843e-02,-4.490759999999999752e-01,2.086159999999999959e-01,-3.693989999999999774e-01,-2.552710000000000257e-01,9.463100000000000678e-02,-4.260369999999999990e-01,-4.305419999999999803e-01,2.304559999999999942e-01,-3.780080000000000107e-01,-2.535160000000000191e-01,-1.377649999999999986e-01,6.945700000000000485e-02,-1.726830000000000032e-01,3.176120000000000054e-01,3.874090000000000034e-01,2.185979999999999868e-01,-3.700749999999999873e-01,-2.654520000000000213e-01,3.174480000000000079e-01,-1.551599999999999924e-01,-2.131530000000000091e-01,3.234759999999999858e-01,5.542340000000000044e-01,4.219559999999999977e-01,-4.622069999999999790e-01,-1.934800000000000061e-02,6.446200000000000541e-02,1.488569999999999893e-01,7.232619999999999605e-01,1.861410000000000009e-01,4.860220000000000096e-01,3.795490000000000252e-01,1.354990000000000083e-01,2.372479999999999867e-01,1.535189999999999888e-01,5.082079999999999931e-01,1.708330000000000126e-01,4.897219999999999906e-01,3.569120000000000070e-01,2.345700000000000007e-01,5.012300000000000089e-02,1.846210000000000073e-01,5.596189999999999776e-01,8.323930000000000495e-01,3.250190000000000023e-01,-4.519469999999999876e-01,2.488160000000000094e-01,-3.630519999999999858e-01,1.265680000000000138e-01,-2.575799999999999965e-02,-3.534849999999999937e-01,-4.710840000000000027e-01,5.913009999999999655e-01,-3.787809999999999788e-01,-2.695399999999999879e-02,5.303399999999999781e-02,2.581400000000000014e-02,-2.384960000000000135e-01,7.388529999999999820e-01,4.546620000000000106e-01,7.468660000000000299e-01,-3.601159999999999917e-01,-2.143480000000000107e-01,3.469709999999999739e-01,-5.955300000000000177e-02,-1.871059999999999945e-01,4.237130000000000063e-01,5.876130000000000519e-01,5.421620000000000328e-01,-4.029209999999999736e-01,9.880500000000000393e-02,3.334799999999999986e-01,3.090899999999999759e-01,8.346980000000000510e-01
-3.523099999999999843e-02,1.000000000000000000e+00,3.505550000000000055e-01,-1.957619999999999916e-01,4.904080000000000106e-01,7.414420000000000455e-01,2.535549999999999748e-01,2.780580000000000274e-01,3.332570000000000254e-01,2.469840000000000091e-01,3.222789999999999822e-01,1.494000000000000102e-03,7.557880000000000154e-01,1.712970000000000048e-01,2.538070000000000048e-01,6.578479999999999883e-01,5.628450000000000397e-01,7.287190000000000056e-01,3.690760000000000152e-01,5.012950000000000461e-01,1.178290000000000032e-01,6.173149999999999471e-01,2.843410000000000104e-01,1.612510000000000054e-01,3.485809999999999742e-01,5.922950000000000159e-01,5.655050000000000354e-01,6.158559999999999590e-01,5.586140000000000549e-01,4.389020000000000143e-01,6.001800000000000190e-02,-3.655999999999999962e-03,-2.480569999999999997e-01,-1.857769999999999977e-01,-1.637100000000000014e-02,1.031299999999999994e-01,-1.979899999999999993e-01,-2.408119999999999983e-01,-8.051700000000000523e-02,-2.942930000000000268e-01,-6.049899999999999722e-02,-1.383550000000000058e-01,-6.810099999999999487e-02,-9.186600000000000321e-02,-1.209530000000000050e-01,-7.143399999999999750e-02,4.314540000000000042e-01,3.187010000000000121e-01,-3.191240000000000188e-01,3.247959999999999736e-01,3.131929999999999992e-01,3.649410000000000154e-01,1.288529999999999953e-01,3.765220000000000233e-01,-4.399999999999999886e-05,3.392049999999999788e-01,-5.218300000000000022e-02,4.346349999999999936e-01,8.055500000000000160e-02,2.899610000000000243e-01,1.178219999999999962e-01,2.614779999999999882e-01,-4.070000000000000267e-04,3.511239999999999917e-01,4.569349999999999801e-01,-1.124819999999999987e-01,5.018369999999999775e-01,2.047410000000000063e-01,-5.463300000000000101e-02,-1.090299999999999950e-02,6.031099999999999656e-02,4.678919999999999746e-01,4.773020000000000040e-01,2.567929999999999935e-01,3.328030000000000155e-01,-9.653200000000000669e-02
-4.490759999999999752e-01,3.505550000000000055e-01,1.000000000000000000e+00,-3.307849999999999957e-01,6.652230000000000087e-01,3.572710000000000052e-01,-1.398749999999999993e-01,3.975779999999999870e-01,6.628640000000000088e-01,-1.884329999999999894e-01,8.469740000000000046e-01,2.833199999999999955e-02,4.633550000000000169e-01,2.776480000000000059e-01,6.224610000000000420e-01,2.122100000000000097e-01,-6.278100000000000347e-02,8.183100000000000096e-02,8.517329999999999623e-01,6.825240000000000196e-01,7.013000000000000136e-03,6.490920000000000023e-01,4.452510000000000079e-01,-1.591210000000000124e-01,-4.050139999999999851e-01,-3.644700000000000023e-02,6.028879999999999795e-01,5.692009999999999570e-01,4.299109999999999876e-01,4.147739999999999760e-01,-1.403010000000000090e-01,-3.323990000000000000e-01,-5.588779999999999859e-01,-5.067939999999999667e-01,-2.121400000000000022e-02,-4.118999999999999745e-02,-2.163039999999999963e-01,-7.115120000000000333e-01,-3.588259999999999783e-01,-6.957269999999999843e-01,-4.717749999999999999e-01,-2.354900000000000049e-01,9.768699999999999606e-02,-3.621599999999999819e-02,-6.463290000000000424e-01,-5.023809999999999665e-01,-2.232300000000000118e-01,9.546609999999999818e-01,-4.894330000000000069e-01,6.622660000000000213e-01,-9.820000000000000603e-03,3.044300000000000131e-02,3.690309999999999979e-01,6.914799999999999836e-01,-4.613320000000000198e-01,8.311319999999999819e-01,-9.302599999999999758e-02,1.858480000000000132e-01,3.285239999999999827e-01,5.907520000000000548e-01,-2.834349999999999925e-01,-3.183400000000000118e-01,-5.621990000000000043e-01,7.496650000000000258e-01,6.463780000000000081e-01,-1.126110000000000028e-01,5.186060000000000114e-01,4.499150000000000094e-01,-2.714460000000000206e-01,-4.784510000000000152e-01,-4.323159999999999781e-01,5.888290000000000468e-01,4.464540000000000175e-01,1.544740000000000002e-01,2.177640000000000131e-01,-3.151289999999999925e-01
2.086159999999999959e-01,-1.957619999999999916e-01,-3.307849999999999957e-01,1.000000000000000000e+00,3.592200000000000254e-02,-2.071639999999999870e-01,5.579530000000000323e-01,-7.235900000000000665e-02,-1.080139999999999989e-01,4.806289999999999729e-01,-1.515459999999999863e-01,2.105069999999999997e-01,7.028500000000000025e-02,1.817459999999999909e-01,-1.924760000000000082e-01,1.402800000000000054e-02,3.123639999999999750e-01,8.145900000000000363e-02,-2.173760000000000137e-01,-2.223479999999999901e-01,5.762999999999999894e-03,-1.426810000000000023e-01,-1.324799999999999867e-01,5.454500000000000320e-02,2.567809999999999815e-01,2.601600000000000093e-02,-2.466210000000000069e-01,-1.345790000000000042e-01,-1.635449999999999959e-01,-2.202179999999999971e-01,3.403479999999999839e-01,7.208199999999999330e-02,3.363849999999999896e-01,3.351259999999999795e-01,-5.260120000000000351e-01,4.204840000000000244e-01,6.422320000000000251e-01,4.659989999999999966e-01,1.206379999999999952e-01,3.651559999999999806e-01,1.856420000000000015e-01,-4.398940000000000072e-01,4.181019999999999737e-01,5.092809999999999837e-01,2.802450000000000219e-01,3.110430000000000139e-01,-2.426400000000000085e-02,-3.229580000000000228e-01,5.489960000000000395e-01,-8.962900000000000034e-02,-5.790700000000000014e-02,2.957000000000000184e-01,1.098900000000000050e-02,-1.477050000000000030e-01,3.520360000000000156e-01,-1.012149999999999994e-01,1.864240000000000064e-01,-9.284000000000000585e-03,8.065899999999999459e-02,-2.051929999999999865e-01,1.326170000000000126e-01,3.009689999999999865e-01,3.247860000000000191e-01,-6.588700000000000112e-02,-2.670879999999999921e-01,-4.950800000000000339e-02,-1.037840000000000013e-01,-6.066400000000000264e-02,3.061399999999999885e-02,1.798740000000000061e-01,1.446689999999999920e-01,-3.283880000000000132e-01,-9.832299999999999374e-02,-1.262600000000000111e-01,-1.798130000000000006e-01,2.382569999999999966e-01
-3.693989999999999774e-01,4.904080000000000106e-01,6.652230000000000087e-01,3.592200000000000254e-02,1.000000000000000000e+00,5.112240000000000117e-01,4.215809999999999835e-01,2.767260000000000275e-01,6.901950000000000029e-01,9.901799999999999491e-02,6.719399999999999817e-01,7.159500000000000586e-02,6.915280000000000316e-01,4.832929999999999726e-01,4.501249999999999973e-01,4.351970000000000005e-01,2.277869999999999895e-01,4.320229999999999904e-01,6.509080000000000421e-01,5.675949999999999607e-01,-5.890999999999999709e-02,6.480139999999999789e-01,2.329239999999999922e-01,-1.643920000000000103e-01,-1.859139999999999959e-01,-4.777599999999999902e-02,6.820220000000000171e-01,5.891020000000000145e-01,5.266650000000000498e-01,3.686530000000000085e-01,-7.061999999999999701e-03,-2.886889999999999734e-01,-4.854359999999999786e-01,-3.646670000000000189e-01,-2.565569999999999795e-01,9.472899999999999376e-02,-2.469899999999999873e-02,-5.360449999999999937e-01,-3.223779999999999979e-01,-6.206049999999999622e-01,-3.809480000000000088e-01,-4.826980000000000159e-01,1.784119999999999873e-01,5.235700000000000076e-02,-4.952030000000000043e-01,-3.188429999999999875e-01,-1.719700000000000048e-02,6.386500000000000510e-01,-2.584620000000000251e-01,8.073289999999999633e-01,5.114900000000000002e-02,4.904189999999999938e-01,2.534210000000000074e-01,7.192960000000000464e-01,-2.718070000000000208e-01,6.987370000000000525e-01,-9.416399999999999770e-02,2.887069999999999914e-01,3.800510000000000277e-01,4.262949999999999795e-01,-1.146199999999999997e-01,-6.822799999999999698e-02,-2.281430000000000125e-01,6.369259999999999922e-01,5.163050000000000139e-01,-2.829019999999999868e-01,5.526219999999999466e-01,3.543510000000000271e-01,-2.315129999999999966e-01,-3.432970000000000188e-01,-4.062609999999999832e-01,6.119679999999999565e-01,4.330379999999999785e-01,2.093309999999999893e-01,1.671989999999999865e-01,-2.553810000000000247e-01
-2.552710000000000257e-01,7.414420000000000455e-01,3.572710000000000052e-01,-2.071639999999999870e-01,5.112240000000000117e-01,1.000000000000000000e+00,2.753490000000000104e-01,5.360070000000000112e-01,4.223210000000000020e-01,8.756999999999999507e-02,2.829160000000000008e-01,1.856569999999999887e-01,6.162199999999999900e-01,2.694969999999999866e-01,2.693280000000000118e-01,4.366889999999999938e-01,2.644199999999999884e-01,5.760560000000000125e-01,3.150649999999999840e-01,5.451179999999999914e-01,3.626880000000000104e-01,5.180230000000000112e-01,5.121820000000000261e-01,1.785710000000000075e-01,1.120680000000000009e-01,3.373169999999999780e-01,6.759469999999999645e-01,4.504469999999999863e-01,5.797750000000000403e-01,4.447200000000000042e-01,-5.242100000000000232e-02,6.667199999999999516e-02,-3.087460000000000204e-01,-3.236450000000000160e-01,1.578150000000000108e-01,-6.067000000000000344e-03,-3.675370000000000026e-01,-3.182360000000000189e-01,6.549999999999999833e-04,-4.500489999999999768e-01,-1.705599999999999894e-01,-9.819500000000000450e-02,-2.079830000000000012e-01,-2.801310000000000189e-01,-3.001789999999999736e-01,-2.240179999999999949e-01,3.093790000000000151e-01,4.207919999999999994e-01,-2.632220000000000115e-01,3.756220000000000114e-01,4.728180000000000160e-01,3.616159999999999930e-01,4.005029999999999979e-01,4.933629999999999960e-01,-1.227069999999999966e-01,3.435449999999999893e-01,-2.110400000000000123e-02,3.353599999999999914e-01,9.173800000000000010e-02,3.618399999999999950e-01,-1.033950000000000008e-01,3.230000000000000232e-02,-1.581760000000000110e-01,3.569339999999999735e-01,5.054950000000000276e-01,2.945000000000000048e-02,4.670019999999999727e-01,3.530820000000000070e-01,-6.658999999999999642e-02,-1.585920000000000107e-01,-1.158190000000000053e-01,5.620730000000000448e-01,2.939089999999999758e-01,2.451079999999999925e-01,2.809429999999999983e-01,-2.479639999999999900e-01
9.463100000000000678e-02,2.535549999999999748e-01,-1.398749999999999993e-01,5.579530000000000323e-01,4.215809999999999835e-01,2.753490000000000104e-01,1.000000000000000000e+00,-1.597979999999999956e-01,2.849999999999999886e-04,3.205479999999999996e-01,-6.282000000000000084e-02,-8.648100000000000231e-02,4.869539999999999980e-01,2.053419999999999968e-01,-9.126900000000000290e-02,3.672259999999999969e-01,4.651170000000000027e-01,5.027340000000000142e-01,-1.202519999999999978e-01,-1.557599999999999957e-02,4.104499999999999815e-02,9.810000000000000664e-02,-2.149310000000000109e-01,-1.485059999999999991e-01,3.364449999999999941e-01,4.333900000000000252e-02,6.728499999999999759e-02,1.132449999999999984e-01,2.426030000000000131e-01,-1.376999999999999925e-02,2.619650000000000034e-01,1.265299999999999932e-02,1.570529999999999982e-01,6.663099999999999579e-02,-4.523420000000000218e-01,4.389099999999999946e-02,2.329090000000000049e-01,1.494759999999999978e-01,3.799399999999999999e-02,3.176799999999999763e-02,-1.482299999999999937e-02,-4.035250000000000226e-01,5.148699999999999805e-02,1.104300000000000004e-01,-2.648000000000000180e-03,1.693189999999999973e-01,1.835559999999999969e-01,-1.869159999999999988e-01,2.436129999999999962e-01,7.113999999999999491e-02,2.614999999999999963e-02,5.586780000000000079e-01,-1.400419999999999998e-01,-1.548800000000000003e-02,1.846949999999999981e-01,-2.342800000000000091e-02,-2.000840000000000118e-01,1.473659999999999970e-01,-1.011869999999999992e-01,-1.640800000000000036e-01,2.110750000000000126e-01,3.136289999999999911e-01,3.667159999999999864e-01,-8.484999999999999487e-03,-2.946199999999999861e-02,-1.790100000000000025e-01,6.278100000000000347e-02,-1.506540000000000101e-01,-1.719789999999999930e-01,1.620830000000000048e-01,-9.920800000000000451e-02,-2.789099999999999913e-02,4.655700000000000116e-02,1.319670000000000010e-01,-6.945700000000000485e-02,1.035029999999999978e-01
-4.260369999999999990e-01,2.780580000000000274e-01,3.975779999999999870e-01,-7.235900000000000665e-02,2.767260000000000275e-01,5.360070000000000112e-01,-1.597979999999999956e-01,1.000000000000000000e+00,4.450540000000000052e-01,1.538579999999999948e-01,2.860849999999999782e-01,5.802260000000000195e-01,3.654290000000000038e-01,2.797689999999999899e-01,2.696180000000000243e-01,-3.984900000000000247e-02,9.283500000000000085e-02,9.968799999999999883e-02,3.015950000000000020e-01,4.623619999999999952e-01,3.049009999999999776e-01,3.468029999999999724e-01,8.418489999999999585e-01,3.523350000000000093e-01,-2.066040000000000099e-01,2.119840000000000058e-01,4.883799999999999808e-01,3.047690000000000121e-01,2.012220000000000120e-01,2.924080000000000013e-01,-1.823909999999999976e-01,-1.641899999999999957e-02,-3.190450000000000230e-01,-1.976269999999999971e-01,6.874900000000000455e-02,1.772179999999999866e-01,-5.860300000000000231e-02,-2.582249999999999823e-01,-7.246999999999999970e-03,-3.661369999999999902e-01,-1.154609999999999942e-01,-1.278600000000000014e-01,6.212700000000000167e-02,-4.173500000000000126e-02,-2.581169999999999853e-01,-2.602530000000000121e-01,9.806199999999999639e-02,5.116939999999999822e-01,-2.444699999999999929e-01,3.746550000000000158e-01,3.684859999999999802e-01,1.836109999999999964e-01,9.253919999999999924e-01,4.785769999999999746e-01,-1.435029999999999917e-01,3.683600000000000207e-01,4.037789999999999990e-01,3.979840000000000044e-01,2.842740000000000267e-01,4.655179999999999874e-01,-4.393969999999999820e-01,1.350200000000000011e-02,-4.346309999999999896e-01,3.406159999999999743e-01,3.415850000000000275e-01,2.682300000000000240e-01,3.075950000000000073e-01,7.066759999999999708e-01,8.468399999999999539e-02,-3.595349999999999935e-01,6.733699999999999408e-02,4.132839999999999847e-01,2.446440000000000003e-01,-9.447999999999999801e-03,8.644799999999999707e-02,-3.414189999999999725e-01
-4.305419999999999803e-01,3.332570000000000254e-01,6.628640000000000088e-01,-1.080139999999999989e-01,6.901950000000000029e-01,4.223210000000000020e-01,2.849999999999999886e-04,4.450540000000000052e-01,1.000000000000000000e+00,4.374399999999999816e-02,7.845860000000000056e-01,3.344119999999999870e-01,3.946500000000000008e-01,3.706969999999999987e-01,5.977670000000000483e-01,1.604099999999999970e-02,-1.196000000000000014e-02,5.236799999999999788e-02,7.501700000000000035e-01,6.616579999999999684e-01,-7.919800000000000451e-02,6.583790000000000475e-01,4.137730000000000019e-01,1.107059999999999989e-01,-4.280419999999999781e-01,5.967000000000000082e-02,8.122390000000000443e-01,4.366169999999999773e-01,3.408740000000000103e-01,3.500550000000000050e-01,-1.922780000000000045e-01,-3.034990000000000188e-01,-6.867729999999999668e-01,-5.213240000000000096e-01,-2.998699999999999977e-02,1.425099999999999978e-01,-9.619099999999999873e-02,-4.857199999999999851e-01,-3.536860000000000004e-01,-6.147099999999999786e-01,-4.904609999999999803e-01,-2.352200000000000124e-01,1.699670000000000070e-01,-8.562000000000000166e-02,-3.196220000000000172e-01,-4.167560000000000153e-01,-1.979140000000000066e-01,6.956430000000000113e-01,-4.021520000000000095e-01,7.856610000000000538e-01,1.415430000000000021e-01,2.713130000000000264e-01,4.664780000000000038e-01,9.577539999999999942e-01,-3.466670000000000029e-01,8.368499999999999828e-01,2.497610000000000108e-01,1.785909999999999997e-01,5.801199999999999690e-01,5.949259999999999549e-01,-4.006770000000000054e-01,-1.313479999999999925e-01,-4.809240000000000181e-01,7.888159999999999616e-01,5.547809999999999686e-01,-2.042480000000000129e-01,4.467479999999999785e-01,5.786149999999999904e-01,-6.195500000000000312e-02,-4.777219999999999800e-01,-2.321799999999999975e-01,7.338700000000000223e-01,3.693870000000000209e-01,7.203600000000000281e-02,1.684660000000000046e-01,-3.297410000000000063e-01
2.304559999999999942e-01,2.469840000000000091e-01,-1.884329999999999894e-01,4.806289999999999729e-01,9.901799999999999491e-02,8.756999999999999507e-02,3.205479999999999996e-01,1.538579999999999948e-01,4.374399999999999816e-02,1.000000000000000000e+00,1.645999999999999894e-02,1.875610000000000055e-01,3.254520000000000191e-01,2.981150000000000189e-01,1.342100000000000064e-02,2.604310000000000236e-01,5.703470000000000484e-01,3.382820000000000271e-01,-2.357000000000000067e-02,1.425430000000000030e-01,1.798839999999999884e-01,1.829040000000000110e-01,9.578200000000000602e-02,3.969150000000000178e-01,5.308000000000000496e-01,3.899270000000000236e-01,8.223099999999999854e-02,2.328449999999999964e-01,2.412610000000000032e-01,9.533999999999999420e-02,4.677259999999999751e-01,1.124620000000000064e-01,9.661899999999999655e-02,2.256670000000000065e-01,-3.139179999999999748e-01,5.038470000000000448e-01,5.531179999999999986e-01,3.374380000000000157e-01,3.029149999999999898e-01,1.585119999999999862e-01,2.700589999999999935e-01,-2.145400000000000085e-01,1.931910000000000016e-01,5.001299999999999635e-01,3.759819999999999829e-01,4.542399999999999771e-01,3.952959999999999807e-01,-1.408210000000000017e-01,2.340440000000000020e-01,7.085000000000000152e-03,3.766479999999999828e-01,4.927119999999999833e-01,2.182010000000000061e-01,4.677499999999999714e-02,5.789779999999999927e-01,3.455099999999999838e-02,4.241659999999999875e-01,3.472270000000000079e-01,2.915719999999999978e-01,1.031900000000000039e-01,2.498630000000000018e-01,5.894540000000000335e-01,3.515940000000000176e-01,2.483600000000000044e-02,5.981500000000000011e-02,1.969220000000000137e-01,2.248940000000000106e-01,2.455450000000000133e-01,2.552300000000000124e-01,3.245919999999999916e-01,4.531870000000000065e-01,9.927999999999999325e-03,1.753669999999999951e-01,2.144490000000000007e-01,5.409200000000000119e-02,3.385679999999999801e-01
-3.780080000000000107e-01,3.222789999999999822e-01,8.469740000000000046e-01,-1.515459999999999863e-01,6.719399999999999817e-01,2.829160000000000008e-01,-6.282000000000000084e-02,2.860849999999999782e-01,7.845860000000000056e-01,1.645999999999999894e-02,1.000000000000000000e+00,6.771699999999999942e-02,4.107199999999999740e-01,4.452249999999999819e-01,6.759479999999999933e-01,1.846669999999999978e-01,3.090400000000000091e-02,1.000410000000000049e-01,9.400840000000000307e-01,7.133899999999999686e-01,-7.216000000000000192e-02,7.187149999999999928e-01,3.125189999999999912e-01,-7.849299999999999333e-02,-3.880509999999999793e-01,-3.299400000000000249e-02,6.992810000000000414e-01,5.830290000000000195e-01,4.376559999999999895e-01,4.515319999999999889e-01,-2.664199999999999902e-02,-3.442810000000000037e-01,-5.275760000000000449e-01,-4.422789999999999777e-01,-9.177899999999999947e-02,1.277560000000000084e-01,1.004000000000000031e-02,-5.654470000000000329e-01,-3.568769999999999998e-01,-5.718220000000000525e-01,-4.298089999999999966e-01,-2.971969999999999890e-01,2.037100000000000022e-01,9.733999999999999597e-02,-4.213290000000000091e-01,-4.312079999999999802e-01,-3.012299999999999978e-01,8.039749999999999952e-01,-4.333290000000000197e-01,6.710190000000000321e-01,-3.820300000000000085e-02,1.306319999999999981e-01,2.909889999999999977e-01,7.883259999999999712e-01,-3.567910000000000248e-01,9.540359999999999951e-01,1.944399999999999948e-02,4.743599999999999900e-02,5.498800000000000354e-01,6.113579999999999570e-01,-3.051809999999999801e-01,-2.272770000000000068e-01,-5.047909999999999897e-01,8.960909999999999709e-01,6.632029999999999870e-01,-2.192350000000000132e-01,5.536060000000000425e-01,4.269009999999999749e-01,-2.096629999999999883e-01,-4.309330000000000105e-01,-3.944739999999999913e-01,6.629859999999999642e-01,4.624650000000000150e-01,1.518049999999999955e-01,2.575040000000000107e-01,-1.938199999999999923e-01
-2.535160000000000191e-01,1.494000000000000102e-03,2.833199999999999955e-02,2.105069999999999997e-01,7.159500000000000586e-02,1.856569999999999887e-01,-8.648100000000000231e-02,5.802260000000000195e-01,3.344119999999999870e-01,1.875610000000000055e-01,6.771699999999999942e-02,1.000000000000000000e+00,3.685399999999999787e-02,1.942830000000000112e-01,1.417490000000000139e-01,-2.658550000000000080e-01,7.171900000000000497e-02,2.462999999999999912e-03,1.035839999999999955e-01,1.791220000000000034e-01,-5.370000000000000424e-04,9.227599999999999691e-02,4.347960000000000158e-01,5.289570000000000105e-01,-3.341879999999999851e-01,2.437789999999999957e-01,2.543199999999999905e-01,3.130000000000000187e-04,-8.599400000000000099e-02,7.735000000000000209e-02,-2.312740000000000073e-01,-7.018099999999999339e-02,-1.202990000000000032e-01,2.872900000000000106e-02,-4.470000000000000232e-04,4.947100000000000108e-02,1.867250000000000021e-01,-1.908199999999999827e-02,-1.567369999999999874e-01,1.700799999999999881e-02,-5.213000000000000272e-02,-5.838100000000000234e-02,1.158369999999999955e-01,-4.192799999999999999e-02,-2.532399999999999929e-02,-2.811400000000000010e-01,-1.762140000000000095e-01,1.408069999999999877e-01,2.442100000000000173e-02,2.554960000000000009e-01,1.305560000000000054e-01,-3.072599999999999984e-02,5.408340000000000369e-01,3.206240000000000201e-01,-1.322869999999999879e-01,1.961950000000000083e-01,6.999919999999999476e-01,1.205070000000000030e-01,2.357569999999999943e-01,2.086770000000000014e-01,-4.247259999999999924e-01,2.128700000000000037e-02,-2.230209999999999970e-01,2.024970000000000103e-01,1.413959999999999939e-01,-5.890700000000000103e-02,4.353400000000000325e-02,4.352719999999999922e-01,2.785170000000000146e-01,-4.585969999999999769e-01,1.057609999999999939e-01,2.621299999999999741e-01,4.937500000000000222e-02,-1.929599999999999926e-01,4.062899999999999845e-02,-3.043529999999999847e-01
-1.377649999999999986e-01,7.557880000000000154e-01,4.633550000000000169e-01,7.028500000000000025e-02,6.915280000000000316e-01,6.162199999999999900e-01,4.869539999999999980e-01,3.654290000000000038e-01,3.946500000000000008e-01,3.254520000000000191e-01,4.107199999999999740e-01,3.685399999999999787e-02,1.000000000000000000e+00,3.236800000000000233e-01,2.554859999999999909e-01,5.602599999999999802e-01,6.013279999999999736e-01,6.222659999999999858e-01,4.107190000000000007e-01,4.826750000000000207e-01,5.163899999999999740e-02,5.840619999999999701e-01,3.077190000000000203e-01,8.830899999999999861e-02,1.938809999999999978e-01,3.434780000000000055e-01,4.875920000000000254e-01,7.341450000000000475e-01,5.447260000000000435e-01,4.280140000000000056e-01,1.566299999999999915e-01,-1.284319999999999906e-01,-2.921039999999999748e-01,-2.292470000000000063e-01,-3.352399999999999824e-01,2.010250000000000092e-01,7.593999999999999362e-02,-2.563179999999999903e-01,-1.027320000000000039e-01,-3.847360000000000224e-01,-1.546639999999999959e-01,-4.512059999999999960e-01,2.014150000000000107e-01,1.545400000000000107e-01,-2.575049999999999839e-01,-2.848200000000000037e-02,3.581570000000000031e-01,4.434750000000000081e-01,-1.489020000000000066e-01,4.866960000000000175e-01,2.449820000000000053e-01,5.553040000000000198e-01,3.082320000000000060e-01,4.294060000000000099e-01,3.025900000000000117e-02,4.615529999999999911e-01,2.687300000000000105e-02,6.247549999999999493e-01,1.832799999999999985e-01,3.248139999999999916e-01,8.354699999999999627e-02,3.640260000000000162e-01,2.448699999999999835e-02,4.559369999999999812e-01,4.243310000000000137e-01,-9.416499999999999870e-02,5.124819999999999931e-01,3.181220000000000159e-01,-7.144300000000000650e-02,-4.648599999999999954e-02,-2.211600000000000024e-02,3.936109999999999887e-01,5.856900000000000439e-01,2.887410000000000254e-01,2.401890000000000136e-01,-6.135899999999999688e-02
6.945700000000000485e-02,1.712970000000000048e-01,2.776480000000000059e-01,1.817459999999999909e-01,4.832929999999999726e-01,2.694969999999999866e-01,2.053419999999999968e-01,2.797689999999999899e-01,3.706969999999999987e-01,2.981150000000000189e-01,4.452249999999999819e-01,1.942830000000000112e-01,3.236800000000000233e-01,1.000000000000000000e+00,3.247619999999999951e-01,2.314239999999999908e-01,2.156440000000000023e-01,2.113170000000000048e-01,3.654580000000000051e-01,3.082619999999999805e-01,2.265570000000000084e-01,3.611570000000000058e-01,3.849119999999999764e-01,2.520769999999999955e-01,-4.048199999999999715e-02,1.463399999999999979e-01,3.259650000000000047e-01,3.863860000000000072e-01,2.760440000000000116e-01,3.267740000000000089e-01,2.847600000000000131e-01,-2.828900000000000164e-02,-7.135299999999999976e-02,-1.111280000000000046e-01,-1.052730000000000055e-01,4.147150000000000003e-01,2.172890000000000099e-01,-4.636500000000000343e-02,-3.945300000000000196e-02,-1.447660000000000058e-01,-8.332499999999999629e-02,-1.959059999999999968e-01,3.391009999999999858e-01,1.433719999999999994e-01,2.043599999999999930e-02,1.104829999999999979e-01,-6.109099999999999947e-02,3.272090000000000276e-01,-8.618999999999999925e-03,3.866740000000000177e-01,1.205350000000000033e-01,2.644409999999999816e-01,3.075180000000000136e-01,3.919690000000000119e-01,1.205409999999999954e-01,4.805579999999999852e-01,1.354549999999999921e-01,8.053799999999999848e-02,6.685809999999999809e-01,2.971590000000000065e-01,-3.248700000000000199e-02,1.105700000000000016e-01,3.829999999999999854e-04,4.378790000000000182e-01,2.989359999999999795e-01,4.270600000000000090e-02,3.721110000000000251e-01,4.590629999999999988e-01,1.900529999999999997e-01,-1.148060000000000053e-01,2.769999999999999893e-03,3.533310000000000062e-01,3.267999999999999794e-01,1.824169999999999958e-01,2.642889999999999961e-01,1.760180000000000078e-01
-1.726830000000000032e-01,2.538070000000000048e-01,6.224610000000000420e-01,-1.924760000000000082e-01,4.501249999999999973e-01,2.693280000000000118e-01,-9.126900000000000290e-02,2.696180000000000243e-01,5.977670000000000483e-01,1.342100000000000064e-02,6.759479999999999933e-01,1.417490000000000139e-01,2.554859999999999909e-01,3.247619999999999951e-01,1.000000000000000000e+00,1.575759999999999939e-01,2.193600000000000064e-02,9.736300000000000510e-02,6.484459999999999669e-01,8.157830000000000359e-01,3.027989999999999848e-01,7.377529999999999921e-01,3.633370000000000211e-01,1.510239999999999916e-01,-3.309540000000000259e-01,1.798879999999999924e-01,5.343550000000000244e-01,5.054210000000000091e-01,5.328359999999999763e-01,5.861669999999999936e-01,1.224019999999999969e-01,-1.695299999999999932e-02,-2.883549999999999724e-01,-2.678170000000000273e-01,1.619299999999999906e-01,1.121840000000000059e-01,-4.686599999999999794e-02,-3.285390000000000255e-01,-1.064559999999999951e-01,-4.550629999999999953e-01,-1.569149999999999989e-01,-4.435299999999999659e-02,8.653099999999999681e-02,8.429999999999999993e-02,-2.485819999999999974e-01,-2.013510000000000022e-01,-8.072500000000000508e-02,6.169179999999999664e-01,-2.155269999999999964e-01,5.730199999999999738e-01,1.589540000000000119e-01,9.390900000000000636e-02,3.274059999999999748e-01,6.398340000000000138e-01,-1.189309999999999951e-01,7.045770000000000088e-01,1.560120000000000118e-01,5.981100000000000305e-02,4.806309999999999749e-01,9.046359999999999957e-01,-1.107979999999999937e-01,-1.457019999999999982e-01,-3.184080000000000243e-01,6.060689999999999689e-01,7.714029999999999498e-01,1.428490000000000038e-01,6.854190000000000005e-01,5.177519999999999900e-01,9.159899999999999987e-02,-2.822549999999999781e-01,-9.387099999999999611e-02,5.830140000000000322e-01,4.178850000000000064e-01,3.586539999999999728e-01,3.794640000000000235e-01,6.340000000000000149e-04
3.176120000000000054e-01,6.578479999999999883e-01,2.122100000000000097e-01,1.402800000000000054e-02,4.351970000000000005e-01,4.366889999999999938e-01,3.672259999999999969e-01,-3.984900000000000247e-02,1.604099999999999970e-02,2.604310000000000236e-01,1.846669999999999978e-01,-2.658550000000000080e-01,5.602599999999999802e-01,2.314239999999999908e-01,1.575759999999999939e-01,1.000000000000000000e+00,5.917550000000000310e-01,8.277780000000000138e-01,2.326719999999999899e-01,3.125990000000000157e-01,2.103160000000000029e-01,5.147329999999999961e-01,3.363100000000000117e-02,-6.114900000000000196e-02,5.315130000000000132e-01,4.123160000000000158e-01,2.360180000000000056e-01,6.234870000000000134e-01,6.830650000000000333e-01,4.891590000000000105e-01,5.484909999999999508e-01,-5.429599999999999704e-02,-5.361599999999999699e-02,-2.191399999999999945e-02,-5.777999999999999803e-02,1.201480000000000048e-01,-6.915699999999999625e-02,-1.586349999999999982e-01,-1.364769999999999872e-01,-2.644199999999999884e-01,3.554299999999999821e-02,-1.907429999999999959e-01,-6.066699999999999871e-02,1.197050000000000058e-01,-1.101310000000000067e-01,2.200910000000000089e-01,4.055630000000000068e-01,1.627109999999999945e-01,-8.283999999999999697e-02,2.042339999999999989e-01,1.925209999999999977e-01,4.019570000000000087e-01,-1.390760000000000052e-01,6.869300000000000406e-02,2.090539999999999898e-01,1.834109999999999907e-01,-3.232349999999999945e-01,2.799090000000000189e-01,5.106999999999999734e-02,1.865890000000000049e-01,6.145800000000000152e-01,2.338050000000000128e-01,3.593450000000000255e-01,1.799139999999999906e-01,3.067480000000000206e-01,-1.829100000000000170e-02,5.262839999999999741e-01,2.367199999999999860e-02,-1.243839999999999946e-01,2.781609999999999916e-01,2.989400000000000043e-02,1.887419999999999931e-01,4.795019999999999838e-01,4.850900000000000212e-01,4.155019999999999825e-01,3.388450000000000073e-01
3.874090000000000034e-01,5.628450000000000397e-01,-6.278100000000000347e-02,3.123639999999999750e-01,2.277869999999999895e-01,2.644199999999999884e-01,4.651170000000000027e-01,9.283500000000000085e-02,-1.196000000000000014e-02,5.703470000000000484e-01,3.090400000000000091e-02,7.171900000000000497e-02,6.013279999999999736e-01,2.156440000000000023e-01,2.193600000000000064e-02,5.917550000000000310e-01,1.000000000000000000e+00,7.734820000000000029e-01,3.967799999999999799e-02,1.218540000000000040e-01,4.445600000000000246e-02,2.462310000000000054e-01,6.126700000000000201e-02,2.817020000000000080e-01,5.520410000000000039e-01,6.311160000000000103e-01,7.324600000000000555e-02,3.949909999999999810e-01,2.757649999999999824e-01,2.694509999999999961e-01,4.573010000000000130e-01,-1.116100000000000078e-02,1.934480000000000088e-01,1.334799999999999875e-01,-2.646149999999999891e-01,3.407859999999999778e-01,3.358990000000000031e-01,2.204840000000000133e-01,-1.353099999999999963e-02,1.401399999999999868e-01,1.176040000000000002e-01,-3.359820000000000029e-01,2.459040000000000115e-01,2.726069999999999882e-01,1.726769999999999972e-01,3.841310000000000002e-01,4.064209999999999767e-01,-1.105270000000000002e-01,4.444900000000000240e-02,4.570300000000000057e-02,2.340039999999999898e-01,4.491229999999999944e-01,6.134599999999999775e-02,-3.576300000000000312e-02,3.720300000000000273e-01,4.678000000000000214e-02,6.849099999999999633e-02,4.283399999999999985e-01,1.128510000000000069e-01,7.096700000000000230e-02,3.840859999999999830e-01,7.327569999999999917e-01,4.826130000000000142e-01,5.429400000000000198e-02,8.160299999999999498e-02,-4.937400000000000122e-02,2.574699999999999767e-01,8.881500000000000505e-02,1.353890000000000093e-01,2.176510000000000111e-01,3.447529999999999761e-01,5.003699999999999815e-02,3.774000000000000132e-01,2.228960000000000108e-01,2.514589999999999881e-01,3.326419999999999932e-01
2.185979999999999868e-01,7.287190000000000056e-01,8.183100000000000096e-02,8.145900000000000363e-02,4.320229999999999904e-01,5.760560000000000125e-01,5.027340000000000142e-01,9.968799999999999883e-02,5.236799999999999788e-02,3.382820000000000271e-01,1.000410000000000049e-01,2.462999999999999912e-03,6.222659999999999858e-01,2.113170000000000048e-01,9.736300000000000510e-02,8.277780000000000138e-01,7.734820000000000029e-01,1.000000000000000000e+00,1.412640000000000007e-01,2.753109999999999724e-01,1.337419999999999998e-01,4.208000000000000074e-01,3.813199999999999923e-02,8.663600000000000467e-02,5.164889999999999759e-01,5.247479999999999922e-01,3.208610000000000073e-01,4.944970000000000199e-01,5.629159999999999719e-01,4.548690000000000233e-01,3.668120000000000269e-01,4.130099999999999744e-02,2.357100000000000167e-02,1.716700000000000170e-02,-1.320799999999999925e-02,1.459169999999999912e-01,-1.490900000000000038e-02,-5.145500000000000074e-02,-5.863100000000000256e-02,-1.593600000000000017e-01,6.944599999999999385e-02,-2.001469999999999916e-01,-4.393699999999999689e-02,4.662399999999999878e-02,-5.936400000000000010e-02,1.326789999999999914e-01,3.778580000000000272e-01,1.979300000000000156e-02,-4.393699999999999689e-02,1.835219999999999907e-01,1.854280000000000095e-01,4.777839999999999865e-01,-5.135499999999999787e-02,9.936399999999999400e-02,1.621980000000000088e-01,1.124119999999999980e-01,-1.901259999999999895e-01,2.860280000000000045e-01,-1.265299999999999932e-02,1.389120000000000077e-01,3.965190000000000103e-01,3.707909999999999817e-01,3.536560000000000259e-01,8.961600000000000121e-02,2.702419999999999822e-01,-1.448730000000000018e-01,4.196960000000000135e-01,-1.958800000000000124e-02,-5.289300000000000251e-02,1.528299999999999936e-01,4.778299999999999909e-02,2.706350000000000144e-01,3.965110000000000023e-01,3.959039999999999782e-01,4.000770000000000159e-01,1.843100000000000016e-01
-3.700749999999999873e-01,3.690760000000000152e-01,8.517329999999999623e-01,-2.173760000000000137e-01,6.509080000000000421e-01,3.150649999999999840e-01,-1.202519999999999978e-01,3.015950000000000020e-01,7.501700000000000035e-01,-2.357000000000000067e-02,9.400840000000000307e-01,1.035839999999999955e-01,4.107190000000000007e-01,3.654580000000000051e-01,6.484459999999999669e-01,2.326719999999999899e-01,3.967799999999999799e-02,1.412640000000000007e-01,1.000000000000000000e+00,7.012859999999999649e-01,-3.325100000000000278e-02,6.939260000000000428e-01,3.078600000000000225e-01,-5.482499999999999873e-02,-3.787730000000000263e-01,-2.687200000000000005e-02,6.575750000000000206e-01,6.179480000000000528e-01,4.910390000000000033e-01,5.025119999999999587e-01,-4.116199999999999720e-02,-3.390639999999999765e-01,-5.998930000000000096e-01,-4.431220000000000159e-01,-6.682299999999999351e-02,3.437400000000000178e-02,-6.023799999999999988e-02,-5.959470000000000045e-01,-3.963079999999999936e-01,-5.722329999999999917e-01,-4.518490000000000006e-01,-2.595899999999999874e-01,1.370939999999999936e-01,3.286499999999999838e-02,-4.122859999999999858e-01,-4.398590000000000000e-01,-2.576339999999999741e-01,8.204289999999999639e-01,-5.296859999999999902e-01,6.891500000000000403e-01,3.572499999999999981e-02,1.251950000000000007e-01,2.867520000000000069e-01,7.655119999999999703e-01,-3.793929999999999803e-01,9.009960000000000191e-01,4.658799999999999747e-02,1.615209999999999979e-01,4.450410000000000199e-01,6.088259999999999783e-01,-2.644290000000000251e-01,-2.402519999999999933e-01,-4.898730000000000029e-01,9.167279999999999873e-01,6.472930000000000073e-01,-1.732279999999999931e-01,5.164659999999999807e-01,4.232440000000000091e-01,-1.626940000000000053e-01,-4.535839999999999872e-01,-3.728560000000000207e-01,6.042210000000000081e-01,5.462810000000000166e-01,1.730949999999999989e-01,3.495559999999999778e-01,-2.091320000000000123e-01
-2.654520000000000213e-01,5.012950000000000461e-01,6.825240000000000196e-01,-2.223479999999999901e-01,5.675949999999999607e-01,5.451179999999999914e-01,-1.557599999999999957e-02,4.623619999999999952e-01,6.616579999999999684e-01,1.425430000000000030e-01,7.133899999999999686e-01,1.791220000000000034e-01,4.826750000000000207e-01,3.082619999999999805e-01,8.157830000000000359e-01,3.125990000000000157e-01,1.218540000000000040e-01,2.753109999999999724e-01,7.012859999999999649e-01,1.000000000000000000e+00,3.173340000000000050e-01,9.016739999999999755e-01,4.955240000000000200e-01,1.960379999999999900e-01,-2.574569999999999914e-01,2.433170000000000055e-01,7.732400000000000384e-01,7.143530000000000157e-01,7.499019999999999575e-01,7.199560000000000404e-01,9.705700000000000438e-02,-1.152529999999999943e-01,-4.295720000000000094e-01,-2.566629999999999745e-01,2.047440000000000093e-01,7.718999999999999473e-02,-1.130909999999999971e-01,-5.012189999999999701e-01,-1.655919999999999892e-01,-5.671460000000000390e-01,-1.252399999999999902e-01,-6.915200000000000513e-02,-6.156899999999999873e-02,7.688599999999999601e-02,-3.355529999999999902e-01,-2.806409999999999738e-01,6.816899999999999349e-02,6.742129999999999512e-01,-3.620039999999999925e-01,6.207240000000000535e-01,3.144580000000000153e-01,2.763240000000000141e-01,4.632930000000000104e-01,7.136249999999999538e-01,-1.304710000000000036e-01,7.282129999999999992e-01,1.983040000000000080e-01,2.919930000000000025e-01,4.579230000000000245e-01,8.128790000000000182e-01,-1.231669999999999987e-01,-1.024830000000000046e-01,-3.442490000000000272e-01,6.477640000000000065e-01,9.485510000000000330e-01,1.232509999999999994e-01,8.476470000000000393e-01,5.726470000000000171e-01,2.093400000000000122e-02,-2.956730000000000191e-01,-1.316370000000000040e-01,7.494450000000000278e-01,5.816660000000000164e-01,4.741659999999999764e-01,4.760269999999999779e-01,-6.224199999999999872e-02
