1.000000000000000000e+00,7.525999999999999357e-02,-1.947800000000000087e-01,-7.979999999999999897e-04,-3.567359999999999975e-01,-1.556740000000000068e-01,-2.651890000000000081e-01,-9.053600000000000536e-02,-1.963560000000000028e-01,-1.600660000000000138e-01,-2.079809999999999992e-01,-3.159480000000000066e-01,-1.450430000000000053e-01,-9.513099999999999334e-02,-7.042700000000000349e-02,4.862429999999999808e-01,3.512609999999999899e-01,3.973709999999999742e-01,-8.771600000000000230e-02,-1.314899999999999923e-02,4.370330000000000048e-01,5.283800000000000302e-02,4.219999999999999793e-03,1.411499999999999977e-01,3.634700000000000153e-01,3.794589999999999907e-01,-2.170120000000000104e-01,5.619199999999999889e-02,1.265699999999999881e-01,1.541269999999999862e-01,5.023750000000000160e-01,1.707380000000000009e-01,3.228380000000000138e-01,2.201180000000000081e-01,2.997940000000000049e-01,-9.124400000000000566e-02,1.461540000000000061e-01,-2.585660000000000180e-01,2.026810000000000000e-01,2.360919999999999963e-01,1.867860000000000076e-01,1.834020000000000095e-01,-3.994199999999999834e-02,7.423200000000000631e-02,-2.931900000000000062e-01,6.945639999999999592e-01,1.200640000000000041e-01,-2.139669999999999905e-01,-7.982000000000000206e-02,-3.962209999999999899e-01,-1.402160000000000073e-01,-2.179919999999999913e-01,-1.076399999999999926e-02,-2.663490000000000024e-01,-1.498800000000000132e-01,-2.020409999999999984e-01,-1.917870000000000130e-01,-1.522260000000000002e-01,-1.020400000000000057e-01,-1.218599999999999961e-01,5.762869999999999937e-01,3.075120000000000076e-01,5.476389999999999869e-01,-1.152780000000000055e-01,2.254799999999999860e-02,3.988789999999999836e-01,1.433030000000000137e-01,1.020599999999999979e-02,1.030530000000000057e-01,1.721290000000000042e-01,3.376390000000000224e-01,-1.608229999999999937e-01,7.035700000000000287e-02,3.571079999999999810e-01,2.904579999999999940e-01,6.124659999999999549e-01
7.525999999999999357e-02,1.000000000000000000e+00,8.567999999999999228e-03,1.268849999999999978e-01,-5.112400000000000277e-02,4.969970000000000221e-01,3.984000000000000041e-02,4.429089999999999971e-01,-4.597500000000000198e-02,3.148520000000000207e-01,-4.961200000000000332e-02,2.152689999999999881e-01,3.168210000000000193e-01,7.024500000000000188e-02,-1.735970000000000013e-01,1.427400000000000023e-02,3.983119999999999994e-01,2.101639999999999897e-01,-3.798699999999999993e-02,-2.935699999999999976e-01,2.540669999999999873e-01,-2.014769999999999894e-01,4.302259999999999973e-01,2.725839999999999930e-01,4.749849999999999905e-01,5.147359999999999713e-01,-1.654509999999999870e-01,1.763689999999999980e-01,-5.674900000000000083e-02,-8.902799999999999603e-02,-1.353219999999999978e-01,1.434149999999999869e-01,4.632899999999999796e-01,1.015199999999999957e-02,-1.614400000000000002e-01,2.483549999999999924e-01,1.461199999999999999e-02,1.201939999999999953e-01,7.532500000000000306e-02,5.314330000000000442e-01,-1.750499999999999973e-02,-9.256799999999999751e-02,1.336859999999999993e-01,-8.083200000000000107e-02,6.296000000000000207e-02,1.429650000000000087e-01,5.634040000000000159e-01,-1.147000000000000016e-03,5.597699999999999898e-02,-6.464000000000000128e-03,5.805580000000000185e-01,1.326710000000000111e-01,3.454820000000000113e-01,-4.542899999999999716e-02,1.884830000000000116e-01,-3.638500000000000068e-02,2.421290000000000109e-01,3.665289999999999937e-01,5.979999999999999899e-02,-2.415769999999999862e-01,-7.593099999999999850e-02,1.958090000000000108e-01,-9.882599999999999718e-02,-6.866300000000000181e-02,-1.770670000000000022e-01,2.695640000000000258e-01,-2.490330000000000044e-01,2.556030000000000246e-01,2.606160000000000143e-01,1.875169999999999892e-01,3.790270000000000028e-01,-1.413510000000000044e-01,2.973910000000000164e-01,-1.220959999999999962e-01,1.174980000000000052e-01,-1.951410000000000089e-01
-1.947800000000000087e-01,8.567999999999999228e-03,1.000000000000000000e+00,-1.875819999999999987e-01,2.739340000000000108e-01,3.329039999999999777e-01,5.932999999999999906e-03,1.289679999999999993e-01,5.347169999999999979e-01,-2.234939999999999982e-01,7.741970000000000240e-01,-2.912000000000000092e-03,2.309009999999999951e-01,3.440300000000000025e-01,2.736879999999999868e-01,-6.999900000000000566e-02,-1.834799999999999973e-02,-1.749110000000000109e-01,8.556859999999999467e-01,1.608580000000000010e-01,-2.408079999999999943e-01,7.009600000000000553e-02,1.978930000000000133e-01,-1.262850000000000084e-01,-1.700589999999999880e-01,-1.196089999999999931e-01,4.496049999999999769e-01,6.821800000000000086e-02,5.501000000000000334e-02,4.062299999999999939e-02,-9.402499999999999747e-02,3.613460000000000005e-01,-1.361420000000000130e-01,-1.895950000000000135e-01,-1.930389999999999884e-01,1.780500000000000138e-02,1.719199999999999895e-02,-1.892149999999999943e-01,2.738140000000000018e-01,-2.766669999999999963e-01,-2.917390000000000261e-01,-2.156160000000000021e-01,1.672240000000000115e-01,1.193270000000000025e-01,-1.901829999999999909e-01,-2.001360000000000083e-01,1.296740000000000115e-01,9.548560000000000381e-01,-1.268749999999999878e-01,3.334940000000000127e-01,2.098160000000000025e-01,6.689699999999999813e-02,2.618940000000000157e-01,3.963010000000000144e-01,-2.689710000000000156e-01,8.047670000000000101e-01,-1.683820000000000039e-01,1.744549999999999990e-01,4.727290000000000103e-01,2.506309999999999927e-01,-1.547389999999999877e-01,-2.820360000000000089e-01,-2.142580000000000040e-01,8.674819999999999753e-01,1.234979999999999967e-01,-2.053129999999999955e-01,2.206589999999999940e-01,3.711389999999999967e-01,-2.001880000000000048e-01,-4.601299999999999835e-02,-1.859190000000000009e-01,2.989200000000000190e-01,-4.666100000000000109e-02,-4.565000000000000308e-02,-9.826300000000000312e-02,-1.916509999999999880e-01
-7.979999999999999897e-04,1.268849999999999978e-01,-1.875819999999999987e-01,1.000000000000000000e+00,3.882079999999999975e-01,-9.660999999999999449e-03,5.496370000000000422e-01,7.131200000000000039e-02,-2.630319999999999880e-01,6.339129999999999487e-01,-2.836170000000000080e-01,5.050449999999999662e-01,7.174099999999999921e-02,4.220000000000000140e-02,-3.063009999999999899e-01,-1.247530000000000028e-01,-4.461999999999999821e-03,3.350000000000000113e-03,-1.455349999999999977e-01,3.394599999999999701e-02,1.655530000000000057e-01,-7.253900000000000625e-02,-1.180309999999999970e-01,2.012680000000000025e-01,-1.604939999999999978e-01,-2.276890000000000025e-01,-1.860870000000000024e-01,4.986389999999999989e-01,1.763379999999999947e-01,2.759499999999999731e-01,3.660010000000000208e-01,-2.016840000000000022e-01,2.456389999999999962e-01,1.509860000000000091e-01,3.087980000000000169e-01,7.296859999999999458e-01,1.875100000000000031e-02,2.819439999999999724e-01,-1.200780000000000042e-01,1.357820000000000138e-01,5.136700000000000293e-02,2.643690000000000206e-01,4.373980000000000090e-01,3.480199999999999960e-02,3.535170000000000257e-01,-1.316269999999999940e-01,-2.777530000000000276e-01,-2.414300000000000057e-01,6.967640000000000500e-01,3.485699999999999910e-01,-1.109959999999999974e-01,4.636330000000000173e-01,-3.210999999999999879e-03,-1.948950000000000127e-01,5.271749999999999492e-01,-2.971320000000000072e-01,3.821120000000000072e-01,-2.062100000000000044e-02,2.107469999999999899e-01,-4.101719999999999811e-01,8.380999999999999561e-03,2.410599999999999896e-02,-9.220699999999999730e-02,-1.791329999999999867e-01,2.835599999999999926e-02,6.244999999999999683e-03,-1.601430000000000076e-01,-2.321239999999999970e-01,2.206480000000000108e-01,-1.669980000000000075e-01,-2.293650000000000133e-01,-1.609119999999999995e-01,3.426600000000000201e-01,-1.423230000000000051e-01,2.312760000000000093e-01,1.722490000000000132e-01
-3.567359999999999975e-01,-5.112400000000000277e-02,2.739340000000000108e-01,3.882079999999999975e-01,1.000000000000000000e+00,9.753900000000000070e-02,7.089600000000000346e-01,-1.316360000000000030e-01,5.031510000000000149e-01,4.052830000000000044e-01,3.454300000000000148e-01,3.211300000000000265e-01,1.643129999999999868e-01,-2.033000000000000085e-03,3.120169999999999888e-01,-5.149660000000000348e-01,-2.538869999999999738e-01,-2.977230000000000154e-01,2.594500000000000139e-01,2.348439999999999972e-01,1.033799999999999997e-02,-2.231100000000000097e-02,-2.799559999999999826e-01,-1.415820000000000134e-01,-2.258600000000000052e-01,-4.328089999999999993e-01,4.680900000000000061e-01,2.724900000000000100e-01,3.246260000000000256e-01,-1.160899999999999953e-02,-2.676899999999999835e-01,-1.454100000000000115e-01,-3.650099999999999872e-02,-3.671849999999999836e-01,-2.491960000000000008e-01,4.546760000000000246e-01,-3.356759999999999744e-01,3.987149999999999861e-01,-4.278200000000000058e-02,-1.989160000000000095e-01,-5.239270000000000316e-01,-2.785349999999999770e-01,2.065400000000000014e-01,-1.250130000000000130e-01,4.093870000000000009e-01,-6.179090000000000416e-01,-3.639809999999999990e-01,2.791480000000000072e-01,3.406480000000000063e-01,9.181160000000000432e-01,-6.194100000000000300e-02,5.882929999999999549e-01,-1.549599999999999866e-01,4.867170000000000107e-01,2.564060000000000228e-01,2.323310000000000097e-01,1.506190000000000029e-01,1.970369999999999899e-01,2.705099999999999727e-01,6.992700000000000304e-02,-2.561229999999999896e-01,-3.856749999999999901e-01,-3.388499999999999845e-01,1.990419999999999967e-01,3.773500000000000187e-01,-1.916170000000000095e-01,3.093999999999999962e-03,-1.489020000000000066e-01,-2.069799999999999973e-01,-2.321789999999999965e-01,-4.661009999999999875e-01,4.930809999999999915e-01,1.664380000000000026e-01,-1.964239999999999875e-01,-2.528409999999999824e-01,-4.166920000000000068e-01
-1.556740000000000068e-01,4.969970000000000221e-01,3.329039999999999777e-01,-9.660999999999999449e-03,9.753900000000000070e-02,1.000000000000000000e+00,1.660409999999999942e-01,7.328620000000000134e-01,5.779600000000000015e-02,-2.694399999999999920e-02,1.655760000000000010e-01,3.442609999999999837e-01,4.930140000000000078e-01,5.325889999999999791e-01,2.035909999999999942e-01,5.589399999999999924e-02,2.627590000000000203e-01,8.845600000000000684e-02,2.734889999999999821e-01,-5.192499999999999893e-02,-3.831899999999999890e-02,-5.240800000000000319e-02,6.954409999999999759e-01,4.095599999999999796e-01,-1.043349999999999972e-01,1.878390000000000060e-01,-4.961200000000000332e-02,3.369119999999999893e-01,2.855909999999999838e-01,1.158919999999999950e-01,-8.436399999999999455e-02,3.218639999999999834e-01,8.998299999999999355e-02,1.342100000000000064e-02,-1.575020000000000031e-01,2.599339999999999984e-01,1.157780000000000059e-01,4.092699999999999810e-02,2.056089999999999862e-01,-2.902300000000000019e-02,-7.318399999999999905e-02,-4.282899999999999902e-02,2.372239999999999904e-01,2.183559999999999945e-01,-5.057600000000000290e-02,-2.481520000000000115e-01,3.418459999999999832e-01,2.590379999999999905e-01,1.238250000000000045e-01,6.383199999999999985e-02,6.455729999999999524e-01,-7.127600000000000602e-02,6.072370000000000267e-01,-5.749100000000000044e-02,-2.525180000000000202e-01,3.316479999999999984e-01,2.531439999999999801e-01,1.958419999999999883e-01,5.584879999999999844e-01,-3.042599999999999749e-01,-3.049870000000000081e-01,4.892400000000000221e-02,-1.892520000000000036e-01,2.841060000000000252e-01,-1.357829999999999870e-01,-2.969950000000000090e-01,-1.069050000000000000e-01,4.122739999999999738e-01,9.115900000000000392e-02,-2.867520000000000069e-01,-1.445539999999999881e-01,-1.436260000000000037e-01,-7.740999999999999617e-03,-3.067159999999999886e-01,-8.592400000000000038e-02,-1.700039999999999885e-01
-2.651890000000000081e-01,3.984000000000000041e-02,5.932999999999999906e-03,5.496370000000000422e-01,7.089600000000000346e-01,1.660409999999999942e-01,1.000000000000000000e+00,7.806999999999999704e-03,1.344049999999999967e-01,6.008010000000000295e-01,3.128800000000000331e-02,5.820929999999999715e-01,4.319720000000000226e-01,3.301300000000000068e-02,5.284599999999999714e-02,-3.439699999999999980e-01,-2.461929999999999952e-01,-1.390849999999999864e-01,5.176399999999999751e-02,2.617329999999999934e-01,4.785600000000000270e-02,-1.636000000000000084e-03,-1.954059999999999964e-01,5.191699999999999787e-02,-3.012389999999999790e-01,-4.532059999999999977e-01,2.799369999999999914e-01,5.702049999999999619e-01,4.654960000000000209e-01,2.189099999999999935e-01,2.428200000000000150e-02,-3.383740000000000081e-01,3.494200000000000084e-02,-2.117229999999999945e-01,5.009000000000000431e-03,5.083720000000000461e-01,-3.243170000000000219e-01,5.386699999999999822e-01,-2.285669999999999924e-01,-1.945459999999999967e-01,-3.429769999999999763e-01,-2.884199999999999958e-02,1.902449999999999974e-01,-1.503039999999999932e-01,5.656449999999999534e-01,-6.024920000000000275e-01,-4.836929999999999841e-01,-9.053999999999999548e-03,4.841010000000000035e-01,6.038109999999999866e-01,-1.053199999999999970e-01,6.134279999999999733e-01,-8.198900000000000632e-02,1.786649999999999905e-01,4.591310000000000113e-01,-6.923400000000000387e-02,4.009860000000000091e-01,9.745800000000000296e-02,1.998709999999999931e-01,-2.040820000000000134e-01,-2.917560000000000153e-01,-2.862819999999999809e-01,-3.473200000000000176e-01,-4.180600000000000288e-02,3.349019999999999775e-01,-2.243439999999999879e-01,-6.721299999999999497e-02,-2.657010000000000205e-01,8.425000000000000197e-03,-3.616289999999999782e-01,-5.715820000000000345e-01,3.254750000000000143e-01,2.619190000000000129e-01,-2.392759999999999887e-01,-8.347100000000000353e-02,-2.160660000000000081e-01
-9.053600000000000536e-02,4.429089999999999971e-01,1.289679999999999993e-01,7.131200000000000039e-02,-1.316360000000000030e-01,7.328620000000000134e-01,7.806999999999999704e-03,1.000000000000000000e+00,-2.882379999999999942e-01,4.896099999999999758e-02,-1.192560000000000009e-01,3.904880000000000018e-01,2.469300000000000106e-01,6.320639999999999592e-01,-1.491069999999999895e-01,6.767199999999999604e-02,3.771280000000000188e-01,1.441689999999999916e-01,5.355300000000000338e-02,-2.568699999999999872e-01,-1.149000000000000021e-02,-2.060079999999999967e-01,8.616009999999999502e-01,7.151779999999999804e-01,-1.557139999999999913e-01,2.942330000000000223e-01,-3.525479999999999725e-01,1.795579999999999954e-01,-9.524900000000000033e-02,1.500710000000000099e-01,-6.274599999999999622e-02,3.298240000000000061e-01,1.100769999999999943e-01,2.240779999999999994e-01,2.274400000000000033e-02,2.559080000000000243e-01,1.943739999999999912e-01,-8.564000000000000432e-03,2.116319999999999868e-01,1.907850000000000101e-01,1.118500000000000050e-01,1.394179999999999864e-01,2.927000000000000157e-01,1.930280000000000051e-01,8.713999999999999524e-03,2.804800000000000001e-02,3.188480000000000203e-01,1.168700000000000017e-01,1.534619999999999873e-01,-1.266089999999999993e-01,5.634940000000000504e-01,-1.960749999999999993e-01,8.670999999999999819e-01,-3.748139999999999805e-01,-1.180480000000000002e-01,1.613930000000000087e-01,3.223619999999999819e-01,-1.032899999999999964e-02,4.624780000000000002e-01,-4.420419999999999905e-01,-3.075749999999999873e-01,2.265590000000000104e-01,-1.308370000000000088e-01,1.494580000000000075e-01,-3.849629999999999996e-01,-1.323930000000000107e-01,-3.383990000000000054e-01,4.458659999999999846e-01,4.263739999999999752e-01,-2.815790000000000237e-01,4.225199999999999789e-02,-4.344640000000000168e-01,-1.594329999999999914e-01,-5.005619999999999514e-01,2.784400000000000069e-02,-8.857099999999999695e-02
-1.963560000000000028e-01,-4.597500000000000198e-02,5.347169999999999979e-01,-2.630319999999999880e-01,5.031510000000000149e-01,5.779600000000000015e-02,1.344049999999999967e-01,-2.882379999999999942e-01,1.000000000000000000e+00,-9.690400000000000402e-02,7.404070000000000373e-01,-1.361739999999999895e-01,2.752720000000000167e-01,-9.061500000000000110e-02,4.673030000000000239e-01,-2.714380000000000126e-01,-1.215180000000000010e-01,-3.023649999999999949e-01,4.793239999999999723e-01,1.761469999999999980e-01,-1.621340000000000003e-01,-2.286300000000000138e-02,-1.873499999999999888e-01,-3.680610000000000270e-01,-8.086200000000000332e-02,-2.623059999999999836e-01,5.564630000000000409e-01,-5.702299999999999730e-02,2.394299999999999901e-02,-1.762199999999999878e-01,-4.139579999999999926e-01,1.981600000000000028e-01,-3.345629999999999993e-01,-4.776320000000000010e-01,-4.080529999999999990e-01,-6.863600000000000256e-02,-7.622800000000000409e-02,1.264200000000000046e-01,1.608809999999999962e-01,-3.734049999999999869e-01,-4.442559999999999842e-01,-3.961899999999999866e-01,1.209900000000000038e-02,6.981400000000000106e-02,5.487600000000000117e-02,-3.060490000000000155e-01,-2.483099999999999891e-02,5.644780000000000353e-01,-1.764249999999999985e-01,5.774890000000000301e-01,6.304999999999999841e-03,3.655649999999999733e-01,-2.650719999999999743e-01,8.860379999999999923e-01,-8.058899999999999397e-02,6.147340000000000027e-01,-1.571940000000000004e-01,4.560500000000000109e-01,3.622199999999999726e-02,5.223299999999999610e-01,-1.040240000000000054e-01,-4.030500000000000194e-01,-3.064779999999999727e-01,4.880479999999999818e-01,3.613419999999999965e-01,-1.086479999999999946e-01,2.413700000000000012e-01,9.988600000000000256e-02,-2.762689999999999868e-01,-4.022599999999999787e-02,-2.430120000000000058e-01,5.821229999999999460e-01,1.669849999999999945e-01,9.882900000000000018e-02,-1.941940000000000055e-01,-3.955110000000000015e-01
-1.600660000000000138e-01,3.148520000000000207e-01,-2.234939999999999982e-01,6.339129999999999487e-01,4.052830000000000044e-01,-2.694399999999999920e-02,6.008010000000000295e-01,4.896099999999999758e-02,-9.690400000000000402e-02,1.000000000000000000e+00,-3.124199999999999755e-01,5.186570000000000347e-01,1.142100000000000060e-01,-1.102009999999999934e-01,-3.268499999999999739e-01,-2.766629999999999923e-01,1.429100000000000092e-01,4.663300000000000084e-02,-2.346070000000000100e-01,-2.176220000000000099e-01,1.868889999999999996e-01,-4.109249999999999847e-01,-1.417160000000000086e-01,2.512360000000000149e-01,4.933099999999999985e-02,-2.681609999999999827e-01,-1.907929999999999904e-01,2.692459999999999853e-01,6.081999999999999733e-03,1.196720000000000006e-01,-6.165999999999999953e-02,-3.101160000000000028e-01,6.312600000000000156e-02,-9.434800000000000131e-02,4.253300000000000136e-02,6.364959999999999507e-01,-2.837299999999999892e-02,6.807220000000000493e-01,-2.247999999999999998e-01,1.259399999999999964e-01,-9.430800000000000294e-02,1.259800000000000086e-01,4.137790000000000079e-01,-5.318999999999999943e-03,6.588359999999999772e-01,-1.556250000000000133e-01,-1.374229999999999896e-01,-2.157139999999999891e-01,5.627429999999999932e-01,4.237330000000000263e-01,5.059899999999999815e-02,5.465029999999999610e-01,-5.101399999999999685e-02,4.214400000000000091e-02,8.204230000000000134e-01,-3.533629999999999827e-01,5.207239999999999647e-01,2.579699999999999771e-01,-5.280200000000000171e-02,-3.233219999999999983e-01,-1.145199999999999968e-01,3.768900000000000028e-02,-2.004589999999999983e-01,-2.545399999999999885e-01,-6.184599999999999820e-02,1.160670000000000035e-01,-4.207540000000000169e-01,-1.852260000000000018e-01,4.279569999999999763e-01,8.028000000000000413e-03,-1.588839999999999975e-01,-3.377499999999999947e-02,3.374670000000000170e-01,-1.442100000000000048e-01,1.521869999999999890e-01,-1.801750000000000018e-01
-2.079809999999999992e-01,-4.961200000000000332e-02,7.741970000000000240e-01,-2.836170000000000080e-01,3.454300000000000148e-01,1.655760000000000010e-01,3.128800000000000331e-02,-1.192560000000000009e-01,7.404070000000000373e-01,-3.124199999999999755e-01,1.000000000000000000e+00,-8.219000000000000611e-03,3.233579999999999788e-01,2.039749999999999897e-01,4.126480000000000148e-01,-1.209940000000000043e-01,-1.450220000000000120e-01,-2.571869999999999989e-01,8.059439999999999937e-01,2.754349999999999854e-01,-2.739539999999999753e-01,2.659549999999999970e-01,-5.868199999999999805e-02,-2.839550000000000129e-01,-9.977500000000000258e-02,-1.005159999999999942e-01,6.398829999999999796e-01,5.378600000000000048e-02,2.271199999999999955e-02,-1.371769999999999934e-01,-2.027059999999999973e-01,1.556059999999999943e-01,-2.565350000000000130e-01,-3.231470000000000176e-01,-3.606099999999999861e-01,-1.540199999999999902e-01,-5.305100000000000093e-02,-8.897299999999999653e-02,5.754700000000000093e-02,-3.428300000000000236e-01,-3.080249999999999932e-01,-3.603609999999999869e-01,-4.475500000000000311e-02,2.508300000000000113e-02,-8.688999999999999502e-02,-3.322769999999999890e-01,3.977300000000000280e-02,7.859040000000000470e-01,-2.441270000000000107e-01,4.223290000000000100e-01,9.402199999999999447e-02,2.051570000000000060e-01,-3.790199999999999819e-02,6.427810000000000468e-01,-2.317849999999999910e-01,8.540839999999999543e-01,-9.948200000000000098e-02,2.841279999999999917e-01,2.732729999999999881e-01,5.283889999999999976e-01,-6.761200000000000543e-02,-4.713200000000000167e-01,-2.822709999999999941e-01,7.514420000000000543e-01,3.622779999999999889e-01,-1.867580000000000073e-01,4.296269999999999811e-01,1.697089999999999987e-01,-2.453730000000000078e-01,1.634999999999999952e-03,-1.859200000000000019e-01,4.982260000000000022e-01,1.312389999999999946e-01,3.946899999999999714e-02,-1.924770000000000092e-01,-2.933029999999999804e-01
-3.159480000000000066e-01,2.152689999999999881e-01,-2.912000000000000092e-03,5.050449999999999662e-01,3.211300000000000265e-01,3.442609999999999837e-01,5.820929999999999715e-01,3.904880000000000018e-01,-1.361739999999999895e-01,5.186570000000000347e-01,-8.219000000000000611e-03,1.000000000000000000e+00,6.124760000000000204e-01,3.696490000000000054e-01,-1.587310000000000110e-01,-2.590770000000000017e-01,-2.914500000000000077e-02,-1.018970000000000015e-01,3.332500000000000046e-02,1.426350000000000118e-01,-1.724499999999999991e-02,3.939999999999999752e-02,1.789060000000000095e-01,5.657680000000000486e-01,-3.232610000000000205e-01,-4.983900000000000136e-02,-5.490500000000000241e-02,6.074100000000000055e-01,1.413969999999999949e-01,2.905710000000000237e-01,7.441499999999999504e-02,-1.782640000000000058e-01,4.903300000000000020e-02,-4.139299999999999924e-02,5.838000000000000134e-02,5.097509999999999541e-01,-5.351899999999999713e-02,5.210439999999999516e-01,-2.210779999999999967e-01,-2.536700000000000066e-02,-9.917000000000000468e-03,2.171420000000000017e-01,1.989319999999999977e-01,-4.098299999999999860e-02,6.324980000000000047e-01,-4.732370000000000188e-01,-2.338389999999999913e-01,-2.936100000000000168e-02,3.943599999999999883e-01,3.099140000000000228e-01,1.906779999999999864e-01,3.946950000000000180e-01,2.588619999999999810e-01,-1.940700000000000064e-02,5.190350000000000241e-01,-7.229599999999999915e-02,7.851869999999999683e-01,1.926289999999999947e-01,2.152540000000000009e-01,-2.537539999999999796e-01,-3.367740000000000178e-01,-8.830399999999999361e-02,-4.211949999999999861e-01,-8.080000000000000376e-03,1.149519999999999986e-01,-1.742479999999999862e-01,-9.619999999999999385e-02,-1.346420000000000117e-01,5.247030000000000305e-01,-2.843109999999999804e-01,-2.366389999999999882e-01,-5.550200000000000272e-02,3.692779999999999951e-01,-4.468349999999999822e-01,1.404829999999999968e-01,-2.487880000000000091e-01
-1.450430000000000053e-01,3.168210000000000193e-01,2.309009999999999951e-01,7.174099999999999921e-02,1.643129999999999868e-01,4.930140000000000078e-01,4.319720000000000226e-01,2.469300000000000106e-01,2.752720000000000167e-01,1.142100000000000060e-01,3.233579999999999788e-01,6.124760000000000204e-01,1.000000000000000000e+00,3.307129999999999792e-01,9.239600000000000590e-02,3.185099999999999737e-02,1.177190000000000042e-01,6.625799999999999745e-02,2.239130000000000009e-01,2.451309999999999878e-01,-4.804800000000000043e-02,1.462590000000000001e-01,2.280800000000000050e-01,2.865039999999999809e-01,-1.804290000000000060e-01,2.329399999999999873e-02,1.909500000000000086e-01,6.692660000000000275e-01,2.626970000000000138e-01,2.201569999999999916e-01,6.513199999999999545e-02,1.574599999999999958e-02,8.718999999999999320e-03,-9.374499999999999500e-02,-6.917900000000000438e-02,2.143579999999999930e-01,-9.218999999999999764e-03,2.755319999999999991e-01,-9.366499999999999826e-02,-1.391769999999999952e-01,-3.477800000000000336e-02,7.651499999999999968e-02,4.824699999999999822e-02,2.075300000000000061e-02,3.593750000000000000e-01,-3.931330000000000102e-01,-5.456600000000000339e-02,1.870489999999999930e-01,1.102209999999999995e-01,2.079679999999999862e-01,2.678139999999999965e-01,3.302559999999999940e-01,1.404340000000000033e-01,2.750119999999999787e-01,1.713939999999999908e-01,2.424769999999999981e-01,4.127709999999999990e-01,4.048419999999999797e-01,1.396590000000000054e-01,3.128199999999999731e-02,-2.204329999999999901e-01,-4.886999999999999678e-02,-3.151300000000000212e-01,1.855880000000000030e-01,2.362350000000000005e-01,-1.789560000000000040e-01,1.170110000000000039e-01,1.274600000000000039e-02,2.272780000000000078e-01,-3.036349999999999882e-01,-1.902590000000000114e-01,1.758309999999999873e-01,4.115090000000000137e-01,-2.444260000000000044e-01,9.730999999999999373e-02,-2.286849999999999994e-01
-9.513099999999999334e-02,7.024500000000000188e-02,3.440300000000000025e-01,4.220000000000000140e-02,-2.033000000000000085e-03,5.325889999999999791e-01,3.301300000000000068e-02,6.320639999999999592e-01,-9.061500000000000110e-02,-1.102009999999999934e-01,2.039749999999999897e-01,3.696490000000000054e-01,3.307129999999999792e-01,1.000000000000000000e+00,1.327099999999999981e-02,1.469749999999999945e-01,1.944220000000000115e-01,8.051899999999999336e-02,4.032240000000000268e-01,6.976799999999999669e-02,-1.838430000000000064e-01,4.382599999999999690e-02,4.945060000000000011e-01,4.664320000000000133e-01,-3.731769999999999810e-01,-5.602800000000000141e-02,-9.169499999999999873e-02,3.291450000000000209e-01,7.544499999999999817e-02,3.646170000000000244e-01,1.375979999999999981e-01,3.020550000000000179e-01,-1.790910000000000002e-01,1.766349999999999865e-01,4.924300000000000205e-02,2.915189999999999726e-01,2.794490000000000030e-01,-3.310699999999999754e-02,2.396069999999999867e-01,-1.941869999999999985e-01,1.388989999999999947e-01,2.058699999999999974e-01,3.086579999999999879e-01,2.998640000000000194e-01,4.340999999999999720e-02,-1.230340000000000045e-01,9.171899999999999498e-02,3.100700000000000123e-01,2.085839999999999916e-01,2.101000000000000090e-02,3.011449999999999960e-01,-1.143689999999999984e-01,6.362229999999999830e-01,-2.018679999999999919e-01,-1.849909999999999888e-01,4.135309999999999819e-01,2.362869999999999970e-01,-4.312599999999999767e-02,6.135119999999999463e-01,-2.064320000000000044e-01,-1.688379999999999881e-01,2.614500000000000157e-02,-1.321680000000000077e-01,4.370820000000000261e-01,-8.166400000000000048e-02,-2.773280000000000189e-01,1.492899999999999956e-02,2.466800000000000104e-01,2.256410000000000082e-01,-3.560110000000000219e-01,-2.261039999999999994e-01,-2.442809999999999981e-01,-9.307300000000000295e-02,-3.760299999999999754e-01,8.612400000000000611e-02,1.852300000000000127e-02
-7.042700000000000349e-02,-1.735970000000000013e-01,2.736879999999999868e-01,-3.063009999999999899e-01,3.120169999999999888e-01,2.035909999999999942e-01,5.284599999999999714e-02,-1.491069999999999895e-01,4.673030000000000239e-01,-3.268499999999999739e-01,4.126480000000000148e-01,-1.587310000000000110e-01,9.239600000000000590e-02,1.327099999999999981e-02,1.000000000000000000e+00,-2.358679999999999943e-01,-2.698630000000000195e-01,-2.504600000000000160e-01,2.741720000000000268e-01,5.599819999999999798e-01,9.197800000000000420e-02,3.871390000000000109e-01,-1.525100000000000067e-02,-2.669739999999999891e-01,-1.853259999999999907e-01,-1.209910000000000013e-01,4.679320000000000146e-01,-6.322000000000000362e-03,3.161720000000000086e-01,4.658799999999999747e-02,-1.964450000000000085e-01,9.088499999999999357e-02,-2.350669999999999982e-01,-4.451479999999999881e-01,-3.759460000000000024e-01,-1.244460000000000011e-01,-1.021289999999999976e-01,5.548399999999999860e-02,1.719690000000000107e-01,-4.965149999999999841e-01,-4.479250000000000176e-01,-3.230750000000000011e-01,-1.370700000000000043e-02,1.298870000000000025e-01,-1.261160000000000059e-01,-4.117120000000000224e-01,-7.424600000000000644e-02,2.563230000000000230e-01,-1.675190000000000012e-01,2.397890000000000021e-01,-5.006599999999999939e-02,-3.153999999999999859e-02,-1.445140000000000036e-01,4.488289999999999780e-01,-4.033240000000000158e-01,3.544269999999999921e-01,-1.059490000000000015e-01,1.530759999999999899e-01,2.578210000000000224e-01,5.272759999999999669e-01,-1.619460000000000066e-01,-4.003680000000000017e-01,-1.615439999999999932e-01,2.473690000000000055e-01,5.323139999999999539e-01,-1.682309999999999917e-01,5.512690000000000090e-01,5.690599999999999825e-02,-4.488889999999999825e-01,-1.377770000000000106e-01,-3.219090000000000007e-01,4.840499999999999803e-01,-1.964799999999999880e-02,3.669300000000000339e-02,-2.417350000000000054e-01,-9.087299999999999545e-02
4.862429999999999808e-01,1.427400000000000023e-02,-6.999900000000000566e-02,-1.247530000000000028e-01,-5.149660000000000348e-01,5.589399999999999924e-02,-3.439699999999999980e-01,6.767199999999999604e-02,-2.714380000000000126e-01,-2.766629999999999923e-01,-1.209940000000000043e-01,-2.590770000000000017e-01,3.185099999999999737e-02,1.469749999999999945e-01,-2.358679999999999943e-01,1.000000000000000000e+00,6.230679999999999552e-01,7.580700000000000216e-01,2.465699999999999836e-02,-2.627419999999999756e-01,-8.075000000000000233e-02,-3.134900000000000186e-02,8.276000000000000370e-03,1.131830000000000058e-01,1.827070000000000083e-01,1.417589999999999961e-01,-3.350029999999999952e-01,1.661400000000000099e-01,3.229900000000000132e-02,8.066600000000000159e-02,4.914709999999999912e-01,1.679200000000000137e-01,6.261899999999999411e-02,6.428930000000000478e-01,3.065780000000000172e-01,-9.063699999999999535e-02,5.553649999999999975e-01,-4.261909999999999865e-01,-5.504200000000000065e-02,1.059969999999999940e-01,6.290210000000000523e-01,3.179319999999999924e-01,9.908999999999999753e-02,4.373730000000000118e-01,-4.146130000000000093e-01,5.344590000000000174e-01,3.931799999999999878e-02,-1.054879999999999984e-01,1.922799999999999856e-02,-4.543860000000000121e-01,-1.858430000000000082e-01,-3.247700000000000031e-01,-2.403200000000000128e-02,-3.512500000000000067e-01,-3.294560000000000266e-01,7.424300000000000344e-02,-2.960749999999999771e-01,-2.675029999999999908e-01,-1.420800000000000014e-02,-2.437080000000000080e-01,4.824419999999999820e-01,4.257859999999999978e-01,5.398739999999999650e-01,5.553099999999999703e-02,-2.472050000000000081e-01,-6.902200000000000002e-02,-2.905599999999999850e-02,-2.084219999999999962e-01,3.250999999999999723e-02,-5.253900000000000237e-02,8.215400000000000480e-02,-3.249529999999999919e-01,-1.551029999999999909e-01,2.510319999999999774e-01,1.902790000000000037e-01,5.284079999999999888e-01
3.512609999999999899e-01,3.983119999999999994e-01,-1.834799999999999973e-02,-4.461999999999999821e-03,-2.538869999999999738e-01,2.627590000000000203e-01,-2.461929999999999952e-01,3.771280000000000188e-01,-1.215180000000000010e-01,1.429100000000000092e-01,-1.450220000000000120e-01,-2.914500000000000077e-02,1.177190000000000042e-01,1.944220000000000115e-01,-2.698630000000000195e-01,6.230679999999999552e-01,1.000000000000000000e+00,7.460849999999999982e-01,-3.427999999999999797e-02,-5.318380000000000329e-01,1.130059999999999953e-01,-4.462969999999999993e-01,2.957270000000000176e-01,4.548900000000000166e-01,2.707669999999999799e-01,2.745099999999999763e-01,-4.845740000000000047e-01,1.247589999999999949e-01,-1.369849999999999957e-01,-5.935200000000000198e-02,9.803699999999999914e-02,2.743300000000000183e-01,1.548559999999999937e-01,3.635599999999999943e-01,8.722699999999999898e-02,2.300439999999999985e-01,5.343799999999999661e-01,-9.308800000000000407e-02,4.751099999999999768e-02,3.047790000000000221e-01,3.547199999999999798e-01,2.444000000000000061e-01,3.649000000000000021e-01,4.560719999999999774e-01,-1.043359999999999982e-01,5.027439999999999687e-01,2.479570000000000107e-01,-4.785699999999999676e-02,1.432460000000000122e-01,-1.384309999999999985e-01,1.873890000000000000e-01,-1.519260000000000055e-01,2.681060000000000110e-01,-1.790210000000000135e-01,-6.287000000000000054e-03,9.770099999999999618e-02,-2.485300000000000009e-02,7.613999999999999935e-02,-1.305399999999999963e-02,-3.151349999999999985e-01,3.741019999999999901e-01,5.863059999999999938e-01,4.487579999999999902e-01,6.350999999999999701e-02,-3.943740000000000023e-01,1.201460000000000028e-01,-3.881879999999999775e-01,3.050500000000000086e-02,3.774029999999999885e-01,-3.434600000000000153e-02,2.405059999999999976e-01,-3.152099999999999902e-01,6.161999999999999943e-03,4.677599999999999814e-02,1.724269999999999969e-01,1.754640000000000088e-01
3.973709999999999742e-01,2.101639999999999897e-01,-1.749110000000000109e-01,3.350000000000000113e-03,-2.977230000000000154e-01,8.845600000000000684e-02,-1.390849999999999864e-01,1.441689999999999916e-01,-3.023649999999999949e-01,4.663300000000000084e-02,-2.571869999999999989e-01,-1.018970000000000015e-01,6.625799999999999745e-02,8.051899999999999336e-02,-2.504600000000000160e-01,7.580700000000000216e-01,7.460849999999999982e-01,1.000000000000000000e+00,-1.154590000000000061e-01,-3.427760000000000251e-01,2.196299999999999919e-01,-1.995889999999999886e-01,2.729799999999999935e-02,2.266219999999999901e-01,3.289779999999999927e-01,1.856079999999999952e-01,-3.048409999999999731e-01,1.794119999999999882e-01,1.057199999999999945e-01,-8.875900000000000456e-02,2.905760000000000010e-01,2.040000000000000147e-02,2.310929999999999929e-01,3.544109999999999761e-01,1.699910000000000032e-01,1.686400000000000052e-02,2.776850000000000152e-01,-1.477199999999999902e-01,-1.404529999999999945e-01,2.796620000000000217e-01,3.462529999999999775e-01,2.661540000000000017e-01,3.164399999999999852e-02,1.982929999999999970e-01,-4.899799999999999989e-02,3.905150000000000010e-01,-5.685199999999999976e-02,-1.971169999999999867e-01,1.155159999999999937e-01,-2.249359999999999971e-01,-1.479020000000000057e-01,-2.002329999999999943e-01,8.678999999999999215e-03,-3.349170000000000202e-01,-3.561899999999999789e-02,-7.930900000000000449e-02,-1.424970000000000125e-01,-2.569560000000000177e-01,-1.059569999999999956e-01,-3.115589999999999749e-01,3.973459999999999770e-01,5.371719999999999828e-01,5.549079999999999568e-01,-9.241399999999999615e-02,-2.646279999999999744e-01,5.068399999999999989e-02,-3.016889999999999850e-01,-2.605950000000000211e-01,1.654170000000000085e-01,-2.906399999999999956e-02,8.242299999999999627e-02,-1.776409999999999934e-01,-9.851200000000000234e-02,9.834299999999999986e-02,6.560100000000000653e-02,3.177610000000000157e-01
-8.771600000000000230e-02,-3.798699999999999993e-02,8.556859999999999467e-01,-1.455349999999999977e-01,2.594500000000000139e-01,2.734889999999999821e-01,5.176399999999999751e-02,5.355300000000000338e-02,4.793239999999999723e-01,-2.346070000000000100e-01,8.059439999999999937e-01,3.332500000000000046e-02,2.239130000000000009e-01,4.032240000000000268e-01,2.741720000000000268e-01,2.465699999999999836e-02,-3.427999999999999797e-02,-1.154590000000000061e-01,1.000000000000000000e+00,1.998369999999999869e-01,-2.589629999999999987e-01,1.867050000000000098e-01,4.131800000000000056e-02,-1.447569999999999968e-01,-1.987520000000000120e-01,-1.482030000000000014e-01,4.182569999999999899e-01,1.593690000000000107e-01,1.733599999999999863e-01,6.510000000000000508e-02,6.964099999999999457e-02,2.428470000000000073e-01,-2.036439999999999917e-01,-1.135960000000000025e-01,-9.744999999999999496e-02,5.284300000000000108e-02,7.500800000000000523e-02,-1.950770000000000004e-01,1.551279999999999881e-01,-3.388090000000000268e-01,-1.870719999999999883e-01,-1.214409999999999934e-01,1.542330000000000090e-01,1.596309999999999951e-01,-1.837920000000000109e-01,-1.849020000000000108e-01,6.749299999999999744e-02,7.965670000000000250e-01,-8.045099999999999474e-02,3.005160000000000053e-01,9.915300000000000502e-02,6.162600000000000022e-02,1.769709999999999894e-01,3.168000000000000260e-01,-2.903040000000000065e-01,7.892249999999999543e-01,-1.173229999999999967e-01,5.050400000000000028e-02,4.742709999999999981e-01,1.944710000000000050e-01,-1.323900000000000077e-02,-3.050089999999999746e-01,-1.496200000000000030e-01,9.241219999999999990e-01,1.641890000000000016e-01,-2.431190000000000018e-01,2.980579999999999896e-01,1.993230000000000002e-01,-2.081919999999999882e-01,-7.402999999999999858e-02,-2.410319999999999963e-01,2.642519999999999869e-01,-2.735299999999999884e-02,3.931999999999999731e-03,-8.736700000000000021e-02,-3.718699999999999783e-02
-1.314899999999999923e-02,-2.935699999999999976e-01,1.608580000000000010e-01,3.394599999999999701e-02,2.348439999999999972e-01,-5.192499999999999893e-02,2.617329999999999934e-01,-2.568699999999999872e-01,1.761469999999999980e-01,-2.176220000000000099e-01,2.754349999999999854e-01,1.426350000000000118e-01,2.451309999999999878e-01,6.976799999999999669e-02,5.599819999999999798e-01,-2.627419999999999756e-01,-5.318380000000000329e-01,-3.427760000000000251e-01,1.998369999999999869e-01,1.000000000000000000e+00,1.971219999999999917e-01,7.944219999999999615e-01,-1.778569999999999873e-01,-2.677379999999999760e-01,-2.253580000000000028e-01,-1.695170000000000010e-01,6.321240000000000192e-01,3.554510000000000169e-01,5.162430000000000074e-01,4.849209999999999909e-01,2.611410000000000120e-01,-8.711599999999999899e-02,-9.715400000000000424e-02,-2.930570000000000119e-01,-3.441000000000000308e-02,-5.759000000000000230e-02,-3.912570000000000214e-01,9.591900000000000426e-02,8.265000000000000124e-02,-4.597999999999999865e-01,-3.090269999999999961e-01,-1.367009999999999892e-01,-1.831919999999999937e-01,-2.042239999999999889e-01,1.302800000000000069e-01,-4.012729999999999908e-01,-3.721499999999999808e-01,1.650820000000000065e-01,-8.294100000000000084e-02,1.733119999999999938e-01,-2.127650000000000097e-01,1.343000000000000027e-01,-1.650500000000000023e-01,2.617659999999999987e-01,-5.799800000000000094e-02,6.030900000000000150e-02,5.701200000000000018e-02,-5.708400000000000279e-02,1.779179999999999928e-01,5.161160000000000192e-01,-8.661299999999999555e-02,-5.264969999999999928e-01,-2.523569999999999980e-01,1.099529999999999952e-01,8.501809999999999645e-01,7.063899999999999346e-02,7.869279999999999609e-01,-8.187700000000000533e-02,-2.752689999999999859e-01,-9.987999999999999656e-02,-3.150279999999999747e-01,5.311529999999999863e-01,2.081830000000000069e-01,1.349779999999999869e-01,2.358119999999999938e-01,1.274589999999999890e-01
