1.000000000000000000e+00,1.478379999999999972e-01,1.382200000000000095e-01,2.213219999999999910e-01,3.927970000000000073e-01,-1.022249999999999964e-01,2.020500000000000074e-01,-2.651549999999999740e-01,5.938500000000000029e-02,1.698790000000000022e-01,8.350699999999999790e-02,-1.946599999999999997e-01,1.002819999999999961e-01,-1.255050000000000054e-01,-4.264300000000000035e-02,3.834999999999999867e-03,-1.258259999999999934e-01,8.784000000000000141e-03,6.281899999999999984e-02,1.683149999999999924e-01,6.130790000000000406e-01,3.960890000000000244e-01,4.750900000000000262e-02,-6.950499999999999734e-02,4.036690000000000000e-01,1.677659999999999985e-01,1.713610000000000133e-01,2.174149999999999971e-01,4.816210000000000213e-01,7.577100000000000501e-02,6.530019999999999714e-01,3.083130000000000037e-01,3.496790000000000176e-01,-1.558499999999999990e-02,-1.397589999999999943e-01,2.033480000000000010e-01,1.994120000000000059e-01,-1.034700000000000029e-02,1.888819999999999943e-01,1.265050000000000063e-01,6.263999999999999603e-03,-3.324860000000000038e-01,-1.778619999999999923e-01,-1.911609999999999976e-01,-8.932199999999999862e-02,7.500369999999999537e-01,2.484780000000000044e-01,-4.203899999999999998e-02,-2.205769999999999953e-01,4.744799999999999712e-02,7.691499999999999726e-02,1.105509999999999965e-01,-6.651300000000000268e-02,-9.173999999999999863e-03,2.501809999999999867e-01,-9.252799999999999914e-02,2.495199999999999849e-02,2.956509999999999971e-01,3.407850000000000046e-01,-4.223699999999999677e-02,3.029319999999999791e-01,1.467849999999999988e-01,-7.316699999999999593e-02,-3.975999999999999673e-02,-2.308299999999999935e-02,5.313099999999999490e-01,3.664479999999999960e-01,2.391250000000000042e-01,-1.976499999999999924e-01,4.015779999999999905e-01,2.399479999999999946e-01,1.299200000000000077e-01,3.574700000000000100e-02,2.863740000000000174e-01,1.304819999999999869e-01,6.460749999999999549e-01
1.478379999999999972e-01,1.000000000000000000e+00,2.194250000000000089e-01,-1.779119999999999868e-01,7.334400000000000641e-02,6.594410000000000549e-01,5.026990000000000069e-01,3.852610000000000201e-01,2.085740000000000094e-01,3.937209999999999877e-01,2.113240000000000118e-01,2.098829999999999862e-01,6.556229999999999558e-01,-1.857840000000000047e-01,-3.322359999999999758e-01,1.618570000000000009e-01,4.057580000000000076e-01,3.493249999999999966e-01,3.735430000000000139e-01,1.121110000000000023e-01,2.860159999999999925e-01,-5.815800000000000136e-02,4.090730000000000199e-01,3.605800000000000116e-01,7.148809999999999887e-01,7.451029999999999598e-01,8.269899999999999474e-02,3.603890000000000149e-01,2.285250000000000059e-01,-1.792699999999999849e-02,9.016899999999999915e-02,3.491090000000000027e-01,4.828990000000000227e-01,1.848930000000000018e-01,-3.385389999999999788e-01,3.133190000000000142e-01,1.664629999999999999e-01,6.074000000000000232e-02,9.619999999999999385e-02,4.039189999999999725e-01,1.581579999999999930e-01,-2.499719999999999998e-01,-6.201899999999999774e-02,-1.545789999999999942e-01,5.660799999999999860e-02,2.252359999999999918e-01,6.124340000000000339e-01,6.088799999999999768e-02,-3.139509999999999801e-01,-1.362649999999999972e-01,3.907329999999999970e-01,2.851139999999999786e-01,3.815540000000000043e-01,7.918000000000000038e-02,3.626759999999999984e-01,1.067700000000000073e-02,2.711709999999999954e-01,3.134339999999999904e-01,2.237959999999999949e-01,-4.022740000000000204e-01,-3.368199999999999666e-02,4.630480000000000151e-01,-8.508200000000000485e-02,3.640740000000000087e-01,-8.607999999999999333e-03,1.431800000000000017e-01,-4.683500000000000163e-02,2.336499999999999966e-01,2.733789999999999831e-01,3.386939999999999951e-01,2.894289999999999918e-01,-1.194479999999999986e-01,9.304999999999999383e-02,-1.073960000000000053e-01,1.598150000000000126e-01,-8.002800000000000191e-02
1.382200000000000095e-01,2.194250000000000089e-01,1.000000000000000000e+00,-2.808459999999999845e-01,5.282540000000000013e-01,3.201099999999999779e-02,3.836109999999999798e-01,-2.803089999999999749e-01,7.113709999999999756e-01,2.308109999999999884e-01,8.472429999999999684e-01,-1.683209999999999984e-01,2.146500000000000075e-01,-3.596289999999999765e-01,-2.651999999999999844e-02,-1.649770000000000125e-01,-2.990720000000000045e-01,-1.466919999999999891e-01,7.118670000000000275e-01,2.496379999999999988e-01,1.305870000000000086e-01,1.632299999999999862e-01,5.006300000000000333e-02,-1.725609999999999922e-01,2.873129999999999851e-01,-1.050940000000000069e-01,4.492320000000000202e-01,2.330520000000000092e-01,2.518900000000000028e-01,-1.362680000000000002e-01,1.226860000000000034e-01,-5.251200000000000312e-02,1.303900000000000024e-02,-1.148529999999999968e-01,-3.789120000000000266e-01,2.473770000000000135e-01,2.134220000000000006e-01,3.562300000000000189e-02,-2.049910000000000065e-01,6.616600000000000259e-02,-3.547800000000000259e-02,-1.799149999999999916e-01,-1.286440000000000083e-01,-1.157470000000000027e-01,-1.216679999999999984e-01,1.764479999999999937e-01,2.776179999999999759e-01,8.802100000000000479e-01,-2.228920000000000068e-01,5.418060000000000098e-01,2.998500000000000054e-01,1.514600000000000113e-01,-1.220129999999999965e-01,6.081100000000000394e-01,2.061929999999999874e-01,7.458320000000000505e-01,1.112169999999999964e-01,2.871569999999999956e-01,3.823010000000000019e-01,-5.146200000000000080e-02,6.957800000000000096e-02,-2.638000000000000154e-03,-1.771880000000000122e-01,6.925620000000000109e-01,1.979579999999999951e-01,2.910760000000000014e-01,3.545269999999999810e-01,2.943049999999999833e-01,-1.599710000000000021e-01,3.614660000000000095e-01,-3.890500000000000208e-02,4.152850000000000152e-01,8.073800000000000421e-02,3.216160000000000130e-01,2.028210000000000013e-01,1.679809999999999914e-01
2.213219999999999910e-01,-1.779119999999999868e-01,-2.808459999999999845e-01,1.000000000000000000e+00,-1.137299999999999978e-01,7.412599999999999745e-02,-2.164040000000000130e-01,2.999999999999999737e-04,-3.217829999999999857e-01,-2.358689999999999953e-01,-3.209310000000000218e-01,1.993599999999999886e-02,-2.533000000000000251e-01,3.632420000000000093e-01,1.892800000000000038e-01,7.975400000000000544e-02,1.940700000000000064e-02,1.840000000000000001e-04,-1.601360000000000006e-01,-2.269780000000000131e-01,1.497380000000000100e-01,7.760699999999999543e-02,-2.094199999999999881e-02,4.174499999999999739e-02,-2.365609999999999935e-01,-1.551589999999999914e-01,1.100190000000000057e-01,-5.523000000000000131e-03,7.012400000000000577e-02,9.509900000000000297e-02,9.407300000000000384e-02,5.230400000000000327e-02,-4.568300000000000138e-02,9.920600000000000251e-02,2.985610000000000208e-01,-2.806989999999999763e-01,-1.911160000000000081e-01,-1.857699999999999976e-02,1.346779999999999922e-01,-1.526899999999999924e-01,1.065809999999999952e-01,2.629819999999999935e-01,3.288479999999999737e-01,2.575370000000000159e-01,7.518299999999999983e-02,1.429459999999999897e-01,-1.495049999999999990e-01,-2.770020000000000260e-01,2.440090000000000037e-01,-1.786669999999999925e-01,-1.403599999999999987e-02,-4.838599999999999846e-02,-8.693700000000000039e-02,-2.553509999999999946e-01,-1.202290000000000025e-01,-2.864389999999999992e-01,-1.296549999999999925e-01,-2.073099999999999943e-02,-7.419000000000000247e-03,2.052319999999999978e-01,2.213950000000000085e-01,-1.547709999999999919e-01,1.347450000000000037e-01,-2.449649999999999883e-01,-6.934600000000000486e-02,1.189090000000000008e-01,7.097299999999999442e-02,-1.510060000000000013e-01,-6.032200000000000062e-02,-1.645240000000000036e-01,1.665459999999999996e-01,3.823000000000000009e-02,1.641070000000000029e-01,1.833799999999999875e-01,-1.588870000000000005e-01,2.456560000000000132e-01
3.927970000000000073e-01,7.334400000000000641e-02,5.282540000000000013e-01,-1.137299999999999978e-01,1.000000000000000000e+00,-1.577739999999999976e-01,6.372090000000000254e-01,-2.742580000000000018e-01,7.103030000000000177e-01,3.940600000000000214e-01,5.889560000000000350e-01,-1.434670000000000112e-01,3.709529999999999772e-01,-3.739199999999999746e-01,-2.658780000000000032e-01,-1.030810000000000060e-01,-1.592570000000000097e-01,4.403599999999999876e-02,3.610410000000000008e-01,4.837190000000000101e-01,1.285769999999999968e-01,3.608299999999999841e-01,-1.963399999999999868e-02,-1.385689999999999977e-01,3.310230000000000117e-01,-1.102500000000000008e-01,2.252599999999999880e-01,3.182679999999999954e-01,3.550699999999999967e-01,-1.811560000000000115e-01,4.661790000000000100e-01,1.890479999999999938e-01,2.402019999999999988e-01,-1.498999999999999898e-03,-5.461979999999999613e-01,5.876740000000000297e-01,5.859109999999999596e-01,8.594400000000000650e-02,-1.743820000000000092e-01,-3.014999999999999885e-03,-5.081100000000000200e-02,-5.311010000000000453e-01,-2.585180000000000256e-01,-2.556410000000000071e-01,-5.295099999999999807e-02,2.742890000000000050e-01,1.045750000000000013e-01,3.720390000000000086e-01,-4.749669999999999725e-01,5.114859999999999962e-01,3.700400000000000217e-02,3.584459999999999869e-01,-6.192999999999999720e-03,5.468889999999999585e-01,4.485339999999999883e-01,3.901100000000000123e-01,2.625739999999999741e-01,4.459159999999999791e-01,4.779209999999999847e-01,-2.417729999999999879e-01,5.814999999999999857e-03,2.193869999999999987e-01,-2.644619999999999749e-01,3.842450000000000032e-01,1.851579999999999893e-01,1.044520000000000032e-01,3.302800000000000180e-01,2.081679999999999919e-01,-1.975729999999999986e-01,3.283119999999999927e-01,-2.622039999999999926e-01,1.926289999999999947e-01,1.251900000000000061e-02,1.381519999999999970e-01,3.222300000000000164e-01,2.935320000000000151e-01
-1.022249999999999964e-01,6.594410000000000549e-01,3.201099999999999779e-02,7.412599999999999745e-02,-1.577739999999999976e-01,1.000000000000000000e+00,2.772229999999999972e-01,6.688380000000000436e-01,1.567999999999999949e-02,4.831300000000000178e-02,-4.685500000000000081e-02,2.923359999999999848e-01,4.329620000000000135e-01,2.283719999999999917e-01,4.806000000000000376e-03,3.826930000000000054e-01,4.553789999999999782e-01,4.653590000000000226e-01,1.649780000000000135e-01,5.224000000000000345e-03,3.275310000000000166e-01,7.459100000000000452e-02,6.124000000000000554e-01,3.990409999999999791e-01,2.882939999999999947e-01,4.138760000000000217e-01,2.817189999999999972e-01,3.853369999999999851e-01,2.768340000000000245e-01,2.221090000000000009e-01,-1.155370000000000008e-01,1.075050000000000033e-01,5.921499999999999680e-02,2.128379999999999994e-01,-8.000000000000000167e-02,8.799999999999999771e-05,-1.596879999999999966e-01,8.854800000000000171e-02,1.140509999999999996e-01,2.832839999999999803e-01,2.702160000000000117e-01,-2.067300000000000040e-02,2.754710000000000214e-01,1.685159999999999991e-01,2.175960000000000116e-01,-8.547699999999999743e-02,3.815239999999999743e-01,-9.487999999999999906e-03,1.570400000000000129e-01,-2.092660000000000076e-01,5.502359999999999474e-01,2.727209999999999912e-01,4.965979999999999839e-01,-4.365000000000000130e-02,8.277900000000000535e-02,-2.997199999999999864e-02,7.155200000000000449e-02,1.507370000000000099e-01,2.075529999999999875e-01,-2.980999999999999969e-02,6.556299999999999628e-02,2.683610000000000162e-01,2.070089999999999986e-01,1.341839999999999977e-01,1.750539999999999874e-01,1.370649999999999924e-01,-2.424300000000000066e-02,3.952640000000000042e-01,3.900009999999999866e-01,-9.152000000000000413e-03,1.828649999999999998e-01,1.156029999999999974e-01,3.751169999999999782e-01,1.038329999999999947e-01,2.013570000000000082e-01,-1.176389999999999936e-01
2.020500000000000074e-01,5.026990000000000069e-01,3.836109999999999798e-01,-2.164040000000000130e-01,6.372090000000000254e-01,2.772229999999999972e-01,1.000000000000000000e+00,5.833200000000000190e-02,5.080799999999999761e-01,6.415330000000000199e-01,3.865310000000000135e-01,6.016500000000000320e-02,7.399710000000000454e-01,-4.551629999999999843e-01,-5.596410000000000551e-01,1.211529999999999968e-01,2.145309999999999995e-01,4.859870000000000023e-01,3.673290000000000166e-01,3.902470000000000105e-01,2.284450000000000092e-01,2.461430000000000007e-01,2.558949999999999836e-01,1.745899999999999952e-01,4.796320000000000028e-01,2.217550000000000077e-01,4.268700000000000272e-02,4.221019999999999772e-01,5.398990000000000178e-01,-7.004000000000000503e-02,5.609709999999999974e-01,3.614189999999999903e-01,4.676449999999999774e-01,2.271080000000000043e-01,-6.305479999999999974e-01,8.035390000000000033e-01,7.158219999999999583e-01,2.741970000000000240e-01,-1.516569999999999863e-01,2.558940000000000103e-01,1.219080000000000025e-01,-4.828339999999999854e-01,-2.575520000000000032e-01,-2.890469999999999984e-01,1.117380000000000040e-01,2.455749999999999877e-01,2.136240000000000083e-01,1.069070000000000020e-01,-6.155990000000000073e-01,5.974200000000000343e-02,6.857099999999999307e-02,4.792959999999999998e-01,2.596350000000000047e-01,2.595680000000000209e-01,6.653970000000000162e-01,1.044400000000000051e-01,4.104079999999999950e-01,4.892960000000000087e-01,4.849339999999999762e-01,-5.732209999999999805e-01,5.583400000000000168e-02,6.025749999999999718e-01,-8.722900000000000098e-02,4.043169999999999820e-01,3.914999999999999730e-02,1.027229999999999949e-01,1.975089999999999901e-01,2.475860000000000005e-01,6.159599999999999798e-02,2.899459999999999815e-01,-2.862419999999999964e-01,-1.082100000000000006e-01,9.521799999999999708e-02,1.110500000000000029e-02,4.015889999999999738e-01,2.491579999999999906e-01
-2.651549999999999740e-01,3.852610000000000201e-01,-2.803089999999999749e-01,2.999999999999999737e-04,-2.742580000000000018e-01,6.688380000000000436e-01,5.833200000000000190e-02,1.000000000000000000e+00,-2.687640000000000029e-01,-1.268749999999999878e-01,-2.387380000000000058e-01,3.068719999999999781e-01,1.922099999999999920e-01,5.041520000000000445e-01,1.082150000000000056e-01,2.192739999999999967e-01,4.076040000000000219e-01,2.994919999999999805e-01,-1.312570000000000126e-01,-5.664899999999999797e-02,1.294859999999999900e-01,-1.571529999999999871e-01,7.357409999999999783e-01,4.900889999999999969e-01,1.477000000000000014e-03,5.251839999999999842e-01,-4.959600000000000120e-02,1.091290000000000038e-01,-1.632049999999999890e-01,2.604130000000000056e-01,-2.653070000000000150e-01,2.633920000000000150e-01,2.647499999999999853e-02,1.776999999999999968e-01,4.939700000000000341e-02,-5.835900000000000115e-02,-2.082890000000000019e-01,7.584599999999999675e-02,3.289790000000000214e-01,1.918430000000000135e-01,1.795450000000000101e-01,2.611000000000000040e-03,2.971469999999999945e-01,1.622520000000000073e-01,1.666130000000000111e-01,-1.857270000000000032e-01,8.631999999999999396e-02,-1.712470000000000103e-01,1.819989999999999941e-01,-1.849320000000000130e-01,1.845799999999999941e-01,2.069580000000000031e-01,8.106109999999999705e-01,-2.079169999999999907e-01,-1.098900000000000016e-01,-1.583809999999999940e-01,4.477899999999999936e-02,-2.774700000000000083e-02,3.736300000000000038e-02,4.431500000000000022e-02,-2.309160000000000101e-01,1.843789999999999873e-01,8.225000000000000366e-02,-8.005199999999999816e-02,7.936100000000000099e-02,-1.143160000000000009e-01,-3.408800000000000163e-01,3.615630000000000233e-01,4.429000000000000159e-01,-3.359969999999999901e-01,1.297389999999999932e-01,-1.349599999999999966e-01,1.941789999999999905e-01,-2.564449999999999785e-01,1.509699999999999931e-01,-3.301810000000000023e-01
5.938500000000000029e-02,2.085740000000000094e-01,7.113709999999999756e-01,-3.217829999999999857e-01,7.103030000000000177e-01,1.567999999999999949e-02,5.080799999999999761e-01,-2.687640000000000029e-01,1.000000000000000000e+00,4.568860000000000143e-01,7.151830000000000132e-01,1.518400000000000027e-01,4.044119999999999937e-01,-4.654510000000000036e-01,-1.620520000000000016e-01,5.596000000000000280e-03,-6.742900000000000282e-02,-4.629400000000000182e-02,5.239819999999999478e-01,5.538100000000000245e-01,-1.162379999999999941e-01,2.932279999999999887e-01,-7.135900000000000576e-02,5.443400000000000322e-02,2.651459999999999928e-01,-1.346320000000000017e-01,4.006899999999999906e-01,4.723840000000000261e-01,1.966579999999999995e-01,-5.097600000000000048e-02,4.735700000000000326e-02,-1.364140000000000075e-01,1.097729999999999956e-01,-2.042400000000000118e-02,-5.853770000000000362e-01,3.743650000000000033e-01,3.176959999999999784e-01,2.732859999999999734e-01,-3.600160000000000027e-01,1.879369999999999929e-01,1.149799999999999954e-02,-4.155099999999999905e-01,-6.909500000000000364e-02,-3.425799999999999679e-02,1.819600000000000106e-01,6.597999999999999698e-03,2.068579999999999863e-01,5.879029999999999534e-01,-2.962119999999999753e-01,5.549589999999999801e-01,3.044950000000000156e-01,2.907060000000000199e-01,-1.341330000000000022e-01,8.644939999999999847e-01,4.077299999999999813e-01,6.049330000000000540e-01,4.110829999999999762e-01,3.727679999999999882e-01,3.232470000000000065e-01,-1.522519999999999984e-01,1.594299999999999884e-02,9.752299999999999858e-02,-1.835410000000000097e-01,5.092259999999999565e-01,4.348469999999999835e-01,-8.351799999999999502e-02,3.732630000000000114e-01,1.264659999999999951e-01,8.222899999999999654e-02,2.605669999999999931e-01,-2.211500000000000132e-01,3.938139999999999974e-01,1.806699999999999973e-01,1.868720000000000103e-01,3.045390000000000041e-01,-1.686400000000000052e-02
1.698790000000000022e-01,3.937209999999999877e-01,2.308109999999999884e-01,-2.358689999999999953e-01,3.940600000000000214e-01,4.831300000000000178e-02,6.415330000000000199e-01,-1.268749999999999878e-01,4.568860000000000143e-01,1.000000000000000000e+00,1.592649999999999899e-01,5.366199999999999859e-01,5.934779999999999500e-01,-5.317920000000000424e-01,-4.726469999999999838e-01,2.822419999999999929e-01,4.538599999999999857e-01,3.795490000000000252e-01,2.714349999999999818e-01,3.972140000000000115e-01,5.558600000000000346e-02,2.093859999999999888e-01,1.092100000000000015e-02,5.721549999999999692e-01,2.950980000000000270e-01,3.550820000000000087e-01,-1.038879999999999942e-01,4.628789999999999849e-01,3.406500000000000083e-01,3.466899999999999843e-02,3.578999999999999959e-01,1.480239999999999889e-01,4.146880000000000011e-01,1.032740000000000047e-01,-6.347239999999999549e-01,7.162300000000000333e-01,6.224150000000000515e-01,6.013330000000000064e-01,-3.189389999999999725e-01,2.358109999999999928e-01,4.809299999999999686e-02,-4.086480000000000112e-01,-2.875150000000000206e-01,-3.417789999999999995e-01,4.415379999999999860e-01,1.688780000000000003e-01,1.290920000000000123e-01,-1.207199999999999940e-02,-5.291749999999999510e-01,-4.095499999999999835e-02,7.841599999999999959e-02,2.652120000000000033e-01,1.328650000000000109e-01,3.229049999999999976e-01,8.790219999999999700e-01,-4.043000000000000066e-02,8.012420000000000098e-01,3.893920000000000159e-01,2.581680000000000086e-01,-5.073539999999999717e-01,2.028669999999999918e-01,5.915569999999999995e-01,2.126799999999999871e-02,2.788579999999999948e-01,7.906100000000000627e-02,-9.028899999999999426e-02,2.170489999999999919e-01,1.102099999999999955e-02,4.558780000000000054e-01,2.178269999999999929e-01,-5.832600000000000284e-02,-7.787600000000000078e-02,7.302699999999999469e-02,-1.638900000000000079e-02,3.173300000000000010e-01,6.457799999999999652e-02
8.350699999999999790e-02,2.113240000000000118e-01,8.472429999999999684e-01,-3.209310000000000218e-01,5.889560000000000350e-01,-4.685500000000000081e-02,3.865310000000000135e-01,-2.387380000000000058e-01,7.151830000000000132e-01,1.592649999999999899e-01,1.000000000000000000e+00,-2.766299999999999870e-01,2.600600000000000134e-01,-3.395099999999999785e-01,-1.062680000000000013e-01,-2.371290000000000064e-01,-2.732629999999999781e-01,-1.451620000000000132e-01,8.221819999999999684e-01,2.042009999999999936e-01,4.967300000000000187e-02,7.540499999999999980e-02,-7.289500000000000146e-02,-2.705560000000000187e-01,3.458780000000000188e-01,-6.733400000000000496e-02,2.480189999999999895e-01,2.163609999999999978e-01,1.790069999999999995e-01,-1.460609999999999964e-01,1.140879999999999950e-01,7.427899999999999781e-02,1.782849999999999990e-01,-7.917999999999999691e-03,-3.506199999999999872e-01,2.457350000000000090e-01,2.338099999999999901e-01,-9.371500000000000663e-02,-1.067789999999999989e-01,1.562530000000000030e-01,7.048799999999999510e-02,-1.945290000000000075e-01,-1.943890000000000062e-01,-1.053850000000000064e-01,-2.060349999999999959e-01,1.065750000000000031e-01,2.644779999999999909e-01,7.441860000000000142e-01,-3.287220000000000142e-01,5.594890000000000141e-01,1.319279999999999897e-01,1.378429999999999933e-01,-6.976100000000000356e-02,5.622040000000000370e-01,1.615389999999999882e-01,8.107910000000000394e-01,2.532799999999999982e-02,2.702840000000000242e-01,3.689359999999999862e-01,-1.269029999999999880e-01,-6.780600000000000516e-02,4.844500000000000195e-02,-2.596550000000000247e-01,7.847370000000000179e-01,1.535249999999999948e-01,1.594830000000000136e-01,2.276630000000000043e-01,8.064899999999999847e-02,-2.394670000000000132e-01,3.411350000000000215e-01,-8.717400000000000149e-02,2.229220000000000090e-01,-6.300000000000000044e-03,1.666890000000000038e-01,1.901299999999999935e-01,9.711500000000000687e-02
-1.946599999999999997e-01,2.098829999999999862e-01,-1.683209999999999984e-01,1.993599999999999886e-02,-1.434670000000000112e-01,2.923359999999999848e-01,6.016500000000000320e-02,3.068719999999999781e-01,1.518400000000000027e-01,5.366199999999999859e-01,-2.766299999999999870e-01,1.000000000000000000e+00,2.081600000000000117e-01,3.553100000000000008e-02,2.367700000000000013e-02,3.826350000000000029e-01,4.750480000000000258e-01,1.707369999999999999e-01,-1.156019999999999964e-01,2.868160000000000154e-01,-2.033949999999999925e-01,1.242380000000000012e-01,1.928809999999999969e-01,8.614779999999999660e-01,-1.627800000000000080e-01,3.065959999999999797e-01,5.003400000000000208e-02,3.978769999999999807e-01,-1.050569999999999976e-01,3.281069999999999820e-01,-2.576930000000000054e-01,-2.122169999999999890e-01,3.225900000000000295e-02,9.075700000000000434e-02,-1.924190000000000067e-01,1.007310000000000011e-01,-1.098200000000000044e-02,6.560920000000000085e-01,-2.540569999999999773e-01,1.807110000000000105e-01,1.067590000000000067e-01,4.624400000000000038e-02,2.964749999999999885e-01,2.108980000000000021e-01,7.074150000000000160e-01,-2.589799999999999880e-01,-1.039159999999999945e-01,-1.887179999999999969e-01,9.328100000000000280e-02,-1.248469999999999996e-01,2.129030000000000089e-01,9.888700000000000268e-02,1.911279999999999923e-01,2.256029999999999980e-01,4.231179999999999941e-01,-1.616940000000000044e-01,7.656420000000000448e-01,2.768299999999999927e-02,-3.740199999999999775e-02,2.320900000000000046e-02,8.646700000000000219e-02,1.592560000000000087e-01,1.726380000000000137e-01,-1.212209999999999954e-01,3.261890000000000067e-01,-3.611929999999999863e-01,5.222700000000000259e-02,4.877000000000000259e-03,8.117569999999999508e-01,-3.123230000000000173e-01,7.157199999999999673e-02,7.531699999999999506e-02,3.350139999999999785e-01,-8.407699999999999896e-02,1.734489999999999921e-01,-2.979709999999999859e-01
1.002819999999999961e-01,6.556229999999999558e-01,2.146500000000000075e-01,-2.533000000000000251e-01,3.709529999999999772e-01,4.329620000000000135e-01,7.399710000000000454e-01,1.922099999999999920e-01,4.044119999999999937e-01,5.934779999999999500e-01,2.600600000000000134e-01,2.081600000000000117e-01,1.000000000000000000e+00,-4.444420000000000037e-01,-5.160489999999999799e-01,3.259020000000000250e-01,5.015199999999999658e-01,5.318829999999999947e-01,3.332930000000000059e-01,4.464330000000000243e-01,2.471430000000000016e-01,2.174020000000000119e-01,1.667909999999999948e-01,3.111670000000000269e-01,5.512650000000000050e-01,4.422920000000000185e-01,-1.457420000000000104e-01,6.631089999999999485e-01,4.544380000000000086e-01,9.025800000000000489e-02,3.614859999999999740e-01,3.602290000000000214e-01,4.886210000000000275e-01,3.086559999999999859e-01,-7.006829999999999448e-01,6.658169999999999922e-01,5.673799999999999955e-01,2.132900000000000074e-01,-5.043899999999999773e-02,3.845480000000000009e-01,2.637050000000000227e-01,-3.941609999999999836e-01,-1.628179999999999905e-01,-1.974819999999999909e-01,1.678179999999999950e-01,2.066689999999999916e-01,4.239640000000000075e-01,-1.825699999999999892e-02,-5.817660000000000053e-01,9.029000000000000567e-03,2.715409999999999768e-01,4.768609999999999793e-01,3.616670000000000162e-01,1.871980000000000033e-01,6.563130000000000353e-01,-5.954000000000000091e-03,4.492010000000000169e-01,6.013739999999999641e-01,4.077560000000000073e-01,-5.180820000000000425e-01,9.591199999999999726e-02,7.448110000000000008e-01,-6.505999999999999631e-03,3.362379999999999813e-01,1.005609999999999976e-01,7.344199999999999340e-02,1.151989999999999958e-01,1.130420000000000036e-01,2.808280000000000221e-01,3.204299999999999926e-01,-6.752900000000000569e-02,-2.272260000000000113e-01,2.495330000000000048e-01,-5.421200000000000324e-02,4.215789999999999815e-01,1.015729999999999966e-01
-1.255050000000000054e-01,-1.857840000000000047e-01,-3.596289999999999765e-01,3.632420000000000093e-01,-3.739199999999999746e-01,2.283719999999999917e-01,-4.551629999999999843e-01,5.041520000000000445e-01,-4.654510000000000036e-01,-5.317920000000000424e-01,-3.395099999999999785e-01,3.553100000000000008e-02,-4.444420000000000037e-01,1.000000000000000000e+00,5.868240000000000123e-01,2.018939999999999901e-01,1.114860000000000018e-01,1.187890000000000057e-01,-2.642390000000000017e-01,-2.875949999999999895e-01,6.624399999999999733e-02,2.739000000000000115e-03,3.339770000000000238e-01,1.373689999999999911e-01,-4.065989999999999882e-01,4.641800000000000093e-02,1.419759999999999911e-01,-1.459570000000000034e-01,-1.554349999999999898e-01,2.924399999999999777e-01,-3.698529999999999873e-01,-4.569000000000000145e-03,-3.781419999999999781e-01,-3.720299999999999996e-02,4.210900000000000198e-01,-5.900360000000000049e-01,-6.364729999999999555e-01,1.105100000000000006e-02,3.721599999999999908e-01,-9.915300000000000502e-02,4.925600000000000117e-02,1.701650000000000107e-01,5.125750000000000028e-01,5.174149999999999583e-01,2.179290000000000116e-01,-2.549290000000000167e-01,-2.656470000000000220e-01,-1.311019999999999963e-01,6.276380000000000292e-01,-1.144489999999999952e-01,-5.293400000000000188e-02,-1.831639999999999935e-01,1.696960000000000135e-01,-3.162739999999999996e-01,-5.550929999999999476e-01,-1.325010000000000077e-01,-4.099689999999999723e-01,-3.990940000000000043e-01,-8.718800000000000161e-02,4.722319999999999851e-01,-7.781999999999999855e-03,-3.348619999999999930e-01,3.493669999999999831e-01,-2.887709999999999999e-01,6.691400000000000126e-02,-1.187420000000000003e-01,-2.579489999999999839e-01,8.691999999999999726e-02,1.413480000000000014e-01,-5.145429999999999726e-01,1.279980000000000007e-01,1.215699999999999975e-01,1.785559999999999925e-01,1.867500000000000063e-02,-2.034009999999999985e-01,-1.868799999999999906e-01
-4.264300000000000035e-02,-3.322359999999999758e-01,-2.651999999999999844e-02,1.892800000000000038e-01,-2.658780000000000032e-01,4.806000000000000376e-03,-5.596410000000000551e-01,1.082150000000000056e-01,-1.620520000000000016e-01,-4.726469999999999838e-01,-1.062680000000000013e-01,2.367700000000000013e-02,-5.160489999999999799e-01,5.868240000000000123e-01,1.000000000000000000e+00,2.912899999999999864e-02,-2.360669999999999991e-01,-2.148349999999999982e-01,-2.332639999999999991e-01,9.032800000000000551e-02,1.208390000000000020e-01,2.374709999999999877e-01,1.353749999999999953e-01,-5.560999999999999971e-02,-3.720280000000000253e-01,-1.737070000000000003e-01,4.499750000000000139e-01,-1.226320000000000049e-01,-1.481260000000000077e-01,2.075200000000000100e-01,-3.429289999999999838e-01,-2.034640000000000060e-01,-4.048180000000000112e-01,-1.090290000000000009e-01,4.346869999999999901e-01,-5.868820000000000148e-01,-5.864810000000000301e-01,2.132799999999999974e-02,2.088409999999999989e-01,-1.280040000000000067e-01,-4.660500000000000059e-02,2.395720000000000072e-01,4.133729999999999905e-01,3.602520000000000167e-01,7.952800000000000147e-02,-2.412080000000000057e-01,-2.543949999999999823e-01,1.268940000000000068e-01,6.741350000000000398e-01,1.182190000000000046e-01,5.448800000000000171e-02,-2.871130000000000071e-01,-1.581510000000000138e-01,9.560000000000000789e-03,-5.156340000000000368e-01,8.935400000000000287e-02,-3.336709999999999954e-01,-2.752850000000000019e-01,-2.029150000000000120e-01,8.431039999999999646e-01,4.233100000000000057e-02,-5.317009999999999792e-01,1.712410000000000043e-01,-3.257760000000000100e-01,3.533250000000000002e-01,7.930900000000000449e-02,6.462400000000000089e-02,1.103269999999999945e-01,-2.867499999999999910e-02,-3.155629999999999824e-01,1.133149999999999991e-01,4.705889999999999795e-01,1.809330000000000105e-01,2.396560000000000079e-01,-1.910330000000000084e-01,-2.525000000000000161e-02
3.834999999999999867e-03,1.618570000000000009e-01,-1.649770000000000125e-01,7.975400000000000544e-02,-1.030810000000000060e-01,3.826930000000000054e-01,1.211529999999999968e-01,2.192739999999999967e-01,5.596000000000000280e-03,2.822419999999999929e-01,-2.371290000000000064e-01,3.826350000000000029e-01,3.259020000000000250e-01,2.018939999999999901e-01,2.912899999999999864e-02,1.000000000000000000e+00,7.538049999999999473e-01,7.682639999999999469e-01,-5.332499999999999740e-02,1.386850000000000027e-01,1.662129999999999996e-01,5.295009999999999994e-01,1.167320000000000024e-01,4.742520000000000069e-01,-6.753399999999999681e-02,1.997130000000000016e-01,1.003109999999999974e-01,5.448819999999999775e-01,4.244780000000000220e-01,4.312679999999999847e-01,7.248200000000000476e-02,-6.604000000000000148e-02,1.129999999999999955e-04,2.754880000000000106e-01,-2.133549999999999891e-01,-3.412300000000000055e-02,-1.089859999999999995e-01,4.990419999999999856e-01,-2.381300000000000083e-02,4.008499999999999841e-01,3.603640000000000176e-01,-1.835640000000000049e-01,2.406240000000000046e-01,1.874730000000000008e-01,6.740549999999999597e-01,-7.933900000000000674e-02,2.205599999999999922e-02,-1.931140000000000079e-01,2.198700000000000099e-01,-1.480640000000000012e-01,3.225819999999999799e-01,1.333340000000000081e-01,8.162700000000000511e-02,7.348000000000000365e-03,2.971989999999999910e-01,-1.885360000000000091e-01,2.038540000000000074e-01,1.703109999999999902e-01,2.459300000000000097e-01,5.152600000000000235e-02,6.169489999999999696e-01,4.148270000000000013e-01,7.473520000000000163e-01,-9.467000000000000415e-02,3.409780000000000033e-01,-6.538599999999999968e-02,2.187840000000000062e-01,1.925100000000000075e-02,5.071200000000000152e-01,-1.774739999999999929e-01,-1.245000000000000013e-03,7.445999999999999841e-02,5.962509999999999755e-01,2.603150000000000186e-01,2.071669999999999900e-01,7.540900000000000380e-02
-1.258259999999999934e-01,4.057580000000000076e-01,-2.990720000000000045e-01,1.940700000000000064e-02,-1.592570000000000097e-01,4.553789999999999782e-01,2.145309999999999995e-01,4.076040000000000219e-01,-6.742900000000000282e-02,4.538599999999999857e-01,-2.732629999999999781e-01,4.750480000000000258e-01,5.015199999999999658e-01,1.114860000000000018e-01,-2.360669999999999991e-01,7.538049999999999473e-01,1.000000000000000000e+00,7.294279999999999653e-01,-2.799300000000000052e-02,6.477600000000000025e-02,8.439199999999999480e-02,7.760200000000000431e-02,1.512439999999999896e-01,6.533809999999999896e-01,2.014000000000000165e-02,5.261040000000000161e-01,-2.085319999999999951e-01,4.561769999999999992e-01,1.763699999999999990e-01,2.902509999999999812e-01,5.852000000000000431e-03,1.246779999999999972e-01,1.192399999999999988e-01,1.816480000000000039e-01,-2.894909999999999983e-01,1.650590000000000113e-01,5.493900000000000172e-02,3.673629999999999951e-01,-1.165099999999999990e-02,2.728340000000000209e-01,2.580259999999999776e-01,-2.373240000000000072e-01,1.560010000000000008e-01,6.776200000000000279e-02,5.541639999999999899e-01,-1.026100000000000068e-01,1.192659999999999970e-01,-3.646300000000000097e-01,-1.414800000000000085e-02,-3.244190000000000129e-01,1.628489999999999938e-01,1.195630000000000026e-01,3.575800000000000090e-01,-1.308840000000000003e-01,4.147970000000000268e-01,-3.276109999999999856e-01,3.170430000000000192e-01,1.108979999999999966e-01,1.325800000000000034e-01,-3.028660000000000241e-01,3.484110000000000262e-01,6.240560000000000551e-01,5.187819999999999654e-01,-4.658999999999999947e-02,6.777299999999999991e-02,-2.326809999999999989e-01,-1.375770000000000048e-01,-1.386259999999999992e-01,6.026049999999999462e-01,-1.570390000000000119e-01,8.376100000000000212e-02,-2.368780000000000052e-01,3.043440000000000034e-01,-1.107759999999999995e-01,1.503430000000000044e-01,-1.561750000000000083e-01
8.784000000000000141e-03,3.493249999999999966e-01,-1.466919999999999891e-01,1.840000000000000001e-04,4.403599999999999876e-02,4.653590000000000226e-01,4.859870000000000023e-01,2.994919999999999805e-01,-4.629400000000000182e-02,3.795490000000000252e-01,-1.451620000000000132e-01,1.707369999999999999e-01,5.318829999999999947e-01,1.187890000000000057e-01,-2.148349999999999982e-01,7.682639999999999469e-01,7.294279999999999653e-01,1.000000000000000000e+00,4.146199999999999886e-02,1.122569999999999957e-01,3.348519999999999830e-01,3.876299999999999746e-01,2.299829999999999930e-01,3.501679999999999793e-01,1.425170000000000048e-01,2.825779999999999959e-01,-6.442499999999999616e-02,4.548710000000000253e-01,6.069590000000000263e-01,2.813709999999999822e-01,3.688960000000000017e-01,2.743530000000000135e-01,1.989329999999999987e-01,3.290850000000000164e-01,-3.375609999999999999e-01,3.140279999999999738e-01,2.341370000000000118e-01,3.753960000000000075e-01,9.094499999999999806e-02,2.988370000000000193e-01,3.371390000000000220e-01,-2.927790000000000115e-01,1.998700000000000129e-02,-3.781999999999999945e-02,4.375910000000000077e-01,-9.341000000000000345e-03,3.403300000000000075e-02,-2.710859999999999936e-01,-1.143779999999999936e-01,-3.012750000000000150e-01,8.368299999999999350e-02,1.900820000000000010e-01,2.574699999999999767e-01,-1.797769999999999924e-01,4.286039999999999850e-01,-2.766410000000000258e-01,1.338060000000000083e-01,2.544879999999999920e-01,2.998430000000000262e-01,-2.556300000000000239e-01,4.732560000000000100e-01,6.598289999999999988e-01,6.226789999999999825e-01,4.342399999999999732e-02,7.743099999999999983e-02,3.606600000000000084e-02,8.010699999999999765e-02,2.435999999999999971e-02,2.811020000000000185e-01,-5.472199999999999981e-02,-1.627119999999999955e-01,-2.114499999999999991e-01,3.987879999999999758e-01,1.319470000000000087e-01,2.846670000000000034e-01,1.961769999999999903e-01
6.281899999999999984e-02,3.735430000000000139e-01,7.118670000000000275e-01,-1.601360000000000006e-01,3.610410000000000008e-01,1.649780000000000135e-01,3.673290000000000166e-01,-1.312570000000000126e-01,5.239819999999999478e-01,2.714349999999999818e-01,8.221819999999999684e-01,-1.156019999999999964e-01,3.332930000000000059e-01,-2.642390000000000017e-01,-2.332639999999999991e-01,-5.332499999999999740e-02,-2.799300000000000052e-02,4.146199999999999886e-02,1.000000000000000000e+00,-4.736200000000000132e-02,1.451030000000000098e-01,-1.533699999999999994e-02,-4.747400000000000231e-02,-4.233100000000000057e-02,3.923869999999999858e-01,1.398520000000000041e-01,7.012200000000000377e-02,2.822290000000000076e-01,2.810739999999999905e-01,-6.060800000000000215e-02,9.816500000000000226e-02,9.519400000000000084e-02,2.844280000000000141e-01,1.130519999999999997e-01,-3.057019999999999738e-01,1.913489999999999913e-01,1.473119999999999985e-01,3.030499999999999861e-02,-1.310769999999999991e-01,2.303040000000000087e-01,1.927989999999999982e-01,-8.015500000000000402e-02,-1.827840000000000020e-01,-1.125479999999999953e-01,-3.888699999999999796e-02,1.486619999999999886e-01,3.703389999999999738e-01,6.163910000000000222e-01,-3.409860000000000113e-01,2.539560000000000151e-01,2.120410000000000073e-01,6.315099999999999880e-02,3.696399999999999686e-02,3.570840000000000125e-01,2.493670000000000053e-01,6.563700000000000090e-01,9.628499999999999559e-02,2.095920000000000005e-01,3.166309999999999958e-01,-2.831259999999999888e-01,4.030999999999999861e-02,1.932709999999999984e-01,-1.247950000000000031e-01,9.259239999999999693e-01,-4.413000000000000256e-02,1.747199999999999864e-01,1.498899999999999955e-01,-1.862400000000000166e-02,-5.834999999999999909e-03,3.271160000000000179e-01,1.165000000000000063e-01,6.551700000000000579e-02,1.457299999999999915e-02,1.603590000000000015e-01,1.048800000000000010e-01,6.387900000000000522e-02
1.683149999999999924e-01,1.121110000000000023e-01,2.496379999999999988e-01,-2.269780000000000131e-01,4.837190000000000101e-01,5.224000000000000345e-03,3.902470000000000105e-01,-5.664899999999999797e-02,5.538100000000000245e-01,3.972140000000000115e-01,2.042009999999999936e-01,2.868160000000000154e-01,4.464330000000000243e-01,-2.875949999999999895e-01,9.032800000000000551e-02,1.386850000000000027e-01,6.477600000000000025e-02,1.122569999999999957e-01,-4.736200000000000132e-02,1.000000000000000000e+00,1.211210000000000064e-01,5.585020000000000540e-01,2.068300000000000000e-02,1.793859999999999899e-01,1.706040000000000056e-01,3.462300000000000100e-02,3.331810000000000049e-01,4.280309999999999948e-01,2.546050000000000257e-01,1.981340000000000046e-01,2.712809999999999944e-01,5.933599999999999985e-02,1.256839999999999902e-01,4.728700000000000264e-02,-5.600289999999999990e-01,4.364629999999999899e-01,3.772699999999999942e-01,3.021989999999999954e-01,-1.279240000000000099e-01,1.465259999999999896e-01,-1.499400000000000038e-02,-3.935060000000000224e-01,3.120799999999999963e-02,1.357500000000000026e-02,2.378139999999999976e-01,3.983099999999999835e-02,-1.673999999999999924e-03,7.546999999999999542e-02,-2.233330000000000037e-01,3.386939999999999951e-01,1.227619999999999961e-01,2.861739999999999839e-01,-2.751100000000000073e-02,4.915160000000000085e-01,4.123930000000000096e-01,7.744600000000000095e-02,4.555109999999999992e-01,4.099670000000000258e-01,2.182600000000000096e-01,9.446599999999999442e-02,7.799999999999999642e-03,2.090849999999999931e-01,-1.053189999999999960e-01,-1.010439999999999949e-01,6.437070000000000292e-01,9.917999999999999733e-03,3.634919999999999818e-01,1.345270000000000077e-01,1.319599999999999940e-01,9.504500000000000448e-02,-2.418899999999999939e-01,2.860690000000000177e-01,2.286219999999999919e-01,1.002490000000000048e-01,3.573299999999999810e-01,1.585399999999999865e-01
