1.000000000000000000e+00,1.076850000000000029e-01,8.256800000000000250e-02,-1.316340000000000010e-01,-3.456960000000000033e-01,-5.407459999999999489e-01,-1.693840000000000068e-01,-6.502310000000000034e-01,-3.760600000000000054e-02,-1.002230000000000065e-01,2.557760000000000034e-01,-4.735409999999999897e-01,-4.347630000000000106e-01,-2.878939999999999833e-01,6.664470000000000116e-01,3.533510000000000262e-01,8.866100000000000370e-02,-2.210000000000000159e-02,-6.697000000000000175e-02,6.074070000000000302e-01,1.119919999999999943e-01,6.829439999999999955e-01,-5.403170000000000472e-01,2.193029999999999979e-01,1.519790000000000030e-01,-5.883700000000000041e-02,4.053260000000000196e-01,-3.654800000000000271e-01,4.967920000000000114e-01,3.241900000000000337e-02,5.502320000000000544e-01,1.321650000000000047e-01,1.535920000000000063e-01,-1.807400000000000118e-01,-1.509840000000000071e-01,-3.770099999999999840e-02,-2.474540000000000073e-01,-1.307089999999999919e-01,3.842309999999999892e-01,-4.449999999999999789e-02,-1.677100000000000118e-02,-9.867000000000000770e-03,-9.878299999999999581e-02,-1.324710000000000054e-01,-1.228800000000000031e-01,7.282149999999999457e-01,4.478840000000000043e-01,-1.189920000000000005e-01,1.972810000000000119e-01,-1.432150000000000090e-01,-3.649709999999999899e-01,7.432300000000000018e-02,-6.764869999999999495e-01,-1.521139999999999992e-01,4.868900000000000311e-02,-1.952790000000000081e-01,-2.928839999999999777e-01,-3.461719999999999797e-01,6.471000000000000363e-02,5.841439999999999966e-01,6.048510000000000275e-01,4.402299999999999963e-02,7.899499999999999578e-02,-1.951519999999999921e-01,4.477149999999999741e-01,3.359260000000000024e-01,5.701770000000000449e-01,-3.919509999999999939e-01,1.464370000000000116e-01,3.191300000000000248e-01,2.061560000000000059e-01,5.222710000000000408e-01,-5.284300000000000108e-02,3.393610000000000237e-01,-2.568509999999999960e-01,3.980480000000000129e-01
1.076850000000000029e-01,1.000000000000000000e+00,1.707190000000000096e-01,2.174609999999999876e-01,-2.592809999999999837e-01,2.587679999999999980e-01,4.849930000000000074e-01,9.861399999999999333e-02,-4.363319999999999976e-01,6.948330000000000339e-01,-1.248790000000000039e-01,3.552429999999999755e-01,5.109909999999999730e-01,2.912599999999999911e-02,-1.419749999999999901e-01,6.193309999999999649e-01,8.156090000000000284e-01,6.732409999999999783e-01,9.094099999999999406e-02,2.403629999999999933e-01,2.058790000000000064e-01,3.293800000000000061e-01,1.371419999999999861e-01,4.852529999999999899e-01,8.718580000000000219e-01,6.126000000000000334e-01,5.149500000000000188e-01,4.855700000000000294e-02,3.444139999999999979e-01,-4.306050000000000155e-01,2.849940000000000251e-01,2.199160000000000004e-01,5.989349999999999952e-01,2.254539999999999877e-01,-4.000219999999999887e-01,4.806400000000000255e-02,1.219589999999999980e-01,3.498099999999999821e-02,2.462299999999999905e-02,4.688689999999999802e-01,5.171400000000000302e-02,-4.108160000000000145e-01,4.603999999999999759e-02,-1.614200000000000010e-02,1.802199999999999983e-02,1.133050000000000029e-01,4.720280000000000031e-01,-1.269949999999999968e-01,1.790299999999999878e-02,-1.578640000000000043e-01,1.942510000000000070e-01,3.208039999999999781e-01,-5.142800000000000149e-02,4.680299999999999738e-02,3.158549999999999969e-01,-1.161930000000000046e-01,4.513130000000000197e-01,2.275349999999999873e-01,-4.255899999999999961e-02,-1.800489999999999868e-01,3.074040000000000106e-01,6.667130000000000001e-01,4.355939999999999812e-01,2.257790000000000075e-01,2.299789999999999890e-01,2.640500000000000139e-02,2.668869999999999854e-01,-3.499700000000000033e-02,3.475500000000000117e-02,4.068990000000000107e-01,4.005310000000000259e-01,1.042690000000000006e-01,1.043520000000000003e-01,1.235269999999999979e-01,1.547399999999999887e-01,2.905719999999999970e-01
8.256800000000000250e-02,1.707190000000000096e-01,1.000000000000000000e+00,2.823590000000000266e-01,3.978600000000000192e-02,2.718149999999999733e-01,7.550199999999999967e-02,2.769300000000000095e-01,2.931909999999999794e-01,1.826300000000000145e-02,4.704039999999999888e-01,1.675669999999999937e-01,3.472589999999999844e-01,1.298999999999999981e-02,5.213099999999999679e-02,9.589999999999999913e-02,1.864369999999999916e-01,1.688219999999999998e-01,3.840810000000000057e-01,3.665089999999999737e-01,3.419869999999999854e-01,3.785890000000000088e-01,2.715389999999999748e-01,2.625950000000000228e-01,2.806839999999999891e-01,3.057289999999999730e-01,6.028100000000000125e-02,4.865559999999999885e-01,2.114520000000000011e-01,2.887759999999999772e-01,2.143809999999999882e-01,4.123500000000000082e-02,1.564820000000000100e-01,-8.446999999999999648e-03,-4.317719999999999891e-01,1.257810000000000039e-01,2.188140000000000085e-01,-2.817430000000000212e-01,2.804749999999999743e-01,8.023399999999999976e-02,1.545549999999999979e-01,-1.440289999999999904e-01,2.048760000000000026e-01,1.604760000000000075e-01,6.396799999999999708e-02,-3.391899999999999776e-02,-3.498600000000000321e-02,4.822980000000000045e-01,1.143470000000000042e-01,2.441709999999999992e-01,3.060220000000000162e-01,1.515350000000000030e-01,2.314269999999999938e-01,5.739330000000000265e-01,-5.444600000000000134e-02,2.315750000000000031e-01,4.095399999999999735e-02,2.648860000000000103e-01,-1.889000000000000054e-02,4.893600000000000033e-02,1.042900000000000077e-02,1.215259999999999951e-01,1.918900000000000050e-01,4.066370000000000262e-01,2.624779999999999891e-01,2.725830000000000197e-01,2.551559999999999939e-01,2.027319999999999955e-01,-8.452300000000000091e-02,-5.054999999999999771e-02,1.203589999999999938e-01,-2.246140000000000081e-01,4.585369999999999724e-01,1.402690000000000048e-01,2.818970000000000087e-01,1.949819999999999887e-01
-1.316340000000000010e-01,2.174609999999999876e-01,2.823590000000000266e-01,1.000000000000000000e+00,1.092510000000000009e-01,3.111500000000000030e-02,1.902830000000000077e-01,2.184399999999999953e-01,-2.121889999999999887e-01,2.713059999999999916e-01,2.819999999999999937e-02,1.741409999999999902e-01,2.465400000000000091e-01,-7.022399999999999476e-02,-3.532629999999999937e-01,1.311440000000000106e-01,2.464659999999999906e-01,1.579569999999999863e-01,6.951400000000000634e-02,-5.594099999999999767e-02,2.028570000000000095e-01,7.128999999999999920e-03,1.263350000000000029e-01,1.162139999999999979e-01,1.330000000000000071e-01,2.505620000000000069e-01,-6.748999999999999444e-02,3.015090000000000270e-01,-2.724499999999999839e-02,-7.870599999999999818e-02,2.367630000000000012e-01,4.827700000000000047e-02,5.145500000000000074e-02,3.337500000000000189e-02,-3.113890000000000269e-01,2.054690000000000127e-01,6.207759999999999945e-01,-1.691930000000000101e-01,-7.932599999999999374e-02,1.186040000000000011e-01,-7.442500000000000504e-02,-1.442060000000000008e-01,4.494100000000000178e-02,4.942030000000000034e-01,2.642800000000000149e-01,-1.746599999999999889e-02,8.332799999999999929e-02,4.310699999999999948e-02,-1.051060000000000050e-01,2.923890000000000100e-01,1.042720000000000036e-01,3.476460000000000106e-01,2.819929999999999937e-01,3.477210000000000023e-01,-1.900570000000000037e-01,2.179199999999999887e-02,2.040059999999999929e-01,2.971170000000000200e-01,-2.611530000000000240e-01,-2.672149999999999803e-01,-7.310899999999999344e-02,1.778180000000000038e-01,6.457699999999999552e-02,1.442940000000000056e-01,2.343830000000000080e-01,1.873529999999999918e-01,1.263319999999999999e-01,8.007000000000000228e-02,-1.141940000000000038e-01,-2.767000000000000015e-02,6.645099999999999618e-02,-4.240100000000000119e-02,2.518909999999999760e-01,2.476649999999999963e-01,2.841150000000000064e-01,3.489659999999999984e-01
-3.456960000000000033e-01,-2.592809999999999837e-01,3.978600000000000192e-02,1.092510000000000009e-01,1.000000000000000000e+00,7.086599999999999844e-02,3.970730000000000093e-01,1.558900000000000008e-01,4.200519999999999810e-01,-2.601530000000000231e-01,1.834510000000000030e-01,-6.022000000000000269e-02,1.044550000000000062e-01,2.040399999999999853e-02,-3.549129999999999785e-01,-1.766220000000000012e-01,-2.927779999999999827e-01,-2.362539999999999918e-01,5.656750000000000389e-01,-3.699069999999999858e-01,3.338999999999999954e-03,-4.729289999999999883e-01,5.239900000000000113e-02,-3.239029999999999965e-01,-2.705389999999999739e-01,-1.404360000000000053e-01,-2.251180000000000125e-01,1.651620000000000033e-01,-3.157119999999999926e-01,2.413669999999999982e-01,-1.853700000000000070e-01,1.260640000000000094e-01,-1.776349999999999874e-01,1.219340000000000007e-01,4.459699999999999775e-02,-1.191969999999999974e-01,4.112739999999999729e-01,-3.605599999999999777e-02,-7.046600000000000086e-02,6.899299999999999877e-02,1.074319999999999997e-01,2.125039999999999984e-01,-6.117999999999999827e-02,1.214100000000000040e-01,3.783420000000000116e-01,-2.276440000000000130e-01,-2.668980000000000241e-01,2.150680000000000092e-01,-2.970979999999999732e-01,3.730649999999999800e-01,5.534999999999999989e-03,2.198690000000000089e-01,3.232809999999999850e-01,4.002740000000000187e-01,-2.031669999999999865e-01,2.466820000000000124e-01,-1.755869999999999931e-01,1.494360000000000133e-01,-2.451419999999999988e-01,-5.031780000000000141e-01,-3.479360000000000230e-01,-1.277689999999999937e-01,-2.511700000000000044e-01,2.182320000000000093e-01,-2.175410000000000121e-01,-9.690500000000000502e-02,-4.181540000000000257e-01,8.379200000000000537e-02,-1.749590000000000034e-01,-1.952180000000000026e-01,-3.116160000000000041e-01,-2.464550000000000074e-01,-1.485509999999999886e-01,-1.087639999999999996e-01,1.934389999999999998e-01,-7.012699999999999489e-02
-5.407459999999999489e-01,2.587679999999999980e-01,2.718149999999999733e-01,3.111500000000000030e-02,7.086599999999999844e-02,1.000000000000000000e+00,1.987069999999999947e-01,8.226580000000000004e-01,2.024990000000000123e-01,2.052519999999999900e-01,-2.385100000000000067e-02,7.171769999999999534e-01,7.696870000000000100e-01,4.831199999999999939e-01,-3.142480000000000273e-01,-1.137029999999999985e-01,1.991559999999999997e-01,4.064050000000000162e-01,8.219200000000000117e-02,-2.091389999999999916e-01,-4.969200000000000006e-02,-2.076909999999999867e-01,8.480180000000000495e-01,1.279190000000000049e-01,2.048270000000000091e-01,4.897310000000000274e-01,6.981199999999999906e-02,5.268650000000000277e-01,1.114799999999999992e-02,-7.955500000000000071e-02,-4.470779999999999754e-01,-6.008600000000000052e-02,3.181499999999999884e-01,2.656819999999999737e-01,7.413200000000000345e-02,3.078440000000000065e-01,-1.385720000000000007e-01,-1.482030000000000014e-01,-2.101439999999999975e-01,2.243729999999999891e-01,2.592579999999999885e-01,-7.329299999999999704e-02,3.038649999999999962e-01,-6.270699999999999885e-02,-2.016449999999999909e-01,-6.735759999999999525e-01,-4.263660000000000228e-01,2.258189999999999920e-01,7.791900000000000215e-02,-1.776000000000000148e-02,4.989120000000000221e-01,-2.349179999999999879e-01,6.781530000000000058e-01,7.280000000000000013e-03,1.145069999999999977e-01,1.021930000000000061e-01,3.158170000000000144e-01,7.231100000000000028e-02,1.595880000000000076e-01,-3.170950000000000157e-01,-4.581339999999999857e-01,-1.449769999999999948e-01,-1.379569999999999963e-01,3.410639999999999783e-01,-3.898170000000000246e-01,-3.299599999999999755e-01,-3.691249999999999809e-01,5.499190000000000467e-01,-2.561570000000000236e-01,-4.525980000000000003e-01,-6.239200000000000301e-02,-4.395720000000000183e-01,4.738200000000000051e-02,-5.183069999999999622e-01,1.155820000000000042e-01,-4.977420000000000178e-01
-1.693840000000000068e-01,4.849930000000000074e-01,7.550199999999999967e-02,1.902830000000000077e-01,3.970730000000000093e-01,1.987069999999999947e-01,1.000000000000000000e+00,1.155390000000000028e-01,-1.068479999999999985e-01,3.401080000000000214e-01,-5.559100000000000152e-02,7.450800000000000478e-02,5.445400000000000240e-01,-2.112999999999999861e-03,-4.342920000000000114e-01,3.996029999999999860e-01,4.467840000000000145e-01,4.225240000000000107e-01,2.441939999999999944e-01,-2.718090000000000228e-01,1.373979999999999924e-01,-1.577359999999999873e-01,-9.733999999999999597e-03,-6.939999999999999555e-04,5.137140000000000040e-01,3.439949999999999952e-01,2.080670000000000019e-01,4.865999999999999666e-03,8.968399999999999983e-02,-3.245629999999999904e-01,1.161039999999999989e-01,2.028200000000000003e-01,3.346129999999999938e-01,2.998629999999999907e-01,-2.927040000000000197e-01,-8.883699999999999930e-02,3.177440000000000264e-01,-6.973000000000000032e-03,-2.149900000000000075e-02,4.034849999999999826e-01,1.599409999999999998e-01,-1.713270000000000071e-01,5.000500000000000084e-02,1.427299999999999923e-02,1.869089999999999918e-01,-1.194530000000000036e-01,1.497080000000000077e-01,-1.455680000000000029e-01,-2.796850000000000169e-01,6.053100000000000147e-02,7.920499999999999763e-02,4.846489999999999965e-01,1.038359999999999977e-01,2.300899999999999890e-01,2.280330000000000135e-01,-9.300200000000000133e-02,8.374600000000000100e-02,3.200720000000000232e-01,-1.904450000000000032e-01,-5.859649999999999581e-01,-9.512099999999999722e-02,3.985049999999999981e-01,8.678900000000000503e-02,1.052079999999999960e-01,-1.890640000000000098e-01,-9.587500000000000189e-02,-2.655660000000000243e-01,-1.291440000000000088e-01,-2.281729999999999869e-01,1.454229999999999967e-01,-4.573399999999999688e-02,-1.311730000000000118e-01,-1.470309999999999950e-01,-4.035600000000000298e-02,1.336279999999999968e-01,1.249159999999999993e-01
-6.502310000000000034e-01,9.861399999999999333e-02,2.769300000000000095e-01,2.184399999999999953e-01,1.558900000000000008e-01,8.226580000000000004e-01,1.155390000000000028e-01,1.000000000000000000e+00,4.588500000000000217e-02,1.929079999999999961e-01,-1.039970000000000061e-01,7.350809999999999844e-01,6.858419999999999517e-01,4.731779999999999875e-01,-4.814680000000000071e-01,-2.157969999999999888e-01,1.408820000000000072e-01,1.966360000000000052e-01,6.489000000000000323e-02,-3.571559999999999735e-01,9.861300000000000621e-02,-3.822699999999999987e-01,9.236360000000000126e-01,1.496699999999999975e-01,1.130199999999999955e-02,4.919789999999999996e-01,-2.708840000000000137e-01,4.884569999999999745e-01,-3.603759999999999741e-01,-1.330719999999999958e-01,-4.216239999999999988e-01,-4.579600000000000337e-02,1.701350000000000084e-01,2.427960000000000118e-01,-3.225800000000000195e-02,4.176529999999999965e-01,1.022770000000000068e-01,-1.472340000000000038e-01,-1.916180000000000105e-01,2.450499999999999901e-01,1.712309999999999943e-01,-1.525029999999999997e-01,4.349279999999999813e-01,6.340899999999999315e-02,-9.191900000000000071e-02,-5.954289999999999861e-01,-4.011669999999999958e-01,2.610839999999999828e-01,-1.501450000000000007e-01,1.278130000000000099e-01,5.496130000000000182e-01,-1.049800000000000039e-01,8.716890000000000471e-01,2.094799999999999995e-01,-1.085610000000000047e-01,1.373159999999999936e-01,3.924300000000000010e-01,3.009430000000000160e-01,3.722999999999999921e-02,-4.159590000000000232e-01,-5.919299999999999562e-01,-9.997300000000000630e-02,-9.641399999999999970e-02,2.851029999999999953e-01,-2.732879999999999754e-01,-1.274830000000000130e-01,-2.955969999999999986e-01,6.869009999999999838e-01,-1.799419999999999908e-01,-4.268199999999999772e-01,3.222400000000000264e-02,-5.452339999999999964e-01,1.021920000000000051e-01,-4.027080000000000104e-01,1.740130000000000010e-01,-3.804199999999999804e-01
-3.760600000000000054e-02,-4.363319999999999976e-01,2.931909999999999794e-01,-2.121889999999999887e-01,4.200519999999999810e-01,2.024990000000000123e-01,-1.068479999999999985e-01,4.588500000000000217e-02,1.000000000000000000e+00,-5.097340000000000204e-01,5.799609999999999488e-01,-1.353840000000000043e-01,-2.940999999999999864e-02,-2.039000000000000014e-03,2.790799999999999947e-01,-2.943689999999999918e-01,-4.776659999999999795e-01,-2.529830000000000134e-01,4.947529999999999983e-01,1.734310000000000018e-01,-4.072900000000000131e-02,6.077400000000000163e-02,5.893999999999999934e-02,-4.095110000000000139e-01,-3.924819999999999975e-01,-1.676769999999999927e-01,-3.344000000000000184e-03,2.258469999999999922e-01,1.738139999999999963e-01,5.547720000000000429e-01,-2.484830000000000094e-01,-1.400599999999999935e-02,-1.787980000000000125e-01,-3.620099999999999707e-02,3.086019999999999874e-01,5.030400000000000149e-02,-2.555000000000000049e-01,-9.613299999999999623e-02,-5.632500000000000007e-02,-2.530049999999999799e-01,1.428139999999999965e-01,4.766650000000000054e-01,1.462960000000000094e-01,-7.323899999999999855e-02,-1.467720000000000136e-01,-2.275399999999999923e-01,-4.688519999999999910e-01,4.102439999999999976e-01,9.118800000000000516e-02,-6.535499999999999643e-02,-1.177350000000000063e-01,-4.165039999999999853e-01,2.726999999999999910e-02,1.617810000000000081e-01,1.059589999999999976e-01,3.084759999999999724e-01,-4.247879999999999989e-01,-3.564399999999999791e-01,-5.709199999999999692e-02,1.875350000000000072e-01,-1.725949999999999984e-01,-5.106180000000000163e-01,-4.775639999999999885e-01,3.230919999999999903e-01,-1.086710000000000037e-01,-1.537630000000000108e-01,-1.700730000000000020e-01,-1.490000000000000005e-03,-1.883150000000000102e-01,-4.912110000000000087e-01,-3.064200000000000257e-01,-1.603749999999999898e-01,-1.768180000000000029e-01,-3.573040000000000105e-01,5.134099999999999775e-02,-3.041610000000000147e-01
-1.002230000000000065e-01,6.948330000000000339e-01,1.826300000000000145e-02,2.713059999999999916e-01,-2.601530000000000231e-01,2.052519999999999900e-01,3.401080000000000214e-01,1.929079999999999961e-01,-5.097340000000000204e-01,1.000000000000000000e+00,-3.798199999999999910e-01,5.752950000000000008e-01,4.981999999999999762e-01,6.795099999999999751e-02,-2.044380000000000086e-01,5.795749999999999513e-01,7.846049999999999969e-01,5.630979999999999874e-01,-7.554700000000000304e-02,6.520600000000000007e-02,3.147650000000000170e-01,1.285699999999999898e-01,1.856420000000000015e-01,6.468920000000000226e-01,6.259740000000000304e-01,5.783260000000000067e-01,2.884039999999999937e-01,4.134000000000000175e-02,3.382899999999999796e-02,-5.172350000000000003e-01,2.190680000000000127e-01,2.218320000000000014e-01,3.671880000000000144e-01,2.443230000000000124e-01,-3.907820000000000182e-01,5.875899999999999873e-02,2.546780000000000155e-01,2.662189999999999834e-01,4.924800000000000011e-02,5.059909999999999686e-01,-6.890899999999999803e-02,-3.720620000000000038e-01,-9.575300000000000478e-02,-1.101219999999999977e-01,2.386040000000000105e-01,9.052799999999999736e-02,2.450469999999999871e-01,1.167910000000000059e-01,1.173499999999999960e-01,-1.456210000000000004e-01,1.419060000000000044e-01,1.951620000000000021e-01,3.293700000000000100e-02,1.529949999999999921e-01,3.085720000000000129e-01,-1.104300000000000073e-02,7.109469999999999956e-01,2.671669999999999878e-01,2.377999999999999906e-03,-2.947719999999999785e-01,1.749999999999999889e-01,6.401229999999999976e-01,4.349339999999999873e-01,-1.359299999999999918e-02,1.493549999999999878e-01,9.019900000000000140e-02,2.204929999999999946e-01,-6.962000000000000306e-03,4.333569999999999922e-01,3.106059999999999932e-01,3.807539999999999814e-01,1.026040000000000008e-01,1.959049999999999958e-01,9.480800000000000338e-02,2.266730000000000134e-01,3.067540000000000266e-01
2.557760000000000034e-01,-1.248790000000000039e-01,4.704039999999999888e-01,2.819999999999999937e-02,1.834510000000000030e-01,-2.385100000000000067e-02,-5.559100000000000152e-02,-1.039970000000000061e-01,5.799609999999999488e-01,-3.798199999999999910e-01,1.000000000000000000e+00,-2.025059999999999916e-01,-8.898100000000000454e-02,-1.202109999999999984e-01,3.398019999999999929e-01,-2.051389999999999880e-01,-2.385329999999999950e-01,-1.684879999999999989e-01,4.478360000000000118e-01,3.860629999999999895e-01,-1.139560000000000017e-01,3.716289999999999871e-01,-1.550789999999999946e-01,-1.907449999999999979e-01,-9.656000000000000694e-02,-6.404600000000000570e-02,3.335899999999999976e-02,2.291940000000000088e-01,1.576859999999999928e-01,4.282670000000000088e-01,-1.250099999999999996e-02,-1.358360000000000123e-01,-1.419899999999999982e-02,-6.545299999999999729e-02,7.848600000000000021e-02,6.315400000000000180e-02,-1.604470000000000063e-01,-1.720359999999999945e-01,4.493300000000000072e-02,-1.994720000000000104e-01,1.700710000000000000e-01,3.214409999999999767e-01,9.049599999999999311e-02,1.463540000000000119e-01,-2.274299999999999933e-02,5.097499999999999948e-02,-2.413200000000000067e-01,1.432100000000000040e-01,1.341330000000000022e-01,2.718800000000000106e-01,-1.962810000000000110e-01,-1.979370000000000018e-01,-9.712700000000000500e-02,2.214579999999999882e-01,1.355079999999999896e-01,4.922799999999999954e-01,-4.190670000000000228e-01,-2.772930000000000117e-01,3.704999999999999960e-02,3.387530000000000263e-01,1.726000000000000104e-03,-2.810779999999999945e-01,-2.162660000000000138e-01,4.159160000000000079e-01,4.299399999999999750e-02,-7.728400000000000547e-02,4.151500000000000329e-02,-1.970010000000000094e-01,-1.159229999999999983e-01,-2.626580000000000026e-01,-4.924900000000000111e-02,-1.715099999999999958e-01,4.545500000000000235e-02,-1.693890000000000118e-01,7.169999999999999724e-04,-1.518720000000000070e-01
-4.735409999999999897e-01,3.552429999999999755e-01,1.675669999999999937e-01,1.741409999999999902e-01,-6.022000000000000269e-02,7.171769999999999534e-01,7.450800000000000478e-02,7.350809999999999844e-01,-1.353840000000000043e-01,5.752950000000000008e-01,-2.025059999999999916e-01,1.000000000000000000e+00,6.242370000000000418e-01,4.016299999999999870e-01,-2.877359999999999918e-01,4.419499999999999817e-02,3.564200000000000146e-01,3.248240000000000016e-01,6.560900000000000065e-02,-1.209800000000000042e-01,7.040899999999999936e-02,-1.708800000000000041e-01,7.622579999999999911e-01,5.419389999999999485e-01,2.001809999999999978e-01,5.389530000000000154e-01,6.866700000000000581e-02,3.392350000000000088e-01,-2.120259999999999923e-01,-2.555009999999999781e-01,-2.845039999999999791e-01,8.706999999999999462e-03,3.577960000000000029e-01,3.592159999999999798e-01,-6.592499999999999749e-02,2.625410000000000244e-01,5.471399999999999875e-02,1.030589999999999978e-01,-1.241040000000000060e-01,4.578800000000000092e-01,2.170439999999999869e-01,-1.778530000000000111e-01,1.736370000000000136e-01,-5.209899999999999948e-02,1.546819999999999862e-01,-4.071179999999999799e-01,-2.900170000000000248e-01,3.646380000000000177e-01,3.418399999999999911e-02,2.589999999999999854e-03,4.526729999999999920e-01,-1.420939999999999981e-01,5.624109999999999943e-01,1.241180000000000061e-01,9.389200000000000323e-02,2.348179999999999990e-01,7.069269999999999721e-01,1.513249999999999873e-01,1.639970000000000039e-01,-2.811279999999999890e-01,-3.391879999999999895e-01,9.135200000000000264e-02,2.901600000000000013e-02,2.875739999999999963e-01,-1.247459999999999958e-01,-1.711699999999999888e-01,-1.182320000000000038e-01,4.947730000000000183e-01,2.234770000000000090e-01,-2.715130000000000043e-01,1.352329999999999921e-01,-2.563340000000000063e-01,1.781949999999999923e-01,-3.049729999999999941e-01,2.026799999999999990e-01,-2.756950000000000234e-01
-4.347630000000000106e-01,5.109909999999999730e-01,3.472589999999999844e-01,2.465400000000000091e-01,1.044550000000000062e-01,7.696870000000000100e-01,5.445400000000000240e-01,6.858419999999999517e-01,-2.940999999999999864e-02,4.981999999999999762e-01,-8.898100000000000454e-02,6.242370000000000418e-01,1.000000000000000000e+00,2.387100000000000055e-01,-4.486060000000000048e-01,3.145390000000000130e-01,5.723780000000000534e-01,6.252050000000000107e-01,9.929399999999999338e-02,-1.491329999999999878e-01,2.179869999999999863e-01,-1.060389999999999944e-01,6.279759999999999787e-01,2.882730000000000015e-01,5.270129999999999537e-01,6.710720000000000018e-01,5.130200000000000038e-02,4.882830000000000226e-01,6.023200000000000082e-02,-2.849510000000000098e-01,-1.814089999999999869e-01,1.108999999999999986e-01,4.146420000000000106e-01,3.124069999999999903e-01,-3.204279999999999906e-01,2.016989999999999894e-01,1.581480000000000108e-01,-1.255620000000000069e-01,-1.454580000000000040e-01,4.096130000000000049e-01,2.081300000000000094e-01,-3.222639999999999949e-01,2.071409999999999918e-01,-8.379000000000000337e-02,1.205700000000000001e-02,-4.194280000000000230e-01,-1.353080000000000116e-01,1.888100000000000056e-01,-4.671899999999999664e-02,-2.389900000000000010e-02,4.616049999999999875e-01,1.099289999999999989e-01,5.459519999999999929e-01,2.554859999999999909e-01,2.627129999999999743e-01,6.286500000000000421e-02,4.217699999999999783e-01,3.961779999999999746e-01,-1.819300000000000084e-02,-5.457170000000000076e-01,-3.169859999999999900e-01,2.750560000000000227e-01,8.514099999999999446e-02,2.378079999999999916e-01,-1.708270000000000066e-01,-8.676300000000000678e-02,-1.908179999999999876e-01,3.572049999999999947e-01,-1.549270000000000092e-01,-1.353719999999999923e-01,1.088749999999999996e-01,-4.017470000000000208e-01,9.962799999999999434e-02,-2.214329999999999909e-01,2.456440000000000012e-01,-1.480930000000000024e-01
-2.878939999999999833e-01,2.912599999999999911e-02,1.298999999999999981e-02,-7.022399999999999476e-02,2.040399999999999853e-02,4.831199999999999939e-01,-2.112999999999999861e-03,4.731779999999999875e-01,-2.039000000000000014e-03,6.795099999999999751e-02,-1.202109999999999984e-01,4.016299999999999870e-01,2.387100000000000055e-01,1.000000000000000000e+00,-1.963600000000000068e-01,-2.158579999999999943e-01,-3.600000000000000091e-05,1.057659999999999989e-01,-1.171299999999999980e-01,-2.176539999999999864e-01,-8.119099999999999928e-02,-1.604619999999999935e-01,5.158399999999999652e-01,1.304069999999999951e-01,-4.823399999999999910e-02,1.208380000000000010e-01,6.638999999999999936e-03,2.561180000000000123e-01,-1.892210000000000003e-01,-1.086299999999999939e-02,-2.430980000000000085e-01,4.729699999999999876e-02,7.701500000000000012e-02,6.899800000000000377e-02,1.902560000000000084e-01,2.560990000000000211e-01,-7.761899999999999356e-02,-2.250600000000000170e-02,5.899700000000000083e-02,1.525299999999999989e-01,6.779200000000000503e-02,6.365099999999999925e-02,3.319590000000000041e-01,-9.112000000000000655e-02,-1.246239999999999987e-01,-2.183720000000000105e-01,-1.812779999999999947e-01,9.001399999999999679e-02,4.428100000000000092e-02,8.838600000000000623e-02,3.460400000000000142e-01,-1.002170000000000005e-01,3.868730000000000224e-01,-5.734299999999999814e-02,-8.614900000000000335e-02,1.423530000000000073e-01,2.284670000000000034e-01,3.467499999999999749e-02,4.570940000000000003e-01,-1.507169999999999899e-01,-2.452390000000000125e-01,-1.330069999999999864e-01,1.376899999999999999e-02,1.185269999999999935e-01,-1.936479999999999868e-01,-1.664690000000000059e-01,-1.505120000000000069e-01,3.849270000000000191e-01,-1.474920000000000120e-01,-2.332329999999999959e-01,-1.462160000000000126e-01,-1.356310000000000016e-01,1.423200000000000021e-01,-2.412420000000000120e-01,-1.490600000000000085e-02,-2.013929999999999887e-01
6.664470000000000116e-01,-1.419749999999999901e-01,5.213099999999999679e-02,-3.532629999999999937e-01,-3.549129999999999785e-01,-3.142480000000000273e-01,-4.342920000000000114e-01,-4.814680000000000071e-01,2.790799999999999947e-01,-2.044380000000000086e-01,3.398019999999999929e-01,-2.877359999999999918e-01,-4.486060000000000048e-01,-1.963600000000000068e-01,1.000000000000000000e+00,1.043300000000000061e-01,-2.164760000000000018e-01,-1.538910000000000000e-01,3.526900000000000174e-02,6.912700000000000511e-01,9.216499999999999693e-02,6.255359999999999809e-01,-3.438849999999999962e-01,1.184869999999999951e-01,-1.153330000000000050e-01,-2.240060000000000107e-01,3.734879999999999867e-01,-2.236819999999999919e-01,4.767480000000000051e-01,3.128500000000000170e-01,2.338129999999999931e-01,-2.808999999999999865e-03,-5.113499999999999990e-02,-1.748389999999999944e-01,9.516800000000000259e-02,-3.109299999999999911e-02,-4.670059999999999767e-01,-3.636500000000000149e-02,2.338449999999999973e-01,-2.376230000000000009e-01,5.736499999999999932e-02,1.841750000000000054e-01,-1.554820000000000091e-01,-3.770089999999999830e-01,-1.727700000000000069e-01,4.253020000000000134e-01,4.692999999999999949e-02,1.788609999999999922e-01,3.522339999999999915e-01,-2.419229999999999992e-01,-4.129970000000000030e-01,-3.739669999999999939e-01,-5.223710000000000298e-01,-3.008580000000000143e-01,1.451159999999999950e-01,2.641999999999999817e-03,-2.762700000000000156e-01,-6.300519999999999454e-01,1.851109999999999978e-01,7.889100000000000001e-01,4.724900000000000211e-01,-2.678539999999999810e-01,-8.075100000000000333e-02,-6.596000000000000300e-03,2.860469999999999957e-01,1.717940000000000023e-01,4.257290000000000241e-01,-2.695529999999999871e-01,2.538130000000000108e-01,-3.215599999999999709e-02,-9.405000000000000165e-03,4.413360000000000061e-01,-4.902900000000000313e-02,4.087199999999999861e-02,-2.888539999999999996e-01,3.161400000000000321e-02
3.533510000000000262e-01,6.193309999999999649e-01,9.589999999999999913e-02,1.311440000000000106e-01,-1.766220000000000012e-01,-1.137029999999999985e-01,3.996029999999999860e-01,-2.157969999999999888e-01,-2.943689999999999918e-01,5.795749999999999513e-01,-2.051389999999999880e-01,4.419499999999999817e-02,3.145390000000000130e-01,-2.158579999999999943e-01,1.043300000000000061e-01,1.000000000000000000e+00,6.723149999999999959e-01,6.469759999999999955e-01,1.991000000000000061e-02,3.914699999999999847e-01,4.696400000000000019e-01,4.112129999999999952e-01,-1.860670000000000102e-01,4.417070000000000163e-01,6.629080000000000528e-01,4.021939999999999960e-01,5.362230000000000052e-01,-1.998399999999999829e-02,5.163889999999999869e-01,-3.231589999999999741e-01,5.012959999999999638e-01,4.310249999999999915e-01,4.014559999999999795e-01,2.457050000000000067e-01,-4.305809999999999915e-01,-5.318799999999999917e-02,1.787870000000000015e-01,4.848600000000000132e-02,1.603229999999999933e-01,3.591559999999999753e-01,4.346900000000000069e-02,-2.341070000000000095e-01,-1.159909999999999969e-01,-1.908400000000000096e-01,1.237359999999999988e-01,4.713080000000000047e-01,4.579599999999999782e-01,6.148900000000000199e-02,5.697499999999999787e-02,-2.995470000000000077e-01,-6.506399999999999684e-02,2.511720000000000064e-01,-3.540969999999999951e-01,9.747699999999999421e-02,3.324869999999999770e-01,-2.179530000000000078e-01,2.622659999999999991e-01,1.098439999999999972e-01,-1.602899999999999880e-01,-1.295920000000000127e-01,5.182219999999999605e-01,5.783800000000000052e-01,3.471130000000000049e-01,-2.003159999999999941e-01,4.300840000000000218e-01,3.353829999999999867e-01,4.425640000000000129e-01,-2.488229999999999886e-01,1.820519999999999916e-01,4.051409999999999734e-01,2.133210000000000106e-01,3.887539999999999885e-01,9.445399999999999630e-02,3.888530000000000042e-01,2.254440000000000055e-01,5.629709999999999992e-01
8.866100000000000370e-02,8.156090000000000284e-01,1.864369999999999916e-01,2.464659999999999906e-01,-2.927779999999999827e-01,1.991559999999999997e-01,4.467840000000000145e-01,1.408820000000000072e-01,-4.776659999999999795e-01,7.846049999999999969e-01,-2.385329999999999950e-01,3.564200000000000146e-01,5.723780000000000534e-01,-3.600000000000000091e-05,-2.164760000000000018e-01,6.723149999999999959e-01,1.000000000000000000e+00,7.262239999999999807e-01,-8.781300000000000217e-02,1.673399999999999888e-01,3.279599999999999738e-01,2.841659999999999742e-01,1.353330000000000088e-01,5.097800000000000109e-01,8.316949999999999621e-01,6.612149999999999972e-01,3.084370000000000167e-01,1.114139999999999991e-01,2.272780000000000078e-01,-5.164269999999999694e-01,3.599209999999999909e-01,3.356290000000000107e-01,5.064459999999999518e-01,1.905729999999999924e-01,-4.871369999999999867e-01,7.753100000000000269e-02,1.885409999999999864e-01,5.611900000000000222e-02,1.253249999999999920e-01,5.344609999999999639e-01,-8.189000000000000098e-03,-4.398360000000000047e-01,4.404600000000000182e-02,-6.526899999999999369e-02,2.319999999999999840e-02,2.013179999999999970e-01,4.168930000000000136e-01,-9.169900000000000273e-02,2.444899999999999851e-02,-1.440700000000000036e-01,1.964549999999999907e-01,3.164429999999999743e-01,-3.588199999999999723e-02,1.759110000000000118e-01,3.663540000000000130e-01,-1.443840000000000123e-01,4.936670000000000225e-01,3.546409999999999840e-01,-5.701699999999999824e-02,-2.111000000000000099e-01,2.987710000000000088e-01,7.417080000000000339e-01,4.687080000000000135e-01,-3.280799999999999689e-02,2.711000000000000076e-01,1.534280000000000088e-01,3.470630000000000104e-01,-4.576199999999999712e-02,1.237169999999999936e-01,4.075810000000000266e-01,4.816969999999999863e-01,1.982899999999999940e-02,1.873620000000000008e-01,1.727760000000000129e-01,2.379290000000000016e-01,3.819420000000000037e-01
-2.210000000000000159e-02,6.732409999999999783e-01,1.688219999999999998e-01,1.579569999999999863e-01,-2.362539999999999918e-01,4.064050000000000162e-01,4.225240000000000107e-01,1.966360000000000052e-01,-2.529830000000000134e-01,5.630979999999999874e-01,-1.684879999999999989e-01,3.248240000000000016e-01,6.252050000000000107e-01,1.057659999999999989e-01,-1.538910000000000000e-01,6.469759999999999955e-01,7.262239999999999807e-01,1.000000000000000000e+00,-8.534999999999999531e-02,7.978599999999999581e-02,2.848760000000000181e-01,2.053959999999999952e-01,1.846929999999999961e-01,3.181100000000000039e-01,7.482550000000000034e-01,5.756520000000000525e-01,3.924940000000000095e-01,3.932490000000000152e-01,4.545239999999999836e-01,-2.867750000000000021e-01,1.739390000000000103e-01,2.363349999999999895e-01,4.205180000000000029e-01,1.691509999999999958e-01,-2.509359999999999924e-01,-7.798700000000000077e-02,1.668899999999999897e-02,-1.818460000000000076e-01,-8.684000000000000052e-02,3.040530000000000177e-01,6.710399999999999698e-02,-2.351100000000000134e-01,-1.463599999999999970e-02,-1.546510000000000107e-01,-1.103449999999999986e-01,-2.138500000000000123e-02,1.797880000000000034e-01,-5.118500000000000133e-02,1.281539999999999901e-01,-3.023819999999999841e-01,9.375799999999999412e-02,1.124109999999999970e-01,8.628000000000000252e-03,-1.145069999999999977e-01,3.958530000000000104e-01,-1.956930000000000058e-01,3.025800000000000156e-01,1.095779999999999949e-01,-3.213900000000000090e-02,-1.871170000000000055e-01,1.338709999999999900e-01,4.311039999999999872e-01,2.379000000000000004e-01,-2.481799999999999978e-02,9.161299999999999999e-02,1.816699999999999912e-02,1.204999999999999960e-01,-8.415899999999999770e-02,-1.247349999999999987e-01,1.536959999999999993e-01,1.577669999999999906e-01,-1.582999999999999989e-03,1.064319999999999988e-01,2.451000000000000054e-03,2.338349999999999873e-01,1.593839999999999979e-01
-6.697000000000000175e-02,9.094099999999999406e-02,3.840810000000000057e-01,6.951400000000000634e-02,5.656750000000000389e-01,8.219200000000000117e-02,2.441939999999999944e-01,6.489000000000000323e-02,4.947529999999999983e-01,-7.554700000000000304e-02,4.478360000000000118e-01,6.560900000000000065e-02,9.929399999999999338e-02,-1.171299999999999980e-01,3.526900000000000174e-02,1.991000000000000061e-02,-8.781300000000000217e-02,-8.534999999999999531e-02,1.000000000000000000e+00,1.402670000000000028e-01,1.330330000000000124e-01,3.479700000000000154e-02,3.401499999999999663e-02,-2.057700000000000154e-02,7.813000000000000500e-03,1.667170000000000041e-01,6.409299999999999720e-02,1.190269999999999939e-01,4.042400000000000160e-02,3.052460000000000173e-01,-1.336500000000000014e-02,1.412229999999999874e-01,1.263029999999999986e-01,1.168249999999999983e-01,-5.703400000000000136e-02,-1.211000000000000054e-03,2.013909999999999867e-01,-6.501099999999999934e-02,-3.035399999999999904e-02,1.838859999999999939e-01,1.500740000000000129e-01,1.594810000000000116e-01,-2.587100000000000163e-02,9.008399999999999741e-02,2.786969999999999725e-01,-1.057779999999999970e-01,-1.077270000000000033e-01,4.746440000000000103e-01,-7.807000000000000051e-02,6.321899999999999742e-02,-5.576300000000000007e-02,4.145200000000000273e-02,8.359700000000000464e-02,3.616849999999999787e-01,3.730300000000000282e-02,2.589690000000000047e-01,-9.251399999999999901e-02,-6.547100000000000142e-02,-3.301819999999999755e-01,-1.157920000000000060e-01,-8.726799999999999835e-02,2.448000000000000089e-03,-9.114300000000000179e-02,6.780789999999999873e-01,5.915499999999999925e-02,2.952999999999999896e-03,-5.045800000000000285e-02,-3.042399999999999965e-02,-1.317699999999999948e-02,-8.659999999999999643e-02,-4.643300000000000205e-02,-1.721669999999999867e-01,-1.051079999999999931e-01,-9.643000000000000183e-02,1.290860000000000063e-01,-9.367000000000000326e-03
6.074070000000000302e-01,2.403629999999999933e-01,3.665089999999999737e-01,-5.594099999999999767e-02,-3.699069999999999858e-01,-2.091389999999999916e-01,-2.718090000000000228e-01,-3.571559999999999735e-01,1.734310000000000018e-01,6.520600000000000007e-02,3.860629999999999895e-01,-1.209800000000000042e-01,-1.491329999999999878e-01,-2.176539999999999864e-01,6.912700000000000511e-01,3.914699999999999847e-01,1.673399999999999888e-01,7.978599999999999581e-02,1.402670000000000028e-01,1.000000000000000000e+00,2.507249999999999757e-01,8.252540000000000431e-01,-2.043919999999999904e-01,2.913040000000000074e-01,2.305750000000000022e-01,2.234600000000000128e-02,5.027589999999999559e-01,-4.619399999999999895e-02,5.912410000000000165e-01,2.300909999999999900e-01,4.664499999999999758e-01,1.024749999999999966e-01,1.065900000000000042e-01,-9.701300000000000201e-02,-2.642619999999999969e-01,1.140759999999999968e-01,-1.711330000000000073e-01,-4.895700000000000052e-02,2.575109999999999899e-01,-1.058629999999999988e-01,-6.958999999999999908e-03,3.226999999999999834e-03,-4.716800000000000159e-02,-1.839020000000000099e-01,-1.258630000000000027e-01,4.990769999999999929e-01,2.732209999999999916e-01,2.712010000000000254e-01,3.090439999999999854e-01,-1.273239999999999927e-01,-1.206910000000000066e-01,-1.552000000000000046e-01,-4.370470000000000188e-01,5.712699999999999723e-02,2.384550000000000003e-01,7.277899999999999647e-02,3.198600000000000054e-02,-2.248570000000000013e-01,1.008180000000000048e-01,5.422860000000000458e-01,6.036620000000000319e-01,1.506419999999999981e-01,1.761189999999999978e-01,6.418500000000000594e-02,6.545950000000000379e-01,2.860389999999999877e-01,6.863179999999999836e-01,-1.510730000000000128e-01,2.356779999999999986e-01,1.390540000000000109e-01,2.854220000000000090e-01,4.343480000000000119e-01,1.986650000000000083e-01,3.178500000000000214e-01,8.738999999999999546e-02,3.335690000000000044e-01
