1.000000000000000000e+00,2.729059999999999819e-01,-8.309199999999999919e-02,1.882129999999999914e-01,-2.363389999999999935e-01,8.218999999999999917e-02,1.425549999999999873e-01,2.550279999999999769e-01,-1.090170000000000028e-01,2.955559999999999854e-01,-7.027899999999999425e-02,1.948779999999999957e-01,2.537699999999999956e-01,-4.459000000000000290e-03,4.576810000000000045e-01,5.330289999999999750e-01,3.739469999999999739e-01,3.309070000000000067e-01,1.482279999999999986e-01,4.950860000000000261e-01,6.345830000000000082e-01,5.546839999999999549e-01,1.143050000000000038e-01,4.836869999999999781e-01,2.420400000000000051e-01,4.975660000000000083e-01,5.615900000000000059e-02,3.398829999999999907e-01,3.782780000000000031e-01,4.566709999999999936e-01,6.497070000000000345e-01,3.223599999999999799e-01,2.714520000000000266e-01,3.000249999999999861e-01,-1.303799999999999924e-02,3.345719999999999805e-01,-1.023820000000000008e-01,1.895799999999999985e-01,2.445950000000000069e-01,1.197900000000000006e-02,1.302770000000000039e-01,3.025349999999999984e-01,2.351840000000000042e-01,4.028099999999999736e-02,-4.103169999999999873e-01,7.026569999999999760e-01,2.212400000000000130e-02,-4.968000000000000194e-03,-3.218200000000000227e-02,-3.127090000000000147e-01,-1.783980000000000010e-01,-2.255830000000000057e-01,2.105489999999999862e-01,-1.494840000000000058e-01,3.427000000000000046e-01,-4.432900000000000035e-02,1.536339999999999928e-01,6.027600000000000319e-02,-7.504600000000000160e-02,4.734499999999999820e-01,2.276229999999999920e-01,4.536830000000000029e-01,2.113839999999999886e-01,1.215279999999999971e-01,3.614290000000000003e-01,6.278280000000000527e-01,4.920240000000000169e-01,7.289999999999999605e-03,4.812969999999999748e-01,1.471310000000000118e-01,4.445959999999999912e-01,1.585100000000000051e-02,2.578810000000000269e-01,2.862040000000000139e-01,3.093609999999999971e-01,5.556590000000000140e-01
2.729059999999999819e-01,1.000000000000000000e+00,4.628650000000000264e-01,2.633579999999999810e-01,9.627000000000000141e-03,8.634969999999999590e-01,1.164749999999999952e-01,6.202119999999999855e-01,3.649540000000000006e-01,3.290009999999999879e-01,3.051420000000000243e-01,4.864419999999999855e-01,6.224290000000000100e-01,2.924350000000000005e-01,2.039200000000000040e-02,7.447679999999999856e-01,8.294550000000000534e-01,7.870409999999999906e-01,5.241919999999999913e-01,3.061619999999999897e-01,2.041199999999999959e-01,5.096899999999999764e-01,5.611180000000000057e-01,4.185630000000000184e-01,7.725619999999999710e-01,7.791979999999999462e-01,4.034780000000000033e-01,4.282270000000000243e-01,5.729180000000000383e-01,9.131599999999999440e-02,1.975329999999999864e-01,-1.881130000000000024e-01,1.944019999999999915e-01,-2.649239999999999928e-01,-5.485480000000000356e-01,1.989559999999999940e-01,4.041199999999999654e-02,-1.398149999999999948e-01,-2.079129999999999867e-01,-1.546999999999999938e-02,-3.098529999999999895e-01,-2.332760000000000111e-01,5.579100000000000031e-02,3.282299999999999801e-02,-3.441239999999999855e-01,-8.437500000000000555e-02,7.609909999999999730e-01,4.903210000000000068e-01,-2.654770000000000185e-01,1.264840000000000131e-01,6.184030000000000360e-01,3.749600000000000155e-02,5.619739999999999736e-01,2.849820000000000131e-01,2.743430000000000035e-01,1.994660000000000044e-01,3.195649999999999880e-01,4.925510000000000166e-01,-1.508609999999999951e-01,-5.783599999999999852e-02,6.498530000000000140e-01,4.314419999999999922e-01,5.644529999999999825e-01,5.477009999999999934e-01,4.359480000000000022e-01,1.300979999999999914e-01,3.589809999999999945e-01,5.131090000000000373e-01,3.678499999999999825e-02,7.311839999999999451e-01,6.245460000000000456e-01,5.044300000000000450e-01,4.232659999999999756e-01,3.539080000000000004e-01,2.854860000000000175e-01,5.433199999999999835e-02
-8.309199999999999919e-02,4.628650000000000264e-01,1.000000000000000000e+00,1.275219999999999965e-01,2.549699999999999744e-01,6.073880000000000390e-01,1.328620000000000079e-01,4.708910000000000040e-01,6.320919999999999872e-01,2.798860000000000237e-01,7.646269999999999456e-01,3.401469999999999771e-01,4.592999999999999861e-01,2.600310000000000121e-01,1.918100000000000013e-02,3.270719999999999739e-01,4.017089999999999828e-01,4.286190000000000278e-01,7.480750000000000455e-01,2.585560000000000080e-01,-1.348199999999999919e-02,2.696109999999999896e-01,6.818290000000000184e-01,-5.587400000000000005e-02,4.467160000000000020e-01,4.047629999999999839e-01,7.192939999999999889e-01,4.325809999999999933e-01,6.081069999999999531e-01,1.363689999999999902e-01,1.104310000000000014e-01,-4.872890000000000277e-01,-2.010100000000000081e-02,-4.006109999999999949e-01,-6.725640000000000507e-01,-8.225000000000000366e-02,3.235699999999999688e-02,-2.853080000000000060e-01,-4.962929999999999842e-01,-2.368550000000000100e-01,-4.523949999999999916e-01,-3.208460000000000201e-01,-3.704600000000000254e-02,2.063999999999999863e-03,-3.493240000000000234e-01,-3.837280000000000135e-01,4.293179999999999774e-01,9.547139999999999516e-01,-4.685579999999999745e-01,2.684920000000000084e-01,6.566109999999999447e-01,2.330810000000000104e-01,3.781769999999999854e-01,5.873049999999999660e-01,1.849800000000000055e-01,7.015000000000000124e-01,1.091349999999999959e-01,4.384899999999999909e-01,-8.677899999999999503e-02,-7.730900000000000272e-02,5.384959999999999747e-01,2.660199999999999787e-01,3.893480000000000274e-01,8.058950000000000280e-01,4.051319999999999921e-01,-5.360000000000000181e-04,1.263410000000000089e-01,6.312149999999999705e-01,-3.963119999999999976e-01,4.389219999999999788e-01,2.205729999999999913e-01,7.176200000000000356e-01,3.843659999999999854e-01,3.835339999999999860e-01,2.819610000000000172e-01,1.342999999999999923e-02
1.882129999999999914e-01,2.633579999999999810e-01,1.275219999999999965e-01,1.000000000000000000e+00,4.260379999999999723e-01,2.701569999999999805e-01,5.934679999999999955e-01,4.161070000000000046e-01,4.670929999999999804e-01,5.882340000000000346e-01,3.880660000000000220e-01,5.069470000000000365e-01,5.059730000000000061e-01,6.492550000000000265e-01,-1.092459999999999959e-01,1.388540000000000052e-01,2.066870000000000096e-01,2.768189999999999817e-01,1.243459999999999982e-01,1.751050000000000106e-01,1.955199999999999994e-02,1.453430000000000000e-01,1.538410000000000055e-01,1.607709999999999972e-01,1.449640000000000095e-01,9.047299999999999787e-02,1.135359999999999980e-01,5.329479999999999773e-01,1.811500000000000055e-01,1.460650000000000004e-01,4.241489999999999982e-01,-2.562280000000000113e-01,8.208100000000000118e-02,-1.152529999999999943e-01,-3.880279999999999840e-01,3.463450000000000140e-01,4.180809999999999804e-01,3.184879999999999933e-01,-3.486270000000000202e-01,-1.729849999999999999e-01,-2.486939999999999984e-01,-2.331599999999999992e-02,5.180860000000000465e-01,5.319690000000000252e-01,-5.045500000000000540e-01,4.722999999999999768e-03,-6.100699999999999873e-02,1.683979999999999921e-01,7.409399999999999320e-02,3.391870000000000163e-01,2.076719999999999955e-01,-1.943000000000000066e-03,2.722840000000000260e-01,3.322019999999999973e-01,6.163330000000000197e-01,3.148139999999999827e-01,6.077240000000000419e-01,4.491559999999999997e-01,4.271400000000000197e-01,-1.211279999999999996e-01,1.082520000000000010e-01,5.003680000000000350e-01,-4.270999999999999797e-02,1.544959999999999944e-01,1.485090000000000021e-01,1.365639999999999910e-01,1.139290000000000025e-01,1.702339999999999964e-01,2.979930000000000079e-01,2.453859999999999930e-01,1.567169999999999952e-01,1.514439999999999953e-01,4.661969999999999725e-01,-7.796599999999999364e-02,8.678500000000000103e-02,2.187900000000000122e-01
-2.363389999999999935e-01,9.627000000000000141e-03,2.549699999999999744e-01,4.260379999999999723e-01,1.000000000000000000e+00,8.974100000000000132e-02,6.936109999999999776e-01,7.234200000000000352e-02,7.615960000000000507e-01,5.392470000000000319e-01,6.114410000000000123e-01,4.016259999999999830e-01,4.396889999999999965e-01,5.881819999999999826e-01,-4.929959999999999898e-01,-3.363499999999999823e-02,-1.024459999999999954e-01,2.687120000000000064e-01,6.383099999999999885e-02,-3.407640000000000113e-01,-5.933399999999999785e-01,-2.670980000000000021e-01,-1.566359999999999975e-01,-1.900979999999999892e-01,-1.360270000000000090e-01,-3.570079999999999920e-01,1.270719999999999905e-01,2.031799999999999995e-01,-1.099649999999999933e-01,-4.495140000000000247e-01,-8.202500000000000069e-02,-7.130170000000000119e-01,-1.416300000000000059e-01,-3.457160000000000233e-01,-4.317360000000000086e-01,-1.776469999999999994e-01,1.486089999999999911e-01,1.735990000000000033e-01,-7.428190000000000071e-01,-3.913079999999999892e-01,-4.059519999999999795e-01,-2.160269999999999968e-01,1.093279999999999946e-01,2.891659999999999786e-01,-3.780720000000000192e-01,-4.542260000000000186e-01,-2.526229999999999865e-01,2.650770000000000071e-01,-1.807719999999999883e-01,7.782599999999999518e-01,2.979120000000000101e-01,4.575670000000000015e-01,-4.373799999999999910e-02,7.170790000000000219e-01,4.529819999999999958e-01,5.772239999999999593e-01,4.849459999999999882e-01,4.467010000000000147e-01,4.926539999999999808e-01,-5.454369999999999497e-01,1.379249999999999921e-01,3.073910000000000253e-01,1.273080000000000045e-01,1.265809999999999991e-01,-2.312780000000000113e-01,-4.693350000000000022e-01,-4.177950000000000275e-01,-4.490899999999999753e-02,-9.312399999999999844e-02,8.296099999999999308e-02,-4.194300000000000250e-01,2.418490000000000084e-01,1.055569999999999981e-01,-4.074039999999999884e-01,-4.628160000000000052e-01,-2.934539999999999926e-01
8.218999999999999917e-02,8.634969999999999590e-01,6.073880000000000390e-01,2.701569999999999805e-01,8.974100000000000132e-02,1.000000000000000000e+00,6.482000000000000262e-02,7.331229999999999691e-01,4.828859999999999819e-01,2.547229999999999772e-01,4.590929999999999733e-01,3.478589999999999738e-01,6.093520000000000048e-01,2.945059999999999900e-01,4.857299999999999812e-02,5.594010000000000371e-01,7.175770000000000204e-01,6.992699999999999472e-01,6.066799999999999971e-01,2.617410000000000014e-01,1.770589999999999942e-01,3.983110000000000261e-01,7.407789999999999653e-01,4.235599999999999921e-01,7.106320000000000414e-01,6.909250000000000114e-01,4.870229999999999837e-01,4.062520000000000020e-01,5.585470000000000157e-01,8.217900000000000205e-02,1.565539999999999987e-01,-3.294880000000000031e-01,1.726899999999999963e-02,-3.374389999999999890e-01,-6.117350000000000287e-01,2.598480000000000234e-01,5.632500000000000007e-02,-1.753889999999999894e-01,-3.401410000000000267e-01,-1.426620000000000110e-01,-4.071040000000000214e-01,-3.897510000000000141e-01,1.164469999999999950e-01,1.728599999999999928e-02,-2.902540000000000120e-01,-1.814979999999999927e-01,7.619690000000000074e-01,6.092049999999999965e-01,-1.875749999999999917e-01,2.586060000000000025e-01,8.012949999999999795e-01,1.176979999999999971e-01,6.839250000000000052e-01,4.324319999999999831e-01,1.538599999999999968e-01,3.616840000000000055e-01,2.727609999999999757e-01,4.881260000000000043e-01,-4.808599999999999680e-02,-6.170199999999999990e-02,5.944209999999999772e-01,3.280689999999999995e-01,5.292890000000000095e-01,6.563419999999999810e-01,4.394290000000000140e-01,1.214289999999999953e-01,3.145959999999999868e-01,7.351870000000000349e-01,2.015199999999999977e-02,7.052110000000000323e-01,5.926169999999999494e-01,5.849849999999999772e-01,4.146039999999999726e-01,3.554100000000000037e-01,3.323610000000000175e-01,4.831599999999999784e-02
1.425549999999999873e-01,1.164749999999999952e-01,1.328620000000000079e-01,5.934679999999999955e-01,6.936109999999999776e-01,6.482000000000000262e-02,1.000000000000000000e+00,-1.610000000000000103e-04,5.730929999999999636e-01,5.643099999999999783e-01,4.467709999999999737e-01,3.986899999999999888e-01,4.112399999999999944e-01,5.011250000000000426e-01,-3.070729999999999849e-01,1.229500000000000037e-01,8.985500000000000431e-02,2.958669999999999911e-01,6.784300000000000053e-02,-2.030289999999999873e-01,-3.336330000000000129e-01,-1.210589999999999999e-01,-1.954039999999999944e-01,-1.759380000000000110e-01,1.523089999999999999e-01,-1.212059999999999943e-01,2.549009999999999887e-01,2.342660000000000020e-01,2.283949999999999869e-01,-2.469540000000000068e-01,7.833500000000000185e-02,-4.421300000000000230e-01,7.412100000000000632e-02,-2.426969999999999961e-01,-3.786499999999999866e-01,-5.358799999999999675e-02,1.285040000000000071e-01,1.897349999999999870e-01,-4.930320000000000258e-01,-2.685609999999999942e-01,-2.914510000000000156e-01,-4.172900000000000220e-02,9.169700000000000073e-02,2.682849999999999957e-01,-4.758439999999999892e-01,-1.888070000000000026e-01,-2.224849999999999883e-01,1.443689999999999973e-01,-1.667059999999999931e-01,4.746250000000000191e-01,3.470700000000000174e-02,3.857019999999999893e-01,-1.742630000000000012e-01,4.519270000000000231e-01,5.511519999999999753e-01,3.086829999999999852e-01,3.799930000000000252e-01,3.248519999999999741e-01,3.107900000000000107e-01,-3.418220000000000147e-01,1.065500000000000058e-01,3.789640000000000231e-01,4.502599999999999658e-02,2.016499999999999890e-02,-4.012399999999999994e-02,-1.720230000000000092e-01,-2.273999999999999910e-01,-2.048629999999999896e-01,-4.598999999999999790e-03,1.841800000000000104e-01,-2.296640000000000070e-01,2.763570000000000193e-01,8.050799999999999623e-02,-1.180049999999999988e-01,-2.944289999999999963e-01,-1.187399999999999983e-01
2.550279999999999769e-01,6.202119999999999855e-01,4.708910000000000040e-01,4.161070000000000046e-01,7.234200000000000352e-02,7.331229999999999691e-01,-1.610000000000000103e-04,1.000000000000000000e+00,3.736860000000000182e-01,3.345420000000000060e-01,4.066310000000000202e-01,4.863939999999999930e-01,5.689790000000000125e-01,4.132779999999999787e-01,2.547110000000000207e-01,3.793659999999999810e-01,4.501029999999999753e-01,5.090430000000000232e-01,4.993389999999999773e-01,4.284410000000000163e-01,4.276619999999999866e-01,4.050230000000000219e-01,8.016130000000000200e-01,5.110200000000000298e-01,3.472500000000000031e-01,5.495050000000000212e-01,2.699829999999999730e-01,5.632829999999999782e-01,3.655079999999999996e-01,3.618739999999999735e-01,3.881479999999999930e-01,-1.983489999999999975e-01,-3.156199999999999978e-02,-2.019400000000000084e-01,-4.771920000000000051e-01,4.628860000000000197e-01,2.470779999999999921e-01,7.120999999999999552e-02,-2.623360000000000136e-01,-1.932780000000000054e-01,-3.347359999999999780e-01,-8.158899999999999486e-02,2.842580000000000107e-01,1.399209999999999898e-01,-4.255709999999999771e-01,7.929799999999999349e-02,4.051540000000000141e-01,5.100369999999999626e-01,-1.934379999999999988e-01,1.714080000000000048e-01,6.033129999999999882e-01,-1.208940000000000015e-01,8.836399999999999810e-01,3.589209999999999900e-01,3.511250000000000204e-01,4.762430000000000274e-01,4.927570000000000006e-01,4.911070000000000157e-01,1.813909999999999967e-01,1.838110000000000022e-01,4.486689999999999845e-01,4.072479999999999989e-01,3.109149999999999969e-01,5.678490000000000482e-01,4.110820000000000030e-01,4.374640000000000195e-01,3.759689999999999976e-01,7.508240000000000469e-01,2.864970000000000017e-01,4.077919999999999878e-01,5.978200000000000180e-01,3.352100000000000080e-01,5.930469999999999908e-01,2.363240000000000063e-01,4.119929999999999981e-01,3.121030000000000193e-01
-1.090170000000000028e-01,3.649540000000000006e-01,6.320919999999999872e-01,4.670929999999999804e-01,7.615960000000000507e-01,4.828859999999999819e-01,5.730929999999999636e-01,3.736860000000000182e-01,1.000000000000000000e+00,5.426389999999999825e-01,8.537310000000000176e-01,5.151250000000000551e-01,5.810239999999999849e-01,5.003419999999999535e-01,-3.287709999999999799e-01,2.004779999999999895e-01,2.842160000000000242e-01,5.203280000000000127e-01,5.560220000000000162e-01,-4.689100000000000212e-02,-3.268090000000000162e-01,5.590200000000000030e-02,2.271769999999999901e-01,2.227399999999999866e-02,3.055629999999999735e-01,8.951299999999999535e-02,5.842580000000000551e-01,3.801899999999999724e-01,3.214989999999999792e-01,-1.818970000000000031e-01,9.789200000000000679e-02,-7.370550000000000157e-01,-1.566510000000000125e-01,-5.031459999999999821e-01,-7.258689999999999864e-01,2.185600000000000043e-02,1.610409999999999897e-01,-2.176000000000000156e-02,-7.718340000000000201e-01,-4.545980000000000021e-01,-6.074300000000000255e-01,-3.867360000000000242e-01,1.540360000000000062e-01,2.335790000000000088e-01,-4.859680000000000111e-01,-3.940089999999999981e-01,1.240969999999999990e-01,6.283349999999999769e-01,-2.858649999999999802e-01,7.164810000000000345e-01,5.825390000000000290e-01,5.441820000000000546e-01,2.199599999999999889e-01,9.193000000000000060e-01,4.748499999999999943e-01,7.412159999999999860e-01,5.390650000000000164e-01,5.078439999999999621e-01,2.575359999999999872e-01,-4.054180000000000006e-01,4.319319999999999826e-01,4.409799999999999831e-01,3.323789999999999800e-01,5.989240000000000119e-01,1.543660000000000032e-01,-2.665660000000000251e-01,-1.379140000000000088e-01,2.807029999999999803e-01,-8.319899999999999518e-02,4.316189999999999749e-01,-3.987399999999999972e-02,6.648840000000000305e-01,2.946039999999999770e-01,-6.827999999999999868e-03,-6.291700000000000070e-02,-1.013460000000000055e-01
2.955559999999999854e-01,3.290009999999999879e-01,2.798860000000000237e-01,5.882340000000000346e-01,5.392470000000000319e-01,2.547229999999999772e-01,5.643099999999999783e-01,3.345420000000000060e-01,5.426389999999999825e-01,1.000000000000000000e+00,4.471490000000000187e-01,8.157010000000000094e-01,6.285859999999999781e-01,7.243290000000000006e-01,-1.170080000000000009e-01,3.585459999999999758e-01,2.765420000000000100e-01,3.857490000000000085e-01,1.902840000000000087e-01,1.876120000000000010e-01,-2.079999999999999872e-04,2.102600000000000025e-01,1.318809999999999982e-01,1.194960000000000050e-01,5.284900000000000014e-02,7.854600000000000470e-02,1.456510000000000027e-01,5.771420000000000439e-01,2.920880000000000143e-01,2.737300000000000150e-02,4.254200000000000204e-01,-3.944019999999999748e-01,4.013490000000000113e-01,-1.545600000000000029e-01,-4.430520000000000014e-01,-8.102299999999999780e-02,1.464670000000000138e-01,3.889389999999999792e-01,-4.217699999999999783e-01,1.466800000000000048e-02,-2.475499999999999923e-01,6.805899999999999450e-02,2.354580000000000006e-01,3.734149999999999969e-01,-7.646319999999999784e-01,-1.137650000000000050e-01,-6.703599999999999837e-02,3.391399999999999970e-01,-4.128510000000000235e-01,3.309340000000000059e-01,2.696410000000000196e-01,3.080799999999999858e-02,2.136949999999999961e-01,4.302210000000000201e-01,8.962900000000000311e-01,4.027020000000000044e-01,7.077689999999999815e-01,5.847229999999999928e-01,3.418749999999999845e-01,-2.028040000000000120e-01,3.506500000000000172e-01,8.979690000000000172e-01,2.250409999999999910e-01,2.749829999999999774e-01,1.510199999999999876e-01,9.121999999999999553e-02,-1.144200000000000078e-02,1.743079999999999907e-01,2.032100000000000017e-01,3.892700000000000049e-01,8.746900000000000508e-02,2.614540000000000197e-01,4.637970000000000148e-01,-6.927400000000000224e-02,-7.634000000000000508e-02,8.151799999999999324e-02
-7.027899999999999425e-02,3.051420000000000243e-01,7.646269999999999456e-01,3.880660000000000220e-01,6.114410000000000123e-01,4.590929999999999733e-01,4.467709999999999737e-01,4.066310000000000202e-01,8.537310000000000176e-01,4.471490000000000187e-01,1.000000000000000000e+00,4.243100000000000205e-01,5.088650000000000118e-01,4.776050000000000018e-01,-2.093510000000000093e-01,2.411109999999999920e-01,2.706359999999999877e-01,4.747460000000000013e-01,6.949800000000000422e-01,7.116500000000000603e-02,-1.618529999999999969e-01,1.088210000000000011e-01,3.588740000000000263e-01,-1.751399999999999832e-02,3.094509999999999761e-01,1.548940000000000039e-01,6.078599999999999559e-01,4.136059999999999737e-01,4.229950000000000099e-01,2.078599999999999892e-02,2.115539999999999921e-01,-6.864219999999999766e-01,-1.576100000000000001e-01,-4.495990000000000264e-01,-6.856299999999999617e-01,5.067100000000000076e-02,1.779119999999999868e-01,-1.638070000000000082e-01,-7.249799999999999578e-01,-4.058629999999999738e-01,-5.307399999999999896e-01,-3.466690000000000049e-01,1.869399999999999951e-01,2.597140000000000004e-01,-4.485270000000000090e-01,-3.364829999999999766e-01,1.275890000000000080e-01,7.151330000000000187e-01,-3.253360000000000141e-01,5.385269999999999779e-01,5.602620000000000378e-01,3.434420000000000250e-01,2.455559999999999965e-01,8.107199999999999962e-01,4.149340000000000250e-01,8.270060000000000189e-01,3.846209999999999907e-01,4.671930000000000249e-01,2.398810000000000109e-01,-2.715299999999999936e-01,4.554139999999999855e-01,3.731769999999999810e-01,3.523060000000000080e-01,6.863949999999999774e-01,2.223660000000000081e-01,-1.105870000000000047e-01,-5.754399999999999793e-02,3.737920000000000131e-01,-1.679070000000000007e-01,3.889290000000000247e-01,-1.803000000000000089e-02,6.114469999999999628e-01,3.661650000000000182e-01,1.283579999999999999e-01,1.133139999999999981e-01,5.808399999999999674e-02
1.948779999999999957e-01,4.864419999999999855e-01,3.401469999999999771e-01,5.069470000000000365e-01,4.016259999999999830e-01,3.478589999999999738e-01,3.986899999999999888e-01,4.863939999999999930e-01,5.151250000000000551e-01,8.157010000000000094e-01,4.243100000000000205e-01,1.000000000000000000e+00,5.631199999999999539e-01,7.169790000000000330e-01,-1.507390000000000119e-01,3.903479999999999728e-01,3.721510000000000096e-01,3.983180000000000054e-01,2.842839999999999812e-01,2.266920000000000046e-01,4.959399999999999920e-02,2.296829999999999983e-01,2.607959999999999723e-01,1.740470000000000073e-01,1.755960000000000021e-01,1.985329999999999873e-01,2.061010000000000064e-01,5.453930000000000167e-01,3.281470000000000220e-01,9.297900000000000609e-02,3.148050000000000015e-01,-3.283440000000000247e-01,3.754060000000000175e-01,-2.409949999999999870e-01,-4.953910000000000258e-01,-4.127100000000000213e-02,2.070970000000000033e-01,2.557630000000000181e-01,-3.370210000000000150e-01,6.458099999999999952e-02,-2.431329999999999880e-01,1.092319999999999958e-01,1.356839999999999991e-01,3.161410000000000053e-01,-6.646539999999999671e-01,-1.607599999999999862e-01,4.934499999999999997e-02,3.611639999999999850e-01,-5.357220000000000315e-01,3.325560000000000183e-01,3.262109999999999732e-01,3.638999999999999874e-03,3.604359999999999786e-01,4.425140000000000184e-01,8.292640000000000011e-01,3.658449999999999758e-01,8.157860000000000111e-01,5.336130000000000040e-01,2.917819999999999858e-01,-1.880330000000000057e-01,4.056350000000000233e-01,7.786659999999999693e-01,1.637409999999999977e-01,3.393599999999999950e-01,1.423949999999999938e-01,1.569609999999999894e-01,-3.605200000000000071e-02,2.504060000000000175e-01,1.175920000000000021e-01,4.584050000000000069e-01,2.456889999999999907e-01,2.771460000000000035e-01,4.759399999999999742e-01,-1.150200000000000007e-02,2.719999999999999848e-02,7.639200000000000157e-02
2.537699999999999956e-01,6.224290000000000100e-01,4.592999999999999861e-01,5.059730000000000061e-01,4.396889999999999965e-01,6.093520000000000048e-01,4.112399999999999944e-01,5.689790000000000125e-01,5.810239999999999849e-01,6.285859999999999781e-01,5.088650000000000118e-01,5.631199999999999539e-01,1.000000000000000000e+00,5.145429999999999726e-01,-9.424699999999999744e-02,6.111309999999999798e-01,5.006920000000000259e-01,7.309330000000000549e-01,3.767490000000000006e-01,1.809109999999999885e-01,-1.455799999999999976e-02,4.057230000000000003e-01,4.147460000000000035e-01,3.421520000000000117e-01,2.868339999999999779e-01,4.452679999999999971e-01,2.340089999999999948e-01,8.382370000000000099e-01,4.206590000000000051e-01,1.950050000000000117e-01,4.377800000000000025e-01,-4.741750000000000131e-01,7.050299999999999623e-02,-1.961569999999999980e-01,-5.550960000000000338e-01,2.068560000000000121e-01,2.970450000000000035e-01,1.160640000000000005e-01,-4.801579999999999737e-01,-2.299589999999999967e-01,-3.137780000000000014e-01,-2.548880000000000035e-01,2.805389999999999828e-01,3.770229999999999970e-01,-5.489380000000000370e-01,-7.988000000000000655e-02,3.192570000000000130e-01,4.864820000000000255e-01,-1.797189999999999899e-01,2.931540000000000257e-01,5.531690000000000218e-01,1.435559999999999892e-01,4.274919999999999831e-01,4.700230000000000241e-01,5.207079999999999487e-01,4.952110000000000123e-01,5.440739999999999466e-01,8.602090000000000014e-01,2.401800000000000046e-01,-1.860539999999999972e-01,5.842859999999999721e-01,5.565229999999999899e-01,4.758820000000000272e-01,4.346909999999999941e-01,3.553689999999999904e-01,8.132000000000000339e-03,2.714940000000000131e-01,4.191730000000000178e-01,1.584099999999999953e-01,3.220339999999999869e-01,3.050780000000000158e-01,3.777280000000000082e-01,7.527399999999999647e-01,1.856520000000000115e-01,1.667389999999999983e-01,2.297470000000000068e-01
-4.459000000000000290e-03,2.924350000000000005e-01,2.600310000000000121e-01,6.492550000000000265e-01,5.881819999999999826e-01,2.945059999999999900e-01,5.011250000000000426e-01,4.132779999999999787e-01,5.003419999999999535e-01,7.243290000000000006e-01,4.776050000000000018e-01,7.169790000000000330e-01,5.145429999999999726e-01,1.000000000000000000e+00,-2.611399999999999832e-01,1.738399999999999945e-01,1.764040000000000052e-01,3.075269999999999948e-01,7.779099999999999904e-02,-9.494000000000000702e-03,-1.298549999999999982e-01,-4.368199999999999861e-02,1.936589999999999978e-01,-1.906100000000000155e-02,3.326099999999999890e-02,-3.867700000000000304e-02,5.417099999999999693e-02,4.563729999999999731e-01,7.125499999999999889e-02,-5.364000000000000018e-02,2.109870000000000079e-01,-4.222119999999999762e-01,2.487590000000000079e-01,-1.854550000000000087e-01,-3.760729999999999906e-01,8.554699999999999804e-02,3.263220000000000010e-01,1.700969999999999982e-01,-4.805380000000000207e-01,-5.677900000000000308e-02,-2.492969999999999908e-01,5.718499999999999972e-02,2.689540000000000264e-01,3.902320000000000233e-01,-6.664419999999999789e-01,-3.118639999999999746e-01,-1.078120000000000051e-01,2.712689999999999824e-01,-3.925580000000000180e-01,5.190479999999999539e-01,3.466670000000000029e-01,-1.522300000000000042e-02,3.386149999999999993e-01,4.271499999999999742e-01,7.173690000000000344e-01,4.322010000000000018e-01,6.569580000000000419e-01,5.385130000000000194e-01,6.184669999999999890e-01,-3.497589999999999866e-01,1.919410000000000005e-01,6.256359999999999699e-01,4.238299999999999707e-02,1.581319999999999948e-01,-8.505799999999999472e-02,-5.395900000000000002e-02,-2.062400000000000067e-01,2.592499999999999805e-01,7.840900000000000647e-02,2.793729999999999825e-01,-2.553899999999999920e-02,1.180409999999999932e-01,4.018820000000000170e-01,-2.774760000000000004e-01,-1.357970000000000010e-01,-7.005899999999999628e-02
4.576810000000000045e-01,2.039200000000000040e-02,1.918100000000000013e-02,-1.092459999999999959e-01,-4.929959999999999898e-01,4.857299999999999812e-02,-3.070729999999999849e-01,2.547110000000000207e-01,-3.287709999999999799e-01,-1.170080000000000009e-01,-2.093510000000000093e-01,-1.507390000000000119e-01,-9.424699999999999744e-02,-2.611399999999999832e-01,1.000000000000000000e+00,9.446499999999999342e-02,1.280439999999999912e-01,-2.807799999999999879e-02,1.478690000000000004e-01,6.676590000000000025e-01,7.395129999999999759e-01,5.495799999999999574e-01,3.918329999999999869e-01,3.595639999999999947e-01,8.932199999999999862e-02,3.883429999999999938e-01,7.762700000000000156e-02,9.668699999999999517e-02,2.646299999999999764e-01,4.734320000000000195e-01,4.276880000000000126e-01,3.556599999999999762e-01,-3.014899999999999872e-02,2.561260000000000203e-01,1.893589999999999995e-01,2.686810000000000032e-01,-1.850500000000000062e-02,-1.012149999999999994e-01,3.200410000000000199e-01,3.872199999999999948e-02,1.151960000000000067e-01,2.876279999999999948e-01,7.737800000000000233e-02,-1.420279999999999876e-01,-9.474200000000000677e-02,4.662140000000000173e-01,6.491600000000000148e-02,6.198800000000000143e-02,5.144300000000000261e-02,-3.974590000000000067e-01,-1.420150000000000023e-01,-2.053429999999999978e-01,2.425200000000000133e-01,-2.631689999999999863e-01,-8.724700000000000510e-02,-8.833399999999999586e-02,-1.368890000000000107e-01,-1.991960000000000119e-01,-1.123279999999999973e-01,9.473749999999999671e-01,1.058899999999999945e-02,2.265899999999999859e-02,4.950100000000000333e-02,1.335320000000000118e-01,4.507789999999999853e-01,7.033019999999999827e-01,5.660549999999999748e-01,2.192620000000000124e-01,3.256269999999999998e-01,-1.103699999999999994e-02,4.885970000000000035e-01,-3.348099999999999687e-02,9.922799999999999676e-02,3.528240000000000265e-01,4.235769999999999813e-01,4.714280000000000137e-01
5.330289999999999750e-01,7.447679999999999856e-01,3.270719999999999739e-01,1.388540000000000052e-01,-3.363499999999999823e-02,5.594010000000000371e-01,1.229500000000000037e-01,3.793659999999999810e-01,2.004779999999999895e-01,3.585459999999999758e-01,2.411109999999999920e-01,3.903479999999999728e-01,6.111309999999999798e-01,1.738399999999999945e-01,9.446499999999999342e-02,1.000000000000000000e+00,8.042559999999999709e-01,8.054890000000000105e-01,4.016100000000000225e-01,3.908019999999999827e-01,2.913799999999999724e-01,6.337159999999999460e-01,3.489439999999999764e-01,4.413400000000000101e-01,5.628539999999999655e-01,6.928419999999999579e-01,2.575830000000000064e-01,5.137739999999999529e-01,6.309749999999999526e-01,2.669810000000000239e-01,4.941360000000000197e-01,-1.433760000000000034e-01,3.168250000000000233e-01,-7.960299999999999321e-02,-4.189959999999999796e-01,1.581299999999999928e-01,2.695499999999999979e-02,-3.914700000000000124e-02,-1.415299999999999891e-01,8.326600000000000668e-02,-9.139600000000000501e-02,-1.170250000000000040e-01,4.832600000000000090e-02,1.532299999999999982e-02,-3.323579999999999868e-01,1.681680000000000119e-01,5.435940000000000216e-01,3.622259999999999924e-01,-2.258610000000000062e-01,-2.103800000000000114e-02,3.720399999999999818e-01,-5.926599999999999924e-02,3.306609999999999827e-01,1.509290000000000076e-01,2.950119999999999965e-01,1.088299999999999962e-01,2.028870000000000118e-01,4.667620000000000102e-01,-6.567900000000000127e-02,6.582599999999999563e-02,8.131209999999999827e-01,4.906510000000000038e-01,7.445760000000000156e-01,3.956640000000000157e-01,5.346090000000000009e-01,2.548520000000000230e-01,5.087129999999999708e-01,3.168139999999999845e-01,1.187109999999999971e-01,5.427579999999999627e-01,5.444320000000000270e-01,3.615430000000000033e-01,5.093130000000000157e-01,4.838930000000000176e-01,3.698949999999999738e-01,3.866959999999999842e-01
3.739469999999999739e-01,8.294550000000000534e-01,4.017089999999999828e-01,2.066870000000000096e-01,-1.024459999999999954e-01,7.175770000000000204e-01,8.985500000000000431e-02,4.501029999999999753e-01,2.842160000000000242e-01,2.765420000000000100e-01,2.706359999999999877e-01,3.721510000000000096e-01,5.006920000000000259e-01,1.764040000000000052e-01,1.280439999999999912e-01,8.042559999999999709e-01,1.000000000000000000e+00,7.663290000000000379e-01,4.971570000000000156e-01,3.460759999999999947e-01,2.814099999999999935e-01,5.432879999999999932e-01,4.393799999999999928e-01,4.845590000000000175e-01,7.898979999999999890e-01,7.723330000000000473e-01,3.729750000000000010e-01,3.635869999999999935e-01,6.178700000000000303e-01,1.972919999999999952e-01,3.326779999999999737e-01,-1.253569999999999962e-01,2.135499999999999898e-01,-1.684329999999999994e-01,-4.358060000000000267e-01,3.099399999999999933e-01,1.321699999999999958e-02,-2.334130000000000094e-01,-1.335959999999999925e-01,-9.485999999999999641e-03,-1.953709999999999891e-01,-2.121069999999999900e-01,7.801500000000000101e-02,-4.390999999999999764e-02,-2.895769999999999733e-01,7.172499999999999709e-02,6.700159999999999449e-01,4.207989999999999786e-01,-2.255669999999999897e-01,3.233300000000000063e-02,4.589809999999999723e-01,3.467100000000000043e-02,4.399150000000000005e-01,1.839000000000000079e-01,2.180439999999999878e-01,8.688800000000000689e-02,2.417140000000000122e-01,3.520590000000000108e-01,-1.488369999999999971e-01,7.524100000000000232e-02,6.821800000000000086e-01,4.310939999999999772e-01,6.812080000000000357e-01,4.945249999999999924e-01,5.010090000000000376e-01,2.134020000000000084e-01,4.572829999999999950e-01,4.130229999999999735e-01,1.253249999999999920e-01,7.392260000000000497e-01,6.751770000000000271e-01,4.394589999999999885e-01,3.785830000000000028e-01,4.733620000000000050e-01,3.961629999999999874e-01,2.566570000000000240e-01
3.309070000000000067e-01,7.870409999999999906e-01,4.286190000000000278e-01,2.768189999999999817e-01,2.687120000000000064e-01,6.992699999999999472e-01,2.958669999999999911e-01,5.090430000000000232e-01,5.203280000000000127e-01,3.857490000000000085e-01,4.747460000000000013e-01,3.983180000000000054e-01,7.309330000000000549e-01,3.075269999999999948e-01,-2.807799999999999879e-02,8.054890000000000105e-01,7.663290000000000379e-01,1.000000000000000000e+00,5.024690000000000545e-01,2.440519999999999912e-01,6.498600000000000210e-02,4.855579999999999896e-01,3.425000000000000266e-01,4.430649999999999866e-01,6.264610000000000456e-01,6.039849999999999941e-01,3.662770000000000192e-01,4.681710000000000038e-01,4.817350000000000243e-01,4.301599999999999868e-02,3.397109999999999852e-01,-4.692979999999999929e-01,-3.132999999999999934e-03,-2.902040000000000175e-01,-5.679750000000000076e-01,2.752689999999999859e-01,1.758260000000000101e-01,-1.453220000000000067e-01,-4.958859999999999935e-01,-2.782089999999999841e-01,-3.708190000000000097e-01,-3.292450000000000099e-01,8.982700000000000407e-02,3.860600000000000143e-02,-4.618849999999999900e-01,-2.512299999999999950e-02,5.025669999999999860e-01,4.526379999999999848e-01,-2.324259999999999937e-01,3.135890000000000066e-01,5.196539999999999493e-01,2.112799999999999956e-01,3.768259999999999943e-01,4.672979999999999912e-01,3.492140000000000244e-01,3.620970000000000022e-01,3.788940000000000086e-01,5.389080000000000537e-01,5.017699999999999938e-02,-8.419999999999999707e-02,7.344950000000000090e-01,4.215280000000000138e-01,7.694069999999999521e-01,5.362120000000000219e-01,4.444779999999999842e-01,2.334500000000000117e-02,3.651880000000000126e-01,3.130120000000000124e-01,1.796679999999999944e-01,5.756729999999999903e-01,4.168939999999999868e-01,4.961650000000000227e-01,4.688559999999999950e-01,2.733300000000000174e-01,1.905030000000000057e-01,1.999910000000000021e-01
1.482279999999999986e-01,5.241919999999999913e-01,7.480750000000000455e-01,1.243459999999999982e-01,6.383099999999999885e-02,6.066799999999999971e-01,6.784300000000000053e-02,4.993389999999999773e-01,5.560220000000000162e-01,1.902840000000000087e-01,6.949800000000000422e-01,2.842839999999999812e-01,3.767490000000000006e-01,7.779099999999999904e-02,1.478690000000000004e-01,4.016100000000000225e-01,4.971570000000000156e-01,5.024690000000000545e-01,1.000000000000000000e+00,3.953150000000000275e-01,2.235850000000000060e-01,4.356559999999999877e-01,5.427370000000000250e-01,1.719700000000000117e-01,5.620610000000000328e-01,5.483820000000000361e-01,6.399080000000000323e-01,3.614580000000000015e-01,6.477829999999999977e-01,2.824740000000000029e-01,2.570569999999999800e-01,-3.123150000000000093e-01,-1.758599999999999886e-01,-4.473710000000000186e-01,-5.668969999999999843e-01,8.921500000000000263e-02,5.089300000000000074e-02,-3.019359999999999822e-01,-3.038549999999999862e-01,-2.800909999999999789e-01,-5.263569999999999638e-01,-3.088879999999999959e-01,-9.357999999999999999e-03,-5.866400000000000087e-02,-2.491029999999999911e-01,-5.023099999999999787e-02,4.379399999999999959e-01,6.878319999999999990e-01,-3.177989999999999982e-01,9.435399999999999343e-02,5.174999999999999600e-01,2.003129999999999911e-01,3.111720000000000041e-01,5.423729999999999940e-01,1.572419999999999929e-01,5.016739999999999533e-01,1.382520000000000138e-01,2.514839999999999853e-01,-2.300899999999999890e-01,1.110970000000000013e-01,5.384900000000000242e-01,2.674880000000000035e-01,4.101009999999999933e-01,9.048819999999999641e-01,5.535360000000000280e-01,2.054290000000000005e-01,2.735549999999999926e-01,4.592100000000000071e-01,-1.684420000000000084e-01,4.968580000000000219e-01,3.499970000000000026e-01,6.507260000000000266e-01,3.311810000000000032e-01,4.925610000000000266e-01,4.470310000000000117e-01,2.258550000000000002e-01
4.950860000000000261e-01,3.061619999999999897e-01,2.585560000000000080e-01,1.751050000000000106e-01,-3.407640000000000113e-01,2.617410000000000014e-01,-2.030289999999999873e-01,4.284410000000000163e-01,-4.689100000000000212e-02,1.876120000000000010e-01,7.116500000000000603e-02,2.266920000000000046e-01,1.809109999999999885e-01,-9.494000000000000702e-03,6.676590000000000025e-01,3.908019999999999827e-01,3.460759999999999947e-01,2.440519999999999912e-01,3.953150000000000275e-01,1.000000000000000000e+00,7.649080000000000323e-01,8.666430000000000522e-01,4.657549999999999746e-01,4.231630000000000114e-01,2.135360000000000036e-01,5.233670000000000266e-01,2.988040000000000140e-01,4.389520000000000088e-01,5.849490000000000522e-01,6.709129999999999816e-01,7.235780000000000545e-01,1.965669999999999917e-01,1.691249999999999976e-01,5.751099999999999962e-02,-1.746030000000000082e-01,2.381129999999999913e-01,8.036200000000000288e-02,-9.237099999999999478e-02,1.490779999999999883e-01,1.138470000000000037e-01,-6.721199999999999397e-02,8.066199999999999759e-02,1.814780000000000004e-01,7.977099999999999469e-02,-3.621929999999999872e-01,3.451159999999999783e-01,2.714199999999999946e-01,3.043009999999999882e-01,-6.592000000000000637e-02,-2.353439999999999976e-01,1.299690000000000012e-01,-2.033969999999999945e-01,3.405819999999999959e-01,-6.396399999999999308e-02,2.506369999999999987e-01,1.064689999999999942e-01,1.682450000000000057e-01,1.433180000000000009e-01,-1.570979999999999877e-01,6.461719999999999686e-01,3.821539999999999937e-01,3.575329999999999897e-01,2.577320000000000166e-01,4.254700000000000149e-01,7.746359999999999912e-01,7.065470000000000361e-01,7.574389999999999734e-01,3.380409999999999804e-01,3.265529999999999822e-01,2.607369999999999965e-01,5.978050000000000308e-01,2.394050000000000067e-01,4.954810000000000048e-01,5.838860000000000161e-01,6.999030000000000529e-01,6.717349999999999710e-01
