1.000000000000000000e+00,-1.901919999999999999e-01,-4.762759999999999772e-01,2.726120000000000210e-01,2.339569999999999983e-01,-2.802890000000000104e-01,2.264960000000000029e-01,-3.418599999999999972e-01,1.337369999999999948e-01,5.496739999999999959e-01,-2.914539999999999909e-01,2.848789999999999933e-01,-2.031100000000000128e-01,-6.135899999999999688e-02,-3.275839999999999863e-01,5.322649999999999881e-01,4.552930000000000033e-01,1.637109999999999954e-01,-5.688520000000000243e-01,-1.930030000000000079e-01,1.177450000000000024e-01,-1.489669999999999883e-01,-2.866569999999999951e-01,5.952899999999999858e-01,5.120989999999999709e-01,2.196909999999999974e-01,-2.211760000000000115e-01,6.215400000000000091e-02,2.192649999999999877e-01,3.149700000000000277e-01,7.427059999999999773e-01,1.404229999999999923e-01,1.881599999999999939e-01,2.246599999999999986e-01,2.391000000000000070e-01,-1.403169999999999973e-01,-3.743900000000000006e-01,4.368839999999999946e-01,7.684699999999999864e-02,2.515109999999999846e-01,2.503839999999999955e-01,2.435630000000000017e-01,1.350190000000000001e-01,-1.295659999999999867e-01,-9.286400000000000210e-02,9.110660000000000425e-01,-8.700199999999999600e-02,-4.034530000000000061e-01,2.459560000000000080e-01,1.654049999999999965e-01,-2.345879999999999910e-01,3.154040000000000177e-01,-2.406739999999999990e-01,2.786779999999999813e-01,4.111870000000000247e-01,-2.783340000000000258e-01,3.542899999999999938e-01,1.274000000000000132e-01,1.426139999999999908e-01,-2.704429999999999890e-01,7.002289999999999903e-01,2.140219999999999900e-01,4.766239999999999921e-01,-4.286860000000000115e-01,-1.099890000000000034e-01,2.190479999999999927e-01,-4.934600000000000097e-02,-2.395710000000000062e-01,5.624940000000000495e-01,4.661390000000000255e-01,2.566339999999999733e-01,-1.440639999999999976e-01,6.162900000000000322e-02,4.146460000000000146e-01,3.410369999999999790e-01,8.095820000000000238e-01
-1.901919999999999999e-01,1.000000000000000000e+00,-5.474199999999999899e-02,-1.096710000000000046e-01,-8.459300000000000153e-02,6.492769999999999930e-01,1.473170000000000035e-01,3.531079999999999774e-01,-1.711320000000000063e-01,-4.116199999999999720e-02,-5.397899999999999920e-02,9.656399999999999706e-02,3.416500000000000092e-01,1.595689999999999886e-01,1.304680000000000006e-01,2.938819999999999766e-01,1.457650000000000057e-01,5.946599999999999664e-01,9.446300000000000530e-02,9.810199999999999476e-02,1.308390000000000108e-01,2.357619999999999993e-01,1.361709999999999865e-01,-1.916370000000000018e-01,4.360879999999999757e-01,6.046859999999999458e-01,5.840299999999999658e-02,1.310030000000000083e-01,9.968799999999999883e-02,2.199230000000000074e-01,-1.580169999999999908e-01,3.146539999999999893e-01,2.491069999999999951e-01,1.371279999999999999e-01,1.843529999999999891e-01,-1.358920000000000128e-01,-7.608299999999999785e-02,-2.111619999999999886e-01,3.266589999999999772e-01,2.790070000000000050e-01,6.414599999999999469e-02,1.997099999999999917e-02,-2.763079999999999981e-01,-7.274500000000000410e-02,1.828990000000000060e-01,-3.090310000000000001e-01,5.434029999999999694e-01,-2.948299999999999879e-02,-7.574699999999999489e-02,-1.914389999999999981e-01,3.986910000000000176e-01,-1.296720000000000095e-01,1.565330000000000055e-01,-2.421399999999999941e-01,-1.327299999999999869e-01,-1.015360000000000013e-01,3.957499999999999907e-02,1.077079999999999982e-01,-1.693000000000000060e-02,4.572699999999999682e-02,-7.130999999999999839e-02,2.708139999999999992e-01,1.342379999999999962e-01,7.681999999999999940e-02,3.260799999999999810e-02,-2.413270000000000137e-01,7.595100000000000462e-02,-6.917099999999999638e-02,-2.509049999999999891e-01,2.038159999999999972e-01,9.580400000000000027e-02,2.069699999999999873e-01,7.901400000000000090e-02,-1.229050000000000004e-01,2.282679999999999987e-01,-2.569379999999999997e-01
-4.762759999999999772e-01,-5.474199999999999899e-02,1.000000000000000000e+00,-3.883130000000000193e-01,1.204049999999999981e-01,2.635310000000000152e-01,-1.593600000000000017e-01,3.274929999999999786e-01,5.029869999999999619e-01,-3.708009999999999917e-01,8.497789999999999511e-01,-5.773000000000000353e-03,3.327069999999999750e-01,-7.753200000000000369e-02,4.516200000000000214e-01,-5.390260000000000051e-01,-3.315250000000000141e-01,-2.203219999999999901e-01,8.230189999999999451e-01,5.582719999999999905e-01,1.260310000000000041e-01,2.949720000000000120e-01,6.300280000000000324e-01,-1.786639999999999895e-01,-4.285169999999999813e-01,-8.734599999999999309e-02,6.554750000000000298e-01,2.102030000000000010e-01,1.283499999999999919e-02,-2.199869999999999881e-01,-5.565470000000000139e-01,-4.932909999999999795e-01,-3.676780000000000048e-01,-4.735750000000000237e-01,-3.823909999999999809e-01,4.951799999999999952e-02,1.727160000000000084e-01,-3.522800000000000237e-02,-4.220289999999999875e-01,-4.883730000000000016e-01,-5.635879999999999779e-01,-5.225269999999999637e-01,-8.078599999999999670e-02,1.099289999999999989e-01,1.075900000000000051e-01,-3.850979999999999959e-01,-5.362499999999999906e-02,8.904459999999999598e-01,-2.408240000000000103e-01,1.240369999999999945e-01,1.373979999999999924e-01,7.268600000000000061e-02,2.348739999999999994e-01,3.617449999999999832e-01,3.728700000000000070e-02,8.318750000000000311e-01,-5.012400000000000189e-02,1.362460000000000060e-01,-2.243799999999999961e-01,4.533619999999999872e-01,-5.205100000000000282e-01,-1.519320000000000115e-01,-4.229709999999999859e-01,7.232370000000000188e-01,5.543280000000000429e-01,1.422660000000000036e-01,2.672729999999999828e-01,5.844380000000000130e-01,-1.982359999999999955e-01,-3.386970000000000258e-01,-3.740899999999999781e-02,5.126309999999999478e-01,2.868100000000000094e-01,-1.685490000000000044e-01,-9.536600000000000632e-02,-5.287199999999999678e-01
2.726120000000000210e-01,-1.096710000000000046e-01,-3.883130000000000193e-01,1.000000000000000000e+00,2.696660000000000168e-01,-1.181699999999999973e-01,2.775440000000000129e-01,-6.560199999999999365e-02,6.716300000000000048e-02,5.860250000000000181e-01,-1.646370000000000056e-01,2.767270000000000008e-01,3.829500000000000265e-02,1.725339999999999929e-01,-4.767859999999999876e-01,3.167639999999999900e-01,2.162840000000000040e-01,9.997899999999999843e-02,-3.996399999999999952e-01,-4.076480000000000103e-01,-3.190219999999999723e-01,-3.258639999999999870e-01,-2.630640000000000200e-01,2.914889999999999981e-01,5.549500000000000266e-02,-3.306699999999999917e-02,-3.281839999999999757e-01,-2.577700000000000130e-02,-8.308000000000000107e-02,1.467320000000000013e-01,3.448590000000000266e-01,1.975199999999999873e-02,-1.392400000000000061e-02,1.949210000000000109e-01,3.158159999999999856e-01,7.562199999999999478e-02,2.833430000000000115e-01,2.661529999999999729e-01,3.150000000000000131e-04,1.868499999999999883e-01,2.455330000000000013e-01,4.791440000000000143e-01,2.718969999999999998e-01,1.199449999999999961e-01,-1.990869999999999862e-01,2.440650000000000042e-01,-2.654130000000000100e-01,-3.026949999999999918e-01,4.172379999999999978e-01,2.116000000000000103e-01,-5.268899999999999972e-02,3.220930000000000182e-01,1.289240000000000108e-01,7.828599999999999448e-02,1.324410000000000032e-01,-2.524250000000000105e-01,2.854999999999999899e-02,1.968560000000000032e-01,2.611749999999999905e-01,-4.754669999999999730e-01,2.051830000000000043e-01,2.529489999999999794e-01,3.014220000000000232e-01,-3.356600000000000139e-01,-4.037540000000000018e-01,-2.391290000000000082e-01,-3.471480000000000121e-01,-3.101079999999999948e-01,3.438649999999999762e-01,2.970000000000000070e-02,-1.586339999999999972e-01,-2.808169999999999833e-01,4.982899999999999829e-02,-1.681600000000000109e-02,-1.846300000000000024e-02,4.492880000000000207e-01
2.339569999999999983e-01,-8.459300000000000153e-02,1.204049999999999981e-01,2.696660000000000168e-01,1.000000000000000000e+00,5.338899999999999896e-02,6.336549999999999683e-01,8.371299999999999575e-02,7.821639999999999704e-01,5.106129999999999836e-01,5.084950000000000303e-01,2.807660000000000156e-01,3.678290000000000171e-01,1.819230000000000014e-01,-2.474520000000000053e-01,-7.308099999999999319e-02,3.071659999999999946e-01,-5.575200000000000294e-02,-5.614999999999999852e-02,-8.914700000000000402e-02,-1.302099999999999959e-02,-2.529429999999999734e-01,1.256379999999999997e-01,2.517570000000000086e-01,-1.445029999999999926e-01,-6.491199999999999748e-02,4.038740000000000108e-01,2.150759999999999894e-01,1.639670000000000016e-01,-5.308899999999999730e-02,1.624269999999999881e-01,-3.342709999999999848e-01,-3.551440000000000152e-01,-1.326539999999999941e-01,-5.149700000000000111e-02,1.147050000000000014e-01,1.110919999999999963e-01,4.740260000000000029e-01,-2.833669999999999800e-01,-5.470499999999999668e-02,-2.777169999999999916e-01,1.142129999999999951e-01,1.712500000000000133e-02,2.986750000000000238e-01,-1.195439999999999975e-01,2.062690000000000079e-01,-3.092630000000000101e-01,3.079439999999999955e-01,3.039000000000000035e-01,8.558440000000000492e-01,7.250199999999999700e-02,7.771360000000000490e-01,3.846740000000000159e-01,7.541080000000000005e-01,4.795699999999999963e-01,4.457639999999999936e-01,5.164599999999999747e-02,5.695400000000000462e-01,2.823959999999999804e-01,-1.931799999999999906e-01,-5.688000000000000347e-03,2.725199999999999845e-01,1.766349999999999865e-01,6.780500000000000416e-02,-7.380799999999999861e-02,4.254700000000000149e-02,-2.216490000000000127e-01,6.150599999999999817e-02,2.251599999999999990e-01,5.631999999999999854e-03,-1.193100000000000063e-02,3.165499999999999980e-01,3.433329999999999993e-01,9.129500000000000115e-02,-1.026400000000000055e-02,2.299599999999999977e-01
-2.802890000000000104e-01,6.492769999999999930e-01,2.635310000000000152e-01,-1.181699999999999973e-01,5.338899999999999896e-02,1.000000000000000000e+00,1.690679999999999961e-01,6.674320000000000253e-01,1.941809999999999925e-01,-2.126899999999999971e-02,2.425499999999999878e-01,3.022750000000000159e-01,4.407670000000000199e-01,4.235180000000000056e-01,5.932400000000000173e-02,-1.970139999999999947e-01,-3.660599999999999965e-02,2.871639999999999748e-01,2.296340000000000048e-01,8.000000000000000654e-05,3.907169999999999810e-01,-1.200809999999999933e-01,6.287549999999999528e-01,4.479899999999999854e-02,2.487489999999999979e-01,4.496600000000000041e-01,3.667250000000000232e-01,9.369700000000000251e-02,-4.936000000000000283e-03,1.944730000000000070e-01,-2.510970000000000146e-01,1.532540000000000013e-01,-3.748000000000000029e-03,-6.574800000000000089e-02,-1.288670000000000093e-01,1.120970000000000022e-01,3.217199999999999921e-02,-6.317999999999999831e-03,1.733359999999999901e-01,-2.838999999999999857e-02,-8.032599999999999463e-02,-1.684720000000000106e-01,2.024999999999999890e-03,2.280199999999999935e-02,2.323810000000000042e-01,-2.497979999999999923e-01,4.042419999999999902e-01,2.168779999999999875e-01,1.776359999999999884e-01,-9.286899999999999322e-02,7.624779999999999891e-01,1.186399999999999955e-02,5.176910000000000123e-01,3.139299999999999730e-02,1.427249999999999908e-01,1.554049999999999876e-01,3.176720000000000099e-01,2.796190000000000064e-01,1.656690000000000107e-01,4.637399999999999856e-02,-3.792010000000000103e-01,3.107929999999999859e-01,-1.299799999999999914e-02,2.292089999999999961e-01,-1.780899999999999844e-02,1.747420000000000084e-01,-1.905270000000000019e-01,4.511580000000000035e-01,-3.694499999999999867e-02,2.357950000000000046e-01,2.338459999999999983e-01,3.127519999999999745e-01,1.481119999999999937e-01,-1.482610000000000039e-01,2.062779999999999891e-01,-2.785219999999999918e-01
2.264960000000000029e-01,1.473170000000000035e-01,-1.593600000000000017e-01,2.775440000000000129e-01,6.336549999999999683e-01,1.690679999999999961e-01,1.000000000000000000e+00,-1.748299999999999854e-02,3.380000000000000226e-01,4.202529999999999877e-01,1.484449999999999936e-01,-5.173500000000000321e-02,1.070750000000000035e-01,2.489379999999999926e-01,-3.457020000000000093e-01,1.270809999999999995e-01,1.397210000000000119e-01,1.452009999999999967e-01,-2.017829999999999901e-01,-3.217010000000000147e-01,-1.254399999999999959e-01,-2.751819999999999822e-01,-8.869999999999999846e-04,-2.948999999999999885e-02,2.189429999999999987e-01,-1.209039999999999976e-01,3.769850000000000145e-01,-1.904099999999999890e-02,3.074430000000000218e-01,-6.193200000000000094e-02,2.422489999999999921e-01,-4.265999999999999827e-03,-2.560879999999999823e-01,-1.769850000000000034e-01,2.104679999999999884e-01,7.891099999999999504e-02,4.321699999999999847e-02,1.388900000000000134e-01,3.626000000000000056e-02,2.719999999999999848e-02,-1.198449999999999932e-01,1.460480000000000111e-01,8.506600000000000272e-02,9.908999999999999753e-02,-2.061240000000000017e-01,1.462990000000000124e-01,-1.678000000000000021e-03,-1.732399999999999912e-02,3.543740000000000223e-01,4.487140000000000017e-01,1.606720000000000093e-01,6.165819999999999634e-01,2.147610000000000074e-01,3.247289999999999899e-01,2.145630000000000037e-01,5.206600000000000117e-02,-3.488100000000000228e-02,3.406540000000000123e-01,3.698420000000000041e-01,-3.536509999999999931e-01,1.136309999999999959e-01,1.147529999999999939e-01,2.869720000000000049e-01,-8.219100000000000017e-02,-3.628170000000000006e-01,-1.110410000000000008e-01,-3.368519999999999848e-01,-9.797400000000000553e-02,-3.572299999999999781e-02,2.115039999999999976e-01,-1.456870000000000109e-01,2.201839999999999908e-01,7.955999999999999531e-03,7.912900000000000489e-02,-8.104999999999999705e-02,2.606950000000000101e-01
-3.418599999999999972e-01,3.531079999999999774e-01,3.274929999999999786e-01,-6.560199999999999365e-02,8.371299999999999575e-02,6.674320000000000253e-01,-1.748299999999999854e-02,1.000000000000000000e+00,2.238739999999999897e-01,-5.769799999999999929e-02,3.279050000000000020e-01,2.936230000000000229e-01,2.573670000000000124e-01,3.728319999999999967e-01,2.793700000000000003e-02,-3.003560000000000119e-01,-4.792899999999999938e-02,9.461899999999999478e-02,2.843060000000000032e-01,5.007000000000000339e-02,5.287199999999999678e-01,-1.298950000000000105e-01,7.838490000000000180e-01,1.379759999999999875e-01,-8.766100000000000281e-02,3.402620000000000089e-01,3.566500000000000226e-01,3.600000000000000091e-05,-2.344259999999999955e-01,7.313300000000000356e-02,-3.664209999999999967e-01,-9.815300000000000413e-02,-7.152699999999999336e-02,-2.161599999999999910e-01,-2.115509999999999891e-01,3.358479999999999799e-01,9.253200000000000314e-02,1.476689999999999947e-01,-4.937899999999999928e-02,-2.969000000000000111e-02,-2.528340000000000032e-01,-1.600489999999999968e-01,1.467030000000000001e-01,7.218999999999999723e-03,2.867000000000000104e-01,-3.373630000000000240e-01,1.744819999999999982e-01,2.673159999999999981e-01,1.591210000000000124e-01,-1.321400000000000005e-02,5.154159999999999853e-01,-3.776600000000000096e-02,7.752679999999999572e-01,7.048200000000000298e-02,1.365059999999999885e-01,2.169879999999999864e-01,3.105189999999999895e-01,1.592020000000000102e-01,2.851210000000000133e-01,-4.694000000000000256e-03,-5.381899999999999462e-01,2.331409999999999871e-01,-2.715250000000000163e-01,2.216349999999999987e-01,5.571600000000000164e-02,2.397009999999999974e-01,-1.980639999999999901e-01,5.726569999999999716e-01,9.089999999999999469e-02,-8.637599999999999445e-02,8.759300000000000419e-02,3.278670000000000195e-01,9.758100000000000107e-02,-3.327479999999999882e-01,3.292300000000000088e-02,-3.553729999999999944e-01
1.337369999999999948e-01,-1.711320000000000063e-01,5.029869999999999619e-01,6.716300000000000048e-02,7.821639999999999704e-01,1.941809999999999925e-01,3.380000000000000226e-01,2.238739999999999897e-01,1.000000000000000000e+00,3.569309999999999983e-01,7.557709999999999706e-01,4.086799999999999877e-01,4.553740000000000010e-01,9.642399999999999582e-02,-9.527599999999999958e-02,-2.634000000000000230e-01,1.905360000000000109e-01,-9.847200000000000397e-02,2.298800000000000010e-01,1.163399999999999990e-01,1.602399999999999936e-01,-1.692740000000000078e-01,4.247469999999999857e-01,3.089819999999999789e-01,-2.295409999999999950e-01,-1.320999999999999909e-03,6.184680000000000177e-01,2.738700000000000023e-01,1.482509999999999939e-01,-1.360899999999999957e-02,3.930999999999999599e-03,-4.915349999999999997e-01,-3.930649999999999977e-01,-2.886250000000000204e-01,-1.943620000000000070e-01,1.203739999999999949e-01,7.216699999999999504e-02,4.811969999999999859e-01,-4.237630000000000008e-01,-2.206190000000000095e-01,-4.454409999999999759e-01,-1.819500000000000006e-01,5.042200000000000154e-02,2.621430000000000149e-01,1.207699999999999919e-02,1.959359999999999991e-01,-2.739010000000000056e-01,6.202429999999999888e-01,2.132030000000000036e-01,7.405370000000000008e-01,1.791449999999999987e-01,7.074000000000000288e-01,4.043979999999999797e-01,9.230509999999999549e-01,5.264159999999999950e-01,7.235380000000000145e-01,1.338610000000000078e-01,6.010729999999999684e-01,1.395480000000000054e-01,2.751699999999999979e-02,-1.682539999999999869e-01,2.810309999999999753e-01,5.966300000000000076e-02,3.197180000000000022e-01,2.027879999999999960e-01,2.602490000000000081e-01,-1.245369999999999949e-01,4.062790000000000012e-01,2.650859999999999883e-01,-4.625999999999999904e-03,1.608070000000000055e-01,5.239470000000000516e-01,4.665219999999999922e-01,9.807899999999999952e-02,9.478899999999999826e-02,8.710700000000000387e-02
5.496739999999999959e-01,-4.116199999999999720e-02,-3.708009999999999917e-01,5.860250000000000181e-01,5.106129999999999836e-01,-2.126899999999999971e-02,4.202529999999999877e-01,-5.769799999999999929e-02,3.569309999999999983e-01,1.000000000000000000e+00,-6.253699999999999537e-02,5.172660000000000036e-01,3.098730000000000095e-01,2.934100000000000041e-01,-3.034140000000000170e-01,4.044449999999999990e-01,6.398669999999999636e-01,3.005479999999999818e-01,-4.748310000000000031e-01,-3.002170000000000116e-01,6.365800000000000625e-02,-2.275820000000000065e-01,-1.793839999999999879e-01,6.451559999999999517e-01,2.261680000000000079e-01,2.815139999999999865e-01,-1.050480000000000025e-01,2.798709999999999809e-01,2.549549999999999872e-01,4.255079999999999973e-01,6.260229999999999961e-01,-5.821400000000000186e-02,1.696130000000000138e-01,2.393240000000000089e-01,2.364300000000000013e-01,1.187079999999999941e-01,3.359999999999999792e-02,5.816000000000000059e-01,-6.884600000000000442e-02,3.848590000000000066e-01,1.333999999999999908e-01,2.925499999999999767e-01,1.132429999999999964e-01,2.187699999999999922e-01,-6.479999999999999649e-02,5.411010000000000542e-01,-2.461230000000000084e-01,-1.740329999999999933e-01,4.132799999999999807e-01,5.072290000000000409e-01,8.959999999999999866e-04,5.139249999999999652e-01,1.834540000000000060e-01,4.307650000000000090e-01,5.055300000000000349e-01,-1.367059999999999942e-01,3.452770000000000006e-01,4.756480000000000152e-01,2.954559999999999964e-01,-2.404320000000000068e-01,3.766800000000000148e-01,4.680250000000000243e-01,5.582639999999999825e-01,-4.168760000000000243e-01,-1.829949999999999910e-01,1.471780000000000033e-01,-2.223549999999999971e-01,-2.350379999999999969e-01,5.819649999999999546e-01,2.575390000000000179e-01,2.125849999999999962e-01,-3.211900000000000172e-02,3.594910000000000050e-01,2.111109999999999931e-01,3.324529999999999985e-01,6.399350000000000316e-01
-2.914539999999999909e-01,-5.397899999999999920e-02,8.497789999999999511e-01,-1.646370000000000056e-01,5.084950000000000303e-01,2.425499999999999878e-01,1.484449999999999936e-01,3.279050000000000020e-01,7.557709999999999706e-01,-6.253699999999999537e-02,1.000000000000000000e+00,9.148499999999999688e-02,3.918579999999999841e-01,4.446499999999999758e-02,2.392519999999999925e-01,-4.832919999999999994e-01,-1.457849999999999979e-01,-2.005220000000000058e-01,7.290489999999999471e-01,4.276240000000000041e-01,7.400600000000000234e-02,1.515350000000000030e-01,5.858980000000000299e-01,-6.401900000000000646e-02,-3.874460000000000126e-01,-8.243300000000000627e-02,7.418890000000000207e-01,3.024709999999999899e-01,6.409199999999999620e-02,-1.526750000000000052e-01,-3.733739999999999837e-01,-5.543409999999999727e-01,-4.501240000000000241e-01,-4.545139999999999736e-01,-2.567610000000000170e-01,9.919200000000000239e-02,1.674249999999999905e-01,1.798069999999999946e-01,-4.179840000000000222e-01,-3.637360000000000038e-01,-6.282020000000000381e-01,-3.216860000000000275e-01,-7.367200000000000137e-02,1.648950000000000138e-01,2.510400000000000131e-02,-2.135589999999999988e-01,-9.589899999999999813e-02,8.379600000000000382e-01,-7.113999999999999491e-02,4.366450000000000053e-01,1.681529999999999969e-01,4.136270000000000224e-01,3.548910000000000120e-01,6.096880000000000077e-01,1.856420000000000015e-01,9.037490000000000245e-01,-2.396200000000000066e-02,3.449740000000000029e-01,-3.881300000000000028e-02,2.979600000000000026e-01,-4.109030000000000182e-01,-5.044499999999999679e-02,-2.583779999999999966e-01,6.980089999999999906e-01,4.390120000000000133e-01,1.395760000000000056e-01,1.543190000000000117e-01,5.298599999999999977e-01,-5.113700000000000190e-02,-1.967379999999999962e-01,2.340199999999999919e-02,6.446279999999999788e-01,3.991770000000000040e-01,-7.393700000000000272e-02,-2.467000000000000009e-03,-3.209350000000000258e-01
2.848789999999999933e-01,9.656399999999999706e-02,-5.773000000000000353e-03,2.767270000000000008e-01,2.807660000000000156e-01,3.022750000000000159e-01,-5.173500000000000321e-02,2.936230000000000229e-01,4.086799999999999877e-01,5.172660000000000036e-01,9.148499999999999688e-02,1.000000000000000000e+00,4.638639999999999985e-01,1.644049999999999956e-01,-1.118600000000000011e-01,2.073019999999999863e-01,5.023320000000000007e-01,3.928229999999999777e-01,-2.787470000000000225e-01,-3.776299999999999796e-02,2.238930000000000087e-01,-2.123190000000000077e-01,2.008389999999999898e-01,7.621440000000000436e-01,1.990879999999999872e-01,5.235319999999999974e-01,-2.525499999999999967e-02,1.791290000000000104e-01,6.585199999999999387e-02,3.570949999999999958e-01,2.076220000000000010e-01,2.149799999999999975e-02,1.410279999999999867e-01,1.085480000000000056e-01,8.566000000000000697e-03,3.984300000000000341e-02,-2.218099999999999933e-02,4.889850000000000030e-01,-9.381499999999999562e-02,1.965200000000000002e-01,4.939000000000000334e-02,1.172809999999999964e-01,1.934730000000000061e-01,7.271600000000000286e-02,3.230560000000000098e-01,2.981509999999999994e-01,-3.153949999999999809e-01,2.443299999999999986e-02,3.473919999999999786e-01,3.426339999999999941e-01,2.449580000000000091e-01,3.440810000000000257e-01,3.277039999999999953e-01,4.288159999999999750e-01,6.186629999999999630e-01,5.371700000000000086e-02,6.060860000000000136e-01,4.796000000000000263e-01,1.638539999999999996e-01,-3.765700000000000297e-02,-1.867900000000000116e-02,6.228120000000000323e-01,3.004499999999999948e-01,-1.568720000000000114e-01,-5.204000000000000292e-03,1.467199999999999893e-01,-2.342210000000000125e-01,4.684900000000000175e-02,6.360190000000000010e-01,5.316099999999999992e-02,2.474300000000000110e-01,-5.526400000000000062e-02,3.316450000000000231e-01,3.534000000000000336e-02,3.028259999999999841e-01,2.609920000000000018e-01
-2.031100000000000128e-01,3.416500000000000092e-01,3.327069999999999750e-01,3.829500000000000265e-02,3.678290000000000171e-01,4.407670000000000199e-01,1.070750000000000035e-01,2.573670000000000124e-01,4.553740000000000010e-01,3.098730000000000095e-01,3.918579999999999841e-01,4.638639999999999985e-01,1.000000000000000000e+00,8.560299999999999854e-02,2.540200000000000236e-01,-8.388900000000000523e-02,3.938169999999999726e-01,2.977319999999999967e-01,1.622810000000000086e-01,3.362499999999999933e-01,2.056830000000000047e-01,1.657270000000000132e-01,2.395549999999999902e-01,1.430520000000000125e-01,-1.365580000000000127e-01,3.593310000000000115e-01,2.508259999999999934e-01,6.901209999999999845e-01,4.148629999999999818e-01,3.960500000000000131e-01,-1.418999999999999949e-02,-1.845479999999999898e-01,6.756999999999999985e-03,1.004680000000000017e-01,-1.519949999999999912e-01,-2.179400000000000087e-02,2.363010000000000110e-01,1.522320000000000062e-01,-1.686799999999999966e-01,-6.175300000000000233e-02,-8.846800000000000497e-02,-6.127799999999999914e-02,-2.500700000000000145e-01,3.039149999999999907e-01,1.384690000000000087e-01,-1.272969999999999935e-01,-1.064969999999999944e-01,4.592510000000000203e-01,6.557999999999999594e-03,4.396169999999999800e-01,3.004240000000000244e-01,3.051030000000000131e-01,3.494610000000000216e-01,4.114309999999999912e-01,2.085339999999999971e-01,3.769179999999999753e-01,-1.324200000000000030e-02,6.663099999999999579e-01,-2.001739999999999908e-01,2.910679999999999934e-01,-1.335770000000000013e-01,4.601580000000000115e-01,2.444290000000000074e-01,1.093989999999999962e-01,3.609209999999999918e-01,1.281420000000000059e-01,1.285459999999999936e-01,6.162499999999999922e-02,2.083700000000000135e-02,-1.361890000000000045e-01,2.263749999999999929e-01,3.170970000000000177e-01,6.902709999999999679e-01,1.374420000000000086e-01,3.669330000000000092e-01,-8.077700000000000158e-02
-6.135899999999999688e-02,1.595689999999999886e-01,-7.753200000000000369e-02,1.725339999999999929e-01,1.819230000000000014e-01,4.235180000000000056e-01,2.489379999999999926e-01,3.728319999999999967e-01,9.642399999999999582e-02,2.934100000000000041e-01,4.446499999999999758e-02,1.644049999999999956e-01,8.560299999999999854e-02,1.000000000000000000e+00,5.164000000000000187e-03,3.611999999999999933e-02,3.007299999999999904e-02,1.615240000000000009e-01,8.153999999999999790e-03,-2.803869999999999973e-01,4.265800000000000147e-02,-1.914410000000000001e-01,2.058270000000000099e-01,7.598499999999999699e-02,1.421840000000000048e-01,1.363260000000000027e-01,1.261170000000000069e-01,-6.813500000000000112e-02,-2.898399999999999865e-01,7.444399999999999629e-02,-7.246299999999999963e-02,5.523800000000000238e-02,1.694100000000000120e-02,4.755700000000000205e-02,6.571100000000000552e-02,5.176060000000000105e-01,2.177689999999999904e-01,9.549900000000000055e-02,7.830399999999999860e-02,4.391799999999999871e-02,-1.969900000000000123e-02,2.351800000000000071e-02,4.518249999999999766e-01,2.563139999999999863e-01,-6.065000000000000079e-03,-1.255580000000000029e-01,2.643229999999999746e-01,-1.209799999999999938e-02,4.900349999999999984e-01,8.165500000000000536e-02,4.421570000000000222e-01,8.986099999999999643e-02,4.693430000000000102e-01,1.957300000000000012e-02,8.522100000000000508e-02,-5.649799999999999961e-02,2.988379999999999925e-01,7.004199999999999315e-02,6.081750000000000211e-01,-8.086200000000000332e-02,-2.369209999999999927e-01,1.559699999999999975e-01,2.945000000000000135e-03,-1.187669999999999976e-01,-2.805300000000000016e-01,-6.888000000000000025e-03,-2.719389999999999863e-01,2.671689999999999898e-01,1.392799999999999941e-02,1.393109999999999904e-01,7.131999999999999451e-02,1.574599999999999889e-01,-3.616699999999999776e-02,-3.022580000000000267e-01,-1.475199999999999949e-02,-7.052400000000000335e-02
-3.275839999999999863e-01,1.304680000000000006e-01,4.516200000000000214e-01,-4.767859999999999876e-01,-2.474520000000000053e-01,5.932400000000000173e-02,-3.457020000000000093e-01,2.793700000000000003e-02,-9.527599999999999958e-02,-3.034140000000000170e-01,2.392519999999999925e-01,-1.118600000000000011e-01,2.540200000000000236e-01,5.164000000000000187e-03,1.000000000000000000e+00,-1.553680000000000061e-01,-1.488079999999999958e-01,2.414600000000000080e-02,4.586870000000000114e-01,6.721169999999999645e-01,2.362219999999999875e-01,7.408529999999999838e-01,1.517699999999999882e-01,-2.593489999999999962e-01,-1.342899999999999927e-01,2.092459999999999876e-01,2.053989999999999982e-01,3.281970000000000165e-01,8.537699999999999456e-02,9.370000000000000551e-02,-3.231189999999999896e-01,-8.233600000000000640e-02,1.619669999999999999e-01,9.679300000000000403e-02,-1.436010000000000064e-01,4.418300000000000005e-02,1.177200000000000052e-01,-2.681339999999999835e-01,-7.374899999999999511e-02,-1.426679999999999893e-01,-1.404090000000000060e-01,-3.298969999999999958e-01,-2.289470000000000116e-01,1.561730000000000063e-01,1.964609999999999967e-01,-3.619589999999999752e-01,1.457410000000000094e-01,4.080300000000000038e-01,-3.757800000000000029e-01,-1.103019999999999973e-01,-9.810800000000000076e-02,-2.791910000000000225e-01,-1.891940000000000011e-01,-8.019700000000000439e-02,-3.081980000000000275e-01,2.611859999999999737e-01,-1.395800000000000096e-01,-1.627089999999999925e-01,-3.100510000000000210e-01,8.570010000000000128e-01,-1.726439999999999919e-01,-3.012610000000000010e-01,-2.791210000000000080e-01,1.962510000000000088e-01,6.291330000000000533e-01,1.026559999999999973e-01,6.569949999999999957e-01,1.255100000000000104e-01,-3.083089999999999997e-01,-2.701250000000000040e-01,4.049900000000000028e-02,3.054819999999999758e-01,2.139790000000000025e-01,-1.042069999999999941e-01,1.455720000000000069e-01,-4.061040000000000205e-01
5.322649999999999881e-01,2.938819999999999766e-01,-5.390260000000000051e-01,3.167639999999999900e-01,-7.308099999999999319e-02,-1.970139999999999947e-01,1.270809999999999995e-01,-3.003560000000000119e-01,-2.634000000000000230e-01,4.044449999999999990e-01,-4.832919999999999994e-01,2.073019999999999863e-01,-8.388900000000000523e-02,3.611999999999999933e-02,-1.553680000000000061e-01,1.000000000000000000e+00,4.840360000000000218e-01,7.273889999999999523e-01,-4.732660000000000200e-01,-1.582320000000000115e-01,-2.149359999999999882e-01,1.938789999999999958e-01,-5.088190000000000213e-01,2.499429999999999985e-01,6.333259999999999446e-01,4.137350000000000194e-01,-4.230380000000000251e-01,3.983000000000000429e-03,1.639019999999999921e-01,2.181180000000000063e-01,4.655309999999999726e-01,3.174270000000000147e-01,3.626059999999999839e-01,2.854880000000000195e-01,3.187019999999999853e-01,-1.780120000000000036e-01,-1.085789999999999950e-01,1.493710000000000038e-01,2.027039999999999953e-01,4.074800000000000089e-01,2.555149999999999921e-01,2.364880000000000038e-01,1.106000000000000039e-02,-3.180700000000000194e-02,5.952099999999999752e-02,3.235160000000000258e-01,1.271639999999999993e-01,-5.083220000000000516e-01,1.398149999999999948e-01,-1.528999999999999977e-02,-2.200900000000000079e-01,7.248000000000000276e-02,-3.335339999999999971e-01,-1.166100000000000053e-01,1.387919999999999987e-01,-4.705059999999999798e-01,1.115180000000000060e-01,2.354200000000000043e-02,9.502399999999999736e-02,-1.962190000000000045e-01,6.083030000000000381e-01,2.793889999999999985e-01,5.210380000000000011e-01,-4.625949999999999784e-01,-1.590249999999999997e-01,-3.769799999999999818e-01,4.965499999999999775e-02,-5.602599999999999802e-01,1.923650000000000082e-01,2.688220000000000054e-01,-7.176100000000000534e-02,-2.041389999999999871e-01,6.001900000000000290e-02,1.755760000000000098e-01,2.079789999999999972e-01,4.218279999999999808e-01
4.552930000000000033e-01,1.457650000000000057e-01,-3.315250000000000141e-01,2.162840000000000040e-01,3.071659999999999946e-01,-3.660599999999999965e-02,1.397210000000000119e-01,-4.792899999999999938e-02,1.905360000000000109e-01,6.398669999999999636e-01,-1.457849999999999979e-01,5.023320000000000007e-01,3.938169999999999726e-01,3.007299999999999904e-02,-1.488079999999999958e-01,4.840360000000000218e-01,1.000000000000000000e+00,5.736360000000000348e-01,-4.886880000000000113e-01,-8.240000000000000102e-02,1.652450000000000030e-01,-9.313699999999999757e-02,-1.963149999999999895e-01,5.423559999999999492e-01,2.802490000000000259e-01,5.355480000000000240e-01,-2.048929999999999918e-01,3.293659999999999921e-01,2.577130000000000254e-01,4.364589999999999859e-01,5.917519999999999447e-01,1.796790000000000054e-01,3.826490000000000169e-01,3.755879999999999774e-01,3.348299999999999887e-02,-3.184700000000000031e-02,-1.796750000000000014e-01,5.306509999999999838e-01,1.623620000000000063e-01,4.934600000000000097e-01,2.634870000000000267e-01,1.743570000000000120e-01,-1.840779999999999916e-01,7.952800000000000147e-02,1.167119999999999963e-01,4.449429999999999774e-01,-1.044999999999999957e-01,-1.036689999999999973e-01,1.891259999999999886e-01,3.147519999999999762e-01,-4.288499999999999951e-02,2.469429999999999958e-01,1.064210000000000017e-01,2.831460000000000088e-01,4.866980000000000195e-01,-1.444880000000000053e-01,2.925519999999999787e-01,3.913490000000000024e-01,2.894800000000000151e-02,-5.167999999999999851e-03,4.937150000000000150e-01,5.761730000000000462e-01,6.870770000000000488e-01,-3.697250000000000258e-01,3.063099999999999851e-02,9.228300000000000392e-02,-7.479000000000000405e-03,-2.657379999999999742e-01,4.547320000000000251e-01,2.493579999999999963e-01,4.125829999999999775e-01,1.712800000000000086e-02,2.920639999999999903e-01,3.112679999999999891e-01,3.872840000000000171e-01,5.314799999999999525e-01
1.637109999999999954e-01,5.946599999999999664e-01,-2.203219999999999901e-01,9.997899999999999843e-02,-5.575200000000000294e-02,2.871639999999999748e-01,1.452009999999999967e-01,9.461899999999999478e-02,-9.847200000000000397e-02,3.005479999999999818e-01,-2.005220000000000058e-01,3.928229999999999777e-01,2.977319999999999967e-01,1.615240000000000009e-01,2.414600000000000080e-02,7.273889999999999523e-01,5.736360000000000348e-01,1.000000000000000000e+00,-2.061580000000000079e-01,-1.618199999999999847e-02,-1.189300000000000079e-02,1.779260000000000008e-01,-1.404299999999999993e-01,2.250699999999999923e-01,6.010919999999999597e-01,6.441740000000000244e-01,-1.080099999999999949e-01,1.532090000000000118e-01,1.964269999999999905e-01,3.053199999999999803e-01,2.677050000000000263e-01,3.330989999999999784e-01,3.236740000000000173e-01,1.865290000000000004e-01,1.596200000000000119e-01,-4.278900000000000065e-02,1.820000000000000090e-02,1.491590000000000138e-01,2.655370000000000230e-01,3.654419999999999891e-01,8.780200000000000504e-02,-5.795800000000000257e-02,-6.998300000000000354e-02,1.010999999999999920e-02,2.433220000000000105e-01,2.837699999999999945e-02,2.320329999999999893e-01,-1.916090000000000015e-01,1.697400000000000020e-01,9.509000000000000091e-03,2.120809999999999917e-01,8.095399999999999818e-02,-2.656800000000000134e-02,-2.605599999999999930e-02,1.980889999999999873e-01,-2.504250000000000087e-01,2.393889999999999907e-01,2.289450000000000096e-01,3.445700000000000152e-02,4.915300000000000225e-02,2.654369999999999785e-01,4.486069999999999780e-01,5.381160000000000387e-01,-1.876160000000000050e-01,-6.766000000000000313e-03,-2.910090000000000177e-01,3.026500000000000024e-02,-2.944649999999999768e-01,1.419880000000000031e-01,2.252699999999999980e-01,6.822000000000000286e-02,6.257799999999999474e-02,2.240040000000000087e-01,8.331900000000000417e-02,3.187710000000000266e-01,1.357919999999999960e-01
-5.688520000000000243e-01,9.446300000000000530e-02,8.230189999999999451e-01,-3.996399999999999952e-01,-5.614999999999999852e-02,2.296340000000000048e-01,-2.017829999999999901e-01,2.843060000000000032e-01,2.298800000000000010e-01,-4.748310000000000031e-01,7.290489999999999471e-01,-2.787470000000000225e-01,1.622810000000000086e-01,8.153999999999999790e-03,4.586870000000000114e-01,-4.732660000000000200e-01,-4.886880000000000113e-01,-2.061580000000000079e-01,1.000000000000000000e+00,5.292210000000000525e-01,-2.200900000000000079e-02,4.409250000000000114e-01,4.762620000000000187e-01,-4.350959999999999828e-01,-3.609180000000000166e-01,-1.456230000000000024e-01,5.621270000000000433e-01,2.170839999999999992e-01,-3.742700000000000193e-02,-1.902290000000000092e-01,-6.025700000000000500e-01,-3.966330000000000133e-01,-3.009009999999999740e-01,-3.773369999999999780e-01,-2.062910000000000021e-01,9.843100000000000460e-02,2.162630000000000108e-01,-2.227339999999999876e-01,-2.560669999999999891e-01,-3.858679999999999888e-01,-4.978899999999999992e-01,-4.305499999999999883e-01,-1.096720000000000056e-01,9.698900000000000576e-02,1.171099999999999919e-02,-5.118899999999999562e-01,2.363750000000000018e-01,6.635140000000000482e-01,-2.647840000000000193e-01,-7.990800000000000680e-02,1.552229999999999999e-01,-9.834400000000000086e-02,1.389269999999999949e-01,7.766299999999999593e-02,-2.454359999999999875e-01,6.826999999999999735e-01,-1.677470000000000072e-01,-2.812500000000000069e-02,-2.152850000000000041e-01,4.170369999999999910e-01,-4.579079999999999817e-01,-3.076690000000000258e-01,-4.171719999999999873e-01,8.302159999999999540e-01,5.123189999999999689e-01,1.472000000000000045e-02,3.665669999999999762e-01,4.896320000000000117e-01,-3.806610000000000271e-01,-2.267629999999999924e-01,-8.067399999999999571e-02,5.311000000000000165e-01,2.089930000000000121e-01,-1.784570000000000045e-01,-3.908999999999999975e-02,-6.214420000000000499e-01
-1.930030000000000079e-01,9.810199999999999476e-02,5.582719999999999905e-01,-4.076480000000000103e-01,-8.914700000000000402e-02,8.000000000000000654e-05,-3.217010000000000147e-01,5.007000000000000339e-02,1.163399999999999990e-01,-3.002170000000000116e-01,4.276240000000000041e-01,-3.776299999999999796e-02,3.362499999999999933e-01,-2.803869999999999973e-01,6.721169999999999645e-01,-1.582320000000000115e-01,-8.240000000000000102e-02,-1.618199999999999847e-02,5.292210000000000525e-01,1.000000000000000000e+00,2.556769999999999876e-01,7.659610000000000030e-01,2.172129999999999894e-01,-1.382329999999999948e-01,-2.824090000000000211e-01,8.363600000000000201e-02,2.165910000000000057e-01,5.376330000000000275e-01,4.168290000000000051e-01,1.298769999999999925e-01,-1.845110000000000083e-01,-2.083309999999999884e-01,-1.320099999999999885e-01,-1.741979999999999917e-01,-1.453430000000000000e-01,-2.365170000000000050e-01,-7.788100000000000578e-02,-1.047320000000000056e-01,-1.659960000000000047e-01,-3.105999999999999872e-01,-2.807830000000000048e-01,-2.744559999999999778e-01,-3.586400000000000143e-01,-6.639699999999999769e-02,1.421910000000000118e-01,-1.734150000000000136e-01,-3.103699999999999862e-02,4.665460000000000163e-01,-3.793860000000000010e-01,4.648599999999999954e-02,-4.556999999999999940e-02,3.536099999999999660e-02,-1.238599999999999979e-01,1.581569999999999920e-01,-9.408500000000000196e-02,4.541609999999999814e-01,-1.653989999999999905e-01,1.585479999999999945e-01,-5.118390000000000439e-01,6.238139999999999796e-01,-4.564599999999999907e-02,-8.419699999999999407e-02,-1.372529999999999861e-01,4.132460000000000022e-01,8.743490000000000428e-01,1.941440000000000110e-01,7.278219999999999690e-01,1.187969999999999998e-01,-1.248120000000000063e-01,-2.673780000000000046e-01,6.063099999999999740e-02,3.567089999999999983e-01,4.555609999999999937e-01,2.470630000000000048e-01,2.921770000000000200e-01,-2.100899999999999990e-01
