1.000000000000000000e+00,3.152690000000000214e-01,2.934149999999999814e-01,2.634130000000000082e-01,-1.811200000000000032e-01,4.962300000000000044e-02,4.903199999999999920e-02,3.379989999999999939e-01,-3.355000000000000343e-02,4.788450000000000206e-01,8.298200000000000021e-02,3.234139999999999793e-01,3.081360000000000210e-01,2.697599999999999998e-02,6.290660000000000140e-01,6.725999999999999757e-01,6.170120000000000049e-01,5.623810000000000198e-01,3.611739999999999950e-01,3.459450000000000025e-01,5.939240000000000075e-01,6.576490000000000391e-01,2.642789999999999861e-01,6.905550000000000299e-01,3.480329999999999813e-01,5.731180000000000163e-01,1.635089999999999877e-01,5.740239999999999787e-01,5.774569999999999981e-01,6.578580000000000538e-01,7.289949999999999486e-01,2.545229999999999992e-01,2.425019999999999953e-01,2.345180000000000042e-01,-1.369740000000000124e-01,3.389599999999999835e-01,3.134399999999999964e-01,3.434499999999999775e-01,2.958560000000000079e-01,2.510820000000000274e-01,1.392780000000000129e-01,-1.760960000000000025e-01,3.323760000000000048e-01,2.817850000000000077e-01,4.035920000000000063e-01,8.066179999999999461e-01,2.281529999999999947e-01,1.033960000000000018e-01,1.641789999999999916e-01,-6.768999999999999843e-03,-6.462400000000000089e-02,-6.873400000000000343e-02,1.356400000000000106e-01,-9.257999999999999563e-02,3.263880000000000114e-01,5.647800000000000042e-02,2.235149999999999915e-01,1.688419999999999921e-01,4.501999999999999925e-03,4.892739999999999867e-01,6.505480000000000151e-01,4.692769999999999997e-01,4.371820000000000150e-01,2.949350000000000027e-01,4.482300000000000173e-01,3.816519999999999913e-01,5.939229999999999787e-01,5.803200000000000025e-02,6.312400000000000233e-01,1.979210000000000136e-01,5.494660000000000100e-01,2.304099999999999898e-02,5.598170000000000091e-01,4.144260000000000166e-01,6.023519999999999985e-01,6.820889999999999453e-01
3.152690000000000214e-01,1.000000000000000000e+00,4.295889999999999986e-01,1.073820000000000052e-01,1.397539999999999893e-01,3.768889999999999740e-01,5.274590000000000112e-01,4.325800000000000201e-01,3.447430000000000216e-01,2.296539999999999970e-01,2.817819999999999769e-01,1.525380000000000069e-01,7.098349999999999937e-01,-6.942399999999999960e-02,3.898670000000000191e-01,7.415319999999999689e-01,6.694740000000000135e-01,7.715400000000000036e-01,4.876300000000000079e-01,5.006300000000000194e-01,1.651199999999999890e-01,5.248260000000000147e-01,2.814900000000000180e-01,2.008749999999999980e-01,7.260389999999999899e-01,7.514450000000000296e-01,1.985040000000000138e-01,5.717900000000000205e-01,6.160229999999999873e-01,2.104880000000000084e-01,2.707439999999999847e-01,-1.009619999999999962e-01,-1.567389999999999894e-01,-2.257949999999999957e-01,-5.212639999999999496e-01,2.479079999999999895e-01,1.024530000000000024e-01,-1.388400000000000051e-02,-8.737899999999999834e-02,-1.049439999999999956e-01,-2.399280000000000024e-01,-5.177509999999999613e-01,2.816799999999999859e-01,1.642180000000000029e-01,1.799020000000000064e-01,9.550400000000000555e-02,6.132419999999999538e-01,3.505229999999999735e-01,-8.047899999999999499e-02,3.439300000000000135e-01,2.544210000000000083e-01,3.094189999999999996e-01,2.499230000000000063e-01,4.430029999999999801e-01,7.954799999999999371e-02,3.387769999999999948e-01,2.188660000000000050e-01,5.145239999999999814e-01,-8.845400000000000484e-02,2.568989999999999885e-01,4.752649999999999930e-01,4.365850000000000009e-01,4.272639999999999771e-01,4.267690000000000095e-01,4.698100000000000054e-01,8.596499999999999975e-02,5.909360000000000168e-01,9.637300000000000033e-02,1.088760000000000006e-01,4.334120000000000195e-01,4.973000000000000198e-01,1.431989999999999930e-01,5.220479999999999565e-01,2.709019999999999762e-01,1.882479999999999987e-01,2.405509999999999871e-01
2.934149999999999814e-01,4.295889999999999986e-01,1.000000000000000000e+00,-7.627200000000000646e-02,4.221849999999999770e-01,5.704320000000000501e-01,4.483320000000000083e-01,6.234790000000000054e-01,6.520519999999999650e-01,1.410379999999999967e-01,8.411180000000000323e-01,2.638889999999999847e-01,6.812909999999999799e-01,1.913559999999999983e-01,2.455489999999999895e-01,5.078340000000000076e-01,5.645999999999999908e-01,5.744730000000000114e-01,8.864589999999999970e-01,5.273290000000000477e-01,6.819999999999999674e-03,3.597449999999999815e-01,7.039260000000000517e-01,3.812220000000000053e-01,4.082680000000000198e-01,5.599739999999999718e-01,5.957080000000000153e-01,6.496509999999999785e-01,3.545300000000000118e-01,2.463029999999999942e-01,1.196089999999999931e-01,-2.002039999999999931e-01,-4.550029999999999908e-01,-3.597190000000000110e-01,-5.358629999999999782e-01,5.938700000000000229e-02,-8.267800000000000149e-02,-6.457000000000000239e-02,-1.914260000000000128e-01,-2.886969999999999814e-01,-4.248310000000000142e-01,-5.553810000000000136e-01,2.023790000000000033e-01,-4.040500000000000341e-02,2.809090000000000198e-01,1.414699999999999985e-02,1.605759999999999965e-01,8.590600000000000458e-01,-5.854499999999999982e-02,6.105080000000000506e-01,2.349910000000000054e-01,3.516569999999999974e-01,6.143220000000000347e-01,6.838090000000000002e-01,6.419500000000000206e-02,8.381549999999999834e-01,2.408589999999999898e-01,3.954199999999999937e-01,3.686559999999999837e-01,1.227820000000000022e-01,5.583799999999999875e-02,3.661719999999999975e-01,1.183059999999999945e-01,8.626530000000000031e-01,4.752730000000000010e-01,-5.506500000000000283e-02,3.193940000000000112e-01,4.866679999999999895e-01,2.820440000000000169e-01,1.698699999999999863e-02,2.673010000000000108e-01,3.405889999999999751e-01,5.516079999999999872e-01,1.556099999999999983e-01,8.987299999999999456e-02,1.367240000000000122e-01
2.634130000000000082e-01,1.073820000000000052e-01,-7.627200000000000646e-02,1.000000000000000000e+00,-1.101629999999999970e-01,-8.420999999999999319e-02,1.108259999999999940e-01,9.473700000000000176e-02,-2.009910000000000030e-01,4.285359999999999725e-01,-2.085239999999999871e-01,1.852759999999999962e-01,2.485400000000000109e-02,1.190070000000000017e-01,1.854200000000000015e-01,1.123129999999999962e-01,5.466900000000000232e-02,9.866999999999999382e-02,4.961399999999999838e-02,7.872700000000000531e-02,3.737550000000000039e-01,3.244949999999999779e-01,2.651000000000000145e-03,1.729849999999999999e-01,1.866299999999999903e-02,1.702710000000000057e-01,-9.989800000000000069e-02,1.644529999999999881e-01,9.702800000000000313e-02,3.818380000000000107e-01,5.549659999999999593e-01,4.306550000000000100e-01,3.266049999999999787e-01,5.437229999999999563e-01,6.359000000000000069e-03,5.167530000000000179e-01,7.447390000000000398e-01,3.717790000000000261e-01,5.477450000000000374e-01,5.406199999999999894e-01,4.528880000000000128e-01,-7.595599999999999574e-02,5.220069999999999988e-01,7.455110000000000348e-01,3.374249999999999750e-01,3.286470000000000224e-01,1.494880000000000098e-01,-2.632639999999999980e-01,6.659469999999999557e-01,-1.195579999999999976e-01,1.443010000000000126e-01,5.050600000000000228e-02,-2.403999999999999887e-03,-2.213179999999999870e-01,2.491859999999999908e-01,-2.630310000000000148e-01,1.005459999999999965e-01,2.034870000000000012e-01,-8.207399999999999418e-02,1.803659999999999985e-01,3.443180000000000129e-01,2.924490000000000145e-01,1.685760000000000036e-01,-3.160099999999999715e-02,3.751499999999999974e-02,3.441759999999999819e-01,2.453100000000000003e-01,-1.036249999999999949e-01,2.722300000000000275e-01,4.005399999999999933e-02,2.737299999999999733e-01,-2.129199999999999982e-01,2.537260000000000071e-01,2.059549999999999992e-01,3.629780000000000229e-01,4.784740000000000104e-01
-1.811200000000000032e-01,1.397539999999999893e-01,4.221849999999999770e-01,-1.101629999999999970e-01,1.000000000000000000e+00,7.014470000000000427e-01,7.328550000000000342e-01,1.170569999999999944e-01,8.517860000000000431e-01,6.262800000000000311e-02,5.919990000000000530e-01,1.514969999999999928e-01,4.355370000000000075e-01,3.652790000000000203e-01,-2.357619999999999993e-01,-2.871500000000000094e-02,1.427209999999999868e-01,1.279730000000000034e-01,3.207659999999999956e-01,2.210189999999999932e-01,-3.658120000000000260e-01,-5.752100000000000268e-02,2.022829999999999906e-01,9.144399999999999751e-02,2.177439999999999931e-01,1.241469999999999935e-01,6.349350000000000271e-01,1.594679999999999986e-01,9.879000000000000628e-03,-2.629799999999999915e-01,-1.908910000000000051e-01,-4.158120000000000149e-01,-4.170389999999999930e-01,-3.040050000000000252e-01,-5.074990000000000334e-01,-2.862179999999999724e-01,-2.638059999999999850e-01,2.418800000000000117e-02,-4.146139999999999826e-01,-3.460770000000000235e-01,-3.149870000000000170e-01,-3.508769999999999945e-01,-1.471300000000000038e-02,3.757100000000000023e-02,2.195259999999999989e-01,-2.875510000000000010e-01,1.082130000000000036e-01,4.260740000000000083e-01,2.653900000000000009e-02,7.796459999999999502e-01,3.302140000000000075e-01,5.863209999999999811e-01,3.342479999999999896e-01,7.286620000000000319e-01,1.171340000000000020e-01,5.732059999999999933e-01,2.569940000000000002e-01,2.560629999999999851e-01,3.526580000000000270e-01,-1.904710000000000014e-01,-1.796500000000000041e-01,2.282879999999999909e-01,-5.664399999999999991e-02,3.549089999999999745e-01,7.783700000000000341e-02,-3.314469999999999916e-01,-1.169110000000000010e-01,2.670520000000000116e-01,2.313099999999999878e-02,9.511100000000000110e-02,6.699900000000000300e-02,6.034680000000000044e-01,7.351900000000000102e-02,-3.191599999999999993e-02,-3.594029999999999725e-01,-1.463659999999999961e-01
4.962300000000000044e-02,3.768889999999999740e-01,5.704320000000000501e-01,-8.420999999999999319e-02,7.014470000000000427e-01,1.000000000000000000e+00,7.122960000000000402e-01,4.086210000000000120e-01,8.193279999999999452e-01,6.991400000000000392e-02,5.498790000000000067e-01,2.340710000000000013e-01,6.928469999999999906e-01,3.017759999999999887e-01,1.023899999999999984e-02,2.044630000000000059e-01,3.597469999999999835e-01,3.614220000000000210e-01,4.627490000000000214e-01,4.753279999999999728e-01,-1.485819999999999919e-01,1.534929999999999906e-01,5.636689999999999756e-01,3.121550000000000158e-01,4.516149999999999887e-01,4.397510000000000030e-01,8.186139999999999528e-01,3.898090000000000166e-01,3.762289999999999801e-01,-1.483720000000000039e-01,-8.080600000000000283e-02,-3.930460000000000065e-01,-4.030779999999999919e-01,-3.122699999999999920e-01,-4.956880000000000175e-01,-1.041249999999999953e-01,-1.409900000000000042e-01,1.664440000000000086e-01,-3.792300000000000115e-01,-3.883489999999999998e-01,-2.886070000000000024e-01,-4.448889999999999789e-01,3.662499999999999784e-02,5.775999999999999884e-03,2.875929999999999875e-01,-2.148180000000000089e-01,2.696899999999999853e-01,5.531329999999999858e-01,-2.934200000000000003e-02,6.850739999999999608e-01,5.685400000000000453e-01,5.788459999999999717e-01,5.411399999999999544e-01,6.551599999999999646e-01,1.057099999999999984e-01,6.055329999999999879e-01,3.361250000000000071e-01,4.922329999999999761e-01,3.587299999999999933e-01,-1.412000000000000061e-02,-3.088000000000000120e-02,3.562009999999999899e-01,1.362559999999999882e-01,5.086549999999999683e-01,3.833730000000000193e-01,-1.530090000000000061e-01,1.534050000000000136e-01,4.883799999999999808e-01,1.971229999999999927e-01,2.353439999999999976e-01,3.448080000000000034e-01,6.614560000000000439e-01,3.239210000000000145e-01,1.491159999999999985e-01,-2.671890000000000098e-01,-4.960599999999999732e-02
4.903199999999999920e-02,5.274590000000000112e-01,4.483320000000000083e-01,1.108259999999999940e-01,7.328550000000000342e-01,7.122960000000000402e-01,1.000000000000000000e+00,2.822180000000000244e-01,7.585140000000000216e-01,3.843320000000000070e-01,4.575739999999999807e-01,3.249130000000000074e-01,6.942019999999999857e-01,3.696169999999999733e-01,6.194199999999999706e-02,2.646789999999999976e-01,4.166969999999999841e-01,4.639809999999999768e-01,4.107129999999999947e-01,4.414839999999999876e-01,-1.049619999999999997e-01,2.133879999999999943e-01,2.609980000000000078e-01,2.348459999999999992e-01,5.231740000000000279e-01,3.478339999999999765e-01,5.979780000000000095e-01,4.407699999999999951e-01,4.282440000000000135e-01,-3.602600000000000247e-02,1.226870000000000044e-01,-3.573700000000000210e-01,-3.035630000000000273e-01,-2.136230000000000073e-01,-6.567629999999999857e-01,-2.264800000000000146e-02,-1.071000000000000008e-01,1.320949999999999902e-01,-2.725130000000000052e-01,-2.596879999999999744e-01,-2.071959999999999913e-01,-5.346889999999999699e-01,1.769189999999999929e-01,1.703900000000000137e-01,2.974820000000000242e-01,-1.490380000000000038e-01,3.374480000000000257e-01,4.267329999999999735e-01,5.603000000000000341e-02,6.437829999999999941e-01,3.624919999999999809e-01,6.472900000000000320e-01,3.555729999999999724e-01,6.381679999999999575e-01,3.308240000000000069e-01,4.660860000000000003e-01,3.808679999999999843e-01,4.506080000000000085e-01,2.696500000000000008e-01,1.742600000000000052e-02,1.734060000000000046e-01,4.471269999999999967e-01,2.839740000000000042e-01,3.980509999999999882e-01,3.123250000000000193e-01,-1.065839999999999982e-01,2.030150000000000010e-01,2.410940000000000027e-01,1.474109999999999865e-01,3.150109999999999855e-01,2.688260000000000094e-01,5.678490000000000482e-01,3.031909999999999883e-01,1.887860000000000094e-01,-1.671420000000000128e-01,1.246079999999999965e-01
3.379989999999999939e-01,4.325800000000000201e-01,6.234790000000000054e-01,9.473700000000000176e-02,1.170569999999999944e-01,4.086210000000000120e-01,2.822180000000000244e-01,1.000000000000000000e+00,3.478160000000000140e-01,1.899430000000000007e-01,4.868120000000000225e-01,3.552719999999999767e-01,5.014929999999999666e-01,2.292589999999999906e-01,4.430970000000000186e-01,4.476209999999999911e-01,4.897210000000000174e-01,4.956320000000000170e-01,6.023680000000000145e-01,5.191000000000000059e-01,3.523970000000000158e-01,3.542049999999999921e-01,7.886870000000000269e-01,4.850760000000000072e-01,4.126529999999999920e-01,6.403750000000000275e-01,3.616770000000000262e-01,5.749760000000000426e-01,3.885500000000000065e-01,4.189260000000000206e-01,2.412320000000000020e-01,7.739899999999999558e-02,-3.216550000000000242e-01,-2.540810000000000013e-01,-4.141719999999999846e-01,1.295280000000000042e-01,-8.540999999999999981e-03,1.437269999999999937e-01,7.335300000000000153e-02,-1.228420000000000067e-01,-3.273300000000000098e-01,-5.580399999999999805e-01,2.242069999999999896e-01,5.536599999999999855e-02,3.306970000000000187e-01,1.168259999999999993e-01,4.547860000000000236e-01,5.887919999999999821e-01,2.884300000000000058e-02,3.893320000000000114e-01,4.297579999999999734e-01,2.894860000000000211e-01,8.375359999999999472e-01,4.560899999999999954e-01,1.878110000000000057e-01,5.527870000000000283e-01,4.413830000000000253e-01,4.659460000000000268e-01,2.509009999999999851e-01,4.001049999999999884e-01,2.214079999999999937e-01,5.270569999999999977e-01,2.887219999999999787e-01,5.745770000000000044e-01,5.477389999999999759e-01,3.218570000000000042e-01,5.054959999999999454e-01,6.449529999999999985e-01,4.856369999999999854e-01,2.227989999999999970e-01,4.814820000000000211e-01,3.128139999999999810e-01,5.797670000000000323e-01,3.298800000000000066e-01,3.321740000000000248e-01,3.748369999999999758e-01
-3.355000000000000343e-02,3.447430000000000216e-01,6.520519999999999650e-01,-2.009910000000000030e-01,8.517860000000000431e-01,8.193279999999999452e-01,7.585140000000000216e-01,3.478160000000000140e-01,1.000000000000000000e+00,7.014800000000000202e-02,7.078630000000000200e-01,2.405869999999999953e-01,6.618129999999999846e-01,2.839720000000000022e-01,1.770700000000000052e-02,2.491349999999999953e-01,3.949779999999999958e-01,3.946089999999999876e-01,5.759349999999999747e-01,4.553900000000000170e-01,-2.462280000000000024e-01,1.105339999999999934e-01,4.470419999999999949e-01,2.222880000000000134e-01,3.716169999999999751e-01,3.260029999999999872e-01,7.504589999999999872e-01,4.372969999999999913e-01,2.493470000000000131e-01,-1.309450000000000058e-01,-1.212769999999999959e-01,-4.998119999999999785e-01,-5.926540000000000141e-01,-4.557689999999999797e-01,-6.141720000000000512e-01,-1.435029999999999917e-01,-2.527030000000000109e-01,3.160099999999999715e-02,-4.872020000000000239e-01,-5.229909999999999837e-01,-4.750499999999999723e-01,-4.571350000000000136e-01,2.046900000000000108e-02,-5.676400000000000196e-02,2.546359999999999735e-01,-2.818220000000000169e-01,1.827729999999999910e-01,6.738380000000000480e-01,-1.237670000000000020e-01,8.507609999999999895e-01,3.428340000000000276e-01,5.627410000000000467e-01,4.850119999999999987e-01,8.702299999999999480e-01,5.934899999999999898e-02,7.589599999999999680e-01,3.339380000000000126e-01,3.459160000000000013e-01,3.557669999999999999e-01,6.329999999999999906e-04,-8.316400000000000181e-02,3.308079999999999909e-01,8.371499999999999775e-02,6.261640000000000539e-01,2.980030000000000179e-01,-2.942469999999999808e-01,9.340800000000000491e-02,4.061799999999999855e-01,1.334009999999999918e-01,1.074070000000000025e-01,1.616019999999999956e-01,6.707779999999999854e-01,3.186570000000000236e-01,6.406900000000000095e-02,-2.356139999999999901e-01,-6.577700000000000213e-02
4.788450000000000206e-01,2.296539999999999970e-01,1.410379999999999967e-01,4.285359999999999725e-01,6.262800000000000311e-02,6.991400000000000392e-02,3.843320000000000070e-01,1.899430000000000007e-01,7.014800000000000202e-02,1.000000000000000000e+00,1.285700000000000037e-02,6.211699999999999999e-01,2.562240000000000073e-01,2.804670000000000218e-01,2.784470000000000001e-01,2.933879999999999821e-01,3.396179999999999755e-01,4.045090000000000074e-01,2.327629999999999977e-01,1.629589999999999927e-01,3.712969999999999882e-01,4.155059999999999865e-01,1.123399999999999954e-01,3.911549999999999749e-01,2.769300000000000095e-01,1.315050000000000108e-01,1.230139999999999983e-01,4.302699999999999858e-01,3.819739999999999802e-01,3.474329999999999918e-01,6.807330000000000325e-01,1.067680000000000018e-01,1.868980000000000086e-01,2.880630000000000135e-01,-3.615300000000000180e-01,1.936769999999999881e-01,2.970709999999999740e-01,2.442469999999999919e-01,2.942960000000000020e-01,3.356120000000000214e-01,2.393039999999999889e-01,-1.683570000000000066e-01,4.556129999999999902e-01,3.932959999999999789e-01,2.936369999999999814e-01,4.391300000000000203e-01,1.243520000000000042e-01,-5.434999999999999727e-03,4.667100000000000137e-01,6.445900000000000241e-02,3.949300000000000033e-02,1.037089999999999956e-01,1.350510000000000044e-01,-5.004499999999999921e-02,6.464090000000000114e-01,-4.639900000000000274e-02,4.020500000000000185e-01,2.353069999999999884e-01,1.098220000000000030e-01,2.489649999999999919e-01,5.121200000000000196e-01,4.544159999999999866e-01,4.235949999999999993e-01,1.628809999999999980e-01,2.516909999999999981e-01,2.709719999999999906e-01,3.486009999999999942e-01,-4.595000000000000126e-03,3.529510000000000147e-01,1.381940000000000113e-01,2.297790000000000110e-01,1.121059999999999973e-01,4.158780000000000254e-01,3.562549999999999883e-01,2.708920000000000217e-01,5.636160000000000059e-01
8.298200000000000021e-02,2.817819999999999769e-01,8.411180000000000323e-01,-2.085239999999999871e-01,5.919990000000000530e-01,5.498790000000000067e-01,4.575739999999999807e-01,4.868120000000000225e-01,7.078630000000000200e-01,1.285700000000000037e-02,1.000000000000000000e+00,1.370490000000000042e-01,5.238180000000000058e-01,2.621519999999999961e-01,1.200050000000000006e-01,3.245609999999999884e-01,4.135679999999999912e-01,3.951870000000000105e-01,8.027459999999999596e-01,5.240299999999999958e-01,-1.696489999999999942e-01,2.462100000000000122e-01,4.995280000000000276e-01,2.125299999999999967e-01,3.069999999999999951e-01,3.882399999999999740e-01,6.463579999999999881e-01,4.028470000000000106e-01,1.732680000000000053e-01,6.598999999999999311e-02,-6.046200000000000185e-02,-3.115589999999999749e-01,-5.474580000000000002e-01,-4.828049999999999842e-01,-5.510669999999999735e-01,-1.276599999999999957e-01,-3.157460000000000266e-01,-1.013020000000000032e-01,-3.314659999999999829e-01,-4.214269999999999960e-01,-5.195260000000000433e-01,-5.686569999999999681e-01,5.140900000000000331e-02,-1.857360000000000122e-01,1.554300000000000126e-01,-1.512989999999999891e-01,1.388270000000000060e-01,8.088410000000000322e-01,-1.778000000000000136e-01,7.560130000000000461e-01,1.782019999999999993e-01,3.524979999999999780e-01,5.932619999999999560e-01,7.359459999999999891e-01,-1.416500000000000051e-02,9.484590000000000520e-01,1.628010000000000013e-01,2.095950000000000035e-01,4.478820000000000023e-01,-8.500000000000000611e-03,-8.058700000000000585e-02,2.647939999999999738e-01,-7.072100000000000608e-02,8.177060000000000439e-01,3.753670000000000062e-01,-1.787930000000000075e-01,2.120400000000000063e-01,3.915870000000000184e-01,1.065659999999999941e-01,5.748500000000000137e-02,1.399219999999999908e-01,4.822270000000000167e-01,2.845139999999999891e-01,4.800800000000000206e-02,-6.735700000000000021e-02,1.040499999999999932e-02
3.234139999999999793e-01,1.525380000000000069e-01,2.638889999999999847e-01,1.852759999999999962e-01,1.514969999999999928e-01,2.340710000000000013e-01,3.249130000000000074e-01,3.552719999999999767e-01,2.405869999999999953e-01,6.211699999999999999e-01,1.370490000000000042e-01,1.000000000000000000e+00,3.067409999999999859e-01,3.906209999999999960e-01,2.131669999999999954e-01,2.344700000000000117e-01,3.356040000000000134e-01,3.449130000000000251e-01,2.270649999999999891e-01,1.711290000000000033e-01,2.273570000000000035e-01,2.443339999999999956e-01,4.140490000000000004e-01,6.284129999999999994e-01,1.509669999999999901e-01,1.703649999999999887e-01,1.024749999999999966e-01,5.256760000000000321e-01,1.631160000000000110e-01,2.077090000000000047e-01,3.787340000000000151e-01,-2.619619999999999727e-01,2.233000000000000176e-03,1.488289999999999891e-01,-4.648470000000000102e-01,1.862759999999999971e-01,2.124010000000000065e-01,2.040180000000000049e-01,-1.431330000000000102e-01,1.727800000000000169e-02,7.885399999999999354e-02,-3.560559999999999836e-01,4.805780000000000052e-01,2.955860000000000154e-01,2.357640000000000013e-01,1.422410000000000063e-01,5.893400000000000027e-02,1.847389999999999866e-01,3.583569999999999811e-01,2.151150000000000007e-01,1.811530000000000085e-01,2.105219999999999869e-01,4.047799999999999732e-01,1.571750000000000091e-01,6.422539999999999916e-01,1.537340000000000095e-01,7.903869999999999507e-01,2.192330000000000112e-01,2.945639999999999925e-01,1.905910000000000104e-01,2.824030000000000151e-01,4.006339999999999901e-01,3.766360000000000263e-01,2.326709999999999889e-01,2.119649999999999868e-01,8.229400000000000603e-02,3.128900000000000015e-01,2.940490000000000048e-01,3.701820000000000110e-01,-1.317830000000000112e-01,1.768649999999999944e-01,8.483699999999999575e-02,4.243020000000000125e-01,1.689180000000000126e-01,1.062469999999999942e-01,3.850589999999999846e-01
3.081360000000000210e-01,7.098349999999999937e-01,6.812909999999999799e-01,2.485400000000000109e-02,4.355370000000000075e-01,6.928469999999999906e-01,6.942019999999999857e-01,5.014929999999999666e-01,6.618129999999999846e-01,2.562240000000000073e-01,5.238180000000000058e-01,3.067409999999999859e-01,1.000000000000000000e+00,2.918799999999999728e-01,2.612249999999999850e-01,6.128780000000000339e-01,7.421940000000000204e-01,7.364680000000000115e-01,6.255199999999999649e-01,5.142250000000000432e-01,1.466059999999999863e-01,3.247940000000000271e-01,5.738440000000000207e-01,4.347690000000000166e-01,6.278359999999999497e-01,6.457979999999999832e-01,4.753760000000000208e-01,7.732449999999999601e-01,6.231069999999999665e-01,1.926910000000000012e-01,1.531530000000000113e-01,-2.688849999999999851e-01,-3.557009999999999894e-01,-2.973319999999999852e-01,-5.858290000000000441e-01,1.787350000000000050e-01,-6.062200000000000227e-02,1.436270000000000047e-01,-2.424620000000000108e-01,-2.687229999999999897e-01,-3.198710000000000164e-01,-5.354400000000000270e-01,2.485769999999999924e-01,9.208399999999999919e-02,3.633680000000000243e-01,5.913600000000000106e-02,3.504869999999999930e-01,6.311499999999999888e-01,-4.367299999999999655e-02,6.137789999999999635e-01,3.977289999999999992e-01,5.153919999999999613e-01,4.584289999999999754e-01,6.006359999999999477e-01,1.965159999999999962e-01,5.958670000000000355e-01,3.304790000000000227e-01,6.554499999999999771e-01,2.693400000000000238e-01,1.625550000000000050e-01,1.627220000000000055e-01,5.110069999999999890e-01,3.434659999999999935e-01,6.358749999999999680e-01,4.885320000000000218e-01,3.662499999999999784e-02,3.828099999999999836e-01,3.728750000000000120e-01,3.397939999999999849e-01,2.449079999999999868e-01,4.250570000000000181e-01,2.960409999999999986e-01,6.283309999999999729e-01,2.609710000000000085e-01,1.373499999999999999e-01,1.764209999999999945e-01
2.697599999999999998e-02,-6.942399999999999960e-02,1.913559999999999983e-01,1.190070000000000017e-01,3.652790000000000203e-01,3.017759999999999887e-01,3.696169999999999733e-01,2.292589999999999906e-01,2.839720000000000022e-01,2.804670000000000218e-01,2.621519999999999961e-01,3.906209999999999960e-01,2.918799999999999728e-01,1.000000000000000000e+00,4.884000000000000147e-02,-9.651400000000000257e-02,1.032740000000000047e-01,1.348099999999999993e-02,1.274649999999999950e-01,6.795900000000000551e-02,1.348810000000000009e-01,-6.420499999999999818e-02,3.272349999999999981e-01,3.540639999999999898e-01,-8.374500000000000000e-02,-2.732000000000000053e-03,1.862719999999999931e-01,1.916720000000000090e-01,-1.335599999999999982e-02,1.986559999999999993e-01,8.419799999999999507e-02,-1.216269999999999990e-01,-9.478100000000000414e-02,-6.464300000000000601e-02,-4.017410000000000148e-01,1.528430000000000066e-01,-5.667799999999999921e-02,2.931150000000000144e-01,-7.127300000000000302e-02,7.120999999999999726e-03,-8.287600000000000522e-02,-3.185819999999999763e-01,3.290170000000000039e-01,2.277510000000000090e-01,3.132380000000000164e-01,2.706599999999999978e-02,1.755699999999999969e-02,2.202949999999999908e-01,3.051579999999999848e-01,3.562819999999999876e-01,3.290529999999999844e-01,4.572120000000000073e-01,4.115690000000000182e-01,2.255929999999999880e-01,4.063359999999999750e-01,2.884360000000000257e-01,4.129309999999999925e-01,3.148059999999999747e-01,6.429829999999999712e-01,1.313819999999999988e-01,-1.024510000000000004e-01,2.940320000000000156e-01,2.578400000000000136e-02,1.947689999999999977e-01,6.962000000000000133e-02,1.824790000000000023e-01,2.273199999999999874e-02,3.898159999999999958e-01,3.419619999999999882e-01,-7.423299999999999343e-02,1.127149999999999958e-01,1.723959999999999937e-01,1.478849999999999887e-01,1.343179999999999930e-01,7.962099999999999733e-02,1.719330000000000025e-01
6.290660000000000140e-01,3.898670000000000191e-01,2.455489999999999895e-01,1.854200000000000015e-01,-2.357619999999999993e-01,1.023899999999999984e-02,6.194199999999999706e-02,4.430970000000000186e-01,1.770700000000000052e-02,2.784470000000000001e-01,1.200050000000000006e-01,2.131669999999999954e-01,2.612249999999999850e-01,4.884000000000000147e-02,1.000000000000000000e+00,5.964990000000000014e-01,4.650719999999999854e-01,5.206460000000000532e-01,4.480279999999999818e-01,6.299179999999999779e-01,6.150149999999999784e-01,7.756840000000000401e-01,2.443569999999999909e-01,4.189559999999999951e-01,3.616090000000000138e-01,5.005359999999999809e-01,1.625910000000000133e-01,5.482780000000000431e-01,5.201360000000000428e-01,6.873129999999999518e-01,6.765130000000000310e-01,3.142079999999999873e-01,-2.218200000000000033e-02,-6.651300000000000268e-02,-2.106790000000000052e-01,3.752150000000000207e-01,2.056429999999999925e-01,1.434890000000000054e-01,3.159100000000000241e-01,2.774000000000000077e-02,-1.812280000000000002e-01,-3.233940000000000148e-01,3.624569999999999736e-01,2.013389999999999902e-01,2.163019999999999943e-01,4.645340000000000025e-01,4.334149999999999947e-01,1.515320000000000000e-01,7.507400000000000184e-02,5.159099999999999797e-02,1.430999999999999980e-03,2.429600000000000162e-02,2.924550000000000205e-01,1.126019999999999938e-01,1.751479999999999981e-01,1.905439999999999912e-01,1.820839999999999959e-01,1.929530000000000134e-01,8.103499999999999592e-02,8.871660000000000101e-01,6.604039999999999910e-01,4.980020000000000002e-01,4.516209999999999947e-01,4.310060000000000002e-01,5.272329999999999517e-01,4.667589999999999795e-01,8.101159999999999473e-01,1.316859999999999975e-01,3.874290000000000234e-01,2.932469999999999799e-01,5.109010000000000495e-01,1.046570000000000000e-01,5.533289999999999598e-01,4.746429999999999816e-01,5.917670000000000430e-01,7.115920000000000023e-01
6.725999999999999757e-01,7.415319999999999689e-01,5.078340000000000076e-01,1.123129999999999962e-01,-2.871500000000000094e-02,2.044630000000000059e-01,2.646789999999999976e-01,4.476209999999999911e-01,2.491349999999999953e-01,2.933879999999999821e-01,3.245609999999999884e-01,2.344700000000000117e-01,6.128780000000000339e-01,-9.651400000000000257e-02,5.964990000000000014e-01,1.000000000000000000e+00,7.949810000000000487e-01,8.732550000000000034e-01,5.783639999999999892e-01,5.231820000000000359e-01,3.646960000000000202e-01,6.837010000000000032e-01,2.941219999999999946e-01,4.094820000000000126e-01,5.951469999999999816e-01,7.631980000000000430e-01,2.185719999999999885e-01,7.209830000000000405e-01,6.177259999999999973e-01,4.874249999999999972e-01,5.201390000000000180e-01,-4.310699999999999948e-02,-1.020059999999999995e-01,-5.560799999999999771e-02,-4.012720000000000176e-01,3.079140000000000210e-01,2.227939999999999920e-01,4.232500000000000151e-02,-1.227000000000000009e-03,2.161000000000000074e-02,-1.429739999999999900e-01,-4.100409999999999888e-01,3.458539999999999948e-01,1.961960000000000093e-01,2.856190000000000118e-01,4.375620000000000065e-01,4.286550000000000082e-01,3.501960000000000073e-01,-4.480399999999999661e-02,3.124460000000000015e-01,3.708600000000000091e-02,1.427769999999999873e-01,1.967009999999999870e-01,3.277639999999999998e-01,1.247660000000000019e-01,3.561090000000000089e-01,2.529259999999999842e-01,3.610309999999999908e-01,-2.966900000000000093e-02,4.007350000000000079e-01,6.058909999999999574e-01,4.841369999999999840e-01,4.810699999999999976e-01,5.271470000000000322e-01,5.930680000000000396e-01,1.540090000000000070e-01,6.963930000000000398e-01,3.797199999999999881e-02,3.705160000000000120e-01,2.508279999999999954e-01,5.479500000000000481e-01,1.303279999999999994e-01,6.564219999999999500e-01,3.644100000000000117e-01,4.236630000000000118e-01,4.708550000000000235e-01
6.170120000000000049e-01,6.694740000000000135e-01,5.645999999999999908e-01,5.466900000000000232e-02,1.427209999999999868e-01,3.597469999999999835e-01,4.166969999999999841e-01,4.897210000000000174e-01,3.949779999999999958e-01,3.396179999999999755e-01,4.135679999999999912e-01,3.356040000000000134e-01,7.421940000000000204e-01,1.032740000000000047e-01,4.650719999999999854e-01,7.949810000000000487e-01,1.000000000000000000e+00,8.671419999999999684e-01,5.661399999999999766e-01,5.003300000000000525e-01,2.940289999999999848e-01,4.958890000000000242e-01,4.404839999999999867e-01,5.499669999999999837e-01,5.823509999999999520e-01,7.843210000000000459e-01,2.988640000000000185e-01,7.264690000000000314e-01,6.290130000000000443e-01,3.515889999999999849e-01,3.925819999999999865e-01,-1.419729999999999881e-01,-2.407489999999999908e-01,-1.282439999999999969e-01,-4.608559999999999879e-01,2.856339999999999990e-01,1.039009999999999934e-01,1.519240000000000035e-01,-1.284500000000000086e-01,-1.573460000000000136e-01,-1.656539999999999957e-01,-4.302529999999999966e-01,3.659160000000000190e-01,1.917609999999999870e-01,3.272070000000000256e-01,3.742019999999999791e-01,3.992009999999999725e-01,4.995839999999999725e-01,-6.739599999999999758e-02,4.536370000000000124e-01,1.661350000000000049e-01,2.173509999999999887e-01,3.519760000000000111e-01,4.381809999999999872e-01,1.685679999999999956e-01,4.703010000000000246e-01,3.616320000000000090e-01,4.167080000000000228e-01,1.477259999999999962e-01,3.068359999999999976e-01,4.808279999999999776e-01,5.786120000000000152e-01,5.118129999999999624e-01,5.453379999999999894e-01,5.450249999999999817e-01,1.028609999999999941e-01,5.833859999999999602e-01,2.366729999999999945e-01,4.524750000000000161e-01,2.517039999999999833e-01,5.737050000000000205e-01,2.104959999999999887e-01,6.513929999999999998e-01,3.097619999999999818e-01,3.281870000000000065e-01,4.185960000000000236e-01
5.623810000000000198e-01,7.715400000000000036e-01,5.744730000000000114e-01,9.866999999999999382e-02,1.279730000000000034e-01,3.614220000000000210e-01,4.639809999999999768e-01,4.956320000000000170e-01,3.946089999999999876e-01,4.045090000000000074e-01,3.951870000000000105e-01,3.449130000000000251e-01,7.364680000000000115e-01,1.348099999999999993e-02,5.206460000000000532e-01,8.732550000000000034e-01,8.671419999999999684e-01,1.000000000000000000e+00,6.184589999999999810e-01,5.439990000000000103e-01,2.865219999999999989e-01,6.022570000000000423e-01,3.650399999999999756e-01,4.039300000000000113e-01,7.114479999999999693e-01,7.595929999999999627e-01,3.442720000000000224e-01,7.851359999999999451e-01,6.597030000000000394e-01,3.670780000000000154e-01,5.002959999999999630e-01,-9.098799999999999943e-02,-1.526609999999999912e-01,-1.026389999999999941e-01,-4.563940000000000219e-01,2.777729999999999921e-01,1.527050000000000074e-01,3.940699999999999759e-02,-5.592099999999999849e-02,-9.992299999999999793e-02,-1.800849999999999951e-01,-4.689760000000000040e-01,3.855290000000000106e-01,1.862499999999999989e-01,2.392799999999999927e-01,3.171930000000000027e-01,4.588949999999999974e-01,4.640159999999999840e-01,3.902000000000000086e-03,4.134070000000000245e-01,1.317329999999999890e-01,2.067509999999999903e-01,3.153529999999999944e-01,4.171670000000000100e-01,2.094050000000000078e-01,4.387759999999999994e-01,3.200180000000000247e-01,4.375049999999999772e-01,1.349390000000000034e-01,3.725249999999999950e-01,5.580869999999999997e-01,5.957360000000000433e-01,6.051619999999999777e-01,5.763730000000000242e-01,5.302569999999999784e-01,1.006729999999999986e-01,6.246899999999999675e-01,1.341680000000000095e-01,3.444869999999999877e-01,3.139989999999999726e-01,5.374510000000000121e-01,2.034459999999999880e-01,7.106789999999999496e-01,2.998219999999999774e-01,3.122849999999999793e-01,4.353179999999999827e-01
3.611739999999999950e-01,4.876300000000000079e-01,8.864589999999999970e-01,4.961399999999999838e-02,3.207659999999999956e-01,4.627490000000000214e-01,4.107129999999999947e-01,6.023680000000000145e-01,5.759349999999999747e-01,2.327629999999999977e-01,8.027459999999999596e-01,2.270649999999999891e-01,6.255199999999999649e-01,1.274649999999999950e-01,4.480279999999999818e-01,5.783639999999999892e-01,5.661399999999999766e-01,6.184589999999999810e-01,1.000000000000000000e+00,6.133140000000000258e-01,1.015270000000000061e-01,5.340780000000000527e-01,5.679840000000000444e-01,3.428379999999999761e-01,4.313910000000000244e-01,5.598790000000000155e-01,5.528359999999999941e-01,6.792430000000000412e-01,3.870449999999999724e-01,3.842709999999999737e-01,2.862140000000000239e-01,-4.187300000000000050e-02,-3.742190000000000238e-01,-3.157519999999999771e-01,-5.497170000000000112e-01,1.429100000000000092e-01,1.034599999999999929e-02,-7.203000000000000201e-03,-3.667800000000000227e-02,-2.329029999999999989e-01,-4.027000000000000024e-01,-5.530009999999999648e-01,2.463629999999999987e-01,3.104399999999999868e-02,2.430009999999999948e-01,5.101499999999999785e-02,2.340160000000000018e-01,7.321039999999999770e-01,2.130299999999999902e-02,5.651770000000000405e-01,1.194479999999999986e-01,2.078510000000000080e-01,5.501669999999999616e-01,5.859229999999999716e-01,2.981299999999999922e-02,7.871780000000000443e-01,1.778220000000000078e-01,3.134250000000000091e-01,3.182110000000000216e-01,2.763059999999999961e-01,1.830459999999999865e-01,3.660359999999999725e-01,1.494979999999999920e-01,9.529849999999999710e-01,5.051259999999999639e-01,3.015500000000000125e-02,4.726719999999999811e-01,3.225040000000000129e-01,2.950980000000000270e-01,1.689239999999999908e-01,3.081809999999999827e-01,2.872379999999999933e-01,5.938579999999999970e-01,1.655840000000000090e-01,2.327130000000000032e-01,2.771580000000000155e-01
3.459450000000000025e-01,5.006300000000000194e-01,5.273290000000000477e-01,7.872700000000000531e-02,2.210189999999999932e-01,4.753279999999999728e-01,4.414839999999999876e-01,5.191000000000000059e-01,4.553900000000000170e-01,1.629589999999999927e-01,5.240299999999999958e-01,1.711290000000000033e-01,5.142250000000000432e-01,6.795900000000000551e-02,6.299179999999999779e-01,5.231820000000000359e-01,5.003300000000000525e-01,5.439990000000000103e-01,6.133140000000000258e-01,1.000000000000000000e+00,2.749179999999999957e-01,7.458789999999999587e-01,3.907840000000000202e-01,2.963219999999999743e-01,4.657979999999999898e-01,5.815219999999999834e-01,6.272170000000000245e-01,5.624900000000000455e-01,5.656419999999999781e-01,3.383209999999999829e-01,4.215949999999999975e-01,-1.847400000000000084e-02,-2.458370000000000000e-01,-2.313790000000000013e-01,-3.501480000000000148e-01,2.461280000000000134e-01,6.455099999999999727e-02,9.541499999999999981e-02,1.121699999999999954e-02,-2.111699999999999966e-01,-3.222869999999999902e-01,-4.602939999999999809e-01,2.985119999999999996e-01,1.221669999999999978e-01,2.094479999999999953e-01,1.462019999999999986e-01,4.369290000000000118e-01,4.273810000000000109e-01,-6.460299999999999376e-02,4.485569999999999835e-01,2.314900000000000013e-01,2.723539999999999850e-01,4.776299999999999990e-01,4.966639999999999944e-01,1.450339999999999963e-01,5.613550000000000484e-01,2.782100000000000128e-01,2.908129999999999882e-01,1.599250000000000116e-01,5.079430000000000334e-01,3.994360000000000133e-01,5.171909999999999563e-01,2.830449999999999910e-01,6.041239999999999943e-01,7.512379999999999614e-01,1.802070000000000061e-01,7.278729999999999922e-01,2.761739999999999751e-01,2.100279999999999925e-01,2.897500000000000075e-01,4.755300000000000082e-01,4.803259999999999752e-01,5.157040000000000513e-01,3.752880000000000105e-01,2.104300000000000059e-01,4.721670000000000034e-01
