1.000000000000000000e+00,1.496290000000000120e-01,5.138500000000000290e-01,2.789600000000000066e-02,3.820589999999999820e-01,-1.039640000000000009e-01,3.637400000000000078e-01,-1.460919999999999996e-01,5.206220000000000292e-01,-2.215400000000000008e-02,5.016869999999999941e-01,1.309500000000000074e-02,4.647859999999999769e-01,-3.103069999999999995e-01,4.184189999999999854e-01,3.337319999999999731e-01,2.496559999999999890e-01,3.324289999999999745e-01,4.921320000000000139e-01,4.325970000000000093e-01,3.825720000000000232e-01,7.323610000000000397e-01,-4.914400000000000018e-02,-3.703000000000000128e-03,6.888159999999999838e-01,3.406069999999999931e-01,5.907909999999999551e-01,5.840370000000000283e-01,6.296209999999999862e-01,6.981300000000000283e-01,6.798490000000000366e-01,2.583030000000000048e-01,5.561409999999999965e-01,4.316189999999999749e-01,3.747799999999999743e-02,-2.125000000000000153e-03,-2.424929999999999863e-01,-8.327900000000000580e-02,3.733190000000000119e-01,2.448600000000000082e-02,4.795139999999999958e-01,9.090700000000000169e-02,2.782600000000000004e-02,-2.809110000000000218e-01,-4.914600000000000218e-02,6.909640000000000226e-01,-1.878399999999999861e-02,3.477589999999999848e-01,-7.328700000000000492e-02,2.830320000000000058e-01,-2.471460000000000046e-01,5.225689999999999502e-01,-1.332170000000000021e-01,4.294850000000000056e-01,9.287700000000000122e-02,2.097150000000000125e-01,-4.025349999999999762e-01,5.672599999999999865e-02,-1.191569999999999990e-01,2.307470000000000077e-01,6.919480000000000075e-01,2.699150000000000160e-01,4.383420000000000094e-01,5.356140000000000345e-01,4.361979999999999746e-01,3.217149999999999732e-01,6.793190000000000062e-01,-1.860090000000000077e-01,-1.949499999999999844e-02,4.661270000000000135e-01,1.835910000000000042e-01,5.474510000000000209e-01,4.552539999999999920e-01,5.293600000000000527e-01,3.679819999999999758e-01,7.240729999999999666e-01
1.496290000000000120e-01,1.000000000000000000e+00,3.771329999999999960e-01,-2.450869999999999993e-01,2.518070000000000030e-01,6.536319999999999908e-01,2.068709999999999993e-01,2.365649999999999975e-01,2.779829999999999801e-01,1.996509999999999951e-01,2.063280000000000114e-01,9.962899999999999534e-02,4.141790000000000194e-01,-1.981199999999999975e-02,-1.784739999999999938e-01,3.281959999999999877e-01,6.486189999999999456e-01,4.672899999999999832e-01,3.084089999999999887e-01,-3.544599999999999834e-02,3.525840000000000085e-01,2.219540000000000124e-01,2.810329999999999773e-01,9.862100000000000033e-02,5.659170000000000034e-01,6.834240000000000315e-01,1.687079999999999969e-01,5.004119999999999679e-01,2.623030000000000084e-01,1.636279999999999957e-01,5.638800000000000062e-02,3.390759999999999885e-01,3.451960000000000028e-01,1.345490000000000019e-01,-1.942159999999999997e-01,3.386129999999999973e-01,1.759749999999999925e-01,-2.101929999999999910e-01,1.511329999999999896e-01,3.840259999999999785e-01,-7.737499999999999933e-02,7.352699999999999514e-02,3.302720000000000100e-01,-1.310929999999999873e-01,-2.523790000000000200e-01,1.002600000000000019e-02,4.919200000000000239e-01,3.938019999999999854e-01,-2.777459999999999929e-01,1.085300000000000015e-01,3.121050000000000213e-01,1.292590000000000128e-01,1.834169999999999967e-01,2.685139999999999749e-01,1.679160000000000097e-01,-6.318300000000000305e-02,-7.251499999999999613e-02,3.702480000000000215e-01,-9.463199999999999390e-02,-9.328799999999999593e-02,1.255739999999999912e-01,3.839080000000000270e-01,3.840620000000000145e-01,4.682239999999999736e-01,-1.218609999999999971e-01,2.802819999999999756e-01,9.753100000000000658e-02,1.480650000000000022e-01,5.693000000000000144e-02,2.276040000000000008e-01,4.305019999999999958e-01,2.188999999999999974e-02,3.211620000000000030e-01,-4.549000000000000266e-02,2.039330000000000032e-01,1.037800000000000007e-02
5.138500000000000290e-01,3.771329999999999960e-01,1.000000000000000000e+00,-2.847330000000000139e-01,7.024219999999999908e-01,3.712389999999999857e-01,5.181999999999999940e-01,3.617170000000000107e-01,8.032939999999999525e-01,1.815640000000000032e-01,7.689510000000000511e-01,5.023539999999999672e-01,7.128910000000000524e-01,-1.354839999999999933e-01,6.237600000000000089e-02,1.478049999999999919e-01,6.020090000000000163e-01,2.793640000000000012e-01,6.752789999999999626e-01,2.429119999999999890e-01,5.058789999999999676e-01,5.961030000000000495e-01,3.604220000000000201e-01,2.873200000000000198e-01,5.170310000000000183e-01,5.897970000000000157e-01,4.033669999999999756e-01,6.413440000000000252e-01,3.438240000000000185e-01,6.724639999999999507e-01,4.490149999999999975e-01,8.464399999999999702e-02,5.767830000000000457e-01,3.299489999999999923e-01,-2.809679999999999955e-01,3.687929999999999819e-01,7.967799999999999883e-02,-6.042999999999999761e-03,1.031060000000000032e-01,3.321999999999999953e-01,3.693620000000000236e-01,1.599399999999999988e-01,3.567640000000000255e-01,-3.422899999999999832e-01,9.070999999999999897e-02,3.345090000000000008e-01,1.832020000000000037e-01,8.764359999999999928e-01,-1.014199999999999963e-01,5.220690000000000053e-01,1.285769999999999968e-01,7.149720000000000519e-01,3.133409999999999807e-01,7.783299999999999663e-01,4.213160000000000238e-01,3.263690000000000202e-01,2.934900000000000009e-02,4.517100000000000004e-01,4.244799999999999962e-02,-8.632900000000000296e-02,4.068800000000000194e-01,6.103809999999999514e-01,5.396410000000000373e-01,7.002230000000000398e-01,4.259600000000000192e-02,4.293379999999999974e-01,4.500689999999999968e-01,2.263270000000000004e-01,4.343250000000000166e-01,3.911760000000000237e-01,4.453790000000000249e-01,3.067659999999999831e-01,5.928360000000000296e-01,8.875299999999999856e-02,2.658220000000000027e-01,4.535440000000000027e-01
2.789600000000000066e-02,-2.450869999999999993e-01,-2.847330000000000139e-01,1.000000000000000000e+00,-3.131709999999999772e-01,-2.872839999999999838e-01,-2.241059999999999997e-01,-1.374819999999999931e-01,-1.979309999999999958e-01,-9.156300000000000550e-02,-1.045979999999999965e-01,-1.700329999999999897e-01,-2.586200000000000165e-01,8.762000000000000691e-03,2.400599999999999956e-01,-3.595999999999999891e-02,-3.926790000000000003e-01,-8.267900000000000249e-02,-2.173470000000000124e-01,-1.131989999999999941e-01,-1.071160000000000029e-01,-1.103340000000000015e-01,-2.337130000000000041e-01,-1.638640000000000096e-01,-1.022549999999999987e-01,-2.400639999999999996e-01,3.617000000000000076e-02,-2.181740000000000068e-01,-4.374200000000000310e-02,-1.066830000000000001e-01,-8.483100000000000362e-02,9.396500000000000685e-02,-1.146479999999999999e-01,3.312600000000000267e-02,1.391590000000000049e-01,-2.239109999999999989e-01,1.861900000000000013e-02,5.414399999999999769e-02,2.670449999999999768e-01,-2.843950000000000089e-01,1.255020000000000024e-01,1.194560000000000066e-01,-1.460599999999999954e-01,2.873700000000000143e-01,7.974299999999999444e-02,-1.576800000000000077e-02,-5.283899999999999708e-02,-3.449119999999999964e-01,3.140009999999999746e-01,-1.650780000000000025e-01,-1.379279999999999951e-01,-1.566629999999999967e-01,-1.730069999999999941e-01,-2.054489999999999927e-01,-2.649610000000000021e-01,-1.511299999999999970e-02,-1.678129999999999900e-01,-3.090439999999999854e-01,4.454199999999999826e-02,1.775819999999999899e-01,7.864500000000000657e-02,-2.988779999999999770e-01,-3.471999999999999826e-03,-2.352829999999999921e-01,1.618300000000000016e-01,-3.372200000000000197e-02,1.874100000000000071e-02,-1.425250000000000128e-01,-2.636999999999999900e-01,-9.279999999999999361e-02,-1.691940000000000111e-01,1.073280000000000067e-01,-2.374370000000000092e-01,1.782030000000000003e-01,8.824000000000000246e-03,4.466500000000000331e-02
3.820589999999999820e-01,2.518070000000000030e-01,7.024219999999999908e-01,-3.131709999999999772e-01,1.000000000000000000e+00,2.981670000000000154e-01,6.876250000000000417e-01,2.724440000000000195e-01,7.864139999999999464e-01,2.840499999999999969e-02,6.996200000000000196e-01,4.495709999999999984e-01,6.631390000000000340e-01,1.589800000000000102e-01,4.099200000000000066e-02,-6.946199999999999597e-02,4.753850000000000020e-01,7.336600000000000066e-02,5.173149999999999693e-01,1.945550000000000057e-01,3.596329999999999805e-01,4.181790000000000229e-01,3.003109999999999946e-01,3.277269999999999905e-01,3.272320000000000229e-01,3.453370000000000051e-01,2.247899999999999898e-01,4.802759999999999807e-01,3.155789999999999984e-01,5.907719999999999638e-01,3.838539999999999730e-01,9.651700000000000557e-02,4.459420000000000051e-01,2.044739999999999891e-01,-1.450700000000000045e-01,3.987780000000000213e-01,-4.689100000000000212e-02,-5.274299999999999822e-02,1.008990000000000026e-01,2.043270000000000086e-01,2.994899999999999785e-01,5.525800000000000156e-02,2.737780000000000213e-01,-3.513100000000000112e-01,-6.262299999999999811e-02,1.481089999999999907e-01,-2.375400000000000081e-02,6.094580000000000553e-01,-1.918999999999999916e-03,6.540650000000000075e-01,1.087479999999999974e-01,7.037970000000000059e-01,2.826219999999999843e-01,7.756889999999999619e-01,3.680680000000000063e-01,3.902889999999999970e-01,5.480299999999999755e-02,4.410049999999999804e-01,1.586809999999999887e-01,-6.371999999999999886e-02,2.502320000000000100e-01,4.894029999999999769e-01,3.319750000000000201e-01,5.161970000000000169e-01,4.742999999999999994e-02,2.206170000000000075e-01,4.292650000000000077e-01,1.392049999999999954e-01,4.019929999999999892e-01,2.932500000000000107e-01,2.198559999999999959e-01,2.376719999999999944e-01,5.341139999999999777e-01,-8.930000000000000437e-03,1.826280000000000125e-01,2.864059999999999939e-01
-1.039640000000000009e-01,6.536319999999999908e-01,3.712389999999999857e-01,-2.872839999999999838e-01,2.981670000000000154e-01,1.000000000000000000e+00,6.854999999999999982e-02,6.955400000000000471e-01,2.594819999999999904e-01,1.367269999999999874e-01,2.275349999999999873e-01,3.899929999999999786e-01,4.114539999999999864e-01,1.386060000000000070e-01,-1.381100000000000105e-01,-5.683599999999999763e-02,6.123229999999999507e-01,2.360949999999999993e-01,2.204319999999999891e-01,-1.468980000000000008e-01,4.752109999999999945e-01,-8.074000000000000621e-02,7.599500000000000144e-01,4.381309999999999927e-01,1.252800000000000025e-01,6.424560000000000271e-01,-3.497000000000000108e-02,2.544540000000000135e-01,-1.483210000000000084e-01,5.037999999999999944e-03,-2.902150000000000007e-01,1.451240000000000030e-01,2.776199999999999779e-01,-5.941500000000000253e-02,-2.266140000000000099e-01,3.815299999999999803e-01,1.817130000000000134e-01,-1.103480000000000016e-01,1.355820000000000081e-01,2.385649999999999993e-01,-1.967389999999999972e-01,9.908999999999999406e-03,3.051150000000000251e-01,-1.114760000000000056e-01,-1.133929999999999938e-01,-3.096140000000000003e-01,3.845450000000000257e-01,4.429440000000000044e-01,-1.618159999999999876e-01,1.778990000000000016e-01,6.888830000000000231e-01,-5.033000000000000147e-03,6.724869999999999459e-01,2.713430000000000009e-01,5.991599999999999704e-02,4.444200000000000234e-02,1.698070000000000135e-01,5.756539999999999990e-01,1.928759999999999919e-01,-2.028379999999999905e-01,-1.902949999999999919e-01,3.870850000000000124e-01,2.467560000000000031e-01,3.095499999999999918e-01,-2.723599999999999910e-01,3.869670000000000054e-01,-1.324400000000000022e-01,6.723909999999999609e-01,2.893939999999999846e-01,-3.975700000000000067e-02,4.404540000000000122e-01,-1.596100000000000019e-01,2.588460000000000205e-01,-4.509619999999999740e-01,-8.337000000000000660e-03,-2.894630000000000258e-01
3.637400000000000078e-01,2.068709999999999993e-01,5.181999999999999940e-01,-2.241059999999999997e-01,6.876250000000000417e-01,6.854999999999999982e-02,1.000000000000000000e+00,-1.284879999999999911e-01,5.745660000000000212e-01,8.474399999999999988e-02,4.093499999999999917e-01,2.877870000000000150e-01,6.741570000000000062e-01,-1.750140000000000029e-01,1.136069999999999997e-01,8.501999999999999141e-03,2.066679999999999906e-01,1.445750000000000091e-01,3.670120000000000049e-01,1.565229999999999955e-01,9.452199999999999491e-02,5.150219999999999798e-01,-1.307169999999999999e-01,4.649699999999999667e-02,3.628270000000000106e-01,1.188310000000000061e-01,2.672840000000000216e-01,5.277190000000000492e-01,4.597379999999999800e-01,5.461249999999999716e-01,4.230099999999999971e-01,1.004099999999999958e-02,4.761119999999999797e-01,2.361580000000000068e-01,9.555900000000000505e-02,1.981179999999999886e-01,-6.944500000000000672e-02,1.069620000000000015e-01,3.309299999999999742e-02,1.566349999999999965e-01,4.200679999999999970e-01,2.170259999999999967e-01,2.500990000000000157e-01,-2.176420000000000021e-01,5.240199999999999719e-02,1.035549999999999943e-01,3.014599999999999919e-02,3.834429999999999783e-01,2.138699999999999976e-02,3.652389999999999803e-01,-9.983499999999999319e-02,6.025110000000000188e-01,-1.017460000000000031e-01,4.556080000000000130e-01,3.972269999999999968e-01,6.014800000000000008e-02,-1.177880000000000038e-01,2.809440000000000270e-01,-1.255179999999999907e-01,2.495800000000000102e-02,3.397109999999999852e-01,3.736400000000000277e-01,4.122129999999999961e-01,4.116679999999999784e-01,6.865999999999999881e-02,-2.987300000000000025e-02,4.857179999999999831e-01,-2.130950000000000066e-01,1.323729999999999907e-01,4.310069999999999735e-01,9.291299999999999559e-02,2.812810000000000032e-01,4.600920000000000010e-01,1.311819999999999931e-01,2.195000000000000007e-01,4.026520000000000099e-01
-1.460919999999999996e-01,2.365649999999999975e-01,3.617170000000000107e-01,-1.374819999999999931e-01,2.724440000000000195e-01,6.955400000000000471e-01,-1.284879999999999911e-01,1.000000000000000000e+00,1.502999999999999892e-01,8.567600000000000215e-02,3.690459999999999852e-01,5.137589999999999657e-01,2.126560000000000117e-01,4.275050000000000239e-01,-1.692329999999999945e-01,-2.089139999999999886e-01,4.483280000000000043e-01,9.083000000000000795e-03,2.336540000000000006e-01,-1.516240000000000088e-01,4.633470000000000089e-01,-2.256309999999999982e-01,8.925840000000000440e-01,6.741880000000000095e-01,-2.281330000000000024e-01,5.015619999999999523e-01,-2.818890000000000007e-01,1.200650000000000051e-01,-4.329749999999999988e-01,2.210000000000000159e-03,-2.527949999999999919e-01,1.491860000000000130e-01,6.662700000000000566e-02,-4.116899999999999726e-02,-2.066900000000000126e-01,2.912089999999999956e-01,1.802010000000000001e-01,-9.349200000000000566e-02,1.385429999999999995e-01,1.874079999999999913e-01,-1.393909999999999871e-01,2.719200000000000089e-02,1.746550000000000047e-01,-3.320300000000000334e-02,1.138030000000000014e-01,-1.314369999999999983e-01,2.302329999999999932e-01,4.940240000000000187e-01,-1.350799999999999917e-02,1.252030000000000087e-01,5.711180000000000145e-01,-3.515599999999999975e-02,8.718010000000000481e-01,2.500200000000000200e-01,2.851999999999999934e-03,2.339849999999999985e-01,4.923420000000000019e-01,5.325469999999999926e-01,3.295520000000000116e-01,-1.287190000000000001e-01,-3.546369999999999800e-01,2.301769999999999927e-01,-4.697400000000000186e-02,2.462249999999999994e-01,-1.738830000000000098e-01,4.581779999999999742e-01,-2.135199999999999876e-01,8.296569999999999778e-01,5.389209999999999834e-01,-2.001199999999999923e-01,4.546120000000000161e-01,-2.894590000000000218e-01,2.314019999999999966e-01,-5.184250000000000247e-01,1.204660000000000036e-01,-2.826940000000000008e-01
5.206220000000000292e-01,2.779829999999999801e-01,8.032939999999999525e-01,-1.979309999999999958e-01,7.864139999999999464e-01,2.594819999999999904e-01,5.745660000000000212e-01,1.502999999999999892e-01,1.000000000000000000e+00,2.034320000000000017e-01,6.971330000000000027e-01,4.214979999999999838e-01,7.334659999999999513e-01,-8.061000000000000110e-02,1.652800000000000102e-01,3.509199999999999819e-02,4.649490000000000012e-01,9.443600000000000605e-02,5.653479999999999617e-01,3.587799999999999878e-01,4.076540000000000163e-01,6.037639999999999674e-01,1.695629999999999915e-01,6.637300000000000144e-02,4.819629999999999748e-01,4.495759999999999756e-01,4.503670000000000173e-01,5.331080000000000263e-01,4.251869999999999816e-01,5.729290000000000216e-01,3.937990000000000101e-01,9.424200000000000632e-02,4.964749999999999996e-01,2.946289999999999742e-01,-2.653619999999999868e-01,4.098919999999999786e-01,3.340900000000000120e-02,-1.833699999999999913e-02,2.076050000000000118e-01,1.437539999999999929e-01,3.713670000000000027e-01,1.322359999999999924e-01,4.008419999999999761e-01,-2.612189999999999790e-01,-8.054000000000000395e-03,2.570770000000000000e-01,4.071999999999999925e-02,6.842660000000000409e-01,-1.377059999999999951e-01,6.940110000000000445e-01,-7.335000000000000374e-03,7.991209999999999702e-01,2.015160000000000007e-01,8.930690000000000017e-01,4.698439999999999839e-01,3.710510000000000197e-01,-6.083999999999999825e-02,3.529100000000000015e-01,1.406779999999999975e-01,-1.351900000000000046e-01,4.251780000000000004e-01,5.173980000000000246e-01,4.264560000000000017e-01,5.860830000000000206e-01,1.241560000000000025e-01,3.103750000000000120e-01,4.995809999999999973e-01,7.437900000000000067e-02,2.779989999999999961e-01,2.858609999999999762e-01,2.427499999999999936e-01,4.191889999999999783e-01,5.800889999999999658e-01,1.742700000000000082e-01,2.301590000000000025e-01,5.050850000000000062e-01
-2.215400000000000008e-02,1.996509999999999951e-01,1.815640000000000032e-01,-9.156300000000000550e-02,2.840499999999999969e-02,1.367269999999999874e-01,8.474399999999999988e-02,8.567600000000000215e-02,2.034320000000000017e-01,1.000000000000000000e+00,-9.357799999999999452e-02,5.529070000000000373e-01,3.595070000000000210e-01,-3.928999999999999854e-02,-2.325129999999999975e-01,-7.959000000000000796e-03,4.022060000000000080e-01,-5.097700000000000148e-02,5.184300000000000019e-02,1.022160000000000013e-01,1.219780000000000031e-01,1.672309999999999908e-01,1.939999999999999993e-04,-1.886499999999999982e-02,1.378999999999999948e-01,4.429429999999999756e-01,5.435399999999999954e-02,2.305300000000000127e-01,2.703099999999999947e-02,8.393899999999999972e-02,7.303199999999999970e-02,2.495999999999999955e-03,6.498299999999999910e-02,3.452890000000000126e-01,-1.892280000000000073e-01,4.515710000000000002e-01,4.443690000000000140e-01,6.380259999999999820e-01,1.601999999999999952e-02,3.386939999999999951e-01,2.868359999999999799e-01,2.045790000000000108e-01,4.614329999999999821e-01,3.376839999999999842e-01,3.495059999999999834e-01,-4.486899999999999916e-02,-7.103900000000000492e-02,1.368000000000000049e-01,-1.794109999999999872e-01,1.461169999999999969e-01,-2.064660000000000106e-01,1.590380000000000127e-01,3.986900000000000166e-02,1.559270000000000100e-01,5.069799999999999862e-01,-2.761770000000000058e-01,5.266939999999999955e-01,9.433800000000000519e-02,1.425029999999999908e-01,-4.963190000000000102e-01,-7.356999999999999651e-02,3.930739999999999790e-01,4.859999999999999737e-02,1.281279999999999919e-01,-1.418969999999999954e-01,1.664099999999999954e-02,-1.413770000000000027e-01,2.562000000000000041e-02,1.617800000000000071e-01,-2.739530000000000021e-01,4.526399999999999868e-02,-2.415100000000000025e-01,2.784329999999999861e-01,-2.015460000000000029e-01,2.220729999999999926e-01,1.886480000000000101e-01
5.016869999999999941e-01,2.063280000000000114e-01,7.689510000000000511e-01,-1.045979999999999965e-01,6.996200000000000196e-01,2.275349999999999873e-01,4.093499999999999917e-01,3.690459999999999852e-01,6.971330000000000027e-01,-9.357799999999999452e-02,1.000000000000000000e+00,3.215850000000000097e-01,4.409290000000000154e-01,1.978399999999999950e-02,2.450309999999999988e-01,1.191770000000000052e-01,3.702940000000000120e-01,2.921259999999999968e-01,7.219470000000000054e-01,2.122590000000000032e-01,4.123970000000000136e-01,4.885070000000000245e-01,3.366149999999999975e-01,4.598430000000000017e-01,4.270240000000000147e-01,3.925000000000000155e-01,3.426799999999999846e-01,4.932070000000000065e-01,3.222940000000000249e-01,6.100430000000000019e-01,4.336960000000000259e-01,1.894760000000000055e-01,3.853730000000000211e-01,2.620990000000000264e-01,-7.241899999999999726e-02,5.058900000000000202e-02,-1.645030000000000103e-01,-1.264659999999999951e-01,2.369390000000000107e-01,1.387770000000000115e-01,3.033129999999999993e-01,-4.768300000000000316e-02,-7.212200000000000555e-02,-3.683580000000000187e-01,1.161739999999999995e-01,3.526230000000000198e-01,6.051600000000000035e-02,7.138520000000000421e-01,1.868660000000000043e-01,3.973539999999999850e-01,1.081690000000000013e-01,5.794369999999999798e-01,2.699960000000000138e-01,7.127200000000000202e-01,1.245229999999999948e-01,6.230139999999999567e-01,-1.324400000000000056e-02,3.372560000000000002e-01,-3.765700000000000297e-02,2.249470000000000081e-01,3.536500000000000199e-01,2.412829999999999975e-01,3.745740000000000181e-01,6.416659999999999586e-01,2.204599999999999893e-01,2.845420000000000171e-01,5.222949999999999537e-01,1.642699999999999994e-01,4.406809999999999894e-01,4.401200000000000112e-01,3.366089999999999915e-01,3.687250000000000250e-01,4.401140000000000052e-01,1.377160000000000051e-01,1.921640000000000015e-01,3.275819999999999843e-01
1.309500000000000074e-02,9.962899999999999534e-02,5.023539999999999672e-01,-1.700329999999999897e-01,4.495709999999999984e-01,3.899929999999999786e-01,2.877870000000000150e-01,5.137589999999999657e-01,4.214979999999999838e-01,5.529070000000000373e-01,3.215850000000000097e-01,1.000000000000000000e+00,5.750159999999999716e-01,6.043799999999999867e-02,-1.728800000000000059e-01,-3.015059999999999962e-01,5.364189999999999792e-01,-1.325709999999999944e-01,1.719199999999999895e-01,1.823999999999999927e-02,3.003930000000000211e-01,1.050439999999999985e-01,3.897769999999999846e-01,4.618450000000000055e-01,-1.079600000000000004e-02,4.914359999999999840e-01,-8.255300000000000138e-02,2.386620000000000130e-01,-1.583819999999999950e-01,2.163879999999999970e-01,3.125900000000000206e-02,-1.050259999999999944e-01,3.073179999999999801e-01,1.855580000000000007e-01,-3.019260000000000277e-01,4.696219999999999839e-01,4.060960000000000125e-01,3.911999999999999922e-01,-7.386800000000000310e-02,3.214069999999999983e-01,2.743039999999999923e-01,1.556069999999999953e-01,4.705739999999999923e-01,1.262389999999999901e-01,3.241009999999999724e-01,-2.227169999999999983e-01,-9.871800000000000019e-02,4.345350000000000046e-01,6.376999999999999336e-02,4.508420000000000205e-01,1.096749999999999947e-01,3.728159999999999807e-01,4.473269999999999746e-01,4.309069999999999845e-01,5.717470000000000052e-01,5.037699999999999817e-02,5.851699999999999680e-01,4.092759999999999732e-01,3.773429999999999840e-01,-4.643260000000000165e-01,-1.415049999999999919e-01,5.781859999999999777e-01,1.011200000000000015e-01,2.343629999999999880e-01,-2.940760000000000041e-01,1.621960000000000068e-01,-9.814599999999999713e-02,3.620820000000000149e-01,5.538269999999999582e-01,-1.758129999999999971e-01,2.119860000000000078e-01,-2.781750000000000056e-01,4.148999999999999910e-01,-3.993630000000000235e-01,1.093890000000000001e-01,7.821400000000000574e-02
4.647859999999999769e-01,4.141790000000000194e-01,7.128910000000000524e-01,-2.586200000000000165e-01,6.631390000000000340e-01,4.114539999999999864e-01,6.741570000000000062e-01,2.126560000000000117e-01,7.334659999999999513e-01,3.595070000000000210e-01,4.409290000000000154e-01,5.750159999999999716e-01,1.000000000000000000e+00,-1.690720000000000001e-01,1.490970000000000073e-01,-1.645580000000000098e-01,5.861589999999999856e-01,-6.512999999999999692e-03,4.568639999999999923e-01,3.893400000000000194e-01,5.243830000000000435e-01,5.790600000000000191e-01,2.562380000000000213e-01,7.692999999999999838e-02,4.250550000000000161e-01,5.751720000000000166e-01,2.779579999999999829e-01,6.855869999999999465e-01,3.549269999999999925e-01,6.575170000000000181e-01,3.589530000000000221e-01,6.523099999999999732e-02,6.187629999999999519e-01,3.312720000000000109e-01,-2.551700000000000079e-01,5.586969999999999992e-01,2.133839999999999903e-01,1.416620000000000101e-01,1.430790000000000117e-01,2.514529999999999821e-01,4.026710000000000012e-01,2.835309999999999775e-01,5.816529999999999756e-01,-1.185890000000000000e-01,4.170200000000000295e-02,7.308599999999999819e-02,2.932799999999999990e-02,5.987999999999999989e-01,-1.451439999999999952e-01,5.830549999999999899e-01,7.263600000000000612e-02,6.768450000000000299e-01,2.513380000000000059e-01,6.504889999999999839e-01,5.151620000000000088e-01,1.003639999999999949e-01,3.881199999999999928e-02,5.104480000000000128e-01,1.430780000000000107e-01,-1.827930000000000110e-01,2.126869999999999872e-01,6.794780000000000264e-01,3.742860000000000076e-01,5.778889999999999860e-01,3.325800000000000284e-02,3.744830000000000103e-01,3.791010000000000213e-01,1.663699999999999901e-01,2.129189999999999972e-01,1.679829999999999934e-01,2.777769999999999961e-01,1.399890000000000023e-01,6.692780000000000395e-01,-2.114800000000000013e-02,3.837369999999999948e-01,4.573420000000000263e-01
-3.103069999999999995e-01,-1.981199999999999975e-02,-1.354839999999999933e-01,8.762000000000000691e-03,1.589800000000000102e-01,1.386060000000000070e-01,-1.750140000000000029e-01,4.275050000000000239e-01,-8.061000000000000110e-02,-3.928999999999999854e-02,1.978399999999999950e-02,6.043799999999999867e-02,-1.690720000000000001e-01,1.000000000000000000e+00,-2.919729999999999825e-01,-2.011610000000000065e-01,1.449499999999999920e-02,-1.711449999999999916e-01,-1.267989999999999950e-01,-1.578450000000000131e-01,-8.304999999999999882e-03,-3.964300000000000046e-01,3.713799999999999879e-01,2.621629999999999794e-01,-3.848420000000000174e-01,-1.413700000000000026e-02,-3.517569999999999864e-01,-1.584540000000000115e-01,-4.291099999999999914e-01,-1.515060000000000018e-01,-2.402640000000000053e-01,2.090059999999999973e-01,-3.200729999999999964e-01,-1.777710000000000123e-01,-2.323599999999999971e-02,3.176160000000000094e-01,1.721209999999999962e-01,-1.279460000000000042e-01,1.863680000000000059e-01,-5.805500000000000244e-02,-1.771500000000000019e-01,-1.263070000000000026e-01,7.702900000000000025e-02,9.321699999999999431e-02,-8.871900000000000619e-02,-1.335959999999999925e-01,3.241700000000000137e-02,-9.970800000000000496e-02,-1.299369999999999969e-01,1.627540000000000098e-01,2.648139999999999938e-01,-1.125680000000000014e-01,4.759780000000000122e-01,5.568800000000000139e-02,-1.124919999999999948e-01,1.968779999999999974e-01,3.469070000000000209e-01,1.893420000000000103e-01,3.373829999999999885e-01,-9.198499999999999732e-02,-4.290939999999999754e-01,-9.403499999999999359e-02,-2.723050000000000193e-01,-1.327079999999999926e-01,-1.290489999999999970e-01,8.608699999999999686e-02,-2.509179999999999744e-01,3.669160000000000199e-01,2.762430000000000163e-01,-3.025059999999999971e-01,6.123200000000000170e-02,-2.826730000000000076e-01,-2.460000000000000164e-04,-3.619410000000000127e-01,1.243439999999999962e-01,-2.478229999999999877e-01
4.184189999999999854e-01,-1.784739999999999938e-01,6.237600000000000089e-02,2.400599999999999956e-01,4.099200000000000066e-02,-1.381100000000000105e-01,1.136069999999999997e-01,-1.692329999999999945e-01,1.652800000000000102e-01,-2.325129999999999975e-01,2.450309999999999988e-01,-1.728800000000000059e-01,1.490970000000000073e-01,-2.919729999999999825e-01,1.000000000000000000e+00,-9.608099999999999974e-02,-2.260119999999999907e-01,-6.338399999999999590e-02,1.830519999999999925e-01,4.472459999999999769e-01,2.108210000000000084e-01,3.931999999999999940e-01,-3.544599999999999834e-02,-1.153580000000000022e-01,2.121810000000000085e-01,-1.298799999999999955e-02,4.785769999999999746e-01,2.104360000000000119e-01,2.972069999999999990e-01,3.581190000000000206e-01,3.034339999999999815e-01,1.288300000000000001e-01,6.417599999999999694e-02,1.492090000000000083e-01,4.852900000000000269e-02,-2.655350000000000210e-01,-2.105599999999999972e-01,-1.288559999999999983e-01,2.343959999999999932e-01,-4.318810000000000149e-01,1.854490000000000027e-01,7.969600000000000295e-02,-2.955269999999999841e-01,-9.629000000000000406e-03,-1.335399999999999955e-02,2.277689999999999992e-01,-2.193640000000000034e-01,2.172500000000000125e-02,1.294309999999999905e-01,1.660999999999999933e-03,-1.190699999999999953e-01,8.949100000000000110e-02,-1.814159999999999939e-01,1.456010000000000082e-01,-3.304360000000000075e-01,3.020059999999999967e-01,-4.332059999999999800e-01,-1.063950000000000035e-01,-1.951189999999999869e-01,7.067320000000000269e-01,2.942719999999999780e-01,-1.796530000000000071e-01,4.364200000000000024e-02,1.601579999999999948e-01,5.375170000000000226e-01,2.306640000000000079e-01,5.424240000000000173e-01,-5.702499999999999930e-02,-2.097860000000000003e-01,7.063300000000000134e-02,-9.747000000000000108e-02,4.619460000000000233e-01,7.510200000000000209e-02,3.667150000000000132e-01,7.479099999999999637e-02,3.005349999999999966e-01
3.337319999999999731e-01,3.281959999999999877e-01,1.478049999999999919e-01,-3.595999999999999891e-02,-6.946199999999999597e-02,-5.683599999999999763e-02,8.501999999999999141e-03,-2.089139999999999886e-01,3.509199999999999819e-02,-7.959000000000000796e-03,1.191770000000000052e-01,-3.015059999999999962e-01,-1.645580000000000098e-01,-2.011610000000000065e-01,-9.608099999999999974e-02,1.000000000000000000e+00,1.305199999999999971e-01,8.348330000000000473e-01,2.639599999999999724e-01,-7.367700000000000637e-02,-7.707500000000000462e-02,4.079189999999999761e-01,-2.229470000000000063e-01,-1.235200000000000013e-02,5.036960000000000326e-01,1.801220000000000043e-01,3.909130000000000105e-01,2.714670000000000138e-01,4.807859999999999912e-01,6.798099999999999976e-02,3.925290000000000168e-01,2.953890000000000127e-01,1.774540000000000006e-01,2.900490000000000013e-01,1.428959999999999952e-01,-2.612749999999999795e-01,-2.822859999999999814e-01,-1.879210000000000047e-01,1.554580000000000128e-01,2.778519999999999879e-01,1.552850000000000064e-01,8.825399999999999912e-02,-2.162179999999999935e-01,-2.907529999999999837e-01,-6.119000000000000133e-02,4.992460000000000231e-01,2.672410000000000063e-01,1.478289999999999882e-01,-2.036630000000000107e-01,-2.836549999999999905e-01,-1.730929999999999969e-01,-6.400999999999999572e-03,-3.327169999999999850e-01,3.090000000000000038e-02,-1.131920000000000009e-01,-5.302199999999999969e-02,-2.502369999999999872e-01,-1.827830000000000010e-01,-3.245279999999999831e-01,9.045200000000000462e-02,6.141860000000000097e-01,-5.274299999999999822e-02,4.642540000000000000e-01,2.051759999999999973e-01,2.403839999999999866e-01,-3.252000000000000116e-03,2.939749999999999863e-01,-3.431609999999999938e-01,-6.433800000000000630e-02,3.909270000000000245e-01,2.342809999999999893e-01,3.229819999999999913e-01,5.559999999999999838e-03,4.700070000000000081e-01,1.338830000000000020e-01,2.419179999999999942e-01
2.496559999999999890e-01,6.486189999999999456e-01,6.020090000000000163e-01,-3.926790000000000003e-01,4.753850000000000020e-01,6.123229999999999507e-01,2.066679999999999906e-01,4.483280000000000043e-01,4.649490000000000012e-01,4.022060000000000080e-01,3.702940000000000120e-01,5.364189999999999792e-01,5.861589999999999856e-01,1.449499999999999920e-02,-2.260119999999999907e-01,1.305199999999999971e-01,1.000000000000000000e+00,3.303610000000000158e-01,4.102430000000000243e-01,7.891900000000000304e-02,5.488520000000000065e-01,2.330550000000000122e-01,4.694010000000000127e-01,3.625229999999999841e-01,4.179869999999999974e-01,7.779989999999999961e-01,1.559199999999999996e-02,4.771730000000000138e-01,1.437740000000000129e-01,2.982929999999999748e-01,2.060180000000000067e-01,1.323529999999999984e-01,3.974840000000000040e-01,2.235000000000000042e-01,-3.551690000000000125e-01,4.628160000000000052e-01,1.974019999999999941e-01,-4.139400000000000024e-02,1.763199999999999837e-02,4.615270000000000206e-01,1.343789999999999984e-01,3.848900000000000238e-02,3.865640000000000187e-01,-1.739819999999999978e-01,-6.005699999999999927e-02,8.892100000000000004e-02,1.432670000000000055e-01,6.027130000000000543e-01,-2.937080000000000246e-01,3.781530000000000169e-01,1.938120000000000120e-01,3.674919999999999853e-01,3.945139999999999758e-01,5.224490000000000522e-01,3.728400000000000047e-01,1.090509999999999952e-01,2.305909999999999904e-01,4.825309999999999877e-01,1.082260000000000028e-01,-3.154790000000000094e-01,3.917000000000000343e-02,6.961610000000000298e-01,3.028910000000000213e-01,5.419469999999999565e-01,-2.405889999999999973e-01,3.344619999999999815e-01,-1.462800000000000038e-02,3.189790000000000125e-01,3.306100000000000150e-01,7.200999999999999936e-03,3.586710000000000176e-01,-1.910900000000000098e-01,3.979570000000000052e-01,-2.423800000000000121e-01,1.334009999999999918e-01,1.055709999999999982e-01
3.324289999999999745e-01,4.672899999999999832e-01,2.793640000000000012e-01,-8.267900000000000249e-02,7.336600000000000066e-02,2.360949999999999993e-01,1.445750000000000091e-01,9.083000000000000795e-03,9.443600000000000605e-02,-5.097700000000000148e-02,2.921259999999999968e-01,-1.325709999999999944e-01,-6.512999999999999692e-03,-1.711449999999999916e-01,-6.338399999999999590e-02,8.348330000000000473e-01,3.303610000000000158e-01,1.000000000000000000e+00,3.475480000000000236e-01,-2.442999999999999894e-01,7.500500000000000222e-02,3.092699999999999894e-01,1.344300000000000009e-02,2.401770000000000016e-01,5.270890000000000297e-01,3.233960000000000168e-01,2.716970000000000218e-01,3.506170000000000120e-01,3.453410000000000091e-01,8.325200000000000655e-02,2.731709999999999972e-01,2.721520000000000050e-01,3.554359999999999742e-01,1.789189999999999947e-01,1.293819999999999970e-01,-3.002520000000000189e-01,-2.712439999999999851e-01,-1.895020000000000038e-01,1.804090000000000138e-01,3.176240000000000174e-01,1.153460000000000041e-01,2.089399999999999938e-02,-2.590169999999999972e-01,-3.351279999999999815e-01,3.848399999999999738e-02,3.700100000000000056e-01,3.165430000000000188e-01,2.553730000000000167e-01,-6.263699999999999823e-02,-2.086870000000000114e-01,4.657700000000000035e-02,5.838800000000000240e-02,-1.355109999999999926e-01,1.353149999999999908e-01,-1.995099999999999929e-01,5.323499999999999760e-02,-2.553869999999999751e-01,4.709499999999999797e-02,-3.779500000000000082e-01,1.206529999999999964e-01,5.005169999999999897e-01,5.240800000000000319e-02,5.635109999999999841e-01,3.130809999999999982e-01,4.833500000000000296e-02,2.010899999999999840e-02,2.363359999999999905e-01,-1.493599999999999928e-01,2.720900000000000055e-02,4.159399999999999764e-01,2.916259999999999963e-01,1.923620000000000052e-01,-8.555999999999999370e-03,2.291529999999999956e-01,-2.639899999999999886e-02,9.553999999999999992e-02
4.921320000000000139e-01,3.084089999999999887e-01,6.752789999999999626e-01,-2.173470000000000124e-01,5.173149999999999693e-01,2.204319999999999891e-01,3.670120000000000049e-01,2.336540000000000006e-01,5.653479999999999617e-01,5.184300000000000019e-02,7.219470000000000054e-01,1.719199999999999895e-01,4.568639999999999923e-01,-1.267989999999999950e-01,1.830519999999999925e-01,2.639599999999999724e-01,4.102430000000000243e-01,3.475480000000000236e-01,1.000000000000000000e+00,2.887230000000000074e-01,5.126420000000000421e-01,5.571629999999999638e-01,2.197510000000000019e-01,3.895959999999999979e-01,5.183100000000000485e-01,4.540830000000000144e-01,3.714720000000000244e-01,6.585779999999999967e-01,4.857139999999999791e-01,6.094380000000000353e-01,5.012429999999999941e-01,2.106369999999999909e-01,4.656339999999999923e-01,4.458960000000000146e-01,-2.036100000000000063e-02,7.062100000000000322e-02,-1.495209999999999873e-01,-8.367199999999999638e-02,2.991550000000000042e-01,3.094450000000000256e-01,3.322849999999999970e-01,5.935499999999999804e-02,-1.343300000000000050e-02,-3.010459999999999803e-01,3.958400000000000113e-02,4.538590000000000124e-01,1.581690000000000040e-01,6.797769999999999646e-01,-2.999500000000000083e-02,1.736449999999999938e-01,5.167399999999999771e-02,5.213489999999999513e-01,1.622309999999999863e-01,5.565839999999999677e-01,2.367990000000000095e-01,3.391339999999999910e-01,6.527099999999999569e-02,3.549309999999999965e-01,-1.640959999999999919e-01,1.905620000000000092e-01,4.588149999999999729e-01,2.085450000000000081e-01,3.914079999999999782e-01,8.664830000000000032e-01,3.228829999999999756e-01,3.527640000000000220e-01,5.393080000000000096e-01,6.855300000000000282e-02,4.633860000000000201e-01,4.831529999999999991e-01,4.501140000000000141e-01,4.257210000000000161e-01,5.246340000000000447e-01,2.789189999999999725e-01,3.455630000000000090e-01,3.773520000000000207e-01
4.325970000000000093e-01,-3.544599999999999834e-02,2.429119999999999890e-01,-1.131989999999999941e-01,1.945550000000000057e-01,-1.468980000000000008e-01,1.565229999999999955e-01,-1.516240000000000088e-01,3.587799999999999878e-01,1.022160000000000013e-01,2.122590000000000032e-01,1.823999999999999927e-02,3.893400000000000194e-01,-1.578450000000000131e-01,4.472459999999999769e-01,-7.367700000000000637e-02,7.891900000000000304e-02,-2.442999999999999894e-01,2.887230000000000074e-01,1.000000000000000000e+00,3.782249999999999779e-01,6.354180000000000383e-01,-3.851399999999999962e-02,-1.958820000000000006e-01,2.681899999999999840e-01,1.843640000000000001e-01,4.405589999999999784e-01,4.036120000000000263e-01,5.215689999999999493e-01,5.781209999999999960e-01,6.000309999999999810e-01,1.700679999999999970e-01,1.508819999999999883e-01,2.384499999999999953e-01,-2.428200000000000150e-02,2.900490000000000013e-01,6.885099999999999554e-02,-1.536220000000000085e-01,1.448740000000000028e-01,-1.125030000000000058e-01,3.416080000000000227e-01,2.123859999999999915e-01,2.649639999999999773e-01,9.316499999999999782e-02,-2.431059999999999888e-01,2.816850000000000187e-01,-1.010510000000000019e-01,2.329579999999999984e-01,-2.395909999999999984e-01,3.099259999999999793e-01,-6.134200000000000069e-02,3.269560000000000244e-01,-6.642199999999999493e-02,3.118580000000000241e-01,2.369950000000000112e-01,3.041409999999999947e-01,-1.996159999999999879e-01,1.489419999999999911e-01,1.819949999999999901e-01,1.859939999999999927e-01,2.416300000000000114e-01,2.100879999999999970e-01,5.569099999999999745e-02,3.369070000000000120e-01,5.753669999999999618e-01,3.519550000000000178e-01,4.733359999999999790e-01,-5.526899999999999868e-02,2.987799999999999831e-02,1.259969999999999979e-01,7.188100000000000045e-02,4.089700000000000002e-01,4.974000000000000088e-01,3.353360000000000229e-01,5.117800000000000127e-01,6.384220000000000450e-01
