1.000000000000000000e+00,3.714239999999999764e-01,3.047429999999999861e-01,-2.711799999999999974e-02,2.366870000000000085e-01,9.627000000000000141e-03,2.675939999999999985e-01,-1.848519999999999885e-01,3.141410000000000036e-01,5.127000000000000307e-02,2.109509999999999996e-01,-3.636429999999999940e-01,2.543590000000000018e-01,1.927409999999999957e-01,3.861290000000000000e-01,5.099299999999999944e-01,3.404460000000000264e-01,4.790929999999999911e-01,3.967260000000000231e-01,1.507169999999999899e-01,5.945169999999999622e-01,4.995550000000000268e-01,1.412190000000000112e-01,-1.401399999999999868e-01,6.173570000000000446e-01,4.427070000000000172e-01,2.746689999999999965e-01,2.457739999999999925e-01,4.989029999999999854e-01,2.089159999999999906e-01,6.820319999999999716e-01,1.889669999999999961e-01,8.576400000000000690e-02,-2.358000000000000027e-02,-3.127539999999999765e-01,-2.847469999999999724e-01,1.768119999999999969e-01,9.153799999999999437e-02,-5.730999999999999983e-03,1.380220000000000058e-01,-1.641070000000000029e-01,-1.881960000000000022e-01,-2.154400000000000065e-02,-5.453999999999999959e-01,9.863999999999999505e-03,6.929319999999999924e-01,1.752100000000000046e-01,2.864639999999999964e-01,2.565479999999999983e-01,-2.382070000000000021e-01,1.646809999999999941e-01,-2.493199999999999930e-02,-1.062049999999999939e-01,1.460359999999999991e-01,-2.638739999999999974e-01,2.164780000000000038e-01,-3.989960000000000173e-01,6.234599999999999864e-02,-1.777229999999999921e-01,5.138660000000000450e-01,4.583639999999999937e-01,-2.462900000000000159e-02,1.381580000000000030e-01,3.224139999999999784e-01,4.429529999999999856e-01,6.766039999999999832e-01,3.767940000000000178e-01,2.582800000000000096e-01,-1.447700000000000028e-02,3.394209999999999727e-01,3.452500000000000013e-01,5.364849999999999897e-01,-1.258380000000000054e-01,5.091430000000000122e-01,3.455500000000000238e-02,6.348719999999999919e-01
3.714239999999999764e-01,1.000000000000000000e+00,8.907500000000000140e-02,-6.662000000000000387e-03,9.230800000000000116e-02,7.213389999999999525e-01,2.364690000000000125e-01,3.239190000000000125e-01,1.901710000000000067e-01,1.310640000000000138e-01,-7.818700000000000649e-02,-3.576900000000000218e-02,5.600540000000000518e-01,2.856980000000000075e-01,1.811770000000000047e-01,4.930329999999999990e-01,5.836900000000000421e-01,6.470639999999999725e-01,1.589099999999999888e-02,1.151620000000000005e-01,3.260350000000000192e-01,3.916160000000000196e-01,5.119730000000000114e-01,1.438879999999999881e-01,6.629599999999999937e-01,6.879579999999999584e-01,2.672740000000000116e-01,1.934450000000000058e-01,5.807900000000000285e-01,-1.333950000000000136e-01,1.879629999999999912e-01,2.198469999999999869e-01,1.246339999999999948e-01,-2.533099999999999935e-02,-3.120499999999999940e-01,4.094300000000000023e-02,1.056320000000000037e-01,7.765800000000000480e-02,-5.176000000000000045e-03,3.191629999999999745e-01,-5.582499999999999962e-02,-7.552100000000000479e-02,7.351100000000000689e-02,-2.728760000000000074e-01,1.320300000000000085e-01,2.280399999999999927e-01,5.692629999999999635e-01,1.973899999999999960e-02,1.043120000000000019e-01,-1.150960000000000039e-01,5.133280000000000065e-01,1.593789999999999929e-01,2.781910000000000216e-01,1.207820000000000005e-01,-1.552800000000000014e-02,-7.373799999999999799e-02,-1.056700000000000000e-02,2.447439999999999893e-01,-6.046399999999999691e-02,1.838140000000000052e-01,2.076949999999999907e-01,1.884280000000000121e-01,3.939599999999999769e-01,6.545499999999999929e-02,1.614309999999999912e-01,2.423170000000000046e-01,1.784959999999999880e-01,3.830310000000000104e-01,1.755690000000000028e-01,3.519959999999999756e-01,5.024499999999999522e-01,2.542059999999999875e-01,4.174800000000000039e-02,2.940650000000000208e-01,-1.191949999999999954e-01,5.360399999999999887e-02
3.047429999999999861e-01,8.907500000000000140e-02,1.000000000000000000e+00,3.933860000000000134e-01,5.329580000000000428e-01,1.440690000000000026e-01,4.574380000000000113e-01,1.695560000000000123e-01,6.301320000000000254e-01,4.376200000000000090e-01,6.072600000000000220e-01,2.347770000000000135e-01,3.778420000000000112e-01,4.233879999999999866e-01,2.347760000000000125e-01,-7.994099999999999817e-02,1.916859999999999953e-01,3.781939999999999746e-01,4.871789999999999732e-01,1.887000000000000005e-03,4.123319999999999763e-01,3.159919999999999951e-01,4.198259999999999770e-01,3.130820000000000269e-01,4.254200000000000204e-01,4.122500000000000053e-01,4.233930000000000193e-01,4.613160000000000038e-01,5.369600000000000067e-02,5.506769999999999721e-01,4.343020000000000214e-01,-1.601210000000000133e-01,-4.217800000000000021e-02,-2.510080000000000089e-01,-5.705409999999999648e-01,-1.910570000000000046e-01,5.224159999999999915e-01,4.584369999999999834e-01,-3.601790000000000269e-01,7.743800000000000683e-02,-2.793419999999999792e-01,-5.433149999999999924e-01,3.877229999999999843e-01,-3.016800000000000037e-02,5.220289999999999653e-01,5.906900000000000345e-02,2.445809999999999929e-01,7.628949999999999898e-01,1.188550000000000023e-01,3.593990000000000240e-01,3.028140000000000276e-01,4.830300000000000149e-01,1.575900000000000079e-01,6.936790000000000456e-01,3.108850000000000224e-01,5.770819999999999839e-01,1.625350000000000128e-01,5.212040000000000006e-01,-4.180189999999999739e-01,2.321120000000000128e-01,3.533479999999999954e-01,3.919440000000000146e-01,1.376670000000000116e-01,7.016740000000000199e-01,4.357949999999999879e-01,4.444330000000000225e-01,5.978820000000000245e-01,3.345219999999999860e-01,4.016629999999999923e-01,4.258049999999999891e-01,4.216380000000000128e-01,4.216400000000000148e-01,4.288100000000000245e-01,3.168849999999999723e-01,1.078770000000000007e-01,3.398559999999999914e-01
-2.711799999999999974e-02,-6.662000000000000387e-03,3.933860000000000134e-01,1.000000000000000000e+00,6.309500000000000108e-01,1.796079999999999899e-01,6.433729999999999727e-01,2.502369999999999872e-01,5.678389999999999826e-01,7.915200000000000014e-01,8.284199999999999897e-02,6.968539999999999734e-01,3.262990000000000057e-01,5.595059999999999478e-01,-2.023340000000000138e-01,-2.515080000000000093e-01,1.388939999999999897e-01,2.869700000000000029e-01,-1.257989999999999942e-01,-3.776289999999999925e-01,-5.097700000000000148e-02,3.673200000000000076e-02,2.285899999999999876e-01,5.351939999999999475e-01,2.674889999999999768e-01,3.835180000000000256e-01,-1.678299999999999931e-02,4.807080000000000242e-01,-1.161729999999999985e-01,3.900910000000000211e-01,2.653400000000000203e-01,-2.977179999999999827e-01,1.741520000000000012e-01,-1.742539999999999922e-01,-4.342849999999999766e-01,-2.763669999999999738e-01,7.937840000000000451e-01,2.781899999999999928e-01,-5.966529999999999889e-01,2.147550000000000014e-01,-1.444499999999999951e-01,-5.102579999999999893e-01,8.100060000000000038e-01,4.726409999999999778e-01,5.783449999999999980e-01,-4.927799999999999958e-01,3.553140000000000187e-01,1.620299999999999865e-02,-4.755299999999999805e-02,4.780550000000000077e-01,1.774830000000000019e-01,7.174110000000000209e-01,2.010309999999999875e-01,5.798240000000000061e-01,7.124749999999999694e-01,2.189550000000000107e-01,5.094030000000000502e-01,6.729669999999999819e-01,-4.780650000000000177e-01,-2.405670000000000031e-01,3.143569999999999975e-01,6.737750000000000128e-01,3.656579999999999830e-01,1.175670000000000048e-01,-1.221700000000000043e-02,-7.055400000000000560e-02,4.120039999999999814e-01,8.856400000000000383e-02,3.538879999999999804e-01,3.402609999999999801e-01,4.061830000000000163e-01,-5.355499999999999844e-02,6.803120000000000278e-01,8.756099999999999994e-02,-1.591339999999999977e-01,9.426400000000000057e-02
2.366870000000000085e-01,9.230800000000000116e-02,5.329580000000000428e-01,6.309500000000000108e-01,1.000000000000000000e+00,2.219909999999999939e-01,8.997849999999999460e-01,7.959499999999999909e-02,8.435430000000000428e-01,7.502079999999999860e-01,3.510519999999999752e-01,3.827740000000000031e-01,5.922910000000000119e-01,6.752939999999999499e-01,2.117459999999999898e-01,-1.023140000000000022e-01,1.389769999999999894e-01,4.507030000000000203e-01,3.293000000000000094e-02,-2.205950000000000133e-01,2.655850000000000155e-01,2.944450000000000123e-01,3.651010000000000089e-01,2.441339999999999899e-01,5.122060000000000501e-01,3.833829999999999738e-01,3.450829999999999731e-01,6.256049999999999667e-01,1.955199999999999994e-01,5.246910000000000185e-01,4.937969999999999859e-01,-3.649979999999999891e-01,-7.625099999999999933e-02,-3.938159999999999994e-01,-7.067069999999999741e-01,-4.186549999999999994e-01,8.048039999999999639e-01,4.132149999999999990e-01,-6.418359999999999621e-01,5.239499999999999713e-02,-4.235149999999999748e-01,-6.875590000000000312e-01,6.263009999999999966e-01,-5.360299999999999787e-02,6.067850000000000188e-01,-2.428059999999999941e-01,4.047350000000000114e-01,4.128160000000000163e-01,-9.022099999999999564e-02,5.350859999999999506e-01,2.442429999999999879e-01,7.214180000000000037e-01,1.620530000000000026e-01,7.586079999999999490e-01,4.898609999999999909e-01,5.138190000000000257e-01,1.837640000000000107e-01,6.557450000000000223e-01,-6.647720000000000296e-01,2.170749999999999902e-01,4.989770000000000039e-01,5.735339999999999883e-01,3.392220000000000235e-01,3.292240000000000166e-01,2.841520000000000157e-01,3.279949999999999810e-01,6.687779999999999836e-01,3.469769999999999799e-01,1.921100000000000030e-01,4.631739999999999746e-01,4.789260000000000184e-01,3.726360000000000228e-01,5.151179999999999648e-01,3.802380000000000204e-01,-3.122300000000000075e-02,2.527920000000000167e-01
9.627000000000000141e-03,7.213389999999999525e-01,1.440690000000000026e-01,1.796079999999999899e-01,2.219909999999999939e-01,1.000000000000000000e+00,3.530400000000000205e-01,7.035029999999999895e-01,2.796109999999999984e-01,2.732550000000000257e-01,-1.020080000000000015e-01,2.515479999999999938e-01,5.782699999999999507e-01,4.365820000000000256e-01,4.580599999999999949e-02,9.022600000000000064e-02,4.825920000000000210e-01,4.184019999999999961e-01,-2.040140000000000009e-01,-5.210399999999999754e-02,2.710060000000000247e-01,1.131749999999999978e-01,7.838789999999999925e-01,4.037209999999999965e-01,3.835120000000000196e-01,6.061520000000000241e-01,1.965290000000000092e-01,2.601890000000000036e-01,3.275819999999999843e-01,-3.084399999999999989e-02,-8.168999999999999179e-03,9.006899999999999629e-02,1.917280000000000095e-01,6.488900000000000223e-02,-2.644320000000000004e-01,3.772400000000000059e-02,1.996380000000000099e-01,1.750720000000000054e-01,-6.961399999999999533e-02,3.152170000000000250e-01,2.700299999999999923e-02,-1.081870000000000054e-01,3.120069999999999788e-01,-7.640099999999999669e-02,2.526889999999999969e-01,-1.332359999999999933e-01,5.960689999999999600e-01,5.607399999999999884e-02,-1.370099999999999964e-02,9.350100000000000078e-02,6.685710000000000264e-01,3.290719999999999756e-01,6.367589999999999639e-01,2.149139999999999939e-01,2.087910000000000044e-01,-5.714700000000000335e-02,2.254619999999999957e-01,4.024099999999999899e-01,-4.289199999999999957e-02,-1.233500000000000048e-02,3.806500000000000161e-02,3.655490000000000128e-01,3.919270000000000254e-01,-4.334999999999999964e-02,-1.820799999999999849e-02,1.314559999999999895e-01,9.266699999999999937e-02,6.106589999999999518e-01,3.400670000000000082e-01,3.485289999999999777e-01,5.149129999999999541e-01,1.157679999999999959e-01,2.228380000000000083e-01,1.137910000000000033e-01,-1.107640000000000013e-01,-1.734590000000000021e-01
2.675939999999999985e-01,2.364690000000000125e-01,4.574380000000000113e-01,6.433729999999999727e-01,8.997849999999999460e-01,3.530400000000000205e-01,1.000000000000000000e+00,1.895850000000000035e-01,8.876629999999999798e-01,8.034470000000000223e-01,1.771659999999999902e-01,3.781709999999999794e-01,6.810159999999999547e-01,7.076700000000000212e-01,1.012500000000000067e-01,-1.321180000000000132e-01,2.002019999999999911e-01,5.164640000000000342e-01,-6.140199999999999825e-02,-2.841069999999999984e-01,2.586180000000000145e-01,2.345780000000000087e-01,4.639829999999999788e-01,2.844220000000000081e-01,5.679429999999999756e-01,4.688260000000000205e-01,2.452890000000000070e-01,6.303590000000000027e-01,2.133559999999999901e-01,5.057749999999999746e-01,5.083999999999999631e-01,-3.352439999999999864e-01,2.786399999999999988e-02,-3.212300000000000155e-01,-7.960749999999999771e-01,-3.654109999999999858e-01,8.748320000000000540e-01,4.020460000000000145e-01,-6.459780000000000522e-01,1.213479999999999975e-01,-3.537629999999999941e-01,-7.133310000000000484e-01,6.613609999999999767e-01,-9.748800000000000521e-02,5.876890000000000169e-01,-2.360520000000000118e-01,4.882079999999999753e-01,3.495409999999999906e-01,-4.671100000000000252e-02,3.727599999999999802e-01,2.981340000000000101e-01,6.905160000000000187e-01,2.804969999999999963e-01,7.251419999999999533e-01,4.751589999999999980e-01,4.255059999999999953e-01,1.537239999999999995e-01,6.590150000000000174e-01,-7.173629999999999729e-01,1.139560000000000017e-01,4.788250000000000006e-01,6.306829999999999936e-01,3.985920000000000019e-01,2.506809999999999872e-01,1.955409999999999926e-01,3.235879999999999868e-01,5.921729999999999494e-01,4.318690000000000029e-01,2.088339999999999919e-01,5.198580000000000423e-01,5.463259999999999783e-01,3.169120000000000270e-01,4.632229999999999959e-01,3.081670000000000242e-01,-1.695639999999999925e-01,1.947290000000000132e-01
-1.848519999999999885e-01,3.239190000000000125e-01,1.695560000000000123e-01,2.502369999999999872e-01,7.959499999999999909e-02,7.035029999999999895e-01,1.895850000000000035e-01,1.000000000000000000e+00,1.228630000000000000e-01,2.792959999999999887e-01,2.905299999999999896e-02,3.718699999999999783e-01,2.271970000000000101e-01,4.396240000000000148e-01,-2.034930000000000072e-01,-3.346950000000000203e-01,3.162510000000000043e-01,3.819999999999999785e-02,-2.260350000000000137e-01,-3.798059999999999770e-01,2.065299999999999914e-01,-2.752899999999999792e-01,7.770629999999999482e-01,5.587839999999999474e-01,2.943700000000000136e-02,4.197429999999999772e-01,-2.557650000000000201e-01,1.740589999999999915e-01,-2.512070000000000136e-01,7.451900000000000190e-02,-2.658769999999999745e-01,1.527570000000000039e-01,3.266769999999999952e-01,1.042710000000000026e-01,-9.190399999999999958e-02,2.536400000000000113e-02,1.768830000000000124e-01,2.157260000000000011e-01,1.544099999999999986e-02,3.157159999999999966e-01,1.231949999999999990e-01,-8.653500000000000081e-02,4.364009999999999834e-01,5.635899999999999938e-02,2.602380000000000249e-01,-2.795420000000000127e-01,4.279800000000000271e-01,-1.001800000000000086e-02,-1.244419999999999971e-01,2.196899999999999964e-01,5.467170000000000085e-01,2.614040000000000252e-01,8.834049999999999958e-01,2.119459999999999955e-01,2.747040000000000037e-01,6.525300000000000544e-02,3.563169999999999948e-01,3.702579999999999760e-01,3.495999999999999802e-02,-2.334110000000000074e-01,-1.403409999999999935e-01,4.234789999999999943e-01,2.561160000000000103e-01,-8.389800000000000035e-02,-2.176240000000000119e-01,1.117979999999999946e-01,-8.603900000000000436e-02,5.703009999999999469e-01,4.671239999999999837e-01,2.909379999999999744e-01,4.089619999999999922e-01,-2.578759999999999941e-01,2.447350000000000081e-01,-2.038760000000000017e-01,-4.826500000000000234e-02,-3.034250000000000003e-01
3.141410000000000036e-01,1.901710000000000067e-01,6.301320000000000254e-01,5.678389999999999826e-01,8.435430000000000428e-01,2.796109999999999984e-01,8.876629999999999798e-01,1.228630000000000000e-01,1.000000000000000000e+00,7.722849999999999993e-01,2.403029999999999888e-01,3.866959999999999842e-01,7.531930000000000014e-01,6.251250000000000417e-01,1.418540000000000079e-01,-1.388739999999999974e-01,2.411800000000000055e-01,5.041109999999999758e-01,9.077200000000000546e-02,-1.315469999999999973e-01,3.278639999999999888e-01,2.988609999999999878e-01,4.395499999999999963e-01,3.363650000000000251e-01,6.110229999999999828e-01,4.911479999999999735e-01,3.393079999999999985e-01,6.189660000000000162e-01,2.157789999999999986e-01,5.088979999999999615e-01,6.015220000000000011e-01,-4.255470000000000086e-01,-1.029209999999999986e-01,-3.712730000000000197e-01,-8.886749999999999927e-01,-2.629270000000000218e-01,8.593619999999999592e-01,5.378290000000000015e-01,-6.642730000000000024e-01,1.328030000000000044e-01,-3.334219999999999962e-01,-7.738199999999999523e-01,6.198770000000000113e-01,-9.085799999999999432e-02,7.099649999999999572e-01,-1.165579999999999949e-01,4.885050000000000225e-01,5.195920000000000538e-01,6.464999999999999913e-02,3.574160000000000115e-01,3.525320000000000120e-01,7.213129999999999820e-01,2.563610000000000055e-01,8.621349999999999847e-01,5.096969999999999557e-01,4.482499999999999818e-01,2.311159999999999881e-01,7.521759999999999557e-01,-7.678949999999999942e-01,1.262600000000000111e-01,5.742890000000000494e-01,6.646279999999999966e-01,4.195479999999999765e-01,4.181980000000000142e-01,2.720790000000000153e-01,4.394680000000000253e-01,6.524189999999999712e-01,4.607069999999999776e-01,3.699230000000000018e-01,6.296009999999999662e-01,6.241170000000000329e-01,4.269270000000000009e-01,5.229709999999999637e-01,4.090750000000000219e-01,-1.561079999999999968e-01,3.253599999999999826e-01
5.127000000000000307e-02,1.310640000000000138e-01,4.376200000000000090e-01,7.915200000000000014e-01,7.502079999999999860e-01,2.732550000000000257e-01,8.034470000000000223e-01,2.792959999999999887e-01,7.722849999999999993e-01,1.000000000000000000e+00,3.502299999999999858e-02,7.629259999999999931e-01,5.803779999999999495e-01,6.125909999999999966e-01,-1.503800000000000137e-01,-2.593300000000000050e-01,3.443320000000000269e-01,3.906140000000000168e-01,-9.997100000000000430e-02,-5.102409999999999446e-01,4.613699999999999746e-02,3.292500000000000288e-02,3.891580000000000039e-01,6.292520000000000335e-01,4.985559999999999992e-01,5.371240000000000459e-01,-2.977300000000000085e-02,6.499169999999999670e-01,-5.110599999999999865e-02,3.623239999999999794e-01,3.276169999999999916e-01,-4.252279999999999949e-01,1.747549999999999937e-01,-3.936180000000000234e-01,-6.796269999999999811e-01,-4.157810000000000117e-01,8.820270000000000055e-01,4.359180000000000277e-01,-7.513990000000000391e-01,3.378380000000000272e-01,-3.111979999999999746e-01,-7.879500000000000393e-01,8.344519999999999715e-01,2.173619999999999997e-01,7.512419999999999654e-01,-5.284539999999999793e-01,5.823639999999999928e-01,1.431979999999999920e-01,-2.902950000000000252e-01,4.735269999999999757e-01,3.740370000000000084e-01,8.294550000000000534e-01,3.166260000000000185e-01,7.643240000000000034e-01,8.454730000000000301e-01,2.487949999999999884e-01,5.520059999999999967e-01,8.505449999999999955e-01,-7.768559999999999910e-01,-2.412620000000000042e-01,5.321630000000000527e-01,9.040559999999999707e-01,5.808480000000000310e-01,1.722400000000000042e-01,-8.260499999999999787e-02,1.051200000000000051e-01,4.746389999999999776e-01,3.116309999999999913e-01,4.226579999999999782e-01,6.375380000000000491e-01,6.499779999999999447e-01,-2.904500000000000137e-02,7.499829999999999552e-01,1.936910000000000021e-01,-2.893080000000000096e-01,1.502310000000000034e-01
2.109509999999999996e-01,-7.818700000000000649e-02,6.072600000000000220e-01,8.284199999999999897e-02,3.510519999999999752e-01,-1.020080000000000015e-01,1.771659999999999902e-01,2.905299999999999896e-02,2.403029999999999888e-01,3.502299999999999858e-02,1.000000000000000000e+00,-1.348719999999999919e-01,-3.523600000000000343e-02,3.306799999999999740e-01,2.856250000000000178e-01,-5.298200000000000132e-02,-1.464429999999999898e-01,1.681380000000000097e-01,3.761829999999999896e-01,2.910899999999999946e-02,3.169620000000000215e-01,2.493430000000000091e-01,9.665400000000000380e-02,-4.977600000000000080e-02,1.003290000000000015e-01,4.545300000000000035e-02,2.664670000000000094e-01,1.482930000000000081e-01,1.770000000000000089e-03,4.907799999999999940e-01,2.498509999999999898e-01,3.819700000000000178e-02,-8.778600000000000292e-02,-8.633399999999999408e-02,-2.392499999999999905e-01,2.478000000000000168e-03,1.567580000000000084e-01,2.064139999999999864e-01,-4.641100000000000086e-02,-2.345959999999999990e-01,-1.379049999999999998e-01,-1.387380000000000002e-01,5.821400000000000186e-02,-5.360499999999999987e-02,8.789500000000000091e-02,1.615389999999999882e-01,-6.419300000000000006e-02,5.751410000000000133e-01,1.125300000000000085e-02,4.048910000000000009e-01,-7.373599999999999599e-02,6.822000000000000286e-02,9.898999999999999813e-03,3.273889999999999856e-01,-8.661800000000000055e-02,6.228200000000000403e-01,-2.066800000000000026e-01,4.773499999999999965e-02,-1.445300000000000057e-02,3.808860000000000023e-01,9.692599999999999827e-02,-6.074500000000000038e-02,-1.578970000000000096e-01,6.126840000000000064e-01,4.536510000000000264e-01,3.479389999999999983e-01,3.929830000000000267e-01,3.865899999999999892e-02,3.234999999999999681e-02,9.950599999999999723e-02,1.054700000000000082e-02,2.652490000000000125e-01,6.169199999999999684e-02,1.104220000000000063e-01,2.700409999999999755e-01,2.126119999999999954e-01
-3.636429999999999940e-01,-3.576900000000000218e-02,2.347770000000000135e-01,6.968539999999999734e-01,3.827740000000000031e-01,2.515479999999999938e-01,3.781709999999999794e-01,3.718699999999999783e-01,3.866959999999999842e-01,7.629259999999999931e-01,-1.348719999999999919e-01,1.000000000000000000e+00,3.253249999999999753e-01,3.877999999999999781e-01,-3.341649999999999898e-01,-4.659130000000000216e-01,1.856599999999999917e-01,4.026799999999999824e-02,-1.969319999999999959e-01,-4.632160000000000166e-01,-2.723220000000000085e-01,-2.020099999999999951e-01,2.552010000000000112e-01,8.260809999999999542e-01,9.606299999999999562e-02,3.116269999999999873e-01,-1.870239999999999958e-01,2.926889999999999770e-01,-3.152869999999999839e-01,4.179700000000000082e-02,-1.325000000000000067e-01,-4.122239999999999793e-01,1.037310000000000038e-01,-2.515830000000000011e-01,-2.819869999999999877e-01,-1.262020000000000086e-01,5.484940000000000371e-01,4.294789999999999996e-01,-5.906080000000000219e-01,2.544680000000000275e-01,-1.114580000000000015e-01,-4.372190000000000243e-01,7.396899999999999586e-01,5.549830000000000041e-01,7.194890000000000452e-01,-7.304399999999999782e-01,4.126000000000000223e-01,-1.335240000000000038e-01,-3.136939999999999729e-01,5.207939999999999792e-01,3.089180000000000259e-01,7.253150000000000430e-01,3.012310000000000265e-01,5.418859999999999788e-01,9.053010000000000224e-01,3.639499999999999680e-02,9.123210000000000486e-01,7.198390000000000066e-01,-4.359100000000000197e-01,-5.042020000000000390e-01,2.275010000000000088e-01,7.466979999999999729e-01,4.070829999999999727e-01,1.415000000000000025e-03,-3.065890000000000004e-01,-3.023009999999999864e-01,1.872070000000000123e-01,8.095499999999999918e-02,6.021950000000000358e-01,3.646389999999999909e-01,3.960779999999999856e-01,-3.210870000000000113e-01,7.256700000000000372e-01,-3.837900000000000339e-02,-3.419840000000000102e-01,-1.714799999999999935e-01
2.543590000000000018e-01,5.600540000000000518e-01,3.778420000000000112e-01,3.262990000000000057e-01,5.922910000000000119e-01,5.782699999999999507e-01,6.810159999999999547e-01,2.271970000000000101e-01,7.531930000000000014e-01,5.803779999999999495e-01,-3.523600000000000343e-02,3.253249999999999753e-01,1.000000000000000000e+00,4.563400000000000234e-01,2.238120000000000109e-01,1.768149999999999999e-01,5.843669999999999698e-01,6.519789999999999752e-01,1.270800000000000055e-02,8.929700000000000137e-02,3.500929999999999875e-01,3.883159999999999945e-01,5.347499999999999476e-01,3.655610000000000248e-01,6.785109999999999753e-01,6.537789999999999990e-01,3.301490000000000258e-01,6.016110000000000069e-01,4.715449999999999919e-01,1.763160000000000005e-01,4.954799999999999760e-01,-1.922149999999999970e-01,-8.865299999999999569e-02,-3.010920000000000263e-01,-7.326559999999999739e-01,-2.699999999999999899e-05,5.966080000000000272e-01,4.045980000000000132e-01,-4.499299999999999966e-01,2.937069999999999959e-01,-2.497260000000000035e-01,-5.477520000000000167e-01,4.348369999999999735e-01,-1.437749999999999861e-01,5.788039999999999852e-01,3.420000000000000188e-04,5.444550000000000223e-01,3.222459999999999769e-01,1.078770000000000007e-01,1.701799999999999979e-01,4.897599999999999731e-01,6.112090000000000023e-01,2.962250000000000161e-01,6.245169999999999888e-01,3.787710000000000243e-01,1.639849999999999919e-01,2.786710000000000020e-01,6.804529999999999745e-01,-5.214020000000000321e-01,1.035819999999999935e-01,4.845309999999999895e-01,5.786350000000000104e-01,5.184060000000000334e-01,2.204800000000000093e-01,2.186549999999999883e-01,3.540590000000000126e-01,4.876440000000000219e-01,4.630500000000000171e-01,4.088899999999999757e-01,5.274640000000000439e-01,6.422369999999999468e-01,3.599010000000000264e-01,4.640449999999999853e-01,3.999070000000000125e-01,-1.825219999999999898e-01,2.102900000000000047e-01
1.927409999999999957e-01,2.856980000000000075e-01,4.233879999999999866e-01,5.595059999999999478e-01,6.752939999999999499e-01,4.365820000000000256e-01,7.076700000000000212e-01,4.396240000000000148e-01,6.251250000000000417e-01,6.125909999999999966e-01,3.306799999999999740e-01,3.877999999999999781e-01,4.563400000000000234e-01,1.000000000000000000e+00,-1.648000000000000159e-02,-1.980729999999999991e-01,6.885900000000000354e-02,3.882789999999999853e-01,-1.592030000000000112e-01,-3.355400000000000049e-01,1.409310000000000007e-01,1.509860000000000091e-01,5.889569999999999528e-01,3.950400000000000023e-01,4.034389999999999921e-01,4.360749999999999904e-01,2.118000000000000091e-03,4.051250000000000129e-01,3.012099999999999847e-02,4.512740000000000085e-01,3.272100000000000009e-01,-7.336499999999999966e-02,1.872699999999999920e-01,-1.657629999999999937e-01,-6.168270000000000142e-01,-1.145329999999999959e-01,7.094129999999999603e-01,4.079909999999999926e-01,-4.073849999999999971e-01,1.829479999999999995e-01,-2.043300000000000116e-01,-4.811679999999999846e-01,6.897480000000000278e-01,2.706000000000000072e-02,5.225450000000000372e-01,-2.055269999999999875e-01,5.193010000000000126e-01,1.768879999999999897e-01,-8.540100000000000469e-02,3.357330000000000036e-01,4.147390000000000243e-01,5.185199999999999809e-01,5.301479999999999526e-01,5.217380000000000351e-01,3.942260000000000209e-01,2.815259999999999985e-01,2.275619999999999865e-01,5.612099999999999866e-01,-2.655239999999999823e-01,4.422000000000000236e-02,3.278960000000000208e-01,4.913259999999999850e-01,3.401819999999999844e-01,1.929230000000000111e-01,1.178339999999999943e-01,2.550000000000000044e-01,4.730400000000000160e-01,5.033090000000000064e-01,3.505960000000000187e-01,4.894249999999999989e-01,5.498509999999999787e-01,5.391300000000000259e-02,3.985449999999999826e-01,1.200959999999999944e-01,-1.541740000000000055e-01,9.561000000000000054e-02
3.861290000000000000e-01,1.811770000000000047e-01,2.347760000000000125e-01,-2.023340000000000138e-01,2.117459999999999898e-01,4.580599999999999949e-02,1.012500000000000067e-01,-2.034930000000000072e-01,1.418540000000000079e-01,-1.503800000000000137e-01,2.856250000000000178e-01,-3.341649999999999898e-01,2.238120000000000109e-01,-1.648000000000000159e-02,1.000000000000000000e+00,3.528560000000000030e-01,1.629839999999999900e-01,1.947389999999999954e-01,3.149819999999999842e-01,4.927030000000000021e-01,4.894999999999999907e-01,5.892309999999999492e-01,1.112360000000000015e-01,-2.969100000000000072e-01,2.790210000000000190e-01,1.977279999999999871e-01,4.113629999999999787e-01,1.550900000000000056e-01,4.194129999999999803e-01,1.497739999999999905e-01,3.041710000000000247e-01,-3.465300000000000324e-02,-4.078990000000000116e-01,-1.804550000000000043e-01,-1.995339999999999892e-01,-1.666539999999999966e-01,-5.355800000000000144e-02,5.495400000000000285e-02,-8.218499999999999417e-02,-2.721890000000000143e-01,-3.381649999999999934e-01,-1.661700000000000121e-01,-2.830610000000000070e-01,-4.426720000000000099e-01,-3.084200000000000136e-02,4.175510000000000055e-01,-1.088390000000000052e-01,2.812370000000000148e-01,1.947639999999999927e-01,-5.148799999999999905e-02,-1.698699999999999863e-02,-4.962799999999999850e-02,-2.161210000000000075e-01,1.470019999999999938e-01,-3.304500000000000215e-01,3.033589999999999898e-01,-3.439519999999999800e-01,-9.426800000000000457e-02,-7.343900000000000428e-02,8.697350000000000358e-01,1.454499999999999960e-01,-2.191970000000000030e-01,-1.327440000000000009e-01,3.237149999999999750e-01,6.887109999999999621e-01,4.362050000000000094e-01,5.120879999999999876e-01,6.180100000000000177e-02,-1.589079999999999937e-01,-8.207100000000000506e-02,2.846600000000000172e-02,4.923250000000000126e-01,-1.644019999999999926e-01,3.842519999999999825e-01,2.275959999999999928e-01,2.037710000000000077e-01
5.099299999999999944e-01,4.930329999999999990e-01,-7.994099999999999817e-02,-2.515080000000000093e-01,-1.023140000000000022e-01,9.022600000000000064e-02,-1.321180000000000132e-01,-3.346950000000000203e-01,-1.388739999999999974e-01,-2.593300000000000050e-01,-5.298200000000000132e-02,-4.659130000000000216e-01,1.768149999999999999e-01,-1.980729999999999991e-01,3.528560000000000030e-01,1.000000000000000000e+00,3.988880000000000203e-01,5.962180000000000257e-01,2.609920000000000018e-01,5.037949999999999928e-01,2.796299999999999897e-01,6.206129999999999702e-01,-1.618040000000000034e-01,-3.527199999999999780e-01,4.266889999999999850e-01,2.657370000000000010e-01,3.892200000000000104e-01,1.350399999999999934e-01,7.781120000000000259e-01,-1.480910000000000004e-01,4.482700000000000018e-01,3.823940000000000117e-01,7.482500000000000262e-02,1.445829999999999893e-01,4.541400000000000298e-02,-4.124099999999999988e-02,-2.199240000000000084e-01,-2.152439999999999909e-01,2.271710000000000118e-01,1.568029999999999979e-01,6.021200000000000163e-02,1.288269999999999971e-01,-3.933989999999999987e-01,-3.111169999999999769e-01,-2.508929999999999771e-01,5.049869999999999637e-01,7.241999999999999826e-02,-6.368999999999999662e-03,2.233529999999999960e-01,-3.760069999999999801e-01,2.180000000000000134e-04,-2.247170000000000001e-01,-3.855370000000000186e-01,-2.375259999999999871e-01,-3.405889999999999751e-01,-1.888319999999999999e-01,-3.974670000000000147e-01,-1.994970000000000077e-01,1.325860000000000094e-01,3.587330000000000241e-01,3.252979999999999761e-01,-2.355959999999999999e-01,1.870989999999999875e-01,9.969999999999999696e-02,3.698640000000000261e-01,1.762050000000000005e-01,1.715639999999999943e-01,-1.133210000000000051e-01,-2.631689999999999863e-01,-1.318000000000000074e-02,4.688699999999999812e-02,3.807679999999999954e-01,-1.645639999999999881e-01,4.258910000000000196e-01,1.431999999999999940e-01,4.468929999999999847e-01
3.404460000000000264e-01,5.836900000000000421e-01,1.916859999999999953e-01,1.388939999999999897e-01,1.389769999999999894e-01,4.825920000000000210e-01,2.002019999999999911e-01,3.162510000000000043e-01,2.411800000000000055e-01,3.443320000000000269e-01,-1.464429999999999898e-01,1.856599999999999917e-01,5.843669999999999698e-01,6.885900000000000354e-02,1.629839999999999900e-01,3.988880000000000203e-01,1.000000000000000000e+00,5.479519999999999946e-01,2.309289999999999954e-01,1.012500000000000032e-02,4.882779999999999898e-01,2.668309999999999849e-01,3.917709999999999804e-01,3.931769999999999987e-01,6.023089999999999833e-01,7.905370000000000452e-01,3.785600000000000076e-02,5.259129999999999638e-01,3.338149999999999729e-01,-5.372199999999999892e-02,2.908169999999999922e-01,8.593699999999999950e-02,2.167270000000000030e-01,-1.354150000000000076e-01,-2.337019999999999931e-01,-2.467930000000000124e-01,1.862709999999999921e-01,6.921299999999999675e-02,-1.404410000000000103e-01,5.133199999999999985e-01,-1.196500000000000064e-01,-3.349809999999999732e-01,2.078079999999999927e-01,-2.287750000000000061e-01,1.991870000000000029e-01,1.251059999999999950e-01,4.605239999999999889e-01,6.678900000000000114e-02,-2.876999999999999783e-03,-9.433800000000000519e-02,4.438369999999999815e-01,2.254049999999999943e-01,2.101989999999999970e-01,2.694150000000000156e-01,2.134860000000000091e-01,-7.910999999999999630e-03,1.888279999999999959e-01,4.212730000000000086e-01,-2.858100000000000085e-01,2.332899999999999904e-02,3.154270000000000129e-01,4.659820000000000073e-01,4.890660000000000007e-01,1.269859999999999878e-01,5.385100000000000303e-02,3.197409999999999974e-01,1.897340000000000138e-01,2.850030000000000063e-01,3.557400000000000007e-01,4.485339999999999883e-01,6.107449999999999823e-01,9.524599999999999733e-02,2.940400000000000236e-01,2.572929999999999939e-01,-5.498100000000000209e-02,2.265860000000000096e-01
4.790929999999999911e-01,6.470639999999999725e-01,3.781939999999999746e-01,2.869700000000000029e-01,4.507030000000000203e-01,4.184019999999999961e-01,5.164640000000000342e-01,3.819999999999999785e-02,5.041109999999999758e-01,3.906140000000000168e-01,1.681380000000000097e-01,4.026799999999999824e-02,6.519789999999999752e-01,3.882789999999999853e-01,1.947389999999999954e-01,5.962180000000000257e-01,5.479519999999999946e-01,1.000000000000000000e+00,1.822310000000000041e-01,1.470309999999999950e-01,3.504329999999999945e-01,5.381650000000000045e-01,2.477229999999999988e-01,1.125109999999999999e-01,7.925480000000000302e-01,5.985359999999999570e-01,4.241449999999999942e-01,4.695280000000000009e-01,6.740810000000000413e-01,2.486780000000000102e-01,6.425699999999999745e-01,1.570310000000000039e-01,1.157480000000000037e-01,-4.174200000000000133e-02,-5.699210000000000109e-01,-4.340800000000000214e-02,4.607959999999999834e-01,2.203180000000000138e-01,-2.264150000000000051e-01,2.650649999999999951e-01,-7.224099999999999966e-02,-4.041429999999999745e-01,2.688280000000000114e-01,-1.069900000000000018e-01,3.231879999999999753e-01,1.818099999999999994e-01,4.459560000000000191e-01,2.137499999999999956e-01,2.403069999999999928e-01,2.249500000000000111e-02,3.197019999999999862e-01,3.369980000000000198e-01,-1.095899999999999999e-02,3.674709999999999921e-01,1.674869999999999970e-01,7.685999999999999777e-02,-1.834900000000000073e-02,3.934469999999999912e-01,-3.133250000000000202e-01,2.177679999999999894e-01,5.663719999999999866e-01,3.330330000000000235e-01,4.969020000000000103e-01,2.900780000000000025e-01,3.424570000000000114e-01,3.022230000000000194e-01,4.796340000000000048e-01,1.738000000000000100e-01,1.740760000000000085e-01,4.475970000000000226e-01,4.786850000000000271e-01,4.129479999999999817e-01,2.698119999999999963e-01,4.966849999999999876e-01,-2.496800000000000061e-02,4.616560000000000108e-01
3.967260000000000231e-01,1.589099999999999888e-02,4.871789999999999732e-01,-1.257989999999999942e-01,3.293000000000000094e-02,-2.040140000000000009e-01,-6.140199999999999825e-02,-2.260350000000000137e-01,9.077200000000000546e-02,-9.997100000000000430e-02,3.761829999999999896e-01,-1.969319999999999959e-01,1.270800000000000055e-02,-1.592030000000000112e-01,3.149819999999999842e-01,2.609920000000000018e-01,2.309289999999999954e-01,1.822310000000000041e-01,1.000000000000000000e+00,3.258050000000000113e-01,4.181119999999999837e-01,3.977229999999999932e-01,-1.229179999999999995e-01,-1.585599999999999857e-02,1.588720000000000132e-01,1.646549999999999958e-01,3.608540000000000081e-01,2.092569999999999986e-01,1.946100000000000052e-01,1.745389999999999997e-01,2.689280000000000004e-01,9.782399999999999429e-02,-1.222590000000000066e-01,-3.342099999999999932e-02,-2.534600000000000047e-02,-1.378540000000000043e-01,-6.699600000000000000e-02,1.438000000000000111e-01,9.261300000000000088e-02,1.141799999999999933e-02,-9.690999999999999615e-02,-1.400909999999999933e-01,-1.970580000000000109e-01,-2.865059999999999829e-01,6.531599999999999906e-02,4.234260000000000246e-01,-1.670800000000000063e-01,5.189669999999999561e-01,2.715040000000000231e-01,-5.151000000000000023e-02,-1.683540000000000036e-01,-1.254889999999999894e-01,-3.408550000000000191e-01,2.107330000000000036e-01,-1.999060000000000004e-01,4.931809999999999805e-01,-1.149030000000000051e-01,-6.342399999999999427e-02,-5.390400000000000053e-02,2.874880000000000213e-01,1.601460000000000106e-01,-1.365099999999999925e-01,-1.174339999999999967e-01,7.434330000000000105e-01,4.761949999999999794e-01,3.595209999999999795e-01,3.385850000000000248e-01,-1.224810000000000065e-01,1.583350000000000035e-01,2.773000000000000118e-02,2.405600000000000099e-02,4.196150000000000158e-01,-4.411299999999999943e-02,3.023259999999999836e-01,3.517120000000000246e-01,3.818810000000000260e-01
1.507169999999999899e-01,1.151620000000000005e-01,1.887000000000000005e-03,-3.776289999999999925e-01,-2.205950000000000133e-01,-5.210399999999999754e-02,-2.841069999999999984e-01,-3.798059999999999770e-01,-1.315469999999999973e-01,-5.102409999999999446e-01,2.910899999999999946e-02,-4.632160000000000166e-01,8.929700000000000137e-02,-3.355400000000000049e-01,4.927030000000000021e-01,5.037949999999999928e-01,1.012500000000000032e-02,1.470309999999999950e-01,3.258050000000000113e-01,1.000000000000000000e+00,2.476730000000000043e-01,6.731350000000000389e-01,-2.411860000000000115e-01,-3.921799999999999731e-01,-7.123400000000000565e-02,-1.196099999999999941e-01,5.143119999999999914e-01,-5.089599999999999680e-02,5.618239999999999901e-01,1.480700000000000072e-02,2.897270000000000123e-01,1.780760000000000121e-01,-3.096380000000000243e-01,2.319019999999999970e-01,6.142399999999999943e-02,3.300359999999999960e-01,-3.318599999999999883e-01,-5.557900000000000340e-02,3.257079999999999975e-01,-1.396020000000000039e-01,2.287220000000000086e-01,2.186879999999999935e-01,-4.619400000000000173e-01,-1.298340000000000050e-01,-1.958270000000000011e-01,5.465050000000000185e-01,-2.058010000000000117e-01,1.285830000000000028e-01,4.707669999999999910e-01,-3.115530000000000244e-01,-1.591660000000000019e-01,-2.563739999999999908e-01,-3.812900000000000178e-01,-1.776379999999999904e-01,-4.306019999999999848e-01,-3.501200000000000145e-02,-2.888390000000000124e-01,-2.817700000000000204e-01,2.445340000000000014e-01,4.237349999999999728e-01,4.085699999999999749e-02,-4.609730000000000216e-01,-1.524429999999999952e-01,2.333999999999999964e-01,6.594440000000000301e-01,1.592510000000000037e-01,2.913640000000000119e-01,-1.684090000000000031e-01,-7.371199999999999974e-02,-2.687769999999999881e-01,-1.821699999999999986e-01,4.806270000000000264e-01,-1.711139999999999883e-01,3.531929999999999792e-01,4.084320000000000173e-01,3.087960000000000149e-01
