1.000000000000000000e+00,7.716990000000000238e-01,3.669700000000000045e-02,8.610500000000000098e-02,4.073199999999999737e-02,4.751319999999999988e-01,3.924599999999999755e-01,2.376729999999999954e-01,-2.214500000000000079e-01,6.369979999999999531e-01,-1.915469999999999950e-01,2.007700000000000110e-02,6.113459999999999450e-01,9.046099999999999974e-02,2.959249999999999936e-01,4.560170000000000057e-01,7.975940000000000252e-01,8.282840000000000202e-01,-2.359970000000000123e-01,4.291679999999999939e-01,7.246479999999999588e-01,6.001309999999999700e-01,2.018800000000000039e-01,6.129639999999999533e-01,8.496899999999999453e-01,7.205439999999999623e-01,9.871299999999999519e-02,4.234629999999999783e-01,6.654269999999999907e-01,4.253190000000000026e-01,4.928609999999999935e-01,3.606900000000000106e-01,6.704599999999999449e-01,4.338629999999999987e-01,-6.185410000000000075e-01,-2.558860000000000023e-01,-3.220279999999999809e-01,-3.438209999999999877e-01,4.554070000000000062e-01,5.409650000000000292e-01,6.881730000000000347e-01,1.327500000000000034e-02,-3.574430000000000107e-01,1.889629999999999921e-01,-4.939999999999999947e-02,8.726530000000000120e-01,5.275320000000000009e-01,-8.923200000000000576e-02,7.997300000000000242e-02,-2.976779999999999982e-01,5.696210000000000440e-01,-1.602049999999999863e-01,1.870910000000000073e-01,1.932949999999999946e-01,4.455259999999999776e-01,-2.995260000000000145e-01,-1.422660000000000036e-01,1.898110000000000075e-01,-4.240929999999999978e-01,1.937919999999999920e-01,2.967819999999999903e-01,3.704620000000000135e-01,4.249089999999999812e-01,9.309999999999999699e-04,3.264210000000000167e-01,6.417150000000000354e-01,3.718850000000000211e-01,2.436220000000000052e-01,7.568160000000000442e-01,6.796640000000000459e-01,5.847849999999999993e-01,2.411969999999999947e-01,-1.611399999999999985e-02,5.215400000000000036e-01,4.859169999999999878e-01,4.393509999999999915e-01
7.716990000000000238e-01,1.000000000000000000e+00,-8.261100000000000387e-02,1.256670000000000009e-01,1.373199999999999976e-01,5.309220000000000050e-01,3.368149999999999755e-01,3.742019999999999791e-01,-1.344770000000000132e-01,5.141329999999999512e-01,-1.176210000000000033e-01,-2.472600000000000145e-02,5.669899999999999940e-01,3.262600000000000222e-02,2.457969999999999877e-01,4.309950000000000170e-01,6.305340000000000389e-01,7.823980000000000379e-01,-2.154669999999999919e-01,3.498359999999999803e-01,6.545900000000000052e-01,5.890840000000000520e-01,1.441669999999999896e-01,4.498530000000000029e-01,8.235190000000000010e-01,6.749389999999999556e-01,8.999600000000000655e-02,2.417980000000000129e-01,5.417319999999999913e-01,1.820809999999999929e-01,2.816679999999999739e-01,3.878449999999999953e-01,5.357549999999999812e-01,4.051759999999999806e-01,-4.909049999999999803e-01,-1.949490000000000112e-01,-3.857599999999999918e-01,-1.390129999999999977e-01,3.966720000000000246e-01,5.202219999999999622e-01,5.880680000000000351e-01,1.215939999999999938e-01,-4.083939999999999793e-01,-9.854400000000000659e-02,9.050700000000000411e-02,6.535720000000000418e-01,7.212910000000000155e-01,-1.392029999999999934e-01,-7.367899999999999450e-02,-2.040700000000000014e-01,6.819399999999999906e-01,1.365599999999999974e-02,2.146589999999999887e-01,2.387900000000000023e-01,4.363830000000000209e-01,-2.166619999999999935e-01,-1.285149999999999904e-01,2.690819999999999879e-01,-2.959049999999999736e-01,1.958719999999999906e-01,3.233650000000000135e-01,3.873219999999999996e-01,4.627479999999999927e-01,-1.474409999999999887e-01,3.110789999999999944e-01,5.262539999999999996e-01,3.857599999999999918e-01,9.741800000000000459e-02,5.412660000000000249e-01,6.580669999999999575e-01,5.412430000000000296e-01,2.621550000000000269e-01,-1.179599999999999919e-02,4.768370000000000108e-01,4.164070000000000271e-01,1.848309999999999953e-01
3.669700000000000045e-02,-8.261100000000000387e-02,1.000000000000000000e+00,3.891300000000000314e-02,4.237279999999999935e-01,7.972600000000000520e-02,4.826030000000000042e-01,-1.910399999999999876e-01,5.835090000000000554e-01,4.100750000000000228e-01,5.694839999999999902e-01,6.532630000000000381e-01,3.909360000000000057e-01,-4.423009999999999997e-01,5.420369999999999910e-01,2.051929999999999865e-01,2.236080000000000012e-01,2.313649999999999873e-01,3.187050000000000161e-01,6.321550000000000225e-01,7.439999999999999782e-04,4.547689999999999788e-01,2.869869999999999921e-01,4.208680000000000199e-01,1.705369999999999941e-01,1.955900000000000138e-01,6.511940000000000506e-01,4.385729999999999906e-01,4.520159999999999734e-01,4.187540000000000151e-01,3.304059999999999775e-01,-5.256030000000000424e-01,9.027999999999999914e-02,5.149200000000000305e-02,-1.857550000000000034e-01,9.747000000000000455e-03,2.551300000000000096e-02,8.893900000000000416e-02,-3.248710000000000209e-01,-1.070689999999999975e-01,-7.088099999999999956e-02,-3.387999999999999901e-01,-8.470700000000000451e-02,1.618429999999999869e-01,8.361799999999999788e-02,2.902599999999999972e-02,-1.869959999999999956e-01,8.480020000000000335e-01,1.117029999999999967e-01,5.728560000000000318e-01,1.771599999999999911e-02,2.651189999999999936e-01,-9.683200000000000141e-02,6.595119999999999871e-01,2.548480000000000190e-01,1.852689999999999892e-01,4.846360000000000112e-01,2.968379999999999908e-01,-1.631549999999999945e-01,3.745709999999999873e-01,3.146600000000000091e-02,1.606319999999999970e-01,1.029709999999999931e-01,8.066410000000000524e-01,4.721989999999999799e-01,-1.558039999999999980e-01,4.062520000000000020e-01,2.253060000000000063e-01,2.911599999999999744e-01,1.718860000000000110e-01,1.869369999999999921e-01,5.570690000000000364e-01,4.245570000000000177e-01,2.816359999999999975e-01,6.946700000000000097e-02,2.540979999999999905e-01
8.610500000000000098e-02,1.256670000000000009e-01,3.891300000000000314e-02,1.000000000000000000e+00,4.683209999999999873e-01,3.725800000000000223e-01,3.648460000000000036e-01,3.783779999999999921e-01,-1.936999999999999833e-02,3.073230000000000128e-01,3.872120000000000006e-01,1.775950000000000029e-01,2.711919999999999886e-01,2.974570000000000269e-01,-2.035500000000000087e-01,-5.458600000000000257e-02,2.370120000000000005e-01,2.115420000000000078e-01,5.334699999999999859e-02,8.684000000000000052e-02,1.076710000000000028e-01,2.993000000000000001e-03,3.946600000000000108e-01,2.858029999999999737e-01,1.969920000000000004e-01,-4.738499999999999657e-02,6.251900000000000512e-02,3.021869999999999834e-01,2.117100000000000093e-01,3.344329999999999803e-01,2.107779999999999931e-01,-8.829999999999999958e-04,3.312499999999999889e-01,7.610899999999999610e-02,-1.257419999999999927e-01,3.649249999999999994e-01,-6.436000000000000054e-02,8.082100000000000395e-02,-1.089910000000000045e-01,3.102090000000000125e-01,-3.651999999999999691e-02,1.052669999999999995e-01,-2.001599999999999907e-02,2.306899999999999923e-02,6.593499999999999361e-02,1.879799999999999874e-02,-5.052600000000000147e-02,1.853440000000000087e-01,2.599549999999999916e-01,8.801100000000000589e-02,1.856589999999999907e-01,1.494929999999999870e-01,3.401649999999999952e-01,-1.347000000000000107e-03,3.212960000000000260e-01,3.133020000000000249e-01,1.349219999999999864e-01,2.318699999999999928e-02,3.148139999999999827e-01,-2.283509999999999984e-01,-2.063299999999999856e-02,1.146429999999999949e-01,-2.734599999999999878e-02,4.865099999999999980e-02,-1.202830000000000010e-01,4.360200000000000187e-02,-1.767559999999999965e-01,3.539550000000000196e-01,2.099010000000000042e-01,2.631999999999999791e-03,-1.377730000000000066e-01,6.956700000000000383e-02,-6.885700000000000154e-02,-1.106799999999999971e-02,1.490769999999999873e-01,5.879899999999999710e-02
4.073199999999999737e-02,1.373199999999999976e-01,4.237279999999999935e-01,4.683209999999999873e-01,1.000000000000000000e+00,4.579869999999999775e-01,5.461369999999999836e-01,2.087120000000000086e-01,5.031719999999999526e-01,3.131709999999999772e-01,6.655600000000000405e-01,5.302700000000000191e-01,4.755880000000000107e-01,-7.574999999999999789e-02,4.436400000000000066e-02,1.813240000000000129e-01,1.954390000000000016e-01,2.837939999999999907e-01,2.401939999999999908e-01,3.172220000000000040e-01,1.441290000000000071e-01,1.899889999999999912e-01,4.074300000000000144e-01,4.448779999999999957e-01,2.102610000000000035e-01,-5.361999999999999579e-03,3.204440000000000066e-01,5.659100000000000241e-01,4.046089999999999964e-01,3.708839999999999915e-01,4.487820000000000142e-01,-2.741489999999999760e-01,1.882159999999999944e-01,1.617480000000000029e-01,-2.810679999999999845e-01,4.545819999999999861e-01,-1.474540000000000017e-01,1.375730000000000008e-01,-2.601109999999999811e-01,2.821640000000000259e-01,-5.032199999999999868e-02,-1.567910000000000137e-01,-8.769299999999999318e-02,-1.021409999999999957e-01,-8.507099999999999385e-02,3.791100000000000025e-02,2.138200000000000170e-02,4.463440000000000185e-01,-2.291000000000000068e-03,5.509380000000000388e-01,1.593279999999999974e-01,5.774740000000000428e-01,2.206930000000000003e-01,3.539379999999999749e-01,4.152330000000000187e-01,3.521349999999999758e-01,4.232460000000000111e-01,3.226410000000000111e-01,2.734539999999999749e-01,3.390399999999999664e-02,3.112759999999999971e-01,3.249850000000000239e-01,3.561770000000000214e-01,2.684340000000000059e-01,7.008799999999999752e-02,1.067199999999999920e-02,4.348300000000000082e-02,2.125120000000000064e-01,2.959100000000000064e-01,1.884699999999999986e-01,-6.736999999999999933e-03,1.581230000000000135e-01,2.912509999999999821e-01,1.117189999999999989e-01,4.629599999999999688e-02,2.555080000000000129e-01
4.751319999999999988e-01,5.309220000000000050e-01,7.972600000000000520e-02,3.725800000000000223e-01,4.579869999999999775e-01,1.000000000000000000e+00,3.112840000000000051e-01,5.395410000000000483e-01,-4.734499999999999820e-02,3.970429999999999793e-01,2.252859999999999863e-01,2.180570000000000008e-01,6.378110000000000168e-01,3.426069999999999949e-01,-1.291410000000000058e-01,2.834990000000000010e-01,4.808799999999999741e-01,4.875050000000000217e-01,8.473600000000000576e-02,1.559790000000000065e-01,4.209040000000000004e-01,1.993199999999999972e-01,6.491109999999999935e-01,4.717230000000000034e-01,4.708760000000000168e-01,3.528899999999999815e-01,1.270179999999999920e-01,4.600409999999999777e-01,5.918970000000000065e-01,2.882020000000000137e-01,2.690239999999999854e-01,1.142320000000000002e-01,4.135139999999999927e-01,2.536599999999999966e-01,-3.264050000000000007e-01,1.571230000000000127e-01,-1.268960000000000088e-01,-4.537100000000000161e-02,2.194740000000000024e-01,5.312850000000000072e-01,3.290230000000000099e-01,-9.011199999999999766e-02,-1.684340000000000004e-01,1.133880000000000027e-01,-1.401400000000000041e-02,4.462450000000000028e-01,4.343020000000000214e-01,1.326050000000000006e-01,-3.486299999999999816e-02,-2.717200000000000171e-02,6.203260000000000440e-01,2.661749999999999949e-01,4.825809999999999822e-01,1.466780000000000028e-01,5.396670000000000078e-01,5.049200000000000216e-02,1.548660000000000037e-01,3.764430000000000276e-01,8.410800000000000221e-02,-6.229599999999999721e-02,2.961380000000000123e-01,5.135669999999999957e-01,4.263350000000000195e-01,6.336300000000000265e-02,-3.049500000000000127e-02,3.150549999999999740e-01,1.954900000000000040e-02,5.341420000000000057e-01,4.857429999999999803e-01,5.245969999999999800e-01,3.894449999999999856e-01,9.939999999999999183e-03,2.889299999999999854e-02,2.493319999999999981e-01,2.748780000000000112e-01,2.324469999999999870e-01
3.924599999999999755e-01,3.368149999999999755e-01,4.826030000000000042e-01,3.648460000000000036e-01,5.461369999999999836e-01,3.112840000000000051e-01,1.000000000000000000e+00,1.993669999999999887e-01,2.168859999999999955e-01,7.446239999999999526e-01,3.153900000000000037e-01,5.698349999999999804e-01,6.548049999999999704e-01,-1.822989999999999888e-01,3.211800000000000210e-01,8.675900000000000278e-02,5.671410000000000062e-01,5.203109999999999680e-01,-2.979899999999999910e-02,6.197559999999999736e-01,2.373510000000000064e-01,4.995919999999999805e-01,3.940489999999999826e-01,7.713210000000000344e-01,5.605830000000000535e-01,4.390819999999999723e-01,5.154800000000000493e-01,5.373580000000000023e-01,5.737560000000000437e-01,7.375150000000000317e-01,5.748079999999999856e-01,-2.225729999999999931e-01,6.255709999999999882e-01,4.185220000000000051e-01,-3.721090000000000231e-01,2.627729999999999788e-01,-3.059749999999999970e-01,-5.271499999999999797e-02,-1.627190000000000025e-01,3.331029999999999824e-01,3.297780000000000156e-01,2.043400000000000077e-02,-7.761400000000000243e-02,4.309999999999999942e-02,-8.795899999999999552e-02,1.955459999999999976e-01,-9.835999999999999258e-03,3.390940000000000065e-01,2.594609999999999972e-01,4.560270000000000157e-01,1.711370000000000113e-01,3.043950000000000267e-01,1.377780000000000116e-01,5.212980000000000391e-01,5.051269999999999927e-01,1.370089999999999919e-01,3.979380000000000139e-01,1.563370000000000037e-01,3.255899999999999767e-02,1.161370000000000041e-01,-2.685799999999999993e-02,2.249559999999999893e-01,8.179500000000000659e-02,3.454039999999999888e-01,3.006599999999999828e-01,4.988299999999999679e-02,2.032920000000000005e-01,1.756679999999999908e-01,6.477380000000000360e-01,2.419769999999999976e-01,1.632629999999999915e-01,4.108959999999999835e-01,1.976860000000000006e-01,1.461210000000000009e-01,1.791349999999999887e-01,3.384269999999999778e-01
2.376729999999999954e-01,3.742019999999999791e-01,-1.910399999999999876e-01,3.783779999999999921e-01,2.087120000000000086e-01,5.395410000000000483e-01,1.993669999999999887e-01,1.000000000000000000e+00,-1.943880000000000052e-01,3.089770000000000016e-01,1.896110000000000018e-01,9.496899999999999786e-02,2.998069999999999902e-01,1.576019999999999921e-01,-8.977000000000000257e-02,-2.342680000000000040e-01,2.018629999999999869e-01,2.005720000000000003e-01,-9.330399999999999805e-02,9.746499999999999608e-02,4.876380000000000159e-01,1.141869999999999968e-01,6.528530000000000166e-01,3.786209999999999853e-01,3.606650000000000134e-01,3.098779999999999868e-01,-1.092130000000000045e-01,9.879999999999999893e-02,1.806879999999999875e-01,-3.327999999999999708e-02,5.293799999999999895e-02,2.432479999999999920e-01,2.677069999999999728e-01,1.503889999999999949e-01,-1.850960000000000105e-01,1.526760000000000062e-01,-4.760190000000000254e-01,3.250999999999999984e-03,7.318099999999999605e-02,3.839799999999999880e-01,1.643350000000000088e-01,8.098099999999999743e-02,-2.802509999999999724e-01,-4.157680000000000264e-01,-2.339000000000000107e-02,1.494330000000000103e-01,1.170759999999999995e-01,4.830000000000000092e-03,-2.528929999999999789e-01,-7.731100000000000472e-02,2.404169999999999918e-01,1.181269999999999959e-01,8.262549999999999617e-01,-4.717799999999999772e-02,2.718579999999999885e-01,3.461969999999999770e-01,-2.648000000000000180e-03,-9.977099999999999858e-02,3.244670000000000054e-01,-1.959999999999999937e-04,-7.690900000000000514e-02,9.797400000000000553e-02,3.263300000000000228e-02,-2.320810000000000095e-01,-9.608999999999999486e-02,4.209519999999999929e-01,-1.060790000000000066e-01,4.292079999999999784e-01,2.716060000000000141e-01,1.394650000000000056e-01,2.211599999999999955e-01,-2.854399999999999993e-02,-2.020240000000000091e-01,-5.078799999999999981e-02,-4.886800000000000171e-02,-1.142190000000000011e-01
-2.214500000000000079e-01,-1.344770000000000132e-01,5.835090000000000554e-01,-1.936999999999999833e-02,5.031719999999999526e-01,-4.734499999999999820e-02,2.168859999999999955e-01,-1.943880000000000052e-01,1.000000000000000000e+00,6.951899999999999746e-02,6.032079999999999664e-01,3.779420000000000002e-01,2.116889999999999883e-01,-4.303710000000000035e-01,3.965529999999999888e-01,1.490869999999999973e-01,-1.417499999999999871e-01,5.527800000000000075e-02,3.111780000000000102e-01,4.195240000000000080e-01,-2.272999999999999847e-03,3.161869999999999958e-01,-9.090199999999999669e-02,1.146490000000000009e-01,2.988000000000000031e-02,7.548000000000000022e-03,4.497490000000000099e-01,3.582750000000000101e-01,2.512030000000000096e-01,1.969699999999999923e-02,3.189040000000000208e-01,-2.534790000000000099e-01,-2.431310000000000138e-01,-2.053590000000000138e-01,-1.692599999999999938e-01,1.709160000000000124e-01,-1.162369999999999931e-01,-6.112200000000000272e-02,-3.427760000000000251e-01,-2.517699999999999938e-01,-2.913660000000000139e-01,-2.630350000000000188e-01,-4.730100000000000277e-02,-6.081999999999999906e-02,1.417000000000000074e-03,-1.160510000000000014e-01,-5.296399999999999719e-02,5.638389999999999791e-01,-1.062410000000000021e-01,5.630070000000000352e-01,-8.604599999999999749e-02,6.599019999999999886e-01,-8.549500000000000155e-02,5.031039999999999957e-01,3.604199999999999765e-02,3.779159999999999742e-01,1.588940000000000075e-01,2.322750000000000092e-01,1.105570000000000025e-01,3.778980000000000117e-01,2.588500000000000245e-01,5.422999999999999869e-03,2.441790000000000072e-01,4.297170000000000156e-01,3.280049999999999910e-01,-9.177599999999999647e-02,2.988919999999999910e-01,-1.510980000000000101e-01,4.245700000000000168e-02,1.144779999999999964e-01,7.342700000000000615e-02,3.587069999999999981e-01,3.041320000000000134e-01,1.654849999999999932e-01,-2.346910000000000107e-01,2.434640000000000137e-01
6.369979999999999531e-01,5.141329999999999512e-01,4.100750000000000228e-01,3.073230000000000128e-01,3.131709999999999772e-01,3.970429999999999793e-01,7.446239999999999526e-01,3.089770000000000016e-01,6.951899999999999746e-02,1.000000000000000000e+00,1.591259999999999897e-01,4.211269999999999736e-01,7.478470000000000395e-01,-6.800900000000000001e-02,3.995799999999999907e-01,1.888319999999999999e-01,7.822130000000000472e-01,7.101450000000000262e-01,-9.328300000000000480e-02,5.908440000000000358e-01,4.504040000000000266e-01,5.733489999999999975e-01,4.661290000000000155e-01,8.420069999999999499e-01,7.716640000000000166e-01,5.974859999999999616e-01,2.258499999999999952e-01,5.584820000000000340e-01,5.625130000000000408e-01,6.147000000000000242e-01,5.520570000000000199e-01,3.368800000000000266e-02,7.174209999999999754e-01,4.252210000000000156e-01,-4.796219999999999928e-01,2.742199999999999846e-02,-4.321630000000000194e-01,-1.277929999999999899e-01,6.470599999999999963e-02,4.352039999999999798e-01,4.349049999999999860e-01,-4.237599999999999700e-02,-2.477310000000000068e-01,2.064399999999999916e-02,-4.685600000000000181e-02,4.665750000000000175e-01,1.681380000000000097e-01,2.982549999999999923e-01,1.364759999999999862e-01,4.657100000000000128e-02,3.115990000000000149e-01,4.969900000000000012e-02,3.118509999999999893e-01,4.316510000000000069e-01,7.556530000000000191e-01,-1.528999999999999977e-03,2.363470000000000015e-01,1.928600000000000037e-01,-2.428730000000000055e-01,2.344160000000000132e-01,4.085400000000000142e-02,4.032589999999999786e-01,1.906229999999999869e-01,3.135279999999999734e-01,3.807340000000000169e-01,3.126519999999999855e-01,3.348320000000000185e-01,3.225399999999999934e-01,8.282850000000000490e-01,4.853899999999999881e-01,3.857180000000000053e-01,3.281499999999999972e-01,3.066999999999999935e-02,2.665739999999999776e-01,3.120729999999999893e-01,3.862059999999999937e-01
-1.915469999999999950e-01,-1.176210000000000033e-01,5.694839999999999902e-01,3.872120000000000006e-01,6.655600000000000405e-01,2.252859999999999863e-01,3.153900000000000037e-01,1.896110000000000018e-01,6.032079999999999664e-01,1.591259999999999897e-01,1.000000000000000000e+00,4.539009999999999989e-01,2.647889999999999966e-01,-1.342530000000000112e-01,1.467009999999999981e-01,-8.814400000000000013e-02,-6.753599999999999881e-02,4.114299999999999902e-02,4.195820000000000105e-01,3.146039999999999948e-01,5.443900000000000128e-02,1.446880000000000110e-01,3.869070000000000009e-01,2.485580000000000012e-01,5.825999999999999929e-02,-8.451999999999999444e-03,4.139289999999999914e-01,3.599649999999999794e-01,2.620879999999999876e-01,8.736599999999999921e-02,2.552840000000000109e-01,-2.582780000000000076e-01,-3.804699999999999749e-02,-3.009510000000000240e-01,-2.288340000000000096e-01,3.482359999999999900e-01,-1.587099999999999900e-01,7.105100000000000304e-02,-4.081500000000000128e-01,3.727300000000000058e-02,-3.967689999999999828e-01,-2.503659999999999775e-01,-1.143620000000000053e-01,-1.372109999999999996e-01,-2.954599999999999935e-02,-1.528120000000000034e-01,-1.565199999999999925e-01,7.066470000000000251e-01,-7.638300000000000645e-02,5.261379999999999946e-01,-3.804899999999999949e-02,5.484510000000000218e-01,3.263510000000000022e-01,3.735629999999999784e-01,1.316940000000000055e-01,7.223579999999999446e-01,2.742439999999999878e-01,1.005950000000000039e-01,4.173609999999999820e-01,1.293259999999999965e-01,4.900299999999999795e-02,1.853899999999999992e-02,8.912599999999999689e-02,4.920829999999999926e-01,1.020070000000000005e-01,-6.164900000000000241e-02,5.215700000000000197e-02,2.226049999999999973e-01,7.840300000000000047e-02,3.804300000000000043e-02,-1.077000000000000006e-02,3.253309999999999813e-01,1.460460000000000091e-01,-4.151699999999999835e-02,-2.401310000000000111e-01,7.291000000000000258e-02
2.007700000000000110e-02,-2.472600000000000145e-02,6.532630000000000381e-01,1.775950000000000029e-01,5.302700000000000191e-01,2.180570000000000008e-01,5.698349999999999804e-01,9.496899999999999786e-02,3.779420000000000002e-01,4.211269999999999736e-01,4.539009999999999989e-01,1.000000000000000000e+00,4.066679999999999739e-01,-3.920379999999999976e-01,3.428470000000000129e-01,3.708100000000000285e-02,3.039149999999999907e-01,1.701860000000000039e-01,5.114400000000000196e-02,5.678739999999999899e-01,8.696000000000000604e-03,3.037279999999999980e-01,4.315880000000000272e-01,6.248529999999999918e-01,1.846639999999999948e-01,2.658820000000000072e-01,5.248359999999999692e-01,4.908139999999999725e-01,4.671219999999999817e-01,4.021919999999999940e-01,3.463459999999999872e-01,-6.197759999999999936e-01,1.148210000000000064e-01,2.349479999999999902e-01,-1.048059999999999964e-01,9.617199999999999360e-02,2.985700000000000159e-02,3.563600000000000101e-01,-4.910789999999999877e-01,2.101000000000000003e-03,1.324600000000000083e-02,-2.470690000000000108e-01,-9.033800000000000163e-02,1.861200000000000007e-02,1.200390000000000068e-01,-9.499000000000000499e-03,-1.987889999999999935e-01,5.842950000000000088e-01,-5.620100000000000096e-02,6.241830000000000434e-01,5.312000000000000055e-02,4.587700000000000111e-01,7.725400000000000322e-02,5.861779999999999768e-01,3.405659999999999799e-01,2.626569999999999738e-01,8.161709999999999798e-01,3.908730000000000260e-01,9.253799999999999526e-02,2.449830000000000063e-01,8.421900000000000219e-02,2.534830000000000139e-01,1.468339999999999923e-01,4.829010000000000247e-01,3.879589999999999983e-01,-1.242769999999999986e-01,2.885829999999999784e-01,1.836740000000000039e-01,4.122750000000000026e-01,1.193089999999999984e-01,1.617190000000000016e-01,3.588919999999999888e-01,5.896529999999999827e-01,2.498370000000000035e-01,8.689099999999999602e-02,2.592059999999999920e-01
6.113459999999999450e-01,5.669899999999999940e-01,3.909360000000000057e-01,2.711919999999999886e-01,4.755880000000000107e-01,6.378110000000000168e-01,6.548049999999999704e-01,2.998069999999999902e-01,2.116889999999999883e-01,7.478470000000000395e-01,2.647889999999999966e-01,4.066679999999999739e-01,1.000000000000000000e+00,3.587900000000000117e-02,3.581829999999999736e-01,4.928339999999999943e-01,7.444159999999999666e-01,8.072470000000000478e-01,7.615299999999999847e-02,6.069740000000000135e-01,4.294830000000000036e-01,5.957759999999999723e-01,4.813379999999999881e-01,7.097229999999999928e-01,7.206240000000000423e-01,5.861239999999999783e-01,1.813460000000000072e-01,8.121239999999999570e-01,7.189919999999999645e-01,5.824880000000000058e-01,6.474309999999999787e-01,-1.126800000000000024e-02,5.195180000000000353e-01,2.857149999999999967e-01,-6.185770000000000435e-01,1.264260000000000106e-01,-4.013740000000000085e-01,-1.309980000000000033e-01,5.081999999999999712e-02,4.716179999999999817e-01,3.620570000000000177e-01,-2.679630000000000067e-01,-2.618380000000000152e-01,3.788799999999999807e-02,-1.889800000000000091e-01,5.465020000000000433e-01,3.534860000000000224e-01,3.684680000000000177e-01,8.972099999999999520e-02,1.789419999999999900e-01,5.133969999999999922e-01,3.784359999999999946e-01,3.309130000000000127e-01,5.485299999999999621e-01,6.830889999999999462e-01,6.471000000000000363e-02,2.426399999999999946e-01,5.535740000000000105e-01,-1.770380000000000009e-01,3.152840000000000087e-01,3.770990000000000175e-01,5.693749999999999645e-01,5.621059999999999945e-01,3.278760000000000008e-01,4.598010000000000153e-01,3.254839999999999955e-01,4.561370000000000147e-01,3.831109999999999793e-01,6.992829999999999879e-01,6.299759999999999804e-01,4.517039999999999944e-01,2.404620000000000091e-01,2.763470000000000093e-01,4.157730000000000037e-01,4.379179999999999739e-01,5.103569999999999496e-01
9.046099999999999974e-02,3.262600000000000222e-02,-4.423009999999999997e-01,2.974570000000000269e-01,-7.574999999999999789e-02,3.426069999999999949e-01,-1.822989999999999888e-01,1.576019999999999921e-01,-4.303710000000000035e-01,-6.800900000000000001e-02,-1.342530000000000112e-01,-3.920379999999999976e-01,3.587900000000000117e-02,1.000000000000000000e+00,-6.195859999999999701e-01,1.897799999999999834e-02,1.021009999999999973e-01,1.457800000000000068e-02,2.857900000000000024e-02,-5.298629999999999729e-01,-4.859100000000000225e-02,-4.436160000000000103e-01,1.339410000000000045e-01,-1.644049999999999956e-01,-1.468500000000000014e-02,-1.418929999999999914e-01,-5.178850000000000398e-01,-5.180000000000000143e-04,-9.446499999999999342e-02,4.585999999999999799e-02,-3.539599999999999691e-02,3.725160000000000138e-01,1.960610000000000130e-01,-4.038400000000000323e-02,-1.088700000000000084e-02,2.352370000000000017e-01,1.697519999999999862e-01,-1.913809999999999956e-01,2.369219999999999937e-01,2.835860000000000047e-01,7.337699999999999778e-02,1.597389999999999921e-01,1.835080000000000044e-01,3.868920000000000137e-01,-1.039560000000000067e-01,1.079859999999999987e-01,1.477040000000000020e-01,-3.282260000000000177e-01,3.163190000000000168e-01,-5.684000000000000163e-01,1.801470000000000016e-01,-2.755299999999999971e-01,2.121429999999999982e-01,-5.751100000000000101e-01,1.401050000000000073e-01,-1.021920000000000051e-01,-2.636709999999999887e-01,-6.456000000000000627e-02,1.797130000000000116e-01,-5.366469999999999851e-01,-1.376100000000000066e-02,1.287969999999999948e-01,-2.624900000000000150e-02,-3.412540000000000018e-01,-5.371179999999999843e-01,9.493400000000000449e-02,-4.932460000000000178e-01,2.656379999999999852e-01,4.906800000000000050e-02,5.703400000000000136e-02,-2.502800000000000163e-02,-5.349589999999999623e-01,-3.568239999999999745e-01,-2.272049999999999903e-01,1.728280000000000094e-01,2.647000000000000047e-03
2.959249999999999936e-01,2.457969999999999877e-01,5.420369999999999910e-01,-2.035500000000000087e-01,4.436400000000000066e-02,-1.291410000000000058e-01,3.211800000000000210e-01,-8.977000000000000257e-02,3.965529999999999888e-01,3.995799999999999907e-01,1.467009999999999981e-01,3.428470000000000129e-01,3.581829999999999736e-01,-6.195859999999999701e-01,1.000000000000000000e+00,3.571540000000000270e-01,2.548159999999999870e-01,3.983039999999999914e-01,3.605900000000000077e-02,7.820859999999999479e-01,4.122080000000000188e-01,8.246299999999999741e-01,-4.279100000000000265e-02,3.141800000000000148e-01,4.188769999999999993e-01,4.102399999999999936e-01,4.186639999999999806e-01,3.587730000000000086e-01,4.531879999999999797e-01,1.784689999999999888e-01,4.049360000000000182e-01,-6.778800000000000103e-02,-9.289000000000000382e-03,9.849299999999999722e-02,-3.069930000000000159e-01,-2.125769999999999882e-01,-1.923759999999999915e-01,3.101399999999999990e-02,-1.446599999999999969e-02,-9.348399999999999765e-02,1.765589999999999937e-01,-2.736560000000000104e-01,-3.257439999999999780e-01,-1.294540000000000135e-01,9.589699999999999613e-02,3.176599999999999979e-01,9.737600000000000422e-02,4.232580000000000231e-01,-6.435699999999999754e-02,2.426510000000000056e-01,6.631900000000000295e-02,1.638680000000000136e-01,-2.050000000000000086e-02,5.843220000000000081e-01,1.851490000000000080e-01,3.778000000000000108e-03,1.470140000000000058e-01,2.243340000000000056e-01,-4.199080000000000035e-01,8.739419999999999966e-01,2.613929999999999865e-01,1.864010000000000111e-01,2.839519999999999822e-01,4.406769999999999854e-01,7.676490000000000258e-01,3.242729999999999779e-01,7.683729999999999727e-01,-4.745499999999999718e-02,3.035860000000000225e-01,3.473109999999999808e-01,3.591599999999999793e-01,6.026230000000000198e-01,3.674600000000000088e-01,5.170240000000000391e-01,2.331050000000000066e-01,3.871069999999999789e-01
4.560170000000000057e-01,4.309950000000000170e-01,2.051929999999999865e-01,-5.458600000000000257e-02,1.813240000000000129e-01,2.834990000000000010e-01,8.675900000000000278e-02,-2.342680000000000040e-01,1.490869999999999973e-01,1.888319999999999999e-01,-8.814400000000000013e-02,3.708100000000000285e-02,4.928339999999999943e-01,1.897799999999999834e-02,3.571540000000000270e-01,1.000000000000000000e+00,3.599189999999999889e-01,6.410130000000000550e-01,1.438530000000000086e-01,3.341629999999999878e-01,2.337740000000000096e-01,4.905220000000000136e-01,-1.436459999999999959e-01,1.295920000000000127e-01,3.731329999999999925e-01,1.661940000000000084e-01,-2.001000000000000001e-02,5.393480000000000496e-01,5.651840000000000197e-01,3.235540000000000083e-01,4.133970000000000145e-01,1.100100000000000036e-02,9.750200000000000533e-02,2.374570000000000014e-01,-3.674810000000000021e-01,-5.407100000000000101e-02,1.396360000000000101e-01,2.433300000000000046e-02,2.633079999999999865e-01,2.031080000000000108e-01,3.463280000000000247e-01,-2.258439999999999892e-01,-1.836599999999999899e-01,2.920889999999999875e-01,3.895200000000000051e-02,5.458060000000000134e-01,6.055789999999999784e-01,8.551000000000000267e-02,1.778859999999999886e-01,-1.416090000000000126e-01,5.297760000000000247e-01,1.248950000000000060e-01,-1.533079999999999998e-01,1.860559999999999992e-01,3.730530000000000235e-01,-4.138820000000000277e-01,1.929000000000000159e-02,6.845109999999999806e-01,-5.666109999999999758e-01,3.591539999999999733e-01,7.731540000000000079e-01,6.157350000000000323e-01,8.012770000000000170e-01,1.768949999999999967e-01,4.653100000000000014e-01,2.456949999999999967e-01,5.447459999999999525e-01,6.389599999999999447e-02,2.777640000000000109e-01,6.568030000000000257e-01,3.603060000000000151e-01,1.142579999999999985e-01,3.986990000000000256e-01,6.933789999999999676e-01,5.748999999999999666e-01,5.780079999999999663e-01
7.975940000000000252e-01,6.305340000000000389e-01,2.236080000000000012e-01,2.370120000000000005e-01,1.954390000000000016e-01,4.808799999999999741e-01,5.671410000000000062e-01,2.018629999999999869e-01,-1.417499999999999871e-01,7.822130000000000472e-01,-6.753599999999999881e-02,3.039149999999999907e-01,7.444159999999999666e-01,1.021009999999999973e-01,2.548159999999999870e-01,3.599189999999999889e-01,1.000000000000000000e+00,8.390999999999999570e-01,-1.835050000000000014e-01,5.202160000000000117e-01,4.771650000000000058e-01,5.570829999999999949e-01,4.006549999999999834e-01,7.297230000000000105e-01,8.136079999999999979e-01,6.353980000000000183e-01,1.243530000000000052e-01,5.609669999999999934e-01,6.076470000000000482e-01,5.856580000000000119e-01,5.023220000000000462e-01,6.218699999999999922e-02,6.957240000000000091e-01,3.877320000000000211e-01,-5.190970000000000306e-01,-2.393959999999999977e-01,-3.230469999999999731e-01,-1.338769999999999960e-01,2.188980000000000092e-01,4.807480000000000087e-01,5.072539999999999827e-01,-9.807599999999999651e-02,-2.915229999999999766e-01,1.822080000000000088e-01,-3.425899999999999779e-02,6.751249999999999751e-01,2.786859999999999893e-01,1.027620000000000061e-01,1.702700000000000047e-01,-1.067560000000000037e-01,5.526489999999999458e-01,-1.066519999999999968e-01,1.725540000000000129e-01,3.779600000000000182e-01,6.415079999999999671e-01,-2.563759999999999928e-01,2.023139999999999938e-01,2.982810000000000183e-01,-3.921299999999999786e-01,1.497950000000000115e-01,1.785110000000000030e-01,4.781839999999999979e-01,3.338920000000000221e-01,2.337730000000000086e-01,4.015420000000000100e-01,3.827809999999999824e-01,3.781619999999999981e-01,3.792860000000000120e-01,7.556509999999999616e-01,5.621620000000000505e-01,3.723060000000000258e-01,2.519140000000000268e-01,8.237300000000000177e-02,4.762210000000000054e-01,4.971309999999999896e-01,3.529030000000000222e-01
8.282840000000000202e-01,7.823980000000000379e-01,2.313649999999999873e-01,2.115420000000000078e-01,2.837939999999999907e-01,4.875050000000000217e-01,5.203109999999999680e-01,2.005720000000000003e-01,5.527800000000000075e-02,7.101450000000000262e-01,4.114299999999999902e-02,1.701860000000000039e-01,8.072470000000000478e-01,1.457800000000000068e-02,3.983039999999999914e-01,6.410130000000000550e-01,8.390999999999999570e-01,1.000000000000000000e+00,-1.042150000000000021e-01,6.219059999999999588e-01,5.966609999999999969e-01,7.352480000000000127e-01,2.336360000000000103e-01,6.346370000000000067e-01,9.066380000000000550e-01,6.461299999999999821e-01,1.222319999999999934e-01,6.584189999999999765e-01,7.180630000000000068e-01,4.987070000000000114e-01,6.096289999999999765e-01,1.794749999999999956e-01,5.881290000000000129e-01,2.970679999999999987e-01,-7.186080000000000245e-01,-1.106919999999999987e-01,-3.865480000000000027e-01,-2.075220000000000120e-01,2.563230000000000230e-01,4.885970000000000035e-01,4.871449999999999947e-01,-1.290380000000000138e-01,-3.883840000000000070e-01,8.573600000000000665e-02,-1.313800000000000037e-02,7.391480000000000272e-01,5.331249999999999600e-01,1.277550000000000074e-01,1.874450000000000005e-01,-1.054530000000000051e-01,6.862000000000000322e-01,7.524699999999999445e-02,1.822290000000000021e-01,4.220309999999999895e-01,5.794909999999999783e-01,-1.907050000000000134e-01,-2.153100000000000153e-02,4.504500000000000171e-01,-4.441330000000000000e-01,3.098170000000000091e-01,4.349100000000000188e-01,5.082330000000000458e-01,5.979689999999999728e-01,1.993959999999999899e-01,5.569150000000000489e-01,4.973540000000000183e-01,5.576579999999999870e-01,2.702350000000000030e-01,6.936170000000000391e-01,7.210149999999999615e-01,4.561100000000000154e-01,3.457410000000000205e-01,1.718669999999999920e-01,6.551970000000000294e-01,5.454590000000000272e-01,5.099270000000000191e-01
-2.359970000000000123e-01,-2.154669999999999919e-01,3.187050000000000161e-01,5.334699999999999859e-02,2.401939999999999908e-01,8.473600000000000576e-02,-2.979899999999999910e-02,-9.330399999999999805e-02,3.111780000000000102e-01,-9.328300000000000480e-02,4.195820000000000105e-01,5.114400000000000196e-02,7.615299999999999847e-02,2.857900000000000024e-02,3.605900000000000077e-02,1.438530000000000086e-01,-1.835050000000000014e-01,-1.042150000000000021e-01,1.000000000000000000e+00,1.491699999999999970e-02,-1.153829999999999995e-01,-8.809500000000000663e-02,5.682000000000000245e-02,-1.167259999999999964e-01,-1.716540000000000010e-01,-2.803169999999999829e-01,4.213999999999999690e-02,2.541229999999999878e-01,7.487399999999999611e-02,2.002089999999999981e-01,2.728340000000000209e-01,-3.520899999999999724e-02,-2.155690000000000106e-01,-2.030309999999999893e-01,-1.275100000000000018e-02,3.561710000000000154e-01,2.806580000000000186e-01,1.018649999999999972e-01,9.499299999999999411e-02,-5.407100000000000101e-02,-3.330730000000000079e-01,-1.064390000000000058e-01,3.931160000000000210e-01,1.379360000000000031e-01,-1.652129999999999987e-01,-1.709029999999999994e-01,-2.957900000000000112e-02,4.786929999999999796e-01,-9.281499999999999473e-02,1.913910000000000056e-01,-1.044920000000000015e-01,1.958399999999999863e-01,-6.779999999999999569e-03,-2.780699999999999839e-02,6.477499999999999925e-02,7.614100000000000035e-02,2.488400000000000056e-01,1.485049999999999981e-01,2.120499999999999885e-01,2.420200000000000129e-02,2.903149999999999897e-01,1.967639999999999945e-01,1.725859999999999894e-01,4.860760000000000081e-01,-4.666499999999999815e-02,-1.869860000000000133e-01,-2.519599999999999965e-02,9.158199999999999674e-02,-9.103799999999999393e-02,-2.072000000000000057e-03,-9.297800000000000509e-02,-1.367329999999999934e-01,2.420019999999999949e-01,-6.422400000000000331e-02,1.339619999999999977e-01,2.524899999999999922e-01
4.291679999999999939e-01,3.498359999999999803e-01,6.321550000000000225e-01,8.684000000000000052e-02,3.172220000000000040e-01,1.559790000000000065e-01,6.197559999999999736e-01,9.746499999999999608e-02,4.195240000000000080e-01,5.908440000000000358e-01,3.146039999999999948e-01,5.678739999999999899e-01,6.069740000000000135e-01,-5.298629999999999729e-01,7.820859999999999479e-01,3.341629999999999878e-01,5.202160000000000117e-01,6.219059999999999588e-01,1.491699999999999970e-02,1.000000000000000000e+00,3.733569999999999944e-01,9.009589999999999543e-01,2.508219999999999894e-01,6.325840000000000352e-01,6.268939999999999513e-01,5.479720000000000146e-01,6.072300000000000475e-01,5.845529999999999893e-01,6.834609999999999852e-01,4.359669999999999934e-01,5.526560000000000361e-01,-2.373750000000000027e-01,2.626859999999999751e-01,1.379400000000000071e-01,-4.559090000000000087e-01,-1.410669999999999980e-01,-2.875719999999999943e-01,1.719700000000000048e-02,-1.476230000000000042e-01,8.744599999999999596e-02,1.762920000000000043e-01,-2.550990000000000202e-01,-3.215390000000000192e-01,-5.725899999999999740e-02,1.223589999999999955e-01,3.567960000000000020e-01,4.911000000000000087e-02,5.323719999999999564e-01,7.872500000000000331e-02,3.939830000000000276e-01,3.006460000000000243e-01,3.127340000000000120e-01,7.010099999999999665e-02,7.430299999999999683e-01,3.396989999999999732e-01,1.000960000000000044e-01,3.052110000000000101e-01,3.134730000000000016e-01,-3.320119999999999738e-01,6.664120000000000044e-01,2.149310000000000109e-01,2.465430000000000121e-01,3.134730000000000016e-01,5.854420000000000179e-01,8.295839999999999881e-01,2.146939999999999960e-01,7.446850000000000414e-01,1.626060000000000005e-01,5.280540000000000234e-01,3.986970000000000236e-01,2.965160000000000018e-01,7.134709999999999663e-01,3.973780000000000090e-01,6.175929999999999476e-01,2.542869999999999853e-01,4.116509999999999891e-01
