1.000000000000000000e+00,1.525489999999999902e-01,5.910300000000000276e-02,3.052699999999999858e-02,-2.335720000000000018e-01,3.969000000000000306e-03,-1.141039999999999971e-01,4.059200000000000308e-02,-2.138289999999999913e-01,-7.090399999999999481e-02,-2.311030000000000029e-01,8.273400000000000198e-02,-6.618100000000000371e-02,8.218200000000000505e-02,2.589020000000000210e-01,3.630579999999999918e-01,1.433280000000000109e-01,1.693270000000000053e-01,-1.048349999999999976e-01,-1.672730000000000050e-01,5.738469999999999960e-01,3.022790000000000199e-01,2.768820000000000170e-01,1.738300000000000123e-01,5.575179999999999580e-01,5.794869999999999743e-01,9.381200000000000649e-02,2.175030000000000019e-01,2.567699999999999982e-01,4.208230000000000026e-01,5.536649999999999627e-01,4.430879999999999819e-01,5.460009999999999586e-01,4.595150000000000068e-01,-4.761599999999999860e-02,3.018999999999999982e-03,1.829300000000000023e-02,-7.302000000000000157e-02,4.501660000000000106e-01,5.432829999999999604e-01,4.186500000000000221e-01,-1.568699999999999956e-02,-1.314589999999999925e-01,-1.070480000000000043e-01,-7.002999999999999677e-03,8.782569999999999544e-01,9.829699999999999549e-02,4.234899999999999776e-02,-1.027779999999999944e-01,-3.227849999999999886e-01,9.351299999999999890e-02,-3.681999999999999856e-02,1.592850000000000099e-01,-1.741640000000000132e-01,-3.704999999999999960e-02,-2.887419999999999987e-01,5.617799999999999877e-02,1.404489999999999905e-01,5.371100000000000180e-02,2.591840000000000255e-01,5.212620000000000031e-01,3.075260000000000216e-01,5.193699999999999983e-01,-1.833519999999999872e-01,-4.781099999999999933e-02,5.480850000000000444e-01,1.915159999999999918e-01,3.361029999999999851e-01,1.876859999999999917e-01,1.489560000000000051e-01,6.894909999999999650e-01,-5.945399999999999990e-02,1.973469999999999946e-01,2.034499999999999920e-01,5.730460000000000553e-01,3.315420000000000034e-01
1.525489999999999902e-01,1.000000000000000000e+00,3.374880000000000102e-01,-4.069119999999999959e-01,-1.037010000000000015e-01,7.950709999999999722e-01,1.147480000000000028e-01,5.853399999999999714e-01,3.183099999999999818e-02,-2.030049999999999910e-01,1.525569999999999982e-01,6.467299999999999438e-02,1.544899999999999884e-01,1.075279999999999986e-01,-2.750130000000000075e-01,4.301820000000000088e-01,3.458519999999999928e-01,6.698530000000000317e-01,2.795799999999999952e-01,-5.997700000000000253e-02,9.812899999999999401e-02,6.998400000000000454e-02,3.782150000000000234e-01,-6.743100000000000482e-02,6.516619999999999635e-01,7.556190000000000406e-01,3.365850000000000231e-01,7.426299999999999568e-02,2.735449999999999826e-01,2.782479999999999953e-01,-2.333860000000000101e-01,1.082830000000000042e-01,3.457620000000000138e-01,-8.420300000000000007e-02,-2.780810000000000226e-01,-2.848519999999999941e-01,-5.304170000000000273e-01,-1.252020000000000077e-01,5.904399999999999926e-02,3.311310000000000087e-01,-1.384940000000000060e-01,-3.602360000000000007e-01,-2.837640000000000162e-01,-4.668629999999999725e-01,-2.340599999999999903e-01,-2.639800000000000132e-02,7.230050000000000088e-01,3.029430000000000178e-01,-8.498600000000000598e-02,-2.198880000000000001e-01,4.745030000000000081e-01,-1.695319999999999883e-01,4.687239999999999740e-01,-1.221000000000000037e-02,-2.838419999999999832e-01,6.950900000000000134e-02,7.282700000000000284e-02,1.530360000000000054e-01,1.623159999999999881e-01,-3.845000000000000084e-01,4.374299999999999716e-02,2.800480000000000191e-01,7.870099999999999318e-02,2.631519999999999970e-01,-1.709000000000000102e-02,-1.888539999999999941e-01,-1.927129999999999954e-01,1.776429999999999954e-01,-3.572899999999999687e-02,4.689749999999999752e-01,4.411280000000000201e-01,-2.520700000000000024e-02,-1.276400000000000035e-01,-1.540120000000000100e-01,3.363689999999999736e-01,-3.919150000000000134e-01
5.910300000000000276e-02,3.374880000000000102e-01,1.000000000000000000e+00,-2.977620000000000267e-01,5.340890000000000359e-01,5.079430000000000334e-01,-2.417899999999999910e-02,4.092459999999999987e-01,7.256559999999999677e-01,-2.417670000000000097e-01,7.399310000000000054e-01,1.561399999999999941e-02,1.103930000000000050e-01,2.502480000000000260e-01,1.120440000000000047e-01,-2.481600000000000125e-02,-5.874800000000000161e-02,2.533400000000000096e-01,8.033740000000000325e-01,2.198990000000000111e-01,1.804489999999999983e-01,1.902189999999999992e-01,4.689119999999999955e-01,-5.162100000000000022e-02,3.188159999999999883e-01,3.694990000000000219e-01,5.089799999999999880e-01,1.806989999999999985e-01,-1.010299999999999913e-02,3.420489999999999919e-01,-1.602590000000000126e-01,-1.244439999999999991e-01,8.897299999999999653e-02,-1.516699999999999993e-01,-5.141240000000000254e-01,-3.514729999999999799e-01,-4.535060000000000202e-01,-5.261600000000000305e-02,-4.509599999999999720e-02,1.860130000000000117e-01,-1.010670000000000041e-01,-3.812849999999999850e-01,-3.115089999999999804e-01,-3.898079999999999878e-01,-4.296699999999999825e-02,1.799429999999999918e-01,1.906259999999999899e-01,9.073759999999999604e-01,-8.362799999999999401e-02,4.631390000000000229e-01,4.162029999999999896e-01,3.679220000000000268e-01,3.526039999999999730e-01,7.171600000000000197e-01,-2.413959999999999995e-01,6.901150000000000340e-01,3.710600000000000009e-02,4.460000000000000075e-01,4.630340000000000011e-01,1.251730000000000065e-01,-1.042909999999999948e-01,1.374809999999999921e-01,1.839949999999999919e-01,7.737739999999999618e-01,3.302840000000000220e-01,3.694299999999999667e-02,1.578720000000000123e-01,3.920910000000000228e-01,5.664500000000000091e-02,1.270560000000000023e-01,3.986919999999999908e-01,4.546200000000000241e-01,2.032549999999999912e-01,4.388700000000000240e-02,3.240109999999999935e-01,-1.461030000000000106e-01
3.052699999999999858e-02,-4.069119999999999959e-01,-2.977620000000000267e-01,1.000000000000000000e+00,-2.094260000000000010e-01,-3.650619999999999976e-01,1.386070000000000080e-01,-2.211090000000000000e-01,-2.553270000000000262e-01,6.839190000000000547e-01,-3.043379999999999974e-01,2.864140000000000019e-01,3.864489999999999870e-01,-8.367499999999999938e-02,3.860729999999999995e-01,2.863999999999999879e-02,1.073800000000000032e-01,-8.054500000000000548e-02,-2.927969999999999740e-01,3.244400000000000062e-02,1.127999999999999975e-01,5.391100000000000059e-02,-1.053540000000000032e-01,3.169120000000000270e-01,-1.266589999999999938e-01,-2.426810000000000078e-01,-1.745599999999999929e-01,4.477530000000000121e-01,1.545189999999999897e-01,8.255700000000000538e-02,4.443810000000000260e-01,3.772360000000000158e-01,-1.624349999999999961e-01,4.036890000000000200e-01,4.341360000000000219e-01,5.015049999999999786e-01,8.340610000000000523e-01,5.161729999999999929e-01,2.086270000000000069e-01,-3.459220000000000073e-01,4.924209999999999976e-01,4.876130000000000186e-01,5.654550000000000409e-01,8.884149999999999547e-01,4.611970000000000236e-01,1.722999999999999879e-02,-2.801899999999999946e-01,-2.305200000000000027e-01,5.007369999999999877e-01,-1.337560000000000138e-01,-1.543309999999999960e-01,5.694400000000000156e-02,-1.972029999999999894e-01,-2.547449999999999992e-01,7.044859999999999456e-01,-1.654420000000000057e-01,4.278449999999999753e-01,7.133699999999999763e-02,-2.342110000000000025e-01,3.375150000000000095e-01,2.982719999999999816e-01,2.328989999999999949e-01,2.057180000000000120e-01,-2.995900000000000230e-01,1.069449999999999984e-01,2.271400000000000086e-01,2.913510000000000266e-01,-4.952600000000000058e-02,2.601370000000000071e-01,-3.265239999999999809e-01,-2.448420000000000041e-01,-2.537599999999999925e-02,4.339799999999999769e-01,2.025129999999999986e-01,6.141100000000000031e-02,5.931790000000000118e-01
-2.335720000000000018e-01,-1.037010000000000015e-01,5.340890000000000359e-01,-2.094260000000000010e-01,1.000000000000000000e+00,1.367140000000000022e-01,2.804559999999999831e-01,1.702859999999999929e-01,8.527000000000000135e-01,-1.143740000000000034e-01,7.983489999999999753e-01,-1.305469999999999964e-01,7.590700000000000225e-02,4.114639999999999964e-01,2.550930000000000142e-01,-2.984930000000000083e-01,-1.139069999999999944e-01,-1.490410000000000068e-01,5.755839999999999845e-01,4.272560000000000247e-01,-3.551900000000000196e-02,2.296100000000000085e-01,7.755700000000000094e-02,-9.504999999999999560e-02,-1.702859999999999929e-01,-2.026969999999999883e-01,4.115570000000000062e-01,1.812330000000000052e-01,-1.033950000000000008e-01,1.662039999999999906e-01,-5.897000000000000158e-02,-2.901690000000000103e-01,-1.936599999999999988e-01,-3.065840000000000232e-01,-4.758379999999999832e-01,-3.101590000000000180e-01,-3.022639999999999771e-01,3.840999999999999796e-03,-2.443069999999999964e-01,-2.510749999999999926e-01,-2.033260000000000067e-01,-7.473699999999999788e-02,-6.433800000000000630e-02,-1.892300000000000093e-01,3.651599999999999985e-02,-1.374499999999999889e-01,-1.601559999999999928e-01,5.295879999999999477e-01,1.048850000000000060e-01,8.615599999999999925e-01,4.708299999999999985e-02,4.280999999999999805e-01,1.736320000000000086e-01,8.006830000000000336e-01,-2.093990000000000018e-01,7.391900000000000137e-01,-1.102579999999999949e-01,1.997200000000000086e-01,4.422809999999999797e-01,2.729099999999999859e-01,-3.528220000000000245e-01,-1.564039999999999875e-01,-1.382210000000000105e-01,5.584310000000000107e-01,4.367980000000000196e-01,-1.478100000000000074e-02,3.218429999999999902e-01,9.778799999999999992e-02,-3.656999999999999834e-02,-9.118099999999999816e-02,-1.100570000000000020e-01,4.801889999999999770e-01,2.761580000000000146e-01,6.444400000000000128e-02,-7.896999999999999506e-03,-2.581699999999999967e-02
3.969000000000000306e-03,7.950709999999999722e-01,5.079430000000000334e-01,-3.650619999999999976e-01,1.367140000000000022e-01,1.000000000000000000e+00,4.750200000000000256e-02,7.824470000000000036e-01,3.057650000000000090e-01,-2.071109999999999896e-01,3.753679999999999795e-01,2.588280000000000025e-01,2.277129999999999987e-01,2.679099999999999815e-01,-1.598410000000000108e-01,7.678500000000000603e-02,1.212840000000000029e-01,4.733289999999999997e-01,4.684180000000000010e-01,8.238499999999999990e-02,1.446679999999999910e-01,-1.158000000000000002e-02,6.310510000000000286e-01,1.291660000000000030e-01,3.817079999999999917e-01,6.619249999999999856e-01,3.854600000000000248e-01,1.167330000000000034e-01,6.843499999999999583e-02,3.067559999999999731e-01,-3.194170000000000065e-01,8.600999999999999271e-03,1.528339999999999976e-01,-1.445919999999999983e-01,-3.620970000000000022e-01,-1.081779999999999964e-01,-4.818569999999999798e-01,-4.414900000000000074e-02,-5.908000000000000057e-02,2.040430000000000021e-01,-1.773210000000000064e-01,-4.413469999999999893e-01,-2.006110000000000115e-01,-4.376269999999999882e-01,-1.556180000000000063e-01,-6.189499999999999863e-02,5.345140000000000446e-01,5.381329999999999725e-01,-8.065300000000000247e-02,2.662099999999999883e-02,7.026200000000000223e-01,-3.308200000000000029e-02,6.875130000000000408e-01,2.713659999999999961e-01,-2.653630000000000155e-01,2.899039999999999950e-01,2.813479999999999870e-01,3.584510000000000196e-01,3.764700000000000268e-01,-1.907159999999999966e-01,-1.783790000000000098e-01,2.350720000000000032e-01,-3.951199999999999851e-02,4.751130000000000075e-01,1.280239999999999989e-01,-8.671199999999999741e-02,-1.613989999999999869e-01,4.532999999999999807e-01,1.814199999999999979e-01,2.030399999999999983e-01,4.360519999999999952e-01,1.655010000000000092e-01,-1.617700000000000041e-02,-2.632929999999999993e-01,2.782450000000000201e-01,-4.244890000000000052e-01
-1.141039999999999971e-01,1.147480000000000028e-01,-2.417899999999999910e-02,1.386070000000000080e-01,2.804559999999999831e-01,4.750200000000000256e-02,1.000000000000000000e+00,1.038319999999999937e-01,1.808659999999999990e-01,3.470400000000000151e-01,1.693870000000000098e-01,3.330000000000000321e-02,4.763709999999999889e-01,8.883800000000000030e-02,1.884619999999999906e-01,1.606029999999999958e-01,5.720499999999999474e-01,2.532809999999999784e-01,-2.448300000000000129e-02,1.262790000000000024e-01,1.438679999999999959e-01,1.720659999999999967e-01,-1.114030000000000020e-01,4.399100000000000232e-02,1.668999999999999928e-01,-9.451099999999999779e-02,2.288739999999999941e-01,4.821590000000000042e-01,4.977409999999999890e-01,2.712060000000000026e-01,1.636390000000000067e-01,7.782100000000000128e-02,-1.479199999999999959e-02,-8.820300000000000362e-02,2.097600000000000159e-02,1.402000000000000034e-03,4.468099999999999850e-02,2.081989999999999952e-01,-3.674199999999999688e-02,-3.395219999999999905e-01,-8.047899999999999499e-02,3.382399999999999990e-02,2.873539999999999983e-01,1.333469999999999933e-01,9.811499999999999388e-02,-2.613920000000000132e-01,1.018489999999999951e-01,-4.108099999999999946e-02,1.792729999999999879e-01,1.895360000000000100e-01,-9.301900000000000446e-02,1.827469999999999928e-01,1.173160000000000036e-01,1.700210000000000055e-01,2.641510000000000247e-01,1.289079999999999948e-01,2.539599999999999844e-02,5.325200000000000072e-02,-4.362400000000000305e-02,6.187700000000000145e-02,-4.146999999999999645e-03,1.168779999999999958e-01,-1.529299999999999930e-02,6.401999999999999705e-03,1.256200000000000094e-01,3.448699999999999682e-02,1.832670000000000132e-01,-7.782899999999999541e-02,-7.295000000000000269e-03,2.424479999999999968e-01,-2.046189999999999953e-01,6.777099999999999791e-02,3.677130000000000121e-01,2.756739999999999746e-01,1.918229999999999935e-01,2.212530000000000052e-01
4.059200000000000308e-02,5.853399999999999714e-01,4.092459999999999987e-01,-2.211090000000000000e-01,1.702859999999999929e-01,7.824470000000000036e-01,1.038319999999999937e-01,1.000000000000000000e+00,2.624330000000000274e-01,-6.073000000000000273e-03,3.418829999999999925e-01,4.995109999999999828e-01,2.535540000000000016e-01,3.350639999999999730e-01,-1.057140000000000024e-01,-5.816899999999999848e-02,1.783869999999999900e-01,3.179669999999999996e-01,4.207190000000000096e-01,8.868299999999999794e-02,2.921690000000000120e-01,-3.260799999999999810e-02,7.546979999999999800e-01,3.666420000000000234e-01,1.208820000000000033e-01,5.616189999999999793e-01,1.194999999999999951e-01,1.500720000000000109e-01,-1.322329999999999894e-01,2.220179999999999931e-01,-3.108949999999999769e-01,-1.007799999999999946e-01,6.873600000000000543e-02,-2.744099999999999873e-01,-4.022830000000000017e-01,-7.449799999999999478e-02,-3.558330000000000104e-01,1.501190000000000024e-01,-2.268469999999999931e-01,9.380299999999999749e-02,-2.929939999999999767e-01,-3.485659999999999870e-01,1.205080000000000040e-01,-2.329499999999999904e-01,6.035499999999999893e-02,-4.151099999999999929e-02,2.689500000000000224e-01,5.107829999999999870e-01,1.287190000000000001e-01,3.511199999999999738e-02,5.464750000000000441e-01,-2.046500000000000055e-02,8.604509999999999659e-01,2.851569999999999938e-01,-8.316099999999999881e-02,3.263769999999999727e-01,4.221110000000000140e-01,2.323240000000000027e-01,3.520340000000000136e-01,-1.419199999999999906e-01,-2.634739999999999860e-01,1.290030000000000066e-01,-1.276239999999999875e-01,3.864290000000000225e-01,1.133819999999999967e-01,8.627700000000000646e-02,-1.144730000000000053e-01,4.899410000000000154e-01,3.651019999999999821e-01,-8.398700000000000609e-02,3.555809999999999804e-01,-5.400699999999999945e-02,-2.996700000000000058e-02,-4.455669999999999908e-01,1.717249999999999888e-01,-3.810450000000000226e-01
-2.138289999999999913e-01,3.183099999999999818e-02,7.256559999999999677e-01,-2.553270000000000262e-01,8.527000000000000135e-01,3.057650000000000090e-01,1.808659999999999990e-01,2.624330000000000274e-01,1.000000000000000000e+00,-1.763540000000000108e-01,8.578909999999999592e-01,-9.555099999999999705e-02,4.260499999999999704e-02,2.909689999999999777e-01,1.767070000000000030e-01,-2.541169999999999818e-01,-1.707329999999999959e-01,-3.499900000000000233e-02,7.526939999999999742e-01,3.652070000000000038e-01,-6.030000000000000204e-04,1.513790000000000135e-01,2.138819999999999888e-01,-1.221959999999999991e-01,-3.921000000000000006e-03,-3.713299999999999934e-02,5.339279999999999582e-01,1.180230000000000029e-01,-1.197710000000000025e-01,2.098150000000000015e-01,-1.905139999999999889e-01,-3.024350000000000094e-01,-1.603990000000000138e-01,-2.848069999999999768e-01,-4.635420000000000096e-01,-3.297860000000000236e-01,-3.848530000000000006e-01,-1.958000000000000105e-03,-2.155539999999999956e-01,-1.684410000000000074e-01,-1.912729999999999986e-01,-2.036900000000000099e-01,-2.045929999999999971e-01,-2.823240000000000194e-01,2.297700000000000090e-02,-8.072200000000000208e-02,-4.576299999999999812e-02,7.152110000000000412e-01,-5.205699999999999911e-02,7.563940000000000108e-01,2.249670000000000003e-01,4.390049999999999786e-01,2.417380000000000084e-01,9.152660000000000240e-01,-2.175850000000000006e-01,7.852770000000000028e-01,-3.915600000000000330e-02,2.675759999999999805e-01,4.458550000000000013e-01,2.146689999999999987e-01,-3.421560000000000157e-01,-5.574099999999999888e-02,-5.970700000000000313e-02,7.296289999999999720e-01,4.044559999999999822e-01,-4.069199999999999900e-02,2.053750000000000020e-01,2.352960000000000051e-01,-2.680799999999999850e-02,-1.699700000000000169e-02,5.216099999999999903e-02,5.845810000000000173e-01,2.009340000000000015e-01,8.661999999999999561e-03,5.218400000000000122e-02,-1.184449999999999947e-01
-7.090399999999999481e-02,-2.030049999999999910e-01,-2.417670000000000097e-01,6.839190000000000547e-01,-1.143740000000000034e-01,-2.071109999999999896e-01,3.470400000000000151e-01,-6.073000000000000273e-03,-1.763540000000000108e-01,1.000000000000000000e+00,-1.862969999999999904e-01,6.061710000000000154e-01,5.889069999999999583e-01,-1.366709999999999869e-01,3.368369999999999975e-01,-2.798700000000000146e-02,3.135890000000000066e-01,-6.314300000000000468e-02,-2.710960000000000036e-01,7.128700000000000314e-02,2.329479999999999884e-01,-1.812700000000000075e-02,8.245099999999999651e-02,6.237329999999999819e-01,-4.157500000000000084e-02,-1.631249999999999922e-01,-1.462070000000000036e-01,5.343609999999999749e-01,2.058850000000000124e-01,1.092010000000000064e-01,2.650060000000000193e-01,1.546990000000000032e-01,-1.128969999999999974e-01,6.170199999999999990e-02,2.066620000000000124e-01,3.694720000000000226e-01,4.871369999999999867e-01,8.657540000000000235e-01,-4.472600000000000187e-02,-3.297519999999999896e-01,2.129139999999999922e-01,3.572000000000000175e-01,4.535850000000000160e-01,7.551189999999999847e-01,7.961639999999999828e-01,-1.812330000000000052e-01,-1.177219999999999933e-01,-1.484300000000000064e-01,5.297610000000000374e-01,-1.307899999999999896e-01,-2.966900000000000093e-02,-5.575299999999999701e-02,8.205999999999999753e-03,-1.930739999999999956e-01,9.227539999999999631e-01,-1.391070000000000084e-01,6.735950000000000548e-01,6.380399999999999960e-02,-3.546659999999999813e-01,2.331159999999999899e-01,2.724460000000000215e-01,2.853640000000000065e-01,2.193559999999999954e-01,-2.960709999999999731e-01,8.340400000000000591e-02,2.559919999999999973e-01,2.039159999999999862e-01,6.074899999999999745e-02,5.488530000000000353e-01,-1.968409999999999882e-01,-2.741199999999999748e-01,-6.001000000000000084e-02,4.284640000000000115e-01,1.095840000000000009e-01,-3.657300000000000134e-02,4.866050000000000098e-01
-2.311030000000000029e-01,1.525569999999999982e-01,7.399310000000000054e-01,-3.043379999999999974e-01,7.983489999999999753e-01,3.753679999999999795e-01,1.693870000000000098e-01,3.418829999999999925e-01,8.578909999999999592e-01,-1.862969999999999904e-01,1.000000000000000000e+00,-1.442430000000000101e-01,9.181599999999999484e-02,3.631659999999999888e-01,1.000920000000000004e-01,-1.908370000000000066e-01,-1.753079999999999916e-01,5.198300000000000143e-02,8.477980000000000516e-01,2.574409999999999754e-01,-4.892999999999999780e-03,1.046289999999999998e-01,2.843310000000000004e-01,-2.034380000000000077e-01,6.285899999999999821e-02,-3.849999999999999950e-02,5.193440000000000278e-01,8.212700000000000555e-02,-1.092309999999999948e-01,1.270459999999999923e-01,-2.378170000000000006e-01,-3.073980000000000046e-01,-2.418420000000000014e-01,-2.967319999999999958e-01,-4.561379999999999879e-01,-2.847219999999999751e-01,-3.701579999999999870e-01,-3.675799999999999901e-02,-2.575740000000000252e-01,-2.058570000000000122e-01,-2.484949999999999937e-01,-2.924720000000000097e-01,-2.139659999999999895e-01,-2.994600000000000040e-01,1.023100000000000051e-02,-1.567900000000000127e-01,4.076899999999999968e-02,7.513279999999999959e-01,-1.052519999999999983e-01,6.676020000000000287e-01,2.465410000000000101e-01,3.717230000000000256e-01,2.850520000000000276e-01,8.010389999999999455e-01,-2.828829999999999956e-01,8.469759999999999511e-01,-8.901499999999999690e-02,2.341110000000000135e-01,3.514079999999999981e-01,1.062929999999999986e-01,-3.319440000000000168e-01,-1.169530000000000014e-01,-1.409680000000000100e-01,8.330809999999999604e-01,3.116349999999999953e-01,-8.503399999999999848e-02,1.376759999999999928e-01,2.324950000000000072e-01,-8.905100000000000515e-02,2.391799999999999829e-02,-1.192099999999999931e-02,4.955339999999999745e-01,1.678979999999999917e-01,-1.400099999999999956e-02,5.794599999999999751e-02,-1.886559999999999904e-01
8.273400000000000198e-02,6.467299999999999438e-02,1.561399999999999941e-02,2.864140000000000019e-01,-1.305469999999999964e-01,2.588280000000000025e-01,3.330000000000000321e-02,4.995109999999999828e-01,-9.555099999999999705e-02,6.061710000000000154e-01,-1.442430000000000101e-01,1.000000000000000000e+00,4.483679999999999888e-01,8.446900000000000241e-02,1.645050000000000123e-01,-1.657839999999999869e-01,2.086189999999999989e-01,4.331100000000000227e-02,-7.381200000000000261e-02,3.481100000000000166e-02,3.419189999999999729e-01,-1.254149999999999987e-01,6.091889999999999805e-01,9.111569999999999947e-01,-9.971599999999999908e-02,3.136439999999999784e-01,-2.117229999999999945e-01,3.383240000000000136e-01,-1.758270000000000111e-01,1.255479999999999929e-01,-1.098099999999999944e-02,1.758600000000000094e-02,4.017099999999999838e-02,-1.246410000000000018e-01,-1.138710000000000000e-01,3.119449999999999723e-01,1.773649999999999949e-01,6.867929999999999868e-01,-1.432150000000000090e-01,2.690499999999999836e-02,-4.120200000000000251e-02,-8.985999999999999197e-03,3.549209999999999865e-01,3.464969999999999994e-01,6.192060000000000342e-01,1.612999999999999851e-02,-9.330099999999999505e-02,1.287999999999999978e-01,3.764750000000000041e-01,-1.344569999999999932e-01,3.538439999999999919e-01,-5.522500000000000325e-02,4.739380000000000259e-01,-3.794800000000000256e-02,6.259339999999999904e-01,-8.299499999999999933e-02,9.307689999999999575e-01,1.919019999999999893e-01,-1.017900000000000055e-02,1.197140000000000010e-01,5.757700000000000318e-02,2.501050000000000217e-01,1.722279999999999922e-01,-9.062599999999999822e-02,3.325000000000000178e-02,2.771600000000000175e-01,-6.515600000000000558e-02,4.082379999999999898e-01,8.388849999999999918e-01,-3.997580000000000022e-01,1.710029999999999883e-01,-1.322039999999999882e-01,1.701749999999999929e-01,-3.470420000000000171e-01,1.830499999999999836e-02,6.916100000000000025e-02
-6.618100000000000371e-02,1.544899999999999884e-01,1.103930000000000050e-01,3.864489999999999870e-01,7.590700000000000225e-02,2.277129999999999987e-01,4.763709999999999889e-01,2.535540000000000016e-01,4.260499999999999704e-02,5.889069999999999583e-01,9.181599999999999484e-02,4.483679999999999888e-01,1.000000000000000000e+00,-3.723800000000000027e-02,3.899889999999999746e-01,2.518369999999999775e-01,4.954549999999999788e-01,4.323469999999999813e-01,7.121800000000000352e-02,2.004920000000000035e-01,2.991800000000000015e-01,1.926680000000000059e-01,2.474729999999999985e-01,4.037839999999999763e-01,1.388169999999999960e-01,1.395460000000000034e-01,1.863440000000000096e-01,7.185219999999999940e-01,4.530190000000000050e-01,3.201620000000000021e-01,2.071919999999999873e-01,1.898579999999999990e-01,-1.330959999999999921e-01,-2.425300000000000025e-02,3.004199999999999926e-02,1.875330000000000052e-01,1.717170000000000085e-01,4.949419999999999931e-01,1.670800000000000063e-02,-3.154489999999999794e-01,5.541599999999999998e-02,5.376600000000000129e-02,2.685139999999999749e-01,3.034109999999999863e-01,3.768540000000000223e-01,-2.072809999999999930e-01,4.361700000000000299e-02,1.826710000000000000e-01,2.825670000000000126e-01,4.222100000000000158e-02,1.926910000000000012e-01,9.081200000000000383e-02,2.232820000000000082e-01,7.117400000000000115e-02,5.156619999999999537e-01,7.523199999999999332e-02,5.038859999999999451e-01,3.970899999999999985e-01,-1.131080000000000002e-01,2.271330000000000016e-01,1.853809999999999902e-01,2.979829999999999979e-01,2.027100000000000013e-01,7.797999999999999376e-02,2.805579999999999741e-01,2.575080000000000147e-01,2.677229999999999888e-01,2.028429999999999955e-01,3.712420000000000164e-01,-2.522800000000000042e-02,-9.091200000000000669e-02,1.682680000000000009e-01,4.957599999999999785e-01,2.080529999999999879e-01,2.051360000000000128e-01,2.875590000000000090e-01
8.218200000000000505e-02,1.075279999999999986e-01,2.502480000000000260e-01,-8.367499999999999938e-02,4.114639999999999964e-01,2.679099999999999815e-01,8.883800000000000030e-02,3.350639999999999730e-01,2.909689999999999777e-01,-1.366709999999999869e-01,3.631659999999999888e-01,8.446900000000000241e-02,-3.723800000000000027e-02,1.000000000000000000e+00,1.531800000000000002e-02,-2.392469999999999875e-01,3.530900000000000011e-02,1.051999999999999984e-02,2.481579999999999897e-01,1.978000000000000157e-03,1.244220000000000048e-01,-5.449600000000000277e-02,1.827209999999999945e-01,9.665999999999999245e-03,2.344900000000000109e-02,1.274240000000000095e-01,1.385019999999999862e-01,-2.550699999999999842e-02,-1.261279999999999901e-01,1.184859999999999941e-01,-5.022299999999999681e-02,-1.093449999999999978e-01,-8.651999999999999968e-03,-1.923249999999999960e-01,-2.682970000000000077e-01,-1.292300000000000115e-01,-1.384029999999999982e-01,-9.545900000000000218e-02,-1.546549999999999869e-01,4.112600000000000283e-02,-1.550090000000000079e-01,-2.746609999999999885e-01,1.514379999999999893e-01,-1.113169999999999993e-01,-2.504699999999999982e-02,1.217180000000000067e-01,6.607799999999999785e-02,2.220320000000000071e-01,2.139070000000000138e-01,3.744549999999999823e-01,2.238590000000000024e-01,2.677200000000000135e-01,3.725160000000000138e-01,2.598860000000000059e-01,-1.548120000000000052e-01,3.379849999999999799e-01,6.189200000000000257e-02,9.160300000000000387e-02,4.004119999999999902e-01,3.524999999999999922e-03,-2.092370000000000063e-01,4.874999999999999993e-03,-2.459499999999999881e-02,2.219810000000000116e-01,-5.877000000000000279e-03,1.093530000000000058e-01,-1.119299999999999982e-02,1.278110000000000079e-01,6.385699999999999710e-02,1.761199999999999918e-02,2.433490000000000097e-01,1.104860000000000009e-01,2.723999999999999859e-03,-7.317300000000000193e-02,1.367089999999999972e-01,-1.996630000000000071e-01
2.589020000000000210e-01,-2.750130000000000075e-01,1.120440000000000047e-01,3.860729999999999995e-01,2.550930000000000142e-01,-1.598410000000000108e-01,1.884619999999999906e-01,-1.057140000000000024e-01,1.767070000000000030e-01,3.368369999999999975e-01,1.000920000000000004e-01,1.645050000000000123e-01,3.899889999999999746e-01,1.531800000000000002e-02,1.000000000000000000e+00,3.411499999999999949e-02,5.028200000000000031e-02,-4.213700000000000084e-02,4.460800000000000182e-02,6.173680000000000279e-01,4.045730000000000159e-01,6.925289999999999502e-01,6.864599999999999869e-02,2.814710000000000267e-01,4.429299999999999904e-02,-7.796000000000000152e-02,3.206010000000000248e-01,7.281490000000000462e-01,3.086510000000000087e-01,6.548929999999999474e-01,6.918140000000000400e-01,4.182440000000000047e-01,4.484000000000000138e-03,3.213130000000000153e-01,-3.715500000000000053e-02,4.360000000000000160e-03,2.430090000000000028e-01,2.880070000000000130e-01,3.716579999999999884e-01,-9.836799999999999711e-02,4.269240000000000257e-01,3.438590000000000257e-01,8.280099999999999960e-02,3.028330000000000188e-01,2.372329999999999994e-01,3.296919999999999851e-01,-1.054469999999999991e-01,2.009700000000000097e-01,1.198160000000000058e-01,2.954229999999999912e-01,1.203700000000000048e-01,3.561190000000000189e-01,5.610899999999999915e-02,2.492389999999999883e-01,3.655769999999999853e-01,2.066560000000000064e-01,2.466679999999999984e-01,5.382949999999999680e-01,1.945919999999999872e-01,8.761489999999999556e-01,3.905290000000000150e-01,3.502230000000000065e-01,4.070960000000000134e-01,1.069950000000000068e-01,6.956909999999999483e-01,4.759430000000000049e-01,8.125120000000000120e-01,2.513949999999999796e-01,3.196499999999999897e-01,-9.368799999999999351e-02,9.974800000000000333e-02,4.961329999999999907e-01,8.075599999999999445e-01,5.490329999999999933e-01,5.001659999999999995e-01,6.784550000000000303e-01
3.630579999999999918e-01,4.301820000000000088e-01,-2.481600000000000125e-02,2.863999999999999879e-02,-2.984930000000000083e-01,7.678500000000000603e-02,1.606029999999999958e-01,-5.816899999999999848e-02,-2.541169999999999818e-01,-2.798700000000000146e-02,-1.908370000000000066e-01,-1.657839999999999869e-01,2.518369999999999775e-01,-2.392469999999999875e-01,3.411499999999999949e-02,1.000000000000000000e+00,4.265669999999999740e-01,7.348829999999999529e-01,-3.185600000000000237e-02,-6.784199999999999953e-02,-2.539000000000000024e-03,4.435140000000000193e-01,-8.853400000000000158e-02,-2.194450000000000012e-01,5.138819999999999499e-01,4.036660000000000248e-01,1.190380000000000049e-01,2.332720000000000071e-01,4.694499999999999784e-01,2.089280000000000026e-01,2.951489999999999947e-01,4.601930000000000187e-01,2.562670000000000226e-01,3.360119999999999774e-01,1.916670000000000040e-01,-3.055400000000000130e-02,-5.882400000000000129e-02,-1.660719999999999974e-01,3.930420000000000025e-01,2.207639999999999880e-01,2.722890000000000033e-01,1.849400000000000002e-02,-1.776369999999999894e-01,-9.447999999999999454e-02,-1.801240000000000063e-01,1.363900000000000112e-01,2.322799999999999865e-01,-5.686200000000000282e-02,-1.807630000000000070e-01,-3.554109999999999769e-01,-9.647799999999999432e-02,-2.199099999999999944e-01,-1.617619999999999891e-01,-2.322460000000000080e-01,-5.413099999999999856e-02,-2.117970000000000130e-01,-1.785970000000000057e-01,-9.709399999999999975e-02,-2.419050000000000089e-01,-3.643099999999999811e-02,5.175389999999999713e-01,1.991529999999999967e-01,2.568460000000000187e-01,-4.261600000000000110e-02,5.610799999999999815e-02,-1.245850000000000013e-01,1.902250000000000052e-01,-2.078260000000000107e-01,-2.928629999999999844e-01,2.482270000000000032e-01,8.296299999999999508e-02,-1.011159999999999975e-01,9.572700000000000653e-02,2.141820000000000113e-01,4.059710000000000263e-01,1.732889999999999986e-01
1.433280000000000109e-01,3.458519999999999928e-01,-5.874800000000000161e-02,1.073800000000000032e-01,-1.139069999999999944e-01,1.212840000000000029e-01,5.720499999999999474e-01,1.783869999999999900e-01,-1.707329999999999959e-01,3.135890000000000066e-01,-1.753079999999999916e-01,2.086189999999999989e-01,4.954549999999999788e-01,3.530900000000000011e-02,5.028200000000000031e-02,4.265669999999999740e-01,1.000000000000000000e+00,6.338730000000000198e-01,-1.526319999999999899e-01,-5.546000000000000235e-02,2.234329999999999927e-01,1.520050000000000012e-01,-2.580800000000000108e-02,1.274230000000000085e-01,3.280100000000000238e-01,3.038710000000000022e-01,-7.431999999999999718e-02,5.030759999999999676e-01,4.827549999999999897e-01,3.397169999999999912e-01,1.543339999999999990e-01,1.702130000000000032e-01,3.782519999999999771e-01,-3.399999999999999811e-03,-2.193300000000000111e-02,-1.187399999999999914e-02,1.359600000000000045e-02,9.884500000000000230e-02,1.085779999999999940e-01,4.869600000000000317e-02,-2.657999999999999946e-02,-1.591899999999999912e-02,2.002639999999999976e-01,9.207600000000000506e-02,-2.665899999999999867e-02,-3.428799999999999903e-02,2.661979999999999902e-01,-1.404070000000000040e-01,1.395329999999999904e-01,-2.030689999999999995e-01,-3.136300000000000199e-02,-1.740450000000000053e-01,5.847299999999999720e-02,-1.339809999999999890e-01,2.831540000000000168e-01,-1.598420000000000119e-01,1.447420000000000095e-01,7.401299999999999546e-02,-1.720639999999999947e-01,-1.452140000000000097e-01,3.395369999999999777e-01,4.047729999999999939e-01,3.015070000000000250e-01,-1.507340000000000069e-01,-1.927999999999999853e-02,9.313499999999999557e-02,1.260270000000000001e-01,-1.287490000000000023e-01,2.343399999999999997e-02,3.050840000000000218e-01,1.412299999999999944e-01,-2.359430000000000138e-01,2.432290000000000008e-01,1.486830000000000096e-01,3.539840000000000209e-01,1.693870000000000098e-01
1.693270000000000053e-01,6.698530000000000317e-01,2.533400000000000096e-01,-8.054500000000000548e-02,-1.490410000000000068e-01,4.733289999999999997e-01,2.532809999999999784e-01,3.179669999999999996e-01,-3.499900000000000233e-02,-6.314300000000000468e-02,5.198300000000000143e-02,4.331100000000000227e-02,4.323469999999999813e-01,1.051999999999999984e-02,-4.213700000000000084e-02,7.348829999999999529e-01,6.338730000000000198e-01,1.000000000000000000e+00,2.113700000000000023e-01,-6.950499999999999734e-02,4.401900000000000257e-02,2.391510000000000025e-01,1.440009999999999901e-01,-1.122800000000000048e-01,5.436940000000000106e-01,5.777200000000000113e-01,1.692780000000000118e-01,3.095749999999999891e-01,3.457069999999999865e-01,3.140720000000000178e-01,1.925400000000000028e-02,2.220310000000000061e-01,2.450330000000000008e-01,6.784600000000000353e-02,-6.302599999999999869e-02,-8.211599999999999455e-02,-1.808760000000000090e-01,-1.423389999999999933e-01,1.715849999999999875e-01,2.029700000000000115e-01,2.388300000000000145e-02,-1.755049999999999943e-01,-1.297879999999999867e-01,-2.008079999999999865e-01,-2.213029999999999997e-01,-8.531000000000000388e-03,3.812920000000000198e-01,2.035510000000000097e-01,-1.258859999999999979e-01,-1.830710000000000115e-01,2.134999999999999953e-01,-5.881399999999999822e-02,9.972399999999999320e-02,2.286399999999999891e-02,-5.606599999999999778e-02,2.486400000000000068e-02,3.900200000000000194e-02,1.492620000000000058e-01,7.734999999999999688e-03,-1.654460000000000097e-01,2.730969999999999787e-01,3.993619999999999948e-01,2.874030000000000196e-01,2.488599999999999979e-01,8.316800000000000581e-02,-1.448399999999999965e-01,3.826500000000000040e-02,-4.078400000000000081e-02,-1.645439999999999958e-01,2.653880000000000128e-01,2.457660000000000122e-01,-3.447999999999999676e-02,1.166090000000000043e-01,2.779999999999999832e-02,4.845789999999999820e-01,-7.702000000000000512e-02
-1.048349999999999976e-01,2.795799999999999952e-01,8.033740000000000325e-01,-2.927969999999999740e-01,5.755839999999999845e-01,4.684180000000000010e-01,-2.448300000000000129e-02,4.207190000000000096e-01,7.526939999999999742e-01,-2.710960000000000036e-01,8.477980000000000516e-01,-7.381200000000000261e-02,7.121800000000000352e-02,2.481579999999999897e-01,4.460800000000000182e-02,-3.185600000000000237e-02,-1.526319999999999899e-01,2.113700000000000023e-01,1.000000000000000000e+00,2.476899999999999935e-01,-2.805900000000000061e-02,1.536270000000000135e-01,3.538490000000000246e-01,-1.982160000000000033e-01,1.573950000000000071e-01,1.681660000000000099e-01,4.154789999999999872e-01,5.804000000000000131e-02,-1.084490000000000037e-01,2.126669999999999949e-01,-2.379560000000000008e-01,-1.713310000000000111e-01,-1.189319999999999961e-01,-1.479769999999999974e-01,-3.515209999999999724e-01,-2.745819999999999927e-01,-3.732869999999999799e-01,-1.054149999999999948e-01,-1.215890000000000026e-01,-3.353600000000000331e-02,-1.558650000000000035e-01,-2.824840000000000129e-01,-2.258799999999999975e-01,-3.300890000000000213e-01,-8.849799999999999334e-02,-1.094599999999999913e-02,8.858299999999999508e-02,8.189809999999999590e-01,-1.313660000000000105e-01,4.315479999999999872e-01,2.766319999999999890e-01,2.096459999999999990e-01,2.966449999999999920e-01,6.835599999999999454e-01,-3.266979999999999884e-01,7.414629999999999832e-01,-2.746499999999999983e-02,2.425760000000000138e-01,3.267070000000000252e-01,5.772299999999999653e-02,-1.965389999999999915e-01,-2.897999999999999968e-03,-4.164799999999999752e-02,9.111420000000000075e-01,3.036070000000000157e-01,-1.048359999999999986e-01,1.387720000000000065e-01,2.223370000000000068e-01,-8.270600000000000174e-02,-1.579999999999999916e-04,1.329130000000000034e-01,3.579319999999999724e-01,7.847500000000000309e-02,-9.989000000000000656e-02,1.587870000000000115e-01,-2.127000000000000002e-01
-1.672730000000000050e-01,-5.997700000000000253e-02,2.198990000000000111e-01,3.244400000000000062e-02,4.272560000000000247e-01,8.238499999999999990e-02,1.262790000000000024e-01,8.868299999999999794e-02,3.652070000000000038e-01,7.128700000000000314e-02,2.574409999999999754e-01,3.481100000000000166e-02,2.004920000000000035e-01,1.978000000000000157e-03,6.173680000000000279e-01,-6.784199999999999953e-02,-5.546000000000000235e-02,-6.950499999999999734e-02,2.476899999999999935e-01,1.000000000000000000e+00,-1.025700000000000049e-02,7.053819999999999535e-01,4.469999999999999668e-02,8.387899999999999523e-02,-1.788410000000000000e-01,-1.044800000000000034e-01,3.226660000000000084e-01,4.402260000000000062e-01,1.422509999999999886e-01,4.916980000000000239e-01,2.708659999999999957e-01,1.937810000000000088e-01,-9.391000000000000042e-03,3.619200000000000195e-02,-1.654190000000000105e-01,-2.499979999999999980e-01,-1.662869999999999904e-01,1.163160000000000027e-01,2.034970000000000112e-01,-1.263660000000000061e-01,2.204899999999999916e-02,2.432729999999999893e-01,-9.079999999999999530e-03,2.944000000000000002e-03,-2.779999999999999811e-04,-1.201450000000000018e-01,-2.070999999999999924e-03,3.162260000000000071e-01,1.311130000000000073e-01,4.076069999999999971e-01,1.519629999999999870e-01,2.328379999999999894e-01,1.712339999999999973e-01,3.931899999999999840e-01,7.855499999999999983e-02,3.981990000000000252e-01,5.510600000000000220e-02,3.753380000000000050e-01,2.806609999999999938e-01,5.147810000000000441e-01,-4.427899999999999892e-02,9.693300000000000527e-02,3.344899999999999957e-02,2.987870000000000248e-01,9.037479999999999958e-01,8.267999999999999308e-03,6.984559999999999658e-01,7.283499999999999697e-02,8.047700000000000686e-02,-1.040240000000000054e-01,-9.868399999999999395e-02,4.689450000000000007e-01,4.295979999999999799e-01,2.587940000000000240e-01,2.121389999999999942e-01,2.021409999999999874e-01
