1.000000000000000000e+00,4.456000000000000238e-02,1.065870000000000012e-01,-3.749299999999999855e-02,2.596089999999999787e-01,2.570529999999999760e-01,-3.846000000000000026e-03,-1.041190000000000032e-01,1.596349999999999991e-01,1.980679999999999941e-01,1.123259999999999953e-01,3.527529999999999832e-01,2.637829999999999897e-01,4.714200000000000335e-02,2.510189999999999921e-01,-1.835799999999999932e-02,3.553140000000000187e-01,6.964040000000000230e-01,8.770999999999999283e-03,4.843959999999999932e-01,2.916340000000000043e-01,4.068200000000000149e-01,-5.125000000000000215e-03,5.568790000000000129e-01,5.205210000000000115e-01,4.166929999999999801e-01,2.096580000000000110e-01,5.099019999999999664e-01,6.508850000000000469e-01,3.113449999999999829e-01,1.876089999999999980e-01,1.373659999999999881e-01,6.007959999999999967e-01,1.384350000000000025e-01,1.063799999999999989e-02,5.528700000000000281e-02,-3.036300000000000110e-02,6.201309999999999878e-01,-5.599999999999999509e-04,-3.348099999999999965e-01,1.152699999999999975e-01,-1.280850000000000044e-01,-2.748300000000000048e-02,1.603700000000000125e-01,5.061489999999999601e-01,1.165059999999999985e-01,5.691800000000000331e-02,-1.934480000000000088e-01,-7.642699999999999494e-02,5.355399999999999744e-02,6.572699999999999376e-02,-7.620899999999999896e-02,-1.741189999999999960e-01,-6.645999999999999998e-03,3.629069999999999796e-01,3.468500000000000055e-02,-5.598399999999999904e-02,-3.951699999999999657e-02,2.357879999999999976e-01,1.802799999999999958e-01,1.999170000000000114e-01,1.274740000000000040e-01,6.508019999999999916e-01,-2.012200000000000100e-02,1.226679999999999993e-01,4.337840000000000029e-01,1.650619999999999865e-01,-7.464700000000000502e-02,1.451550000000000062e-01,3.439659999999999940e-01,-1.387599999999999945e-02,1.490700000000000011e-02,1.309039999999999926e-01,7.091600000000000681e-02,2.984490000000000198e-01,3.360699999999999799e-01
4.456000000000000238e-02,1.000000000000000000e+00,1.776800000000000046e-01,3.006780000000000008e-01,1.708840000000000081e-01,3.820950000000000180e-01,3.905569999999999875e-01,2.986059999999999826e-01,7.473499999999999588e-02,1.167789999999999939e-01,1.434249999999999969e-01,3.877400000000000291e-02,4.415769999999999973e-01,-1.062909999999999966e-01,2.088029999999999886e-01,4.575719999999999787e-01,4.232580000000000231e-01,2.464850000000000096e-01,-9.487000000000000641e-03,2.157749999999999946e-01,3.413619999999999988e-01,5.085969999999999658e-01,3.967140000000000111e-01,1.657299999999999884e-01,4.938350000000000239e-01,4.269580000000000042e-01,2.551919999999999744e-01,3.328740000000000032e-01,3.924980000000000135e-01,3.177619999999999889e-01,2.392279999999999962e-01,6.139700000000000019e-02,-8.636000000000000620e-02,2.082650000000000057e-01,-1.544310000000000127e-01,4.067959999999999909e-01,8.568599999999999828e-02,1.660379999999999912e-01,-2.930400000000000019e-02,3.872199999999999948e-02,-6.611400000000000610e-02,-2.037249999999999894e-01,8.301699999999999358e-02,-5.609900000000000303e-02,6.850199999999999345e-02,2.148509999999999864e-01,4.967400000000000287e-02,1.623400000000000121e-01,3.828130000000000144e-01,1.410520000000000107e-01,3.070780000000000176e-01,2.828890000000000016e-01,1.724360000000000059e-01,1.675719999999999987e-01,-1.778000000000000067e-03,2.110619999999999996e-01,-1.500690000000000079e-01,9.199899999999999745e-02,1.750450000000000061e-01,1.973290000000000044e-01,-5.581400000000000250e-02,9.621399999999999397e-02,1.944999999999999854e-02,1.243729999999999974e-01,8.604900000000000049e-02,1.976890000000000036e-01,1.490480000000000138e-01,2.483150000000000079e-01,1.983389999999999875e-01,8.977699999999999569e-02,-2.108200000000000005e-02,1.754590000000000038e-01,2.296559999999999990e-01,-4.843200000000000283e-02,1.461699999999999944e-01,-2.165860000000000007e-01
1.065870000000000012e-01,1.776800000000000046e-01,1.000000000000000000e+00,-3.073719999999999786e-01,3.580869999999999886e-01,5.841199999999999726e-01,-1.093459999999999988e-01,1.511250000000000093e-01,6.794639999999999569e-01,1.209800000000000042e-01,7.234380000000000255e-01,4.799680000000000057e-01,5.324719999999999454e-01,9.990200000000000469e-02,4.898370000000000224e-01,-9.100300000000000056e-02,2.936860000000000026e-01,3.096519999999999828e-01,7.092570000000000263e-01,4.963589999999999947e-01,-8.143300000000000538e-02,5.623799999999999910e-01,3.533999999999999919e-01,2.378399999999999959e-01,1.692480000000000095e-01,3.221769999999999912e-01,6.233760000000000412e-01,2.148869999999999947e-01,5.218999999999999681e-03,3.286700000000000038e-02,-1.210930000000000062e-01,-1.510000000000000057e-03,-1.464989999999999903e-01,-4.866420000000000190e-01,-3.866950000000000109e-01,-3.432549999999999768e-01,-2.721669999999999923e-01,3.591380000000000128e-01,7.834000000000000685e-03,-2.795119999999999827e-01,-3.043330000000000202e-01,-1.814389999999999892e-01,-4.060190000000000188e-01,2.368419999999999970e-01,4.176860000000000017e-01,7.754800000000000582e-02,2.182900000000000118e-01,8.160840000000000316e-01,-3.116289999999999893e-01,3.021929999999999894e-01,3.576190000000000202e-01,5.012799999999999895e-02,8.230400000000000216e-02,5.939309999999999867e-01,1.713850000000000096e-01,6.723649999999999904e-01,3.170990000000000197e-01,4.126130000000000075e-01,1.918850000000000000e-01,4.598099999999999965e-01,-2.854169999999999763e-01,2.964539999999999953e-01,3.115749999999999909e-01,7.423980000000000024e-01,5.357399999999999940e-01,2.095380000000000020e-01,5.498049999999999882e-01,3.846709999999999852e-01,1.937909999999999910e-01,1.062450000000000061e-01,1.949490000000000112e-01,5.217730000000000423e-01,1.619100000000000053e-02,6.655200000000000005e-02,2.336299999999999835e-02,9.515300000000000147e-02
-3.749299999999999855e-02,3.006780000000000008e-01,-3.073719999999999786e-01,1.000000000000000000e+00,1.181890000000000024e-01,-2.136349999999999916e-01,5.834730000000000194e-01,4.330400000000000221e-02,-3.058859999999999912e-01,-3.963300000000000156e-02,-8.947599999999999998e-02,-2.337639999999999996e-01,-8.830899999999999861e-02,7.855800000000000283e-02,6.019999999999999657e-02,2.355990000000000029e-01,1.075220000000000065e-01,-3.941800000000000165e-02,-4.113649999999999807e-01,3.564699999999999813e-02,1.647869999999999890e-01,4.584499999999999686e-02,6.029799999999999743e-02,-1.545569999999999999e-01,1.624929999999999986e-01,-1.828680000000000028e-01,-2.368000000000000105e-01,3.048339999999999939e-01,1.893040000000000000e-01,2.904439999999999800e-01,4.007209999999999939e-01,2.110569999999999946e-01,3.501599999999999852e-02,7.158729999999999816e-01,3.700919999999999765e-01,7.024399999999999533e-01,7.282030000000000447e-01,-1.988429999999999920e-01,2.163640000000000008e-01,-1.292230000000000045e-01,2.222339999999999871e-01,1.152539999999999953e-01,4.372349999999999848e-01,1.974559999999999926e-01,-4.605810000000000182e-01,-9.998999999999999555e-02,-5.822420000000000373e-01,-3.987890000000000046e-01,7.243779999999999664e-01,7.674899999999999778e-02,-1.840590000000000004e-01,8.087999999999999357e-02,-1.217929999999999985e-01,-2.013429999999999942e-01,-2.833840000000000248e-01,-9.540999999999999134e-03,-6.158919999999999950e-01,-3.828920000000000101e-01,-2.259500000000000050e-02,3.342599999999999738e-02,-1.698159999999999947e-01,-3.488950000000000107e-01,-2.274370000000000003e-01,-2.632860000000000200e-01,-2.908410000000000162e-01,-6.086099999999999843e-02,-3.129430000000000267e-01,-1.820229999999999904e-01,-1.473289999999999877e-01,-3.760580000000000034e-01,-4.507920000000000260e-01,-2.795039999999999747e-01,2.845799999999999996e-01,-2.852219999999999756e-01,4.712700000000000222e-02,-3.836200000000000165e-01
2.596089999999999787e-01,1.708840000000000081e-01,3.580869999999999886e-01,1.181890000000000024e-01,1.000000000000000000e+00,3.115749999999999909e-01,4.471550000000000247e-01,-6.519899999999999307e-02,5.835970000000000324e-01,-4.456800000000000345e-02,6.322640000000000482e-01,1.555880000000000041e-01,3.684680000000000177e-01,4.985160000000000147e-01,4.887429999999999830e-01,-1.028550000000000020e-01,3.999199999999999977e-02,3.892840000000000189e-01,3.285560000000000147e-01,5.298530000000000184e-01,6.889599999999999891e-02,4.271380000000000177e-01,1.708610000000000129e-01,-7.736899999999999333e-02,1.717990000000000073e-01,3.203099999999999697e-02,6.192440000000000166e-01,2.314569999999999961e-01,3.694830000000000059e-01,7.205799999999999705e-02,-1.523349999999999982e-01,2.210519999999999985e-01,-2.930900000000000172e-02,-1.072229999999999989e-01,6.612800000000000622e-02,1.984100000000000100e-02,1.718339999999999868e-01,2.898789999999999978e-01,1.359539999999999915e-01,-5.565020000000000522e-01,-1.496149999999999980e-01,1.666580000000000006e-01,3.298800000000000343e-02,2.516760000000000108e-01,-2.005399999999999891e-02,-2.203029999999999988e-01,-1.198280000000000040e-01,7.049099999999999810e-02,9.831499999999999961e-02,6.618389999999999551e-01,-7.431599999999999318e-02,1.948650000000000104e-01,-1.483609999999999929e-01,6.176279999999999548e-01,-1.085000000000000027e-03,4.778830000000000022e-01,-2.014189999999999869e-01,-4.988000000000000073e-02,3.338639999999999941e-01,4.642410000000000148e-01,-1.570940000000000114e-01,-1.285600000000000076e-01,1.842419999999999891e-01,2.988199999999999745e-01,1.938030000000000030e-01,1.772670000000000079e-01,1.821560000000000124e-01,1.744829999999999992e-01,-2.755659999999999776e-01,-1.811139999999999972e-01,-2.484419999999999962e-01,3.719569999999999821e-01,1.183609999999999940e-01,-2.119620000000000115e-01,7.194200000000000594e-02,-2.095160000000000078e-01
2.570529999999999760e-01,3.820950000000000180e-01,5.841199999999999726e-01,-2.136349999999999916e-01,3.115749999999999909e-01,1.000000000000000000e+00,2.217699999999999880e-02,3.190830000000000055e-01,7.125860000000000527e-01,3.436150000000000038e-01,4.370569999999999733e-01,6.593080000000000052e-01,7.329160000000000119e-01,-1.259699999999999986e-01,1.101929999999999993e-01,6.424699999999999855e-02,4.858509999999999773e-01,5.557199999999999918e-01,4.650110000000000077e-01,3.627889999999999726e-01,1.569900000000000115e-02,4.561660000000000159e-01,3.987359999999999793e-01,5.689560000000000173e-01,6.356899999999999773e-01,7.341990000000000460e-01,5.992189999999999461e-01,3.256410000000000138e-01,3.363059999999999938e-01,-5.011499999999999982e-02,8.217999999999999611e-03,-1.306049999999999989e-01,1.372699999999999962e-02,-2.264029999999999931e-01,-4.233049999999999868e-01,-5.344600000000000045e-02,-3.113520000000000176e-01,5.364079999999999959e-01,-1.217209999999999959e-01,-2.170549999999999979e-01,-2.666499999999999981e-01,-5.234339999999999549e-01,-2.401230000000000031e-01,-6.401999999999999358e-02,5.260139999999999816e-01,1.033430000000000043e-01,2.187469999999999970e-01,4.301599999999999868e-01,-3.058449999999999780e-01,2.285939999999999916e-01,6.781949999999999923e-01,1.696719999999999895e-01,2.527900000000000147e-01,5.816569999999999796e-01,4.095139999999999891e-01,3.600039999999999907e-01,4.068789999999999907e-01,4.370399999999999840e-01,2.311050000000000049e-01,9.775999999999999968e-02,-2.563710000000000155e-01,3.685100000000000042e-01,4.981979999999999742e-01,4.116940000000000044e-01,3.270190000000000041e-01,8.327500000000000180e-02,2.841810000000000169e-01,2.821899999999999964e-01,3.875339999999999896e-01,5.111879999999999757e-01,3.201300000000000257e-01,4.059289999999999843e-01,-1.264849999999999863e-01,3.679700000000000332e-02,-8.730999999999999178e-03,9.452599999999999891e-02
-3.846000000000000026e-03,3.905569999999999875e-01,-1.093459999999999988e-01,5.834730000000000194e-01,4.471550000000000247e-01,2.217699999999999880e-02,1.000000000000000000e+00,3.199549999999999894e-01,-5.174999999999999739e-02,-1.884900000000000117e-02,1.533770000000000133e-01,-2.339300000000000060e-02,2.998819999999999819e-01,4.212420000000000053e-01,1.832509999999999972e-01,-1.114620000000000055e-01,6.667399999999999716e-02,5.629200000000000176e-02,-1.088289999999999952e-01,1.742300000000000099e-02,3.464209999999999789e-01,1.247799999999999951e-02,3.817200000000000037e-01,-8.472599999999999576e-02,7.091699999999999393e-02,3.250600000000000017e-02,-1.907899999999999874e-02,6.435499999999999554e-02,1.753429999999999989e-01,1.346110000000000084e-01,-1.012490000000000057e-01,3.667150000000000132e-01,1.561760000000000093e-01,3.365420000000000078e-01,1.539969999999999950e-01,3.319409999999999861e-01,4.652870000000000061e-01,-4.612600000000000033e-02,2.482699999999999838e-02,-1.811170000000000002e-01,3.544070000000000276e-01,3.330620000000000247e-01,3.672469999999999901e-01,3.910779999999999812e-01,-3.430050000000000043e-01,-3.413689999999999780e-01,-1.237049999999999955e-01,-1.647770000000000068e-01,4.389399999999999968e-01,3.316299999999999804e-01,-1.500680000000000069e-01,2.825170000000000181e-01,2.499250000000000083e-01,9.898200000000000054e-02,-1.049670000000000047e-01,2.245830000000000048e-01,-3.204469999999999819e-01,-1.803039999999999921e-01,3.261399999999999716e-02,2.238670000000000104e-01,-9.063999999999999835e-02,-3.982900000000000329e-02,-2.987529999999999908e-01,7.853000000000000605e-03,5.429999999999999714e-04,2.017309999999999937e-01,-1.149830000000000019e-01,2.027130000000000043e-01,-3.518089999999999828e-01,-2.957299999999999929e-01,-2.561390000000000056e-01,-5.570200000000000151e-02,2.340520000000000100e-01,-2.757419999999999871e-01,1.493379999999999985e-01,-1.552769999999999984e-01
-1.041190000000000032e-01,2.986059999999999826e-01,1.511250000000000093e-01,4.330400000000000221e-02,-6.519899999999999307e-02,3.190830000000000055e-01,3.199549999999999894e-01,1.000000000000000000e+00,2.236399999999999846e-02,8.016399999999999915e-02,3.037940000000000085e-01,2.049070000000000058e-01,3.897720000000000073e-01,1.794669999999999876e-01,6.303100000000000369e-02,-3.395480000000000165e-01,-9.058999999999999345e-03,-1.197379999999999972e-01,1.666090000000000071e-01,-3.083400000000000030e-02,6.370259999999999811e-01,-1.135599999999999977e-02,8.440870000000000317e-01,2.120609999999999995e-01,1.818089999999999984e-01,4.005150000000000099e-01,-5.359300000000000175e-02,-1.854159999999999975e-01,4.199599999999999861e-02,-7.778200000000000391e-02,-2.480140000000000122e-01,1.546569999999999889e-01,2.578300000000000036e-02,1.308999999999999921e-02,-8.237200000000000077e-02,9.871399999999999619e-02,-2.590399999999999994e-02,6.139900000000000219e-02,-4.871299999999999936e-02,6.499999999999999431e-05,2.706950000000000189e-01,3.043699999999999878e-02,2.251529999999999920e-01,6.562999999999999390e-02,-1.076550000000000007e-01,-1.708349999999999869e-01,7.603600000000000636e-02,2.290530000000000066e-01,1.126579999999999943e-01,1.918829999999999980e-01,2.277160000000000017e-01,9.808100000000000152e-02,8.962639999999999496e-01,9.658799999999999331e-02,1.523799999999999981e-02,3.915390000000000259e-01,2.309670000000000056e-01,1.791109999999999924e-01,1.080290000000000000e-01,9.528499999999999470e-02,-1.864449999999999996e-01,2.124209999999999987e-01,-2.085660000000000014e-01,2.923239999999999728e-01,1.668260000000000021e-01,3.972010000000000263e-01,1.548500000000000050e-02,5.049190000000000067e-01,8.051999999999999436e-02,4.605499999999999872e-02,1.385399999999999965e-01,-7.734000000000000596e-02,4.784000000000000058e-02,-9.023699999999999777e-02,1.226060000000000066e-01,8.054999999999999660e-03
1.596349999999999991e-01,7.473499999999999588e-02,6.794639999999999569e-01,-3.058859999999999912e-01,5.835970000000000324e-01,7.125860000000000527e-01,-5.174999999999999739e-02,2.236399999999999846e-02,1.000000000000000000e+00,3.721349999999999936e-01,6.741470000000000518e-01,6.052959999999999452e-01,4.855110000000000259e-01,-2.626300000000000162e-02,3.795729999999999937e-01,1.009299999999999954e-02,3.081420000000000270e-01,4.624530000000000030e-01,7.638369999999999882e-01,4.779189999999999827e-01,-2.503219999999999890e-01,5.206410000000000204e-01,1.528980000000000061e-01,2.811549999999999883e-01,2.214409999999999989e-01,3.435940000000000105e-01,7.834809999999999830e-01,2.659810000000000230e-01,1.940359999999999863e-01,-4.106499999999999734e-02,-8.667300000000000004e-02,3.974199999999999955e-02,-1.738510000000000055e-01,-4.066660000000000275e-01,-3.714230000000000032e-01,-2.439139999999999919e-01,-2.408990000000000020e-01,4.946439999999999726e-01,-3.817600000000000160e-02,-3.118139999999999801e-01,-3.144629999999999925e-01,-2.876679999999999793e-01,-2.287970000000000004e-01,1.541820000000000135e-01,4.087899999999999867e-01,9.918299999999999339e-02,2.113329999999999931e-01,5.434470000000000134e-01,-3.495630000000000126e-01,4.575839999999999907e-01,3.990230000000000166e-01,2.675859999999999905e-01,-2.715000000000000052e-02,8.492779999999999774e-01,3.827809999999999824e-01,4.990240000000000231e-01,4.138439999999999896e-01,3.613040000000000140e-01,1.788959999999999995e-01,3.458510000000000195e-01,-1.648900000000000088e-01,3.180499999999999994e-01,4.725210000000000243e-01,6.448340000000000183e-01,4.749280000000000168e-01,-6.376999999999999856e-03,4.523769999999999736e-01,2.918040000000000078e-01,2.308939999999999881e-01,2.303959999999999897e-01,2.001020000000000021e-01,6.572949999999999626e-01,-3.706999999999999879e-02,9.871099999999999319e-02,6.497500000000000497e-02,1.653100000000000125e-01
1.980679999999999941e-01,1.167789999999999939e-01,1.209800000000000042e-01,-3.963300000000000156e-02,-4.456800000000000345e-02,3.436150000000000038e-01,-1.884900000000000117e-02,8.016399999999999915e-02,3.721349999999999936e-01,1.000000000000000000e+00,4.852599999999999969e-02,5.860579999999999679e-01,1.721590000000000065e-01,-3.954540000000000277e-01,8.935800000000000687e-02,3.211959999999999815e-01,5.950539999999999718e-01,2.733229999999999826e-01,3.801129999999999787e-01,1.724699999999999844e-02,-1.290350000000000108e-01,1.699009999999999965e-01,7.587199999999999500e-02,4.643669999999999742e-01,1.944289999999999907e-01,4.397960000000000202e-01,1.666940000000000088e-01,2.590749999999999997e-01,9.966600000000000459e-02,9.958799999999999597e-02,3.947899999999999743e-01,-8.019500000000000239e-02,-4.890800000000000008e-02,1.308360000000000078e-01,-3.297910000000000008e-01,-2.469599999999999920e-02,-1.040380000000000055e-01,3.784259999999999846e-01,-2.138849999999999918e-01,2.077090000000000047e-01,2.002079999999999971e-01,-1.928839999999999999e-01,5.207400000000000223e-02,1.066629999999999939e-01,3.436989999999999768e-01,3.474499999999999811e-01,3.044890000000000096e-01,2.346229999999999982e-01,-2.141619999999999913e-01,2.738499999999999962e-02,4.731779999999999875e-01,2.086989999999999956e-01,1.183249999999999996e-01,2.423990000000000034e-01,6.275119999999999587e-01,-2.297899999999999943e-02,5.376570000000000515e-01,3.118009999999999948e-01,-2.458629999999999982e-01,7.614500000000000435e-02,2.030129999999999990e-01,4.790530000000000066e-01,3.622989999999999822e-01,3.357029999999999736e-01,2.745509999999999895e-01,5.547099999999999947e-02,2.128099999999999992e-01,2.794519999999999782e-01,5.587760000000000504e-01,4.286240000000000050e-01,4.921349999999999891e-01,3.302379999999999760e-01,1.600060000000000093e-01,3.370810000000000195e-01,3.248079999999999856e-01,4.287250000000000227e-01
1.123259999999999953e-01,1.434249999999999969e-01,7.234380000000000255e-01,-8.947599999999999998e-02,6.322640000000000482e-01,4.370569999999999733e-01,1.533770000000000133e-01,3.037940000000000085e-01,6.741470000000000518e-01,4.852599999999999969e-02,1.000000000000000000e+00,3.326459999999999972e-01,4.344390000000000196e-01,2.926929999999999810e-01,5.916090000000000515e-01,-1.939869999999999928e-01,1.293559999999999988e-01,2.757709999999999884e-01,6.566549999999999887e-01,5.176870000000000083e-01,1.154919999999999974e-01,4.739619999999999944e-01,4.444969999999999755e-01,5.749400000000000344e-02,1.153359999999999941e-01,1.524089999999999889e-01,5.898940000000000294e-01,1.830489999999999895e-01,1.753550000000000109e-01,5.504799999999999971e-02,-1.603249999999999953e-01,1.866420000000000023e-01,-1.851879999999999915e-01,-3.476409999999999778e-01,-1.639200000000000101e-01,-1.337289999999999868e-01,-8.060699999999999810e-02,3.650530000000000164e-01,7.864200000000000357e-02,-4.187259999999999871e-01,-1.827239999999999975e-01,9.376999999999999919e-03,-7.757899999999999519e-02,2.865249999999999742e-01,1.562550000000000050e-01,-7.865900000000000669e-02,1.095899999999999999e-02,5.689779999999999838e-01,-1.347500000000000087e-02,6.597640000000000171e-01,1.810589999999999977e-01,2.011409999999999865e-01,1.790970000000000062e-01,7.172889999999999544e-01,1.363429999999999920e-01,8.799730000000000052e-01,9.350799999999999390e-02,2.001070000000000071e-01,2.944950000000000068e-01,5.514999999999999902e-01,-2.569389999999999730e-01,1.503500000000000114e-01,1.512229999999999963e-01,7.403349999999999653e-01,4.377300000000000080e-01,2.931719999999999882e-01,3.790609999999999813e-01,3.997809999999999975e-01,-1.025599999999999949e-02,-1.263799999999999923e-01,-6.478499999999999537e-02,4.382130000000000192e-01,1.419610000000000039e-01,-5.644899999999999918e-02,1.133009999999999989e-01,-3.850699999999999956e-02
3.527529999999999832e-01,3.877400000000000291e-02,4.799680000000000057e-01,-2.337639999999999996e-01,1.555880000000000041e-01,6.593080000000000052e-01,-2.339300000000000060e-02,2.049070000000000058e-01,6.052959999999999452e-01,5.860579999999999679e-01,3.326459999999999972e-01,1.000000000000000000e+00,5.960419999999999607e-01,-1.922619999999999885e-01,1.949649999999999994e-01,-9.998200000000000143e-02,4.564679999999999849e-01,4.990060000000000051e-01,4.264669999999999850e-01,3.559229999999999894e-01,-1.666249999999999953e-01,4.045500000000000207e-01,2.314610000000000001e-01,6.119059999999999500e-01,3.054339999999999833e-01,5.542529999999999957e-01,4.123939999999999828e-01,3.917800000000000171e-01,1.453220000000000067e-01,6.920500000000000262e-02,-2.795500000000000068e-02,6.119100000000000233e-02,2.127590000000000037e-01,-1.421820000000000028e-01,-3.292930000000000024e-01,-1.673139999999999905e-01,-2.132570000000000021e-01,7.095460000000000100e-01,-7.800999999999999775e-03,-2.102449999999999875e-01,1.004369999999999985e-01,-2.669130000000000114e-01,-4.976200000000000068e-02,3.077400000000000135e-01,6.978199999999999958e-01,-8.432099999999999318e-02,3.179839999999999889e-01,3.524340000000000250e-01,-3.569030000000000258e-01,1.108179999999999998e-01,3.883719999999999950e-01,-1.045100000000000057e-01,2.118339999999999945e-01,3.603979999999999961e-01,6.954960000000000031e-01,2.054030000000000022e-01,5.820359999999999978e-01,3.806829999999999936e-01,2.696899999999999992e-02,2.039110000000000089e-01,-6.708100000000000174e-02,4.159059999999999979e-01,5.005549999999999722e-01,3.544640000000000013e-01,4.975160000000000138e-01,4.294300000000000200e-02,3.751860000000000195e-01,3.079069999999999863e-01,4.474779999999999869e-01,3.864179999999999837e-01,3.456969999999999765e-01,3.391049999999999898e-01,6.073400000000000326e-02,1.129929999999999962e-01,1.976310000000000011e-01,4.455379999999999896e-01
2.637829999999999897e-01,4.415769999999999973e-01,5.324719999999999454e-01,-8.830899999999999861e-02,3.684680000000000177e-01,7.329160000000000119e-01,2.998819999999999819e-01,3.897720000000000073e-01,4.855110000000000259e-01,1.721590000000000065e-01,4.344390000000000196e-01,5.960419999999999607e-01,1.000000000000000000e+00,6.754999999999999893e-02,2.845750000000000224e-01,-1.539059999999999873e-01,4.237540000000000195e-01,4.695309999999999762e-01,3.231390000000000096e-01,4.339930000000000176e-01,2.196519999999999861e-01,4.281630000000000158e-01,4.500250000000000083e-01,3.609959999999999836e-01,4.715190000000000214e-01,5.939689999999999692e-01,3.391350000000000198e-01,4.188569999999999793e-01,2.542880000000000140e-01,8.342499999999999916e-02,-2.038830000000000087e-01,8.031599999999999850e-02,9.489899999999999725e-02,-1.384440000000000115e-01,-9.149699999999999500e-02,-7.937199999999999811e-02,-9.896299999999999542e-02,5.289099999999999913e-01,-1.214100000000000075e-02,-3.876640000000000086e-01,1.369899999999999937e-02,-9.861200000000000521e-02,-7.878599999999999492e-02,1.741669999999999885e-01,4.533300000000000107e-01,-1.889059999999999906e-01,1.050650000000000056e-01,3.408089999999999731e-01,-9.817199999999999538e-02,2.598260000000000014e-01,2.794989999999999974e-01,-4.034100000000000186e-02,3.570329999999999893e-01,3.712349999999999817e-01,2.968390000000000195e-01,3.793190000000000173e-01,1.816869999999999874e-01,3.489990000000000037e-01,2.378969999999999974e-01,3.122659999999999880e-01,-3.078110000000000013e-01,2.026449999999999918e-01,2.655779999999999808e-01,3.303269999999999817e-01,3.366060000000000163e-01,2.242310000000000136e-01,2.492900000000000116e-01,2.551869999999999972e-01,1.750619999999999954e-01,1.747039999999999982e-01,1.536820000000000130e-01,1.177979999999999999e-01,1.103179999999999994e-01,-2.155259999999999954e-01,5.101900000000000185e-02,1.351499999999999924e-02
4.714200000000000335e-02,-1.062909999999999966e-01,9.990200000000000469e-02,7.855800000000000283e-02,4.985160000000000147e-01,-1.259699999999999986e-01,4.212420000000000053e-01,1.794669999999999876e-01,-2.626300000000000162e-02,-3.954540000000000277e-01,2.926929999999999810e-01,-1.922619999999999885e-01,6.754999999999999893e-02,1.000000000000000000e+00,1.236550000000000010e-01,-4.330919999999999770e-01,-4.030630000000000046e-01,-8.104200000000000292e-02,8.982700000000000407e-02,6.301299999999999957e-02,3.137929999999999886e-01,-1.319799999999999862e-01,2.546089999999999742e-01,-1.536740000000000050e-01,-1.171989999999999976e-01,-1.165970000000000062e-01,-1.734099999999999878e-02,-2.806379999999999986e-01,4.466999999999999617e-03,-6.093799999999999911e-02,-3.889349999999999752e-01,1.902300000000000102e-01,1.966690000000000105e-01,-1.050900000000000029e-01,1.884450000000000014e-01,-1.549709999999999976e-01,2.503440000000000110e-01,-9.690200000000000202e-02,7.217300000000000104e-02,-2.379209999999999936e-01,7.291200000000000458e-02,4.057189999999999963e-01,-3.980600000000000110e-02,2.682729999999999837e-01,-2.964280000000000248e-01,-3.840129999999999932e-01,-8.356099999999999639e-02,-5.431099999999999817e-02,9.654999999999999694e-02,2.938669999999999893e-01,-2.961469999999999936e-01,-3.317099999999999910e-02,1.639150000000000051e-01,7.234400000000000552e-02,-2.989100000000000090e-01,3.203889999999999794e-01,-2.245119999999999894e-01,-1.500190000000000135e-01,3.200080000000000147e-01,1.730170000000000041e-01,-1.104320000000000024e-01,-1.536609999999999920e-01,-1.668209999999999971e-01,1.037730000000000041e-01,-7.946200000000000485e-02,2.415930000000000022e-01,-1.062040000000000067e-01,1.249230000000000063e-01,-4.441410000000000080e-01,-2.172310000000000074e-01,-1.762440000000000118e-01,-1.286269999999999913e-01,-5.067300000000000276e-02,-2.938540000000000041e-01,-2.582399999999999973e-02,-1.791449999999999987e-01
2.510189999999999921e-01,2.088029999999999886e-01,4.898370000000000224e-01,6.019999999999999657e-02,4.887429999999999830e-01,1.101929999999999993e-01,1.832509999999999972e-01,6.303100000000000369e-02,3.795729999999999937e-01,8.935800000000000687e-02,5.916090000000000515e-01,1.949649999999999994e-01,2.845750000000000224e-01,1.236550000000000010e-01,1.000000000000000000e+00,-1.029219999999999996e-01,1.660439999999999972e-01,2.004660000000000053e-01,2.862310000000000132e-01,8.074139999999999651e-01,2.118539999999999868e-01,7.068780000000000063e-01,2.483180000000000109e-01,-1.473730000000000040e-01,-4.286399999999999932e-02,-1.257000000000000088e-03,5.450890000000000457e-01,4.138089999999999824e-01,2.376639999999999864e-01,4.343460000000000099e-01,6.849500000000000033e-02,4.200229999999999797e-01,-2.927120000000000277e-01,-1.280620000000000092e-01,-6.883000000000000229e-03,1.468999999999999993e-02,1.622649999999999926e-01,2.415970000000000062e-01,3.274529999999999941e-01,-3.980890000000000262e-01,-1.165799999999999996e-02,2.287679999999999991e-01,1.180500000000000022e-01,3.734120000000000217e-01,5.971400000000000319e-02,3.173600000000000032e-02,-1.001969999999999944e-01,4.000650000000000039e-01,1.606519999999999893e-01,4.705179999999999918e-01,-6.398299999999999821e-02,7.298699999999999632e-02,3.616999999999999989e-03,4.375990000000000157e-01,3.942299999999999971e-02,5.076169999999999849e-01,-8.003899999999999904e-02,6.045299999999999979e-02,1.046050000000000035e-01,9.571429999999999660e-01,-1.128200000000000036e-01,-6.811599999999999600e-02,2.435800000000000118e-02,4.201690000000000147e-01,6.594670000000000254e-01,5.146070000000000366e-01,6.055540000000000367e-01,3.841660000000000075e-01,-3.787900000000000295e-02,-3.998079999999999967e-01,-1.420240000000000113e-01,4.889859999999999762e-01,5.036230000000000429e-01,4.496499999999999803e-02,3.499260000000000148e-01,4.932600000000000179e-02
-1.835799999999999932e-02,4.575719999999999787e-01,-9.100300000000000056e-02,2.355990000000000029e-01,-1.028550000000000020e-01,6.424699999999999855e-02,-1.114620000000000055e-01,-3.395480000000000165e-01,1.009299999999999954e-02,3.211959999999999815e-01,-1.939869999999999928e-01,-9.998200000000000143e-02,-1.539059999999999873e-01,-4.330919999999999770e-01,-1.029219999999999996e-01,1.000000000000000000e+00,4.449949999999999739e-01,2.898569999999999758e-01,2.526700000000000126e-02,-1.186399999999999955e-02,-2.282019999999999882e-01,2.771509999999999807e-01,-3.552580000000000182e-01,1.320590000000000097e-01,2.730679999999999774e-01,7.493299999999999961e-02,9.451299999999999979e-02,3.787539999999999796e-01,2.869670000000000276e-01,3.183909999999999796e-01,6.727379999999999471e-01,-9.704799999999999538e-02,-1.946740000000000137e-01,2.836099999999999732e-01,-1.388780000000000014e-01,2.971349999999999825e-01,4.436099999999999766e-02,3.150000000000000022e-02,2.814399999999999888e-02,2.410629999999999995e-01,-3.057540000000000258e-01,-4.123379999999999823e-01,-1.372510000000000119e-01,-2.148740000000000094e-01,9.149300000000000488e-02,5.180639999999999690e-01,7.003999999999999809e-03,-4.399000000000000132e-03,1.253489999999999882e-01,-3.009310000000000040e-01,2.753349999999999964e-01,2.351540000000000019e-01,-3.709029999999999827e-01,4.067000000000000302e-03,9.440099999999999880e-02,-1.638600000000000056e-01,-1.040729999999999988e-01,-1.179799999999999946e-02,-1.113740000000000008e-01,-1.506079999999999919e-01,2.211049999999999960e-01,1.491310000000000136e-01,2.829249999999999821e-01,-2.273599999999999927e-02,-1.671930000000000083e-01,-2.180779999999999941e-01,4.367000000000000222e-03,-2.142769999999999953e-01,4.017600000000000060e-01,2.997119999999999784e-01,5.618599999999999983e-02,1.834709999999999952e-01,2.104699999999999974e-02,2.180169999999999886e-01,9.227599999999999691e-02,-9.526199999999999946e-02
3.553140000000000187e-01,4.232580000000000231e-01,2.936860000000000026e-01,1.075220000000000065e-01,3.999199999999999977e-02,4.858509999999999773e-01,6.667399999999999716e-02,-9.058999999999999345e-03,3.081420000000000270e-01,5.950539999999999718e-01,1.293559999999999988e-01,4.564679999999999849e-01,4.237540000000000195e-01,-4.030630000000000046e-01,1.660439999999999972e-01,4.449949999999999739e-01,1.000000000000000000e+00,4.869539999999999980e-01,2.112549999999999983e-01,2.646870000000000056e-01,-6.080599999999999894e-02,4.668499999999999872e-01,5.046500000000000291e-02,5.370909999999999851e-01,5.244520000000000293e-01,5.902629999999999821e-01,2.694349999999999801e-01,5.320669999999999566e-01,2.436020000000000130e-01,1.951890000000000014e-01,4.693910000000000027e-01,-1.780380000000000018e-01,5.277699999999999753e-02,1.195579999999999976e-01,-3.325190000000000090e-01,6.151700000000000224e-02,-1.372589999999999921e-01,3.333809999999999829e-01,-2.462419999999999887e-01,5.627399999999999763e-02,7.438000000000000167e-03,-3.778110000000000079e-01,-2.421119999999999939e-01,5.405100000000000182e-02,4.245530000000000137e-01,4.371410000000000018e-01,2.203160000000000118e-01,2.293580000000000063e-01,-5.663900000000000184e-02,3.228400000000000020e-02,5.302069999999999839e-01,2.498589999999999978e-01,-6.202699999999999880e-02,2.655120000000000258e-01,4.800800000000000067e-01,7.457500000000000240e-02,2.399350000000000094e-01,2.728869999999999907e-01,-1.279500000000000082e-02,1.529739999999999989e-01,3.911599999999999799e-02,3.960029999999999939e-01,4.403710000000000124e-01,2.600799999999999779e-01,2.922830000000000150e-01,1.333050000000000068e-01,3.344610000000000083e-01,8.931999999999999662e-02,5.512430000000000385e-01,4.217420000000000058e-01,3.809690000000000021e-01,3.237630000000000230e-01,1.476530000000000065e-01,1.999730000000000119e-01,1.275030000000000052e-01,2.512739999999999974e-01
6.964040000000000230e-01,2.464850000000000096e-01,3.096519999999999828e-01,-3.941800000000000165e-02,3.892840000000000189e-01,5.557199999999999918e-01,5.629200000000000176e-02,-1.197379999999999972e-01,4.624530000000000030e-01,2.733229999999999826e-01,2.757709999999999884e-01,4.990060000000000051e-01,4.695309999999999762e-01,-8.104200000000000292e-02,2.004660000000000053e-01,2.898569999999999758e-01,4.869539999999999980e-01,1.000000000000000000e+00,2.848820000000000241e-01,4.966479999999999784e-01,2.403800000000000034e-02,5.063860000000000028e-01,-3.583700000000000080e-02,6.111210000000000253e-01,6.666570000000000551e-01,4.966329999999999911e-01,4.124840000000000173e-01,5.770659999999999679e-01,6.288839999999999986e-01,1.648060000000000080e-01,9.196400000000000408e-02,2.026749999999999940e-01,4.182219999999999827e-01,-6.436799999999999466e-02,1.498400000000000079e-02,7.510000000000000399e-04,-1.856000000000000011e-02,6.847450000000000481e-01,8.803300000000000014e-02,-5.435050000000000159e-01,-2.475870000000000015e-01,-3.337109999999999799e-01,-1.830690000000000095e-01,9.863500000000000045e-02,5.580049999999999732e-01,-8.605300000000000449e-02,1.225000000000000047e-02,2.864999999999999925e-03,-1.405029999999999890e-01,-5.314000000000000147e-03,1.464949999999999863e-01,-8.144099999999999950e-02,-1.734549999999999981e-01,2.138410000000000033e-01,4.644730000000000247e-01,2.417259999999999964e-01,-3.053000000000000158e-02,-1.024820000000000036e-01,1.144830000000000014e-01,1.403649999999999898e-01,-6.208199999999999830e-02,1.841039999999999899e-01,7.733449999999999491e-01,1.849230000000000040e-01,6.561699999999999477e-02,1.420349999999999946e-01,1.119840000000000002e-01,-9.371599999999999375e-02,2.568349999999999800e-01,4.184359999999999746e-01,-4.641800000000000093e-02,1.635580000000000089e-01,-1.264540000000000108e-01,-1.518069999999999975e-01,2.292900000000000146e-02,9.086800000000000432e-02
8.770999999999999283e-03,-9.487000000000000641e-03,7.092570000000000263e-01,-4.113649999999999807e-01,3.285560000000000147e-01,4.650110000000000077e-01,-1.088289999999999952e-01,1.666090000000000071e-01,7.638369999999999882e-01,3.801129999999999787e-01,6.566549999999999887e-01,4.264669999999999850e-01,3.231390000000000096e-01,8.982700000000000407e-02,2.862310000000000132e-01,2.526700000000000126e-02,2.112549999999999983e-01,2.848820000000000241e-01,1.000000000000000000e+00,1.994960000000000067e-01,-1.096840000000000037e-01,2.785880000000000023e-01,2.341630000000000100e-01,2.527849999999999819e-01,-3.204200000000000104e-02,2.465469999999999884e-01,4.974870000000000125e-01,6.279999999999999472e-02,1.110300000000000002e-02,5.713000000000000196e-03,-1.444660000000000111e-01,1.210210000000000036e-01,-1.432140000000000080e-01,-4.857020000000000226e-01,-3.544249999999999901e-01,-4.759140000000000037e-01,-2.606620000000000048e-01,3.141030000000000211e-01,-1.206210000000000060e-01,-9.502499999999999836e-02,-1.915209999999999968e-01,-8.193899999999999795e-02,-3.475190000000000223e-01,2.741939999999999933e-01,2.804909999999999903e-01,1.200589999999999991e-01,4.218770000000000020e-01,7.293389999999999596e-01,-4.387860000000000094e-01,2.619230000000000169e-01,3.391719999999999735e-01,2.704230000000000245e-01,1.948999999999999899e-01,6.343689999999999607e-01,2.983439999999999981e-01,6.278810000000000224e-01,5.107580000000000453e-01,3.855459999999999998e-01,5.254999999999999949e-02,2.890730000000000244e-01,-2.773999999999999990e-03,5.486579999999999790e-01,3.794609999999999927e-01,8.882569999999999633e-01,4.164780000000000149e-01,1.723550000000000082e-01,4.395410000000000150e-01,4.378099999999999770e-01,2.195340000000000069e-01,2.761989999999999723e-01,3.533680000000000154e-01,5.523019999999999596e-01,-7.411800000000000332e-02,1.985740000000000005e-01,1.912470000000000003e-01,2.956659999999999844e-01
4.843959999999999932e-01,2.157749999999999946e-01,4.963589999999999947e-01,3.564699999999999813e-02,5.298530000000000184e-01,3.627889999999999726e-01,1.742300000000000099e-02,-3.083400000000000030e-02,4.779189999999999827e-01,1.724699999999999844e-02,5.176870000000000083e-01,3.559229999999999894e-01,4.339930000000000176e-01,6.301299999999999957e-02,8.074139999999999651e-01,-1.186399999999999955e-02,2.646870000000000056e-01,4.966479999999999784e-01,1.994960000000000067e-01,1.000000000000000000e+00,1.435359999999999969e-01,8.578759999999999719e-01,1.147539999999999949e-01,8.741000000000000159e-02,3.216390000000000082e-01,1.756850000000000078e-01,6.590279999999999472e-01,6.060900000000000176e-01,5.264670000000000183e-01,4.468119999999999870e-01,1.156480000000000008e-01,2.891900000000000026e-01,-8.292800000000000171e-02,-7.323200000000000542e-02,2.064799999999999969e-02,7.284499999999999309e-02,7.422499999999999931e-02,4.656600000000000183e-01,3.602969999999999784e-01,-5.846249999999999503e-01,-1.724340000000000039e-01,-6.636899999999999744e-02,-2.649599999999999872e-02,2.153950000000000031e-01,2.924010000000000220e-01,-2.217200000000000074e-02,-2.040230000000000099e-01,2.169939999999999924e-01,9.564000000000000279e-02,3.467540000000000067e-01,5.296000000000000360e-03,-8.553399999999999892e-02,-1.391650000000000109e-01,4.105240000000000000e-01,1.293539999999999968e-01,3.825299999999999812e-01,-1.063609999999999972e-01,3.095099999999999935e-02,2.930539999999999812e-01,7.566089999999999760e-01,-1.996400000000000119e-01,-1.404870000000000008e-01,3.409320000000000128e-01,2.282129999999999992e-01,5.526029999999999553e-01,3.674930000000000141e-01,5.205790000000000139e-01,1.158919999999999950e-01,1.100489999999999940e-01,-1.511240000000000083e-01,-2.197250000000000036e-01,4.244009999999999727e-01,3.284030000000000005e-01,-2.587100000000000163e-02,2.092209999999999903e-01,-3.048000000000000015e-02
