1.000000000000000000e+00,7.507199999999999984e-02,4.410760000000000236e-01,-7.183699999999999808e-02,9.622899999999999510e-02,-1.885060000000000069e-01,-1.075190000000000035e-01,1.304160000000000041e-01,1.649780000000000135e-01,1.639180000000000081e-01,4.301860000000000128e-01,2.239750000000000074e-01,-1.789689999999999892e-01,-6.974299999999999944e-02,9.067899999999999572e-02,4.714289999999999869e-01,4.458489999999999953e-01,2.801509999999999834e-01,2.562829999999999830e-01,1.085460000000000036e-01,6.328500000000000236e-01,2.716910000000000158e-01,-1.046170000000000017e-01,4.176579999999999737e-01,4.041870000000000185e-01,5.395219999999999461e-01,1.499719999999999942e-01,3.054629999999999845e-01,1.350929999999999909e-01,3.451540000000000163e-01,4.166469999999999896e-01,2.417009999999999992e-01,1.603400000000000103e-01,3.431520000000000126e-01,1.491800000000000070e-01,1.382899999999999928e-02,-6.191200000000000175e-02,-6.464200000000000501e-02,2.839949999999999974e-01,6.020739999999999981e-01,4.560469999999999802e-01,2.587160000000000015e-01,3.129719999999999724e-01,5.273699999999999916e-02,1.314170000000000060e-01,8.456799999999999873e-01,-2.216399999999999967e-02,4.211610000000000076e-01,-1.672079999999999955e-01,1.283739999999999881e-01,-1.056700000000000000e-02,1.735430000000000028e-01,9.143999999999999351e-02,4.569050000000000056e-01,1.711479999999999946e-01,4.029380000000000184e-01,1.733599999999999863e-01,1.018570000000000031e-01,1.234959999999999947e-01,2.540740000000000220e-01,4.675699999999999856e-01,1.377710000000000046e-01,3.788329999999999753e-01,1.506959999999999966e-01,3.488120000000000109e-01,5.840429999999999788e-01,4.301869999999999861e-01,-1.623489999999999933e-01,3.350319999999999965e-01,1.247499999999999998e-01,4.078999999999999848e-01,6.631999999999999874e-03,2.261410000000000087e-01,1.687359999999999971e-01,2.101699999999999957e-01,2.607990000000000030e-01
7.507199999999999984e-02,1.000000000000000000e+00,1.552840000000000054e-01,-1.635129999999999917e-01,1.723000000000000087e-01,5.689189999999999525e-01,5.023899999999999894e-02,2.502770000000000272e-01,9.326099999999999668e-02,-3.642399999999999805e-02,5.499099999999999822e-02,-8.411000000000000421e-02,4.808020000000000072e-01,2.939500000000000099e-02,-1.627599999999999880e-02,4.593079999999999941e-01,1.690830000000000111e-01,5.660279999999999756e-01,-2.792999999999999910e-03,-2.861100000000000101e-02,1.477390000000000092e-01,2.613759999999999972e-01,1.570229999999999959e-01,-8.180400000000000171e-02,5.934779999999999500e-01,4.283319999999999905e-01,7.398499999999999521e-02,4.563260000000000094e-01,2.993600000000000150e-01,2.433500000000000107e-01,6.955200000000000271e-02,2.210469999999999935e-01,5.746199999999999919e-02,4.112299999999999983e-02,-1.936859999999999971e-01,2.999699999999999936e-02,-6.663299999999999779e-02,2.957699999999999774e-01,1.109499999999999931e-01,4.898700000000000276e-02,-3.933799999999999797e-02,-2.372269999999999934e-01,2.479400000000000007e-02,2.593499999999999972e-02,-1.098829999999999946e-01,-5.202099999999999780e-02,4.023030000000000217e-01,1.164179999999999937e-01,5.276399999999999840e-02,3.051380000000000203e-01,2.215739999999999932e-01,1.566240000000000132e-01,2.176919999999999966e-01,1.102149999999999935e-01,2.109099999999999864e-02,1.462229999999999919e-01,-1.321110000000000062e-01,3.784930000000000239e-01,1.849729999999999985e-01,-3.284800000000000220e-02,2.745230000000000170e-01,2.540560000000000040e-01,3.827340000000000186e-01,2.101899999999999949e-02,-2.868100000000000163e-02,1.544399999999999940e-01,1.634490000000000109e-01,-2.321999999999999845e-03,-2.335230000000000083e-01,2.726129999999999942e-01,2.263390000000000124e-01,1.635999999999999954e-02,2.741250000000000075e-01,9.177200000000000635e-02,2.660859999999999892e-01,-1.153850000000000015e-01
4.410760000000000236e-01,1.552840000000000054e-01,1.000000000000000000e+00,-2.250500000000000070e-02,4.269049999999999789e-01,8.357599999999999751e-02,-1.640020000000000089e-01,3.048069999999999946e-01,3.409650000000000181e-01,-7.596799999999999387e-02,7.918009999999999771e-01,1.849949999999999928e-01,-4.154599999999999960e-02,6.618899999999999784e-02,1.062970000000000026e-01,2.672999999999999821e-01,1.844699999999999951e-01,1.953070000000000084e-01,4.882210000000000161e-01,1.134399999999999992e-02,3.576320000000000054e-01,8.386499999999999511e-02,2.040679999999999994e-01,2.477179999999999938e-01,2.175680000000000114e-01,3.922309999999999963e-01,3.148299999999999710e-02,2.581609999999999738e-01,2.165999999999999957e-03,2.814019999999999855e-01,1.607000000000000095e-02,2.845670000000000144e-01,-1.218299999999999939e-02,1.917699999999999960e-01,-7.792000000000000315e-02,1.305910000000000126e-01,-2.565450000000000230e-01,1.024469999999999964e-01,3.856089999999999796e-01,3.257369999999999988e-01,2.455739999999999867e-01,-2.570800000000000168e-02,2.101290000000000102e-01,-1.565010000000000012e-01,6.916700000000000625e-02,4.386780000000000124e-01,7.961200000000000221e-02,8.795230000000000548e-01,1.438369999999999926e-01,2.897629999999999928e-01,2.154099999999999904e-01,1.871700000000000100e-02,4.043129999999999780e-01,5.276410000000000267e-01,9.675899999999999779e-02,7.788730000000000375e-01,1.390109999999999957e-01,2.268219999999999958e-01,1.384559999999999957e-01,1.938779999999999948e-01,1.943390000000000117e-01,7.000699999999999978e-02,2.015679999999999972e-01,5.051639999999999464e-01,1.772130000000000094e-01,4.217049999999999965e-01,2.134550000000000058e-01,1.779260000000000008e-01,3.053779999999999828e-01,-2.888100000000000042e-02,3.092400000000000149e-01,-1.674859999999999960e-01,2.731680000000000219e-01,3.282199999999999701e-02,2.602760000000000074e-01,9.924999999999999795e-03
-7.183699999999999808e-02,-1.635129999999999917e-01,-2.250500000000000070e-02,1.000000000000000000e+00,1.202809999999999990e-01,-1.133500000000000063e-01,3.122019999999999795e-01,4.158300000000000191e-02,-1.248240000000000044e-01,5.666539999999999910e-01,1.184759999999999980e-01,4.677430000000000199e-01,-6.098599999999999854e-02,1.278070000000000039e-01,-1.021849999999999981e-01,-2.388190000000000035e-01,3.391159999999999730e-01,-9.485200000000000575e-02,-1.186139999999999972e-01,-1.836270000000000124e-01,8.526699999999999557e-02,-1.475339999999999985e-01,2.993620000000000170e-01,2.616200000000000192e-01,-5.581599999999999756e-02,-1.842340000000000089e-01,7.962400000000000033e-02,1.550200000000000015e-02,-7.603899999999999548e-02,-1.596819999999999906e-01,3.397399999999999726e-02,2.699000000000000010e-02,2.600560000000000094e-01,3.913079999999999892e-01,3.601559999999999762e-01,-9.407799999999999496e-02,3.046599999999999864e-01,-2.107179999999999886e-01,1.659239999999999882e-01,4.424800000000000261e-02,1.391709999999999892e-01,2.669179999999999886e-01,2.988799999999999790e-01,2.880170000000000230e-01,5.514480000000000492e-01,-2.723799999999999832e-02,4.381000000000000172e-02,1.172229999999999939e-01,2.777540000000000009e-01,-4.373599999999999710e-02,2.059640000000000082e-01,2.406369999999999898e-01,1.824890000000000123e-01,6.175900000000000140e-02,4.446300000000000252e-01,5.585799999999999793e-02,4.631790000000000074e-01,1.283489999999999909e-01,2.252499999999999988e-02,-9.273499999999999799e-02,-5.919200000000000156e-02,-6.520199999999999607e-02,-3.768599999999999728e-02,-1.103959999999999941e-01,-7.602699999999999736e-02,1.045579999999999982e-01,6.346200000000000452e-02,3.270870000000000166e-01,3.821260000000000212e-01,9.284999999999999851e-03,-1.064099999999999942e-02,3.285549999999999859e-01,2.012869999999999937e-01,1.399040000000000006e-01,-1.661700000000000121e-01,-5.999299999999999772e-02
9.622899999999999510e-02,1.723000000000000087e-01,4.269049999999999789e-01,1.202809999999999990e-01,1.000000000000000000e+00,3.919839999999999991e-01,2.715299999999999936e-01,2.923379999999999868e-01,5.976029999999999953e-01,3.823579999999999757e-01,4.644320000000000115e-01,2.448690000000000033e-01,3.351770000000000027e-01,2.509640000000000204e-01,1.857540000000000024e-01,4.567500000000000032e-02,2.172820000000000029e-01,6.256699999999999762e-02,2.298969999999999902e-01,1.368880000000000097e-01,5.840999999999999664e-02,3.989000000000000358e-03,2.867629999999999901e-01,3.713440000000000074e-01,7.506000000000000172e-02,1.548249999999999904e-01,7.354700000000000126e-02,3.763299999999999979e-02,1.124420000000000003e-01,1.948930000000000107e-01,-1.582300000000000026e-02,-1.526319999999999899e-01,5.458669999999999911e-01,3.181530000000000191e-01,1.202320000000000055e-01,-9.932799999999999963e-02,3.685669999999999780e-01,-1.202359999999999957e-01,-5.825999999999999582e-03,8.938400000000000512e-02,-1.677470000000000072e-01,-1.491560000000000108e-01,-4.408100000000000213e-02,-3.019000000000000017e-01,2.868069999999999786e-01,2.984300000000000147e-02,9.834700000000000386e-02,3.413530000000000175e-01,-1.355250000000000066e-01,3.963169999999999749e-01,1.304389999999999994e-01,7.760699999999999543e-02,3.590200000000000058e-01,2.820239999999999969e-01,8.056399999999999673e-02,3.331859999999999822e-01,3.067549999999999999e-01,6.059200000000000003e-02,1.810239999999999905e-01,-1.203970000000000040e-01,2.138500000000000123e-02,6.998500000000000554e-02,6.185999999999999659e-03,1.877840000000000065e-01,2.265999999999999959e-02,1.178730000000000055e-01,-2.876199999999999937e-02,2.834189999999999765e-01,2.188710000000000100e-01,-7.781799999999999828e-02,3.215400000000000202e-02,-3.537900000000000073e-02,1.028079999999999966e-01,1.619900000000000159e-02,2.144810000000000050e-01,7.955999999999999531e-03
-1.885060000000000069e-01,5.689189999999999525e-01,8.357599999999999751e-02,-1.133500000000000063e-01,3.919839999999999991e-01,1.000000000000000000e+00,4.074699999999999850e-02,4.816449999999999898e-01,2.498519999999999908e-01,-1.739670000000000105e-01,-3.045000000000000137e-02,-6.816600000000000437e-02,7.063800000000000079e-01,2.955780000000000074e-01,1.220070000000000043e-01,9.945500000000000174e-02,-1.223400000000000043e-01,2.399840000000000029e-01,-4.966500000000000081e-02,1.141309999999999963e-01,-3.620700000000000307e-02,-4.750599999999999962e-02,5.764019999999999699e-01,6.123900000000000177e-02,9.039099999999999913e-02,2.674449999999999883e-01,1.530579999999999996e-01,1.316809999999999925e-01,2.423710000000000031e-01,-4.705299999999999760e-02,-2.984979999999999856e-01,8.113700000000000079e-02,8.601999999999999924e-02,-2.185060000000000058e-01,-4.427849999999999842e-01,4.311299999999999855e-02,8.848499999999999421e-02,7.292500000000000371e-02,-1.662270000000000136e-01,-3.671719999999999984e-01,-2.756190000000000029e-01,-4.152290000000000147e-01,-2.139159999999999950e-01,-1.219739999999999991e-01,-2.161690000000000000e-01,-3.486600000000000255e-01,1.986249999999999960e-01,1.132099999999999947e-02,-1.429080000000000072e-01,3.012589999999999990e-01,3.620860000000000190e-01,-4.542299999999999810e-02,4.357770000000000254e-01,-2.058649999999999924e-01,-2.260139999999999927e-01,-8.454299999999999315e-02,-1.124700000000000005e-02,1.889849999999999863e-01,1.889450000000000018e-01,-1.441989999999999938e-01,7.468999999999999945e-03,4.012799999999999701e-02,4.212899999999999978e-02,-4.553999999999999888e-03,-1.618350000000000066e-01,-1.723099999999999979e-02,-1.707660000000000011e-01,4.552350000000000008e-01,-1.586529999999999885e-01,-1.185839999999999950e-01,1.313300000000000058e-02,-1.550219999999999931e-01,1.372199999999999982e-02,-6.753199999999999481e-02,7.466399999999999426e-02,-2.203579999999999983e-01
-1.075190000000000035e-01,5.023899999999999894e-02,-1.640020000000000089e-01,3.122019999999999795e-01,2.715299999999999936e-01,4.074699999999999850e-02,1.000000000000000000e+00,-2.440239999999999909e-01,-8.439000000000000667e-02,3.851510000000000211e-01,-1.309750000000000081e-01,-1.604690000000000005e-01,4.016759999999999775e-01,1.622909999999999908e-01,3.979770000000000252e-01,4.814000000000000223e-02,3.110519999999999952e-01,1.870380000000000098e-01,-3.590599999999999903e-01,3.627759999999999874e-01,2.996460000000000234e-01,3.400029999999999997e-01,-1.445899999999999963e-02,-1.798819999999999864e-01,3.270359999999999934e-01,-4.121270000000000211e-01,6.200329999999999453e-01,5.225500000000000284e-02,5.600479999999999903e-01,1.033059999999999951e-01,4.296769999999999756e-01,6.300400000000000444e-02,3.129970000000000252e-01,3.145490000000000230e-01,2.642729999999999801e-01,-2.656069999999999820e-01,2.087130000000000096e-01,2.876499999999999890e-02,1.301920000000000022e-01,-1.453019999999999867e-01,3.872199999999999948e-02,9.742000000000000659e-02,1.090700000000000003e-02,8.234500000000000153e-02,2.802410000000000179e-01,-1.035340000000000010e-01,-3.829899999999999971e-02,-1.676449999999999885e-01,-1.727599999999999969e-02,3.263840000000000074e-01,-1.969699999999999923e-02,6.719720000000000137e-01,-3.363300000000000317e-02,-1.990879999999999872e-01,1.188919999999999977e-01,-7.171199999999999797e-02,-7.985000000000000431e-02,2.344299999999999856e-02,1.515849999999999975e-01,5.539999999999999786e-02,1.494070000000000120e-01,1.728100000000000122e-02,1.363840000000000052e-01,-3.930420000000000025e-01,1.935739999999999961e-01,1.772809999999999941e-01,1.053179999999999950e-01,1.118299999999999988e-01,-1.536750000000000060e-01,3.114199999999999746e-01,-3.206979999999999831e-01,6.610190000000000232e-01,1.233810000000000046e-01,5.216140000000000221e-01,1.808150000000000035e-01,2.874070000000000236e-01
1.304160000000000041e-01,2.502770000000000272e-01,3.048069999999999946e-01,4.158300000000000191e-02,2.923379999999999868e-01,4.816449999999999898e-01,-2.440239999999999909e-01,1.000000000000000000e+00,2.196859999999999924e-01,-5.150600000000000317e-02,2.460400000000000087e-01,5.757539999999999880e-01,8.972700000000000120e-02,3.551639999999999797e-01,-1.743059999999999887e-01,-1.054999999999999966e-01,6.950299999999999534e-02,-9.692000000000000615e-02,3.193210000000000215e-01,-2.034650000000000070e-01,2.448639999999999983e-01,-3.352450000000000152e-01,7.191459999999999519e-01,5.536360000000000170e-01,-2.408250000000000113e-01,5.713460000000000205e-01,-1.216050000000000048e-01,4.530900000000000205e-02,-4.296189999999999731e-01,-7.029900000000000038e-02,-3.731519999999999837e-01,3.043040000000000189e-01,7.896000000000000241e-03,-1.661229999999999929e-01,-1.292949999999999933e-01,2.534830000000000139e-01,-6.024399999999999894e-02,1.302840000000000109e-01,1.513889999999999958e-01,2.220489999999999964e-01,-1.272550000000000070e-01,-2.161230000000000095e-01,3.437129999999999908e-01,9.780400000000000205e-02,1.455160000000000065e-01,8.385399999999999798e-02,6.049800000000000316e-02,3.548089999999999855e-01,9.565899999999999403e-02,3.743299999999999961e-01,4.959970000000000212e-01,-8.576999999999999902e-02,7.645269999999999566e-01,3.513160000000000172e-01,1.944029999999999925e-01,1.539349999999999885e-01,5.585120000000000084e-01,2.318070000000000130e-01,4.230470000000000064e-01,-1.590499999999999969e-01,-2.529080000000000217e-01,1.038430000000000047e-01,-1.669999999999999935e-04,2.497719999999999940e-01,-1.708159999999999956e-01,9.234799999999999953e-02,-9.839100000000000623e-02,5.109879999999999978e-01,4.195039999999999880e-01,-4.082620000000000138e-01,4.012290000000000023e-01,-3.698370000000000268e-01,1.335139999999999938e-01,-4.299629999999999841e-01,-3.284800000000000220e-02,-3.052560000000000273e-01
1.649780000000000135e-01,9.326099999999999668e-02,3.409650000000000181e-01,-1.248240000000000044e-01,5.976029999999999953e-01,2.498519999999999908e-01,-8.439000000000000667e-02,2.196859999999999924e-01,1.000000000000000000e+00,2.410490000000000133e-01,5.423710000000000475e-01,2.646470000000000211e-01,1.486149999999999971e-01,-2.760960000000000081e-01,-1.747400000000000064e-01,6.950199999999999434e-02,5.950000000000000427e-03,1.359999999999999989e-04,3.551070000000000060e-01,1.038590000000000069e-01,-1.754600000000000048e-01,6.132399999999999657e-02,-7.284200000000000397e-02,5.020200000000000218e-01,-3.085600000000000148e-02,2.841659999999999742e-01,-1.955739999999999978e-01,-1.045709999999999973e-01,-3.609799999999999814e-02,1.129890000000000061e-01,-1.901019999999999932e-01,-2.234410000000000007e-01,5.037099999999999911e-01,1.042160000000000031e-01,-2.046399999999999886e-01,-1.917210000000000025e-01,2.588500000000000245e-01,-2.184820000000000095e-01,-9.902600000000000291e-02,1.874270000000000103e-01,-1.322790000000000077e-01,-9.996199999999999530e-02,-2.106520000000000059e-01,-1.738729999999999998e-01,5.679300000000000320e-02,1.448440000000000005e-01,7.119000000000000328e-02,2.558440000000000158e-01,-2.538889999999999758e-01,2.630939999999999945e-01,-8.734400000000000497e-02,-2.777740000000000209e-01,3.951099999999999751e-02,3.857619999999999938e-01,-1.121319999999999956e-01,2.587999999999999745e-01,3.563089999999999868e-01,-1.978729999999999933e-01,-2.623909999999999854e-01,-2.384610000000000063e-01,-5.492000000000000354e-03,8.755300000000000582e-02,-5.636700000000000044e-02,3.312890000000000001e-01,2.202499999999999944e-02,-2.111199999999999882e-02,5.384800000000000003e-02,-1.119440000000000018e-01,3.194259999999999877e-01,-1.488440000000000041e-01,1.352659999999999973e-01,-2.985499999999999821e-01,-1.204090000000000021e-01,-2.174319999999999864e-01,-1.967199999999999852e-02,-2.083599999999999897e-01
1.639180000000000081e-01,-3.642399999999999805e-02,-7.596799999999999387e-02,5.666539999999999910e-01,3.823579999999999757e-01,-1.739670000000000105e-01,3.851510000000000211e-01,-5.150600000000000317e-02,2.410490000000000133e-01,1.000000000000000000e+00,1.753979999999999984e-01,5.398150000000000448e-01,-3.029600000000000001e-02,-1.928999999999999942e-03,-1.514050000000000118e-01,-7.371099999999999874e-02,5.696600000000000552e-01,-1.284500000000000051e-02,-4.684800000000000075e-02,-1.287059999999999871e-01,2.942600000000000077e-02,-4.968100000000000294e-02,-3.482600000000000279e-02,5.269179999999999975e-01,1.940409999999999913e-01,-3.939700000000000146e-02,-3.194299999999999917e-02,-7.507999999999999917e-03,3.036000000000000070e-03,8.585800000000000376e-02,2.119560000000000055e-01,-2.717890000000000028e-01,7.382859999999999978e-01,5.633059999999999734e-01,5.438779999999999726e-01,-2.814320000000000155e-01,5.539129999999999887e-01,-2.659090000000000065e-01,-2.370699999999999891e-02,2.830059999999999798e-01,-8.317399999999999793e-02,2.214909999999999934e-01,9.599100000000000688e-02,1.463750000000000051e-01,7.345409999999999995e-01,1.689620000000000011e-01,-5.230800000000000033e-02,-3.085399999999999948e-02,-4.609100000000000003e-02,-4.630599999999999994e-02,-1.265739999999999921e-01,1.941599999999999993e-01,-2.410599999999999896e-02,2.382279999999999953e-01,3.960150000000000059e-01,8.958999999999999950e-03,5.399199999999999555e-01,-8.514599999999999946e-02,-6.607100000000000473e-02,-2.045099999999999973e-01,-6.366800000000000237e-02,3.577000000000000318e-02,-4.124499999999999694e-02,-1.717229999999999868e-01,-6.720099999999999685e-02,1.933299999999999949e-02,2.818800000000000125e-02,-7.824299999999999311e-02,4.516310000000000047e-01,8.596099999999999575e-02,-4.638599999999999668e-02,2.451540000000000108e-01,6.870300000000000018e-02,7.452200000000000490e-02,-8.160100000000000686e-02,1.959199999999999831e-02
4.301860000000000128e-01,5.499099999999999822e-02,7.918009999999999771e-01,1.184759999999999980e-01,4.644320000000000115e-01,-3.045000000000000137e-02,-1.309750000000000081e-01,2.460400000000000087e-01,5.423710000000000475e-01,1.753979999999999984e-01,1.000000000000000000e+00,3.611619999999999830e-01,-6.412900000000000544e-02,-1.444229999999999958e-01,-7.185199999999999920e-02,2.044350000000000056e-01,3.760609999999999786e-01,1.749189999999999912e-01,5.082539999999999836e-01,-9.668999999999999817e-02,3.293059999999999876e-01,7.484300000000000674e-02,1.079490000000000033e-01,4.259609999999999785e-01,2.021000000000000019e-01,3.385340000000000016e-01,-1.163180000000000047e-01,2.604830000000000201e-01,-2.682299999999999962e-02,3.211390000000000078e-01,8.167800000000000060e-02,1.516309999999999880e-01,1.316489999999999883e-01,2.168990000000000085e-01,-2.942000000000000171e-02,-6.252199999999999425e-02,6.551999999999999491e-02,-2.313799999999999885e-02,3.154159999999999742e-01,3.755040000000000044e-01,2.470640000000000058e-01,1.649329999999999963e-01,2.244889999999999941e-01,-2.856799999999999964e-02,2.032920000000000005e-01,4.624409999999999910e-01,9.984500000000000319e-02,7.890000000000000346e-01,-5.190000000000000169e-03,2.597180000000000044e-01,1.325169999999999959e-01,-1.982899999999999940e-02,3.045050000000000257e-01,6.197169999999999623e-01,1.592780000000000029e-01,7.663889999999999869e-01,3.455110000000000126e-01,1.687809999999999866e-01,-3.615000000000000158e-03,9.375500000000000500e-02,1.937530000000000086e-01,2.254140000000000033e-01,1.997970000000000024e-01,5.309650000000000203e-01,1.564530000000000087e-01,4.432699999999999974e-01,2.449800000000000033e-01,9.595599999999999963e-02,4.764559999999999906e-01,7.957999999999999796e-03,3.092210000000000236e-01,-1.570799999999999974e-01,3.006090000000000151e-01,2.243600000000000108e-02,2.583699999999999886e-01,1.153299999999999985e-02
2.239750000000000074e-01,-8.411000000000000421e-02,1.849949999999999928e-01,4.677430000000000199e-01,2.448690000000000033e-01,-6.816600000000000437e-02,-1.604690000000000005e-01,5.757539999999999880e-01,2.646470000000000211e-01,5.398150000000000448e-01,3.611619999999999830e-01,1.000000000000000000e+00,-1.939879999999999938e-01,1.586780000000000135e-01,-3.569979999999999820e-01,-1.517660000000000120e-01,4.067859999999999809e-01,-1.607369999999999910e-01,3.824739999999999807e-01,-3.838969999999999883e-01,1.142559999999999965e-01,-3.907579999999999942e-01,3.602170000000000094e-01,8.261330000000000062e-01,-2.208469999999999878e-01,4.417699999999999960e-01,-3.253659999999999886e-01,8.492600000000000149e-02,-5.517290000000000250e-01,-1.084299999999999986e-01,-2.129099999999999882e-01,4.850100000000000244e-02,3.291069999999999829e-01,2.501559999999999895e-01,2.809789999999999788e-01,9.905300000000000216e-02,2.096089999999999898e-01,-6.662400000000000266e-02,2.734759999999999969e-01,5.209909999999999819e-01,5.100899999999999879e-02,1.046119999999999967e-01,5.111489999999999645e-01,1.843869999999999953e-01,5.839889999999999803e-01,2.854380000000000250e-01,2.436899999999999830e-02,3.202690000000000259e-01,2.293840000000000046e-01,1.509729999999999961e-01,3.168349999999999778e-01,-1.182300000000000018e-02,4.543630000000000169e-01,6.001950000000000340e-01,5.604170000000000540e-01,1.236440000000000039e-01,9.384789999999999521e-01,2.024450000000000138e-01,1.535549999999999971e-01,-1.545549999999999979e-01,-1.616209999999999869e-01,2.180960000000000121e-01,6.129699999999999732e-02,1.979779999999999873e-01,-8.916899999999999826e-02,1.251939999999999997e-01,6.887000000000000066e-02,2.209150000000000003e-01,8.215419999999999945e-01,-2.521749999999999825e-01,4.760469999999999979e-01,-1.839149999999999952e-01,2.272049999999999903e-01,-3.331189999999999984e-01,-1.435730000000000062e-01,-1.583249999999999935e-01
-1.789689999999999892e-01,4.808020000000000072e-01,-4.154599999999999960e-02,-6.098599999999999854e-02,3.351770000000000027e-01,7.063800000000000079e-01,4.016759999999999775e-01,8.972700000000000120e-02,1.486149999999999971e-01,-3.029600000000000001e-02,-6.412900000000000544e-02,-1.939879999999999938e-01,1.000000000000000000e+00,1.884359999999999924e-01,2.912509999999999821e-01,3.799930000000000252e-01,1.997510000000000119e-01,5.600129999999999830e-01,-1.916710000000000080e-01,2.647920000000000273e-01,7.878499999999999392e-02,1.864609999999999879e-01,2.964879999999999738e-01,-1.110779999999999962e-01,3.650869999999999949e-01,6.415099999999999969e-02,2.431550000000000100e-01,4.455450000000000244e-01,6.068759999999999710e-01,1.618189999999999906e-01,1.026480000000000031e-01,4.823100000000000304e-02,1.423870000000000136e-01,-5.881200000000000316e-02,-2.734949999999999881e-01,-1.331569999999999976e-01,1.201760000000000050e-01,1.296289999999999942e-01,1.984000000000000086e-03,-3.882010000000000183e-01,-1.364470000000000127e-01,-2.499309999999999865e-01,-1.824610000000000121e-01,-2.944000000000000002e-03,-1.258410000000000084e-01,-3.141450000000000076e-01,1.074579999999999980e-01,-7.397900000000000309e-02,-1.017480000000000051e-01,3.914099999999999802e-01,2.045039999999999913e-01,2.533460000000000156e-01,1.840829999999999966e-01,-1.888499999999999901e-01,-1.458689999999999987e-01,-1.141989999999999950e-01,-1.525870000000000004e-01,3.528910000000000102e-01,1.295699999999999907e-01,-2.621700000000000072e-02,2.989870000000000028e-01,2.328409999999999924e-01,3.219609999999999972e-01,-1.613799999999999957e-01,6.399799999999999933e-02,1.010420000000000068e-01,-4.359799999999999787e-02,2.506120000000000014e-01,-2.969879999999999742e-01,1.485920000000000019e-01,-1.243299999999999961e-01,1.188310000000000061e-01,2.636229999999999962e-01,3.197389999999999954e-01,3.366549999999999820e-01,3.920900000000000080e-02
-6.974299999999999944e-02,2.939500000000000099e-02,6.618899999999999784e-02,1.278070000000000039e-01,2.509640000000000204e-01,2.955780000000000074e-01,1.622909999999999908e-01,3.551639999999999797e-01,-2.760960000000000081e-01,-1.928999999999999942e-03,-1.444229999999999958e-01,1.586780000000000135e-01,1.884359999999999924e-01,1.000000000000000000e+00,3.707909999999999817e-01,-5.273599999999999816e-02,2.681599999999999956e-02,-5.149700000000000111e-02,-1.192000000000000004e-02,7.861500000000000432e-02,1.938229999999999953e-01,-2.268850000000000033e-01,5.306570000000000453e-01,-2.338300000000000101e-02,-8.737999999999999934e-02,5.440000000000000391e-03,2.867660000000000209e-01,1.173980000000000024e-01,2.886999999999999809e-03,-2.921299999999999938e-02,5.017699999999999938e-02,1.455839999999999912e-01,-9.617000000000000548e-03,1.640419999999999934e-01,3.314710000000000156e-01,5.616970000000000018e-01,-3.896600000000000064e-02,1.032539999999999986e-01,2.396189999999999987e-01,2.557999999999999944e-03,-2.220199999999999951e-02,-2.109999999999999931e-01,3.100950000000000095e-01,-2.439290000000000069e-01,2.650069999999999926e-01,-1.095160000000000022e-01,1.103319999999999995e-01,7.513400000000000634e-02,2.726210000000000022e-01,3.038120000000000265e-01,5.144469999999999876e-01,3.427839999999999776e-01,6.200620000000000021e-01,6.250400000000000400e-02,3.561750000000000194e-01,4.844600000000000295e-02,1.052960000000000007e-01,3.509470000000000089e-01,5.923859999999999681e-01,2.410940000000000027e-01,-1.728000000000000022e-02,2.877899999999999903e-02,1.516780000000000073e-01,-8.618399999999999672e-02,9.118900000000000616e-02,1.752930000000000044e-01,-3.890600000000000308e-02,5.836489999999999734e-01,7.832699999999999385e-02,-1.503900000000000028e-02,1.309750000000000081e-01,1.869560000000000111e-01,2.740960000000000063e-01,1.811949999999999950e-01,1.535980000000000123e-01,3.247610000000000219e-01
9.067899999999999572e-02,-1.627599999999999880e-02,1.062970000000000026e-01,-1.021849999999999981e-01,1.857540000000000024e-01,1.220070000000000043e-01,3.979770000000000252e-01,-1.743059999999999887e-01,-1.747400000000000064e-01,-1.514050000000000118e-01,-7.185199999999999920e-02,-3.569979999999999820e-01,2.912509999999999821e-01,3.707909999999999817e-01,1.000000000000000000e+00,1.282790000000000041e-01,-1.427800000000000076e-02,1.406739999999999935e-01,-2.157320000000000071e-01,6.447599999999999998e-01,3.636199999999999988e-01,4.460180000000000256e-01,8.074399999999999633e-02,-3.790270000000000028e-01,2.021260000000000001e-01,-2.724650000000000127e-01,5.583829999999999627e-01,1.505090000000000039e-01,5.130639999999999645e-01,2.651450000000000196e-01,3.997249999999999970e-01,1.344390000000000029e-01,-5.779000000000000109e-02,2.260209999999999997e-01,1.557230000000000003e-01,8.590599999999999625e-02,-8.549199999999999855e-02,7.942100000000000548e-02,1.554820000000000091e-01,-1.418899999999999884e-01,2.469550000000000078e-01,-6.381999999999999652e-03,1.705100000000000018e-02,-2.011830000000000007e-01,-6.090199999999999780e-02,1.732999999999999948e-03,-6.941000000000000121e-03,5.606799999999999978e-02,-2.543600000000000028e-02,2.722620000000000040e-01,1.236909999999999954e-01,4.547820000000000196e-01,1.412360000000000004e-01,-1.361259999999999970e-01,5.958299999999999708e-02,1.549379999999999924e-01,-3.360520000000000174e-01,1.671640000000000070e-01,3.530449999999999977e-01,7.297120000000000273e-01,2.467010000000000036e-01,-4.151599999999999735e-02,1.620260000000000034e-01,-1.993520000000000014e-01,4.826210000000000222e-01,3.159939999999999971e-01,2.382839999999999958e-01,2.588869999999999783e-01,-2.644630000000000036e-01,2.372180000000000122e-01,-1.392809999999999881e-01,3.990110000000000046e-01,1.590330000000000077e-01,5.279730000000000256e-01,4.655549999999999966e-01,5.200709999999999500e-01
4.714289999999999869e-01,4.593079999999999941e-01,2.672999999999999821e-01,-2.388190000000000035e-01,4.567500000000000032e-02,9.945500000000000174e-02,4.814000000000000223e-02,-1.054999999999999966e-01,6.950199999999999434e-02,-7.371099999999999874e-02,2.044350000000000056e-01,-1.517660000000000120e-01,3.799930000000000252e-01,-5.273599999999999816e-02,1.282790000000000041e-01,1.000000000000000000e+00,4.621850000000000125e-01,9.145739999999999981e-01,1.451989999999999947e-01,1.881210000000000104e-01,3.448390000000000066e-01,4.624920000000000142e-01,-2.116919999999999913e-01,-8.205800000000000594e-02,6.937440000000000273e-01,4.189809999999999923e-01,2.144010000000000082e-01,6.785940000000000305e-01,5.628030000000000532e-01,2.989990000000000148e-01,4.860240000000000116e-01,3.632000000000000228e-01,3.677099999999999813e-02,2.433730000000000060e-01,-3.199599999999999667e-02,2.412200000000000108e-02,-2.120549999999999935e-01,3.099140000000000228e-01,3.506699999999999817e-01,1.782980000000000120e-01,3.571349999999999802e-01,4.999300000000000271e-02,-4.015000000000000339e-03,9.714000000000000412e-03,-1.659339999999999982e-01,3.635369999999999990e-01,-1.413200000000000046e-02,2.964450000000000141e-01,1.395799999999999992e-02,2.649679999999999813e-01,-4.768900000000000222e-02,1.963739999999999930e-01,-4.185500000000000331e-02,2.349030000000000007e-01,1.313300000000000058e-02,3.398809999999999887e-01,-2.591249999999999942e-01,2.663070000000000159e-01,-8.866000000000000617e-03,2.246539999999999926e-01,7.182290000000000063e-01,2.850500000000000256e-01,6.541700000000000292e-01,1.957470000000000043e-01,3.052880000000000038e-01,3.769779999999999798e-01,3.603939999999999921e-01,-2.804989999999999983e-01,-1.960899999999999865e-01,2.323659999999999892e-01,1.332220000000000071e-01,8.579799999999999927e-02,3.317579999999999973e-01,3.296729999999999938e-01,3.693930000000000269e-01,2.089419999999999888e-01
4.458489999999999953e-01,1.690830000000000111e-01,1.844699999999999951e-01,3.391159999999999730e-01,2.172820000000000029e-01,-1.223400000000000043e-01,3.110519999999999952e-01,6.950299999999999534e-02,5.950000000000000427e-03,5.696600000000000552e-01,3.760609999999999786e-01,4.067859999999999809e-01,1.997510000000000119e-01,2.681599999999999956e-02,-1.427800000000000076e-02,4.621850000000000125e-01,1.000000000000000000e+00,5.469039999999999457e-01,1.142040000000000000e-01,-6.866500000000000381e-02,4.984299999999999842e-01,1.224900000000000017e-01,3.026099999999999970e-02,3.928610000000000158e-01,5.488840000000000385e-01,2.601919999999999789e-01,1.133829999999999977e-01,5.449600000000000000e-01,2.616160000000000152e-01,3.129689999999999972e-01,4.631950000000000234e-01,1.989249999999999907e-01,2.974370000000000069e-01,4.126569999999999960e-01,3.650100000000000011e-01,-1.687520000000000131e-01,1.493109999999999993e-01,5.843999999999999889e-02,3.204420000000000046e-01,4.002990000000000159e-01,2.496530000000000138e-01,3.088259999999999894e-01,3.640129999999999755e-01,2.592059999999999920e-01,4.767259999999999831e-01,4.437229999999999785e-01,-5.246100000000000069e-02,3.371930000000000205e-01,2.862500000000000114e-02,2.485850000000000004e-01,1.163020000000000026e-01,4.330910000000000037e-01,1.519709999999999950e-01,4.445830000000000060e-01,4.452269999999999839e-01,3.226789999999999936e-01,3.623219999999999774e-01,3.423800000000000177e-01,1.757819999999999938e-01,8.892400000000000304e-02,3.744720000000000271e-01,3.778489999999999904e-01,4.661879999999999913e-01,6.506299999999999584e-02,1.789060000000000095e-01,4.032839999999999758e-01,2.630190000000000028e-01,-2.696199999999999986e-02,3.244099999999999762e-01,2.169300000000000117e-01,1.893910000000000038e-01,2.228410000000000113e-01,4.929419999999999913e-01,2.941610000000000058e-01,2.788490000000000135e-01,1.610679999999999890e-01
2.801509999999999834e-01,5.660279999999999756e-01,1.953070000000000084e-01,-9.485200000000000575e-02,6.256699999999999762e-02,2.399840000000000029e-01,1.870380000000000098e-01,-9.692000000000000615e-02,1.359999999999999989e-04,-1.284500000000000051e-02,1.749189999999999912e-01,-1.607369999999999910e-01,5.600129999999999830e-01,-5.149700000000000111e-02,1.406739999999999935e-01,9.145739999999999981e-01,5.469039999999999457e-01,1.000000000000000000e+00,2.437599999999999836e-02,1.341980000000000117e-01,3.368519999999999848e-01,4.317119999999999846e-01,-1.025459999999999983e-01,-1.357490000000000085e-01,7.820350000000000357e-01,3.273539999999999783e-01,2.280969999999999942e-01,7.622560000000000446e-01,6.381029999999999758e-01,2.658349999999999880e-01,4.503409999999999913e-01,3.885199999999999765e-01,9.084000000000000061e-03,1.749209999999999932e-01,-1.083019999999999955e-01,-6.248700000000000088e-02,-1.915759999999999963e-01,3.383329999999999949e-01,3.272439999999999793e-01,1.960999999999999896e-02,2.983190000000000008e-01,8.123999999999999277e-03,-1.001299999999999933e-02,1.039449999999999957e-01,-1.353080000000000116e-01,1.728020000000000111e-01,-1.659300000000000011e-02,2.412789999999999935e-01,3.231699999999999851e-02,3.063949999999999729e-01,-4.157000000000000105e-03,2.891079999999999761e-01,-1.693300000000000013e-02,1.385190000000000032e-01,6.938999999999999856e-03,2.877069999999999905e-01,-2.439669999999999894e-01,3.489180000000000059e-01,3.589999999999999875e-03,1.595679999999999876e-01,6.596990000000000354e-01,3.227720000000000034e-01,6.345629999999999882e-01,1.002529999999999949e-01,2.257049999999999890e-01,3.430389999999999828e-01,2.891560000000000241e-01,-2.011689999999999867e-01,-2.514770000000000061e-01,2.775909999999999767e-01,1.302299999999999985e-02,1.464600000000000068e-01,4.039200000000000013e-01,3.774350000000000205e-01,4.026989999999999736e-01,1.621090000000000031e-01
2.562829999999999830e-01,-2.792999999999999910e-03,4.882210000000000161e-01,-1.186139999999999972e-01,2.298969999999999902e-01,-4.966500000000000081e-02,-3.590599999999999903e-01,3.193210000000000215e-01,3.551070000000000060e-01,-4.684800000000000075e-02,5.082539999999999836e-01,3.824739999999999807e-01,-1.916710000000000080e-01,-1.192000000000000004e-02,-2.157320000000000071e-01,1.451989999999999947e-01,1.142040000000000000e-01,2.437599999999999836e-02,1.000000000000000000e+00,-1.004239999999999994e-01,1.118009999999999976e-01,-2.130000000000000003e-04,7.723299999999999610e-02,3.430579999999999741e-01,-1.247830000000000050e-01,3.312200000000000144e-01,-2.536390000000000033e-01,2.202909999999999868e-01,-3.468769999999999909e-01,1.894230000000000080e-01,-1.147709999999999980e-01,1.973479999999999956e-01,4.132099999999999662e-02,1.766399999999999915e-02,-3.022599999999999940e-02,5.231600000000000139e-02,-2.444320000000000104e-01,9.318700000000000594e-02,3.118279999999999941e-01,4.312309999999999754e-01,1.771099999999999897e-01,1.258460000000000134e-01,2.147779999999999967e-01,-1.429749999999999910e-01,1.310280000000000056e-01,2.993939999999999935e-01,1.255640000000000089e-01,5.760680000000000245e-01,3.615999999999999770e-02,4.311000000000000248e-02,2.089679999999999871e-01,-2.041509999999999991e-01,2.449250000000000038e-01,5.372780000000000333e-01,1.362019999999999897e-01,3.412870000000000070e-01,2.912339999999999929e-01,1.681699999999999862e-01,-5.510000000000000141e-03,-4.682599999999999957e-02,1.056840000000000002e-01,2.198799999999999921e-01,1.395029999999999881e-01,8.558099999999999596e-01,8.089300000000000657e-02,2.018149999999999944e-01,2.130779999999999896e-01,1.715200000000000058e-02,3.672549999999999981e-01,-2.195580000000000032e-01,3.893320000000000114e-01,-3.104910000000000170e-01,2.271509999999999918e-01,-2.742370000000000085e-01,1.374329999999999996e-01,-1.247629999999999989e-01
1.085460000000000036e-01,-2.861100000000000101e-02,1.134399999999999992e-02,-1.836270000000000124e-01,1.368880000000000097e-01,1.141309999999999963e-01,3.627759999999999874e-01,-2.034650000000000070e-01,1.038590000000000069e-01,-1.287059999999999871e-01,-9.668999999999999817e-02,-3.838969999999999883e-01,2.647920000000000273e-01,7.861500000000000432e-02,6.447599999999999998e-01,1.881210000000000104e-01,-6.866500000000000381e-02,1.341980000000000117e-01,-1.004239999999999994e-01,1.000000000000000000e+00,2.081010000000000082e-01,7.194150000000000267e-01,-1.897669999999999912e-01,-2.983299999999999841e-01,2.256789999999999907e-01,-2.684610000000000052e-01,6.400430000000000286e-01,9.580700000000000327e-02,6.105739999999999501e-01,3.037920000000000065e-01,4.688510000000000177e-01,1.260000000000000052e-03,-1.119799999999999962e-02,1.830100000000000060e-01,9.253999999999999726e-02,6.307000000000000106e-03,-6.676300000000000290e-02,-4.038499999999999729e-02,2.528100000000000139e-02,-1.095610000000000056e-01,2.771649999999999947e-01,1.102589999999999959e-01,-1.451320000000000110e-01,-2.019819999999999949e-01,-1.675490000000000035e-01,8.267599999999999949e-02,-1.578999999999999848e-02,-3.198800000000000254e-02,-1.047320000000000056e-01,2.435470000000000135e-01,-2.697099999999999845e-02,3.444070000000000187e-01,-9.712200000000000000e-02,-8.192599999999999882e-02,-1.722999999999999922e-03,6.859099999999999919e-02,-3.041179999999999994e-01,-3.232899999999999663e-02,3.349599999999999800e-02,5.114499999999999602e-01,3.005430000000000046e-01,-3.664499999999999702e-02,1.099610000000000032e-01,-9.708300000000000263e-02,7.359409999999999563e-01,2.714110000000000134e-01,4.660469999999999891e-01,-2.853500000000000134e-02,-2.310530000000000084e-01,2.789829999999999810e-01,-1.345689999999999942e-01,4.199100000000000055e-01,1.299329999999999929e-01,5.257479999999999931e-01,4.251940000000000164e-01,4.723470000000000169e-01
