1.000000000000000000e+00,-6.968000000000000235e-03,-2.965100000000000027e-02,-5.384699999999999903e-02,1.462110000000000076e-01,-1.115040000000000059e-01,2.401580000000000104e-01,-1.461909999999999876e-01,1.786599999999999994e-02,2.295619999999999883e-01,-2.941500000000000017e-02,-1.160420000000000063e-01,-1.679839999999999944e-01,-2.357740000000000113e-01,2.995889999999999942e-01,5.073020000000000307e-01,4.502030000000000198e-01,2.127700000000000077e-02,5.149200000000000305e-02,1.523859999999999937e-01,5.685639999999999583e-01,3.928409999999999958e-01,-7.242000000000000173e-03,2.968049999999999855e-01,2.677829999999999933e-01,3.053640000000000243e-01,7.182900000000000396e-02,-1.591849999999999932e-01,2.557070000000000176e-01,2.105200000000000127e-01,4.530589999999999895e-01,2.818199999999999872e-02,3.436770000000000103e-01,3.618020000000000125e-01,1.589599999999999902e-01,-2.539350000000000218e-01,-2.856810000000000183e-01,-7.019499999999999351e-02,2.211899999999999977e-02,3.576630000000000087e-01,3.846600000000000019e-01,1.260209999999999941e-01,-2.150700000000000112e-01,-1.070019999999999999e-01,7.395500000000000684e-02,7.523530000000000495e-01,-6.720399999999999985e-02,2.366199999999999901e-02,-5.626699999999999757e-02,-6.640300000000000369e-02,-1.528940000000000021e-01,3.400199999999999889e-01,-1.656960000000000099e-01,-8.441999999999999504e-02,1.053739999999999954e-01,4.918000000000000149e-02,-1.985729999999999995e-01,-1.082869999999999944e-01,-1.715009999999999868e-01,3.909830000000000250e-01,4.571580000000000088e-01,7.464400000000000202e-02,-1.142100000000000060e-01,6.522000000000000020e-02,2.150769999999999904e-01,4.792350000000000221e-01,3.289819999999999967e-01,3.404700000000000087e-02,1.501850000000000129e-01,3.602799999999999891e-01,3.422589999999999799e-01,8.250000000000000389e-02,-1.087090000000000001e-01,2.319360000000000033e-01,2.706740000000000257e-01,3.714230000000000032e-01
-6.968000000000000235e-03,1.000000000000000000e+00,-1.220559999999999978e-01,-3.117510000000000003e-01,-1.598970000000000113e-01,7.458019999999999650e-01,1.431610000000000105e-01,1.666300000000000073e-02,-2.330369999999999941e-01,4.936200000000000310e-02,-2.507960000000000189e-01,7.592999999999999750e-02,6.934280000000000443e-01,-1.363209999999999977e-01,-3.678230000000000111e-01,-6.947899999999999909e-02,2.769510000000000027e-01,6.789349999999999552e-01,-6.750200000000000644e-02,-3.970170000000000088e-01,-3.162019999999999831e-01,-1.227000000000000009e-03,8.180199999999999971e-02,-1.698070000000000135e-01,7.669639999999999791e-01,8.427850000000000064e-01,9.101700000000000068e-02,1.982760000000000078e-01,3.478629999999999778e-01,-4.437110000000000221e-01,-5.596889999999999921e-01,1.268060000000000020e-01,4.906070000000000153e-01,1.614829999999999877e-01,-9.008000000000000382e-03,-3.017440000000000122e-01,-2.547030000000000127e-01,-1.129639999999999950e-01,-5.075699999999999656e-02,3.303550000000000098e-01,7.202300000000000368e-02,2.436639999999999917e-01,-4.000779999999999892e-01,-3.106099999999999972e-01,-3.709300000000000097e-02,-4.069699999999999984e-01,3.982459999999999889e-01,-2.508879999999999999e-01,-1.773619999999999919e-01,-1.687069999999999959e-01,4.854379999999999806e-01,1.847800000000000137e-02,-9.250300000000000189e-02,-6.010599999999999971e-02,1.709700000000000109e-02,-1.351819999999999966e-01,-6.074399999999999938e-02,4.279410000000000158e-01,-1.023710000000000037e-01,-4.038979999999999793e-01,-4.114479999999999804e-01,-1.706689999999999874e-01,2.364370000000000083e-01,1.393999999999999927e-02,-4.853859999999999841e-01,-5.697320000000000162e-01,-3.503990000000000160e-01,-8.715499999999999636e-02,-1.963679999999999870e-01,1.066990000000000022e-01,3.095919999999999783e-01,-3.603160000000000251e-01,1.994370000000000032e-01,-3.942959999999999798e-01,-3.808929999999999816e-01,-6.675799999999999512e-01
-2.965100000000000027e-02,-1.220559999999999978e-01,1.000000000000000000e+00,-4.458700000000000163e-02,3.423840000000000217e-01,2.788099999999999953e-02,-4.402999999999999796e-03,1.793919999999999959e-01,5.726299999999999724e-01,-9.476600000000000301e-02,8.215390000000000192e-01,-1.055650000000000061e-01,-1.026099999999999929e-02,-1.753530000000000089e-01,1.947840000000000127e-01,6.612899999999999334e-02,9.611100000000000199e-02,-5.677299999999999708e-02,8.162850000000000383e-01,3.544990000000000085e-01,1.186969999999999970e-01,1.194589999999999957e-01,2.655129999999999990e-01,-1.491699999999999970e-02,1.445500000000000083e-02,-1.500799999999999912e-01,9.901799999999999491e-02,1.806830000000000103e-01,1.273309999999999997e-01,4.523400000000000337e-02,2.277800000000000102e-01,-4.257070000000000021e-01,-2.633949999999999902e-01,-2.252200000000000035e-01,-1.512209999999999943e-01,-1.701660000000000117e-01,-1.160670000000000035e-01,-1.554540000000000088e-01,-3.892909999999999981e-01,-2.243749999999999911e-01,-1.350739999999999996e-01,-2.430690000000000073e-01,-1.376590000000000036e-01,-1.379849999999999965e-01,-1.604849999999999888e-01,7.426000000000000309e-03,-1.827900000000000080e-01,8.362749999999999906e-01,-2.351499999999999979e-01,4.422170000000000267e-01,-8.273999999999999411e-02,6.600499999999999423e-02,7.961799999999999433e-02,6.100389999999999979e-01,-2.160299999999999998e-01,7.878439999999999888e-01,-1.998959999999999904e-01,-1.098699999999999954e-01,-1.552510000000000001e-01,7.012599999999999389e-02,2.890799999999999967e-02,1.084449999999999997e-01,-8.310399999999999732e-02,8.399739999999999984e-01,2.725009999999999932e-01,3.304100000000000092e-02,8.482699999999999962e-02,-3.631800000000000306e-02,-5.442799999999999722e-02,-4.512800000000000145e-02,-2.940929999999999933e-01,1.479679999999999884e-01,1.820690000000000086e-01,2.010810000000000097e-01,2.242260000000000086e-01,2.142519999999999980e-01
-5.384699999999999903e-02,-3.117510000000000003e-01,-4.458700000000000163e-02,1.000000000000000000e+00,5.375349999999999850e-01,-4.148400000000000004e-02,3.123920000000000030e-01,2.851239999999999886e-01,1.005479999999999985e-01,1.699920000000000042e-01,8.779299999999999604e-02,2.334229999999999916e-01,-6.648900000000000643e-02,3.936520000000000019e-01,5.130699999999999844e-02,-1.092589999999999950e-01,-7.013800000000000590e-02,-2.716729999999999978e-01,-9.102300000000000668e-02,1.345220000000000027e-01,2.844690000000000274e-01,-9.881500000000000006e-02,4.437900000000000178e-02,3.084749999999999992e-01,-3.384079999999999866e-01,-2.284190000000000109e-01,2.647000000000000047e-03,2.918700000000000183e-01,-4.964400000000000063e-02,4.092959999999999932e-01,3.185720000000000218e-01,1.357919999999999960e-01,-2.196730000000000071e-01,1.859999999999999945e-04,2.856569999999999943e-01,7.020100000000000229e-01,5.363109999999999822e-01,1.655280000000000085e-01,1.532650000000000123e-01,-2.930860000000000132e-01,-5.004999999999999900e-03,3.642299999999999705e-02,5.583010000000000472e-01,5.091269999999999962e-01,2.811699999999999963e-02,8.573300000000000365e-02,-1.635649999999999882e-01,3.650599999999999679e-02,1.597929999999999906e-01,4.940400000000000347e-02,-1.206150000000000000e-01,-8.977400000000000657e-02,1.901019999999999932e-01,-1.189120000000000038e-01,-5.320600000000000329e-02,-1.141220000000000012e-01,1.839649999999999896e-01,-1.474439999999999917e-01,1.182590000000000030e-01,-3.723800000000000027e-02,9.032199999999999951e-02,-2.909600000000000034e-02,-9.091399999999999482e-02,-1.311799999999999911e-01,1.279899999999999927e-01,1.835360000000000047e-01,2.136499999999999858e-02,-4.040000000000000188e-03,2.028399999999999925e-01,-1.267270000000000063e-01,-2.465199999999999891e-01,1.104849999999999999e-01,2.038139999999999952e-01,1.909569999999999879e-01,2.508690000000000087e-01,3.989929999999999866e-01
1.462110000000000076e-01,-1.598970000000000113e-01,3.423840000000000217e-01,5.375349999999999850e-01,1.000000000000000000e+00,1.151829999999999937e-01,6.104110000000000369e-01,2.072319999999999995e-01,6.064399999999999791e-01,3.122519999999999740e-01,5.381329999999999725e-01,-1.363870000000000082e-01,1.383979999999999932e-01,1.630999999999999950e-01,9.931500000000000050e-02,1.256909999999999972e-01,1.952830000000000121e-01,-1.091379999999999989e-01,2.556930000000000036e-01,8.123700000000000365e-02,3.358999999999999764e-01,-3.114000000000000101e-02,1.025599999999999984e-01,2.075000000000000022e-03,-5.475000000000000006e-02,-6.150599999999999817e-02,7.418500000000000094e-02,1.565169999999999895e-01,-3.616899999999999976e-02,2.097559999999999980e-01,2.838060000000000027e-01,-6.143400000000000249e-02,-3.100359999999999783e-01,-1.293340000000000045e-01,-8.400000000000000348e-04,4.164160000000000084e-01,3.591039999999999788e-01,-1.555709999999999871e-01,-1.320369999999999877e-01,-3.447069999999999856e-01,-1.807320000000000038e-01,-1.179859999999999937e-01,3.116840000000000166e-01,2.378629999999999911e-01,-1.752640000000000031e-01,1.204879999999999979e-01,-3.326029999999999820e-01,3.536650000000000071e-01,2.219700000000000145e-02,5.113659999999999872e-01,-1.658050000000000079e-01,3.320910000000000251e-01,7.792000000000000315e-03,3.174310000000000187e-01,-6.233799999999999758e-02,4.167139999999999733e-01,-1.762620000000000020e-01,-1.842189999999999939e-01,1.005400000000000044e-02,7.803100000000000314e-02,9.157000000000000209e-03,-3.824999999999999841e-03,-3.751260000000000150e-01,2.836139999999999772e-01,1.678630000000000122e-01,1.181470000000000020e-01,2.346499999999999975e-02,-7.608399999999999885e-02,-1.686080000000000079e-01,-1.061099999999999960e-01,-3.523350000000000093e-01,1.225509999999999933e-01,6.061400000000000121e-02,6.596299999999999386e-02,2.585419999999999940e-01,2.709829999999999739e-01
-1.115040000000000059e-01,7.458019999999999650e-01,2.788099999999999953e-02,-4.148400000000000004e-02,1.151829999999999937e-01,1.000000000000000000e+00,1.981179999999999886e-01,3.868369999999999864e-01,-1.128760000000000041e-01,1.483319999999999916e-01,-1.262300000000000089e-01,1.354789999999999883e-01,6.271980000000000333e-01,5.967399999999999788e-02,-3.332809999999999939e-01,-2.512510000000000021e-01,2.573440000000000172e-01,4.637539999999999996e-01,5.153599999999999848e-02,-3.018080000000000207e-01,-6.465100000000000013e-02,-1.726920000000000122e-01,4.949740000000000251e-01,2.282100000000000101e-02,6.920319999999999805e-01,6.874649999999999928e-01,1.931110000000000049e-01,2.487219999999999986e-01,2.522070000000000145e-01,-2.454179999999999973e-01,-4.664579999999999838e-01,9.276600000000000124e-02,3.122730000000000228e-01,-1.744499999999999870e-02,-4.868299999999999711e-02,-6.950199999999999434e-02,-9.246000000000000052e-02,-1.565640000000000087e-01,-5.729000000000000065e-02,1.619750000000000079e-01,-9.211199999999999943e-02,4.839100000000000346e-02,-1.528079999999999994e-01,-1.703300000000000092e-01,-1.293219999999999925e-01,-3.831289999999999973e-01,3.388490000000000113e-01,-4.479199999999999848e-02,-2.002069999999999961e-01,-3.351099999999999912e-02,5.705379999999999896e-01,-4.350099999999999800e-02,2.218009999999999982e-01,-9.468999999999999986e-03,1.178889999999999938e-01,-5.512999999999999672e-03,1.089399999999999917e-02,3.293340000000000156e-01,9.383400000000000074e-02,-4.754999999999999782e-01,-5.790239999999999831e-01,-8.201100000000000056e-02,1.717700000000000060e-01,4.389500000000000346e-02,-4.539739999999999887e-01,-3.860799999999999788e-01,-5.288650000000000295e-01,2.552409999999999957e-01,-5.604800000000000060e-02,1.382019999999999915e-01,1.594160000000000021e-01,-2.607570000000000165e-01,1.345300000000000107e-01,-3.252249999999999863e-01,-2.169049999999999867e-01,-5.070379999999999887e-01
2.401580000000000104e-01,1.431610000000000105e-01,-4.402999999999999796e-03,3.123920000000000030e-01,6.104110000000000369e-01,1.981179999999999886e-01,1.000000000000000000e+00,4.415399999999999880e-02,2.971320000000000072e-01,4.427099999999999924e-01,6.174700000000000327e-02,-1.256069999999999964e-01,2.756029999999999869e-01,-1.598019999999999996e-01,-7.678799999999999515e-02,1.509870000000000101e-01,4.278989999999999738e-01,1.013720000000000038e-01,1.717799999999999883e-02,-7.620000000000000384e-02,3.215910000000000157e-01,7.820399999999999574e-02,-1.009410000000000029e-01,-1.289750000000000063e-01,1.841710000000000014e-01,2.655919999999999948e-01,1.238299999999999956e-01,-5.113199999999999690e-02,3.770300000000000040e-02,-1.017340000000000050e-01,3.788999999999999833e-03,-3.065000000000000016e-02,4.177000000000000157e-03,-6.485000000000000486e-02,-1.022590000000000027e-01,1.177340000000000053e-01,2.789300000000000113e-02,-2.513219999999999898e-01,-1.526329999999999909e-01,-1.177279999999999993e-01,-1.732180000000000109e-01,-4.997399999999999759e-02,-3.757100000000000023e-02,-6.387999999999999581e-03,-1.552709999999999924e-01,1.281710000000000071e-01,-9.177299999999999347e-02,-1.232680000000000026e-01,4.541699999999999904e-02,1.901660000000000017e-01,-7.281600000000000572e-02,5.414109999999999756e-01,-1.273239999999999927e-01,8.703199999999999825e-02,4.597799999999999804e-02,4.173600000000000226e-02,-1.255549999999999999e-01,-1.478800000000000080e-02,-1.782259999999999955e-01,-3.613000000000000239e-02,-1.722200000000000120e-02,6.963900000000000645e-02,-2.381070000000000131e-01,4.445799999999999752e-02,-9.770800000000000318e-02,3.980000000000000248e-04,-4.344599999999999851e-02,-2.300280000000000102e-01,-2.260099999999999887e-01,2.160700000000000121e-02,-1.704100000000000059e-02,-7.679800000000000515e-02,-1.289059999999999928e-01,-1.140639999999999987e-01,-2.823000000000000162e-02,-2.247599999999999945e-02
-1.461909999999999876e-01,1.666300000000000073e-02,1.793919999999999959e-01,2.851239999999999886e-01,2.072319999999999995e-01,3.868369999999999864e-01,4.415399999999999880e-02,1.000000000000000000e+00,-1.719299999999999995e-02,4.915300000000000225e-02,1.147129999999999955e-01,1.115180000000000060e-01,5.256500000000000061e-02,2.740119999999999778e-01,-1.817850000000000021e-01,-5.055669999999999886e-01,6.640100000000000169e-02,-1.244500000000000051e-01,1.911700000000000066e-01,1.183099999999999950e-02,3.499800000000000133e-01,-1.182580000000000020e-01,7.067550000000000221e-01,3.835000000000000075e-01,8.315000000000000169e-02,1.741109999999999880e-01,1.006500000000000034e-01,5.228499999999999814e-02,-2.543259999999999965e-01,1.091580000000000050e-01,-1.517310000000000048e-01,-1.339899999999999945e-02,4.173999999999999759e-03,-2.076590000000000102e-01,1.020800000000000041e-01,1.702009999999999912e-01,-5.307599999999999818e-02,-8.919499999999999651e-02,-2.301399999999999973e-02,-2.881099999999999980e-02,-1.655000000000000082e-01,-9.144299999999999651e-02,8.608499999999999486e-02,-1.186689999999999967e-01,-9.832399999999999474e-02,-5.155200000000000060e-02,2.079159999999999897e-01,2.040990000000000026e-01,-1.347210000000000074e-01,7.958099999999999896e-02,2.861299999999999955e-01,-6.249899999999999900e-02,8.668059999999999654e-01,-1.260050000000000059e-01,1.942139999999999977e-01,8.715699999999999836e-02,2.833260000000000223e-01,9.044299999999999562e-02,2.030109999999999970e-01,-3.791919999999999735e-01,-4.899100000000000121e-01,8.331600000000000117e-02,8.871199999999999919e-02,2.992500000000000021e-02,-1.633989999999999887e-01,1.598910000000000053e-01,-2.927379999999999982e-01,4.878330000000000166e-01,3.010920000000000263e-01,-5.543300000000000310e-02,1.438649999999999929e-01,6.529000000000000081e-03,-1.152299999999999991e-01,-1.810190000000000132e-01,2.067899999999999947e-02,-7.226699999999999791e-02
1.786599999999999994e-02,-2.330369999999999941e-01,5.726299999999999724e-01,1.005479999999999985e-01,6.064399999999999791e-01,-1.128760000000000041e-01,2.971320000000000072e-01,-1.719299999999999995e-02,1.000000000000000000e+00,1.226679999999999993e-01,7.407280000000000530e-01,-4.204550000000000232e-01,1.918360000000000065e-01,-1.666849999999999998e-01,2.554210000000000091e-01,2.162530000000000008e-01,1.196860000000000007e-01,2.764000000000000137e-02,3.589740000000000153e-01,2.908279999999999754e-01,1.176600000000000007e-01,-3.160500000000000115e-02,-5.739199999999999857e-02,-3.279980000000000118e-01,-1.219390000000000057e-01,-1.748369999999999924e-01,-1.739399999999999974e-02,3.147820000000000062e-01,1.007699999999999985e-01,1.669829999999999925e-01,2.709199999999999942e-01,-3.685939999999999772e-01,-4.178790000000000004e-01,-2.883330000000000060e-01,-2.099000000000000032e-01,-4.782399999999999846e-02,5.563000000000000236e-03,-1.836520000000000097e-01,-3.447500000000000009e-01,-3.405090000000000061e-01,-2.721899999999999875e-01,-4.378819999999999935e-01,-4.463799999999999712e-02,-1.211359999999999937e-01,-2.966079999999999828e-01,-4.646999999999999742e-02,-4.033160000000000078e-01,5.418950000000000156e-01,3.333300000000000152e-02,5.715930000000000177e-01,-3.152010000000000089e-01,3.356970000000000232e-01,-1.799189999999999956e-01,7.487399999999999611e-01,-1.878670000000000062e-01,6.897750000000000270e-01,-4.016799999999999815e-01,2.233299999999999869e-02,-2.557699999999999974e-01,1.421060000000000101e-01,1.515999999999999986e-02,2.359899999999999845e-02,-2.570529999999999760e-01,5.432369999999999699e-01,3.869159999999999822e-01,-1.224100000000000014e-02,1.343149999999999900e-01,-2.607709999999999750e-01,-3.736300000000000177e-01,-1.371890000000000054e-01,-4.129709999999999770e-01,1.886470000000000091e-01,2.157449999999999923e-01,1.995270000000000099e-01,3.511170000000000124e-01,2.749019999999999797e-01
2.295619999999999883e-01,4.936200000000000310e-02,-9.476600000000000301e-02,1.699920000000000042e-01,3.122519999999999740e-01,1.483319999999999916e-01,4.427099999999999924e-01,4.915300000000000225e-02,1.226679999999999993e-01,1.000000000000000000e+00,-5.200400000000000161e-02,-8.174999999999999975e-03,1.352510000000000101e-01,3.077399999999999927e-02,-1.502519999999999967e-01,6.661899999999999766e-02,5.291400000000000547e-01,6.941700000000000648e-02,-6.218699999999999922e-02,-2.540999999999999925e-01,2.468200000000000116e-01,-2.025450000000000028e-01,1.057950000000000002e-01,-3.711699999999999722e-02,1.930379999999999874e-01,1.665679999999999938e-01,1.633189999999999920e-01,-1.514369999999999883e-01,-5.323499999999999760e-02,1.310250000000000026e-01,6.060200000000000309e-02,8.829399999999999749e-02,5.077299999999999869e-02,1.540599999999999956e-02,4.444800000000000140e-02,-8.278999999999999901e-03,-5.712400000000000116e-02,1.069530000000000064e-01,-1.955300000000000094e-02,-4.696800000000000280e-02,-8.011300000000000365e-02,-1.418590000000000129e-01,-2.694699999999999873e-02,-4.564100000000000101e-02,-4.068999999999999700e-03,1.731850000000000056e-01,-2.023060000000000136e-01,-3.687599999999999906e-02,2.565149999999999930e-01,9.925499999999999601e-02,-1.138679999999999970e-01,1.340349999999999875e-01,-7.928300000000000625e-02,-4.670900000000000052e-02,4.494739999999999847e-01,5.246300000000000269e-02,-5.220799999999999746e-02,-1.908019999999999994e-01,7.838699999999999835e-02,-8.029600000000000626e-02,-7.660000000000000142e-03,2.465910000000000046e-01,-8.219999999999999529e-02,-9.060999999999999610e-03,-1.945580000000000087e-01,7.174500000000000322e-02,-2.464020000000000099e-01,3.245900000000000174e-02,-1.485599999999999976e-01,4.683400000000000063e-02,-6.803900000000000226e-02,-2.933499999999999996e-02,-1.675599999999999867e-01,-1.375170000000000003e-01,6.682000000000000439e-02,7.276399999999999535e-02
-2.941500000000000017e-02,-2.507960000000000189e-01,8.215390000000000192e-01,8.779299999999999604e-02,5.381329999999999725e-01,-1.262300000000000089e-01,6.174700000000000327e-02,1.147129999999999955e-01,7.407280000000000530e-01,-5.200400000000000161e-02,1.000000000000000000e+00,-2.682849999999999957e-01,-7.597999999999999719e-03,-9.471999999999999517e-03,2.495159999999999878e-01,6.543599999999999417e-02,1.129400000000000022e-02,-8.069099999999999884e-02,6.833129999999999482e-01,3.481110000000000038e-01,1.591779999999999862e-01,3.563899999999999707e-02,8.641999999999999682e-02,-8.192900000000000182e-02,-1.235919999999999935e-01,-2.424580000000000068e-01,4.697599999999999693e-02,2.377769999999999884e-01,3.649999999999999816e-04,1.329029999999999934e-01,3.219400000000000039e-01,-3.677019999999999733e-01,-4.331189999999999762e-01,-2.525439999999999907e-01,-1.520199999999999885e-01,-5.354500000000000232e-02,-1.941999999999999933e-03,-1.495420000000000083e-01,-2.901909999999999767e-01,-3.805319999999999814e-01,-2.156820000000000126e-01,-2.811359999999999970e-01,-4.400099999999999845e-02,-1.179739999999999955e-01,-1.791939999999999922e-01,3.181400000000000200e-02,-2.633730000000000238e-01,7.323439999999999950e-01,-4.060099999999999820e-02,6.449340000000000073e-01,-2.254500000000000115e-01,1.194840000000000069e-01,-4.467399999999999843e-02,6.264920000000000488e-01,-2.501669999999999727e-01,8.638630000000000475e-01,-2.637109999999999732e-01,-1.184609999999999969e-01,-5.009999999999999870e-02,1.425460000000000060e-01,4.221799999999999858e-02,6.393200000000000272e-02,-1.625560000000000060e-01,7.267949999999999688e-01,3.838070000000000093e-01,8.242399999999999727e-02,1.603910000000000058e-01,-1.717440000000000078e-01,-1.503160000000000052e-01,-9.627900000000000347e-02,-3.912419999999999787e-01,2.411840000000000095e-01,1.323199999999999932e-01,2.336610000000000076e-01,3.215810000000000057e-01,3.110580000000000012e-01
-1.160420000000000063e-01,7.592999999999999750e-02,-1.055650000000000061e-01,2.334229999999999916e-01,-1.363870000000000082e-01,1.354789999999999883e-01,-1.256069999999999964e-01,1.115180000000000060e-01,-4.204550000000000232e-01,-8.174999999999999975e-03,-2.682849999999999957e-01,1.000000000000000000e+00,-1.348789999999999989e-01,1.724320000000000019e-01,-3.865999999999999992e-02,-1.777519999999999933e-01,-1.402789999999999870e-01,-3.153999999999999859e-02,8.100799999999999668e-02,2.768500000000000127e-02,-6.099700000000000261e-02,3.476499999999999729e-02,8.494100000000000261e-02,6.479679999999999884e-01,-1.233449999999999963e-01,5.879000000000000198e-02,4.835300000000000015e-02,2.885199999999999917e-02,8.005099999999999716e-02,7.073300000000000420e-02,-5.515599999999999670e-02,2.056330000000000102e-01,2.931210000000000204e-01,1.192340000000000066e-01,1.291690000000000060e-01,1.832010000000000027e-01,2.798499999999999877e-01,5.205659999999999732e-01,2.113369999999999971e-01,1.255229999999999957e-01,2.230389999999999873e-01,4.271510000000000029e-01,2.701200000000000268e-01,4.395290000000000030e-01,5.412540000000000129e-01,4.958900000000000113e-02,-1.348000000000000023e-03,-1.243879999999999986e-01,-2.012380000000000002e-01,-3.591840000000000033e-01,2.633150000000000213e-01,-2.757100000000000106e-01,2.246140000000000081e-01,-3.327879999999999727e-01,8.173400000000000110e-02,-4.065300000000000025e-01,7.550630000000000397e-01,-1.547910000000000119e-01,1.511029999999999873e-01,-5.449500000000000177e-02,9.293700000000000572e-02,-1.192259999999999986e-01,1.545950000000000102e-01,-1.528920000000000001e-01,-1.215490000000000043e-01,3.516600000000000281e-02,-1.807500000000000079e-02,2.008119999999999905e-01,6.467220000000000191e-01,-2.351209999999999967e-01,1.509830000000000061e-01,-1.073979999999999935e-01,2.214790000000000092e-01,-1.534199999999999973e-02,-1.122200000000000003e-01,-1.730299999999999894e-02
-1.679839999999999944e-01,6.934280000000000443e-01,-1.026099999999999929e-02,-6.648900000000000643e-02,1.383979999999999932e-01,6.271980000000000333e-01,2.756029999999999869e-01,5.256500000000000061e-02,1.918360000000000065e-01,1.352510000000000101e-01,-7.597999999999999719e-03,-1.348789999999999989e-01,1.000000000000000000e+00,-1.606430000000000080e-01,-2.785409999999999831e-01,-9.304400000000000170e-02,3.490440000000000209e-01,8.150460000000000482e-01,-7.468500000000000139e-02,-3.058989999999999765e-01,-2.553480000000000194e-01,-2.044680000000000109e-01,-5.653299999999999992e-02,-2.925180000000000002e-01,4.548249999999999793e-01,6.432029999999999692e-01,-1.372859999999999914e-01,6.040600000000000414e-01,3.131499999999999839e-01,-2.727160000000000140e-01,-3.661650000000000182e-01,-1.941599999999999923e-02,1.746080000000000132e-01,-2.406799999999999912e-02,-1.024199999999999937e-02,-4.893700000000000133e-02,-9.256000000000000338e-03,-2.424240000000000006e-01,-2.018030000000000102e-01,8.297300000000000508e-02,-1.228810000000000041e-01,-7.177400000000000446e-02,-1.847949999999999871e-01,-1.809159999999999935e-01,-2.172209999999999974e-01,-4.992389999999999883e-01,3.108999999999999958e-02,-4.794600000000000251e-02,-1.066190000000000054e-01,1.285300000000000054e-01,2.520060000000000078e-01,1.536190000000000055e-01,-1.181159999999999988e-01,3.071329999999999893e-01,-3.712100000000000122e-02,9.617000000000000548e-02,-2.032609999999999972e-01,5.485970000000000013e-01,-2.260359999999999869e-01,-4.276809999999999778e-01,-5.288910000000000000e-01,7.487999999999999864e-03,2.053740000000000010e-01,1.129219999999999946e-01,-2.935760000000000036e-01,-5.684350000000000236e-01,-4.223689999999999944e-01,-2.485159999999999869e-01,-3.040829999999999922e-01,-1.140970000000000040e-01,-2.179599999999999940e-02,-2.729320000000000079e-01,4.015239999999999920e-01,-2.832979999999999943e-01,-1.982760000000000078e-01,-4.081370000000000275e-01
-2.357740000000000113e-01,-1.363209999999999977e-01,-1.753530000000000089e-01,3.936520000000000019e-01,1.630999999999999950e-01,5.967399999999999788e-02,-1.598019999999999996e-01,2.740119999999999778e-01,-1.666849999999999998e-01,3.077399999999999927e-02,-9.471999999999999517e-03,1.724320000000000019e-01,-1.606430000000000080e-01,1.000000000000000000e+00,-1.551420000000000021e-01,-2.212629999999999875e-01,-4.748950000000000116e-01,-1.665669999999999928e-01,-2.197560000000000069e-01,-1.465009999999999923e-01,-9.586400000000000476e-02,-1.512640000000000096e-01,2.174629999999999896e-01,2.291940000000000088e-01,-1.471139999999999948e-01,-1.757559999999999956e-01,8.143499999999999350e-02,5.216799999999999909e-02,-2.023959999999999926e-01,3.257360000000000255e-01,-4.185300000000000131e-02,5.161449999999999649e-01,-1.273450000000000137e-01,3.538499999999999979e-02,1.093129999999999935e-01,4.797299999999999898e-01,4.318210000000000104e-01,4.870169999999999777e-01,4.701870000000000216e-01,-1.475259999999999905e-01,6.851999999999999584e-03,9.823099999999999887e-02,4.672270000000000034e-01,3.320839999999999903e-01,1.845769999999999911e-01,-3.089199999999999932e-02,3.031899999999999873e-02,-8.117499999999999716e-02,4.876469999999999971e-01,1.235740000000000033e-01,8.738700000000000634e-02,-3.303300000000000125e-01,2.081020000000000092e-01,-3.176129999999999787e-01,7.399699999999999334e-02,-1.041630000000000056e-01,3.411620000000000208e-01,-2.123750000000000082e-01,7.659200000000000452e-01,-2.164260000000000073e-01,-3.715500000000000053e-02,-1.798220000000000096e-01,-3.014500000000000166e-02,-2.375230000000000119e-01,-1.055809999999999943e-01,1.703599999999999906e-02,-1.110310000000000047e-01,2.347559999999999925e-01,1.560219999999999940e-01,-1.096939999999999998e-01,-7.766499999999999793e-02,-2.659200000000000105e-02,-2.651000000000000145e-03,-9.388499999999999623e-02,1.556950000000000001e-01,1.433599999999999978e-02
2.995889999999999942e-01,-3.678230000000000111e-01,1.947840000000000127e-01,5.130699999999999844e-02,9.931500000000000050e-02,-3.332809999999999939e-01,-7.678799999999999515e-02,-1.817850000000000021e-01,2.554210000000000091e-01,-1.502519999999999967e-01,2.495159999999999878e-01,-3.865999999999999992e-02,-2.785409999999999831e-01,-1.551420000000000021e-01,1.000000000000000000e+00,4.694200000000000039e-01,-2.814399999999999888e-02,-1.962530000000000108e-01,1.202850000000000030e-01,7.202439999999999953e-01,3.696789999999999798e-01,5.450080000000000480e-01,-6.557300000000000628e-02,9.339400000000000479e-02,-2.408480000000000065e-01,-2.668719999999999981e-01,1.301499999999999879e-01,6.840999999999999859e-02,2.144010000000000082e-01,3.303420000000000245e-01,5.734420000000000073e-01,-1.681989999999999874e-01,-1.975729999999999986e-01,9.725699999999999623e-02,7.275000000000000216e-03,-7.739600000000000646e-02,1.920000000000000049e-03,6.290600000000000358e-02,-7.662000000000000408e-03,-1.495299999999999963e-01,1.232820000000000027e-01,-1.123060000000000030e-01,4.050900000000000334e-02,1.249730000000000008e-01,-1.014699999999999977e-02,3.588799999999999768e-01,-2.559939999999999993e-01,1.572020000000000084e-01,5.529999999999999976e-04,7.294200000000000683e-02,-3.107070000000000110e-01,2.109320000000000084e-01,-2.064219999999999944e-01,2.379429999999999878e-01,-2.757850000000000024e-01,1.392150000000000054e-01,-6.844300000000000384e-02,-8.841000000000000247e-02,-1.450919999999999987e-01,8.414220000000000033e-01,4.623110000000000275e-01,-7.344900000000000040e-02,-2.004910000000000025e-01,8.049499999999999711e-02,7.267120000000000246e-01,4.029780000000000029e-01,6.750909999999999966e-01,-1.731399999999999953e-02,8.211499999999999355e-02,3.046600000000000003e-02,-1.454529999999999990e-01,3.669259999999999744e-01,6.849399999999999933e-02,4.982849999999999779e-01,3.338329999999999909e-01,5.334510000000000085e-01
5.073020000000000307e-01,-6.947899999999999909e-02,6.612899999999999334e-02,-1.092589999999999950e-01,1.256909999999999972e-01,-2.512510000000000021e-01,1.509870000000000101e-01,-5.055669999999999886e-01,2.162530000000000008e-01,6.661899999999999766e-02,6.543599999999999417e-02,-1.777519999999999933e-01,-9.304400000000000170e-02,-2.212629999999999875e-01,4.694200000000000039e-01,1.000000000000000000e+00,1.294250000000000123e-01,1.157709999999999989e-01,-2.196899999999999895e-02,2.532179999999999986e-01,2.362470000000000125e-01,3.893490000000000006e-01,-2.020720000000000016e-01,-1.639680000000000026e-01,8.128799999999999915e-02,-8.849200000000000121e-02,-7.270000000000000420e-03,4.019299999999999956e-02,4.658510000000000151e-01,1.380399999999999960e-01,5.128519999999999746e-01,-8.891599999999999504e-02,8.117399999999999616e-02,1.778089999999999948e-01,-1.263199999999999878e-01,-1.994750000000000134e-01,-9.386000000000000246e-03,1.128799999999999942e-01,-1.234979999999999967e-01,7.711800000000000599e-02,1.269510000000000083e-01,-8.717300000000000049e-02,-1.504979999999999929e-01,7.907000000000000139e-02,5.726500000000000340e-02,3.856510000000000216e-01,-3.456600000000000228e-01,6.031600000000000156e-02,-9.120000000000000502e-04,-2.394900000000000154e-02,-3.365040000000000253e-01,1.524439999999999962e-01,-5.198289999999999855e-01,8.848399999999999321e-02,-2.259940000000000004e-01,7.332500000000000129e-02,-3.247300000000000186e-01,-2.287780000000000091e-01,-1.959190000000000098e-01,5.541730000000000267e-01,6.462630000000000319e-01,-7.170899999999999497e-02,-2.167489999999999972e-01,3.256400000000000267e-02,3.474380000000000246e-01,2.170259999999999967e-01,4.243870000000000142e-01,-1.943010000000000015e-01,-2.347400000000000042e-01,1.596920000000000006e-01,-1.805190000000000128e-01,6.066000000000000211e-03,1.378590000000000093e-01,3.427239999999999731e-01,2.403240000000000098e-01,4.064860000000000140e-01
4.502030000000000198e-01,2.769510000000000027e-01,9.611100000000000199e-02,-7.013800000000000590e-02,1.952830000000000121e-01,2.573440000000000172e-01,4.278989999999999738e-01,6.640100000000000169e-02,1.196860000000000007e-01,5.291400000000000547e-01,1.129400000000000022e-02,-1.402789999999999870e-01,3.490440000000000209e-01,-4.748950000000000116e-01,-2.814399999999999888e-02,1.294250000000000123e-01,1.000000000000000000e+00,3.189230000000000120e-01,2.138309999999999933e-01,-1.287490000000000023e-01,3.090700000000000114e-01,-4.112699999999999689e-02,-3.899999999999999821e-03,-3.970900000000000124e-02,3.650800000000000156e-01,4.963239999999999874e-01,-5.020499999999999963e-02,-5.309400000000000230e-02,1.111219999999999986e-01,-1.366819999999999979e-01,2.218799999999999939e-02,-9.400699999999999334e-02,2.908709999999999907e-01,5.241500000000000326e-02,1.152659999999999935e-01,-2.811500000000000110e-01,-3.562580000000000191e-01,-4.328949999999999743e-01,-1.904109999999999969e-01,2.867270000000000096e-01,-1.242099999999999975e-02,-4.974699999999999955e-02,-3.485790000000000277e-01,-3.513240000000000252e-01,-2.168339999999999990e-01,1.764509999999999967e-01,-9.943999999999999714e-03,3.646800000000000042e-02,-2.513509999999999911e-01,-1.252669999999999895e-01,1.121469999999999967e-01,2.771489999999999787e-01,3.371299999999999991e-02,4.623499999999999832e-02,4.224330000000000029e-01,1.136019999999999947e-01,-2.518000000000000238e-01,2.427590000000000026e-01,-3.995000000000000218e-01,-2.583900000000000086e-02,-9.707000000000000350e-02,4.908399999999999985e-01,2.192639999999999867e-01,1.980339999999999878e-01,-1.308769999999999933e-01,6.173399999999999721e-02,-1.604849999999999888e-01,-1.274969999999999992e-01,-7.717899999999999761e-02,2.354179999999999884e-01,2.712249999999999939e-01,-1.479850000000000054e-01,2.276399999999999951e-02,-1.231420000000000015e-01,2.667999999999999799e-03,-2.346699999999999828e-02
2.127700000000000077e-02,6.789349999999999552e-01,-5.677299999999999708e-02,-2.716729999999999978e-01,-1.091379999999999989e-01,4.637539999999999996e-01,1.013720000000000038e-01,-1.244500000000000051e-01,2.764000000000000137e-02,6.941700000000000648e-02,-8.069099999999999884e-02,-3.153999999999999859e-02,8.150460000000000482e-01,-1.665669999999999928e-01,-1.962530000000000108e-01,1.157709999999999989e-01,3.189230000000000120e-01,1.000000000000000000e+00,-8.379899999999999849e-02,-2.775139999999999829e-01,-2.360970000000000013e-01,-5.340899999999999814e-02,-1.156009999999999954e-01,-1.338040000000000063e-01,5.071170000000000400e-01,6.656919999999999504e-01,-1.868209999999999871e-01,5.244919999999999582e-01,3.594010000000000260e-01,-2.870650000000000146e-01,-2.906119999999999814e-01,-2.156900000000000137e-02,3.459780000000000078e-01,1.111100000000000004e-01,-4.209600000000000147e-02,-2.471970000000000001e-01,-1.469090000000000118e-01,-7.036199999999999399e-02,-1.741900000000000115e-01,2.320309999999999873e-01,6.348999999999999609e-03,8.050899999999999723e-02,-3.448269999999999946e-01,-2.295429999999999970e-01,1.013099999999999938e-02,-2.663189999999999724e-01,-1.461600000000000052e-02,-8.707099999999999562e-02,-1.623280000000000001e-01,1.555600000000000038e-02,2.140100000000000058e-01,6.779200000000000503e-02,-2.244700000000000029e-01,1.868920000000000026e-01,-1.454699999999999917e-02,2.734299999999999925e-02,-1.393899999999999861e-01,4.420370000000000132e-01,-2.120539999999999925e-01,-3.114930000000000199e-01,-3.125419999999999865e-01,7.698900000000000188e-02,3.742300000000000071e-01,1.027239999999999959e-01,-2.814229999999999787e-01,-4.466930000000000067e-01,-3.126599999999999935e-01,-2.759980000000000211e-01,-1.575139999999999874e-01,-3.197699999999999848e-02,1.043110000000000009e-01,-3.049310000000000076e-01,3.829489999999999839e-01,-2.689819999999999989e-01,-2.370309999999999917e-01,-3.532560000000000144e-01
5.149200000000000305e-02,-6.750200000000000644e-02,8.162850000000000383e-01,-9.102300000000000668e-02,2.556930000000000036e-01,5.153599999999999848e-02,1.717799999999999883e-02,1.911700000000000066e-01,3.589740000000000153e-01,-6.218699999999999922e-02,6.833129999999999482e-01,8.100799999999999668e-02,-7.468500000000000139e-02,-2.197560000000000069e-01,1.202850000000000030e-01,-2.196899999999999895e-02,2.138309999999999933e-01,-8.379899999999999849e-02,1.000000000000000000e+00,2.899160000000000070e-01,1.402579999999999938e-01,1.026060000000000028e-01,2.039849999999999997e-01,1.416499999999999981e-01,9.391800000000000148e-02,-2.805999999999999901e-03,9.068099999999999772e-02,-2.453699999999999978e-02,6.920700000000000462e-02,-9.232999999999999888e-03,1.509399999999999908e-01,-2.815309999999999757e-01,-8.796299999999999952e-02,-1.776770000000000016e-01,-7.177100000000000146e-02,-2.356890000000000096e-01,-1.892709999999999948e-01,-1.908819999999999961e-01,-2.373850000000000127e-01,-7.725700000000000622e-02,-8.121699999999999753e-02,-6.330199999999999716e-02,-2.019799999999999929e-01,-2.300169999999999992e-01,-8.135199999999999376e-02,8.298400000000000221e-02,-1.981799999999999881e-02,6.314400000000000013e-01,-3.084029999999999827e-01,2.400809999999999889e-01,2.717400000000000024e-02,6.385699999999999710e-02,1.467090000000000061e-01,3.405610000000000026e-01,4.309799999999999742e-02,6.017409999999999703e-01,-2.912899999999999864e-02,-8.446399999999999741e-02,-1.029899999999999982e-01,2.487299999999999928e-02,7.861999999999999197e-03,2.380950000000000011e-01,8.051999999999999436e-02,7.487279999999999491e-01,1.290060000000000096e-01,6.047500000000000098e-02,1.403000000000000080e-02,-3.111699999999999883e-02,1.338789999999999980e-01,9.049300000000000399e-02,-1.845000000000000112e-02,6.219899999999999735e-02,6.934899999999999398e-02,7.334499999999999353e-02,1.253060000000000007e-01,1.118709999999999982e-01
1.523859999999999937e-01,-3.970170000000000088e-01,3.544990000000000085e-01,1.345220000000000027e-01,8.123700000000000365e-02,-3.018080000000000207e-01,-7.620000000000000384e-02,1.183099999999999950e-02,2.908279999999999754e-01,-2.540999999999999925e-01,3.481110000000000038e-01,2.768500000000000127e-02,-3.058989999999999765e-01,-1.465009999999999923e-01,7.202439999999999953e-01,2.532179999999999986e-01,-1.287490000000000023e-01,-2.775139999999999829e-01,2.899160000000000070e-01,1.000000000000000000e+00,3.424090000000000189e-01,6.389439999999999564e-01,2.240999999999999936e-02,2.751979999999999982e-01,-3.307419999999999805e-01,-3.053799999999999848e-01,3.067340000000000066e-01,1.255590000000000039e-01,3.643270000000000119e-01,4.111079999999999735e-01,6.065620000000000456e-01,-2.223900000000000043e-01,-2.443559999999999899e-01,-4.725300000000000333e-02,-1.070740000000000025e-01,-5.521399999999999919e-02,-5.357599999999999862e-02,9.240400000000000003e-02,-5.072700000000000126e-02,-2.009360000000000035e-01,8.046599999999999586e-02,-1.753949999999999954e-01,8.423100000000000032e-02,2.649999999999999925e-02,-8.873000000000000678e-03,3.427290000000000059e-01,-1.508599999999999941e-01,2.464320000000000122e-01,-1.999400000000000135e-02,8.071200000000000596e-02,-3.097619999999999818e-01,2.158899999999999986e-01,-5.483999999999999986e-02,2.780630000000000046e-01,-3.121829999999999883e-01,1.875729999999999897e-01,8.836499999999999910e-02,-1.235460000000000030e-01,-1.336320000000000008e-01,6.234220000000000317e-01,4.353029999999999955e-01,3.060999999999999919e-03,-1.396100000000000119e-01,2.111959999999999948e-01,8.118520000000000181e-01,4.072060000000000124e-01,6.816480000000000317e-01,-2.867999999999999890e-03,2.520899999999999808e-01,-4.355200000000000043e-02,-1.070330000000000031e-01,4.341099999999999959e-01,9.965400000000000647e-02,6.401860000000000328e-01,4.837779999999999858e-01,5.995669999999999611e-01
