1.000000000000000000e+00,5.295769999999999644e-01,5.192440000000000389e-01,2.131889999999999896e-01,1.842479999999999951e-01,2.257010000000000127e-01,4.214109999999999800e-01,4.990399999999999836e-01,1.912780000000000036e-01,5.138380000000000170e-01,5.245560000000000223e-01,5.460239999999999538e-01,3.651530000000000054e-01,1.241099999999999981e-01,5.422449999999999770e-01,8.027030000000000554e-01,7.668770000000000309e-01,6.798309999999999631e-01,5.689530000000000420e-01,7.508270000000000222e-01,5.624169999999999447e-01,7.826929999999999721e-01,5.700159999999999672e-01,7.857269999999999532e-01,7.701430000000000220e-01,7.895240000000000036e-01,5.155849999999999600e-01,6.641880000000000006e-01,4.291809999999999792e-01,7.950159999999999449e-01,7.583670000000000133e-01,8.082310000000000327e-01,4.617299999999999738e-01,6.567269999999999497e-01,-4.461160000000000125e-01,4.872440000000000104e-01,5.198999999999999629e-03,3.357709999999999861e-01,6.293020000000000280e-01,5.838389999999999969e-01,6.588500000000000467e-01,-1.012630000000000058e-01,5.498840000000000394e-01,4.832509999999999861e-01,3.373959999999999737e-01,9.251059999999999839e-01,4.602609999999999757e-01,6.163030000000000452e-01,2.955990000000000006e-01,3.563990000000000213e-01,4.777830000000000132e-01,3.523649999999999838e-01,3.562060000000000226e-01,4.689769999999999772e-01,4.852279999999999927e-01,3.229600000000000248e-01,4.145380000000000176e-01,2.904630000000000267e-01,3.403249999999999886e-01,5.744070000000000009e-01,7.320569999999999578e-01,3.045860000000000234e-01,6.316150000000000375e-01,5.422709999999999475e-01,7.782249999999999446e-01,6.497300000000000297e-01,7.959690000000000376e-01,5.252759999999999652e-01,4.466010000000000257e-01,6.580209999999999670e-01,7.923459999999999948e-01,6.716330000000000355e-01,5.232850000000000001e-01,7.330370000000000497e-01,7.104300000000000059e-01,7.445610000000000284e-01
5.295769999999999644e-01,1.000000000000000000e+00,4.013269999999999893e-01,4.623430000000000040e-01,4.143640000000000101e-01,5.994300000000000184e-01,4.560409999999999742e-01,4.287929999999999797e-01,3.176720000000000099e-01,4.426590000000000247e-01,1.914710000000000023e-01,2.767299999999999760e-01,6.134190000000000476e-01,5.345950000000000424e-01,3.279170000000000140e-01,6.250710000000000433e-01,5.844470000000000498e-01,7.058910000000000462e-01,5.486189999999999678e-01,6.310029999999999806e-01,3.107409999999999894e-01,6.839370000000000172e-01,4.605460000000000109e-01,5.136589999999999767e-01,7.771040000000000170e-01,7.366209999999999702e-01,6.627239999999999798e-01,5.853709999999999747e-01,5.386360000000000037e-01,3.794620000000000215e-01,5.670899999999999830e-01,6.492550000000000265e-01,5.038010000000000543e-01,4.480970000000000231e-01,-5.118390000000000439e-01,6.161579999999999835e-01,3.362350000000000061e-01,3.558299999999999658e-02,5.921830000000000149e-01,4.126040000000000263e-01,2.015240000000000087e-01,-1.357780000000000098e-01,4.858899999999999886e-01,1.615810000000000024e-01,-1.532200000000000055e-02,4.158310000000000062e-01,7.073099999999999943e-01,4.250610000000000221e-01,2.503739999999999855e-01,1.941110000000000058e-01,4.958469999999999822e-01,2.057720000000000105e-01,3.698380000000000001e-01,2.657829999999999915e-01,3.852749999999999786e-01,3.152510000000000034e-01,5.087390000000000523e-01,3.952430000000000110e-01,3.585789999999999811e-01,1.866240000000000121e-01,3.651760000000000006e-01,4.316240000000000077e-01,5.900410000000000377e-01,3.545539999999999803e-01,5.979640000000000510e-01,3.012900000000000023e-01,5.092729999999999757e-01,4.491209999999999924e-01,3.115990000000000149e-01,5.138530000000000042e-01,5.611150000000000304e-01,5.549479999999999968e-01,4.443239999999999967e-01,4.894649999999999834e-01,5.103109999999999591e-01,4.642780000000000240e-01
5.192440000000000389e-01,4.013269999999999893e-01,1.000000000000000000e+00,5.302799999999999736e-01,6.016230000000000189e-01,6.594719999999999471e-01,2.983049999999999868e-01,3.580749999999999766e-01,7.469120000000000203e-01,7.005090000000000483e-01,3.196649999999999769e-01,5.576600000000000307e-02,6.969659999999999744e-01,4.578110000000000235e-01,5.327100000000000168e-01,5.528070000000000483e-01,4.163979999999999904e-01,4.848049999999999859e-01,7.323579999999999535e-01,5.204800000000000537e-01,6.819300000000000361e-02,4.347849999999999770e-01,6.118609999999999882e-01,6.076810000000000267e-01,5.449230000000000462e-01,4.412699999999999956e-01,5.454879999999999729e-01,6.930619999999999559e-01,6.165279999999999649e-01,2.834229999999999805e-01,6.395140000000000269e-01,4.999239999999999795e-01,7.215209999999999679e-01,7.121450000000000280e-01,-3.326870000000000105e-01,5.714580000000000215e-01,5.813829999999999831e-01,1.966259999999999952e-01,5.828560000000000407e-01,5.343280000000000252e-01,2.846580000000000221e-01,-4.007809999999999984e-01,4.349950000000000205e-01,1.518780000000000130e-01,-2.020889999999999909e-01,4.702919999999999878e-01,2.713860000000000161e-01,8.545190000000000285e-01,1.373979999999999924e-01,3.328909999999999925e-01,7.377580000000000249e-01,6.252900000000000125e-02,4.286969999999999947e-01,6.455189999999999539e-01,6.989130000000000065e-01,5.373470000000000191e-01,7.318959999999999910e-01,6.212809999999999722e-01,1.234959999999999947e-01,1.964170000000000083e-01,3.376149999999999984e-01,6.539890000000000425e-01,6.288730000000000153e-01,4.516899999999999804e-01,5.158989999999999965e-01,1.408590000000000120e-01,3.112770000000000259e-01,6.321229999999999905e-01,6.852129999999999610e-01,6.450749999999999540e-01,5.237030000000000296e-01,3.082599999999999785e-01,6.678849999999999509e-01,4.831420000000000159e-01,4.484210000000000140e-01,6.139219999999999677e-01
2.131889999999999896e-01,4.623430000000000040e-01,5.302799999999999736e-01,1.000000000000000000e+00,7.736870000000000136e-01,5.820060000000000233e-01,4.663160000000000083e-01,1.810160000000000102e-01,5.908520000000000438e-01,5.206929999999999614e-01,2.937440000000000051e-01,1.183099999999999950e-02,6.844919999999999893e-01,5.532049999999999468e-01,2.105980000000000074e-01,3.837450000000000028e-01,2.782490000000000241e-01,4.910209999999999853e-01,3.170169999999999932e-01,2.477449999999999930e-01,8.028000000000000413e-03,2.191190000000000082e-01,3.096140000000000003e-01,2.897259999999999835e-01,4.958190000000000097e-01,3.590690000000000270e-01,4.838000000000000078e-01,4.695699999999999874e-01,5.307819999999999760e-01,6.751000000000000056e-03,4.925990000000000091e-01,3.002969999999999806e-01,5.611789999999999834e-01,3.715910000000000046e-01,-2.391500000000000015e-01,4.673570000000000224e-01,6.992479999999999807e-01,7.616000000000000374e-03,3.799980000000000024e-01,2.923069999999999835e-01,-5.166599999999999665e-02,-3.251350000000000073e-01,3.362430000000000141e-01,1.534419999999999951e-01,-2.323900000000000132e-01,1.559869999999999868e-01,2.074350000000000083e-01,3.932459999999999845e-01,-1.048540000000000028e-01,4.729539999999999855e-01,4.481169999999999876e-01,2.230050000000000088e-01,2.747419999999999862e-01,5.352240000000000331e-01,5.631420000000000314e-01,6.263210000000000166e-01,6.299909999999999677e-01,4.801710000000000145e-01,2.512220000000000009e-01,-7.683999999999999858e-03,1.440089999999999981e-01,5.512310000000000265e-01,3.920020000000000171e-01,2.721979999999999955e-01,2.366109999999999880e-01,6.585199999999999387e-02,6.432200000000000417e-02,3.420039999999999747e-01,3.472310000000000119e-01,4.551220000000000265e-01,2.842569999999999819e-01,2.000450000000000006e-01,3.796149999999999802e-01,2.895400000000000196e-01,2.557090000000000196e-01,3.885899999999999910e-01
1.842479999999999951e-01,4.143640000000000101e-01,6.016230000000000189e-01,7.736870000000000136e-01,1.000000000000000000e+00,7.551860000000000239e-01,5.351339999999999986e-01,9.675699999999999579e-02,8.281169999999999920e-01,5.795730000000000048e-01,2.902040000000000175e-01,-1.170419999999999933e-01,8.043780000000000374e-01,6.371700000000000141e-01,3.702460000000000195e-01,4.114970000000000017e-01,1.299379999999999979e-01,4.636140000000000261e-01,4.079400000000000248e-01,2.394560000000000022e-01,-4.052300000000000346e-02,1.834169999999999967e-01,3.327539999999999942e-01,2.933580000000000076e-01,5.118040000000000367e-01,2.401649999999999896e-01,5.905510000000000481e-01,5.046169999999999822e-01,7.232269999999999532e-01,-5.326700000000000185e-02,4.928449999999999775e-01,2.362569999999999948e-01,5.610519999999999952e-01,4.087140000000000217e-01,-6.560900000000000065e-02,4.802449999999999775e-01,8.528390000000000137e-01,4.086399999999999755e-02,3.798170000000000157e-01,1.982240000000000113e-01,-2.093270000000000131e-01,-3.892959999999999754e-01,2.777689999999999881e-01,-5.684600000000000070e-02,-5.119759999999999867e-01,1.347069999999999934e-01,1.597570000000000101e-01,4.342710000000000181e-01,-3.644499999999999823e-02,4.508320000000000105e-01,5.583690000000000042e-01,2.358820000000000083e-01,2.703940000000000232e-01,6.640829999999999789e-01,6.171100000000000474e-01,7.351349999999999829e-01,7.495619999999999505e-01,6.142999999999999572e-01,1.562060000000000115e-01,1.040600000000000032e-02,6.517199999999999382e-02,7.092349999999999488e-01,4.885260000000000158e-01,3.243550000000000044e-01,2.936259999999999981e-01,8.964600000000000346e-02,8.677999999999999950e-03,3.826450000000000129e-01,5.191909999999999581e-01,6.145589999999999664e-01,2.154810000000000059e-01,2.746460000000000012e-01,5.595700000000000118e-01,3.306649999999999867e-01,2.999990000000000157e-01,4.296989999999999976e-01
2.257010000000000127e-01,5.994300000000000184e-01,6.594719999999999471e-01,5.820060000000000233e-01,7.551860000000000239e-01,1.000000000000000000e+00,3.535690000000000222e-01,2.245340000000000114e-01,7.947950000000000292e-01,6.475950000000000317e-01,-1.784600000000000075e-02,-1.475569999999999937e-01,8.497350000000000181e-01,5.809659999999999824e-01,4.382340000000000124e-01,4.161909999999999776e-01,1.473270000000000135e-01,4.181549999999999989e-01,5.839170000000000194e-01,4.429330000000000211e-01,-1.811210000000000042e-01,3.334309999999999774e-01,5.560359999999999747e-01,4.562689999999999801e-01,5.048780000000000490e-01,3.607770000000000143e-01,6.729150000000000409e-01,5.430040000000000422e-01,7.807330000000000103e-01,-4.509200000000000014e-02,5.125650000000000484e-01,3.012290000000000245e-01,6.653499999999999970e-01,5.077800000000000091e-01,-1.443429999999999991e-01,5.996890000000000276e-01,7.748359999999999692e-01,6.400599999999999346e-02,4.723140000000000116e-01,2.986409999999999898e-01,-1.290449999999999930e-01,-3.576030000000000042e-01,2.325089999999999935e-01,-2.177630000000000121e-01,-5.589699999999999669e-01,1.450700000000000045e-01,3.057570000000000010e-01,4.969169999999999976e-01,1.949849999999999917e-01,4.974499999999999755e-02,7.015789999999999527e-01,-1.120260000000000006e-01,3.437799999999999745e-01,3.769589999999999885e-01,5.755240000000000355e-01,4.994250000000000078e-01,7.820270000000000277e-01,5.917259999999999742e-01,1.576200000000000101e-01,-6.721699999999999897e-02,6.418999999999999706e-02,7.222119999999999651e-01,5.687550000000000106e-01,2.898029999999999773e-01,4.161469999999999891e-01,-1.142419999999999963e-01,5.620100000000000096e-02,5.725280000000000369e-01,6.675999999999999712e-01,5.415280000000000094e-01,2.740420000000000078e-01,2.212300000000000100e-01,6.076890000000000347e-01,2.532460000000000266e-01,2.770799999999999930e-01,4.707930000000000170e-01
4.214109999999999800e-01,4.560409999999999742e-01,2.983049999999999868e-01,4.663160000000000083e-01,5.351339999999999986e-01,3.535690000000000222e-01,1.000000000000000000e+00,1.394809999999999939e-01,2.495979999999999865e-01,2.770679999999999810e-01,4.123350000000000071e-01,2.955720000000000014e-01,4.923409999999999731e-01,1.520479999999999887e-01,2.620819999999999816e-01,5.005460000000000464e-01,3.537060000000000204e-01,5.805510000000000392e-01,2.314549999999999941e-01,1.823980000000000046e-01,3.256220000000000225e-01,1.916490000000000138e-01,3.144399999999999973e-01,3.139950000000000241e-01,5.618659999999999766e-01,3.564030000000000253e-01,5.391839999999999966e-01,4.451709999999999834e-01,3.747170000000000223e-01,2.954660000000000064e-01,3.547239999999999838e-01,3.845899999999999874e-01,3.222059999999999924e-01,2.249889999999999946e-01,-2.901520000000000210e-01,3.288499999999999757e-01,1.998199999999999976e-01,4.882399999999999934e-02,3.951359999999999872e-01,2.849940000000000251e-01,8.520300000000000096e-02,-1.784469999999999945e-01,3.229110000000000036e-01,2.161029999999999895e-01,5.297000000000000319e-02,4.114269999999999872e-01,2.788640000000000008e-01,2.097620000000000040e-01,-7.906399999999999539e-02,5.917029999999999790e-01,3.040229999999999877e-01,6.195760000000000156e-01,1.902290000000000092e-01,5.455430000000000001e-01,3.705510000000000193e-01,4.761920000000000042e-01,3.396739999999999760e-01,4.006259999999999821e-01,1.474620000000000097e-01,2.719980000000000175e-01,2.596149999999999847e-01,3.265680000000000249e-01,4.211030000000000051e-01,3.398439999999999794e-01,3.109950000000000214e-01,3.717980000000000174e-01,2.906440000000000135e-01,2.553949999999999831e-01,2.328210000000000002e-01,5.132719999999999505e-01,3.056780000000000053e-01,5.137190000000000367e-01,3.115829999999999989e-01,3.817960000000000242e-01,4.345820000000000238e-01,3.091059999999999919e-01
4.990399999999999836e-01,4.287929999999999797e-01,3.580749999999999766e-01,1.810160000000000102e-01,9.675699999999999579e-02,2.245340000000000114e-01,1.394809999999999939e-01,1.000000000000000000e+00,9.176399999999999835e-02,4.092580000000000107e-01,4.358639999999999737e-01,6.510799999999999921e-01,2.429119999999999890e-01,2.228590000000000015e-01,1.730990000000000029e-01,2.649659999999999793e-01,6.322130000000000249e-01,3.907459999999999822e-01,3.168849999999999723e-01,4.418110000000000093e-01,5.939440000000000275e-01,3.903119999999999923e-01,7.194840000000000124e-01,6.570890000000000342e-01,3.310290000000000177e-01,6.484140000000000459e-01,7.322900000000000242e-02,3.981770000000000032e-01,-7.557999999999999614e-03,4.988230000000000164e-01,3.320339999999999958e-01,6.174279999999999768e-01,2.335760000000000058e-01,4.584790000000000254e-01,-2.657689999999999775e-01,4.447599999999999887e-01,2.534399999999999847e-02,1.944859999999999922e-01,4.886449999999999960e-01,3.288470000000000004e-01,5.180879999999999930e-01,5.426399999999999973e-02,5.791800000000000281e-01,4.353609999999999980e-01,2.701379999999999892e-01,4.428980000000000139e-01,4.318719999999999781e-01,5.046880000000000255e-01,2.338179999999999981e-01,3.005650000000000266e-01,5.946270000000000167e-01,1.578690000000000093e-01,8.423880000000000257e-01,2.466170000000000029e-01,2.838370000000000060e-01,2.003780000000000006e-01,4.265209999999999835e-01,2.830790000000000251e-01,4.112279999999999824e-01,1.051819999999999977e-01,1.906299999999999939e-01,3.588020000000000098e-01,2.846369999999999734e-01,3.633089999999999931e-01,4.975490000000000190e-01,4.649479999999999724e-01,4.316249999999999809e-01,6.700359999999999649e-01,3.548149999999999915e-01,2.737789999999999946e-01,6.941760000000000153e-01,2.132070000000000076e-01,3.600800000000000112e-01,2.658749999999999725e-01,4.578599999999999892e-01,3.687389999999999834e-01
1.912780000000000036e-01,3.176720000000000099e-01,7.469120000000000203e-01,5.908520000000000438e-01,8.281169999999999920e-01,7.947950000000000292e-01,2.495979999999999865e-01,9.176399999999999835e-02,1.000000000000000000e+00,6.239940000000000486e-01,1.111380000000000007e-01,-2.232449999999999990e-01,7.953219999999999734e-01,5.305790000000000228e-01,4.629570000000000074e-01,3.800720000000000209e-01,1.422569999999999946e-01,3.772050000000000125e-01,5.481409999999999894e-01,3.547330000000000205e-01,-1.549449999999999994e-01,2.483750000000000124e-01,3.293769999999999754e-01,3.333940000000000237e-01,4.424440000000000039e-01,2.088569999999999871e-01,5.710880000000000400e-01,5.208770000000000344e-01,7.515279999999999738e-01,-4.346699999999999869e-02,5.127110000000000278e-01,2.025089999999999946e-01,6.859420000000000517e-01,5.485809999999999853e-01,-1.300280000000000047e-01,5.319310000000000427e-01,8.577960000000000029e-01,1.069999999999999979e-01,4.122970000000000246e-01,3.320560000000000178e-01,-1.559250000000000080e-01,-5.371970000000000356e-01,2.527829999999999799e-01,-1.671050000000000035e-01,-5.893770000000000397e-01,1.285399999999999876e-01,9.565600000000000491e-02,5.330679999999999863e-01,5.780099999999999821e-02,2.131230000000000069e-01,5.987989999999999702e-01,-4.000299999999999689e-02,2.723200000000000065e-01,6.495980000000000087e-01,6.485940000000000039e-01,6.432309999999999972e-01,8.029380000000000406e-01,6.211750000000000327e-01,-6.148300000000000293e-02,3.561199999999999782e-02,4.211999999999999772e-02,7.400510000000000144e-01,5.009099999999999664e-01,3.052739999999999898e-01,3.202619999999999911e-01,-2.606299999999999936e-02,-1.298000000000000022e-02,3.829080000000000261e-01,6.423130000000000228e-01,5.807849999999999957e-01,2.039340000000000042e-01,1.541059999999999930e-01,6.316610000000000280e-01,3.042719999999999869e-01,2.364420000000000133e-01,4.544770000000000199e-01
5.138380000000000170e-01,4.426590000000000247e-01,7.005090000000000483e-01,5.206929999999999614e-01,5.795730000000000048e-01,6.475950000000000317e-01,2.770679999999999810e-01,4.092580000000000107e-01,6.239940000000000486e-01,1.000000000000000000e+00,3.896040000000000059e-01,9.529999999999999583e-02,6.720850000000000435e-01,3.972200000000000175e-01,3.892590000000000217e-01,5.801969999999999628e-01,5.177910000000000013e-01,6.052279999999999882e-01,6.861350000000000504e-01,5.507739999999999858e-01,1.868279999999999941e-01,4.600330000000000252e-01,5.564299999999999802e-01,7.798049999999999704e-01,6.175779999999999603e-01,5.249700000000000477e-01,4.793660000000000143e-01,7.175000000000000266e-01,6.660040000000000404e-01,3.989349999999999841e-01,7.377169999999999561e-01,5.819260000000000543e-01,7.066230000000000011e-01,7.556739999999999569e-01,-7.444000000000000616e-02,5.754719999999999835e-01,6.287549999999999528e-01,5.802049999999999708e-01,5.598809999999999620e-01,5.939470000000000027e-01,2.826080000000000259e-01,-2.939720000000000111e-01,4.872929999999999762e-01,3.513999999999999901e-01,-1.003499999999999948e-01,5.387300000000000422e-01,2.194859999999999867e-01,6.553440000000000376e-01,2.367470000000000130e-01,1.834939999999999904e-01,7.092260000000000231e-01,1.900800000000000059e-02,3.748619999999999730e-01,5.558250000000000135e-01,8.693689999999999474e-01,6.250299999999999745e-01,8.093639999999999723e-01,5.196600000000000108e-01,2.263479999999999936e-01,7.067199999999999871e-02,3.978780000000000094e-01,7.052249999999999908e-01,7.158820000000000183e-01,5.963659999999999517e-01,5.651150000000000340e-01,2.696120000000000183e-01,3.561630000000000074e-01,5.693270000000000275e-01,8.262739999999999529e-01,7.324770000000000447e-01,5.524130000000000429e-01,3.074899999999999856e-01,7.126839999999999842e-01,5.205589999999999939e-01,5.924180000000000001e-01,7.472389999999999866e-01
5.245560000000000223e-01,1.914710000000000023e-01,3.196649999999999769e-01,2.937440000000000051e-01,2.902040000000000175e-01,-1.784600000000000075e-02,4.123350000000000071e-01,4.358639999999999737e-01,1.111380000000000007e-01,3.896040000000000059e-01,1.000000000000000000e+00,6.305020000000000069e-01,2.082930000000000059e-01,1.154150000000000037e-01,2.149880000000000124e-01,3.981589999999999852e-01,6.135589999999999655e-01,5.622740000000000515e-01,2.314769999999999883e-01,3.028089999999999948e-01,6.187620000000000342e-01,3.287550000000000194e-01,3.009479999999999933e-01,4.767540000000000111e-01,4.800329999999999875e-01,4.572269999999999945e-01,1.531260000000000121e-01,4.207730000000000081e-01,7.995800000000000129e-02,5.385259999999999492e-01,4.045529999999999959e-01,4.826079999999999814e-01,1.994319999999999982e-01,4.265880000000000227e-01,-2.452719999999999900e-01,2.871940000000000048e-01,4.333599999999999952e-02,3.752920000000000145e-01,3.346870000000000123e-01,3.153630000000000044e-01,5.111630000000000340e-01,-7.829099999999999948e-02,5.744439999999999547e-01,7.156059999999999643e-01,4.779059999999999975e-01,5.996789999999999621e-01,2.225910000000000111e-01,3.920850000000000168e-01,-1.142940000000000067e-01,6.152339999999999476e-01,3.522549999999999848e-01,5.972330000000000139e-01,3.667380000000000084e-01,6.228270000000000195e-01,4.931450000000000000e-01,5.548680000000000279e-01,3.293189999999999729e-01,2.644929999999999781e-01,1.208000000000000046e-01,3.898429999999999951e-01,4.513710000000000222e-01,2.769730000000000247e-01,3.932490000000000152e-01,5.183879999999999599e-01,4.256229999999999736e-01,6.268709999999999560e-01,5.234379999999999589e-01,2.668559999999999821e-01,1.949480000000000102e-01,5.002069999999999572e-01,5.596510000000000096e-01,3.935359999999999969e-01,3.176749999999999852e-01,4.724360000000000226e-01,5.098850000000000326e-01,4.281960000000000210e-01
5.460239999999999538e-01,2.767299999999999760e-01,5.576600000000000307e-02,1.183099999999999950e-02,-1.170419999999999933e-01,-1.475569999999999937e-01,2.955720000000000014e-01,6.510799999999999921e-01,-2.232449999999999990e-01,9.529999999999999583e-02,6.305020000000000069e-01,1.000000000000000000e+00,-2.307899999999999882e-02,-9.874700000000000144e-02,9.738399999999999834e-02,2.509629999999999916e-01,6.552360000000000406e-01,3.970560000000000200e-01,1.027489999999999931e-01,3.349349999999999827e-01,6.145890000000000519e-01,3.894130000000000091e-01,4.039840000000000098e-01,4.779510000000000147e-01,3.286999999999999922e-01,6.048289999999999500e-01,2.389300000000000104e-02,2.842370000000000174e-01,-1.899969999999999992e-01,5.909590000000000121e-01,1.965000000000000080e-01,5.198850000000000415e-01,-5.011000000000000176e-02,1.903390000000000082e-01,-3.904199999999999893e-01,2.798849999999999949e-01,-3.318220000000000058e-01,1.770559999999999912e-01,2.682880000000000265e-01,2.077140000000000097e-01,5.861760000000000304e-01,1.740250000000000130e-01,5.395360000000000156e-01,6.129489999999999661e-01,6.411299999999999777e-01,5.191200000000000259e-01,3.247780000000000111e-01,2.519350000000000200e-01,6.414999999999999696e-03,4.072450000000000236e-01,2.347400000000000042e-01,4.706380000000000008e-01,4.159240000000000159e-01,2.690759999999999819e-01,1.665919999999999901e-01,1.842719999999999914e-01,1.460950000000000026e-01,6.915399999999999325e-02,2.624790000000000179e-01,3.983039999999999914e-01,3.413889999999999980e-01,7.006199999999999928e-02,1.964909999999999990e-01,3.421270000000000144e-01,3.663719999999999755e-01,5.215180000000000371e-01,5.903049999999999686e-01,2.911179999999999879e-01,-4.689100000000000212e-02,1.389249999999999929e-01,5.992359999999999909e-01,3.020019999999999927e-01,5.750600000000000156e-02,2.935070000000000179e-01,4.099079999999999946e-01,2.024900000000000033e-01
3.651530000000000054e-01,6.134190000000000476e-01,6.969659999999999744e-01,6.844919999999999893e-01,8.043780000000000374e-01,8.497350000000000181e-01,4.923409999999999731e-01,2.429119999999999890e-01,7.953219999999999734e-01,6.720850000000000435e-01,2.082930000000000059e-01,-2.307899999999999882e-02,1.000000000000000000e+00,5.892239999999999700e-01,5.103229999999999711e-01,5.872680000000000122e-01,3.617489999999999872e-01,6.183370000000000255e-01,6.307279999999999553e-01,5.193550000000000111e-01,6.517000000000000223e-03,4.316800000000000082e-01,5.038120000000000376e-01,5.103450000000000486e-01,6.085559999999999858e-01,4.126569999999999960e-01,6.909260000000000401e-01,7.251279999999999948e-01,8.111260000000000137e-01,1.436000000000000054e-01,6.309489999999999821e-01,4.266550000000000065e-01,7.668899999999999606e-01,5.855719999999999814e-01,-2.608070000000000110e-01,5.653890000000000304e-01,7.498620000000000285e-01,1.263219999999999898e-01,5.665580000000000060e-01,4.326289999999999858e-01,2.220700000000000104e-02,-4.280660000000000021e-01,3.268800000000000039e-01,-5.750199999999999756e-02,-4.016919999999999935e-01,3.203679999999999861e-01,3.371219999999999772e-01,5.745200000000000307e-01,5.761600000000000055e-02,2.996199999999999974e-01,6.965299999999999825e-01,1.350510000000000044e-01,3.517529999999999824e-01,5.612540000000000306e-01,6.523470000000000102e-01,5.988499999999999934e-01,7.868439999999999879e-01,7.497359999999999580e-01,1.060200000000000031e-01,8.948799999999999810e-02,2.237300000000000122e-01,7.882749999999999480e-01,6.816010000000000124e-01,3.595559999999999867e-01,5.117030000000000189e-01,1.061740000000000045e-01,2.254349999999999965e-01,5.555130000000000345e-01,6.568370000000000042e-01,6.593630000000000324e-01,4.026179999999999759e-01,3.333619999999999917e-01,7.135629999999999473e-01,4.391280000000000183e-01,4.792250000000000121e-01,5.804190000000000182e-01
1.241099999999999981e-01,5.345950000000000424e-01,4.578110000000000235e-01,5.532049999999999468e-01,6.371700000000000141e-01,5.809659999999999824e-01,1.520479999999999887e-01,2.228590000000000015e-01,5.305790000000000228e-01,3.972200000000000175e-01,1.154150000000000037e-01,-9.874700000000000144e-02,5.892239999999999700e-01,1.000000000000000000e+00,3.947999999999999843e-01,3.583669999999999911e-01,1.532330000000000081e-01,3.513669999999999849e-01,4.386129999999999751e-01,3.773599999999999732e-01,1.766399999999999915e-02,3.562310000000000199e-01,2.864789999999999837e-01,2.140489999999999893e-01,4.347949999999999871e-01,3.051989999999999981e-01,5.338429999999999565e-01,4.690360000000000085e-01,5.842810000000000503e-01,-7.782999999999999988e-03,4.408460000000000156e-01,3.259839999999999960e-01,3.739839999999999831e-01,3.797960000000000225e-01,-1.607899999999999885e-01,5.014180000000000303e-01,6.521449999999999747e-01,-5.588300000000000212e-02,4.628780000000000117e-01,1.327639999999999931e-01,-1.049709999999999949e-01,-1.926630000000000009e-01,2.631189999999999918e-01,-6.057099999999999984e-02,-3.970429999999999793e-01,4.868499999999999911e-02,3.210629999999999873e-01,3.692460000000000186e-01,2.384779999999999955e-01,2.111979999999999968e-01,4.671259999999999857e-01,1.816800000000000012e-02,3.561590000000000034e-01,2.615629999999999900e-01,3.813880000000000048e-01,3.890350000000000197e-01,5.612169999999999659e-01,3.243400000000000172e-01,3.675100000000000033e-01,5.942399999999999766e-02,1.119050000000000045e-01,5.416159999999999863e-01,4.144220000000000126e-01,1.977250000000000119e-01,3.539959999999999773e-01,1.137510000000000049e-01,1.152870000000000006e-01,4.096170000000000089e-01,3.000669999999999726e-01,4.235740000000000061e-01,2.631290000000000018e-01,2.875849999999999795e-01,4.636049999999999893e-01,3.445810000000000262e-01,2.477409999999999890e-01,3.915569999999999884e-01
5.422449999999999770e-01,3.279170000000000140e-01,5.327100000000000168e-01,2.105980000000000074e-01,3.702460000000000195e-01,4.382340000000000124e-01,2.620819999999999816e-01,1.730990000000000029e-01,4.629570000000000074e-01,3.892590000000000217e-01,2.149880000000000124e-01,9.738399999999999834e-02,5.103229999999999711e-01,3.947999999999999843e-01,1.000000000000000000e+00,4.917389999999999817e-01,3.182630000000000181e-01,3.547739999999999783e-01,5.350780000000000536e-01,6.474520000000000275e-01,1.422059999999999991e-01,5.388699999999999601e-01,4.951619999999999910e-01,4.629550000000000054e-01,4.183049999999999824e-01,3.513299999999999756e-01,6.269489999999999785e-01,5.772110000000000296e-01,5.556109999999999660e-01,3.689330000000000109e-01,4.834879999999999733e-01,4.615110000000000046e-01,4.025170000000000137e-01,5.022170000000000245e-01,-2.977079999999999727e-01,5.157049999999999690e-01,2.774469999999999992e-01,6.879100000000000492e-02,5.927700000000000191e-01,4.134200000000000097e-01,2.069179999999999908e-01,-2.261759999999999882e-01,2.594090000000000007e-01,7.463000000000000016e-03,-1.893239999999999923e-01,5.380150000000000210e-01,3.109689999999999954e-01,4.553269999999999817e-01,3.613930000000000198e-01,3.058279999999999887e-01,5.518290000000000139e-01,2.415930000000000022e-01,3.048000000000000154e-01,4.241019999999999790e-01,3.839080000000000270e-01,3.113469999999999849e-01,5.252130000000000409e-01,4.215920000000000223e-01,1.274069999999999925e-01,7.294389999999999485e-01,4.186090000000000089e-01,4.771230000000000193e-01,5.259169999999999678e-01,3.362930000000000086e-01,7.402539999999999676e-01,3.871209999999999929e-01,5.137100000000000000e-01,5.393000000000000016e-01,4.540680000000000271e-01,5.945479999999999654e-01,4.326309999999999878e-01,5.606999999999999762e-01,6.826820000000000110e-01,6.039759999999999573e-01,5.333299999999999708e-01,5.974840000000000151e-01
8.027030000000000554e-01,6.250710000000000433e-01,5.528070000000000483e-01,3.837450000000000028e-01,4.114970000000000017e-01,4.161909999999999776e-01,5.005460000000000464e-01,2.649659999999999793e-01,3.800720000000000209e-01,5.801969999999999628e-01,3.981589999999999852e-01,2.509629999999999916e-01,5.872680000000000122e-01,3.583669999999999911e-01,4.917389999999999817e-01,1.000000000000000000e+00,6.251510000000000122e-01,8.182439999999999714e-01,6.749570000000000292e-01,6.602120000000000211e-01,3.988329999999999931e-01,7.262170000000000014e-01,4.166610000000000036e-01,6.590319999999999512e-01,8.490429999999999922e-01,6.455809999999999604e-01,6.858600000000000252e-01,7.442029999999999479e-01,7.126909999999999634e-01,6.456749999999999989e-01,8.508869999999999489e-01,7.111229999999999496e-01,6.038860000000000339e-01,6.595010000000000039e-01,-3.641869999999999830e-01,5.019959999999999978e-01,2.920409999999999950e-01,3.420389999999999819e-01,6.626760000000000428e-01,5.797440000000000371e-01,3.883329999999999838e-01,-1.141569999999999946e-01,4.396300000000000208e-01,2.922460000000000058e-01,5.493800000000000072e-02,7.556209999999999871e-01,4.263959999999999972e-01,5.743930000000000424e-01,2.721120000000000205e-01,2.985249999999999848e-01,4.790630000000000166e-01,3.102610000000000090e-01,2.451929999999999943e-01,4.879729999999999901e-01,5.925839999999999996e-01,4.082379999999999898e-01,5.285330000000000306e-01,4.127589999999999870e-01,2.330959999999999976e-01,3.936189999999999967e-01,7.289719999999999533e-01,4.752620000000000178e-01,7.950439999999999729e-01,5.511390000000000455e-01,7.023669999999999636e-01,4.935809999999999920e-01,6.472310000000000008e-01,4.373770000000000158e-01,5.214670000000000138e-01,7.216409999999999769e-01,6.314509999999999845e-01,6.621059999999999723e-01,6.392069999999999697e-01,7.847979999999999956e-01,7.237259999999999804e-01,8.147889999999999855e-01
7.668770000000000309e-01,5.844470000000000498e-01,4.163979999999999904e-01,2.782490000000000241e-01,1.299379999999999979e-01,1.473270000000000135e-01,3.537060000000000204e-01,6.322130000000000249e-01,1.422569999999999946e-01,5.177910000000000013e-01,6.135589999999999655e-01,6.552360000000000406e-01,3.617489999999999872e-01,1.532330000000000081e-01,3.182630000000000181e-01,6.251510000000000122e-01,1.000000000000000000e+00,7.570249999999999480e-01,4.857319999999999971e-01,6.843080000000000274e-01,6.219609999999999861e-01,7.060710000000000042e-01,4.682259999999999756e-01,7.398740000000000316e-01,6.770730000000000359e-01,7.970819999999999572e-01,3.624890000000000057e-01,6.160919999999999730e-01,2.332809999999999884e-01,7.493060000000000276e-01,6.353090000000000126e-01,7.647549999999999626e-01,4.312750000000000195e-01,5.865960000000000063e-01,-4.932980000000000143e-01,5.508389999999999675e-01,2.761399999999999966e-02,3.761390000000000011e-01,5.499549999999999716e-01,5.792380000000000306e-01,6.182699999999999863e-01,-5.109199999999999853e-02,6.683320000000000372e-01,6.223469999999999835e-01,4.912949999999999817e-01,7.425319999999999698e-01,3.925339999999999940e-01,5.277450000000000196e-01,1.372559999999999891e-01,3.942499999999999893e-01,4.056130000000000013e-01,3.756909999999999972e-01,4.273330000000000184e-01,4.645119999999999805e-01,4.926800000000000068e-01,3.738070000000000004e-01,3.927439999999999820e-01,2.804989999999999983e-01,2.621160000000000156e-01,4.096790000000000154e-01,4.946420000000000261e-01,3.606820000000000026e-01,5.227690000000000392e-01,5.399509999999999588e-01,6.270109999999999850e-01,5.829450000000000465e-01,6.894390000000000240e-01,3.699200000000000266e-01,3.642329999999999735e-01,4.499730000000000119e-01,7.366470000000000518e-01,4.830280000000000129e-01,4.222790000000000155e-01,5.386560000000000237e-01,6.588659999999999517e-01,5.800980000000000025e-01
6.798309999999999631e-01,7.058910000000000462e-01,4.848049999999999859e-01,4.910209999999999853e-01,4.636140000000000261e-01,4.181549999999999989e-01,5.805510000000000392e-01,3.907459999999999822e-01,3.772050000000000125e-01,6.052279999999999882e-01,5.622740000000000515e-01,3.970560000000000200e-01,6.183370000000000255e-01,3.513669999999999849e-01,3.547739999999999783e-01,8.182439999999999714e-01,7.570249999999999480e-01,1.000000000000000000e+00,6.063150000000000484e-01,5.840959999999999486e-01,4.883890000000000176e-01,6.494499999999999718e-01,3.620169999999999777e-01,6.441019999999999524e-01,8.354099999999999859e-01,6.364079999999999737e-01,5.944070000000000187e-01,6.473219999999999530e-01,5.617090000000000138e-01,5.942020000000000080e-01,7.422910000000000341e-01,7.261779999999999902e-01,6.118120000000000225e-01,6.660139999999999949e-01,-4.336110000000000242e-01,5.507450000000000401e-01,3.240870000000000140e-01,4.268899999999999917e-01,6.370179999999999731e-01,5.425320000000000142e-01,3.652690000000000103e-01,-2.096179999999999988e-01,5.851229999999999487e-01,4.284870000000000068e-01,1.607580000000000120e-01,6.343360000000000110e-01,3.598669999999999924e-01,5.009879999999999889e-01,1.344650000000000012e-01,4.315899999999999737e-01,4.725880000000000081e-01,4.760849999999999804e-01,2.915460000000000274e-01,5.920640000000000347e-01,6.511590000000000433e-01,5.226100000000000190e-01,5.765749999999999487e-01,4.370600000000000041e-01,1.804060000000000108e-01,2.858649999999999802e-01,5.024199999999999777e-01,5.795190000000000063e-01,7.708340000000000192e-01,5.554780000000000273e-01,5.994509999999999561e-01,5.084980000000000055e-01,5.804840000000000000e-01,3.354599999999999804e-01,4.688039999999999985e-01,6.598979999999999846e-01,5.589880000000000404e-01,5.605769999999999920e-01,6.100489999999999524e-01,6.479139999999999899e-01,6.850720000000000143e-01,6.842190000000000216e-01
5.689530000000000420e-01,5.486189999999999678e-01,7.323579999999999535e-01,3.170169999999999932e-01,4.079400000000000248e-01,5.839170000000000194e-01,2.314549999999999941e-01,3.168849999999999723e-01,5.481409999999999894e-01,6.861350000000000504e-01,2.314769999999999883e-01,1.027489999999999931e-01,6.307279999999999553e-01,4.386129999999999751e-01,5.350780000000000536e-01,6.749570000000000292e-01,4.857319999999999971e-01,6.063150000000000484e-01,1.000000000000000000e+00,6.538770000000000415e-01,1.247039999999999954e-01,6.107780000000000431e-01,5.308150000000000368e-01,6.397279999999999633e-01,6.296749999999999847e-01,4.793999999999999928e-01,5.479920000000000346e-01,7.130940000000000056e-01,6.718910000000000160e-01,5.016049999999999676e-01,7.005310000000000148e-01,6.185410000000000075e-01,6.630049999999999555e-01,6.734010000000000273e-01,-2.811069999999999958e-01,6.135680000000000023e-01,4.267389999999999795e-01,3.228099999999999858e-01,6.993190000000000239e-01,5.860340000000000549e-01,2.944189999999999863e-01,-2.681439999999999935e-01,4.241219999999999990e-01,1.632309999999999872e-01,-1.144349999999999951e-01,5.594810000000000061e-01,3.428340000000000276e-01,7.152129999999999876e-01,3.895680000000000254e-01,1.477410000000000112e-01,6.788539999999999575e-01,8.572000000000000453e-02,3.276640000000000108e-01,4.325680000000000081e-01,6.097650000000000015e-01,3.951029999999999820e-01,6.612240000000000339e-01,5.036690000000000333e-01,1.103159999999999974e-01,2.536599999999999966e-01,4.658370000000000011e-01,5.980889999999999818e-01,7.559709999999999486e-01,6.519540000000000335e-01,6.308829999999999716e-01,2.366020000000000068e-01,4.745889999999999831e-01,5.681800000000000184e-01,6.744419999999999860e-01,6.569650000000000212e-01,5.209810000000000274e-01,4.399020000000000152e-01,7.447449999999999903e-01,6.087780000000000413e-01,6.561850000000000183e-01,7.474460000000000548e-01
7.508270000000000222e-01,6.310029999999999806e-01,5.204800000000000537e-01,2.477449999999999930e-01,2.394560000000000022e-01,4.429330000000000211e-01,1.823980000000000046e-01,4.418110000000000093e-01,3.547330000000000205e-01,5.507739999999999858e-01,3.028089999999999948e-01,3.349349999999999827e-01,5.193550000000000111e-01,3.773599999999999732e-01,6.474520000000000275e-01,6.602120000000000211e-01,6.843080000000000274e-01,5.840959999999999486e-01,6.538770000000000415e-01,1.000000000000000000e+00,2.716279999999999806e-01,9.273989999999999734e-01,5.593759999999999843e-01,6.855449999999999600e-01,6.675959999999999672e-01,7.105810000000000182e-01,6.626520000000000188e-01,7.328630000000000422e-01,5.799100000000000366e-01,6.619589999999999641e-01,7.361980000000000190e-01,7.106689999999999952e-01,4.583760000000000057e-01,6.246990000000000043e-01,-4.126059999999999728e-01,6.185810000000000475e-01,1.994180000000000119e-01,3.102559999999999762e-01,5.890109999999999513e-01,4.720809999999999729e-01,4.884399999999999853e-01,-1.571369999999999989e-01,5.215929999999999733e-01,2.852439999999999976e-01,1.509240000000000026e-01,6.902359999999999607e-01,4.798080000000000123e-01,5.905080000000000329e-01,3.855899999999999883e-01,1.159720000000000056e-01,5.434470000000000134e-01,5.608099999999999891e-02,3.496440000000000103e-01,3.343510000000000093e-01,4.988630000000000009e-01,3.106990000000000030e-01,5.269709999999999672e-01,3.390960000000000085e-01,3.309170000000000167e-01,5.163029999999999564e-01,5.678980000000000139e-01,3.988990000000000036e-01,6.030600000000000405e-01,4.484139999999999793e-01,8.448130000000000361e-01,3.961700000000000221e-01,7.704790000000000250e-01,5.515120000000000022e-01,4.887040000000000273e-01,5.631000000000000449e-01,6.675450000000000550e-01,6.216190000000000326e-01,5.912950000000000150e-01,6.764839999999999742e-01,6.844080000000000163e-01,7.318080000000000140e-01
