1.000000000000000000e+00,4.314089999999999869e-01,4.948830000000000173e-01,-4.037450000000000205e-01,-2.717870000000000008e-01,4.723999999999999866e-01,-2.269319999999999948e-01,8.213700000000000168e-02,2.397050000000000014e-01,-1.622659999999999936e-01,4.916100000000000331e-02,6.566299999999999915e-02,2.028639999999999888e-01,-1.251999999999999988e-02,2.472399999999999876e-01,6.578129999999999811e-01,4.382969999999999922e-01,5.552540000000000253e-01,1.900010000000000032e-01,3.923769999999999758e-01,4.540440000000000031e-01,3.861519999999999953e-01,3.208980000000000166e-01,6.406230000000000535e-01,6.186639999999999917e-01,6.653510000000000257e-01,3.397999999999999909e-01,1.626630000000000020e-01,3.686729999999999730e-01,3.474920000000000231e-01,3.948610000000000175e-01,2.371890000000000109e-01,-7.466499999999999526e-02,1.969600000000000170e-02,-5.045079999999999565e-01,3.211180000000000145e-01,3.582230000000000136e-01,1.810730000000000117e-01,1.458579999999999877e-01,-1.819300000000000084e-02,-8.346000000000000640e-02,-5.558140000000000303e-01,2.702620000000000022e-01,1.139050000000000062e-01,-4.336360000000000214e-01,8.746340000000000225e-01,1.677530000000000132e-01,3.951720000000000232e-01,3.125979999999999870e-01,-3.620389999999999997e-01,3.797769999999999757e-01,-1.315649999999999875e-01,8.513199999999999934e-02,5.104700000000000210e-02,-1.315799999999999956e-02,-4.347249999999999726e-01,6.689699999999999813e-02,2.439240000000000019e-01,-4.786100000000000076e-02,3.795910000000000117e-01,3.801619999999999999e-01,4.814769999999999883e-01,5.992410000000000236e-01,3.528270000000000017e-01,5.024499999999999522e-01,4.306139999999999968e-01,2.570279999999999787e-01,3.510170000000000234e-01,2.586530000000000218e-01,5.997649999999999926e-01,7.107120000000000104e-01,4.671669999999999989e-01,3.400110000000000077e-01,4.190659999999999941e-01,3.958389999999999964e-01,4.350899999999999768e-01
4.314089999999999869e-01,1.000000000000000000e+00,3.954179999999999917e-01,-6.969799999999999607e-02,-1.005169999999999952e-01,4.203009999999999802e-01,7.605999999999999914e-03,1.436060000000000114e-01,2.039110000000000089e-01,3.126410000000000022e-01,9.378499999999999337e-02,-3.287400000000000044e-02,4.766000000000000236e-01,3.287899999999999850e-02,3.271400000000000002e-02,3.620869999999999922e-01,4.909879999999999800e-01,6.383649999999999602e-01,8.469000000000000833e-03,3.792800000000000060e-01,4.687140000000000195e-01,4.157839999999999869e-01,2.640020000000000144e-01,4.070480000000000209e-01,6.129850000000000021e-01,5.121510000000000229e-01,2.777040000000000064e-01,3.218520000000000270e-01,3.040950000000000042e-01,2.667789999999999884e-01,1.095060000000000061e-01,1.560030000000000028e-01,3.246499999999999941e-01,-1.233260000000000051e-01,-3.769580000000000153e-01,1.576800000000000077e-02,1.838960000000000039e-01,3.730299999999999727e-01,1.331309999999999993e-01,2.720529999999999893e-01,8.411000000000000074e-03,-3.969880000000000075e-01,1.939089999999999980e-01,2.687700000000000089e-01,-2.306920000000000082e-01,2.747700000000000142e-01,4.965439999999999854e-01,2.327609999999999957e-01,3.416959999999999997e-01,-1.462729999999999864e-01,3.537299999999999889e-01,1.034530000000000033e-01,2.383230000000000071e-01,1.961590000000000000e-01,9.119700000000000029e-02,-3.666929999999999912e-01,-6.175699999999999940e-02,4.269490000000000229e-01,-1.983989999999999920e-01,1.166940000000000061e-01,2.402479999999999893e-01,4.512320000000000220e-01,3.804150000000000031e-01,1.437990000000000101e-01,3.384650000000000158e-01,2.378969999999999974e-01,3.591860000000000053e-01,3.009839999999999738e-01,5.440600000000000297e-02,6.206420000000000270e-01,4.976519999999999833e-01,3.022489999999999899e-01,3.413249999999999895e-01,1.963910000000000100e-01,3.263079999999999870e-01,2.311529999999999974e-01
4.948830000000000173e-01,3.954179999999999917e-01,1.000000000000000000e+00,-3.744199999999999751e-01,-1.548110000000000042e-01,7.013800000000000034e-01,-2.348320000000000130e-01,1.717380000000000018e-01,6.597220000000000306e-01,-1.070760000000000045e-01,3.802389999999999937e-01,1.806790000000000063e-01,4.045509999999999939e-01,2.271489999999999898e-01,-2.247999999999999998e-02,1.853049999999999975e-01,4.238959999999999950e-01,4.102569999999999828e-01,4.410549999999999748e-01,3.432970000000000188e-01,3.296580000000000066e-01,1.781649999999999900e-01,4.944259999999999766e-01,5.821279999999999788e-01,3.476810000000000178e-01,3.497850000000000126e-01,5.043600000000000305e-01,2.890400000000000191e-01,1.878529999999999922e-01,3.210600000000000120e-01,-1.197759999999999936e-01,3.276999999999999965e-03,-1.464699999999999891e-01,-1.733689999999999953e-01,-5.735019999999999563e-01,4.427780000000000049e-01,6.491670000000000496e-01,5.692220000000000057e-01,-1.940320000000000100e-01,1.042099999999999971e-01,9.086000000000000326e-03,-6.644139999999999491e-01,5.522810000000000219e-01,5.403270000000000017e-01,-1.798339999999999939e-01,3.802019999999999844e-01,1.997200000000000086e-01,7.133369999999999989e-01,6.216099999999999959e-01,-5.273989999999999512e-01,3.958470000000000044e-01,9.067000000000000406e-03,1.500559999999999949e-01,4.795470000000000010e-01,2.863600000000000034e-01,-5.054509999999999836e-01,1.315500000000000003e-01,1.640040000000000109e-01,-1.331980000000000108e-01,8.986199999999999743e-02,-9.689300000000000690e-02,4.542019999999999946e-01,2.518480000000000163e-01,4.403409999999999824e-01,3.715379999999999794e-01,1.599540000000000128e-01,-7.546999999999999889e-03,5.479840000000000266e-01,2.302440000000000042e-01,3.766550000000000176e-01,5.504839999999999733e-01,6.410479999999999512e-01,1.971789999999999932e-01,2.327670000000000017e-01,4.329549999999999788e-01,1.191730000000000012e-01
-4.037450000000000205e-01,-6.969799999999999607e-02,-3.744199999999999751e-01,1.000000000000000000e+00,2.997319999999999984e-01,-4.397280000000000078e-01,8.063310000000000199e-01,-1.131449999999999956e-01,-3.265399999999999969e-01,5.353470000000000173e-01,-2.025399999999999978e-01,2.593700000000000172e-02,2.833470000000000155e-01,3.267829999999999901e-01,-3.836919999999999775e-01,-2.812910000000000132e-01,2.006519999999999970e-01,-1.274629999999999930e-01,-2.532940000000000191e-01,-4.018439999999999790e-01,-1.359819999999999918e-01,-1.895350000000000090e-01,-2.554890000000000216e-01,-2.633690000000000198e-01,-4.049139999999999961e-01,-1.155090000000000006e-01,-4.105469999999999953e-01,-7.969999999999999654e-03,-2.744710000000000205e-01,-3.417099999999999999e-02,-1.528299999999999971e-02,-2.236219999999999875e-01,3.639689999999999870e-01,2.356789999999999996e-01,4.414859999999999896e-01,-5.757269999999999888e-01,-5.360479999999999690e-01,-2.665580000000000171e-01,1.673090000000000133e-01,2.974959999999999827e-01,3.831760000000000166e-01,6.017419999999999991e-01,-2.214289999999999869e-01,-6.773400000000000254e-02,4.168229999999999991e-01,-4.634380000000000166e-01,2.806529999999999858e-01,-4.618459999999999788e-01,-4.469330000000000247e-01,6.969269999999999632e-01,-3.769000000000000215e-03,6.681719999999999882e-01,5.810599999999999793e-02,6.932399999999999674e-02,1.775710000000000066e-01,3.307300000000000240e-01,-2.629589999999999983e-01,2.478730000000000100e-01,1.712309999999999943e-01,-3.276569999999999760e-01,-1.682299999999999907e-01,3.405899999999999900e-02,-1.688949999999999896e-01,-4.969089999999999896e-01,-3.639970000000000150e-01,-3.069390000000000174e-01,-4.258200000000000179e-02,-2.392070000000000030e-01,-8.229300000000000503e-02,-2.001360000000000083e-01,-2.076320000000000110e-01,-4.509489999999999887e-01,1.120999999999999948e-02,-1.711219999999999963e-01,-9.034599999999999576e-02,-7.802599999999999814e-02
-2.717870000000000008e-01,-1.005169999999999952e-01,-1.548110000000000042e-01,2.997319999999999984e-01,1.000000000000000000e+00,3.825300000000000228e-02,4.384859999999999869e-01,-2.047399999999999914e-02,3.651510000000000034e-01,7.718200000000000061e-02,3.187949999999999950e-01,-9.224200000000000454e-02,3.019689999999999874e-01,5.573970000000000313e-01,1.531990000000000018e-01,-2.553779999999999939e-01,-6.883799999999999641e-02,-1.322589999999999877e-01,-1.163700000000000012e-01,2.670390000000000263e-01,2.138420000000000043e-01,3.343729999999999758e-01,-1.052349999999999952e-01,-2.993109999999999937e-01,-2.041910000000000114e-01,-4.868649999999999922e-01,9.285699999999999510e-02,1.643330000000000068e-01,1.377089999999999981e-01,3.901000000000000301e-02,2.339380000000000071e-01,1.027840000000000004e-01,-2.989260000000000250e-01,-1.987879999999999925e-01,-2.034700000000000050e-02,1.828349999999999975e-01,1.916219999999999868e-01,1.261809999999999876e-01,1.896569999999999923e-01,-3.045399999999999774e-01,-2.610660000000000203e-01,-2.329799999999999927e-02,3.292309999999999959e-01,3.002059999999999729e-01,2.196899999999999895e-02,-1.728750000000000009e-01,-1.255850000000000022e-01,-3.228849999999999776e-01,1.824109999999999898e-01,8.997900000000000342e-02,-2.446669999999999956e-01,3.564060000000000006e-01,-9.142400000000000526e-02,4.328449999999999798e-01,2.966099999999999987e-02,3.037670000000000092e-01,-2.844999999999999873e-03,8.183500000000000496e-02,3.182289999999999841e-01,1.898700000000000110e-01,-1.720230000000000092e-01,-1.671660000000000090e-01,-2.010349999999999915e-01,-1.786500000000000032e-01,1.727049999999999974e-01,1.498150000000000037e-01,2.924209999999999865e-01,-1.150589999999999946e-01,-1.755529999999999868e-01,-3.066980000000000262e-01,-4.592870000000000008e-01,-1.470819999999999905e-01,3.532300000000000023e-02,-2.833080000000000043e-01,9.029000000000000567e-03,-3.973200000000000343e-02
4.723999999999999866e-01,4.203009999999999802e-01,7.013800000000000034e-01,-4.397280000000000078e-01,3.825300000000000228e-02,1.000000000000000000e+00,-1.674819999999999920e-01,3.674140000000000184e-01,5.819969999999999866e-01,-2.930539999999999812e-01,3.532060000000000199e-01,1.646239999999999926e-01,4.929700000000000193e-01,3.161680000000000046e-01,2.960349999999999926e-01,3.851930000000000076e-01,3.101639999999999953e-01,4.565839999999999899e-01,4.309049999999999825e-01,5.299660000000000482e-01,5.657630000000000159e-01,3.861939999999999817e-01,6.519279999999999520e-01,4.827270000000000172e-01,3.228090000000000126e-01,1.787100000000000077e-01,6.291499999999999870e-01,3.032230000000000203e-01,6.147439999999999571e-01,3.485550000000000037e-01,1.630129999999999912e-01,3.098910000000000275e-01,-4.712459999999999982e-01,-1.281220000000000137e-01,-5.875280000000000502e-01,7.035069999999999935e-01,7.561449999999999561e-01,5.642829999999999790e-01,8.296800000000000008e-02,-3.322200000000000153e-01,-2.161170000000000035e-01,-7.383819999999999828e-01,6.897560000000000358e-01,4.638929999999999998e-01,-3.869790000000000174e-01,4.384259999999999824e-01,9.180800000000000072e-02,5.378770000000000495e-01,6.317249999999999810e-01,-5.763300000000000090e-01,4.538860000000000117e-01,-6.117199999999999721e-02,2.768280000000000185e-01,2.289730000000000099e-01,5.584800000000000181e-02,-4.136589999999999989e-01,2.954680000000000084e-01,2.315619999999999901e-01,6.110299999999999759e-02,4.275070000000000259e-01,1.023249999999999993e-01,3.116599999999999926e-01,3.751829999999999887e-01,4.857560000000000211e-01,4.852690000000000059e-01,4.777899999999999925e-01,1.347349999999999937e-01,6.743510000000000337e-01,1.718770000000000020e-01,2.285290000000000099e-01,3.081329999999999902e-01,6.166749999999999732e-01,3.796950000000000047e-01,2.407030000000000003e-01,4.624409999999999910e-01,1.527880000000000071e-01
-2.269319999999999948e-01,7.605999999999999914e-03,-2.348320000000000130e-01,8.063310000000000199e-01,4.384859999999999869e-01,-1.674819999999999920e-01,1.000000000000000000e+00,-1.200470000000000009e-01,-5.777100000000000291e-02,3.505329999999999835e-01,3.953299999999999870e-02,-5.161600000000000216e-02,4.611509999999999776e-01,4.980890000000000040e-01,-3.269980000000000109e-01,-2.039489999999999914e-01,3.467950000000000199e-01,9.917000000000000468e-03,-3.199099999999999860e-02,-1.522880000000000067e-01,1.364609999999999990e-01,-3.628999999999999847e-03,-1.919379999999999975e-01,-1.729259999999999964e-01,-2.737430000000000141e-01,-1.699130000000000085e-01,-1.597339999999999871e-01,-2.451499999999999860e-02,-6.277800000000000047e-02,4.762899999999999773e-02,1.676599999999999965e-02,-1.663370000000000126e-01,2.137840000000000018e-01,-3.600699999999999734e-02,1.635959999999999914e-01,-3.801950000000000052e-01,-2.863049999999999762e-01,-1.613620000000000054e-01,1.217099999999999987e-01,1.411640000000000117e-01,2.074340000000000073e-01,3.218070000000000097e-01,7.264900000000000524e-02,1.410770000000000080e-01,1.414320000000000022e-01,-3.414039999999999853e-01,2.740770000000000151e-01,-4.572899999999999743e-01,-2.430249999999999910e-01,5.152790000000000425e-01,-5.661000000000000060e-02,8.061350000000000460e-01,-1.374999999999999920e-03,2.836190000000000100e-01,1.735829999999999873e-01,3.154440000000000022e-01,-3.713960000000000039e-01,2.970570000000000155e-01,1.149860000000000049e-01,-1.430099999999999982e-01,-6.797400000000000664e-02,1.938519999999999965e-01,7.028000000000000393e-03,-3.976979999999999960e-01,-1.598380000000000078e-01,-1.131670000000000037e-01,1.113640000000000047e-01,-1.646799999999999931e-01,-1.553219999999999879e-01,-1.699039999999999995e-01,-2.276880000000000015e-01,-2.851940000000000031e-01,-1.195399999999999935e-02,-1.736399999999999888e-01,3.982800000000000229e-02,4.925399999999999917e-02
8.213700000000000168e-02,1.436060000000000114e-01,1.717380000000000018e-01,-1.131449999999999956e-01,-2.047399999999999914e-02,3.674140000000000184e-01,-1.200470000000000009e-01,1.000000000000000000e+00,-1.334160000000000068e-01,-1.500710000000000099e-01,4.003340000000000232e-01,-8.081099999999999395e-02,1.949259999999999882e-01,1.350969999999999949e-01,3.760769999999999946e-01,2.425110000000000043e-01,2.089330000000000076e-01,1.674269999999999925e-01,2.888390000000000124e-01,2.523299999999999849e-02,2.275149999999999950e-01,-1.800300000000000164e-02,6.934200000000000363e-01,-3.676600000000000007e-02,-8.079000000000000070e-02,1.812799999999999828e-02,9.078300000000000258e-02,1.828809999999999880e-01,9.303300000000000458e-02,2.763169999999999793e-01,2.129880000000000106e-01,3.873409999999999909e-01,-1.827020000000000033e-01,2.006410000000000138e-01,-1.923799999999999955e-01,3.408499999999999863e-01,1.248599999999999988e-01,5.908499999999999863e-02,3.945759999999999823e-01,-2.000719999999999998e-01,1.184479999999999977e-01,-1.736270000000000036e-01,1.537930000000000130e-01,-1.442390000000000061e-01,-2.398230000000000084e-01,1.107889999999999986e-01,-4.676199999999999801e-02,2.935079999999999911e-01,-1.992299999999999974e-02,9.643999999999999795e-02,3.445710000000000162e-01,-1.670560000000000100e-01,8.369309999999999805e-01,-7.979300000000000281e-02,-3.345719999999999805e-01,3.377600000000000047e-01,1.263000000000000017e-03,3.316169999999999951e-01,3.858119999999999883e-01,3.779910000000000214e-01,1.533650000000000013e-01,9.255599999999999938e-02,1.168000000000000010e-01,5.430439999999999712e-01,9.047299999999999787e-02,4.283259999999999845e-01,7.855600000000000083e-02,6.204180000000000250e-01,-2.123970000000000025e-01,-9.461500000000000465e-02,-1.043580000000000063e-01,1.189680000000000043e-01,4.779970000000000052e-01,4.412800000000000056e-02,3.112630000000000119e-01,2.991190000000000238e-01
2.397050000000000014e-01,2.039110000000000089e-01,6.597220000000000306e-01,-3.265399999999999969e-01,3.651510000000000034e-01,5.819969999999999866e-01,-5.777100000000000291e-02,-1.334160000000000068e-01,1.000000000000000000e+00,-1.105990000000000029e-01,4.435799999999999743e-01,1.889589999999999881e-01,4.319149999999999934e-01,3.759319999999999884e-01,4.759399999999999742e-02,-1.064849999999999963e-01,1.724980000000000124e-01,1.360850000000000115e-01,2.528210000000000179e-01,5.332209999999999450e-01,3.451850000000000196e-01,4.099380000000000246e-01,1.314460000000000073e-01,3.884050000000000002e-01,2.142169999999999908e-01,-3.546599999999999753e-02,4.993480000000000141e-01,2.349940000000000084e-01,2.439310000000000089e-01,1.604460000000000053e-01,-1.043749999999999956e-01,4.508399999999999908e-02,-3.502069999999999905e-01,-3.433930000000000038e-01,-4.605540000000000189e-01,5.213449999999999473e-01,7.300999999999999712e-01,6.384999999999999565e-01,-2.256350000000000022e-01,-1.070239999999999941e-01,-2.503730000000000122e-01,-6.447199999999999598e-01,6.225359999999999783e-01,6.817739999999999911e-01,-1.224019999999999969e-01,1.927079999999999904e-01,5.300300000000000150e-02,3.525960000000000205e-01,7.471719999999999473e-01,-5.548800000000000399e-01,-3.956400000000000194e-02,1.271879999999999955e-01,-2.308020000000000072e-01,6.181410000000000515e-01,3.387620000000000076e-01,-4.447420000000000262e-01,1.958199999999999941e-01,-1.466000000000000072e-03,-1.265459999999999918e-01,1.468470000000000053e-01,-2.889200000000000101e-01,1.715939999999999965e-01,5.860000000000000408e-04,1.716499999999999970e-01,4.306260000000000088e-01,1.694620000000000015e-01,1.270010000000000028e-01,1.804530000000000023e-01,1.995200000000000029e-01,1.319240000000000135e-01,2.041290000000000049e-01,4.281170000000000253e-01,-6.575200000000000489e-02,-7.209100000000000230e-02,2.013820000000000054e-01,-8.744000000000000383e-02
-1.622659999999999936e-01,3.126410000000000022e-01,-1.070760000000000045e-01,5.353470000000000173e-01,7.718200000000000061e-02,-2.930539999999999812e-01,3.505329999999999835e-01,-1.500710000000000099e-01,-1.105990000000000029e-01,1.000000000000000000e+00,-6.028599999999999931e-02,2.908629999999999827e-01,4.158689999999999887e-01,1.809540000000000037e-01,-3.479010000000000158e-01,-5.705600000000000255e-02,4.863870000000000138e-01,1.942149999999999987e-01,-4.951500000000000346e-02,-8.237999999999999490e-02,2.798600000000000046e-02,1.166299999999999976e-01,-2.954860000000000264e-01,1.379990000000000105e-01,-5.262700000000000017e-02,4.179200000000000276e-02,-3.028000000000000136e-01,3.821970000000000089e-01,-7.570699999999999652e-02,1.739110000000000100e-01,1.456880000000000119e-01,-4.285400000000000320e-02,4.731940000000000035e-01,1.096929999999999988e-01,1.629680000000000017e-01,-4.394089999999999940e-01,-2.938439999999999941e-01,2.478569999999999940e-01,1.009609999999999952e-01,5.445849999999999858e-01,4.237230000000000163e-01,2.916059999999999763e-01,-1.083940000000000042e-01,2.090349999999999986e-01,5.745310000000000139e-01,-2.998029999999999862e-01,3.843550000000000022e-01,-2.356650000000000134e-01,-3.013499999999999859e-02,3.665349999999999997e-01,4.701899999999999830e-02,4.678550000000000209e-01,2.376599999999999893e-02,9.884600000000000330e-02,5.972600000000000131e-01,-6.313599999999999768e-02,7.388999999999999735e-02,2.538540000000000241e-01,-7.704199999999999937e-02,-2.899039999999999950e-01,-1.180569999999999953e-01,3.809890000000000221e-01,-5.725500000000000034e-02,-2.018989999999999951e-01,-8.499199999999999811e-02,-1.985500000000000043e-01,7.650200000000000056e-02,-2.162669999999999870e-01,3.106119999999999992e-01,1.160410000000000053e-01,2.688899999999999971e-02,-3.083009999999999917e-01,1.012720000000000009e-01,-9.511999999999999622e-03,1.542699999999999974e-02,1.373489999999999989e-01
4.916100000000000331e-02,9.378499999999999337e-02,3.802389999999999937e-01,-2.025399999999999978e-01,3.187949999999999950e-01,3.532060000000000199e-01,3.953299999999999870e-02,4.003340000000000232e-01,4.435799999999999743e-01,-6.028599999999999931e-02,1.000000000000000000e+00,-1.202290000000000025e-01,4.149070000000000258e-01,3.431949999999999723e-01,3.141070000000000251e-01,-1.136869999999999964e-01,1.784459999999999935e-01,8.257599999999999663e-02,6.471329999999999583e-01,4.132709999999999995e-01,4.013550000000000173e-01,3.108630000000000004e-01,2.322599999999999942e-01,7.107999999999999735e-03,-1.390599999999999996e-02,-2.779639999999999889e-01,2.850679999999999881e-01,4.356360000000000232e-01,1.876089999999999980e-01,3.875569999999999848e-01,1.719469999999999887e-01,2.782549999999999746e-01,-2.255649999999999877e-01,-2.471919999999999951e-01,-5.219380000000000130e-01,4.747919999999999918e-01,5.080590000000000384e-01,4.609599999999999809e-01,6.916200000000000125e-02,-1.383439999999999948e-01,-3.333300000000000152e-02,-4.799100000000000033e-01,5.495619999999999949e-01,4.527649999999999730e-01,-1.389380000000000059e-01,1.616400000000000128e-02,-7.565500000000000003e-02,2.052390000000000048e-01,5.243590000000000195e-01,-1.261960000000000026e-01,-1.443629999999999913e-01,8.852999999999999758e-02,2.178480000000000139e-01,4.136159999999999837e-01,5.260299999999999698e-02,3.151399999999999757e-01,-2.237600000000000006e-02,1.518369999999999997e-01,1.061870000000000036e-01,3.317240000000000189e-01,-2.662300000000000083e-02,1.711139999999999883e-01,-2.227600000000000066e-02,5.540340000000000265e-01,3.793449999999999878e-01,3.775640000000000107e-01,3.025720000000000076e-01,2.333109999999999906e-01,-1.801039999999999863e-01,-1.460990000000000066e-01,-2.192469999999999974e-01,9.666700000000000292e-02,2.889929999999999999e-01,-1.698020000000000085e-01,3.845810000000000062e-01,3.861040000000000028e-01
6.566299999999999915e-02,-3.287400000000000044e-02,1.806790000000000063e-01,2.593700000000000172e-02,-9.224200000000000454e-02,1.646239999999999926e-01,-5.161600000000000216e-02,-8.081099999999999395e-02,1.889589999999999881e-01,2.908629999999999827e-01,-1.202290000000000025e-01,1.000000000000000000e+00,2.453079999999999983e-01,2.564190000000000080e-01,-8.507000000000000672e-02,-3.919099999999999667e-02,2.544520000000000115e-01,-9.267200000000000437e-02,1.437789999999999901e-01,-1.521699999999999962e-02,-4.606199999999999878e-02,2.393599999999999894e-02,-1.695599999999999885e-02,6.129820000000000269e-01,-2.199059999999999904e-01,1.268910000000000038e-01,-1.175930000000000031e-01,2.578949999999999854e-01,2.648599999999999913e-02,1.376070000000000071e-01,3.101900000000000143e-02,2.453899999999999831e-02,-1.343660000000000132e-01,2.241670000000000051e-01,9.913299999999999890e-02,2.009779999999999900e-01,1.916380000000000028e-01,2.694250000000000256e-01,-1.693209999999999993e-01,2.131999999999999867e-02,1.687039999999999929e-01,-1.377600000000000005e-02,1.829230000000000023e-01,2.003169999999999951e-01,4.274149999999999894e-01,-2.463999999999999871e-02,3.977100000000000080e-02,1.472650000000000070e-01,1.505269999999999941e-01,-1.900600000000000067e-01,7.559000000000000441e-02,2.037599999999999828e-02,-6.360599999999999588e-02,-6.438000000000000146e-03,5.813120000000000509e-01,-3.793750000000000178e-01,7.478470000000000395e-01,-1.435859999999999914e-01,6.800599999999999701e-02,-2.442560000000000009e-01,-4.092649999999999899e-01,2.136599999999999888e-01,-1.269470000000000043e-01,-5.873799999999999855e-02,-1.701479999999999937e-01,-1.569190000000000029e-01,-3.970779999999999865e-01,1.704999999999999918e-02,8.249309999999999699e-01,-1.231190000000000062e-01,1.719890000000000030e-01,9.766000000000000375e-03,-9.718100000000000349e-02,-2.229250000000000120e-01,-1.373050000000000104e-01,-2.799209999999999754e-01
2.028639999999999888e-01,4.766000000000000236e-01,4.045509999999999939e-01,2.833470000000000155e-01,3.019689999999999874e-01,4.929700000000000193e-01,4.611509999999999776e-01,1.949259999999999882e-01,4.319149999999999934e-01,4.158689999999999887e-01,4.149070000000000258e-01,2.453079999999999983e-01,1.000000000000000000e+00,6.656400000000000095e-01,-1.256799999999999931e-02,1.443240000000000078e-01,7.096369999999999623e-01,4.337079999999999824e-01,3.331439999999999957e-01,3.970659999999999745e-01,5.926730000000000054e-01,4.661009999999999875e-01,1.675129999999999952e-01,4.240300000000000180e-01,4.128300000000000025e-02,1.139999999999999954e-03,7.786700000000000566e-02,6.393520000000000314e-01,3.183570000000000011e-01,5.527879999999999461e-01,2.774130000000000207e-01,2.336390000000000133e-01,-6.285699999999999621e-02,-6.022999999999999708e-03,-3.588970000000000216e-01,2.536729999999999818e-01,4.398460000000000147e-01,4.769550000000000178e-01,2.490159999999999874e-01,5.895800000000000346e-02,1.877199999999999980e-01,-3.985139999999999794e-01,6.279869999999999619e-01,6.800770000000000426e-01,1.227299999999999919e-02,5.332100000000000034e-02,4.324540000000000051e-01,5.510000000000000141e-03,5.065359999999999863e-01,-5.912099999999999994e-02,2.628670000000000173e-01,5.311339999999999950e-01,3.046550000000000091e-01,3.517350000000000199e-01,4.411240000000000161e-01,-2.084769999999999956e-01,6.243699999999999944e-02,5.193229999999999791e-01,9.987400000000000444e-02,1.623370000000000091e-01,-3.919399999999999967e-02,5.832230000000000469e-01,1.876079999999999970e-01,1.335600000000000120e-01,3.091490000000000071e-01,3.143480000000000163e-01,2.601060000000000039e-01,3.159830000000000139e-01,2.252589999999999870e-01,1.717990000000000073e-01,1.371870000000000034e-01,5.068399999999999989e-02,4.237110000000000043e-01,-2.982999999999999888e-02,4.620480000000000143e-01,2.962719999999999798e-01
-1.251999999999999988e-02,3.287899999999999850e-02,2.271489999999999898e-01,3.267829999999999901e-01,5.573970000000000313e-01,3.161680000000000046e-01,4.980890000000000040e-01,1.350969999999999949e-01,3.759319999999999884e-01,1.809540000000000037e-01,3.431949999999999723e-01,2.564190000000000080e-01,6.656400000000000095e-01,1.000000000000000000e+00,6.090299999999999880e-02,-7.477200000000000513e-02,4.123859999999999748e-01,-1.845499999999999918e-02,3.083139999999999770e-01,1.413049999999999862e-01,4.073869999999999991e-01,1.944889999999999952e-01,4.095200000000000229e-02,1.886539999999999884e-01,-3.381219999999999781e-01,-3.320040000000000213e-01,-2.394299999999999901e-02,3.148429999999999840e-01,1.551069999999999949e-01,3.563120000000000176e-01,1.956680000000000086e-01,1.485889999999999989e-01,-2.370879999999999932e-01,9.876500000000000556e-02,-1.495809999999999917e-01,2.868430000000000146e-01,3.810919999999999863e-01,2.344890000000000030e-01,1.969349999999999989e-01,-9.902900000000000591e-02,1.746779999999999999e-01,-2.027849999999999930e-01,6.698640000000000150e-01,6.046939999999999538e-01,4.562599999999999989e-02,-9.874600000000000044e-02,1.258700000000000097e-01,-2.157969999999999888e-01,2.893180000000000196e-01,-1.166060000000000013e-01,-9.357000000000000733e-03,5.509530000000000260e-01,1.169779999999999986e-01,3.784429999999999739e-01,3.853420000000000178e-01,3.696900000000000186e-02,9.106899999999999717e-02,1.293289999999999995e-01,3.580840000000000134e-01,1.544089999999999907e-01,-1.233630000000000004e-01,3.270399999999999974e-01,-6.156199999999999867e-02,2.460599999999999940e-02,1.292069999999999885e-01,2.019960000000000089e-01,2.758100000000000135e-02,1.182229999999999948e-01,1.411979999999999902e-01,-2.431069999999999898e-01,-1.817850000000000021e-01,-9.227499999999999591e-02,1.633509999999999962e-01,-2.353409999999999946e-01,3.412580000000000058e-01,1.553529999999999911e-01
2.472399999999999876e-01,3.271400000000000002e-02,-2.247999999999999998e-02,-3.836919999999999775e-01,1.531990000000000018e-01,2.960349999999999926e-01,-3.269980000000000109e-01,3.760769999999999946e-01,4.759399999999999742e-02,-3.479010000000000158e-01,3.141070000000000251e-01,-8.507000000000000672e-02,-1.256799999999999931e-02,6.090299999999999880e-02,1.000000000000000000e+00,2.959309999999999996e-01,-2.000119999999999953e-01,-2.112000000000000162e-03,2.221990000000000076e-01,5.128559999999999786e-01,3.757289999999999797e-01,4.715269999999999739e-01,2.630440000000000000e-01,-7.309000000000000219e-02,-3.047999999999999928e-03,-1.627939999999999943e-01,2.155140000000000111e-01,3.437569999999999792e-01,4.949470000000000258e-01,3.546170000000000155e-01,5.453940000000000454e-01,5.116279999999999717e-01,-4.800760000000000027e-01,1.808369999999999977e-01,-1.918539999999999968e-01,5.366379999999999484e-01,3.728710000000000080e-01,1.428869999999999862e-01,2.814499999999999780e-01,-6.247270000000000323e-01,-1.678250000000000020e-01,-4.133959999999999857e-01,2.385200000000000098e-01,-7.784000000000000120e-03,-4.065139999999999865e-01,3.164250000000000118e-01,-3.010079999999999978e-01,1.047580000000000039e-01,2.378540000000000099e-01,-3.318639999999999923e-01,-6.013600000000000195e-02,-4.778780000000000250e-01,1.876369999999999982e-01,-1.954230000000000134e-01,-4.301099999999999923e-01,1.367200000000000082e-01,2.761700000000000266e-01,-7.060600000000000209e-02,3.156030000000000224e-01,6.807509999999999950e-01,3.157820000000000071e-01,-2.576339999999999741e-01,2.845500000000000113e-02,5.417499999999999538e-01,4.516939999999999844e-01,5.893429999999999502e-01,3.726630000000000220e-01,2.188740000000000130e-01,-1.028140000000000026e-01,-2.080960000000000032e-01,-2.075609999999999955e-01,8.471099999999999464e-02,4.470709999999999962e-01,7.823599999999999999e-02,2.202119999999999911e-01,3.780939999999999857e-01
6.578129999999999811e-01,3.620869999999999922e-01,1.853049999999999975e-01,-2.812910000000000132e-01,-2.553779999999999939e-01,3.851930000000000076e-01,-2.039489999999999914e-01,2.425110000000000043e-01,-1.064849999999999963e-01,-5.705600000000000255e-02,-1.136869999999999964e-01,-3.919099999999999667e-02,1.443240000000000078e-01,-7.477200000000000513e-02,2.959309999999999996e-01,1.000000000000000000e+00,4.345749999999999891e-01,7.204899999999999638e-01,6.296599999999999420e-02,3.643609999999999904e-01,4.640440000000000120e-01,4.339470000000000272e-01,4.023720000000000074e-01,3.445630000000000082e-01,4.784990000000000077e-01,4.360600000000000032e-01,2.348830000000000084e-01,2.589870000000000227e-01,4.904249999999999998e-01,3.566309999999999758e-01,6.083439999999999959e-01,3.756129999999999747e-01,-1.590459999999999929e-01,1.218159999999999937e-01,-3.903460000000000263e-01,2.517960000000000198e-01,1.938960000000000128e-01,9.558600000000000430e-02,3.701849999999999863e-01,-9.454600000000000504e-02,-6.287600000000000133e-02,-3.690160000000000107e-01,1.470579999999999943e-01,-9.107300000000000118e-02,-3.844230000000000147e-01,6.915729999999999933e-01,8.986199999999999743e-02,2.832029999999999825e-01,5.766899999999999804e-02,-1.286770000000000136e-01,5.177619999999999445e-01,-1.580799999999999983e-01,2.894180000000000086e-01,-1.653169999999999917e-01,-1.758160000000000001e-01,-2.175149999999999861e-01,1.356289999999999996e-01,4.524569999999999981e-01,1.419380000000000086e-01,4.488510000000000000e-01,6.224189999999999445e-01,3.617819999999999925e-01,7.221929999999999739e-01,3.657529999999999948e-01,4.571250000000000036e-01,5.396689999999999543e-01,4.095010000000000039e-01,4.121150000000000091e-01,1.040319999999999995e-01,4.103359999999999785e-01,4.053350000000000009e-01,3.340670000000000028e-01,6.337819999999999565e-01,6.222999999999999643e-01,4.376329999999999942e-01,5.205619999999999692e-01
4.382969999999999922e-01,4.909879999999999800e-01,4.238959999999999950e-01,2.006519999999999970e-01,-6.883799999999999641e-02,3.101639999999999953e-01,3.467950000000000199e-01,2.089330000000000076e-01,1.724980000000000124e-01,4.863870000000000138e-01,1.784459999999999935e-01,2.544520000000000115e-01,7.096369999999999623e-01,4.123859999999999748e-01,-2.000119999999999953e-01,4.345749999999999891e-01,1.000000000000000000e+00,6.506210000000000049e-01,2.966139999999999888e-01,1.614480000000000082e-01,4.569509999999999961e-01,2.695440000000000058e-01,1.891549999999999898e-01,5.219300000000000050e-01,2.207580000000000098e-01,3.377479999999999927e-01,4.581400000000000056e-02,3.918110000000000204e-01,1.358350000000000113e-01,4.213749999999999996e-01,2.515160000000000173e-01,1.493430000000000035e-01,1.488690000000000013e-01,-1.719400000000000095e-02,-4.098180000000000156e-01,4.940599999999999853e-02,1.736939999999999873e-01,2.456770000000000065e-01,2.200999999999999901e-01,3.445630000000000082e-01,3.040660000000000029e-01,-2.661040000000000072e-01,4.081420000000000048e-01,3.703870000000000218e-01,-6.939399999999999735e-02,2.493110000000000048e-01,4.237230000000000163e-01,1.422859999999999958e-01,2.042309999999999959e-01,7.204499999999999793e-02,3.923269999999999813e-01,5.023919999999999497e-01,3.109020000000000117e-01,3.038560000000000150e-01,4.762859999999999872e-01,-2.054020000000000012e-01,-4.366000000000000089e-03,5.417189999999999506e-01,2.536000000000000060e-03,2.729300000000000129e-02,4.980500000000000205e-02,8.240220000000000322e-01,4.352570000000000050e-01,1.777370000000000061e-01,2.047289999999999943e-01,1.906499999999999861e-01,1.811800000000000077e-01,2.704770000000000230e-01,2.541649999999999743e-01,3.810819999999999763e-01,4.071299999999999919e-01,1.345959999999999934e-01,4.011709999999999998e-01,1.950050000000000117e-01,4.324779999999999736e-01,4.149300000000000210e-01
5.552540000000000253e-01,6.383649999999999602e-01,4.102569999999999828e-01,-1.274629999999999930e-01,-1.322589999999999877e-01,4.565839999999999899e-01,9.917000000000000468e-03,1.674269999999999925e-01,1.360850000000000115e-01,1.942149999999999987e-01,8.257599999999999663e-02,-9.267200000000000437e-02,4.337079999999999824e-01,-1.845499999999999918e-02,-2.112000000000000162e-03,7.204899999999999638e-01,6.506210000000000049e-01,1.000000000000000000e+00,5.447699999999999765e-02,4.000349999999999739e-01,4.412130000000000218e-01,4.267659999999999787e-01,3.651090000000000169e-01,4.174419999999999797e-01,7.109849999999999781e-01,5.066939999999999777e-01,3.417439999999999922e-01,3.061499999999999777e-01,4.021739999999999760e-01,2.527179999999999982e-01,3.455420000000000158e-01,2.242740000000000011e-01,5.095399999999999929e-02,-2.547059999999999880e-01,-5.510939999999999728e-01,1.461359999999999881e-01,2.412400000000000100e-01,3.165169999999999928e-01,2.318620000000000125e-01,7.385799999999999310e-02,-2.018119999999999914e-01,-4.614960000000000173e-01,2.365559999999999885e-01,1.584460000000000035e-01,-3.525059999999999860e-01,5.043140000000000400e-01,2.261120000000000074e-01,2.717140000000000111e-01,3.020559999999999912e-01,-6.877700000000000480e-02,4.968870000000000231e-01,6.845900000000000596e-02,2.780699999999999839e-01,1.172399999999999970e-01,1.917299999999999907e-02,-3.182229999999999781e-01,1.071000000000000077e-02,6.108160000000000256e-01,-7.090200000000000669e-02,1.898130000000000095e-01,3.609919999999999796e-01,5.066880000000000273e-01,7.254709999999999770e-01,2.115799999999999903e-01,3.935839999999999894e-01,3.039450000000000207e-01,4.028550000000000186e-01,3.604829999999999979e-01,4.636799999999999949e-02,6.344819999999999904e-01,4.761050000000000004e-01,3.538669999999999871e-01,5.326720000000000343e-01,4.635179999999999856e-01,3.301310000000000078e-01,3.811010000000000231e-01
1.900010000000000032e-01,8.469000000000000833e-03,4.410549999999999748e-01,-2.532940000000000191e-01,-1.163700000000000012e-01,4.309049999999999825e-01,-3.199099999999999860e-02,2.888390000000000124e-01,2.528210000000000179e-01,-4.951500000000000346e-02,6.471329999999999583e-01,1.437789999999999901e-01,3.331439999999999957e-01,3.083139999999999770e-01,2.221990000000000076e-01,6.296599999999999420e-02,2.966139999999999888e-01,5.447699999999999765e-02,1.000000000000000000e+00,2.370599999999999929e-01,3.337430000000000119e-01,1.495460000000000123e-01,2.220759999999999956e-01,2.584839999999999915e-01,-1.105089999999999961e-01,-1.338310000000000055e-01,1.393149999999999944e-01,3.297240000000000171e-01,2.591089999999999782e-01,3.802429999999999977e-01,1.311289999999999956e-01,2.661009999999999764e-01,-2.006380000000000108e-01,8.571999999999999759e-03,-3.983300000000000174e-01,4.432200000000000029e-01,4.735869999999999802e-01,3.830040000000000111e-01,-1.761100000000000165e-02,-4.918499999999999955e-02,2.019960000000000089e-01,-4.696159999999999779e-01,5.481829999999999758e-01,4.033300000000000218e-01,-5.933200000000000279e-02,5.763000000000000067e-02,-8.862999999999999351e-03,3.263820000000000054e-01,4.042830000000000035e-01,-3.278389999999999915e-01,9.801000000000000684e-03,7.790800000000000503e-02,1.647369999999999945e-01,1.516599999999999893e-01,2.428810000000000136e-01,2.426800000000000138e-02,1.440770000000000106e-01,-2.883799999999999905e-02,-9.889999999999999486e-03,2.683960000000000234e-01,4.150299999999999823e-02,3.310730000000000062e-01,7.200399999999999856e-02,7.019509999999999916e-01,3.110720000000000152e-01,3.091160000000000019e-01,7.625700000000000534e-02,2.437549999999999994e-01,1.341299999999999992e-01,-1.439000000000000001e-01,-1.440000000000000036e-04,1.878630000000000022e-01,2.241170000000000107e-01,2.657699999999999993e-02,4.287690000000000112e-01,3.409960000000000213e-01
3.923769999999999758e-01,3.792800000000000060e-01,3.432970000000000188e-01,-4.018439999999999790e-01,2.670390000000000263e-01,5.299660000000000482e-01,-1.522880000000000067e-01,2.523299999999999849e-02,5.332209999999999450e-01,-8.237999999999999490e-02,4.132709999999999995e-01,-1.521699999999999962e-02,3.970659999999999745e-01,1.413049999999999862e-01,5.128559999999999786e-01,3.643609999999999904e-01,1.614480000000000082e-01,4.000349999999999739e-01,2.370599999999999929e-01,1.000000000000000000e+00,6.798509999999999831e-01,8.924309999999999743e-01,1.897419999999999940e-01,2.427829999999999988e-01,3.542589999999999906e-01,-9.069999999999999937e-03,6.035979999999999679e-01,5.872209999999999930e-01,7.134610000000000118e-01,4.726210000000000133e-01,5.273759999999999559e-01,4.216679999999999873e-01,-4.015420000000000100e-01,-2.428960000000000008e-01,-5.425560000000000382e-01,5.736109999999999820e-01,6.837119999999999864e-01,5.881650000000000489e-01,1.510489999999999888e-01,-3.205419999999999936e-01,-3.188799999999999968e-01,-7.234530000000000127e-01,5.577020000000000310e-01,5.138500000000000290e-01,-2.957460000000000089e-01,4.190499999999999781e-01,3.711199999999999916e-02,2.547670000000000212e-01,7.221750000000000114e-01,-4.744369999999999976e-01,4.259600000000000192e-02,-8.514599999999999946e-02,-4.305699999999999805e-02,2.063629999999999909e-01,3.722600000000000214e-02,-2.658690000000000220e-01,2.675130000000000008e-01,1.724719999999999864e-01,2.568900000000000003e-02,5.268220000000000125e-01,2.349860000000000004e-01,1.603169999999999873e-01,2.541910000000000003e-01,3.642230000000000190e-01,8.218250000000000277e-01,5.697510000000000074e-01,6.429329999999999767e-01,2.534899999999999931e-01,8.869599999999999707e-02,1.353900000000000103e-01,1.370830000000000104e-01,4.291460000000000274e-01,4.415470000000000228e-01,3.052480000000000193e-01,4.211239999999999983e-01,4.010409999999999808e-01
