1.000000000000000000e+00,2.096800000000000053e-02,-1.237719999999999931e-01,-1.715420000000000000e-01,-3.241600000000000037e-02,-2.580740000000000256e-01,-2.333810000000000051e-01,-3.007770000000000166e-01,6.437500000000000167e-02,4.133400000000000268e-02,-1.735000000000000084e-02,-3.212539999999999840e-01,-2.097249999999999948e-01,-1.466570000000000096e-01,4.863620000000000165e-01,4.922030000000000016e-01,2.847020000000000106e-01,2.548790000000000222e-01,1.733399999999999871e-02,4.150809999999999778e-01,5.848790000000000378e-01,4.983850000000000224e-01,-1.421600000000000086e-01,2.203990000000000116e-01,4.268580000000000152e-01,2.368540000000000090e-01,-2.081479999999999997e-01,2.597369999999999957e-01,5.353149999999999853e-01,1.697800000000000004e-02,6.377920000000000256e-01,2.887250000000000094e-01,1.015339999999999993e-01,3.670120000000000049e-01,2.565979999999999928e-01,-4.598399999999999710e-02,3.227499999999999813e-01,1.633050000000000057e-01,3.658129999999999993e-01,5.697200000000000181e-02,3.908789999999999765e-01,1.386280000000000012e-01,-3.323110000000000230e-01,-1.887899999999999995e-02,-1.338139999999999885e-01,8.101669999999999705e-01,1.690000000000000113e-01,-5.539700000000000180e-02,-2.403150000000000008e-01,-3.143540000000000223e-01,-6.199699999999999656e-02,-3.468249999999999944e-01,-2.553969999999999851e-01,-1.715440000000000020e-01,-6.458999999999999464e-02,-1.368240000000000012e-01,-3.049740000000000228e-01,-2.727419999999999844e-01,-3.117010000000000058e-01,1.349160000000000081e-01,7.351119999999999877e-01,3.087690000000000157e-01,5.643049999999999455e-01,-1.098900000000000050e-02,3.321060000000000123e-01,4.871300000000000074e-01,4.370720000000000161e-01,-9.878099999999999381e-02,-5.363799999999999818e-02,6.116350000000000398e-01,5.233729999999999771e-01,3.715899999999999759e-02,8.660700000000000343e-02,6.372389999999999999e-01,-5.817100000000000048e-02,7.345920000000000227e-01
2.096800000000000053e-02,1.000000000000000000e+00,3.964030000000000054e-01,2.938100000000000087e-02,1.829199999999999993e-01,7.322549999999999892e-01,1.073550000000000060e-01,5.214579999999999771e-01,2.341900000000000093e-01,-1.103750000000000009e-01,3.554200000000000137e-01,4.058229999999999893e-01,5.966339999999999977e-01,7.346600000000000352e-02,-2.106600000000000139e-02,1.110789999999999972e-01,3.466810000000000169e-01,5.280960000000000099e-01,3.164699999999999736e-01,1.645299999999999888e-02,1.231669999999999987e-01,1.035139999999999949e-01,4.386129999999999751e-01,2.200630000000000086e-01,7.112600000000000033e-01,7.312880000000000491e-01,2.175370000000000081e-01,2.905280000000000085e-01,4.320700000000000235e-02,-3.879599999999999715e-02,-2.245240000000000014e-01,2.713189999999999769e-01,5.835380000000000011e-01,3.563600000000000101e-02,-2.486399999999999999e-01,9.613800000000000123e-02,-6.214200000000000279e-02,4.709349999999999925e-01,-4.480399999999999661e-02,1.631680000000000075e-01,-5.131600000000000050e-02,-2.614609999999999990e-01,-2.607499999999999818e-01,-1.766040000000000110e-01,9.340199999999999891e-02,-1.635429999999999939e-01,8.149499999999999800e-02,3.770649999999999835e-01,-1.510730000000000128e-01,3.170419999999999905e-01,2.541689999999999783e-01,-3.896399999999999864e-02,3.039830000000000032e-01,2.848649999999999793e-01,8.068599999999999384e-02,1.761169999999999958e-01,1.090999999999999956e-02,3.705229999999999912e-01,6.450500000000000678e-02,9.482200000000000351e-02,-3.397339999999999804e-01,3.886629999999999807e-01,-1.846589999999999898e-01,3.343709999999999738e-01,-1.023889999999999939e-01,1.635500000000000148e-02,-2.393149999999999999e-01,1.756560000000000066e-01,-3.360630000000000006e-01,1.776119999999999921e-01,1.325079999999999869e-01,-5.959600000000000314e-02,1.765470000000000095e-01,-3.222039999999999904e-01,1.202450000000000047e-01,-2.581579999999999986e-01
-1.237719999999999931e-01,3.964030000000000054e-01,1.000000000000000000e+00,1.887739999999999974e-01,5.665470000000000228e-01,5.315800000000000525e-01,1.558299999999999963e-01,3.897100000000000009e-01,7.390360000000000262e-01,-9.004099999999999604e-02,6.579679999999999973e-01,3.359730000000000216e-01,3.315779999999999839e-01,1.915659999999999863e-01,-5.915399999999999825e-02,-1.293509999999999938e-01,-3.278799999999999770e-02,2.253880000000000050e-01,4.803080000000000127e-01,3.275489999999999791e-01,3.656899999999999734e-02,1.100499999999999950e-01,4.616819999999999813e-01,2.302839999999999887e-01,3.204830000000000179e-01,1.897320000000000118e-01,6.596300000000000496e-01,4.533179999999999987e-01,2.304199999999999998e-02,2.146440000000000015e-01,-2.494589999999999863e-01,2.110779999999999879e-01,5.619739999999999736e-01,8.492299999999999849e-02,-3.018259999999999832e-01,3.640090000000000270e-01,1.224230000000000040e-01,4.892509999999999915e-01,1.753290000000000126e-01,1.707410000000000039e-01,2.459799999999999834e-02,-4.502140000000000031e-01,1.167109999999999953e-01,-2.011500000000000093e-02,3.980719999999999814e-01,-3.123690000000000078e-01,1.553329999999999989e-01,8.255080000000000195e-01,-1.173239999999999977e-01,5.451249999999999707e-01,5.134720000000000395e-01,3.154460000000000042e-01,3.561630000000000074e-01,7.181969999999999743e-01,1.325349999999999862e-01,3.095120000000000093e-01,7.280499999999999472e-02,1.892340000000000133e-01,2.424320000000000086e-01,6.930899999999999561e-02,-2.947100000000000275e-01,1.023639999999999967e-01,-2.339299999999999990e-01,4.350609999999999755e-01,3.097119999999999873e-01,4.171199999999999908e-02,-1.859900000000000095e-02,4.051690000000000014e-01,-6.367200000000000637e-02,8.959699999999999609e-02,-1.631749999999999867e-01,3.379190000000000249e-01,2.927460000000000062e-01,-1.805269999999999930e-01,3.140700000000000158e-01,-2.520930000000000115e-01
-1.715420000000000000e-01,2.938100000000000087e-02,1.887739999999999974e-01,1.000000000000000000e+00,1.089370000000000061e-01,1.150000000000000050e-01,4.057100000000000289e-02,1.185490000000000016e-01,2.136919999999999931e-01,-7.746200000000000307e-02,1.721300000000000052e-01,3.870839999999999836e-01,2.265600000000000114e-01,1.691350000000000076e-01,-2.810650000000000093e-01,-2.275490000000000013e-01,-7.570100000000000440e-02,-1.441260000000000041e-01,1.619649999999999979e-01,5.961500000000000132e-02,-1.268130000000000090e-01,-1.653500000000000109e-02,1.053370000000000001e-01,2.458600000000000022e-02,8.307999999999999413e-03,-9.679000000000000103e-03,4.701500000000000123e-02,8.491899999999999449e-02,-2.232400000000000009e-02,3.681869999999999865e-01,-1.133070000000000049e-01,1.677500000000000172e-02,1.273910000000000042e-01,5.442099999999999715e-02,-3.480940000000000145e-01,1.889879999999999893e-01,-1.821780000000000066e-01,-8.910500000000000365e-02,6.278499999999999359e-02,2.286340000000000039e-01,1.353959999999999886e-01,-1.228950000000000042e-01,8.309600000000000319e-02,3.443140000000000089e-01,5.796500000000000263e-02,-7.988299999999999568e-02,1.096960000000000018e-01,-2.441199999999999967e-02,5.665710000000000468e-01,4.490600000000000147e-02,5.503199999999999759e-02,3.172960000000000225e-01,1.352369999999999961e-01,1.297879999999999867e-01,2.447270000000000001e-01,1.957300000000000012e-02,2.104640000000000122e-01,2.715380000000000016e-01,3.724129999999999940e-01,-2.570450000000000235e-01,-1.661650000000000071e-01,2.380279999999999896e-01,-7.489600000000000424e-02,2.226049999999999973e-01,2.279000000000000210e-03,-7.524699999999999445e-02,-5.000099999999999684e-02,5.944499999999999784e-02,-4.536599999999999661e-02,-1.009749999999999953e-01,5.933800000000000185e-02,-8.034299999999999775e-02,3.372789999999999955e-01,-1.331330000000000013e-01,5.299909999999999899e-01,-7.549100000000000255e-02
-3.241600000000000037e-02,1.829199999999999993e-01,5.665470000000000228e-01,1.089370000000000061e-01,1.000000000000000000e+00,3.010539999999999883e-01,4.184370000000000034e-01,2.339809999999999945e-01,7.079600000000000337e-01,9.892700000000000105e-02,7.184599999999999875e-01,3.127590000000000092e-01,3.481679999999999775e-01,9.524699999999999833e-02,1.296800000000000036e-02,-3.691900000000000043e-02,-6.262000000000000205e-03,6.668200000000000516e-02,3.526739999999999875e-01,2.006429999999999880e-01,4.589900000000000230e-02,-2.789700000000000166e-02,2.513360000000000039e-01,1.840179999999999871e-01,2.606950000000000101e-01,-6.266700000000000048e-02,4.904649999999999843e-01,4.555119999999999725e-01,-3.657200000000000034e-02,4.896299999999999958e-02,-2.358800000000000063e-01,2.296499999999999930e-02,3.233269999999999755e-01,-3.986200000000000160e-02,-3.137449999999999961e-01,3.200729999999999964e-01,2.463500000000000065e-02,4.205059999999999909e-01,-5.573000000000000176e-02,9.258999999999999869e-03,6.444300000000000028e-02,-3.944190000000000196e-01,2.175789999999999946e-01,6.687300000000000189e-02,5.097209999999999797e-01,-2.009660000000000057e-01,1.219999999999999973e-01,4.648749999999999827e-01,-1.027840000000000004e-01,6.475940000000000030e-01,4.442960000000000242e-01,5.431420000000000137e-01,1.933860000000000023e-01,7.322659999999999725e-01,2.151579999999999881e-01,3.773190000000000155e-01,2.266670000000000074e-01,1.767660000000000065e-01,8.050000000000000211e-02,7.759199999999999431e-02,-7.364500000000000213e-02,1.390909999999999924e-01,-1.338310000000000055e-01,1.228719999999999951e-01,2.280079999999999885e-01,1.378500000000000038e-02,-8.603900000000000436e-02,2.910530000000000062e-01,5.536399999999999655e-02,1.815450000000000119e-01,-1.214350000000000013e-01,3.210850000000000093e-01,2.818939999999999779e-01,-1.546999999999999938e-02,1.403379999999999905e-01,-1.504620000000000124e-01
-2.580740000000000256e-01,7.322549999999999892e-01,5.315800000000000525e-01,1.150000000000000050e-01,3.010539999999999883e-01,1.000000000000000000e+00,2.701029999999999820e-01,6.991840000000000277e-01,3.994110000000000160e-01,-9.095100000000000406e-02,4.699940000000000229e-01,5.531850000000000378e-01,7.745210000000000150e-01,1.243029999999999968e-01,-1.604250000000000120e-01,-1.730119999999999991e-01,1.109949999999999964e-01,3.012369999999999770e-01,2.606700000000000128e-01,-7.145600000000000562e-02,1.368409999999999904e-01,-1.628690000000000138e-01,6.735799999999999566e-01,2.578559999999999741e-01,4.380740000000000189e-01,4.687189999999999968e-01,3.926950000000000163e-01,2.836989999999999790e-01,-1.291869999999999963e-01,-1.437800000000000016e-02,-4.795059999999999878e-01,1.001390000000000058e-01,3.612850000000000228e-01,-1.619329999999999936e-01,-3.608529999999999793e-01,2.263509999999999966e-01,-8.309700000000000419e-02,3.827980000000000271e-01,-1.413399999999999934e-01,-1.425810000000000133e-01,-1.590769999999999962e-01,-3.864159999999999817e-01,2.299199999999999855e-02,-1.595429999999999904e-01,2.872730000000000006e-01,-4.208230000000000026e-01,6.268799999999999373e-02,4.619460000000000233e-01,-7.571999999999999564e-02,4.283100000000000240e-01,5.882629999999999804e-01,2.830650000000000110e-01,5.776769999999999960e-01,4.725639999999999841e-01,3.106630000000000225e-01,1.308169999999999888e-01,1.603849999999999998e-01,6.377869999999999928e-01,2.084100000000000119e-01,-1.212720000000000048e-01,-5.287699999999999623e-01,1.852890000000000092e-01,-3.458769999999999900e-01,2.667100000000000026e-01,-1.513470000000000093e-01,6.264200000000000323e-02,-3.485400000000000165e-01,4.550089999999999968e-01,-7.680299999999999627e-02,-5.030099999999999849e-02,-1.815599999999999992e-01,1.228370000000000017e-01,2.601939999999999809e-01,-4.305649999999999755e-01,1.622419999999999973e-01,-4.680289999999999728e-01
-2.333810000000000051e-01,1.073550000000000060e-01,1.558299999999999963e-01,4.057100000000000289e-02,4.184370000000000034e-01,2.701029999999999820e-01,1.000000000000000000e+00,-4.199100000000000055e-02,3.111490000000000089e-01,4.473509999999999986e-01,2.340869999999999895e-01,-1.675600000000000006e-02,5.670230000000000548e-01,-4.180360000000000187e-01,-1.401229999999999976e-01,2.347589999999999955e-01,1.641170000000000129e-01,2.515479999999999938e-01,2.802640000000000131e-01,-2.422870000000000024e-01,-1.333219999999999961e-01,-2.010820000000000107e-01,-1.554389999999999938e-01,-9.184000000000000496e-02,1.265249999999999986e-01,-2.178970000000000073e-01,3.396319999999999895e-01,9.931500000000000050e-02,1.387639999999999985e-01,1.052700000000000025e-01,-1.058439999999999936e-01,2.172310000000000074e-01,2.308739999999999959e-01,-5.754599999999999993e-02,-1.469499999999999973e-01,6.078000000000000069e-02,-1.641060000000000019e-01,-9.228000000000000091e-03,-4.479899999999999854e-02,-1.855000000000000052e-02,3.373999999999999829e-03,-3.043210000000000082e-01,5.124959999999999516e-01,2.123460000000000070e-01,3.937309999999999977e-01,-2.505080000000000084e-01,1.503790000000000127e-01,5.905900000000000039e-02,-1.726620000000000099e-01,3.802340000000000164e-01,1.378759999999999986e-01,6.490460000000000118e-01,-7.825400000000000411e-02,3.324110000000000120e-01,4.036779999999999813e-01,1.787509999999999932e-01,-3.685299999999999687e-02,3.368979999999999753e-01,-2.581900000000000167e-02,-5.423900000000000249e-02,-1.232280000000000042e-01,7.877299999999999580e-02,8.234999999999999265e-03,1.529330000000000134e-01,-5.136299999999999893e-02,-7.038099999999999912e-02,-2.007140000000000035e-01,-1.999450000000000116e-01,-3.664999999999999855e-03,-1.982899999999999940e-02,-3.891399999999999859e-01,2.818749999999999867e-01,3.345800000000000163e-02,-4.644399999999999917e-02,1.299039999999999917e-01,-1.023130000000000012e-01
-3.007770000000000166e-01,5.214579999999999771e-01,3.897100000000000009e-01,1.185490000000000016e-01,2.339809999999999945e-01,6.991840000000000277e-01,-4.199100000000000055e-02,1.000000000000000000e+00,9.406799999999999884e-02,-2.870779999999999998e-01,4.774709999999999788e-01,6.702979999999999494e-01,3.503100000000000103e-01,4.008559999999999901e-01,-1.167490000000000056e-01,-4.934140000000000192e-01,-6.401800000000000546e-02,8.421499999999999819e-02,-7.064399999999999846e-02,-1.250590000000000035e-01,-2.923600000000000157e-02,-2.161820000000000130e-01,8.268100000000000449e-01,3.925969999999999738e-01,1.613279999999999992e-01,3.762579999999999814e-01,1.706370000000000109e-01,4.865499999999999686e-02,-5.561420000000000252e-01,1.212399999999999936e-02,-5.514449999999999630e-01,-1.048690000000000039e-01,3.095260000000000233e-01,-6.864099999999999369e-02,-2.973180000000000267e-01,1.123949999999999949e-01,-1.748220000000000052e-01,3.836470000000000158e-01,-2.196809999999999874e-01,-7.259999999999999960e-03,-3.174500000000000238e-02,-1.296839999999999937e-01,-4.735500000000000126e-02,-8.150399999999999312e-02,1.051350000000000062e-01,-4.151719999999999855e-01,-1.741300000000000070e-01,5.063429999999999875e-01,1.644559999999999911e-01,4.845809999999999840e-01,3.945339999999999958e-01,-1.724699999999999844e-02,8.493950000000000111e-01,3.406799999999999828e-01,-3.270699999999999996e-02,4.363909999999999734e-01,3.040800000000000169e-01,3.269320000000000004e-01,2.239589999999999914e-01,-1.930000000000000021e-04,-5.808980000000000254e-01,-5.442199999999999815e-02,-4.952079999999999815e-01,4.579500000000000237e-02,-9.862899999999999445e-02,-6.073100000000000026e-02,-2.814269999999999827e-01,6.739610000000000323e-01,5.417199999999999793e-02,-2.858080000000000065e-01,-5.286099999999999827e-02,-1.310860000000000081e-01,1.882530000000000037e-01,-6.320679999999999632e-01,2.106069999999999887e-01,-5.111820000000000253e-01
6.437500000000000167e-02,2.341900000000000093e-01,7.390360000000000262e-01,2.136919999999999931e-01,7.079600000000000337e-01,3.994110000000000160e-01,3.111490000000000089e-01,9.406799999999999884e-02,1.000000000000000000e+00,5.437199999999999672e-02,6.271390000000000020e-01,2.629340000000000011e-01,4.205510000000000081e-01,-3.703100000000000142e-02,8.017900000000000027e-02,9.848600000000000410e-02,4.182600000000000207e-02,1.643449999999999911e-01,4.642180000000000195e-01,3.722309999999999786e-01,8.841000000000000247e-02,1.803349999999999953e-01,1.673530000000000018e-01,1.967240000000000100e-01,3.680269999999999930e-01,1.027299999999999915e-02,5.996270000000000211e-01,5.228220000000000089e-01,2.436240000000000072e-01,-2.471999999999999805e-03,-1.100560000000000010e-01,1.773679999999999979e-01,3.471899999999999986e-01,1.057100000000000053e-02,-3.278030000000000110e-01,3.219949999999999757e-01,9.494700000000000362e-02,3.381979999999999986e-01,1.664629999999999999e-01,4.652799999999999991e-02,7.657300000000000217e-02,-5.957390000000000185e-01,1.516369999999999940e-01,-5.991300000000000098e-02,4.891650000000000165e-01,-9.207999999999999519e-02,1.119909999999999933e-01,5.940800000000000525e-01,-2.668869999999999854e-01,5.168139999999999956e-01,4.916539999999999799e-01,4.647060000000000080e-01,1.131670000000000037e-01,8.276780000000000248e-01,3.426350000000000229e-01,1.995290000000000119e-01,1.586029999999999940e-01,2.282029999999999892e-01,1.129840000000000011e-01,3.492599999999999871e-02,-8.896099999999999841e-02,2.610140000000000238e-01,-6.601200000000000123e-02,2.816980000000000040e-01,2.100360000000000005e-01,1.081460000000000060e-01,-9.396200000000000385e-02,1.745649999999999979e-01,-1.186500000000000055e-01,1.841000000000000136e-01,-2.134580000000000088e-01,4.159559999999999924e-01,2.096059999999999868e-01,5.193799999999999806e-02,5.915900000000000325e-02,-1.253440000000000110e-01
4.133400000000000268e-02,-1.103750000000000009e-01,-9.004099999999999604e-02,-7.746200000000000307e-02,9.892700000000000105e-02,-9.095100000000000406e-02,4.473509999999999986e-01,-2.870779999999999998e-01,5.437199999999999672e-02,1.000000000000000000e+00,-2.027819999999999900e-01,-2.035009999999999875e-01,2.173920000000000019e-01,-5.232069999999999776e-01,2.734790000000000276e-01,4.132870000000000155e-01,4.418309999999999738e-01,2.590319999999999845e-01,-1.101399999999999949e-02,1.629999999999999852e-02,1.930779999999999996e-01,1.122490000000000016e-01,-2.505109999999999837e-01,2.008700000000000069e-02,-1.664900000000000060e-02,-7.317899999999999405e-02,5.661399999999999766e-02,3.045910000000000006e-01,3.898300000000000098e-01,1.875549999999999995e-01,3.547649999999999970e-01,4.386090000000000266e-01,1.286029999999999951e-01,-1.476860000000000117e-01,1.082420000000000049e-01,-2.917770000000000086e-01,-2.413750000000000062e-01,-4.017350000000000088e-01,1.046070000000000055e-01,-9.788499999999999979e-02,-7.205100000000000393e-02,-2.003230000000000011e-01,3.822209999999999774e-01,4.428929999999999811e-01,6.897200000000000553e-02,-1.887000000000000136e-02,-2.279000000000000210e-03,-2.743769999999999820e-01,-4.413399999999999962e-02,5.871999999999999616e-03,-3.575130000000000252e-01,1.199110000000000037e-01,-2.801819999999999866e-01,-4.061399999999999733e-02,3.369480000000000253e-01,2.255989999999999940e-01,-1.452699999999999998e-02,-5.723799999999999721e-02,-4.686279999999999890e-01,2.411119999999999930e-01,1.877910000000000135e-01,2.088069999999999926e-01,1.539919999999999900e-01,4.630299999999999694e-02,1.402299999999999935e-01,4.942099999999999965e-02,1.971299999999999997e-01,-3.266760000000000219e-01,2.306789999999999952e-01,-6.375200000000000311e-02,-8.432800000000000018e-02,3.905800000000000244e-02,1.309399999999999974e-02,1.564520000000000077e-01,1.149299999999999974e-02,2.281829999999999969e-01
-1.735000000000000084e-02,3.554200000000000137e-01,6.579679999999999973e-01,1.721300000000000052e-01,7.184599999999999875e-01,4.699940000000000229e-01,2.340869999999999895e-01,4.774709999999999788e-01,6.271390000000000020e-01,-2.027819999999999900e-01,1.000000000000000000e+00,3.318510000000000071e-01,3.392299999999999760e-01,2.046779999999999988e-01,-7.527999999999999969e-03,-1.832729999999999915e-01,-9.335499999999999354e-02,2.008109999999999895e-01,2.383699999999999986e-01,1.043329999999999952e-01,7.702799999999999925e-02,-6.997599999999999654e-02,3.543979999999999908e-01,2.610750000000000015e-01,3.859500000000000153e-01,1.693250000000000033e-01,3.736680000000000001e-01,3.862650000000000250e-01,-1.966779999999999917e-01,4.741100000000000175e-02,-3.605610000000000204e-01,-1.261950000000000016e-01,4.475029999999999841e-01,1.083469999999999989e-01,-2.542170000000000263e-01,2.900840000000000085e-01,7.295699999999999408e-02,5.603420000000000067e-01,-1.801149999999999973e-01,-2.857499999999999971e-02,1.587280000000000080e-01,-3.104379999999999917e-01,-1.515999999999999986e-02,-1.185380000000000045e-01,3.862909999999999955e-01,-2.622510000000000119e-01,-2.027699999999999989e-02,6.709199999999999608e-01,-7.851500000000000146e-02,6.615560000000000329e-01,4.343810000000000171e-01,3.159129999999999994e-01,3.180609999999999826e-01,7.514840000000000408e-01,1.359950000000000048e-01,4.528670000000000195e-01,-8.446000000000000382e-03,2.417999999999999872e-01,1.599009999999999876e-01,5.055099999999999871e-02,-1.974650000000000016e-01,5.450300000000000283e-02,-2.703769999999999785e-01,9.034799999999999776e-02,1.587210000000000010e-01,7.540299999999999780e-02,-1.684559999999999946e-01,3.285190000000000055e-01,-9.435499999999999443e-02,1.762189999999999868e-01,-1.403300000000000103e-01,1.241030000000000050e-01,3.152269999999999794e-01,-2.059950000000000114e-01,2.807859999999999800e-01,-2.092630000000000046e-01
-3.212539999999999840e-01,4.058229999999999893e-01,3.359730000000000216e-01,3.870839999999999836e-01,3.127590000000000092e-01,5.531850000000000378e-01,-1.675600000000000006e-02,6.702979999999999494e-01,2.629340000000000011e-01,-2.035009999999999875e-01,3.318510000000000071e-01,1.000000000000000000e+00,4.887480000000000158e-01,2.924820000000000197e-01,-2.353320000000000134e-01,-5.432489999999999819e-01,-5.231199999999999739e-02,-1.741030000000000078e-01,1.898870000000000002e-01,-4.478100000000000136e-02,-1.873070000000000013e-01,-2.736120000000000219e-01,5.875369999999999759e-01,4.609500000000000264e-01,8.221399999999999542e-02,3.596840000000000037e-01,-1.307200000000000029e-02,1.144740000000000063e-01,-4.525500000000000078e-01,1.173000000000000015e-01,-5.444930000000000048e-01,-1.600209999999999966e-01,1.918020000000000003e-01,-2.687390000000000057e-01,-4.455350000000000144e-01,3.433399999999999785e-01,-9.888299999999999867e-02,2.779900000000000149e-01,-2.535669999999999868e-01,7.780900000000000316e-02,-1.112390000000000045e-01,-2.522769999999999735e-01,7.262399999999999411e-02,-2.924900000000000069e-02,2.555509999999999726e-01,-3.744879999999999876e-01,-2.187020000000000075e-01,2.980209999999999804e-01,1.569419999999999982e-01,3.441839999999999899e-01,3.007389999999999786e-01,1.814030000000000087e-01,5.812829999999999941e-01,3.976609999999999867e-01,2.446450000000000014e-01,1.891760000000000108e-01,6.376519999999999966e-01,4.024800000000000044e-01,4.170740000000000003e-01,-3.272900000000000115e-02,-6.306559999999999944e-01,9.781299999999999717e-02,-5.673209999999999642e-01,2.761069999999999913e-01,-1.288930000000000076e-01,-2.021610000000000074e-01,-3.767579999999999818e-01,4.383090000000000042e-01,2.034900000000000042e-01,-3.809549999999999881e-01,2.123299999999999840e-02,-2.822219999999999729e-01,3.552210000000000090e-01,-6.521409999999999707e-01,2.930869999999999864e-01,-5.329639999999999933e-01
-2.097249999999999948e-01,5.966339999999999977e-01,3.315779999999999839e-01,2.265600000000000114e-01,3.481679999999999775e-01,7.745210000000000150e-01,5.670230000000000548e-01,3.503100000000000103e-01,4.205510000000000081e-01,2.173920000000000019e-01,3.392299999999999760e-01,4.887480000000000158e-01,1.000000000000000000e+00,-2.275580000000000103e-01,-1.181200000000000028e-01,4.344100000000000045e-02,2.641990000000000172e-01,2.567550000000000110e-01,3.328889999999999905e-01,-1.232889999999999958e-01,1.394130000000000091e-01,-1.957750000000000046e-01,3.284299999999999997e-01,2.877500000000000058e-01,3.971640000000000170e-01,3.265739999999999754e-01,2.076010000000000078e-01,4.010679999999999801e-01,7.867599999999999594e-02,1.158079999999999943e-01,-3.108079999999999732e-01,2.045299999999999896e-01,2.887319999999999887e-01,-2.024070000000000036e-01,-4.108430000000000137e-01,1.791739999999999999e-01,-1.421000000000000041e-01,1.446449999999999958e-01,-1.212730000000000058e-01,-1.194979999999999931e-01,-5.006100000000000133e-02,-4.638450000000000073e-01,2.255979999999999930e-01,2.997299999999999964e-02,3.370810000000000195e-01,-3.337350000000000039e-01,5.638499999999999762e-02,2.358609999999999873e-01,-1.728879999999999861e-01,3.333380000000000232e-01,3.891499999999999959e-01,4.627959999999999852e-01,2.728679999999999994e-01,4.726429999999999798e-01,5.707449999999999468e-01,1.002559999999999979e-01,2.598099999999999854e-01,7.327339999999999964e-01,7.441699999999999704e-02,-1.275679999999999870e-01,-4.242830000000000212e-01,3.696260000000000101e-01,-2.323850000000000082e-01,3.147539999999999782e-01,-2.274869999999999948e-01,4.172900000000000220e-02,-3.914790000000000214e-01,1.366179999999999894e-01,4.172800000000000120e-02,-4.155600000000000266e-02,-1.740109999999999990e-01,7.649999999999999682e-03,4.001250000000000084e-01,-3.159489999999999799e-01,2.037229999999999874e-01,-3.306250000000000022e-01
-1.466570000000000096e-01,7.346600000000000352e-02,1.915659999999999863e-01,1.691350000000000076e-01,9.524699999999999833e-02,1.243029999999999968e-01,-4.180360000000000187e-01,4.008559999999999901e-01,-3.703100000000000142e-02,-5.232069999999999776e-01,2.046779999999999988e-01,2.924820000000000197e-01,-2.275580000000000103e-01,1.000000000000000000e+00,-1.972899999999999932e-01,-3.123119999999999785e-01,-1.591069999999999984e-01,-8.198199999999999932e-02,-2.259999999999999910e-04,5.295699999999999713e-02,-2.243860000000000021e-01,-8.973999999999999339e-03,3.774029999999999885e-01,3.413599999999999968e-02,-1.383189999999999975e-01,1.471310000000000118e-01,4.971199999999999924e-02,-9.586799999999999489e-02,-4.022379999999999844e-01,1.084000000000000068e-02,-1.778780000000000083e-01,-2.170850000000000002e-01,2.814200000000000035e-02,2.530299999999999910e-02,4.182000000000000300e-02,3.046730000000000271e-01,1.439169999999999894e-01,2.826739999999999808e-01,-1.827700000000000158e-02,1.065490000000000048e-01,-1.692410000000000025e-01,2.565569999999999795e-01,-2.209899999999999920e-01,-2.148799999999999877e-01,-2.026169999999999916e-01,-1.014900000000000004e-02,-4.884399999999999853e-02,2.431689999999999963e-01,4.099619999999999931e-01,1.375429999999999986e-01,2.883839999999999737e-01,-9.499399999999999511e-02,3.948160000000000003e-01,2.308000000000000156e-03,-1.450950000000000017e-01,1.016399999999999942e-02,1.394990000000000119e-01,5.865700000000000081e-02,4.428449999999999886e-01,-1.875809999999999977e-01,-1.596210000000000129e-01,-1.291339999999999988e-01,-1.315189999999999970e-01,4.836599999999999927e-02,3.292500000000000288e-02,-1.197610000000000063e-01,-5.670100000000000140e-02,4.234720000000000151e-01,5.245400000000000063e-02,-3.512200000000000044e-02,1.680989999999999984e-01,-1.819000000000000131e-02,8.335599999999999954e-02,-2.254170000000000063e-01,7.790999999999999315e-02,-9.949399999999999911e-02
4.863620000000000165e-01,-2.106600000000000139e-02,-5.915399999999999825e-02,-2.810650000000000093e-01,1.296800000000000036e-02,-1.604250000000000120e-01,-1.401229999999999976e-01,-1.167490000000000056e-01,8.017900000000000027e-02,2.734790000000000276e-01,-7.527999999999999969e-03,-2.353320000000000134e-01,-1.181200000000000028e-01,-1.972899999999999932e-01,1.000000000000000000e+00,4.776130000000000098e-01,3.531630000000000047e-01,4.374089999999999923e-01,-1.109990000000000004e-01,4.454620000000000246e-01,4.875269999999999881e-01,5.657780000000000031e-01,-1.424539999999999973e-01,8.479699999999999738e-02,1.373610000000000109e-01,1.098660000000000053e-01,1.078739999999999977e-01,2.112529999999999963e-01,4.789729999999999821e-01,5.492999999999999619e-03,3.742489999999999983e-01,2.951349999999999807e-01,-3.403000000000000209e-03,2.767649999999999832e-01,2.178920000000000023e-01,-3.403450000000000086e-01,-8.966899999999999871e-02,-2.836500000000000132e-02,3.252880000000000216e-01,-1.329710000000000059e-01,2.906009999999999982e-01,4.445000000000000340e-02,-4.181349999999999789e-01,-1.412849999999999939e-01,-1.817360000000000086e-01,3.229909999999999726e-01,-7.927299999999999625e-02,6.778199999999999503e-02,-1.369680000000000064e-01,-5.587099999999999705e-02,-1.517840000000000023e-01,-3.621320000000000094e-01,-1.184169999999999945e-01,3.407299999999999912e-02,2.749499999999999861e-02,2.831890000000000240e-01,-1.769699999999999884e-01,-2.325409999999999977e-01,-5.043299999999999450e-01,4.599829999999999752e-01,4.858210000000000028e-01,1.697539999999999882e-01,4.039780000000000038e-01,2.076999999999999853e-03,2.464520000000000044e-01,2.542309999999999848e-01,3.416469999999999785e-01,-1.178089999999999971e-01,-7.108299999999999341e-02,2.911710000000000131e-01,1.354940000000000033e-01,2.043979999999999964e-01,-8.497699999999999698e-02,4.091239999999999877e-01,-1.876410000000000022e-01,3.391890000000000183e-01
4.922030000000000016e-01,1.110789999999999972e-01,-1.293509999999999938e-01,-2.275490000000000013e-01,-3.691900000000000043e-02,-1.730119999999999991e-01,2.347589999999999955e-01,-4.934140000000000192e-01,9.848600000000000410e-02,4.132870000000000155e-01,-1.832729999999999915e-01,-5.432489999999999819e-01,4.344100000000000045e-02,-3.123119999999999785e-01,4.776130000000000098e-01,1.000000000000000000e+00,4.058439999999999825e-01,5.607750000000000234e-01,1.450970000000000037e-01,2.437799999999999967e-01,3.169960000000000000e-01,5.490580000000000460e-01,-4.646480000000000055e-01,-2.362460000000000115e-01,3.704629999999999868e-01,6.143099999999999949e-02,1.441250000000000031e-01,2.205139999999999878e-01,7.929789999999999894e-01,-1.124089999999999950e-01,6.392079999999999984e-01,5.473350000000000160e-01,1.344499999999999862e-01,3.207809999999999828e-01,3.973099999999999965e-01,-9.875599999999999656e-02,9.726700000000000623e-02,-4.891899999999999721e-02,4.851050000000000084e-01,1.496619999999999895e-01,2.262389999999999957e-01,2.758700000000000041e-02,-1.137869999999999993e-01,-8.349199999999999677e-02,-1.981799999999999881e-02,4.787680000000000269e-01,1.735359999999999958e-01,-1.673080000000000123e-01,-3.062039999999999762e-01,-1.840289999999999981e-01,-2.187060000000000115e-01,-4.596399999999999791e-02,-5.379509999999999570e-01,-1.211150000000000004e-01,1.727619999999999989e-01,-1.481969999999999954e-01,-3.341180000000000261e-01,-1.641130000000000089e-01,-4.040079999999999782e-01,1.971229999999999927e-01,6.546939999999999982e-01,3.754370000000000207e-01,6.944280000000000452e-01,9.386300000000000199e-02,1.838700000000000057e-01,1.739580000000000015e-01,3.693460000000000076e-01,-5.354379999999999695e-01,-2.616080000000000072e-01,4.743950000000000111e-01,1.150850000000000067e-01,2.523710000000000120e-01,-1.056369999999999948e-01,6.312419999999999698e-01,-2.465680000000000094e-01,5.599889999999999590e-01
2.847020000000000106e-01,3.466810000000000169e-01,-3.278799999999999770e-02,-7.570100000000000440e-02,-6.262000000000000205e-03,1.109949999999999964e-01,1.641170000000000129e-01,-6.401800000000000546e-02,4.182600000000000207e-02,4.418309999999999738e-01,-9.335499999999999354e-02,-5.231199999999999739e-02,2.641990000000000172e-01,-1.591069999999999984e-01,3.531630000000000047e-01,4.058439999999999825e-01,1.000000000000000000e+00,6.932899999999999618e-01,1.244760000000000033e-01,7.896499999999999353e-02,1.978920000000000123e-01,2.640290000000000137e-01,-1.693449999999999955e-01,5.724300000000000221e-02,4.516760000000000219e-01,3.590559999999999863e-01,-1.139440000000000036e-01,2.326459999999999917e-01,3.536850000000000271e-01,2.751379999999999937e-01,4.431530000000000191e-01,5.842669999999999808e-01,2.962640000000000273e-01,1.187209999999999932e-01,4.514800000000000063e-02,-3.505610000000000115e-01,-2.467969999999999886e-01,-4.040900000000000047e-02,2.387519999999999920e-01,-2.410599999999999896e-02,-3.512500000000000344e-02,-1.092599999999999960e-01,-1.275799999999999990e-01,2.385089999999999988e-01,-1.092179999999999956e-01,2.159699999999999953e-01,1.102920000000000011e-01,-8.386599999999999611e-02,7.051300000000000623e-02,2.948999999999999799e-03,-1.336269999999999958e-01,-1.467479999999999896e-01,-1.145980000000000054e-01,-9.304600000000000370e-02,2.558130000000000126e-01,2.824960000000000249e-01,-2.070480000000000098e-01,1.702059999999999962e-01,-3.902829999999999910e-01,2.497399999999999898e-01,1.925419999999999909e-01,5.980259999999999465e-01,2.754880000000000106e-01,3.606320000000000081e-01,3.422499999999999848e-02,9.014199999999999990e-02,1.489700000000000052e-02,-2.300699999999999967e-01,-1.757450000000000123e-01,2.404080000000000106e-01,2.613989999999999925e-01,-5.714500000000000135e-02,1.196490000000000054e-01,9.945900000000000574e-02,7.649100000000000343e-02,2.905900000000000150e-01
2.548790000000000222e-01,5.280960000000000099e-01,2.253880000000000050e-01,-1.441260000000000041e-01,6.668200000000000516e-02,3.012369999999999770e-01,2.515479999999999938e-01,8.421499999999999819e-02,1.643449999999999911e-01,2.590319999999999845e-01,2.008109999999999895e-01,-1.741030000000000078e-01,2.567550000000000110e-01,-8.198199999999999932e-02,4.374089999999999923e-01,5.607750000000000234e-01,6.932899999999999618e-01,1.000000000000000000e+00,1.929559999999999886e-01,1.923169999999999880e-01,2.229099999999999970e-01,4.263560000000000128e-01,-8.572799999999999865e-02,-1.366999999999999882e-01,5.813450000000000006e-01,3.876120000000000121e-01,2.838350000000000040e-01,1.795970000000000066e-01,4.292540000000000244e-01,7.406600000000000683e-02,2.968689999999999940e-01,5.261350000000000193e-01,4.907880000000000020e-01,3.194660000000000277e-01,1.250699999999999867e-01,-2.307819999999999871e-01,-1.582610000000000128e-01,2.045269999999999866e-01,3.092210000000000236e-01,-7.941999999999999407e-03,1.186310000000000003e-01,-1.085180000000000033e-01,-2.828140000000000098e-01,-2.117199999999999985e-02,-4.463700000000000306e-02,8.157599999999999574e-02,1.736910000000000120e-01,1.658300000000000052e-01,-4.158400000000000291e-02,2.246569999999999956e-01,-1.378300000000000011e-02,-7.303999999999999382e-02,-8.130800000000000527e-02,1.081509999999999971e-01,2.284319999999999962e-01,2.948020000000000085e-01,-5.195969999999999756e-01,9.472099999999999964e-02,-2.830719999999999903e-01,2.745099999999999763e-01,2.463460000000000094e-01,4.215200000000000058e-01,3.592839999999999923e-01,3.240649999999999920e-01,1.555829999999999991e-01,1.156549999999999939e-01,1.598499999999999921e-01,-2.161250000000000115e-01,-4.225309999999999899e-01,4.044869999999999854e-01,5.364399999999999724e-02,2.134399999999999908e-01,-4.270299999999999790e-02,1.569639999999999924e-01,3.872500000000000248e-02,2.286980000000000124e-01
1.733399999999999871e-02,3.164699999999999736e-01,4.803080000000000127e-01,1.619649999999999979e-01,3.526739999999999875e-01,2.606700000000000128e-01,2.802640000000000131e-01,-7.064399999999999846e-02,4.642180000000000195e-01,-1.101399999999999949e-02,2.383699999999999986e-01,1.898870000000000002e-01,3.328889999999999905e-01,-2.259999999999999910e-04,-1.109990000000000004e-01,1.450970000000000037e-01,1.244760000000000033e-01,1.929559999999999886e-01,1.000000000000000000e+00,1.974889999999999979e-01,3.860100000000000336e-02,-2.390000000000000197e-03,-3.092999999999999916e-02,3.708399999999999891e-02,3.477970000000000228e-01,-1.907100000000000115e-02,3.294039999999999746e-01,3.651499999999999746e-01,2.085279999999999911e-01,2.216150000000000064e-01,-8.855000000000000024e-03,2.463460000000000094e-01,3.441739999999999799e-01,1.011869999999999992e-01,-1.760420000000000040e-01,4.772500000000000075e-01,2.517829999999999790e-01,4.388750000000000151e-01,2.186289999999999900e-01,3.004970000000000141e-01,6.632699999999999707e-02,-1.945890000000000120e-01,1.507509999999999961e-01,-7.654500000000000193e-02,4.455549999999999788e-01,-6.638999999999999936e-03,3.424530000000000074e-01,2.346689999999999887e-01,-1.595010000000000039e-01,1.007229999999999931e-01,4.090529999999999999e-01,3.910040000000000182e-01,-6.099600000000000161e-02,3.522239999999999815e-01,2.732749999999999901e-01,-1.355929999999999913e-01,1.585650000000000115e-01,2.930440000000000267e-01,3.126570000000000182e-01,-3.131000000000000102e-03,-6.258199999999999874e-02,3.373990000000000045e-01,1.566649999999999987e-01,7.522670000000000190e-01,1.053739999999999954e-01,1.087599999999999956e-01,-1.535920000000000063e-01,-3.098300000000000012e-02,-1.074650000000000050e-01,2.621859999999999746e-01,4.162699999999999734e-02,3.232530000000000125e-01,2.449530000000000041e-01,1.050149999999999972e-01,2.681430000000000202e-01,-2.473500000000000004e-02
4.150809999999999778e-01,1.645299999999999888e-02,3.275489999999999791e-01,5.961500000000000132e-02,2.006429999999999880e-01,-7.145600000000000562e-02,-2.422870000000000024e-01,-1.250590000000000035e-01,3.722309999999999786e-01,1.629999999999999852e-02,1.043329999999999952e-01,-4.478100000000000136e-02,-1.232889999999999958e-01,5.295699999999999713e-02,4.454620000000000246e-01,2.437799999999999967e-01,7.896499999999999353e-02,1.923169999999999880e-01,1.974889999999999979e-01,1.000000000000000000e+00,3.276919999999999833e-01,8.018750000000000044e-01,2.497999999999999787e-03,1.474400000000000016e-02,1.070019999999999999e-01,1.673300000000000065e-01,3.431529999999999858e-01,2.706649999999999889e-01,4.915550000000000197e-01,1.420440000000000036e-01,3.225270000000000081e-01,2.838169999999999860e-01,1.022959999999999980e-01,2.752490000000000214e-01,5.303900000000000281e-02,9.542599999999999694e-02,9.131799999999999640e-02,4.414599999999999774e-02,4.597229999999999928e-01,4.867500000000000299e-02,1.620530000000000026e-01,-1.893160000000000120e-01,-3.002079999999999749e-01,-3.202100000000000085e-02,-1.436999999999999944e-01,2.835190000000000210e-01,1.690290000000000126e-01,2.062910000000000021e-01,1.246799999999999992e-02,1.206080000000000069e-01,7.974799999999999944e-02,-2.307999999999999982e-02,1.838000000000000007e-03,1.713369999999999893e-01,1.034999999999999983e-02,9.247099999999999764e-02,-5.692599999999999744e-02,-2.336749999999999938e-01,-5.864899999999999974e-02,9.431100000000000594e-02,3.746309999999999918e-01,1.044920000000000015e-01,2.681100000000000150e-01,2.519569999999999865e-01,6.844620000000000148e-01,1.895469999999999933e-01,5.840849999999999653e-01,5.313299999999999967e-02,-5.206399999999999917e-02,3.591770000000000240e-01,2.154210000000000014e-01,3.576110000000000122e-01,6.939999999999999555e-04,4.369339999999999891e-01,2.831399999999999889e-02,3.148279999999999967e-01
