1.000000000000000000e+00,4.365100000000000230e-02,-1.373810000000000031e-01,-1.708369999999999889e-01,-2.412249999999999950e-01,-3.007440000000000113e-01,-3.378479999999999817e-01,-1.280550000000000022e-01,-3.426170000000000049e-01,5.126900000000000207e-02,-2.005720000000000003e-01,-1.851220000000000088e-01,-3.085060000000000024e-01,-1.440279999999999894e-01,6.385279999999999845e-01,7.094989999999999908e-01,2.609190000000000120e-01,2.045460000000000056e-01,-2.580390000000000184e-01,1.051389999999999963e-01,4.163799999999999724e-01,3.525769999999999738e-01,-1.401419999999999888e-01,-1.663500000000000048e-02,4.569300000000000028e-01,4.769700000000000328e-02,1.420619999999999938e-01,-2.487199999999999966e-01,9.720800000000000274e-02,-1.172939999999999955e-01,8.055970000000000075e-01,4.133319999999999772e-01,9.443200000000000205e-02,5.429389999999999494e-01,3.278119999999999923e-01,-7.680099999999999427e-02,2.108710000000000029e-01,-1.728449999999999986e-01,4.191300000000000026e-01,4.222369999999999735e-01,5.872929999999999540e-01,-7.591299999999999437e-02,-2.159900000000000014e-02,1.227990000000000054e-01,-4.610299999999999815e-02,8.887279999999999625e-01,1.189100000000000018e-01,-2.102950000000000097e-01,-1.470670000000000033e-01,1.270900000000000085e-01,-2.206760000000000110e-01,2.291289999999999993e-01,-3.038199999999999928e-02,-1.638409999999999866e-01,1.200900000000000058e-02,-1.578940000000000066e-01,-1.254800000000000082e-01,1.326660000000000061e-01,-1.485999999999999908e-03,7.717049999999999743e-01,5.598980000000000068e-01,3.933510000000000062e-01,5.091930000000000067e-01,-3.277639999999999998e-01,2.917100000000000248e-01,4.253489999999999771e-01,4.846679999999999877e-01,-7.748900000000000232e-02,1.891790000000000138e-01,5.271900000000000475e-01,3.287459999999999827e-01,1.827590000000000048e-01,5.725999999999999840e-02,3.976939999999999920e-01,-1.655689999999999940e-01,8.061690000000000245e-01
4.365100000000000230e-02,1.000000000000000000e+00,2.282100000000000101e-02,-5.720000000000000258e-04,-1.502499999999999947e-01,4.822460000000000080e-01,1.438309999999999866e-01,-6.295199999999999407e-02,-1.401959999999999873e-01,2.563989999999999880e-01,-1.985439999999999983e-01,-2.538699999999999984e-02,2.600900000000000087e-02,9.997100000000000430e-02,-1.218110000000000026e-01,2.582399999999999973e-02,1.430589999999999917e-01,3.409650000000000181e-01,8.336799999999999766e-02,-1.958719999999999906e-01,4.166099999999999665e-02,-1.783760000000000068e-01,1.227570000000000050e-01,3.153399999999999953e-02,6.427519999999999900e-01,3.205189999999999984e-01,4.734499999999999820e-01,-2.486170000000000047e-01,4.841900000000000093e-01,-2.529930000000000234e-01,-1.534659999999999913e-01,6.918299999999999450e-02,2.357529999999999903e-01,-1.320290000000000075e-01,-2.025560000000000138e-01,-1.711749999999999938e-01,-9.536400000000000432e-02,-9.217699999999999505e-02,6.059900000000000009e-02,1.531359999999999943e-01,-1.489719999999999933e-01,-7.783500000000000141e-02,-5.812500000000000305e-02,-1.881230000000000124e-01,-1.060539999999999955e-01,-5.817300000000000249e-02,4.462320000000000175e-01,-7.263000000000000358e-03,-4.494999999999999864e-03,-1.656219999999999914e-01,3.844159999999999799e-01,-1.394600000000000006e-02,1.243700000000000014e-02,-4.548900000000000166e-02,2.177000000000000116e-03,-3.494799999999999990e-02,-6.725599999999999634e-02,1.821599999999999955e-02,1.183850000000000041e-01,-9.951300000000000423e-02,-1.423109999999999931e-01,-2.849900000000000003e-02,-1.194449999999999956e-01,1.493049999999999933e-01,-1.924929999999999974e-01,9.936000000000000387e-03,-1.900620000000000087e-01,1.376179999999999903e-01,-1.177590000000000026e-01,2.225920000000000121e-01,1.736679999999999890e-01,1.005589999999999956e-01,-1.317029999999999867e-01,9.159000000000000474e-02,-7.951600000000000334e-02,-1.368570000000000064e-01
-1.373810000000000031e-01,2.282100000000000101e-02,1.000000000000000000e+00,-2.880200000000000121e-02,4.790920000000000178e-01,5.174309999999999743e-01,-1.191210000000000047e-01,6.258879999999999999e-01,6.564959999999999685e-01,3.146599999999999953e-01,6.793120000000000269e-01,3.848409999999999886e-01,-1.418099999999999916e-02,3.003569999999999851e-01,-3.056900000000000173e-01,-3.361600000000000144e-01,2.772999999999999857e-03,-3.078500000000000125e-01,7.417650000000000077e-01,3.526100000000000068e-02,-1.456949999999999912e-01,-5.428299999999999792e-02,6.445729999999999515e-01,5.124750000000000139e-01,-3.179759999999999809e-01,5.497819999999999929e-01,2.645700000000000135e-02,3.542899999999999938e-01,-3.248940000000000161e-01,2.549609999999999932e-01,-2.843609999999999749e-01,4.051899999999999946e-02,2.066880000000000106e-01,-2.130999999999999908e-02,4.574399999999999994e-02,1.947230000000000072e-01,5.510099999999999720e-02,4.384000000000000119e-01,3.110699999999999923e-02,2.760940000000000061e-01,-6.940499999999999448e-02,-6.333199999999999941e-02,2.645970000000000266e-01,-5.516999999999999682e-02,2.486619999999999941e-01,-1.746099999999999874e-01,-3.863219999999999987e-01,8.463289999999999980e-01,1.641120000000000079e-01,4.926189999999999736e-01,1.387670000000000015e-01,-1.096199999999999952e-01,4.531760000000000232e-01,7.573999999999999622e-01,-1.681380000000000097e-01,6.632609999999999895e-01,3.580479999999999774e-01,7.983099999999999918e-02,1.868019999999999958e-01,-2.326860000000000039e-01,-4.854120000000000101e-01,-2.582820000000000116e-01,-5.133269999999999778e-01,7.042819999999999636e-01,1.329160000000000064e-01,-3.509280000000000177e-01,-3.620899999999999813e-02,5.143959999999999644e-01,3.618120000000000225e-01,-3.644530000000000269e-01,3.061690000000000245e-01,-2.352740000000000109e-01,1.111550000000000038e-01,-4.194149999999999823e-01,4.797409999999999730e-01,-3.038139999999999730e-01
-1.708369999999999889e-01,-5.720000000000000258e-04,-2.880200000000000121e-02,1.000000000000000000e+00,-9.258199999999999763e-02,7.184400000000000508e-02,8.627300000000000246e-02,-7.477499999999999425e-02,-5.562099999999999683e-02,2.846319999999999961e-01,1.439719999999999889e-01,1.530910000000000049e-01,2.075609999999999955e-01,5.847299999999999720e-02,7.436099999999999655e-02,-6.719200000000000172e-02,2.855920000000000125e-01,2.433000000000000093e-02,1.333630000000000093e-01,2.275790000000000035e-01,-6.131600000000000245e-02,2.304170000000000107e-01,-6.452099999999999502e-02,-6.241700000000000026e-02,-1.117179999999999979e-01,-6.270000000000000573e-02,1.054899999999999935e-02,8.285900000000000210e-02,1.073080000000000006e-01,5.632899999999999713e-02,-3.139000000000000123e-02,-2.232780000000000042e-01,-1.538529999999999898e-01,-6.730099999999999971e-02,1.012939999999999952e-01,8.800499999999999989e-02,1.823339999999999961e-01,2.428100000000000050e-02,-2.455999999999999850e-02,-1.312750000000000028e-01,-1.727390000000000037e-01,1.100030000000000036e-01,3.887499999999999845e-01,3.662969999999999837e-01,-3.148200000000000304e-02,-7.717400000000000648e-02,-1.447289999999999965e-01,-6.489499999999999436e-02,3.955949999999999744e-01,1.270989999999999898e-01,-1.346299999999999927e-02,4.984199999999999742e-02,-1.127200000000000008e-01,-2.257400000000000032e-02,2.022130000000000039e-01,1.525299999999999920e-02,1.882699999999999929e-01,1.925969999999999904e-01,2.107549999999999979e-01,-2.221599999999999964e-02,-1.376229999999999953e-01,8.849500000000000421e-02,-1.557099999999999873e-01,7.399000000000000195e-03,1.536669999999999980e-01,-8.428700000000000081e-02,8.447399999999999354e-02,-1.216170000000000029e-01,-5.563699999999999896e-02,-1.883640000000000037e-01,-8.266500000000000237e-02,-5.156299999999999772e-02,9.263599999999999612e-02,-6.563900000000000290e-02,-5.490699999999999747e-02,-6.082800000000000012e-02
-2.412249999999999950e-01,-1.502499999999999947e-01,4.790920000000000178e-01,-9.258199999999999763e-02,1.000000000000000000e+00,3.924380000000000090e-01,4.408739999999999881e-01,5.863120000000000553e-01,6.306840000000000224e-01,1.827709999999999890e-01,4.479230000000000156e-01,6.185570000000000235e-01,2.632740000000000080e-01,5.209529999999999994e-01,-1.812199999999999922e-01,-4.488039999999999807e-01,-9.542599999999999694e-02,-4.920070000000000277e-01,3.280179999999999763e-01,1.257459999999999967e-01,8.918199999999999739e-02,4.193100000000000299e-02,5.036260000000000181e-01,4.409799999999999831e-01,-3.909009999999999985e-01,3.707690000000000152e-01,-2.875600000000000031e-02,3.625999999999999779e-01,-1.872099999999999875e-01,1.820070000000000021e-01,-2.850309999999999788e-01,8.623599999999999322e-02,-7.686500000000000277e-02,-2.287009999999999876e-01,9.408800000000000496e-02,1.776880000000000126e-01,-3.467000000000000030e-03,4.394750000000000045e-01,-6.554699999999999416e-02,6.291599999999999970e-02,-1.335099999999999898e-01,-1.930979999999999919e-01,3.678270000000000151e-01,1.385250000000000092e-01,4.130710000000000215e-01,-1.571549999999999891e-01,-3.948150000000000270e-01,4.586939999999999906e-01,-3.073700000000000043e-02,6.330890000000000128e-01,2.509199999999999764e-01,3.834440000000000071e-01,5.345159999999999911e-01,6.405140000000000278e-01,1.638749999999999929e-01,2.346969999999999890e-01,6.221079999999999943e-01,2.954820000000000224e-01,1.526990000000000014e-01,-1.253740000000000132e-01,-4.661859999999999893e-01,-1.251369999999999982e-01,-3.706729999999999747e-01,2.843010000000000259e-01,2.367950000000000055e-01,-1.772299999999999917e-02,8.501599999999999435e-02,3.885390000000000232e-01,3.495969999999999911e-01,-4.301519999999999788e-01,2.271330000000000016e-01,4.581799999999999762e-02,1.624490000000000101e-01,-2.888299999999999756e-01,3.593810000000000060e-01,-2.215729999999999922e-01
-3.007440000000000113e-01,4.822460000000000080e-01,5.174309999999999743e-01,7.184400000000000508e-02,3.924380000000000090e-01,1.000000000000000000e+00,2.723309999999999897e-01,6.179120000000000168e-01,3.956770000000000009e-01,4.027640000000000109e-01,2.554409999999999736e-01,5.046540000000000470e-01,1.165009999999999935e-01,4.314669999999999894e-01,-3.926629999999999843e-01,-4.333640000000000270e-01,7.292099999999999971e-02,-2.182610000000000106e-01,3.778299999999999992e-01,-2.072869999999999990e-01,5.773000000000000353e-03,-2.934499999999999886e-01,7.549339999999999939e-01,5.169259999999999966e-01,-5.883200000000000235e-02,6.741819999999999480e-01,2.469600000000000128e-01,3.247200000000000086e-02,-4.179200000000000276e-02,-1.498670000000000002e-01,-5.255260000000000487e-01,-3.711500000000000216e-02,2.043439999999999979e-01,-2.313850000000000073e-01,-8.672599999999999754e-02,1.826299999999999868e-01,2.367100000000000107e-02,1.669970000000000065e-01,-6.311700000000000643e-02,1.518029999999999935e-01,-2.876529999999999920e-01,-1.300779999999999992e-01,4.204789999999999917e-01,-7.837399999999999922e-02,7.454700000000000215e-02,-3.226140000000000119e-01,-1.314150000000000040e-01,4.220070000000000210e-01,2.492769999999999986e-01,2.710359999999999991e-01,5.765780000000000349e-01,-7.579900000000000526e-02,5.283780000000000143e-01,4.244600000000000040e-01,-9.242899999999999727e-02,3.109060000000000157e-01,4.337119999999999864e-01,6.913199999999999901e-02,2.937710000000000043e-01,-3.694270000000000054e-01,-6.926870000000000527e-01,-1.541909999999999947e-01,-6.203969999999999763e-01,3.567219999999999835e-01,-7.493700000000000361e-02,-1.439620000000000066e-01,-1.913420000000000121e-01,6.351339999999999764e-01,2.532130000000000214e-01,-2.981539999999999746e-01,3.943659999999999943e-01,-2.138180000000000081e-01,-2.232270000000000088e-01,-4.759140000000000037e-01,1.719509999999999927e-01,-4.841429999999999900e-01
-3.378479999999999817e-01,1.438309999999999866e-01,-1.191210000000000047e-01,8.627300000000000246e-02,4.408739999999999881e-01,2.723309999999999897e-01,1.000000000000000000e+00,-1.934699999999999961e-02,5.407200000000000201e-02,1.213830000000000048e-01,-1.421520000000000006e-01,2.944809999999999928e-01,3.613239999999999785e-01,2.314049999999999996e-01,-1.991320000000000034e-01,-1.713109999999999911e-01,1.240269999999999984e-01,1.205480000000000024e-01,-7.346600000000000352e-02,6.312800000000000356e-02,2.068840000000000123e-01,-7.754500000000000282e-02,-5.722700000000000009e-02,-2.456999999999999983e-03,8.978400000000000269e-02,-7.689200000000000201e-02,2.451000000000000123e-01,1.392170000000000074e-01,4.264930000000000110e-01,-7.596799999999999387e-02,-1.375500000000000056e-01,-1.526520000000000099e-01,-1.158580000000000026e-01,-2.994569999999999732e-01,6.035900000000000293e-02,-9.862899999999999445e-02,-2.367680000000000062e-01,5.752000000000000168e-03,-3.403309999999999946e-01,-2.340599999999999903e-01,-2.946389999999999842e-01,-1.101410000000000028e-01,7.120799999999999352e-02,-5.049100000000000116e-02,1.399539999999999951e-01,-1.877189999999999970e-01,-7.545999999999999930e-02,-6.583799999999999375e-02,-1.081990000000000035e-01,4.583600000000000174e-02,2.180610000000000048e-01,4.203870000000000107e-01,-1.489099999999999972e-02,6.182100000000000095e-02,3.390929999999999778e-01,-2.535760000000000236e-01,3.278070000000000150e-01,2.063919999999999921e-01,-1.249030000000000001e-01,-2.461780000000000079e-01,-1.598549999999999971e-01,6.393500000000000572e-02,-3.339199999999999807e-02,-9.896699999999999942e-02,-4.028899999999999842e-02,1.352750000000000064e-01,-8.831300000000000261e-02,-1.593090000000000062e-01,-9.309399999999999620e-02,-1.565650000000000097e-01,-1.780269999999999908e-01,2.635799999999999810e-01,-2.796299999999999827e-02,3.651000000000000165e-03,-3.344500000000000250e-02,-1.120020000000000043e-01
-1.280550000000000022e-01,-6.295199999999999407e-02,6.258879999999999999e-01,-7.477499999999999425e-02,5.863120000000000553e-01,6.179120000000000168e-01,-1.934699999999999961e-02,1.000000000000000000e+00,6.145030000000000214e-01,2.639079999999999759e-01,5.772779999999999578e-01,6.644470000000000098e-01,-7.322000000000000383e-03,5.099439999999999529e-01,-1.989319999999999977e-01,-4.809510000000000174e-01,-1.329269999999999896e-01,-5.752779999999999561e-01,4.577039999999999997e-01,-1.096349999999999963e-01,1.931519999999999904e-01,-1.887260000000000049e-01,9.164419999999999789e-01,7.239630000000000232e-01,-4.008519999999999861e-01,7.182629999999999848e-01,-1.413459999999999994e-01,1.960959999999999925e-01,-4.623140000000000027e-01,1.504409999999999914e-01,-3.668660000000000254e-01,1.324579999999999924e-01,9.417300000000000670e-02,-7.330499999999999516e-02,9.362199999999999689e-02,3.321009999999999796e-01,1.014140000000000041e-01,4.026640000000000219e-01,6.635199999999999432e-02,2.991570000000000062e-01,-9.372300000000000075e-02,-2.615250000000000075e-01,5.186790000000000012e-01,7.433199999999999530e-02,3.438050000000000272e-01,-1.343570000000000042e-01,-3.928599999999999870e-01,5.281369999999999676e-01,1.127859999999999974e-01,5.576299999999999590e-01,3.875330000000000163e-01,4.231200000000000239e-02,8.702090000000000103e-01,5.918320000000000247e-01,-1.608899999999999914e-02,4.965539999999999954e-01,6.035000000000000364e-01,2.192979999999999929e-01,3.269509999999999916e-01,-1.335089999999999888e-01,-6.272710000000000230e-01,-9.817599999999999938e-02,-5.477849999999999664e-01,3.857419999999999738e-01,1.299240000000000117e-01,4.467700000000000143e-02,-5.081399999999999806e-02,7.872759999999999758e-01,5.622380000000000155e-01,-3.401839999999999864e-01,5.783679999999999932e-01,-3.496960000000000068e-01,1.012890000000000040e-01,-4.628309999999999924e-01,3.905790000000000095e-01,-3.484439999999999760e-01
-3.426170000000000049e-01,-1.401959999999999873e-01,6.564959999999999685e-01,-5.562099999999999683e-02,6.306840000000000224e-01,3.956770000000000009e-01,5.407200000000000201e-02,6.145030000000000214e-01,1.000000000000000000e+00,2.179520000000000068e-01,5.917719999999999647e-01,4.170200000000000018e-01,2.892489999999999783e-01,1.600139999999999896e-01,-3.380589999999999984e-01,-5.047180000000000000e-01,-1.849109999999999920e-01,-5.144079999999999764e-01,5.545590000000000241e-01,4.089600000000000180e-02,-1.121999999999999942e-01,-1.418490000000000029e-01,5.820279999999999898e-01,5.024729999999999475e-01,-4.182810000000000139e-01,4.471780000000000199e-01,-1.234449999999999992e-01,4.393250000000000210e-01,-3.317399999999999793e-01,2.692129999999999801e-01,-4.428440000000000154e-01,-1.314510000000000123e-01,2.537199999999999872e-02,-2.929809999999999914e-01,-3.742499999999999993e-02,1.868849999999999956e-01,-1.028219999999999967e-01,4.688030000000000252e-01,-2.308129999999999904e-01,4.264199999999999935e-02,-2.554440000000000044e-01,-9.741299999999999959e-02,2.435249999999999915e-01,1.430500000000000001e-02,3.645880000000000232e-01,-3.477080000000000171e-01,-3.754149999999999987e-01,6.373309999999999809e-01,2.570999999999999935e-03,5.245379999999999487e-01,1.723989999999999967e-01,-7.938299999999999523e-02,5.527440000000000131e-01,7.765889999999999738e-01,1.576500000000000123e-02,5.543069999999999942e-01,3.959389999999999854e-01,8.663400000000000267e-02,5.748400000000000037e-02,-3.655809999999999893e-01,-5.725930000000000186e-01,-2.574969999999999759e-01,-5.325760000000000494e-01,5.331040000000000223e-01,1.877300000000000149e-02,-2.232729999999999992e-01,-1.469479999999999953e-01,4.986030000000000184e-01,3.551150000000000140e-01,-3.687659999999999827e-01,2.461830000000000129e-01,-1.806429999999999980e-01,1.617169999999999996e-01,-4.012740000000000196e-01,4.432380000000000209e-01,-4.286659999999999915e-01
5.126900000000000207e-02,2.563989999999999880e-01,3.146599999999999953e-01,2.846319999999999961e-01,1.827709999999999890e-01,4.027640000000000109e-01,1.213830000000000048e-01,2.639079999999999759e-01,2.179520000000000068e-01,1.000000000000000000e+00,2.302440000000000042e-01,3.580430000000000001e-01,4.079139999999999988e-01,6.766500000000000292e-02,-3.435000000000000119e-03,-2.719600000000000142e-02,5.577769999999999673e-01,1.153160000000000018e-01,3.957849999999999979e-01,-7.550199999999999967e-02,2.705640000000000267e-01,-1.485950000000000049e-01,3.280299999999999883e-01,5.506029999999999536e-01,1.246010000000000034e-01,5.407710000000000017e-01,8.639499999999999957e-02,1.986249999999999960e-01,1.563249999999999917e-01,-2.591519999999999935e-01,2.265700000000000006e-02,5.082799999999999818e-02,-8.070399999999999796e-02,7.017400000000000027e-02,-1.690499999999999989e-02,-4.685700000000000282e-02,9.520599999999999896e-02,4.092219999999999747e-01,-2.853400000000000034e-02,4.598900000000000210e-02,-1.440299999999999914e-01,-1.653789999999999982e-01,3.072699999999999876e-01,1.240929999999999950e-01,3.833420000000000161e-01,5.119200000000000139e-02,-9.980799999999999395e-02,3.879009999999999958e-01,3.465750000000000219e-01,3.339969999999999883e-01,1.712400000000000033e-01,1.658600000000000074e-01,3.193969999999999865e-01,2.539799999999999836e-01,3.674700000000000188e-01,2.348250000000000060e-01,4.315809999999999924e-01,3.056550000000000100e-01,9.894600000000000617e-02,-3.772999999999999965e-02,-1.972730000000000039e-01,2.938120000000000176e-01,-7.698299999999999588e-02,2.741919999999999913e-01,5.936000000000000304e-02,1.091700000000000031e-01,-3.893599999999999839e-02,2.414129999999999887e-01,5.266410000000000258e-01,3.460099999999999981e-02,4.332010000000000027e-01,-1.248159999999999964e-01,2.400000000000000061e-04,-1.014670000000000016e-01,8.786099999999999466e-02,5.235800000000000176e-02
-2.005720000000000003e-01,-1.985439999999999983e-01,6.793120000000000269e-01,1.439719999999999889e-01,4.479230000000000156e-01,2.554409999999999736e-01,-1.421520000000000006e-01,5.772779999999999578e-01,5.917719999999999647e-01,2.302440000000000042e-01,1.000000000000000000e+00,4.956439999999999735e-01,1.381429999999999880e-01,3.158540000000000236e-01,-3.099999999999999978e-02,-2.682939999999999769e-01,5.157899999999999985e-02,-2.873189999999999911e-01,7.377820000000000489e-01,1.429120000000000112e-01,-1.433959999999999957e-01,8.421499999999999819e-02,4.661210000000000075e-01,3.987789999999999946e-01,-4.862290000000000223e-01,4.263689999999999980e-01,-1.501520000000000077e-01,2.990900000000000225e-01,-4.299439999999999928e-01,2.253699999999999870e-01,-3.136970000000000036e-01,1.133330000000000032e-01,2.143750000000000100e-01,4.945800000000000196e-02,6.717900000000000260e-02,4.156630000000000047e-01,2.013310000000000100e-01,5.101299999999999724e-01,1.091550000000000020e-01,2.805039999999999756e-01,-2.947400000000000020e-02,5.228599999999999914e-02,3.876089999999999813e-01,1.775780000000000136e-01,3.578620000000000134e-01,-1.925729999999999942e-01,-3.698819999999999886e-01,7.103340000000000209e-01,2.171579999999999899e-01,6.278789999999999649e-01,1.053699999999999949e-02,-8.302000000000000351e-03,3.253550000000000053e-01,6.265380000000000393e-01,-5.972700000000000231e-02,8.107339999999999547e-01,3.652909999999999768e-01,1.355149999999999966e-01,3.150560000000000027e-01,-5.548800000000000260e-02,-3.134129999999999971e-01,-1.198619999999999963e-01,-3.336509999999999754e-01,6.168099999999999694e-01,1.981569999999999998e-01,-2.907850000000000157e-01,2.003500000000000072e-02,2.769309999999999827e-01,3.102320000000000078e-01,-3.538370000000000126e-01,2.801569999999999894e-01,-2.081369999999999887e-01,1.392390000000000017e-01,-3.368680000000000008e-01,3.531299999999999994e-01,-3.188869999999999760e-01
-1.851220000000000088e-01,-2.538699999999999984e-02,3.848409999999999886e-01,1.530910000000000049e-01,6.185570000000000235e-01,5.046540000000000470e-01,2.944809999999999928e-01,6.644470000000000098e-01,4.170200000000000018e-01,3.580430000000000001e-01,4.956439999999999735e-01,1.000000000000000000e+00,1.219800000000000051e-01,3.933960000000000234e-01,-5.673899999999999777e-02,-4.633430000000000049e-01,2.397239999999999926e-01,-4.048329999999999984e-01,3.172829999999999817e-01,-1.881000000000000033e-02,2.161409999999999998e-01,-4.970700000000000118e-02,5.801260000000000305e-01,6.867290000000000338e-01,-3.181550000000000211e-01,6.559530000000000083e-01,-2.367470000000000130e-01,2.269539999999999891e-01,-2.971480000000000232e-01,1.399549999999999961e-01,-3.541969999999999841e-01,1.829500000000000015e-01,1.359360000000000013e-01,-1.197899999999999937e-01,3.067799999999999971e-01,2.676490000000000258e-01,8.011400000000000465e-02,5.917510000000000270e-01,-1.789299999999999918e-02,3.450030000000000041e-01,-1.544419999999999960e-01,-2.569460000000000077e-01,5.625350000000000072e-01,1.872699999999999920e-01,5.404189999999999827e-01,-1.325590000000000102e-01,-4.122520000000000073e-01,4.482240000000000113e-01,-3.670299999999999951e-02,5.792359999999999731e-01,3.027859999999999996e-01,3.639830000000000010e-01,5.784859999999999447e-01,5.278329999999999966e-01,3.449289999999999856e-01,2.947199999999999820e-01,9.042900000000000382e-01,4.101009999999999933e-01,1.550380000000000091e-01,-9.420000000000000205e-04,-5.726200000000000179e-01,1.757650000000000046e-01,-3.517210000000000059e-01,2.717660000000000076e-01,2.785349999999999770e-01,8.389000000000000623e-02,7.957799999999999596e-02,3.755749999999999922e-01,5.828680000000000527e-01,-3.196780000000000177e-01,5.450920000000000210e-01,-2.356100000000000139e-01,1.641640000000000044e-01,-3.713440000000000074e-01,3.960150000000000059e-01,-3.102219999999999978e-01
-3.085060000000000024e-01,2.600900000000000087e-02,-1.418099999999999916e-02,2.075609999999999955e-01,2.632740000000000080e-01,1.165009999999999935e-01,3.613239999999999785e-01,-7.322000000000000383e-03,2.892489999999999783e-01,4.079139999999999988e-01,1.381429999999999880e-01,1.219800000000000051e-01,1.000000000000000000e+00,-3.593999999999999972e-03,2.663199999999999942e-02,-5.141799999999999843e-02,3.879159999999999831e-01,2.027120000000000033e-01,2.853249999999999953e-01,1.526260000000000117e-01,5.686200000000000282e-02,1.666700000000000126e-02,-2.231800000000000103e-02,1.491319999999999868e-01,-7.828200000000000436e-02,1.075750000000000040e-01,-1.082420000000000049e-01,4.190900000000000181e-01,3.738790000000000169e-01,-4.115999999999999867e-03,-1.133819999999999967e-01,-2.790759999999999907e-01,-2.133589999999999931e-01,-9.443100000000000105e-02,-1.346199999999999897e-01,7.104299999999999504e-02,-4.195499999999999924e-02,1.456610000000000127e-01,-2.516959999999999753e-01,-3.518499999999999961e-01,-1.973499999999999976e-01,1.388799999999999930e-02,4.913499999999999812e-02,1.516430000000000000e-01,1.807580000000000020e-01,-2.490529999999999966e-01,2.167999999999999788e-03,1.297069999999999890e-01,1.437249999999999917e-01,1.484880000000000089e-01,1.011670000000000069e-01,1.152689999999999965e-01,7.127100000000000102e-02,1.307589999999999864e-01,3.410900000000000043e-01,1.897189999999999988e-01,1.318110000000000115e-01,2.981119999999999881e-01,-1.081089999999999968e-01,-1.726010000000000044e-01,-1.682499999999999968e-02,2.065480000000000094e-01,8.271499999999999686e-02,1.607359999999999900e-01,-1.553200000000000067e-02,5.462600000000000094e-02,-1.056789999999999952e-01,-1.795599999999999974e-02,4.648399999999999754e-02,-6.852700000000000458e-02,-3.260000000000000094e-04,-7.540000000000000044e-04,2.464639999999999886e-01,9.384099999999999386e-02,1.243799999999999940e-02,-8.414000000000000645e-02
-1.440279999999999894e-01,9.997100000000000430e-02,3.003569999999999851e-01,5.847299999999999720e-02,5.209529999999999994e-01,4.314669999999999894e-01,2.314049999999999996e-01,5.099439999999999529e-01,1.600139999999999896e-01,6.766500000000000292e-02,3.158540000000000236e-01,3.933960000000000234e-01,-3.593999999999999972e-03,1.000000000000000000e+00,-3.673599999999999782e-02,-3.222200000000000064e-01,-1.104740000000000028e-01,-2.513040000000000274e-01,3.125180000000000180e-01,1.875500000000000084e-02,-4.791999999999999732e-02,-1.119310000000000027e-01,4.581799999999999762e-01,2.995380000000000265e-01,-2.137169999999999903e-01,2.747260000000000257e-01,9.297199999999999909e-02,-7.978699999999999681e-02,-1.418590000000000129e-01,1.624400000000000149e-02,-2.613670000000000160e-01,-4.538500000000000173e-02,1.741040000000000088e-01,-1.524600000000000122e-01,-1.648779999999999968e-01,6.891700000000000603e-02,-1.122910000000000019e-01,1.058270000000000044e-01,1.049270000000000064e-01,2.464790000000000036e-01,-9.698800000000000476e-02,-3.504050000000000220e-01,4.809109999999999774e-01,-9.269199999999999662e-02,2.161270000000000135e-01,-6.893000000000000516e-02,-8.121399999999999453e-02,1.940389999999999893e-01,1.481790000000000052e-01,3.360369999999999746e-01,4.527519999999999878e-01,2.563380000000000103e-01,4.245389999999999997e-01,2.130460000000000131e-01,1.111660000000000009e-01,1.320929999999999882e-01,4.231710000000000194e-01,2.550649999999999862e-01,6.372309999999999919e-01,-2.253300000000000095e-02,-3.324300000000000033e-01,-4.112899999999999889e-02,-2.548819999999999975e-01,1.694700000000000095e-01,4.071000000000000313e-02,-7.856799999999999895e-02,-4.056300000000000183e-02,3.914940000000000087e-01,1.952689999999999981e-01,-2.590339999999999865e-01,2.453210000000000113e-01,2.984900000000000053e-02,9.860999999999999974e-03,-1.757879999999999998e-01,1.451929999999999887e-01,-2.564699999999999758e-01
6.385279999999999845e-01,-1.218110000000000026e-01,-3.056900000000000173e-01,7.436099999999999655e-02,-1.812199999999999922e-01,-3.926629999999999843e-01,-1.991320000000000034e-01,-1.989319999999999977e-01,-3.380589999999999984e-01,-3.435000000000000119e-03,-3.099999999999999978e-02,-5.673899999999999777e-02,2.663199999999999942e-02,-3.673599999999999782e-02,1.000000000000000000e+00,5.806289999999999507e-01,2.031050000000000078e-01,1.947889999999999899e-01,-2.333969999999999934e-01,3.274400000000000088e-01,4.019539999999999780e-01,4.999810000000000088e-01,-2.301809999999999967e-01,-1.340500000000000025e-01,2.485960000000000114e-01,-1.121000000000000052e-01,2.060299999999999979e-02,-1.647589999999999888e-01,1.950020000000000087e-01,-5.606499999999999678e-02,5.912020000000000053e-01,2.778930000000000011e-01,-7.323100000000000442e-02,3.710899999999999754e-01,1.935929999999999873e-01,-1.060399999999999954e-01,1.568249999999999922e-01,-5.932199999999999973e-02,2.628099999999999881e-01,1.760210000000000108e-01,3.912309999999999954e-01,-2.233900000000000122e-02,4.988900000000000279e-02,1.562719999999999942e-01,2.619000000000000147e-02,6.227549999999999475e-01,1.225180000000000019e-01,-2.678889999999999882e-01,-1.040480000000000016e-01,9.684800000000000353e-02,-1.893209999999999893e-01,3.227579999999999893e-01,-1.205630000000000035e-01,-2.801520000000000121e-01,2.004259999999999931e-01,-1.273430000000000117e-01,-1.601199999999999846e-02,2.906839999999999979e-01,6.087299999999999656e-02,8.535110000000000197e-01,5.704249999999999599e-01,3.653460000000000041e-01,5.293470000000000120e-01,-3.652099999999999791e-01,4.243910000000000182e-01,4.578450000000000020e-01,5.004429999999999712e-01,-1.887550000000000061e-01,5.646299999999999930e-02,3.405279999999999974e-01,1.307419999999999971e-01,2.465150000000000119e-01,1.930209999999999981e-01,5.050280000000000324e-01,-1.229409999999999947e-01,5.923760000000000137e-01
7.094989999999999908e-01,2.582399999999999973e-02,-3.361600000000000144e-01,-6.719200000000000172e-02,-4.488039999999999807e-01,-4.333640000000000270e-01,-1.713109999999999911e-01,-4.809510000000000174e-01,-5.047180000000000000e-01,-2.719600000000000142e-02,-2.682939999999999769e-01,-4.633430000000000049e-01,-5.141799999999999843e-02,-3.222200000000000064e-01,5.806289999999999507e-01,1.000000000000000000e+00,2.642550000000000177e-01,6.051990000000000425e-01,-2.543170000000000153e-01,1.739030000000000020e-01,3.196519999999999917e-01,4.696009999999999907e-01,-4.744470000000000076e-01,-4.057379999999999876e-01,5.030999999999999917e-01,-3.565470000000000028e-01,2.355530000000000124e-01,-1.422100000000000031e-01,3.844949999999999757e-01,-2.215070000000000094e-01,7.725539999999999630e-01,2.553949999999999831e-01,5.892200000000000215e-02,6.263520000000000199e-01,1.899319999999999897e-01,-6.816700000000000537e-02,1.890870000000000051e-01,-3.405630000000000046e-01,3.601770000000000249e-01,1.061420000000000002e-01,5.849360000000000115e-01,2.010139999999999982e-01,-1.707440000000000069e-01,1.473470000000000057e-01,-2.467989999999999906e-01,7.088240000000000096e-01,2.505859999999999754e-01,-3.304610000000000047e-01,-6.816000000000000010e-03,-1.121000000000000052e-01,-3.458260000000000223e-01,9.550400000000000555e-02,-4.048249999999999904e-01,-4.040119999999999822e-01,-9.560799999999999854e-02,-1.518589999999999940e-01,-4.591509999999999758e-01,1.932899999999999896e-02,-1.454060000000000075e-01,6.154269999999999463e-01,8.148239999999999927e-01,2.648479999999999723e-01,6.589000000000000412e-01,-3.727219999999999978e-01,1.902530000000000054e-01,3.314059999999999784e-01,4.510109999999999952e-01,-3.851859999999999729e-01,-2.236670000000000047e-01,5.642009999999999525e-01,-1.051180000000000031e-01,2.884079999999999977e-01,3.501699999999999952e-02,5.400300000000000100e-01,-3.406649999999999956e-01,7.791139999999999732e-01
2.609190000000000120e-01,1.430589999999999917e-01,2.772999999999999857e-03,2.855920000000000125e-01,-9.542599999999999694e-02,7.292099999999999971e-02,1.240269999999999984e-01,-1.329269999999999896e-01,-1.849109999999999920e-01,5.577769999999999673e-01,5.157899999999999985e-02,2.397239999999999926e-01,3.879159999999999831e-01,-1.104740000000000028e-01,2.031050000000000078e-01,2.642550000000000177e-01,1.000000000000000000e+00,4.869890000000000052e-01,1.847129999999999883e-01,3.418100000000000305e-02,1.214449999999999974e-01,4.810400000000000093e-02,-1.413800000000000057e-01,2.180290000000000006e-01,1.605659999999999865e-01,2.775090000000000057e-01,-6.895900000000000640e-02,1.068479999999999985e-01,1.647760000000000058e-01,-1.603509999999999935e-01,2.850269999999999748e-01,2.926099999999999882e-02,1.568950000000000067e-01,3.139199999999999768e-01,2.091810000000000058e-01,7.247000000000000663e-02,1.395720000000000016e-01,7.432900000000000618e-02,7.451900000000000190e-02,2.234690000000000010e-01,1.742690000000000072e-01,1.027899999999999994e-02,1.251460000000000072e-01,1.971130000000000104e-01,1.100819999999999993e-01,2.589179999999999815e-01,-1.255399999999999919e-02,1.093279999999999946e-01,2.182310000000000083e-01,1.673749999999999960e-01,-5.777199999999999697e-02,2.213239999999999930e-01,-1.144629999999999953e-01,2.745799999999999977e-02,2.922290000000000165e-01,8.333500000000000629e-02,2.100849999999999940e-01,2.956619999999999804e-01,-2.659600000000000158e-02,1.733870000000000133e-01,2.066780000000000006e-01,6.346950000000000092e-01,3.565470000000000028e-01,1.044749999999999984e-01,5.445599999999999746e-02,8.548999999999999655e-02,1.098399999999999932e-01,-2.333439999999999959e-01,2.242850000000000121e-01,2.160140000000000116e-01,3.425770000000000204e-01,-8.133600000000000552e-02,3.817600000000000160e-02,3.500099999999999739e-02,-1.015019999999999950e-01,3.101220000000000088e-01
2.045460000000000056e-01,3.409650000000000181e-01,-3.078500000000000125e-01,2.433000000000000093e-02,-4.920070000000000277e-01,-2.182610000000000106e-01,1.205480000000000024e-01,-5.752779999999999561e-01,-5.144079999999999764e-01,1.153160000000000018e-01,-2.873189999999999911e-01,-4.048329999999999984e-01,2.027120000000000033e-01,-2.513040000000000274e-01,1.947889999999999899e-01,6.051990000000000425e-01,4.869890000000000052e-01,1.000000000000000000e+00,-3.964199999999999668e-02,5.588800000000000018e-02,7.401599999999999846e-02,1.007689999999999975e-01,-5.718720000000000470e-01,-3.971189999999999998e-01,5.689520000000000133e-01,-3.245959999999999956e-01,3.123560000000000225e-01,-2.163579999999999948e-01,5.871480000000000032e-01,-3.036590000000000122e-01,3.814629999999999965e-01,-7.217300000000000104e-02,1.369630000000000014e-01,3.032659999999999800e-01,-6.847200000000000508e-02,-1.605729999999999935e-01,-2.275100000000000039e-02,-3.024470000000000214e-01,4.150500000000000023e-02,2.362600000000000117e-02,2.528880000000000017e-01,1.249610000000000026e-01,-3.039049999999999807e-01,-9.322199999999999931e-02,-2.229980000000000018e-01,2.315810000000000091e-01,4.346459999999999768e-01,-2.259309999999999929e-01,2.358499999999999833e-02,-3.085689999999999822e-01,-1.294279999999999875e-01,8.014699999999999602e-02,-5.634540000000000104e-01,-3.762420000000000209e-01,1.076899999999999941e-01,-1.071479999999999932e-01,-4.473320000000000074e-01,4.560399999999999870e-02,-1.268289999999999973e-01,1.743030000000000135e-01,6.019980000000000331e-01,3.675450000000000106e-01,6.185450000000000115e-01,-7.420599999999999419e-02,-1.159810000000000008e-01,1.205350000000000033e-01,4.901400000000000201e-02,-5.492899999999999450e-01,-3.400360000000000049e-01,5.219920000000000115e-01,-2.003870000000000096e-01,2.982600000000000251e-01,-4.208400000000000335e-02,4.467260000000000120e-01,-4.182109999999999994e-01,3.580929999999999946e-01
-2.580390000000000184e-01,8.336799999999999766e-02,7.417650000000000077e-01,1.333630000000000093e-01,3.280179999999999763e-01,3.778299999999999992e-01,-7.346600000000000352e-02,4.577039999999999997e-01,5.545590000000000241e-01,3.957849999999999979e-01,7.377820000000000489e-01,3.172829999999999817e-01,2.853249999999999953e-01,3.125180000000000180e-01,-2.333969999999999934e-01,-2.543170000000000153e-01,1.847129999999999883e-01,-3.964199999999999668e-02,1.000000000000000000e+00,5.428000000000000186e-02,-2.231769999999999865e-01,-1.072489999999999971e-01,4.265639999999999987e-01,4.232279999999999931e-01,-3.254889999999999728e-01,4.414219999999999811e-01,5.569999999999999864e-04,3.874699999999999811e-01,-1.779260000000000008e-01,2.544690000000000007e-01,-3.092170000000000196e-01,3.072000000000000078e-03,2.637019999999999920e-01,1.101700000000000075e-02,-1.607260000000000078e-01,1.804369999999999863e-01,-1.787400000000000100e-02,3.842729999999999757e-01,1.019300000000000067e-01,2.502800000000000025e-01,-7.311700000000000144e-02,-7.610599999999999310e-02,2.559159999999999768e-01,-7.900000000000000772e-03,3.114950000000000219e-01,-2.441470000000000029e-01,-1.528829999999999911e-01,7.143939999999999735e-01,2.511240000000000139e-01,3.563490000000000268e-01,1.599639999999999951e-01,-1.001159999999999967e-01,2.868629999999999791e-01,5.803019999999999845e-01,-3.332299999999999846e-02,7.956060000000000354e-01,2.023830000000000073e-01,1.621519999999999906e-01,3.094640000000000168e-01,-2.578610000000000069e-01,-3.002929999999999766e-01,-3.644200000000000217e-02,-2.868249999999999966e-01,8.649630000000000374e-01,-2.107699999999999851e-02,-3.352330000000000032e-01,-1.743639999999999912e-01,3.066380000000000217e-01,2.354040000000000021e-01,-2.625259999999999816e-01,2.663670000000000204e-01,-1.739660000000000095e-01,2.006070000000000075e-01,-2.578619999999999801e-01,3.890759999999999774e-01,-3.208989999999999898e-01
1.051389999999999963e-01,-1.958719999999999906e-01,3.526100000000000068e-02,2.275790000000000035e-01,1.257459999999999967e-01,-2.072869999999999990e-01,6.312800000000000356e-02,-1.096349999999999963e-01,4.089600000000000180e-02,-7.550199999999999967e-02,1.429120000000000112e-01,-1.881000000000000033e-02,1.526260000000000117e-01,1.875500000000000084e-02,3.274400000000000088e-01,1.739030000000000020e-01,3.418100000000000305e-02,5.588800000000000018e-02,5.428000000000000186e-02,1.000000000000000000e+00,7.305899999999999894e-02,7.155599999999999739e-01,-1.806329999999999880e-01,-2.848919999999999786e-01,-5.288799999999999751e-02,-1.548819999999999919e-01,7.655499999999999805e-02,2.612689999999999735e-01,2.743519999999999848e-01,3.464400000000000257e-01,2.966349999999999820e-01,5.707999999999999879e-02,-1.870439999999999880e-01,9.325999999999999568e-02,1.511959999999999971e-01,1.841250000000000109e-01,2.499730000000000008e-01,-1.557779999999999998e-01,7.971300000000000607e-02,-2.716000000000000011e-02,5.138199999999999712e-02,1.703189999999999982e-01,2.417229999999999934e-01,2.845980000000000176e-01,-2.273290000000000033e-01,1.442740000000000133e-01,-2.644039999999999724e-01,-8.527200000000000057e-02,1.465370000000000006e-01,2.646029999999999771e-01,-2.691049999999999831e-01,2.424729999999999941e-01,-2.252149999999999985e-01,1.535400000000000098e-01,-3.314899999999999791e-02,1.705530000000000102e-01,-3.397900000000000226e-02,1.766089999999999882e-01,-7.186999999999999812e-03,3.405509999999999926e-01,8.692600000000000326e-02,-3.571300000000000169e-02,-2.039399999999999893e-02,-2.368500000000000119e-02,7.119860000000000078e-01,3.107899999999999899e-02,5.604270000000000085e-01,-2.612119999999999997e-01,-1.895320000000000060e-01,-1.356350000000000056e-01,-2.749989999999999934e-01,2.444199999999999984e-01,4.171830000000000260e-01,2.371449999999999947e-01,2.984100000000000086e-01,2.068020000000000136e-01
