1.000000000000000000e+00,-4.302000000000000268e-03,-1.055139999999999967e-01,6.030000000000000204e-04,-3.529640000000000000e-01,-7.919900000000000551e-02,-3.261599999999999916e-02,-2.038999999999999840e-02,-2.638659999999999894e-01,2.104939999999999867e-01,-2.168470000000000120e-01,-2.018400000000000055e-02,6.258800000000000474e-02,-4.720200000000000090e-02,3.447999999999999676e-02,5.812300000000000244e-01,2.506559999999999899e-01,3.332030000000000269e-01,-9.204400000000000082e-02,-2.736699999999999897e-02,7.669380000000000086e-01,-4.905500000000000138e-02,3.986399999999999666e-02,4.045389999999999819e-01,6.597480000000000011e-01,3.514579999999999926e-01,-2.033619999999999872e-01,9.307400000000000395e-02,1.665369999999999906e-01,5.992530000000000356e-01,7.400400000000000311e-01,3.374519999999999742e-01,1.294909999999999950e-01,4.338899999999999979e-01,2.289170000000000094e-01,2.050929999999999975e-01,3.503499999999999670e-02,1.849020000000000108e-01,3.464949999999999974e-01,-1.002000000000000069e-03,4.011669999999999958e-01,3.720570000000000266e-01,-6.859099999999999919e-02,-9.642399999999999582e-02,-3.674800000000000288e-02,8.923630000000000173e-01,-1.269309999999999883e-01,2.598200000000000162e-02,-2.299999999999999961e-03,-3.966080000000000161e-01,-6.983999999999999930e-02,-8.570899999999999352e-02,5.817800000000000055e-02,-1.751230000000000009e-01,2.918600000000000014e-02,-1.539290000000000103e-01,-4.216000000000000303e-02,-1.348280000000000034e-01,-3.721200000000000063e-01,-2.778200000000000114e-02,3.998149999999999760e-01,3.360230000000000161e-01,2.790819999999999967e-01,4.821999999999999897e-03,-3.025699999999999917e-02,6.551740000000000341e-01,-1.695599999999999885e-02,4.800000000000000122e-04,3.363220000000000098e-01,3.831280000000000241e-01,3.714740000000000264e-01,-1.084719999999999990e-01,2.108679999999999999e-01,2.455090000000000050e-01,6.145629999999999704e-01,6.360059999999999603e-01
-4.302000000000000268e-03,1.000000000000000000e+00,7.084500000000000519e-02,-3.946589999999999820e-01,-1.863750000000000129e-01,8.650590000000000224e-01,6.645500000000000018e-02,7.636870000000000047e-01,-1.850430000000000130e-01,-3.897120000000000029e-01,-1.152199999999999926e-02,1.889309999999999878e-01,4.289069999999999827e-01,-8.043899999999999662e-02,1.736949999999999883e-01,2.011020000000000030e-01,1.559639999999999915e-01,2.790779999999999927e-01,1.413919999999999899e-01,-2.712699999999999834e-02,7.603699999999999348e-02,1.386680000000000135e-01,6.668690000000000451e-01,-1.460190000000000099e-01,3.096289999999999876e-01,6.278780000000000472e-01,1.835219999999999907e-01,1.306180000000000119e-01,7.265999999999999889e-03,1.612180000000000002e-01,-3.055280000000000218e-01,2.709579999999999766e-01,2.232490000000000030e-01,-2.218799999999999939e-02,-1.360899999999999957e-02,-2.726200000000000151e-02,-3.463570000000000260e-01,-4.675610000000000044e-01,1.348219999999999974e-01,8.848300000000000609e-02,1.735300000000000037e-02,-1.178900000000000087e-02,-2.147699999999999887e-01,-2.953439999999999954e-01,-4.990600000000000036e-01,2.562100000000000141e-02,6.464900000000000091e-01,2.420839999999999936e-01,-1.780259999999999898e-01,-2.222310000000000119e-01,6.525060000000000304e-01,-2.528469999999999884e-01,6.910429999999999628e-01,8.500999999999999876e-03,-4.723809999999999953e-01,8.529799999999999882e-02,-1.000989999999999935e-01,2.726500000000000035e-01,-2.202260000000000051e-01,-1.332500000000000004e-02,-1.430909999999999960e-01,-7.822700000000000486e-02,-1.282310000000000116e-01,1.745450000000000057e-01,-6.679300000000000515e-02,-5.987300000000000261e-02,-2.160099999999999867e-02,6.094929999999999515e-01,-2.493319999999999981e-01,1.854689999999999950e-01,4.856880000000000086e-01,1.515720000000000123e-01,9.321100000000000219e-02,-2.931329999999999769e-01,-9.119399999999999729e-02,-3.857979999999999743e-01
-1.055139999999999967e-01,7.084500000000000519e-02,1.000000000000000000e+00,-1.477539999999999965e-01,6.392409999999999481e-01,2.921500000000000208e-01,2.580830000000000068e-01,1.834240000000000037e-01,6.208270000000000177e-01,-5.114689999999999515e-01,8.583960000000000479e-01,-2.290750000000000008e-01,5.157690000000000330e-01,2.988919999999999910e-01,8.132059999999999844e-01,-8.626200000000000534e-02,3.136030000000000206e-01,-4.151400000000000229e-02,8.538040000000000074e-01,8.295609999999999928e-01,-1.776899999999999868e-01,7.866330000000000267e-01,5.808809999999999807e-01,-4.498789999999999734e-01,-3.180160000000000209e-01,2.187669999999999892e-01,8.880719999999999725e-01,7.362769999999999593e-01,4.847779999999999867e-01,1.261700000000000044e-01,4.307000000000000065e-03,-5.381989999999999830e-01,-5.721600000000000019e-01,-4.165519999999999778e-01,-6.511799999999999533e-02,1.910660000000000136e-01,1.928709999999999869e-01,-3.408169999999999811e-01,-5.166870000000000074e-01,-5.637579999999999814e-01,-3.962720000000000131e-01,-1.113399999999999945e-01,-2.370289999999999897e-01,5.045600000000000085e-02,-3.952260000000000217e-01,-3.115800000000000236e-01,-1.220200000000000035e-01,9.040930000000000355e-01,2.469050000000000133e-01,5.443620000000000125e-01,3.897699999999999776e-02,-6.676300000000000290e-02,2.031280000000000030e-01,8.386190000000000033e-01,-3.728650000000000020e-01,8.807359999999999634e-01,-1.665250000000000064e-01,1.818809999999999871e-01,7.930600000000000149e-02,7.897039999999999615e-01,-4.276869999999999838e-01,-3.841399999999999815e-01,-2.237039999999999862e-01,7.868709999999999871e-01,7.472879999999999523e-01,-3.325270000000000170e-01,7.094949999999999868e-01,6.594959999999999711e-01,-5.701859999999999706e-01,-3.954369999999999830e-01,-5.695999999999999674e-02,8.950820000000000443e-01,7.149219999999999464e-01,1.527249999999999996e-01,-2.787900000000000100e-02,6.427800000000000180e-02
6.030000000000000204e-04,-3.946589999999999820e-01,-1.477539999999999965e-01,1.000000000000000000e+00,1.651209999999999900e-01,-2.176960000000000006e-01,4.652189999999999936e-01,-2.437940000000000107e-01,2.425660000000000038e-01,5.677450000000000552e-01,2.367199999999999860e-02,1.938960000000000128e-01,1.700600000000000028e-02,7.478100000000000025e-02,-2.273860000000000048e-01,1.697720000000000062e-01,-4.962489999999999957e-01,-1.008929999999999966e-01,-9.380700000000000149e-02,-7.203800000000000481e-02,7.806799999999999851e-02,-1.530459999999999876e-01,-3.116650000000000253e-01,2.172020000000000062e-01,-4.073000000000000231e-02,-3.832789999999999808e-01,-1.096749999999999947e-01,-2.195300000000000029e-02,-9.979999999999999288e-03,2.452380000000000115e-01,3.029299999999999771e-01,-6.674299999999999677e-02,-1.427910000000000013e-01,2.419109999999999872e-01,-1.150100000000000081e-02,3.679979999999999918e-01,3.194009999999999905e-01,6.288979999999999571e-01,9.117000000000000104e-03,-8.834500000000000686e-02,9.521300000000000596e-02,-7.368600000000000150e-02,4.237199999999999855e-01,3.351819999999999800e-01,6.005660000000000442e-01,1.444199999999999998e-02,-1.965379999999999905e-01,-2.418109999999999982e-01,4.068399999999999794e-01,-4.034700000000000092e-02,-1.318840000000000012e-01,2.661009999999999764e-01,-3.646780000000000022e-01,3.605599999999999777e-02,2.987469999999999848e-01,-1.413820000000000077e-01,1.276529999999999887e-01,-1.220910000000000051e-01,2.106310000000000127e-01,-1.382680000000000020e-01,1.172959999999999975e-01,-6.961399999999999533e-02,-9.468000000000000721e-03,-7.381799999999999473e-02,3.219899999999999846e-02,3.850399999999999656e-02,-1.711000000000000021e-02,-3.409869999999999846e-01,2.411010000000000097e-01,-1.296940000000000037e-01,-4.465620000000000145e-01,-1.207450000000000051e-01,-6.938999999999999856e-03,2.079809999999999992e-01,1.897709999999999952e-01,2.689610000000000056e-01
-3.529640000000000000e-01,-1.863750000000000129e-01,6.392409999999999481e-01,1.651209999999999900e-01,1.000000000000000000e+00,8.495900000000000674e-02,5.026080000000000547e-01,-6.991700000000000692e-02,8.457360000000000433e-01,-1.307419999999999971e-01,8.123550000000000493e-01,-6.557599999999999540e-02,3.624160000000000159e-01,3.202369999999999939e-01,4.811039999999999761e-01,-2.527880000000000127e-01,1.668379999999999863e-01,-1.063960000000000045e-01,5.515079999999999982e-01,6.607399999999999940e-01,-3.097929999999999851e-01,5.601059999999999928e-01,2.174540000000000084e-01,-5.151459999999999928e-01,-3.721189999999999776e-01,-1.935999999999999943e-01,6.644200000000000106e-01,5.976500000000000146e-01,4.235929999999999973e-01,-4.832000000000000184e-02,-3.192500000000000199e-02,-5.534470000000000223e-01,-3.206910000000000038e-01,-3.440750000000000197e-01,-4.886150000000000215e-01,3.743200000000000000e-02,3.104489999999999750e-01,-1.454070000000000085e-01,-5.648330000000000295e-01,-2.427169999999999883e-01,-2.906440000000000135e-01,-4.975319999999999743e-01,2.172109999999999874e-01,4.468920000000000115e-01,3.290300000000000169e-02,-4.745550000000000046e-01,3.745000000000000065e-03,4.737330000000000152e-01,-2.869000000000000022e-02,8.781499999999999861e-01,4.705100000000000254e-02,3.819640000000000257e-01,-1.886190000000000089e-01,7.769800000000000040e-01,8.871800000000000519e-02,7.869810000000000416e-01,-2.992400000000000060e-01,2.961909999999999821e-01,4.706659999999999733e-01,6.293830000000000258e-01,-2.237270000000000092e-01,-2.333340000000000136e-01,3.723999999999999880e-03,4.849609999999999754e-01,7.119410000000000460e-01,-3.257490000000000108e-01,6.549829999999999819e-01,3.308289999999999842e-01,-4.350769999999999915e-01,-2.760870000000000268e-01,-2.566309999999999980e-01,6.689260000000000206e-01,3.967950000000000088e-01,3.765749999999999931e-01,4.737199999999999744e-02,1.281170000000000087e-01
-7.919900000000000551e-02,8.650590000000000224e-01,2.921500000000000208e-01,-2.176960000000000006e-01,8.495900000000000674e-02,1.000000000000000000e+00,2.140859999999999985e-01,8.189220000000000388e-01,8.760400000000000131e-02,-3.988940000000000263e-01,2.237280000000000102e-01,2.877069999999999905e-01,6.040799999999999503e-01,8.065999999999999559e-02,3.286089999999999844e-01,1.261099999999999999e-01,1.448250000000000093e-01,1.313920000000000088e-01,3.102679999999999882e-01,2.137830000000000008e-01,3.078499999999999986e-02,3.224350000000000271e-01,7.835119999999999862e-01,-1.378820000000000046e-01,1.032829999999999998e-01,5.965700000000000447e-01,4.176219999999999932e-01,3.696650000000000214e-01,1.437009999999999954e-01,1.873060000000000003e-01,-2.213519999999999932e-01,5.552100000000000091e-02,5.802199999999999719e-02,-6.008600000000000052e-02,-4.122499999999999776e-02,1.837910000000000099e-01,-1.707600000000000090e-02,-3.370259999999999923e-01,-8.435299999999999743e-02,-8.523699999999999333e-02,-3.926299999999999929e-02,-5.544099999999999723e-02,-1.968040000000000067e-01,-1.396390000000000131e-01,-3.793320000000000025e-01,-1.141329999999999983e-01,4.986940000000000262e-01,3.936029999999999807e-01,-9.572000000000000647e-03,8.361999999999999642e-03,6.816119999999999957e-01,-1.750170000000000059e-01,7.207559999999999523e-01,2.889579999999999926e-01,-4.497349999999999959e-01,2.974769999999999914e-01,5.725700000000000234e-02,3.383070000000000244e-01,-6.616400000000000059e-02,1.590260000000000007e-01,-3.107210000000000250e-01,-2.388010000000000133e-01,-3.070979999999999821e-01,3.123150000000000093e-01,1.692019999999999913e-01,-1.751540000000000041e-01,1.604420000000000013e-01,7.206609999999999960e-01,-2.953450000000000242e-01,-9.323099999999999443e-02,3.019040000000000057e-01,3.482560000000000100e-01,3.060789999999999900e-01,-2.326310000000000044e-01,-7.059799999999999409e-02,-2.808300000000000241e-01
-3.261599999999999916e-02,6.645500000000000018e-02,2.580830000000000068e-01,4.652189999999999936e-01,5.026080000000000547e-01,2.140859999999999985e-01,1.000000000000000000e+00,1.286470000000000113e-01,5.246619999999999617e-01,2.391139999999999932e-01,4.101639999999999731e-01,7.875799999999999468e-02,5.581859999999999600e-01,1.441620000000000124e-01,1.106430000000000052e-01,2.296999999999999875e-01,-1.030890000000000001e-01,1.639120000000000021e-01,2.608690000000000175e-01,2.672320000000000251e-01,1.505269999999999941e-01,1.848690000000000055e-01,1.782620000000000038e-01,-1.901990000000000069e-01,9.960199999999999609e-02,-1.230730000000000018e-01,3.021530000000000049e-01,3.717460000000000209e-01,3.258480000000000265e-01,3.964030000000000054e-01,2.146470000000000045e-01,-9.522899999999999421e-02,-1.838239999999999874e-01,-9.090000000000000857e-03,-1.366620000000000057e-01,3.193670000000000120e-01,1.641600000000000004e-01,1.470569999999999933e-01,-8.766300000000000481e-02,-2.239099999999999979e-01,-5.072700000000000126e-02,-1.783929999999999960e-01,3.317559999999999953e-01,3.458200000000000163e-01,1.888390000000000069e-01,-6.082699999999999912e-02,2.075589999999999935e-01,1.934710000000000041e-01,9.506399999999999573e-02,2.922310000000000185e-01,2.361479999999999968e-01,5.426119999999999832e-01,3.861599999999999755e-02,3.850290000000000101e-01,1.054699999999999943e-01,3.577020000000000199e-01,-1.934639999999999971e-01,3.379619999999999846e-01,1.733349999999999891e-01,1.786399999999999932e-01,6.489399999999999336e-02,-9.456100000000000616e-02,8.269500000000000461e-02,2.406210000000000016e-01,3.467549999999999799e-01,4.497899999999999815e-02,2.898169999999999913e-01,2.730600000000000249e-01,-1.329970000000000041e-01,5.765800000000000092e-02,-8.754399999999999682e-02,3.634990000000000165e-01,3.355290000000000217e-01,3.471670000000000034e-01,3.787130000000000218e-01,2.967199999999999838e-01
-2.038999999999999840e-02,7.636870000000000047e-01,1.834240000000000037e-01,-2.437940000000000107e-01,-6.991700000000000692e-02,8.189220000000000388e-01,1.286470000000000113e-01,1.000000000000000000e+00,-2.302299999999999833e-02,-3.135999999999999899e-01,1.020989999999999953e-01,4.320459999999999856e-01,5.347830000000000084e-01,6.492399999999999560e-02,1.885809999999999986e-01,-1.348399999999999946e-02,1.444600000000000051e-01,3.115100000000000161e-02,2.071959999999999913e-01,1.642000000000000057e-02,1.586899999999999977e-01,8.155400000000000149e-02,7.966090000000000115e-01,4.238800000000000207e-02,-1.434299999999999985e-02,5.767740000000000089e-01,1.709910000000000041e-01,1.912800000000000056e-01,-1.234839999999999965e-01,1.951579999999999981e-01,-2.451309999999999878e-01,1.956890000000000018e-01,5.314800000000000080e-02,-8.483200000000000462e-02,8.234000000000000000e-03,1.688890000000000113e-01,-1.005240000000000022e-01,-3.480920000000000125e-01,6.147899999999999893e-02,-9.958699999999999497e-02,-6.692399999999999738e-02,6.720000000000000279e-03,-1.611430000000000085e-01,-1.993070000000000119e-01,-3.933130000000000237e-01,-4.620500000000000301e-02,3.714210000000000012e-01,3.205459999999999976e-01,-1.986100000000000018e-02,-1.056620000000000059e-01,5.372419999999999973e-01,-2.740609999999999991e-01,8.804089999999999971e-01,1.548589999999999967e-01,-4.600589999999999957e-01,1.907709999999999961e-01,1.887280000000000069e-01,3.111050000000000204e-01,-7.858099999999999807e-02,1.998999999999999909e-03,-3.454760000000000053e-01,-1.400730000000000031e-01,-3.335380000000000011e-01,2.471440000000000026e-01,-5.710900000000000004e-02,-5.042599999999999860e-02,-1.090669999999999973e-01,6.952120000000000521e-01,-1.455919999999999992e-01,-1.018010000000000026e-01,3.234060000000000268e-01,1.261569999999999914e-01,2.036380000000000134e-01,-4.133470000000000200e-01,-1.399899999999999929e-02,-3.055590000000000250e-01
-2.638659999999999894e-01,-1.850430000000000130e-01,6.208270000000000177e-01,2.425660000000000038e-01,8.457360000000000433e-01,8.760400000000000131e-02,5.246619999999999617e-01,-2.302299999999999833e-02,1.000000000000000000e+00,-6.952500000000000346e-02,7.702339999999999742e-01,2.767899999999999874e-02,3.301609999999999823e-01,1.674519999999999897e-01,3.307470000000000132e-01,-2.289690000000000059e-01,7.854300000000000170e-02,-1.820620000000000016e-01,6.622529999999999806e-01,5.401599999999999735e-01,-2.463760000000000117e-01,4.035250000000000226e-01,2.164619999999999878e-01,-3.387800000000000256e-01,-3.269029999999999991e-01,-1.948680000000000134e-01,6.102859999999999951e-01,5.215049999999999963e-01,2.884149999999999769e-01,3.640899999999999692e-02,5.399999999999999939e-02,-3.913070000000000159e-01,-2.461000000000000132e-01,-2.059590000000000032e-01,-3.388669999999999738e-01,2.416899999999999882e-01,3.877669999999999728e-01,-2.603000000000000105e-02,-4.205599999999999894e-01,-1.695780000000000065e-01,-1.507560000000000011e-01,-3.698199999999999821e-01,2.843579999999999997e-01,5.215100000000000291e-01,1.479699999999999904e-01,-3.885859999999999870e-01,3.275399999999999839e-02,4.260459999999999803e-01,3.913400000000000212e-02,7.710179999999999811e-01,9.392599999999999560e-02,4.725400000000000156e-01,-1.582590000000000108e-01,8.462600000000000122e-01,1.422130000000000061e-01,7.123410000000000020e-01,-1.199540000000000051e-01,3.465130000000000154e-01,3.804589999999999916e-01,4.776400000000000090e-01,-2.080120000000000025e-01,-1.337849999999999873e-01,-2.507799999999999960e-02,5.962549999999999795e-01,5.930670000000000108e-01,-3.040039999999999965e-01,5.188669999999999671e-01,2.738720000000000043e-01,-3.452219999999999733e-01,-2.367660000000000042e-01,-2.778749999999999831e-01,6.041860000000000008e-01,4.051819999999999866e-01,2.904669999999999752e-01,1.728689999999999949e-01,1.885400000000000131e-01
2.104939999999999867e-01,-3.897120000000000029e-01,-5.114689999999999515e-01,5.677450000000000552e-01,-1.307419999999999971e-01,-3.988940000000000263e-01,2.391139999999999932e-01,-3.135999999999999899e-01,-6.952500000000000346e-02,1.000000000000000000e+00,-3.361460000000000004e-01,3.822510000000000074e-01,-1.550680000000000114e-01,-4.909899999999999681e-02,-5.672570000000000112e-01,2.427410000000000123e-01,-1.387660000000000005e-01,7.256400000000000350e-02,-4.304290000000000060e-01,-4.305149999999999810e-01,3.152980000000000227e-01,-5.183440000000000270e-01,-4.757299999999999862e-01,6.125930000000000542e-01,1.576059999999999961e-01,-2.471849999999999881e-01,-6.045310000000000406e-01,-2.284480000000000122e-01,-1.858229999999999882e-01,1.146070000000000005e-01,4.298339999999999939e-01,2.756009999999999849e-01,3.542690000000000006e-01,4.116369999999999751e-01,-1.256019999999999914e-01,1.922460000000000002e-01,3.091670000000000251e-01,7.631350000000000078e-01,3.176289999999999947e-01,3.360699999999999799e-01,3.090330000000000021e-01,-8.061500000000000610e-02,5.922380000000000422e-01,4.793930000000000136e-01,8.062620000000000342e-01,3.359730000000000216e-01,-2.202499999999999944e-02,-5.282580000000000053e-01,-1.230990000000000001e-01,-1.525739999999999874e-01,-6.492699999999999860e-02,4.013090000000000268e-01,-4.130750000000000255e-01,-3.719870000000000121e-01,7.581120000000000081e-01,-4.072049999999999836e-01,2.866949999999999776e-01,1.159150000000000041e-01,2.541519999999999890e-01,-4.339060000000000139e-01,4.840729999999999755e-01,4.952650000000000108e-01,3.890620000000000189e-01,-3.465239999999999987e-01,-2.699239999999999973e-01,4.828760000000000274e-01,-3.296310000000000073e-01,-5.299390000000000489e-01,7.361320000000000086e-01,2.476109999999999978e-01,-1.105430000000000024e-01,-5.444250000000000478e-01,-3.045439999999999814e-01,2.184949999999999948e-01,4.144109999999999738e-01,4.755869999999999820e-01
-2.168470000000000120e-01,-1.152199999999999926e-02,8.583960000000000479e-01,2.367199999999999860e-02,8.123550000000000493e-01,2.237280000000000102e-01,4.101639999999999731e-01,1.020989999999999953e-01,7.702339999999999742e-01,-3.361460000000000004e-01,1.000000000000000000e+00,-1.569490000000000052e-01,3.940879999999999939e-01,2.795099999999999807e-01,6.270839999999999748e-01,-8.908299999999999552e-02,1.967339999999999922e-01,-3.883799999999999752e-02,8.716779999999999529e-01,7.285230000000000317e-01,-2.344519999999999937e-01,6.968269999999999742e-01,3.728929999999999745e-01,-4.901090000000000169e-01,-3.276060000000000083e-01,-7.080000000000000356e-03,8.035930000000000017e-01,6.883280000000000509e-01,4.437119999999999953e-01,1.003669999999999979e-01,4.477600000000000330e-02,-4.546200000000000241e-01,-3.936479999999999979e-01,-3.584330000000000016e-01,-2.964189999999999880e-01,1.502989999999999882e-01,2.247210000000000041e-01,-2.330849999999999866e-01,-4.935180000000000122e-01,-3.279920000000000058e-01,-3.348470000000000057e-01,-3.809259999999999868e-01,5.658300000000000135e-02,2.890590000000000104e-01,-1.671140000000000125e-01,-3.390500000000000180e-01,-2.527999999999999865e-03,8.094170000000000531e-01,8.510299999999999809e-02,6.732160000000000366e-01,3.745500000000000218e-02,1.837900000000000089e-01,5.261699999999999711e-02,8.101589999999999625e-01,-1.418840000000000101e-01,9.337450000000000472e-01,-2.746359999999999912e-01,1.677490000000000092e-01,2.773349999999999982e-01,6.676590000000000025e-01,-2.844789999999999819e-01,-3.309759999999999924e-01,-1.005090000000000011e-01,8.277400000000000313e-01,7.343910000000000160e-01,-3.680930000000000035e-01,7.326679999999999859e-01,4.999370000000000203e-01,-4.912099999999999800e-01,-2.851469999999999838e-01,-1.741530000000000022e-01,8.107360000000000122e-01,5.330840000000000023e-01,2.892140000000000266e-01,6.658000000000000029e-02,1.368939999999999879e-01
-2.018400000000000055e-02,1.889309999999999878e-01,-2.290750000000000008e-01,1.938960000000000128e-01,-6.557599999999999540e-02,2.877069999999999905e-01,7.875799999999999468e-02,4.320459999999999856e-01,2.767899999999999874e-02,3.822510000000000074e-01,-1.569490000000000052e-01,1.000000000000000000e+00,1.535209999999999908e-01,1.302619999999999889e-01,-2.478229999999999877e-01,-1.353000000000000036e-01,7.180999999999999883e-03,-2.323620000000000130e-01,-2.166230000000000100e-01,-2.277230000000000087e-01,4.047699999999999909e-02,-2.515439999999999898e-01,2.567720000000000002e-01,5.318410000000000082e-01,-1.285830000000000028e-01,3.266160000000000174e-01,-2.821020000000000194e-01,-7.868200000000000194e-02,-3.501159999999999828e-01,-4.957999999999999907e-02,-7.367799999999999350e-02,2.303070000000000117e-01,3.714819999999999789e-01,1.387819999999999887e-01,-2.800389999999999824e-01,7.062899999999999734e-02,2.900369999999999893e-01,3.491850000000000231e-01,1.123149999999999982e-01,2.688429999999999986e-01,8.484800000000000675e-02,-1.507650000000000101e-01,2.097590000000000010e-01,2.379419999999999868e-01,3.629100000000000104e-01,-2.324000000000000024e-02,1.728389999999999926e-01,-2.092160000000000131e-01,-2.446149999999999991e-01,-3.684000000000000209e-03,2.561899999999999733e-01,1.489599999999999952e-02,2.000089999999999923e-01,-6.054999999999999966e-02,3.418789999999999885e-01,-1.584609999999999908e-01,5.526349999999999874e-01,2.503799999999999915e-01,2.592929999999999957e-01,-2.518509999999999915e-01,-1.453780000000000072e-01,2.714030000000000054e-01,-1.574709999999999999e-01,-1.300800000000000012e-01,-1.403339999999999865e-01,3.053799999999999917e-02,-2.842069999999999874e-01,7.148100000000000287e-02,4.363150000000000084e-01,-1.219750000000000001e-01,3.709099999999999897e-02,-3.424200000000000021e-01,-2.042599999999999971e-01,-2.992250000000000187e-01,1.411360000000000114e-01,-4.714299999999999741e-02
6.258800000000000474e-02,4.289069999999999827e-01,5.157690000000000330e-01,1.700600000000000028e-02,3.624160000000000159e-01,6.040799999999999503e-01,5.581859999999999600e-01,5.347830000000000084e-01,3.301609999999999823e-01,-1.550680000000000114e-01,3.940879999999999939e-01,1.535209999999999908e-01,1.000000000000000000e+00,2.692289999999999961e-01,5.157450000000000090e-01,2.706899999999999862e-01,4.628869999999999929e-01,3.213630000000000098e-01,3.747730000000000228e-01,4.889200000000000212e-01,2.648150000000000226e-01,4.579810000000000270e-01,7.063779999999999504e-01,-1.789399999999999880e-01,4.185000000000000352e-03,4.871730000000000227e-01,4.920439999999999814e-01,7.055420000000000025e-01,4.795900000000000163e-01,3.836240000000000205e-01,7.248599999999999488e-02,-2.990189999999999793e-01,-3.085140000000000104e-01,-2.171240000000000114e-01,-2.896999999999999836e-03,2.020490000000000064e-01,1.350780000000000036e-01,-2.546289999999999942e-01,-3.211709999999999843e-01,-4.610199999999999854e-01,-1.442849999999999966e-01,-1.177199999999999948e-02,-1.922240000000000060e-01,-4.375199999999999922e-02,-3.296009999999999773e-01,-8.531099999999999794e-02,9.321599999999999331e-02,5.084039999999999671e-01,1.649990000000000068e-01,2.349769999999999914e-01,3.090620000000000034e-01,-2.789700000000000166e-02,4.245160000000000045e-01,4.630830000000000224e-01,-3.088199999999999834e-01,4.667499999999999982e-01,-6.694300000000000250e-02,5.654339999999999922e-01,-3.007400000000000004e-02,4.213749999999999996e-01,-1.884069999999999911e-01,-8.008700000000000541e-02,-7.069400000000000683e-02,3.428399999999999781e-01,4.322699999999999876e-01,6.666300000000000003e-02,3.268539999999999779e-01,6.652029999999999887e-01,-3.276819999999999733e-01,-2.423559999999999881e-01,2.009110000000000062e-01,4.991680000000000006e-01,6.674759999999999582e-01,6.868100000000000593e-02,1.521810000000000107e-01,7.711199999999999999e-02
-4.720200000000000090e-02,-8.043899999999999662e-02,2.988919999999999910e-01,7.478100000000000025e-02,3.202369999999999939e-01,8.065999999999999559e-02,1.441620000000000124e-01,6.492399999999999560e-02,1.674519999999999897e-01,-4.909899999999999681e-02,2.795099999999999807e-01,1.302619999999999889e-01,2.692289999999999961e-01,1.000000000000000000e+00,3.204270000000000174e-01,-1.389970000000000094e-01,2.978740000000000276e-01,-8.952999999999999153e-03,1.314869999999999928e-01,3.690860000000000252e-01,-2.367999999999999879e-03,3.312559999999999949e-01,2.342229999999999868e-01,-2.491799999999999918e-02,-1.094310000000000005e-01,1.228970000000000062e-01,2.911059999999999759e-01,2.953979999999999939e-01,2.935229999999999784e-01,4.431800000000000322e-02,6.241300000000000320e-02,-2.447469999999999923e-01,-3.607259999999999911e-01,-1.265560000000000018e-01,-1.186439999999999995e-01,1.020199999999999926e-02,4.391990000000000061e-01,1.212929999999999980e-01,-1.525100000000000067e-01,-3.648830000000000129e-01,-1.593320000000000014e-01,-1.970200000000000076e-02,-2.058740000000000014e-01,1.872580000000000078e-01,6.058100000000000290e-02,-1.417899999999999994e-01,-5.065900000000000264e-02,3.043440000000000034e-01,4.412499999999999756e-02,3.648839999999999861e-01,1.006800000000000056e-01,-1.641300000000000051e-02,1.240580000000000016e-01,2.992819999999999925e-01,1.762330000000000008e-01,2.835650000000000115e-01,1.548319999999999974e-01,1.529649999999999899e-01,2.702240000000000197e-01,3.292610000000000259e-01,-1.717559999999999920e-01,2.212599999999999983e-02,1.274699999999999965e-02,1.519540000000000057e-01,3.689870000000000094e-01,-8.125200000000000478e-02,3.308340000000000169e-01,3.011429999999999940e-01,3.239700000000000218e-02,-2.367239999999999900e-01,-3.623200000000000032e-02,3.149069999999999925e-01,2.807270000000000043e-01,2.101919999999999900e-01,4.664999999999999702e-02,1.595499999999999974e-01
3.447999999999999676e-02,1.736949999999999883e-01,8.132059999999999844e-01,-2.273860000000000048e-01,4.811039999999999761e-01,3.286089999999999844e-01,1.106430000000000052e-01,1.885809999999999986e-01,3.307470000000000132e-01,-5.672570000000000112e-01,6.270839999999999748e-01,-2.478229999999999877e-01,5.157450000000000090e-01,3.204270000000000174e-01,1.000000000000000000e+00,5.979500000000000093e-02,4.173180000000000223e-01,1.273390000000000077e-01,6.128900000000000459e-01,8.782149999999999679e-01,-2.132999999999999913e-03,8.949970000000000425e-01,6.235439999999999872e-01,-4.694079999999999919e-01,-1.611410000000000065e-01,4.309160000000000212e-01,8.194139999999999757e-01,7.749019999999999797e-01,6.222490000000000521e-01,2.060990000000000044e-01,4.118399999999999839e-02,-6.155709999999999793e-01,-5.929029999999999578e-01,-3.852909999999999946e-01,-2.389499999999999957e-02,2.543199999999999975e-02,9.750100000000000433e-02,-4.328139999999999765e-01,-6.231750000000000345e-01,-6.300109999999999877e-01,-3.368450000000000055e-01,9.955000000000000307e-03,-4.587669999999999804e-01,-1.898390000000000077e-01,-5.699379999999999447e-01,-2.445249999999999924e-01,-1.857930000000000137e-01,8.100359999999999783e-01,2.895699999999999941e-01,4.167250000000000121e-01,2.504699999999999982e-02,-2.391550000000000065e-01,2.222159999999999969e-01,6.770509999999999584e-01,-4.983009999999999939e-01,7.035270000000000135e-01,-2.215630000000000099e-01,9.609600000000000086e-02,-4.612100000000000227e-02,9.262890000000000290e-01,-3.712300000000000044e-01,-3.999099999999999877e-01,-2.055829999999999880e-01,6.029130000000000322e-01,7.633050000000000113e-01,-2.061290000000000067e-01,7.577800000000000091e-01,6.816950000000000509e-01,-6.101119999999999877e-01,-4.006440000000000001e-01,8.682600000000000040e-02,8.291650000000000409e-01,7.836600000000000232e-01,1.865970000000000129e-01,-7.388300000000000423e-02,5.742699999999999888e-02
5.812300000000000244e-01,2.011020000000000030e-01,-8.626200000000000534e-02,1.697720000000000062e-01,-2.527880000000000127e-01,1.261099999999999999e-01,2.296999999999999875e-01,-1.348399999999999946e-02,-2.289690000000000059e-01,2.427410000000000123e-01,-8.908299999999999552e-02,-1.353000000000000036e-01,2.706899999999999862e-01,-1.389970000000000094e-01,5.979500000000000093e-02,1.000000000000000000e+00,1.915620000000000100e-01,7.652579999999999938e-01,3.283699999999999813e-02,1.039999999999999952e-02,6.727480000000000127e-01,1.154519999999999991e-01,-8.172999999999999710e-03,1.339160000000000073e-01,6.864219999999999766e-01,2.711509999999999754e-01,-5.243799999999999850e-02,2.801790000000000114e-01,4.874700000000000144e-01,6.489099999999999868e-01,6.564100000000000490e-01,1.888160000000000116e-01,1.146999999999999964e-01,4.142399999999999971e-01,3.078230000000000133e-01,2.564429999999999765e-01,-4.378599999999999853e-02,1.312129999999999963e-01,2.122380000000000100e-01,2.282899999999999860e-02,3.478359999999999785e-01,1.576599999999999946e-01,4.987400000000000166e-02,1.054199999999999929e-02,-1.557700000000000057e-02,5.638239999999999919e-01,1.123959999999999959e-01,6.911299999999999388e-02,1.227970000000000034e-01,-4.055349999999999788e-01,1.057010000000000033e-01,-2.266500000000000112e-02,2.993699999999999833e-02,-2.108460000000000056e-01,-3.121499999999999969e-02,-8.777899999999999592e-02,-1.757950000000000068e-01,6.831299999999999872e-02,-3.936250000000000027e-01,-3.210000000000000180e-03,5.802890000000000548e-01,2.115400000000000058e-01,4.185229999999999784e-01,8.052399999999999836e-02,5.042699999999999960e-02,5.345539999999999736e-01,1.559599999999999875e-01,4.383999999999999876e-03,9.938600000000000212e-02,3.396910000000000207e-01,3.604470000000000174e-01,6.885999999999999760e-03,2.826199999999999823e-01,4.224700000000000122e-01,4.434529999999999861e-01,5.217000000000000526e-01
2.506559999999999899e-01,1.559639999999999915e-01,3.136030000000000206e-01,-4.962489999999999957e-01,1.668379999999999863e-01,1.448250000000000093e-01,-1.030890000000000001e-01,1.444600000000000051e-01,7.854300000000000170e-02,-1.387660000000000005e-01,1.967339999999999922e-01,7.180999999999999883e-03,4.628869999999999929e-01,2.978740000000000276e-01,4.173180000000000223e-01,1.915620000000000100e-01,1.000000000000000000e+00,4.728510000000000213e-01,1.867149999999999921e-01,3.540300000000000114e-01,3.720959999999999823e-01,3.571819999999999995e-01,3.816490000000000160e-01,-1.103839999999999960e-01,1.367220000000000102e-01,4.569500000000000228e-01,2.143629999999999980e-01,4.957079999999999820e-01,4.550460000000000060e-01,1.082830000000000042e-01,1.917300000000000115e-01,-1.714410000000000101e-01,4.049999999999999781e-04,-1.157139999999999974e-01,-1.574290000000000134e-01,-2.556059999999999999e-01,1.209449999999999970e-01,-3.220939999999999914e-01,-1.778939999999999966e-01,-7.309999999999999831e-02,2.453299999999999925e-02,-5.467299999999999938e-02,-2.976099999999999857e-01,2.510899999999999938e-02,-3.235419999999999963e-01,1.369730000000000114e-01,7.490199999999999636e-02,3.390440000000000120e-01,-2.964589999999999725e-01,2.637769999999999837e-01,1.161999999999999977e-01,-1.039179999999999965e-01,1.486619999999999886e-01,1.750160000000000049e-01,5.023899999999999894e-02,2.911279999999999979e-01,-1.549159999999999981e-01,5.204170000000000185e-01,-8.605200000000000349e-02,4.286349999999999882e-01,1.516589999999999883e-01,4.361849999999999894e-01,3.914540000000000242e-01,1.630719999999999947e-01,3.190310000000000090e-01,3.537799999999999834e-01,3.114939999999999931e-01,3.757389999999999897e-01,-1.176180000000000003e-01,4.197800000000000142e-02,4.421269999999999922e-01,2.606410000000000116e-01,3.733969999999999789e-01,2.569279999999999897e-01,2.169699999999999962e-01,2.428369999999999973e-01
3.332030000000000269e-01,2.790779999999999927e-01,-4.151400000000000229e-02,-1.008929999999999966e-01,-1.063960000000000045e-01,1.313920000000000088e-01,1.639120000000000021e-01,3.115100000000000161e-02,-1.820620000000000016e-01,7.256400000000000350e-02,-3.883799999999999752e-02,-2.323620000000000130e-01,3.213630000000000098e-01,-8.952999999999999153e-03,1.273390000000000077e-01,7.652579999999999938e-01,4.728510000000000213e-01,1.000000000000000000e+00,1.372800000000000062e-02,7.354499999999999926e-02,5.568119999999999736e-01,1.474800000000000000e-01,3.748400000000000343e-02,-1.322210000000000052e-01,5.881399999999999961e-01,2.021159999999999901e-01,-1.118800000000000003e-02,2.851890000000000258e-01,4.988290000000000224e-01,4.708370000000000055e-01,4.049280000000000102e-01,6.230000000000000121e-02,7.254099999999999437e-02,2.095700000000000063e-01,1.568130000000000079e-01,-2.462200000000000152e-02,-2.049320000000000030e-01,-2.097100000000000075e-01,1.156469999999999998e-01,2.147599999999999856e-02,2.430750000000000133e-01,-3.545999999999999847e-02,-3.398000000000000326e-02,-2.681300000000000003e-02,-2.414399999999999880e-01,3.395179999999999865e-01,2.666819999999999746e-01,9.396100000000000285e-02,-4.467399999999999843e-02,-2.286829999999999974e-01,1.912979999999999958e-01,-6.384800000000000197e-02,8.156399999999999761e-02,-1.928559999999999997e-01,-5.765399999999999692e-02,1.264700000000000026e-02,-3.513629999999999809e-01,2.859619999999999940e-01,-3.254219999999999891e-01,1.116800000000000015e-01,5.813150000000000261e-01,3.521690000000000098e-01,6.307989999999999986e-01,2.716999999999999971e-02,1.019680000000000031e-01,5.002529999999999477e-01,2.044519999999999949e-01,9.834800000000000486e-02,-1.059350000000000014e-01,4.176110000000000100e-01,4.665300000000000002e-01,6.683600000000000652e-02,2.520319999999999783e-01,4.614249999999999741e-01,3.443050000000000277e-01,3.709069999999999867e-01
-9.204400000000000082e-02,1.413919999999999899e-01,8.538040000000000074e-01,-9.380700000000000149e-02,5.515079999999999982e-01,3.102679999999999882e-01,2.608690000000000175e-01,2.071959999999999913e-01,6.622529999999999806e-01,-4.304290000000000060e-01,8.716779999999999529e-01,-2.166230000000000100e-01,3.747730000000000228e-01,1.314869999999999928e-01,6.128900000000000459e-01,3.283699999999999813e-02,1.867149999999999921e-01,1.372800000000000062e-02,1.000000000000000000e+00,6.024650000000000283e-01,-1.329930000000000001e-01,6.104220000000000201e-01,4.527630000000000265e-01,-3.888490000000000002e-01,-1.761510000000000020e-01,1.378230000000000011e-01,7.573539999999999717e-01,6.489120000000000443e-01,3.839899999999999980e-01,2.235550000000000037e-01,1.018450000000000050e-01,-2.916400000000000103e-01,-3.456790000000000140e-01,-1.740120000000000000e-01,-3.121600000000000069e-02,2.789760000000000018e-01,1.187349999999999933e-01,-2.648429999999999951e-01,-3.137309999999999821e-01,-3.299139999999999850e-01,-1.390450000000000019e-01,-1.201279999999999987e-01,-6.883499999999999341e-02,1.513120000000000021e-01,-2.816850000000000187e-01,-2.217109999999999914e-01,4.729900000000000077e-02,8.473019999999999996e-01,1.611819999999999919e-01,4.305470000000000130e-01,1.239019999999999982e-01,2.266100000000000059e-02,1.945939999999999892e-01,7.645939999999999959e-01,-2.961779999999999968e-01,8.244320000000000537e-01,-1.802060000000000051e-01,1.652770000000000072e-01,1.517899999999999978e-02,5.858980000000000299e-01,-2.148660000000000014e-01,-2.843120000000000092e-01,-9.711799999999999600e-02,9.389330000000000176e-01,5.549119999999999608e-01,-2.870920000000000138e-01,6.228789999999999605e-01,5.294130000000000225e-01,-4.774470000000000103e-01,-1.825670000000000071e-01,1.065600000000000054e-02,7.829850000000000421e-01,5.982429999999999692e-01,2.083069999999999922e-01,7.428999999999999493e-02,1.059390000000000054e-01
-2.736699999999999897e-02,-2.712699999999999834e-02,8.295609999999999928e-01,-7.203800000000000481e-02,6.607399999999999940e-01,2.137830000000000008e-01,2.672320000000000251e-01,1.642000000000000057e-02,5.401599999999999735e-01,-4.305149999999999810e-01,7.285230000000000317e-01,-2.277230000000000087e-01,4.889200000000000212e-01,3.690860000000000252e-01,8.782149999999999679e-01,1.039999999999999952e-02,3.540300000000000114e-01,7.354499999999999926e-02,6.024650000000000283e-01,1.000000000000000000e+00,-1.141680000000000056e-01,9.376069999999999682e-01,4.617040000000000033e-01,-5.061309999999999976e-01,-2.672749999999999848e-01,1.807090000000000085e-01,8.669719999999999649e-01,7.948100000000000165e-01,6.747039999999999704e-01,1.403179999999999983e-01,1.132029999999999981e-01,-6.486950000000000216e-01,-6.072389999999999732e-01,-4.713439999999999852e-01,-1.633759999999999935e-01,4.793000000000000038e-02,2.396129999999999927e-01,-2.724750000000000227e-01,-6.707649999999999446e-01,-5.904260000000000064e-01,-4.551850000000000063e-01,-2.033850000000000102e-01,-2.537470000000000003e-01,2.304399999999999851e-02,-3.367209999999999925e-01,-2.937839999999999896e-01,-2.351880000000000082e-01,7.442579999999999751e-01,2.220229999999999981e-01,5.845299999999999940e-01,-4.669999999999999846e-02,-8.736000000000000709e-03,1.111700000000000015e-02,7.542050000000000143e-01,-2.761080000000000201e-01,7.720209999999999573e-01,-2.876909999999999745e-01,6.981700000000000406e-02,1.726540000000000019e-01,9.038169999999999815e-01,-3.276140000000000163e-01,-4.157040000000000179e-01,-1.254629999999999912e-01,5.801749999999999963e-01,9.574549999999999450e-01,-2.995050000000000212e-01,8.833079999999999821e-01,5.458549999999999791e-01,-5.876350000000000184e-01,-4.351499999999999813e-01,-1.712500000000000133e-01,8.648649999999999949e-01,7.161030000000000451e-01,3.407620000000000093e-01,2.639800000000000132e-02,2.434040000000000092e-01
