1.000000000000000000e+00,-2.285000000000000139e-03,-2.678119999999999945e-01,2.069040000000000046e-01,-2.173960000000000059e-01,-6.717499999999999860e-02,3.242000000000000090e-03,4.039380000000000193e-01,-4.587579999999999991e-01,1.562209999999999988e-01,-3.390239999999999920e-01,-1.130039999999999933e-01,6.734900000000000608e-02,3.751369999999999982e-01,3.125930000000000097e-01,5.803300000000000125e-02,2.431570000000000120e-01,-2.337619999999999976e-01,-1.472000000000000045e-02,-1.011250000000000066e-01,5.958430000000000115e-01,2.977600000000000038e-02,3.992299999999999738e-01,3.744109999999999938e-01,8.189100000000000545e-02,4.117450000000000276e-01,-4.487820000000000142e-01,2.268360000000000098e-01,8.499900000000000511e-02,3.583219999999999739e-01,6.354910000000000281e-01,6.891890000000000516e-01,3.417089999999999850e-01,5.514360000000000372e-01,4.529670000000000085e-01,1.988479999999999970e-01,2.362889999999999990e-01,-4.165240000000000054e-01,7.087740000000000151e-01,-3.438479999999999870e-01,-7.396199999999999997e-02,-2.525569999999999760e-01,2.571499999999999828e-02,-4.860780000000000101e-01,-5.036580000000000501e-01,8.101040000000000463e-01,2.667599999999999971e-01,-1.563630000000000020e-01,-2.826299999999999923e-01,-4.410470000000000224e-01,-3.568620000000000125e-01,-5.502500000000000169e-01,5.499420000000000419e-01,-5.587959999999999594e-01,-4.908410000000000273e-01,-1.498889999999999945e-01,-1.962119999999999975e-01,-3.877619999999999956e-01,2.958180000000000254e-01,1.633729999999999905e-01,2.023580000000000101e-01,-3.372169999999999890e-01,2.022440000000000071e-01,2.437800000000000036e-02,8.138600000000000001e-02,5.924709999999999699e-01,1.830749999999999877e-01,5.407809999999999562e-01,1.315949999999999898e-01,1.076870000000000049e-01,6.260780000000000234e-01,-6.046900000000000192e-02,-9.720800000000000274e-02,9.086400000000000032e-02,1.248090000000000033e-01,5.832180000000000142e-01
-2.285000000000000139e-03,1.000000000000000000e+00,5.176900000000000251e-02,-2.159830000000000083e-01,-1.607979999999999965e-01,7.125329999999999719e-01,9.552199999999999580e-02,3.661610000000000142e-01,-2.508139999999999814e-01,-2.291070000000000051e-01,-3.447000000000000064e-02,-3.849730000000000096e-01,3.492779999999999774e-01,2.046310000000000073e-01,1.840769999999999906e-01,4.112350000000000172e-01,-9.024799999999999489e-02,1.978499999999999981e-01,1.909430000000000016e-01,1.111840000000000050e-01,2.273310000000000053e-01,2.682760000000000145e-01,4.786469999999999891e-01,-2.475030000000000008e-01,5.312860000000000360e-01,5.574379999999999891e-01,1.396580000000000044e-01,8.182799999999999796e-02,4.090050000000000074e-01,1.944879999999999942e-01,7.479000000000000405e-03,2.702120000000000077e-01,-3.259000000000000091e-02,-3.577199999999999824e-02,-3.689699999999999924e-02,-4.037999999999999923e-02,6.639100000000000557e-02,-4.002229999999999954e-01,2.578840000000000021e-01,-2.793669999999999765e-01,-2.686359999999999859e-01,-4.086739999999999817e-01,-1.128080000000000055e-01,-1.664410000000000056e-01,-3.164179999999999771e-01,-7.722099999999999798e-02,7.111300000000000399e-01,-3.644100000000000117e-02,6.510299999999999421e-02,-7.707799999999999374e-02,4.384419999999999984e-01,-2.629119999999999790e-01,2.557229999999999781e-01,-2.255590000000000095e-01,-3.947140000000000093e-01,6.743300000000000682e-02,-3.604760000000000186e-01,4.401700000000000057e-02,2.703760000000000052e-01,2.421600000000000141e-02,-6.233999999999999958e-03,-9.483700000000000463e-02,1.368330000000000102e-01,2.104100000000000137e-01,1.173180000000000056e-01,-2.573800000000000046e-02,1.850100000000000078e-01,2.696549999999999780e-01,-4.723010000000000264e-01,1.403500000000000025e-01,3.666710000000000247e-01,1.278940000000000077e-01,1.014369999999999994e-01,4.084999999999999742e-02,8.300200000000000633e-02,-1.006579999999999975e-01
-2.678119999999999945e-01,5.176900000000000251e-02,1.000000000000000000e+00,-2.093800000000000106e-01,4.190099999999999936e-01,1.637939999999999952e-01,-1.455960000000000032e-01,-5.115900000000000308e-02,6.048620000000000108e-01,-5.247399999999999981e-02,8.896309999999999496e-01,-1.067860000000000059e-01,2.129880000000000106e-01,-5.664700000000000291e-02,3.156649999999999734e-01,3.003160000000000274e-01,1.174179999999999946e-01,2.908330000000000082e-01,7.937849999999999628e-01,6.359299999999999953e-01,-1.873950000000000060e-01,5.442709999999999493e-01,2.955599999999999894e-02,-3.599840000000000262e-01,9.504100000000000048e-02,-1.383400000000000081e-02,5.335180000000000478e-01,4.436160000000000103e-01,1.672309999999999908e-01,4.211309999999999776e-01,-1.221639999999999948e-01,-2.683479999999999754e-01,-4.143640000000000101e-01,-4.515790000000000082e-01,-2.506619999999999959e-01,-3.078350000000000253e-01,1.132099999999999947e-02,6.582499999999999463e-02,-2.331570000000000031e-01,-2.014189999999999869e-01,-2.017760000000000109e-01,1.061870000000000036e-01,5.534100000000000130e-02,3.149270000000000125e-01,1.160069999999999990e-01,-4.316019999999999857e-01,-1.949700000000000044e-02,8.681750000000000300e-01,2.222449999999999981e-01,6.504189999999999694e-01,2.042450000000000099e-01,5.721099999999999797e-02,-3.243019999999999792e-01,6.027420000000000000e-01,7.344599999999999740e-02,7.838119999999999532e-01,-1.295630000000000115e-01,2.807029999999999803e-01,-7.261199999999999599e-02,4.044730000000000270e-01,-4.422100000000000336e-02,3.398909999999999987e-01,1.224210000000000020e-01,7.971479999999999677e-01,6.355720000000000258e-01,-7.041100000000000136e-02,4.562089999999999756e-01,-5.292000000000000176e-02,-3.371129999999999960e-01,-1.930300000000000071e-02,-2.343109999999999915e-01,1.427950000000000053e-01,6.214749999999999996e-01,2.374469999999999914e-01,5.816569999999999796e-01,-3.915199999999999930e-02
2.069040000000000046e-01,-2.159830000000000083e-01,-2.093800000000000106e-01,1.000000000000000000e+00,3.345870000000000233e-01,-1.172659999999999952e-01,3.627940000000000054e-01,-5.047100000000000197e-02,1.059240000000000043e-01,2.941409999999999858e-01,-5.672200000000000158e-02,-1.009990000000000054e-01,4.736300000000000232e-02,2.759889999999999843e-01,-7.324999999999999567e-02,-1.192860000000000031e-01,2.619879999999999987e-01,-1.811129999999999962e-01,-2.163090000000000013e-01,-2.296120000000000105e-01,1.424310000000000020e-01,-1.303509999999999946e-01,-1.981489999999999918e-01,4.407200000000000006e-02,-6.807999999999999816e-03,-1.289810000000000123e-01,-8.187899999999999345e-02,1.713359999999999883e-01,5.777999999999999803e-02,6.296499999999999320e-02,1.733860000000000123e-01,1.067489999999999967e-01,2.100770000000000137e-01,4.540150000000000019e-01,4.609590000000000076e-01,2.328759999999999997e-01,4.059699999999999975e-01,-2.013669999999999904e-01,1.350689999999999946e-01,-9.542599999999999694e-02,5.096799999999999942e-02,1.523000000000000048e-02,-6.330700000000000216e-02,-3.574260000000000215e-01,-3.197209999999999774e-01,1.895989999999999898e-01,-1.399890000000000023e-01,-9.035300000000000276e-02,-3.067119999999999846e-01,-2.221400000000000111e-02,-4.137520000000000087e-01,2.139100000000000029e-02,8.598500000000000587e-02,-4.232400000000000051e-02,-1.977170000000000039e-01,-1.402100000000000048e-02,-2.106629999999999892e-01,-2.932790000000000119e-01,5.647400000000000336e-02,-2.146450000000000025e-01,9.355800000000000227e-02,-2.635430000000000272e-01,-1.046519999999999950e-01,-2.783100000000000018e-01,-4.521599999999999925e-02,7.235099999999999865e-02,-6.323600000000000054e-02,-4.534500000000000336e-02,-2.567999999999999970e-03,6.611999999999999822e-03,5.938999999999999835e-03,1.307079999999999909e-01,-1.582149999999999945e-01,-1.286390000000000033e-01,-3.048199999999999868e-02,1.280000000000000027e-01
-2.173960000000000059e-01,-1.607979999999999965e-01,4.190099999999999936e-01,3.345870000000000233e-01,1.000000000000000000e+00,1.254490000000000050e-01,5.276129999999999987e-01,-1.526430000000000009e-01,7.577549999999999564e-01,1.323689999999999867e-01,6.596199999999999841e-01,-1.655969999999999942e-01,1.806030000000000135e-01,1.188759999999999956e-01,-9.340900000000000591e-02,1.233569999999999944e-01,2.470009999999999983e-01,1.121019999999999933e-01,1.988159999999999927e-01,1.031870000000000009e-01,-1.035819999999999935e-01,1.278420000000000112e-01,-2.474669999999999925e-01,-4.262619999999999743e-01,1.576239999999999863e-01,-2.687809999999999921e-01,6.233560000000000212e-01,2.449909999999999866e-01,2.495449999999999890e-01,1.659390000000000032e-01,2.085499999999999854e-02,-1.707569999999999921e-01,-3.684729999999999950e-01,-1.588549999999999962e-01,2.288300000000000056e-01,-1.171969999999999956e-01,3.046619999999999884e-01,-5.231999999999999845e-02,-1.658169999999999922e-01,-2.557780000000000054e-01,-1.617730000000000001e-01,1.124880000000000047e-01,-1.639780000000000126e-01,-2.161700000000000080e-02,-6.731600000000000084e-02,-2.378760000000000041e-01,-2.013890000000000124e-01,4.569889999999999786e-01,-1.781299999999999897e-02,6.711589999999999501e-01,-1.244689999999999963e-01,3.057079999999999798e-01,-2.919209999999999861e-01,6.721019999999999772e-01,5.054000000000000332e-03,5.251400000000000512e-01,-2.164739999999999998e-01,1.268599999999999936e-02,7.971999999999999920e-03,-6.998600000000000654e-02,1.151930000000000037e-01,4.688900000000000012e-02,5.531200000000000006e-02,1.824310000000000098e-01,2.882319999999999882e-01,-6.446000000000000341e-02,1.359809999999999908e-01,-2.229700000000000015e-01,-2.883700000000000152e-01,5.703899999999999942e-02,-4.202480000000000104e-01,5.156420000000000448e-01,1.758800000000000086e-01,2.996899999999999911e-02,2.733709999999999751e-01,1.737899999999999862e-02
-6.717499999999999860e-02,7.125329999999999719e-01,1.637939999999999952e-01,-1.172659999999999952e-01,1.254490000000000050e-01,1.000000000000000000e+00,3.047449999999999881e-01,4.174889999999999990e-01,1.535169999999999868e-01,-2.273299999999999974e-02,1.466389999999999916e-01,-1.381749999999999923e-01,5.035309999999999508e-01,2.514879999999999893e-01,-6.033800000000000274e-02,7.859800000000000120e-02,1.127790000000000042e-01,1.184830000000000050e-01,1.480660000000000032e-01,-2.366000000000000048e-02,6.325000000000000067e-02,2.887299999999999936e-02,5.270949999999999802e-01,-3.562099999999999989e-02,3.963820000000000121e-01,5.780250000000000110e-01,2.961750000000000216e-01,9.461799999999999378e-02,3.472569999999999824e-01,1.088260000000000061e-01,-1.925479999999999969e-01,-1.157900000000000075e-02,-3.357600000000000168e-02,-1.852820000000000022e-01,-4.559900000000000064e-02,-1.033799999999999997e-02,9.638800000000000145e-02,-1.886829999999999896e-01,-8.892999999999999863e-03,-2.171420000000000017e-01,-3.353450000000000042e-01,-2.359660000000000091e-01,-1.797999999999999902e-03,-1.197119999999999990e-01,-1.889309999999999878e-01,-1.584059999999999913e-01,4.108559999999999990e-01,1.126459999999999961e-01,6.439599999999999491e-02,1.590989999999999904e-01,4.500179999999999736e-01,-6.822400000000000686e-02,1.739630000000000065e-01,9.075300000000000034e-02,-2.454220000000000013e-01,1.643900000000000083e-01,-2.542429999999999968e-01,1.627709999999999990e-01,2.760830000000000228e-01,-2.123559999999999892e-01,-2.126780000000000059e-01,1.007000000000000083e-02,-5.368000000000000375e-03,2.230779999999999985e-01,9.479100000000000026e-02,-1.485239999999999894e-01,-2.772999999999999857e-03,2.527829999999999799e-01,-3.698159999999999781e-01,-5.359699999999999881e-02,3.018600000000000172e-01,1.504540000000000044e-01,1.732750000000000123e-01,-5.609900000000000303e-02,9.195699999999999708e-02,-1.601760000000000128e-01
3.242000000000000090e-03,9.552199999999999580e-02,-1.455960000000000032e-01,3.627940000000000054e-01,5.276129999999999987e-01,3.047449999999999881e-01,1.000000000000000000e+00,1.076519999999999977e-01,1.771099999999999897e-01,5.360499999999999987e-02,5.818600000000000161e-02,-2.324660000000000060e-01,1.499050000000000105e-01,1.941319999999999990e-01,-1.757140000000000091e-01,-1.406199999999999985e-02,1.335659999999999903e-01,-8.769000000000000405e-02,-1.218319999999999959e-01,-2.363510000000000055e-01,1.575499999999999956e-01,-2.587100000000000163e-02,-7.501499999999999835e-02,-1.486510000000000054e-01,3.656960000000000210e-01,7.919199999999999851e-02,3.923869999999999858e-01,-2.202799999999999897e-02,3.974369999999999847e-01,3.789800000000000113e-02,8.250200000000000589e-02,1.293719999999999870e-01,3.589999999999999984e-04,9.930200000000000138e-02,2.938100000000000156e-01,3.076999999999999874e-03,2.717300000000000271e-01,-2.896179999999999866e-01,1.073250000000000037e-01,-1.792300000000000004e-01,-3.283240000000000047e-01,-1.964940000000000020e-01,-2.815819999999999990e-01,-4.038329999999999975e-01,-3.366060000000000163e-01,6.588399999999999812e-02,1.207199999999999940e-02,-1.632959999999999967e-01,-4.578570000000000140e-01,3.085299999999999848e-02,-2.653639999999999888e-01,2.077930000000000055e-01,9.049799999999999511e-02,8.150499999999999412e-02,-3.078440000000000065e-01,6.492399999999999560e-02,-3.343439999999999745e-01,-3.498140000000000138e-01,2.668299999999999839e-02,-2.874099999999999988e-01,7.160299999999999998e-02,-3.824790000000000134e-01,-1.143369999999999942e-01,-1.366370000000000084e-01,-7.515099999999999558e-02,5.741799999999999682e-02,-1.558999999999999969e-02,-1.141510000000000025e-01,-2.467469999999999941e-01,2.315999999999999916e-03,-1.097169999999999951e-01,5.598149999999999515e-01,-3.233230000000000270e-01,-1.653119999999999867e-01,-8.343399999999999428e-02,-2.630400000000000099e-02
4.039380000000000193e-01,3.661610000000000142e-01,-5.115900000000000308e-02,-5.047100000000000197e-02,-1.526430000000000009e-01,4.174889999999999990e-01,1.076519999999999977e-01,1.000000000000000000e+00,-2.730150000000000077e-01,2.592610000000000192e-01,-6.838700000000000334e-02,5.460999999999999709e-03,-4.070000000000000267e-04,5.162309999999999954e-01,1.726930000000000132e-01,-2.540379999999999860e-01,5.819099999999999967e-02,-3.887379999999999725e-01,9.965599999999999459e-02,-1.117549999999999932e-01,6.330299999999999816e-01,-2.399799999999999850e-02,8.536989999999999856e-01,3.894310000000000271e-01,2.079890000000000072e-01,6.630080000000000418e-01,-1.750309999999999921e-01,-3.658200000000000340e-02,2.500000000000000139e-02,2.303689999999999904e-01,1.173440000000000039e-01,3.740229999999999944e-01,2.062930000000000041e-01,2.167030000000000067e-01,1.718830000000000080e-01,2.718499999999999805e-01,1.966489999999999905e-01,-3.891629999999999812e-01,3.391279999999999850e-01,-2.057879999999999987e-01,-2.937930000000000264e-01,-3.993249999999999855e-01,3.640600000000000086e-02,-4.408119999999999816e-01,-3.580459999999999754e-01,4.226730000000000209e-01,3.299759999999999915e-01,-7.656999999999999917e-02,-1.070090000000000069e-01,-1.885620000000000074e-01,1.594200000000000131e-02,-4.290050000000000252e-01,8.475129999999999608e-01,-3.294130000000000114e-01,-3.427600000000000091e-01,3.283500000000000307e-02,-1.516649999999999943e-01,-3.043500000000000094e-01,5.255490000000000439e-01,-6.109499999999999653e-02,-3.400810000000000222e-01,-3.368249999999999855e-01,-1.606370000000000020e-01,1.735500000000000098e-01,-2.598699999999999968e-02,3.441440000000000055e-01,-5.193899999999999906e-02,7.178550000000000209e-01,-3.306300000000000211e-02,-3.173399999999999832e-02,5.160909999999999664e-01,-1.479129999999999889e-01,-1.036819999999999964e-01,-2.268350000000000088e-01,4.982299999999999923e-02,2.322300000000000059e-02
-4.587579999999999991e-01,-2.508139999999999814e-01,6.048620000000000108e-01,1.059240000000000043e-01,7.577549999999999564e-01,1.535169999999999868e-01,1.771099999999999897e-01,-2.730150000000000077e-01,1.000000000000000000e+00,1.359529999999999905e-01,7.841479999999999562e-01,1.338699999999999959e-02,1.813720000000000054e-01,-1.269119999999999970e-01,-1.242980000000000057e-01,7.740000000000000352e-03,1.921480000000000132e-01,1.945459999999999967e-01,2.477880000000000082e-01,2.668820000000000081e-01,-4.151380000000000070e-01,1.280310000000000059e-01,-2.656189999999999940e-01,-3.527359999999999940e-01,-7.315800000000000081e-02,-2.753610000000000224e-01,6.831399999999999695e-01,1.854860000000000120e-01,1.031689999999999968e-01,2.186099999999999849e-02,-2.671529999999999738e-01,-5.368509999999999671e-01,-4.525080000000000213e-01,-4.345129999999999826e-01,-1.797759999999999914e-01,-1.789300000000000057e-01,1.061409999999999992e-01,2.717289999999999983e-01,-5.245900000000000007e-01,-8.326200000000000268e-02,-1.591120000000000034e-01,2.205380000000000118e-01,4.408900000000000319e-02,3.099689999999999945e-01,2.718300000000000161e-01,-5.062729999999999730e-01,-3.416980000000000017e-01,6.583940000000000348e-01,2.660790000000000100e-01,8.308440000000000270e-01,8.430999999999999606e-02,4.295109999999999761e-01,-4.747950000000000226e-01,9.252420000000000089e-01,2.819090000000000207e-01,5.993270000000000541e-01,-2.389799999999999910e-02,3.252599999999999936e-01,-7.065200000000000646e-02,-1.770899999999999905e-02,-7.207299999999999818e-02,3.913639999999999897e-01,-2.770200000000000093e-02,3.014510000000000245e-01,3.307880000000000265e-01,-2.842069999999999874e-01,8.674900000000000666e-02,-3.288719999999999977e-01,-1.953360000000000096e-01,-1.104659999999999948e-01,-4.767819999999999836e-01,3.307180000000000120e-01,4.002729999999999899e-01,9.018199999999999827e-02,2.278789999999999982e-01,-1.325199999999999989e-01
1.562209999999999988e-01,-2.291070000000000051e-01,-5.247399999999999981e-02,2.941409999999999858e-01,1.323689999999999867e-01,-2.273299999999999974e-02,5.360499999999999987e-02,2.592610000000000192e-01,1.359529999999999905e-01,1.000000000000000000e+00,6.288599999999999746e-02,4.593630000000000213e-01,1.374390000000000056e-01,3.437640000000000140e-01,8.815099999999999325e-02,-1.923769999999999925e-01,5.411059999999999759e-01,7.732000000000000157e-03,-1.481760000000000022e-01,-1.797169999999999879e-01,2.621390000000000109e-01,-3.047039999999999749e-01,2.332710000000000061e-01,5.037359999999999616e-01,-1.849860000000000115e-01,1.689299999999999968e-01,-2.809539999999999815e-01,1.253680000000000072e-01,-2.112110000000000098e-01,-5.867999999999999952e-03,1.694450000000000123e-01,-7.151599999999999624e-02,3.186539999999999928e-01,3.585389999999999966e-01,3.023150000000000004e-01,4.415250000000000008e-01,5.023720000000000407e-01,1.159229999999999983e-01,-5.490199999999999941e-02,2.436109999999999942e-01,7.502999999999999947e-02,2.999999999999999889e-02,2.754420000000000202e-01,-6.591400000000000037e-02,-3.750699999999999867e-02,3.395400000000000085e-01,-1.600040000000000073e-01,1.115759999999999946e-01,8.272300000000000486e-02,1.690879999999999883e-01,-1.483780000000000099e-01,-2.667800000000000032e-02,2.275649999999999895e-01,1.399509999999999921e-01,2.254309999999999925e-01,-1.095499999999999946e-02,3.245149999999999979e-01,3.353500000000000231e-02,2.171540000000000137e-01,-4.818299999999999667e-02,-1.335939999999999905e-01,1.680169999999999997e-01,7.956799999999999984e-02,-1.209839999999999943e-01,-7.264099999999999724e-02,1.857139999999999902e-01,-1.133190000000000031e-01,2.675609999999999933e-01,4.518670000000000186e-01,6.279700000000000559e-02,3.466420000000000057e-01,-2.939780000000000171e-01,1.269919999999999938e-01,-1.229940000000000061e-01,-6.887300000000000366e-02,2.041610000000000091e-01
-3.390239999999999920e-01,-3.447000000000000064e-02,8.896309999999999496e-01,-5.672200000000000158e-02,6.596199999999999841e-01,1.466389999999999916e-01,5.818600000000000161e-02,-6.838700000000000334e-02,7.841479999999999562e-01,6.288599999999999746e-02,1.000000000000000000e+00,-6.478399999999999437e-02,1.772160000000000124e-01,5.414299999999999669e-02,2.216770000000000129e-01,2.228590000000000015e-01,1.700039999999999885e-01,2.060680000000000012e-01,6.488190000000000346e-01,5.196209999999999996e-01,-2.005830000000000113e-01,4.294180000000000219e-01,-2.507200000000000054e-02,-3.950540000000000163e-01,6.317399999999999405e-02,-1.254460000000000020e-01,6.370670000000000499e-01,3.694359999999999866e-01,1.827360000000000095e-01,3.054540000000000033e-01,-1.499530000000000030e-01,-3.254349999999999743e-01,-5.218070000000000208e-01,-4.112689999999999957e-01,-1.379980000000000095e-01,-2.386230000000000018e-01,1.457459999999999867e-01,8.245299999999999851e-02,-3.126269999999999882e-01,-2.299319999999999975e-01,-2.247510000000000063e-01,1.163180000000000047e-01,1.587900000000000075e-02,2.580189999999999984e-01,1.319249999999999867e-01,-4.224589999999999734e-01,-1.133470000000000033e-01,8.513070000000000359e-01,1.973389999999999866e-01,8.313819999999999544e-01,1.360709999999999975e-01,2.126389999999999947e-01,-3.281370000000000120e-01,7.652930000000000010e-01,1.394279999999999964e-01,8.493589999999999751e-01,-1.045610000000000012e-01,2.713169999999999749e-01,1.876799999999999996e-02,3.132510000000000017e-01,-3.623900000000000038e-02,3.189699999999999758e-01,7.030300000000000438e-02,6.852000000000000313e-01,5.656339999999999701e-01,-1.027470000000000050e-01,3.691090000000000204e-01,-8.665599999999999692e-02,-2.857999999999999985e-01,-1.746100000000000083e-02,-3.327899999999999747e-01,2.874209999999999821e-01,5.598149999999999515e-01,1.937409999999999966e-01,5.080310000000000104e-01,-9.175800000000000622e-02
-1.130039999999999933e-01,-3.849730000000000096e-01,-1.067860000000000059e-01,-1.009990000000000054e-01,-1.655969999999999942e-01,-1.381749999999999923e-01,-2.324660000000000060e-01,5.460999999999999709e-03,1.338699999999999959e-02,4.593630000000000213e-01,-6.478399999999999437e-02,1.000000000000000000e+00,-9.151499999999999913e-02,1.387210000000000110e-01,-1.840229999999999921e-01,-4.166070000000000051e-01,1.404849999999999988e-01,5.557299999999999740e-02,-2.645250000000000101e-01,-2.924039999999999973e-01,-1.457450000000000134e-01,-4.691919999999999980e-01,9.634700000000000208e-02,7.171819999999999862e-01,-3.474659999999999971e-01,2.640500000000000139e-02,-2.769499999999999740e-01,-2.594620000000000259e-01,-5.053929999999999811e-01,-4.348350000000000271e-01,-2.588110000000000133e-01,-3.996979999999999977e-01,2.593300000000000119e-02,-5.785900000000000071e-02,-1.261069999999999969e-01,2.649000000000000243e-01,-1.870449999999999890e-01,6.215439999999999854e-01,-4.127049999999999885e-01,4.697390000000000176e-01,3.576630000000000087e-01,4.075570000000000026e-01,4.255659999999999998e-01,4.330499999999999905e-01,5.756989999999999608e-01,-2.844199999999999853e-02,-5.019000000000000128e-01,-8.746199999999999808e-02,2.199720000000000009e-01,1.061730000000000035e-01,9.622000000000000344e-03,2.778990000000000071e-01,-9.122299999999999853e-02,1.138190000000000035e-01,7.348829999999999529e-01,-2.108500000000000096e-01,8.867859999999999632e-01,3.345270000000000188e-01,6.388800000000000034e-02,-1.567290000000000072e-01,-2.943419999999999925e-01,3.662610000000000032e-01,-1.643699999999999883e-01,-1.861019999999999897e-01,-3.417649999999999855e-01,-1.575429999999999886e-01,-4.056870000000000198e-01,3.701900000000000329e-02,8.151220000000000132e-01,-2.150370000000000059e-01,2.504000000000000149e-03,-5.623120000000000340e-01,4.791299999999999726e-02,-2.147570000000000034e-01,-2.403220000000000078e-01,-1.474949999999999872e-01
6.734900000000000608e-02,3.492779999999999774e-01,2.129880000000000106e-01,4.736300000000000232e-02,1.806030000000000135e-01,5.035309999999999508e-01,1.499050000000000105e-01,-4.070000000000000267e-04,1.813720000000000054e-01,1.374390000000000056e-01,1.772160000000000124e-01,-9.151499999999999913e-02,1.000000000000000000e+00,1.284559999999999869e-01,1.826379999999999948e-01,4.194249999999999923e-01,5.094159999999999799e-01,5.584090000000000442e-01,1.137490000000000029e-01,2.907699999999999729e-01,2.190000000000000106e-04,2.571060000000000012e-01,8.367199999999999638e-02,-9.371899999999999675e-02,-9.358199999999999852e-02,3.606449999999999934e-01,1.390089999999999937e-01,6.571510000000000407e-01,4.267420000000000102e-01,4.131859999999999977e-01,2.817959999999999909e-01,-5.548800000000000260e-02,-1.328070000000000084e-01,1.401799999999999921e-02,2.465110000000000079e-01,1.334259999999999891e-01,3.461069999999999980e-01,-2.541769999999999863e-01,1.799900000000000111e-02,-3.862200000000000077e-01,-3.302689999999999793e-01,-1.392599999999999949e-01,2.012019999999999920e-01,-3.096199999999999994e-02,-2.718079999999999941e-01,-1.172870000000000024e-01,9.892600000000000005e-02,3.201550000000000229e-01,3.946100000000000302e-02,2.021580000000000044e-01,1.443520000000000081e-01,-4.278300000000000158e-02,-1.638680000000000136e-01,1.214189999999999992e-01,-2.236700000000000077e-01,2.659730000000000150e-01,-2.122769999999999935e-01,4.474099999999999744e-01,1.617499999999999841e-02,4.655600000000000016e-02,1.004030000000000061e-01,3.432870000000000088e-01,4.661319999999999908e-01,1.721499999999999975e-01,4.327529999999999988e-01,5.083599999999999924e-02,3.438610000000000277e-01,-3.435699999999999865e-02,-2.826879999999999948e-01,-1.434219999999999939e-01,3.022299999999999986e-01,4.168899999999999689e-02,5.771450000000000191e-01,2.262029999999999874e-01,2.897040000000000171e-01,3.535139999999999949e-01
3.751369999999999982e-01,2.046310000000000073e-01,-5.664700000000000291e-02,2.759889999999999843e-01,1.188759999999999956e-01,2.514879999999999893e-01,1.941319999999999990e-01,5.162309999999999954e-01,-1.269119999999999970e-01,3.437640000000000140e-01,5.414299999999999669e-02,1.387210000000000110e-01,1.284559999999999869e-01,1.000000000000000000e+00,1.938169999999999893e-01,-5.056900000000000284e-02,2.230159999999999920e-01,-2.821830000000000171e-01,7.352000000000000202e-02,-1.304500000000000104e-01,3.545380000000000198e-01,-3.013899999999999912e-02,5.029770000000000074e-01,2.669759999999999911e-01,1.882429999999999937e-01,3.887260000000000160e-01,-1.518950000000000022e-01,1.068299999999999944e-01,7.037400000000000599e-02,1.887189999999999979e-01,2.868669999999999831e-01,3.955549999999999899e-01,-1.013900000000000044e-02,3.733389999999999764e-01,4.207150000000000056e-01,4.309540000000000037e-01,4.129390000000000005e-01,-3.093690000000000051e-01,3.321049999999999836e-01,-2.671879999999999811e-01,-1.566700000000000037e-01,-1.878039999999999987e-01,9.456699999999999828e-02,-3.670300000000000229e-01,-3.642569999999999975e-01,3.551900000000000057e-01,2.237359999999999904e-01,7.642999999999999620e-03,-1.797700000000000131e-01,3.557400000000000145e-02,-6.994200000000000417e-02,-2.705569999999999919e-01,4.860249999999999848e-01,-2.083550000000000124e-01,-1.889389999999999958e-01,1.376139999999999863e-01,9.909999999999999105e-04,-1.588179999999999870e-01,6.249689999999999968e-01,-1.805299999999999960e-02,-1.317190000000000027e-01,-1.892399999999999916e-01,-2.639999999999999986e-03,1.004390000000000005e-01,2.374199999999999922e-02,1.822179999999999911e-01,-2.493300000000000030e-02,5.196549999999999780e-01,1.011809999999999932e-01,-3.337000000000000122e-03,3.835129999999999928e-01,-9.512199999999999822e-02,4.129700000000000037e-02,-1.942599999999999882e-01,2.081469999999999987e-01,1.339950000000000030e-01
3.125930000000000097e-01,1.840769999999999906e-01,3.156649999999999734e-01,-7.324999999999999567e-02,-9.340900000000000591e-02,-6.033800000000000274e-02,-1.757140000000000091e-01,1.726930000000000132e-01,-1.242980000000000057e-01,8.815099999999999325e-02,2.216770000000000129e-01,-1.840229999999999921e-01,1.826379999999999948e-01,1.938169999999999893e-01,1.000000000000000000e+00,3.520670000000000188e-01,1.757630000000000026e-01,-2.123299999999999840e-02,4.715840000000000032e-01,6.508030000000000204e-01,5.153849999999999820e-01,6.447800000000000198e-01,3.033870000000000178e-01,-6.633200000000000207e-02,5.927600000000000230e-02,2.736120000000000219e-01,-1.421640000000000126e-01,5.869309999999999805e-01,3.558029999999999804e-01,6.919269999999999587e-01,4.646410000000000262e-01,3.896839999999999749e-01,5.033000000000000147e-03,2.032140000000000057e-01,2.294940000000000035e-01,-6.698600000000000387e-02,3.864900000000000002e-01,-4.249029999999999752e-01,4.177750000000000075e-01,-3.512440000000000007e-01,-2.647450000000000081e-01,-3.993539999999999868e-01,-1.088879999999999987e-01,-3.199029999999999929e-01,-4.453329999999999789e-01,2.284190000000000109e-01,3.874150000000000094e-01,4.173490000000000255e-01,-1.559240000000000070e-01,1.162400000000000065e-02,-1.574039999999999884e-01,-6.202379999999999560e-01,1.623729999999999896e-01,-1.351680000000000104e-01,-4.039329999999999865e-01,4.426439999999999819e-01,-2.232729999999999992e-01,-6.323199999999999654e-02,1.170920000000000016e-01,8.875600000000000156e-01,2.777419999999999889e-01,-1.418770000000000031e-01,4.210229999999999806e-01,4.066259999999999875e-01,6.928199999999999914e-01,5.552000000000000268e-01,8.007079999999999753e-01,3.573959999999999915e-01,-1.659829999999999917e-01,1.798130000000000006e-01,3.799569999999999892e-01,-6.350100000000000189e-02,4.304979999999999918e-01,4.720079999999999831e-01,5.332329999999999570e-01,4.519750000000000156e-01
5.803300000000000125e-02,4.112350000000000172e-01,3.003160000000000274e-01,-1.192860000000000031e-01,1.233569999999999944e-01,7.859800000000000120e-02,-1.406199999999999985e-02,-2.540379999999999860e-01,7.740000000000000352e-03,-1.923769999999999925e-01,2.228590000000000015e-01,-4.166070000000000051e-01,4.194249999999999923e-01,-5.056900000000000284e-02,3.520670000000000188e-01,1.000000000000000000e+00,9.931099999999999650e-02,6.167340000000000044e-01,3.133929999999999771e-01,5.404600000000000515e-01,8.242900000000000227e-02,6.059360000000000301e-01,-1.096120000000000011e-01,-5.322489999999999721e-01,3.763750000000000151e-01,-2.502400000000000110e-02,2.902970000000000272e-01,4.913020000000000165e-01,6.672029999999999905e-01,3.899270000000000236e-01,5.146789999999999976e-01,1.862810000000000021e-01,-3.357600000000000029e-01,-5.683400000000000257e-02,9.896499999999999742e-02,-2.284930000000000017e-01,2.556999999999999829e-01,-1.649339999999999973e-01,2.504549999999999832e-01,-2.747229999999999950e-01,-2.358550000000000091e-01,-6.356799999999999951e-02,-1.772859999999999991e-01,7.042299999999999949e-02,-1.789090000000000125e-01,-5.042599999999999860e-02,3.992499999999999938e-01,3.508899999999999797e-01,9.751500000000000445e-02,1.807870000000000033e-01,1.900070000000000092e-01,-7.031099999999999850e-02,-2.561959999999999793e-01,1.074309999999999987e-01,-1.825479999999999881e-01,2.907520000000000104e-01,-2.242629999999999901e-01,2.765239999999999920e-01,-1.789840000000000042e-01,4.071560000000000179e-01,6.236479999999999801e-01,1.918380000000000085e-01,6.487049999999999761e-01,3.088819999999999899e-01,5.336109999999999465e-01,2.775489999999999902e-01,5.925259999999999971e-01,-3.011700000000000141e-02,-3.164190000000000058e-01,3.526230000000000198e-01,7.438000000000000167e-03,3.365920000000000023e-01,4.371940000000000270e-01,5.856270000000000087e-01,4.401669999999999749e-01,3.877070000000000238e-01
2.431570000000000120e-01,-9.024799999999999489e-02,1.174179999999999946e-01,2.619879999999999987e-01,2.470009999999999983e-01,1.127790000000000042e-01,1.335659999999999903e-01,5.819099999999999967e-02,1.921480000000000132e-01,5.411059999999999759e-01,1.700039999999999885e-01,1.404849999999999988e-01,5.094159999999999799e-01,2.230159999999999920e-01,1.757630000000000026e-01,9.931099999999999650e-02,1.000000000000000000e+00,3.559430000000000094e-01,4.399100000000000232e-02,1.396620000000000084e-01,1.505350000000000021e-01,-1.150299999999999934e-02,5.987000000000000134e-03,1.933030000000000026e-01,-2.111619999999999886e-01,2.415760000000000129e-01,-1.901450000000000085e-01,5.072160000000000002e-01,4.281599999999999989e-02,3.287379999999999747e-01,3.570679999999999965e-01,4.363600000000000118e-02,1.957589999999999886e-01,3.061180000000000012e-01,4.367840000000000056e-01,2.097430000000000128e-01,4.702509999999999746e-01,-8.488300000000000012e-02,9.483099999999999863e-02,-1.312850000000000128e-01,-4.582300000000000262e-02,1.247099999999999945e-02,1.660409999999999942e-01,-1.221840000000000009e-01,-2.111010000000000109e-01,1.197239999999999971e-01,-1.550829999999999986e-01,2.346010000000000040e-01,-2.101700000000000096e-02,3.016820000000000057e-01,-1.658370000000000122e-01,-6.724099999999999522e-02,-5.836800000000000321e-02,1.752700000000000091e-01,-6.995300000000000129e-02,1.747440000000000104e-01,-4.719899999999999790e-02,2.118599999999999928e-01,5.118999999999999939e-02,7.951400000000000134e-02,-5.477300000000000224e-02,2.181500000000000106e-01,3.291740000000000221e-01,7.080500000000000682e-02,2.922089999999999965e-01,1.351289999999999991e-01,1.919589999999999907e-01,-8.247000000000000858e-03,4.906300000000000244e-02,-1.386660000000000115e-01,2.775500000000000189e-01,-2.593119999999999870e-01,4.155170000000000252e-01,4.629000000000000302e-03,2.754659999999999886e-01,3.329750000000000210e-01
-2.337619999999999976e-01,1.978499999999999981e-01,2.908330000000000082e-01,-1.811129999999999962e-01,1.121019999999999933e-01,1.184830000000000050e-01,-8.769000000000000405e-02,-3.887379999999999725e-01,1.945459999999999967e-01,7.732000000000000157e-03,2.060680000000000012e-01,5.557299999999999740e-02,5.584090000000000442e-01,-2.821830000000000171e-01,-2.123299999999999840e-02,6.167340000000000044e-01,3.559430000000000094e-01,1.000000000000000000e+00,1.068560000000000065e-01,2.847790000000000044e-01,-2.413260000000000127e-01,1.791530000000000067e-01,-3.158020000000000271e-01,-2.101419999999999955e-01,6.056399999999999978e-02,-2.886199999999999877e-02,2.305169999999999997e-01,3.067940000000000111e-01,2.406540000000000068e-01,2.919000000000000067e-02,1.197099999999999970e-01,-2.574299999999999922e-01,-2.001900000000000068e-01,-2.362799999999999900e-01,-1.222670000000000007e-01,-1.308600000000000041e-01,-2.176200000000000009e-02,2.974129999999999829e-01,-2.079400000000000137e-01,7.841099999999999459e-02,9.327499999999999680e-02,2.594000000000000195e-01,1.203179999999999944e-01,4.503130000000000188e-01,2.844280000000000141e-01,-3.362029999999999741e-01,-5.761899999999999661e-02,2.361409999999999898e-01,3.053330000000000211e-01,3.630769999999999831e-01,2.302690000000000015e-01,3.368559999999999888e-01,-5.588929999999999731e-01,3.440779999999999950e-01,2.751250000000000084e-01,1.088159999999999961e-01,1.667579999999999896e-01,5.803439999999999710e-01,-3.349920000000000120e-01,6.239800000000000207e-02,2.609040000000000248e-01,5.893239999999999590e-01,5.286560000000000148e-01,1.237120000000000025e-01,2.302829999999999877e-01,-1.220920000000000061e-01,2.023820000000000063e-01,-3.971000000000000085e-01,-4.478100000000000136e-02,8.762999999999999956e-02,-1.285419999999999896e-01,-4.325099999999999778e-02,4.639710000000000223e-01,2.787009999999999765e-01,1.518730000000000080e-01,1.384839999999999960e-01
-1.472000000000000045e-02,1.909430000000000016e-01,7.937849999999999628e-01,-2.163090000000000013e-01,1.988159999999999927e-01,1.480660000000000032e-01,-1.218319999999999959e-01,9.965599999999999459e-02,2.477880000000000082e-01,-1.481760000000000022e-01,6.488190000000000346e-01,-2.645250000000000101e-01,1.137490000000000029e-01,7.352000000000000202e-02,4.715840000000000032e-01,3.133929999999999771e-01,4.399100000000000232e-02,1.068560000000000065e-01,1.000000000000000000e+00,6.111680000000000446e-01,1.756399999999999975e-02,6.527579999999999494e-01,1.503019999999999912e-01,-3.157220000000000026e-01,1.575950000000000129e-01,1.703860000000000097e-01,2.715899999999999981e-01,4.307239999999999958e-01,1.777870000000000006e-01,5.829600000000000337e-01,4.447700000000000264e-02,1.752209999999999879e-01,-2.864090000000000247e-01,-2.374080000000000079e-01,-8.552500000000000380e-02,-2.393579999999999874e-01,5.031200000000000255e-02,-2.185570000000000013e-01,1.876579999999999915e-01,-4.054789999999999783e-01,-3.066559999999999842e-01,-8.609100000000000086e-02,-1.102629999999999999e-01,-1.786799999999999847e-02,-1.829290000000000083e-01,-1.811570000000000125e-01,1.447789999999999910e-01,5.835099999999999731e-01,-8.847499999999999809e-02,2.778109999999999746e-01,1.362999999999999975e-02,-2.655699999999999728e-01,-8.997800000000000242e-02,2.297819999999999863e-01,-2.470430000000000126e-01,6.579409999999999981e-01,-3.176570000000000227e-01,-3.684000000000000209e-03,-6.184800000000000020e-02,5.102320000000000189e-01,-2.487599999999999881e-02,9.253000000000000808e-03,1.163560000000000011e-01,9.323219999999999841e-01,6.326650000000000329e-01,7.915099999999999913e-02,5.475290000000000434e-01,5.560999999999999971e-02,-4.203430000000000222e-01,-2.366899999999999907e-02,-4.030000000000000249e-02,7.103900000000000492e-02,4.418429999999999858e-01,1.364920000000000022e-01,6.252320000000000100e-01,3.800499999999999712e-02
-1.011250000000000066e-01,1.111840000000000050e-01,6.359299999999999953e-01,-2.296120000000000105e-01,1.031870000000000009e-01,-2.366000000000000048e-02,-2.363510000000000055e-01,-1.117549999999999932e-01,2.668820000000000081e-01,-1.797169999999999879e-01,5.196209999999999996e-01,-2.924039999999999973e-01,2.907699999999999729e-01,-1.304500000000000104e-01,6.508030000000000204e-01,5.404600000000000515e-01,1.396620000000000084e-01,2.847790000000000044e-01,6.111680000000000446e-01,1.000000000000000000e+00,2.080299999999999858e-02,8.911339999999999817e-01,-1.161599999999999959e-02,-4.466169999999999862e-01,9.403999999999999165e-03,-1.069699999999999991e-02,2.901320000000000010e-01,6.488920000000000243e-01,4.775650000000000173e-01,6.673350000000000115e-01,3.137280000000000069e-01,1.668499999999999844e-02,-3.694509999999999739e-01,-2.620469999999999744e-01,-1.094880000000000020e-01,-3.761990000000000056e-01,1.941100000000000048e-01,-1.904019999999999879e-01,6.203800000000000286e-02,-3.441540000000000155e-01,-3.809400000000000008e-01,-1.741379999999999872e-01,-1.985619999999999885e-01,4.872599999999999848e-02,-1.227239999999999998e-01,-2.537909999999999888e-01,1.507290000000000019e-01,6.720260000000000122e-01,8.961500000000000021e-02,3.284480000000000177e-01,1.523569999999999924e-01,-2.378139999999999976e-01,-2.250959999999999905e-01,3.118699999999999806e-01,-1.643660000000000121e-01,6.374849999999999683e-01,-2.247510000000000063e-01,3.543930000000000136e-01,-2.536590000000000233e-01,7.430170000000000385e-01,2.209560000000000135e-01,2.304519999999999902e-01,4.154559999999999920e-01,6.029959999999999765e-01,8.922809999999999908e-01,2.561970000000000081e-01,8.164019999999999611e-01,6.054999999999999619e-03,-3.659290000000000043e-01,4.935000000000000150e-03,-5.610300000000000009e-02,1.169830000000000036e-01,7.109760000000000524e-01,5.403829999999999467e-01,7.229689999999999728e-01,2.635819999999999830e-01
