1.000000000000000000e+00,-2.202979999999999938e-01,1.365290000000000115e-01,2.318169999999999953e-01,1.822159999999999891e-01,-5.178949999999999942e-01,-1.269849999999999868e-01,-5.990389999999999882e-01,1.278799999999999937e-01,-1.110929999999999973e-01,1.199400000000000049e-01,-4.083760000000000168e-01,-7.957400000000000584e-02,5.186400000000000038e-02,1.145199999999999968e-01,3.957849999999999979e-01,-2.413000000000000214e-03,2.074840000000000018e-01,7.618600000000000372e-02,7.211599999999999955e-02,4.292630000000000057e-01,2.757749999999999924e-01,-3.341129999999999933e-01,3.255460000000000020e-01,1.549319999999999864e-01,2.823900000000000021e-02,-5.540799999999999892e-02,1.476250000000000062e-01,2.977139999999999787e-01,1.987939999999999985e-01,6.388869999999999827e-01,3.325060000000000238e-01,2.508650000000000047e-01,1.168349999999999944e-01,5.555199999999999722e-02,-3.546400000000000108e-01,-1.927190000000000014e-01,2.409900000000000098e-01,3.318889999999999896e-01,-2.664100000000000149e-02,9.470299999999999552e-02,1.285300000000000054e-01,-3.351770000000000027e-01,-1.781810000000000060e-01,3.176899999999999863e-02,8.253939999999999610e-01,-8.887000000000000802e-03,4.454500000000000126e-02,-3.279779999999999918e-01,1.000500000000000000e-02,-4.832940000000000014e-01,3.155399999999999872e-02,-6.181689999999999685e-01,2.082000000000000083e-03,-5.302300000000000069e-02,1.270020000000000038e-01,-4.297960000000000114e-01,-5.624900000000000039e-02,-1.839909999999999879e-01,-8.470199999999999951e-02,6.149790000000000534e-01,-5.766399999999999998e-02,3.699439999999999951e-01,3.362699999999999717e-02,3.109489999999999754e-01,4.578499999999999792e-01,3.128750000000000142e-01,-1.667639999999999956e-01,2.357279999999999931e-01,9.142000000000000126e-02,1.702329999999999954e-01,-2.193000000000000071e-03,-2.582100000000000020e-02,3.672639999999999794e-01,-8.274199999999999611e-02,5.475259999999999572e-01
-2.202979999999999938e-01,1.000000000000000000e+00,1.996789999999999954e-01,-3.542499999999999816e-02,4.396900000000000114e-02,7.734379999999999589e-01,2.693749999999999756e-01,3.769730000000000025e-01,6.948000000000000183e-03,4.804189999999999849e-01,2.296030000000000015e-01,1.802159999999999873e-01,1.850900000000000045e-01,1.227189999999999948e-01,-1.481790000000000052e-01,1.767680000000000085e-01,3.470090000000000119e-01,4.771449999999999858e-01,4.114809999999999857e-01,9.561300000000000354e-02,-3.297229999999999883e-01,1.505879999999999996e-01,3.156079999999999997e-01,-1.061219999999999941e-01,8.204749999999999543e-01,5.928229999999999889e-01,3.375549999999999939e-01,-8.107200000000000517e-02,2.825550000000000006e-01,-1.316380000000000050e-01,-2.332289999999999919e-01,1.728230000000000044e-01,1.596299999999999941e-01,1.432460000000000122e-01,-1.945890000000000120e-01,3.339389999999999858e-01,-1.457549999999999957e-01,9.291999999999999912e-03,-1.397370000000000001e-01,4.122300000000000270e-02,4.266400000000000053e-02,-5.390999999999999959e-02,1.420230000000000103e-01,-3.370799999999999907e-01,-3.436230000000000118e-01,-3.605300000000000171e-01,4.485549999999999815e-01,2.894269999999999898e-01,-1.107250000000000040e-01,1.366000000000000027e-02,2.132360000000000089e-01,1.625429999999999930e-01,1.855189999999999895e-01,4.490700000000000247e-02,2.861589999999999967e-01,2.035589999999999899e-01,-5.516200000000000270e-02,-3.237110000000000265e-01,-1.039820000000000050e-01,-2.017649999999999999e-01,-2.874169999999999781e-01,-1.643570000000000031e-01,-1.814290000000000069e-01,3.618609999999999882e-01,-3.151089999999999725e-01,-5.505929999999999991e-01,-1.529939999999999911e-01,-1.180559999999999943e-01,-4.618070000000000230e-01,4.487099999999999977e-01,-1.219770000000000021e-01,1.493750000000000078e-01,-1.532159999999999911e-01,-1.572469999999999979e-01,-1.597700000000000162e-02,-3.376170000000000004e-01
1.365290000000000115e-01,1.996789999999999954e-01,1.000000000000000000e+00,-1.181299999999999989e-01,-1.082299999999999929e-02,1.289389999999999981e-01,-2.583880000000000066e-01,1.622119999999999951e-01,4.282309999999999728e-01,1.598080000000000056e-01,8.111159999999999481e-01,1.653030000000000055e-01,-6.843699999999999783e-02,1.702420000000000044e-01,-1.805360000000000020e-01,-5.412800000000000250e-02,2.086040000000000116e-01,2.477999999999999994e-02,7.272819999999999840e-01,2.953740000000000254e-01,-3.127510000000000012e-01,3.021360000000000157e-01,2.460330000000000017e-01,2.813399999999999929e-02,2.683289999999999842e-01,3.020649999999999724e-01,2.405309999999999948e-01,7.853400000000000658e-02,-1.406080000000000108e-01,3.428519999999999901e-01,-5.919300000000000256e-02,-1.289669999999999983e-01,-4.331399999999999834e-02,1.125639999999999974e-01,-1.477660000000000085e-01,3.762639999999999874e-01,1.552999999999999936e-01,-1.496309999999999862e-01,-2.077569999999999972e-01,-8.507399999999999685e-02,-4.815099999999999936e-02,-4.954000000000000070e-03,1.886899999999999966e-01,-2.188990000000000102e-01,-4.835300000000000153e-01,-1.502590000000000037e-01,-2.448089999999999988e-01,9.142040000000000166e-01,-1.481449999999999989e-01,4.210320000000000173e-01,-1.307099999999999929e-01,7.088200000000000056e-02,6.307799999999999518e-02,5.460139999999999993e-01,9.776300000000000268e-02,6.836050000000000182e-01,-2.871699999999999947e-02,-2.846190000000000109e-01,1.442950000000000066e-01,-6.257000000000000409e-03,-3.159279999999999866e-01,-2.575520000000000032e-01,-3.954010000000000025e-01,6.147120000000000362e-01,-4.511600000000000332e-02,-3.348670000000000258e-01,4.717999999999999972e-03,6.956199999999999883e-02,-2.564299999999999913e-01,-1.839349999999999874e-01,-3.813750000000000195e-01,1.661289999999999989e-01,5.661399999999999766e-02,-2.748940000000000272e-01,3.352419999999999844e-01,-1.492080000000000073e-01
2.318169999999999953e-01,-3.542499999999999816e-02,-1.181299999999999989e-01,1.000000000000000000e+00,5.539920000000000400e-01,2.762600000000000125e-02,1.176910000000000039e-01,-4.964099999999999763e-02,1.583670000000000078e-01,3.367609999999999770e-01,3.913500000000000312e-02,1.510849999999999971e-01,5.588079999999999714e-01,4.458440000000000181e-01,5.168779999999999486e-01,1.442779999999999896e-01,-8.638099999999999945e-02,1.540320000000000022e-01,1.608310000000000017e-01,3.021630000000000149e-01,3.534909999999999997e-01,1.556859999999999911e-01,-5.015200000000000213e-02,3.966720000000000246e-01,1.489630000000000121e-01,1.592610000000000137e-01,-4.538199999999999873e-02,5.057260000000000089e-01,2.731509999999999772e-01,1.642790000000000084e-01,2.041270000000000029e-01,2.452519999999999978e-01,4.232489999999999863e-01,-5.662999999999999631e-03,-4.882659999999999778e-01,-1.531409999999999993e-01,-2.634520000000000195e-01,6.139040000000000052e-01,2.059279999999999999e-01,-4.118260000000000254e-01,3.736799999999999844e-02,1.175609999999999988e-01,-2.241209999999999869e-01,-1.885719999999999896e-01,1.698659999999999892e-01,4.740929999999999866e-01,-4.210300000000000153e-02,-1.217020000000000046e-01,-3.329200000000000215e-02,-1.613890000000000047e-01,-3.260759999999999770e-01,-4.715389999999999859e-01,-1.331060000000000021e-01,-1.909450000000000036e-01,-2.422590000000000021e-01,2.987199999999999925e-02,2.179989999999999983e-01,-3.524860000000000215e-01,-1.769590000000000052e-01,-3.578290000000000082e-01,1.862250000000000016e-01,-1.717859999999999943e-01,2.155809999999999949e-01,1.115599999999999925e-02,2.058770000000000044e-01,7.795900000000000052e-02,-2.086000000000000180e-03,-5.009199999999999764e-02,3.054540000000000033e-01,2.562199999999999894e-02,-6.596899999999999986e-02,-1.130140000000000033e-01,-2.339300000000000060e-02,-1.097589999999999955e-01,-3.339860000000000051e-01,1.294079999999999953e-01
1.822159999999999891e-01,4.396900000000000114e-02,-1.082299999999999929e-02,5.539920000000000400e-01,1.000000000000000000e+00,3.922400000000000192e-02,4.716750000000000109e-01,-1.350729999999999986e-01,4.790800000000000058e-01,8.749300000000000133e-02,2.336409999999999876e-01,-5.562199999999999783e-02,2.556599999999999984e-01,5.587259999999999449e-01,3.076470000000000038e-01,6.048400000000000304e-02,-1.837030000000000052e-01,1.556299999999999906e-01,7.722500000000000198e-02,3.656249999999999778e-01,3.653609999999999913e-01,2.783550000000000191e-01,1.295830000000000037e-01,1.391600000000000059e-01,2.699779999999999958e-01,-6.611899999999999722e-02,4.503639999999999866e-01,4.465700000000000225e-01,6.227019999999999778e-01,2.780940000000000079e-01,3.048440000000000039e-01,1.279849999999999877e-01,3.704589999999999828e-01,2.654600000000000015e-02,-5.576330000000000453e-01,-2.034519999999999940e-01,-2.662959999999999772e-01,5.262539999999999996e-01,1.814800000000000094e-02,-4.322759999999999936e-01,-6.455999999999999933e-03,-1.924859999999999904e-01,-2.355549999999999866e-01,-1.395800000000000096e-01,-2.521299999999999930e-02,4.350049999999999750e-01,9.013899999999999690e-02,-6.670299999999999840e-02,-2.541470000000000118e-01,3.283679999999999932e-01,-1.850179999999999880e-01,-5.689299999999999913e-02,-2.172429999999999917e-01,8.341700000000000503e-02,-1.786129999999999940e-01,4.570799999999999863e-02,2.938000000000000073e-03,-2.874639999999999973e-01,1.821899999999999908e-02,-4.614389999999999881e-01,2.649969999999999826e-01,-2.962850000000000206e-01,1.813680000000000014e-01,-8.866999999999999882e-03,2.919419999999999793e-01,1.177320000000000033e-01,2.160000000000000114e-02,1.427569999999999950e-01,-8.243999999999999592e-03,4.234199999999999769e-02,-2.944200000000000150e-01,2.647050000000000236e-01,8.613999999999999435e-02,1.851839999999999875e-01,-1.819209999999999994e-01,1.940780000000000005e-01
-5.178949999999999942e-01,7.734379999999999589e-01,1.289389999999999981e-01,2.762600000000000125e-02,3.922400000000000192e-02,1.000000000000000000e+00,1.090050000000000047e-01,7.877560000000000118e-01,2.664599999999999955e-02,4.514290000000000247e-01,1.908829999999999971e-01,5.825249999999999595e-01,3.553020000000000067e-01,2.196420000000000039e-01,-1.397699999999999984e-02,-8.851100000000000634e-02,1.741459999999999952e-01,1.559369999999999923e-01,3.448109999999999786e-01,5.494299999999999878e-02,-2.874970000000000026e-01,-8.609200000000000186e-02,6.408810000000000340e-01,8.347000000000000253e-02,4.745530000000000026e-01,5.939400000000000235e-01,2.601019999999999999e-01,-2.110199999999999923e-02,8.387000000000000358e-03,-2.260139999999999927e-01,-5.451359999999999539e-01,2.544999999999999953e-03,1.226410000000000000e-01,3.846600000000000019e-02,-2.953259999999999774e-01,4.506609999999999783e-01,-9.579600000000000615e-02,5.031299999999999661e-02,-3.582540000000000169e-01,-1.306750000000000134e-01,1.523900000000000081e-02,-1.299539999999999862e-01,2.361880000000000090e-01,-3.643620000000000192e-01,-2.410329999999999973e-01,-5.325619999999999798e-01,2.184059999999999890e-01,2.057410000000000072e-01,6.166800000000000059e-02,1.160500000000000073e-02,4.414170000000000038e-01,-1.633809999999999985e-01,6.208869999999999667e-01,2.230400000000000091e-02,-3.252599999999999936e-02,1.519629999999999870e-01,4.278970000000000273e-01,-3.169170000000000043e-01,1.427400000000000023e-02,-2.679050000000000042e-01,-5.872389999999999555e-01,-2.883290000000000020e-01,-3.880000000000000115e-01,3.270759999999999779e-01,-4.698129999999999806e-01,-5.934840000000000115e-01,-4.294330000000000092e-01,1.950530000000000042e-01,-1.929800000000000126e-01,1.289349999999999941e-01,-9.658500000000000418e-02,6.538999999999999674e-03,-1.358560000000000045e-01,-4.621000000000000107e-01,-1.442350000000000021e-01,-6.596319999999999961e-01
-1.269849999999999868e-01,2.693749999999999756e-01,-2.583880000000000066e-01,1.176910000000000039e-01,4.716750000000000109e-01,1.090050000000000047e-01,1.000000000000000000e+00,-2.291459999999999886e-01,-9.416199999999999570e-02,6.756099999999999606e-02,-2.458430000000000060e-01,-2.765020000000000255e-01,-3.956500000000000294e-02,7.580199999999999438e-02,-1.148099999999999989e-02,9.906399999999999928e-02,1.140799999999999974e-02,3.469780000000000086e-01,-2.127660000000000107e-01,-1.051350000000000062e-01,-1.193840000000000040e-01,6.549599999999999866e-02,-9.297999999999999321e-02,-3.043489999999999807e-01,2.485429999999999862e-01,-1.564859999999999862e-01,4.795050000000000145e-01,-7.812199999999999700e-02,5.222630000000000328e-01,-1.592590000000000117e-01,1.000309999999999949e-01,5.948500000000000315e-02,2.069159999999999888e-01,2.091729999999999978e-01,-3.920400000000000273e-02,-1.407229999999999870e-01,-1.564250000000000085e-01,1.967430000000000012e-01,3.230199999999999738e-02,6.444099999999999828e-02,1.134349999999999942e-01,-9.789000000000000826e-03,-1.460410000000000041e-01,8.157399999999999374e-02,1.212809999999999999e-01,-1.267199999999999924e-02,3.807280000000000109e-01,-2.192840000000000067e-01,-1.276370000000000005e-01,8.916499999999999426e-02,-1.719400000000000095e-02,3.423789999999999889e-01,-2.708740000000000037e-01,-2.299819999999999920e-01,1.696830000000000005e-01,-2.517989999999999950e-01,-2.532229999999999759e-01,-1.311569999999999958e-01,-6.190199999999999869e-02,-1.570890000000000064e-01,1.177949999999999969e-01,-1.269900000000000022e-02,1.320359999999999867e-01,-2.787859999999999783e-01,-4.004300000000000220e-02,-1.486969999999999958e-01,-1.435000000000000078e-03,-9.575400000000000578e-02,-4.171630000000000060e-01,1.696860000000000035e-01,-3.044600000000000084e-01,3.352769999999999917e-01,-1.351070000000000049e-01,1.928999999999999881e-01,-1.814790000000000014e-01,3.810399999999999898e-02
-5.990389999999999882e-01,3.769730000000000025e-01,1.622119999999999951e-01,-4.964099999999999763e-02,-1.350729999999999986e-01,7.877560000000000118e-01,-2.291459999999999886e-01,1.000000000000000000e+00,9.796100000000000640e-02,2.726009999999999822e-01,2.758749999999999813e-01,7.482379999999999587e-01,2.419520000000000004e-01,1.970619999999999872e-01,-9.829999999999999849e-02,-3.859639999999999738e-01,5.356699999999999656e-02,-2.067340000000000011e-01,2.956670000000000131e-01,-2.254600000000000007e-02,-1.978010000000000046e-01,-2.868479999999999919e-01,6.863460000000000116e-01,1.738969999999999960e-01,9.533899999999999320e-02,4.386010000000000186e-01,-1.779700000000000032e-02,-5.021899999999999975e-02,-4.123229999999999951e-01,-2.332559999999999911e-01,-6.987529999999999575e-01,-1.929599999999999926e-01,-6.418400000000000494e-02,-1.721860000000000057e-01,-2.262609999999999899e-01,5.015410000000000146e-01,7.568099999999999827e-02,-9.250300000000000189e-02,-4.317860000000000031e-01,-1.462910000000000044e-01,-1.430240000000000122e-01,-1.725389999999999979e-01,3.792079999999999895e-01,-2.248050000000000048e-01,-1.785329999999999973e-01,-5.876099999999999657e-01,-6.305600000000000094e-02,2.176690000000000014e-01,2.375750000000000084e-01,8.516799999999999371e-02,4.603099999999999969e-01,-3.248559999999999781e-01,9.019040000000000390e-01,1.929730000000000056e-01,-1.268890000000000018e-01,2.322690000000000032e-01,6.502879999999999772e-01,-2.042039999999999966e-01,1.855080000000000062e-01,-1.814769999999999994e-01,-7.154409999999999936e-01,-2.065299999999999914e-01,-5.214229999999999698e-01,3.577099999999999724e-01,-5.056619999999999449e-01,-4.205420000000000269e-01,-5.074809999999999599e-01,3.273059999999999858e-01,1.060159999999999991e-01,-8.597299999999999387e-02,-2.625900000000000109e-02,-1.267139999999999933e-01,-2.572800000000000087e-02,-6.093899999999999872e-01,-2.961999999999999789e-03,-6.801049999999999596e-01
1.278799999999999937e-01,6.948000000000000183e-03,4.282309999999999728e-01,1.583670000000000078e-01,4.790800000000000058e-01,2.664599999999999955e-02,-9.416199999999999570e-02,9.796100000000000640e-02,1.000000000000000000e+00,8.546900000000000330e-02,6.048210000000000530e-01,2.026630000000000098e-01,1.661249999999999949e-01,3.414400000000000213e-01,2.081300000000000164e-02,-9.303799999999999570e-02,8.470900000000000651e-02,-2.225500000000000048e-02,4.426479999999999859e-01,4.043419999999999792e-01,2.556370000000000031e-01,2.394640000000000102e-01,1.613449999999999884e-01,2.351310000000000067e-01,1.854389999999999927e-01,9.536899999999999544e-02,1.652230000000000087e-01,4.851440000000000197e-01,2.406320000000000126e-01,5.173489999999999478e-01,1.118849999999999983e-01,-1.379299999999999971e-01,6.146700000000000080e-02,-1.881499999999999839e-02,-4.086770000000000125e-01,1.019100000000000041e-02,-3.148299999999999710e-02,1.783339999999999925e-01,-2.024330000000000018e-01,-2.517530000000000046e-01,-4.557900000000000146e-02,-3.354440000000000199e-01,-4.818200000000000260e-02,-1.941819999999999935e-01,-3.033799999999999830e-01,1.848740000000000105e-01,-2.097739999999999883e-01,3.032320000000000015e-01,-1.945079999999999865e-01,5.177469999999999573e-01,-5.235700000000000076e-02,-1.081440000000000040e-01,2.794900000000000162e-02,7.306359999999999522e-01,-4.788300000000000195e-02,4.400319999999999787e-01,1.167799999999999949e-01,-3.853600000000000081e-02,1.452350000000000030e-01,-2.953479999999999994e-01,6.949099999999999722e-02,-1.736040000000000083e-01,1.268099999999999956e-02,4.774240000000000150e-01,2.148780000000000134e-01,1.675389999999999935e-01,1.828999999999999897e-03,1.147070000000000034e-01,1.093220000000000025e-01,-8.373000000000000234e-03,-1.290640000000000120e-01,1.117960000000000065e-01,4.356510000000000105e-01,9.689699999999999702e-02,2.836299999999999932e-01,1.288719999999999866e-01
-1.110929999999999973e-01,4.804189999999999849e-01,1.598080000000000056e-01,3.367609999999999770e-01,8.749300000000000133e-02,4.514290000000000247e-01,6.756099999999999606e-02,2.726009999999999822e-01,8.546900000000000330e-02,1.000000000000000000e+00,2.181520000000000126e-01,4.071549999999999891e-01,2.949390000000000067e-01,5.799699999999999994e-02,1.646900000000000031e-01,1.102800000000000030e-01,4.428349999999999786e-01,4.128379999999999828e-01,3.809960000000000013e-01,2.350000000000000092e-03,-2.802430000000000199e-01,-6.219899999999999735e-02,-2.514500000000000068e-02,3.878829999999999778e-01,5.229209999999999692e-01,6.214399999999999924e-01,-7.117000000000000062e-03,5.427799999999999986e-02,-2.043299999999999977e-02,4.994599999999999734e-02,-1.642180000000000029e-01,8.637799999999999645e-02,3.110740000000000172e-01,-9.091000000000000122e-03,-1.665760000000000018e-01,8.051700000000000523e-02,-2.400410000000000044e-01,2.755630000000000024e-01,-2.786299999999999888e-02,-8.202399999999999969e-02,-1.117680000000000062e-01,8.815900000000000125e-02,-3.658900000000000347e-02,-3.102539999999999742e-01,-5.428600000000000092e-02,-1.004079999999999973e-01,-1.347399999999999987e-02,2.916730000000000156e-01,-2.722400000000000167e-02,4.317100000000000104e-02,-2.454139999999999933e-01,-3.405190000000000161e-01,4.324100000000000166e-02,5.455800000000000233e-02,1.192290000000000016e-01,1.666809999999999958e-01,1.949849999999999917e-01,-4.865829999999999878e-01,-2.978799999999999781e-01,-1.653360000000000107e-01,-2.505820000000000269e-01,1.858999999999999889e-02,-2.050000000000000086e-02,3.665249999999999897e-01,-1.920640000000000125e-01,-4.569710000000000161e-01,-2.163029999999999953e-01,-3.779779999999999807e-01,3.541300000000000003e-02,8.166700000000000348e-02,-1.615620000000000112e-01,-1.580360000000000098e-01,-2.677979999999999805e-01,-4.181920000000000082e-01,-1.043759999999999966e-01,-2.364100000000000090e-01
1.199400000000000049e-01,2.296030000000000015e-01,8.111159999999999481e-01,3.913500000000000312e-02,2.336409999999999876e-01,1.908829999999999971e-01,-2.458430000000000060e-01,2.758749999999999813e-01,6.048210000000000530e-01,2.181520000000000126e-01,1.000000000000000000e+00,1.594009999999999871e-01,5.052000000000000067e-03,2.679320000000000035e-01,-1.652359999999999940e-01,-1.728190000000000004e-01,1.068069999999999992e-01,-3.745300000000000018e-02,7.699920000000000098e-01,3.108609999999999984e-01,-9.802299999999999902e-02,2.141049999999999898e-01,2.894269999999999898e-01,1.207639999999999963e-01,3.481790000000000163e-01,3.076209999999999778e-01,1.630679999999999907e-01,1.797449999999999881e-01,-5.900899999999999895e-02,3.909099999999999797e-01,-8.231299999999999728e-02,-1.628149999999999875e-01,5.063700000000000145e-02,-4.268899999999999778e-02,-2.983109999999999928e-01,2.920309999999999850e-01,3.997499999999999665e-02,4.036999999999999790e-03,-2.462699999999999889e-01,-2.427219999999999933e-01,-1.393369999999999886e-01,-1.381390000000000118e-01,1.888090000000000046e-01,-3.249679999999999791e-01,-4.669679999999999942e-01,-2.895199999999999857e-02,-1.236690000000000011e-01,7.933059999999999556e-01,-6.846499999999999808e-02,5.016289999999999916e-01,-1.235440000000000010e-01,-5.969999999999999829e-04,1.740800000000000125e-01,6.047270000000000145e-01,1.081020000000000036e-01,7.579150000000000054e-01,-9.790000000000000091e-03,-3.571900000000000075e-01,1.634919999999999984e-01,-2.773510000000000142e-01,-2.251940000000000053e-01,-2.649619999999999753e-01,-2.397870000000000001e-01,7.304049999999999709e-01,-7.630699999999999983e-02,-2.097920000000000063e-01,-5.605999999999999872e-02,7.407600000000000295e-02,-1.112039999999999973e-01,-1.041199999999999938e-02,-3.074689999999999923e-01,1.450940000000000007e-01,1.066219999999999946e-01,-2.306239999999999957e-01,3.204759999999999831e-01,-1.158209999999999934e-01
-4.083760000000000168e-01,1.802159999999999873e-01,1.653030000000000055e-01,1.510849999999999971e-01,-5.562199999999999783e-02,5.825249999999999595e-01,-2.765020000000000255e-01,7.482379999999999587e-01,2.026630000000000098e-01,4.071549999999999891e-01,1.594009999999999871e-01,1.000000000000000000e+00,3.897860000000000213e-01,2.118649999999999978e-01,2.252389999999999948e-01,-2.323479999999999990e-01,1.872070000000000123e-01,-1.503589999999999927e-01,2.864900000000000224e-01,1.109949999999999964e-01,-1.770289999999999919e-01,-1.678739999999999954e-01,3.667480000000000184e-01,5.205549999999999899e-01,-3.160999999999999921e-02,5.836820000000000341e-01,-1.526609999999999912e-01,1.349349999999999994e-01,-3.931979999999999920e-01,-1.295699999999999977e-02,-4.949379999999999891e-01,-5.845399999999999902e-02,1.511820000000000108e-01,-3.802500000000000324e-02,-2.542730000000000268e-01,3.759739999999999749e-01,8.059600000000000097e-02,1.703590000000000104e-01,-2.759010000000000074e-01,-1.632919999999999927e-01,-6.028900000000000231e-02,2.591299999999999853e-02,2.273989999999999900e-01,-1.529079999999999884e-01,1.133600000000000059e-02,-3.631570000000000076e-01,-3.765080000000000093e-01,1.704890000000000017e-01,2.136889999999999901e-01,2.258100000000000038e-02,1.287399999999999933e-01,-5.194450000000000456e-01,5.733030000000000070e-01,1.788510000000000100e-01,-2.831710000000000060e-01,1.820539999999999936e-01,8.751940000000000275e-01,-2.176170000000000049e-01,-4.208300000000000235e-02,-1.909200000000000133e-02,-6.118679999999999675e-01,-1.536180000000000045e-01,-4.044949999999999934e-01,2.619670000000000054e-01,-2.437549999999999994e-01,-3.802570000000000117e-01,-3.830120000000000191e-01,1.139669999999999989e-01,3.306919999999999860e-01,-3.804199999999999804e-01,6.688999999999999634e-03,-3.348749999999999782e-01,1.289799999999999974e-02,-6.378489999999999993e-01,-2.014499999999999971e-02,-4.991769999999999818e-01
-7.957400000000000584e-02,1.850900000000000045e-01,-6.843699999999999783e-02,5.588079999999999714e-01,2.556599999999999984e-01,3.553020000000000067e-01,-3.956500000000000294e-02,2.419520000000000004e-01,1.661249999999999949e-01,2.949390000000000067e-01,5.052000000000000067e-03,3.897860000000000213e-01,1.000000000000000000e+00,2.839209999999999789e-01,4.242810000000000192e-01,3.729480000000000017e-01,2.078879999999999895e-01,3.521380000000000066e-01,2.497919999999999863e-01,3.975290000000000212e-01,2.123760000000000092e-01,1.663949999999999874e-01,1.496919999999999917e-01,3.853340000000000098e-01,1.310260000000000036e-01,4.407510000000000039e-01,-1.266750000000000098e-01,7.436949999999999950e-01,2.117320000000000035e-01,7.870099999999999318e-02,-8.051700000000000523e-02,2.763309999999999933e-01,2.969060000000000032e-01,3.955700000000000188e-02,-5.698990000000000444e-01,1.104109999999999953e-01,-9.792199999999999516e-02,4.306740000000000013e-01,6.679000000000000041e-03,-4.025739999999999874e-01,1.215379999999999933e-01,-9.407799999999999496e-02,8.019999999999999785e-04,-2.577670000000000239e-01,3.557099999999999845e-02,1.168050000000000060e-01,-6.640999999999999681e-02,-1.086089999999999972e-01,-1.281760000000000121e-01,-3.359900000000000109e-01,7.486900000000000499e-02,-5.162600000000000522e-01,1.996829999999999994e-01,-1.581690000000000040e-01,-2.460179999999999867e-01,-3.888899999999999996e-02,4.151529999999999943e-01,-1.135500000000000051e-02,-2.147350000000000092e-01,-3.442109999999999892e-01,5.261300000000000004e-02,-9.490999999999999437e-02,2.426180000000000003e-01,1.318509999999999960e-01,3.402999999999999775e-02,-6.012699999999999989e-02,-1.831560000000000132e-01,8.246299999999999464e-02,2.822540000000000049e-01,7.771400000000000530e-02,2.162519999999999998e-01,-2.306340000000000057e-01,3.118850000000000233e-01,-1.496210000000000040e-01,-2.733329999999999926e-01,-1.865360000000000074e-01
5.186400000000000038e-02,1.227189999999999948e-01,1.702420000000000044e-01,4.458440000000000181e-01,5.587259999999999449e-01,2.196420000000000039e-01,7.580199999999999438e-02,1.970619999999999872e-01,3.414400000000000213e-01,5.799699999999999994e-02,2.679320000000000035e-01,2.118649999999999978e-01,2.839209999999999789e-01,1.000000000000000000e+00,2.063599999999999879e-01,-1.227749999999999952e-01,-1.022829999999999989e-01,-1.778800000000000173e-02,2.731290000000000107e-01,3.023669999999999969e-01,1.866259999999999863e-01,9.611500000000000599e-02,2.524629999999999930e-01,1.383659999999999890e-01,1.746020000000000072e-01,1.209049999999999986e-01,1.277010000000000089e-01,3.544329999999999981e-01,1.393040000000000112e-01,1.532519999999999993e-01,1.324999999999999963e-02,1.153060000000000057e-01,1.042450000000000043e-01,-2.745600000000000124e-02,-4.467530000000000112e-01,3.059819999999999762e-01,1.525040000000000007e-01,2.644810000000000216e-01,2.216000000000000088e-03,-4.430160000000000209e-01,-6.575300000000000589e-02,-1.837640000000000107e-01,1.091329999999999939e-01,-1.954900000000000040e-02,-1.593970000000000109e-01,1.314210000000000100e-01,-4.569299999999999751e-02,1.060259999999999952e-01,-1.812600000000000044e-01,2.466689999999999994e-01,3.645700000000000329e-02,-1.453889999999999905e-01,1.378759999999999986e-01,4.894600000000000339e-02,-2.446969999999999978e-01,1.899939999999999962e-01,2.716169999999999973e-01,-1.632770000000000055e-01,2.240459999999999952e-01,-2.905699999999999950e-01,-1.074319999999999997e-01,-2.774869999999999837e-01,-7.925899999999999612e-02,1.352369999999999961e-01,-4.188499999999999862e-02,-6.586899999999999700e-02,-2.383000000000000118e-01,1.649899999999999978e-01,8.918500000000000039e-02,-6.775000000000000466e-02,-1.800779999999999881e-01,-6.275400000000000422e-02,1.510440000000000116e-01,-1.777310000000000001e-01,-1.273859999999999992e-01,-1.002620000000000039e-01
1.145199999999999968e-01,-1.481790000000000052e-01,-1.805360000000000020e-01,5.168779999999999486e-01,3.076470000000000038e-01,-1.397699999999999984e-02,-1.148099999999999989e-02,-9.829999999999999849e-02,2.081300000000000164e-02,1.646900000000000031e-01,-1.652359999999999940e-01,2.252389999999999948e-01,4.242810000000000192e-01,2.063599999999999879e-01,1.000000000000000000e+00,7.998800000000000354e-02,-2.224790000000000101e-01,-4.339900000000000008e-02,1.001999999999999939e-02,4.013869999999999938e-01,2.637650000000000272e-01,2.870349999999999846e-01,-9.292899999999999772e-02,3.641889999999999850e-01,-2.242699999999999902e-02,9.457899999999999641e-02,-7.775400000000000367e-02,3.434070000000000178e-01,2.031669999999999865e-01,2.135849999999999971e-01,1.033280000000000032e-01,2.659719999999999862e-01,3.466489999999999849e-01,-4.751299999999999968e-02,-3.142050000000000121e-01,-2.956380000000000119e-01,-3.445750000000000202e-01,5.720439999999999969e-01,2.455469999999999875e-01,-4.189939999999999776e-01,-3.452000000000000207e-03,1.553360000000000019e-01,-3.096860000000000168e-01,-2.404779999999999973e-01,2.116000000000000103e-01,3.431080000000000241e-01,-1.065040000000000014e-01,-2.420279999999999931e-01,5.032099999999999768e-02,-3.112429999999999919e-01,-3.057489999999999930e-01,-4.959259999999999780e-01,-1.682649999999999979e-01,-3.114419999999999966e-01,-4.702899999999999858e-01,-8.761800000000000144e-02,3.367879999999999763e-01,-3.341950000000000198e-01,-4.399890000000000190e-01,1.887540000000000051e-01,1.521460000000000035e-01,-2.508759999999999879e-01,5.342100000000000320e-02,-9.542899999999999994e-02,3.899449999999999861e-01,5.223900000000000071e-02,2.802520000000000011e-01,-2.408700000000000077e-02,2.273920000000000108e-01,-1.300769999999999982e-01,-3.867000000000000211e-03,-1.153799999999999965e-01,-1.286970000000000058e-01,-6.284900000000000209e-02,-3.037869999999999737e-01,1.484030000000000071e-01
3.957849999999999979e-01,1.767680000000000085e-01,-5.412800000000000250e-02,1.442779999999999896e-01,6.048400000000000304e-02,-8.851100000000000634e-02,9.906399999999999928e-02,-3.859639999999999738e-01,-9.303799999999999570e-02,1.102800000000000030e-01,-1.728190000000000004e-01,-2.323479999999999990e-01,3.729480000000000017e-01,-1.227749999999999952e-01,7.998800000000000354e-02,1.000000000000000000e+00,5.112269999999999870e-01,8.356810000000000072e-01,4.760299999999999948e-02,2.009549999999999947e-01,8.320400000000000018e-02,4.335060000000000024e-01,-2.652970000000000050e-01,-2.474399999999999863e-02,3.397279999999999744e-01,3.128389999999999782e-01,1.373649999999999871e-01,3.346999999999999975e-01,4.533369999999999900e-01,3.512500000000000344e-02,5.274379999999999624e-01,5.997470000000000301e-01,2.920920000000000183e-01,3.891270000000000007e-01,-2.752699999999999939e-02,-7.165599999999999747e-02,-6.308999999999999331e-02,8.430799999999999406e-02,3.109910000000000174e-01,1.657140000000000002e-01,3.724500000000000033e-01,8.243799999999999739e-02,-1.101550000000000029e-01,5.830899999999999972e-02,-1.885900000000000076e-02,2.346290000000000042e-01,1.432100000000000040e-02,-7.604500000000000148e-02,-2.526809999999999889e-01,-2.581240000000000201e-01,-1.644750000000000101e-01,2.667399999999999979e-02,-4.725110000000000143e-01,-1.263509999999999911e-01,5.473800000000000193e-02,-1.344329999999999969e-01,-2.618750000000000244e-01,1.834540000000000060e-01,-1.404140000000000110e-01,7.020300000000000151e-02,4.919950000000000156e-01,1.917570000000000108e-01,5.311139999999999750e-01,-5.795999999999999937e-03,2.856440000000000090e-01,-2.915000000000000056e-03,2.520189999999999930e-01,-2.446969999999999978e-01,-1.307129999999999959e-01,1.825829999999999953e-01,1.668890000000000096e-01,1.763299999999999937e-02,1.470660000000000023e-01,2.702729999999999855e-01,-9.102799999999999780e-02,2.909820000000000184e-01
-2.413000000000000214e-03,3.470090000000000119e-01,2.086040000000000116e-01,-8.638099999999999945e-02,-1.837030000000000052e-01,1.741459999999999952e-01,1.140799999999999974e-02,5.356699999999999656e-02,8.470900000000000651e-02,4.428349999999999786e-01,1.068069999999999992e-01,1.872070000000000123e-01,2.078879999999999895e-01,-1.022829999999999989e-01,-2.224790000000000101e-01,5.112269999999999870e-01,1.000000000000000000e+00,6.920530000000000292e-01,2.498879999999999990e-01,-2.748499999999999902e-02,-3.652360000000000051e-01,8.656700000000000506e-02,-2.871319999999999983e-01,1.237229999999999996e-01,3.174779999999999824e-01,6.090100000000000513e-01,-1.188779999999999976e-01,1.092680000000000040e-01,-8.564099999999999491e-02,1.979900000000000063e-02,5.353000000000000119e-03,3.029959999999999876e-01,2.700999999999999842e-03,1.944770000000000110e-01,1.662879999999999914e-01,3.783139999999999836e-01,3.152389999999999914e-01,-1.999519999999999909e-01,1.851760000000000073e-01,1.906319999999999959e-01,9.846900000000000097e-02,-1.125390000000000001e-01,2.057700000000000085e-01,9.934300000000000075e-02,-2.282760000000000067e-01,-2.630279999999999840e-01,-3.022909999999999764e-01,2.824840000000000129e-01,-1.263900000000000023e-01,6.008700000000000152e-02,-1.706070000000000086e-01,-4.299100000000000144e-02,-1.618449999999999889e-01,2.501740000000000075e-01,2.258409999999999862e-01,1.412349999999999994e-01,-1.574000000000000095e-03,1.357800000000000118e-01,-1.808699999999999891e-02,1.809429999999999927e-01,-9.156200000000000450e-02,3.500320000000000098e-01,1.727950000000000041e-01,2.856009999999999938e-01,-1.027210000000000067e-01,-3.778540000000000232e-01,-8.813400000000000400e-02,-5.160679999999999712e-01,-1.160159999999999941e-01,-7.178299999999999959e-02,5.657800000000000329e-02,-3.051749999999999741e-01,1.703449999999999964e-01,-2.057920000000000027e-01,2.944120000000000070e-01,-4.835699999999999721e-02
2.074840000000000018e-01,4.771449999999999858e-01,2.477999999999999994e-02,1.540320000000000022e-01,1.556299999999999906e-01,1.559369999999999923e-01,3.469780000000000086e-01,-2.067340000000000011e-01,-2.225500000000000048e-02,4.128379999999999828e-01,-3.745300000000000018e-02,-1.503589999999999927e-01,3.521380000000000066e-01,-1.778800000000000173e-02,-4.339900000000000008e-02,8.356810000000000072e-01,6.920530000000000292e-01,1.000000000000000000e+00,1.760529999999999873e-01,8.441500000000000392e-02,-1.396519999999999984e-01,3.113900000000000001e-01,-2.311060000000000059e-01,-3.318000000000000116e-02,6.087390000000000301e-01,4.758249999999999980e-01,2.239800000000000124e-01,2.210779999999999967e-01,4.393190000000000150e-01,-7.256200000000000150e-02,2.999100000000000099e-01,5.104549999999999921e-01,3.108150000000000079e-01,3.540099999999999913e-01,-4.934899999999999703e-02,6.042800000000000255e-02,-9.882699999999999818e-02,1.162239999999999940e-01,2.424640000000000128e-01,1.464840000000000031e-01,2.706660000000000177e-01,8.507999999999999938e-03,-8.304300000000000570e-02,-4.620200000000000001e-02,-1.052820000000000006e-01,4.289899999999999963e-02,1.066980000000000012e-01,6.781299999999999828e-02,-2.874530000000000141e-01,-1.126059999999999978e-01,-1.792590000000000017e-01,5.985700000000000048e-02,-3.829370000000000274e-01,-6.453000000000000402e-02,2.122650000000000092e-01,-6.308300000000000018e-02,-2.899479999999999835e-01,-1.461900000000000005e-02,-1.306160000000000099e-01,-7.171700000000000297e-02,2.848649999999999793e-01,2.196210000000000107e-01,4.475649999999999906e-01,1.392529999999999879e-01,2.214500000000000149e-02,-2.763030000000000208e-01,5.100199999999999873e-02,-3.993180000000000063e-01,-2.755349999999999744e-01,2.809059999999999890e-01,-2.321700000000000153e-02,2.878199999999999856e-02,2.834300000000000014e-02,9.510100000000000497e-02,-1.031510000000000066e-01,1.079869999999999997e-01
7.618600000000000372e-02,4.114809999999999857e-01,7.272819999999999840e-01,1.608310000000000017e-01,7.722500000000000198e-02,3.448109999999999786e-01,-2.127660000000000107e-01,2.956670000000000131e-01,4.426479999999999859e-01,3.809960000000000013e-01,7.699920000000000098e-01,2.864900000000000224e-01,2.497919999999999863e-01,2.731290000000000107e-01,1.001999999999999939e-02,4.760299999999999948e-02,2.498879999999999990e-01,1.760529999999999873e-01,1.000000000000000000e+00,3.795839999999999770e-01,-1.925739999999999952e-01,3.358619999999999939e-01,2.355299999999999894e-01,1.161539999999999934e-01,4.527559999999999918e-01,4.889560000000000017e-01,1.092650000000000010e-01,3.011789999999999745e-01,-3.427299999999999791e-02,3.415909999999999780e-01,-6.480099999999999749e-02,9.053700000000000636e-02,1.844679999999999931e-01,1.352750000000000064e-01,-3.603109999999999924e-01,3.534789999999999877e-01,-2.977199999999999985e-02,1.214319999999999983e-01,-7.105799999999999617e-02,-1.363989999999999925e-01,3.725300000000000139e-02,-1.327999999999999970e-03,2.218219999999999914e-01,-3.655349999999999988e-01,-3.358349999999999946e-01,-8.872499999999999831e-02,-4.409999999999999858e-03,7.119010000000000060e-01,-5.675600000000000089e-02,1.807670000000000110e-01,-7.137000000000000288e-02,-6.824700000000000211e-02,1.663759999999999961e-01,4.380359999999999809e-01,1.605910000000000115e-01,6.548760000000000137e-01,1.208270000000000038e-01,-3.944210000000000216e-01,5.911099999999999688e-02,-2.376469999999999971e-01,-2.480020000000000002e-01,-1.967740000000000045e-01,-1.607729999999999992e-01,8.784370000000000234e-01,-9.270899999999999974e-02,-3.484320000000000195e-01,-6.084099999999999925e-02,-1.751300000000000079e-02,-1.053690000000000043e-01,1.074709999999999971e-01,-2.272710000000000008e-01,7.697299999999999975e-02,1.264790000000000081e-01,-2.760730000000000128e-01,1.917230000000000045e-01,-1.659180000000000099e-01
7.211599999999999955e-02,9.561300000000000354e-02,2.953740000000000254e-01,3.021630000000000149e-01,3.656249999999999778e-01,5.494299999999999878e-02,-1.051350000000000062e-01,-2.254600000000000007e-02,4.043419999999999792e-01,2.350000000000000092e-03,3.108609999999999984e-01,1.109949999999999964e-01,3.975290000000000212e-01,3.023669999999999969e-01,4.013869999999999938e-01,2.009549999999999947e-01,-2.748499999999999902e-02,8.441500000000000392e-02,3.795839999999999770e-01,1.000000000000000000e+00,1.263559999999999961e-01,8.177640000000000464e-01,1.184869999999999951e-01,-3.592100000000000154e-02,2.223610000000000031e-01,1.254399999999999959e-01,2.934640000000000026e-01,5.750480000000000036e-01,3.793590000000000018e-01,5.358950000000000102e-01,2.822450000000000236e-01,2.360289999999999888e-01,1.433250000000000079e-01,3.869899999999999729e-02,-5.247159999999999602e-01,9.532000000000000195e-02,-7.270999999999999686e-03,2.034580000000000000e-01,7.919900000000000551e-02,-3.259920000000000040e-01,2.439099999999999949e-02,-9.714599999999999624e-02,8.027700000000000113e-02,-3.345599999999999963e-02,-3.411029999999999895e-01,1.555249999999999966e-01,-1.198039999999999938e-01,1.694170000000000120e-01,3.792999999999999844e-02,-7.043800000000000061e-02,-1.307439999999999991e-01,-1.426830000000000043e-01,-7.862600000000000144e-02,1.246499999999999969e-01,-2.143190000000000095e-01,2.285899999999999876e-01,9.562600000000000267e-02,-1.404839999999999978e-01,-5.023299999999999987e-02,1.673900000000000041e-02,1.054889999999999994e-01,-3.545909999999999895e-01,-6.411799999999999444e-02,2.399429999999999896e-01,5.938050000000000272e-01,-4.904599999999999932e-02,4.955829999999999957e-01,9.932399999999999562e-02,-1.928269999999999984e-01,-3.055499999999999883e-02,-1.622419999999999973e-01,1.847449999999999926e-01,3.627540000000000209e-01,1.112889999999999990e-01,2.467050000000000076e-01,1.738069999999999893e-01
