1.000000000000000000e+00,4.008669999999999733e-01,-5.761999999999999761e-02,-9.380499999999999949e-02,-4.692859999999999809e-01,2.165500000000000064e-02,-2.095269999999999910e-01,3.096900000000000000e-02,-5.323900000000000299e-01,5.587999999999999912e-02,-2.126460000000000017e-01,2.279190000000000105e-01,-9.951500000000000623e-02,-3.601329999999999809e-01,5.321320000000000494e-01,5.874430000000000485e-01,5.872089999999999810e-01,4.430540000000000034e-01,-3.164859999999999896e-01,5.687919999999999643e-01,4.734479999999999800e-01,6.316429999999999545e-01,1.637999999999999873e-02,4.991300000000000181e-01,6.320609999999999840e-01,6.121640000000000414e-01,2.828379999999999783e-01,2.188650000000000040e-01,1.784209999999999963e-01,4.999819999999999820e-01,6.653160000000000185e-01,3.146199999999999691e-02,3.950699999999999767e-01,4.659119999999999928e-01,-2.073659999999999948e-01,3.288240000000000052e-01,3.554600000000000121e-02,-5.503700000000000259e-02,1.860690000000000122e-01,2.836270000000000180e-01,1.696689999999999865e-01,-3.429429999999999978e-01,4.247159999999999824e-01,2.842099999999999835e-02,-2.122209999999999930e-01,9.073989999999999556e-01,3.208210000000000228e-01,-1.070190000000000030e-01,-3.853599999999999803e-01,-7.146800000000000375e-02,-3.722099999999999714e-02,-8.251699999999999313e-02,-9.067100000000000160e-02,-5.481009999999999494e-01,1.355240000000000056e-01,-2.515470000000000206e-01,2.213489999999999902e-01,9.002599999999999492e-02,-2.160459999999999881e-01,4.861559999999999770e-01,6.469810000000000283e-01,5.661810000000000453e-01,6.786119999999999930e-01,-2.432239999999999958e-01,6.466950000000000198e-01,5.377939999999999943e-01,6.411949999999999594e-01,-8.686199999999999477e-02,5.421839999999999993e-01,5.892509999999999692e-01,4.773859999999999770e-01,2.604790000000000161e-01,6.749779999999999669e-01,5.043860000000000010e-01,3.502629999999999910e-01,7.409299999999999775e-01
4.008669999999999733e-01,1.000000000000000000e+00,-1.005920000000000009e-01,-6.529699999999999394e-02,-3.145589999999999775e-01,8.097600000000000631e-02,2.968999999999999851e-03,1.022430000000000005e-01,-3.560030000000000139e-01,8.579799999999999927e-02,-2.283250000000000002e-01,1.918539999999999968e-01,1.954619999999999969e-01,-1.393520000000000036e-01,3.273099999999999898e-01,2.915179999999999993e-01,4.864939999999999820e-01,3.428059999999999996e-01,-2.753399999999999737e-01,2.894959999999999756e-01,4.469319999999999959e-01,3.966259999999999786e-01,2.215270000000000017e-01,2.709030000000000049e-01,5.047810000000000352e-01,6.096399999999999597e-01,3.610700000000000021e-02,2.689639999999999809e-01,1.277310000000000112e-01,3.469459999999999766e-01,3.232959999999999723e-01,-3.059500000000000067e-02,3.726840000000000153e-01,7.106300000000000117e-02,-2.369819999999999982e-01,4.045960000000000112e-01,1.366930000000000089e-01,-8.783499999999999641e-02,-5.072299999999999726e-02,1.055529999999999941e-01,-2.395819999999999894e-01,-2.748680000000000012e-01,3.746530000000000138e-01,1.680299999999999849e-02,-2.175149999999999861e-01,3.686320000000000152e-01,4.545449999999999768e-01,-1.358419999999999905e-01,-1.031890000000000029e-01,7.097900000000000043e-02,7.448699999999999766e-02,-1.135589999999999933e-01,1.464350000000000096e-01,-3.877820000000000156e-01,2.194199999999999970e-02,-2.363010000000000110e-01,1.933090000000000086e-01,7.725200000000000122e-02,-3.234029999999999960e-01,2.105319999999999969e-01,2.953319999999999834e-01,3.688879999999999937e-01,3.000929999999999986e-01,-2.249140000000000028e-01,2.419640000000000124e-01,4.109400000000000275e-01,2.689579999999999749e-01,1.683759999999999979e-01,3.086960000000000259e-01,3.245299999999999851e-01,3.909039999999999737e-01,-4.149599999999999816e-02,4.344709999999999961e-01,1.374249999999999916e-01,5.140299999999999730e-02,2.256130000000000080e-01
-5.761999999999999761e-02,-1.005920000000000009e-01,1.000000000000000000e+00,-1.132589999999999986e-01,4.777859999999999885e-01,7.429310000000000080e-01,3.718350000000000266e-01,1.854729999999999990e-01,6.759690000000000420e-01,-4.180479999999999752e-01,8.456740000000000368e-01,-5.539150000000000462e-01,6.738399999999999945e-01,2.950550000000000117e-01,-3.367970000000000130e-01,3.842369999999999952e-01,1.762249999999999928e-01,-1.084979999999999972e-01,7.636089999999999822e-01,4.245999999999999774e-02,1.015910000000000007e-01,-2.151200000000000057e-01,6.826919999999999655e-01,2.665939999999999976e-01,-4.345430000000000126e-01,-3.759719999999999729e-01,6.647729999999999473e-01,5.137859999999999649e-01,7.119680000000000453e-01,2.264410000000000034e-01,2.032849999999999935e-01,1.220659999999999940e-01,5.753899999999999987e-02,1.500829999999999942e-01,-3.505780000000000007e-01,2.656850000000000045e-01,-6.203399999999999886e-02,-4.243899999999999756e-02,-1.085900000000000060e-02,-5.673820000000000530e-01,6.018300000000000038e-02,3.949500000000000233e-02,1.778839999999999866e-01,-2.890440000000000231e-01,-7.087599999999999456e-02,-2.252810000000000090e-01,-5.791880000000000361e-01,9.440070000000000405e-01,-2.402029999999999998e-01,3.742429999999999923e-01,5.304060000000000441e-01,6.939499999999999835e-02,3.943269999999999831e-01,5.484529999999999683e-01,-3.601730000000000209e-01,8.114710000000000534e-01,-6.455469999999999819e-01,-2.991949999999999887e-01,-1.948709999999999887e-01,-5.923979999999999801e-01,-1.758039999999999881e-01,-2.185759999999999925e-01,-3.067329999999999779e-01,5.405529999999999502e-01,-3.463060000000000027e-01,-7.040100000000000524e-02,-4.617999999999999883e-01,5.690840000000000343e-01,-4.756380000000000052e-01,-4.381840000000000179e-01,-6.506110000000000504e-01,6.250040000000000040e-01,-1.737199999999999855e-02,6.857199999999999407e-02,-3.956790000000000029e-01,-2.335530000000000106e-01
-9.380499999999999949e-02,-6.529699999999999394e-02,-1.132589999999999986e-01,1.000000000000000000e+00,-7.442999999999999616e-02,-3.188480000000000203e-01,5.572740000000000471e-01,-1.920910000000000117e-01,-1.561099999999999988e-01,6.239820000000000366e-01,-1.014869999999999939e-01,4.975950000000000095e-01,2.200819999999999999e-01,4.629119999999999902e-01,-3.117469999999999963e-01,-3.422789999999999999e-01,-3.527879999999999905e-01,2.407620000000000038e-01,-6.961000000000000174e-03,-1.838660000000000017e-01,1.367120000000000002e-01,3.247579999999999911e-01,-1.622079999999999911e-01,-2.757950000000000124e-01,9.943100000000000549e-02,-2.108160000000000034e-01,-1.832590000000000052e-01,8.335800000000000154e-02,-8.638099999999999945e-02,3.093900000000000122e-02,-2.982890000000000263e-01,3.347399999999999681e-02,3.323169999999999735e-01,2.515720000000000178e-01,1.362960000000000005e-01,-4.961059999999999914e-01,8.287309999999999954e-01,8.064379999999999882e-01,3.321729999999999960e-01,4.565259999999999874e-01,2.407529999999999948e-01,-1.651720000000000133e-01,-2.995900000000000230e-01,7.904569999999999652e-01,7.091819999999999791e-01,-3.774999999999999883e-02,2.437829999999999997e-01,-4.422399999999999942e-02,1.676199999999999912e-02,-4.205740000000000034e-01,-3.628140000000000254e-01,6.821500000000000341e-01,-1.347760000000000069e-01,6.815599999999999437e-02,4.074539999999999829e-01,1.754699999999999871e-01,4.114479999999999804e-01,7.643429999999999946e-01,8.011409999999999920e-01,1.781000000000000031e-03,1.806899999999999895e-01,1.214260000000000062e-01,1.068690000000000057e-01,7.176399999999999446e-02,-3.316700000000000204e-02,3.416719999999999757e-01,2.478889999999999982e-01,-1.216310000000000030e-01,1.181360000000000049e-01,2.253149999999999875e-01,1.092769999999999991e-01,-5.403999999999999949e-03,1.842799999999999994e-01,1.572510000000000019e-01,5.968869999999999454e-01,1.611630000000000007e-01
-4.692859999999999809e-01,-3.145589999999999775e-01,4.777859999999999885e-01,-7.442999999999999616e-02,1.000000000000000000e+00,4.336670000000000247e-01,4.564549999999999996e-01,6.152699999999999836e-02,8.281610000000000360e-01,-1.572800000000000031e-01,6.064899999999999736e-01,-3.184989999999999766e-01,5.105800000000000338e-01,5.666069999999999718e-01,-4.215160000000000018e-01,8.580000000000000387e-04,2.762999999999999831e-03,-1.349069999999999991e-01,6.146920000000000162e-01,-1.896210000000000118e-01,-1.632850000000000135e-01,-4.473429999999999906e-01,1.796119999999999939e-01,9.092100000000000182e-02,-5.479030000000000289e-01,-3.491009999999999946e-01,3.220500000000000029e-01,3.060140000000000082e-01,3.698770000000000113e-01,-6.571499999999999564e-02,-1.076740000000000058e-01,7.860799999999999732e-02,-1.465839999999999921e-01,-2.051020000000000065e-01,-4.763099999999999973e-02,9.307400000000000395e-02,-4.644299999999999817e-02,-1.164700000000000041e-01,-8.650700000000000056e-02,-5.052400000000000224e-01,1.279530000000000112e-01,2.635660000000000225e-01,1.157549999999999968e-01,-1.715399999999999980e-01,5.900299999999999989e-02,-5.304280000000000106e-01,-4.426800000000000179e-01,4.806289999999999729e-01,1.890449999999999908e-01,4.768129999999999868e-01,3.058520000000000127e-01,2.786350000000000215e-01,2.509009999999999851e-01,7.536239999999999606e-01,-3.867500000000000104e-02,6.019870000000000498e-01,-3.849069999999999991e-01,-1.616090000000000027e-01,9.264100000000000112e-02,-5.952169999999999961e-01,-4.336369999999999947e-01,-2.435390000000000055e-01,-4.373150000000000093e-01,5.088589999999999502e-01,-4.876559999999999784e-01,-3.702550000000000008e-01,-5.241299999999999848e-01,2.349259999999999959e-01,-3.994079999999999853e-01,-4.968330000000000246e-01,-5.224600000000000355e-01,3.066180000000000017e-01,-2.779010000000000091e-01,-2.083800000000000097e-01,-3.794989999999999752e-01,-3.373360000000000247e-01
2.165500000000000064e-02,8.097600000000000631e-02,7.429310000000000080e-01,-3.188480000000000203e-01,4.336670000000000247e-01,1.000000000000000000e+00,2.895719999999999961e-01,4.050500000000000211e-01,6.213859999999999939e-01,-5.670809999999999462e-01,5.420530000000000070e-01,-5.435440000000000271e-01,5.740269999999999539e-01,2.081240000000000034e-01,-2.014499999999999902e-01,5.085690000000000488e-01,2.898140000000000160e-01,2.869100000000000122e-02,6.542719999999999647e-01,3.765799999999999703e-02,2.772490000000000232e-01,-2.724079999999999835e-01,7.264199999999999546e-01,5.367380000000000484e-01,-2.803720000000000101e-01,-1.570900000000000074e-01,6.403950000000000475e-01,3.685289999999999955e-01,8.164690000000000003e-01,8.904600000000000015e-02,2.112290000000000001e-01,8.406700000000000284e-02,2.289800000000000169e-02,3.132900000000000268e-02,-4.207910000000000261e-01,4.621569999999999845e-01,-2.242480000000000029e-01,-2.359060000000000046e-01,-1.674950000000000050e-01,-6.335960000000000480e-01,-1.423439999999999983e-01,-4.140900000000000136e-02,2.559710000000000041e-01,-3.920230000000000103e-01,-2.155650000000000066e-01,-1.357800000000000118e-01,-4.241579999999999795e-01,6.284629999999999939e-01,-6.921599999999999975e-02,3.244699999999999807e-01,7.385819999999999608e-01,-1.620649999999999868e-01,4.892779999999999907e-01,3.537890000000000201e-01,-4.433329999999999771e-01,4.325220000000000176e-01,-6.613550000000000262e-01,-3.683020000000000183e-01,-3.035129999999999773e-01,-6.422269999999999923e-01,-7.091999999999999693e-02,-1.764900000000000080e-01,-2.107100000000000084e-01,3.579010000000000247e-01,-4.177739999999999787e-01,-2.211799999999999877e-02,-4.986970000000000014e-01,5.972330000000000139e-01,-2.931000000000000272e-01,-3.243229999999999724e-01,-5.313309999999999977e-01,5.130869999999999598e-01,-5.602200000000000235e-02,1.400909999999999933e-01,-5.206769999999999454e-01,-2.636490000000000222e-01
-2.095269999999999910e-01,2.968999999999999851e-03,3.718350000000000266e-01,5.572740000000000471e-01,4.564549999999999996e-01,2.895719999999999961e-01,1.000000000000000000e+00,-7.735999999999999821e-03,3.710640000000000049e-01,3.166479999999999850e-01,3.232679999999999998e-01,1.310949999999999893e-01,7.371490000000000542e-01,6.328880000000000061e-01,-3.888690000000000202e-01,8.829800000000000149e-02,4.422500000000000042e-02,3.015789999999999860e-01,4.141790000000000194e-01,-2.192230000000000012e-01,1.396239999999999981e-01,-3.575300000000000006e-02,1.974609999999999976e-01,7.546899999999999442e-02,-5.192700000000000093e-02,-2.444439999999999946e-01,1.581359999999999988e-01,4.743930000000000091e-01,4.666150000000000020e-01,9.678100000000000591e-02,-8.127600000000000102e-02,1.484300000000000064e-01,2.969999999999999862e-01,1.356910000000000061e-01,-2.032039999999999957e-01,-2.099600000000000077e-01,4.621990000000000265e-01,4.994060000000000166e-01,1.453500000000000070e-01,-8.800499999999999989e-02,2.489899999999999891e-01,-1.222950000000000009e-01,-9.731800000000000173e-02,3.968320000000000181e-01,4.396329999999999960e-01,-2.775029999999999997e-01,-4.402500000000000163e-02,3.389880000000000115e-01,1.115990000000000038e-01,1.802899999999999989e-02,2.218799999999999939e-02,6.552759999999999696e-01,3.878600000000000103e-02,3.681780000000000053e-01,2.437560000000000004e-01,4.506180000000000185e-01,5.721000000000000391e-03,4.689869999999999872e-01,4.099590000000000178e-01,-4.191570000000000018e-01,7.054199999999999360e-02,-9.036000000000000629e-03,-6.174600000000000227e-02,2.659369999999999790e-01,-3.792579999999999840e-01,8.995599999999999430e-02,-1.796560000000000101e-01,1.428909999999999902e-01,-1.190370000000000039e-01,-7.275000000000000216e-03,-2.045180000000000053e-01,2.385359999999999980e-01,1.513549999999999895e-01,1.148079999999999934e-01,2.503999999999999976e-02,-2.676600000000000160e-02
3.096900000000000000e-02,1.022430000000000005e-01,1.854729999999999990e-01,-1.920910000000000117e-01,6.152699999999999836e-02,4.050500000000000211e-01,-7.735999999999999821e-03,1.000000000000000000e+00,5.884199999999999847e-02,-1.153119999999999978e-01,1.971529999999999949e-01,-1.950060000000000127e-01,1.738200000000000023e-01,4.465800000000000325e-02,7.659999999999999708e-04,1.275459999999999927e-01,1.450879999999999947e-01,-8.771299999999999930e-02,1.695800000000000085e-01,5.793199999999999739e-02,2.652479999999999838e-01,-4.321799999999999947e-02,6.053790000000000004e-01,4.632060000000000066e-01,-2.244740000000000069e-01,8.731800000000000672e-02,1.623850000000000016e-01,2.433069999999999955e-01,1.856119999999999992e-01,2.136300000000000004e-02,2.886850000000000249e-01,3.263070000000000137e-01,-4.884399999999999853e-02,2.408240000000000103e-01,-2.624980000000000091e-01,3.955389999999999739e-01,-1.138559999999999989e-01,-5.931899999999999673e-02,1.790480000000000127e-01,-1.894379999999999953e-01,8.047500000000000486e-02,-3.887199999999999683e-02,4.145800000000000041e-01,-1.385059999999999902e-01,-1.144109999999999988e-01,-7.597999999999999719e-03,-1.601029999999999953e-01,1.551069999999999949e-01,-1.399350000000000038e-01,9.927999999999999325e-03,3.263840000000000074e-01,-3.243170000000000219e-01,7.137090000000000378e-01,-1.355709999999999971e-01,-9.955200000000000160e-02,-2.187100000000000155e-02,-2.165499999999999925e-01,-1.493629999999999958e-01,-2.188090000000000035e-01,-1.274129999999999985e-01,-2.055400000000000005e-01,-1.121520000000000017e-01,-2.448919999999999986e-01,6.901799999999999602e-02,-1.513000000000000022e-03,1.695180000000000020e-01,-1.027890000000000054e-01,5.159580000000000277e-01,1.108380000000000060e-01,-1.611760000000000137e-01,-1.176869999999999999e-01,5.497900000000000009e-02,5.201100000000000168e-02,-5.409900000000000125e-02,-2.273179999999999923e-01,-3.611600000000000227e-02
-5.323900000000000299e-01,-3.560030000000000139e-01,6.759690000000000420e-01,-1.561099999999999988e-01,8.281610000000000360e-01,6.213859999999999939e-01,3.710640000000000049e-01,5.884199999999999847e-02,1.000000000000000000e+00,-3.736050000000000204e-01,7.184599999999999875e-01,-5.371810000000000196e-01,5.417490000000000361e-01,4.279290000000000038e-01,-4.960419999999999829e-01,3.870000000000000176e-03,-1.077540000000000026e-01,-2.987469999999999848e-01,8.180169999999999941e-01,-2.482930000000000137e-01,-1.703280000000000072e-01,-5.661129999999999773e-01,3.528299999999999770e-01,7.707700000000000662e-02,-6.606009999999999938e-01,-5.085180000000000256e-01,4.307400000000000118e-01,2.351900000000000102e-01,4.661819999999999853e-01,-1.240089999999999942e-01,-1.885670000000000124e-01,1.460700000000000019e-02,-2.100080000000000002e-01,-2.734289999999999776e-01,-1.250640000000000085e-01,7.412299999999999445e-02,-1.450780000000000125e-01,-1.522340000000000082e-01,-1.919889999999999930e-01,-6.481590000000000407e-01,-3.613500000000000045e-02,2.890420000000000211e-01,-5.994800000000000129e-02,-2.847410000000000219e-01,2.211899999999999977e-02,-6.419930000000000359e-01,-6.148740000000000316e-01,6.237150000000000194e-01,1.009430000000000049e-01,4.002430000000000154e-01,4.497380000000000266e-01,1.258769999999999889e-01,2.737700000000000133e-01,8.683560000000000167e-01,-2.801600000000000201e-01,7.022519999999999873e-01,-6.120830000000000437e-01,-3.392049999999999788e-01,-2.923900000000000110e-02,-7.734109999999999596e-01,-4.804220000000000157e-01,-4.138569999999999749e-01,-5.609220000000000317e-01,6.183140000000000303e-01,-6.227679999999999882e-01,-4.378259999999999930e-01,-7.006160000000000165e-01,3.323039999999999883e-01,-5.785339999999999927e-01,-6.363529999999999465e-01,-7.104260000000000019e-01,3.524209999999999843e-01,-4.314879999999999827e-01,-2.234490000000000087e-01,-5.074600000000000222e-01,-5.137530000000000152e-01
5.587999999999999912e-02,8.579799999999999927e-02,-4.180479999999999752e-01,6.239820000000000366e-01,-1.572800000000000031e-01,-5.670809999999999462e-01,3.166479999999999850e-01,-1.153119999999999978e-01,-3.736050000000000204e-01,1.000000000000000000e+00,-3.097900000000000098e-01,7.031849999999999490e-01,-2.667200000000000126e-02,1.752799999999999914e-01,1.578940000000000066e-01,-2.696529999999999760e-01,-1.210380000000000067e-01,3.366790000000000060e-01,-3.664970000000000172e-01,8.483599999999999475e-02,1.347959999999999992e-01,4.088609999999999745e-01,-3.602339999999999987e-01,-1.589440000000000019e-01,3.594459999999999877e-01,2.252649999999999930e-01,-2.790460000000000163e-01,3.139900000000000330e-02,-3.479309999999999903e-01,-4.465399999999999925e-02,-7.446800000000000641e-02,-7.064800000000000246e-02,3.828759999999999941e-01,1.375899999999999901e-01,3.136479999999999824e-01,-3.506770000000000165e-01,5.609600000000000142e-01,6.086179999999999923e-01,1.773740000000000039e-01,6.644339999999999691e-01,3.863570000000000060e-01,5.037500000000000311e-02,-1.363489999999999980e-01,6.144859999999999767e-01,5.380530000000000035e-01,1.546970000000000012e-01,4.373790000000000178e-01,-3.278490000000000015e-01,-5.254099999999999743e-02,-3.056829999999999825e-01,-5.078049999999999509e-01,5.793469999999999454e-01,-1.932909999999999906e-01,-1.582069999999999865e-01,7.693729999999999736e-01,-1.872979999999999923e-01,7.283969999999999612e-01,6.958029999999999493e-01,5.449699999999999545e-01,4.046440000000000037e-01,2.374429999999999874e-01,4.275920000000000276e-01,2.340490000000000070e-01,-2.119270000000000043e-01,3.151740000000000097e-01,2.475410000000000110e-01,5.065039999999999543e-01,-2.917779999999999818e-01,4.995350000000000068e-01,4.669030000000000125e-01,5.530699999999999505e-01,-1.710800000000000098e-01,2.205040000000000056e-01,1.305870000000000086e-01,4.900550000000000184e-01,3.937050000000000272e-01
-2.126460000000000017e-01,-2.283250000000000002e-01,8.456740000000000368e-01,-1.014869999999999939e-01,6.064899999999999736e-01,5.420530000000000070e-01,3.232679999999999998e-01,1.971529999999999949e-01,7.184599999999999875e-01,-3.097900000000000098e-01,1.000000000000000000e+00,-4.867500000000000160e-01,5.138230000000000297e-01,2.334519999999999929e-01,-3.259540000000000215e-01,1.259270000000000111e-01,1.703500000000000153e-02,-3.037030000000000007e-01,7.281950000000000367e-01,1.417999999999999990e-03,-8.240500000000000602e-02,-2.579629999999999979e-01,4.959489999999999732e-01,8.425699999999999856e-02,-5.960999999999999632e-01,-4.386079999999999979e-01,5.472190000000000110e-01,3.955640000000000267e-01,4.445720000000000227e-01,1.500809999999999922e-01,7.807200000000000251e-02,1.569480000000000042e-01,-1.158730000000000038e-01,8.726000000000000423e-02,-2.607880000000000198e-01,1.571609999999999951e-01,-5.193099999999999800e-02,-2.263799999999999840e-02,4.147699999999999998e-02,-4.855809999999999849e-01,7.577499999999999514e-02,5.650899999999999673e-02,1.663119999999999876e-01,-2.214339999999999919e-01,7.127999999999999788e-03,-3.484050000000000202e-01,-5.823120000000000518e-01,8.539750000000000396e-01,-2.148549999999999904e-01,3.741140000000000021e-01,4.475069999999999881e-01,8.649300000000000044e-02,3.850859999999999839e-01,7.115430000000000366e-01,-2.411570000000000102e-01,8.896699999999999608e-01,-5.283919999999999728e-01,-2.949760000000000160e-01,-1.243449999999999972e-01,-4.502639999999999976e-01,-4.206550000000000011e-01,-3.404809999999999781e-01,-4.829080000000000039e-01,6.768669999999999964e-01,-2.810840000000000005e-01,-1.678880000000000094e-01,-4.030380000000000074e-01,4.668180000000000107e-01,-4.853660000000000196e-01,-5.187340000000000284e-01,-6.218559999999999643e-01,5.356800000000000450e-01,-1.473109999999999975e-01,-1.007559999999999983e-01,-3.538549999999999751e-01,-2.928290000000000060e-01
2.279190000000000105e-01,1.918539999999999968e-01,-5.539150000000000462e-01,4.975950000000000095e-01,-3.184989999999999766e-01,-5.435440000000000271e-01,1.310949999999999893e-01,-1.950060000000000127e-01,-5.371810000000000196e-01,7.031849999999999490e-01,-4.867500000000000160e-01,1.000000000000000000e+00,-2.136589999999999878e-01,-8.845300000000000384e-02,7.241100000000000314e-02,-3.260790000000000077e-01,-5.251999999999999724e-02,3.953090000000000215e-01,-6.096530000000000005e-01,7.226100000000000578e-02,1.038179999999999936e-01,5.446870000000000323e-01,-4.738120000000000109e-01,-5.441100000000000103e-02,6.071469999999999922e-01,4.104679999999999995e-01,-2.734519999999999729e-01,-2.774920000000000164e-01,-4.187529999999999863e-01,-1.743659999999999932e-01,-2.593309999999999782e-01,-2.582459999999999756e-01,5.917069999999999830e-01,6.339699999999999502e-02,1.017900000000000055e-01,-2.530749999999999944e-01,4.914839999999999764e-01,5.773930000000000451e-01,-3.084699999999999942e-02,8.769689999999999985e-01,1.028069999999999956e-01,-4.133049999999999780e-01,4.440999999999999635e-03,6.929959999999999454e-01,5.623899999999999455e-01,3.757449999999999957e-01,7.085230000000000139e-01,-4.890869999999999940e-01,-1.040499999999999932e-02,-4.887020000000000253e-01,-4.652870000000000061e-01,4.981809999999999850e-01,-2.697800000000000198e-01,-3.111979999999999746e-01,7.720559999999999645e-01,-3.747869999999999813e-01,9.578560000000000407e-01,7.018529999999999491e-01,3.659200000000000230e-01,4.867429999999999812e-01,3.242269999999999874e-01,3.895109999999999961e-01,3.488539999999999974e-01,-4.426800000000000179e-01,4.178060000000000107e-01,3.640450000000000075e-01,6.197909999999999808e-01,-3.717719999999999914e-01,6.629220000000000113e-01,7.374810000000000532e-01,7.659519999999999662e-01,-1.637210000000000054e-01,2.642930000000000001e-01,1.602169999999999983e-01,5.256480000000000041e-01,3.217180000000000040e-01
-9.951500000000000623e-02,1.954619999999999969e-01,6.738399999999999945e-01,2.200819999999999999e-01,5.105800000000000338e-01,5.740269999999999539e-01,7.371490000000000542e-01,1.738200000000000023e-01,5.417490000000000361e-01,-2.667200000000000126e-02,5.138230000000000297e-01,-2.136589999999999878e-01,1.000000000000000000e+00,5.878659999999999997e-01,-3.975989999999999802e-01,3.091380000000000239e-01,2.612840000000000162e-01,1.311720000000000108e-01,5.966209999999999569e-01,-2.826100000000000140e-02,1.875249999999999972e-01,-3.885099999999999665e-02,4.905970000000000053e-01,3.986770000000000036e-01,-2.580970000000000208e-01,-1.896200000000000108e-01,3.745319999999999760e-01,7.399989999999999624e-01,6.953700000000000436e-01,2.968109999999999915e-01,1.913380000000000081e-01,1.634730000000000072e-01,3.266439999999999899e-01,2.174570000000000114e-01,-4.710050000000000070e-01,2.284210000000000129e-01,2.741620000000000168e-01,2.300699999999999967e-01,4.407599999999999713e-02,-4.281989999999999963e-01,1.624909999999999966e-01,-6.122899999999999870e-02,1.972089999999999954e-01,6.194700000000000206e-02,1.709130000000000094e-01,-2.951259999999999994e-01,-3.530349999999999877e-01,5.689229999999999565e-01,-1.041620000000000046e-01,3.243559999999999777e-01,2.116010000000000113e-01,3.454380000000000228e-01,2.898430000000000173e-01,4.018369999999999997e-01,-6.747999999999999832e-02,5.565269999999999939e-01,-3.592679999999999763e-01,6.488399999999999723e-02,7.063999999999999967e-03,-6.278390000000000359e-01,-1.160629999999999995e-01,-1.288999999999999868e-01,-2.338399999999999923e-01,3.428249999999999909e-01,-3.735100000000000087e-01,6.457000000000000066e-03,-3.690729999999999844e-01,3.551719999999999877e-01,-2.237619999999999887e-01,-3.112230000000000274e-01,-4.454290000000000194e-01,3.577370000000000272e-01,1.782640000000000058e-01,-3.469599999999999768e-02,-2.608909999999999840e-01,-9.214500000000000468e-02
-3.601329999999999809e-01,-1.393520000000000036e-01,2.950550000000000117e-01,4.629119999999999902e-01,5.666069999999999718e-01,2.081240000000000034e-01,6.328880000000000061e-01,4.465800000000000325e-02,4.279290000000000038e-01,1.752799999999999914e-01,2.334519999999999929e-01,-8.845300000000000384e-02,5.878659999999999997e-01,1.000000000000000000e+00,-4.128339999999999788e-01,-1.083370000000000027e-01,-8.410499999999999921e-02,-1.452699999999999998e-02,3.812820000000000098e-01,-1.975969999999999949e-01,1.682599999999999929e-01,-1.770789999999999864e-01,2.428440000000000043e-01,3.041400000000000006e-02,-3.348269999999999857e-01,-2.896679999999999811e-01,4.016700000000000131e-02,3.643299999999999872e-01,2.874140000000000028e-01,3.105499999999999927e-02,-7.932200000000000362e-02,1.175879999999999981e-01,1.027590000000000031e-01,-6.214599999999999985e-02,1.223879999999999968e-01,4.858900000000000025e-02,4.544259999999999966e-01,2.231009999999999938e-01,1.472080000000000055e-01,-2.546700000000000075e-01,2.169429999999999970e-01,2.869019999999999904e-01,3.959700000000000025e-02,2.612140000000000017e-01,2.772450000000000192e-01,-4.102000000000000091e-01,-2.182580000000000076e-01,3.157229999999999759e-01,2.776399999999999979e-01,2.434850000000000070e-01,-2.494000000000000123e-03,5.068920000000000092e-01,3.081209999999999782e-01,4.194280000000000230e-01,9.735199999999999410e-02,4.503289999999999793e-01,-1.674609999999999987e-01,2.536240000000000161e-01,5.299719999999999986e-01,-5.716740000000000155e-01,-1.230360000000000065e-01,-4.702499999999999736e-02,-2.201649999999999996e-01,2.510399999999999854e-01,-4.262960000000000083e-01,-4.361700000000000299e-02,-3.201060000000000016e-01,2.936949999999999839e-01,-1.973169999999999924e-01,-3.034189999999999943e-01,-3.643730000000000024e-01,1.350739999999999996e-01,-4.519999999999999712e-03,-9.529999999999999583e-02,1.698399999999999910e-02,-7.600300000000000111e-02
5.321320000000000494e-01,3.273099999999999898e-01,-3.367970000000000130e-01,-3.117469999999999963e-01,-4.215160000000000018e-01,-2.014499999999999902e-01,-3.888690000000000202e-01,7.659999999999999708e-04,-4.960419999999999829e-01,1.578940000000000066e-01,-3.259540000000000215e-01,7.241100000000000314e-02,-3.975989999999999802e-01,-4.128339999999999788e-01,1.000000000000000000e+00,2.369479999999999920e-01,3.430860000000000021e-01,1.456719999999999959e-01,-5.019430000000000280e-01,6.402689999999999770e-01,2.885829999999999784e-01,3.405139999999999834e-01,-1.486959999999999948e-01,2.033109999999999917e-01,4.949470000000000258e-01,6.323790000000000244e-01,8.492500000000000049e-02,-2.732800000000000160e-02,-2.222490000000000021e-01,2.780679999999999819e-01,4.071020000000000194e-01,-7.226899999999999991e-02,-7.227799999999999503e-02,-2.567999999999999970e-03,1.943360000000000087e-01,2.504129999999999967e-01,-2.559910000000000241e-01,-3.932470000000000132e-01,-3.787700000000000095e-02,1.503960000000000019e-01,-1.799600000000000158e-02,1.705440000000000011e-01,1.419009999999999994e-01,-2.538460000000000161e-01,-4.625659999999999772e-01,5.135170000000000012e-01,1.679769999999999874e-01,-3.498979999999999868e-01,-6.114200000000000190e-02,1.533370000000000011e-01,-1.639889999999999959e-01,-2.070400000000000018e-01,-1.388340000000000130e-01,-5.025669999999999860e-01,3.847799999999999832e-02,-4.458590000000000053e-01,1.986279999999999990e-01,-1.447549999999999948e-01,-2.541869999999999963e-01,6.874879999999999880e-01,2.699779999999999958e-01,3.790479999999999960e-01,3.919449999999999878e-01,-3.563450000000000228e-01,5.671850000000000502e-01,1.623390000000000111e-01,4.631089999999999929e-01,-1.875419999999999865e-01,4.745159999999999934e-01,3.204339999999999966e-01,5.230920000000000014e-01,-1.912799999999999917e-02,2.933620000000000116e-01,1.299609999999999932e-01,1.109880000000000033e-01,4.057859999999999800e-01
5.874430000000000485e-01,2.915179999999999993e-01,3.842369999999999952e-01,-3.422789999999999999e-01,8.580000000000000387e-04,5.085690000000000488e-01,8.829800000000000149e-02,1.275459999999999927e-01,3.870000000000000176e-03,-2.696529999999999760e-01,1.259270000000000111e-01,-3.260790000000000077e-01,3.091380000000000239e-01,-1.083370000000000027e-01,2.369479999999999920e-01,1.000000000000000000e+00,7.538470000000000448e-01,5.457079999999999709e-01,1.802519999999999956e-01,3.419070000000000165e-01,3.594550000000000245e-01,1.793440000000000034e-01,3.141709999999999781e-01,5.150580000000000158e-01,2.949390000000000067e-01,2.856199999999999850e-01,3.911080000000000112e-01,5.914620000000000433e-01,6.937029999999999585e-01,4.911650000000000182e-01,7.742360000000000353e-01,2.718220000000000081e-01,7.458099999999999452e-02,3.766789999999999861e-01,-3.359849999999999781e-01,3.578210000000000002e-01,-2.685109999999999997e-01,-3.366629999999999900e-01,1.550789999999999946e-01,-3.733469999999999844e-01,1.486260000000000081e-01,-1.052410000000000012e-01,3.019640000000000102e-01,-3.388570000000000193e-01,-4.364729999999999999e-01,4.541279999999999761e-01,-1.475699999999999928e-02,2.969649999999999790e-01,-2.141250000000000098e-01,2.823820000000000219e-01,2.843080000000000052e-01,-2.185509999999999953e-01,4.012399999999999994e-02,-2.018699999999999939e-01,-2.006120000000000125e-01,5.447300000000000059e-02,-3.731709999999999749e-01,-1.968820000000000014e-01,-3.610099999999999976e-01,-2.455399999999999944e-02,5.085629999999999873e-01,3.633029999999999871e-01,4.671359999999999957e-01,2.332199999999999898e-02,1.258809999999999929e-01,2.318010000000000070e-01,9.973400000000000321e-02,1.201470000000000038e-01,1.389000000000000044e-03,1.589150000000000007e-01,-7.538300000000000556e-02,3.589260000000000228e-01,4.725949999999999873e-01,4.368150000000000088e-01,-1.353199999999999958e-01,4.455779999999999741e-01
5.872089999999999810e-01,4.864939999999999820e-01,1.762249999999999928e-01,-3.527879999999999905e-01,2.762999999999999831e-03,2.898140000000000160e-01,4.422500000000000042e-02,1.450879999999999947e-01,-1.077540000000000026e-01,-1.210380000000000067e-01,1.703500000000000153e-02,-5.251999999999999724e-02,2.612840000000000162e-01,-8.410499999999999921e-02,3.430860000000000021e-01,7.538470000000000448e-01,1.000000000000000000e+00,4.835659999999999958e-01,-6.927500000000000324e-02,4.282449999999999868e-01,2.924120000000000053e-01,2.841489999999999849e-01,1.945000000000000062e-01,6.000299999999999523e-01,4.001830000000000109e-01,6.442759999999999598e-01,2.890519999999999756e-01,5.159449999999999870e-01,3.687400000000000122e-01,4.964419999999999944e-01,7.691869999999999541e-01,1.798430000000000029e-01,1.860590000000000022e-01,2.188720000000000110e-01,-3.130109999999999837e-01,5.110050000000000425e-01,-2.356810000000000016e-01,-4.442079999999999917e-01,8.797499999999999765e-02,-1.770049999999999957e-01,8.594200000000000450e-02,-1.755730000000000068e-01,5.576780000000000070e-01,-2.896859999999999991e-01,-5.195149999999999491e-01,5.471380000000000132e-01,2.004509999999999903e-01,1.116469999999999962e-01,-1.188250000000000001e-01,3.528299999999999770e-01,1.576400000000000023e-01,-1.096430000000000043e-01,1.531299999999999883e-01,-2.129030000000000089e-01,1.128799999999999942e-01,-8.352999999999999314e-03,-3.602199999999999847e-02,-9.384299999999999586e-02,-3.957229999999999914e-01,1.407190000000000107e-01,4.065759999999999930e-01,5.443569999999999798e-01,5.248770000000000380e-01,-8.235900000000000165e-02,3.150419999999999887e-01,2.105200000000000127e-01,2.306799999999999962e-01,1.232089999999999991e-01,2.970309999999999895e-01,2.874920000000000253e-01,2.623130000000000184e-01,2.245230000000000004e-01,5.711889999999999468e-01,2.127040000000000042e-01,-1.097749999999999976e-01,4.882810000000000206e-01
4.430540000000000034e-01,3.428059999999999996e-01,-1.084979999999999972e-01,2.407620000000000038e-01,-1.349069999999999991e-01,2.869100000000000122e-02,3.015789999999999860e-01,-8.771299999999999930e-02,-2.987469999999999848e-01,3.366790000000000060e-01,-3.037030000000000007e-01,3.953090000000000215e-01,1.311720000000000108e-01,-1.452699999999999998e-02,1.456719999999999959e-01,5.457079999999999709e-01,4.835659999999999958e-01,1.000000000000000000e+00,-2.448279999999999901e-01,1.342750000000000055e-01,3.168639999999999790e-01,4.327360000000000095e-01,-8.580200000000000327e-02,2.113279999999999881e-01,6.145960000000000312e-01,3.799109999999999987e-01,1.938099999999999892e-02,3.361979999999999968e-01,2.784610000000000141e-01,1.970580000000000109e-01,3.140899999999999803e-01,1.667089999999999961e-01,3.451870000000000216e-01,2.970639999999999947e-01,-1.083139999999999936e-01,-1.245939999999999964e-01,2.496750000000000080e-01,2.071079999999999866e-01,2.215129999999999877e-01,2.393319999999999892e-01,2.322869999999999935e-01,-3.218860000000000054e-01,4.996300000000000047e-02,3.150080000000000102e-01,1.319349999999999967e-01,4.839030000000000276e-01,5.399589999999999668e-01,-7.037400000000000599e-02,-9.003400000000000292e-02,-1.773669999999999969e-01,-6.886399999999999466e-02,2.022470000000000101e-01,-1.517360000000000098e-01,-3.048049999999999926e-01,3.068119999999999736e-01,-1.729529999999999956e-01,2.915490000000000026e-01,4.219049999999999745e-01,1.731270000000000031e-01,2.263010000000000022e-01,6.954989999999999783e-01,5.585620000000000029e-01,7.054890000000000327e-01,-2.386469999999999980e-01,2.081850000000000089e-01,4.249399999999999844e-01,4.394040000000000168e-01,-1.502719999999999889e-01,3.222920000000000229e-01,5.945439999999999614e-01,3.947120000000000073e-01,1.097370000000000012e-01,4.736670000000000047e-01,4.489879999999999982e-01,2.899410000000000043e-01,5.319599999999999884e-01
-3.164859999999999896e-01,-2.753399999999999737e-01,7.636089999999999822e-01,-6.961000000000000174e-03,6.146920000000000162e-01,6.542719999999999647e-01,4.141790000000000194e-01,1.695800000000000085e-01,8.180169999999999941e-01,-3.664970000000000172e-01,7.281950000000000367e-01,-6.096530000000000005e-01,5.966209999999999569e-01,3.812820000000000098e-01,-5.019430000000000280e-01,1.802519999999999956e-01,-6.927500000000000324e-02,-2.448279999999999901e-01,1.000000000000000000e+00,-1.538910000000000000e-01,2.494400000000000089e-02,-3.596280000000000032e-01,4.805690000000000239e-01,5.407000000000000001e-02,-6.391270000000000007e-01,-5.829119999999999857e-01,4.725779999999999981e-01,3.885660000000000225e-01,6.266190000000000371e-01,1.601239999999999886e-01,2.741299999999999987e-02,2.367130000000000067e-01,-1.428220000000000045e-01,9.051199999999999524e-02,-1.842560000000000031e-01,7.182299999999999796e-02,1.428600000000000009e-02,1.166999999999999982e-02,1.070239999999999941e-01,-5.998160000000000158e-01,1.086109999999999992e-01,1.869840000000000113e-01,-5.118000000000000327e-02,-2.095110000000000028e-01,4.228699999999999820e-02,-4.528630000000000155e-01,-6.143870000000000164e-01,6.981129999999999836e-01,-5.962599999999999845e-02,2.371749999999999969e-01,4.937989999999999879e-01,9.296200000000000296e-02,2.993160000000000265e-01,6.779140000000000166e-01,-3.694879999999999831e-01,7.247120000000000228e-01,-6.848049999999999971e-01,-2.214959999999999984e-01,3.513800000000000257e-02,-6.908429999999999849e-01,-3.031829999999999803e-01,-3.296990000000000198e-01,-4.343290000000000206e-01,8.212760000000000060e-01,-4.868379999999999930e-01,-1.285519999999999996e-01,-5.497030000000000527e-01,4.167589999999999906e-01,-6.284189999999999499e-01,-6.119729999999999892e-01,-7.826819999999999888e-01,4.172029999999999905e-01,-2.219579999999999886e-01,3.162700000000000233e-02,-2.796390000000000264e-01,-3.406219999999999803e-01
5.687919999999999643e-01,2.894959999999999756e-01,4.245999999999999774e-02,-1.838660000000000017e-01,-1.896210000000000118e-01,3.765799999999999703e-02,-2.192230000000000012e-01,5.793199999999999739e-02,-2.482930000000000137e-01,8.483599999999999475e-02,1.417999999999999990e-03,7.226100000000000578e-02,-2.826100000000000140e-02,-1.975969999999999949e-01,6.402689999999999770e-01,3.419070000000000165e-01,4.282449999999999868e-01,1.342750000000000055e-01,-1.538910000000000000e-01,1.000000000000000000e+00,4.457209999999999783e-01,6.705449999999999466e-01,4.302000000000000268e-02,3.540409999999999946e-01,3.296439999999999926e-01,5.301879999999999926e-01,4.425609999999999822e-01,2.814929999999999932e-01,1.562979999999999925e-01,5.037319999999999576e-01,5.058500000000000218e-01,6.937400000000000511e-02,2.279869999999999952e-01,3.007270000000000221e-01,6.152699999999999836e-02,4.292349999999999777e-01,1.191200000000000071e-02,-2.264929999999999999e-01,5.848300000000000026e-02,1.045169999999999988e-01,1.438129999999999964e-01,6.049999999999999822e-03,4.067470000000000252e-01,-1.204940000000000039e-01,-2.338439999999999963e-01,4.746469999999999856e-01,3.501300000000000245e-02,-6.813999999999999745e-03,-2.250699999999999923e-01,2.378049999999999886e-01,-6.159200000000000091e-02,-2.001999999999999873e-03,5.841799999999999771e-02,-2.388319999999999887e-01,1.167369999999999935e-01,-6.335300000000000653e-02,1.158430000000000015e-01,-1.413310000000000122e-01,-2.341910000000000103e-01,4.174720000000000097e-01,1.835539999999999949e-01,3.322010000000000240e-01,2.285820000000000074e-01,-5.421800000000000230e-02,7.123420000000000307e-01,3.467839999999999812e-01,4.995589999999999753e-01,1.135599999999999977e-02,3.698310000000000208e-01,1.840469999999999884e-01,2.967719999999999803e-01,3.989539999999999753e-01,3.663589999999999902e-01,2.397990000000000121e-01,1.635469999999999979e-01,4.255220000000000113e-01
