1.000000000000000000e+00,2.099459999999999937e-01,-2.421639999999999904e-01,2.906679999999999819e-01,-2.324229999999999907e-01,2.994399999999999840e-02,-2.192389999999999894e-01,9.080599999999999783e-02,4.971699999999999731e-02,-2.295079999999999898e-01,-1.404229999999999923e-01,-3.374059999999999837e-01,-3.408400000000000318e-02,1.466100000000000042e-02,4.464350000000000263e-01,6.905329999999999524e-01,2.619520000000000182e-01,4.216480000000000228e-01,2.917099999999999901e-02,3.822659999999999947e-01,7.535680000000000156e-01,4.711569999999999925e-01,2.690540000000000154e-01,3.999249999999999750e-01,6.130069999999999686e-01,4.305200000000000138e-01,-3.353799999999999837e-02,2.060559999999999892e-01,5.858520000000000394e-01,5.216330000000000133e-01,8.511039999999999717e-01,7.602360000000000229e-01,3.680640000000000023e-01,4.286079999999999890e-01,-1.582089999999999885e-01,-1.673560000000000048e-01,-1.703570000000000084e-01,-2.811480000000000090e-01,6.695299999999999585e-01,4.471680000000000099e-01,4.951019999999999865e-01,-1.092840000000000061e-01,-2.792629999999999835e-01,-1.572610000000000119e-01,-2.200910000000000089e-01,8.631330000000000391e-01,2.588309999999999778e-01,3.358499999999999680e-02,6.179099999999999870e-02,-1.982319999999999915e-01,2.310750000000000026e-01,-2.541499999999999870e-01,3.130200000000000204e-01,-1.897240000000000038e-01,-2.087839999999999974e-01,-3.106439999999999757e-01,-3.631619999999999848e-01,-9.414599999999999358e-02,-1.737150000000000083e-01,2.451810000000000100e-01,6.886579999999999924e-01,1.995949999999999946e-01,5.257140000000000146e-01,-1.600100000000000133e-02,3.196120000000000072e-01,5.770910000000000206e-01,5.067509999999999515e-01,2.490020000000000011e-01,1.309450000000000058e-01,6.136230000000000295e-01,5.239639999999999853e-01,3.790500000000000119e-02,4.955500000000000183e-02,5.393970000000000153e-01,5.600420000000000398e-01,8.716150000000000286e-01
2.099459999999999937e-01,1.000000000000000000e+00,-2.074700000000000155e-02,2.094340000000000090e-01,-1.944510000000000127e-01,7.408270000000000133e-01,4.537000000000000061e-02,3.480840000000000045e-01,3.690700000000000230e-02,-1.033300000000000052e-01,-1.405710000000000015e-01,-2.196319999999999939e-01,5.361740000000000395e-01,5.526899999999999868e-02,2.798530000000000184e-01,3.628799999999999804e-01,4.542370000000000019e-01,6.402339999999999698e-01,3.272599999999999815e-02,2.675020000000000175e-01,1.650939999999999908e-01,2.838249999999999940e-01,4.523329999999999851e-01,1.659680000000000044e-01,7.346470000000000500e-01,8.410290000000000266e-01,3.456130000000000035e-01,2.615790000000000060e-01,2.565029999999999810e-01,2.264960000000000029e-01,1.755450000000000066e-01,3.206590000000000273e-01,3.368050000000000210e-01,-7.069999999999999462e-04,-4.286409999999999942e-01,1.894480000000000053e-01,-8.747099999999999320e-02,-3.540119999999999933e-01,2.962919999999999998e-01,2.546479999999999855e-01,-8.750700000000000145e-02,-2.599690000000000056e-01,2.036519999999999997e-01,-1.848800000000000096e-02,-3.623359999999999914e-01,7.701500000000000012e-02,7.963069999999999871e-01,7.076999999999999957e-03,1.588680000000000092e-01,-1.849600000000000133e-01,5.531470000000000553e-01,-1.765760000000000107e-01,3.573540000000000050e-01,-2.993499999999999980e-02,-2.605029999999999846e-01,-1.154160000000000047e-01,-7.723700000000000010e-02,3.810009999999999786e-01,-6.283800000000000496e-02,2.925880000000000147e-01,3.823540000000000272e-01,3.965690000000000048e-01,4.188430000000000208e-01,2.100000000000000130e-02,2.605259999999999798e-01,5.444999999999999840e-02,3.317869999999999986e-01,4.046790000000000109e-01,-2.644460000000000144e-01,3.684720000000000217e-01,6.203710000000000058e-01,2.207639999999999880e-01,1.630230000000000012e-01,1.594790000000000096e-01,2.667820000000000191e-01,1.526889999999999914e-01
-2.421639999999999904e-01,-2.074700000000000155e-02,1.000000000000000000e+00,-4.373400000000000204e-02,1.332480000000000053e-01,2.744690000000000185e-01,-6.188899999999999957e-02,3.400020000000000264e-01,3.614769999999999928e-01,-9.275400000000000311e-02,4.367449999999999943e-01,1.187799999999999967e-01,4.302719999999999878e-01,2.765349999999999753e-01,1.419469999999999898e-01,-1.029349999999999987e-01,2.387849999999999973e-01,4.448699999999999877e-02,5.658640000000000336e-01,3.190599999999999686e-02,-2.782180000000000208e-01,-1.553090000000000026e-01,3.070359999999999756e-01,1.400440000000000018e-01,-1.523650000000000004e-01,6.801100000000000201e-02,3.557580000000000187e-01,3.673669999999999991e-01,-3.307840000000000225e-01,4.359500000000000181e-02,-2.272409999999999985e-01,-3.059279999999999777e-01,-2.976369999999999849e-01,-2.764980000000000215e-01,-3.550630000000000175e-01,3.220759999999999734e-01,-1.683739999999999959e-01,-6.294800000000000395e-02,-3.454050000000000176e-01,-1.681380000000000097e-01,-3.686090000000000200e-01,-3.286660000000000137e-01,3.143230000000000190e-01,-1.896619999999999973e-01,-9.639999999999999264e-03,-3.567440000000000055e-01,2.766499999999999862e-02,7.320520000000000360e-01,1.399650000000000061e-01,2.088649999999999951e-01,3.003170000000000006e-01,1.055490000000000039e-01,9.953299999999999648e-02,4.713910000000000045e-01,-4.599199999999999816e-02,4.546799999999999731e-01,1.917729999999999990e-01,4.061969999999999748e-01,3.173739999999999895e-01,4.096960000000000046e-01,-2.224049999999999916e-01,1.252679999999999905e-01,-9.507799999999999585e-02,4.170749999999999735e-01,1.693840000000000068e-01,-3.541019999999999723e-01,-1.234169999999999989e-01,3.637340000000000018e-01,-8.721399999999999986e-02,-1.846409999999999996e-01,4.118700000000000139e-02,3.503950000000000120e-01,5.500869999999999926e-01,-1.604879999999999918e-01,1.299999999999999920e-05,-2.668749999999999734e-01
2.906679999999999819e-01,2.094340000000000090e-01,-4.373400000000000204e-02,1.000000000000000000e+00,-3.065620000000000012e-01,2.258850000000000025e-01,-4.511120000000000130e-01,-2.003759999999999986e-01,-1.442130000000000078e-01,-5.351839999999999931e-01,-3.873829999999999774e-01,-3.166430000000000078e-01,4.028099999999999736e-02,3.453840000000000243e-01,2.833499999999999908e-01,5.084819999999999895e-01,1.555380000000000096e-01,3.250979999999999981e-01,6.480199999999999849e-02,3.721019999999999883e-01,5.940899999999999653e-02,2.686839999999999784e-01,9.710299999999999487e-02,2.256229999999999902e-01,2.944470000000000143e-01,2.689599999999999769e-01,1.694150000000000100e-01,2.144320000000000115e-01,3.092849999999999766e-01,9.343400000000000316e-02,2.508859999999999979e-01,3.409780000000000033e-01,-5.177400000000000058e-02,1.209319999999999978e-01,-3.893260000000000054e-01,-2.034120000000000095e-01,-3.668649999999999967e-01,-4.223129999999999939e-01,1.942010000000000125e-01,1.442549999999999943e-01,8.738700000000000634e-02,-4.256070000000000131e-01,-1.454699999999999917e-02,-3.235560000000000103e-01,-3.198989999999999889e-01,6.244999999999999857e-02,3.342129999999999823e-01,9.406399999999999484e-02,3.694000000000000061e-01,-4.872759999999999869e-01,3.973929999999999962e-01,-4.986860000000000182e-01,-1.325900000000000134e-01,-3.370279999999999943e-01,-3.331200000000000272e-01,-4.524150000000000116e-01,-1.531470000000000053e-01,1.589869999999999894e-01,1.916360000000000008e-01,4.103539999999999965e-01,4.242340000000000000e-01,-3.631000000000000200e-02,3.734569999999999834e-01,6.597699999999999398e-02,4.722950000000000204e-01,-1.960320000000000118e-01,3.888199999999999990e-01,4.483299999999999785e-02,-1.969569999999999932e-01,2.924860000000000237e-01,3.741099999999999981e-01,3.983400000000000135e-02,8.152199999999999724e-02,3.642779999999999907e-01,2.035430000000000017e-01,2.707939999999999792e-01
-2.324229999999999907e-01,-1.944510000000000127e-01,1.332480000000000053e-01,-3.065620000000000012e-01,1.000000000000000000e+00,-1.452239999999999920e-01,5.713350000000000373e-01,5.843799999999999689e-02,4.797409999999999730e-01,4.323629999999999973e-01,4.967989999999999906e-01,5.193879999999999608e-01,1.553100000000000036e-01,1.907540000000000069e-01,-2.865630000000000122e-01,-4.477780000000000094e-01,-1.170439999999999953e-01,-2.776959999999999984e-01,6.268300000000000261e-02,-2.817520000000000024e-01,-1.908769999999999911e-01,-2.734820000000000029e-01,-3.593199999999999866e-02,-3.825499999999999734e-02,-1.583690000000000098e-01,-2.099489999999999967e-01,-8.019000000000000086e-03,-1.755009999999999903e-01,-1.778980000000000006e-01,-1.419130000000000114e-01,-2.532679999999999931e-01,-3.695999999999999841e-01,-2.949120000000000075e-01,-2.281700000000000117e-01,9.175200000000000022e-02,1.669019999999999948e-01,3.928670000000000218e-01,5.238840000000000163e-01,-2.422999999999999876e-01,-2.162949999999999873e-01,-9.151499999999999913e-02,2.014319999999999999e-01,-2.912359999999999949e-01,2.534600000000000186e-01,4.847480000000000122e-01,-1.584949999999999970e-01,-2.250620000000000120e-01,-2.214999999999999955e-03,1.919600000000000126e-02,6.942540000000000378e-01,-1.274990000000000012e-01,6.675200000000000022e-01,-9.721000000000000474e-03,5.220590000000000508e-01,4.311400000000000232e-01,4.562499999999999889e-01,2.967119999999999758e-01,1.185019999999999962e-01,1.186429999999999985e-01,-1.783420000000000005e-01,-3.344929999999999848e-01,4.690799999999999831e-02,-5.644699999999999718e-02,-4.801999999999999845e-03,-1.982379999999999975e-01,6.376800000000000523e-02,-1.482169999999999876e-01,3.974599999999999661e-02,2.963640000000000163e-01,-2.030689999999999995e-01,-1.983469999999999955e-01,1.661809999999999954e-01,5.279199999999999865e-02,-1.191750000000000032e-01,-1.385609999999999897e-01,-1.923439999999999872e-01
2.994399999999999840e-02,7.408270000000000133e-01,2.744690000000000185e-01,2.258850000000000025e-01,-1.452239999999999920e-01,1.000000000000000000e+00,-7.005200000000000315e-02,4.696589999999999931e-01,1.153900000000000065e-01,-2.991809999999999747e-01,-1.266869999999999941e-01,-1.454650000000000110e-01,5.727349999999999941e-01,8.915800000000000114e-02,1.262550000000000061e-01,1.577320000000000111e-01,3.155640000000000112e-01,4.103789999999999938e-01,1.253229999999999900e-01,9.863900000000000445e-02,-4.316299999999999998e-02,-6.270599999999999785e-02,6.649270000000000458e-01,3.985870000000000246e-01,4.757520000000000082e-01,6.880730000000000457e-01,4.543249999999999789e-01,1.618630000000000069e-01,4.013699999999999907e-02,2.573999999999999899e-03,-5.331600000000000228e-02,1.824659999999999893e-01,2.052440000000000098e-01,-1.383439999999999948e-01,-5.827409999999999535e-01,2.111919999999999908e-01,-2.934629999999999739e-01,-4.082290000000000085e-01,1.409150000000000125e-01,2.839269999999999849e-01,-1.831039999999999890e-01,-3.633000000000000118e-01,3.285020000000000162e-01,-2.313230000000000008e-01,-3.425779999999999936e-01,-1.127859999999999974e-01,7.116719999999999713e-01,1.903670000000000084e-01,1.515229999999999910e-01,-3.033980000000000010e-01,7.980000000000000426e-01,-2.262210000000000054e-01,4.571109999999999896e-01,3.003199999999999967e-02,-2.457419999999999882e-01,-1.886970000000000036e-01,5.962400000000000339e-02,5.864909999999999846e-01,-2.489999999999999852e-02,3.536850000000000271e-01,1.780090000000000006e-01,3.540889999999999871e-01,2.701540000000000052e-01,8.890599999999999892e-02,2.247889999999999888e-01,-1.458160000000000012e-01,4.556700000000000333e-02,6.012629999999999919e-01,-1.205750000000000016e-01,2.548420000000000130e-01,5.937780000000000280e-01,2.830920000000000103e-01,1.419759999999999911e-01,2.083799999999999888e-02,4.273199999999999915e-02,-7.100099999999999467e-02
-2.192389999999999894e-01,4.537000000000000061e-02,-6.188899999999999957e-02,-4.511120000000000130e-01,5.713350000000000373e-01,-7.005200000000000315e-02,1.000000000000000000e+00,2.115690000000000071e-01,3.608720000000000261e-01,7.339059999999999473e-01,2.999890000000000057e-01,3.421250000000000124e-01,1.479820000000000024e-01,-1.756900000000000128e-02,-3.060950000000000060e-01,-4.383119999999999794e-01,-6.335000000000000353e-03,-1.718389999999999918e-01,-1.826429999999999998e-01,-5.414170000000000371e-01,-1.411260000000000014e-01,-3.914159999999999862e-01,-5.957500000000000295e-02,-1.846129999999999993e-01,-5.092700000000000005e-02,-3.595000000000000105e-03,-3.230899999999999883e-01,-3.028129999999999988e-01,-2.507519999999999749e-01,8.534999999999999185e-03,-1.676739999999999897e-01,-3.263340000000000130e-01,2.634489999999999887e-01,-5.274000000000000216e-02,2.805670000000000108e-01,5.784160000000000412e-01,8.030049999999999688e-01,4.856570000000000054e-01,-1.011149999999999965e-01,-2.916599999999999748e-01,7.331699999999999329e-02,4.570770000000000111e-01,-2.996329999999999827e-01,6.437659999999999494e-01,1.009820000000000023e-01,3.175999999999999657e-02,-2.322799999999999865e-01,-2.147969999999999879e-01,-1.806830000000000103e-01,5.275649999999999507e-01,-3.918380000000000196e-01,3.864369999999999750e-01,1.984930000000000028e-01,2.834289999999999865e-01,1.515350000000000030e-01,3.691570000000000129e-01,-4.477199999999999930e-02,-2.212169999999999970e-01,7.908800000000000552e-02,-5.638990000000000391e-01,-2.619670000000000054e-01,1.411100000000000028e-02,-1.588680000000000092e-01,-1.951029999999999986e-01,-5.617520000000000291e-01,2.313669999999999893e-01,-3.515849999999999809e-01,-6.875299999999999467e-02,1.207619999999999943e-01,-2.787089999999999845e-01,-3.141809999999999881e-01,-1.725500000000000089e-01,-2.105970000000000064e-01,-4.750840000000000063e-01,-1.598910000000000053e-01,-1.911720000000000086e-01
9.080599999999999783e-02,3.480840000000000045e-01,3.400020000000000264e-01,-2.003759999999999986e-01,5.843799999999999689e-02,4.696589999999999931e-01,2.115690000000000071e-01,1.000000000000000000e+00,8.434700000000000530e-02,2.196480000000000099e-01,4.330550000000000233e-01,1.581750000000000100e-01,3.099899999999999878e-01,1.146889999999999993e-01,1.843099999999999947e-02,-5.407300000000000301e-02,2.281870000000000009e-01,1.688719999999999943e-01,2.190620000000000067e-01,-8.758900000000000019e-02,2.225469999999999948e-01,-1.291599999999999970e-01,7.176379999999999981e-01,3.668370000000000242e-01,2.119179999999999953e-01,4.223999999999999977e-01,1.056320000000000037e-01,7.665600000000000191e-02,-1.356110000000000093e-01,2.378760000000000041e-01,7.357500000000000151e-02,6.924800000000000400e-02,1.519349999999999867e-01,-5.756700000000000012e-02,-6.753399999999999681e-02,4.608749999999999791e-01,1.413109999999999922e-01,-4.207000000000000323e-02,1.548549999999999927e-01,5.692599999999999744e-02,-1.908150000000000124e-01,6.825499999999999623e-02,4.889500000000000096e-02,5.864500000000000268e-02,-1.223189999999999972e-01,1.670659999999999923e-01,2.530410000000000159e-01,3.067059999999999786e-01,-3.953500000000000070e-02,8.322999999999999843e-02,3.069729999999999959e-01,1.920729999999999937e-01,7.840270000000000294e-01,2.334569999999999979e-01,2.487899999999999834e-02,2.420660000000000034e-01,1.668310000000000071e-01,2.922580000000000178e-01,1.231440000000000035e-01,-5.435700000000000254e-02,5.526899999999999868e-02,4.855579999999999896e-01,1.216399999999999981e-01,1.104910000000000059e-01,-8.624300000000000022e-02,2.988410000000000233e-01,-1.297049999999999870e-01,6.906330000000000524e-01,2.234599999999999920e-01,1.071519999999999972e-01,3.483979999999999855e-01,1.512249999999999983e-01,2.730630000000000002e-01,-1.293050000000000033e-01,1.313390000000000113e-01,3.905600000000000044e-02
4.971699999999999731e-02,3.690700000000000230e-02,3.614769999999999928e-01,-1.442130000000000078e-01,4.797409999999999730e-01,1.153900000000000065e-01,3.608720000000000261e-01,8.434700000000000530e-02,1.000000000000000000e+00,1.516589999999999883e-01,3.115729999999999889e-01,1.923449999999999882e-01,3.721679999999999988e-01,9.339699999999999391e-02,-1.937399999999999886e-02,-1.222619999999999957e-01,2.397050000000000014e-01,7.134300000000000364e-02,3.619979999999999865e-01,-4.057999999999999975e-03,-4.686099999999999988e-02,-1.014690000000000036e-01,-8.111999999999999419e-03,1.888269999999999949e-01,8.045800000000000174e-02,1.458009999999999862e-01,1.959299999999999931e-01,1.267830000000000068e-01,-3.666699999999999821e-02,1.198500000000000086e-02,-2.551600000000000049e-02,-1.245509999999999950e-01,-9.913099999999999690e-02,-7.860499999999999432e-02,-3.233170000000000210e-01,2.416699999999999959e-01,1.786419999999999952e-01,1.264570000000000138e-01,-8.899500000000000466e-02,3.196700000000000236e-02,1.430000000000000064e-03,-2.526570000000000205e-01,-2.797900000000000040e-02,1.762400000000000078e-02,1.091120000000000007e-01,-3.956400000000000194e-02,5.623999999999999659e-03,2.164409999999999945e-01,5.954700000000000271e-02,4.849539999999999962e-01,1.691100000000000103e-01,4.021899999999999920e-01,6.133199999999999763e-02,6.654780000000000140e-01,7.523000000000000520e-02,4.164599999999999969e-01,1.054149999999999948e-01,3.240060000000000162e-01,6.346100000000000352e-02,1.450660000000000005e-01,-1.081830000000000014e-01,2.731720000000000259e-01,2.058530000000000082e-01,2.954280000000000239e-01,4.146899999999999892e-02,5.366000000000000110e-03,-1.285200000000000058e-02,6.594899999999999374e-02,1.727930000000000021e-01,-1.303179999999999894e-01,1.246040000000000064e-01,2.854909999999999948e-01,2.531979999999999786e-01,-2.124200000000000046e-02,1.555509999999999948e-01,-1.359800000000000071e-02
-2.295079999999999898e-01,-1.033300000000000052e-01,-9.275400000000000311e-02,-5.351839999999999931e-01,4.323629999999999973e-01,-2.991809999999999747e-01,7.339059999999999473e-01,2.196480000000000099e-01,1.516589999999999883e-01,1.000000000000000000e+00,3.990150000000000086e-01,6.288089999999999513e-01,-4.326300000000000284e-02,-1.003800000000000005e-02,-3.417189999999999950e-01,-4.002269999999999994e-01,6.256799999999999862e-02,-2.086240000000000039e-01,-6.414100000000000357e-02,-5.206960000000000477e-01,-3.835100000000000314e-02,-2.555780000000000274e-01,-1.465339999999999976e-01,-1.272679999999999922e-01,-1.496820000000000095e-01,-1.043390000000000012e-01,-4.690190000000000192e-01,-2.793180000000000107e-01,-2.990079999999999960e-01,1.311259999999999926e-01,-1.582600000000000118e-01,-3.741189999999999793e-01,2.152010000000000034e-01,-1.202800000000000050e-02,4.445430000000000215e-01,5.458709999999999951e-01,8.343169999999999753e-01,7.111300000000000399e-01,-1.774100000000000121e-01,-2.716279999999999806e-01,1.038260000000000016e-01,6.238550000000000484e-01,-2.930550000000000099e-01,6.053230000000000555e-01,3.406739999999999768e-01,7.265000000000000624e-02,-3.316919999999999868e-01,-2.369100000000000095e-01,-2.470420000000000116e-01,5.300740000000000451e-01,-5.549309999999999521e-01,4.454000000000000181e-01,1.580419999999999880e-01,1.563930000000000042e-01,5.324429999999999996e-01,4.638320000000000221e-01,2.818959999999999799e-01,-2.347960000000000047e-01,2.039539999999999964e-01,-6.278230000000000199e-01,-2.415249999999999897e-01,1.769709999999999894e-01,-9.500100000000000211e-02,-1.101660000000000000e-01,-5.621279999999999610e-01,3.187329999999999885e-01,-2.962670000000000026e-01,-1.274929999999999952e-01,3.697779999999999956e-01,-2.062269999999999937e-01,-2.907390000000000252e-01,-3.113319999999999976e-01,-9.114200000000000079e-02,-4.036850000000000160e-01,-9.134899999999999964e-02,-1.428099999999999925e-01
-1.404229999999999923e-01,-1.405710000000000015e-01,4.367449999999999943e-01,-3.873829999999999774e-01,4.967989999999999906e-01,-1.266869999999999941e-01,2.999890000000000057e-01,4.330550000000000233e-01,3.115729999999999889e-01,3.990150000000000086e-01,1.000000000000000000e+00,3.643750000000000044e-01,3.263130000000000197e-01,1.716810000000000003e-01,-5.766899999999999804e-02,-2.467080000000000106e-01,1.394189999999999874e-01,-1.328419999999999879e-01,5.873099999999999987e-01,-6.817199999999999649e-02,-6.823999999999999511e-02,-2.731499999999999900e-02,1.312389999999999946e-01,-8.982700000000000407e-02,-2.317460000000000075e-01,-6.257200000000000262e-02,8.288299999999999834e-02,1.614150000000000029e-01,-2.722029999999999728e-01,9.863700000000000245e-02,-3.863099999999999867e-02,-2.436589999999999867e-01,-2.860380000000000145e-01,-2.289210000000000134e-01,1.659889999999999977e-01,2.310679999999999956e-01,2.198489999999999889e-01,3.003759999999999764e-01,-1.993350000000000122e-01,-2.782620000000000093e-01,-2.744650000000000145e-01,1.633499999999999952e-01,-5.578299999999999925e-02,1.336390000000000078e-01,3.367280000000000273e-01,-8.306499999999999995e-02,-2.269039999999999946e-01,4.658059999999999978e-01,-5.387000000000000122e-02,6.505659999999999776e-01,-7.876199999999999868e-02,6.041609999999999481e-01,2.330530000000000102e-01,5.717569999999999597e-01,3.133639999999999759e-01,7.678869999999999862e-01,2.141039999999999888e-01,2.569569999999999910e-01,2.532320000000000126e-01,-6.640000000000000069e-02,-2.647550000000000181e-01,3.129979999999999984e-01,-6.371499999999999386e-02,4.264229999999999965e-01,-3.952699999999999964e-02,5.206899999999999723e-02,-6.242400000000000032e-02,2.523039999999999727e-01,1.932109999999999939e-01,-2.398220000000000074e-01,-9.205499999999999794e-02,2.469220000000000026e-01,4.289209999999999967e-01,-1.667470000000000063e-01,3.422399999999999748e-02,-8.692099999999999826e-02
-3.374059999999999837e-01,-2.196319999999999939e-01,1.187799999999999967e-01,-3.166430000000000078e-01,5.193879999999999608e-01,-1.454650000000000110e-01,3.421250000000000124e-01,1.581750000000000100e-01,1.923449999999999882e-01,6.288089999999999513e-01,3.643750000000000044e-01,1.000000000000000000e+00,9.893499999999999517e-02,2.599009999999999931e-01,-4.106290000000000218e-01,-4.080489999999999950e-01,6.037599999999999911e-02,-2.560169999999999946e-01,5.758100000000000024e-02,-3.705559999999999965e-01,-2.405920000000000003e-01,-2.882299999999999862e-01,-1.005619999999999986e-01,2.249339999999999951e-01,-2.643360000000000154e-01,-1.448419999999999985e-01,-1.647389999999999965e-01,-1.322649999999999937e-01,-4.053760000000000141e-01,-5.015399999999999719e-02,-3.682849999999999735e-01,-4.065079999999999805e-01,-9.620199999999999585e-02,-1.205269999999999953e-01,1.520900000000000030e-01,3.661829999999999807e-01,4.300260000000000193e-01,7.379170000000000451e-01,-3.436230000000000118e-01,-3.548899999999999971e-02,1.095699999999999973e-02,2.753289999999999904e-01,-1.746310000000000084e-01,2.913479999999999959e-01,6.858579999999999677e-01,-2.554899999999999949e-01,-2.678490000000000038e-01,-7.782200000000000228e-02,5.346399999999999764e-02,4.334819999999999784e-01,-2.450110000000000066e-01,5.199730000000000185e-01,7.995999999999999636e-03,2.579210000000000114e-01,8.396689999999999987e-01,3.794390000000000263e-01,7.796959999999999447e-01,1.738449999999999995e-01,3.427839999999999776e-01,-2.953830000000000067e-01,-3.391330000000000178e-01,2.470090000000000063e-01,-4.907399999999999957e-02,-2.024899999999999964e-02,-2.863859999999999739e-01,-4.423699999999999855e-02,-2.455650000000000055e-01,-4.680999999999999744e-02,6.497209999999999930e-01,-2.429890000000000105e-01,-1.212700000000000028e-01,-1.539089999999999903e-01,1.359239999999999893e-01,-3.071579999999999866e-01,-1.654029999999999945e-01,-2.691830000000000056e-01
-3.408400000000000318e-02,5.361740000000000395e-01,4.302719999999999878e-01,4.028099999999999736e-02,1.553100000000000036e-01,5.727349999999999941e-01,1.479820000000000024e-01,3.099899999999999878e-01,3.721679999999999988e-01,-4.326300000000000284e-02,3.263130000000000197e-01,9.893499999999999517e-02,1.000000000000000000e+00,1.669579999999999953e-01,2.571990000000000109e-01,1.899409999999999987e-01,6.817609999999999504e-01,4.836170000000000191e-01,4.555910000000000237e-01,2.273840000000000028e-01,-1.117270000000000069e-01,1.782690000000000108e-01,2.849070000000000213e-01,1.111960000000000032e-01,2.060970000000000024e-01,6.097470000000000390e-01,5.008080000000000309e-01,6.129109999999999836e-01,-3.706399999999999972e-02,1.695599999999999885e-01,4.353400000000000325e-02,-5.225099999999999884e-02,-7.018800000000000039e-02,-2.664329999999999754e-01,-4.773769999999999958e-01,3.821140000000000092e-01,-6.721299999999999497e-02,-1.192799999999999971e-01,-1.801590000000000136e-01,6.584800000000000375e-02,-2.680549999999999877e-01,-3.255879999999999885e-01,1.584969999999999990e-01,-8.612699999999999523e-02,3.036000000000000157e-02,-2.574810000000000154e-01,3.340460000000000096e-01,3.276410000000000156e-01,1.870749999999999913e-01,2.915929999999999911e-01,4.727109999999999923e-01,1.950820000000000054e-01,9.728199999999999348e-02,4.407030000000000114e-01,-2.012600000000000153e-02,3.485820000000000030e-01,6.761499999999999455e-02,6.736799999999999455e-01,1.923279999999999990e-01,4.700570000000000026e-01,-3.261200000000000210e-02,4.863660000000000205e-01,2.990289999999999893e-01,2.972580000000000222e-01,3.597920000000000007e-01,-2.701359999999999872e-01,2.275989999999999958e-01,3.186030000000000251e-01,-1.406699999999999895e-01,-1.434020000000000017e-01,3.857630000000000225e-01,4.108749999999999902e-01,6.074720000000000120e-01,-1.087800000000000052e-02,1.662369999999999959e-01,1.196999999999999930e-03
1.466100000000000042e-02,5.526899999999999868e-02,2.765349999999999753e-01,3.453840000000000243e-01,1.907540000000000069e-01,8.915800000000000114e-02,-1.756900000000000128e-02,1.146889999999999993e-01,9.339699999999999391e-02,-1.003800000000000005e-02,1.716810000000000003e-01,2.599009999999999931e-01,1.669579999999999953e-01,1.000000000000000000e+00,6.726999999999999647e-02,5.387499999999999928e-02,4.525400000000000256e-02,7.865800000000000569e-02,1.116889999999999966e-01,6.746900000000000119e-02,-9.806199999999999639e-02,-1.030000000000000100e-03,2.159820000000000073e-01,1.934929999999999983e-01,1.403230000000000033e-01,1.342069999999999930e-01,1.316960000000000075e-01,8.561199999999999366e-02,-2.702900000000000094e-02,-3.625199999999999950e-02,-4.455100000000000032e-02,-1.352899999999999936e-02,-1.519989999999999952e-01,-2.026920000000000111e-01,-2.042110000000000036e-01,1.673020000000000063e-01,7.067000000000000365e-03,4.623900000000000232e-02,-3.800200000000000106e-02,3.690299999999999830e-02,-1.975810000000000066e-01,-1.919869999999999910e-01,2.223199999999999829e-02,1.012939999999999952e-01,1.208970000000000045e-01,-6.296699999999999520e-02,1.001029999999999975e-01,2.558289999999999731e-01,2.458980000000000055e-01,1.530499999999999916e-01,1.736449999999999938e-01,1.369579999999999964e-01,1.925899999999999834e-02,1.717029999999999945e-01,1.840060000000000029e-01,1.183229999999999976e-01,2.863140000000000129e-01,2.629360000000000031e-01,4.910490000000000133e-01,1.607729999999999992e-01,6.859200000000000019e-02,8.805000000000000326e-02,1.715849999999999875e-01,1.101810000000000012e-01,1.152100000000000068e-01,-8.060100000000000597e-02,9.684099999999999653e-02,2.577380000000000226e-01,1.034479999999999983e-01,1.257469999999999977e-01,2.021959999999999869e-01,1.492690000000000128e-01,2.244460000000000066e-01,5.926300000000000318e-02,-1.017659999999999954e-01,-4.037199999999999817e-02
4.464350000000000263e-01,2.798530000000000184e-01,1.419469999999999898e-01,2.833499999999999908e-01,-2.865630000000000122e-01,1.262550000000000061e-01,-3.060950000000000060e-01,1.843099999999999947e-02,-1.937399999999999886e-02,-3.417189999999999950e-01,-5.766899999999999804e-02,-4.106290000000000218e-01,2.571990000000000109e-01,6.726999999999999647e-02,1.000000000000000000e+00,4.218540000000000068e-01,2.574930000000000274e-01,2.700679999999999747e-01,2.360240000000000116e-01,7.207029999999999825e-01,5.767010000000000192e-01,7.352880000000000527e-01,2.369169999999999887e-01,1.609800000000000120e-02,2.499679999999999958e-01,3.715899999999999759e-01,4.275070000000000259e-01,5.178150000000000253e-01,5.297830000000000039e-01,4.752199999999999758e-01,4.750699999999999923e-01,4.196460000000000190e-01,1.451240000000000030e-01,1.671150000000000135e-01,-2.282389999999999974e-01,-1.358300000000000063e-01,-2.486440000000000039e-01,-3.655360000000000276e-01,2.440360000000000029e-01,-3.735999999999999738e-02,9.792700000000000016e-02,-2.786170000000000035e-01,2.342800000000000091e-02,-1.850060000000000038e-01,-3.921450000000000213e-01,3.243800000000000017e-01,2.067509999999999903e-01,1.165339999999999987e-01,8.839400000000000035e-02,-1.963010000000000033e-01,2.145420000000000105e-01,-3.399179999999999979e-01,-3.878600000000000103e-02,-1.794920000000000126e-01,-4.136739999999999862e-01,-8.777300000000000380e-02,-3.949230000000000240e-01,1.441100000000000020e-02,-6.813199999999999812e-02,6.380949999999999678e-01,3.679259999999999753e-01,-2.637499999999999914e-02,1.826720000000000010e-01,8.502099999999999935e-02,6.313919999999999533e-01,2.270570000000000088e-01,7.087689999999999824e-01,1.646680000000000088e-01,-4.157620000000000204e-01,2.429499999999999993e-01,2.783530000000000171e-01,3.958690000000000264e-01,3.836890000000000023e-01,4.982960000000000167e-01,4.784229999999999872e-01,4.345879999999999743e-01
6.905329999999999524e-01,3.628799999999999804e-01,-1.029349999999999987e-01,5.084819999999999895e-01,-4.477780000000000094e-01,1.577320000000000111e-01,-4.383119999999999794e-01,-5.407300000000000301e-02,-1.222619999999999957e-01,-4.002269999999999994e-01,-2.467080000000000106e-01,-4.080489999999999950e-01,1.899409999999999987e-01,5.387499999999999928e-02,4.218540000000000068e-01,1.000000000000000000e+00,5.824350000000000360e-01,7.908399999999999874e-01,1.821510000000000074e-01,4.664039999999999853e-01,4.045139999999999847e-01,5.331650000000000000e-01,8.093300000000000494e-02,2.623860000000000081e-01,5.366379999999999484e-01,5.365940000000000154e-01,1.480239999999999889e-01,5.128409999999999913e-01,5.106070000000000331e-01,4.812509999999999843e-01,7.155759999999999899e-01,6.333180000000000476e-01,2.241380000000000039e-01,3.103909999999999725e-01,-2.913450000000000206e-01,-1.940800000000000025e-01,-4.017689999999999872e-01,-4.004869999999999819e-01,4.761440000000000117e-01,4.452039999999999886e-01,3.036470000000000002e-01,-2.578579999999999761e-01,6.649999999999999661e-03,-3.017440000000000122e-01,-2.151160000000000017e-01,4.385760000000000214e-01,3.608439999999999981e-01,2.063099999999999934e-01,2.862020000000000119e-01,-3.377979999999999872e-01,3.191609999999999725e-01,-3.653029999999999888e-01,3.463700000000000112e-02,-2.429479999999999973e-01,-3.038540000000000130e-01,-3.157240000000000046e-01,-2.551550000000000207e-01,4.469499999999999862e-02,-2.005900000000000044e-02,4.719499999999999806e-01,7.256519999999999637e-01,2.687019999999999964e-01,6.009489999999999554e-01,1.635510000000000019e-01,4.878979999999999984e-01,1.063199999999999978e-01,5.536739999999999995e-01,9.507100000000000273e-02,-1.138440000000000007e-01,3.823360000000000092e-01,5.313390000000000057e-01,6.166200000000000153e-02,2.417380000000000084e-01,5.068939999999999557e-01,5.175950000000000273e-01,6.624219999999999553e-01
2.619520000000000182e-01,4.542370000000000019e-01,2.387849999999999973e-01,1.555380000000000096e-01,-1.170439999999999953e-01,3.155640000000000112e-01,-6.335000000000000353e-03,2.281870000000000009e-01,2.397050000000000014e-01,6.256799999999999862e-02,1.394189999999999874e-01,6.037599999999999911e-02,6.817609999999999504e-01,4.525400000000000256e-02,2.574930000000000274e-01,5.824350000000000360e-01,1.000000000000000000e+00,7.291119999999999823e-01,4.070599999999999774e-01,2.179989999999999983e-01,4.987699999999999773e-02,3.131869999999999932e-01,6.801100000000000201e-02,1.916349999999999998e-01,2.855170000000000208e-01,6.979769999999999586e-01,2.109189999999999954e-01,6.288540000000000241e-01,1.337999999999999997e-03,4.243319999999999870e-01,3.135919999999999819e-01,1.688590000000000091e-01,1.496020000000000127e-01,6.127500000000000308e-02,-3.007290000000000241e-01,2.999379999999999824e-01,-1.830199999999999882e-02,-6.588700000000000112e-02,2.814000000000000095e-03,2.139560000000000073e-01,6.124799999999999689e-02,-2.311570000000000014e-01,4.419200000000000211e-02,-1.356209999999999916e-01,2.721099999999999908e-02,6.303699999999999581e-02,2.575319999999999832e-01,2.927540000000000142e-01,1.551609999999999934e-01,1.091160000000000047e-01,2.394090000000000107e-01,4.320700000000000235e-02,1.263180000000000136e-01,2.315540000000000098e-01,1.790299999999999878e-02,1.950860000000000094e-01,2.493099999999999830e-02,3.654339999999999811e-01,1.699809999999999932e-01,3.948999999999999733e-01,2.467110000000000136e-01,6.824480000000000546e-01,4.603749999999999787e-01,2.570040000000000102e-01,3.148719999999999852e-01,-1.133920000000000067e-01,3.080280000000000240e-01,1.009410000000000029e-01,-2.608500000000000055e-02,-3.732800000000000007e-02,4.317619999999999791e-01,1.172089999999999937e-01,5.029099999999999682e-01,1.613200000000000051e-02,3.616159999999999930e-01,2.909570000000000212e-01
4.216480000000000228e-01,6.402339999999999698e-01,4.448699999999999877e-02,3.250979999999999981e-01,-2.776959999999999984e-01,4.103789999999999938e-01,-1.718389999999999918e-01,1.688719999999999943e-01,7.134300000000000364e-02,-2.086240000000000039e-01,-1.328419999999999879e-01,-2.560169999999999946e-01,4.836170000000000191e-01,7.865800000000000569e-02,2.700679999999999747e-01,7.908399999999999874e-01,7.291119999999999823e-01,1.000000000000000000e+00,2.473309999999999953e-01,3.435110000000000108e-01,2.235229999999999995e-01,3.700450000000000128e-01,1.645679999999999921e-01,2.773490000000000122e-01,6.081079999999999819e-01,7.163699999999999513e-01,2.403760000000000063e-01,4.920260000000000189e-01,3.483459999999999890e-01,3.332930000000000059e-01,4.279580000000000051e-01,4.355879999999999752e-01,1.938340000000000063e-01,1.113660000000000067e-01,-4.330780000000000185e-01,6.278300000000000547e-02,-2.558659999999999823e-01,-3.797459999999999725e-01,3.362539999999999973e-01,4.201619999999999799e-01,7.707100000000000062e-02,-3.117699999999999916e-01,1.118829999999999963e-01,-2.424870000000000081e-01,-2.401860000000000106e-01,1.719640000000000057e-01,5.331409999999999760e-01,2.178249999999999909e-01,2.220270000000000021e-01,-1.771659999999999902e-01,4.259049999999999780e-01,-1.810390000000000055e-01,1.109610000000000041e-01,4.840400000000000258e-02,-2.644779999999999909e-01,-8.180800000000000571e-02,-1.029680000000000040e-01,2.652530000000000165e-01,-4.778799999999999715e-02,4.157440000000000024e-01,5.350519999999999721e-01,4.833770000000000011e-01,6.858419999999999517e-01,2.180439999999999878e-01,3.636269999999999780e-01,3.024000000000000212e-03,4.138740000000000197e-01,1.832590000000000052e-01,-1.615580000000000072e-01,2.464770000000000016e-01,5.721500000000000474e-01,1.224110000000000059e-01,3.040269999999999917e-01,3.169179999999999775e-01,3.742249999999999743e-01,3.909929999999999795e-01
2.917099999999999901e-02,3.272599999999999815e-02,5.658640000000000336e-01,6.480199999999999849e-02,6.268300000000000261e-02,1.253229999999999900e-01,-1.826429999999999998e-01,2.190620000000000067e-01,3.619979999999999865e-01,-6.414100000000000357e-02,5.873099999999999987e-01,5.758100000000000024e-02,4.555910000000000237e-01,1.116889999999999966e-01,2.360240000000000116e-01,1.821510000000000074e-01,4.070599999999999774e-01,2.473309999999999953e-01,1.000000000000000000e+00,3.154350000000000209e-01,-2.881799999999999987e-02,2.691299999999999804e-01,1.825699999999999892e-02,1.148580000000000018e-01,-7.184500000000000608e-02,1.391280000000000017e-01,3.485779999999999990e-01,4.851429999999999909e-01,9.353999999999999468e-03,2.092849999999999988e-01,1.273410000000000097e-01,2.284399999999999972e-02,-2.684349999999999792e-01,-1.269999999999999948e-02,-2.166869999999999907e-01,-1.002300000000000066e-02,-2.305500000000000049e-01,-3.756500000000000117e-02,-1.006940000000000057e-01,-3.389999999999999958e-02,-1.242469999999999963e-01,-2.419449999999999934e-01,1.083029999999999965e-01,-3.528600000000000070e-01,1.352869999999999906e-01,-1.507590000000000041e-01,5.600499999999999923e-02,5.838870000000000449e-01,2.602000000000000146e-02,2.587510000000000088e-01,2.775340000000000029e-01,2.061550000000000049e-01,2.460000000000000034e-02,3.890140000000000264e-01,2.553599999999999967e-02,5.504259999999999708e-01,1.424259999999999970e-01,4.395970000000000155e-01,4.808099999999999874e-02,4.292579999999999729e-01,2.918600000000000014e-02,3.564669999999999783e-01,2.874329999999999941e-01,8.003609999999999891e-01,4.516939999999999844e-01,-1.971019999999999994e-01,2.731250000000000067e-01,1.197060000000000068e-01,3.157000000000000084e-03,-1.235170000000000018e-01,2.069860000000000033e-01,3.560189999999999744e-01,6.307209999999999761e-01,2.070019999999999916e-01,3.097219999999999973e-01,6.795299999999999951e-02
3.822659999999999947e-01,2.675020000000000175e-01,3.190599999999999686e-02,3.721019999999999883e-01,-2.817520000000000024e-01,9.863900000000000445e-02,-5.414170000000000371e-01,-8.758900000000000019e-02,-4.057999999999999975e-03,-5.206960000000000477e-01,-6.817199999999999649e-02,-3.705559999999999965e-01,2.273840000000000028e-01,6.746900000000000119e-02,7.207029999999999825e-01,4.664039999999999853e-01,2.179989999999999983e-01,3.435110000000000108e-01,3.154350000000000209e-01,1.000000000000000000e+00,4.806030000000000024e-01,8.820780000000000287e-01,9.805700000000000527e-02,6.622999999999999721e-02,2.243020000000000014e-01,2.994640000000000080e-01,5.746229999999999949e-01,5.261130000000000528e-01,6.462809999999999944e-01,2.890139999999999931e-01,4.307650000000000090e-01,4.061299999999999910e-01,-1.155800000000000022e-01,2.620499999999999913e-02,-3.232470000000000065e-01,-4.165139999999999953e-01,-5.348070000000000324e-01,-4.086159999999999792e-01,2.063010000000000121e-01,1.337929999999999953e-01,-7.751299999999999857e-02,-3.980560000000000209e-01,1.136100000000000027e-01,-4.707509999999999750e-01,-2.340869999999999895e-01,1.568680000000000074e-01,2.549259999999999859e-01,1.357379999999999975e-01,1.034339999999999982e-01,-1.751890000000000114e-01,3.321250000000000036e-01,-2.087440000000000129e-01,-1.638799999999999979e-01,-9.058900000000000285e-02,-2.941889999999999783e-01,-5.825700000000000323e-02,-1.888970000000000093e-01,2.155110000000000081e-01,-1.642979999999999996e-01,6.041809999999999681e-01,3.722840000000000038e-01,1.545099999999999946e-02,2.628240000000000021e-01,2.706540000000000057e-01,8.804119999999999724e-01,2.397699999999999831e-02,8.234629999999999450e-01,7.073799999999999533e-02,-3.143699999999999828e-01,2.442419999999999869e-01,3.667900000000000049e-01,4.717620000000000147e-01,4.434150000000000036e-01,6.867900000000000116e-01,5.106500000000000483e-01,4.705909999999999815e-01
