1.000000000000000000e+00,6.996199999999999641e-02,9.743200000000000471e-02,-6.261999999999999511e-02,2.192699999999999858e-02,-2.523770000000000180e-01,-1.210019999999999984e-01,-3.224489999999999856e-01,2.650500000000000078e-02,-1.943249999999999977e-01,1.767900000000000027e-02,-3.081070000000000197e-01,-7.845699999999999896e-02,-2.170110000000000094e-01,3.914630000000000054e-01,2.917210000000000081e-01,-1.320820000000000050e-01,1.410530000000000117e-01,1.391489999999999949e-01,7.501399999999999735e-02,2.630779999999999785e-01,1.734539999999999971e-01,-2.673459999999999726e-01,1.787070000000000047e-01,3.981480000000000019e-01,2.625560000000000116e-01,3.116019999999999901e-01,2.502880000000000105e-01,2.904030000000000222e-01,2.724260000000000015e-01,6.061010000000000009e-01,3.203550000000000009e-01,5.780060000000000198e-01,4.309760000000000257e-01,4.225299999999999889e-02,-2.995099999999999846e-02,-1.436419999999999919e-01,-1.488299999999999901e-01,4.623820000000000152e-01,5.137810000000000432e-01,4.785760000000000014e-01,4.047699999999999909e-02,1.610749999999999960e-01,1.247749999999999970e-01,-2.740060000000000273e-01,8.735699999999999577e-01,5.496919999999999584e-01,-1.129209999999999936e-01,-2.695119999999999738e-01,-1.836399999999999977e-01,-4.891399999999999915e-02,-1.010759999999999992e-01,-2.573369999999999824e-01,7.839500000000000635e-02,-5.353299999999999725e-02,-1.218699999999999992e-02,-1.469449999999999923e-01,-8.666000000000000092e-03,-1.297639999999999905e-01,3.817740000000000022e-01,5.971840000000000481e-01,2.281169999999999864e-01,3.155510000000000259e-01,1.566629999999999967e-01,3.844060000000000255e-01,3.162789999999999768e-01,3.788059999999999761e-01,-1.701999999999999902e-01,-5.061399999999999927e-02,2.509390000000000231e-01,5.188599999999999879e-01,3.146860000000000213e-01,3.500099999999999878e-01,4.152259999999999840e-01,2.482169999999999932e-01,5.904329999999999856e-01
6.996199999999999641e-02,1.000000000000000000e+00,-5.678500000000000214e-02,-6.231899999999999940e-02,-9.671699999999999742e-02,5.479509999999999659e-01,4.813509999999999733e-01,4.134999999999999787e-03,-1.222430000000000044e-01,-2.290499999999999828e-02,-2.266279999999999961e-01,-2.570560000000000067e-01,3.515759999999999996e-01,-2.190469999999999917e-01,3.658600000000000046e-02,6.126759999999999984e-01,2.416989999999999972e-01,6.104349999999999499e-01,-9.351399999999999990e-02,2.745960000000000067e-01,-1.635599999999999901e-02,4.245260000000000145e-01,2.088500000000000079e-02,-2.673200000000000021e-01,6.346110000000000362e-01,3.104049999999999865e-01,3.920759999999999801e-01,9.140900000000000414e-02,5.801230000000000553e-01,4.435499999999999859e-02,-3.850599999999999856e-02,1.864049999999999874e-01,4.148149999999999893e-01,-6.315300000000000080e-02,-2.694699999999999873e-01,-2.005800000000000083e-01,-2.162630000000000108e-01,-6.727400000000000047e-02,4.371599999999999792e-02,2.603489999999999971e-01,1.891899999999999832e-02,-2.583280000000000021e-01,-3.607500000000000290e-02,2.535400000000000154e-02,-1.738310000000000133e-01,-5.049800000000000122e-02,2.733729999999999771e-01,-5.804999999999999744e-02,-1.318139999999999867e-01,-1.261269999999999891e-01,1.324919999999999987e-01,-1.283999999999999985e-03,-2.308350000000000124e-01,5.257499999999999674e-02,-1.844409999999999938e-01,-1.326309999999999989e-01,-1.279359999999999942e-01,-5.181299999999999795e-02,-2.553119999999999834e-01,9.285499999999999310e-02,2.330499999999999933e-02,-2.990269999999999873e-01,-1.002000000000000069e-03,-1.617000000000000035e-02,1.980899999999999883e-01,-1.614329999999999932e-01,1.960379999999999900e-01,-1.358930000000000138e-01,-1.864250000000000074e-01,4.719740000000000046e-01,-7.589899999999999425e-02,3.942919999999999758e-01,-2.437999999999999889e-02,3.790299999999999919e-02,4.743200000000000194e-02,-1.699499999999999969e-02
9.743200000000000471e-02,-5.678500000000000214e-02,1.000000000000000000e+00,-9.685299999999999465e-02,1.475720000000000087e-01,3.912700000000000206e-02,-3.107329999999999814e-01,1.785100000000000020e-01,5.770530000000000381e-01,-1.063879999999999965e-01,6.794249999999999456e-01,1.784910000000000108e-01,2.134679999999999911e-01,-1.815479999999999872e-01,2.935780000000000056e-01,-1.765600000000000155e-02,7.766199999999999493e-02,-2.629889999999999728e-01,7.161089999999999955e-01,3.743690000000000073e-01,1.294379999999999975e-01,3.133589999999999987e-01,1.460390000000000021e-01,2.894410000000000038e-01,-1.276490000000000125e-01,2.747910000000000075e-01,-2.693139999999999978e-01,3.387479999999999936e-01,-4.446629999999999749e-01,4.284600000000000214e-02,4.035799999999999804e-02,-4.254499999999999948e-02,2.660799999999999971e-02,1.729430000000000134e-01,2.444199999999999845e-02,7.986600000000000643e-02,-2.011969999999999870e-01,-1.550759999999999916e-01,-3.967799999999999799e-02,1.001589999999999980e-01,-1.817600000000000118e-02,-1.481500000000000004e-02,1.672710000000000030e-01,4.611300000000000121e-02,-7.469000000000000639e-02,7.668000000000000337e-03,-2.020460000000000034e-01,8.562210000000000099e-01,-1.765490000000000115e-01,1.455710000000000059e-01,1.605800000000000005e-01,-2.361350000000000116e-01,1.677970000000000017e-01,7.283290000000000042e-01,-9.784199999999999842e-02,7.097080000000000055e-01,1.013830000000000009e-01,-6.371300000000000574e-02,-1.248670000000000058e-01,3.731090000000000240e-01,-2.364700000000000135e-01,2.158000000000000196e-03,-2.830170000000000186e-01,7.236350000000000282e-01,1.668630000000000113e-01,1.304130000000000011e-01,5.393320000000000336e-01,9.244000000000000480e-03,1.605810000000000015e-01,-1.866639999999999966e-01,2.471820000000000128e-01,-2.219599999999999906e-01,2.730319999999999969e-01,-2.722180000000000155e-01,1.170099999999999960e-02,-1.473799999999999936e-02
-6.261999999999999511e-02,-6.231899999999999940e-02,-9.685299999999999465e-02,1.000000000000000000e+00,1.780460000000000098e-01,2.477199999999999888e-02,8.672499999999999654e-02,-5.000000000000000409e-06,7.333199999999999441e-02,4.282949999999999813e-01,3.155600000000000072e-02,6.156699999999999673e-02,1.672500000000000098e-01,2.554159999999999764e-01,7.802399999999999614e-02,6.278100000000000347e-02,2.441210000000000047e-01,-1.786919999999999897e-01,-1.253849999999999965e-01,-1.198250000000000010e-01,1.280219999999999969e-01,-1.056440000000000018e-01,-2.670200000000000004e-02,-8.348300000000000165e-02,-1.925229999999999997e-01,-2.726900000000000157e-02,-6.364499999999999325e-02,1.999099999999999835e-02,-4.401100000000000151e-02,-1.969740000000000102e-01,-1.441230000000000011e-01,1.503900000000000028e-02,-2.747919999999999807e-01,-1.379259999999999931e-01,2.118619999999999948e-01,1.748530000000000084e-01,3.035689999999999777e-01,2.851699999999999791e-01,-1.692879999999999940e-01,-1.970349999999999879e-01,-1.484070000000000111e-01,1.400220000000000076e-01,-1.740210000000000090e-01,-2.127640000000000087e-01,2.534669999999999979e-01,-1.326990000000000114e-01,-9.268700000000000550e-02,7.898000000000000506e-03,4.065340000000000065e-01,8.760000000000000425e-04,-9.676999999999999491e-02,1.245760000000000062e-01,8.383500000000000674e-02,-1.389380000000000059e-01,5.486200000000000104e-02,1.412380000000000024e-01,-1.061349999999999932e-01,6.629799999999999582e-02,2.453160000000000063e-01,1.240359999999999935e-01,-2.567280000000000117e-01,-8.538800000000000556e-02,-1.556530000000000136e-01,-9.366599999999999926e-02,-2.516360000000000263e-01,1.014189999999999953e-01,-1.483349999999999946e-01,4.129900000000000237e-02,2.228499999999999925e-02,-2.010079999999999922e-01,3.085699999999999901e-02,-1.674190000000000123e-01,-1.122810000000000058e-01,-1.157480000000000037e-01,-1.199300000000000019e-02,-1.796439999999999981e-01
2.192699999999999858e-02,-9.671699999999999742e-02,1.475720000000000087e-01,1.780460000000000098e-01,1.000000000000000000e+00,6.778399999999999703e-02,1.735250000000000126e-01,1.684620000000000006e-01,3.708009999999999917e-01,2.920360000000000178e-01,5.024009999999999865e-01,1.804739999999999955e-01,2.385619999999999963e-01,2.616439999999999877e-01,-9.929999999999999938e-02,-1.869580000000000131e-01,1.417100000000000026e-01,-1.051990000000000008e-01,2.256869999999999987e-01,1.141920000000000018e-01,3.391600000000000170e-02,-4.612800000000000233e-02,1.002679999999999960e-01,2.077309999999999990e-01,-8.586299999999999488e-02,3.338800000000000101e-02,9.202200000000000657e-02,1.726959999999999884e-01,-1.117680000000000062e-01,-7.534599999999999631e-02,-8.819799999999999862e-02,1.202190000000000064e-01,-1.449320000000000053e-01,-2.926099999999999882e-02,5.082300000000000012e-02,1.128709999999999991e-01,2.915600000000000136e-02,3.812980000000000258e-01,7.179999999999999967e-04,-1.104699999999999953e-02,-2.268399999999999930e-02,-1.192700000000000010e-02,3.604399999999999965e-02,6.975000000000000297e-03,2.476029999999999898e-01,-5.751799999999999968e-02,-1.773160000000000014e-01,1.448429999999999995e-01,8.114399999999999391e-02,5.489020000000000010e-01,-4.529000000000000040e-03,1.947490000000000054e-01,1.979750000000000121e-01,3.355290000000000217e-01,1.402970000000000050e-01,3.891029999999999767e-01,-1.786700000000000094e-02,1.823390000000000011e-01,2.408780000000000088e-01,-5.910999999999999588e-03,-1.766099999999999892e-01,7.598499999999999699e-02,1.581400000000000167e-02,2.039300000000000002e-01,7.464999999999999414e-02,5.627499999999999863e-02,4.333300000000000346e-02,7.408499999999999808e-02,5.675999999999999622e-03,-2.041759999999999964e-01,-4.448599999999999777e-02,-5.187900000000000150e-02,1.496510000000000062e-01,-1.379950000000000065e-01,-7.615299999999999847e-02,-3.183799999999999825e-02
-2.523770000000000180e-01,5.479509999999999659e-01,3.912700000000000206e-02,2.477199999999999888e-02,6.778399999999999703e-02,1.000000000000000000e+00,3.424820000000000086e-01,6.525509999999999922e-01,-2.957130000000000036e-01,9.178799999999999459e-02,-1.382369999999999988e-01,1.863470000000000126e-01,6.366030000000000300e-01,2.719759999999999955e-01,-5.479999999999999845e-04,1.187010000000000010e-01,1.872459999999999958e-01,8.962100000000000621e-02,-1.633779999999999955e-01,7.106800000000000617e-02,4.454009999999999914e-01,-8.807900000000000451e-02,7.121650000000000480e-01,6.461300000000000376e-02,2.438400000000000012e-01,5.218409999999999993e-01,1.128230000000000066e-01,5.761700000000000155e-02,2.241289999999999949e-01,-2.024990000000000123e-01,-4.179860000000000242e-01,3.174549999999999872e-01,-1.243200000000000034e-02,-1.417370000000000019e-01,-2.704900000000000013e-02,1.917169999999999985e-01,-6.628799999999999970e-02,-9.258800000000000363e-02,1.077929999999999999e-01,-1.325699999999999934e-01,-1.900900000000000159e-02,6.939999999999999555e-04,2.858820000000000250e-01,1.498619999999999952e-01,-4.656300000000000022e-02,-3.047219999999999929e-01,-8.306700000000000195e-02,9.384199999999999486e-02,-3.699100000000000305e-02,-6.856900000000000495e-02,6.852730000000000210e-01,-4.995100000000000234e-02,5.145960000000000534e-01,-4.345899999999999763e-02,2.797600000000000087e-02,-4.396499999999999714e-02,2.198180000000000134e-01,2.261799999999999922e-01,2.175509999999999944e-01,1.232400000000000023e-01,-3.952069999999999750e-01,-1.516589999999999883e-01,-2.933520000000000016e-01,-3.801399999999999918e-02,-1.359029999999999960e-01,2.588099999999999845e-01,1.141799999999999933e-02,5.703880000000000061e-01,-1.028710000000000041e-01,1.435200000000000087e-01,6.276299999999999935e-02,1.893920000000000048e-01,-2.680799999999999850e-02,6.839999999999999726e-03,-1.950570000000000082e-01,-3.334300000000000042e-01
-1.210019999999999984e-01,4.813509999999999733e-01,-3.107329999999999814e-01,8.672499999999999654e-02,1.735250000000000126e-01,3.424820000000000086e-01,1.000000000000000000e+00,-2.919599999999999973e-02,-2.254470000000000085e-01,4.146799999999999931e-01,-2.946889999999999787e-01,-6.072199999999999820e-02,2.256869999999999987e-01,6.754200000000000481e-02,-2.325710000000000000e-01,2.898040000000000060e-01,1.319940000000000002e-01,5.553310000000000191e-01,-2.480370000000000075e-01,1.433500000000000052e-02,-9.495900000000000174e-02,2.168219999999999870e-01,-3.269099999999999784e-02,-2.348359999999999892e-01,2.769130000000000202e-01,-9.433999999999999678e-03,4.462050000000000183e-01,-1.558360000000000023e-01,4.846190000000000220e-01,-3.304100000000000092e-02,-2.747149999999999870e-01,9.861499999999999433e-02,1.332299999999999873e-01,-1.343469999999999942e-01,-2.167799999999999935e-02,-4.605900000000000272e-02,2.382249999999999923e-01,3.465199999999999947e-01,-1.148819999999999980e-01,1.042239999999999972e-01,-3.744000000000000106e-02,2.448499999999999982e-02,-1.665629999999999888e-01,-1.312999999999999931e-02,2.273959999999999870e-01,-1.616259999999999919e-01,-3.448299999999999976e-02,-2.709969999999999879e-01,3.699120000000000186e-01,2.836580000000000212e-01,-1.054589999999999972e-01,5.476490000000000524e-01,-2.238060000000000049e-01,-1.992730000000000057e-01,1.297449999999999992e-01,-2.325909999999999922e-01,-2.667299999999999879e-02,1.944130000000000025e-01,1.122620000000000007e-01,-1.854800000000000060e-01,2.444899999999999851e-02,-1.379039999999999988e-01,1.331080000000000041e-01,-2.268100000000000116e-01,1.004960000000000020e-01,-2.319130000000000080e-01,-1.707220000000000126e-01,-1.070989999999999998e-01,-1.061990000000000017e-01,1.198670000000000013e-01,-3.919980000000000131e-01,4.149669999999999748e-01,-2.205259999999999998e-01,-4.304399999999999893e-02,-4.925299999999999817e-02,-1.527560000000000029e-01
-3.224489999999999856e-01,4.134999999999999787e-03,1.785100000000000020e-01,-5.000000000000000409e-06,1.684620000000000006e-01,6.525509999999999922e-01,-2.919599999999999973e-02,1.000000000000000000e+00,-1.160729999999999956e-01,3.688899999999999818e-02,1.262260000000000049e-01,5.868659999999999988e-01,3.943090000000000206e-01,4.909740000000000215e-01,-8.298400000000000221e-02,-3.885660000000000225e-01,1.607270000000000088e-01,-3.471069999999999989e-01,3.209000000000000047e-03,-1.428699999999999935e-02,5.638319999999999999e-01,-2.146899999999999920e-01,9.227039999999999687e-01,4.384359999999999924e-01,-1.267729999999999968e-01,5.294889999999999874e-01,-3.950770000000000115e-01,-4.710799999999999710e-02,-3.904560000000000253e-01,-1.459310000000000052e-01,-4.895950000000000024e-01,2.578119999999999856e-01,-1.470450000000000090e-01,-1.485130000000000061e-01,-9.154900000000000537e-02,4.278830000000000133e-01,5.353100000000000219e-02,-3.771700000000000053e-02,1.423810000000000076e-01,-1.913070000000000048e-01,-1.813849999999999907e-01,-7.349400000000000377e-02,5.274809999999999777e-01,3.158779999999999921e-01,-4.947900000000000215e-02,-2.886110000000000064e-01,-3.956029999999999824e-01,2.598249999999999726e-01,-5.477000000000000098e-03,1.661940000000000084e-01,6.165079999999999449e-01,6.512999999999999692e-03,8.823680000000000412e-01,2.301699999999999927e-02,5.710300000000000098e-02,7.170799999999999397e-02,4.366510000000000113e-01,1.995220000000000049e-01,4.155220000000000025e-01,3.023800000000000099e-02,-5.889560000000000350e-01,-3.561099999999999682e-02,-3.563379999999999881e-01,3.774399999999999977e-02,-2.786620000000000208e-01,3.519289999999999918e-01,-4.019600000000000256e-02,7.206369999999999720e-01,2.139220000000000010e-01,-2.980229999999999824e-01,1.143070000000000058e-01,-2.565919999999999868e-01,-4.129700000000000037e-02,-2.977489999999999859e-01,-8.532299999999999607e-02,-4.294189999999999952e-01
2.650500000000000078e-02,-1.222430000000000044e-01,5.770530000000000381e-01,7.333199999999999441e-02,3.708009999999999917e-01,-2.957130000000000036e-01,-2.254470000000000085e-01,-1.160729999999999956e-01,1.000000000000000000e+00,1.050470000000000015e-01,7.942810000000000148e-01,1.229299999999999976e-01,1.379039999999999988e-01,-2.545140000000000180e-01,9.041899999999999937e-02,-2.005900000000000044e-02,2.796640000000000237e-01,-2.043820000000000081e-01,6.871660000000000545e-01,3.283980000000000232e-01,-1.559379999999999933e-01,3.042819999999999969e-01,-2.381419999999999926e-01,4.192300000000000193e-02,-2.007520000000000138e-01,-1.564010000000000122e-01,-2.269239999999999868e-01,3.106280000000000152e-01,-3.566960000000000131e-01,1.020100000000000035e-01,9.536400000000000432e-02,-3.187369999999999925e-01,-1.236460000000000059e-01,-4.141800000000000342e-02,-1.940959999999999908e-01,-1.881210000000000104e-01,-8.616600000000000648e-02,1.562479999999999980e-01,-3.262660000000000005e-01,1.147930000000000061e-01,-1.802149999999999863e-01,-2.181569999999999898e-01,-1.872679999999999900e-01,-1.033410000000000023e-01,1.507229999999999959e-01,-1.363900000000000008e-02,-2.507369999999999877e-01,6.177230000000000221e-01,1.534300000000000073e-02,4.403549999999999964e-01,-2.321469999999999922e-01,-1.070109999999999950e-01,-1.008109999999999978e-01,7.887319999999999887e-01,-6.805500000000000438e-02,7.207189999999999985e-01,-4.715999999999999706e-03,-9.865999999999999770e-03,-2.653739999999999988e-01,8.647599999999999731e-02,-1.508130000000000026e-01,7.888799999999999979e-02,-2.992900000000000074e-02,5.466410000000000435e-01,9.362800000000000289e-02,-1.102270000000000055e-01,2.607419999999999738e-01,-2.785110000000000086e-01,2.440920000000000034e-01,-2.336320000000000063e-01,3.118999999999999811e-03,-3.669040000000000079e-01,1.899899999999999922e-01,-2.700719999999999787e-01,3.085900000000000101e-02,3.976199999999999873e-02
-1.943249999999999977e-01,-2.290499999999999828e-02,-1.063879999999999965e-01,4.282949999999999813e-01,2.920360000000000178e-01,9.178799999999999459e-02,4.146799999999999931e-01,3.688899999999999818e-02,1.050470000000000015e-01,1.000000000000000000e+00,3.737100000000000144e-02,4.152100000000000235e-01,2.674889999999999768e-01,2.093029999999999891e-01,-3.765709999999999891e-01,8.886299999999999755e-02,3.654499999999999971e-01,1.175640000000000018e-01,-1.699309999999999987e-01,-3.045010000000000217e-01,6.579999999999999478e-04,-5.307300000000000212e-02,-6.400000000000000307e-03,1.239080000000000042e-01,-8.226899999999999491e-02,1.449600000000000020e-02,-1.147640000000000049e-01,-1.499739999999999962e-01,2.346699999999999828e-02,-3.034700000000000175e-01,-3.646289999999999809e-01,-1.548309999999999964e-01,-1.783450000000000035e-01,-1.416530000000000011e-01,1.287560000000000093e-01,-2.278399999999999870e-02,5.618339999999999446e-01,7.351400000000000157e-01,-3.589080000000000048e-01,-1.887000000000000005e-03,-8.554900000000000004e-02,3.832530000000000103e-01,-3.446449999999999791e-01,-3.415679999999999827e-01,7.255850000000000355e-01,-2.129169999999999952e-01,-3.613500000000000045e-01,-4.113599999999999896e-02,6.865109999999999824e-01,3.693460000000000076e-01,-1.505370000000000041e-01,5.199669999999999570e-01,1.264299999999999972e-02,-1.680889999999999884e-01,5.813589999999999591e-01,-3.291399999999999881e-02,3.033989999999999743e-01,4.013149999999999773e-01,1.719960000000000100e-01,-3.404639999999999889e-01,-1.803569999999999895e-01,3.483029999999999737e-01,2.006149999999999878e-01,-1.927460000000000007e-01,-4.334529999999999772e-01,-8.207899999999999918e-02,-3.718980000000000063e-01,2.906999999999999862e-03,3.460320000000000062e-01,-2.333290000000000086e-01,-5.582999999999999768e-02,-1.627049999999999885e-01,-2.024880000000000013e-01,-2.106570000000000109e-01,-3.478640000000000065e-01,-3.967450000000000143e-01
1.767900000000000027e-02,-2.266279999999999961e-01,6.794249999999999456e-01,3.155600000000000072e-02,5.024009999999999865e-01,-1.382369999999999988e-01,-2.946889999999999787e-01,1.262260000000000049e-01,7.942810000000000148e-01,3.737100000000000144e-02,1.000000000000000000e+00,2.023739999999999983e-01,1.630479999999999985e-01,-1.116900000000000011e-02,1.502040000000000042e-01,-1.937580000000000136e-01,2.419409999999999894e-01,-3.087639999999999829e-01,7.286599999999999744e-01,2.859220000000000095e-01,1.035799999999999915e-02,1.736479999999999968e-01,3.485999999999999949e-03,1.874619999999999898e-01,-2.824809999999999821e-01,3.534999999999999948e-02,-2.961909999999999821e-01,3.203920000000000101e-01,-4.777390000000000247e-01,6.744999999999999607e-02,2.939900000000000152e-02,-1.650619999999999865e-01,-1.369889999999999997e-01,7.753100000000000269e-02,-3.868400000000000311e-02,-2.628000000000000128e-03,-7.843400000000000372e-02,2.867700000000000110e-02,-1.359319999999999973e-01,3.629600000000000187e-02,-7.830299999999999760e-02,-1.163109999999999977e-01,5.212800000000000072e-02,4.924800000000000011e-02,9.549599999999999755e-02,-3.817700000000000260e-02,-2.368329999999999880e-01,6.942329999999999890e-01,-5.893999999999999934e-03,5.097230000000000372e-01,7.782999999999999988e-03,-1.402619999999999978e-01,1.467299999999999993e-01,7.681280000000000330e-01,1.485700000000000041e-02,8.252660000000000551e-01,3.321799999999999753e-02,4.410100000000000131e-02,-2.621000000000000066e-03,2.195610000000000062e-01,-2.281110000000000082e-01,1.791490000000000027e-01,-5.475900000000000212e-02,6.942700000000000538e-01,8.914099999999999802e-02,5.634100000000000219e-02,3.082360000000000100e-01,-6.979499999999999593e-02,1.380300000000000138e-01,-2.513850000000000251e-01,9.647600000000000620e-02,-3.139219999999999788e-01,2.904979999999999785e-01,-2.756279999999999841e-01,2.570599999999999968e-02,-1.041800000000000018e-02
-3.081070000000000197e-01,-2.570560000000000067e-01,1.784910000000000108e-01,6.156699999999999673e-02,1.804739999999999955e-01,1.863470000000000126e-01,-6.072199999999999820e-02,5.868659999999999988e-01,1.229299999999999976e-01,4.152100000000000235e-01,2.023739999999999983e-01,1.000000000000000000e+00,2.014400000000000079e-01,4.325229999999999908e-01,-1.603940000000000088e-01,-3.834179999999999811e-01,2.162920000000000120e-01,-3.910080000000000222e-01,5.374400000000000011e-02,-1.246359999999999968e-01,2.161569999999999880e-01,-8.379100000000000437e-02,5.813160000000000549e-01,4.769769999999999843e-01,-2.693309999999999871e-01,3.494189999999999796e-01,-5.706189999999999873e-01,-1.884419999999999984e-01,-5.306490000000000373e-01,-2.427179999999999893e-01,-4.259459999999999913e-01,-9.039999999999999425e-02,-2.566789999999999905e-01,-1.448359999999999925e-01,-2.445640000000000036e-01,2.638280000000000070e-01,3.673159999999999759e-01,3.156079999999999997e-01,-1.438750000000000029e-01,-7.528999999999999582e-02,-2.258360000000000090e-01,-4.189999999999999931e-04,2.051620000000000110e-01,8.462899999999999590e-02,2.730969999999999787e-01,-2.923189999999999955e-01,-4.798499999999999988e-01,2.421409999999999951e-01,3.014609999999999790e-01,2.964890000000000025e-01,2.379259999999999986e-01,2.460299999999999987e-01,6.028109999999999857e-01,-3.136800000000000005e-02,3.276780000000000248e-01,5.343300000000000133e-02,7.151410000000000267e-01,2.744510000000000005e-01,3.452770000000000006e-01,-1.288009999999999988e-01,-4.597749999999999893e-01,1.584019999999999873e-01,-1.180660000000000043e-01,-4.245299999999999768e-02,-3.431000000000000161e-01,1.330320000000000114e-01,-1.157109999999999944e-01,4.533179999999999987e-01,5.323790000000000466e-01,-4.461829999999999963e-01,1.871309999999999918e-01,-4.373929999999999763e-01,-1.479169999999999929e-01,-4.386249999999999871e-01,-2.641290000000000027e-01,-4.904800000000000271e-01
-7.845699999999999896e-02,3.515759999999999996e-01,2.134679999999999911e-01,1.672500000000000098e-01,2.385619999999999963e-01,6.366030000000000300e-01,2.256869999999999987e-01,3.943090000000000206e-01,1.379039999999999988e-01,2.674889999999999768e-01,1.630479999999999985e-01,2.014400000000000079e-01,1.000000000000000000e+00,1.606849999999999945e-01,1.097329999999999972e-01,2.506979999999999764e-01,3.641050000000000120e-01,3.399999999999999973e-05,4.764899999999999691e-02,1.035060000000000008e-01,4.156070000000000042e-01,2.699400000000000063e-02,4.351550000000000140e-01,-2.468999999999999841e-03,1.802199999999999983e-02,3.315600000000000214e-01,-3.225999999999999701e-02,5.266939999999999955e-01,1.733560000000000101e-01,5.342000000000000220e-02,-2.272820000000000118e-01,2.053669999999999940e-01,-1.234480000000000022e-01,-1.456999999999999962e-02,2.306599999999999970e-02,3.848599999999999938e-02,4.750200000000000256e-02,2.781099999999999892e-02,-1.050900000000000029e-01,-4.847699999999999926e-02,1.329539999999999889e-01,2.805399999999999908e-02,-1.611999999999999891e-02,8.931000000000000050e-02,1.775190000000000101e-01,-1.197860000000000036e-01,-1.318729999999999902e-01,3.506699999999999817e-01,1.327470000000000039e-01,1.525019999999999987e-01,5.057570000000000121e-01,-2.938800000000000093e-02,4.057250000000000023e-01,2.222750000000000004e-01,2.561809999999999921e-01,3.401129999999999987e-01,2.759820000000000051e-01,5.828360000000000207e-01,6.842199999999999671e-02,1.957820000000000116e-01,-2.108019999999999894e-01,2.174520000000000064e-01,-5.223000000000000212e-03,1.470120000000000038e-01,-1.106599999999999945e-01,3.051039999999999863e-01,9.014700000000000490e-02,4.195670000000000233e-01,-2.134000000000000046e-03,-3.156699999999999784e-02,1.709940000000000071e-01,-8.881999999999999618e-02,4.057769999999999988e-01,1.703949999999999909e-01,-4.407200000000000006e-02,-1.174449999999999938e-01
-2.170110000000000094e-01,-2.190469999999999917e-01,-1.815479999999999872e-01,2.554159999999999764e-01,2.616439999999999877e-01,2.719759999999999955e-01,6.754200000000000481e-02,4.909740000000000215e-01,-2.545140000000000180e-01,2.093029999999999891e-01,-1.116900000000000011e-02,4.325229999999999908e-01,1.606849999999999945e-01,1.000000000000000000e+00,-1.899560000000000137e-01,-4.748220000000000218e-01,1.940220000000000000e-01,-3.071420000000000261e-01,-2.340280000000000138e-01,-3.698000000000000176e-01,3.657980000000000120e-01,-5.041259999999999630e-01,5.160190000000000055e-01,3.512560000000000127e-01,-9.497300000000000186e-02,2.349809999999999954e-01,-1.861760000000000081e-01,-2.418349999999999944e-01,-2.208569999999999978e-01,-2.483229999999999882e-01,-4.704030000000000156e-01,8.857000000000000289e-03,-2.440799999999999914e-01,-2.338860000000000106e-01,3.975399999999999767e-02,3.341669999999999918e-01,3.754290000000000127e-01,9.936799999999999800e-02,-2.804099999999999995e-02,-3.902700000000000058e-01,-2.284970000000000057e-01,1.419370000000000076e-01,2.940869999999999873e-01,2.706299999999999817e-01,1.122749999999999998e-01,-1.494479999999999975e-01,-1.910020000000000051e-01,-1.467640000000000056e-01,3.042360000000000064e-01,2.756290000000000129e-01,3.061420000000000252e-01,3.847260000000000124e-01,5.468899999999999872e-01,-2.928780000000000272e-01,1.845479999999999898e-01,-9.152299999999999325e-02,3.258570000000000078e-01,2.619659999999999767e-01,6.886060000000000514e-01,-7.771400000000000530e-02,-3.512350000000000194e-01,6.707899999999999974e-02,-1.098129999999999939e-01,-1.960880000000000123e-01,-3.447379999999999889e-01,3.221310000000000007e-01,-3.892669999999999741e-01,5.639880000000000448e-01,1.463379999999999959e-01,-2.433349999999999957e-01,6.639599999999999669e-02,-9.149100000000000288e-02,-1.657289999999999874e-01,-1.050969999999999960e-01,-2.194929999999999937e-01,-3.970099999999999740e-01
3.914630000000000054e-01,3.658600000000000046e-02,2.935780000000000056e-01,7.802399999999999614e-02,-9.929999999999999938e-02,-5.479999999999999845e-04,-2.325710000000000000e-01,-8.298400000000000221e-02,9.041899999999999937e-02,-3.765709999999999891e-01,1.502040000000000042e-01,-1.603940000000000088e-01,1.097329999999999972e-01,-1.899560000000000137e-01,1.000000000000000000e+00,1.543809999999999905e-01,-3.968900000000000206e-02,-1.185920000000000030e-01,3.177989999999999982e-01,5.341500000000000137e-01,3.318590000000000151e-01,4.187210000000000099e-01,-2.810599999999999904e-02,2.719000000000000063e-03,-5.558500000000000246e-02,1.983800000000000008e-01,1.615379999999999872e-01,4.699030000000000151e-01,6.973400000000000432e-02,3.809270000000000156e-01,4.688289999999999957e-01,2.111800000000000066e-01,1.388139999999999930e-01,2.809679999999999955e-01,4.251900000000000124e-02,2.126319999999999877e-01,-2.606020000000000003e-01,-4.104329999999999923e-01,1.804520000000000013e-01,1.247690000000000049e-01,2.049219999999999930e-01,-2.616900000000000129e-02,2.504129999999999967e-01,2.597169999999999757e-01,-4.128430000000000155e-01,3.582230000000000136e-01,3.433729999999999838e-01,2.587539999999999840e-01,-2.763630000000000253e-01,-2.651419999999999888e-01,3.893100000000000033e-02,-3.090249999999999941e-01,-6.549499999999999766e-02,2.557099999999999929e-01,-2.605190000000000006e-01,3.154580000000000162e-01,-1.129840000000000011e-01,-9.823300000000000087e-02,-1.414120000000000099e-01,8.860839999999999828e-01,2.295359999999999900e-01,-8.839600000000000235e-02,-7.036399999999999599e-02,4.223689999999999944e-01,4.626290000000000124e-01,3.219509999999999872e-01,6.299620000000000219e-01,-5.864099999999999868e-02,-8.066900000000000459e-02,2.258399999999999991e-02,3.386989999999999723e-01,1.271299999999999930e-01,4.539819999999999967e-01,2.547869999999999857e-01,3.923059999999999881e-01,4.992139999999999911e-01
2.917210000000000081e-01,6.126759999999999984e-01,-1.765600000000000155e-02,6.278100000000000347e-02,-1.869580000000000131e-01,1.187010000000000010e-01,2.898040000000000060e-01,-3.885660000000000225e-01,-2.005900000000000044e-02,8.886299999999999755e-02,-1.937580000000000136e-01,-3.834179999999999811e-01,2.506979999999999764e-01,-4.748220000000000218e-01,1.543809999999999905e-01,1.000000000000000000e+00,7.193199999999999594e-02,6.895520000000000538e-01,-1.794899999999999968e-02,8.340699999999999503e-02,-1.030670000000000058e-01,4.028740000000000099e-01,-3.665329999999999977e-01,-4.122149999999999981e-01,3.903269999999999795e-01,3.672999999999999876e-02,3.224589999999999956e-01,2.499220000000000053e-01,6.641519999999999646e-01,1.588140000000000107e-01,3.854890000000000261e-01,1.310439999999999938e-01,2.662280000000000202e-01,1.982849999999999890e-01,-4.494000000000000078e-02,-3.214000000000000190e-01,-2.359199999999999839e-02,-4.195900000000000324e-02,-3.128000000000000138e-03,2.075889999999999957e-01,3.313729999999999731e-01,-2.351200000000000165e-02,-3.696240000000000081e-01,-1.730909999999999949e-01,-9.886000000000000690e-03,1.995020000000000127e-01,3.206879999999999731e-01,-5.837900000000000034e-02,5.929999999999999941e-04,-2.895249999999999768e-01,-1.407460000000000100e-01,-5.057400000000000090e-02,-4.819709999999999828e-01,-1.949999999999999910e-03,1.010770000000000002e-01,-6.096300000000000330e-02,-1.964210000000000123e-01,1.495329999999999993e-01,-4.191670000000000118e-01,1.513210000000000111e-01,4.203560000000000074e-01,1.025780000000000025e-01,3.431750000000000078e-01,6.510000000000000162e-03,1.756040000000000101e-01,-1.132640000000000036e-01,1.616670000000000051e-01,-4.089430000000000009e-01,-2.268519999999999981e-01,4.124419999999999753e-01,6.314000000000000168e-03,2.904109999999999747e-01,1.962550000000000128e-01,3.505420000000000202e-01,1.190780000000000033e-01,2.987029999999999963e-01
-1.320820000000000050e-01,2.416989999999999972e-01,7.766199999999999493e-02,2.441210000000000047e-01,1.417100000000000026e-01,1.872459999999999958e-01,1.319940000000000002e-01,1.607270000000000088e-01,2.796640000000000237e-01,3.654499999999999971e-01,2.419409999999999894e-01,2.162920000000000120e-01,3.641050000000000120e-01,1.940220000000000000e-01,-3.968900000000000206e-02,7.193199999999999594e-02,1.000000000000000000e+00,9.878900000000000181e-02,2.240989999999999926e-01,2.632699999999999971e-02,9.318700000000000594e-02,7.030200000000000338e-02,6.120600000000000346e-02,1.902900000000000078e-02,6.254500000000000337e-02,1.989950000000000052e-01,-1.613709999999999867e-01,3.444900000000000045e-02,-1.023160000000000042e-01,2.187000000000000142e-03,-2.421679999999999944e-01,-2.269380000000000008e-01,-7.628400000000000458e-02,-3.133259999999999934e-01,-2.729670000000000152e-01,1.942889999999999895e-01,-3.698599999999999804e-02,1.914069999999999938e-01,-3.619839999999999725e-01,-5.576000000000000227e-03,-3.867999999999999772e-01,-1.317270000000000107e-01,-1.137999999999999949e-02,7.943000000000000060e-02,9.192100000000000271e-02,-1.547739999999999949e-01,-3.066949999999999954e-01,1.657959999999999989e-01,1.862240000000000006e-01,2.372470000000000134e-01,-4.708400000000000085e-02,1.650179999999999980e-01,5.624200000000000033e-02,2.406659999999999910e-01,-1.434620000000000062e-01,2.914610000000000256e-01,3.519599999999999812e-02,2.254899999999999960e-02,7.062000000000000222e-02,3.663099999999999690e-02,-3.545260000000000078e-01,1.024209999999999982e-01,-6.882000000000000617e-02,1.627039999999999875e-01,-2.576189999999999869e-01,-6.787100000000000077e-02,-6.019399999999999751e-02,-2.103299999999999961e-02,2.067990000000000106e-01,-2.660159999999999747e-01,-9.589699999999999613e-02,-2.149020000000000097e-01,-9.063699999999999535e-02,-3.637299999999999978e-01,1.343000000000000010e-03,-3.181129999999999791e-01
1.410530000000000117e-01,6.104349999999999499e-01,-2.629889999999999728e-01,-1.786919999999999897e-01,-1.051990000000000008e-01,8.962100000000000621e-02,5.553310000000000191e-01,-3.471069999999999989e-01,-2.043820000000000081e-01,1.175640000000000018e-01,-3.087639999999999829e-01,-3.910080000000000222e-01,3.399999999999999973e-05,-3.071420000000000261e-01,-1.185920000000000030e-01,6.895520000000000538e-01,9.878900000000000181e-02,1.000000000000000000e+00,-9.237399999999999778e-02,-3.887000000000000177e-02,-2.296410000000000118e-01,3.309679999999999844e-01,-3.710860000000000269e-01,-3.830489999999999728e-01,4.967809999999999726e-01,-7.624300000000000521e-02,4.666190000000000060e-01,-1.151120000000000060e-01,6.534710000000000241e-01,1.517950000000000133e-01,1.583930000000000060e-01,3.490499999999999853e-02,3.838230000000000253e-01,-3.289899999999999769e-02,-1.427519999999999900e-01,-3.551830000000000265e-01,-6.858300000000000507e-02,1.099789999999999934e-01,-3.033200000000000132e-02,2.323060000000000125e-01,1.142729999999999996e-01,-9.879999999999999893e-03,-2.761939999999999951e-01,-8.465799999999999714e-02,7.657300000000000217e-02,9.071400000000000297e-02,2.816060000000000230e-01,-3.489209999999999812e-01,1.205090000000000050e-01,-6.995600000000000429e-02,-2.706720000000000237e-01,2.793910000000000005e-01,-5.651220000000000132e-01,-1.175820000000000060e-01,1.201070000000000054e-01,-2.962609999999999966e-01,-2.169379999999999920e-01,1.238309999999999966e-01,-2.763769999999999838e-01,-1.011039999999999994e-01,4.044849999999999834e-01,2.203700000000000103e-02,5.033269999999999689e-01,-7.357900000000000551e-02,1.736340000000000106e-01,-2.754750000000000254e-01,-7.513300000000000534e-02,-4.447150000000000269e-01,-3.224389999999999756e-01,3.693000000000000171e-01,-3.609220000000000206e-01,5.369190000000000351e-01,1.489999999999999897e-04,1.862260000000000026e-01,1.371239999999999959e-01,1.695530000000000093e-01
1.391489999999999949e-01,-9.351399999999999990e-02,7.161089999999999955e-01,-1.253849999999999965e-01,2.256869999999999987e-01,-1.633779999999999955e-01,-2.480370000000000075e-01,3.209000000000000047e-03,6.871660000000000545e-01,-1.699309999999999987e-01,7.286599999999999744e-01,5.374400000000000011e-02,4.764899999999999691e-02,-2.340280000000000138e-01,3.177989999999999982e-01,-1.794899999999999968e-02,2.240989999999999926e-01,-9.237399999999999778e-02,1.000000000000000000e+00,3.861800000000000233e-01,-4.868200000000000305e-02,3.100490000000000190e-01,-1.018219999999999958e-01,1.316509999999999903e-01,-1.478520000000000112e-01,-1.173199999999999937e-02,-1.445609999999999951e-01,2.880650000000000155e-01,-3.416179999999999772e-01,2.330010000000000137e-01,1.181100000000000066e-01,-1.691539999999999988e-01,7.931199999999999362e-02,3.805000000000000049e-02,-2.324209999999999887e-01,3.978199999999999792e-02,-2.865949999999999886e-01,-4.118700000000000139e-02,-9.452599999999999891e-02,1.978860000000000063e-01,-1.536220000000000085e-01,-2.572749999999999759e-01,1.470140000000000058e-01,1.738840000000000108e-01,-5.150699999999999723e-02,6.115299999999999903e-02,-1.323850000000000027e-01,5.852730000000000432e-01,-1.838950000000000029e-01,2.378989999999999994e-01,-1.160569999999999935e-01,-1.749310000000000032e-01,-4.873399999999999954e-02,7.252260000000000373e-01,-2.755659999999999776e-01,7.144519999999999760e-01,-5.759500000000000036e-02,-1.107820000000000055e-01,-2.209160000000000013e-01,3.165319999999999800e-01,-9.509900000000000297e-02,4.090000000000000211e-04,-8.979399999999999882e-02,8.384759999999999991e-01,2.216829999999999912e-01,-5.017599999999999838e-02,4.040790000000000215e-01,-1.965649999999999897e-01,8.912799999999999889e-02,-1.838940000000000019e-01,-8.070000000000000784e-03,-1.151749999999999996e-01,2.528759999999999897e-01,-2.641530000000000267e-01,1.736640000000000128e-01,9.586500000000000576e-02
7.501399999999999735e-02,2.745960000000000067e-01,3.743690000000000073e-01,-1.198250000000000010e-01,1.141920000000000018e-01,7.106800000000000617e-02,1.433500000000000052e-02,-1.428699999999999935e-02,3.283980000000000232e-01,-3.045010000000000217e-01,2.859220000000000095e-01,-1.246359999999999968e-01,1.035060000000000008e-01,-3.698000000000000176e-01,5.341500000000000137e-01,8.340699999999999503e-02,2.632699999999999971e-02,-3.887000000000000177e-02,3.861800000000000233e-01,1.000000000000000000e+00,-6.767399999999999805e-02,7.117980000000000418e-01,-4.070100000000000107e-02,-2.702399999999999941e-02,-3.116000000000000020e-02,8.760999999999999344e-02,1.899659999999999960e-01,3.555389999999999939e-01,-4.185999999999999617e-03,2.656149999999999900e-01,2.485060000000000047e-01,1.323409999999999864e-01,1.695440000000000003e-01,1.836329999999999907e-01,-1.689519999999999911e-01,2.349529999999999952e-01,-4.820949999999999958e-01,-1.178160000000000041e-01,6.214299999999999685e-02,2.375160000000000049e-01,6.387999999999999581e-03,-3.459309999999999885e-01,3.259090000000000042e-01,2.836569999999999925e-01,-2.564370000000000260e-01,1.496499999999999914e-02,4.385900000000000215e-02,4.199019999999999975e-01,-4.157910000000000217e-01,-5.689400000000000013e-02,-1.342299999999999917e-02,-2.713300000000000156e-01,-1.020419999999999938e-01,5.126889999999999503e-01,-4.454339999999999966e-01,4.012279999999999736e-01,-1.030989999999999962e-01,-3.065620000000000012e-01,-3.385880000000000001e-01,4.339740000000000264e-01,-6.295499999999999707e-02,-3.784580000000000166e-01,-2.738970000000000016e-01,4.965049999999999741e-01,6.591799999999999882e-01,-1.744979999999999865e-01,7.519749999999999490e-01,-2.092729999999999868e-01,1.350799999999999917e-02,5.115999999999999888e-03,1.588200000000000028e-02,6.008399999999999852e-02,2.447020000000000028e-01,-1.340419999999999945e-01,2.629250000000000198e-01,2.649480000000000168e-01
