1.000000000000000000e+00,4.202080000000000259e-01,2.444389999999999896e-01,2.818500000000000172e-02,2.873720000000000163e-01,3.950200000000000239e-02,1.002760000000000040e-01,-1.089799999999999970e-02,3.656200000000000006e-01,8.233300000000000340e-02,3.847019999999999884e-01,-3.194469999999999810e-01,3.155330000000000079e-01,-1.563399999999999859e-02,4.998049999999999993e-01,3.816789999999999905e-01,2.250300000000000078e-01,2.773909999999999987e-01,4.941220000000000057e-01,6.207099999999999840e-01,7.659859999999999447e-01,6.605450000000000488e-01,3.373199999999999810e-02,4.479099999999999748e-02,5.964329999999999909e-01,5.264360000000000150e-01,3.868119999999999892e-01,4.820380000000000220e-01,4.437309999999999865e-01,4.787109999999999976e-01,6.806010000000000115e-01,2.149530000000000052e-01,2.079439999999999900e-01,2.101030000000000120e-01,-2.738709999999999756e-01,2.003830000000000056e-01,8.559999999999999901e-03,-2.138849999999999918e-01,1.393479999999999996e-01,4.001000000000000112e-01,2.437239999999999962e-01,-4.329680000000000195e-01,2.257879999999999887e-01,7.765500000000000180e-02,1.117360000000000020e-01,8.173460000000000170e-01,2.557769999999999766e-01,2.505950000000000122e-01,-1.631189999999999862e-01,1.508619999999999961e-01,-3.833600000000000202e-02,2.964379999999999793e-01,-1.365419999999999967e-01,3.276769999999999960e-01,1.767410000000000092e-01,3.941069999999999851e-01,-2.483859999999999957e-01,1.845970000000000111e-01,-3.787399999999999795e-02,4.449170000000000069e-01,2.932580000000000187e-01,2.402449999999999863e-01,3.682360000000000078e-01,3.818799999999999972e-01,4.117239999999999789e-01,7.046540000000000026e-01,4.220979999999999732e-01,2.940500000000000058e-02,7.154800000000000049e-02,3.297080000000000011e-01,4.812460000000000071e-01,2.783610000000000251e-01,4.364040000000000141e-01,5.635379999999999834e-01,4.523929999999999896e-01,5.114490000000000425e-01
4.202080000000000259e-01,1.000000000000000000e+00,-1.975419999999999954e-01,1.529469999999999996e-01,3.306330000000000102e-01,6.125270000000000437e-01,2.483489999999999864e-01,2.520350000000000090e-01,1.147330000000000017e-01,1.778139999999999998e-01,-9.095100000000000406e-02,-1.848829999999999918e-01,6.619979999999999754e-01,4.928699999999999748e-02,1.494439999999999935e-01,2.310369999999999924e-01,1.356670000000000098e-01,2.971920000000000117e-01,-1.499310000000000087e-01,6.402430000000000065e-01,3.642000000000000237e-01,5.897289999999999477e-01,3.819500000000000117e-01,6.591900000000000537e-02,7.927199999999999802e-01,7.683820000000000094e-01,6.805100000000000038e-02,5.224830000000000307e-01,5.109740000000000393e-01,4.754659999999999997e-01,1.893819999999999948e-01,3.586449999999999916e-01,5.592650000000000121e-01,3.325810000000000155e-01,-5.556710000000000260e-01,3.621679999999999899e-01,1.609939999999999982e-01,-1.759479999999999933e-01,2.357219999999999871e-01,4.827350000000000252e-01,4.428819999999999979e-01,-4.462979999999999725e-01,3.236280000000000268e-01,2.834260000000000113e-01,6.647200000000000331e-02,1.514040000000000108e-01,6.163699999999999735e-01,-2.656589999999999785e-01,-2.470739999999999881e-01,-5.566999999999999726e-02,2.671520000000000006e-01,-5.994100000000000122e-02,1.465970000000000051e-01,-1.090099999999999923e-02,5.637400000000000050e-02,-1.090079999999999938e-01,-7.959700000000000109e-02,3.446319999999999939e-01,8.477600000000000413e-02,1.304490000000000094e-01,3.577069999999999972e-01,3.434530000000000083e-01,3.341049999999999853e-01,-2.296729999999999883e-01,1.614839999999999887e-01,2.782080000000000108e-01,1.952979999999999994e-01,1.277399999999999924e-01,-5.863299999999999762e-02,5.909799999999999498e-01,5.958360000000000323e-01,-1.069719999999999976e-01,3.280290000000000150e-01,1.719150000000000122e-01,4.784050000000000247e-01,1.968810000000000004e-01
2.444389999999999896e-01,-1.975419999999999954e-01,1.000000000000000000e+00,-3.239349999999999730e-01,2.909089999999999732e-01,-3.183000000000000065e-03,-1.563410000000000077e-01,-8.287999999999999534e-02,7.112089999999999801e-01,2.982090000000000019e-01,7.957560000000000189e-01,1.942699999999999982e-01,-2.136059999999999903e-01,-4.032720000000000193e-01,4.589779999999999971e-01,3.781249999999999889e-01,3.033179999999999765e-01,3.920199999999999796e-01,6.158299999999999885e-01,1.957939999999999958e-01,1.363550000000000040e-01,1.346690000000000109e-01,-8.742800000000000571e-02,2.785299999999999998e-01,1.029270000000000046e-01,-1.384600000000000067e-02,6.182229999999999670e-01,-7.788599999999999690e-02,-6.269700000000000273e-02,-1.477499999999999925e-01,5.537600000000000161e-02,-6.114960000000000395e-01,-4.725960000000000161e-01,-6.387359999999999705e-01,-1.418760000000000021e-01,-4.832290000000000196e-01,-4.765110000000000179e-01,1.469840000000000035e-01,-5.773829999999999796e-01,-5.480610000000000204e-01,-5.725670000000000481e-01,-7.442600000000000604e-02,-5.781070000000000375e-01,-5.100529999999999786e-01,1.313699999999999868e-01,1.246109999999999995e-01,-3.637239999999999918e-01,9.216189999999999660e-01,-5.354400000000000132e-02,5.498600000000000154e-01,1.671350000000000058e-01,2.599259999999999904e-01,-2.296999999999999997e-03,6.886870000000000491e-01,-1.357760000000000078e-01,7.995729999999999782e-01,1.494820000000000038e-01,-1.898670000000000080e-01,-3.466799999999999882e-01,2.653240000000000043e-01,2.558679999999999843e-01,3.278400000000000203e-01,3.817450000000000010e-01,7.476159999999999473e-01,1.687889999999999946e-01,3.051320000000000143e-01,3.021150000000000224e-01,2.063329999999999886e-01,2.122259999999999980e-01,4.288399999999999851e-02,-1.739459999999999895e-01,5.300329999999999764e-01,2.822419999999999929e-01,4.441400000000000209e-02,-1.557719999999999938e-01,1.072359999999999980e-01
2.818500000000000172e-02,1.529469999999999996e-01,-3.239349999999999730e-01,1.000000000000000000e+00,3.007369999999999766e-01,-1.994829999999999937e-01,5.040409999999999613e-01,-2.854869999999999908e-01,-8.644899999999999807e-02,3.165400000000000158e-02,-1.575709999999999888e-01,-4.400890000000000080e-01,3.352370000000000072e-01,5.358720000000000150e-01,-5.657100000000000323e-02,-3.910279999999999867e-01,-2.806029999999999913e-01,-3.522799999999999820e-01,1.198410000000000031e-01,1.751910000000000134e-01,2.069439999999999891e-01,2.032579999999999942e-01,-8.665699999999999792e-02,-4.467650000000000232e-01,2.943199999999999983e-02,-5.609100000000000197e-02,-9.800000000000000377e-02,2.547820000000000085e-01,4.895459999999999812e-01,1.417940000000000034e-01,2.614009999999999945e-01,3.144040000000000168e-01,2.298050000000000093e-01,2.614440000000000097e-01,1.569629999999999914e-01,6.641719999999999846e-01,7.962059999999999693e-01,6.240699999999999720e-02,1.977619999999999933e-01,2.456619999999999915e-01,2.777970000000000161e-01,-1.119440000000000018e-01,5.725569999999999826e-01,5.941450000000000342e-01,8.981200000000000294e-02,7.932400000000000562e-02,4.700989999999999891e-01,-2.212320000000000120e-01,1.651040000000000008e-01,-1.059510000000000035e-01,-2.590069999999999872e-01,1.228090000000000015e-01,-3.102380000000000138e-01,-1.298320000000000030e-01,5.094729999999999537e-01,-1.363860000000000072e-01,-3.857039999999999913e-01,2.749369999999999870e-01,3.893139999999999934e-01,6.788800000000000390e-02,2.242900000000000102e-02,-1.984350000000000003e-01,-2.232659999999999922e-01,-1.765390000000000015e-01,3.946149999999999936e-01,-1.983100000000000140e-02,2.648099999999999898e-01,-1.932389999999999941e-01,-5.361740000000000395e-01,3.783700000000000258e-02,2.060250000000000137e-01,1.144509999999999972e-01,1.431499999999999995e-01,3.842800000000000105e-01,3.432549999999999768e-01,3.761860000000000204e-01
2.873720000000000163e-01,3.306330000000000102e-01,2.909089999999999732e-01,3.007369999999999766e-01,1.000000000000000000e+00,2.094989999999999908e-01,6.123549999999999827e-01,-9.299699999999999633e-02,6.708730000000000526e-01,3.316419999999999924e-01,4.114840000000000164e-01,-2.599969999999999781e-01,5.335060000000000358e-01,1.775220000000000131e-01,1.604309999999999903e-01,1.499119999999999897e-01,2.358520000000000061e-01,2.752740000000000187e-01,2.508859999999999979e-01,5.568419999999999481e-01,2.167789999999999995e-01,3.831970000000000098e-01,3.690299999999999830e-02,-5.811600000000000099e-02,3.796300000000000230e-01,1.744269999999999987e-01,4.204359999999999764e-01,4.094769999999999799e-01,6.016839999999999966e-01,1.962599999999999900e-01,3.338780000000000081e-01,-1.630290000000000072e-01,5.207400000000000223e-02,-1.775160000000000071e-01,-3.327160000000000117e-01,3.826410000000000089e-01,2.663200000000000012e-01,2.659900000000000111e-02,-2.780110000000000081e-01,-8.551499999999999380e-02,-3.171299999999999814e-02,-5.099970000000000336e-01,2.892819999999999836e-01,3.089810000000000056e-01,1.619450000000000056e-01,1.081769999999999954e-01,3.198420000000000152e-01,3.411529999999999840e-01,-1.820029999999999981e-01,6.432369999999999477e-01,2.431119999999999948e-01,5.441920000000000091e-01,-1.275000000000000092e-03,5.078350000000000364e-01,3.103699999999999792e-01,4.814709999999999823e-01,-1.259820000000000106e-01,4.277349999999999763e-01,3.143619999999999748e-01,9.361300000000000177e-02,4.275030000000000219e-01,2.676689999999999903e-01,4.003090000000000259e-01,1.189199999999999979e-01,4.580699999999999772e-01,1.978560000000000041e-01,4.007600000000000051e-01,2.094959999999999878e-01,-2.361229999999999996e-01,2.726169999999999982e-01,1.905660000000000132e-01,4.371950000000000003e-01,5.070409999999999640e-01,3.869330000000000269e-01,2.610489999999999755e-01,4.960590000000000277e-01
3.950200000000000239e-02,6.125270000000000437e-01,-3.183000000000000065e-03,-1.994829999999999937e-01,2.094989999999999908e-01,1.000000000000000000e+00,-9.102599999999999580e-02,6.549669999999999659e-01,1.826460000000000028e-01,1.076209999999999944e-01,-6.893599999999999728e-02,3.258659999999999890e-01,5.146279999999999744e-01,-8.164000000000000423e-02,-1.483839999999999881e-01,2.084640000000000104e-01,9.162900000000000211e-02,1.934559999999999891e-01,-3.439820000000000100e-01,2.725770000000000137e-01,-5.237499999999999795e-02,2.745699999999999877e-02,6.811129999999999685e-01,4.743620000000000059e-01,4.752629999999999910e-01,6.348819999999999464e-01,-4.657999999999999814e-03,3.495320000000000094e-01,8.359999999999999376e-03,2.528929999999999789e-01,-2.212270000000000070e-01,7.692000000000000053e-03,1.487269999999999981e-01,1.129999999999999928e-02,-5.552019999999999733e-01,5.585500000000000187e-02,-2.503460000000000130e-01,-1.106169999999999931e-01,-8.065400000000000347e-02,5.882799999999999835e-02,2.664499999999999855e-02,-2.013500000000000012e-01,-5.646999999999999936e-02,-1.847340000000000093e-01,-5.310999999999999749e-02,-1.369839999999999947e-01,1.820710000000000106e-01,-1.038329999999999947e-01,-2.896190000000000153e-01,1.331400000000000083e-01,7.242309999999999581e-01,-1.049479999999999996e-01,5.845390000000000308e-01,6.612300000000000122e-02,-2.733189999999999786e-01,-1.314009999999999900e-01,4.504870000000000263e-01,3.501440000000000108e-01,-1.755200000000000163e-02,-1.204279999999999934e-01,1.450430000000000053e-01,5.553949999999999720e-01,2.730040000000000244e-01,-2.645210000000000061e-01,-1.310099999999999876e-01,1.480899999999999925e-02,-1.581349999999999978e-01,5.154060000000000308e-01,4.690320000000000045e-01,4.433750000000000191e-01,3.457560000000000078e-01,-2.595740000000000269e-01,2.568489999999999940e-01,-2.676189999999999958e-01,1.642470000000000041e-01,-2.409360000000000113e-01
1.002760000000000040e-01,2.483489999999999864e-01,-1.563410000000000077e-01,5.040409999999999613e-01,6.123549999999999827e-01,-9.102599999999999580e-02,1.000000000000000000e+00,-2.022809999999999886e-01,2.653249999999999775e-01,5.076019999999999976e-01,-9.216399999999999593e-02,-2.751790000000000069e-01,5.729109999999999481e-01,4.362519999999999731e-01,4.607699999999999990e-02,-3.269050000000000011e-01,1.935330000000000106e-01,1.106850000000000056e-01,-9.254000000000000073e-03,2.964579999999999993e-01,1.431360000000000132e-01,1.464630000000000098e-01,-3.197799999999999948e-02,-2.386220000000000008e-01,2.274599999999999955e-01,1.396799999999999951e-02,1.124409999999999993e-01,1.288860000000000006e-01,7.314549999999999663e-01,2.259999999999999856e-02,1.772459999999999869e-01,1.016510000000000052e-01,3.841129999999999822e-01,7.940500000000000336e-02,-4.701199999999999823e-02,6.347359999999999669e-01,6.631240000000000467e-01,2.244649999999999979e-01,-6.229099999999999915e-02,6.181199999999999889e-02,3.190990000000000215e-01,-3.197470000000000034e-01,5.787440000000000362e-01,6.407110000000000305e-01,2.850289999999999768e-01,-9.269199999999999662e-02,3.012159999999999838e-01,-9.834700000000000386e-02,-2.509400000000000172e-02,1.898599999999999940e-02,-2.348739999999999994e-01,3.010709999999999775e-01,-1.916480000000000128e-01,1.438589999999999869e-01,5.769840000000000524e-01,-4.585499999999999993e-02,-2.352599999999999969e-01,3.307329999999999992e-01,3.963189999999999769e-01,-1.255259999999999987e-01,1.205230000000000051e-01,-1.552139999999999909e-01,-3.647799999999999654e-02,-2.192070000000000130e-01,3.528950000000000142e-01,2.086000000000000007e-02,2.839479999999999782e-01,-1.750200000000000089e-01,-6.443170000000000286e-01,-3.232899999999999663e-02,8.770799999999999430e-02,2.811319999999999930e-01,1.154580000000000051e-01,2.953979999999999939e-01,8.337200000000000166e-02,4.054070000000000173e-01
-1.089799999999999970e-02,2.520350000000000090e-01,-8.287999999999999534e-02,-2.854869999999999908e-01,-9.299699999999999633e-02,6.549669999999999659e-01,-2.022809999999999886e-01,1.000000000000000000e+00,-2.333500000000000157e-02,-1.181100000000000032e-02,-1.234689999999999954e-01,4.215269999999999850e-01,2.280520000000000047e-01,1.989730000000000110e-01,-1.490849999999999953e-01,8.172000000000000444e-03,1.059500000000000025e-01,1.717000000000000123e-02,-3.312780000000000169e-01,2.239999999999999966e-04,-1.410939999999999972e-01,-2.226110000000000033e-01,7.665800000000000392e-01,4.902329999999999743e-01,1.907439999999999969e-01,5.404269999999999907e-01,-2.814380000000000215e-01,1.141940000000000038e-01,-3.620610000000000217e-01,9.213699999999999668e-02,-3.073779999999999846e-01,3.449900000000000189e-02,3.826600000000000140e-02,-2.343599999999999850e-02,-3.139159999999999728e-01,2.808000000000000079e-02,-2.233449999999999880e-01,-1.998669999999999891e-01,1.341499999999999984e-02,6.494600000000000373e-02,-5.657800000000000329e-02,-1.941000000000000017e-02,2.075899999999999967e-02,-2.040510000000000101e-01,-2.311259999999999981e-01,-4.666599999999999915e-02,1.090900000000000029e-02,-1.175559999999999938e-01,-3.368189999999999795e-01,2.209300000000000153e-02,6.512609999999999788e-01,-1.681290000000000007e-01,8.742590000000000083e-01,-2.528999999999999998e-02,-2.108269999999999866e-01,-2.160080000000000056e-01,5.529929999999999568e-01,2.428909999999999958e-01,1.241400000000000003e-01,-1.160560000000000064e-01,-2.608599999999999808e-01,3.887820000000000165e-01,7.324400000000000355e-02,-2.546840000000000215e-01,-2.140459999999999863e-01,-7.036599999999999799e-02,-3.061490000000000045e-01,6.671470000000000455e-01,5.426079999999999792e-01,2.736049999999999871e-01,4.002620000000000067e-01,-4.211309999999999776e-01,-3.328699999999999715e-02,-4.232659999999999756e-01,6.147699999999999693e-02,-3.228900000000000103e-01
3.656200000000000006e-01,1.147330000000000017e-01,7.112089999999999801e-01,-8.644899999999999807e-02,6.708730000000000526e-01,1.826460000000000028e-01,2.653249999999999775e-01,-2.333500000000000157e-02,1.000000000000000000e+00,3.537040000000000184e-01,5.920440000000000147e-01,-8.708799999999999875e-02,2.799349999999999894e-01,-2.321340000000000070e-01,3.713629999999999987e-01,1.805879999999999985e-01,2.639630000000000032e-01,3.414769999999999750e-01,4.204089999999999772e-01,4.540139999999999731e-01,3.039439999999999920e-01,2.826679999999999748e-01,3.430899999999999922e-02,1.114549999999999985e-01,4.236920000000000130e-01,1.616750000000000131e-01,7.024960000000000093e-01,2.685649999999999982e-01,3.097110000000000141e-01,2.638999999999999853e-03,1.756639999999999868e-01,-4.853509999999999769e-01,-2.756540000000000101e-01,-5.065779999999999728e-01,-4.150469999999999993e-01,-3.524700000000000055e-02,-1.351100000000000079e-01,2.110400000000000123e-02,-5.513500000000000068e-01,-2.674639999999999795e-01,-3.689899999999999847e-01,-4.861170000000000213e-01,-1.681279999999999997e-01,-1.760780000000000123e-01,1.229080000000000034e-01,2.232889999999999875e-01,3.557099999999999845e-02,7.489580000000000126e-01,-1.432309999999999972e-01,6.152619999999999756e-01,2.660370000000000235e-01,5.920579999999999732e-01,1.487600000000000033e-02,9.000169999999999559e-01,1.649690000000000045e-01,6.622409999999999686e-01,2.289999999999999935e-03,2.385809999999999875e-01,-1.719779999999999920e-01,2.177979999999999916e-01,2.558590000000000031e-01,4.048789999999999889e-01,4.627530000000000254e-01,4.726690000000000058e-01,3.212439999999999740e-01,4.042109999999999870e-01,3.263480000000000270e-01,1.992039999999999922e-01,7.122799999999999965e-02,3.770160000000000178e-01,1.168550000000000005e-01,6.287890000000000423e-01,4.639849999999999808e-01,2.998600000000000154e-01,4.421499999999999736e-02,2.004350000000000021e-01
8.233300000000000340e-02,1.778139999999999998e-01,2.982090000000000019e-01,3.165400000000000158e-02,3.316419999999999924e-01,1.076209999999999944e-01,5.076019999999999976e-01,-1.181100000000000032e-02,3.537040000000000184e-01,1.000000000000000000e+00,2.794299999999999909e-02,4.578659999999999952e-01,1.721439999999999915e-01,-1.244569999999999982e-01,1.141289999999999943e-01,7.920000000000000651e-02,6.429660000000000375e-01,5.625839999999999730e-01,-1.035029999999999978e-01,1.981090000000000073e-01,-4.720200000000000090e-02,3.559199999999999864e-02,6.439000000000000279e-03,4.360379999999999812e-01,2.878220000000000223e-01,2.226869999999999961e-01,7.822099999999999886e-02,-2.208930000000000060e-01,2.870510000000000006e-01,-2.159089999999999898e-01,-1.047259999999999996e-01,-2.921549999999999980e-01,3.244779999999999887e-01,-3.196999999999999842e-01,-1.045559999999999962e-01,-4.385000000000000009e-02,6.517399999999999582e-02,6.606370000000000298e-01,-3.981939999999999924e-01,-2.859260000000000135e-01,-3.699800000000000311e-02,-8.710700000000000387e-02,-9.953599999999999948e-02,9.611400000000000499e-02,5.937259999999999760e-01,-2.625680000000000236e-01,-2.199929999999999941e-01,1.368099999999999872e-01,-9.280499999999999861e-02,8.722399999999999598e-02,-1.070050000000000029e-01,-3.989000000000000185e-02,1.391700000000000055e-02,2.824949999999999961e-01,4.188520000000000021e-01,3.515499999999999875e-02,4.132069999999999910e-01,-2.168339999999999990e-01,-1.181480000000000030e-01,-1.534949999999999926e-01,9.115099999999999592e-02,2.165580000000000005e-01,-2.455900000000000097e-02,-8.739800000000000346e-02,1.358640000000000125e-01,1.933999999999999955e-03,2.517980000000000218e-01,-1.212089999999999973e-01,-9.389699999999999436e-02,-1.470170000000000088e-01,-4.475799999999999917e-02,1.478909999999999947e-01,9.404400000000000259e-02,-1.973949999999999871e-01,-2.009730000000000127e-01,1.214660000000000045e-01
3.847019999999999884e-01,-9.095100000000000406e-02,7.957560000000000189e-01,-1.575709999999999888e-01,4.114840000000000164e-01,-6.893599999999999728e-02,-9.216399999999999593e-02,-1.234689999999999954e-01,5.920440000000000147e-01,2.794299999999999909e-02,1.000000000000000000e+00,-5.836999999999999827e-02,-1.318489999999999940e-01,-2.303699999999999914e-01,5.117129999999999734e-01,4.612649999999999806e-01,2.732589999999999741e-01,3.617270000000000207e-01,7.810920000000000085e-01,3.705910000000000037e-01,2.499109999999999943e-01,3.829139999999999766e-01,-2.208549999999999958e-01,1.281940000000000024e-01,1.193089999999999984e-01,2.452599999999999919e-02,5.836670000000000469e-01,7.469299999999999551e-02,4.483499999999999985e-02,4.547799999999999759e-02,3.384650000000000158e-01,-4.835409999999999986e-01,-4.431410000000000071e-01,-3.471529999999999894e-01,-1.800799999999999970e-02,-2.492699999999999916e-01,-2.965479999999999783e-01,-1.118019999999999986e-01,-4.181190000000000184e-01,-3.974289999999999767e-01,-3.385699999999999821e-01,-2.844400000000000053e-02,-3.540710000000000246e-01,-3.846010000000000262e-01,-5.172000000000000208e-02,2.458720000000000072e-01,-1.620240000000000014e-01,7.765870000000000273e-01,8.297599999999999421e-02,6.719300000000000272e-01,1.190630000000000022e-01,3.232220000000000093e-01,-1.497999999999999983e-03,5.471639999999999837e-01,-1.929980000000000029e-01,9.372610000000000108e-01,-6.217999999999999916e-02,1.153200000000000058e-02,-1.540469999999999895e-01,3.816970000000000085e-01,4.321849999999999858e-01,3.110350000000000059e-01,5.353299999999999725e-01,7.737730000000000441e-01,3.202539999999999831e-01,3.630889999999999951e-01,4.517349999999999977e-01,1.585560000000000025e-01,9.566199999999999704e-02,1.200869999999999993e-01,-1.138829999999999981e-01,4.138729999999999909e-01,3.824170000000000069e-01,2.266880000000000006e-01,2.805399999999999908e-02,3.115510000000000224e-01
-3.194469999999999810e-01,-1.848829999999999918e-01,1.942699999999999982e-01,-4.400890000000000080e-01,-2.599969999999999781e-01,3.258659999999999890e-01,-2.751790000000000069e-01,4.215269999999999850e-01,-8.708799999999999875e-02,4.578659999999999952e-01,-5.836999999999999827e-02,1.000000000000000000e+00,-3.219940000000000024e-01,-3.133230000000000182e-01,-1.421600000000000086e-01,2.541419999999999790e-01,4.929160000000000208e-01,4.120750000000000246e-01,-3.369860000000000078e-01,-2.422439999999999871e-01,-5.113189999999999680e-01,-3.842200000000000060e-01,1.200999999999999984e-01,8.233850000000000335e-01,-1.972540000000000127e-01,1.266289999999999916e-01,-2.560149999999999926e-01,-4.972360000000000113e-01,-5.280489999999999906e-01,-3.477759999999999740e-01,-4.673180000000000112e-01,-4.485160000000000258e-01,-5.923000000000000313e-03,-3.132739999999999969e-01,1.189889999999999975e-01,-5.322609999999999841e-01,-4.820039999999999880e-01,5.821169999999999956e-01,-3.999449999999999950e-01,-4.715570000000000039e-01,-2.538150000000000128e-01,4.049229999999999774e-01,-5.338070000000000315e-01,-4.345849999999999991e-01,3.431440000000000046e-01,-5.056669999999999776e-01,-5.888269999999999893e-01,8.626999999999999252e-03,-2.540900000000000103e-02,5.640300000000000175e-02,2.494750000000000023e-01,-3.451000000000000179e-01,4.945120000000000071e-01,-6.155900000000000261e-02,-1.768649999999999944e-01,-1.260539999999999994e-01,9.358809999999999629e-01,-3.885910000000000197e-01,-2.789550000000000085e-01,-2.551229999999999887e-01,-5.964699999999999863e-02,3.171300000000000230e-01,-4.235599999999999782e-02,-1.274609999999999910e-01,-2.186420000000000030e-01,-3.248190000000000244e-01,-1.278209999999999902e-01,1.330570000000000086e-01,5.936069999999999958e-01,-3.139330000000000176e-01,-2.786190000000000055e-01,-3.531679999999999819e-01,-1.435160000000000047e-01,-6.860220000000000207e-01,-4.183780000000000276e-01,-3.515400000000000191e-01
3.155330000000000079e-01,6.619979999999999754e-01,-2.136059999999999903e-01,3.352370000000000072e-01,5.335060000000000358e-01,5.146279999999999744e-01,5.729109999999999481e-01,2.280520000000000047e-01,2.799349999999999894e-01,1.721439999999999915e-01,-1.318489999999999940e-01,-3.219940000000000024e-01,1.000000000000000000e+00,4.068979999999999819e-01,8.266800000000000537e-02,-1.323340000000000072e-01,-4.885400000000000159e-02,2.546000000000000086e-03,-8.723899999999999710e-02,5.260639999999999761e-01,3.566489999999999938e-01,3.351930000000000187e-01,4.321519999999999806e-01,-8.545200000000000018e-02,5.722850000000000437e-01,5.272790000000000532e-01,1.194970000000000060e-01,7.355969999999999454e-01,6.581639999999999713e-01,4.260579999999999923e-01,2.669509999999999939e-01,3.213929999999999843e-01,3.554800000000000182e-01,2.395940000000000014e-01,-5.271400000000000530e-01,6.796389999999999931e-01,4.545859999999999901e-01,-2.084100000000000119e-01,1.385280000000000122e-01,3.791959999999999775e-01,3.182650000000000201e-01,-5.201010000000000355e-01,6.202189999999999648e-01,5.037359999999999616e-01,3.729000000000000110e-03,2.050160000000000038e-01,5.696480000000000432e-01,-1.618050000000000044e-01,-1.836119999999999974e-01,-2.252999999999999794e-03,2.409229999999999983e-01,2.036910000000000109e-01,9.891900000000000692e-02,1.050220000000000042e-01,3.083549999999999902e-01,-1.174700000000000050e-01,-1.846299999999999886e-01,6.945489999999999720e-01,3.669490000000000252e-01,1.294089999999999963e-01,1.322830000000000117e-01,2.145299999999999985e-01,1.200390000000000068e-01,-2.673459999999999726e-01,3.211499999999999910e-01,2.670080000000000231e-01,1.992639999999999967e-01,1.970550000000000079e-01,-1.906190000000000107e-01,4.352639999999999842e-01,5.680009999999999781e-01,1.134600000000000053e-01,3.942410000000000081e-01,3.606969999999999898e-01,4.224829999999999974e-01,3.014299999999999757e-01
-1.563399999999999859e-02,4.928699999999999748e-02,-4.032720000000000193e-01,5.358720000000000150e-01,1.775220000000000131e-01,-8.164000000000000423e-02,4.362519999999999731e-01,1.989730000000000110e-01,-2.321340000000000070e-01,-1.244569999999999982e-01,-2.303699999999999914e-01,-3.133230000000000182e-01,4.068979999999999819e-01,1.000000000000000000e+00,-9.908500000000000640e-02,-4.764720000000000066e-01,-2.861909999999999732e-01,-4.552700000000000080e-01,-4.900299999999999795e-02,4.602699999999999847e-02,1.109310000000000018e-01,-4.311500000000000055e-02,3.073560000000000181e-01,-3.585289999999999866e-01,-6.332100000000000228e-02,6.820800000000000474e-02,-2.811500000000000110e-01,2.979229999999999934e-01,2.653920000000000168e-01,2.425150000000000083e-01,1.977240000000000109e-01,4.934950000000000170e-01,1.856859999999999900e-01,2.928589999999999804e-01,7.727799999999999947e-02,7.115420000000000078e-01,6.678209999999999980e-01,-1.824439999999999951e-01,4.406240000000000157e-01,3.210830000000000073e-01,2.570879999999999832e-01,-2.876000000000000084e-02,7.231290000000000218e-01,5.747069999999999679e-01,-2.531430000000000069e-01,1.494459999999999955e-01,4.351119999999999988e-01,-2.808970000000000078e-01,1.289200000000000068e-02,-1.583829999999999960e-01,4.475799999999999917e-02,2.429200000000000109e-02,1.294079999999999953e-01,-2.628099999999999881e-01,3.381509999999999794e-01,-2.702680000000000082e-01,-2.130710000000000104e-01,4.545640000000000236e-01,8.201819999999999666e-01,4.524100000000000343e-02,-2.164510000000000045e-01,-1.539079999999999893e-01,-2.858350000000000057e-01,-3.122679999999999900e-01,3.222840000000000149e-01,-8.603800000000000336e-02,1.268819999999999948e-01,2.242730000000000001e-01,-3.586739999999999928e-01,4.444000000000000034e-02,4.054059999999999886e-01,-2.864600000000000132e-02,2.407000000000000112e-02,2.136230000000000073e-01,3.794100000000000250e-01,3.324110000000000120e-01
4.998049999999999993e-01,1.494439999999999935e-01,4.589779999999999971e-01,-5.657100000000000323e-02,1.604309999999999903e-01,-1.483839999999999881e-01,4.607699999999999990e-02,-1.490849999999999953e-01,3.713629999999999987e-01,1.141289999999999943e-01,5.117129999999999734e-01,-1.421600000000000086e-01,8.266800000000000537e-02,-9.908500000000000640e-02,1.000000000000000000e+00,2.787979999999999903e-01,1.804719999999999935e-01,2.756120000000000236e-01,5.932190000000000518e-01,6.307469999999999466e-01,5.735510000000000330e-01,6.458270000000000399e-01,-1.175680000000000058e-01,-4.637700000000000156e-02,2.860329999999999817e-01,2.045970000000000011e-01,5.187549999999999661e-01,2.899140000000000050e-01,3.122150000000000203e-01,2.148180000000000089e-01,4.630119999999999791e-01,-8.738799999999999346e-02,-5.786700000000000177e-02,-1.428790000000000060e-01,-1.800650000000000028e-01,-4.426299999999999679e-02,-1.273620000000000030e-01,-1.114519999999999955e-01,-8.430500000000000493e-02,-2.115699999999999872e-02,-7.625999999999999446e-02,-1.639899999999999969e-01,2.837000000000000112e-03,-5.609999999999999709e-02,5.982300000000000118e-02,4.366840000000000166e-01,1.866460000000000063e-01,4.654550000000000076e-01,-5.751599999999999768e-02,1.663389999999999869e-01,-9.288799999999999835e-02,2.251400000000000068e-01,-1.395280000000000131e-01,3.217389999999999972e-01,5.426299999999999873e-02,4.901369999999999894e-01,-1.929500000000000104e-01,9.340099999999999791e-02,-1.460899999999999976e-01,8.360199999999999854e-01,4.431209999999999871e-01,1.786399999999999932e-01,3.708409999999999762e-01,5.793460000000000276e-01,5.928710000000000369e-01,6.597119999999999651e-01,7.230490000000000528e-01,-3.288000000000000124e-03,-1.501500000000000057e-02,2.530660000000000132e-01,2.430200000000000138e-01,4.635839999999999961e-01,2.992360000000000020e-01,4.854169999999999874e-01,1.551649999999999974e-01,5.201050000000000395e-01
3.816789999999999905e-01,2.310369999999999924e-01,3.781249999999999889e-01,-3.910279999999999867e-01,1.499119999999999897e-01,2.084640000000000104e-01,-3.269050000000000011e-01,8.172000000000000444e-03,1.805879999999999985e-01,7.920000000000000651e-02,4.612649999999999806e-01,2.541419999999999790e-01,-1.323340000000000072e-01,-4.764720000000000066e-01,2.787979999999999903e-01,1.000000000000000000e+00,5.751610000000000333e-01,7.361680000000000446e-01,2.330089999999999939e-01,3.387009999999999743e-01,1.299659999999999982e-01,4.960669999999999802e-01,-2.295379999999999920e-01,3.911780000000000257e-01,1.698159999999999947e-01,3.431850000000000178e-01,2.443279999999999896e-01,8.895599999999999341e-02,-5.555899999999999728e-02,1.988109999999999877e-01,3.985759999999999859e-01,-1.890149999999999886e-01,-2.519899999999999918e-02,3.006699999999999998e-02,-3.028000000000000136e-02,-4.616190000000000015e-01,-5.213929999999999954e-01,-1.086999999999999945e-02,-1.170059999999999989e-01,-4.473400000000000293e-02,-4.636599999999999749e-02,8.482999999999999222e-03,-4.057040000000000091e-01,-3.602569999999999939e-01,4.478000000000000036e-02,1.853470000000000117e-01,-1.566750000000000087e-01,2.455100000000000060e-01,-7.462499999999999689e-02,4.877170000000000116e-01,1.862179999999999946e-01,4.525400000000000256e-02,5.012500000000000289e-02,1.846540000000000126e-01,-2.559370000000000256e-01,4.409370000000000234e-01,2.441530000000000089e-01,-5.670100000000000140e-02,-3.184029999999999916e-01,2.402150000000000118e-01,6.452620000000000022e-01,5.258699999999999486e-01,6.402400000000000313e-01,3.189939999999999998e-01,9.324399999999999356e-02,2.078059999999999907e-01,2.497679999999999900e-01,-3.486700000000000216e-02,3.620570000000000177e-01,1.315959999999999908e-01,-2.556800000000000045e-02,-3.061300000000000132e-02,4.484199999999999853e-01,3.083500000000000130e-02,1.498089999999999977e-01,2.945999999999999730e-01
2.250300000000000078e-01,1.356670000000000098e-01,3.033179999999999765e-01,-2.806029999999999913e-01,2.358520000000000061e-01,9.162900000000000211e-02,1.935330000000000106e-01,1.059500000000000025e-01,2.639630000000000032e-01,6.429660000000000375e-01,2.732589999999999741e-01,4.929160000000000208e-01,-4.885400000000000159e-02,-2.861909999999999732e-01,1.804719999999999935e-01,5.751610000000000333e-01,1.000000000000000000e+00,8.800400000000000444e-01,2.303799999999999945e-02,2.441989999999999994e-01,-6.980799999999999506e-02,1.799530000000000018e-01,-2.188309999999999977e-01,5.584789999999999477e-01,1.721900000000000097e-01,3.082349999999999812e-01,3.406399999999999706e-02,-2.522730000000000250e-01,1.598099999999999868e-02,-9.026700000000000002e-02,1.035399999999999932e-01,-3.256479999999999930e-01,2.075770000000000115e-01,-1.612049999999999872e-01,-8.980000000000000352e-04,-2.690989999999999771e-01,-2.732240000000000224e-01,3.584030000000000271e-01,-3.240410000000000235e-01,-1.885830000000000006e-01,4.699999999999999859e-04,3.821900000000000297e-02,-2.317549999999999888e-01,-1.578029999999999988e-01,3.312930000000000041e-01,-1.137289999999999968e-01,-3.084379999999999900e-01,1.814020000000000077e-01,-1.327579999999999871e-01,3.294679999999999831e-01,6.030000000000000204e-04,1.874599999999999878e-02,1.954960000000000031e-01,2.321650000000000102e-01,6.735199999999999521e-02,2.398720000000000019e-01,4.587879999999999736e-01,-1.412710000000000077e-01,-2.438549999999999884e-01,-2.968000000000000152e-02,3.191359999999999753e-01,4.018840000000000190e-01,3.554499999999999882e-01,9.036199999999999788e-02,3.317900000000000016e-02,5.139500000000000318e-02,2.138180000000000081e-01,-1.302790000000000059e-01,1.552199999999999969e-01,-1.084689999999999960e-01,-6.320800000000000030e-02,-7.976800000000000557e-02,1.740329999999999933e-01,-2.155229999999999924e-01,-1.153850000000000015e-01,1.678040000000000087e-01
2.773909999999999987e-01,2.971920000000000117e-01,3.920199999999999796e-01,-3.522799999999999820e-01,2.752740000000000187e-01,1.934559999999999891e-01,1.106850000000000056e-01,1.717000000000000123e-02,3.414769999999999750e-01,5.625839999999999730e-01,3.617270000000000207e-01,4.120750000000000246e-01,2.546000000000000086e-03,-4.552700000000000080e-01,2.756120000000000236e-01,7.361680000000000446e-01,8.800400000000000444e-01,1.000000000000000000e+00,6.792399999999999827e-02,3.782730000000000259e-01,-5.061000000000000394e-03,3.433479999999999865e-01,-2.547630000000000172e-01,5.430939999999999657e-01,3.507640000000000202e-01,3.580530000000000102e-01,1.971350000000000047e-01,-1.433280000000000109e-01,9.847000000000000197e-02,-6.833999999999999797e-03,1.306029999999999969e-01,-3.545039999999999858e-01,2.174069999999999891e-01,-1.850809999999999955e-01,-1.355709999999999971e-01,-3.774509999999999810e-01,-3.812610000000000166e-01,3.309320000000000039e-01,-3.454059999999999908e-01,-1.766729999999999967e-01,-2.535600000000000007e-02,-9.731399999999999773e-02,-3.426179999999999781e-01,-2.415249999999999897e-01,3.883940000000000170e-01,-9.622400000000000397e-02,-2.327100000000000002e-01,2.363369999999999915e-01,-1.487120000000000108e-01,3.716519999999999824e-01,3.486700000000000216e-02,4.167400000000000271e-02,8.337200000000000166e-02,3.122800000000000020e-01,-5.535600000000000243e-02,3.438769999999999882e-01,3.606989999999999919e-01,-1.167839999999999989e-01,-3.554309999999999969e-01,2.491900000000000018e-02,5.042389999999999928e-01,4.500560000000000116e-01,5.575489999999999613e-01,1.671690000000000120e-01,8.100300000000000555e-02,1.088849999999999957e-01,2.919379999999999753e-01,-1.823299999999999921e-01,1.610600000000000087e-01,6.615500000000000547e-02,-1.027010000000000006e-01,1.929000000000000159e-02,2.614489999999999870e-01,-1.332369999999999943e-01,-5.384099999999999997e-02,1.872850000000000070e-01
4.941220000000000057e-01,-1.499310000000000087e-01,6.158299999999999885e-01,1.198410000000000031e-01,2.508859999999999979e-01,-3.439820000000000100e-01,-9.254000000000000073e-03,-3.312780000000000169e-01,4.204089999999999772e-01,-1.035029999999999978e-01,7.810920000000000085e-01,-3.369860000000000078e-01,-8.723899999999999710e-02,-4.900299999999999795e-02,5.932190000000000518e-01,2.330089999999999939e-01,2.303799999999999945e-02,6.792399999999999827e-02,1.000000000000000000e+00,3.443320000000000269e-01,4.455350000000000144e-01,4.607220000000000204e-01,-3.217829999999999857e-01,-1.923229999999999940e-01,8.580000000000000387e-04,-8.462500000000000577e-02,5.473839999999999817e-01,1.670689999999999953e-01,2.160499999999999921e-01,5.993199999999999916e-02,5.042480000000000295e-01,-1.820779999999999899e-01,-4.101279999999999926e-01,-2.215999999999999914e-01,7.445999999999999841e-02,-1.475100000000000022e-02,-3.357199999999999768e-02,-1.746189999999999964e-01,-2.046129999999999893e-01,-1.739380000000000093e-01,-2.345530000000000115e-01,-8.452199999999999991e-02,-4.736900000000000138e-02,-8.613099999999999923e-02,-2.220999999999999884e-03,4.839680000000000093e-01,2.830699999999999883e-02,6.827450000000000463e-01,9.668699999999999517e-02,3.630120000000000013e-01,-2.065750000000000086e-01,3.233249999999999735e-01,-3.104210000000000025e-01,3.990339999999999998e-01,8.003100000000000491e-02,7.697570000000000245e-01,-3.700200000000000156e-01,-1.528400000000000071e-02,-7.875999999999999668e-02,5.383160000000000167e-01,3.024290000000000034e-01,7.230000000000000315e-03,2.596370000000000067e-01,8.900759999999999783e-01,4.164939999999999753e-01,4.778310000000000057e-01,4.955209999999999892e-01,-3.836099999999999927e-02,-1.171679999999999944e-01,3.582999999999999814e-03,3.440000000000000132e-04,5.238669999999999716e-01,2.352889999999999981e-01,5.148930000000000451e-01,8.227399999999999991e-02,4.601520000000000055e-01
6.207099999999999840e-01,6.402430000000000065e-01,1.957939999999999958e-01,1.751910000000000134e-01,5.568419999999999481e-01,2.725770000000000137e-01,2.964579999999999993e-01,2.239999999999999966e-04,4.540139999999999731e-01,1.981090000000000073e-01,3.705910000000000037e-01,-2.422439999999999871e-01,5.260639999999999761e-01,4.602699999999999847e-02,6.307469999999999466e-01,3.387009999999999743e-01,2.441989999999999994e-01,3.782730000000000259e-01,3.443320000000000269e-01,1.000000000000000000e+00,5.782420000000000337e-01,8.455350000000000366e-01,5.154600000000000154e-02,8.097400000000000431e-02,6.346140000000000114e-01,5.952690000000000481e-01,3.825649999999999884e-01,6.443330000000000446e-01,6.539859999999999562e-01,6.179970000000000185e-01,5.414339999999999709e-01,8.499900000000000511e-02,2.865739999999999954e-01,8.046599999999999586e-02,-4.930869999999999975e-01,3.335600000000000231e-01,1.269109999999999960e-01,-1.094870000000000010e-01,-8.493000000000000549e-03,1.905969999999999887e-01,2.451710000000000000e-01,-5.009710000000000552e-01,3.297530000000000183e-01,2.761870000000000158e-01,1.582790000000000030e-01,3.951439999999999952e-01,5.244550000000000045e-01,1.709279999999999966e-01,-1.721989999999999910e-01,2.217230000000000034e-01,1.892639999999999878e-01,1.833420000000000050e-01,4.455900000000000138e-02,2.423289999999999889e-01,1.503039999999999932e-01,3.430380000000000096e-01,-1.285239999999999994e-01,3.555630000000000179e-01,1.178880000000000067e-01,5.671939999999999760e-01,5.838929999999999954e-01,4.167069999999999941e-01,5.024530000000000385e-01,2.298189999999999955e-01,6.863430000000000364e-01,6.088540000000000063e-01,7.072190000000000420e-01,1.110789999999999972e-01,-1.328999999999999973e-02,4.917909999999999782e-01,5.677330000000000432e-01,2.810860000000000025e-01,6.508490000000000109e-01,5.363510000000000222e-01,5.703859999999999486e-01,6.124180000000000179e-01
