1.000000000000000000e+00,9.718300000000000549e-02,-1.802269999999999983e-01,7.482099999999999862e-02,1.119500000000000009e-02,-3.312160000000000104e-01,-6.155499999999999861e-02,1.884500000000000064e-02,9.484599999999999975e-02,-3.826199999999999740e-02,-7.464999999999999414e-02,4.228400000000000214e-02,-8.564099999999999491e-02,-5.687799999999999800e-02,-7.266400000000000636e-02,2.559270000000000156e-01,1.258990000000000109e-01,1.836339999999999917e-01,-1.194209999999999994e-01,-2.148069999999999979e-01,7.776499999999999524e-01,-1.923890000000000045e-01,9.067799999999999472e-02,4.309720000000000217e-01,2.692609999999999726e-01,5.241489999999999760e-01,-2.974379999999999802e-01,2.790810000000000235e-01,-1.528700000000000059e-01,4.651779999999999804e-01,6.237089999999999579e-01,3.673950000000000271e-01,5.041959999999999775e-01,5.833880000000000177e-01,2.684369999999999812e-01,2.569710000000000050e-01,-8.703400000000000025e-02,3.385580000000000256e-01,2.966509999999999980e-01,3.090319999999999734e-01,5.102910000000000501e-01,1.316819999999999935e-01,-7.391300000000000647e-02,3.003609999999999891e-01,1.471600000000000130e-01,8.949650000000000105e-01,-6.267300000000000648e-02,-1.849750000000000005e-01,-5.373599999999999904e-02,2.809999999999999998e-03,-3.345509999999999873e-01,-3.002980000000000094e-01,1.729950000000000099e-01,5.232500000000000345e-02,-1.026429999999999981e-01,1.009299999999999954e-02,-1.060900000000000037e-01,-1.544310000000000127e-01,-1.965490000000000015e-01,-2.609549999999999925e-01,1.422760000000000136e-01,1.303130000000000122e-01,2.782020000000000048e-01,-6.762700000000000655e-02,-3.103319999999999967e-01,6.130600000000000493e-01,-3.392490000000000228e-01,-4.381600000000000078e-02,3.569910000000000028e-01,1.464469999999999938e-01,3.214489999999999847e-01,-3.278490000000000015e-01,1.956090000000000051e-01,-9.209999999999999437e-03,1.892139999999999933e-01,5.481549999999999478e-01
9.718300000000000549e-02,1.000000000000000000e+00,-3.359550000000000036e-01,8.821400000000000075e-02,-3.804219999999999824e-01,6.199050000000000393e-01,-2.813069999999999737e-01,5.123950000000000449e-01,-4.360539999999999972e-01,1.240590000000000026e-01,-2.569930000000000270e-01,4.555649999999999977e-01,-7.258399999999999574e-02,1.086680000000000007e-01,-3.405529999999999946e-01,5.462600000000000094e-02,4.952600000000000058e-02,1.505869999999999986e-01,2.075390000000000013e-01,-2.813060000000000005e-01,4.478100000000000136e-02,-2.399099999999999844e-02,3.089850000000000096e-01,5.017289999999999806e-01,6.818400000000000016e-01,7.115669999999999495e-01,-1.587870000000000115e-01,-2.520510000000000250e-01,-9.701600000000000501e-02,1.959049999999999958e-01,-2.050379999999999980e-01,4.625650000000000039e-01,4.350720000000000143e-01,2.275490000000000013e-01,4.950399999999999939e-02,3.087699999999999889e-01,3.264059999999999739e-01,2.622900000000000231e-01,3.913150000000000239e-01,3.768360000000000043e-01,2.873299999999999743e-01,2.765549999999999953e-01,2.439620000000000122e-01,8.586399999999999588e-02,2.508500000000000174e-01,1.576599999999999877e-02,4.052649999999999864e-01,-3.346540000000000070e-01,2.361200000000000104e-02,-3.794569999999999887e-01,3.939960000000000129e-01,-5.287900000000000239e-02,5.033680000000000376e-01,-4.196429999999999882e-01,3.033399999999999985e-01,-3.194910000000000250e-01,3.531730000000000147e-01,1.525199999999999993e-02,1.434539999999999982e-01,-3.207209999999999783e-01,-1.546269999999999867e-01,-8.372100000000000375e-02,-9.666700000000000292e-02,2.506650000000000267e-01,-3.103350000000000275e-01,-1.876369999999999982e-01,-2.243570000000000009e-01,1.781369999999999898e-01,4.099679999999999991e-01,-3.015299999999999925e-02,3.361680000000000224e-01,-3.522429999999999728e-01,-1.903239999999999932e-01,-4.406590000000000229e-01,-7.402599999999999458e-02,-3.708299999999999930e-01
-1.802269999999999983e-01,-3.359550000000000036e-01,1.000000000000000000e+00,3.430300000000000016e-02,7.474490000000000300e-01,2.260179999999999967e-01,5.563740000000000352e-01,1.017470000000000041e-01,7.660400000000000542e-01,2.378899999999999904e-01,8.863210000000000255e-01,-1.488100000000000013e-02,4.600980000000000070e-01,1.220549999999999968e-01,3.262240000000000140e-01,1.854599999999999999e-02,2.063460000000000016e-01,7.710300000000000487e-02,4.919040000000000079e-01,4.435930000000000151e-01,-2.254670000000000007e-01,3.926479999999999970e-01,4.575009999999999910e-01,-2.724969999999999892e-01,-1.803389999999999993e-01,-2.883629999999999804e-01,6.803730000000000055e-01,3.410710000000000131e-01,3.835640000000000160e-01,-1.921499999999999875e-01,-3.167000000000000110e-03,-5.716299999999999715e-01,-5.227880000000000305e-01,-3.622560000000000224e-01,-3.409400000000000208e-01,-3.622500000000000026e-02,5.847999999999999900e-03,-5.419600000000000112e-02,-5.596299999999999608e-01,-6.516619999999999635e-01,-3.153619999999999757e-01,-4.306300000000000128e-01,-2.037980000000000069e-01,-2.817279999999999784e-01,-4.841000000000000164e-02,-2.476480000000000070e-01,-4.109909999999999952e-01,9.654449999999999976e-01,-1.559719999999999995e-01,7.335960000000000258e-01,3.473500000000000199e-02,3.223269999999999746e-01,-2.311759999999999926e-01,7.407909999999999773e-01,-2.939939999999999776e-01,8.918800000000000061e-01,-2.025659999999999961e-01,-7.577799999999999814e-02,3.073489999999999833e-01,2.687720000000000109e-01,-1.292959999999999943e-01,-1.430929999999999980e-01,-7.963599999999999846e-02,4.291710000000000247e-01,4.205280000000000129e-01,-1.230829999999999980e-01,3.675359999999999738e-01,3.603629999999999889e-01,-3.618129999999999957e-01,-2.079449999999999910e-01,-4.652629999999999821e-01,6.197709999999999608e-01,3.353699999999999737e-02,1.818309999999999926e-01,-1.339549999999999907e-01,-9.121799999999999353e-02
7.482099999999999862e-02,8.821400000000000075e-02,3.430300000000000016e-02,1.000000000000000000e+00,2.111020000000000119e-01,7.312799999999999856e-02,2.747290000000000010e-01,5.528899999999999787e-02,2.419070000000000109e-01,4.982570000000000054e-01,9.485599999999999588e-02,2.596129999999999827e-01,3.480619999999999825e-01,3.998220000000000107e-01,-1.406699999999999964e-02,-6.507400000000000684e-02,2.142679999999999862e-01,-7.121900000000000452e-02,-1.710510000000000086e-01,-3.558599999999999958e-02,3.288100000000000050e-02,-4.301200000000000162e-02,6.195599999999999719e-02,2.588250000000000273e-01,1.834590000000000110e-01,2.092219999999999913e-01,2.130599999999999855e-02,2.613699999999999912e-01,7.846000000000000543e-03,1.022200000000000018e-02,7.081199999999999994e-02,-8.467299999999999827e-02,2.447989999999999888e-01,6.421100000000000418e-02,5.316300000000000192e-02,5.980720000000000480e-01,3.850359999999999894e-01,4.396559999999999913e-01,-1.502580000000000027e-01,5.160599999999999909e-02,-1.531000000000000026e-03,-1.290880000000000083e-01,7.380200000000000649e-02,2.008149999999999935e-01,3.792800000000000060e-01,1.195780000000000037e-01,-1.883999999999999911e-02,8.526999999999999857e-02,3.095669999999999811e-01,1.678250000000000020e-01,-7.466899999999999926e-02,7.961899999999999533e-02,5.668600000000000028e-02,2.473879999999999968e-01,-1.387369999999999992e-01,1.615830000000000044e-01,5.928200000000000136e-02,2.213800000000000143e-02,8.743599999999999983e-02,-6.440600000000000491e-02,-9.971999999999999961e-03,8.636000000000000620e-02,-3.298100000000000337e-02,-9.175500000000000322e-02,-4.448999999999999830e-03,2.229400000000000132e-02,-1.419600000000000029e-02,2.029699999999999907e-02,2.710929999999999729e-01,-2.911700000000000052e-02,-9.192400000000000571e-02,8.286000000000000310e-02,1.403359999999999885e-01,-3.914499999999999924e-02,3.644399999999999723e-02,1.268390000000000073e-01
1.119500000000000009e-02,-3.804219999999999824e-01,7.474490000000000300e-01,2.111020000000000119e-01,1.000000000000000000e+00,9.303599999999999370e-02,8.501229999999999620e-01,1.573000000000000093e-02,8.822820000000000107e-01,4.469239999999999879e-01,7.984869999999999468e-01,8.142399999999999638e-02,6.451230000000000020e-01,3.139520000000000088e-01,3.720370000000000066e-01,6.614499999999999547e-02,4.186130000000000129e-01,2.322660000000000002e-01,1.174879999999999952e-01,4.309310000000000085e-01,3.649700000000000166e-02,2.618510000000000004e-01,2.755549999999999944e-01,-1.891190000000000093e-01,-1.150729999999999947e-01,-1.695260000000000100e-01,6.928440000000000154e-01,4.855809999999999849e-01,3.990400000000000058e-01,-1.990750000000000020e-01,1.496030000000000137e-01,-5.981090000000000018e-01,-3.979119999999999879e-01,-1.943570000000000020e-01,-8.158400000000000374e-02,1.171129999999999949e-01,9.072500000000000009e-02,4.640500000000000180e-02,-6.632479999999999487e-01,-6.075319999999999609e-01,-1.781260000000000066e-01,-4.278069999999999928e-01,-1.795899999999999996e-01,-1.514070000000000138e-01,6.690200000000000313e-02,-4.662399999999999878e-02,-5.787390000000000034e-01,7.455140000000000100e-01,-2.520599999999999924e-02,9.393390000000000351e-01,-2.083339999999999914e-01,5.214879999999999516e-01,-2.419409999999999894e-01,8.723180000000000378e-01,-2.591410000000000102e-01,8.506810000000000205e-01,-8.156900000000000261e-02,-6.898700000000000665e-02,3.667659999999999809e-01,2.220509999999999984e-01,-1.487970000000000126e-01,-6.486799999999999511e-02,-2.034499999999999850e-02,6.814800000000000024e-02,3.895449999999999746e-01,8.716300000000000436e-02,2.450239999999999918e-01,2.576959999999999806e-01,-3.236930000000000085e-01,-2.452110000000000123e-01,-5.072710000000000274e-01,6.396579999999999488e-01,1.226840000000000014e-01,2.150269999999999959e-01,-2.050970000000000015e-01,8.281900000000000373e-02
-3.312160000000000104e-01,6.199050000000000393e-01,2.260179999999999967e-01,7.312799999999999856e-02,9.303599999999999370e-02,1.000000000000000000e+00,1.707009999999999916e-01,6.453410000000000535e-01,-3.400700000000000250e-02,3.667469999999999897e-01,2.085490000000000121e-01,5.830710000000000059e-01,4.150059999999999860e-01,2.790929999999999800e-01,-4.649799999999999767e-02,7.943000000000000407e-03,1.979299999999999948e-01,1.892639999999999878e-01,2.982279999999999931e-01,1.221909999999999941e-01,-2.852819999999999800e-01,2.619670000000000054e-01,5.932610000000000383e-01,2.434469999999999967e-01,4.257690000000000086e-01,3.700959999999999805e-01,3.444989999999999997e-01,-5.723799999999999721e-02,2.673429999999999973e-01,-1.260870000000000046e-01,-4.017180000000000195e-01,-1.236399999999999999e-01,2.339700000000000113e-02,-1.108809999999999935e-01,-1.592310000000000114e-01,1.353880000000000083e-01,2.528819999999999957e-01,2.015550000000000119e-01,-1.619819999999999871e-01,-4.648700000000000054e-02,-3.234800000000000175e-02,-7.756499999999999506e-02,7.578500000000000514e-02,-8.081000000000000683e-02,2.485110000000000097e-01,-4.163629999999999831e-01,7.441599999999999604e-02,2.665969999999999729e-01,-1.345369999999999899e-01,4.929100000000000148e-02,6.653850000000000042e-01,2.689270000000000271e-01,4.204890000000000017e-01,-2.785500000000000129e-02,1.340300000000000102e-01,1.608080000000000065e-01,4.303540000000000143e-01,1.290159999999999918e-01,2.811299999999999910e-01,-5.478000000000000230e-03,-3.164730000000000043e-01,-1.381429999999999880e-01,-2.248560000000000003e-01,3.155459999999999932e-01,5.800000000000000294e-02,-4.182339999999999947e-01,1.048759999999999970e-01,5.097159999999999469e-01,1.561720000000000053e-01,-2.307059999999999944e-01,-2.266599999999999865e-02,1.688340000000000118e-01,-2.011290000000000022e-01,-2.623840000000000061e-01,-2.839720000000000022e-01,-5.808320000000000149e-01
-6.155499999999999861e-02,-2.813069999999999737e-01,5.563740000000000352e-01,2.747290000000000010e-01,8.501229999999999620e-01,1.707009999999999916e-01,1.000000000000000000e+00,-7.887800000000000367e-02,7.371619999999999839e-01,5.417180000000000328e-01,5.426569999999999450e-01,1.128669999999999951e-01,6.745130000000000292e-01,3.371890000000000165e-01,3.904929999999999790e-01,1.344269999999999909e-01,3.935770000000000102e-01,2.449129999999999918e-01,-9.003400000000000292e-02,4.296349999999999891e-01,-3.340499999999999720e-02,3.180560000000000054e-01,1.815960000000000074e-01,-2.619639999999999747e-01,3.773300000000000265e-02,-1.775609999999999966e-01,7.629340000000000011e-01,3.497819999999999818e-01,5.333379999999999788e-01,-3.395050000000000012e-01,9.078700000000000658e-02,-5.524510000000000254e-01,-3.674239999999999728e-01,-2.048780000000000046e-01,-1.128170000000000006e-01,1.578440000000000121e-01,1.786989999999999967e-01,7.287000000000000074e-03,-6.222999999999999643e-01,-5.413099999999999579e-01,-1.992200000000000082e-01,-3.411210000000000075e-01,-3.205399999999999916e-02,-6.769999999999999629e-02,4.162099999999999828e-02,-1.186989999999999990e-01,-4.822330000000000227e-01,5.714639999999999720e-01,3.016100000000000031e-02,7.736530000000000351e-01,-1.333719999999999906e-01,6.617169999999999996e-01,-2.477810000000000012e-01,7.403509999999999813e-01,-2.007889999999999953e-01,6.414100000000000357e-01,-3.381699999999999984e-02,-3.524999999999999922e-03,3.487629999999999897e-01,2.554649999999999976e-01,-8.487799999999999512e-02,-1.118579999999999991e-01,-6.434299999999999742e-02,-9.748300000000000021e-02,3.849480000000000124e-01,5.733400000000000302e-02,2.740969999999999795e-01,2.404419999999999891e-01,-3.581900000000000084e-01,-2.213130000000000097e-01,-5.128449999999999953e-01,6.839600000000000124e-01,3.938500000000000334e-02,2.559259999999999868e-01,-2.870409999999999906e-01,3.148499999999999910e-02
1.884500000000000064e-02,5.123950000000000449e-01,1.017470000000000041e-01,5.528899999999999787e-02,1.573000000000000093e-02,6.453410000000000535e-01,-7.887800000000000367e-02,1.000000000000000000e+00,-9.396000000000000185e-02,1.360609999999999875e-01,2.451510000000000078e-01,7.187059999999999560e-01,9.755700000000000482e-02,3.927379999999999760e-01,-2.662039999999999962e-01,-2.692519999999999913e-01,1.489880000000000093e-01,-5.817000000000000122e-03,3.724990000000000245e-01,-1.748119999999999952e-01,6.037499999999999811e-02,-6.939599999999999935e-02,6.433159999999999989e-01,6.603520000000000501e-01,2.540040000000000076e-01,5.472890000000000255e-01,-8.490300000000000624e-02,-6.743200000000000582e-02,-2.640219999999999789e-01,1.807340000000000058e-01,-3.088719999999999799e-01,2.134290000000000076e-01,2.925130000000000230e-01,1.440069999999999961e-01,4.098999999999999866e-02,2.470390000000000086e-01,6.746299999999999519e-02,3.269219999999999904e-01,1.639230000000000131e-01,1.676880000000000037e-01,2.359660000000000091e-01,9.053600000000000536e-02,7.176499999999999546e-02,-3.442200000000000121e-02,2.753700000000000037e-01,-4.369100000000000067e-02,6.694600000000000550e-02,1.459570000000000034e-01,-1.279109999999999969e-01,-1.545499999999999999e-02,4.658579999999999943e-01,-1.735300000000000037e-02,8.156189999999999829e-01,-9.959500000000000297e-02,1.571690000000000031e-01,1.591299999999999937e-01,6.134779999999999678e-01,4.014500000000000013e-02,2.830420000000000158e-01,-2.361580000000000068e-01,-4.088040000000000007e-01,3.400899999999999757e-02,-1.814199999999999979e-01,4.034380000000000188e-01,-2.065790000000000126e-01,-1.788970000000000005e-01,-2.125249999999999917e-01,4.346709999999999741e-01,4.897050000000000014e-01,-1.766669999999999907e-01,2.343820000000000070e-01,-2.760050000000000003e-01,-1.539449999999999985e-01,-4.987409999999999899e-01,-1.615989999999999926e-01,-4.720920000000000116e-01
9.484599999999999975e-02,-4.360539999999999972e-01,7.660400000000000542e-01,2.419070000000000109e-01,8.822820000000000107e-01,-3.400700000000000250e-02,7.371619999999999839e-01,-9.396000000000000185e-02,1.000000000000000000e+00,3.711380000000000234e-01,7.599789999999999601e-01,-4.835600000000000315e-02,5.814700000000000424e-01,2.170420000000000127e-01,3.657460000000000155e-01,-5.767400000000000304e-02,3.299340000000000050e-01,6.917299999999999838e-02,5.679700000000000026e-02,4.134999999999999787e-01,3.707699999999999885e-02,2.190120000000000122e-01,1.876180000000000070e-01,-1.853779999999999872e-01,-1.060299999999999992e-01,-1.857540000000000024e-01,5.651479999999999837e-01,4.707189999999999985e-01,2.524109999999999965e-01,-2.200719999999999898e-01,1.414030000000000009e-01,-5.502050000000000551e-01,-3.892260000000000164e-01,-2.215610000000000079e-01,-1.983810000000000018e-01,1.066430000000000017e-01,2.983099999999999988e-02,1.339740000000000097e-01,-6.084570000000000256e-01,-6.835679999999999534e-01,-2.510709999999999886e-01,-4.703240000000000198e-01,-2.350319999999999909e-01,-1.058209999999999984e-01,7.986100000000000143e-02,-4.879999999999999789e-03,-5.518509999999999804e-01,7.311069999999999514e-01,6.680700000000000527e-02,8.443680000000000074e-01,-2.930510000000000059e-01,3.287309999999999954e-01,-2.721649999999999903e-01,9.480220000000000313e-01,-3.352459999999999885e-01,8.450769999999999671e-01,-2.682300000000000240e-01,-1.299859999999999904e-01,2.255739999999999967e-01,1.711540000000000006e-01,-1.987559999999999882e-01,-9.804000000000000214e-02,-7.645899999999999919e-02,9.761999999999999844e-03,3.775009999999999755e-01,8.083700000000000607e-02,2.217770000000000019e-01,1.777050000000000018e-01,-2.744070000000000120e-01,-2.520999999999999908e-01,-5.669570000000000443e-01,5.663569999999999993e-01,1.173069999999999946e-01,1.079309999999999992e-01,-1.820920000000000039e-01,1.305699999999999916e-01
-3.826199999999999740e-02,1.240590000000000026e-01,2.378899999999999904e-01,4.982570000000000054e-01,4.469239999999999879e-01,3.667469999999999897e-01,5.417180000000000328e-01,1.360609999999999875e-01,3.711380000000000234e-01,1.000000000000000000e+00,2.283979999999999899e-01,4.572180000000000133e-01,5.058240000000000514e-01,4.770499999999999741e-01,1.690580000000000138e-01,1.673360000000000125e-01,5.806270000000000042e-01,2.959669999999999801e-01,-7.756699999999999706e-02,2.512539999999999774e-01,-4.209399999999999947e-02,2.654920000000000058e-01,2.476929999999999965e-01,7.193900000000000294e-02,2.079489999999999950e-01,1.463990000000000014e-01,4.950519999999999921e-01,3.050519999999999898e-01,3.391560000000000130e-01,-4.968199999999999700e-02,9.583800000000000652e-02,-3.808759999999999923e-01,-5.502499999999999752e-02,-1.206359999999999932e-01,6.425100000000000255e-02,3.728469999999999840e-01,3.934900000000000064e-01,3.670919999999999739e-01,-4.557599999999999985e-01,-1.547929999999999862e-01,-1.748109999999999942e-01,-2.257760000000000045e-01,1.607359999999999900e-01,2.769909999999999872e-01,3.617960000000000065e-01,-5.444500000000000034e-02,-2.780540000000000234e-01,2.849110000000000253e-01,1.173399999999999999e-01,3.612199999999999855e-01,1.340200000000000072e-02,4.286860000000000115e-01,-5.587799999999999712e-02,4.093189999999999884e-01,1.606239999999999890e-01,3.332570000000000254e-01,3.697400000000000131e-01,6.959300000000000208e-02,2.711939999999999906e-01,1.450410000000000033e-01,-1.560130000000000128e-01,1.450790000000000135e-01,-5.413799999999999862e-02,-5.069099999999999995e-02,3.058739999999999792e-01,-5.357300000000000256e-02,2.274100000000000010e-01,2.139129999999999920e-01,3.669300000000000339e-02,-2.619779999999999887e-01,-2.592349999999999932e-01,4.107140000000000235e-01,1.900439999999999907e-01,1.226999999999999966e-02,-1.430999999999999980e-02,-3.225399999999999795e-02
-7.464999999999999414e-02,-2.569930000000000270e-01,8.863210000000000255e-01,9.485599999999999588e-02,7.984869999999999468e-01,2.085490000000000121e-01,5.426569999999999450e-01,2.451510000000000078e-01,7.599789999999999601e-01,2.283979999999999899e-01,1.000000000000000000e+00,1.168649999999999967e-01,4.384399999999999964e-01,2.280719999999999970e-01,2.609529999999999905e-01,-5.553500000000000103e-02,2.902330000000000187e-01,1.347170000000000034e-01,5.449920000000000320e-01,3.245549999999999824e-01,-1.377889999999999948e-01,2.472100000000000131e-01,4.520489999999999786e-01,-8.935700000000000587e-02,-4.302500000000000074e-02,-1.052420000000000022e-01,5.346720000000000361e-01,3.456770000000000120e-01,2.428619999999999945e-01,-1.355889999999999873e-01,-3.107299999999999993e-02,-4.476999999999999869e-01,-3.901919999999999833e-01,-2.298409999999999898e-01,-2.752260000000000262e-01,-1.921899999999999997e-02,9.287999999999999381e-03,4.663999999999999743e-03,-4.638539999999999885e-01,-5.882690000000000419e-01,-1.894859999999999878e-01,-4.141549999999999954e-01,-2.548110000000000097e-01,-2.432979999999999865e-01,1.277900000000000043e-02,-1.702049999999999952e-01,-4.800449999999999995e-01,8.705340000000000300e-01,-1.276150000000000062e-01,7.958600000000000119e-01,-5.470300000000000162e-02,2.516010000000000191e-01,-9.340500000000000191e-02,7.297339999999999938e-01,-2.873459999999999903e-01,9.355660000000000087e-01,-9.316699999999999982e-02,-1.243800000000000044e-01,3.800769999999999982e-01,1.968260000000000010e-01,-2.339990000000000125e-01,-9.830200000000000049e-02,-7.665700000000000292e-02,4.631219999999999781e-01,3.022980000000000111e-01,-1.039199999999999985e-01,2.159389999999999921e-01,2.888430000000000164e-01,-2.548449999999999882e-01,-2.390569999999999917e-01,-3.983450000000000046e-01,4.390180000000000193e-01,1.515000000000000071e-03,4.319599999999999829e-02,-1.793369999999999964e-01,-1.314690000000000025e-01
4.228400000000000214e-02,4.555649999999999977e-01,-1.488100000000000013e-02,2.596129999999999827e-01,8.142399999999999638e-02,5.830710000000000059e-01,1.128669999999999951e-01,7.187059999999999560e-01,-4.835600000000000315e-02,4.572180000000000133e-01,1.168649999999999967e-01,1.000000000000000000e+00,3.112659999999999871e-01,3.520179999999999976e-01,-7.031600000000000350e-02,-1.019199999999999967e-01,3.831149999999999833e-01,1.130929999999999991e-01,6.316399999999999793e-02,4.950000000000000407e-03,-2.484000000000000097e-03,5.563499999999999696e-02,3.770299999999999763e-01,6.893869999999999720e-01,2.757450000000000179e-01,6.296910000000000007e-01,-4.073000000000000231e-03,7.070700000000000596e-02,-6.774900000000000366e-02,1.393280000000000074e-01,-1.872020000000000073e-01,-5.357900000000000162e-02,2.688840000000000119e-01,6.448600000000000165e-02,7.130100000000000326e-02,3.172630000000000172e-01,2.457880000000000065e-01,4.177960000000000007e-01,-1.311390000000000056e-01,1.666179999999999883e-01,8.789600000000000191e-02,-8.070000000000000784e-03,7.946899999999999797e-02,1.352669999999999983e-01,3.459119999999999973e-01,-7.544399999999999717e-02,-1.881770000000000109e-01,7.171800000000000397e-02,4.250000000000000305e-02,3.598400000000000210e-02,2.237250000000000072e-01,5.233000000000000151e-02,5.113299999999999512e-01,1.160699999999999926e-02,-3.993000000000000022e-03,8.804800000000000126e-02,7.718960000000000266e-01,4.833799999999999902e-02,2.320899999999999908e-01,-3.175000000000000044e-02,-5.034020000000000161e-01,7.971100000000000407e-02,-2.760500000000000176e-01,1.158590000000000036e-01,1.581000000000000114e-02,-2.109520000000000006e-01,-5.237399999999999695e-02,1.840459999999999874e-01,5.331730000000000080e-01,-3.796660000000000035e-01,7.192500000000000282e-02,-1.623819999999999986e-01,-2.114800000000000013e-02,-4.525429999999999731e-01,-1.007369999999999932e-01,-3.999469999999999970e-01
-8.564099999999999491e-02,-7.258399999999999574e-02,4.600980000000000070e-01,3.480619999999999825e-01,6.451230000000000020e-01,4.150059999999999860e-01,6.745130000000000292e-01,9.755700000000000482e-02,5.814700000000000424e-01,5.058240000000000514e-01,4.384399999999999964e-01,3.112659999999999871e-01,1.000000000000000000e+00,1.761979999999999935e-01,3.268619999999999859e-01,2.050140000000000018e-01,5.289000000000000368e-01,3.661690000000000222e-01,-1.826619999999999910e-01,4.480210000000000026e-01,-6.790499999999999314e-02,3.351930000000000187e-01,2.074360000000000093e-01,-1.004870000000000069e-01,1.054549999999999932e-01,1.077380000000000004e-01,4.810450000000000004e-01,6.449500000000000233e-01,5.300799999999999956e-01,-1.752980000000000094e-01,9.081400000000000583e-02,-5.920760000000000467e-01,-2.628679999999999906e-01,-1.770440000000000069e-01,-1.067150000000000043e-01,1.120929999999999982e-01,1.309200000000000086e-01,2.182089999999999863e-01,-6.599310000000000453e-01,-3.910719999999999752e-01,-2.241900000000000004e-01,-4.060509999999999953e-01,-1.307510000000000061e-01,4.143000000000000155e-02,1.573740000000000139e-01,-1.249799999999999939e-01,-3.016759999999999997e-01,4.885209999999999830e-01,-3.376000000000000095e-03,5.288389999999999480e-01,1.543990000000000085e-01,3.555309999999999859e-01,-7.209799999999999542e-02,5.588199999999999834e-01,-1.801820000000000088e-01,5.194680000000000408e-01,1.263620000000000021e-01,3.830239999999999756e-01,9.868999999999999301e-03,2.627999999999999781e-01,-1.150859999999999939e-01,2.199470000000000036e-01,3.785299999999999776e-02,-2.174149999999999971e-01,4.091640000000000277e-01,-3.015899999999999831e-02,2.666229999999999989e-01,1.930449999999999944e-01,-9.237499999999999878e-02,-4.794999999999999957e-02,-2.948680000000000190e-01,4.562939999999999774e-01,3.532480000000000064e-01,2.214700000000000002e-01,-1.520620000000000027e-01,3.287700000000000344e-02
-5.687799999999999800e-02,1.086680000000000007e-01,1.220549999999999968e-01,3.998220000000000107e-01,3.139520000000000088e-01,2.790929999999999800e-01,3.371890000000000165e-01,3.927379999999999760e-01,2.170420000000000127e-01,4.770499999999999741e-01,2.280719999999999970e-01,3.520179999999999976e-01,1.761979999999999935e-01,1.000000000000000000e+00,1.655299999999999827e-02,-2.515549999999999731e-01,1.360500000000000043e-01,-1.108050000000000007e-01,6.278200000000000447e-02,-7.569099999999999440e-02,4.354199999999999737e-02,-1.173489999999999950e-01,3.440320000000000045e-01,2.521760000000000113e-01,1.295290000000000052e-01,1.283269999999999966e-01,1.945399999999999907e-01,3.021400000000000127e-02,-5.677800000000000208e-02,3.696699999999999986e-02,-1.458289999999999864e-01,-9.744400000000000284e-02,1.602089999999999903e-01,5.835400000000000309e-02,1.964200000000000113e-01,4.215479999999999783e-01,2.816560000000000175e-01,2.782109999999999861e-01,-1.430140000000000022e-01,2.806399999999999867e-02,9.800799999999999790e-02,-4.279499999999999971e-02,2.193269999999999942e-01,5.054499999999999965e-02,4.036870000000000180e-01,-8.813999999999999613e-02,-1.024599999999999990e-02,1.787060000000000037e-01,2.260179999999999967e-01,2.707499999999999907e-01,1.569629999999999914e-01,3.479920000000000235e-01,3.295049999999999923e-01,2.494879999999999876e-01,3.048629999999999951e-01,2.608420000000000183e-01,3.507339999999999902e-01,-2.440799999999999914e-02,5.087840000000000140e-01,-4.637999999999999762e-03,-1.791830000000000089e-01,-4.134600000000000081e-02,-1.080350000000000060e-01,1.030329999999999996e-01,-2.232299999999999909e-02,-8.864999999999999616e-03,-5.897700000000000164e-02,3.856310000000000016e-01,2.212389999999999912e-01,-7.385700000000000598e-02,3.332100000000000339e-02,1.581940000000000013e-01,2.297599999999999990e-02,-1.550709999999999866e-01,5.185999999999999638e-03,-1.461179999999999979e-01
-7.266400000000000636e-02,-3.405529999999999946e-01,3.262240000000000140e-01,-1.406699999999999964e-02,3.720370000000000066e-01,-4.649799999999999767e-02,3.904929999999999790e-01,-2.662039999999999962e-01,3.657460000000000155e-01,1.690580000000000138e-01,2.609529999999999905e-01,-7.031600000000000350e-02,3.268619999999999859e-01,1.655299999999999827e-02,1.000000000000000000e+00,3.546259999999999968e-01,2.063520000000000076e-01,1.518230000000000135e-01,-2.390849999999999920e-01,7.490050000000000319e-01,1.966769999999999907e-01,7.097059999999999480e-01,1.393719999999999959e-01,-4.055119999999999836e-01,-8.283200000000000285e-02,-2.022990000000000066e-01,4.403830000000000244e-01,3.516659999999999786e-01,6.224669999999999925e-01,-1.609309999999999907e-01,4.142859999999999876e-01,-5.788809999999999789e-01,-4.304040000000000088e-01,-1.859780000000000044e-01,-1.255719999999999892e-01,-2.977300000000000085e-02,1.597500000000000031e-01,-1.480970000000000064e-01,-5.511009999999999520e-01,-3.623319999999999874e-01,-2.516499999999999848e-01,-2.737760000000000193e-01,1.234000000000000027e-02,-5.410299999999999832e-02,-2.031219999999999970e-01,-1.013580000000000036e-01,-3.192820000000000102e-01,4.029320000000000124e-01,-1.016699999999999965e-01,3.668980000000000019e-01,-4.628600000000000075e-02,2.357410000000000061e-01,-3.307180000000000120e-01,4.102009999999999823e-01,-3.174279999999999879e-01,3.168270000000000253e-01,-2.555910000000000126e-01,9.412299999999999833e-02,1.705180000000000029e-01,8.874039999999999706e-01,9.295000000000000484e-02,-1.073800000000000032e-01,6.395099999999999396e-02,-3.528540000000000010e-01,7.312450000000000339e-01,3.403340000000000254e-01,7.224699999999999456e-01,1.868080000000000018e-01,-3.841189999999999882e-01,-9.617900000000000060e-02,-2.378949999999999954e-01,5.278329999999999966e-01,2.672039999999999971e-01,5.065049999999999830e-01,5.765900000000000192e-02,2.572900000000000187e-01
2.559270000000000156e-01,5.462600000000000094e-02,1.854599999999999999e-02,-6.507400000000000684e-02,6.614499999999999547e-02,7.943000000000000407e-03,1.344269999999999909e-01,-2.692519999999999913e-01,-5.767400000000000304e-02,1.673360000000000125e-01,-5.553500000000000103e-02,-1.019199999999999967e-01,2.050140000000000018e-01,-2.515549999999999731e-01,3.546259999999999968e-01,1.000000000000000000e+00,3.582190000000000096e-01,6.826109999999999678e-01,-7.748199999999999532e-02,2.163799999999999890e-01,2.343689999999999940e-01,4.146900000000000031e-01,4.483100000000000279e-02,-3.166849999999999943e-01,1.125929999999999986e-01,9.763900000000000357e-02,2.591760000000000175e-01,3.777010000000000089e-01,5.973169999999999868e-01,1.277240000000000042e-01,6.307500000000000329e-01,-1.422339999999999993e-01,-6.993000000000000604e-02,2.285490000000000022e-01,2.097509999999999930e-01,-1.408500000000000030e-01,7.307000000000000127e-03,-1.694289999999999963e-01,-1.491200000000000025e-01,1.345590000000000119e-01,1.018310000000000048e-01,1.250699999999999867e-01,1.885099999999999970e-02,1.620979999999999921e-01,-2.272810000000000108e-01,2.979109999999999814e-01,-3.037799999999999875e-02,3.573400000000000187e-02,-2.760070000000000023e-01,5.779700000000000115e-02,2.619799999999999907e-02,1.244050000000000017e-01,-3.210060000000000136e-01,-1.688800000000000023e-02,-2.362200000000000064e-02,2.514800000000000021e-02,-8.298400000000000221e-02,2.782439999999999913e-01,-1.223100000000000021e-01,3.591860000000000053e-01,4.942639999999999811e-01,2.374970000000000137e-01,4.307489999999999930e-01,-1.109529999999999961e-01,2.188549999999999940e-01,3.534999999999999809e-01,3.279779999999999918e-01,-7.922000000000000222e-03,-2.878109999999999835e-01,1.744370000000000087e-01,1.544409999999999950e-01,2.258070000000000077e-01,4.202919999999999989e-01,5.661270000000000469e-01,2.804449999999999998e-01,4.660540000000000238e-01
1.258990000000000109e-01,4.952600000000000058e-02,2.063460000000000016e-01,2.142679999999999862e-01,4.186130000000000129e-01,1.979299999999999948e-01,3.935770000000000102e-01,1.489880000000000093e-01,3.299340000000000050e-01,5.806270000000000042e-01,2.902330000000000187e-01,3.831149999999999833e-01,5.289000000000000368e-01,1.360500000000000043e-01,2.063520000000000076e-01,3.582190000000000096e-01,1.000000000000000000e+00,6.331529999999999658e-01,-1.054849999999999954e-01,2.958430000000000226e-01,1.092010000000000064e-01,2.963379999999999903e-01,8.428900000000000281e-02,2.649500000000000119e-02,2.511280000000000179e-01,2.675750000000000073e-01,3.179509999999999836e-01,4.929479999999999973e-01,3.363410000000000011e-01,2.079900000000000151e-02,2.169820000000000082e-01,-3.199210000000000109e-01,-1.858670000000000044e-01,-3.095900000000000041e-02,5.318400000000000211e-02,1.140010000000000051e-01,9.889100000000000668e-02,5.279999999999999971e-02,-4.047830000000000039e-01,-1.414729999999999877e-01,-1.094360000000000055e-01,-1.915469999999999950e-01,1.020699999999999941e-01,7.708199999999999774e-02,3.667299999999999727e-02,4.599199999999999816e-02,-3.829389999999999739e-01,2.283310000000000062e-01,3.293299999999999700e-02,3.631469999999999976e-01,-8.265999999999999737e-02,3.083790000000000142e-01,-7.034200000000000175e-02,3.814640000000000253e-01,8.566799999999999415e-02,3.319550000000000001e-01,2.462390000000000134e-01,3.620940000000000270e-01,3.583599999999999980e-02,2.108579999999999899e-01,-2.167429999999999912e-01,5.002539999999999765e-01,8.610199999999999798e-02,-1.563539999999999930e-01,3.856580000000000008e-01,8.279400000000000648e-02,2.274980000000000058e-01,-4.477199999999999930e-02,-3.645899999999999835e-02,-1.299019999999999897e-01,-1.297230000000000050e-01,1.851309999999999900e-01,4.191199999999999926e-01,7.727000000000000535e-02,4.006200000000000039e-02,2.363900000000000029e-02
1.836339999999999917e-01,1.505869999999999986e-01,7.710300000000000487e-02,-7.121900000000000452e-02,2.322660000000000002e-01,1.892639999999999878e-01,2.449129999999999918e-01,-5.817000000000000122e-03,6.917299999999999838e-02,2.959669999999999801e-01,1.347170000000000034e-01,1.130929999999999991e-01,3.661690000000000222e-01,-1.108050000000000007e-01,1.518230000000000135e-01,6.826109999999999678e-01,6.331529999999999658e-01,1.000000000000000000e+00,5.395699999999999802e-02,2.168160000000000087e-01,1.597050000000000136e-01,2.707180000000000142e-01,1.018999999999999941e-03,-2.102080000000000060e-01,3.349719999999999920e-01,1.746510000000000007e-01,2.760949999999999793e-01,4.020279999999999965e-01,5.334119999999999973e-01,1.604349999999999943e-01,3.908420000000000227e-01,-8.065200000000000147e-02,-1.556659999999999988e-01,4.963599999999999957e-02,7.535000000000000031e-03,-8.061699999999999422e-02,9.185300000000000409e-02,-1.883549999999999947e-01,-1.107599999999999973e-01,-1.225839999999999985e-01,-1.363699999999999982e-02,-1.222799999999999929e-02,7.877900000000000180e-02,1.706040000000000056e-01,-1.811270000000000102e-01,1.334960000000000035e-01,-9.649199999999999444e-02,5.080500000000000294e-02,-2.629279999999999951e-01,1.848370000000000013e-01,-2.319500000000000034e-02,1.985300000000000120e-01,-1.391570000000000029e-01,4.734300000000000314e-02,1.305530000000000024e-01,1.431989999999999930e-01,1.710089999999999943e-01,2.696990000000000220e-01,-4.112600000000000283e-02,1.579969999999999986e-01,2.587979999999999725e-01,3.618199999999999750e-01,4.356119999999999992e-01,-6.362999999999999733e-03,2.039410000000000112e-01,1.332430000000000003e-01,1.658499999999999974e-01,-5.631800000000000000e-02,-2.886329999999999729e-01,1.116579999999999934e-01,5.941099999999999853e-02,1.537429999999999908e-01,3.130910000000000082e-01,3.271809999999999996e-01,1.151449999999999974e-01,2.022579999999999933e-01
-1.194209999999999994e-01,2.075390000000000013e-01,4.919040000000000079e-01,-1.710510000000000086e-01,1.174879999999999952e-01,2.982279999999999931e-01,-9.003400000000000292e-02,3.724990000000000245e-01,5.679700000000000026e-02,-7.756699999999999706e-02,5.449920000000000320e-01,6.316399999999999793e-02,-1.826619999999999910e-01,6.278200000000000447e-02,-2.390849999999999920e-01,-7.748199999999999532e-02,-1.054849999999999954e-01,5.395699999999999802e-02,1.000000000000000000e+00,-1.747110000000000052e-01,-2.739119999999999888e-01,-1.922000000000000097e-02,3.920089999999999963e-01,5.999999999999999778e-02,7.123899999999999677e-02,3.870799999999999935e-02,1.379199999999999871e-01,-1.573910000000000031e-01,-7.703400000000000525e-02,1.259540000000000104e-01,-2.358830000000000093e-01,1.718020000000000103e-01,-5.341300000000000214e-02,-4.993800000000000322e-02,-1.731109999999999871e-01,-1.079979999999999968e-01,2.388099999999999945e-02,-1.034640000000000004e-01,1.947149999999999992e-01,-1.056139999999999995e-01,7.770100000000000617e-02,6.049299999999999816e-02,-9.695199999999999652e-02,-2.444270000000000054e-01,-1.588600000000000081e-02,-1.653429999999999900e-01,8.266199999999999937e-02,4.348799999999999888e-01,-2.038510000000000044e-01,1.605560000000000043e-01,1.841899999999999926e-01,3.150100000000000122e-02,9.543699999999999406e-02,3.113600000000000048e-02,8.725399999999999823e-02,3.764319999999999888e-01,4.926099999999999923e-02,-2.029110000000000080e-01,3.324980000000000158e-01,-1.642480000000000051e-01,-3.983300000000000035e-02,-1.469850000000000045e-01,2.292599999999999846e-02,9.533399999999999652e-01,-1.898019999999999985e-01,-3.338409999999999989e-01,-8.695400000000000351e-02,2.123559999999999892e-01,-7.840600000000000347e-02,-5.217499999999999916e-02,6.832100000000000672e-02,6.674000000000000245e-03,-2.442650000000000099e-01,-1.766810000000000047e-01,4.955000000000000203e-03,-3.479849999999999888e-01
-2.148069999999999979e-01,-2.813060000000000005e-01,4.435930000000000151e-01,-3.558599999999999958e-02,4.309310000000000085e-01,1.221909999999999941e-01,4.296349999999999891e-01,-1.748119999999999952e-01,4.134999999999999787e-01,2.512539999999999774e-01,3.245549999999999824e-01,4.950000000000000407e-03,4.480210000000000026e-01,-7.569099999999999440e-02,7.490050000000000319e-01,2.163799999999999890e-01,2.958430000000000226e-01,2.168160000000000087e-01,-1.747110000000000052e-01,1.000000000000000000e+00,-2.991600000000000162e-02,8.811259999999999648e-01,1.722229999999999872e-01,-3.858779999999999988e-01,-5.558300000000000046e-02,-2.461419999999999997e-01,5.822110000000000340e-01,3.762519999999999754e-01,6.750110000000000277e-01,-1.767660000000000065e-01,2.373439999999999994e-01,-6.923240000000000505e-01,-5.736790000000000500e-01,-4.029079999999999884e-01,-4.026770000000000072e-01,5.836700000000000221e-02,2.625160000000000271e-01,-1.118040000000000006e-01,-6.563259999999999650e-01,-4.820749999999999758e-01,-3.728409999999999780e-01,-4.802290000000000170e-01,8.641600000000000670e-02,3.586999999999999911e-02,-1.077759999999999968e-01,-2.739989999999999926e-01,-2.642550000000000177e-01,5.012119999999999909e-01,-8.950400000000000023e-02,3.929329999999999767e-01,9.320000000000000506e-02,3.493450000000000166e-01,-2.762249999999999983e-01,4.271829999999999794e-01,-2.043439999999999979e-01,3.678759999999999808e-01,-1.525279999999999969e-01,2.021300000000000041e-01,1.220989999999999992e-01,7.261819999999999942e-01,5.148199999999999998e-02,2.635999999999999888e-03,9.401400000000000035e-02,-2.982179999999999831e-01,9.106429999999999803e-01,8.840499999999999747e-02,8.767089999999999606e-01,2.601729999999999876e-01,-3.216720000000000135e-01,-5.537399999999999961e-02,-3.121700000000000030e-01,6.065030000000000143e-01,2.462890000000000079e-01,4.171219999999999928e-01,-5.972000000000000225e-02,6.731800000000000284e-02
