1.000000000000000000e+00,-6.747000000000000219e-02,-2.367779999999999885e-01,1.968570000000000042e-01,-9.294099999999999584e-02,-1.757599999999999996e-01,-3.596400000000000152e-01,-1.140950000000000020e-01,-1.790730000000000099e-01,-1.468949999999999978e-01,-1.164940000000000003e-01,-2.892700000000000132e-02,-1.972009999999999874e-01,-9.061800000000000410e-02,5.919489999999999474e-01,9.025900000000000589e-02,1.638139999999999874e-01,-8.399099999999999622e-02,-2.471339999999999926e-01,6.910600000000000076e-02,8.723429999999999795e-01,1.514860000000000095e-01,7.678500000000000603e-02,4.828099999999999753e-02,2.475430000000000130e-01,3.417060000000000097e-01,-9.043500000000000150e-02,-1.793720000000000037e-01,1.372909999999999964e-01,4.880999999999999922e-03,4.156520000000000215e-01,2.539710000000000023e-01,-4.143729999999999913e-01,4.176860000000000017e-01,-1.247339999999999977e-01,3.770500000000000240e-02,-2.928479999999999972e-01,-3.161599999999999827e-02,3.872010000000000174e-01,2.427999999999999950e-02,2.093109999999999971e-01,-1.798999999999999905e-02,-1.867610000000000103e-01,-3.510170000000000234e-01,2.562700000000000047e-02,9.092419999999999947e-01,3.475800000000000001e-01,-1.988060000000000105e-01,-8.796099999999999752e-02,9.931999999999999856e-03,4.613799999999999846e-02,-1.176760000000000028e-01,-1.092800000000000021e-02,-8.915399999999999714e-02,-2.545910000000000117e-01,1.899700000000000000e-02,-1.221000000000000037e-02,2.796029999999999904e-01,-5.758599999999999830e-02,6.380230000000000068e-01,4.985220000000000207e-01,1.981239999999999946e-01,3.391549999999999843e-01,-2.749699999999999922e-01,4.590989999999999793e-01,8.859510000000000440e-01,3.361480000000000024e-01,1.391439999999999899e-01,8.468699999999999839e-02,2.709469999999999934e-01,6.370900000000000452e-01,2.566200000000000078e-02,1.435190000000000077e-01,4.075860000000000039e-01,2.105249999999999899e-01,5.260190000000000143e-01
-6.747000000000000219e-02,1.000000000000000000e+00,-1.440659999999999996e-01,1.297199999999999916e-02,-1.616259999999999919e-01,5.247209999999999930e-01,1.091189999999999938e-01,3.747400000000000175e-01,-3.681189999999999740e-01,7.088600000000000456e-02,-3.008399999999999963e-01,1.199839999999999934e-01,3.456879999999999953e-01,2.798350000000000004e-01,-2.892300000000000079e-02,3.657500000000000334e-02,1.395790000000000086e-01,3.078719999999999790e-01,-7.426199999999999468e-02,5.435740000000000016e-01,5.181399999999999895e-02,5.517570000000000530e-01,4.016259999999999830e-01,4.306889999999999885e-01,5.469880000000000297e-01,5.717839999999999590e-01,5.038920000000000066e-01,1.559889999999999888e-01,4.267830000000000235e-01,7.438599999999999379e-02,3.287400000000000044e-02,1.923660000000000092e-01,5.438599999999999685e-02,-5.753300000000000081e-02,-1.789540000000000020e-01,1.517880000000000063e-01,1.663779999999999981e-01,2.409779999999999978e-01,2.211589999999999945e-01,3.774270000000000125e-01,-1.836139999999999994e-01,-1.343900000000000095e-01,-7.843300000000000272e-02,1.094809999999999950e-01,3.377089999999999814e-01,-7.994500000000000217e-02,3.969159999999999910e-01,-1.839240000000000042e-01,1.567439999999999944e-01,-8.514800000000000146e-02,8.492900000000000449e-02,5.861600000000000144e-02,2.504009999999999847e-01,-3.302720000000000100e-01,-3.493000000000000271e-02,-1.507419999999999871e-01,1.211639999999999939e-01,-1.120440000000000047e-01,2.126909999999999912e-01,5.411699999999999844e-02,-2.563810000000000255e-01,1.230000000000000082e-04,-1.778119999999999978e-01,4.759599999999999942e-02,2.346509999999999985e-01,-1.327480000000000049e-01,2.889820000000000166e-01,1.932099999999999929e-01,4.590759999999999841e-01,7.396999999999999409e-02,3.431969999999999743e-01,3.289239999999999942e-01,-1.200000000000000025e-02,-1.349329999999999974e-01,4.234700000000000270e-02,-1.048169999999999935e-01
-2.367779999999999885e-01,-1.440659999999999996e-01,1.000000000000000000e+00,-7.629199999999999871e-02,4.280959999999999765e-01,3.207900000000000196e-01,2.993060000000000165e-01,2.752359999999999807e-01,7.904459999999999820e-01,-7.953000000000000347e-02,7.175540000000000251e-01,-6.148399999999999699e-02,9.643599999999999395e-02,-7.067500000000000171e-02,-3.269290000000000251e-01,-2.161299999999999888e-01,-5.140299999999999730e-02,-2.384439999999999893e-01,7.484769999999999479e-01,1.580399999999999860e-02,-1.905699999999999894e-01,-9.631199999999999484e-02,2.781680000000000264e-01,-7.901900000000000590e-02,-1.976749999999999896e-01,-1.510299999999999976e-01,2.921909999999999785e-01,1.667849999999999888e-01,-1.359650000000000025e-01,5.806800000000000156e-02,-2.675910000000000233e-01,-1.842399999999999871e-01,-8.161599999999999411e-02,-1.545169999999999877e-01,-1.832930000000000115e-01,-8.880200000000000593e-02,-1.900090000000000112e-01,-1.102439999999999948e-01,-2.952049999999999952e-01,-3.528680000000000150e-01,-1.406900000000000095e-01,-2.763999999999999964e-03,-1.067599999999999973e-02,-8.136400000000000576e-02,1.076840000000000019e-01,-1.693209999999999993e-01,-2.153019999999999934e-01,9.444169999999999510e-01,7.034100000000000075e-02,4.034369999999999901e-01,3.565440000000000276e-01,3.496460000000000123e-01,1.776419999999999944e-01,7.777199999999999669e-01,-6.385499999999999510e-02,6.893860000000000543e-01,-8.856100000000000083e-02,-6.065199999999999758e-02,-5.192999999999999700e-03,-3.423089999999999744e-01,-2.774209999999999732e-01,-1.498259999999999870e-01,-1.481230000000000047e-01,6.512480000000000491e-01,-1.219559999999999950e-01,-1.535870000000000013e-01,-1.439610000000000056e-01,3.454880000000000173e-01,-1.178219999999999962e-01,-1.969170000000000087e-01,-1.992339999999999944e-01,2.871929999999999761e-01,1.923020000000000007e-01,-1.364960000000000062e-01,-2.805200000000000055e-02,-2.146790000000000087e-01
1.968570000000000042e-01,1.297199999999999916e-02,-7.629199999999999871e-02,1.000000000000000000e+00,1.106300000000000061e-01,9.068099999999999772e-02,-2.041610000000000091e-01,8.412000000000000033e-02,-7.122999999999999991e-03,9.392399999999999360e-02,2.064900000000000069e-02,1.148060000000000053e-01,-8.189100000000000545e-02,5.599099999999999910e-02,3.612300000000000233e-02,-8.094000000000000500e-03,1.059910000000000019e-01,-2.725999999999999951e-02,-1.044309999999999961e-01,-1.644490000000000118e-01,1.595380000000000131e-01,-9.985900000000000332e-02,7.767699999999999605e-02,1.163470000000000060e-01,1.734420000000000128e-01,1.880840000000000012e-01,-6.711300000000000598e-02,-1.272429999999999950e-01,5.565400000000000208e-02,-2.333490000000000009e-01,6.687700000000000589e-02,1.564290000000000125e-01,3.723499999999999727e-02,2.593050000000000077e-01,1.878099999999999908e-02,1.284039999999999904e-01,7.801900000000000501e-02,1.909000000000000107e-03,1.945300000000000085e-01,5.165100000000000247e-02,1.625699999999999923e-01,-8.815800000000000025e-02,6.819300000000000361e-02,1.016380000000000061e-01,-3.459300000000000153e-01,2.601479999999999904e-01,-2.885899999999999924e-02,-7.146600000000000175e-02,-7.307099999999999707e-02,9.721599999999999686e-02,-8.964800000000000546e-02,-6.729100000000000359e-02,5.806499999999999856e-02,3.903500000000000025e-02,-1.671999999999999875e-02,7.786899999999999378e-02,1.727920000000000011e-01,-6.508600000000000496e-02,2.810299999999999951e-02,6.987400000000000555e-02,9.119499999999999829e-02,1.014160000000000061e-01,-5.574300000000000088e-02,-1.183540000000000009e-01,-4.285900000000000126e-02,1.592079999999999884e-01,-9.329900000000000693e-02,2.595700000000000091e-02,6.445800000000000141e-02,1.007920000000000066e-01,2.234500000000000097e-01,-1.739660000000000095e-01,-9.676500000000000379e-02,-6.840100000000000346e-02,-2.299660000000000037e-01,3.152900000000000147e-02
-9.294099999999999584e-02,-1.616259999999999919e-01,4.280959999999999765e-01,1.106300000000000061e-01,1.000000000000000000e+00,4.649600000000000261e-02,2.854510000000000103e-01,-4.331900000000000334e-02,5.907790000000000541e-01,-1.032499999999999946e-01,5.105560000000000098e-01,-1.122429999999999956e-01,-2.216200000000000114e-01,7.790999999999999315e-02,-2.938299999999999940e-02,-6.539000000000000368e-02,-1.580900000000000014e-02,-2.884439999999999782e-01,4.326119999999999965e-01,4.983300000000000229e-02,-1.138080000000000064e-01,-2.692999999999999908e-02,-1.049900000000000000e-01,4.739100000000000257e-02,-1.236529999999999990e-01,-1.295679999999999887e-01,1.658840000000000037e-01,-5.190000000000000169e-03,-2.210000000000000020e-01,5.075299999999999950e-02,-2.255510000000000015e-01,-2.547949999999999937e-01,-1.101869999999999933e-01,4.772200000000000053e-02,-2.819639999999999924e-01,-5.071229999999999905e-01,5.480999999999999761e-02,6.654100000000000292e-02,-4.514139999999999819e-01,3.537300000000000166e-02,-9.525000000000000133e-02,1.640040000000000109e-01,-4.595319999999999960e-01,2.189129999999999965e-01,1.250080000000000080e-01,4.666100000000000109e-02,-2.445769999999999889e-01,4.857090000000000019e-01,5.820199999999999679e-02,8.450950000000000406e-01,3.226999999999999834e-03,6.142659999999999787e-01,-4.264799999999999841e-02,5.912549999999999750e-01,-1.968400000000000011e-02,6.391809999999999992e-01,1.035499999999999962e-02,-6.189100000000000157e-02,-3.997200000000000059e-02,1.270600000000000028e-02,-1.631799999999999917e-01,-3.176699999999999663e-02,-3.729509999999999770e-01,3.249960000000000071e-01,-2.991999999999999868e-02,-1.390599999999999996e-02,-2.936000000000000068e-02,-8.500999999999999876e-03,1.077380000000000004e-01,-2.199000000000000121e-01,-9.923600000000000476e-02,2.421699999999999964e-01,1.719579999999999997e-01,-2.429699999999999915e-01,-2.690190000000000081e-01,-1.884979999999999989e-01
-1.757599999999999996e-01,5.247209999999999930e-01,3.207900000000000196e-01,9.068099999999999772e-02,4.649600000000000261e-02,1.000000000000000000e+00,3.101920000000000233e-01,5.374280000000000168e-01,1.401090000000000113e-01,4.229479999999999906e-01,-1.892999999999999891e-02,3.441759999999999819e-01,6.620709999999999651e-01,2.204349999999999921e-01,-2.580799999999999761e-01,9.462900000000000478e-02,4.523479999999999723e-01,2.432819999999999983e-01,1.649130000000000040e-01,3.357570000000000277e-01,5.097000000000000142e-02,1.915920000000000123e-01,6.349789999999999601e-01,5.552610000000000046e-01,4.402789999999999759e-01,4.850249999999999839e-01,5.437570000000000459e-01,4.325530000000000208e-01,5.652479999999999727e-01,1.377430000000000043e-01,4.684300000000000269e-02,1.502370000000000094e-01,1.866800000000000126e-01,-6.923300000000000287e-02,-5.519999999999999907e-02,1.651340000000000030e-01,1.483099999999999974e-01,2.626129999999999853e-01,9.232000000000000622e-03,1.462759999999999894e-01,3.588100000000000317e-02,-1.597949999999999926e-01,1.548339999999999994e-01,2.979100000000000151e-02,6.368899999999999562e-02,-1.678830000000000044e-01,1.323999999999999899e-01,2.597119999999999984e-01,-1.700570000000000137e-01,-4.604500000000000259e-02,5.905909999999999771e-01,1.445390000000000008e-01,4.263970000000000260e-01,1.215500000000000053e-01,3.226570000000000271e-01,4.094999999999999682e-03,4.405109999999999859e-01,1.125779999999999975e-01,4.278499999999999664e-02,-2.095889999999999975e-01,-2.984060000000000046e-01,1.947409999999999974e-01,-8.662400000000000655e-02,2.442769999999999941e-01,4.075499999999999956e-02,-1.141879999999999978e-01,-2.055500000000000035e-02,4.617140000000000133e-01,4.897389999999999799e-01,2.233239999999999947e-01,2.002079999999999971e-01,2.906730000000000147e-01,1.418750000000000011e-01,2.565299999999999872e-02,3.280099999999999683e-02,-4.041299999999999754e-02
-3.596400000000000152e-01,1.091189999999999938e-01,2.993060000000000165e-01,-2.041610000000000091e-01,2.854510000000000103e-01,3.101920000000000233e-01,1.000000000000000000e+00,-3.638500000000000068e-02,2.304819999999999924e-01,3.635439999999999783e-01,8.399500000000000022e-02,8.797000000000000652e-02,4.654240000000000044e-01,-8.118300000000000516e-02,-5.185840000000000449e-01,8.417700000000000182e-02,1.267820000000000058e-01,1.777849999999999986e-01,2.186160000000000048e-01,7.796500000000000652e-02,-3.693859999999999921e-01,-6.867900000000000393e-02,-3.656500000000000028e-02,1.076900000000000079e-02,1.187480000000000063e-01,-1.567850000000000077e-01,4.850550000000000139e-01,2.181170000000000053e-01,2.033540000000000070e-01,1.985989999999999978e-01,5.565300000000000108e-02,4.070999999999999966e-03,3.048379999999999979e-01,-4.708799999999999791e-02,-4.759800000000000142e-02,-2.388399999999999967e-01,2.663050000000000139e-01,3.663609999999999922e-01,-1.685450000000000004e-01,1.779249999999999998e-01,1.347150000000000014e-01,1.506820000000000104e-01,-1.248600000000000057e-02,-2.262600000000000028e-02,2.557159999999999989e-01,-3.047030000000000016e-01,-1.324950000000000017e-01,3.044680000000000164e-01,-3.109580000000000122e-01,8.700700000000000101e-02,-5.407999999999999613e-03,4.944859999999999811e-01,-1.934140000000000026e-01,2.630600000000000160e-01,3.545440000000000258e-01,2.096500000000000100e-02,-2.009700000000000028e-02,1.639289999999999914e-01,-2.051640000000000130e-01,-5.108559999999999768e-01,-1.653930000000000122e-01,2.755399999999999863e-02,-7.107900000000000329e-02,3.171269999999999922e-01,-4.910599999999999687e-02,-4.211380000000000123e-01,-1.395349999999999924e-01,-1.805180000000000118e-01,1.288199999999999935e-02,1.055180000000000007e-01,-3.378140000000000032e-01,3.652630000000000043e-01,1.632429999999999992e-01,1.346900000000000007e-02,1.053219999999999990e-01,4.691200000000000231e-02
-1.140950000000000020e-01,3.747400000000000175e-01,2.752359999999999807e-01,8.412000000000000033e-02,-4.331900000000000334e-02,5.374280000000000168e-01,-3.638500000000000068e-02,1.000000000000000000e+00,-7.418000000000000115e-03,8.333100000000000229e-02,-1.115000000000000106e-03,4.536430000000000184e-01,4.469499999999999862e-02,1.756830000000000058e-01,-3.827490000000000059e-01,-4.158040000000000069e-01,2.561700000000000088e-02,-1.226359999999999950e-01,1.354779999999999873e-01,-1.230999999999999976e-02,2.525099999999999914e-02,-2.173599999999999838e-02,8.657979999999999565e-01,4.974439999999999973e-01,1.487300000000000080e-02,3.576070000000000082e-01,1.911309999999999953e-01,-1.453359999999999930e-01,-1.444060000000000066e-01,-5.751099999999999962e-02,-3.348119999999999985e-01,1.118099999999999997e-02,-3.454100000000000226e-02,-1.134160000000000029e-01,1.111999999999999968e-02,3.215210000000000012e-01,-2.172500000000000125e-02,2.972599999999999895e-02,4.569399999999999851e-02,-4.587100000000000205e-02,-2.317120000000000013e-01,4.591800000000000048e-02,2.757830000000000004e-01,1.437399999999999962e-02,5.917200000000000237e-02,-4.265000000000000041e-02,-2.688429999999999986e-01,3.049200000000000244e-01,1.180009999999999948e-01,-8.271199999999999386e-02,3.962899999999999756e-01,2.863600000000000173e-02,9.359340000000000437e-01,1.898700000000000040e-02,-1.679390000000000049e-01,1.908279999999999976e-01,4.708930000000000060e-01,-4.511689999999999867e-01,7.186399999999999733e-02,-2.279660000000000020e-01,-6.244530000000000358e-01,-2.458609999999999962e-01,-3.457560000000000078e-01,1.940359999999999863e-01,-2.294730000000000103e-01,-1.101399999999999949e-02,-2.354610000000000036e-01,7.591189999999999882e-01,3.456270000000000175e-01,-3.128679999999999795e-01,1.166050000000000003e-01,1.278600000000000014e-01,-3.147090000000000165e-01,-4.431649999999999756e-01,-2.681000000000000050e-01,-4.108959999999999835e-01
-1.790730000000000099e-01,-3.681189999999999740e-01,7.904459999999999820e-01,-7.122999999999999991e-03,5.907790000000000541e-01,1.401090000000000113e-01,2.304819999999999924e-01,-7.418000000000000115e-03,1.000000000000000000e+00,-6.252800000000000025e-02,7.875600000000000378e-01,-2.048379999999999923e-01,-3.635800000000000143e-02,-1.246580000000000049e-01,-1.995760000000000034e-01,-2.426909999999999901e-01,-3.976999999999999980e-02,-3.536630000000000051e-01,6.883000000000000229e-01,-1.067430000000000045e-01,-2.005760000000000043e-01,-2.948140000000000205e-01,-1.025000000000000043e-02,-1.439300000000000024e-01,-2.909880000000000244e-01,-2.810960000000000125e-01,1.803400000000000003e-01,2.983299999999999841e-02,-2.268640000000000101e-01,-1.053059999999999968e-01,-2.810719999999999885e-01,-2.353800000000000059e-01,-1.185110000000000052e-01,-1.887230000000000019e-01,-1.340590000000000115e-01,-1.043390000000000012e-01,-1.929899999999999949e-01,-1.373129999999999906e-01,-3.524010000000000198e-01,-3.185970000000000191e-01,-1.096509999999999985e-01,-4.992699999999999916e-02,-1.185999999999999988e-03,-6.415600000000000469e-02,-3.307500000000000023e-02,-8.774899999999999367e-02,-2.156599999999999906e-01,7.566680000000000073e-01,-4.134999999999999787e-02,5.608319999999999972e-01,2.451579999999999870e-01,3.872990000000000044e-01,-3.184300000000000325e-02,8.936389999999999612e-01,5.364700000000000024e-02,6.414170000000000149e-01,-4.462800000000000100e-02,-2.378999999999999865e-02,1.624400000000000149e-02,-2.380710000000000048e-01,-2.165769999999999917e-01,-9.320199999999999319e-02,-1.714050000000000018e-01,5.127420000000000311e-01,-1.542840000000000045e-01,-6.802900000000000613e-02,-2.449429999999999941e-01,8.091600000000000181e-02,-1.123559999999999975e-01,-1.663959999999999884e-01,-2.398240000000000094e-01,1.625030000000000086e-01,7.411099999999999632e-02,-1.121430000000000066e-01,-1.842989999999999906e-01,-1.787870000000000015e-01
-1.468949999999999978e-01,7.088600000000000456e-02,-7.953000000000000347e-02,9.392399999999999360e-02,-1.032499999999999946e-01,4.229479999999999906e-01,3.635439999999999783e-01,8.333100000000000229e-02,-6.252800000000000025e-02,1.000000000000000000e+00,-1.566369999999999985e-01,4.527950000000000030e-01,4.165519999999999778e-01,1.363759999999999972e-01,-2.677120000000000055e-01,2.042380000000000029e-01,6.217610000000000081e-01,2.926489999999999925e-01,2.567999999999999970e-03,-8.662200000000000455e-02,-6.383500000000000285e-02,-2.480719999999999870e-01,1.261029999999999929e-01,5.452339999999999964e-01,2.871549999999999936e-01,2.602970000000000006e-01,1.106199999999999961e-01,2.757930000000000104e-01,3.680289999999999950e-01,8.015700000000000602e-02,2.997150000000000092e-01,3.846539999999999959e-01,5.078970000000000429e-01,3.146280000000000188e-01,4.694420000000000259e-01,9.485699999999999688e-02,3.933200000000000029e-01,5.626860000000000195e-01,1.737029999999999963e-01,4.738789999999999947e-01,5.414900000000000269e-01,2.384429999999999883e-01,3.709620000000000140e-01,3.286580000000000057e-01,-1.397919999999999996e-01,-5.779700000000000115e-02,1.986100000000000018e-02,-1.054810000000000053e-01,-5.082050000000000178e-01,-2.857350000000000168e-01,1.817380000000000106e-01,-1.279100000000000029e-02,1.438700000000000048e-02,-4.978199999999999986e-02,7.934970000000000079e-01,-2.958080000000000154e-01,5.812519999999999909e-01,3.253329999999999833e-01,-9.659299999999999831e-02,-3.105539999999999967e-01,-9.999399999999999955e-02,5.178110000000000213e-01,-1.734000000000000081e-03,9.612199999999999911e-02,-2.289249999999999896e-01,-1.092609999999999970e-01,-3.189779999999999838e-01,3.672399999999999970e-02,5.175990000000000313e-01,4.469509999999999872e-01,1.014820000000000028e-01,-1.611180000000000112e-01,1.860580000000000012e-01,8.963699999999999446e-02,8.907500000000000140e-02,2.693720000000000003e-01
-1.164940000000000003e-01,-3.008399999999999963e-01,7.175540000000000251e-01,2.064900000000000069e-02,5.105560000000000098e-01,-1.892999999999999891e-02,8.399500000000000022e-02,-1.115000000000000106e-03,7.875600000000000378e-01,-1.566369999999999985e-01,1.000000000000000000e+00,-1.283279999999999976e-01,-2.792930000000000135e-01,-1.744010000000000005e-01,-1.639780000000000126e-01,-3.737219999999999986e-01,-1.467630000000000046e-01,-3.354509999999999992e-01,8.060019999999999962e-01,-2.273209999999999953e-01,-1.859250000000000069e-01,-3.608859999999999846e-01,-3.504899999999999682e-02,-1.851279999999999870e-01,-3.001249999999999751e-01,-2.188329999999999997e-01,1.269000000000000128e-01,-2.122690000000000132e-01,-3.549089999999999745e-01,-2.735569999999999946e-01,-4.399739999999999762e-01,-1.555149999999999866e-01,-2.013679999999999914e-01,-1.471599999999999991e-02,-1.215029999999999999e-01,-1.446679999999999910e-01,-3.155819999999999736e-01,-2.757859999999999756e-01,-1.727529999999999899e-01,-3.206919999999999771e-01,-8.171399999999999497e-02,1.350770000000000026e-01,-1.435609999999999942e-01,-1.365139999999999965e-01,-1.439699999999999869e-01,3.823700000000000015e-02,-1.102390000000000037e-01,6.779309999999999503e-01,1.476760000000000017e-01,5.819860000000000033e-01,1.244569999999999982e-01,3.380819999999999936e-01,-3.648699999999999860e-02,7.634750000000000147e-01,-1.236389999999999989e-01,8.609400000000000386e-01,-5.193600000000000300e-02,-1.143829999999999986e-01,-1.185390000000000055e-01,-1.856579999999999897e-01,-2.131589999999999874e-01,-1.661410000000000109e-01,-2.003900000000000126e-01,6.526870000000000172e-01,-2.091729999999999978e-01,-9.590000000000000000e-04,-3.025399999999999756e-01,6.533999999999999531e-02,-2.018050000000000122e-01,-2.513150000000000106e-01,-1.318320000000000047e-01,1.567479999999999984e-01,-3.818499999999999672e-02,-2.241170000000000107e-01,-3.279030000000000000e-01,-3.487029999999999852e-01
-2.892700000000000132e-02,1.199839999999999934e-01,-6.148399999999999699e-02,1.148060000000000053e-01,-1.122429999999999956e-01,3.441759999999999819e-01,8.797000000000000652e-02,4.536430000000000184e-01,-2.048379999999999923e-01,4.527950000000000030e-01,-1.283279999999999976e-01,1.000000000000000000e+00,1.680409999999999959e-01,-1.782950000000000090e-01,-2.604389999999999761e-01,3.796299999999999675e-02,5.022309999999999830e-01,4.257179999999999853e-01,-6.886200000000000654e-02,-2.132960000000000134e-01,1.258100000000000017e-02,-2.048290000000000111e-01,3.926350000000000118e-01,3.926180000000000225e-01,6.779899999999999816e-02,3.859679999999999778e-01,-1.195959999999999940e-01,-8.005099999999999716e-02,6.183299999999999907e-02,3.700500000000000317e-02,2.029200000000000101e-02,2.135019999999999973e-01,7.760200000000000431e-02,2.462709999999999899e-01,2.671600000000000086e-01,1.333300000000000041e-01,1.947709999999999997e-01,2.013179999999999970e-01,1.905870000000000064e-01,5.393799999999999983e-02,3.279340000000000033e-01,1.840829999999999966e-01,1.362780000000000102e-01,-5.544000000000000317e-03,-8.311999999999999944e-03,7.805000000000000306e-03,-7.087300000000000544e-02,-1.549400000000000083e-02,-9.822100000000000275e-02,-3.199420000000000042e-01,3.117070000000000118e-01,-1.264419999999999988e-01,4.074439999999999729e-01,-1.465950000000000031e-01,6.122299999999999964e-02,-3.197599999999999748e-02,7.270990000000000508e-01,1.619359999999999966e-01,-3.386159999999999726e-01,-1.565680000000000127e-01,-1.641080000000000039e-01,2.423289999999999889e-01,1.390450000000000019e-01,-4.791600000000000026e-02,-1.752209999999999879e-01,3.063000000000000098e-02,-2.871529999999999916e-01,2.933509999999999729e-01,2.611029999999999740e-01,4.548900000000000166e-02,1.952800000000000091e-01,-1.046860000000000013e-01,8.114499999999999491e-02,-7.552399999999999392e-02,-9.133299999999999752e-02,-3.481900000000000273e-02
-1.972009999999999874e-01,3.456879999999999953e-01,9.643599999999999395e-02,-8.189100000000000545e-02,-2.216200000000000114e-01,6.620709999999999651e-01,4.654240000000000044e-01,4.469499999999999862e-02,-3.635800000000000143e-02,4.165519999999999778e-01,-2.792930000000000135e-01,1.680409999999999959e-01,1.000000000000000000e+00,1.360979999999999968e-01,-1.368989999999999929e-01,4.603639999999999954e-01,5.141769999999999952e-01,4.825610000000000177e-01,-1.123460000000000014e-01,3.937780000000000169e-01,-2.910300000000000040e-02,2.910679999999999934e-01,1.526379999999999959e-01,2.354209999999999914e-01,4.303540000000000143e-01,3.127050000000000107e-01,3.863240000000000007e-01,7.129119999999999902e-01,7.091690000000000493e-01,3.037839999999999985e-01,4.216329999999999800e-01,1.760220000000000118e-01,3.439429999999999987e-01,-9.675999999999999879e-02,6.009999999999999717e-03,2.132499999999999951e-01,2.833629999999999760e-01,2.870320000000000094e-01,1.913499999999999923e-02,1.676580000000000015e-01,1.337760000000000060e-01,-2.928520000000000012e-01,2.596319999999999739e-01,-2.755000000000000157e-02,5.838900000000000340e-02,-3.352689999999999837e-01,1.608989999999999865e-01,2.672400000000000123e-02,-3.260990000000000277e-01,-3.127949999999999897e-01,1.714469999999999883e-01,1.478999999999999933e-02,-9.211199999999999943e-02,-6.459199999999999664e-02,3.875700000000000256e-01,-3.728270000000000195e-01,1.219640000000000030e-01,3.937990000000000101e-01,9.163499999999999424e-02,-2.076129999999999920e-01,8.656500000000000306e-02,2.896670000000000078e-01,1.409040000000000015e-01,-3.889600000000000002e-02,2.033179999999999987e-01,-2.881259999999999932e-01,1.777950000000000086e-01,-4.303900000000000087e-02,1.719310000000000005e-01,4.038640000000000008e-01,-6.446999999999999606e-03,8.439900000000000180e-02,3.869549999999999934e-01,2.447010000000000018e-01,4.104439999999999755e-01,3.471069999999999989e-01
-9.061800000000000410e-02,2.798350000000000004e-01,-7.067500000000000171e-02,5.599099999999999910e-02,7.790999999999999315e-02,2.204349999999999921e-01,-8.118300000000000516e-02,1.756830000000000058e-01,-1.246580000000000049e-01,1.363759999999999972e-01,-1.744010000000000005e-01,-1.782950000000000090e-01,1.360979999999999968e-01,1.000000000000000000e+00,1.981839999999999991e-01,6.412600000000000244e-02,3.023199999999999846e-02,-1.916799999999999893e-01,-5.151100000000000123e-02,3.888420000000000210e-01,2.152999999999999966e-03,3.836300000000000265e-01,2.030339999999999923e-01,4.811380000000000101e-01,1.244539999999999952e-01,2.059459999999999902e-01,1.020490000000000008e-01,3.452359999999999873e-01,1.847199999999999884e-02,1.954879999999999951e-01,1.767839999999999967e-01,-1.139199999999999935e-02,1.208970000000000045e-01,-2.163760000000000128e-01,-4.690400000000000125e-02,1.401580000000000048e-01,4.743459999999999899e-01,4.080050000000000066e-01,-1.099340000000000039e-01,2.963939999999999908e-01,-3.149989999999999735e-01,-2.125460000000000127e-01,1.700440000000000007e-01,3.800450000000000217e-01,-5.775500000000000078e-02,-1.257330000000000114e-01,-1.285799999999999964e-02,-7.757600000000000606e-02,-1.272310000000000108e-01,9.918000000000000427e-02,1.458800000000000027e-02,-1.263920000000000043e-01,1.991429999999999867e-01,-1.416930000000000134e-01,3.049089999999999856e-01,-8.081599999999999895e-02,1.260020000000000029e-01,-2.396900000000000072e-02,5.956620000000000248e-01,1.836909999999999932e-01,-5.426399999999999973e-02,5.187699999999999950e-02,-2.791549999999999865e-01,6.314899999999999680e-02,7.959199999999999608e-02,-9.068900000000000572e-02,2.028729999999999978e-01,2.615959999999999952e-01,4.765929999999999889e-01,9.251199999999999701e-02,1.241980000000000028e-01,-1.208240000000000008e-01,9.129199999999999815e-02,-2.001269999999999993e-01,1.382190000000000085e-01,1.867479999999999973e-01
5.919489999999999474e-01,-2.892300000000000079e-02,-3.269290000000000251e-01,3.612300000000000233e-02,-2.938299999999999940e-02,-2.580799999999999761e-01,-5.185840000000000449e-01,-3.827490000000000059e-01,-1.995760000000000034e-01,-2.677120000000000055e-01,-1.639780000000000126e-01,-2.604389999999999761e-01,-1.368989999999999929e-01,1.981839999999999991e-01,1.000000000000000000e+00,2.913140000000000174e-01,8.198900000000000632e-02,-5.604800000000000060e-02,-1.749709999999999877e-01,3.591420000000000168e-01,6.315570000000000350e-01,4.631049999999999889e-01,-1.883209999999999884e-01,-2.899300000000000141e-02,1.013570000000000026e-01,2.609639999999999738e-01,-2.688530000000000086e-01,1.525940000000000074e-01,1.387049999999999950e-01,1.727819999999999911e-01,4.089969999999999994e-01,1.394469999999999876e-01,-4.386680000000000024e-01,1.755460000000000076e-01,-7.066300000000000359e-02,-1.275399999999999867e-01,-1.471179999999999988e-01,7.065899999999999959e-02,1.861559999999999881e-01,3.015200000000000172e-02,2.192399999999999904e-02,-2.029440000000000133e-01,-3.100350000000000050e-01,-5.686800000000000188e-02,1.004400000000000084e-02,4.366340000000000221e-01,3.547950000000000270e-01,-2.977319999999999967e-01,3.160400000000000015e-02,1.114389999999999964e-01,-1.519469999999999987e-01,-2.332319999999999949e-01,-2.676319999999999810e-01,-1.650909999999999878e-01,-1.553049999999999986e-01,-8.580999999999999739e-02,-1.589889999999999914e-01,3.386040000000000161e-01,2.494240000000000068e-01,9.242169999999999552e-01,5.798940000000000206e-01,1.931219999999999881e-01,2.146389999999999965e-01,-2.526959999999999762e-01,5.316340000000000510e-01,5.261169999999999458e-01,6.127289999999999681e-01,-7.011100000000000665e-02,4.846000000000000307e-02,1.760150000000000048e-01,4.531149999999999900e-01,-2.031669999999999865e-01,3.456080000000000263e-01,3.239210000000000145e-01,3.662619999999999765e-01,5.264419999999999655e-01
9.025900000000000589e-02,3.657500000000000334e-02,-2.161299999999999888e-01,-8.094000000000000500e-03,-6.539000000000000368e-02,9.462900000000000478e-02,8.417700000000000182e-02,-4.158040000000000069e-01,-2.426909999999999901e-01,2.042380000000000029e-01,-3.737219999999999986e-01,3.796299999999999675e-02,4.603639999999999954e-01,6.412600000000000244e-02,2.913140000000000174e-01,1.000000000000000000e+00,4.983369999999999744e-01,6.027059999999999640e-01,-2.631439999999999890e-01,4.470770000000000022e-01,1.192359999999999948e-01,5.234210000000000251e-01,-3.053980000000000028e-01,-5.783100000000000046e-02,3.776410000000000045e-01,7.322599999999999942e-02,1.096199999999999952e-02,6.971209999999999907e-01,6.328519999999999701e-01,5.856160000000000254e-01,7.396899999999999586e-01,2.310450000000000004e-01,2.564969999999999750e-01,1.731979999999999908e-01,7.934800000000000186e-02,-1.367629999999999957e-01,2.293240000000000001e-01,2.076149999999999940e-01,8.459099999999999953e-02,1.289299999999999891e-01,2.926639999999999797e-01,-1.626450000000000118e-01,-1.123239999999999933e-01,8.478199999999999625e-02,1.518500000000000058e-02,-1.246550000000000019e-01,1.741560000000000052e-01,-2.137330000000000063e-01,-2.175930000000000086e-01,-1.617830000000000101e-01,-1.079679999999999945e-01,-1.902989999999999959e-01,-4.693149999999999822e-01,-2.061010000000000064e-01,2.158859999999999946e-01,-3.632340000000000013e-01,-1.363910000000000122e-01,5.099350000000000271e-01,-1.162450000000000011e-01,1.833970000000000045e-01,6.828220000000000400e-01,5.376440000000000108e-01,4.116250000000000187e-01,-2.251620000000000010e-01,4.478610000000000091e-01,-9.577399999999999802e-02,4.883179999999999743e-01,-3.405540000000000234e-01,-7.441899999999999904e-02,3.959770000000000234e-01,-3.615499999999999964e-02,-1.070519999999999944e-01,6.397680000000000033e-01,4.813040000000000096e-01,6.106629999999999558e-01,6.115040000000000475e-01
1.638139999999999874e-01,1.395790000000000086e-01,-5.140299999999999730e-02,1.059910000000000019e-01,-1.580900000000000014e-02,4.523479999999999723e-01,1.267820000000000058e-01,2.561700000000000088e-02,-3.976999999999999980e-02,6.217610000000000081e-01,-1.467630000000000046e-01,5.022309999999999830e-01,5.141769999999999952e-01,3.023199999999999846e-02,8.198900000000000632e-02,4.983369999999999744e-01,1.000000000000000000e+00,6.122570000000000512e-01,-1.074000000000000085e-03,2.043629999999999891e-01,2.193479999999999874e-01,1.318840000000000012e-01,7.886100000000000054e-02,5.298300000000000232e-01,3.819029999999999925e-01,4.781690000000000107e-01,1.139600000000000057e-01,4.301090000000000191e-01,5.126549999999999718e-01,3.233559999999999768e-01,5.109479999999999578e-01,2.994580000000000020e-01,1.837600000000000067e-01,2.525510000000000255e-01,1.177649999999999947e-01,-2.288999999999999802e-03,1.422849999999999948e-01,3.088529999999999887e-01,1.067400000000000015e-01,2.143869999999999942e-01,4.256130000000000191e-01,2.054999999999999969e-03,3.996500000000000052e-02,1.172620000000000051e-01,-3.887899999999999689e-02,9.273699999999999999e-02,2.083780000000000077e-01,-5.788299999999999695e-02,-3.325779999999999847e-01,-1.053169999999999940e-01,2.197500000000000009e-01,6.539499999999999480e-02,-2.992999999999999827e-02,-3.910500000000000087e-02,3.491299999999999959e-01,-1.405329999999999913e-01,5.065039999999999543e-01,4.756600000000000272e-01,-1.855759999999999910e-01,5.636399999999999744e-02,2.479429999999999967e-01,6.349409999999999776e-01,3.456509999999999860e-01,1.261400000000000021e-02,1.894669999999999965e-01,9.608500000000000374e-02,1.075429999999999997e-01,1.271000000000000081e-02,4.100329999999999808e-01,3.750310000000000032e-01,2.896119999999999806e-01,-3.770300000000000040e-02,4.621790000000000065e-01,1.811969999999999970e-01,2.849920000000000231e-01,4.153959999999999875e-01
-8.399099999999999622e-02,3.078719999999999790e-01,-2.384439999999999893e-01,-2.725999999999999951e-02,-2.884439999999999782e-01,2.432819999999999983e-01,1.777849999999999986e-01,-1.226359999999999950e-01,-3.536630000000000051e-01,2.926489999999999925e-01,-3.354509999999999992e-01,4.257179999999999853e-01,4.825610000000000177e-01,-1.916799999999999893e-01,-5.604800000000000060e-02,6.027059999999999640e-01,6.122570000000000512e-01,1.000000000000000000e+00,-1.707430000000000059e-01,2.048949999999999938e-01,-4.491099999999999953e-02,2.644070000000000031e-01,-1.169110000000000010e-01,7.608700000000000185e-02,4.333469999999999822e-01,2.472119999999999873e-01,1.209620000000000001e-01,3.301830000000000043e-01,5.863789999999999836e-01,2.447010000000000018e-01,3.915109999999999979e-01,1.987599999999999922e-01,2.000200000000000033e-01,8.813300000000000300e-02,4.403499999999999776e-02,-3.762999999999999852e-03,1.575110000000000121e-01,7.453200000000000103e-02,1.850650000000000073e-01,7.286399999999999821e-02,2.233040000000000025e-01,-8.730699999999999572e-02,-6.660900000000000154e-02,2.398099999999999885e-02,1.135680000000000023e-01,-2.382140000000000091e-01,1.962409999999999988e-01,-2.567039999999999877e-01,-7.264800000000000424e-02,-3.233659999999999868e-01,4.698000000000000093e-02,-1.693199999999999913e-02,-2.279140000000000055e-01,-3.216919999999999780e-01,5.754999999999999699e-03,-3.268409999999999926e-01,9.375100000000000100e-02,3.006489999999999996e-01,-2.809869999999999868e-01,-6.884400000000000241e-02,2.801699999999999746e-01,3.763489999999999891e-01,5.151090000000000391e-01,-8.217700000000000005e-02,1.624649999999999983e-01,-2.375670000000000004e-01,1.612619999999999887e-01,-2.806420000000000026e-01,-5.075299999999999950e-02,2.028149999999999953e-01,-4.793200000000000238e-02,4.286999999999999839e-02,2.905329999999999857e-01,2.196220000000000117e-01,2.841920000000000002e-01,1.821049999999999891e-01
-2.471339999999999926e-01,-7.426199999999999468e-02,7.484769999999999479e-01,-1.044309999999999961e-01,4.326119999999999965e-01,1.649130000000000040e-01,2.186160000000000048e-01,1.354779999999999873e-01,6.883000000000000229e-01,2.567999999999999970e-03,8.060019999999999962e-01,-6.886200000000000654e-02,-1.123460000000000014e-01,-5.151100000000000123e-02,-1.749709999999999877e-01,-2.631439999999999890e-01,-1.074000000000000085e-03,-1.707430000000000059e-01,1.000000000000000000e+00,-7.139299999999999813e-02,-2.033999999999999975e-01,-1.550779999999999936e-01,1.453710000000000002e-01,1.862600000000000020e-02,-2.672419999999999796e-01,-1.178700000000000025e-01,1.969319999999999959e-01,4.280199999999999977e-02,-2.488100000000000034e-01,-5.729499999999999871e-02,-3.404050000000000131e-01,-6.421200000000000518e-02,-1.507819999999999994e-01,-6.282999999999999696e-02,-8.966799999999999771e-02,-2.094719999999999915e-01,-2.242639999999999911e-01,-3.181200000000000000e-02,-1.524169999999999969e-01,-2.193319999999999992e-01,-1.038390000000000007e-01,1.600199999999999956e-01,-1.301390000000000047e-01,7.116599999999999315e-02,2.562400000000000094e-02,-1.379549999999999943e-01,-6.694100000000000050e-02,7.293110000000000426e-01,1.521879999999999900e-01,4.539710000000000134e-01,1.986330000000000040e-01,3.505229999999999735e-01,3.008800000000000016e-02,6.741239999999999455e-01,1.921700000000000144e-02,7.057360000000000300e-01,3.745899999999999924e-02,-9.687199999999999978e-02,-6.623300000000000021e-02,-2.562849999999999850e-01,-3.044279999999999764e-01,-1.124710000000000015e-01,-2.087009999999999976e-01,9.122590000000000421e-01,-2.469639999999999891e-01,-1.580179999999999918e-01,-2.004859999999999975e-01,2.060790000000000122e-01,8.413000000000000339e-03,-2.362900000000000000e-01,-1.314230000000000120e-01,1.727599999999999969e-01,1.248149999999999954e-01,-2.709989999999999899e-01,-1.578859999999999986e-01,-2.923060000000000103e-01
6.910600000000000076e-02,5.435740000000000016e-01,1.580399999999999860e-02,-1.644490000000000118e-01,4.983300000000000229e-02,3.357570000000000277e-01,7.796500000000000652e-02,-1.230999999999999976e-02,-1.067430000000000045e-01,-8.662200000000000455e-02,-2.273209999999999953e-01,-2.132960000000000134e-01,3.937780000000000169e-01,3.888420000000000210e-01,3.591420000000000168e-01,4.470770000000000022e-01,2.043629999999999891e-01,2.048949999999999938e-01,-7.139299999999999813e-02,1.000000000000000000e+00,1.408870000000000122e-01,8.459910000000000485e-01,1.229579999999999979e-01,1.912609999999999866e-01,3.696960000000000246e-01,2.827200000000000268e-01,5.611610000000000209e-01,5.296619999999999662e-01,4.998369999999999758e-01,5.339369999999999949e-01,4.500020000000000131e-01,3.032299999999999926e-02,-1.049859999999999960e-01,-1.544049999999999867e-01,-2.175610000000000044e-01,8.000999999999999432e-03,4.706400000000000167e-02,1.604309999999999903e-01,-7.060000000000000303e-04,8.991999999999999993e-02,-2.200560000000000016e-01,-3.730149999999999855e-01,-1.343550000000000022e-01,5.916400000000000131e-02,2.504109999999999947e-01,-5.898400000000000171e-02,2.984350000000000058e-01,-8.300000000000000086e-03,-4.286999999999999839e-02,1.479000000000000037e-01,8.072100000000000108e-02,1.071750000000000064e-01,-8.260299999999999587e-02,-1.025469999999999993e-01,-9.979999999999999288e-03,-9.975499999999999645e-02,-1.567489999999999994e-01,1.647409999999999985e-01,2.665719999999999756e-01,3.760279999999999734e-01,2.700219999999999843e-01,2.025599999999999901e-01,7.312100000000000544e-02,-1.858399999999999982e-02,7.340330000000000465e-01,-6.985399999999999943e-02,6.900699999999999612e-01,6.180200000000000277e-02,2.106870000000000132e-01,1.239569999999999977e-01,1.633229999999999960e-01,4.465129999999999932e-01,3.897379999999999733e-01,2.002400000000000013e-01,5.035119999999999596e-01,3.374280000000000057e-01
