1.000000000000000000e+00,-9.686899999999999678e-02,3.011490000000000000e-01,-2.670239999999999836e-01,-2.994620000000000060e-01,-1.033970000000000028e-01,-2.837250000000000050e-01,-1.324839999999999907e-01,1.058619999999999978e-01,-3.524410000000000043e-01,1.184400000000000036e-01,-8.262400000000000300e-02,-2.779340000000000144e-01,-2.802330000000000099e-01,2.877000000000000043e-02,2.142060000000000075e-01,1.296339999999999992e-01,-7.050000000000000060e-04,-1.332000000000000068e-03,-1.032129999999999992e-01,2.667570000000000219e-01,-1.039289999999999936e-01,-4.497299999999999909e-02,2.344980000000000120e-01,2.684440000000000159e-01,2.271670000000000078e-01,6.976999999999999869e-02,-1.844490000000000018e-01,-5.106000000000000295e-03,1.869530000000000081e-01,4.666569999999999885e-01,2.131939999999999946e-01,5.238540000000000418e-01,4.191399999999999987e-02,-1.525019999999999987e-01,-3.982600000000000029e-02,-4.215300000000000158e-01,-3.677239999999999953e-01,3.771030000000000215e-01,-1.647500000000000006e-02,2.597530000000000117e-01,1.915100000000000136e-02,7.538999999999999695e-03,-3.498829999999999996e-01,-2.223160000000000136e-01,5.997409999999999686e-01,-5.834600000000000203e-02,-3.229299999999999948e-01,-8.764700000000000268e-02,-3.291899999999999826e-01,-3.138250000000000206e-01,-4.287090000000000067e-01,-2.250030000000000086e-01,-2.947799999999999865e-01,-2.401109999999999911e-01,-2.501360000000000250e-01,-7.671899999999999553e-02,-3.525849999999999818e-01,-3.705419999999999825e-01,-9.362299999999999789e-02,2.833660000000000068e-01,-4.368699999999999667e-02,-2.543600000000000028e-02,-1.866919999999999968e-01,-7.225299999999999778e-02,2.171589999999999909e-01,2.265800000000000106e-02,-8.844599999999999684e-02,3.797600000000000281e-02,2.154400000000000065e-02,1.455700000000000049e-01,-3.052380000000000093e-01,-4.945999999999999876e-03,-1.117499999999999917e-02,-1.437630000000000019e-01,3.507580000000000142e-01
-9.686899999999999678e-02,1.000000000000000000e+00,-1.952170000000000016e-01,5.075400000000000050e-02,9.995000000000000412e-03,6.423480000000000301e-01,2.510180000000000189e-01,4.316909999999999914e-01,-2.773450000000000082e-01,2.790320000000000022e-01,-2.436679999999999957e-01,3.507529999999999815e-01,4.494799999999999907e-01,1.327679999999999971e-01,-3.742090000000000138e-01,1.836959999999999982e-01,4.033829999999999916e-01,5.080289999999999528e-01,-1.082510000000000000e-01,-2.449399999999999911e-01,1.457209999999999894e-01,3.723800000000000027e-02,3.826240000000000197e-01,2.413639999999999952e-01,4.486580000000000013e-01,5.122649999999999704e-01,-1.351399999999999997e-02,8.444300000000000417e-02,1.748600000000000154e-02,-3.074029999999999818e-01,-3.253780000000000006e-01,2.998049999999999882e-01,1.073729999999999962e-01,-1.045159999999999978e-01,-2.222599999999999923e-02,1.118880000000000013e-01,1.695299999999999932e-02,7.384499999999999398e-02,4.764800000000000285e-02,1.859300000000000119e-01,-1.123310000000000003e-01,2.201259999999999883e-01,-6.658699999999999342e-02,-4.350600000000000300e-02,3.606399999999999884e-02,-3.563580000000000081e-01,4.476439999999999864e-01,-1.709009999999999974e-01,-1.776439999999999964e-01,-3.013850000000000140e-01,4.185570000000000124e-01,8.241300000000000014e-02,3.956169999999999964e-01,-6.238099999999999895e-02,1.106570000000000054e-01,-2.212689999999999935e-01,1.543509999999999882e-01,2.374189999999999912e-01,7.417700000000000682e-02,-7.126799999999999802e-02,-3.840669999999999917e-01,2.526600000000000026e-02,-5.522400000000000225e-02,2.279199999999999976e-02,-2.578150000000000164e-01,-7.278800000000000547e-02,-1.933850000000000013e-01,2.513380000000000059e-01,-1.474299999999999916e-02,-2.401800000000000115e-02,3.350759999999999850e-01,-2.549999999999999836e-02,-2.278959999999999875e-01,-2.952969999999999762e-01,-1.531029999999999891e-01,-4.520179999999999754e-01
3.011490000000000000e-01,-1.952170000000000016e-01,1.000000000000000000e+00,-7.420300000000000507e-02,2.893149999999999888e-01,2.180999999999999953e-02,1.438379999999999936e-01,-1.491560000000000108e-01,7.100020000000000220e-01,-2.195570000000000022e-01,5.301670000000000549e-01,-5.315600000000000186e-02,4.309999999999999595e-03,-1.675310000000000132e-01,2.869160000000000044e-01,-2.837999999999999898e-02,-7.572999999999999871e-03,-1.247530000000000028e-01,6.447960000000000358e-01,4.130530000000000035e-01,2.962700000000000056e-02,2.103329999999999922e-01,-5.019000000000000024e-03,1.225599999999999953e-02,8.418899999999999995e-02,5.108300000000000340e-02,6.864350000000000174e-01,3.202229999999999799e-01,1.525209999999999899e-01,6.044690000000000341e-01,3.440500000000000225e-01,-2.570930000000000160e-01,1.494949999999999890e-01,-6.993299999999999517e-02,-4.014920000000000155e-01,2.017710000000000059e-01,-5.022700000000000081e-02,-2.226950000000000041e-01,3.274900000000000033e-02,-1.825249999999999928e-01,1.384730000000000127e-01,-6.474399999999999600e-02,1.466119999999999923e-01,-6.362999999999999733e-03,-1.245980000000000004e-01,2.340700000000000003e-01,-2.751970000000000249e-01,2.856029999999999958e-01,-5.905400000000000232e-02,3.255170000000000008e-01,-2.438430000000000042e-01,-1.392629999999999979e-01,-2.166160000000000030e-01,1.932929999999999926e-01,-1.132390000000000063e-01,2.844030000000000169e-01,-6.318999999999999617e-02,-2.230749999999999955e-01,-8.292800000000000171e-02,3.522140000000000271e-01,9.394099999999999673e-02,-3.636000000000000343e-02,-7.176100000000000534e-02,4.348629999999999995e-01,4.663349999999999995e-01,5.890499999999999903e-02,3.562350000000000239e-01,-7.684699999999999864e-02,-2.327399999999999955e-02,-1.106609999999999955e-01,-1.202779999999999960e-01,1.537729999999999930e-01,4.522149999999999781e-01,1.033069999999999961e-01,1.896049999999999958e-01,2.788080000000000003e-01
-2.670239999999999836e-01,5.075400000000000050e-02,-7.420300000000000507e-02,1.000000000000000000e+00,4.845309999999999895e-01,-1.010299999999999913e-02,5.556980000000000253e-01,3.402600000000000069e-02,5.528099999999999681e-02,5.711049999999999738e-01,-3.208150000000000168e-01,1.632270000000000110e-01,3.888440000000000230e-01,3.549240000000000173e-01,-2.481899999999999940e-01,8.179599999999999371e-02,2.007299999999999918e-01,1.552550000000000041e-01,1.439479999999999926e-01,9.783600000000000629e-02,-2.044610000000000039e-01,1.949639999999999984e-01,-2.563500000000000154e-02,1.757809999999999928e-01,-7.403600000000000458e-02,-1.522500000000000069e-02,-1.225880000000000025e-01,4.759920000000000262e-01,-5.321100000000000135e-02,-1.189589999999999953e-01,-8.256099999999999550e-02,1.197399999999999992e-01,-2.645739999999999759e-01,2.765099999999999780e-01,8.322200000000000431e-02,3.075200000000000156e-01,6.558880000000000265e-01,6.759239999999999693e-01,1.907800000000000051e-01,3.338130000000000264e-01,1.881990000000000052e-01,9.894100000000000117e-02,2.456010000000000137e-01,6.334260000000000446e-01,6.661470000000000447e-01,7.562900000000000178e-02,-2.570979999999999932e-01,-6.030999999999999903e-03,7.187759999999999705e-01,2.561309999999999976e-01,1.778849999999999876e-01,3.834339999999999971e-01,6.231799999999999840e-02,3.423829999999999929e-01,4.130599999999999827e-01,-1.976430000000000131e-01,2.057990000000000097e-01,2.578550000000000009e-01,4.165599999999999858e-01,-5.413000000000000277e-03,-4.200000000000000174e-04,3.540340000000000154e-01,2.161309999999999898e-01,3.777110000000000190e-01,-7.120100000000000040e-02,-2.392710000000000115e-01,-1.452900000000000025e-02,-7.626800000000000246e-02,2.386099999999999888e-01,1.008900000000000075e-02,-9.542599999999999694e-02,8.173199999999999910e-02,1.829199999999999993e-01,-6.373800000000000299e-02,2.265429999999999944e-01,1.013059999999999933e-01
-2.994620000000000060e-01,9.995000000000000412e-03,2.893149999999999888e-01,4.845309999999999895e-01,1.000000000000000000e+00,-8.174000000000000710e-03,7.149119999999999919e-01,-4.962899999999999950e-02,3.551469999999999905e-01,4.790380000000000194e-01,7.091999999999999693e-02,1.575899999999999870e-02,2.911469999999999891e-01,1.009929999999999994e-01,7.951700000000000434e-02,1.317049999999999887e-01,1.753969999999999974e-01,1.427070000000000005e-01,4.945899999999999741e-01,4.525100000000000233e-01,-5.238500000000000101e-02,4.421720000000000095e-01,-1.235829999999999984e-01,-3.131899999999999962e-02,9.622500000000000497e-02,-2.472870000000000068e-01,3.848610000000000086e-01,5.133510000000000018e-01,3.032299999999999995e-01,1.671249999999999958e-01,2.227900000000000019e-02,-2.635830000000000117e-01,-3.424499999999999766e-01,2.030450000000000033e-01,-5.160999999999999789e-03,2.448190000000000088e-01,5.011900000000000244e-01,5.321630000000000527e-01,-1.815569999999999962e-01,1.106820000000000026e-01,1.481439999999999979e-01,-1.156969999999999943e-01,2.217220000000000024e-01,4.495040000000000147e-01,4.844589999999999730e-01,3.594699999999999979e-02,-2.238640000000000074e-01,4.023019999999999929e-01,3.916569999999999774e-01,6.135720000000000063e-01,2.204550000000000121e-01,6.358230000000000270e-01,9.594000000000000097e-03,6.809290000000000065e-01,4.898159999999999736e-01,3.523640000000000105e-01,7.983700000000000518e-02,2.505689999999999862e-01,1.897619999999999862e-01,1.817020000000000024e-01,1.396709999999999896e-01,1.306229999999999891e-01,2.467949999999999866e-01,6.018809999999999993e-01,2.304869999999999974e-01,-9.721200000000000674e-02,2.378029999999999866e-01,-1.286370000000000013e-01,9.059000000000000385e-02,1.958519999999999983e-01,-3.045140000000000069e-01,5.150150000000000006e-01,4.267009999999999970e-01,2.338709999999999956e-01,3.705479999999999885e-01,2.281269999999999964e-01
-1.033970000000000028e-01,6.423480000000000301e-01,2.180999999999999953e-02,-1.010299999999999913e-02,-8.174000000000000710e-03,1.000000000000000000e+00,2.718369999999999953e-01,6.747459999999999569e-01,1.011630000000000029e-01,2.264599999999999946e-02,-2.083280000000000132e-01,5.600019999999999998e-01,6.843630000000000546e-01,3.706880000000000175e-01,-3.773440000000000127e-01,-1.733750000000000013e-01,1.300340000000000107e-01,2.539529999999999843e-01,-6.016900000000000026e-02,-4.457380000000000231e-01,2.110249999999999904e-01,-3.277280000000000193e-01,7.290489999999999471e-01,4.229570000000000274e-01,1.607550000000000090e-01,5.739079999999999737e-01,1.693560000000000065e-01,-2.068599999999999953e-02,-1.602619999999999878e-01,-1.563489999999999880e-01,-3.916100000000000136e-01,2.656390000000000140e-01,8.642199999999999882e-02,-1.458500000000000074e-01,-2.734699999999999909e-01,4.734340000000000215e-01,-2.513599999999999862e-02,-6.615000000000000047e-02,2.669880000000000031e-01,7.272800000000000098e-02,-2.874769999999999825e-01,9.657899999999999818e-02,3.188210000000000210e-01,2.276900000000000104e-02,-1.064390000000000058e-01,-3.958289999999999864e-01,2.424379999999999868e-01,-1.242299999999999932e-01,-1.614470000000000072e-01,-3.577420000000000044e-01,4.000420000000000087e-01,-1.837949999999999862e-01,6.157930000000000348e-01,-2.781819999999999848e-01,-7.810599999999999488e-02,-2.405569999999999931e-01,4.330780000000000185e-01,2.697490000000000165e-01,2.683729999999999727e-01,-1.787449999999999872e-01,-5.345760000000000511e-01,9.072099999999999609e-02,-1.019850000000000062e-01,-3.872199999999999948e-02,-3.463559999999999972e-01,2.940699999999999911e-02,-4.262940000000000063e-01,6.137650000000000050e-01,1.482819999999999971e-01,-2.478490000000000137e-01,3.156320000000000237e-01,-1.573150000000000104e-01,-1.623960000000000126e-01,-5.277889999999999526e-01,-2.669440000000000146e-01,-6.271710000000000340e-01
-2.837250000000000050e-01,2.510180000000000189e-01,1.438379999999999936e-01,5.556980000000000253e-01,7.149119999999999919e-01,2.718369999999999953e-01,1.000000000000000000e+00,-6.103100000000000191e-02,4.066250000000000142e-01,5.352510000000000323e-01,-2.759110000000000174e-01,5.282599999999999796e-02,5.020940000000000403e-01,1.416290000000000049e-01,-1.960890000000000133e-01,3.157869999999999844e-01,2.766540000000000110e-01,2.978399999999999936e-01,3.427890000000000104e-01,1.532439999999999913e-01,-8.500099999999999323e-02,3.279719999999999858e-01,-1.090089999999999948e-01,1.262199999999999954e-02,3.731410000000000005e-01,-1.728750000000000009e-01,3.359460000000000224e-01,4.728439999999999865e-01,3.866310000000000024e-01,6.311799999999999355e-02,-5.361999999999999579e-03,-4.510499999999999926e-02,-1.802449999999999886e-01,3.232419999999999738e-01,-1.694569999999999965e-01,2.334459999999999869e-01,4.742879999999999874e-01,6.222750000000000226e-01,2.395399999999999960e-02,2.962940000000000018e-01,1.208039999999999947e-01,-8.160199999999999398e-02,1.316559999999999953e-01,3.317269999999999941e-01,5.302080000000000126e-01,-3.110399999999999970e-02,-3.494400000000000284e-02,1.559290000000000120e-01,3.732500000000000262e-01,3.354150000000000187e-01,2.551660000000000039e-01,5.538110000000000532e-01,6.520000000000000188e-04,4.554199999999999915e-01,4.459560000000000191e-01,-4.283100000000000102e-02,7.702000000000000512e-02,1.853809999999999902e-01,1.466840000000000088e-01,-6.184400000000000314e-02,6.183099999999999707e-02,1.636589999999999989e-01,3.077699999999999880e-01,4.977179999999999938e-01,-1.894300000000000150e-02,-1.660959999999999936e-01,-9.591999999999999832e-03,-1.561250000000000138e-01,6.117199999999999721e-02,2.851690000000000058e-01,-2.892739999999999756e-01,4.437200000000000033e-01,2.936989999999999879e-01,1.327949999999999964e-01,2.958330000000000126e-01,4.688799999999999912e-02
-1.324839999999999907e-01,4.316909999999999914e-01,-1.491560000000000108e-01,3.402600000000000069e-02,-4.962899999999999950e-02,6.747459999999999569e-01,-6.103100000000000191e-02,1.000000000000000000e+00,-2.459570000000000090e-01,-1.461999999999999932e-02,-9.092200000000000282e-02,8.481689999999999507e-01,4.729860000000000175e-01,4.506830000000000003e-01,-4.028229999999999866e-01,-5.574569999999999803e-01,-5.621000000000000302e-02,5.563699999999999896e-02,-2.389219999999999955e-01,-4.862650000000000028e-01,2.110859999999999959e-01,-4.872319999999999984e-01,9.388370000000000326e-01,7.230440000000000200e-01,-3.748719999999999830e-01,6.531810000000000116e-01,-2.841779999999999862e-01,-1.962180000000000035e-01,-6.789589999999999792e-01,-4.866710000000000202e-01,-7.190499999999999670e-01,3.726999999999999758e-01,2.624999999999999903e-02,-3.881959999999999855e-01,3.656100000000000322e-02,5.877419999999999867e-01,1.476320000000000132e-01,-4.265800000000000147e-02,1.085139999999999993e-01,1.185689999999999938e-01,-3.921370000000000133e-01,1.949410000000000032e-01,4.409799999999999831e-01,2.002599999999999936e-01,-8.076999999999999458e-02,-4.578599999999999892e-01,6.480400000000000049e-02,-7.555699999999999916e-02,-1.124249999999999972e-01,-2.392309999999999992e-01,5.252909999999999524e-01,-1.443250000000000088e-01,8.922919999999999741e-01,-1.231420000000000015e-01,-5.931399999999999867e-02,-1.075580000000000008e-01,7.206090000000000551e-01,3.920339999999999936e-01,4.159359999999999724e-01,-8.204899999999999693e-02,-7.811059999999999670e-01,8.062500000000000222e-02,-3.612090000000000023e-01,-1.331900000000000028e-01,-3.986859999999999848e-01,3.998100000000000265e-02,-5.020259999999999723e-01,8.225369999999999626e-01,4.733499999999999930e-01,-5.466069999999999540e-01,4.974839999999999818e-01,-2.994319999999999760e-01,-3.883360000000000145e-01,-7.649510000000000476e-01,-3.395819999999999950e-01,-7.523419999999999552e-01
1.058619999999999978e-01,-2.773450000000000082e-01,7.100020000000000220e-01,5.528099999999999681e-02,3.551469999999999905e-01,1.011630000000000029e-01,4.066250000000000142e-01,-2.459570000000000090e-01,1.000000000000000000e+00,1.938799999999999898e-02,2.000860000000000138e-01,-6.070400000000000101e-02,2.903910000000000102e-01,-5.885300000000000253e-02,2.757069999999999799e-01,1.560640000000000083e-01,1.341130000000000100e-01,-2.520000000000000104e-03,5.608149999999999524e-01,4.369469999999999743e-01,-3.980199999999999710e-02,3.509030000000000205e-01,-1.093490000000000018e-01,-7.962400000000000033e-02,1.298999999999999877e-01,-9.413000000000000533e-02,6.026120000000000365e-01,4.764669999999999739e-01,3.132960000000000189e-01,6.324819999999999887e-01,4.383549999999999947e-01,-3.064250000000000029e-01,-5.469899999999999762e-02,2.247540000000000093e-01,-4.204359999999999764e-01,1.224620000000000014e-01,1.103139999999999954e-01,5.945600000000000190e-02,8.752400000000000457e-02,1.753800000000000150e-02,1.439999999999999891e-01,-2.654469999999999885e-01,1.399160000000000126e-01,1.065839999999999982e-01,8.206299999999999706e-02,3.392499999999999960e-01,-2.240580000000000072e-01,3.767179999999999973e-01,1.307599999999999874e-01,3.746990000000000043e-01,-1.751300000000000079e-01,2.164599999999999858e-02,-2.250070000000000126e-01,2.888709999999999889e-01,8.334500000000000242e-02,1.949059999999999959e-01,1.827900000000000011e-02,-5.342999999999999833e-02,-8.060000000000000497e-02,1.945659999999999890e-01,2.855739999999999945e-01,2.483430000000000082e-01,3.035200000000000120e-01,4.335849999999999982e-01,4.067870000000000097e-01,1.198479999999999962e-01,3.498519999999999963e-01,-9.334699999999999942e-02,2.481200000000000072e-02,1.641489999999999894e-01,-1.438889999999999891e-01,3.080330000000000013e-01,5.224370000000000402e-01,2.329229999999999912e-01,2.510640000000000094e-01,2.756569999999999854e-01
-3.524410000000000043e-01,2.790320000000000022e-01,-2.195570000000000022e-01,5.711049999999999738e-01,4.790380000000000194e-01,2.264599999999999946e-02,5.352510000000000323e-01,-1.461999999999999932e-02,1.938799999999999898e-02,1.000000000000000000e+00,-3.550769999999999760e-01,1.141410000000000063e-01,4.483719999999999928e-01,1.977710000000000024e-01,-2.073520000000000085e-01,3.119870000000000143e-01,5.654350000000000209e-01,3.635490000000000110e-01,2.094030000000000058e-01,2.421349999999999891e-01,1.103530000000000066e-01,5.600800000000000223e-01,-1.079289999999999972e-01,8.043300000000000449e-02,2.586249999999999938e-01,-1.645280000000000076e-01,-1.235870000000000024e-01,5.252010000000000289e-01,2.662849999999999939e-01,-1.962830000000000130e-01,-9.757499999999999507e-02,2.361250000000000016e-01,-3.284119999999999817e-01,3.442000000000000060e-01,2.513400000000000079e-01,-8.871900000000000619e-02,6.347289999999999877e-01,8.716450000000000031e-01,-1.951999999999999916e-02,5.170620000000000216e-01,1.966219999999999912e-01,-4.178000000000000290e-03,-2.206460000000000088e-01,5.061219999999999608e-01,7.946680000000000410e-01,1.016240000000000060e-01,7.291000000000000258e-02,1.872939999999999883e-01,3.528390000000000137e-01,3.238059999999999827e-01,4.366289999999999893e-01,7.264049999999999674e-01,1.498150000000000037e-01,6.032520000000000104e-01,7.919929999999999470e-01,-1.058769999999999989e-01,1.576319999999999943e-01,5.565890000000000004e-01,1.267709999999999948e-01,1.185120000000000062e-01,1.844119999999999926e-01,5.338019999999999987e-01,5.440599999999999881e-01,5.475839999999999597e-01,4.363899999999999724e-02,1.647150000000000003e-01,1.604029999999999900e-01,-4.695799999999999974e-02,3.027389999999999803e-01,4.349140000000000228e-01,1.532600000000000073e-01,5.142470000000000097e-01,2.977369999999999739e-01,2.832509999999999750e-01,3.368760000000000088e-01,5.503799999999999665e-02
1.184400000000000036e-01,-2.436679999999999957e-01,5.301670000000000549e-01,-3.208150000000000168e-01,7.091999999999999693e-02,-2.083280000000000132e-01,-2.759110000000000174e-01,-9.092200000000000282e-02,2.000860000000000138e-01,-3.550769999999999760e-01,1.000000000000000000e+00,-1.923360000000000070e-01,-3.776470000000000105e-01,-1.766620000000000135e-01,6.020809999999999773e-01,-1.586019999999999930e-01,-2.807049999999999823e-01,-1.800970000000000071e-01,3.509369999999999989e-01,4.350029999999999730e-01,1.485869999999999969e-01,1.174739999999999951e-01,-7.079299999999999482e-02,-5.417600000000000193e-02,-1.372559999999999891e-01,1.968699999999999964e-02,3.935040000000000204e-01,9.114999999999999492e-02,1.892800000000000038e-02,4.199169999999999847e-01,1.892250000000000043e-01,-2.503830000000000222e-01,1.068599999999999967e-01,-4.607999999999999874e-01,1.318800000000000007e-02,-1.299500000000000099e-01,-2.067229999999999901e-01,-3.984360000000000124e-01,-8.698999999999999788e-02,-5.196779999999999733e-01,-1.424410000000000120e-01,5.618800000000000183e-02,1.522899999999999948e-02,-1.015059999999999990e-01,-2.633070000000000133e-01,-2.720099999999999948e-02,-1.396419999999999884e-01,3.056229999999999780e-01,-1.984529999999999905e-01,3.180149999999999921e-01,-3.405230000000000201e-01,-2.418450000000000044e-01,-1.854349999999999887e-01,3.633999999999999730e-02,-1.568189999999999862e-01,6.199510000000000298e-01,-2.638079999999999870e-01,-2.819599999999999884e-01,-1.055230000000000057e-01,4.827810000000000157e-01,1.147750000000000020e-01,-3.185870000000000091e-01,-1.832630000000000092e-01,7.569800000000000140e-02,5.639929999999999666e-01,4.814199999999999730e-02,4.570640000000000258e-01,-9.983599999999999419e-02,-1.646269999999999956e-01,-2.270260000000000056e-01,-8.076400000000000245e-02,-5.660000000000000100e-03,2.114929999999999866e-01,5.530299999999999799e-02,-5.501000000000000334e-02,2.166589999999999905e-01
-8.262400000000000300e-02,3.507529999999999815e-01,-5.315600000000000186e-02,1.632270000000000110e-01,1.575899999999999870e-02,5.600019999999999998e-01,5.282599999999999796e-02,8.481689999999999507e-01,-6.070400000000000101e-02,1.141410000000000063e-01,-1.923360000000000070e-01,1.000000000000000000e+00,5.800039999999999640e-01,4.163629999999999831e-01,-4.675219999999999931e-01,-4.115630000000000122e-01,1.368300000000000072e-01,1.878479999999999872e-01,-8.649300000000000044e-02,-3.380400000000000071e-01,-1.584100000000000091e-02,-3.145089999999999830e-01,8.152700000000000502e-01,7.704959999999999587e-01,-3.799939999999999984e-01,6.504299999999999526e-01,-3.362720000000000153e-01,-3.017099999999999990e-02,-6.682489999999999819e-01,-4.559150000000000147e-01,-6.237019999999999786e-01,3.119330000000000158e-01,-3.287099999999999744e-02,-2.311259999999999981e-01,-8.997700000000000142e-02,5.986540000000000195e-01,3.090860000000000274e-01,1.080590000000000023e-01,5.904199999999999726e-02,2.981240000000000001e-01,-2.534660000000000246e-01,1.018929999999999975e-01,4.641989999999999728e-01,3.075339999999999741e-01,3.827300000000000146e-02,-2.880070000000000130e-01,-9.886200000000000543e-02,-4.538099999999999773e-02,7.036399999999999599e-02,-1.417829999999999924e-01,5.045420000000000460e-01,-3.110999999999999877e-02,7.741350000000000176e-01,4.399000000000000132e-02,7.826700000000000323e-02,-1.598340000000000038e-01,8.672370000000000356e-01,4.617200000000000193e-01,4.063820000000000210e-01,-1.260290000000000021e-01,-6.625440000000000218e-01,3.385659999999999781e-01,-1.799999999999999933e-01,2.202399999999999844e-02,-3.073460000000000081e-01,-8.462400000000000477e-02,-4.001080000000000192e-01,7.077799999999999647e-01,5.514790000000000525e-01,-4.711009999999999920e-01,4.798939999999999872e-01,-2.750139999999999807e-01,-2.712890000000000024e-01,-6.909389999999999699e-01,-2.473140000000000061e-01,-6.812190000000000190e-01
-2.779340000000000144e-01,4.494799999999999907e-01,4.309999999999999595e-03,3.888440000000000230e-01,2.911469999999999891e-01,6.843630000000000546e-01,5.020940000000000403e-01,4.729860000000000175e-01,2.903910000000000102e-01,4.483719999999999928e-01,-3.776470000000000105e-01,5.800039999999999640e-01,1.000000000000000000e+00,3.341140000000000221e-01,-3.426939999999999986e-01,4.119400000000000145e-02,4.855689999999999729e-01,4.435669999999999891e-01,1.118009999999999976e-01,-1.026799999999999935e-01,3.919999999999999873e-04,8.934899999999999787e-02,4.967980000000000174e-01,4.004039999999999822e-01,-7.004999999999999942e-03,4.435580000000000078e-01,5.450000000000000200e-04,4.770829999999999793e-01,-8.897299999999999653e-02,-1.065480000000000038e-01,-2.472479999999999956e-01,1.781059999999999865e-01,-1.608759999999999912e-01,7.836799999999999322e-02,-2.187530000000000030e-01,4.433639999999999803e-01,4.648720000000000074e-01,4.035920000000000063e-01,2.181680000000000008e-01,2.812819999999999765e-01,-1.327299999999999869e-01,-6.499599999999999822e-02,2.749530000000000030e-01,4.564239999999999964e-01,3.414119999999999933e-01,-1.316360000000000030e-01,-7.938000000000000611e-02,1.109669999999999962e-01,2.801210000000000089e-01,-1.410299999999999922e-02,4.176039999999999752e-01,1.760760000000000103e-01,4.831900000000000084e-01,1.458949999999999969e-01,2.930220000000000047e-01,-1.907709999999999961e-01,4.694010000000000127e-01,5.865660000000000318e-01,2.779960000000000209e-01,-8.272899999999999698e-02,-2.608739999999999948e-01,5.740100000000000202e-01,2.484879999999999867e-01,2.995289999999999897e-01,-1.545749999999999902e-01,-4.998999999999999971e-03,-1.539169999999999983e-01,4.112149999999999972e-01,2.462370000000000114e-01,-1.251069999999999960e-01,2.449959999999999916e-01,3.133699999999999680e-02,2.122189999999999910e-01,-2.958419999999999939e-01,5.137499999999999706e-02,-4.269370000000000109e-01
-2.802330000000000099e-01,1.327679999999999971e-01,-1.675310000000000132e-01,3.549240000000000173e-01,1.009929999999999994e-01,3.706880000000000175e-01,1.416290000000000049e-01,4.506830000000000003e-01,-5.885300000000000253e-02,1.977710000000000024e-01,-1.766620000000000135e-01,4.163629999999999831e-01,3.341140000000000221e-01,1.000000000000000000e+00,-2.294940000000000035e-01,-2.742209999999999925e-01,-1.025940000000000046e-01,-2.828800000000000064e-02,-5.684999999999999949e-03,-2.536709999999999798e-01,1.088429999999999953e-01,-2.046139999999999903e-01,4.699539999999999829e-01,2.615580000000000127e-01,-2.040609999999999924e-01,1.343570000000000042e-01,-1.226519999999999971e-01,1.152979999999999977e-01,-3.192820000000000102e-01,-2.290679999999999938e-01,-3.649290000000000034e-01,2.423190000000000066e-01,-3.528830000000000022e-01,2.762399999999999925e-02,2.789300000000000113e-02,3.044330000000000092e-01,3.751380000000000270e-01,2.359819999999999973e-01,1.496979999999999977e-01,1.323550000000000004e-01,-9.875599999999999656e-02,6.022299999999999875e-02,3.140290000000000026e-01,4.119639999999999969e-01,2.023790000000000033e-01,-1.915429999999999910e-01,7.433099999999999430e-02,4.928799999999999848e-02,1.978290000000000048e-01,-6.259999999999999939e-03,4.033359999999999723e-01,1.188400000000000012e-01,5.393229999999999968e-01,-4.080899999999999805e-02,1.773190000000000044e-01,-7.666100000000000692e-02,4.877340000000000009e-01,3.842530000000000112e-01,6.048390000000000155e-01,-8.802999999999999714e-02,-3.466020000000000212e-01,1.944990000000000052e-01,5.389000000000000040e-02,7.372000000000000081e-03,-3.107059999999999822e-01,7.078600000000000170e-02,-3.242389999999999994e-01,5.103820000000000023e-01,4.142620000000000191e-01,-1.212639999999999968e-01,2.617840000000000167e-01,-2.063800000000000009e-02,-5.299199999999999744e-02,-3.507589999999999875e-01,-1.174479999999999968e-01,-3.370110000000000050e-01
2.877000000000000043e-02,-3.742090000000000138e-01,2.869160000000000044e-01,-2.481899999999999940e-01,7.951700000000000434e-02,-3.773440000000000127e-01,-1.960890000000000133e-01,-4.028229999999999866e-01,2.757069999999999799e-01,-2.073520000000000085e-01,6.020809999999999773e-01,-4.675219999999999931e-01,-3.426939999999999986e-01,-2.294940000000000035e-01,1.000000000000000000e+00,8.225799999999999779e-02,-1.242660000000000015e-01,-1.695919999999999928e-01,2.171389999999999987e-01,6.408209999999999740e-01,2.007770000000000110e-01,4.507309999999999928e-01,-3.695869999999999989e-01,-4.152429999999999732e-01,-1.517499999999999925e-02,-2.356959999999999888e-01,4.138749999999999929e-01,1.564170000000000005e-01,3.364829999999999766e-01,5.628370000000000317e-01,4.993250000000000188e-01,-3.639640000000000097e-01,-3.733000000000000207e-02,-3.312400000000000067e-02,1.195409999999999945e-01,-3.843139999999999890e-01,-1.225809999999999955e-01,-2.209510000000000085e-01,-1.534850000000000103e-01,-4.291019999999999834e-01,4.178300000000000070e-02,-1.099590000000000012e-01,-2.405170000000000086e-01,-7.847700000000000509e-02,-1.815039999999999987e-01,1.636940000000000062e-01,-1.051870000000000027e-01,3.833969999999999878e-01,-7.790900000000000603e-02,3.289799999999999947e-01,-4.845929999999999960e-01,-1.464300000000000046e-01,-4.410629999999999828e-01,5.818899999999999767e-02,-1.661249999999999949e-01,4.832259999999999889e-01,-5.170609999999999928e-01,-3.087570000000000037e-01,-2.315379999999999938e-01,5.806120000000000170e-01,4.114590000000000192e-01,-1.783339999999999925e-01,5.303000000000000075e-02,7.605999999999999914e-03,5.913589999999999680e-01,1.412180000000000102e-01,6.782939999999999525e-01,-3.267010000000000192e-01,-3.705350000000000033e-01,9.860999999999999974e-03,-2.804490000000000038e-01,2.015659999999999952e-01,3.239790000000000170e-01,3.711079999999999934e-01,1.933920000000000083e-01,4.416430000000000078e-01
2.142060000000000075e-01,1.836959999999999982e-01,-2.837999999999999898e-02,8.179599999999999371e-02,1.317049999999999887e-01,-1.733750000000000013e-01,3.157869999999999844e-01,-5.574569999999999803e-01,1.560640000000000083e-01,3.119870000000000143e-01,-1.586019999999999930e-01,-4.115630000000000122e-01,4.119400000000000145e-02,-2.742209999999999925e-01,8.225799999999999779e-02,1.000000000000000000e+00,5.284450000000000536e-01,6.346969999999999557e-01,2.332289999999999919e-01,2.388639999999999930e-01,2.788799999999999960e-02,5.519560000000000022e-01,-5.373989999999999601e-01,-3.670610000000000261e-01,7.008119999999999905e-01,-2.244589999999999919e-01,1.871220000000000105e-01,4.166540000000000243e-01,6.406589999999999785e-01,1.301229999999999887e-01,5.305260000000000531e-01,8.762699999999999656e-02,-1.225890000000000035e-01,4.930820000000000203e-01,8.890999999999999598e-03,-3.487520000000000064e-01,9.678299999999999403e-02,2.490429999999999866e-01,7.001300000000000578e-02,1.327949999999999964e-01,4.721730000000000094e-01,-1.816429999999999989e-01,-4.173620000000000108e-01,-7.109400000000000441e-02,2.060990000000000044e-01,4.486629999999999785e-01,5.207799999999999929e-02,1.269499999999999969e-02,1.705750000000000044e-01,1.056229999999999947e-01,-1.206040000000000029e-01,3.037630000000000052e-01,-5.022739999999999982e-01,2.359179999999999888e-01,2.140289999999999970e-01,-3.512699999999999850e-02,-3.985429999999999806e-01,5.762999999999999894e-03,-2.393430000000000002e-01,-2.405600000000000099e-02,6.564740000000000020e-01,1.976160000000000139e-01,6.037660000000000249e-01,2.378979999999999984e-01,1.801200000000000023e-01,4.427000000000000379e-03,3.581340000000000079e-01,-5.164600000000000302e-01,-3.012679999999999803e-01,5.808119999999999949e-01,-1.713480000000000003e-01,3.481409999999999783e-01,3.838639999999999830e-01,5.507300000000000528e-01,2.535459999999999936e-01,4.490629999999999900e-01
1.296339999999999992e-01,4.033829999999999916e-01,-7.572999999999999871e-03,2.007299999999999918e-01,1.753969999999999974e-01,1.300340000000000107e-01,2.766540000000000110e-01,-5.621000000000000302e-02,1.341130000000000100e-01,5.654350000000000209e-01,-2.807049999999999823e-01,1.368300000000000072e-01,4.855689999999999729e-01,-1.025940000000000046e-01,-1.242660000000000015e-01,5.284450000000000536e-01,1.000000000000000000e+00,6.877490000000000547e-01,2.193799999999999917e-01,1.637119999999999964e-01,1.171719999999999984e-01,4.659190000000000276e-01,-6.435699999999999754e-02,1.343820000000000014e-01,3.775339999999999807e-01,1.771540000000000059e-01,-3.309900000000000342e-02,4.553240000000000065e-01,2.394709999999999894e-01,1.490700000000000011e-02,1.585640000000000105e-01,2.159079999999999888e-01,-1.887600000000000042e-02,2.690110000000000001e-01,3.785999999999999869e-03,-6.407599999999999407e-02,3.138159999999999838e-01,3.743839999999999946e-01,1.841079999999999939e-01,3.098580000000000223e-01,2.647059999999999969e-01,-5.876000000000000147e-03,-1.619770000000000099e-01,1.859500000000000042e-01,3.549280000000000213e-01,2.356969999999999898e-01,-3.517900000000000194e-02,1.882500000000000145e-02,1.513049999999999951e-01,1.956700000000000106e-02,1.237700000000000050e-01,3.025300000000000211e-01,-5.906800000000000245e-02,3.220009999999999817e-01,4.363070000000000004e-01,-1.778550000000000131e-01,4.014899999999999719e-02,3.230669999999999931e-01,-1.097309999999999952e-01,7.377100000000000324e-02,2.122850000000000015e-01,5.915740000000000443e-01,4.787540000000000129e-01,3.756269999999999887e-01,8.586000000000000576e-02,1.051099999999999951e-01,2.319710000000000105e-01,-1.407559999999999922e-01,7.753100000000000269e-02,2.718099999999999961e-01,1.138089999999999935e-01,1.909540000000000126e-01,3.283949999999999925e-01,1.661169999999999869e-01,2.613530000000000020e-01,4.676500000000000101e-02
-7.050000000000000060e-04,5.080289999999999528e-01,-1.247530000000000028e-01,1.552550000000000041e-01,1.427070000000000005e-01,2.539529999999999843e-01,2.978399999999999936e-01,5.563699999999999896e-02,-2.520000000000000104e-03,3.635490000000000110e-01,-1.800970000000000071e-01,1.878479999999999872e-01,4.435669999999999891e-01,-2.828800000000000064e-02,-1.695919999999999928e-01,6.346969999999999557e-01,6.877490000000000547e-01,1.000000000000000000e+00,1.290040000000000076e-01,-6.532999999999999745e-03,2.979100000000000151e-02,2.790500000000000203e-01,4.355999999999999629e-03,1.011620000000000019e-01,4.141369999999999774e-01,2.217860000000000109e-01,-7.313500000000000556e-02,3.657580000000000275e-01,1.934710000000000041e-01,-1.294359999999999955e-01,5.194399999999999712e-02,2.990760000000000085e-01,-1.034199999999999980e-01,1.860459999999999892e-01,6.568300000000000527e-02,6.086899999999999950e-02,3.033129999999999993e-01,2.103820000000000134e-01,1.798780000000000101e-01,1.866869999999999918e-01,2.114580000000000071e-01,-4.803199999999999831e-02,-3.270100000000000090e-02,1.028020000000000045e-01,1.621420000000000083e-01,2.571899999999999881e-02,-8.658799999999999830e-02,-3.496799999999999908e-02,1.885149999999999881e-01,7.299999999999999632e-04,1.172600000000000031e-01,1.931569999999999954e-01,1.200099999999999952e-02,2.189109999999999945e-01,2.329009999999999969e-01,-6.974099999999999744e-02,5.710599999999999704e-02,2.792669999999999875e-01,3.814800000000000135e-02,-4.829599999999999865e-02,1.465059999999999973e-01,3.843280000000000030e-01,4.524409999999999821e-01,2.577479999999999771e-01,2.723199999999999926e-02,-1.215460000000000013e-01,1.529909999999999881e-01,-1.243530000000000052e-01,-5.363300000000000012e-02,1.553390000000000049e-01,4.344999999999999904e-03,6.135700000000000182e-02,2.001159999999999883e-01,5.277600000000000346e-02,1.507749999999999924e-01,-8.244700000000000639e-02
-1.332000000000000068e-03,-1.082510000000000000e-01,6.447960000000000358e-01,1.439479999999999926e-01,4.945899999999999741e-01,-6.016900000000000026e-02,3.427890000000000104e-01,-2.389219999999999955e-01,5.608149999999999524e-01,2.094030000000000058e-01,3.509369999999999989e-01,-8.649300000000000044e-02,1.118009999999999976e-01,-5.684999999999999949e-03,2.171389999999999987e-01,2.332289999999999919e-01,2.193799999999999917e-01,1.290040000000000076e-01,1.000000000000000000e+00,5.485179999999999501e-01,-6.945600000000000385e-02,4.286170000000000258e-01,-1.501119999999999954e-01,-6.739699999999999858e-02,1.682470000000000077e-01,-2.259790000000000132e-01,4.820829999999999838e-01,5.821530000000000316e-01,2.528770000000000184e-01,4.002669999999999839e-01,2.573039999999999772e-01,-1.346110000000000084e-01,-2.803280000000000216e-01,1.194439999999999946e-01,-2.409499999999999836e-02,1.124079999999999940e-01,2.618929999999999869e-01,2.636700000000000155e-01,1.680000000000000070e-03,-5.214799999999999991e-02,3.028230000000000088e-01,-4.665699999999999709e-02,5.401100000000000345e-02,2.015329999999999899e-01,2.805019999999999736e-01,2.352549999999999919e-01,-2.814099999999999935e-01,5.497950000000000337e-01,1.843640000000000001e-01,5.613249999999999629e-01,-1.949899999999999897e-02,2.809849999999999848e-01,-1.863599999999999979e-01,5.354649999999999688e-01,2.730690000000000062e-01,4.840010000000000145e-01,-8.684600000000000652e-02,1.130800000000000034e-02,1.564119999999999955e-01,3.218679999999999874e-01,2.047420000000000073e-01,1.841639999999999944e-01,2.463390000000000024e-01,7.972540000000000182e-01,5.282919999999999838e-01,-3.038400000000000128e-02,4.608329999999999926e-01,-1.640890000000000126e-01,1.204609999999999986e-01,1.904969999999999997e-01,-1.738889999999999880e-01,4.416640000000000010e-01,5.316699999999999759e-01,2.755799999999999916e-01,3.039330000000000087e-01,2.878069999999999795e-01
-1.032129999999999992e-01,-2.449399999999999911e-01,4.130530000000000035e-01,9.783600000000000629e-02,4.525100000000000233e-01,-4.457380000000000231e-01,1.532439999999999913e-01,-4.862650000000000028e-01,4.369469999999999743e-01,2.421349999999999891e-01,4.350029999999999730e-01,-3.380400000000000071e-01,-1.026799999999999935e-01,-2.536709999999999798e-01,6.408209999999999740e-01,2.388639999999999930e-01,1.637119999999999964e-01,-6.532999999999999745e-03,5.485179999999999501e-01,1.000000000000000000e+00,-5.426299999999999873e-02,8.161690000000000333e-01,-4.931450000000000000e-01,-4.001709999999999989e-01,8.093300000000000494e-02,-3.374940000000000162e-01,4.345450000000000146e-01,5.924829999999999819e-01,4.728809999999999958e-01,5.925529999999999964e-01,5.058030000000000026e-01,-4.452380000000000226e-01,-2.074489999999999945e-01,1.693189999999999973e-01,4.979700000000000099e-02,-2.974820000000000242e-01,2.364479999999999915e-01,1.884989999999999999e-01,-2.620700000000000252e-01,-9.214600000000000568e-02,1.879899999999999904e-01,-1.689209999999999878e-01,-1.858190000000000119e-01,2.721879999999999855e-01,2.003070000000000128e-01,2.959010000000000251e-01,-2.065249999999999864e-01,5.835749999999999549e-01,1.252550000000000052e-01,6.348540000000000294e-01,-2.433029999999999915e-01,3.114979999999999971e-01,-4.450950000000000184e-01,5.454050000000000287e-01,3.111849999999999894e-01,5.030860000000000332e-01,-3.690220000000000167e-01,-4.484199999999999992e-02,-1.668759999999999966e-01,5.463770000000000016e-01,4.709360000000000213e-01,1.335109999999999908e-01,2.723030000000000173e-01,5.004889999999999617e-01,8.537599999999999634e-01,3.447700000000000070e-02,8.312859999999999694e-01,-4.523209999999999731e-01,-2.535140000000000171e-01,2.511590000000000211e-01,-2.981519999999999726e-01,5.153330000000000410e-01,5.646240000000000148e-01,5.735280000000000378e-01,4.983759999999999857e-01,5.460540000000000393e-01
