1.000000000000000000e+00,6.695870000000000433e-01,-3.408959999999999768e-01,1.023700000000000027e-01,-3.507509999999999795e-01,-3.555019999999999847e-01,-4.893600000000000033e-02,-4.242310000000000247e-01,-4.198930000000000162e-01,6.012100000000000083e-02,-2.160710000000000131e-01,1.188739999999999936e-01,-1.415659999999999974e-01,7.888799999999999979e-02,-1.250000000000000026e-04,1.669710000000000083e-01,7.671600000000000641e-02,3.763600000000000279e-02,-2.052970000000000073e-01,-5.361999999999999579e-03,3.463709999999999845e-01,3.203810000000000269e-01,-3.608230000000000048e-01,4.236639999999999850e-01,5.389880000000000226e-01,4.903210000000000068e-01,-2.865300000000000069e-01,1.709610000000000019e-01,-5.027100000000000318e-02,1.640369999999999884e-01,8.112099999999999866e-02,-2.635689999999999977e-01,3.680160000000000098e-01,-5.133299999999999669e-02,-2.714969999999999883e-01,2.386860000000000093e-01,1.614059999999999939e-01,3.323990000000000000e-01,-4.141800000000000342e-02,1.504350000000000132e-01,2.370839999999999892e-01,3.840500000000000164e-02,-2.571599999999999928e-02,1.923920000000000075e-01,1.451210000000000000e-01,6.040020000000000389e-01,4.700869999999999771e-01,-1.516589999999999883e-01,7.424000000000000044e-03,-3.086389999999999967e-01,-2.149079999999999879e-01,-3.504479999999999817e-01,-4.626839999999999842e-01,-3.511009999999999964e-01,-9.155999999999999209e-03,-2.687479999999999869e-01,7.152999999999999636e-03,-3.577000000000000318e-02,-3.315499999999999697e-02,2.178170000000000106e-01,6.211729999999999752e-01,1.046490000000000059e-01,2.863740000000000174e-01,-2.718659999999999966e-01,3.204049999999999954e-01,3.473330000000000028e-01,4.893080000000000207e-01,-2.240530000000000022e-01,1.511369999999999936e-01,4.997780000000000000e-01,5.513620000000000188e-01,-8.179400000000000559e-02,2.296640000000000070e-01,5.519099999999999701e-02,2.194730000000000014e-01,3.821269999999999945e-01
6.695870000000000433e-01,1.000000000000000000e+00,-2.360609999999999931e-01,1.631610000000000005e-01,-2.030889999999999918e-01,-1.415579999999999894e-01,1.545009999999999994e-01,-3.565539999999999821e-01,-1.607580000000000120e-01,2.069769999999999943e-01,-2.400000000000000050e-02,2.258149999999999880e-01,1.083889999999999992e-01,-1.328539999999999999e-01,1.338709999999999900e-01,5.252250000000000529e-01,1.416070000000000106e-01,3.988289999999999891e-01,-1.471880000000000133e-01,4.806699999999999862e-02,2.388010000000000133e-01,5.670859999999999790e-01,-2.816480000000000095e-01,2.267959999999999976e-01,7.015559999999999574e-01,5.057110000000000216e-01,-1.418899999999999884e-01,1.275030000000000052e-01,4.437699999999999978e-02,2.405829999999999913e-01,3.440019999999999745e-01,8.906000000000000721e-03,1.709440000000000126e-01,1.325560000000000072e-01,-1.267840000000000078e-01,3.276930000000000121e-01,3.052270000000000261e-01,2.080519999999999869e-01,1.741800000000000015e-01,1.226180000000000048e-01,1.238370000000000026e-01,-1.531279999999999863e-01,9.363900000000000001e-02,1.103770000000000029e-01,2.117739999999999900e-01,4.959609999999999852e-01,5.138000000000000345e-01,-1.486599999999999866e-01,-1.770190000000000097e-01,-2.555140000000000189e-01,-2.267149999999999999e-01,-2.519520000000000093e-01,-3.678130000000000011e-01,-4.001339999999999897e-01,1.563799999999999912e-01,-6.951699999999999546e-02,6.577900000000000413e-02,-1.060450000000000004e-01,-1.073970000000000063e-01,1.978520000000000001e-01,4.596480000000000010e-01,3.143400000000000083e-01,3.707869999999999777e-01,-2.469550000000000078e-01,1.774689999999999879e-01,2.025899999999999923e-01,3.044149999999999912e-01,-2.772660000000000124e-01,1.043589999999999934e-01,4.981099999999999972e-01,4.987360000000000126e-01,-1.189039999999999958e-01,1.582459999999999978e-01,-4.386799999999999727e-02,1.214240000000000042e-01,1.930230000000000001e-01
-3.408959999999999768e-01,-2.360609999999999931e-01,1.000000000000000000e+00,-1.627069999999999905e-01,3.251729999999999898e-01,7.670940000000000536e-01,1.048629999999999979e-01,5.882060000000000066e-01,5.940229999999999677e-01,1.077059999999999962e-01,3.783480000000000176e-01,5.136899999999999800e-02,2.567800000000000082e-01,-4.008300000000000057e-02,2.609310000000000240e-01,-2.912520000000000109e-01,-4.786300000000000276e-02,-2.428180000000000061e-01,8.512340000000000462e-01,3.673629999999999951e-01,2.767499999999999960e-01,7.135099999999999776e-02,7.687239999999999629e-01,-3.596599999999999797e-02,-2.425170000000000103e-01,-3.902599999999999819e-02,6.186479999999999757e-01,6.245900000000000063e-02,3.890750000000000042e-01,4.865200000000000080e-02,-2.651160000000000183e-01,6.329999999999999516e-02,-2.394159999999999899e-01,-1.841760000000000064e-01,-8.265100000000000224e-02,-1.553579999999999961e-01,-1.737829999999999930e-01,-1.430140000000000022e-01,-3.171080000000000010e-01,-3.348960000000000270e-01,-3.935520000000000129e-01,-2.880800000000000027e-01,1.435569999999999902e-01,-8.701299999999999313e-02,-2.845530000000000004e-01,-4.028959999999999764e-01,-3.257000000000000173e-02,8.346649999999999903e-01,-2.086099999999999899e-01,1.503559999999999897e-01,6.945419999999999927e-01,6.796800000000000064e-02,6.417610000000000259e-01,7.022979999999999778e-01,6.898700000000000665e-02,3.446029999999999927e-01,1.273219999999999907e-01,4.025800000000000212e-02,-1.171740000000000004e-01,3.014669999999999850e-01,-2.340619999999999923e-01,1.169479999999999964e-01,-1.323179999999999912e-01,7.980019999999999891e-01,2.126500000000000057e-01,2.197020000000000084e-01,1.339309999999999945e-01,6.634079999999999977e-01,5.339999999999999695e-04,-3.777900000000000008e-02,-7.269899999999999973e-02,5.392719999999999736e-01,-2.168630000000000002e-01,3.693850000000000189e-01,-2.271300000000000055e-02,-2.963899999999999868e-01
1.023700000000000027e-01,1.631610000000000005e-01,-1.627069999999999905e-01,1.000000000000000000e+00,2.112080000000000068e-01,-2.128579999999999917e-01,4.489099999999999757e-01,-1.447200000000000049e-02,1.587490000000000012e-01,1.982430000000000025e-01,2.943939999999999890e-01,1.043219999999999981e-01,2.240640000000000132e-01,3.328650000000000220e-01,-2.298530000000000018e-01,2.553400000000000114e-02,3.961210000000000009e-01,1.237619999999999970e-01,3.088000000000000033e-03,-3.340469999999999828e-01,-5.575299999999999701e-02,-1.180960000000000065e-01,-3.119140000000000246e-01,-1.850299999999999861e-02,-6.245599999999999763e-02,2.116200000000000025e-01,-3.511790000000000189e-01,5.510600000000000220e-02,-3.067019999999999746e-01,2.368550000000000100e-01,3.294579999999999731e-01,2.663639999999999897e-01,2.541019999999999945e-01,4.870229999999999837e-01,4.320049999999999724e-01,3.439599999999999880e-01,5.790180000000000327e-01,-1.656209999999999904e-01,1.894329999999999903e-01,2.648360000000000158e-01,2.518690000000000095e-01,2.164490000000000025e-01,1.457479999999999887e-01,4.334279999999999800e-01,3.947300000000000114e-02,-1.873400000000000065e-02,-5.540500000000000286e-02,-2.477999999999999925e-01,4.930899999999999728e-01,2.018820000000000059e-01,-3.692960000000000131e-01,1.245990000000000014e-01,-2.613469999999999960e-01,-2.198930000000000051e-01,3.391799999999999676e-02,8.895100000000000229e-02,1.584460000000000035e-01,-1.410970000000000002e-01,2.675879999999999925e-01,-1.721999999999999920e-01,-1.261950000000000016e-01,-1.093110000000000054e-01,-1.402480000000000115e-01,-2.472100000000000131e-01,-3.293760000000000021e-01,-4.589000000000000197e-03,-1.884959999999999969e-01,-3.416609999999999925e-01,-3.293900000000000300e-02,-1.060259999999999952e-01,1.174930000000000002e-01,-3.827150000000000274e-01,1.411370000000000124e-01,-4.224950000000000094e-01,1.135580000000000062e-01,1.359350000000000003e-01
-3.507509999999999795e-01,-2.030889999999999918e-01,3.251729999999999898e-01,2.112080000000000068e-01,1.000000000000000000e+00,4.603200000000000069e-01,7.414709999999999912e-01,3.388419999999999765e-01,7.381499999999999728e-01,3.160589999999999788e-01,6.144349999999999534e-01,3.834200000000000108e-02,7.528329999999999744e-01,6.044220000000000148e-01,-1.588779999999999915e-01,-2.970700000000000077e-02,9.500699999999999423e-02,-1.753599999999999950e-02,3.495429999999999926e-01,1.318209999999999937e-01,-2.429489999999999983e-01,-1.125150000000000039e-01,1.606049999999999978e-01,-2.298429999999999918e-01,-2.181869999999999921e-01,-3.822789999999999799e-01,2.316239999999999966e-01,3.914719999999999867e-01,3.438060000000000005e-01,4.781509999999999927e-01,1.344559999999999922e-01,3.402979999999999894e-01,2.324299999999999977e-02,1.546710000000000029e-01,1.709759999999999891e-01,1.129759999999999931e-01,2.457699999999999885e-01,-1.945159999999999945e-01,-6.362299999999999900e-02,-7.852499999999999758e-02,-1.027499999999999941e-01,1.219459999999999988e-01,1.099279999999999979e-01,1.340379999999999905e-01,-2.017700000000000049e-01,-4.014900000000000135e-01,-2.200439999999999896e-01,6.124399999999999983e-02,3.070499999999999896e-01,2.605919999999999903e-01,-6.132200000000000151e-02,2.013570000000000082e-01,1.774399999999999866e-01,1.626660000000000050e-01,3.159700000000000009e-02,2.369100000000000095e-01,-6.082599999999999812e-02,8.924100000000000088e-02,1.505640000000000034e-01,-1.326019999999999976e-01,-4.122199999999999753e-01,-2.040399999999999853e-02,-2.082330000000000014e-01,1.357750000000000068e-01,-2.937899999999999956e-01,-2.171549999999999869e-01,-2.880309999999999815e-01,5.994900000000000229e-02,-2.307160000000000044e-01,-2.273739999999999928e-01,-2.397410000000000097e-01,-6.978299999999999781e-02,-4.403900000000000176e-02,-2.988430000000000253e-01,-6.400799999999999546e-02,-2.261330000000000007e-01
-3.555019999999999847e-01,-1.415579999999999894e-01,7.670940000000000536e-01,-2.128579999999999917e-01,4.603200000000000069e-01,1.000000000000000000e+00,1.963350000000000095e-01,6.304049999999999931e-01,6.245150000000000423e-01,2.063750000000000029e-01,2.235540000000000027e-01,7.458800000000000152e-02,4.820800000000000085e-01,-3.720000000000000216e-03,1.470220000000000138e-01,-1.331890000000000018e-01,-8.496099999999999486e-02,-6.220900000000000041e-02,5.342390000000000194e-01,5.231660000000000199e-01,1.605040000000000078e-01,1.956759999999999888e-01,7.543229999999999658e-01,-8.455000000000000016e-02,-1.642230000000000079e-01,-2.145759999999999890e-01,7.707330000000000014e-01,1.711340000000000083e-01,6.762340000000000018e-01,1.948739999999999917e-01,-1.535940000000000083e-01,2.129469999999999974e-01,-2.327410000000000034e-01,-1.828430000000000055e-01,-5.596700000000000286e-02,-2.516010000000000191e-01,-4.251599999999999824e-02,-1.197970000000000007e-01,-1.891130000000000033e-01,-3.528140000000000165e-01,-4.102299999999999836e-01,-2.352549999999999919e-01,1.486740000000000006e-01,-1.900169999999999915e-01,-3.511199999999999877e-01,-4.331729999999999747e-01,-8.563300000000000078e-02,5.576400000000000245e-01,-1.409150000000000125e-01,-2.410999999999999949e-02,6.275060000000000082e-01,-5.021400000000000169e-02,5.966479999999999562e-01,4.071400000000000019e-01,1.198410000000000031e-01,1.920749999999999957e-01,1.003970000000000001e-01,6.242099999999999732e-02,-2.061330000000000107e-01,2.271569999999999978e-01,-1.751880000000000104e-01,2.004390000000000061e-01,-5.741999999999999708e-03,4.611430000000000251e-01,1.920630000000000115e-01,7.607700000000000573e-02,8.978999999999999482e-02,6.259099999999999664e-01,-4.794199999999999851e-02,-6.528899999999999981e-02,-1.471280000000000088e-01,5.137220000000000120e-01,-1.684609999999999996e-01,2.978000000000000091e-01,-8.867300000000000182e-02,-2.346080000000000110e-01
-4.893600000000000033e-02,1.545009999999999994e-01,1.048629999999999979e-01,4.489099999999999757e-01,7.414709999999999912e-01,1.963350000000000095e-01,1.000000000000000000e+00,-1.732699999999999865e-02,5.347279999999999811e-01,3.520289999999999808e-01,5.203860000000000152e-01,1.534780000000000033e-01,7.672999999999999821e-01,4.160739999999999994e-01,-1.937939999999999940e-01,1.410409999999999997e-01,2.980470000000000064e-01,1.163730000000000042e-01,2.253979999999999873e-01,5.534999999999999989e-03,-1.910409999999999886e-01,-6.829799999999999760e-02,-1.005380000000000024e-01,-8.938300000000000411e-02,2.609600000000000114e-02,-1.099709999999999993e-01,-1.659700000000000064e-02,2.104139999999999899e-01,2.585549999999999793e-01,3.727509999999999990e-01,2.580089999999999884e-01,1.836280000000000134e-01,6.287800000000000333e-02,2.219250000000000111e-01,1.203140000000000043e-01,4.462479999999999780e-01,3.850089999999999901e-01,-7.248899999999999788e-02,2.587700000000000070e-02,-1.675599999999999867e-01,-8.905499999999999527e-02,8.801200000000000689e-02,2.720999999999999894e-03,2.721279999999999810e-01,9.600300000000000500e-02,-2.742680000000000118e-01,-2.792599999999999943e-02,-1.172580000000000011e-01,1.664990000000000081e-01,1.644019999999999926e-01,-2.836819999999999897e-01,1.903559999999999974e-01,-7.584000000000000463e-02,-8.496900000000000286e-02,-1.767699999999999827e-02,1.808720000000000050e-01,8.620400000000000285e-02,4.887600000000000278e-02,3.023210000000000064e-01,-1.036330000000000029e-01,-2.476629999999999943e-01,-7.265099999999999336e-02,-1.696979999999999877e-01,-3.534199999999999842e-02,-3.348470000000000057e-01,-2.195360000000000089e-01,-2.330649999999999944e-01,-1.944500000000000117e-01,-1.636070000000000024e-01,-6.261899999999999411e-02,-4.350300000000000000e-02,-1.996400000000000119e-01,2.945100000000000148e-02,-3.917999999999999816e-01,-1.341360000000000052e-01,-1.105489999999999945e-01
-4.242310000000000247e-01,-3.565539999999999821e-01,5.882060000000000066e-01,-1.447200000000000049e-02,3.388419999999999765e-01,6.304049999999999931e-01,-1.732699999999999865e-02,1.000000000000000000e+00,3.732289999999999774e-01,-1.902200000000000071e-02,3.416879999999999917e-01,3.631600000000000106e-02,2.683579999999999854e-01,2.503580000000000250e-01,6.477900000000000325e-02,-1.976130000000000109e-01,-2.272220000000000073e-01,-2.105180000000000107e-01,4.240070000000000228e-01,2.717479999999999896e-01,1.953360000000000096e-01,7.022599999999999676e-02,6.521439999999999459e-01,-1.727080000000000004e-01,-4.318029999999999924e-01,-2.021040000000000059e-01,4.197310000000000207e-01,2.191230000000000122e-01,3.612150000000000083e-01,1.987980000000000025e-01,-1.919820000000000138e-01,3.535840000000000094e-01,-3.060950000000000060e-01,-1.304470000000000074e-01,1.246629999999999960e-01,-2.305780000000000052e-01,7.466399999999999426e-02,-3.005729999999999791e-01,-3.975700000000000067e-02,-9.921000000000000651e-02,-3.047949999999999826e-01,-1.336209999999999898e-01,1.734779999999999933e-01,-1.604039999999999910e-01,-4.978960000000000052e-01,-3.934960000000000124e-01,-3.350509999999999877e-01,5.166039999999999521e-01,1.883549999999999947e-01,3.123279999999999945e-01,5.170500000000000096e-01,1.415659999999999974e-01,7.339360000000000328e-01,4.068240000000000189e-01,3.723300000000000221e-02,3.725820000000000243e-01,6.706600000000000061e-02,7.041500000000000536e-02,3.373299999999999910e-02,1.421000000000000041e-02,-3.846530000000000227e-01,8.636800000000000033e-02,-1.166810000000000069e-01,3.581909999999999816e-01,8.886900000000000355e-02,2.100819999999999910e-01,-8.119600000000000428e-02,5.678440000000000154e-01,-1.316950000000000065e-01,-2.471170000000000033e-01,-2.283969999999999889e-01,2.929249999999999909e-01,-1.188349999999999962e-01,1.976970000000000116e-01,8.093599999999999406e-02,-3.721940000000000248e-01
-4.198930000000000162e-01,-1.607580000000000120e-01,5.940229999999999677e-01,1.587490000000000012e-01,7.381499999999999728e-01,6.245150000000000423e-01,5.347279999999999811e-01,3.732289999999999774e-01,1.000000000000000000e+00,1.510519999999999918e-01,5.991290000000000227e-01,4.377999999999999947e-03,6.108390000000000208e-01,2.079679999999999862e-01,-1.096960000000000018e-01,-6.763700000000000268e-02,9.342399999999999316e-02,-1.758399999999999894e-02,6.172250000000000236e-01,7.367700000000000637e-02,-1.448689999999999978e-01,-7.155100000000000349e-02,3.013370000000000215e-01,-2.055279999999999885e-01,-2.846130000000000049e-01,-2.198529999999999929e-01,3.199219999999999842e-01,1.300129999999999897e-01,2.223350000000000048e-01,1.887010000000000076e-01,2.885800000000000171e-02,2.965099999999999958e-01,-1.433190000000000019e-01,1.486220000000000041e-01,1.698939999999999895e-01,1.904499999999999943e-02,1.899619999999999920e-01,-8.271000000000000574e-02,-1.286349999999999993e-01,-1.318169999999999897e-01,-2.413510000000000100e-01,-1.017170000000000019e-01,8.340999999999999803e-02,8.687999999999999542e-03,-1.206529999999999964e-01,-3.200999999999999956e-01,-1.010489999999999999e-01,2.928990000000000204e-01,1.203329999999999955e-01,2.910579999999999834e-01,1.711390000000000133e-01,2.726239999999999775e-01,2.172620000000000107e-01,4.205550000000000122e-01,2.370900000000000091e-02,3.529089999999999727e-01,1.173860000000000042e-01,7.210199999999999942e-02,-2.303499999999999992e-02,-1.362939999999999985e-01,-2.962130000000000041e-01,1.217379999999999990e-01,-5.222399999999999959e-02,3.614559999999999995e-01,-1.637119999999999964e-01,-1.519030000000000102e-01,-1.635590000000000099e-01,1.327139999999999986e-01,-1.155219999999999997e-01,-8.450499999999999678e-02,-1.258130000000000082e-01,2.885300000000000017e-02,-7.409200000000000508e-02,-8.770699999999999330e-02,-5.117200000000000221e-02,-2.131550000000000111e-01
6.012100000000000083e-02,2.069769999999999943e-01,1.077059999999999962e-01,1.982430000000000025e-01,3.160589999999999788e-01,2.063750000000000029e-01,3.520289999999999808e-01,-1.902200000000000071e-02,1.510519999999999918e-01,1.000000000000000000e+00,8.960200000000000109e-02,5.981499999999999595e-01,3.802139999999999964e-01,2.302230000000000110e-01,-4.764700000000000185e-02,3.293299999999999700e-02,4.126259999999999928e-01,1.848339999999999983e-01,-7.310999999999999791e-03,1.406260000000000010e-01,-1.496399999999999952e-01,1.577979999999999938e-01,3.209100000000000147e-02,4.591199999999999726e-01,4.381630000000000247e-01,1.765309999999999935e-01,1.264979999999999993e-01,1.857389999999999874e-01,2.000180000000000013e-01,4.383460000000000134e-01,1.605379999999999863e-01,2.108960000000000001e-01,2.265729999999999966e-01,-1.245030000000000026e-01,-1.640479999999999994e-01,1.560340000000000060e-01,5.568200000000000233e-02,-2.112650000000000083e-01,3.410599999999999743e-02,5.060400000000000315e-02,-1.805859999999999965e-01,-2.189889999999999892e-01,2.736319999999999864e-01,1.127780000000000032e-01,-1.189869999999999955e-01,-6.329799999999999316e-02,2.257210000000000050e-01,-5.559499999999999859e-02,-1.915999999999999995e-02,-2.930019999999999847e-01,5.407000000000000348e-03,-1.752779999999999894e-01,6.181999999999999995e-03,-1.653699999999999892e-01,6.677729999999999499e-01,-5.282599999999999796e-02,3.251040000000000041e-01,-3.522000000000000131e-02,-1.700109999999999955e-01,1.276639999999999997e-01,4.686900000000000094e-02,5.012750000000000261e-01,2.192570000000000074e-01,-2.974299999999999861e-02,-4.458999999999999769e-02,-7.580499999999999738e-02,9.452299999999999591e-02,-4.507599999999999801e-02,4.933540000000000147e-01,3.153639999999999777e-01,3.074700000000000211e-01,6.937899999999999623e-02,-3.453699999999999826e-02,-8.757700000000000207e-02,1.289520000000000111e-01,1.121140000000000053e-01
-2.160710000000000131e-01,-2.400000000000000050e-02,3.783480000000000176e-01,2.943939999999999890e-01,6.144349999999999534e-01,2.235540000000000027e-01,5.203860000000000152e-01,3.416879999999999917e-01,5.991290000000000227e-01,8.960200000000000109e-02,1.000000000000000000e+00,2.288000000000000103e-02,5.246370000000000200e-01,5.241529999999999800e-01,-2.823129999999999806e-01,1.227270000000000028e-01,-4.747099999999999931e-02,-6.814099999999999324e-02,4.628550000000000164e-01,-1.984680000000000055e-01,-2.843129999999999824e-01,-4.179200000000000276e-02,-6.814199999999999424e-02,-3.332200000000000162e-01,-1.986620000000000053e-01,-2.847230000000000039e-01,-1.373260000000000036e-01,3.585369999999999946e-01,1.023840000000000028e-01,3.003000000000000114e-01,1.243220000000000020e-01,2.904700000000000060e-01,-7.496500000000000385e-02,2.227159999999999973e-01,2.153629999999999989e-01,2.200390000000000124e-01,3.642759999999999887e-01,-1.281410000000000049e-01,-6.601700000000000623e-02,-4.349999999999999700e-03,-4.252700000000000230e-02,8.690100000000000602e-02,3.358900000000000080e-02,6.367599999999999649e-02,-1.820150000000000101e-01,-3.105049999999999755e-01,-2.734090000000000131e-01,2.419630000000000114e-01,3.204350000000000254e-01,5.685580000000000078e-01,-1.585739999999999927e-01,3.289839999999999987e-01,4.707499999999999879e-02,2.605190000000000006e-01,-7.472000000000000343e-03,7.476639999999999953e-01,-9.854999999999999871e-02,-3.115000000000000061e-02,1.454000000000000015e-01,-3.142499999999999738e-01,-3.831879999999999731e-01,-3.933999999999999997e-03,-1.661330000000000029e-01,2.259869999999999934e-01,-4.433190000000000186e-01,-2.235739999999999950e-01,-4.215940000000000243e-01,-1.777179999999999871e-01,-3.502390000000000225e-01,-9.649399999999999644e-02,-2.485199999999999909e-01,-3.488629999999999787e-01,-7.124300000000000077e-02,-3.711670000000000247e-01,-2.948699999999999932e-02,-3.241020000000000012e-01
1.188739999999999936e-01,2.258149999999999880e-01,5.136899999999999800e-02,1.043219999999999981e-01,3.834200000000000108e-02,7.458800000000000152e-02,1.534780000000000033e-01,3.631600000000000106e-02,4.377999999999999947e-03,5.981499999999999595e-01,2.288000000000000103e-02,1.000000000000000000e+00,2.598190000000000222e-01,2.010879999999999890e-01,-1.327959999999999974e-01,5.985300000000000342e-02,-2.374899999999999928e-02,-7.495000000000000273e-02,7.190000000000000210e-03,-4.791299999999999726e-02,-5.402099999999999957e-02,-2.867999999999999890e-03,-2.557800000000000004e-02,5.298070000000000279e-01,4.017999999999999905e-01,1.977349999999999941e-01,6.917000000000000405e-03,-1.038089999999999985e-01,1.057150000000000034e-01,1.773240000000000094e-01,-2.427590000000000026e-01,-1.613269999999999982e-01,-1.593870000000000009e-01,-4.267589999999999995e-01,-3.809460000000000068e-01,1.335060000000000136e-01,7.427200000000000468e-02,-2.112650000000000083e-01,-6.275300000000000322e-02,-2.209399999999999975e-01,-3.520969999999999933e-01,-2.965470000000000050e-01,1.280799999999999994e-01,-1.548970000000000069e-01,-1.532759999999999956e-01,-7.444399999999999629e-02,1.252449999999999952e-01,1.361239999999999950e-01,-5.360399999999999887e-02,-1.410929999999999962e-01,1.735750000000000071e-01,-1.608850000000000002e-01,-7.501499999999999835e-02,-2.227600000000000066e-02,7.047609999999999708e-01,-9.010500000000000453e-02,7.215489999999999959e-01,1.993890000000000107e-01,-1.037399999999999954e-02,3.833299999999999902e-02,-2.599299999999999874e-02,4.448900000000000077e-01,3.416250000000000120e-01,-1.359999999999999989e-04,7.764400000000000468e-02,-1.319000000000000034e-02,1.185319999999999985e-01,7.716900000000000148e-02,4.869530000000000247e-01,4.894450000000000189e-01,4.109789999999999832e-01,1.801780000000000048e-01,-1.010120000000000046e-01,9.668000000000000205e-02,-7.836899999999999422e-02,-2.534179999999999766e-01
-1.415659999999999974e-01,1.083889999999999992e-01,2.567800000000000082e-01,2.240640000000000132e-01,7.528329999999999744e-01,4.820800000000000085e-01,7.672999999999999821e-01,2.683579999999999854e-01,6.108390000000000208e-01,3.802139999999999964e-01,5.246370000000000200e-01,2.598190000000000222e-01,1.000000000000000000e+00,3.847720000000000029e-01,-1.503559999999999897e-01,2.292220000000000091e-01,2.102130000000000110e-01,1.424670000000000103e-01,2.822560000000000069e-01,2.098770000000000080e-01,-1.233599999999999974e-01,9.696399999999999464e-02,1.581859999999999933e-01,-4.958100000000000007e-02,1.853399999999999839e-02,-2.268050000000000066e-01,2.079670000000000130e-01,4.140079999999999871e-01,5.696320000000000272e-01,4.143020000000000036e-01,2.296590000000000020e-01,3.247189999999999799e-01,-2.075770000000000115e-01,-1.147000000000000016e-03,1.149590000000000056e-01,1.574750000000000039e-01,2.919729999999999825e-01,-6.010399999999999771e-02,-9.329000000000000486e-03,-3.406179999999999763e-01,-2.621700000000000141e-01,-5.419999999999999818e-02,8.975800000000000445e-02,1.085799999999999960e-02,-1.100310000000000038e-01,-2.726790000000000047e-01,-1.158069999999999933e-01,5.029700000000000143e-02,1.723109999999999919e-01,1.964210000000000123e-01,-2.139599999999999835e-02,1.690049999999999886e-01,1.514490000000000003e-01,6.743399999999999395e-02,1.468959999999999988e-01,2.116730000000000000e-01,1.370820000000000094e-01,2.529399999999999982e-01,1.739120000000000110e-01,-7.578200000000000214e-02,-2.248729999999999896e-01,1.132589999999999986e-01,3.090000000000000038e-02,9.108700000000000130e-02,-2.201970000000000038e-01,-1.043099999999999999e-01,-1.765069999999999972e-01,4.964999999999999969e-02,-1.214060000000000000e-01,-2.598000000000000049e-03,-7.157099999999999573e-02,-3.000500000000000042e-02,5.182699999999999807e-02,-1.512229999999999963e-01,-9.664200000000000568e-02,-2.011600000000000055e-01
7.888799999999999979e-02,-1.328539999999999999e-01,-4.008300000000000057e-02,3.328650000000000220e-01,6.044220000000000148e-01,-3.720000000000000216e-03,4.160739999999999994e-01,2.503580000000000250e-01,2.079679999999999862e-01,2.302230000000000110e-01,5.241529999999999800e-01,2.010879999999999890e-01,3.847720000000000029e-01,1.000000000000000000e+00,-4.392719999999999958e-01,-9.518699999999999384e-02,-1.566919999999999980e-01,-2.449719999999999953e-01,-1.573199999999999946e-02,-2.163440000000000085e-01,-2.098029999999999895e-01,-2.416480000000000017e-01,-2.304249999999999909e-01,-4.040200000000000041e-02,-1.217089999999999977e-01,-2.686270000000000047e-01,-2.003359999999999863e-01,4.286479999999999735e-01,1.313199999999999958e-02,5.245830000000000215e-01,-6.105000000000000183e-03,4.443799999999999834e-02,2.192209999999999992e-01,5.756999999999999965e-03,-5.931000000000000161e-02,2.481589999999999907e-01,3.780660000000000132e-01,-2.119399999999999895e-01,-1.274510000000000087e-01,2.093530000000000113e-01,1.143040000000000028e-01,2.574540000000000162e-01,1.642409999999999981e-01,1.662949999999999984e-01,-2.786549999999999860e-01,-1.413089999999999902e-01,-2.214669999999999972e-01,-6.318500000000000505e-02,5.749940000000000051e-01,2.721919999999999895e-01,-2.499129999999999963e-01,1.254810000000000092e-01,-1.708659999999999901e-01,2.089000000000000145e-03,1.249799999999999939e-01,1.700460000000000027e-01,-2.034999999999999917e-03,7.965899999999999370e-02,2.134979999999999933e-01,-3.180729999999999946e-01,-2.612550000000000150e-01,2.838800000000000004e-02,-8.675099999999999478e-02,-1.880840000000000012e-01,-2.858209999999999917e-01,-1.142029999999999990e-01,-2.560029999999999806e-01,-1.185210000000000014e-01,-1.331549999999999956e-01,1.353000000000000036e-03,-3.464799999999999824e-02,-2.377529999999999921e-01,-2.165600000000000164e-02,-3.361080000000000179e-01,1.533889999999999976e-01,-1.624180000000000068e-01
-1.250000000000000026e-04,1.338709999999999900e-01,2.609310000000000240e-01,-2.298530000000000018e-01,-1.588779999999999915e-01,1.470220000000000138e-01,-1.937939999999999940e-01,6.477900000000000325e-02,-1.096960000000000018e-01,-4.764700000000000185e-02,-2.823129999999999806e-01,-1.327959999999999974e-01,-1.503559999999999897e-01,-4.392719999999999958e-01,1.000000000000000000e+00,1.523269999999999902e-01,9.661300000000000443e-02,2.051850000000000063e-01,2.495970000000000133e-01,5.954350000000000476e-01,5.442379999999999995e-01,5.107230000000000381e-01,5.276819999999999844e-01,-1.960299999999999890e-02,1.248039999999999983e-01,3.002279999999999949e-01,4.906920000000000170e-01,7.204099999999999393e-02,2.357450000000000101e-01,-5.999999999999999778e-02,3.711600000000000316e-02,1.275159999999999905e-01,-1.781010000000000093e-01,4.845399999999999707e-02,-2.314499999999999891e-02,-4.563500000000000195e-02,-1.396080000000000099e-01,1.165209999999999996e-01,2.139939999999999898e-01,-2.316400000000000126e-01,2.697000000000000092e-02,-2.689039999999999764e-01,1.941980000000000095e-01,2.002999999999999919e-02,1.178219999999999962e-01,7.492600000000000648e-02,2.022549999999999903e-01,2.586260000000000225e-01,-4.254760000000000209e-01,-4.503000000000000058e-02,3.020519999999999872e-01,-9.495800000000000074e-02,4.543320000000000136e-01,9.919500000000000539e-02,-1.846490000000000076e-01,-4.131599999999999856e-02,-1.682059999999999944e-01,7.793300000000000227e-02,1.380460000000000020e-01,8.471229999999999594e-01,1.777229999999999921e-01,-3.036300000000000110e-02,-7.532700000000000506e-02,3.473459999999999881e-01,4.667609999999999815e-01,4.754869999999999930e-01,4.113950000000000107e-01,4.019670000000000187e-01,-2.659200000000000105e-02,-3.995200000000000140e-02,9.725399999999999323e-02,4.623970000000000025e-01,1.756050000000000111e-01,3.596940000000000137e-01,2.291400000000000034e-02,1.036620000000000041e-01
1.669710000000000083e-01,5.252250000000000529e-01,-2.912520000000000109e-01,2.553400000000000114e-02,-2.970700000000000077e-02,-1.331890000000000018e-01,1.410409999999999997e-01,-1.976130000000000109e-01,-6.763700000000000268e-02,3.293299999999999700e-02,1.227270000000000028e-01,5.985300000000000342e-02,2.292220000000000091e-01,-9.518699999999999384e-02,1.523269999999999902e-01,1.000000000000000000e+00,1.000729999999999953e-01,7.137620000000000076e-01,-2.209240000000000093e-01,6.478299999999999337e-02,-7.640600000000000169e-02,5.190749999999999531e-01,-2.431800000000000073e-01,-3.772600000000000259e-02,4.905660000000000021e-01,1.181450000000000000e-01,-8.731600000000000472e-02,2.439500000000000002e-01,1.638380000000000114e-01,1.887860000000000094e-01,6.504969999999999919e-01,2.348909999999999887e-01,-8.798200000000000465e-02,3.699819999999999776e-01,1.692690000000000028e-01,3.004220000000000224e-01,4.711130000000000040e-01,2.036499999999999977e-01,3.046420000000000239e-01,3.694999999999999674e-02,1.866559999999999886e-01,-5.316599999999999798e-02,1.067410000000000025e-01,3.825599999999999834e-02,3.414159999999999973e-01,2.873319999999999763e-01,5.756399999999999711e-02,-2.762930000000000108e-01,-6.455299999999999927e-02,9.353000000000000203e-03,-3.601469999999999949e-01,2.696799999999999892e-02,-1.901670000000000027e-01,-3.617199999999999860e-01,-6.312900000000000456e-02,1.497259999999999980e-01,-1.916999999999999954e-02,5.925899999999999918e-02,7.603300000000000336e-02,1.790299999999999878e-02,2.664710000000000134e-01,1.172519999999999951e-01,3.612239999999999895e-01,-2.714480000000000226e-01,-6.689900000000000013e-02,-5.494000000000000272e-02,-4.735999999999999932e-02,-3.277379999999999738e-01,-7.971100000000000407e-02,1.382710000000000050e-01,8.231199999999999628e-02,-2.873279999999999723e-01,1.972659999999999969e-01,-1.597439999999999971e-01,3.592399999999999760e-02,8.432900000000000118e-02
7.671600000000000641e-02,1.416070000000000106e-01,-4.786300000000000276e-02,3.961210000000000009e-01,9.500699999999999423e-02,-8.496099999999999486e-02,2.980470000000000064e-01,-2.272220000000000073e-01,9.342399999999999316e-02,4.126259999999999928e-01,-4.747099999999999931e-02,-2.374899999999999928e-02,2.102130000000000110e-01,-1.566919999999999980e-01,9.661300000000000443e-02,1.000729999999999953e-01,1.000000000000000000e+00,4.326889999999999903e-01,1.078199999999999992e-02,1.275300000000000045e-02,8.347400000000000653e-02,4.511799999999999838e-02,-5.931899999999999673e-02,2.249609999999999943e-01,1.900449999999999917e-01,2.781420000000000003e-01,-3.881600000000000328e-02,-3.527000000000000274e-02,-8.588000000000000148e-03,1.220180000000000015e-01,4.253669999999999951e-01,4.139939999999999731e-01,2.835550000000000015e-01,3.992430000000000145e-01,3.582890000000000241e-01,7.915300000000000114e-02,6.570499999999999952e-02,5.306999999999999912e-02,2.237059999999999882e-01,9.772300000000000431e-02,1.242719999999999936e-01,-9.677299999999999791e-02,-3.949600000000000333e-02,2.897529999999999828e-01,2.427729999999999888e-01,1.873470000000000135e-01,2.413059999999999927e-01,-2.256360000000000032e-01,5.479999999999999628e-03,-1.395119999999999971e-01,-1.941910000000000025e-01,1.450000000000000074e-02,-4.797699999999999881e-02,-1.507950000000000124e-01,7.862900000000000444e-02,-1.265199999999999936e-01,1.152930000000000066e-01,-1.394239999999999924e-01,-1.761800000000000171e-02,1.256510000000000127e-01,2.773070000000000257e-01,1.309450000000000058e-01,1.234380000000000061e-01,-4.340200000000000308e-02,-1.073709999999999942e-01,1.490630000000000011e-01,1.020350000000000007e-01,-2.073689999999999978e-01,2.480569999999999997e-01,1.306990000000000096e-01,1.867590000000000083e-01,-6.094200000000000311e-02,1.461069999999999869e-01,-1.245600000000000041e-01,2.222470000000000001e-01,4.523829999999999796e-01
3.763600000000000279e-02,3.988289999999999891e-01,-2.428180000000000061e-01,1.237619999999999970e-01,-1.753599999999999950e-02,-6.220900000000000041e-02,1.163730000000000042e-01,-2.105180000000000107e-01,-1.758399999999999894e-02,1.848339999999999983e-01,-6.814099999999999324e-02,-7.495000000000000273e-02,1.424670000000000103e-01,-2.449719999999999953e-01,2.051850000000000063e-01,7.137620000000000076e-01,4.326889999999999903e-01,1.000000000000000000e+00,-2.514910000000000201e-01,1.470170000000000088e-01,-1.320099999999999919e-02,4.336670000000000247e-01,-1.075300000000000006e-01,7.354600000000000026e-02,4.721230000000000149e-01,1.842350000000000099e-01,5.204399999999999998e-02,4.246199999999999974e-02,9.226900000000000379e-02,2.312470000000000081e-01,6.182330000000000325e-01,4.057879999999999820e-01,2.340490000000000070e-01,5.149390000000000356e-01,3.405799999999999939e-01,1.812139999999999862e-01,3.081940000000000235e-01,4.324599999999999972e-02,3.187320000000000153e-01,1.600999999999999923e-01,2.295270000000000088e-01,-3.465800000000000131e-02,1.344009999999999927e-01,1.607020000000000115e-01,3.244389999999999774e-01,2.019660000000000066e-01,1.707539999999999891e-01,-3.857110000000000261e-01,-1.890590000000000048e-01,-2.214150000000000007e-01,-2.902390000000000247e-01,-1.632629999999999915e-01,-9.301900000000000446e-02,-4.095329999999999804e-01,-4.589100000000000124e-02,-1.103269999999999945e-01,-6.868599999999999706e-02,-1.553200000000000136e-01,-3.548599999999999671e-02,1.436749999999999972e-01,2.851489999999999858e-01,1.247759999999999980e-01,2.280099999999999905e-01,-2.875770000000000270e-01,-2.837800000000000045e-02,-1.073200000000000022e-02,1.888799999999999854e-02,-2.364960000000000118e-01,7.656399999999999317e-02,-2.614500000000000157e-02,1.003470000000000056e-01,-1.347460000000000047e-01,1.032010000000000011e-01,-1.472179999999999878e-01,1.522759999999999947e-01,2.781299999999999883e-01
-2.052970000000000073e-01,-1.471880000000000133e-01,8.512340000000000462e-01,3.088000000000000033e-03,3.495429999999999926e-01,5.342390000000000194e-01,2.253979999999999873e-01,4.240070000000000228e-01,6.172250000000000236e-01,-7.310999999999999791e-03,4.628550000000000164e-01,7.190000000000000210e-03,2.822560000000000069e-01,-1.573199999999999946e-02,2.495970000000000133e-01,-2.209240000000000093e-01,1.078199999999999992e-02,-2.514910000000000201e-01,1.000000000000000000e+00,1.921990000000000087e-01,2.052549999999999930e-01,-6.921000000000000069e-03,5.742099999999999982e-01,-6.033299999999999774e-02,-2.560450000000000226e-01,1.038319999999999937e-01,4.094670000000000254e-01,9.722899999999999598e-02,2.070410000000000028e-01,-4.184500000000000025e-02,-2.238759999999999917e-01,6.552099999999999591e-02,-2.105190000000000117e-01,-3.764300000000000285e-02,5.823000000000000051e-03,-5.059400000000000008e-02,-1.198940000000000006e-01,6.903499999999999914e-02,-3.018810000000000104e-01,-3.629370000000000096e-01,-2.138539999999999885e-01,-2.208920000000000050e-01,1.478569999999999884e-01,2.308500000000000135e-02,-1.090560000000000002e-01,-3.175310000000000077e-01,-1.038099999999999960e-02,7.611379999999999812e-01,-1.661160000000000136e-01,3.506389999999999785e-01,5.516940000000000177e-01,1.397400000000000031e-01,4.828029999999999822e-01,7.283279999999999754e-01,-1.368179999999999952e-01,4.103829999999999978e-01,8.459099999999999953e-02,1.748230000000000062e-01,1.364339999999999997e-01,2.962350000000000261e-01,-1.583029999999999993e-01,-5.742900000000000088e-02,-1.954120000000000024e-01,8.646049999999999569e-01,1.664760000000000129e-01,1.629619999999999957e-01,1.707569999999999921e-01,4.610020000000000229e-01,-1.176989999999999981e-01,-5.262800000000000117e-02,2.206999999999999934e-02,3.624399999999999844e-01,-4.414099999999999968e-02,2.475370000000000070e-01,-6.111500000000000266e-02,-1.907159999999999966e-01
-5.361999999999999579e-03,4.806699999999999862e-02,3.673629999999999951e-01,-3.340469999999999828e-01,1.318209999999999937e-01,5.231660000000000199e-01,5.534999999999999989e-03,2.717479999999999896e-01,7.367700000000000637e-02,1.406260000000000010e-01,-1.984680000000000055e-01,-4.791299999999999726e-02,2.098770000000000080e-01,-2.163440000000000085e-01,5.954350000000000476e-01,6.478299999999999337e-02,1.275300000000000045e-02,1.470170000000000088e-01,1.921990000000000087e-01,1.000000000000000000e+00,3.844569999999999932e-01,6.335680000000000200e-01,6.659819999999999629e-01,7.283100000000000684e-02,1.479119999999999879e-01,6.579999999999999478e-04,7.558770000000000211e-01,3.099720000000000253e-01,7.147540000000000004e-01,2.501650000000000262e-01,-9.849000000000000116e-03,1.418560000000000099e-01,-7.971200000000000507e-02,-2.314710000000000101e-01,-2.356300000000000061e-01,-4.283599999999999908e-02,-6.652700000000000280e-02,9.457899999999999641e-02,9.299499999999999433e-02,-3.837130000000000263e-01,-2.466430000000000011e-01,-1.983810000000000018e-01,2.329060000000000019e-01,2.661499999999999977e-02,-2.017740000000000089e-01,-1.615459999999999952e-01,1.125339999999999951e-01,2.706500000000000017e-01,-2.391490000000000005e-01,-2.462310000000000054e-01,4.358360000000000012e-01,-2.033490000000000020e-01,6.140520000000000422e-01,5.658200000000000035e-02,-5.105099999999999916e-02,-8.605300000000000449e-02,-1.273060000000000025e-01,1.251529999999999865e-01,-4.695499999999999674e-02,5.902020000000000044e-01,1.052099999999999980e-01,8.668099999999999417e-02,-1.352199999999999930e-02,2.757910000000000084e-01,5.008660000000000334e-01,2.596660000000000079e-01,3.790290000000000048e-01,5.615360000000000351e-01,-2.934900000000000009e-02,-5.563300000000000189e-02,-6.551700000000000579e-02,5.564519999999999467e-01,1.031610000000000027e-01,3.941399999999999904e-01,1.120900000000000021e-02,4.251900000000000124e-02
