1.000000000000000000e+00,-1.523460000000000092e-01,-2.448990000000000056e-01,-3.009569999999999745e-01,-1.752300000000000038e-02,-3.219239999999999879e-01,-1.554500000000000048e-01,-3.147599999999999704e-02,-2.135229999999999906e-01,-1.397809999999999886e-01,-2.050990000000000035e-01,-2.982330000000000259e-01,-1.272119999999999918e-01,2.227800000000000058e-01,2.136959999999999971e-01,4.365939999999999821e-01,2.045339999999999936e-01,8.670200000000000129e-02,-2.110289999999999944e-01,1.279699999999999935e-02,5.210289999999999644e-01,9.070499999999999396e-02,-8.502300000000000135e-02,-1.300159999999999927e-01,2.628249999999999753e-01,8.629199999999999371e-02,-8.200999999999999956e-02,9.242400000000000615e-02,4.702919999999999878e-01,3.797920000000000185e-01,5.853650000000000242e-01,3.702440000000000175e-01,3.724459999999999993e-01,3.139689999999999981e-01,2.052819999999999923e-01,2.040999999999999846e-03,8.696000000000000604e-03,-1.705889999999999906e-01,4.082669999999999910e-01,2.100460000000000105e-01,4.750489999999999990e-01,1.124880000000000047e-01,-9.425200000000000244e-02,6.082900000000000112e-02,-6.471699999999999675e-02,8.818629999999999525e-01,-1.770529999999999882e-01,-9.290800000000000447e-02,-2.087880000000000014e-01,2.273290000000000033e-01,-2.428669999999999995e-01,3.667800000000000227e-02,-4.785500000000000170e-02,-1.513339999999999963e-01,-2.092199999999999963e-02,-1.873579999999999968e-01,-3.116120000000000001e-01,-6.576600000000000501e-02,1.289299999999999995e-02,1.988379999999999870e-01,5.916979999999999462e-01,8.631999999999999396e-02,2.524040000000000172e-01,-1.983080000000000120e-01,-7.256700000000000650e-02,5.423590000000000355e-01,1.758659999999999946e-01,1.382000000000000069e-02,-3.302249999999999908e-01,2.619940000000000047e-01,2.683940000000000214e-01,-9.868799999999999795e-02,9.082199999999999995e-02,4.787859999999999894e-01,3.454809999999999826e-01,7.130400000000000071e-01
-1.523460000000000092e-01,1.000000000000000000e+00,2.507559999999999789e-01,1.088169999999999971e-01,-3.867000000000000298e-02,7.874679999999999458e-01,8.084900000000000420e-02,1.521369999999999945e-01,3.254469999999999863e-01,3.050399999999999778e-01,1.767360000000000042e-01,2.092549999999999966e-01,7.012599999999999945e-01,-2.224909999999999943e-01,1.895219999999999960e-01,3.315150000000000041e-01,5.208329999999999904e-01,6.191550000000000109e-01,3.108670000000000044e-01,3.766920000000000268e-01,9.634399999999999908e-02,4.300919999999999743e-01,3.253449999999999953e-01,1.518549999999999900e-01,6.482809999999999961e-01,7.236259999999999915e-01,5.115420000000000522e-01,4.309120000000000172e-01,1.887320000000000109e-01,1.424839999999999995e-01,2.687799999999999911e-02,-1.295640000000000125e-01,2.533699999999999841e-02,1.329999999999999932e-02,-4.944799999999999890e-02,1.370730000000000004e-01,1.587389999999999912e-01,6.168499999999999678e-02,-2.498779999999999890e-01,8.535299999999999832e-02,-8.956400000000000472e-02,-1.483389999999999986e-01,7.049999999999999323e-02,2.946899999999999867e-02,2.202840000000000076e-01,-3.226829999999999976e-01,5.924869999999999859e-01,2.523509999999999920e-01,7.394199999999999384e-02,-2.869169999999999776e-01,5.344929999999999959e-01,2.392910000000000037e-01,1.400929999999999953e-01,3.721940000000000248e-01,1.724519999999999942e-01,1.258009999999999962e-01,2.384779999999999955e-01,3.577400000000000024e-01,-9.934800000000000575e-02,1.208400000000000030e-01,-2.132699999999999874e-02,1.068329999999999974e-01,2.323989999999999945e-01,2.633300000000000085e-01,4.376470000000000082e-01,-1.883660000000000057e-01,4.158810000000000007e-01,1.826770000000000060e-01,8.668900000000000217e-02,3.030979999999999785e-01,3.173000000000000265e-01,4.299930000000000141e-01,2.466069999999999929e-01,9.644199999999999995e-02,9.017500000000000515e-02,-6.733599999999999308e-02
-2.448990000000000056e-01,2.507559999999999789e-01,1.000000000000000000e+00,-1.018730000000000052e-01,2.990780000000000105e-01,2.793780000000000152e-01,3.034990000000000188e-01,7.617999999999999772e-03,6.830840000000000245e-01,1.710470000000000046e-01,9.100749999999999673e-01,1.300530000000000019e-01,3.301040000000000085e-01,-5.936000000000000165e-01,6.183859999999999912e-01,4.900299999999999795e-02,1.310769999999999991e-01,2.966630000000000100e-01,8.615479999999999805e-01,7.073819999999999553e-01,2.489419999999999966e-01,6.361090000000000355e-01,1.729739999999999889e-01,2.405300000000000146e-02,1.215959999999999958e-01,2.331940000000000124e-01,7.443710000000000049e-01,3.377330000000000054e-01,1.825720000000000121e-01,4.257899999999999879e-02,-1.275500000000000071e-02,-4.443119999999999847e-01,-4.128979999999999873e-01,-2.291539999999999966e-01,-1.965949999999999920e-01,-1.543509999999999882e-01,-8.272599999999999398e-02,-6.562600000000000378e-02,-5.229909999999999837e-01,-4.429119999999999724e-01,-3.824179999999999802e-01,-1.526379999999999959e-01,-1.739680000000000115e-01,-2.422030000000000016e-01,2.749670000000000170e-01,-2.097179999999999878e-01,1.580670000000000130e-01,9.037039999999999518e-01,-4.873000000000000248e-02,-2.589960000000000040e-01,2.186730000000000063e-01,4.434699999999999753e-02,9.365400000000000114e-02,6.619709999999999761e-01,1.593559999999999977e-01,8.515070000000000139e-01,1.866559999999999886e-01,4.675179999999999891e-01,-2.699190000000000200e-01,6.435750000000000082e-01,9.773999999999999702e-03,3.294159999999999866e-01,3.197679999999999967e-01,8.350250000000000172e-01,7.353460000000000552e-01,1.289299999999999891e-01,5.927149999999999919e-01,2.608170000000000210e-01,1.001610000000000000e-01,1.143399999999999972e-01,2.330069999999999919e-01,7.335949999999999971e-01,4.428880000000000039e-01,1.772870000000000001e-01,-2.780300000000000132e-02,9.244000000000000480e-03
-3.009569999999999745e-01,1.088169999999999971e-01,-1.018730000000000052e-01,1.000000000000000000e+00,-3.423740000000000117e-01,4.091899999999999704e-02,-2.413879999999999915e-01,-2.051600000000000090e-01,-2.497030000000000083e-01,3.905800000000000244e-02,-1.533120000000000038e-01,1.595399999999999874e-01,-1.958989999999999898e-01,9.819899999999999463e-02,-5.090900000000000286e-02,9.547600000000000531e-02,-9.432899999999999618e-02,1.103579999999999978e-01,-7.421500000000000319e-02,-1.062020000000000047e-01,-1.334789999999999865e-01,-2.881299999999999834e-02,-1.242339999999999972e-01,7.908500000000000252e-02,1.451679999999999915e-01,-4.742600000000000288e-02,-1.153599999999999938e-02,-6.944899999999999685e-02,8.753999999999999629e-03,-1.058599999999999992e-02,1.304770000000000096e-01,-1.013850000000000029e-01,-2.564339999999999953e-01,1.520340000000000025e-01,2.541930000000000023e-01,-3.978389999999999982e-01,-3.261700000000000155e-01,-1.801049999999999873e-01,-9.852900000000000547e-02,-5.388400000000000134e-02,-1.695339999999999903e-01,2.007660000000000000e-01,-2.590069999999999872e-01,-3.854719999999999813e-01,-1.447519999999999918e-01,-1.857719999999999927e-01,2.813080000000000025e-01,-1.439040000000000041e-01,2.456440000000000012e-01,-4.177779999999999827e-01,9.738199999999999634e-02,-2.859880000000000200e-01,-1.267149999999999943e-01,-2.386040000000000105e-01,1.476669999999999927e-01,-2.618849999999999789e-01,1.484119999999999884e-01,-7.690199999999999814e-02,-1.721930000000000127e-01,-1.429759999999999920e-01,-5.645300000000000318e-02,1.177900000000000058e-01,-2.681700000000000056e-02,-1.481530000000000069e-01,-4.266600000000000253e-02,2.773099999999999871e-02,-7.161999999999999963e-03,-6.257100000000000162e-02,1.857179999999999942e-01,1.317349999999999910e-01,-4.000999999999999696e-02,3.302599999999999980e-02,1.041669999999999957e-01,-2.716999999999999797e-03,-1.915080000000000116e-01,-1.088449999999999973e-01
-1.752300000000000038e-02,-3.867000000000000298e-02,2.990780000000000105e-01,-3.423740000000000117e-01,1.000000000000000000e+00,-5.279199999999999865e-02,7.660460000000000047e-01,-2.440400000000000069e-01,6.539530000000000065e-01,9.390099999999999836e-02,5.055939999999999879e-01,-5.832600000000000284e-02,1.446560000000000068e-01,-2.111699999999999966e-01,3.747500000000000275e-01,1.382869999999999933e-01,4.634200000000000125e-02,2.071689999999999920e-01,1.556539999999999868e-01,4.136480000000000157e-01,1.820209999999999884e-01,3.732509999999999994e-01,-1.750659999999999994e-01,-2.660350000000000215e-01,8.410900000000000321e-02,-1.069220000000000032e-01,3.193690000000000140e-01,1.171350000000000030e-01,2.314509999999999901e-01,-1.299999999999999940e-03,5.292700000000000182e-02,-2.952290000000000192e-01,-2.140239999999999920e-01,-1.152119999999999950e-01,-3.471449999999999814e-01,1.171819999999999945e-01,1.206910000000000066e-01,-1.097300000000000011e-02,-2.181099999999999983e-01,-3.739379999999999926e-01,1.341600000000000084e-02,-2.532399999999999929e-02,-4.298600000000000337e-02,8.957800000000000484e-02,3.451000000000000074e-03,-7.011900000000000077e-02,-6.769899999999999529e-02,2.212739999999999985e-01,-1.974009999999999931e-01,3.469889999999999919e-01,6.216900000000000204e-02,4.795139999999999958e-01,-1.941670000000000063e-01,5.888099999999999445e-01,1.121209999999999984e-01,4.453599999999999781e-01,-6.600799999999999723e-02,3.472210000000000019e-01,8.978400000000000269e-02,4.848270000000000080e-01,2.716819999999999791e-01,2.639960000000000084e-01,4.186830000000000274e-01,7.263999999999999624e-02,4.465959999999999930e-01,1.424650000000000083e-01,4.210690000000000266e-01,-7.510999999999999621e-02,-1.908030000000000004e-01,3.446799999999999864e-02,-1.691199999999999995e-02,3.406540000000000123e-01,1.340649999999999897e-01,2.493620000000000003e-01,-8.878800000000000581e-02,1.402650000000000008e-01
-3.219239999999999879e-01,7.874679999999999458e-01,2.793780000000000152e-01,4.091899999999999704e-02,-5.279199999999999865e-02,1.000000000000000000e+00,-5.058800000000000102e-02,5.298019999999999952e-01,3.818110000000000115e-01,1.110519999999999979e-01,1.862729999999999941e-01,1.736409999999999898e-01,8.010340000000000238e-01,-7.971399999999999320e-02,1.077150000000000052e-01,-8.939999999999999336e-02,2.020210000000000061e-01,3.101769999999999805e-01,3.278349999999999875e-01,3.354590000000000072e-01,-8.156999999999999321e-03,3.180060000000000109e-01,6.733179999999999721e-01,1.859200000000000019e-01,3.575699999999999990e-01,6.593790000000000484e-01,4.766159999999999841e-01,4.110759999999999970e-01,-6.204300000000000093e-02,9.278699999999999448e-02,-2.752229999999999954e-01,-1.197789999999999966e-01,5.636700000000000044e-02,-1.318789999999999962e-01,-1.282200000000000006e-02,1.321759999999999879e-01,5.363999999999999845e-03,3.525899999999999868e-02,-2.193340000000000012e-01,1.003389999999999976e-01,-2.132229999999999959e-01,-1.890860000000000041e-01,8.342199999999999616e-02,-7.914499999999999313e-02,9.175500000000000322e-02,-4.220249999999999835e-01,5.553700000000000303e-01,3.233280000000000043e-01,1.265570000000000028e-01,-1.398659999999999903e-01,7.288249999999999451e-01,1.449759999999999938e-01,5.359300000000000175e-01,4.732700000000000240e-01,-8.554000000000000492e-02,1.937629999999999908e-01,1.917179999999999995e-01,4.625859999999999972e-01,-4.692400000000000043e-02,9.263299999999999312e-02,-3.220549999999999802e-01,-1.534069999999999878e-01,1.361700000000000063e-02,3.279460000000000153e-01,3.971120000000000205e-01,-2.624600000000000266e-01,2.553989999999999871e-01,4.998440000000000105e-01,1.418230000000000046e-01,5.601199999999999929e-02,2.691810000000000036e-01,4.408610000000000029e-01,1.627859999999999863e-01,-1.201580000000000009e-01,5.678400000000000114e-02,-3.109160000000000257e-01
-1.554500000000000048e-01,8.084900000000000420e-02,3.034990000000000188e-01,-2.413879999999999915e-01,7.660460000000000047e-01,-5.058800000000000102e-02,1.000000000000000000e+00,-2.741169999999999995e-01,5.023009999999999975e-01,3.578239999999999754e-01,4.147259999999999835e-01,1.572489999999999999e-01,1.796179999999999999e-01,-3.561940000000000106e-01,2.087330000000000019e-01,1.016029999999999989e-01,1.944589999999999930e-01,2.966900000000000093e-01,2.505890000000000062e-01,3.019819999999999727e-01,3.711600000000000316e-02,2.183509999999999895e-01,-2.981280000000000041e-01,-4.598700000000000010e-02,1.742829999999999935e-01,-4.211000000000000160e-02,1.900769999999999960e-01,1.852239999999999998e-01,7.814899999999999625e-02,1.946099999999999913e-02,8.292000000000000759e-03,-3.410119999999999818e-01,-1.434640000000000082e-01,-2.336189999999999933e-01,-5.606370000000000520e-01,1.889689999999999981e-01,3.740390000000000104e-01,2.191319999999999935e-01,-2.993029999999999857e-01,-3.247860000000000191e-01,-9.562800000000000467e-02,-4.241099999999999731e-02,7.195699999999999319e-02,2.993890000000000162e-01,1.226410000000000000e-01,-2.061300000000000077e-01,-3.594900000000000179e-02,2.061129999999999907e-01,-1.842070000000000096e-01,4.405799999999999994e-02,-2.319500000000000034e-02,4.762060000000000182e-01,-2.929050000000000264e-01,3.927269999999999928e-01,3.392450000000000188e-01,3.141630000000000256e-01,1.338419999999999888e-01,1.289649999999999963e-01,7.688000000000000389e-02,2.544029999999999903e-01,1.330969999999999931e-01,3.223790000000000266e-01,3.726650000000000240e-01,1.640959999999999919e-01,3.345319999999999960e-01,-1.089799999999999935e-01,2.649219999999999908e-01,-2.764690000000000203e-01,5.924200000000000299e-02,1.071339999999999931e-01,3.452899999999999719e-02,1.995810000000000084e-01,1.883610000000000007e-01,5.917200000000000237e-02,-6.125000000000000236e-03,3.422000000000000042e-02
-3.147599999999999704e-02,1.521369999999999945e-01,7.617999999999999772e-03,-2.051600000000000090e-01,-2.440400000000000069e-01,5.298019999999999952e-01,-2.741169999999999995e-01,1.000000000000000000e+00,-5.247899999999999787e-02,-3.023750000000000049e-01,-7.091699999999999393e-02,-1.969799999999999884e-01,3.865810000000000080e-01,2.907279999999999864e-01,-8.189200000000000645e-02,-4.480919999999999903e-01,-9.028100000000000014e-02,-2.970349999999999935e-01,4.633400000000000019e-02,-1.277220000000000022e-01,1.179010000000000058e-01,-1.718780000000000030e-01,8.407090000000000396e-01,5.881299999999999722e-02,-1.653959999999999875e-01,3.728850000000000220e-01,-1.034010000000000068e-01,6.002099999999999796e-02,-4.307230000000000225e-01,6.058199999999999696e-02,-3.940899999999999959e-01,3.321350000000000136e-01,4.149700000000000055e-01,-1.289220000000000088e-01,1.312919999999999920e-01,7.804400000000000226e-02,-7.928599999999999537e-02,-9.476600000000000301e-02,2.889860000000000206e-01,3.483789999999999942e-01,-1.357559999999999878e-01,-6.933999999999999886e-02,7.255200000000000538e-02,-1.133999999999999939e-02,-1.162159999999999999e-01,-2.363000000000000170e-02,1.782360000000000055e-01,1.526289999999999869e-01,4.602099999999999941e-02,2.266630000000000034e-01,3.528069999999999817e-01,-1.615610000000000102e-01,9.001510000000000344e-01,1.033769999999999967e-01,-4.392940000000000178e-01,-2.950000000000000148e-04,-2.198720000000000119e-01,7.008300000000000640e-02,6.535000000000000531e-02,-5.273900000000000116e-02,-4.832949999999999746e-01,-4.346999999999999753e-01,-3.513499999999999956e-01,1.472860000000000003e-01,-6.603100000000000636e-02,-7.183499999999999608e-02,-1.908690000000000109e-01,6.483389999999999986e-01,-6.395900000000000196e-02,-3.026949999999999918e-01,1.097520000000000023e-01,-6.047899999999999804e-02,-1.203680000000000028e-01,-3.883360000000000145e-01,2.487939999999999874e-01,-2.123889999999999945e-01
-2.135229999999999906e-01,3.254469999999999863e-01,6.830840000000000245e-01,-2.497030000000000083e-01,6.539530000000000065e-01,3.818110000000000115e-01,5.023009999999999975e-01,-5.247899999999999787e-02,1.000000000000000000e+00,3.084859999999999824e-01,7.597070000000000212e-01,2.209409999999999985e-01,4.902199999999999891e-01,-5.518699999999999717e-01,4.095050000000000079e-01,2.534099999999999894e-02,1.228159999999999946e-01,4.403389999999999804e-01,6.567840000000000344e-01,7.574830000000000174e-01,6.280700000000000172e-02,5.911429999999999740e-01,8.847700000000000009e-02,5.525700000000000056e-02,2.309670000000000056e-01,3.415480000000000183e-01,7.328789999999999472e-01,4.672760000000000247e-01,2.798430000000000084e-01,6.172699999999999715e-02,-1.106710000000000055e-01,-4.247900000000000009e-01,-2.412279999999999980e-01,-1.612490000000000034e-01,-2.697680000000000078e-01,1.292550000000000088e-01,1.382079999999999975e-01,9.600300000000000500e-02,-4.433000000000000274e-01,-3.125140000000000140e-01,-2.275770000000000015e-01,-1.908289999999999986e-01,1.358000000000000049e-03,9.619000000000000813e-03,2.081649999999999889e-01,-2.555330000000000101e-01,2.159459999999999991e-01,5.719079999999999719e-01,5.796400000000000163e-02,-1.292899999999999952e-02,3.434229999999999783e-01,4.552570000000000228e-01,-1.310599999999999959e-02,9.273630000000000484e-01,1.989529999999999910e-01,6.717819999999999903e-01,2.345399999999999985e-01,5.522789999999999644e-01,-1.023889999999999939e-01,4.896409999999999929e-01,1.016009999999999969e-01,2.804889999999999883e-01,5.005399999999999849e-01,5.402730000000000032e-01,7.358740000000000281e-01,-6.853199999999999570e-02,5.971910000000000274e-01,1.254939999999999944e-01,9.313100000000000545e-02,1.512660000000000116e-01,3.028040000000000176e-01,7.535600000000000076e-01,3.493080000000000074e-01,2.291759999999999908e-01,-6.360999999999999988e-02,-7.211399999999999755e-02
-1.397809999999999886e-01,3.050399999999999778e-01,1.710470000000000046e-01,3.905800000000000244e-02,9.390099999999999836e-02,1.110519999999999979e-01,3.578239999999999754e-01,-3.023750000000000049e-01,3.084859999999999824e-01,1.000000000000000000e+00,9.026399999999999701e-02,8.139690000000000536e-01,3.104999999999999982e-01,-4.159109999999999752e-01,9.799999999999999684e-04,1.419559999999999989e-01,2.865320000000000089e-01,5.153710000000000235e-01,2.809369999999999923e-01,3.521639999999999771e-01,-2.990309999999999913e-01,1.780239999999999878e-01,-2.481210000000000082e-01,6.916069999999999718e-01,5.676120000000000054e-01,4.289520000000000000e-01,2.186289999999999900e-01,5.122700000000000031e-01,2.121079999999999910e-01,6.437800000000000467e-02,1.843799999999999953e-02,-5.039289999999999603e-01,-1.193639999999999979e-01,1.050899999999999924e-02,-4.001859999999999862e-01,3.193960000000000132e-01,6.403299999999999548e-01,7.082169999999999854e-01,-5.399519999999999875e-01,-1.130209999999999965e-01,-5.836399999999999921e-02,-1.917790000000000050e-01,3.031820000000000070e-01,4.907670000000000088e-01,3.791340000000000265e-01,-2.421010000000000106e-01,1.949099999999999999e-01,5.624699999999999839e-02,1.890409999999999868e-01,-3.132599999999999829e-01,3.861699999999999855e-02,5.034220000000000361e-01,-3.778279999999999972e-01,1.786470000000000002e-01,8.113609999999999989e-01,3.845699999999999813e-02,7.852660000000000196e-01,8.041299999999999837e-02,9.185100000000000209e-02,-2.964500000000000121e-02,1.576039999999999941e-01,4.117169999999999996e-01,4.803310000000000080e-01,1.533619999999999983e-01,2.415200000000000125e-01,-3.169890000000000208e-01,1.315159999999999940e-01,-3.067250000000000254e-01,7.347839999999999927e-01,4.377980000000000205e-01,5.481759999999999966e-01,1.691779999999999951e-01,4.791989999999999861e-01,3.147599999999999704e-02,8.237899999999999390e-02,-5.977099999999999774e-02
-2.050990000000000035e-01,1.767360000000000042e-01,9.100749999999999673e-01,-1.533120000000000038e-01,5.055939999999999879e-01,1.862729999999999941e-01,4.147259999999999835e-01,-7.091699999999999393e-02,7.597070000000000212e-01,9.026399999999999701e-02,1.000000000000000000e+00,3.499300000000000327e-02,2.974049999999999749e-01,-5.457990000000000341e-01,5.936860000000000470e-01,4.766000000000000097e-02,1.071079999999999949e-01,2.594040000000000235e-01,8.108530000000000459e-01,6.787670000000000092e-01,2.517909999999999870e-01,5.925390000000000379e-01,1.058989999999999931e-01,-1.146999999999999964e-01,6.474699999999999900e-02,1.339220000000000133e-01,7.056160000000000210e-01,2.786799999999999833e-01,1.601029999999999953e-01,-2.433599999999999999e-02,-4.237599999999999700e-02,-4.199289999999999967e-01,-3.975339999999999985e-01,-1.420220000000000093e-01,-1.819290000000000074e-01,-1.353250000000000008e-01,-1.104860000000000009e-01,-8.970999999999999808e-02,-4.521029999999999771e-01,-4.659409999999999941e-01,-2.640669999999999962e-01,-1.539609999999999868e-01,-2.204979999999999996e-01,-2.359660000000000091e-01,2.041999999999999926e-01,-1.778770000000000073e-01,1.150879999999999959e-01,8.237299999999999622e-01,-1.127500000000000030e-01,-8.616500000000000548e-02,1.924079999999999957e-01,5.521399999999999919e-02,2.359500000000000139e-02,7.342359999999999998e-01,9.531299999999999495e-02,8.878169999999999673e-01,8.922199999999999576e-02,4.711690000000000045e-01,-2.518949999999999800e-01,6.543139999999999512e-01,5.593200000000000255e-02,3.363659999999999983e-01,3.649859999999999771e-01,7.497120000000000450e-01,6.943540000000000267e-01,1.464719999999999911e-01,5.792370000000000019e-01,2.290339999999999876e-01,-1.997799999999999923e-02,7.354299999999999726e-02,1.607369999999999910e-01,7.074869999999999770e-01,3.446139999999999759e-01,1.619950000000000001e-01,-9.754100000000000270e-02,-8.071000000000000049e-03
-2.982330000000000259e-01,2.092549999999999966e-01,1.300530000000000019e-01,1.595399999999999874e-01,-5.832600000000000284e-02,1.736409999999999898e-01,1.572489999999999999e-01,-1.969799999999999884e-01,2.209409999999999985e-01,8.139690000000000536e-01,3.499300000000000327e-02,1.000000000000000000e+00,2.432759999999999923e-01,-3.193250000000000255e-01,-1.266909999999999981e-01,-1.378300000000000081e-01,3.289600000000000163e-02,4.081190000000000095e-01,2.516869999999999941e-01,2.678559999999999830e-01,-5.571439999999999726e-01,6.395399999999999696e-02,-1.427620000000000000e-01,8.874199999999999866e-01,3.399490000000000012e-01,3.886510000000000242e-01,9.635399999999999521e-02,4.591979999999999951e-01,-1.212500000000000036e-02,-3.282600000000000101e-02,-1.531639999999999946e-01,-5.646980000000000333e-01,-2.864709999999999757e-01,-6.599999999999999964e-03,-3.755580000000000029e-01,4.336249999999999827e-01,5.229700000000000459e-01,7.639270000000000227e-01,-5.911899999999999933e-01,-1.633320000000000050e-01,-9.323700000000000043e-02,-1.944569999999999910e-01,4.291510000000000047e-01,4.178040000000000087e-01,3.096820000000000128e-01,-3.332849999999999979e-01,1.212430000000000035e-01,3.471199999999999980e-02,2.837970000000000215e-01,-4.164059999999999984e-01,1.593100000000000072e-02,3.343769999999999798e-01,-3.268710000000000226e-01,9.229300000000000004e-02,7.360360000000000236e-01,-3.756899999999999823e-02,9.773009999999999753e-01,-6.029000000000000331e-02,1.014899999999999969e-01,-1.309970000000000023e-01,-7.277000000000000135e-02,1.702140000000000042e-01,2.279470000000000107e-01,1.118770000000000042e-01,1.860289999999999999e-01,-5.031120000000000037e-01,6.754999999999999720e-03,-2.764199999999999990e-01,9.057619999999999560e-01,2.418279999999999874e-01,4.925689999999999791e-01,9.953299999999999648e-02,3.835779999999999745e-01,-1.635199999999999987e-01,-3.916100000000000136e-02,-2.052809999999999913e-01
-1.272119999999999918e-01,7.012599999999999945e-01,3.301040000000000085e-01,-1.958989999999999898e-01,1.446560000000000068e-01,8.010340000000000238e-01,1.796179999999999999e-01,3.865810000000000080e-01,4.902199999999999891e-01,3.104999999999999982e-01,2.974049999999999749e-01,2.432759999999999923e-01,1.000000000000000000e+00,-1.198290000000000050e-01,1.936849999999999961e-01,9.015299999999999703e-02,4.119070000000000231e-01,4.080289999999999750e-01,3.676240000000000063e-01,4.816889999999999783e-01,7.153900000000000536e-02,4.114360000000000239e-01,5.353909999999999503e-01,2.495840000000000003e-01,3.866919999999999802e-01,7.014770000000000172e-01,4.958719999999999795e-01,7.143920000000000270e-01,1.137669999999999931e-01,2.813309999999999977e-01,-1.309510000000000118e-01,-1.120970000000000022e-01,1.173860000000000042e-01,7.557999999999999614e-03,-1.537570000000000048e-01,3.613629999999999898e-01,3.323960000000000248e-01,2.567720000000000002e-01,-2.026199999999999946e-01,8.900299999999999878e-02,-1.070379999999999943e-01,-2.559259999999999868e-01,2.716149999999999953e-01,2.670939999999999981e-01,3.631190000000000251e-01,-2.883200000000000207e-01,4.157290000000000152e-01,3.280560000000000143e-01,1.024840000000000056e-01,-4.518599999999999700e-02,6.168700000000000294e-01,3.941919999999999868e-01,3.688989999999999769e-01,5.231940000000000479e-01,7.305100000000000482e-02,3.017759999999999887e-01,2.672700000000000076e-01,5.529789999999999983e-01,1.591990000000000072e-01,1.697740000000000082e-01,-1.031159999999999993e-01,2.275100000000000039e-02,2.140029999999999988e-01,3.244210000000000149e-01,4.460709999999999953e-01,-2.239889999999999937e-01,3.433579999999999965e-01,3.979759999999999964e-01,2.032160000000000077e-01,1.328820000000000001e-01,4.428409999999999846e-01,4.097239999999999771e-01,4.497709999999999764e-01,-2.045399999999999996e-02,2.571990000000000109e-01,-1.342510000000000092e-01
2.227800000000000058e-01,-2.224909999999999943e-01,-5.936000000000000165e-01,9.819899999999999463e-02,-2.111699999999999966e-01,-7.971399999999999320e-02,-3.561940000000000106e-01,2.907279999999999864e-01,-5.518699999999999717e-01,-4.159109999999999752e-01,-5.457990000000000341e-01,-3.193250000000000255e-01,-1.198290000000000050e-01,1.000000000000000000e+00,-2.905449999999999977e-01,-1.421429999999999916e-01,-1.147500000000000048e-01,-4.017359999999999820e-01,-5.926590000000000469e-01,-5.404440000000000355e-01,-2.772999999999999857e-03,-4.450850000000000084e-01,2.298739999999999950e-01,-1.184290000000000065e-01,-2.554080000000000239e-01,-1.803410000000000013e-01,-5.407880000000000464e-01,-1.687760000000000093e-01,-2.348240000000000050e-01,1.334309999999999941e-01,4.788099999999999995e-02,4.553260000000000085e-01,2.600439999999999974e-01,1.869689999999999963e-01,3.025100000000000011e-01,1.583140000000000103e-01,-2.683899999999999827e-02,-9.243700000000000527e-02,5.471709999999999630e-01,2.956170000000000186e-01,2.114580000000000071e-01,1.534079999999999888e-01,1.918900000000000050e-01,1.289420000000000011e-01,-1.923249999999999960e-01,2.267049999999999899e-01,-7.923499999999999988e-02,-4.605589999999999962e-01,9.267200000000000437e-02,4.750170000000000226e-01,3.724600000000000133e-02,-2.028639999999999888e-01,3.044850000000000056e-01,-4.274279999999999746e-01,-4.286420000000000230e-01,-4.148299999999999765e-01,-3.140370000000000106e-01,-1.234930000000000055e-01,3.641070000000000140e-01,-3.087349999999999817e-01,-6.887899999999999578e-02,-3.793099999999999805e-01,-3.814440000000000053e-01,-5.346389999999999754e-01,-5.221740000000000270e-01,7.487399999999999611e-02,-4.375709999999999877e-01,2.243499999999999939e-01,-1.941519999999999913e-01,-1.603159999999999863e-01,-1.538700000000000068e-01,-5.300949999999999829e-01,-1.938930000000000098e-01,-1.400750000000000051e-01,2.416220000000000034e-01,8.170099999999999585e-02
2.136959999999999971e-01,1.895219999999999960e-01,6.183859999999999912e-01,-5.090900000000000286e-02,3.747500000000000275e-01,1.077150000000000052e-01,2.087330000000000019e-01,-8.189200000000000645e-02,4.095050000000000079e-01,9.799999999999999684e-04,5.936860000000000470e-01,-1.266909999999999981e-01,1.936849999999999961e-01,-2.905449999999999977e-01,1.000000000000000000e+00,4.908129999999999993e-01,2.402610000000000023e-01,4.269700000000000162e-01,4.056669999999999998e-01,7.099379999999999580e-01,6.900669999999999860e-01,8.335789999999999589e-01,8.720700000000000673e-02,-2.128249999999999864e-01,3.257880000000000220e-01,2.219319999999999904e-01,6.541940000000000532e-01,2.321979999999999877e-01,5.884369999999999878e-01,2.432829999999999993e-01,4.084800000000000098e-01,-2.274450000000000083e-01,-3.395670000000000077e-01,1.920600000000000085e-02,-2.864099999999999979e-02,-2.332770000000000121e-01,-1.713850000000000096e-01,-3.274420000000000108e-01,-3.151240000000000152e-01,-4.350390000000000090e-01,-1.053439999999999932e-01,5.317600000000000104e-02,-2.919209999999999861e-01,-3.340549999999999908e-01,3.638299999999999867e-02,1.592310000000000114e-01,7.837999999999999481e-03,5.906649999999999956e-01,-2.176889999999999936e-01,2.510300000000000031e-02,5.442400000000000015e-02,9.509599999999999997e-02,-1.190000000000000085e-03,4.790539999999999798e-01,1.264379999999999948e-01,5.240430000000000366e-01,-1.046070000000000055e-01,4.632899999999999796e-01,-1.551859999999999906e-01,9.285900000000000265e-01,4.446249999999999925e-01,4.001580000000000137e-01,4.917230000000000212e-01,3.494990000000000041e-01,7.287719999999999754e-01,5.529500000000000526e-01,7.922460000000000058e-01,2.326739999999999919e-01,-2.457840000000000025e-01,1.479640000000000122e-01,1.338820000000000010e-01,5.896749999999999492e-01,4.300499999999999878e-01,5.439920000000000311e-01,7.555900000000000116e-02,4.631799999999999806e-01
4.365939999999999821e-01,3.315150000000000041e-01,4.900299999999999795e-02,9.547600000000000531e-02,1.382869999999999933e-01,-8.939999999999999336e-02,1.016029999999999989e-01,-4.480919999999999903e-01,2.534099999999999894e-02,1.419559999999999989e-01,4.766000000000000097e-02,-1.378300000000000081e-01,9.015299999999999703e-02,-1.421429999999999916e-01,4.908129999999999993e-01,1.000000000000000000e+00,5.482280000000000486e-01,6.022089999999999943e-01,-2.073600000000000096e-02,3.349630000000000107e-01,5.288869999999999960e-01,5.404449999999999532e-01,-2.939910000000000023e-01,-2.192659999999999887e-01,5.548399999999999999e-01,2.286640000000000061e-01,3.300819999999999865e-01,2.011789999999999967e-01,7.229510000000000103e-01,3.363740000000000063e-01,6.783379999999999965e-01,9.330000000000000186e-04,-8.936399999999999899e-02,3.731129999999999725e-01,8.519699999999999496e-02,-1.453329999999999900e-01,-1.651700000000000043e-02,-2.158029999999999948e-01,-3.874600000000000266e-02,-7.209799999999999542e-02,2.217810000000000059e-01,1.616170000000000107e-01,-1.991890000000000049e-01,-1.037789999999999963e-01,1.563309999999999977e-01,3.005769999999999831e-01,2.288799999999999862e-02,-8.739999999999999939e-04,-1.612820000000000087e-01,-8.120199999999999640e-02,-6.934400000000000286e-02,1.421169999999999933e-01,-3.716670000000000251e-01,4.766800000000000204e-02,2.337329999999999963e-01,6.999999999999999929e-04,-1.298769999999999925e-01,2.159570000000000101e-01,-1.114710000000000006e-01,3.505699999999999927e-01,6.942840000000000122e-01,4.594249999999999723e-01,5.685430000000000206e-01,-6.811399999999999400e-02,3.258570000000000078e-01,4.763870000000000049e-01,5.680809999999999471e-01,-2.079219999999999957e-01,-2.750790000000000179e-01,3.313579999999999859e-01,1.325649999999999884e-01,2.366530000000000022e-01,3.112670000000000159e-01,6.475170000000000092e-01,1.719219999999999915e-01,5.354409999999999448e-01
2.045339999999999936e-01,5.208329999999999904e-01,1.310769999999999991e-01,-9.432899999999999618e-02,4.634200000000000125e-02,2.020210000000000061e-01,1.944589999999999930e-01,-9.028100000000000014e-02,1.228159999999999946e-01,2.865320000000000089e-01,1.071079999999999949e-01,3.289600000000000163e-02,4.119070000000000231e-01,-1.147500000000000048e-01,2.402610000000000023e-01,5.482280000000000486e-01,1.000000000000000000e+00,6.342560000000000420e-01,1.399809999999999943e-01,2.465970000000000106e-01,2.923229999999999995e-01,3.109140000000000237e-01,-2.071800000000000030e-02,6.013199999999999795e-02,4.828520000000000034e-01,5.654620000000000202e-01,2.232300000000000118e-01,3.360639999999999739e-01,2.812120000000000175e-01,2.363369999999999915e-01,2.914169999999999816e-01,7.063999999999999967e-03,8.571099999999999552e-02,1.616509999999999891e-01,-1.439799999999999969e-01,1.925870000000000082e-01,2.704679999999999862e-01,4.207400000000000029e-02,-2.451899999999999913e-02,8.443399999999999517e-02,8.015300000000000202e-02,-1.531849999999999878e-01,1.166289999999999966e-01,2.515279999999999738e-01,1.903970000000000107e-01,6.330299999999999816e-02,1.433989999999999987e-01,1.309180000000000066e-01,1.931599999999999984e-02,2.708999999999999950e-02,7.113899999999999391e-02,2.353210000000000024e-01,-1.160390000000000033e-01,2.039640000000000064e-01,2.121369999999999922e-01,1.668880000000000086e-01,7.846699999999999509e-02,2.555330000000000101e-01,6.382500000000000673e-02,1.664229999999999876e-01,3.255279999999999840e-01,5.100200000000000289e-01,4.704800000000000093e-01,1.147839999999999971e-01,2.624380000000000046e-01,5.926700000000000024e-02,3.290029999999999899e-01,-7.389700000000000435e-02,-1.886799999999999936e-02,2.904200000000000115e-01,3.568879999999999830e-01,1.521230000000000082e-01,3.368900000000000228e-01,1.701870000000000049e-01,2.785190000000000166e-01,2.384020000000000028e-01
8.670200000000000129e-02,6.191550000000000109e-01,2.966630000000000100e-01,1.103579999999999978e-01,2.071689999999999920e-01,3.101769999999999805e-01,2.966900000000000093e-01,-2.970349999999999935e-01,4.403389999999999804e-01,5.153710000000000235e-01,2.594040000000000235e-01,4.081190000000000095e-01,4.080289999999999750e-01,-4.017359999999999820e-01,4.269700000000000162e-01,6.022089999999999943e-01,6.342560000000000420e-01,1.000000000000000000e+00,3.544950000000000045e-01,5.885909999999999753e-01,1.547159999999999924e-01,6.092629999999999990e-01,-1.596609999999999974e-01,2.473309999999999953e-01,7.363239999999999785e-01,6.145810000000000439e-01,5.713859999999999495e-01,5.195509999999999851e-01,5.818029999999999591e-01,2.560830000000000051e-01,3.668179999999999774e-01,-3.107630000000000114e-01,-2.396169999999999967e-01,1.102280000000000065e-01,-2.018379999999999896e-01,1.902619999999999867e-01,2.826580000000000203e-01,1.292750000000000010e-01,-3.898730000000000251e-01,-1.439809999999999979e-01,6.539999999999999807e-03,-5.717200000000000060e-02,1.095720000000000027e-01,1.371979999999999866e-01,2.231760000000000133e-01,-1.608499999999999860e-02,2.703099999999999947e-01,2.523070000000000035e-01,7.268700000000000161e-02,-2.528980000000000117e-01,1.756880000000000108e-01,4.543960000000000221e-01,-3.149100000000000232e-01,4.245619999999999949e-01,5.934610000000000163e-01,1.896440000000000070e-01,4.098459999999999881e-01,2.981900000000000106e-01,-8.191299999999999970e-02,3.592799999999999883e-01,4.863149999999999973e-01,5.657999999999999696e-01,7.431959999999999678e-01,2.170839999999999992e-01,5.797600000000000531e-01,8.032799999999999663e-02,6.274669999999999970e-01,-1.812070000000000070e-01,1.730540000000000134e-01,4.814050000000000273e-01,4.810829999999999829e-01,5.200719999999999787e-01,4.724030000000000173e-01,4.543760000000000021e-01,1.214530000000000054e-01,2.966119999999999868e-01
-2.110289999999999944e-01,3.108670000000000044e-01,8.615479999999999805e-01,-7.421500000000000319e-02,1.556539999999999868e-01,3.278349999999999875e-01,2.505890000000000062e-01,4.633400000000000019e-02,6.567840000000000344e-01,2.809369999999999923e-01,8.108530000000000459e-01,2.516869999999999941e-01,3.676240000000000063e-01,-5.926590000000000469e-01,4.056669999999999998e-01,-2.073600000000000096e-02,1.399809999999999943e-01,3.544950000000000045e-01,1.000000000000000000e+00,6.226589999999999625e-01,6.981800000000000506e-02,5.087669999999999693e-01,1.339680000000000037e-01,1.589750000000000052e-01,1.987619999999999942e-01,3.776079999999999992e-01,6.538070000000000270e-01,3.839580000000000215e-01,1.077130000000000032e-01,-2.029500000000000054e-02,-1.028329999999999939e-01,-4.355640000000000067e-01,-2.979729999999999879e-01,-2.278570000000000040e-01,-2.224970000000000003e-01,-1.087650000000000006e-01,3.957999999999999713e-03,3.026099999999999970e-02,-5.284389999999999921e-01,-3.209279999999999911e-01,-3.307060000000000000e-01,-2.340959999999999985e-01,-1.583960000000000090e-01,-1.491860000000000130e-01,2.348290000000000100e-01,-1.955979999999999941e-01,2.095799999999999885e-01,7.740730000000000111e-01,6.302000000000000310e-03,-3.034029999999999783e-01,2.507210000000000272e-01,7.805999999999999571e-03,8.655300000000000493e-02,5.752009999999999623e-01,2.468009999999999926e-01,7.523499999999999632e-01,2.813220000000000165e-01,3.715019999999999989e-01,-3.176149999999999807e-01,3.919079999999999786e-01,-6.128200000000000314e-02,3.210930000000000173e-01,3.470190000000000219e-01,8.989880000000000093e-01,5.785580000000000167e-01,-7.538300000000000556e-02,4.456820000000000226e-01,1.614140000000000019e-01,1.940109999999999890e-01,1.945030000000000092e-01,3.713819999999999899e-01,6.273619999999999752e-01,3.824110000000000009e-01,7.211900000000000255e-02,-4.950999999999999672e-03,-1.294379999999999975e-01
1.279699999999999935e-02,3.766920000000000268e-01,7.073819999999999553e-01,-1.062020000000000047e-01,4.136480000000000157e-01,3.354590000000000072e-01,3.019819999999999727e-01,-1.277220000000000022e-01,7.574830000000000174e-01,3.521639999999999771e-01,6.787670000000000092e-01,2.678559999999999830e-01,4.816889999999999783e-01,-5.404440000000000355e-01,7.099379999999999580e-01,3.349630000000000107e-01,2.465970000000000106e-01,5.885909999999999753e-01,6.226589999999999625e-01,1.000000000000000000e+00,3.551750000000000185e-01,8.997600000000000042e-01,5.011000000000000176e-02,1.094949999999999951e-01,4.199499999999999900e-01,4.196460000000000190e-01,8.569740000000000135e-01,5.894390000000000462e-01,6.340329999999999577e-01,3.621550000000000047e-01,2.898000000000000020e-01,-3.814370000000000260e-01,-3.355989999999999807e-01,-9.544000000000000400e-03,-1.583620000000000028e-01,3.101599999999999843e-02,8.439199999999999480e-02,4.393500000000000183e-02,-4.536370000000000124e-01,-3.949019999999999753e-01,-1.353030000000000066e-01,-1.301209999999999867e-01,-5.312999999999999667e-02,-8.817400000000000237e-02,2.591840000000000255e-01,-4.916899999999999743e-02,1.870719999999999883e-01,6.107190000000000119e-01,3.267099999999999865e-02,-1.687639999999999973e-01,2.371439999999999937e-01,3.819119999999999737e-01,-7.220899999999999541e-02,7.432649999999999535e-01,3.140439999999999898e-01,5.867970000000000130e-01,3.027009999999999978e-01,5.725179999999999714e-01,-1.352770000000000084e-01,7.133209999999999829e-01,3.407990000000000186e-01,4.042689999999999895e-01,5.906850000000000156e-01,5.201149999999999940e-01,9.179340000000000277e-01,1.705699999999999994e-01,8.536479999999999624e-01,1.150309999999999944e-01,1.197850000000000026e-01,3.275379999999999958e-01,3.592420000000000058e-01,7.919629999999999725e-01,5.986719999999999819e-01,5.253700000000000037e-01,1.002849999999999991e-01,2.936170000000000169e-01
