1.000000000000000000e+00,-1.083999999999999964e-01,2.422709999999999864e-01,-1.933560000000000001e-01,4.304299999999999793e-02,-8.991799999999999793e-02,-1.436119999999999897e-01,-2.586910000000000043e-01,-3.091999999999999957e-02,-2.942520000000000135e-01,1.535890000000000033e-01,-5.104500000000000010e-02,4.150100000000000317e-02,1.788659999999999972e-01,4.758379999999999832e-01,2.267979999999999996e-01,8.702200000000000213e-02,-1.208779999999999993e-01,1.385740000000000027e-01,2.446460000000000024e-01,5.378150000000000430e-01,3.663710000000000022e-01,1.941599999999999923e-02,2.143839999999999912e-01,2.171510000000000107e-01,3.074660000000000171e-01,2.006400000000000128e-01,3.645590000000000219e-01,2.080990000000000062e-01,1.070220000000000060e-01,2.716459999999999986e-01,2.533009999999999984e-01,-3.897599999999999676e-02,3.625849999999999906e-01,2.364880000000000038e-01,4.366899999999999948e-02,-2.402469999999999883e-01,4.643400000000000305e-02,-1.329200000000000000e-02,-7.526299999999999657e-02,2.232349999999999890e-01,2.233900000000000052e-01,-3.715669999999999806e-01,-2.377440000000000109e-01,-1.100119999999999987e-01,6.985839999999999828e-01,-1.189400000000000006e-02,1.354370000000000018e-01,1.094249999999999945e-01,1.046040000000000025e-01,1.263360000000000039e-01,-2.276299999999999990e-01,-1.461689999999999934e-01,1.887149999999999939e-01,-2.562820000000000098e-01,2.404080000000000106e-01,-2.006380000000000108e-01,7.202300000000000368e-02,8.394300000000000372e-02,4.728870000000000018e-01,4.013189999999999813e-01,-1.012210000000000054e-01,1.046089999999999937e-01,1.834870000000000112e-01,3.589640000000000053e-01,5.100860000000000394e-01,4.089920000000000222e-01,1.319660000000000000e-01,1.003890000000000060e-01,4.798999999999999794e-02,4.266920000000000157e-01,8.271100000000000674e-02,2.415829999999999922e-01,2.566439999999999833e-01,7.845100000000000684e-02,3.446609999999999951e-01
-1.083999999999999964e-01,1.000000000000000000e+00,1.335399999999999955e-02,-1.423129999999999951e-01,3.263739999999999974e-01,5.600289999999999990e-01,3.905819999999999848e-01,6.061590000000000034e-01,3.967049999999999743e-01,3.601880000000000082e-01,-1.451099999999999959e-02,4.730929999999999858e-01,7.919249999999999901e-01,8.567999999999999228e-03,-3.977280000000000260e-01,3.197849999999999859e-01,7.280710000000000237e-01,4.792730000000000046e-01,-1.334899999999999975e-02,-2.134630000000000138e-01,1.974849999999999939e-01,1.581889999999999963e-01,5.539140000000000175e-01,1.815610000000000002e-01,5.473440000000000527e-01,6.650490000000000013e-01,-9.255599999999999938e-02,2.947440000000000060e-01,3.422100000000000142e-02,1.210269999999999957e-01,-3.020780000000000132e-01,-2.935329999999999884e-01,3.798819999999999975e-01,-1.881809999999999872e-01,-5.002229999999999732e-01,-2.214540000000000119e-01,6.919300000000000450e-02,3.812420000000000253e-01,-1.632349999999999912e-01,5.594519999999999493e-01,-2.359350000000000058e-01,-2.287029999999999896e-01,1.182689999999999991e-01,-1.345200000000000007e-01,-3.654400000000000009e-02,-1.866420000000000023e-01,4.061239999999999850e-01,6.664699999999999791e-02,-5.054520000000000124e-01,-1.921539999999999915e-01,2.357680000000000053e-01,3.384190000000000254e-01,4.125989999999999935e-01,2.332079999999999986e-01,3.844130000000000047e-01,-5.089899999999999980e-02,6.260120000000000129e-01,5.964300000000000157e-01,-3.720820000000000238e-01,-3.945940000000000003e-01,-5.340089999999999559e-01,5.582500000000000240e-01,-2.666620000000000101e-01,4.098700000000000260e-02,-3.193179999999999907e-01,8.364699999999999913e-02,-1.673399999999999888e-02,3.347229999999999928e-01,1.304400000000000004e-02,-6.026900000000000313e-02,3.402620000000000089e-01,-6.626600000000000545e-02,2.496190000000000075e-01,-2.502840000000000065e-01,2.923399999999999957e-02,-4.820059999999999900e-01
2.422709999999999864e-01,1.335399999999999955e-02,1.000000000000000000e+00,-1.869879999999999876e-01,1.362819999999999865e-01,4.265579999999999927e-01,7.893899999999999528e-02,5.169699999999999990e-02,4.091650000000000009e-01,-2.062249999999999917e-01,8.600410000000000554e-01,-1.487660000000000093e-01,2.966299999999999840e-02,3.746490000000000098e-01,-6.434999999999999748e-03,9.454899999999999416e-02,5.375200000000000117e-02,-5.884000000000000341e-02,9.159939999999999749e-01,1.649000000000000075e-03,5.210299999999999654e-02,2.977520000000000167e-01,4.505680000000000240e-01,-3.030059999999999976e-01,1.580090000000000106e-01,4.476600000000000024e-02,6.271959999999999757e-01,-6.405900000000000483e-02,-1.771100000000000105e-02,-2.001700000000000007e-02,-6.455500000000000127e-02,-8.209700000000000331e-02,-2.633090000000000153e-01,-5.868999999999999911e-02,-1.289799999999999974e-02,-2.867109999999999936e-01,-2.147439999999999904e-01,-6.207200000000000217e-02,-1.409950000000000092e-01,-8.474399999999999988e-02,9.592900000000000038e-02,1.107120000000000049e-01,-2.637909999999999977e-01,-1.912059999999999871e-01,-1.369940000000000047e-01,8.110100000000000642e-02,2.606430000000000136e-01,8.951980000000000492e-01,-2.113299999999999901e-01,9.107700000000000518e-02,4.771960000000000091e-01,5.478999999999999843e-02,2.748829999999999885e-01,4.335620000000000029e-01,-1.719749999999999890e-01,7.753799999999999581e-01,-1.928839999999999999e-01,1.849830000000000085e-01,1.542370000000000130e-01,5.196100000000000024e-02,1.195579999999999976e-01,2.601099999999999940e-02,3.264700000000000241e-02,8.893090000000000162e-01,5.974399999999999850e-02,7.834900000000000198e-02,3.556759999999999922e-01,5.462219999999999853e-01,-4.371610000000000218e-01,-2.157000000000000063e-03,7.077200000000000157e-02,5.287640000000000118e-01,1.877570000000000072e-01,1.198300000000000060e-01,-1.349450000000000094e-01,-9.653599999999999681e-02
-1.933560000000000001e-01,-1.423129999999999951e-01,-1.869879999999999876e-01,1.000000000000000000e+00,7.487599999999999811e-02,-7.569599999999999940e-02,2.461550000000000127e-01,5.725800000000000334e-02,-1.024410000000000043e-01,3.240970000000000240e-01,-2.571149999999999824e-01,2.082430000000000114e-01,-1.899669999999999970e-01,2.836779999999999857e-01,-8.477300000000000113e-02,-2.159570000000000101e-01,-1.540980000000000127e-01,-8.431700000000000306e-02,-4.938700000000000034e-02,-2.356530000000000014e-01,-2.796899999999999942e-01,-3.607739999999999836e-01,-6.297200000000000020e-02,5.156800000000000272e-02,-1.007979999999999987e-01,-9.791400000000000103e-02,-1.610280000000000045e-01,2.852020000000000111e-01,-6.648300000000000043e-02,1.246649999999999980e-01,9.238699999999999690e-02,-9.456799999999999928e-02,1.152839999999999976e-01,9.001099999999999379e-02,9.461300000000000265e-02,1.441159999999999941e-01,7.030419999999999447e-01,4.274000000000000021e-03,6.638299999999999756e-02,-1.073270000000000057e-01,-6.988700000000000467e-02,3.593379999999999908e-01,5.440019999999999856e-01,5.125729999999999453e-01,4.008880000000000221e-01,-2.476790000000000103e-01,-2.764590000000000103e-01,-8.693199999999999539e-02,2.772390000000000132e-01,2.198900000000000021e-01,-2.206319999999999948e-01,-1.196320000000000022e-01,1.570610000000000062e-01,-1.813230000000000119e-01,2.332499999999999851e-02,-2.451199999999999907e-02,-1.375999999999999966e-02,-3.905939999999999968e-01,1.264700000000000026e-02,-9.548800000000000343e-02,-6.079600000000000282e-02,-1.786520000000000052e-01,-3.880800000000000222e-02,-1.875500000000000084e-02,-2.280379999999999907e-01,-3.865799999999999792e-02,-2.287770000000000081e-01,-1.846730000000000038e-01,-8.439800000000000080e-02,-4.133999999999999654e-03,-2.214150000000000007e-01,-1.261760000000000104e-01,-1.525130000000000097e-01,-1.100789999999999963e-01,1.958120000000000138e-01,9.107099999999999917e-02
4.304299999999999793e-02,3.263739999999999974e-01,1.362819999999999865e-01,7.487599999999999811e-02,1.000000000000000000e+00,2.860920000000000130e-01,7.334920000000000329e-01,3.094480000000000008e-01,7.787129999999999885e-01,4.629070000000000129e-01,2.416879999999999862e-01,1.920379999999999865e-01,4.272239999999999926e-01,7.695699999999999763e-02,-3.198999999999999760e-02,2.485700000000000132e-01,5.059460000000000068e-01,1.827449999999999908e-01,1.280610000000000082e-01,-1.161060000000000009e-01,2.735670000000000046e-01,2.654020000000000268e-01,2.050919999999999965e-01,-9.936499999999999500e-02,2.961059999999999803e-01,7.700400000000000300e-02,-1.068970000000000059e-01,3.111889999999999934e-01,-1.263869999999999993e-01,4.254999999999999893e-01,1.034159999999999940e-01,6.276700000000000335e-02,4.915729999999999822e-01,2.028820000000000068e-01,-6.016949999999999799e-01,-2.819139999999999979e-01,3.359539999999999749e-01,5.883200000000000235e-02,2.789200000000000013e-01,4.044530000000000070e-01,2.925380000000000202e-01,-1.387599999999999945e-02,4.024309999999999832e-01,2.864800000000000124e-01,6.272099999999999898e-02,-4.645300000000000124e-02,1.750359999999999971e-01,1.495259999999999923e-01,-4.821540000000000270e-01,6.737799999999999345e-02,7.693600000000000438e-02,4.771179999999999866e-01,2.847680000000000211e-01,4.159419999999999784e-01,4.613590000000000191e-01,1.867590000000000083e-01,4.423469999999999902e-01,3.893090000000000162e-01,-3.207900000000000196e-01,-1.498220000000000107e-01,-1.476679999999999937e-01,5.182729999999999837e-01,-5.166699999999999765e-02,2.702500000000000041e-02,-1.633050000000000057e-01,2.337150000000000061e-01,1.588410000000000100e-01,2.408730000000000038e-01,-2.177260000000000029e-01,6.091300000000000187e-02,1.308779999999999943e-01,3.771999999999999659e-02,2.310889999999999889e-01,1.208420000000000050e-01,1.689009999999999956e-01,-4.313499999999999973e-02
-8.991799999999999793e-02,5.600289999999999990e-01,4.265579999999999927e-01,-7.569599999999999940e-02,2.860920000000000130e-01,1.000000000000000000e+00,4.341889999999999916e-01,4.541120000000000156e-01,4.321139999999999981e-01,1.777990000000000126e-01,3.117820000000000036e-01,2.393979999999999997e-01,6.253419999999999535e-01,2.715119999999999756e-01,-1.911480000000000123e-01,1.652520000000000100e-01,3.588489999999999736e-01,2.314479999999999871e-01,3.330750000000000099e-01,-1.130469999999999947e-01,1.514469999999999983e-01,1.618320000000000036e-01,6.042009999999999881e-01,-1.422460000000000113e-01,2.813749999999999862e-01,3.090709999999999846e-01,5.877409999999999579e-01,2.828780000000000183e-01,3.183969999999999856e-01,1.670879999999999865e-01,-1.749519999999999964e-01,-2.682729999999999837e-01,-6.273199999999999610e-02,-1.782469999999999888e-01,-3.729899999999999882e-01,-2.131760000000000044e-01,4.831699999999999884e-02,1.947750000000000037e-01,-1.490160000000000096e-01,2.237770000000000037e-01,-7.945000000000000673e-03,2.408000000000000071e-02,6.503000000000000447e-02,-4.624000000000000332e-02,-1.750499999999999973e-02,-2.423059999999999936e-01,5.861070000000000446e-01,4.232670000000000043e-01,-4.006939999999999946e-01,2.494199999999999889e-02,7.373809999999999532e-01,4.077489999999999726e-01,4.406340000000000257e-01,3.554769999999999874e-01,2.696180000000000243e-01,2.557309999999999861e-01,3.178659999999999819e-01,5.991990000000000371e-01,3.490000000000000047e-03,-2.610029999999999850e-01,-1.838619999999999977e-01,4.046690000000000009e-01,1.263000000000000060e-02,3.796030000000000237e-01,-1.989080000000000015e-01,9.086000000000000326e-03,1.449100000000000110e-01,6.482210000000000472e-01,-2.308999999999999941e-01,3.048299999999999968e-02,1.707940000000000014e-01,5.733800000000000008e-01,4.491470000000000184e-01,2.772499999999999964e-02,9.322700000000000431e-02,-3.678400000000000003e-01
-1.436119999999999897e-01,3.905819999999999848e-01,7.893899999999999528e-02,2.461550000000000127e-01,7.334920000000000329e-01,4.341889999999999916e-01,1.000000000000000000e+00,4.294200000000000239e-01,7.223859999999999726e-01,7.468160000000000354e-01,3.517800000000000094e-02,4.288359999999999950e-01,4.632970000000000144e-01,3.533499999999999835e-02,-1.940060000000000118e-01,6.445000000000000208e-03,5.445879999999999610e-01,-7.551999999999999685e-03,1.254470000000000030e-01,-4.338800000000000295e-02,1.873329999999999995e-01,1.761409999999999920e-01,3.410690000000000111e-01,-6.013500000000000095e-02,1.743510000000000060e-01,7.238899999999999502e-02,-1.571300000000000127e-02,4.157440000000000024e-01,-1.356809999999999961e-01,5.751709999999999878e-01,1.507709999999999884e-01,-2.059060000000000057e-01,6.296589999999999687e-01,1.351430000000000131e-01,-7.418209999999999527e-01,-4.828089999999999882e-01,6.143039999999999612e-01,1.645210000000000006e-01,2.428250000000000131e-01,6.071239999999999970e-01,2.672350000000000003e-01,1.088540000000000063e-01,6.475140000000000340e-01,5.297140000000000182e-01,2.660939999999999972e-01,-1.441419999999999924e-01,2.725339999999999985e-01,1.774280000000000024e-01,-6.398540000000000338e-01,-1.522830000000000017e-01,6.975900000000000156e-02,6.668640000000000123e-01,3.389639999999999875e-01,2.091359999999999886e-01,6.470970000000000333e-01,1.036190000000000028e-01,5.594700000000000228e-01,3.585340000000000193e-01,-4.105440000000000200e-01,-1.904220000000000079e-01,-2.497169999999999945e-01,5.622279999999999500e-01,-1.244320000000000009e-01,7.597700000000000287e-02,-2.195050000000000057e-01,2.790349999999999775e-01,2.393160000000000009e-01,2.877080000000000193e-01,-2.375829999999999886e-01,6.598299999999999998e-02,3.793799999999999950e-02,1.908479999999999899e-01,1.705079999999999929e-01,1.411810000000000009e-01,3.280719999999999748e-01,-5.071900000000000019e-02
-2.586910000000000043e-01,6.061590000000000034e-01,5.169699999999999990e-02,5.725800000000000334e-02,3.094480000000000008e-01,4.541120000000000156e-01,4.294200000000000239e-01,1.000000000000000000e+00,3.216339999999999755e-01,4.170710000000000250e-01,6.858699999999999519e-02,6.516530000000000378e-01,5.447699999999999765e-01,-9.329099999999999893e-02,-3.563430000000000208e-01,-1.139539999999999997e-01,4.201630000000000087e-01,1.490489999999999871e-01,6.084900000000000031e-02,-4.932469999999999910e-01,1.414590000000000014e-01,-1.795019999999999949e-01,7.537690000000000223e-01,3.598210000000000020e-01,1.456689999999999929e-01,4.475199999999999734e-01,-1.930000000000000049e-01,1.339500000000000135e-01,-2.467179999999999929e-01,5.157300000000000079e-02,-3.473430000000000129e-01,-1.777279999999999971e-01,2.492080000000000128e-01,-9.798199999999999965e-02,-3.620019999999999905e-01,-8.645700000000000607e-02,2.350460000000000049e-01,1.581079999999999985e-01,6.109699999999999853e-02,3.858309999999999795e-01,-1.254010000000000125e-01,-9.610299999999999399e-02,3.838340000000000085e-01,2.000649999999999928e-01,1.530660000000000076e-01,-2.691859999999999808e-01,9.979899999999999882e-02,2.371230000000000004e-01,-3.820239999999999747e-01,5.721299999999999997e-02,1.619810000000000139e-01,2.691209999999999991e-01,7.962129999999999486e-01,3.763999999999999985e-02,3.999280000000000057e-01,1.115140000000000020e-01,7.319149999999999823e-01,3.481960000000000055e-01,-1.992690000000000017e-01,-3.666940000000000199e-01,-6.844289999999999541e-01,3.932930000000000037e-01,-3.421870000000000189e-01,9.501400000000000123e-02,-4.801010000000000000e-01,5.576799999999999813e-02,-2.648690000000000211e-01,4.525750000000000051e-01,1.758369999999999933e-01,-1.522139999999999882e-01,1.664309999999999956e-01,-7.708299999999999874e-02,1.026500000000000051e-01,-4.267170000000000130e-01,-1.301889999999999992e-01,-5.580730000000000413e-01
-3.091999999999999957e-02,3.967049999999999743e-01,4.091650000000000009e-01,-1.024410000000000043e-01,7.787129999999999885e-01,4.321139999999999981e-01,7.223859999999999726e-01,3.216339999999999755e-01,1.000000000000000000e+00,4.527849999999999930e-01,3.994800000000000018e-01,2.702249999999999930e-01,5.046340000000000270e-01,2.776700000000000002e-02,-1.389589999999999992e-01,1.245160000000000017e-01,5.747860000000000191e-01,6.144800000000000262e-02,3.924900000000000055e-01,-4.505200000000000177e-02,2.272309999999999885e-01,3.131269999999999887e-01,3.448080000000000034e-01,-8.770600000000000618e-02,2.211629999999999985e-01,1.279299999999999882e-01,4.661499999999999672e-02,1.985190000000000010e-01,-1.826099999999999945e-01,4.375519999999999965e-01,2.990999999999999909e-02,-8.702899999999999525e-02,4.379540000000000100e-01,3.489400000000000140e-02,-6.541439999999999477e-01,-5.158789999999999765e-01,2.069130000000000136e-01,1.350969999999999949e-01,1.518710000000000060e-01,5.225400000000000045e-01,2.347609999999999975e-01,1.633899999999999936e-02,3.521130000000000093e-01,2.137489999999999946e-01,3.773100000000000065e-02,-4.055099999999999677e-02,3.097449999999999926e-01,3.726070000000000215e-01,-6.531689999999999996e-01,-1.183580000000000049e-01,1.923789999999999945e-01,6.163359999999999950e-01,2.438680000000000014e-01,5.972100000000000186e-01,4.809970000000000079e-01,3.388769999999999838e-01,4.539020000000000277e-01,4.690259999999999985e-01,-3.416270000000000140e-01,-1.564240000000000075e-01,-2.202129999999999921e-01,5.490949999999999998e-01,-1.230269999999999975e-01,2.976559999999999762e-01,-1.371400000000000119e-01,2.270969999999999933e-01,3.077219999999999955e-01,3.322800000000000198e-01,-2.802470000000000239e-01,1.541400000000000062e-02,1.626219999999999888e-01,1.931460000000000121e-01,2.460469999999999879e-01,1.096369999999999983e-01,1.748409999999999964e-01,-1.320459999999999967e-01
-2.942520000000000135e-01,3.601880000000000082e-01,-2.062249999999999917e-01,3.240970000000000240e-01,4.629070000000000129e-01,1.777990000000000126e-01,7.468160000000000354e-01,4.170710000000000250e-01,4.527849999999999930e-01,1.000000000000000000e+00,-1.982019999999999893e-01,5.284020000000000383e-01,2.857810000000000072e-01,-1.190350000000000019e-01,-3.570809999999999818e-01,6.178800000000000264e-02,4.521769999999999956e-01,1.138320000000000026e-01,-7.764100000000000168e-02,-1.798349999999999949e-01,-5.023500000000000187e-02,-9.628200000000000647e-02,1.400339999999999918e-01,2.025000000000000133e-01,1.420470000000000066e-01,1.307649999999999924e-01,-2.444139999999999924e-01,2.706140000000000212e-01,-9.866400000000000170e-02,4.240869999999999918e-01,1.666310000000000013e-01,-1.731100000000000000e-02,6.531829999999999581e-01,1.214839999999999948e-01,-5.025150000000000450e-01,-3.683620000000000227e-01,7.047940000000000316e-01,4.024599999999999844e-01,2.504649999999999932e-01,6.212109999999999577e-01,1.235929999999999945e-01,1.876929999999999987e-01,6.678030000000000355e-01,6.510880000000000001e-01,5.097049999999999637e-01,-1.876849999999999907e-01,1.636500000000000107e-02,-3.375399999999999928e-02,-3.514189999999999814e-01,-1.693699999999999928e-01,-2.586700000000000110e-01,4.771830000000000238e-01,1.945280000000000065e-01,-2.788300000000000153e-02,7.374990000000000157e-01,-4.378200000000000147e-02,5.533820000000000405e-01,-5.912999999999999853e-03,-4.200510000000000077e-01,-3.085990000000000122e-01,-4.358609999999999984e-01,3.138420000000000099e-01,-2.799010000000000109e-01,-8.506500000000000172e-02,-2.877730000000000010e-01,5.561599999999999877e-02,-7.828999999999999848e-02,-7.786200000000000065e-02,5.221100000000000046e-02,2.766999999999999928e-03,-5.910300000000000276e-02,-5.852600000000000163e-02,-1.144669999999999993e-01,-9.743899999999999784e-02,2.399489999999999956e-01,-2.067420000000000091e-01
1.535890000000000033e-01,-1.451099999999999959e-02,8.600410000000000554e-01,-2.571149999999999824e-01,2.416879999999999862e-01,3.117820000000000036e-01,3.517800000000000094e-02,6.858699999999999519e-02,3.994800000000000018e-01,-1.982019999999999893e-01,1.000000000000000000e+00,-2.860489999999999977e-01,-1.099100000000000077e-02,1.763079999999999925e-01,-9.452999999999999597e-03,2.093639999999999946e-01,5.235399999999999776e-02,4.060799999999999826e-02,8.495179999999999954e-01,-3.824400000000000022e-02,-3.286499999999999838e-02,2.606499999999999928e-01,3.195790000000000020e-01,-3.688679999999999737e-01,2.260959999999999914e-01,-7.328999999999999578e-03,4.859840000000000271e-01,-2.059159999999999879e-01,2.853199999999999834e-02,-1.310790000000000011e-01,-1.355790000000000051e-01,1.013150000000000023e-01,-2.961849999999999761e-01,-6.966600000000000570e-02,1.446199999999999916e-02,-1.534040000000000126e-01,-2.964709999999999845e-01,-1.669990000000000085e-01,-4.872200000000000142e-02,-1.643400000000000138e-01,8.083700000000000607e-02,-4.888599999999999890e-02,-2.924399999999999777e-01,-1.744060000000000055e-01,-2.473440000000000083e-01,1.566899999999999890e-02,2.184689999999999965e-01,7.880770000000000275e-01,-1.543789999999999885e-01,2.353329999999999866e-01,3.505429999999999935e-01,4.690699999999999731e-02,2.983370000000000188e-01,3.460810000000000275e-01,-1.553990000000000093e-01,7.979889999999999484e-01,-1.950260000000000049e-01,1.578920000000000046e-01,1.604130000000000000e-01,-4.514999999999999916e-03,1.135160000000000058e-01,7.029000000000000525e-02,8.585900000000000476e-02,7.579559999999999631e-01,1.431100000000000080e-02,-1.826099999999999945e-02,2.047049999999999981e-01,4.465939999999999910e-01,-3.945159999999999778e-01,6.378799999999999748e-02,5.308899999999999730e-02,4.025759999999999894e-01,6.058899999999999703e-02,9.228500000000000592e-02,-2.900429999999999953e-01,-1.651769999999999905e-01
-5.104500000000000010e-02,4.730929999999999858e-01,-1.487660000000000093e-01,2.082430000000000114e-01,1.920379999999999865e-01,2.393979999999999997e-01,4.288359999999999950e-01,6.516530000000000378e-01,2.702249999999999930e-01,5.284020000000000383e-01,-2.860489999999999977e-01,1.000000000000000000e+00,4.924479999999999968e-01,-7.700200000000000100e-02,-1.466409999999999936e-01,-1.720009999999999872e-01,4.476339999999999764e-01,-2.768800000000000081e-02,-1.624849999999999905e-01,-3.442370000000000152e-01,1.902989999999999959e-01,-1.846420000000000006e-01,5.165450000000000319e-01,6.930509999999999726e-01,1.735899999999999943e-02,5.521829999999999794e-01,-2.494020000000000126e-01,4.069829999999999837e-01,-3.313019999999999854e-01,2.741790000000000060e-01,-4.116299999999999820e-02,-2.015659999999999952e-01,3.553200000000000247e-01,1.859679999999999944e-01,-2.952790000000000137e-01,-5.110900000000000165e-02,3.598000000000000087e-01,3.872820000000000151e-01,1.234190000000000009e-01,5.118040000000000367e-01,-3.269000000000000204e-03,1.216079999999999939e-01,5.399249999999999883e-01,3.084970000000000212e-01,3.347140000000000115e-01,-7.026000000000000127e-03,2.967600000000000099e-02,3.101500000000000090e-02,-2.603820000000000023e-01,3.974000000000000102e-03,6.600899999999999823e-02,2.970729999999999760e-01,3.935469999999999802e-01,8.115200000000000191e-02,5.257650000000000379e-01,-1.041929999999999940e-01,7.512469999999999981e-01,2.322130000000000027e-01,-1.927979999999999972e-01,-1.330129999999999924e-01,-5.350310000000000343e-01,3.540789999999999771e-01,-3.739919999999999911e-01,-4.603100000000000247e-02,-3.389780000000000015e-01,1.682389999999999997e-01,-1.360210000000000030e-01,1.766060000000000130e-01,4.545690000000000008e-01,-1.103599999999999998e-01,3.461620000000000252e-01,-5.560600000000000265e-02,1.810960000000000070e-01,-3.445659999999999834e-01,1.495720000000000105e-01,-2.612959999999999727e-01
4.150100000000000317e-02,7.919249999999999901e-01,2.966299999999999840e-02,-1.899669999999999970e-01,4.272239999999999926e-01,6.253419999999999535e-01,4.632970000000000144e-01,5.447699999999999765e-01,5.046340000000000270e-01,2.857810000000000072e-01,-1.099100000000000077e-02,4.924479999999999968e-01,1.000000000000000000e+00,-3.423999999999999960e-03,-1.818960000000000021e-01,2.754489999999999994e-01,7.544229999999999547e-01,3.691200000000000037e-01,-7.663300000000000667e-02,-2.044159999999999866e-01,4.068220000000000169e-01,1.522360000000000102e-01,5.069050000000000500e-01,2.357930000000000026e-01,3.910129999999999995e-01,5.823920000000000208e-01,-4.291899999999999882e-02,4.606649999999999912e-01,1.594800000000000106e-01,2.537420000000000231e-01,-1.813800000000000134e-01,-2.670719999999999761e-01,2.832700000000000218e-01,-3.735900000000000332e-02,-5.667950000000000488e-01,-2.164530000000000065e-01,-1.056099999999999921e-02,2.931230000000000224e-01,-1.400520000000000098e-01,4.883089999999999931e-01,2.053999999999999836e-03,-8.159099999999999686e-02,1.628469999999999918e-01,-1.276239999999999875e-01,-4.107800000000000340e-02,-9.241199999999999415e-02,4.230289999999999884e-01,7.619999999999999820e-04,-5.492599999999999705e-01,-4.226099999999999995e-02,3.461179999999999812e-01,4.800800000000000067e-01,3.273130000000000206e-01,3.616940000000000155e-01,4.291590000000000127e-01,-3.295300000000000312e-02,6.213889999999999691e-01,7.567220000000000057e-01,-2.840380000000000127e-01,-2.620959999999999956e-01,-3.855790000000000051e-01,6.071480000000000210e-01,-1.313539999999999985e-01,-2.983600000000000141e-02,-2.755119999999999791e-01,2.217669999999999919e-01,5.026599999999999818e-02,3.685269999999999935e-01,2.986899999999999972e-02,-2.643699999999999870e-02,3.759410000000000251e-01,1.227000000000000009e-03,4.582550000000000234e-01,-1.045520000000000060e-01,1.446030000000000093e-01,-2.964780000000000193e-01
1.788659999999999972e-01,8.567999999999999228e-03,3.746490000000000098e-01,2.836779999999999857e-01,7.695699999999999763e-02,2.715119999999999756e-01,3.533499999999999835e-02,-9.329099999999999893e-02,2.776700000000000002e-02,-1.190350000000000019e-01,1.763079999999999925e-01,-7.700200000000000100e-02,-3.423999999999999960e-03,1.000000000000000000e+00,4.720699999999999896e-02,1.285090000000000121e-01,-1.602599999999999858e-02,-3.411000000000000143e-02,3.588339999999999863e-01,3.467599999999999849e-02,-4.455200000000000132e-02,1.129020000000000024e-01,2.175600000000000034e-01,-1.505479999999999874e-01,1.459699999999999886e-01,7.165799999999999947e-02,3.403720000000000079e-01,2.877790000000000070e-01,-4.160999999999999768e-03,1.157750000000000029e-01,2.246400000000000133e-02,-1.724239999999999939e-01,-1.100580000000000030e-01,-2.412100000000000008e-02,4.452799999999999814e-02,-3.286100000000000132e-02,1.864540000000000086e-01,8.717099999999999849e-02,-2.266380000000000061e-01,-1.106199999999999961e-01,-4.355400000000000243e-02,2.234589999999999910e-01,-6.567499999999999727e-02,-2.092910000000000048e-01,1.365730000000000000e-01,4.221099999999999852e-02,1.604949999999999988e-01,3.798920000000000075e-01,1.278279999999999972e-01,4.354000000000000231e-03,3.118750000000000133e-01,-1.096710000000000046e-01,2.014829999999999954e-01,1.764000000000000012e-01,-1.842090000000000116e-01,2.671109999999999873e-01,-1.316640000000000033e-01,2.074399999999999855e-02,2.604339999999999988e-01,7.316799999999999693e-02,1.589710000000000012e-01,-1.432239999999999902e-01,6.979200000000000681e-02,4.239049999999999763e-01,5.269999999999999685e-02,1.185729999999999978e-01,1.983610000000000095e-01,2.781830000000000136e-01,-2.320619999999999905e-01,-5.365899999999999836e-02,5.031800000000000161e-02,2.373669999999999947e-01,2.047630000000000006e-01,5.941899999999999959e-02,2.168660000000000032e-01,1.353260000000000018e-01
4.758379999999999832e-01,-3.977280000000000260e-01,-6.434999999999999748e-03,-8.477300000000000113e-02,-3.198999999999999760e-02,-1.911480000000000123e-01,-1.940060000000000118e-01,-3.563430000000000208e-01,-1.389589999999999992e-01,-3.570809999999999818e-01,-9.452999999999999597e-03,-1.466409999999999936e-01,-1.818960000000000021e-01,4.720699999999999896e-02,1.000000000000000000e+00,-5.600000000000000117e-02,-2.409530000000000005e-01,-3.484169999999999767e-01,-5.880500000000000310e-02,4.420529999999999737e-01,4.573639999999999928e-01,4.343569999999999931e-01,-1.468160000000000021e-01,-7.144899999999999862e-02,-2.437539999999999984e-01,-1.603009999999999990e-01,1.527479999999999949e-01,1.985260000000000080e-01,1.219169999999999976e-01,6.159699999999999898e-02,4.346189999999999776e-01,3.453660000000000063e-01,-2.682910000000000017e-01,3.114009999999999834e-01,2.954890000000000017e-01,1.687960000000000016e-01,-1.029739999999999961e-01,-1.007809999999999956e-01,2.110930000000000029e-01,-2.731069999999999887e-01,2.841650000000000009e-01,1.603410000000000113e-01,-2.200840000000000019e-01,-5.445099999999999940e-02,-7.387000000000000510e-02,2.609870000000000245e-01,-9.454200000000000104e-02,-4.845200000000000201e-02,2.627030000000000198e-01,1.898880000000000012e-01,9.756800000000000195e-02,-1.815599999999999992e-01,-2.229760000000000075e-01,4.849900000000000044e-02,-2.440420000000000089e-01,7.408499999999999808e-02,-2.560259999999999758e-01,-7.477100000000000413e-02,1.494230000000000003e-01,7.934919999999999751e-01,6.464370000000000394e-01,-5.942599999999999966e-02,2.593599999999999794e-01,-7.431100000000000205e-02,4.953370000000000273e-01,2.626260000000000261e-01,4.428869999999999751e-01,3.568600000000000244e-02,3.633800000000000224e-02,7.545499999999999430e-02,9.380600000000000049e-02,1.246820000000000012e-01,1.305109999999999881e-01,4.371140000000000025e-01,9.033700000000000063e-02,4.805479999999999752e-01
2.267979999999999996e-01,3.197849999999999859e-01,9.454899999999999416e-02,-2.159570000000000101e-01,2.485700000000000132e-01,1.652520000000000100e-01,6.445000000000000208e-03,-1.139539999999999997e-01,1.245160000000000017e-01,6.178800000000000264e-02,2.093639999999999946e-01,-1.720009999999999872e-01,2.754489999999999994e-01,1.285090000000000121e-01,-5.600000000000000117e-02,1.000000000000000000e+00,4.220409999999999995e-01,7.419569999999999776e-01,2.277900000000000064e-02,1.275260000000000005e-01,7.390599999999999947e-02,3.761129999999999751e-01,-1.384309999999999985e-01,-1.686380000000000101e-01,5.982750000000000012e-01,2.538569999999999993e-01,1.536700000000000010e-01,1.478150000000000019e-01,4.342500000000000249e-01,3.420000000000000123e-02,2.823359999999999759e-01,1.401890000000000081e-01,4.054300000000000265e-02,1.931450000000000111e-01,-4.180899999999999894e-02,-1.041409999999999975e-01,-1.905149999999999899e-01,1.874389999999999945e-01,-1.800910000000000011e-01,8.948200000000000598e-02,3.709900000000000003e-02,4.739199999999999663e-02,-3.076849999999999863e-01,-2.223229999999999928e-01,-8.423999999999999197e-03,9.763800000000000257e-02,4.075800000000000256e-02,2.497200000000000114e-02,-2.880999999999999880e-02,2.141000000000000108e-03,-5.198900000000000049e-02,-8.346099999999999353e-02,-2.237039999999999862e-01,1.377269999999999883e-01,-2.500000000000000052e-04,1.013789999999999969e-01,-1.655240000000000045e-01,1.158010000000000012e-01,-2.139210000000000000e-01,-1.369289999999999952e-01,1.505209999999999881e-01,8.834799999999999598e-02,2.171589999999999909e-01,4.522099999999999731e-02,9.720099999999999574e-02,-7.085199999999999831e-02,1.006770000000000026e-01,-7.394900000000000084e-02,-1.075590000000000018e-01,7.011100000000000665e-02,1.052200000000000010e-02,-7.170799999999999397e-02,6.843200000000000671e-02,6.764799999999999980e-02,-1.410400000000000022e-02,3.763600000000000279e-02
8.702200000000000213e-02,7.280710000000000237e-01,5.375200000000000117e-02,-1.540980000000000127e-01,5.059460000000000068e-01,3.588489999999999736e-01,5.445879999999999610e-01,4.201630000000000087e-01,5.747860000000000191e-01,4.521769999999999956e-01,5.235399999999999776e-02,4.476339999999999764e-01,7.544229999999999547e-01,-1.602599999999999858e-02,-2.409530000000000005e-01,4.220409999999999995e-01,1.000000000000000000e+00,4.749320000000000208e-01,4.956200000000000189e-02,-1.696749999999999925e-01,2.614670000000000050e-01,2.191359999999999975e-01,4.122290000000000121e-01,8.954600000000000060e-02,4.809550000000000214e-01,4.899069999999999814e-01,-1.329859999999999931e-01,4.229479999999999906e-01,-2.228000000000000119e-02,3.337100000000000066e-01,-6.449000000000000565e-02,-2.035260000000000125e-01,4.393099999999999783e-01,6.994000000000000217e-02,-5.887879999999999781e-01,-4.451789999999999914e-01,1.367730000000000057e-01,2.322829999999999895e-01,-5.500499999999999834e-02,5.328530000000000211e-01,2.526199999999999973e-02,-2.271000000000000015e-03,2.113569999999999893e-01,3.142299999999999954e-02,4.102700000000000097e-02,-3.541300000000000003e-02,2.778089999999999726e-01,9.947699999999999598e-02,-5.770429999999999726e-01,-2.309769999999999879e-01,1.103039999999999993e-01,4.048459999999999837e-01,2.380140000000000033e-01,2.098540000000000127e-01,4.385609999999999786e-01,5.399799999999999739e-02,5.749309999999999699e-01,5.789809999999999679e-01,-4.491120000000000112e-01,-2.293580000000000063e-01,-3.047960000000000114e-01,6.757499999999999618e-01,-1.822800000000000115e-02,5.043999999999999873e-02,-3.107940000000000147e-01,2.361250000000000016e-01,1.107650000000000023e-01,2.969660000000000077e-01,-1.137559999999999960e-01,-3.699600000000000111e-02,2.604609999999999981e-01,-9.768200000000000494e-02,2.503489999999999882e-01,-4.247900000000000287e-02,1.408179999999999987e-01,-2.185189999999999910e-01
-1.208779999999999993e-01,4.792730000000000046e-01,-5.884000000000000341e-02,-8.431700000000000306e-02,1.827449999999999908e-01,2.314479999999999871e-01,-7.551999999999999685e-03,1.490489999999999871e-01,6.144800000000000262e-02,1.138320000000000026e-01,4.060799999999999826e-02,-2.768800000000000081e-02,3.691200000000000037e-01,-3.411000000000000143e-02,-3.484169999999999767e-01,7.419569999999999776e-01,4.749320000000000208e-01,1.000000000000000000e+00,-1.009260000000000018e-01,-2.389830000000000010e-01,-1.164189999999999947e-01,1.930499999999999924e-02,3.655999999999999962e-03,-1.128170000000000006e-01,6.179700000000000193e-01,3.627850000000000241e-01,1.631999999999999987e-03,1.685499999999999846e-02,3.432060000000000111e-01,-1.793889999999999929e-01,-1.939099999999999852e-02,-8.353599999999999914e-02,1.055149999999999977e-01,-7.634000000000000508e-02,-6.302699999999999969e-02,-6.494600000000000373e-02,-1.272250000000000048e-01,1.618759999999999921e-01,-2.438919999999999977e-01,5.052800000000000347e-02,-2.336350000000000093e-01,-9.567199999999999316e-02,-1.513160000000000061e-01,-1.484969999999999901e-01,-3.808899999999999786e-02,-1.979829999999999923e-01,2.825799999999999840e-02,-4.892400000000000221e-02,6.381000000000000387e-03,2.618200000000000041e-02,-2.509300000000000072e-02,-1.193690000000000029e-01,-3.135099999999999693e-02,2.924200000000000063e-02,2.013500000000000012e-02,-1.521400000000000009e-02,-1.376000000000000053e-03,1.323979999999999879e-01,-2.772510000000000252e-01,-4.510190000000000032e-01,-1.717349999999999988e-01,1.650250000000000050e-01,1.944660000000000000e-01,-4.891800000000000315e-02,-2.702260000000000217e-01,-2.381769999999999998e-01,-2.702200000000000157e-01,-5.693899999999999656e-02,-5.969399999999999706e-02,2.236099999999999893e-02,3.363000000000000104e-03,-1.898080000000000045e-01,-4.939299999999999941e-02,-1.914919999999999956e-01,-1.707859999999999934e-01,-3.056599999999999873e-01
1.385740000000000027e-01,-1.334899999999999975e-02,9.159939999999999749e-01,-4.938700000000000034e-02,1.280610000000000082e-01,3.330750000000000099e-01,1.254470000000000030e-01,6.084900000000000031e-02,3.924900000000000055e-01,-7.764100000000000168e-02,8.495179999999999954e-01,-1.624849999999999905e-01,-7.663300000000000667e-02,3.588339999999999863e-01,-5.880500000000000310e-02,2.277900000000000064e-02,4.956200000000000189e-02,-1.009260000000000018e-01,1.000000000000000000e+00,-3.680599999999999844e-02,-9.371899999999999675e-02,2.376500000000000001e-01,4.222330000000000250e-01,-3.362760000000000193e-01,1.342210000000000070e-01,-4.585299999999999793e-02,5.211609999999999854e-01,-6.883100000000000329e-02,-7.888399999999999579e-02,-4.381700000000000178e-02,-1.123389999999999944e-01,-1.045179999999999998e-01,-2.263769999999999949e-01,-1.292230000000000045e-01,-1.231900000000000009e-02,-3.691940000000000222e-01,-4.142699999999999855e-02,-6.488299999999999623e-02,-1.285900000000000098e-01,-9.815799999999999526e-02,1.963799999999999921e-02,1.343610000000000082e-01,-1.797729999999999884e-01,-7.154900000000000149e-02,-6.192199999999999788e-02,-1.314000000000000064e-02,2.141790000000000083e-01,8.833429999999999893e-01,-1.883039999999999992e-01,4.093200000000000310e-02,3.692790000000000239e-01,4.109600000000000058e-02,3.252940000000000276e-01,3.049020000000000064e-01,-1.508150000000000046e-01,7.759249999999999758e-01,-1.549719999999999986e-01,8.593800000000000050e-02,8.574199999999999877e-02,1.249199999999999963e-02,7.958099999999999896e-02,1.341000000000000004e-02,3.117299999999999932e-02,9.112510000000000332e-01,-1.850900000000000115e-02,2.337600000000000094e-02,3.116120000000000001e-01,4.979379999999999917e-01,-4.813250000000000028e-01,-3.657200000000000034e-02,-1.174000000000000044e-02,4.548110000000000208e-01,6.173700000000000021e-02,8.493599999999999761e-02,-1.609530000000000127e-01,-1.344120000000000037e-01
2.446460000000000024e-01,-2.134630000000000138e-01,1.649000000000000075e-03,-2.356530000000000014e-01,-1.161060000000000009e-01,-1.130469999999999947e-01,-4.338800000000000295e-02,-4.932469999999999910e-01,-4.505200000000000177e-02,-1.798349999999999949e-01,-3.824400000000000022e-02,-3.442370000000000152e-01,-2.044159999999999866e-01,3.467599999999999849e-02,4.420529999999999737e-01,1.275260000000000005e-01,-1.696749999999999925e-01,-2.389830000000000010e-01,-3.680599999999999844e-02,1.000000000000000000e+00,2.621629999999999794e-01,7.007520000000000415e-01,-3.791760000000000130e-01,-2.815300000000000025e-01,-1.110899999999999943e-01,-2.545160000000000200e-01,2.157219999999999971e-01,3.469499999999999668e-02,2.529370000000000229e-01,2.497530000000000028e-01,5.036249999999999893e-01,1.966710000000000125e-01,-4.539999999999999765e-04,1.216700000000000073e-02,2.448699999999999835e-02,-1.178280000000000022e-01,-1.372319999999999929e-01,-7.563899999999999790e-02,7.079499999999999682e-02,4.419599999999999917e-02,1.216789999999999955e-01,-4.035299999999999998e-02,-1.621740000000000126e-01,-6.817399999999999849e-02,-2.185700000000000143e-02,2.196359999999999979e-01,1.335530000000000050e-01,-1.266930000000000001e-01,-3.005499999999999838e-02,-2.215209999999999957e-01,-8.813600000000000600e-02,1.322339999999999904e-01,-4.891599999999999837e-01,9.615100000000000036e-02,-9.397600000000000398e-02,-3.858700000000000324e-02,-3.652699999999999836e-01,-2.627699999999999828e-02,-9.151600000000000013e-02,5.020850000000000035e-01,5.418429999999999636e-01,-1.145229999999999998e-01,1.220099999999999935e-01,-5.152199999999999835e-02,8.615930000000000533e-01,1.138480000000000047e-01,7.710110000000000019e-01,-2.042740000000000111e-01,-1.433830000000000104e-01,1.430879999999999930e-01,-3.689900000000000124e-02,1.841089999999999949e-01,6.907699999999999951e-02,5.960060000000000358e-01,3.822519999999999807e-01,5.899370000000000447e-01
