1.000000000000000000e+00,-1.409229999999999927e-01,-4.430890000000000106e-01,1.666169999999999873e-01,-3.329329999999999790e-01,-2.664920000000000067e-01,-1.950179999999999969e-01,-8.952300000000000535e-02,-3.723319999999999963e-01,1.158209999999999934e-01,-4.707009999999999805e-01,-1.531170000000000031e-01,-1.841649999999999954e-01,-1.337019999999999875e-01,-5.431500000000000217e-02,4.014139999999999930e-01,3.830729999999999968e-01,1.729060000000000041e-01,-1.400079999999999936e-01,-3.115390000000000104e-01,5.031430000000000069e-01,-2.526829999999999909e-01,-1.928010000000000002e-01,4.469730000000000092e-01,3.347519999999999940e-01,3.491569999999999951e-01,-4.968330000000000246e-01,-6.779699999999999616e-02,1.943729999999999902e-01,4.419190000000000063e-01,6.337450000000000028e-01,5.723540000000000294e-01,4.277259999999999951e-01,4.626469999999999749e-01,5.185490000000000377e-01,4.157399999999999984e-02,-3.027399999999999883e-02,1.240290000000000004e-01,5.492899999999999450e-01,4.272079999999999766e-01,5.275609999999999467e-01,6.185340000000000282e-01,1.268749999999999878e-01,1.152180000000000010e-01,-1.259399999999999929e-02,8.772429999999999950e-01,3.568979999999999930e-01,-4.539199999999999902e-01,9.992900000000000393e-02,-3.165789999999999993e-01,-2.391570000000000085e-01,-5.562999999999999889e-02,-6.028800000000000131e-02,-3.872869999999999924e-01,1.789830000000000032e-01,-4.667709999999999915e-01,-1.661239999999999939e-01,-2.544899999999999940e-02,-2.177219999999999989e-01,2.337150000000000061e-01,5.388079999999999536e-01,3.131559999999999899e-01,5.366849999999999676e-01,-4.030899999999999761e-02,-1.565799999999999970e-01,6.704210000000000447e-01,1.722229999999999872e-01,-2.249120000000000008e-01,4.516970000000000152e-01,5.021409999999999485e-01,6.097780000000000422e-01,-2.986650000000000138e-01,-7.163000000000000096e-03,6.009459999999999802e-01,4.250579999999999914e-01,6.842270000000000296e-01
-1.409229999999999927e-01,1.000000000000000000e+00,4.142999999999999981e-03,-5.697800000000000087e-02,6.739000000000000545e-02,7.241480000000000139e-01,3.019430000000000169e-01,3.606969999999999898e-01,-1.153819999999999985e-01,2.471839999999999871e-01,-2.938699999999999993e-02,2.988299999999999845e-01,3.398370000000000002e-01,8.833599999999999786e-02,-7.532999999999999419e-02,3.033699999999999730e-01,3.442600000000000104e-01,4.159340000000000259e-01,1.648199999999999943e-01,-2.078999999999999945e-02,1.965280000000000082e-01,1.846309999999999896e-01,3.796849999999999947e-01,1.565070000000000072e-01,6.042549999999999866e-01,6.973179999999999934e-01,-1.077999999999999965e-03,-3.503599999999999770e-02,2.849619999999999931e-01,-9.428999999999999881e-03,-1.428550000000000098e-01,-4.721800000000000302e-02,3.149270000000000125e-01,1.327969999999999984e-01,2.727900000000000116e-02,-8.573100000000000165e-02,-6.668200000000000516e-02,7.620499999999999496e-02,-1.708760000000000001e-01,2.199949999999999961e-01,-4.939299999999999941e-02,-5.917599999999999943e-02,9.724199999999999511e-02,1.471199999999999938e-02,1.579579999999999873e-01,-3.158070000000000044e-01,3.270009999999999861e-01,-8.490499999999999436e-02,-2.120019999999999960e-01,-9.173099999999999310e-02,1.180009999999999948e-01,2.188599999999999920e-02,8.380200000000000149e-02,-1.417809999999999904e-01,1.740109999999999990e-01,-1.204329999999999984e-01,1.308709999999999873e-01,1.805750000000000133e-01,-4.904300000000000326e-02,-2.620890000000000164e-01,-2.570049999999999835e-01,1.365500000000000047e-01,-7.762299999999999756e-02,8.314699999999999869e-02,-2.662199999999999983e-02,-1.391330000000000067e-01,7.622600000000000209e-02,-7.318999999999999985e-03,-9.226299999999999779e-02,-4.792899999999999938e-02,1.258519999999999917e-01,-1.660929999999999906e-01,-1.136799999999999963e-02,-1.980429999999999968e-01,-2.168000000000000135e-02,-3.198369999999999824e-01
-4.430890000000000106e-01,4.142999999999999981e-03,1.000000000000000000e+00,-3.480630000000000113e-01,5.664080000000000226e-01,1.039560000000000067e-01,2.912549999999999861e-01,5.472899999999999987e-02,7.457089999999999552e-01,-4.976099999999999968e-02,8.724520000000000053e-01,7.459699999999999664e-02,5.144220000000000459e-01,1.855980000000000130e-01,5.977550000000000363e-01,-7.258999999999999828e-03,-2.027569999999999928e-01,-3.715799999999999659e-02,6.810490000000000155e-01,8.398729999999999807e-01,-4.257259999999999933e-01,7.779669999999999641e-01,2.994560000000000000e-01,-4.215039999999999898e-01,-2.250409999999999910e-01,-3.055919999999999748e-01,8.464660000000000517e-01,5.955139999999999878e-01,2.408279999999999865e-01,7.783800000000000441e-02,-1.885709999999999886e-01,-7.236080000000000290e-01,-5.757130000000000303e-01,-5.904390000000000471e-01,-4.376740000000000075e-01,-2.325389999999999957e-01,-6.275799999999999434e-02,-2.102150000000000130e-01,-6.909809999999999564e-01,-4.778720000000000190e-01,-6.025319999999999565e-01,-5.407199999999999784e-01,1.127709999999999962e-01,1.918299999999999866e-02,1.420770000000000088e-01,-4.040960000000000107e-01,-3.632420000000000093e-01,9.409750000000000059e-01,-4.768600000000000061e-01,6.903299999999999992e-01,5.397680000000000256e-01,4.143700000000000161e-01,8.368799999999999850e-02,7.867939999999999934e-01,-1.619699999999999959e-02,7.954240000000000199e-01,7.674999999999999878e-02,1.223059999999999981e-01,2.998810000000000087e-01,3.204449999999999799e-01,-2.253850000000000020e-01,-1.789910000000000112e-01,-3.054669999999999885e-01,6.180499999999999883e-01,7.502210000000000267e-01,-4.961900000000000199e-01,4.931900000000000173e-01,3.013089999999999935e-01,-3.182110000000000216e-01,-2.860179999999999945e-01,-4.465999999999999970e-01,7.874139999999999473e-01,4.435350000000000126e-01,-2.314470000000000138e-01,5.631300000000000194e-02,-2.453190000000000093e-01
1.666169999999999873e-01,-5.697800000000000087e-02,-3.480630000000000113e-01,1.000000000000000000e+00,-5.706599999999999867e-02,-4.383999999999999876e-03,8.663999999999999480e-02,6.450100000000000278e-02,-3.347660000000000080e-01,-1.136400000000000084e-02,-2.331840000000000024e-01,-6.072099999999999720e-02,-2.103990000000000027e-01,2.101419999999999955e-01,-2.492540000000000033e-01,6.861899999999999944e-02,3.547100000000000253e-02,4.191700000000000287e-02,1.054700000000000082e-02,-3.813779999999999948e-01,9.893299999999999317e-02,-3.491730000000000111e-01,-2.571089999999999764e-01,9.357899999999999552e-02,-1.385600000000000026e-02,7.922500000000000375e-02,-3.709060000000000135e-01,9.036500000000000088e-02,-1.021780000000000049e-01,2.158380000000000021e-01,2.009209999999999885e-01,3.836169999999999858e-01,1.537959999999999883e-01,1.905169999999999919e-01,9.622400000000000397e-02,7.341529999999999445e-01,5.182290000000000507e-01,2.763740000000000085e-01,3.660519999999999885e-01,6.493699999999999473e-02,2.628110000000000168e-01,1.439590000000000036e-01,1.370450000000000002e-01,2.962350000000000261e-01,-1.734300000000000008e-01,1.352589999999999903e-01,9.197600000000000220e-02,-2.467239999999999989e-01,1.957309999999999883e-01,-2.926210000000000200e-01,-3.452879999999999838e-01,-8.031199999999999450e-02,-1.292369999999999908e-01,-3.336009999999999809e-01,-1.259760000000000046e-01,-8.929700000000000137e-02,-7.039900000000000324e-02,2.506699999999999900e-02,1.310000000000000129e-04,-1.987399999999999931e-02,1.028599999999999931e-01,-1.371199999999999919e-01,6.816200000000000037e-02,-3.177100000000000063e-02,-4.268259999999999832e-01,1.277179999999999982e-01,-2.895309999999999828e-01,-2.440100000000000047e-01,6.941500000000000448e-02,7.290599999999999858e-02,7.140000000000000513e-02,-3.585160000000000013e-01,-6.662800000000000666e-02,7.412199999999999345e-02,1.207140000000000019e-01,1.789860000000000062e-01
-3.329329999999999790e-01,6.739000000000000545e-02,5.664080000000000226e-01,-5.706599999999999867e-02,1.000000000000000000e+00,5.975699999999999762e-02,7.040750000000000064e-01,-1.532100000000000128e-01,7.451759999999999495e-01,3.959509999999999974e-01,7.392370000000000330e-01,1.646340000000000026e-01,7.698279999999999568e-01,2.393210000000000059e-01,3.738270000000000204e-01,5.916099999999999831e-02,1.859520000000000062e-01,9.630099999999999771e-02,3.959980000000000167e-01,4.871170000000000222e-01,-3.123650000000000038e-01,5.122069999999999679e-01,-1.002809999999999951e-01,-3.096369999999999956e-01,4.831599999999999784e-02,-2.138809999999999878e-01,6.191809999999999814e-01,4.803899999999999837e-01,3.180870000000000086e-01,1.065299999999999928e-02,1.326699999999999928e-02,-4.056859999999999911e-01,-1.373260000000000036e-01,-2.628900000000000126e-01,-2.706270000000000064e-01,-5.570399999999999657e-02,-2.406300000000000106e-02,-2.890399999999999914e-02,-4.229740000000000166e-01,-1.132090000000000041e-01,-3.753380000000000050e-01,-4.945410000000000084e-01,2.796250000000000124e-01,3.011849999999999805e-01,3.323169999999999735e-01,-2.454069999999999863e-01,-2.017120000000000024e-01,4.762179999999999747e-01,-5.432169999999999499e-01,8.278839999999999533e-01,2.492499999999999993e-01,7.053329999999999878e-01,-1.791240000000000054e-01,6.053910000000000124e-01,2.371510000000000007e-01,6.734510000000000218e-01,1.892020000000000091e-01,3.695629999999999749e-01,2.729440000000000199e-01,2.777990000000000181e-01,-7.410999999999999532e-02,8.307000000000000495e-02,-4.171500000000000208e-02,2.041600000000000081e-01,4.957300000000000040e-01,-3.494129999999999736e-01,2.624500000000000166e-01,-9.890500000000000680e-02,-1.410069999999999935e-01,-4.887600000000000278e-02,-3.044749999999999956e-01,5.471589999999999510e-01,3.738620000000000276e-01,-5.693999999999999756e-02,4.266199999999999853e-02,-6.903099999999999514e-02
-2.664920000000000067e-01,7.241480000000000139e-01,1.039560000000000067e-01,-4.383999999999999876e-03,5.975699999999999762e-02,1.000000000000000000e+00,3.033370000000000233e-01,5.637699999999999934e-01,-8.530100000000000182e-02,2.107759999999999911e-01,-6.978999999999999961e-03,3.937260000000000204e-01,3.407629999999999826e-01,3.442990000000000217e-01,-2.253179999999999905e-01,1.562979999999999925e-01,2.254490000000000105e-01,4.035739999999999883e-01,2.055639999999999967e-01,3.214000000000000190e-02,1.262999999999999956e-01,1.195409999999999945e-01,5.484670000000000378e-01,2.017639999999999989e-01,3.812300000000000133e-01,5.622009999999999508e-01,3.709300000000000097e-02,6.687899999999999401e-02,2.833959999999999813e-01,1.240279999999999994e-01,-1.666400000000000103e-01,-1.402600000000000027e-02,8.532399999999999707e-02,-3.997999999999999818e-03,-2.045999999999999902e-02,-4.374000000000000284e-03,4.653399999999999898e-02,8.247799999999999576e-02,-8.239900000000000002e-02,2.359999999999999945e-02,-1.287500000000000033e-01,-5.763100000000000167e-02,4.055500000000000077e-02,-3.567599999999999938e-02,2.419299999999999923e-02,-3.509950000000000014e-01,6.452700000000000102e-02,8.822299999999999587e-02,-4.285800000000000026e-02,-1.212799999999999989e-02,4.024070000000000147e-01,-9.549999999999999462e-03,3.205379999999999896e-01,-3.674899999999999695e-02,7.397900000000000309e-02,-8.786900000000000266e-02,2.649409999999999821e-01,3.842999999999999750e-01,1.367339999999999944e-01,-3.594600000000000017e-01,-2.812720000000000220e-01,1.687190000000000079e-01,-1.041259999999999963e-01,2.467840000000000034e-01,-1.123360000000000053e-01,-2.385919999999999985e-01,-3.763299999999999979e-02,3.152019999999999822e-01,-4.923999999999999905e-02,-2.340139999999999998e-01,3.623799999999999938e-02,-1.281650000000000011e-01,1.197239999999999971e-01,-2.713720000000000021e-01,1.055299999999999988e-02,-3.184989999999999766e-01
-1.950179999999999969e-01,3.019430000000000169e-01,2.912549999999999861e-01,8.663999999999999480e-02,7.040750000000000064e-01,3.033370000000000233e-01,1.000000000000000000e+00,-3.521799999999999931e-02,3.674419999999999908e-01,5.567410000000000414e-01,3.475119999999999876e-01,2.487090000000000134e-01,7.628460000000000241e-01,1.396880000000000066e-01,4.870499999999999829e-02,3.754799999999999804e-01,4.336749999999999772e-01,4.734999999999999765e-01,2.862140000000000239e-01,2.669650000000000079e-01,-4.267699999999999966e-02,3.633620000000000183e-01,-1.209969999999999934e-01,-1.733900000000000025e-02,3.542919999999999958e-01,1.153239999999999960e-01,3.453100000000000058e-01,3.874259999999999926e-01,5.558359999999999967e-01,1.435349999999999959e-01,2.541289999999999938e-01,-1.220870000000000011e-01,1.365039999999999865e-01,8.899999999999999925e-03,8.577200000000000102e-02,-1.217599999999999932e-02,1.160619999999999985e-01,3.162340000000000151e-01,-2.111909999999999898e-01,2.112549999999999983e-01,-7.818700000000000649e-02,-1.356900000000000051e-01,4.784720000000000084e-01,5.205990000000000339e-01,6.169869999999999521e-01,-1.060890000000000027e-01,1.390230000000000077e-01,1.188069999999999959e-01,-2.733800000000000119e-01,5.203600000000000447e-01,2.365760000000000085e-01,7.715940000000000021e-01,-1.625439999999999940e-01,2.514109999999999956e-01,5.500099999999999989e-01,2.214049999999999907e-01,2.457890000000000075e-01,4.088530000000000220e-01,5.789400000000000102e-02,7.104800000000000004e-02,6.315800000000000580e-02,3.359690000000000176e-01,1.699730000000000130e-01,1.559089999999999920e-01,3.393860000000000210e-01,-1.600610000000000088e-01,2.973819999999999797e-01,-2.242379999999999929e-01,1.554830000000000101e-01,2.081909999999999872e-01,-8.971700000000000508e-02,3.174089999999999967e-01,3.229690000000000061e-01,1.876690000000000025e-01,1.606740000000000113e-01,1.100909999999999944e-01
-8.952300000000000535e-02,3.606969999999999898e-01,5.472899999999999987e-02,6.450100000000000278e-02,-1.532100000000000128e-01,5.637699999999999934e-01,-3.521799999999999931e-02,1.000000000000000000e+00,-1.635099999999999887e-01,7.859700000000000020e-02,-8.066900000000000459e-02,5.159080000000000332e-01,-4.233599999999999863e-02,3.590659999999999963e-01,-1.626180000000000125e-01,-2.497709999999999930e-01,3.021300000000000027e-02,-1.275179999999999925e-01,1.753429999999999989e-01,-1.071030000000000038e-01,3.800020000000000064e-01,-1.141660000000000036e-01,8.125329999999999497e-01,4.892830000000000235e-01,-1.133429999999999993e-01,5.141919999999999824e-01,-1.851970000000000005e-01,-6.888800000000000479e-02,-2.020319999999999894e-01,1.352309999999999901e-01,-2.590419999999999945e-01,7.272000000000000686e-02,5.010599999999999776e-02,4.394999999999999601e-03,7.590900000000000425e-02,2.054209999999999925e-01,3.505799999999999889e-02,3.079199999999999993e-02,3.826500000000000040e-02,1.415800000000000045e-02,-6.217999999999999916e-02,5.536699999999999955e-02,1.549480000000000024e-01,-5.010200000000000070e-02,-8.030600000000000238e-02,-1.717500000000000138e-01,-1.801490000000000036e-01,8.191900000000000570e-02,5.960900000000000226e-02,-1.058349999999999985e-01,2.792450000000000210e-01,-2.223469999999999891e-01,8.495080000000000409e-01,-5.865399999999999781e-02,-2.067899999999999947e-02,-5.294000000000000095e-02,4.558039999999999869e-01,1.455780000000000129e-01,2.729659999999999864e-01,-2.866409999999999791e-01,-5.247389999999999555e-01,6.046599999999999892e-02,-2.932690000000000019e-01,2.016010000000000024e-01,-3.023560000000000136e-01,6.596100000000000574e-02,-1.621140000000000081e-01,6.734689999999999843e-01,2.521970000000000045e-01,-4.497900000000000231e-01,2.751069999999999904e-01,-3.036820000000000075e-01,-4.938900000000000234e-02,-4.252079999999999749e-01,2.585000000000000058e-03,-3.373450000000000060e-01
-3.723319999999999963e-01,-1.153819999999999985e-01,7.457089999999999552e-01,-3.347660000000000080e-01,7.451759999999999495e-01,-8.530100000000000182e-02,3.674419999999999908e-01,-1.635099999999999887e-01,1.000000000000000000e+00,1.552469999999999961e-01,8.211000000000000520e-01,1.149600000000000066e-01,5.895449999999999857e-01,8.758499999999999619e-02,5.106910000000000061e-01,-1.403389999999999915e-01,-2.076700000000000074e-02,-1.431920000000000137e-01,4.509799999999999920e-01,6.764099999999999557e-01,-4.784059999999999979e-01,5.887630000000000363e-01,2.296600000000000030e-02,-3.587090000000000001e-01,-1.884840000000000126e-01,-3.408379999999999743e-01,7.848460000000000436e-01,4.267900000000000027e-01,1.921170000000000100e-01,-1.251440000000000052e-01,-1.565249999999999975e-01,-5.820130000000000026e-01,-4.226679999999999882e-01,-5.182099999999999485e-01,-3.815640000000000143e-01,-2.141059999999999908e-01,-2.325919999999999932e-01,-2.521869999999999945e-01,-5.770640000000000214e-01,-3.387260000000000271e-01,-5.655660000000000132e-01,-5.503169999999999451e-01,8.070199999999999596e-02,2.881500000000000034e-02,2.030959999999999988e-01,-2.806919999999999971e-01,-4.005589999999999984e-01,6.592879999999999852e-01,-5.697680000000000522e-01,8.415690000000000115e-01,2.967679999999999763e-01,5.241559999999999553e-01,-1.270910000000000095e-01,9.009129999999999638e-01,8.520899999999999308e-02,7.722710000000000408e-01,1.275060000000000082e-01,1.361030000000000018e-01,3.119399999999999951e-01,2.928509999999999724e-01,-2.116679999999999950e-01,-5.559100000000000152e-02,-2.512289999999999801e-01,2.908319999999999794e-01,6.329960000000000031e-01,-4.394770000000000065e-01,3.062900000000000067e-01,3.542399999999999716e-02,-1.983109999999999873e-01,-2.088329999999999909e-01,-3.748929999999999763e-01,7.154779999999999474e-01,3.266040000000000054e-01,-1.941980000000000095e-01,-9.697999999999999676e-02,-1.725569999999999882e-01
1.158209999999999934e-01,2.471839999999999871e-01,-4.976099999999999968e-02,-1.136400000000000084e-02,3.959509999999999974e-01,2.107759999999999911e-01,5.567410000000000414e-01,7.859700000000000020e-02,1.552469999999999961e-01,1.000000000000000000e+00,-3.941900000000000265e-02,5.941600000000000215e-01,5.731110000000000371e-01,2.952400000000000024e-01,-1.692079999999999973e-01,2.160610000000000031e-01,7.168219999999999592e-01,2.526749999999999829e-01,6.747499999999999332e-02,-1.042939999999999978e-01,8.318799999999999806e-02,-2.193600000000000064e-02,4.142999999999999981e-03,4.121110000000000051e-01,4.144780000000000131e-01,3.793009999999999993e-01,-1.322850000000000137e-01,2.297499999999999890e-02,2.825920000000000099e-01,9.171799999999999398e-02,3.947240000000000193e-01,1.261919999999999986e-01,5.108620000000000383e-01,1.980800000000000061e-01,2.765819999999999945e-01,8.398600000000000509e-02,-2.068400000000000100e-02,3.241419999999999857e-01,2.217200000000000074e-02,5.624209999999999487e-01,6.492599999999999760e-02,1.986900000000000124e-02,6.020140000000000491e-01,5.620530000000000248e-01,6.582919999999999883e-01,2.013210000000000000e-01,2.034880000000000022e-01,-1.780690000000000051e-01,-2.262419999999999987e-01,3.696760000000000046e-01,1.037550000000000000e-01,4.384950000000000236e-01,1.788199999999999859e-02,6.873600000000000543e-02,7.807870000000000088e-01,-1.054049999999999987e-01,6.534710000000000241e-01,5.048580000000000290e-01,1.532900000000000096e-01,-8.264399999999999524e-02,4.850999999999999757e-02,7.842639999999999612e-01,4.213959999999999928e-01,7.406100000000000183e-02,-5.256999999999999867e-02,8.305400000000000282e-02,4.836000000000000021e-03,-4.055600000000000177e-02,5.468699999999999672e-01,3.071119999999999961e-01,4.376920000000000255e-01,-1.451349999999999862e-01,4.663599999999999690e-02,1.774489999999999956e-01,7.074300000000000033e-02,2.797109999999999874e-01
-4.707009999999999805e-01,-2.938699999999999993e-02,8.724520000000000053e-01,-2.331840000000000024e-01,7.392370000000000330e-01,-6.978999999999999961e-03,3.475119999999999876e-01,-8.066900000000000459e-02,8.211000000000000520e-01,-3.941900000000000265e-02,1.000000000000000000e+00,-6.042700000000000154e-02,5.746360000000000356e-01,1.011330000000000007e-01,5.855529999999999902e-01,-8.517399999999999971e-02,-2.013999999999999957e-01,-1.187359999999999943e-01,5.946909999999999696e-01,7.670299999999999896e-01,-4.336450000000000027e-01,7.324779999999999625e-01,7.181999999999999496e-02,-5.470300000000000162e-01,-2.460980000000000112e-01,-3.884029999999999982e-01,8.404479999999999729e-01,5.556600000000000428e-01,1.900860000000000050e-01,-5.618000000000000077e-02,-2.424000000000000044e-01,-6.985149999999999970e-01,-5.700100000000000167e-01,-6.015139999999999931e-01,-5.321099999999999719e-01,-2.053030000000000133e-01,-1.333320000000000061e-01,-3.146970000000000045e-01,-6.601909999999999723e-01,-5.477940000000000031e-01,-6.308409999999999851e-01,-6.941800000000000193e-01,-1.020599999999999979e-02,-4.746600000000000125e-02,3.967999999999999999e-02,-4.802330000000000210e-01,-4.377650000000000152e-01,8.362819999999999698e-01,-5.835839999999999916e-01,7.144169999999999687e-01,3.183409999999999851e-01,4.113060000000000049e-01,-6.987400000000000555e-02,7.447740000000000471e-01,-1.366630000000000067e-01,9.178300000000000347e-01,-7.554700000000000304e-02,7.856599999999999695e-02,3.075789999999999913e-01,2.826549999999999896e-01,-2.723860000000000170e-01,-3.042790000000000217e-01,-3.687639999999999807e-01,3.877200000000000091e-01,6.670490000000000030e-01,-4.941900000000000182e-01,3.565570000000000128e-01,6.299599999999999644e-02,-4.723080000000000056e-01,-3.123500000000000165e-01,-5.512169999999999570e-01,7.317289999999999628e-01,3.556460000000000177e-01,-2.918510000000000271e-01,-5.285399999999999820e-02,-3.109779999999999767e-01
-1.531170000000000031e-01,2.988299999999999845e-01,7.459699999999999664e-02,-6.072099999999999720e-02,1.646340000000000026e-01,3.937260000000000204e-01,2.487090000000000134e-01,5.159080000000000332e-01,1.149600000000000066e-01,5.941600000000000215e-01,-6.042700000000000154e-02,1.000000000000000000e+00,2.437050000000000050e-01,3.195810000000000040e-01,-9.128100000000000103e-02,-1.091209999999999958e-01,3.650789999999999869e-01,2.360000000000000119e-03,2.246799999999999839e-02,-3.740500000000000075e-02,2.716700000000000018e-02,-4.399999999999999745e-02,5.120460000000000012e-01,6.142469999999999875e-01,2.871999999999999987e-03,4.523090000000000166e-01,-1.023710000000000037e-01,-9.046000000000000221e-03,-9.980100000000000082e-02,-1.053140000000000048e-01,-9.592100000000000626e-02,-1.081170000000000048e-01,2.289460000000000106e-01,3.187399999999999956e-02,8.175699999999999634e-02,1.860590000000000022e-01,4.245000000000000162e-02,2.143089999999999995e-01,-2.170390000000000097e-01,2.668019999999999836e-01,-1.142800000000000066e-01,-6.514699999999999658e-02,4.327389999999999848e-01,2.347720000000000085e-01,4.178359999999999852e-01,-8.308699999999999419e-02,-2.152799999999999991e-01,2.752800000000000039e-02,-1.167939999999999950e-01,2.837000000000000077e-01,1.693890000000000118e-01,6.601600000000000523e-02,3.952519999999999922e-01,1.283340000000000036e-01,4.187569999999999903e-01,-4.877299999999999691e-02,9.239370000000000083e-01,3.760839999999999739e-01,1.877520000000000022e-01,-1.775950000000000029e-01,-3.553560000000000052e-01,4.657160000000000188e-01,-2.172400000000000025e-02,9.784800000000000442e-02,-1.058489999999999986e-01,-1.777590000000000003e-01,-7.301000000000000545e-02,3.630650000000000266e-01,4.922300000000000009e-01,-2.760310000000000263e-01,3.316999999999999948e-01,-2.208529999999999938e-01,-6.023999999999999841e-03,-2.893720000000000181e-01,-1.315560000000000063e-01,-2.001789999999999958e-01
-1.841649999999999954e-01,3.398370000000000002e-01,5.144220000000000459e-01,-2.103990000000000027e-01,7.698279999999999568e-01,3.407629999999999826e-01,7.628460000000000241e-01,-4.233599999999999863e-02,5.895449999999999857e-01,5.731110000000000371e-01,5.746360000000000356e-01,2.437050000000000050e-01,1.000000000000000000e+00,1.500910000000000022e-01,2.920240000000000058e-01,4.042290000000000050e-01,4.783629999999999827e-01,4.552080000000000015e-01,3.938889999999999891e-01,5.830440000000000067e-01,-1.248979999999999951e-01,6.403860000000000108e-01,-1.012000000000000096e-03,-1.503079999999999972e-01,3.270000000000000129e-01,1.125909999999999966e-01,5.176960000000000450e-01,5.406750000000000167e-01,6.931650000000000311e-01,1.821709999999999996e-01,2.284640000000000004e-01,-3.989500000000000268e-01,-5.895899999999999752e-02,-2.327220000000000122e-01,-1.416050000000000086e-01,-1.750490000000000101e-01,-1.252220000000000000e-01,-6.440400000000000291e-02,-4.354450000000000265e-01,-2.895700000000000010e-02,-3.403700000000000059e-01,-3.754859999999999864e-01,3.102860000000000062e-01,3.442819999999999769e-01,4.082120000000000193e-01,-1.341529999999999945e-01,-1.056700000000000000e-02,3.649450000000000194e-01,-5.201360000000000428e-01,6.928940000000000099e-01,3.577540000000000164e-01,6.763730000000000020e-01,-1.183300000000000046e-01,4.804410000000000069e-01,3.945420000000000038e-01,4.084249999999999825e-01,2.097870000000000013e-01,5.879400000000000182e-01,1.144970000000000016e-01,1.060870000000000007e-01,6.132300000000000251e-02,3.487009999999999832e-01,1.852830000000000032e-01,2.284710000000000074e-01,5.575440000000000396e-01,-2.611200000000000188e-01,3.763199999999999878e-01,-8.859699999999999520e-02,4.098000000000000080e-03,7.255200000000000538e-02,-1.021770000000000039e-01,4.763479999999999936e-01,4.900379999999999736e-01,1.079200000000000020e-01,1.472890000000000033e-01,8.906000000000000028e-02
-1.337019999999999875e-01,8.833599999999999786e-02,1.855980000000000130e-01,2.101419999999999955e-01,2.393210000000000059e-01,3.442990000000000217e-01,1.396880000000000066e-01,3.590659999999999963e-01,8.758499999999999619e-02,2.952400000000000024e-01,1.011330000000000007e-01,3.195810000000000040e-01,1.500910000000000022e-01,1.000000000000000000e+00,2.900099999999999900e-02,-2.390470000000000095e-01,-5.929999999999999941e-04,-1.732460000000000111e-01,2.922819999999999863e-01,-2.188000000000000014e-02,-7.976800000000000557e-02,-7.242700000000000526e-02,3.652949999999999808e-01,9.442200000000000593e-02,-9.475899999999999601e-02,7.170600000000000585e-02,5.375200000000000117e-02,7.227300000000000391e-02,-1.480480000000000129e-01,1.331229999999999913e-01,-3.776000000000000190e-02,-2.442199999999999926e-02,4.142499999999999655e-02,-1.551829999999999876e-01,-7.934700000000000086e-02,3.945339999999999958e-01,1.524949999999999917e-01,1.310890000000000111e-01,-7.804000000000000173e-03,4.234700000000000270e-02,-2.140440000000000120e-01,-1.041539999999999966e-01,4.523550000000000071e-01,2.227459999999999996e-01,9.324899999999999856e-02,-9.377900000000000125e-02,-1.204510000000000025e-01,2.306719999999999882e-01,-1.459950000000000137e-01,2.269349999999999978e-01,2.978810000000000069e-01,1.004970000000000030e-01,3.034990000000000188e-01,1.805990000000000095e-01,1.518470000000000097e-01,1.736709999999999920e-01,4.340559999999999974e-01,1.725730000000000042e-01,7.109229999999999716e-01,1.120130000000000015e-01,-2.961420000000000163e-01,1.407640000000000002e-01,-1.380929999999999935e-01,4.224600000000000022e-01,-1.553529999999999911e-01,-1.234169999999999989e-01,-1.903310000000000002e-01,4.710130000000000150e-01,1.217980000000000035e-01,-1.393719999999999959e-01,4.678100000000000314e-02,1.234700000000000034e-02,3.719000000000000083e-03,-2.739940000000000153e-01,5.437600000000000072e-02,-6.990799999999999792e-02
-5.431500000000000217e-02,-7.532999999999999419e-02,5.977550000000000363e-01,-2.492540000000000033e-01,3.738270000000000204e-01,-2.253179999999999905e-01,4.870499999999999829e-02,-1.626180000000000125e-01,5.106910000000000061e-01,-1.692079999999999973e-01,5.855529999999999902e-01,-9.128100000000000103e-02,2.920240000000000058e-01,2.900099999999999900e-02,1.000000000000000000e+00,5.726200000000000040e-02,-1.919319999999999915e-01,-8.553499999999999992e-02,4.491169999999999884e-01,6.548059999999999992e-01,-5.516000000000000070e-03,6.522280000000000300e-01,-1.616000000000000075e-02,-4.383290000000000242e-01,-1.966110000000000080e-01,-2.546869999999999967e-01,5.777539999999999898e-01,4.019159999999999955e-01,2.369060000000000055e-01,1.008919999999999956e-01,2.599200000000000121e-02,-4.482059999999999933e-01,-3.784770000000000079e-01,-2.876310000000000255e-01,-2.989789999999999948e-01,-1.889250000000000096e-01,-1.935320000000000096e-01,-4.153720000000000190e-01,-4.197620000000000240e-01,-3.356439999999999979e-01,-3.279949999999999810e-01,-3.193429999999999880e-01,8.099900000000000155e-02,-5.660199999999999954e-02,3.352200000000000318e-02,-4.668100000000000027e-02,-1.678010000000000057e-01,5.551930000000000476e-01,-4.399299999999999877e-01,4.252360000000000029e-01,1.375369999999999926e-01,2.514979999999999993e-01,-2.717400000000000024e-02,4.351200000000000068e-01,-1.083439999999999959e-01,5.956770000000000120e-01,-1.146849999999999953e-01,-1.015299999999999953e-01,2.041650000000000131e-01,8.026010000000000089e-01,1.830999999999999945e-03,-2.572429999999999994e-01,-1.372480000000000089e-01,3.496099999999999763e-01,6.409559999999999702e-01,-1.358200000000000032e-02,5.565940000000000332e-01,2.840300000000000116e-02,-3.154350000000000209e-01,-9.567499999999999616e-02,-2.042569999999999941e-01,6.223199999999999843e-01,3.051010000000000111e-01,7.191599999999999382e-02,1.559810000000000085e-01,2.325999999999999943e-02
4.014139999999999930e-01,3.033699999999999730e-01,-7.258999999999999828e-03,6.861899999999999944e-02,5.916099999999999831e-02,1.562979999999999925e-01,3.754799999999999804e-01,-2.497709999999999930e-01,-1.403389999999999915e-01,2.160610000000000031e-01,-8.517399999999999971e-02,-1.091209999999999958e-01,4.042290000000000050e-01,-2.390470000000000095e-01,5.726200000000000040e-02,1.000000000000000000e+00,5.457119999999999749e-01,7.893750000000000488e-01,1.418210000000000026e-01,1.805440000000000100e-01,1.012020000000000003e-01,3.617500000000000160e-01,-2.652959999999999763e-01,1.121400000000000001e-02,6.150600000000000511e-01,2.906989999999999852e-01,8.335999999999999660e-03,4.587080000000000046e-01,7.466099999999999959e-01,4.408900000000000041e-01,6.792359999999999509e-01,3.030700000000000061e-02,2.070089999999999986e-01,2.629279999999999951e-01,2.118950000000000000e-01,-4.507300000000000195e-02,1.604019999999999890e-01,1.438300000000000134e-01,-9.667000000000000245e-03,2.650109999999999966e-01,2.803760000000000141e-01,2.235479999999999967e-01,2.096560000000000090e-01,3.648179999999999756e-01,2.701680000000000192e-01,3.644350000000000089e-01,4.769169999999999798e-01,-1.326869999999999994e-01,-6.234599999999999864e-02,-4.037199999999999817e-02,7.048200000000000298e-02,3.210709999999999953e-01,-3.996330000000000160e-01,-1.908769999999999911e-01,3.140290000000000026e-01,-2.460970000000000102e-01,-1.895340000000000080e-01,3.754069999999999907e-01,-4.390649999999999831e-01,1.623300000000000021e-01,6.533219999999999583e-01,3.564919999999999756e-01,6.117810000000000192e-01,1.058380000000000015e-01,3.682219999999999938e-01,7.488300000000000511e-02,4.764809999999999879e-01,-4.662339999999999818e-01,1.263990000000000113e-01,5.082919999999999661e-01,1.732930000000000026e-01,1.116189999999999960e-01,4.694510000000000072e-01,6.268280000000000518e-01,4.496629999999999794e-01,5.294410000000000505e-01
3.830729999999999968e-01,3.442600000000000104e-01,-2.027569999999999928e-01,3.547100000000000253e-02,1.859520000000000062e-01,2.254490000000000105e-01,4.336749999999999772e-01,3.021300000000000027e-02,-2.076700000000000074e-02,7.168219999999999592e-01,-2.013999999999999957e-01,3.650789999999999869e-01,4.783629999999999827e-01,-5.929999999999999941e-04,-1.919319999999999915e-01,5.457119999999999749e-01,1.000000000000000000e+00,6.537979999999999903e-01,-5.531000000000000326e-03,-1.488099999999999978e-01,1.839570000000000094e-01,-4.876099999999999879e-02,-1.083589999999999970e-01,5.088909999999999823e-01,6.277760000000000007e-01,6.011490000000000444e-01,-2.589509999999999867e-01,6.631399999999999795e-02,4.251019999999999799e-01,2.500560000000000005e-01,5.513350000000000195e-01,2.331580000000000041e-01,5.444419999999999815e-01,3.704089999999999883e-01,3.644180000000000197e-01,6.851500000000000645e-02,3.078300000000000133e-02,3.146800000000000153e-01,1.514989999999999948e-01,5.683740000000000459e-01,2.784320000000000128e-01,2.003040000000000098e-01,3.796950000000000047e-01,4.412960000000000216e-01,4.029849999999999821e-01,3.796579999999999955e-01,3.020129999999999759e-01,-3.370159999999999823e-01,-1.060539999999999955e-01,1.040019999999999972e-01,-3.039599999999999941e-02,2.873399999999999843e-01,-1.560759999999999925e-01,-1.034569999999999934e-01,5.529749999999999943e-01,-3.157030000000000114e-01,2.881670000000000065e-01,5.293259999999999632e-01,-2.129129999999999912e-01,-1.056580000000000019e-01,2.923430000000000195e-01,7.262480000000000047e-01,5.950100000000000389e-01,-1.007000000000000083e-02,-5.903800000000000020e-02,1.518339999999999967e-01,3.602999999999999953e-02,-2.966349999999999820e-01,4.836719999999999908e-01,3.766590000000000216e-01,4.972389999999999866e-01,-2.305439999999999989e-01,1.390510000000000079e-01,3.318220000000000058e-01,1.830370000000000053e-01,4.056159999999999766e-01
1.729060000000000041e-01,4.159340000000000259e-01,-3.715799999999999659e-02,4.191700000000000287e-02,9.630099999999999771e-02,4.035739999999999883e-01,4.734999999999999765e-01,-1.275179999999999925e-01,-1.431920000000000137e-01,2.526749999999999829e-01,-1.187359999999999943e-01,2.360000000000000119e-03,4.552080000000000015e-01,-1.732460000000000111e-01,-8.553499999999999992e-02,7.893750000000000488e-01,6.537979999999999903e-01,1.000000000000000000e+00,5.213500000000000079e-02,9.453999999999999904e-02,1.527030000000000054e-01,2.089670000000000138e-01,-1.816470000000000029e-01,1.038420000000000037e-01,6.967950000000000532e-01,4.008079999999999976e-01,-2.757300000000000029e-02,2.987639999999999740e-01,7.307569999999999899e-01,3.818659999999999832e-01,5.227469999999999617e-01,1.185569999999999957e-01,2.432809999999999973e-01,3.514260000000000161e-01,2.956810000000000271e-01,-8.003699999999999704e-02,1.784590000000000065e-01,2.326249999999999984e-01,6.356900000000000051e-02,2.697579999999999978e-01,3.180419999999999914e-01,2.386860000000000093e-01,1.204889999999999989e-01,3.007469999999999866e-01,2.234659999999999980e-01,1.898529999999999940e-01,4.528650000000000175e-01,-1.615949999999999886e-01,1.080949999999999966e-01,-1.814999999999999947e-02,1.422670000000000046e-01,3.082659999999999845e-01,-2.999180000000000179e-01,-1.488420000000000021e-01,3.041889999999999872e-01,-2.855509999999999993e-01,-1.166510000000000047e-01,4.866940000000000155e-01,-4.617700000000000138e-01,-3.109299999999999911e-02,5.382230000000000070e-01,4.115409999999999902e-01,5.849560000000000315e-01,8.372300000000000575e-02,2.025659999999999961e-01,4.714200000000000335e-02,3.071209999999999773e-01,-3.558200000000000252e-01,1.371360000000000079e-01,4.450660000000000172e-01,1.790539999999999909e-01,4.231200000000000239e-02,4.284200000000000230e-01,5.016319999999999668e-01,3.316959999999999908e-01,3.874980000000000091e-01
-1.400079999999999936e-01,1.648199999999999943e-01,6.810490000000000155e-01,1.054700000000000082e-02,3.959980000000000167e-01,2.055639999999999967e-01,2.862140000000000239e-01,1.753429999999999989e-01,4.509799999999999920e-01,6.747499999999999332e-02,5.946909999999999696e-01,2.246799999999999839e-02,3.938889999999999891e-01,2.922819999999999863e-01,4.491169999999999884e-01,1.418210000000000026e-01,-5.531000000000000326e-03,5.213500000000000079e-02,1.000000000000000000e+00,4.552249999999999908e-01,-1.881829999999999892e-01,4.903739999999999766e-01,1.853799999999999892e-01,-2.583630000000000093e-01,-1.085799999999999960e-02,-5.578700000000000325e-02,4.492099999999999982e-01,5.507710000000000106e-01,2.243340000000000056e-01,3.816470000000000140e-01,7.780499999999999916e-02,-2.904340000000000255e-01,-2.411570000000000102e-01,-2.401379999999999904e-01,-2.025820000000000121e-01,5.808399999999999674e-02,6.374100000000000599e-02,2.787999999999999853e-02,-2.559710000000000041e-01,-1.340290000000000092e-01,-2.387499999999999900e-01,-2.236859999999999959e-01,2.762620000000000076e-01,1.569119999999999959e-01,1.665369999999999906e-01,-1.432779999999999887e-01,-9.611699999999999411e-02,5.837489999999999624e-01,-3.966509999999999758e-01,3.805689999999999906e-01,3.632290000000000241e-01,3.174609999999999932e-01,6.124399999999999983e-02,4.552729999999999833e-01,1.052850000000000036e-01,5.517720000000000402e-01,6.135899999999999688e-02,1.014110000000000011e-01,3.929039999999999755e-01,3.546320000000000028e-01,-1.219699999999999951e-01,-2.719999999999999848e-02,-1.408139999999999947e-01,8.162810000000000343e-01,4.174399999999999777e-01,-2.282279999999999864e-01,3.911240000000000272e-01,1.275249999999999995e-01,-1.861230000000000107e-01,-9.629000000000000059e-02,-1.816609999999999892e-01,3.976480000000000015e-01,3.805729999999999946e-01,-7.098899999999999655e-02,3.236370000000000080e-01,-2.825000000000000080e-02
-3.115390000000000104e-01,-2.078999999999999945e-02,8.398729999999999807e-01,-3.813779999999999948e-01,4.871170000000000222e-01,3.214000000000000190e-02,2.669650000000000079e-01,-1.071030000000000038e-01,6.764099999999999557e-01,-1.042939999999999978e-01,7.670299999999999896e-01,-3.740500000000000075e-02,5.830440000000000067e-01,-2.188000000000000014e-02,6.548059999999999992e-01,1.805440000000000100e-01,-1.488099999999999978e-01,9.453999999999999904e-02,4.552249999999999908e-01,1.000000000000000000e+00,-3.024560000000000026e-01,9.182360000000000522e-01,9.472600000000000464e-02,-4.705099999999999838e-01,-2.064489999999999936e-01,-2.873620000000000063e-01,8.509520000000000417e-01,6.826609999999999623e-01,4.753709999999999880e-01,1.345310000000000117e-01,-3.552400000000000002e-02,-7.339780000000000193e-01,-6.341839999999999700e-01,-6.020450000000000523e-01,-4.703450000000000131e-01,-2.764719999999999955e-01,-1.097960000000000047e-01,-3.696940000000000226e-01,-6.841009999999999591e-01,-5.488819999999999810e-01,-5.860370000000000301e-01,-5.023879999999999457e-01,-8.540000000000000499e-04,3.108999999999999958e-02,2.272000000000000061e-02,-2.611140000000000128e-01,-2.970269999999999855e-01,7.843069999999999764e-01,-4.118310000000000026e-01,6.321750000000000425e-01,4.681190000000000073e-01,4.011899999999999911e-01,-3.891700000000000020e-02,6.713320000000000398e-01,-9.851500000000000534e-02,6.556279999999999886e-01,-6.962000000000000133e-02,2.546109999999999762e-01,9.722500000000000586e-02,3.369010000000000060e-01,-2.935899999999999968e-02,-1.639879999999999949e-01,-1.536119999999999985e-01,3.712449999999999917e-01,9.001609999999999889e-01,-4.011770000000000058e-01,5.818999999999999728e-01,1.289530000000000121e-01,-3.278739999999999988e-01,-2.060780000000000112e-01,-3.868599999999999817e-01,8.447829999999999506e-01,5.815230000000000121e-01,-5.360100000000000281e-02,1.375959999999999961e-01,-7.429199999999999693e-02
