1.000000000000000000e+00,-1.710770000000000068e-01,-5.716999999999999860e-03,-3.327399999999999802e-01,2.012170000000000070e-01,1.468999999999999993e-02,-1.238559999999999939e-01,-2.801000000000000018e-02,8.235599999999999865e-02,-1.890800000000000120e-02,-4.960900000000000032e-02,1.432899999999999972e-02,-1.565690000000000137e-01,-3.338130000000000264e-01,5.014920000000000488e-01,5.758929999999999882e-01,4.771999999999999853e-02,3.275049999999999906e-01,-6.395399999999999696e-02,3.725570000000000270e-01,5.420819999999999528e-01,4.635500000000000176e-01,1.723490000000000022e-01,3.252999999999999781e-01,-3.258099999999999885e-02,3.243770000000000264e-01,4.481319999999999748e-01,3.292300000000000226e-01,4.645110000000000072e-01,4.844990000000000130e-01,5.824549999999999450e-01,3.439400000000000096e-02,-2.639290000000000247e-01,3.002150000000000096e-01,2.892310000000000159e-01,2.785999999999999848e-03,-4.802499999999999825e-02,-1.048700000000000049e-01,-4.608899999999999803e-02,-2.899920000000000275e-01,2.760400000000000076e-01,2.048609999999999876e-01,2.945740000000000025e-01,-3.139129999999999976e-01,-1.111609999999999959e-01,8.892459999999999809e-01,1.359960000000000058e-01,4.326699999999999990e-02,-1.332560000000000133e-01,-1.537870000000000070e-01,2.939729999999999843e-01,6.553900000000000003e-02,3.021300000000000027e-02,1.289069999999999938e-01,-1.930929999999999869e-01,-4.588600000000000317e-02,2.767500000000000168e-02,1.579270000000000118e-01,-2.245570000000000066e-01,4.461860000000000270e-01,5.128420000000000201e-01,-1.265979999999999883e-01,5.161839999999999762e-01,-1.039400000000000046e-02,2.345129999999999992e-01,5.062309999999999865e-01,3.903719999999999968e-01,3.004839999999999733e-01,3.147480000000000278e-01,4.848399999999999932e-02,2.644329999999999736e-01,5.633139999999999814e-01,5.538359999999999950e-01,4.932480000000000198e-01,4.474929999999999741e-01,5.420899999999999608e-01
-1.710770000000000068e-01,1.000000000000000000e+00,-7.940400000000000236e-02,2.176279999999999881e-01,-1.369160000000000099e-01,6.961049999999999738e-01,8.804700000000000026e-02,3.863770000000000260e-01,5.366900000000000143e-02,-1.330399999999999985e-02,6.733100000000000196e-02,3.701510000000000078e-01,4.445500000000000007e-01,5.407200000000000201e-02,-2.300939999999999930e-01,-6.949000000000000316e-03,5.647480000000000278e-01,3.395099999999999785e-01,3.212000000000000011e-03,-1.738379999999999925e-01,7.923900000000000388e-02,1.203889999999999960e-01,2.089100000000000124e-01,2.701899999999999857e-01,8.017870000000000275e-01,6.246300000000000185e-01,7.271800000000000486e-02,6.690200000000000313e-02,-1.172020000000000006e-01,-1.151559999999999945e-01,-8.493599999999999761e-02,1.668080000000000118e-01,3.467029999999999834e-01,4.832000000000000184e-02,-2.551849999999999952e-01,1.588890000000000025e-01,-3.734790000000000054e-01,1.305830000000000046e-01,2.385500000000000120e-01,5.290629999999999500e-01,8.919699999999999851e-02,-4.780929999999999902e-01,1.143669999999999964e-01,-3.636719999999999953e-01,1.537000000000000033e-01,-1.131370000000000015e-01,7.008039999999999825e-01,-5.938199999999999729e-02,-3.840040000000000120e-01,1.533450000000000091e-01,3.694609999999999839e-01,1.143850000000000006e-01,3.893519999999999759e-01,4.201300000000000173e-02,3.145970000000000155e-01,7.509299999999999309e-02,2.842629999999999879e-01,7.832799999999999485e-02,-3.361100000000000199e-02,-1.272469999999999990e-01,-1.750649999999999984e-01,5.260899999999999466e-01,6.597600000000000686e-02,-1.162499999999999992e-02,-1.192089999999999955e-01,2.331400000000000139e-02,3.867000000000000211e-03,1.220279999999999976e-01,3.233849999999999780e-01,5.617109999999999603e-01,4.907409999999999828e-01,-1.428379999999999928e-01,1.018600000000000061e-02,-1.801800000000000068e-01,-7.714400000000000424e-02,-4.798899999999999694e-02
-5.716999999999999860e-03,-7.940400000000000236e-02,1.000000000000000000e+00,2.374229999999999952e-01,4.532640000000000002e-01,1.398300000000000098e-01,3.500920000000000143e-01,4.245900000000000230e-01,6.940690000000000470e-01,3.743650000000000033e-01,8.644220000000000237e-01,3.284400000000000097e-01,2.434010000000000062e-01,4.062799999999999745e-02,4.331860000000000155e-01,1.312999999999999931e-02,2.088490000000000069e-01,1.276100000000000012e-01,8.528459999999999930e-01,4.775519999999999765e-01,1.943850000000000022e-01,3.695269999999999944e-01,4.513929999999999887e-01,1.891559999999999908e-01,1.234490000000000032e-01,1.782970000000000110e-01,4.896260000000000057e-01,2.857640000000000180e-01,2.432350000000000068e-01,2.426760000000000028e-01,1.800090000000000023e-01,-3.719930000000000181e-01,-1.858370000000000022e-01,2.390579999999999927e-01,-1.142490000000000033e-01,1.510999999999999973e-03,-9.627700000000000147e-02,3.304190000000000182e-01,-3.032250000000000223e-01,9.544700000000000406e-02,1.764229999999999965e-01,-1.311170000000000113e-01,-1.112619999999999998e-01,4.583099999999999674e-02,3.919540000000000246e-01,9.873099999999999932e-02,3.644900000000000223e-02,9.470389999999999642e-01,-7.068099999999999383e-02,5.107960000000000278e-01,8.329999999999999905e-02,4.196329999999999782e-01,2.666839999999999766e-01,6.760930000000000550e-01,2.674329999999999763e-01,8.851069999999999771e-01,1.835469999999999879e-01,2.084540000000000004e-01,1.844989999999999963e-01,4.631850000000000134e-01,9.461899999999999478e-02,1.738109999999999933e-01,1.246749999999999942e-01,8.697249999999999703e-01,4.851849999999999774e-01,2.520709999999999895e-01,4.247870000000000257e-01,3.464420000000000277e-01,2.632720000000000060e-01,2.190350000000000075e-01,1.990119999999999945e-01,4.171469999999999900e-01,1.600169999999999926e-01,2.765810000000000213e-01,3.249619999999999731e-01,2.272329999999999905e-01
-3.327399999999999802e-01,2.176279999999999881e-01,2.374229999999999952e-01,1.000000000000000000e+00,-3.867000000000000211e-03,9.016599999999999615e-02,7.129079999999999862e-01,4.842469999999999830e-01,3.415300000000000002e-01,6.349500000000000144e-01,2.964410000000000101e-01,5.987249999999999517e-01,7.004759999999999875e-01,5.704540000000000166e-01,5.698799999999999699e-02,-2.389809999999999990e-01,4.540279999999999871e-01,-3.236699999999999994e-02,1.141569999999999946e-01,1.945000000000000062e-01,1.083350000000000007e-01,3.647600000000000148e-02,2.851679999999999771e-01,3.998809999999999865e-01,3.639040000000000052e-01,2.313949999999999896e-01,-4.046099999999999697e-02,3.126050000000000217e-01,1.258599999999999997e-02,3.220300000000000246e-02,1.829109999999999903e-01,-2.796250000000000124e-01,3.309440000000000159e-01,3.864460000000000117e-01,-2.586840000000000250e-01,3.200040000000000107e-01,-1.091100000000000056e-02,7.268580000000000041e-01,-1.544609999999999872e-01,6.074990000000000112e-01,3.523049999999999793e-01,-3.666690000000000227e-01,-1.145020000000000066e-01,4.107259999999999800e-01,7.902850000000000152e-01,-1.257820000000000049e-01,2.700730000000000075e-01,2.026239999999999986e-01,1.566809999999999869e-01,6.199729999999999963e-01,-9.313799999999999857e-02,6.385629999999999917e-01,3.677449999999999886e-01,2.635549999999999837e-01,6.667269999999999586e-01,2.607999999999999763e-01,5.735580000000000123e-01,6.489019999999999788e-01,5.631319999999999659e-01,6.750499999999999556e-02,1.621900000000000078e-02,6.262940000000000174e-01,-3.698599999999999804e-02,1.397339999999999971e-01,2.026759999999999950e-01,1.874750000000000028e-01,1.874159999999999993e-01,2.150229999999999919e-01,4.016100000000000225e-01,3.439610000000000167e-01,3.702810000000000268e-01,-2.206120000000000025e-01,1.557880000000000098e-01,7.303999999999999382e-02,2.831370000000000275e-01,2.061800000000000022e-01
2.012170000000000070e-01,-1.369160000000000099e-01,4.532640000000000002e-01,-3.867000000000000211e-03,1.000000000000000000e+00,1.116749999999999965e-01,1.885120000000000129e-01,7.730700000000000072e-02,6.434250000000000247e-01,1.905239999999999989e-01,4.263509999999999800e-01,1.235320000000000029e-01,1.034140000000000059e-01,-2.202050000000000118e-01,2.999640000000000084e-01,2.305649999999999922e-01,7.125099999999999489e-02,2.965659999999999963e-01,4.494719999999999827e-01,3.930830000000000157e-01,1.940439999999999943e-01,3.543999999999999928e-01,1.619140000000000024e-01,1.753480000000000039e-01,-3.021300000000000027e-02,5.794099999999999945e-02,5.571770000000000334e-01,3.540570000000000106e-01,2.948910000000000142e-01,3.707360000000000100e-01,1.963759999999999950e-01,-4.536749999999999949e-01,-3.856930000000000081e-01,1.377690000000000026e-01,-7.426000000000000309e-03,1.038960000000000022e-01,2.390730000000000077e-01,9.408199999999999896e-02,-5.423879999999999812e-01,-2.551399999999999779e-01,-8.522100000000000508e-02,1.023000000000000020e-01,2.144530000000000047e-01,9.331000000000000405e-02,1.385840000000000127e-01,1.717809999999999893e-01,-2.410100000000000089e-02,4.241349999999999842e-01,2.166730000000000045e-01,4.655540000000000234e-01,1.476760000000000017e-01,1.799119999999999886e-01,2.948599999999999832e-02,6.121039999999999814e-01,1.614259999999999862e-01,3.484519999999999840e-01,1.799979999999999913e-01,6.863700000000000356e-02,7.159600000000000686e-02,3.121160000000000045e-01,2.562099999999999933e-01,-7.342400000000000315e-02,2.051300000000000068e-01,3.595550000000000135e-01,2.114149999999999918e-01,1.596779999999999866e-01,1.477849999999999997e-01,1.188310000000000061e-01,1.571240000000000137e-01,1.118450000000000000e-01,4.564999999999999614e-03,3.755279999999999729e-01,1.813450000000000062e-01,8.271499999999999686e-02,2.466490000000000071e-01,1.510549999999999948e-01
1.468999999999999993e-02,6.961049999999999738e-01,1.398300000000000098e-01,9.016599999999999615e-02,1.116749999999999965e-01,1.000000000000000000e+00,1.754110000000000114e-01,5.066019999999999968e-01,3.182789999999999786e-01,1.033659999999999995e-01,2.116310000000000136e-01,2.950499999999999790e-01,5.000860000000000305e-01,-8.935200000000000087e-02,-7.622400000000000009e-02,2.227939999999999920e-01,4.493639999999999857e-01,4.794109999999999761e-01,2.452769999999999950e-01,7.710500000000000687e-02,2.114429999999999921e-01,1.950949999999999906e-01,4.732169999999999987e-01,2.845770000000000244e-01,5.629330000000000167e-01,6.196040000000000436e-01,2.881000000000000227e-01,2.610680000000000223e-01,9.978900000000000270e-02,1.653509999999999980e-01,7.133499999999999563e-02,-2.979400000000000104e-02,4.541200000000000098e-02,2.646700000000000094e-02,4.981100000000000111e-02,-1.208299999999999999e-02,-9.628599999999999659e-02,6.591600000000000237e-02,-4.644199999999999717e-02,2.104330000000000089e-01,2.181299999999999906e-02,-1.576519999999999866e-01,-5.582600000000000062e-02,-2.685270000000000157e-01,1.372869999999999924e-01,2.550099999999999936e-02,4.467709999999999737e-01,1.965520000000000045e-01,-1.948050000000000059e-01,2.062319999999999987e-01,6.288259999999999961e-01,1.719440000000000135e-01,4.729700000000000015e-01,2.787310000000000065e-01,1.572530000000000039e-01,2.206690000000000040e-01,1.917200000000000015e-01,1.622180000000000011e-01,-3.948200000000000320e-02,-2.563899999999999860e-02,-8.532299999999999607e-02,2.801730000000000054e-01,2.006030000000000035e-01,2.085180000000000089e-01,2.547699999999999965e-02,1.556480000000000086e-01,3.629600000000000187e-02,3.646499999999999742e-01,2.769969999999999932e-01,3.544950000000000045e-01,4.194220000000000170e-01,8.540799999999999781e-02,9.056899999999999673e-02,-8.672100000000000641e-02,9.918000000000000427e-02,-1.185800000000000048e-02
-1.238559999999999939e-01,8.804700000000000026e-02,3.500920000000000143e-01,7.129079999999999862e-01,1.885120000000000129e-01,1.754110000000000114e-01,1.000000000000000000e+00,3.918869999999999854e-01,5.263109999999999733e-01,6.127559999999999674e-01,3.376609999999999889e-01,5.929520000000000346e-01,7.385789999999999855e-01,4.929069999999999840e-01,2.439989999999999937e-01,2.266200000000000159e-02,4.724970000000000003e-01,2.415769999999999862e-01,1.989809999999999912e-01,4.274189999999999934e-01,2.142620000000000080e-01,2.568520000000000247e-01,3.326790000000000025e-01,4.072439999999999949e-01,2.935110000000000219e-01,2.104820000000000024e-01,2.469169999999999976e-01,6.106580000000000341e-01,4.002020000000000022e-01,3.666989999999999972e-01,4.027930000000000121e-01,-3.518609999999999793e-01,8.938400000000000512e-02,3.919690000000000119e-01,-2.315669999999999951e-01,2.813320000000000265e-01,2.473300000000000151e-02,6.956700000000000106e-01,-3.313940000000000219e-01,3.661690000000000222e-01,3.390179999999999860e-01,-2.260890000000000122e-01,4.237300000000000094e-02,3.800390000000000157e-01,7.180140000000000411e-01,6.836200000000000609e-02,1.983580000000000065e-01,2.926730000000000165e-01,2.220860000000000056e-01,6.751470000000000526e-01,-1.887399999999999842e-02,7.964609999999999745e-01,2.742330000000000045e-01,4.446570000000000245e-01,5.877830000000000554e-01,3.100879999999999748e-01,5.520359999999999712e-01,7.181910000000000238e-01,5.904509999999999481e-01,2.284650000000000014e-01,2.259700000000000042e-01,5.333980000000000388e-01,1.819500000000000006e-01,2.240540000000000032e-01,3.684509999999999730e-01,3.141100000000000003e-01,3.486360000000000015e-01,2.957139999999999769e-01,4.344560000000000088e-01,2.605239999999999778e-01,3.106940000000000257e-01,6.690400000000000513e-02,4.102910000000000168e-01,3.010720000000000063e-01,4.984190000000000009e-01,4.420999999999999930e-01
-2.801000000000000018e-02,3.863770000000000260e-01,4.245900000000000230e-01,4.842469999999999830e-01,7.730700000000000072e-02,5.066019999999999968e-01,3.918869999999999854e-01,1.000000000000000000e+00,4.922320000000000029e-01,4.829590000000000272e-01,5.297220000000000262e-01,5.527950000000000363e-01,5.724759999999999849e-01,3.382109999999999839e-01,1.431870000000000087e-01,7.599999999999999985e-03,3.808469999999999911e-01,8.051800000000000623e-02,4.437639999999999918e-01,3.603210000000000024e-01,5.559749999999999970e-01,2.140910000000000035e-01,8.623910000000000187e-01,5.410380000000000189e-01,2.603289999999999771e-01,5.028620000000000312e-01,1.838690000000000047e-01,3.412270000000000025e-01,8.063000000000000722e-03,2.444590000000000096e-01,2.677990000000000093e-01,-6.201999999999999874e-02,8.311799999999999744e-02,3.486639999999999739e-01,-1.524699999999999944e-01,3.004430000000000156e-01,-1.934009999999999896e-01,4.565750000000000086e-01,3.399699999999999944e-02,3.619850000000000012e-01,3.457580000000000098e-01,-2.787310000000000065e-01,5.766199999999999798e-02,4.155699999999999672e-02,4.953949999999999743e-01,1.584720000000000018e-01,3.866350000000000064e-01,4.823749999999999982e-01,-1.606380000000000030e-01,4.237560000000000215e-01,2.090960000000000041e-01,4.425799999999999734e-01,9.287090000000000067e-01,3.918769999999999754e-01,3.343180000000000041e-01,4.924549999999999761e-01,4.001339999999999897e-01,4.277239999999999931e-01,2.566050000000000275e-01,1.703429999999999944e-01,5.139500000000000318e-02,4.367349999999999843e-01,1.619520000000000126e-01,4.414910000000000223e-01,3.273889999999999856e-01,5.358420000000000405e-01,2.912190000000000056e-01,7.629489999999999883e-01,5.817649999999999766e-01,2.615660000000000207e-01,4.720110000000000139e-01,8.566999999999999615e-02,2.428849999999999898e-01,9.417200000000000570e-02,4.331929999999999947e-01,3.199339999999999962e-01
8.235599999999999865e-02,5.366900000000000143e-02,6.940690000000000470e-01,3.415300000000000002e-01,6.434250000000000247e-01,3.182789999999999786e-01,5.263109999999999733e-01,4.922320000000000029e-01,1.000000000000000000e+00,4.297630000000000061e-01,6.924200000000000355e-01,4.224479999999999902e-01,5.101729999999999876e-01,1.116449999999999942e-01,4.321760000000000046e-01,2.479290000000000105e-01,2.633730000000000238e-01,4.157779999999999809e-01,6.602989999999999693e-01,6.372550000000000159e-01,4.055030000000000023e-01,5.438509999999999733e-01,4.378810000000000202e-01,3.092690000000000161e-01,2.033050000000000135e-01,3.413749999999999840e-01,6.208540000000000170e-01,4.823270000000000057e-01,4.297679999999999834e-01,3.684359999999999857e-01,3.731419999999999737e-01,-5.362890000000000157e-01,-2.803840000000000221e-01,2.984569999999999723e-01,-2.171339999999999937e-01,2.246910000000000018e-01,-1.907999999999999974e-02,4.088539999999999952e-01,-5.097530000000000117e-01,1.291599999999999970e-01,1.276710000000000067e-01,-1.773720000000000019e-01,4.460800000000000182e-02,7.761300000000000143e-02,5.390169999999999684e-01,1.597669999999999924e-01,1.658330000000000082e-01,6.584290000000000420e-01,-8.491000000000000283e-03,7.078389999999999960e-01,1.285709999999999908e-01,5.569079999999999586e-01,3.494269999999999876e-01,9.132169999999999455e-01,3.086229999999999807e-01,6.571709999999999496e-01,3.376149999999999984e-01,3.541150000000000131e-01,2.806930000000000258e-01,4.433590000000000031e-01,2.799320000000000142e-01,3.293740000000000001e-01,3.512210000000000054e-01,6.230539999999999967e-01,5.423620000000000108e-01,3.848460000000000214e-01,4.560739999999999794e-01,3.694080000000000141e-01,3.873489999999999989e-01,2.889439999999999786e-01,2.671009999999999773e-01,4.148990000000000178e-01,2.800969999999999849e-01,3.688960000000000017e-01,4.805519999999999792e-01,4.304220000000000268e-01
-1.890800000000000120e-02,-1.330399999999999985e-02,3.743650000000000033e-01,6.349500000000000144e-01,1.905239999999999989e-01,1.033659999999999995e-01,6.127559999999999674e-01,4.829590000000000272e-01,4.297630000000000061e-01,1.000000000000000000e+00,3.686030000000000140e-01,6.783230000000000093e-01,4.990999999999999881e-01,2.651339999999999808e-01,2.605689999999999951e-01,2.353179999999999994e-01,4.950260000000000216e-01,2.267540000000000111e-01,2.839740000000000042e-01,3.756990000000000052e-01,3.432239999999999736e-01,2.988799999999999790e-01,3.790459999999999940e-01,5.998019999999999463e-01,1.950629999999999864e-01,1.894589999999999885e-01,1.672609999999999930e-01,5.351200000000000401e-01,3.428899999999999726e-01,3.673549999999999871e-01,5.947599999999999554e-01,-4.374399999999999955e-01,-7.272900000000000198e-02,6.141079999999999872e-01,2.065200000000000022e-02,3.258869999999999822e-01,2.846210000000000129e-01,8.510180000000000522e-01,-3.803079999999999794e-01,2.541919999999999735e-01,4.843919999999999892e-01,5.240299999999999819e-02,-1.102500000000000008e-01,5.131649999999999823e-01,7.887680000000000247e-01,1.614099999999999979e-01,1.066140000000000004e-01,3.540269999999999806e-01,4.084380000000000233e-01,4.950930000000000053e-01,-8.190699999999999370e-02,4.441869999999999985e-01,3.957019999999999982e-01,4.600009999999999932e-01,7.569900000000000517e-01,3.416950000000000265e-01,6.795520000000000449e-01,5.665200000000000236e-01,4.515040000000000164e-01,2.953430000000000222e-01,4.553789999999999782e-01,4.945479999999999876e-01,3.447919999999999874e-01,2.871469999999999856e-01,3.548339999999999828e-01,4.275039999999999951e-01,3.687429999999999874e-01,2.955709999999999726e-01,5.521279999999999522e-01,1.637609999999999899e-01,3.073659999999999726e-01,5.179399999999999976e-02,3.248869999999999814e-01,2.710589999999999944e-01,5.240529999999999911e-01,4.226530000000000009e-01
-4.960900000000000032e-02,6.733100000000000196e-02,8.644220000000000237e-01,2.964410000000000101e-01,4.263509999999999800e-01,2.116310000000000136e-01,3.376609999999999889e-01,5.297220000000000262e-01,6.924200000000000355e-01,3.686030000000000140e-01,1.000000000000000000e+00,4.194149999999999823e-01,2.935059999999999891e-01,2.049670000000000103e-01,3.843480000000000230e-01,8.814000000000000654e-03,2.377869999999999984e-01,1.436389999999999889e-01,8.910329999999999639e-01,4.309669999999999890e-01,2.591160000000000130e-01,3.737010000000000054e-01,4.527999999999999803e-01,2.510560000000000014e-01,1.691620000000000068e-01,2.678349999999999898e-01,4.694699999999999984e-01,2.496460000000000068e-01,1.991630000000000067e-01,2.155189999999999884e-01,1.716280000000000028e-01,-2.783390000000000031e-01,-1.141100000000000031e-01,3.195239999999999747e-01,-1.222420000000000034e-01,6.829399999999999360e-02,-1.460650000000000004e-01,3.648509999999999809e-01,-1.891950000000000021e-01,2.170120000000000104e-01,2.946630000000000082e-01,-1.718719999999999970e-01,-5.201299999999999674e-02,7.034400000000000375e-02,4.583169999999999744e-01,3.755700000000000011e-02,1.675899999999999890e-01,8.565160000000000551e-01,-7.783199999999999841e-02,5.655120000000000147e-01,5.545400000000000329e-02,4.425040000000000084e-01,3.483330000000000037e-01,6.000490000000000546e-01,3.350759999999999850e-01,9.385850000000000026e-01,2.210459999999999925e-01,1.777749999999999886e-01,3.137889999999999846e-01,4.096659999999999746e-01,6.136400000000000188e-02,2.774590000000000112e-01,8.637499999999999345e-02,8.826340000000000297e-01,4.241119999999999890e-01,2.686430000000000207e-01,4.179769999999999874e-01,3.460719999999999907e-01,3.405030000000000001e-01,2.484979999999999967e-01,1.809580000000000077e-01,3.673819999999999864e-01,1.220969999999999972e-01,2.544359999999999955e-01,3.489570000000000172e-01,2.673289999999999833e-01
1.432899999999999972e-02,3.701510000000000078e-01,3.284400000000000097e-01,5.987249999999999517e-01,1.235320000000000029e-01,2.950499999999999790e-01,5.929520000000000346e-01,5.527950000000000363e-01,4.224479999999999902e-01,6.783230000000000093e-01,4.194149999999999823e-01,1.000000000000000000e+00,6.575520000000000254e-01,3.113150000000000084e-01,1.717970000000000053e-01,7.002700000000000591e-02,6.289489999999999803e-01,3.454990000000000006e-01,1.972129999999999994e-01,1.848879999999999968e-01,2.849349999999999938e-01,2.247820000000000096e-01,4.587519999999999931e-01,8.405359999999999498e-01,5.120249999999999524e-01,5.365520000000000289e-01,2.038079999999999892e-01,5.504040000000000044e-01,1.125440000000000051e-01,2.281999999999999862e-01,4.181909999999999794e-01,-2.965189999999999770e-01,1.316579999999999973e-01,5.470899999999999652e-01,-1.849079999999999890e-01,4.631569999999999854e-01,-2.038659999999999917e-01,8.168180000000000440e-01,-1.930999999999999939e-01,5.196429999999999660e-01,5.502000000000000224e-01,-3.274329999999999741e-01,3.394679999999999920e-01,9.793499999999999428e-02,7.398550000000000404e-01,2.030200000000000060e-01,4.611319999999999864e-01,3.235959999999999948e-01,-1.380119999999999958e-01,4.940999999999999837e-01,7.710999999999999799e-02,5.481949999999999878e-01,4.425100000000000144e-01,3.773739999999999872e-01,8.117990000000000483e-01,3.893349999999999866e-01,8.827169999999999739e-01,5.993810000000000526e-01,3.558379999999999876e-01,2.109280000000000044e-01,2.402440000000000131e-01,7.045019999999999616e-01,2.921099999999999808e-01,2.385200000000000098e-01,1.349249999999999894e-01,3.061719999999999997e-01,2.994939999999999825e-01,3.412970000000000170e-01,8.701520000000000366e-01,4.601979999999999960e-01,5.194320000000000048e-01,3.844299999999999801e-02,4.232920000000000016e-01,1.274309999999999887e-01,3.747980000000000200e-01,4.895419999999999772e-01
-1.565690000000000137e-01,4.445500000000000007e-01,2.434010000000000062e-01,7.004759999999999875e-01,1.034140000000000059e-01,5.000860000000000305e-01,7.385789999999999855e-01,5.724759999999999849e-01,5.101729999999999876e-01,4.990999999999999881e-01,2.935059999999999891e-01,6.575520000000000254e-01,1.000000000000000000e+00,4.128000000000000003e-01,-3.200000000000000153e-03,7.063800000000000634e-02,5.573649999999999993e-01,3.803699999999999859e-01,1.566289999999999905e-01,2.287980000000000014e-01,1.260310000000000041e-01,1.325250000000000039e-01,4.480310000000000126e-01,5.124589999999999979e-01,5.324910000000000476e-01,5.326009999999999911e-01,1.657730000000000037e-01,6.243760000000000421e-01,1.495060000000000000e-01,2.193350000000000022e-01,2.585359999999999880e-01,-2.220550000000000024e-01,2.168670000000000042e-01,2.895610000000000128e-01,-2.480640000000000067e-01,4.202250000000000152e-01,-7.105100000000000304e-02,6.479880000000000084e-01,-2.117479999999999918e-01,5.330639999999999823e-01,2.916279999999999983e-01,-4.202839999999999909e-01,1.267389999999999906e-01,1.715299999999999880e-01,7.090340000000000531e-01,-1.645599999999999841e-02,3.668330000000000202e-01,2.221470000000000111e-01,8.871000000000000413e-03,5.932460000000000511e-01,1.476139999999999952e-01,6.470219999999999860e-01,4.573559999999999848e-01,4.142799999999999816e-01,5.927639999999999576e-01,2.521789999999999865e-01,6.503339999999999677e-01,7.032890000000000530e-01,4.083749999999999880e-01,-1.060700000000000011e-02,7.885200000000000542e-02,6.665069999999999606e-01,1.911140000000000061e-01,1.535150000000000126e-01,2.475559999999999983e-01,1.721290000000000042e-01,2.030889999999999918e-01,3.336620000000000141e-01,5.136460000000000470e-01,4.611649999999999916e-01,5.219110000000000138e-01,-5.700800000000000312e-02,3.491890000000000271e-01,8.805599999999999539e-02,3.282539999999999902e-01,3.380850000000000244e-01
-3.338130000000000264e-01,5.407200000000000201e-02,4.062799999999999745e-02,5.704540000000000166e-01,-2.202050000000000118e-01,-8.935200000000000087e-02,4.929069999999999840e-01,3.382109999999999839e-01,1.116449999999999942e-01,2.651339999999999808e-01,2.049670000000000103e-01,3.113150000000000084e-01,4.128000000000000003e-01,1.000000000000000000e+00,-8.100899999999999768e-02,-3.822809999999999819e-01,7.619599999999999984e-02,-3.212570000000000148e-01,2.959999999999999958e-03,5.447999999999999718e-03,-1.064000000000000059e-03,-1.958449999999999913e-01,1.393629999999999869e-01,7.953899999999999859e-02,7.716599999999999848e-02,-4.498699999999999921e-02,-2.312470000000000081e-01,-1.892500000000000085e-02,-1.549389999999999934e-01,-1.957099999999999951e-01,2.711200000000000068e-02,2.279499999999999929e-02,3.531949999999999812e-01,2.477209999999999968e-01,-1.576990000000000058e-01,2.773050000000000237e-01,-9.450400000000000467e-02,4.460890000000000133e-01,1.301190000000000124e-01,4.695159999999999889e-01,2.725719999999999810e-01,-3.297240000000000171e-01,-6.267999999999999960e-02,4.443900000000000072e-01,5.028970000000000384e-01,-2.045440000000000036e-01,1.031579999999999997e-01,4.240700000000000025e-02,9.270599999999999674e-02,5.183269999999999822e-01,-2.421659999999999924e-01,5.591519999999999824e-01,2.442149999999999876e-01,-6.124399999999999983e-02,3.290299999999999891e-01,1.895739999999999925e-01,1.959480000000000111e-01,3.293659999999999921e-01,7.095639999999999725e-01,-1.529469999999999996e-01,-1.656700000000000117e-01,4.577030000000000265e-01,-2.734139999999999904e-01,3.974300000000000055e-02,-7.217999999999999590e-03,4.312200000000000061e-02,-2.435299999999999965e-02,1.187689999999999996e-01,1.737460000000000115e-01,9.231200000000000516e-02,4.696700000000000180e-02,-2.740920000000000023e-01,-4.786100000000000076e-02,6.525699999999999557e-02,1.054199999999999998e-01,2.459060000000000135e-01
5.014920000000000488e-01,-2.300939999999999930e-01,4.331860000000000155e-01,5.698799999999999699e-02,2.999640000000000084e-01,-7.622400000000000009e-02,2.439989999999999937e-01,1.431870000000000087e-01,4.321760000000000046e-01,2.605689999999999951e-01,3.843480000000000230e-01,1.717970000000000053e-01,-3.200000000000000153e-03,-8.100899999999999768e-02,1.000000000000000000e+00,2.782580000000000053e-01,9.708799999999999375e-02,1.936849999999999961e-01,3.572759999999999825e-01,7.628500000000000281e-01,5.759199999999999875e-01,6.939229999999999565e-01,2.752669999999999839e-01,2.246710000000000096e-01,-3.314899999999999791e-02,1.989980000000000082e-01,6.704740000000000144e-01,3.877260000000000151e-01,6.394480000000000164e-01,5.267669999999999852e-01,4.804620000000000002e-01,-3.212650000000000228e-01,-3.839609999999999967e-01,3.487009999999999832e-01,2.871599999999999847e-02,1.427499999999999949e-02,5.065800000000000164e-02,2.061729999999999952e-01,-3.565139999999999976e-01,-1.977700000000000014e-01,2.944599999999999995e-01,6.723600000000000410e-02,4.572099999999999775e-02,-1.446500000000000043e-02,2.241009999999999946e-01,5.387619999999999632e-01,9.992800000000000293e-02,4.590330000000000243e-01,1.146299999999999923e-02,1.588829999999999965e-01,1.426469999999999960e-01,3.594370000000000065e-01,1.190579999999999972e-01,4.571129999999999916e-01,7.642899999999999694e-02,3.433379999999999765e-01,1.590689999999999882e-01,2.760540000000000216e-01,5.655999999999999570e-03,9.310110000000000330e-01,4.900700000000000056e-01,-3.409299999999999831e-02,4.417010000000000103e-01,4.001990000000000269e-01,6.474100000000000410e-01,6.241759999999999531e-01,7.128879999999999661e-01,4.364759999999999751e-01,2.668639999999999901e-01,9.002100000000000379e-02,3.099049999999999860e-01,7.540210000000000523e-01,4.669880000000000142e-01,6.409329999999999750e-01,6.046930000000000360e-01,4.593510000000000093e-01
5.758929999999999882e-01,-6.949000000000000316e-03,1.312999999999999931e-02,-2.389809999999999990e-01,2.305649999999999922e-01,2.227939999999999920e-01,2.266200000000000159e-02,7.599999999999999985e-03,2.479290000000000105e-01,2.353179999999999994e-01,8.814000000000000654e-03,7.002700000000000591e-02,7.063800000000000634e-02,-3.822809999999999819e-01,2.782580000000000053e-01,1.000000000000000000e+00,2.542349999999999888e-01,7.498820000000000485e-01,1.136950000000000044e-01,3.821729999999999849e-01,4.290189999999999837e-01,6.006939999999999502e-01,1.076399999999999996e-01,3.059749999999999970e-01,1.454870000000000052e-01,3.336939999999999906e-01,4.123100000000000098e-01,5.267709999999999892e-01,6.406030000000000335e-01,5.933009999999999673e-01,6.992439999999999767e-01,-1.194380000000000025e-01,-5.061670000000000336e-01,3.207070000000000198e-01,2.930510000000000059e-01,1.548539999999999917e-01,2.209049999999999903e-01,5.291900000000000076e-02,-2.561180000000000123e-01,-3.084520000000000040e-01,2.283209999999999962e-01,3.419300000000000117e-01,1.597540000000000071e-01,-5.006700000000000039e-02,4.333999999999999658e-02,5.112929999999999975e-01,1.506200000000000039e-01,-7.668000000000000337e-03,2.133140000000000036e-01,4.227999999999999987e-03,1.898829999999999962e-01,-3.772899999999999865e-02,6.002400000000000097e-02,3.028549999999999853e-01,-4.909000000000000169e-03,3.246000000000000187e-03,8.926800000000000013e-02,1.496589999999999865e-01,-1.292919999999999903e-01,3.016800000000000037e-01,7.553330000000000322e-01,4.691900000000000237e-02,7.805379999999999541e-01,4.067699999999999788e-02,3.366419999999999968e-01,4.397409999999999930e-01,4.261519999999999753e-01,1.732259999999999911e-01,2.361900000000000110e-01,9.880999999999999506e-02,2.493269999999999931e-01,3.689560000000000062e-01,4.867609999999999992e-01,4.837130000000000041e-01,4.867690000000000072e-01,4.800849999999999840e-01
4.771999999999999853e-02,5.647480000000000278e-01,2.088490000000000069e-01,4.540279999999999871e-01,7.125099999999999489e-02,4.493639999999999857e-01,4.724970000000000003e-01,3.808469999999999911e-01,2.633730000000000238e-01,4.950260000000000216e-01,2.377869999999999984e-01,6.289489999999999803e-01,5.573649999999999993e-01,7.619599999999999984e-02,9.708799999999999375e-02,2.542349999999999888e-01,1.000000000000000000e+00,5.596820000000000128e-01,1.501200000000000034e-01,1.051760000000000056e-01,2.997569999999999957e-01,3.485179999999999945e-01,3.036760000000000015e-01,5.593719999999999803e-01,7.440200000000000147e-01,6.137029999999999985e-01,2.436309999999999865e-01,4.415879999999999805e-01,2.538119999999999821e-01,2.243489999999999929e-01,3.884009999999999962e-01,-1.545219999999999927e-01,1.814510000000000012e-01,3.593580000000000108e-01,-1.391779999999999962e-01,2.341270000000000018e-01,-1.939069999999999960e-01,5.309019999999999850e-01,-9.730099999999999860e-02,5.181120000000000170e-01,3.546969999999999845e-01,-2.917899999999999938e-01,1.154379999999999989e-01,-4.824900000000000022e-02,5.288190000000000390e-01,1.937359999999999915e-01,5.138009999999999522e-01,1.535630000000000051e-01,-1.345000000000000058e-03,3.554629999999999734e-01,2.296769999999999923e-01,4.165949999999999931e-01,2.925420000000000242e-01,2.914490000000000136e-01,6.544619999999999882e-01,2.342589999999999950e-01,6.428390000000000493e-01,5.298910000000000009e-01,1.822969999999999868e-01,2.278479999999999950e-01,2.799829999999999819e-01,6.686269999999999714e-01,4.328910000000000258e-01,1.209339999999999998e-01,1.815829999999999944e-01,3.086320000000000174e-01,3.744469999999999743e-01,2.416870000000000129e-01,5.868480000000000363e-01,5.426590000000000025e-01,6.130949999999999456e-01,8.982600000000000307e-02,3.505880000000000107e-01,1.617909999999999904e-01,3.145830000000000015e-01,3.081249999999999822e-01
3.275049999999999906e-01,3.395099999999999785e-01,1.276100000000000012e-01,-3.236699999999999994e-02,2.965659999999999963e-01,4.794109999999999761e-01,2.415769999999999862e-01,8.051800000000000623e-02,4.157779999999999809e-01,2.267540000000000111e-01,1.436389999999999889e-01,3.454990000000000006e-01,3.803699999999999859e-01,-3.212570000000000148e-01,1.936849999999999961e-01,7.498820000000000485e-01,5.596820000000000128e-01,1.000000000000000000e+00,1.959980000000000055e-01,3.112539999999999751e-01,2.549060000000000215e-01,5.781789999999999985e-01,8.716000000000000136e-02,3.836820000000000230e-01,4.692799999999999749e-01,5.365699999999999914e-01,4.676299999999999901e-01,6.077789999999999582e-01,5.482900000000000551e-01,5.193119999999999958e-01,5.536790000000000322e-01,-2.606930000000000081e-01,-2.564259999999999873e-01,2.057479999999999865e-01,7.948299999999999810e-02,1.402130000000000043e-01,4.603000000000000147e-02,1.741149999999999920e-01,-3.391879999999999895e-01,3.162399999999999933e-02,1.699569999999999970e-01,5.262900000000000217e-02,2.259559999999999902e-01,-1.909540000000000126e-01,2.102600000000000025e-01,3.104199999999999737e-01,3.263070000000000137e-01,8.304400000000000670e-02,2.255700000000000066e-02,1.788679999999999992e-01,3.027610000000000023e-01,1.480210000000000137e-01,4.327500000000000097e-02,4.349230000000000040e-01,2.535800000000000276e-01,1.216089999999999949e-01,3.649830000000000019e-01,2.710659999999999736e-01,-6.162800000000000222e-02,2.794630000000000170e-01,5.065629999999999855e-01,2.759010000000000074e-01,7.380470000000000086e-01,1.236219999999999958e-01,2.863870000000000027e-01,2.707309999999999994e-01,3.842769999999999797e-01,9.585499999999999576e-02,4.011020000000000141e-01,3.500050000000000106e-01,4.354700000000000237e-01,3.397789999999999977e-01,4.554540000000000255e-01,2.987389999999999768e-01,4.116529999999999911e-01,4.018329999999999957e-01
-6.395399999999999696e-02,3.212000000000000011e-03,8.528459999999999930e-01,1.141569999999999946e-01,4.494719999999999827e-01,2.452769999999999950e-01,1.989809999999999912e-01,4.437639999999999918e-01,6.602989999999999693e-01,2.839740000000000042e-01,8.910329999999999639e-01,1.972129999999999994e-01,1.566289999999999905e-01,2.959999999999999958e-03,3.572759999999999825e-01,1.136950000000000044e-01,1.501200000000000034e-01,1.959980000000000055e-01,1.000000000000000000e+00,4.706710000000000060e-01,2.508000000000000229e-01,4.607700000000000129e-01,4.021379999999999955e-01,9.314500000000000557e-02,5.611800000000000122e-02,1.820090000000000041e-01,4.727759999999999740e-01,2.017869999999999941e-01,2.323620000000000130e-01,2.603079999999999838e-01,1.403840000000000088e-01,-2.618039999999999812e-01,-2.688710000000000266e-01,2.524150000000000005e-01,-1.969800000000000023e-02,2.663000000000000003e-03,2.025000000000000064e-02,1.719249999999999945e-01,-2.165370000000000072e-01,2.028999999999999901e-02,1.780579999999999941e-01,-1.469600000000000073e-02,-1.319359999999999977e-01,4.512700000000000045e-02,2.609049999999999980e-01,2.805000000000000202e-03,6.905300000000000327e-02,8.465850000000000319e-01,7.770000000000000214e-04,4.448630000000000084e-01,1.025820000000000065e-01,2.313419999999999921e-01,2.956150000000000166e-01,6.280719999999999636e-01,1.528599999999999959e-01,8.752839999999999510e-01,4.641399999999999693e-02,3.675400000000000195e-02,1.873920000000000030e-01,3.873820000000000041e-01,7.751399999999999957e-02,1.102520000000000028e-01,1.635600000000000109e-01,9.449910000000000254e-01,4.398420000000000107e-01,2.550310000000000077e-01,3.814609999999999945e-01,3.134430000000000271e-01,1.549250000000000071e-01,1.596329999999999971e-01,1.159039999999999931e-01,3.672150000000000136e-01,4.480499999999999761e-02,1.839280000000000082e-01,3.206629999999999758e-01,1.242499999999999993e-01
3.725570000000000270e-01,-1.738379999999999925e-01,4.775519999999999765e-01,1.945000000000000062e-01,3.930830000000000157e-01,7.710500000000000687e-02,4.274189999999999934e-01,3.603210000000000024e-01,6.372550000000000159e-01,3.756990000000000052e-01,4.309669999999999890e-01,1.848879999999999968e-01,2.287980000000000014e-01,5.447999999999999718e-03,7.628500000000000281e-01,3.821729999999999849e-01,1.051760000000000056e-01,3.112539999999999751e-01,4.706710000000000060e-01,1.000000000000000000e+00,6.170889999999999986e-01,7.919359999999999733e-01,3.735850000000000004e-01,2.125420000000000087e-01,-8.850600000000000134e-02,1.716070000000000095e-01,6.715870000000000450e-01,5.442320000000000491e-01,7.029900000000000038e-01,6.258380000000000054e-01,5.736970000000000125e-01,-3.431139999999999746e-01,-4.569110000000000116e-01,3.417810000000000015e-01,-4.412499999999999756e-02,1.112500000000000017e-01,1.515549999999999953e-01,2.601350000000000051e-01,-3.713710000000000067e-01,-1.927280000000000104e-01,2.314420000000000088e-01,7.884599999999999942e-02,-1.461900000000000005e-02,1.010540000000000049e-01,3.055610000000000270e-01,4.348629999999999995e-01,1.558660000000000045e-01,4.800519999999999787e-01,8.365599999999999425e-02,3.499689999999999745e-01,2.037980000000000069e-01,4.336099999999999954e-01,3.454849999999999866e-01,6.184180000000000232e-01,4.085799999999999849e-02,4.115019999999999789e-01,1.661420000000000119e-01,3.222670000000000257e-01,1.416070000000000106e-01,7.008440000000000225e-01,4.886480000000000268e-01,2.592699999999999866e-02,4.935930000000000040e-01,4.698599999999999999e-01,8.465690000000000159e-01,6.614659999999999984e-01,7.455289999999999973e-01,5.070569999999999800e-01,2.391139999999999932e-01,8.438299999999999967e-02,2.687479999999999869e-01,6.823059999999999681e-01,4.646440000000000015e-01,6.409470000000000445e-01,7.347770000000000135e-01,5.329760000000000053e-01
