1.000000000000000000e+00,1.897999999999999948e-03,7.496200000000000085e-02,-2.061780000000000002e-01,-1.207500000000000066e-02,-1.061590000000000034e-01,1.798699999999999952e-02,-1.680689999999999962e-01,7.078800000000000370e-02,2.424749999999999961e-01,1.014739999999999948e-01,3.526500000000000190e-01,1.180999999999999975e-03,-3.160450000000000204e-01,4.629519999999999746e-01,4.734959999999999725e-01,4.490830000000000100e-01,3.964210000000000234e-01,3.937700000000000228e-02,5.075600000000000112e-01,5.922819999999999752e-01,5.498859999999999859e-01,-2.220910000000000106e-01,3.052340000000000053e-01,4.910869999999999957e-01,4.191289999999999738e-01,3.284810000000000230e-01,1.257800000000000029e-01,4.880050000000000221e-01,4.786540000000000239e-01,3.544689999999999785e-01,3.970960000000000045e-01,6.661810000000000231e-01,-3.027200000000000030e-02,3.610849999999999893e-01,-1.146800000000000042e-01,-4.684960000000000235e-01,9.634900000000000408e-02,3.114939999999999931e-01,2.595740000000000269e-01,2.230699999999999905e-01,1.285719999999999918e-01,-2.232040000000000135e-01,-3.147699999999999804e-02,-2.257659999999999945e-01,7.741670000000000496e-01,1.356330000000000036e-01,4.302899999999999781e-02,-8.670500000000000429e-02,-1.626130000000000075e-01,-9.104800000000000393e-02,1.194500000000000076e-02,-1.631299999999999972e-01,3.109200000000000158e-02,3.971600000000000130e-01,3.201600000000000279e-02,-1.722539999999999905e-01,-1.593060000000000032e-01,-1.217189999999999939e-01,1.750549999999999884e-01,4.453019999999999756e-01,4.134740000000000082e-01,5.017449999999999966e-01,-6.599999999999999964e-04,5.778680000000000483e-01,5.755780000000000340e-01,6.797170000000000156e-01,-1.173830000000000012e-01,1.858900000000000136e-02,6.057449999999999779e-01,4.144260000000000166e-01,4.069320000000000159e-01,9.946199999999999486e-02,3.997060000000000057e-01,3.536139999999999839e-01,3.221390000000000087e-01
1.897999999999999948e-03,1.000000000000000000e+00,3.479840000000000155e-01,1.392089999999999994e-01,3.505130000000000190e-01,5.779750000000000165e-01,3.419760000000000022e-01,4.636089999999999933e-01,3.378189999999999804e-01,1.521510000000000085e-01,5.389749999999999819e-01,1.302969999999999962e-01,6.078909999999999592e-01,3.911549999999999749e-01,-2.217200000000000074e-02,2.480650000000000077e-01,3.949690000000000145e-01,2.602149999999999741e-01,3.054990000000000205e-01,3.078699999999999770e-01,1.371090000000000086e-01,2.587690000000000268e-01,5.235570000000000501e-01,9.622200000000000197e-02,6.116690000000000182e-01,4.531910000000000105e-01,2.659610000000000030e-01,3.247920000000000251e-01,7.454600000000000115e-02,3.070950000000000069e-01,-5.613599999999999840e-02,4.847389999999999755e-01,2.481520000000000115e-01,1.283699999999999945e-02,-1.146179999999999977e-01,1.905070000000000097e-01,4.873799999999999660e-02,2.134799999999999892e-02,3.628660000000000219e-01,2.526990000000000069e-01,7.240000000000000342e-04,-3.613000000000000239e-02,2.030659999999999965e-01,2.340879999999999905e-01,9.227200000000000679e-02,-2.070400000000000018e-01,4.121360000000000023e-01,4.415510000000000268e-01,1.475700000000000067e-01,1.750240000000000129e-01,2.872270000000000101e-01,5.150099999999999817e-02,3.352240000000000220e-01,3.046320000000000139e-01,1.325100000000000063e-02,5.269629999999999592e-01,-7.364600000000000313e-02,3.051059999999999883e-01,2.548759999999999915e-01,-2.405699999999999852e-02,-1.994279999999999942e-01,5.461599999999999788e-02,-2.985300000000000106e-02,4.706429999999999780e-01,5.296100000000000113e-02,-6.189000000000000057e-02,1.413129999999999942e-01,2.691299999999999804e-01,-8.047100000000000086e-02,-8.026600000000000401e-02,1.395419999999999994e-01,5.407300000000000301e-02,1.288680000000000103e-01,-1.591410000000000047e-01,1.765319999999999945e-01,-3.404070000000000151e-01
7.496200000000000085e-02,3.479840000000000155e-01,1.000000000000000000e+00,2.321590000000000042e-01,4.261550000000000060e-01,4.525919999999999943e-01,1.399900000000000033e-01,4.978259999999999907e-01,6.812380000000000102e-01,1.579760000000000053e-01,7.280710000000000237e-01,3.002270000000000216e-01,3.972280000000000255e-01,3.069629999999999859e-01,-9.309999999999999699e-04,-1.420009999999999883e-01,2.376530000000000031e-01,-2.086179999999999979e-01,6.420249999999999568e-01,3.639450000000000185e-01,1.925419999999999909e-01,1.198219999999999980e-01,4.996240000000000125e-01,4.657189999999999941e-01,1.620330000000000104e-01,2.670170000000000043e-01,-5.549099999999999866e-02,2.099969999999999892e-01,-2.256140000000000090e-01,3.675979999999999803e-01,-1.819199999999999984e-01,3.474700000000000011e-01,2.331129999999999869e-01,3.571499999999999675e-02,-4.561099999999999877e-02,3.286939999999999862e-01,5.457800000000000151e-02,2.268959999999999866e-01,3.469499999999999806e-01,1.269639999999999935e-01,1.087199999999999972e-01,2.393400000000000041e-02,2.716319999999999846e-01,4.860749999999999793e-01,1.935139999999999916e-01,-7.719099999999999573e-02,1.263120000000000076e-01,8.987119999999999553e-01,3.021960000000000202e-01,5.062010000000000121e-01,2.987099999999999755e-01,9.135300000000000364e-02,5.626619999999999955e-01,6.308770000000000211e-01,1.285100000000000131e-01,6.335760000000000280e-01,2.314879999999999993e-01,4.741409999999999791e-01,1.130000000000000032e-01,-1.764900000000000080e-01,-2.661600000000000077e-01,-8.214000000000000468e-02,1.049709999999999949e-01,7.144490000000000007e-01,7.313600000000000656e-02,-7.335999999999999639e-03,2.472820000000000018e-01,3.423039999999999972e-01,4.571709999999999940e-01,-2.083639999999999937e-01,2.620939999999999936e-01,-8.991599999999999593e-02,7.502399999999999347e-02,-3.246640000000000081e-01,3.044609999999999816e-01,-1.308410000000000128e-01
-2.061780000000000002e-01,1.392089999999999994e-01,2.321590000000000042e-01,1.000000000000000000e+00,2.100349999999999995e-01,1.605389999999999873e-01,2.915010000000000101e-01,7.609000000000000485e-02,1.555650000000000088e-01,4.167600000000000193e-01,9.052399999999999336e-02,1.421270000000000033e-01,2.480580000000000007e-01,2.747410000000000130e-01,5.544000000000000317e-03,-1.842999999999999847e-02,1.291859999999999953e-01,-8.558499999999999441e-02,1.736419999999999908e-01,-2.408100000000000171e-02,7.986999999999999308e-03,-1.422839999999999938e-01,1.749130000000000129e-01,3.537919999999999954e-01,1.484700000000000082e-02,-2.544879999999999920e-01,-4.777599999999999902e-02,4.329479999999999995e-01,-1.612099999999999991e-02,4.048800000000000315e-02,1.598920000000000063e-01,6.173999999999999801e-03,-7.554400000000000004e-02,2.961130000000000151e-01,-3.804770000000000096e-01,5.193370000000000486e-01,6.322100000000000497e-01,1.967919999999999947e-01,8.594200000000000450e-02,2.256000000000000019e-02,2.248299999999999951e-02,-3.001059999999999839e-01,5.907080000000000108e-01,5.838689999999999714e-01,3.419820000000000082e-01,-1.918700000000000128e-01,-4.723100000000000215e-02,8.014300000000000590e-02,2.770580000000000265e-01,1.935560000000000058e-01,2.832979999999999943e-01,4.003140000000000032e-01,2.142149999999999888e-01,1.211919999999999942e-01,3.434139999999999970e-01,2.142340000000000078e-01,3.943380000000000218e-01,4.397559999999999802e-01,3.048150000000000026e-01,-1.014699999999999977e-02,6.296300000000000507e-02,3.481100000000000166e-02,1.482729999999999881e-01,2.045410000000000006e-01,-1.706850000000000034e-01,-3.465599999999999931e-02,-1.560850000000000015e-01,8.592800000000000438e-02,4.087230000000000030e-01,-1.890860000000000041e-01,-1.991680000000000117e-01,-1.140670000000000017e-01,3.528180000000000205e-01,-5.258499999999999980e-02,7.444900000000000129e-02,1.712380000000000013e-01
-1.207500000000000066e-02,3.505130000000000190e-01,4.261550000000000060e-01,2.100349999999999995e-01,1.000000000000000000e+00,4.565170000000000061e-01,5.375560000000000338e-01,3.006499999999999728e-01,6.364290000000000225e-01,-4.322800000000000253e-02,5.475569999999999604e-01,6.166100000000000053e-02,5.505349999999999966e-01,3.118299999999999961e-01,6.703999999999999890e-03,-4.257600000000000273e-02,2.362049999999999983e-01,1.993920000000000137e-01,2.865869999999999806e-01,2.575740000000000252e-01,3.234000000000000208e-01,1.809810000000000030e-01,2.596999999999999864e-01,1.290429999999999910e-01,2.315329999999999888e-01,8.589099999999999513e-02,2.434939999999999882e-01,3.343979999999999730e-01,9.219600000000000017e-02,9.429999999999999494e-02,-1.818819999999999881e-01,3.195490000000000275e-01,-3.796700000000000075e-02,-1.065500000000000058e-01,-1.727819999999999911e-01,1.376199999999999923e-01,2.109020000000000061e-01,1.642700000000000063e-02,2.046439999999999926e-01,-9.064200000000000035e-02,-2.052200000000000135e-01,-4.898399999999999976e-02,2.008469999999999978e-01,2.578329999999999789e-01,1.084149999999999975e-01,-1.408899999999999875e-01,4.462300000000000294e-02,4.727210000000000023e-01,1.549599999999999866e-01,7.094749999999999668e-01,2.957409999999999761e-01,4.196059999999999790e-01,2.547320000000000140e-01,6.035639999999999894e-01,1.688699999999999923e-01,4.187989999999999768e-01,1.307909999999999906e-01,2.505879999999999774e-01,1.218700000000000061e-01,-8.980499999999999594e-02,-9.364400000000000501e-02,1.294000000000000011e-03,-6.046100000000000085e-02,4.531769999999999965e-01,4.372499999999999998e-02,2.480189999999999895e-01,1.426580000000000070e-01,2.207550000000000068e-01,1.059900000000000009e-01,-5.718299999999999772e-02,-1.135619999999999963e-01,1.300759999999999972e-01,1.443260000000000098e-01,-3.531100000000000211e-02,1.845680000000000098e-01,-4.905799999999999744e-02
-1.061590000000000034e-01,5.779750000000000165e-01,4.525919999999999943e-01,1.605389999999999873e-01,4.565170000000000061e-01,1.000000000000000000e+00,3.957160000000000122e-01,6.423780000000000046e-01,1.773220000000000074e-01,8.712999999999999912e-02,5.383919999999999817e-01,1.473420000000000007e-01,5.427210000000000090e-01,7.102840000000000265e-01,1.385760000000000047e-01,-1.048700000000000049e-01,4.699000000000000052e-03,1.194699999999999929e-02,6.754699999999999593e-02,8.225200000000000566e-02,3.071969999999999978e-01,-9.253200000000000314e-02,7.642830000000000457e-01,9.313100000000000545e-02,4.023249999999999882e-01,1.960280000000000078e-01,4.149720000000000075e-01,1.005550000000000055e-01,1.147709999999999980e-01,8.231700000000000128e-02,-1.494280000000000053e-01,4.362199999999999966e-01,6.365700000000000525e-02,-1.717289999999999928e-01,-5.986099999999999755e-02,1.367760000000000087e-01,9.009499999999999453e-02,-5.323800000000000060e-02,2.855900000000000105e-01,-1.657230000000000092e-01,-1.612899999999999889e-01,5.635500000000000231e-02,1.523690000000000044e-01,1.753790000000000071e-01,1.759900000000000006e-02,-3.090689999999999826e-01,5.290610000000000035e-01,3.966069999999999873e-01,1.487040000000000028e-01,3.297180000000000111e-01,7.853069999999999773e-01,2.856190000000000118e-01,7.334129999999999816e-01,1.323320000000000052e-01,1.091820000000000013e-01,2.362229999999999885e-01,2.294829999999999925e-01,5.380000000000000338e-01,5.231729999999999992e-01,4.800200000000000300e-02,-1.189069999999999988e-01,-6.443699999999999428e-02,8.649000000000000438e-03,2.516430000000000056e-01,-1.396900000000000086e-01,1.447499999999999898e-01,-3.878700000000000203e-02,7.913099999999999579e-01,2.368599999999999872e-02,5.760799999999999949e-02,1.336420000000000108e-01,1.998520000000000019e-01,2.368599999999999872e-02,9.683999999999999900e-03,8.820899999999999574e-02,-2.125440000000000107e-01
1.798699999999999952e-02,3.419760000000000022e-01,1.399900000000000033e-01,2.915010000000000101e-01,5.375560000000000338e-01,3.957160000000000122e-01,1.000000000000000000e+00,-5.767699999999999910e-02,2.305869999999999864e-01,1.875429999999999875e-01,1.294540000000000135e-01,1.811919999999999920e-01,4.645529999999999937e-01,1.693409999999999915e-01,2.315100000000000144e-02,3.473789999999999933e-01,2.516090000000000271e-01,5.260409999999999808e-01,1.164530000000000010e-01,2.197469999999999979e-01,3.638040000000000163e-01,2.851029999999999953e-01,-4.498800000000000021e-02,1.875449999999999895e-01,4.214370000000000061e-01,-1.808859999999999912e-01,5.054330000000000211e-01,1.644589999999999941e-01,5.879609999999999559e-01,2.019880000000000009e-01,4.121099999999999763e-02,3.923010000000000108e-01,-8.829800000000000149e-02,-4.436400000000000066e-02,-2.038129999999999942e-01,2.321900000000000006e-02,2.297170000000000045e-01,8.414599999999999858e-02,2.905420000000000225e-01,-1.948000000000000079e-02,-2.093140000000000001e-01,1.801900000000000029e-02,1.772330000000000017e-01,2.784630000000000161e-01,9.751400000000000345e-02,-5.543000000000000184e-03,1.536970000000000003e-01,9.645600000000000007e-02,2.306259999999999977e-01,2.234800000000000120e-01,3.009680000000000133e-01,7.347949999999999759e-01,1.244800000000000073e-02,1.871599999999999930e-01,3.912410000000000054e-01,1.531099999999999996e-02,2.487739999999999951e-01,1.515340000000000020e-01,2.175320000000000031e-01,2.212300000000000030e-02,3.214380000000000015e-01,3.742460000000000231e-01,2.384989999999999888e-01,2.046020000000000061e-01,1.088599999999999984e-02,3.255950000000000233e-01,4.131900000000000156e-02,2.815099999999999894e-02,1.275370000000000115e-01,2.208289999999999975e-01,-2.963819999999999788e-01,4.236550000000000038e-01,1.496889999999999887e-01,4.043579999999999952e-01,2.437570000000000014e-01,1.412400000000000044e-01
-1.680689999999999962e-01,4.636089999999999933e-01,4.978259999999999907e-01,7.609000000000000485e-02,3.006499999999999728e-01,6.423780000000000046e-01,-5.767699999999999910e-02,1.000000000000000000e+00,3.344770000000000243e-01,-7.431999999999999718e-02,6.244659999999999656e-01,1.508879999999999943e-01,4.388610000000000011e-01,6.147479999999999611e-01,-6.777000000000000038e-03,-3.683960000000000012e-01,2.018599999999999908e-02,-2.893700000000000161e-01,2.526519999999999877e-01,-1.146499999999999950e-02,2.024469999999999881e-01,-2.212099999999999900e-01,9.067190000000000527e-01,2.169530000000000070e-01,1.202600000000000058e-01,3.918110000000000204e-01,-1.494219999999999993e-01,8.323700000000000543e-02,-4.287969999999999837e-01,-2.285600000000000132e-02,-3.291620000000000101e-01,2.804659999999999931e-01,7.717699999999999561e-02,-1.769380000000000119e-01,-1.682029999999999914e-01,2.812200000000000255e-01,1.077820000000000028e-01,9.170699999999999685e-02,1.224660000000000054e-01,4.560999999999999950e-03,-6.478299999999999337e-02,-8.468299999999999439e-02,2.336560000000000026e-01,1.781240000000000046e-01,1.801979999999999971e-01,-3.189839999999999898e-01,1.727970000000000061e-01,5.209660000000000402e-01,1.299059999999999937e-01,3.605340000000000211e-01,3.684529999999999750e-01,-6.389899999999999747e-02,8.149100000000000232e-01,2.878539999999999988e-01,-2.144860000000000100e-01,3.533279999999999754e-01,1.534979999999999956e-01,4.722120000000000206e-01,2.363049999999999873e-01,1.796999999999999986e-02,-5.358300000000000285e-01,-2.886670000000000069e-01,-1.737059999999999993e-01,3.441230000000000122e-01,-2.451520000000000088e-01,6.659299999999999942e-02,-1.242930000000000007e-01,6.652909999999999657e-01,1.308989999999999876e-01,-3.339420000000000166e-01,2.560370000000000146e-01,-3.296370000000000133e-01,-1.263999999999999933e-03,-4.590719999999999801e-01,9.504999999999999560e-03,-3.734149999999999969e-01
7.078800000000000370e-02,3.378189999999999804e-01,6.812380000000000102e-01,1.555650000000000088e-01,6.364290000000000225e-01,1.773220000000000074e-01,2.305869999999999864e-01,3.344770000000000243e-01,1.000000000000000000e+00,1.309829999999999883e-01,6.142499999999999627e-01,2.656459999999999932e-01,5.162290000000000489e-01,-7.239999999999999908e-03,-7.763200000000000656e-02,-1.377599999999999936e-01,4.383380000000000054e-01,-6.961900000000000033e-02,5.972060000000000146e-01,4.520390000000000241e-01,2.276799999999999935e-01,2.421280000000000099e-01,2.234639999999999960e-01,4.663619999999999988e-01,1.787990000000000135e-01,2.624079999999999746e-01,-1.234100000000000058e-01,2.666669999999999874e-01,-1.614539999999999864e-01,2.788550000000000195e-01,-2.856630000000000003e-01,1.979740000000000111e-01,1.336950000000000083e-01,-1.342600000000000043e-02,-2.193769999999999887e-01,2.944930000000000048e-01,6.969599999999999407e-02,2.520689999999999875e-01,1.752090000000000036e-01,2.065950000000000009e-01,-1.710400000000000115e-02,-1.218790000000000012e-01,2.056900000000000117e-01,4.844999999999999862e-01,2.795929999999999804e-01,-4.544000000000000296e-03,-3.599600000000000022e-02,7.062000000000000499e-01,2.322690000000000032e-01,5.595590000000000286e-01,3.815600000000000241e-02,2.184250000000000080e-01,2.434709999999999930e-01,9.192930000000000268e-01,1.748899999999999899e-01,5.823709999999999720e-01,1.884490000000000054e-01,3.695240000000000191e-01,-2.366669999999999885e-01,-2.089570000000000038e-01,-2.643730000000000246e-01,-2.935000000000000109e-03,5.976399999999999768e-02,6.535889999999999755e-01,1.204910000000000009e-01,1.068810000000000038e-01,3.000959999999999739e-01,2.008700000000000069e-02,4.610090000000000021e-01,-2.087249999999999939e-01,1.186740000000000017e-01,-1.525549999999999962e-01,1.475730000000000097e-01,-2.741540000000000088e-01,2.826420000000000043e-01,-1.439670000000000116e-01
2.424749999999999961e-01,1.521510000000000085e-01,1.579760000000000053e-01,4.167600000000000193e-01,-4.322800000000000253e-02,8.712999999999999912e-02,1.875429999999999875e-01,-7.431999999999999718e-02,1.309829999999999883e-01,1.000000000000000000e+00,-3.143100000000000060e-02,3.972950000000000093e-01,7.071299999999999808e-02,1.940300000000000011e-02,2.393399999999999972e-01,1.004749999999999949e-01,5.143560000000000354e-01,1.235149999999999998e-01,6.489999999999999459e-04,3.404780000000000029e-01,2.551080000000000014e-01,2.232870000000000132e-01,4.733000000000000228e-03,4.547459999999999836e-01,3.978289999999999882e-01,1.183769999999999961e-01,2.637349999999999972e-01,3.299719999999999875e-01,2.814749999999999752e-01,1.581930000000000003e-01,4.583590000000000164e-01,1.358550000000000035e-01,2.665109999999999979e-01,-3.417599999999999805e-02,-8.206299999999999706e-02,4.486180000000000168e-01,7.697099999999999775e-02,1.794999999999999929e-01,8.833000000000000573e-02,1.614909999999999957e-01,-9.512299999999999922e-02,-9.100099999999999856e-02,3.061369999999999925e-01,3.482169999999999987e-01,1.012429999999999997e-01,9.915000000000000202e-02,7.590700000000000225e-02,1.490499999999999985e-02,-1.560670000000000113e-01,-1.239699999999999969e-01,1.355159999999999976e-01,1.711759999999999948e-01,2.118400000000000144e-02,1.166149999999999964e-01,6.567920000000000424e-01,1.847830000000000028e-01,2.515049999999999786e-01,1.697380000000000000e-01,1.531319999999999903e-01,1.014599999999999946e-01,2.347210000000000130e-01,2.618510000000000004e-01,2.965180000000000038e-01,7.851400000000000046e-02,3.535400000000000209e-01,1.594760000000000066e-01,2.846299999999999941e-01,-9.941500000000000337e-02,3.298929999999999918e-01,1.413139999999999952e-01,2.703999999999999806e-03,2.222719999999999974e-01,2.484349999999999892e-01,1.606519999999999893e-01,1.297020000000000117e-01,1.300820000000000032e-01
1.014739999999999948e-01,5.389749999999999819e-01,7.280710000000000237e-01,9.052399999999999336e-02,5.475569999999999604e-01,5.383919999999999817e-01,1.294540000000000135e-01,6.244659999999999656e-01,6.142499999999999627e-01,-3.143100000000000060e-02,1.000000000000000000e+00,2.221960000000000046e-01,5.226340000000000430e-01,3.858010000000000050e-01,-1.504300000000000082e-02,-6.463099999999999401e-02,3.092969999999999886e-01,-3.257800000000000279e-02,5.409570000000000212e-01,3.590990000000000015e-01,2.606959999999999833e-01,2.304100000000000037e-01,5.885169999999999568e-01,3.175529999999999742e-01,2.910929999999999906e-01,3.416980000000000017e-01,4.759700000000000042e-02,1.722029999999999950e-01,-1.750359999999999971e-01,3.605650000000000244e-01,-2.311239999999999961e-01,4.580130000000000035e-01,2.107739999999999891e-01,7.844700000000000284e-02,-3.249400000000000205e-02,1.487060000000000048e-01,2.916600000000000095e-02,2.032410000000000050e-01,3.860540000000000083e-01,1.898590000000000000e-01,1.637369999999999937e-01,2.459700000000000081e-02,1.712789999999999868e-01,3.110089999999999799e-01,1.590739999999999932e-01,-5.823300000000000004e-02,3.244719999999999827e-01,7.773480000000000389e-01,3.555530000000000079e-01,4.952079999999999815e-01,3.656719999999999970e-01,9.785499999999999754e-02,5.932389999999999608e-01,5.754890000000000283e-01,4.759200000000000236e-02,6.369569999999999954e-01,1.299960000000000004e-01,4.518159999999999954e-01,2.239319999999999922e-01,-1.091509999999999980e-01,-2.898009999999999753e-01,4.040300000000000141e-02,1.027649999999999952e-01,6.679509999999999614e-01,4.235400000000000276e-02,1.421020000000000061e-01,2.806130000000000013e-01,4.710340000000000082e-01,2.874709999999999765e-01,-1.254270000000000107e-01,2.797330000000000094e-01,-1.002310000000000006e-01,1.375750000000000028e-01,-2.534890000000000199e-01,2.642880000000000229e-01,-2.527860000000000107e-01
3.526500000000000190e-01,1.302969999999999962e-01,3.002270000000000216e-01,1.421270000000000033e-01,6.166100000000000053e-02,1.473420000000000007e-01,1.811919999999999920e-01,1.508879999999999943e-01,2.656459999999999932e-01,3.972950000000000093e-01,2.221960000000000046e-01,1.000000000000000000e+00,2.479429999999999967e-01,-1.727859999999999951e-01,1.727650000000000019e-01,1.092579999999999940e-01,4.808520000000000016e-01,2.090019999999999933e-01,1.631110000000000060e-01,2.898629999999999818e-01,3.578859999999999819e-01,1.930729999999999946e-01,6.194700000000000206e-02,6.340620000000000145e-01,2.276690000000000103e-01,2.576660000000000061e-01,1.184349999999999986e-01,2.391419999999999935e-01,1.726290000000000047e-01,4.620940000000000047e-01,2.764769999999999728e-01,1.275799999999999990e-01,3.396779999999999800e-01,-8.698000000000000176e-02,8.538600000000000356e-02,7.841000000000000747e-03,-1.350339999999999874e-01,1.527630000000000099e-01,5.840200000000000252e-02,1.953419999999999879e-01,6.917000000000000405e-03,-2.344720000000000137e-01,3.225499999999999895e-02,1.717319999999999958e-01,2.419500000000000123e-02,2.294110000000000038e-01,1.385869999999999880e-01,2.137580000000000036e-01,1.652899999999999925e-01,-1.866450000000000053e-01,1.206910000000000066e-01,2.403260000000000118e-01,4.404999999999999888e-02,2.216039999999999954e-01,5.913410000000000055e-01,1.552300000000000069e-01,5.668370000000000353e-01,1.781639999999999890e-01,5.649799999999999961e-02,-4.839799999999999658e-02,1.384239999999999915e-01,4.023920000000000274e-01,3.866379999999999817e-01,1.825829999999999953e-01,2.359120000000000106e-01,3.669850000000000056e-01,2.064070000000000071e-01,5.507499999999999896e-02,4.403369999999999784e-01,2.306469999999999909e-01,3.129310000000000147e-01,1.063629999999999992e-01,2.557639999999999914e-01,1.010749999999999982e-01,1.891930000000000001e-01,6.951699999999999546e-02
1.180999999999999975e-03,6.078909999999999592e-01,3.972280000000000255e-01,2.480580000000000007e-01,5.505349999999999966e-01,5.427210000000000090e-01,4.645529999999999937e-01,4.388610000000000011e-01,5.162290000000000489e-01,7.071299999999999808e-02,5.226340000000000430e-01,2.479429999999999967e-01,1.000000000000000000e+00,2.715400000000000036e-01,2.693399999999999961e-02,1.187840000000000007e-01,4.871489999999999987e-01,2.065730000000000066e-01,3.684239999999999737e-01,2.002639999999999976e-01,2.942469999999999808e-01,5.036899999999999711e-02,4.421419999999999795e-01,3.181419999999999804e-01,3.326379999999999892e-01,2.761850000000000138e-01,-1.031400000000000025e-02,4.523750000000000271e-01,6.353499999999999426e-02,2.779980000000000229e-01,-1.700369999999999937e-01,3.942769999999999886e-01,6.013500000000000095e-02,-1.127009999999999956e-01,-1.473959999999999992e-01,2.331110000000000126e-01,2.251299999999999968e-01,1.058899999999999980e-01,2.926509999999999945e-01,1.670599999999999863e-02,-3.622700000000000226e-02,-5.666000000000000203e-02,2.825340000000000074e-01,3.666550000000000087e-01,1.842600000000000071e-01,-1.401179999999999926e-01,1.822320000000000051e-01,4.022160000000000180e-01,1.701999999999999902e-01,3.651510000000000034e-01,3.084879999999999844e-01,3.356270000000000087e-01,3.564669999999999783e-01,4.593260000000000121e-01,1.592459999999999987e-01,4.336720000000000019e-01,1.095229999999999954e-01,5.713319999999999510e-01,1.088189999999999991e-01,-4.416599999999999693e-02,-1.149570000000000036e-01,1.330330000000000124e-01,1.227660000000000001e-01,4.496660000000000101e-01,-9.019399999999999640e-02,1.632389999999999952e-01,7.961400000000000421e-02,2.882020000000000137e-01,9.749900000000000233e-02,-7.483299999999999674e-02,-1.954900000000000040e-02,-1.198710000000000053e-01,3.227400000000000269e-01,-8.222100000000000242e-02,3.132300000000000084e-01,-8.781300000000000217e-02
-3.160450000000000204e-01,3.911549999999999749e-01,3.069629999999999859e-01,2.747410000000000130e-01,3.118299999999999961e-01,7.102840000000000265e-01,1.693409999999999915e-01,6.147479999999999611e-01,-7.239999999999999908e-03,1.940300000000000011e-02,3.858010000000000050e-01,-1.727859999999999951e-01,2.715400000000000036e-01,1.000000000000000000e+00,5.519600000000000201e-02,-3.035410000000000053e-01,-2.887279999999999847e-01,-3.001849999999999796e-01,2.703500000000000000e-02,-1.299140000000000017e-01,7.183000000000000149e-03,-2.620460000000000012e-01,7.390309999999999935e-01,-4.806099999999999955e-02,4.048100000000000309e-02,4.353300000000000225e-02,1.823289999999999911e-01,3.273899999999999727e-02,-1.658850000000000047e-01,-1.186460000000000015e-01,-1.704229999999999912e-01,3.644120000000000137e-01,-1.062730000000000063e-01,-7.720699999999999785e-02,-1.250650000000000095e-01,4.215679999999999983e-01,3.255959999999999965e-01,-2.957299999999999859e-02,2.733309999999999906e-01,-1.934559999999999891e-01,-1.250269999999999992e-01,1.152559999999999973e-01,4.169419999999999793e-01,2.025200000000000056e-01,1.794560000000000044e-01,-4.806199999999999917e-01,2.061979999999999924e-01,2.713740000000000041e-01,8.361100000000000476e-02,4.137250000000000094e-01,5.555379999999999763e-01,6.843299999999999383e-02,7.244650000000000256e-01,-1.030000000000000013e-02,-1.678860000000000074e-01,2.434769999999999990e-01,1.982300000000000034e-02,3.923389999999999933e-01,6.060950000000000504e-01,1.256909999999999972e-01,-2.976900000000000102e-01,-3.508919999999999817e-01,-3.006019999999999803e-01,2.221090000000000009e-01,-2.736799999999999788e-01,-1.010910000000000003e-01,-2.388810000000000100e-01,6.457340000000000302e-01,-2.612899999999999945e-02,-2.999530000000000252e-01,-5.841999999999999971e-02,-4.036200000000000204e-02,-6.917500000000000038e-02,-2.630000000000000115e-01,1.547499999999999917e-02,-2.143279999999999907e-01
4.629519999999999746e-01,-2.217200000000000074e-02,-9.309999999999999699e-04,5.544000000000000317e-03,6.703999999999999890e-03,1.385760000000000047e-01,2.315100000000000144e-02,-6.777000000000000038e-03,-7.763200000000000656e-02,2.393399999999999972e-01,-1.504300000000000082e-02,1.727650000000000019e-01,2.693399999999999961e-02,5.519600000000000201e-02,1.000000000000000000e+00,1.263219999999999898e-01,9.038200000000000400e-02,1.102989999999999943e-01,-2.237099999999999853e-02,4.698100000000000054e-01,4.803509999999999724e-01,2.449870000000000103e-01,4.554400000000000115e-02,1.627379999999999938e-01,1.769830000000000014e-01,3.617920000000000025e-01,2.759400000000000186e-01,1.842600000000000071e-01,3.277909999999999990e-01,2.487479999999999969e-01,3.256439999999999890e-01,3.512250000000000094e-01,3.415670000000000095e-01,2.321340000000000070e-01,3.922559999999999936e-01,3.776899999999999702e-02,-1.756399999999999906e-01,1.895900000000000016e-02,3.374590000000000090e-01,-1.032519999999999966e-01,2.804539999999999811e-01,1.381519999999999970e-01,-5.850000000000000339e-02,-2.197700000000000001e-02,-9.995500000000000218e-02,4.120449999999999946e-01,1.413530000000000064e-01,-5.849800000000000139e-02,1.577900000000000136e-02,9.503899999999999848e-02,1.469080000000000108e-01,6.412299999999999944e-02,1.109559999999999991e-01,-1.112179999999999974e-01,1.876720000000000055e-01,8.026200000000000001e-02,-2.545999999999999999e-02,3.789999999999999966e-03,2.974959999999999827e-01,6.946919999999999762e-01,3.930810000000000137e-01,3.880200000000000315e-02,1.813559999999999894e-01,-6.959600000000000508e-02,4.870340000000000225e-01,4.181320000000000037e-01,4.168529999999999736e-01,1.668620000000000103e-01,1.770800000000000152e-02,3.031690000000000218e-01,3.618500000000000050e-01,3.430239999999999956e-01,6.413499999999999757e-02,3.147599999999999842e-01,1.502989999999999882e-01,3.917140000000000066e-01
4.734959999999999725e-01,2.480650000000000077e-01,-1.420009999999999883e-01,-1.842999999999999847e-02,-4.257600000000000273e-02,-1.048700000000000049e-01,3.473789999999999933e-01,-3.683960000000000012e-01,-1.377599999999999936e-01,1.004749999999999949e-01,-6.463099999999999401e-02,1.092579999999999940e-01,1.187840000000000007e-01,-3.035410000000000053e-01,1.263219999999999898e-01,1.000000000000000000e+00,4.199669999999999792e-01,7.770399999999999530e-01,1.503099999999999922e-02,2.150029999999999997e-01,1.817459999999999909e-01,5.083879999999999511e-01,-3.913599999999999857e-01,1.501899999999999936e-02,5.352639999999999620e-01,3.423500000000000154e-02,3.472140000000000226e-01,2.484349999999999892e-01,6.364790000000000170e-01,4.238779999999999770e-01,4.161130000000000106e-01,3.946890000000000120e-01,2.963500000000000023e-01,2.343850000000000100e-01,2.633400000000000185e-01,-2.962770000000000126e-01,-1.805730000000000113e-01,8.040500000000000425e-02,3.447689999999999921e-01,3.307640000000000025e-01,2.468380000000000019e-01,1.976700000000000124e-01,-2.195789999999999964e-01,-1.046389999999999959e-01,-1.463049999999999906e-01,4.594759999999999955e-01,9.317200000000000482e-02,-1.439960000000000129e-01,-8.321999999999999537e-03,-2.572360000000000202e-01,-1.376910000000000078e-01,1.564550000000000107e-01,-3.627179999999999849e-01,-1.385139999999999982e-01,2.371000000000000052e-01,-5.579999999999999891e-03,-2.271940000000000071e-01,-2.537920000000000176e-01,3.184300000000000325e-02,-1.610699999999999979e-02,5.993169999999999886e-01,5.615649999999999809e-01,4.954689999999999928e-01,2.518000000000000099e-02,2.454330000000000123e-01,2.103800000000000114e-01,3.227769999999999806e-01,-3.494889999999999941e-01,-1.831000000000000127e-01,4.774829999999999908e-01,-4.453499999999999820e-02,3.608180000000000276e-01,2.131949999999999956e-01,4.689079999999999915e-01,3.777789999999999759e-01,3.688549999999999884e-01
4.490830000000000100e-01,3.949690000000000145e-01,2.376530000000000031e-01,1.291859999999999953e-01,2.362049999999999983e-01,4.699000000000000052e-03,2.516090000000000271e-01,2.018599999999999908e-02,4.383380000000000054e-01,5.143560000000000354e-01,3.092969999999999886e-01,4.808520000000000016e-01,4.871489999999999987e-01,-2.887279999999999847e-01,9.038200000000000400e-02,4.199669999999999792e-01,1.000000000000000000e+00,5.183119999999999949e-01,2.446419999999999983e-01,5.256600000000000161e-01,3.375630000000000019e-01,5.217340000000000311e-01,-8.802599999999999314e-02,4.311789999999999790e-01,5.414909999999999446e-01,4.375330000000000052e-01,1.197450000000000042e-01,4.871869999999999812e-01,2.470030000000000003e-01,4.269410000000000149e-01,2.714380000000000126e-01,2.709829999999999739e-01,3.601300000000000057e-01,-3.321899999999999853e-02,-1.123500000000000019e-02,9.548099999999999643e-02,-9.711999999999999800e-02,1.157030000000000003e-01,8.060299999999999410e-02,3.682670000000000110e-01,6.478299999999999337e-02,-6.908699999999999564e-02,7.378899999999999348e-02,1.609949999999999992e-01,-2.481399999999999925e-02,3.163469999999999893e-01,3.286599999999999938e-02,2.296469999999999900e-01,-1.038599999999999940e-02,-6.342799999999999827e-02,-1.618370000000000086e-01,1.727480000000000127e-01,-1.953439999999999899e-01,4.168490000000000251e-01,4.636440000000000006e-01,3.828449999999999909e-01,2.924200000000000063e-02,7.441399999999999404e-02,-1.232700000000000046e-01,-5.976999999999999674e-03,7.749699999999999644e-02,4.475649999999999906e-01,3.956160000000000232e-01,2.824889999999999901e-01,4.189149999999999818e-01,2.628900000000000126e-01,4.973560000000000203e-01,-2.961829999999999741e-01,1.434189999999999909e-01,1.605350000000000110e-01,9.021700000000000552e-02,5.350499999999999701e-02,3.496460000000000123e-01,3.428300000000000097e-02,3.306399999999999895e-01,5.117200000000000221e-02
3.964210000000000234e-01,2.602149999999999741e-01,-2.086179999999999979e-01,-8.558499999999999441e-02,1.993920000000000137e-01,1.194699999999999929e-02,5.260409999999999808e-01,-2.893700000000000161e-01,-6.961900000000000033e-02,1.235149999999999998e-01,-3.257800000000000279e-02,2.090019999999999933e-01,2.065730000000000066e-01,-3.001849999999999796e-01,1.102989999999999943e-01,7.770399999999999530e-01,5.183119999999999949e-01,1.000000000000000000e+00,-1.272510000000000030e-01,2.770420000000000105e-01,3.692239999999999966e-01,5.221179999999999710e-01,-3.728000000000000203e-01,4.244799999999999962e-02,6.181029999999999580e-01,1.312919999999999920e-01,4.421189999999999842e-01,2.272059999999999913e-01,6.486579999999999568e-01,2.480920000000000070e-01,3.327570000000000250e-01,3.204219999999999846e-01,2.612619999999999942e-01,3.576700000000000018e-02,1.664680000000000049e-01,-4.300669999999999771e-01,-2.172850000000000059e-01,-5.868899999999999811e-02,1.568970000000000087e-01,3.103639999999999732e-01,4.219200000000000034e-02,8.792899999999999328e-02,-2.918100000000000138e-01,-2.290629999999999888e-01,-2.333409999999999929e-01,3.830859999999999821e-01,1.313229999999999953e-01,-1.538239999999999885e-01,-7.877199999999999480e-02,-1.847370000000000123e-01,-9.314400000000000457e-02,3.405850000000000266e-01,-4.209100000000000064e-01,-4.698599999999999999e-02,3.364670000000000161e-01,-7.060900000000000509e-02,-7.206799999999999318e-02,-2.862899999999999889e-01,-5.140800000000000231e-02,2.815099999999999894e-02,4.973049999999999971e-01,5.909189999999999721e-01,4.339959999999999929e-01,-7.815600000000000325e-02,3.480369999999999853e-01,3.972209999999999908e-01,3.108049999999999979e-01,-3.283579999999999832e-01,-1.830390000000000073e-01,5.141930000000000112e-01,-2.981500000000000122e-02,4.034229999999999761e-01,1.768540000000000112e-01,5.091719999999999580e-01,1.929079999999999961e-01,2.278300000000000047e-01
3.937700000000000228e-02,3.054990000000000205e-01,6.420249999999999568e-01,1.736419999999999908e-01,2.865869999999999806e-01,6.754699999999999593e-02,1.164530000000000010e-01,2.526519999999999877e-01,5.972060000000000146e-01,6.489999999999999459e-04,5.409570000000000212e-01,1.631110000000000060e-01,3.684239999999999737e-01,2.703500000000000000e-02,-2.237099999999999853e-02,1.503099999999999922e-02,2.446419999999999983e-01,-1.272510000000000030e-01,1.000000000000000000e+00,3.528689999999999882e-01,5.637400000000000050e-02,1.964789999999999870e-01,2.369499999999999940e-01,4.503980000000000206e-01,5.593800000000000161e-02,1.416570000000000051e-01,-2.242589999999999861e-01,2.061119999999999897e-01,-1.880799999999999972e-01,3.326839999999999797e-01,-2.146859999999999880e-01,1.934619999999999951e-01,-1.824100000000000027e-02,3.844899999999999707e-02,-1.711270000000000013e-01,3.318570000000000131e-01,1.998129999999999906e-01,3.218690000000000162e-01,3.278260000000000063e-01,1.118969999999999965e-01,1.021460000000000007e-01,-1.148610000000000048e-01,2.938899999999999846e-01,4.925280000000000213e-01,3.697030000000000038e-01,1.297300000000000016e-02,-1.189899999999999985e-02,6.979589999999999961e-01,3.278809999999999780e-01,4.318080000000000251e-01,2.967000000000000019e-03,8.767800000000000593e-02,2.551919999999999744e-01,5.453189999999999982e-01,-2.030799999999999966e-02,5.833319999999999617e-01,1.765960000000000030e-01,3.942700000000000093e-01,-1.301319999999999977e-01,-8.487100000000000199e-02,-1.563950000000000062e-01,-7.569900000000000240e-02,5.476199999999999818e-02,7.954170000000000407e-01,8.193400000000000682e-02,-6.550699999999999579e-02,2.279220000000000135e-01,4.932399999999999979e-02,4.529920000000000058e-01,-2.914300000000000224e-01,1.791969999999999952e-01,-2.169389999999999930e-01,2.642800000000000149e-01,-2.772310000000000052e-01,2.991199999999999970e-01,-2.280199999999999935e-02
5.075600000000000112e-01,3.078699999999999770e-01,3.639450000000000185e-01,-2.408100000000000171e-02,2.575740000000000252e-01,8.225200000000000566e-02,2.197469999999999979e-01,-1.146499999999999950e-02,4.520390000000000241e-01,3.404780000000000029e-01,3.590990000000000015e-01,2.898629999999999818e-01,2.002639999999999976e-01,-1.299140000000000017e-01,4.698100000000000054e-01,2.150029999999999997e-01,5.256600000000000161e-01,2.770420000000000105e-01,3.528689999999999882e-01,1.000000000000000000e+00,5.085530000000000328e-01,7.895320000000000116e-01,-1.377899999999999958e-02,3.138199999999999878e-01,4.070469999999999922e-01,4.170289999999999830e-01,3.499889999999999946e-01,3.338180000000000036e-01,3.834130000000000038e-01,5.508309999999999595e-01,2.823599999999999999e-01,3.668560000000000154e-01,3.429249999999999798e-01,1.736240000000000006e-01,7.351399999999999602e-02,8.300200000000000633e-02,-1.791540000000000077e-01,1.906349999999999989e-01,3.369849999999999790e-01,1.836210000000000064e-01,2.505129999999999857e-01,7.173799999999999621e-02,2.092000000000000109e-02,1.735200000000000076e-01,-4.283599999999999908e-02,4.709929999999999950e-01,2.067740000000000133e-01,4.129929999999999990e-01,1.002129999999999965e-01,2.596749999999999892e-01,8.542900000000000493e-02,1.991070000000000062e-01,-6.139999999999999625e-03,4.879879999999999773e-01,3.122820000000000040e-01,4.550100000000000255e-01,6.115600000000000203e-02,8.516799999999999371e-02,2.157900000000000096e-02,2.897930000000000228e-01,2.429290000000000060e-01,2.140110000000000068e-01,3.603469999999999729e-01,4.147970000000000268e-01,7.681569999999999787e-01,4.147529999999999828e-01,7.860489999999999977e-01,-1.878000000000000155e-02,2.446359999999999923e-01,2.503779999999999895e-01,3.649189999999999934e-01,3.752420000000000200e-01,3.130220000000000224e-01,2.684790000000000232e-01,4.042220000000000257e-01,2.688249999999999806e-01
