1.000000000000000000e+00,1.863400000000000056e-01,2.035569999999999879e-01,-2.724210000000000242e-01,5.450300000000000283e-02,-3.428689999999999793e-01,-1.894329999999999903e-01,-8.389199999999999435e-02,-7.384499999999999398e-02,-2.092410000000000103e-01,2.022660000000000013e-01,-3.421839999999999882e-01,-8.383999999999999786e-02,-2.319660000000000055e-01,7.066600000000000659e-02,2.708590000000000164e-01,5.336619999999999697e-01,3.558080000000000132e-01,-1.668209999999999971e-01,-7.144899999999999862e-02,4.467510000000000092e-01,-2.655100000000000168e-02,-1.696390000000000120e-01,-2.389999999999999902e-01,3.123330000000000273e-01,5.521319999999999562e-01,5.275699999999999834e-02,-6.581599999999999950e-02,1.223640000000000005e-01,1.450559999999999905e-01,1.949750000000000094e-01,3.970509999999999873e-01,6.022779999999999800e-01,1.350470000000000004e-01,1.237010000000000054e-01,-1.861069999999999947e-01,-6.981099999999999806e-02,-4.779410000000000047e-01,2.510680000000000134e-01,3.647790000000000199e-01,3.478510000000000213e-01,8.302900000000000558e-02,4.650100000000000067e-02,1.819010000000000071e-01,3.397129999999999872e-01,8.351680000000000215e-01,1.442700000000000093e-01,-3.442990000000000217e-01,-1.372619999999999951e-01,1.705289999999999861e-01,-3.348199999999999787e-02,-2.130330000000000001e-01,2.178999999999999947e-03,2.490839999999999999e-01,-7.160400000000000098e-02,-1.678199999999999970e-01,-4.099709999999999743e-01,1.882350000000000134e-01,-1.889570000000000138e-01,1.595270000000000021e-01,2.945340000000000180e-01,3.966720000000000246e-01,-3.894500000000000045e-02,-1.862320000000000086e-01,-3.910299999999999887e-02,3.331129999999999924e-01,3.862700000000000161e-02,-9.880800000000000693e-02,-2.526430000000000065e-01,-1.132910000000000028e-01,2.455819999999999947e-01,-6.829799999999999760e-02,1.837000000000000022e-01,3.212329999999999908e-01,1.746610000000000107e-01,9.703299999999999426e-02
1.863400000000000056e-01,1.000000000000000000e+00,-5.904100000000000320e-02,-2.262429999999999997e-01,-3.916209999999999969e-01,4.071400000000000019e-01,7.910799999999999776e-02,2.192340000000000122e-01,-3.227659999999999973e-01,7.541399999999999493e-02,-1.369199999999999862e-01,-3.618500000000000189e-02,5.503280000000000394e-01,-1.557389999999999886e-01,-6.269099999999999673e-02,3.346899999999999875e-02,2.667349999999999999e-01,4.991949999999999998e-01,1.619800000000000059e-02,-4.322320000000000051e-01,3.549809999999999910e-01,-1.620870000000000088e-01,9.812099999999999989e-02,1.463800000000000101e-01,6.638579999999999481e-01,6.427990000000000093e-01,2.495100000000000096e-02,3.012499999999999900e-02,7.499000000000000110e-02,-1.852530000000000010e-01,-2.756600000000000161e-01,2.353780000000000039e-01,2.147640000000000104e-01,-9.372800000000000575e-02,-4.458499999999999963e-02,-3.448129999999999806e-01,-4.450300000000000089e-02,-4.978199999999999986e-02,1.927830000000000099e-01,3.082360000000000100e-01,-1.239600000000000077e-02,-1.789000000000000009e-03,-2.697209999999999885e-01,-1.698179999999999967e-01,9.503799999999999748e-02,2.348979999999999957e-01,5.219780000000000530e-01,-1.480779999999999874e-01,-2.821020000000000194e-01,-3.942189999999999861e-01,2.508940000000000059e-01,-1.947429999999999994e-01,1.458440000000000014e-01,-2.667109999999999759e-01,1.287669999999999926e-01,1.768499999999999933e-02,5.273100000000000009e-02,2.039990000000000137e-01,-1.762350000000000028e-01,-8.262999999999999512e-02,1.606499999999999942e-02,3.953550000000000120e-01,1.120810000000000001e-01,2.603889999999999816e-01,-3.486549999999999927e-01,3.008310000000000151e-01,-2.296809999999999963e-01,7.323499999999999455e-02,1.609889999999999932e-01,3.050720000000000098e-01,4.988299999999999956e-01,-9.689300000000000690e-02,-4.746299999999999825e-02,4.480100000000000054e-02,-2.675440000000000040e-01,-4.720730000000000204e-01
2.035569999999999879e-01,-5.904100000000000320e-02,1.000000000000000000e+00,5.653099999999999792e-02,2.945980000000000265e-01,6.607399999999999385e-02,2.525000000000000022e-01,2.499869999999999870e-01,2.153259999999999896e-01,3.874600000000000266e-02,6.477739999999999609e-01,-1.007630000000000053e-01,4.563799999999999801e-02,1.438909999999999911e-01,1.261999999999999927e-02,-1.708810000000000051e-01,1.518529999999999880e-01,3.281400000000000289e-02,5.532949999999999813e-01,2.164870000000000128e-01,2.957290000000000196e-01,-1.373880000000000101e-01,4.410299999999999776e-01,-1.988779999999999992e-01,-4.502199999999999952e-02,1.092719999999999941e-01,1.012379999999999947e-01,3.996899999999999759e-02,4.165499999999999758e-02,4.830160000000000009e-01,1.459989999999999899e-01,1.771760000000000002e-01,4.075340000000000074e-01,1.496429999999999982e-01,3.139999999999999996e-03,2.542849999999999833e-01,3.304230000000000222e-01,-2.331209999999999949e-01,1.462839999999999974e-01,1.330860000000000098e-01,5.251499999999999918e-02,-1.780269999999999908e-01,1.813109999999999999e-01,3.035809999999999897e-01,3.060269999999999935e-01,1.098709999999999964e-01,1.045090000000000047e-01,3.227499999999999813e-01,1.082299999999999929e-02,2.435779999999999890e-01,4.381619999999999959e-01,-5.546000000000000235e-02,3.658120000000000260e-01,5.099719999999999809e-01,4.260900000000000104e-02,3.074169999999999958e-01,4.205000000000000404e-03,3.941490000000000271e-01,3.718369999999999731e-01,9.298900000000000221e-02,-9.598600000000000187e-02,3.786479999999999846e-01,1.015000000000000060e-03,4.959100000000000175e-01,5.826100000000000029e-02,7.260199999999999987e-02,-1.104939999999999950e-01,4.322670000000000123e-01,-4.032399999999999873e-02,2.781480000000000063e-01,3.370700000000000085e-02,2.074840000000000018e-01,1.024570000000000064e-01,1.682700000000000029e-01,3.550320000000000142e-01,7.895499999999999741e-02
-2.724210000000000242e-01,-2.262429999999999997e-01,5.653099999999999792e-02,1.000000000000000000e+00,3.505159999999999942e-01,1.289869999999999906e-01,2.064229999999999954e-01,7.454299999999999815e-02,2.812100000000000155e-01,3.539010000000000211e-01,-2.303340000000000110e-01,2.394739999999999924e-01,1.809709999999999930e-01,3.160200000000000231e-01,-1.419640000000000069e-01,-4.681899999999999951e-02,-5.438899999999999985e-02,-1.416739999999999944e-01,4.274700000000000027e-02,2.753579999999999917e-01,-4.424199999999999661e-02,4.324399999999999772e-02,1.157330000000000025e-01,1.555060000000000053e-01,-2.721060000000000145e-01,-2.180330000000000046e-01,-1.320489999999999997e-01,3.250020000000000131e-01,4.501100000000000240e-02,2.540149999999999908e-01,2.313749999999999973e-01,-3.203529999999999989e-01,-2.570390000000000175e-01,1.989710000000000090e-01,8.291400000000000159e-02,4.687910000000000132e-01,9.205299999999999594e-02,2.271279999999999966e-01,-1.546210000000000084e-01,-3.030430000000000068e-01,-6.576999999999999513e-02,1.890429999999999888e-01,2.001729999999999898e-01,1.022279999999999994e-01,-2.118289999999999895e-01,-1.950050000000000117e-01,-3.452250000000000041e-01,2.559509999999999841e-01,4.209700000000000247e-02,2.305339999999999889e-01,-1.040400000000000005e-02,-5.939400000000000235e-02,1.299029999999999907e-01,-9.120000000000000502e-04,-6.681600000000000039e-02,5.780699999999999728e-02,1.625570000000000070e-01,-1.482819999999999971e-01,2.390700000000000047e-01,-3.497850000000000126e-01,-1.747470000000000134e-01,-3.015340000000000242e-01,5.146200000000000080e-02,-2.590999999999999987e-03,1.894949999999999968e-01,-5.148699999999999805e-02,3.641999999999999838e-03,1.063169999999999948e-01,1.180029999999999968e-01,-1.245050000000000046e-01,-2.754610000000000114e-01,-1.431759999999999977e-01,9.655299999999999994e-02,-1.349180000000000101e-01,2.205640000000000100e-01,2.914979999999999793e-01
5.450300000000000283e-02,-3.916209999999999969e-01,2.945980000000000265e-01,3.505159999999999942e-01,1.000000000000000000e+00,-1.207219999999999960e-01,4.940840000000000232e-01,-1.721429999999999905e-01,6.018219999999999681e-01,2.282700000000000007e-01,2.207199999999999995e-01,-1.561480000000000090e-01,2.368800000000000072e-02,-4.706000000000000114e-03,8.684000000000000746e-03,2.112789999999999946e-01,2.262139999999999984e-01,9.501999999999999336e-02,1.312679999999999958e-01,3.744399999999999951e-01,-2.750000000000000166e-04,1.365409999999999957e-01,-4.184199999999999725e-02,-3.113699999999999801e-01,-9.589699999999999613e-02,-1.071789999999999965e-01,2.863439999999999874e-01,1.792380000000000084e-01,2.640939999999999954e-01,3.560229999999999784e-01,4.489819999999999922e-01,1.431489999999999985e-01,5.216200000000000003e-02,1.295709999999999917e-01,1.619800000000000129e-01,3.405900000000000039e-01,1.791689999999999949e-01,-1.259389999999999954e-01,-1.615830000000000044e-01,-1.869959999999999956e-01,9.839999999999999789e-03,8.966200000000000558e-02,2.006610000000000060e-01,4.193629999999999858e-01,-1.227150000000000046e-01,-2.619600000000000053e-02,-4.289740000000000220e-01,1.317079999999999917e-01,-5.806599999999999956e-02,7.277109999999999967e-01,-9.178100000000000147e-02,2.774429999999999952e-01,-1.125800000000000065e-02,6.923169999999999602e-01,-9.091899999999999982e-02,7.672800000000000453e-02,-1.561909999999999965e-01,1.393709999999999949e-01,4.468099999999999850e-02,7.400900000000000534e-02,8.535500000000000032e-02,-5.692900000000000044e-02,9.966899999999999371e-02,-8.920200000000000351e-02,3.611449999999999938e-01,-1.842620000000000091e-01,1.106499999999999984e-01,-6.941400000000000348e-02,-2.597800000000000109e-01,9.087199999999999445e-02,-3.324110000000000120e-01,2.230189999999999950e-01,2.655100000000000238e-01,2.372740000000000127e-01,3.075399999999999801e-01,4.486649999999999805e-01
-3.428689999999999793e-01,4.071400000000000019e-01,6.607399999999999385e-02,1.289869999999999906e-01,-1.207219999999999960e-01,1.000000000000000000e+00,1.981960000000000111e-01,6.631089999999999485e-01,4.507699999999999901e-02,5.004370000000000207e-01,-1.401199999999999946e-01,5.704299999999999926e-01,6.319590000000000485e-01,1.985590000000000133e-01,1.536000000000000039e-02,-4.251119999999999899e-01,-1.467400000000000093e-01,1.448949999999999960e-01,2.229889999999999928e-01,3.829999999999999854e-04,3.386629999999999918e-01,-2.693079999999999918e-01,7.008680000000000465e-01,6.124669999999999837e-01,1.152890000000000026e-01,3.093299999999999869e-02,-1.040350000000000025e-01,8.551400000000000667e-02,-1.127890000000000004e-01,4.046999999999999903e-02,-1.684039999999999981e-01,-4.727399999999999658e-02,-2.223860000000000003e-01,-9.670900000000000329e-02,-2.617639999999999967e-01,1.893829999999999958e-01,1.494020000000000070e-01,4.450629999999999864e-01,6.706000000000000155e-03,-1.313300000000000058e-02,-2.290449999999999986e-01,-1.199650000000000022e-01,-9.386799999999999311e-02,-6.433300000000000129e-02,-2.129299999999999943e-02,-1.512920000000000098e-01,1.840920000000000056e-01,4.584679999999999866e-01,1.004390000000000005e-01,-2.987830000000000208e-01,6.996940000000000381e-01,5.837300000000000127e-02,5.698640000000000372e-01,-1.436840000000000062e-01,4.519139999999999824e-01,2.609250000000000180e-01,6.587380000000000457e-01,3.095319999999999738e-01,3.192659999999999942e-01,-1.645770000000000011e-01,-4.181940000000000102e-01,1.145609999999999962e-01,1.273199999999999887e-01,2.805279999999999996e-01,-4.806900000000000062e-02,4.364489999999999759e-01,-3.381230000000000069e-01,6.342280000000000140e-01,6.766999999999999682e-01,3.468359999999999776e-01,2.922139999999999738e-01,2.141000000000000125e-01,-5.759100000000000330e-02,-1.770970000000000044e-01,-1.056030000000000024e-01,-1.201139999999999985e-01
-1.894329999999999903e-01,7.910799999999999776e-02,2.525000000000000022e-01,2.064229999999999954e-01,4.940840000000000232e-01,1.981960000000000111e-01,1.000000000000000000e+00,-1.477040000000000020e-01,2.900570000000000093e-01,4.694999999999999729e-01,8.318499999999999506e-02,-1.423899999999999992e-02,5.237349999999999506e-01,-7.899599999999999678e-02,-1.037990000000000024e-01,1.975619999999999876e-01,4.572099999999999775e-02,2.360210000000000086e-01,2.788840000000000208e-01,1.691600000000000048e-01,9.818000000000000338e-02,1.055340000000000028e-01,-1.574700000000000058e-02,2.555699999999999986e-02,2.957520000000000149e-01,-4.193800000000000305e-02,3.344489999999999963e-01,5.073569999999999469e-01,5.195119999999999738e-01,3.157289999999999819e-01,4.503460000000000241e-01,-3.799700000000000299e-02,7.033599999999999575e-02,1.190039999999999987e-01,-3.680100000000000038e-02,1.531069999999999931e-01,4.553229999999999777e-01,2.284920000000000007e-01,-2.186329999999999940e-01,-1.373599999999999995e-02,-2.002730000000000066e-01,-1.505759999999999876e-01,2.111560000000000104e-01,3.954230000000000245e-01,-2.509199999999999972e-02,-1.673689999999999900e-01,-2.910980000000000234e-01,1.935890000000000111e-01,-1.239600000000000077e-02,1.886220000000000119e-01,-5.900299999999999989e-02,2.642550000000000177e-01,-7.642999999999999794e-02,4.177179999999999782e-01,5.721299999999999997e-02,1.334100000000000043e-02,1.206509999999999944e-01,1.588259999999999950e-01,-1.577399999999999913e-01,-1.608430000000000137e-01,-1.144399999999999931e-02,2.132999999999999827e-02,1.350480000000000014e-01,2.466069999999999929e-01,1.871430000000000038e-01,-1.167129999999999973e-01,-2.350100000000000106e-02,-7.964100000000000346e-02,7.639100000000000057e-02,2.857990000000000252e-01,-2.975240000000000107e-01,1.870670000000000111e-01,1.490239999999999898e-01,3.669580000000000064e-01,1.620449999999999946e-01,1.723709999999999964e-01
-8.389199999999999435e-02,2.192340000000000122e-01,2.499869999999999870e-01,7.454299999999999815e-02,-1.721429999999999905e-01,6.631089999999999485e-01,-1.477040000000000020e-01,1.000000000000000000e+00,-1.662150000000000016e-01,1.131169999999999953e-01,9.730199999999999960e-02,4.827279999999999904e-01,1.888319999999999999e-01,2.875229999999999730e-01,-1.535529999999999951e-01,-6.691470000000000473e-01,-3.300399999999999862e-02,7.022999999999999729e-03,7.538000000000000256e-02,-5.813800000000000218e-02,3.944329999999999781e-01,-4.415290000000000048e-01,7.204739999999999478e-01,3.915739999999999776e-01,-1.622869999999999868e-01,1.720099999999999962e-01,-3.660459999999999825e-01,-3.296459999999999946e-01,-5.957339999999999858e-01,1.142640000000000045e-01,-3.423970000000000069e-01,9.416399999999999770e-02,1.433059999999999889e-01,-2.666700000000000181e-01,-1.422700000000000076e-01,2.980320000000000191e-01,5.239499999999999713e-02,1.001800000000000086e-02,2.950840000000000130e-01,1.905999999999999917e-01,-1.763329999999999897e-01,-1.383979999999999932e-01,8.904099999999999515e-02,-2.318500000000000075e-02,1.966310000000000002e-01,1.818200000000000094e-01,4.394549999999999845e-01,2.201239999999999863e-01,9.731800000000000173e-02,-2.427030000000000021e-01,7.601719999999999589e-01,2.495100000000000096e-02,9.419229999999999547e-01,-1.877040000000000097e-01,3.339050000000000074e-01,3.042030000000000012e-01,5.253029999999999644e-01,3.996190000000000020e-01,5.034229999999999539e-01,-1.158140000000000003e-01,-4.858199999999999741e-01,3.495400000000000174e-01,-8.170399999999999885e-02,3.223530000000000006e-01,-1.174089999999999995e-01,5.944460000000000299e-01,-3.764430000000000276e-01,7.874109999999999721e-01,4.948469999999999813e-01,2.259629999999999972e-01,4.942670000000000119e-01,2.438999999999999849e-02,-1.751739999999999964e-01,-4.613869999999999916e-01,1.052669999999999995e-01,-2.551240000000000174e-01
-7.384499999999999398e-02,-3.227659999999999973e-01,2.153259999999999896e-01,2.812100000000000155e-01,6.018219999999999681e-01,4.507699999999999901e-02,2.900570000000000093e-01,-1.662150000000000016e-01,1.000000000000000000e+00,3.950400000000000023e-01,1.713330000000000131e-01,1.688100000000000017e-02,9.282200000000000173e-02,-1.637649999999999939e-01,3.287410000000000054e-01,2.765070000000000028e-01,1.892500000000000085e-02,6.097999999999999948e-02,4.844680000000000097e-01,4.004920000000000146e-01,-1.498250000000000137e-01,2.416800000000000059e-01,-3.308999999999999875e-03,4.300000000000000165e-05,-1.136469999999999980e-01,-1.508230000000000126e-01,3.017949999999999799e-01,2.359479999999999911e-01,2.221829999999999916e-01,1.122469999999999996e-01,3.249659999999999771e-01,-2.209699999999999998e-01,-3.304489999999999927e-01,1.399519999999999931e-01,-1.426399999999999890e-01,1.634839999999999904e-01,1.404410000000000103e-01,2.672309999999999963e-01,-4.024110000000000187e-01,-3.028549999999999853e-01,-1.141199999999999992e-01,-2.152100000000000124e-01,-4.525799999999999962e-02,1.544310000000000127e-01,-2.254559999999999897e-01,-1.353969999999999896e-01,-4.128009999999999735e-01,5.557760000000000478e-01,-4.612399999999999833e-02,6.016719999999999846e-01,-3.211900000000000172e-02,1.224660000000000054e-01,-1.155260000000000037e-01,6.713729999999999976e-01,-8.045000000000000068e-03,3.768799999999999928e-01,1.588090000000000057e-01,-7.557800000000000629e-02,-2.293900000000000106e-02,1.460059999999999969e-01,1.842660000000000131e-01,-2.382579999999999976e-01,2.608070000000000110e-01,7.961799999999999433e-02,3.779529999999999834e-01,-2.268940000000000123e-01,2.179069999999999896e-01,-1.065740000000000021e-01,-2.894599999999999951e-02,-2.763999999999999964e-03,-2.272119999999999973e-01,2.725049999999999972e-01,1.062530000000000002e-01,1.040920000000000040e-01,5.595800000000000080e-02,3.366109999999999935e-01
-2.092410000000000103e-01,7.541399999999999493e-02,3.874600000000000266e-02,3.539010000000000211e-01,2.282700000000000007e-01,5.004370000000000207e-01,4.694999999999999729e-01,1.131169999999999953e-01,3.950400000000000023e-01,1.000000000000000000e+00,-2.543130000000000113e-01,6.039520000000000444e-01,6.823989999999999778e-01,-8.153000000000000524e-02,1.415049999999999919e-01,1.438109999999999944e-01,3.071320000000000161e-01,4.651330000000000187e-01,2.517309999999999826e-01,2.614989999999999815e-01,8.739399999999999946e-02,5.999999999999999778e-02,2.246660000000000046e-01,6.074789999999999912e-01,1.286899999999999988e-01,-9.903000000000000344e-03,-7.699200000000000488e-02,4.488030000000000075e-01,2.223380000000000078e-01,1.164189999999999947e-01,3.328409999999999980e-01,-1.320389999999999897e-01,-2.573690000000000144e-01,3.384440000000000226e-01,-1.561929999999999985e-01,4.080940000000000123e-01,4.564449999999999896e-01,6.646769999999999623e-01,-2.556789999999999896e-01,8.786999999999999672e-03,-6.173399999999999721e-02,-4.076799999999999868e-02,1.178000000000000054e-02,2.707289999999999974e-01,1.323799999999999977e-02,-9.024500000000000577e-02,-2.939189999999999858e-01,4.844970000000000110e-01,1.225239999999999940e-01,4.930999999999999620e-03,2.826190000000000091e-01,1.455239999999999867e-01,1.243409999999999932e-01,2.291430000000000133e-01,5.710009999999999808e-01,1.145200000000000037e-02,6.394339999999999469e-01,2.104550000000000032e-01,-6.379899999999999460e-02,-1.884830000000000116e-01,1.292889999999999873e-01,1.092199999999999942e-02,5.559899999999999842e-01,1.602649999999999908e-01,2.923819999999999752e-01,9.911499999999999477e-02,6.283199999999999896e-02,1.609049999999999925e-01,6.136770000000000280e-01,1.990030000000000132e-01,5.111700000000000271e-02,9.838199999999999723e-02,3.384269999999999778e-01,1.916059999999999985e-01,6.262600000000000111e-02,3.940000000000000169e-01
2.022660000000000013e-01,-1.369199999999999862e-01,6.477739999999999609e-01,-2.303340000000000110e-01,2.207199999999999995e-01,-1.401199999999999946e-01,8.318499999999999506e-02,9.730199999999999960e-02,1.713330000000000131e-01,-2.543130000000000113e-01,1.000000000000000000e+00,-2.499550000000000105e-01,-2.419179999999999942e-01,1.990909999999999902e-01,1.670750000000000013e-01,-6.629899999999999682e-02,-6.743999999999999995e-03,-1.164379999999999998e-01,4.786030000000000006e-01,7.303199999999999970e-02,1.001859999999999973e-01,-5.437399999999999872e-02,1.110209999999999947e-01,-3.098299999999999943e-01,-4.265700000000000047e-02,4.907600000000000157e-02,1.782910000000000050e-01,-2.721189999999999998e-01,-1.029560000000000058e-01,1.570280000000000009e-01,-2.149900000000000075e-02,2.269390000000000018e-01,3.391080000000000205e-01,-7.575600000000000389e-02,-8.466400000000000314e-02,-1.659199999999999911e-02,1.804439999999999933e-01,-3.097429999999999906e-01,1.858920000000000017e-01,1.568060000000000009e-01,5.805400000000000144e-02,-2.776219999999999799e-01,1.884039999999999881e-01,1.335300000000000098e-01,2.613949999999999885e-01,1.128370000000000067e-01,2.374910000000000077e-01,1.358429999999999915e-01,1.696189999999999920e-01,2.228499999999999925e-01,2.282250000000000112e-01,2.426719999999999988e-01,1.590050000000000074e-01,4.472949999999999982e-01,-3.729000000000000110e-03,4.334839999999999804e-01,-1.044400000000000051e-01,2.477739999999999942e-01,3.588489999999999736e-01,2.950519999999999810e-01,7.629999999999999630e-03,2.829240000000000088e-01,-6.973899999999999544e-02,4.017490000000000228e-01,-1.642499999999999863e-02,-5.982000000000000338e-03,5.969999999999999829e-04,1.420180000000000053e-01,-2.238769999999999927e-01,2.267280000000000129e-01,7.507099999999999884e-02,2.548130000000000117e-01,-9.630500000000000171e-02,8.130800000000000527e-02,1.610070000000000112e-01,-7.261000000000000093e-03
-3.421839999999999882e-01,-3.618500000000000189e-02,-1.007630000000000053e-01,2.394739999999999924e-01,-1.561480000000000090e-01,5.704299999999999926e-01,-1.423899999999999992e-02,4.827279999999999904e-01,1.688100000000000017e-02,6.039520000000000444e-01,-2.499550000000000105e-01,1.000000000000000000e+00,3.558520000000000016e-01,1.599440000000000028e-01,1.242079999999999990e-01,-3.776559999999999917e-01,-3.729699999999999682e-02,1.488699999999999919e-02,8.187200000000000033e-02,1.050200000000000022e-01,9.267400000000000637e-02,-1.367659999999999987e-01,4.044179999999999997e-01,8.184230000000000116e-01,-2.838019999999999987e-01,-6.844899999999999596e-02,-3.535200000000000009e-01,1.300250000000000017e-01,-2.893459999999999921e-01,3.097199999999999953e-02,-1.036580000000000001e-01,-2.781080000000000219e-01,-3.382870000000000044e-01,9.667999999999999511e-03,-9.538699999999999957e-02,3.836180000000000145e-01,9.986299999999999344e-02,6.598960000000000381e-01,-1.417839999999999934e-01,-3.114300000000000054e-02,-1.411050000000000082e-01,-1.156540000000000068e-01,-6.934300000000000186e-02,-3.701600000000000029e-02,2.154770000000000019e-01,-1.171490000000000031e-01,9.079999999999999530e-03,3.182320000000000149e-01,1.905949999999999867e-01,-3.303010000000000113e-01,4.588749999999999774e-01,2.400899999999999909e-02,3.615419999999999745e-01,-2.169929999999999914e-01,6.729100000000000081e-01,2.337000000000000102e-03,8.575479999999999769e-01,2.105400000000000049e-01,1.459989999999999899e-01,-1.321749999999999869e-01,-1.931070000000000009e-01,4.508000000000000201e-02,1.751709999999999934e-01,1.135499999999999982e-01,7.875999999999999668e-02,3.818819999999999992e-01,-1.157299999999999995e-01,4.005870000000000264e-01,8.409999999999999698e-01,2.665000000000000008e-02,3.150700000000000167e-01,-3.141000000000000129e-03,1.590810000000000002e-01,-2.315149999999999986e-01,3.273000000000000215e-02,8.580599999999999339e-02
-8.383999999999999786e-02,5.503280000000000394e-01,4.563799999999999801e-02,1.809709999999999930e-01,2.368800000000000072e-02,6.319590000000000485e-01,5.237349999999999506e-01,1.888319999999999999e-01,9.282200000000000173e-02,6.823989999999999778e-01,-2.419179999999999942e-01,3.558520000000000016e-01,1.000000000000000000e+00,-1.521530000000000105e-01,-1.398100000000000037e-02,4.360100000000000087e-02,2.644199999999999884e-01,5.613059999999999716e-01,1.711529999999999996e-01,-3.464000000000000065e-03,3.755620000000000069e-01,-5.719400000000000178e-02,2.340329999999999910e-01,4.824359999999999760e-01,3.803420000000000134e-01,3.009379999999999833e-01,-9.766299999999999981e-02,5.501890000000000391e-01,3.214910000000000267e-01,1.467529999999999946e-01,1.447269999999999945e-01,-2.714199999999999946e-02,-2.130400000000000002e-02,9.212499999999999856e-02,-1.133640000000000064e-01,7.814799999999999525e-02,2.620410000000000239e-01,4.030489999999999906e-01,-1.520309999999999995e-01,5.987699999999999967e-02,-9.783100000000000129e-02,-2.320399999999999893e-02,-1.418830000000000091e-01,9.547500000000000431e-02,6.747000000000000219e-02,5.721999999999999656e-03,-1.843000000000000020e-03,2.078500000000000070e-01,-1.533539999999999903e-01,-1.909559999999999869e-01,3.806019999999999959e-01,-7.721600000000000685e-02,1.685790000000000066e-01,7.584999999999999729e-03,3.526929999999999787e-01,-1.509199999999999951e-02,4.375390000000000112e-01,3.991270000000000095e-01,-1.529979999999999951e-01,-2.067259999999999931e-01,-2.536899999999999919e-02,2.817540000000000044e-01,4.031870000000000176e-01,2.596700000000000119e-01,8.196000000000000160e-03,3.227539999999999853e-01,-1.361590000000000023e-01,1.820249999999999924e-01,5.222900000000000320e-01,2.825929999999999831e-01,1.982079999999999953e-01,-6.287199999999999733e-02,2.742290000000000005e-01,1.951050000000000006e-01,-2.623100000000000084e-02,-2.374199999999999922e-02
-2.319660000000000055e-01,-1.557389999999999886e-01,1.438909999999999911e-01,3.160200000000000231e-01,-4.706000000000000114e-03,1.985590000000000133e-01,-7.899599999999999678e-02,2.875229999999999730e-01,-1.637649999999999939e-01,-8.153000000000000524e-02,1.990909999999999902e-01,1.599440000000000028e-01,-1.521530000000000105e-01,1.000000000000000000e+00,-9.703199999999999326e-02,-4.436229999999999896e-01,-3.557699999999999751e-01,-4.625810000000000199e-01,3.223100000000000270e-02,9.871000000000000607e-02,-4.424199999999999661e-02,-8.755899999999999794e-02,3.229400000000000048e-01,7.877299999999999580e-02,-2.389689999999999870e-01,-2.221899999999999986e-01,-2.119550000000000045e-01,-2.136450000000000016e-01,-3.455909999999999815e-01,-6.950199999999999434e-02,-1.381910000000000083e-01,-3.824000000000000142e-03,-5.156299999999999772e-02,-1.463990000000000014e-01,-2.329100000000000059e-01,2.432060000000000055e-01,1.324899999999999967e-01,-2.711900000000000074e-02,1.869760000000000033e-01,1.344099999999999982e-02,-9.441099999999999492e-02,9.916800000000000614e-02,3.327320000000000277e-01,-2.608600000000000155e-02,-1.656700000000000117e-01,-2.389630000000000087e-01,1.024800000000000016e-01,6.541600000000000192e-02,2.738200000000000078e-01,-1.431790000000000007e-01,2.471879999999999911e-01,4.613199999999999940e-02,3.019899999999999807e-01,-2.834090000000000220e-01,6.079400000000000082e-02,1.833950000000000025e-01,2.209000000000000130e-01,-8.037400000000000100e-02,7.146580000000000155e-01,-5.337499999999999883e-02,-4.662100000000000133e-01,-5.251299999999999718e-02,-3.183840000000000003e-01,1.288279999999999981e-01,-1.995500000000000052e-02,1.127900000000000083e-02,-6.870700000000000418e-02,3.731860000000000177e-01,1.159069999999999961e-01,7.295000000000000095e-02,4.705000000000000154e-02,-1.249100000000000037e-02,-2.523369999999999780e-01,-3.148380000000000067e-01,2.000899999999999901e-02,9.528000000000000011e-03
7.066600000000000659e-02,-6.269099999999999673e-02,1.261999999999999927e-02,-1.419640000000000069e-01,8.684000000000000746e-03,1.536000000000000039e-02,-1.037990000000000024e-01,-1.535529999999999951e-01,3.287410000000000054e-01,1.415049999999999919e-01,1.670750000000000013e-01,1.242079999999999990e-01,-1.398100000000000037e-02,-9.703199999999999326e-02,1.000000000000000000e+00,3.411629999999999940e-01,4.644000000000000211e-02,1.285370000000000124e-01,3.542649999999999966e-01,3.268240000000000034e-01,9.994899999999999618e-02,4.374489999999999768e-01,5.973000000000000011e-03,1.897340000000000138e-01,3.133600000000000274e-02,9.188899999999999846e-02,3.357310000000000016e-01,7.570399999999999352e-02,1.958249999999999991e-01,9.228000000000000091e-03,2.513200000000000156e-02,5.003400000000000208e-02,-2.424590000000000078e-01,1.115160000000000040e-01,-6.724199999999999622e-02,-2.225660000000000138e-01,-6.408099999999999907e-02,3.153420000000000112e-01,-1.109100000000000016e-02,-8.916399999999999326e-02,1.615280000000000049e-01,-2.165390000000000092e-01,-3.052079999999999793e-01,-1.508379999999999999e-01,2.669300000000000145e-02,3.617000000000000076e-02,3.468399999999999955e-02,3.706329999999999902e-01,-2.427999999999999950e-02,-1.669599999999999904e-02,3.657799999999999940e-02,9.740000000000000047e-02,-2.057819999999999927e-01,1.444000000000000006e-01,1.648260000000000003e-01,2.198970000000000091e-01,1.658070000000000099e-01,-4.775800000000000184e-02,-9.415400000000000158e-02,6.014410000000000034e-01,4.039249999999999785e-01,-8.681600000000000428e-02,3.045160000000000089e-01,1.849119999999999930e-01,2.583070000000000088e-01,6.056799999999999684e-02,4.332920000000000105e-01,-5.883399999999999741e-02,1.862229999999999996e-01,1.301559999999999939e-01,1.373399999999999899e-01,4.703240000000000198e-01,7.967699999999999783e-02,2.239230000000000109e-01,5.648899999999999755e-02,2.517599999999999838e-01
2.708590000000000164e-01,3.346899999999999875e-02,-1.708810000000000051e-01,-4.681899999999999951e-02,2.112789999999999946e-01,-4.251119999999999899e-01,1.975619999999999876e-01,-6.691470000000000473e-01,2.765070000000000028e-01,1.438109999999999944e-01,-6.629899999999999682e-02,-3.776559999999999917e-01,4.360100000000000087e-02,-4.436229999999999896e-01,3.411629999999999940e-01,1.000000000000000000e+00,3.931020000000000070e-01,3.846399999999999819e-01,2.233200000000000116e-02,2.146599999999999897e-01,-1.273040000000000005e-01,6.343159999999999910e-01,-5.119390000000000329e-01,-2.834430000000000005e-01,4.531049999999999800e-01,8.987000000000000544e-02,4.029070000000000151e-01,3.424289999999999834e-01,6.393780000000000019e-01,-4.932299999999999879e-02,4.349529999999999785e-01,1.126159999999999939e-01,-1.342899999999999996e-02,4.544540000000000246e-01,2.057009999999999950e-01,-1.753859999999999864e-01,1.402829999999999910e-01,5.981899999999999717e-02,-8.418100000000000582e-02,-2.067999999999999960e-03,3.392390000000000128e-01,6.107300000000000229e-02,-6.739199999999999358e-02,1.752090000000000036e-01,-1.343350000000000100e-01,1.772870000000000001e-01,-2.405519999999999881e-01,-3.147799999999999904e-02,-1.111160000000000064e-01,3.107920000000000127e-01,-5.032200000000000006e-01,2.152620000000000089e-01,-6.106629999999999558e-01,3.326200000000000268e-01,-1.447430000000000105e-01,-1.892300000000000093e-01,-3.280830000000000135e-01,-1.374140000000000084e-01,-5.362630000000000452e-01,1.912600000000000133e-01,8.244380000000000042e-01,-1.813450000000000062e-01,3.461389999999999745e-01,-1.620860000000000078e-01,3.250129999999999963e-01,-3.560639999999999916e-01,5.902549999999999741e-01,-5.735869999999999580e-01,-3.441460000000000075e-01,2.738000000000000156e-02,-2.767229999999999968e-01,1.595550000000000024e-01,3.566559999999999730e-01,6.292109999999999648e-01,2.876499999999999890e-02,4.348600000000000243e-01
5.336619999999999697e-01,2.667349999999999999e-01,1.518529999999999880e-01,-5.438899999999999985e-02,2.262139999999999984e-01,-1.467400000000000093e-01,4.572099999999999775e-02,-3.300399999999999862e-02,1.892500000000000085e-02,3.071320000000000161e-01,-6.743999999999999995e-03,-3.729699999999999682e-02,2.644199999999999884e-01,-3.557699999999999751e-01,4.644000000000000211e-02,3.931020000000000070e-01,1.000000000000000000e+00,7.860519999999999730e-01,-9.501300000000000023e-02,-2.761800000000000019e-02,2.228729999999999878e-01,-2.365300000000000041e-02,-1.881740000000000079e-01,-7.546600000000000530e-02,3.000260000000000149e-01,5.066599999999999993e-01,-7.962600000000000233e-02,1.496629999999999905e-01,1.268880000000000008e-01,1.437229999999999897e-01,2.992830000000000212e-01,4.509870000000000267e-01,4.069909999999999917e-01,2.381270000000000053e-01,1.911839999999999928e-01,1.863489999999999869e-01,1.603330000000000033e-01,-2.348050000000000137e-01,2.642610000000000237e-01,2.750790000000000179e-01,2.873049999999999771e-01,2.131039999999999879e-01,-7.522000000000000040e-03,3.058130000000000015e-01,2.364380000000000093e-01,5.590760000000000174e-01,1.033810000000000007e-01,-1.844659999999999911e-01,-1.132139999999999952e-01,1.566859999999999919e-01,6.000400000000000178e-02,2.355499999999999955e-02,8.234199999999999853e-02,3.142820000000000058e-01,2.053429999999999978e-01,-1.987059999999999937e-01,-1.520219999999999905e-01,3.832610000000000183e-01,-2.460630000000000039e-01,2.066300000000000081e-02,4.880900000000000238e-01,4.773569999999999758e-01,4.470620000000000149e-01,2.192799999999999958e-02,7.932599999999999374e-02,1.697589999999999932e-01,8.583699999999999664e-02,-1.249920000000000059e-01,-6.163500000000000228e-02,1.108620000000000022e-01,2.999310000000000032e-01,-8.120099999999999540e-02,4.477260000000000129e-01,2.843370000000000064e-01,2.457880000000000065e-01,2.539199999999999791e-01
3.558080000000000132e-01,4.991949999999999998e-01,3.281400000000000289e-02,-1.416739999999999944e-01,9.501999999999999336e-02,1.448949999999999960e-01,2.360210000000000086e-01,7.022999999999999729e-03,6.097999999999999948e-02,4.651330000000000187e-01,-1.164379999999999998e-01,1.488699999999999919e-02,5.613059999999999716e-01,-4.625810000000000199e-01,1.285370000000000124e-01,3.846399999999999819e-01,7.860519999999999730e-01,1.000000000000000000e+00,6.282300000000000384e-02,-5.079000000000000181e-02,3.036030000000000117e-01,-1.850699999999999915e-02,-7.288799999999999446e-02,1.711040000000000061e-01,5.509089999999999820e-01,5.005840000000000289e-01,-5.422999999999999869e-03,2.128049999999999942e-01,2.905380000000000185e-01,8.784599999999999353e-02,2.575950000000000184e-01,3.733630000000000004e-01,2.890130000000000199e-01,1.740510000000000113e-01,-1.393699999999999974e-02,2.893199999999999938e-02,1.221389999999999976e-01,4.093499999999999917e-02,1.164789999999999992e-01,3.036900000000000155e-01,1.469489999999999963e-01,3.806400000000000061e-02,-2.342730000000000090e-01,1.218859999999999943e-01,1.651070000000000038e-01,4.457610000000000183e-01,7.862399999999999944e-02,1.154299999999999944e-02,-2.135239999999999916e-01,7.033000000000000189e-03,1.590040000000000064e-01,5.980599999999999805e-02,4.763599999999999779e-02,2.763849999999999918e-01,2.632459999999999800e-01,-4.210099999999999953e-02,4.058599999999999708e-02,3.801680000000000059e-01,-3.172769999999999757e-01,3.646200000000000135e-02,4.175010000000000110e-01,3.920710000000000028e-01,6.048449999999999660e-01,1.459749999999999936e-01,1.152470000000000022e-01,2.264940000000000009e-01,4.198699999999999655e-02,-6.956800000000000483e-02,1.601879999999999971e-01,2.828169999999999851e-01,3.256060000000000065e-01,2.433099999999999846e-02,3.373760000000000092e-01,3.787949999999999928e-01,7.141000000000000125e-02,1.755200000000000093e-01
-1.668209999999999971e-01,1.619800000000000059e-02,5.532949999999999813e-01,4.274700000000000027e-02,1.312679999999999958e-01,2.229889999999999928e-01,2.788840000000000208e-01,7.538000000000000256e-02,4.844680000000000097e-01,2.517309999999999826e-01,4.786030000000000006e-01,8.187200000000000033e-02,1.711529999999999996e-01,3.223100000000000270e-02,3.542649999999999966e-01,2.233200000000000116e-02,-9.501300000000000023e-02,6.282300000000000384e-02,1.000000000000000000e+00,1.617280000000000106e-01,-4.139999999999999930e-02,1.631700000000000164e-02,2.239470000000000072e-01,1.714809999999999945e-01,-4.826500000000000234e-02,-7.771799999999999542e-02,6.738099999999999645e-02,1.803619999999999945e-01,5.667099999999999915e-02,2.051779999999999993e-01,-3.928000000000000241e-02,-1.247130000000000044e-01,-1.692309999999999925e-01,2.284049999999999969e-01,-1.405820000000000125e-01,1.592250000000000054e-01,2.606220000000000203e-01,3.155930000000000124e-01,-1.077619999999999967e-01,-2.587000000000000063e-02,-5.415400000000000075e-02,-3.231410000000000116e-01,-1.182340000000000058e-01,2.501799999999999857e-02,-2.417300000000000004e-02,-1.958429999999999893e-01,4.154999999999999666e-02,7.259219999999999562e-01,7.577699999999999714e-02,6.521799999999999820e-02,2.788800000000000168e-01,3.745300000000000018e-02,7.126599999999999602e-02,3.603140000000000231e-01,8.958699999999999997e-02,6.754449999999999621e-01,3.438419999999999810e-01,8.761800000000000144e-02,2.230419999999999903e-01,1.300459999999999949e-01,1.262800000000000034e-02,-7.190000000000000210e-04,3.135600000000000054e-01,7.515169999999999906e-01,4.677200000000000107e-02,-1.938640000000000085e-01,1.798900000000000152e-02,1.342639999999999945e-01,2.250649999999999873e-01,3.283510000000000040e-01,7.731499999999999484e-02,2.284069999999999989e-01,1.495400000000000028e-02,3.034099999999999991e-02,8.377199999999999924e-02,5.601899999999999935e-02
-7.144899999999999862e-02,-4.322320000000000051e-01,2.164870000000000128e-01,2.753579999999999917e-01,3.744399999999999951e-01,3.829999999999999854e-04,1.691600000000000048e-01,-5.813800000000000218e-02,4.004920000000000146e-01,2.614989999999999815e-01,7.303199999999999970e-02,1.050200000000000022e-01,-3.464000000000000065e-03,9.871000000000000607e-02,3.268240000000000034e-01,2.146599999999999897e-01,-2.761800000000000019e-02,-5.079000000000000181e-02,1.617280000000000106e-01,1.000000000000000000e+00,3.927100000000000035e-02,6.482909999999999506e-01,1.375790000000000068e-01,5.069999999999999854e-03,-9.575500000000000678e-02,-3.243719999999999937e-01,8.934499999999999387e-02,2.305079999999999907e-01,2.558449999999999891e-01,4.726319999999999966e-01,4.910149999999999793e-01,-2.551600000000000049e-02,-5.859500000000000125e-02,3.158929999999999794e-01,4.927299999999999736e-02,1.870070000000000066e-01,2.878450000000000175e-01,2.242699999999999971e-01,-1.024800000000000016e-02,-6.504999999999999671e-02,2.042680000000000051e-01,-7.160900000000000598e-02,4.657800000000000135e-02,1.687190000000000079e-01,3.565299999999999719e-02,-5.739000000000000178e-03,-3.097099999999999853e-01,3.152559999999999807e-01,4.530399999999999705e-02,3.138610000000000011e-01,5.607800000000000284e-02,2.260040000000000104e-01,1.569000000000000082e-03,3.719850000000000101e-01,2.104890000000000094e-01,4.386099999999999721e-02,1.536970000000000003e-01,6.268899999999999473e-02,9.495900000000000174e-02,2.521220000000000128e-01,2.625149999999999983e-01,-6.700100000000000500e-02,2.213459999999999872e-01,-1.745599999999999929e-02,8.421130000000000004e-01,-2.939500000000000099e-02,6.196850000000000414e-01,1.069340000000000013e-01,1.832400000000000001e-02,8.902100000000000291e-02,-3.288400000000000212e-01,3.242050000000000209e-01,2.896759999999999891e-01,3.004930000000000101e-01,5.141809999999999992e-01,6.339089999999999447e-01
