0.0,-0.05894985526327112,-0.0407928136882974,0.0,-0.027007647045489247,-0.06087429755623702,-0.06902987008172567,-0.044517494167455596,-0.07044292981403039,-0.030438666589879815,-0.019545835848870763,-0.025639183946938204,-0.06189610383932814,-0.0357100972119182,-0.058298744716793804,-0.060801513467649504,-0.018040407763945887,-0.04919721392836568,0.0,-0.051640100211104045,-0.05796851155273158,-0.05511050444301896,-0.041410308037849175,-0.04744562195804841,-0.039000256902010366,-0.05132567274092603,-0.03445131163012494,-0.07648406898388183,-0.055247151727039034,-0.02474978382199189,-0.056136241707716916,-0.0504538582370373,-0.06629765599589343,-0.04898232686911369,-0.02616056437798292,-0.0467618074132633,0.0007343554168621202,-0.021952047787437756,-0.05631936795954856,-0.06658107635512128,-0.047378355811151074,-0.07194419159332666,4.3168440599206104e-05,0.0,-0.0074064417860438825,-0.08882391841835768,-0.055376553662191574,0.0,0.0,0.0,-0.0828978842159031,1.1102230246251565e-16,-0.04568452791728489,0.0,-0.030292673576194584,0.0,-0.01801530971999915,-0.06377444029951684,0.0,-0.011970086216684828,-0.05607926886879594,-0.03835286415341321,-0.05117234074960114,0.0,-0.017384714183861227,-0.04483926568249552,-0.07385700548539115,-0.03898591034672888,-0.022137393912463,-0.047032652412815346,-0.05314155508071011,-0.02797656935238685,-0.00031468487665853306,-0.08970610589654782,0.0,-0.049171384468825075
-0.05894985526327112,0.0,-0.04098156448224344,-8.60599180581012e-05,-0.04540529634338786,-0.03390954527104595,-0.05245680650854179,-0.04348175151273215,-0.04446995284653715,-0.06542341200701507,-0.023319219995674767,-0.01021115290773894,-0.051091679102886034,-0.0067886775224653695,-0.047786197038358125,-0.060517303500136566,-0.048033281387646176,-0.05284315306370374,-0.012571071429655856,-0.04475791061848933,-0.06745337609949992,-0.05181719744605079,-0.04087431311168893,-0.019121526129612654,-0.04313678864600673,-0.03900318542332237,-0.03674386667118229,-0.04538533581087845,-0.03570041933770818,-0.03055074360052984,-0.055734786384359136,-0.06115024022652865,-0.07102667146702885,-0.0558086377691141,-0.04207590609291578,-0.03534678369709021,-0.0014369969715474773,0.0,-0.04421204919697225,-0.04276489772081182,-0.040988454150578,-0.04214705881574693,-0.009090276427669908,0.0,2.220446049250313e-16,-0.05804275714503543,-0.052412547458575265,7.718485163488165e-05,0.0,0.0,-0.07068349101477805,-0.05993044006367032,-0.03051525998081739,-0.050775178291091794,-0.055201397175924205,0.0,-0.018537005711939614,-0.06438658247651335,0.0,-0.04605623601086972,-0.056350212971983116,-0.027820583854179792,-0.04603986427662288,0.0,-0.06418694867322466,-0.07266392806402522,-0.06300096929745325,-0.03032548540324137,-0.06891668797884848,-0.033358240236377734,-0.06241498614573948,-0.058708547028062386,-0.05258955554917405,-0.06543639119218997,-1.1102230246251565e-16,-0.04896248143278725
-0.0407928136882974,-0.04098156448224344,0.0,-0.05211373444837453,-0.040027916926727525,-0.043432318230131495,-0.04372342007943408,-0.014230299803270618,-0.03562974570632421,-0.023375340936036437,-0.03359212027547731,-0.032294595188294695,-0.05298404017937164,-0.029588587118911214,-0.03518308653001806,-0.07397712773572507,-0.028328200708881424,-0.038040428172388285,-0.046059899893057005,-0.01976024556835837,-0.053808301683245185,-0.05337677005139546,0.00693557140503237,-0.02086546955884616,-0.048243501433924085,-0.04897571007487023,-0.030568434082163254,-0.0535804014427263,-0.038042445600538044,-0.055535921089615026,-0.04885896154775887,-0.04535889205390159,-0.029285418444000566,-0.035186771465337774,-0.01533170844213294,-0.017531031491168914,-0.029980722710571672,-0.03148930633477004,-0.01663722055864153,-8.841084871979987e-07,-0.009067575416821572,-0.01074713796047122,-0.03892807228055767,-0.02295166385282832,0.0,0.0,-0.000152464510657202,-0.15221872438506512,9.695747145821443e-06,-0.03534057167035598,-0.025313569350457144,-0.04438758557607325,-0.018846555394252396,-0.03800619695557789,-0.00016458555852177925,-0.09166256258331962,-0.027783656453430616,-0.04787290093105173,-0.008262837243192767,-0.00022880205596526038,0.0,0.0,0.0,-0.12250376543151853,-0.016869558803898843,0.053983622022439115,-0.0003259702444388113,-0.035165438185073894,0.0,7.607853382540775e-05,-0.04247472945896863,-0.028889409176467318,-0.029602386057583974,-0.07653237379162287,-0.008250408878541116,-0.01910828483111293
0.0,-8.60599180581012e-05,-0.05211373444837453,0.0,-0.0028481362912586294,-0.03349117516611211,0.004010147440348999,-0.005860036883336972,-0.012782291330420359,0.09982992151266523,-0.030060666291535032,-0.003916861289170681,0.028706909661263325,0.026102450757539142,-0.01287747005387585,0.0009120676801929184,-0.0025606570691055763,4.4151417324056474e-05,-0.020967212936045143,-0.02363593385285012,0.00116965395381452,-0.03278709472472402,-0.04467027303627458,-0.015558886322007803,0.0003114364840451911,-0.025417463806662155,-0.04605525650856929,0.005881298206484753,-0.018946922953830103,0.00985302998549159,0.01949803245716647,0.00534737194747853,-0.01671013530762938,0.0420549857186604,0.0056674665854489215,0.02835243307548596,0.011406413123699666,0.06640551138814604,-0.0020221246010558858,-0.0009291529261754028,-0.03560976791208509,0.014611266100769515,0.003331467329613147,-0.01121029113142058,0.0,0.0,0.0,-0.0011136784311884806,0.0,0.0,-0.0039937529679001105,2.220446049250313e-16,-0.00010104639773528268,-0.01640306008412612,5.551115123125783e-17,-0.010820565502572155,-0.00808627145650398,-0.0004631638058733567,0.0,0.0,0.0,0.0,0.0,0.0,0.0,0.0,-8.90925314099289e-05,-0.025339878341187116,0.0,0.0,0.0,-0.024923508285446316,0.002184506606071168,-0.012510529311014762,0.0,0.0
-0.027007647045489247,-0.04540529634338786,-0.040027916926727525,-0.0028481362912586294,0.0,-0.058550043281741404,-0.038451060268066106,-0.04095567720132959,-0.06614806313676957,0.010963895062323925,-0.027263402759989785,0.010655765733084188,-0.03907336168996006,0.0018988117722623654,-0.01859669661975233,-0.09732490072625288,-0.0022726644782358196,-0.05603785279315043,-0.05006490562632682,-0.06289748198090328,-0.05918351220940288,-0.0667506413508322,-0.05224353970226642,-0.0026872780549023756,-0.06586865826980487,-0.06818656245144666,-0.05674527341616992,-0.017624819736379804,-0.04387503741413379,-0.01798821638449849,-0.04804418375334041,-0.04302079028153394,-0.039157383421027536,-0.030191599041871686,-0.016247015742420212,-0.0006922935590340518,-0.010257070294010628,0.01194211221266045,-0.04165174396211763,0.010731803334058376,-0.06823089075730387,-0.037690076737122324,-0.020021814320091647,0.047477159230750854,-0.00028560924585724345,1.1102230246251565e-16,-0.007060043912559433,-0.07161475830049169,0.0,-0.0664321646410111,-0.06053311772902198,-0.08806172377317956,0.07967828698162416,-0.06997049367319302,5.551115123125783e-17,-0.02016616058776821,-0.019199452130405636,-0.0878732436639933,-0.021965738873489737,-0.02087994633133361,-2.3350296518453995e-05,0.0,-5.551115123125783e-17,-0.06414917647051877,-0.02981867554744133,0.00021040847183445566,-0.0363921011955089,-0.0671911420692542,0.0,-2.8345585554423458e-05,-0.033898871408205467,-0.0187283311590421,-0.035732298672778606,-0.03172951920468203,1.1102230246251565e-16,-0.04332246152361552
-0.06087429755623702,-0.03390954527104595,-0.043432318230131495,-0.03349117516611211,-0.058550043281741404,0.0,-0.04932357467884424,-0.026888715473663616,-0.05741471265886239,-0.007892805128432656,-0.05565367377982483,-0.011271262543748328,-0.02041541836606542,-0.042271739831769684,-0.041001439769229764,-0.059332140276521506,-0.007396931101122384,-0.034056762509388105,-0.05171893790206583,-0.0400577512331709,-0.03283446223371539,-0.04910565880369766,-0.06047398373009599,-0.03594242230610023,-0.04073338606277388,-0.04229319261515274,-0.03773851811305817,-0.02243330623932205,-0.011726506820810556,-0.02606799825022621,-0.03713297449867431,-0.03880817453365559,-0.03075896449367016,-0.0312296327603116,-0.0240175413198348,-0.0256249750629573,-0.02729920549449888,-0.017592780777731354,-0.01588200653239269,-0.05098443739539621,-0.012495381075534162,-0.014370848181733342,-0.002107777940855815,-0.03039399238737639,0.018435576631989747,-0.03084830321481158,-0.046547915138180074,-0.02241289178244965,-0.030250085896062207,-0.030728001102966862,-0.02504922182362085,-0.02340748566515921,-0.030788505987446924,-0.020771150681588968,0.01077346987911737,-0.01923352382558219,-0.014259582395378445,-0.02615845873675532,-0.021430914859839,-0.031528547059258394,-0.05010403086277848,0.0,-0.04506630083274704,-0.02278174563141533,-0.029732005613839263,-0.0054746678960196915,-0.047877470704341785,-0.029296523226383042,-7.491131132153495e-05,-0.04132649813510991,-0.04071556653038966,-0.026677710084361705,-0.019656869168306945,-0.029843502516895548,-0.024092066332171536,-0.010448153551700534
-0.06902987008172567,-0.05245680650854179,-0.04372342007943408,0.004010147440348999,-0.038451060268066106,-0.04932357467884424,0.0,-0.04955493934808175,-0.06106696661827876,0.0012634609247399453,-0.02551386602580169,-0.005882550654118579,-0.03827236087900415,-0.01758469068138685,-0.018695311565251727,-0.07395098307569797,-0.005752038971942375,-0.06568204791068816,-0.028316223080111003,-0.06277482275988505,-0.06518353652441539,-0.07080578779177049,-0.0464752173312073,-0.0107431138195474,-0.0614883447150239,-0.06546322128388915,-0.052998628655218816,-0.01731126355070106,-0.034352901498602484,-0.038420296211012894,-0.04952736425003684,-0.012186267491308689,-0.03919475191186711,-0.039283515488154674,-0.009716771908790944,-0.001266656368016983,0.006322189047402338,0.0038134650110988044,-0.07579608093276358,0.0063106364118016844,-0.07312179760805188,-0.0812816304713726,-0.075500575916424,0.002838339158170222,0.0017740435452506809,0.0,-0.05248245069007196,-0.01293346270469009,0.0,-0.02961958860513708,-0.0431669130441697,-0.03083249863674975,-0.045242510545295045,-0.04240328293864859,-0.02215712758865701,-0.01049072396571521,0.01330206080110391,-0.0521043236361205,-0.023657957694181275,-0.06215316798737547,-0.0641402253217308,0.0,-6.128531035870521e-05,-0.024983035922274466,-0.03682975782016862,-0.023057642068062767,-0.05518538046111571,-0.0438116711960293,-0.00013620609550724083,-0.030695564575270617,-0.06799047602248054,-0.04053314941987335,-0.04703112098340617,-0.055334839795929625,-0.010490969213780565,-0.021010265198995515
-0.044517494167455596,-0.04348175151273215,-0.014230299803270618,-0.005860036883336972,-0.04095567720132959,-0.026888715473663616,-0.04955493934808175,0.0,-0.022047496854697146,-0.018972033523505294,0.00014689138328644047,-0.018821589805239847,-0.04391083607507995,0.01690950559132942,-0.050374387684776645,-0.057913117271135406,-0.005050805522039015,-0.034888051472695136,-0.04388634391813717,-0.0414410105432087,-0.04469621180474098,-0.042791825111248405,-0.016411043334586484,-0.04527739172574713,-0.07502511430248915,-0.04824026039214291,-0.050738476153098455,-0.0395066626126917,-0.01958126769448143,-0.04906265561474621,-0.03189144580726899,-0.02646767701684488,-0.02835249053408201,-0.03044901095078889,-0.011468748975270338,0.01983198176828843,-0.09701616973418425,0.011657063974447712,-0.025564513656032573,-0.03512712485604624,-0.017680386394080705,0.0027071503685685006,-0.03470134554252308,-0.010074683519955885,0.0,-0.041034875419977246,-0.018132435747865328,-0.029909617980361014,0.0,-0.07701701930846416,-0.045782775267328435,-0.030298661173776387,0.02835830848153892,-0.038585506200761566,0.00017737799643485763,-0.018447644646844286,0.00024569761764969833,-0.03335013503964823,-0.03337064375458093,-0.005400589473174899,-0.01978864656006374,0.0,1.4362223369868143e-05,-0.049874794206247186,-0.04524151962263895,0.010299948799354641,-0.03733386758561358,-0.021367054721805334,-5.551115123125783e-17,-0.02785579541843991,-0.03647232841898035,-0.03165176206802722,-0.025036530605099694,-0.028225260448682787,-0.02787460088725019,-0.016026573266175015
-0.07044292981403039,-0.04446995284653715,-0.03562974570632421,-0.012782291330420359,-0.06614806313676957,-0.05741471265886239,-0.06106696661827876,-0.022047496854697146,0.0,-0.005428579000531453,-0.04797736984935663,-0.010848389372437706,-0.058177245482608886,-0.049642034724468265,-0.060003632279795605,-0.08486938816915479,-0.021040543149772273,-0.03370841865035912,-0.05270108137863461,-0.0616628880744815,-0.04753919734616918,-0.061533583385743884,-0.04464128982842436,-0.02168331706803267,-0.05682829855911037,-0.056107673679505865,-0.050540074575027294,-0.049522377338657,-0.033392056019795946,-0.05131634799265472,-0.03703933961604289,-0.03057868988987056,-0.05761598737285767,-0.02126446199600346,-0.013099780037904407,-0.017184821007443007,-0.01278018311656448,-0.0024747676033199384,-0.0037592648558176234,-0.0018935333912851737,-0.026354000335904182,-0.029544532389332523,-0.019649376872232505,-0.021343811858565487,-0.022835276299096152,-5.551115123125783e-17,-0.051825388220467616,-0.021918802947189286,-4.6578823911236356e-06,-0.03603260777445688,-0.018242442837853035,-0.02248162150418498,-0.01556691229344953,-0.015951204216444026,-0.019740385063437837,-0.007496861394696908,-0.024577831592140498,-0.025794718681505735,-0.004595524455441202,-0.03328791374327977,-0.08194613231564501,0.0,0.0,-0.023645533357525617,-0.04052661784268191,0.01744726485406506,-0.04375855035505155,-0.023237689298420294,-5.7326062352147655e-05,-0.07125331637106475,-0.02705269499955748,-0.01711211001116797,-0.007478111685080502,-0.04134432632863588,-0.020425244843016777,-0.009638189633366823
-0.030438666589879815,-0.06542341200701507,-0.023375340936036437,0.09982992151266523,0.010963895062323925,-0.007892805128432656,0.0012634609247399453,-0.018972033523505294,-0.005428579000531453,0.0,0.006504800903472885,0.0017998862866899779,0.010748178209824544,0.05506189748296625,-0.008681200963653879,-0.042434108841182594,-0.011228376387127925,-0.0497886800151901,-0.001629376064218535,-0.07438402921494042,-0.041773792991363745,-0.05232527711385476,-0.018957249384033703,-0.00886356268146693,-0.01890478129290568,-0.04210719054531609,-0.014560084016089547,0.015646308637280337,-0.02232058885380883,0.01027936788910444,0.010736575781317093,0.014865681755018068,0.00967272023272897,0.029063346172189086,0.02501356561000967,0.01250954701810919,0.005542362929563227,0.029070887848329785,-0.06980741856842654,0.00034199938082435377,0.02924549022142381,-0.033219971017312167,-0.025096734768594142,-0.016693729636066634,0.03682212033338206,-0.022300465691923954,-0.015010615586705356,-0.0005089130689583943,-2.6448101478893093e-05,0.0005203079984350545,-0.015411986351603235,-0.029717691627255682,-0.01324908546471204,-0.007387546563769776,0.005525615715623378,-0.01853158395435145,0.007091138627903337,-0.0015766541568065784,0.0,9.942130678786132e-05,-0.06191427777523678,-0.01469925692026769,-0.032432769772653136,8.693629551803639e-06,-0.000141249512022934,-0.022050164874519163,-0.006028187918442007,-0.019035756247292812,-0.021819659943592196,-0.02611816827846486,-0.01830189594134679,-0.01639244882522961,0.029926128674899022,-0.042367343968956195,-5.551115123125783e-17,0.0029834066633663836
-0.019545835848870763,-0.023319219995674767,-0.03359212027547731,-0.030060666291535032,-0.027263402759989785,-0.05565367377982483,-0.02551386602580169,0.00014689138328644047,-0.04797736984935663,0.006504800903472885,0.0,0.009579962542585085,-0.018740109824952722,0.012424251756055216,0.0,5.8227978882940956e-05,-0.008656130070975099,-0.016375227442608276,-0.042765707292173966,-4.566289697977011e-05,-0.02544692284131267,-0.01602435188556134,0.033685199812909405,-0.005751504891527093,0.0029464317350670344,-0.000904916582631643,-0.03552555093146709,-0.012870898158723387,-0.03432158684511394,-0.017111666720795116,-0.010520339071800888,-0.00839707799846423,-0.01296837804843226,0.002241629151534641,-0.009828097566172422,0.007467639605445497,-0.025459874147723882,0.004613377260197948,-0.008973975582050597,-0.007443074421669249,-0.020183213711407466,0.00639889824071066,0.015195497469130903,-0.028398634748012686,-0.014215928954242785,0.0,1.1102230246251565e-16,-0.11736002753598873,-9.01942103281872e-07,-0.02365647480661376,-0.015963996272960246,-0.0185400452924962,-0.024049843620165157,-0.02164953097204292,0.006223049837705663,-0.013161105771316461,-0.019631224298075345,-0.005793206725365929,0.013049933022074911,5.551115123125783e-17,0.0,0.0,0.0,-0.0625491546867043,-0.01137475921752118,0.0,-7.649299884221472e-05,-0.01550712005240068,5.551115123125783e-17,0.0,-0.0001577282689861348,-0.013923850840573126,-0.0074517878280451755,-0.009579625691652272,0.0,0.01748195668800767
-0.025639183946938204,-0.01021115290773894,-0.032294595188294695,-0.003916861289170681,0.010655765733084188,-0.011271262543748328,-0.005882550654118579,-0.018821589805239847,-0.010848389372437706,0.0017998862866899779,0.009579962542585085,0.0,0.01692455250623731,0.02436104850835341,0.01658128143938231,-0.03403378105253213,-0.0065359550850112025,-0.02751524879945344,-0.0024589148205440003,-0.032668435838140386,-0.04129557052981481,-0.021143624268697758,-0.026547078873431995,0.0005284643067666184,-0.01110407088987403,-0.016528828284313235,-0.020681928226249036,0.02203188304950482,0.01517643042968636,-0.03628886379068347,0.014644678931012178,-0.01715368866118744,0.005442195031813035,0.03947934957594734,0.017966440551024587,-0.011763042672325641,-0.0100148495167669,0.01147354163729239,-0.04404005360685642,-0.040706736421320555,-0.00705152669040926,-0.020460495754103525,-0.010555331633607501,-0.007208782490500942,-0.00837744561403908,-0.026098689961642385,-0.06060608166758652,-0.017041832973122506,0.0199525967465084,-0.008423060495685308,-0.009974122039651645,-0.049200340878660376,-0.015664309459247905,-0.021851585088792258,-0.0009980585535026565,-0.016504254120094042,0.003009731257309578,-0.0689167333647942,-0.04308869663466902,7.499035398739196e-05,-0.02448627700018763,-0.021067442265951197,-0.024360779199425586,-0.013823998333643839,-0.024741727729374774,-0.03212610712344777,-0.0037444444260102405,-0.031725438251771654,-0.015426651030273575,-0.027048662419626668,-0.022685977381817768,-0.030742066133290058,-0.110183310792004,-0.013405327777406162,0.0,-0.023733394144618614
-0.06189610383932814,-0.051091679102886034,-0.05298404017937164,0.028706909661263325,-0.03907336168996006,-0.02041541836606542,-0.03827236087900415,-0.04391083607507995,-0.058177245482608886,0.010748178209824544,-0.018740109824952722,0.01692455250623731,0.0,-0.005634514387393985,-0.04107931004013038,-0.06104536186300141,-0.005028931737295239,-0.05093438176305831,-0.02751594199309565,-0.05233906704936847,-0.054330000185193184,-0.062058879716549775,-0.05537718458070506,0.014613473659204124,-0.04838216381259003,-0.05051411106033543,-0.05552338426456904,-0.02775787918931244,-0.014357418459013782,-0.05671540388259716,-0.03819007923291151,-0.013875014957831833,-0.03521108726080935,-0.02571107584419241,0.004356088750525122,0.009138325131157476,0.022275898249242976,0.00968228314980979,-0.05422682849056959,-0.03221207097771722,-0.0564165957315888,-0.04044926383477382,-0.02024490906009535,-0.06629966346218735,0.0013346976220494078,-0.05709274088518124,-0.04627905213802991,-0.03188607010800021,0.0,-0.027466162358771806,-0.03532488771042702,-0.047399089439862485,-0.04463478565109358,-0.031046326131424273,0.028883337818768562,-0.02264962743765997,-0.02489403574020238,-0.047734661558552716,0.001987215790138719,-0.04604915332576204,-0.05619138492889025,-0.023182896062497738,-0.06736202085726523,-0.0604070690141964,-0.05041579541471625,-0.03445116048994129,-0.05523889680638294,-0.04185789134150347,0.004242482241023249,-0.05400990582375498,-0.05932700392413981,-0.04335740628350643,-0.050280273540313836,-0.04728812426435858,-0.03976373504016817,-0.028037109451305164
-0.0357100972119182,-0.0067886775224653695,-0.029588587118911214,0.026102450757539142,0.0018988117722623654,-0.042271739831769684,-0.01758469068138685,0.01690950559132942,-0.049642034724468265,0.05506189748296625,0.012424251756055216,0.02436104850835341,-0.005634514387393985,0.0,-0.01139972913906745,-0.00068925724359159,0.00012119483184708235,7.341775314007037e-05,-0.03567972216760884,-0.004010632954051296,-0.036424390028047204,-0.003613508363218887,-0.0021985765214825315,-0.03639719890186982,-0.003657333202861879,-0.03625274834576109,-0.0266285071422232,0.017620361699300424,-0.027832367762359422,-0.006624786931800408,-0.043550118948358696,0.03993185730870191,0.008968910134913244,0.012125090996482846,0.005768504968851895,0.03856814876091791,0.017378862442196524,0.013030126011767285,-0.054023400761137874,0.0,-0.0002918108683949705,0.0004906098590813368,-0.009245374980763443,2.596239222663055e-06,0.0,0.0,0.0,-0.02316671979809043,0.0,-0.026882612509853465,-0.025148790748883987,-0.03257382685838789,-0.009143376647193113,-0.018939249850972062,0.0,0.009460892382759545,-0.00013627559867368522,-0.018064648574933617,-0.057753300601515734,1.1102230246251565e-16,0.0,0.0,0.0,-0.012498537789487896,0.0,-1.1102230246251565e-16,0.0,0.002580917753604417,0.0,0.0,5.551115123125783e-17,-0.014493195598260289,-0.016050947012233585,1.1102230246251565e-16,0.0,5.551115123125783e-17
-0.058298744716793804,-0.047786197038358125,-0.03518308653001806,-0.01287747005387585,-0.01859669661975233,-0.041001439769229764,-0.018695311565251727,-0.050374387684776645,-0.060003632279795605,-0.008681200963653879,0.0,0.01658128143938231,-0.04107931004013038,-0.01139972913906745,0.0,-0.08211475303139898,-0.02524057516374323,-0.07196497418197717,-1.1102230246251565e-16,-0.026929893576868535,-0.03182311208014926,-0.03798342572090746,-0.04868206821855153,-0.048331177315466656,-0.05656996369237283,-0.060863601477722296,-0.06778426917495756,-0.040339252894132094,-0.038412764352209305,-0.04050582738150188,-0.04211475074890386,-0.0502806265481775,-0.03482386867704862,-0.04325451665783714,-0.03666692624053486,-0.022774217781329653,-0.035162137161467266,0.00012993999921784294,-0.034094102525709935,-0.03871672028209361,-0.02920259625156485,-0.021228690222601487,-0.00666488009766264,-0.006415811973497609,0.0,-0.002727695746107206,-0.047149979831159206,-0.0607981545846924,0.0,0.0,-0.052905358054682605,-0.029187329910751958,-0.056490811007507025,-0.010431612726697181,-5.551115123125783e-17,0.0,0.00044887628009465663,-0.042245240744090695,1.478513778685464e-05,0.0035680462227387078,-0.06014264823527504,-0.0005168106275901807,-0.021317358689802834,0.0,-0.0327052602651145,-0.04047569721643429,-0.05142745385197728,-0.030658369734666402,6.194055746244764e-05,-0.036302175551453986,-0.0478464554457379,-0.0459016777385976,-0.04143569025359778,-0.040930035156862166,-0.045323545392923825,-0.026062708871082474
-0.060801513467649504,-0.060517303500136566,-0.07397712773572507,0.0009120676801929184,-0.09732490072625288,-0.059332140276521506,-0.07395098307569797,-0.057913117271135406,-0.08486938816915479,-0.042434108841182594,5.8227978882940956e-05,-0.03403378105253213,-0.06104536186300141,-0.00068925724359159,-0.08211475303139898,0.0,-0.03244140033371157,-0.021722629321266673,-0.00017976510886563712,-0.051468118831041076,-0.07090670490708517,-0.05506803359001333,-0.06149686358388845,-0.02955305929945251,-0.060379083616660945,-0.07464523179431343,-0.0648832065070033,-0.06982587130584134,-0.055899887613104327,-0.07750157273106717,-0.05867200266485162,-0.06645880683936023,-0.06735493108347285,-0.06963859244758475,-0.0603849274367258,-0.004371740270813662,-0.01723810031474432,-0.035207670305264616,-0.045957104446951724,-0.041944835291405025,-0.048376759153126614,-0.0544332875438418,-1.9278691591351205e-05,0.0,0.0,-0.06766452905840292,-0.06035231051759632,0.0,0.0,0.0,-0.06567603311487719,-0.030981304830436762,-0.03080395589929763,0.0,-0.03121193839559888,0.0,-0.02297819154415176,-0.07265221555070378,0.0,-0.05477897900330697,-0.05343763602375601,-0.035960960193504365,-0.039478405286708596,0.0,-0.07589243721697886,-0.043180557787542706,-0.07705523657738922,-0.029019150164932783,-0.05260845207336845,-0.035279042170951624,-0.062263955022734685,-0.08315011173659886,-0.09554716861849277,-0.07511384599587939,-1.1102230246251565e-16,-0.04438738121315655
-0.018040407763945887,-0.048033281387646176,-0.028328200708881424,-0.0025606570691055763,-0.0022726644782358196,-0.007396931101122384,-0.005752038971942375,-0.005050805522039015,-0.021040543149772273,-0.011228376387127925,-0.008656130070975099,-0.0065359550850112025,-0.005028931737295239,0.00012119483184708235,-0.02524057516374323,-0.03244140033371157,0.0,-0.03202936729512612,-0.016533257498885068,-0.05148563834536396,-0.01819720119046464,-0.039656292516406344,-0.031613438003920025,-0.010663503973338373,-0.0159349213064795,-0.024819737224305916,-0.01786888356691768,-0.002616087752004115,-0.04811774685807513,0.03364680024635319,-0.010005592891128512,-0.049454563954925534,-0.054028589334119914,-0.012365999914620507,-0.02524545666488537,-0.009287655653985871,-5.345929119371373e-05,0.004434623977463192,-0.03103362215050015,0.008360946033701355,0.007505380227357861,-0.018600608103257088,-5.551115123125783e-17,0.0,0.10095134719268184,-0.03685299246569179,-0.013860181624276158,0.0,0.0,0.0,0.0,0.0,0.0,0.0,0.010562647276111004,0.0,0.009291893065816792,-0.003929103053339433,0.0,0.00021535961722940478,-0.032485348209916665,-0.015712373968398308,-0.03648449306370022,0.0,1.1102230246251565e-16,0.0,-0.008768883311258635,0.0,-0.022652442685927254,-0.02250320165657438,-0.014978980945636489,0.0,-0.014492876557313905,-0.00011618435388294213,0.0,0.012631877037631412
-0.04919721392836568,-0.05284315306370374,-0.038040428172388285,4.4151417324056474e-05,-0.05603785279315043,-0.034056762509388105,-0.06568204791068816,-0.034888051472695136,-0.03370841865035912,-0.0497886800151901,-0.016375227442608276,-0.02751524879945344,-0.05093438176305831,7.341775314007037e-05,-0.07196497418197717,-0.021722629321266673,-0.03202936729512612,0.0,-0.024334619031149196,-0.050787533428092724,-0.07123382249135679,-0.055590668006458344,-0.06085112336553605,-0.03340865768261492,-0.04403443401797724,-0.05454174303281867,-0.0465517994304776,-0.05457865274971696,-0.04605953882108316,-0.0946898828546977,-0.043187256892674275,-0.0678906016602247,-0.08674441455543935,-0.045615566330701796,-0.04716537038098956,-0.016866713491374585,-8.909712605703612e-05,-0.018987315363552748,-0.04020723106361346,-0.016866116020660626,-0.013617291892634664,-0.02817785549804358,0.0,0.0,-0.02161343726728604,-0.04312810793194777,-0.044334785954928624,0.0,0.0,0.0,-0.06227894769966952,-0.00037575118259314255,-0.0003509816648845643,0.0,-0.000733470282277271,0.0,-8.014679407331027e-05,0.006155927469353284,0.0,-0.03989303845361669,-0.035622510488078185,-0.02317978881933519,-0.03548841050713947,0.0,-0.050789705265225304,-0.027957273225060975,-0.057215860727207524,-0.058216727085702524,-0.030508709492820085,-0.028789128442565648,-0.021797507395453997,-0.06794347864522687,-0.03738189807952519,-0.07131346611978628,0.0,-0.01625733852427591
0.0,-0.012571071429655856,-0.046059899893057005,-0.020967212936045143,-0.05006490562632682,-0.05171893790206583,-0.028316223080111003,-0.04388634391813717,-0.05270108137863461,-0.001629376064218535,-0.042765707292173966,-0.0024589148205440003,-0.02751594199309565,-0.03567972216760884,-1.1102230246251565e-16,-0.00017976510886563712,-0.016533257498885068,-0.024334619031149196,0.0,0.0004420081207429649,-0.019148472686158158,-0.0128933252199257,-0.02161816700770741,-0.0026410651698738907,-0.012823143132812076,-0.015261945485384898,-0.02354370143211737,-0.029374709460115056,-0.05331938673072584,-0.022808106614093604,-0.024767164789210205,-0.03134273901247636,-0.013001920372522402,-0.007915191649318087,-0.024806510277028904,-0.017143247698682085,-0.021283980231500632,-0.013292033634387634,-0.012209689103711896,5.596679908431712e-05,-0.02593027254049124,-0.024813340352591973,-0.030256816362565442,0.07294973290618545,-0.0004910327378046531,0.0,0.0,-0.20972519780995802,-5.551115123125783e-17,-0.04416500925290051,-0.03197851954197373,-0.0462597854627792,-0.03271812266514823,-0.02255711661438209,-0.00011659169039829331,0.02851762015600018,-0.02535980830819734,-0.044077079303493194,-0.02975530310241986,2.220446049250313e-16,0.0,0.0,0.0,-0.027920531881266364,-0.00010001221723476839,0.0,8.41120359680314e-05,-0.041053541203460775,0.0,0.0,-5.551115123125783e-17,-0.024552353603613852,-0.042016510055329026,-0.0659030736179601,-0.0003447979451650651,-0.02298265457670645
-0.051640100211104045,-0.04475791061848933,-0.01976024556835837,-0.02363593385285012,-0.06289748198090328,-0.0400577512331709,-0.06277482275988505,-0.0414410105432087,-0.0616628880744815,-0.07438402921494042,-4.566289697977011e-05,-0.032668435838140386,-0.05233906704936847,-0.004010632954051296,-0.026929893576868535,-0.051468118831041076,-0.05148563834536396,-0.050787533428092724,0.0004420081207429649,0.0,-0.037861379664794026,-0.03394757760907435,-0.039255793645240566,-0.02528393822895475,-0.040252123033299836,-0.06607804138972806,-0.023889867347823113,-0.11209508727840872,-0.01986260433363518,-0.08689268318502374,-0.037011081349791364,-0.05700606667701413,-0.04998518592336226,-0.054374373728371894,-0.0383856309575934,-0.022266238051419918,-0.029811183509490802,-0.02537453365494835,-0.05601373234169782,-0.044478771165280984,-0.03396693586199123,-0.019854773636260314,0.014551616636004017,0.02669366977350407,-0.0003487459906041379,-0.031203415526820932,-0.05785702353663774,-0.03580142879794823,0.0,0.0,-0.03646492918643768,-0.04012523403768531,-0.03840903382283556,-0.03592196223948979,0.00017715052616412708,1.1102230246251565e-16,0.0014150995498176666,-0.042676466157516024,-1.1102230246251565e-16,-0.032298499637366695,-0.06495837654143921,3.0668237630759876e-05,-0.07238879343039295,0.0,-0.0507249877880222,-0.027757472916796866,-0.058689920190070854,-0.02976433725749844,0.0,-0.046852342583356466,-0.05580475240871052,-0.04474741659735826,-0.03912154331176659,-0.04585782990536724,-0.03778274586277558,-0.03327506263216484
-0.05796851155273158,-0.06745337609949992,-0.053808301683245185,0.00116965395381452,-0.05918351220940288,-0.03283446223371539,-0.06518353652441539,-0.04469621180474098,-0.04753919734616918,-0.041773792991363745,-0.02544692284131267,-0.04129557052981481,-0.054330000185193184,-0.036424390028047204,-0.03182311208014926,-0.07090670490708517,-0.01819720119046464,-0.07123382249135679,-0.019148472686158158,-0.037861379664794026,0.0,-0.05137715529973491,-0.025592676385626345,-0.0572326022462174,-0.0828981732719759,-0.06323587309543849,-0.04564826073671696,-0.017530080833610573,-0.017445887717721043,-0.028351130050963402,-0.05931058847692389,-0.04554553490131563,-0.041100525319553105,-0.03952605421513922,-0.02072930254977029,-0.05005375881441737,-0.018197335913027524,-0.02683783141359225,-0.044868510402882866,-0.04615439712951047,-0.023282836846751698,-0.016039480191019473,-0.02850549648008649,0.0,0.0,-0.07608565186778482,-0.03344956005220706,-0.0383411276515197,0.0,0.0,-0.03486085107918685,-0.034859647678726124,0.009729412632126455,0.01099754162042349,-0.021295602997244756,0.0,-0.03321708188394529,-0.061045829172873045,5.551115123125783e-17,-0.02783271413588584,-0.030054672525091364,0.0,-0.030847212548108294,0.0,-0.05760853898702428,-0.03133842107777768,-0.05173146634073639,-0.036422298126832175,-0.005130507650725702,-0.04496833459273081,-0.03410026135248739,-0.05729372150592327,-0.048523774647456996,-0.05145898215115524,-0.031132342908181954,-0.024400561437681434
-0.05511050444301896,-0.05181719744605079,-0.05337677005139546,-0.03278709472472402,-0.0667506413508322,-0.04910565880369766,-0.07080578779177049,-0.042791825111248405,-0.061533583385743884,-0.05232527711385476,-0.01602435188556134,-0.021143624268697758,-0.062058879716549775,-0.003613508363218887,-0.03798342572090746,-0.05506803359001333,-0.039656292516406344,-0.055590668006458344,-0.0128933252199257,-0.03394757760907435,-0.05137715529973491,0.0,-0.041663829023616095,-0.04112489105476097,-0.05555743190300244,-0.04631270150445149,-0.04850947534187883,-0.05223173600800152,-0.05089877350988775,-0.03393429736868403,-0.05440932231827489,-0.06050232876667938,-0.0642706542794158,-0.05853194307316545,-0.03925649449333091,-0.027334837191329953,-0.03133137812825554,-0.004179022214135963,-0.052264735448443844,-0.04940121815554188,-0.039644002259776434,-0.024276809531449783,0.020434058517953713,-0.00419957768169571,-0.00022418479606167718,-0.06751054511356147,-0.05141040290643095,-0.04626540331202478,-8.130166002262573e-06,-4.9154676996954194e-05,-0.07208580538310938,-0.06249791708759084,-0.04027127915610146,-0.05676165369196645,-0.05653431874218934,0.0,-0.015681082594223905,-0.06830269720191612,0.0,-0.030337780146635906,-0.06512059560830386,-0.018422109941228393,-0.05878210415847385,0.0,-0.05320496348135062,-0.04639632202018412,-0.06098880655577993,-0.029711836840928096,-0.01335580733650893,-0.046338592718014326,-0.05704345740893185,-0.06280238131307114,-0.05991804741219536,-0.055028845368154444,-0.00446772119630523,-0.03985968658714817
-0.041410308037849175,-0.04087431311168893,0.00693557140503237,-0.04467027303627458,-0.05224353970226642,-0.06047398373009599,-0.0464752173312073,-0.016411043334586484,-0.04464128982842436,-0.018957249384033703,0.033685199812909405,-0.026547078873431995,-0.05537718458070506,-0.0021985765214825315,-0.04868206821855153,-0.06149686358388845,-0.031613438003920025,-0.06085112336553605,-0.02161816700770741,-0.039255793645240566,-0.025592676385626345,-0.041663829023616095,0.0,-0.04119903515079987,-0.060764185660964753,-0.06102758370775074,-0.03198223220970242,-0.05023611294356156,-0.04021915249845576,-0.05116050579724862,-0.04667283438147285,-0.05031139871821705,-0.04789071839469716,-0.04282427900976793,-0.0333843712899744,-0.025901226667209065,-0.06033851412374436,0.008375876657274017,-0.02764169930667515,-0.03650380175129708,-0.03007598381694726,-0.032912333304802144,-0.006650647277825605,-0.02088961721804261,-0.007284942664715022,-0.013195189241263727,-0.06005942712459622,-0.0026699161779761837,-0.020892972989261294,-0.028668133161628806,-0.03527750344874542,-0.027216052244673827,-0.03327048048750186,-0.019331396315904636,-0.03100076276724334,0.005273158656929511,-0.03079300031078197,-0.031565784444573364,-0.00717153179742458,-0.029432049322521026,-0.0656967496438361,-7.460387974733695e-05,-0.04095159880923854,-0.008782529562943009,-0.042819026078580624,-0.041508220569241916,-0.05370412499840027,-0.025419881454731896,-0.0002875084988688825,-0.04675188960663751,-0.044149877321975006,-0.03587396842117274,-0.028229111948679775,-0.041694382655411866,-0.02310489831550827,-0.021666451755432636
-0.04744562195804841,-0.019121526129612654,-0.02086546955884616,-0.015558886322007803,-0.0026872780549023756,-0.03594242230610023,-0.0107431138195474,-0.04527739172574713,-0.02168331706803267,-0.00886356268146693,-0.005751504891527093,0.0005284643067666184,0.014613473659204124,-0.03639719890186982,-0.048331177315466656,-0.02955305929945251,-0.010663503973338373,-0.03340865768261492,-0.0026410651698738907,-0.02528393822895475,-0.0572326022462174,-0.04112489105476097,-0.04119903515079987,0.0,-0.01956874954345189,-0.0349737810822367,-0.03974925294319598,0.017103928064249097,-0.031179847871971256,-0.00739029134201874,0.001405433401309386,-0.016156330904713967,-0.04785439286605864,0.003891443275086004,0.013238095695511265,0.02838366050489488,-0.002637344677975717,-0.009003602059822535,-0.08717841850425756,-0.020188754412692078,0.013637771346047656,-0.009729183578758738,-0.010338535850399011,-0.0029505399407340205,-0.0006225224551387742,-0.052110805063266985,-0.022602318738633165,0.0,-5.551115123125783e-17,0.000294671657405432,-0.0024930896137081993,0.000252504763698036,-1.6653345369377348e-16,-0.000524932312657489,0.008108421693588053,-0.0003861692235052061,-0.004879952595567283,-0.005384910214780159,0.0,0.000965895939660788,-0.032527291395267444,-0.03614225498470919,-0.042675381198093776,-3.5909448703741464e-05,0.0009286208736675183,0.01170272908193698,-0.02703240750811814,0.0009375017264680041,-0.045816972023197344,-0.04876405248467569,-0.04600177723396737,-0.0004036298230288282,-0.01696064456594898,-0.04077666378644601,0.0,-0.013842996862584944
-0.039000256902010366,-0.04313678864600673,-0.048243501433924085,0.0003114364840451911,-0.06586865826980487,-0.04073338606277388,-0.0614883447150239,-0.07502511430248915,-0.05682829855911037,-0.01890478129290568,0.0029464317350670344,-0.01110407088987403,-0.04838216381259003,-0.003657333202861879,-0.05656996369237283,-0.060379083616660945,-0.0159349213064795,-0.04403443401797724,-0.012823143132812076,-0.040252123033299836,-0.0828981732719759,-0.05555743190300244,-0.060764185660964753,-0.01956874954345189,0.0,-0.027468368091631,-0.04358460411645221,-0.03450746832935769,-0.040588685098201405,-0.01508684878380423,-0.036336733611753214,-0.04800908144742955,-0.04990231405679657,-0.02541103239216691,-0.031063133300257673,-0.05511131201234931,-0.007556735311942897,0.021289972342230568,-0.036789430191814354,-0.011096233961095103,-0.013137641708173553,-0.030889483186596123,0.005384448001862052,-5.551115123125783e-17,0.011910357082425715,-0.03596870022661558,-0.036148453029764493,5.551115123125783e-17,0.0,2.220446049250313e-16,-0.060863036524839154,-0.03396490635119642,-0.025133592942250593,0.00032142667265017133,-0.0009314042944802425,-1.085484824142613e-05,-0.0007896706621586258,-0.019919805506535992,0.0,-0.034908870742676235,-0.03575208211759412,-0.01734055130207962,-0.03272147738835535,0.0,-0.06935008855780367,-0.04218317971610375,-0.052225599791919486,-0.024006274427392615,-0.02856115753310484,-0.02586854477555678,-0.023066674160824974,-0.052506421379239276,-0.062318545168605244,-0.05445434064888954,0.0,-0.016913621581365557
-0.05132567274092603,-0.03900318542332237,-0.04897571007487023,-0.025417463806662155,-0.06818656245144666,-0.04229319261515274,-0.06546322128388915,-0.04824026039214291,-0.056107673679505865,-0.04210719054531609,-0.000904916582631643,-0.016528828284313235,-0.05051411106033543,-0.03625274834576109,-0.060863601477722296,-0.07464523179431343,-0.024819737224305916,-0.05454174303281867,-0.015261945485384898,-0.06607804138972806,-0.06323587309543849,-0.04631270150445149,-0.06102758370775074,-0.0349737810822367,-0.027468368091631,0.0,-0.05320322385820192,-0.04173024877475057,-0.05389920766035816,-0.06632042012312173,-0.05113156178881084,-0.06047601050850199,-0.055114764162683294,-0.041674544556250026,-0.041953385371713836,-0.08313287016089965,-0.0257961867000695,-0.005779731210507122,-0.05325942911266457,-0.01625288947350806,-0.023833312663796402,-0.03708494152596048,-0.03478548404278364,7.59837973926536e-05,0.03131900657975545,-0.04501714666729911,-0.05666458959383147,-0.07480450322832904,0.0,-3.189365699962643e-05,-0.07461745678517129,-0.06148568508438329,-0.05990854821236152,-0.06379408822250898,-0.005262136660151462,0.0,-0.0051789152430539165,-0.06015814207636261,0.0,-0.040056628870634936,-0.052887856585749904,-0.01695469793372073,-0.03280807840829386,0.0,-0.07164057323953754,-0.06043809880292833,-0.06469918613918185,-0.034642025924780884,-0.03371125249567247,-0.02979265541610243,-0.03659544417171762,-0.06650875993836969,-0.02629248577229154,-0.07641489377003202,-0.0001257757793520775,-0.025681395974224863
