0.0,0.26023534586866826,0.10113349611532743,0.0,0.24617171461407572,0.1280651737891208,0.02727800806872127,0.2692451385121968,-0.012173397468217884,0.37847990400016096,0.2639946589326212,0.40005918862072226,0.21605308215750485,0.2383570754263575,0.03669341506166693,0.24516250461948297,0.2940013714741165,0.18450462676623003,0.0,0.21996797377833816,0.1373869239194415,0.20855744570481316,0.3047646140632854,0.3138348035413572,0.2252293360447349,0.2471416194254958,0.37470948229391277,0.10495658835590105,0.17644208017997992,0.4265556543662673,0.2094133795616112,0.2914826249972544,0.09247978556319303,0.15434667286120077,0.3237789463101882,0.36606794911967044,0.5064799970213846,0.43040543726849984,0.04063239249085554,0.025670716616570943,0.11160553936274065,0.13085440237956508,0.4748528817909386,0.0,0.39783163575932634,0.11646126321462655,0.13482836916086083,0.0,0.0,0.0,-0.1295409004605635,0.0,0.32021089762765675,0.0,0.33207393625117027,0.0,0.4569099835006631,-0.1260443273724295,0.0,0.5270738684327552,0.0722800844484206,0.12963870216004575,0.13699446157048425,0.0,0.3676300726710594,0.384865767871277,0.02523015781886745,0.2833175472475347,0.5280003995902063,0.21115326550032537,0.20436305685009182,0.1650537822536966,0.4319196978930781,-0.15595145318776626,0.0,0.12129871748813625
0.26023534586866826,0.0,0.31657312400318277,0.4124119753799159,0.24374177413660938,0.3035706383464673,0.2143490665861079,0.3920634596543632,0.19487704733441574,0.007165845334979715,0.19289492574404474,0.38366574030712614,0.23952885918458117,0.30000365061806755,0.20601229027765244,0.18049336402930743,0.22908760866247663,0.23167263281395067,0.5106295012569173,0.16364298200048633,0.13165673694609228,0.21525706992427424,0.38725955917607324,0.34924687570597474,0.24027791954836844,0.25667930401343997,0.2808714917773021,0.24124822066557672,0.22397044495669965,0.22853553528477208,0.2114130553434621,0.020356585304722064,-0.013696601668608005,0.14993256472090652,0.2817799161916391,0.29819271839215544,0.05087959235749266,0.0,0.13307054658584036,0.26196784506192106,0.2129560914636251,0.17032844584342982,0.44960969149158836,0.0,0.0,0.1629108027977266,0.15644401847530554,0.03941325870038462,0.0,0.0,0.01889447050359211,0.1149663761010033,0.27162495486411986,-0.05377528713317259,0.09963914328546825,0.0,0.31900617293228073,0.08578470315470155,0.0,0.20238529181511208,0.1231685423896691,0.2720750409096844,0.2177773982180552,0.0,0.02936655313692249,0.15278401763156613,0.09121535170447492,0.4023206604144845,-0.26771809334044266,0.30131729688275877,0.10621406869932132,0.13756183781012674,0.18759474756335953,0.046854344269718684,0.0,0.18278923906275754
0.10113349611532743,0.31657312400318277,0.0,0.2266284621574206,0.29195446686385823,0.2658501248943036,0.3446371169984974,0.6233435213881549,0.17151171644346466,0.39552239923659005,0.4003954649531577,0.3276325312763039,0.3132823120674883,0.4682170528810378,0.1918274234052631,-0.19122006741245387,0.35706457641067013,0.22289603397471353,0.23744523130142337,0.29611524809582357,0.24252482818874385,0.19744376371401323,0.6465458204795518,0.3580940097811174,0.29684054420028416,0.1923094663116921,0.3002741064326721,0.3371319518313427,0.4136998329089177,0.3071763145835063,0.37341801379501194,0.3390721332128135,0.27300604407385554,0.4203688084975763,0.4996955819850949,0.5264627946087866,0.35204232966010834,0.2864617241405004,0.5454911224991137,0.4943603969252691,0.5191255256856406,0.48203863118235457,0.4388368547561351,0.5553508808919037,0.0,0.0,0.40536102511610067,0.1343076638110397,0.47679507425126605,0.384882301653166,0.48576633661737045,0.4145133591017171,0.5794227317002271,0.5717214468444342,0.4213755915547508,0.3211176598121803,0.4314824527110674,0.42903428479015415,0.5530292433478217,0.3613034421256618,0.0,0.0,0.0,0.18519695313843776,0.42056248958618064,0.9598833987268367,0.2535961049843588,0.49727099020076443,0.0,0.5611966617961788,0.21414192880313154,0.5495606607922013,0.4610743510945313,0.1970783172936385,0.48293541159266895,0.36729813506456893
0.0,0.4124119753799159,0.2266284621574206,0.0,0.4137602088729787,0.29236856102449355,0.49502305189631035,0.5243022751065852,0.5516626407150649,0.7570670492502856,0.31828441275992414,0.35864593882559515,0.665922791133891,0.6025087815734889,0.5215281439891697,0.30896706708861915,0.4687611823576193,0.47234913582381954,0.46160985702109203,0.4173039321918449,0.47454115148990694,0.31204603703790945,0.19899043671356081,0.21930765052754592,0.8101859696572677,0.3107636853130049,0.25718758107600886,0.44211816473568416,0.32245684716359985,0.60920520465761,0.6237788153663513,0.4604326950584759,0.24089357231647032,0.5011700176145718,0.4490343820796122,0.48387282349099053,0.3920617386076862,0.9016750277254553,0.2375938141699255,0.3766602415055462,0.16209081493134045,0.5033970595041143,0.36723611476814194,0.16679181340566762,0.0,0.0,0.0,0.4231662958092261,0.0,0.0,0.6460448366449463,0.0,0.4680067839956431,-0.2690107527625249,0.0,0.22160149618898725,0.41819237761777467,0.4538398382698414,0.0,0.0,0.0,0.0,0.0,0.0,0.0,0.0,0.473154914705779,0.40267783490311226,0.0,0.0,0.0,0.301178644776634,0.48147035567902763,0.27881304454548006,0.0,0.0
0.24617171461407572,0.24374177413660938,0.29195446686385823,0.4137602088729787,0.0,0.04167718098036985,0.20285338079587484,0.3403137255170698,-0.0441763873292606,0.7092283329867805,0.2683130498000832,0.5776667729520941,0.3065166416979892,0.4398248251463749,0.3628707999340552,-0.00017118256358550354,0.6145137843676522,0.0860328372133321,0.2157241338818103,0.14161198947638448,0.1773044863207699,0.12047811577184431,0.1619076049235953,0.508181870068219,0.17979463483062372,0.07219660608621256,0.11777488275084855,0.4207940877962856,0.31084137217157404,0.39611506890367865,0.289601630638604,0.1957313664277997,0.1923497137819808,0.35053450262955954,0.38878347991953255,0.3665635813724024,0.33125388922466503,0.5589894249838401,0.22551183918557152,0.7857358333515906,0.11936204130339967,0.19835216570688036,0.41962344472741114,0.7650321466035128,0.37165066139274844,0.0,0.24888171678482698,0.18142819351290812,0.0,0.22789847305623995,0.23270322236746968,0.09744771911532368,0.9366716504580261,0.08990833812233218,0.0,0.3826317440501612,0.24617281266671825,0.17571762008791425,0.39221462306122057,-0.1772785864902716,0.46149018672040165,0.0,0.0,0.24197817000511668,0.19838992462943922,0.49801122248465357,-0.07038028603859697,0.20929904531998086,0.0,0.4942777889197761,-0.006705816203036674,0.446269167554056,0.38197944471132494,0.2961411234656284,0.0,0.35035630847711796
0.1280651737891208,0.3035706383464673,0.2658501248943036,0.29236856102449355,0.04167718098036985,0.0,0.17188814774856032,0.4195066109407475,0.10073299888135259,0.5707053716567853,0.11745009915213483,0.6092817552311954,0.42667898825328504,0.24244735834135345,0.34724508932621145,0.21777689207693093,0.4480098029024159,0.37088769760152046,0.2501094402674433,0.2288435428577277,0.37193982613946475,0.15186824657781461,0.12389961450348363,0.17639449650963715,0.29258876318485383,0.3772126849385714,0.2517107317404993,0.4663811164441999,0.38803102726851824,0.4601814000558626,0.3605778525454519,0.21943125725629856,0.418903811148958,0.37199335428599223,0.4078520671405161,0.4346275924545395,0.362619517078248,0.4011009225777468,0.49706042082880164,0.052108327142944055,0.49401393565612345,0.458508665462696,0.6179031262450613,0.4008511602258095,0.5428481844534998,0.35114598767364,0.2404513139025159,0.5088570164369496,0.29405028041067716,0.34082993134660233,0.44808718916865486,0.5019559407596567,0.48824366126814434,0.5292695264607518,0.7751001908865147,0.4856074952337866,0.2853718940361541,0.48083072894145984,0.5303852209682414,0.3623417223978821,0.19767686367457943,0.0,0.13115308047398083,0.46068781813432824,0.3919122810805845,0.40671106369053134,0.2755458861540397,0.42563774871224236,0.49798275892319527,0.23109077144618123,0.3098938886008629,0.43809834360494204,0.45143940567990115,0.3882716338073376,0.36993324633366825,0.5073342157814307
0.02727800806872127,0.2143490665861079,0.3446371169984974,0.49502305189631035,0.20285338079587484,0.17188814774856032,0.0,0.2285036136112683,0.13992784312441003,0.5960086551705706,0.4275825416435831,0.4097806474101549,0.30256903545220937,0.3351326451505041,0.4488415634893025,0.14125756719033883,0.6006893384482184,0.15164873173240578,0.42423397565366394,0.10035434907309468,0.0905909886716002,0.09228055568447385,0.2756945008718662,0.43469066097347653,0.19930914088713308,0.20108547820640726,0.13654105963424723,0.3851802303876408,0.338809652332058,0.2153413292769234,0.14705453859859557,0.46658053779734465,0.2360534723235562,0.12280336927226959,0.32731217156120573,0.5818898038320884,0.4879484168608486,0.648970384303845,0.15965846931496358,0.48345471167600335,0.08105873837237412,0.05449577523387694,0.10535119934640483,0.8262950219219043,0.5297963376074365,0.0,0.05696282559081739,0.4522919820459458,0.0,0.4063710946100476,0.3654245073835233,0.47516090131617206,0.29624496999237415,0.42769111963886275,0.3224993415250844,0.45146695445919227,0.6659744859875429,0.2841728361763032,0.2388427507231913,-0.057133137318551686,-0.170340045249827,0.0,0.5064703493172938,0.5034185281127744,0.3748392683359897,0.3435496555496186,0.0996699768344197,0.3427303642702345,0.46356698109656147,0.2724940717623534,-0.10295066191516322,0.33304807053068763,0.28775216933626757,0.16570860425376727,0.60443405438834,0.42207926816930164
0.2692451385121968,0.3920634596543632,0.6233435213881549,0.5243022751065852,0.3403137255170698,0.4195066109407475,0.2285036136112683,0.0,0.5331180147233756,0.4280266287445784,0.5793137378339139,0.4833888440822446,0.31922315621474484,0.824972670662734,0.3265903668296807,0.3072617463849298,0.4332222137136169,0.43293542632553256,0.4105384033757383,0.243989990956981,0.23755826263718582,0.2934183459239797,0.4881245446320289,0.1369013314339858,0.1348950897915362,0.27672465968380516,0.25885219249373415,0.31196304414699727,0.3837283014023092,0.19119843805359638,0.3874263688127255,0.3729101760412884,0.3992841044638731,0.3508194116038651,0.39206196908587043,0.6397951481554687,0.09542376212307108,0.6031893354383553,0.4340910032723434,0.2284694750376634,0.29914668289743673,0.5554316378968747,0.3659297794222879,0.4381811350424849,0.0,0.33917374890073515,0.2905474551139763,0.5282219805828456,0.0,0.21196640639907294,0.3143054128903622,0.42940142494675143,0.6920049918140386,0.36695817957322713,0.6451908474615784,0.46836302858104506,0.9909786489515469,0.3986534700726708,0.3723495796512385,0.6261921834712112,0.24806005497556796,0.0,0.5815771859568514,0.44187264518116004,0.44877140725430364,0.6272647448963191,0.20973799225484857,0.5291127001558226,0.0,0.23374662217031425,0.18877254245044456,0.4206311736084163,0.4289464018980139,0.47963806955892974,0.34461212398690055,0.3776539452314703
-0.012173397468217884,0.19487704733441574,0.17151171644346466,0.5516626407150649,-0.0441763873292606,0.10073299888135259,0.13992784312441003,0.5331180147233756,0.0,0.6095072556445184,0.12981442975979304,0.5133015682617336,0.24142011912393047,0.30449900496369653,0.2455634944819336,0.07307857684109492,0.41097929146978174,0.3528545825146495,0.0828279545292386,0.13024235086846567,0.1938564717359889,0.10203559349977945,0.30249161370138106,0.47301806517305883,0.21773306777926857,0.29967023689680794,0.12901087557554725,0.35155249899286106,0.3143428172106474,0.3249322793581115,0.43967379027479536,0.46288791084023007,0.2556766735740678,0.5207098389894196,0.5224250646567673,0.5218391339560948,0.522157498818463,0.640134793371619,0.580041889290523,0.43549314886077406,0.3426136815861104,0.23007079078837853,0.43988603212512073,0.42819057932781424,0.1843980374535989,0.0,-0.01408556335890021,0.5527149678897414,0.46970291672127995,0.4490743479596381,0.5495421979705782,0.5900536131072949,0.5659745515775163,0.5356081418713924,0.25174762625045544,0.5940060487822424,0.22269100558110122,0.4731055425673525,0.5794222216485432,0.18511059570825134,-0.40754731372207376,0.0,0.0,0.4992819217212169,0.32648931373255136,0.9553547299056379,0.089792277032049,0.5257635915051312,0.4214768762027875,-0.27849130733501765,0.13309472312783588,0.5168020147872988,0.5181607751330137,0.33689461337375737,0.343417896654573,0.6332864092442745
0.37847990400016096,0.007165845334979715,0.39552239923659005,0.7570670492502856,0.7092283329867805,0.5707053716567853,0.5960086551705706,0.4280266287445784,0.6095072556445184,0.0,0.661388169210469,0.5486183836676064,0.7289390919078513,0.8044929863926542,0.4794922494796754,0.13055993119629442,0.5909741099424082,0.12227703062989359,0.6235064838738751,-0.06803983132679592,0.4520477037384404,0.15799021949125736,0.3962086751876239,0.4623807864346938,0.6034872213859608,0.38734415005648903,0.42299220150278355,0.8020460147967805,0.37737548344575433,0.5537569915812266,0.8279380083216756,0.5612336662320424,0.7405162482846264,0.8418088636077188,0.7151433995444266,0.5316147409641127,0.46033262537519404,0.6942434081864699,0.16391749512772802,0.4656333767685706,0.7459467939401988,0.2559317411322183,0.35199044166274523,0.22349370630658594,0.7217081963242147,0.5591228497802003,0.3466781944708758,0.35771830604615557,0.4742258096383828,0.489359632137789,0.406748330175675,0.26339123094577,0.3291942765851373,0.350965373441677,0.5949605934555497,0.2640043296037783,0.6354463589230948,0.5925324717612557,0.0,0.6144323232494624,-0.020377385436782247,0.4331803183590914,0.27005716387541834,0.48348344044664504,0.47595878898213073,0.36616869485361114,0.3573896265338274,0.4678983625160451,0.33544161431323116,0.3279192233888362,0.4473864843169149,0.4615900753955139,0.7073629855509179,0.22575540114008497,0.0,0.667088620587721
0.2639946589326212,0.19289492574404474,0.4003954649531577,0.31828441275992414,0.2683130498000832,0.11745009915213483,0.4275825416435831,0.5793137378339139,0.12981442975979304,0.661388169210469,0.0,0.6340451720219334,0.45909041371509957,0.6245182445047548,0.0,0.5015238226421688,0.51488401433373,0.4716747489213925,0.21313800952073028,0.46194351048335475,0.2369644516621726,0.24783132897405494,0.7287721245242988,0.5262889137087953,0.6316542777395369,0.6246026612342861,0.32566374681505783,0.49609266115646855,0.17899354343265547,0.28605967342163796,0.5069798937557819,0.46114799717396465,0.4930392745801194,0.6240025199451495,0.4857790018026994,0.6047822146197057,0.4744081659618449,0.6302287782747523,0.48966697387002345,0.4190331977799554,0.4448000051487361,0.6033182744877618,0.6373111680040742,0.37461195307474116,0.03829447752023385,0.0,0.0,0.2885247738845239,0.4803600486684203,0.37350038387254575,0.5165639895783557,0.4033648855538654,0.4901203657929764,0.5903743119325353,0.5884278730042631,0.4579393780461457,0.26065896922109916,0.555506971628442,0.6437426103692041,0.0,0.0,0.0,0.0,0.30985361440568365,0.2675104456443428,0.0,0.5330620279425584,0.5204179177556297,0.0,0.0,0.9388591945038827,0.5711072547692855,0.49166998822673547,0.25123773276086175,0.0,0.7324361741168016
0.40005918862072226,0.38366574030712614,0.3276325312763039,0.35864593882559515,0.5776667729520941,0.6092817552311954,0.4097806474101549,0.4833888440822446,0.5133015682617336,0.5486183836676064,0.6340451720219334,0.0,0.7430718469091403,0.6747719524213581,0.5759457441647672,0.3354468396777352,0.6641787330745943,0.46092404380956664,0.6373669507786722,0.19298415700472038,0.3410703537115977,0.3400272896995504,0.3122914092768637,0.4894974998669397,0.5765661103196615,0.4302379676045867,0.38029192231851106,0.7656873663317638,0.7155686346306072,0.19570869713870812,0.6938796048368376,0.20325122225892656,0.5565441141401568,0.8824738855922779,0.6621303018251261,0.27884559066225745,0.3212039136560931,0.3683202276194752,0.36692911418078256,0.21276805636006985,0.4568743900064191,0.2568514732909827,0.39647866926185604,0.40368969760152507,0.41025978394627427,0.3589366874686763,-0.11732271494611252,0.184965990890042,0.7333955008036899,0.27473873821946027,0.25291813488538945,0.10124330422092193,-0.11722405497503524,0.12314998176157874,0.5909914616308328,0.1397118183423911,0.7018640276200019,0.08645249155145768,-0.5638711420735931,0.5477718191965338,0.2954035859269919,0.3715680141071013,0.4077893649505707,0.2472488291503233,0.2122852039001759,0.4739679036510142,0.4050809314250917,0.21344841919298665,0.4028455118723415,0.35365137721204365,0.4357619499039207,0.14198955343820013,-0.06239698726978837,0.3713877993002448,0.0,0.5215519976127192
0.21605308215750485,0.23952885918458117,0.3132823120674883,0.665922791133891,0.3065166416979892,0.42667898825328504,0.30256903545220937,0.31922315621474484,0.24142011912393047,0.7289390919078513,0.45909041371509957,0.7430718469091403,0.0,0.48804682029707436,0.3178701393069214,0.23371169853945328,0.5564915329234635,0.2618091907437329,0.4560934478701267,0.220020408281548,0.21757812017451011,0.1662342301023843,0.254376123117279,0.6088786172947885,0.30857024610771633,0.2832589970268493,0.18941436664212707,0.41342403335679745,0.5404955042343785,0.19340286230772274,0.20540821222323832,0.46276885764844294,0.21185550250780696,0.2993063154149808,0.4904134206575216,0.6455997246665004,0.656023120846212,0.6530593190566424,0.21244498038983298,0.2683912409282807,0.1908191055180399,0.3273062060261561,0.41379924580263333,0.14227637099016496,0.5424905249939738,0.07284060391991537,0.2699189117433336,0.5101935530164694,0.0,0.5217852487596635,0.4047405135846215,0.38252551367068244,0.31941266386055905,0.5330035187376015,0.75925819029412,0.4252496292853734,0.37696516676599245,0.3681438113603351,0.4264241839938946,0.31602784595532163,-0.057302797450683174,0.19834282110824347,-0.07000845858400234,0.3318314651746889,0.29915316543086967,0.4414656596467976,0.20160824465290184,0.3816533511894525,0.5745545942348034,0.06031721010925911,0.027166148278950752,0.368740092146688,0.3220441778650355,0.2869131859986843,0.22893506008231881,0.42099338711000794
0.2383570754263575,0.30000365061806755,0.4682170528810378,0.6025087815734889,0.4398248251463749,0.24244735834135345,0.3351326451505041,0.824972670662734,0.30449900496369653,0.8044929863926542,0.6245182445047548,0.6747719524213581,0.48804682029707436,0.0,0.34564330167188884,0.5083576405345449,0.5031640404608009,0.47678810569141294,0.4091657499222394,0.41125425330867194,0.26024148287307824,0.21375074061025398,0.6249866080856383,0.398567948315339,0.4262850115812058,0.1868126469148228,0.44547060850424675,0.5380035162753455,0.21692188034177143,0.5183225175153792,0.26438855297001235,0.4841357152214595,0.3407242918836045,0.7139757271796567,0.3784718116831292,0.5918871537338863,0.4236714936079611,0.4514524315720245,0.35541183890378836,0.0,0.6367199355865008,0.698207633206972,0.5252481858524528,0.4761653169984381,0.0,0.0,0.0,0.3952750862907441,0.0,0.35446389582004684,0.3133842148841723,0.2568369517653699,0.5161548104591202,0.36022086659380315,0.0,0.589637519305364,0.3936972983588465,0.4523471338757665,0.14263736402428567,0.0,0.0,0.0,0.0,0.4510064058636758,0.0,0.0,0.0,0.592359343756925,0.0,0.0,0.0,0.44086857111484445,0.5299656348933252,0.0,0.0,0.0
0.03669341506166693,0.20601229027765244,0.1918274234052631,0.5215281439891697,0.3628707999340552,0.34724508932621145,0.4488415634893025,0.3265903668296807,0.2455634944819336,0.4794922494796754,0.0,0.5759457441647672,0.3178701393069214,0.34564330167188884,0.0,0.02386665389551962,0.1966345328305516,0.01912652455306163,0.0,0.48210877747047476,0.2565929213703505,0.35969535750874393,0.3199576871021072,0.2348296635360404,0.16426066295048491,0.16273596957884195,0.13132601332503635,0.20216332758143457,0.2676288513381607,0.24255769998242743,0.2910579490922117,0.0646532615988947,0.33331167928507344,0.2670837731258688,0.32235607508132563,0.5204413699743794,0.2190674954557505,0.3915829711983421,0.21861488458911002,0.3156017137713821,0.32153904279050527,0.3550265039026697,0.4572126501383536,0.41541850614518094,0.0,0.6337427329239875,0.2637967510352575,-0.07783715347386394,0.0,0.0,0.13811286967102504,0.4827714772016277,0.27722221639961125,0.4256841707753687,0.0,0.0,0.6156266831518147,0.28763367624378633,0.4814337322415763,0.6844656487525134,0.1942671335525517,0.537780286255032,0.5689638745665363,0.0,0.5941159206240935,0.3110719133443842,0.4459750995495302,0.6078920232794912,0.4805652679662361,0.30284472789909317,0.2359346852501939,0.390886773597114,0.23194633920852364,0.2622943062418981,0.14507649904215147,0.31430403733834156
0.24516250461948297,0.18049336402930743,-0.19122006741245387,0.30896706708861915,-0.00017118256358550354,0.21777689207693093,0.14125756719033883,0.3072617463849298,0.07307857684109492,0.13055993119629442,0.5015238226421688,0.3354468396777352,0.23371169853945328,0.5083576405345449,0.02386665389551962,0.0,0.2561728631042933,0.5329096959894233,0.46272411416369585,0.15023177217575395,0.13174663764161704,0.13678501041108976,0.25298622375339386,0.38216324953312264,0.2112900586944515,0.10350354680601281,0.15061825702923326,0.08848032997082203,0.1380561367514673,0.006844543790437918,-0.03233275293431903,-0.09314608069066876,-0.10552152905244477,-0.11522317670810461,0.09623491966284276,0.5394160095957127,0.10958346139547431,0.38626764290703997,0.16405460066125832,0.17529306977443346,0.15455160481994096,0.10392041827610665,0.46944447441971215,0.0,0.0,0.0035831046744139727,0.17458019906546385,0.0,0.0,0.0,0.03205291412254918,0.19011783290410353,0.41522647936973234,0.0,0.3083791433082322,0.0,0.29083018124899135,0.02387803628458246,0.0,0.21031166451648411,0.18020436302172116,0.23811018914398807,0.25915077051638913,0.0,-0.07786531649781014,0.30682134288364793,-0.06019518903082821,0.42023973661888825,-0.00742292526640162,0.35881553134044347,0.22809079278078298,0.013756561205173268,-0.13252180562943394,-0.025714362111376454,0.0,0.052122957506230416
0.2940013714741165,0.22908760866247663,0.35706457641067013,0.4687611823576193,0.6145137843676522,0.4480098029024159,0.6006893384482184,0.4332222137136169,0.41097929146978174,0.5909741099424082,0.51488401433373,0.6641787330745943,0.5564915329234635,0.5031640404608009,0.1966345328305516,0.2561728631042933,0.0,0.44922465930259925,0.5306376250505183,0.10357247507642542,0.372124173439365,0.3223487127384719,0.1483371183302556,0.551314045109656,0.48527376979484493,0.37823254731295536,0.3508559307006046,0.7672416667708148,0.07420942070788136,0.9695895150337159,0.5821940669091386,0.18741283085920007,0.26963390231148693,0.5158208348327025,0.3237307863973339,0.5526024473607936,0.36885003058038035,0.47482293579815815,0.26087838187122203,0.4636599718652926,0.5146743441547058,0.4400628526719539,0.0,0.0,1.0850881497527318,0.42211963509540185,0.3244811417014419,0.0,0.0,0.0,0.0,0.0,0.0,0.0,0.5917113619804899,0.0,0.5647683853229815,0.4031915797595106,0.0,0.6047255925431696,0.17219329937762623,0.3966775661534383,0.2135787404808334,0.0,0.0,0.0,0.38483003220876943,0.0,0.45368475508369477,0.39120556934966,0.48011067246448236,0.0,0.26447526924751,0.47894914307284664,0.0,0.6625301914016295
0.18450462676623003,0.23167263281395067,0.22289603397471353,0.47234913582381954,0.0860328372133321,0.37088769760152046,0.15164873173240578,0.43293542632553256,0.3528545825146495,0.12227703062989359,0.4716747489213925,0.46092404380956664,0.2618091907437329,0.47678810569141294,0.01912652455306163,0.5329096959894233,0.44922465930259925,0.0,0.35089608909482595,0.11452010253224756,0.10595585182570766,0.07989311833863441,0.24145287853118946,0.35252696117185134,0.2744673300401855,0.12203749727997332,0.28518444071644455,0.11001509713398,0.17845092931878426,-0.1439708355704516,0.1623163509759113,-0.13213646354693565,-0.04258557409097441,0.1784101543909697,0.09080442077062853,0.4395358980536608,0.40560920384216503,0.26140457964093455,0.20451901576254877,0.35212119296912747,0.3870200225583532,0.28492431713339195,0.0,0.0,0.331227923651204,0.2846157737689246,0.27722237389538784,0.0,0.0,0.0,-0.05127658179541705,0.4880491251413909,0.58334646015277,0.0,0.5685033431447128,0.0,0.5576695252127177,0.6993758698302366,0.0,0.32023460471502213,0.26382915765578974,0.40352696371987573,0.26761062919986467,0.0,0.04576724903927487,0.4167263368136425,0.05652739495741388,0.3305258171353664,0.3852503882748879,0.33242868898611627,0.4508549374843548,-0.162195181939773,0.24756613420036788,-0.040861591008084674,0.0,0.45680213553453364
0.0,0.5106295012569173,0.23744523130142337,0.46160985702109203,0.2157241338818103,0.2501094402674433,0.42423397565366394,0.4105384033757383,0.0828279545292386,0.6235064838738751,0.21313800952073028,0.6373669507786722,0.4560934478701267,0.4091657499222394,0.0,0.46272411416369585,0.5306376250505183,0.35089608909482595,0.0,0.5250489548052413,0.3341158250708718,0.4911134221443898,0.42785320403592425,0.5735055356935428,0.5009990701267479,0.4821194260995783,0.4227477181266185,0.4791764419376635,0.08017545422140787,0.5099808790823797,0.4925694020647253,0.44855938327900696,0.4362600178427053,0.5856770954485213,0.38763101854043325,0.5596965998247541,0.4104250274926901,0.4449977536576833,0.5814991979916078,0.4704099936784381,0.28762573028099553,0.18039821280497836,0.5304688313611112,0.939736312067506,0.010417133539180123,0.0,0.0,0.1020389720959109,0.0,0.31622987192192226,0.405731139393006,0.34763373727381236,0.4571291581903686,0.5504080070878226,0.6217080383726039,0.6621796473346298,0.30303206054389953,0.3095096002675366,0.34982010222456317,0.0,0.0,0.0,0.0,0.6096011605995459,0.4787355324157313,0.0,0.4966761177459904,0.4404377153872804,0.0,0.0,0.0,0.5088530556063549,0.3435803534754136,-0.05569711522233772,0.46217519978826094,0.41753396991625474
0.21996797377833816,0.16364298200048633,0.29611524809582357,0.4173039321918449,0.14161198947638448,0.2288435428577277,0.10035434907309468,0.243989990956981,0.13024235086846567,-0.06803983132679592,0.46194351048335475,0.19298415700472038,0.220020408281548,0.41125425330867194,0.48210877747047476,0.15023177217575395,0.10357247507642542,0.11452010253224756,0.5250489548052413,0.0,0.3011195376764114,0.3022167831007769,0.4042014178412529,0.4043631231199557,0.28460380673783325,0.09058642198011835,0.4506141630624997,-0.1492497390744344,0.48038324889600453,0.14816250440327777,0.2933072025463107,0.03337485991471195,0.1315436990107849,0.18361940319749023,0.32521373267840537,0.6002224523014179,0.27470726894208053,0.5473675782837437,0.08665785295454356,0.18026828060295477,0.33431425985563823,0.360121605895064,0.6259999840324237,0.48598754207231004,0.3436638262825421,0.34452571361262585,0.03799951209877267,0.38573078057974786,0.0,0.0,0.2848376685686622,0.29286619262220104,0.39713050103089853,0.2795149052909921,0.7900802277182588,0.0,0.5839983629087233,0.30677183586428947,0.0,0.40466088441192594,-0.02865785157305384,0.47167723099707404,-0.10075400568864268,0.0,0.21999206828526108,0.3516836319361556,0.1058318390577827,0.40717607881586604,0.0,0.0779816521641625,0.06828241998494539,0.26705345749829845,0.2708501504341903,0.2589863330875792,0.21642972232016064,0.3183213989225656
0.1373869239194415,0.13165673694609228,0.24252482818874385,0.47454115148990694,0.1773044863207699,0.37193982613946475,0.0905909886716002,0.23755826263718582,0.1938564717359889,0.4520477037384404,0.2369644516621726,0.3410703537115977,0.21757812017451011,0.26024148287307824,0.2565929213703505,0.13174663764161704,0.372124173439365,0.10595585182570766,0.3341158250708718,0.3011195376764114,0.0,0.12305344313287397,0.41668730757375094,0.12430244596986822,0.040922299479494884,0.12138119841980818,0.2904523270546765,0.4143021649076478,0.38627667006010896,0.3489119981537878,0.133648358092064,0.06053793568557253,0.19687790424873214,0.2275595524400475,0.41940545880774327,0.31743342043606715,0.27432168877274316,0.35196075676335936,0.17447187610651385,0.28131770571647646,0.3044685747149328,0.37429689105401687,0.42158117956265084,0.0,0.0,0.23365040129664288,0.3596150716605592,0.2916024687530486,0.0,0.0,0.3188517525650316,0.2811866132307419,0.6809395923347794,0.7108921952580236,0.5096001512285654,0.0,0.3948060342226806,0.16902550205543715,0.0,0.39800035977053916,0.3777980759701221,0.0,0.26912543971797936,0.0,0.21841272535402367,0.4546272595889624,0.21293656358098131,0.3590674215108937,0.5466652061379835,0.14982923458843275,0.4536143741093513,0.2115729006214046,0.22529578495876704,0.2655772019102143,0.28015969467406293,0.21608671080257963
0.20855744570481316,0.21525706992427424,0.19744376371401323,0.31204603703790945,0.12047811577184431,0.15186824657781461,0.09228055568447385,0.2934183459239797,0.10203559349977945,0.15799021949125736,0.24783132897405494,0.3400272896995504,0.1662342301023843,0.21375074061025398,0.35969535750874393,0.13678501041108976,0.3223487127384719,0.07989311833863441,0.4911134221443898,0.3022167831007769,0.12305344313287397,0.0,0.5482206182028019,0.2496264495291755,0.2414809710523777,0.24663859134870408,0.15827599224140518,0.3629640019472245,0.18449396335251203,0.475176020522398,0.12134524467280133,0.10229452554171525,0.06022659559634755,0.1734359459775348,0.36487338786217705,0.4715101926138901,0.518595273791762,0.48726018543812066,0.054694876860939684,0.10944811414359193,0.18683088708094375,0.3130837132418276,0.5766154235300599,0.3326163545158013,0.40929608385076705,0.16004472893843388,0.18695280240497134,0.09595890423016021,0.4781236798085421,0.4032759122905831,0.00466127680025985,0.0961818391045084,0.3227487810573293,0.1342570920899076,-0.10350112429202579,0.0,0.4086298167615829,0.03947890188536213,0.0,0.4619968583790972,0.03421510511720521,0.31373431368098637,-0.03422896439829998,0.0,0.1269976560076954,0.2350091556931534,0.05563435752241297,0.39900636925871713,0.5148583011845766,0.0787719399367175,0.1392111899297549,0.06838996172986117,0.10005873346818961,0.1606585809445474,0.4049487638003175,0.15037590918699967
0.3047646140632854,0.38725955917607324,0.6465458204795518,0.19899043671356081,0.1619076049235953,0.12389961450348363,0.2756945008718662,0.4881245446320289,0.30249161370138106,0.3962086751876239,0.7287721245242988,0.3122914092768637,0.254376123117279,0.6249866080856383,0.3199576871021072,0.25298622375339386,0.1483371183302556,0.24145287853118946,0.42785320403592425,0.4042014178412529,0.41668730757375094,0.5482206182028019,0.0,0.2434979266097579,0.23607625371666513,0.1814567267491238,0.3030808106309324,0.22304425142680542,0.2965648167439856,0.24087206937361746,0.29658195894668327,0.15158359384307396,0.24707585723415199,0.288849199223688,0.3569092280019344,0.4744268551461156,0.10454184817117185,0.4795450138367696,0.4347544536768253,0.3855932842470635,0.3974859066042095,0.3924452598021187,0.6128885888870534,0.5545825399420987,0.4308633152663498,0.4627827218459047,0.2638670265190407,0.6823836539674178,0.2843010114908925,0.5040385188229844,0.4069708576137606,0.470067967167819,0.4970803863575174,0.5880404805834145,0.38283808978377604,0.6904425135546475,0.25176056811784253,0.4187976844241097,0.5952778369456525,0.4820260958396154,0.24945072574564373,0.475958788982131,0.23053757379919235,0.6369781405235153,0.3640511650415815,0.3962776216949255,0.2594425903458544,0.6322548243084156,0.356890967047674,0.307664118203311,0.33080883646501386,0.3693672067207564,0.4024347642484862,0.361124620735003,0.4569974700615713,0.4677023601760323
0.3138348035413572,0.34924687570597474,0.3580940097811174,0.21930765052754592,0.508181870068219,0.17639449650963715,0.43469066097347653,0.1369013314339858,0.47301806517305883,0.4623807864346938,0.5262889137087953,0.4894974998669397,0.6088786172947885,0.398567948315339,0.2348296635360404,0.38216324953312264,0.551314045109656,0.35252696117185134,0.5735055356935428,0.4043631231199557,0.12430244596986822,0.2496264495291755,0.2434979266097579,0.0,0.4837004454775224,0.2621469775284303,0.24782113483513188,0.6830756920754463,0.4433844782097722,0.6657027378359488,0.7026447470081246,0.34265238581850876,0.044328218616883686,0.45950065980326993,0.5327933589666536,0.49283926450532867,0.3280133275489663,0.2894511234485172,0.37231358691272787,0.4882535297980889,0.5851112261672915,0.5151335651163222,0.3720262022058446,0.34184801832405654,0.4367277932233024,0.3358682681189462,0.370226067481814,0.0,0.0,0.47923758716622694,0.5091163175262862,0.3939309271407829,0.0,0.3094198402941892,0.590074973339652,0.48414566228943956,0.5394301150056424,0.4405456026303064,0.0,0.3806455706849035,0.2777170368272609,0.2546705055434392,0.2346715815069646,0.46140022265394465,0.43676021797513165,0.6287233224135936,0.16653715175659045,0.6702585426105843,0.2460929159203139,0.19380421624394426,0.2912294097926813,0.4266078829394878,0.5249496324562599,0.24500538337778366,0.0,0.5239186396955258
0.2252293360447349,0.24027791954836844,0.29684054420028416,0.8101859696572677,0.17979463483062372,0.29258876318485383,0.19930914088713308,0.1348950897915362,0.21773306777926857,0.6034872213859608,0.6316542777395369,0.5765661103196615,0.30857024610771633,0.4262850115812058,0.16426066295048491,0.2112900586944515,0.48527376979484493,0.2744673300401855,0.5009990701267479,0.28460380673783325,0.040922299479494884,0.2414809710523777,0.23607625371666513,0.4837004454775224,0.0,0.2308308583586477,0.30068190578325255,0.29475099846300834,0.21312048747560625,0.3708059572530863,0.31677247262288755,0.03123779467160201,0.17704855435507472,0.3160908150721581,0.224568521449076,0.18750769113371507,0.37623846993632903,0.6424527998847676,0.25970743902921967,0.4238096510779206,0.4171576500661366,0.2865022045239618,0.3226357417470381,0.0,0.4704280919958954,0.3605426862872153,0.37056370182532383,0.0,0.0,0.0,0.039903669450035206,0.08429323622283022,0.46966785744087763,0.42469335896330607,0.539401873011482,0.4787574312711991,0.5896221641711114,0.31735403708649484,0.0,0.3503605395361923,0.2871694748856219,0.41612755941467106,0.3283931151551447,0.0,-0.007882042178035786,0.2617470290202534,0.15322856300002355,0.366313506480921,0.38046733748815154,0.38425806016981057,0.41566039702863805,0.09784616353363695,0.07219580674117942,0.03579483616420576,0.0,0.4093365889332822
0.2471416194254958,0.25667930401343997,0.1923094663116921,0.3107636853130049,0.07219660608621256,0.3772126849385714,0.20108547820640726,0.27672465968380516,0.29967023689680794,0.38734415005648903,0.6246026612342861,0.4302379676045867,0.2832589970268493,0.1868126469148228,0.16273596957884195,0.10350354680601281,0.37823254731295536,0.12203749727997332,0.4821194260995783,0.09058642198011835,0.12138119841980818,0.24663859134870408,0.1814567267491238,0.2621469775284303,0.2308308583586477,0.0,0.29449479589448785,0.3477316199491717,0.190302728395276,-0.09373585989119065,0.16340849200758983,0.12821383820049662,0.10485555477968722,0.2201760444168751,0.28733972382237205,0.03306346412202621,0.28199478636463415,0.40672832273143944,0.15355608085955025,0.3927679913801031,0.4126297966325273,0.22089242767177808,0.13274315984525714,0.5192820659514898,0.6444255654918137,0.26711187210538606,0.2908533719234077,0.05647665811827157,0.0,0.004124648133477956,0.09889586885766954,-0.01251687762919701,0.04697606823613987,-0.14982563094495055,0.5290533670019111,0.0,0.6122224541817075,0.19869857345367098,0.0,0.3634040408151536,0.21698429557637508,0.403326661608747,0.30176469868674577,0.0,0.0861876797070184,0.3656167315159881,0.2599922352434332,0.36090453417501756,0.40079387235784614,0.3491275635630554,0.31132015596075446,0.14526758049037203,0.36322209459826926,0.046593469221673345,0.4890256067859914,0.3376388232852734
0.37470948229391277,0.2808714917773021,0.3002741064326721,0.25718758107600886,0.11777488275084855,0.2517107317404993,0.13654105963424723,0.25885219249373415,0.12901087557554725,0.42299220150278355,0.32566374681505783,0.38029192231851106,0.18941436664212707,0.44547060850424675,0.13132601332503635,0.15061825702923326,0.3508559307006046,0.28518444071644455,0.4227477181266185,0.4506141630624997,0.2904523270546765,0.15827599224140518,0.3030808106309324,0.24782113483513188,0.30068190578325255,0.29449479589448785,0.0,0.24747593499890466,0.41022543073711826,0.3185543981221783,0.18909316808206705,0.08414194419722437,0.1383650460149612,0.21071670106382528,0.36764790344835296,0.2756873397153348,0.224633847290065,0.39230945365515074,0.37089724569615484,0.35393392028139387,0.4588437183839111,0.47641349713707626,0.5691838313626044,0.4196772962546141,0.3194012285057445,0.3165218841319131,0.08515806886295177,0.5347638435422739,0.2968685248790973,0.5256674290002625,0.40501807778807003,0.4251232784811867,0.3482622480700286,0.5054697965707247,0.44149444786172515,0.5742508979106214,0.41011423673440794,0.3963878660411582,0.7348700842144694,0.3418619104481664,0.09123033793316454,0.0,0.27626355872162134,0.5724649191288267,0.2810096344920637,0.43602831588603885,0.1569363313834432,0.35677097186355183,0.0,0.20347082533490646,0.2903465346184344,0.3568927332731767,0.3830838596643628,0.2832482050789995,0.23470985853938986,0.40463687344563515
0.10495658835590105,0.24124822066557672,0.3371319518313427,0.44211816473568416,0.4207940877962856,0.4663811164441999,0.3851802303876408,0.31196304414699727,0.35155249899286106,0.8020460147967805,0.49609266115646855,0.7656873663317638,0.41342403335679745,0.5380035162753455,0.20216332758143457,0.08848032997082203,0.7672416667708148,0.11001509713398,0.4791764419376635,-0.1492497390744344,0.4143021649076478,0.3629640019472245,0.22304425142680542,0.6830756920754463,0.29475099846300834,0.3477316199491717,0.24747593499890466,0.0,0.5300862892433112,0.39205632892226777,0.48172889066089536,0.4757612605494198,0.21223316448201432,0.2620066152271804,0.8548377478016727,0.43098354260648586,0.43488292073342866,0.7321545821042426,0.5050327218480601,0.2674258918781824,0.3730141207410072,0.2678515415926438,0.6114266174867359,0.5941507353655924,0.7764685814219245,0.3983492791733052,0.11710475929135444,0.48420134007971777,0.0,0.4555288501334397,0.42717844101023006,0.41690196820921716,0.37834193546020867,0.5108377676612794,0.5908991969810068,0.5133187215760233,0.34955315279705357,0.4194260708792845,0.41808561234202324,0.43571635917847384,-0.034926569289356,0.3531248892535286,-0.07358912405066559,0.42560087408328595,0.3387067412259012,0.4629590250793678,-0.028079465423317573,0.4104312881212172,0.5768820208416563,0.2018381931166931,0.0905360806536048,0.37237473940649274,0.4337297958478558,0.2985339037852114,0.41578047133338175,0.4781334052551625
0.17644208017997992,0.22397044495669965,0.4136998329089177,0.32245684716359985,0.31084137217157404,0.38803102726851824,0.338809652332058,0.3837283014023092,0.3143428172106474,0.37737548344575433,0.17899354343265547,0.7155686346306072,0.5404955042343785,0.21692188034177143,0.2676288513381607,0.1380561367514673,0.07420942070788136,0.17845092931878426,0.08017545422140787,0.48038324889600453,0.38627667006010896,0.18449396335251203,0.2965648167439856,0.4433844782097722,0.21312048747560625,0.190302728395276,0.41022543073711826,0.5300862892433112,0.0,0.5029493687279788,0.3821875891675518,0.07958699246037126,0.19456505784870834,0.28309449149466526,0.3797998221741603,0.44418146772043354,0.48709603424555914,0.6675862628545162,0.26991758601127946,0.26280894797677024,0.4292779658935315,0.3612510737280582,0.3560026235971978,0.5758430360735872,0.47380432717933507,0.3143377359356238,0.011226688469630264,0.45168182718581207,0.47735205235564293,0.28977298573158927,0.44525785851118516,0.41561191162644917,0.5564319374635559,0.461408998656536,0.44902628664627414,0.25175028256153137,0.48037759654006557,0.33818741390269497,0.5861052328975142,0.3288649043363567,-0.04590692644909311,0.4832642063945095,0.03928125744178279,0.23364281274493703,0.23870964779909692,0.430620229712234,0.14326461860306752,0.47634078504901317,0.4562080644129703,0.1950532569921486,0.13476275328718698,0.36007575168281625,0.3684450140545308,0.24010018726735188,0.27342635973835216,0.37369701601417965
