0.0,0.032297530690969356,-0.0033127353436547824,0.0,-0.004739949142504529,-0.008976042676251017,-0.012918850589865638,-0.007267197089491584,0.017808976446875513,0.012152664493661092,-0.005236825386276511,-0.014895109894349279,-0.009244274679822528,-0.021591491676692276,-0.01487143845793093,0.00989268860301229,0.01189009507722294,0.017306382208126414,0.0,-0.00827084618250662,-0.026796256017036613,0.01444995901759727,-0.026539384727268966,-0.03158493361670456,0.019352391190304796,0.007771131208464066,-0.023403066100887937,-0.00705503912266553,0.0023685502501890054,-0.040567062502796236,0.002282337451082528,-0.020403214168807915,-0.02006248722546211,-0.0059160482211239596,0.021912840958630997,-0.0008632767340722158,-0.0007750411982783145,-0.02725150080948341,0.00885875556638599,0.04424883982197919,0.022149702903060398,0.008348942565104822,4.706811000015909e-05,0.0,-0.002836296591207821,0.026327757867470936,0.043402651574271145,0.0,0.0,0.0,-0.009571219224447314,1.1102230246251565e-16,-0.005480503844137785,0.0,-0.0167338873311218,0.0,0.009562481624779184,0.011104853865440578,0.0,0.00692581855302421,0.025909823060594306,0.02143536713865024,0.022936292741284003,0.0,0.015176097869846028,0.049607422444874205,0.03370915457053514,-0.005039624014191391,0.03080575985964079,0.04467128339020837,0.03989297137755021,0.02136651851296395,0.00040993663963057037,0.022731932890220075,0.0,0.02199676869266748
0.032297530690969356,0.0,-0.01382008802521345,-9.383423708475558e-05,-0.030580015438498642,-0.021698983897624036,-0.01802477553590004,0.03374454043757702,-0.029844763593620205,-0.015954252989112627,0.011976378358365736,0.004718075260471799,-0.01769683811309397,-0.002931414990726189,0.011151031757772767,0.005957633256291672,-0.023590698811143895,0.0010120999929523755,-0.017276525258487774,-0.020795790644196677,0.028460342856662435,-0.0005594594261958963,-0.006150559458747207,0.008448029527977796,-7.144164607558734e-05,0.01414550407518117,-0.012097059254551068,-0.0038352027173142456,-0.009993333361912327,0.0011598044731619406,-0.00999775312051876,-0.010408446917010095,-0.0038448577884682145,-0.004746051219572223,0.017877190694397305,0.007394149186759791,-0.0025605461421401854,0.0,0.014228666892112996,0.04361877287458227,0.028333438374517017,0.025318162403700717,0.006355582548763561,0.0,2.220446049250313e-16,0.03483993782862782,0.034250993878753966,-0.0005313454567988929,0.0,0.0,0.010569394020128797,0.012203408521591186,0.011794038076336832,0.00954564821340087,0.007379920778960325,0.0,0.006581101423284386,0.005605221894958323,0.0,0.028616365108936226,0.027852234718407254,0.009768207598370882,0.028741008330984863,0.0,0.009849450000512738,0.025564613869754838,0.030567411790016097,0.019335258778636844,0.001852757016902351,0.04181504069682662,0.037870599723927256,0.02700657843473686,-0.006246768276948811,0.014137248645240852,-1.1102230246251565e-16,0.02027165935648617
-0.0033127353436547824,-0.01382008802521345,0.0,0.0033622108452379673,0.010960404118841971,-0.008256060107526775,0.010922825075941278,-0.014952785198391827,0.03091715478702417,0.004163964501066153,-0.0007843719154291273,0.03272144130454102,0.008410677661618793,-0.02293275217687385,0.007014489167950444,0.0007521294539007961,0.008405343636313956,0.012702290483193934,0.0003087566717724921,0.0077275325192638356,-0.022215624077491336,0.004491073417465852,-0.014150299825691548,0.022501730422036126,-0.027713847601035346,-0.03412724352891777,0.014282308596159088,0.00462711902594759,-0.0285265444657834,0.021910425193010508,0.022930623991316457,-0.010760620547344113,0.001362098435068071,0.018406289162733402,-0.017687150803172458,-0.00977687955238321,0.0070577766856037005,0.012331920753177739,0.007747681176027643,-9.639754169898929e-07,0.017085042126910976,-0.024876072629408108,-0.022217516689175598,-0.10767155166087744,0.0,0.0,-1.3110273512251247e-05,-0.08485554549143898,1.0571623316857348e-05,-0.004186744211766236,0.0032521667873295357,0.01866083688094422,0.0034282317843818966,0.007442027678524532,-0.002220419937445095,-0.040985099584072426,-0.004756170559076123,0.008179656521039136,-0.020776633060212213,0.0002519091604557544,0.0,0.0,0.0,-0.06953623413200105,0.00432580642685082,0.004044589372899754,0.0005515572699231197,0.01417393878836537,0.0,-0.00019248730891102683,0.017114958900524835,0.005663087988714288,-0.0041287946531810005,-0.01058149812499054,-0.005874586816880467,0.01556111881988953
0.0,-9.383423708475558e-05,0.0033622108452379673,0.0,-0.023053194035176666,-0.004287364955609552,-0.003311053443163181,0.0029436754263444387,0.020663051858286263,-0.04961390737841753,0.0049854353497558734,0.038964617639558496,-0.0031691444725495677,-0.0005392107376899213,0.002640936268146654,-0.0006615514270847389,4.5768286895953025e-06,4.8139885027720375e-05,0.005994445583134167,0.011770300382963783,-0.00011209583282834057,-0.006518907838773347,-0.00022686333719318386,0.002647285358642615,-0.0002494372572088288,0.0026773835194479068,-0.023686967196475894,0.03353879213435634,-0.0028275656372056535,0.0041067953930806755,0.008112732323063143,-0.01976398739938029,0.047786116765044795,-0.043517712649702694,0.07702056308008765,0.012727517481271183,-0.03405757795854705,-0.012882875827266493,-0.028554031555998727,-0.0012105318497130368,0.006012392930201227,-0.014120418944766566,-0.0076702660965606295,-0.02918833261759135,0.0,0.0,0.0,0.0011007249676158182,0.0,0.0,-0.0006801342413016442,2.220446049250313e-16,-0.00011017453717826475,0.0007396538871085601,5.551115123125783e-17,-0.008147281848516319,-0.005361150530516667,0.0006514511671581458,0.0,0.0,0.0,0.0,0.0,0.0,0.0,0.0,-9.714080495820676e-05,0.014473846948228175,0.0,0.0,0.0,-0.0010789293480694129,-0.0028804097650768634,0.004568229737349494,0.0,0.0
-0.004739949142504529,-0.030580015438498642,0.010960404118841971,-0.023053194035176666,0.0,-0.01314450495424635,-0.01609484858912491,-0.01831209878413176,-0.02362061282418748,-0.0006646079874990662,-0.002997990672280071,0.00719909380407463,-0.01032656451262387,0.02097468812804676,-0.005020572997168349,-0.012259473255073428,-0.0023430276903322333,0.05738714531715744,0.015361300947622114,-0.002630370707968621,-0.009786571977172365,-0.031914794780888545,-0.0009677466127645529,0.009302734091915066,-0.03725354214045673,-0.013663406911356701,-0.002196260866601518,0.02450840500507112,0.017957601369890164,-0.007621686043073617,0.030490901392802194,-0.031806005843742935,-0.0030018581276258782,0.03796804846794505,0.0015914519185892262,-0.005641722007807104,0.07003305297811929,0.02216646502780617,0.03401571510712753,-0.009914783109028769,0.01625018496833247,0.007794199117786393,0.008240770625277338,-0.017347430548223075,-0.0003114100767708239,1.1102230246251565e-16,-0.0014698646985952246,0.015402519096242684,0.0,0.01143637095527067,0.006643158055732068,0.014456141731865824,-0.002236020667217009,0.017673575902620475,5.551115123125783e-17,-0.03134221689743488,0.0031956131334017757,0.010561255320161833,0.0028502384433277683,0.0005304485892522748,6.162836223161383e-05,0.0,-5.551115123125783e-17,0.02420297143484207,0.0056317854606354745,-0.000376670760981912,0.007859110318773677,0.031112181604194433,0.0,-3.0906215753356836e-05,0.006805661314421008,0.004212943447674755,0.007050067192941933,0.007121780544791179,1.1102230246251565e-16,-0.0037020283391935305
-0.008976042676251017,-0.021698983897624036,-0.008256060107526775,-0.004287364955609552,-0.01314450495424635,0.0,0.005563725696330291,-0.00789958112079292,-0.007290629255705894,-0.026897689897676547,0.035773980694895846,-0.007350914003773634,-0.007884301668137583,-0.0041977896690680305,-0.02833142830516322,-0.006740445088276592,-0.040999712712333714,0.0018433426372843065,0.030157814497928315,-0.02520367647042593,-0.016045937487693285,-0.020220174344500186,-0.017136609111549295,0.007585457294483233,-0.014546449089557767,-0.027813688614994225,-0.010564812788882327,0.006067986674434478,0.007265929777279356,-0.010138744830389734,0.016390943469754615,-0.021211295405707487,-0.018197576012020822,0.004984681814248326,-0.01006698013566043,0.007313738764435862,-0.003989783702059213,-0.02001556098092233,0.01620168232883129,-0.0026427745621905308,0.02443189016725489,-0.0038705776550669313,0.03187658793225073,-0.02265644413270579,-0.0026893750721098675,-0.018864485934689867,0.0040603624173145,0.013550758397915086,-0.0008941594817324372,0.003624092974698234,0.009104014050138276,0.016120546027931226,-0.007672619135145109,0.021387144204591202,-0.02661808355603129,0.023582744403878197,-0.014807147485478955,0.012006362076433685,-0.0018987008764352886,0.00012615675001953486,-0.011958475853571404,0.0,0.002640036276870983,0.024477770325317727,-0.0038808929386481283,-0.002688071256636171,0.0006620072130467114,0.015200294512122514,-8.167850847973224e-05,0.00669505405050691,-0.0013767143646530866,0.002053312921849737,0.007102374970916148,0.02606377305688745,0.006016532259195129,0.019973445234062526
-0.012918850589865638,-0.01802477553590004,0.010922825075941278,-0.003311053443163181,-0.01609484858912491,0.005563725696330291,0.0,0.02271338441113574,0.01842820439985804,-0.014402707749859855,0.03911202995738294,-0.0058975913740921815,-0.0023201648693120247,0.01696223896675514,-0.0015940209464471167,-0.013629937654238089,-0.008642957179770316,-0.014638530024951302,0.03453396456689173,-0.008575585060138335,0.0005449872496102182,-0.005313767578864648,0.009027874103044897,0.006948327403127896,-0.022190263915861652,-0.02823932078022351,-0.005104940773058231,0.021850809983223973,0.01423466382793065,-0.00030644945509800126,0.003828915656689358,-0.0017361380117826841,-0.029690733854351725,0.01652340648574191,-0.025820284097581636,0.002228248095829999,-0.011576482402445687,-0.013083392665212246,0.025988942254888237,-0.004243623352043258,0.03489950099355216,0.04079062893782931,0.024692502025508767,-0.0465729731948592,-0.0072523693890790275,0.0,-0.0008316311289036649,0.012320404255636963,0.0,0.012648812235270313,0.016611305502893914,0.015473053649743052,0.013091412911649114,0.019820437784498268,0.005256659143332731,0.05298111125682747,0.00425054126317731,0.016409269200580223,0.007494618435333278,0.004438410464243869,-0.0016807942355487882,0.0,-6.682158746812439e-05,0.024990199996182016,0.014874047084124153,0.020024958559478168,0.003629974706200745,0.023598031353404714,-0.00014851042560348748,0.0015844186840986985,-0.00204021188281156,0.010374052858404093,0.02067604008844498,0.015976015608396066,0.0016900535050208276,0.014099407116135776
-0.007267197089491584,0.03374454043757702,-0.014952785198391827,0.0029436754263444387,-0.01831209878413176,-0.00789958112079292,0.02271338441113574,0.0,0.004483896599873638,-0.008858118802745063,-0.08653971962179413,0.004064179591632078,0.01703795185154966,-0.03242291537859371,0.009210293663944158,0.02295255490978887,-0.004538224676270852,0.0055086553930902005,0.0026700812092735893,-0.029775172293442786,-0.003568218409641055,-0.007609817695817478,0.0015738176977923013,-0.012130905801230996,0.02903657434298812,0.009896077738648312,-0.022112950100163897,-0.001703233176099439,0.001036128610744036,-0.0015559352502251822,0.013102670084032597,-0.05465072426595574,0.009036856299723617,0.003952514255939232,0.008776465908295172,0.014140265015114173,0.02756058345457668,0.033812139713942035,-0.0130765156582891,0.015042354471977826,0.014629089127936812,0.04393168465405506,0.005293121160334868,0.002819848587996665,0.0,0.006790992760849823,-0.009672297769046045,0.010076842067272773,0.0,-0.11219130152473988,0.013172352149391275,0.011918831730257595,0.007182947945149509,0.027219892982739524,0.00019340163628600582,0.023447232154359954,0.00012162738216170421,0.02621080111261298,0.024770532553217928,0.003338463598946073,-0.008860432375559557,0.0,0.0006179618433154177,0.020694802050483407,0.006891215633056225,0.06102245826137864,-0.011069142278607336,0.020536712740562513,-5.551115123125783e-17,0.00015051424881507014,-0.009007220845774822,0.011385036856272457,0.00805072917040639,0.03504875767303839,0.015539205007679913,0.02313834113262825
0.017808976446875513,-0.029844763593620205,0.03091715478702417,0.020663051858286263,-0.02362061282418748,-0.007290629255705894,0.01842820439985804,0.004483896599873638,0.0,0.0011048797643036234,-0.008698454325488991,0.009889953964618725,-0.018197871901776852,-0.016587713082093225,-0.007959105939732203,-0.04408180820382601,0.009546047424022541,0.016476762528555955,0.0010388411184782953,-0.010237356228784078,-0.015336855444151254,-0.03381669514803343,-0.010463430106259552,0.01850408573872031,-0.03351389155572976,-0.04687625296031378,0.008300039962188699,0.022206591262193542,-0.035204477684848745,0.023833120091312998,0.03587750528773864,0.00920969272465455,-0.0009858716965808756,0.03421017354240119,0.009455917479728904,0.005780698972704668,0.0202430769347009,0.016704530602632828,-0.0007400580900633336,0.0009772241970674722,0.0037325240327374942,-0.0356841881068638,0.016858634750412382,0.0018838117730434756,-0.0037099987691756042,-5.551115123125783e-17,-0.0014577429165500977,0.010593882826952505,-5.0786574106176374e-06,0.0167927715297147,0.016424118223673845,0.026535890456119926,0.018731744781605664,0.019401972913130727,0.0015378813596405028,0.023809286151072084,-0.012641610510574774,0.013615261982013682,0.00438361715285418,0.007472085391307615,0.004370242239465583,0.0,0.0,0.019908052810315158,0.012107365733146636,0.011965773352648479,0.010265519979465287,0.0130369701733547,-6.250467636126356e-05,-0.007427653569264503,-0.005853369227720284,0.007017053182756361,0.021270612876156836,0.005451892484885146,-0.013244252559477476,0.0145810943405138
0.012152664493661092,-0.015954252989112627,0.004163964501066153,-0.04961390737841753,-0.0006646079874990662,-0.026897689897676547,-0.014402707749859855,-0.008858118802745063,0.0011048797643036234,0.0,0.009172059611971262,0.009859671749595567,-0.01963773768186622,0.044486426763017894,0.023761908816116006,-0.0054512865864582705,0.0006820624191549163,0.004998960520092466,-0.003647920390837167,-0.03254237380992303,0.01215111702964533,-0.008621695051296507,-0.01045956667570741,-0.03580881882175835,0.009892021810543994,-0.0034645057641952692,-0.052681435472392624,-0.029398814535788187,-0.056718578263982855,-0.013830711216722857,-0.02823208574743008,0.02056988159962403,-0.006906358769583398,-0.016611012426157312,0.03684429803035838,0.0010500376992525484,0.01176103992384514,-0.00603604207694064,-0.026992563142173687,-0.007699950337683337,-0.004182665791917672,0.059025838840089884,0.008146429380538889,-0.0002607080334458556,-0.010719493117399503,-0.03347281223773635,0.012359398149660694,-0.0005548863006809013,-2.8837320329988536e-05,-0.0010066553743461326,0.0029762391080459527,0.006491216885234297,0.004397485149635172,-0.01310368325631095,-0.0006089384696529865,0.00015275883324084027,-0.008733787334166687,0.024974999548645238,0.0,-0.0010700740023231181,0.008421213383460746,0.011764060459358183,0.04475477433142111,9.478978308330444e-06,-0.0001540094447953777,0.01085689096046144,0.0071627053026041,0.0039030611588836694,-0.004032053664809632,0.03358525984221733,0.008849252060059598,0.003504467363151964,0.0029610504830011597,0.016781351617343676,-5.551115123125783e-17,0.004114013910380077
-0.005236825386276511,0.011976378358365736,-0.0007843719154291273,0.0049854353497558734,-0.002997990672280071,0.035773980694895846,0.03911202995738294,-0.08653971962179413,-0.008698454325488991,0.009172059611971262,0.0,0.00829492291849171,0.030464073631711164,0.0018738122946343472,0.0,-0.00027635810279519335,0.0016966288306420885,0.01739857134239603,0.01178823984429822,0.00013557000518887863,0.01767421244223555,0.0058514699793674185,-0.022552888746567468,0.013762595641938324,0.0029807505666227807,0.007706979285693583,0.011053497406771584,0.029510174884077534,0.013499069028648891,0.0030136345644616314,0.03290686142023097,0.009717205939595186,0.001362592685505315,0.031001894776034378,0.02153200878321737,0.03934023591225261,0.04308082751396819,0.01749018747371972,0.028647108280186573,-0.005249807530442185,0.07599616200717701,-0.00017196615313308516,0.03330325277129714,-0.02952550300969503,0.004052617439963546,0.0,1.1102230246251565e-16,0.05922562952215543,-9.834200527247816e-07,-0.07766161747212785,0.0022778233812959514,0.044229742665666705,0.020739021935831492,0.04884151549658128,0.002939017810426048,-0.02909487537049399,0.013631746834070813,0.04355155722354176,0.014164602485258526,5.551115123125783e-17,0.0,0.0,0.0,-0.06179025468448984,0.010416046695715164,0.0,0.0002829154930035771,0.03137518400856798,5.551115123125783e-17,0.0,0.0005108495177679195,0.013953280979574156,0.006736608833945612,-0.0057866797469471876,0.0,0.02722044758450104
-0.014895109894349279,0.004718075260471799,0.03272144130454102,0.038964617639558496,0.00719909380407463,-0.007350914003773634,-0.0058975913740921815,0.004064179591632078,0.009889953964618725,0.009859671749595567,0.00829492291849171,0.0,-0.01831151538857584,-0.0722172751264058,-0.0012643078225950122,0.0019017449284078336,-0.01123791048061884,-0.009083229202095255,0.008491503497743913,0.004055208515954756,-0.00656054177915405,0.004517096418380273,0.011654976286041563,-0.02966826403415085,-0.0043892982786382095,-0.002971147834557708,0.005301205537489084,-0.017735326239414206,-0.008301505724955804,-0.02160640817729431,-0.0295050931252972,-0.0010561290740930818,0.0006777714621840625,0.0007973578818165628,0.02698138107449294,-0.0028766480347752754,0.03572110613837809,-0.020247143086030234,-0.06274689002594264,-0.010646043808641092,-0.009437943551329875,-0.023649149174615303,-0.01155672231345356,-0.007472911424239892,-0.006827010861303495,-0.03514170146055173,0.006022159256082682,-0.0035298453782253714,-0.008807373580117794,-0.014110345745585284,0.005562195115669244,-0.00851662577472767,0.0004993430393777643,-0.0008984455266248803,-0.008467910702207537,-0.006163864381508066,-0.00459624855870866,0.0032142155906219605,6.213463655518892e-05,8.17646915532988e-05,0.015069313854310373,0.0044397912531637385,0.026421818603505398,-0.005976576827186331,0.005630438902782087,0.011230778853028145,0.0034655576181486514,-0.010332549700476645,-0.035728570702082685,0.018993327310759367,-0.00521061204283646,-0.015649244822935116,0.00016201605767091065,0.003826616443186104,0.0,-0.0023047138304028714
-0.009244274679822528,-0.01769683811309397,0.008410677661618793,-0.0031691444725495677,-0.01032656451262387,-0.007884301668137583,-0.0023201648693120247,0.01703795185154966,-0.018197871901776852,-0.01963773768186622,0.030464073631711164,-0.01831151538857584,0.0,0.0009730946560134734,-0.005020367238668499,-0.01707571792954171,-0.010513413024591745,-0.015606414479849617,0.03354640820532734,-0.02060809221728932,-0.0035397337601897894,-0.011525640270432291,0.0010978682360615055,-0.0011342107157417125,-0.020387057064233716,-0.02054801681888896,-0.014362855797335927,0.0017405280920454458,-0.0030075853207414682,-0.037888597723122974,-0.02337011066564465,-0.010607939792659782,-0.02156451562897621,0.007052011351958043,-0.050182107509088414,-0.02089823710426386,-0.010160987792760534,-0.009773065935911984,-0.02312949161810407,-0.003611977179792558,0.04129110950644843,-0.07595167447477813,0.03822702110326137,-0.09324415344397635,-0.004302958674081647,0.008144912912333102,0.01146281044387465,0.02125231584368148,0.0,0.003932970244995948,0.016505800358070755,0.022695296940042464,0.004724350685556933,0.0263921656778352,-0.0009790376267663214,0.02512660203576461,0.003744054962879717,0.014133231980398397,-0.00908020966466161,0.011951114646026662,-0.002928929367641997,0.00044017046940364457,0.0017024478725068959,0.02562627598371703,0.0011886419739231546,0.01882401432024522,0.018766003339658777,0.0208897066050745,0.007750900710338737,0.0028596574982034384,0.0027295537611933263,0.007835358702730388,0.013671181700477153,0.019972842990459094,-0.0002733136360296706,0.017510619851261566
-0.021591491676692276,-0.002931414990726189,-0.02293275217687385,-0.0005392107376899213,0.02097468812804676,-0.0041977896690680305,0.01696223896675514,-0.03242291537859371,-0.016587713082093225,0.044486426763017894,0.0018738122946343472,-0.0722172751264058,0.0009730946560134734,0.0,-0.0015837039209266601,0.0012067482543814956,0.0001321431026381492,-0.0002728701802048872,-0.009426617347351729,-0.007832209147881686,-0.016497120083812877,0.0002559446513121233,-0.012858862804262405,-0.009392806859427172,-0.007730159203690967,-0.01034488744513562,-0.02613092095917674,0.07896184674661544,0.013975161287830107,-0.0023812405366913647,0.01672946778179646,-0.03685565273311009,0.003113734256394274,0.05914947637662893,0.06184262651960909,-0.013253026324890282,-0.026357537589335067,0.007490038125293141,0.00570393587166701,0.0,0.0036599235554138354,-0.0005602746047797535,0.031009168305001444,2.8307733988541806e-06,0.0,0.0,0.0,0.020325001708869028,0.0,0.045686899780357115,0.00766818749828907,0.009529714472071904,0.02238905636160904,0.02589054189137585,0.0,0.02139753062326366,-0.0003416205829135932,0.006078932439846196,0.003916350137082303,1.1102230246251565e-16,0.0,0.0,0.0,-0.020510989564541005,0.0,-1.1102230246251565e-16,0.0,0.012497879896232023,0.0,0.0,5.551115123125783e-17,-0.018246039962689864,0.016019466491511425,1.1102230246251565e-16,0.0,5.551115123125783e-17
-0.01487143845793093,0.011151031757772767,0.007014489167950444,0.002640936268146654,-0.005020572997168349,-0.02833142830516322,-0.0015940209464471167,0.009210293663944158,-0.007959105939732203,0.023761908816116006,0.0,-0.0012643078225950122,-0.005020367238668499,-0.0015837039209266601,0.0,-0.006016416854434936,-0.022391277430346967,-0.0015705953675388962,-1.1102230246251565e-16,0.015414551730441761,-0.01054279856916246,0.01477081186371354,-0.02047664187995485,-0.031342465470824366,0.006646274505829719,0.007547376491918556,-0.012701746910873835,-0.013324768272752141,-0.018845784180994196,-0.00036584301713238343,-0.01846170903193295,-0.01861806427619278,-0.012805235685981797,-0.018861084648000515,-0.01644251512142214,-0.01451482976728291,-0.004494389907695462,-0.0002601487248393708,0.012474564805999067,0.03305464563602967,0.025450097868703725,0.011957652772085381,-0.055255071834723446,-0.007993511531210196,0.0,0.020143415157851563,0.01676398647694749,-0.005326567598129994,0.0,0.0,0.02175193029787248,0.010547762353438406,0.011701381927531562,0.004002948597571776,-5.551115123125783e-17,0.0,-0.002017584219836166,0.024766226535490432,1.6120769758098952e-05,0.04818718561689922,0.006527222262253218,-0.0005634972941115923,0.011261271782521232,0.0,0.00895884720661444,0.002473685016069538,0.021727063175428052,0.013269253508439716,0.00013615789042781268,0.031151760935836714,0.007891367277645056,0.015126915612353908,-0.001277052926592026,0.009821809086427324,0.012623934355465882,0.013273925466942171
0.00989268860301229,0.005957633256291672,0.0007521294539007961,-0.0006615514270847389,-0.012259473255073428,-0.006740445088276592,-0.013629937654238089,0.02295255490978887,-0.04408180820382601,-0.0054512865864582705,-0.00027635810279519335,0.0019017449284078336,-0.01707571792954171,0.0012067482543814956,-0.006016416854434936,0.0,0.0001727180003040507,0.0029481146897644694,0.0003728979617105832,-0.03125802330200128,0.008018386101760255,-0.02457674112455005,0.002795621417077232,-0.001955603722986976,0.003028566469354621,0.014101376423887313,-0.0059142377556605785,-0.011969203371239412,-0.028139623685914217,-0.011770227661976829,-0.007004560758931688,-0.024610320948423636,-0.022012615634366073,-0.0013707925884062777,0.01577024027853996,-0.009413312733577206,0.007809112662891637,0.021995122590793226,0.01291417299017128,0.035774787525156504,0.014351196688744905,0.009176419945684966,-2.102025377537231e-05,0.0,0.0,0.025086635571078875,0.029954314036689467,0.0,0.0,0.0,-0.015429866517772561,0.010466079655219174,0.022049321818194467,0.0,8.899465243816795e-05,0.0,-0.0030219988331045,0.0027180517803543913,0.0,0.021765200797422113,0.012455433536896043,-6.755690184717666e-05,0.014300535532234704,0.0,0.006206572905380181,0.008916696810627012,0.0209363447353047,-0.005225419434429945,0.001749378679256286,0.03142008832663479,0.030622474167064206,0.006029777537225112,-0.002775292776919236,0.006294135563052028,-1.1102230246251565e-16,0.001230736871800031
0.01189009507722294,-0.023590698811143895,0.008405343636313956,4.5768286895953025e-06,-0.0023430276903322333,-0.040999712712333714,-0.008642957179770316,-0.004538224676270852,0.009546047424022541,0.0006820624191549163,0.0016966288306420885,-0.01123791048061884,-0.010513413024591745,0.0001321431026381492,-0.022391277430346967,0.0001727180003040507,0.0,0.022212288406311897,0.003159917910014187,-0.030765093615053363,-0.023334868881070503,-0.020025188746096878,-0.0025208517272017894,0.012625976325090826,0.022822501094853676,0.007898165204817731,0.018234841081610553,-0.022366850450563136,-0.018026476565177696,-0.01609651147349489,-0.010523342150167925,-0.024547518872584106,-0.013168214992765104,-0.0054582647067460965,0.021370624150054862,-0.022585471852831385,-5.828859610190751e-05,0.021838049540041815,0.03302677222971001,0.02067824352051245,0.01630366911043679,0.015687129129947408,-5.551115123125783e-17,0.0,-0.017743360549693332,0.012136024387699007,0.013346994998575668,0.0,0.0,0.0,0.0,0.0,0.0,0.0,-0.0033412265900198412,0.0,-0.00415735252385685,0.005975550692953857,0.0,0.00023481436930877786,0.01392346377864695,0.006604078442235151,0.02858197249154537,0.0,1.1102230246251565e-16,0.0,0.013072332224561944,0.0,-0.0061340944113798535,0.027991354945778757,0.018715454683532418,0.0,0.010989664079158912,-0.00012667999753879222,0.0,-0.005579140279955097
0.017306382208126414,0.0010120999929523755,0.012702290483193934,4.8139885027720375e-05,0.05738714531715744,0.0018433426372843065,-0.014638530024951302,0.0055086553930902005,0.016476762528555955,0.004998960520092466,0.01739857134239603,-0.009083229202095255,-0.015606414479849617,-0.0002728701802048872,-0.0015705953675388962,0.0029481146897644694,0.022212288406311897,0.0,0.0001697386467367501,-0.01591423665002456,0.00682111659387985,-0.015569461542843333,-0.0048860896811877,0.029065266246076416,0.027884957174811098,0.01756932566515157,-0.004596251627730974,-0.009472282414132227,-0.010527402206659098,0.000675564031155873,0.01017442959952658,-0.025674315040733975,-0.008413956367310071,0.005501300654732366,0.030656551830197554,-0.008263423912888923,-9.714581466802041e-05,-0.004808002509206377,0.012851390354634173,0.015163550721155439,0.010775041919756034,0.023288512172919273,0.0,0.0,0.017188380162144357,0.02864329038488206,0.039968836903752136,0.0,0.0,0.0,0.001384626524598087,-0.0004096950862596538,0.001035581556804388,0.0,-0.010199450145298217,0.0,-0.004112770806587285,0.0031231944196614125,0.0,0.019104992103374185,0.015974377548283625,0.0038838995523308717,0.0138591030382611,0.0,-0.003353810628290599,-0.003449399895950611,0.03789863150812972,0.01425600151092804,0.007133370635839409,0.02284413215721437,0.02495986204950168,-0.0006883093228582937,0.0034322419833079376,-0.01337116224350271,0.0,0.008854699024301693
0.0,-0.017276525258487774,0.0003087566717724921,0.005994445583134167,0.015361300947622114,0.030157814497928315,0.03453396456689173,0.0026700812092735893,0.0010388411184782953,-0.003647920390837167,0.01178823984429822,0.008491503497743913,0.03354640820532734,-0.009426617347351729,-1.1102230246251565e-16,0.0003728979617105832,0.003159917910014187,0.0001697386467367501,0.0,-0.0008237444623628853,-0.0010853280334533477,-0.011638729710615137,-0.0022883385024813907,0.008951706683684113,-0.006595976500435807,-0.004293789417952998,0.03585772657560388,0.025455372938807397,0.011355050729627614,-0.002968553896411985,0.03602442947080414,0.0076928478344537865,-0.03388666034853116,0.033099386473345704,0.0012883218929250484,0.0109780409982837,0.008920262079669339,0.010231477765667574,0.048167046032337346,7.535109859163613e-05,0.037229971064437484,-0.025602898789542528,0.05185696956732533,-0.013854062774662501,3.094131208125628e-05,0.0,0.0,0.019827352520237373,-5.551115123125783e-17,0.020891000633069534,0.00860754264109187,0.007027169757927831,0.009994705412135652,0.004701178947013274,0.0002527256235210218,0.08754206174093226,-0.0037453765424297902,0.012157628581172975,-0.011667991472984474,2.220446049250313e-16,0.0,0.0,0.0,0.03782233289027548,-0.00010904693282465239,0.0,-0.0002866692408407534,0.012122560534428395,0.0,0.0,-5.551115123125783e-17,-0.0011192866725124873,0.005026149572135541,-0.006534751206356104,-0.00037594565348186837,-0.008312572218303504
-0.00827084618250662,-0.020795790644196677,0.0077275325192638356,0.011770300382963783,-0.002630370707968621,-0.02520367647042593,-0.008575585060138335,-0.029775172293442786,-0.010237356228784078,-0.03254237380992303,0.00013557000518887863,0.004055208515954756,-0.02060809221728932,-0.007832209147881686,0.015414551730441761,-0.03125802330200128,-0.030765093615053363,-0.01591423665002456,-0.0008237444623628853,0.0,-0.017427786939783807,-0.0006666827113536722,-0.0002614809605085977,0.01908732357731474,-0.008124620137240746,-0.011740865106091125,0.0076198694326761185,-0.029702423311264603,-0.017787859446436793,-0.0290959163172424,-0.01541706201589893,-0.03238172066157102,-0.03321581784046279,-0.02577095508152405,-0.02105013562004565,-0.01842169552338202,-0.01011635653717996,0.017871398491026258,-0.004047544562976291,0.05399987695453562,-0.011887937157489425,-0.0013455294016183061,-0.009282113668912295,-0.010046712397602298,0.00020441065451726192,0.001253527323773873,0.0061595128820214895,0.012091114577565065,0.0,0.0,0.006682696271979205,0.0067637883535404675,-0.05231167798449393,0.013117653631899762,-0.00023039251375789327,1.1102230246251565e-16,-0.005388445713515211,-0.011837996883180546,-1.1102230246251565e-16,-0.015976463756855186,0.0029799510324616807,3.343868720478982e-05,0.021315847865024384,0.0,-0.014939386119604658,-0.013607353285253976,-0.01367828965012724,-0.013378702734450354,0.0,0.015369998693951503,0.003101146342443184,-0.008195568215160431,-0.003255762235514603,-0.005563137430564358,0.013120205173589639,-0.0181365212848959
-0.026796256017036613,0.028460342856662435,-0.022215624077491336,-0.00011209583282834057,-0.009786571977172365,-0.016045937487693285,0.0005449872496102182,-0.003568218409641055,-0.015336855444151254,0.01215111702964533,0.01767421244223555,-0.00656054177915405,-0.0035397337601897894,-0.016497120083812877,-0.01054279856916246,0.008018386101760255,-0.023334868881070503,0.00682111659387985,-0.0010853280334533477,-0.017427786939783807,0.0,-0.008877093696655125,-0.0026808561614040105,-0.01676230571604892,0.027073324111576202,0.0164503287742791,-0.008816311410428823,-0.0008018704077887295,-0.0008573895137461429,0.008049961604619071,-0.0001653602312519653,-0.008047756566122333,-0.0028191890600399727,-0.0029717228288103636,0.005168603102340852,0.044074898333643475,-0.005719048780927272,-0.019688876188442783,0.002412208245320069,0.01236636972837074,0.009749136839019734,0.00805206831379568,-0.025777905186412597,0.0,0.0,0.030827145575415216,0.025834045379110937,0.020274237482123814,0.0,0.0,0.029505512194718864,0.00823368987690093,-0.03669063324966021,0.012338481747557029,0.0044267544534100645,0.0,0.009216823345148117,0.01384096372039123,5.551115123125783e-17,0.015405689015853319,0.014039419806663012,0.0,-0.006182446073957959,0.0,-0.0001422399412922548,0.029169528735355887,0.01798262004421869,0.01242457841646416,0.002830810710497844,0.023348116839023436,0.01248195874419017,0.008837963439142005,0.01357376185414183,0.03463298123878772,-0.008633813833557269,-0.0013337280748603186
0.01444995901759727,-0.0005594594261958963,0.004491073417465852,-0.006518907838773347,-0.031914794780888545,-0.020220174344500186,-0.005313767578864648,-0.007609817695817478,-0.03381669514803343,-0.008621695051296507,0.0058514699793674185,0.004517096418380273,-0.011525640270432291,0.0002559446513121233,0.01477081186371354,-0.02457674112455005,-0.020025188746096878,-0.015569461542843333,-0.011638729710615137,-0.0006666827113536722,-0.008877093696655125,0.0,-0.013652514994155429,0.05648340611560693,0.0008697689628859862,0.008561484763963345,-0.009007099107624317,-0.014136883050365978,-0.03763138883441741,-0.040591363420393434,-0.013521219582078081,-0.02445226590060795,-0.021942727123972494,-0.020289043205944768,-0.013899554582467277,0.0016415002559620473,-0.013988413189086057,-0.005024386644796597,0.0037046284996815615,0.024475982839241073,0.016964173068425292,0.011344786771302573,-0.055372539684177546,-0.010580063954519492,-0.00024443678054908435,0.006709672390169341,0.01548839499130622,8.174455283210813e-05,-8.864613648351671e-06,-2.72539368667557e-06,0.010799121568182246,-0.00244899284393274,0.01260201187591814,0.00231249802973027,0.0014795379294385569,0.0,-0.007323276734360118,-0.00016106557205253225,0.0,0.004069087777931524,0.01686637398134444,0.004137499731260708,0.02823212416826576,0.0,-0.01915482006009106,0.0045956931655978805,0.012374841147483828,-0.0037370263063371545,-0.005599615637754962,0.026080932131146484,0.009501075145034454,0.010478169092170198,0.018576639686836927,-0.004139521113093181,0.010898609898348344,0.0042521844178151635
-0.026539384727268966,-0.006150559458747207,-0.014150299825691548,-0.00022686333719318386,-0.0009677466127645529,-0.017136609111549295,0.009027874103044897,0.0015738176977923013,-0.010463430106259552,-0.01045956667570741,-0.022552888746567468,0.011654976286041563,0.0010978682360615055,-0.012858862804262405,-0.02047664187995485,0.002795621417077232,-0.0025208517272017894,-0.0048860896811877,-0.0022883385024813907,-0.0002614809605085977,-0.0026808561614040105,-0.013652514994155429,0.0,-0.019498622502952423,0.0037568245691028124,-0.003403863284628106,-0.0050546173562231456,-0.0135512863470435,-0.02019160334103942,-0.006366912170854777,-0.0012703653359186773,-0.018765116442772678,-0.03140403008464332,-0.013803220507468017,-0.0023111786553678404,0.003865372634291875,-0.011592400857812712,0.017232845922553253,0.023387181167002502,0.019281600670758958,0.030497648605860017,0.04396073702897385,0.03850301109067161,-0.03721837810125811,-0.0029636328340092444,-0.018113948774962696,0.012417112323483082,0.014472230355934035,-0.005183284256285892,0.026931484829264163,0.018513326681701914,0.02457931469790725,0.007384343155025119,0.02938599585333923,0.001055025366175466,0.06824603017447428,-0.000765795639828204,0.020307071141503485,0.019127001183261216,0.0037443858961228593,0.003311947972617857,-8.134330473019702e-05,0.012094184345971648,0.08701378854968078,0.004651209513594712,0.012200375998207558,0.004039967109546405,0.029712182682531285,-0.0003134809009290862,0.01720171362111722,0.00750975639585455,0.009690552028049582,0.01907348734303349,0.030298698937187563,0.014781969143526974,0.02596298750073267
-0.03158493361670456,0.008448029527977796,0.022501730422036126,0.002647285358642615,0.009302734091915066,0.007585457294483233,0.006948327403127896,-0.012130905801230996,0.01850408573872031,-0.03580881882175835,0.013762595641938324,-0.02966826403415085,-0.0011342107157417125,-0.009392806859427172,-0.031342465470824366,-0.001955603722986976,0.012625976325090826,0.029065266246076416,0.008951706683684113,0.01908732357731474,-0.01676230571604892,0.05648340611560693,-0.019498622502952423,0.0,0.024197819699309953,-0.01089052715479466,-0.021940220084023854,0.030744297193957604,0.00230319981273569,-0.004749380544827375,-0.014398395727658664,0.018057266951470585,0.0012012262385777128,0.010137996115960612,0.06537719084550753,0.021784129695980425,-0.011470655834561638,-0.019941971978196388,0.027380225898668342,0.03567381445722517,0.050779778596707514,0.05007887607168254,0.008275000485047757,-0.0017188109874596846,-0.028493769399835,-0.00306539027650643,0.015304325112669603,0.0,-5.551115123125783e-17,0.00032129115140988596,-0.00034656436318303285,0.00027531506416106355,-1.6653345369377348e-16,-0.0005723526606902785,0.009157137542356586,-0.00042105425255867246,-0.00022364343722247604,0.007324652951690547,0.0,0.0012258019311048307,0.01261359012758878,-0.00024970676784435986,0.018793887829721245,-3.915336894666499e-05,0.0005598440848844088,-0.025510846177411728,-0.0002651938361187822,0.0009877616272642165,-0.035870304808272135,0.020680024199295266,0.004771907185601998,0.0010310054484077291,-0.003230786002728081,0.010431395043622671,0.0,0.010041042956932256
0.019352391190304796,-7.144164607558734e-05,-0.027713847601035346,-0.0002494372572088288,-0.03725354214045673,-0.014546449089557767,-0.022190263915861652,0.02903657434298812,-0.03351389155572976,0.009892021810543994,0.0029807505666227807,-0.0043892982786382095,-0.020387057064233716,-0.007730159203690967,0.006646274505829719,0.003028566469354621,0.022822501094853676,0.027884957174811098,-0.006595976500435807,-0.008124620137240746,0.027073324111576202,0.0008697689628859862,0.0037568245691028124,0.024197819699309953,0.0,0.015675131577382317,-0.011330615156969481,-0.010186953371813967,-0.0076722433340055685,-0.003710119285337654,0.0022881644906664333,-0.020299096601456623,0.002017551623899383,-0.0047788879064374346,0.021723044775723066,-0.042525409729030295,0.0021240350402108588,0.0038785512074224204,0.016894842075608874,0.025108879800202766,0.019713145998103587,0.0226703565416006,-0.004746469083558136,-5.551115123125783e-17,-0.02028181405679469,0.03275858887532235,0.05204327833857525,5.551115123125783e-17,0.0,2.220446049250313e-16,0.0067711548269348,0.004209141642234127,0.009501676357446531,-0.0012446036509133895,-0.0029958560086930097,0.0007273552973923181,-0.006066235428981437,0.0073010893111025155,0.0,0.028674942001365056,0.022144830034668106,0.006001918570259113,0.020571140172273628,0.0,-5.432305002878168e-05,0.032365548359233276,0.0412430332882443,0.015248386171103134,0.0037014394773139947,0.03264816275669802,0.0314853933993387,0.024723374279019106,-0.010123735934306377,0.013672987776708778,0.0,0.01564308206912679
0.007771131208464066,0.01414550407518117,-0.03412724352891777,0.0026773835194479068,-0.013663406911356701,-0.027813688614994225,-0.02823932078022351,0.009896077738648312,-0.04687625296031378,-0.0034645057641952692,0.007706979285693583,-0.002971147834557708,-0.02054801681888896,-0.01034488744513562,0.007547376491918556,0.014101376423887313,0.007898165204817731,0.01756932566515157,-0.004293789417952998,-0.011740865106091125,0.0164503287742791,0.008561484763963345,-0.003403863284628106,-0.01089052715479466,0.015675131577382317,0.0,-0.014841298547468462,-0.011315308404107383,-0.015220263762995567,-0.045048271103920456,0.00043241992130593765,-0.013539224801372818,0.001049875920669241,-0.005872430663728723,0.011078392751322885,-0.10025184528512454,0.007595246446003456,-0.009255711990199422,0.01450059766635664,0.026786630689297097,0.02327604154277535,0.01698929214234357,0.022355159082414255,7.64489754386255e-05,-0.002210972173704251,0.024143959172732044,0.03734076415823229,0.01087980356347712,0.0,6.371965969753646e-06,0.006502282600759135,0.0001817232445436301,0.02544944896507617,0.008746186689715052,-0.003254867749522883,0.0,-0.004226661389968189,-0.01690187753233291,0.0,0.020926444055977877,0.024111775421383985,0.005544092553942281,0.01624414975478955,0.0,0.0070407650991179405,0.024578884602914464,0.025798215966536253,0.013892723135244811,-0.017851652925454542,0.027169020862263638,0.0318249353948154,0.033590828069267,0.00646696389948026,0.00464622171356921,0.0009990084241683905,0.024264632705943867
