0.0,0.8547870188807327,0.3897777785605526,0.0,0.4873411725069984,0.454387500960596,0.4461085532724386,0.572091615534357,0.6224356414142296,0.6404379634440251,0.4282388563345273,0.4832612076495912,0.6255069828323014,0.36681720462835904,0.40019329103235013,0.8158933264671065,0.4979614069492325,0.7465259453925042,0.0,0.579120710362389,0.30002032563781733,0.7247663227986334,0.4195036632259894,0.44488663299217346,0.6548169467567226,0.7746875022460364,0.45953505357120694,0.5572962880242952,0.6208465859978347,0.28685565698219606,0.6647846034412522,0.5207535707651829,0.44710214122434544,0.49361983857248415,0.6589364779206708,0.6577209701770266,0.45868014721403916,0.38951489357464697,0.668202354208943,0.9734413353035702,0.7237523295011006,0.6199278648635365,0.4757022159461106,0.0,0.45088355624500687,0.7317994879454943,1.000352305360221,0.0,0.0,0.0,0.4451434009945549,0.0,0.6416105124208495,0.0,0.4393717920893311,0.0,0.6624833304095255,0.8198852158089556,0.0,0.6443142648439528,0.8561161213667166,0.6093183343098489,0.7749125147792818,0.0,0.7274617649880055,0.7212187209235883,0.8842834982666494,0.613445335530389,0.7875896832103073,1.005847255548558,0.9733265661877555,0.7390248675400196,0.45812310656811706,0.8232995757125897,0.0,0.7344231186713861
0.8547870188807327,0.0,0.5147131148396702,0.4077179511507113,0.3286706114302721,0.3853114182276031,0.4273477664178481,0.8914372461542734,0.277601748413338,0.37666937132353573,0.5368711130474433,0.4879232647051661,0.4558275543707933,0.36891448876775046,0.7225883493848073,0.7183923919055029,0.42181003123735006,0.6630888595746411,0.4631174394536603,0.40710822265620017,0.82732518266461,0.6635561861114974,0.6303188939465194,0.5623833318292816,0.5477101104473416,0.6263117742422257,0.5045582099806885,0.5316097701076032,0.42786550147622776,0.5101857432513983,0.5716937485762188,0.47841365902121114,0.4413409238774878,0.5187401824831753,0.705421204954062,0.5889835957093148,0.033280566855179966,0.0,0.6747868032414701,0.9806222695454152,0.6900534835443579,0.8646021616561294,0.6220782648267346,0.0,0.0,0.9262044502455338,0.8937984457697852,-0.032062951782737485,0.0,0.0,0.7133575032043662,0.7507046057956472,0.6595435369787099,0.8088532966656298,0.634498476777674,0.0,0.5853507822085979,0.7027473724148827,0.0,0.8148934685990145,0.8110217059520044,0.6092632421845279,0.8068645278305097,0.0,0.6855380470702797,0.8712030255217988,0.9236653049362216,0.7748832771707221,0.5703959644870236,0.8926903833666965,0.9289915928426338,0.7849406465109723,0.6122904747664819,0.749703047456689,0.0,0.8369608494569734
0.3897777785605526,0.5147131148396702,0.0,0.5774682698739253,0.7135502969002097,0.5394798874526885,0.6635975003599086,0.6134920484102594,0.6581125036681762,0.6222953799123374,0.6092837959531742,0.9164661202972045,0.6888129295323585,0.5058770087677509,0.5493688624453693,0.5266495364589316,0.7432332143956613,0.6701163146158995,0.5659705301279152,0.506418976059819,0.4138814642745784,0.6680384288490384,0.4891243247962465,0.6895811425473866,0.40818768496687097,0.30951985381944985,0.6280567206031302,0.6967749965029801,0.46614326269083745,0.822966116365238,0.7692663063195939,0.5606478760732567,0.5240253237616714,0.7604774343931358,0.4784214280895128,0.5736782603732105,0.5877720920022709,0.6537031570584255,0.6779804665898678,0.4938972362661185,0.6626032114311656,0.3871069382736172,0.5223624758918174,0.024328647796805547,0.0,0.0,0.4111646830705221,0.30843764932923035,0.47260531425112506,0.5220135031099429,0.6380330170476611,0.6898811604221032,0.685481595566169,0.7351112930342061,0.397280209083554,0.4847079188071179,0.6951990670668666,0.6831855934810345,0.4952801614208827,0.39880711306727334,0.0,0.0,0.0,0.30873830252553236,0.7797897903130427,0.4993102756565254,0.3085647653223839,0.7347795879171153,0.0,0.554382068290407,0.6882776583962912,0.7355893201259174,0.5857369375677882,0.5713491635485618,0.5122868816448377,0.5935651157450532
0.0,0.4077179511507113,0.5774682698739253,0.0,0.29584572584052243,0.5272966138787862,0.44122593630734974,0.5668181080898593,0.7823246582916246,0.17058018472126302,0.5711697249780507,0.5795375390733681,0.4308960417516697,0.43388451583184695,0.6537095726911889,0.2640331420994714,0.505035392217513,0.4729890716121548,0.617148895584597,0.6900845697865318,0.447077465881463,0.5205899176389064,0.6583181906395489,0.3767196598091013,0.7919901631836841,0.6083658363514481,0.4398247465812476,0.5999338941276335,0.47873043195445963,0.5502093442523688,0.5641848157685199,0.24739329501129054,0.4546304144522805,0.15562598046858694,0.8082606078258726,0.35626203807937995,0.012550862374465843,0.2756843557334159,0.14136728397872095,0.37430409078055915,0.5219802822341734,0.27575293159471226,0.2896223038879612,-0.04880922352520073,0.0,0.0,0.0,0.46168717893502986,0.0,0.0,0.6838807885145308,0.0,0.4700755009563461,0.37481159263661135,0.0,0.2602073640916515,0.462929760752889,0.4838894430165737,0.0,0.0,0.0,0.0,0.0,0.0,0.0,0.0,0.4730027948114367,0.7760464749749175,0.0,0.0,0.0,0.5347665453365897,0.4491545951306456,0.6973539811709115,0.0,0.0
0.4873411725069984,0.3286706114302721,0.7135502969002097,0.29584572584052243,0.0,0.42940883059709467,0.38553851365691194,0.4809542390100069,0.28982377396975695,0.6183066233963119,0.4640064455184527,0.5517342183981541,0.5654186778299248,0.5355106106447578,0.5466297125699828,0.5699441264902633,0.6087480316196657,0.9610299143562928,0.7219715598851617,0.5859902422359718,0.5603556164920378,0.35364980207599106,0.5458637094613047,0.6007592688775061,0.35353286894736086,0.4763361545750182,0.5628414774946802,0.7604129691317383,0.7443976221012923,0.48659470977253905,0.7792534268384541,0.2624623504585378,0.5118273080127794,0.8667391943127629,0.5017614490165903,0.3360475941696549,0.6790719332571036,0.6333205910064441,0.6639246520087467,0.3714647132095579,0.6197863193933966,0.5189521293159614,0.5445702369485246,0.42041262042778094,0.3707381974276104,0.0,0.3666919127257712,0.6822405924603703,0.0,0.5776429557397065,0.6336385813953409,0.7152616814243522,0.5041948141277981,0.6733501095533486,0.0,0.3223398468861982,0.4048751294207066,0.7403993630013461,0.5335096286821341,0.48768721410219995,0.5107367755539547,0.0,0.0,0.741562023618057,0.5747293681726846,0.44935863061465964,0.7377412798288548,0.8020179821693307,0.0,0.4937001896379267,0.701178204626394,0.5783767910567679,0.6682307488937475,0.5668040831398599,0.0,0.5921548554763114
0.454387500960596,0.3853114182276031,0.5394798874526885,0.5272966138787862,0.42940883059709467,0.0,0.6371264876472571,0.546657296585167,0.42171236064996165,0.4468602759200185,0.8239315880847728,0.6399750000565892,0.536174951241464,0.5164167441026745,0.43636521253085847,0.5701532599555467,0.17167343865323448,0.6121627214220013,0.8176242181766938,0.35402129603908356,0.4874222377038029,0.36733630396344275,0.4652984022373048,0.5111769677624489,0.47967489906197514,0.4737876282852095,0.5078894093375548,0.6697458016578836,0.5118477446528864,0.5832425262391795,0.7827085640318752,0.3765743654470912,0.5233017420837932,0.6767451032276565,0.5262346888049831,0.6706493321528104,0.54494756534335,0.3764822839566208,0.7186217613665545,0.37149569847144415,0.7232310713366825,0.5263390410336692,0.8290754383817766,0.45265080222946963,0.30948767959661533,0.45553627899319704,0.6428969895147255,0.7139325055212757,0.6912049450116609,0.514240792900406,0.6694040039573999,0.7423840632565182,0.6251410921465246,0.7758590526155824,0.5118215356074549,0.7311415750600936,0.28072678237551485,0.7135105641840007,0.6345483447165137,0.5935128257769552,0.5187396470453453,0.0,0.6330609918663288,0.6936380949152298,0.573160510895806,0.4181380033919317,0.6567731214865543,0.7139218594904763,0.49760993234852263,0.6042625547846612,0.5978486301880145,0.6272252204969321,0.619208291932141,0.8008044392431372,0.5623012974754626,0.6964120369850391
0.4461085532724386,0.4273477664178481,0.6635975003599086,0.44122593630734974,0.38553851365691194,0.6371264876472571,0.0,0.6901846317048232,0.7528226796276685,0.44684711723004317,0.7862492758195241,0.41002127245916553,0.6622217506936128,0.4946143925328051,0.5854036178795603,0.5393755728378491,0.5676390362746174,0.5124586917322488,0.7567148978417322,0.5174481719230175,0.5224564513719778,0.536859444142604,0.6674510950050966,0.6204475263162812,0.4580068141614304,0.4647780516787476,0.5135877709543478,0.7495288119823447,0.719823719668605,0.5599603090188966,0.6067909377529853,0.5634557291022699,0.305039838077011,0.6312068052766867,0.20202775499387735,0.6127569177723708,0.3662218759086857,0.5010114183763851,0.8071716224364265,0.3711603568197435,0.6106296139359442,0.7911912595524752,0.671814157093925,0.4701182046366857,0.39462738894836025,0.0,0.5753930555460726,0.5631544666887338,0.0,0.6419857786764097,0.7224206774844872,0.7388710221932566,0.6471958235257811,0.8116805282415529,0.6801371478761058,0.7944700755284828,0.5403243933197606,0.6634228412686266,0.5000564302874014,0.4724201614071318,0.5533233568469867,0.0,0.5057648330541733,0.7901457402129963,0.7932728722399649,0.7320649141104583,0.7099086536175986,0.754951398288919,0.4632329711166036,0.6794195902976972,0.599648335943337,0.6465598470905836,0.7039769441469486,0.6547116273209947,0.7586099206401529,0.645991733976099
0.572091615534357,0.8914372461542734,0.6134920484102594,0.5668181080898593,0.4809542390100069,0.546657296585167,0.6901846317048232,0.0,0.6730965436726428,0.49907152826803547,0.12808028905647292,0.6408672173134538,0.7321118338607429,0.5365536352846987,0.6214660712492699,0.8638411353831585,0.44089215107426005,0.6703646027461121,0.6275598273860866,0.3217647525190025,0.5475108633158613,0.5376729150077564,0.6281588745284575,0.40930888364026213,0.8083467403878516,0.6972609846967588,0.4679230081363741,0.5938556279517897,0.5206226639750906,0.5655060571598856,0.6978069738146945,0.18037687781965697,0.5994580099674319,0.6068971619900878,0.5372481146710363,0.6012491028530238,0.5384734852842734,0.728438112543665,0.5263471903582999,0.6507004898410118,0.5138177016049412,0.8617495152500303,0.549260256273952,0.590643078422592,0.0,0.6867702818322696,0.36442909028076564,0.7209856362183105,0.0,0.03946080351486703,0.7301272549448277,0.693556515852693,0.6022333075592962,0.767636208163105,0.648828960918228,0.638869188256642,0.9761764072280361,0.7307436978769513,0.6605293993760355,0.6668769544479467,0.4030487308925837,0.0,0.63096293890246,0.7992377764556933,0.7500281820227089,0.7624452758853522,0.44305616172019274,0.7694122862362928,0.0,0.5600075130713903,0.42858856455981464,0.7049277570907344,0.6199586670859738,0.8919030596984454,0.6393413685556538,0.6234316883074061
0.6224356414142296,0.277601748413338,0.6581125036681762,0.7823246582916246,0.28982377396975695,0.42171236064996165,0.7528226796276685,0.6730965436726428,0.0,0.6445369917468567,0.3994942413437199,0.653604015183795,0.5097696005360712,0.48266205056946143,0.6855554853949852,0.32759276939873794,0.7019854441930342,0.706899357513218,0.40322457814672463,0.5136178906315065,0.40076578479360137,0.31438515396563105,0.5394568888663366,0.7743197366170287,0.35139987961987795,0.35333591210164916,0.5875572815917448,0.7863348698436687,0.3006679023651169,0.7683409679825924,0.8291579187884819,0.7054264660207498,0.6207691316373369,0.8522586374207975,0.6547900539643933,0.6634197906459625,0.7321494555445431,0.7801501734082668,0.594858405598412,0.4762575166080866,0.48715444050144074,0.1958005659480716,0.6397479153230401,0.5433866100444984,0.41881142048555153,0.0,0.5021852760324141,0.7212765932120483,0.4686418174972157,0.7725885847179361,0.7581103886128123,0.8387709983720877,0.7366136563437177,0.6965757666191215,0.4048509305989701,0.7419277663441476,0.33843561702527813,0.6910892475749238,0.6161708247896266,0.6457630726507817,0.712215752762646,0.0,0.0,0.7091372499270621,0.7899860364861416,0.8693493315077376,0.7894400377427905,0.7217276087937616,0.41601998801450557,0.4961526863069178,0.331366014400013,0.6473479655820775,0.6757754073476196,0.6696344859091179,0.4204438352679877,0.7831781729535254
0.6404379634440251,0.37666937132353573,0.6222953799123374,0.17058018472126302,0.6183066233963119,0.4468602759200185,0.44684711723004317,0.49907152826803547,0.6445369917468567,0.0,0.6726156717018213,0.6132545905231713,0.43752707138723385,0.7610866436036146,0.6744985770256696,0.4615588610687754,0.6961565563243646,0.6308427486402653,0.5993547023569958,0.2467603146608973,0.7632348015409355,0.4618754064353908,0.4641803819345611,0.22838875957628957,0.810178348199726,0.6426219368200781,0.13521858210645638,0.3856840138098141,0.10819647468589894,0.3690205129237357,0.44310375471151053,0.6181342412527471,0.5953102844024561,0.3844289001618836,0.8169155031954174,0.47334439709587706,0.4958776108386516,0.42370226292295,0.3634169419682384,0.408431560782481,0.5214004608320373,0.6589589471121975,0.5528279770343273,0.4417110651259133,0.4403569817099948,0.46894431867277286,0.5920520797039311,0.36493521494429154,0.45800901183835874,0.45754424404348226,0.5539535738553377,0.5071339757034217,0.7427885079254077,0.29288411191769204,0.551131358163789,0.44240093497639094,0.5321769465716106,0.790702129238583,0.0,0.5817367834665146,0.6104647534301787,0.6121515311568128,0.8484194483006884,0.4837321005056689,0.48727802493681815,0.7091906801799219,0.5424084535838672,0.6852570358652048,0.44215126603900884,0.7482256700226513,0.6373164109461513,0.6561161682844168,0.5701058466305979,0.7398855756842849,0.0,0.6695758486223261
0.4282388563345273,0.5368711130474433,0.6092837959531742,0.5711697249780507,0.4640064455184527,0.8239315880847728,0.7862492758195241,0.12808028905647292,0.3994942413437199,0.6726156717018213,0.0,0.617744205283068,0.7349338388987878,0.5570824751918135,0.0,0.4888274842839768,0.599564461861667,0.7698629864928257,0.6402555267428927,0.5113498998945367,0.6957728103616809,0.4633743572241108,0.4015165157610939,0.678785397126078,0.6265958646450575,0.6960293955287363,0.7143808888698155,0.7500541118813339,0.527864659421165,0.5396354681696465,0.7350162374617868,0.5591146468882385,0.6001240719577734,0.7872384486855604,0.6787922945906941,0.767649231468296,0.8643859386784247,0.7164209834285662,0.6734123192917809,0.4505629198751069,1.065785950339417,0.5305040515968289,0.7125794470777415,0.35636155940948827,0.36111399165202535,0.0,0.0,0.8373404442727245,0.48454993810737534,0.10459057750970643,0.6124416994782267,0.6826756754745642,0.6940758341232405,0.8602985908279294,0.5547615462510578,0.3924136426312854,0.5651596445574776,0.8335914853980328,0.644159492644431,0.0,0.0,0.0,0.0,0.3129783513584311,0.6117101767261381,0.0,0.5695668042147957,0.7459424048047512,0.0,0.0,0.9758289291961213,0.7200918906580378,0.5590292201073404,0.2881482617529138,0.0,0.791651444054967
0.4832612076495912,0.4879232647051661,0.9164661202972045,0.5795375390733681,0.5517342183981541,0.6399750000565892,0.41002127245916553,0.6408672173134538,0.653604015183795,0.6132545905231713,0.617744205283068,0.0,0.3742186597078587,0.3010813685904966,0.43670118422745974,0.6838741984100798,0.6174687546705044,0.6286812484968995,0.731902191238619,0.505757024437029,0.587232194030279,0.49210381491409877,0.5847332249279413,0.19107528302123758,0.6293139141884971,0.5038573848422873,0.6385090299394045,0.40502182668734266,0.5271301707328321,0.28249669203807526,0.2521054694584568,0.3207113427265974,0.5151256072294966,0.4525107053886881,0.7417654363596078,0.33315051641942106,0.6479054066891863,0.12743855236144377,0.2984795752247349,0.38179226796006815,0.4456263036732956,0.24203078183118734,0.38058979171508395,0.40232577912535705,0.4180745254447643,0.27776181505987946,0.5518685948412118,0.43198246022484577,0.21443487455949226,0.21449737510844036,0.5011199546499742,0.4335437179712059,0.3870718924981469,0.5161328180046214,0.5314076241162002,0.25808498057075374,0.651701247531852,0.5969796007810535,0.5730552644856131,0.5502357000481832,0.6285267987477351,0.5658859996767623,0.8158718516178689,0.3519493471719891,0.9285857145441032,0.8583481425560475,0.6357187510649944,0.3744000643894936,0.25588818374781663,0.7136595323902355,0.5623509727669692,0.25258224494402814,0.6238336830608087,0.5784862128663941,0.0,0.6591193231975749
0.6255069828323014,0.4558275543707933,0.6888129295323585,0.4308960417516697,0.5654186778299248,0.536174951241464,0.6622217506936128,0.7321118338607429,0.5097696005360712,0.43752707138723385,0.7349338388987878,0.3742186597078587,0.0,0.5192885177010824,0.5835717558408754,0.541757578144116,0.5007660911606848,0.5538865616987801,0.7741024814280578,0.4833703878968563,0.5609915118792825,0.5066755000652723,0.667282823607926,0.4623900565555369,0.5285153098916171,0.5236060346846447,0.5081106826742292,0.6413565314916951,0.6278362978443006,0.3181994575070178,0.3258858946815917,0.4894361706706894,0.3376303044981984,0.6241547935377807,0.07609940874476306,0.4238763924981913,0.4061847863275184,0.4467141351855022,0.41790073436928643,0.45801087476710467,0.6979292762564866,0.17533678666272845,0.7405632978084886,0.01410646500338944,0.4791802587739468,0.7316870904688266,0.7775626158113735,0.8240230918185965,0.0,0.7400844459437244,0.7505031737237216,0.7785583997778969,0.6266825341524439,0.8672429659744547,0.5586934734075736,0.6915758163025835,0.5657568420798701,0.767126729583042,0.27913542198715147,0.6588609839551218,0.531462529644796,0.4790386941001301,0.5615046203954905,0.8570913922731298,0.6373570516039335,0.7675825962708679,0.820110727668254,0.7995483987465348,0.6131130170343522,0.645293263080444,0.5998549955862822,0.7133618392076264,0.7383769246093241,0.7710209617023233,0.5231330128173072,0.7117931195126754
0.36681720462835904,0.36891448876775046,0.5058770087677509,0.43388451583184695,0.5355106106447578,0.5164167441026745,0.4946143925328051,0.5365536352846987,0.48266205056946143,0.7610866436036146,0.5570824751918135,0.3010813685904966,0.5192885177010824,0.0,0.48174426191760755,0.5612021127116703,0.50417372786007,0.44571266774485085,0.5711764387419949,0.3585019685693277,0.42049887155303667,0.2808355377089424,0.5422332260692488,0.5924927400097912,0.3836121054494555,0.409706486035364,0.4454041793090008,0.8222357501674702,0.45669187740552436,0.5941001975422686,0.6648789404894259,0.2032224364829771,0.31767608291726623,0.9458894771704375,0.6071915825332591,0.25471971109957137,0.08245261686405855,0.4120726965735746,0.6242572262576279,0.0,0.666660947966005,0.679178117877453,0.7363484770178511,0.47198363757403716,0.0,0.0,0.0,0.6443328412785148,0.0,0.7793242472630255,0.5280600430579864,0.581669933859204,0.6744303337340587,0.6183100316204597,0.0,0.6426144932021698,0.3853365345117808,0.6945127817834411,0.5051543234086251,0.0,0.0,0.0,0.0,0.40434168812484916,0.0,0.0,0.0,0.6347099727333108,0.0,0.0,0.0,0.41594563020248454,0.9223640584224329,0.0,0.0,0.0
0.40019329103235013,0.7225883493848073,0.5493688624453693,0.6537095726911889,0.5466297125699828,0.43636521253085847,0.5854036178795603,0.6214660712492699,0.6855554853949852,0.6744985770256696,0.0,0.43670118422745974,0.5835717558408754,0.48174426191760755,0.0,0.6106334814121871,0.22889939871637655,0.5548186160444051,0.0,0.7609435944754027,0.4577167936835064,0.7443295253847526,0.5176581429604793,0.33118152494842057,0.6040849783137121,0.6708102630247403,0.5310144254792195,0.42010579936269,0.4297576769394031,0.5077608548271468,0.4959414383392744,0.3656157136938647,0.5023135904633433,0.44411230111402084,0.4729150274608947,0.5750943319152302,0.5166866911459534,0.38422824997783966,0.5971319674182136,0.874579491805031,0.774941045448582,0.5977470546922782,0.20765803891775286,0.3908333424820293,0.0,0.8139096464228623,0.7898664763627468,0.4934140554527555,0.0,0.0,0.6728085742548627,0.8266587621142456,0.6391640070801092,0.6143676600061383,0.0,0.0,0.5736297775090109,0.7533113011489644,0.48185479455674074,0.894101580981477,0.6859193356392767,0.5443341208938706,0.8500623566549901,0.0,0.8002080951593971,0.6363360869579795,0.890914450456078,0.8088924982949353,0.48350657160065696,0.8715438184736406,0.6545479274948084,0.7385093002467698,0.5463917451824166,0.6389522896813731,0.6188907517841271,0.6332342360696153
0.8158933264671065,0.7183923919055029,0.5266495364589316,0.2640331420994714,0.5699441264902633,0.5701532599555467,0.5393755728378491,0.8638411353831585,0.32759276939873794,0.4615588610687754,0.4888274842839768,0.6838741984100798,0.541757578144116,0.5612021127116703,0.6106334814121871,0.0,0.5685325706309663,0.7482001107214624,0.5158196502468954,0.33622543358009616,0.7510408833225534,0.44454526400495514,0.7293961839729124,0.6266077689821676,0.6909790318546092,0.8034919061483422,0.6220630290823104,0.5317964821960685,0.37572233112025516,0.49341323410354215,0.5856200959795773,0.3413993980835863,0.30703821179037066,0.4753533363032034,0.7517867522965012,0.45731340418247235,0.6329188660158485,0.7061319295034727,0.7822873881432336,0.8425277884026228,0.7255679985502353,0.6740796859690139,0.46976967229523287,0.0,0.0,0.8214637353218814,0.9408303362321545,0.0,0.0,0.0,0.4603202034525208,0.7736655459185353,1.0929874036812495,0.0,0.5374549564286244,0.0,0.47425159959840946,0.6731526118578697,0.0,0.793642546150759,0.74383214018118,0.5024064349244775,0.7375410112603242,0.0,0.6396424885134475,0.7344993337886762,0.8220290086455257,0.5953993575432065,0.49565270711993886,0.9336158949462043,0.9564524662096174,0.6903734504186587,0.5762988701155746,0.6917764990215678,0.0,0.5257896701510676
0.4979614069492325,0.42181003123735006,0.7432332143956613,0.505035392217513,0.6087480316196657,0.17167343865323448,0.5676390362746174,0.44089215107426005,0.7019854441930342,0.6961565563243646,0.599564461861667,0.6174687546705044,0.5007660911606848,0.50417372786007,0.22889939871637655,0.5685325706309663,0.0,0.8827671021049235,0.7242628082012783,0.2538394936004909,0.3060891706075895,0.4777927099056378,0.5042442233854803,0.7197101997983628,0.8543010385232743,0.650922953556166,0.6622235264475118,0.6442719205045132,0.28925699514545405,0.30560243846913676,0.5719768085600891,0.4177307310060335,0.5663509609876236,0.5763796380225439,0.77816809649595,0.44241893597033677,0.3726724694387789,0.5968709261351264,0.8212127538120422,0.5490398660948936,0.5733209942724409,0.7407024628569482,0.0,0.0,0.3631985155737402,0.8104700750309638,0.6165868072243114,0.0,0.0,0.0,0.0,0.0,0.0,0.0,0.48988233540607506,0.0,0.46936862040147836,0.5353483713625364,0.0,0.6099534502934993,0.4975102030687223,0.565801289738844,0.703621615756769,0.0,0.0,0.0,0.6460224946544795,0.0,0.5687951808291752,0.7642016564513511,0.7330667965838127,0.0,0.5853618076654673,0.47863933978130785,0.0,0.523019894865213
0.7465259453925042,0.6630888595746411,0.6701163146158995,0.4729890716121548,0.9610299143562928,0.6121627214220013,0.5124586917322488,0.6703646027461121,0.706899357513218,0.6308427486402653,0.7698629864928257,0.6286812484968995,0.5538865616987801,0.44571266774485085,0.5548186160444051,0.7482001107214624,0.8827671021049235,0.0,0.595369482667959,0.444368087472442,0.6984127985806481,0.4573929341579903,0.6201599561586937,0.835387810031299,0.9248285621121498,0.7486576714682887,0.6366614811652311,0.5201814620105851,0.4693482304342115,0.5994366602068785,0.6978219203274239,0.3308338525948976,0.5745651434545425,0.724626314925855,0.8123198731318831,0.5118307805823167,0.40550895307346224,0.3589392883201621,0.7518808860190522,0.5957176822722792,0.5771865651698749,0.7354308804877068,0.0,0.0,0.6740645225518451,0.8768622097038337,0.9544687933577172,0.0,0.0,0.0,0.5874486741793955,0.48561357996606874,0.6112903481912972,0.0,0.504111615510528,0.0,0.5248551245374968,0.6600376870542534,0.0,0.7904476984975793,0.7188328177554317,0.5874607576092434,0.6563462074742101,0.0,0.46594596982427183,0.6859072692617467,0.9411516852993945,0.9073177692463772,0.6757643900054355,0.7526828371735077,0.8398896097369153,0.5546282136321476,0.7095871720718728,0.4722301238694336,0.0,0.683711318501321
0.0,0.4631174394536603,0.5659705301279152,0.617148895584597,0.7219715598851617,0.8176242181766938,0.7567148978417322,0.6275598273860866,0.40322457814672463,0.5993547023569958,0.6402555267428927,0.731902191238619,0.7741024814280578,0.5711764387419949,0.0,0.5158196502468954,0.7242628082012783,0.595369482667959,0.0,0.4951063308883683,0.5749152419074978,0.5017506034958719,0.5235901835762652,0.6796651579102009,0.5569016346255827,0.5781811028317967,0.8673524577903939,0.7905855334608811,0.6432062947546553,0.6410532430327499,0.8008145563078743,0.6765470784098693,0.2744304512587095,0.8276782416632928,0.5547539398376795,0.7292080800148077,0.6034138755471423,0.6182955699721178,0.9336569837152552,0.4717697462692734,0.6505766839122156,0.17226489584085145,0.8956937741502358,0.4196624435451509,0.02011964693229263,0.0,0.0,0.7259920235359654,0.0,0.5598477939451483,0.61926873432689,0.6704293584403579,0.6408712421845524,0.6849473678498555,0.6577002316868188,0.8044278422016562,0.5369024064552883,0.6184027979828473,0.4302696886253873,0.0,0.0,0.0,0.0,0.7918111973536783,0.4824088295633365,0.0,0.4513128229062491,0.6944407095733338,0.0,0.0,0.0,0.6263449829617495,0.6772081602164101,0.4120028650313391,0.4628932453856654,0.5396840756043928
0.579120710362389,0.40710822265620017,0.506418976059819,0.6900845697865318,0.5859902422359718,0.35402129603908356,0.5174481719230175,0.3217647525190025,0.5136178906315065,0.2467603146608973,0.5113498998945367,0.505757024437029,0.4833703878968563,0.3585019685693277,0.7609435944754027,0.33622543358009616,0.2538394936004909,0.444368087472442,0.4951063308883683,0.0,0.4644988906991089,0.5976756521261656,0.6443235171354543,0.7134059186874414,0.57296596372289,0.5237096116638291,0.7162142536873537,0.4376942242008843,0.49725754092224134,0.4930697874832203,0.492631649172411,0.2611430089635973,0.2635511354603449,0.4198224905064916,0.46550888703361454,0.6281204813154155,0.45908640085827224,0.825029447909745,0.5107361501391339,1.0107650291099146,0.5124629250505017,0.5231506330981472,0.4666698023843202,0.21983938545295917,0.3545705868388505,0.6674835920817771,0.6621223187050389,0.7067095340504497,0.0,0.0,0.5820686193928422,0.6936283027189744,0.30420752264212575,0.6378077310019268,0.7793126762264111,0.0,0.4728813767667419,0.5344603068300241,0.0,0.5244316784475074,0.5310743817135141,0.47224233827201695,0.8047472973263243,0.0,0.4950451606236092,0.45843893225204435,0.4974893051267063,0.5142476917011536,0.0,0.7266070394511461,0.5483978865779978,0.5283220636850596,0.5030915380978256,0.5437267356755542,0.655496002149004,0.4299148782563334
0.30002032563781733,0.82732518266461,0.4138814642745784,0.447077465881463,0.5603556164920378,0.4874222377038029,0.5224564513719778,0.5475108633158613,0.40076578479360137,0.7632348015409355,0.6957728103616809,0.587232194030279,0.5609915118792825,0.42049887155303667,0.4577167936835064,0.7510408833225534,0.3060891706075895,0.6984127985806481,0.5749152419074978,0.4644988906991089,0.0,0.4944252383098694,0.6037111169341389,0.42292804024596753,0.7126500312569706,0.818355846985056,0.5692148947496796,0.5292050724805685,0.5073921894712985,0.6160162118659732,0.6140382734809662,0.3798260126104057,0.4738420202458206,0.47806977217275115,0.5981736528462405,0.712899718397138,0.4031632849213709,0.40651139657868274,0.5672122669616816,0.6634897360803866,0.5333132523806172,0.5457015756512972,0.4348971773535474,0.0,0.0,0.7084171685482991,0.8265768151593224,0.8152536914762318,0.0,0.0,0.7811252893746637,0.5418098684259032,0.48369350518565035,0.7205908271671181,0.7952336279947514,0.0,0.866990973013409,0.7022722004974349,0.0,0.7146746002320805,0.708975528651348,0.0,0.5525273987847956,0.0,0.6243785166816092,0.7397830634286702,0.8134568122771535,0.6619090377456406,0.6232348545054633,0.6740569053556746,0.8075572187085733,0.6165274782830308,0.6940854537754559,0.8678439701434706,0.4464748661070215,0.36809989706169455
0.7247663227986334,0.6635561861114974,0.6680384288490384,0.5205899176389064,0.35364980207599106,0.36733630396344275,0.536859444142604,0.5376729150077564,0.31438515396563105,0.4618754064353908,0.4633743572241108,0.49210381491409877,0.5066755000652723,0.2808355377089424,0.7443295253847526,0.44454526400495514,0.4777927099056378,0.4573929341579903,0.5017506034958719,0.5976756521261656,0.4944252383098694,0.0,0.6895021101427639,0.728738190952714,0.7174811496230343,0.7637058208313652,0.5082662923125737,0.5795391847563367,0.2830144289538352,0.4464321240378653,0.5510993608547083,0.4085748575754555,0.3800333846504434,0.503969895987257,0.556849265602972,0.6417801774404448,0.6288357067255006,0.4834645843404535,0.5790620270655018,0.7821012087482818,0.6691320479167155,0.6297096192797763,0.12940921098492017,0.2496743453201539,0.40809676128610806,0.6994355430331538,0.7897881596434204,0.6148648162336666,0.47795918804282167,0.4110450503239176,0.7340943246342717,0.6467515276906353,0.7113440753998934,0.7118047773429885,0.45493034752143313,0.0,0.5126394662706276,0.6282724212912958,0.0,0.6934368787641766,0.7230987468739405,0.5865243161111764,0.7756288704473548,0.0,0.4175719382693547,0.6495083618087965,0.7613806419541013,0.5898771137905247,0.6153352532419387,0.7448398297297972,0.6867475883013455,0.6917694278052233,0.7442640405717065,0.5567434162047773,0.5941921968270623,0.6125630559543267
0.4195036632259894,0.6303188939465194,0.4891243247962465,0.6583181906395489,0.5458637094613047,0.4652984022373048,0.6674510950050966,0.6281588745284575,0.5394568888663366,0.4641803819345611,0.4015165157610939,0.5847332249279413,0.667282823607926,0.5422332260692488,0.5176581429604793,0.7293961839729124,0.5042442233854803,0.6201599561586937,0.5235901835762652,0.6443235171354543,0.6037111169341389,0.6895021101427639,0.0,0.4170121899913338,0.6352356229101221,0.5910392072902139,0.5284863323874924,0.48584283622480695,0.44612417821693207,0.554418741470586,0.6156530892264769,0.4535360736946905,0.3593132644388717,0.518351417207436,0.5938270814308444,0.6685946489252208,0.5300207352343621,0.5360735473510538,0.7853618979813289,0.736044662948532,0.7965513624520144,0.9067046327070448,0.847092281716193,0.44008862124225434,0.4919984394580813,0.41673061665601235,0.8152696904523857,0.7479631355345745,0.44838439217225123,0.8178821539800943,0.7500349976541094,0.7698442436341291,0.7123895630901879,0.8075567141005494,0.6347803958950743,0.8897902210561646,0.46322409679251775,0.7112150023878433,0.7272160461157328,0.6977466718222458,0.724692652261786,0.4872780249368168,0.7575331986251055,0.884801622762311,0.6797053846048884,0.7231932267043863,0.7024930627995161,0.8672973695213544,0.35599421449605095,0.7994519419589343,0.7288942334734771,0.6497642203409792,0.6930570613959784,0.8473234483629088,0.7378462137185787,0.7384634496897207
0.44488663299217346,0.5623833318292816,0.6895811425473866,0.3767196598091013,0.6007592688775061,0.5111769677624489,0.6204475263162812,0.40930888364026213,0.7743197366170287,0.22838875957628957,0.678785397126078,0.19107528302123758,0.4623900565555369,0.5924927400097912,0.33118152494842057,0.6266077689821676,0.7197101997983628,0.835387810031299,0.6796651579102009,0.7134059186874414,0.42292804024596753,0.728738190952714,0.4170121899913338,0.0,0.7673535985380602,0.428156896356237,0.38624752115378636,0.8031550278447075,0.6763930134247396,0.7208331888386679,0.517199943238687,0.5748380126771072,0.4956773915286423,0.5251376013481212,0.8300358632519755,0.4656586208087052,0.27538306551838515,0.19381614326873708,0.7856877878995595,0.792334037417449,0.7837045826949554,0.7817512175378276,0.6911517021997655,0.38005294743339424,0.2788461000258322,0.5425984316613113,0.6714307302484502,0.0,0.0,0.48072899778284855,0.5484477538751207,0.39512712015340745,0.0,0.3081421899482579,0.5895203798138144,0.4830607207358044,0.5645847275979894,0.5529599084881626,0.0,0.3850719307334588,0.630332335096691,0.5204071171558541,0.7142371325544152,0.46016358934960105,0.4193410699281382,0.31464571095033717,0.4722618280496005,0.6690512069433509,0.3017852873397411,0.7667229316002543,0.687971717026981,0.4604509806478454,0.6438306016374054,0.9239957103879496,0.0,0.6441862774861375
0.6548169467567226,0.5477101104473416,0.40818768496687097,0.7919901631836841,0.35353286894736086,0.47967489906197514,0.4580068141614304,0.8083467403878516,0.35139987961987795,0.810178348199726,0.6265958646450575,0.6293139141884971,0.5285153098916171,0.3836121054494555,0.6040849783137121,0.6909790318546092,0.8543010385232743,0.9248285621121498,0.5569016346255827,0.57296596372289,0.7126500312569706,0.7174811496230343,0.6352356229101221,0.7673535985380602,0.0,0.5628724650706297,0.5611512732038342,0.5275760904696898,0.48919195551196737,0.46705792659351464,0.6561764671789352,0.27104818068946035,0.6331977656988199,0.49121547501935336,0.7412175635383098,0.2633110010061363,0.6305360718082895,0.508328242615644,0.7732553885623792,0.7084886135344415,0.6966295747223399,0.7650857682395588,0.11702861486116381,0.0,0.26482761571415714,0.9128819614314204,1.033211717579261,0.0,0.0,0.0,0.661002294803692,0.602124099323879,0.7451105816893531,0.3966391228240719,0.521773475872414,0.5033752385189936,0.5480836278439052,0.5237899155995898,0.0,0.7848596702193418,0.7550108912250881,0.5735536029627911,0.7449384837576897,0.0,0.6166390102363537,0.833738932363616,0.9449598755800581,0.6845875415415186,0.6308676823162188,0.8590915212300156,0.8935447007742976,0.6965344136419861,0.5243641374058262,0.5782180573420896,0.0,0.7333060926743499
0.7746875022460364,0.6263117742422257,0.30951985381944985,0.6083658363514481,0.4763361545750182,0.4737876282852095,0.4647780516787476,0.6972609846967588,0.35333591210164916,0.6426219368200781,0.6960293955287363,0.5038573848422873,0.5236060346846447,0.409706486035364,0.6708102630247403,0.8034919061483422,0.650922953556166,0.7486576714682887,0.5781811028317967,0.5237096116638291,0.818355846985056,0.7637058208313652,0.5910392072902139,0.428156896356237,0.5628724650706297,0.0,0.5795426158542564,0.6055803352940924,0.5339675947984717,0.07980911760366524,0.597984677573725,0.5279105844203875,0.6334805799184068,0.519054436509693,0.6720923186026542,-0.061314575389884135,0.6028467789325948,0.3728639123510692,0.7249031707903786,0.7977637018634309,0.8566799852334545,0.5860424092085906,0.37215981839036133,0.5194637328228218,0.41374436178687496,0.8393855046499396,0.981730000162012,0.8506133344555131,0.0,0.009440720843223224,0.7181924674583593,0.5968150771323639,0.7136904883916808,0.6659491815885747,0.5385920524662806,0.0,0.6147738774869206,0.5417201341026314,0.0,0.7931208811721674,0.8252809692109705,0.5688681658310171,0.7139454374540601,0.0,0.6601282578327308,0.9072650108724214,0.925538238503393,0.7288948248203135,0.5053824717145892,0.8570353487679792,0.9129649968693583,0.9294064922854282,0.6207665643694582,0.7266300347152803,0.520967041251538,0.8178266306402653
0.45953505357120694,0.5045582099806885,0.6280567206031302,0.4398247465812476,0.5628414774946802,0.5078894093375548,0.5135877709543478,0.4679230081363741,0.5875572815917448,0.13521858210645638,0.7143808888698155,0.6385090299394045,0.5081106826742292,0.4454041793090008,0.5310144254792195,0.6220630290823104,0.6622235264475118,0.6366614811652311,0.8673524577903939,0.7162142536873537,0.5692148947496796,0.5082662923125737,0.5284863323874924,0.38624752115378636,0.5611512732038342,0.5795426158542564,0.0,0.38852954404924706,0.7472808021142379,0.5211435528377357,0.6255496880392825,0.26754442244517973,0.3937000183654189,0.44233105246153565,0.4860744685689736,0.5065467037979519,0.4532384025487741,0.292336058452212,0.6828710236487247,0.6349046767540258,0.7022663170272203,0.7507854529290823,0.7822824044560495,0.1374362821595357,0.29146153242901185,0.5883692506250778,0.6901176715921866,0.6914055243324111,0.49164373982085247,0.7185008636807999,0.6416665395141562,0.6032857020746032,0.5045367551944863,0.7245329887679696,0.6793342199836472,0.7594945392836777,0.2942125783383255,0.666964767233411,0.7038281735905337,0.6621968679010097,0.7266077774491633,0.0,0.74401442239422,0.7858439393041854,0.6175880201618466,0.6990748530668736,0.6998585220335553,0.66926405525275,0.0,0.785222943701487,0.602299204768421,0.5892277496831294,0.62663014704499,0.7758899657218441,0.5305359730792524,0.6554132374507998
0.5572962880242952,0.5316097701076032,0.6967749965029801,0.5999338941276335,0.7604129691317383,0.6697458016578836,0.7495288119823447,0.5938556279517897,0.7863348698436687,0.3856840138098141,0.7500541118813339,0.40502182668734266,0.6413565314916951,0.8222357501674702,0.42010579936269,0.5317964821960685,0.6442719205045132,0.5201814620105851,0.7905855334608811,0.4376942242008843,0.5292050724805685,0.5795391847563367,0.48584283622480695,0.8031550278447075,0.5275760904696898,0.6055803352940924,0.38852954404924706,0.0,0.5666237801283838,0.576430700576479,0.5530456991176237,0.3768820163681941,0.22087231075110222,0.28041038057996476,0.4875702288319722,0.9011541588713236,0.621597412486443,0.2628813542712455,0.6795874598618059,0.38247962051048134,0.21640429968352162,-0.01758627156188669,-0.06754417146365682,-0.01912938022468333,0.6672107993004679,0.6577810309253506,0.7416032173658131,0.8098201480392273,0.0,0.7360496342831127,0.7918021576378034,0.7272312324742471,0.6044000165563762,0.8049040221350756,0.718593210133173,0.629093260502696,0.5616084567543863,0.6989399124459574,0.43756284053049344,0.5573576524692555,0.437273349606156,0.35390036148053144,0.6220551645676493,0.8326631980456334,0.6212732572797035,0.6204152267889684,0.5902476814904976,0.7328628575665048,0.531868013018693,0.7491974853923475,0.5313124328368537,0.6987827478560278,0.6739986739512127,0.715848773854781,0.5232785925003651,0.6024977483611887
0.6208465859978347,0.42786550147622776,0.46614326269083745,0.47873043195445963,0.7443976221012923,0.5118477446528864,0.719823719668605,0.5206226639750906,0.3006679023651169,0.10819647468589894,0.527864659421165,0.5271301707328321,0.6278362978443006,0.45669187740552436,0.4297576769394031,0.37572233112025516,0.28925699514545405,0.4693482304342115,0.6432062947546553,0.49725754092224134,0.5073921894712985,0.2830144289538352,0.44612417821693207,0.6763930134247396,0.48919195551196737,0.5339675947984717,0.7472808021142379,0.5666237801283838,0.0,0.4616371266300775,0.5729349226534901,0.3259345995859945,0.30587207197588,0.4829215444417356,0.4436038575300386,0.5664109499360583,0.4524728098595703,0.6064291292203965,0.6798164080753486,0.5932950405641756,0.6714364511935933,0.6674379916843864,0.3386158308049495,0.4877747447820015,0.5211563594201598,0.554806177436034,0.5752959769171206,0.6273096022566855,0.4481565841634436,0.44281307632446887,0.7563999756124071,0.675999882342728,0.6147206270234781,0.8133187284073499,0.8023638274165946,0.4040766475302472,0.5605843529153719,0.587337339359389,0.5838894481195755,0.5215198967725951,0.8889465670463214,0.48330215987683367,0.7756565795148644,0.4716566382037729,0.5418216499928245,0.6080052070810313,0.45862052419709387,0.6575322739992346,0.4533904894047621,0.7067478455031287,0.7328858103192295,0.6752438519934795,0.5950531132378978,0.6999642410385478,0.41856945650764366,0.566330477047043
0.28685565698219606,0.5101857432513983,0.822966116365238,0.5502093442523688,0.48659470977253905,0.5832425262391795,0.5599603090188966,0.5655060571598856,0.7683409679825924,0.3690205129237357,0.5396354681696465,0.28249669203807526,0.3181994575070178,0.5941001975422686,0.5077608548271468,0.49341323410354215,0.30560243846913676,0.5994366602068785,0.6410532430327499,0.4930697874832203,0.6160162118659732,0.4464321240378653,0.554418741470586,0.7208331888386679,0.46705792659351464,0.07980911760366524,0.5211435528377357,0.576430700576479,0.4616371266300775,0.0,0.9126341906071569,0.552486031330186,0.31393057553370496,0.7272800413874414,0.6363605995393699,0.46381294758894887,0.23185106715817316,0.38420363719233686,0.7798931466402148,0.5059546681839514,0.6441166695256857,0.47102236318713114,0.5413470257136217,0.29098800736302655,0.0,0.0,0.0,0.16617301476925173,0.0,0.0,0.7015378050679248,0.6163427021182285,0.5097068047506541,0.6488056802750058,0.5018534539921466,0.0,0.014830774741727362,0.5284185106886325,0.0,0.6959820478655845,0.0,0.0,0.9495499500298111,0.901538367861763,0.5811070148489756,0.48353953613500733,0.7663868914762739,0.7300407341194766,0.0,0.42842848674171846,0.4750883326985492,0.7336037713428845,0.5371255079874855,0.6210515586959711,0.6452027667418784,0.5836672368691691
