0.0,-0.024261796305024064,-0.00977212016502077,0.0,0.011021823229488859,-0.03142131032710005,-0.006310118630315553,-0.023391180288598157,-0.032835251860339754,-0.10151591614801897,-0.005191159191925088,-0.05202467008443762,-0.011114752693101526,-0.02175142622130405,0.017344232631805734,-0.003366135414561211,-0.004695348139876099,-0.016031304199088325,0.0,-0.013460077770376055,-0.031018021583517186,-0.0072693899754676106,-0.018096176197435532,-0.026527294932625567,-0.008105231091647735,-0.02307777195434141,-0.01178400106383598,-0.008395354170763425,-0.008691642505398167,0.024312715502787685,-0.027660900875078498,-0.011232065860648954,0.01968612603902581,-0.010364560583809246,0.00010418883620838537,-0.020919321436037974,0.0002361581882913688,-0.01598154416905101,-0.02449366741264475,-0.02844100652375975,-0.020842629594695405,-0.008709219867740758,-2.7148099107143775e-05,0.0,-0.014951793877831687,-0.13806066551290314,-0.015914152070030774,0.0,0.0,0.0,-0.011072144574599263,1.1102230246251565e-16,-0.02543406712716778,0.0,-0.01682966775863831,0.0,-0.10976591970553362,0.0006534506131007922,0.0,-0.06618882684902672,-0.0037104615746712533,0.007784529320546185,0.0035516862616150613,0.0,-0.003649067061802902,-0.08869529426998402,-0.012179935719975499,-0.04178047804254509,-0.03580996577130685,-0.017926166792136877,-0.03729828130450524,-0.005437331400277523,-0.00013566791233765585,-0.002452565115999006,0.0,0.009637689341490452
-0.024261796305024064,0.0,0.0021600245913716565,5.412201951615625e-05,-0.016004407966902168,-0.022146639492536202,-0.041656005638329774,-0.011750111265569685,-0.01981325205618789,-0.03222809334741489,0.0038861087275395834,-0.019825670872810508,-0.05626953137665053,-0.007805814114246523,0.001279622352940324,0.006957495134789438,-0.022805852451777964,-0.018577152194979463,0.01042922572420879,-0.011388661179631332,-0.02580863355894275,0.014859599269630042,-0.005413673465344604,-0.007567032732287815,-0.004115280686329437,-0.0014612012168087052,-0.0016970207765930057,-0.04768807287180632,-0.02427362666846339,-0.01930669298760418,-0.0012960261139263185,-0.007623740962351966,-0.030254761900145477,0.00023350101472646712,0.007041461825553708,-0.024842191312399065,-0.0008977941615532226,0.0,0.004789427664208479,0.005094537360614437,0.009923788608726558,0.010093637704629399,0.0050504345024970365,0.0,2.220446049250313e-16,-0.051760163495200406,0.005859061622717543,-4.828630255843125e-05,0.0,0.0,0.0030020118713976474,0.006918682740199356,-0.00557619695714151,0.010938465933890085,0.023004646733691347,0.0,-0.007975873761553676,0.005721609957035356,0.0,0.016520073589711637,0.009149573140899092,0.02112404771459131,0.01814432842759539,0.0,0.0036253117316374373,-0.006938767049098626,0.02625828248314388,-0.02129547068759613,-0.018729243068882795,0.0035588355117965875,-0.001429752638119064,0.021474924194379463,0.00720654679531002,0.002659059641176409,-1.1102230246251565e-16,0.003735816574423345
-0.00977212016502077,0.0021600245913716565,0.0,-0.015365114596656293,-0.013414264748610794,-0.07249119426243045,-0.013485415540197443,0.015058471703925047,-0.03272579340566906,-0.01870475131099486,-0.004173021770084773,-0.03321806895946111,-0.018922730412785027,0.009538992629783472,0.018135829199330378,-0.009786521937860115,-0.015575537549244178,0.0006043460821427149,-0.04522916576007241,-0.004059611004895047,-0.020665236999834913,0.004373168873119282,-0.041505766214294526,-0.015216664641800492,-0.01482850187820639,-0.01137721700253369,-0.04129621615592788,-0.017435788846408562,0.022764647846759467,-0.014984937037554047,-0.014198855416936718,0.017042371413863944,0.00816043473125494,-0.021916509921856397,-0.005882616000802865,0.00557581766074472,-0.01849977115140089,0.015296905561729357,0.06890421752380205,5.560049076702711e-07,-0.00016564353459058712,0.008868082732984617,0.03876598136087123,0.039382981790531846,0.0,0.0,2.8054029185153873e-05,-0.11856506613765266,-6.097535625193551e-06,0.022949402598568036,0.020510248196143555,0.024195198140162133,0.030265120424900704,0.03644025683058616,0.0010075690085983302,-0.042434090446654804,0.006309975260218259,0.03173777450892301,0.02774954382556405,-7.819982908269241e-05,0.0,0.0,0.0,-0.04299120431268111,0.007459330221666394,0.00693407322485623,-0.00019675326512480495,-0.12039617309640499,0.0,6.836236416535302e-05,0.011451934041232126,-0.015014158382801401,-0.0011264222126010637,-0.0008649685924593253,0.005994684325385413,0.0040279484598038096
0.0,5.412201951615625e-05,-0.015365114596656293,0.0,-0.04371070908370772,-0.02175804066111947,-0.048096359348223816,-0.015084999066831084,-0.014938391488444835,0.014682943209207655,-0.016210211890572868,0.07216616648469243,-0.03768883432730574,0.01678170481332303,0.008889369370695843,0.00015995621447983943,0.004282922840181891,-2.776628102835188e-05,-0.0002781188320089001,0.0013120110199578705,-0.0001210152260533448,0.016931621534322705,-0.015517059091054608,-0.01955221248349659,0.0005032568529557135,0.0020825203231038536,-0.016695556551992896,-0.026244894423422926,0.00019827050656046064,0.014157752389761358,-0.03961511059458617,-0.020021427254704682,-0.07606518971206272,-0.005182966923306276,0.0130465545539169,0.012715665973321105,-0.01284913998396689,-0.011387168218434107,0.0012745048986391172,0.000671791768853014,0.03141182958402283,0.018416184432377025,0.033362083211497584,-0.016769390836237408,0.0,0.0,0.0,-0.00032507396800712796,0.0,0.0,0.009879068711715122,2.220446049250313e-16,6.354683148285245e-05,-0.00036462495037420384,5.551115123125783e-17,0.003676003876237288,-0.02938132667503876,-0.00022098362909117597,0.0,0.0,0.0,0.0,0.0,0.0,0.0,0.0,5.6029192596562805e-05,-0.006314042507168716,0.0,0.0,0.0,0.01062790251098511,0.0007858973611809539,0.0023414640766291073,0.0,0.0
0.011021823229488859,-0.016004407966902168,-0.013414264748610794,-0.04371070908370772,0.0,0.0025254541281296006,-0.012530834470356744,0.01719068564749593,0.004958682856674446,-0.01877822435484172,0.009234906427664447,-0.016579885110377668,-0.015298451727814466,-0.01389471267899195,0.010472531322267553,-0.026612493040258145,0.00537676377159263,-0.03369415067488407,0.008656524306074609,-0.010055039534767218,0.014984728032183592,-0.007350345699815297,-0.03424740865350678,-0.035250649208750484,-0.030246264480550067,-0.01333440519928325,-0.004874261110429212,-0.018097015601344246,-0.011075831650901202,0.002632423982091181,-0.006404469546920699,-0.00399340628540068,0.02094044551839791,-0.0056715580267120425,-0.0767249685209413,-0.009535557976927428,0.012479387939948794,-0.011819491568782536,0.0646345355384037,-0.00470952157903215,0.03480652312751181,0.0031977686228722435,0.043944664864172645,-0.03530614335251675,0.00017961612707845243,1.1102230246251565e-16,-0.0006097198328139375,0.026949023003942085,0.0,0.02910279610348765,0.029236587067495545,0.02455124725479918,0.043538140388640845,0.023672325211074985,5.551115123125783e-17,0.07822217938644682,0.0043486784355168395,0.025413001812005898,0.042167375931356166,-0.002083059927629749,-2.3891662714714546e-05,0.0,-5.551115123125783e-17,0.04586701489472067,0.015063265305301388,0.00013614791096222545,0.008411272256151792,0.01711008823607696,0.0,1.7826188650704733e-05,0.0033015364903484223,0.015573391908281109,0.006716164583921158,0.02058440136164774,1.1102230246251565e-16,0.02380342236508204
-0.03142131032710005,-0.022146639492536202,-0.07249119426243045,-0.02175804066111947,0.0025254541281296006,0.0,-0.024242532008829754,-0.0091866564931537,0.011429323711692418,-0.053969853133776335,0.0035471699350450026,-0.04232513457384296,-0.030132438809005957,-0.02109809003325469,-0.008366581092196124,0.007918318585313,-0.038039557118133116,-0.019373616921535997,-0.03149679353209367,-0.01693287068147703,-0.014842064474019201,-0.008796349964308614,-0.024339478868126707,-0.05007346728734652,-0.01512674554728699,-0.02158842359726132,-0.048828735549266866,-0.021504352674746707,0.018260479204042612,-0.015426985660329295,-0.022396789935470673,-0.020612641858204384,-0.0018960109080137788,-0.025437861081903768,-0.009874465482517913,-0.053172190753997706,-0.02286491967110571,-0.027808457698632216,0.03828183661649248,0.00031723061854788126,0.005747864831918803,-0.04170422687047681,-0.005999323007090662,-0.036425116116058864,-0.005138545246781867,-0.020486049812839968,-0.01871592557977836,0.013622154145399579,0.0021040391642530576,0.03052815809502918,0.020026487948426208,0.01795353222378082,0.03277660155758538,0.021897058588163376,0.021150886264370894,0.02631227333035635,-0.015045972121077944,0.017880281216451355,0.03779305596506577,0.01548962367443174,-0.003499403885870278,0.0,0.0033292111513543166,0.01807322510195153,0.004057037510510619,-0.0071943601525430445,0.013973400348569254,0.00936441333587823,4.711079843910948e-05,-0.0029784228630240217,-0.02085808930423838,0.012698084559522038,0.008188386610550324,0.01395194258058935,-0.006198928491706224,0.013853023498862749
-0.006310118630315553,-0.041656005638329774,-0.013485415540197443,-0.048096359348223816,-0.012530834470356744,-0.024242532008829754,0.0,-0.009976258567672647,0.006791284267666675,-0.02766765022361467,0.0003453738369159076,-0.0007970765969929072,0.002899876059051898,-0.006074872623479721,-0.019875704050579757,0.015378507164576671,0.000553895488584033,-0.010646135235156173,-0.005150780146130407,-0.008530739460087255,0.008626361939070903,0.00905280746317555,-0.022883438936722733,-0.001913512054275368,-0.007950508588765337,-0.012731755686518853,-0.020108918031108536,0.003105846999753692,-0.022738270487107137,0.0015851007952339402,0.00930633063614883,-0.01950735271868914,0.04794796479153768,0.021942458800535414,0.05351507888679008,-0.03843518351786579,-0.05670853985660157,-0.01974051714542352,0.03615723167853219,-0.004286300112338548,0.06437453302863932,0.053466211554436094,-0.008388678001550298,0.020738694519551015,-0.010464176432870564,0.0,0.007037345398034245,0.01402996419300262,0.0,0.01594722325414799,0.011459682642871005,0.010273906572718206,0.01895282639367002,0.015252654232091878,-0.0002638712754157724,0.04392328375220195,0.0028776467896364233,0.008069184383094896,0.024579312509884044,0.020068426928316285,0.00376696024125478,0.0,0.00021564657277500787,0.010549298977190258,0.005387140372774102,0.011769156522141777,0.00011056719090496436,0.003945320745300074,8.565833114404509e-05,0.008405602624011466,-0.00713931271098428,0.009057179314095554,0.010343188399388747,0.010624522056443209,0.01060826563428996,0.006647744091213048
-0.023391180288598157,-0.011750111265569685,0.015058471703925047,-0.015084999066831084,0.01719068564749593,-0.0091866564931537,-0.009976258567672647,0.0,0.019074851183262798,-0.027373712065930922,0.06069874809960474,-0.015960677469817164,-0.020216414963121154,0.005441073613662528,-0.01406255937074996,-0.003421113563016609,-0.01789482643233148,-0.006809988447145143,0.08019127006714322,0.0006812471672654197,-0.04805810320246234,0.018106878602808296,-0.031009218239623104,-0.012966299117798119,-0.01322905684013237,-0.02261341382870008,-0.00843854974745284,-0.013728624088141572,-0.02624711800941476,-0.002401402551085563,-0.00795758248509193,0.018341261032924328,0.006266701812581321,-0.006085607259195769,0.0035292420258833945,0.04347155544732434,0.04887237231013275,0.009016853032319805,0.044705829632702365,-0.009768984323238417,0.003060845579147875,0.007419439013896745,0.05587306054573443,-0.00046321991874126445,0.0,-0.01579270173603947,0.009088870050240172,0.04161575329256739,0.0,0.023532757708345897,0.03619827342115911,0.045110730858489045,0.11926231883159089,0.045220956651165656,-0.00011155083111169528,0.07558276314513757,6.399462071349227e-05,0.03238141326730232,0.08003385709018518,0.014386653313887998,0.009588111266452592,0.0,-0.00027582703775241857,0.030095528818553374,-0.03241014666624925,0.041574890256977914,-0.006353381231843924,0.01560392909385988,-5.551115123125783e-17,-0.03890344006267249,-0.04328811119168113,0.036784097172580354,0.009261807268014954,0.024881161895641324,0.0024861145279634345,0.016143853615394832
-0.032835251860339754,-0.01981325205618789,-0.03272579340566906,-0.014938391488444835,0.004958682856674446,0.011429323711692418,0.006791284267666675,0.019074851183262798,0.0,-0.019325871446022547,0.012736733835546965,-0.015290559281931349,-0.016891341805002846,-0.0003884976936620044,0.012241405278620388,0.017777301499304454,-0.011385911271016624,-0.03128358023375338,-0.029642503599485392,-0.01995286464784879,0.0073594216891101905,-0.006315518355222038,-0.026803698638239337,-0.04064936861725449,-0.027552008691412,-0.01468515167333101,-0.03035267524891916,-0.015177328922327482,-0.020754902566482047,-0.009943805941662276,-0.018234387041210165,-0.002232137820852631,-0.020440899198280293,-0.013798054231780932,-0.010468168033921588,-0.016622051756650935,-0.009250038009091022,-0.021011808024916756,0.06688500125251712,0.010626532186798598,0.06821196738567054,0.019336084565710565,0.023751289903180595,-0.059834810622215295,0.0015029511336118184,-5.551115123125783e-17,-0.01485580318033164,0.00023481166439609513,2.929284705077695e-06,0.013351438738723131,0.024028795986538287,0.020005949069603624,0.02951031628331191,0.01115281460958828,0.013704791721440124,0.03552967251290118,-0.03043233396154882,0.02129727550337146,-0.03140061321755999,0.01126658779692552,-0.006926906210714678,0.0,0.0,0.0201803231250115,0.006580971210181863,0.005874839332937365,0.0014621692011750897,0.00787073373242253,3.605165256276299e-05,-0.007092353883728197,-0.037881689060659085,0.016859704709184187,-0.0025740405225660457,0.029674406292734157,0.010564791480359492,0.02259386112175943
-0.10151591614801897,-0.03222809334741489,-0.01870475131099486,0.014682943209207655,-0.01877822435484172,-0.053969853133776335,-0.02766765022361467,-0.027373712065930922,-0.019325871446022547,0.0,-0.008556396163120983,9.999370931168539e-05,-0.03682149070404467,0.05739870152332316,-0.020206751006810297,-0.01778938079508713,-0.011191331230982093,0.010953615543970119,-0.011179252565212239,0.0017310391125978097,-0.012233026359551147,-0.00811652717026995,-0.019848289382152273,-0.0259532694355204,-0.051873972295138404,-0.051616088418330264,-0.026227598618707104,-0.03689597378419618,-0.02753909962829687,0.004280534945281744,-0.036111812009865296,-0.030358062180919687,-0.04614319366148212,-0.01076886073118749,-0.04376248215232892,0.008903301762265947,-0.02412730744762892,-0.029758453083784886,-0.038344823841717834,-0.019420067012319298,-0.005646522545567356,-0.045870189682528595,-0.02318171444065542,-0.00916419495895221,-0.04170186108409307,-0.008951730965399585,0.02542379099153691,0.00032004914333749745,1.663288435216348e-05,0.0003699861708139629,0.017074766330688884,-0.0032184355334092807,0.002580865455322545,-0.0007439905792281931,-0.00034908904539637797,0.00027582772016537804,0.006855359629914404,0.0003992311196986398,0.0,0.0004594912917734728,0.0005525187270436493,0.0022779386151781655,-0.024776304186942655,-5.467316247675935e-06,8.883007349813621e-05,-0.009219247946661846,0.007161468516436842,-0.0037296551350880502,0.020694562527209526,-0.0003362439059115818,-0.006583379124868671,0.009078336330039793,-0.0018675949918423584,0.01536063388930714,-5.551115123125783e-17,-0.004754020631471512
-0.005191159191925088,0.0038861087275395834,-0.004173021770084773,-0.016210211890572868,0.009234906427664447,0.0035471699350450026,0.0003453738369159076,0.06069874809960474,0.012736733835546965,-0.008556396163120983,0.0,0.0018848152318939326,0.006828722605693172,-0.03223736347424716,0.0,0.00011391885809824975,-0.01130719176087136,0.013477719299693325,0.0003062245720726331,-5.3389011002547004e-05,-0.012325616302174824,0.002415317929071348,-0.017815814079413128,-0.016664763407432615,-0.00571272175771026,-0.010058605426815193,-0.011093005663484645,-0.0011135135288179443,0.014416463697369042,-0.001966508817355661,0.0004445447266400171,0.03638505474378023,-0.030322956869422824,0.005325473101233047,-0.0007488767403438512,0.06789622732734746,0.018474054028301323,0.00129551408301104,0.11373623969404945,0.006694743737972408,0.04076294200828784,0.014845890408593743,0.06091940267310897,0.06032723323397998,3.532716794363289e-05,0.0,1.1102230246251565e-16,0.12129898276864964,5.672202484929834e-07,-0.041009447621759065,0.062350024374360324,0.05083084261671972,0.08689746372797885,0.07852089354732789,0.00844129029174806,-0.013271542815982362,0.021487800988692074,0.066672614578688,0.031037364900827258,5.551115123125783e-17,0.0,0.0,0.0,-0.04426419855934349,0.005340778695575421,0.0,-0.00011415838500317133,0.03209057649739422,5.551115123125783e-17,0.0,0.0002024255080717019,0.0562570994376177,0.01748901104563738,0.018224579262123564,0.0,0.0397299782474238
-0.05202467008443762,-0.019825670872810508,-0.03321806895946111,0.07216616648469243,-0.016579885110377668,-0.04232513457384296,-0.0007970765969929072,-0.015960677469817164,-0.015290559281931349,9.999370931168539e-05,0.0018848152318939326,0.0,-0.023299684738949167,0.01717274968705934,-0.029004667050763433,-0.01925228804719248,0.0022849625223477776,0.006469047935980965,-0.0031578739550825463,-0.03341879966380684,-0.013353672231901037,-0.03304990481105202,-0.028210243166378268,0.006333527792383553,-0.04086539675974421,-0.04174858738597714,-0.017232929198300273,-0.006236571039655248,0.014467668576166826,-0.006408207073314132,-0.017418628072702558,-0.010534724459716649,-0.01668720204677887,0.0053737703340113185,-0.024937577118658627,0.01032584706074241,-0.031204176000911465,0.010579008504183834,-0.013668808150014977,0.0085292725890449,0.02503700278940507,-0.04873303819292041,-0.011750934251215372,-0.017965790579313856,0.004236627638452339,-0.02145103896468048,0.03280176485138098,0.005864120114717708,0.006475480910263953,0.010596298221622058,-0.007904758941009782,-0.020202697129094782,-0.00033962682880051,-0.007773345099858664,0.00023375148927751166,0.006515617993047951,-0.047840347267943895,0.004282518633461518,-3.583821978775381e-05,-4.71605073953385e-05,0.019694279609158594,0.005061260823865099,-0.012448357223640627,0.00691554836989372,0.00529818913845953,0.013429061289231548,-0.0007609057329129865,0.049233268407733455,0.0005435639575963047,-0.0019342029858223642,-0.01840454250273349,0.00498541251670459,-0.006798169628603579,0.002845551376840283,0.0,0.002503605684260446
-0.011114752693101526,-0.05626953137665053,-0.018922730412785027,-0.03768883432730574,-0.015298451727814466,-0.030132438809005957,0.002899876059051898,-0.020216414963121154,-0.016891341805002846,-0.03682149070404467,0.006828722605693172,-0.023299684738949167,0.0,0.03451561704965522,-0.000336690325705602,0.0058509856536315685,-0.02188098775191205,-0.012174113274182274,-0.003380768898906872,-0.024382926495615243,-0.011430021243301947,-0.002324873180725495,-0.02594441832903438,-0.03406187897511265,-0.015334678047928207,-0.026818355548769934,-0.02790931728078344,-0.02809633265001632,-0.033997718533607724,-0.07816473408004815,-0.008021140763017243,-0.025098065654869883,-0.03279415439033345,-0.010672279074206925,0.01102017931830268,-0.03916255590513018,-0.04832175708294706,-0.019944312165952993,0.019723548727712314,-0.005869812674379082,0.09313919561738382,0.08976984979353592,0.013815695563152375,0.10871301294819347,0.008785114652213932,-0.0002816510729153898,-0.0016119417081184584,0.012242562359874753,0.0,0.013861401069449664,0.010926480213899636,0.013258150573888572,0.008988384197523291,0.01634787061556897,0.02315459654147478,0.03785262678042989,-0.06708860522340526,0.015891279450232276,0.01789707314569733,0.006776171882598048,0.00015437880334867593,-0.008559252746884516,0.007213652488907263,0.009586292193667467,-0.0039687474453184435,0.015113987748839264,0.024646159995194872,0.003078762421576675,0.003376623586427041,0.004833590043288372,-0.011097572291808133,0.0060083367829874,0.006128170472939121,0.01330118509431677,0.0011009573676725726,0.009042447394685738
-0.02175142622130405,-0.007805814114246523,0.009538992629783472,0.01678170481332303,-0.01389471267899195,-0.02109809003325469,-0.006074872623479721,0.005441073613662528,-0.0003884976936620044,0.05739870152332316,-0.03223736347424716,0.01717274968705934,0.03451561704965522,0.0,-0.01849511455427022,-0.00043396691310487734,-7.62179328365753e-05,0.0001101574511029324,0.024628170527879745,0.009164649259795099,-0.0275224610406114,-0.014149304161319265,-0.01841576752266838,-0.004414373648136516,0.007185408644240887,-0.012872527803288292,-0.028055332850069392,0.1317778189423255,-0.04276410304859174,-0.006694569935419392,0.013754937190373795,0.08177174458415387,0.01446629283426537,0.03198972603495848,0.024006045239035934,0.042081560964657316,-0.013643838362949912,-0.016419245536825722,0.10892966988068897,0.0,0.0028624923969465255,0.00017659143885506712,0.05113661636121286,-1.6327427801998695e-06,0.0,0.0,0.0,0.025713684200431297,0.0,0.04010099948785212,0.020220936661692446,0.04414672994721608,0.04070510442008202,0.03253084669550477,0.0,0.08725760001180566,-0.000251095901167786,-0.00280704049784114,0.04633337634963186,1.1102230246251565e-16,0.0,0.0,0.0,0.04065477848993598,0.0,-1.1102230246251565e-16,0.0,0.02635637866741819,0.0,0.0,5.551115123125783e-17,0.0751680932127185,0.012675038333544997,1.1102230246251565e-16,0.0,5.551115123125783e-17
0.017344232631805734,0.001279622352940324,0.018135829199330378,0.008889369370695843,0.010472531322267553,-0.008366581092196124,-0.019875704050579757,-0.01406255937074996,0.012241405278620388,-0.020206751006810297,0.0,-0.029004667050763433,-0.000336690325705602,-0.01849511455427022,0.0,0.014409627595680319,-0.003599466211555602,0.019212178860281648,-1.1102230246251565e-16,0.023155247583946936,0.007458507686666727,0.05509804724616074,-0.01621176782916478,0.025912352377324588,0.014386900391180624,0.0322904215253455,-0.014001598039527219,0.007720353492220777,0.01133316451818861,0.002361706683100928,0.014982734081397442,0.016984298562143618,0.02067684725345459,0.030082111248220855,0.02892849895467897,0.009660469543856354,-0.0036060718418752247,9.627498238096166e-05,0.026106404987858267,0.0099005547667117,0.019885112700335383,0.01872969742595809,0.08075085383301117,0.04488562480690689,0.0,0.0029228737140204464,0.019454807741968894,0.00789149234627029,0.0,0.0,0.008081015650399315,0.008694879692076607,0.012301622427079939,0.0030764578330922387,-5.551115123125783e-17,0.0,-0.00367328954292373,0.02195504576310514,-9.298190538631346e-06,0.03690014369487249,0.025400303108863653,0.0003250158204160525,0.02532256287981466,0.0,0.04404827337997036,-0.0003693428297615875,0.026782543782657098,0.012452901711278108,-6.935028205151683e-05,-0.003026917379516103,0.007344253555986557,0.01941665208783605,0.020416713900399897,0.031275052024156424,0.012888128235208962,0.0319945521620722
-0.003366135414561211,0.006957495134789438,-0.009786521937860115,0.00015995621447983943,-0.026612493040258145,0.007918318585313,0.015378507164576671,-0.003421113563016609,0.017777301499304454,-0.01778938079508713,0.00011391885809824975,-0.01925228804719248,0.0058509856536315685,-0.00043396691310487734,0.014409627595680319,0.0,-0.007401438110890335,0.004494643255848529,-0.0001389480169014523,0.030237346060381087,-0.003951368808402356,0.03911487232852101,-0.0027597318174361063,-0.045157171794505735,-0.0335903747291752,-0.0013711368916753397,0.01817617633569657,0.019777813263812394,0.01688725182144324,0.016796000066134298,-0.017503100161259888,-0.008951765364230313,0.0012610078318627815,0.0032448097918772456,-0.027743350282950552,0.015484279978556115,0.0016812860373223715,0.022604350087361724,0.013648374461316004,0.003297336722888289,0.015538478651631993,0.014070075164173301,1.2124131025248452e-05,0.0,0.0,-0.02898854687628133,0.016717898028181688,0.0,0.0,0.0,0.009882780887962295,0.008606367274854698,0.010129263866001714,0.0,0.030620331168270398,0.0,0.01979685626915223,0.014152541037104782,0.0,0.018830046516567278,0.01776805296858497,0.02220203484884531,0.013645731081095624,0.0,0.022930213452705128,0.002367450142828187,0.028755341697620618,-0.013653245173893491,-0.03102047426147675,0.009693954959167528,0.003100836533988016,0.003696570501279972,0.021540512558991753,0.021150561515911437,-1.1102230246251565e-16,0.010900003421030813
-0.004695348139876099,-0.022805852451777964,-0.015575537549244178,0.004282922840181891,0.00537676377159263,-0.038039557118133116,0.000553895488584033,-0.01789482643233148,-0.011385911271016624,-0.011191331230982093,-0.01130719176087136,0.0022849625223477776,-0.02188098775191205,-7.62179328365753e-05,-0.003599466211555602,-0.007401438110890335,0.0,0.010291050407726099,0.030297699321401583,0.015422863237987527,-0.01002679913118143,0.015930464431610558,-0.00010789892205642637,-0.002839230139542015,0.00878791056693179,-0.015593506037919314,-0.011788210495037699,0.001555633747990337,-0.0052057869410860325,0.04475204935360311,-0.007058099958867747,-0.01068880790917226,-0.016300541742470198,0.0036038871064161815,-0.009202672118218125,-0.029942600203427372,3.3619887940761206e-05,0.01690497851627365,0.012537152616181602,0.01113026086104657,0.02125834363398743,0.024875088099304832,-5.551115123125783e-17,0.0,-0.0028847290271408754,0.007883684476595432,0.0324656003440541,0.0,0.0,0.0,0.0,0.0,0.0,0.0,0.018060966406485246,0.0,0.011953456009215824,0.0031631580313617458,0.0,-0.0001354370033073704,0.029628014234319267,0.011362427680993992,0.004413492158178156,0.0,1.1102230246251565e-16,0.0,0.026862951670413915,0.0,0.000998681132153456,0.023378247292359877,0.011772130296917926,0.0,-0.005215855199788011,7.306690513081415e-05,0.0,0.0017798385249321313
-0.016031304199088325,-0.018577152194979463,0.0006043460821427149,-2.776628102835188e-05,-0.03369415067488407,-0.019373616921535997,-0.010646135235156173,-0.006809988447145143,-0.03128358023375338,0.010953615543970119,0.013477719299693325,0.006469047935980965,-0.012174113274182274,0.0001101574511029324,0.019212178860281648,0.004494643255848529,0.010291050407726099,0.0,0.0036471493345303085,0.007241411600752368,-0.002275915385295979,-0.0017179480622060983,-0.0034438895028725547,-0.022652041190210415,-0.00809856697703687,-0.028602517117492288,-0.005628308626263623,-0.00012743372184503832,-0.009799075325004347,-0.032003044389325,-0.00803885890802808,-0.023602774692380257,-0.04125811687829345,-0.004880875167593501,-0.020117636491501334,-0.04131723756215444,5.603208211346633e-05,0.03760153351228801,0.002971687664899525,-0.0016727719056968127,0.011954375636979875,0.009725302428925775,0.0,0.0,-0.004628358031090962,-0.02562580581352325,0.015834573122011197,0.0,0.0,0.0,0.017361548637779667,0.00023630527772278143,-0.0004075063675417212,0.0,0.027020185204011782,0.0,0.022055503812698718,0.017956675777012487,0.0,0.004562278178427748,0.00732623385558695,0.023363162956422046,0.013996550912176331,0.0,0.00935960134753061,-0.0023065589313851498,0.011209788214483762,0.0021748541762179885,-0.005808844551653258,0.01897407232174897,0.004882981510064832,0.01673176022011308,0.0325663726355514,0.00716921680829169,0.0,0.011770750376902894
0.0,0.01042922572420879,-0.04522916576007241,-0.0002781188320089001,0.008656524306074609,-0.03149679353209367,-0.005150780146130407,0.08019127006714322,-0.029642503599485392,-0.011179252565212239,0.0003062245720726331,-0.0031578739550825463,-0.003380768898906872,0.024628170527879745,-1.1102230246251565e-16,-0.0001389480169014523,0.030297699321401583,0.0036471493345303085,0.0,0.00030038930369991057,0.008256053118718631,0.008873061945449678,-0.05661394343057469,-0.015081397694371668,-0.018307129751881424,-0.004572891478935137,-0.05238084507509827,-0.0136166471840653,0.015096318306949907,0.0027686885912226455,-0.011869634409844787,0.033094175592041586,-0.05912259757673716,-0.005307477615421385,0.031862984575209585,0.025017660042036705,-0.00696627035710401,-0.022253040115619627,0.07701659770321134,-5.660259271855761e-05,0.04576111490156426,0.020088675300898973,0.054300129235587524,0.010406191028464407,-0.0005372569435251329,0.0,0.0,-0.07815630140737362,-5.551115123125783e-17,0.07395216728941822,0.03194537423152888,0.03037481913151896,0.060727885776696744,0.03282529069286,-9.493456393872002e-05,0.12661016694863664,-0.003344738548463788,0.054774559062920614,0.05277101714580107,2.220446049250313e-16,0.0,0.0,0.0,0.06497918246243728,6.289644813939343e-05,0.0,0.0001147094140971916,0.021776451210425818,0.0,0.0,-5.551115123125783e-17,0.028546830158409864,0.00045733308779272175,0.027709388914269606,0.00021683916901671374,0.035128824010381754
-0.013460077770376055,-0.011388661179631332,-0.004059611004895047,0.0013120110199578705,-0.010055039534767218,-0.01693287068147703,-0.008530739460087255,0.0006812471672654197,-0.01995286464784879,0.0017310391125978097,-5.3389011002547004e-05,-0.03341879966380684,-0.024382926495615243,0.009164649259795099,0.023155247583946936,0.030237346060381087,0.015422863237987527,0.007241411600752368,0.00030038930369991057,0.0,0.007873316059588298,0.020792915268962486,-0.02486366966988146,0.012614882143193118,0.02084926192872749,0.008881331724471364,-0.02661627609550904,-0.024003057543981243,-0.02015112964280552,-0.023435742722790087,0.008739290601650684,0.013283450514211759,0.034088105538250424,0.022345504869410115,0.025131745906138314,0.018352609967489886,-0.004494504121119347,-0.003116772165167425,0.038795637454648646,0.03083394501026232,0.019091079972483327,0.00811048604374659,-0.02627547031309163,-0.02018905159895834,-3.96584545563905e-05,-0.005575821723340479,0.00044469246729333944,0.01611461472907394,0.0,0.0,0.008570913507707945,-0.01396561285717407,0.02170388524986977,-0.004044469026870168,0.0005213411966976111,1.1102230246251565e-16,-0.006013221454221507,0.014242813806428722,-1.1102230246251565e-16,0.03633937771972323,0.0065473546775238756,-1.9286875853785634e-05,-0.0034159942162863555,0.0,0.027823058153267022,0.007795636210342405,0.0399703307411271,0.007492445919787316,0.0,0.011288452486166112,-0.005356463062930694,0.012772777783923495,0.018089903214689507,0.024882537496758395,0.02248040027115278,0.02736333035921279
-0.031018021583517186,-0.02580863355894275,-0.020665236999834913,-0.0001210152260533448,0.014984728032183592,-0.014842064474019201,0.008626361939070903,-0.04805810320246234,0.0073594216891101905,-0.012233026359551147,-0.012325616302174824,-0.013353672231901037,-0.011430021243301947,-0.0275224610406114,0.007458507686666727,-0.003951368808402356,-0.01002679913118143,-0.002275915385295979,0.008256053118718631,0.007873316059588298,0.0,-0.0014445252101673578,-0.038494306623173935,-0.029425712595637366,-0.013354042559241774,-0.014469952553403831,-0.032426372912499835,-0.003055079702401875,-0.00805268956085653,0.003430053819643175,0.011060078677308127,-0.0007837965468357466,-0.04521608523894033,0.009578419232659896,0.013288539864622084,-0.06313960220966802,0.009971501106219582,-0.013911338598950718,-0.01030397703894248,-0.059456121035642406,-0.007480835601161695,-0.006356745011650844,0.015561323008800088,0.0,0.0,-0.07058087257958962,0.012021753721687567,0.005390781873115313,0.0,0.0,0.007580496250647661,0.004354619935191706,0.006338145103406134,0.004557175109098421,-0.012169089041171588,0.0,-0.0008369649265643209,0.0017902126055998058,5.551115123125783e-17,-0.017911993071633103,0.009515149844649406,0.0,-0.010517375005487384,0.0,0.016771059799618515,-0.09102111465089652,3.386431762020248e-05,-0.022399709173956728,0.002544640297243994,-0.010425135662007867,-0.02015492103685168,-0.0026445188123231933,0.0076497088154046655,0.023533188338034694,0.02348888273805111,0.023640070646109734
-0.0072693899754676106,0.014859599269630042,0.004373168873119282,0.016931621534322705,-0.007350345699815297,-0.008796349964308614,0.00905280746317555,0.018106878602808296,-0.006315518355222038,-0.00811652717026995,0.002415317929071348,-0.03304990481105202,-0.002324873180725495,-0.014149304161319265,0.05509804724616074,0.03911487232852101,0.015930464431610558,-0.0017179480622060983,0.008873061945449678,0.020792915268962486,-0.0014445252101673578,0.0,0.009941326879874368,-0.07107306260359092,0.01240289621506896,0.021549205712981356,0.013185923291032797,-0.0059230387997276646,0.02253458188572255,-0.12184285020404573,0.0005758729297050125,0.01856883784010005,-0.002030165926093952,0.016686555006099335,0.021703883630841858,0.01933339861936778,0.007641546519248532,0.024335255393310606,0.024807643232472032,0.021936741865499543,0.013568281133213067,0.02823659479927121,-0.04587285115814255,0.002869925535872897,0.00014098704927256733,-0.0399019345669524,0.025590762256047395,0.005793920818820519,5.112960980657721e-06,-4.508312508211265e-05,0.006034956848087192,0.00675939063577119,0.013257855707371313,0.009885324544346152,0.007768359292570803,0.0,0.008254113145942932,0.00414723887182733,0.0,0.026982753151808758,0.017646140726266912,0.0013182105581623915,0.018880252469148817,0.0,0.03790533824733039,0.004457415208489135,0.023594010280435618,0.004733796366827248,-0.01868380337706027,0.01647961596965969,0.010581483878106646,0.02338238358963768,0.033624988002317224,0.03490835076623089,-0.0017677938044287078,0.012275565235581487
-0.018096176197435532,-0.005413673465344604,-0.041505766214294526,-0.015517059091054608,-0.03424740865350678,-0.024339478868126707,-0.022883438936722733,-0.031009218239623104,-0.026803698638239337,-0.019848289382152273,-0.017815814079413128,-0.028210243166378268,-0.02594441832903438,-0.01841576752266838,-0.01621176782916478,-0.0027597318174361063,-0.00010789892205642637,-0.0034438895028725547,-0.05661394343057469,-0.02486366966988146,-0.038494306623173935,0.009941326879874368,0.0,-0.006562421991274048,-0.013964059656470629,-0.020828543550975853,-0.026739772117151728,-0.012050965693873594,-0.01505880380670932,0.001527998872253522,-0.011480875702941262,-0.012266894743986234,0.0011951135045518146,-0.010801881130518554,0.004151472118979538,-0.03992853366162025,-0.01791739316304458,-0.034458768335045464,0.026135753450222343,-0.011739261000790646,0.019045751508832476,0.020076545454522532,-0.0007849881997243902,-0.034818220089526175,-0.009070265105125042,-0.0453876362223436,-0.0133968403546188,-0.023238724144273082,0.014686805027682326,0.03536263416792218,0.015830877418002043,0.017305228401459982,0.02635803071838888,0.014535028354354496,0.022357604721871427,0.047825123829760896,0.02324744836311682,0.018544212925916348,0.007618997961178486,0.01423713863015752,-0.0021838586463269194,4.691745851925777e-05,-0.011495494163412667,0.016423703479966578,0.008147953602779145,0.0048718997877963965,0.013974109829315129,0.010069196294859473,0.00018081054383939366,-0.00838421694869218,-0.016332624712949717,0.009864967561526328,0.00994526470292556,0.021561143579744924,0.01656701090778323,0.014548186073566782
-0.026527294932625567,-0.007567032732287815,-0.015216664641800492,-0.01955221248349659,-0.035250649208750484,-0.05007346728734652,-0.001913512054275368,-0.012966299117798119,-0.04064936861725449,-0.0259532694355204,-0.016664763407432615,0.006333527792383553,-0.03406187897511265,-0.004414373648136516,0.025912352377324588,-0.045157171794505735,-0.002839230139542015,-0.022652041190210415,-0.015081397694371668,0.012614882143193118,-0.029425712595637366,-0.07107306260359092,-0.006562421991274048,0.0,-0.030260303353914275,-0.04284326593940613,-0.050132485962042506,-0.048036632353548325,0.008485054476946474,0.008448161073542737,-0.0354325862312696,-0.07358325821360295,-0.01930530713506262,-0.030321011906686096,-0.059138671727066106,0.035492662981978396,-0.04244639175592657,0.010020977904113881,-0.11121028756601264,-0.011431450675149724,0.0327689761810907,0.059501264793386355,-0.007661942030667945,0.00275203476367758,-0.0034931936708172406,-0.150675322787599,0.007703531126495078,0.0,-5.551115123125783e-17,-0.00018531536576837926,-0.004998404096908826,-0.0001587971271312938,-1.6653345369377348e-16,0.0003301234478415571,0.0013224055664765588,0.000242857054976231,0.013917987520730979,-0.00718468697836061,0.0,-0.052425484747536444,0.0009868206836967097,-0.008416497859338512,0.0024181229825042116,2.2583008762178114e-05,-0.00038348652649017323,-0.07449154014631842,-0.030483717885292194,-0.0005743320362818216,-0.03756893577456577,-0.006669925438785418,-0.024279627732493758,-0.004476030234983719,-0.02203358434883762,0.0035860505471745907,0.0,0.001036851690451146
-0.008105231091647735,-0.004115280686329437,-0.01482850187820639,0.0005032568529557135,-0.030246264480550067,-0.01512674554728699,-0.007950508588765337,-0.01322905684013237,-0.027552008691412,-0.051873972295138404,-0.00571272175771026,-0.04086539675974421,-0.015334678047928207,0.007185408644240887,0.014386900391180624,-0.0335903747291752,0.00878791056693179,-0.00809856697703687,-0.018307129751881424,0.02084926192872749,-0.013354042559241774,0.01240289621506896,-0.013964059656470629,-0.030260303353914275,0.0,-0.021269574082494747,-0.000926132616536901,0.0042107463796421385,0.015304425203543581,-0.014738146743729807,-0.01943143996769059,-0.03039485179248841,-0.03171556677542775,-0.01213242871944814,-0.020275971040459972,0.0266634740601584,0.0022306800712298402,0.010985330310332497,0.0010937008044079044,0.00550798427267063,0.011157061224837006,-0.004765094484741328,-8.682025783740555e-05,-5.551115123125783e-17,0.00458279122688221,-0.03438022685769676,0.013578774904510704,5.551115123125783e-17,0.0,2.220446049250313e-16,0.012561625315150537,0.001927620812708808,-0.0014018003789144085,0.0004901588418790848,0.023688841788841064,-0.00032060426009283827,0.015819879022969496,0.0037574929328551554,0.0,0.015145468349445967,0.011355747902105195,0.016360344475294164,0.01005143764734412,0.0,0.006539999842373134,-0.025715781177359953,0.03131174494154393,-0.01236423731018077,-0.02336997059596435,0.010420531847933456,-0.0035872387028649255,0.01912986813158446,0.016480868568768126,0.009672011474421593,0.0,0.009207102006578594
-0.02307777195434141,-0.0014612012168087052,-0.01137721700253369,0.0020825203231038536,-0.01333440519928325,-0.02158842359726132,-0.012731755686518853,-0.02261341382870008,-0.01468515167333101,-0.051616088418330264,-0.010058605426815193,-0.04174858738597714,-0.026818355548769934,-0.012872527803288292,0.0322904215253455,-0.0013711368916753397,-0.015593506037919314,-0.028602517117492288,-0.004572891478935137,0.008881331724471364,-0.014469952553403831,0.021549205712981356,-0.020828543550975853,-0.04284326593940613,-0.021269574082494747,0.0,-0.003370864014455688,-0.016315412074826063,-0.002989179462700886,0.0015523596802788364,-0.026299771732700095,-0.008599097278481127,-0.021375643450772752,-0.0020799459247799468,0.012958453647846868,-0.011634496842472974,0.006399481789449768,-0.01876934736491076,0.012057075177244136,0.003407497352033717,0.008734419882508171,0.0008802360165341416,0.017383691469660123,-3.822574739070772e-05,-0.008631218182681977,-0.045889045326348465,0.00825847497383686,0.016760999650107744,0.0,-4.1412938698359714e-05,-0.00259441197048077,0.017336209535098346,-0.012506942536865406,0.011072198843268877,-0.00044500037941125337,0.0,-0.00526599359327351,0.010128691252230648,0.0,0.02172931231121178,0.004148228402490295,-0.003314485010576851,-0.0014814116712014713,0.0,0.03277752829221131,-0.0036652985702088636,0.029800927366771757,-0.00761309727859405,-0.061658381485975244,-0.0052142619073886065,-0.01361531002696359,0.03148724106396972,0.011579321295115907,0.0043960565362029524,-0.00042416670786299404,-0.003151109131305063
