0.0,0.3963106464036835,0.19726357153149282,0.0,0.23352717638013687,0.32487205918857653,0.4370385630448579,0.22716065722548934,0.4302295133966366,0.41101109521555707,0.2680332165973751,0.351999364732479,0.4126734130115136,0.16269801372712342,0.3532681663817847,0.5062605868948813,0.5035050234382861,0.3422451392126883,0.0,0.35873849468430263,0.16336280837158987,0.3774718520439089,0.3513180795811945,0.407879915916035,0.3736493725752775,0.28934712657032746,0.4354942646583419,0.34598549677850665,0.12178965250328244,0.44081691553217617,0.4352564760963185,0.5612213381919755,0.669197393505218,0.45692501458966556,0.3708583015812922,0.4037666665272234,0.5020843164190665,0.2934775556520399,0.4974797691141339,0.48420735975005846,0.5409482831418304,0.41836206973478685,0.4724939533245038,0.0,0.37342311537921835,0.49675259217550555,0.34406096833527255,0.0,0.0,0.0,0.41706159512232194,0.0,0.41415530673721945,0.0,0.25158340869384316,0.0,0.4589051043683111,0.6279521535294579,0.0,0.7415245364036915,0.33939587929155124,0.14752042350727396,0.5147985093657884,0.0,0.24750231190825994,0.5390915533052063,0.3641866200938788,0.4674617635884297,0.4368206418267254,0.5073236412696993,0.3134935390110431,0.3522767419439391,0.4339318238126142,0.4848441883565284,0.0,0.3333137610174144
0.3963106464036835,0.0,0.49970611078690974,0.4156164343260339,0.36948034741568436,0.37411315678133805,0.42100802004774585,0.48613826238115077,0.33093215365016304,0.3937993298471153,0.17979546769905658,0.18025320542644896,0.3975242273853278,0.29530609743628783,0.2868995367961301,0.27267871050705556,0.45654042879139717,0.2957847761014173,0.4997792655959143,0.4107494589474475,0.3198586065883271,0.45775747389213906,0.5405731244644679,0.2223193350148707,0.329944451107407,0.15949661515536157,0.44074316976059374,0.29333716877459953,0.23385785685794686,0.44586244536900066,0.2694711588312933,0.2645208953994425,0.24965036091727322,0.20610553776736987,0.2703491826659806,0.2921337269741846,0.053059074484607054,0.0,0.20064335514081852,0.20790315058822345,0.20982235319815723,0.14284782045454897,0.4474292788184297,0.0,0.0,0.3825765115427282,0.351045924170701,0.04212689089460484,0.0,0.0,0.29609950847918276,0.4136265591740781,0.25706115512799743,0.24002947642848738,0.39410328521748783,0.0,0.20570307556198822,0.35450936202694383,0.0,0.15467818032292405,0.2344301021571398,0.24858436987268567,0.36940734053466506,0.0,0.2613571755755108,0.5132060673668295,0.3582629136956813,0.2708004819524421,0.1918542360953548,0.3185073098650154,0.2207001077725409,0.27855280345625844,0.13792143720445926,0.24936224964162457,0.0,0.2126726796532328
0.19726357153149282,0.49970611078690974,0.0,0.4156046218371248,0.4517352767407966,0.5768152429676754,0.5863392982056526,0.4555555941248335,0.20345978244727017,0.38704810318898625,0.26941869011182173,0.4446771425617076,0.5860830429942882,0.4156672956373882,0.17638953850222644,0.2876260789862249,0.3399385693780602,0.4644164797402862,0.27352678460112456,0.29206817093883736,0.2693083697452316,0.4288336082635566,0.4008062094397266,0.5291709190992363,0.5658516922182011,0.3956371582945187,0.2521267527352332,0.604562670493998,0.6307442098274656,0.6610202146481055,0.6001694856093676,0.5391761369794399,0.37763959952174553,0.5810919479523713,0.5387758525295937,0.47476002837156583,0.4160449652590732,0.25128300910894064,0.4905125807603115,0.4953252328347538,0.3937266225947046,0.5883186325439163,0.31640838108794433,0.5720202298505943,0.0,0.0,0.40781703927988533,0.5517505594000541,0.47847404044847286,0.3364187861398813,0.42140389602895656,0.5334016326726668,0.360052115897347,0.5298953321825699,0.424816931163514,0.7258866588370781,0.4007908872338167,0.5594576202316833,0.35530086937068783,0.3603006288095322,0.0,0.0,0.0,0.6929954608086107,0.40555859634864755,0.5119922939019915,0.25250519410649813,0.5135429981296058,0.0,0.5591562868014877,0.19739269400019444,0.4939706779698541,0.46571060501353395,0.4717543267873359,0.32736300151911646,0.2458142913720498
0.0,0.4156164343260339,0.4156046218371248,0.0,0.2675998470887425,0.4677211928467164,0.044084235045597275,0.3162155767688162,0.6055635614565921,0.12024861270171476,0.4622704476791988,0.2966976654052122,0.14145370617135758,0.5712321678013343,0.35696301697236854,0.30297936734087205,0.4605602272531598,0.47073326696672674,0.6073146916653489,0.32981312126731505,0.4656466192926981,0.4133063370283788,0.23335181991532195,0.2554557880783692,0.809930738861922,0.2852514987891168,0.27950066068006735,0.2942271553302662,0.25862941104902715,0.7411003369323776,0.36648808214450096,0.31926285922352476,0.19221362498199057,0.1875051772364653,0.3655171724127026,0.17839929701873558,0.17815507374011677,0.31229226503286645,0.16431181255915395,0.3829267820312855,0.2963243919798102,0.5006766902015559,0.3546623836641108,0.372592611324013,0.0,0.0,0.0,0.4266146073768401,0.0,0.0,0.3437211842465867,0.0,0.4672498719613257,0.3503498600500389,0.0,0.22030637427626806,0.5726460520775173,0.45471226899479067,0.0,0.0,0.0,0.0,0.0,0.0,0.0,0.0,0.47640283503567543,0.37472073450279886,0.0,0.0,0.0,0.24418966226410146,0.48116148743859655,0.6501689343918977,0.0,0.0
0.23352717638013687,0.36948034741568436,0.4517352767407966,0.2675998470887425,0.0,0.38289874544108715,0.4770522928095898,0.20697443807065838,0.3374374290472919,0.49990159290452374,0.3514420419907062,0.38544756058461166,0.5222135393614582,0.2670670263275403,0.3420597801364813,0.5052132255109479,0.4693891605880914,0.3113587043439199,0.41369986198971676,0.4094928053009209,0.3143106883433531,0.6929637093995386,0.5263399206380397,0.4973931843591406,0.40160086463001204,0.7379741799655408,0.5721614230321526,0.4005653768262989,0.5282864608890407,0.48037389321581214,0.6252062022994401,0.15057496820411073,0.2777433317103841,0.4763313880115044,0.45938132460891645,0.3088155835720361,0.2838529888730811,0.23692648871277203,0.37263658908122543,0.7963165285114449,0.6930163213038926,0.4186138331966644,0.2852002381494244,0.8586588978673844,0.37524955255899506,0.0,0.23116059683959556,0.4755056627299911,0.0,0.20179755397757387,0.5456867980110718,0.5720941862664342,0.5713444396650957,0.3074347105623326,0.0,0.3045302546892533,0.23878165686220068,0.7103634665817399,0.31305440472879076,0.34197977116926315,0.46109009376308774,0.0,0.0,0.5622574800823075,0.1880278587969476,0.4964979752554449,0.4184592862289256,0.5560105219664593,0.0,0.49563988012561827,0.4232607927030735,0.46656488479117064,0.48168835913558117,0.4228966357181845,0.0,0.49979431544902975
0.32487205918857653,0.37411315678133805,0.5768152429676754,0.4677211928467164,0.38289874544108715,0.0,0.5082440493584383,0.5674275143771486,0.34813853063901284,0.41722243998431185,0.1680867154550168,0.442155150097879,0.5350831643882245,0.4369475580917006,0.5715540792055906,0.420587692458647,0.4739497701661114,0.3580250822533494,0.5037847438439771,0.39751921376861304,0.5479112896518827,0.3726004475295108,0.5483126240382029,0.1594843150388207,0.35673243925528675,0.3454246914011726,0.5620652451776371,0.5099786002053832,0.3301140750865139,0.5456865954754393,0.6261007465936699,0.31999053870578686,0.5266576558293852,0.5092706767771858,0.5163811748955224,0.6479966586016856,0.48966069431168824,0.3307191600905356,0.4860206688467019,0.17132967533141658,0.4907517360549584,0.602278493062374,0.6011457606700826,0.5549580545737436,0.2628350572744644,0.4139941677453453,0.3750584354536527,0.50745435179267,0.6150695556081293,0.45080896080103827,0.47332197757983496,0.6311184197666859,0.5291459372772392,0.49023374881409115,0.4285685253245857,0.6031513660555652,0.2212963964327034,0.5815205699294697,0.5694297214881088,0.5635836410963543,0.25772883164846844,0.0,0.28119651289790915,0.40998727026456894,0.538859746334664,0.3336837270879014,0.4130465480237242,0.5292621060900757,0.5000160598598016,0.31033944849510486,0.2662362259602318,0.4802958117378263,0.42375290095169116,0.4715531037111662,0.3720538515638258,0.46398457600641885
0.4370385630448579,0.42100802004774585,0.5863392982056526,0.044084235045597275,0.4770522928095898,0.5082440493584383,0.0,0.4576368797399016,0.5743224452577733,0.24492832383268895,0.7160278925494441,0.2627155674296492,0.6160956481954754,0.2037949904916335,0.4734366937576405,0.44210375475962405,0.38650275413212354,0.35696075243036685,0.7012326663465981,0.5041751259439495,0.4359310210455633,0.4462601298695524,0.5380113734515093,0.43071746981491166,0.3959724530046086,0.44844931036780095,0.44856569499027166,0.6348657889118996,0.44420966759844194,0.13478492611829268,0.5565697900437818,0.421003917010211,0.447793412864805,0.49984608709214917,0.5467827135657229,0.15757667395263952,-0.00870887112762253,0.41488918754069026,0.6569665993444936,0.47452336836481723,0.6114675589119684,0.8381593463213266,0.5172339401691641,0.9281002397211544,0.2633186271263799,0.0,0.34797947524670547,0.38257662233010203,0.0,0.4411865242544464,0.5177318594319547,0.623861953356663,0.4977076342110843,0.4583648188412253,0.5279415395657332,0.40319918814046457,0.4861349823173259,0.5178555090895544,0.22699252602862846,0.3362396718615963,0.2518974548108411,0.0,0.509053023465441,0.5487660137481686,0.46425513726656176,0.33533310018988993,0.3232643419702884,0.5532715617047036,0.4653625554652669,0.2975174665074435,0.3204469016088465,0.5014774127931123,0.49956259409789194,0.43525156574793705,0.49431497012129433,0.4369373841768596
0.22716065722548934,0.48613826238115077,0.4555555941248335,0.3162155767688162,0.20697443807065838,0.5674275143771486,0.4576368797399016,0.0,0.3493073787706854,0.08252843015614275,0.3173852270302515,0.5943233645154222,0.511759925025911,0.5336127259308422,0.0029399134193539567,0.6801772278971527,0.4150475781998523,0.5898887610421669,0.29125275774634257,0.34720846279907064,0.15322708047896316,0.32819420373028096,0.40676335507921907,0.23094736728451146,0.5664726409309084,0.3567272778416718,0.43751817970088963,0.38013821380260016,0.43745173246686,0.3103870035851554,0.44908169365983175,-0.025301829578491752,0.3545227174687834,0.45652268512222083,0.3689885245700711,0.253882948806758,0.2385206557517467,0.28029029500028857,0.19091319195456202,0.20580719729911295,0.05220359819089643,0.3783656157771757,0.2051090791099619,0.35310246375180787,0.0,0.4589104984119435,0.25457981342389746,0.30554813319893764,0.0,0.10982111167955666,0.13709668485591653,0.4610376324990587,0.0769222986145241,0.0009913170908052438,0.6407739190951292,0.28613266361060674,0.9850391773387663,0.4232127198226777,0.24889709628847068,0.5276041365253231,0.2294220248077338,0.0,0.57408900405579,0.3261429075442417,0.131236879756825,0.59582286340008,0.270092947379733,0.2889215286154375,0.0,0.3199524019062189,0.13339360981368725,0.18331912276322682,0.2628888195356299,0.21087011989718155,0.3665157275830016,0.1374284436209226
0.4302295133966366,0.33093215365016304,0.20345978244727017,0.6055635614565921,0.3374374290472919,0.34813853063901284,0.5743224452577733,0.3493073787706854,0.0,0.5750477555310539,0.1819553196060086,0.512797050584178,0.8314419338998138,0.3709495126379546,0.3773433060593925,0.6598489924535795,0.4571459482583814,0.6033078961114189,0.13959525819404467,0.414314773856133,0.3148380494716829,0.6276794062206139,0.5598335275419251,0.6563799355220459,0.559702954247037,0.7164211033745203,0.1921007186657227,0.6795689936627485,0.6379382121879362,0.7105747741382816,0.6538164089208237,0.6558187388299186,0.5549684923423923,0.6511254337569299,0.5796609412454544,0.6202946124570314,0.6016720548800429,0.5594433823143452,0.3666799973102197,0.17165665963810406,0.4548018520452931,0.6177822469046295,0.15966880499894476,0.36201889798963993,0.098260960914753,0.0,0.2714195444616581,0.39382172254325576,0.47308373330581693,0.23818373592150555,0.4170536486188786,0.5754852370708142,0.33330801588174075,0.27350329507503957,0.20823315433132594,0.40470904066748287,0.2398784114314254,0.43514225366093545,0.25224444869950463,0.37644590753125595,0.44610999080792135,0.0,0.0,0.2622167381168284,0.255708848238981,0.6394917873462902,0.3382359985713429,0.444636680563115,0.4265666958961266,0.44310957350507096,0.214649357628114,0.39364789161852254,0.3978245593096639,0.5004135297856286,0.3044391757481745,0.5231721231277235
0.41101109521555707,0.3937993298471153,0.38704810318898625,0.12024861270171476,0.49990159290452374,0.41722243998431185,0.24492832383268895,0.08252843015614275,0.5750477555310539,0.0,0.6234631629921576,0.15715247968054408,0.26343984690771677,0.06648749405583876,0.5707831407482915,0.35609743453885545,0.2796040747653125,0.31737796692042086,0.5003522179937404,0.23864392550261035,0.6370827193766435,0.43892579165914974,0.2528959146847417,0.20605556563785166,0.4827311572890901,0.23030085552939616,0.27068663727768305,0.2925076922505477,0.2798005669595076,0.26171241099009657,0.3522010876744846,0.06544616349618759,0.20128966367656076,0.3266918714160584,0.24010429998703256,0.281705880973409,0.3712579232305584,0.14956765936128352,0.015965574453402298,0.11491909889110771,0.11696772632616925,0.1925137922984933,0.28857732122409646,0.21622441474616563,0.1541317732971333,0.5377759736975642,0.3754722098115385,0.36296746093033216,0.47901456449500546,0.48730892600483366,0.27082516499544795,0.24187158068641315,0.6027344023574894,0.3601654645675909,0.23400115212159642,0.23871141801570886,0.2613835080895803,0.5154375142825165,0.0,0.6175987379642296,0.5296517667664635,0.2149021907272509,0.3151838563004751,0.48254463028425165,0.47535066985360713,0.4703354648184743,0.3564875751594642,0.47894676693990546,0.18330441829116673,0.29523434735555565,0.32803574441126937,0.36660437998817363,0.4434404056196862,0.20281929184414788,0.0,0.5556935837908161
0.2680332165973751,0.17979546769905658,0.26941869011182173,0.4622704476791988,0.3514420419907062,0.1680867154550168,0.7160278925494441,0.3173852270302515,0.1819553196060086,0.6234631629921576,0.0,0.4372689110005503,0.6429319758923471,0.5552026759590005,0.0,0.5022017783632735,0.4643205123909608,0.4286062930135639,0.09465334977815765,0.4610165054186164,0.2198376297376712,0.22125780096852588,0.3383022664210141,0.6418358803677576,0.5158525963293173,0.539304095229652,0.23334575127586377,0.6236317285590183,0.3633651672580852,0.30946574854238884,0.5886086630552844,0.41666958048816655,0.4639994228980493,0.6125337466277231,0.5699570707455461,0.6168903568126629,0.706204682348331,0.4527863469346956,0.3745054824422769,0.357531666923683,0.5785750821039914,0.3596711472920408,0.4248037194911338,0.4898364283788854,0.11499385357314719,0.0,0.0,0.5545389344318645,0.4786810275962931,0.2516829778906604,0.35537472002425885,0.3578843379563175,0.3175760577624277,0.11085429305680308,0.29878343528452733,0.5272119983091647,0.2694255176737181,0.4223370045011722,0.43925956871774025,0.0,0.0,0.0,0.0,0.4505638308549704,0.2573536480517236,0.0,0.5326593265966211,0.34911281917988524,0.0,0.0,0.9445998381232161,0.4172625398718308,0.32725231000253474,0.22105402981313377,0.0,0.32995060577696
0.351999364732479,0.18025320542644896,0.4446771425617076,0.2966976654052122,0.38544756058461166,0.442155150097879,0.2627155674296492,0.5943233645154222,0.512797050584178,0.15715247968054408,0.4372689110005503,0.0,0.18574103911022372,0.3908054773513374,0.4636659896682994,0.35461689743448366,0.21420959574032766,0.419151804539311,0.512214019496683,0.020466394264848642,0.4325391564040476,0.3219077911144028,0.1796823722765888,0.28146639227518555,0.28094098499564857,0.16573981381875863,0.3250139258515102,0.2973193548019955,0.21634731564096454,0.18314300371201137,0.2457659104524656,0.06781370382094212,0.2208193932454647,0.1362790384533571,0.24673565645430923,0.24075717639718278,0.2726086648080889,0.16362768994988625,0.3734272363813886,0.02953971610612216,0.03988312415319978,0.3293894191801944,0.25261325075431823,0.3006224157669343,0.229583448426909,0.29369227403054443,0.42863807888899175,0.3768636881365134,0.42078923122433687,0.29416585287359,0.23296479033002362,0.4466463749772199,0.37744102444491523,0.2767977341612923,0.11787907576755502,0.35065381169849885,0.3329288363260471,0.45002136829573236,0.57290802015534,0.5423425478113497,0.3848082200014894,0.04172004640374799,0.1838160548306052,0.27532619073445075,0.4229332341891534,0.464753467682512,0.3666344062980066,0.19935258364962039,0.10359212293740688,0.1538438039980381,0.21849357755082516,0.13798397246428565,0.4373546912451848,0.37623724401635517,0.0,0.1770132102957835
0.4126734130115136,0.3975242273853278,0.5860830429942882,0.14145370617135758,0.5222135393614582,0.5350831643882245,0.6160956481954754,0.511759925025911,0.8314419338998138,0.26343984690771677,0.6429319758923471,0.18574103911022372,0.0,0.2997473823626855,0.4695443686168911,0.4515937233630958,0.23491690331421067,0.40060510947489636,0.6668343664466565,0.4749317573553449,0.40565280743770193,0.42103974776197706,0.5235790014136658,0.2182153031195564,0.43474229716171253,0.4365200095045904,0.48885431028491855,0.45314706594486975,0.4270248127505646,0.43647650065429533,0.3494861567742588,0.37886304884852917,0.32514600146454686,0.2561524750987574,0.33897854303793834,0.279217486975485,0.10384123761840025,0.05104694511551422,0.6487313037999867,0.5044701820009917,0.7085428243415577,0.7891332782639207,0.5001336479490982,0.7399039734136517,0.33852408853534094,0.5138475007674984,0.453317052178479,0.5123170789083241,0.0,0.5055173030316642,0.4977033912666123,0.5805175569590122,0.4426713695553736,0.5117274114148171,0.4790727725177648,0.41909758129622887,0.3052754522586383,0.6110141617524636,0.43914230052951264,0.533312874429797,0.16688253528382274,0.40783816111820825,0.3510840028608736,0.47030525823885433,0.4696604850206447,0.45691394742904745,0.452976474384471,0.5333928035159698,0.5566983122035805,0.35189198182748826,0.28228045001710955,0.5130330761833015,0.5263328377208627,0.4592634874824084,0.30885870209059824,0.49410099834717597
0.16269801372712342,0.29530609743628783,0.4156672956373882,0.5712321678013343,0.2670670263275403,0.4369475580917006,0.2037949904916335,0.5336127259308422,0.3709495126379546,0.06648749405583876,0.5552026759590005,0.3908054773513374,0.2997473823626855,0.0,0.31948074431826173,0.5082858811660874,0.5004836846144749,0.47815686524193746,0.4996431279992589,0.2656039109103081,0.4635180624467917,0.20250343181731656,0.36741100891088496,0.4986737377237437,0.4139792258188032,0.20657331526456607,0.43704096224476974,0.5159548371443452,0.20381347081555043,0.505616087682395,0.2534767966481681,0.06944644429841618,0.34518433097220286,0.574916390983836,0.37526497062475983,0.22970493421278354,0.38020067434354443,0.3659404919190964,0.36424022587153915,0.0,0.634054397150609,0.6983455618155284,0.5065319714938882,0.477819415927834,0.0,0.0,0.0,0.11433992177960123,0.0,0.16356793554696003,0.4097729526838173,0.35118669271088554,0.28443649035963564,-0.09587953929201887,0.0,0.3029459963707206,0.39177109283718436,0.6008190973398,0.07893947336970042,0.0,0.0,0.0,0.0,0.1038937084922392,0.0,0.0,0.0,0.29850528873504334,0.0,0.0,0.0,0.18602356903196693,0.516693389224949,0.0,0.0,0.0
0.3532681663817847,0.2868995367961301,0.17638953850222644,0.35696301697236854,0.3420597801364813,0.5715540792055906,0.4734366937576405,0.0029399134193539567,0.3773433060593925,0.5707831407482915,0.0,0.4636659896682994,0.4695443686168911,0.31948074431826173,0.0,0.42822089759324944,0.5998588584900431,0.2984300600263321,0.0,0.31634060674947706,0.22278661296950894,0.3707293999156585,0.5550251096310468,0.36392822886222587,0.29930469899353207,0.20131359743531885,0.46049716995999124,0.3639884419038621,0.4257585788599926,0.376104259678849,0.38104003172641343,0.22733475024241118,0.38887309877112103,0.2895368204020424,0.3798106964809176,0.49252468807572247,0.25141095893510124,0.3914875265310108,0.19330287005367272,0.1155054146794035,0.21130003843985873,0.25503871491177726,0.45254935303105565,0.6514134325704184,0.0,0.20722819008003773,0.37931079620555547,0.23608779790330905,0.0,0.0,0.2686734723729205,0.5718958739139931,0.4222811953592459,0.42264090933365356,0.0,0.0,0.6154835828817572,0.36761498836583895,0.4800922929283351,0.6024221795973146,0.3116498477996172,0.5425759544707542,0.5318365629673248,0.0,0.2716469782701526,0.39071556018447673,0.4622543715732273,0.645646620212768,0.4773217222209894,0.2819224286667833,0.2828552712453316,0.5189441350826423,0.39764448711297734,0.41694704685356504,0.28478838646793403,0.2605548658872239
0.5062605868948813,0.27267871050705556,0.2876260789862249,0.30297936734087205,0.5052132255109479,0.420587692458647,0.44210375475962405,0.6801772278971527,0.6598489924535795,0.35609743453885545,0.5022017783632735,0.35461689743448366,0.4515937233630958,0.5082858811660874,0.42822089759324944,0.0,0.3280239226113461,0.5946731557030296,0.4614246821461707,0.22733297106701056,0.3788525670589893,0.2962396518084587,0.5236880260469674,0.48593797416091206,0.43348802976603906,0.25876059496140186,0.43129030199168683,0.3528635625778529,0.2265099781361303,0.229129759862311,0.40381074417628415,0.38008686485470156,0.18471924993363698,0.2392499057129848,0.3811716433587432,0.6842999015637197,0.0997821358638458,0.38115907378571584,0.31494649241227596,0.2759764152641194,0.32402869641449217,0.21580966522012557,0.468931215011056,0.0,0.0,0.32667974295615554,0.38435260720439385,0.0,0.0,0.0,0.28760922500163555,0.36759018557186673,0.39580486069008225,0.0,0.6377758143919906,0.0,0.39983887554650305,0.28708045597650617,0.0,0.4275161603686364,0.35091167640873483,0.8055842796452546,0.5756925905480279,0.0,0.28699239294397655,0.5074873483068809,0.2865459379841677,0.47215972966557673,0.36871168930722076,0.5541959800459568,0.3748644238022939,0.25427875110139103,0.02300197239863566,0.27528398455373004,0.0,0.19148920226293986
0.5035050234382861,0.45654042879139717,0.3399385693780602,0.4605602272531598,0.4693891605880914,0.4739497701661114,0.38650275413212354,0.4150475781998523,0.4571459482583814,0.2796040747653125,0.4643205123909608,0.21420959574032766,0.23491690331421067,0.5004836846144749,0.5998588584900431,0.3280239226113461,0.0,0.5416010168802078,0.5640302445905078,0.40439335695059664,0.6839760180803536,0.32554026069229436,0.2279098920560881,0.4196317581265241,0.5420580422411778,0.3070181549026808,0.4994477398357441,0.5792078011231456,0.3785811280664867,0.46923589695474743,0.3299229565950381,0.48276180345453495,0.4002135897855438,0.35147503865815244,0.29589341218675497,0.6704525304422296,0.36682023488088794,0.08423802569975447,0.40295930546801045,0.503863112371533,0.7863061271529415,0.4222189768557083,0.0,0.0,-0.10743362277899371,0.6162687952256092,0.523139272650348,0.0,0.0,0.0,0.0,0.0,0.0,0.0,0.48100976970059034,0.0,0.4360236498665477,0.451343379101973,0.0,0.5997357483870405,0.4157457509042311,0.4643581696171768,0.5124710432251959,0.0,0.0,0.0,0.3730111813145881,0.0,0.5452359332352696,0.6254128847704596,0.5712648090859722,0.0,0.25482848824343185,0.48011704366682906,0.0,0.8874910763573439
0.3422451392126883,0.2957847761014173,0.4644164797402862,0.47073326696672674,0.3113587043439199,0.3580250822533494,0.35696075243036685,0.5898887610421669,0.6033078961114189,0.31737796692042086,0.4286062930135639,0.419151804539311,0.40060510947489636,0.47815686524193746,0.2984300600263321,0.5946731557030296,0.5416010168802078,0.0,0.5032572833262494,0.32536750341415943,0.6180552042275396,0.28717706649011976,0.5445864094709433,0.4112744958168686,0.368379037049579,0.20191220956546996,0.3150121128522818,0.27926221493171965,0.23477976125033065,0.42284930407285387,0.3967491355325866,0.5144828956092036,0.5093467276734518,0.4884878016062981,0.43667521851550295,0.4442121479758369,0.40610808515852115,0.2862227402106859,0.545498583198915,0.5809537065901058,0.563380015503913,0.48562680205268605,0.0,0.0,0.3667233588474964,0.45740902149070684,0.44570248116399325,0.0,0.0,0.0,0.4091498432109027,0.4959509238981662,0.5841822517695445,0.0,0.7121590841295874,0.0,0.614304745432035,0.38538870625458055,0.0,0.4808846759299104,0.48426990022112715,0.6550986712200308,0.5643526086995732,0.0,0.36807884768830795,0.4048334593887195,0.3939924849265026,0.587987967102833,0.6384696729743169,0.6127440543983669,0.5889139317618015,0.14496952531420887,0.5143154565588979,0.3359091662669488,0.0,0.8465165221233574
0.0,0.4997792655959143,0.27352678460112456,0.6073146916653489,0.41369986198971676,0.5037847438439771,0.7012326663465981,0.29125275774634257,0.13959525819404467,0.5003522179937404,0.09465334977815765,0.512214019496683,0.6668343664466565,0.4996431279992589,0.0,0.4614246821461707,0.5640302445905078,0.5032572833262494,0.0,0.5251495538567266,0.30149942604475877,0.47180714687638375,0.2645263687545031,0.6377780879655262,0.4545664389916289,0.5370890685087969,0.35947851438627976,0.6724253368926056,0.5269951956776061,0.4952301163076257,0.6464423049089124,0.689158697165039,0.3308688869195571,0.6194449804903011,0.5224204517177707,0.7420158025167218,0.5755674655151739,0.2641038772305999,0.2710409177196288,0.4687128953396582,0.4942593842883203,0.40591424907834517,0.3302276083089769,0.35667275203377463,0.010513767824398182,0.0,0.0,0.37939620790488326,0.0,0.13266331054576308,0.3018353979431737,0.29760597256084187,0.14308989378766845,0.21495921935269718,0.6226036425952478,0.5303293697372748,0.3451229275956026,0.2863269664163375,0.08271236420356842,0.0,0.0,0.0,0.0,0.460254528854141,0.478714884607509,0.0,0.4961203467198707,0.34306081332640226,0.0,0.0,0.0,0.31025335196531556,0.2631933409149119,0.3510518277067972,0.4661844714912257,0.29344625666867624
0.35873849468430263,0.4107494589474475,0.29206817093883736,0.32981312126731505,0.4094928053009209,0.39751921376861304,0.5041751259439495,0.34720846279907064,0.414314773856133,0.23864392550261035,0.4610165054186164,0.020466394264848642,0.4749317573553449,0.2656039109103081,0.31634060674947706,0.22733297106701056,0.40439335695059664,0.32536750341415943,0.5251495538567266,0.0,0.4300345328120789,0.38980560399902475,0.32508536693677137,0.0899049711240017,0.36496675106430043,0.2483415638360046,0.4614475533007326,0.5200127560708423,0.3555990755350567,0.50190275377686,0.4816680729357038,0.24615817571228657,0.2749804474487424,0.37580541203192985,0.46421528586765715,0.6013627721159112,0.32556842856652923,0.7851734741490195,0.24240244833731553,0.1559147042893169,0.32705989002383096,0.24144117723946307,0.5876393081096911,0.486467533352776,0.3471348484327901,0.3565005179194556,0.30203002632185627,0.4171007558945921,0.0,0.0,0.24608716294515864,0.40457213068656683,0.46907259952193825,0.49524277818000717,0.7910952256077795,0.0,0.39178442925623674,0.3603456611243117,0.0,0.46220671685765025,0.18227761201622025,0.4703155681266165,0.1855277619829086,0.0,0.41331414357790486,0.37630583864168776,0.33239097068678747,0.3837840099655262,0.0,0.2906596778768409,0.16655741119589967,0.38237061261629046,0.288318380699482,0.41025801060901257,0.44725990644819236,0.2899324885919965
0.16336280837158987,0.3198586065883271,0.2693083697452316,0.4656466192926981,0.3143106883433531,0.5479112896518827,0.4359310210455633,0.15322708047896316,0.3148380494716829,0.6370827193766435,0.2198376297376712,0.4325391564040476,0.40565280743770193,0.4635180624467917,0.22278661296950894,0.3788525670589893,0.6839760180803536,0.6180552042275396,0.30149942604475877,0.4300345328120789,0.0,0.23106818933805623,0.3097590996453713,0.24383794940903597,0.5420691722449095,0.19578762524944734,0.4437150471888157,0.25999386967478877,0.3883268065554214,0.28782722525490634,0.3702470377712034,0.09544688580529953,0.29972719554674676,0.17354868751256336,0.18056926045069277,0.26612578587086955,0.2673556650909761,0.7576639586836513,0.35986766164813716,0.28783056400797213,0.25979360234870214,0.355908486168885,0.42437351311471216,0.0,0.0,0.599571506495198,0.3783676819963946,0.3943489940737369,0.0,0.0,0.37752445786826544,0.36042269667407756,0.45061374656771913,0.41067677372498196,0.4652545263412664,0.0,0.44185218124106546,0.3675642196540009,0.0,0.3576917329601423,0.3153833414751851,0.0,0.10753120179026765,0.0,0.5084603131468904,0.5597938122704148,0.3265422461480777,0.40911984196532303,0.5472943067791312,0.3142454528375908,0.29845246019958915,0.3954641651009601,0.32650453916218336,0.4332021066460435,0.4580961058376599,0.3271922332864337
0.3774718520439089,0.45775747389213906,0.4288336082635566,0.4133063370283788,0.6929637093995386,0.3726004475295108,0.4462601298695524,0.32819420373028096,0.6276794062206139,0.43892579165914974,0.22125780096852588,0.3219077911144028,0.42103974776197706,0.20250343181731656,0.3707293999156585,0.2962396518084587,0.32554026069229436,0.28717706649011976,0.47180714687638375,0.38980560399902475,0.23106818933805623,0.0,0.6761235486741909,0.2521392678610678,0.4022522035160976,0.3074728453437112,0.395347322756169,0.5233506706933667,0.33078524498963535,0.589406937094274,0.2811566859968957,0.2848856956878624,0.17501825017713535,0.288689978790885,0.4057403181368777,0.4084498331387364,0.4450332933754463,0.5920819269661761,0.14853903800072984,-0.0429010939034461,0.14217220382405688,0.1442838885036356,0.09719232007578099,0.33016147959438163,0.41272902876285944,0.35830556869622543,0.38575735157625585,0.5528429365254421,0.4786477128941292,0.4021275803461697,0.32642739070629107,0.3829438527653537,0.42776721506646614,0.5143056021930332,0.490723694759008,0.0,0.32210504944629637,0.3505575978881708,0.0,0.44013871618621525,0.22374458818796902,0.31940968746891746,0.2502926989693042,0.0,0.28784896407098504,0.3728191933845627,0.31241144797820153,0.31537015498341725,0.49389958198575945,0.2756428914585819,0.24010906623694606,0.274863929301419,0.013023163986290831,0.2758800074066927,0.399280079284959,0.0682823399864137
0.3513180795811945,0.5405731244644679,0.4008062094397266,0.23335181991532195,0.5263399206380397,0.5483126240382029,0.5380113734515093,0.40676335507921907,0.5598335275419251,0.2528959146847417,0.3383022664210141,0.1796823722765888,0.5235790014136658,0.36741100891088496,0.5550251096310468,0.5236880260469674,0.2279098920560881,0.5445864094709433,0.2645263687545031,0.32508536693677137,0.3097590996453713,0.6761235486741909,0.0,0.29175424961472984,0.5586143025595022,0.41244293595731724,0.006391651771217893,0.38196710499370456,0.42598070053297943,0.3623000005096289,0.46459981396398575,0.30848420604081445,0.30009790120179625,0.4530674885323183,0.4220953116375967,0.500595450582817,0.35888264724041996,0.13977871089275937,0.38979228873183974,0.4510062359815293,0.43832321072781244,0.5112650634394622,0.3764801395107844,0.4814245231714771,0.42671676041087314,0.41626512299538754,0.45762323166585017,0.5926926907452339,0.23896069412476334,0.451169784692497,0.4503153238969082,0.5941456287184947,0.4136585343305418,0.47107982601102827,0.4755089648118803,0.5667006750999874,0.2830177898367215,0.5111393161332626,0.3411758989460041,0.580465806217653,0.485175277362614,0.47535066985360613,0.6838432423322929,0.5847405844507516,0.4858405074893889,0.5242408534384616,0.427117450403807,0.6591037665552759,0.3603761707927462,0.4421773880480442,0.30853107278052294,0.42157276997326515,0.3649271613711935,0.44949542872676174,0.38655358864276723,0.4360660972293906
0.407879915916035,0.2223193350148707,0.5291709190992363,0.2554557880783692,0.4973931843591406,0.1594843150388207,0.43071746981491166,0.23094736728451146,0.6563799355220459,0.20605556563785166,0.6418358803677576,0.28146639227518555,0.2182153031195564,0.4986737377237437,0.36392822886222587,0.48593797416091206,0.4196317581265241,0.4112744958168686,0.6377780879655262,0.0899049711240017,0.24383794940903597,0.2521392678610678,0.29175424961472984,0.0,0.4050536034513093,0.25580748108241336,0.3712692659477772,0.3148520138052925,0.1429404327493306,0.6482682761699136,0.48075374053108105,0.5062127601001803,0.4792284576082418,0.21248122513111128,0.3232701076383799,0.28832298342529017,0.3913223376100615,0.37849328498703677,-0.2293916272509013,0.6332602901053099,0.2912227732692423,0.6456300786653869,0.36477066298742883,0.33419162627420756,0.3202210423190619,0.369690511568415,0.3480942449341341,0.0,0.0,0.47466123120258796,0.4965322018247228,0.3898771736588664,0.0,0.3151132825037224,0.4726735150822932,0.488610927987425,0.5281079950688867,0.4097502962014936,0.0,0.37410469119775985,0.4461478760509552,0.3808437891481997,0.4879586774689793,0.4663682332413628,0.42649876386229507,0.7824908228718959,0.2973465688554525,0.6622085688106556,0.5488934095533424,0.5609379809470529,0.48649441964096996,0.3993387161519201,0.5139151528520804,0.23048538467085217,0.0,0.6734557485644572
0.3736493725752775,0.329944451107407,0.5658516922182011,0.809930738861922,0.40160086463001204,0.35673243925528675,0.3959724530046086,0.5664726409309084,0.559702954247037,0.4827311572890901,0.5158525963293173,0.28094098499564857,0.43474229716171253,0.4139792258188032,0.29930469899353207,0.43348802976603906,0.5420580422411778,0.368379037049579,0.4545664389916289,0.36496675106430043,0.5420691722449095,0.4022522035160976,0.5586143025595022,0.4050536034513093,0.0,0.09136330347577351,0.3806199373236916,0.2727211128930349,0.18416028728753886,0.3895344253102668,0.36939973012608746,0.3317451970968055,0.3527407118318734,0.32210762183603014,0.3577233872933955,0.3678547395362533,0.37287540455673074,0.3398539150591377,0.440172759657595,0.49977875095522745,0.5197086400824069,0.4250699444806623,0.3378296844908769,0.0,0.542988868828058,0.4889763216522638,0.4841007932375655,0.0,0.0,0.0,0.2719030541412315,0.21442804476686575,0.3774174599881739,0.42478136221160656,0.6132882167471875,0.47578610643725283,0.5921480050687191,0.2103022366491407,0.0,0.43293770123785225,0.43999290009196956,0.6058808541179033,0.5657069033149148,0.0,0.5127531725830208,0.35134024929997487,0.4094906417874296,0.362586026207688,0.5357249341033691,0.5822624253888822,0.5020186594133201,0.27329188345755706,0.2926372344497632,0.2836122184892417,0.0,0.617879936923577
0.28934712657032746,0.15949661515536157,0.3956371582945187,0.2852514987891168,0.7379741799655408,0.3454246914011726,0.44844931036780095,0.3567272778416718,0.7164211033745203,0.23030085552939616,0.539304095229652,0.16573981381875863,0.4365200095045904,0.20657331526456607,0.20131359743531885,0.25876059496140186,0.3070181549026808,0.20191220956546996,0.5370890685087969,0.2483415638360046,0.19578762524944734,0.3074728453437112,0.41244293595731724,0.25580748108241336,0.09136330347577351,0.0,0.3920103073705913,0.37474617162327983,0.255391186953374,0.2538264386133829,0.1887902833026257,0.30864025104036275,0.0984688055770489,0.19158751725624962,0.24038781909014378,0.34799282877816046,0.3199811572317026,0.18176045664445856,0.22756996945089591,0.30715334755405305,0.30292047692256824,0.1788741145104843,0.11673984491168746,0.5171733555862351,0.45136991626059664,0.2829754134655496,0.3829989686080602,0.5475058065810047,0.0,0.003959378231536156,0.2601964990918634,0.30076432893768656,0.2792443124079548,0.5132128157883891,0.4726911113219063,0.0,0.4927411311991367,0.28359984439359665,0.0,0.38708501269827894,0.31094362851050317,0.4182954011199439,0.4293445388672137,0.0,0.20320942196464015,0.4777066468405022,0.37691801007015224,0.23057705185155447,0.4727636135477297,0.43859123469882555,0.2580117731532193,0.21956522150219776,0.200830757001749,0.25325876122717955,0.4861841998889705,0.33004145393430756
0.4354942646583419,0.44074316976059374,0.2521267527352332,0.27950066068006735,0.5721614230321526,0.5620652451776371,0.44856569499027166,0.43751817970088963,0.1921007186657227,0.27068663727768305,0.23334575127586377,0.3250139258515102,0.48885431028491855,0.43704096224476974,0.46049716995999124,0.43129030199168683,0.4994477398357441,0.3150121128522818,0.35947851438627976,0.4614475533007326,0.4437150471888157,0.395347322756169,0.006391651771217893,0.3712692659477772,0.3806199373236916,0.3920103073705913,0.0,0.3880257105883305,0.46600835029299104,0.39186071020754343,0.381501719370484,0.28263021743856465,0.3253877741789618,0.4387765356785111,0.4443583673883773,0.557630265917753,0.41069293461297846,0.2323857099964976,0.36168447803559545,0.26938725059356405,0.4301245024805681,0.4743939741266362,0.5127540125504357,0.5506835395839202,0.30265318515778455,0.24601452974274773,0.2853282468967123,0.48222932802080204,0.3413507766292819,0.4518484692251643,0.48128635222003374,0.5933933033817421,0.3167099741886878,0.4352880315781348,0.5085152436098797,0.5148509758560372,0.20653893644915264,0.5273662569152384,0.503593183675617,0.531669453844622,0.3094024423466744,0.0,0.3448990115872313,0.5116466467391474,0.47586996369776585,0.5775534428260021,0.3729214352222775,0.4745199614987638,0.0,0.3406082675543253,0.20996202892753296,0.4294702844560484,0.3952676138999478,0.41759768399146,0.3218446007116847,0.41147160691567203
0.34598549677850665,0.29333716877459953,0.604562670493998,0.2942271553302662,0.4005653768262989,0.5099786002053832,0.6348657889118996,0.38013821380260016,0.6795689936627485,0.2925076922505477,0.6236317285590183,0.2973193548019955,0.45314706594486975,0.5159548371443452,0.3639884419038621,0.3528635625778529,0.5792078011231456,0.27926221493171965,0.6724253368926056,0.5200127560708423,0.25999386967478877,0.5233506706933667,0.38196710499370456,0.3148520138052925,0.2727211128930349,0.37474617162327983,0.3880257105883305,0.0,0.4459636862149139,0.39973036688974173,0.4614007247611195,0.28780505351087027,0.347539812593707,0.11609646253027434,0.17614251479143453,0.4073090042964552,0.18564202230006602,0.2321448264236917,0.4063805643127084,0.44618083333118747,0.5206488595714145,0.5517771565097805,0.485881139900856,0.39113143129574635,0.48153671713922713,-0.055281157586241025,0.32020570816250704,0.4691679130061214,0.0,0.45103897058116393,0.4348902662841858,0.5494976961699108,0.32022532057269415,0.46392494549182095,0.5806759502246615,0.42103481651194763,0.13291798624827145,0.5197692996854651,0.41320276419569624,0.4797837339696598,0.14380841727906546,0.351890472249614,0.6213416799467988,0.5894590652581464,0.4584421094171105,0.41081186189932184,0.3519432231794799,0.4533856456064563,0.5732622763843651,0.3424808156993243,0.191122534353635,0.44178310946968147,0.4497129956553864,0.38919928035695645,0.4106927457025326,0.4632730127573086
0.12178965250328244,0.23385785685794686,0.6307442098274656,0.25862941104902715,0.5282864608890407,0.3301140750865139,0.44420966759844194,0.43745173246686,0.6379382121879362,0.2798005669595076,0.3633651672580852,0.21634731564096454,0.4270248127505646,0.20381347081555043,0.4257585788599926,0.2265099781361303,0.3785811280664867,0.23477976125033065,0.5269951956776061,0.3555990755350567,0.3883268065554214,0.33078524498963535,0.42598070053297943,0.1429404327493306,0.18416028728753886,0.255391186953374,0.46600835029299104,0.4459636862149139,0.0,0.45668286487257853,0.4389817177014085,0.0697830098267205,0.2871208056743602,0.47216988678291405,0.38899772067727995,0.5119974976686711,0.12370134951478057,0.30015936799736365,0.31889828316378466,0.2680846971908323,0.4107018204874104,0.3830552083190676,0.31986571268404274,0.3817903413406179,0.4509701291310034,0.19280361122536538,0.14551782600395566,0.4193257521890086,0.47430605765160394,0.3446674892060957,0.38392108856692886,0.4900097679355992,0.46445134799429655,0.38754547692748054,0.4624301793585857,0.15334983646952677,0.4570152732149445,0.3660215144939778,0.5804184342884187,0.5124070796208734,0.1504480081725214,0.4831208760564788,0.3123818771146588,0.3343104679828341,0.44407817376598774,0.4788577939659964,0.34818701116327566,0.46330374228778587,0.46519084459272886,0.31062111659241076,0.16597738263217168,0.45628790154896126,0.3481553197758584,0.39774528610791227,0.31934467161624025,0.3791394475721004
