0.0,-0.04556981016929745,-0.04174709183632985,0.0,-0.006334298356660328,-0.03757199952314538,-0.02812311587718863,-0.032265165338219715,-0.0009890529916657953,-0.013586674843840518,-0.010183118860216223,-0.01485861769650021,-0.030355295000195404,-0.013703372278706716,-0.01455256686098888,-0.04607477630129686,-0.030216763571829286,-0.017732637134051044,0.0,-0.012259186732874738,-0.03849877051304473,-0.035645542446051226,-0.05197002478284751,-0.03419696484333418,-0.01898293538234519,-0.03461233786547163,-0.036028271197588946,-0.04011212129615499,-0.0243274342711976,-0.03944653181555291,-0.018221558196310772,-0.05353778896735062,-0.018871541408071957,-0.03391420441440185,-0.06238083117141807,-0.03174921328536939,-0.0009464745558969145,0.0004249184599800504,-0.02318420274408295,0.003962607128067286,-0.019605193135317056,0.006810861533800783,2.287166769449067e-05,0.0,-0.0054327081513854125,-0.033269734256474115,-0.027603285849410075,0.0,0.0,0.0,-0.047250430277569866,1.1102230246251565e-16,-0.02221955317622043,0.0,-0.0014331611353832763,0.0,0.021545028177756442,-0.00054634007278348,0.0,-0.018167667333493287,-0.013842364372008142,-0.0034908866311202935,-0.0030073183427781203,0.0,0.0031051142252070396,-0.01112978486472721,-0.010052838786314688,-0.007376409662262051,0.010295005740485696,-0.0021858890821233046,-0.01943774009363136,0.007280420279405675,0.0004715377034346102,-0.011053141260953803,0.0,-0.005833580109921299
-0.04556981016929745,0.0,9.12221925839507e-05,-4.55965937225522e-05,-0.0017189342956873688,-0.01974201945741505,-0.003786824706909331,-0.028515859410365774,-0.007728227744374372,-0.031973080072305426,-0.004191252069090989,-0.003545873863955218,-0.0184738246987467,0.005188351684271508,-0.03206476915723733,-0.05206442358819796,-0.060145114388010845,-0.03443169188973322,-0.012833113468808277,-0.03908373702921125,-0.058573876637911026,-0.04199986247376214,-0.02885205551003922,-0.001132820405695123,-0.024590644348839452,-0.05244414685337889,-0.03482632668164781,-0.03686295804399731,-0.03901798172561011,0.0066621300355361734,-0.061156173797267954,-0.08585049310105347,-0.06967989484609077,-0.08556503374596514,-0.0830753187974283,0.006081805599299106,-0.0023750024601332798,0.0,-0.02707763312135053,-0.0315709238926839,-0.030142893962522788,-0.014277888709069708,-0.009145516956780453,0.0,2.220446049250313e-16,-0.04992771581237454,-0.04009535286135313,-0.0005745210106038456,0.0,0.0,-0.052410894686417075,-0.040066324391137165,-0.0037986243651735863,-0.012153555774496672,-0.018706243026200053,0.0,-0.01534611500259847,-0.040106578986105534,0.0,-0.020678437559938534,-0.025243845448695124,-0.03623069300904774,-0.0031662478459907883,0.0,-0.022772638553028857,-0.03934836140431586,-0.03016685818034348,-0.032401702768443896,-0.0014045379969253036,-0.005764682879894234,-0.04008954076266791,-0.041619017901363964,-0.01311994894854368,-0.012210720624409532,-1.1102230246251565e-16,-0.02108659286610759
-0.04174709183632985,9.12221925839507e-05,0.0,0.007657358131251624,-0.008462250238148894,-0.005567881369590133,-0.005507477991710641,0.003477939707915434,-0.022693754202837202,0.022395502822799673,-0.008445429986836228,-0.0007833101571268486,0.0066885120203164505,-0.0340936165302399,-0.01875827850576811,-0.006062495475410101,0.005500109665238395,0.004296055090992179,-0.05112177437322163,-0.0017226375485314693,-0.0028701411329440374,-0.01031930013291138,-0.03857586991242784,-0.018403155027441498,0.004284277445855411,-0.0022795598634630654,-0.027338230263906804,0.012049945479450264,-0.010494592662299795,0.019142658961229464,0.01873142796057925,0.007204527120173165,0.023718697975951053,0.014912518174343081,0.01283078231797724,-0.012937812317437736,0.00428474129702533,-0.001381169172292418,0.06561509495183121,-4.6842172762850964e-07,0.03636798917050432,0.037826417629448605,0.03105141329173089,0.06215552194291846,0.0,0.0,4.9007493554353854e-05,-0.03507760680391164,5.137037698998981e-06,0.041383356639681845,0.0272420356380757,0.030752562857902954,0.025890427687474515,0.03673428601090778,0.08045513607025667,0.0876980412758469,-0.01589080546663607,0.03038820164334788,0.004703129916302395,0.00030373250257548223,0.0,0.0,0.0,0.10914948311106926,-0.006429863976465611,0.00472323217927989,0.0005960217899058651,0.0317133630701214,0.0,-0.00019514250006202882,-0.006432480896725934,0.02685556946064216,0.03573176454375804,-0.004180781571427761,-0.006342406811150614,0.029931498366433718
0.0,-4.55965937225522e-05,0.007657358131251624,0.0,-0.004352307105057518,0.005539962491709127,0.018259987374270537,-0.03772205439738735,0.003980673189428907,-0.015114865072152928,0.0020830455302242035,0.005429973046190251,0.020285771241343786,0.041784663400701416,0.01613942142282826,-0.0009203585550178195,-0.0009863855666549237,2.339247216853746e-05,0.0020748465218460854,0.0070637162735319725,-0.0005562246605103627,-0.0060219397069712355,-0.008307405347956986,0.0035410729220199944,-0.0001834304470218484,-0.019731409454727677,-0.002143428113782264,-0.009090880397231688,-0.008619553362721633,0.02406803570823468,-0.02682107368958825,0.004075606604116377,0.01526240750484209,0.020622021276801294,0.08453852957176561,0.031102875090224663,0.00045613455793033775,-0.00027186144346719177,-0.00928643442848881,-0.0006596349183556338,0.004926667402841978,0.018694627186326418,0.03512278323413043,-0.006855572243449348,0.0,0.0,0.0,0.0013720896063634802,0.0,0.0,-0.003262825087219201,2.220446049250313e-16,-5.353678749209223e-05,0.000526952926523494,5.551115123125783e-17,0.009753216435134271,0.011813649652956337,0.000734787160362127,0.0,0.0,0.0,0.0,0.0,0.0,0.0,0.0,-4.720334448454766e-05,0.005999307817970478,0.0,0.0,0.0,-0.005302186887000626,-0.003361681568887942,0.004442508500337838,0.0,0.0
-0.006334298356660328,-0.0017189342956873688,-0.008462250238148894,-0.004352307105057518,0.0,-0.012443187351078744,0.0011970172376646881,0.0024321473094420787,-0.015190848887386865,0.031205778340978707,0.008329790996922715,0.02502570445314961,-0.0003950883141112804,-0.016913917050674077,-0.014014162268610075,-0.026253996426566395,0.004435660547144726,-0.030762153305545215,-0.0046619188458283944,-0.01501218954173228,-0.016611066583128886,-0.013761863405649888,-0.004091883366762639,0.0026338247313465457,-0.005998201619438648,-0.008503661061553591,-0.009604430478111381,0.03454509820427887,-0.023943334832418284,-0.014056125324773627,0.014179049012988387,-0.008041789773813202,-0.00048743187582650505,0.002928021205735709,0.01370694663845512,-0.010151719051100266,0.020146924114846088,-0.001007393920648747,0.0455268005283449,-0.009131241247590571,0.031847625349012865,0.07140079123089876,0.06133483644883714,0.09452381255938463,-0.00015132257897293444,1.1102230246251565e-16,-0.02472234879335783,0.017752093554706527,0.0,0.049911993684855716,0.02595305697427286,0.024322165045005173,0.017441150930082305,0.029341834586547766,5.551115123125783e-17,0.042740978016091,-0.006785968429261102,0.027187524043585598,-0.00031186198792321207,-0.00010211009357985468,6.144207411235003e-05,0.0,-5.551115123125783e-17,-0.0037791635308560556,-0.004476961701989524,-0.00040222437019304946,-0.007577011645766241,0.02797606892151805,0.0,-1.5018166151181678e-05,0.00011548491180063403,0.025914339904707817,0.022483733708449194,0.005464310737591238,1.1102230246251565e-16,0.015766385530078475
-0.03757199952314538,-0.01974201945741505,-0.005567881369590133,0.005539962491709127,-0.012443187351078744,0.0,-0.00983960033797987,-0.01940181517387979,-0.023717684382043247,-0.043804097105025364,-0.00422920811022065,0.013652602366068467,-0.03482371643120086,-0.010961913852650718,-0.023266000303246104,-0.04044664896998479,-0.05457898599739591,-0.03450823572967432,0.021643701048352726,-0.04222198469446464,-0.017163935766936866,-0.03162770823388006,-0.0446986143984649,-0.02490300515721311,-0.016414888101164427,-0.026664574470502578,-0.03736392975379399,-0.04591296768016451,-0.02868641746131434,-0.014451968123482484,-0.021858903865280388,-0.0055375439482070465,-0.019747419972821645,-0.027609156935601675,-0.006193108932623925,0.00801486112707206,0.017601196971231803,0.007160405177126294,0.014606752591680261,-0.0648271317028083,-0.08341653227436652,0.03989308899396515,0.02069228511267035,0.020006583571766434,-0.004707995687632416,-0.02449521837511226,-0.019750774008914507,-0.010205779500494394,-0.006552614759204212,-0.0013709343960726095,0.015407600336097116,0.007275464443818824,-0.017250067787773327,0.0012577375668391122,0.019970455241107465,-0.004529440879267155,0.002706137626873495,0.011295072199477896,-0.001959869989508256,-0.01735310535782153,-0.008647159250793401,0.0,-0.014611883754708843,-0.00795604054686172,-0.006165644139905113,-0.02757964803683144,-0.021043968163586058,0.008491391618143551,-3.9689796418884704e-05,-0.011717241438401471,-0.02141052101710378,0.008897296168209112,0.016445420057836946,0.0002183939740274532,0.013717195065245824,0.0034444986768639163
-0.02812311587718863,-0.003786824706909331,-0.005507477991710641,0.018259987374270537,0.0011970172376646881,-0.00983960033797987,0.0,0.001884781537382807,-0.0016942335949229892,0.04952671150593846,8.010981369571679e-05,0.014560274007341723,-0.012381311239860138,-0.05740787049587287,-0.010492379590231249,-0.023089877229760636,-0.016753252429928145,-0.024155767947353468,-0.00830709311101513,-0.012341560240711813,-0.012932577049518612,-0.006163209792767244,-0.005363149941359613,0.008841127058661191,-0.015814344486894893,-0.02458699236495626,-0.008832847139887412,-0.009274046101482025,-0.014266341306332142,-0.008806902194487043,0.006661296149237272,-0.036501618414741366,0.0031848527075854505,0.011450295496152674,0.0069444087780333175,-0.004459806749191719,0.049798264174859275,0.025835846909450122,0.021150718382477618,0.00025677324000078494,-0.042579196729041924,0.044488234400349214,0.00677583298080342,-0.003376748357235171,0.0016755800597738624,0.0,-0.028285129200618042,-0.003583420181269892,0.0,0.020674628419427354,0.009524345350818308,0.007855769342258845,0.007495775814311212,0.007073399924154122,0.004953171509283316,0.014633686047364203,0.015064498065235798,0.014138136971068194,0.03254080468425108,-0.007194348468714196,-0.004035264065267885,0.0,-3.247041666598616e-05,0.0008944045613743512,0.00428448475821952,0.007547816248337003,-0.01715083445511334,0.0037024305227718046,-7.216523254399698e-05,-0.00022545968083664825,-0.027760088193324095,0.006510390195912263,0.013385728888673343,0.0012136687785654354,0.007671545863593754,0.00771833324678034
-0.032265165338219715,-0.028515859410365774,0.003477939707915434,-0.03772205439738735,0.0024321473094420787,-0.01940181517387979,0.001884781537382807,0.0,-0.02697812279933215,0.010331071395280889,-0.026513457231364557,-0.00764865639229495,0.004797669871438981,0.016747512245017637,-0.028459794161593943,-0.038685400006718274,-0.011230723782151397,-0.03770265402956641,-0.00381867774291228,-0.02840241234550106,0.0021052596450868433,-0.02426469203084347,-0.004222442869058096,-0.028759369577698257,-0.009705772172173943,-0.0298933395504688,-0.03834967970040848,0.004230026526797714,-0.016377717041336337,-0.004109681304787727,0.004350577496454122,0.023206424839665507,-0.00902383923088479,0.0027092728316550074,0.011479834199141892,0.04170981397212076,0.05487042777018547,0.03924587595926671,0.017516576629767633,0.011120728324237383,0.008603587012313063,0.011599256345575348,0.05387284983042795,-0.005874126237086719,0.0,0.003128747970225443,-0.024001511056572944,0.00945252116661044,0.0,0.04117328533709014,0.01775022489782052,0.016596914518116623,0.004661466537117576,0.029053809198503422,9.3979085981577e-05,0.04776863717139812,5.910203463321828e-05,0.01889210721669371,0.04099355648293984,-0.009713602618008688,-0.014131162545233611,0.0,-0.002672772323776995,0.030220178973510148,-0.032894172714864944,-0.00584208571334327,-0.005413447645655101,0.016202205441341988,-5.551115123125783e-17,-0.028659294971276505,-0.0038205868676594035,0.007803974006994896,0.011591178781782119,-0.0164078466702946,-0.016158787171974442,-0.004989862046075266
-0.0009890529916657953,-0.007728227744374372,-0.022693754202837202,0.003980673189428907,-0.015190848887386865,-0.023717684382043247,-0.0016942335949229892,-0.02697812279933215,0.0,0.025327545194240242,-0.03160577970759515,0.0084416627603629,0.0037472225940228254,-0.031036105717575646,-0.004556523886701025,-0.02729182242950967,0.007415429843203258,-0.04241085592828031,-0.008031418667696577,-0.03126736787019485,-0.0035737103782756963,-0.010943103208840343,-0.020907346558902862,-0.005960174849541033,0.020588647984662867,0.007624970609579673,-0.014025368725389065,0.012217096680248507,-0.016808519207106742,-0.001545319894176167,0.010859329119413674,0.006660462217581875,0.00943381364637541,0.011917075520014808,0.007489205806908039,-0.0027391820758274066,0.010807412235945835,0.00628049323770391,0.0522226930750756,-0.009865066475294115,0.03162031339722715,0.07450864589266293,0.009975340646302566,0.06056590679596641,0.010066776627222551,-5.551115123125783e-17,0.010837856885537733,0.005133502456359906,-2.467856997590001e-06,0.010487630042526064,0.0233050519108825,0.011945117761289703,0.010768369702808034,0.005539664019634238,-0.0019292977989822657,0.015349475568893878,-0.005910064528986181,0.01656457746518014,0.046392977414269954,-0.019459252408031702,-0.019065394275225578,0.0,0.0,0.003052453706186009,0.017288561222718046,0.00782198776974985,-0.007005721375176244,0.013347010138416437,-3.037271280020848e-05,-0.009361265250963868,0.0027213856523344293,0.015273952296989024,0.015249992631191867,-0.010459830516328261,-0.015020544479479758,0.013910950042308579
-0.013586674843840518,-0.031973080072305426,0.022395502822799673,-0.015114865072152928,0.031205778340978707,-0.043804097105025364,0.04952671150593846,0.010331071395280889,0.025327545194240242,0.0,0.032012122281525945,0.0162939335234924,0.04933840408887219,0.045389701303366004,-0.033971028630453426,0.006819426300553655,0.01461863571462424,0.018796325934314906,0.013545644819669078,-0.03455288400404627,-0.0019082377838545717,-0.025726641497459235,-0.0018119207493530465,0.0023704709177295724,-0.01332940480169964,-0.013756847294016605,-0.025056539948405565,0.049863671206087756,-0.036637902500690434,-0.006904880528939672,0.044848101040114885,-0.011835500393245657,-0.0164794021495277,0.011699186253879668,0.00900403863780902,0.04573643125696386,0.07068489521850502,0.02638035433142083,0.03484135351657458,0.05865457372329119,0.006588250626386516,0.013108550521350515,0.007764809072542456,-0.006143978678895601,-0.024141060659175262,0.009225375548829462,-0.026107317110501682,-0.0002696342614423308,-1.401283390772834e-05,-0.0010583822290024525,-0.022097235626934275,-0.004333572858063683,0.003951154590924433,0.002483636047768467,0.02141404647741263,0.002844466675817947,0.022136166545105362,0.029920292866293052,0.0,-0.0009461712526413479,-0.023007773650635832,0.0016690067176973744,-0.007811533347140853,4.6060919367540976e-06,-7.483735470059649e-05,-0.006227289678563064,0.009668206609618146,0.008220627395361113,0.0029631082315548785,-0.0021943643237632426,-0.004066550143746517,-0.0045939961267179585,0.03198425889816453,0.01697755775151083,-5.551115123125783e-17,0.021485621792167953
-0.010183118860216223,-0.004191252069090989,-0.008445429986836228,0.0020830455302242035,0.008329790996922715,-0.00422920811022065,8.010981369571679e-05,-0.026513457231364557,-0.03160577970759515,0.032012122281525945,0.0,0.007696972003718161,0.0058301721099552895,-0.0036011210645595093,0.0,-0.0002571944586295949,0.008867949598037383,0.016450160395859115,-0.007948150107318863,0.00013291139210891423,-0.001463629534984745,0.005202628435499956,0.03050848057756711,-0.005821693572830133,0.0021196126408767335,0.006251987276226223,-0.012950998039970185,0.012567873871801472,0.009547588103631821,0.0022400660798290173,0.01177346857219952,-0.0014889617526790966,0.008081247950694315,0.011776800494865292,0.006731970192378922,0.003156855558902605,0.01758390977194002,0.0012655301457472068,0.03190397082341079,0.0023517650875303775,0.025913102445951075,0.004077272629244955,0.04064001350880092,-0.005470687259599094,-0.0007118452451101431,0.0,1.1102230246251565e-16,0.06001021658112332,-4.778704020824698e-07,0.04386764753192807,0.03704868520357957,0.05094455277420551,0.02208791372419655,0.042909808273807526,-0.007038281180627715,0.007811727262151735,-0.008225530325965957,0.059971879676234185,0.02265219613333863,5.551115123125783e-17,0.0,0.0,0.0,0.16807805132087172,0.009513009136468353,0.0,0.00026995455455336437,0.04284443408299188,5.551115123125783e-17,0.0,0.0006347811009226323,0.02753734625502141,0.06608013587957307,-0.00556802789662636,0.0,0.08333357361512828
-0.01485861769650021,-0.003545873863955218,-0.0007833101571268486,0.005429973046190251,0.02502570445314961,0.013652602366068467,0.014560274007341723,-0.00764865639229495,0.0084416627603629,0.0162939335234924,0.007696972003718161,0.0,0.0371492524517722,-0.03929451312381177,-0.009410511079344042,-0.011661128149121458,-0.020510173163445444,-0.00893789556647756,-0.004596908672852451,0.011258679379992254,-0.01523065158878989,-0.04087403714835841,-0.003055043115117173,-0.01538488502706059,-0.020699571343721357,-0.00786721821356956,0.004099640916208458,0.0062004495477362975,-0.008522878963290015,-0.000449647356952243,0.028372362852025435,0.011240983913229086,-0.03988230780151167,0.0035870410441837808,0.01633825504593478,0.007993401407460132,0.015958262543133317,-0.006384677273863187,0.006885667250382033,0.04867081902491388,0.022463766538324603,0.032581980680069844,-0.006239262002258439,-0.011252587286745386,0.020394659891458555,-0.023328870066332164,-0.005767508258267218,-0.015890296371331214,-0.0026342343723176065,-0.009315960684304014,0.0054639965876187024,0.012205313667571382,0.00024264428850345743,0.0010708283508052419,0.013053849422350439,0.01502073023786693,0.02754950337140616,0.05096926705966148,3.0192900450087823e-05,3.973167510534781e-05,0.0020132692867330104,0.007208744428676028,-0.02263457489467291,-0.0071180730306995565,-0.003063807120105344,0.009800549131460723,0.0026681140859516894,0.009629629327268796,0.0031465798560398883,-0.015207954917068223,-0.0055361320812694625,0.01722508725536287,0.03551153729114637,0.004289177421827939,0.0,0.021031002118272246
-0.030355295000195404,-0.0184738246987467,0.0066885120203164505,0.020285771241343786,-0.0003950883141112804,-0.03482371643120086,-0.012381311239860138,0.004797669871438981,0.0037472225940228254,0.04933840408887219,0.0058301721099552895,0.0371492524517722,0.0,-0.06884090118618497,-0.011669336153522503,-0.02927703041974844,-0.005107151948281319,-0.025344926746350527,0.00022017181250710838,-0.022173220735350718,-0.014713087184771045,-0.020802080368469533,0.0021630976193543483,0.02582855326582356,-0.01932931199351695,-0.021682406746604876,-0.01173359557796938,-0.010922357173954511,-0.03371377132317316,-0.023795209233569092,0.019413695738192183,-0.017911642172131315,0.0036096275969101366,0.020553699736737985,0.01068346553208166,-0.01157586718009096,0.022710324935395654,0.037189374526820695,0.01564918034016083,0.04733882977790721,-0.016667098325754248,0.06774157077244519,0.03913723252473483,-0.002891848570385991,0.003784574732848933,0.0134119836440999,-0.035226995934162286,-0.0065699252154792775,0.0,0.002272998327567999,0.014306370537405466,0.007228598436934963,-0.0007473144294025125,0.00036575471168809326,0.03695080606221335,0.027089484037553846,0.07526438195116741,0.017982425723320872,0.0031534268222231376,0.005809281598317506,-0.03274792705456442,-0.0009840186213245783,0.00732828452131512,0.0005779509507454206,0.003564751756770679,0.012939389384614974,-0.0023352740860699828,0.005572485338201316,0.005601040854314399,-0.005419439392551684,-0.02245752675955015,0.002819918478068728,0.016947959756391184,-6.27230724737915e-05,0.002748150272000205,0.011035335772187183
-0.013703372278706716,0.005188351684271508,-0.0340936165302399,0.041784663400701416,-0.016913917050674077,-0.010961913852650718,-0.05740787049587287,0.016747512245017637,-0.031036105717575646,0.045389701303366004,-0.0036011210645595093,-0.03929451312381177,-0.06884090118618497,0.0,-0.004025278613776162,0.00129459554861161,6.421190763011841e-05,-0.0002602277779223394,-0.027289019452154173,-0.009878905001017735,-0.021580127558929796,-0.0005142493490831734,0.01475068691076492,-0.004741344387325042,-0.0030515954686376467,-0.019245804381338216,-0.020520945539760804,-0.03570228089585492,0.009860569680234743,-0.003278277611496294,0.003742815379723763,-0.007553894172377035,0.004057168943091938,-0.028255847138489,0.03786375702550271,0.020970556557809522,0.022635002548778094,-0.005282134145385808,0.03771371557400077,0.0,-0.0005832669327628937,-0.0006683306698203606,0.025011029188752643,1.3755493580847045e-06,0.0,0.0,0.0,0.003330449878218178,0.0,0.02590429323217769,0.0049690068259583,-0.007259908964486084,0.011705120763460142,0.012972612706770081,0.0,0.014345772135603119,-0.00038113109973403336,0.016538849132052225,0.020911235374103332,1.1102230246251565e-16,0.0,0.0,0.0,0.017087828112978265,0.0,-1.1102230246251565e-16,0.0,0.019803898536617792,0.0,0.0,5.551115123125783e-17,0.004806461182662369,0.011991431723351098,1.1102230246251565e-16,0.0,5.551115123125783e-17
-0.01455256686098888,-0.03206476915723733,-0.01875827850576811,0.01613942142282826,-0.014014162268610075,-0.023266000303246104,-0.010492379590231249,-0.028459794161593943,-0.004556523886701025,-0.033971028630453426,0.0,-0.009410511079344042,-0.011669336153522503,-0.004025278613776162,0.0,-0.022825259000989195,-0.017131693275186544,-0.018311055937789866,-1.1102230246251565e-16,-0.04159055480787782,-0.011217148186069836,-0.07520103128413563,-0.019669506206647147,-0.00740708163350684,-0.01439206884336941,-0.04492475845784999,-0.05465331521955058,-0.006032327023390349,-0.018878813865757293,-0.015806806704495024,-0.0032236507980530904,-0.012197621248127066,-0.02499717342659369,-0.007385202307558181,-0.008099425567981322,0.003320209652712458,-0.005403745565791485,-0.0002717331065654194,0.0006826912782672556,-0.01713610530577342,0.0011291392284200619,0.0008691263871577481,-0.04451951558408207,-0.002814303381408423,0.0,-0.011176786476869482,-0.009240662523328114,-0.012419597639387436,0.0,0.0,0.0006160039199164524,-0.020038361275559857,-0.005211671790315231,0.003533389563167011,-5.551115123125783e-17,0.0,-0.0020700759052061923,-0.00538095822848661,7.833518042010823e-06,-0.08553653545986395,0.0020260340834122315,-0.0002738185760507439,-0.007262228103333157,0.0,0.021094611467658952,-0.0191861525138729,-0.0020662773854717154,0.01122625825215473,9.097973978450247e-05,-0.0037245599627358517,-0.02014660506869015,0.004244228145848128,0.010175101731651981,0.011561859015414178,-0.008537373482256971,0.0046912120437436755
-0.04607477630129686,-0.05206442358819796,-0.006062495475410101,-0.0009203585550178195,-0.026253996426566395,-0.04044664896998479,-0.023089877229760636,-0.038685400006718274,-0.02729182242950967,0.006819426300553655,-0.0002571944586295949,-0.011661128149121458,-0.02927703041974844,0.00129459554861161,-0.022825259000989195,0.0,0.007207904853603397,0.000300977837799421,0.0003869434254794579,-0.037239616519239405,-0.06106126954840452,-0.020021044942724553,-0.03941896545660478,-0.029471620931180387,-0.01840284143393689,-0.05959850777804565,-0.04538817306041637,-0.02709263359591607,-0.041696238401232155,-0.013278285059233397,0.0016362932641323935,-0.07149876056491478,-0.05930197205129123,-0.031415213569016054,-0.03151642437580282,-0.004172509053976203,-0.0006757068483390083,-0.03710454097226534,-0.02095440019467032,-0.020649038242883055,-0.028030838966418115,-0.016914817580285846,-1.0214309841660718e-05,0.0,0.0,-0.04420891841424818,-0.03838183142338303,0.0,0.0,0.0,-0.04112621377910497,0.009190903100804282,-0.007736908973657974,0.0,-0.003202919319635733,0.0,-0.02011235571445308,-0.038071068401554164,0.0,-0.012386773787612437,-0.02074948614533867,-0.0032000346621677833,0.003687666350466412,0.0,-0.002347933469230512,-0.04017537913425162,-0.023333804689641746,-0.04554005617909701,-0.0031668298591520094,-0.0020809801264576877,-0.03164862374909949,-0.05173201140769401,-0.007752699470437274,0.03196809883476365,-1.1102230246251565e-16,-0.017926926719378122
-0.030216763571829286,-0.060145114388010845,0.005500109665238395,-0.0009863855666549237,0.004435660547144726,-0.05457898599739591,-0.016753252429928145,-0.011230723782151397,0.007415429843203258,0.01461863571462424,0.008867949598037383,-0.020510173163445444,-0.005107151948281319,6.421190763011841e-05,-0.017131693275186544,0.007207904853603397,0.0,0.015465318986236487,0.0031515067414021325,-0.024695072821124486,-0.05621874480368977,-0.01987268083370003,-0.01170259115372918,-0.03477285059117119,-0.01558873969538932,-0.029768922323322067,-0.054897036413511235,-0.025587282508031106,-0.0248041865597749,-0.004676875968392724,0.005524314795246621,-0.04329976709580807,-0.05966716770724384,-0.02033277760553953,-0.004593606377514603,-0.025236524853491538,-2.832400537039481e-05,-0.0049737365984917625,0.006066637021024557,0.02771322280562344,-0.011193908000018904,0.00954510063555769,-5.551115123125783e-17,0.0,0.01313919542623121,-0.03499399055030589,-0.04630109489235362,0.0,0.0,0.0,0.0,0.0,0.0,0.0,0.012994621751828972,0.0,0.013263785976916798,0.01716754704776713,0.0,0.00011410265304251377,-0.024749517466182813,-0.005425063013727749,0.00039804470517834645,0.0,1.1102230246251565e-16,0.0,0.014500277475617995,0.0,-0.034733631390276576,0.0020837997327565194,-0.003590917252772108,0.0,0.019899399600535772,-6.155723710243866e-05,0.0,0.004109577998848868
-0.017732637134051044,-0.03443169188973322,0.004296055090992179,2.339247216853746e-05,-0.030762153305545215,-0.03450823572967432,-0.024155767947353468,-0.03770265402956641,-0.04241085592828031,0.018796325934314906,0.016450160395859115,-0.00893789556647756,-0.025344926746350527,-0.0002602277779223394,-0.018311055937789866,0.000300977837799421,0.015465318986236487,0.0,-0.0038253291212234086,-0.033074312144586726,-0.045194450124056096,-0.037289649552366966,-0.03761750708394046,-0.04017801657226422,-0.0074773726153455344,-0.021315535579472966,-0.04022357771984403,-0.026968539555459303,-0.03791943996407915,-0.015079609304858133,-0.0006916565641674199,-0.056551586820863364,-0.045551379338498565,-0.028274451502545095,-0.03255921545496554,-0.005569636991709925,-4.720577883804422e-05,-0.008159608665332663,-0.0005689350934250936,0.007741403279786119,0.0016191365755808818,0.011005714243233211,0.0,0.0,-0.02164283547655338,-0.022408750272487843,-0.02079942963136122,0.0,0.0,0.0,-0.034703804014405426,-0.00019908192338619068,0.0010161309878144453,0.0,0.011185091718363516,0.0,0.01989399409984366,0.010656262520017501,0.0,0.014077912014122007,0.000343143437291471,-0.00033888046542185357,0.014701074383563717,0.0,-0.020599094527157302,-0.01929205109940446,-0.01174654364041744,-0.021852786388409873,-0.0328834344877148,0.011939778256837508,0.0008069104771609714,0.0008989818927792603,0.016740802881710704,-0.04413940626505142,0.0,0.012133289729788443
0.0,-0.012833113468808277,-0.05112177437322163,0.0020748465218460854,-0.0046619188458283944,0.021643701048352726,-0.00830709311101513,-0.00381867774291228,-0.008031418667696577,0.013545644819669078,-0.007948150107318863,-0.004596908672852451,0.00022017181250710838,-0.027289019452154173,-1.1102230246251565e-16,0.0003869434254794579,0.0031515067414021325,-0.0038253291212234086,0.0,-0.0008724765465964457,-0.002781012128677096,-0.013116951444049785,-0.040065015067807075,-0.027871018309822915,-0.003808538881756751,-0.0027730328192220877,-0.000993894815721874,0.002255866361273784,0.014316303120447293,0.0029326466789603156,0.00720453199242016,-0.009712559647176988,0.004417047723320744,0.005011134891171221,-0.005853986321008031,-0.010975453086802367,-0.004755180423993477,0.0009335530233988698,0.04434442297094554,3.661513681757489e-05,-0.0081422183279109,-0.001447499082870063,-0.02671254427520403,0.09007399786556541,1.5035220406189875e-05,0.0,0.0,-0.16315295178893963,-5.551115123125783e-17,0.0365389720893225,0.017825658359804097,0.0072441732780977874,0.00028806108930745644,0.009885024105671048,0.0002601780011988186,0.022141988902648013,-0.015003320610982751,0.014209070036666938,0.0038106042834166742,2.220446049250313e-16,0.0,0.0,0.0,0.044295402544434315,-5.298885403853815e-05,0.0,-0.0002761404563229042,0.022868953920956114,0.0,0.0,-5.551115123125783e-17,0.015030027909436638,0.021795304956499506,-0.024386836004113566,-0.0001826821611826679,-0.0004985884270521934
-0.012259186732874738,-0.03908373702921125,-0.0017226375485314693,0.0070637162735319725,-0.01501218954173228,-0.04222198469446464,-0.012341560240711813,-0.02840241234550106,-0.03126736787019485,-0.03455288400404627,0.00013291139210891423,0.011258679379992254,-0.022173220735350718,-0.009878905001017735,-0.04159055480787782,-0.037239616519239405,-0.024695072821124486,-0.033074312144586726,-0.0008724765465964457,0.0,-0.027219741622464155,-0.02672324388977132,-0.028841605309940177,-0.0028868030665332167,-0.025226305731336718,-0.04539462142369893,-0.04792020542713865,-0.013685695819180332,-0.023557252315696164,0.033809042808257916,-0.01747415669125374,-0.02359840148782122,-0.019025937944032678,-0.02627990811354647,-0.01608521431578508,0.00022935188915562676,-0.014035402363928473,-0.00028317490531737377,0.006736123609524525,-0.005063217597333081,0.00560798677074642,0.01868423831124333,-0.0005018178543951812,0.05419333903243845,0.0003107699657778351,-0.003897683662985596,-0.008467053499222665,-0.010404828554205603,0.0,0.0,-0.007828376337395804,-0.007132043136488131,-0.008925098910124107,0.010105703270985977,-0.00011195395383289952,1.1102230246251565e-16,-0.004787010161747429,0.020021356040399785,-1.1102230246251565e-16,0.0030495100895796545,0.003661533865929545,1.624876252487306e-05,0.006294928265940691,0.0,-0.0051450438481926986,-0.01907798980299308,0.0001992812901732699,0.0006815532712273753,0.0,-0.0030050043067990084,-0.008407175299445069,-0.00880187123673043,0.011376322477507306,0.0029603834977004473,-0.003403557241549393,0.0031531415510642202
-0.03849877051304473,-0.058573876637911026,-0.0028701411329440374,-0.0005562246605103627,-0.016611066583128886,-0.017163935766936866,-0.012932577049518612,0.0021052596450868433,-0.0035737103782756963,-0.0019082377838545717,-0.001463629534984745,-0.01523065158878989,-0.014713087184771045,-0.021580127558929796,-0.011217148186069836,-0.06106126954840452,-0.05621874480368977,-0.045194450124056096,-0.002781012128677096,-0.027219741622464155,0.0,-0.02542687627842033,-0.018834953774990226,-0.024544436147375726,-0.006246525710590589,-0.0401110075315938,-0.025010762769485273,0.0067290689910387,0.00023823726488669816,0.014498673351324487,-0.002731291677624037,-0.013102108877721341,-0.02955252892592347,-0.025431199792873116,0.00010020179492642445,-0.00883918758014185,-0.016227671910950814,9.828257734234569e-05,-0.011207797018877141,-0.01731877275023036,-0.007084985944745048,-0.002982544014670796,-0.006246371999291456,0.0,0.0,0.0011192435788499044,-0.02958196789716827,-0.024038596259989276,0.0,0.0,0.005294735044442833,0.015104259613673121,-0.09589347727726957,0.012820829356290697,0.001006229994626684,0.0,0.0018153239701207968,0.00844952141517652,5.551115123125783e-17,-0.03374760309493685,-0.018759000161447104,0.0,-0.010099276413758573,0.0,-0.023914407221020728,-0.09010741104493702,-0.016535036975061312,-0.011437272417476108,-0.0037628608595301483,-0.005648683479742789,-0.031321522920850275,-0.01535390906131523,-0.0004419052274659552,-0.012289151006600052,-0.0367469819022489,-0.016484269244853356
-0.035645542446051226,-0.04199986247376214,-0.01031930013291138,-0.0060219397069712355,-0.013761863405649888,-0.03162770823388006,-0.006163209792767244,-0.02426469203084347,-0.010943103208840343,-0.025726641497459235,0.005202628435499956,-0.04087403714835841,-0.020802080368469533,-0.0005142493490831734,-0.07520103128413563,-0.020021044942724553,-0.01987268083370003,-0.037289649552366966,-0.013116951444049785,-0.02672324388977132,-0.02542687627842033,0.0,-0.020572469478254196,0.05067596374111066,-0.037260970430599616,-0.03714950840126702,-0.038541849399402195,-0.011846618294830358,-0.033873268203897244,0.01577946207098979,-0.008507930089480753,-0.026466624661137306,-0.03121007602524678,-0.012008076529565759,-0.006570172872963742,0.0059063286430481865,-0.01247760468825021,-0.01704967521904527,-0.010268833785906373,-0.01013829626067908,-0.004345304051361576,0.0026759993816562466,-0.0009576850709417939,-0.010813372451248082,-0.00011877844292040862,-0.05559672075505501,-0.01611905936821706,0.0017343732838270842,-4.307555531934959e-06,-1.3243425056597147e-06,0.00034436745821853076,-0.007222018704523714,-0.0003064158947314599,0.002362716973452361,-0.009513536698548986,0.0,-0.007227762094028256,-0.012480090828536738,0.0,-0.14276007268958013,-0.002726513211132986,-0.015223192257664386,0.003097356837663545,0.0,0.0010489941341322306,-0.020273840504595908,-0.009648384990393222,-0.002573444016788884,-0.007433018551758652,-0.016160905220927835,-0.024994237234437222,-0.0031081730637345095,0.020658867529546376,0.002803760170631997,-0.0007530804136260949,-0.0004990930004850069
-0.05197002478284751,-0.02885205551003922,-0.03857586991242784,-0.008307405347956986,-0.004091883366762639,-0.0446986143984649,-0.005363149941359613,-0.004222442869058096,-0.020907346558902862,-0.0018119207493530465,0.03050848057756711,-0.003055043115117173,0.0021630976193543483,0.01475068691076492,-0.019669506206647147,-0.03941896545660478,-0.01170259115372918,-0.03761750708394046,-0.040065015067807075,-0.028841605309940177,-0.018834953774990226,-0.020572469478254196,0.0,-0.03461262841882862,-0.017788486976920537,-0.03785498710141605,-0.03266396599542232,-0.00011635096073436824,-0.01675717145993516,-0.005407674896666437,0.0013375780953385208,-2.0418212984263384e-06,-0.011571366159644658,-0.00408935155182466,-0.0038152654187625368,0.017977091785646993,0.0034130654636027047,-0.010235027372348826,0.014798360958009071,-0.022026846590358917,0.016153867410485745,0.024351421901982084,0.033125540993858005,0.02530684170490649,-0.00357797551365302,-0.031559635832674626,-0.014991263419071199,0.03977454805897307,0.017269365193267272,0.022897555144125836,0.02176955257977292,0.01126463762819585,0.01345965877595845,0.026890991920081375,0.017764374945253236,0.06449095688739936,-0.023475837277390166,0.016028639286573554,0.019889376902523126,-0.0042306309737448755,0.006109224351783127,-3.9526911850773505e-05,-0.014823123215559009,0.08525305388429183,0.003269376299353588,-0.011519476748148794,-0.0011746674208968355,0.022338362586386273,-0.00015232884844074146,-0.000765997218325376,-0.020072435879161354,0.011717226086895793,0.01812453928060387,0.009455506064601993,0.01076225242433404,0.008383903630333756
-0.03419696484333418,-0.001132820405695123,-0.018403155027441498,0.0035410729220199944,0.0026338247313465457,-0.02490300515721311,0.008841127058661191,-0.028759369577698257,-0.005960174849541033,0.0023704709177295724,-0.005821693572830133,-0.01538488502706059,0.02582855326582356,-0.004741344387325042,-0.00740708163350684,-0.029471620931180387,-0.03477285059117119,-0.04017801657226422,-0.027871018309822915,-0.0028868030665332167,-0.024544436147375726,0.05067596374111066,-0.03461262841882862,0.0,-0.04529199724042271,-0.02507411848435248,-0.04198276995103012,-0.017780336849516187,-0.029234797675233015,-0.005757044037350556,0.009579977472524703,-0.050673866493882946,-0.026168626838363074,-0.012722478079330468,0.0029530759325646083,0.005610179177653107,0.04126071985437707,0.0006711270725257845,-0.10221720279335611,0.0037924344249636865,-0.04080810893009318,0.04564419455209029,0.007850443447464828,0.004441336180054989,0.019122109939195997,-0.03849758626709254,0.013444620106792982,0.0,-5.551115123125783e-17,0.0001561240603923375,-0.001208661639351516,0.0001337830360885195,-1.6653345369377348e-16,-0.00027812163818141666,0.016042791342105955,-0.00020460164952079696,0.010882731489246344,0.033538962797922844,0.0,0.0006580890389948912,-0.02644574404691097,-0.010032641773692563,-0.010214372969513275,-1.9025680947470924e-05,0.00010833820675953953,-0.026606462336102976,0.00045734420926674124,0.0004675284279490044,-0.010780957767286381,-0.0005664975853021392,-0.013670895696368646,-0.0003703377067751368,-0.015137174039229595,0.009146609987948195,0.0,0.009424246604158248
-0.01898293538234519,-0.024590644348839452,0.004284277445855411,-0.0001834304470218484,-0.005998201619438648,-0.016414888101164427,-0.015814344486894893,-0.009705772172173943,0.020588647984662867,-0.01332940480169964,0.0021196126408767335,-0.020699571343721357,-0.01932931199351695,-0.0030515954686376467,-0.01439206884336941,-0.01840284143393689,-0.01558873969538932,-0.0074773726153455344,-0.003808538881756751,-0.025226305731336718,-0.006246525710590589,-0.037260970430599616,-0.017788486976920537,-0.04529199724042271,0.0,-0.023581377893801048,-0.027680068815027714,-0.027989957778592478,-0.03572698428589827,-0.037390839209342164,-0.014171789609487118,-0.042661114946080436,-0.0486888885158549,-0.036277337849619506,-0.03251219464791277,-0.026162345891278804,0.001948084027364072,-0.007031895607706173,0.003897603528216942,0.008176369676111461,-0.002580358811016037,0.007279049430287787,0.005020243255513646,-5.551115123125783e-17,-0.0015091402036701562,-0.025092019469025173,-0.002906239929252985,5.551115123125783e-17,0.0,2.220446049250313e-16,-0.018687896762462686,0.009016536446741719,0.0037671566522279876,0.050869754498260034,0.008659217956924259,-0.023300008688347806,0.01737905141061169,0.008952482860826172,0.0,-0.0010857122168931865,0.009964226721749736,-0.002845552860819056,0.012252654113427242,0.0,-0.003104349722201416,0.0029639841822323154,-0.0044089563794604825,-0.015491892590477119,-0.03852093161912773,0.0094429338797819,-0.0029998775534969546,-0.012615211306538865,0.020182139760787476,-0.014715010964616526,0.0,0.01259990019104923
-0.03461233786547163,-0.05244414685337889,-0.0022795598634630654,-0.019731409454727677,-0.008503661061553591,-0.026664574470502578,-0.02458699236495626,-0.0298933395504688,0.007624970609579673,-0.013756847294016605,0.006251987276226223,-0.00786721821356956,-0.021682406746604876,-0.019245804381338216,-0.04492475845784999,-0.05959850777804565,-0.029768922323322067,-0.021315535579472966,-0.0027730328192220877,-0.04539462142369893,-0.0401110075315938,-0.03714950840126702,-0.03785498710141605,-0.02507411848435248,-0.023581377893801048,0.0,-0.03489684051683806,-0.0333984572568109,-0.04643491869395183,-0.037221510268456826,-0.026552030352847644,-0.060485234501407525,-0.043197796243545084,-0.0487900995580956,-0.04706228102000909,-0.009413518238471974,-0.0057549360298769225,-0.02461598576577967,-0.020263983001755692,-0.006743587147432062,-0.017740019842842847,-0.00862808786534669,0.009578613019549154,3.714862487169679e-05,0.03813782852185221,-0.042467168020625556,-0.03532094018757581,0.006050217021212723,0.0,3.0963106064652024e-06,-0.04996672904783939,-0.04360817531032685,0.004441397720236995,-0.008970210951472768,0.006576439704332249,0.0,0.012590752648574843,-0.014963069992354305,0.0,-0.03643353867255816,-0.016891231149236186,-0.0068071105494297846,0.001239661043821505,0.0,-0.035875481081478255,-0.03587836986727039,-0.022213346354335806,-0.024485827189315357,-0.0369736092380305,-0.0027572655112143574,-0.021018110094292386,-0.041590579648429604,0.008121634885779494,-0.04218805642828688,-0.035870232578562256,-0.006654388127618482
