0.0,0.3469456436173114,0.09227195915468803,0.0,0.4711972224883654,0.27319209049237814,0.33318080069710077,0.3660420112574786,0.48779487652821085,0.47985220643800486,0.3716056336956388,0.47851300945939196,0.4607088227880335,0.4402731461934827,0.40183399879687925,0.3628098781051627,0.20675273334039435,0.4487403145115303,0.0,0.5459032128784306,0.2370963170573836,0.35274142564398325,0.21197107322023767,0.4142488101216828,0.3717676412447116,0.39350816917978804,0.3511234125884265,0.33982161041389125,0.4157268513502023,0.2959737630180983,0.5038519781803255,0.26259709362423067,0.45930918311451074,0.27256844776257794,0.0686288811194623,0.46112027394437594,0.4530679499865658,0.5867308089429726,0.3598877134559546,0.6318626780815141,0.3569479551086714,0.6100948157601334,0.47269044827246953,0.0,0.41971991070707493,0.40752904033779924,0.3784830946067165,0.0,0.0,0.0,0.1501946184876795,0.0,0.5058471132077685,0.0,0.5662842564166116,0.0,0.7536535556093076,0.6736784893480292,0.0,0.48724184377339347,0.47788526165676837,0.40960906115959006,0.5536869564709999,0.0,0.5950592639895094,0.5031230824858519,0.5366097085150299,0.5913476862432447,0.6809799808258933,0.6024036984831899,0.48184239265092177,0.5789364762815459,0.46069209369188024,0.5294232376580752,0.0,0.49596127554479197
0.3469456436173114,0.0,0.6237596756270956,0.4118092514886911,0.5025279582179425,0.4007938801397697,0.5192638424439973,0.4892096169336711,0.4108072025626824,0.2565462438789272,0.37923914689197524,0.4294969526873345,0.45247064553338634,0.5160507536909419,0.34216518245983957,0.24582565651955468,0.13204856559211925,0.3764627821424581,0.5073309261163613,0.21763463863566257,0.19529302334800605,0.29843093469624693,0.472017562806473,0.4878022093066088,0.3710447911445603,0.16029358702647567,0.29562818000023366,0.2998183055734041,0.1952530969786353,0.5614281516036268,0.16532704756696098,-0.20684011552255144,-0.006602407074723954,-0.06787589440778885,-0.011226199542859472,0.5790967616994183,0.036063226810610256,0.0,0.29266216036196413,0.35628077639272027,0.2881548330183289,0.4589468785667787,0.45135484011398996,0.0,0.0,0.2280886060924461,0.2618412916897767,-0.028598319323692896,0.0,0.0,0.17485186176791004,0.28963838026234723,0.5178756619415641,0.4989959425711107,0.41218261282421653,0.0,0.35231362696236485,0.2998122898512917,0.0,0.4115083343285671,0.37826568092563095,0.1964847245027394,0.5558671177613314,0.0,0.39749896299981224,0.39697565141516633,0.3844852808522354,0.3862055685811101,0.532886652899379,0.519985499279198,0.28965925954437755,0.26694396983572777,0.5499648987273702,0.5180873002514831,0.0,0.44719815748220176
0.09227195915468803,0.6237596756270956,0.0,0.6091227529983585,0.5526453795516084,0.5609262066567107,0.5694891568647664,0.7189050564446668,0.2635931393918337,0.7806880733582428,0.5591085226138035,0.6127697639555612,0.6818037903833651,0.43525177465477927,0.33096280941497036,0.4631774990255014,0.7152116935766448,0.5970363282976322,0.19385803864437104,0.43771339463931014,0.5214105250773626,0.5484585653554097,0.3157487474019213,0.3744691150386787,0.5843670995257038,0.5665373749540644,0.3197335184906439,0.746921689909604,0.579742246083057,0.8075396676527309,0.7493940684226648,0.6819951731819222,0.7096923518328024,0.7417208292118926,0.696492653950173,0.5550731840389151,0.5732252772835799,0.5403722987563859,1.0030020832610715,0.49512909245699643,0.7702765246057388,0.7921903558152661,0.8151150899550567,1.0881702772121868,0.0,0.0,0.4143004050732664,0.4361763461908183,0.4747489373658649,0.7316194746703955,0.7747583423328899,0.7460909233591422,0.8037112993259592,0.8433863949894322,1.3525024830254098,0.9077650425737557,0.5666958760268295,0.7875999794700161,0.6052178977383141,0.39752677075497256,0.0,0.0,0.0,0.7228630338855799,0.5973668610162802,0.5055567479786127,0.30717194404211146,0.8246797032950737,0.0,0.551777015409521,0.5006246549724462,0.8560813284592906,0.7859063175683907,0.6100841114297244,0.5071006802512188,0.6894572588833565
0.0,0.4118092514886911,0.6091227529983585,0.0,0.4045763248366594,0.6119647606683138,0.6085691690455848,0.3481897989734972,0.6685973911467804,0.3085470799302631,0.5541669608199367,0.4073792091022477,0.6050191830930431,0.7045017948579205,0.7710515881852854,0.2563883302847719,0.49430005212512684,0.47092600731253426,0.5964099513976655,0.6535727586438014,0.4357213482913916,0.5245477391645802,0.5767651696424185,0.3850440194164439,0.7916642983965149,0.36925183122468386,0.6208379394669701,0.3557720198031177,0.42268697861566934,0.7657241216200208,0.38486678234585014,0.449856428837059,0.3470187538155382,0.41492427299178214,0.8463631713130708,0.5100035385280621,0.30227268263852547,0.3752915872358983,0.21133476772417797,0.3823049159467642,0.5127871209009793,0.5365253442742208,0.5888339385093854,0.21893388086754545,0.0,0.0,0.0,0.46608982045259645,0.0,0.0,0.6538991858042856,0.0,0.46910911280323386,0.3673314923103862,0.0,0.5289937097687725,0.7753444101685647,0.4850033220403781,0.0,0.0,0.0,0.0,0.0,0.0,0.0,0.0,0.477149587691323,0.6979571525161334,0.0,0.0,0.0,0.49501618373771844,0.4487602451408489,0.6946886748908783,0.0,0.0
0.4711972224883654,0.5025279582179425,0.5526453795516084,0.4045763248366594,0.0,0.43733225876938336,0.5313631794739517,0.624682624598212,0.3584003975769613,0.856829569652019,0.5579553828430932,0.6788234004630296,0.6605647114883432,0.3400737950535507,0.42473675636611474,0.4779142642298295,0.6714227701379696,0.28002304305548115,0.567899284896455,0.49742785489070857,0.5119559474335165,0.47808053727545446,0.5246592700939284,0.5503150261160874,0.5482228034823862,0.5160649305859112,0.5034483958475946,0.8430152313241631,0.4518202674725602,0.43103109943463075,0.6798306148300897,0.41583513460692806,0.5334492043691408,0.6031297382285291,0.5854545295666091,0.31440623660117095,0.4637302054167002,0.457472543706163,0.7329343791157903,0.38497364653510313,0.7130847761995656,0.9649543564765097,0.7909390425745417,1.0178643953581072,0.37533309157831846,0.0,-0.11905068274143965,0.7005666604436966,0.0,0.7556359245450079,0.7529695039687031,0.7767599403195493,0.6107733696277415,0.7570799252842106,0.0,0.6918357636542146,0.33387943282658367,0.8396343537301634,0.5173137699329969,0.46985250782854554,0.5102259560189046,0.0,0.0,0.5845483686004168,0.46750790231792727,0.4474265879318923,0.45618433136323044,0.7871457570836209,0.0,0.49543924260137484,0.5872983889417528,0.712583941992579,0.7738487263097669,0.5576892514433291,0.0,0.7146684357978289
0.27319209049237814,0.4007938801397697,0.5609262066567107,0.6119647606683138,0.43733225876938336,0.0,0.5080307699462234,0.4709316444280872,0.3175418807420799,0.34257889816720133,0.5149513542083246,0.8322088948926678,0.29465557142744625,0.47019091683105657,0.47786295055608274,0.3444310579962777,0.061987686034814415,0.3681818097378639,0.7614325914149751,0.20731598493487172,0.48531685051340123,0.2823428702027923,0.24705833077979986,0.2608828008832504,0.4667767338526151,0.4832731119472918,0.2511810429373072,0.29488120574126253,0.27493111167469,0.5528240234353963,0.4820488833638748,0.5240892460512669,0.5142956437242752,0.403107154930234,0.5643981153406435,0.679004410246709,0.7196228941616467,0.6213802092267529,0.7104215538343763,-0.03925829174045123,0.04612503905853654,0.815761264451671,0.7623813321427431,0.7539651024379358,0.28989628346961505,0.40764908802010513,0.4542841972212258,0.5795669045985269,0.6149693562356702,0.49103227589690623,0.7173435465327128,0.6915203080459695,0.5716182277668972,0.6607169792187857,0.8385074978524827,0.5712915314288524,0.4266795773162489,0.7137720633388186,0.6384357546098142,0.46742527679470347,0.5473538495047673,0.0,0.45137508087444295,0.5334412276042959,0.5593603670588757,0.29633786503830645,0.4867176992006921,0.6746379127373826,0.5002059556040508,0.46208047889623816,0.4514071860016174,0.6785334549045425,0.6841986305466163,0.6126308254729583,0.614879780016696,0.5953774112679
0.33318080069710077,0.5192638424439973,0.5694891568647664,0.6085691690455848,0.5313631794739517,0.5080307699462234,0.0,0.5594639889365934,0.6009233858038722,1.0455431352320086,0.569757112201204,0.6208915952623524,0.5613177144063195,0.14927246826922935,0.5139280789170221,0.4784635982315615,0.4965361706974784,0.44486401774017603,0.5300225015219451,0.4907490469751302,0.43515248203824775,0.5331297327131967,0.5680947652413872,0.6377063714129703,0.5013601528901362,0.4922272890420154,0.4873349301252191,0.46164931606271975,0.4966659633005718,0.4854789209869065,0.6344998309404187,0.22401235588627386,0.5555837204326669,0.5871273330141353,0.4526388604558387,0.5540447259516635,0.790824998837255,0.8394729446199044,0.7745693246103189,0.42205652917269004,0.23159332904774396,0.8100816713773654,0.5723301769114684,0.7830156028019719,0.5221074778532686,0.0,0.3000397710415922,0.4933136345172523,0.0,0.6902044403951573,0.6833517357241756,0.696992195762029,0.6175993086352649,0.7357160125453894,0.6784289871175234,0.5873407622284819,0.6905257659785445,0.6531525044077231,0.7113482093019459,0.38153048815865365,0.527233888099746,0.0,0.5090622692534337,0.6533086544030355,0.7083166652187047,0.620010330421938,0.4956478972935962,0.6362310048835624,0.46552547617932816,0.6588310181081505,0.32686888711858075,0.6262929406780747,0.6613684110147169,0.5558655487882327,0.8394893909682153,0.6074102012637108
0.3660420112574786,0.4892096169336711,0.7189050564446668,0.3481897989734972,0.624682624598212,0.4709316444280872,0.5594639889365934,0.0,0.5030781504294104,0.6458971346197757,0.4412083430013858,0.5606049920927247,0.6521208878087922,0.822070860756863,0.4334317343930857,0.4396847065989997,0.2845705290496511,0.41412064029589246,0.5977326588983753,0.33490270024879265,0.5905145671763081,0.4222638615563531,0.5820072155651951,0.2697772255474316,0.5573525112308486,0.40779753319348266,0.34784538482187904,0.6406226749156854,0.4046770815912274,0.5476258304335455,0.6394041126861423,0.7090099073691283,0.5037355285298073,0.6011576939447614,0.5587251255626194,0.7719153140285876,0.6360017219095155,0.7614598474264725,0.7581072331119206,0.6217663612163947,0.4768236839518175,0.6225410415332626,0.7815354991137282,0.48572602222898964,0.0,0.6630957420070451,0.23636294938809885,0.7217266318105737,0.0,0.7714516542393919,0.7697113401180466,0.7287818198701108,0.5952426880884077,0.7846820430669387,0.643189637183021,0.7447512588535334,0.9685931704343943,0.6933579029440526,0.7480146088792746,0.6052524658614562,0.32811764644960234,0.0,0.4169362851554127,0.8503296100894692,0.5207409105943072,0.5828414813737472,0.49958695147012205,0.7478794917959097,0.0,0.22348654312152555,0.47789794470239216,0.6851599666322743,0.6446031933970916,0.5567971906456894,0.4249141391484384,0.4475634184841744
0.48779487652821085,0.4108072025626824,0.2635931393918337,0.6685973911467804,0.3584003975769613,0.3175418807420799,0.6009233858038722,0.5030781504294104,0.0,0.7944752990267733,0.23951141692911343,0.6469213803204515,0.6629641247182434,0.4044424573377623,0.7170154125371795,0.43693074507301444,0.6859748338436642,0.2923129091465676,0.3491643964619046,0.35826106916356587,0.4810652536556259,0.49626970777227386,0.4663682752054096,0.5911167571580134,0.6665816832040581,0.680325865736382,0.4134184089706118,0.7289443934008698,0.414412470333558,0.6210988351491586,0.6976895828248435,0.6937697224708101,0.6914625723621898,0.7211650718883279,0.6462349265494304,0.6120073319447341,0.6745083368222836,0.7054248809766361,0.8815798735509041,0.3140698203263348,0.6229395038486536,0.8119078907486048,0.6059357602857292,0.836145063123102,0.5954372090903495,0.0,0.6313624433139297,0.6964608622537561,0.4729582841432972,0.7379604830043185,0.8072450243565141,0.7670784853540178,0.7004318824878436,0.6350596384266293,0.38011672753015735,0.7031127236422687,0.4060037858906794,0.7109182856998686,0.825238909901064,0.3415597749487298,0.40886493101146093,0.0,0.0,0.6287107219601468,0.8375064234760798,0.8026773437483259,0.5663289571829266,0.7285216062305275,0.4225184271458108,0.47441191109771136,0.41438338125050744,0.6992551315049584,0.6449554849992571,0.5582399764276675,0.40247473017865976,0.7817619624414542
0.47985220643800486,0.2565462438789272,0.7806880733582428,0.3085470799302631,0.856829569652019,0.34257889816720133,1.0455431352320086,0.6458971346197757,0.7944752990267733,0.0,0.8190868231838828,0.663313336933528,1.0919502063028816,0.7695227273652145,0.32674786472488426,0.5710515746550112,0.8206482972233382,0.7584496374894846,0.744983393885658,0.23316969497615037,0.6795428744887824,0.3433799059204276,0.5387828981733154,0.5556794157327236,0.6390360501151857,0.5724982319165706,0.34408292487913483,1.1159794560936895,0.2645446188471354,0.4221227696872105,1.1588765678559456,0.3056800238500712,0.5181056041445855,0.6723413875465103,0.5814318144032289,0.69516448723149,0.831455423349141,0.6737006437008048,0.6467226107757179,0.8453021294513069,0.5925350864130832,0.4574703739407762,0.544529615296213,0.3627425080033865,0.3628551043155853,0.7845525546889722,0.24818934327051032,0.3716370895091917,0.46412306423051014,0.454926000273017,0.3519092715648829,0.4325812658065693,0.732842020266228,0.459279384298937,0.6939165542942615,0.46927446624309765,0.7289668055360815,0.8259233728884878,0.0,0.5857795116579856,0.33093162260961784,0.5477453056293173,0.4576375224034015,0.4825334720758828,0.4865016089631927,0.5313359764406023,0.5789118924463021,0.7322235642160324,0.4871555204040341,0.4990594168994575,0.5483964774706761,0.5778900480670178,0.719725402246082,0.7428462327542075,0.0,0.7962124648759346
0.3716056336956388,0.37923914689197524,0.5591085226138035,0.5541669608199367,0.5579553828430932,0.5149513542083246,0.569757112201204,0.4412083430013858,0.23951141692911343,0.8190868231838828,0.0,0.6173514127175461,0.5978494131922352,0.5285187443607826,0.0,0.48969306603234686,0.6670852058426151,0.7657852373246881,0.4799735250776747,0.5101663439122937,0.49135945003840464,0.45734318373666605,0.7122212807925402,0.5245781673250391,0.6235647163513498,0.6865766275824232,0.5112932355544804,0.6501526720998312,0.5011309299209723,0.5312924981450344,0.6250668528083698,0.5005403324041235,0.6579560946503772,0.6787038253637507,0.5885536492904626,0.5805124684800625,0.7229093570905565,0.6040084517105783,0.6930299244549041,0.5734481682040421,0.7435077663746228,0.5784825063265677,0.7499238356842524,0.6111786511453957,0.27822072387745705,0.0,0.0,0.8383465821322214,0.48240624493097883,0.7057001626694066,0.8120348349785761,0.7148508209397395,0.7040457030781326,0.8391628254397436,0.46157799801420596,0.5406468075003461,0.36588175425805525,0.9299775229674068,0.6900090282582825,0.0,0.0,0.0,0.0,0.9714545227194161,0.5987424563989314,0.0,0.569052653602842,0.8069341388960545,0.0,0.0,0.9831583115261837,0.7991950291920923,0.8556099295714875,0.29017780411839056,0.0,1.141005641800519
0.47851300945939196,0.4294969526873345,0.6127697639555612,0.4073792091022477,0.6788234004630296,0.8322088948926678,0.6208915952623524,0.5606049920927247,0.6469213803204515,0.663313336933528,0.6173514127175461,0.0,0.9535873664970913,0.4292615231395061,0.3735310454867475,0.5518441615769615,0.5407967495847636,0.631722396361355,0.6174300688260762,0.56808868868521,0.5240891119661146,0.22224380435882854,0.4798648944320591,0.328694666153303,0.48572561409439285,0.4758424044929411,0.6297083188409638,0.6249914602425984,0.5273078316958218,0.4113823744789644,0.8308498257290649,0.41456673239925945,0.22487362489571935,0.48717844352629136,0.6469489298612235,0.408492927495547,0.5045095519084837,0.23385788803818747,0.555955269804677,0.7288181499245068,0.604817666730981,0.5236157214693429,0.4262733285910638,0.35494207308002745,0.538527439829543,0.37402921018217317,0.43454418673890727,0.20465641009589597,0.3278726035895172,0.26466133277601045,0.5090401102265789,0.6042177626460772,0.3791332983121217,0.55157205595427,0.689803957712958,0.5094917892371422,0.8413098675933536,0.9341919455544999,0.5725374996801511,0.5433038648890527,0.5208673728498638,0.5934601886993376,0.42029271827484144,0.3388812733279235,0.7228966350270847,0.8465835853016391,0.6116362469631758,0.5315123378619555,0.5276023212844225,0.4465685456714429,0.5627518065240489,0.49402275695524805,0.8384015409139576,0.5846777544700191,0.0,0.8186391267050013
0.4607088227880335,0.45247064553338634,0.6818037903833651,0.6050191830930431,0.6605647114883432,0.29465557142744625,0.5613177144063195,0.6521208878087922,0.6629641247182434,1.0919502063028816,0.5978494131922352,0.9535873664970913,0.0,0.14946202731353808,0.5359701195396076,0.45645365155572265,0.5530593601781769,0.4727508524484742,0.6013747936593493,0.4710652869771047,0.48720506404258707,0.4443888538149798,0.6784771838543322,0.7097234266226786,0.537414460592718,0.5150756547735795,0.5325904470358122,0.5430338267974261,0.3796396418217679,0.41700366631748764,0.6865899908599651,0.42022067680523306,0.5782145104117162,0.763985410302648,0.5368501994257118,0.4953654105897015,0.6601902305028329,0.9428817332995044,0.6646259255872207,0.7964011296194533,0.3985602987919763,0.7921308480616114,0.7476538705301019,0.448421760796865,0.5682075114143017,0.7860524863353666,0.36681548024190347,0.6595732957690954,0.0,0.7305608215923592,0.7396336612691328,0.6926474862259859,0.5954005574251704,0.7166004311618006,0.813288300504539,0.7047491479139818,1.0366111814239223,0.7932027690713175,0.44272407366224176,0.6251486078598771,0.20261951115746119,0.46171084565594744,0.6136504082634,0.7062942041196367,0.6548870856074315,0.7343120315683573,0.644708905051702,0.700380394509967,0.5903149592736514,0.5614830631499446,0.3686406119017299,0.6835674910374485,0.7625374698325812,0.6285132162704223,0.5471543339114271,0.6719771369848635
0.4402731461934827,0.5160507536909419,0.43525177465477927,0.7045017948579205,0.3400737950535507,0.47019091683105657,0.14927246826922935,0.822070860756863,0.4044424573377623,0.7695227273652145,0.5285187443607826,0.4292615231395061,0.14946202731353808,0.0,0.4483411435731536,0.5611104952001549,0.5007515765063986,0.44746023488224507,0.4583842288520039,0.3328088821527355,0.3811086435035488,0.26647550560305583,0.7433778103057139,0.6200067933157943,0.4339258679823756,0.33308451164416175,0.48984162349141175,0.29249417501066366,0.43306557103902515,0.5778772279543597,0.5819263647132382,0.31313553300331076,0.3233704487907728,0.5140750900662436,0.5109556790335625,0.47885746219111586,0.46483063625770304,0.32046672433131507,0.7753785885099108,0.0,0.6344872033927891,0.6793542174038032,0.7100592032478019,0.47409551133798944,0.0,0.0,0.0,0.5489569351090078,0.0,0.664960447823248,0.5134664381381211,0.45330652121737347,0.6257933869732455,0.5455212425598717,0.0,0.6117892447731113,0.3828772473623811,0.8003454763249198,0.6088407358464307,0.0,0.0,0.0,0.0,0.5914488840421739,0.0,0.0,0.0,0.6806323920366961,0.0,0.0,0.0,0.5484240504677127,0.8754692892629,0.0,0.0,0.0
0.40183399879687925,0.34216518245983957,0.33096280941497036,0.7710515881852854,0.42473675636611474,0.47786295055608274,0.5139280789170221,0.4334317343930857,0.7170154125371795,0.32674786472488426,0.0,0.3735310454867475,0.5359701195396076,0.4483411435731536,0.0,0.48123177721078325,0.2973929119654657,0.42740142324733715,0.0,0.3759859691569546,0.4559498214019556,0.08312100589234273,0.5232103273220752,0.4708573921800774,0.45817462331839176,0.2756762115331932,0.22333141463589165,0.48227642462524833,0.4309574519065929,0.4066822497862125,0.6310507913742751,0.42833592975707013,0.40762077268993435,0.5293628769813276,0.5370084450934832,0.6895490238238675,0.5049910478227873,0.3841063906751065,0.5017899328346528,0.48427565706839326,0.5742988348124944,0.5178602339806992,0.2596813816165851,0.47819003969916585,0.0,0.5649524603239847,0.5777792590033517,0.4217669929669889,0.0,0.0,0.5237331580424056,0.5613534920657867,0.5522730649386638,0.6104821660526112,0.0,0.0,0.5734470733764319,0.5447289402173736,0.48014210831412146,0.25962837335615047,0.6543610348430025,0.5504570047993702,0.6908696911794885,0.0,0.862017522052718,0.47409219112448464,0.7474158074993851,0.80241974295962,0.47936536776666194,0.5789984647360197,0.44452509043266814,0.6784373240010829,0.6419588624955173,0.654374043949862,0.4466951685174396,0.5654937475854382
0.3628098781051627,0.24582565651955468,0.4631774990255014,0.2563883302847719,0.4779142642298295,0.3444310579962777,0.4784635982315615,0.4396847065989997,0.43693074507301444,0.5710515746550112,0.48969306603234686,0.5518441615769615,0.45645365155572265,0.5611104952001549,0.48123177721078325,0.0,0.6365199850894746,0.7194878730969985,0.5141605986359016,0.27801416593567085,0.20768666995477125,0.48687128221357207,0.4162518792338034,0.37935271181986496,0.5249901625798543,0.22005637257123634,0.30526857089696263,0.4147521616085521,0.25747620894927503,0.48099390241004036,0.6866853760307359,-0.148992258962387,-0.03751609461975952,0.21410753705544355,0.34140611094915063,0.5427654088791303,0.45642846623090116,0.3744689424729156,0.4282791862337625,0.3599153652727766,0.3412943453061644,0.44256601116384076,0.46911436759142855,0.0,0.0,0.2081265990479072,0.3626712359920902,0.0,0.0,0.0,0.24217553222570665,0.7564358588062534,0.7108496225514376,0.0,0.5146987503541397,0.0,0.31725753678670077,0.3219889456877439,0.0,0.5344216774606202,0.4615302026490635,0.480382209601488,0.6462060606387938,0.0,0.567525597206372,0.32856084061581226,0.4248814343717633,0.29374556656996637,0.45046412904069977,0.6484195641951194,0.4687713327611397,0.2521257036525706,0.5397531391342174,0.9199559038376096,0.0,0.32856457626115076
0.20675273334039435,0.13204856559211925,0.7152116935766448,0.49430005212512684,0.6714227701379696,0.061987686034814415,0.4965361706974784,0.2845705290496511,0.6859748338436642,0.8206482972233382,0.6670852058426151,0.5407967495847636,0.5530593601781769,0.5007515765063986,0.2973929119654657,0.6365199850894746,0.0,0.8266561918126534,0.7309735265411051,0.2999173437206244,-0.08506801825328464,0.48085798735841745,0.39220746834002884,0.36963747238323297,0.48686921926602017,0.3328935414437898,0.028382503410021187,0.6237078202435686,0.24159781723435236,0.45878895134397935,0.74274591209339,0.2409547084448901,0.22392001696022423,0.43776252119890957,0.5244234932336362,0.4244202474714822,0.37008092448824603,0.40764453153190927,0.5870254958945311,0.6002799652949089,0.38568569256663293,0.6895182763218045,0.0,0.0,0.5520256755943942,0.43309041922104086,-0.023429258886026927,0.0,0.0,0.0,0.0,0.0,0.0,0.0,0.6096097598090857,0.0,0.5924270375315795,0.6878989374451059,0.0,0.6035826531308128,0.22760413321795275,0.4773724672413566,0.4946996486418733,0.0,0.0,0.0,0.6680415447605343,0.0,0.3614808745553974,0.5769514795209539,0.5671927627344959,0.0,0.699812866029932,0.48013046004273346,0.0,0.6007451145333381
0.4487403145115303,0.3764627821424581,0.5970363282976322,0.47092600731253426,0.28002304305548115,0.3681818097378639,0.44486401774017603,0.41412064029589246,0.2923129091465676,0.7584496374894846,0.7657852373246881,0.631722396361355,0.4727508524484742,0.44746023488224507,0.42740142324733715,0.7194878730969985,0.8266561918126534,0.0,0.5584766891046131,0.2792418524474203,0.3028056864812305,0.25000122893212723,0.398229274852521,0.29634343000780633,0.600929249457733,0.4082093249395662,0.3370817844810016,0.3589371356069292,0.24283254216531616,0.47526863614371895,0.5876668585539301,-0.011511340437754702,0.27951211806042225,0.3612201178323019,0.22486463278218552,0.5335528976289512,0.40614590123712924,0.33793089921514785,0.6161696883481139,0.5423978458612272,0.5089099870589391,0.6322059770489219,0.0,0.0,0.33009538744810946,0.45143783082257005,0.46896930440135853,0.0,0.0,0.0,0.22593100869817814,0.49570222289456156,0.6123574465271433,0.0,0.6466948950595492,0.0,0.7088234384025549,0.7547782732481381,0.0,0.7532081860320768,0.5838909862735977,0.5630131324904372,0.6673463963825451,0.0,0.31466627496983096,0.5114706467385501,0.48177224953917724,0.6204094952354563,0.363675685482463,0.6685232670712382,0.641468758615236,0.5737439440325155,0.8628731418560639,0.20008865180088176,0.0,0.7197492426821739
0.0,0.5073309261163613,0.19385803864437104,0.5964099513976655,0.567899284896455,0.7614325914149751,0.5300225015219451,0.5977326588983753,0.3491643964619046,0.744983393885658,0.4799735250776747,0.6174300688260762,0.6013747936593493,0.4583842288520039,0.0,0.5141605986359016,0.7309735265411051,0.5584766891046131,0.0,0.49523477021776097,0.5531361175639891,0.4875754869434037,0.3338855895775069,0.3250471301392118,0.5873858972862469,0.5961717310269311,0.587287045825705,0.6604525048665955,0.6717893270574264,0.6839336221683099,0.6558654724930371,0.575986682306483,0.5654463193990016,0.6626919970349021,0.5105159260920584,0.5948253504640423,0.5170734314582078,0.5510550246740973,0.9133968659393249,0.46960297068093954,0.3900924166044015,0.3479777284589781,0.5460830474952979,1.0419881962489377,0.020243024752791924,0.0,0.0,0.227459333770473,0.0,0.6214057548204492,0.6730066202881078,0.6743473033913652,0.6007942419971419,0.7157239785906273,0.6588436965906375,0.6449316365793318,0.4153896221572308,0.6323867552013065,0.5056093615829066,0.0,0.0,0.0,0.0,0.8104857359251957,0.4823824689031204,0.0,0.45060324202637725,0.7505426675589459,0.0,0.0,0.0,0.7142496149914532,0.7975397841114298,0.2718965082847744,0.4680120952207152,0.6072074470036646
0.5459032128784306,0.21763463863566257,0.43771339463931014,0.6535727586438014,0.49742785489070857,0.20731598493487172,0.4907490469751302,0.33490270024879265,0.35826106916356587,0.23316969497615037,0.5101663439122937,0.56808868868521,0.4710652869771047,0.3328088821527355,0.3759859691569546,0.27801416593567085,0.2999173437206244,0.2792418524474203,0.49523477021776097,0.0,0.3858175066386479,0.3640353281542229,0.4647351214925662,0.5609483684368537,0.41780000587117205,0.25208783326031886,0.2415186259966721,0.5517060403174945,0.44552114425425815,0.8653261632121712,0.4741501327053549,0.34069084551149664,0.3755114646651748,0.41529520591678704,0.5049676951289468,0.7668501366661156,0.42251049763221926,0.7080164622130334,0.598312240061861,0.5152828852217042,0.6584805851550118,0.7006906371000587,0.5249686876881113,0.6858178037491859,0.35900222273199434,0.6152967793700173,0.5210260600813845,0.5558052818893761,0.0,0.0,0.4835934004111865,0.5754562662209893,0.5842734495619721,0.6170236653345039,0.7806085794913434,0.0,0.48069484722366707,0.776592683499006,0.0,0.6754731707944208,0.5390486539850325,0.4705038321460373,0.6607025058018595,0.0,0.5745361045582966,0.4194156648791818,0.6220674622450315,0.6136821396433575,0.0,0.5359011486143836,0.45576872841852967,0.5268375285453819,0.601070262204823,0.6068774995984281,0.5142826542121861,0.5944163252289548
0.2370963170573836,0.19529302334800605,0.5214105250773626,0.4357213482913916,0.5119559474335165,0.48531685051340123,0.43515248203824775,0.5905145671763081,0.4810652536556259,0.6795428744887824,0.49135945003840464,0.5240891119661146,0.48720506404258707,0.3811086435035488,0.4559498214019556,0.20768666995477125,-0.08506801825328464,0.3028056864812305,0.5531361175639891,0.3858175066386479,0.0,0.35017894255916704,0.46794347672080605,0.35979709950446176,0.5088104331351344,0.3203797717454704,0.4455999836045581,0.5831401946654884,0.5180293570012657,0.6665264367503894,0.5939057418922085,0.3379912824086489,0.2802482629197487,0.3240051111396641,0.5647443420264292,0.4904643684088842,0.2935596215409747,0.5702240694353599,0.4557496631353246,0.471147368733318,0.41883530851745254,0.4679189815424627,0.5675112018033852,0.0,0.0,0.5764819322440237,0.38993724520802253,0.4177412957198004,0.0,0.0,0.6101191276491176,0.5868951682119041,0.24685666290158087,0.7254164890762047,0.7531374028152593,0.0,0.7831609734014872,0.6659325982843634,0.0,0.35413173919315055,0.4633617816281248,0.0,0.5090951296482962,0.0,0.45858857463992647,0.1692411937599131,0.5181071157688291,0.5169254743378223,0.5591322355482788,0.4535059838078309,0.4735946141159263,0.4711603079852504,0.5910890006376512,0.5414745232071148,0.23613133069325937,0.26782500409392607
0.35274142564398325,0.29843093469624693,0.5484585653554097,0.5245477391645802,0.47808053727545446,0.2823428702027923,0.5331297327131967,0.4222638615563531,0.49626970777227386,0.3433799059204276,0.45734318373666605,0.22224380435882854,0.4443888538149798,0.26647550560305583,0.08312100589234273,0.48687128221357207,0.48085798735841745,0.25000122893212723,0.4875754869434037,0.3640353281542229,0.35017894255916704,0.0,0.6540613520484786,0.7006460165770985,0.39315136609640106,0.32994331280669104,0.2426297780760866,0.5915382262608857,0.31076238093875974,0.6868202256769078,0.604550664535044,0.3909040268548829,0.3082241443821795,0.5770344482347147,0.6135067603357716,0.6665706766463593,0.6385166958174442,0.3953386263585943,0.44831060174518966,0.4682495406565939,0.4895983624218859,0.5534952830947912,0.44969518773578404,0.24654007703577452,0.4124797822188172,0.24486406072046776,0.5061524332749752,0.6352830024123781,0.47862824869097437,0.4095789153426169,0.6436939508191406,0.6038325518637575,0.6196422697595703,0.7144302027164953,0.3499590168753334,0.0,0.5136107085703931,0.5229582106977954,0.0,-0.30870843934946485,0.559460195398137,0.35184640294493363,0.5433632640467828,0.0,0.5956559999296287,0.4486862334990978,0.551240697818835,0.60246081504753,0.5885761524919839,0.35805578819234163,0.4035913704226154,0.5784459341879672,0.764509362288531,0.613717189008797,0.45196171069173374,0.5657110975733948
0.21197107322023767,0.472017562806473,0.3157487474019213,0.5767651696424185,0.5246592700939284,0.24705833077979986,0.5680947652413872,0.5820072155651951,0.4663682752054096,0.5387828981733154,0.7122212807925402,0.4798648944320591,0.6784771838543322,0.7433778103057139,0.5232103273220752,0.4162518792338034,0.39220746834002884,0.398229274852521,0.3338855895775069,0.4647351214925662,0.46794347672080605,0.6540613520484786,0.0,0.2908051399578503,0.502231061243446,0.34350474715613977,0.2917289768769533,0.585152360510607,0.4748535285804508,0.5631707297771733,0.6363595249097662,0.638387824270441,0.4994092926058399,0.599315257964955,0.5838676729342991,0.763280480073642,0.6641562997048769,0.3589815061424533,0.7286850805927871,0.4768788924796509,0.7045941699696913,0.7767214904256348,0.8227438080439983,0.8632682177634664,0.486704311582696,0.3004511714550683,0.607244524830155,0.8478871647391892,0.6891769241766945,0.7978536929710986,0.7759744008082441,0.6946213573387978,0.7492140463296544,0.7996117383208077,0.7700410733848297,0.8789462023879262,0.3032204715296106,0.6900759229473546,0.7360291489697836,0.6493048454058303,0.7462382385675861,0.4865016089631916,0.48973792465216615,0.8800631781625778,0.6739661527767641,0.5802795889148229,0.6649249953717173,0.8370609786287403,0.36044395782345706,0.6625862856171152,0.5149916916060298,0.6661686771996406,0.6902291966816227,0.7087126741841487,0.7120576956951309,0.6399940720513213
0.4142488101216828,0.4878022093066088,0.3744691150386787,0.3850440194164439,0.5503150261160874,0.2608828008832504,0.6377063714129703,0.2697772255474316,0.5911167571580134,0.5556794157327236,0.5245781673250391,0.328694666153303,0.7097234266226786,0.6200067933157943,0.4708573921800774,0.37935271181986496,0.36963747238323297,0.29634343000780633,0.3250471301392118,0.5609483684368537,0.35979709950446176,0.7006460165770985,0.2908051399578503,0.0,0.31175243616962545,0.3273550731902317,0.22181846523174356,0.38599629019559073,0.4568367101066997,0.6985736923082764,0.7919265515196761,0.11667222059147017,0.24456476150841489,0.26893049100607275,0.47432263961131294,0.4009354356492706,0.5857824924050993,0.3708778565423207,0.3175443829640579,0.6196022787058895,0.2949317985445643,0.7600445355982128,0.6818881736424299,0.57420185530479,0.5492255309790437,0.38677128763948926,0.6593622916780747,0.0,0.0,0.474886123577083,0.5323809500767619,0.38995147976531574,0.0,0.3154113080161154,0.6384726784273862,0.488761761527151,0.637720568965274,0.7834297736455691,0.0,0.37672084471795186,0.3257569759706053,0.4513386230755239,0.4891770892643437,0.46650651094889295,0.4062397286044851,0.2976705508496939,0.4805502149921618,0.6587733790775951,0.44614812503159074,0.5943011988915606,0.5432479976169503,0.4256349921623364,0.5377243444575888,0.9054572627480519,0.0,0.6427190040102699
0.3717676412447116,0.3710447911445603,0.5843670995257038,0.7916642983965149,0.5482228034823862,0.4667767338526151,0.5013601528901362,0.5573525112308486,0.6665816832040581,0.6390360501151857,0.6235647163513498,0.48572561409439285,0.537414460592718,0.4339258679823756,0.45817462331839176,0.5249901625798543,0.48686921926602017,0.600929249457733,0.5873858972862469,0.41780000587117205,0.5088104331351344,0.39315136609640106,0.502231061243446,0.31175243616962545,0.0,0.2577422310402318,0.4291587844968471,0.35453823064882467,0.2518850338065186,0.17252810273224112,0.5098262653734155,0.07362007887064831,0.1832480410527334,0.21800349815764394,0.209391323332434,0.3625434401973056,0.6262422685496136,0.431083372046665,0.6530501700761043,0.5787639782611551,0.5089938820776211,0.6321944906940573,0.3174551548857434,0.0,0.386275038313608,0.4444892697883793,0.623304329292495,0.0,0.0,0.0,0.42804069500423525,0.6686418212337811,0.700536968670018,1.329944091024632,0.6021172366109432,-0.2831464882661806,0.7172040706662705,0.5379148909815346,0.0,0.583533754307912,0.6600497481722187,0.5171742660956333,0.6837935569371353,0.0,0.5922536698458504,0.6093378435744485,0.560164128378919,0.43475585236578307,0.2980679763708526,0.6746009854616237,0.5928984181726271,0.40843486236803533,0.7913447058394567,0.35366046259582035,0.0,0.7069528365209949
0.39350816917978804,0.16029358702647567,0.5665373749540644,0.36925183122468386,0.5160649305859112,0.4832731119472918,0.4922272890420154,0.40779753319348266,0.680325865736382,0.5724982319165706,0.6865766275824232,0.4758424044929411,0.5150756547735795,0.33308451164416175,0.2756762115331932,0.22005637257123634,0.3328935414437898,0.4082093249395662,0.5961717310269311,0.25208783326031886,0.3203797717454704,0.32994331280669104,0.34350474715613977,0.3273550731902317,0.2577422310402318,0.0,0.42790113631810056,0.4140315130322979,0.25514278509706134,0.1465940686013565,0.368187036420766,0.12364175620399068,0.2135472471463113,0.15591904899327275,0.24716806403338615,0.43171583447361384,0.4735773596239206,0.25297003291653986,0.43183789748823675,0.48292948160068555,0.4706279655423117,0.4144103907866828,0.3187503186718825,0.5167714311250913,0.6892434573949786,0.2835218600797698,0.448769132456452,0.8071872610163323,0.0,0.009229711873439957,0.28657943324114976,0.1637601588000378,0.5515804116598186,0.4677513321381255,0.6113899786320263,0.0,0.7492134517395975,0.5587918746720264,0.0,0.3882834984444181,0.5037471625858637,0.4791723739181522,0.5905951545103855,0.0,0.3474872764712864,0.5205712012578458,0.5734940830209051,0.43667084461020483,0.3723193639996787,0.5924500793313393,0.44760469726276453,0.3397067845459253,0.636717976920367,0.3324591248489939,-0.4926663671006341,0.5213095468270521
0.3511234125884265,0.29562818000023366,0.3197335184906439,0.6208379394669701,0.5034483958475946,0.2511810429373072,0.4873349301252191,0.34784538482187904,0.4134184089706118,0.34408292487913483,0.5112932355544804,0.6297083188409638,0.5325904470358122,0.48984162349141175,0.22333141463589165,0.30526857089696263,0.028382503410021187,0.3370817844810016,0.587287045825705,0.2415186259966721,0.4455999836045581,0.2426297780760866,0.2917289768769533,0.22181846523174356,0.4291587844968471,0.42790113631810056,0.0,0.5543266275723264,0.17546217536635514,0.5100397221145923,0.46578239531177557,0.456890154437095,0.4380592461068959,0.41129494901813174,0.4629139019782932,0.5853789197658956,0.6298235892152501,0.5128281856271286,0.6495676594635853,0.08593180496119474,0.3288388133469211,0.6613946480160118,0.6443027403432278,0.7847265173426781,0.27007842115322356,0.2507085096436986,0.43493836313662754,0.6660732421584372,0.3594416580779305,0.6017912807539673,0.6651129124554952,0.5907950803079285,0.5827583784668651,0.7072547300516957,0.7986689193175496,0.7480477429558752,0.26477637717385805,0.6454340150234441,0.6559399101596197,0.5752981562291835,0.5955693232442347,0.0,0.3017199826526411,0.7245836313126939,0.604733584215853,0.5243885859667423,0.49913682577942053,0.5809037672180511,0.0,0.5189018257939934,0.37767412495571884,0.5833818649425186,0.6717222694954279,0.635984918389776,0.6039937228475906,0.5821282515572572
0.33982161041389125,0.2998183055734041,0.746921689909604,0.3557720198031177,0.8430152313241631,0.29488120574126253,0.46164931606271975,0.6406226749156854,0.7289443934008698,1.1159794560936895,0.6501526720998312,0.6249914602425984,0.5430338267974261,0.29249417501066366,0.48227642462524833,0.4147521616085521,0.6237078202435686,0.3589371356069292,0.6604525048665955,0.5517060403174945,0.5831401946654884,0.5915382262608857,0.585152360510607,0.38599629019559073,0.35453823064882467,0.4140315130322979,0.5543266275723264,0.0,0.4181654579830932,0.5057764848500139,0.6708048442639097,0.44337904769013664,0.5988647958935442,0.2528286747349515,0.35014551432450847,0.42649309782704603,0.32567949989575273,0.6703001194817204,0.793256898826223,0.9105748407973338,0.5741514371779137,0.7595289342531709,0.8137646519753092,0.1852444442319137,0.7247865130577209,0.5308858968774709,0.34406140217095654,0.6995578270989897,0.0,0.7411169742757747,0.8236678427860717,0.7098436149034536,0.7382313840609549,0.6816200888150032,0.6191884165217294,0.5962724889509806,0.33135340485948633,0.7807943322135151,0.43132865102455553,0.6052435922732184,0.4301571767216007,0.35232431658951163,0.3884801040216108,0.7900576093475625,0.747258353131002,0.6653629693471285,0.7041217958905539,0.7540823004564826,0.5272464954123539,0.6117301373824031,0.3037671494836479,0.7056287600254925,0.824155311161213,0.6899747596551011,0.7692568082597384,0.6892251673906373
0.4157268513502023,0.1952530969786353,0.579742246083057,0.42268697861566934,0.4518202674725602,0.27493111167469,0.4966659633005718,0.4046770815912274,0.414412470333558,0.2645446188471354,0.5011309299209723,0.5273078316958218,0.3796396418217679,0.43306557103902515,0.4309574519065929,0.25747620894927503,0.24159781723435236,0.24283254216531616,0.6717893270574264,0.44552114425425815,0.5180293570012657,0.31076238093875974,0.4748535285804508,0.4568367101066997,0.2518850338065186,0.25514278509706134,0.17546217536635514,0.4181654579830932,0.0,0.6783830018928017,0.4607996119773088,0.32200679016266137,0.29809616240839243,0.2821455118624021,0.345068858493787,0.4386380606125622,0.3581771706084812,0.6059262236572909,0.6694362255406144,0.624644404081566,0.6664998904667345,0.7110628762282525,0.48300066645221373,0.6423357339077493,0.49200273048204796,0.6403878697094766,0.3117114127425149,0.6145620827299286,0.4442676026533289,0.48732727554620825,0.6278040421839232,0.6128445950225914,0.6168297146035421,0.8054219877510856,0.7618215732645324,0.34857224807546183,0.4562558071037209,0.6435425440723564,0.5766288092647107,0.6880161399323055,0.658753774096535,0.4831191624776782,0.6769652664032613,0.5865481291093415,0.6931274901226661,0.5626291515916256,0.6762173963014274,0.6780408235752172,0.46485927810421357,0.5587628156263946,0.35977112582347204,0.6408506736711364,0.7218404555055098,0.6875388439684542,0.6217109208432583,0.6213401093382434
